cost_values:
  wind_capex: 5000.0
  wind_opex: 100
  wind_lifetime: 20
  solar_capex: 1000.0
  solar_opex: 10
  solar_lifetime: 20
  carbon_price: 1.0
timeseries_values:
  load_level: 270635.465085621
  wind_year: 2017
  solar_year: 2018
  price_year: 2023
  carbon_year: 2023
storage_values:
  CAES:
    cost: 50.2704
    lifetime: 21.4176
    annual_cost: 2.3471537427162708
    efficiency: 0.594748
    discharge_ratio: 0.1
    depth_of_discharge: 0.4
  Li-ion:
    cost: 170.099
    lifetime: 19.2166
    annual_cost: 8.851669910389974
    efficiency: 0.923563
    discharge_ratio: 2
    depth_of_discharge: 0.9
  Pb-acid:
    cost: 158.753
    lifetime: 7.99897
    annual_cost: 19.846680260083485
    efficiency: 0.708309
    discharge_ratio: 5
    depth_of_discharge: 0.5
  VRBF:
    cost: 271.719
    lifetime: 16.0582
    annual_cost: 16.920887770733955
    efficiency: 0.802647
    discharge_ratio: 0.5
    depth_of_discharge: 1.0
