cost_values:
  wind_capex: 5000.0
  wind_opex: 100
  wind_lifetime: 20
  solar_capex: 1000.0
  solar_opex: 10
  solar_lifetime: 20
  carbon_price: 1.0
timeseries_values:
  load_level: 270635.465085621
  wind_year: 2017
  solar_year: 2018
  price_year: 2023
  carbon_year: 2023
storage_values:
  CAES:
    cost: 56.3497
    lifetime: 24.1222
    annual_cost: 2.3360099825057414
    efficiency: 0.59771
    discharge_ratio: 0.1
    depth_of_discharge: 0.4
  Li-ion:
    cost: 167.651
    lifetime: 16.8664
    annual_cost: 9.93993976189347
    efficiency: 0.930736
    discharge_ratio: 2
    depth_of_discharge: 0.9
  Pb-acid:
    cost: 155.453
    lifetime: 7.28726
    annual_cost: 21.332160510260373
    efficiency: 0.703423
    discharge_ratio: 5
    depth_of_discharge: 0.5
  VRBF:
    cost: 304.33
    lifetime: 13.7124
    annual_cost: 22.19378081152825
    efficiency: 0.795469
    discharge_ratio: 0.5
    depth_of_discharge: 1.0
