cost_values:
  wind_capex: 5000.0
  wind_opex: 100
  wind_lifetime: 20
  solar_capex: 1000.0
  solar_opex: 10
  solar_lifetime: 20
  carbon_price: 1.0
timeseries_values:
  load_level: 270635.465085621
  wind_year: 2017
  solar_year: 2018
  price_year: 2023
  carbon_year: 2023
storage_values:
  CAES:
    cost: 51.7617
    lifetime: 22.7707
    annual_cost: 2.27317122442437
    efficiency: 0.603151
    discharge_ratio: 0.1
    depth_of_discharge: 0.4
  Li-ion:
    cost: 172.769
    lifetime: 18.249
    annual_cost: 9.46731327743986
    efficiency: 0.941203
    discharge_ratio: 2
    depth_of_discharge: 0.9
  Pb-acid:
    cost: 161.417
    lifetime: 7.32702
    annual_cost: 22.030375241230406
    efficiency: 0.720619
    discharge_ratio: 5
    depth_of_discharge: 0.5
  VRBF:
    cost: 309.882
    lifetime: 13.663
    annual_cost: 22.68037766229964
    efficiency: 0.805988
    discharge_ratio: 0.5
    depth_of_discharge: 1.0
