cost_values:
  wind_capex: 5000.0
  wind_opex: 100
  wind_lifetime: 20
  solar_capex: 1000.0
  solar_opex: 10
  solar_lifetime: 20
  carbon_price: 1.0
timeseries_values:
  load_level: 270635.465085621
  wind_year: 2017
  solar_year: 2018
  price_year: 2023
  carbon_year: 2023
storage_values:
  CAES:
    cost: 53.9865
    lifetime: 22.4606
    annual_cost: 2.4036089864028565
    efficiency: 0.587114
    discharge_ratio: 0.1
    depth_of_discharge: 0.4
  Li-ion:
    cost: 176.764
    lifetime: 16.3666
    annual_cost: 10.800288392213412
    efficiency: 0.934544
    discharge_ratio: 2
    depth_of_discharge: 0.9
  Pb-acid:
    cost: 152.07
    lifetime: 7.17083
    annual_cost: 21.20675012515985
    efficiency: 0.710087
    discharge_ratio: 5
    depth_of_discharge: 0.5
  VRBF:
    cost: 273.887
    lifetime: 15.5809
    annual_cost: 17.57838122316426
    efficiency: 0.805676
    discharge_ratio: 0.5
    depth_of_discharge: 1.0
