cost_values:
  wind_capex: 5000.0
  wind_opex: 100
  wind_lifetime: 20
  solar_capex: 1000.0
  solar_opex: 10
  solar_lifetime: 20
  carbon_price: 1.0
timeseries_values:
  load_level: 270635.465085621
  wind_year: 2017
  solar_year: 2018
  price_year: 2023
  carbon_year: 2023
storage_values:
  CAES:
    cost: 54.5027
    lifetime: 22.1797
    annual_cost: 2.457323588686952
    efficiency: 0.585207
    discharge_ratio: 0.1
    depth_of_discharge: 0.4
  Li-ion:
    cost: 184.064
    lifetime: 17.5292
    annual_cost: 10.500422152750838
    efficiency: 0.945448
    discharge_ratio: 2
    depth_of_discharge: 0.9
  Pb-acid:
    cost: 153.864
    lifetime: 7.61994
    annual_cost: 20.19228497862188
    efficiency: 0.697135
    discharge_ratio: 5
    depth_of_discharge: 0.5
  VRBF:
    cost: 298.304
    lifetime: 14.4282
    annual_cost: 20.675066882909857
    efficiency: 0.800598
    discharge_ratio: 0.5
    depth_of_discharge: 1.0
