cost_values:
  wind_capex: 5000.0
  wind_opex: 100
  wind_lifetime: 20
  solar_capex: 1000.0
  solar_opex: 10
  solar_lifetime: 20
  carbon_price: 1.0
timeseries_values:
  load_level: 270635.465085621
  wind_year: 2017
  solar_year: 2018
  price_year: 2023
  carbon_year: 2023
storage_values:
  CAES:
    cost: 47.3974
    lifetime: 23.459
    annual_cost: 2.0204356536936783
    efficiency: 0.586153
    discharge_ratio: 0.1
    depth_of_discharge: 0.4
  Li-ion:
    cost: 166.529
    lifetime: 17.6739
    annual_cost: 9.422311996786222
    efficiency: 0.946871
    discharge_ratio: 2
    depth_of_discharge: 0.9
  Pb-acid:
    cost: 156.212
    lifetime: 6.64772
    annual_cost: 23.498582972808723
    efficiency: 0.683312
    discharge_ratio: 5
    depth_of_discharge: 0.5
  VRBF:
    cost: 298.167
    lifetime: 14.1201
    annual_cost: 21.116493509252763
    efficiency: 0.816197
    discharge_ratio: 0.5
    depth_of_discharge: 1.0
