cost_values:
  wind_capex: 5000.0
  wind_opex: 100
  wind_lifetime: 20
  solar_capex: 1000.0
  solar_opex: 10
  solar_lifetime: 20
  carbon_price: 1.0
timeseries_values:
  load_level: 270635.465085621
  wind_year: 2017
  solar_year: 2018
  price_year: 2023
  carbon_year: 2023
storage_values:
  CAES:
    cost: 57.4271
    lifetime: 22.3946
    annual_cost: 2.5643280076447
    efficiency: 0.590952
    discharge_ratio: 0.1
    depth_of_discharge: 0.4
  Li-ion:
    cost: 176.083
    lifetime: 18.8241
    annual_cost: 9.354125828060836
    efficiency: 0.937925
    discharge_ratio: 2
    depth_of_discharge: 0.9
  Pb-acid:
    cost: 143.871
    lifetime: 8.09025
    annual_cost: 17.783257624918885
    efficiency: 0.689033
    discharge_ratio: 5
    depth_of_discharge: 0.5
  VRBF:
    cost: 304.549
    lifetime: 16.3662
    annual_cost: 18.60841245982574
    efficiency: 0.811029
    discharge_ratio: 0.5
    depth_of_discharge: 1.0
