cost_values:
  wind_capex: 5000.0
  wind_opex: 100
  wind_lifetime: 20
  solar_capex: 1000.0
  solar_opex: 10
  solar_lifetime: 20
  carbon_price: 1.0
timeseries_values:
  load_level: 270635.465085621
  wind_year: 2017
  solar_year: 2018
  price_year: 2023
  carbon_year: 2023
storage_values:
  CAES:
    cost: 54.629
    lifetime: 23.0535
    annual_cost: 2.3696618734682366
    efficiency: 0.581681
    discharge_ratio: 0.1
    depth_of_discharge: 0.4
  Li-ion:
    cost: 167.426
    lifetime: 19.1142
    annual_cost: 8.759247051929979
    efficiency: 0.958581
    discharge_ratio: 2
    depth_of_discharge: 0.9
  Pb-acid:
    cost: 164.927
    lifetime: 8.60409
    annual_cost: 19.168441985148924
    efficiency: 0.708988
    discharge_ratio: 5
    depth_of_discharge: 0.5
  VRBF:
    cost: 318.958
    lifetime: 13.2908
    annual_cost: 23.99840491166822
    efficiency: 0.807911
    discharge_ratio: 0.5
    depth_of_discharge: 1.0
