cost_values:
  wind_capex: 5000.0
  wind_opex: 100
  wind_lifetime: 20
  solar_capex: 1000.0
  solar_opex: 10
  solar_lifetime: 20
  carbon_price: 1.0
timeseries_values:
  load_level: 270635.465085621
  wind_year: 2017
  solar_year: 2018
  price_year: 2023
  carbon_year: 2023
storage_values:
  CAES:
    cost: 53.5963
    lifetime: 22.5245
    annual_cost: 2.379466802814713
    efficiency: 0.597106
    discharge_ratio: 0.1
    depth_of_discharge: 0.4
  Li-ion:
    cost: 184.748
    lifetime: 18.8097
    annual_cost: 9.821953566510896
    efficiency: 0.936378
    discharge_ratio: 2
    depth_of_discharge: 0.9
  Pb-acid:
    cost: 167.2
    lifetime: 7.40756
    annual_cost: 22.571535026378456
    efficiency: 0.6914
    discharge_ratio: 5
    depth_of_discharge: 0.5
  VRBF:
    cost: 302.61
    lifetime: 14.0467
    annual_cost: 21.543138245993724
    efficiency: 0.823703
    discharge_ratio: 0.5
    depth_of_discharge: 1.0
