cost_values:
  wind_capex: 5000.0
  wind_opex: 100
  wind_lifetime: 20
  solar_capex: 1000.0
  solar_opex: 10
  solar_lifetime: 20
  carbon_price: 1.0
timeseries_values:
  load_level: 270635.465085621
  wind_year: 2017
  solar_year: 2018
  price_year: 2023
  carbon_year: 2023
storage_values:
  CAES:
    cost: 43.7732
    lifetime: 22.7389
    annual_cost: 1.9250359516071578
    efficiency: 0.601708
    discharge_ratio: 0.1
    depth_of_discharge: 0.4
  Li-ion:
    cost: 192.982
    lifetime: 17.7257
    annual_cost: 10.887129986403922
    efficiency: 0.915544
    discharge_ratio: 2
    depth_of_discharge: 0.9
  Pb-acid:
    cost: 144.792
    lifetime: 8.31975
    annual_cost: 17.403407554313528
    efficiency: 0.701557
    discharge_ratio: 5
    depth_of_discharge: 0.5
  VRBF:
    cost: 283.999
    lifetime: 13.4647
    annual_cost: 21.09211493757752
    efficiency: 0.782921
    discharge_ratio: 0.5
    depth_of_discharge: 1.0
