cost_values:
  wind_capex: 5000.0
  wind_opex: 100
  wind_lifetime: 20
  solar_capex: 1000.0
  solar_opex: 10
  solar_lifetime: 20
  carbon_price: 1.0
timeseries_values:
  load_level: 270635.465085621
  wind_year: 2017
  solar_year: 2018
  price_year: 2023
  carbon_year: 2023
storage_values:
  CAES:
    cost: 52.2608
    lifetime: 22.7973
    annual_cost: 2.2924118206980655
    efficiency: 0.600909
    discharge_ratio: 0.1
    depth_of_discharge: 0.4
  Li-ion:
    cost: 175.064
    lifetime: 18.388
    annual_cost: 9.52055688492495
    efficiency: 0.919355
    discharge_ratio: 2
    depth_of_discharge: 0.9
  Pb-acid:
    cost: 163.435
    lifetime: 8.14769
    annual_cost: 20.059059684401344
    efficiency: 0.692469
    discharge_ratio: 5
    depth_of_discharge: 0.5
  VRBF:
    cost: 294.486
    lifetime: 14.3542
    annual_cost: 20.515667888144236
    efficiency: 0.812236
    discharge_ratio: 0.5
    depth_of_discharge: 1.0
