cost_values:
  wind_capex: 5000.0
  wind_opex: 100
  wind_lifetime: 20
  solar_capex: 1000.0
  solar_opex: 10
  solar_lifetime: 20
  carbon_price: 1.0
timeseries_values:
  load_level: 270635.465085621
  wind_year: 2017
  solar_year: 2018
  price_year: 2023
  carbon_year: 2023
storage_values:
  CAES:
    cost: 48.6474
    lifetime: 22.0206
    annual_cost: 2.2091768616658944
    efficiency: 0.5969
    discharge_ratio: 0.1
    depth_of_discharge: 0.4
  Li-ion:
    cost: 182.002
    lifetime: 16.877
    annual_cost: 10.784025596966286
    efficiency: 0.930189
    discharge_ratio: 2
    depth_of_discharge: 0.9
  Pb-acid:
    cost: 150.679
    lifetime: 8.47732
    annual_cost: 17.774367370820023
    efficiency: 0.715916
    discharge_ratio: 5
    depth_of_discharge: 0.5
  VRBF:
    cost: 334.192
    lifetime: 14.076
    annual_cost: 23.74197215117931
    efficiency: 0.806533
    discharge_ratio: 0.5
    depth_of_discharge: 1.0
