cost_values:
  wind_capex: 5000.0
  wind_opex: 100
  wind_lifetime: 20
  solar_capex: 1000.0
  solar_opex: 10
  solar_lifetime: 20
  carbon_price: 1.0
timeseries_values:
  load_level: 270635.465085621
  wind_year: 2017
  solar_year: 2018
  price_year: 2023
  carbon_year: 2023
storage_values:
  CAES:
    cost: 45.4956
    lifetime: 22.3144
    annual_cost: 2.0388448714731298
    efficiency: 0.587488
    discharge_ratio: 0.1
    depth_of_discharge: 0.4
  Li-ion:
    cost: 167.736
    lifetime: 18.0331
    annual_cost: 9.30156212742124
    efficiency: 0.939503
    discharge_ratio: 2
    depth_of_discharge: 0.9
  Pb-acid:
    cost: 189.206
    lifetime: 7.50745
    annual_cost: 25.202432250631038
    efficiency: 0.700495
    discharge_ratio: 5
    depth_of_discharge: 0.5
  VRBF:
    cost: 312.147
    lifetime: 13.4586
    annual_cost: 23.193125585127724
    efficiency: 0.792478
    discharge_ratio: 0.5
    depth_of_discharge: 1.0
