cost_values:
  wind_capex: 5000.0
  wind_opex: 100
  wind_lifetime: 20
  solar_capex: 1000.0
  solar_opex: 10
  solar_lifetime: 20
  carbon_price: 1.0
timeseries_values:
  load_level: 270635.465085621
  wind_year: 2017
  solar_year: 2018
  price_year: 2023
  carbon_year: 2023
storage_values:
  CAES:
    cost: 47.3076
    lifetime: 22.3603
    annual_cost: 2.115696122145052
    efficiency: 0.581463
    discharge_ratio: 0.1
    depth_of_discharge: 0.4
  Li-ion:
    cost: 180.705
    lifetime: 19.3265
    annual_cost: 9.3501151268983
    efficiency: 0.929998
    discharge_ratio: 2
    depth_of_discharge: 0.9
  Pb-acid:
    cost: 144.604
    lifetime: 6.92741
    annual_cost: 20.874179527413567
    efficiency: 0.696036
    discharge_ratio: 5
    depth_of_discharge: 0.5
  VRBF:
    cost: 292.781
    lifetime: 13.1732
    annual_cost: 22.22550329456776
    efficiency: 0.812161
    discharge_ratio: 0.5
    depth_of_discharge: 1.0
