cost_values:
  wind_capex: 5000.0
  wind_opex: 100
  wind_lifetime: 20
  solar_capex: 1000.0
  solar_opex: 10
  solar_lifetime: 20
  carbon_price: 1.0
timeseries_values:
  load_level: 270635.465085621
  wind_year: 2017
  solar_year: 2018
  price_year: 2023
  carbon_year: 2023
storage_values:
  CAES:
    cost: 48.6304
    lifetime: 21.7072
    annual_cost: 2.2402889363897693
    efficiency: 0.595974
    discharge_ratio: 0.1
    depth_of_discharge: 0.4
  Li-ion:
    cost: 172.263
    lifetime: 17.7601
    annual_cost: 9.699438629286997
    efficiency: 0.93313
    discharge_ratio: 2
    depth_of_discharge: 0.9
  Pb-acid:
    cost: 141.676
    lifetime: 7.0078
    annual_cost: 20.216901167270755
    efficiency: 0.682204
    discharge_ratio: 5
    depth_of_discharge: 0.5
  VRBF:
    cost: 281.891
    lifetime: 14.103
    annual_cost: 19.98801673402822
    efficiency: 0.802156
    discharge_ratio: 0.5
    depth_of_discharge: 1.0
