cost_values:
  wind_capex: 5000.0
  wind_opex: 100
  wind_lifetime: 20
  solar_capex: 1000.0
  solar_opex: 10
  solar_lifetime: 20
  carbon_price: 1.0
timeseries_values:
  load_level: 270635.465085621
  wind_year: 2017
  solar_year: 2018
  price_year: 2023
  carbon_year: 2023
storage_values:
  CAES:
    cost: 53.0869
    lifetime: 23.529
    annual_cost: 2.2562327340728463
    efficiency: 0.588769
    discharge_ratio: 0.1
    depth_of_discharge: 0.4
  Li-ion:
    cost: 208.929
    lifetime: 18.3581
    annual_cost: 11.380752910159549
    efficiency: 0.93568
    discharge_ratio: 2
    depth_of_discharge: 0.9
  Pb-acid:
    cost: 159.747
    lifetime: 8.07368
    annual_cost: 19.78614460815886
    efficiency: 0.699763
    discharge_ratio: 5
    depth_of_discharge: 0.5
  VRBF:
    cost: 272.602
    lifetime: 11.9625
    annual_cost: 22.788045977011492
    efficiency: 0.799446
    discharge_ratio: 0.5
    depth_of_discharge: 1.0
