cost_values:
  wind_capex: 5000.0
  wind_opex: 100
  wind_lifetime: 20
  solar_capex: 1000.0
  solar_opex: 10
  solar_lifetime: 20
  carbon_price: 1.0
timeseries_values:
  load_level: 270635.465085621
  wind_year: 2017
  solar_year: 2018
  price_year: 2023
  carbon_year: 2023
storage_values:
  CAES:
    cost: 50.1524
    lifetime: 22.9713
    annual_cost: 2.1832634635392862
    efficiency: 0.594237
    discharge_ratio: 0.1
    depth_of_discharge: 0.4
  Li-ion:
    cost: 178.523
    lifetime: 18.6853
    annual_cost: 9.554195008910748
    efficiency: 0.947996
    discharge_ratio: 2
    depth_of_discharge: 0.9
  Pb-acid:
    cost: 170.976
    lifetime: 6.89452
    annual_cost: 24.798825734061253
    efficiency: 0.709422
    discharge_ratio: 5
    depth_of_discharge: 0.5
  VRBF:
    cost: 311.024
    lifetime: 12.2125
    annual_cost: 25.467676560900717
    efficiency: 0.798756
    discharge_ratio: 0.5
    depth_of_discharge: 1.0
