cost_values:
  wind_capex: 5000.0
  wind_opex: 100
  wind_lifetime: 20
  solar_capex: 1000.0
  solar_opex: 10
  solar_lifetime: 20
  carbon_price: 1.0
timeseries_values:
  load_level: 270635.465085621
  wind_year: 2017
  solar_year: 2018
  price_year: 2023
  carbon_year: 2023
storage_values:
  CAES:
    cost: 50.1226
    lifetime: 23.3849
    annual_cost: 2.143374570770027
    efficiency: 0.596622
    discharge_ratio: 0.1
    depth_of_discharge: 0.4
  Li-ion:
    cost: 181.149
    lifetime: 18.0475
    annual_cost: 10.037345892782934
    efficiency: 0.918496
    discharge_ratio: 2
    depth_of_discharge: 0.9
  Pb-acid:
    cost: 156.695
    lifetime: 6.04432
    annual_cost: 25.9243388834476
    efficiency: 0.698318
    discharge_ratio: 5
    depth_of_discharge: 0.5
  VRBF:
    cost: 288.138
    lifetime: 14.444
    annual_cost: 19.948629188590417
    efficiency: 0.796268
    discharge_ratio: 0.5
    depth_of_discharge: 1.0
