cost_values:
  wind_capex: 5000.0
  wind_opex: 100
  wind_lifetime: 20
  solar_capex: 1000.0
  solar_opex: 10
  solar_lifetime: 20
  carbon_price: 1.0
timeseries_values:
  load_level: 270635.465085621
  wind_year: 2017
  solar_year: 2018
  price_year: 2023
  carbon_year: 2023
storage_values:
  CAES:
    cost: 46.542
    lifetime: 22.6146
    annual_cost: 2.058050993605901
    efficiency: 0.588522
    discharge_ratio: 0.1
    depth_of_discharge: 0.4
  Li-ion:
    cost: 168.866
    lifetime: 16.188
    annual_cost: 10.431554237706946
    efficiency: 0.951515
    discharge_ratio: 2
    depth_of_discharge: 0.9
  Pb-acid:
    cost: 146.081
    lifetime: 7.73313
    annual_cost: 18.890281166875507
    efficiency: 0.699082
    discharge_ratio: 5
    depth_of_discharge: 0.5
  VRBF:
    cost: 303.86
    lifetime: 13.096
    annual_cost: 23.20250458155162
    efficiency: 0.804517
    discharge_ratio: 0.5
    depth_of_discharge: 1.0
