cost_values:
  wind_capex: 5000.0
  wind_opex: 100
  wind_lifetime: 20
  solar_capex: 1000.0
  solar_opex: 10
  solar_lifetime: 20
  carbon_price: 1.0
timeseries_values:
  load_level: 270635.465085621
  wind_year: 2017
  solar_year: 2018
  price_year: 2023
  carbon_year: 2023
storage_values:
  CAES:
    cost: 56.3451
    lifetime: 22.1813
    annual_cost: 2.5402072917277168
    efficiency: 0.589979
    discharge_ratio: 0.1
    depth_of_discharge: 0.4
  Li-ion:
    cost: 167.044
    lifetime: 16.3688
    annual_cost: 10.205024192365965
    efficiency: 0.9386
    discharge_ratio: 2
    depth_of_discharge: 0.9
  Pb-acid:
    cost: 167.377
    lifetime: 9.43347
    annual_cost: 17.74288782388665
    efficiency: 0.696171
    discharge_ratio: 5
    depth_of_discharge: 0.5
  VRBF:
    cost: 283.588
    lifetime: 12.8722
    annual_cost: 22.031043644443066
    efficiency: 0.819513
    discharge_ratio: 0.5
    depth_of_discharge: 1.0
