cost_values:
  wind_capex: 5000.0
  wind_opex: 100
  wind_lifetime: 20
  solar_capex: 1000.0
  solar_opex: 10
  solar_lifetime: 20
  carbon_price: 1.0
timeseries_values:
  load_level: 270635.465085621
  wind_year: 2017
  solar_year: 2018
  price_year: 2023
  carbon_year: 2023
storage_values:
  CAES:
    cost: 59.6589
    lifetime: 22.2464
    annual_cost: 2.6817327747410817
    efficiency: 0.59547
    discharge_ratio: 0.1
    depth_of_discharge: 0.4
  Li-ion:
    cost: 176.857
    lifetime: 19.5681
    annual_cost: 9.038026175254624
    efficiency: 0.93949
    discharge_ratio: 2
    depth_of_discharge: 0.9
  Pb-acid:
    cost: 150.272
    lifetime: 8.88233
    annual_cost: 16.91808343081151
    efficiency: 0.703711
    discharge_ratio: 5
    depth_of_discharge: 0.5
  VRBF:
    cost: 302.597
    lifetime: 12.088
    annual_cost: 25.032842488418265
    efficiency: 0.813251
    discharge_ratio: 0.5
    depth_of_discharge: 1.0
