cost_values:
  wind_capex: 5000.0
  wind_opex: 100
  wind_lifetime: 20
  solar_capex: 1000.0
  solar_opex: 10
  solar_lifetime: 20
  carbon_price: 1.0
timeseries_values:
  load_level: 270635.465085621
  wind_year: 2017
  solar_year: 2018
  price_year: 2023
  carbon_year: 2023
storage_values:
  CAES:
    cost: 54.9777
    lifetime: 22.3111
    annual_cost: 2.46414116740098
    efficiency: 0.597929
    discharge_ratio: 0.1
    depth_of_discharge: 0.4
  Li-ion:
    cost: 189.337
    lifetime: 15.08
    annual_cost: 12.55550397877984
    efficiency: 0.920468
    discharge_ratio: 2
    depth_of_discharge: 0.9
  Pb-acid:
    cost: 182.197
    lifetime: 8.21845
    annual_cost: 22.169265494101683
    efficiency: 0.70611
    discharge_ratio: 5
    depth_of_discharge: 0.5
  VRBF:
    cost: 290.92
    lifetime: 15.5953
    annual_cost: 18.65433816598591
    efficiency: 0.79921
    discharge_ratio: 0.5
    depth_of_discharge: 1.0
