cost_values:
  wind_capex: 5000.0
  wind_opex: 100
  wind_lifetime: 20
  solar_capex: 1000.0
  solar_opex: 10
  solar_lifetime: 20
  carbon_price: 1.0
timeseries_values:
  load_level: 270635.465085621
  wind_year: 2017
  solar_year: 2018
  price_year: 2023
  carbon_year: 2023
storage_values:
  CAES:
    cost: 54.1294
    lifetime: 23.4646
    annual_cost: 2.306853728595416
    efficiency: 0.593228
    discharge_ratio: 0.1
    depth_of_discharge: 0.4
  Li-ion:
    cost: 187.479
    lifetime: 18.6943
    annual_cost: 10.028671841149443
    efficiency: 0.930651
    discharge_ratio: 2
    depth_of_discharge: 0.9
  Pb-acid:
    cost: 167.579
    lifetime: 6.01779
    annual_cost: 27.847266189082706
    efficiency: 0.694539
    discharge_ratio: 5
    depth_of_discharge: 0.5
  VRBF:
    cost: 287.681
    lifetime: 15.2298
    annual_cost: 18.88934851409736
    efficiency: 0.811951
    discharge_ratio: 0.5
    depth_of_discharge: 1.0
