cost_values:
  wind_capex: 5000.0
  wind_opex: 100
  wind_lifetime: 20
  solar_capex: 1000.0
  solar_opex: 10
  solar_lifetime: 20
  carbon_price: 1.0
timeseries_values:
  load_level: 270635.465085621
  wind_year: 2017
  solar_year: 2018
  price_year: 2023
  carbon_year: 2023
storage_values:
  CAES:
    cost: 58.4908
    lifetime: 22.467
    annual_cost: 2.6034094449637246
    efficiency: 0.597391
    discharge_ratio: 0.1
    depth_of_discharge: 0.4
  Li-ion:
    cost: 186.904
    lifetime: 16.9691
    annual_cost: 11.014373184199515
    efficiency: 0.938699
    discharge_ratio: 2
    depth_of_discharge: 0.9
  Pb-acid:
    cost: 148.379
    lifetime: 6.52987
    annual_cost: 22.72311699926645
    efficiency: 0.686844
    discharge_ratio: 5
    depth_of_discharge: 0.5
  VRBF:
    cost: 293.325
    lifetime: 13.1236
    annual_cost: 22.35095553049468
    efficiency: 0.835342
    discharge_ratio: 0.5
    depth_of_discharge: 1.0
