cost_values:
  wind_capex: 5000.0
  wind_opex: 100
  wind_lifetime: 20
  solar_capex: 1000.0
  solar_opex: 10
  solar_lifetime: 20
  carbon_price: 1.0
timeseries_values:
  load_level: 270635.465085621
  wind_year: 2017
  solar_year: 2018
  price_year: 2023
  carbon_year: 2023
storage_values:
  CAES:
    cost: 48.3967
    lifetime: 22.1617
    annual_cost: 2.183799076785626
    efficiency: 0.599531
    discharge_ratio: 0.1
    depth_of_discharge: 0.4
  Li-ion:
    cost: 162.703
    lifetime: 16.6829
    annual_cost: 9.752680888814295
    efficiency: 0.941741
    discharge_ratio: 2
    depth_of_discharge: 0.9
  Pb-acid:
    cost: 150.809
    lifetime: 6.70777
    annual_cost: 22.482732711467445
    efficiency: 0.693218
    discharge_ratio: 5
    depth_of_discharge: 0.5
  VRBF:
    cost: 294.811
    lifetime: 12.484
    annual_cost: 23.61510733739186
    efficiency: 0.795965
    discharge_ratio: 0.5
    depth_of_discharge: 1.0
