cost_values:
  wind_capex: 5000.0
  wind_opex: 100
  wind_lifetime: 20
  solar_capex: 1000.0
  solar_opex: 10
  solar_lifetime: 20
  carbon_price: 1.0
timeseries_values:
  load_level: 270635.465085621
  wind_year: 2017
  solar_year: 2018
  price_year: 2023
  carbon_year: 2023
storage_values:
  CAES:
    cost: 53.5149
    lifetime: 22.886
    annual_cost: 2.33832474001573
    efficiency: 0.587699
    discharge_ratio: 0.1
    depth_of_discharge: 0.4
  Li-ion:
    cost: 161.661
    lifetime: 16.6758
    annual_cost: 9.694347497571332
    efficiency: 0.925593
    discharge_ratio: 2
    depth_of_discharge: 0.9
  Pb-acid:
    cost: 164.865
    lifetime: 6.78703
    annual_cost: 24.291184803956963
    efficiency: 0.693434
    discharge_ratio: 5
    depth_of_discharge: 0.5
  VRBF:
    cost: 323.449
    lifetime: 14.5609
    annual_cost: 22.21353075702738
    efficiency: 0.792679
    discharge_ratio: 0.5
    depth_of_discharge: 1.0
