cost_values:
  wind_capex: 5000.0
  wind_opex: 100
  wind_lifetime: 20
  solar_capex: 1000.0
  solar_opex: 10
  solar_lifetime: 20
  carbon_price: 1.0
timeseries_values:
  load_level: 270635.465085621
  wind_year: 2017
  solar_year: 2018
  price_year: 2023
  carbon_year: 2023
storage_values:
  CAES:
    cost: 46.3415
    lifetime: 22.7632
    annual_cost: 2.035807795037605
    efficiency: 0.600841
    discharge_ratio: 0.1
    depth_of_discharge: 0.4
  Li-ion:
    cost: 182.65
    lifetime: 17.2905
    annual_cost: 10.563604291373876
    efficiency: 0.922313
    discharge_ratio: 2
    depth_of_discharge: 0.9
  Pb-acid:
    cost: 174.143
    lifetime: 7.67486
    annual_cost: 22.6900555840758
    efficiency: 0.703056
    discharge_ratio: 5
    depth_of_discharge: 0.5
  VRBF:
    cost: 325.47
    lifetime: 13.5485
    annual_cost: 24.022585526072998
    efficiency: 0.792319
    discharge_ratio: 0.5
    depth_of_discharge: 1.0
