cost_values:
  wind_capex: 5000.0
  wind_opex: 100
  wind_lifetime: 20
  solar_capex: 1000.0
  solar_opex: 10
  solar_lifetime: 20
  carbon_price: 1.0
timeseries_values:
  load_level: 270635.465085621
  wind_year: 2017
  solar_year: 2018
  price_year: 2023
  carbon_year: 2023
storage_values:
  CAES:
    cost: 54.9927
    lifetime: 22.8691
    annual_cost: 2.404672680603959
    efficiency: 0.593151
    discharge_ratio: 0.1
    depth_of_discharge: 0.4
  Li-ion:
    cost: 168.435
    lifetime: 17.1801
    annual_cost: 9.804075645659804
    efficiency: 0.934829
    discharge_ratio: 2
    depth_of_discharge: 0.9
  Pb-acid:
    cost: 160.546
    lifetime: 8.21254
    annual_cost: 19.548884997820405
    efficiency: 0.68251
    discharge_ratio: 5
    depth_of_discharge: 0.5
  VRBF:
    cost: 299.204
    lifetime: 12.2025
    annual_cost: 24.519893464454004
    efficiency: 0.785558
    discharge_ratio: 0.5
    depth_of_discharge: 1.0
