cost_values:
  wind_capex: 5000.0
  wind_opex: 100
  wind_lifetime: 20
  solar_capex: 1000.0
  solar_opex: 10
  solar_lifetime: 20
  carbon_price: 1.0
timeseries_values:
  load_level: 270635.465085621
  wind_year: 2017
  solar_year: 2018
  price_year: 2023
  carbon_year: 2023
storage_values:
  CAES:
    cost: 47.5672
    lifetime: 23.242
    annual_cost: 2.0466052835384216
    efficiency: 0.604429
    discharge_ratio: 0.1
    depth_of_discharge: 0.4
  Li-ion:
    cost: 175.566
    lifetime: 18.9784
    annual_cost: 9.250832525397293
    efficiency: 0.919807
    discharge_ratio: 2
    depth_of_discharge: 0.9
  Pb-acid:
    cost: 154.76
    lifetime: 6.29768
    annual_cost: 24.574128885557855
    efficiency: 0.694175
    discharge_ratio: 5
    depth_of_discharge: 0.5
  VRBF:
    cost: 325.048
    lifetime: 13.8264
    annual_cost: 23.50922872186542
    efficiency: 0.791256
    discharge_ratio: 0.5
    depth_of_discharge: 1.0
