cost_values:
  wind_capex: 5000.0
  wind_opex: 100
  wind_lifetime: 20
  solar_capex: 1000.0
  solar_opex: 10
  solar_lifetime: 20
  carbon_price: 1.0
timeseries_values:
  load_level: 270635.465085621
  wind_year: 2017
  solar_year: 2018
  price_year: 2023
  carbon_year: 2023
storage_values:
  CAES:
    cost: 47.0643
    lifetime: 23.1338
    annual_cost: 2.0344387865374474
    efficiency: 0.592587
    discharge_ratio: 0.1
    depth_of_discharge: 0.4
  Li-ion:
    cost: 179.993
    lifetime: 17.2152
    annual_cost: 10.455469585017891
    efficiency: 0.935216
    discharge_ratio: 2
    depth_of_discharge: 0.9
  Pb-acid:
    cost: 161.696
    lifetime: 7.08117
    annual_cost: 22.834644557325976
    efficiency: 0.691
    discharge_ratio: 5
    depth_of_discharge: 0.5
  VRBF:
    cost: 278.376
    lifetime: 13.1782
    annual_cost: 21.123977477956014
    efficiency: 0.800434
    discharge_ratio: 0.5
    depth_of_discharge: 1.0
