cost_values:
  wind_capex: 5000.0
  wind_opex: 100
  wind_lifetime: 20
  solar_capex: 1000.0
  solar_opex: 10
  solar_lifetime: 20
  carbon_price: 1.0
timeseries_values:
  load_level: 270635.465085621
  wind_year: 2017
  solar_year: 2018
  price_year: 2023
  carbon_year: 2023
storage_values:
  CAES:
    cost: 48.4249
    lifetime: 22.4595
    annual_cost: 2.1560987555377458
    efficiency: 0.595874
    discharge_ratio: 0.1
    depth_of_discharge: 0.4
  Li-ion:
    cost: 174.977
    lifetime: 16.4378
    annual_cost: 10.64479431554101
    efficiency: 0.926628
    discharge_ratio: 2
    depth_of_discharge: 0.9
  Pb-acid:
    cost: 155.885
    lifetime: 7.95821
    annual_cost: 19.587947540967125
    efficiency: 0.697764
    discharge_ratio: 5
    depth_of_discharge: 0.5
  VRBF:
    cost: 321.171
    lifetime: 13.2101
    annual_cost: 24.312533591721483
    efficiency: 0.835695
    discharge_ratio: 0.5
    depth_of_discharge: 1.0
