cost_values:
  wind_capex: 5000.0
  wind_opex: 100
  wind_lifetime: 20
  solar_capex: 1000.0
  solar_opex: 10
  solar_lifetime: 20
  carbon_price: 1.0
timeseries_values:
  load_level: 270635.465085621
  wind_year: 2017
  solar_year: 2018
  price_year: 2023
  carbon_year: 2023
storage_values:
  CAES:
    cost: 51.9845
    lifetime: 22.0314
    annual_cost: 2.359564076726853
    efficiency: 0.589204
    discharge_ratio: 0.1
    depth_of_discharge: 0.4
  Li-ion:
    cost: 195.412
    lifetime: 16.8381
    annual_cost: 11.605347396677772
    efficiency: 0.925109
    discharge_ratio: 2
    depth_of_discharge: 0.9
  Pb-acid:
    cost: 163.01
    lifetime: 7.90338
    annual_cost: 20.625352697200437
    efficiency: 0.710062
    discharge_ratio: 5
    depth_of_discharge: 0.5
  VRBF:
    cost: 296.058
    lifetime: 14.5159
    annual_cost: 20.39542846120461
    efficiency: 0.796038
    discharge_ratio: 0.5
    depth_of_discharge: 1.0
