cost_values:
  wind_capex: 5000.0
  wind_opex: 100
  wind_lifetime: 20
  solar_capex: 1000.0
  solar_opex: 10
  solar_lifetime: 20
  carbon_price: 1.0
timeseries_values:
  load_level: 270635.465085621
  wind_year: 2017
  solar_year: 2018
  price_year: 2023
  carbon_year: 2023
storage_values:
  CAES:
    cost: 50.7517
    lifetime: 23.121
    annual_cost: 2.195047792050517
    efficiency: 0.591407
    discharge_ratio: 0.1
    depth_of_discharge: 0.4
  Li-ion:
    cost: 186.651
    lifetime: 20.8071
    annual_cost: 8.970543708637917
    efficiency: 0.924831
    discharge_ratio: 2
    depth_of_discharge: 0.9
  Pb-acid:
    cost: 138.234
    lifetime: 9.06863
    annual_cost: 15.243096255994566
    efficiency: 0.701034
    discharge_ratio: 5
    depth_of_discharge: 0.5
  VRBF:
    cost: 281.94
    lifetime: 15.8022
    annual_cost: 17.84181949348825
    efficiency: 0.806147
    discharge_ratio: 0.5
    depth_of_discharge: 1.0
