cost_values:
  wind_capex: 5000.0
  wind_opex: 100
  wind_lifetime: 20
  solar_capex: 1000.0
  solar_opex: 10
  solar_lifetime: 20
  carbon_price: 1.0
timeseries_values:
  load_level: 270635.465085621
  wind_year: 2017
  solar_year: 2018
  price_year: 2023
  carbon_year: 2023
storage_values:
  CAES:
    cost: 48.5267
    lifetime: 22.1395
    annual_cost: 2.191860701461189
    efficiency: 0.58987
    discharge_ratio: 0.1
    depth_of_discharge: 0.4
  Li-ion:
    cost: 185.606
    lifetime: 16.7283
    annual_cost: 11.09532947161397
    efficiency: 0.941318
    discharge_ratio: 2
    depth_of_discharge: 0.9
  Pb-acid:
    cost: 164.9
    lifetime: 7.77627
    annual_cost: 21.20553941671264
    efficiency: 0.703132
    discharge_ratio: 5
    depth_of_discharge: 0.5
  VRBF:
    cost: 292.085
    lifetime: 15.2933
    annual_cost: 19.098886440467393
    efficiency: 0.80098
    discharge_ratio: 0.5
    depth_of_discharge: 1.0
