cost_values:
  wind_capex: 5000.0
  wind_opex: 100
  wind_lifetime: 20
  solar_capex: 1000.0
  solar_opex: 10
  solar_lifetime: 20
  carbon_price: 1.0
timeseries_values:
  load_level: 270635.465085621
  wind_year: 2017
  solar_year: 2018
  price_year: 2023
  carbon_year: 2023
storage_values:
  CAES:
    cost: 49.7093
    lifetime: 23.5097
    annual_cost: 2.1144166025087516
    efficiency: 0.599546
    discharge_ratio: 0.1
    depth_of_discharge: 0.4
  Li-ion:
    cost: 185.276
    lifetime: 19.1872
    annual_cost: 9.656229152768512
    efficiency: 0.93565
    discharge_ratio: 2
    depth_of_discharge: 0.9
  Pb-acid:
    cost: 179.587
    lifetime: 6.81951
    annual_cost: 26.33429674566061
    efficiency: 0.69945
    discharge_ratio: 5
    depth_of_discharge: 0.5
  VRBF:
    cost: 327.878
    lifetime: 15.4054
    annual_cost: 21.283316239760083
    efficiency: 0.797936
    discharge_ratio: 0.5
    depth_of_discharge: 1.0
