cost_values:
  wind_capex: 5000.0
  wind_opex: 100
  wind_lifetime: 20
  solar_capex: 1000.0
  solar_opex: 10
  solar_lifetime: 20
  carbon_price: 1.0
timeseries_values:
  load_level: 270635.465085621
  wind_year: 2017
  solar_year: 2018
  price_year: 2023
  carbon_year: 2023
storage_values:
  CAES:
    cost: 50.0179
    lifetime: 22.0547
    annual_cost: 2.267902079828789
    efficiency: 0.597582
    discharge_ratio: 0.1
    depth_of_discharge: 0.4
  Li-ion:
    cost: 188.346
    lifetime: 18.5477
    annual_cost: 10.15468225170776
    efficiency: 0.929938
    discharge_ratio: 2
    depth_of_discharge: 0.9
  Pb-acid:
    cost: 177.074
    lifetime: 6.89395
    annual_cost: 25.68541982462884
    efficiency: 0.696484
    discharge_ratio: 5
    depth_of_discharge: 0.5
  VRBF:
    cost: 304.964
    lifetime: 13.9085
    annual_cost: 21.926447855627853
    efficiency: 0.790948
    discharge_ratio: 0.5
    depth_of_discharge: 1.0
