cost_values:
  wind_capex: 5000.0
  wind_opex: 100
  wind_lifetime: 20
  solar_capex: 1000.0
  solar_opex: 10
  solar_lifetime: 20
  carbon_price: 1.0
timeseries_values:
  load_level: 270635.465085621
  wind_year: 2017
  solar_year: 2018
  price_year: 2023
  carbon_year: 2023
storage_values:
  CAES:
    cost: 49.1113
    lifetime: 22.1084
    annual_cost: 2.221386441352608
    efficiency: 0.59266
    discharge_ratio: 0.1
    depth_of_discharge: 0.4
  Li-ion:
    cost: 171.087
    lifetime: 16.0333
    annual_cost: 10.67072904517473
    efficiency: 0.949876
    discharge_ratio: 2
    depth_of_discharge: 0.9
  Pb-acid:
    cost: 171.862
    lifetime: 6.26467
    annual_cost: 27.43352802302436
    efficiency: 0.704246
    discharge_ratio: 5
    depth_of_discharge: 0.5
  VRBF:
    cost: 321.595
    lifetime: 13.2608
    annual_cost: 24.251553450772203
    efficiency: 0.789078
    discharge_ratio: 0.5
    depth_of_discharge: 1.0
