cost_values:
  wind_capex: 5000.0
  wind_opex: 100
  wind_lifetime: 20
  solar_capex: 1000.0
  solar_opex: 10
  solar_lifetime: 20
  carbon_price: 1.0
timeseries_values:
  load_level: 270635.465085621
  wind_year: 2017
  solar_year: 2018
  price_year: 2023
  carbon_year: 2023
storage_values:
  CAES:
    cost: 51.5796
    lifetime: 22.1882
    annual_cost: 2.324641025409903
    efficiency: 0.595248
    discharge_ratio: 0.1
    depth_of_discharge: 0.4
  Li-ion:
    cost: 183.498
    lifetime: 15.8767
    annual_cost: 11.557691459812178
    efficiency: 0.917093
    discharge_ratio: 2
    depth_of_discharge: 0.9
  Pb-acid:
    cost: 164.861
    lifetime: 7.70021
    annual_cost: 21.409935573185663
    efficiency: 0.674227
    discharge_ratio: 5
    depth_of_discharge: 0.5
  VRBF:
    cost: 306.505
    lifetime: 13.635
    annual_cost: 22.47928126145948
    efficiency: 0.796156
    discharge_ratio: 0.5
    depth_of_discharge: 1.0
