cost_values:
  wind_capex: 5000.0
  wind_opex: 100
  wind_lifetime: 20
  solar_capex: 1000.0
  solar_opex: 10
  solar_lifetime: 20
  carbon_price: 1.0
timeseries_values:
  load_level: 270635.465085621
  wind_year: 2017
  solar_year: 2018
  price_year: 2023
  carbon_year: 2023
storage_values:
  CAES:
    cost: 47.1908
    lifetime: 22.1569
    annual_cost: 2.129846684328584
    efficiency: 0.599329
    discharge_ratio: 0.1
    depth_of_discharge: 0.4
  Li-ion:
    cost: 164.657
    lifetime: 16.5442
    annual_cost: 9.952551347299961
    efficiency: 0.940059
    discharge_ratio: 2
    depth_of_discharge: 0.9
  Pb-acid:
    cost: 169.731
    lifetime: 8.30516
    annual_cost: 20.436812776635247
    efficiency: 0.692729
    discharge_ratio: 5
    depth_of_discharge: 0.5
  VRBF:
    cost: 260.762
    lifetime: 12.4922
    annual_cost: 20.873985366868926
    efficiency: 0.805747
    discharge_ratio: 0.5
    depth_of_discharge: 1.0
