cost_values:
  wind_capex: 5000.0
  wind_opex: 100
  wind_lifetime: 20
  solar_capex: 1000.0
  solar_opex: 10
  solar_lifetime: 20
  carbon_price: 1.0
timeseries_values:
  load_level: 270635.465085621
  wind_year: 2017
  solar_year: 2018
  price_year: 2023
  carbon_year: 2023
storage_values:
  CAES:
    cost: 50.3981
    lifetime: 22.6562
    annual_cost: 2.224472771250254
    efficiency: 0.592762
    discharge_ratio: 0.1
    depth_of_discharge: 0.4
  Li-ion:
    cost: 177.122
    lifetime: 18.4844
    annual_cost: 9.582242323256368
    efficiency: 0.946928
    discharge_ratio: 2
    depth_of_discharge: 0.9
  Pb-acid:
    cost: 182.441
    lifetime: 8.26835
    annual_cost: 22.064982735370418
    efficiency: 0.709797
    discharge_ratio: 5
    depth_of_discharge: 0.5
  VRBF:
    cost: 283.114
    lifetime: 11.9882
    annual_cost: 23.61605578819172
    efficiency: 0.804823
    discharge_ratio: 0.5
    depth_of_discharge: 1.0
