cost_values:
  wind_capex: 5000.0
  wind_opex: 100
  wind_lifetime: 20
  solar_capex: 1000.0
  solar_opex: 10
  solar_lifetime: 20
  carbon_price: 1.0
timeseries_values:
  load_level: 270635.465085621
  wind_year: 2017
  solar_year: 2018
  price_year: 2023
  carbon_year: 2023
storage_values:
  CAES:
    cost: 49.3183
    lifetime: 23.2115
    annual_cost: 2.1247355836546538
    efficiency: 0.599093
    discharge_ratio: 0.1
    depth_of_discharge: 0.4
  Li-ion:
    cost: 175.579
    lifetime: 18.1659
    annual_cost: 9.665306976257714
    efficiency: 0.947322
    discharge_ratio: 2
    depth_of_discharge: 0.9
  Pb-acid:
    cost: 154.485
    lifetime: 7.18651
    annual_cost: 21.496526130207847
    efficiency: 0.703976
    discharge_ratio: 5
    depth_of_discharge: 0.5
  VRBF:
    cost: 340.001
    lifetime: 14.3998
    annual_cost: 23.611508493173513
    efficiency: 0.799096
    discharge_ratio: 0.5
    depth_of_discharge: 1.0
