cost_values:
  wind_capex: 5000.0
  wind_opex: 100
  wind_lifetime: 20
  solar_capex: 1000.0
  solar_opex: 10
  solar_lifetime: 20
  carbon_price: 1.0
timeseries_values:
  load_level: 270635.465085621
  wind_year: 2017
  solar_year: 2018
  price_year: 2023
  carbon_year: 2023
storage_values:
  CAES:
    cost: 50.6981
    lifetime: 22.9658
    annual_cost: 2.207547744907645
    efficiency: 0.597938
    discharge_ratio: 0.1
    depth_of_discharge: 0.4
  Li-ion:
    cost: 163.387
    lifetime: 20.4916
    annual_cost: 7.973364695777783
    efficiency: 0.936107
    discharge_ratio: 2
    depth_of_discharge: 0.9
  Pb-acid:
    cost: 162.331
    lifetime: 7.95554
    annual_cost: 20.404774534475344
    efficiency: 0.708871
    discharge_ratio: 5
    depth_of_discharge: 0.5
  VRBF:
    cost: 325.244
    lifetime: 13.4715
    annual_cost: 24.143116950599413
    efficiency: 0.800264
    discharge_ratio: 0.5
    depth_of_discharge: 1.0
