cost_values:
  wind_capex: 5000.0
  wind_opex: 100
  wind_lifetime: 20
  solar_capex: 1000.0
  solar_opex: 10
  solar_lifetime: 20
  carbon_price: 1.0
timeseries_values:
  load_level: 270635.465085621
  wind_year: 2017
  solar_year: 2018
  price_year: 2023
  carbon_year: 2023
storage_values:
  CAES:
    cost: 46.253
    lifetime: 23.7076
    annual_cost: 1.9509777455330781
    efficiency: 0.613012
    discharge_ratio: 0.1
    depth_of_discharge: 0.4
  Li-ion:
    cost: 162.486
    lifetime: 17.1956
    annual_cost: 9.449277722208008
    efficiency: 0.939832
    discharge_ratio: 2
    depth_of_discharge: 0.9
  Pb-acid:
    cost: 169.582
    lifetime: 6.87738
    annual_cost: 24.657936597948638
    efficiency: 0.692819
    discharge_ratio: 5
    depth_of_discharge: 0.5
  VRBF:
    cost: 279.876
    lifetime: 14.7361
    annual_cost: 18.992542124442693
    efficiency: 0.802429
    discharge_ratio: 0.5
    depth_of_discharge: 1.0
