cost_values:
  wind_capex: 5000.0
  wind_opex: 100
  wind_lifetime: 20
  solar_capex: 1000.0
  solar_opex: 10
  solar_lifetime: 20
  carbon_price: 1.0
timeseries_values:
  load_level: 270635.465085621
  wind_year: 2017
  solar_year: 2018
  price_year: 2023
  carbon_year: 2023
storage_values:
  CAES:
    cost: 56.8544
    lifetime: 22.4986
    annual_cost: 2.5270194589885593
    efficiency: 0.59591
    discharge_ratio: 0.1
    depth_of_discharge: 0.4
  Li-ion:
    cost: 169.077
    lifetime: 15.3383
    annual_cost: 11.023190314441626
    efficiency: 0.935835
    discharge_ratio: 2
    depth_of_discharge: 0.9
  Pb-acid:
    cost: 151.505
    lifetime: 7.9904
    annual_cost: 18.960878053664395
    efficiency: 0.690071
    discharge_ratio: 5
    depth_of_discharge: 0.5
  VRBF:
    cost: 266.132
    lifetime: 13.5779
    annual_cost: 19.60038002931234
    efficiency: 0.820375
    discharge_ratio: 0.5
    depth_of_discharge: 1.0
