cost_values:
  wind_capex: 5000.0
  wind_opex: 100
  wind_lifetime: 20
  solar_capex: 1000.0
  solar_opex: 10
  solar_lifetime: 20
  carbon_price: 1.0
timeseries_values:
  load_level: 270635.465085621
  wind_year: 2017
  solar_year: 2018
  price_year: 2023
  carbon_year: 2023
storage_values:
  CAES:
    cost: 43.4337
    lifetime: 23.1526
    annual_cost: 1.8759750524779075
    efficiency: 0.592465
    discharge_ratio: 0.1
    depth_of_discharge: 0.4
  Li-ion:
    cost: 158.299
    lifetime: 20.0644
    annual_cost: 7.8895456629652525
    efficiency: 0.939189
    discharge_ratio: 2
    depth_of_discharge: 0.9
  Pb-acid:
    cost: 163.397
    lifetime: 6.05785
    annual_cost: 26.97277086755202
    efficiency: 0.70352
    discharge_ratio: 5
    depth_of_discharge: 0.5
  VRBF:
    cost: 344.947
    lifetime: 13.2967
    annual_cost: 25.94230147329789
    efficiency: 0.808938
    discharge_ratio: 0.5
    depth_of_discharge: 1.0
