cost_values:
  wind_capex: 5000.0
  wind_opex: 100
  wind_lifetime: 20
  solar_capex: 1000.0
  solar_opex: 10
  solar_lifetime: 20
  carbon_price: 1.0
timeseries_values:
  load_level: 270635.465085621
  wind_year: 2017
  solar_year: 2018
  price_year: 2023
  carbon_year: 2023
storage_values:
  CAES:
    cost: 53.3679
    lifetime: 22.2498
    annual_cost: 2.398578863630235
    efficiency: 0.601126
    discharge_ratio: 0.1
    depth_of_discharge: 0.4
  Li-ion:
    cost: 163.035
    lifetime: 17.2038
    annual_cost: 9.476685383461792
    efficiency: 0.933729
    discharge_ratio: 2
    depth_of_discharge: 0.9
  Pb-acid:
    cost: 170.047
    lifetime: 8.21719
    annual_cost: 20.694057214205827
    efficiency: 0.712674
    discharge_ratio: 5
    depth_of_discharge: 0.5
  VRBF:
    cost: 305.234
    lifetime: 13.1814
    annual_cost: 23.156417375999514
    efficiency: 0.797993
    discharge_ratio: 0.5
    depth_of_discharge: 1.0
