cost_values:
  wind_capex: 5000.0
  wind_opex: 100
  wind_lifetime: 20
  solar_capex: 1000.0
  solar_opex: 10
  solar_lifetime: 20
  carbon_price: 1.0
timeseries_values:
  load_level: 270635.465085621
  wind_year: 2017
  solar_year: 2018
  price_year: 2023
  carbon_year: 2023
storage_values:
  CAES:
    cost: 43.9194
    lifetime: 21.3897
    annual_cost: 2.0532966801778425
    efficiency: 0.599075
    discharge_ratio: 0.1
    depth_of_discharge: 0.4
  Li-ion:
    cost: 170.922
    lifetime: 20.2749
    annual_cost: 8.430226536259118
    efficiency: 0.938263
    discharge_ratio: 2
    depth_of_discharge: 0.9
  Pb-acid:
    cost: 174.706
    lifetime: 7.43825
    annual_cost: 23.487513864148152
    efficiency: 0.711441
    discharge_ratio: 5
    depth_of_discharge: 0.5
  VRBF:
    cost: 320.275
    lifetime: 15.9986
    annual_cost: 20.018939157176252
    efficiency: 0.815093
    discharge_ratio: 0.5
    depth_of_discharge: 1.0
