cost_values:
  wind_capex: 5000.0
  wind_opex: 100
  wind_lifetime: 20
  solar_capex: 1000.0
  solar_opex: 10
  solar_lifetime: 20
  carbon_price: 1.0
timeseries_values:
  load_level: 270635.465085621
  wind_year: 2017
  solar_year: 2018
  price_year: 2023
  carbon_year: 2023
storage_values:
  CAES:
    cost: 50.4391
    lifetime: 22.3733
    annual_cost: 2.254432739023747
    efficiency: 0.600199
    discharge_ratio: 0.1
    depth_of_discharge: 0.4
  Li-ion:
    cost: 187.096
    lifetime: 17.6934
    annual_cost: 10.57433845388676
    efficiency: 0.933291
    discharge_ratio: 2
    depth_of_discharge: 0.9
  Pb-acid:
    cost: 164.536
    lifetime: 7.44386
    annual_cost: 22.103586042725144
    efficiency: 0.688954
    discharge_ratio: 5
    depth_of_discharge: 0.5
  VRBF:
    cost: 334.722
    lifetime: 13.3863
    annual_cost: 25.004818359068597
    efficiency: 0.814417
    discharge_ratio: 0.5
    depth_of_discharge: 1.0
