cost_values:
  wind_capex: 5000.0
  wind_opex: 100
  wind_lifetime: 20
  solar_capex: 1000.0
  solar_opex: 10
  solar_lifetime: 20
  carbon_price: 1.0
timeseries_values:
  load_level: 270635.465085621
  wind_year: 2017
  solar_year: 2018
  price_year: 2023
  carbon_year: 2023
storage_values:
  CAES:
    cost: 53.4433
    lifetime: 23.4317
    annual_cost: 2.2808118915827706
    efficiency: 0.590779
    discharge_ratio: 0.1
    depth_of_discharge: 0.4
  Li-ion:
    cost: 174.402
    lifetime: 18.0127
    annual_cost: 9.682168692089471
    efficiency: 0.931207
    discharge_ratio: 2
    depth_of_discharge: 0.9
  Pb-acid:
    cost: 148.925
    lifetime: 7.63087
    annual_cost: 19.51612332538754
    efficiency: 0.699134
    discharge_ratio: 5
    depth_of_discharge: 0.5
  VRBF:
    cost: 333.814
    lifetime: 13.61
    annual_cost: 24.527112417340195
    efficiency: 0.80605
    discharge_ratio: 0.5
    depth_of_discharge: 1.0
