cost_values:
  wind_capex: 5000.0
  wind_opex: 100
  wind_lifetime: 20
  solar_capex: 1000.0
  solar_opex: 10
  solar_lifetime: 20
  carbon_price: 1.0
timeseries_values:
  load_level: 270635.465085621
  wind_year: 2017
  solar_year: 2018
  price_year: 2023
  carbon_year: 2023
storage_values:
  CAES:
    cost: 46.9907
    lifetime: 22.1659
    annual_cost: 2.119954524742961
    efficiency: 0.597482
    discharge_ratio: 0.1
    depth_of_discharge: 0.4
  Li-ion:
    cost: 173.579
    lifetime: 17.0976
    annual_cost: 10.15224358974359
    efficiency: 0.931876
    discharge_ratio: 2
    depth_of_discharge: 0.9
  Pb-acid:
    cost: 164.799
    lifetime: 7.70878
    annual_cost: 21.378090956026764
    efficiency: 0.684989
    discharge_ratio: 5
    depth_of_discharge: 0.5
  VRBF:
    cost: 285.138
    lifetime: 13.1412
    annual_cost: 21.698018445804035
    efficiency: 0.803468
    discharge_ratio: 0.5
    depth_of_discharge: 1.0
