cost_values:
  wind_capex: 5000.0
  wind_opex: 100
  wind_lifetime: 20
  solar_capex: 1000.0
  solar_opex: 10
  solar_lifetime: 20
  carbon_price: 1.0
timeseries_values:
  load_level: 270635.465085621
  wind_year: 2017
  solar_year: 2018
  price_year: 2023
  carbon_year: 2023
storage_values:
  CAES:
    cost: 54.3478
    lifetime: 22.7596
    annual_cost: 2.3879066415929984
    efficiency: 0.583369
    discharge_ratio: 0.1
    depth_of_discharge: 0.4
  Li-ion:
    cost: 169.505
    lifetime: 19.7017
    annual_cost: 8.603572280564622
    efficiency: 0.931981
    discharge_ratio: 2
    depth_of_discharge: 0.9
  Pb-acid:
    cost: 172.373
    lifetime: 7.78482
    annual_cost: 22.142194681444142
    efficiency: 0.698998
    discharge_ratio: 5
    depth_of_discharge: 0.5
  VRBF:
    cost: 299.849
    lifetime: 14.2276
    annual_cost: 21.075163766200905
    efficiency: 0.811951
    discharge_ratio: 0.5
    depth_of_discharge: 1.0
