cost_values:
  wind_capex: 5000.0
  wind_opex: 100
  wind_lifetime: 20
  solar_capex: 1000.0
  solar_opex: 10
  solar_lifetime: 20
  carbon_price: 1.0
timeseries_values:
  load_level: 270635.465085621
  wind_year: 2017
  solar_year: 2018
  price_year: 2023
  carbon_year: 2023
storage_values:
  CAES:
    cost: 54.7762
    lifetime: 22.0367
    annual_cost: 2.4856807053687713
    efficiency: 0.596746
    discharge_ratio: 0.1
    depth_of_discharge: 0.4
  Li-ion:
    cost: 166.561
    lifetime: 19.3144
    annual_cost: 8.623669386571677
    efficiency: 0.94301
    discharge_ratio: 2
    depth_of_discharge: 0.9
  Pb-acid:
    cost: 155.078
    lifetime: 6.20156
    annual_cost: 25.006288740252455
    efficiency: 0.713131
    discharge_ratio: 5
    depth_of_discharge: 0.5
  VRBF:
    cost: 309.225
    lifetime: 13.7387
    annual_cost: 22.507588054182712
    efficiency: 0.827075
    discharge_ratio: 0.5
    depth_of_discharge: 1.0
