cost_values:
  wind_capex: 5000.0
  wind_opex: 100
  wind_lifetime: 20
  solar_capex: 1000.0
  solar_opex: 10
  solar_lifetime: 20
  carbon_price: 1.0
timeseries_values:
  load_level: 270635.465085621
  wind_year: 2017
  solar_year: 2018
  price_year: 2023
  carbon_year: 2023
storage_values:
  CAES:
    cost: 54.2739
    lifetime: 22.6714
    annual_cost: 2.3939368543627655
    efficiency: 0.601624
    discharge_ratio: 0.1
    depth_of_discharge: 0.4
  Li-ion:
    cost: 186.684
    lifetime: 17.3178
    annual_cost: 10.77989121019991
    efficiency: 0.944159
    discharge_ratio: 2
    depth_of_discharge: 0.9
  Pb-acid:
    cost: 166.115
    lifetime: 8.01976
    annual_cost: 20.713213362993407
    efficiency: 0.702233
    discharge_ratio: 5
    depth_of_discharge: 0.5
  VRBF:
    cost: 290.507
    lifetime: 13.4777
    annual_cost: 21.55464211252662
    efficiency: 0.792335
    discharge_ratio: 0.5
    depth_of_discharge: 1.0
