cost_values:
  wind_capex: 5000.0
  wind_opex: 100
  wind_lifetime: 20
  solar_capex: 1000.0
  solar_opex: 10
  solar_lifetime: 20
  carbon_price: 1.0
timeseries_values:
  load_level: 270635.465085621
  wind_year: 2017
  solar_year: 2018
  price_year: 2023
  carbon_year: 2023
storage_values:
  CAES:
    cost: 51.1651
    lifetime: 22.1261
    annual_cost: 2.31243192428851
    efficiency: 0.600341
    discharge_ratio: 0.1
    depth_of_discharge: 0.4
  Li-ion:
    cost: 165.897
    lifetime: 20.1526
    annual_cost: 8.232039538322597
    efficiency: 0.946934
    discharge_ratio: 2
    depth_of_discharge: 0.9
  Pb-acid:
    cost: 167.912
    lifetime: 5.97241
    annual_cost: 28.114613698657664
    efficiency: 0.699434
    discharge_ratio: 5
    depth_of_discharge: 0.5
  VRBF:
    cost: 270.654
    lifetime: 12.6879
    annual_cost: 21.331662450050835
    efficiency: 0.795111
    discharge_ratio: 0.5
    depth_of_discharge: 1.0
