cost_values:
  wind_capex: 5000.0
  wind_opex: 100
  wind_lifetime: 20
  solar_capex: 1000.0
  solar_opex: 10
  solar_lifetime: 20
  carbon_price: 1.0
timeseries_values:
  load_level: 270635.465085621
  wind_year: 2017
  solar_year: 2018
  price_year: 2023
  carbon_year: 2023
storage_values:
  CAES:
    cost: 52.1496
    lifetime: 22.7759
    annual_cost: 2.289683393411457
    efficiency: 0.591936
    discharge_ratio: 0.1
    depth_of_discharge: 0.4
  Li-ion:
    cost: 180.545
    lifetime: 17.4038
    annual_cost: 10.373883864443396
    efficiency: 0.930374
    discharge_ratio: 2
    depth_of_discharge: 0.9
  Pb-acid:
    cost: 183.419
    lifetime: 6.90159
    annual_cost: 26.576339655064995
    efficiency: 0.714164
    discharge_ratio: 5
    depth_of_discharge: 0.5
  VRBF:
    cost: 338.045
    lifetime: 14.0056
    annual_cost: 24.1364168618267
    efficiency: 0.800281
    discharge_ratio: 0.5
    depth_of_discharge: 1.0
