cost_values:
  wind_capex: 5000.0
  wind_opex: 100
  wind_lifetime: 20
  solar_capex: 1000.0
  solar_opex: 10
  solar_lifetime: 20
  carbon_price: 1.0
timeseries_values:
  load_level: 270635.465085621
  wind_year: 2017
  solar_year: 2018
  price_year: 2023
  carbon_year: 2023
storage_values:
  CAES:
    cost: 42.1575
    lifetime: 22.7037
    annual_cost: 1.8568559309716035
    efficiency: 0.591595
    discharge_ratio: 0.1
    depth_of_discharge: 0.4
  Li-ion:
    cost: 189.424
    lifetime: 17.3964
    annual_cost: 10.888689613943114
    efficiency: 0.944167
    discharge_ratio: 2
    depth_of_discharge: 0.9
  Pb-acid:
    cost: 182.25
    lifetime: 7.06086
    annual_cost: 25.81130343895786
    efficiency: 0.704835
    discharge_ratio: 5
    depth_of_discharge: 0.5
  VRBF:
    cost: 308.231
    lifetime: 13.4625
    annual_cost: 22.89552460538533
    efficiency: 0.802624
    discharge_ratio: 0.5
    depth_of_discharge: 1.0
