cost_values:
  wind_capex: 5000.0
  wind_opex: 100
  wind_lifetime: 20
  solar_capex: 1000.0
  solar_opex: 10
  solar_lifetime: 20
  carbon_price: 1.0
timeseries_values:
  load_level: 270635.465085621
  wind_year: 2017
  solar_year: 2018
  price_year: 2023
  carbon_year: 2023
storage_values:
  CAES:
    cost: 43.2607
    lifetime: 21.6845
    annual_cost: 1.9950056491964305
    efficiency: 0.590063
    discharge_ratio: 0.1
    depth_of_discharge: 0.4
  Li-ion:
    cost: 167.214
    lifetime: 17.3379
    annual_cost: 9.644420604571486
    efficiency: 0.935538
    discharge_ratio: 2
    depth_of_discharge: 0.9
  Pb-acid:
    cost: 162.882
    lifetime: 6.43898
    annual_cost: 25.296242572581374
    efficiency: 0.69529
    discharge_ratio: 5
    depth_of_discharge: 0.5
  VRBF:
    cost: 278.49
    lifetime: 13.2448
    annual_cost: 21.02636506402513
    efficiency: 0.792593
    discharge_ratio: 0.5
    depth_of_discharge: 1.0
