cost_values:
  wind_capex: 5000.0
  wind_opex: 100
  wind_lifetime: 20
  solar_capex: 1000.0
  solar_opex: 10
  solar_lifetime: 20
  carbon_price: 1.0
timeseries_values:
  load_level: 270635.465085621
  wind_year: 2017
  solar_year: 2018
  price_year: 2023
  carbon_year: 2023
storage_values:
  CAES:
    cost: 53.1302
    lifetime: 21.2899
    annual_cost: 2.495558927002945
    efficiency: 0.590237
    discharge_ratio: 0.1
    depth_of_discharge: 0.4
  Li-ion:
    cost: 175.412
    lifetime: 18.3897
    annual_cost: 9.538600412187257
    efficiency: 0.93238
    discharge_ratio: 2
    depth_of_discharge: 0.9
  Pb-acid:
    cost: 142.049
    lifetime: 6.38252
    annual_cost: 22.255942793755445
    efficiency: 0.688912
    discharge_ratio: 5
    depth_of_discharge: 0.5
  VRBF:
    cost: 289.51
    lifetime: 12.2411
    annual_cost: 23.650652310658355
    efficiency: 0.791958
    discharge_ratio: 0.5
    depth_of_discharge: 1.0
