cost_values:
  wind_capex: 5000.0
  wind_opex: 100
  wind_lifetime: 20
  solar_capex: 1000.0
  solar_opex: 10
  solar_lifetime: 20
  carbon_price: 1.0
timeseries_values:
  load_level: 270635.465085621
  wind_year: 2017
  solar_year: 2018
  price_year: 2023
  carbon_year: 2023
storage_values:
  CAES:
    cost: 54.471
    lifetime: 23.1682
    annual_cost: 2.3511105739763987
    efficiency: 0.589871
    discharge_ratio: 0.1
    depth_of_discharge: 0.4
  Li-ion:
    cost: 152.409
    lifetime: 19.3639
    annual_cost: 7.87078016308698
    efficiency: 0.925346
    discharge_ratio: 2
    depth_of_discharge: 0.9
  Pb-acid:
    cost: 166.321
    lifetime: 8.28029
    annual_cost: 20.08637378642535
    efficiency: 0.704189
    discharge_ratio: 5
    depth_of_discharge: 0.5
  VRBF:
    cost: 298.379
    lifetime: 13.1272
    annual_cost: 22.729828143092206
    efficiency: 0.810497
    discharge_ratio: 0.5
    depth_of_discharge: 1.0
