cost_values:
  wind_capex: 5000.0
  wind_opex: 100
  wind_lifetime: 20
  solar_capex: 1000.0
  solar_opex: 10
  solar_lifetime: 20
  carbon_price: 1.0
timeseries_values:
  load_level: 270635.465085621
  wind_year: 2017
  solar_year: 2018
  price_year: 2023
  carbon_year: 2023
storage_values:
  CAES:
    cost: 44.6301
    lifetime: 23.061
    annual_cost: 1.9353063613893586
    efficiency: 0.603701
    discharge_ratio: 0.1
    depth_of_discharge: 0.4
  Li-ion:
    cost: 191.852
    lifetime: 18.5547
    annual_cost: 10.339806086867478
    efficiency: 0.930833
    discharge_ratio: 2
    depth_of_discharge: 0.9
  Pb-acid:
    cost: 159.858
    lifetime: 8.59374
    annual_cost: 18.601679827409253
    efficiency: 0.709076
    discharge_ratio: 5
    depth_of_discharge: 0.5
  VRBF:
    cost: 269.314
    lifetime: 14.7685
    annual_cost: 18.235704370789183
    efficiency: 0.817718
    discharge_ratio: 0.5
    depth_of_discharge: 1.0
