cost_values:
  wind_capex: 5000.0
  wind_opex: 100
  wind_lifetime: 20
  solar_capex: 1000.0
  solar_opex: 10
  solar_lifetime: 20
  carbon_price: 1.0
timeseries_values:
  load_level: 270635.465085621
  wind_year: 2017
  solar_year: 2018
  price_year: 2023
  carbon_year: 2023
storage_values:
  CAES:
    cost: 58.0812
    lifetime: 22.7028
    annual_cost: 2.558327607167398
    efficiency: 0.587386
    discharge_ratio: 0.1
    depth_of_discharge: 0.4
  Li-ion:
    cost: 184.853
    lifetime: 18.7695
    annual_cost: 9.848584139161938
    efficiency: 0.933305
    discharge_ratio: 2
    depth_of_discharge: 0.9
  Pb-acid:
    cost: 172.408
    lifetime: 8.79952
    annual_cost: 19.59288688473917
    efficiency: 0.701954
    discharge_ratio: 5
    depth_of_discharge: 0.5
  VRBF:
    cost: 312.967
    lifetime: 12.6073
    annual_cost: 24.82426847937306
    efficiency: 0.787134
    discharge_ratio: 0.5
    depth_of_discharge: 1.0
