cost_values:
  wind_capex: 5000.0
  wind_opex: 100
  wind_lifetime: 20
  solar_capex: 1000.0
  solar_opex: 10
  solar_lifetime: 20
  carbon_price: 1.0
timeseries_values:
  load_level: 270635.465085621
  wind_year: 2017
  solar_year: 2018
  price_year: 2023
  carbon_year: 2023
storage_values:
  CAES:
    cost: 43.5833
    lifetime: 22.8413
    annual_cost: 1.9080919212128906
    efficiency: 0.586363
    discharge_ratio: 0.1
    depth_of_discharge: 0.4
  Li-ion:
    cost: 185.443
    lifetime: 17.1333
    annual_cost: 10.823542458253812
    efficiency: 0.937692
    discharge_ratio: 2
    depth_of_discharge: 0.9
  Pb-acid:
    cost: 169.737
    lifetime: 7.08345
    annual_cost: 23.962475912161445
    efficiency: 0.705439
    discharge_ratio: 5
    depth_of_discharge: 0.5
  VRBF:
    cost: 307.602
    lifetime: 13.6863
    annual_cost: 22.475175905832838
    efficiency: 0.802534
    discharge_ratio: 0.5
    depth_of_discharge: 1.0
