cost_values:
  wind_capex: 5000.0
  wind_opex: 100
  wind_lifetime: 20
  solar_capex: 1000.0
  solar_opex: 10
  solar_lifetime: 20
  carbon_price: 1.0
timeseries_values:
  load_level: 270635.465085621
  wind_year: 2017
  solar_year: 2018
  price_year: 2023
  carbon_year: 2023
storage_values:
  CAES:
    cost: 48.7156
    lifetime: 22.2607
    annual_cost: 2.1884127633003456
    efficiency: 0.597919
    discharge_ratio: 0.1
    depth_of_discharge: 0.4
  Li-ion:
    cost: 161.021
    lifetime: 18.6096
    annual_cost: 8.652577164474248
    efficiency: 0.931225
    discharge_ratio: 2
    depth_of_discharge: 0.9
  Pb-acid:
    cost: 154.933
    lifetime: 5.91449
    annual_cost: 26.19549614590607
    efficiency: 0.714063
    discharge_ratio: 5
    depth_of_discharge: 0.5
  VRBF:
    cost: 290.069
    lifetime: 12.7616
    annual_cost: 22.72983011534604
    efficiency: 0.821146
    discharge_ratio: 0.5
    depth_of_discharge: 1.0
