cost_values:
  wind_capex: 5000.0
  wind_opex: 100
  wind_lifetime: 20
  solar_capex: 1000.0
  solar_opex: 10
  solar_lifetime: 20
  carbon_price: 1.0
timeseries_values:
  load_level: 270635.465085621
  wind_year: 2017
  solar_year: 2018
  price_year: 2023
  carbon_year: 2023
storage_values:
  CAES:
    cost: 44.9701
    lifetime: 21.9756
    annual_cost: 2.046365059429549
    efficiency: 0.590146
    discharge_ratio: 0.1
    depth_of_discharge: 0.4
  Li-ion:
    cost: 177.464
    lifetime: 16.2138
    annual_cost: 10.945244174715366
    efficiency: 0.931306
    discharge_ratio: 2
    depth_of_discharge: 0.9
  Pb-acid:
    cost: 151.276
    lifetime: 7.87278
    annual_cost: 19.21506761271114
    efficiency: 0.690981
    discharge_ratio: 5
    depth_of_discharge: 0.5
  VRBF:
    cost: 289.158
    lifetime: 10.5115
    annual_cost: 27.508728535413596
    efficiency: 0.796984
    discharge_ratio: 0.5
    depth_of_discharge: 1.0
