cost_values:
  wind_capex: 5000.0
  wind_opex: 100
  wind_lifetime: 20
  solar_capex: 1000.0
  solar_opex: 10
  solar_lifetime: 20
  carbon_price: 1.0
timeseries_values:
  load_level: 270635.465085621
  wind_year: 2017
  solar_year: 2018
  price_year: 2023
  carbon_year: 2023
storage_values:
  CAES:
    cost: 51.3949
    lifetime: 22.2664
    annual_cost: 2.308181834512988
    efficiency: 0.585734
    discharge_ratio: 0.1
    depth_of_discharge: 0.4
  Li-ion:
    cost: 181.668
    lifetime: 19.7085
    annual_cost: 9.217748687114696
    efficiency: 0.925281
    discharge_ratio: 2
    depth_of_discharge: 0.9
  Pb-acid:
    cost: 143.084
    lifetime: 7.60213
    annual_cost: 18.82156711342742
    efficiency: 0.702156
    discharge_ratio: 5
    depth_of_discharge: 0.5
  VRBF:
    cost: 272.947
    lifetime: 11.7247
    annual_cost: 23.27965747524457
    efficiency: 0.807646
    discharge_ratio: 0.5
    depth_of_discharge: 1.0
