cost_values:
  wind_capex: 5000.0
  wind_opex: 100
  wind_lifetime: 20
  solar_capex: 1000.0
  solar_opex: 10
  solar_lifetime: 20
  carbon_price: 1.0
timeseries_values:
  load_level: 270635.465085621
  wind_year: 2017
  solar_year: 2018
  price_year: 2023
  carbon_year: 2023
storage_values:
  CAES:
    cost: 49.8212
    lifetime: 22.6376
    annual_cost: 2.2008163409548716
    efficiency: 0.594826
    discharge_ratio: 0.1
    depth_of_discharge: 0.4
  Li-ion:
    cost: 174.788
    lifetime: 16.3522
    annual_cost: 10.6889592837661
    efficiency: 0.935326
    discharge_ratio: 2
    depth_of_discharge: 0.9
  Pb-acid:
    cost: 169.772
    lifetime: 5.87014
    annual_cost: 28.9212863747713
    efficiency: 0.699232
    discharge_ratio: 5
    depth_of_discharge: 0.5
  VRBF:
    cost: 306.361
    lifetime: 11.3313
    annual_cost: 27.036703643889048
    efficiency: 0.814453
    discharge_ratio: 0.5
    depth_of_discharge: 1.0
