cost_values:
  wind_capex: 5000.0
  wind_opex: 100
  wind_lifetime: 20
  solar_capex: 1000.0
  solar_opex: 10
  solar_lifetime: 20
  carbon_price: 1.0
timeseries_values:
  load_level: 270635.465085621
  wind_year: 2017
  solar_year: 2018
  price_year: 2023
  carbon_year: 2023
storage_values:
  CAES:
    cost: 50.2886
    lifetime: 22.673
    annual_cost: 2.21799497199312
    efficiency: 0.593518
    discharge_ratio: 0.1
    depth_of_discharge: 0.4
  Li-ion:
    cost: 165.716
    lifetime: 16.386
    annual_cost: 10.11326742341023
    efficiency: 0.933821
    discharge_ratio: 2
    depth_of_discharge: 0.9
  Pb-acid:
    cost: 140.619
    lifetime: 7.47673
    annual_cost: 18.807553569541763
    efficiency: 0.702534
    discharge_ratio: 5
    depth_of_discharge: 0.5
  VRBF:
    cost: 305.514
    lifetime: 13.9881
    annual_cost: 21.84099341583203
    efficiency: 0.797009
    discharge_ratio: 0.5
    depth_of_discharge: 1.0
