cost_values:
  wind_capex: 5000.0
  wind_opex: 100
  wind_lifetime: 20
  solar_capex: 1000.0
  solar_opex: 10
  solar_lifetime: 20
  carbon_price: 1.0
timeseries_values:
  load_level: 270635.465085621
  wind_year: 2017
  solar_year: 2018
  price_year: 2023
  carbon_year: 2023
storage_values:
  CAES:
    cost: 49.9718
    lifetime: 21.4163
    annual_cost: 2.333353567142784
    efficiency: 0.594924
    discharge_ratio: 0.1
    depth_of_discharge: 0.4
  Li-ion:
    cost: 191.514
    lifetime: 17.7109
    annual_cost: 10.813340936937141
    efficiency: 0.92935
    discharge_ratio: 2
    depth_of_discharge: 0.9
  Pb-acid:
    cost: 152.828
    lifetime: 8.75237
    annual_cost: 17.46132761754816
    efficiency: 0.699553
    discharge_ratio: 5
    depth_of_discharge: 0.5
  VRBF:
    cost: 304.945
    lifetime: 13.3521
    annual_cost: 22.838729488245296
    efficiency: 0.818104
    discharge_ratio: 0.5
    depth_of_discharge: 1.0
