cost_values:
  wind_capex: 5000.0
  wind_opex: 100
  wind_lifetime: 20
  solar_capex: 1000.0
  solar_opex: 10
  solar_lifetime: 20
  carbon_price: 1.0
timeseries_values:
  load_level: 270635.465085621
  wind_year: 2017
  solar_year: 2018
  price_year: 2023
  carbon_year: 2023
storage_values:
  CAES:
    cost: 56.0213
    lifetime: 22.3728
    annual_cost: 2.503991453908317
    efficiency: 0.589785
    discharge_ratio: 0.1
    depth_of_discharge: 0.4
  Li-ion:
    cost: 153.263
    lifetime: 17.1777
    annual_cost: 8.922207280369316
    efficiency: 0.927758
    discharge_ratio: 2
    depth_of_discharge: 0.9
  Pb-acid:
    cost: 152.955
    lifetime: 8.56331
    annual_cost: 17.86166797651843
    efficiency: 0.706985
    discharge_ratio: 5
    depth_of_discharge: 0.5
  VRBF:
    cost: 308.817
    lifetime: 13.6322
    annual_cost: 22.653496867710277
    efficiency: 0.802334
    discharge_ratio: 0.5
    depth_of_discharge: 1.0
