cost_values:
  wind_capex: 5000.0
  wind_opex: 100
  wind_lifetime: 20
  solar_capex: 1000.0
  solar_opex: 10
  solar_lifetime: 20
  carbon_price: 1.0
timeseries_values:
  load_level: 226322.87609349302
  wind_year: 2011
  solar_year: 2016
  price_year: 2023
  carbon_year: 2023
storage_values:
  CAES:
    cost: 53.3464
    lifetime: 22.1085
    annual_cost: 2.412936201008662
    efficiency: 0.58366
    discharge_ratio: 0.1
    depth_of_discharge: 0.4
  Li-ion:
    cost: 196.964
    lifetime: 23.9892
    annual_cost: 8.210528070965267
    efficiency: 0.850032
    discharge_ratio: 2
    depth_of_discharge: 0.9
  Pb-acid:
    cost: 65.3004
    lifetime: 14.8621
    annual_cost: 4.393753238102287
    efficiency: 0.71149
    discharge_ratio: 5
    depth_of_discharge: 0.5
  VRBF:
    cost: 270.331
    lifetime: 13.182
    annual_cost: 20.50758610226066
    efficiency: 0.720771
    discharge_ratio: 0.5
    depth_of_discharge: 1.0
