cost_values:
  wind_capex: 5000.0
  wind_opex: 100
  wind_lifetime: 20
  solar_capex: 1000.0
  solar_opex: 10
  solar_lifetime: 20
  carbon_price: 1.0
timeseries_values:
  load_level: 226322.87609349302
  wind_year: 2011
  solar_year: 2016
  price_year: 2023
  carbon_year: 2023
storage_values:
  CAES:
    cost: 55.1763
    lifetime: 22.1393
    annual_cost: 2.4922332684411885
    efficiency: 0.583486
    discharge_ratio: 0.1
    depth_of_discharge: 0.4
  Li-ion:
    cost: 184.357
    lifetime: 22.0422
    annual_cost: 8.363820308317681
    efficiency: 0.863764
    discharge_ratio: 2
    depth_of_discharge: 0.9
  Pb-acid:
    cost: 97.9763
    lifetime: 15.256
    annual_cost: 6.422148662821185
    efficiency: 0.713813
    discharge_ratio: 5
    depth_of_discharge: 0.5
  VRBF:
    cost: 233.612
    lifetime: 14.6898
    annual_cost: 15.90300752903375
    efficiency: 0.689795
    discharge_ratio: 0.5
    depth_of_discharge: 1.0
