cost_values:
  wind_capex: 5000.0
  wind_opex: 100
  wind_lifetime: 20
  solar_capex: 1000.0
  solar_opex: 10
  solar_lifetime: 20
  carbon_price: 1.0
timeseries_values:
  load_level: 226322.87609349302
  wind_year: 2011
  solar_year: 2016
  price_year: 2023
  carbon_year: 2023
storage_values:
  CAES:
    cost: 51.2531
    lifetime: 21.87
    annual_cost: 2.3435345221764976
    efficiency: 0.584043
    discharge_ratio: 0.1
    depth_of_discharge: 0.4
  Li-ion:
    cost: 184.977
    lifetime: 23.3609
    annual_cost: 7.918230890077009
    efficiency: 0.85395
    discharge_ratio: 2
    depth_of_discharge: 0.9
  Pb-acid:
    cost: 52.3797
    lifetime: 14.4765
    annual_cost: 3.618257175422236
    efficiency: 0.713894
    discharge_ratio: 5
    depth_of_discharge: 0.5
  VRBF:
    cost: 250.127
    lifetime: 14.6294
    annual_cost: 17.097556974312003
    efficiency: 0.707311
    discharge_ratio: 0.5
    depth_of_discharge: 1.0
