cost_values:
  wind_capex: 5000.0
  wind_opex: 100
  wind_lifetime: 20
  solar_capex: 1000.0
  solar_opex: 10
  solar_lifetime: 20
  carbon_price: 1.0
timeseries_values:
  load_level: 226322.87609349302
  wind_year: 2011
  solar_year: 2016
  price_year: 2023
  carbon_year: 2023
storage_values:
  CAES:
    cost: 47.6301
    lifetime: 22.893
    annual_cost: 2.080553007469532
    efficiency: 0.581122
    discharge_ratio: 0.1
    depth_of_discharge: 0.4
  Li-ion:
    cost: 165.524
    lifetime: 20.3581
    annual_cost: 8.130621226931787
    efficiency: 0.865001
    discharge_ratio: 2
    depth_of_discharge: 0.9
  Pb-acid:
    cost: 85.0196
    lifetime: 14.2959
    annual_cost: 5.947131695101393
    efficiency: 0.709968
    discharge_ratio: 5
    depth_of_discharge: 0.5
  VRBF:
    cost: 271.136
    lifetime: 13.9393
    annual_cost: 19.45119195368491
    efficiency: 0.701952
    discharge_ratio: 0.5
    depth_of_discharge: 1.0
