cost_values:
  wind_capex: 5000.0
  wind_opex: 100
  wind_lifetime: 20
  solar_capex: 1000.0
  solar_opex: 10
  solar_lifetime: 20
  carbon_price: 1.0
timeseries_values:
  load_level: 226322.87609349302
  wind_year: 2011
  solar_year: 2016
  price_year: 2023
  carbon_year: 2023
storage_values:
  CAES:
    cost: 56.0492
    lifetime: 20.9942
    annual_cost: 2.669746882472302
    efficiency: 0.588197
    discharge_ratio: 0.1
    depth_of_discharge: 0.4
  Li-ion:
    cost: 196.386
    lifetime: 21.6871
    annual_cost: 9.055429264401418
    efficiency: 0.853586
    discharge_ratio: 2
    depth_of_discharge: 0.9
  Pb-acid:
    cost: 70.8131
    lifetime: 15.0722
    annual_cost: 4.69825904645639
    efficiency: 0.719948
    discharge_ratio: 5
    depth_of_discharge: 0.5
  VRBF:
    cost: 260.026
    lifetime: 13.6733
    annual_cost: 19.017062450176624
    efficiency: 0.715548
    discharge_ratio: 0.5
    depth_of_discharge: 1.0
