cost_values:
  wind_capex: 5000.0
  wind_opex: 100
  wind_lifetime: 20
  solar_capex: 1000.0
  solar_opex: 10
  solar_lifetime: 20
  carbon_price: 1.0
timeseries_values:
  load_level: 226322.87609349302
  wind_year: 2011
  solar_year: 2016
  price_year: 2023
  carbon_year: 2023
storage_values:
  CAES:
    cost: 57.2354
    lifetime: 21.6624
    annual_cost: 2.642154147278233
    efficiency: 0.586506
    discharge_ratio: 0.1
    depth_of_discharge: 0.4
  Li-ion:
    cost: 179.063
    lifetime: 23.0607
    annual_cost: 7.764855359984735
    efficiency: 0.861502
    discharge_ratio: 2
    depth_of_discharge: 0.9
  Pb-acid:
    cost: 81.2892
    lifetime: 15.6527
    annual_cost: 5.193302114012279
    efficiency: 0.730384
    discharge_ratio: 5
    depth_of_discharge: 0.5
  VRBF:
    cost: 282.196
    lifetime: 16.3851
    annual_cost: 17.222720642534988
    efficiency: 0.687995
    discharge_ratio: 0.5
    depth_of_discharge: 1.0
