cost_values:
  wind_capex: 5000.0
  wind_opex: 100
  wind_lifetime: 20
  solar_capex: 1000.0
  solar_opex: 10
  solar_lifetime: 20
  carbon_price: 1.0
timeseries_values:
  load_level: 226322.87609349302
  wind_year: 2011
  solar_year: 2016
  price_year: 2023
  carbon_year: 2023
storage_values:
  CAES:
    cost: 53.986
    lifetime: 20.857
    annual_cost: 2.5883875916958337
    efficiency: 0.584538
    discharge_ratio: 0.1
    depth_of_discharge: 0.4
  Li-ion:
    cost: 165.279
    lifetime: 22.0457
    annual_cost: 7.497108279619154
    efficiency: 0.856738
    discharge_ratio: 2
    depth_of_discharge: 0.9
  Pb-acid:
    cost: 69.9642
    lifetime: 15.7333
    annual_cost: 4.446886540013856
    efficiency: 0.709955
    discharge_ratio: 5
    depth_of_discharge: 0.5
  VRBF:
    cost: 288.89
    lifetime: 11.6108
    annual_cost: 24.881145140731043
    efficiency: 0.717853
    discharge_ratio: 0.5
    depth_of_discharge: 1.0
