cost_values:
  wind_capex: 5000.0
  wind_opex: 100
  wind_lifetime: 20
  solar_capex: 1000.0
  solar_opex: 10
  solar_lifetime: 20
  carbon_price: 1.0
timeseries_values:
  load_level: 226322.87609349302
  wind_year: 2011
  solar_year: 2016
  price_year: 2023
  carbon_year: 2023
storage_values:
  CAES:
    cost: 54.7089
    lifetime: 22.1467
    annual_cost: 2.4702958002772424
    efficiency: 0.583042
    discharge_ratio: 0.1
    depth_of_discharge: 0.4
  Li-ion:
    cost: 160.632
    lifetime: 20.4824
    annual_cost: 7.8424403390227715
    efficiency: 0.871351
    discharge_ratio: 2
    depth_of_discharge: 0.9
  Pb-acid:
    cost: 74.6964
    lifetime: 14.9445
    annual_cost: 4.998253538090936
    efficiency: 0.718639
    discharge_ratio: 5
    depth_of_discharge: 0.5
  VRBF:
    cost: 292.226
    lifetime: 13.26
    annual_cost: 22.03815987933635
    efficiency: 0.697982
    discharge_ratio: 0.5
    depth_of_discharge: 1.0
