cost_values:
  wind_capex: 5000.0
  wind_opex: 100
  wind_lifetime: 20
  solar_capex: 1000.0
  solar_opex: 10
  solar_lifetime: 20
  carbon_price: 1.0
timeseries_values:
  load_level: 226322.87609349302
  wind_year: 2011
  solar_year: 2016
  price_year: 2023
  carbon_year: 2023
storage_values:
  CAES:
    cost: 56.4833
    lifetime: 21.2702
    annual_cost: 2.655513347312202
    efficiency: 0.582766
    discharge_ratio: 0.1
    depth_of_discharge: 0.4
  Li-ion:
    cost: 171.459
    lifetime: 23.0209
    annual_cost: 7.447971191395645
    efficiency: 0.853497
    discharge_ratio: 2
    depth_of_discharge: 0.9
  Pb-acid:
    cost: 63.7443
    lifetime: 15.6816
    annual_cost: 4.064910468319559
    efficiency: 0.725738
    discharge_ratio: 5
    depth_of_discharge: 0.5
  VRBF:
    cost: 274.231
    lifetime: 15.7848
    annual_cost: 17.373105772642035
    efficiency: 0.696751
    discharge_ratio: 0.5
    depth_of_discharge: 1.0
