cost_values:
  wind_capex: 5000.0
  wind_opex: 100
  wind_lifetime: 20
  solar_capex: 1000.0
  solar_opex: 10
  solar_lifetime: 20
  carbon_price: 1.0
timeseries_values:
  load_level: 226322.87609349302
  wind_year: 2011
  solar_year: 2016
  price_year: 2023
  carbon_year: 2023
storage_values:
  CAES:
    cost: 57.7701
    lifetime: 21.6538
    annual_cost: 2.6678966278436116
    efficiency: 0.587719
    discharge_ratio: 0.1
    depth_of_discharge: 0.4
  Li-ion:
    cost: 208.115
    lifetime: 20.5003
    annual_cost: 10.15180265654649
    efficiency: 0.856769
    discharge_ratio: 2
    depth_of_discharge: 0.9
  Pb-acid:
    cost: 67.0026
    lifetime: 14.6024
    annual_cost: 4.588464909877828
    efficiency: 0.712285
    discharge_ratio: 5
    depth_of_discharge: 0.5
  VRBF:
    cost: 254.782
    lifetime: 15.1849
    annual_cost: 16.778641940348635
    efficiency: 0.714463
    discharge_ratio: 0.5
    depth_of_discharge: 1.0
