cost_values:
  wind_capex: 5000.0
  wind_opex: 100
  wind_lifetime: 20
  solar_capex: 1000.0
  solar_opex: 10
  solar_lifetime: 20
  carbon_price: 1.0
timeseries_values:
  load_level: 226322.87609349302
  wind_year: 2011
  solar_year: 2016
  price_year: 2023
  carbon_year: 2023
storage_values:
  CAES:
    cost: 57.4815
    lifetime: 21.6665
    annual_cost: 2.6530127154824266
    efficiency: 0.579158
    discharge_ratio: 0.1
    depth_of_discharge: 0.4
  Li-ion:
    cost: 157.328
    lifetime: 23.4055
    annual_cost: 6.721838884022986
    efficiency: 0.867526
    discharge_ratio: 2
    depth_of_discharge: 0.9
  Pb-acid:
    cost: 79.6209
    lifetime: 15.6097
    annual_cost: 5.100732237006477
    efficiency: 0.706783
    discharge_ratio: 5
    depth_of_discharge: 0.5
  VRBF:
    cost: 278.596
    lifetime: 13.9197
    annual_cost: 20.014511807007334
    efficiency: 0.714059
    discharge_ratio: 0.5
    depth_of_discharge: 1.0
