cost_values:
  wind_capex: 5000.0
  wind_opex: 100
  wind_lifetime: 20
  solar_capex: 1000.0
  solar_opex: 10
  solar_lifetime: 20
  carbon_price: 1.0
timeseries_values:
  load_level: 226322.87609349302
  wind_year: 2011
  solar_year: 2016
  price_year: 2023
  carbon_year: 2023
storage_values:
  CAES:
    cost: 50.4457
    lifetime: 20.8236
    annual_cost: 2.4225254038686876
    efficiency: 0.58023
    discharge_ratio: 0.1
    depth_of_discharge: 0.4
  Li-ion:
    cost: 173.713
    lifetime: 20.7232
    annual_cost: 8.382537445954293
    efficiency: 0.859408
    discharge_ratio: 2
    depth_of_discharge: 0.9
  Pb-acid:
    cost: 89.2862
    lifetime: 14.5774
    annual_cost: 6.124974275247986
    efficiency: 0.721843
    discharge_ratio: 5
    depth_of_discharge: 0.5
  VRBF:
    cost: 280.54
    lifetime: 16.3204
    annual_cost: 17.18952966839048
    efficiency: 0.692751
    discharge_ratio: 0.5
    depth_of_discharge: 1.0
