cost_values:
  wind_capex: 5000.0
  wind_opex: 100
  wind_lifetime: 20
  solar_capex: 1000.0
  solar_opex: 10
  solar_lifetime: 20
  carbon_price: 1.0
timeseries_values:
  load_level: 226322.87609349302
  wind_year: 2011
  solar_year: 2016
  price_year: 2023
  carbon_year: 2023
storage_values:
  CAES:
    cost: 56.6072
    lifetime: 21.322
    annual_cost: 2.654872901228778
    efficiency: 0.587422
    discharge_ratio: 0.1
    depth_of_discharge: 0.4
  Li-ion:
    cost: 180.575
    lifetime: 22.1005
    annual_cost: 8.170629623764167
    efficiency: 0.860674
    discharge_ratio: 2
    depth_of_discharge: 0.9
  Pb-acid:
    cost: 99.4594
    lifetime: 15.3009
    annual_cost: 6.500232012495997
    efficiency: 0.723733
    discharge_ratio: 5
    depth_of_discharge: 0.5
  VRBF:
    cost: 255.391
    lifetime: 14.5967
    annual_cost: 17.496488932429934
    efficiency: 0.684494
    discharge_ratio: 0.5
    depth_of_discharge: 1.0
