cost_values:
  wind_capex: 5000.0
  wind_opex: 100
  wind_lifetime: 20
  solar_capex: 1000.0
  solar_opex: 10
  solar_lifetime: 20
  carbon_price: 1.0
timeseries_values:
  load_level: 226322.87609349302
  wind_year: 2011
  solar_year: 2016
  price_year: 2023
  carbon_year: 2023
storage_values:
  CAES:
    cost: 56.8218
    lifetime: 21.8128
    annual_cost: 2.6049750605149273
    efficiency: 0.587469
    discharge_ratio: 0.1
    depth_of_discharge: 0.4
  Li-ion:
    cost: 175.414
    lifetime: 22.2334
    annual_cost: 7.889661500265366
    efficiency: 0.873549
    discharge_ratio: 2
    depth_of_discharge: 0.9
  Pb-acid:
    cost: 65.7307
    lifetime: 14.0967
    annual_cost: 4.662843076748459
    efficiency: 0.703719
    discharge_ratio: 5
    depth_of_discharge: 0.5
  VRBF:
    cost: 288.727
    lifetime: 16.1215
    annual_cost: 17.909437707409356
    efficiency: 0.708071
    discharge_ratio: 0.5
    depth_of_discharge: 1.0
