cost_values:
  wind_capex: 5000.0
  wind_opex: 100
  wind_lifetime: 20
  solar_capex: 1000.0
  solar_opex: 10
  solar_lifetime: 20
  carbon_price: 1.0
timeseries_values:
  load_level: 226322.87609349302
  wind_year: 2011
  solar_year: 2016
  price_year: 2023
  carbon_year: 2023
storage_values:
  CAES:
    cost: 50.2415
    lifetime: 21.4124
    annual_cost: 2.3463740636266834
    efficiency: 0.583818
    discharge_ratio: 0.1
    depth_of_discharge: 0.4
  Li-ion:
    cost: 176.068
    lifetime: 21.648
    annual_cost: 8.133222468588324
    efficiency: 0.851892
    discharge_ratio: 2
    depth_of_discharge: 0.9
  Pb-acid:
    cost: 71.4
    lifetime: 14.6029
    annual_cost: 4.889439768813045
    efficiency: 0.713517
    discharge_ratio: 5
    depth_of_discharge: 0.5
  VRBF:
    cost: 263.555
    lifetime: 14.3559
    annual_cost: 18.358653933226062
    efficiency: 0.706457
    discharge_ratio: 0.5
    depth_of_discharge: 1.0
