cost_values:
  wind_capex: 5000.0
  wind_opex: 100
  wind_lifetime: 20
  solar_capex: 1000.0
  solar_opex: 10
  solar_lifetime: 20
  carbon_price: 1.0
timeseries_values:
  load_level: 226322.87609349302
  wind_year: 2011
  solar_year: 2016
  price_year: 2023
  carbon_year: 2023
storage_values:
  CAES:
    cost: 53.7022
    lifetime: 21.9765
    annual_cost: 2.443619320637954
    efficiency: 0.586115
    discharge_ratio: 0.1
    depth_of_discharge: 0.4
  Li-ion:
    cost: 165.101
    lifetime: 20.8435
    annual_cost: 7.920982560510471
    efficiency: 0.860973
    discharge_ratio: 2
    depth_of_discharge: 0.9
  Pb-acid:
    cost: 79.9834
    lifetime: 13.9213
    annual_cost: 5.74539734076559
    efficiency: 0.727332
    discharge_ratio: 5
    depth_of_discharge: 0.5
  VRBF:
    cost: 273.352
    lifetime: 15.7011
    annual_cost: 17.409735623618726
    efficiency: 0.714837
    discharge_ratio: 0.5
    depth_of_discharge: 1.0
