cost_values:
  wind_capex: 5000.0
  wind_opex: 100
  wind_lifetime: 20
  solar_capex: 1000.0
  solar_opex: 10
  solar_lifetime: 20
  carbon_price: 1.0
timeseries_values:
  load_level: 226322.87609349302
  wind_year: 2011
  solar_year: 2016
  price_year: 2023
  carbon_year: 2023
storage_values:
  CAES:
    cost: 60.7907
    lifetime: 21.5716
    annual_cost: 2.8180895251163567
    efficiency: 0.583081
    discharge_ratio: 0.1
    depth_of_discharge: 0.4
  Li-ion:
    cost: 184.834
    lifetime: 19.6693
    annual_cost: 9.397080729868375
    efficiency: 0.852002
    discharge_ratio: 2
    depth_of_discharge: 0.9
  Pb-acid:
    cost: 76.9703
    lifetime: 15.6217
    annual_cost: 4.927139811928279
    efficiency: 0.706414
    discharge_ratio: 5
    depth_of_discharge: 0.5
  VRBF:
    cost: 296.765
    lifetime: 14.5647
    annual_cost: 20.37563423894759
    efficiency: 0.713231
    discharge_ratio: 0.5
    depth_of_discharge: 1.0
