cost_values:
  wind_capex: 5000.0
  wind_opex: 100
  wind_lifetime: 20
  solar_capex: 1000.0
  solar_opex: 10
  solar_lifetime: 20
  carbon_price: 1.0
timeseries_values:
  load_level: 226322.87609349302
  wind_year: 2011
  solar_year: 2016
  price_year: 2023
  carbon_year: 2023
storage_values:
  CAES:
    cost: 56.4324
    lifetime: 22.023
    annual_cost: 2.562430186623076
    efficiency: 0.576771
    discharge_ratio: 0.1
    depth_of_discharge: 0.4
  Li-ion:
    cost: 175.554
    lifetime: 21.049
    annual_cost: 8.340253693762174
    efficiency: 0.852669
    discharge_ratio: 2
    depth_of_discharge: 0.9
  Pb-acid:
    cost: 88.524
    lifetime: 13.9356
    annual_cost: 6.3523637303022475
    efficiency: 0.718619
    discharge_ratio: 5
    depth_of_discharge: 0.5
  VRBF:
    cost: 284.039
    lifetime: 14.7351
    annual_cost: 19.276353740388597
    efficiency: 0.704003
    discharge_ratio: 0.5
    depth_of_discharge: 1.0
