cost_values:
  wind_capex: 5000.0
  wind_opex: 100
  wind_lifetime: 20
  solar_capex: 1000.0
  solar_opex: 10
  solar_lifetime: 20
  carbon_price: 1.0
timeseries_values:
  load_level: 226322.87609349302
  wind_year: 2011
  solar_year: 2016
  price_year: 2023
  carbon_year: 2023
storage_values:
  CAES:
    cost: 53.3586
    lifetime: 21.6539
    annual_cost: 2.464156572257192
    efficiency: 0.590504
    discharge_ratio: 0.1
    depth_of_discharge: 0.4
  Li-ion:
    cost: 167.853
    lifetime: 20.3952
    annual_cost: 8.23002471169687
    efficiency: 0.870157
    discharge_ratio: 2
    depth_of_discharge: 0.9
  Pb-acid:
    cost: 85.8248
    lifetime: 13.4693
    annual_cost: 6.371882725902608
    efficiency: 0.725323
    discharge_ratio: 5
    depth_of_discharge: 0.5
  VRBF:
    cost: 274.159
    lifetime: 15.8452
    annual_cost: 17.302337616439047
    efficiency: 0.712778
    discharge_ratio: 0.5
    depth_of_discharge: 1.0
