cost_values:
  wind_capex: 5000.0
  wind_opex: 100
  wind_lifetime: 20
  solar_capex: 1000.0
  solar_opex: 10
  solar_lifetime: 20
  carbon_price: 1.0
timeseries_values:
  load_level: 226322.87609349302
  wind_year: 2011
  solar_year: 2016
  price_year: 2023
  carbon_year: 2023
storage_values:
  CAES:
    cost: 62.1157
    lifetime: 21.6524
    annual_cost: 2.8687674345569083
    efficiency: 0.578191
    discharge_ratio: 0.1
    depth_of_discharge: 0.4
  Li-ion:
    cost: 177.015
    lifetime: 22.3756
    annual_cost: 7.911072775702104
    efficiency: 0.859068
    discharge_ratio: 2
    depth_of_discharge: 0.9
  Pb-acid:
    cost: 73.759
    lifetime: 14.8273
    annual_cost: 4.9745402062411905
    efficiency: 0.716324
    discharge_ratio: 5
    depth_of_discharge: 0.5
  VRBF:
    cost: 276.312
    lifetime: 13.1705
    annual_cost: 20.979613530238034
    efficiency: 0.712725
    discharge_ratio: 0.5
    depth_of_discharge: 1.0
