cost_values:
  wind_capex: 5000.0
  wind_opex: 100
  wind_lifetime: 20
  solar_capex: 1000.0
  solar_opex: 10
  solar_lifetime: 20
  carbon_price: 1.0
timeseries_values:
  load_level: 226322.87609349302
  wind_year: 2011
  solar_year: 2016
  price_year: 2023
  carbon_year: 2023
storage_values:
  CAES:
    cost: 53.0233
    lifetime: 21.0909
    annual_cost: 2.514036859498646
    efficiency: 0.582661
    discharge_ratio: 0.1
    depth_of_discharge: 0.4
  Li-ion:
    cost: 152.652
    lifetime: 21.3753
    annual_cost: 7.141513803315041
    efficiency: 0.869434
    discharge_ratio: 2
    depth_of_discharge: 0.9
  Pb-acid:
    cost: 85.3309
    lifetime: 15.7614
    annual_cost: 5.413916276472902
    efficiency: 0.708197
    discharge_ratio: 5
    depth_of_discharge: 0.5
  VRBF:
    cost: 273.892
    lifetime: 15.5653
    annual_cost: 17.596320019530623
    efficiency: 0.694044
    discharge_ratio: 0.5
    depth_of_discharge: 1.0
