cost_values:
  wind_capex: 5000.0
  wind_opex: 100
  wind_lifetime: 20
  solar_capex: 1000.0
  solar_opex: 10
  solar_lifetime: 20
  carbon_price: 1.0
timeseries_values:
  load_level: 226322.87609349302
  wind_year: 2011
  solar_year: 2016
  price_year: 2023
  carbon_year: 2023
storage_values:
  CAES:
    cost: 60.4648
    lifetime: 21.2503
    annual_cost: 2.8453621831221207
    efficiency: 0.579565
    discharge_ratio: 0.1
    depth_of_discharge: 0.4
  Li-ion:
    cost: 174.495
    lifetime: 22.3077
    annual_cost: 7.822186957866566
    efficiency: 0.86218
    discharge_ratio: 2
    depth_of_discharge: 0.9
  Pb-acid:
    cost: 78.3127
    lifetime: 15.3889
    annual_cost: 5.088908239055423
    efficiency: 0.714514
    discharge_ratio: 5
    depth_of_discharge: 0.5
  VRBF:
    cost: 261.35
    lifetime: 13.2751
    annual_cost: 19.68723399447085
    efficiency: 0.707295
    discharge_ratio: 0.5
    depth_of_discharge: 1.0
