cost_values:
  wind_capex: 5000.0
  wind_opex: 100
  wind_lifetime: 20
  solar_capex: 1000.0
  solar_opex: 10
  solar_lifetime: 20
  carbon_price: 1.0
timeseries_values:
  load_level: 226322.87609349302
  wind_year: 2011
  solar_year: 2016
  price_year: 2023
  carbon_year: 2023
storage_values:
  CAES:
    cost: 51.7308
    lifetime: 22.1547
    annual_cost: 2.334980839280153
    efficiency: 0.580433
    discharge_ratio: 0.1
    depth_of_discharge: 0.4
  Li-ion:
    cost: 173.39
    lifetime: 22.4972
    annual_cost: 7.707181338122077
    efficiency: 0.869867
    discharge_ratio: 2
    depth_of_discharge: 0.9
  Pb-acid:
    cost: 80.8436
    lifetime: 13.8147
    annual_cost: 5.851998233765482
    efficiency: 0.718157
    discharge_ratio: 5
    depth_of_discharge: 0.5
  VRBF:
    cost: 273.56
    lifetime: 15.4715
    annual_cost: 17.681543483178746
    efficiency: 0.686239
    discharge_ratio: 0.5
    depth_of_discharge: 1.0
