cost_values:
  wind_capex: 5000.0
  wind_opex: 100
  wind_lifetime: 20
  solar_capex: 1000.0
  solar_opex: 10
  solar_lifetime: 20
  carbon_price: 1.0
timeseries_values:
  load_level: 226322.87609349302
  wind_year: 2011
  solar_year: 2016
  price_year: 2023
  carbon_year: 2023
storage_values:
  CAES:
    cost: 48.9819
    lifetime: 21.2363
    annual_cost: 2.306517613708603
    efficiency: 0.584305
    discharge_ratio: 0.1
    depth_of_discharge: 0.4
  Li-ion:
    cost: 194.845
    lifetime: 22.4852
    annual_cost: 8.665477736466654
    efficiency: 0.853776
    discharge_ratio: 2
    depth_of_discharge: 0.9
  Pb-acid:
    cost: 66.2928
    lifetime: 14.9258
    annual_cost: 4.4414905733696015
    efficiency: 0.712754
    discharge_ratio: 5
    depth_of_discharge: 0.5
  VRBF:
    cost: 258.691
    lifetime: 15.2436
    annual_cost: 16.97046629405127
    efficiency: 0.714128
    discharge_ratio: 0.5
    depth_of_discharge: 1.0
