cost_values:
  wind_capex: 5000.0
  wind_opex: 100
  wind_lifetime: 20
  solar_capex: 1000.0
  solar_opex: 10
  solar_lifetime: 20
  carbon_price: 1.0
timeseries_values:
  load_level: 226322.87609349302
  wind_year: 2011
  solar_year: 2016
  price_year: 2023
  carbon_year: 2023
storage_values:
  CAES:
    cost: 55.6825
    lifetime: 20.9309
    annual_cost: 2.6603012770592755
    efficiency: 0.590494
    discharge_ratio: 0.1
    depth_of_discharge: 0.4
  Li-ion:
    cost: 177.989
    lifetime: 22.6133
    annual_cost: 7.870987427752695
    efficiency: 0.853549
    discharge_ratio: 2
    depth_of_discharge: 0.9
  Pb-acid:
    cost: 79.8564
    lifetime: 16.3513
    annual_cost: 4.883795172249301
    efficiency: 0.717642
    discharge_ratio: 5
    depth_of_discharge: 0.5
  VRBF:
    cost: 270.198
    lifetime: 15.2282
    annual_cost: 17.743265783217975
    efficiency: 0.701371
    discharge_ratio: 0.5
    depth_of_discharge: 1.0
