cost_values:
  wind_capex: 5000.0
  wind_opex: 100
  wind_lifetime: 20
  solar_capex: 1000.0
  solar_opex: 10
  solar_lifetime: 20
  carbon_price: 1.0
timeseries_values:
  load_level: 226322.87609349302
  wind_year: 2011
  solar_year: 2016
  price_year: 2023
  carbon_year: 2023
storage_values:
  CAES:
    cost: 59.0974
    lifetime: 21.377
    annual_cost: 2.7645319736165037
    efficiency: 0.581991
    discharge_ratio: 0.1
    depth_of_discharge: 0.4
  Li-ion:
    cost: 171.333
    lifetime: 20.7232
    annual_cost: 8.267690318097591
    efficiency: 0.861984
    discharge_ratio: 2
    depth_of_discharge: 0.9
  Pb-acid:
    cost: 78.6255
    lifetime: 14.9824
    annual_cost: 5.247857486117044
    efficiency: 0.720037
    discharge_ratio: 5
    depth_of_discharge: 0.5
  VRBF:
    cost: 263.94
    lifetime: 13.8152
    annual_cost: 19.105043719960623
    efficiency: 0.69163
    discharge_ratio: 0.5
    depth_of_discharge: 1.0
