cost_values:
  wind_capex: 5000.0
  wind_opex: 100
  wind_lifetime: 20
  solar_capex: 1000.0
  solar_opex: 10
  solar_lifetime: 20
  carbon_price: 1.0
timeseries_values:
  load_level: 226322.87609349302
  wind_year: 2011
  solar_year: 2016
  price_year: 2023
  carbon_year: 2023
storage_values:
  CAES:
    cost: 48.9885
    lifetime: 20.9795
    annual_cost: 2.3350651826783286
    efficiency: 0.576694
    discharge_ratio: 0.1
    depth_of_discharge: 0.4
  Li-ion:
    cost: 180.905
    lifetime: 21.4318
    annual_cost: 8.440961561791358
    efficiency: 0.855533
    discharge_ratio: 2
    depth_of_discharge: 0.9
  Pb-acid:
    cost: 92.4925
    lifetime: 14.6837
    annual_cost: 6.298991398625687
    efficiency: 0.710322
    discharge_ratio: 5
    depth_of_discharge: 0.5
  VRBF:
    cost: 258.438
    lifetime: 14.584
    annual_cost: 17.720652770159077
    efficiency: 0.708384
    discharge_ratio: 0.5
    depth_of_discharge: 1.0
