cost_values:
  wind_capex: 5000.0
  wind_opex: 100
  wind_lifetime: 20
  solar_capex: 1000.0
  solar_opex: 10
  solar_lifetime: 20
  carbon_price: 1.0
timeseries_values:
  load_level: 226322.87609349302
  wind_year: 2011
  solar_year: 2016
  price_year: 2023
  carbon_year: 2023
storage_values:
  CAES:
    cost: 59.9244
    lifetime: 21.704
    annual_cost: 2.760984150387025
    efficiency: 0.588432
    discharge_ratio: 0.1
    depth_of_discharge: 0.4
  Li-ion:
    cost: 181.461
    lifetime: 23.2345
    annual_cost: 7.809980847446686
    efficiency: 0.857698
    discharge_ratio: 2
    depth_of_discharge: 0.9
  Pb-acid:
    cost: 81.8836
    lifetime: 14.7019
    annual_cost: 5.569593045796802
    efficiency: 0.71748
    discharge_ratio: 5
    depth_of_discharge: 0.5
  VRBF:
    cost: 283.838
    lifetime: 13.4576
    annual_cost: 21.091279277137087
    efficiency: 0.710389
    discharge_ratio: 0.5
    depth_of_discharge: 1.0
