cost_values:
  wind_capex: 5000.0
  wind_opex: 100
  wind_lifetime: 20
  solar_capex: 1000.0
  solar_opex: 10
  solar_lifetime: 20
  carbon_price: 1.0
timeseries_values:
  load_level: 226322.87609349302
  wind_year: 2011
  solar_year: 2016
  price_year: 2023
  carbon_year: 2023
storage_values:
  CAES:
    cost: 53.83
    lifetime: 21.98
    annual_cost: 2.449044585987261
    efficiency: 0.585839
    discharge_ratio: 0.1
    depth_of_discharge: 0.4
  Li-ion:
    cost: 173.422
    lifetime: 21.8098
    annual_cost: 7.951563058808426
    efficiency: 0.861373
    discharge_ratio: 2
    depth_of_discharge: 0.9
  Pb-acid:
    cost: 93.6892
    lifetime: 15.233
    annual_cost: 6.150410293441869
    efficiency: 0.702098
    discharge_ratio: 5
    depth_of_discharge: 0.5
  VRBF:
    cost: 279.406
    lifetime: 12.6928
    annual_cost: 22.0129522248834
    efficiency: 0.705671
    discharge_ratio: 0.5
    depth_of_discharge: 1.0
