cost_values:
  wind_capex: 5000.0
  wind_opex: 100
  wind_lifetime: 20
  solar_capex: 1000.0
  solar_opex: 10
  solar_lifetime: 20
  carbon_price: 1.0
timeseries_values:
  load_level: 226322.87609349302
  wind_year: 2011
  solar_year: 2016
  price_year: 2023
  carbon_year: 2023
storage_values:
  CAES:
    cost: 52.8158
    lifetime: 21.8029
    annual_cost: 2.422420870618129
    efficiency: 0.572547
    discharge_ratio: 0.1
    depth_of_discharge: 0.4
  Li-ion:
    cost: 191.625
    lifetime: 22.726
    annual_cost: 8.431972190442664
    efficiency: 0.866564
    discharge_ratio: 2
    depth_of_discharge: 0.9
  Pb-acid:
    cost: 93.3166
    lifetime: 14.9164
    annual_cost: 6.2559732911426345
    efficiency: 0.714517
    discharge_ratio: 5
    depth_of_discharge: 0.5
  VRBF:
    cost: 280.047
    lifetime: 14.2659
    annual_cost: 19.630517527811076
    efficiency: 0.713243
    discharge_ratio: 0.5
    depth_of_discharge: 1.0
