cost_values:
  wind_capex: 5000.0
  wind_opex: 100
  wind_lifetime: 20
  solar_capex: 1000.0
  solar_opex: 10
  solar_lifetime: 20
  carbon_price: 1.0
timeseries_values:
  load_level: 226322.87609349302
  wind_year: 2011
  solar_year: 2016
  price_year: 2023
  carbon_year: 2023
storage_values:
  CAES:
    cost: 56.5166
    lifetime: 20.0987
    annual_cost: 2.8119530118863407
    efficiency: 0.588769
    discharge_ratio: 0.1
    depth_of_discharge: 0.4
  Li-ion:
    cost: 176.074
    lifetime: 23.0212
    annual_cost: 7.648341528677915
    efficiency: 0.868855
    discharge_ratio: 2
    depth_of_discharge: 0.9
  Pb-acid:
    cost: 56.4115
    lifetime: 14.544
    annual_cost: 3.878678492849285
    efficiency: 0.703781
    discharge_ratio: 5
    depth_of_discharge: 0.5
  VRBF:
    cost: 289.392
    lifetime: 14.5231
    annual_cost: 19.92632426961186
    efficiency: 0.700476
    discharge_ratio: 0.5
    depth_of_discharge: 1.0
