cost_values:
  wind_capex: 5000.0
  wind_opex: 100
  wind_lifetime: 20
  solar_capex: 1000.0
  solar_opex: 10
  solar_lifetime: 20
  carbon_price: 1.0
timeseries_values:
  load_level: 226322.87609349302
  wind_year: 2011
  solar_year: 2016
  price_year: 2023
  carbon_year: 2023
storage_values:
  CAES:
    cost: 62.0983
    lifetime: 22.7273
    annual_cost: 2.732321921213695
    efficiency: 0.584358
    discharge_ratio: 0.1
    depth_of_discharge: 0.4
  Li-ion:
    cost: 168.45
    lifetime: 23.0359
    annual_cost: 7.312499186053072
    efficiency: 0.856616
    discharge_ratio: 2
    depth_of_discharge: 0.9
  Pb-acid:
    cost: 56.0698
    lifetime: 16.3127
    annual_cost: 3.4371869770179067
    efficiency: 0.732628
    discharge_ratio: 5
    depth_of_discharge: 0.5
  VRBF:
    cost: 267.337
    lifetime: 15.197
    annual_cost: 17.591432519576234
    efficiency: 0.697622
    discharge_ratio: 0.5
    depth_of_discharge: 1.0
