cost_values:
  wind_capex: 5000.0
  wind_opex: 100
  wind_lifetime: 20
  solar_capex: 1000.0
  solar_opex: 10
  solar_lifetime: 20
  carbon_price: 1.0
timeseries_values:
  load_level: 226322.87609349302
  wind_year: 2011
  solar_year: 2016
  price_year: 2023
  carbon_year: 2023
storage_values:
  CAES:
    cost: 61.6305
    lifetime: 20.4226
    annual_cost: 3.017759736762214
    efficiency: 0.585078
    discharge_ratio: 0.1
    depth_of_discharge: 0.4
  Li-ion:
    cost: 173.987
    lifetime: 22.467
    annual_cost: 7.7441135888191575
    efficiency: 0.86111
    discharge_ratio: 2
    depth_of_discharge: 0.9
  Pb-acid:
    cost: 50.2611
    lifetime: 14.2715
    annual_cost: 3.521781172266405
    efficiency: 0.730156
    discharge_ratio: 5
    depth_of_discharge: 0.5
  VRBF:
    cost: 228.93
    lifetime: 14.6364
    annual_cost: 15.641141264245306
    efficiency: 0.721189
    discharge_ratio: 0.5
    depth_of_discharge: 1.0
