cost_values:
  wind_capex: 5000.0
  wind_opex: 100
  wind_lifetime: 20
  solar_capex: 1000.0
  solar_opex: 10
  solar_lifetime: 20
  carbon_price: 1.0
timeseries_values:
  load_level: 226322.87609349302
  wind_year: 2011
  solar_year: 2016
  price_year: 2023
  carbon_year: 2023
storage_values:
  CAES:
    cost: 56.2167
    lifetime: 21.5112
    annual_cost: 2.6133688497154974
    efficiency: 0.590144
    discharge_ratio: 0.1
    depth_of_discharge: 0.4
  Li-ion:
    cost: 152.99
    lifetime: 21.4941
    annual_cost: 7.117767201231967
    efficiency: 0.872697
    discharge_ratio: 2
    depth_of_discharge: 0.9
  Pb-acid:
    cost: 68.9796
    lifetime: 14.014
    annual_cost: 4.922192093620666
    efficiency: 0.707825
    discharge_ratio: 5
    depth_of_discharge: 0.5
  VRBF:
    cost: 260.42
    lifetime: 15.0642
    annual_cost: 17.287343503139898
    efficiency: 0.686192
    discharge_ratio: 0.5
    depth_of_discharge: 1.0
