cost_values:
  wind_capex: 5000.0
  wind_opex: 100
  wind_lifetime: 20
  solar_capex: 1000.0
  solar_opex: 10
  solar_lifetime: 20
  carbon_price: 1.0
timeseries_values:
  load_level: 226322.87609349302
  wind_year: 2011
  solar_year: 2016
  price_year: 2023
  carbon_year: 2023
storage_values:
  CAES:
    cost: 60.7303
    lifetime: 21.1513
    annual_cost: 2.871232501075584
    efficiency: 0.58008
    discharge_ratio: 0.1
    depth_of_discharge: 0.4
  Li-ion:
    cost: 172.435
    lifetime: 21.9292
    annual_cost: 7.863259945643251
    efficiency: 0.860544
    discharge_ratio: 2
    depth_of_discharge: 0.9
  Pb-acid:
    cost: 88.1518
    lifetime: 15.3788
    annual_cost: 5.732033708741904
    efficiency: 0.737176
    discharge_ratio: 5
    depth_of_discharge: 0.5
  VRBF:
    cost: 262.41
    lifetime: 12.3419
    annual_cost: 21.261718211944675
    efficiency: 0.71185
    discharge_ratio: 0.5
    depth_of_discharge: 1.0
