cost_values:
  wind_capex: 5000.0
  wind_opex: 100
  wind_lifetime: 20
  solar_capex: 1000.0
  solar_opex: 10
  solar_lifetime: 20
  carbon_price: 1.0
timeseries_values:
  load_level: 226322.87609349302
  wind_year: 2011
  solar_year: 2016
  price_year: 2023
  carbon_year: 2023
storage_values:
  CAES:
    cost: 53.3975
    lifetime: 22.0773
    annual_cost: 2.4186607963836155
    efficiency: 0.591381
    discharge_ratio: 0.1
    depth_of_discharge: 0.4
  Li-ion:
    cost: 171.645
    lifetime: 21.8852
    annual_cost: 7.84297150585784
    efficiency: 0.860668
    discharge_ratio: 2
    depth_of_discharge: 0.9
  Pb-acid:
    cost: 93.8386
    lifetime: 14.6964
    annual_cost: 6.385141939522604
    efficiency: 0.709456
    discharge_ratio: 5
    depth_of_discharge: 0.5
  VRBF:
    cost: 263.774
    lifetime: 14.3622
    annual_cost: 18.365849243152162
    efficiency: 0.695088
    discharge_ratio: 0.5
    depth_of_discharge: 1.0
