cost_values:
  wind_capex: 5000.0
  wind_opex: 100
  wind_lifetime: 20
  solar_capex: 1000.0
  solar_opex: 10
  solar_lifetime: 20
  carbon_price: 1.0
timeseries_values:
  load_level: 226322.87609349302
  wind_year: 2011
  solar_year: 2016
  price_year: 2023
  carbon_year: 2023
storage_values:
  CAES:
    cost: 52.3316
    lifetime: 21.345
    annual_cost: 2.451702974935582
    efficiency: 0.580297
    discharge_ratio: 0.1
    depth_of_discharge: 0.4
  Li-ion:
    cost: 172.27
    lifetime: 22.7868
    annual_cost: 7.5600786420208195
    efficiency: 0.85338
    discharge_ratio: 2
    depth_of_discharge: 0.9
  Pb-acid:
    cost: 84.9428
    lifetime: 13.84
    annual_cost: 6.137485549132949
    efficiency: 0.719214
    discharge_ratio: 5
    depth_of_discharge: 0.5
  VRBF:
    cost: 261.223
    lifetime: 15.5889
    annual_cost: 16.756987343558556
    efficiency: 0.709719
    discharge_ratio: 0.5
    depth_of_discharge: 1.0
