cost_values:
  wind_capex: 5000.0
  wind_opex: 100
  wind_lifetime: 20
  solar_capex: 1000.0
  solar_opex: 10
  solar_lifetime: 20
  carbon_price: 1.0
timeseries_values:
  load_level: 226322.87609349302
  wind_year: 2011
  solar_year: 2016
  price_year: 2023
  carbon_year: 2023
storage_values:
  CAES:
    cost: 57.3536
    lifetime: 20.037
    annual_cost: 2.8623845885112544
    efficiency: 0.589172
    discharge_ratio: 0.1
    depth_of_discharge: 0.4
  Li-ion:
    cost: 172.084
    lifetime: 20.4781
    annual_cost: 8.40331866725917
    efficiency: 0.85453
    discharge_ratio: 2
    depth_of_discharge: 0.9
  Pb-acid:
    cost: 73.9423
    lifetime: 13.5385
    annual_cost: 5.4616316430919225
    efficiency: 0.712368
    discharge_ratio: 5
    depth_of_discharge: 0.5
  VRBF:
    cost: 271.811
    lifetime: 13.5101
    annual_cost: 20.119096083670733
    efficiency: 0.694214
    discharge_ratio: 0.5
    depth_of_discharge: 1.0
