cost_values:
  wind_capex: 5000.0
  wind_opex: 100
  wind_lifetime: 20
  solar_capex: 1000.0
  solar_opex: 10
  solar_lifetime: 20
  carbon_price: 1.0
timeseries_values:
  load_level: 226322.87609349302
  wind_year: 2011
  solar_year: 2016
  price_year: 2023
  carbon_year: 2023
storage_values:
  CAES:
    cost: 54.5166
    lifetime: 22.7628
    annual_cost: 2.3949865570140756
    efficiency: 0.587976
    discharge_ratio: 0.1
    depth_of_discharge: 0.4
  Li-ion:
    cost: 160.613
    lifetime: 24.9031
    annual_cost: 6.449518333058937
    efficiency: 0.861304
    discharge_ratio: 2
    depth_of_discharge: 0.9
  Pb-acid:
    cost: 77.2572
    lifetime: 15.443
    annual_cost: 5.002732629670401
    efficiency: 0.737113
    discharge_ratio: 5
    depth_of_discharge: 0.5
  VRBF:
    cost: 303.135
    lifetime: 15.3354
    annual_cost: 19.767009663914862
    efficiency: 0.693248
    discharge_ratio: 0.5
    depth_of_discharge: 1.0
