cost_values:
  wind_capex: 5000.0
  wind_opex: 100
  wind_lifetime: 20
  solar_capex: 1000.0
  solar_opex: 10
  solar_lifetime: 20
  carbon_price: 1.0
timeseries_values:
  load_level: 226322.87609349302
  wind_year: 2011
  solar_year: 2016
  price_year: 2023
  carbon_year: 2023
storage_values:
  CAES:
    cost: 58.1417
    lifetime: 21.1453
    annual_cost: 2.74962757681376
    efficiency: 0.578982
    discharge_ratio: 0.1
    depth_of_discharge: 0.4
  Li-ion:
    cost: 182.404
    lifetime: 22.9724
    annual_cost: 7.940136859884034
    efficiency: 0.860511
    discharge_ratio: 2
    depth_of_discharge: 0.9
  Pb-acid:
    cost: 83.5773
    lifetime: 14.8023
    annual_cost: 5.646237409051295
    efficiency: 0.721094
    discharge_ratio: 5
    depth_of_discharge: 0.5
  VRBF:
    cost: 268.852
    lifetime: 13.655
    annual_cost: 19.688905162943975
    efficiency: 0.694975
    discharge_ratio: 0.5
    depth_of_discharge: 1.0
