cost_values:
  wind_capex: 5000.0
  wind_opex: 100
  wind_lifetime: 20
  solar_capex: 1000.0
  solar_opex: 10
  solar_lifetime: 20
  carbon_price: 1.0
timeseries_values:
  load_level: 226322.87609349302
  wind_year: 2011
  solar_year: 2016
  price_year: 2023
  carbon_year: 2023
storage_values:
  CAES:
    cost: 58.4613
    lifetime: 21.2435
    annual_cost: 2.7519617765434132
    efficiency: 0.591183
    discharge_ratio: 0.1
    depth_of_discharge: 0.4
  Li-ion:
    cost: 177.243
    lifetime: 20.5457
    annual_cost: 8.62676861825102
    efficiency: 0.859591
    discharge_ratio: 2
    depth_of_discharge: 0.9
  Pb-acid:
    cost: 77.9877
    lifetime: 15.9094
    annual_cost: 4.901988761361208
    efficiency: 0.727155
    discharge_ratio: 5
    depth_of_discharge: 0.5
  VRBF:
    cost: 289.609
    lifetime: 14.5548
    annual_cost: 19.89783439140352
    efficiency: 0.674957
    discharge_ratio: 0.5
    depth_of_discharge: 1.0
