cost_values:
  wind_capex: 5000.0
  wind_opex: 100
  wind_lifetime: 20
  solar_capex: 1000.0
  solar_opex: 10
  solar_lifetime: 20
  carbon_price: 1.0
timeseries_values:
  load_level: 264598.0009272072
  wind_year: 2018
  solar_year: 2011
  price_year: 2023
  carbon_year: 2023
storage_values:
  CAES:
    cost: 44.0169
    lifetime: 21.9572
    annual_cost: 2.0046681726267463
    efficiency: 0.602296
    discharge_ratio: 0.1
    depth_of_discharge: 0.4
  Li-ion:
    cost: 213.158
    lifetime: 27.7003
    annual_cost: 7.695151316050729
    efficiency: 0.88035
    discharge_ratio: 2
    depth_of_discharge: 0.9
  Pb-acid:
    cost: 172.673
    lifetime: 12.0149
    annual_cost: 14.371571964810359
    efficiency: 0.68354
    discharge_ratio: 5
    depth_of_discharge: 0.5
  VRBF:
    cost: 202.689
    lifetime: 25.1788
    annual_cost: 8.049986496576485
    efficiency: 0.782097
    discharge_ratio: 0.5
    depth_of_discharge: 1.0
