cost_values:
  wind_capex: 5000.0
  wind_opex: 100
  wind_lifetime: 20
  solar_capex: 1000.0
  solar_opex: 10
  solar_lifetime: 20
  carbon_price: 1.0
timeseries_values:
  load_level: 264598.0009272072
  wind_year: 2018
  solar_year: 2011
  price_year: 2023
  carbon_year: 2023
storage_values:
  CAES:
    cost: 40.7669
    lifetime: 21.9201
    annual_cost: 1.8597953476489613
    efficiency: 0.613108
    discharge_ratio: 0.1
    depth_of_discharge: 0.4
  Li-ion:
    cost: 203.615
    lifetime: 23.6529
    annual_cost: 8.608458159464591
    efficiency: 0.873663
    discharge_ratio: 2
    depth_of_discharge: 0.9
  Pb-acid:
    cost: 222.255
    lifetime: 10.6849
    annual_cost: 20.800849797377605
    efficiency: 0.682158
    discharge_ratio: 5
    depth_of_discharge: 0.5
  VRBF:
    cost: 194.193
    lifetime: 22.8696
    annual_cost: 8.49131598278938
    efficiency: 0.769247
    discharge_ratio: 0.5
    depth_of_discharge: 1.0
