cost_values:
  wind_capex: 5000.0
  wind_opex: 100
  wind_lifetime: 20
  solar_capex: 1000.0
  solar_opex: 10
  solar_lifetime: 20
  carbon_price: 1.0
timeseries_values:
  load_level: 264598.0009272072
  wind_year: 2018
  solar_year: 2011
  price_year: 2023
  carbon_year: 2023
storage_values:
  CAES:
    cost: 43.7942
    lifetime: 22.2731
    annual_cost: 1.9662372997023314
    efficiency: 0.600744
    discharge_ratio: 0.1
    depth_of_discharge: 0.4
  Li-ion:
    cost: 212.32
    lifetime: 24.6495
    annual_cost: 8.613562141219903
    efficiency: 0.888284
    discharge_ratio: 2
    depth_of_discharge: 0.9
  Pb-acid:
    cost: 203.006
    lifetime: 8.48066
    annual_cost: 23.937523730464374
    efficiency: 0.679468
    discharge_ratio: 5
    depth_of_discharge: 0.5
  VRBF:
    cost: 167.866
    lifetime: 23.7792
    annual_cost: 7.059362804467771
    efficiency: 0.758006
    discharge_ratio: 0.5
    depth_of_discharge: 1.0
