cost_values:
  wind_capex: 5000.0
  wind_opex: 100
  wind_lifetime: 20
  solar_capex: 1000.0
  solar_opex: 10
  solar_lifetime: 20
  carbon_price: 1.0
timeseries_values:
  load_level: 264598.0009272072
  wind_year: 2018
  solar_year: 2011
  price_year: 2023
  carbon_year: 2023
storage_values:
  CAES:
    cost: 43.8301
    lifetime: 23.4368
    annual_cost: 1.870140121518296
    efficiency: 0.596775
    discharge_ratio: 0.1
    depth_of_discharge: 0.4
  Li-ion:
    cost: 218.374
    lifetime: 24.3945
    annual_cost: 8.951771915800693
    efficiency: 0.882636
    discharge_ratio: 2
    depth_of_discharge: 0.9
  Pb-acid:
    cost: 204.315
    lifetime: 10.3081
    annual_cost: 19.82082051978541
    efficiency: 0.682737
    discharge_ratio: 5
    depth_of_discharge: 0.5
  VRBF:
    cost: 216.023
    lifetime: 23.4749
    annual_cost: 9.202296921392636
    efficiency: 0.772671
    discharge_ratio: 0.5
    depth_of_discharge: 1.0
