cost_values:
  wind_capex: 5000.0
  wind_opex: 100
  wind_lifetime: 20
  solar_capex: 1000.0
  solar_opex: 10
  solar_lifetime: 20
  carbon_price: 1.0
timeseries_values:
  load_level: 264598.0009272072
  wind_year: 2018
  solar_year: 2011
  price_year: 2023
  carbon_year: 2023
storage_values:
  CAES:
    cost: 43.242
    lifetime: 23.2786
    annual_cost: 1.8575859372986345
    efficiency: 0.609039
    discharge_ratio: 0.1
    depth_of_discharge: 0.4
  Li-ion:
    cost: 222.799
    lifetime: 24.196
    annual_cost: 9.208092246652338
    efficiency: 0.870309
    discharge_ratio: 2
    depth_of_discharge: 0.9
  Pb-acid:
    cost: 202.384
    lifetime: 10.0439
    annual_cost: 20.149941755692506
    efficiency: 0.673162
    discharge_ratio: 5
    depth_of_discharge: 0.5
  VRBF:
    cost: 200.627
    lifetime: 23.3559
    annual_cost: 8.58999225035216
    efficiency: 0.782243
    discharge_ratio: 0.5
    depth_of_discharge: 1.0
