cost_values:
  wind_capex: 5000.0
  wind_opex: 100
  wind_lifetime: 20
  solar_capex: 1000.0
  solar_opex: 10
  solar_lifetime: 20
  carbon_price: 1.0
timeseries_values:
  load_level: 264598.0009272072
  wind_year: 2018
  solar_year: 2011
  price_year: 2023
  carbon_year: 2023
storage_values:
  CAES:
    cost: 40.3092
    lifetime: 22.4087
    annual_cost: 1.7988192086109411
    efficiency: 0.612595
    discharge_ratio: 0.1
    depth_of_discharge: 0.4
  Li-ion:
    cost: 223.092
    lifetime: 24.4259
    annual_cost: 9.133419853516147
    efficiency: 0.878682
    discharge_ratio: 2
    depth_of_discharge: 0.9
  Pb-acid:
    cost: 207.458
    lifetime: 10.51
    annual_cost: 19.739105613701238
    efficiency: 0.6785
    discharge_ratio: 5
    depth_of_discharge: 0.5
  VRBF:
    cost: 196.497
    lifetime: 22.0989
    annual_cost: 8.891709542103905
    efficiency: 0.808832
    discharge_ratio: 0.5
    depth_of_discharge: 1.0
