cost_values:
  wind_capex: 5000.0
  wind_opex: 100
  wind_lifetime: 20
  solar_capex: 1000.0
  solar_opex: 10
  solar_lifetime: 20
  carbon_price: 1.0
timeseries_values:
  load_level: 264598.0009272072
  wind_year: 2018
  solar_year: 2011
  price_year: 2023
  carbon_year: 2023
storage_values:
  CAES:
    cost: 47.6749
    lifetime: 22.4022
    annual_cost: 2.1281347367669246
    efficiency: 0.598006
    discharge_ratio: 0.1
    depth_of_discharge: 0.4
  Li-ion:
    cost: 185.586
    lifetime: 24.671
    annual_cost: 7.522435247861863
    efficiency: 0.874608
    discharge_ratio: 2
    depth_of_discharge: 0.9
  Pb-acid:
    cost: 177.019
    lifetime: 10.3118
    annual_cost: 17.166644038868093
    efficiency: 0.677163
    discharge_ratio: 5
    depth_of_discharge: 0.5
  VRBF:
    cost: 208.565
    lifetime: 23.3837
    annual_cost: 8.919247167899005
    efficiency: 0.768613
    discharge_ratio: 0.5
    depth_of_discharge: 1.0
