cost_values:
  wind_capex: 5000.0
  wind_opex: 100
  wind_lifetime: 20
  solar_capex: 1000.0
  solar_opex: 10
  solar_lifetime: 20
  carbon_price: 1.0
timeseries_values:
  load_level: 264598.0009272072
  wind_year: 2018
  solar_year: 2011
  price_year: 2023
  carbon_year: 2023
storage_values:
  CAES:
    cost: 40.8058
    lifetime: 22.2377
    annual_cost: 1.8349829343861999
    efficiency: 0.602318
    discharge_ratio: 0.1
    depth_of_discharge: 0.4
  Li-ion:
    cost: 193.29
    lifetime: 25.0458
    annual_cost: 7.717461610329876
    efficiency: 0.890648
    discharge_ratio: 2
    depth_of_discharge: 0.9
  Pb-acid:
    cost: 192.369
    lifetime: 12.3305
    annual_cost: 15.601070516199666
    efficiency: 0.680824
    discharge_ratio: 5
    depth_of_discharge: 0.5
  VRBF:
    cost: 210.166
    lifetime: 25.4282
    annual_cost: 8.265075782005804
    efficiency: 0.765625
    discharge_ratio: 0.5
    depth_of_discharge: 1.0
