cost_values:
  wind_capex: 5000.0
  wind_opex: 100
  wind_lifetime: 20
  solar_capex: 1000.0
  solar_opex: 10
  solar_lifetime: 20
  carbon_price: 1.0
timeseries_values:
  load_level: 264598.0009272072
  wind_year: 2018
  solar_year: 2011
  price_year: 2023
  carbon_year: 2023
storage_values:
  CAES:
    cost: 46.8458
    lifetime: 21.9066
    annual_cost: 2.138433166260396
    efficiency: 0.600351
    discharge_ratio: 0.1
    depth_of_discharge: 0.4
  Li-ion:
    cost: 247.365
    lifetime: 26.7179
    annual_cost: 9.258399799385431
    efficiency: 0.874625
    discharge_ratio: 2
    depth_of_discharge: 0.9
  Pb-acid:
    cost: 200.116
    lifetime: 10.1553
    annual_cost: 19.705572459700846
    efficiency: 0.675217
    discharge_ratio: 5
    depth_of_discharge: 0.5
  VRBF:
    cost: 226.187
    lifetime: 23.7055
    annual_cost: 9.541540992596655
    efficiency: 0.74599
    discharge_ratio: 0.5
    depth_of_discharge: 1.0
