cost_values:
  wind_capex: 5000.0
  wind_opex: 100
  wind_lifetime: 20
  solar_capex: 1000.0
  solar_opex: 10
  solar_lifetime: 20
  carbon_price: 1.0
timeseries_values:
  load_level: 264598.0009272072
  wind_year: 2018
  solar_year: 2011
  price_year: 2023
  carbon_year: 2023
storage_values:
  CAES:
    cost: 39.1483
    lifetime: 22.0998
    annual_cost: 1.7714323206544857
    efficiency: 0.604409
    discharge_ratio: 0.1
    depth_of_discharge: 0.4
  Li-ion:
    cost: 188.334
    lifetime: 25.0444
    annual_cost: 7.520004472057626
    efficiency: 0.890144
    discharge_ratio: 2
    depth_of_discharge: 0.9
  Pb-acid:
    cost: 192.059
    lifetime: 10.7912
    annual_cost: 17.797742605085624
    efficiency: 0.685318
    discharge_ratio: 5
    depth_of_discharge: 0.5
  VRBF:
    cost: 202.831
    lifetime: 24.9606
    annual_cost: 8.126046649519642
    efficiency: 0.776658
    discharge_ratio: 0.5
    depth_of_discharge: 1.0
