cost_values:
  wind_capex: 5000.0
  wind_opex: 100
  wind_lifetime: 20
  solar_capex: 1000.0
  solar_opex: 10
  solar_lifetime: 20
  carbon_price: 1.0
timeseries_values:
  load_level: 264598.0009272072
  wind_year: 2018
  solar_year: 2011
  price_year: 2023
  carbon_year: 2023
storage_values:
  CAES:
    cost: 43.1347
    lifetime: 23.0909
    annual_cost: 1.8680389244247735
    efficiency: 0.605261
    discharge_ratio: 0.1
    depth_of_discharge: 0.4
  Li-ion:
    cost: 171.196
    lifetime: 24.9647
    annual_cost: 6.857522822224982
    efficiency: 0.855957
    discharge_ratio: 2
    depth_of_discharge: 0.9
  Pb-acid:
    cost: 204.498
    lifetime: 12.6106
    annual_cost: 16.216357667359205
    efficiency: 0.694914
    discharge_ratio: 5
    depth_of_discharge: 0.5
  VRBF:
    cost: 177.524
    lifetime: 22.228
    annual_cost: 7.986503509087637
    efficiency: 0.792627
    discharge_ratio: 0.5
    depth_of_discharge: 1.0
