cost_values:
  wind_capex: 5000.0
  wind_opex: 100
  wind_lifetime: 20
  solar_capex: 1000.0
  solar_opex: 10
  solar_lifetime: 20
  carbon_price: 1.0
timeseries_values:
  load_level: 264598.0009272072
  wind_year: 2018
  solar_year: 2011
  price_year: 2023
  carbon_year: 2023
storage_values:
  CAES:
    cost: 44.9977
    lifetime: 22.3196
    annual_cost: 2.016062115808527
    efficiency: 0.604869
    discharge_ratio: 0.1
    depth_of_discharge: 0.4
  Li-ion:
    cost: 221.778
    lifetime: 24.3472
    annual_cost: 9.108973516461852
    efficiency: 0.880617
    discharge_ratio: 2
    depth_of_discharge: 0.9
  Pb-acid:
    cost: 176.612
    lifetime: 9.8833
    annual_cost: 17.869739864215394
    efficiency: 0.68716
    discharge_ratio: 5
    depth_of_discharge: 0.5
  VRBF:
    cost: 221.432
    lifetime: 26.4199
    annual_cost: 8.381258066835983
    efficiency: 0.780773
    discharge_ratio: 0.5
    depth_of_discharge: 1.0
