cost_values:
  wind_capex: 5000.0
  wind_opex: 100
  wind_lifetime: 20
  solar_capex: 1000.0
  solar_opex: 10
  solar_lifetime: 20
  carbon_price: 1.0
timeseries_values:
  load_level: 264598.0009272072
  wind_year: 2018
  solar_year: 2011
  price_year: 2023
  carbon_year: 2023
storage_values:
  CAES:
    cost: 46.9802
    lifetime: 21.6031
    annual_cost: 2.1746971499460725
    efficiency: 0.605714
    discharge_ratio: 0.1
    depth_of_discharge: 0.4
  Li-ion:
    cost: 181.929
    lifetime: 25.5922
    annual_cost: 7.108767515102258
    efficiency: 0.882401
    discharge_ratio: 2
    depth_of_discharge: 0.9
  Pb-acid:
    cost: 200.967
    lifetime: 10.3699
    annual_cost: 19.37983972844483
    efficiency: 0.690819
    discharge_ratio: 5
    depth_of_discharge: 0.5
  VRBF:
    cost: 207.742
    lifetime: 24.8818
    annual_cost: 8.349154803912901
    efficiency: 0.803953
    discharge_ratio: 0.5
    depth_of_discharge: 1.0
