cost_values:
  wind_capex: 5000.0
  wind_opex: 100
  wind_lifetime: 20
  solar_capex: 1000.0
  solar_opex: 10
  solar_lifetime: 20
  carbon_price: 1.0
timeseries_values:
  load_level: 264598.0009272072
  wind_year: 2018
  solar_year: 2011
  price_year: 2023
  carbon_year: 2023
storage_values:
  CAES:
    cost: 42.2137
    lifetime: 21.8516
    annual_cost: 1.9318356550550075
    efficiency: 0.598181
    discharge_ratio: 0.1
    depth_of_discharge: 0.4
  Li-ion:
    cost: 205.595
    lifetime: 24.958
    annual_cost: 8.237639233912974
    efficiency: 0.887757
    discharge_ratio: 2
    depth_of_discharge: 0.9
  Pb-acid:
    cost: 192.821
    lifetime: 10.2435
    annual_cost: 18.823741885097867
    efficiency: 0.675018
    discharge_ratio: 5
    depth_of_discharge: 0.5
  VRBF:
    cost: 209.094
    lifetime: 21.9837
    annual_cost: 9.511319750542448
    efficiency: 0.790597
    discharge_ratio: 0.5
    depth_of_discharge: 1.0
