cost_values:
  wind_capex: 5000.0
  wind_opex: 100
  wind_lifetime: 20
  solar_capex: 1000.0
  solar_opex: 10
  solar_lifetime: 20
  carbon_price: 1.0
timeseries_values:
  load_level: 264598.0009272072
  wind_year: 2018
  solar_year: 2011
  price_year: 2023
  carbon_year: 2023
storage_values:
  CAES:
    cost: 44.2445
    lifetime: 22.0786
    annual_cost: 2.003954055057839
    efficiency: 0.601802
    discharge_ratio: 0.1
    depth_of_discharge: 0.4
  Li-ion:
    cost: 199.83
    lifetime: 27.1989
    annual_cost: 7.3469882973208485
    efficiency: 0.871975
    discharge_ratio: 2
    depth_of_discharge: 0.9
  Pb-acid:
    cost: 194.755
    lifetime: 9.11004
    annual_cost: 21.378062006313915
    efficiency: 0.696853
    discharge_ratio: 5
    depth_of_discharge: 0.5
  VRBF:
    cost: 176.316
    lifetime: 23.1335
    annual_cost: 7.621674195430868
    efficiency: 0.779686
    discharge_ratio: 0.5
    depth_of_discharge: 1.0
