cost_values:
  wind_capex: 5000.0
  wind_opex: 100
  wind_lifetime: 20
  solar_capex: 1000.0
  solar_opex: 10
  solar_lifetime: 20
  carbon_price: 1.0
timeseries_values:
  load_level: 264598.0009272072
  wind_year: 2018
  solar_year: 2011
  price_year: 2023
  carbon_year: 2023
storage_values:
  CAES:
    cost: 43.0032
    lifetime: 21.6668
    annual_cost: 1.984750863071612
    efficiency: 0.608591
    discharge_ratio: 0.1
    depth_of_discharge: 0.4
  Li-ion:
    cost: 190.533
    lifetime: 23.8261
    annual_cost: 7.996818614880319
    efficiency: 0.868442
    discharge_ratio: 2
    depth_of_discharge: 0.9
  Pb-acid:
    cost: 186.367
    lifetime: 10.389
    annual_cost: 17.93887765906247
    efficiency: 0.673522
    discharge_ratio: 5
    depth_of_discharge: 0.5
  VRBF:
    cost: 205.245
    lifetime: 23.7155
    annual_cost: 8.654466488161752
    efficiency: 0.772338
    discharge_ratio: 0.5
    depth_of_discharge: 1.0
