cost_values:
  wind_capex: 5000.0
  wind_opex: 100
  wind_lifetime: 20
  solar_capex: 1000.0
  solar_opex: 10
  solar_lifetime: 20
  carbon_price: 1.0
timeseries_values:
  load_level: 264598.0009272072
  wind_year: 2018
  solar_year: 2011
  price_year: 2023
  carbon_year: 2023
storage_values:
  CAES:
    cost: 43.4559
    lifetime: 21.3773
    annual_cost: 2.0328058267414497
    efficiency: 0.60146
    discharge_ratio: 0.1
    depth_of_discharge: 0.4
  Li-ion:
    cost: 206.293
    lifetime: 27.9129
    annual_cost: 7.390597179082073
    efficiency: 0.873541
    discharge_ratio: 2
    depth_of_discharge: 0.9
  Pb-acid:
    cost: 176.676
    lifetime: 11.2372
    annual_cost: 15.722421955647313
    efficiency: 0.69815
    discharge_ratio: 5
    depth_of_discharge: 0.5
  VRBF:
    cost: 196.032
    lifetime: 23.799
    annual_cost: 8.236984747258289
    efficiency: 0.767625
    discharge_ratio: 0.5
    depth_of_discharge: 1.0
