cost_values:
  wind_capex: 5000.0
  wind_opex: 100
  wind_lifetime: 20
  solar_capex: 1000.0
  solar_opex: 10
  solar_lifetime: 20
  carbon_price: 1.0
timeseries_values:
  load_level: 264598.0009272072
  wind_year: 2018
  solar_year: 2011
  price_year: 2023
  carbon_year: 2023
storage_values:
  CAES:
    cost: 45.6534
    lifetime: 22.878
    annual_cost: 1.9955153422501966
    efficiency: 0.596044
    discharge_ratio: 0.1
    depth_of_discharge: 0.4
  Li-ion:
    cost: 202.23
    lifetime: 24.4321
    annual_cost: 8.27722545339942
    efficiency: 0.861145
    discharge_ratio: 2
    depth_of_discharge: 0.9
  Pb-acid:
    cost: 200.32
    lifetime: 9.44713
    annual_cost: 21.20432342944365
    efficiency: 0.674125
    discharge_ratio: 5
    depth_of_discharge: 0.5
  VRBF:
    cost: 236.207
    lifetime: 22.7169
    annual_cost: 10.397853580374083
    efficiency: 0.781153
    discharge_ratio: 0.5
    depth_of_discharge: 1.0
