cost_values:
  wind_capex: 5000.0
  wind_opex: 100
  wind_lifetime: 20
  solar_capex: 1000.0
  solar_opex: 10
  solar_lifetime: 20
  carbon_price: 1.0
timeseries_values:
  load_level: 264598.0009272072
  wind_year: 2018
  solar_year: 2011
  price_year: 2023
  carbon_year: 2023
storage_values:
  CAES:
    cost: 37.248
    lifetime: 22.4347
    annual_cost: 1.6602851832206358
    efficiency: 0.597589
    discharge_ratio: 0.1
    depth_of_discharge: 0.4
  Li-ion:
    cost: 231.532
    lifetime: 26.3955
    annual_cost: 8.771646682199618
    efficiency: 0.88322
    discharge_ratio: 2
    depth_of_discharge: 0.9
  Pb-acid:
    cost: 205.325
    lifetime: 11.0514
    annual_cost: 18.5790940514324
    efficiency: 0.676495
    discharge_ratio: 5
    depth_of_discharge: 0.5
  VRBF:
    cost: 204.606
    lifetime: 21.9529
    annual_cost: 9.320226484883547
    efficiency: 0.76386
    discharge_ratio: 0.5
    depth_of_discharge: 1.0
