cost_values:
  wind_capex: 5000.0
  wind_opex: 100
  wind_lifetime: 20
  solar_capex: 1000.0
  solar_opex: 10
  solar_lifetime: 20
  carbon_price: 1.0
timeseries_values:
  load_level: 264598.0009272072
  wind_year: 2018
  solar_year: 2011
  price_year: 2023
  carbon_year: 2023
storage_values:
  CAES:
    cost: 38.5732
    lifetime: 22.0399
    annual_cost: 1.7501531313662948
    efficiency: 0.597722
    discharge_ratio: 0.1
    depth_of_discharge: 0.4
  Li-ion:
    cost: 232.423
    lifetime: 26.4146
    annual_cost: 8.799035381947862
    efficiency: 0.880994
    discharge_ratio: 2
    depth_of_discharge: 0.9
  Pb-acid:
    cost: 196.675
    lifetime: 10.9091
    annual_cost: 18.028526642894466
    efficiency: 0.685317
    discharge_ratio: 5
    depth_of_discharge: 0.5
  VRBF:
    cost: 217.708
    lifetime: 24.1491
    annual_cost: 9.015159985258249
    efficiency: 0.767412
    discharge_ratio: 0.5
    depth_of_discharge: 1.0
