cost_values:
  wind_capex: 5000.0
  wind_opex: 100
  wind_lifetime: 20
  solar_capex: 1000.0
  solar_opex: 10
  solar_lifetime: 20
  carbon_price: 1.0
timeseries_values:
  load_level: 264598.0009272072
  wind_year: 2018
  solar_year: 2011
  price_year: 2023
  carbon_year: 2023
storage_values:
  CAES:
    cost: 52.7785
    lifetime: 22.0073
    annual_cost: 2.3982269519659387
    efficiency: 0.59715
    discharge_ratio: 0.1
    depth_of_discharge: 0.4
  Li-ion:
    cost: 225.002
    lifetime: 25.9349
    annual_cost: 8.675645558687329
    efficiency: 0.875709
    discharge_ratio: 2
    depth_of_discharge: 0.9
  Pb-acid:
    cost: 226.168
    lifetime: 10.0711
    annual_cost: 22.457129807071723
    efficiency: 0.670668
    discharge_ratio: 5
    depth_of_discharge: 0.5
  VRBF:
    cost: 219.132
    lifetime: 23.9451
    annual_cost: 9.15143390505782
    efficiency: 0.766438
    discharge_ratio: 0.5
    depth_of_discharge: 1.0
