cost_values:
  wind_capex: 5000.0
  wind_opex: 100
  wind_lifetime: 20
  solar_capex: 1000.0
  solar_opex: 10
  solar_lifetime: 20
  carbon_price: 1.0
timeseries_values:
  load_level: 264598.0009272072
  wind_year: 2018
  solar_year: 2011
  price_year: 2023
  carbon_year: 2023
storage_values:
  CAES:
    cost: 42.8229
    lifetime: 21.4767
    annual_cost: 1.9939236474877422
    efficiency: 0.601415
    discharge_ratio: 0.1
    depth_of_discharge: 0.4
  Li-ion:
    cost: 195.245
    lifetime: 26.2855
    annual_cost: 7.427859466245649
    efficiency: 0.876161
    discharge_ratio: 2
    depth_of_discharge: 0.9
  Pb-acid:
    cost: 189.203
    lifetime: 11.263
    annual_cost: 16.79863269111249
    efficiency: 0.684552
    discharge_ratio: 5
    depth_of_discharge: 0.5
  VRBF:
    cost: 187.192
    lifetime: 25.49
    annual_cost: 7.343742644174187
    efficiency: 0.771391
    discharge_ratio: 0.5
    depth_of_discharge: 1.0
