cost_values:
  wind_capex: 5000.0
  wind_opex: 100
  wind_lifetime: 20
  solar_capex: 1000.0
  solar_opex: 10
  solar_lifetime: 20
  carbon_price: 1.0
timeseries_values:
  load_level: 264598.0009272072
  wind_year: 2018
  solar_year: 2011
  price_year: 2023
  carbon_year: 2023
storage_values:
  CAES:
    cost: 34.7768
    lifetime: 23.7932
    annual_cost: 1.461627691945598
    efficiency: 0.598581
    discharge_ratio: 0.1
    depth_of_discharge: 0.4
  Li-ion:
    cost: 217.71
    lifetime: 25.4455
    annual_cost: 8.555933269143857
    efficiency: 0.880069
    discharge_ratio: 2
    depth_of_discharge: 0.9
  Pb-acid:
    cost: 188.78
    lifetime: 10.6294
    annual_cost: 17.76017461004384
    efficiency: 0.669682
    discharge_ratio: 5
    depth_of_discharge: 0.5
  VRBF:
    cost: 204.474
    lifetime: 21.299
    annual_cost: 9.600169022019813
    efficiency: 0.780353
    discharge_ratio: 0.5
    depth_of_discharge: 1.0
