cost_values:
  wind_capex: 5000.0
  wind_opex: 100
  wind_lifetime: 20
  solar_capex: 1000.0
  solar_opex: 10
  solar_lifetime: 20
  carbon_price: 1.0
timeseries_values:
  load_level: 264598.0009272072
  wind_year: 2018
  solar_year: 2011
  price_year: 2023
  carbon_year: 2023
storage_values:
  CAES:
    cost: 41.8052
    lifetime: 23.3592
    annual_cost: 1.7896674543648754
    efficiency: 0.597181
    discharge_ratio: 0.1
    depth_of_discharge: 0.4
  Li-ion:
    cost: 196.0
    lifetime: 24.7287
    annual_cost: 7.926013094097142
    efficiency: 0.883914
    discharge_ratio: 2
    depth_of_discharge: 0.9
  Pb-acid:
    cost: 196.39
    lifetime: 8.46595
    annual_cost: 23.197632870498882
    efficiency: 0.669223
    discharge_ratio: 5
    depth_of_discharge: 0.5
  VRBF:
    cost: 165.136
    lifetime: 24.6101
    annual_cost: 6.710090572569799
    efficiency: 0.793664
    discharge_ratio: 0.5
    depth_of_discharge: 1.0
