cost_values:
  wind_capex: 5000.0
  wind_opex: 100
  wind_lifetime: 20
  solar_capex: 1000.0
  solar_opex: 10
  solar_lifetime: 20
  carbon_price: 1.0
timeseries_values:
  load_level: 264598.0009272072
  wind_year: 2018
  solar_year: 2011
  price_year: 2023
  carbon_year: 2023
storage_values:
  CAES:
    cost: 47.0228
    lifetime: 22.289
    annual_cost: 2.109686392390865
    efficiency: 0.607106
    discharge_ratio: 0.1
    depth_of_discharge: 0.4
  Li-ion:
    cost: 217.995
    lifetime: 24.7683
    annual_cost: 8.801371107423602
    efficiency: 0.861706
    discharge_ratio: 2
    depth_of_discharge: 0.9
  Pb-acid:
    cost: 179.791
    lifetime: 10.507
    annual_cost: 17.11154468449605
    efficiency: 0.686718
    discharge_ratio: 5
    depth_of_discharge: 0.5
  VRBF:
    cost: 177.78
    lifetime: 23.8814
    annual_cost: 7.444287185843376
    efficiency: 0.804997
    discharge_ratio: 0.5
    depth_of_discharge: 1.0
