cost_values:
  wind_capex: 5000.0
  wind_opex: 100
  wind_lifetime: 20
  solar_capex: 1000.0
  solar_opex: 10
  solar_lifetime: 20
  carbon_price: 1.0
timeseries_values:
  load_level: 264598.0009272072
  wind_year: 2018
  solar_year: 2011
  price_year: 2023
  carbon_year: 2023
storage_values:
  CAES:
    cost: 47.2781
    lifetime: 22.1734
    annual_cost: 2.1321989410735385
    efficiency: 0.606309
    discharge_ratio: 0.1
    depth_of_discharge: 0.4
  Li-ion:
    cost: 210.626
    lifetime: 24.2678
    annual_cost: 8.679237508138357
    efficiency: 0.867438
    discharge_ratio: 2
    depth_of_discharge: 0.9
  Pb-acid:
    cost: 182.784
    lifetime: 9.60581
    annual_cost: 19.028483803031705
    efficiency: 0.689172
    discharge_ratio: 5
    depth_of_discharge: 0.5
  VRBF:
    cost: 232.24
    lifetime: 24.5595
    annual_cost: 9.456218571224985
    efficiency: 0.773916
    discharge_ratio: 0.5
    depth_of_discharge: 1.0
