cost_values:
  wind_capex: 5000.0
  wind_opex: 100
  wind_lifetime: 20
  solar_capex: 1000.0
  solar_opex: 10
  solar_lifetime: 20
  carbon_price: 1.0
timeseries_values:
  load_level: 264598.0009272072
  wind_year: 2018
  solar_year: 2011
  price_year: 2023
  carbon_year: 2023
storage_values:
  CAES:
    cost: 44.8784
    lifetime: 22.1751
    annual_cost: 2.023819509269406
    efficiency: 0.602904
    discharge_ratio: 0.1
    depth_of_discharge: 0.4
  Li-ion:
    cost: 201.859
    lifetime: 26.2667
    annual_cost: 7.68497755713508
    efficiency: 0.859869
    discharge_ratio: 2
    depth_of_discharge: 0.9
  Pb-acid:
    cost: 204.239
    lifetime: 10.9094
    annual_cost: 18.721377894292996
    efficiency: 0.672011
    discharge_ratio: 5
    depth_of_discharge: 0.5
  VRBF:
    cost: 188.671
    lifetime: 25.3559
    annual_cost: 7.440911188323033
    efficiency: 0.779092
    discharge_ratio: 0.5
    depth_of_discharge: 1.0
