cost_values:
  wind_capex: 5000.0
  wind_opex: 100
  wind_lifetime: 20
  solar_capex: 1000.0
  solar_opex: 10
  solar_lifetime: 20
  carbon_price: 1.0
timeseries_values:
  load_level: 264598.0009272072
  wind_year: 2018
  solar_year: 2011
  price_year: 2023
  carbon_year: 2023
storage_values:
  CAES:
    cost: 37.7896
    lifetime: 23.6632
    annual_cost: 1.5969775854491361
    efficiency: 0.597616
    discharge_ratio: 0.1
    depth_of_discharge: 0.4
  Li-ion:
    cost: 197.27
    lifetime: 25.1717
    annual_cost: 7.8369756512273705
    efficiency: 0.873617
    discharge_ratio: 2
    depth_of_discharge: 0.9
  Pb-acid:
    cost: 209.339
    lifetime: 10.1156
    annual_cost: 20.694669619202024
    efficiency: 0.667872
    discharge_ratio: 5
    depth_of_discharge: 0.5
  VRBF:
    cost: 184.304
    lifetime: 24.2878
    annual_cost: 7.588336531097918
    efficiency: 0.776867
    discharge_ratio: 0.5
    depth_of_discharge: 1.0
