cost_values:
  wind_capex: 5000.0
  wind_opex: 100
  wind_lifetime: 20
  solar_capex: 1000.0
  solar_opex: 10
  solar_lifetime: 20
  carbon_price: 1.0
timeseries_values:
  load_level: 264598.0009272072
  wind_year: 2018
  solar_year: 2011
  price_year: 2023
  carbon_year: 2023
storage_values:
  CAES:
    cost: 44.2789
    lifetime: 22.8307
    annual_cost: 1.9394455710950607
    efficiency: 0.60064
    discharge_ratio: 0.1
    depth_of_discharge: 0.4
  Li-ion:
    cost: 205.139
    lifetime: 24.87
    annual_cost: 8.248451950140732
    efficiency: 0.869964
    discharge_ratio: 2
    depth_of_discharge: 0.9
  Pb-acid:
    cost: 194.027
    lifetime: 10.0924
    annual_cost: 19.225060441520352
    efficiency: 0.690606
    discharge_ratio: 5
    depth_of_discharge: 0.5
  VRBF:
    cost: 196.143
    lifetime: 24.5657
    annual_cost: 7.98442543872147
    efficiency: 0.777918
    discharge_ratio: 0.5
    depth_of_discharge: 1.0
