cost_values:
  wind_capex: 5000.0
  wind_opex: 100
  wind_lifetime: 20
  solar_capex: 1000.0
  solar_opex: 10
  solar_lifetime: 20
  carbon_price: 1.0
timeseries_values:
  load_level: 264598.0009272072
  wind_year: 2018
  solar_year: 2011
  price_year: 2023
  carbon_year: 2023
storage_values:
  CAES:
    cost: 41.5094
    lifetime: 21.9713
    annual_cost: 1.8892555288034845
    efficiency: 0.607022
    discharge_ratio: 0.1
    depth_of_discharge: 0.4
  Li-ion:
    cost: 196.205
    lifetime: 26.1458
    annual_cost: 7.504264547269543
    efficiency: 0.875011
    discharge_ratio: 2
    depth_of_discharge: 0.9
  Pb-acid:
    cost: 191.523
    lifetime: 10.3516
    annual_cost: 18.501777502994706
    efficiency: 0.68575
    discharge_ratio: 5
    depth_of_discharge: 0.5
  VRBF:
    cost: 204.468
    lifetime: 25.5526
    annual_cost: 8.001847170150981
    efficiency: 0.777582
    discharge_ratio: 0.5
    depth_of_discharge: 1.0
