cost_values:
  wind_capex: 5000.0
  wind_opex: 100
  wind_lifetime: 20
  solar_capex: 1000.0
  solar_opex: 10
  solar_lifetime: 20
  carbon_price: 1.0
timeseries_values:
  load_level: 264598.0009272072
  wind_year: 2018
  solar_year: 2011
  price_year: 2023
  carbon_year: 2023
storage_values:
  CAES:
    cost: 44.1073
    lifetime: 22.341
    annual_cost: 1.9742759948077526
    efficiency: 0.602141
    discharge_ratio: 0.1
    depth_of_discharge: 0.4
  Li-ion:
    cost: 205.49
    lifetime: 25.1606
    annual_cost: 8.167134329070056
    efficiency: 0.886628
    discharge_ratio: 2
    depth_of_discharge: 0.9
  Pb-acid:
    cost: 191.677
    lifetime: 11.2915
    annual_cost: 16.97533542930523
    efficiency: 0.681646
    discharge_ratio: 5
    depth_of_discharge: 0.5
  VRBF:
    cost: 181.209
    lifetime: 22.4121
    annual_cost: 8.085319983401824
    efficiency: 0.791782
    discharge_ratio: 0.5
    depth_of_discharge: 1.0
