cost_values:
  wind_capex: 5000.0
  wind_opex: 100
  wind_lifetime: 20
  solar_capex: 1000.0
  solar_opex: 10
  solar_lifetime: 20
  carbon_price: 1.0
timeseries_values:
  load_level: 264598.0009272072
  wind_year: 2018
  solar_year: 2011
  price_year: 2023
  carbon_year: 2023
storage_values:
  CAES:
    cost: 30.7391
    lifetime: 21.7974
    annual_cost: 1.4102186499307257
    efficiency: 0.609399
    discharge_ratio: 0.1
    depth_of_discharge: 0.4
  Li-ion:
    cost: 205.009
    lifetime: 23.6323
    annual_cost: 8.67494911625191
    efficiency: 0.865034
    discharge_ratio: 2
    depth_of_discharge: 0.9
  Pb-acid:
    cost: 172.013
    lifetime: 9.78866
    annual_cost: 17.572681041123097
    efficiency: 0.681326
    discharge_ratio: 5
    depth_of_discharge: 0.5
  VRBF:
    cost: 170.423
    lifetime: 23.2768
    annual_cost: 7.32158200439923
    efficiency: 0.77494
    discharge_ratio: 0.5
    depth_of_discharge: 1.0
