cost_values:
  wind_capex: 5000.0
  wind_opex: 100
  wind_lifetime: 20
  solar_capex: 1000.0
  solar_opex: 10
  solar_lifetime: 20
  carbon_price: 1.0
timeseries_values:
  load_level: 264598.0009272072
  wind_year: 2018
  solar_year: 2011
  price_year: 2023
  carbon_year: 2023
storage_values:
  CAES:
    cost: 45.7034
    lifetime: 21.9875
    annual_cost: 2.0786083001705515
    efficiency: 0.601887
    discharge_ratio: 0.1
    depth_of_discharge: 0.4
  Li-ion:
    cost: 207.128
    lifetime: 26.5339
    annual_cost: 7.806164943713513
    efficiency: 0.892826
    discharge_ratio: 2
    depth_of_discharge: 0.9
  Pb-acid:
    cost: 193.306
    lifetime: 9.28838
    annual_cost: 20.8115947021978
    efficiency: 0.688291
    discharge_ratio: 5
    depth_of_discharge: 0.5
  VRBF:
    cost: 204.513
    lifetime: 23.8277
    annual_cost: 8.582993742576917
    efficiency: 0.783498
    discharge_ratio: 0.5
    depth_of_discharge: 1.0
