cost_values:
  wind_capex: 5000.0
  wind_opex: 100
  wind_lifetime: 20
  solar_capex: 1000.0
  solar_opex: 10
  solar_lifetime: 20
  carbon_price: 1.0
timeseries_values:
  load_level: 264598.0009272072
  wind_year: 2018
  solar_year: 2011
  price_year: 2023
  carbon_year: 2023
storage_values:
  CAES:
    cost: 43.5288
    lifetime: 22.108
    annual_cost: 1.9689162294192146
    efficiency: 0.599758
    discharge_ratio: 0.1
    depth_of_discharge: 0.4
  Li-ion:
    cost: 197.247
    lifetime: 26.1982
    annual_cost: 7.529028711896237
    efficiency: 0.867801
    discharge_ratio: 2
    depth_of_discharge: 0.9
  Pb-acid:
    cost: 198.15
    lifetime: 9.28672
    annual_cost: 21.336919816684468
    efficiency: 0.668163
    discharge_ratio: 5
    depth_of_discharge: 0.5
  VRBF:
    cost: 182.679
    lifetime: 25.1874
    annual_cost: 7.252793063198266
    efficiency: 0.76273
    discharge_ratio: 0.5
    depth_of_discharge: 1.0
