cost_values:
  wind_capex: 5000.0
  wind_opex: 100
  wind_lifetime: 20
  solar_capex: 1000.0
  solar_opex: 10
  solar_lifetime: 20
  carbon_price: 1.0
timeseries_values:
  load_level: 264598.0009272072
  wind_year: 2018
  solar_year: 2011
  price_year: 2023
  carbon_year: 2023
storage_values:
  CAES:
    cost: 34.8064
    lifetime: 22.7777
    annual_cost: 1.528091071530488
    efficiency: 0.594728
    discharge_ratio: 0.1
    depth_of_discharge: 0.4
  Li-ion:
    cost: 204.412
    lifetime: 26.0373
    annual_cost: 7.850737211615645
    efficiency: 0.875542
    discharge_ratio: 2
    depth_of_discharge: 0.9
  Pb-acid:
    cost: 192.564
    lifetime: 9.85763
    annual_cost: 19.534512859581866
    efficiency: 0.674011
    discharge_ratio: 5
    depth_of_discharge: 0.5
  VRBF:
    cost: 192.928
    lifetime: 23.1765
    annual_cost: 8.32429400470304
    efficiency: 0.76019
    discharge_ratio: 0.5
    depth_of_discharge: 1.0
