cost_values:
  wind_capex: 5000.0
  wind_opex: 100
  wind_lifetime: 20
  solar_capex: 1000.0
  solar_opex: 10
  solar_lifetime: 20
  carbon_price: 1.0
timeseries_values:
  load_level: 264598.0009272072
  wind_year: 2018
  solar_year: 2011
  price_year: 2023
  carbon_year: 2023
storage_values:
  CAES:
    cost: 39.4512
    lifetime: 23.9996
    annual_cost: 1.6438273971232853
    efficiency: 0.595283
    discharge_ratio: 0.1
    depth_of_discharge: 0.4
  Li-ion:
    cost: 203.748
    lifetime: 25.133
    annual_cost: 8.106791867266145
    efficiency: 0.880948
    discharge_ratio: 2
    depth_of_discharge: 0.9
  Pb-acid:
    cost: 190.386
    lifetime: 11.4636
    annual_cost: 16.607871872710145
    efficiency: 0.697963
    discharge_ratio: 5
    depth_of_discharge: 0.5
  VRBF:
    cost: 154.064
    lifetime: 25.4927
    annual_cost: 6.043455577479043
    efficiency: 0.776973
    discharge_ratio: 0.5
    depth_of_discharge: 1.0
