cost_values:
  wind_capex: 5000.0
  wind_opex: 100
  wind_lifetime: 20
  solar_capex: 1000.0
  solar_opex: 10
  solar_lifetime: 20
  carbon_price: 1.0
timeseries_values:
  load_level: 264598.0009272072
  wind_year: 2018
  solar_year: 2011
  price_year: 2023
  carbon_year: 2023
storage_values:
  CAES:
    cost: 39.0203
    lifetime: 22.0104
    annual_cost: 1.7728119434449168
    efficiency: 0.598759
    discharge_ratio: 0.1
    depth_of_discharge: 0.4
  Li-ion:
    cost: 196.497
    lifetime: 23.9062
    annual_cost: 8.219499544051335
    efficiency: 0.871284
    discharge_ratio: 2
    depth_of_discharge: 0.9
  Pb-acid:
    cost: 198.926
    lifetime: 9.73715
    annual_cost: 20.42959182101539
    efficiency: 0.685349
    discharge_ratio: 5
    depth_of_discharge: 0.5
  VRBF:
    cost: 205.28
    lifetime: 24.8066
    annual_cost: 8.275217079325664
    efficiency: 0.769049
    discharge_ratio: 0.5
    depth_of_discharge: 1.0
