cost_values:
  wind_capex: 5000.0
  wind_opex: 100
  wind_lifetime: 20
  solar_capex: 1000.0
  solar_opex: 10
  solar_lifetime: 20
  carbon_price: 1.0
timeseries_values:
  load_level: 264598.0009272072
  wind_year: 2018
  solar_year: 2011
  price_year: 2023
  carbon_year: 2023
storage_values:
  CAES:
    cost: 39.7581
    lifetime: 21.8007
    annual_cost: 1.8237074956308743
    efficiency: 0.612126
    discharge_ratio: 0.1
    depth_of_discharge: 0.4
  Li-ion:
    cost: 198.392
    lifetime: 25.8078
    annual_cost: 7.687288339184278
    efficiency: 0.878621
    discharge_ratio: 2
    depth_of_discharge: 0.9
  Pb-acid:
    cost: 197.818
    lifetime: 11.118
    annual_cost: 17.792588595071056
    efficiency: 0.68189
    discharge_ratio: 5
    depth_of_discharge: 0.5
  VRBF:
    cost: 201.38
    lifetime: 25.4273
    annual_cost: 7.919834193956889
    efficiency: 0.762782
    discharge_ratio: 0.5
    depth_of_discharge: 1.0
