cost_values:
  wind_capex: 5000.0
  wind_opex: 100
  wind_lifetime: 20
  solar_capex: 1000.0
  solar_opex: 10
  solar_lifetime: 20
  carbon_price: 1.0
timeseries_values:
  load_level: 264598.0009272072
  wind_year: 2018
  solar_year: 2011
  price_year: 2023
  carbon_year: 2023
storage_values:
  CAES:
    cost: 40.2357
    lifetime: 22.6959
    annual_cost: 1.7728179979643899
    efficiency: 0.597799
    discharge_ratio: 0.1
    depth_of_discharge: 0.4
  Li-ion:
    cost: 211.028
    lifetime: 23.1472
    annual_cost: 9.116783023432639
    efficiency: 0.8679
    discharge_ratio: 2
    depth_of_discharge: 0.9
  Pb-acid:
    cost: 182.393
    lifetime: 11.4022
    annual_cost: 15.996298959849852
    efficiency: 0.675856
    discharge_ratio: 5
    depth_of_discharge: 0.5
  VRBF:
    cost: 189.26
    lifetime: 26.4608
    annual_cost: 7.15246704559197
    efficiency: 0.783394
    discharge_ratio: 0.5
    depth_of_discharge: 1.0
