cost_values:
  wind_capex: 5000.0
  wind_opex: 100
  wind_lifetime: 20
  solar_capex: 1000.0
  solar_opex: 10
  solar_lifetime: 20
  carbon_price: 1.0
timeseries_values:
  load_level: 264598.0009272072
  wind_year: 2018
  solar_year: 2011
  price_year: 2023
  carbon_year: 2023
storage_values:
  CAES:
    cost: 45.7589
    lifetime: 22.6544
    annual_cost: 2.0198681050921676
    efficiency: 0.601495
    discharge_ratio: 0.1
    depth_of_discharge: 0.4
  Li-ion:
    cost: 226.006
    lifetime: 26.4523
    annual_cost: 8.543907335089955
    efficiency: 0.885721
    discharge_ratio: 2
    depth_of_discharge: 0.9
  Pb-acid:
    cost: 187.276
    lifetime: 9.83089
    annual_cost: 19.049750327793312
    efficiency: 0.676281
    discharge_ratio: 5
    depth_of_discharge: 0.5
  VRBF:
    cost: 211.019
    lifetime: 22.0005
    annual_cost: 9.591554737392332
    efficiency: 0.791078
    discharge_ratio: 0.5
    depth_of_discharge: 1.0
