cost_values:
  wind_capex: 5000.0
  wind_opex: 100
  wind_lifetime: 20
  solar_capex: 1000.0
  solar_opex: 10
  solar_lifetime: 20
  carbon_price: 1.0
timeseries_values:
  load_level: 264598.0009272072
  wind_year: 2018
  solar_year: 2011
  price_year: 2023
  carbon_year: 2023
storage_values:
  CAES:
    cost: 43.6994
    lifetime: 22.3178
    annual_cost: 1.9580514208389717
    efficiency: 0.599653
    discharge_ratio: 0.1
    depth_of_discharge: 0.4
  Li-ion:
    cost: 208.401
    lifetime: 22.9046
    annual_cost: 9.098652672388953
    efficiency: 0.864643
    discharge_ratio: 2
    depth_of_discharge: 0.9
  Pb-acid:
    cost: 220.202
    lifetime: 10.1301
    annual_cost: 21.73739647190057
    efficiency: 0.694262
    discharge_ratio: 5
    depth_of_discharge: 0.5
  VRBF:
    cost: 209.146
    lifetime: 24.5037
    annual_cost: 8.535282426735554
    efficiency: 0.791414
    discharge_ratio: 0.5
    depth_of_discharge: 1.0
