cost_values:
  wind_capex: 5000.0
  wind_opex: 100
  wind_lifetime: 20
  solar_capex: 1000.0
  solar_opex: 10
  solar_lifetime: 20
  carbon_price: 1.0
timeseries_values:
  load_level: 264598.0009272072
  wind_year: 2018
  solar_year: 2011
  price_year: 2023
  carbon_year: 2023
storage_values:
  CAES:
    cost: 45.7578
    lifetime: 22.9625
    annual_cost: 1.9927185628742519
    efficiency: 0.59669
    discharge_ratio: 0.1
    depth_of_discharge: 0.4
  Li-ion:
    cost: 214.966
    lifetime: 25.6269
    annual_cost: 8.38829511177708
    efficiency: 0.872569
    discharge_ratio: 2
    depth_of_discharge: 0.9
  Pb-acid:
    cost: 191.782
    lifetime: 10.73
    annual_cost: 17.873438956197578
    efficiency: 0.683686
    discharge_ratio: 5
    depth_of_discharge: 0.5
  VRBF:
    cost: 244.63
    lifetime: 25.3448
    annual_cost: 9.652078532874594
    efficiency: 0.792086
    discharge_ratio: 0.5
    depth_of_discharge: 1.0
