cost_values:
  wind_capex: 5000.0
  wind_opex: 100
  wind_lifetime: 20
  solar_capex: 1000.0
  solar_opex: 10
  solar_lifetime: 20
  carbon_price: 1.0
timeseries_values:
  load_level: 264598.0009272072
  wind_year: 2018
  solar_year: 2011
  price_year: 2023
  carbon_year: 2023
storage_values:
  CAES:
    cost: 32.8423
    lifetime: 21.56
    annual_cost: 1.5232977736549167
    efficiency: 0.601073
    discharge_ratio: 0.1
    depth_of_discharge: 0.4
  Li-ion:
    cost: 194.746
    lifetime: 23.5202
    annual_cost: 8.279946599093545
    efficiency: 0.87702
    discharge_ratio: 2
    depth_of_discharge: 0.9
  Pb-acid:
    cost: 224.789
    lifetime: 10.7865
    annual_cost: 20.839846103926202
    efficiency: 0.677416
    discharge_ratio: 5
    depth_of_discharge: 0.5
  VRBF:
    cost: 231.445
    lifetime: 25.0471
    annual_cost: 9.240391103161643
    efficiency: 0.771754
    discharge_ratio: 0.5
    depth_of_discharge: 1.0
