cost_values:
  wind_capex: 5000.0
  wind_opex: 100
  wind_lifetime: 20
  solar_capex: 1000.0
  solar_opex: 10
  solar_lifetime: 20
  carbon_price: 1.0
timeseries_values:
  load_level: 236071.66236818826
  wind_year: 2010
  solar_year: 2010
  price_year: 2023
  carbon_year: 2023
storage_values:
  CAES:
    cost: 41.1872
    lifetime: 23.2661
    annual_cost: 1.77026661107792
    efficiency: 0.593377
    discharge_ratio: 0.1
    depth_of_discharge: 0.4
  Li-ion:
    cost: 285.16
    lifetime: 17.597
    annual_cost: 16.20503494913906
    efficiency: 0.91856
    discharge_ratio: 2
    depth_of_discharge: 0.9
  Pb-acid:
    cost: 223.285
    lifetime: 10.9051
    annual_cost: 20.475282207407545
    efficiency: 0.735158
    discharge_ratio: 5
    depth_of_discharge: 0.5
  VRBF:
    cost: 277.458
    lifetime: 20.1472
    annual_cost: 13.771541454891995
    efficiency: 0.765426
    discharge_ratio: 0.5
    depth_of_discharge: 1.0
