cost_values:
  wind_capex: 5000.0
  wind_opex: 100
  wind_lifetime: 20
  solar_capex: 1000.0
  solar_opex: 10
  solar_lifetime: 20
  carbon_price: 1.0
timeseries_values:
  load_level: 236071.66236818826
  wind_year: 2010
  solar_year: 2010
  price_year: 2023
  carbon_year: 2023
storage_values:
  CAES:
    cost: 37.9465
    lifetime: 22.5947
    annual_cost: 1.6794425241317654
    efficiency: 0.59613
    discharge_ratio: 0.1
    depth_of_discharge: 0.4
  Li-ion:
    cost: 292.189
    lifetime: 16.4521
    annual_cost: 17.75998200837583
    efficiency: 0.941132
    discharge_ratio: 2
    depth_of_discharge: 0.9
  Pb-acid:
    cost: 210.42
    lifetime: 8.90466
    annual_cost: 23.630323897824283
    efficiency: 0.759137
    discharge_ratio: 5
    depth_of_discharge: 0.5
  VRBF:
    cost: 264.004
    lifetime: 18.6837
    annual_cost: 14.130177641473583
    efficiency: 0.757195
    discharge_ratio: 0.5
    depth_of_discharge: 1.0
