cost_values:
  wind_capex: 5000.0
  wind_opex: 100
  wind_lifetime: 20
  solar_capex: 1000.0
  solar_opex: 10
  solar_lifetime: 20
  carbon_price: 1.0
timeseries_values:
  load_level: 236071.66236818826
  wind_year: 2010
  solar_year: 2010
  price_year: 2023
  carbon_year: 2023
storage_values:
  CAES:
    cost: 41.4885
    lifetime: 23.728
    annual_cost: 1.7485038772757924
    efficiency: 0.587135
    discharge_ratio: 0.1
    depth_of_discharge: 0.4
  Li-ion:
    cost: 274.289
    lifetime: 17.4755
    annual_cost: 15.695631026293954
    efficiency: 0.933552
    discharge_ratio: 2
    depth_of_discharge: 0.9
  Pb-acid:
    cost: 210.731
    lifetime: 10.3914
    annual_cost: 20.279365629270355
    efficiency: 0.756864
    discharge_ratio: 5
    depth_of_discharge: 0.5
  VRBF:
    cost: 243.164
    lifetime: 20.5261
    annual_cost: 11.8465758229766
    efficiency: 0.769779
    discharge_ratio: 0.5
    depth_of_discharge: 1.0
