cost_values:
  wind_capex: 5000.0
  wind_opex: 100
  wind_lifetime: 20
  solar_capex: 1000.0
  solar_opex: 10
  solar_lifetime: 20
  carbon_price: 1.0
timeseries_values:
  load_level: 236071.66236818826
  wind_year: 2010
  solar_year: 2010
  price_year: 2023
  carbon_year: 2023
storage_values:
  CAES:
    cost: 38.6865
    lifetime: 22.1596
    annual_cost: 1.7458121987761512
    efficiency: 0.588703
    discharge_ratio: 0.1
    depth_of_discharge: 0.4
  Li-ion:
    cost: 259.966
    lifetime: 16.7139
    annual_cost: 15.553880303220675
    efficiency: 0.940958
    discharge_ratio: 2
    depth_of_discharge: 0.9
  Pb-acid:
    cost: 183.129
    lifetime: 9.35054
    annual_cost: 19.584858200702843
    efficiency: 0.755105
    discharge_ratio: 5
    depth_of_discharge: 0.5
  VRBF:
    cost: 269.915
    lifetime: 22.856
    annual_cost: 11.809371718585929
    efficiency: 0.76665
    discharge_ratio: 0.5
    depth_of_discharge: 1.0
