cost_values:
  wind_capex: 5000.0
  wind_opex: 100
  wind_lifetime: 20
  solar_capex: 1000.0
  solar_opex: 10
  solar_lifetime: 20
  carbon_price: 1.0
timeseries_values:
  load_level: 236071.66236818826
  wind_year: 2010
  solar_year: 2010
  price_year: 2023
  carbon_year: 2023
storage_values:
  CAES:
    cost: 39.4518
    lifetime: 22.6314
    annual_cost: 1.743232853469074
    efficiency: 0.593493
    discharge_ratio: 0.1
    depth_of_discharge: 0.4
  Li-ion:
    cost: 296.927
    lifetime: 16.1824
    annual_cost: 18.348761617559816
    efficiency: 0.957485
    discharge_ratio: 2
    depth_of_discharge: 0.9
  Pb-acid:
    cost: 203.805
    lifetime: 9.65297
    annual_cost: 21.113191069691506
    efficiency: 0.744293
    discharge_ratio: 5
    depth_of_discharge: 0.5
  VRBF:
    cost: 301.898
    lifetime: 20.1861
    annual_cost: 14.955736868439175
    efficiency: 0.761251
    discharge_ratio: 0.5
    depth_of_discharge: 1.0
