cost_values:
  wind_capex: 5000.0
  wind_opex: 100
  wind_lifetime: 20
  solar_capex: 1000.0
  solar_opex: 10
  solar_lifetime: 20
  carbon_price: 1.0
timeseries_values:
  load_level: 236071.66236818826
  wind_year: 2010
  solar_year: 2010
  price_year: 2023
  carbon_year: 2023
storage_values:
  CAES:
    cost: 38.367
    lifetime: 22.2144
    annual_cost: 1.7271229472774414
    efficiency: 0.584226
    discharge_ratio: 0.1
    depth_of_discharge: 0.4
  Li-ion:
    cost: 280.264
    lifetime: 18.1309
    annual_cost: 15.457809595772963
    efficiency: 0.92637
    discharge_ratio: 2
    depth_of_discharge: 0.9
  Pb-acid:
    cost: 203.557
    lifetime: 9.97952
    annual_cost: 20.397474026806897
    efficiency: 0.767337
    discharge_ratio: 5
    depth_of_discharge: 0.5
  VRBF:
    cost: 250.608
    lifetime: 21.4409
    annual_cost: 11.688315322584407
    efficiency: 0.764509
    discharge_ratio: 0.5
    depth_of_discharge: 1.0
