cost_values:
  wind_capex: 5000.0
  wind_opex: 100
  wind_lifetime: 20
  solar_capex: 1000.0
  solar_opex: 10
  solar_lifetime: 20
  carbon_price: 1.0
timeseries_values:
  load_level: 236071.66236818826
  wind_year: 2010
  solar_year: 2010
  price_year: 2023
  carbon_year: 2023
storage_values:
  CAES:
    cost: 35.0355
    lifetime: 21.9402
    annual_cost: 1.5968632920392702
    efficiency: 0.597018
    discharge_ratio: 0.1
    depth_of_discharge: 0.4
  Li-ion:
    cost: 280.339
    lifetime: 16.8374
    annual_cost: 16.64977965719173
    efficiency: 0.960598
    discharge_ratio: 2
    depth_of_discharge: 0.9
  Pb-acid:
    cost: 190.157
    lifetime: 9.33638
    annual_cost: 20.36731581190997
    efficiency: 0.748663
    discharge_ratio: 5
    depth_of_discharge: 0.5
  VRBF:
    cost: 252.41
    lifetime: 19.2973
    annual_cost: 13.08006819606888
    efficiency: 0.748544
    discharge_ratio: 0.5
    depth_of_discharge: 1.0
