cost_values:
  wind_capex: 5000.0
  wind_opex: 100
  wind_lifetime: 20
  solar_capex: 1000.0
  solar_opex: 10
  solar_lifetime: 20
  carbon_price: 1.0
timeseries_values:
  load_level: 236071.66236818826
  wind_year: 2010
  solar_year: 2010
  price_year: 2023
  carbon_year: 2023
storage_values:
  CAES:
    cost: 36.0249
    lifetime: 22.5879
    annual_cost: 1.5948760176908876
    efficiency: 0.599065
    discharge_ratio: 0.1
    depth_of_discharge: 0.4
  Li-ion:
    cost: 294.054
    lifetime: 17.0535
    annual_cost: 17.243029290175038
    efficiency: 0.945683
    discharge_ratio: 2
    depth_of_discharge: 0.9
  Pb-acid:
    cost: 208.688
    lifetime: 10.2906
    annual_cost: 20.27947835889064
    efficiency: 0.748626
    discharge_ratio: 5
    depth_of_discharge: 0.5
  VRBF:
    cost: 264.109
    lifetime: 22.5377
    annual_cost: 11.718542708439635
    efficiency: 0.757593
    discharge_ratio: 0.5
    depth_of_discharge: 1.0
