cost_values:
  wind_capex: 5000.0
  wind_opex: 100
  wind_lifetime: 20
  solar_capex: 1000.0
  solar_opex: 10
  solar_lifetime: 20
  carbon_price: 1.0
timeseries_values:
  load_level: 236071.66236818826
  wind_year: 2010
  solar_year: 2010
  price_year: 2023
  carbon_year: 2023
storage_values:
  CAES:
    cost: 41.9527
    lifetime: 22.6383
    annual_cost: 1.853173604025037
    efficiency: 0.595615
    discharge_ratio: 0.1
    depth_of_discharge: 0.4
  Li-ion:
    cost: 258.496
    lifetime: 16.0823
    annual_cost: 16.07332284561288
    efficiency: 0.944928
    discharge_ratio: 2
    depth_of_discharge: 0.9
  Pb-acid:
    cost: 216.931
    lifetime: 10.1946
    annual_cost: 21.279010456516197
    efficiency: 0.745304
    discharge_ratio: 5
    depth_of_discharge: 0.5
  VRBF:
    cost: 274.752
    lifetime: 19.2293
    annual_cost: 14.288195618145227
    efficiency: 0.76579
    discharge_ratio: 0.5
    depth_of_discharge: 1.0
