cost_values:
  wind_capex: 5000.0
  wind_opex: 100
  wind_lifetime: 20
  solar_capex: 1000.0
  solar_opex: 10
  solar_lifetime: 20
  carbon_price: 1.0
timeseries_values:
  load_level: 236071.66236818826
  wind_year: 2010
  solar_year: 2010
  price_year: 2023
  carbon_year: 2023
storage_values:
  CAES:
    cost: 43.7759
    lifetime: 22.8192
    annual_cost: 1.918380136025803
    efficiency: 0.592633
    discharge_ratio: 0.1
    depth_of_discharge: 0.4
  Li-ion:
    cost: 288.094
    lifetime: 16.9494
    annual_cost: 16.997297839451544
    efficiency: 0.938742
    discharge_ratio: 2
    depth_of_discharge: 0.9
  Pb-acid:
    cost: 197.929
    lifetime: 10.6522
    annual_cost: 18.5810442913201
    efficiency: 0.747567
    discharge_ratio: 5
    depth_of_discharge: 0.5
  VRBF:
    cost: 264.06
    lifetime: 21.7945
    annual_cost: 12.115900800660718
    efficiency: 0.761546
    discharge_ratio: 0.5
    depth_of_discharge: 1.0
