cost_values:
  wind_capex: 5000.0
  wind_opex: 100
  wind_lifetime: 20
  solar_capex: 1000.0
  solar_opex: 10
  solar_lifetime: 20
  carbon_price: 1.0
timeseries_values:
  load_level: 236071.66236818826
  wind_year: 2010
  solar_year: 2010
  price_year: 2023
  carbon_year: 2023
storage_values:
  CAES:
    cost: 35.5334
    lifetime: 22.8917
    annual_cost: 1.5522394579694825
    efficiency: 0.59528
    discharge_ratio: 0.1
    depth_of_discharge: 0.4
  Li-ion:
    cost: 295.573
    lifetime: 15.2063
    annual_cost: 19.437535758205478
    efficiency: 0.935631
    discharge_ratio: 2
    depth_of_discharge: 0.9
  Pb-acid:
    cost: 187.229
    lifetime: 8.97512
    annual_cost: 20.8608909964435
    efficiency: 0.75202
    discharge_ratio: 5
    depth_of_discharge: 0.5
  VRBF:
    cost: 291.421
    lifetime: 18.4616
    annual_cost: 15.785251549161503
    efficiency: 0.756699
    discharge_ratio: 0.5
    depth_of_discharge: 1.0
