cost_values:
  wind_capex: 5000.0
  wind_opex: 100
  wind_lifetime: 20
  solar_capex: 1000.0
  solar_opex: 10
  solar_lifetime: 20
  carbon_price: 1.0
timeseries_values:
  load_level: 236071.66236818826
  wind_year: 2010
  solar_year: 2010
  price_year: 2023
  carbon_year: 2023
storage_values:
  CAES:
    cost: 40.9912
    lifetime: 22.7737
    annual_cost: 1.7999358909619427
    efficiency: 0.587563
    discharge_ratio: 0.1
    depth_of_discharge: 0.4
  Li-ion:
    cost: 278.956
    lifetime: 15.8767
    annual_cost: 17.570149968192386
    efficiency: 0.954975
    discharge_ratio: 2
    depth_of_discharge: 0.9
  Pb-acid:
    cost: 199.95
    lifetime: 9.28476
    annual_cost: 21.535290088273687
    efficiency: 0.74494
    discharge_ratio: 5
    depth_of_discharge: 0.5
  VRBF:
    cost: 219.862
    lifetime: 21.0414
    annual_cost: 10.449019551930956
    efficiency: 0.769441
    discharge_ratio: 0.5
    depth_of_discharge: 1.0
