cost_values:
  wind_capex: 5000.0
  wind_opex: 100
  wind_lifetime: 20
  solar_capex: 1000.0
  solar_opex: 10
  solar_lifetime: 20
  carbon_price: 1.0
timeseries_values:
  load_level: 236071.66236818826
  wind_year: 2010
  solar_year: 2010
  price_year: 2023
  carbon_year: 2023
storage_values:
  CAES:
    cost: 42.206
    lifetime: 23.1534
    annual_cost: 1.8228856237096929
    efficiency: 0.595395
    discharge_ratio: 0.1
    depth_of_discharge: 0.4
  Li-ion:
    cost: 294.496
    lifetime: 17.1478
    annual_cost: 17.173981502000256
    efficiency: 0.939859
    discharge_ratio: 2
    depth_of_discharge: 0.9
  Pb-acid:
    cost: 184.431
    lifetime: 10.0555
    annual_cost: 18.341305753070458
    efficiency: 0.741449
    discharge_ratio: 5
    depth_of_discharge: 0.5
  VRBF:
    cost: 262.297
    lifetime: 20.5848
    annual_cost: 12.742266138121332
    efficiency: 0.755732
    discharge_ratio: 0.5
    depth_of_discharge: 1.0
