cost_values:
  wind_capex: 5000.0
  wind_opex: 100
  wind_lifetime: 20
  solar_capex: 1000.0
  solar_opex: 10
  solar_lifetime: 20
  carbon_price: 1.0
timeseries_values:
  load_level: 236071.66236818826
  wind_year: 2010
  solar_year: 2010
  price_year: 2023
  carbon_year: 2023
storage_values:
  CAES:
    cost: 38.61
    lifetime: 22.2276
    annual_cost: 1.7370296388274038
    efficiency: 0.600947
    discharge_ratio: 0.1
    depth_of_discharge: 0.4
  Li-ion:
    cost: 286.905
    lifetime: 14.1347
    annual_cost: 20.297919304972865
    efficiency: 0.933897
    discharge_ratio: 2
    depth_of_discharge: 0.9
  Pb-acid:
    cost: 192.491
    lifetime: 10.4001
    annual_cost: 18.508572032961222
    efficiency: 0.751387
    discharge_ratio: 5
    depth_of_discharge: 0.5
  VRBF:
    cost: 248.442
    lifetime: 20.3548
    annual_cost: 12.205573132627194
    efficiency: 0.755376
    discharge_ratio: 0.5
    depth_of_discharge: 1.0
