cost_values:
  wind_capex: 5000.0
  wind_opex: 100
  wind_lifetime: 20
  solar_capex: 1000.0
  solar_opex: 10
  solar_lifetime: 20
  carbon_price: 1.0
timeseries_values:
  load_level: 236071.66236818826
  wind_year: 2010
  solar_year: 2010
  price_year: 2023
  carbon_year: 2023
storage_values:
  CAES:
    cost: 36.1947
    lifetime: 23.2642
    annual_cost: 1.5558110745265257
    efficiency: 0.593367
    discharge_ratio: 0.1
    depth_of_discharge: 0.4
  Li-ion:
    cost: 290.628
    lifetime: 16.2815
    annual_cost: 17.850198077572703
    efficiency: 0.953949
    discharge_ratio: 2
    depth_of_discharge: 0.9
  Pb-acid:
    cost: 199.02
    lifetime: 11.068
    annual_cost: 17.981568485724612
    efficiency: 0.773531
    discharge_ratio: 5
    depth_of_discharge: 0.5
  VRBF:
    cost: 255.592
    lifetime: 20.5969
    annual_cost: 12.409246051590287
    efficiency: 0.760131
    discharge_ratio: 0.5
    depth_of_discharge: 1.0
