cost_values:
  wind_capex: 5000.0
  wind_opex: 100
  wind_lifetime: 20
  solar_capex: 1000.0
  solar_opex: 10
  solar_lifetime: 20
  carbon_price: 1.0
timeseries_values:
  load_level: 236071.66236818826
  wind_year: 2010
  solar_year: 2010
  price_year: 2023
  carbon_year: 2023
storage_values:
  CAES:
    cost: 38.7014
    lifetime: 22.5313
    annual_cost: 1.7176727485764247
    efficiency: 0.596181
    discharge_ratio: 0.1
    depth_of_discharge: 0.4
  Li-ion:
    cost: 293.223
    lifetime: 15.5901
    annual_cost: 18.808282179075185
    efficiency: 0.929897
    discharge_ratio: 2
    depth_of_discharge: 0.9
  Pb-acid:
    cost: 182.416
    lifetime: 10.973
    annual_cost: 16.62407728059783
    efficiency: 0.761949
    discharge_ratio: 5
    depth_of_discharge: 0.5
  VRBF:
    cost: 256.888
    lifetime: 18.1329
    annual_cost: 14.16695619564438
    efficiency: 0.75605
    discharge_ratio: 0.5
    depth_of_discharge: 1.0
