cost_values:
  wind_capex: 5000.0
  wind_opex: 100
  wind_lifetime: 20
  solar_capex: 1000.0
  solar_opex: 10
  solar_lifetime: 20
  carbon_price: 1.0
timeseries_values:
  load_level: 236071.66236818826
  wind_year: 2010
  solar_year: 2010
  price_year: 2023
  carbon_year: 2023
storage_values:
  CAES:
    cost: 32.5258
    lifetime: 22.8883
    annual_cost: 1.421066658511117
    efficiency: 0.596008
    discharge_ratio: 0.1
    depth_of_discharge: 0.4
  Li-ion:
    cost: 275.218
    lifetime: 17.0233
    annual_cost: 16.167135631751776
    efficiency: 0.953075
    discharge_ratio: 2
    depth_of_discharge: 0.9
  Pb-acid:
    cost: 167.499
    lifetime: 9.70378
    annual_cost: 17.261211610320927
    efficiency: 0.763983
    discharge_ratio: 5
    depth_of_discharge: 0.5
  VRBF:
    cost: 263.256
    lifetime: 21.0262
    annual_cost: 12.520379336256669
    efficiency: 0.759027
    discharge_ratio: 0.5
    depth_of_discharge: 1.0
