cost_values:
  wind_capex: 5000.0
  wind_opex: 100
  wind_lifetime: 20
  solar_capex: 1000.0
  solar_opex: 10
  solar_lifetime: 20
  carbon_price: 1.0
timeseries_values:
  load_level: 236071.66236818826
  wind_year: 2010
  solar_year: 2010
  price_year: 2023
  carbon_year: 2023
storage_values:
  CAES:
    cost: 34.7682
    lifetime: 21.8414
    annual_cost: 1.5918485078795315
    efficiency: 0.601927
    discharge_ratio: 0.1
    depth_of_discharge: 0.4
  Li-ion:
    cost: 291.543
    lifetime: 15.4425
    annual_cost: 18.879261777561922
    efficiency: 0.951761
    discharge_ratio: 2
    depth_of_discharge: 0.9
  Pb-acid:
    cost: 201.623
    lifetime: 11.1779
    annual_cost: 18.03764571162741
    efficiency: 0.767672
    discharge_ratio: 5
    depth_of_discharge: 0.5
  VRBF:
    cost: 257.834
    lifetime: 19.4028
    annual_cost: 13.288494444100852
    efficiency: 0.761059
    discharge_ratio: 0.5
    depth_of_discharge: 1.0
