cost_values:
  wind_capex: 5000.0
  wind_opex: 100
  wind_lifetime: 20
  solar_capex: 1000.0
  solar_opex: 10
  solar_lifetime: 20
  carbon_price: 1.0
timeseries_values:
  load_level: 236071.66236818826
  wind_year: 2010
  solar_year: 2010
  price_year: 2023
  carbon_year: 2023
storage_values:
  CAES:
    cost: 39.186
    lifetime: 23.2666
    annual_cost: 1.6842168602202299
    efficiency: 0.605155
    discharge_ratio: 0.1
    depth_of_discharge: 0.4
  Li-ion:
    cost: 272.176
    lifetime: 18.0382
    annual_cost: 15.088866960117972
    efficiency: 0.946923
    discharge_ratio: 2
    depth_of_discharge: 0.9
  Pb-acid:
    cost: 191.056
    lifetime: 11.2215
    annual_cost: 17.025887804660695
    efficiency: 0.748902
    discharge_ratio: 5
    depth_of_discharge: 0.5
  VRBF:
    cost: 295.733
    lifetime: 20.7913
    annual_cost: 14.223882104534109
    efficiency: 0.738486
    discharge_ratio: 0.5
    depth_of_discharge: 1.0
