cost_values:
  wind_capex: 5000.0
  wind_opex: 100
  wind_lifetime: 20
  solar_capex: 1000.0
  solar_opex: 10
  solar_lifetime: 20
  carbon_price: 1.0
timeseries_values:
  load_level: 236071.66236818826
  wind_year: 2010
  solar_year: 2010
  price_year: 2023
  carbon_year: 2023
storage_values:
  CAES:
    cost: 38.5117
    lifetime: 22.2364
    annual_cost: 1.7319215340612688
    efficiency: 0.594692
    discharge_ratio: 0.1
    depth_of_discharge: 0.4
  Li-ion:
    cost: 273.927
    lifetime: 16.8392
    annual_cost: 16.26722172074683
    efficiency: 0.952912
    discharge_ratio: 2
    depth_of_discharge: 0.9
  Pb-acid:
    cost: 187.392
    lifetime: 10.0939
    annual_cost: 18.564875816086943
    efficiency: 0.744297
    discharge_ratio: 5
    depth_of_discharge: 0.5
  VRBF:
    cost: 282.284
    lifetime: 19.7441
    annual_cost: 14.2971318013989
    efficiency: 0.747344
    discharge_ratio: 0.5
    depth_of_discharge: 1.0
