cost_values:
  wind_capex: 5000.0
  wind_opex: 100
  wind_lifetime: 20
  solar_capex: 1000.0
  solar_opex: 10
  solar_lifetime: 20
  carbon_price: 1.0
timeseries_values:
  load_level: 236071.66236818826
  wind_year: 2010
  solar_year: 2010
  price_year: 2023
  carbon_year: 2023
storage_values:
  CAES:
    cost: 33.6949
    lifetime: 22.0595
    annual_cost: 1.5274552913710644
    efficiency: 0.594171
    discharge_ratio: 0.1
    depth_of_discharge: 0.4
  Li-ion:
    cost: 277.675
    lifetime: 14.5697
    annual_cost: 19.0583882990041
    efficiency: 0.926787
    discharge_ratio: 2
    depth_of_discharge: 0.9
  Pb-acid:
    cost: 197.159
    lifetime: 10.26
    annual_cost: 19.21627680311891
    efficiency: 0.739871
    discharge_ratio: 5
    depth_of_discharge: 0.5
  VRBF:
    cost: 282.021
    lifetime: 21.389
    annual_cost: 13.185328907382301
    efficiency: 0.749341
    discharge_ratio: 0.5
    depth_of_discharge: 1.0
