cost_values:
  wind_capex: 5000.0
  wind_opex: 100
  wind_lifetime: 20
  solar_capex: 1000.0
  solar_opex: 10
  solar_lifetime: 20
  carbon_price: 1.0
timeseries_values:
  load_level: 236071.66236818826
  wind_year: 2010
  solar_year: 2010
  price_year: 2023
  carbon_year: 2023
storage_values:
  CAES:
    cost: 40.7229
    lifetime: 22.0286
    annual_cost: 1.8486376801067703
    efficiency: 0.579872
    discharge_ratio: 0.1
    depth_of_discharge: 0.4
  Li-ion:
    cost: 282.762
    lifetime: 17.1733
    annual_cost: 16.46521053029994
    efficiency: 0.930663
    discharge_ratio: 2
    depth_of_discharge: 0.9
  Pb-acid:
    cost: 176.825
    lifetime: 10.6701
    annual_cost: 16.572009634398928
    efficiency: 0.75882
    discharge_ratio: 5
    depth_of_discharge: 0.5
  VRBF:
    cost: 255.032
    lifetime: 20.1363
    annual_cost: 12.665286075396176
    efficiency: 0.749437
    discharge_ratio: 0.5
    depth_of_discharge: 1.0
