cost_values:
  wind_capex: 5000.0
  wind_opex: 100
  wind_lifetime: 20
  solar_capex: 1000.0
  solar_opex: 10
  solar_lifetime: 20
  carbon_price: 1.0
timeseries_values:
  load_level: 236071.66236818826
  wind_year: 2010
  solar_year: 2010
  price_year: 2023
  carbon_year: 2023
storage_values:
  CAES:
    cost: 31.0952
    lifetime: 22.7058
    annual_cost: 1.3694826872429071
    efficiency: 0.596193
    discharge_ratio: 0.1
    depth_of_discharge: 0.4
  Li-ion:
    cost: 276.589
    lifetime: 14.9711
    annual_cost: 18.47486156661835
    efficiency: 0.951157
    discharge_ratio: 2
    depth_of_discharge: 0.9
  Pb-acid:
    cost: 193.096
    lifetime: 9.11945
    annual_cost: 21.174083963396914
    efficiency: 0.748611
    discharge_ratio: 5
    depth_of_discharge: 0.5
  VRBF:
    cost: 288.758
    lifetime: 21.2584
    annual_cost: 13.583242388890978
    efficiency: 0.768254
    discharge_ratio: 0.5
    depth_of_discharge: 1.0
