cost_values:
  wind_capex: 5000.0
  wind_opex: 100
  wind_lifetime: 20
  solar_capex: 1000.0
  solar_opex: 10
  solar_lifetime: 20
  carbon_price: 1.0
timeseries_values:
  load_level: 236071.66236818826
  wind_year: 2010
  solar_year: 2010
  price_year: 2023
  carbon_year: 2023
storage_values:
  CAES:
    cost: 40.0055
    lifetime: 21.9676
    annual_cost: 1.821113822174475
    efficiency: 0.590691
    discharge_ratio: 0.1
    depth_of_discharge: 0.4
  Li-ion:
    cost: 293.347
    lifetime: 18.3235
    annual_cost: 16.009332278221954
    efficiency: 0.941725
    discharge_ratio: 2
    depth_of_discharge: 0.9
  Pb-acid:
    cost: 192.426
    lifetime: 9.55421
    annual_cost: 20.140440706243634
    efficiency: 0.756414
    discharge_ratio: 5
    depth_of_discharge: 0.5
  VRBF:
    cost: 277.97
    lifetime: 20.7459
    annual_cost: 13.398792050477446
    efficiency: 0.748221
    discharge_ratio: 0.5
    depth_of_discharge: 1.0
