cost_values:
  wind_capex: 5000.0
  wind_opex: 100
  wind_lifetime: 20
  solar_capex: 1000.0
  solar_opex: 10
  solar_lifetime: 20
  carbon_price: 1.0
timeseries_values:
  load_level: 236071.66236818826
  wind_year: 2010
  solar_year: 2010
  price_year: 2023
  carbon_year: 2023
storage_values:
  CAES:
    cost: 30.4582
    lifetime: 24.0329
    annual_cost: 1.2673543350989684
    efficiency: 0.598194
    discharge_ratio: 0.1
    depth_of_discharge: 0.4
  Li-ion:
    cost: 283.558
    lifetime: 16.0542
    annual_cost: 17.662543135129745
    efficiency: 0.948145
    discharge_ratio: 2
    depth_of_discharge: 0.9
  Pb-acid:
    cost: 191.251
    lifetime: 9.79763
    annual_cost: 19.520128847486585
    efficiency: 0.752781
    discharge_ratio: 5
    depth_of_discharge: 0.5
  VRBF:
    cost: 281.781
    lifetime: 19.2782
    annual_cost: 14.616561712193048
    efficiency: 0.762549
    discharge_ratio: 0.5
    depth_of_discharge: 1.0
