cost_values:
  wind_capex: 5000.0
  wind_opex: 100
  wind_lifetime: 20
  solar_capex: 1000.0
  solar_opex: 10
  solar_lifetime: 20
  carbon_price: 1.0
timeseries_values:
  load_level: 236071.66236818826
  wind_year: 2010
  solar_year: 2010
  price_year: 2023
  carbon_year: 2023
storage_values:
  CAES:
    cost: 35.6287
    lifetime: 22.6352
    annual_cost: 1.574039549020994
    efficiency: 0.594862
    discharge_ratio: 0.1
    depth_of_discharge: 0.4
  Li-ion:
    cost: 268.584
    lifetime: 15.5884
    annual_cost: 17.229734931102616
    efficiency: 0.95517
    discharge_ratio: 2
    depth_of_discharge: 0.9
  Pb-acid:
    cost: 185.457
    lifetime: 11.9726
    annual_cost: 15.490119105290413
    efficiency: 0.771167
    discharge_ratio: 5
    depth_of_discharge: 0.5
  VRBF:
    cost: 287.956
    lifetime: 19.3595
    annual_cost: 14.87414447687182
    efficiency: 0.749286
    discharge_ratio: 0.5
    depth_of_discharge: 1.0
