cost_values:
  wind_capex: 5000.0
  wind_opex: 100
  wind_lifetime: 20
  solar_capex: 1000.0
  solar_opex: 10
  solar_lifetime: 20
  carbon_price: 1.0
timeseries_values:
  load_level: 236071.66236818826
  wind_year: 2010
  solar_year: 2010
  price_year: 2023
  carbon_year: 2023
storage_values:
  CAES:
    cost: 43.6971
    lifetime: 22.9025
    annual_cost: 1.9079620128806898
    efficiency: 0.611625
    discharge_ratio: 0.1
    depth_of_discharge: 0.4
  Li-ion:
    cost: 284.731
    lifetime: 15.7079
    annual_cost: 18.126611450289342
    efficiency: 0.94571
    discharge_ratio: 2
    depth_of_discharge: 0.9
  Pb-acid:
    cost: 171.953
    lifetime: 10.9937
    annual_cost: 15.641048964406886
    efficiency: 0.732404
    discharge_ratio: 5
    depth_of_discharge: 0.5
  VRBF:
    cost: 270.755
    lifetime: 19.1797
    annual_cost: 14.116748437149694
    efficiency: 0.754427
    discharge_ratio: 0.5
    depth_of_discharge: 1.0
