cost_values:
  wind_capex: 5000.0
  wind_opex: 100
  wind_lifetime: 20
  solar_capex: 1000.0
  solar_opex: 10
  solar_lifetime: 20
  carbon_price: 1.0
timeseries_values:
  load_level: 236071.66236818826
  wind_year: 2010
  solar_year: 2010
  price_year: 2023
  carbon_year: 2023
storage_values:
  CAES:
    cost: 41.1398
    lifetime: 23.3323
    annual_cost: 1.7632123708335656
    efficiency: 0.592746
    discharge_ratio: 0.1
    depth_of_discharge: 0.4
  Li-ion:
    cost: 293.748
    lifetime: 17.243
    annual_cost: 17.035782636432177
    efficiency: 0.946433
    discharge_ratio: 2
    depth_of_discharge: 0.9
  Pb-acid:
    cost: 189.863
    lifetime: 10.4708
    annual_cost: 18.132616418993774
    efficiency: 0.749926
    discharge_ratio: 5
    depth_of_discharge: 0.5
  VRBF:
    cost: 271.224
    lifetime: 21.4306
    annual_cost: 12.655921906059561
    efficiency: 0.755132
    discharge_ratio: 0.5
    depth_of_discharge: 1.0
