cost_values:
  wind_capex: 5000.0
  wind_opex: 100
  wind_lifetime: 20
  solar_capex: 1000.0
  solar_opex: 10
  solar_lifetime: 20
  carbon_price: 1.0
timeseries_values:
  load_level: 236071.66236818826
  wind_year: 2010
  solar_year: 2010
  price_year: 2023
  carbon_year: 2023
storage_values:
  CAES:
    cost: 35.1479
    lifetime: 22.9468
    annual_cost: 1.531712482786271
    efficiency: 0.595809
    discharge_ratio: 0.1
    depth_of_discharge: 0.4
  Li-ion:
    cost: 264.145
    lifetime: 16.5159
    annual_cost: 15.99337608001986
    efficiency: 0.928669
    discharge_ratio: 2
    depth_of_discharge: 0.9
  Pb-acid:
    cost: 181.212
    lifetime: 11.056
    annual_cost: 16.390376266280754
    efficiency: 0.747473
    discharge_ratio: 5
    depth_of_discharge: 0.5
  VRBF:
    cost: 273.329
    lifetime: 23.6283
    annual_cost: 11.567865652628416
    efficiency: 0.76614
    discharge_ratio: 0.5
    depth_of_discharge: 1.0
