cost_values:
  wind_capex: 5000.0
  wind_opex: 100
  wind_lifetime: 20
  solar_capex: 1000.0
  solar_opex: 10
  solar_lifetime: 20
  carbon_price: 1.0
timeseries_values:
  load_level: 236071.66236818826
  wind_year: 2010
  solar_year: 2010
  price_year: 2023
  carbon_year: 2023
storage_values:
  CAES:
    cost: 33.0354
    lifetime: 22.4636
    annual_cost: 1.4706191349561069
    efficiency: 0.592411
    discharge_ratio: 0.1
    depth_of_discharge: 0.4
  Li-ion:
    cost: 276.993
    lifetime: 17.871
    annual_cost: 15.499580325667283
    efficiency: 0.941071
    discharge_ratio: 2
    depth_of_discharge: 0.9
  Pb-acid:
    cost: 191.338
    lifetime: 10.7804
    annual_cost: 17.748692070795144
    efficiency: 0.75798
    discharge_ratio: 5
    depth_of_discharge: 0.5
  VRBF:
    cost: 262.556
    lifetime: 20.1748
    annual_cost: 13.01405714059123
    efficiency: 0.768962
    discharge_ratio: 0.5
    depth_of_discharge: 1.0
