cost_values:
  wind_capex: 5000.0
  wind_opex: 100
  wind_lifetime: 20
  solar_capex: 1000.0
  solar_opex: 10
  solar_lifetime: 20
  carbon_price: 1.0
timeseries_values:
  load_level: 236071.66236818826
  wind_year: 2010
  solar_year: 2010
  price_year: 2023
  carbon_year: 2023
storage_values:
  CAES:
    cost: 39.3771
    lifetime: 22.0089
    annual_cost: 1.7891443915870398
    efficiency: 0.600145
    discharge_ratio: 0.1
    depth_of_discharge: 0.4
  Li-ion:
    cost: 273.299
    lifetime: 15.4537
    annual_cost: 17.68502041582275
    efficiency: 0.942327
    discharge_ratio: 2
    depth_of_discharge: 0.9
  Pb-acid:
    cost: 190.36
    lifetime: 9.88974
    annual_cost: 19.248230994950323
    efficiency: 0.748805
    discharge_ratio: 5
    depth_of_discharge: 0.5
  VRBF:
    cost: 264.682
    lifetime: 19.4223
    annual_cost: 13.62773718869547
    efficiency: 0.750208
    discharge_ratio: 0.5
    depth_of_discharge: 1.0
