cost_values:
  wind_capex: 5000.0
  wind_opex: 100
  wind_lifetime: 20
  solar_capex: 1000.0
  solar_opex: 10
  solar_lifetime: 20
  carbon_price: 1.0
timeseries_values:
  load_level: 236071.66236818826
  wind_year: 2010
  solar_year: 2010
  price_year: 2023
  carbon_year: 2023
storage_values:
  CAES:
    cost: 42.8696
    lifetime: 22.195
    annual_cost: 1.931498085154314
    efficiency: 0.594616
    discharge_ratio: 0.1
    depth_of_discharge: 0.4
  Li-ion:
    cost: 278.08
    lifetime: 14.7708
    annual_cost: 18.826333035448318
    efficiency: 0.943505
    discharge_ratio: 2
    depth_of_discharge: 0.9
  Pb-acid:
    cost: 171.731
    lifetime: 8.74829
    annual_cost: 19.63023630903868
    efficiency: 0.746281
    discharge_ratio: 5
    depth_of_discharge: 0.5
  VRBF:
    cost: 256.632
    lifetime: 19.3847
    annual_cost: 13.238894592126782
    efficiency: 0.747828
    discharge_ratio: 0.5
    depth_of_discharge: 1.0
