cost_values:
  wind_capex: 5000.0
  wind_opex: 100
  wind_lifetime: 20
  solar_capex: 1000.0
  solar_opex: 10
  solar_lifetime: 20
  carbon_price: 1.0
timeseries_values:
  load_level: 236071.66236818826
  wind_year: 2010
  solar_year: 2010
  price_year: 2023
  carbon_year: 2023
storage_values:
  CAES:
    cost: 34.8243
    lifetime: 21.5636
    annual_cost: 1.6149576137565156
    efficiency: 0.585021
    discharge_ratio: 0.1
    depth_of_discharge: 0.4
  Li-ion:
    cost: 272.237
    lifetime: 16.1262
    annual_cost: 16.881658419218414
    efficiency: 0.929707
    discharge_ratio: 2
    depth_of_discharge: 0.9
  Pb-acid:
    cost: 198.307
    lifetime: 11.3862
    annual_cost: 17.41643392879099
    efficiency: 0.740463
    discharge_ratio: 5
    depth_of_discharge: 0.5
  VRBF:
    cost: 247.873
    lifetime: 19.6086
    annual_cost: 12.641035056046837
    efficiency: 0.754022
    discharge_ratio: 0.5
    depth_of_discharge: 1.0
