cost_values:
  wind_capex: 5000.0
  wind_opex: 100
  wind_lifetime: 20
  solar_capex: 1000.0
  solar_opex: 10
  solar_lifetime: 20
  carbon_price: 1.0
timeseries_values:
  load_level: 236071.66236818826
  wind_year: 2010
  solar_year: 2010
  price_year: 2023
  carbon_year: 2023
storage_values:
  CAES:
    cost: 36.4872
    lifetime: 21.8449
    annual_cost: 1.6702845973201985
    efficiency: 0.593398
    discharge_ratio: 0.1
    depth_of_discharge: 0.4
  Li-ion:
    cost: 254.389
    lifetime: 18.2016
    annual_cost: 13.976188906469762
    efficiency: 0.926501
    discharge_ratio: 2
    depth_of_discharge: 0.9
  Pb-acid:
    cost: 207.964
    lifetime: 11.1502
    annual_cost: 18.651145270936844
    efficiency: 0.747163
    discharge_ratio: 5
    depth_of_discharge: 0.5
  VRBF:
    cost: 256.609
    lifetime: 20.9354
    annual_cost: 12.257181615827735
    efficiency: 0.753527
    discharge_ratio: 0.5
    depth_of_discharge: 1.0
