cost_values:
  wind_capex: 5000.0
  wind_opex: 100
  wind_lifetime: 20
  solar_capex: 1000.0
  solar_opex: 10
  solar_lifetime: 20
  carbon_price: 1.0
timeseries_values:
  load_level: 236071.66236818826
  wind_year: 2010
  solar_year: 2010
  price_year: 2023
  carbon_year: 2023
storage_values:
  CAES:
    cost: 39.1311
    lifetime: 22.013
    annual_cost: 1.7776359423976742
    efficiency: 0.605612
    discharge_ratio: 0.1
    depth_of_discharge: 0.4
  Li-ion:
    cost: 299.278
    lifetime: 18.0519
    annual_cost: 16.57875348301287
    efficiency: 0.936399
    discharge_ratio: 2
    depth_of_discharge: 0.9
  Pb-acid:
    cost: 204.576
    lifetime: 10.5974
    annual_cost: 19.304357672636684
    efficiency: 0.745392
    discharge_ratio: 5
    depth_of_discharge: 0.5
  VRBF:
    cost: 243.798
    lifetime: 19.2897
    annual_cost: 12.638765766186099
    efficiency: 0.736443
    discharge_ratio: 0.5
    depth_of_discharge: 1.0
