cost_values:
  wind_capex: 5000.0
  wind_opex: 100
  wind_lifetime: 20
  solar_capex: 1000.0
  solar_opex: 10
  solar_lifetime: 20
  carbon_price: 1.0
timeseries_values:
  load_level: 236071.66236818826
  wind_year: 2010
  solar_year: 2010
  price_year: 2023
  carbon_year: 2023
storage_values:
  CAES:
    cost: 39.0052
    lifetime: 22.3057
    annual_cost: 1.7486651394038295
    efficiency: 0.588685
    discharge_ratio: 0.1
    depth_of_discharge: 0.4
  Li-ion:
    cost: 271.015
    lifetime: 18.7124
    annual_cost: 14.483176930805241
    efficiency: 0.955514
    discharge_ratio: 2
    depth_of_discharge: 0.9
  Pb-acid:
    cost: 210.878
    lifetime: 10.6236
    annual_cost: 19.849956700176964
    efficiency: 0.751584
    discharge_ratio: 5
    depth_of_discharge: 0.5
  VRBF:
    cost: 250.122
    lifetime: 20.0136
    annual_cost: 12.497601630890994
    efficiency: 0.754649
    discharge_ratio: 0.5
    depth_of_discharge: 1.0
