cost_values:
  wind_capex: 5000.0
  wind_opex: 100
  wind_lifetime: 20
  solar_capex: 1000.0
  solar_opex: 10
  solar_lifetime: 20
  carbon_price: 1.0
timeseries_values:
  load_level: 236071.66236818826
  wind_year: 2010
  solar_year: 2010
  price_year: 2023
  carbon_year: 2023
storage_values:
  CAES:
    cost: 30.9362
    lifetime: 22.4515
    annual_cost: 1.377912388927243
    efficiency: 0.593218
    discharge_ratio: 0.1
    depth_of_discharge: 0.4
  Li-ion:
    cost: 282.268
    lifetime: 14.3463
    annual_cost: 19.675316980684915
    efficiency: 0.932959
    discharge_ratio: 2
    depth_of_discharge: 0.9
  Pb-acid:
    cost: 202.016
    lifetime: 10.1059
    annual_cost: 19.98990688607645
    efficiency: 0.75399
    discharge_ratio: 5
    depth_of_discharge: 0.5
  VRBF:
    cost: 306.793
    lifetime: 19.3953
    annual_cost: 15.817904337648812
    efficiency: 0.746295
    discharge_ratio: 0.5
    depth_of_discharge: 1.0
