cost_values:
  wind_capex: 5000.0
  wind_opex: 100
  wind_lifetime: 20
  solar_capex: 1000.0
  solar_opex: 10
  solar_lifetime: 20
  carbon_price: 1.0
timeseries_values:
  load_level: 236071.66236818826
  wind_year: 2010
  solar_year: 2010
  price_year: 2023
  carbon_year: 2023
storage_values:
  CAES:
    cost: 40.917
    lifetime: 23.1957
    annual_cost: 1.7639907396629548
    efficiency: 0.587219
    discharge_ratio: 0.1
    depth_of_discharge: 0.4
  Li-ion:
    cost: 278.241
    lifetime: 16.1935
    annual_cost: 17.18226448883811
    efficiency: 0.937514
    discharge_ratio: 2
    depth_of_discharge: 0.9
  Pb-acid:
    cost: 199.304
    lifetime: 11.7032
    annual_cost: 17.02987217171372
    efficiency: 0.762668
    discharge_ratio: 5
    depth_of_discharge: 0.5
  VRBF:
    cost: 284.626
    lifetime: 20.8929
    annual_cost: 13.623096841510751
    efficiency: 0.737443
    discharge_ratio: 0.5
    depth_of_discharge: 1.0
