cost_values:
  wind_capex: 5000.0
  wind_opex: 100
  wind_lifetime: 20
  solar_capex: 1000.0
  solar_opex: 10
  solar_lifetime: 20
  carbon_price: 1.0
timeseries_values:
  load_level: 236071.66236818826
  wind_year: 2010
  solar_year: 2010
  price_year: 2023
  carbon_year: 2023
storage_values:
  CAES:
    cost: 37.861
    lifetime: 22.8779
    annual_cost: 1.6549158795169137
    efficiency: 0.58833
    discharge_ratio: 0.1
    depth_of_discharge: 0.4
  Li-ion:
    cost: 270.947
    lifetime: 13.7498
    annual_cost: 19.7055229894253
    efficiency: 0.927427
    discharge_ratio: 2
    depth_of_discharge: 0.9
  Pb-acid:
    cost: 217.604
    lifetime: 11.5512
    annual_cost: 18.838215942932337
    efficiency: 0.753315
    discharge_ratio: 5
    depth_of_discharge: 0.5
  VRBF:
    cost: 257.832
    lifetime: 20.1116
    annual_cost: 12.820064042642057
    efficiency: 0.75355
    discharge_ratio: 0.5
    depth_of_discharge: 1.0
