cost_values:
  wind_capex: 5000.0
  wind_opex: 100
  wind_lifetime: 20
  solar_capex: 1000.0
  solar_opex: 10
  solar_lifetime: 20
  carbon_price: 1.0
timeseries_values:
  load_level: 236071.66236818826
  wind_year: 2010
  solar_year: 2010
  price_year: 2023
  carbon_year: 2023
storage_values:
  CAES:
    cost: 40.8723
    lifetime: 23.0075
    annual_cost: 1.7764772356840162
    efficiency: 0.589785
    discharge_ratio: 0.1
    depth_of_discharge: 0.4
  Li-ion:
    cost: 284.821
    lifetime: 17.1855
    annual_cost: 16.57333216956155
    efficiency: 0.936974
    discharge_ratio: 2
    depth_of_discharge: 0.9
  Pb-acid:
    cost: 197.458
    lifetime: 10.7073
    annual_cost: 18.441437150355366
    efficiency: 0.764138
    discharge_ratio: 5
    depth_of_discharge: 0.5
  VRBF:
    cost: 269.573
    lifetime: 20.3877
    annual_cost: 13.222335035339935
    efficiency: 0.775372
    discharge_ratio: 0.5
    depth_of_discharge: 1.0
