cost_values:
  wind_capex: 5000.0
  wind_opex: 100
  wind_lifetime: 20
  solar_capex: 1000.0
  solar_opex: 10
  solar_lifetime: 20
  carbon_price: 1.0
timeseries_values:
  load_level: 236071.66236818826
  wind_year: 2010
  solar_year: 2010
  price_year: 2023
  carbon_year: 2023
storage_values:
  CAES:
    cost: 36.3501
    lifetime: 23.1954
    annual_cost: 1.5671253783077679
    efficiency: 0.596089
    discharge_ratio: 0.1
    depth_of_discharge: 0.4
  Li-ion:
    cost: 292.827
    lifetime: 16.8924
    annual_cost: 17.334836968104
    efficiency: 0.940527
    discharge_ratio: 2
    depth_of_discharge: 0.9
  Pb-acid:
    cost: 180.895
    lifetime: 10.0377
    annual_cost: 18.021558723611985
    efficiency: 0.750761
    discharge_ratio: 5
    depth_of_discharge: 0.5
  VRBF:
    cost: 279.301
    lifetime: 19.3169
    annual_cost: 14.458893507757455
    efficiency: 0.767911
    discharge_ratio: 0.5
    depth_of_discharge: 1.0
