cost_values:
  wind_capex: 5000.0
  wind_opex: 100
  wind_lifetime: 20
  solar_capex: 1000.0
  solar_opex: 10
  solar_lifetime: 20
  carbon_price: 1.0
timeseries_values:
  load_level: 236071.66236818826
  wind_year: 2010
  solar_year: 2010
  price_year: 2023
  carbon_year: 2023
storage_values:
  CAES:
    cost: 41.9839
    lifetime: 22.3086
    annual_cost: 1.8819603202352457
    efficiency: 0.601609
    discharge_ratio: 0.1
    depth_of_discharge: 0.4
  Li-ion:
    cost: 265.046
    lifetime: 16.3897
    annual_cost: 16.171497952982666
    efficiency: 0.927357
    discharge_ratio: 2
    depth_of_discharge: 0.9
  Pb-acid:
    cost: 197.594
    lifetime: 9.00144
    annual_cost: 21.951376668621908
    efficiency: 0.730437
    discharge_ratio: 5
    depth_of_discharge: 0.5
  VRBF:
    cost: 250.28
    lifetime: 20.4108
    annual_cost: 12.262135732063419
    efficiency: 0.746495
    discharge_ratio: 0.5
    depth_of_discharge: 1.0
