cost_values:
  wind_capex: 5000.0
  wind_opex: 100
  wind_lifetime: 20
  solar_capex: 1000.0
  solar_opex: 10
  solar_lifetime: 20
  carbon_price: 1.0
timeseries_values:
  load_level: 236071.66236818826
  wind_year: 2010
  solar_year: 2010
  price_year: 2023
  carbon_year: 2023
storage_values:
  CAES:
    cost: 34.7539
    lifetime: 23.5392
    annual_cost: 1.4764265565524741
    efficiency: 0.597644
    discharge_ratio: 0.1
    depth_of_discharge: 0.4
  Li-ion:
    cost: 294.408
    lifetime: 17.3115
    annual_cost: 17.006498570314534
    efficiency: 0.940967
    discharge_ratio: 2
    depth_of_discharge: 0.9
  Pb-acid:
    cost: 182.05
    lifetime: 9.74874
    annual_cost: 18.674208154079402
    efficiency: 0.753218
    discharge_ratio: 5
    depth_of_discharge: 0.5
  VRBF:
    cost: 270.773
    lifetime: 18.0686
    annual_cost: 14.98583177445956
    efficiency: 0.757419
    discharge_ratio: 0.5
    depth_of_discharge: 1.0
