cost_values:
  wind_capex: 5000.0
  wind_opex: 100
  wind_lifetime: 20
  solar_capex: 1000.0
  solar_opex: 10
  solar_lifetime: 20
  carbon_price: 1.0
timeseries_values:
  load_level: 236071.66236818826
  wind_year: 2010
  solar_year: 2010
  price_year: 2023
  carbon_year: 2023
storage_values:
  CAES:
    cost: 37.0955
    lifetime: 23.1027
    annual_cost: 1.6056781242019333
    efficiency: 0.594538
    discharge_ratio: 0.1
    depth_of_discharge: 0.4
  Li-ion:
    cost: 283.678
    lifetime: 17.3172
    annual_cost: 16.381285658189547
    efficiency: 0.946492
    discharge_ratio: 2
    depth_of_discharge: 0.9
  Pb-acid:
    cost: 183.91
    lifetime: 9.97493
    annual_cost: 18.43722211584442
    efficiency: 0.740506
    discharge_ratio: 5
    depth_of_discharge: 0.5
  VRBF:
    cost: 270.222
    lifetime: 19.5634
    annual_cost: 13.812629706492734
    efficiency: 0.765775
    discharge_ratio: 0.5
    depth_of_discharge: 1.0
