cost_values:
  wind_capex: 5000.0
  wind_opex: 100
  wind_lifetime: 20
  solar_capex: 1000.0
  solar_opex: 10
  solar_lifetime: 20
  carbon_price: 1.0
timeseries_values:
  load_level: 236071.66236818826
  wind_year: 2010
  solar_year: 2010
  price_year: 2023
  carbon_year: 2023
storage_values:
  CAES:
    cost: 40.281
    lifetime: 22.6726
    annual_cost: 1.7766378800843308
    efficiency: 0.588199
    discharge_ratio: 0.1
    depth_of_discharge: 0.4
  Li-ion:
    cost: 294.265
    lifetime: 15.299
    annual_cost: 19.234263677364535
    efficiency: 0.9471
    discharge_ratio: 2
    depth_of_discharge: 0.9
  Pb-acid:
    cost: 191.094
    lifetime: 9.32548
    annual_cost: 20.49159936003294
    efficiency: 0.756321
    discharge_ratio: 5
    depth_of_discharge: 0.5
  VRBF:
    cost: 258.746
    lifetime: 20.2774
    annual_cost: 12.760314438734747
    efficiency: 0.738428
    discharge_ratio: 0.5
    depth_of_discharge: 1.0
