cost_values:
  wind_capex: 5000.0
  wind_opex: 100
  wind_lifetime: 20
  solar_capex: 1000.0
  solar_opex: 10
  solar_lifetime: 20
  carbon_price: 1.0
timeseries_values:
  load_level: 264598.0009272072
  wind_year: 2018
  solar_year: 2011
  price_year: 2023
  carbon_year: 2023
storage_values:
  CAES:
    cost: 42.4315
    lifetime: 23.3157
    annual_cost: 1.8198681575076021
    efficiency: 0.597304
    discharge_ratio: 0.1
    depth_of_discharge: 0.4
  Li-ion:
    cost: 201.612
    lifetime: 26.758
    annual_cost: 7.534643844831452
    efficiency: 0.892538
    discharge_ratio: 2
    depth_of_discharge: 0.9
  Pb-acid:
    cost: 185.698
    lifetime: 10.7414
    annual_cost: 17.288063008546374
    efficiency: 0.689115
    discharge_ratio: 5
    depth_of_discharge: 0.5
  VRBF:
    cost: 201.439
    lifetime: 24.7355
    annual_cost: 8.143720563562491
    efficiency: 0.79784
    discharge_ratio: 0.5
    depth_of_discharge: 1.0
