cost_values:
  wind_capex: 5000.0
  wind_opex: 100
  wind_lifetime: 20
  solar_capex: 1000.0
  solar_opex: 10
  solar_lifetime: 20
  carbon_price: 1.0
timeseries_values:
  load_level: 264598.0009272072
  wind_year: 2018
  solar_year: 2011
  price_year: 2023
  carbon_year: 2023
storage_values:
  CAES:
    cost: 43.2897
    lifetime: 22.2947
    annual_cost: 1.941703633599017
    efficiency: 0.58942
    discharge_ratio: 0.1
    depth_of_discharge: 0.4
  Li-ion:
    cost: 202.093
    lifetime: 27.4778
    annual_cost: 7.3547736718369014
    efficiency: 0.867395
    discharge_ratio: 2
    depth_of_discharge: 0.9
  Pb-acid:
    cost: 193.132
    lifetime: 10.2034
    annual_cost: 18.928200403786974
    efficiency: 0.679726
    discharge_ratio: 5
    depth_of_discharge: 0.5
  VRBF:
    cost: 187.428
    lifetime: 21.7266
    annual_cost: 8.626660407058628
    efficiency: 0.765068
    discharge_ratio: 0.5
    depth_of_discharge: 1.0
