cost_values:
  wind_capex: 5000.0
  wind_opex: 100
  wind_lifetime: 20
  solar_capex: 1000.0
  solar_opex: 10
  solar_lifetime: 20
  carbon_price: 1.0
timeseries_values:
  load_level: 264598.0009272072
  wind_year: 2018
  solar_year: 2011
  price_year: 2023
  carbon_year: 2023
storage_values:
  CAES:
    cost: 43.7289
    lifetime: 23.793
    annual_cost: 1.8378892951708488
    efficiency: 0.60486
    discharge_ratio: 0.1
    depth_of_discharge: 0.4
  Li-ion:
    cost: 194.966
    lifetime: 26.9501
    annual_cost: 7.234333082252014
    efficiency: 0.873734
    discharge_ratio: 2
    depth_of_discharge: 0.9
  Pb-acid:
    cost: 193.336
    lifetime: 12.6596
    annual_cost: 15.271888527283645
    efficiency: 0.673151
    discharge_ratio: 5
    depth_of_discharge: 0.5
  VRBF:
    cost: 198.845
    lifetime: 26.7084
    annual_cost: 7.445036018630843
    efficiency: 0.764482
    discharge_ratio: 0.5
    depth_of_discharge: 1.0
