cost_values:
  wind_capex: 5000.0
  wind_opex: 100
  wind_lifetime: 20
  solar_capex: 1000.0
  solar_opex: 10
  solar_lifetime: 20
  carbon_price: 1.0
timeseries_values:
  load_level: 264598.0009272072
  wind_year: 2018
  solar_year: 2011
  price_year: 2023
  carbon_year: 2023
storage_values:
  CAES:
    cost: 46.3714
    lifetime: 22.214
    annual_cost: 2.0874853695867475
    efficiency: 0.607369
    discharge_ratio: 0.1
    depth_of_discharge: 0.4
  Li-ion:
    cost: 190.51
    lifetime: 25.2695
    annual_cost: 7.539128198025287
    efficiency: 0.875644
    discharge_ratio: 2
    depth_of_discharge: 0.9
  Pb-acid:
    cost: 202.544
    lifetime: 9.63062
    annual_cost: 21.031252401195353
    efficiency: 0.696445
    discharge_ratio: 5
    depth_of_discharge: 0.5
  VRBF:
    cost: 196.418
    lifetime: 24.3966
    annual_cost: 8.05103989900232
    efficiency: 0.784616
    discharge_ratio: 0.5
    depth_of_discharge: 1.0
