cost_values:
  wind_capex: 5000.0
  wind_opex: 100
  wind_lifetime: 20
  solar_capex: 1000.0
  solar_opex: 10
  solar_lifetime: 20
  carbon_price: 1.0
timeseries_values:
  load_level: 264598.0009272072
  wind_year: 2018
  solar_year: 2011
  price_year: 2023
  carbon_year: 2023
storage_values:
  CAES:
    cost: 41.9763
    lifetime: 22.1133
    annual_cost: 1.8982377121460843
    efficiency: 0.609841
    discharge_ratio: 0.1
    depth_of_discharge: 0.4
  Li-ion:
    cost: 206.565
    lifetime: 25.6632
    annual_cost: 8.049074160665857
    efficiency: 0.870294
    discharge_ratio: 2
    depth_of_discharge: 0.9
  Pb-acid:
    cost: 192.484
    lifetime: 11.1707
    annual_cost: 17.231149346057098
    efficiency: 0.682898
    discharge_ratio: 5
    depth_of_discharge: 0.5
  VRBF:
    cost: 174.975
    lifetime: 23.6837
    annual_cost: 7.387992585617956
    efficiency: 0.770212
    discharge_ratio: 0.5
    depth_of_discharge: 1.0
