cost_values:
  wind_capex: 5000.0
  wind_opex: 100
  wind_lifetime: 20
  solar_capex: 1000.0
  solar_opex: 10
  solar_lifetime: 20
  carbon_price: 1.0
timeseries_values:
  load_level: 264598.0009272072
  wind_year: 2018
  solar_year: 2011
  price_year: 2023
  carbon_year: 2023
storage_values:
  CAES:
    cost: 43.6807
    lifetime: 22.6256
    annual_cost: 1.9305874761332298
    efficiency: 0.599401
    discharge_ratio: 0.1
    depth_of_discharge: 0.4
  Li-ion:
    cost: 197.995
    lifetime: 26.898
    annual_cost: 7.360956204922299
    efficiency: 0.873696
    discharge_ratio: 2
    depth_of_discharge: 0.9
  Pb-acid:
    cost: 205.076
    lifetime: 9.65278
    annual_cost: 21.245278562238028
    efficiency: 0.662787
    discharge_ratio: 5
    depth_of_discharge: 0.5
  VRBF:
    cost: 167.76
    lifetime: 24.3403
    annual_cost: 6.8922733080529
    efficiency: 0.762812
    discharge_ratio: 0.5
    depth_of_discharge: 1.0
