cost_values:
  wind_capex: 5000.0
  wind_opex: 100
  wind_lifetime: 20
  solar_capex: 1000.0
  solar_opex: 10
  solar_lifetime: 20
  carbon_price: 1.0
timeseries_values:
  load_level: 264598.0009272072
  wind_year: 2018
  solar_year: 2011
  price_year: 2023
  carbon_year: 2023
storage_values:
  CAES:
    cost: 45.9385
    lifetime: 22.4597
    annual_cost: 2.0453746042912413
    efficiency: 0.608134
    discharge_ratio: 0.1
    depth_of_discharge: 0.4
  Li-ion:
    cost: 209.458
    lifetime: 25.4828
    annual_cost: 8.219583405277284
    efficiency: 0.877533
    discharge_ratio: 2
    depth_of_discharge: 0.9
  Pb-acid:
    cost: 215.198
    lifetime: 10.2464
    annual_cost: 21.00230324797002
    efficiency: 0.692431
    discharge_ratio: 5
    depth_of_discharge: 0.5
  VRBF:
    cost: 204.507
    lifetime: 21.725
    annual_cost: 9.41344073647871
    efficiency: 0.793358
    discharge_ratio: 0.5
    depth_of_discharge: 1.0
