cost_values:
  wind_capex: 5000.0
  wind_opex: 100
  wind_lifetime: 20
  solar_capex: 1000.0
  solar_opex: 10
  solar_lifetime: 20
  carbon_price: 1.0
timeseries_values:
  load_level: 264598.0009272072
  wind_year: 2018
  solar_year: 2011
  price_year: 2023
  carbon_year: 2023
storage_values:
  CAES:
    cost: 42.2507
    lifetime: 22.1522
    annual_cost: 1.9072913751230127
    efficiency: 0.600677
    discharge_ratio: 0.1
    depth_of_discharge: 0.4
  Li-ion:
    cost: 219.619
    lifetime: 25.7831
    annual_cost: 8.517943924508689
    efficiency: 0.878399
    discharge_ratio: 2
    depth_of_discharge: 0.9
  Pb-acid:
    cost: 182.249
    lifetime: 9.21939
    annual_cost: 19.768010681834696
    efficiency: 0.683065
    discharge_ratio: 5
    depth_of_discharge: 0.5
  VRBF:
    cost: 198.687
    lifetime: 22.7821
    annual_cost: 8.7211890036476
    efficiency: 0.756738
    discharge_ratio: 0.5
    depth_of_discharge: 1.0
