cost_values:
  wind_capex: 5000.0
  wind_opex: 100
  wind_lifetime: 20
  solar_capex: 1000.0
  solar_opex: 10
  solar_lifetime: 20
  carbon_price: 1.0
timeseries_values:
  load_level: 264598.0009272072
  wind_year: 2018
  solar_year: 2011
  price_year: 2023
  carbon_year: 2023
storage_values:
  CAES:
    cost: 40.8292
    lifetime: 22.4334
    annual_cost: 1.820018365472911
    efficiency: 0.592561
    discharge_ratio: 0.1
    depth_of_discharge: 0.4
  Li-ion:
    cost: 204.28
    lifetime: 26.552
    annual_cost: 7.693582404338656
    efficiency: 0.876004
    discharge_ratio: 2
    depth_of_discharge: 0.9
  Pb-acid:
    cost: 209.419
    lifetime: 10.1136
    annual_cost: 20.70667220376523
    efficiency: 0.682042
    discharge_ratio: 5
    depth_of_discharge: 0.5
  VRBF:
    cost: 210.9
    lifetime: 26.3963
    annual_cost: 7.989756140065085
    efficiency: 0.770765
    discharge_ratio: 0.5
    depth_of_discharge: 1.0
