cost_values:
  wind_capex: 5000.0
  wind_opex: 100
  wind_lifetime: 20
  solar_capex: 1000.0
  solar_opex: 10
  solar_lifetime: 20
  carbon_price: 1.0
timeseries_values:
  load_level: 264598.0009272072
  wind_year: 2018
  solar_year: 2011
  price_year: 2023
  carbon_year: 2023
storage_values:
  CAES:
    cost: 36.4835
    lifetime: 23.3699
    annual_cost: 1.5611320544803358
    efficiency: 0.59891
    discharge_ratio: 0.1
    depth_of_discharge: 0.4
  Li-ion:
    cost: 200.737
    lifetime: 26.2781
    annual_cost: 7.638946499176121
    efficiency: 0.876277
    discharge_ratio: 2
    depth_of_discharge: 0.9
  Pb-acid:
    cost: 183.496
    lifetime: 9.43705
    annual_cost: 19.444211909442043
    efficiency: 0.691544
    discharge_ratio: 5
    depth_of_discharge: 0.5
  VRBF:
    cost: 200.809
    lifetime: 25.1291
    annual_cost: 7.991093990632374
    efficiency: 0.76079
    discharge_ratio: 0.5
    depth_of_discharge: 1.0
