cost_values:
  wind_capex: 5000.0
  wind_opex: 100
  wind_lifetime: 20
  solar_capex: 1000.0
  solar_opex: 10
  solar_lifetime: 20
  carbon_price: 1.0
timeseries_values:
  load_level: 264598.0009272072
  wind_year: 2018
  solar_year: 2011
  price_year: 2023
  carbon_year: 2023
storage_values:
  CAES:
    cost: 46.076
    lifetime: 22.1531
    annual_cost: 2.0798894962781733
    efficiency: 0.591545
    discharge_ratio: 0.1
    depth_of_discharge: 0.4
  Li-ion:
    cost: 221.881
    lifetime: 25.8356
    annual_cost: 8.588188391212126
    efficiency: 0.871309
    discharge_ratio: 2
    depth_of_discharge: 0.9
  Pb-acid:
    cost: 189.308
    lifetime: 10.7251
    annual_cost: 17.65093099365041
    efficiency: 0.668961
    discharge_ratio: 5
    depth_of_discharge: 0.5
  VRBF:
    cost: 202.088
    lifetime: 24.6924
    annual_cost: 8.184218625973983
    efficiency: 0.77895
    discharge_ratio: 0.5
    depth_of_discharge: 1.0
