cost_values:
  wind_capex: 5000.0
  wind_opex: 100
  wind_lifetime: 20
  solar_capex: 1000.0
  solar_opex: 10
  solar_lifetime: 20
  carbon_price: 1.0
timeseries_values:
  load_level: 264598.0009272072
  wind_year: 2018
  solar_year: 2011
  price_year: 2023
  carbon_year: 2023
storage_values:
  CAES:
    cost: 38.9775
    lifetime: 21.887
    annual_cost: 1.78085164709645
    efficiency: 0.610018
    discharge_ratio: 0.1
    depth_of_discharge: 0.4
  Li-ion:
    cost: 222.234
    lifetime: 26.8694
    annual_cost: 8.270895516833276
    efficiency: 0.860443
    discharge_ratio: 2
    depth_of_discharge: 0.9
  Pb-acid:
    cost: 205.171
    lifetime: 9.5593
    annual_cost: 21.462973230257443
    efficiency: 0.693629
    discharge_ratio: 5
    depth_of_discharge: 0.5
  VRBF:
    cost: 195.049
    lifetime: 24.6057
    annual_cost: 7.926984397924059
    efficiency: 0.764934
    discharge_ratio: 0.5
    depth_of_discharge: 1.0
