cost_values:
  wind_capex: 5000.0
  wind_opex: 100
  wind_lifetime: 20
  solar_capex: 1000.0
  solar_opex: 10
  solar_lifetime: 20
  carbon_price: 1.0
timeseries_values:
  load_level: 264598.0009272072
  wind_year: 2018
  solar_year: 2011
  price_year: 2023
  carbon_year: 2023
storage_values:
  CAES:
    cost: 44.2678
    lifetime: 21.555
    annual_cost: 2.053713755509163
    efficiency: 0.590704
    discharge_ratio: 0.1
    depth_of_discharge: 0.4
  Li-ion:
    cost: 190.558
    lifetime: 25.8885
    annual_cost: 7.360720010815613
    efficiency: 0.876626
    discharge_ratio: 2
    depth_of_discharge: 0.9
  Pb-acid:
    cost: 205.441
    lifetime: 9.4802
    annual_cost: 21.67053437691188
    efficiency: 0.684856
    discharge_ratio: 5
    depth_of_discharge: 0.5
  VRBF:
    cost: 245.339
    lifetime: 22.8351
    annual_cost: 10.743942439490082
    efficiency: 0.795509
    discharge_ratio: 0.5
    depth_of_discharge: 1.0
