cost_values:
  wind_capex: 5000.0
  wind_opex: 100
  wind_lifetime: 20
  solar_capex: 1000.0
  solar_opex: 10
  solar_lifetime: 20
  carbon_price: 1.0
timeseries_values:
  load_level: 264598.0009272072
  wind_year: 2018
  solar_year: 2011
  price_year: 2023
  carbon_year: 2023
storage_values:
  CAES:
    cost: 47.1167
    lifetime: 22.8641
    annual_cost: 2.0607283907960516
    efficiency: 0.602051
    discharge_ratio: 0.1
    depth_of_discharge: 0.4
  Li-ion:
    cost: 227.604
    lifetime: 25.113
    annual_cost: 9.063194361486083
    efficiency: 0.86091
    discharge_ratio: 2
    depth_of_discharge: 0.9
  Pb-acid:
    cost: 197.475
    lifetime: 10.0766
    annual_cost: 19.597384038266878
    efficiency: 0.663511
    discharge_ratio: 5
    depth_of_discharge: 0.5
  VRBF:
    cost: 203.372
    lifetime: 24.1533
    annual_cost: 8.420050262283
    efficiency: 0.80924
    discharge_ratio: 0.5
    depth_of_discharge: 1.0
