cost_values:
  wind_capex: 5000.0
  wind_opex: 100
  wind_lifetime: 20
  solar_capex: 1000.0
  solar_opex: 10
  solar_lifetime: 20
  carbon_price: 1.0
timeseries_values:
  load_level: 264598.0009272072
  wind_year: 2018
  solar_year: 2011
  price_year: 2023
  carbon_year: 2023
storage_values:
  CAES:
    cost: 44.5774
    lifetime: 23.7347
    annual_cost: 1.8781530838814056
    efficiency: 0.609046
    discharge_ratio: 0.1
    depth_of_discharge: 0.4
  Li-ion:
    cost: 224.108
    lifetime: 22.7075
    annual_cost: 9.869338324342179
    efficiency: 0.867784
    discharge_ratio: 2
    depth_of_discharge: 0.9
  Pb-acid:
    cost: 209.742
    lifetime: 9.31375
    annual_cost: 22.519608106294456
    efficiency: 0.692617
    discharge_ratio: 5
    depth_of_discharge: 0.5
  VRBF:
    cost: 228.318
    lifetime: 23.2602
    annual_cost: 9.815822735832022
    efficiency: 0.779883
    discharge_ratio: 0.5
    depth_of_discharge: 1.0
