cost_values:
  wind_capex: 5000.0
  wind_opex: 100
  wind_lifetime: 20
  solar_capex: 1000.0
  solar_opex: 10
  solar_lifetime: 20
  carbon_price: 1.0
timeseries_values:
  load_level: 264598.0009272072
  wind_year: 2018
  solar_year: 2011
  price_year: 2023
  carbon_year: 2023
storage_values:
  CAES:
    cost: 40.9788
    lifetime: 22.7064
    annual_cost: 1.8047246591269424
    efficiency: 0.601079
    discharge_ratio: 0.1
    depth_of_discharge: 0.4
  Li-ion:
    cost: 210.551
    lifetime: 27.1572
    annual_cost: 7.753045232940067
    efficiency: 0.880267
    discharge_ratio: 2
    depth_of_discharge: 0.9
  Pb-acid:
    cost: 186.775
    lifetime: 8.06746
    annual_cost: 23.151648722150465
    efficiency: 0.683024
    discharge_ratio: 5
    depth_of_discharge: 0.5
  VRBF:
    cost: 195.747
    lifetime: 23.9951
    annual_cost: 8.157790548903735
    efficiency: 0.775047
    discharge_ratio: 0.5
    depth_of_discharge: 1.0
