cost_values:
  wind_capex: 5000.0
  wind_opex: 100
  wind_lifetime: 20
  solar_capex: 1000.0
  solar_opex: 10
  solar_lifetime: 20
  carbon_price: 1.0
timeseries_values:
  load_level: 264598.0009272072
  wind_year: 2018
  solar_year: 2011
  price_year: 2023
  carbon_year: 2023
storage_values:
  CAES:
    cost: 48.013
    lifetime: 21.1697
    annual_cost: 2.2680056873739356
    efficiency: 0.6011
    discharge_ratio: 0.1
    depth_of_discharge: 0.4
  Li-ion:
    cost: 205.005
    lifetime: 24.4956
    annual_cost: 8.369054034193896
    efficiency: 0.875229
    discharge_ratio: 2
    depth_of_discharge: 0.9
  Pb-acid:
    cost: 203.96
    lifetime: 10.3706
    annual_cost: 19.66713594198986
    efficiency: 0.6809
    discharge_ratio: 5
    depth_of_discharge: 0.5
  VRBF:
    cost: 202.869
    lifetime: 25.5146
    annual_cost: 7.9510946673669185
    efficiency: 0.771267
    discharge_ratio: 0.5
    depth_of_discharge: 1.0
