cost_values:
  wind_capex: 5000.0
  wind_opex: 100
  wind_lifetime: 20
  solar_capex: 1000.0
  solar_opex: 10
  solar_lifetime: 20
  carbon_price: 1.0
timeseries_values:
  load_level: 264598.0009272072
  wind_year: 2018
  solar_year: 2011
  price_year: 2023
  carbon_year: 2023
storage_values:
  CAES:
    cost: 40.8372
    lifetime: 22.4429
    annual_cost: 1.8196044183238351
    efficiency: 0.595934
    discharge_ratio: 0.1
    depth_of_discharge: 0.4
  Li-ion:
    cost: 203.861
    lifetime: 26.5586
    annual_cost: 7.67589406068091
    efficiency: 0.878477
    discharge_ratio: 2
    depth_of_discharge: 0.9
  Pb-acid:
    cost: 181.807
    lifetime: 10.4402
    annual_cost: 17.414129997509622
    efficiency: 0.68995
    discharge_ratio: 5
    depth_of_discharge: 0.5
  VRBF:
    cost: 193.322
    lifetime: 24.1556
    annual_cost: 8.003195946281608
    efficiency: 0.758871
    discharge_ratio: 0.5
    depth_of_discharge: 1.0
