cost_values:
  wind_capex: 5000.0
  wind_opex: 100
  wind_lifetime: 20
  solar_capex: 1000.0
  solar_opex: 10
  solar_lifetime: 20
  carbon_price: 1.0
timeseries_values:
  load_level: 264598.0009272072
  wind_year: 2018
  solar_year: 2011
  price_year: 2023
  carbon_year: 2023
storage_values:
  CAES:
    cost: 42.8433
    lifetime: 21.7547
    annual_cost: 1.9693813290921043
    efficiency: 0.598228
    discharge_ratio: 0.1
    depth_of_discharge: 0.4
  Li-ion:
    cost: 238.894
    lifetime: 23.5797
    annual_cost: 10.131341789759837
    efficiency: 0.866624
    discharge_ratio: 2
    depth_of_discharge: 0.9
  Pb-acid:
    cost: 191.224
    lifetime: 10.8809
    annual_cost: 17.574281539210908
    efficiency: 0.674017
    discharge_ratio: 5
    depth_of_discharge: 0.5
  VRBF:
    cost: 188.608
    lifetime: 23.0261
    annual_cost: 8.191052761865883
    efficiency: 0.794219
    discharge_ratio: 0.5
    depth_of_discharge: 1.0
