cost_values:
  wind_capex: 5000.0
  wind_opex: 100
  wind_lifetime: 20
  solar_capex: 1000.0
  solar_opex: 10
  solar_lifetime: 20
  carbon_price: 1.0
timeseries_values:
  load_level: 264598.0009272072
  wind_year: 2018
  solar_year: 2011
  price_year: 2023
  carbon_year: 2023
storage_values:
  CAES:
    cost: 37.2636
    lifetime: 23.73
    annual_cost: 1.57031605562579
    efficiency: 0.606677
    discharge_ratio: 0.1
    depth_of_discharge: 0.4
  Li-ion:
    cost: 206.601
    lifetime: 24.0964
    annual_cost: 8.573936355638187
    efficiency: 0.871271
    discharge_ratio: 2
    depth_of_discharge: 0.9
  Pb-acid:
    cost: 200.273
    lifetime: 10.0142
    annual_cost: 19.998901559785104
    efficiency: 0.674518
    discharge_ratio: 5
    depth_of_discharge: 0.5
  VRBF:
    cost: 192.625
    lifetime: 24.5735
    annual_cost: 7.838728711823713
    efficiency: 0.767626
    discharge_ratio: 0.5
    depth_of_discharge: 1.0
