cost_values:
  wind_capex: 5000.0
  wind_opex: 100
  wind_lifetime: 20
  solar_capex: 1000.0
  solar_opex: 10
  solar_lifetime: 20
  carbon_price: 1.0
timeseries_values:
  load_level: 264598.0009272072
  wind_year: 2018
  solar_year: 2011
  price_year: 2023
  carbon_year: 2023
storage_values:
  CAES:
    cost: 51.5616
    lifetime: 22.3805
    annual_cost: 2.30386273765108
    efficiency: 0.601818
    discharge_ratio: 0.1
    depth_of_discharge: 0.4
  Li-ion:
    cost: 214.68
    lifetime: 24.9946
    annual_cost: 8.589055235930962
    efficiency: 0.878431
    discharge_ratio: 2
    depth_of_discharge: 0.9
  Pb-acid:
    cost: 182.908
    lifetime: 9.8886
    annual_cost: 18.496854964302326
    efficiency: 0.698501
    discharge_ratio: 5
    depth_of_discharge: 0.5
  VRBF:
    cost: 163.411
    lifetime: 24.5058
    annual_cost: 6.668258126647569
    efficiency: 0.795477
    discharge_ratio: 0.5
    depth_of_discharge: 1.0
