cost_values:
  wind_capex: 5000.0
  wind_opex: 100
  wind_lifetime: 20
  solar_capex: 1000.0
  solar_opex: 10
  solar_lifetime: 20
  carbon_price: 1.0
timeseries_values:
  load_level: 264598.0009272072
  wind_year: 2018
  solar_year: 2011
  price_year: 2023
  carbon_year: 2023
storage_values:
  CAES:
    cost: 44.4515
    lifetime: 22.045
    annual_cost: 2.0163982762531187
    efficiency: 0.593063
    discharge_ratio: 0.1
    depth_of_discharge: 0.4
  Li-ion:
    cost: 226.25
    lifetime: 24.4204
    annual_cost: 9.264795007452785
    efficiency: 0.875073
    discharge_ratio: 2
    depth_of_discharge: 0.9
  Pb-acid:
    cost: 202.159
    lifetime: 11.424
    annual_cost: 17.695990896358545
    efficiency: 0.675786
    discharge_ratio: 5
    depth_of_discharge: 0.5
  VRBF:
    cost: 216.753
    lifetime: 22.6647
    annual_cost: 9.563462123919575
    efficiency: 0.761901
    discharge_ratio: 0.5
    depth_of_discharge: 1.0
