cost_values:
  wind_capex: 5000.0
  wind_opex: 100
  wind_lifetime: 20
  solar_capex: 1000.0
  solar_opex: 10
  solar_lifetime: 20
  carbon_price: 1.0
timeseries_values:
  load_level: 264598.0009272072
  wind_year: 2018
  solar_year: 2011
  price_year: 2023
  carbon_year: 2023
storage_values:
  CAES:
    cost: 43.7716
    lifetime: 22.3895
    annual_cost: 1.9550056946336452
    efficiency: 0.602473
    discharge_ratio: 0.1
    depth_of_discharge: 0.4
  Li-ion:
    cost: 226.691
    lifetime: 24.7557
    annual_cost: 9.15712340996215
    efficiency: 0.882833
    discharge_ratio: 2
    depth_of_discharge: 0.9
  Pb-acid:
    cost: 191.262
    lifetime: 11.1063
    annual_cost: 17.221036708894953
    efficiency: 0.659739
    discharge_ratio: 5
    depth_of_discharge: 0.5
  VRBF:
    cost: 232.011
    lifetime: 23.0944
    annual_cost: 10.046201676596924
    efficiency: 0.776608
    discharge_ratio: 0.5
    depth_of_discharge: 1.0
