cost_values:
  wind_capex: 5000.0
  wind_opex: 100
  wind_lifetime: 20
  solar_capex: 1000.0
  solar_opex: 10
  solar_lifetime: 20
  carbon_price: 1.0
timeseries_values:
  load_level: 264598.0009272072
  wind_year: 2018
  solar_year: 2011
  price_year: 2023
  carbon_year: 2023
storage_values:
  CAES:
    cost: 45.5499
    lifetime: 22.1831
    annual_cost: 2.05336044105648
    efficiency: 0.594874
    discharge_ratio: 0.1
    depth_of_discharge: 0.4
  Li-ion:
    cost: 205.446
    lifetime: 24.4395
    annual_cost: 8.406309458049469
    efficiency: 0.874926
    discharge_ratio: 2
    depth_of_discharge: 0.9
  Pb-acid:
    cost: 202.825
    lifetime: 8.06264
    annual_cost: 25.156152327277415
    efficiency: 0.667709
    discharge_ratio: 5
    depth_of_discharge: 0.5
  VRBF:
    cost: 224.695
    lifetime: 22.7123
    annual_cost: 9.893097572680881
    efficiency: 0.770395
    discharge_ratio: 0.5
    depth_of_discharge: 1.0
