cost_values:
  wind_capex: 5000.0
  wind_opex: 100
  wind_lifetime: 20
  solar_capex: 1000.0
  solar_opex: 10
  solar_lifetime: 20
  carbon_price: 1.0
timeseries_values:
  load_level: 264598.0009272072
  wind_year: 2018
  solar_year: 2011
  price_year: 2023
  carbon_year: 2023
storage_values:
  CAES:
    cost: 47.5148
    lifetime: 22.3894
    annual_cost: 2.1222006842523697
    efficiency: 0.600157
    discharge_ratio: 0.1
    depth_of_discharge: 0.4
  Li-ion:
    cost: 230.562
    lifetime: 26.6113
    annual_cost: 8.664063762386656
    efficiency: 0.887103
    discharge_ratio: 2
    depth_of_discharge: 0.9
  Pb-acid:
    cost: 194.077
    lifetime: 8.79834
    annual_cost: 22.058365555320663
    efficiency: 0.687239
    discharge_ratio: 5
    depth_of_discharge: 0.5
  VRBF:
    cost: 207.562
    lifetime: 22.5861
    annual_cost: 9.18981143269533
    efficiency: 0.782502
    discharge_ratio: 0.5
    depth_of_discharge: 1.0
