cost_values:
  wind_capex: 5000.0
  wind_opex: 100
  wind_lifetime: 20
  solar_capex: 1000.0
  solar_opex: 10
  solar_lifetime: 20
  carbon_price: 1.0
timeseries_values:
  load_level: 264598.0009272072
  wind_year: 2018
  solar_year: 2011
  price_year: 2023
  carbon_year: 2023
storage_values:
  CAES:
    cost: 48.9158
    lifetime: 22.6918
    annual_cost: 2.155659753743643
    efficiency: 0.606141
    discharge_ratio: 0.1
    depth_of_discharge: 0.4
  Li-ion:
    cost: 220.82
    lifetime: 25.1888
    annual_cost: 8.7665946769993
    efficiency: 0.880745
    discharge_ratio: 2
    depth_of_discharge: 0.9
  Pb-acid:
    cost: 198.503
    lifetime: 10.7646
    annual_cost: 18.44035077940657
    efficiency: 0.67091
    discharge_ratio: 5
    depth_of_discharge: 0.5
  VRBF:
    cost: 211.051
    lifetime: 23.9926
    annual_cost: 8.79650392204263
    efficiency: 0.765115
    discharge_ratio: 0.5
    depth_of_discharge: 1.0
