cost_values:
  wind_capex: 5000.0
  wind_opex: 100
  wind_lifetime: 20
  solar_capex: 1000.0
  solar_opex: 10
  solar_lifetime: 20
  carbon_price: 1.0
timeseries_values:
  load_level: 264598.0009272072
  wind_year: 2018
  solar_year: 2011
  price_year: 2023
  carbon_year: 2023
storage_values:
  CAES:
    cost: 39.8458
    lifetime: 22.748
    annual_cost: 1.7516177246351325
    efficiency: 0.599263
    discharge_ratio: 0.1
    depth_of_discharge: 0.4
  Li-ion:
    cost: 190.518
    lifetime: 28.6255
    annual_cost: 6.6555344011458315
    efficiency: 0.874029
    discharge_ratio: 2
    depth_of_discharge: 0.9
  Pb-acid:
    cost: 205.541
    lifetime: 9.74289
    annual_cost: 21.096512431116437
    efficiency: 0.702215
    discharge_ratio: 5
    depth_of_discharge: 0.5
  VRBF:
    cost: 193.162
    lifetime: 22.4048
    annual_cost: 8.621456116546454
    efficiency: 0.763052
    discharge_ratio: 0.5
    depth_of_discharge: 1.0
