cost_values:
  wind_capex: 5000.0
  wind_opex: 100
  wind_lifetime: 20
  solar_capex: 1000.0
  solar_opex: 10
  solar_lifetime: 20
  carbon_price: 1.0
timeseries_values:
  load_level: 264598.0009272072
  wind_year: 2018
  solar_year: 2011
  price_year: 2023
  carbon_year: 2023
storage_values:
  CAES:
    cost: 39.7442
    lifetime: 22.4039
    annual_cost: 1.7739857792616465
    efficiency: 0.602435
    discharge_ratio: 0.1
    depth_of_discharge: 0.4
  Li-ion:
    cost: 200.918
    lifetime: 24.522
    annual_cost: 8.193377375417993
    efficiency: 0.878432
    discharge_ratio: 2
    depth_of_discharge: 0.9
  Pb-acid:
    cost: 205.216
    lifetime: 11.3529
    annual_cost: 18.07608628632332
    efficiency: 0.671326
    discharge_ratio: 5
    depth_of_discharge: 0.5
  VRBF:
    cost: 206.002
    lifetime: 22.9646
    annual_cost: 8.97041533490677
    efficiency: 0.769543
    discharge_ratio: 0.5
    depth_of_discharge: 1.0
