cost_values:
  wind_capex: 5000.0
  wind_opex: 100
  wind_lifetime: 20
  solar_capex: 1000.0
  solar_opex: 10
  solar_lifetime: 20
  carbon_price: 1.0
timeseries_values:
  load_level: 264598.0009272072
  wind_year: 2018
  solar_year: 2011
  price_year: 2023
  carbon_year: 2023
storage_values:
  CAES:
    cost: 47.1313
    lifetime: 21.7764
    annual_cost: 2.1643292738928386
    efficiency: 0.600859
    discharge_ratio: 0.1
    depth_of_discharge: 0.4
  Li-ion:
    cost: 185.172
    lifetime: 26.5439
    annual_cost: 6.976066064142797
    efficiency: 0.880038
    discharge_ratio: 2
    depth_of_discharge: 0.9
  Pb-acid:
    cost: 181.98
    lifetime: 10.9479
    annual_cost: 16.622365933192665
    efficiency: 0.692231
    discharge_ratio: 5
    depth_of_discharge: 0.5
  VRBF:
    cost: 208.549
    lifetime: 25.8515
    annual_cost: 8.06719145890954
    efficiency: 0.770036
    discharge_ratio: 0.5
    depth_of_discharge: 1.0
