cost_values:
  wind_capex: 5000.0
  wind_opex: 100
  wind_lifetime: 20
  solar_capex: 1000.0
  solar_opex: 10
  solar_lifetime: 20
  carbon_price: 1.0
timeseries_values:
  load_level: 264598.0009272072
  wind_year: 2018
  solar_year: 2011
  price_year: 2023
  carbon_year: 2023
storage_values:
  CAES:
    cost: 42.7523
    lifetime: 21.4325
    annual_cost: 1.994741630701038
    efficiency: 0.599477
    discharge_ratio: 0.1
    depth_of_discharge: 0.4
  Li-ion:
    cost: 220.402
    lifetime: 25.7526
    annual_cost: 8.558436818030023
    efficiency: 0.877418
    discharge_ratio: 2
    depth_of_discharge: 0.9
  Pb-acid:
    cost: 203.403
    lifetime: 10.096
    annual_cost: 20.146889857369253
    efficiency: 0.6976
    discharge_ratio: 5
    depth_of_discharge: 0.5
  VRBF:
    cost: 183.816
    lifetime: 24.6162
    annual_cost: 7.467277646427962
    efficiency: 0.772873
    discharge_ratio: 0.5
    depth_of_discharge: 1.0
