cost_values:
  wind_capex: 5000.0
  wind_opex: 100
  wind_lifetime: 20
  solar_capex: 1000.0
  solar_opex: 10
  solar_lifetime: 20
  carbon_price: 1.0
timeseries_values:
  load_level: 264598.0009272072
  wind_year: 2018
  solar_year: 2011
  price_year: 2023
  carbon_year: 2023
storage_values:
  CAES:
    cost: 42.5101
    lifetime: 22.2965
    annual_cost: 1.906581750498957
    efficiency: 0.604098
    discharge_ratio: 0.1
    depth_of_discharge: 0.4
  Li-ion:
    cost: 210.627
    lifetime: 25.5208
    annual_cost: 8.25315037146171
    efficiency: 0.867167
    discharge_ratio: 2
    depth_of_discharge: 0.9
  Pb-acid:
    cost: 201.647
    lifetime: 10.5587
    annual_cost: 19.09771089243941
    efficiency: 0.683236
    discharge_ratio: 5
    depth_of_discharge: 0.5
  VRBF:
    cost: 205.799
    lifetime: 22.9169
    annual_cost: 8.980228564945522
    efficiency: 0.769779
    discharge_ratio: 0.5
    depth_of_discharge: 1.0
