cost_values:
  wind_capex: 5000.0
  wind_opex: 100
  wind_lifetime: 20
  solar_capex: 1000.0
  solar_opex: 10
  solar_lifetime: 20
  carbon_price: 1.0
timeseries_values:
  load_level: 264598.0009272072
  wind_year: 2018
  solar_year: 2011
  price_year: 2023
  carbon_year: 2023
storage_values:
  CAES:
    cost: 40.7905
    lifetime: 22.8353
    annual_cost: 1.7862913997188563
    efficiency: 0.600461
    discharge_ratio: 0.1
    depth_of_discharge: 0.4
  Li-ion:
    cost: 213.592
    lifetime: 24.0373
    annual_cost: 8.885856564589202
    efficiency: 0.871575
    discharge_ratio: 2
    depth_of_discharge: 0.9
  Pb-acid:
    cost: 213.314
    lifetime: 10.0038
    annual_cost: 21.32329714708411
    efficiency: 0.683955
    discharge_ratio: 5
    depth_of_discharge: 0.5
  VRBF:
    cost: 163.281
    lifetime: 23.3145
    annual_cost: 7.003409895129641
    efficiency: 0.76839
    discharge_ratio: 0.5
    depth_of_discharge: 1.0
