cost_values:
  wind_capex: 5000.0
  wind_opex: 100
  wind_lifetime: 20
  solar_capex: 1000.0
  solar_opex: 10
  solar_lifetime: 20
  carbon_price: 1.0
timeseries_values:
  load_level: 264598.0009272072
  wind_year: 2018
  solar_year: 2011
  price_year: 2023
  carbon_year: 2023
storage_values:
  CAES:
    cost: 42.6458
    lifetime: 21.8775
    annual_cost: 1.9492995086275853
    efficiency: 0.606815
    discharge_ratio: 0.1
    depth_of_discharge: 0.4
  Li-ion:
    cost: 213.305
    lifetime: 26.6665
    annual_cost: 7.998987493671836
    efficiency: 0.881208
    discharge_ratio: 2
    depth_of_discharge: 0.9
  Pb-acid:
    cost: 185.808
    lifetime: 10.2494
    annual_cost: 18.128670946591996
    efficiency: 0.686231
    discharge_ratio: 5
    depth_of_discharge: 0.5
  VRBF:
    cost: 198.149
    lifetime: 23.436
    annual_cost: 8.45489844683393
    efficiency: 0.785065
    discharge_ratio: 0.5
    depth_of_discharge: 1.0
