cost_values:
  wind_capex: 5000.0
  wind_opex: 100
  wind_lifetime: 20
  solar_capex: 1000.0
  solar_opex: 10
  solar_lifetime: 20
  carbon_price: 1.0
timeseries_values:
  load_level: 264598.0009272072
  wind_year: 2018
  solar_year: 2011
  price_year: 2023
  carbon_year: 2023
storage_values:
  CAES:
    cost: 49.7598
    lifetime: 23.5313
    annual_cost: 2.1146218016004212
    efficiency: 0.605083
    discharge_ratio: 0.1
    depth_of_discharge: 0.4
  Li-ion:
    cost: 172.569
    lifetime: 25.6324
    annual_cost: 6.73245579813049
    efficiency: 0.873344
    discharge_ratio: 2
    depth_of_discharge: 0.9
  Pb-acid:
    cost: 190.289
    lifetime: 9.88586
    annual_cost: 19.248603561045776
    efficiency: 0.680447
    discharge_ratio: 5
    depth_of_discharge: 0.5
  VRBF:
    cost: 200.929
    lifetime: 23.7535
    annual_cost: 8.458921843096807
    efficiency: 0.765164
    discharge_ratio: 0.5
    depth_of_discharge: 1.0
