cost_values:
  wind_capex: 5000.0
  wind_opex: 100
  wind_lifetime: 20
  solar_capex: 1000.0
  solar_opex: 10
  solar_lifetime: 20
  carbon_price: 1.0
timeseries_values:
  load_level: 264598.0009272072
  wind_year: 2018
  solar_year: 2011
  price_year: 2023
  carbon_year: 2023
storage_values:
  CAES:
    cost: 43.4301
    lifetime: 22.7458
    annual_cost: 1.9093678833015328
    efficiency: 0.597258
    discharge_ratio: 0.1
    depth_of_discharge: 0.4
  Li-ion:
    cost: 205.333
    lifetime: 25.2645
    annual_cost: 8.127332818777335
    efficiency: 0.866315
    discharge_ratio: 2
    depth_of_discharge: 0.9
  Pb-acid:
    cost: 178.971
    lifetime: 10.6587
    annual_cost: 16.791072081961214
    efficiency: 0.665779
    discharge_ratio: 5
    depth_of_discharge: 0.5
  VRBF:
    cost: 214.013
    lifetime: 23.9967
    annual_cost: 8.918434618093322
    efficiency: 0.786929
    discharge_ratio: 0.5
    depth_of_discharge: 1.0
