cost_values:
  wind_capex: 5000.0
  wind_opex: 100
  wind_lifetime: 20
  solar_capex: 1000.0
  solar_opex: 10
  solar_lifetime: 20
  carbon_price: 1.0
timeseries_values:
  load_level: 264598.0009272072
  wind_year: 2018
  solar_year: 2011
  price_year: 2023
  carbon_year: 2023
storage_values:
  CAES:
    cost: 41.5947
    lifetime: 23.2115
    annual_cost: 1.7919867307153783
    efficiency: 0.600689
    discharge_ratio: 0.1
    depth_of_discharge: 0.4
  Li-ion:
    cost: 224.019
    lifetime: 23.8163
    annual_cost: 9.40612101795829
    efficiency: 0.873418
    discharge_ratio: 2
    depth_of_discharge: 0.9
  Pb-acid:
    cost: 201.516
    lifetime: 8.93131
    annual_cost: 22.562871516048595
    efficiency: 0.679124
    discharge_ratio: 5
    depth_of_discharge: 0.5
  VRBF:
    cost: 193.134
    lifetime: 24.5205
    annual_cost: 7.876429925980302
    efficiency: 0.775027
    discharge_ratio: 0.5
    depth_of_discharge: 1.0
