cost_values:
  wind_capex: 5000.0
  wind_opex: 100
  wind_lifetime: 20
  solar_capex: 1000.0
  solar_opex: 10
  solar_lifetime: 20
  carbon_price: 1.0
timeseries_values:
  load_level: 264598.0009272072
  wind_year: 2018
  solar_year: 2011
  price_year: 2023
  carbon_year: 2023
storage_values:
  CAES:
    cost: 44.9528
    lifetime: 22.515
    annual_cost: 1.996571174772374
    efficiency: 0.597143
    discharge_ratio: 0.1
    depth_of_discharge: 0.4
  Li-ion:
    cost: 204.656
    lifetime: 24.9124
    annual_cost: 8.215025449173906
    efficiency: 0.865244
    discharge_ratio: 2
    depth_of_discharge: 0.9
  Pb-acid:
    cost: 176.973
    lifetime: 9.89439
    annual_cost: 17.886196117193684
    efficiency: 0.689288
    discharge_ratio: 5
    depth_of_discharge: 0.5
  VRBF:
    cost: 192.38
    lifetime: 25.3967
    annual_cost: 7.574999901562014
    efficiency: 0.771164
    discharge_ratio: 0.5
    depth_of_discharge: 1.0
