cost_values:
  wind_capex: 5000.0
  wind_opex: 100
  wind_lifetime: 20
  solar_capex: 1000.0
  solar_opex: 10
  solar_lifetime: 20
  carbon_price: 1.0
timeseries_values:
  load_level: 264598.0009272072
  wind_year: 2018
  solar_year: 2011
  price_year: 2023
  carbon_year: 2023
storage_values:
  CAES:
    cost: 36.9801
    lifetime: 20.7568
    annual_cost: 1.7815896477299007
    efficiency: 0.600608
    discharge_ratio: 0.1
    depth_of_discharge: 0.4
  Li-ion:
    cost: 194.326
    lifetime: 25.3458
    annual_cost: 7.6669901916688366
    efficiency: 0.882363
    discharge_ratio: 2
    depth_of_discharge: 0.9
  Pb-acid:
    cost: 213.632
    lifetime: 9.64048
    annual_cost: 22.159892453487792
    efficiency: 0.670304
    discharge_ratio: 5
    depth_of_discharge: 0.5
  VRBF:
    cost: 215.861
    lifetime: 26.6369
    annual_cost: 8.103833404037257
    efficiency: 0.775199
    discharge_ratio: 0.5
    depth_of_discharge: 1.0
