cost_values:
  wind_capex: 5000.0
  wind_opex: 100
  wind_lifetime: 20
  solar_capex: 1000.0
  solar_opex: 10
  solar_lifetime: 20
  carbon_price: 1.0
timeseries_values:
  load_level: 264598.0009272072
  wind_year: 2018
  solar_year: 2011
  price_year: 2023
  carbon_year: 2023
storage_values:
  CAES:
    cost: 43.3966
    lifetime: 22.3874
    annual_cost: 1.938438585990334
    efficiency: 0.596387
    discharge_ratio: 0.1
    depth_of_discharge: 0.4
  Li-ion:
    cost: 204.022
    lifetime: 25.4445
    annual_cost: 8.01831437049264
    efficiency: 0.884776
    discharge_ratio: 2
    depth_of_discharge: 0.9
  Pb-acid:
    cost: 207.908
    lifetime: 10.1335
    annual_cost: 20.516899393102086
    efficiency: 0.686065
    discharge_ratio: 5
    depth_of_discharge: 0.5
  VRBF:
    cost: 212.565
    lifetime: 21.0029
    annual_cost: 10.12074523042056
    efficiency: 0.788585
    discharge_ratio: 0.5
    depth_of_discharge: 1.0
