cost_values:
  wind_capex: 5000.0
  wind_opex: 100
  wind_lifetime: 20
  solar_capex: 1000.0
  solar_opex: 10
  solar_lifetime: 20
  carbon_price: 1.0
timeseries_values:
  load_level: 264598.0009272072
  wind_year: 2018
  solar_year: 2011
  price_year: 2023
  carbon_year: 2023
storage_values:
  CAES:
    cost: 41.3376
    lifetime: 21.5305
    annual_cost: 1.9199554120898261
    efficiency: 0.611212
    discharge_ratio: 0.1
    depth_of_discharge: 0.4
  Li-ion:
    cost: 202.522
    lifetime: 24.2543
    annual_cost: 8.349942072127416
    efficiency: 0.867303
    discharge_ratio: 2
    depth_of_discharge: 0.9
  Pb-acid:
    cost: 199.151
    lifetime: 10.4617
    annual_cost: 19.03619870575528
    efficiency: 0.681186
    discharge_ratio: 5
    depth_of_discharge: 0.5
  VRBF:
    cost: 190.425
    lifetime: 27.0079
    annual_cost: 7.050714790857491
    efficiency: 0.772779
    discharge_ratio: 0.5
    depth_of_discharge: 1.0
