cost_values:
  wind_capex: 5000.0
  wind_opex: 100
  wind_lifetime: 20
  solar_capex: 1000.0
  solar_opex: 10
  solar_lifetime: 20
  carbon_price: 1.0
timeseries_values:
  load_level: 264598.0009272072
  wind_year: 2018
  solar_year: 2011
  price_year: 2023
  carbon_year: 2023
storage_values:
  CAES:
    cost: 35.8327
    lifetime: 22.1849
    annual_cost: 1.615184201867036
    efficiency: 0.598014
    discharge_ratio: 0.1
    depth_of_discharge: 0.4
  Li-ion:
    cost: 243.607
    lifetime: 27.1408
    annual_cost: 8.975674998526204
    efficiency: 0.879639
    discharge_ratio: 2
    depth_of_discharge: 0.9
  Pb-acid:
    cost: 207.849
    lifetime: 10.3414
    annual_cost: 20.098729379000908
    efficiency: 0.67385
    discharge_ratio: 5
    depth_of_discharge: 0.5
  VRBF:
    cost: 169.613
    lifetime: 23.1775
    annual_cost: 7.318002372991048
    efficiency: 0.780743
    discharge_ratio: 0.5
    depth_of_discharge: 1.0
