cost_values:
  wind_capex: 5000.0
  wind_opex: 100
  wind_lifetime: 20
  solar_capex: 1000.0
  solar_opex: 10
  solar_lifetime: 20
  carbon_price: 1.0
timeseries_values:
  load_level: 264598.0009272072
  wind_year: 2018
  solar_year: 2011
  price_year: 2023
  carbon_year: 2023
storage_values:
  CAES:
    cost: 45.7706
    lifetime: 22.6593
    annual_cost: 2.0199476594599126
    efficiency: 0.604139
    discharge_ratio: 0.1
    depth_of_discharge: 0.4
  Li-ion:
    cost: 222.776
    lifetime: 25.2655
    annual_cost: 8.81739922028062
    efficiency: 0.876112
    discharge_ratio: 2
    depth_of_discharge: 0.9
  Pb-acid:
    cost: 212.441
    lifetime: 10.3635
    annual_cost: 20.498962705649635
    efficiency: 0.695499
    discharge_ratio: 5
    depth_of_discharge: 0.5
  VRBF:
    cost: 187.515
    lifetime: 25.4653
    annual_cost: 7.363549614573556
    efficiency: 0.803332
    discharge_ratio: 0.5
    depth_of_discharge: 1.0
