cost_values:
  wind_capex: 5000.0
  wind_opex: 100
  wind_lifetime: 20
  solar_capex: 1000.0
  solar_opex: 10
  solar_lifetime: 20
  carbon_price: 1.0
timeseries_values:
  load_level: 262258.3682715532
  wind_year: 2015
  solar_year: 2016
  price_year: 2023
  carbon_year: 2023
storage_values:
  CAES:
    cost: 38.8871
    lifetime: 25.8707
    annual_cost: 1.50313288778425
    efficiency: 0.608823
    discharge_ratio: 0.1
    depth_of_discharge: 0.4
  Li-ion:
    cost: 261.076
    lifetime: 25.4678
    annual_cost: 10.251219186580702
    efficiency: 0.949059
    discharge_ratio: 2
    depth_of_discharge: 0.9
  Pb-acid:
    cost: 132.514
    lifetime: 15.9919
    annual_cost: 8.286319949474422
    efficiency: 0.741931
    discharge_ratio: 5
    depth_of_discharge: 0.5
  VRBF:
    cost: 276.378
    lifetime: 23.8717
    annual_cost: 11.577642145301757
    efficiency: 0.779418
    discharge_ratio: 0.5
    depth_of_discharge: 1.0
