cost_values:
  wind_capex: 5000.0
  wind_opex: 100
  wind_lifetime: 20
  solar_capex: 1000.0
  solar_opex: 10
  solar_lifetime: 20
  carbon_price: 1.0
timeseries_values:
  load_level: 262258.3682715532
  wind_year: 2015
  solar_year: 2016
  price_year: 2023
  carbon_year: 2023
storage_values:
  CAES:
    cost: 35.6528
    lifetime: 27.2121
    annual_cost: 1.3101818676250638
    efficiency: 0.609285
    discharge_ratio: 0.1
    depth_of_discharge: 0.4
  Li-ion:
    cost: 273.662
    lifetime: 25.9697
    annual_cost: 10.537742060940248
    efficiency: 0.938104
    discharge_ratio: 2
    depth_of_discharge: 0.9
  Pb-acid:
    cost: 126.622
    lifetime: 15.0373
    annual_cost: 8.420527621314996
    efficiency: 0.732128
    discharge_ratio: 5
    depth_of_discharge: 0.5
  VRBF:
    cost: 307.879
    lifetime: 24.0078
    annual_cost: 12.82412382642308
    efficiency: 0.78108
    discharge_ratio: 0.5
    depth_of_discharge: 1.0
