cost_values:
  wind_capex: 5000.0
  wind_opex: 100
  wind_lifetime: 20
  solar_capex: 1000.0
  solar_opex: 10
  solar_lifetime: 20
  carbon_price: 1.0
timeseries_values:
  load_level: 262258.3682715532
  wind_year: 2015
  solar_year: 2016
  price_year: 2023
  carbon_year: 2023
storage_values:
  CAES:
    cost: 38.8109
    lifetime: 27.123
    annual_cost: 1.430922095638388
    efficiency: 0.61009
    discharge_ratio: 0.1
    depth_of_discharge: 0.4
  Li-ion:
    cost: 255.4
    lifetime: 27.1226
    annual_cost: 9.416501367862963
    efficiency: 0.933352
    discharge_ratio: 2
    depth_of_discharge: 0.9
  Pb-acid:
    cost: 148.803
    lifetime: 15.4131
    annual_cost: 9.65432002647099
    efficiency: 0.75014
    discharge_ratio: 5
    depth_of_discharge: 0.5
  VRBF:
    cost: 329.359
    lifetime: 22.212
    annual_cost: 14.827975868899694
    efficiency: 0.784605
    discharge_ratio: 0.5
    depth_of_discharge: 1.0
