cost_values:
  wind_capex: 5000.0
  wind_opex: 100
  wind_lifetime: 20
  solar_capex: 1000.0
  solar_opex: 10
  solar_lifetime: 20
  carbon_price: 1.0
timeseries_values:
  load_level: 262258.3682715532
  wind_year: 2015
  solar_year: 2016
  price_year: 2023
  carbon_year: 2023
storage_values:
  CAES:
    cost: 48.5753
    lifetime: 26.685
    annual_cost: 1.8203222784335769
    efficiency: 0.615916
    discharge_ratio: 0.1
    depth_of_discharge: 0.4
  Li-ion:
    cost: 247.943
    lifetime: 27.7251
    annual_cost: 8.942907329459587
    efficiency: 0.95765
    discharge_ratio: 2
    depth_of_discharge: 0.9
  Pb-acid:
    cost: 126.837
    lifetime: 14.952
    annual_cost: 8.482945425361155
    efficiency: 0.749648
    discharge_ratio: 5
    depth_of_discharge: 0.5
  VRBF:
    cost: 293.806
    lifetime: 23.4773
    annual_cost: 12.514471425589825
    efficiency: 0.781928
    discharge_ratio: 0.5
    depth_of_discharge: 1.0
