cost_values:
  wind_capex: 5000.0
  wind_opex: 100
  wind_lifetime: 20
  solar_capex: 1000.0
  solar_opex: 10
  solar_lifetime: 20
  carbon_price: 1.0
timeseries_values:
  load_level: 262258.3682715532
  wind_year: 2015
  solar_year: 2016
  price_year: 2023
  carbon_year: 2023
storage_values:
  CAES:
    cost: 39.6119
    lifetime: 26.2048
    annual_cost: 1.5116276407375748
    efficiency: 0.613633
    discharge_ratio: 0.1
    depth_of_discharge: 0.4
  Li-ion:
    cost: 258.699
    lifetime: 26.9951
    annual_cost: 9.583183614804168
    efficiency: 0.938828
    discharge_ratio: 2
    depth_of_discharge: 0.9
  Pb-acid:
    cost: 131.039
    lifetime: 13.1745
    annual_cost: 9.946411628524801
    efficiency: 0.737401
    discharge_ratio: 5
    depth_of_discharge: 0.5
  VRBF:
    cost: 289.206
    lifetime: 22.2108
    annual_cost: 13.020962774866282
    efficiency: 0.778049
    discharge_ratio: 0.5
    depth_of_discharge: 1.0
