cost_values:
  wind_capex: 5000.0
  wind_opex: 100
  wind_lifetime: 20
  solar_capex: 1000.0
  solar_opex: 10
  solar_lifetime: 20
  carbon_price: 1.0
timeseries_values:
  load_level: 262258.3682715532
  wind_year: 2015
  solar_year: 2016
  price_year: 2023
  carbon_year: 2023
storage_values:
  CAES:
    cost: 46.8239
    lifetime: 26.0092
    annual_cost: 1.8002822078341512
    efficiency: 0.614311
    discharge_ratio: 0.1
    depth_of_discharge: 0.4
  Li-ion:
    cost: 251.443
    lifetime: 25.1045
    annual_cost: 10.015853731402736
    efficiency: 0.947148
    discharge_ratio: 2
    depth_of_discharge: 0.9
  Pb-acid:
    cost: 134.927
    lifetime: 15.9924
    annual_cost: 8.436945048898226
    efficiency: 0.735347
    discharge_ratio: 5
    depth_of_discharge: 0.5
  VRBF:
    cost: 289.094
    lifetime: 23.319
    annual_cost: 12.397358377288906
    efficiency: 0.79344
    discharge_ratio: 0.5
    depth_of_discharge: 1.0
