cost_values:
  wind_capex: 5000.0
  wind_opex: 100
  wind_lifetime: 20
  solar_capex: 1000.0
  solar_opex: 10
  solar_lifetime: 20
  carbon_price: 1.0
timeseries_values:
  load_level: 262258.3682715532
  wind_year: 2015
  solar_year: 2016
  price_year: 2023
  carbon_year: 2023
storage_values:
  CAES:
    cost: 48.943
    lifetime: 26.2594
    annual_cost: 1.8638278102317647
    efficiency: 0.618749
    discharge_ratio: 0.1
    depth_of_discharge: 0.4
  Li-ion:
    cost: 271.042
    lifetime: 28.8116
    annual_cost: 9.40739146732566
    efficiency: 0.949587
    discharge_ratio: 2
    depth_of_discharge: 0.9
  Pb-acid:
    cost: 148.417
    lifetime: 15.2635
    annual_cost: 9.723654469813608
    efficiency: 0.739993
    discharge_ratio: 5
    depth_of_discharge: 0.5
  VRBF:
    cost: 323.887
    lifetime: 21.1366
    annual_cost: 15.323514661771524
    efficiency: 0.802625
    discharge_ratio: 0.5
    depth_of_discharge: 1.0
