cost_values:
  wind_capex: 5000.0
  wind_opex: 100
  wind_lifetime: 20
  solar_capex: 1000.0
  solar_opex: 10
  solar_lifetime: 20
  carbon_price: 1.0
timeseries_values:
  load_level: 262258.3682715532
  wind_year: 2015
  solar_year: 2016
  price_year: 2023
  carbon_year: 2023
storage_values:
  CAES:
    cost: 43.3821
    lifetime: 26.6143
    annual_cost: 1.6300297208643475
    efficiency: 0.610195
    discharge_ratio: 0.1
    depth_of_discharge: 0.4
  Li-ion:
    cost: 247.121
    lifetime: 26.5008
    annual_cost: 9.32503924409829
    efficiency: 0.940689
    discharge_ratio: 2
    depth_of_discharge: 0.9
  Pb-acid:
    cost: 119.267
    lifetime: 15.1778
    annual_cost: 7.857989959019093
    efficiency: 0.747237
    discharge_ratio: 5
    depth_of_discharge: 0.5
  VRBF:
    cost: 292.503
    lifetime: 21.5684
    annual_cost: 13.56164574099145
    efficiency: 0.782574
    discharge_ratio: 0.5
    depth_of_discharge: 1.0
