cost_values:
  wind_capex: 5000.0
  wind_opex: 100
  wind_lifetime: 20
  solar_capex: 1000.0
  solar_opex: 10
  solar_lifetime: 20
  carbon_price: 1.0
timeseries_values:
  load_level: 262258.3682715532
  wind_year: 2015
  solar_year: 2016
  price_year: 2023
  carbon_year: 2023
storage_values:
  CAES:
    cost: 46.3745
    lifetime: 25.1696
    annual_cost: 1.8424806115313712
    efficiency: 0.615665
    discharge_ratio: 0.1
    depth_of_discharge: 0.4
  Li-ion:
    cost: 251.009
    lifetime: 24.4717
    annual_cost: 10.257113318649706
    efficiency: 0.945864
    discharge_ratio: 2
    depth_of_discharge: 0.9
  Pb-acid:
    cost: 146.194
    lifetime: 15.0231
    annual_cost: 9.731280494704821
    efficiency: 0.734007
    discharge_ratio: 5
    depth_of_discharge: 0.5
  VRBF:
    cost: 310.129
    lifetime: 24.2273
    annual_cost: 12.800807353687784
    efficiency: 0.788905
    discharge_ratio: 0.5
    depth_of_discharge: 1.0
