cost_values:
  wind_capex: 5000.0
  wind_opex: 100
  wind_lifetime: 20
  solar_capex: 1000.0
  solar_opex: 10
  solar_lifetime: 20
  carbon_price: 1.0
timeseries_values:
  load_level: 262258.3682715532
  wind_year: 2015
  solar_year: 2016
  price_year: 2023
  carbon_year: 2023
storage_values:
  CAES:
    cost: 51.4826
    lifetime: 26.2769
    annual_cost: 1.9592341562360855
    efficiency: 0.606111
    discharge_ratio: 0.1
    depth_of_discharge: 0.4
  Li-ion:
    cost: 259.372
    lifetime: 27.8115
    annual_cost: 9.326070150836886
    efficiency: 0.947324
    discharge_ratio: 2
    depth_of_discharge: 0.9
  Pb-acid:
    cost: 126.585
    lifetime: 15.5281
    annual_cost: 8.151995414764201
    efficiency: 0.714621
    discharge_ratio: 5
    depth_of_discharge: 0.5
  VRBF:
    cost: 308.281
    lifetime: 21.8317
    annual_cost: 14.120796822968435
    efficiency: 0.792191
    discharge_ratio: 0.5
    depth_of_discharge: 1.0
