cost_values:
  wind_capex: 5000.0
  wind_opex: 100
  wind_lifetime: 20
  solar_capex: 1000.0
  solar_opex: 10
  solar_lifetime: 20
  carbon_price: 1.0
timeseries_values:
  load_level: 262258.3682715532
  wind_year: 2015
  solar_year: 2016
  price_year: 2023
  carbon_year: 2023
storage_values:
  CAES:
    cost: 43.2372
    lifetime: 25.9861
    annual_cost: 1.6638587552576185
    efficiency: 0.603419
    discharge_ratio: 0.1
    depth_of_discharge: 0.4
  Li-ion:
    cost: 268.404
    lifetime: 26.5547
    annual_cost: 10.107589240322804
    efficiency: 0.931793
    discharge_ratio: 2
    depth_of_discharge: 0.9
  Pb-acid:
    cost: 153.913
    lifetime: 13.9809
    annual_cost: 11.008804869500533
    efficiency: 0.741538
    discharge_ratio: 5
    depth_of_discharge: 0.5
  VRBF:
    cost: 319.648
    lifetime: 23.8298
    annual_cost: 13.413792814039565
    efficiency: 0.805045
    discharge_ratio: 0.5
    depth_of_discharge: 1.0
