cost_values:
  wind_capex: 5000.0
  wind_opex: 100
  wind_lifetime: 20
  solar_capex: 1000.0
  solar_opex: 10
  solar_lifetime: 20
  carbon_price: 1.0
timeseries_values:
  load_level: 262258.3682715532
  wind_year: 2015
  solar_year: 2016
  price_year: 2023
  carbon_year: 2023
storage_values:
  CAES:
    cost: 45.364
    lifetime: 26.9582
    annual_cost: 1.6827532995526406
    efficiency: 0.605599
    discharge_ratio: 0.1
    depth_of_discharge: 0.4
  Li-ion:
    cost: 275.711
    lifetime: 25.4988
    annual_cost: 10.812704911603683
    efficiency: 0.931971
    discharge_ratio: 2
    depth_of_discharge: 0.9
  Pb-acid:
    cost: 155.354
    lifetime: 16.15
    annual_cost: 9.619442724458207
    efficiency: 0.730241
    discharge_ratio: 5
    depth_of_discharge: 0.5
  VRBF:
    cost: 299.694
    lifetime: 23.3453
    annual_cost: 12.837444796168821
    efficiency: 0.801485
    discharge_ratio: 0.5
    depth_of_discharge: 1.0
