cost_values:
  wind_capex: 5000.0
  wind_opex: 100
  wind_lifetime: 20
  solar_capex: 1000.0
  solar_opex: 10
  solar_lifetime: 20
  carbon_price: 1.0
timeseries_values:
  load_level: 262258.3682715532
  wind_year: 2015
  solar_year: 2016
  price_year: 2023
  carbon_year: 2023
storage_values:
  CAES:
    cost: 39.7023
    lifetime: 26.609
    annual_cost: 1.492062835882596
    efficiency: 0.600622
    discharge_ratio: 0.1
    depth_of_discharge: 0.4
  Li-ion:
    cost: 261.998
    lifetime: 26.9728
    annual_cost: 9.71341499584767
    efficiency: 0.946436
    discharge_ratio: 2
    depth_of_discharge: 0.9
  Pb-acid:
    cost: 124.556
    lifetime: 14.3441
    annual_cost: 8.68343081824583
    efficiency: 0.745737
    discharge_ratio: 5
    depth_of_discharge: 0.5
  VRBF:
    cost: 278.033
    lifetime: 23.1075
    annual_cost: 12.03215406253381
    efficiency: 0.799462
    discharge_ratio: 0.5
    depth_of_discharge: 1.0
