cost_values:
  wind_capex: 5000.0
  wind_opex: 100
  wind_lifetime: 20
  solar_capex: 1000.0
  solar_opex: 10
  solar_lifetime: 20
  carbon_price: 1.0
timeseries_values:
  load_level: 262258.3682715532
  wind_year: 2015
  solar_year: 2016
  price_year: 2023
  carbon_year: 2023
storage_values:
  CAES:
    cost: 37.7526
    lifetime: 26.6648
    annual_cost: 1.4158216075125258
    efficiency: 0.6016
    discharge_ratio: 0.1
    depth_of_discharge: 0.4
  Li-ion:
    cost: 244.452
    lifetime: 26.4586
    annual_cost: 9.239037590802234
    efficiency: 0.939082
    discharge_ratio: 2
    depth_of_discharge: 0.9
  Pb-acid:
    cost: 109.541
    lifetime: 15.499
    annual_cost: 7.06761726563004
    efficiency: 0.746903
    discharge_ratio: 5
    depth_of_discharge: 0.5
  VRBF:
    cost: 356.205
    lifetime: 22.6426
    annual_cost: 15.731629759833233
    efficiency: 0.771763
    discharge_ratio: 0.5
    depth_of_discharge: 1.0
