cost_values:
  wind_capex: 5000.0
  wind_opex: 100
  wind_lifetime: 20
  solar_capex: 1000.0
  solar_opex: 10
  solar_lifetime: 20
  carbon_price: 1.0
timeseries_values:
  load_level: 262258.3682715532
  wind_year: 2015
  solar_year: 2016
  price_year: 2023
  carbon_year: 2023
storage_values:
  CAES:
    cost: 36.4605
    lifetime: 27.3159
    annual_cost: 1.3347720558356124
    efficiency: 0.598658
    discharge_ratio: 0.1
    depth_of_discharge: 0.4
  Li-ion:
    cost: 245.616
    lifetime: 27.0858
    annual_cost: 9.068072569390605
    efficiency: 0.951814
    discharge_ratio: 2
    depth_of_discharge: 0.9
  Pb-acid:
    cost: 159.14
    lifetime: 15.3595
    annual_cost: 10.361014355936064
    efficiency: 0.733965
    discharge_ratio: 5
    depth_of_discharge: 0.5
  VRBF:
    cost: 291.046
    lifetime: 21.4631
    annual_cost: 13.560296508892005
    efficiency: 0.789799
    discharge_ratio: 0.5
    depth_of_discharge: 1.0
