cost_values:
  wind_capex: 5000.0
  wind_opex: 100
  wind_lifetime: 20
  solar_capex: 1000.0
  solar_opex: 10
  solar_lifetime: 20
  carbon_price: 1.0
timeseries_values:
  load_level: 262258.3682715532
  wind_year: 2015
  solar_year: 2016
  price_year: 2023
  carbon_year: 2023
storage_values:
  CAES:
    cost: 41.9718
    lifetime: 25.7579
    annual_cost: 1.6294728995764407
    efficiency: 0.601034
    discharge_ratio: 0.1
    depth_of_discharge: 0.4
  Li-ion:
    cost: 250.861
    lifetime: 25.5928
    annual_cost: 9.802014629114439
    efficiency: 0.932728
    discharge_ratio: 2
    depth_of_discharge: 0.9
  Pb-acid:
    cost: 163.404
    lifetime: 15.0819
    annual_cost: 10.834443936108846
    efficiency: 0.748889
    discharge_ratio: 5
    depth_of_discharge: 0.5
  VRBF:
    cost: 268.842
    lifetime: 21.5176
    annual_cost: 12.494051381194927
    efficiency: 0.799943
    discharge_ratio: 0.5
    depth_of_discharge: 1.0
