cost_values:
  wind_capex: 5000.0
  wind_opex: 100
  wind_lifetime: 20
  solar_capex: 1000.0
  solar_opex: 10
  solar_lifetime: 20
  carbon_price: 1.0
timeseries_values:
  load_level: 262258.3682715532
  wind_year: 2015
  solar_year: 2016
  price_year: 2023
  carbon_year: 2023
storage_values:
  CAES:
    cost: 44.4824
    lifetime: 27.2542
    annual_cost: 1.6321300937103271
    efficiency: 0.605605
    discharge_ratio: 0.1
    depth_of_discharge: 0.4
  Li-ion:
    cost: 254.175
    lifetime: 26.676
    annual_cost: 9.528227620332885
    efficiency: 0.943853
    discharge_ratio: 2
    depth_of_discharge: 0.9
  Pb-acid:
    cost: 131.335
    lifetime: 15.4398
    annual_cost: 8.506263034495266
    efficiency: 0.753437
    discharge_ratio: 5
    depth_of_discharge: 0.5
  VRBF:
    cost: 283.278
    lifetime: 23.7814
    annual_cost: 11.911746154557763
    efficiency: 0.790105
    discharge_ratio: 0.5
    depth_of_discharge: 1.0
