cost_values:
  wind_capex: 5000.0
  wind_opex: 100
  wind_lifetime: 20
  solar_capex: 1000.0
  solar_opex: 10
  solar_lifetime: 20
  carbon_price: 1.0
timeseries_values:
  load_level: 262258.3682715532
  wind_year: 2015
  solar_year: 2016
  price_year: 2023
  carbon_year: 2023
storage_values:
  CAES:
    cost: 39.383
    lifetime: 25.8774
    annual_cost: 1.521907146776724
    efficiency: 0.603899
    discharge_ratio: 0.1
    depth_of_discharge: 0.4
  Li-ion:
    cost: 269.5
    lifetime: 26.4303
    annual_cost: 10.196630382553357
    efficiency: 0.93685
    discharge_ratio: 2
    depth_of_discharge: 0.9
  Pb-acid:
    cost: 130.636
    lifetime: 15.589
    annual_cost: 8.380011546603374
    efficiency: 0.728481
    discharge_ratio: 5
    depth_of_discharge: 0.5
  VRBF:
    cost: 285.159
    lifetime: 23.6826
    annual_cost: 12.04086544551696
    efficiency: 0.778578
    discharge_ratio: 0.5
    depth_of_discharge: 1.0
