cost_values:
  wind_capex: 5000.0
  wind_opex: 100
  wind_lifetime: 20
  solar_capex: 1000.0
  solar_opex: 10
  solar_lifetime: 20
  carbon_price: 1.0
timeseries_values:
  load_level: 262258.3682715532
  wind_year: 2015
  solar_year: 2016
  price_year: 2023
  carbon_year: 2023
storage_values:
  CAES:
    cost: 45.4379
    lifetime: 26.3455
    annual_cost: 1.7246930215786376
    efficiency: 0.607877
    discharge_ratio: 0.1
    depth_of_discharge: 0.4
  Li-ion:
    cost: 266.181
    lifetime: 25.9444
    annual_cost: 10.259670680378038
    efficiency: 0.933833
    discharge_ratio: 2
    depth_of_discharge: 0.9
  Pb-acid:
    cost: 164.672
    lifetime: 15.9372
    annual_cost: 10.332555279471928
    efficiency: 0.74646
    discharge_ratio: 5
    depth_of_discharge: 0.5
  VRBF:
    cost: 317.095
    lifetime: 22.1026
    annual_cost: 14.346502221458111
    efficiency: 0.798392
    discharge_ratio: 0.5
    depth_of_discharge: 1.0
