cost_values:
  wind_capex: 5000.0
  wind_opex: 100
  wind_lifetime: 20
  solar_capex: 1000.0
  solar_opex: 10
  solar_lifetime: 20
  carbon_price: 1.0
timeseries_values:
  load_level: 262258.3682715532
  wind_year: 2015
  solar_year: 2016
  price_year: 2023
  carbon_year: 2023
storage_values:
  CAES:
    cost: 39.2369
    lifetime: 25.9287
    annual_cost: 1.5132613667480437
    efficiency: 0.598587
    discharge_ratio: 0.1
    depth_of_discharge: 0.4
  Li-ion:
    cost: 266.296
    lifetime: 27.1506
    annual_cost: 9.808107371476137
    efficiency: 0.939174
    discharge_ratio: 2
    depth_of_discharge: 0.9
  Pb-acid:
    cost: 148.025
    lifetime: 15.4422
    annual_cost: 9.58574555438992
    efficiency: 0.732523
    discharge_ratio: 5
    depth_of_discharge: 0.5
  VRBF:
    cost: 314.223
    lifetime: 21.8516
    annual_cost: 14.37986234417617
    efficiency: 0.796192
    discharge_ratio: 0.5
    depth_of_discharge: 1.0
