cost_values:
  wind_capex: 5000.0
  wind_opex: 100
  wind_lifetime: 20
  solar_capex: 1000.0
  solar_opex: 10
  solar_lifetime: 20
  carbon_price: 1.0
timeseries_values:
  load_level: 262258.3682715532
  wind_year: 2015
  solar_year: 2016
  price_year: 2023
  carbon_year: 2023
storage_values:
  CAES:
    cost: 39.2087
    lifetime: 27.142
    annual_cost: 1.4445766708422372
    efficiency: 0.609121
    discharge_ratio: 0.1
    depth_of_discharge: 0.4
  Li-ion:
    cost: 248.779
    lifetime: 28.4204
    annual_cost: 8.753536192312565
    efficiency: 0.940851
    discharge_ratio: 2
    depth_of_discharge: 0.9
  Pb-acid:
    cost: 123.572
    lifetime: 14.8551
    annual_cost: 8.318489946213758
    efficiency: 0.727008
    discharge_ratio: 5
    depth_of_discharge: 0.5
  VRBF:
    cost: 316.826
    lifetime: 21.0218
    annual_cost: 15.071306928997519
    efficiency: 0.789326
    discharge_ratio: 0.5
    depth_of_discharge: 1.0
