cost_values:
  wind_capex: 5000.0
  wind_opex: 100
  wind_lifetime: 20
  solar_capex: 1000.0
  solar_opex: 10
  solar_lifetime: 20
  carbon_price: 1.0
timeseries_values:
  load_level: 262258.3682715532
  wind_year: 2015
  solar_year: 2016
  price_year: 2023
  carbon_year: 2023
storage_values:
  CAES:
    cost: 41.0355
    lifetime: 27.6105
    annual_cost: 1.4862280654098985
    efficiency: 0.622655
    discharge_ratio: 0.1
    depth_of_discharge: 0.4
  Li-ion:
    cost: 239.969
    lifetime: 27.4885
    annual_cost: 8.729796096549466
    efficiency: 0.943393
    discharge_ratio: 2
    depth_of_discharge: 0.9
  Pb-acid:
    cost: 149.535
    lifetime: 15.7469
    annual_cost: 9.496154798722287
    efficiency: 0.729638
    discharge_ratio: 5
    depth_of_discharge: 0.5
  VRBF:
    cost: 301.311
    lifetime: 23.7407
    annual_cost: 12.691748768991646
    efficiency: 0.798242
    discharge_ratio: 0.5
    depth_of_discharge: 1.0
