cost_values:
  wind_capex: 5000.0
  wind_opex: 100
  wind_lifetime: 20
  solar_capex: 1000.0
  solar_opex: 10
  solar_lifetime: 20
  carbon_price: 1.0
timeseries_values:
  load_level: 262258.3682715532
  wind_year: 2015
  solar_year: 2016
  price_year: 2023
  carbon_year: 2023
storage_values:
  CAES:
    cost: 34.5392
    lifetime: 26.9545
    annual_cost: 1.2813890074013616
    efficiency: 0.611713
    discharge_ratio: 0.1
    depth_of_discharge: 0.4
  Li-ion:
    cost: 267.472
    lifetime: 27.366
    annual_cost: 9.773879997076664
    efficiency: 0.955291
    discharge_ratio: 2
    depth_of_discharge: 0.9
  Pb-acid:
    cost: 146.181
    lifetime: 15.4599
    annual_cost: 9.455494537480838
    efficiency: 0.748229
    discharge_ratio: 5
    depth_of_discharge: 0.5
  VRBF:
    cost: 283.675
    lifetime: 22.1798
    annual_cost: 12.789790710466281
    efficiency: 0.789394
    discharge_ratio: 0.5
    depth_of_discharge: 1.0
