cost_values:
  wind_capex: 5000.0
  wind_opex: 100
  wind_lifetime: 20
  solar_capex: 1000.0
  solar_opex: 10
  solar_lifetime: 20
  carbon_price: 1.0
timeseries_values:
  load_level: 262258.3682715532
  wind_year: 2015
  solar_year: 2016
  price_year: 2023
  carbon_year: 2023
storage_values:
  CAES:
    cost: 46.3929
    lifetime: 26.319
    annual_cost: 1.7627151487518522
    efficiency: 0.622188
    discharge_ratio: 0.1
    depth_of_discharge: 0.4
  Li-ion:
    cost: 245.991
    lifetime: 26.4698
    annual_cost: 9.293270066264196
    efficiency: 0.942411
    discharge_ratio: 2
    depth_of_discharge: 0.9
  Pb-acid:
    cost: 155.573
    lifetime: 14.9486
    annual_cost: 10.40719532263891
    efficiency: 0.747742
    discharge_ratio: 5
    depth_of_discharge: 0.5
  VRBF:
    cost: 328.575
    lifetime: 22.1824
    annual_cost: 14.812418854587419
    efficiency: 0.780474
    discharge_ratio: 0.5
    depth_of_discharge: 1.0
