cost_values:
  wind_capex: 5000.0
  wind_opex: 100
  wind_lifetime: 20
  solar_capex: 1000.0
  solar_opex: 10
  solar_lifetime: 20
  carbon_price: 1.0
timeseries_values:
  load_level: 262258.3682715532
  wind_year: 2015
  solar_year: 2016
  price_year: 2023
  carbon_year: 2023
storage_values:
  CAES:
    cost: 43.5636
    lifetime: 26.0438
    annual_cost: 1.6727052119890338
    efficiency: 0.605321
    discharge_ratio: 0.1
    depth_of_discharge: 0.4
  Li-ion:
    cost: 255.41
    lifetime: 24.3306
    annual_cost: 10.49748053890985
    efficiency: 0.937146
    discharge_ratio: 2
    depth_of_discharge: 0.9
  Pb-acid:
    cost: 136.173
    lifetime: 14.1234
    annual_cost: 9.641658524151408
    efficiency: 0.731256
    discharge_ratio: 5
    depth_of_discharge: 0.5
  VRBF:
    cost: 307.828
    lifetime: 21.4045
    annual_cost: 14.381461842136
    efficiency: 0.797904
    discharge_ratio: 0.5
    depth_of_discharge: 1.0
