cost_values:
  wind_capex: 5000.0
  wind_opex: 100
  wind_lifetime: 20
  solar_capex: 1000.0
  solar_opex: 10
  solar_lifetime: 20
  carbon_price: 1.0
timeseries_values:
  load_level: 262258.3682715532
  wind_year: 2015
  solar_year: 2016
  price_year: 2023
  carbon_year: 2023
storage_values:
  CAES:
    cost: 44.9374
    lifetime: 26.9807
    annual_cost: 1.6655386998854735
    efficiency: 0.612849
    discharge_ratio: 0.1
    depth_of_discharge: 0.4
  Li-ion:
    cost: 273.332
    lifetime: 25.6625
    annual_cost: 10.651027764247441
    efficiency: 0.934239
    discharge_ratio: 2
    depth_of_discharge: 0.9
  Pb-acid:
    cost: 160.576
    lifetime: 16.3898
    annual_cost: 9.797312962940364
    efficiency: 0.720582
    discharge_ratio: 5
    depth_of_discharge: 0.5
  VRBF:
    cost: 308.647
    lifetime: 22.6524
    annual_cost: 13.625355370733343
    efficiency: 0.801131
    discharge_ratio: 0.5
    depth_of_discharge: 1.0
