cost_values:
  wind_capex: 5000.0
  wind_opex: 100
  wind_lifetime: 20
  solar_capex: 1000.0
  solar_opex: 10
  solar_lifetime: 20
  carbon_price: 1.0
timeseries_values:
  load_level: 262258.3682715532
  wind_year: 2015
  solar_year: 2016
  price_year: 2023
  carbon_year: 2023
storage_values:
  CAES:
    cost: 44.0188
    lifetime: 26.834
    annual_cost: 1.6404114183498546
    efficiency: 0.610114
    discharge_ratio: 0.1
    depth_of_discharge: 0.4
  Li-ion:
    cost: 269.297
    lifetime: 26.9989
    annual_cost: 9.974369326157733
    efficiency: 0.955246
    discharge_ratio: 2
    depth_of_discharge: 0.9
  Pb-acid:
    cost: 124.239
    lifetime: 15.4901
    annual_cost: 8.020542152729808
    efficiency: 0.741113
    discharge_ratio: 5
    depth_of_discharge: 0.5
  VRBF:
    cost: 302.416
    lifetime: 26.0949
    annual_cost: 11.589084457116142
    efficiency: 0.783791
    discharge_ratio: 0.5
    depth_of_discharge: 1.0
