cost_values:
  wind_capex: 5000.0
  wind_opex: 100
  wind_lifetime: 20
  solar_capex: 1000.0
  solar_opex: 10
  solar_lifetime: 20
  carbon_price: 1.0
timeseries_values:
  load_level: 262258.3682715532
  wind_year: 2015
  solar_year: 2016
  price_year: 2023
  carbon_year: 2023
storage_values:
  CAES:
    cost: 41.8237
    lifetime: 25.6161
    annual_cost: 1.6327114588091085
    efficiency: 0.60992
    discharge_ratio: 0.1
    depth_of_discharge: 0.4
  Li-ion:
    cost: 274.393
    lifetime: 29.4113
    annual_cost: 9.329509406248617
    efficiency: 0.933217
    discharge_ratio: 2
    depth_of_discharge: 0.9
  Pb-acid:
    cost: 121.42
    lifetime: 13.84
    annual_cost: 8.773121387283238
    efficiency: 0.720779
    discharge_ratio: 5
    depth_of_discharge: 0.5
  VRBF:
    cost: 312.577
    lifetime: 23.3243
    annual_cost: 13.401345377996337
    efficiency: 0.800487
    discharge_ratio: 0.5
    depth_of_discharge: 1.0
