cost_values:
  wind_capex: 5000.0
  wind_opex: 100
  wind_lifetime: 20
  solar_capex: 1000.0
  solar_opex: 10
  solar_lifetime: 20
  carbon_price: 1.0
timeseries_values:
  load_level: 262258.3682715532
  wind_year: 2015
  solar_year: 2016
  price_year: 2023
  carbon_year: 2023
storage_values:
  CAES:
    cost: 44.3441
    lifetime: 26.9035
    annual_cost: 1.6482650956195288
    efficiency: 0.610399
    discharge_ratio: 0.1
    depth_of_discharge: 0.4
  Li-ion:
    cost: 273.005
    lifetime: 26.4036
    annual_cost: 10.339688527322032
    efficiency: 0.954612
    discharge_ratio: 2
    depth_of_discharge: 0.9
  Pb-acid:
    cost: 135.735
    lifetime: 14.7459
    annual_cost: 9.204931540292556
    efficiency: 0.730379
    discharge_ratio: 5
    depth_of_discharge: 0.5
  VRBF:
    cost: 302.426
    lifetime: 21.7401
    annual_cost: 13.910975570489555
    efficiency: 0.802044
    discharge_ratio: 0.5
    depth_of_discharge: 1.0
