cost_values:
  wind_capex: 5000.0
  wind_opex: 100
  wind_lifetime: 20
  solar_capex: 1000.0
  solar_opex: 10
  solar_lifetime: 20
  carbon_price: 1.0
timeseries_values:
  load_level: 262258.3682715532
  wind_year: 2015
  solar_year: 2016
  price_year: 2023
  carbon_year: 2023
storage_values:
  CAES:
    cost: 42.72
    lifetime: 26.7423
    annual_cost: 1.5974691780437733
    efficiency: 0.605016
    discharge_ratio: 0.1
    depth_of_discharge: 0.4
  Li-ion:
    cost: 245.597
    lifetime: 25.1523
    annual_cost: 9.764395303809195
    efficiency: 0.94751
    discharge_ratio: 2
    depth_of_discharge: 0.9
  Pb-acid:
    cost: 117.706
    lifetime: 15.263
    annual_cost: 7.711852191574396
    efficiency: 0.735926
    discharge_ratio: 5
    depth_of_discharge: 0.5
  VRBF:
    cost: 297.082
    lifetime: 23.8772
    annual_cost: 12.442078635685927
    efficiency: 0.779086
    discharge_ratio: 0.5
    depth_of_discharge: 1.0
