cost_values:
  wind_capex: 5000.0
  wind_opex: 100
  wind_lifetime: 20
  solar_capex: 1000.0
  solar_opex: 10
  solar_lifetime: 20
  carbon_price: 1.0
timeseries_values:
  load_level: 262258.3682715532
  wind_year: 2015
  solar_year: 2016
  price_year: 2023
  carbon_year: 2023
storage_values:
  CAES:
    cost: 39.8505
    lifetime: 25.8252
    annual_cost: 1.543085823149482
    efficiency: 0.606313
    discharge_ratio: 0.1
    depth_of_discharge: 0.4
  Li-ion:
    cost: 272.939
    lifetime: 25.9847
    annual_cost: 10.503834949027699
    efficiency: 0.939307
    discharge_ratio: 2
    depth_of_discharge: 0.9
  Pb-acid:
    cost: 129.002
    lifetime: 15.6409
    annual_cost: 8.2477351047574
    efficiency: 0.757722
    discharge_ratio: 5
    depth_of_discharge: 0.5
  VRBF:
    cost: 320.045
    lifetime: 25.985
    annual_cost: 12.316528766596115
    efficiency: 0.799402
    discharge_ratio: 0.5
    depth_of_discharge: 1.0
