cost_values:
  wind_capex: 5000.0
  wind_opex: 100
  wind_lifetime: 20
  solar_capex: 1000.0
  solar_opex: 10
  solar_lifetime: 20
  carbon_price: 1.0
timeseries_values:
  load_level: 262258.3682715532
  wind_year: 2015
  solar_year: 2016
  price_year: 2023
  carbon_year: 2023
storage_values:
  CAES:
    cost: 41.9636
    lifetime: 26.3245
    annual_cost: 1.5940891564892021
    efficiency: 0.605937
    discharge_ratio: 0.1
    depth_of_discharge: 0.4
  Li-ion:
    cost: 254.637
    lifetime: 28.5802
    annual_cost: 8.909559765152098
    efficiency: 0.935437
    discharge_ratio: 2
    depth_of_discharge: 0.9
  Pb-acid:
    cost: 136.938
    lifetime: 14.9771
    annual_cost: 9.143158555394567
    efficiency: 0.751331
    discharge_ratio: 5
    depth_of_discharge: 0.5
  VRBF:
    cost: 285.716
    lifetime: 22.9169
    annual_cost: 12.467480331109357
    efficiency: 0.780751
    discharge_ratio: 0.5
    depth_of_discharge: 1.0
