cost_values:
  wind_capex: 5000.0
  wind_opex: 100
  wind_lifetime: 20
  solar_capex: 1000.0
  solar_opex: 10
  solar_lifetime: 20
  carbon_price: 1.0
timeseries_values:
  load_level: 262258.3682715532
  wind_year: 2015
  solar_year: 2016
  price_year: 2023
  carbon_year: 2023
storage_values:
  CAES:
    cost: 43.0071
    lifetime: 27.5397
    annual_cost: 1.5616401050120372
    efficiency: 0.610571
    discharge_ratio: 0.1
    depth_of_discharge: 0.4
  Li-ion:
    cost: 272.554
    lifetime: 25.8705
    annual_cost: 10.535320152297016
    efficiency: 0.938183
    discharge_ratio: 2
    depth_of_discharge: 0.9
  Pb-acid:
    cost: 136.467
    lifetime: 16.2346
    annual_cost: 8.405935471154201
    efficiency: 0.751709
    discharge_ratio: 5
    depth_of_discharge: 0.5
  VRBF:
    cost: 315.445
    lifetime: 23.0857
    annual_cost: 13.664086425796055
    efficiency: 0.800617
    discharge_ratio: 0.5
    depth_of_discharge: 1.0
