cost_values:
  wind_capex: 5000.0
  wind_opex: 100
  wind_lifetime: 20
  solar_capex: 1000.0
  solar_opex: 10
  solar_lifetime: 20
  carbon_price: 1.0
timeseries_values:
  load_level: 262258.3682715532
  wind_year: 2015
  solar_year: 2016
  price_year: 2023
  carbon_year: 2023
storage_values:
  CAES:
    cost: 39.1555
    lifetime: 26.624
    annual_cost: 1.4706843449519234
    efficiency: 0.610564
    discharge_ratio: 0.1
    depth_of_discharge: 0.4
  Li-ion:
    cost: 261.786
    lifetime: 25.9474
    annual_cost: 10.089103339833665
    efficiency: 0.942893
    discharge_ratio: 2
    depth_of_discharge: 0.9
  Pb-acid:
    cost: 136.899
    lifetime: 14.7289
    annual_cost: 9.294584116940166
    efficiency: 0.728451
    discharge_ratio: 5
    depth_of_discharge: 0.5
  VRBF:
    cost: 278.882
    lifetime: 23.673
    annual_cost: 11.780593925569216
    efficiency: 0.779048
    discharge_ratio: 0.5
    depth_of_discharge: 1.0
