cost_values:
  wind_capex: 5000.0
  wind_opex: 100
  wind_lifetime: 20
  solar_capex: 1000.0
  solar_opex: 10
  solar_lifetime: 20
  carbon_price: 1.0
timeseries_values:
  load_level: 262258.3682715532
  wind_year: 2015
  solar_year: 2016
  price_year: 2023
  carbon_year: 2023
storage_values:
  CAES:
    cost: 47.2141
    lifetime: 25.9886
    annual_cost: 1.8167234864517519
    efficiency: 0.609122
    discharge_ratio: 0.1
    depth_of_discharge: 0.4
  Li-ion:
    cost: 265.141
    lifetime: 25.3992
    annual_cost: 10.438950833097106
    efficiency: 0.943264
    discharge_ratio: 2
    depth_of_discharge: 0.9
  Pb-acid:
    cost: 156.905
    lifetime: 14.908
    annual_cost: 10.524885967265899
    efficiency: 0.744522
    discharge_ratio: 5
    depth_of_discharge: 0.5
  VRBF:
    cost: 279.884
    lifetime: 22.1074
    annual_cost: 12.660195228746938
    efficiency: 0.776531
    discharge_ratio: 0.5
    depth_of_discharge: 1.0
