cost_values:
  wind_capex: 5000.0
  wind_opex: 100
  wind_lifetime: 20
  solar_capex: 1000.0
  solar_opex: 10
  solar_lifetime: 20
  carbon_price: 1.0
timeseries_values:
  load_level: 262258.3682715532
  wind_year: 2015
  solar_year: 2016
  price_year: 2023
  carbon_year: 2023
storage_values:
  CAES:
    cost: 40.7563
    lifetime: 27.3868
    annual_cost: 1.4881731345027531
    efficiency: 0.615746
    discharge_ratio: 0.1
    depth_of_discharge: 0.4
  Li-ion:
    cost: 248.434
    lifetime: 23.5572
    annual_cost: 10.545990185590817
    efficiency: 0.937672
    discharge_ratio: 2
    depth_of_discharge: 0.9
  Pb-acid:
    cost: 139.785
    lifetime: 15.5924
    annual_cost: 8.964944460121597
    efficiency: 0.721055
    discharge_ratio: 5
    depth_of_discharge: 0.5
  VRBF:
    cost: 303.128
    lifetime: 24.5782
    annual_cost: 12.333205849085775
    efficiency: 0.804946
    discharge_ratio: 0.5
    depth_of_discharge: 1.0
