cost_values:
  wind_capex: 5000.0
  wind_opex: 100
  wind_lifetime: 20
  solar_capex: 1000.0
  solar_opex: 10
  solar_lifetime: 20
  carbon_price: 1.0
timeseries_values:
  load_level: 262258.3682715532
  wind_year: 2015
  solar_year: 2016
  price_year: 2023
  carbon_year: 2023
storage_values:
  CAES:
    cost: 38.52
    lifetime: 26.6707
    annual_cost: 1.4442815524151973
    efficiency: 0.605562
    discharge_ratio: 0.1
    depth_of_discharge: 0.4
  Li-ion:
    cost: 281.906
    lifetime: 22.8114
    annual_cost: 12.358119186021025
    efficiency: 0.939229
    discharge_ratio: 2
    depth_of_discharge: 0.9
  Pb-acid:
    cost: 150.291
    lifetime: 15.9651
    annual_cost: 9.413721179322398
    efficiency: 0.74263
    discharge_ratio: 5
    depth_of_discharge: 0.5
  VRBF:
    cost: 327.672
    lifetime: 21.116
    annual_cost: 15.517711687819665
    efficiency: 0.792893
    discharge_ratio: 0.5
    depth_of_discharge: 1.0
