cost_values:
  wind_capex: 5000.0
  wind_opex: 100
  wind_lifetime: 20
  solar_capex: 1000.0
  solar_opex: 10
  solar_lifetime: 20
  carbon_price: 1.0
timeseries_values:
  load_level: 262258.3682715532
  wind_year: 2015
  solar_year: 2016
  price_year: 2023
  carbon_year: 2023
storage_values:
  CAES:
    cost: 39.8237
    lifetime: 25.9513
    annual_cost: 1.5345551089926133
    efficiency: 0.615893
    discharge_ratio: 0.1
    depth_of_discharge: 0.4
  Li-ion:
    cost: 242.968
    lifetime: 24.593
    annual_cost: 9.879559224169478
    efficiency: 0.939238
    discharge_ratio: 2
    depth_of_discharge: 0.9
  Pb-acid:
    cost: 153.404
    lifetime: 15.374
    annual_cost: 9.978144919994795
    efficiency: 0.721426
    discharge_ratio: 5
    depth_of_discharge: 0.5
  VRBF:
    cost: 314.79
    lifetime: 23.876
    annual_cost: 13.184369241078908
    efficiency: 0.801353
    discharge_ratio: 0.5
    depth_of_discharge: 1.0
