cost_values:
  wind_capex: 5000.0
  wind_opex: 100
  wind_lifetime: 20
  solar_capex: 1000.0
  solar_opex: 10
  solar_lifetime: 20
  carbon_price: 1.0
timeseries_values:
  load_level: 262258.3682715532
  wind_year: 2015
  solar_year: 2016
  price_year: 2023
  carbon_year: 2023
storage_values:
  CAES:
    cost: 42.1395
    lifetime: 25.5744
    annual_cost: 1.6477219406906907
    efficiency: 0.597706
    discharge_ratio: 0.1
    depth_of_discharge: 0.4
  Li-ion:
    cost: 270.423
    lifetime: 28.3238
    annual_cost: 9.547553647462559
    efficiency: 0.930164
    discharge_ratio: 2
    depth_of_discharge: 0.9
  Pb-acid:
    cost: 137.015
    lifetime: 13.6762
    annual_cost: 10.018499290738655
    efficiency: 0.72722
    discharge_ratio: 5
    depth_of_discharge: 0.5
  VRBF:
    cost: 296.685
    lifetime: 21.9875
    annual_cost: 13.493348493462195
    efficiency: 0.778101
    discharge_ratio: 0.5
    depth_of_discharge: 1.0
