cost_values:
  wind_capex: 5000.0
  wind_opex: 100
  wind_lifetime: 20
  solar_capex: 1000.0
  solar_opex: 10
  solar_lifetime: 20
  carbon_price: 1.0
timeseries_values:
  load_level: 255439.71381292492
  wind_year: 2012
  solar_year: 2014
  price_year: 2023
  carbon_year: 2023
storage_values:
  CAES:
    cost: 28.8801
    lifetime: 27.4746
    annual_cost: 1.0511563407656526
    efficiency: 0.5696
    discharge_ratio: 0.1
    depth_of_discharge: 0.4
  Li-ion:
    cost: 264.348
    lifetime: 19.9968
    annual_cost: 13.219515122419587
    efficiency: 0.885245
    discharge_ratio: 2
    depth_of_discharge: 0.9
  Pb-acid:
    cost: 161.522
    lifetime: 17.4543
    annual_cost: 9.25399471763405
    efficiency: 0.743655
    discharge_ratio: 5
    depth_of_discharge: 0.5
  VRBF:
    cost: 330.08
    lifetime: 18.5586
    annual_cost: 17.785824361751427
    efficiency: 0.748658
    discharge_ratio: 0.5
    depth_of_discharge: 1.0
