cost_values:
  wind_capex: 5000.0
  wind_opex: 100
  wind_lifetime: 20
  solar_capex: 1000.0
  solar_opex: 10
  solar_lifetime: 20
  carbon_price: 1.0
timeseries_values:
  load_level: 255439.71381292492
  wind_year: 2012
  solar_year: 2014
  price_year: 2023
  carbon_year: 2023
storage_values:
  CAES:
    cost: 28.448
    lifetime: 27.8733
    annual_cost: 1.0206182977975338
    efficiency: 0.56771
    discharge_ratio: 0.1
    depth_of_discharge: 0.4
  Li-ion:
    cost: 277.56
    lifetime: 20.1767
    annual_cost: 13.756461661223094
    efficiency: 0.875712
    discharge_ratio: 2
    depth_of_discharge: 0.9
  Pb-acid:
    cost: 148.04
    lifetime: 15.5166
    annual_cost: 9.540749906551692
    efficiency: 0.757544
    discharge_ratio: 5
    depth_of_discharge: 0.5
  VRBF:
    cost: 324.429
    lifetime: 20.7201
    annual_cost: 15.657694702245646
    efficiency: 0.777871
    discharge_ratio: 0.5
    depth_of_discharge: 1.0
