cost_values:
  wind_capex: 5000.0
  wind_opex: 100
  wind_lifetime: 20
  solar_capex: 1000.0
  solar_opex: 10
  solar_lifetime: 20
  carbon_price: 1.0
timeseries_values:
  load_level: 255439.71381292492
  wind_year: 2012
  solar_year: 2014
  price_year: 2023
  carbon_year: 2023
storage_values:
  CAES:
    cost: 33.96
    lifetime: 28.9221
    annual_cost: 1.1741885962637568
    efficiency: 0.574704
    discharge_ratio: 0.1
    depth_of_discharge: 0.4
  Li-ion:
    cost: 279.529
    lifetime: 19.0553
    annual_cost: 14.669357081756782
    efficiency: 0.891742
    discharge_ratio: 2
    depth_of_discharge: 0.9
  Pb-acid:
    cost: 173.633
    lifetime: 16.2161
    annual_cost: 10.707445070023002
    efficiency: 0.732216
    discharge_ratio: 5
    depth_of_discharge: 0.5
  VRBF:
    cost: 364.002
    lifetime: 21.487
    annual_cost: 16.940568715967796
    efficiency: 0.752432
    discharge_ratio: 0.5
    depth_of_discharge: 1.0
