cost_values:
  wind_capex: 5000.0
  wind_opex: 100
  wind_lifetime: 20
  solar_capex: 1000.0
  solar_opex: 10
  solar_lifetime: 20
  carbon_price: 1.0
timeseries_values:
  load_level: 255439.71381292492
  wind_year: 2012
  solar_year: 2014
  price_year: 2023
  carbon_year: 2023
storage_values:
  CAES:
    cost: 32.0767
    lifetime: 28.0251
    annual_cost: 1.1445704029602037
    efficiency: 0.567983
    discharge_ratio: 0.1
    depth_of_discharge: 0.4
  Li-ion:
    cost: 256.915
    lifetime: 17.6912
    annual_cost: 14.522191824183777
    efficiency: 0.868301
    discharge_ratio: 2
    depth_of_discharge: 0.9
  Pb-acid:
    cost: 135.03
    lifetime: 16.3784
    annual_cost: 8.244395056904215
    efficiency: 0.747055
    discharge_ratio: 5
    depth_of_discharge: 0.5
  VRBF:
    cost: 341.302
    lifetime: 20.1721
    annual_cost: 16.91950763678546
    efficiency: 0.756277
    discharge_ratio: 0.5
    depth_of_discharge: 1.0
