cost_values:
  wind_capex: 5000.0
  wind_opex: 100
  wind_lifetime: 20
  solar_capex: 1000.0
  solar_opex: 10
  solar_lifetime: 20
  carbon_price: 1.0
timeseries_values:
  load_level: 255439.71381292492
  wind_year: 2012
  solar_year: 2014
  price_year: 2023
  carbon_year: 2023
storage_values:
  CAES:
    cost: 34.0793
    lifetime: 27.4828
    annual_cost: 1.240022850655683
    efficiency: 0.570109
    discharge_ratio: 0.1
    depth_of_discharge: 0.4
  Li-ion:
    cost: 293.127
    lifetime: 18.3902
    annual_cost: 15.9393046296397
    efficiency: 0.878037
    discharge_ratio: 2
    depth_of_discharge: 0.9
  Pb-acid:
    cost: 167.291
    lifetime: 15.6086
    annual_cost: 10.717873480004613
    efficiency: 0.767597
    discharge_ratio: 5
    depth_of_discharge: 0.5
  VRBF:
    cost: 351.869
    lifetime: 22.0904
    annual_cost: 15.928593416144572
    efficiency: 0.751259
    discharge_ratio: 0.5
    depth_of_discharge: 1.0
