cost_values:
  wind_capex: 5000.0
  wind_opex: 100
  wind_lifetime: 20
  solar_capex: 1000.0
  solar_opex: 10
  solar_lifetime: 20
  carbon_price: 1.0
timeseries_values:
  load_level: 255439.71381292492
  wind_year: 2012
  solar_year: 2014
  price_year: 2023
  carbon_year: 2023
storage_values:
  CAES:
    cost: 33.1289
    lifetime: 27.9085
    annual_cost: 1.18705412329577
    efficiency: 0.574455
    discharge_ratio: 0.1
    depth_of_discharge: 0.4
  Li-ion:
    cost: 278.985
    lifetime: 18.7127
    annual_cost: 14.908858689553083
    efficiency: 0.873796
    discharge_ratio: 2
    depth_of_discharge: 0.9
  Pb-acid:
    cost: 144.543
    lifetime: 18.4747
    annual_cost: 7.823834757803916
    efficiency: 0.75877
    discharge_ratio: 5
    depth_of_discharge: 0.5
  VRBF:
    cost: 336.15
    lifetime: 19.7699
    annual_cost: 17.003120906023803
    efficiency: 0.79206
    discharge_ratio: 0.5
    depth_of_discharge: 1.0
