cost_values:
  wind_capex: 5000.0
  wind_opex: 100
  wind_lifetime: 20
  solar_capex: 1000.0
  solar_opex: 10
  solar_lifetime: 20
  carbon_price: 1.0
timeseries_values:
  load_level: 255439.71381292492
  wind_year: 2012
  solar_year: 2014
  price_year: 2023
  carbon_year: 2023
storage_values:
  CAES:
    cost: 35.929
    lifetime: 28.9509
    annual_cost: 1.2410322304315238
    efficiency: 0.574453
    discharge_ratio: 0.1
    depth_of_discharge: 0.4
  Li-ion:
    cost: 286.096
    lifetime: 17.5823
    annual_cost: 16.271818817788343
    efficiency: 0.889652
    discharge_ratio: 2
    depth_of_discharge: 0.9
  Pb-acid:
    cost: 144.743
    lifetime: 16.2345
    annual_cost: 8.915765807385506
    efficiency: 0.757288
    discharge_ratio: 5
    depth_of_discharge: 0.5
  VRBF:
    cost: 324.015
    lifetime: 20.4296
    annual_cost: 15.860075576614323
    efficiency: 0.745083
    discharge_ratio: 0.5
    depth_of_discharge: 1.0
