cost_values:
  wind_capex: 5000.0
  wind_opex: 100
  wind_lifetime: 20
  solar_capex: 1000.0
  solar_opex: 10
  solar_lifetime: 20
  carbon_price: 1.0
timeseries_values:
  load_level: 255439.71381292492
  wind_year: 2012
  solar_year: 2014
  price_year: 2023
  carbon_year: 2023
storage_values:
  CAES:
    cost: 40.2847
    lifetime: 27.5906
    annual_cost: 1.4600878560089308
    efficiency: 0.576323
    discharge_ratio: 0.1
    depth_of_discharge: 0.4
  Li-ion:
    cost: 258.482
    lifetime: 20.5305
    annual_cost: 12.590146367599427
    efficiency: 0.88455
    discharge_ratio: 2
    depth_of_discharge: 0.9
  Pb-acid:
    cost: 141.218
    lifetime: 17.8596
    annual_cost: 7.9071199802907115
    efficiency: 0.741882
    discharge_ratio: 5
    depth_of_discharge: 0.5
  VRBF:
    cost: 318.041
    lifetime: 18.7755
    annual_cost: 16.939149423450772
    efficiency: 0.763626
    discharge_ratio: 0.5
    depth_of_discharge: 1.0
