cost_values:
  wind_capex: 5000.0
  wind_opex: 100
  wind_lifetime: 20
  solar_capex: 1000.0
  solar_opex: 10
  solar_lifetime: 20
  carbon_price: 1.0
timeseries_values:
  load_level: 255439.71381292492
  wind_year: 2012
  solar_year: 2014
  price_year: 2023
  carbon_year: 2023
storage_values:
  CAES:
    cost: 28.6833
    lifetime: 27.5412
    annual_cost: 1.0414687813167183
    efficiency: 0.572472
    discharge_ratio: 0.1
    depth_of_discharge: 0.4
  Li-ion:
    cost: 264.986
    lifetime: 18.8806
    annual_cost: 14.034829401607999
    efficiency: 0.887265
    discharge_ratio: 2
    depth_of_discharge: 0.9
  Pb-acid:
    cost: 124.328
    lifetime: 16.951
    annual_cost: 7.334552533773818
    efficiency: 0.734632
    discharge_ratio: 5
    depth_of_discharge: 0.5
  VRBF:
    cost: 309.728
    lifetime: 20.6314
    annual_cost: 15.012456740696221
    efficiency: 0.765802
    discharge_ratio: 0.5
    depth_of_discharge: 1.0
