cost_values:
  wind_capex: 5000.0
  wind_opex: 100
  wind_lifetime: 20
  solar_capex: 1000.0
  solar_opex: 10
  solar_lifetime: 20
  carbon_price: 1.0
timeseries_values:
  load_level: 255439.71381292492
  wind_year: 2012
  solar_year: 2014
  price_year: 2023
  carbon_year: 2023
storage_values:
  CAES:
    cost: 31.6919
    lifetime: 28.3902
    annual_cost: 1.1162971729681368
    efficiency: 0.568168
    discharge_ratio: 0.1
    depth_of_discharge: 0.4
  Li-ion:
    cost: 291.102
    lifetime: 22.1219
    annual_cost: 13.158996288745541
    efficiency: 0.892153
    discharge_ratio: 2
    depth_of_discharge: 0.9
  Pb-acid:
    cost: 147.723
    lifetime: 17.3276
    annual_cost: 8.525300676377572
    efficiency: 0.75091
    discharge_ratio: 5
    depth_of_discharge: 0.5
  VRBF:
    cost: 340.411
    lifetime: 20.1251
    annual_cost: 16.91474824969814
    efficiency: 0.78169
    discharge_ratio: 0.5
    depth_of_discharge: 1.0
