cost_values:
  wind_capex: 5000.0
  wind_opex: 100
  wind_lifetime: 20
  solar_capex: 1000.0
  solar_opex: 10
  solar_lifetime: 20
  carbon_price: 1.0
timeseries_values:
  load_level: 255439.71381292492
  wind_year: 2012
  solar_year: 2014
  price_year: 2023
  carbon_year: 2023
storage_values:
  CAES:
    cost: 27.1934
    lifetime: 27.8668
    annual_cost: 0.9758350438514648
    efficiency: 0.579856
    discharge_ratio: 0.1
    depth_of_discharge: 0.4
  Li-ion:
    cost: 282.473
    lifetime: 22.1143
    annual_cost: 12.773318621887196
    efficiency: 0.878049
    discharge_ratio: 2
    depth_of_discharge: 0.9
  Pb-acid:
    cost: 161.755
    lifetime: 17.2334
    annual_cost: 9.386133902770203
    efficiency: 0.744397
    discharge_ratio: 5
    depth_of_discharge: 0.5
  VRBF:
    cost: 304.411
    lifetime: 20.0034
    annual_cost: 15.21796294629913
    efficiency: 0.762585
    discharge_ratio: 0.5
    depth_of_discharge: 1.0
