cost_values:
  wind_capex: 5000.0
  wind_opex: 100
  wind_lifetime: 20
  solar_capex: 1000.0
  solar_opex: 10
  solar_lifetime: 20
  carbon_price: 1.0
timeseries_values:
  load_level: 255439.71381292492
  wind_year: 2012
  solar_year: 2014
  price_year: 2023
  carbon_year: 2023
storage_values:
  CAES:
    cost: 30.4746
    lifetime: 27.6884
    annual_cost: 1.100626977362361
    efficiency: 0.575977
    discharge_ratio: 0.1
    depth_of_discharge: 0.4
  Li-ion:
    cost: 285.16
    lifetime: 18.4344
    annual_cost: 15.468905958425553
    efficiency: 0.872299
    discharge_ratio: 2
    depth_of_discharge: 0.9
  Pb-acid:
    cost: 163.669
    lifetime: 16.2523
    annual_cost: 10.070513096607865
    efficiency: 0.750913
    discharge_ratio: 5
    depth_of_discharge: 0.5
  VRBF:
    cost: 318.809
    lifetime: 21.7374
    annual_cost: 14.66638144396294
    efficiency: 0.746053
    discharge_ratio: 0.5
    depth_of_discharge: 1.0
