cost_values:
  wind_capex: 5000.0
  wind_opex: 100
  wind_lifetime: 20
  solar_capex: 1000.0
  solar_opex: 10
  solar_lifetime: 20
  carbon_price: 1.0
timeseries_values:
  load_level: 255439.71381292492
  wind_year: 2012
  solar_year: 2014
  price_year: 2023
  carbon_year: 2023
storage_values:
  CAES:
    cost: 29.8576
    lifetime: 27.8655
    annual_cost: 1.0714898351007518
    efficiency: 0.574736
    discharge_ratio: 0.1
    depth_of_discharge: 0.4
  Li-ion:
    cost: 275.301
    lifetime: 20.3176
    annual_cost: 13.549877938339174
    efficiency: 0.883769
    discharge_ratio: 2
    depth_of_discharge: 0.9
  Pb-acid:
    cost: 150.735
    lifetime: 17.397
    annual_cost: 8.664424900844974
    efficiency: 0.750707
    discharge_ratio: 5
    depth_of_discharge: 0.5
  VRBF:
    cost: 299.326
    lifetime: 21.5637
    annual_cost: 13.881012998696885
    efficiency: 0.756252
    discharge_ratio: 0.5
    depth_of_discharge: 1.0
