cost_values:
  wind_capex: 5000.0
  wind_opex: 100
  wind_lifetime: 20
  solar_capex: 1000.0
  solar_opex: 10
  solar_lifetime: 20
  carbon_price: 1.0
timeseries_values:
  load_level: 255439.71381292492
  wind_year: 2012
  solar_year: 2014
  price_year: 2023
  carbon_year: 2023
storage_values:
  CAES:
    cost: 29.9768
    lifetime: 28.302
    annual_cost: 1.0591760299625468
    efficiency: 0.566085
    discharge_ratio: 0.1
    depth_of_discharge: 0.4
  Li-ion:
    cost: 297.028
    lifetime: 17.8474
    annual_cost: 16.642648228873675
    efficiency: 0.87986
    discharge_ratio: 2
    depth_of_discharge: 0.9
  Pb-acid:
    cost: 152.212
    lifetime: 14.5435
    annual_cost: 10.465981366246089
    efficiency: 0.754372
    discharge_ratio: 5
    depth_of_discharge: 0.5
  VRBF:
    cost: 320.112
    lifetime: 18.7697
    annual_cost: 17.054721172954284
    efficiency: 0.782633
    discharge_ratio: 0.5
    depth_of_discharge: 1.0
