cost_values:
  wind_capex: 5000.0
  wind_opex: 100
  wind_lifetime: 20
  solar_capex: 1000.0
  solar_opex: 10
  solar_lifetime: 20
  carbon_price: 1.0
timeseries_values:
  load_level: 255439.71381292492
  wind_year: 2012
  solar_year: 2014
  price_year: 2023
  carbon_year: 2023
storage_values:
  CAES:
    cost: 34.9962
    lifetime: 28.741
    annual_cost: 1.217640304791065
    efficiency: 0.578375
    discharge_ratio: 0.1
    depth_of_discharge: 0.4
  Li-ion:
    cost: 293.453
    lifetime: 18.8095
    annual_cost: 15.601318482681622
    efficiency: 0.886892
    discharge_ratio: 2
    depth_of_discharge: 0.9
  Pb-acid:
    cost: 158.477
    lifetime: 15.6711
    annual_cost: 10.11269151495428
    efficiency: 0.734851
    discharge_ratio: 5
    depth_of_discharge: 0.5
  VRBF:
    cost: 280.036
    lifetime: 20.2852
    annual_cost: 13.804941533729025
    efficiency: 0.777262
    discharge_ratio: 0.5
    depth_of_discharge: 1.0
