cost_values:
  wind_capex: 5000.0
  wind_opex: 100
  wind_lifetime: 20
  solar_capex: 1000.0
  solar_opex: 10
  solar_lifetime: 20
  carbon_price: 1.0
timeseries_values:
  load_level: 255439.71381292492
  wind_year: 2012
  solar_year: 2014
  price_year: 2023
  carbon_year: 2023
storage_values:
  CAES:
    cost: 27.1801
    lifetime: 28.1386
    annual_cost: 0.9659364716083956
    efficiency: 0.567883
    discharge_ratio: 0.1
    depth_of_discharge: 0.4
  Li-ion:
    cost: 282.201
    lifetime: 20.973
    annual_cost: 13.455442712058362
    efficiency: 0.895506
    discharge_ratio: 2
    depth_of_discharge: 0.9
  Pb-acid:
    cost: 150.488
    lifetime: 15.9669
    annual_cost: 9.42499796453914
    efficiency: 0.759742
    discharge_ratio: 5
    depth_of_discharge: 0.5
  VRBF:
    cost: 298.375
    lifetime: 19.2848
    annual_cost: 15.472029785115739
    efficiency: 0.791601
    discharge_ratio: 0.5
    depth_of_discharge: 1.0
