cost_values:
  wind_capex: 5000.0
  wind_opex: 100
  wind_lifetime: 20
  solar_capex: 1000.0
  solar_opex: 10
  solar_lifetime: 20
  carbon_price: 1.0
timeseries_values:
  load_level: 255439.71381292492
  wind_year: 2012
  solar_year: 2014
  price_year: 2023
  carbon_year: 2023
storage_values:
  CAES:
    cost: 23.8884
    lifetime: 28.0578
    annual_cost: 0.851399610803413
    efficiency: 0.581746
    discharge_ratio: 0.1
    depth_of_discharge: 0.4
  Li-ion:
    cost: 270.209
    lifetime: 17.6071
    annual_cost: 15.346593135723658
    efficiency: 0.862564
    discharge_ratio: 2
    depth_of_discharge: 0.9
  Pb-acid:
    cost: 169.477
    lifetime: 16.305
    annual_cost: 10.394173566390679
    efficiency: 0.746662
    discharge_ratio: 5
    depth_of_discharge: 0.5
  VRBF:
    cost: 296.097
    lifetime: 22.7971
    annual_cost: 12.988362554886367
    efficiency: 0.76267
    discharge_ratio: 0.5
    depth_of_discharge: 1.0
