cost_values:
  wind_capex: 5000.0
  wind_opex: 100
  wind_lifetime: 20
  solar_capex: 1000.0
  solar_opex: 10
  solar_lifetime: 20
  carbon_price: 1.0
timeseries_values:
  load_level: 255439.71381292492
  wind_year: 2012
  solar_year: 2014
  price_year: 2023
  carbon_year: 2023
storage_values:
  CAES:
    cost: 30.03
    lifetime: 28.039
    annual_cost: 1.0710082385249118
    efficiency: 0.577672
    discharge_ratio: 0.1
    depth_of_discharge: 0.4
  Li-ion:
    cost: 295.25
    lifetime: 20.4204
    annual_cost: 14.458580635051224
    efficiency: 0.897658
    discharge_ratio: 2
    depth_of_discharge: 0.9
  Pb-acid:
    cost: 144.898
    lifetime: 16.1361
    annual_cost: 8.979741077459858
    efficiency: 0.747352
    discharge_ratio: 5
    depth_of_discharge: 0.5
  VRBF:
    cost: 351.399
    lifetime: 19.2123
    annual_cost: 18.29031401758249
    efficiency: 0.785424
    discharge_ratio: 0.5
    depth_of_discharge: 1.0
