cost_values:
  wind_capex: 5000.0
  wind_opex: 100
  wind_lifetime: 20
  solar_capex: 1000.0
  solar_opex: 10
  solar_lifetime: 20
  carbon_price: 1.0
timeseries_values:
  load_level: 255439.71381292492
  wind_year: 2012
  solar_year: 2014
  price_year: 2023
  carbon_year: 2023
storage_values:
  CAES:
    cost: 29.9969
    lifetime: 28.5659
    annual_cost: 1.050094693323158
    efficiency: 0.578482
    discharge_ratio: 0.1
    depth_of_discharge: 0.4
  Li-ion:
    cost: 284.024
    lifetime: 19.755
    annual_cost: 14.377322196912175
    efficiency: 0.877493
    discharge_ratio: 2
    depth_of_discharge: 0.9
  Pb-acid:
    cost: 156.474
    lifetime: 15.7352
    annual_cost: 9.944201535411052
    efficiency: 0.759285
    discharge_ratio: 5
    depth_of_discharge: 0.5
  VRBF:
    cost: 321.683
    lifetime: 21.8205
    annual_cost: 14.742237803900002
    efficiency: 0.757059
    discharge_ratio: 0.5
    depth_of_discharge: 1.0
