cost_values:
  wind_capex: 5000.0
  wind_opex: 100
  wind_lifetime: 20
  solar_capex: 1000.0
  solar_opex: 10
  solar_lifetime: 20
  carbon_price: 1.0
timeseries_values:
  load_level: 255439.71381292492
  wind_year: 2012
  solar_year: 2014
  price_year: 2023
  carbon_year: 2023
storage_values:
  CAES:
    cost: 29.6707
    lifetime: 29.1725
    annual_cost: 1.0170777273116804
    efficiency: 0.572491
    discharge_ratio: 0.1
    depth_of_discharge: 0.4
  Li-ion:
    cost: 288.983
    lifetime: 19.6726
    annual_cost: 14.689619064078974
    efficiency: 0.88404
    discharge_ratio: 2
    depth_of_discharge: 0.9
  Pb-acid:
    cost: 126.563
    lifetime: 15.4585
    annual_cost: 8.187275608888314
    efficiency: 0.747368
    discharge_ratio: 5
    depth_of_discharge: 0.5
  VRBF:
    cost: 335.074
    lifetime: 20.838
    annual_cost: 16.079950091179576
    efficiency: 0.788429
    discharge_ratio: 0.5
    depth_of_discharge: 1.0
