cost_values:
  wind_capex: 5000.0
  wind_opex: 100
  wind_lifetime: 20
  solar_capex: 1000.0
  solar_opex: 10
  solar_lifetime: 20
  carbon_price: 1.0
timeseries_values:
  load_level: 255439.71381292492
  wind_year: 2012
  solar_year: 2014
  price_year: 2023
  carbon_year: 2023
storage_values:
  CAES:
    cost: 25.8859
    lifetime: 28.7319
    annual_cost: 0.9009463349099781
    efficiency: 0.565065
    discharge_ratio: 0.1
    depth_of_discharge: 0.4
  Li-ion:
    cost: 271.739
    lifetime: 19.3411
    annual_cost: 14.049821364865492
    efficiency: 0.879894
    discharge_ratio: 2
    depth_of_discharge: 0.9
  Pb-acid:
    cost: 147.194
    lifetime: 17.5993
    annual_cost: 8.36362809884484
    efficiency: 0.739292
    discharge_ratio: 5
    depth_of_discharge: 0.5
  VRBF:
    cost: 319.769
    lifetime: 19.8689
    annual_cost: 16.09394581481612
    efficiency: 0.74921
    discharge_ratio: 0.5
    depth_of_discharge: 1.0
