cost_values:
  wind_capex: 5000.0
  wind_opex: 100
  wind_lifetime: 20
  solar_capex: 1000.0
  solar_opex: 10
  solar_lifetime: 20
  carbon_price: 1.0
timeseries_values:
  load_level: 255439.71381292492
  wind_year: 2012
  solar_year: 2014
  price_year: 2023
  carbon_year: 2023
storage_values:
  CAES:
    cost: 30.2258
    lifetime: 27.8464
    annual_cost: 1.085447310962997
    efficiency: 0.570051
    discharge_ratio: 0.1
    depth_of_discharge: 0.4
  Li-ion:
    cost: 291.236
    lifetime: 18.424
    annual_cost: 15.807425097698653
    efficiency: 0.872847
    discharge_ratio: 2
    depth_of_discharge: 0.9
  Pb-acid:
    cost: 172.985
    lifetime: 16.2157
    annual_cost: 10.667747923308895
    efficiency: 0.741762
    discharge_ratio: 5
    depth_of_discharge: 0.5
  VRBF:
    cost: 355.314
    lifetime: 19.2187
    annual_cost: 18.487931025511614
    efficiency: 0.753555
    discharge_ratio: 0.5
    depth_of_discharge: 1.0
