cost_values:
  wind_capex: 5000.0
  wind_opex: 100
  wind_lifetime: 20
  solar_capex: 1000.0
  solar_opex: 10
  solar_lifetime: 20
  carbon_price: 1.0
timeseries_values:
  load_level: 255439.71381292492
  wind_year: 2012
  solar_year: 2014
  price_year: 2023
  carbon_year: 2023
storage_values:
  CAES:
    cost: 31.471
    lifetime: 28.1036
    annual_cost: 1.1198209482059238
    efficiency: 0.573649
    discharge_ratio: 0.1
    depth_of_discharge: 0.4
  Li-ion:
    cost: 263.007
    lifetime: 19.1494
    annual_cost: 13.734477320438238
    efficiency: 0.89267
    discharge_ratio: 2
    depth_of_discharge: 0.9
  Pb-acid:
    cost: 156.539
    lifetime: 16.1429
    annual_cost: 9.697080450228892
    efficiency: 0.752727
    discharge_ratio: 5
    depth_of_discharge: 0.5
  VRBF:
    cost: 316.571
    lifetime: 19.9995
    annual_cost: 15.828945723643091
    efficiency: 0.766981
    discharge_ratio: 0.5
    depth_of_discharge: 1.0
