cost_values:
  wind_capex: 5000.0
  wind_opex: 100
  wind_lifetime: 20
  solar_capex: 1000.0
  solar_opex: 10
  solar_lifetime: 20
  carbon_price: 1.0
timeseries_values:
  load_level: 255439.71381292492
  wind_year: 2012
  solar_year: 2014
  price_year: 2023
  carbon_year: 2023
storage_values:
  CAES:
    cost: 28.4595
    lifetime: 28.5772
    annual_cost: 0.9958813319709418
    efficiency: 0.573428
    discharge_ratio: 0.1
    depth_of_discharge: 0.4
  Li-ion:
    cost: 259.477
    lifetime: 19.2369
    annual_cost: 13.488503864967848
    efficiency: 0.880984
    discharge_ratio: 2
    depth_of_discharge: 0.9
  Pb-acid:
    cost: 158.192
    lifetime: 17.4208
    annual_cost: 9.080639235855989
    efficiency: 0.737432
    discharge_ratio: 5
    depth_of_discharge: 0.5
  VRBF:
    cost: 338.223
    lifetime: 19.7451
    annual_cost: 17.129465031830684
    efficiency: 0.755299
    discharge_ratio: 0.5
    depth_of_discharge: 1.0
