cost_values:
  wind_capex: 5000.0
  wind_opex: 100
  wind_lifetime: 20
  solar_capex: 1000.0
  solar_opex: 10
  solar_lifetime: 20
  carbon_price: 1.0
timeseries_values:
  load_level: 255439.71381292492
  wind_year: 2012
  solar_year: 2014
  price_year: 2023
  carbon_year: 2023
storage_values:
  CAES:
    cost: 40.6027
    lifetime: 29.2086
    annual_cost: 1.39009401340701
    efficiency: 0.57538
    discharge_ratio: 0.1
    depth_of_discharge: 0.4
  Li-ion:
    cost: 261.494
    lifetime: 19.7096
    annual_cost: 13.267341802979262
    efficiency: 0.884103
    discharge_ratio: 2
    depth_of_discharge: 0.9
  Pb-acid:
    cost: 153.964
    lifetime: 15.7655
    annual_cost: 9.765881196283024
    efficiency: 0.744046
    discharge_ratio: 5
    depth_of_discharge: 0.5
  VRBF:
    cost: 328.073
    lifetime: 21.6125
    annual_cost: 15.179780219780218
    efficiency: 0.770853
    discharge_ratio: 0.5
    depth_of_discharge: 1.0
