cost_values:
  wind_capex: 5000.0
  wind_opex: 100
  wind_lifetime: 20
  solar_capex: 1000.0
  solar_opex: 10
  solar_lifetime: 20
  carbon_price: 1.0
timeseries_values:
  load_level: 255439.71381292492
  wind_year: 2012
  solar_year: 2014
  price_year: 2023
  carbon_year: 2023
storage_values:
  CAES:
    cost: 30.3876
    lifetime: 27.346
    annual_cost: 1.1112265047904628
    efficiency: 0.575083
    discharge_ratio: 0.1
    depth_of_discharge: 0.4
  Li-ion:
    cost: 266.905
    lifetime: 20.8006
    annual_cost: 12.831601011509283
    efficiency: 0.890707
    discharge_ratio: 2
    depth_of_discharge: 0.9
  Pb-acid:
    cost: 143.732
    lifetime: 15.5933
    annual_cost: 9.217548562523648
    efficiency: 0.75089
    discharge_ratio: 5
    depth_of_discharge: 0.5
  VRBF:
    cost: 344.558
    lifetime: 17.6919
    annual_cost: 19.475466173785744
    efficiency: 0.797537
    discharge_ratio: 0.5
    depth_of_discharge: 1.0
