cost_values:
  wind_capex: 5000.0
  wind_opex: 100
  wind_lifetime: 20
  solar_capex: 1000.0
  solar_opex: 10
  solar_lifetime: 20
  carbon_price: 1.0
timeseries_values:
  load_level: 255439.71381292492
  wind_year: 2012
  solar_year: 2014
  price_year: 2023
  carbon_year: 2023
storage_values:
  CAES:
    cost: 30.4026
    lifetime: 27.7483
    annual_cost: 1.0956563104766779
    efficiency: 0.56967
    discharge_ratio: 0.1
    depth_of_discharge: 0.4
  Li-ion:
    cost: 278.46
    lifetime: 19.7755
    annual_cost: 14.081059897347727
    efficiency: 0.877998
    discharge_ratio: 2
    depth_of_discharge: 0.9
  Pb-acid:
    cost: 173.847
    lifetime: 15.6304
    annual_cost: 11.122364110963252
    efficiency: 0.728805
    discharge_ratio: 5
    depth_of_discharge: 0.5
  VRBF:
    cost: 323.417
    lifetime: 20.0802
    annual_cost: 16.106263881833843
    efficiency: 0.769296
    discharge_ratio: 0.5
    depth_of_discharge: 1.0
