cost_values:
  wind_capex: 5000.0
  wind_opex: 100
  wind_lifetime: 20
  solar_capex: 1000.0
  solar_opex: 10
  solar_lifetime: 20
  carbon_price: 1.0
timeseries_values:
  load_level: 255439.71381292492
  wind_year: 2012
  solar_year: 2014
  price_year: 2023
  carbon_year: 2023
storage_values:
  CAES:
    cost: 31.7103
    lifetime: 28.5364
    annual_cost: 1.1112228592254103
    efficiency: 0.576184
    discharge_ratio: 0.1
    depth_of_discharge: 0.4
  Li-ion:
    cost: 283.066
    lifetime: 18.1403
    annual_cost: 15.60426233303749
    efficiency: 0.894167
    discharge_ratio: 2
    depth_of_discharge: 0.9
  Pb-acid:
    cost: 154.027
    lifetime: 16.9424
    annual_cost: 9.091214940032108
    efficiency: 0.751888
    discharge_ratio: 5
    depth_of_discharge: 0.5
  VRBF:
    cost: 331.491
    lifetime: 20.134
    annual_cost: 16.464239594715405
    efficiency: 0.761187
    discharge_ratio: 0.5
    depth_of_discharge: 1.0
