cost_values:
  wind_capex: 5000.0
  wind_opex: 100
  wind_lifetime: 20
  solar_capex: 1000.0
  solar_opex: 10
  solar_lifetime: 20
  carbon_price: 1.0
timeseries_values:
  load_level: 255439.71381292492
  wind_year: 2012
  solar_year: 2014
  price_year: 2023
  carbon_year: 2023
storage_values:
  CAES:
    cost: 28.5677
    lifetime: 27.0837
    annual_cost: 1.0547931043395105
    efficiency: 0.571324
    discharge_ratio: 0.1
    depth_of_discharge: 0.4
  Li-ion:
    cost: 295.246
    lifetime: 19.3311
    annual_cost: 15.27310913502077
    efficiency: 0.899775
    discharge_ratio: 2
    depth_of_discharge: 0.9
  Pb-acid:
    cost: 134.923
    lifetime: 16.6967
    annual_cost: 8.080818365305719
    efficiency: 0.754552
    discharge_ratio: 5
    depth_of_discharge: 0.5
  VRBF:
    cost: 308.821
    lifetime: 19.7239
    annual_cost: 15.65719761304813
    efficiency: 0.768488
    discharge_ratio: 0.5
    depth_of_discharge: 1.0
