cost_values:
  wind_capex: 5000.0
  wind_opex: 100
  wind_lifetime: 20
  solar_capex: 1000.0
  solar_opex: 10
  solar_lifetime: 20
  carbon_price: 1.0
timeseries_values:
  load_level: 255439.71381292492
  wind_year: 2012
  solar_year: 2014
  price_year: 2023
  carbon_year: 2023
storage_values:
  CAES:
    cost: 31.7922
    lifetime: 27.8307
    annual_cost: 1.1423428084812814
    efficiency: 0.571469
    discharge_ratio: 0.1
    depth_of_discharge: 0.4
  Li-ion:
    cost: 283.691
    lifetime: 20.3927
    annual_cost: 13.911399667528084
    efficiency: 0.893964
    discharge_ratio: 2
    depth_of_discharge: 0.9
  Pb-acid:
    cost: 161.283
    lifetime: 17.3558
    annual_cost: 9.292743636133165
    efficiency: 0.754408
    discharge_ratio: 5
    depth_of_discharge: 0.5
  VRBF:
    cost: 322.53
    lifetime: 20.4973
    annual_cost: 15.735243178369833
    efficiency: 0.759571
    discharge_ratio: 0.5
    depth_of_discharge: 1.0
