cost_values:
  wind_capex: 5000.0
  wind_opex: 100
  wind_lifetime: 20
  solar_capex: 1000.0
  solar_opex: 10
  solar_lifetime: 20
  carbon_price: 1.0
timeseries_values:
  load_level: 255439.71381292492
  wind_year: 2012
  solar_year: 2014
  price_year: 2023
  carbon_year: 2023
storage_values:
  CAES:
    cost: 30.7924
    lifetime: 27.9246
    annual_cost: 1.1026979795592415
    efficiency: 0.574775
    discharge_ratio: 0.1
    depth_of_discharge: 0.4
  Li-ion:
    cost: 266.072
    lifetime: 18.5508
    annual_cost: 14.34288548202773
    efficiency: 0.89579
    discharge_ratio: 2
    depth_of_discharge: 0.9
  Pb-acid:
    cost: 161.929
    lifetime: 17.2721
    annual_cost: 9.375177309070699
    efficiency: 0.753596
    discharge_ratio: 5
    depth_of_discharge: 0.5
  VRBF:
    cost: 326.098
    lifetime: 20.0219
    annual_cost: 16.287065663098907
    efficiency: 0.753525
    discharge_ratio: 0.5
    depth_of_discharge: 1.0
