cost_values:
  wind_capex: 5000.0
  wind_opex: 100
  wind_lifetime: 20
  solar_capex: 1000.0
  solar_opex: 10
  solar_lifetime: 20
  carbon_price: 1.0
timeseries_values:
  load_level: 255439.71381292492
  wind_year: 2012
  solar_year: 2014
  price_year: 2023
  carbon_year: 2023
storage_values:
  CAES:
    cost: 30.6571
    lifetime: 27.8143
    annual_cost: 1.1022064190002985
    efficiency: 0.574199
    discharge_ratio: 0.1
    depth_of_discharge: 0.4
  Li-ion:
    cost: 263.613
    lifetime: 20.0327
    annual_cost: 13.159134814578167
    efficiency: 0.893462
    discharge_ratio: 2
    depth_of_discharge: 0.9
  Pb-acid:
    cost: 154.093
    lifetime: 17.4606
    annual_cost: 8.825183556120637
    efficiency: 0.752271
    discharge_ratio: 5
    depth_of_discharge: 0.5
  VRBF:
    cost: 355.975
    lifetime: 21.8395
    annual_cost: 16.29959477094256
    efficiency: 0.765653
    discharge_ratio: 0.5
    depth_of_discharge: 1.0
