cost_values:
  wind_capex: 5000.0
  wind_opex: 100
  wind_lifetime: 20
  solar_capex: 1000.0
  solar_opex: 10
  solar_lifetime: 20
  carbon_price: 1.0
timeseries_values:
  load_level: 255439.71381292492
  wind_year: 2012
  solar_year: 2014
  price_year: 2023
  carbon_year: 2023
storage_values:
  CAES:
    cost: 35.7304
    lifetime: 28.7084
    annual_cost: 1.2445974000640927
    efficiency: 0.574443
    discharge_ratio: 0.1
    depth_of_discharge: 0.4
  Li-ion:
    cost: 282.147
    lifetime: 17.9958
    annual_cost: 15.678491648051212
    efficiency: 0.887261
    discharge_ratio: 2
    depth_of_discharge: 0.9
  Pb-acid:
    cost: 145.025
    lifetime: 16.7043
    annual_cost: 8.681896278203816
    efficiency: 0.749408
    discharge_ratio: 5
    depth_of_discharge: 0.5
  VRBF:
    cost: 298.459
    lifetime: 20.902
    annual_cost: 14.278968519758875
    efficiency: 0.761997
    discharge_ratio: 0.5
    depth_of_discharge: 1.0
