cost_values:
  wind_capex: 5000.0
  wind_opex: 100
  wind_lifetime: 20
  solar_capex: 1000.0
  solar_opex: 10
  solar_lifetime: 20
  carbon_price: 1.0
timeseries_values:
  load_level: 255439.71381292492
  wind_year: 2012
  solar_year: 2014
  price_year: 2023
  carbon_year: 2023
storage_values:
  CAES:
    cost: 31.3307
    lifetime: 27.762
    annual_cost: 1.1285462142496938
    efficiency: 0.566496
    discharge_ratio: 0.1
    depth_of_discharge: 0.4
  Li-ion:
    cost: 276.776
    lifetime: 21.7961
    annual_cost: 12.698418524414919
    efficiency: 0.880666
    discharge_ratio: 2
    depth_of_discharge: 0.9
  Pb-acid:
    cost: 143.869
    lifetime: 15.0728
    annual_cost: 9.544941882065707
    efficiency: 0.74083
    discharge_ratio: 5
    depth_of_discharge: 0.5
  VRBF:
    cost: 288.466
    lifetime: 21.8897
    annual_cost: 13.178161418383988
    efficiency: 0.745258
    discharge_ratio: 0.5
    depth_of_discharge: 1.0
