cost_values:
  wind_capex: 5000.0
  wind_opex: 100
  wind_lifetime: 20
  solar_capex: 1000.0
  solar_opex: 10
  solar_lifetime: 20
  carbon_price: 1.0
timeseries_values:
  load_level: 255439.71381292492
  wind_year: 2012
  solar_year: 2014
  price_year: 2023
  carbon_year: 2023
storage_values:
  CAES:
    cost: 28.3576
    lifetime: 28.7236
    annual_cost: 0.9872578646130707
    efficiency: 0.572657
    discharge_ratio: 0.1
    depth_of_discharge: 0.4
  Li-ion:
    cost: 296.134
    lifetime: 20.2468
    annual_cost: 14.626212537289843
    efficiency: 0.885297
    discharge_ratio: 2
    depth_of_discharge: 0.9
  Pb-acid:
    cost: 135.812
    lifetime: 15.718
    annual_cost: 8.640539508843364
    efficiency: 0.761044
    discharge_ratio: 5
    depth_of_discharge: 0.5
  VRBF:
    cost: 368.498
    lifetime: 18.7577
    annual_cost: 19.645159054681542
    efficiency: 0.76594
    discharge_ratio: 0.5
    depth_of_discharge: 1.0
