cost_values:
  wind_capex: 5000.0
  wind_opex: 100
  wind_lifetime: 20
  solar_capex: 1000.0
  solar_opex: 10
  solar_lifetime: 20
  carbon_price: 1.0
timeseries_values:
  load_level: 255439.71381292492
  wind_year: 2012
  solar_year: 2014
  price_year: 2023
  carbon_year: 2023
storage_values:
  CAES:
    cost: 33.2032
    lifetime: 27.8407
    annual_cost: 1.1926136914660912
    efficiency: 0.571833
    discharge_ratio: 0.1
    depth_of_discharge: 0.4
  Li-ion:
    cost: 298.279
    lifetime: 18.5958
    annual_cost: 16.04012734058228
    efficiency: 0.883758
    discharge_ratio: 2
    depth_of_discharge: 0.9
  Pb-acid:
    cost: 157.912
    lifetime: 15.9954
    annual_cost: 9.872338297260463
    efficiency: 0.738437
    discharge_ratio: 5
    depth_of_discharge: 0.5
  VRBF:
    cost: 310.656
    lifetime: 19.7295
    annual_cost: 15.745761423249448
    efficiency: 0.763029
    discharge_ratio: 0.5
    depth_of_discharge: 1.0
