cost_values:
  wind_capex: 5000.0
  wind_opex: 100
  wind_lifetime: 20
  solar_capex: 1000.0
  solar_opex: 10
  solar_lifetime: 20
  carbon_price: 1.0
timeseries_values:
  load_level: 255439.71381292492
  wind_year: 2012
  solar_year: 2014
  price_year: 2023
  carbon_year: 2023
storage_values:
  CAES:
    cost: 32.6716
    lifetime: 28.1779
    annual_cost: 1.1594760432821465
    efficiency: 0.571487
    discharge_ratio: 0.1
    depth_of_discharge: 0.4
  Li-ion:
    cost: 279.257
    lifetime: 20.0039
    annual_cost: 13.960127775083858
    efficiency: 0.891298
    discharge_ratio: 2
    depth_of_discharge: 0.9
  Pb-acid:
    cost: 132.284
    lifetime: 15.261
    annual_cost: 8.66810824978704
    efficiency: 0.753812
    discharge_ratio: 5
    depth_of_discharge: 0.5
  VRBF:
    cost: 356.187
    lifetime: 20.1192
    annual_cost: 17.7038351425504
    efficiency: 0.782047
    discharge_ratio: 0.5
    depth_of_discharge: 1.0
