cost_values:
  wind_capex: 5000.0
  wind_opex: 100
  wind_lifetime: 20
  solar_capex: 1000.0
  solar_opex: 10
  solar_lifetime: 20
  carbon_price: 1.0
timeseries_values:
  load_level: 255439.71381292492
  wind_year: 2012
  solar_year: 2014
  price_year: 2023
  carbon_year: 2023
storage_values:
  CAES:
    cost: 30.0866
    lifetime: 27.6954
    annual_cost: 1.0863392476728988
    efficiency: 0.575804
    discharge_ratio: 0.1
    depth_of_discharge: 0.4
  Li-ion:
    cost: 243.951
    lifetime: 18.3795
    annual_cost: 13.272994368726026
    efficiency: 0.882573
    discharge_ratio: 2
    depth_of_discharge: 0.9
  Pb-acid:
    cost: 138.837
    lifetime: 16.9041
    annual_cost: 8.213214545583615
    efficiency: 0.751611
    discharge_ratio: 5
    depth_of_discharge: 0.5
  VRBF:
    cost: 330.132
    lifetime: 20.5618
    annual_cost: 16.055598245289808
    efficiency: 0.76811
    discharge_ratio: 0.5
    depth_of_discharge: 1.0
