cost_values:
  wind_capex: 5000.0
  wind_opex: 100
  wind_lifetime: 20
  solar_capex: 1000.0
  solar_opex: 10
  solar_lifetime: 20
  carbon_price: 1.0
timeseries_values:
  load_level: 255439.71381292492
  wind_year: 2012
  solar_year: 2014
  price_year: 2023
  carbon_year: 2023
storage_values:
  CAES:
    cost: 28.439
    lifetime: 28.8475
    annual_cost: 0.98583932749805
    efficiency: 0.57304
    discharge_ratio: 0.1
    depth_of_discharge: 0.4
  Li-ion:
    cost: 265.416
    lifetime: 19.4225
    annual_cost: 13.665388080834084
    efficiency: 0.87293
    discharge_ratio: 2
    depth_of_discharge: 0.9
  Pb-acid:
    cost: 176.977
    lifetime: 16.3575
    annual_cost: 10.81931835549442
    efficiency: 0.739934
    discharge_ratio: 5
    depth_of_discharge: 0.5
  VRBF:
    cost: 339.596
    lifetime: 18.8181
    annual_cost: 18.046242713132568
    efficiency: 0.766649
    discharge_ratio: 0.5
    depth_of_discharge: 1.0
