cost_values:
  wind_capex: 5000.0
  wind_opex: 100
  wind_lifetime: 20
  solar_capex: 1000.0
  solar_opex: 10
  solar_lifetime: 20
  carbon_price: 1.0
timeseries_values:
  load_level: 255439.71381292492
  wind_year: 2012
  solar_year: 2014
  price_year: 2023
  carbon_year: 2023
storage_values:
  CAES:
    cost: 26.542
    lifetime: 28.0184
    annual_cost: 0.9473060560203296
    efficiency: 0.573099
    discharge_ratio: 0.1
    depth_of_discharge: 0.4
  Li-ion:
    cost: 275.877
    lifetime: 18.4612
    annual_cost: 14.943611466210212
    efficiency: 0.870755
    discharge_ratio: 2
    depth_of_discharge: 0.9
  Pb-acid:
    cost: 158.142
    lifetime: 16.706
    annual_cost: 9.466179815635101
    efficiency: 0.741098
    discharge_ratio: 5
    depth_of_discharge: 0.5
  VRBF:
    cost: 328.665
    lifetime: 20.8808
    annual_cost: 15.740057852189572
    efficiency: 0.763266
    discharge_ratio: 0.5
    depth_of_discharge: 1.0
