cost_values:
  wind_capex: 5000.0
  wind_opex: 100
  wind_lifetime: 20
  solar_capex: 1000.0
  solar_opex: 10
  solar_lifetime: 20
  carbon_price: 1.0
timeseries_values:
  load_level: 255439.71381292492
  wind_year: 2012
  solar_year: 2014
  price_year: 2023
  carbon_year: 2023
storage_values:
  CAES:
    cost: 31.1759
    lifetime: 28.1266
    annual_cost: 1.1084133880383693
    efficiency: 0.567963
    discharge_ratio: 0.1
    depth_of_discharge: 0.4
  Li-ion:
    cost: 285.7
    lifetime: 17.4116
    annual_cost: 16.40860116244343
    efficiency: 0.875359
    discharge_ratio: 2
    depth_of_discharge: 0.9
  Pb-acid:
    cost: 147.364
    lifetime: 14.7957
    annual_cost: 9.959920787796454
    efficiency: 0.747087
    discharge_ratio: 5
    depth_of_discharge: 0.5
  VRBF:
    cost: 330.011
    lifetime: 20.9011
    annual_cost: 15.789168991105733
    efficiency: 0.777429
    discharge_ratio: 0.5
    depth_of_discharge: 1.0
