cost_values:
  wind_capex: 5000.0
  wind_opex: 100
  wind_lifetime: 20
  solar_capex: 1000.0
  solar_opex: 10
  solar_lifetime: 20
  carbon_price: 1.0
timeseries_values:
  load_level: 255439.71381292492
  wind_year: 2012
  solar_year: 2014
  price_year: 2023
  carbon_year: 2023
storage_values:
  CAES:
    cost: 34.1079
    lifetime: 28.064
    annual_cost: 1.2153613169897377
    efficiency: 0.584789
    discharge_ratio: 0.1
    depth_of_discharge: 0.4
  Li-ion:
    cost: 291.469
    lifetime: 20.5611
    annual_cost: 14.17574935193156
    efficiency: 0.881072
    discharge_ratio: 2
    depth_of_discharge: 0.9
  Pb-acid:
    cost: 161.381
    lifetime: 18.0591
    annual_cost: 8.93627035677304
    efficiency: 0.751999
    discharge_ratio: 5
    depth_of_discharge: 0.5
  VRBF:
    cost: 299.482
    lifetime: 20.2336
    annual_cost: 14.801221730191367
    efficiency: 0.775513
    discharge_ratio: 0.5
    depth_of_discharge: 1.0
