cost_values:
  wind_capex: 5000.0
  wind_opex: 100
  wind_lifetime: 20
  solar_capex: 1000.0
  solar_opex: 10
  solar_lifetime: 20
  carbon_price: 1.0
timeseries_values:
  load_level: 255439.71381292492
  wind_year: 2012
  solar_year: 2014
  price_year: 2023
  carbon_year: 2023
storage_values:
  CAES:
    cost: 28.7032
    lifetime: 29.2036
    annual_cost: 0.9828651262173156
    efficiency: 0.573511
    discharge_ratio: 0.1
    depth_of_discharge: 0.4
  Li-ion:
    cost: 260.889
    lifetime: 18.885
    annual_cost: 13.814614773629865
    efficiency: 0.866208
    discharge_ratio: 2
    depth_of_discharge: 0.9
  Pb-acid:
    cost: 146.825
    lifetime: 17.02
    annual_cost: 8.626615746180963
    efficiency: 0.747519
    discharge_ratio: 5
    depth_of_discharge: 0.5
  VRBF:
    cost: 310.07
    lifetime: 17.7378
    annual_cost: 17.480747330559595
    efficiency: 0.757224
    discharge_ratio: 0.5
    depth_of_discharge: 1.0
