cost_values:
  wind_capex: 5000.0
  wind_opex: 100
  wind_lifetime: 20
  solar_capex: 1000.0
  solar_opex: 10
  solar_lifetime: 20
  carbon_price: 1.0
timeseries_values:
  load_level: 255439.71381292492
  wind_year: 2012
  solar_year: 2014
  price_year: 2023
  carbon_year: 2023
storage_values:
  CAES:
    cost: 31.4689
    lifetime: 28.0521
    annual_cost: 1.1218019328321231
    efficiency: 0.581894
    discharge_ratio: 0.1
    depth_of_discharge: 0.4
  Li-ion:
    cost: 294.172
    lifetime: 21.243
    annual_cost: 13.84794991291249
    efficiency: 0.875249
    discharge_ratio: 2
    depth_of_discharge: 0.9
  Pb-acid:
    cost: 123.222
    lifetime: 16.2381
    annual_cost: 7.588449387551499
    efficiency: 0.752347
    discharge_ratio: 5
    depth_of_discharge: 0.5
  VRBF:
    cost: 331.675
    lifetime: 19.2048
    annual_cost: 17.270421977838875
    efficiency: 0.746927
    discharge_ratio: 0.5
    depth_of_discharge: 1.0
