cost_values:
  wind_capex: 5000.0
  wind_opex: 100
  wind_lifetime: 20
  solar_capex: 1000.0
  solar_opex: 10
  solar_lifetime: 20
  carbon_price: 1.0
timeseries_values:
  load_level: 255439.71381292492
  wind_year: 2012
  solar_year: 2014
  price_year: 2023
  carbon_year: 2023
storage_values:
  CAES:
    cost: 33.4828
    lifetime: 28.2135
    annual_cost: 1.186765201056232
    efficiency: 0.579236
    discharge_ratio: 0.1
    depth_of_discharge: 0.4
  Li-ion:
    cost: 298.296
    lifetime: 17.8737
    annual_cost: 16.689101864751002
    efficiency: 0.876766
    discharge_ratio: 2
    depth_of_discharge: 0.9
  Pb-acid:
    cost: 155.505
    lifetime: 17.6001
    annual_cost: 8.835461162152487
    efficiency: 0.754883
    discharge_ratio: 5
    depth_of_discharge: 0.5
  VRBF:
    cost: 298.602
    lifetime: 17.7816
    annual_cost: 16.79275205830746
    efficiency: 0.770968
    discharge_ratio: 0.5
    depth_of_discharge: 1.0
