cost_values:
  wind_capex: 5000.0
  wind_opex: 100
  wind_lifetime: 20
  solar_capex: 1000.0
  solar_opex: 10
  solar_lifetime: 20
  carbon_price: 1.0
timeseries_values:
  load_level: 280922.851210587
  wind_year: 2014
  solar_year: 2013
  price_year: 2023
  carbon_year: 2023
storage_values:
  CAES:
    cost: 47.2983
    lifetime: 27.5955
    annual_cost: 1.7139859759743434
    efficiency: 0.582606
    discharge_ratio: 0.1
    depth_of_discharge: 0.4
  Li-ion:
    cost: 149.942
    lifetime: 25.5038
    annual_cost: 5.879202314949145
    efficiency: 0.902394
    discharge_ratio: 2
    depth_of_discharge: 0.9
  Pb-acid:
    cost: 156.17
    lifetime: 13.2461
    annual_cost: 11.78988532473709
    efficiency: 0.760506
    discharge_ratio: 5
    depth_of_discharge: 0.5
  VRBF:
    cost: 183.178
    lifetime: 25.7789
    annual_cost: 7.105733759004457
    efficiency: 0.787768
    discharge_ratio: 0.5
    depth_of_discharge: 1.0
