cost_values:
  wind_capex: 5000.0
  wind_opex: 100
  wind_lifetime: 20
  solar_capex: 1000.0
  solar_opex: 10
  solar_lifetime: 20
  carbon_price: 1.0
timeseries_values:
  load_level: 280922.851210587
  wind_year: 2014
  solar_year: 2013
  price_year: 2023
  carbon_year: 2023
storage_values:
  CAES:
    cost: 38.9174
    lifetime: 26.8245
    annual_cost: 1.4508154858431657
    efficiency: 0.585205
    discharge_ratio: 0.1
    depth_of_discharge: 0.4
  Li-ion:
    cost: 130.485
    lifetime: 25.8166
    annual_cost: 5.054306144108829
    efficiency: 0.906706
    discharge_ratio: 2
    depth_of_discharge: 0.9
  Pb-acid:
    cost: 163.312
    lifetime: 11.4975
    annual_cost: 14.204131332898456
    efficiency: 0.765338
    discharge_ratio: 5
    depth_of_discharge: 0.5
  VRBF:
    cost: 203.142
    lifetime: 24.9736
    annual_cost: 8.134269788897075
    efficiency: 0.766663
    discharge_ratio: 0.5
    depth_of_discharge: 1.0
