cost_values:
  wind_capex: 5000.0
  wind_opex: 100
  wind_lifetime: 20
  solar_capex: 1000.0
  solar_opex: 10
  solar_lifetime: 20
  carbon_price: 1.0
timeseries_values:
  load_level: 280922.851210587
  wind_year: 2014
  solar_year: 2013
  price_year: 2023
  carbon_year: 2023
storage_values:
  CAES:
    cost: 31.9218
    lifetime: 27.119
    annual_cost: 1.1771009255503522
    efficiency: 0.57595
    discharge_ratio: 0.1
    depth_of_discharge: 0.4
  Li-ion:
    cost: 152.315
    lifetime: 25.4399
    annual_cost: 5.987248377548654
    efficiency: 0.907664
    discharge_ratio: 2
    depth_of_discharge: 0.9
  Pb-acid:
    cost: 190.546
    lifetime: 11.9416
    annual_cost: 15.956488242781537
    efficiency: 0.755568
    discharge_ratio: 5
    depth_of_discharge: 0.5
  VRBF:
    cost: 188.428
    lifetime: 28.7307
    annual_cost: 6.558420087223771
    efficiency: 0.780508
    discharge_ratio: 0.5
    depth_of_discharge: 1.0
