cost_values:
  wind_capex: 5000.0
  wind_opex: 100
  wind_lifetime: 20
  solar_capex: 1000.0
  solar_opex: 10
  solar_lifetime: 20
  carbon_price: 1.0
timeseries_values:
  load_level: 280922.851210587
  wind_year: 2014
  solar_year: 2013
  price_year: 2023
  carbon_year: 2023
storage_values:
  CAES:
    cost: 25.9425
    lifetime: 27.4919
    annual_cost: 0.9436415817022468
    efficiency: 0.583394
    discharge_ratio: 0.1
    depth_of_discharge: 0.4
  Li-ion:
    cost: 127.266
    lifetime: 26.3754
    annual_cost: 4.825178006779044
    efficiency: 0.91556
    discharge_ratio: 2
    depth_of_discharge: 0.9
  Pb-acid:
    cost: 173.301
    lifetime: 11.2862
    annual_cost: 15.355123956690472
    efficiency: 0.757891
    discharge_ratio: 5
    depth_of_discharge: 0.5
  VRBF:
    cost: 170.123
    lifetime: 25.9802
    annual_cost: 6.54817899785221
    efficiency: 0.778363
    discharge_ratio: 0.5
    depth_of_discharge: 1.0
