cost_values:
  wind_capex: 5000.0
  wind_opex: 100
  wind_lifetime: 20
  solar_capex: 1000.0
  solar_opex: 10
  solar_lifetime: 20
  carbon_price: 1.0
timeseries_values:
  load_level: 280922.851210587
  wind_year: 2014
  solar_year: 2013
  price_year: 2023
  carbon_year: 2023
storage_values:
  CAES:
    cost: 34.0832
    lifetime: 26.3187
    annual_cost: 1.2950183709681709
    efficiency: 0.575152
    discharge_ratio: 0.1
    depth_of_discharge: 0.4
  Li-ion:
    cost: 130.735
    lifetime: 25.4782
    annual_cost: 5.131249460322943
    efficiency: 0.905552
    discharge_ratio: 2
    depth_of_discharge: 0.9
  Pb-acid:
    cost: 173.739
    lifetime: 12.5414
    annual_cost: 13.853238075493964
    efficiency: 0.753802
    discharge_ratio: 5
    depth_of_discharge: 0.5
  VRBF:
    cost: 138.577
    lifetime: 27.1482
    annual_cost: 5.104463647681983
    efficiency: 0.75756
    discharge_ratio: 0.5
    depth_of_discharge: 1.0
