cost_values:
  wind_capex: 5000.0
  wind_opex: 100
  wind_lifetime: 20
  solar_capex: 1000.0
  solar_opex: 10
  solar_lifetime: 20
  carbon_price: 1.0
timeseries_values:
  load_level: 280922.851210587
  wind_year: 2014
  solar_year: 2013
  price_year: 2023
  carbon_year: 2023
storage_values:
  CAES:
    cost: 35.4431
    lifetime: 26.2473
    annual_cost: 1.350352226705223
    efficiency: 0.57674
    discharge_ratio: 0.1
    depth_of_discharge: 0.4
  Li-ion:
    cost: 145.35
    lifetime: 26.3887
    annual_cost: 5.508039425966417
    efficiency: 0.910809
    discharge_ratio: 2
    depth_of_discharge: 0.9
  Pb-acid:
    cost: 166.968
    lifetime: 11.3452
    annual_cost: 14.717060959701017
    efficiency: 0.76996
    discharge_ratio: 5
    depth_of_discharge: 0.5
  VRBF:
    cost: 198.426
    lifetime: 27.3943
    annual_cost: 7.243331641983915
    efficiency: 0.773344
    discharge_ratio: 0.5
    depth_of_discharge: 1.0
