cost_values:
  wind_capex: 5000.0
  wind_opex: 100
  wind_lifetime: 20
  solar_capex: 1000.0
  solar_opex: 10
  solar_lifetime: 20
  carbon_price: 1.0
timeseries_values:
  load_level: 280922.851210587
  wind_year: 2014
  solar_year: 2013
  price_year: 2023
  carbon_year: 2023
storage_values:
  CAES:
    cost: 32.2161
    lifetime: 26.4897
    annual_cost: 1.2161745886136874
    efficiency: 0.577974
    discharge_ratio: 0.1
    depth_of_discharge: 0.4
  Li-ion:
    cost: 136.457
    lifetime: 26.2163
    annual_cost: 5.205044190064959
    efficiency: 0.914816
    discharge_ratio: 2
    depth_of_discharge: 0.9
  Pb-acid:
    cost: 166.566
    lifetime: 12.856
    annual_cost: 12.956285003111388
    efficiency: 0.759594
    discharge_ratio: 5
    depth_of_discharge: 0.5
  VRBF:
    cost: 182.133
    lifetime: 26.9577
    annual_cost: 6.756251460621641
    efficiency: 0.772356
    discharge_ratio: 0.5
    depth_of_discharge: 1.0
