cost_values:
  wind_capex: 5000.0
  wind_opex: 100
  wind_lifetime: 20
  solar_capex: 1000.0
  solar_opex: 10
  solar_lifetime: 20
  carbon_price: 1.0
timeseries_values:
  load_level: 280922.851210587
  wind_year: 2014
  solar_year: 2013
  price_year: 2023
  carbon_year: 2023
storage_values:
  CAES:
    cost: 34.5341
    lifetime: 26.4441
    annual_cost: 1.3059283545289877
    efficiency: 0.590967
    discharge_ratio: 0.1
    depth_of_discharge: 0.4
  Li-ion:
    cost: 131.649
    lifetime: 27.1943
    annual_cost: 4.841051249710418
    efficiency: 0.924136
    discharge_ratio: 2
    depth_of_discharge: 0.9
  Pb-acid:
    cost: 174.26
    lifetime: 12.0721
    annual_cost: 14.434936754997057
    efficiency: 0.752404
    discharge_ratio: 5
    depth_of_discharge: 0.5
  VRBF:
    cost: 163.967
    lifetime: 25.4302
    annual_cost: 6.447727505092371
    efficiency: 0.789346
    discharge_ratio: 0.5
    depth_of_discharge: 1.0
