cost_values:
  wind_capex: 5000.0
  wind_opex: 100
  wind_lifetime: 20
  solar_capex: 1000.0
  solar_opex: 10
  solar_lifetime: 20
  carbon_price: 1.0
timeseries_values:
  load_level: 280922.851210587
  wind_year: 2014
  solar_year: 2013
  price_year: 2023
  carbon_year: 2023
storage_values:
  CAES:
    cost: 36.1165
    lifetime: 26.7677
    annual_cost: 1.3492567534752706
    efficiency: 0.573237
    discharge_ratio: 0.1
    depth_of_discharge: 0.4
  Li-ion:
    cost: 136.352
    lifetime: 28.9585
    annual_cost: 4.708531173921301
    efficiency: 0.907274
    discharge_ratio: 2
    depth_of_discharge: 0.9
  Pb-acid:
    cost: 184.189
    lifetime: 13.5801
    annual_cost: 13.563154910494031
    efficiency: 0.762331
    discharge_ratio: 5
    depth_of_discharge: 0.5
  VRBF:
    cost: 181.218
    lifetime: 25.6681
    annual_cost: 7.06004729606009
    efficiency: 0.796678
    discharge_ratio: 0.5
    depth_of_discharge: 1.0
