cost_values:
  wind_capex: 5000.0
  wind_opex: 100
  wind_lifetime: 20
  solar_capex: 1000.0
  solar_opex: 10
  solar_lifetime: 20
  carbon_price: 1.0
timeseries_values:
  load_level: 280922.851210587
  wind_year: 2014
  solar_year: 2013
  price_year: 2023
  carbon_year: 2023
storage_values:
  CAES:
    cost: 36.4807
    lifetime: 25.6694
    annual_cost: 1.421174628156482
    efficiency: 0.574868
    discharge_ratio: 0.1
    depth_of_discharge: 0.4
  Li-ion:
    cost: 127.187
    lifetime: 24.1151
    annual_cost: 5.274164320280653
    efficiency: 0.92188
    discharge_ratio: 2
    depth_of_discharge: 0.9
  Pb-acid:
    cost: 181.731
    lifetime: 12.3346
    annual_cost: 14.733432782579087
    efficiency: 0.754933
    discharge_ratio: 5
    depth_of_discharge: 0.5
  VRBF:
    cost: 214.235
    lifetime: 24.8075
    annual_cost: 8.635896402297693
    efficiency: 0.766123
    discharge_ratio: 0.5
    depth_of_discharge: 1.0
