cost_values:
  wind_capex: 5000.0
  wind_opex: 100
  wind_lifetime: 20
  solar_capex: 1000.0
  solar_opex: 10
  solar_lifetime: 20
  carbon_price: 1.0
timeseries_values:
  load_level: 280922.851210587
  wind_year: 2014
  solar_year: 2013
  price_year: 2023
  carbon_year: 2023
storage_values:
  CAES:
    cost: 43.9945
    lifetime: 25.9734
    annual_cost: 1.6938290712806179
    efficiency: 0.576967
    discharge_ratio: 0.1
    depth_of_discharge: 0.4
  Li-ion:
    cost: 113.956
    lifetime: 27.1701
    annual_cost: 4.194169325839802
    efficiency: 0.90317
    discharge_ratio: 2
    depth_of_discharge: 0.9
  Pb-acid:
    cost: 160.38
    lifetime: 13.5998
    annual_cost: 11.792820482654156
    efficiency: 0.762331
    discharge_ratio: 5
    depth_of_discharge: 0.5
  VRBF:
    cost: 215.715
    lifetime: 26.815
    annual_cost: 8.044564609360432
    efficiency: 0.795541
    discharge_ratio: 0.5
    depth_of_discharge: 1.0
