cost_values:
  wind_capex: 5000.0
  wind_opex: 100
  wind_lifetime: 20
  solar_capex: 1000.0
  solar_opex: 10
  solar_lifetime: 20
  carbon_price: 1.0
timeseries_values:
  load_level: 280922.851210587
  wind_year: 2014
  solar_year: 2013
  price_year: 2023
  carbon_year: 2023
storage_values:
  CAES:
    cost: 34.2295
    lifetime: 25.9656
    annual_cost: 1.3182633946452231
    efficiency: 0.582922
    discharge_ratio: 0.1
    depth_of_discharge: 0.4
  Li-ion:
    cost: 140.055
    lifetime: 24.3473
    annual_cost: 5.752383221137457
    efficiency: 0.909129
    discharge_ratio: 2
    depth_of_discharge: 0.9
  Pb-acid:
    cost: 162.957
    lifetime: 13.8845
    annual_cost: 11.736612769635205
    efficiency: 0.746785
    discharge_ratio: 5
    depth_of_discharge: 0.5
  VRBF:
    cost: 190.972
    lifetime: 27.4749
    annual_cost: 6.950780530593378
    efficiency: 0.759622
    discharge_ratio: 0.5
    depth_of_discharge: 1.0
