cost_values:
  wind_capex: 5000.0
  wind_opex: 100
  wind_lifetime: 20
  solar_capex: 1000.0
  solar_opex: 10
  solar_lifetime: 20
  carbon_price: 1.0
timeseries_values:
  load_level: 280922.851210587
  wind_year: 2014
  solar_year: 2013
  price_year: 2023
  carbon_year: 2023
storage_values:
  CAES:
    cost: 36.2881
    lifetime: 26.4672
    annual_cost: 1.3710592733647686
    efficiency: 0.563214
    discharge_ratio: 0.1
    depth_of_discharge: 0.4
  Li-ion:
    cost: 124.132
    lifetime: 26.8512
    annual_cost: 4.622959122869742
    efficiency: 0.924094
    discharge_ratio: 2
    depth_of_discharge: 0.9
  Pb-acid:
    cost: 163.965
    lifetime: 11.2698
    annual_cost: 14.549060320502582
    efficiency: 0.764014
    discharge_ratio: 5
    depth_of_discharge: 0.5
  VRBF:
    cost: 195.735
    lifetime: 26.8886
    annual_cost: 7.279479035725178
    efficiency: 0.77859
    discharge_ratio: 0.5
    depth_of_discharge: 1.0
