cost_values:
  wind_capex: 5000.0
  wind_opex: 100
  wind_lifetime: 20
  solar_capex: 1000.0
  solar_opex: 10
  solar_lifetime: 20
  carbon_price: 1.0
timeseries_values:
  load_level: 280922.851210587
  wind_year: 2014
  solar_year: 2013
  price_year: 2023
  carbon_year: 2023
storage_values:
  CAES:
    cost: 34.6305
    lifetime: 27.0341
    annual_cost: 1.2809932640627948
    efficiency: 0.591784
    discharge_ratio: 0.1
    depth_of_discharge: 0.4
  Li-ion:
    cost: 133.413
    lifetime: 24.2511
    annual_cost: 5.501317466011852
    efficiency: 0.91414
    discharge_ratio: 2
    depth_of_discharge: 0.9
  Pb-acid:
    cost: 164.546
    lifetime: 13.5833
    annual_cost: 12.113845678148904
    efficiency: 0.758411
    discharge_ratio: 5
    depth_of_discharge: 0.5
  VRBF:
    cost: 178.346
    lifetime: 26.2488
    annual_cost: 6.794443936484716
    efficiency: 0.771752
    discharge_ratio: 0.5
    depth_of_discharge: 1.0
