cost_values:
  wind_capex: 5000.0
  wind_opex: 100
  wind_lifetime: 20
  solar_capex: 1000.0
  solar_opex: 10
  solar_lifetime: 20
  carbon_price: 1.0
timeseries_values:
  load_level: 280922.851210587
  wind_year: 2014
  solar_year: 2013
  price_year: 2023
  carbon_year: 2023
storage_values:
  CAES:
    cost: 33.8168
    lifetime: 27.0519
    annual_cost: 1.2500711595119012
    efficiency: 0.578461
    discharge_ratio: 0.1
    depth_of_discharge: 0.4
  Li-ion:
    cost: 149.18
    lifetime: 28.0382
    annual_cost: 5.320598326568753
    efficiency: 0.929378
    discharge_ratio: 2
    depth_of_discharge: 0.9
  Pb-acid:
    cost: 192.086
    lifetime: 11.3782
    annual_cost: 16.881932115800392
    efficiency: 0.752076
    discharge_ratio: 5
    depth_of_discharge: 0.5
  VRBF:
    cost: 171.239
    lifetime: 27.832
    annual_cost: 6.152594136246048
    efficiency: 0.797317
    discharge_ratio: 0.5
    depth_of_discharge: 1.0
