cost_values:
  wind_capex: 5000.0
  wind_opex: 100
  wind_lifetime: 20
  solar_capex: 1000.0
  solar_opex: 10
  solar_lifetime: 20
  carbon_price: 1.0
timeseries_values:
  load_level: 280922.851210587
  wind_year: 2014
  solar_year: 2013
  price_year: 2023
  carbon_year: 2023
storage_values:
  CAES:
    cost: 33.6606
    lifetime: 26.1017
    annual_cost: 1.2895941643647733
    efficiency: 0.583432
    discharge_ratio: 0.1
    depth_of_discharge: 0.4
  Li-ion:
    cost: 161.295
    lifetime: 25.7092
    annual_cost: 6.273824156333141
    efficiency: 0.913829
    discharge_ratio: 2
    depth_of_discharge: 0.9
  Pb-acid:
    cost: 168.605
    lifetime: 11.5148
    annual_cost: 14.642460138256853
    efficiency: 0.748264
    discharge_ratio: 5
    depth_of_discharge: 0.5
  VRBF:
    cost: 184.54
    lifetime: 27.6678
    annual_cost: 6.669847259268897
    efficiency: 0.778454
    discharge_ratio: 0.5
    depth_of_discharge: 1.0
