cost_values:
  wind_capex: 5000.0
  wind_opex: 100
  wind_lifetime: 20
  solar_capex: 1000.0
  solar_opex: 10
  solar_lifetime: 20
  carbon_price: 1.0
timeseries_values:
  load_level: 280922.851210587
  wind_year: 2014
  solar_year: 2013
  price_year: 2023
  carbon_year: 2023
storage_values:
  CAES:
    cost: 40.9179
    lifetime: 28.3729
    annual_cost: 1.442147260237762
    efficiency: 0.577657
    discharge_ratio: 0.1
    depth_of_discharge: 0.4
  Li-ion:
    cost: 156.045
    lifetime: 24.5086
    annual_cost: 6.36694874452233
    efficiency: 0.918862
    discharge_ratio: 2
    depth_of_discharge: 0.9
  Pb-acid:
    cost: 167.168
    lifetime: 12.808
    annual_cost: 13.051842598376016
    efficiency: 0.774589
    discharge_ratio: 5
    depth_of_discharge: 0.5
  VRBF:
    cost: 167.318
    lifetime: 26.6551
    annual_cost: 6.277147712820436
    efficiency: 0.774908
    discharge_ratio: 0.5
    depth_of_discharge: 1.0
