cost_values:
  wind_capex: 5000.0
  wind_opex: 100
  wind_lifetime: 20
  solar_capex: 1000.0
  solar_opex: 10
  solar_lifetime: 20
  carbon_price: 1.0
timeseries_values:
  load_level: 280922.851210587
  wind_year: 2014
  solar_year: 2013
  price_year: 2023
  carbon_year: 2023
storage_values:
  CAES:
    cost: 39.0483
    lifetime: 26.993
    annual_cost: 1.4466083799503575
    efficiency: 0.57277
    discharge_ratio: 0.1
    depth_of_discharge: 0.4
  Li-ion:
    cost: 136.764
    lifetime: 25.6694
    annual_cost: 5.32790014569877
    efficiency: 0.901046
    discharge_ratio: 2
    depth_of_discharge: 0.9
  Pb-acid:
    cost: 166.232
    lifetime: 12.1408
    annual_cost: 13.692013705851343
    efficiency: 0.73633
    discharge_ratio: 5
    depth_of_discharge: 0.5
  VRBF:
    cost: 164.028
    lifetime: 25.4019
    annual_cost: 6.457312248296387
    efficiency: 0.751644
    discharge_ratio: 0.5
    depth_of_discharge: 1.0
