cost_values:
  wind_capex: 5000.0
  wind_opex: 100
  wind_lifetime: 20
  solar_capex: 1000.0
  solar_opex: 10
  solar_lifetime: 20
  carbon_price: 1.0
timeseries_values:
  load_level: 280922.851210587
  wind_year: 2014
  solar_year: 2013
  price_year: 2023
  carbon_year: 2023
storage_values:
  CAES:
    cost: 44.2717
    lifetime: 26.7497
    annual_cost: 1.6550353835743954
    efficiency: 0.584349
    discharge_ratio: 0.1
    depth_of_discharge: 0.4
  Li-ion:
    cost: 146.974
    lifetime: 28.376
    annual_cost: 5.179517902452776
    efficiency: 0.906627
    discharge_ratio: 2
    depth_of_discharge: 0.9
  Pb-acid:
    cost: 175.037
    lifetime: 12.2046
    annual_cost: 14.341887485046623
    efficiency: 0.750244
    discharge_ratio: 5
    depth_of_discharge: 0.5
  VRBF:
    cost: 152.249
    lifetime: 25.778
    annual_cost: 5.906160291721624
    efficiency: 0.77457
    discharge_ratio: 0.5
    depth_of_discharge: 1.0
