cost_values:
  wind_capex: 5000.0
  wind_opex: 100
  wind_lifetime: 20
  solar_capex: 1000.0
  solar_opex: 10
  solar_lifetime: 20
  carbon_price: 1.0
timeseries_values:
  load_level: 280922.851210587
  wind_year: 2014
  solar_year: 2013
  price_year: 2023
  carbon_year: 2023
storage_values:
  CAES:
    cost: 44.3772
    lifetime: 27.0727
    annual_cost: 1.6391863390057142
    efficiency: 0.575188
    discharge_ratio: 0.1
    depth_of_discharge: 0.4
  Li-ion:
    cost: 151.799
    lifetime: 25.8649
    annual_cost: 5.868918882346346
    efficiency: 0.912663
    discharge_ratio: 2
    depth_of_discharge: 0.9
  Pb-acid:
    cost: 159.26
    lifetime: 11.6002
    annual_cost: 13.729073636661438
    efficiency: 0.773982
    discharge_ratio: 5
    depth_of_discharge: 0.5
  VRBF:
    cost: 151.782
    lifetime: 25.5187
    annual_cost: 5.947873520202832
    efficiency: 0.759834
    discharge_ratio: 0.5
    depth_of_discharge: 1.0
