cost_values:
  wind_capex: 5000.0
  wind_opex: 100
  wind_lifetime: 20
  solar_capex: 1000.0
  solar_opex: 10
  solar_lifetime: 20
  carbon_price: 1.0
timeseries_values:
  load_level: 280922.851210587
  wind_year: 2014
  solar_year: 2013
  price_year: 2023
  carbon_year: 2023
storage_values:
  CAES:
    cost: 39.5939
    lifetime: 26.6211
    annual_cost: 1.4873126955685527
    efficiency: 0.59087
    discharge_ratio: 0.1
    depth_of_discharge: 0.4
  Li-ion:
    cost: 131.365
    lifetime: 28.3565
    annual_cost: 4.632623913388465
    efficiency: 0.902268
    discharge_ratio: 2
    depth_of_discharge: 0.9
  Pb-acid:
    cost: 175.67
    lifetime: 14.596
    annual_cost: 12.035489175116469
    efficiency: 0.764146
    discharge_ratio: 5
    depth_of_discharge: 0.5
  VRBF:
    cost: 190.583
    lifetime: 27.989
    annual_cost: 6.809210761370538
    efficiency: 0.779325
    discharge_ratio: 0.5
    depth_of_discharge: 1.0
