cost_values:
  wind_capex: 5000.0
  wind_opex: 100
  wind_lifetime: 20
  solar_capex: 1000.0
  solar_opex: 10
  solar_lifetime: 20
  carbon_price: 1.0
timeseries_values:
  load_level: 280922.851210587
  wind_year: 2014
  solar_year: 2013
  price_year: 2023
  carbon_year: 2023
storage_values:
  CAES:
    cost: 39.0141
    lifetime: 26.1532
    annual_cost: 1.491752443295658
    efficiency: 0.58021
    discharge_ratio: 0.1
    depth_of_discharge: 0.4
  Li-ion:
    cost: 142.881
    lifetime: 25.9152
    annual_cost: 5.513405260233377
    efficiency: 0.910248
    discharge_ratio: 2
    depth_of_discharge: 0.9
  Pb-acid:
    cost: 158.754
    lifetime: 12.9644
    annual_cost: 12.245379655055382
    efficiency: 0.765891
    discharge_ratio: 5
    depth_of_discharge: 0.5
  VRBF:
    cost: 200.08
    lifetime: 27.0212
    annual_cost: 7.404556422364662
    efficiency: 0.799226
    discharge_ratio: 0.5
    depth_of_discharge: 1.0
