cost_values:
  wind_capex: 5000.0
  wind_opex: 100
  wind_lifetime: 20
  solar_capex: 1000.0
  solar_opex: 10
  solar_lifetime: 20
  carbon_price: 1.0
timeseries_values:
  load_level: 280922.851210587
  wind_year: 2014
  solar_year: 2013
  price_year: 2023
  carbon_year: 2023
storage_values:
  CAES:
    cost: 38.963
    lifetime: 26.0442
    annual_cost: 1.4960336658449866
    efficiency: 0.58212
    discharge_ratio: 0.1
    depth_of_discharge: 0.4
  Li-ion:
    cost: 136.557
    lifetime: 26.4999
    annual_cost: 5.153113785335038
    efficiency: 0.907479
    discharge_ratio: 2
    depth_of_discharge: 0.9
  Pb-acid:
    cost: 176.966
    lifetime: 12.0671
    annual_cost: 14.665163958200397
    efficiency: 0.752355
    discharge_ratio: 5
    depth_of_discharge: 0.5
  VRBF:
    cost: 164.27
    lifetime: 25.7271
    annual_cost: 6.385095871668397
    efficiency: 0.747938
    discharge_ratio: 0.5
    depth_of_discharge: 1.0
