cost_values:
  wind_capex: 5000.0
  wind_opex: 100
  wind_lifetime: 20
  solar_capex: 1000.0
  solar_opex: 10
  solar_lifetime: 20
  carbon_price: 1.0
timeseries_values:
  load_level: 280922.851210587
  wind_year: 2014
  solar_year: 2013
  price_year: 2023
  carbon_year: 2023
storage_values:
  CAES:
    cost: 33.2149
    lifetime: 27.3515
    annual_cost: 1.2143721550920423
    efficiency: 0.580524
    discharge_ratio: 0.1
    depth_of_discharge: 0.4
  Li-ion:
    cost: 130.847
    lifetime: 25.4676
    annual_cost: 5.137782908479794
    efficiency: 0.908963
    discharge_ratio: 2
    depth_of_discharge: 0.9
  Pb-acid:
    cost: 189.086
    lifetime: 13.5191
    annual_cost: 13.986581947023101
    efficiency: 0.759527
    discharge_ratio: 5
    depth_of_discharge: 0.5
  VRBF:
    cost: 176.249
    lifetime: 26.6786
    annual_cost: 6.606381144437864
    efficiency: 0.769287
    discharge_ratio: 0.5
    depth_of_discharge: 1.0
