cost_values:
  wind_capex: 5000.0
  wind_opex: 100
  wind_lifetime: 20
  solar_capex: 1000.0
  solar_opex: 10
  solar_lifetime: 20
  carbon_price: 1.0
timeseries_values:
  load_level: 280922.851210587
  wind_year: 2014
  solar_year: 2013
  price_year: 2023
  carbon_year: 2023
storage_values:
  CAES:
    cost: 37.2151
    lifetime: 27.2184
    annual_cost: 1.3672772830144315
    efficiency: 0.58313
    discharge_ratio: 0.1
    depth_of_discharge: 0.4
  Li-ion:
    cost: 139.447
    lifetime: 27.2961
    annual_cost: 5.108678529167171
    efficiency: 0.923083
    discharge_ratio: 2
    depth_of_discharge: 0.9
  Pb-acid:
    cost: 162.995
    lifetime: 13.3975
    annual_cost: 12.16607576040306
    efficiency: 0.750076
    discharge_ratio: 5
    depth_of_discharge: 0.5
  VRBF:
    cost: 193.554
    lifetime: 26.7512
    annual_cost: 7.235338975447831
    efficiency: 0.770276
    discharge_ratio: 0.5
    depth_of_discharge: 1.0
