cost_values:
  wind_capex: 5000.0
  wind_opex: 100
  wind_lifetime: 20
  solar_capex: 1000.0
  solar_opex: 10
  solar_lifetime: 20
  carbon_price: 1.0
timeseries_values:
  load_level: 280922.851210587
  wind_year: 2014
  solar_year: 2013
  price_year: 2023
  carbon_year: 2023
storage_values:
  CAES:
    cost: 38.5686
    lifetime: 27.0333
    annual_cost: 1.4267070612910744
    efficiency: 0.574552
    discharge_ratio: 0.1
    depth_of_discharge: 0.4
  Li-ion:
    cost: 156.976
    lifetime: 25.2145
    annual_cost: 6.225624144837296
    efficiency: 0.92033
    discharge_ratio: 2
    depth_of_discharge: 0.9
  Pb-acid:
    cost: 154.144
    lifetime: 12.741
    annual_cost: 12.098265442272977
    efficiency: 0.755862
    discharge_ratio: 5
    depth_of_discharge: 0.5
  VRBF:
    cost: 186.844
    lifetime: 27.4006
    annual_cost: 6.818974766975905
    efficiency: 0.770104
    discharge_ratio: 0.5
    depth_of_discharge: 1.0
