cost_values:
  wind_capex: 5000.0
  wind_opex: 100
  wind_lifetime: 20
  solar_capex: 1000.0
  solar_opex: 10
  solar_lifetime: 20
  carbon_price: 1.0
timeseries_values:
  load_level: 280922.851210587
  wind_year: 2014
  solar_year: 2013
  price_year: 2023
  carbon_year: 2023
storage_values:
  CAES:
    cost: 38.5491
    lifetime: 27.7632
    annual_cost: 1.3884962828492393
    efficiency: 0.589102
    discharge_ratio: 0.1
    depth_of_discharge: 0.4
  Li-ion:
    cost: 130.862
    lifetime: 27.2658
    annual_cost: 4.799492404404052
    efficiency: 0.910182
    discharge_ratio: 2
    depth_of_discharge: 0.9
  Pb-acid:
    cost: 180.437
    lifetime: 13.0772
    annual_cost: 13.797831340042212
    efficiency: 0.748365
    discharge_ratio: 5
    depth_of_discharge: 0.5
  VRBF:
    cost: 216.876
    lifetime: 27.3808
    annual_cost: 7.920732776251972
    efficiency: 0.776868
    discharge_ratio: 0.5
    depth_of_discharge: 1.0
