cost_values:
  wind_capex: 5000.0
  wind_opex: 100
  wind_lifetime: 20
  solar_capex: 1000.0
  solar_opex: 10
  solar_lifetime: 20
  carbon_price: 1.0
timeseries_values:
  load_level: 280922.851210587
  wind_year: 2014
  solar_year: 2013
  price_year: 2023
  carbon_year: 2023
storage_values:
  CAES:
    cost: 43.9772
    lifetime: 27.0127
    annual_cost: 1.6280194130908796
    efficiency: 0.582197
    discharge_ratio: 0.1
    depth_of_discharge: 0.4
  Li-ion:
    cost: 154.623
    lifetime: 27.6532
    annual_cost: 5.591504780640215
    efficiency: 0.901144
    discharge_ratio: 2
    depth_of_discharge: 0.9
  Pb-acid:
    cost: 184.9
    lifetime: 12.1597
    annual_cost: 15.205967252481557
    efficiency: 0.766932
    discharge_ratio: 5
    depth_of_discharge: 0.5
  VRBF:
    cost: 141.456
    lifetime: 24.9052
    annual_cost: 5.679777717103255
    efficiency: 0.77118
    discharge_ratio: 0.5
    depth_of_discharge: 1.0
