cost_values:
  wind_capex: 5000.0
  wind_opex: 100
  wind_lifetime: 20
  solar_capex: 1000.0
  solar_opex: 10
  solar_lifetime: 20
  carbon_price: 1.0
timeseries_values:
  load_level: 280922.851210587
  wind_year: 2014
  solar_year: 2013
  price_year: 2023
  carbon_year: 2023
storage_values:
  CAES:
    cost: 42.2121
    lifetime: 27.0365
    annual_cost: 1.5613004641873023
    efficiency: 0.576916
    discharge_ratio: 0.1
    depth_of_discharge: 0.4
  Li-ion:
    cost: 139.275
    lifetime: 25.3065
    annual_cost: 5.503526761899117
    efficiency: 0.908916
    discharge_ratio: 2
    depth_of_discharge: 0.9
  Pb-acid:
    cost: 174.196
    lifetime: 13.0218
    annual_cost: 13.377259672241932
    efficiency: 0.750304
    discharge_ratio: 5
    depth_of_discharge: 0.5
  VRBF:
    cost: 191.626
    lifetime: 26.2813
    annual_cost: 7.291344035492917
    efficiency: 0.782401
    discharge_ratio: 0.5
    depth_of_discharge: 1.0
