cost_values:
  wind_capex: 5000.0
  wind_opex: 100
  wind_lifetime: 20
  solar_capex: 1000.0
  solar_opex: 10
  solar_lifetime: 20
  carbon_price: 1.0
timeseries_values:
  load_level: 280922.851210587
  wind_year: 2014
  solar_year: 2013
  price_year: 2023
  carbon_year: 2023
storage_values:
  CAES:
    cost: 43.3624
    lifetime: 27.2579
    annual_cost: 1.5908195422244562
    efficiency: 0.573927
    discharge_ratio: 0.1
    depth_of_discharge: 0.4
  Li-ion:
    cost: 134.318
    lifetime: 26.836
    annual_cost: 5.005142346102251
    efficiency: 0.915464
    discharge_ratio: 2
    depth_of_discharge: 0.9
  Pb-acid:
    cost: 183.527
    lifetime: 11.9831
    annual_cost: 15.315485976082982
    efficiency: 0.770104
    discharge_ratio: 5
    depth_of_discharge: 0.5
  VRBF:
    cost: 192.668
    lifetime: 28.1367
    annual_cost: 6.8475691889951555
    efficiency: 0.785252
    discharge_ratio: 0.5
    depth_of_discharge: 1.0
