cost_values:
  wind_capex: 5000.0
  wind_opex: 100
  wind_lifetime: 20
  solar_capex: 1000.0
  solar_opex: 10
  solar_lifetime: 20
  carbon_price: 1.0
timeseries_values:
  load_level: 280922.851210587
  wind_year: 2014
  solar_year: 2013
  price_year: 2023
  carbon_year: 2023
storage_values:
  CAES:
    cost: 36.8127
    lifetime: 26.8372
    annual_cost: 1.3717042016305725
    efficiency: 0.580469
    discharge_ratio: 0.1
    depth_of_discharge: 0.4
  Li-ion:
    cost: 139.038
    lifetime: 26.5367
    annual_cost: 5.23946082218211
    efficiency: 0.908593
    discharge_ratio: 2
    depth_of_discharge: 0.9
  Pb-acid:
    cost: 157.339
    lifetime: 12.7054
    annual_cost: 12.383632156405938
    efficiency: 0.759756
    discharge_ratio: 5
    depth_of_discharge: 0.5
  VRBF:
    cost: 183.283
    lifetime: 28.1347
    annual_cost: 6.514482116390081
    efficiency: 0.793431
    discharge_ratio: 0.5
    depth_of_discharge: 1.0
