cost_values:
  wind_capex: 5000.0
  wind_opex: 100
  wind_lifetime: 20
  solar_capex: 1000.0
  solar_opex: 10
  solar_lifetime: 20
  carbon_price: 1.0
timeseries_values:
  load_level: 280922.851210587
  wind_year: 2014
  solar_year: 2013
  price_year: 2023
  carbon_year: 2023
storage_values:
  CAES:
    cost: 39.0079
    lifetime: 26.327
    annual_cost: 1.481669009002165
    efficiency: 0.580506
    discharge_ratio: 0.1
    depth_of_discharge: 0.4
  Li-ion:
    cost: 171.244
    lifetime: 24.9277
    annual_cost: 6.869626961171708
    efficiency: 0.916811
    discharge_ratio: 2
    depth_of_discharge: 0.9
  Pb-acid:
    cost: 180.078
    lifetime: 14.3159
    annual_cost: 12.578880824817162
    efficiency: 0.752027
    discharge_ratio: 5
    depth_of_discharge: 0.5
  VRBF:
    cost: 165.05
    lifetime: 26.3527
    annual_cost: 6.263115354403914
    efficiency: 0.770174
    discharge_ratio: 0.5
    depth_of_discharge: 1.0
