cost_values:
  wind_capex: 5000.0
  wind_opex: 100
  wind_lifetime: 20
  solar_capex: 1000.0
  solar_opex: 10
  solar_lifetime: 20
  carbon_price: 1.0
timeseries_values:
  load_level: 280922.851210587
  wind_year: 2014
  solar_year: 2013
  price_year: 2023
  carbon_year: 2023
storage_values:
  CAES:
    cost: 35.196
    lifetime: 26.0729
    annual_cost: 1.3499073750906112
    efficiency: 0.573567
    discharge_ratio: 0.1
    depth_of_discharge: 0.4
  Li-ion:
    cost: 126.188
    lifetime: 23.7646
    annual_cost: 5.309914747144913
    efficiency: 0.912573
    discharge_ratio: 2
    depth_of_discharge: 0.9
  Pb-acid:
    cost: 176.647
    lifetime: 13.0848
    annual_cost: 13.500168134018097
    efficiency: 0.75553
    discharge_ratio: 5
    depth_of_discharge: 0.5
  VRBF:
    cost: 181.578
    lifetime: 27.3193
    annual_cost: 6.646509976463526
    efficiency: 0.773402
    discharge_ratio: 0.5
    depth_of_discharge: 1.0
