cost_values:
  wind_capex: 5000.0
  wind_opex: 100
  wind_lifetime: 20
  solar_capex: 1000.0
  solar_opex: 10
  solar_lifetime: 20
  carbon_price: 1.0
timeseries_values:
  load_level: 280922.851210587
  wind_year: 2014
  solar_year: 2013
  price_year: 2023
  carbon_year: 2023
storage_values:
  CAES:
    cost: 30.5435
    lifetime: 26.7732
    annual_cost: 1.140823659480376
    efficiency: 0.594286
    discharge_ratio: 0.1
    depth_of_discharge: 0.4
  Li-ion:
    cost: 133.304
    lifetime: 26.8912
    annual_cost: 4.957160706848337
    efficiency: 0.912583
    discharge_ratio: 2
    depth_of_discharge: 0.9
  Pb-acid:
    cost: 182.248
    lifetime: 12.6265
    annual_cost: 14.43377024511939
    efficiency: 0.783143
    discharge_ratio: 5
    depth_of_discharge: 0.5
  VRBF:
    cost: 202.653
    lifetime: 25.3707
    annual_cost: 7.987678700232946
    efficiency: 0.783024
    discharge_ratio: 0.5
    depth_of_discharge: 1.0
