cost_values:
  wind_capex: 5000.0
  wind_opex: 100
  wind_lifetime: 20
  solar_capex: 1000.0
  solar_opex: 10
  solar_lifetime: 20
  carbon_price: 1.0
timeseries_values:
  load_level: 280922.851210587
  wind_year: 2014
  solar_year: 2013
  price_year: 2023
  carbon_year: 2023
storage_values:
  CAES:
    cost: 41.5467
    lifetime: 26.5548
    annual_cost: 1.5645645984906684
    efficiency: 0.572848
    discharge_ratio: 0.1
    depth_of_discharge: 0.4
  Li-ion:
    cost: 135.969
    lifetime: 25.0915
    annual_cost: 5.418926728174879
    efficiency: 0.910982
    discharge_ratio: 2
    depth_of_discharge: 0.9
  Pb-acid:
    cost: 155.105
    lifetime: 12.3767
    annual_cost: 12.532015803889566
    efficiency: 0.780171
    discharge_ratio: 5
    depth_of_discharge: 0.5
  VRBF:
    cost: 175.868
    lifetime: 23.602
    annual_cost: 7.4514024235234295
    efficiency: 0.806785
    discharge_ratio: 0.5
    depth_of_discharge: 1.0
