cost_values:
  wind_capex: 5000.0
  wind_opex: 100
  wind_lifetime: 20
  solar_capex: 1000.0
  solar_opex: 10
  solar_lifetime: 20
  carbon_price: 1.0
timeseries_values:
  load_level: 280922.851210587
  wind_year: 2014
  solar_year: 2013
  price_year: 2023
  carbon_year: 2023
storage_values:
  CAES:
    cost: 41.1539
    lifetime: 26.6877
    annual_cost: 1.5420549541549105
    efficiency: 0.590546
    discharge_ratio: 0.1
    depth_of_discharge: 0.4
  Li-ion:
    cost: 134.778
    lifetime: 28.0586
    annual_cost: 4.803447071486104
    efficiency: 0.911498
    discharge_ratio: 2
    depth_of_discharge: 0.9
  Pb-acid:
    cost: 171.984
    lifetime: 13.5111
    annual_cost: 12.729089415369584
    efficiency: 0.760888
    discharge_ratio: 5
    depth_of_discharge: 0.5
  VRBF:
    cost: 203.677
    lifetime: 26.75
    annual_cost: 7.614093457943925
    efficiency: 0.769508
    discharge_ratio: 0.5
    depth_of_discharge: 1.0
