cost_values:
  wind_capex: 5000.0
  wind_opex: 100
  wind_lifetime: 20
  solar_capex: 1000.0
  solar_opex: 10
  solar_lifetime: 20
  carbon_price: 1.0
timeseries_values:
  load_level: 280922.851210587
  wind_year: 2014
  solar_year: 2013
  price_year: 2023
  carbon_year: 2023
storage_values:
  CAES:
    cost: 38.2572
    lifetime: 25.944
    annual_cost: 1.4746068455134134
    efficiency: 0.58595
    discharge_ratio: 0.1
    depth_of_discharge: 0.4
  Li-ion:
    cost: 139.655
    lifetime: 29.3517
    annual_cost: 4.757986760562421
    efficiency: 0.920264
    discharge_ratio: 2
    depth_of_discharge: 0.9
  Pb-acid:
    cost: 170.635
    lifetime: 11.9454
    annual_cost: 14.28457816397944
    efficiency: 0.752297
    discharge_ratio: 5
    depth_of_discharge: 0.5
  VRBF:
    cost: 164.202
    lifetime: 25.615
    annual_cost: 6.410384540308414
    efficiency: 0.773633
    discharge_ratio: 0.5
    depth_of_discharge: 1.0
