cost_values:
  wind_capex: 5000.0
  wind_opex: 100
  wind_lifetime: 20
  solar_capex: 1000.0
  solar_opex: 10
  solar_lifetime: 20
  carbon_price: 1.0
timeseries_values:
  load_level: 280922.851210587
  wind_year: 2014
  solar_year: 2013
  price_year: 2023
  carbon_year: 2023
storage_values:
  CAES:
    cost: 39.0027
    lifetime: 26.7114
    annual_cost: 1.4601518452795434
    efficiency: 0.582934
    discharge_ratio: 0.1
    depth_of_discharge: 0.4
  Li-ion:
    cost: 159.231
    lifetime: 27.0909
    annual_cost: 5.877656334784004
    efficiency: 0.922129
    discharge_ratio: 2
    depth_of_discharge: 0.9
  Pb-acid:
    cost: 174.835
    lifetime: 12.7757
    annual_cost: 13.684964424649921
    efficiency: 0.755063
    discharge_ratio: 5
    depth_of_discharge: 0.5
  VRBF:
    cost: 202.082
    lifetime: 28.1592
    annual_cost: 7.176411261683571
    efficiency: 0.780585
    discharge_ratio: 0.5
    depth_of_discharge: 1.0
