cost_values:
  wind_capex: 5000.0
  wind_opex: 100
  wind_lifetime: 20
  solar_capex: 1000.0
  solar_opex: 10
  solar_lifetime: 20
  carbon_price: 1.0
timeseries_values:
  load_level: 280922.851210587
  wind_year: 2014
  solar_year: 2013
  price_year: 2023
  carbon_year: 2023
storage_values:
  CAES:
    cost: 30.9308
    lifetime: 28.2386
    annual_cost: 1.0953375875574567
    efficiency: 0.576554
    discharge_ratio: 0.1
    depth_of_discharge: 0.4
  Li-ion:
    cost: 140.068
    lifetime: 26.6482
    annual_cost: 5.256189911513724
    efficiency: 0.900913
    discharge_ratio: 2
    depth_of_discharge: 0.9
  Pb-acid:
    cost: 160.358
    lifetime: 13.4851
    annual_cost: 11.891495057507917
    efficiency: 0.756556
    discharge_ratio: 5
    depth_of_discharge: 0.5
  VRBF:
    cost: 191.357
    lifetime: 27.3251
    annual_cost: 7.002975286458239
    efficiency: 0.784392
    discharge_ratio: 0.5
    depth_of_discharge: 1.0
