cost_values:
  wind_capex: 5000.0
  wind_opex: 100
  wind_lifetime: 20
  solar_capex: 1000.0
  solar_opex: 10
  solar_lifetime: 20
  carbon_price: 1.0
timeseries_values:
  load_level: 280922.851210587
  wind_year: 2014
  solar_year: 2013
  price_year: 2023
  carbon_year: 2023
storage_values:
  CAES:
    cost: 38.4682
    lifetime: 27.2559
    annual_cost: 1.4113714828715986
    efficiency: 0.583834
    discharge_ratio: 0.1
    depth_of_discharge: 0.4
  Li-ion:
    cost: 136.188
    lifetime: 25.9512
    annual_cost: 5.247849810413391
    efficiency: 0.922981
    discharge_ratio: 2
    depth_of_discharge: 0.9
  Pb-acid:
    cost: 155.228
    lifetime: 13.3668
    annual_cost: 11.612951491755695
    efficiency: 0.75987
    discharge_ratio: 5
    depth_of_discharge: 0.5
  VRBF:
    cost: 170.505
    lifetime: 25.3318
    annual_cost: 6.73086792095311
    efficiency: 0.777616
    discharge_ratio: 0.5
    depth_of_discharge: 1.0
