cost_values:
  wind_capex: 5000.0
  wind_opex: 100
  wind_lifetime: 20
  solar_capex: 1000.0
  solar_opex: 10
  solar_lifetime: 20
  carbon_price: 1.0
timeseries_values:
  load_level: 280922.851210587
  wind_year: 2014
  solar_year: 2013
  price_year: 2023
  carbon_year: 2023
storage_values:
  CAES:
    cost: 35.5616
    lifetime: 25.8336
    annual_cost: 1.3765638548247243
    efficiency: 0.580455
    discharge_ratio: 0.1
    depth_of_discharge: 0.4
  Li-ion:
    cost: 153.88
    lifetime: 23.1975
    annual_cost: 6.633473434637352
    efficiency: 0.918798
    discharge_ratio: 2
    depth_of_discharge: 0.9
  Pb-acid:
    cost: 186.081
    lifetime: 16.0891
    annual_cost: 11.565656251748079
    efficiency: 0.739548
    discharge_ratio: 5
    depth_of_discharge: 0.5
  VRBF:
    cost: 209.886
    lifetime: 26.5285
    annual_cost: 7.911717586746329
    efficiency: 0.798852
    discharge_ratio: 0.5
    depth_of_discharge: 1.0
