cost_values:
  wind_capex: 5000.0
  wind_opex: 100
  wind_lifetime: 20
  solar_capex: 1000.0
  solar_opex: 10
  solar_lifetime: 20
  carbon_price: 1.0
timeseries_values:
  load_level: 280922.851210587
  wind_year: 2014
  solar_year: 2013
  price_year: 2023
  carbon_year: 2023
storage_values:
  CAES:
    cost: 34.1087
    lifetime: 27.2998
    annual_cost: 1.249412083605008
    efficiency: 0.567311
    discharge_ratio: 0.1
    depth_of_discharge: 0.4
  Li-ion:
    cost: 156.406
    lifetime: 24.6646
    annual_cost: 6.3413150831556155
    efficiency: 0.909215
    discharge_ratio: 2
    depth_of_discharge: 0.9
  Pb-acid:
    cost: 165.834
    lifetime: 11.336
    annual_cost: 14.628969654199011
    efficiency: 0.769088
    discharge_ratio: 5
    depth_of_discharge: 0.5
  VRBF:
    cost: 173.816
    lifetime: 28.393
    annual_cost: 6.12179058218575
    efficiency: 0.791484
    discharge_ratio: 0.5
    depth_of_discharge: 1.0
