cost_values:
  wind_capex: 5000.0
  wind_opex: 100
  wind_lifetime: 20
  solar_capex: 1000.0
  solar_opex: 10
  solar_lifetime: 20
  carbon_price: 1.0
timeseries_values:
  load_level: 246758.46858872188
  wind_year: 2012
  solar_year: 2013
  price_year: 2023
  carbon_year: 2023
storage_values:
  CAES:
    cost: 57.8247
    lifetime: 20.3653
    annual_cost: 2.839373836869577
    efficiency: 0.569371
    discharge_ratio: 0.1
    depth_of_discharge: 0.4
  Li-ion:
    cost: 163.979
    lifetime: 21.5127
    annual_cost: 7.62242768225281
    efficiency: 0.953295
    discharge_ratio: 2
    depth_of_discharge: 0.9
  Pb-acid:
    cost: 167.222
    lifetime: 11.6819
    annual_cost: 14.314623477345295
    efficiency: 0.732661
    discharge_ratio: 5
    depth_of_discharge: 0.5
  VRBF:
    cost: 381.732
    lifetime: 19.0537
    annual_cost: 20.034533975028474
    efficiency: 0.726647
    discharge_ratio: 0.5
    depth_of_discharge: 1.0
