cost_values:
  wind_capex: 5000.0
  wind_opex: 100
  wind_lifetime: 20
  solar_capex: 1000.0
  solar_opex: 10
  solar_lifetime: 20
  carbon_price: 1.0
timeseries_values:
  load_level: 246758.46858872188
  wind_year: 2012
  solar_year: 2013
  price_year: 2023
  carbon_year: 2023
storage_values:
  CAES:
    cost: 61.2293
    lifetime: 20.4271
    annual_cost: 2.99745436209741
    efficiency: 0.562573
    discharge_ratio: 0.1
    depth_of_discharge: 0.4
  Li-ion:
    cost: 146.009
    lifetime: 19.2208
    annual_cost: 7.596405976858402
    efficiency: 0.94401
    discharge_ratio: 2
    depth_of_discharge: 0.9
  Pb-acid:
    cost: 191.013
    lifetime: 13.4143
    annual_cost: 14.239505602230455
    efficiency: 0.724429
    discharge_ratio: 5
    depth_of_discharge: 0.5
  VRBF:
    cost: 395.621
    lifetime: 19.563
    annual_cost: 20.222920819915146
    efficiency: 0.727675
    discharge_ratio: 0.5
    depth_of_discharge: 1.0
