cost_values:
  wind_capex: 5000.0
  wind_opex: 100
  wind_lifetime: 20
  solar_capex: 1000.0
  solar_opex: 10
  solar_lifetime: 20
  carbon_price: 1.0
timeseries_values:
  load_level: 246758.46858872188
  wind_year: 2012
  solar_year: 2013
  price_year: 2023
  carbon_year: 2023
storage_values:
  CAES:
    cost: 52.9506
    lifetime: 20.0875
    annual_cost: 2.6359975108898572
    efficiency: 0.56025
    discharge_ratio: 0.1
    depth_of_discharge: 0.4
  Li-ion:
    cost: 141.035
    lifetime: 18.0627
    annual_cost: 7.808079633720319
    efficiency: 0.945379
    discharge_ratio: 2
    depth_of_discharge: 0.9
  Pb-acid:
    cost: 161.195
    lifetime: 12.4667
    annual_cost: 12.930045641589194
    efficiency: 0.723833
    discharge_ratio: 5
    depth_of_discharge: 0.5
  VRBF:
    cost: 383.879
    lifetime: 20.8263
    annual_cost: 18.43241478323082
    efficiency: 0.737592
    discharge_ratio: 0.5
    depth_of_discharge: 1.0
