cost_values:
  wind_capex: 5000.0
  wind_opex: 100
  wind_lifetime: 20
  solar_capex: 1000.0
  solar_opex: 10
  solar_lifetime: 20
  carbon_price: 1.0
timeseries_values:
  load_level: 246758.46858872188
  wind_year: 2012
  solar_year: 2013
  price_year: 2023
  carbon_year: 2023
storage_values:
  CAES:
    cost: 53.4911
    lifetime: 20.1813
    annual_cost: 2.650527964006283
    efficiency: 0.551736
    discharge_ratio: 0.1
    depth_of_discharge: 0.4
  Li-ion:
    cost: 145.468
    lifetime: 18.817
    annual_cost: 7.73066907583568
    efficiency: 0.948105
    discharge_ratio: 2
    depth_of_discharge: 0.9
  Pb-acid:
    cost: 190.036
    lifetime: 10.8032
    annual_cost: 17.59071386255924
    efficiency: 0.709627
    discharge_ratio: 5
    depth_of_discharge: 0.5
  VRBF:
    cost: 369.844
    lifetime: 21.3207
    annual_cost: 17.346710004830985
    efficiency: 0.727852
    discharge_ratio: 0.5
    depth_of_discharge: 1.0
