cost_values:
  wind_capex: 5000.0
  wind_opex: 100
  wind_lifetime: 20
  solar_capex: 1000.0
  solar_opex: 10
  solar_lifetime: 20
  carbon_price: 1.0
timeseries_values:
  load_level: 246758.46858872188
  wind_year: 2012
  solar_year: 2013
  price_year: 2023
  carbon_year: 2023
storage_values:
  CAES:
    cost: 61.3401
    lifetime: 20.2419
    annual_cost: 3.030352881893498
    efficiency: 0.563843
    discharge_ratio: 0.1
    depth_of_discharge: 0.4
  Li-ion:
    cost: 169.897
    lifetime: 16.9501
    annual_cost: 10.023362694025405
    efficiency: 0.940469
    discharge_ratio: 2
    depth_of_discharge: 0.9
  Pb-acid:
    cost: 175.807
    lifetime: 11.1468
    annual_cost: 15.771970430975705
    efficiency: 0.719611
    discharge_ratio: 5
    depth_of_discharge: 0.5
  VRBF:
    cost: 397.55
    lifetime: 22.1794
    annual_cost: 17.92429010703626
    efficiency: 0.75176
    discharge_ratio: 0.5
    depth_of_discharge: 1.0
