cost_values:
  wind_capex: 5000.0
  wind_opex: 100
  wind_lifetime: 20
  solar_capex: 1000.0
  solar_opex: 10
  solar_lifetime: 20
  carbon_price: 1.0
timeseries_values:
  load_level: 246758.46858872188
  wind_year: 2012
  solar_year: 2013
  price_year: 2023
  carbon_year: 2023
storage_values:
  CAES:
    cost: 59.3124
    lifetime: 20.3602
    annual_cost: 2.9131540947534895
    efficiency: 0.570035
    discharge_ratio: 0.1
    depth_of_discharge: 0.4
  Li-ion:
    cost: 151.556
    lifetime: 17.6256
    annual_cost: 8.598629266521424
    efficiency: 0.945197
    discharge_ratio: 2
    depth_of_discharge: 0.9
  Pb-acid:
    cost: 169.333
    lifetime: 11.3511
    annual_cost: 14.917761274237739
    efficiency: 0.720186
    discharge_ratio: 5
    depth_of_discharge: 0.5
  VRBF:
    cost: 385.599
    lifetime: 20.242
    annual_cost: 19.04945163521391
    efficiency: 0.748658
    discharge_ratio: 0.5
    depth_of_discharge: 1.0
