cost_values:
  wind_capex: 5000.0
  wind_opex: 100
  wind_lifetime: 20
  solar_capex: 1000.0
  solar_opex: 10
  solar_lifetime: 20
  carbon_price: 1.0
timeseries_values:
  load_level: 246758.46858872188
  wind_year: 2012
  solar_year: 2013
  price_year: 2023
  carbon_year: 2023
storage_values:
  CAES:
    cost: 59.5424
    lifetime: 20.3516
    annual_cost: 2.925686432516362
    efficiency: 0.576311
    discharge_ratio: 0.1
    depth_of_discharge: 0.4
  Li-ion:
    cost: 152.165
    lifetime: 20.6955
    annual_cost: 7.352564567176439
    efficiency: 0.941089
    discharge_ratio: 2
    depth_of_discharge: 0.9
  Pb-acid:
    cost: 167.436
    lifetime: 11.6358
    annual_cost: 14.389728252462229
    efficiency: 0.721319
    discharge_ratio: 5
    depth_of_discharge: 0.5
  VRBF:
    cost: 380.548
    lifetime: 18.8095
    annual_cost: 20.2316914325208
    efficiency: 0.740607
    discharge_ratio: 0.5
    depth_of_discharge: 1.0
