cost_values:
  wind_capex: 5000.0
  wind_opex: 100
  wind_lifetime: 20
  solar_capex: 1000.0
  solar_opex: 10
  solar_lifetime: 20
  carbon_price: 1.0
timeseries_values:
  load_level: 246758.46858872188
  wind_year: 2012
  solar_year: 2013
  price_year: 2023
  carbon_year: 2023
storage_values:
  CAES:
    cost: 54.3906
    lifetime: 20.1206
    annual_cost: 2.7032295259584704
    efficiency: 0.56768
    discharge_ratio: 0.1
    depth_of_discharge: 0.4
  Li-ion:
    cost: 131.916
    lifetime: 20.717
    annual_cost: 6.36752425544239
    efficiency: 0.944539
    discharge_ratio: 2
    depth_of_discharge: 0.9
  Pb-acid:
    cost: 170.161
    lifetime: 12.4573
    annual_cost: 13.65954099202877
    efficiency: 0.703478
    discharge_ratio: 5
    depth_of_discharge: 0.5
  VRBF:
    cost: 393.295
    lifetime: 20.8357
    annual_cost: 18.876015684618228
    efficiency: 0.754517
    discharge_ratio: 0.5
    depth_of_discharge: 1.0
