cost_values:
  wind_capex: 5000.0
  wind_opex: 100
  wind_lifetime: 20
  solar_capex: 1000.0
  solar_opex: 10
  solar_lifetime: 20
  carbon_price: 1.0
timeseries_values:
  load_level: 246758.46858872188
  wind_year: 2012
  solar_year: 2013
  price_year: 2023
  carbon_year: 2023
storage_values:
  CAES:
    cost: 57.741
    lifetime: 20.0972
    annual_cost: 2.8730867981609376
    efficiency: 0.574062
    discharge_ratio: 0.1
    depth_of_discharge: 0.4
  Li-ion:
    cost: 140.974
    lifetime: 19.6853
    annual_cost: 7.161384383270764
    efficiency: 0.947736
    discharge_ratio: 2
    depth_of_discharge: 0.9
  Pb-acid:
    cost: 175.424
    lifetime: 13.9167
    annual_cost: 12.605287172964855
    efficiency: 0.73075
    discharge_ratio: 5
    depth_of_discharge: 0.5
  VRBF:
    cost: 379.511
    lifetime: 17.7532
    annual_cost: 21.377047518193905
    efficiency: 0.738278
    discharge_ratio: 0.5
    depth_of_discharge: 1.0
