cost_values:
  wind_capex: 5000.0
  wind_opex: 100
  wind_lifetime: 20
  solar_capex: 1000.0
  solar_opex: 10
  solar_lifetime: 20
  carbon_price: 1.0
timeseries_values:
  load_level: 246758.46858872188
  wind_year: 2012
  solar_year: 2013
  price_year: 2023
  carbon_year: 2023
storage_values:
  CAES:
    cost: 58.1841
    lifetime: 20.3047
    annual_cost: 2.8655483705743006
    efficiency: 0.559141
    discharge_ratio: 0.1
    depth_of_discharge: 0.4
  Li-ion:
    cost: 144.269
    lifetime: 20.1933
    annual_cost: 7.1443993799923735
    efficiency: 0.917169
    discharge_ratio: 2
    depth_of_discharge: 0.9
  Pb-acid:
    cost: 172.244
    lifetime: 12.7001
    annual_cost: 13.562412894386657
    efficiency: 0.72784
    discharge_ratio: 5
    depth_of_discharge: 0.5
  VRBF:
    cost: 379.176
    lifetime: 20.2334
    annual_cost: 18.740102998013185
    efficiency: 0.712215
    discharge_ratio: 0.5
    depth_of_discharge: 1.0
