cost_values:
  wind_capex: 5000.0
  wind_opex: 100
  wind_lifetime: 20
  solar_capex: 1000.0
  solar_opex: 10
  solar_lifetime: 20
  carbon_price: 1.0
timeseries_values:
  load_level: 246758.46858872188
  wind_year: 2012
  solar_year: 2013
  price_year: 2023
  carbon_year: 2023
storage_values:
  CAES:
    cost: 61.2962
    lifetime: 20.1822
    annual_cost: 3.0371416396626727
    efficiency: 0.57336
    discharge_ratio: 0.1
    depth_of_discharge: 0.4
  Li-ion:
    cost: 168.721
    lifetime: 19.2532
    annual_cost: 8.763270521263998
    efficiency: 0.947435
    discharge_ratio: 2
    depth_of_discharge: 0.9
  Pb-acid:
    cost: 183.8
    lifetime: 11.9858
    annual_cost: 15.334812861886567
    efficiency: 0.73549
    discharge_ratio: 5
    depth_of_discharge: 0.5
  VRBF:
    cost: 373.06
    lifetime: 19.6782
    annual_cost: 18.958034779603825
    efficiency: 0.746406
    discharge_ratio: 0.5
    depth_of_discharge: 1.0
