cost_values:
  wind_capex: 5000.0
  wind_opex: 100
  wind_lifetime: 20
  solar_capex: 1000.0
  solar_opex: 10
  solar_lifetime: 20
  carbon_price: 1.0
timeseries_values:
  load_level: 246758.46858872188
  wind_year: 2012
  solar_year: 2013
  price_year: 2023
  carbon_year: 2023
storage_values:
  CAES:
    cost: 61.8996
    lifetime: 20.5701
    annual_cost: 3.009202677672933
    efficiency: 0.576729
    discharge_ratio: 0.1
    depth_of_discharge: 0.4
  Li-ion:
    cost: 162.297
    lifetime: 19.9736
    annual_cost: 8.125575760003203
    efficiency: 0.944933
    discharge_ratio: 2
    depth_of_discharge: 0.9
  Pb-acid:
    cost: 176.682
    lifetime: 12.0379
    annual_cost: 14.67714468470414
    efficiency: 0.727889
    discharge_ratio: 5
    depth_of_discharge: 0.5
  VRBF:
    cost: 399.42
    lifetime: 20.6671
    annual_cost: 19.326368963231417
    efficiency: 0.743969
    discharge_ratio: 0.5
    depth_of_discharge: 1.0
