cost_values:
  wind_capex: 5000.0
  wind_opex: 100
  wind_lifetime: 20
  solar_capex: 1000.0
  solar_opex: 10
  solar_lifetime: 20
  carbon_price: 1.0
timeseries_values:
  load_level: 246758.46858872188
  wind_year: 2012
  solar_year: 2013
  price_year: 2023
  carbon_year: 2023
storage_values:
  CAES:
    cost: 61.0661
    lifetime: 20.0316
    annual_cost: 3.0484883883464127
    efficiency: 0.561596
    discharge_ratio: 0.1
    depth_of_discharge: 0.4
  Li-ion:
    cost: 155.51
    lifetime: 19.6727
    annual_cost: 7.90486308437581
    efficiency: 0.938197
    discharge_ratio: 2
    depth_of_discharge: 0.9
  Pb-acid:
    cost: 178.763
    lifetime: 12.3323
    annual_cost: 14.495511786122622
    efficiency: 0.718772
    discharge_ratio: 5
    depth_of_discharge: 0.5
  VRBF:
    cost: 380.011
    lifetime: 18.9732
    annual_cost: 20.02883013935446
    efficiency: 0.738415
    discharge_ratio: 0.5
    depth_of_discharge: 1.0
