cost_values:
  wind_capex: 5000.0
  wind_opex: 100
  wind_lifetime: 20
  solar_capex: 1000.0
  solar_opex: 10
  solar_lifetime: 20
  carbon_price: 1.0
timeseries_values:
  load_level: 246758.46858872188
  wind_year: 2012
  solar_year: 2013
  price_year: 2023
  carbon_year: 2023
storage_values:
  CAES:
    cost: 55.6756
    lifetime: 20.589
    annual_cost: 2.7041429889746955
    efficiency: 0.560376
    discharge_ratio: 0.1
    depth_of_discharge: 0.4
  Li-ion:
    cost: 159.557
    lifetime: 18.4282
    annual_cost: 8.658306291444633
    efficiency: 0.935711
    discharge_ratio: 2
    depth_of_discharge: 0.9
  Pb-acid:
    cost: 189.22
    lifetime: 12.6922
    annual_cost: 14.908368919493862
    efficiency: 0.731349
    discharge_ratio: 5
    depth_of_discharge: 0.5
  VRBF:
    cost: 355.136
    lifetime: 21.3476
    annual_cost: 16.635874758755083
    efficiency: 0.730899
    discharge_ratio: 0.5
    depth_of_discharge: 1.0
