cost_values:
  wind_capex: 5000.0
  wind_opex: 100
  wind_lifetime: 20
  solar_capex: 1000.0
  solar_opex: 10
  solar_lifetime: 20
  carbon_price: 1.0
timeseries_values:
  load_level: 246758.46858872188
  wind_year: 2012
  solar_year: 2013
  price_year: 2023
  carbon_year: 2023
storage_values:
  CAES:
    cost: 51.9062
    lifetime: 20.1647
    annual_cost: 2.5741121861470786
    efficiency: 0.560061
    discharge_ratio: 0.1
    depth_of_discharge: 0.4
  Li-ion:
    cost: 140.326
    lifetime: 19.5254
    annual_cost: 7.186843803456011
    efficiency: 0.949906
    discharge_ratio: 2
    depth_of_discharge: 0.9
  Pb-acid:
    cost: 181.609
    lifetime: 11.618
    annual_cost: 15.631692201755897
    efficiency: 0.738368
    discharge_ratio: 5
    depth_of_discharge: 0.5
  VRBF:
    cost: 371.309
    lifetime: 19.1065
    annual_cost: 19.433648234893884
    efficiency: 0.741319
    discharge_ratio: 0.5
    depth_of_discharge: 1.0
