cost_values:
  wind_capex: 5000.0
  wind_opex: 100
  wind_lifetime: 20
  solar_capex: 1000.0
  solar_opex: 10
  solar_lifetime: 20
  carbon_price: 1.0
timeseries_values:
  load_level: 246758.46858872188
  wind_year: 2012
  solar_year: 2013
  price_year: 2023
  carbon_year: 2023
storage_values:
  CAES:
    cost: 59.4018
    lifetime: 20.7711
    annual_cost: 2.859829282031284
    efficiency: 0.572084
    discharge_ratio: 0.1
    depth_of_discharge: 0.4
  Li-ion:
    cost: 149.478
    lifetime: 21.2755
    annual_cost: 7.0258278301332515
    efficiency: 0.95183
    discharge_ratio: 2
    depth_of_discharge: 0.9
  Pb-acid:
    cost: 190.879
    lifetime: 13.3111
    annual_cost: 14.339836677659997
    efficiency: 0.72913
    discharge_ratio: 5
    depth_of_discharge: 0.5
  VRBF:
    cost: 383.726
    lifetime: 19.6812
    annual_cost: 19.497083511168018
    efficiency: 0.72645
    discharge_ratio: 0.5
    depth_of_discharge: 1.0
