cost_values:
  wind_capex: 5000.0
  wind_opex: 100
  wind_lifetime: 20
  solar_capex: 1000.0
  solar_opex: 10
  solar_lifetime: 20
  carbon_price: 1.0
timeseries_values:
  load_level: 246758.46858872188
  wind_year: 2012
  solar_year: 2013
  price_year: 2023
  carbon_year: 2023
storage_values:
  CAES:
    cost: 61.824
    lifetime: 20.3863
    annual_cost: 3.0326248510028795
    efficiency: 0.553918
    discharge_ratio: 0.1
    depth_of_discharge: 0.4
  Li-ion:
    cost: 152.945
    lifetime: 18.54
    annual_cost: 8.249460625674217
    efficiency: 0.945097
    discharge_ratio: 2
    depth_of_discharge: 0.9
  Pb-acid:
    cost: 157.215
    lifetime: 12.8377
    annual_cost: 12.246352539785164
    efficiency: 0.730276
    discharge_ratio: 5
    depth_of_discharge: 0.5
  VRBF:
    cost: 372.867
    lifetime: 18.6227
    annual_cost: 20.0221772353096
    efficiency: 0.73621
    discharge_ratio: 0.5
    depth_of_discharge: 1.0
