cost_values:
  wind_capex: 5000.0
  wind_opex: 100
  wind_lifetime: 20
  solar_capex: 1000.0
  solar_opex: 10
  solar_lifetime: 20
  carbon_price: 1.0
timeseries_values:
  load_level: 246758.46858872188
  wind_year: 2012
  solar_year: 2013
  price_year: 2023
  carbon_year: 2023
storage_values:
  CAES:
    cost: 58.6627
    lifetime: 20.0194
    annual_cost: 2.9302926161623226
    efficiency: 0.568998
    discharge_ratio: 0.1
    depth_of_discharge: 0.4
  Li-ion:
    cost: 146.34
    lifetime: 19.835
    annual_cost: 7.377867406100328
    efficiency: 0.930226
    discharge_ratio: 2
    depth_of_discharge: 0.9
  Pb-acid:
    cost: 189.513
    lifetime: 10.7442
    annual_cost: 17.638632936840345
    efficiency: 0.719061
    discharge_ratio: 5
    depth_of_discharge: 0.5
  VRBF:
    cost: 380.29
    lifetime: 18.0161
    annual_cost: 21.10834198300409
    efficiency: 0.749552
    discharge_ratio: 0.5
    depth_of_discharge: 1.0
