cost_values:
  wind_capex: 5000.0
  wind_opex: 100
  wind_lifetime: 20
  solar_capex: 1000.0
  solar_opex: 10
  solar_lifetime: 20
  carbon_price: 1.0
timeseries_values:
  load_level: 246758.46858872188
  wind_year: 2012
  solar_year: 2013
  price_year: 2023
  carbon_year: 2023
storage_values:
  CAES:
    cost: 57.1863
    lifetime: 20.3503
    annual_cost: 2.8100961656584915
    efficiency: 0.568647
    discharge_ratio: 0.1
    depth_of_discharge: 0.4
  Li-ion:
    cost: 143.196
    lifetime: 20.1663
    annual_cost: 7.100757203849987
    efficiency: 0.964214
    discharge_ratio: 2
    depth_of_discharge: 0.9
  Pb-acid:
    cost: 189.554
    lifetime: 12.5932
    annual_cost: 15.052091604993171
    efficiency: 0.720403
    discharge_ratio: 5
    depth_of_discharge: 0.5
  VRBF:
    cost: 374.041
    lifetime: 19.4426
    annual_cost: 19.238219168218244
    efficiency: 0.733564
    discharge_ratio: 0.5
    depth_of_discharge: 1.0
