cost_values:
  wind_capex: 5000.0
  wind_opex: 100
  wind_lifetime: 20
  solar_capex: 1000.0
  solar_opex: 10
  solar_lifetime: 20
  carbon_price: 1.0
timeseries_values:
  load_level: 246758.46858872188
  wind_year: 2012
  solar_year: 2013
  price_year: 2023
  carbon_year: 2023
storage_values:
  CAES:
    cost: 61.7239
    lifetime: 20.1724
    annual_cost: 3.059819357141441
    efficiency: 0.572005
    discharge_ratio: 0.1
    depth_of_discharge: 0.4
  Li-ion:
    cost: 152.66
    lifetime: 19.705
    annual_cost: 7.747272265922355
    efficiency: 0.936256
    discharge_ratio: 2
    depth_of_discharge: 0.9
  Pb-acid:
    cost: 174.599
    lifetime: 13.9144
    annual_cost: 12.548079687230494
    efficiency: 0.719484
    discharge_ratio: 5
    depth_of_discharge: 0.5
  VRBF:
    cost: 389.014
    lifetime: 20.2031
    annual_cost: 19.255163811494278
    efficiency: 0.749117
    discharge_ratio: 0.5
    depth_of_discharge: 1.0
