cost_values:
  wind_capex: 5000.0
  wind_opex: 100
  wind_lifetime: 20
  solar_capex: 1000.0
  solar_opex: 10
  solar_lifetime: 20
  carbon_price: 1.0
timeseries_values:
  load_level: 246758.46858872188
  wind_year: 2012
  solar_year: 2013
  price_year: 2023
  carbon_year: 2023
storage_values:
  CAES:
    cost: 65.7604
    lifetime: 20.3013
    annual_cost: 3.2392211336219847
    efficiency: 0.558098
    discharge_ratio: 0.1
    depth_of_discharge: 0.4
  Li-ion:
    cost: 159.95
    lifetime: 18.166
    annual_cost: 8.804910271936585
    efficiency: 0.952298
    discharge_ratio: 2
    depth_of_discharge: 0.9
  Pb-acid:
    cost: 170.591
    lifetime: 11.2413
    annual_cost: 15.175380071699893
    efficiency: 0.726823
    discharge_ratio: 5
    depth_of_discharge: 0.5
  VRBF:
    cost: 386.662
    lifetime: 19.2549
    annual_cost: 20.08122607751793
    efficiency: 0.720651
    discharge_ratio: 0.5
    depth_of_discharge: 1.0
