cost_values:
  wind_capex: 5000.0
  wind_opex: 100
  wind_lifetime: 20
  solar_capex: 1000.0
  solar_opex: 10
  solar_lifetime: 20
  carbon_price: 1.0
timeseries_values:
  load_level: 246758.46858872188
  wind_year: 2012
  solar_year: 2013
  price_year: 2023
  carbon_year: 2023
storage_values:
  CAES:
    cost: 57.3172
    lifetime: 20.1422
    annual_cost: 2.845627587850384
    efficiency: 0.559172
    discharge_ratio: 0.1
    depth_of_discharge: 0.4
  Li-ion:
    cost: 140.686
    lifetime: 19.2707
    annual_cost: 7.3005132143616995
    efficiency: 0.957321
    discharge_ratio: 2
    depth_of_discharge: 0.9
  Pb-acid:
    cost: 173.818
    lifetime: 14.7362
    annual_cost: 11.795306795510376
    efficiency: 0.717222
    discharge_ratio: 5
    depth_of_discharge: 0.5
  VRBF:
    cost: 397.982
    lifetime: 19.3186
    annual_cost: 20.60097522594805
    efficiency: 0.7364
    discharge_ratio: 0.5
    depth_of_discharge: 1.0
