cost_values:
  wind_capex: 5000.0
  wind_opex: 100
  wind_lifetime: 20
  solar_capex: 1000.0
  solar_opex: 10
  solar_lifetime: 20
  carbon_price: 1.0
timeseries_values:
  load_level: 246758.46858872188
  wind_year: 2012
  solar_year: 2013
  price_year: 2023
  carbon_year: 2023
storage_values:
  CAES:
    cost: 57.5217
    lifetime: 20.1314
    annual_cost: 2.8573124571564823
    efficiency: 0.563971
    discharge_ratio: 0.1
    depth_of_discharge: 0.4
  Li-ion:
    cost: 146.857
    lifetime: 19.6466
    annual_cost: 7.474932049311332
    efficiency: 0.94438
    discharge_ratio: 2
    depth_of_discharge: 0.9
  Pb-acid:
    cost: 173.37
    lifetime: 11.5329
    annual_cost: 15.032645735244389
    efficiency: 0.723845
    discharge_ratio: 5
    depth_of_discharge: 0.5
  VRBF:
    cost: 389.33
    lifetime: 17.9828
    annual_cost: 21.650132348688746
    efficiency: 0.753019
    discharge_ratio: 0.5
    depth_of_discharge: 1.0
