cost_values:
  wind_capex: 5000.0
  wind_opex: 100
  wind_lifetime: 20
  solar_capex: 1000.0
  solar_opex: 10
  solar_lifetime: 20
  carbon_price: 1.0
timeseries_values:
  load_level: 246758.46858872188
  wind_year: 2012
  solar_year: 2013
  price_year: 2023
  carbon_year: 2023
storage_values:
  CAES:
    cost: 55.1966
    lifetime: 20.3192
    annual_cost: 2.7164750580731525
    efficiency: 0.564979
    discharge_ratio: 0.1
    depth_of_discharge: 0.4
  Li-ion:
    cost: 147.269
    lifetime: 19.304
    annual_cost: 7.628937007874017
    efficiency: 0.942765
    discharge_ratio: 2
    depth_of_discharge: 0.9
  Pb-acid:
    cost: 167.24
    lifetime: 11.1274
    annual_cost: 15.029566655283356
    efficiency: 0.723417
    discharge_ratio: 5
    depth_of_discharge: 0.5
  VRBF:
    cost: 395.234
    lifetime: 20.4344
    annual_cost: 19.341600438476295
    efficiency: 0.738976
    discharge_ratio: 0.5
    depth_of_discharge: 1.0
