cost_values:
  wind_capex: 5000.0
  wind_opex: 100
  wind_lifetime: 20
  solar_capex: 1000.0
  solar_opex: 10
  solar_lifetime: 20
  carbon_price: 1.0
timeseries_values:
  load_level: 246758.46858872188
  wind_year: 2012
  solar_year: 2013
  price_year: 2023
  carbon_year: 2023
storage_values:
  CAES:
    cost: 60.3407
    lifetime: 20.1439
    annual_cost: 2.9954825033881227
    efficiency: 0.556996
    discharge_ratio: 0.1
    depth_of_discharge: 0.4
  Li-ion:
    cost: 146.798
    lifetime: 20.5232
    annual_cost: 7.152783191704998
    efficiency: 0.943378
    discharge_ratio: 2
    depth_of_discharge: 0.9
  Pb-acid:
    cost: 187.05
    lifetime: 12.2034
    annual_cost: 15.3276955602537
    efficiency: 0.730704
    discharge_ratio: 5
    depth_of_discharge: 0.5
  VRBF:
    cost: 375.897
    lifetime: 20.584
    annual_cost: 18.26161095996891
    efficiency: 0.739701
    discharge_ratio: 0.5
    depth_of_discharge: 1.0
