cost_values:
  wind_capex: 5000.0
  wind_opex: 100
  wind_lifetime: 20
  solar_capex: 1000.0
  solar_opex: 10
  solar_lifetime: 20
  carbon_price: 1.0
timeseries_values:
  load_level: 246758.46858872188
  wind_year: 2012
  solar_year: 2013
  price_year: 2023
  carbon_year: 2023
storage_values:
  CAES:
    cost: 58.307
    lifetime: 20.3145
    annual_cost: 2.870215855669596
    efficiency: 0.565477
    discharge_ratio: 0.1
    depth_of_discharge: 0.4
  Li-ion:
    cost: 149.705
    lifetime: 19.9229
    annual_cost: 7.514217307721267
    efficiency: 0.947846
    discharge_ratio: 2
    depth_of_discharge: 0.9
  Pb-acid:
    cost: 178.83
    lifetime: 11.2572
    annual_cost: 15.885833066837227
    efficiency: 0.73399
    discharge_ratio: 5
    depth_of_discharge: 0.5
  VRBF:
    cost: 380.874
    lifetime: 19.1178
    annual_cost: 19.922480620155042
    efficiency: 0.734752
    discharge_ratio: 0.5
    depth_of_discharge: 1.0
