cost_values:
  wind_capex: 5000.0
  wind_opex: 100
  wind_lifetime: 20
  solar_capex: 1000.0
  solar_opex: 10
  solar_lifetime: 20
  carbon_price: 1.0
timeseries_values:
  load_level: 246758.46858872188
  wind_year: 2012
  solar_year: 2013
  price_year: 2023
  carbon_year: 2023
storage_values:
  CAES:
    cost: 54.5955
    lifetime: 20.6118
    annual_cost: 2.648749745291532
    efficiency: 0.558596
    discharge_ratio: 0.1
    depth_of_discharge: 0.4
  Li-ion:
    cost: 157.303
    lifetime: 19.9927
    annual_cost: 7.868021827967208
    efficiency: 0.931471
    discharge_ratio: 2
    depth_of_discharge: 0.9
  Pb-acid:
    cost: 167.171
    lifetime: 11.6109
    annual_cost: 14.397764169874858
    efficiency: 0.728183
    discharge_ratio: 5
    depth_of_discharge: 0.5
  VRBF:
    cost: 375.449
    lifetime: 20.6996
    annual_cost: 18.137983342673287
    efficiency: 0.746439
    discharge_ratio: 0.5
    depth_of_discharge: 1.0
