cost_values:
  wind_capex: 5000.0
  wind_opex: 100
  wind_lifetime: 20
  solar_capex: 1000.0
  solar_opex: 10
  solar_lifetime: 20
  carbon_price: 1.0
timeseries_values:
  load_level: 246758.46858872188
  wind_year: 2012
  solar_year: 2013
  price_year: 2023
  carbon_year: 2023
storage_values:
  CAES:
    cost: 60.1052
    lifetime: 21.0549
    annual_cost: 2.8546894072163727
    efficiency: 0.570944
    discharge_ratio: 0.1
    depth_of_discharge: 0.4
  Li-ion:
    cost: 141.84
    lifetime: 20.1012
    annual_cost: 7.056295146558415
    efficiency: 0.94984
    discharge_ratio: 2
    depth_of_discharge: 0.9
  Pb-acid:
    cost: 179.991
    lifetime: 10.5626
    annual_cost: 17.04040671804291
    efficiency: 0.714721
    discharge_ratio: 5
    depth_of_discharge: 0.5
  VRBF:
    cost: 381.431
    lifetime: 19.8304
    annual_cost: 19.23465991608843
    efficiency: 0.755817
    discharge_ratio: 0.5
    depth_of_discharge: 1.0
