cost_values:
  wind_capex: 5000.0
  wind_opex: 100
  wind_lifetime: 20
  solar_capex: 1000.0
  solar_opex: 10
  solar_lifetime: 20
  carbon_price: 1.0
timeseries_values:
  load_level: 246758.46858872188
  wind_year: 2012
  solar_year: 2013
  price_year: 2023
  carbon_year: 2023
storage_values:
  CAES:
    cost: 61.7996
    lifetime: 20.0772
    annual_cost: 3.078098539637001
    efficiency: 0.570571
    discharge_ratio: 0.1
    depth_of_discharge: 0.4
  Li-ion:
    cost: 140.009
    lifetime: 21.3418
    annual_cost: 6.560318248695049
    efficiency: 0.938438
    discharge_ratio: 2
    depth_of_discharge: 0.9
  Pb-acid:
    cost: 190.862
    lifetime: 12.2593
    annual_cost: 15.568751886323037
    efficiency: 0.712144
    discharge_ratio: 5
    depth_of_discharge: 0.5
  VRBF:
    cost: 393.385
    lifetime: 21.0888
    annual_cost: 18.653740374037405
    efficiency: 0.743839
    discharge_ratio: 0.5
    depth_of_discharge: 1.0
