cost_values:
  wind_capex: 5000.0
  wind_opex: 100
  wind_lifetime: 20
  solar_capex: 1000.0
  solar_opex: 10
  solar_lifetime: 20
  carbon_price: 1.0
timeseries_values:
  load_level: 246758.46858872188
  wind_year: 2012
  solar_year: 2013
  price_year: 2023
  carbon_year: 2023
storage_values:
  CAES:
    cost: 55.9164
    lifetime: 20.1621
    annual_cost: 2.773342062582767
    efficiency: 0.566747
    discharge_ratio: 0.1
    depth_of_discharge: 0.4
  Li-ion:
    cost: 155.745
    lifetime: 19.8664
    annual_cost: 7.8396186525993645
    efficiency: 0.939871
    discharge_ratio: 2
    depth_of_discharge: 0.9
  Pb-acid:
    cost: 165.328
    lifetime: 13.1682
    annual_cost: 12.555094849713704
    efficiency: 0.724319
    discharge_ratio: 5
    depth_of_discharge: 0.5
  VRBF:
    cost: 397.813
    lifetime: 20.0876
    annual_cost: 19.8039088791095
    efficiency: 0.723205
    discharge_ratio: 0.5
    depth_of_discharge: 1.0
