cost_values:
  wind_capex: 5000.0
  wind_opex: 100
  wind_lifetime: 20
  solar_capex: 1000.0
  solar_opex: 10
  solar_lifetime: 20
  carbon_price: 1.0
timeseries_values:
  load_level: 246758.46858872188
  wind_year: 2012
  solar_year: 2013
  price_year: 2023
  carbon_year: 2023
storage_values:
  CAES:
    cost: 66.8243
    lifetime: 20.7569
    annual_cost: 3.219377652732344
    efficiency: 0.563479
    discharge_ratio: 0.1
    depth_of_discharge: 0.4
  Li-ion:
    cost: 151.024
    lifetime: 19.2861
    annual_cost: 7.830717459724879
    efficiency: 0.924132
    discharge_ratio: 2
    depth_of_discharge: 0.9
  Pb-acid:
    cost: 184.112
    lifetime: 12.236
    annual_cost: 15.046747303040208
    efficiency: 0.731523
    discharge_ratio: 5
    depth_of_discharge: 0.5
  VRBF:
    cost: 387.341
    lifetime: 21.4446
    annual_cost: 18.062402656146535
    efficiency: 0.731967
    discharge_ratio: 0.5
    depth_of_discharge: 1.0
