cost_values:
  wind_capex: 5000.0
  wind_opex: 100
  wind_lifetime: 20
  solar_capex: 1000.0
  solar_opex: 10
  solar_lifetime: 20
  carbon_price: 1.0
timeseries_values:
  load_level: 246758.46858872188
  wind_year: 2012
  solar_year: 2013
  price_year: 2023
  carbon_year: 2023
storage_values:
  CAES:
    cost: 52.057
    lifetime: 20.3983
    annual_cost: 2.5520263943563926
    efficiency: 0.553008
    discharge_ratio: 0.1
    depth_of_discharge: 0.4
  Li-ion:
    cost: 163.434
    lifetime: 19.0975
    annual_cost: 8.557874067286294
    efficiency: 0.920552
    discharge_ratio: 2
    depth_of_discharge: 0.9
  Pb-acid:
    cost: 170.098
    lifetime: 11.4683
    annual_cost: 14.832015207136195
    efficiency: 0.716873
    discharge_ratio: 5
    depth_of_discharge: 0.5
  VRBF:
    cost: 380.069
    lifetime: 20.9954
    annual_cost: 18.10248911666365
    efficiency: 0.723181
    discharge_ratio: 0.5
    depth_of_discharge: 1.0
