cost_values:
  wind_capex: 5000.0
  wind_opex: 100
  wind_lifetime: 20
  solar_capex: 1000.0
  solar_opex: 10
  solar_lifetime: 20
  carbon_price: 1.0
timeseries_values:
  load_level: 246758.46858872188
  wind_year: 2012
  solar_year: 2013
  price_year: 2023
  carbon_year: 2023
storage_values:
  CAES:
    cost: 55.7178
    lifetime: 20.0158
    annual_cost: 2.783690884201481
    efficiency: 0.563092
    discharge_ratio: 0.1
    depth_of_discharge: 0.4
  Li-ion:
    cost: 152.021
    lifetime: 20.0427
    annual_cost: 7.584856331731752
    efficiency: 0.946413
    discharge_ratio: 2
    depth_of_discharge: 0.9
  Pb-acid:
    cost: 175.063
    lifetime: 11.2863
    annual_cost: 15.51110638561796
    efficiency: 0.72617
    discharge_ratio: 5
    depth_of_discharge: 0.5
  VRBF:
    cost: 391.658
    lifetime: 21.3008
    annual_cost: 18.387008938631414
    efficiency: 0.73918
    discharge_ratio: 0.5
    depth_of_discharge: 1.0
