cost_values:
  wind_capex: 5000.0
  wind_opex: 100
  wind_lifetime: 20
  solar_capex: 1000.0
  solar_opex: 10
  solar_lifetime: 20
  carbon_price: 1.0
timeseries_values:
  load_level: 246758.46858872188
  wind_year: 2012
  solar_year: 2013
  price_year: 2023
  carbon_year: 2023
storage_values:
  CAES:
    cost: 59.7495
    lifetime: 20.3829
    annual_cost: 2.9313542233931384
    efficiency: 0.556492
    discharge_ratio: 0.1
    depth_of_discharge: 0.4
  Li-ion:
    cost: 158.963
    lifetime: 20.1394
    annual_cost: 7.89313485009484
    efficiency: 0.940192
    discharge_ratio: 2
    depth_of_discharge: 0.9
  Pb-acid:
    cost: 177.105
    lifetime: 12.4815
    annual_cost: 14.189400312462443
    efficiency: 0.720602
    discharge_ratio: 5
    depth_of_discharge: 0.5
  VRBF:
    cost: 398.115
    lifetime: 21.8743
    annual_cost: 18.200125261151214
    efficiency: 0.734778
    discharge_ratio: 0.5
    depth_of_discharge: 1.0
