cost_values:
  wind_capex: 5000.0
  wind_opex: 100
  wind_lifetime: 20
  solar_capex: 1000.0
  solar_opex: 10
  solar_lifetime: 20
  carbon_price: 1.0
timeseries_values:
  load_level: 246758.46858872188
  wind_year: 2012
  solar_year: 2013
  price_year: 2023
  carbon_year: 2023
storage_values:
  CAES:
    cost: 63.2635
    lifetime: 20.2964
    annual_cost: 3.116981336591711
    efficiency: 0.556511
    discharge_ratio: 0.1
    depth_of_discharge: 0.4
  Li-ion:
    cost: 147.665
    lifetime: 16.8258
    annual_cost: 8.776105742371833
    efficiency: 0.948763
    discharge_ratio: 2
    depth_of_discharge: 0.9
  Pb-acid:
    cost: 184.472
    lifetime: 12.348
    annual_cost: 14.93942338840298
    efficiency: 0.729923
    discharge_ratio: 5
    depth_of_discharge: 0.5
  VRBF:
    cost: 399.634
    lifetime: 21.231
    annual_cost: 18.823135980406008
    efficiency: 0.731071
    discharge_ratio: 0.5
    depth_of_discharge: 1.0
