cost_values:
  wind_capex: 5000.0
  wind_opex: 100
  wind_lifetime: 20
  solar_capex: 1000.0
  solar_opex: 10
  solar_lifetime: 20
  carbon_price: 1.0
timeseries_values:
  load_level: 246758.46858872188
  wind_year: 2012
  solar_year: 2013
  price_year: 2023
  carbon_year: 2023
storage_values:
  CAES:
    cost: 55.7913
    lifetime: 20.2537
    annual_cost: 2.7546226121646913
    efficiency: 0.568762
    discharge_ratio: 0.1
    depth_of_discharge: 0.4
  Li-ion:
    cost: 153.543
    lifetime: 20.7568
    annual_cost: 7.397238495336469
    efficiency: 0.948238
    discharge_ratio: 2
    depth_of_discharge: 0.9
  Pb-acid:
    cost: 173.947
    lifetime: 13.1034
    annual_cost: 13.274951539295145
    efficiency: 0.726862
    discharge_ratio: 5
    depth_of_discharge: 0.5
  VRBF:
    cost: 398.469
    lifetime: 21.9052
    annual_cost: 18.190612274711025
    efficiency: 0.729643
    discharge_ratio: 0.5
    depth_of_discharge: 1.0
