cost_values:
  wind_capex: 5000.0
  wind_opex: 100
  wind_lifetime: 20
  solar_capex: 1000.0
  solar_opex: 10
  solar_lifetime: 20
  carbon_price: 1.0
timeseries_values:
  load_level: 246758.46858872188
  wind_year: 2012
  solar_year: 2013
  price_year: 2023
  carbon_year: 2023
storage_values:
  CAES:
    cost: 61.3768
    lifetime: 20.1073
    annual_cost: 3.052463533144679
    efficiency: 0.559291
    discharge_ratio: 0.1
    depth_of_discharge: 0.4
  Li-ion:
    cost: 138.344
    lifetime: 20.5136
    annual_cost: 6.744013727478356
    efficiency: 0.943804
    discharge_ratio: 2
    depth_of_discharge: 0.9
  Pb-acid:
    cost: 177.38
    lifetime: 12.2369
    annual_cost: 14.495501311606697
    efficiency: 0.712025
    discharge_ratio: 5
    depth_of_discharge: 0.5
  VRBF:
    cost: 380.289
    lifetime: 20.0639
    annual_cost: 18.95389231405659
    efficiency: 0.72625
    discharge_ratio: 0.5
    depth_of_discharge: 1.0
