cost_values:
  wind_capex: 5000.0
  wind_opex: 100
  wind_lifetime: 20
  solar_capex: 1000.0
  solar_opex: 10
  solar_lifetime: 20
  carbon_price: 1.0
timeseries_values:
  load_level: 249582.81453812067
  wind_year: 2014
  solar_year: 2014
  price_year: 2023
  carbon_year: 2023
storage_values:
  CAES:
    cost: 50.5444
    lifetime: 25.039
    annual_cost: 2.018626941970526
    efficiency: 0.598011
    discharge_ratio: 0.1
    depth_of_discharge: 0.4
  Li-ion:
    cost: 216.564
    lifetime: 24.041
    annual_cost: 9.00811114346325
    efficiency: 0.956634
    discharge_ratio: 2
    depth_of_discharge: 0.9
  Pb-acid:
    cost: 90.6382
    lifetime: 12.0514
    annual_cost: 7.520968518180461
    efficiency: 0.658056
    discharge_ratio: 5
    depth_of_discharge: 0.5
  VRBF:
    cost: 267.576
    lifetime: 17.3113
    annual_cost: 15.456724798253166
    efficiency: 0.810682
    discharge_ratio: 0.5
    depth_of_discharge: 1.0
