cost_values:
  wind_capex: 5000.0
  wind_opex: 100
  wind_lifetime: 20
  solar_capex: 1000.0
  solar_opex: 10
  solar_lifetime: 20
  carbon_price: 1.0
timeseries_values:
  load_level: 249582.81453812067
  wind_year: 2014
  solar_year: 2014
  price_year: 2023
  carbon_year: 2023
storage_values:
  CAES:
    cost: 51.7205
    lifetime: 23.9957
    annual_cost: 2.1554070104227008
    efficiency: 0.593414
    discharge_ratio: 0.1
    depth_of_discharge: 0.4
  Li-ion:
    cost: 240.024
    lifetime: 27.0261
    annual_cost: 8.881192624907035
    efficiency: 0.966682
    discharge_ratio: 2
    depth_of_discharge: 0.9
  Pb-acid:
    cost: 98.7867
    lifetime: 15.0593
    annual_cost: 6.559846739224266
    efficiency: 0.693189
    discharge_ratio: 5
    depth_of_discharge: 0.5
  VRBF:
    cost: 267.82
    lifetime: 18.5744
    annual_cost: 14.41876991988974
    efficiency: 0.809954
    discharge_ratio: 0.5
    depth_of_discharge: 1.0
