cost_values:
  wind_capex: 5000.0
  wind_opex: 100
  wind_lifetime: 20
  solar_capex: 1000.0
  solar_opex: 10
  solar_lifetime: 20
  carbon_price: 1.0
timeseries_values:
  load_level: 249582.81453812067
  wind_year: 2014
  solar_year: 2014
  price_year: 2023
  carbon_year: 2023
storage_values:
  CAES:
    cost: 51.4451
    lifetime: 24.1953
    annual_cost: 2.126243526635338
    efficiency: 0.597877
    discharge_ratio: 0.1
    depth_of_discharge: 0.4
  Li-ion:
    cost: 222.146
    lifetime: 24.7168
    annual_cost: 8.9876521232522
    efficiency: 0.961911
    discharge_ratio: 2
    depth_of_discharge: 0.9
  Pb-acid:
    cost: 100.065
    lifetime: 14.751
    annual_cost: 6.783607890990441
    efficiency: 0.672026
    discharge_ratio: 5
    depth_of_discharge: 0.5
  VRBF:
    cost: 275.385
    lifetime: 18.4281
    annual_cost: 14.94375437511192
    efficiency: 0.802741
    discharge_ratio: 0.5
    depth_of_discharge: 1.0
