cost_values:
  wind_capex: 5000.0
  wind_opex: 100
  wind_lifetime: 20
  solar_capex: 1000.0
  solar_opex: 10
  solar_lifetime: 20
  carbon_price: 1.0
timeseries_values:
  load_level: 249582.81453812067
  wind_year: 2014
  solar_year: 2014
  price_year: 2023
  carbon_year: 2023
storage_values:
  CAES:
    cost: 47.8616
    lifetime: 24.9014
    annual_cost: 1.922044543680275
    efficiency: 0.597862
    discharge_ratio: 0.1
    depth_of_discharge: 0.4
  Li-ion:
    cost: 239.327
    lifetime: 28.3513
    annual_cost: 8.441482401159735
    efficiency: 0.947649
    discharge_ratio: 2
    depth_of_discharge: 0.9
  Pb-acid:
    cost: 105.969
    lifetime: 12.293
    annual_cost: 8.620271699341089
    efficiency: 0.666334
    discharge_ratio: 5
    depth_of_discharge: 0.5
  VRBF:
    cost: 277.136
    lifetime: 18.3366
    annual_cost: 15.113816083679636
    efficiency: 0.813693
    discharge_ratio: 0.5
    depth_of_discharge: 1.0
