cost_values:
  wind_capex: 5000.0
  wind_opex: 100
  wind_lifetime: 20
  solar_capex: 1000.0
  solar_opex: 10
  solar_lifetime: 20
  carbon_price: 1.0
timeseries_values:
  load_level: 249582.81453812067
  wind_year: 2014
  solar_year: 2014
  price_year: 2023
  carbon_year: 2023
storage_values:
  CAES:
    cost: 51.4032
    lifetime: 23.7587
    annual_cost: 2.1635527196353332
    efficiency: 0.589462
    discharge_ratio: 0.1
    depth_of_discharge: 0.4
  Li-ion:
    cost: 232.83
    lifetime: 26.6702
    annual_cost: 8.729968279203005
    efficiency: 0.955781
    discharge_ratio: 2
    depth_of_discharge: 0.9
  Pb-acid:
    cost: 96.3197
    lifetime: 13.2097
    annual_cost: 7.291588756746936
    efficiency: 0.658322
    discharge_ratio: 5
    depth_of_discharge: 0.5
  VRBF:
    cost: 325.988
    lifetime: 18.1165
    annual_cost: 17.993983385311733
    efficiency: 0.798145
    discharge_ratio: 0.5
    depth_of_discharge: 1.0
