cost_values:
  wind_capex: 5000.0
  wind_opex: 100
  wind_lifetime: 20
  solar_capex: 1000.0
  solar_opex: 10
  solar_lifetime: 20
  carbon_price: 1.0
timeseries_values:
  load_level: 249582.81453812067
  wind_year: 2014
  solar_year: 2014
  price_year: 2023
  carbon_year: 2023
storage_values:
  CAES:
    cost: 49.9083
    lifetime: 24.8589
    annual_cost: 2.00766325139085
    efficiency: 0.602591
    discharge_ratio: 0.1
    depth_of_discharge: 0.4
  Li-ion:
    cost: 246.027
    lifetime: 26.7647
    annual_cost: 9.192219602685626
    efficiency: 0.955347
    discharge_ratio: 2
    depth_of_discharge: 0.9
  Pb-acid:
    cost: 101.179
    lifetime: 13.5326
    annual_cost: 7.476685928794171
    efficiency: 0.670116
    discharge_ratio: 5
    depth_of_discharge: 0.5
  VRBF:
    cost: 305.265
    lifetime: 19.7859
    annual_cost: 15.428411141267263
    efficiency: 0.789413
    discharge_ratio: 0.5
    depth_of_discharge: 1.0
