cost_values:
  wind_capex: 5000.0
  wind_opex: 100
  wind_lifetime: 20
  solar_capex: 1000.0
  solar_opex: 10
  solar_lifetime: 20
  carbon_price: 1.0
timeseries_values:
  load_level: 249582.81453812067
  wind_year: 2014
  solar_year: 2014
  price_year: 2023
  carbon_year: 2023
storage_values:
  CAES:
    cost: 45.1937
    lifetime: 24.8111
    annual_cost: 1.8215113396826421
    efficiency: 0.591888
    discharge_ratio: 0.1
    depth_of_discharge: 0.4
  Li-ion:
    cost: 236.251
    lifetime: 27.4377
    annual_cost: 8.610452042263018
    efficiency: 0.963756
    discharge_ratio: 2
    depth_of_discharge: 0.9
  Pb-acid:
    cost: 96.2407
    lifetime: 13.4222
    annual_cost: 7.170262699110429
    efficiency: 0.683719
    discharge_ratio: 5
    depth_of_discharge: 0.5
  VRBF:
    cost: 266.674
    lifetime: 19.1872
    annual_cost: 13.898536524349565
    efficiency: 0.803982
    discharge_ratio: 0.5
    depth_of_discharge: 1.0
