cost_values:
  wind_capex: 5000.0
  wind_opex: 100
  wind_lifetime: 20
  solar_capex: 1000.0
  solar_opex: 10
  solar_lifetime: 20
  carbon_price: 1.0
timeseries_values:
  load_level: 249582.81453812067
  wind_year: 2014
  solar_year: 2014
  price_year: 2023
  carbon_year: 2023
storage_values:
  CAES:
    cost: 42.99
    lifetime: 25.2493
    annual_cost: 1.7026214588127195
    efficiency: 0.585255
    discharge_ratio: 0.1
    depth_of_discharge: 0.4
  Li-ion:
    cost: 231.633
    lifetime: 26.3612
    annual_cost: 8.786891340303173
    efficiency: 0.940657
    discharge_ratio: 2
    depth_of_discharge: 0.9
  Pb-acid:
    cost: 116.117
    lifetime: 12.737
    annual_cost: 9.116510952343566
    efficiency: 0.681185
    discharge_ratio: 5
    depth_of_discharge: 0.5
  VRBF:
    cost: 255.296
    lifetime: 21.1648
    annual_cost: 12.062292107650439
    efficiency: 0.79258
    discharge_ratio: 0.5
    depth_of_discharge: 1.0
