cost_values:
  wind_capex: 5000.0
  wind_opex: 100
  wind_lifetime: 20
  solar_capex: 1000.0
  solar_opex: 10
  solar_lifetime: 20
  carbon_price: 1.0
timeseries_values:
  load_level: 249582.81453812067
  wind_year: 2014
  solar_year: 2014
  price_year: 2023
  carbon_year: 2023
storage_values:
  CAES:
    cost: 54.4573
    lifetime: 24.075
    annual_cost: 2.2619854620976114
    efficiency: 0.597464
    discharge_ratio: 0.1
    depth_of_discharge: 0.4
  Li-ion:
    cost: 229.856
    lifetime: 23.1002
    annual_cost: 9.950390039913074
    efficiency: 0.950427
    discharge_ratio: 2
    depth_of_discharge: 0.9
  Pb-acid:
    cost: 95.4275
    lifetime: 14.102
    annual_cost: 6.766947950645298
    efficiency: 0.688155
    discharge_ratio: 5
    depth_of_discharge: 0.5
  VRBF:
    cost: 261.08
    lifetime: 18.8366
    annual_cost: 13.860250788358831
    efficiency: 0.802278
    discharge_ratio: 0.5
    depth_of_discharge: 1.0
