cost_values:
  wind_capex: 5000.0
  wind_opex: 100
  wind_lifetime: 20
  solar_capex: 1000.0
  solar_opex: 10
  solar_lifetime: 20
  carbon_price: 1.0
timeseries_values:
  load_level: 249582.81453812067
  wind_year: 2014
  solar_year: 2014
  price_year: 2023
  carbon_year: 2023
storage_values:
  CAES:
    cost: 48.9011
    lifetime: 26.2698
    annual_cost: 1.8614949485721246
    efficiency: 0.584961
    discharge_ratio: 0.1
    depth_of_discharge: 0.4
  Li-ion:
    cost: 216.777
    lifetime: 25.6521
    annual_cost: 8.450653162898943
    efficiency: 0.958486
    discharge_ratio: 2
    depth_of_discharge: 0.9
  Pb-acid:
    cost: 89.4613
    lifetime: 13.5866
    annual_cost: 6.584524457921775
    efficiency: 0.66495
    discharge_ratio: 5
    depth_of_discharge: 0.5
  VRBF:
    cost: 262.051
    lifetime: 17.289
    annual_cost: 15.157094106079008
    efficiency: 0.812605
    discharge_ratio: 0.5
    depth_of_discharge: 1.0
