cost_values:
  wind_capex: 5000.0
  wind_opex: 100
  wind_lifetime: 20
  solar_capex: 1000.0
  solar_opex: 10
  solar_lifetime: 20
  carbon_price: 1.0
timeseries_values:
  load_level: 249582.81453812067
  wind_year: 2014
  solar_year: 2014
  price_year: 2023
  carbon_year: 2023
storage_values:
  CAES:
    cost: 52.715
    lifetime: 24.6464
    annual_cost: 2.138851921578811
    efficiency: 0.606854
    discharge_ratio: 0.1
    depth_of_discharge: 0.4
  Li-ion:
    cost: 226.356
    lifetime: 24.8188
    annual_cost: 9.12034425516141
    efficiency: 0.962543
    discharge_ratio: 2
    depth_of_discharge: 0.9
  Pb-acid:
    cost: 81.9298
    lifetime: 13.7385
    annual_cost: 5.96351857917531
    efficiency: 0.666403
    discharge_ratio: 5
    depth_of_discharge: 0.5
  VRBF:
    cost: 245.332
    lifetime: 17.5792
    annual_cost: 13.955811413488668
    efficiency: 0.810812
    discharge_ratio: 0.5
    depth_of_discharge: 1.0
