cost_values:
  wind_capex: 5000.0
  wind_opex: 100
  wind_lifetime: 20
  solar_capex: 1000.0
  solar_opex: 10
  solar_lifetime: 20
  carbon_price: 1.0
timeseries_values:
  load_level: 249582.81453812067
  wind_year: 2014
  solar_year: 2014
  price_year: 2023
  carbon_year: 2023
storage_values:
  CAES:
    cost: 48.7749
    lifetime: 24.3466
    annual_cost: 2.0033557046979866
    efficiency: 0.599007
    discharge_ratio: 0.1
    depth_of_discharge: 0.4
  Li-ion:
    cost: 243.815
    lifetime: 24.6299
    annual_cost: 9.899146971770085
    efficiency: 0.9367
    discharge_ratio: 2
    depth_of_discharge: 0.9
  Pb-acid:
    cost: 87.8027
    lifetime: 12.8576
    annual_cost: 6.828856085116974
    efficiency: 0.68478
    discharge_ratio: 5
    depth_of_discharge: 0.5
  VRBF:
    cost: 263.716
    lifetime: 19.1972
    annual_cost: 13.737211676702854
    efficiency: 0.798171
    discharge_ratio: 0.5
    depth_of_discharge: 1.0
