cost_values:
  wind_capex: 5000.0
  wind_opex: 100
  wind_lifetime: 20
  solar_capex: 1000.0
  solar_opex: 10
  solar_lifetime: 20
  carbon_price: 1.0
timeseries_values:
  load_level: 249582.81453812067
  wind_year: 2014
  solar_year: 2014
  price_year: 2023
  carbon_year: 2023
storage_values:
  CAES:
    cost: 43.533
    lifetime: 25.0511
    annual_cost: 1.737768002203496
    efficiency: 0.590599
    discharge_ratio: 0.1
    depth_of_discharge: 0.4
  Li-ion:
    cost: 251.84
    lifetime: 26.3404
    annual_cost: 9.560978572838682
    efficiency: 0.952751
    discharge_ratio: 2
    depth_of_discharge: 0.9
  Pb-acid:
    cost: 102.309
    lifetime: 13.0701
    annual_cost: 7.827713636467968
    efficiency: 0.658411
    discharge_ratio: 5
    depth_of_discharge: 0.5
  VRBF:
    cost: 249.608
    lifetime: 16.6634
    annual_cost: 14.979415965529245
    efficiency: 0.783691
    discharge_ratio: 0.5
    depth_of_discharge: 1.0
