cost_values:
  wind_capex: 5000.0
  wind_opex: 100
  wind_lifetime: 20
  solar_capex: 1000.0
  solar_opex: 10
  solar_lifetime: 20
  carbon_price: 1.0
timeseries_values:
  load_level: 249582.81453812067
  wind_year: 2014
  solar_year: 2014
  price_year: 2023
  carbon_year: 2023
storage_values:
  CAES:
    cost: 54.3851
    lifetime: 24.5742
    annual_cost: 2.213097476214892
    efficiency: 0.599302
    discharge_ratio: 0.1
    depth_of_discharge: 0.4
  Li-ion:
    cost: 221.526
    lifetime: 24.8204
    annual_cost: 8.925158337496576
    efficiency: 0.954281
    discharge_ratio: 2
    depth_of_discharge: 0.9
  Pb-acid:
    cost: 84.4209
    lifetime: 11.0095
    annual_cost: 7.668004904854899
    efficiency: 0.678108
    discharge_ratio: 5
    depth_of_discharge: 0.5
  VRBF:
    cost: 256.868
    lifetime: 19.5302
    annual_cost: 13.152348670264512
    efficiency: 0.80736
    discharge_ratio: 0.5
    depth_of_discharge: 1.0
