cost_values:
  wind_capex: 5000.0
  wind_opex: 100
  wind_lifetime: 20
  solar_capex: 1000.0
  solar_opex: 10
  solar_lifetime: 20
  carbon_price: 1.0
timeseries_values:
  load_level: 249582.81453812067
  wind_year: 2014
  solar_year: 2014
  price_year: 2023
  carbon_year: 2023
storage_values:
  CAES:
    cost: 46.3737
    lifetime: 24.1476
    annual_cost: 1.9204268747204691
    efficiency: 0.600373
    discharge_ratio: 0.1
    depth_of_discharge: 0.4
  Li-ion:
    cost: 219.733
    lifetime: 26.3891
    annual_cost: 8.326657597265537
    efficiency: 0.944343
    discharge_ratio: 2
    depth_of_discharge: 0.9
  Pb-acid:
    cost: 94.6222
    lifetime: 14.4967
    annual_cost: 6.527154455841674
    efficiency: 0.673668
    discharge_ratio: 5
    depth_of_discharge: 0.5
  VRBF:
    cost: 248.839
    lifetime: 19.3181
    annual_cost: 12.881132202442268
    efficiency: 0.803033
    discharge_ratio: 0.5
    depth_of_discharge: 1.0
