cost_values:
  wind_capex: 5000.0
  wind_opex: 100
  wind_lifetime: 20
  solar_capex: 1000.0
  solar_opex: 10
  solar_lifetime: 20
  carbon_price: 1.0
timeseries_values:
  load_level: 249582.81453812067
  wind_year: 2014
  solar_year: 2014
  price_year: 2023
  carbon_year: 2023
storage_values:
  CAES:
    cost: 42.1775
    lifetime: 25.2712
    annual_cost: 1.668994745006173
    efficiency: 0.593772
    discharge_ratio: 0.1
    depth_of_discharge: 0.4
  Li-ion:
    cost: 220.792
    lifetime: 25.9504
    annual_cost: 8.508231086996734
    efficiency: 0.939899
    discharge_ratio: 2
    depth_of_discharge: 0.9
  Pb-acid:
    cost: 91.9789
    lifetime: 15.2185
    annual_cost: 6.043887373919899
    efficiency: 0.669122
    discharge_ratio: 5
    depth_of_discharge: 0.5
  VRBF:
    cost: 255.196
    lifetime: 19.6653
    annual_cost: 12.976969586022081
    efficiency: 0.797597
    discharge_ratio: 0.5
    depth_of_discharge: 1.0
