cost_values:
  wind_capex: 5000.0
  wind_opex: 100
  wind_lifetime: 20
  solar_capex: 1000.0
  solar_opex: 10
  solar_lifetime: 20
  carbon_price: 1.0
timeseries_values:
  load_level: 249582.81453812067
  wind_year: 2014
  solar_year: 2014
  price_year: 2023
  carbon_year: 2023
storage_values:
  CAES:
    cost: 52.1597
    lifetime: 23.4999
    annual_cost: 2.2195711471112642
    efficiency: 0.592043
    discharge_ratio: 0.1
    depth_of_discharge: 0.4
  Li-ion:
    cost: 226.764
    lifetime: 25.5421
    annual_cost: 8.878048398526355
    efficiency: 0.932983
    discharge_ratio: 2
    depth_of_discharge: 0.9
  Pb-acid:
    cost: 106.666
    lifetime: 14.1265
    annual_cost: 7.550773369199731
    efficiency: 0.657651
    discharge_ratio: 5
    depth_of_discharge: 0.5
  VRBF:
    cost: 273.585
    lifetime: 18.3007
    annual_cost: 14.949428163950012
    efficiency: 0.806915
    discharge_ratio: 0.5
    depth_of_discharge: 1.0
