cost_values:
  wind_capex: 5000.0
  wind_opex: 100
  wind_lifetime: 20
  solar_capex: 1000.0
  solar_opex: 10
  solar_lifetime: 20
  carbon_price: 1.0
timeseries_values:
  load_level: 249582.81453812067
  wind_year: 2014
  solar_year: 2014
  price_year: 2023
  carbon_year: 2023
storage_values:
  CAES:
    cost: 49.385
    lifetime: 23.6908
    annual_cost: 2.0845644722845997
    efficiency: 0.601521
    discharge_ratio: 0.1
    depth_of_discharge: 0.4
  Li-ion:
    cost: 231.037
    lifetime: 23.1148
    annual_cost: 9.995197881876548
    efficiency: 0.941626
    discharge_ratio: 2
    depth_of_discharge: 0.9
  Pb-acid:
    cost: 114.116
    lifetime: 13.4635
    annual_cost: 8.475953503918001
    efficiency: 0.681062
    discharge_ratio: 5
    depth_of_discharge: 0.5
  VRBF:
    cost: 264.768
    lifetime: 17.2283
    annual_cost: 15.368202318278644
    efficiency: 0.812702
    discharge_ratio: 0.5
    depth_of_discharge: 1.0
