cost_values:
  wind_capex: 5000.0
  wind_opex: 100
  wind_lifetime: 20
  solar_capex: 1000.0
  solar_opex: 10
  solar_lifetime: 20
  carbon_price: 1.0
timeseries_values:
  load_level: 249582.81453812067
  wind_year: 2014
  solar_year: 2014
  price_year: 2023
  carbon_year: 2023
storage_values:
  CAES:
    cost: 47.6014
    lifetime: 23.508
    annual_cost: 2.0249021609664797
    efficiency: 0.594193
    discharge_ratio: 0.1
    depth_of_discharge: 0.4
  Li-ion:
    cost: 209.311
    lifetime: 25.156
    annual_cost: 8.320519955477819
    efficiency: 0.925987
    discharge_ratio: 2
    depth_of_discharge: 0.9
  Pb-acid:
    cost: 107.37
    lifetime: 13.1323
    annual_cost: 8.176024001888473
    efficiency: 0.663879
    discharge_ratio: 5
    depth_of_discharge: 0.5
  VRBF:
    cost: 263.856
    lifetime: 17.5312
    annual_cost: 15.050652550880717
    efficiency: 0.809765
    discharge_ratio: 0.5
    depth_of_discharge: 1.0
