cost_values:
  wind_capex: 5000.0
  wind_opex: 100
  wind_lifetime: 20
  solar_capex: 1000.0
  solar_opex: 10
  solar_lifetime: 20
  carbon_price: 1.0
timeseries_values:
  load_level: 249582.81453812067
  wind_year: 2014
  solar_year: 2014
  price_year: 2023
  carbon_year: 2023
storage_values:
  CAES:
    cost: 47.6895
    lifetime: 24.2762
    annual_cost: 1.9644548982130647
    efficiency: 0.605333
    discharge_ratio: 0.1
    depth_of_discharge: 0.4
  Li-ion:
    cost: 230.818
    lifetime: 22.818
    annual_cost: 10.115610482952055
    efficiency: 0.937168
    discharge_ratio: 2
    depth_of_discharge: 0.9
  Pb-acid:
    cost: 88.4127
    lifetime: 14.2539
    annual_cost: 6.202702418285522
    efficiency: 0.673373
    discharge_ratio: 5
    depth_of_discharge: 0.5
  VRBF:
    cost: 257.965
    lifetime: 18.7879
    annual_cost: 13.73037965924877
    efficiency: 0.822334
    discharge_ratio: 0.5
    depth_of_discharge: 1.0
