cost_values:
  wind_capex: 5000.0
  wind_opex: 100
  wind_lifetime: 20
  solar_capex: 1000.0
  solar_opex: 10
  solar_lifetime: 20
  carbon_price: 1.0
timeseries_values:
  load_level: 249582.81453812067
  wind_year: 2014
  solar_year: 2014
  price_year: 2023
  carbon_year: 2023
storage_values:
  CAES:
    cost: 54.4643
    lifetime: 25.6137
    annual_cost: 2.1263737765336517
    efficiency: 0.59184
    discharge_ratio: 0.1
    depth_of_discharge: 0.4
  Li-ion:
    cost: 217.322
    lifetime: 25.7359
    annual_cost: 8.444313196740739
    efficiency: 0.945669
    discharge_ratio: 2
    depth_of_discharge: 0.9
  Pb-acid:
    cost: 90.1752
    lifetime: 13.1859
    annual_cost: 6.838759584101199
    efficiency: 0.663328
    discharge_ratio: 5
    depth_of_discharge: 0.5
  VRBF:
    cost: 251.394
    lifetime: 17.9992
    annual_cost: 13.966954086848306
    efficiency: 0.807454
    discharge_ratio: 0.5
    depth_of_discharge: 1.0
