cost_values:
  wind_capex: 5000.0
  wind_opex: 100
  wind_lifetime: 20
  solar_capex: 1000.0
  solar_opex: 10
  solar_lifetime: 20
  carbon_price: 1.0
timeseries_values:
  load_level: 249582.81453812067
  wind_year: 2014
  solar_year: 2014
  price_year: 2023
  carbon_year: 2023
storage_values:
  CAES:
    cost: 53.9595
    lifetime: 26.0857
    annual_cost: 2.068547135020337
    efficiency: 0.593769
    discharge_ratio: 0.1
    depth_of_discharge: 0.4
  Li-ion:
    cost: 249.881
    lifetime: 23.3834
    annual_cost: 10.686256061992696
    efficiency: 0.946684
    discharge_ratio: 2
    depth_of_discharge: 0.9
  Pb-acid:
    cost: 101.935
    lifetime: 11.8111
    annual_cost: 8.630440856482462
    efficiency: 0.660499
    discharge_ratio: 5
    depth_of_discharge: 0.5
  VRBF:
    cost: 280.446
    lifetime: 18.9129
    annual_cost: 14.828291800834352
    efficiency: 0.80303
    discharge_ratio: 0.5
    depth_of_discharge: 1.0
