cost_values:
  wind_capex: 5000.0
  wind_opex: 100
  wind_lifetime: 20
  solar_capex: 1000.0
  solar_opex: 10
  solar_lifetime: 20
  carbon_price: 1.0
timeseries_values:
  load_level: 249582.81453812067
  wind_year: 2014
  solar_year: 2014
  price_year: 2023
  carbon_year: 2023
storage_values:
  CAES:
    cost: 51.4695
    lifetime: 25.2227
    annual_cost: 2.0406023145817063
    efficiency: 0.602521
    discharge_ratio: 0.1
    depth_of_discharge: 0.4
  Li-ion:
    cost: 233.489
    lifetime: 26.9601
    annual_cost: 8.660539092955887
    efficiency: 0.938271
    discharge_ratio: 2
    depth_of_discharge: 0.9
  Pb-acid:
    cost: 111.321
    lifetime: 13.7993
    annual_cost: 8.067148333611124
    efficiency: 0.675381
    discharge_ratio: 5
    depth_of_discharge: 0.5
  VRBF:
    cost: 259.172
    lifetime: 18.0187
    annual_cost: 14.38350158446503
    efficiency: 0.789727
    discharge_ratio: 0.5
    depth_of_discharge: 1.0
