cost_values:
  wind_capex: 5000.0
  wind_opex: 100
  wind_lifetime: 20
  solar_capex: 1000.0
  solar_opex: 10
  solar_lifetime: 20
  carbon_price: 1.0
timeseries_values:
  load_level: 249582.81453812067
  wind_year: 2014
  solar_year: 2014
  price_year: 2023
  carbon_year: 2023
storage_values:
  CAES:
    cost: 51.7326
    lifetime: 25.0423
    annual_cost: 2.0658086517612197
    efficiency: 0.596168
    discharge_ratio: 0.1
    depth_of_discharge: 0.4
  Li-ion:
    cost: 240.672
    lifetime: 25.0012
    annual_cost: 9.626417931939267
    efficiency: 0.948769
    discharge_ratio: 2
    depth_of_discharge: 0.9
  Pb-acid:
    cost: 108.852
    lifetime: 12.7252
    annual_cost: 8.554050231037627
    efficiency: 0.691593
    discharge_ratio: 5
    depth_of_discharge: 0.5
  VRBF:
    cost: 264.178
    lifetime: 19.0015
    annual_cost: 13.903007657290214
    efficiency: 0.794585
    discharge_ratio: 0.5
    depth_of_discharge: 1.0
