cost_values:
  wind_capex: 5000.0
  wind_opex: 100
  wind_lifetime: 20
  solar_capex: 1000.0
  solar_opex: 10
  solar_lifetime: 20
  carbon_price: 1.0
timeseries_values:
  load_level: 249582.81453812067
  wind_year: 2014
  solar_year: 2014
  price_year: 2023
  carbon_year: 2023
storage_values:
  CAES:
    cost: 51.3077
    lifetime: 25.6392
    annual_cost: 2.0011427813660334
    efficiency: 0.600832
    discharge_ratio: 0.1
    depth_of_discharge: 0.4
  Li-ion:
    cost: 223.911
    lifetime: 25.161
    annual_cost: 8.8991296053416
    efficiency: 0.937196
    discharge_ratio: 2
    depth_of_discharge: 0.9
  Pb-acid:
    cost: 100.637
    lifetime: 13.7465
    annual_cost: 7.320918051867748
    efficiency: 0.661777
    discharge_ratio: 5
    depth_of_discharge: 0.5
  VRBF:
    cost: 280.97
    lifetime: 18.2516
    annual_cost: 15.394266804006225
    efficiency: 0.793568
    discharge_ratio: 0.5
    depth_of_discharge: 1.0
