cost_values:
  wind_capex: 5000.0
  wind_opex: 100
  wind_lifetime: 20
  solar_capex: 1000.0
  solar_opex: 10
  solar_lifetime: 20
  carbon_price: 1.0
timeseries_values:
  load_level: 249582.81453812067
  wind_year: 2014
  solar_year: 2014
  price_year: 2023
  carbon_year: 2023
storage_values:
  CAES:
    cost: 53.9477
    lifetime: 24.9705
    annual_cost: 2.1604573396607996
    efficiency: 0.593935
    discharge_ratio: 0.1
    depth_of_discharge: 0.4
  Li-ion:
    cost: 230.593
    lifetime: 23.0597
    annual_cost: 9.999826537205601
    efficiency: 0.93279
    discharge_ratio: 2
    depth_of_discharge: 0.9
  Pb-acid:
    cost: 103.773
    lifetime: 13.9983
    annual_cost: 7.413257324103641
    efficiency: 0.660387
    discharge_ratio: 5
    depth_of_discharge: 0.5
  VRBF:
    cost: 276.37
    lifetime: 18.5408
    annual_cost: 14.90604504659993
    efficiency: 0.782287
    discharge_ratio: 0.5
    depth_of_discharge: 1.0
