cost_values:
  wind_capex: 5000.0
  wind_opex: 100
  wind_lifetime: 20
  solar_capex: 1000.0
  solar_opex: 10
  solar_lifetime: 20
  carbon_price: 1.0
timeseries_values:
  load_level: 249582.81453812067
  wind_year: 2014
  solar_year: 2014
  price_year: 2023
  carbon_year: 2023
storage_values:
  CAES:
    cost: 52.7346
    lifetime: 24.865
    annual_cost: 2.1208365171928416
    efficiency: 0.598506
    discharge_ratio: 0.1
    depth_of_discharge: 0.4
  Li-ion:
    cost: 219.813
    lifetime: 25.4937
    annual_cost: 8.622247849468692
    efficiency: 0.954294
    discharge_ratio: 2
    depth_of_discharge: 0.9
  Pb-acid:
    cost: 102.963
    lifetime: 12.6781
    annual_cost: 8.121327328227414
    efficiency: 0.675866
    discharge_ratio: 5
    depth_of_discharge: 0.5
  VRBF:
    cost: 286.563
    lifetime: 21.0296
    annual_cost: 13.626650055160345
    efficiency: 0.782894
    discharge_ratio: 0.5
    depth_of_discharge: 1.0
