cost_values:
  wind_capex: 5000.0
  wind_opex: 100
  wind_lifetime: 20
  solar_capex: 1000.0
  solar_opex: 10
  solar_lifetime: 20
  carbon_price: 1.0
timeseries_values:
  load_level: 249582.81453812067
  wind_year: 2014
  solar_year: 2014
  price_year: 2023
  carbon_year: 2023
storage_values:
  CAES:
    cost: 53.6888
    lifetime: 24.1589
    annual_cost: 2.2223197248219084
    efficiency: 0.591435
    discharge_ratio: 0.1
    depth_of_discharge: 0.4
  Li-ion:
    cost: 199.458
    lifetime: 27.471
    annual_cost: 7.2606748935240795
    efficiency: 0.943653
    discharge_ratio: 2
    depth_of_discharge: 0.9
  Pb-acid:
    cost: 95.7608
    lifetime: 14.8148
    annual_cost: 6.463860463860464
    efficiency: 0.664764
    discharge_ratio: 5
    depth_of_discharge: 0.5
  VRBF:
    cost: 279.413
    lifetime: 18.2565
    annual_cost: 15.304850327280695
    efficiency: 0.804493
    discharge_ratio: 0.5
    depth_of_discharge: 1.0
