cost_values:
  wind_capex: 5000.0
  wind_opex: 100
  wind_lifetime: 20
  solar_capex: 1000.0
  solar_opex: 10
  solar_lifetime: 20
  carbon_price: 1.0
timeseries_values:
  load_level: 249582.81453812067
  wind_year: 2014
  solar_year: 2014
  price_year: 2023
  carbon_year: 2023
storage_values:
  CAES:
    cost: 49.4808
    lifetime: 23.9289
    annual_cost: 2.0678259343304544
    efficiency: 0.601314
    discharge_ratio: 0.1
    depth_of_discharge: 0.4
  Li-ion:
    cost: 241.61
    lifetime: 23.3786
    annual_cost: 10.33466503554533
    efficiency: 0.953451
    discharge_ratio: 2
    depth_of_discharge: 0.9
  Pb-acid:
    cost: 105.161
    lifetime: 14.8106
    annual_cost: 7.100387560260894
    efficiency: 0.665994
    discharge_ratio: 5
    depth_of_discharge: 0.5
  VRBF:
    cost: 275.257
    lifetime: 17.8868
    annual_cost: 15.38883422412058
    efficiency: 0.80342
    discharge_ratio: 0.5
    depth_of_discharge: 1.0
