cost_values:
  wind_capex: 5000.0
  wind_opex: 100
  wind_lifetime: 20
  solar_capex: 1000.0
  solar_opex: 10
  solar_lifetime: 20
  carbon_price: 1.0
timeseries_values:
  load_level: 249582.81453812067
  wind_year: 2014
  solar_year: 2014
  price_year: 2023
  carbon_year: 2023
storage_values:
  CAES:
    cost: 51.9892
    lifetime: 25.4665
    annual_cost: 2.041474093416842
    efficiency: 0.605782
    discharge_ratio: 0.1
    depth_of_discharge: 0.4
  Li-ion:
    cost: 220.831
    lifetime: 25.6757
    annual_cost: 8.60077816768384
    efficiency: 0.957155
    discharge_ratio: 2
    depth_of_discharge: 0.9
  Pb-acid:
    cost: 92.9053
    lifetime: 13.5814
    annual_cost: 6.840627623072732
    efficiency: 0.671809
    discharge_ratio: 5
    depth_of_discharge: 0.5
  VRBF:
    cost: 253.092
    lifetime: 20.9957
    annual_cost: 12.054468295889158
    efficiency: 0.798066
    discharge_ratio: 0.5
    depth_of_discharge: 1.0
