cost_values:
  wind_capex: 5000.0
  wind_opex: 100
  wind_lifetime: 20
  solar_capex: 1000.0
  solar_opex: 10
  solar_lifetime: 20
  carbon_price: 1.0
timeseries_values:
  load_level: 249582.81453812067
  wind_year: 2014
  solar_year: 2014
  price_year: 2023
  carbon_year: 2023
storage_values:
  CAES:
    cost: 49.7397
    lifetime: 24.3255
    annual_cost: 2.044755503483998
    efficiency: 0.596657
    discharge_ratio: 0.1
    depth_of_discharge: 0.4
  Li-ion:
    cost: 233.991
    lifetime: 25.6844
    annual_cost: 9.110238121194188
    efficiency: 0.957447
    discharge_ratio: 2
    depth_of_discharge: 0.9
  Pb-acid:
    cost: 117.488
    lifetime: 13.7924
    annual_cost: 8.518314434036135
    efficiency: 0.666279
    discharge_ratio: 5
    depth_of_discharge: 0.5
  VRBF:
    cost: 247.421
    lifetime: 19.3756
    annual_cost: 12.769720679617665
    efficiency: 0.80473
    discharge_ratio: 0.5
    depth_of_discharge: 1.0
