cost_values:
  wind_capex: 5000.0
  wind_opex: 100
  wind_lifetime: 20
  solar_capex: 1000.0
  solar_opex: 10
  solar_lifetime: 20
  carbon_price: 1.0
timeseries_values:
  load_level: 249582.81453812067
  wind_year: 2014
  solar_year: 2014
  price_year: 2023
  carbon_year: 2023
storage_values:
  CAES:
    cost: 48.2738
    lifetime: 24.5538
    annual_cost: 1.96604191611889
    efficiency: 0.596837
    discharge_ratio: 0.1
    depth_of_discharge: 0.4
  Li-ion:
    cost: 210.192
    lifetime: 25.6811
    annual_cost: 8.184696138405286
    efficiency: 0.946273
    discharge_ratio: 2
    depth_of_discharge: 0.9
  Pb-acid:
    cost: 93.5187
    lifetime: 12.0523
    annual_cost: 7.7594069181815915
    efficiency: 0.670047
    discharge_ratio: 5
    depth_of_discharge: 0.5
  VRBF:
    cost: 265.629
    lifetime: 18.2014
    annual_cost: 14.593877394046613
    efficiency: 0.80534
    discharge_ratio: 0.5
    depth_of_discharge: 1.0
