cost_values:
  wind_capex: 5000.0
  wind_opex: 100
  wind_lifetime: 20
  solar_capex: 1000.0
  solar_opex: 10
  solar_lifetime: 20
  carbon_price: 1.0
timeseries_values:
  load_level: 249582.81453812067
  wind_year: 2014
  solar_year: 2014
  price_year: 2023
  carbon_year: 2023
storage_values:
  CAES:
    cost: 46.6519
    lifetime: 25.1276
    annual_cost: 1.8565999140387461
    efficiency: 0.599368
    discharge_ratio: 0.1
    depth_of_discharge: 0.4
  Li-ion:
    cost: 237.767
    lifetime: 25.5425
    annual_cost: 9.308681609082901
    efficiency: 0.960168
    discharge_ratio: 2
    depth_of_discharge: 0.9
  Pb-acid:
    cost: 108.692
    lifetime: 13.2632
    annual_cost: 8.195005730140538
    efficiency: 0.679256
    discharge_ratio: 5
    depth_of_discharge: 0.5
  VRBF:
    cost: 297.964
    lifetime: 18.7653
    annual_cost: 15.878456512818873
    efficiency: 0.798136
    discharge_ratio: 0.5
    depth_of_discharge: 1.0
