cost_values:
  wind_capex: 5000.0
  wind_opex: 100
  wind_lifetime: 20
  solar_capex: 1000.0
  solar_opex: 10
  solar_lifetime: 20
  carbon_price: 1.0
timeseries_values:
  load_level: 249582.81453812067
  wind_year: 2014
  solar_year: 2014
  price_year: 2023
  carbon_year: 2023
storage_values:
  CAES:
    cost: 47.8534
    lifetime: 24.2694
    annual_cost: 1.9717586755337997
    efficiency: 0.592933
    discharge_ratio: 0.1
    depth_of_discharge: 0.4
  Li-ion:
    cost: 229.733
    lifetime: 26.1521
    annual_cost: 8.784495317775628
    efficiency: 0.958842
    discharge_ratio: 2
    depth_of_discharge: 0.9
  Pb-acid:
    cost: 72.6438
    lifetime: 12.8396
    annual_cost: 5.65779307766597
    efficiency: 0.675169
    discharge_ratio: 5
    depth_of_discharge: 0.5
  VRBF:
    cost: 300.092
    lifetime: 20.4278
    annual_cost: 14.69037292317332
    efficiency: 0.801698
    discharge_ratio: 0.5
    depth_of_discharge: 1.0
