cost_values:
  wind_capex: 5000.0
  wind_opex: 100
  wind_lifetime: 20
  solar_capex: 1000.0
  solar_opex: 10
  solar_lifetime: 20
  carbon_price: 1.0
timeseries_values:
  load_level: 249582.81453812067
  wind_year: 2014
  solar_year: 2014
  price_year: 2023
  carbon_year: 2023
storage_values:
  CAES:
    cost: 45.6997
    lifetime: 25.09
    annual_cost: 1.8214308489438022
    efficiency: 0.598737
    discharge_ratio: 0.1
    depth_of_discharge: 0.4
  Li-ion:
    cost: 236.931
    lifetime: 25.6574
    annual_cost: 9.234411904557751
    efficiency: 0.952399
    discharge_ratio: 2
    depth_of_discharge: 0.9
  Pb-acid:
    cost: 106.211
    lifetime: 12.9911
    annual_cost: 8.175674115355898
    efficiency: 0.684488
    discharge_ratio: 5
    depth_of_discharge: 0.5
  VRBF:
    cost: 266.027
    lifetime: 21.6085
    annual_cost: 12.311220121711363
    efficiency: 0.816563
    discharge_ratio: 0.5
    depth_of_discharge: 1.0
