cost_values:
  wind_capex: 5000.0
  wind_opex: 100
  wind_lifetime: 20
  solar_capex: 1000.0
  solar_opex: 10
  solar_lifetime: 20
  carbon_price: 1.0
timeseries_values:
  load_level: 267544.74176113453
  wind_year: 2011
  solar_year: 2013
  price_year: 2023
  carbon_year: 2023
storage_values:
  CAES:
    cost: 25.7199
    lifetime: 26.4181
    annual_cost: 0.9735711500827084
    efficiency: 0.594506
    discharge_ratio: 0.1
    depth_of_discharge: 0.4
  Li-ion:
    cost: 266.427
    lifetime: 26.6109
    annual_cost: 10.011949990417461
    efficiency: 0.884012
    discharge_ratio: 2
    depth_of_discharge: 0.9
  Pb-acid:
    cost: 141.204
    lifetime: 5.84417
    annual_cost: 24.16151480877524
    efficiency: 0.73144
    discharge_ratio: 5
    depth_of_discharge: 0.5
  VRBF:
    cost: 277.293
    lifetime: 14.4719
    annual_cost: 19.160787457071983
    efficiency: 0.750917
    discharge_ratio: 0.5
    depth_of_discharge: 1.0
