cost_values:
  wind_capex: 5000.0
  wind_opex: 100
  wind_lifetime: 20
  solar_capex: 1000.0
  solar_opex: 10
  solar_lifetime: 20
  carbon_price: 1.0
timeseries_values:
  load_level: 267544.74176113453
  wind_year: 2011
  solar_year: 2013
  price_year: 2023
  carbon_year: 2023
storage_values:
  CAES:
    cost: 28.635
    lifetime: 26.1489
    annual_cost: 1.095074745017955
    efficiency: 0.587563
    discharge_ratio: 0.1
    depth_of_discharge: 0.4
  Li-ion:
    cost: 247.299
    lifetime: 27.2728
    annual_cost: 9.067605819717814
    efficiency: 0.877295
    discharge_ratio: 2
    depth_of_discharge: 0.9
  Pb-acid:
    cost: 135.584
    lifetime: 5.00187
    annual_cost: 27.10666210837147
    efficiency: 0.727051
    discharge_ratio: 5
    depth_of_discharge: 0.5
  VRBF:
    cost: 276.55
    lifetime: 16.4456
    annual_cost: 16.816048061487574
    efficiency: 0.776723
    discharge_ratio: 0.5
    depth_of_discharge: 1.0
