cost_values:
  wind_capex: 5000.0
  wind_opex: 100
  wind_lifetime: 20
  solar_capex: 1000.0
  solar_opex: 10
  solar_lifetime: 20
  carbon_price: 1.0
timeseries_values:
  load_level: 267544.74176113453
  wind_year: 2011
  solar_year: 2013
  price_year: 2023
  carbon_year: 2023
storage_values:
  CAES:
    cost: 29.7685
    lifetime: 26.0298
    annual_cost: 1.1436315300155975
    efficiency: 0.587657
    discharge_ratio: 0.1
    depth_of_discharge: 0.4
  Li-ion:
    cost: 240.288
    lifetime: 29.2251
    annual_cost: 8.221973577507006
    efficiency: 0.884534
    discharge_ratio: 2
    depth_of_discharge: 0.9
  Pb-acid:
    cost: 163.498
    lifetime: 5.98932
    annual_cost: 27.2982575651326
    efficiency: 0.734976
    discharge_ratio: 5
    depth_of_discharge: 0.5
  VRBF:
    cost: 293.096
    lifetime: 17.2316
    annual_cost: 17.009215627103693
    efficiency: 0.761293
    discharge_ratio: 0.5
    depth_of_discharge: 1.0
