cost_values:
  wind_capex: 5000.0
  wind_opex: 100
  wind_lifetime: 20
  solar_capex: 1000.0
  solar_opex: 10
  solar_lifetime: 20
  carbon_price: 1.0
timeseries_values:
  load_level: 267544.74176113453
  wind_year: 2011
  solar_year: 2013
  price_year: 2023
  carbon_year: 2023
storage_values:
  CAES:
    cost: 25.3024
    lifetime: 26.3799
    annual_cost: 0.9591545077881265
    efficiency: 0.571703
    discharge_ratio: 0.1
    depth_of_discharge: 0.4
  Li-ion:
    cost: 273.186
    lifetime: 27.7424
    annual_cost: 9.847237441605628
    efficiency: 0.890286
    discharge_ratio: 2
    depth_of_discharge: 0.9
  Pb-acid:
    cost: 149.941
    lifetime: 6.32925
    annual_cost: 23.690168661373782
    efficiency: 0.733386
    discharge_ratio: 5
    depth_of_discharge: 0.5
  VRBF:
    cost: 254.978
    lifetime: 17.0829
    annual_cost: 14.925920072118904
    efficiency: 0.775274
    discharge_ratio: 0.5
    depth_of_discharge: 1.0
