cost_values:
  wind_capex: 5000.0
  wind_opex: 100
  wind_lifetime: 20
  solar_capex: 1000.0
  solar_opex: 10
  solar_lifetime: 20
  carbon_price: 1.0
timeseries_values:
  load_level: 267544.74176113453
  wind_year: 2011
  solar_year: 2013
  price_year: 2023
  carbon_year: 2023
storage_values:
  CAES:
    cost: 27.3123
    lifetime: 27.2608
    annual_cost: 1.001889159525766
    efficiency: 0.580562
    discharge_ratio: 0.1
    depth_of_discharge: 0.4
  Li-ion:
    cost: 279.128
    lifetime: 26.3732
    annual_cost: 10.583774437686742
    efficiency: 0.891852
    discharge_ratio: 2
    depth_of_discharge: 0.9
  Pb-acid:
    cost: 136.109
    lifetime: 8.07495
    annual_cost: 16.855708084879783
    efficiency: 0.728632
    discharge_ratio: 5
    depth_of_discharge: 0.5
  VRBF:
    cost: 236.624
    lifetime: 16.0642
    annual_cost: 14.729896291131833
    efficiency: 0.772135
    discharge_ratio: 0.5
    depth_of_discharge: 1.0
