cost_values:
  wind_capex: 5000.0
  wind_opex: 100
  wind_lifetime: 20
  solar_capex: 1000.0
  solar_opex: 10
  solar_lifetime: 20
  carbon_price: 1.0
timeseries_values:
  load_level: 267544.74176113453
  wind_year: 2011
  solar_year: 2013
  price_year: 2023
  carbon_year: 2023
storage_values:
  CAES:
    cost: 26.3053
    lifetime: 27.7668
    annual_cost: 0.9473651987265367
    efficiency: 0.585871
    discharge_ratio: 0.1
    depth_of_discharge: 0.4
  Li-ion:
    cost: 265.185
    lifetime: 27.9485
    annual_cost: 9.488344633880173
    efficiency: 0.886649
    discharge_ratio: 2
    depth_of_discharge: 0.9
  Pb-acid:
    cost: 147.903
    lifetime: 6.98222
    annual_cost: 21.18280432298037
    efficiency: 0.729149
    discharge_ratio: 5
    depth_of_discharge: 0.5
  VRBF:
    cost: 257.779
    lifetime: 12.8927
    annual_cost: 19.994182754582052
    efficiency: 0.786527
    discharge_ratio: 0.5
    depth_of_discharge: 1.0
