cost_values:
  wind_capex: 5000.0
  wind_opex: 100
  wind_lifetime: 20
  solar_capex: 1000.0
  solar_opex: 10
  solar_lifetime: 20
  carbon_price: 1.0
timeseries_values:
  load_level: 267544.74176113453
  wind_year: 2011
  solar_year: 2013
  price_year: 2023
  carbon_year: 2023
storage_values:
  CAES:
    cost: 22.5959
    lifetime: 26.2463
    annual_cost: 0.8609175388530954
    efficiency: 0.588514
    discharge_ratio: 0.1
    depth_of_discharge: 0.4
  Li-ion:
    cost: 260.522
    lifetime: 28.7831
    annual_cost: 9.051214080484728
    efficiency: 0.886731
    discharge_ratio: 2
    depth_of_discharge: 0.9
  Pb-acid:
    cost: 160.358
    lifetime: 6.32289
    annual_cost: 25.36150399579939
    efficiency: 0.741783
    discharge_ratio: 5
    depth_of_discharge: 0.5
  VRBF:
    cost: 260.008
    lifetime: 17.0284
    annual_cost: 15.269079890066005
    efficiency: 0.764168
    discharge_ratio: 0.5
    depth_of_discharge: 1.0
