cost_values:
  wind_capex: 5000.0
  wind_opex: 100
  wind_lifetime: 20
  solar_capex: 1000.0
  solar_opex: 10
  solar_lifetime: 20
  carbon_price: 1.0
timeseries_values:
  load_level: 267544.74176113453
  wind_year: 2011
  solar_year: 2013
  price_year: 2023
  carbon_year: 2023
storage_values:
  CAES:
    cost: 22.7871
    lifetime: 26.7075
    annual_cost: 0.8532097725358045
    efficiency: 0.59113
    discharge_ratio: 0.1
    depth_of_discharge: 0.4
  Li-ion:
    cost: 253.161
    lifetime: 27.199
    annual_cost: 9.307731901908157
    efficiency: 0.887012
    discharge_ratio: 2
    depth_of_discharge: 0.9
  Pb-acid:
    cost: 129.472
    lifetime: 6.77174
    annual_cost: 19.11945821901018
    efficiency: 0.741288
    discharge_ratio: 5
    depth_of_discharge: 0.5
  VRBF:
    cost: 271.354
    lifetime: 14.8711
    annual_cost: 18.247069819986415
    efficiency: 0.780885
    discharge_ratio: 0.5
    depth_of_discharge: 1.0
