cost_values:
  wind_capex: 5000.0
  wind_opex: 100
  wind_lifetime: 20
  solar_capex: 1000.0
  solar_opex: 10
  solar_lifetime: 20
  carbon_price: 1.0
timeseries_values:
  load_level: 267544.74176113453
  wind_year: 2011
  solar_year: 2013
  price_year: 2023
  carbon_year: 2023
storage_values:
  CAES:
    cost: 26.7528
    lifetime: 26.4751
    annual_cost: 1.0104891010798827
    efficiency: 0.582576
    discharge_ratio: 0.1
    depth_of_discharge: 0.4
  Li-ion:
    cost: 249.235
    lifetime: 28.4214
    annual_cost: 8.769272449633023
    efficiency: 0.895706
    discharge_ratio: 2
    depth_of_discharge: 0.9
  Pb-acid:
    cost: 170.405
    lifetime: 9.1764
    annual_cost: 18.569918486552464
    efficiency: 0.739851
    discharge_ratio: 5
    depth_of_discharge: 0.5
  VRBF:
    cost: 265.751
    lifetime: 15.8113
    annual_cost: 16.80766287402048
    efficiency: 0.754382
    discharge_ratio: 0.5
    depth_of_discharge: 1.0
