cost_values:
  wind_capex: 5000.0
  wind_opex: 100
  wind_lifetime: 20
  solar_capex: 1000.0
  solar_opex: 10
  solar_lifetime: 20
  carbon_price: 1.0
timeseries_values:
  load_level: 267544.74176113453
  wind_year: 2011
  solar_year: 2013
  price_year: 2023
  carbon_year: 2023
storage_values:
  CAES:
    cost: 27.9963
    lifetime: 26.4987
    annual_cost: 1.056515980029209
    efficiency: 0.58366
    discharge_ratio: 0.1
    depth_of_discharge: 0.4
  Li-ion:
    cost: 241.277
    lifetime: 26.9136
    annual_cost: 8.964872778075025
    efficiency: 0.897555
    discharge_ratio: 2
    depth_of_discharge: 0.9
  Pb-acid:
    cost: 132.881
    lifetime: 7.71727
    annual_cost: 17.2186537467265
    efficiency: 0.749048
    discharge_ratio: 5
    depth_of_discharge: 0.5
  VRBF:
    cost: 259.177
    lifetime: 16.7595
    annual_cost: 15.464482830633374
    efficiency: 0.780652
    discharge_ratio: 0.5
    depth_of_discharge: 1.0
