cost_values:
  wind_capex: 5000.0
  wind_opex: 100
  wind_lifetime: 20
  solar_capex: 1000.0
  solar_opex: 10
  solar_lifetime: 20
  carbon_price: 1.0
timeseries_values:
  load_level: 267544.74176113453
  wind_year: 2011
  solar_year: 2013
  price_year: 2023
  carbon_year: 2023
storage_values:
  CAES:
    cost: 21.1006
    lifetime: 26.5999
    annual_cost: 0.7932586212730123
    efficiency: 0.589237
    discharge_ratio: 0.1
    depth_of_discharge: 0.4
  Li-ion:
    cost: 242.48
    lifetime: 26.8613
    annual_cost: 9.027113356390048
    efficiency: 0.872565
    discharge_ratio: 2
    depth_of_discharge: 0.9
  Pb-acid:
    cost: 142.454
    lifetime: 5.84243
    annual_cost: 24.382662693434067
    efficiency: 0.738173
    discharge_ratio: 5
    depth_of_discharge: 0.5
  VRBF:
    cost: 242.276
    lifetime: 14.7963
    annual_cost: 16.374093523380846
    efficiency: 0.768133
    discharge_ratio: 0.5
    depth_of_discharge: 1.0
