cost_values:
  wind_capex: 5000.0
  wind_opex: 100
  wind_lifetime: 20
  solar_capex: 1000.0
  solar_opex: 10
  solar_lifetime: 20
  carbon_price: 1.0
timeseries_values:
  load_level: 267544.74176113453
  wind_year: 2011
  solar_year: 2013
  price_year: 2023
  carbon_year: 2023
storage_values:
  CAES:
    cost: 25.8108
    lifetime: 25.4904
    annual_cost: 1.0125694379060353
    efficiency: 0.58153
    discharge_ratio: 0.1
    depth_of_discharge: 0.4
  Li-ion:
    cost: 244.81
    lifetime: 27.0103
    annual_cost: 9.063579449321185
    efficiency: 0.880598
    discharge_ratio: 2
    depth_of_discharge: 0.9
  Pb-acid:
    cost: 152.2
    lifetime: 6.97321
    annual_cost: 21.826389854887488
    efficiency: 0.741896
    discharge_ratio: 5
    depth_of_discharge: 0.5
  VRBF:
    cost: 276.357
    lifetime: 15.9202
    annual_cost: 17.358889963693926
    efficiency: 0.782446
    discharge_ratio: 0.5
    depth_of_discharge: 1.0
