cost_values:
  wind_capex: 5000.0
  wind_opex: 100
  wind_lifetime: 20
  solar_capex: 1000.0
  solar_opex: 10
  solar_lifetime: 20
  carbon_price: 1.0
timeseries_values:
  load_level: 267544.74176113453
  wind_year: 2011
  solar_year: 2013
  price_year: 2023
  carbon_year: 2023
storage_values:
  CAES:
    cost: 20.6022
    lifetime: 25.9351
    annual_cost: 0.7943751903790616
    efficiency: 0.594229
    discharge_ratio: 0.1
    depth_of_discharge: 0.4
  Li-ion:
    cost: 253.573
    lifetime: 26.1503
    annual_cost: 9.696753000921595
    efficiency: 0.891309
    discharge_ratio: 2
    depth_of_discharge: 0.9
  Pb-acid:
    cost: 146.562
    lifetime: 6.61595
    annual_cost: 22.15282763624272
    efficiency: 0.735615
    discharge_ratio: 5
    depth_of_discharge: 0.5
  VRBF:
    cost: 269.255
    lifetime: 15.8837
    annual_cost: 16.951654841126437
    efficiency: 0.780826
    discharge_ratio: 0.5
    depth_of_discharge: 1.0
