cost_values:
  wind_capex: 5000.0
  wind_opex: 100
  wind_lifetime: 20
  solar_capex: 1000.0
  solar_opex: 10
  solar_lifetime: 20
  carbon_price: 1.0
timeseries_values:
  load_level: 267544.74176113453
  wind_year: 2011
  solar_year: 2013
  price_year: 2023
  carbon_year: 2023
storage_values:
  CAES:
    cost: 29.0216
    lifetime: 25.8814
    annual_cost: 1.1213303762547622
    efficiency: 0.585187
    discharge_ratio: 0.1
    depth_of_discharge: 0.4
  Li-ion:
    cost: 231.037
    lifetime: 27.7017
    annual_cost: 8.340174068739465
    efficiency: 0.890301
    discharge_ratio: 2
    depth_of_discharge: 0.9
  Pb-acid:
    cost: 149.933
    lifetime: 6.99625
    annual_cost: 21.43048061461497
    efficiency: 0.742831
    discharge_ratio: 5
    depth_of_discharge: 0.5
  VRBF:
    cost: 262.6
    lifetime: 15.0392
    annual_cost: 17.46103516144476
    efficiency: 0.774622
    discharge_ratio: 0.5
    depth_of_discharge: 1.0
