cost_values:
  wind_capex: 5000.0
  wind_opex: 100
  wind_lifetime: 20
  solar_capex: 1000.0
  solar_opex: 10
  solar_lifetime: 20
  carbon_price: 1.0
timeseries_values:
  load_level: 267544.74176113453
  wind_year: 2011
  solar_year: 2013
  price_year: 2023
  carbon_year: 2023
storage_values:
  CAES:
    cost: 30.1622
    lifetime: 25.6622
    annual_cost: 1.1753551916827085
    efficiency: 0.580849
    discharge_ratio: 0.1
    depth_of_discharge: 0.4
  Li-ion:
    cost: 266.986
    lifetime: 25.6962
    annual_cost: 10.390096590157299
    efficiency: 0.890916
    discharge_ratio: 2
    depth_of_discharge: 0.9
  Pb-acid:
    cost: 148.182
    lifetime: 6.55368
    annual_cost: 22.610502801479473
    efficiency: 0.727633
    discharge_ratio: 5
    depth_of_discharge: 0.5
  VRBF:
    cost: 246.697
    lifetime: 15.2071
    annual_cost: 16.222488179863355
    efficiency: 0.78827
    discharge_ratio: 0.5
    depth_of_discharge: 1.0
