cost_values:
  wind_capex: 5000.0
  wind_opex: 100
  wind_lifetime: 20
  solar_capex: 1000.0
  solar_opex: 10
  solar_lifetime: 20
  carbon_price: 1.0
timeseries_values:
  load_level: 267544.74176113453
  wind_year: 2011
  solar_year: 2013
  price_year: 2023
  carbon_year: 2023
storage_values:
  CAES:
    cost: 23.1839
    lifetime: 26.6198
    annual_cost: 0.8709269040338394
    efficiency: 0.593698
    discharge_ratio: 0.1
    depth_of_discharge: 0.4
  Li-ion:
    cost: 256.205
    lifetime: 27.4481
    annual_cost: 9.33416156309544
    efficiency: 0.887277
    discharge_ratio: 2
    depth_of_discharge: 0.9
  Pb-acid:
    cost: 111.783
    lifetime: 7.34578
    annual_cost: 15.217308441036893
    efficiency: 0.746424
    discharge_ratio: 5
    depth_of_discharge: 0.5
  VRBF:
    cost: 246.293
    lifetime: 14.3778
    annual_cost: 17.130089443447538
    efficiency: 0.763791
    discharge_ratio: 0.5
    depth_of_discharge: 1.0
