cost_values:
  wind_capex: 5000.0
  wind_opex: 100
  wind_lifetime: 20
  solar_capex: 1000.0
  solar_opex: 10
  solar_lifetime: 20
  carbon_price: 1.0
timeseries_values:
  load_level: 267544.74176113453
  wind_year: 2011
  solar_year: 2013
  price_year: 2023
  carbon_year: 2023
storage_values:
  CAES:
    cost: 22.3907
    lifetime: 25.5944
    annual_cost: 0.8748280873941174
    efficiency: 0.585981
    discharge_ratio: 0.1
    depth_of_discharge: 0.4
  Li-ion:
    cost: 256.42
    lifetime: 28.4445
    annual_cost: 9.014748018070277
    efficiency: 0.880873
    discharge_ratio: 2
    depth_of_discharge: 0.9
  Pb-acid:
    cost: 142.688
    lifetime: 5.78551
    annual_cost: 24.662994273624967
    efficiency: 0.741299
    discharge_ratio: 5
    depth_of_discharge: 0.5
  VRBF:
    cost: 267.095
    lifetime: 13.4838
    annual_cost: 19.80858511695516
    efficiency: 0.763977
    discharge_ratio: 0.5
    depth_of_discharge: 1.0
