cost_values:
  wind_capex: 5000.0
  wind_opex: 100
  wind_lifetime: 20
  solar_capex: 1000.0
  solar_opex: 10
  solar_lifetime: 20
  carbon_price: 1.0
timeseries_values:
  load_level: 267544.74176113453
  wind_year: 2011
  solar_year: 2013
  price_year: 2023
  carbon_year: 2023
storage_values:
  CAES:
    cost: 31.1739
    lifetime: 25.2971
    annual_cost: 1.2323112135383107
    efficiency: 0.580698
    discharge_ratio: 0.1
    depth_of_discharge: 0.4
  Li-ion:
    cost: 255.873
    lifetime: 28.304
    annual_cost: 9.04017100056529
    efficiency: 0.894702
    discharge_ratio: 2
    depth_of_discharge: 0.9
  Pb-acid:
    cost: 178.371
    lifetime: 6.97965
    annual_cost: 25.555865981818574
    efficiency: 0.735484
    discharge_ratio: 5
    depth_of_discharge: 0.5
  VRBF:
    cost: 247.719
    lifetime: 18.57
    annual_cost: 13.339741518578352
    efficiency: 0.779631
    discharge_ratio: 0.5
    depth_of_discharge: 1.0
