cost_values:
  wind_capex: 5000.0
  wind_opex: 100
  wind_lifetime: 20
  solar_capex: 1000.0
  solar_opex: 10
  solar_lifetime: 20
  carbon_price: 1.0
timeseries_values:
  load_level: 267544.74176113453
  wind_year: 2011
  solar_year: 2013
  price_year: 2023
  carbon_year: 2023
storage_values:
  CAES:
    cost: 25.2182
    lifetime: 26.1216
    annual_cost: 0.9654155947568296
    efficiency: 0.580052
    discharge_ratio: 0.1
    depth_of_discharge: 0.4
  Li-ion:
    cost: 234.577
    lifetime: 28.8655
    annual_cost: 8.126552458817619
    efficiency: 0.883833
    discharge_ratio: 2
    depth_of_discharge: 0.9
  Pb-acid:
    cost: 159.276
    lifetime: 6.01824
    annual_cost: 26.46554474397831
    efficiency: 0.728044
    discharge_ratio: 5
    depth_of_discharge: 0.5
  VRBF:
    cost: 252.549
    lifetime: 14.1499
    annual_cost: 17.848112000791524
    efficiency: 0.785409
    discharge_ratio: 0.5
    depth_of_discharge: 1.0
