cost_values:
  wind_capex: 5000.0
  wind_opex: 100
  wind_lifetime: 20
  solar_capex: 1000.0
  solar_opex: 10
  solar_lifetime: 20
  carbon_price: 1.0
timeseries_values:
  load_level: 267544.74176113453
  wind_year: 2011
  solar_year: 2013
  price_year: 2023
  carbon_year: 2023
storage_values:
  CAES:
    cost: 20.9345
    lifetime: 26.0797
    annual_cost: 0.8027124545144307
    efficiency: 0.588138
    discharge_ratio: 0.1
    depth_of_discharge: 0.4
  Li-ion:
    cost: 275.136
    lifetime: 27.5289
    annual_cost: 9.994442204374312
    efficiency: 0.874112
    discharge_ratio: 2
    depth_of_discharge: 0.9
  Pb-acid:
    cost: 174.106
    lifetime: 6.01381
    annual_cost: 28.9510310435481
    efficiency: 0.737851
    discharge_ratio: 5
    depth_of_discharge: 0.5
  VRBF:
    cost: 256.455
    lifetime: 13.332
    annual_cost: 19.236048604860486
    efficiency: 0.780959
    discharge_ratio: 0.5
    depth_of_discharge: 1.0
