cost_values:
  wind_capex: 5000.0
  wind_opex: 100
  wind_lifetime: 20
  solar_capex: 1000.0
  solar_opex: 10
  solar_lifetime: 20
  carbon_price: 1.0
timeseries_values:
  load_level: 267544.74176113453
  wind_year: 2011
  solar_year: 2013
  price_year: 2023
  carbon_year: 2023
storage_values:
  CAES:
    cost: 22.0657
    lifetime: 26.9014
    annual_cost: 0.8202435560974523
    efficiency: 0.584906
    discharge_ratio: 0.1
    depth_of_discharge: 0.4
  Li-ion:
    cost: 255.16
    lifetime: 27.8912
    annual_cost: 9.148405231757687
    efficiency: 0.885275
    discharge_ratio: 2
    depth_of_discharge: 0.9
  Pb-acid:
    cost: 167.652
    lifetime: 5.45224
    annual_cost: 30.74919666045515
    efficiency: 0.739802
    discharge_ratio: 5
    depth_of_discharge: 0.5
  VRBF:
    cost: 273.508
    lifetime: 15.1511
    annual_cost: 18.052022625419937
    efficiency: 0.764168
    discharge_ratio: 0.5
    depth_of_discharge: 1.0
