cost_values:
  wind_capex: 5000.0
  wind_opex: 100
  wind_lifetime: 20
  solar_capex: 1000.0
  solar_opex: 10
  solar_lifetime: 20
  carbon_price: 1.0
timeseries_values:
  load_level: 267544.74176113453
  wind_year: 2011
  solar_year: 2013
  price_year: 2023
  carbon_year: 2023
storage_values:
  CAES:
    cost: 24.6619
    lifetime: 25.5111
    annual_cost: 0.9667125290559796
    efficiency: 0.58736
    discharge_ratio: 0.1
    depth_of_discharge: 0.4
  Li-ion:
    cost: 252.973
    lifetime: 29.0993
    annual_cost: 8.693439361084287
    efficiency: 0.884379
    discharge_ratio: 2
    depth_of_discharge: 0.9
  Pb-acid:
    cost: 143.229
    lifetime: 7.68202
    annual_cost: 18.6447054290408
    efficiency: 0.738465
    discharge_ratio: 5
    depth_of_discharge: 0.5
  VRBF:
    cost: 258.698
    lifetime: 13.8108
    annual_cost: 18.731572392620265
    efficiency: 0.77774
    discharge_ratio: 0.5
    depth_of_discharge: 1.0
