cost_values:
  wind_capex: 5000.0
  wind_opex: 100
  wind_lifetime: 20
  solar_capex: 1000.0
  solar_opex: 10
  solar_lifetime: 20
  carbon_price: 1.0
timeseries_values:
  load_level: 267544.74176113453
  wind_year: 2011
  solar_year: 2013
  price_year: 2023
  carbon_year: 2023
storage_values:
  CAES:
    cost: 21.3176
    lifetime: 27.3675
    annual_cost: 0.7789385219694893
    efficiency: 0.590285
    discharge_ratio: 0.1
    depth_of_discharge: 0.4
  Li-ion:
    cost: 253.613
    lifetime: 28.2289
    annual_cost: 8.984161621600558
    efficiency: 0.889868
    discharge_ratio: 2
    depth_of_discharge: 0.9
  Pb-acid:
    cost: 168.741
    lifetime: 7.96518
    annual_cost: 21.184831981198165
    efficiency: 0.738476
    discharge_ratio: 5
    depth_of_discharge: 0.5
  VRBF:
    cost: 275.839
    lifetime: 15.6958
    annual_cost: 17.574064399393468
    efficiency: 0.764222
    discharge_ratio: 0.5
    depth_of_discharge: 1.0
