cost_values:
  wind_capex: 5000.0
  wind_opex: 100
  wind_lifetime: 20
  solar_capex: 1000.0
  solar_opex: 10
  solar_lifetime: 20
  carbon_price: 1.0
timeseries_values:
  load_level: 267544.74176113453
  wind_year: 2011
  solar_year: 2013
  price_year: 2023
  carbon_year: 2023
storage_values:
  CAES:
    cost: 20.3624
    lifetime: 25.3997
    annual_cost: 0.8016787599853542
    efficiency: 0.581435
    discharge_ratio: 0.1
    depth_of_discharge: 0.4
  Li-ion:
    cost: 246.861
    lifetime: 27.7424
    annual_cost: 8.898328911701944
    efficiency: 0.87754
    discharge_ratio: 2
    depth_of_discharge: 0.9
  Pb-acid:
    cost: 150.735
    lifetime: 7.65715
    annual_cost: 19.68552268141541
    efficiency: 0.73967
    discharge_ratio: 5
    depth_of_discharge: 0.5
  VRBF:
    cost: 286.574
    lifetime: 15.738
    annual_cost: 18.209048163680265
    efficiency: 0.799151
    discharge_ratio: 0.5
    depth_of_discharge: 1.0
