cost_values:
  wind_capex: 5000.0
  wind_opex: 100
  wind_lifetime: 20
  solar_capex: 1000.0
  solar_opex: 10
  solar_lifetime: 20
  carbon_price: 1.0
timeseries_values:
  load_level: 267544.74176113453
  wind_year: 2011
  solar_year: 2013
  price_year: 2023
  carbon_year: 2023
storage_values:
  CAES:
    cost: 23.7902
    lifetime: 26.5237
    annual_cost: 0.8969412261486895
    efficiency: 0.57969
    discharge_ratio: 0.1
    depth_of_discharge: 0.4
  Li-ion:
    cost: 251.324
    lifetime: 27.7489
    annual_cost: 9.057079740097807
    efficiency: 0.882918
    discharge_ratio: 2
    depth_of_discharge: 0.9
  Pb-acid:
    cost: 158.693
    lifetime: 6.49863
    annual_cost: 24.419454561961523
    efficiency: 0.722525
    discharge_ratio: 5
    depth_of_discharge: 0.5
  VRBF:
    cost: 251.984
    lifetime: 12.1781
    annual_cost: 20.691569292418357
    efficiency: 0.762234
    discharge_ratio: 0.5
    depth_of_discharge: 1.0
