cost_values:
  wind_capex: 5000.0
  wind_opex: 100
  wind_lifetime: 20
  solar_capex: 1000.0
  solar_opex: 10
  solar_lifetime: 20
  carbon_price: 1.0
timeseries_values:
  load_level: 267544.74176113453
  wind_year: 2011
  solar_year: 2013
  price_year: 2023
  carbon_year: 2023
storage_values:
  CAES:
    cost: 22.7357
    lifetime: 27.1963
    annual_cost: 0.8359850420829305
    efficiency: 0.574026
    discharge_ratio: 0.1
    depth_of_discharge: 0.4
  Li-ion:
    cost: 261.125
    lifetime: 28.5837
    annual_cost: 9.13545132365649
    efficiency: 0.877125
    discharge_ratio: 2
    depth_of_discharge: 0.9
  Pb-acid:
    cost: 143.307
    lifetime: 6.81239
    annual_cost: 21.036229575817003
    efficiency: 0.734761
    discharge_ratio: 5
    depth_of_discharge: 0.5
  VRBF:
    cost: 285.63
    lifetime: 14.3108
    annual_cost: 19.959051904855073
    efficiency: 0.751067
    discharge_ratio: 0.5
    depth_of_discharge: 1.0
