cost_values:
  wind_capex: 5000.0
  wind_opex: 100
  wind_lifetime: 20
  solar_capex: 1000.0
  solar_opex: 10
  solar_lifetime: 20
  carbon_price: 1.0
timeseries_values:
  load_level: 267544.74176113453
  wind_year: 2011
  solar_year: 2013
  price_year: 2023
  carbon_year: 2023
storage_values:
  CAES:
    cost: 21.3294
    lifetime: 26.8714
    annual_cost: 0.7937584197325036
    efficiency: 0.585451
    discharge_ratio: 0.1
    depth_of_discharge: 0.4
  Li-ion:
    cost: 256.616
    lifetime: 28.9892
    annual_cost: 8.852124239371904
    efficiency: 0.887131
    discharge_ratio: 2
    depth_of_discharge: 0.9
  Pb-acid:
    cost: 172.766
    lifetime: 6.46323
    annual_cost: 26.73059754952245
    efficiency: 0.729111
    discharge_ratio: 5
    depth_of_discharge: 0.5
  VRBF:
    cost: 240.439
    lifetime: 16.269
    annual_cost: 14.778966131907309
    efficiency: 0.780091
    discharge_ratio: 0.5
    depth_of_discharge: 1.0
