cost_values:
  wind_capex: 5000.0
  wind_opex: 100
  wind_lifetime: 20
  solar_capex: 1000.0
  solar_opex: 10
  solar_lifetime: 20
  carbon_price: 1.0
timeseries_values:
  load_level: 267544.74176113453
  wind_year: 2011
  solar_year: 2013
  price_year: 2023
  carbon_year: 2023
storage_values:
  CAES:
    cost: 22.3091
    lifetime: 25.5771
    annual_cost: 0.8722294552548959
    efficiency: 0.57536
    discharge_ratio: 0.1
    depth_of_discharge: 0.4
  Li-ion:
    cost: 240.085
    lifetime: 28.2342
    annual_cost: 8.503339921088608
    efficiency: 0.883427
    discharge_ratio: 2
    depth_of_discharge: 0.9
  Pb-acid:
    cost: 165.396
    lifetime: 6.23773
    annual_cost: 26.51541506285139
    efficiency: 0.722952
    discharge_ratio: 5
    depth_of_discharge: 0.5
  VRBF:
    cost: 276.963
    lifetime: 14.1561
    annual_cost: 19.564922542225613
    efficiency: 0.790637
    discharge_ratio: 0.5
    depth_of_discharge: 1.0
