cost_values:
  wind_capex: 5000.0
  wind_opex: 100
  wind_lifetime: 20
  solar_capex: 1000.0
  solar_opex: 10
  solar_lifetime: 20
  carbon_price: 1.0
timeseries_values:
  load_level: 267544.74176113453
  wind_year: 2011
  solar_year: 2013
  price_year: 2023
  carbon_year: 2023
storage_values:
  CAES:
    cost: 24.4921
    lifetime: 25.5578
    annual_cost: 0.9583023577929243
    efficiency: 0.584375
    discharge_ratio: 0.1
    depth_of_discharge: 0.4
  Li-ion:
    cost: 227.099
    lifetime: 26.6366
    annual_cost: 8.525825368102534
    efficiency: 0.884855
    discharge_ratio: 2
    depth_of_discharge: 0.9
  Pb-acid:
    cost: 143.458
    lifetime: 6.93697
    annual_cost: 20.6802105241914
    efficiency: 0.733197
    discharge_ratio: 5
    depth_of_discharge: 0.5
  VRBF:
    cost: 285.875
    lifetime: 14.9372
    annual_cost: 19.138459684545964
    efficiency: 0.778403
    discharge_ratio: 0.5
    depth_of_discharge: 1.0
