cost_values:
  wind_capex: 5000.0
  wind_opex: 100
  wind_lifetime: 20
  solar_capex: 1000.0
  solar_opex: 10
  solar_lifetime: 20
  carbon_price: 1.0
timeseries_values:
  load_level: 267544.74176113453
  wind_year: 2011
  solar_year: 2013
  price_year: 2023
  carbon_year: 2023
storage_values:
  CAES:
    cost: 28.7358
    lifetime: 26.6591
    annual_cost: 1.0778983536578506
    efficiency: 0.578392
    discharge_ratio: 0.1
    depth_of_discharge: 0.4
  Li-ion:
    cost: 256.727
    lifetime: 28.4622
    annual_cost: 9.019928185452986
    efficiency: 0.895196
    discharge_ratio: 2
    depth_of_discharge: 0.9
  Pb-acid:
    cost: 158.655
    lifetime: 7.41644
    annual_cost: 21.392339181601955
    efficiency: 0.739988
    discharge_ratio: 5
    depth_of_discharge: 0.5
  VRBF:
    cost: 232.558
    lifetime: 13.1041
    annual_cost: 17.746964690440397
    efficiency: 0.777992
    discharge_ratio: 0.5
    depth_of_discharge: 1.0
