cost_values:
  wind_capex: 5000.0
  wind_opex: 100
  wind_lifetime: 20
  solar_capex: 1000.0
  solar_opex: 10
  solar_lifetime: 20
  carbon_price: 1.0
timeseries_values:
  load_level: 267544.74176113453
  wind_year: 2011
  solar_year: 2013
  price_year: 2023
  carbon_year: 2023
storage_values:
  CAES:
    cost: 24.8431
    lifetime: 27.252
    annual_cost: 0.9116064875972406
    efficiency: 0.585675
    discharge_ratio: 0.1
    depth_of_discharge: 0.4
  Li-ion:
    cost: 231.982
    lifetime: 26.8575
    annual_cost: 8.637512799031928
    efficiency: 0.882763
    discharge_ratio: 2
    depth_of_discharge: 0.9
  Pb-acid:
    cost: 161.281
    lifetime: 8.96288
    annual_cost: 17.994327716091256
    efficiency: 0.728917
    discharge_ratio: 5
    depth_of_discharge: 0.5
  VRBF:
    cost: 239.674
    lifetime: 16.085
    annual_cost: 14.900466272925085
    efficiency: 0.750994
    discharge_ratio: 0.5
    depth_of_discharge: 1.0
