cost_values:
  wind_capex: 5000.0
  wind_opex: 100
  wind_lifetime: 20
  solar_capex: 1000.0
  solar_opex: 10
  solar_lifetime: 20
  carbon_price: 1.0
timeseries_values:
  load_level: 267544.74176113453
  wind_year: 2011
  solar_year: 2013
  price_year: 2023
  carbon_year: 2023
storage_values:
  CAES:
    cost: 24.224
    lifetime: 26.2683
    annual_cost: 0.9221761590967059
    efficiency: 0.583097
    discharge_ratio: 0.1
    depth_of_discharge: 0.4
  Li-ion:
    cost: 254.401
    lifetime: 26.8606
    annual_cost: 9.47115849981013
    efficiency: 0.872519
    discharge_ratio: 2
    depth_of_discharge: 0.9
  Pb-acid:
    cost: 124.943
    lifetime: 8.02702
    annual_cost: 15.565303188480906
    efficiency: 0.74152
    discharge_ratio: 5
    depth_of_discharge: 0.5
  VRBF:
    cost: 246.312
    lifetime: 15.4868
    annual_cost: 15.904641372007129
    efficiency: 0.744936
    discharge_ratio: 0.5
    depth_of_discharge: 1.0
