cost_values:
  wind_capex: 5000.0
  wind_opex: 100
  wind_lifetime: 20
  solar_capex: 1000.0
  solar_opex: 10
  solar_lifetime: 20
  carbon_price: 1.0
timeseries_values:
  load_level: 267544.74176113453
  wind_year: 2011
  solar_year: 2013
  price_year: 2023
  carbon_year: 2023
storage_values:
  CAES:
    cost: 26.5002
    lifetime: 26.5542
    annual_cost: 0.99796642339065
    efficiency: 0.597096
    discharge_ratio: 0.1
    depth_of_discharge: 0.4
  Li-ion:
    cost: 264.615
    lifetime: 29.545
    annual_cost: 8.956337789812151
    efficiency: 0.887085
    discharge_ratio: 2
    depth_of_discharge: 0.9
  Pb-acid:
    cost: 162.862
    lifetime: 5.32847
    annual_cost: 30.564495999789806
    efficiency: 0.744023
    discharge_ratio: 5
    depth_of_discharge: 0.5
  VRBF:
    cost: 276.723
    lifetime: 16.4014
    annual_cost: 16.871913373248628
    efficiency: 0.787484
    discharge_ratio: 0.5
    depth_of_discharge: 1.0
