cost_values:
  wind_capex: 5000.0
  wind_opex: 100
  wind_lifetime: 20
  solar_capex: 1000.0
  solar_opex: 10
  solar_lifetime: 20
  carbon_price: 1.0
timeseries_values:
  load_level: 267544.74176113453
  wind_year: 2011
  solar_year: 2013
  price_year: 2023
  carbon_year: 2023
storage_values:
  CAES:
    cost: 23.0181
    lifetime: 26.0587
    annual_cost: 0.8833172798336064
    efficiency: 0.58475
    discharge_ratio: 0.1
    depth_of_discharge: 0.4
  Li-ion:
    cost: 243.196
    lifetime: 26.3128
    annual_cost: 9.242497947766866
    efficiency: 0.865935
    discharge_ratio: 2
    depth_of_discharge: 0.9
  Pb-acid:
    cost: 172.724
    lifetime: 6.94658
    annual_cost: 24.864609635244967
    efficiency: 0.731487
    discharge_ratio: 5
    depth_of_discharge: 0.5
  VRBF:
    cost: 275.004
    lifetime: 14.9181
    annual_cost: 18.434251010517425
    efficiency: 0.78089
    discharge_ratio: 0.5
    depth_of_discharge: 1.0
