cost_values:
  wind_capex: 5000.0
  wind_opex: 100
  wind_lifetime: 20
  solar_capex: 1000.0
  solar_opex: 10
  solar_lifetime: 20
  carbon_price: 1.0
timeseries_values:
  load_level: 267544.74176113453
  wind_year: 2011
  solar_year: 2013
  price_year: 2023
  carbon_year: 2023
storage_values:
  CAES:
    cost: 20.7428
    lifetime: 26.3788
    annual_cost: 0.786343578934599
    efficiency: 0.585051
    discharge_ratio: 0.1
    depth_of_discharge: 0.4
  Li-ion:
    cost: 269.86
    lifetime: 27.9146
    annual_cost: 9.667342537596813
    efficiency: 0.894867
    discharge_ratio: 2
    depth_of_discharge: 0.9
  Pb-acid:
    cost: 145.974
    lifetime: 7.12827
    annual_cost: 20.478180540299398
    efficiency: 0.751885
    discharge_ratio: 5
    depth_of_discharge: 0.5
  VRBF:
    cost: 275.739
    lifetime: 14.9207
    annual_cost: 18.48029918167378
    efficiency: 0.773796
    discharge_ratio: 0.5
    depth_of_discharge: 1.0
