cost_values:
  wind_capex: 5000.0
  wind_opex: 100
  wind_lifetime: 20
  solar_capex: 1000.0
  solar_opex: 10
  solar_lifetime: 20
  carbon_price: 1.0
timeseries_values:
  load_level: 267544.74176113453
  wind_year: 2011
  solar_year: 2013
  price_year: 2023
  carbon_year: 2023
storage_values:
  CAES:
    cost: 29.9423
    lifetime: 26.461
    annual_cost: 1.1315634329768338
    efficiency: 0.584486
    discharge_ratio: 0.1
    depth_of_discharge: 0.4
  Li-ion:
    cost: 250.551
    lifetime: 26.7619
    annual_cost: 9.362227644524491
    efficiency: 0.867702
    discharge_ratio: 2
    depth_of_discharge: 0.9
  Pb-acid:
    cost: 156.494
    lifetime: 6.14608
    annual_cost: 25.462408559602217
    efficiency: 0.741712
    discharge_ratio: 5
    depth_of_discharge: 0.5
  VRBF:
    cost: 257.519
    lifetime: 17.7901
    annual_cost: 14.475410481110282
    efficiency: 0.780347
    discharge_ratio: 0.5
    depth_of_discharge: 1.0
