cost_values:
  wind_capex: 5000.0
  wind_opex: 100
  wind_lifetime: 20
  solar_capex: 1000.0
  solar_opex: 10
  solar_lifetime: 20
  carbon_price: 1.0
timeseries_values:
  load_level: 267544.74176113453
  wind_year: 2011
  solar_year: 2013
  price_year: 2023
  carbon_year: 2023
storage_values:
  CAES:
    cost: 33.3495
    lifetime: 26.7764
    annual_cost: 1.2454810952928699
    efficiency: 0.590543
    discharge_ratio: 0.1
    depth_of_discharge: 0.4
  Li-ion:
    cost: 246.96
    lifetime: 29.7822
    annual_cost: 8.292201382033564
    efficiency: 0.881532
    discharge_ratio: 2
    depth_of_discharge: 0.9
  Pb-acid:
    cost: 156.252
    lifetime: 6.01151
    annual_cost: 25.992138414474898
    efficiency: 0.730298
    discharge_ratio: 5
    depth_of_discharge: 0.5
  VRBF:
    cost: 293.769
    lifetime: 14.2023
    annual_cost: 20.68460742274139
    efficiency: 0.765783
    discharge_ratio: 0.5
    depth_of_discharge: 1.0
