cost_values:
  wind_capex: 5000.0
  wind_opex: 100
  wind_lifetime: 20
  solar_capex: 1000.0
  solar_opex: 10
  solar_lifetime: 20
  carbon_price: 1.0
timeseries_values:
  load_level: 267544.74176113453
  wind_year: 2011
  solar_year: 2013
  price_year: 2023
  carbon_year: 2023
storage_values:
  CAES:
    cost: 26.4907
    lifetime: 27.4774
    annual_cost: 0.9640904889108868
    efficiency: 0.582701
    discharge_ratio: 0.1
    depth_of_discharge: 0.4
  Li-ion:
    cost: 263.765
    lifetime: 28.4362
    annual_cost: 9.275676778191178
    efficiency: 0.885404
    discharge_ratio: 2
    depth_of_discharge: 0.9
  Pb-acid:
    cost: 133.119
    lifetime: 5.26196
    annual_cost: 25.298367908535983
    efficiency: 0.739573
    discharge_ratio: 5
    depth_of_discharge: 0.5
  VRBF:
    cost: 261.508
    lifetime: 15.6206
    annual_cost: 16.74122632933434
    efficiency: 0.769277
    discharge_ratio: 0.5
    depth_of_discharge: 1.0
