cost_values:
  wind_capex: 5000.0
  wind_opex: 100
  wind_lifetime: 20
  solar_capex: 1000.0
  solar_opex: 10
  solar_lifetime: 20
  carbon_price: 1.0
timeseries_values:
  load_level: 267544.74176113453
  wind_year: 2011
  solar_year: 2013
  price_year: 2023
  carbon_year: 2023
storage_values:
  CAES:
    cost: 28.5523
    lifetime: 26.1638
    annual_cost: 1.0912902560025683
    efficiency: 0.581645
    discharge_ratio: 0.1
    depth_of_discharge: 0.4
  Li-ion:
    cost: 247.415
    lifetime: 27.2172
    annual_cost: 9.090391370162985
    efficiency: 0.882097
    discharge_ratio: 2
    depth_of_discharge: 0.9
  Pb-acid:
    cost: 157.838
    lifetime: 7.37973
    annual_cost: 21.38804536209319
    efficiency: 0.735013
    discharge_ratio: 5
    depth_of_discharge: 0.5
  VRBF:
    cost: 218.452
    lifetime: 18.5563
    annual_cost: 11.77238996998324
    efficiency: 0.762421
    discharge_ratio: 0.5
    depth_of_discharge: 1.0
