cost_values:
  wind_capex: 5000.0
  wind_opex: 100
  wind_lifetime: 20
  solar_capex: 1000.0
  solar_opex: 10
  solar_lifetime: 20
  carbon_price: 1.0
timeseries_values:
  load_level: 267544.74176113453
  wind_year: 2011
  solar_year: 2013
  price_year: 2023
  carbon_year: 2023
storage_values:
  CAES:
    cost: 28.5318
    lifetime: 26.1171
    annual_cost: 1.092456666322065
    efficiency: 0.582893
    discharge_ratio: 0.1
    depth_of_discharge: 0.4
  Li-ion:
    cost: 253.094
    lifetime: 28.2582
    annual_cost: 8.956479889023363
    efficiency: 0.879192
    discharge_ratio: 2
    depth_of_discharge: 0.9
  Pb-acid:
    cost: 153.277
    lifetime: 5.41192
    annual_cost: 28.32211119159189
    efficiency: 0.733257
    discharge_ratio: 5
    depth_of_discharge: 0.5
  VRBF:
    cost: 262.32
    lifetime: 16.956
    annual_cost: 15.470629865534324
    efficiency: 0.775331
    discharge_ratio: 0.5
    depth_of_discharge: 1.0
