cost_values:
  wind_capex: 5000.0
  wind_opex: 100
  wind_lifetime: 20
  solar_capex: 1000.0
  solar_opex: 10
  solar_lifetime: 20
  carbon_price: 1.0
timeseries_values:
  load_level: 267544.74176113453
  wind_year: 2011
  solar_year: 2013
  price_year: 2023
  carbon_year: 2023
storage_values:
  CAES:
    cost: 24.497
    lifetime: 26.0276
    annual_cost: 0.9411931949161659
    efficiency: 0.581924
    discharge_ratio: 0.1
    depth_of_discharge: 0.4
  Li-ion:
    cost: 239.433
    lifetime: 27.2198
    annual_cost: 8.796280648645471
    efficiency: 0.869652
    discharge_ratio: 2
    depth_of_discharge: 0.9
  Pb-acid:
    cost: 137.651
    lifetime: 8.23288
    annual_cost: 16.719665536240054
    efficiency: 0.738697
    discharge_ratio: 5
    depth_of_discharge: 0.5
  VRBF:
    cost: 262.347
    lifetime: 14.8481
    annual_cost: 17.66872529145143
    efficiency: 0.776503
    discharge_ratio: 0.5
    depth_of_discharge: 1.0
