cost_values:
  wind_capex: 5000.0
  wind_opex: 100
  wind_lifetime: 20
  solar_capex: 1000.0
  solar_opex: 10
  solar_lifetime: 20
  carbon_price: 1.0
timeseries_values:
  load_level: 267544.74176113453
  wind_year: 2011
  solar_year: 2013
  price_year: 2023
  carbon_year: 2023
storage_values:
  CAES:
    cost: 23.4226
    lifetime: 26.7631
    annual_cost: 0.8751826208473606
    efficiency: 0.58245
    discharge_ratio: 0.1
    depth_of_discharge: 0.4
  Li-ion:
    cost: 242.306
    lifetime: 29.4524
    annual_cost: 8.227037524955522
    efficiency: 0.883001
    discharge_ratio: 2
    depth_of_discharge: 0.9
  Pb-acid:
    cost: 134.913
    lifetime: 5.9812
    annual_cost: 22.55617601819033
    efficiency: 0.745685
    discharge_ratio: 5
    depth_of_discharge: 0.5
  VRBF:
    cost: 273.422
    lifetime: 17.3984
    annual_cost: 15.715353135920546
    efficiency: 0.760805
    discharge_ratio: 0.5
    depth_of_discharge: 1.0
