cost_values:
  wind_capex: 5000.0
  wind_opex: 100
  wind_lifetime: 20
  solar_capex: 1000.0
  solar_opex: 10
  solar_lifetime: 20
  carbon_price: 1.0
timeseries_values:
  load_level: 200104.54069594597
  wind_year: 2011
  solar_year: 2012
  price_year: 2023
  carbon_year: 2023
storage_values:
  CAES:
    cost: 34.2151
    lifetime: 20.6788
    annual_cost: 1.6545979457221889
    efficiency: 0.557728
    discharge_ratio: 0.1
    depth_of_discharge: 0.4
  Li-ion:
    cost: 138.802
    lifetime: 10.5339
    annual_cost: 13.176696190394821
    efficiency: 0.915756
    discharge_ratio: 2
    depth_of_discharge: 0.9
  Pb-acid:
    cost: 143.724
    lifetime: 9.73602
    annual_cost: 14.762089642379534
    efficiency: 0.70477
    discharge_ratio: 5
    depth_of_discharge: 0.5
  VRBF:
    cost: 160.425
    lifetime: 18.008
    annual_cost: 8.908540648600622
    efficiency: 0.756428
    discharge_ratio: 0.5
    depth_of_discharge: 1.0
