cost_values:
  wind_capex: 5000.0
  wind_opex: 100
  wind_lifetime: 20
  solar_capex: 1000.0
  solar_opex: 10
  solar_lifetime: 20
  carbon_price: 1.0
timeseries_values:
  load_level: 200104.54069594597
  wind_year: 2011
  solar_year: 2012
  price_year: 2023
  carbon_year: 2023
storage_values:
  CAES:
    cost: 27.7149
    lifetime: 21.4039
    annual_cost: 1.294852807198688
    efficiency: 0.566963
    discharge_ratio: 0.1
    depth_of_discharge: 0.4
  Li-ion:
    cost: 131.647
    lifetime: 10.46
    annual_cost: 12.585755258126193
    efficiency: 0.906575
    discharge_ratio: 2
    depth_of_discharge: 0.9
  Pb-acid:
    cost: 174.244
    lifetime: 11.0899
    annual_cost: 15.711954120415873
    efficiency: 0.711932
    discharge_ratio: 5
    depth_of_discharge: 0.5
  VRBF:
    cost: 129.835
    lifetime: 18.9762
    annual_cost: 6.841991547306627
    efficiency: 0.756502
    discharge_ratio: 0.5
    depth_of_discharge: 1.0
