cost_values:
  wind_capex: 5000.0
  wind_opex: 100
  wind_lifetime: 20
  solar_capex: 1000.0
  solar_opex: 10
  solar_lifetime: 20
  carbon_price: 1.0
timeseries_values:
  load_level: 200104.54069594597
  wind_year: 2011
  solar_year: 2012
  price_year: 2023
  carbon_year: 2023
storage_values:
  CAES:
    cost: 27.9968
    lifetime: 21.078
    annual_cost: 1.3282474618085207
    efficiency: 0.564101
    discharge_ratio: 0.1
    depth_of_discharge: 0.4
  Li-ion:
    cost: 143.886
    lifetime: 12.4377
    annual_cost: 11.568537591355314
    efficiency: 0.903486
    discharge_ratio: 2
    depth_of_discharge: 0.9
  Pb-acid:
    cost: 163.6
    lifetime: 10.4668
    annual_cost: 15.630374135361334
    efficiency: 0.705638
    discharge_ratio: 5
    depth_of_discharge: 0.5
  VRBF:
    cost: 172.475
    lifetime: 17.9775
    annual_cost: 9.593936865526352
    efficiency: 0.793585
    discharge_ratio: 0.5
    depth_of_discharge: 1.0
