cost_values:
  wind_capex: 5000.0
  wind_opex: 100
  wind_lifetime: 20
  solar_capex: 1000.0
  solar_opex: 10
  solar_lifetime: 20
  carbon_price: 1.0
timeseries_values:
  load_level: 200104.54069594597
  wind_year: 2011
  solar_year: 2012
  price_year: 2023
  carbon_year: 2023
storage_values:
  CAES:
    cost: 35.6117
    lifetime: 20.713
    annual_cost: 1.719292231931637
    efficiency: 0.570546
    discharge_ratio: 0.1
    depth_of_discharge: 0.4
  Li-ion:
    cost: 117.275
    lifetime: 10.8903
    annual_cost: 10.768757518158361
    efficiency: 0.912302
    discharge_ratio: 2
    depth_of_discharge: 0.9
  Pb-acid:
    cost: 154.146
    lifetime: 8.70367
    annual_cost: 17.710460070292186
    efficiency: 0.707582
    discharge_ratio: 5
    depth_of_discharge: 0.5
  VRBF:
    cost: 142.541
    lifetime: 17.2579
    annual_cost: 8.259463781804275
    efficiency: 0.75354
    discharge_ratio: 0.5
    depth_of_discharge: 1.0
