cost_values:
  wind_capex: 5000.0
  wind_opex: 100
  wind_lifetime: 20
  solar_capex: 1000.0
  solar_opex: 10
  solar_lifetime: 20
  carbon_price: 1.0
timeseries_values:
  load_level: 200104.54069594597
  wind_year: 2011
  solar_year: 2012
  price_year: 2023
  carbon_year: 2023
storage_values:
  CAES:
    cost: 30.3044
    lifetime: 21.1432
    annual_cost: 1.4332929736274547
    efficiency: 0.55724
    discharge_ratio: 0.1
    depth_of_discharge: 0.4
  Li-ion:
    cost: 130.393
    lifetime: 11.2046
    annual_cost: 11.63745247487639
    efficiency: 0.893837
    discharge_ratio: 2
    depth_of_discharge: 0.9
  Pb-acid:
    cost: 153.262
    lifetime: 10.4302
    annual_cost: 14.694061475331251
    efficiency: 0.708852
    discharge_ratio: 5
    depth_of_discharge: 0.5
  VRBF:
    cost: 151.613
    lifetime: 18.2209
    annual_cost: 8.320829377253594
    efficiency: 0.752242
    discharge_ratio: 0.5
    depth_of_discharge: 1.0
