cost_values:
  wind_capex: 5000.0
  wind_opex: 100
  wind_lifetime: 20
  solar_capex: 1000.0
  solar_opex: 10
  solar_lifetime: 20
  carbon_price: 1.0
timeseries_values:
  load_level: 200104.54069594597
  wind_year: 2011
  solar_year: 2012
  price_year: 2023
  carbon_year: 2023
storage_values:
  CAES:
    cost: 30.5275
    lifetime: 20.5874
    annual_cost: 1.4828244460203814
    efficiency: 0.561882
    discharge_ratio: 0.1
    depth_of_discharge: 0.4
  Li-ion:
    cost: 133.008
    lifetime: 12.4024
    annual_cost: 10.72437592723989
    efficiency: 0.902768
    discharge_ratio: 2
    depth_of_discharge: 0.9
  Pb-acid:
    cost: 122.698
    lifetime: 10.7509
    annual_cost: 11.41281195062739
    efficiency: 0.719616
    discharge_ratio: 5
    depth_of_discharge: 0.5
  VRBF:
    cost: 175.028
    lifetime: 16.6899
    annual_cost: 10.48706103691454
    efficiency: 0.748802
    discharge_ratio: 0.5
    depth_of_discharge: 1.0
