cost_values:
  wind_capex: 5000.0
  wind_opex: 100
  wind_lifetime: 20
  solar_capex: 1000.0
  solar_opex: 10
  solar_lifetime: 20
  carbon_price: 1.0
timeseries_values:
  load_level: 200104.54069594597
  wind_year: 2011
  solar_year: 2012
  price_year: 2023
  carbon_year: 2023
storage_values:
  CAES:
    cost: 33.1858
    lifetime: 20.8066
    annual_cost: 1.5949650591639193
    efficiency: 0.559202
    discharge_ratio: 0.1
    depth_of_discharge: 0.4
  Li-ion:
    cost: 145.838
    lifetime: 12.6736
    annual_cost: 11.5072276227749
    efficiency: 0.914127
    discharge_ratio: 2
    depth_of_discharge: 0.9
  Pb-acid:
    cost: 179.55
    lifetime: 10.8217
    annual_cost: 16.591663047395514
    efficiency: 0.722257
    discharge_ratio: 5
    depth_of_discharge: 0.5
  VRBF:
    cost: 173.548
    lifetime: 17.621
    annual_cost: 9.848930253674594
    efficiency: 0.754419
    discharge_ratio: 0.5
    depth_of_discharge: 1.0
