cost_values:
  wind_capex: 5000.0
  wind_opex: 100
  wind_lifetime: 20
  solar_capex: 1000.0
  solar_opex: 10
  solar_lifetime: 20
  carbon_price: 1.0
timeseries_values:
  load_level: 200104.54069594597
  wind_year: 2011
  solar_year: 2012
  price_year: 2023
  carbon_year: 2023
storage_values:
  CAES:
    cost: 28.9508
    lifetime: 20.7212
    annual_cost: 1.3971584657259233
    efficiency: 0.564123
    discharge_ratio: 0.1
    depth_of_discharge: 0.4
  Li-ion:
    cost: 137.393
    lifetime: 10.2346
    annual_cost: 13.424364410919821
    efficiency: 0.910722
    discharge_ratio: 2
    depth_of_discharge: 0.9
  Pb-acid:
    cost: 186.795
    lifetime: 11.9333
    annual_cost: 15.653256014681606
    efficiency: 0.719702
    discharge_ratio: 5
    depth_of_discharge: 0.5
  VRBF:
    cost: 156.799
    lifetime: 17.8443
    annual_cost: 8.787063656181527
    efficiency: 0.755125
    discharge_ratio: 0.5
    depth_of_discharge: 1.0
