cost_values:
  wind_capex: 5000.0
  wind_opex: 100
  wind_lifetime: 20
  solar_capex: 1000.0
  solar_opex: 10
  solar_lifetime: 20
  carbon_price: 1.0
timeseries_values:
  load_level: 200104.54069594597
  wind_year: 2011
  solar_year: 2012
  price_year: 2023
  carbon_year: 2023
storage_values:
  CAES:
    cost: 35.8956
    lifetime: 21.1076
    annual_cost: 1.7006007314900793
    efficiency: 0.562155
    discharge_ratio: 0.1
    depth_of_discharge: 0.4
  Li-ion:
    cost: 153.085
    lifetime: 11.1121
    annual_cost: 13.776423898273055
    efficiency: 0.910248
    discharge_ratio: 2
    depth_of_discharge: 0.9
  Pb-acid:
    cost: 165.633
    lifetime: 9.10991
    annual_cost: 18.181628578108896
    efficiency: 0.713644
    discharge_ratio: 5
    depth_of_discharge: 0.5
  VRBF:
    cost: 156.504
    lifetime: 18.0906
    annual_cost: 8.651122682498093
    efficiency: 0.762974
    discharge_ratio: 0.5
    depth_of_discharge: 1.0
