cost_values:
  wind_capex: 5000.0
  wind_opex: 100
  wind_lifetime: 20
  solar_capex: 1000.0
  solar_opex: 10
  solar_lifetime: 20
  carbon_price: 1.0
timeseries_values:
  load_level: 200104.54069594597
  wind_year: 2011
  solar_year: 2012
  price_year: 2023
  carbon_year: 2023
storage_values:
  CAES:
    cost: 32.5996
    lifetime: 21.1087
    annual_cost: 1.5443679620251367
    efficiency: 0.550796
    discharge_ratio: 0.1
    depth_of_discharge: 0.4
  Li-ion:
    cost: 144.935
    lifetime: 10.6304
    annual_cost: 13.634011890427454
    efficiency: 0.896211
    discharge_ratio: 2
    depth_of_discharge: 0.9
  Pb-acid:
    cost: 161.89
    lifetime: 9.37415
    annual_cost: 17.26983246481014
    efficiency: 0.732974
    discharge_ratio: 5
    depth_of_discharge: 0.5
  VRBF:
    cost: 130.341
    lifetime: 19.9654
    annual_cost: 6.528344035180863
    efficiency: 0.733947
    discharge_ratio: 0.5
    depth_of_discharge: 1.0
