cost_values:
  wind_capex: 5000.0
  wind_opex: 100
  wind_lifetime: 20
  solar_capex: 1000.0
  solar_opex: 10
  solar_lifetime: 20
  carbon_price: 1.0
timeseries_values:
  load_level: 200104.54069594597
  wind_year: 2011
  solar_year: 2012
  price_year: 2023
  carbon_year: 2023
storage_values:
  CAES:
    cost: 25.9088
    lifetime: 21.7019
    annual_cost: 1.19384938645925
    efficiency: 0.567421
    discharge_ratio: 0.1
    depth_of_discharge: 0.4
  Li-ion:
    cost: 154.252
    lifetime: 12.2593
    annual_cost: 12.582447611201292
    efficiency: 0.896889
    discharge_ratio: 2
    depth_of_discharge: 0.9
  Pb-acid:
    cost: 151.674
    lifetime: 9.81755
    annual_cost: 15.44927196703862
    efficiency: 0.707182
    discharge_ratio: 5
    depth_of_discharge: 0.5
  VRBF:
    cost: 188.561
    lifetime: 19.4339
    annual_cost: 9.70268448432893
    efficiency: 0.751537
    discharge_ratio: 0.5
    depth_of_discharge: 1.0
