cost_values:
  wind_capex: 5000.0
  wind_opex: 100
  wind_lifetime: 20
  solar_capex: 1000.0
  solar_opex: 10
  solar_lifetime: 20
  carbon_price: 1.0
timeseries_values:
  load_level: 200104.54069594597
  wind_year: 2011
  solar_year: 2012
  price_year: 2023
  carbon_year: 2023
storage_values:
  CAES:
    cost: 32.021
    lifetime: 20.8282
    annual_cost: 1.537386812110504
    efficiency: 0.560503
    discharge_ratio: 0.1
    depth_of_discharge: 0.4
  Li-ion:
    cost: 116.853
    lifetime: 12.7983
    annual_cost: 9.13035325004102
    efficiency: 0.902213
    discharge_ratio: 2
    depth_of_discharge: 0.9
  Pb-acid:
    cost: 154.539
    lifetime: 9.02712
    annual_cost: 17.11941350065137
    efficiency: 0.708965
    discharge_ratio: 5
    depth_of_discharge: 0.5
  VRBF:
    cost: 168.302
    lifetime: 16.126
    annual_cost: 10.436686096986232
    efficiency: 0.762372
    discharge_ratio: 0.5
    depth_of_discharge: 1.0
