cost_values:
  wind_capex: 5000.0
  wind_opex: 100
  wind_lifetime: 20
  solar_capex: 1000.0
  solar_opex: 10
  solar_lifetime: 20
  carbon_price: 1.0
timeseries_values:
  load_level: 200104.54069594597
  wind_year: 2011
  solar_year: 2012
  price_year: 2023
  carbon_year: 2023
storage_values:
  CAES:
    cost: 27.4463
    lifetime: 20.8719
    annual_cost: 1.3149880940403127
    efficiency: 0.555267
    discharge_ratio: 0.1
    depth_of_discharge: 0.4
  Li-ion:
    cost: 135.972
    lifetime: 11.1532
    annual_cost: 12.191299358031776
    efficiency: 0.902927
    discharge_ratio: 2
    depth_of_discharge: 0.9
  Pb-acid:
    cost: 153.336
    lifetime: 9.40418
    annual_cost: 16.305089864294388
    efficiency: 0.730256
    discharge_ratio: 5
    depth_of_discharge: 0.5
  VRBF:
    cost: 156.928
    lifetime: 18.171
    annual_cost: 8.636178526223103
    efficiency: 0.748281
    discharge_ratio: 0.5
    depth_of_discharge: 1.0
