cost_values:
  wind_capex: 5000.0
  wind_opex: 100
  wind_lifetime: 20
  solar_capex: 1000.0
  solar_opex: 10
  solar_lifetime: 20
  carbon_price: 1.0
timeseries_values:
  load_level: 200104.54069594597
  wind_year: 2011
  solar_year: 2012
  price_year: 2023
  carbon_year: 2023
storage_values:
  CAES:
    cost: 25.1089
    lifetime: 20.7969
    annual_cost: 1.2073385937327197
    efficiency: 0.551743
    discharge_ratio: 0.1
    depth_of_discharge: 0.4
  Li-ion:
    cost: 147.264
    lifetime: 12.9308
    annual_cost: 11.388622513688249
    efficiency: 0.912566
    discharge_ratio: 2
    depth_of_discharge: 0.9
  Pb-acid:
    cost: 141.203
    lifetime: 10.7289
    annual_cost: 13.160995069392017
    efficiency: 0.708614
    discharge_ratio: 5
    depth_of_discharge: 0.5
  VRBF:
    cost: 168.012
    lifetime: 19.9061
    annual_cost: 8.440226865131795
    efficiency: 0.735108
    discharge_ratio: 0.5
    depth_of_discharge: 1.0
