cost_values:
  wind_capex: 5000.0
  wind_opex: 100
  wind_lifetime: 20
  solar_capex: 1000.0
  solar_opex: 10
  solar_lifetime: 20
  carbon_price: 1.0
timeseries_values:
  load_level: 200104.54069594597
  wind_year: 2011
  solar_year: 2012
  price_year: 2023
  carbon_year: 2023
storage_values:
  CAES:
    cost: 33.687
    lifetime: 20.9029
    annual_cost: 1.6115945634337818
    efficiency: 0.568793
    discharge_ratio: 0.1
    depth_of_discharge: 0.4
  Li-ion:
    cost: 138.885
    lifetime: 10.3216
    annual_cost: 13.455762672453883
    efficiency: 0.916011
    discharge_ratio: 2
    depth_of_discharge: 0.9
  Pb-acid:
    cost: 156.204
    lifetime: 10.6173
    annual_cost: 14.712214969907604
    efficiency: 0.711412
    discharge_ratio: 5
    depth_of_discharge: 0.5
  VRBF:
    cost: 174.662
    lifetime: 17.9276
    annual_cost: 9.742631473259108
    efficiency: 0.740559
    discharge_ratio: 0.5
    depth_of_discharge: 1.0
