cost_values:
  wind_capex: 5000.0
  wind_opex: 100
  wind_lifetime: 20
  solar_capex: 1000.0
  solar_opex: 10
  solar_lifetime: 20
  carbon_price: 1.0
timeseries_values:
  load_level: 200104.54069594597
  wind_year: 2011
  solar_year: 2012
  price_year: 2023
  carbon_year: 2023
storage_values:
  CAES:
    cost: 35.1746
    lifetime: 21.3025
    annual_cost: 1.6511958690294566
    efficiency: 0.560213
    discharge_ratio: 0.1
    depth_of_discharge: 0.4
  Li-ion:
    cost: 135.517
    lifetime: 10.4545
    annual_cost: 12.9625520110957
    efficiency: 0.886631
    discharge_ratio: 2
    depth_of_discharge: 0.9
  Pb-acid:
    cost: 175.446
    lifetime: 12.5567
    annual_cost: 13.97230163976204
    efficiency: 0.707736
    discharge_ratio: 5
    depth_of_discharge: 0.5
  VRBF:
    cost: 167.576
    lifetime: 18.4672
    annual_cost: 9.074250563160632
    efficiency: 0.753487
    discharge_ratio: 0.5
    depth_of_discharge: 1.0
