cost_values:
  wind_capex: 5000.0
  wind_opex: 100
  wind_lifetime: 20
  solar_capex: 1000.0
  solar_opex: 10
  solar_lifetime: 20
  carbon_price: 1.0
timeseries_values:
  load_level: 200104.54069594597
  wind_year: 2011
  solar_year: 2012
  price_year: 2023
  carbon_year: 2023
storage_values:
  CAES:
    cost: 31.9132
    lifetime: 20.8952
    annual_cost: 1.527298135456947
    efficiency: 0.567437
    discharge_ratio: 0.1
    depth_of_discharge: 0.4
  Li-ion:
    cost: 155.951
    lifetime: 10.9976
    annual_cost: 14.180457554375499
    efficiency: 0.90531
    discharge_ratio: 2
    depth_of_discharge: 0.9
  Pb-acid:
    cost: 154.512
    lifetime: 10.299
    annual_cost: 15.002621613748909
    efficiency: 0.724962
    discharge_ratio: 5
    depth_of_discharge: 0.5
  VRBF:
    cost: 126.147
    lifetime: 15.5602
    annual_cost: 8.107029472628886
    efficiency: 0.74327
    discharge_ratio: 0.5
    depth_of_discharge: 1.0
