cost_values:
  wind_capex: 5000.0
  wind_opex: 100
  wind_lifetime: 20
  solar_capex: 1000.0
  solar_opex: 10
  solar_lifetime: 20
  carbon_price: 1.0
timeseries_values:
  load_level: 200104.54069594597
  wind_year: 2011
  solar_year: 2012
  price_year: 2023
  carbon_year: 2023
storage_values:
  CAES:
    cost: 32.4159
    lifetime: 21.157
    annual_cost: 1.532159568936995
    efficiency: 0.562733
    discharge_ratio: 0.1
    depth_of_discharge: 0.4
  Li-ion:
    cost: 154.721
    lifetime: 11.8034
    annual_cost: 13.10817222156328
    efficiency: 0.909148
    discharge_ratio: 2
    depth_of_discharge: 0.9
  Pb-acid:
    cost: 163.583
    lifetime: 10.7763
    annual_cost: 15.179885489453707
    efficiency: 0.700505
    discharge_ratio: 5
    depth_of_discharge: 0.5
  VRBF:
    cost: 162.869
    lifetime: 18.922
    annual_cost: 8.607388225346158
    efficiency: 0.757078
    discharge_ratio: 0.5
    depth_of_discharge: 1.0
