cost_values:
  wind_capex: 5000.0
  wind_opex: 100
  wind_lifetime: 20
  solar_capex: 1000.0
  solar_opex: 10
  solar_lifetime: 20
  carbon_price: 1.0
timeseries_values:
  load_level: 200104.54069594597
  wind_year: 2011
  solar_year: 2012
  price_year: 2023
  carbon_year: 2023
storage_values:
  CAES:
    cost: 30.3567
    lifetime: 20.2097
    annual_cost: 1.5020856321469391
    efficiency: 0.560085
    discharge_ratio: 0.1
    depth_of_discharge: 0.4
  Li-ion:
    cost: 125.932
    lifetime: 10.2759
    annual_cost: 12.255082279897625
    efficiency: 0.904467
    discharge_ratio: 2
    depth_of_discharge: 0.9
  Pb-acid:
    cost: 140.829
    lifetime: 9.07243
    annual_cost: 15.522743079858428
    efficiency: 0.706807
    discharge_ratio: 5
    depth_of_discharge: 0.5
  VRBF:
    cost: 210.914
    lifetime: 17.5696
    annual_cost: 12.004485019579272
    efficiency: 0.766226
    discharge_ratio: 0.5
    depth_of_discharge: 1.0
