cost_values:
  wind_capex: 5000.0
  wind_opex: 100
  wind_lifetime: 20
  solar_capex: 1000.0
  solar_opex: 10
  solar_lifetime: 20
  carbon_price: 1.0
timeseries_values:
  load_level: 200104.54069594597
  wind_year: 2011
  solar_year: 2012
  price_year: 2023
  carbon_year: 2023
storage_values:
  CAES:
    cost: 28.6203
    lifetime: 20.6578
    annual_cost: 1.385447627530521
    efficiency: 0.556192
    discharge_ratio: 0.1
    depth_of_discharge: 0.4
  Li-ion:
    cost: 130.08
    lifetime: 11.5031
    annual_cost: 11.308256035329608
    efficiency: 0.916052
    discharge_ratio: 2
    depth_of_discharge: 0.9
  Pb-acid:
    cost: 142.256
    lifetime: 10.5658
    annual_cost: 13.463817221601772
    efficiency: 0.725101
    discharge_ratio: 5
    depth_of_discharge: 0.5
  VRBF:
    cost: 169.958
    lifetime: 19.1994
    annual_cost: 8.852255799660405
    efficiency: 0.747228
    discharge_ratio: 0.5
    depth_of_discharge: 1.0
