cost_values:
  wind_capex: 5000.0
  wind_opex: 100
  wind_lifetime: 20
  solar_capex: 1000.0
  solar_opex: 10
  solar_lifetime: 20
  carbon_price: 1.0
timeseries_values:
  load_level: 200104.54069594597
  wind_year: 2011
  solar_year: 2012
  price_year: 2023
  carbon_year: 2023
storage_values:
  CAES:
    cost: 32.0865
    lifetime: 21.4706
    annual_cost: 1.4944389071567632
    efficiency: 0.564895
    discharge_ratio: 0.1
    depth_of_discharge: 0.4
  Li-ion:
    cost: 125.854
    lifetime: 10.4656
    annual_cost: 12.025493043877082
    efficiency: 0.907371
    discharge_ratio: 2
    depth_of_discharge: 0.9
  Pb-acid:
    cost: 156.256
    lifetime: 9.03974
    annual_cost: 17.28545290019403
    efficiency: 0.714872
    discharge_ratio: 5
    depth_of_discharge: 0.5
  VRBF:
    cost: 151.796
    lifetime: 18.8952
    annual_cost: 8.03357466446505
    efficiency: 0.770405
    discharge_ratio: 0.5
    depth_of_discharge: 1.0
