cost_values:
  wind_capex: 5000.0
  wind_opex: 100
  wind_lifetime: 20
  solar_capex: 1000.0
  solar_opex: 10
  solar_lifetime: 20
  carbon_price: 1.0
timeseries_values:
  load_level: 200104.54069594597
  wind_year: 2011
  solar_year: 2012
  price_year: 2023
  carbon_year: 2023
storage_values:
  CAES:
    cost: 32.0228
    lifetime: 20.5482
    annual_cost: 1.558423608880583
    efficiency: 0.559196
    discharge_ratio: 0.1
    depth_of_discharge: 0.4
  Li-ion:
    cost: 151.607
    lifetime: 12.1398
    annual_cost: 12.48842649796537
    efficiency: 0.916282
    discharge_ratio: 2
    depth_of_discharge: 0.9
  Pb-acid:
    cost: 166.324
    lifetime: 7.89815
    annual_cost: 21.0586023309256
    efficiency: 0.711468
    discharge_ratio: 5
    depth_of_discharge: 0.5
  VRBF:
    cost: 179.127
    lifetime: 18.0737
    annual_cost: 9.910920287489558
    efficiency: 0.735574
    discharge_ratio: 0.5
    depth_of_discharge: 1.0
