cost_values:
  wind_capex: 5000.0
  wind_opex: 100
  wind_lifetime: 20
  solar_capex: 1000.0
  solar_opex: 10
  solar_lifetime: 20
  carbon_price: 1.0
timeseries_values:
  load_level: 200104.54069594597
  wind_year: 2011
  solar_year: 2012
  price_year: 2023
  carbon_year: 2023
storage_values:
  CAES:
    cost: 26.3735
    lifetime: 21.2664
    annual_cost: 1.240148779295038
    efficiency: 0.56019
    discharge_ratio: 0.1
    depth_of_discharge: 0.4
  Li-ion:
    cost: 129.595
    lifetime: 11.179
    annual_cost: 11.592718490025941
    efficiency: 0.903403
    discharge_ratio: 2
    depth_of_discharge: 0.9
  Pb-acid:
    cost: 132.192
    lifetime: 8.81813
    annual_cost: 14.990933451876986
    efficiency: 0.705317
    discharge_ratio: 5
    depth_of_discharge: 0.5
  VRBF:
    cost: 163.834
    lifetime: 20.2508
    annual_cost: 8.090248286487446
    efficiency: 0.764563
    discharge_ratio: 0.5
    depth_of_discharge: 1.0
