cost_values:
  wind_capex: 5000.0
  wind_opex: 100
  wind_lifetime: 20
  solar_capex: 1000.0
  solar_opex: 10
  solar_lifetime: 20
  carbon_price: 1.0
timeseries_values:
  load_level: 200104.54069594597
  wind_year: 2011
  solar_year: 2012
  price_year: 2023
  carbon_year: 2023
storage_values:
  CAES:
    cost: 31.4193
    lifetime: 21.0987
    annual_cost: 1.4891580997881386
    efficiency: 0.567423
    discharge_ratio: 0.1
    depth_of_discharge: 0.4
  Li-ion:
    cost: 138.881
    lifetime: 11.8643
    annual_cost: 11.705789637821026
    efficiency: 0.929314
    discharge_ratio: 2
    depth_of_discharge: 0.9
  Pb-acid:
    cost: 144.92
    lifetime: 9.88013
    annual_cost: 14.667823196658343
    efficiency: 0.706742
    discharge_ratio: 5
    depth_of_discharge: 0.5
  VRBF:
    cost: 153.393
    lifetime: 18.1984
    annual_cost: 8.42892781783014
    efficiency: 0.754668
    discharge_ratio: 0.5
    depth_of_discharge: 1.0
