cost_values:
  wind_capex: 5000.0
  wind_opex: 100
  wind_lifetime: 20
  solar_capex: 1000.0
  solar_opex: 10
  solar_lifetime: 20
  carbon_price: 1.0
timeseries_values:
  load_level: 200104.54069594597
  wind_year: 2011
  solar_year: 2012
  price_year: 2023
  carbon_year: 2023
storage_values:
  CAES:
    cost: 29.6823
    lifetime: 20.5673
    annual_cost: 1.443179221385403
    efficiency: 0.561414
    discharge_ratio: 0.1
    depth_of_discharge: 0.4
  Li-ion:
    cost: 131.735
    lifetime: 11.4207
    annual_cost: 11.534757063927781
    efficiency: 0.899456
    discharge_ratio: 2
    depth_of_discharge: 0.9
  Pb-acid:
    cost: 144.508
    lifetime: 9.86012
    annual_cost: 14.6558054060194
    efficiency: 0.715582
    discharge_ratio: 5
    depth_of_discharge: 0.5
  VRBF:
    cost: 135.0
    lifetime: 18.607
    annual_cost: 7.255334014080723
    efficiency: 0.766979
    discharge_ratio: 0.5
    depth_of_discharge: 1.0
