cost_values:
  wind_capex: 5000.0
  wind_opex: 100
  wind_lifetime: 20
  solar_capex: 1000.0
  solar_opex: 10
  solar_lifetime: 20
  carbon_price: 1.0
timeseries_values:
  load_level: 200104.54069594597
  wind_year: 2011
  solar_year: 2012
  price_year: 2023
  carbon_year: 2023
storage_values:
  CAES:
    cost: 23.8308
    lifetime: 20.7455
    annual_cost: 1.148721409462293
    efficiency: 0.559104
    discharge_ratio: 0.1
    depth_of_discharge: 0.4
  Li-ion:
    cost: 146.906
    lifetime: 10.8286
    annual_cost: 13.566481354930463
    efficiency: 0.908053
    discharge_ratio: 2
    depth_of_discharge: 0.9
  Pb-acid:
    cost: 160.126
    lifetime: 10.0852
    annual_cost: 15.877325189386427
    efficiency: 0.718514
    discharge_ratio: 5
    depth_of_discharge: 0.5
  VRBF:
    cost: 180.938
    lifetime: 19.398
    annual_cost: 9.32766264563357
    efficiency: 0.736867
    discharge_ratio: 0.5
    depth_of_discharge: 1.0
