cost_values:
  wind_capex: 5000.0
  wind_opex: 100
  wind_lifetime: 20
  solar_capex: 1000.0
  solar_opex: 10
  solar_lifetime: 20
  carbon_price: 1.0
timeseries_values:
  load_level: 200104.54069594597
  wind_year: 2011
  solar_year: 2012
  price_year: 2023
  carbon_year: 2023
storage_values:
  CAES:
    cost: 35.0302
    lifetime: 21.2861
    annual_cost: 1.6456842728353245
    efficiency: 0.570922
    discharge_ratio: 0.1
    depth_of_discharge: 0.4
  Li-ion:
    cost: 160.299
    lifetime: 10.1637
    annual_cost: 15.771716992827415
    efficiency: 0.903058
    discharge_ratio: 2
    depth_of_discharge: 0.9
  Pb-acid:
    cost: 151.548
    lifetime: 10.1242
    annual_cost: 14.968886430532782
    efficiency: 0.726092
    discharge_ratio: 5
    depth_of_discharge: 0.5
  VRBF:
    cost: 140.452
    lifetime: 18.847
    annual_cost: 7.452220512548416
    efficiency: 0.761948
    discharge_ratio: 0.5
    depth_of_discharge: 1.0
