cost_values:
  wind_capex: 5000.0
  wind_opex: 100
  wind_lifetime: 20
  solar_capex: 1000.0
  solar_opex: 10
  solar_lifetime: 20
  carbon_price: 1.0
timeseries_values:
  load_level: 200104.54069594597
  wind_year: 2011
  solar_year: 2012
  price_year: 2023
  carbon_year: 2023
storage_values:
  CAES:
    cost: 34.9629
    lifetime: 21.8967
    annual_cost: 1.596720053706723
    efficiency: 0.561269
    discharge_ratio: 0.1
    depth_of_discharge: 0.4
  Li-ion:
    cost: 136.985
    lifetime: 10.0814
    annual_cost: 13.587894538456961
    efficiency: 0.92044
    discharge_ratio: 2
    depth_of_discharge: 0.9
  Pb-acid:
    cost: 133.783
    lifetime: 9.12915
    annual_cost: 14.654485905040447
    efficiency: 0.713252
    discharge_ratio: 5
    depth_of_discharge: 0.5
  VRBF:
    cost: 189.361
    lifetime: 20.0624
    annual_cost: 9.438601563123056
    efficiency: 0.757295
    discharge_ratio: 0.5
    depth_of_discharge: 1.0
