cost_values:
  wind_capex: 5000.0
  wind_opex: 100
  wind_lifetime: 20
  solar_capex: 1000.0
  solar_opex: 10
  solar_lifetime: 20
  carbon_price: 1.0
timeseries_values:
  load_level: 200104.54069594597
  wind_year: 2011
  solar_year: 2012
  price_year: 2023
  carbon_year: 2023
storage_values:
  CAES:
    cost: 34.8562
    lifetime: 20.8406
    annual_cost: 1.6725142270376094
    efficiency: 0.564204
    discharge_ratio: 0.1
    depth_of_discharge: 0.4
  Li-ion:
    cost: 150.737
    lifetime: 12.7472
    annual_cost: 11.825106690096648
    efficiency: 0.902663
    discharge_ratio: 2
    depth_of_discharge: 0.9
  Pb-acid:
    cost: 152.236
    lifetime: 10.2799
    annual_cost: 14.809093473671922
    efficiency: 0.719028
    discharge_ratio: 5
    depth_of_discharge: 0.5
  VRBF:
    cost: 183.167
    lifetime: 18.8411
    annual_cost: 9.721672301511058
    efficiency: 0.730675
    discharge_ratio: 0.5
    depth_of_discharge: 1.0
