cost_values:
  wind_capex: 5000.0
  wind_opex: 100
  wind_lifetime: 20
  solar_capex: 1000.0
  solar_opex: 10
  solar_lifetime: 20
  carbon_price: 1.0
timeseries_values:
  load_level: 200104.54069594597
  wind_year: 2011
  solar_year: 2012
  price_year: 2023
  carbon_year: 2023
storage_values:
  CAES:
    cost: 34.7578
    lifetime: 20.8148
    annual_cost: 1.6698599073735996
    efficiency: 0.554585
    discharge_ratio: 0.1
    depth_of_discharge: 0.4
  Li-ion:
    cost: 139.252
    lifetime: 10.9016
    annual_cost: 12.77353782930946
    efficiency: 0.893936
    discharge_ratio: 2
    depth_of_discharge: 0.9
  Pb-acid:
    cost: 153.792
    lifetime: 9.0867
    annual_cost: 16.924956254745947
    efficiency: 0.725293
    discharge_ratio: 5
    depth_of_discharge: 0.5
  VRBF:
    cost: 162.417
    lifetime: 17.4061
    annual_cost: 9.331039118469963
    efficiency: 0.749937
    discharge_ratio: 0.5
    depth_of_discharge: 1.0
