cost_values:
  wind_capex: 5000.0
  wind_opex: 100
  wind_lifetime: 20
  solar_capex: 1000.0
  solar_opex: 10
  solar_lifetime: 20
  carbon_price: 1.0
timeseries_values:
  load_level: 200104.54069594597
  wind_year: 2011
  solar_year: 2012
  price_year: 2023
  carbon_year: 2023
storage_values:
  CAES:
    cost: 26.4791
    lifetime: 20.1112
    annual_cost: 1.3166345121126535
    efficiency: 0.551632
    discharge_ratio: 0.1
    depth_of_discharge: 0.4
  Li-ion:
    cost: 123.192
    lifetime: 13.0125
    annual_cost: 9.46720461095101
    efficiency: 0.900966
    discharge_ratio: 2
    depth_of_discharge: 0.9
  Pb-acid:
    cost: 169.134
    lifetime: 10.0468
    annual_cost: 16.834614006449815
    efficiency: 0.709786
    discharge_ratio: 5
    depth_of_discharge: 0.5
  VRBF:
    cost: 158.455
    lifetime: 18.3322
    annual_cost: 8.643534327576614
    efficiency: 0.767696
    discharge_ratio: 0.5
    depth_of_discharge: 1.0
