cost_values:
  wind_capex: 5000.0
  wind_opex: 100
  wind_lifetime: 20
  solar_capex: 1000.0
  solar_opex: 10
  solar_lifetime: 20
  carbon_price: 1.0
timeseries_values:
  load_level: 200104.54069594597
  wind_year: 2011
  solar_year: 2012
  price_year: 2023
  carbon_year: 2023
storage_values:
  CAES:
    cost: 31.1988
    lifetime: 20.4206
    annual_cost: 1.5278101524930707
    efficiency: 0.567872
    discharge_ratio: 0.1
    depth_of_discharge: 0.4
  Li-ion:
    cost: 151.726
    lifetime: 11.2634
    annual_cost: 13.470710442672727
    efficiency: 0.900714
    discharge_ratio: 2
    depth_of_discharge: 0.9
  Pb-acid:
    cost: 151.269
    lifetime: 10.9933
    annual_cost: 13.760108429679898
    efficiency: 0.700944
    discharge_ratio: 5
    depth_of_discharge: 0.5
  VRBF:
    cost: 174.655
    lifetime: 17.2821
    annual_cost: 10.106121362565892
    efficiency: 0.750664
    discharge_ratio: 0.5
    depth_of_discharge: 1.0
