cost_values:
  wind_capex: 5000.0
  wind_opex: 100
  wind_lifetime: 20
  solar_capex: 1000.0
  solar_opex: 10
  solar_lifetime: 20
  carbon_price: 1.0
timeseries_values:
  load_level: 200104.54069594597
  wind_year: 2011
  solar_year: 2012
  price_year: 2023
  carbon_year: 2023
storage_values:
  CAES:
    cost: 38.5313
    lifetime: 20.8389
    annual_cost: 1.8490083449702241
    efficiency: 0.560184
    discharge_ratio: 0.1
    depth_of_discharge: 0.4
  Li-ion:
    cost: 135.718
    lifetime: 11.4261
    annual_cost: 11.877893594489807
    efficiency: 0.901018
    discharge_ratio: 2
    depth_of_discharge: 0.9
  Pb-acid:
    cost: 159.741
    lifetime: 9.3868
    annual_cost: 17.01762048834534
    efficiency: 0.713492
    discharge_ratio: 5
    depth_of_discharge: 0.5
  VRBF:
    cost: 183.176
    lifetime: 19.576
    annual_cost: 9.357172047404985
    efficiency: 0.774147
    discharge_ratio: 0.5
    depth_of_discharge: 1.0
