cost_values:
  wind_capex: 5000.0
  wind_opex: 100
  wind_lifetime: 20
  solar_capex: 1000.0
  solar_opex: 10
  solar_lifetime: 20
  carbon_price: 1.0
timeseries_values:
  load_level: 200104.54069594597
  wind_year: 2011
  solar_year: 2012
  price_year: 2023
  carbon_year: 2023
storage_values:
  CAES:
    cost: 21.2312
    lifetime: 20.7763
    annual_cost: 1.0218951401356353
    efficiency: 0.563378
    discharge_ratio: 0.1
    depth_of_discharge: 0.4
  Li-ion:
    cost: 146.539
    lifetime: 10.6892
    annual_cost: 13.70907083785503
    efficiency: 0.900855
    discharge_ratio: 2
    depth_of_discharge: 0.9
  Pb-acid:
    cost: 150.74
    lifetime: 9.67014
    annual_cost: 15.588192104767874
    efficiency: 0.714286
    discharge_ratio: 5
    depth_of_discharge: 0.5
  VRBF:
    cost: 143.398
    lifetime: 18.1975
    annual_cost: 7.880093419425744
    efficiency: 0.752118
    discharge_ratio: 0.5
    depth_of_discharge: 1.0
