cost_values:
  wind_capex: 5000.0
  wind_opex: 100
  wind_lifetime: 20
  solar_capex: 1000.0
  solar_opex: 10
  solar_lifetime: 20
  carbon_price: 1.0
timeseries_values:
  load_level: 200104.54069594597
  wind_year: 2011
  solar_year: 2012
  price_year: 2023
  carbon_year: 2023
storage_values:
  CAES:
    cost: 23.7035
    lifetime: 20.282
    annual_cost: 1.168696381027512
    efficiency: 0.551502
    discharge_ratio: 0.1
    depth_of_discharge: 0.4
  Li-ion:
    cost: 150.281
    lifetime: 10.8657
    annual_cost: 13.830770221890905
    efficiency: 0.906742
    discharge_ratio: 2
    depth_of_discharge: 0.9
  Pb-acid:
    cost: 147.285
    lifetime: 11.145
    annual_cost: 13.215343203230148
    efficiency: 0.733118
    discharge_ratio: 5
    depth_of_discharge: 0.5
  VRBF:
    cost: 147.127
    lifetime: 18.0613
    annual_cost: 8.145980632623345
    efficiency: 0.77725
    discharge_ratio: 0.5
    depth_of_discharge: 1.0
