cost_values:
  wind_capex: 5000.0
  wind_opex: 100
  wind_lifetime: 20
  solar_capex: 1000.0
  solar_opex: 10
  solar_lifetime: 20
  carbon_price: 1.0
timeseries_values:
  load_level: 200104.54069594597
  wind_year: 2011
  solar_year: 2012
  price_year: 2023
  carbon_year: 2023
storage_values:
  CAES:
    cost: 24.3374
    lifetime: 20.2759
    annual_cost: 1.2003117000971597
    efficiency: 0.560587
    discharge_ratio: 0.1
    depth_of_discharge: 0.4
  Li-ion:
    cost: 124.131
    lifetime: 11.2699
    annual_cost: 11.014383446170774
    efficiency: 0.896971
    discharge_ratio: 2
    depth_of_discharge: 0.9
  Pb-acid:
    cost: 167.535
    lifetime: 9.88679
    annual_cost: 16.94533817346176
    efficiency: 0.71995
    discharge_ratio: 5
    depth_of_discharge: 0.5
  VRBF:
    cost: 187.29
    lifetime: 17.8946
    annual_cost: 10.466285918657023
    efficiency: 0.753071
    discharge_ratio: 0.5
    depth_of_discharge: 1.0
