cost_values:
  wind_capex: 5000.0
  wind_opex: 100
  wind_lifetime: 20
  solar_capex: 1000.0
  solar_opex: 10
  solar_lifetime: 20
  carbon_price: 1.0
timeseries_values:
  load_level: 200104.54069594597
  wind_year: 2011
  solar_year: 2012
  price_year: 2023
  carbon_year: 2023
storage_values:
  CAES:
    cost: 33.642
    lifetime: 20.4417
    annual_cost: 1.6457535332188615
    efficiency: 0.56109
    discharge_ratio: 0.1
    depth_of_discharge: 0.4
  Li-ion:
    cost: 122.674
    lifetime: 11.683
    annual_cost: 10.5002139861337
    efficiency: 0.914092
    discharge_ratio: 2
    depth_of_discharge: 0.9
  Pb-acid:
    cost: 162.105
    lifetime: 9.18827
    annual_cost: 17.642603014495656
    efficiency: 0.726158
    discharge_ratio: 5
    depth_of_discharge: 0.5
  VRBF:
    cost: 144.75
    lifetime: 19.3703
    annual_cost: 7.4727804938488305
    efficiency: 0.765367
    discharge_ratio: 0.5
    depth_of_discharge: 1.0
