cost_values:
  wind_capex: 5000.0
  wind_opex: 100
  wind_lifetime: 20
  solar_capex: 1000.0
  solar_opex: 10
  solar_lifetime: 20
  carbon_price: 1.0
timeseries_values:
  load_level: 200104.54069594597
  wind_year: 2011
  solar_year: 2012
  price_year: 2023
  carbon_year: 2023
storage_values:
  CAES:
    cost: 32.9759
    lifetime: 20.2047
    annual_cost: 1.6320905531881198
    efficiency: 0.561027
    discharge_ratio: 0.1
    depth_of_discharge: 0.4
  Li-ion:
    cost: 127.861
    lifetime: 10.4167
    annual_cost: 12.274616721226492
    efficiency: 0.902186
    discharge_ratio: 2
    depth_of_discharge: 0.9
  Pb-acid:
    cost: 161.534
    lifetime: 9.05496
    annual_cost: 17.839283663318227
    efficiency: 0.702374
    discharge_ratio: 5
    depth_of_discharge: 0.5
  VRBF:
    cost: 166.895
    lifetime: 19.3825
    annual_cost: 8.610602347478396
    efficiency: 0.770976
    discharge_ratio: 0.5
    depth_of_discharge: 1.0
