cost_values:
  wind_capex: 5000.0
  wind_opex: 100
  wind_lifetime: 20
  solar_capex: 1000.0
  solar_opex: 10
  solar_lifetime: 20
  carbon_price: 1.0
timeseries_values:
  load_level: 200104.54069594597
  wind_year: 2011
  solar_year: 2012
  price_year: 2023
  carbon_year: 2023
storage_values:
  CAES:
    cost: 23.0565
    lifetime: 20.9153
    annual_cost: 1.1023748165218763
    efficiency: 0.57197
    discharge_ratio: 0.1
    depth_of_discharge: 0.4
  Li-ion:
    cost: 131.438
    lifetime: 11.5197
    annual_cost: 11.409845742510655
    efficiency: 0.914732
    discharge_ratio: 2
    depth_of_discharge: 0.9
  Pb-acid:
    cost: 151.553
    lifetime: 9.65275
    annual_cost: 15.700499857553547
    efficiency: 0.715389
    discharge_ratio: 5
    depth_of_discharge: 0.5
  VRBF:
    cost: 166.442
    lifetime: 19.0343
    annual_cost: 8.744319465386171
    efficiency: 0.742936
    discharge_ratio: 0.5
    depth_of_discharge: 1.0
