cost_values:
  wind_capex: 5000.0
  wind_opex: 100
  wind_lifetime: 20
  solar_capex: 1000.0
  solar_opex: 10
  solar_lifetime: 20
  carbon_price: 1.0
timeseries_values:
  load_level: 200104.54069594597
  wind_year: 2011
  solar_year: 2012
  price_year: 2023
  carbon_year: 2023
storage_values:
  CAES:
    cost: 35.837
    lifetime: 20.0862
    annual_cost: 1.7841602692395775
    efficiency: 0.557774
    discharge_ratio: 0.1
    depth_of_discharge: 0.4
  Li-ion:
    cost: 139.059
    lifetime: 10.0538
    annual_cost: 13.831486602080805
    efficiency: 0.904642
    discharge_ratio: 2
    depth_of_discharge: 0.9
  Pb-acid:
    cost: 180.293
    lifetime: 10.6324
    annual_cost: 16.956942929159926
    efficiency: 0.705768
    discharge_ratio: 5
    depth_of_discharge: 0.5
  VRBF:
    cost: 118.188
    lifetime: 19.2616
    annual_cost: 6.135938862815134
    efficiency: 0.749798
    discharge_ratio: 0.5
    depth_of_discharge: 1.0
