cost_values:
  wind_capex: 5000.0
  wind_opex: 100
  wind_lifetime: 20
  solar_capex: 1000.0
  solar_opex: 10
  solar_lifetime: 20
  carbon_price: 1.0
timeseries_values:
  load_level: 200104.54069594597
  wind_year: 2011
  solar_year: 2012
  price_year: 2023
  carbon_year: 2023
storage_values:
  CAES:
    cost: 31.7592
    lifetime: 21.09
    annual_cost: 1.5058890469416786
    efficiency: 0.566207
    discharge_ratio: 0.1
    depth_of_discharge: 0.4
  Li-ion:
    cost: 153.851
    lifetime: 13.4347
    annual_cost: 11.45176297200533
    efficiency: 0.900391
    discharge_ratio: 2
    depth_of_discharge: 0.9
  Pb-acid:
    cost: 136.797
    lifetime: 8.98292
    annual_cost: 15.228567102901952
    efficiency: 0.721223
    discharge_ratio: 5
    depth_of_discharge: 0.5
  VRBF:
    cost: 160.245
    lifetime: 19.148
    annual_cost: 8.368759139335701
    efficiency: 0.755602
    discharge_ratio: 0.5
    depth_of_discharge: 1.0
