cost_values:
  wind_capex: 5000.0
  wind_opex: 100
  wind_lifetime: 20
  solar_capex: 1000.0
  solar_opex: 10
  solar_lifetime: 20
  carbon_price: 1.0
timeseries_values:
  load_level: 200104.54069594597
  wind_year: 2011
  solar_year: 2012
  price_year: 2023
  carbon_year: 2023
storage_values:
  CAES:
    cost: 35.2115
    lifetime: 21.3292
    annual_cost: 1.6508589164150556
    efficiency: 0.570051
    discharge_ratio: 0.1
    depth_of_discharge: 0.4
  Li-ion:
    cost: 124.723
    lifetime: 11.773
    annual_cost: 10.59398623970101
    efficiency: 0.930429
    discharge_ratio: 2
    depth_of_discharge: 0.9
  Pb-acid:
    cost: 160.618
    lifetime: 8.78671
    annual_cost: 18.27965188335566
    efficiency: 0.72115
    discharge_ratio: 5
    depth_of_discharge: 0.5
  VRBF:
    cost: 169.021
    lifetime: 17.5041
    annual_cost: 9.656080575408046
    efficiency: 0.7783
    discharge_ratio: 0.5
    depth_of_discharge: 1.0
