cost_values:
  wind_capex: 5000.0
  wind_opex: 100
  wind_lifetime: 20
  solar_capex: 1000.0
  solar_opex: 10
  solar_lifetime: 20
  carbon_price: 1.0
timeseries_values:
  load_level: 200104.54069594597
  wind_year: 2011
  solar_year: 2012
  price_year: 2023
  carbon_year: 2023
storage_values:
  CAES:
    cost: 29.4671
    lifetime: 20.8822
    annual_cost: 1.4111108982770013
    efficiency: 0.555471
    discharge_ratio: 0.1
    depth_of_discharge: 0.4
  Li-ion:
    cost: 162.486
    lifetime: 10.7611
    annual_cost: 15.099385750527361
    efficiency: 0.892049
    discharge_ratio: 2
    depth_of_discharge: 0.9
  Pb-acid:
    cost: 160.541
    lifetime: 9.14084
    annual_cost: 17.56304672218308
    efficiency: 0.72001
    discharge_ratio: 5
    depth_of_discharge: 0.5
  VRBF:
    cost: 155.774
    lifetime: 19.6711
    annual_cost: 7.918926750410501
    efficiency: 0.775152
    discharge_ratio: 0.5
    depth_of_discharge: 1.0
