cost_values:
  wind_capex: 5000.0
  wind_opex: 100
  wind_lifetime: 20
  solar_capex: 1000.0
  solar_opex: 10
  solar_lifetime: 20
  carbon_price: 1.0
timeseries_values:
  load_level: 200104.54069594597
  wind_year: 2011
  solar_year: 2012
  price_year: 2023
  carbon_year: 2023
storage_values:
  CAES:
    cost: 28.211
    lifetime: 20.8648
    annual_cost: 1.3520858095931905
    efficiency: 0.565242
    discharge_ratio: 0.1
    depth_of_discharge: 0.4
  Li-ion:
    cost: 169.123
    lifetime: 10.9982
    annual_cost: 15.377334472913748
    efficiency: 0.90989
    discharge_ratio: 2
    depth_of_discharge: 0.9
  Pb-acid:
    cost: 145.198
    lifetime: 9.39432
    annual_cost: 15.45593507566274
    efficiency: 0.721755
    discharge_ratio: 5
    depth_of_discharge: 0.5
  VRBF:
    cost: 159.656
    lifetime: 15.5097
    annual_cost: 10.293945079530875
    efficiency: 0.770292
    discharge_ratio: 0.5
    depth_of_discharge: 1.0
