cost_values:
  wind_capex: 5000.0
  wind_opex: 100
  wind_lifetime: 20
  solar_capex: 1000.0
  solar_opex: 10
  solar_lifetime: 20
  carbon_price: 1.0
timeseries_values:
  load_level: 200104.54069594597
  wind_year: 2011
  solar_year: 2012
  price_year: 2023
  carbon_year: 2023
storage_values:
  CAES:
    cost: 38.4217
    lifetime: 21.0431
    annual_cost: 1.8258574069409927
    efficiency: 0.557151
    discharge_ratio: 0.1
    depth_of_discharge: 0.4
  Li-ion:
    cost: 139.439
    lifetime: 10.2612
    annual_cost: 13.588956457334424
    efficiency: 0.902595
    discharge_ratio: 2
    depth_of_discharge: 0.9
  Pb-acid:
    cost: 141.891
    lifetime: 8.88243
    annual_cost: 15.974344858332685
    efficiency: 0.72768
    discharge_ratio: 5
    depth_of_discharge: 0.5
  VRBF:
    cost: 167.885
    lifetime: 17.1242
    annual_cost: 9.80396164492356
    efficiency: 0.750463
    discharge_ratio: 0.5
    depth_of_discharge: 1.0
