cost_values:
  wind_capex: 5000.0
  wind_opex: 100
  wind_lifetime: 20
  solar_capex: 1000.0
  solar_opex: 10
  solar_lifetime: 20
  carbon_price: 1.0
timeseries_values:
  load_level: 200104.54069594597
  wind_year: 2011
  solar_year: 2012
  price_year: 2023
  carbon_year: 2023
storage_values:
  CAES:
    cost: 30.8464
    lifetime: 20.5577
    annual_cost: 1.5004791392033154
    efficiency: 0.568715
    discharge_ratio: 0.1
    depth_of_discharge: 0.4
  Li-ion:
    cost: 124.033
    lifetime: 11.3887
    annual_cost: 10.890883068304548
    efficiency: 0.890249
    discharge_ratio: 2
    depth_of_discharge: 0.9
  Pb-acid:
    cost: 163.682
    lifetime: 7.75727
    annual_cost: 21.1004644675253
    efficiency: 0.715163
    discharge_ratio: 5
    depth_of_discharge: 0.5
  VRBF:
    cost: 145.685
    lifetime: 16.9636
    annual_cost: 8.588094508241175
    efficiency: 0.754639
    discharge_ratio: 0.5
    depth_of_discharge: 1.0
