cost_values:
  wind_capex: 5000.0
  wind_opex: 100
  wind_lifetime: 20
  solar_capex: 1000.0
  solar_opex: 10
  solar_lifetime: 20
  carbon_price: 1.0
timeseries_values:
  load_level: 200104.54069594597
  wind_year: 2011
  solar_year: 2012
  price_year: 2023
  carbon_year: 2023
storage_values:
  CAES:
    cost: 26.3067
    lifetime: 20.646
    annual_cost: 1.2741790177274048
    efficiency: 0.556339
    discharge_ratio: 0.1
    depth_of_discharge: 0.4
  Li-ion:
    cost: 156.207
    lifetime: 12.1565
    annual_cost: 12.849668901410768
    efficiency: 0.904521
    discharge_ratio: 2
    depth_of_discharge: 0.9
  Pb-acid:
    cost: 162.503
    lifetime: 8.54378
    annual_cost: 19.020035628258217
    efficiency: 0.716947
    discharge_ratio: 5
    depth_of_discharge: 0.5
  VRBF:
    cost: 134.921
    lifetime: 17.9257
    annual_cost: 7.526679571787992
    efficiency: 0.718246
    discharge_ratio: 0.5
    depth_of_discharge: 1.0
