cost_values:
  wind_capex: 5000.0
  wind_opex: 100
  wind_lifetime: 20
  solar_capex: 1000.0
  solar_opex: 10
  solar_lifetime: 20
  carbon_price: 1.0
timeseries_values:
  load_level: 200104.54069594597
  wind_year: 2011
  solar_year: 2012
  price_year: 2023
  carbon_year: 2023
storage_values:
  CAES:
    cost: 31.0975
    lifetime: 21.3718
    annual_cost: 1.455071636455516
    efficiency: 0.56661
    discharge_ratio: 0.1
    depth_of_discharge: 0.4
  Li-ion:
    cost: 124.179
    lifetime: 11.9306
    annual_cost: 10.408445509865388
    efficiency: 0.907409
    discharge_ratio: 2
    depth_of_discharge: 0.9
  Pb-acid:
    cost: 171.517
    lifetime: 9.04262
    annual_cost: 18.967622215685278
    efficiency: 0.691475
    discharge_ratio: 5
    depth_of_discharge: 0.5
  VRBF:
    cost: 160.56
    lifetime: 17.1824
    annual_cost: 9.344445479094887
    efficiency: 0.752092
    discharge_ratio: 0.5
    depth_of_discharge: 1.0
