cost_values:
  wind_capex: 5000.0
  wind_opex: 100
  wind_lifetime: 20
  solar_capex: 1000.0
  solar_opex: 10
  solar_lifetime: 20
  carbon_price: 1.0
timeseries_values:
  load_level: 200104.54069594597
  wind_year: 2011
  solar_year: 2012
  price_year: 2023
  carbon_year: 2023
storage_values:
  CAES:
    cost: 29.3134
    lifetime: 20.968
    annual_cost: 1.3980064860740176
    efficiency: 0.567255
    discharge_ratio: 0.1
    depth_of_discharge: 0.4
  Li-ion:
    cost: 156.522
    lifetime: 11.2756
    annual_cost: 13.881478590939727
    efficiency: 0.905359
    discharge_ratio: 2
    depth_of_discharge: 0.9
  Pb-acid:
    cost: 141.186
    lifetime: 9.30241
    annual_cost: 15.177357265482817
    efficiency: 0.723274
    discharge_ratio: 5
    depth_of_discharge: 0.5
  VRBF:
    cost: 169.239
    lifetime: 19.4339
    annual_cost: 8.708442463941875
    efficiency: 0.762744
    discharge_ratio: 0.5
    depth_of_discharge: 1.0
