cost_values:
  wind_capex: 5000.0
  wind_opex: 100
  wind_lifetime: 20
  solar_capex: 1000.0
  solar_opex: 10
  solar_lifetime: 20
  carbon_price: 1.0
timeseries_values:
  load_level: 200104.54069594597
  wind_year: 2011
  solar_year: 2012
  price_year: 2023
  carbon_year: 2023
storage_values:
  CAES:
    cost: 33.7518
    lifetime: 20.4516
    annual_cost: 1.6503256468931529
    efficiency: 0.561776
    discharge_ratio: 0.1
    depth_of_discharge: 0.4
  Li-ion:
    cost: 144.533
    lifetime: 12.3721
    annual_cost: 11.682171983737602
    efficiency: 0.903143
    discharge_ratio: 2
    depth_of_discharge: 0.9
  Pb-acid:
    cost: 167.596
    lifetime: 9.99459
    annual_cost: 16.768671851471645
    efficiency: 0.706844
    discharge_ratio: 5
    depth_of_discharge: 0.5
  VRBF:
    cost: 126.768
    lifetime: 18.3007
    annual_cost: 6.9269481495243355
    efficiency: 0.776011
    discharge_ratio: 0.5
    depth_of_discharge: 1.0
