cost_values:
  wind_capex: 5000.0
  wind_opex: 100
  wind_lifetime: 20
  solar_capex: 1000.0
  solar_opex: 10
  solar_lifetime: 20
  carbon_price: 1.0
timeseries_values:
  load_level: 200104.54069594597
  wind_year: 2011
  solar_year: 2012
  price_year: 2023
  carbon_year: 2023
storage_values:
  CAES:
    cost: 37.3925
    lifetime: 21.5456
    annual_cost: 1.7355051611465913
    efficiency: 0.571245
    discharge_ratio: 0.1
    depth_of_discharge: 0.4
  Li-ion:
    cost: 134.664
    lifetime: 12.9605
    annual_cost: 10.390339878862697
    efficiency: 0.894513
    discharge_ratio: 2
    depth_of_discharge: 0.9
  Pb-acid:
    cost: 151.159
    lifetime: 11.1075
    annual_cost: 13.608732838172406
    efficiency: 0.70091
    discharge_ratio: 5
    depth_of_discharge: 0.5
  VRBF:
    cost: 158.667
    lifetime: 17.3344
    annual_cost: 9.153302104485878
    efficiency: 0.747232
    discharge_ratio: 0.5
    depth_of_discharge: 1.0
