cost_values:
  wind_capex: 5000.0
  wind_opex: 100
  wind_lifetime: 20
  solar_capex: 1000.0
  solar_opex: 10
  solar_lifetime: 20
  carbon_price: 1.0
timeseries_values:
  load_level: 200104.54069594597
  wind_year: 2011
  solar_year: 2012
  price_year: 2023
  carbon_year: 2023
storage_values:
  CAES:
    cost: 27.2355
    lifetime: 20.6804
    annual_cost: 1.316971625307054
    efficiency: 0.561562
    discharge_ratio: 0.1
    depth_of_discharge: 0.4
  Li-ion:
    cost: 141.687
    lifetime: 12.0998
    annual_cost: 11.709862972941702
    efficiency: 0.894808
    discharge_ratio: 2
    depth_of_discharge: 0.9
  Pb-acid:
    cost: 162.149
    lifetime: 9.62135
    annual_cost: 16.853040373752126
    efficiency: 0.711879
    discharge_ratio: 5
    depth_of_discharge: 0.5
  VRBF:
    cost: 123.772
    lifetime: 19.135
    annual_cost: 6.468356414946433
    efficiency: 0.770809
    discharge_ratio: 0.5
    depth_of_discharge: 1.0
