cost_values:
  wind_capex: 5000.0
  wind_opex: 100
  wind_lifetime: 20
  solar_capex: 1000.0
  solar_opex: 10
  solar_lifetime: 20
  carbon_price: 1.0
timeseries_values:
  load_level: 200104.54069594597
  wind_year: 2011
  solar_year: 2012
  price_year: 2023
  carbon_year: 2023
storage_values:
  CAES:
    cost: 23.6121
    lifetime: 20.2967
    annual_cost: 1.1633467509496618
    efficiency: 0.554253
    discharge_ratio: 0.1
    depth_of_discharge: 0.4
  Li-ion:
    cost: 126.369
    lifetime: 11.67
    annual_cost: 10.82853470437018
    efficiency: 0.907382
    discharge_ratio: 2
    depth_of_discharge: 0.9
  Pb-acid:
    cost: 167.037
    lifetime: 8.65502
    annual_cost: 19.299435472130625
    efficiency: 0.727871
    discharge_ratio: 5
    depth_of_discharge: 0.5
  VRBF:
    cost: 174.553
    lifetime: 17.1911
    annual_cost: 10.1536841737876
    efficiency: 0.77703
    discharge_ratio: 0.5
    depth_of_discharge: 1.0
