cost_values:
  wind_capex: 5000.0
  wind_opex: 100
  wind_lifetime: 20
  solar_capex: 1000.0
  solar_opex: 10
  solar_lifetime: 20
  carbon_price: 1.0
timeseries_values:
  load_level: 200104.54069594597
  wind_year: 2011
  solar_year: 2012
  price_year: 2023
  carbon_year: 2023
storage_values:
  CAES:
    cost: 33.6836
    lifetime: 20.5237
    annual_cost: 1.6412050458737946
    efficiency: 0.558234
    discharge_ratio: 0.1
    depth_of_discharge: 0.4
  Li-ion:
    cost: 141.218
    lifetime: 13.3266
    annual_cost: 10.596701334173758
    efficiency: 0.889976
    discharge_ratio: 2
    depth_of_discharge: 0.9
  Pb-acid:
    cost: 160.808
    lifetime: 8.73855
    annual_cost: 18.40213765441635
    efficiency: 0.702555
    discharge_ratio: 5
    depth_of_discharge: 0.5
  VRBF:
    cost: 157.086
    lifetime: 18.2479
    annual_cost: 8.608442615314639
    efficiency: 0.767147
    discharge_ratio: 0.5
    depth_of_discharge: 1.0
