cost_values:
  wind_capex: 5000.0
  wind_opex: 100
  wind_lifetime: 20
  solar_capex: 1000.0
  solar_opex: 10
  solar_lifetime: 20
  carbon_price: 1.0
timeseries_values:
  load_level: 200104.54069594597
  wind_year: 2011
  solar_year: 2012
  price_year: 2023
  carbon_year: 2023
storage_values:
  CAES:
    cost: 29.374
    lifetime: 20.6287
    annual_cost: 1.4239384934581434
    efficiency: 0.565976
    discharge_ratio: 0.1
    depth_of_discharge: 0.4
  Li-ion:
    cost: 154.457
    lifetime: 12.5543
    annual_cost: 12.30311526727894
    efficiency: 0.906134
    discharge_ratio: 2
    depth_of_discharge: 0.9
  Pb-acid:
    cost: 149.968
    lifetime: 9.79074
    annual_cost: 15.317330457146243
    efficiency: 0.718482
    discharge_ratio: 5
    depth_of_discharge: 0.5
  VRBF:
    cost: 177.264
    lifetime: 19.0333
    annual_cost: 9.313361319371838
    efficiency: 0.756564
    discharge_ratio: 0.5
    depth_of_discharge: 1.0
