cost_values:
  wind_capex: 5000.0
  wind_opex: 100
  wind_lifetime: 20
  solar_capex: 1000.0
  solar_opex: 10
  solar_lifetime: 20
  carbon_price: 1.0
timeseries_values:
  load_level: 200104.54069594597
  wind_year: 2011
  solar_year: 2012
  price_year: 2023
  carbon_year: 2023
storage_values:
  CAES:
    cost: 30.5153
    lifetime: 20.2765
    annual_cost: 1.504958942618302
    efficiency: 0.562036
    discharge_ratio: 0.1
    depth_of_discharge: 0.4
  Li-ion:
    cost: 151.286
    lifetime: 11.0707
    annual_cost: 13.665441209679605
    efficiency: 0.893661
    discharge_ratio: 2
    depth_of_discharge: 0.9
  Pb-acid:
    cost: 172.758
    lifetime: 9.89393
    annual_cost: 17.461008921631752
    efficiency: 0.734928
    discharge_ratio: 5
    depth_of_discharge: 0.5
  VRBF:
    cost: 182.638
    lifetime: 17.7789
    annual_cost: 10.27273903334852
    efficiency: 0.761486
    discharge_ratio: 0.5
    depth_of_discharge: 1.0
