cost_values:
  wind_capex: 5000.0
  wind_opex: 100
  wind_lifetime: 20
  solar_capex: 1000.0
  solar_opex: 10
  solar_lifetime: 20
  carbon_price: 1.0
timeseries_values:
  load_level: 200104.54069594597
  wind_year: 2011
  solar_year: 2012
  price_year: 2023
  carbon_year: 2023
storage_values:
  CAES:
    cost: 32.2431
    lifetime: 20.5487
    annual_cost: 1.5691065614856414
    efficiency: 0.55861
    discharge_ratio: 0.1
    depth_of_discharge: 0.4
  Li-ion:
    cost: 146.428
    lifetime: 10.1451
    annual_cost: 14.43337177553696
    efficiency: 0.899749
    discharge_ratio: 2
    depth_of_discharge: 0.9
  Pb-acid:
    cost: 153.861
    lifetime: 10.4516
    annual_cost: 14.721286692946535
    efficiency: 0.708329
    discharge_ratio: 5
    depth_of_discharge: 0.5
  VRBF:
    cost: 176.262
    lifetime: 16.5308
    annual_cost: 10.662641856413483
    efficiency: 0.768964
    discharge_ratio: 0.5
    depth_of_discharge: 1.0
