cost_values:
  wind_capex: 5000.0
  wind_opex: 100
  wind_lifetime: 20
  solar_capex: 1000.0
  solar_opex: 10
  solar_lifetime: 20
  carbon_price: 1.0
timeseries_values:
  load_level: 200104.54069594597
  wind_year: 2011
  solar_year: 2012
  price_year: 2023
  carbon_year: 2023
storage_values:
  CAES:
    cost: 33.091
    lifetime: 20.8988
    annual_cost: 1.583392347886003
    efficiency: 0.561848
    discharge_ratio: 0.1
    depth_of_discharge: 0.4
  Li-ion:
    cost: 148.446
    lifetime: 10.5132
    annual_cost: 14.119963474489214
    efficiency: 0.913595
    discharge_ratio: 2
    depth_of_discharge: 0.9
  Pb-acid:
    cost: 149.706
    lifetime: 10.6308
    annual_cost: 14.082289197426345
    efficiency: 0.720525
    discharge_ratio: 5
    depth_of_discharge: 0.5
  VRBF:
    cost: 143.213
    lifetime: 17.3366
    annual_cost: 8.260731631346399
    efficiency: 0.768763
    discharge_ratio: 0.5
    depth_of_discharge: 1.0
