cost_values:
  wind_capex: 5000.0
  wind_opex: 100
  wind_lifetime: 20
  solar_capex: 1000.0
  solar_opex: 10
  solar_lifetime: 20
  carbon_price: 1.0
timeseries_values:
  load_level: 200104.54069594597
  wind_year: 2011
  solar_year: 2012
  price_year: 2023
  carbon_year: 2023
storage_values:
  CAES:
    cost: 30.8512
    lifetime: 20.3962
    annual_cost: 1.5125954834724114
    efficiency: 0.552554
    discharge_ratio: 0.1
    depth_of_discharge: 0.4
  Li-ion:
    cost: 138.521
    lifetime: 11.2625
    annual_cost: 12.299311875693673
    efficiency: 0.896921
    discharge_ratio: 2
    depth_of_discharge: 0.9
  Pb-acid:
    cost: 159.113
    lifetime: 9.77972
    annual_cost: 16.269688702744048
    efficiency: 0.721146
    discharge_ratio: 5
    depth_of_discharge: 0.5
  VRBF:
    cost: 160.725
    lifetime: 16.8386
    annual_cost: 9.545033435083676
    efficiency: 0.757967
    discharge_ratio: 0.5
    depth_of_discharge: 1.0
