cost_values:
  wind_capex: 5000.0
  wind_opex: 100
  wind_lifetime: 20
  solar_capex: 1000.0
  solar_opex: 10
  solar_lifetime: 20
  carbon_price: 1.0
timeseries_values:
  load_level: 200104.54069594597
  wind_year: 2011
  solar_year: 2012
  price_year: 2023
  carbon_year: 2023
storage_values:
  CAES:
    cost: 33.1636
    lifetime: 21.2605
    annual_cost: 1.5598692410808779
    efficiency: 0.563922
    discharge_ratio: 0.1
    depth_of_discharge: 0.4
  Li-ion:
    cost: 137.531
    lifetime: 11.9527
    annual_cost: 11.506270549750266
    efficiency: 0.906412
    discharge_ratio: 2
    depth_of_discharge: 0.9
  Pb-acid:
    cost: 159.022
    lifetime: 10.4659
    annual_cost: 15.19429767148549
    efficiency: 0.732716
    discharge_ratio: 5
    depth_of_discharge: 0.5
  VRBF:
    cost: 178.724
    lifetime: 17.4942
    annual_cost: 10.216185935910188
    efficiency: 0.761414
    discharge_ratio: 0.5
    depth_of_discharge: 1.0
