cost_values:
  wind_capex: 5000.0
  wind_opex: 100
  wind_lifetime: 20
  solar_capex: 1000.0
  solar_opex: 10
  solar_lifetime: 20
  carbon_price: 1.0
timeseries_values:
  load_level: 200104.54069594597
  wind_year: 2011
  solar_year: 2012
  price_year: 2023
  carbon_year: 2023
storage_values:
  CAES:
    cost: 24.0522
    lifetime: 21.3079
    annual_cost: 1.1287926074366783
    efficiency: 0.567955
    discharge_ratio: 0.1
    depth_of_discharge: 0.4
  Li-ion:
    cost: 139.305
    lifetime: 10.6488
    annual_cost: 13.08175569078206
    efficiency: 0.909985
    discharge_ratio: 2
    depth_of_discharge: 0.9
  Pb-acid:
    cost: 162.376
    lifetime: 10.9758
    annual_cost: 14.794001348421073
    efficiency: 0.712849
    discharge_ratio: 5
    depth_of_discharge: 0.5
  VRBF:
    cost: 185.194
    lifetime: 19.6183
    annual_cost: 9.439859722809825
    efficiency: 0.76618
    discharge_ratio: 0.5
    depth_of_discharge: 1.0
