cost_values:
  wind_capex: 5000.0
  wind_opex: 100
  wind_lifetime: 20
  solar_capex: 1000.0
  solar_opex: 10
  solar_lifetime: 20
  carbon_price: 1.0
timeseries_values:
  load_level: 200104.54069594597
  wind_year: 2011
  solar_year: 2012
  price_year: 2023
  carbon_year: 2023
storage_values:
  CAES:
    cost: 31.2938
    lifetime: 20.7033
    annual_cost: 1.5115368081416973
    efficiency: 0.556529
    discharge_ratio: 0.1
    depth_of_discharge: 0.4
  Li-ion:
    cost: 153.22
    lifetime: 10.723
    annual_cost: 14.288911685162732
    efficiency: 0.909
    discharge_ratio: 2
    depth_of_discharge: 0.9
  Pb-acid:
    cost: 152.199
    lifetime: 10.4997
    annual_cost: 14.495557015914741
    efficiency: 0.703309
    discharge_ratio: 5
    depth_of_discharge: 0.5
  VRBF:
    cost: 142.844
    lifetime: 17.0883
    annual_cost: 8.359169724314297
    efficiency: 0.739289
    discharge_ratio: 0.5
    depth_of_discharge: 1.0
