cost_values:
  wind_capex: 5000.0
  wind_opex: 100
  wind_lifetime: 20
  solar_capex: 1000.0
  solar_opex: 10
  solar_lifetime: 20
  carbon_price: 1.0
timeseries_values:
  load_level: 200104.54069594597
  wind_year: 2011
  solar_year: 2012
  price_year: 2023
  carbon_year: 2023
storage_values:
  CAES:
    cost: 30.1739
    lifetime: 20.7213
    annual_cost: 1.4561779425036074
    efficiency: 0.557716
    discharge_ratio: 0.1
    depth_of_discharge: 0.4
  Li-ion:
    cost: 170.307
    lifetime: 13.2245
    annual_cost: 12.878142840939164
    efficiency: 0.900252
    discharge_ratio: 2
    depth_of_discharge: 0.9
  Pb-acid:
    cost: 165.07
    lifetime: 8.6873
    annual_cost: 19.00130074936977
    efficiency: 0.711641
    discharge_ratio: 5
    depth_of_discharge: 0.5
  VRBF:
    cost: 137.761
    lifetime: 15.4423
    annual_cost: 8.921015651813525
    efficiency: 0.77482
    discharge_ratio: 0.5
    depth_of_discharge: 1.0
