cost_values:
  wind_capex: 5000.0
  wind_opex: 100
  wind_lifetime: 20
  solar_capex: 1000.0
  solar_opex: 10
  solar_lifetime: 20
  carbon_price: 1.0
timeseries_values:
  load_level: 200104.54069594597
  wind_year: 2011
  solar_year: 2012
  price_year: 2023
  carbon_year: 2023
storage_values:
  CAES:
    cost: 26.48
    lifetime: 21.9348
    annual_cost: 1.2072141072633442
    efficiency: 0.554393
    discharge_ratio: 0.1
    depth_of_discharge: 0.4
  Li-ion:
    cost: 125.374
    lifetime: 10.7643
    annual_cost: 11.64720418420148
    efficiency: 0.91136
    discharge_ratio: 2
    depth_of_discharge: 0.9
  Pb-acid:
    cost: 157.294
    lifetime: 9.28456
    annual_cost: 16.941459799925898
    efficiency: 0.726857
    discharge_ratio: 5
    depth_of_discharge: 0.5
  VRBF:
    cost: 189.376
    lifetime: 18.1727
    annual_cost: 10.420906084401327
    efficiency: 0.744771
    discharge_ratio: 0.5
    depth_of_discharge: 1.0
