cost_values:
  wind_capex: 5000.0
  wind_opex: 100
  wind_lifetime: 20
  solar_capex: 1000.0
  solar_opex: 10
  solar_lifetime: 20
  carbon_price: 1.0
timeseries_values:
  load_level: 200104.54069594597
  wind_year: 2011
  solar_year: 2012
  price_year: 2023
  carbon_year: 2023
storage_values:
  CAES:
    cost: 23.9601
    lifetime: 20.9786
    annual_cost: 1.1421210185617725
    efficiency: 0.555146
    discharge_ratio: 0.1
    depth_of_discharge: 0.4
  Li-ion:
    cost: 150.041
    lifetime: 11.5
    annual_cost: 13.04704347826087
    efficiency: 0.911604
    discharge_ratio: 2
    depth_of_discharge: 0.9
  Pb-acid:
    cost: 160.348
    lifetime: 7.53127
    annual_cost: 21.290964206568084
    efficiency: 0.726681
    discharge_ratio: 5
    depth_of_discharge: 0.5
  VRBF:
    cost: 158.373
    lifetime: 16.9022
    annual_cost: 9.369963673367963
    efficiency: 0.768093
    discharge_ratio: 0.5
    depth_of_discharge: 1.0
