cost_values:
  wind_capex: 5000.0
  wind_opex: 100
  wind_lifetime: 20
  solar_capex: 1000.0
  solar_opex: 10
  solar_lifetime: 20
  carbon_price: 1.0
timeseries_values:
  load_level: 200104.54069594597
  wind_year: 2011
  solar_year: 2012
  price_year: 2023
  carbon_year: 2023
storage_values:
  CAES:
    cost: 39.4326
    lifetime: 20.9706
    annual_cost: 1.8803753826786072
    efficiency: 0.559225
    discharge_ratio: 0.1
    depth_of_discharge: 0.4
  Li-ion:
    cost: 139.616
    lifetime: 10.9158
    annual_cost: 12.790267318932191
    efficiency: 0.913117
    discharge_ratio: 2
    depth_of_discharge: 0.9
  Pb-acid:
    cost: 159.768
    lifetime: 10.8309
    annual_cost: 14.75112871506523
    efficiency: 0.722209
    discharge_ratio: 5
    depth_of_discharge: 0.5
  VRBF:
    cost: 151.962
    lifetime: 18.1857
    annual_cost: 8.356125967106022
    efficiency: 0.752473
    discharge_ratio: 0.5
    depth_of_discharge: 1.0
