cost_values:
  wind_capex: 5000.0
  wind_opex: 100
  wind_lifetime: 20
  solar_capex: 1000.0
  solar_opex: 10
  solar_lifetime: 20
  carbon_price: 1.0
timeseries_values:
  load_level: 200104.54069594597
  wind_year: 2011
  solar_year: 2012
  price_year: 2023
  carbon_year: 2023
storage_values:
  CAES:
    cost: 28.708
    lifetime: 21.0032
    annual_cost: 1.3668393387674258
    efficiency: 0.561456
    discharge_ratio: 0.1
    depth_of_discharge: 0.4
  Li-ion:
    cost: 144.203
    lifetime: 10.4085
    annual_cost: 13.854349810251238
    efficiency: 0.897821
    discharge_ratio: 2
    depth_of_discharge: 0.9
  Pb-acid:
    cost: 152.693
    lifetime: 9.28052
    annual_cost: 16.45306512997117
    efficiency: 0.709166
    discharge_ratio: 5
    depth_of_discharge: 0.5
  VRBF:
    cost: 134.832
    lifetime: 18.5209
    annual_cost: 7.279991793055412
    efficiency: 0.750246
    discharge_ratio: 0.5
    depth_of_discharge: 1.0
