cost_values:
  wind_capex: 5000.0
  wind_opex: 100
  wind_lifetime: 20
  solar_capex: 1000.0
  solar_opex: 10
  solar_lifetime: 20
  carbon_price: 1.0
timeseries_values:
  load_level: 200104.54069594597
  wind_year: 2011
  solar_year: 2012
  price_year: 2023
  carbon_year: 2023
storage_values:
  CAES:
    cost: 35.9702
    lifetime: 20.6796
    annual_cost: 1.739405017505174
    efficiency: 0.554862
    discharge_ratio: 0.1
    depth_of_discharge: 0.4
  Li-ion:
    cost: 146.448
    lifetime: 10.8822
    annual_cost: 13.457572917241
    efficiency: 0.910095
    discharge_ratio: 2
    depth_of_discharge: 0.9
  Pb-acid:
    cost: 171.744
    lifetime: 10.4301
    annual_cost: 16.46618920240458
    efficiency: 0.714509
    discharge_ratio: 5
    depth_of_discharge: 0.5
  VRBF:
    cost: 171.454
    lifetime: 18.9612
    annual_cost: 9.042360188173744
    efficiency: 0.758949
    discharge_ratio: 0.5
    depth_of_discharge: 1.0
