cost_values:
  wind_capex: 5000.0
  wind_opex: 100
  wind_lifetime: 20
  solar_capex: 1000.0
  solar_opex: 10
  solar_lifetime: 20
  carbon_price: 1.0
timeseries_values:
  load_level: 200104.54069594597
  wind_year: 2011
  solar_year: 2012
  price_year: 2023
  carbon_year: 2023
storage_values:
  CAES:
    cost: 29.1057
    lifetime: 20.6719
    annual_cost: 1.4079837847512806
    efficiency: 0.563307
    discharge_ratio: 0.1
    depth_of_discharge: 0.4
  Li-ion:
    cost: 162.752
    lifetime: 11.1328
    annual_cost: 14.619143432020698
    efficiency: 0.901978
    discharge_ratio: 2
    depth_of_discharge: 0.9
  Pb-acid:
    cost: 148.107
    lifetime: 10.7759
    annual_cost: 13.744281220130105
    efficiency: 0.726491
    discharge_ratio: 5
    depth_of_discharge: 0.5
  VRBF:
    cost: 194.317
    lifetime: 18.0956
    annual_cost: 10.73835628550587
    efficiency: 0.790012
    discharge_ratio: 0.5
    depth_of_discharge: 1.0
