cost_values:
  wind_capex: 5000.0
  wind_opex: 100
  wind_lifetime: 20
  solar_capex: 1000.0
  solar_opex: 10
  solar_lifetime: 20
  carbon_price: 1.0
timeseries_values:
  load_level: 200104.54069594597
  wind_year: 2011
  solar_year: 2012
  price_year: 2023
  carbon_year: 2023
storage_values:
  CAES:
    cost: 29.3371
    lifetime: 20.4394
    annual_cost: 1.4353209976809496
    efficiency: 0.555744
    discharge_ratio: 0.1
    depth_of_discharge: 0.4
  Li-ion:
    cost: 129.425
    lifetime: 11.2625
    annual_cost: 11.49167591564928
    efficiency: 0.901243
    discharge_ratio: 2
    depth_of_discharge: 0.9
  Pb-acid:
    cost: 157.817
    lifetime: 8.96669
    annual_cost: 17.600363121731654
    efficiency: 0.719118
    discharge_ratio: 5
    depth_of_discharge: 0.5
  VRBF:
    cost: 144.307
    lifetime: 19.2402
    annual_cost: 7.500285859814346
    efficiency: 0.774019
    discharge_ratio: 0.5
    depth_of_discharge: 1.0
