cost_values:
  wind_capex: 5000.0
  wind_opex: 100
  wind_lifetime: 20
  solar_capex: 1000.0
  solar_opex: 10
  solar_lifetime: 20
  carbon_price: 1.0
timeseries_values:
  load_level: 200104.54069594597
  wind_year: 2011
  solar_year: 2012
  price_year: 2023
  carbon_year: 2023
storage_values:
  CAES:
    cost: 36.9933
    lifetime: 20.8124
    annual_cost: 1.7774643962253271
    efficiency: 0.561542
    discharge_ratio: 0.1
    depth_of_discharge: 0.4
  Li-ion:
    cost: 122.095
    lifetime: 11.3993
    annual_cost: 10.710745396647162
    efficiency: 0.89792
    discharge_ratio: 2
    depth_of_discharge: 0.9
  Pb-acid:
    cost: 153.006
    lifetime: 9.73362
    annual_cost: 15.719331553933685
    efficiency: 0.717968
    discharge_ratio: 5
    depth_of_discharge: 0.5
  VRBF:
    cost: 178.115
    lifetime: 16.7718
    annual_cost: 10.619909610178992
    efficiency: 0.739489
    discharge_ratio: 0.5
    depth_of_discharge: 1.0
