cost_values:
  wind_capex: 5000.0
  wind_opex: 100
  wind_lifetime: 20
  solar_capex: 1000.0
  solar_opex: 10
  solar_lifetime: 20
  carbon_price: 1.0
timeseries_values:
  load_level: 200104.54069594597
  wind_year: 2011
  solar_year: 2012
  price_year: 2023
  carbon_year: 2023
storage_values:
  CAES:
    cost: 27.9605
    lifetime: 20.2884
    annual_cost: 1.3781520474754048
    efficiency: 0.571295
    discharge_ratio: 0.1
    depth_of_discharge: 0.4
  Li-ion:
    cost: 138.495
    lifetime: 11.2369
    annual_cost: 12.325018465947014
    efficiency: 0.903975
    discharge_ratio: 2
    depth_of_discharge: 0.9
  Pb-acid:
    cost: 161.548
    lifetime: 10.1988
    annual_cost: 15.83990273365494
    efficiency: 0.721456
    discharge_ratio: 5
    depth_of_discharge: 0.5
  VRBF:
    cost: 140.159
    lifetime: 18.3724
    annual_cost: 7.628780126711807
    efficiency: 0.756845
    discharge_ratio: 0.5
    depth_of_discharge: 1.0
