cost_values:
  wind_capex: 5000.0
  wind_opex: 100
  wind_lifetime: 20
  solar_capex: 1000.0
  solar_opex: 10
  solar_lifetime: 20
  carbon_price: 1.0
timeseries_values:
  load_level: 200104.54069594597
  wind_year: 2011
  solar_year: 2012
  price_year: 2023
  carbon_year: 2023
storage_values:
  CAES:
    cost: 28.3502
    lifetime: 20.4837
    annual_cost: 1.3840370636164365
    efficiency: 0.565441
    discharge_ratio: 0.1
    depth_of_discharge: 0.4
  Li-ion:
    cost: 140.843
    lifetime: 10.9462
    annual_cost: 12.866839633845535
    efficiency: 0.900742
    discharge_ratio: 2
    depth_of_discharge: 0.9
  Pb-acid:
    cost: 168.961
    lifetime: 10.1173
    annual_cost: 16.70020657685351
    efficiency: 0.727387
    discharge_ratio: 5
    depth_of_discharge: 0.5
  VRBF:
    cost: 150.841
    lifetime: 16.6329
    annual_cost: 9.068833456583038
    efficiency: 0.766919
    discharge_ratio: 0.5
    depth_of_discharge: 1.0
