cost_values:
  wind_capex: 5000.0
  wind_opex: 100
  wind_lifetime: 20
  solar_capex: 1000.0
  solar_opex: 10
  solar_lifetime: 20
  carbon_price: 1.0
timeseries_values:
  load_level: 200104.54069594597
  wind_year: 2011
  solar_year: 2012
  price_year: 2023
  carbon_year: 2023
storage_values:
  CAES:
    cost: 36.6332
    lifetime: 21.1099
    annual_cost: 1.7353563967617092
    efficiency: 0.556093
    discharge_ratio: 0.1
    depth_of_discharge: 0.4
  Li-ion:
    cost: 143.53
    lifetime: 11.1705
    annual_cost: 12.849021977530102
    efficiency: 0.90533
    discharge_ratio: 2
    depth_of_discharge: 0.9
  Pb-acid:
    cost: 169.792
    lifetime: 9.60049
    annual_cost: 17.685763955798087
    efficiency: 0.717208
    discharge_ratio: 5
    depth_of_discharge: 0.5
  VRBF:
    cost: 163.934
    lifetime: 18.8794
    annual_cost: 8.683220865069865
    efficiency: 0.750989
    discharge_ratio: 0.5
    depth_of_discharge: 1.0
