cost_values:
  wind_capex: 5000.0
  wind_opex: 100
  wind_lifetime: 20
  solar_capex: 1000.0
  solar_opex: 10
  solar_lifetime: 20
  carbon_price: 1.0
timeseries_values:
  load_level: 200104.54069594597
  wind_year: 2011
  solar_year: 2012
  price_year: 2023
  carbon_year: 2023
storage_values:
  CAES:
    cost: 33.2906
    lifetime: 22.3596
    annual_cost: 1.4888727884219752
    efficiency: 0.561399
    discharge_ratio: 0.1
    depth_of_discharge: 0.4
  Li-ion:
    cost: 131.962
    lifetime: 10.9234
    annual_cost: 12.080670853397292
    efficiency: 0.913975
    discharge_ratio: 2
    depth_of_discharge: 0.9
  Pb-acid:
    cost: 163.446
    lifetime: 10.2245
    annual_cost: 15.98572057313316
    efficiency: 0.714156
    discharge_ratio: 5
    depth_of_discharge: 0.5
  VRBF:
    cost: 146.202
    lifetime: 19.6398
    annual_cost: 7.444169492561024
    efficiency: 0.751354
    discharge_ratio: 0.5
    depth_of_discharge: 1.0
