cost_values:
  wind_capex: 5000.0
  wind_opex: 100
  wind_lifetime: 20
  solar_capex: 1000.0
  solar_opex: 10
  solar_lifetime: 20
  carbon_price: 1.0
timeseries_values:
  load_level: 200104.54069594597
  wind_year: 2011
  solar_year: 2012
  price_year: 2023
  carbon_year: 2023
storage_values:
  CAES:
    cost: 29.7311
    lifetime: 20.3759
    annual_cost: 1.4591306396281882
    efficiency: 0.561013
    discharge_ratio: 0.1
    depth_of_discharge: 0.4
  Li-ion:
    cost: 122.705
    lifetime: 11.1049
    annual_cost: 11.049626741348414
    efficiency: 0.911921
    discharge_ratio: 2
    depth_of_discharge: 0.9
  Pb-acid:
    cost: 160.805
    lifetime: 12.2479
    annual_cost: 13.129189493709127
    efficiency: 0.702397
    discharge_ratio: 5
    depth_of_discharge: 0.5
  VRBF:
    cost: 150.449
    lifetime: 17.8317
    annual_cost: 8.437165273081085
    efficiency: 0.746864
    discharge_ratio: 0.5
    depth_of_discharge: 1.0
