cost_values:
  wind_capex: 5000.0
  wind_opex: 100
  wind_lifetime: 20
  solar_capex: 1000.0
  solar_opex: 10
  solar_lifetime: 20
  carbon_price: 1.0
timeseries_values:
  load_level: 200104.54069594597
  wind_year: 2011
  solar_year: 2012
  price_year: 2023
  carbon_year: 2023
storage_values:
  CAES:
    cost: 27.0071
    lifetime: 20.8616
    annual_cost: 1.294584308010891
    efficiency: 0.552349
    discharge_ratio: 0.1
    depth_of_discharge: 0.4
  Li-ion:
    cost: 132.726
    lifetime: 10.0369
    annual_cost: 13.22380416263986
    efficiency: 0.914253
    discharge_ratio: 2
    depth_of_discharge: 0.9
  Pb-acid:
    cost: 151.958
    lifetime: 10.1524
    annual_cost: 14.967692368307
    efficiency: 0.707991
    discharge_ratio: 5
    depth_of_discharge: 0.5
  VRBF:
    cost: 172.023
    lifetime: 18.8953
    annual_cost: 9.104009991902748
    efficiency: 0.760032
    discharge_ratio: 0.5
    depth_of_discharge: 1.0
