cost_values:
  wind_capex: 5000.0
  wind_opex: 100
  wind_lifetime: 20
  solar_capex: 1000.0
  solar_opex: 10
  solar_lifetime: 20
  carbon_price: 1.0
timeseries_values:
  load_level: 200104.54069594597
  wind_year: 2011
  solar_year: 2012
  price_year: 2023
  carbon_year: 2023
storage_values:
  CAES:
    cost: 35.445
    lifetime: 20.8108
    annual_cost: 1.7032021834816538
    efficiency: 0.559475
    discharge_ratio: 0.1
    depth_of_discharge: 0.4
  Li-ion:
    cost: 129.839
    lifetime: 10.8092
    annual_cost: 12.01189727269363
    efficiency: 0.902575
    discharge_ratio: 2
    depth_of_discharge: 0.9
  Pb-acid:
    cost: 152.06
    lifetime: 10.2062
    annual_cost: 14.898787011816346
    efficiency: 0.711225
    discharge_ratio: 5
    depth_of_discharge: 0.5
  VRBF:
    cost: 155.409
    lifetime: 16.8883
    annual_cost: 9.20216954933297
    efficiency: 0.743969
    discharge_ratio: 0.5
    depth_of_discharge: 1.0
