cost_values:
  wind_capex: 5000.0
  wind_opex: 100
  wind_lifetime: 20
  solar_capex: 1000.0
  solar_opex: 10
  solar_lifetime: 20
  carbon_price: 1.0
timeseries_values:
  load_level: 200104.54069594597
  wind_year: 2011
  solar_year: 2012
  price_year: 2023
  carbon_year: 2023
storage_values:
  CAES:
    cost: 32.033
    lifetime: 21.2622
    annual_cost: 1.5065703454957624
    efficiency: 0.558469
    discharge_ratio: 0.1
    depth_of_discharge: 0.4
  Li-ion:
    cost: 162.638
    lifetime: 10.429
    annual_cost: 15.594783776009205
    efficiency: 0.890823
    discharge_ratio: 2
    depth_of_discharge: 0.9
  Pb-acid:
    cost: 150.254
    lifetime: 10.0691
    annual_cost: 14.922286996851753
    efficiency: 0.723243
    discharge_ratio: 5
    depth_of_discharge: 0.5
  VRBF:
    cost: 157.199
    lifetime: 19.5237
    annual_cost: 8.051701265641245
    efficiency: 0.759474
    discharge_ratio: 0.5
    depth_of_discharge: 1.0
