cost_values:
  wind_capex: 5000.0
  wind_opex: 100
  wind_lifetime: 20
  solar_capex: 1000.0
  solar_opex: 10
  solar_lifetime: 20
  carbon_price: 1.0
timeseries_values:
  load_level: 200104.54069594597
  wind_year: 2011
  solar_year: 2012
  price_year: 2023
  carbon_year: 2023
storage_values:
  CAES:
    cost: 33.6002
    lifetime: 20.4662
    annual_cost: 1.6417410168961508
    efficiency: 0.568122
    discharge_ratio: 0.1
    depth_of_discharge: 0.4
  Li-ion:
    cost: 127.201
    lifetime: 11.4793
    annual_cost: 11.080902145601211
    efficiency: 0.896886
    discharge_ratio: 2
    depth_of_discharge: 0.9
  Pb-acid:
    cost: 162.116
    lifetime: 9.15311
    annual_cost: 17.711575628392975
    efficiency: 0.71214
    discharge_ratio: 5
    depth_of_discharge: 0.5
  VRBF:
    cost: 164.654
    lifetime: 17.1647
    annual_cost: 9.592594103013743
    efficiency: 0.763743
    discharge_ratio: 0.5
    depth_of_discharge: 1.0
