cost_values:
  wind_capex: 5000.0
  wind_opex: 100
  wind_lifetime: 20
  solar_capex: 1000.0
  solar_opex: 10
  solar_lifetime: 20
  carbon_price: 1.0
timeseries_values:
  load_level: 200104.54069594597
  wind_year: 2011
  solar_year: 2012
  price_year: 2023
  carbon_year: 2023
storage_values:
  CAES:
    cost: 31.9848
    lifetime: 21.5782
    annual_cost: 1.4822737763112772
    efficiency: 0.565505
    discharge_ratio: 0.1
    depth_of_discharge: 0.4
  Li-ion:
    cost: 135.85
    lifetime: 12.9577
    annual_cost: 10.484113693016507
    efficiency: 0.903989
    discharge_ratio: 2
    depth_of_discharge: 0.9
  Pb-acid:
    cost: 147.603
    lifetime: 10.5456
    annual_cost: 13.996643149749659
    efficiency: 0.716161
    discharge_ratio: 5
    depth_of_discharge: 0.5
  VRBF:
    cost: 187.606
    lifetime: 18.5899
    annual_cost: 10.091824054997605
    efficiency: 0.759392
    discharge_ratio: 0.5
    depth_of_discharge: 1.0
