cost_values:
  wind_capex: 5000.0
  wind_opex: 100
  wind_lifetime: 20
  solar_capex: 1000.0
  solar_opex: 10
  solar_lifetime: 20
  carbon_price: 1.0
timeseries_values:
  load_level: 200104.54069594597
  wind_year: 2011
  solar_year: 2012
  price_year: 2023
  carbon_year: 2023
storage_values:
  CAES:
    cost: 29.9588
    lifetime: 20.5878
    annual_cost: 1.4551724807895938
    efficiency: 0.55752
    discharge_ratio: 0.1
    depth_of_discharge: 0.4
  Li-ion:
    cost: 126.769
    lifetime: 10.007
    annual_cost: 12.668032377335866
    efficiency: 0.899642
    discharge_ratio: 2
    depth_of_discharge: 0.9
  Pb-acid:
    cost: 169.675
    lifetime: 10.7864
    annual_cost: 15.73045687161611
    efficiency: 0.716151
    discharge_ratio: 5
    depth_of_discharge: 0.5
  VRBF:
    cost: 179.316
    lifetime: 17.4158
    annual_cost: 10.296167847586673
    efficiency: 0.754844
    discharge_ratio: 0.5
    depth_of_discharge: 1.0
