cost_values:
  wind_capex: 5000.0
  wind_opex: 100
  wind_lifetime: 20
  solar_capex: 1000.0
  solar_opex: 10
  solar_lifetime: 20
  carbon_price: 1.0
timeseries_values:
  load_level: 200104.54069594597
  wind_year: 2011
  solar_year: 2012
  price_year: 2023
  carbon_year: 2023
storage_values:
  CAES:
    cost: 24.4916
    lifetime: 21.2073
    annual_cost: 1.1548664846538692
    efficiency: 0.557543
    discharge_ratio: 0.1
    depth_of_discharge: 0.4
  Li-ion:
    cost: 146.548
    lifetime: 10.0958
    annual_cost: 14.515739218288793
    efficiency: 0.907244
    discharge_ratio: 2
    depth_of_discharge: 0.9
  Pb-acid:
    cost: 166.034
    lifetime: 9.55334
    annual_cost: 17.379680823670046
    efficiency: 0.73568
    discharge_ratio: 5
    depth_of_discharge: 0.5
  VRBF:
    cost: 153.421
    lifetime: 18.8303
    annual_cost: 8.147560049494697
    efficiency: 0.774721
    discharge_ratio: 0.5
    depth_of_discharge: 1.0
