cost_values:
  wind_capex: 5000.0
  wind_opex: 100
  wind_lifetime: 20
  solar_capex: 1000.0
  solar_opex: 10
  solar_lifetime: 20
  carbon_price: 1.0
timeseries_values:
  load_level: 200104.54069594597
  wind_year: 2011
  solar_year: 2012
  price_year: 2023
  carbon_year: 2023
storage_values:
  CAES:
    cost: 26.0295
    lifetime: 21.5328
    annual_cost: 1.2088302496656262
    efficiency: 0.561041
    discharge_ratio: 0.1
    depth_of_discharge: 0.4
  Li-ion:
    cost: 138.842
    lifetime: 10.4717
    annual_cost: 13.25878319661564
    efficiency: 0.892344
    discharge_ratio: 2
    depth_of_discharge: 0.9
  Pb-acid:
    cost: 162.679
    lifetime: 10.1423
    annual_cost: 16.03965569939757
    efficiency: 0.706294
    discharge_ratio: 5
    depth_of_discharge: 0.5
  VRBF:
    cost: 169.607
    lifetime: 20.6667
    annual_cost: 8.206777085843411
    efficiency: 0.766018
    discharge_ratio: 0.5
    depth_of_discharge: 1.0
