cost_values:
  wind_capex: 5000.0
  wind_opex: 100
  wind_lifetime: 20
  solar_capex: 1000.0
  solar_opex: 10
  solar_lifetime: 20
  carbon_price: 1.0
timeseries_values:
  load_level: 200104.54069594597
  wind_year: 2011
  solar_year: 2012
  price_year: 2023
  carbon_year: 2023
storage_values:
  CAES:
    cost: 27.3269
    lifetime: 20.6491
    annual_cost: 1.3233942399426608
    efficiency: 0.555212
    discharge_ratio: 0.1
    depth_of_discharge: 0.4
  Li-ion:
    cost: 121.377
    lifetime: 11.9552
    annual_cost: 10.15265323875803
    efficiency: 0.916175
    discharge_ratio: 2
    depth_of_discharge: 0.9
  Pb-acid:
    cost: 139.825
    lifetime: 10.8484
    annual_cost: 12.888997455846022
    efficiency: 0.709156
    discharge_ratio: 5
    depth_of_discharge: 0.5
  VRBF:
    cost: 185.831
    lifetime: 18.0574
    annual_cost: 10.291127183315426
    efficiency: 0.780517
    discharge_ratio: 0.5
    depth_of_discharge: 1.0
