cost_values:
  wind_capex: 5000.0
  wind_opex: 100
  wind_lifetime: 20
  solar_capex: 1000.0
  solar_opex: 10
  solar_lifetime: 20
  carbon_price: 1.0
timeseries_values:
  load_level: 298689.066470143
  wind_year: 2010
  solar_year: 2016
  price_year: 2023
  carbon_year: 2023
storage_values:
  CAES:
    cost: 53.3093
    lifetime: 20.6174
    annual_cost: 2.5856461047464765
    efficiency: 0.623378
    discharge_ratio: 0.1
    depth_of_discharge: 0.4
  Li-ion:
    cost: 176.693
    lifetime: 23.7823
    annual_cost: 7.429601005790021
    efficiency: 0.900453
    discharge_ratio: 2
    depth_of_discharge: 0.9
  Pb-acid:
    cost: 130.955
    lifetime: 5.96495
    annual_cost: 21.954081760953574
    efficiency: 0.727877
    discharge_ratio: 5
    depth_of_discharge: 0.5
  VRBF:
    cost: 222.014
    lifetime: 11.9076
    annual_cost: 18.64473109610669
    efficiency: 0.78869
    discharge_ratio: 0.5
    depth_of_discharge: 1.0
