cost_values:
  wind_capex: 5000.0
  wind_opex: 100
  wind_lifetime: 20
  solar_capex: 1000.0
  solar_opex: 10
  solar_lifetime: 20
  carbon_price: 1.0
timeseries_values:
  load_level: 298689.066470143
  wind_year: 2010
  solar_year: 2016
  price_year: 2023
  carbon_year: 2023
storage_values:
  CAES:
    cost: 46.5864
    lifetime: 20.3234
    annual_cost: 2.292254248796953
    efficiency: 0.619333
    discharge_ratio: 0.1
    depth_of_discharge: 0.4
  Li-ion:
    cost: 160.518
    lifetime: 25.4344
    annual_cost: 6.3110590381530525
    efficiency: 0.91499
    discharge_ratio: 2
    depth_of_discharge: 0.9
  Pb-acid:
    cost: 125.667
    lifetime: 7.55876
    annual_cost: 16.62534595621504
    efficiency: 0.74293
    discharge_ratio: 5
    depth_of_discharge: 0.5
  VRBF:
    cost: 260.801
    lifetime: 12.7831
    annual_cost: 20.402015160641785
    efficiency: 0.794591
    discharge_ratio: 0.5
    depth_of_discharge: 1.0
