cost_values:
  wind_capex: 5000.0
  wind_opex: 100
  wind_lifetime: 20
  solar_capex: 1000.0
  solar_opex: 10
  solar_lifetime: 20
  carbon_price: 1.0
timeseries_values:
  load_level: 298689.066470143
  wind_year: 2010
  solar_year: 2016
  price_year: 2023
  carbon_year: 2023
storage_values:
  CAES:
    cost: 48.0867
    lifetime: 21.7818
    annual_cost: 2.207655014737074
    efficiency: 0.623215
    discharge_ratio: 0.1
    depth_of_discharge: 0.4
  Li-ion:
    cost: 167.897
    lifetime: 26.9625
    annual_cost: 6.2270560964302275
    efficiency: 0.90887
    discharge_ratio: 2
    depth_of_discharge: 0.9
  Pb-acid:
    cost: 125.837
    lifetime: 7.29709
    annual_cost: 17.244819510243126
    efficiency: 0.712997
    discharge_ratio: 5
    depth_of_discharge: 0.5
  VRBF:
    cost: 250.834
    lifetime: 13.0188
    annual_cost: 19.267059944080867
    efficiency: 0.797219
    discharge_ratio: 0.5
    depth_of_discharge: 1.0
