cost_values:
  wind_capex: 5000.0
  wind_opex: 100
  wind_lifetime: 20
  solar_capex: 1000.0
  solar_opex: 10
  solar_lifetime: 20
  carbon_price: 1.0
timeseries_values:
  load_level: 298689.066470143
  wind_year: 2010
  solar_year: 2016
  price_year: 2023
  carbon_year: 2023
storage_values:
  CAES:
    cost: 49.6045
    lifetime: 21.3186
    annual_cost: 2.3268178961095005
    efficiency: 0.612903
    discharge_ratio: 0.1
    depth_of_discharge: 0.4
  Li-ion:
    cost: 167.682
    lifetime: 27.9452
    annual_cost: 6.000386470664013
    efficiency: 0.900523
    discharge_ratio: 2
    depth_of_discharge: 0.9
  Pb-acid:
    cost: 98.2097
    lifetime: 6.71094
    annual_cost: 14.634268820761324
    efficiency: 0.728143
    discharge_ratio: 5
    depth_of_discharge: 0.5
  VRBF:
    cost: 244.313
    lifetime: 14.2256
    annual_cost: 17.174178945000563
    efficiency: 0.787567
    discharge_ratio: 0.5
    depth_of_discharge: 1.0
