cost_values:
  wind_capex: 5000.0
  wind_opex: 100
  wind_lifetime: 20
  solar_capex: 1000.0
  solar_opex: 10
  solar_lifetime: 20
  carbon_price: 1.0
timeseries_values:
  load_level: 298689.066470143
  wind_year: 2010
  solar_year: 2016
  price_year: 2023
  carbon_year: 2023
storage_values:
  CAES:
    cost: 50.2028
    lifetime: 21.9054
    annual_cost: 2.291800195385613
    efficiency: 0.622476
    discharge_ratio: 0.1
    depth_of_discharge: 0.4
  Li-ion:
    cost: 153.165
    lifetime: 25.7204
    annual_cost: 5.955000699833595
    efficiency: 0.912454
    discharge_ratio: 2
    depth_of_discharge: 0.9
  Pb-acid:
    cost: 136.518
    lifetime: 5.13621
    annual_cost: 26.579520697167755
    efficiency: 0.727842
    discharge_ratio: 5
    depth_of_discharge: 0.5
  VRBF:
    cost: 234.666
    lifetime: 14.6833
    annual_cost: 15.981829697683764
    efficiency: 0.803447
    discharge_ratio: 0.5
    depth_of_discharge: 1.0
