cost_values:
  wind_capex: 5000.0
  wind_opex: 100
  wind_lifetime: 20
  solar_capex: 1000.0
  solar_opex: 10
  solar_lifetime: 20
  carbon_price: 1.0
timeseries_values:
  load_level: 298689.066470143
  wind_year: 2010
  solar_year: 2016
  price_year: 2023
  carbon_year: 2023
storage_values:
  CAES:
    cost: 46.4467
    lifetime: 21.7236
    annual_cost: 2.1380756412381006
    efficiency: 0.623687
    discharge_ratio: 0.1
    depth_of_discharge: 0.4
  Li-ion:
    cost: 180.503
    lifetime: 26.1104
    annual_cost: 6.913069121882468
    efficiency: 0.913754
    discharge_ratio: 2
    depth_of_discharge: 0.9
  Pb-acid:
    cost: 115.498
    lifetime: 8.69263
    annual_cost: 13.286887857875007
    efficiency: 0.734087
    discharge_ratio: 5
    depth_of_discharge: 0.5
  VRBF:
    cost: 239.305
    lifetime: 11.6386
    annual_cost: 20.561321808464935
    efficiency: 0.80184
    discharge_ratio: 0.5
    depth_of_discharge: 1.0
