cost_values:
  wind_capex: 5000.0
  wind_opex: 100
  wind_lifetime: 20
  solar_capex: 1000.0
  solar_opex: 10
  solar_lifetime: 20
  carbon_price: 1.0
timeseries_values:
  load_level: 298689.066470143
  wind_year: 2010
  solar_year: 2016
  price_year: 2023
  carbon_year: 2023
storage_values:
  CAES:
    cost: 55.2948
    lifetime: 20.8832
    annual_cost: 2.6478125957707634
    efficiency: 0.614811
    discharge_ratio: 0.1
    depth_of_discharge: 0.4
  Li-ion:
    cost: 167.625
    lifetime: 25.2595
    annual_cost: 6.636117104455749
    efficiency: 0.911609
    discharge_ratio: 2
    depth_of_discharge: 0.9
  Pb-acid:
    cost: 142.173
    lifetime: 7.84476
    annual_cost: 18.123307787618742
    efficiency: 0.708955
    discharge_ratio: 5
    depth_of_discharge: 0.5
  VRBF:
    cost: 230.405
    lifetime: 14.0135
    annual_cost: 16.44164555607093
    efficiency: 0.78618
    discharge_ratio: 0.5
    depth_of_discharge: 1.0
