cost_values:
  wind_capex: 5000.0
  wind_opex: 100
  wind_lifetime: 20
  solar_capex: 1000.0
  solar_opex: 10
  solar_lifetime: 20
  carbon_price: 1.0
timeseries_values:
  load_level: 298689.066470143
  wind_year: 2010
  solar_year: 2016
  price_year: 2023
  carbon_year: 2023
storage_values:
  CAES:
    cost: 55.1139
    lifetime: 20.8996
    annual_cost: 2.6370791785488716
    efficiency: 0.626358
    discharge_ratio: 0.1
    depth_of_discharge: 0.4
  Li-ion:
    cost: 174.623
    lifetime: 27.009
    annual_cost: 6.4653633973860565
    efficiency: 0.917708
    discharge_ratio: 2
    depth_of_discharge: 0.9
  Pb-acid:
    cost: 107.132
    lifetime: 5.58007
    annual_cost: 19.199042305920894
    efficiency: 0.723549
    discharge_ratio: 5
    depth_of_discharge: 0.5
  VRBF:
    cost: 275.336
    lifetime: 12.8984
    annual_cost: 21.346523599826334
    efficiency: 0.810319
    discharge_ratio: 0.5
    depth_of_discharge: 1.0
