cost_values:
  wind_capex: 5000.0
  wind_opex: 100
  wind_lifetime: 20
  solar_capex: 1000.0
  solar_opex: 10
  solar_lifetime: 20
  carbon_price: 1.0
timeseries_values:
  load_level: 298689.066470143
  wind_year: 2010
  solar_year: 2016
  price_year: 2023
  carbon_year: 2023
storage_values:
  CAES:
    cost: 48.9217
    lifetime: 20.7241
    annual_cost: 2.3606187964736707
    efficiency: 0.622853
    discharge_ratio: 0.1
    depth_of_discharge: 0.4
  Li-ion:
    cost: 156.546
    lifetime: 26.0067
    annual_cost: 6.019448834338844
    efficiency: 0.90954
    discharge_ratio: 2
    depth_of_discharge: 0.9
  Pb-acid:
    cost: 116.894
    lifetime: 6.40582
    annual_cost: 18.24809314030054
    efficiency: 0.732032
    discharge_ratio: 5
    depth_of_discharge: 0.5
  VRBF:
    cost: 241.834
    lifetime: 11.6534
    annual_cost: 20.752226817924385
    efficiency: 0.771863
    discharge_ratio: 0.5
    depth_of_discharge: 1.0
