cost_values:
  wind_capex: 5000.0
  wind_opex: 100
  wind_lifetime: 20
  solar_capex: 1000.0
  solar_opex: 10
  solar_lifetime: 20
  carbon_price: 1.0
timeseries_values:
  load_level: 298689.066470143
  wind_year: 2010
  solar_year: 2016
  price_year: 2023
  carbon_year: 2023
storage_values:
  CAES:
    cost: 57.1928
    lifetime: 21.1635
    annual_cost: 2.702426347248801
    efficiency: 0.628464
    discharge_ratio: 0.1
    depth_of_discharge: 0.4
  Li-ion:
    cost: 150.108
    lifetime: 24.0733
    annual_cost: 6.235455878504402
    efficiency: 0.918032
    discharge_ratio: 2
    depth_of_discharge: 0.9
  Pb-acid:
    cost: 128.156
    lifetime: 6.40336
    annual_cost: 20.01386771944729
    efficiency: 0.717729
    discharge_ratio: 5
    depth_of_discharge: 0.5
  VRBF:
    cost: 253.705
    lifetime: 12.1811
    annual_cost: 20.827757755867697
    efficiency: 0.803579
    discharge_ratio: 0.5
    depth_of_discharge: 1.0
