cost_values:
  wind_capex: 5000.0
  wind_opex: 100
  wind_lifetime: 20
  solar_capex: 1000.0
  solar_opex: 10
  solar_lifetime: 20
  carbon_price: 1.0
timeseries_values:
  load_level: 298689.066470143
  wind_year: 2010
  solar_year: 2016
  price_year: 2023
  carbon_year: 2023
storage_values:
  CAES:
    cost: 47.0567
    lifetime: 21.4236
    annual_cost: 2.196488918762486
    efficiency: 0.627004
    discharge_ratio: 0.1
    depth_of_discharge: 0.4
  Li-ion:
    cost: 147.683
    lifetime: 26.9544
    annual_cost: 5.478994153088179
    efficiency: 0.912282
    discharge_ratio: 2
    depth_of_discharge: 0.9
  Pb-acid:
    cost: 112.025
    lifetime: 7.64943
    annual_cost: 14.644882036962233
    efficiency: 0.733006
    discharge_ratio: 5
    depth_of_discharge: 0.5
  VRBF:
    cost: 277.054
    lifetime: 12.4676
    annual_cost: 22.221919214604252
    efficiency: 0.775102
    discharge_ratio: 0.5
    depth_of_discharge: 1.0
