cost_values:
  wind_capex: 5000.0
  wind_opex: 100
  wind_lifetime: 20
  solar_capex: 1000.0
  solar_opex: 10
  solar_lifetime: 20
  carbon_price: 1.0
timeseries_values:
  load_level: 298689.066470143
  wind_year: 2010
  solar_year: 2016
  price_year: 2023
  carbon_year: 2023
storage_values:
  CAES:
    cost: 55.6438
    lifetime: 21.8692
    annual_cost: 2.5443911985806524
    efficiency: 0.631804
    discharge_ratio: 0.1
    depth_of_discharge: 0.4
  Li-ion:
    cost: 128.292
    lifetime: 25.588
    annual_cost: 5.013756448335157
    efficiency: 0.903383
    discharge_ratio: 2
    depth_of_discharge: 0.9
  Pb-acid:
    cost: 121.09
    lifetime: 5.72773
    annual_cost: 21.141010487575358
    efficiency: 0.718611
    discharge_ratio: 5
    depth_of_discharge: 0.5
  VRBF:
    cost: 235.147
    lifetime: 12.3246
    annual_cost: 19.079483309803155
    efficiency: 0.785163
    discharge_ratio: 0.5
    depth_of_discharge: 1.0
