cost_values:
  wind_capex: 5000.0
  wind_opex: 100
  wind_lifetime: 20
  solar_capex: 1000.0
  solar_opex: 10
  solar_lifetime: 20
  carbon_price: 1.0
timeseries_values:
  load_level: 298689.066470143
  wind_year: 2010
  solar_year: 2016
  price_year: 2023
  carbon_year: 2023
storage_values:
  CAES:
    cost: 44.2061
    lifetime: 20.3717
    annual_cost: 2.1699759961122536
    efficiency: 0.625221
    discharge_ratio: 0.1
    depth_of_discharge: 0.4
  Li-ion:
    cost: 163.131
    lifetime: 28.7811
    annual_cost: 5.667990452067503
    efficiency: 0.892005
    discharge_ratio: 2
    depth_of_discharge: 0.9
  Pb-acid:
    cost: 109.564
    lifetime: 6.36719
    annual_cost: 17.207590789657605
    efficiency: 0.724651
    discharge_ratio: 5
    depth_of_discharge: 0.5
  VRBF:
    cost: 261.821
    lifetime: 10.3721
    annual_cost: 25.242814859093148
    efficiency: 0.787099
    discharge_ratio: 0.5
    depth_of_discharge: 1.0
