cost_values:
  wind_capex: 5000.0
  wind_opex: 100
  wind_lifetime: 20
  solar_capex: 1000.0
  solar_opex: 10
  solar_lifetime: 20
  carbon_price: 1.0
timeseries_values:
  load_level: 298689.066470143
  wind_year: 2010
  solar_year: 2016
  price_year: 2023
  carbon_year: 2023
storage_values:
  CAES:
    cost: 43.7216
    lifetime: 20.5112
    annual_cost: 2.1315963961152935
    efficiency: 0.603422
    discharge_ratio: 0.1
    depth_of_discharge: 0.4
  Li-ion:
    cost: 167.999
    lifetime: 27.4652
    annual_cost: 6.1167950715814925
    efficiency: 0.908297
    discharge_ratio: 2
    depth_of_discharge: 0.9
  Pb-acid:
    cost: 117.061
    lifetime: 8.58942
    annual_cost: 13.628510423288185
    efficiency: 0.722645
    discharge_ratio: 5
    depth_of_discharge: 0.5
  VRBF:
    cost: 262.0
    lifetime: 11.7705
    annual_cost: 22.259037424068644
    efficiency: 0.808747
    discharge_ratio: 0.5
    depth_of_discharge: 1.0
