cost_values:
  wind_capex: 5000.0
  wind_opex: 100
  wind_lifetime: 20
  solar_capex: 1000.0
  solar_opex: 10
  solar_lifetime: 20
  carbon_price: 1.0
timeseries_values:
  load_level: 298689.066470143
  wind_year: 2010
  solar_year: 2016
  price_year: 2023
  carbon_year: 2023
storage_values:
  CAES:
    cost: 51.3308
    lifetime: 20.1249
    annual_cost: 2.5506114316095982
    efficiency: 0.614014
    discharge_ratio: 0.1
    depth_of_discharge: 0.4
  Li-ion:
    cost: 168.529
    lifetime: 26.3358
    annual_cost: 6.399236020929685
    efficiency: 0.905492
    discharge_ratio: 2
    depth_of_discharge: 0.9
  Pb-acid:
    cost: 113.736
    lifetime: 5.92961
    annual_cost: 19.181025396273952
    efficiency: 0.711491
    discharge_ratio: 5
    depth_of_discharge: 0.5
  VRBF:
    cost: 277.142
    lifetime: 13.3408
    annual_cost: 20.77401655073159
    efficiency: 0.793365
    discharge_ratio: 0.5
    depth_of_discharge: 1.0
