cost_values:
  wind_capex: 5000.0
  wind_opex: 100
  wind_lifetime: 20
  solar_capex: 1000.0
  solar_opex: 10
  solar_lifetime: 20
  carbon_price: 1.0
timeseries_values:
  load_level: 298689.066470143
  wind_year: 2010
  solar_year: 2016
  price_year: 2023
  carbon_year: 2023
storage_values:
  CAES:
    cost: 52.5733
    lifetime: 21.3539
    annual_cost: 2.4619999157062646
    efficiency: 0.626318
    discharge_ratio: 0.1
    depth_of_discharge: 0.4
  Li-ion:
    cost: 171.977
    lifetime: 27.7582
    annual_cost: 6.195538615616287
    efficiency: 0.926021
    discharge_ratio: 2
    depth_of_discharge: 0.9
  Pb-acid:
    cost: 138.159
    lifetime: 7.70989
    annual_cost: 17.919710916757566
    efficiency: 0.711415
    discharge_ratio: 5
    depth_of_discharge: 0.5
  VRBF:
    cost: 274.517
    lifetime: 13.192
    annual_cost: 20.809354154032746
    efficiency: 0.809951
    discharge_ratio: 0.5
    depth_of_discharge: 1.0
