cost_values:
  wind_capex: 5000.0
  wind_opex: 100
  wind_lifetime: 20
  solar_capex: 1000.0
  solar_opex: 10
  solar_lifetime: 20
  carbon_price: 1.0
timeseries_values:
  load_level: 298689.066470143
  wind_year: 2010
  solar_year: 2016
  price_year: 2023
  carbon_year: 2023
storage_values:
  CAES:
    cost: 55.5721
    lifetime: 20.7703
    annual_cost: 2.6755559621189873
    efficiency: 0.629263
    discharge_ratio: 0.1
    depth_of_discharge: 0.4
  Li-ion:
    cost: 163.417
    lifetime: 25.9317
    annual_cost: 6.301823636707196
    efficiency: 0.90886
    discharge_ratio: 2
    depth_of_discharge: 0.9
  Pb-acid:
    cost: 116.754
    lifetime: 6.6776
    annual_cost: 17.484425542110937
    efficiency: 0.714828
    discharge_ratio: 5
    depth_of_discharge: 0.5
  VRBF:
    cost: 252.283
    lifetime: 12.5008
    annual_cost: 20.1813483937028
    efficiency: 0.805131
    discharge_ratio: 0.5
    depth_of_discharge: 1.0
