cost_values:
  wind_capex: 5000.0
  wind_opex: 100
  wind_lifetime: 20
  solar_capex: 1000.0
  solar_opex: 10
  solar_lifetime: 20
  carbon_price: 1.0
timeseries_values:
  load_level: 298689.066470143
  wind_year: 2010
  solar_year: 2016
  price_year: 2023
  carbon_year: 2023
storage_values:
  CAES:
    cost: 50.5118
    lifetime: 20.6042
    annual_cost: 2.4515292998514866
    efficiency: 0.629681
    discharge_ratio: 0.1
    depth_of_discharge: 0.4
  Li-ion:
    cost: 163.578
    lifetime: 25.4442
    annual_cost: 6.428891456599147
    efficiency: 0.923399
    discharge_ratio: 2
    depth_of_discharge: 0.9
  Pb-acid:
    cost: 122.677
    lifetime: 6.35101
    annual_cost: 19.316140267453527
    efficiency: 0.737539
    discharge_ratio: 5
    depth_of_discharge: 0.5
  VRBF:
    cost: 218.537
    lifetime: 14.2597
    annual_cost: 15.325497731368822
    efficiency: 0.784832
    discharge_ratio: 0.5
    depth_of_discharge: 1.0
