cost_values:
  wind_capex: 5000.0
  wind_opex: 100
  wind_lifetime: 20
  solar_capex: 1000.0
  solar_opex: 10
  solar_lifetime: 20
  carbon_price: 1.0
timeseries_values:
  load_level: 298689.066470143
  wind_year: 2010
  solar_year: 2016
  price_year: 2023
  carbon_year: 2023
storage_values:
  CAES:
    cost: 52.5831
    lifetime: 21.0839
    annual_cost: 2.4939930468272
    efficiency: 0.61884
    discharge_ratio: 0.1
    depth_of_discharge: 0.4
  Li-ion:
    cost: 164.705
    lifetime: 27.7093
    annual_cost: 5.944033230720373
    efficiency: 0.907773
    discharge_ratio: 2
    depth_of_discharge: 0.9
  Pb-acid:
    cost: 108.819
    lifetime: 5.87249
    annual_cost: 18.530299753596857
    efficiency: 0.695548
    discharge_ratio: 5
    depth_of_discharge: 0.5
  VRBF:
    cost: 221.195
    lifetime: 13.4269
    annual_cost: 16.474018574652376
    efficiency: 0.788068
    discharge_ratio: 0.5
    depth_of_discharge: 1.0
