cost_values:
  wind_capex: 5000.0
  wind_opex: 100
  wind_lifetime: 20
  solar_capex: 1000.0
  solar_opex: 10
  solar_lifetime: 20
  carbon_price: 1.0
timeseries_values:
  load_level: 298689.066470143
  wind_year: 2010
  solar_year: 2016
  price_year: 2023
  carbon_year: 2023
storage_values:
  CAES:
    cost: 50.069
    lifetime: 20.4238
    annual_cost: 2.4515026586629327
    efficiency: 0.619748
    discharge_ratio: 0.1
    depth_of_discharge: 0.4
  Li-ion:
    cost: 147.958
    lifetime: 27.0383
    annual_cost: 5.472163560578883
    efficiency: 0.900033
    discharge_ratio: 2
    depth_of_discharge: 0.9
  Pb-acid:
    cost: 110.355
    lifetime: 5.02449
    annual_cost: 21.96342315339467
    efficiency: 0.722794
    discharge_ratio: 5
    depth_of_discharge: 0.5
  VRBF:
    cost: 281.48
    lifetime: 12.1509
    annual_cost: 23.16536223654215
    efficiency: 0.77551
    discharge_ratio: 0.5
    depth_of_discharge: 1.0
