cost_values:
  wind_capex: 5000.0
  wind_opex: 100
  wind_lifetime: 20
  solar_capex: 1000.0
  solar_opex: 10
  solar_lifetime: 20
  carbon_price: 1.0
timeseries_values:
  load_level: 298689.066470143
  wind_year: 2010
  solar_year: 2016
  price_year: 2023
  carbon_year: 2023
storage_values:
  CAES:
    cost: 46.5584
    lifetime: 21.0522
    annual_cost: 2.211569337171412
    efficiency: 0.618771
    discharge_ratio: 0.1
    depth_of_discharge: 0.4
  Li-ion:
    cost: 161.334
    lifetime: 25.54
    annual_cost: 6.316914643696164
    efficiency: 0.911808
    discharge_ratio: 2
    depth_of_discharge: 0.9
  Pb-acid:
    cost: 119.353
    lifetime: 8.0571
    annual_cost: 14.81339439748793
    efficiency: 0.729545
    discharge_ratio: 5
    depth_of_discharge: 0.5
  VRBF:
    cost: 250.887
    lifetime: 13.888
    annual_cost: 18.065020161290324
    efficiency: 0.78393
    discharge_ratio: 0.5
    depth_of_discharge: 1.0
