cost_values:
  wind_capex: 5000.0
  wind_opex: 100
  wind_lifetime: 20
  solar_capex: 1000.0
  solar_opex: 10
  solar_lifetime: 20
  carbon_price: 1.0
timeseries_values:
  load_level: 298689.066470143
  wind_year: 2010
  solar_year: 2016
  price_year: 2023
  carbon_year: 2023
storage_values:
  CAES:
    cost: 51.0622
    lifetime: 20.7879
    annual_cost: 2.4563423914873552
    efficiency: 0.607639
    discharge_ratio: 0.1
    depth_of_discharge: 0.4
  Li-ion:
    cost: 147.234
    lifetime: 25.3479
    annual_cost: 5.808528517155268
    efficiency: 0.900998
    discharge_ratio: 2
    depth_of_discharge: 0.9
  Pb-acid:
    cost: 125.088
    lifetime: 5.65743
    annual_cost: 22.110392881573436
    efficiency: 0.731507
    discharge_ratio: 5
    depth_of_discharge: 0.5
  VRBF:
    cost: 266.839
    lifetime: 11.9484
    annual_cost: 22.33261357169161
    efficiency: 0.769009
    discharge_ratio: 0.5
    depth_of_discharge: 1.0
