cost_values:
  wind_capex: 5000.0
  wind_opex: 100
  wind_lifetime: 20
  solar_capex: 1000.0
  solar_opex: 10
  solar_lifetime: 20
  carbon_price: 1.0
timeseries_values:
  load_level: 298689.066470143
  wind_year: 2010
  solar_year: 2016
  price_year: 2023
  carbon_year: 2023
storage_values:
  CAES:
    cost: 50.2312
    lifetime: 20.7414
    annual_cost: 2.421784450422826
    efficiency: 0.619977
    discharge_ratio: 0.1
    depth_of_discharge: 0.4
  Li-ion:
    cost: 182.616
    lifetime: 28.3384
    annual_cost: 6.444118228269769
    efficiency: 0.909289
    discharge_ratio: 2
    depth_of_discharge: 0.9
  Pb-acid:
    cost: 121.874
    lifetime: 6.2901
    annual_cost: 19.37552662119839
    efficiency: 0.728842
    discharge_ratio: 5
    depth_of_discharge: 0.5
  VRBF:
    cost: 265.156
    lifetime: 15.4756
    annual_cost: 17.133810643852257
    efficiency: 0.798706
    discharge_ratio: 0.5
    depth_of_discharge: 1.0
