cost_values:
  wind_capex: 5000.0
  wind_opex: 100
  wind_lifetime: 20
  solar_capex: 1000.0
  solar_opex: 10
  solar_lifetime: 20
  carbon_price: 1.0
timeseries_values:
  load_level: 298689.066470143
  wind_year: 2010
  solar_year: 2016
  price_year: 2023
  carbon_year: 2023
storage_values:
  CAES:
    cost: 58.2955
    lifetime: 21.6941
    annual_cost: 2.687159181528618
    efficiency: 0.628072
    discharge_ratio: 0.1
    depth_of_discharge: 0.4
  Li-ion:
    cost: 154.613
    lifetime: 27.569
    annual_cost: 5.608219376836302
    efficiency: 0.909645
    discharge_ratio: 2
    depth_of_discharge: 0.9
  Pb-acid:
    cost: 98.0803
    lifetime: 5.96827
    annual_cost: 16.433623143725065
    efficiency: 0.712279
    discharge_ratio: 5
    depth_of_discharge: 0.5
  VRBF:
    cost: 240.601
    lifetime: 13.6894
    annual_cost: 17.575715517115434
    efficiency: 0.782178
    discharge_ratio: 0.5
    depth_of_discharge: 1.0
