cost_values:
  wind_capex: 5000.0
  wind_opex: 100
  wind_lifetime: 20
  solar_capex: 1000.0
  solar_opex: 10
  solar_lifetime: 20
  carbon_price: 1.0
timeseries_values:
  load_level: 298689.066470143
  wind_year: 2010
  solar_year: 2016
  price_year: 2023
  carbon_year: 2023
storage_values:
  CAES:
    cost: 51.8742
    lifetime: 20.6687
    annual_cost: 2.509795004039925
    efficiency: 0.607897
    discharge_ratio: 0.1
    depth_of_discharge: 0.4
  Li-ion:
    cost: 160.3
    lifetime: 28.7991
    annual_cost: 5.566146164289857
    efficiency: 0.914589
    discharge_ratio: 2
    depth_of_discharge: 0.9
  Pb-acid:
    cost: 128.312
    lifetime: 6.80177
    annual_cost: 18.86450144594716
    efficiency: 0.717082
    discharge_ratio: 5
    depth_of_discharge: 0.5
  VRBF:
    cost: 226.845
    lifetime: 11.4158
    annual_cost: 19.87114350286445
    efficiency: 0.783271
    discharge_ratio: 0.5
    depth_of_discharge: 1.0
