cost_values:
  wind_capex: 5000.0
  wind_opex: 100
  wind_lifetime: 20
  solar_capex: 1000.0
  solar_opex: 10
  solar_lifetime: 20
  carbon_price: 1.0
timeseries_values:
  load_level: 298689.066470143
  wind_year: 2010
  solar_year: 2016
  price_year: 2023
  carbon_year: 2023
storage_values:
  CAES:
    cost: 48.2269
    lifetime: 20.6414
    annual_cost: 2.336416134564516
    efficiency: 0.617021
    discharge_ratio: 0.1
    depth_of_discharge: 0.4
  Li-ion:
    cost: 155.725
    lifetime: 25.5685
    annual_cost: 6.090501984864188
    efficiency: 0.897486
    discharge_ratio: 2
    depth_of_discharge: 0.9
  Pb-acid:
    cost: 124.377
    lifetime: 7.16099
    annual_cost: 17.36868784902646
    efficiency: 0.720075
    discharge_ratio: 5
    depth_of_discharge: 0.5
  VRBF:
    cost: 267.556
    lifetime: 15.1985
    annual_cost: 17.604105668322532
    efficiency: 0.778106
    discharge_ratio: 0.5
    depth_of_discharge: 1.0
