cost_values:
  wind_capex: 5000.0
  wind_opex: 100
  wind_lifetime: 20
  solar_capex: 1000.0
  solar_opex: 10
  solar_lifetime: 20
  carbon_price: 1.0
timeseries_values:
  load_level: 298689.066470143
  wind_year: 2010
  solar_year: 2016
  price_year: 2023
  carbon_year: 2023
storage_values:
  CAES:
    cost: 47.8214
    lifetime: 20.2397
    annual_cost: 2.3627524123381276
    efficiency: 0.61593
    discharge_ratio: 0.1
    depth_of_discharge: 0.4
  Li-ion:
    cost: 160.277
    lifetime: 25.4638
    annual_cost: 6.294307998020719
    efficiency: 0.911108
    discharge_ratio: 2
    depth_of_discharge: 0.9
  Pb-acid:
    cost: 131.407
    lifetime: 5.64274
    annual_cost: 23.28779989863081
    efficiency: 0.704715
    discharge_ratio: 5
    depth_of_discharge: 0.5
  VRBF:
    cost: 245.865
    lifetime: 11.6946
    annual_cost: 21.023805859114464
    efficiency: 0.793429
    discharge_ratio: 0.5
    depth_of_discharge: 1.0
