cost_values:
  wind_capex: 5000.0
  wind_opex: 100
  wind_lifetime: 20
  solar_capex: 1000.0
  solar_opex: 10
  solar_lifetime: 20
  carbon_price: 1.0
timeseries_values:
  load_level: 298689.066470143
  wind_year: 2010
  solar_year: 2016
  price_year: 2023
  carbon_year: 2023
storage_values:
  CAES:
    cost: 46.5842
    lifetime: 20.2693
    annual_cost: 2.298263876897574
    efficiency: 0.618633
    discharge_ratio: 0.1
    depth_of_discharge: 0.4
  Li-ion:
    cost: 168.777
    lifetime: 25.7382
    annual_cost: 6.557451570039863
    efficiency: 0.904634
    discharge_ratio: 2
    depth_of_discharge: 0.9
  Pb-acid:
    cost: 116.188
    lifetime: 7.33482
    annual_cost: 15.840606858791356
    efficiency: 0.725488
    discharge_ratio: 5
    depth_of_discharge: 0.5
  VRBF:
    cost: 254.241
    lifetime: 13.2065
    annual_cost: 19.25120205959187
    efficiency: 0.786469
    discharge_ratio: 0.5
    depth_of_discharge: 1.0
