cost_values:
  wind_capex: 5000.0
  wind_opex: 100
  wind_lifetime: 20
  solar_capex: 1000.0
  solar_opex: 10
  solar_lifetime: 20
  carbon_price: 1.0
timeseries_values:
  load_level: 298689.066470143
  wind_year: 2010
  solar_year: 2016
  price_year: 2023
  carbon_year: 2023
storage_values:
  CAES:
    cost: 40.0407
    lifetime: 21.8448
    annual_cost: 1.8329625357064383
    efficiency: 0.613491
    discharge_ratio: 0.1
    depth_of_discharge: 0.4
  Li-ion:
    cost: 147.896
    lifetime: 27.3299
    annual_cost: 5.411509006619124
    efficiency: 0.899334
    discharge_ratio: 2
    depth_of_discharge: 0.9
  Pb-acid:
    cost: 133.332
    lifetime: 6.47814
    annual_cost: 20.581833674480638
    efficiency: 0.709194
    discharge_ratio: 5
    depth_of_discharge: 0.5
  VRBF:
    cost: 218.593
    lifetime: 12.3568
    annual_cost: 17.690097759937846
    efficiency: 0.785725
    discharge_ratio: 0.5
    depth_of_discharge: 1.0
