cost_values:
  wind_capex: 5000.0
  wind_opex: 100
  wind_lifetime: 20
  solar_capex: 1000.0
  solar_opex: 10
  solar_lifetime: 20
  carbon_price: 1.0
timeseries_values:
  load_level: 298689.066470143
  wind_year: 2010
  solar_year: 2016
  price_year: 2023
  carbon_year: 2023
storage_values:
  CAES:
    cost: 49.0831
    lifetime: 20.4647
    annual_cost: 2.398427536196475
    efficiency: 0.620116
    discharge_ratio: 0.1
    depth_of_discharge: 0.4
  Li-ion:
    cost: 165.708
    lifetime: 26.0393
    annual_cost: 6.363765539012185
    efficiency: 0.894957
    discharge_ratio: 2
    depth_of_discharge: 0.9
  Pb-acid:
    cost: 108.232
    lifetime: 5.75308
    annual_cost: 18.812879362011305
    efficiency: 0.730268
    discharge_ratio: 5
    depth_of_discharge: 0.5
  VRBF:
    cost: 239.803
    lifetime: 12.1576
    annual_cost: 19.72453444758834
    efficiency: 0.78696
    discharge_ratio: 0.5
    depth_of_discharge: 1.0
