cost_values:
  wind_capex: 5000.0
  wind_opex: 100
  wind_lifetime: 20
  solar_capex: 1000.0
  solar_opex: 10
  solar_lifetime: 20
  carbon_price: 1.0
timeseries_values:
  load_level: 298689.066470143
  wind_year: 2010
  solar_year: 2016
  price_year: 2023
  carbon_year: 2023
storage_values:
  CAES:
    cost: 58.1455
    lifetime: 20.8085
    annual_cost: 2.794314823269337
    efficiency: 0.616867
    discharge_ratio: 0.1
    depth_of_discharge: 0.4
  Li-ion:
    cost: 173.128
    lifetime: 24.6894
    annual_cost: 7.012240070637601
    efficiency: 0.910454
    discharge_ratio: 2
    depth_of_discharge: 0.9
  Pb-acid:
    cost: 142.352
    lifetime: 5.68541
    annual_cost: 25.038123899595632
    efficiency: 0.72994
    discharge_ratio: 5
    depth_of_discharge: 0.5
  VRBF:
    cost: 243.663
    lifetime: 13.4648
    annual_cost: 18.09629552611253
    efficiency: 0.802001
    discharge_ratio: 0.5
    depth_of_discharge: 1.0
