cost_values:
  wind_capex: 5000.0
  wind_opex: 100
  wind_lifetime: 20
  solar_capex: 1000.0
  solar_opex: 10
  solar_lifetime: 20
  carbon_price: 1.0
timeseries_values:
  load_level: 298689.066470143
  wind_year: 2010
  solar_year: 2016
  price_year: 2023
  carbon_year: 2023
storage_values:
  CAES:
    cost: 46.7382
    lifetime: 21.2323
    annual_cost: 2.2012782411702925
    efficiency: 0.624144
    discharge_ratio: 0.1
    depth_of_discharge: 0.4
  Li-ion:
    cost: 163.643
    lifetime: 27.6027
    annual_cost: 5.92851423954903
    efficiency: 0.889198
    discharge_ratio: 2
    depth_of_discharge: 0.9
  Pb-acid:
    cost: 118.317
    lifetime: 6.53764
    annual_cost: 18.09781511371076
    efficiency: 0.717066
    discharge_ratio: 5
    depth_of_discharge: 0.5
  VRBF:
    cost: 264.214
    lifetime: 11.4844
    annual_cost: 23.00633903381979
    efficiency: 0.796594
    discharge_ratio: 0.5
    depth_of_discharge: 1.0
