cost_values:
  wind_capex: 5000.0
  wind_opex: 100
  wind_lifetime: 20
  solar_capex: 1000.0
  solar_opex: 10
  solar_lifetime: 20
  carbon_price: 1.0
timeseries_values:
  load_level: 298689.066470143
  wind_year: 2010
  solar_year: 2016
  price_year: 2023
  carbon_year: 2023
storage_values:
  CAES:
    cost: 43.2262
    lifetime: 20.0774
    annual_cost: 2.1529779752358373
    efficiency: 0.612285
    discharge_ratio: 0.1
    depth_of_discharge: 0.4
  Li-ion:
    cost: 138.626
    lifetime: 27.8088
    annual_cost: 4.984968786858836
    efficiency: 0.911192
    discharge_ratio: 2
    depth_of_discharge: 0.9
  Pb-acid:
    cost: 110.918
    lifetime: 6.07928
    annual_cost: 18.245252727296656
    efficiency: 0.717158
    discharge_ratio: 5
    depth_of_discharge: 0.5
  VRBF:
    cost: 258.886
    lifetime: 13.4605
    annual_cost: 19.23301511830913
    efficiency: 0.768616
    discharge_ratio: 0.5
    depth_of_discharge: 1.0
