cost_values:
  wind_capex: 5000.0
  wind_opex: 100
  wind_lifetime: 20
  solar_capex: 1000.0
  solar_opex: 10
  solar_lifetime: 20
  carbon_price: 1.0
timeseries_values:
  load_level: 298689.066470143
  wind_year: 2010
  solar_year: 2016
  price_year: 2023
  carbon_year: 2023
storage_values:
  CAES:
    cost: 55.4184
    lifetime: 21.1738
    annual_cost: 2.6173100718812874
    efficiency: 0.625589
    discharge_ratio: 0.1
    depth_of_discharge: 0.4
  Li-ion:
    cost: 147.293
    lifetime: 27.0174
    annual_cost: 5.4517829250779135
    efficiency: 0.911299
    discharge_ratio: 2
    depth_of_discharge: 0.9
  Pb-acid:
    cost: 118.464
    lifetime: 6.01978
    annual_cost: 19.67912448627691
    efficiency: 0.717478
    discharge_ratio: 5
    depth_of_discharge: 0.5
  VRBF:
    cost: 233.481
    lifetime: 14.0732
    annual_cost: 16.590469829178865
    efficiency: 0.779138
    discharge_ratio: 0.5
    depth_of_discharge: 1.0
