cost_values:
  wind_capex: 5000.0
  wind_opex: 100
  wind_lifetime: 20
  solar_capex: 1000.0
  solar_opex: 10
  solar_lifetime: 20
  carbon_price: 1.0
timeseries_values:
  load_level: 298689.066470143
  wind_year: 2010
  solar_year: 2016
  price_year: 2023
  carbon_year: 2023
storage_values:
  CAES:
    cost: 51.2185
    lifetime: 20.6543
    annual_cost: 2.4797983954914957
    efficiency: 0.614958
    discharge_ratio: 0.1
    depth_of_discharge: 0.4
  Li-ion:
    cost: 151.705
    lifetime: 26.1823
    annual_cost: 5.794181565408692
    efficiency: 0.90386
    discharge_ratio: 2
    depth_of_discharge: 0.9
  Pb-acid:
    cost: 129.41
    lifetime: 6.42986
    annual_cost: 20.12641021732977
    efficiency: 0.72538
    discharge_ratio: 5
    depth_of_discharge: 0.5
  VRBF:
    cost: 270.659
    lifetime: 12.3803
    annual_cost: 21.862071193751362
    efficiency: 0.76063
    discharge_ratio: 0.5
    depth_of_discharge: 1.0
