cost_values:
  wind_capex: 5000.0
  wind_opex: 100
  wind_lifetime: 20
  solar_capex: 1000.0
  solar_opex: 10
  solar_lifetime: 20
  carbon_price: 1.0
timeseries_values:
  load_level: 298689.066470143
  wind_year: 2010
  solar_year: 2016
  price_year: 2023
  carbon_year: 2023
storage_values:
  CAES:
    cost: 45.5976
    lifetime: 20.2123
    annual_cost: 2.255933268356397
    efficiency: 0.608563
    discharge_ratio: 0.1
    depth_of_discharge: 0.4
  Li-ion:
    cost: 146.058
    lifetime: 23.8765
    annual_cost: 6.117228236969405
    efficiency: 0.916172
    discharge_ratio: 2
    depth_of_discharge: 0.9
  Pb-acid:
    cost: 143.958
    lifetime: 7.15311
    annual_cost: 20.12523224164035
    efficiency: 0.725634
    discharge_ratio: 5
    depth_of_discharge: 0.5
  VRBF:
    cost: 235.535
    lifetime: 12.5004
    annual_cost: 18.84219704969441
    efficiency: 0.786802
    discharge_ratio: 0.5
    depth_of_discharge: 1.0
