cost_values:
  wind_capex: 5000.0
  wind_opex: 100
  wind_lifetime: 20
  solar_capex: 1000.0
  solar_opex: 10
  solar_lifetime: 20
  carbon_price: 1.0
timeseries_values:
  load_level: 298689.066470143
  wind_year: 2010
  solar_year: 2016
  price_year: 2023
  carbon_year: 2023
storage_values:
  CAES:
    cost: 48.7598
    lifetime: 20.9773
    annual_cost: 2.3244078122541985
    efficiency: 0.615162
    discharge_ratio: 0.1
    depth_of_discharge: 0.4
  Li-ion:
    cost: 170.838
    lifetime: 28.6641
    annual_cost: 5.959998744073597
    efficiency: 0.896868
    discharge_ratio: 2
    depth_of_discharge: 0.9
  Pb-acid:
    cost: 133.547
    lifetime: 6.94228
    annual_cost: 19.236763714514538
    efficiency: 0.712657
    discharge_ratio: 5
    depth_of_discharge: 0.5
  VRBF:
    cost: 258.021
    lifetime: 11.9633
    annual_cost: 21.56771125024032
    efficiency: 0.78617
    discharge_ratio: 0.5
    depth_of_discharge: 1.0
