cost_values:
  wind_capex: 5000.0
  wind_opex: 100
  wind_lifetime: 20
  solar_capex: 1000.0
  solar_opex: 10
  solar_lifetime: 20
  carbon_price: 1.0
timeseries_values:
  load_level: 298689.066470143
  wind_year: 2010
  solar_year: 2016
  price_year: 2023
  carbon_year: 2023
storage_values:
  CAES:
    cost: 45.9918
    lifetime: 21.556
    annual_cost: 2.1335962145110408
    efficiency: 0.622744
    discharge_ratio: 0.1
    depth_of_discharge: 0.4
  Li-ion:
    cost: 176.678
    lifetime: 25.2719
    annual_cost: 6.991084959975309
    efficiency: 0.90167
    discharge_ratio: 2
    depth_of_discharge: 0.9
  Pb-acid:
    cost: 134.19
    lifetime: 7.39003
    annual_cost: 18.158248342699554
    efficiency: 0.721498
    discharge_ratio: 5
    depth_of_discharge: 0.5
  VRBF:
    cost: 245.862
    lifetime: 14.4902
    annual_cost: 16.967467667803067
    efficiency: 0.788403
    discharge_ratio: 0.5
    depth_of_discharge: 1.0
