cost_values:
  wind_capex: 5000.0
  wind_opex: 100
  wind_lifetime: 20
  solar_capex: 1000.0
  solar_opex: 10
  solar_lifetime: 20
  carbon_price: 1.0
timeseries_values:
  load_level: 298689.066470143
  wind_year: 2010
  solar_year: 2016
  price_year: 2023
  carbon_year: 2023
storage_values:
  CAES:
    cost: 49.6509
    lifetime: 20.4038
    annual_cost: 2.4334143639910213
    efficiency: 0.626798
    discharge_ratio: 0.1
    depth_of_discharge: 0.4
  Li-ion:
    cost: 158.545
    lifetime: 27.9241
    annual_cost: 5.677712083827231
    efficiency: 0.914601
    discharge_ratio: 2
    depth_of_discharge: 0.9
  Pb-acid:
    cost: 122.313
    lifetime: 6.41968
    annual_cost: 19.052818832091322
    efficiency: 0.719454
    discharge_ratio: 5
    depth_of_discharge: 0.5
  VRBF:
    cost: 252.394
    lifetime: 13.4002
    annual_cost: 18.835092013552035
    efficiency: 0.784967
    discharge_ratio: 0.5
    depth_of_discharge: 1.0
