cost_values:
  wind_capex: 5000.0
  wind_opex: 100
  wind_lifetime: 20
  solar_capex: 1000.0
  solar_opex: 10
  solar_lifetime: 20
  carbon_price: 1.0
timeseries_values:
  load_level: 298689.066470143
  wind_year: 2010
  solar_year: 2016
  price_year: 2023
  carbon_year: 2023
storage_values:
  CAES:
    cost: 53.8984
    lifetime: 20.8063
    annual_cost: 2.590484612833613
    efficiency: 0.612539
    discharge_ratio: 0.1
    depth_of_discharge: 0.4
  Li-ion:
    cost: 146.343
    lifetime: 28.0582
    annual_cost: 5.215694520674883
    efficiency: 0.907252
    discharge_ratio: 2
    depth_of_discharge: 0.9
  Pb-acid:
    cost: 107.468
    lifetime: 5.73494
    annual_cost: 18.739167279866923
    efficiency: 0.717621
    discharge_ratio: 5
    depth_of_discharge: 0.5
  VRBF:
    cost: 228.317
    lifetime: 11.653
    annual_cost: 19.592980348408137
    efficiency: 0.784019
    discharge_ratio: 0.5
    depth_of_discharge: 1.0
