cost_values:
  wind_capex: 5000.0
  wind_opex: 100
  wind_lifetime: 20
  solar_capex: 1000.0
  solar_opex: 10
  solar_lifetime: 20
  carbon_price: 1.0
timeseries_values:
  load_level: 298689.066470143
  wind_year: 2010
  solar_year: 2016
  price_year: 2023
  carbon_year: 2023
storage_values:
  CAES:
    cost: 45.9159
    lifetime: 20.1916
    annual_cost: 2.2740099843499277
    efficiency: 0.619238
    discharge_ratio: 0.1
    depth_of_discharge: 0.4
  Li-ion:
    cost: 171.833
    lifetime: 25.454
    annual_cost: 6.750726801288599
    efficiency: 0.907028
    discharge_ratio: 2
    depth_of_discharge: 0.9
  Pb-acid:
    cost: 111.121
    lifetime: 6.65141
    annual_cost: 16.706382556480506
    efficiency: 0.724374
    discharge_ratio: 5
    depth_of_discharge: 0.5
  VRBF:
    cost: 261.383
    lifetime: 12.5536
    annual_cost: 20.821358016823858
    efficiency: 0.793171
    discharge_ratio: 0.5
    depth_of_discharge: 1.0
