cost_values:
  wind_capex: 5000.0
  wind_opex: 100
  wind_lifetime: 20
  solar_capex: 1000.0
  solar_opex: 10
  solar_lifetime: 20
  carbon_price: 1.0
timeseries_values:
  load_level: 298689.066470143
  wind_year: 2010
  solar_year: 2016
  price_year: 2023
  carbon_year: 2023
storage_values:
  CAES:
    cost: 59.184
    lifetime: 20.4813
    annual_cost: 2.889660324295821
    efficiency: 0.611924
    discharge_ratio: 0.1
    depth_of_discharge: 0.4
  Li-ion:
    cost: 137.795
    lifetime: 26.0031
    annual_cost: 5.299175867492721
    efficiency: 0.910052
    discharge_ratio: 2
    depth_of_discharge: 0.9
  Pb-acid:
    cost: 97.1943
    lifetime: 6.91743
    annual_cost: 14.050637303160277
    efficiency: 0.730141
    discharge_ratio: 5
    depth_of_discharge: 0.5
  VRBF:
    cost: 275.128
    lifetime: 11.3883
    annual_cost: 24.158829676071054
    efficiency: 0.80095
    discharge_ratio: 0.5
    depth_of_discharge: 1.0
