cost_values:
  wind_capex: 5000.0
  wind_opex: 100
  wind_lifetime: 20
  solar_capex: 1000.0
  solar_opex: 10
  solar_lifetime: 20
  carbon_price: 1.0
timeseries_values:
  load_level: 298689.066470143
  wind_year: 2010
  solar_year: 2016
  price_year: 2023
  carbon_year: 2023
storage_values:
  CAES:
    cost: 48.2301
    lifetime: 20.645
    annual_cost: 2.3361637200290626
    efficiency: 0.617148
    discharge_ratio: 0.1
    depth_of_discharge: 0.4
  Li-ion:
    cost: 157.114
    lifetime: 24.8339
    annual_cost: 6.326593889803857
    efficiency: 0.907871
    discharge_ratio: 2
    depth_of_discharge: 0.9
  Pb-acid:
    cost: 135.73
    lifetime: 5.92187
    annual_cost: 22.920124892981438
    efficiency: 0.728092
    discharge_ratio: 5
    depth_of_discharge: 0.5
  VRBF:
    cost: 241.703
    lifetime: 12.7291
    annual_cost: 18.98822383357818
    efficiency: 0.811771
    discharge_ratio: 0.5
    depth_of_discharge: 1.0
