cost_values:
  wind_capex: 5000.0
  wind_opex: 100
  wind_lifetime: 20
  solar_capex: 1000.0
  solar_opex: 10
  solar_lifetime: 20
  carbon_price: 1.0
timeseries_values:
  load_level: 298689.066470143
  wind_year: 2010
  solar_year: 2016
  price_year: 2023
  carbon_year: 2023
storage_values:
  CAES:
    cost: 52.099
    lifetime: 21.2867
    annual_cost: 2.4474906866728987
    efficiency: 0.614325
    discharge_ratio: 0.1
    depth_of_discharge: 0.4
  Li-ion:
    cost: 158.253
    lifetime: 26.2763
    annual_cost: 6.0226515909774205
    efficiency: 0.896464
    discharge_ratio: 2
    depth_of_discharge: 0.9
  Pb-acid:
    cost: 108.754
    lifetime: 7.43818
    annual_cost: 14.621049772928325
    efficiency: 0.722456
    discharge_ratio: 5
    depth_of_discharge: 0.5
  VRBF:
    cost: 257.029
    lifetime: 10.2054
    annual_cost: 25.185588022027556
    efficiency: 0.799688
    discharge_ratio: 0.5
    depth_of_discharge: 1.0
