cost_values:
  wind_capex: 5000.0
  wind_opex: 100
  wind_lifetime: 20
  solar_capex: 1000.0
  solar_opex: 10
  solar_lifetime: 20
  carbon_price: 1.0
timeseries_values:
  load_level: 298689.066470143
  wind_year: 2010
  solar_year: 2016
  price_year: 2023
  carbon_year: 2023
storage_values:
  CAES:
    cost: 47.7679
    lifetime: 21.2397
    annual_cost: 2.248991275771315
    efficiency: 0.619476
    discharge_ratio: 0.1
    depth_of_discharge: 0.4
  Li-ion:
    cost: 163.137
    lifetime: 25.9744
    annual_cost: 6.280684058149562
    efficiency: 0.902509
    discharge_ratio: 2
    depth_of_discharge: 0.9
  Pb-acid:
    cost: 147.761
    lifetime: 6.74808
    annual_cost: 21.896746926533176
    efficiency: 0.719569
    discharge_ratio: 5
    depth_of_discharge: 0.5
  VRBF:
    cost: 267.552
    lifetime: 12.8694
    annual_cost: 20.789780409343095
    efficiency: 0.782817
    discharge_ratio: 0.5
    depth_of_discharge: 1.0
