cost_values:
  wind_capex: 5000.0
  wind_opex: 100
  wind_lifetime: 20
  solar_capex: 1000.0
  solar_opex: 10
  solar_lifetime: 20
  carbon_price: 1.0
timeseries_values:
  load_level: 298689.066470143
  wind_year: 2010
  solar_year: 2016
  price_year: 2023
  carbon_year: 2023
storage_values:
  CAES:
    cost: 48.1801
    lifetime: 21.9124
    annual_cost: 2.1987596064328874
    efficiency: 0.62459
    discharge_ratio: 0.1
    depth_of_discharge: 0.4
  Li-ion:
    cost: 145.409
    lifetime: 26.9559
    annual_cost: 5.3943292563038145
    efficiency: 0.916053
    discharge_ratio: 2
    depth_of_discharge: 0.9
  Pb-acid:
    cost: 129.327
    lifetime: 5.14781
    annual_cost: 25.12272208958761
    efficiency: 0.725768
    discharge_ratio: 5
    depth_of_discharge: 0.5
  VRBF:
    cost: 263.251
    lifetime: 11.0321
    annual_cost: 23.86227463492898
    efficiency: 0.806555
    discharge_ratio: 0.5
    depth_of_discharge: 1.0
