cost_values:
  wind_capex: 5000.0
  wind_opex: 100
  wind_lifetime: 20
  solar_capex: 1000.0
  solar_opex: 10
  solar_lifetime: 20
  carbon_price: 1.0
timeseries_values:
  load_level: 298689.066470143
  wind_year: 2010
  solar_year: 2016
  price_year: 2023
  carbon_year: 2023
storage_values:
  CAES:
    cost: 51.0347
    lifetime: 20.5721
    annual_cost: 2.4807725025641525
    efficiency: 0.618005
    discharge_ratio: 0.1
    depth_of_discharge: 0.4
  Li-ion:
    cost: 157.952
    lifetime: 28.5062
    annual_cost: 5.540970034588967
    efficiency: 0.900039
    discharge_ratio: 2
    depth_of_discharge: 0.9
  Pb-acid:
    cost: 100.777
    lifetime: 5.46651
    annual_cost: 18.43534540319143
    efficiency: 0.721859
    discharge_ratio: 5
    depth_of_discharge: 0.5
  VRBF:
    cost: 275.723
    lifetime: 13.8218
    annual_cost: 19.94841482296083
    efficiency: 0.783996
    discharge_ratio: 0.5
    depth_of_discharge: 1.0
