cost_values:
  wind_capex: 5000.0
  wind_opex: 100
  wind_lifetime: 20
  solar_capex: 1000.0
  solar_opex: 10
  solar_lifetime: 20
  carbon_price: 1.0
timeseries_values:
  load_level: 298689.066470143
  wind_year: 2010
  solar_year: 2016
  price_year: 2023
  carbon_year: 2023
storage_values:
  CAES:
    cost: 53.1194
    lifetime: 20.6879
    annual_cost: 2.5676554894406878
    efficiency: 0.62176
    discharge_ratio: 0.1
    depth_of_discharge: 0.4
  Li-ion:
    cost: 144.18
    lifetime: 24.9677
    annual_cost: 5.774660861833489
    efficiency: 0.904226
    discharge_ratio: 2
    depth_of_discharge: 0.9
  Pb-acid:
    cost: 112.264
    lifetime: 6.06089
    annual_cost: 18.522692211869874
    efficiency: 0.71724
    discharge_ratio: 5
    depth_of_discharge: 0.5
  VRBF:
    cost: 266.808
    lifetime: 12.8025
    annual_cost: 20.840304628002343
    efficiency: 0.771141
    discharge_ratio: 0.5
    depth_of_discharge: 1.0
