cost_values:
  wind_capex: 5000.0
  wind_opex: 100
  wind_lifetime: 20
  solar_capex: 1000.0
  solar_opex: 10
  solar_lifetime: 20
  carbon_price: 1.0
timeseries_values:
  load_level: 298689.066470143
  wind_year: 2010
  solar_year: 2016
  price_year: 2023
  carbon_year: 2023
storage_values:
  CAES:
    cost: 43.7369
    lifetime: 20.5945
    annual_cost: 2.12371749739008
    efficiency: 0.615478
    discharge_ratio: 0.1
    depth_of_discharge: 0.4
  Li-ion:
    cost: 183.266
    lifetime: 25.1744
    annual_cost: 7.279855726452269
    efficiency: 0.898638
    discharge_ratio: 2
    depth_of_discharge: 0.9
  Pb-acid:
    cost: 130.136
    lifetime: 6.50112
    annual_cost: 20.017473912187437
    efficiency: 0.728395
    discharge_ratio: 5
    depth_of_discharge: 0.5
  VRBF:
    cost: 275.921
    lifetime: 11.7827
    annual_cost: 23.417467982720428
    efficiency: 0.806718
    discharge_ratio: 0.5
    depth_of_discharge: 1.0
