cost_values:
  wind_capex: 5000.0
  wind_opex: 100
  wind_lifetime: 20
  solar_capex: 1000.0
  solar_opex: 10
  solar_lifetime: 20
  carbon_price: 1.0
timeseries_values:
  load_level: 298689.066470143
  wind_year: 2010
  solar_year: 2016
  price_year: 2023
  carbon_year: 2023
storage_values:
  CAES:
    cost: 50.8277
    lifetime: 20.7968
    annual_cost: 2.4440154254500692
    efficiency: 0.620133
    discharge_ratio: 0.1
    depth_of_discharge: 0.4
  Li-ion:
    cost: 139.927
    lifetime: 26.8888
    annual_cost: 5.203913897236023
    efficiency: 0.906416
    discharge_ratio: 2
    depth_of_discharge: 0.9
  Pb-acid:
    cost: 135.023
    lifetime: 7.18021
    annual_cost: 18.80488175136939
    efficiency: 0.722417
    discharge_ratio: 5
    depth_of_discharge: 0.5
  VRBF:
    cost: 247.014
    lifetime: 13.1394
    annual_cost: 18.799488561121514
    efficiency: 0.79037
    discharge_ratio: 0.5
    depth_of_discharge: 1.0
