cost_values:
  wind_capex: 5000.0
  wind_opex: 100
  wind_lifetime: 20
  solar_capex: 1000.0
  solar_opex: 10
  solar_lifetime: 20
  carbon_price: 1.0
timeseries_values:
  load_level: 298689.066470143
  wind_year: 2010
  solar_year: 2016
  price_year: 2023
  carbon_year: 2023
storage_values:
  CAES:
    cost: 58.5134
    lifetime: 20.6462
    annual_cost: 2.834100221832589
    efficiency: 0.628298
    discharge_ratio: 0.1
    depth_of_discharge: 0.4
  Li-ion:
    cost: 165.398
    lifetime: 24.2649
    annual_cost: 6.816347893459276
    efficiency: 0.916878
    discharge_ratio: 2
    depth_of_discharge: 0.9
  Pb-acid:
    cost: 128.187
    lifetime: 6.06854
    annual_cost: 21.12320261545611
    efficiency: 0.712011
    discharge_ratio: 5
    depth_of_discharge: 0.5
  VRBF:
    cost: 259.888
    lifetime: 13.1544
    annual_cost: 19.756735388919296
    efficiency: 0.807042
    discharge_ratio: 0.5
    depth_of_discharge: 1.0
