cost_values:
  wind_capex: 5000.0
  wind_opex: 100
  wind_lifetime: 20
  solar_capex: 1000.0
  solar_opex: 10
  solar_lifetime: 20
  carbon_price: 1.0
timeseries_values:
  load_level: 298689.066470143
  wind_year: 2010
  solar_year: 2016
  price_year: 2023
  carbon_year: 2023
storage_values:
  CAES:
    cost: 41.5382
    lifetime: 20.6845
    annual_cost: 2.00818003819285
    efficiency: 0.613623
    discharge_ratio: 0.1
    depth_of_discharge: 0.4
  Li-ion:
    cost: 153.567
    lifetime: 27.907
    annual_cost: 5.502812914322572
    efficiency: 0.923194
    discharge_ratio: 2
    depth_of_discharge: 0.9
  Pb-acid:
    cost: 124.043
    lifetime: 6.86095
    annual_cost: 18.079566240826708
    efficiency: 0.721175
    discharge_ratio: 5
    depth_of_discharge: 0.5
  VRBF:
    cost: 262.541
    lifetime: 11.769
    annual_cost: 22.307842637437336
    efficiency: 0.761166
    discharge_ratio: 0.5
    depth_of_discharge: 1.0
