cost_values:
  wind_capex: 5000.0
  wind_opex: 100
  wind_lifetime: 20
  solar_capex: 1000.0
  solar_opex: 10
  solar_lifetime: 20
  carbon_price: 1.0
timeseries_values:
  load_level: 298689.066470143
  wind_year: 2010
  solar_year: 2016
  price_year: 2023
  carbon_year: 2023
storage_values:
  CAES:
    cost: 48.1572
    lifetime: 21.1238
    annual_cost: 2.2797602704058932
    efficiency: 0.616572
    discharge_ratio: 0.1
    depth_of_discharge: 0.4
  Li-ion:
    cost: 166.016
    lifetime: 25.2209
    annual_cost: 6.582477231185247
    efficiency: 0.902805
    discharge_ratio: 2
    depth_of_discharge: 0.9
  Pb-acid:
    cost: 110.008
    lifetime: 5.80255
    annual_cost: 18.958561322177317
    efficiency: 0.723244
    discharge_ratio: 5
    depth_of_discharge: 0.5
  VRBF:
    cost: 262.194
    lifetime: 11.9243
    annual_cost: 21.98820895146885
    efficiency: 0.767659
    discharge_ratio: 0.5
    depth_of_discharge: 1.0
