cost_values:
  wind_capex: 5000.0
  wind_opex: 100
  wind_lifetime: 20
  solar_capex: 1000.0
  solar_opex: 10
  solar_lifetime: 20
  carbon_price: 1.0
timeseries_values:
  load_level: 298689.066470143
  wind_year: 2010
  solar_year: 2016
  price_year: 2023
  carbon_year: 2023
storage_values:
  CAES:
    cost: 55.3949
    lifetime: 21.1417
    annual_cost: 2.6201724553843824
    efficiency: 0.622419
    discharge_ratio: 0.1
    depth_of_discharge: 0.4
  Li-ion:
    cost: 171.148
    lifetime: 27.2597
    annual_cost: 6.278425661324226
    efficiency: 0.906646
    discharge_ratio: 2
    depth_of_discharge: 0.9
  Pb-acid:
    cost: 120.52
    lifetime: 6.96794
    annual_cost: 17.296360186798395
    efficiency: 0.71908
    discharge_ratio: 5
    depth_of_discharge: 0.5
  VRBF:
    cost: 254.946
    lifetime: 13.9197
    annual_cost: 18.31548093708916
    efficiency: 0.794019
    discharge_ratio: 0.5
    depth_of_discharge: 1.0
