cost_values:
  wind_capex: 5000.0
  wind_opex: 100
  wind_lifetime: 20
  solar_capex: 1000.0
  solar_opex: 10
  solar_lifetime: 20
  carbon_price: 1.0
timeseries_values:
  load_level: 298689.066470143
  wind_year: 2010
  solar_year: 2016
  price_year: 2023
  carbon_year: 2023
storage_values:
  CAES:
    cost: 51.4813
    lifetime: 21.6847
    annual_cost: 2.374084031598316
    efficiency: 0.619683
    discharge_ratio: 0.1
    depth_of_discharge: 0.4
  Li-ion:
    cost: 170.838
    lifetime: 25.5534
    annual_cost: 6.685529127239428
    efficiency: 0.917045
    discharge_ratio: 2
    depth_of_discharge: 0.9
  Pb-acid:
    cost: 136.805
    lifetime: 7.87575
    annual_cost: 17.370409167380885
    efficiency: 0.713933
    discharge_ratio: 5
    depth_of_discharge: 0.5
  VRBF:
    cost: 251.131
    lifetime: 13.0751
    annual_cost: 19.206812949805354
    efficiency: 0.788849
    discharge_ratio: 0.5
    depth_of_discharge: 1.0
