cost_values:
  wind_capex: 5000.0
  wind_opex: 100
  wind_lifetime: 20
  solar_capex: 1000.0
  solar_opex: 10
  solar_lifetime: 20
  carbon_price: 1.0
timeseries_values:
  load_level: 298689.066470143
  wind_year: 2010
  solar_year: 2016
  price_year: 2023
  carbon_year: 2023
storage_values:
  CAES:
    cost: 50.3973
    lifetime: 20.9456
    annual_cost: 2.406104384691773
    efficiency: 0.625865
    discharge_ratio: 0.1
    depth_of_discharge: 0.4
  Li-ion:
    cost: 164.942
    lifetime: 26.986
    annual_cost: 6.112132216704958
    efficiency: 0.913097
    discharge_ratio: 2
    depth_of_discharge: 0.9
  Pb-acid:
    cost: 120.168
    lifetime: 5.18578
    annual_cost: 23.172598914724496
    efficiency: 0.716343
    discharge_ratio: 5
    depth_of_discharge: 0.5
  VRBF:
    cost: 258.791
    lifetime: 11.2561
    annual_cost: 22.99117811675447
    efficiency: 0.784454
    discharge_ratio: 0.5
    depth_of_discharge: 1.0
