cost_values:
  wind_capex: 5000.0
  wind_opex: 100
  wind_lifetime: 20
  solar_capex: 1000.0
  solar_opex: 10
  solar_lifetime: 20
  carbon_price: 1.0
timeseries_values:
  load_level: 298689.066470143
  wind_year: 2010
  solar_year: 2016
  price_year: 2023
  carbon_year: 2023
storage_values:
  CAES:
    cost: 55.1048
    lifetime: 20.443
    annual_cost: 2.6955339235924276
    efficiency: 0.625303
    discharge_ratio: 0.1
    depth_of_discharge: 0.4
  Li-ion:
    cost: 153.512
    lifetime: 27.5116
    annual_cost: 5.57990084182672
    efficiency: 0.907987
    discharge_ratio: 2
    depth_of_discharge: 0.9
  Pb-acid:
    cost: 128.639
    lifetime: 5.01051
    annual_cost: 25.673833601769083
    efficiency: 0.718415
    discharge_ratio: 5
    depth_of_discharge: 0.5
  VRBF:
    cost: 232.316
    lifetime: 12.4228
    annual_cost: 18.700775992529863
    efficiency: 0.801751
    discharge_ratio: 0.5
    depth_of_discharge: 1.0
