cost_values:
  wind_capex: 5000.0
  wind_opex: 100
  wind_lifetime: 20
  solar_capex: 1000.0
  solar_opex: 10
  solar_lifetime: 20
  carbon_price: 1.0
timeseries_values:
  load_level: 298689.066470143
  wind_year: 2010
  solar_year: 2016
  price_year: 2023
  carbon_year: 2023
storage_values:
  CAES:
    cost: 44.3432
    lifetime: 21.1106
    annual_cost: 2.1005182230727693
    efficiency: 0.618863
    discharge_ratio: 0.1
    depth_of_discharge: 0.4
  Li-ion:
    cost: 138.973
    lifetime: 26.8512
    annual_cost: 5.175671850792517
    efficiency: 0.914852
    discharge_ratio: 2
    depth_of_discharge: 0.9
  Pb-acid:
    cost: 127.694
    lifetime: 6.08843
    annual_cost: 20.973222981951015
    efficiency: 0.715091
    discharge_ratio: 5
    depth_of_discharge: 0.5
  VRBF:
    cost: 270.744
    lifetime: 12.9408
    annual_cost: 20.921735905044514
    efficiency: 0.798261
    discharge_ratio: 0.5
    depth_of_discharge: 1.0
