cost_values:
  wind_capex: 5000.0
  wind_opex: 100
  wind_lifetime: 20
  solar_capex: 1000.0
  solar_opex: 10
  solar_lifetime: 20
  carbon_price: 1.0
timeseries_values:
  load_level: 298689.066470143
  wind_year: 2010
  solar_year: 2016
  price_year: 2023
  carbon_year: 2023
storage_values:
  CAES:
    cost: 59.6659
    lifetime: 20.2295
    annual_cost: 2.9494500605551295
    efficiency: 0.620587
    discharge_ratio: 0.1
    depth_of_discharge: 0.4
  Li-ion:
    cost: 176.825
    lifetime: 28.5027
    annual_cost: 6.203798236658281
    efficiency: 0.914541
    discharge_ratio: 2
    depth_of_discharge: 0.9
  Pb-acid:
    cost: 125.145
    lifetime: 6.94046
    annual_cost: 18.03122559599796
    efficiency: 0.717023
    discharge_ratio: 5
    depth_of_discharge: 0.5
  VRBF:
    cost: 264.964
    lifetime: 13.2201
    annual_cost: 20.04251102487878
    efficiency: 0.798502
    discharge_ratio: 0.5
    depth_of_discharge: 1.0
