cost_values:
  wind_capex: 5000.0
  wind_opex: 100
  wind_lifetime: 20
  solar_capex: 1000.0
  solar_opex: 10
  solar_lifetime: 20
  carbon_price: 1.0
timeseries_values:
  load_level: 298689.066470143
  wind_year: 2010
  solar_year: 2016
  price_year: 2023
  carbon_year: 2023
storage_values:
  CAES:
    cost: 53.8272
    lifetime: 20.7622
    annual_cost: 2.5925576287676644
    efficiency: 0.624024
    discharge_ratio: 0.1
    depth_of_discharge: 0.4
  Li-ion:
    cost: 177.615
    lifetime: 26.5491
    annual_cost: 6.69005729007763
    efficiency: 0.893816
    discharge_ratio: 2
    depth_of_discharge: 0.9
  Pb-acid:
    cost: 126.858
    lifetime: 7.33097
    annual_cost: 17.304394916361684
    efficiency: 0.725559
    discharge_ratio: 5
    depth_of_discharge: 0.5
  VRBF:
    cost: 221.188
    lifetime: 14.365
    annual_cost: 15.397702749738947
    efficiency: 0.771951
    discharge_ratio: 0.5
    depth_of_discharge: 1.0
