cost_values:
  wind_capex: 5000.0
  wind_opex: 100
  wind_lifetime: 20
  solar_capex: 1000.0
  solar_opex: 10
  solar_lifetime: 20
  carbon_price: 1.0
timeseries_values:
  load_level: 298689.066470143
  wind_year: 2010
  solar_year: 2016
  price_year: 2023
  carbon_year: 2023
storage_values:
  CAES:
    cost: 45.949
    lifetime: 20.1321
    annual_cost: 2.282374913695044
    efficiency: 0.619513
    discharge_ratio: 0.1
    depth_of_discharge: 0.4
  Li-ion:
    cost: 148.13
    lifetime: 26.9679
    annual_cost: 5.49282665687725
    efficiency: 0.903763
    discharge_ratio: 2
    depth_of_discharge: 0.9
  Pb-acid:
    cost: 120.992
    lifetime: 5.47814
    annual_cost: 22.086328571376416
    efficiency: 0.734745
    discharge_ratio: 5
    depth_of_discharge: 0.5
  VRBF:
    cost: 239.839
    lifetime: 12.3261
    annual_cost: 19.457817152221708
    efficiency: 0.803318
    discharge_ratio: 0.5
    depth_of_discharge: 1.0
