cost_values:
  wind_capex: 5000.0
  wind_opex: 100
  wind_lifetime: 20
  solar_capex: 1000.0
  solar_opex: 10
  solar_lifetime: 20
  carbon_price: 1.0
timeseries_values:
  load_level: 298689.066470143
  wind_year: 2010
  solar_year: 2016
  price_year: 2023
  carbon_year: 2023
storage_values:
  CAES:
    cost: 43.6201
    lifetime: 20.7479
    annual_cost: 2.102386265597964
    efficiency: 0.616387
    discharge_ratio: 0.1
    depth_of_discharge: 0.4
  Li-ion:
    cost: 151.915
    lifetime: 25.8228
    annual_cost: 5.882979382561147
    efficiency: 0.925151
    discharge_ratio: 2
    depth_of_discharge: 0.9
  Pb-acid:
    cost: 120.714
    lifetime: 6.68546
    annual_cost: 18.056199573402576
    efficiency: 0.716805
    discharge_ratio: 5
    depth_of_discharge: 0.5
  VRBF:
    cost: 252.6
    lifetime: 13.7173
    annual_cost: 18.414702601823976
    efficiency: 0.766841
    discharge_ratio: 0.5
    depth_of_discharge: 1.0
