cost_values:
  wind_capex: 5000.0
  wind_opex: 100
  wind_lifetime: 20
  solar_capex: 1000.0
  solar_opex: 10
  solar_lifetime: 20
  carbon_price: 1.0
timeseries_values:
  load_level: 298689.066470143
  wind_year: 2010
  solar_year: 2016
  price_year: 2023
  carbon_year: 2023
storage_values:
  CAES:
    cost: 50.8533
    lifetime: 20.2865
    annual_cost: 2.506755724250117
    efficiency: 0.616878
    discharge_ratio: 0.1
    depth_of_discharge: 0.4
  Li-ion:
    cost: 153.404
    lifetime: 26.4389
    annual_cost: 5.802208110019706
    efficiency: 0.90461
    discharge_ratio: 2
    depth_of_discharge: 0.9
  Pb-acid:
    cost: 131.721
    lifetime: 7.07638
    annual_cost: 18.614178435866926
    efficiency: 0.734877
    discharge_ratio: 5
    depth_of_discharge: 0.5
  VRBF:
    cost: 243.949
    lifetime: 13.9702
    annual_cost: 17.462097894088846
    efficiency: 0.809241
    discharge_ratio: 0.5
    depth_of_discharge: 1.0
