cost_values:
  wind_capex: 5000.0
  wind_opex: 100
  wind_lifetime: 20
  solar_capex: 1000.0
  solar_opex: 10
  solar_lifetime: 20
  carbon_price: 1.0
timeseries_values:
  load_level: 298689.066470143
  wind_year: 2010
  solar_year: 2016
  price_year: 2023
  carbon_year: 2023
storage_values:
  CAES:
    cost: 55.3745
    lifetime: 20.9691
    annual_cost: 2.6407666518830086
    efficiency: 0.617476
    discharge_ratio: 0.1
    depth_of_discharge: 0.4
  Li-ion:
    cost: 146.648
    lifetime: 25.0
    annual_cost: 5.86592
    efficiency: 0.918471
    discharge_ratio: 2
    depth_of_discharge: 0.9
  Pb-acid:
    cost: 136.173
    lifetime: 7.43217
    annual_cost: 18.322105118693464
    efficiency: 0.732249
    discharge_ratio: 5
    depth_of_discharge: 0.5
  VRBF:
    cost: 245.861
    lifetime: 12.7182
    annual_cost: 19.331430548348038
    efficiency: 0.779157
    discharge_ratio: 0.5
    depth_of_discharge: 1.0
