cost_values:
  wind_capex: 5000.0
  wind_opex: 100
  wind_lifetime: 20
  solar_capex: 1000.0
  solar_opex: 10
  solar_lifetime: 20
  carbon_price: 1.0
timeseries_values:
  load_level: 298689.066470143
  wind_year: 2010
  solar_year: 2016
  price_year: 2023
  carbon_year: 2023
storage_values:
  CAES:
    cost: 46.4162
    lifetime: 20.4292
    annual_cost: 2.272051769036477
    efficiency: 0.623757
    discharge_ratio: 0.1
    depth_of_discharge: 0.4
  Li-ion:
    cost: 162.503
    lifetime: 27.2258
    annual_cost: 5.968713499695141
    efficiency: 0.921893
    discharge_ratio: 2
    depth_of_discharge: 0.9
  Pb-acid:
    cost: 125.583
    lifetime: 6.4592
    annual_cost: 19.442500619271737
    efficiency: 0.706369
    discharge_ratio: 5
    depth_of_discharge: 0.5
  VRBF:
    cost: 236.303
    lifetime: 12.3398
    annual_cost: 19.149662069077294
    efficiency: 0.794631
    discharge_ratio: 0.5
    depth_of_discharge: 1.0
