cost_values:
  wind_capex: 5000.0
  wind_opex: 100
  wind_lifetime: 20
  solar_capex: 1000.0
  solar_opex: 10
  solar_lifetime: 20
  carbon_price: 1.0
timeseries_values:
  load_level: 298689.066470143
  wind_year: 2010
  solar_year: 2016
  price_year: 2023
  carbon_year: 2023
storage_values:
  CAES:
    cost: 57.6669
    lifetime: 20.7286
    annual_cost: 2.7819968545873817
    efficiency: 0.621133
    discharge_ratio: 0.1
    depth_of_discharge: 0.4
  Li-ion:
    cost: 159.184
    lifetime: 28.0784
    annual_cost: 5.669268904211067
    efficiency: 0.915389
    discharge_ratio: 2
    depth_of_discharge: 0.9
  Pb-acid:
    cost: 106.427
    lifetime: 7.66895
    annual_cost: 13.87764948265408
    efficiency: 0.736638
    discharge_ratio: 5
    depth_of_discharge: 0.5
  VRBF:
    cost: 241.005
    lifetime: 11.3617
    annual_cost: 21.21205453409261
    efficiency: 0.792311
    discharge_ratio: 0.5
    depth_of_discharge: 1.0
