cost_values:
  wind_capex: 5000.0
  wind_opex: 100
  wind_lifetime: 20
  solar_capex: 1000.0
  solar_opex: 10
  solar_lifetime: 20
  carbon_price: 1.0
timeseries_values:
  load_level: 298689.066470143
  wind_year: 2010
  solar_year: 2016
  price_year: 2023
  carbon_year: 2023
storage_values:
  CAES:
    cost: 52.1523
    lifetime: 20.606
    annual_cost: 2.5309278850820145
    efficiency: 0.623005
    discharge_ratio: 0.1
    depth_of_discharge: 0.4
  Li-ion:
    cost: 174.373
    lifetime: 25.024
    annual_cost: 6.968230498721227
    efficiency: 0.918721
    discharge_ratio: 2
    depth_of_discharge: 0.9
  Pb-acid:
    cost: 127.063
    lifetime: 7.30453
    annual_cost: 17.39509591992914
    efficiency: 0.717018
    discharge_ratio: 5
    depth_of_discharge: 0.5
  VRBF:
    cost: 246.782
    lifetime: 10.537
    annual_cost: 23.420518174053335
    efficiency: 0.806442
    discharge_ratio: 0.5
    depth_of_discharge: 1.0
