cost_values:
  wind_capex: 5000.0
  wind_opex: 100
  wind_lifetime: 20
  solar_capex: 1000.0
  solar_opex: 10
  solar_lifetime: 20
  carbon_price: 1.0
timeseries_values:
  load_level: 298689.066470143
  wind_year: 2010
  solar_year: 2016
  price_year: 2023
  carbon_year: 2023
storage_values:
  CAES:
    cost: 49.1662
    lifetime: 20.0322
    annual_cost: 2.4543584828426237
    efficiency: 0.62544
    discharge_ratio: 0.1
    depth_of_discharge: 0.4
  Li-ion:
    cost: 167.908
    lifetime: 26.2431
    annual_cost: 6.398177044632685
    efficiency: 0.897813
    discharge_ratio: 2
    depth_of_discharge: 0.9
  Pb-acid:
    cost: 117.513
    lifetime: 7.05463
    annual_cost: 16.657570985296182
    efficiency: 0.730235
    discharge_ratio: 5
    depth_of_discharge: 0.5
  VRBF:
    cost: 242.613
    lifetime: 13.3177
    annual_cost: 18.217334825082407
    efficiency: 0.779327
    discharge_ratio: 0.5
    depth_of_discharge: 1.0
