cost_values:
  wind_capex: 5000.0
  wind_opex: 100
  wind_lifetime: 20
  solar_capex: 1000.0
  solar_opex: 10
  solar_lifetime: 20
  carbon_price: 1.0
timeseries_values:
  load_level: 298689.066470143
  wind_year: 2010
  solar_year: 2016
  price_year: 2023
  carbon_year: 2023
storage_values:
  CAES:
    cost: 56.4329
    lifetime: 20.3621
    annual_cost: 2.7714675794736294
    efficiency: 0.602693
    discharge_ratio: 0.1
    depth_of_discharge: 0.4
  Li-ion:
    cost: 163.714
    lifetime: 27.5118
    annual_cost: 5.950682979666906
    efficiency: 0.890224
    discharge_ratio: 2
    depth_of_discharge: 0.9
  Pb-acid:
    cost: 132.95
    lifetime: 6.40166
    annual_cost: 20.768050786827168
    efficiency: 0.738605
    discharge_ratio: 5
    depth_of_discharge: 0.5
  VRBF:
    cost: 244.695
    lifetime: 13.5213
    annual_cost: 18.097002507155377
    efficiency: 0.782155
    discharge_ratio: 0.5
    depth_of_discharge: 1.0
