cost_values:
  wind_capex: 5000.0
  wind_opex: 100
  wind_lifetime: 20
  solar_capex: 1000.0
  solar_opex: 10
  solar_lifetime: 20
  carbon_price: 1.0
timeseries_values:
  load_level: 298689.066470143
  wind_year: 2010
  solar_year: 2016
  price_year: 2023
  carbon_year: 2023
storage_values:
  CAES:
    cost: 51.7376
    lifetime: 20.7191
    annual_cost: 2.4970968816213057
    efficiency: 0.624114
    discharge_ratio: 0.1
    depth_of_discharge: 0.4
  Li-ion:
    cost: 159.28
    lifetime: 26.9619
    annual_cost: 5.907595532955764
    efficiency: 0.907487
    discharge_ratio: 2
    depth_of_discharge: 0.9
  Pb-acid:
    cost: 143.587
    lifetime: 5.15946
    annual_cost: 27.82985041070189
    efficiency: 0.735196
    discharge_ratio: 5
    depth_of_discharge: 0.5
  VRBF:
    cost: 246.528
    lifetime: 15.1879
    annual_cost: 16.231868790287002
    efficiency: 0.775165
    discharge_ratio: 0.5
    depth_of_discharge: 1.0
