cost_values:
  wind_capex: 5000.0
  wind_opex: 100
  wind_lifetime: 20
  solar_capex: 1000.0
  solar_opex: 10
  solar_lifetime: 20
  carbon_price: 1.0
timeseries_values:
  load_level: 298689.066470143
  wind_year: 2010
  solar_year: 2016
  price_year: 2023
  carbon_year: 2023
storage_values:
  CAES:
    cost: 50.0885
    lifetime: 20.8145
    annual_cost: 2.406423406759711
    efficiency: 0.615919
    discharge_ratio: 0.1
    depth_of_discharge: 0.4
  Li-ion:
    cost: 150.33
    lifetime: 28.4927
    annual_cost: 5.276088261203747
    efficiency: 0.911201
    discharge_ratio: 2
    depth_of_discharge: 0.9
  Pb-acid:
    cost: 123.259
    lifetime: 7.20993
    annual_cost: 17.09572769777238
    efficiency: 0.733407
    discharge_ratio: 5
    depth_of_discharge: 0.5
  VRBF:
    cost: 258.094
    lifetime: 14.0939
    annual_cost: 18.312461419479348
    efficiency: 0.78595
    discharge_ratio: 0.5
    depth_of_discharge: 1.0
