cost_values:
  wind_capex: 5000.0
  wind_opex: 100
  wind_lifetime: 20
  solar_capex: 1000.0
  solar_opex: 10
  solar_lifetime: 20
  carbon_price: 1.0
timeseries_values:
  load_level: 298689.066470143
  wind_year: 2010
  solar_year: 2016
  price_year: 2023
  carbon_year: 2023
storage_values:
  CAES:
    cost: 55.1272
    lifetime: 20.6749
    annual_cost: 2.6663829087444197
    efficiency: 0.61772
    discharge_ratio: 0.1
    depth_of_discharge: 0.4
  Li-ion:
    cost: 144.638
    lifetime: 27.3419
    annual_cost: 5.28997619038911
    efficiency: 0.897668
    discharge_ratio: 2
    depth_of_discharge: 0.9
  Pb-acid:
    cost: 124.924
    lifetime: 6.48582
    annual_cost: 19.261095744254387
    efficiency: 0.720785
    discharge_ratio: 5
    depth_of_discharge: 0.5
  VRBF:
    cost: 260.916
    lifetime: 13.1141
    annual_cost: 19.895837304885582
    efficiency: 0.791027
    discharge_ratio: 0.5
    depth_of_discharge: 1.0
