cost_values:
  wind_capex: 5000.0
  wind_opex: 100
  wind_lifetime: 20
  solar_capex: 1000.0
  solar_opex: 10
  solar_lifetime: 20
  carbon_price: 1.0
timeseries_values:
  load_level: 298689.066470143
  wind_year: 2010
  solar_year: 2016
  price_year: 2023
  carbon_year: 2023
storage_values:
  CAES:
    cost: 48.0468
    lifetime: 21.6919
    annual_cost: 2.2149650330307624
    efficiency: 0.620582
    discharge_ratio: 0.1
    depth_of_discharge: 0.4
  Li-ion:
    cost: 153.578
    lifetime: 24.2869
    annual_cost: 6.323491264838246
    efficiency: 0.901501
    discharge_ratio: 2
    depth_of_discharge: 0.9
  Pb-acid:
    cost: 118.666
    lifetime: 6.68619
    annual_cost: 17.74792520104873
    efficiency: 0.722397
    discharge_ratio: 5
    depth_of_discharge: 0.5
  VRBF:
    cost: 254.707
    lifetime: 11.7804
    annual_cost: 21.621252249499168
    efficiency: 0.779092
    discharge_ratio: 0.5
    depth_of_discharge: 1.0
