cost_values:
  wind_capex: 5000.0
  wind_opex: 100
  wind_lifetime: 20
  solar_capex: 1000.0
  solar_opex: 10
  solar_lifetime: 20
  carbon_price: 1.0
timeseries_values:
  load_level: 298689.066470143
  wind_year: 2010
  solar_year: 2016
  price_year: 2023
  carbon_year: 2023
storage_values:
  CAES:
    cost: 49.5914
    lifetime: 20.9341
    annual_cost: 2.368929163422359
    efficiency: 0.621627
    discharge_ratio: 0.1
    depth_of_discharge: 0.4
  Li-ion:
    cost: 153.811
    lifetime: 26.7615
    annual_cost: 5.747473048969602
    efficiency: 0.924252
    discharge_ratio: 2
    depth_of_discharge: 0.9
  Pb-acid:
    cost: 97.0148
    lifetime: 6.83689
    annual_cost: 14.189902133864958
    efficiency: 0.716096
    discharge_ratio: 5
    depth_of_discharge: 0.5
  VRBF:
    cost: 255.55
    lifetime: 13.0703
    annual_cost: 19.551961316878728
    efficiency: 0.788584
    discharge_ratio: 0.5
    depth_of_discharge: 1.0
