cost_values:
  wind_capex: 5000.0
  wind_opex: 100
  wind_lifetime: 20
  solar_capex: 1000.0
  solar_opex: 10
  solar_lifetime: 20
  carbon_price: 1.0
timeseries_values:
  load_level: 298689.066470143
  wind_year: 2010
  solar_year: 2016
  price_year: 2023
  carbon_year: 2023
storage_values:
  CAES:
    cost: 48.9792
    lifetime: 21.4789
    annual_cost: 2.280340240887569
    efficiency: 0.614551
    discharge_ratio: 0.1
    depth_of_discharge: 0.4
  Li-ion:
    cost: 142.839
    lifetime: 25.9241
    annual_cost: 5.509892339560486
    efficiency: 0.92312
    discharge_ratio: 2
    depth_of_discharge: 0.9
  Pb-acid:
    cost: 124.885
    lifetime: 7.87142
    annual_cost: 15.86562526202388
    efficiency: 0.71844
    discharge_ratio: 5
    depth_of_discharge: 0.5
  VRBF:
    cost: 269.158
    lifetime: 15.0896
    annual_cost: 17.837318417983248
    efficiency: 0.776582
    discharge_ratio: 0.5
    depth_of_discharge: 1.0
