cost_values:
  wind_capex: 5000.0
  wind_opex: 100
  wind_lifetime: 20
  solar_capex: 1000.0
  solar_opex: 10
  solar_lifetime: 20
  carbon_price: 1.0
timeseries_values:
  load_level: 298689.066470143
  wind_year: 2010
  solar_year: 2016
  price_year: 2023
  carbon_year: 2023
storage_values:
  CAES:
    cost: 49.1713
    lifetime: 20.9755
    annual_cost: 2.344225405830612
    efficiency: 0.631946
    discharge_ratio: 0.1
    depth_of_discharge: 0.4
  Li-ion:
    cost: 149.45
    lifetime: 24.051
    annual_cost: 6.2138788407966405
    efficiency: 0.901782
    discharge_ratio: 2
    depth_of_discharge: 0.9
  Pb-acid:
    cost: 114.789
    lifetime: 6.42861
    annual_cost: 17.85595953090948
    efficiency: 0.733843
    discharge_ratio: 5
    depth_of_discharge: 0.5
  VRBF:
    cost: 257.896
    lifetime: 13.4227
    annual_cost: 19.213422038785044
    efficiency: 0.781403
    discharge_ratio: 0.5
    depth_of_discharge: 1.0
