cost_values:
  wind_capex: 5000.0
  wind_opex: 100
  wind_lifetime: 20
  solar_capex: 1000.0
  solar_opex: 10
  solar_lifetime: 20
  carbon_price: 1.0
timeseries_values:
  load_level: 298689.066470143
  wind_year: 2010
  solar_year: 2016
  price_year: 2023
  carbon_year: 2023
storage_values:
  CAES:
    cost: 45.3888
    lifetime: 20.7813
    annual_cost: 2.1841174517474844
    efficiency: 0.615147
    discharge_ratio: 0.1
    depth_of_discharge: 0.4
  Li-ion:
    cost: 165.959
    lifetime: 24.699
    annual_cost: 6.719259889064334
    efficiency: 0.917958
    discharge_ratio: 2
    depth_of_discharge: 0.9
  Pb-acid:
    cost: 114.466
    lifetime: 5.9011
    annual_cost: 19.397400484655403
    efficiency: 0.732339
    discharge_ratio: 5
    depth_of_discharge: 0.5
  VRBF:
    cost: 240.507
    lifetime: 14.4188
    annual_cost: 16.680098205121094
    efficiency: 0.825468
    discharge_ratio: 0.5
    depth_of_discharge: 1.0
