cost_values:
  wind_capex: 5000.0
  wind_opex: 100
  wind_lifetime: 20
  solar_capex: 1000.0
  solar_opex: 10
  solar_lifetime: 20
  carbon_price: 1.0
timeseries_values:
  load_level: 298689.066470143
  wind_year: 2010
  solar_year: 2016
  price_year: 2023
  carbon_year: 2023
storage_values:
  CAES:
    cost: 47.6523
    lifetime: 20.128
    annual_cost: 2.3674632352941174
    efficiency: 0.626554
    discharge_ratio: 0.1
    depth_of_discharge: 0.4
  Li-ion:
    cost: 186.977
    lifetime: 28.296
    annual_cost: 6.607895108849307
    efficiency: 0.906808
    discharge_ratio: 2
    depth_of_discharge: 0.9
  Pb-acid:
    cost: 117.919
    lifetime: 6.92281
    annual_cost: 17.03340117668981
    efficiency: 0.704016
    discharge_ratio: 5
    depth_of_discharge: 0.5
  VRBF:
    cost: 244.142
    lifetime: 11.633
    annual_cost: 20.987019685377806
    efficiency: 0.809581
    discharge_ratio: 0.5
    depth_of_discharge: 1.0
