cost_values:
  wind_capex: 5000.0
  wind_opex: 100
  wind_lifetime: 20
  solar_capex: 1000.0
  solar_opex: 10
  solar_lifetime: 20
  carbon_price: 1.0
timeseries_values:
  load_level: 298689.066470143
  wind_year: 2010
  solar_year: 2016
  price_year: 2023
  carbon_year: 2023
storage_values:
  CAES:
    cost: 57.1561
    lifetime: 21.008
    annual_cost: 2.720682597105865
    efficiency: 0.622815
    discharge_ratio: 0.1
    depth_of_discharge: 0.4
  Li-ion:
    cost: 151.233
    lifetime: 28.2376
    annual_cost: 5.355731365271836
    efficiency: 0.909028
    discharge_ratio: 2
    depth_of_discharge: 0.9
  Pb-acid:
    cost: 132.091
    lifetime: 6.02373
    annual_cost: 21.928439687701808
    efficiency: 0.710398
    discharge_ratio: 5
    depth_of_discharge: 0.5
  VRBF:
    cost: 229.215
    lifetime: 12.3525
    annual_cost: 18.55616272009715
    efficiency: 0.78812
    discharge_ratio: 0.5
    depth_of_discharge: 1.0
