cost_values:
  wind_capex: 5000.0
  wind_opex: 100
  wind_lifetime: 20
  solar_capex: 1000.0
  solar_opex: 10
  solar_lifetime: 20
  carbon_price: 1.0
timeseries_values:
  load_level: 298689.066470143
  wind_year: 2010
  solar_year: 2016
  price_year: 2023
  carbon_year: 2023
storage_values:
  CAES:
    cost: 50.6936
    lifetime: 20.0898
    annual_cost: 2.523350157791516
    efficiency: 0.620038
    discharge_ratio: 0.1
    depth_of_discharge: 0.4
  Li-ion:
    cost: 142.84
    lifetime: 27.3899
    annual_cost: 5.2150610261446735
    efficiency: 0.917506
    discharge_ratio: 2
    depth_of_discharge: 0.9
  Pb-acid:
    cost: 118.545
    lifetime: 8.07529
    annual_cost: 14.679968149750659
    efficiency: 0.71501
    discharge_ratio: 5
    depth_of_discharge: 0.5
  VRBF:
    cost: 252.437
    lifetime: 12.5476
    annual_cost: 20.11834932576748
    efficiency: 0.780887
    discharge_ratio: 0.5
    depth_of_discharge: 1.0
