cost_values:
  wind_capex: 5000.0
  wind_opex: 100
  wind_lifetime: 20
  solar_capex: 1000.0
  solar_opex: 10
  solar_lifetime: 20
  carbon_price: 1.0
timeseries_values:
  load_level: 298689.066470143
  wind_year: 2010
  solar_year: 2016
  price_year: 2023
  carbon_year: 2023
storage_values:
  CAES:
    cost: 55.7659
    lifetime: 20.5535
    annual_cost: 2.7132069963753134
    efficiency: 0.618305
    discharge_ratio: 0.1
    depth_of_discharge: 0.4
  Li-ion:
    cost: 155.753
    lifetime: 24.7509
    annual_cost: 6.292821675171407
    efficiency: 0.913361
    discharge_ratio: 2
    depth_of_discharge: 0.9
  Pb-acid:
    cost: 119.934
    lifetime: 7.08597
    annual_cost: 16.925558533270674
    efficiency: 0.72557
    discharge_ratio: 5
    depth_of_discharge: 0.5
  VRBF:
    cost: 226.599
    lifetime: 12.9167
    annual_cost: 17.543103114572606
    efficiency: 0.79507
    discharge_ratio: 0.5
    depth_of_discharge: 1.0
