cost_values:
  wind_capex: 5000.0
  wind_opex: 100
  wind_lifetime: 20
  solar_capex: 1000.0
  solar_opex: 10
  solar_lifetime: 20
  carbon_price: 1.0
timeseries_values:
  load_level: 298689.066470143
  wind_year: 2010
  solar_year: 2016
  price_year: 2023
  carbon_year: 2023
storage_values:
  CAES:
    cost: 56.4975
    lifetime: 20.5737
    annual_cost: 2.7461030344566124
    efficiency: 0.625332
    discharge_ratio: 0.1
    depth_of_discharge: 0.4
  Li-ion:
    cost: 176.337
    lifetime: 23.2891
    annual_cost: 7.571653692070538
    efficiency: 0.911657
    discharge_ratio: 2
    depth_of_discharge: 0.9
  Pb-acid:
    cost: 124.254
    lifetime: 7.29211
    annual_cost: 17.039512569064375
    efficiency: 0.732803
    discharge_ratio: 5
    depth_of_discharge: 0.5
  VRBF:
    cost: 286.445
    lifetime: 12.0136
    annual_cost: 23.843394153292934
    efficiency: 0.788522
    discharge_ratio: 0.5
    depth_of_discharge: 1.0
