cost_values:
  wind_capex: 5000.0
  wind_opex: 100
  wind_lifetime: 20
  solar_capex: 1000.0
  solar_opex: 10
  solar_lifetime: 20
  carbon_price: 1.0
timeseries_values:
  load_level: 298689.066470143
  wind_year: 2010
  solar_year: 2016
  price_year: 2023
  carbon_year: 2023
storage_values:
  CAES:
    cost: 60.1599
    lifetime: 21.8143
    annual_cost: 2.7578194120370583
    efficiency: 0.621838
    discharge_ratio: 0.1
    depth_of_discharge: 0.4
  Li-ion:
    cost: 177.508
    lifetime: 26.177
    annual_cost: 6.78106734919968
    efficiency: 0.914123
    discharge_ratio: 2
    depth_of_discharge: 0.9
  Pb-acid:
    cost: 134.85
    lifetime: 6.76336
    annual_cost: 19.93831468382579
    efficiency: 0.727921
    discharge_ratio: 5
    depth_of_discharge: 0.5
  VRBF:
    cost: 234.982
    lifetime: 13.0309
    annual_cost: 18.032676177393732
    efficiency: 0.797423
    discharge_ratio: 0.5
    depth_of_discharge: 1.0
