cost_values:
  wind_capex: 5000.0
  wind_opex: 100
  wind_lifetime: 20
  solar_capex: 1000.0
  solar_opex: 10
  solar_lifetime: 20
  carbon_price: 1.0
timeseries_values:
  load_level: 298689.066470143
  wind_year: 2010
  solar_year: 2016
  price_year: 2023
  carbon_year: 2023
storage_values:
  CAES:
    cost: 51.4315
    lifetime: 21.7857
    annual_cost: 2.3607917119945654
    efficiency: 0.619478
    discharge_ratio: 0.1
    depth_of_discharge: 0.4
  Li-ion:
    cost: 191.282
    lifetime: 26.5212
    annual_cost: 7.2124187442498835
    efficiency: 0.897913
    discharge_ratio: 2
    depth_of_discharge: 0.9
  Pb-acid:
    cost: 114.627
    lifetime: 7.18823
    annual_cost: 15.946484739636878
    efficiency: 0.718233
    discharge_ratio: 5
    depth_of_discharge: 0.5
  VRBF:
    cost: 215.156
    lifetime: 12.4086
    annual_cost: 17.339264703512082
    efficiency: 0.795268
    discharge_ratio: 0.5
    depth_of_discharge: 1.0
