cost_values:
  wind_capex: 5000.0
  wind_opex: 100
  wind_lifetime: 20
  solar_capex: 1000.0
  solar_opex: 10
  solar_lifetime: 20
  carbon_price: 1.0
timeseries_values:
  load_level: 298689.066470143
  wind_year: 2010
  solar_year: 2016
  price_year: 2023
  carbon_year: 2023
storage_values:
  CAES:
    cost: 52.3022
    lifetime: 20.3678
    annual_cost: 2.5678865660503343
    efficiency: 0.620141
    discharge_ratio: 0.1
    depth_of_discharge: 0.4
  Li-ion:
    cost: 148.904
    lifetime: 25.7599
    annual_cost: 5.780457222271826
    efficiency: 0.906666
    discharge_ratio: 2
    depth_of_discharge: 0.9
  Pb-acid:
    cost: 103.641
    lifetime: 5.66162
    annual_cost: 18.30589124667498
    efficiency: 0.719943
    discharge_ratio: 5
    depth_of_discharge: 0.5
  VRBF:
    cost: 281.096
    lifetime: 13.6232
    annual_cost: 20.63362499265958
    efficiency: 0.770651
    discharge_ratio: 0.5
    depth_of_discharge: 1.0
