cost_values:
  wind_capex: 5000.0
  wind_opex: 100
  wind_lifetime: 20
  solar_capex: 1000.0
  solar_opex: 10
  solar_lifetime: 20
  carbon_price: 1.0
timeseries_values:
  load_level: 248123.69508581646
  wind_year: 2019
  solar_year: 2013
  price_year: 2023
  carbon_year: 2023
storage_values:
  CAES:
    cost: 35.0232
    lifetime: 20.8141
    annual_cost: 1.6826670382096753
    efficiency: 0.607471
    discharge_ratio: 0.1
    depth_of_discharge: 0.4
  Li-ion:
    cost: 209.612
    lifetime: 23.4768
    annual_cost: 8.928474068016083
    efficiency: 0.96658
    discharge_ratio: 2
    depth_of_discharge: 0.9
  Pb-acid:
    cost: 134.474
    lifetime: 10.1886
    annual_cost: 13.198476728893077
    efficiency: 0.778203
    discharge_ratio: 5
    depth_of_discharge: 0.5
  VRBF:
    cost: 248.554
    lifetime: 28.4494
    annual_cost: 8.736704464769028
    efficiency: 0.687723
    discharge_ratio: 0.5
    depth_of_discharge: 1.0
