cost_values:
  wind_capex: 5000.0
  wind_opex: 100
  wind_lifetime: 20
  solar_capex: 1000.0
  solar_opex: 10
  solar_lifetime: 20
  carbon_price: 1.0
timeseries_values:
  load_level: 248123.69508581646
  wind_year: 2019
  solar_year: 2013
  price_year: 2023
  carbon_year: 2023
storage_values:
  CAES:
    cost: 43.1597
    lifetime: 22.9002
    annual_cost: 1.8846865966236102
    efficiency: 0.598113
    discharge_ratio: 0.1
    depth_of_discharge: 0.4
  Li-ion:
    cost: 217.346
    lifetime: 22.4557
    annual_cost: 9.678878859265131
    efficiency: 0.967775
    discharge_ratio: 2
    depth_of_discharge: 0.9
  Pb-acid:
    cost: 127.428
    lifetime: 11.2419
    annual_cost: 11.335094601446375
    efficiency: 0.7844
    discharge_ratio: 5
    depth_of_discharge: 0.5
  VRBF:
    cost: 204.375
    lifetime: 27.9024
    annual_cost: 7.324638740753484
    efficiency: 0.682743
    discharge_ratio: 0.5
    depth_of_discharge: 1.0
