cost_values:
  wind_capex: 5000.0
  wind_opex: 100
  wind_lifetime: 20
  solar_capex: 1000.0
  solar_opex: 10
  solar_lifetime: 20
  carbon_price: 1.0
timeseries_values:
  load_level: 248123.69508581646
  wind_year: 2019
  solar_year: 2013
  price_year: 2023
  carbon_year: 2023
storage_values:
  CAES:
    cost: 39.1921
    lifetime: 22.0
    annual_cost: 1.781459090909091
    efficiency: 0.608869
    discharge_ratio: 0.1
    depth_of_discharge: 0.4
  Li-ion:
    cost: 214.307
    lifetime: 23.125
    annual_cost: 9.26732972972973
    efficiency: 0.966171
    discharge_ratio: 2
    depth_of_discharge: 0.9
  Pb-acid:
    cost: 148.108
    lifetime: 10.5598
    annual_cost: 14.02564442508381
    efficiency: 0.782686
    discharge_ratio: 5
    depth_of_discharge: 0.5
  VRBF:
    cost: 238.0
    lifetime: 27.1244
    annual_cost: 8.77438763622421
    efficiency: 0.679315
    discharge_ratio: 0.5
    depth_of_discharge: 1.0
