cost_values:
  wind_capex: 5000.0
  wind_opex: 100
  wind_lifetime: 20
  solar_capex: 1000.0
  solar_opex: 10
  solar_lifetime: 20
  carbon_price: 1.0
timeseries_values:
  load_level: 248123.69508581646
  wind_year: 2019
  solar_year: 2013
  price_year: 2023
  carbon_year: 2023
storage_values:
  CAES:
    cost: 40.3846
    lifetime: 21.6862
    annual_cost: 1.8622257472494028
    efficiency: 0.612982
    discharge_ratio: 0.1
    depth_of_discharge: 0.4
  Li-ion:
    cost: 230.027
    lifetime: 21.7105
    annual_cost: 10.595195872964695
    efficiency: 0.962579
    discharge_ratio: 2
    depth_of_discharge: 0.9
  Pb-acid:
    cost: 137.371
    lifetime: 10.1907
    annual_cost: 13.480035718841691
    efficiency: 0.773183
    discharge_ratio: 5
    depth_of_discharge: 0.5
  VRBF:
    cost: 231.506
    lifetime: 28.9905
    annual_cost: 7.985581483589452
    efficiency: 0.672953
    discharge_ratio: 0.5
    depth_of_discharge: 1.0
