cost_values:
  wind_capex: 5000.0
  wind_opex: 100
  wind_lifetime: 20
  solar_capex: 1000.0
  solar_opex: 10
  solar_lifetime: 20
  carbon_price: 1.0
timeseries_values:
  load_level: 248123.69508581646
  wind_year: 2019
  solar_year: 2013
  price_year: 2023
  carbon_year: 2023
storage_values:
  CAES:
    cost: 35.1093
    lifetime: 21.5498
    annual_cost: 1.6292169764916609
    efficiency: 0.598879
    discharge_ratio: 0.1
    depth_of_discharge: 0.4
  Li-ion:
    cost: 193.163
    lifetime: 24.1665
    annual_cost: 7.993006848323093
    efficiency: 0.959861
    discharge_ratio: 2
    depth_of_discharge: 0.9
  Pb-acid:
    cost: 138.03
    lifetime: 9.58074
    annual_cost: 14.40702910213616
    efficiency: 0.791733
    discharge_ratio: 5
    depth_of_discharge: 0.5
  VRBF:
    cost: 251.303
    lifetime: 28.0326
    annual_cost: 8.964669705985175
    efficiency: 0.664425
    discharge_ratio: 0.5
    depth_of_discharge: 1.0
