cost_values:
  wind_capex: 5000.0
  wind_opex: 100
  wind_lifetime: 20
  solar_capex: 1000.0
  solar_opex: 10
  solar_lifetime: 20
  carbon_price: 1.0
timeseries_values:
  load_level: 248123.69508581646
  wind_year: 2019
  solar_year: 2013
  price_year: 2023
  carbon_year: 2023
storage_values:
  CAES:
    cost: 41.4961
    lifetime: 22.1203
    annual_cost: 1.8759284458167385
    efficiency: 0.609183
    discharge_ratio: 0.1
    depth_of_discharge: 0.4
  Li-ion:
    cost: 211.545
    lifetime: 21.3496
    annual_cost: 9.908616554876906
    efficiency: 0.972664
    discharge_ratio: 2
    depth_of_discharge: 0.9
  Pb-acid:
    cost: 161.324
    lifetime: 9.52743
    annual_cost: 16.93258307854269
    efficiency: 0.768338
    discharge_ratio: 5
    depth_of_discharge: 0.5
  VRBF:
    cost: 224.251
    lifetime: 27.7909
    annual_cost: 8.069224098535852
    efficiency: 0.672492
    discharge_ratio: 0.5
    depth_of_discharge: 1.0
