cost_values:
  wind_capex: 5000.0
  wind_opex: 100
  wind_lifetime: 20
  solar_capex: 1000.0
  solar_opex: 10
  solar_lifetime: 20
  carbon_price: 1.0
timeseries_values:
  load_level: 248123.69508581646
  wind_year: 2019
  solar_year: 2013
  price_year: 2023
  carbon_year: 2023
storage_values:
  CAES:
    cost: 43.6866
    lifetime: 21.1226
    annual_cost: 2.068239705339305
    efficiency: 0.609164
    discharge_ratio: 0.1
    depth_of_discharge: 0.4
  Li-ion:
    cost: 220.629
    lifetime: 24.2133
    annual_cost: 9.11189305051356
    efficiency: 0.962912
    discharge_ratio: 2
    depth_of_discharge: 0.9
  Pb-acid:
    cost: 178.457
    lifetime: 10.2823
    annual_cost: 17.355747254991588
    efficiency: 0.776546
    discharge_ratio: 5
    depth_of_discharge: 0.5
  VRBF:
    cost: 231.184
    lifetime: 29.4992
    annual_cost: 7.836958290394316
    efficiency: 0.679041
    discharge_ratio: 0.5
    depth_of_discharge: 1.0
