cost_values:
  wind_capex: 5000.0
  wind_opex: 100
  wind_lifetime: 20
  solar_capex: 1000.0
  solar_opex: 10
  solar_lifetime: 20
  carbon_price: 1.0
timeseries_values:
  load_level: 248123.69508581646
  wind_year: 2019
  solar_year: 2013
  price_year: 2023
  carbon_year: 2023
storage_values:
  CAES:
    cost: 40.9993
    lifetime: 21.4435
    annual_cost: 1.9119686618322567
    efficiency: 0.609319
    discharge_ratio: 0.1
    depth_of_discharge: 0.4
  Li-ion:
    cost: 226.255
    lifetime: 22.4528
    annual_cost: 10.076916910140383
    efficiency: 0.961137
    discharge_ratio: 2
    depth_of_discharge: 0.9
  Pb-acid:
    cost: 137.901
    lifetime: 10.6881
    annual_cost: 12.902293204592024
    efficiency: 0.79278
    discharge_ratio: 5
    depth_of_discharge: 0.5
  VRBF:
    cost: 241.203
    lifetime: 29.7387
    annual_cost: 8.110744585338296
    efficiency: 0.673922
    discharge_ratio: 0.5
    depth_of_discharge: 1.0
