cost_values:
  wind_capex: 5000.0
  wind_opex: 100
  wind_lifetime: 20
  solar_capex: 1000.0
  solar_opex: 10
  solar_lifetime: 20
  carbon_price: 1.0
timeseries_values:
  load_level: 248123.69508581646
  wind_year: 2019
  solar_year: 2013
  price_year: 2023
  carbon_year: 2023
storage_values:
  CAES:
    cost: 39.0276
    lifetime: 22.8342
    annual_cost: 1.709173082481541
    efficiency: 0.599755
    discharge_ratio: 0.1
    depth_of_discharge: 0.4
  Li-ion:
    cost: 216.785
    lifetime: 23.0603
    annual_cost: 9.400788367887667
    efficiency: 0.96786
    discharge_ratio: 2
    depth_of_discharge: 0.9
  Pb-acid:
    cost: 147.793
    lifetime: 9.7418
    annual_cost: 15.171015623396089
    efficiency: 0.768103
    discharge_ratio: 5
    depth_of_discharge: 0.5
  VRBF:
    cost: 223.497
    lifetime: 29.52
    annual_cost: 7.571036585365854
    efficiency: 0.676799
    discharge_ratio: 0.5
    depth_of_discharge: 1.0
