cost_values:
  wind_capex: 5000.0
  wind_opex: 100
  wind_lifetime: 20
  solar_capex: 1000.0
  solar_opex: 10
  solar_lifetime: 20
  carbon_price: 1.0
timeseries_values:
  load_level: 248123.69508581646
  wind_year: 2019
  solar_year: 2013
  price_year: 2023
  carbon_year: 2023
storage_values:
  CAES:
    cost: 47.0505
    lifetime: 22.4881
    annual_cost: 2.0922398957670945
    efficiency: 0.614205
    discharge_ratio: 0.1
    depth_of_discharge: 0.4
  Li-ion:
    cost: 224.73
    lifetime: 22.7693
    annual_cost: 9.869868638912921
    efficiency: 0.982421
    discharge_ratio: 2
    depth_of_discharge: 0.9
  Pb-acid:
    cost: 143.138
    lifetime: 9.96879
    annual_cost: 14.35861323189675
    efficiency: 0.787774
    discharge_ratio: 5
    depth_of_discharge: 0.5
  VRBF:
    cost: 236.716
    lifetime: 28.2258
    annual_cost: 8.386511631202659
    efficiency: 0.658891
    discharge_ratio: 0.5
    depth_of_discharge: 1.0
