cost_values:
  wind_capex: 5000.0
  wind_opex: 100
  wind_lifetime: 20
  solar_capex: 1000.0
  solar_opex: 10
  solar_lifetime: 20
  carbon_price: 1.0
timeseries_values:
  load_level: 248123.69508581646
  wind_year: 2019
  solar_year: 2013
  price_year: 2023
  carbon_year: 2023
storage_values:
  CAES:
    cost: 36.4536
    lifetime: 22.26
    annual_cost: 1.6376280323450134
    efficiency: 0.59701
    discharge_ratio: 0.1
    depth_of_discharge: 0.4
  Li-ion:
    cost: 217.297
    lifetime: 23.2895
    annual_cost: 9.330256124004379
    efficiency: 0.96917
    discharge_ratio: 2
    depth_of_discharge: 0.9
  Pb-acid:
    cost: 137.491
    lifetime: 10.3951
    annual_cost: 13.226520187395987
    efficiency: 0.785508
    discharge_ratio: 5
    depth_of_discharge: 0.5
  VRBF:
    cost: 235.428
    lifetime: 29.4131
    annual_cost: 8.004188609837113
    efficiency: 0.67036
    discharge_ratio: 0.5
    depth_of_discharge: 1.0
