cost_values:
  wind_capex: 5000.0
  wind_opex: 100
  wind_lifetime: 20
  solar_capex: 1000.0
  solar_opex: 10
  solar_lifetime: 20
  carbon_price: 1.0
timeseries_values:
  load_level: 248123.69508581646
  wind_year: 2019
  solar_year: 2013
  price_year: 2023
  carbon_year: 2023
storage_values:
  CAES:
    cost: 41.8208
    lifetime: 21.3097
    annual_cost: 1.9625241087392127
    efficiency: 0.61458
    discharge_ratio: 0.1
    depth_of_discharge: 0.4
  Li-ion:
    cost: 207.708
    lifetime: 22.3331
    annual_cost: 9.300455377892007
    efficiency: 0.969537
    discharge_ratio: 2
    depth_of_discharge: 0.9
  Pb-acid:
    cost: 112.84
    lifetime: 7.86706
    annual_cost: 14.343350629078715
    efficiency: 0.776153
    discharge_ratio: 5
    depth_of_discharge: 0.5
  VRBF:
    cost: 233.583
    lifetime: 29.7007
    annual_cost: 7.864562114697633
    efficiency: 0.666487
    discharge_ratio: 0.5
    depth_of_discharge: 1.0
