cost_values:
  wind_capex: 5000.0
  wind_opex: 100
  wind_lifetime: 20
  solar_capex: 1000.0
  solar_opex: 10
  solar_lifetime: 20
  carbon_price: 1.0
timeseries_values:
  load_level: 248123.69508581646
  wind_year: 2019
  solar_year: 2013
  price_year: 2023
  carbon_year: 2023
storage_values:
  CAES:
    cost: 46.2548
    lifetime: 21.0373
    annual_cost: 2.1987042063382662
    efficiency: 0.615478
    discharge_ratio: 0.1
    depth_of_discharge: 0.4
  Li-ion:
    cost: 234.543
    lifetime: 23.9253
    annual_cost: 9.803137264736492
    efficiency: 0.970307
    discharge_ratio: 2
    depth_of_discharge: 0.9
  Pb-acid:
    cost: 132.728
    lifetime: 9.40062
    annual_cost: 14.119068742274447
    efficiency: 0.780761
    discharge_ratio: 5
    depth_of_discharge: 0.5
  VRBF:
    cost: 235.865
    lifetime: 28.9915
    annual_cost: 8.135660452201508
    efficiency: 0.681096
    discharge_ratio: 0.5
    depth_of_discharge: 1.0
