cost_values:
  wind_capex: 5000.0
  wind_opex: 100
  wind_lifetime: 20
  solar_capex: 1000.0
  solar_opex: 10
  solar_lifetime: 20
  carbon_price: 1.0
timeseries_values:
  load_level: 248123.69508581646
  wind_year: 2019
  solar_year: 2013
  price_year: 2023
  carbon_year: 2023
storage_values:
  CAES:
    cost: 35.8089
    lifetime: 21.5837
    annual_cost: 1.6590714289023663
    efficiency: 0.603483
    discharge_ratio: 0.1
    depth_of_discharge: 0.4
  Li-ion:
    cost: 209.602
    lifetime: 22.1415
    annual_cost: 9.466476977621209
    efficiency: 0.970096
    discharge_ratio: 2
    depth_of_discharge: 0.9
  Pb-acid:
    cost: 131.648
    lifetime: 10.4046
    annual_cost: 12.652865078907405
    efficiency: 0.779762
    discharge_ratio: 5
    depth_of_discharge: 0.5
  VRBF:
    cost: 241.714
    lifetime: 28.5928
    annual_cost: 8.453666657340309
    efficiency: 0.680645
    discharge_ratio: 0.5
    depth_of_discharge: 1.0
