cost_values:
  wind_capex: 5000.0
  wind_opex: 100
  wind_lifetime: 20
  solar_capex: 1000.0
  solar_opex: 10
  solar_lifetime: 20
  carbon_price: 1.0
timeseries_values:
  load_level: 248123.69508581646
  wind_year: 2019
  solar_year: 2013
  price_year: 2023
  carbon_year: 2023
storage_values:
  CAES:
    cost: 39.5223
    lifetime: 22.0616
    annual_cost: 1.7914521158936796
    efficiency: 0.604157
    discharge_ratio: 0.1
    depth_of_discharge: 0.4
  Li-ion:
    cost: 242.747
    lifetime: 24.6519
    annual_cost: 9.846989481540977
    efficiency: 0.983928
    discharge_ratio: 2
    depth_of_discharge: 0.9
  Pb-acid:
    cost: 132.859
    lifetime: 9.98397
    annual_cost: 13.30723149208181
    efficiency: 0.770594
    discharge_ratio: 5
    depth_of_discharge: 0.5
  VRBF:
    cost: 253.803
    lifetime: 27.2453
    annual_cost: 9.31547826597615
    efficiency: 0.691124
    discharge_ratio: 0.5
    depth_of_discharge: 1.0
