cost_values:
  wind_capex: 5000.0
  wind_opex: 100
  wind_lifetime: 20
  solar_capex: 1000.0
  solar_opex: 10
  solar_lifetime: 20
  carbon_price: 1.0
timeseries_values:
  load_level: 248123.69508581646
  wind_year: 2019
  solar_year: 2013
  price_year: 2023
  carbon_year: 2023
storage_values:
  CAES:
    cost: 34.984
    lifetime: 23.2124
    annual_cost: 1.5071255018869227
    efficiency: 0.607212
    discharge_ratio: 0.1
    depth_of_discharge: 0.4
  Li-ion:
    cost: 229.248
    lifetime: 22.1009
    annual_cost: 10.372790248360927
    efficiency: 0.964916
    discharge_ratio: 2
    depth_of_discharge: 0.9
  Pb-acid:
    cost: 144.282
    lifetime: 9.28223
    annual_cost: 15.543894085796195
    efficiency: 0.759914
    discharge_ratio: 5
    depth_of_discharge: 0.5
  VRBF:
    cost: 215.036
    lifetime: 29.0242
    annual_cost: 7.40885192356723
    efficiency: 0.679429
    discharge_ratio: 0.5
    depth_of_discharge: 1.0
