cost_values:
  wind_capex: 5000.0
  wind_opex: 100
  wind_lifetime: 20
  solar_capex: 1000.0
  solar_opex: 10
  solar_lifetime: 20
  carbon_price: 1.0
timeseries_values:
  load_level: 248123.69508581646
  wind_year: 2019
  solar_year: 2013
  price_year: 2023
  carbon_year: 2023
storage_values:
  CAES:
    cost: 39.5301
    lifetime: 22.1988
    annual_cost: 1.7807313908859939
    efficiency: 0.615763
    discharge_ratio: 0.1
    depth_of_discharge: 0.4
  Li-ion:
    cost: 233.804
    lifetime: 22.6596
    annual_cost: 10.31809917209483
    efficiency: 0.958056
    discharge_ratio: 2
    depth_of_discharge: 0.9
  Pb-acid:
    cost: 114.075
    lifetime: 10.2626
    annual_cost: 11.115604232845477
    efficiency: 0.774491
    discharge_ratio: 5
    depth_of_discharge: 0.5
  VRBF:
    cost: 230.376
    lifetime: 29.2697
    annual_cost: 7.870801545625682
    efficiency: 0.685587
    discharge_ratio: 0.5
    depth_of_discharge: 1.0
