cost_values:
  wind_capex: 5000.0
  wind_opex: 100
  wind_lifetime: 20
  solar_capex: 1000.0
  solar_opex: 10
  solar_lifetime: 20
  carbon_price: 1.0
timeseries_values:
  load_level: 248123.69508581646
  wind_year: 2019
  solar_year: 2013
  price_year: 2023
  carbon_year: 2023
storage_values:
  CAES:
    cost: 38.4283
    lifetime: 21.795
    annual_cost: 1.7631704519385178
    efficiency: 0.609539
    discharge_ratio: 0.1
    depth_of_discharge: 0.4
  Li-ion:
    cost: 243.032
    lifetime: 23.4915
    annual_cost: 10.34552923397825
    efficiency: 0.971901
    discharge_ratio: 2
    depth_of_discharge: 0.9
  Pb-acid:
    cost: 139.052
    lifetime: 10.7984
    annual_cost: 12.877092902652244
    efficiency: 0.784462
    discharge_ratio: 5
    depth_of_discharge: 0.5
  VRBF:
    cost: 207.975
    lifetime: 26.4987
    annual_cost: 7.848498228214969
    efficiency: 0.66799
    discharge_ratio: 0.5
    depth_of_discharge: 1.0
