cost_values:
  wind_capex: 5000.0
  wind_opex: 100
  wind_lifetime: 20
  solar_capex: 1000.0
  solar_opex: 10
  solar_lifetime: 20
  carbon_price: 1.0
timeseries_values:
  load_level: 248123.69508581646
  wind_year: 2019
  solar_year: 2013
  price_year: 2023
  carbon_year: 2023
storage_values:
  CAES:
    cost: 34.0919
    lifetime: 21.8405
    annual_cost: 1.560948696229482
    efficiency: 0.611401
    discharge_ratio: 0.1
    depth_of_discharge: 0.4
  Li-ion:
    cost: 211.053
    lifetime: 23.0591
    annual_cost: 9.15269893447706
    efficiency: 0.963791
    discharge_ratio: 2
    depth_of_discharge: 0.9
  Pb-acid:
    cost: 133.428
    lifetime: 10.0823
    annual_cost: 13.23388512541781
    efficiency: 0.770007
    discharge_ratio: 5
    depth_of_discharge: 0.5
  VRBF:
    cost: 231.427
    lifetime: 28.3929
    annual_cost: 8.15087574710579
    efficiency: 0.693828
    discharge_ratio: 0.5
    depth_of_discharge: 1.0
