cost_values:
  wind_capex: 5000.0
  wind_opex: 100
  wind_lifetime: 20
  solar_capex: 1000.0
  solar_opex: 10
  solar_lifetime: 20
  carbon_price: 1.0
timeseries_values:
  load_level: 248123.69508581646
  wind_year: 2019
  solar_year: 2013
  price_year: 2023
  carbon_year: 2023
storage_values:
  CAES:
    cost: 42.2565
    lifetime: 21.7893
    annual_cost: 1.9393234293896546
    efficiency: 0.608833
    discharge_ratio: 0.1
    depth_of_discharge: 0.4
  Li-ion:
    cost: 195.16
    lifetime: 23.2278
    annual_cost: 8.40200105046539
    efficiency: 0.966781
    discharge_ratio: 2
    depth_of_discharge: 0.9
  Pb-acid:
    cost: 148.113
    lifetime: 10.2336
    annual_cost: 14.473205909943715
    efficiency: 0.783879
    discharge_ratio: 5
    depth_of_discharge: 0.5
  VRBF:
    cost: 248.124
    lifetime: 29.5335
    annual_cost: 8.401442429783128
    efficiency: 0.652311
    discharge_ratio: 0.5
    depth_of_discharge: 1.0
