cost_values:
  wind_capex: 5000.0
  wind_opex: 100
  wind_lifetime: 20
  solar_capex: 1000.0
  solar_opex: 10
  solar_lifetime: 20
  carbon_price: 1.0
timeseries_values:
  load_level: 248123.69508581646
  wind_year: 2019
  solar_year: 2013
  price_year: 2023
  carbon_year: 2023
storage_values:
  CAES:
    cost: 45.7743
    lifetime: 23.0699
    annual_cost: 1.984156845066515
    efficiency: 0.608561
    discharge_ratio: 0.1
    depth_of_discharge: 0.4
  Li-ion:
    cost: 209.792
    lifetime: 24.8587
    annual_cost: 8.439379372211741
    efficiency: 0.969157
    discharge_ratio: 2
    depth_of_discharge: 0.9
  Pb-acid:
    cost: 151.638
    lifetime: 11.0866
    annual_cost: 13.677592769649847
    efficiency: 0.762945
    discharge_ratio: 5
    depth_of_discharge: 0.5
  VRBF:
    cost: 240.324
    lifetime: 28.6507
    annual_cost: 8.38806730725602
    efficiency: 0.659755
    discharge_ratio: 0.5
    depth_of_discharge: 1.0
