cost_values:
  wind_capex: 5000.0
  wind_opex: 100
  wind_lifetime: 20
  solar_capex: 1000.0
  solar_opex: 10
  solar_lifetime: 20
  carbon_price: 1.0
timeseries_values:
  load_level: 248123.69508581646
  wind_year: 2019
  solar_year: 2013
  price_year: 2023
  carbon_year: 2023
storage_values:
  CAES:
    cost: 42.821
    lifetime: 22.1853
    annual_cost: 1.9301519474607058
    efficiency: 0.619426
    discharge_ratio: 0.1
    depth_of_discharge: 0.4
  Li-ion:
    cost: 235.199
    lifetime: 23.2958
    annual_cost: 10.096197597850256
    efficiency: 0.963348
    discharge_ratio: 2
    depth_of_discharge: 0.9
  Pb-acid:
    cost: 129.217
    lifetime: 9.22684
    annual_cost: 14.004469569213297
    efficiency: 0.780265
    discharge_ratio: 5
    depth_of_discharge: 0.5
  VRBF:
    cost: 221.227
    lifetime: 29.8415
    annual_cost: 7.413400800898079
    efficiency: 0.677993
    discharge_ratio: 0.5
    depth_of_discharge: 1.0
