cost_values:
  wind_capex: 5000.0
  wind_opex: 100
  wind_lifetime: 20
  solar_capex: 1000.0
  solar_opex: 10
  solar_lifetime: 20
  carbon_price: 1.0
timeseries_values:
  load_level: 248123.69508581646
  wind_year: 2019
  solar_year: 2013
  price_year: 2023
  carbon_year: 2023
storage_values:
  CAES:
    cost: 37.3006
    lifetime: 21.9054
    annual_cost: 1.702803874843646
    efficiency: 0.607429
    discharge_ratio: 0.1
    depth_of_discharge: 0.4
  Li-ion:
    cost: 204.225
    lifetime: 25.0371
    annual_cost: 8.156895167571324
    efficiency: 0.977972
    discharge_ratio: 2
    depth_of_discharge: 0.9
  Pb-acid:
    cost: 112.907
    lifetime: 10.4695
    annual_cost: 10.784373656812646
    efficiency: 0.767189
    discharge_ratio: 5
    depth_of_discharge: 0.5
  VRBF:
    cost: 221.486
    lifetime: 29.862
    annual_cost: 7.416984796731632
    efficiency: 0.669562
    discharge_ratio: 0.5
    depth_of_discharge: 1.0
