cost_values:
  wind_capex: 5000.0
  wind_opex: 100
  wind_lifetime: 20
  solar_capex: 1000.0
  solar_opex: 10
  solar_lifetime: 20
  carbon_price: 1.0
timeseries_values:
  load_level: 248123.69508581646
  wind_year: 2019
  solar_year: 2013
  price_year: 2023
  carbon_year: 2023
storage_values:
  CAES:
    cost: 40.0505
    lifetime: 22.5393
    annual_cost: 1.77691853784279
    efficiency: 0.609048
    discharge_ratio: 0.1
    depth_of_discharge: 0.4
  Li-ion:
    cost: 223.621
    lifetime: 22.3788
    annual_cost: 9.992537580209843
    efficiency: 0.977356
    discharge_ratio: 2
    depth_of_discharge: 0.9
  Pb-acid:
    cost: 143.377
    lifetime: 10.3969
    annual_cost: 13.790360588252268
    efficiency: 0.770143
    discharge_ratio: 5
    depth_of_discharge: 0.5
  VRBF:
    cost: 245.946
    lifetime: 29.6375
    annual_cost: 8.298473218051456
    efficiency: 0.654293
    discharge_ratio: 0.5
    depth_of_discharge: 1.0
