cost_values:
  wind_capex: 5000.0
  wind_opex: 100
  wind_lifetime: 20
  solar_capex: 1000.0
  solar_opex: 10
  solar_lifetime: 20
  carbon_price: 1.0
timeseries_values:
  load_level: 248123.69508581646
  wind_year: 2019
  solar_year: 2013
  price_year: 2023
  carbon_year: 2023
storage_values:
  CAES:
    cost: 42.7966
    lifetime: 22.4717
    annual_cost: 1.9044665067618383
    efficiency: 0.613857
    discharge_ratio: 0.1
    depth_of_discharge: 0.4
  Li-ion:
    cost: 236.085
    lifetime: 22.3381
    annual_cost: 10.568714438560129
    efficiency: 0.971573
    discharge_ratio: 2
    depth_of_discharge: 0.9
  Pb-acid:
    cost: 120.764
    lifetime: 11.4708
    annual_cost: 10.527949227604003
    efficiency: 0.792127
    discharge_ratio: 5
    depth_of_discharge: 0.5
  VRBF:
    cost: 257.431
    lifetime: 28.3673
    annual_cost: 9.074920771451636
    efficiency: 0.682792
    discharge_ratio: 0.5
    depth_of_discharge: 1.0
