cost_values:
  wind_capex: 5000.0
  wind_opex: 100
  wind_lifetime: 20
  solar_capex: 1000.0
  solar_opex: 10
  solar_lifetime: 20
  carbon_price: 1.0
timeseries_values:
  load_level: 248123.69508581646
  wind_year: 2019
  solar_year: 2013
  price_year: 2023
  carbon_year: 2023
storage_values:
  CAES:
    cost: 42.679
    lifetime: 21.6026
    annual_cost: 1.97564182089193
    efficiency: 0.606006
    discharge_ratio: 0.1
    depth_of_discharge: 0.4
  Li-ion:
    cost: 239.112
    lifetime: 26.2586
    annual_cost: 9.106045257553715
    efficiency: 0.964219
    discharge_ratio: 2
    depth_of_discharge: 0.9
  Pb-acid:
    cost: 130.833
    lifetime: 9.75702
    annual_cost: 13.40911466820812
    efficiency: 0.772479
    discharge_ratio: 5
    depth_of_discharge: 0.5
  VRBF:
    cost: 242.527
    lifetime: 27.8592
    annual_cost: 8.705454571559843
    efficiency: 0.674313
    discharge_ratio: 0.5
    depth_of_discharge: 1.0
