cost_values:
  wind_capex: 5000.0
  wind_opex: 100
  wind_lifetime: 20
  solar_capex: 1000.0
  solar_opex: 10
  solar_lifetime: 20
  carbon_price: 1.0
timeseries_values:
  load_level: 248123.69508581646
  wind_year: 2019
  solar_year: 2013
  price_year: 2023
  carbon_year: 2023
storage_values:
  CAES:
    cost: 39.588
    lifetime: 22.2169
    annual_cost: 1.7818867618794703
    efficiency: 0.614029
    discharge_ratio: 0.1
    depth_of_discharge: 0.4
  Li-ion:
    cost: 204.727
    lifetime: 22.6469
    annual_cost: 9.03995690359387
    efficiency: 0.966616
    discharge_ratio: 2
    depth_of_discharge: 0.9
  Pb-acid:
    cost: 124.559
    lifetime: 9.48752
    annual_cost: 13.128720677268664
    efficiency: 0.78423
    discharge_ratio: 5
    depth_of_discharge: 0.5
  VRBF:
    cost: 243.963
    lifetime: 29.1401
    annual_cost: 8.372071475389584
    efficiency: 0.673362
    discharge_ratio: 0.5
    depth_of_discharge: 1.0
