cost_values:
  wind_capex: 5000.0
  wind_opex: 100
  wind_lifetime: 20
  solar_capex: 1000.0
  solar_opex: 10
  solar_lifetime: 20
  carbon_price: 1.0
timeseries_values:
  load_level: 248123.69508581646
  wind_year: 2019
  solar_year: 2013
  price_year: 2023
  carbon_year: 2023
storage_values:
  CAES:
    cost: 43.3227
    lifetime: 21.82
    annual_cost: 1.9854582951420714
    efficiency: 0.606682
    discharge_ratio: 0.1
    depth_of_discharge: 0.4
  Li-ion:
    cost: 213.17
    lifetime: 22.8478
    annual_cost: 9.330001137965143
    efficiency: 0.95949
    discharge_ratio: 2
    depth_of_discharge: 0.9
  Pb-acid:
    cost: 136.988
    lifetime: 8.74301
    annual_cost: 15.66828815247838
    efficiency: 0.776778
    discharge_ratio: 5
    depth_of_discharge: 0.5
  VRBF:
    cost: 243.095
    lifetime: 29.2332
    annual_cost: 8.31571637726968
    efficiency: 0.692443
    discharge_ratio: 0.5
    depth_of_discharge: 1.0
