cost_values:
  wind_capex: 5000.0
  wind_opex: 100
  wind_lifetime: 20
  solar_capex: 1000.0
  solar_opex: 10
  solar_lifetime: 20
  carbon_price: 1.0
timeseries_values:
  load_level: 248123.69508581646
  wind_year: 2019
  solar_year: 2013
  price_year: 2023
  carbon_year: 2023
storage_values:
  CAES:
    cost: 41.9954
    lifetime: 22.7311
    annual_cost: 1.8474864832762161
    efficiency: 0.61585
    discharge_ratio: 0.1
    depth_of_discharge: 0.4
  Li-ion:
    cost: 215.84
    lifetime: 24.2194
    annual_cost: 8.91186404287472
    efficiency: 0.956248
    discharge_ratio: 2
    depth_of_discharge: 0.9
  Pb-acid:
    cost: 139.22
    lifetime: 9.07242
    annual_cost: 15.34540949382855
    efficiency: 0.774869
    discharge_ratio: 5
    depth_of_discharge: 0.5
  VRBF:
    cost: 232.34
    lifetime: 28.2971
    annual_cost: 8.210735375709879
    efficiency: 0.665584
    discharge_ratio: 0.5
    depth_of_discharge: 1.0
