cost_values:
  wind_capex: 5000.0
  wind_opex: 100
  wind_lifetime: 20
  solar_capex: 1000.0
  solar_opex: 10
  solar_lifetime: 20
  carbon_price: 1.0
timeseries_values:
  load_level: 248123.69508581646
  wind_year: 2019
  solar_year: 2013
  price_year: 2023
  carbon_year: 2023
storage_values:
  CAES:
    cost: 42.1292
    lifetime: 22.1693
    annual_cost: 1.9003396588976647
    efficiency: 0.609813
    discharge_ratio: 0.1
    depth_of_discharge: 0.4
  Li-ion:
    cost: 212.64
    lifetime: 21.4157
    annual_cost: 9.929164117913492
    efficiency: 0.966409
    discharge_ratio: 2
    depth_of_discharge: 0.9
  Pb-acid:
    cost: 121.183
    lifetime: 10.2078
    annual_cost: 11.871607986049883
    efficiency: 0.767767
    discharge_ratio: 5
    depth_of_discharge: 0.5
  VRBF:
    cost: 215.088
    lifetime: 29.3081
    annual_cost: 7.338858540812949
    efficiency: 0.690194
    discharge_ratio: 0.5
    depth_of_discharge: 1.0
