cost_values:
  wind_capex: 5000.0
  wind_opex: 100
  wind_lifetime: 20
  solar_capex: 1000.0
  solar_opex: 10
  solar_lifetime: 20
  carbon_price: 1.0
timeseries_values:
  load_level: 248123.69508581646
  wind_year: 2019
  solar_year: 2013
  price_year: 2023
  carbon_year: 2023
storage_values:
  CAES:
    cost: 43.3105
    lifetime: 21.6107
    annual_cost: 2.004122957608962
    efficiency: 0.608064
    discharge_ratio: 0.1
    depth_of_discharge: 0.4
  Li-ion:
    cost: 226.186
    lifetime: 24.7237
    annual_cost: 9.14854977208104
    efficiency: 0.972187
    discharge_ratio: 2
    depth_of_discharge: 0.9
  Pb-acid:
    cost: 111.087
    lifetime: 11.5587
    annual_cost: 9.610682862259598
    efficiency: 0.769405
    discharge_ratio: 5
    depth_of_discharge: 0.5
  VRBF:
    cost: 248.815
    lifetime: 27.1467
    annual_cost: 9.165570769191099
    efficiency: 0.684696
    discharge_ratio: 0.5
    depth_of_discharge: 1.0
