cost_values:
  wind_capex: 5000.0
  wind_opex: 100
  wind_lifetime: 20
  solar_capex: 1000.0
  solar_opex: 10
  solar_lifetime: 20
  carbon_price: 1.0
timeseries_values:
  load_level: 248123.69508581646
  wind_year: 2019
  solar_year: 2013
  price_year: 2023
  carbon_year: 2023
storage_values:
  CAES:
    cost: 40.0673
    lifetime: 21.2856
    annual_cost: 1.8823664825046043
    efficiency: 0.616599
    discharge_ratio: 0.1
    depth_of_discharge: 0.4
  Li-ion:
    cost: 249.744
    lifetime: 25.2876
    annual_cost: 9.876144829877093
    efficiency: 0.964474
    discharge_ratio: 2
    depth_of_discharge: 0.9
  Pb-acid:
    cost: 131.451
    lifetime: 10.3311
    annual_cost: 12.723814501843947
    efficiency: 0.780427
    discharge_ratio: 5
    depth_of_discharge: 0.5
  VRBF:
    cost: 242.196
    lifetime: 29.3542
    annual_cost: 8.250812490205831
    efficiency: 0.688372
    discharge_ratio: 0.5
    depth_of_discharge: 1.0
