cost_values:
  wind_capex: 5000.0
  wind_opex: 100
  wind_lifetime: 20
  solar_capex: 1000.0
  solar_opex: 10
  solar_lifetime: 20
  carbon_price: 1.0
timeseries_values:
  load_level: 248123.69508581646
  wind_year: 2019
  solar_year: 2013
  price_year: 2023
  carbon_year: 2023
storage_values:
  CAES:
    cost: 38.9783
    lifetime: 21.8707
    annual_cost: 1.7822154754991837
    efficiency: 0.609024
    discharge_ratio: 0.1
    depth_of_discharge: 0.4
  Li-ion:
    cost: 218.044
    lifetime: 22.464
    annual_cost: 9.706374643874645
    efficiency: 0.959628
    discharge_ratio: 2
    depth_of_discharge: 0.9
  Pb-acid:
    cost: 119.104
    lifetime: 11.0477
    annual_cost: 10.780886519366021
    efficiency: 0.779264
    discharge_ratio: 5
    depth_of_discharge: 0.5
  VRBF:
    cost: 225.931
    lifetime: 28.8852
    annual_cost: 7.821687230831014
    efficiency: 0.681281
    discharge_ratio: 0.5
    depth_of_discharge: 1.0
