cost_values:
  wind_capex: 5000.0
  wind_opex: 100
  wind_lifetime: 20
  solar_capex: 1000.0
  solar_opex: 10
  solar_lifetime: 20
  carbon_price: 1.0
timeseries_values:
  load_level: 248123.69508581646
  wind_year: 2019
  solar_year: 2013
  price_year: 2023
  carbon_year: 2023
storage_values:
  CAES:
    cost: 34.8497
    lifetime: 22.26
    annual_cost: 1.5655750224618148
    efficiency: 0.607235
    discharge_ratio: 0.1
    depth_of_discharge: 0.4
  Li-ion:
    cost: 239.427
    lifetime: 25.2308
    annual_cost: 9.489473183569288
    efficiency: 0.980966
    discharge_ratio: 2
    depth_of_discharge: 0.9
  Pb-acid:
    cost: 151.054
    lifetime: 9.10167
    annual_cost: 16.59629496564916
    efficiency: 0.782044
    discharge_ratio: 5
    depth_of_discharge: 0.5
  VRBF:
    cost: 244.377
    lifetime: 29.5148
    annual_cost: 8.279812162033963
    efficiency: 0.678054
    discharge_ratio: 0.5
    depth_of_discharge: 1.0
