cost_values:
  wind_capex: 5000.0
  wind_opex: 100
  wind_lifetime: 20
  solar_capex: 1000.0
  solar_opex: 10
  solar_lifetime: 20
  carbon_price: 1.0
timeseries_values:
  load_level: 248123.69508581646
  wind_year: 2019
  solar_year: 2013
  price_year: 2023
  carbon_year: 2023
storage_values:
  CAES:
    cost: 43.01
    lifetime: 21.8594
    annual_cost: 1.9675745903364226
    efficiency: 0.621333
    discharge_ratio: 0.1
    depth_of_discharge: 0.4
  Li-ion:
    cost: 216.216
    lifetime: 26.3037
    annual_cost: 8.219984260769397
    efficiency: 0.974381
    discharge_ratio: 2
    depth_of_discharge: 0.9
  Pb-acid:
    cost: 138.148
    lifetime: 10.8239
    annual_cost: 12.763236910910114
    efficiency: 0.787842
    discharge_ratio: 5
    depth_of_discharge: 0.5
  VRBF:
    cost: 237.368
    lifetime: 29.435
    annual_cost: 8.064141328350603
    efficiency: 0.657394
    discharge_ratio: 0.5
    depth_of_discharge: 1.0
