cost_values:
  wind_capex: 5000.0
  wind_opex: 100
  wind_lifetime: 20
  solar_capex: 1000.0
  solar_opex: 10
  solar_lifetime: 20
  carbon_price: 1.0
timeseries_values:
  load_level: 248123.69508581646
  wind_year: 2019
  solar_year: 2013
  price_year: 2023
  carbon_year: 2023
storage_values:
  CAES:
    cost: 48.3667
    lifetime: 22.4092
    annual_cost: 2.158341217000161
    efficiency: 0.614052
    discharge_ratio: 0.1
    depth_of_discharge: 0.4
  Li-ion:
    cost: 190.151
    lifetime: 25.39
    annual_cost: 7.489208349743994
    efficiency: 0.979009
    discharge_ratio: 2
    depth_of_discharge: 0.9
  Pb-acid:
    cost: 131.598
    lifetime: 9.72867
    annual_cost: 13.526823296504046
    efficiency: 0.783875
    discharge_ratio: 5
    depth_of_discharge: 0.5
  VRBF:
    cost: 237.285
    lifetime: 29.648
    annual_cost: 8.003406637884511
    efficiency: 0.680384
    discharge_ratio: 0.5
    depth_of_discharge: 1.0
