cost_values:
  wind_capex: 5000.0
  wind_opex: 100
  wind_lifetime: 20
  solar_capex: 1000.0
  solar_opex: 10
  solar_lifetime: 20
  carbon_price: 1.0
timeseries_values:
  load_level: 248123.69508581646
  wind_year: 2019
  solar_year: 2013
  price_year: 2023
  carbon_year: 2023
storage_values:
  CAES:
    cost: 39.5564
    lifetime: 22.0513
    annual_cost: 1.793835284087559
    efficiency: 0.618313
    discharge_ratio: 0.1
    depth_of_discharge: 0.4
  Li-ion:
    cost: 227.089
    lifetime: 23.213
    annual_cost: 9.782837203291258
    efficiency: 0.962971
    discharge_ratio: 2
    depth_of_discharge: 0.9
  Pb-acid:
    cost: 127.243
    lifetime: 10.2344
    annual_cost: 12.432873446416007
    efficiency: 0.774741
    discharge_ratio: 5
    depth_of_discharge: 0.5
  VRBF:
    cost: 238.658
    lifetime: 28.8708
    annual_cost: 8.266414508777034
    efficiency: 0.682468
    discharge_ratio: 0.5
    depth_of_discharge: 1.0
