cost_values:
  wind_capex: 5000.0
  wind_opex: 100
  wind_lifetime: 20
  solar_capex: 1000.0
  solar_opex: 10
  solar_lifetime: 20
  carbon_price: 1.0
timeseries_values:
  load_level: 248123.69508581646
  wind_year: 2019
  solar_year: 2013
  price_year: 2023
  carbon_year: 2023
storage_values:
  CAES:
    cost: 44.7667
    lifetime: 22.2292
    annual_cost: 2.0138691450884423
    efficiency: 0.614679
    discharge_ratio: 0.1
    depth_of_discharge: 0.4
  Li-ion:
    cost: 213.173
    lifetime: 22.6838
    annual_cost: 9.397587705763584
    efficiency: 0.96772
    discharge_ratio: 2
    depth_of_discharge: 0.9
  Pb-acid:
    cost: 143.646
    lifetime: 10.8534
    annual_cost: 13.235115263419756
    efficiency: 0.780061
    discharge_ratio: 5
    depth_of_discharge: 0.5
  VRBF:
    cost: 233.374
    lifetime: 28.9726
    annual_cost: 8.05498988699668
    efficiency: 0.68679
    discharge_ratio: 0.5
    depth_of_discharge: 1.0
