cost_values:
  wind_capex: 5000.0
  wind_opex: 100
  wind_lifetime: 20
  solar_capex: 1000.0
  solar_opex: 10
  solar_lifetime: 20
  carbon_price: 1.0
timeseries_values:
  load_level: 248123.69508581646
  wind_year: 2019
  solar_year: 2013
  price_year: 2023
  carbon_year: 2023
storage_values:
  CAES:
    cost: 46.8367
    lifetime: 21.2948
    annual_cost: 2.199443056520841
    efficiency: 0.608142
    discharge_ratio: 0.1
    depth_of_discharge: 0.4
  Li-ion:
    cost: 215.643
    lifetime: 20.0359
    annual_cost: 10.762830718859647
    efficiency: 0.962801
    discharge_ratio: 2
    depth_of_discharge: 0.9
  Pb-acid:
    cost: 145.815
    lifetime: 9.32335
    annual_cost: 15.639764676859713
    efficiency: 0.758099
    discharge_ratio: 5
    depth_of_discharge: 0.5
  VRBF:
    cost: 231.017
    lifetime: 29.5011
    annual_cost: 7.830792750100843
    efficiency: 0.691151
    discharge_ratio: 0.5
    depth_of_discharge: 1.0
