cost_values:
  wind_capex: 5000.0
  wind_opex: 100
  wind_lifetime: 20
  solar_capex: 1000.0
  solar_opex: 10
  solar_lifetime: 20
  carbon_price: 1.0
timeseries_values:
  load_level: 248123.69508581646
  wind_year: 2019
  solar_year: 2013
  price_year: 2023
  carbon_year: 2023
storage_values:
  CAES:
    cost: 43.9377
    lifetime: 22.1023
    annual_cost: 1.987924333666632
    efficiency: 0.597957
    discharge_ratio: 0.1
    depth_of_discharge: 0.4
  Li-ion:
    cost: 225.645
    lifetime: 22.405
    annual_cost: 10.07118946663691
    efficiency: 0.976761
    discharge_ratio: 2
    depth_of_discharge: 0.9
  Pb-acid:
    cost: 133.354
    lifetime: 8.98356
    annual_cost: 14.844226564969789
    efficiency: 0.789888
    discharge_ratio: 5
    depth_of_discharge: 0.5
  VRBF:
    cost: 242.702
    lifetime: 27.8539
    annual_cost: 8.713393815587763
    efficiency: 0.679378
    discharge_ratio: 0.5
    depth_of_discharge: 1.0
