cost_values:
  wind_capex: 5000.0
  wind_opex: 100
  wind_lifetime: 20
  solar_capex: 1000.0
  solar_opex: 10
  solar_lifetime: 20
  carbon_price: 1.0
timeseries_values:
  load_level: 248123.69508581646
  wind_year: 2019
  solar_year: 2013
  price_year: 2023
  carbon_year: 2023
storage_values:
  CAES:
    cost: 42.7985
    lifetime: 20.6202
    annual_cost: 2.07556182772233
    efficiency: 0.614987
    discharge_ratio: 0.1
    depth_of_discharge: 0.4
  Li-ion:
    cost: 229.116
    lifetime: 22.0868
    annual_cost: 10.373435717260989
    efficiency: 0.973795
    discharge_ratio: 2
    depth_of_discharge: 0.9
  Pb-acid:
    cost: 132.503
    lifetime: 9.04411
    annual_cost: 14.650750599008635
    efficiency: 0.771276
    discharge_ratio: 5
    depth_of_discharge: 0.5
  VRBF:
    cost: 229.405
    lifetime: 29.9044
    annual_cost: 7.671279142868609
    efficiency: 0.695975
    discharge_ratio: 0.5
    depth_of_discharge: 1.0
