cost_values:
  wind_capex: 5000.0
  wind_opex: 100
  wind_lifetime: 20
  solar_capex: 1000.0
  solar_opex: 10
  solar_lifetime: 20
  carbon_price: 1.0
timeseries_values:
  load_level: 248123.69508581646
  wind_year: 2019
  solar_year: 2013
  price_year: 2023
  carbon_year: 2023
storage_values:
  CAES:
    cost: 46.6267
    lifetime: 21.8283
    annual_cost: 2.136066482502073
    efficiency: 0.60993
    discharge_ratio: 0.1
    depth_of_discharge: 0.4
  Li-ion:
    cost: 197.863
    lifetime: 23.5028
    annual_cost: 8.418699048623994
    efficiency: 0.970505
    discharge_ratio: 2
    depth_of_discharge: 0.9
  Pb-acid:
    cost: 137.679
    lifetime: 11.6545
    annual_cost: 11.813376807241838
    efficiency: 0.760562
    discharge_ratio: 5
    depth_of_discharge: 0.5
  VRBF:
    cost: 218.885
    lifetime: 29.0976
    annual_cost: 7.522441713405916
    efficiency: 0.692505
    discharge_ratio: 0.5
    depth_of_discharge: 1.0
