cost_values:
  wind_capex: 5000.0
  wind_opex: 100
  wind_lifetime: 20
  solar_capex: 1000.0
  solar_opex: 10
  solar_lifetime: 20
  carbon_price: 1.0
timeseries_values:
  load_level: 248123.69508581646
  wind_year: 2019
  solar_year: 2013
  price_year: 2023
  carbon_year: 2023
storage_values:
  CAES:
    cost: 47.0076
    lifetime: 22.6332
    annual_cost: 2.076931233762791
    efficiency: 0.623519
    discharge_ratio: 0.1
    depth_of_discharge: 0.4
  Li-ion:
    cost: 222.915
    lifetime: 23.0999
    annual_cost: 9.650041775072618
    efficiency: 0.963185
    discharge_ratio: 2
    depth_of_discharge: 0.9
  Pb-acid:
    cost: 128.937
    lifetime: 9.51769
    annual_cost: 13.547089682475477
    efficiency: 0.767912
    discharge_ratio: 5
    depth_of_discharge: 0.5
  VRBF:
    cost: 224.026
    lifetime: 29.4723
    annual_cost: 7.601239129623409
    efficiency: 0.670975
    discharge_ratio: 0.5
    depth_of_discharge: 1.0
