cost_values:
  wind_capex: 5000.0
  wind_opex: 100
  wind_lifetime: 20
  solar_capex: 1000.0
  solar_opex: 10
  solar_lifetime: 20
  carbon_price: 1.0
timeseries_values:
  load_level: 248123.69508581646
  wind_year: 2019
  solar_year: 2013
  price_year: 2023
  carbon_year: 2023
storage_values:
  CAES:
    cost: 37.7635
    lifetime: 22.8838
    annual_cost: 1.6502285459582762
    efficiency: 0.614946
    discharge_ratio: 0.1
    depth_of_discharge: 0.4
  Li-ion:
    cost: 211.776
    lifetime: 23.7888
    annual_cost: 8.902340597255852
    efficiency: 0.973141
    discharge_ratio: 2
    depth_of_discharge: 0.9
  Pb-acid:
    cost: 137.18
    lifetime: 9.74978
    annual_cost: 14.070061068044614
    efficiency: 0.770662
    discharge_ratio: 5
    depth_of_discharge: 0.5
  VRBF:
    cost: 220.882
    lifetime: 28.2206
    annual_cost: 7.82697745618449
    efficiency: 0.657088
    discharge_ratio: 0.5
    depth_of_discharge: 1.0
