cost_values:
  wind_capex: 5000.0
  wind_opex: 100
  wind_lifetime: 20
  solar_capex: 1000.0
  solar_opex: 10
  solar_lifetime: 20
  carbon_price: 1.0
timeseries_values:
  load_level: 248123.69508581646
  wind_year: 2019
  solar_year: 2013
  price_year: 2023
  carbon_year: 2023
storage_values:
  CAES:
    cost: 47.9166
    lifetime: 23.2159
    annual_cost: 2.0639561679710887
    efficiency: 0.610797
    discharge_ratio: 0.1
    depth_of_discharge: 0.4
  Li-ion:
    cost: 215.25
    lifetime: 23.9556
    annual_cost: 8.985372939938888
    efficiency: 0.959908
    discharge_ratio: 2
    depth_of_discharge: 0.9
  Pb-acid:
    cost: 135.752
    lifetime: 12.8556
    annual_cost: 10.559756059616042
    efficiency: 0.770276
    discharge_ratio: 5
    depth_of_discharge: 0.5
  VRBF:
    cost: 224.66
    lifetime: 29.2381
    annual_cost: 7.683809823483742
    efficiency: 0.679382
    discharge_ratio: 0.5
    depth_of_discharge: 1.0
