cost_values:
  wind_capex: 5000.0
  wind_opex: 100
  wind_lifetime: 20
  solar_capex: 1000.0
  solar_opex: 10
  solar_lifetime: 20
  carbon_price: 1.0
timeseries_values:
  load_level: 248123.69508581646
  wind_year: 2019
  solar_year: 2013
  price_year: 2023
  carbon_year: 2023
storage_values:
  CAES:
    cost: 35.8298
    lifetime: 21.9835
    annual_cost: 1.6298496599722518
    efficiency: 0.609793
    discharge_ratio: 0.1
    depth_of_discharge: 0.4
  Li-ion:
    cost: 232.605
    lifetime: 25.9707
    annual_cost: 8.956439372061592
    efficiency: 0.983521
    discharge_ratio: 2
    depth_of_discharge: 0.9
  Pb-acid:
    cost: 124.58
    lifetime: 10.6067
    annual_cost: 11.74540620551161
    efficiency: 0.767123
    discharge_ratio: 5
    depth_of_discharge: 0.5
  VRBF:
    cost: 222.212
    lifetime: 28.5141
    annual_cost: 7.7930567684058065
    efficiency: 0.673419
    discharge_ratio: 0.5
    depth_of_discharge: 1.0
