cost_values:
  wind_capex: 5000.0
  wind_opex: 100
  wind_lifetime: 20
  solar_capex: 1000.0
  solar_opex: 10
  solar_lifetime: 20
  carbon_price: 1.0
timeseries_values:
  load_level: 248123.69508581646
  wind_year: 2019
  solar_year: 2013
  price_year: 2023
  carbon_year: 2023
storage_values:
  CAES:
    cost: 37.9469
    lifetime: 21.6307
    annual_cost: 1.7543075351236899
    efficiency: 0.603368
    discharge_ratio: 0.1
    depth_of_discharge: 0.4
  Li-ion:
    cost: 235.92
    lifetime: 23.3405
    annual_cost: 10.1077526188385
    efficiency: 0.968596
    discharge_ratio: 2
    depth_of_discharge: 0.9
  Pb-acid:
    cost: 134.534
    lifetime: 8.93791
    annual_cost: 15.052064744442491
    efficiency: 0.768947
    discharge_ratio: 5
    depth_of_discharge: 0.5
  VRBF:
    cost: 232.69
    lifetime: 29.0774
    annual_cost: 8.002434880697724
    efficiency: 0.652631
    discharge_ratio: 0.5
    depth_of_discharge: 1.0
