cost_values:
  wind_capex: 5000.0
  wind_opex: 100
  wind_lifetime: 20
  solar_capex: 1000.0
  solar_opex: 10
  solar_lifetime: 20
  carbon_price: 1.0
timeseries_values:
  load_level: 248123.69508581646
  wind_year: 2019
  solar_year: 2013
  price_year: 2023
  carbon_year: 2023
storage_values:
  CAES:
    cost: 35.3294
    lifetime: 22.9127
    annual_cost: 1.5419134366530352
    efficiency: 0.616122
    discharge_ratio: 0.1
    depth_of_discharge: 0.4
  Li-ion:
    cost: 221.411
    lifetime: 23.7242
    annual_cost: 9.332706687685992
    efficiency: 0.962649
    discharge_ratio: 2
    depth_of_discharge: 0.9
  Pb-acid:
    cost: 135.281
    lifetime: 10.9798
    annual_cost: 12.320898377019619
    efficiency: 0.791858
    discharge_ratio: 5
    depth_of_discharge: 0.5
  VRBF:
    cost: 266.739
    lifetime: 28.578
    annual_cost: 9.333718244803695
    efficiency: 0.680812
    discharge_ratio: 0.5
    depth_of_discharge: 1.0
