cost_values:
  wind_capex: 5000.0
  wind_opex: 100
  wind_lifetime: 20
  solar_capex: 1000.0
  solar_opex: 10
  solar_lifetime: 20
  carbon_price: 1.0
timeseries_values:
  load_level: 248123.69508581646
  wind_year: 2019
  solar_year: 2013
  price_year: 2023
  carbon_year: 2023
storage_values:
  CAES:
    cost: 46.744
    lifetime: 23.1321
    annual_cost: 2.0207417398333916
    efficiency: 0.608517
    discharge_ratio: 0.1
    depth_of_discharge: 0.4
  Li-ion:
    cost: 220.694
    lifetime: 23.4039
    annual_cost: 9.4297958887194
    efficiency: 0.985722
    discharge_ratio: 2
    depth_of_discharge: 0.9
  Pb-acid:
    cost: 144.285
    lifetime: 10.6826
    annual_cost: 13.506543350869638
    efficiency: 0.768317
    discharge_ratio: 5
    depth_of_discharge: 0.5
  VRBF:
    cost: 231.077
    lifetime: 28.844
    annual_cost: 8.011267507973928
    efficiency: 0.65685
    discharge_ratio: 0.5
    depth_of_discharge: 1.0
