cost_values:
  wind_capex: 5000.0
  wind_opex: 100
  wind_lifetime: 20
  solar_capex: 1000.0
  solar_opex: 10
  solar_lifetime: 20
  carbon_price: 1.0
timeseries_values:
  load_level: 248123.69508581646
  wind_year: 2019
  solar_year: 2013
  price_year: 2023
  carbon_year: 2023
storage_values:
  CAES:
    cost: 40.5765
    lifetime: 22.3393
    annual_cost: 1.816372939169983
    efficiency: 0.606022
    discharge_ratio: 0.1
    depth_of_discharge: 0.4
  Li-ion:
    cost: 189.206
    lifetime: 24.8583
    annual_cost: 7.61138130926089
    efficiency: 0.97915
    discharge_ratio: 2
    depth_of_discharge: 0.9
  Pb-acid:
    cost: 140.374
    lifetime: 9.2523
    annual_cost: 15.171795121213103
    efficiency: 0.785004
    discharge_ratio: 5
    depth_of_discharge: 0.5
  VRBF:
    cost: 227.874
    lifetime: 28.909
    annual_cost: 7.882458749870283
    efficiency: 0.680441
    discharge_ratio: 0.5
    depth_of_discharge: 1.0
