cost_values:
  wind_capex: 5000.0
  wind_opex: 100
  wind_lifetime: 20
  solar_capex: 1000.0
  solar_opex: 10
  solar_lifetime: 20
  carbon_price: 1.0
timeseries_values:
  load_level: 248123.69508581646
  wind_year: 2019
  solar_year: 2013
  price_year: 2023
  carbon_year: 2023
storage_values:
  CAES:
    cost: 45.6001
    lifetime: 22.144
    annual_cost: 2.0592530708092487
    efficiency: 0.60861
    discharge_ratio: 0.1
    depth_of_discharge: 0.4
  Li-ion:
    cost: 229.282
    lifetime: 22.659
    annual_cost: 10.118804889889228
    efficiency: 0.98761
    discharge_ratio: 2
    depth_of_discharge: 0.9
  Pb-acid:
    cost: 139.976
    lifetime: 9.45915
    annual_cost: 14.797946961407739
    efficiency: 0.766219
    discharge_ratio: 5
    depth_of_discharge: 0.5
  VRBF:
    cost: 289.451
    lifetime: 29.0435
    annual_cost: 9.966119785838483
    efficiency: 0.671046
    discharge_ratio: 0.5
    depth_of_discharge: 1.0
