cost_values:
  wind_capex: 5000.0
  wind_opex: 100
  wind_lifetime: 20
  solar_capex: 1000.0
  solar_opex: 10
  solar_lifetime: 20
  carbon_price: 1.0
timeseries_values:
  load_level: 248123.69508581646
  wind_year: 2019
  solar_year: 2013
  price_year: 2023
  carbon_year: 2023
storage_values:
  CAES:
    cost: 32.6432
    lifetime: 21.8366
    annual_cost: 1.494884734803037
    efficiency: 0.611241
    discharge_ratio: 0.1
    depth_of_discharge: 0.4
  Li-ion:
    cost: 238.082
    lifetime: 25.4202
    annual_cost: 9.365858647846988
    efficiency: 0.97435
    discharge_ratio: 2
    depth_of_discharge: 0.9
  Pb-acid:
    cost: 135.608
    lifetime: 10.4234
    annual_cost: 13.009958362914212
    efficiency: 0.777038
    discharge_ratio: 5
    depth_of_discharge: 0.5
  VRBF:
    cost: 235.092
    lifetime: 27.1694
    annual_cost: 8.652822660787503
    efficiency: 0.660144
    discharge_ratio: 0.5
    depth_of_discharge: 1.0
