cost_values:
  wind_capex: 5000.0
  wind_opex: 100
  wind_lifetime: 20
  solar_capex: 1000.0
  solar_opex: 10
  solar_lifetime: 20
  carbon_price: 1.0
timeseries_values:
  load_level: 248123.69508581646
  wind_year: 2019
  solar_year: 2013
  price_year: 2023
  carbon_year: 2023
storage_values:
  CAES:
    cost: 47.5253
    lifetime: 22.393
    annual_cost: 2.1223284061983656
    efficiency: 0.607515
    discharge_ratio: 0.1
    depth_of_discharge: 0.4
  Li-ion:
    cost: 218.794
    lifetime: 24.3436
    annual_cost: 8.987742158103158
    efficiency: 0.964511
    discharge_ratio: 2
    depth_of_discharge: 0.9
  Pb-acid:
    cost: 149.232
    lifetime: 10.8629
    annual_cost: 13.737767999337194
    efficiency: 0.760493
    discharge_ratio: 5
    depth_of_discharge: 0.5
  VRBF:
    cost: 245.992
    lifetime: 28.6266
    annual_cost: 8.593126672395604
    efficiency: 0.699698
    discharge_ratio: 0.5
    depth_of_discharge: 1.0
