cost_values:
  wind_capex: 5000.0
  wind_opex: 100
  wind_lifetime: 20
  solar_capex: 1000.0
  solar_opex: 10
  solar_lifetime: 20
  carbon_price: 1.0
timeseries_values:
  load_level: 248123.69508581646
  wind_year: 2019
  solar_year: 2013
  price_year: 2023
  carbon_year: 2023
storage_values:
  CAES:
    cost: 47.8351
    lifetime: 21.4864
    annual_cost: 2.226296634149974
    efficiency: 0.613234
    discharge_ratio: 0.1
    depth_of_discharge: 0.4
  Li-ion:
    cost: 220.672
    lifetime: 24.3909
    annual_cost: 9.047308627397923
    efficiency: 0.95504
    discharge_ratio: 2
    depth_of_discharge: 0.9
  Pb-acid:
    cost: 172.219
    lifetime: 10.0738
    annual_cost: 17.09573348686692
    efficiency: 0.764954
    discharge_ratio: 5
    depth_of_discharge: 0.5
  VRBF:
    cost: 245.485
    lifetime: 29.3613
    annual_cost: 8.36083552158794
    efficiency: 0.687988
    discharge_ratio: 0.5
    depth_of_discharge: 1.0
