cost_values:
  wind_capex: 5000.0
  wind_opex: 100
  wind_lifetime: 20
  solar_capex: 1000.0
  solar_opex: 10
  solar_lifetime: 20
  carbon_price: 1.0
timeseries_values:
  load_level: 248123.69508581646
  wind_year: 2019
  solar_year: 2013
  price_year: 2023
  carbon_year: 2023
storage_values:
  CAES:
    cost: 32.9777
    lifetime: 22.1781
    annual_cost: 1.486948836915696
    efficiency: 0.607909
    discharge_ratio: 0.1
    depth_of_discharge: 0.4
  Li-ion:
    cost: 206.818
    lifetime: 23.2116
    annual_cost: 8.91011390856296
    efficiency: 0.971449
    discharge_ratio: 2
    depth_of_discharge: 0.9
  Pb-acid:
    cost: 124.063
    lifetime: 10.0715
    annual_cost: 12.31822469344189
    efficiency: 0.760574
    discharge_ratio: 5
    depth_of_discharge: 0.5
  VRBF:
    cost: 219.826
    lifetime: 29.0698
    annual_cost: 7.562005930553357
    efficiency: 0.671366
    discharge_ratio: 0.5
    depth_of_discharge: 1.0
