cost_values:
  wind_capex: 5000.0
  wind_opex: 100
  wind_lifetime: 20
  solar_capex: 1000.0
  solar_opex: 10
  solar_lifetime: 20
  carbon_price: 1.0
timeseries_values:
  load_level: 248123.69508581646
  wind_year: 2019
  solar_year: 2013
  price_year: 2023
  carbon_year: 2023
storage_values:
  CAES:
    cost: 39.2986
    lifetime: 22.0805
    annual_cost: 1.7797875953895972
    efficiency: 0.606726
    discharge_ratio: 0.1
    depth_of_discharge: 0.4
  Li-ion:
    cost: 252.511
    lifetime: 22.861
    annual_cost: 11.045492323170464
    efficiency: 0.953069
    discharge_ratio: 2
    depth_of_discharge: 0.9
  Pb-acid:
    cost: 151.465
    lifetime: 11.6105
    annual_cost: 13.045519142155808
    efficiency: 0.798248
    discharge_ratio: 5
    depth_of_discharge: 0.5
  VRBF:
    cost: 225.02
    lifetime: 28.8856
    annual_cost: 7.79004071232725
    efficiency: 0.687074
    discharge_ratio: 0.5
    depth_of_discharge: 1.0
