cost_values:
  wind_capex: 5000.0
  wind_opex: 100
  wind_lifetime: 20
  solar_capex: 1000.0
  solar_opex: 10
  solar_lifetime: 20
  carbon_price: 1.0
timeseries_values:
  load_level: 248123.69508581646
  wind_year: 2019
  solar_year: 2013
  price_year: 2023
  carbon_year: 2023
storage_values:
  CAES:
    cost: 46.9803
    lifetime: 22.9244
    annual_cost: 2.04935788941041
    efficiency: 0.605186
    discharge_ratio: 0.1
    depth_of_discharge: 0.4
  Li-ion:
    cost: 216.389
    lifetime: 22.2036
    annual_cost: 9.745671873029599
    efficiency: 0.948577
    discharge_ratio: 2
    depth_of_discharge: 0.9
  Pb-acid:
    cost: 135.516
    lifetime: 9.43061
    annual_cost: 14.369802165501488
    efficiency: 0.776441
    discharge_ratio: 5
    depth_of_discharge: 0.5
  VRBF:
    cost: 202.765
    lifetime: 29.386
    annual_cost: 6.900054447696181
    efficiency: 0.693164
    discharge_ratio: 0.5
    depth_of_discharge: 1.0
