cost_values:
  wind_capex: 5000.0
  wind_opex: 100
  wind_lifetime: 20
  solar_capex: 1000.0
  solar_opex: 10
  solar_lifetime: 20
  carbon_price: 1.0
timeseries_values:
  load_level: 248123.69508581646
  wind_year: 2019
  solar_year: 2013
  price_year: 2023
  carbon_year: 2023
storage_values:
  CAES:
    cost: 33.3605
    lifetime: 22.4704
    annual_cost: 1.4846420179436057
    efficiency: 0.611657
    discharge_ratio: 0.1
    depth_of_discharge: 0.4
  Li-ion:
    cost: 224.685
    lifetime: 22.9473
    annual_cost: 9.791348001725694
    efficiency: 0.956235
    discharge_ratio: 2
    depth_of_discharge: 0.9
  Pb-acid:
    cost: 155.915
    lifetime: 10.8309
    annual_cost: 14.395387271602544
    efficiency: 0.793513
    discharge_ratio: 5
    depth_of_discharge: 0.5
  VRBF:
    cost: 226.949
    lifetime: 29.9467
    annual_cost: 7.578431012432088
    efficiency: 0.6834
    discharge_ratio: 0.5
    depth_of_discharge: 1.0
