cost_values:
  wind_capex: 5000.0
  wind_opex: 100
  wind_lifetime: 20
  solar_capex: 1000.0
  solar_opex: 10
  solar_lifetime: 20
  carbon_price: 1.0
timeseries_values:
  load_level: 248123.69508581646
  wind_year: 2019
  solar_year: 2013
  price_year: 2023
  carbon_year: 2023
storage_values:
  CAES:
    cost: 45.1267
    lifetime: 21.2048
    annual_cost: 2.1281360823964386
    efficiency: 0.606504
    discharge_ratio: 0.1
    depth_of_discharge: 0.4
  Li-ion:
    cost: 227.58
    lifetime: 24.1484
    annual_cost: 9.424226863891604
    efficiency: 0.965729
    discharge_ratio: 2
    depth_of_discharge: 0.9
  Pb-acid:
    cost: 127.062
    lifetime: 9.10006
    annual_cost: 13.962765080669799
    efficiency: 0.799261
    discharge_ratio: 5
    depth_of_discharge: 0.5
  VRBF:
    cost: 233.701
    lifetime: 27.6757
    annual_cost: 8.444266992343463
    efficiency: 0.681163
    discharge_ratio: 0.5
    depth_of_discharge: 1.0
