cost_values:
  wind_capex: 5000.0
  wind_opex: 100
  wind_lifetime: 20
  solar_capex: 1000.0
  solar_opex: 10
  solar_lifetime: 20
  carbon_price: 1.0
timeseries_values:
  load_level: 248123.69508581646
  wind_year: 2019
  solar_year: 2013
  price_year: 2023
  carbon_year: 2023
storage_values:
  CAES:
    cost: 34.0198
    lifetime: 22.0032
    annual_cost: 1.546129653868528
    efficiency: 0.616162
    discharge_ratio: 0.1
    depth_of_discharge: 0.4
  Li-ion:
    cost: 214.891
    lifetime: 22.7787
    annual_cost: 9.433857068226018
    efficiency: 0.965837
    discharge_ratio: 2
    depth_of_discharge: 0.9
  Pb-acid:
    cost: 131.741
    lifetime: 9.12871
    annual_cost: 14.431502369995323
    efficiency: 0.791305
    discharge_ratio: 5
    depth_of_discharge: 0.5
  VRBF:
    cost: 208.266
    lifetime: 26.7102
    annual_cost: 7.797245995911673
    efficiency: 0.662812
    discharge_ratio: 0.5
    depth_of_discharge: 1.0
