cost_values:
  wind_capex: 5000.0
  wind_opex: 100
  wind_lifetime: 20
  solar_capex: 1000.0
  solar_opex: 10
  solar_lifetime: 20
  carbon_price: 1.0
timeseries_values:
  load_level: 248123.69508581646
  wind_year: 2019
  solar_year: 2013
  price_year: 2023
  carbon_year: 2023
storage_values:
  CAES:
    cost: 43.7544
    lifetime: 22.0082
    annual_cost: 1.9880953462800228
    efficiency: 0.615306
    discharge_ratio: 0.1
    depth_of_discharge: 0.4
  Li-ion:
    cost: 205.354
    lifetime: 23.3184
    annual_cost: 8.806521888294222
    efficiency: 0.959502
    discharge_ratio: 2
    depth_of_discharge: 0.9
  Pb-acid:
    cost: 135.592
    lifetime: 9.15412
    annual_cost: 14.81212830943881
    efficiency: 0.765157
    discharge_ratio: 5
    depth_of_discharge: 0.5
  VRBF:
    cost: 245.984
    lifetime: 28.0253
    annual_cost: 8.77721201913985
    efficiency: 0.661693
    discharge_ratio: 0.5
    depth_of_discharge: 1.0
