cost_values:
  wind_capex: 5000.0
  wind_opex: 100
  wind_lifetime: 20
  solar_capex: 1000.0
  solar_opex: 10
  solar_lifetime: 20
  carbon_price: 1.0
timeseries_values:
  load_level: 248123.69508581646
  wind_year: 2019
  solar_year: 2013
  price_year: 2023
  carbon_year: 2023
storage_values:
  CAES:
    cost: 39.9917
    lifetime: 21.8452
    annual_cost: 1.8306859172724446
    efficiency: 0.607534
    discharge_ratio: 0.1
    depth_of_discharge: 0.4
  Li-ion:
    cost: 240.443
    lifetime: 24.7451
    annual_cost: 9.716792415468113
    efficiency: 0.958721
    discharge_ratio: 2
    depth_of_discharge: 0.9
  Pb-acid:
    cost: 143.748
    lifetime: 10.8301
    annual_cost: 13.273007636125243
    efficiency: 0.773358
    discharge_ratio: 5
    depth_of_discharge: 0.5
  VRBF:
    cost: 223.233
    lifetime: 29.3195
    annual_cost: 7.613806511025086
    efficiency: 0.669759
    discharge_ratio: 0.5
    depth_of_discharge: 1.0
