cost_values:
  wind_capex: 5000.0
  wind_opex: 100
  wind_lifetime: 20
  solar_capex: 1000.0
  solar_opex: 10
  solar_lifetime: 20
  carbon_price: 1.0
timeseries_values:
  load_level: 248123.69508581646
  wind_year: 2019
  solar_year: 2013
  price_year: 2023
  carbon_year: 2023
storage_values:
  CAES:
    cost: 36.7442
    lifetime: 22.5892
    annual_cost: 1.626626883643511
    efficiency: 0.6126
    discharge_ratio: 0.1
    depth_of_discharge: 0.4
  Li-ion:
    cost: 225.75
    lifetime: 25.4006
    annual_cost: 8.887585332629937
    efficiency: 0.968069
    discharge_ratio: 2
    depth_of_discharge: 0.9
  Pb-acid:
    cost: 136.084
    lifetime: 10.2761
    annual_cost: 13.24276719767227
    efficiency: 0.779523
    discharge_ratio: 5
    depth_of_discharge: 0.5
  VRBF:
    cost: 228.62
    lifetime: 27.0341
    annual_cost: 8.456726874576924
    efficiency: 0.686609
    discharge_ratio: 0.5
    depth_of_discharge: 1.0
