cost_values:
  wind_capex: 5000.0
  wind_opex: 100
  wind_lifetime: 20
  solar_capex: 1000.0
  solar_opex: 10
  solar_lifetime: 20
  carbon_price: 1.0
timeseries_values:
  load_level: 248123.69508581646
  wind_year: 2019
  solar_year: 2013
  price_year: 2023
  carbon_year: 2023
storage_values:
  CAES:
    cost: 34.5145
    lifetime: 23.0323
    annual_cost: 1.4985259830759412
    efficiency: 0.607217
    discharge_ratio: 0.1
    depth_of_discharge: 0.4
  Li-ion:
    cost: 209.552
    lifetime: 21.2081
    annual_cost: 9.880753108482136
    efficiency: 0.9813
    discharge_ratio: 2
    depth_of_discharge: 0.9
  Pb-acid:
    cost: 147.363
    lifetime: 11.1031
    annual_cost: 13.272239284524142
    efficiency: 0.761654
    discharge_ratio: 5
    depth_of_discharge: 0.5
  VRBF:
    cost: 246.431
    lifetime: 28.5999
    annual_cost: 8.61649865908622
    efficiency: 0.682087
    discharge_ratio: 0.5
    depth_of_discharge: 1.0
