cost_values:
  wind_capex: 5000.0
  wind_opex: 100
  wind_lifetime: 20
  solar_capex: 1000.0
  solar_opex: 10
  solar_lifetime: 20
  carbon_price: 1.0
timeseries_values:
  load_level: 248123.69508581646
  wind_year: 2019
  solar_year: 2013
  price_year: 2023
  carbon_year: 2023
storage_values:
  CAES:
    cost: 39.6714
    lifetime: 21.7041
    annual_cost: 1.8278297648831325
    efficiency: 0.616223
    discharge_ratio: 0.1
    depth_of_discharge: 0.4
  Li-ion:
    cost: 235.279
    lifetime: 24.6569
    annual_cost: 9.542115999983777
    efficiency: 0.975194
    discharge_ratio: 2
    depth_of_discharge: 0.9
  Pb-acid:
    cost: 152.688
    lifetime: 9.47912
    annual_cost: 16.107824355003416
    efficiency: 0.790929
    discharge_ratio: 5
    depth_of_discharge: 0.5
  VRBF:
    cost: 231.364
    lifetime: 28.4559
    annual_cost: 8.13061614638792
    efficiency: 0.672008
    discharge_ratio: 0.5
    depth_of_discharge: 1.0
