cost_values:
  wind_capex: 5000.0
  wind_opex: 100
  wind_lifetime: 20
  solar_capex: 1000.0
  solar_opex: 10
  solar_lifetime: 20
  carbon_price: 1.0
timeseries_values:
  load_level: 248123.69508581646
  wind_year: 2019
  solar_year: 2013
  price_year: 2023
  carbon_year: 2023
storage_values:
  CAES:
    cost: 43.5881
    lifetime: 20.8012
    annual_cost: 2.0954608387977616
    efficiency: 0.608188
    discharge_ratio: 0.1
    depth_of_discharge: 0.4
  Li-ion:
    cost: 221.186
    lifetime: 23.2003
    annual_cost: 9.533756029016867
    efficiency: 0.961239
    discharge_ratio: 2
    depth_of_discharge: 0.9
  Pb-acid:
    cost: 157.055
    lifetime: 10.8052
    annual_cost: 14.535131233109986
    efficiency: 0.785207
    discharge_ratio: 5
    depth_of_discharge: 0.5
  VRBF:
    cost: 218.784
    lifetime: 29.5173
    annual_cost: 7.4120600461424315
    efficiency: 0.676537
    discharge_ratio: 0.5
    depth_of_discharge: 1.0
