cost_values:
  wind_capex: 5000.0
  wind_opex: 100
  wind_lifetime: 20
  solar_capex: 1000.0
  solar_opex: 10
  solar_lifetime: 20
  carbon_price: 1.0
timeseries_values:
  load_level: 248123.69508581646
  wind_year: 2019
  solar_year: 2013
  price_year: 2023
  carbon_year: 2023
storage_values:
  CAES:
    cost: 34.3426
    lifetime: 22.6065
    annual_cost: 1.5191471479441752
    efficiency: 0.617345
    discharge_ratio: 0.1
    depth_of_discharge: 0.4
  Li-ion:
    cost: 213.928
    lifetime: 23.0405
    annual_cost: 9.28486794991428
    efficiency: 0.957745
    discharge_ratio: 2
    depth_of_discharge: 0.9
  Pb-acid:
    cost: 153.42
    lifetime: 9.10068
    annual_cost: 16.858080934611475
    efficiency: 0.779888
    discharge_ratio: 5
    depth_of_discharge: 0.5
  VRBF:
    cost: 210.149
    lifetime: 27.3984
    annual_cost: 7.670119423032002
    efficiency: 0.667015
    discharge_ratio: 0.5
    depth_of_discharge: 1.0
