cost_values:
  wind_capex: 5000.0
  wind_opex: 100
  wind_lifetime: 20
  solar_capex: 1000.0
  solar_opex: 10
  solar_lifetime: 20
  carbon_price: 1.0
timeseries_values:
  load_level: 248123.69508581646
  wind_year: 2019
  solar_year: 2013
  price_year: 2023
  carbon_year: 2023
storage_values:
  CAES:
    cost: 43.5347
    lifetime: 21.7305
    annual_cost: 2.0033915464439382
    efficiency: 0.613351
    discharge_ratio: 0.1
    depth_of_discharge: 0.4
  Li-ion:
    cost: 219.79
    lifetime: 23.4737
    annual_cost: 9.36324482292949
    efficiency: 0.965255
    discharge_ratio: 2
    depth_of_discharge: 0.9
  Pb-acid:
    cost: 143.37
    lifetime: 9.87926
    annual_cost: 14.512220550931952
    efficiency: 0.784082
    discharge_ratio: 5
    depth_of_discharge: 0.5
  VRBF:
    cost: 237.369
    lifetime: 27.3777
    annual_cost: 8.670158559703701
    efficiency: 0.675924
    discharge_ratio: 0.5
    depth_of_discharge: 1.0
