cost_values:
  wind_capex: 5000.0
  wind_opex: 100
  wind_lifetime: 20
  solar_capex: 1000.0
  solar_opex: 10
  solar_lifetime: 20
  carbon_price: 1.0
timeseries_values:
  load_level: 248123.69508581646
  wind_year: 2019
  solar_year: 2013
  price_year: 2023
  carbon_year: 2023
storage_values:
  CAES:
    cost: 43.5615
    lifetime: 21.8418
    annual_cost: 1.9944098013899956
    efficiency: 0.609497
    discharge_ratio: 0.1
    depth_of_discharge: 0.4
  Li-ion:
    cost: 217.49
    lifetime: 24.2319
    annual_cost: 8.975358927694487
    efficiency: 0.962022
    discharge_ratio: 2
    depth_of_discharge: 0.9
  Pb-acid:
    cost: 130.969
    lifetime: 10.8228
    annual_cost: 12.101212255608528
    efficiency: 0.778813
    discharge_ratio: 5
    depth_of_discharge: 0.5
  VRBF:
    cost: 244.316
    lifetime: 26.8356
    annual_cost: 9.10417505105159
    efficiency: 0.676395
    discharge_ratio: 0.5
    depth_of_discharge: 1.0
