cost_values:
  wind_capex: 5000.0
  wind_opex: 100
  wind_lifetime: 20
  solar_capex: 1000.0
  solar_opex: 10
  solar_lifetime: 20
  carbon_price: 1.0
timeseries_values:
  load_level: 248123.69508581646
  wind_year: 2019
  solar_year: 2013
  price_year: 2023
  carbon_year: 2023
storage_values:
  CAES:
    cost: 42.2071
    lifetime: 21.4328
    annual_cost: 1.9692760628569295
    efficiency: 0.601802
    discharge_ratio: 0.1
    depth_of_discharge: 0.4
  Li-ion:
    cost: 209.791
    lifetime: 23.5789
    annual_cost: 8.897404034963463
    efficiency: 0.968969
    discharge_ratio: 2
    depth_of_discharge: 0.9
  Pb-acid:
    cost: 155.758
    lifetime: 8.06114
    annual_cost: 19.322080995988163
    efficiency: 0.781453
    discharge_ratio: 5
    depth_of_discharge: 0.5
  VRBF:
    cost: 251.183
    lifetime: 29.6201
    annual_cost: 8.480153679427145
    efficiency: 0.67993
    discharge_ratio: 0.5
    depth_of_discharge: 1.0
