cost_values:
  wind_capex: 5000.0
  wind_opex: 100
  wind_lifetime: 20
  solar_capex: 1000.0
  solar_opex: 10
  solar_lifetime: 20
  carbon_price: 1.0
timeseries_values:
  load_level: 248123.69508581646
  wind_year: 2019
  solar_year: 2013
  price_year: 2023
  carbon_year: 2023
storage_values:
  CAES:
    cost: 46.8812
    lifetime: 21.8764
    annual_cost: 2.143003419209742
    efficiency: 0.611161
    discharge_ratio: 0.1
    depth_of_discharge: 0.4
  Li-ion:
    cost: 222.682
    lifetime: 23.9448
    annual_cost: 9.299806220974908
    efficiency: 0.968145
    discharge_ratio: 2
    depth_of_discharge: 0.9
  Pb-acid:
    cost: 136.609
    lifetime: 11.1073
    annual_cost: 12.299028566798412
    efficiency: 0.767527
    discharge_ratio: 5
    depth_of_discharge: 0.5
  VRBF:
    cost: 211.71
    lifetime: 27.3675
    annual_cost: 7.735818032337627
    efficiency: 0.686492
    discharge_ratio: 0.5
    depth_of_discharge: 1.0
