cost_values:
  wind_capex: 5000.0
  wind_opex: 100
  wind_lifetime: 20
  solar_capex: 1000.0
  solar_opex: 10
  solar_lifetime: 20
  carbon_price: 1.0
timeseries_values:
  load_level: 248123.69508581646
  wind_year: 2019
  solar_year: 2013
  price_year: 2023
  carbon_year: 2023
storage_values:
  CAES:
    cost: 37.5906
    lifetime: 21.6395
    annual_cost: 1.737128861572587
    efficiency: 0.606292
    discharge_ratio: 0.1
    depth_of_discharge: 0.4
  Li-ion:
    cost: 247.26
    lifetime: 23.5697
    annual_cost: 10.490587491567563
    efficiency: 0.966295
    discharge_ratio: 2
    depth_of_discharge: 0.9
  Pb-acid:
    cost: 151.234
    lifetime: 10.8356
    annual_cost: 13.957141275056298
    efficiency: 0.775143
    discharge_ratio: 5
    depth_of_discharge: 0.5
  VRBF:
    cost: 265.989
    lifetime: 28.5702
    annual_cost: 9.310015330659217
    efficiency: 0.676367
    discharge_ratio: 0.5
    depth_of_discharge: 1.0
