cost_values:
  wind_capex: 5000.0
  wind_opex: 100
  wind_lifetime: 20
  solar_capex: 1000.0
  solar_opex: 10
  solar_lifetime: 20
  carbon_price: 1.0
timeseries_values:
  load_level: 248123.69508581646
  wind_year: 2019
  solar_year: 2013
  price_year: 2023
  carbon_year: 2023
storage_values:
  CAES:
    cost: 37.4274
    lifetime: 21.7789
    annual_cost: 1.7185165458310565
    efficiency: 0.616427
    discharge_ratio: 0.1
    depth_of_discharge: 0.4
  Li-ion:
    cost: 219.078
    lifetime: 21.8908
    annual_cost: 10.007765819430995
    efficiency: 0.985252
    discharge_ratio: 2
    depth_of_discharge: 0.9
  Pb-acid:
    cost: 154.542
    lifetime: 9.63855
    annual_cost: 16.033739514761038
    efficiency: 0.782879
    discharge_ratio: 5
    depth_of_discharge: 0.5
  VRBF:
    cost: 250.888
    lifetime: 28.3708
    annual_cost: 8.84317678740113
    efficiency: 0.671477
    discharge_ratio: 0.5
    depth_of_discharge: 1.0
