cost_values:
  wind_capex: 5000.0
  wind_opex: 100
  wind_lifetime: 20
  solar_capex: 1000.0
  solar_opex: 10
  solar_lifetime: 20
  carbon_price: 1.0
timeseries_values:
  load_level: 248123.69508581646
  wind_year: 2019
  solar_year: 2013
  price_year: 2023
  carbon_year: 2023
storage_values:
  CAES:
    cost: 45.2475
    lifetime: 22.8338
    annual_cost: 1.9816018358748873
    efficiency: 0.598984
    discharge_ratio: 0.1
    depth_of_discharge: 0.4
  Li-ion:
    cost: 207.099
    lifetime: 22.3138
    annual_cost: 9.281207145353996
    efficiency: 0.951653
    discharge_ratio: 2
    depth_of_discharge: 0.9
  Pb-acid:
    cost: 147.554
    lifetime: 9.45028
    annual_cost: 15.613717265520176
    efficiency: 0.792499
    discharge_ratio: 5
    depth_of_discharge: 0.5
  VRBF:
    cost: 222.876
    lifetime: 26.9331
    annual_cost: 8.275170700736268
    efficiency: 0.679044
    discharge_ratio: 0.5
    depth_of_discharge: 1.0
