cost_values:
  wind_capex: 5000.0
  wind_opex: 100
  wind_lifetime: 20
  solar_capex: 1000.0
  solar_opex: 10
  solar_lifetime: 20
  carbon_price: 1.0
timeseries_values:
  load_level: 248123.69508581646
  wind_year: 2019
  solar_year: 2013
  price_year: 2023
  carbon_year: 2023
storage_values:
  CAES:
    cost: 41.6221
    lifetime: 22.3905
    annual_cost: 1.858917844621603
    efficiency: 0.602174
    discharge_ratio: 0.1
    depth_of_discharge: 0.4
  Li-ion:
    cost: 227.337
    lifetime: 23.4956
    annual_cost: 9.675726519007814
    efficiency: 0.964766
    discharge_ratio: 2
    depth_of_discharge: 0.9
  Pb-acid:
    cost: 133.002
    lifetime: 8.72154
    annual_cost: 15.249829731905148
    efficiency: 0.772255
    discharge_ratio: 5
    depth_of_discharge: 0.5
  VRBF:
    cost: 217.321
    lifetime: 28.1689
    annual_cost: 7.714926745453319
    efficiency: 0.679596
    discharge_ratio: 0.5
    depth_of_discharge: 1.0
