cost_values:
  wind_capex: 5000.0
  wind_opex: 100
  wind_lifetime: 20
  solar_capex: 1000.0
  solar_opex: 10
  solar_lifetime: 20
  carbon_price: 1.0
timeseries_values:
  load_level: 248123.69508581646
  wind_year: 2019
  solar_year: 2013
  price_year: 2023
  carbon_year: 2023
storage_values:
  CAES:
    cost: 41.4207
    lifetime: 22.4857
    annual_cost: 1.8420907510106421
    efficiency: 0.613054
    discharge_ratio: 0.1
    depth_of_discharge: 0.4
  Li-ion:
    cost: 232.292
    lifetime: 25.435
    annual_cost: 9.13276980538628
    efficiency: 0.963209
    discharge_ratio: 2
    depth_of_discharge: 0.9
  Pb-acid:
    cost: 151.418
    lifetime: 10.3335
    annual_cost: 14.65311849808874
    efficiency: 0.777228
    discharge_ratio: 5
    depth_of_discharge: 0.5
  VRBF:
    cost: 202.123
    lifetime: 29.3153
    annual_cost: 6.894795550446354
    efficiency: 0.685446
    discharge_ratio: 0.5
    depth_of_discharge: 1.0
