cost_values:
  wind_capex: 5000.0
  wind_opex: 100
  wind_lifetime: 20
  solar_capex: 1000.0
  solar_opex: 10
  solar_lifetime: 20
  carbon_price: 1.0
timeseries_values:
  load_level: 248123.69508581646
  wind_year: 2019
  solar_year: 2013
  price_year: 2023
  carbon_year: 2023
storage_values:
  CAES:
    cost: 44.0575
    lifetime: 21.5456
    annual_cost: 2.0448490643101143
    efficiency: 0.60773
    discharge_ratio: 0.1
    depth_of_discharge: 0.4
  Li-ion:
    cost: 244.562
    lifetime: 22.8974
    annual_cost: 10.680775983299414
    efficiency: 0.964237
    discharge_ratio: 2
    depth_of_discharge: 0.9
  Pb-acid:
    cost: 135.642
    lifetime: 10.0192
    annual_cost: 13.538206643244969
    efficiency: 0.77912
    discharge_ratio: 5
    depth_of_discharge: 0.5
  VRBF:
    cost: 227.459
    lifetime: 28.1906
    annual_cost: 8.068611522989933
    efficiency: 0.689517
    discharge_ratio: 0.5
    depth_of_discharge: 1.0
