cost_values:
  wind_capex: 5000.0
  wind_opex: 100
  wind_lifetime: 20
  solar_capex: 1000.0
  solar_opex: 10
  solar_lifetime: 20
  carbon_price: 1.0
timeseries_values:
  load_level: 248123.69508581646
  wind_year: 2019
  solar_year: 2013
  price_year: 2023
  carbon_year: 2023
storage_values:
  CAES:
    cost: 47.689
    lifetime: 22.0433
    annual_cost: 2.163423806780292
    efficiency: 0.613361
    discharge_ratio: 0.1
    depth_of_discharge: 0.4
  Li-ion:
    cost: 201.928
    lifetime: 23.7147
    annual_cost: 8.51488739052149
    efficiency: 0.969839
    discharge_ratio: 2
    depth_of_discharge: 0.9
  Pb-acid:
    cost: 125.88
    lifetime: 10.4143
    annual_cost: 12.087226217796681
    efficiency: 0.779221
    discharge_ratio: 5
    depth_of_discharge: 0.5
  VRBF:
    cost: 208.193
    lifetime: 29.8443
    annual_cost: 6.975971961145009
    efficiency: 0.669181
    discharge_ratio: 0.5
    depth_of_discharge: 1.0
