cost_values:
  wind_capex: 5000.0
  wind_opex: 100
  wind_lifetime: 20
  solar_capex: 1000.0
  solar_opex: 10
  solar_lifetime: 20
  carbon_price: 1.0
timeseries_values:
  load_level: 248123.69508581646
  wind_year: 2019
  solar_year: 2013
  price_year: 2023
  carbon_year: 2023
storage_values:
  CAES:
    cost: 42.2684
    lifetime: 22.469
    annual_cost: 1.881187413770083
    efficiency: 0.610545
    discharge_ratio: 0.1
    depth_of_discharge: 0.4
  Li-ion:
    cost: 229.226
    lifetime: 23.5502
    annual_cost: 9.733505447936748
    efficiency: 0.967187
    discharge_ratio: 2
    depth_of_discharge: 0.9
  Pb-acid:
    cost: 127.988
    lifetime: 9.84041
    annual_cost: 13.006368637079145
    efficiency: 0.790083
    discharge_ratio: 5
    depth_of_discharge: 0.5
  VRBF:
    cost: 215.591
    lifetime: 29.6553
    annual_cost: 7.269897792300196
    efficiency: 0.67302
    discharge_ratio: 0.5
    depth_of_discharge: 1.0
