cost_values:
  wind_capex: 5000.0
  wind_opex: 100
  wind_lifetime: 20
  solar_capex: 1000.0
  solar_opex: 10
  solar_lifetime: 20
  carbon_price: 1.0
timeseries_values:
  load_level: 248123.69508581646
  wind_year: 2019
  solar_year: 2013
  price_year: 2023
  carbon_year: 2023
storage_values:
  CAES:
    cost: 40.4041
    lifetime: 22.384
    annual_cost: 1.8050437812723374
    efficiency: 0.619342
    discharge_ratio: 0.1
    depth_of_discharge: 0.4
  Li-ion:
    cost: 226.141
    lifetime: 23.0515
    annual_cost: 9.810250959807387
    efficiency: 0.956463
    discharge_ratio: 2
    depth_of_discharge: 0.9
  Pb-acid:
    cost: 160.051
    lifetime: 9.66174
    annual_cost: 16.565442663536793
    efficiency: 0.782348
    discharge_ratio: 5
    depth_of_discharge: 0.5
  VRBF:
    cost: 232.236
    lifetime: 28.2441
    annual_cost: 8.222460620094107
    efficiency: 0.683286
    discharge_ratio: 0.5
    depth_of_discharge: 1.0
