cost_values:
  wind_capex: 5000.0
  wind_opex: 100
  wind_lifetime: 20
  solar_capex: 1000.0
  solar_opex: 10
  solar_lifetime: 20
  carbon_price: 1.0
timeseries_values:
  load_level: 248123.69508581646
  wind_year: 2019
  solar_year: 2013
  price_year: 2023
  carbon_year: 2023
storage_values:
  CAES:
    cost: 43.1345
    lifetime: 21.5067
    annual_cost: 2.0056308034240495
    efficiency: 0.606533
    discharge_ratio: 0.1
    depth_of_discharge: 0.4
  Li-ion:
    cost: 228.584
    lifetime: 24.5131
    annual_cost: 9.324973177607076
    efficiency: 0.959657
    discharge_ratio: 2
    depth_of_discharge: 0.9
  Pb-acid:
    cost: 146.258
    lifetime: 10.0034
    annual_cost: 14.620828918167826
    efficiency: 0.770453
    discharge_ratio: 5
    depth_of_discharge: 0.5
  VRBF:
    cost: 220.968
    lifetime: 27.5074
    annual_cost: 8.033038382398917
    efficiency: 0.673572
    discharge_ratio: 0.5
    depth_of_discharge: 1.0
