cost_values:
  wind_capex: 5000.0
  wind_opex: 100
  wind_lifetime: 20
  solar_capex: 1000.0
  solar_opex: 10
  solar_lifetime: 20
  carbon_price: 1.0
timeseries_values:
  load_level: 248123.69508581646
  wind_year: 2019
  solar_year: 2013
  price_year: 2023
  carbon_year: 2023
storage_values:
  CAES:
    cost: 45.5289
    lifetime: 22.7413
    annual_cost: 2.002035943415724
    efficiency: 0.612596
    discharge_ratio: 0.1
    depth_of_discharge: 0.4
  Li-ion:
    cost: 229.775
    lifetime: 23.9277
    annual_cost: 9.602887030512752
    efficiency: 0.964611
    discharge_ratio: 2
    depth_of_discharge: 0.9
  Pb-acid:
    cost: 137.129
    lifetime: 9.9186
    annual_cost: 13.82543907406287
    efficiency: 0.785662
    discharge_ratio: 5
    depth_of_discharge: 0.5
  VRBF:
    cost: 259.3
    lifetime: 29.8168
    annual_cost: 8.696439591103003
    efficiency: 0.708806
    discharge_ratio: 0.5
    depth_of_discharge: 1.0
