cost_values:
  wind_capex: 5000.0
  wind_opex: 100
  wind_lifetime: 20
  solar_capex: 1000.0
  solar_opex: 10
  solar_lifetime: 20
  carbon_price: 1.0
timeseries_values:
  load_level: 248123.69508581646
  wind_year: 2019
  solar_year: 2013
  price_year: 2023
  carbon_year: 2023
storage_values:
  CAES:
    cost: 36.4967
    lifetime: 21.9897
    annual_cost: 1.6597179588625584
    efficiency: 0.61372
    discharge_ratio: 0.1
    depth_of_discharge: 0.4
  Li-ion:
    cost: 229.545
    lifetime: 23.295
    annual_cost: 9.853831294269154
    efficiency: 0.961134
    discharge_ratio: 2
    depth_of_discharge: 0.9
  Pb-acid:
    cost: 146.128
    lifetime: 9.39648
    annual_cost: 15.5513554011715
    efficiency: 0.788624
    discharge_ratio: 5
    depth_of_discharge: 0.5
  VRBF:
    cost: 262.911
    lifetime: 28.9546
    annual_cost: 9.08011162302363
    efficiency: 0.687995
    discharge_ratio: 0.5
    depth_of_discharge: 1.0
