cost_values:
  wind_capex: 5000.0
  wind_opex: 100
  wind_lifetime: 20
  solar_capex: 1000.0
  solar_opex: 10
  solar_lifetime: 20
  carbon_price: 1.0
timeseries_values:
  load_level: 248123.69508581646
  wind_year: 2019
  solar_year: 2013
  price_year: 2023
  carbon_year: 2023
storage_values:
  CAES:
    cost: 39.8066
    lifetime: 22.9223
    annual_cost: 1.7365883877272352
    efficiency: 0.608221
    discharge_ratio: 0.1
    depth_of_discharge: 0.4
  Li-ion:
    cost: 216.039
    lifetime: 24.3373
    annual_cost: 8.876868017405382
    efficiency: 0.965047
    discharge_ratio: 2
    depth_of_discharge: 0.9
  Pb-acid:
    cost: 146.661
    lifetime: 10.5149
    annual_cost: 13.947921520889404
    efficiency: 0.78431
    discharge_ratio: 5
    depth_of_discharge: 0.5
  VRBF:
    cost: 274.688
    lifetime: 29.8371
    annual_cost: 9.206256640223078
    efficiency: 0.658801
    discharge_ratio: 0.5
    depth_of_discharge: 1.0
