cost_values:
  wind_capex: 5000.0
  wind_opex: 100
  wind_lifetime: 20
  solar_capex: 1000.0
  solar_opex: 10
  solar_lifetime: 20
  carbon_price: 1.0
timeseries_values:
  load_level: 248123.69508581646
  wind_year: 2019
  solar_year: 2013
  price_year: 2023
  carbon_year: 2023
storage_values:
  CAES:
    cost: 43.8928
    lifetime: 22.2962
    annual_cost: 1.9686224558444938
    efficiency: 0.612553
    discharge_ratio: 0.1
    depth_of_discharge: 0.4
  Li-ion:
    cost: 223.544
    lifetime: 24.8094
    annual_cost: 9.01045571436633
    efficiency: 0.974851
    discharge_ratio: 2
    depth_of_discharge: 0.9
  Pb-acid:
    cost: 112.892
    lifetime: 8.0048
    annual_cost: 14.103038177093744
    efficiency: 0.766041
    discharge_ratio: 5
    depth_of_discharge: 0.5
  VRBF:
    cost: 247.91
    lifetime: 28.4981
    annual_cost: 8.699176436323825
    efficiency: 0.665056
    discharge_ratio: 0.5
    depth_of_discharge: 1.0
