cost_values:
  wind_capex: 5000.0
  wind_opex: 100
  wind_lifetime: 20
  solar_capex: 1000.0
  solar_opex: 10
  solar_lifetime: 20
  carbon_price: 1.0
timeseries_values:
  load_level: 248123.69508581646
  wind_year: 2019
  solar_year: 2013
  price_year: 2023
  carbon_year: 2023
storage_values:
  CAES:
    cost: 34.6533
    lifetime: 22.0246
    annual_cost: 1.5733906631675492
    efficiency: 0.605709
    discharge_ratio: 0.1
    depth_of_discharge: 0.4
  Li-ion:
    cost: 197.471
    lifetime: 24.4259
    annual_cost: 8.084492280734795
    efficiency: 0.982418
    discharge_ratio: 2
    depth_of_discharge: 0.9
  Pb-acid:
    cost: 158.472
    lifetime: 11.8554
    annual_cost: 13.367073232451036
    efficiency: 0.781565
    discharge_ratio: 5
    depth_of_discharge: 0.5
  VRBF:
    cost: 230.324
    lifetime: 27.9334
    annual_cost: 8.245469581218185
    efficiency: 0.671636
    discharge_ratio: 0.5
    depth_of_discharge: 1.0
