cost_values:
  wind_capex: 5000.0
  wind_opex: 100
  wind_lifetime: 20
  solar_capex: 1000.0
  solar_opex: 10
  solar_lifetime: 20
  carbon_price: 1.0
timeseries_values:
  load_level: 226322.87609349302
  wind_year: 2011
  solar_year: 2016
  price_year: 2023
  carbon_year: 2023
storage_values:
  CAES:
    cost: 52.394
    lifetime: 20.7506
    annual_cost: 2.5249390379073375
    efficiency: 0.584127
    discharge_ratio: 0.1
    depth_of_discharge: 0.4
  Li-ion:
    cost: 187.391
    lifetime: 21.3718
    annual_cost: 8.768143067032257
    efficiency: 0.864342
    discharge_ratio: 2
    depth_of_discharge: 0.9
  Pb-acid:
    cost: 55.2775
    lifetime: 14.9915
    annual_cost: 3.687256111796685
    efficiency: 0.718291
    discharge_ratio: 5
    depth_of_discharge: 0.5
  VRBF:
    cost: 288.88
    lifetime: 14.3774
    annual_cost: 20.092645401811176
    efficiency: 0.705793
    discharge_ratio: 0.5
    depth_of_discharge: 1.0
