cost_values:
  wind_capex: 5000.0
  wind_opex: 100
  wind_lifetime: 20
  solar_capex: 1000.0
  solar_opex: 10
  solar_lifetime: 20
  carbon_price: 1.0
timeseries_values:
  load_level: 226322.87609349302
  wind_year: 2011
  solar_year: 2016
  price_year: 2023
  carbon_year: 2023
storage_values:
  CAES:
    cost: 65.5257
    lifetime: 21.2746
    annual_cost: 3.0799968037001872
    efficiency: 0.572301
    discharge_ratio: 0.1
    depth_of_discharge: 0.4
  Li-ion:
    cost: 182.332
    lifetime: 22.8448
    annual_cost: 7.981334920857263
    efficiency: 0.8623
    discharge_ratio: 2
    depth_of_discharge: 0.9
  Pb-acid:
    cost: 78.4913
    lifetime: 15.0646
    annual_cost: 5.210314246644451
    efficiency: 0.719733
    discharge_ratio: 5
    depth_of_discharge: 0.5
  VRBF:
    cost: 263.354
    lifetime: 15.7475
    annual_cost: 16.72354341959041
    efficiency: 0.710637
    discharge_ratio: 0.5
    depth_of_discharge: 1.0
