cost_values:
  wind_capex: 5000.0
  wind_opex: 100
  wind_lifetime: 20
  solar_capex: 1000.0
  solar_opex: 10
  solar_lifetime: 20
  carbon_price: 1.0
timeseries_values:
  load_level: 226322.87609349302
  wind_year: 2011
  solar_year: 2016
  price_year: 2023
  carbon_year: 2023
storage_values:
  CAES:
    cost: 59.9543
    lifetime: 22.1515
    annual_cost: 2.7065571180281247
    efficiency: 0.577847
    discharge_ratio: 0.1
    depth_of_discharge: 0.4
  Li-ion:
    cost: 176.789
    lifetime: 23.302
    annual_cost: 7.586859497038881
    efficiency: 0.855431
    discharge_ratio: 2
    depth_of_discharge: 0.9
  Pb-acid:
    cost: 81.3976
    lifetime: 14.3529
    annual_cost: 5.67116053201792
    efficiency: 0.717459
    discharge_ratio: 5
    depth_of_discharge: 0.5
  VRBF:
    cost: 276.426
    lifetime: 14.0772
    annual_cost: 19.636433381638394
    efficiency: 0.718664
    discharge_ratio: 0.5
    depth_of_discharge: 1.0
