cost_values:
  wind_capex: 5000.0
  wind_opex: 100
  wind_lifetime: 20
  solar_capex: 1000.0
  solar_opex: 10
  solar_lifetime: 20
  carbon_price: 1.0
timeseries_values:
  load_level: 226322.87609349302
  wind_year: 2011
  solar_year: 2016
  price_year: 2023
  carbon_year: 2023
storage_values:
  CAES:
    cost: 63.7168
    lifetime: 21.4209
    annual_cost: 2.9745155432311434
    efficiency: 0.59145
    discharge_ratio: 0.1
    depth_of_discharge: 0.4
  Li-ion:
    cost: 165.301
    lifetime: 21.8115
    annual_cost: 7.578616784723655
    efficiency: 0.862083
    discharge_ratio: 2
    depth_of_discharge: 0.9
  Pb-acid:
    cost: 66.0707
    lifetime: 16.0161
    annual_cost: 4.125267699377501
    efficiency: 0.72411
    discharge_ratio: 5
    depth_of_discharge: 0.5
  VRBF:
    cost: 287.083
    lifetime: 16.2748
    annual_cost: 17.639725219357537
    efficiency: 0.705887
    discharge_ratio: 0.5
    depth_of_discharge: 1.0
