cost_values:
  wind_capex: 5000.0
  wind_opex: 100
  wind_lifetime: 20
  solar_capex: 1000.0
  solar_opex: 10
  solar_lifetime: 20
  carbon_price: 1.0
timeseries_values:
  load_level: 226322.87609349302
  wind_year: 2011
  solar_year: 2016
  price_year: 2023
  carbon_year: 2023
storage_values:
  CAES:
    cost: 62.5368
    lifetime: 20.5298
    annual_cost: 3.046147551364358
    efficiency: 0.583511
    discharge_ratio: 0.1
    depth_of_discharge: 0.4
  Li-ion:
    cost: 207.577
    lifetime: 21.1117
    annual_cost: 9.832320466850135
    efficiency: 0.876228
    discharge_ratio: 2
    depth_of_discharge: 0.9
  Pb-acid:
    cost: 51.3185
    lifetime: 15.2499
    annual_cost: 3.3651696076695585
    efficiency: 0.724689
    discharge_ratio: 5
    depth_of_discharge: 0.5
  VRBF:
    cost: 256.164
    lifetime: 14.3771
    annual_cost: 17.817501443267417
    efficiency: 0.72322
    discharge_ratio: 0.5
    depth_of_discharge: 1.0
