cost_values:
  wind_capex: 5000.0
  wind_opex: 100
  wind_lifetime: 20
  solar_capex: 1000.0
  solar_opex: 10
  solar_lifetime: 20
  carbon_price: 1.0
timeseries_values:
  load_level: 226322.87609349302
  wind_year: 2011
  solar_year: 2016
  price_year: 2023
  carbon_year: 2023
storage_values:
  CAES:
    cost: 54.4811
    lifetime: 21.636
    annual_cost: 2.5180763542244406
    efficiency: 0.588591
    discharge_ratio: 0.1
    depth_of_discharge: 0.4
  Li-ion:
    cost: 173.249
    lifetime: 20.6163
    annual_cost: 8.403496262665948
    efficiency: 0.862712
    discharge_ratio: 2
    depth_of_discharge: 0.9
  Pb-acid:
    cost: 98.0668
    lifetime: 14.4362
    annual_cost: 6.793117302337181
    efficiency: 0.716576
    discharge_ratio: 5
    depth_of_discharge: 0.5
  VRBF:
    cost: 268.348
    lifetime: 15.8315
    annual_cost: 16.95025739822506
    efficiency: 0.719517
    discharge_ratio: 0.5
    depth_of_discharge: 1.0
