cost_values:
  wind_capex: 5000.0
  wind_opex: 100
  wind_lifetime: 20
  solar_capex: 1000.0
  solar_opex: 10
  solar_lifetime: 20
  carbon_price: 1.0
timeseries_values:
  load_level: 226322.87609349302
  wind_year: 2011
  solar_year: 2016
  price_year: 2023
  carbon_year: 2023
storage_values:
  CAES:
    cost: 53.1429
    lifetime: 21.6955
    annual_cost: 2.4494895254776337
    efficiency: 0.582503
    discharge_ratio: 0.1
    depth_of_discharge: 0.4
  Li-ion:
    cost: 169.012
    lifetime: 21.4574
    annual_cost: 7.876629973808569
    efficiency: 0.85752
    discharge_ratio: 2
    depth_of_discharge: 0.9
  Pb-acid:
    cost: 71.6344
    lifetime: 12.7033
    annual_cost: 5.639038674989963
    efficiency: 0.713531
    discharge_ratio: 5
    depth_of_discharge: 0.5
  VRBF:
    cost: 279.249
    lifetime: 14.1652
    annual_cost: 19.713735069042443
    efficiency: 0.693733
    discharge_ratio: 0.5
    depth_of_discharge: 1.0
