cost_values:
  wind_capex: 5000.0
  wind_opex: 100
  wind_lifetime: 20
  solar_capex: 1000.0
  solar_opex: 10
  solar_lifetime: 20
  carbon_price: 1.0
timeseries_values:
  load_level: 226322.87609349302
  wind_year: 2011
  solar_year: 2016
  price_year: 2023
  carbon_year: 2023
storage_values:
  CAES:
    cost: 53.1981
    lifetime: 22.6011
    annual_cost: 2.353783665396817
    efficiency: 0.576932
    discharge_ratio: 0.1
    depth_of_discharge: 0.4
  Li-ion:
    cost: 182.869
    lifetime: 21.5607
    annual_cost: 8.481589187735091
    efficiency: 0.858589
    discharge_ratio: 2
    depth_of_discharge: 0.9
  Pb-acid:
    cost: 53.2236
    lifetime: 14.1068
    annual_cost: 3.7729038477897183
    efficiency: 0.707659
    discharge_ratio: 5
    depth_of_discharge: 0.5
  VRBF:
    cost: 256.954
    lifetime: 15.6757
    annual_cost: 16.391867667791548
    efficiency: 0.671297
    discharge_ratio: 0.5
    depth_of_discharge: 1.0
