cost_values:
  wind_capex: 5000.0
  wind_opex: 100
  wind_lifetime: 20
  solar_capex: 1000.0
  solar_opex: 10
  solar_lifetime: 20
  carbon_price: 1.0
timeseries_values:
  load_level: 226322.87609349302
  wind_year: 2011
  solar_year: 2016
  price_year: 2023
  carbon_year: 2023
storage_values:
  CAES:
    cost: 58.4238
    lifetime: 20.6325
    annual_cost: 2.8316394038531443
    efficiency: 0.574179
    discharge_ratio: 0.1
    depth_of_discharge: 0.4
  Li-ion:
    cost: 188.076
    lifetime: 22.8131
    annual_cost: 8.244210563229021
    efficiency: 0.853178
    discharge_ratio: 2
    depth_of_discharge: 0.9
  Pb-acid:
    cost: 65.6864
    lifetime: 15.8856
    annual_cost: 4.1349649997482
    efficiency: 0.710725
    discharge_ratio: 5
    depth_of_discharge: 0.5
  VRBF:
    cost: 257.856
    lifetime: 13.6414
    annual_cost: 18.902458691923115
    efficiency: 0.692585
    discharge_ratio: 0.5
    depth_of_discharge: 1.0
