cost_values:
  wind_capex: 5000.0
  wind_opex: 100
  wind_lifetime: 20
  solar_capex: 1000.0
  solar_opex: 10
  solar_lifetime: 20
  carbon_price: 1.0
timeseries_values:
  load_level: 226322.87609349302
  wind_year: 2011
  solar_year: 2016
  price_year: 2023
  carbon_year: 2023
storage_values:
  CAES:
    cost: 62.4485
    lifetime: 21.6219
    annual_cost: 2.888205939348531
    efficiency: 0.580427
    discharge_ratio: 0.1
    depth_of_discharge: 0.4
  Li-ion:
    cost: 185.15
    lifetime: 21.5372
    annual_cost: 8.596753524134986
    efficiency: 0.854119
    discharge_ratio: 2
    depth_of_discharge: 0.9
  Pb-acid:
    cost: 59.9992
    lifetime: 14.8367
    annual_cost: 4.043972042300512
    efficiency: 0.7237
    discharge_ratio: 5
    depth_of_discharge: 0.5
  VRBF:
    cost: 255.724
    lifetime: 12.976
    annual_cost: 19.70745992601726
    efficiency: 0.700679
    discharge_ratio: 0.5
    depth_of_discharge: 1.0
