cost_values:
  wind_capex: 5000.0
  wind_opex: 100
  wind_lifetime: 20
  solar_capex: 1000.0
  solar_opex: 10
  solar_lifetime: 20
  carbon_price: 1.0
timeseries_values:
  load_level: 226322.87609349302
  wind_year: 2011
  solar_year: 2016
  price_year: 2023
  carbon_year: 2023
storage_values:
  CAES:
    cost: 58.1341
    lifetime: 21.8762
    annual_cost: 2.6574130790539487
    efficiency: 0.580898
    discharge_ratio: 0.1
    depth_of_discharge: 0.4
  Li-ion:
    cost: 185.595
    lifetime: 21.7158
    annual_cost: 8.546542149034343
    efficiency: 0.853099
    discharge_ratio: 2
    depth_of_discharge: 0.9
  Pb-acid:
    cost: 79.7669
    lifetime: 14.1486
    annual_cost: 5.637794552111163
    efficiency: 0.720437
    discharge_ratio: 5
    depth_of_discharge: 0.5
  VRBF:
    cost: 254.482
    lifetime: 12.3576
    annual_cost: 20.593157247361948
    efficiency: 0.698907
    discharge_ratio: 0.5
    depth_of_discharge: 1.0
