cost_values:
  wind_capex: 5000.0
  wind_opex: 100
  wind_lifetime: 20
  solar_capex: 1000.0
  solar_opex: 10
  solar_lifetime: 20
  carbon_price: 1.0
timeseries_values:
  load_level: 226322.87609349302
  wind_year: 2011
  solar_year: 2016
  price_year: 2023
  carbon_year: 2023
storage_values:
  CAES:
    cost: 62.6644
    lifetime: 21.6434
    annual_cost: 2.8953121967897837
    efficiency: 0.589193
    discharge_ratio: 0.1
    depth_of_discharge: 0.4
  Li-ion:
    cost: 180.36
    lifetime: 22.5441
    annual_cost: 8.000319374026908
    efficiency: 0.858445
    discharge_ratio: 2
    depth_of_discharge: 0.9
  Pb-acid:
    cost: 57.6022
    lifetime: 15.1802
    annual_cost: 3.7945613364777806
    efficiency: 0.720054
    discharge_ratio: 5
    depth_of_discharge: 0.5
  VRBF:
    cost: 267.887
    lifetime: 14.5595
    annual_cost: 18.399464267316873
    efficiency: 0.703862
    discharge_ratio: 0.5
    depth_of_discharge: 1.0
