cost_values:
  wind_capex: 5000.0
  wind_opex: 100
  wind_lifetime: 20
  solar_capex: 1000.0
  solar_opex: 10
  solar_lifetime: 20
  carbon_price: 1.0
timeseries_values:
  load_level: 226322.87609349302
  wind_year: 2011
  solar_year: 2016
  price_year: 2023
  carbon_year: 2023
storage_values:
  CAES:
    cost: 56.9509
    lifetime: 21.3461
    annual_cost: 2.6679768201217082
    efficiency: 0.586829
    discharge_ratio: 0.1
    depth_of_discharge: 0.4
  Li-ion:
    cost: 191.259
    lifetime: 22.5748
    annual_cost: 8.472234526994702
    efficiency: 0.851723
    discharge_ratio: 2
    depth_of_discharge: 0.9
  Pb-acid:
    cost: 70.5227
    lifetime: 16.0213
    annual_cost: 4.401808841979116
    efficiency: 0.710058
    discharge_ratio: 5
    depth_of_discharge: 0.5
  VRBF:
    cost: 268.816
    lifetime: 13.4678
    annual_cost: 19.959904364484174
    efficiency: 0.682766
    discharge_ratio: 0.5
    depth_of_discharge: 1.0
