cost_values:
  wind_capex: 5000.0
  wind_opex: 100
  wind_lifetime: 20
  solar_capex: 1000.0
  solar_opex: 10
  solar_lifetime: 20
  carbon_price: 1.0
timeseries_values:
  load_level: 226322.87609349302
  wind_year: 2011
  solar_year: 2016
  price_year: 2023
  carbon_year: 2023
storage_values:
  CAES:
    cost: 51.4309
    lifetime: 22.4139
    annual_cost: 2.294598441145896
    efficiency: 0.586621
    discharge_ratio: 0.1
    depth_of_discharge: 0.4
  Li-ion:
    cost: 186.532
    lifetime: 21.5075
    annual_cost: 8.672881552946647
    efficiency: 0.860223
    discharge_ratio: 2
    depth_of_discharge: 0.9
  Pb-acid:
    cost: 103.985
    lifetime: 15.1679
    annual_cost: 6.855596358098353
    efficiency: 0.707096
    discharge_ratio: 5
    depth_of_discharge: 0.5
  VRBF:
    cost: 244.107
    lifetime: 16.6847
    annual_cost: 14.6305897019425
    efficiency: 0.686366
    discharge_ratio: 0.5
    depth_of_discharge: 1.0
