cost_values:
  wind_capex: 5000.0
  wind_opex: 100
  wind_lifetime: 20
  solar_capex: 1000.0
  solar_opex: 10
  solar_lifetime: 20
  carbon_price: 1.0
timeseries_values:
  load_level: 226322.87609349302
  wind_year: 2011
  solar_year: 2016
  price_year: 2023
  carbon_year: 2023
storage_values:
  CAES:
    cost: 63.7208
    lifetime: 21.6291
    annual_cost: 2.946068028720566
    efficiency: 0.583513
    discharge_ratio: 0.1
    depth_of_discharge: 0.4
  Li-ion:
    cost: 166.473
    lifetime: 21.1087
    annual_cost: 7.886463875084682
    efficiency: 0.862613
    discharge_ratio: 2
    depth_of_discharge: 0.9
  Pb-acid:
    cost: 68.695
    lifetime: 13.9837
    annual_cost: 4.912505273997582
    efficiency: 0.715937
    discharge_ratio: 5
    depth_of_discharge: 0.5
  VRBF:
    cost: 268.433
    lifetime: 14.38
    annual_cost: 18.667107093184978
    efficiency: 0.696793
    discharge_ratio: 0.5
    depth_of_discharge: 1.0
