cost_values:
  wind_capex: 5000.0
  wind_opex: 100
  wind_lifetime: 20
  solar_capex: 1000.0
  solar_opex: 10
  solar_lifetime: 20
  carbon_price: 1.0
timeseries_values:
  load_level: 226322.87609349302
  wind_year: 2011
  solar_year: 2016
  price_year: 2023
  carbon_year: 2023
storage_values:
  CAES:
    cost: 51.8612
    lifetime: 22.1844
    annual_cost: 2.3377328212617874
    efficiency: 0.585594
    discharge_ratio: 0.1
    depth_of_discharge: 0.4
  Li-ion:
    cost: 183.36
    lifetime: 21.2509
    annual_cost: 8.62834044675755
    efficiency: 0.861439
    discharge_ratio: 2
    depth_of_discharge: 0.9
  Pb-acid:
    cost: 82.9386
    lifetime: 13.4675
    annual_cost: 6.158425839985149
    efficiency: 0.732699
    discharge_ratio: 5
    depth_of_discharge: 0.5
  VRBF:
    cost: 272.526
    lifetime: 14.9021
    annual_cost: 18.287758101207213
    efficiency: 0.689936
    discharge_ratio: 0.5
    depth_of_discharge: 1.0
