cost_values:
  wind_capex: 5000.0
  wind_opex: 100
  wind_lifetime: 20
  solar_capex: 1000.0
  solar_opex: 10
  solar_lifetime: 20
  carbon_price: 1.0
timeseries_values:
  load_level: 226322.87609349302
  wind_year: 2011
  solar_year: 2016
  price_year: 2023
  carbon_year: 2023
storage_values:
  CAES:
    cost: 56.8725
    lifetime: 21.4362
    annual_cost: 2.6531054944439783
    efficiency: 0.59095
    discharge_ratio: 0.1
    depth_of_discharge: 0.4
  Li-ion:
    cost: 170.631
    lifetime: 22.8225
    annual_cost: 7.47643772592836
    efficiency: 0.851498
    discharge_ratio: 2
    depth_of_discharge: 0.9
  Pb-acid:
    cost: 77.0557
    lifetime: 14.2848
    annual_cost: 5.394244231630824
    efficiency: 0.722243
    discharge_ratio: 5
    depth_of_discharge: 0.5
  VRBF:
    cost: 249.448
    lifetime: 14.8897
    annual_cost: 16.75305748268938
    efficiency: 0.679628
    discharge_ratio: 0.5
    depth_of_discharge: 1.0
