cost_values:
  wind_capex: 5000.0
  wind_opex: 100
  wind_lifetime: 20
  solar_capex: 1000.0
  solar_opex: 10
  solar_lifetime: 20
  carbon_price: 1.0
timeseries_values:
  load_level: 226322.87609349302
  wind_year: 2011
  solar_year: 2016
  price_year: 2023
  carbon_year: 2023
storage_values:
  CAES:
    cost: 60.8115
    lifetime: 20.0702
    annual_cost: 3.0299399109126965
    efficiency: 0.586967
    discharge_ratio: 0.1
    depth_of_discharge: 0.4
  Li-ion:
    cost: 184.965
    lifetime: 22.6741
    annual_cost: 8.157545393201936
    efficiency: 0.863665
    discharge_ratio: 2
    depth_of_discharge: 0.9
  Pb-acid:
    cost: 96.6735
    lifetime: 15.2185
    annual_cost: 6.352367184676545
    efficiency: 0.70878
    discharge_ratio: 5
    depth_of_discharge: 0.5
  VRBF:
    cost: 284.4
    lifetime: 14.7893
    annual_cost: 19.230119072572737
    efficiency: 0.715379
    discharge_ratio: 0.5
    depth_of_discharge: 1.0
