cost_values:
  wind_capex: 5000.0
  wind_opex: 100
  wind_lifetime: 20
  solar_capex: 1000.0
  solar_opex: 10
  solar_lifetime: 20
  carbon_price: 1.0
timeseries_values:
  load_level: 226322.87609349302
  wind_year: 2011
  solar_year: 2016
  price_year: 2023
  carbon_year: 2023
storage_values:
  CAES:
    cost: 57.9125
    lifetime: 21.5353
    annual_cost: 2.6891893774407603
    efficiency: 0.586493
    discharge_ratio: 0.1
    depth_of_discharge: 0.4
  Li-ion:
    cost: 165.835
    lifetime: 23.4415
    annual_cost: 7.074419299106286
    efficiency: 0.856258
    discharge_ratio: 2
    depth_of_discharge: 0.9
  Pb-acid:
    cost: 72.6962
    lifetime: 13.7167
    annual_cost: 5.299831592146799
    efficiency: 0.71879
    discharge_ratio: 5
    depth_of_discharge: 0.5
  VRBF:
    cost: 263.077
    lifetime: 13.8022
    annual_cost: 19.060512092275147
    efficiency: 0.701725
    discharge_ratio: 0.5
    depth_of_discharge: 1.0
