cost_values:
  wind_capex: 5000.0
  wind_opex: 100
  wind_lifetime: 20
  solar_capex: 1000.0
  solar_opex: 10
  solar_lifetime: 20
  carbon_price: 1.0
timeseries_values:
  load_level: 226322.87609349302
  wind_year: 2011
  solar_year: 2016
  price_year: 2023
  carbon_year: 2023
storage_values:
  CAES:
    cost: 61.9534
    lifetime: 21.6185
    annual_cost: 2.8657584938825544
    efficiency: 0.591229
    discharge_ratio: 0.1
    depth_of_discharge: 0.4
  Li-ion:
    cost: 159.95
    lifetime: 22.2118
    annual_cost: 7.201127328717168
    efficiency: 0.869158
    discharge_ratio: 2
    depth_of_discharge: 0.9
  Pb-acid:
    cost: 76.9996
    lifetime: 15.2877
    annual_cost: 5.036702708713541
    efficiency: 0.712543
    discharge_ratio: 5
    depth_of_discharge: 0.5
  VRBF:
    cost: 319.837
    lifetime: 16.0526
    annual_cost: 19.924311326514083
    efficiency: 0.727732
    discharge_ratio: 0.5
    depth_of_discharge: 1.0
