cost_values:
  wind_capex: 5000.0
  wind_opex: 100
  wind_lifetime: 20
  solar_capex: 1000.0
  solar_opex: 10
  solar_lifetime: 20
  carbon_price: 1.0
timeseries_values:
  load_level: 226322.87609349302
  wind_year: 2011
  solar_year: 2016
  price_year: 2023
  carbon_year: 2023
storage_values:
  CAES:
    cost: 52.3207
    lifetime: 20.7325
    annual_cost: 2.5236078620523332
    efficiency: 0.580332
    discharge_ratio: 0.1
    depth_of_discharge: 0.4
  Li-ion:
    cost: 161.146
    lifetime: 21.5506
    annual_cost: 7.477564429760656
    efficiency: 0.857951
    discharge_ratio: 2
    depth_of_discharge: 0.9
  Pb-acid:
    cost: 69.5419
    lifetime: 14.6515
    annual_cost: 4.746401392348906
    efficiency: 0.716568
    discharge_ratio: 5
    depth_of_discharge: 0.5
  VRBF:
    cost: 281.788
    lifetime: 15.8024
    annual_cost: 17.831974889890144
    efficiency: 0.712337
    discharge_ratio: 0.5
    depth_of_discharge: 1.0
