cost_values:
  wind_capex: 5000.0
  wind_opex: 100
  wind_lifetime: 20
  solar_capex: 1000.0
  solar_opex: 10
  solar_lifetime: 20
  carbon_price: 1.0
timeseries_values:
  load_level: 226322.87609349302
  wind_year: 2011
  solar_year: 2016
  price_year: 2023
  carbon_year: 2023
storage_values:
  CAES:
    cost: 58.0027
    lifetime: 22.0396
    annual_cost: 2.631749215049275
    efficiency: 0.58391
    discharge_ratio: 0.1
    depth_of_discharge: 0.4
  Li-ion:
    cost: 174.56
    lifetime: 23.6159
    annual_cost: 7.391630215236345
    efficiency: 0.860844
    discharge_ratio: 2
    depth_of_discharge: 0.9
  Pb-acid:
    cost: 73.314
    lifetime: 15.3107
    annual_cost: 4.788415944404893
    efficiency: 0.714054
    discharge_ratio: 5
    depth_of_discharge: 0.5
  VRBF:
    cost: 257.589
    lifetime: 15.0231
    annual_cost: 17.14619485991573
    efficiency: 0.701056
    discharge_ratio: 0.5
    depth_of_discharge: 1.0
