cost_values:
  wind_capex: 5000.0
  wind_opex: 100
  wind_lifetime: 20
  solar_capex: 1000.0
  solar_opex: 10
  solar_lifetime: 20
  carbon_price: 1.0
timeseries_values:
  load_level: 226322.87609349302
  wind_year: 2011
  solar_year: 2016
  price_year: 2023
  carbon_year: 2023
storage_values:
  CAES:
    cost: 52.3739
    lifetime: 21.6395
    annual_cost: 2.420291596386238
    efficiency: 0.586232
    discharge_ratio: 0.1
    depth_of_discharge: 0.4
  Li-ion:
    cost: 214.059
    lifetime: 21.3556
    annual_cost: 10.02355354099159
    efficiency: 0.856279
    discharge_ratio: 2
    depth_of_discharge: 0.9
  Pb-acid:
    cost: 68.3854
    lifetime: 14.5066
    annual_cost: 4.714088759599079
    efficiency: 0.732473
    discharge_ratio: 5
    depth_of_discharge: 0.5
  VRBF:
    cost: 289.026
    lifetime: 13.3421
    annual_cost: 21.66270677029853
    efficiency: 0.727369
    discharge_ratio: 0.5
    depth_of_discharge: 1.0
