cost_values:
  wind_capex: 5000.0
  wind_opex: 100
  wind_lifetime: 20
  solar_capex: 1000.0
  solar_opex: 10
  solar_lifetime: 20
  carbon_price: 1.0
timeseries_values:
  load_level: 226322.87609349302
  wind_year: 2011
  solar_year: 2016
  price_year: 2023
  carbon_year: 2023
storage_values:
  CAES:
    cost: 62.1589
    lifetime: 20.9466
    annual_cost: 2.9674935311697364
    efficiency: 0.581055
    discharge_ratio: 0.1
    depth_of_discharge: 0.4
  Li-ion:
    cost: 189.676
    lifetime: 21.8326
    annual_cost: 8.687742183706934
    efficiency: 0.853268
    discharge_ratio: 2
    depth_of_discharge: 0.9
  Pb-acid:
    cost: 68.7241
    lifetime: 15.8554
    annual_cost: 4.334428648914566
    efficiency: 0.724109
    discharge_ratio: 5
    depth_of_discharge: 0.5
  VRBF:
    cost: 275.606
    lifetime: 15.8117
    annual_cost: 17.430510318308595
    efficiency: 0.691714
    discharge_ratio: 0.5
    depth_of_discharge: 1.0
