cost_values:
  wind_capex: 5000.0
  wind_opex: 100
  wind_lifetime: 20
  solar_capex: 1000.0
  solar_opex: 10
  solar_lifetime: 20
  carbon_price: 1.0
timeseries_values:
  load_level: 226322.87609349302
  wind_year: 2011
  solar_year: 2016
  price_year: 2023
  carbon_year: 2023
storage_values:
  CAES:
    cost: 55.7481
    lifetime: 20.9768
    annual_cost: 2.657607452042256
    efficiency: 0.591497
    discharge_ratio: 0.1
    depth_of_discharge: 0.4
  Li-ion:
    cost: 199.644
    lifetime: 24.5777
    annual_cost: 8.12297326438194
    efficiency: 0.870927
    discharge_ratio: 2
    depth_of_discharge: 0.9
  Pb-acid:
    cost: 88.2976
    lifetime: 14.3847
    annual_cost: 6.138299721231586
    efficiency: 0.721401
    discharge_ratio: 5
    depth_of_discharge: 0.5
  VRBF:
    cost: 286.713
    lifetime: 14.4991
    annual_cost: 19.774537729928067
    efficiency: 0.699943
    discharge_ratio: 0.5
    depth_of_discharge: 1.0
