cost_values:
  wind_capex: 5000.0
  wind_opex: 100
  wind_lifetime: 20
  solar_capex: 1000.0
  solar_opex: 10
  solar_lifetime: 20
  carbon_price: 1.0
timeseries_values:
  load_level: 226322.87609349302
  wind_year: 2011
  solar_year: 2016
  price_year: 2023
  carbon_year: 2023
storage_values:
  CAES:
    cost: 53.7696
    lifetime: 21.2968
    annual_cost: 2.5247736749182974
    efficiency: 0.59681
    discharge_ratio: 0.1
    depth_of_discharge: 0.4
  Li-ion:
    cost: 173.204
    lifetime: 21.7351
    annual_cost: 7.96886142690855
    efficiency: 0.880431
    discharge_ratio: 2
    depth_of_discharge: 0.9
  Pb-acid:
    cost: 72.9476
    lifetime: 14.6367
    annual_cost: 4.9838829790868155
    efficiency: 0.71168
    discharge_ratio: 5
    depth_of_discharge: 0.5
  VRBF:
    cost: 271.661
    lifetime: 15.3528
    annual_cost: 17.69455734458861
    efficiency: 0.7115
    discharge_ratio: 0.5
    depth_of_discharge: 1.0
