cost_values:
  wind_capex: 5000.0
  wind_opex: 100
  wind_lifetime: 20
  solar_capex: 1000.0
  solar_opex: 10
  solar_lifetime: 20
  carbon_price: 1.0
timeseries_values:
  load_level: 226322.87609349302
  wind_year: 2011
  solar_year: 2016
  price_year: 2023
  carbon_year: 2023
storage_values:
  CAES:
    cost: 66.4172
    lifetime: 21.4177
    annual_cost: 3.101042595610173
    efficiency: 0.572276
    discharge_ratio: 0.1
    depth_of_discharge: 0.4
  Li-ion:
    cost: 199.176
    lifetime: 24.148
    annual_cost: 8.248136491634918
    efficiency: 0.872247
    discharge_ratio: 2
    depth_of_discharge: 0.9
  Pb-acid:
    cost: 63.5738
    lifetime: 14.694
    annual_cost: 4.326514223492581
    efficiency: 0.713467
    discharge_ratio: 5
    depth_of_discharge: 0.5
  VRBF:
    cost: 263.683
    lifetime: 13.3559
    annual_cost: 19.742810293578117
    efficiency: 0.715976
    discharge_ratio: 0.5
    depth_of_discharge: 1.0
