cost_values:
  wind_capex: 5000.0
  wind_opex: 100
  wind_lifetime: 20
  solar_capex: 1000.0
  solar_opex: 10
  solar_lifetime: 20
  carbon_price: 1.0
timeseries_values:
  load_level: 226322.87609349302
  wind_year: 2011
  solar_year: 2016
  price_year: 2023
  carbon_year: 2023
storage_values:
  CAES:
    cost: 63.7474
    lifetime: 20.4894
    annual_cost: 3.111238005993343
    efficiency: 0.58729
    discharge_ratio: 0.1
    depth_of_discharge: 0.4
  Li-ion:
    cost: 162.899
    lifetime: 21.7965
    annual_cost: 7.473631087559929
    efficiency: 0.860036
    discharge_ratio: 2
    depth_of_discharge: 0.9
  Pb-acid:
    cost: 81.5609
    lifetime: 13.225
    annual_cost: 6.167175803402647
    efficiency: 0.715429
    discharge_ratio: 5
    depth_of_discharge: 0.5
  VRBF:
    cost: 283.768
    lifetime: 14.2594
    annual_cost: 19.900416567316995
    efficiency: 0.711553
    discharge_ratio: 0.5
    depth_of_discharge: 1.0
