cost_values:
  wind_capex: 5000.0
  wind_opex: 100
  wind_lifetime: 20
  solar_capex: 1000.0
  solar_opex: 10
  solar_lifetime: 20
  carbon_price: 1.0
timeseries_values:
  load_level: 226322.87609349302
  wind_year: 2011
  solar_year: 2016
  price_year: 2023
  carbon_year: 2023
storage_values:
  CAES:
    cost: 54.7731
    lifetime: 21.9216
    annual_cost: 2.4985904313553755
    efficiency: 0.588632
    discharge_ratio: 0.1
    depth_of_discharge: 0.4
  Li-ion:
    cost: 187.024
    lifetime: 22.3254
    annual_cost: 8.377184731292608
    efficiency: 0.860191
    discharge_ratio: 2
    depth_of_discharge: 0.9
  Pb-acid:
    cost: 54.5391
    lifetime: 15.2174
    annual_cost: 3.5839959520023132
    efficiency: 0.724856
    discharge_ratio: 5
    depth_of_discharge: 0.5
  VRBF:
    cost: 261.833
    lifetime: 13.6094
    annual_cost: 19.239128837421195
    efficiency: 0.682144
    discharge_ratio: 0.5
    depth_of_discharge: 1.0
