cost_values:
  wind_capex: 5000.0
  wind_opex: 100
  wind_lifetime: 20
  solar_capex: 1000.0
  solar_opex: 10
  solar_lifetime: 20
  carbon_price: 1.0
timeseries_values:
  load_level: 226322.87609349302
  wind_year: 2011
  solar_year: 2016
  price_year: 2023
  carbon_year: 2023
storage_values:
  CAES:
    cost: 58.9724
    lifetime: 22.1418
    annual_cost: 2.6633968331391307
    efficiency: 0.586183
    discharge_ratio: 0.1
    depth_of_discharge: 0.4
  Li-ion:
    cost: 180.698
    lifetime: 21.5887
    annual_cost: 8.37002691222723
    efficiency: 0.851028
    discharge_ratio: 2
    depth_of_discharge: 0.9
  Pb-acid:
    cost: 63.2024
    lifetime: 14.8085
    annual_cost: 4.267981226998008
    efficiency: 0.72352
    discharge_ratio: 5
    depth_of_discharge: 0.5
  VRBF:
    cost: 255.568
    lifetime: 16.1139
    annual_cost: 15.860095942012796
    efficiency: 0.694709
    discharge_ratio: 0.5
    depth_of_discharge: 1.0
