cost_values:
  wind_capex: 5000.0
  wind_opex: 100
  wind_lifetime: 20
  solar_capex: 1000.0
  solar_opex: 10
  solar_lifetime: 20
  carbon_price: 1.0
timeseries_values:
  load_level: 226322.87609349302
  wind_year: 2011
  solar_year: 2016
  price_year: 2023
  carbon_year: 2023
storage_values:
  CAES:
    cost: 51.4792
    lifetime: 20.8697
    annual_cost: 2.466695735923372
    efficiency: 0.585482
    discharge_ratio: 0.1
    depth_of_discharge: 0.4
  Li-ion:
    cost: 177.953
    lifetime: 21.4697
    annual_cost: 8.28856481459918
    efficiency: 0.863325
    discharge_ratio: 2
    depth_of_discharge: 0.9
  Pb-acid:
    cost: 67.3406
    lifetime: 14.4289
    annual_cost: 4.667064017354059
    efficiency: 0.721645
    discharge_ratio: 5
    depth_of_discharge: 0.5
  VRBF:
    cost: 266.432
    lifetime: 13.288
    annual_cost: 20.05057194461168
    efficiency: 0.688027
    discharge_ratio: 0.5
    depth_of_discharge: 1.0
