cost_values:
  wind_capex: 5000.0
  wind_opex: 100
  wind_lifetime: 20
  solar_capex: 1000.0
  solar_opex: 10
  solar_lifetime: 20
  carbon_price: 1.0
timeseries_values:
  load_level: 226322.87609349302
  wind_year: 2011
  solar_year: 2016
  price_year: 2023
  carbon_year: 2023
storage_values:
  CAES:
    cost: 61.7806
    lifetime: 21.6162
    annual_cost: 2.8580694109047844
    efficiency: 0.585777
    discharge_ratio: 0.1
    depth_of_discharge: 0.4
  Li-ion:
    cost: 169.536
    lifetime: 22.8057
    annual_cost: 7.433930990936476
    efficiency: 0.862552
    discharge_ratio: 2
    depth_of_discharge: 0.9
  Pb-acid:
    cost: 78.1835
    lifetime: 14.2662
    annual_cost: 5.480331132326758
    efficiency: 0.705046
    discharge_ratio: 5
    depth_of_discharge: 0.5
  VRBF:
    cost: 290.728
    lifetime: 13.9076
    annual_cost: 20.904253789295062
    efficiency: 0.708354
    discharge_ratio: 0.5
    depth_of_discharge: 1.0
