cost_values:
  wind_capex: 5000.0
  wind_opex: 100
  wind_lifetime: 20
  solar_capex: 1000.0
  solar_opex: 10
  solar_lifetime: 20
  carbon_price: 1.0
timeseries_values:
  load_level: 226322.87609349302
  wind_year: 2011
  solar_year: 2016
  price_year: 2023
  carbon_year: 2023
storage_values:
  CAES:
    cost: 49.7399
    lifetime: 21.2978
    annual_cost: 2.3354477927297657
    efficiency: 0.579939
    discharge_ratio: 0.1
    depth_of_discharge: 0.4
  Li-ion:
    cost: 169.881
    lifetime: 22.7822
    annual_cost: 7.456742544618167
    efficiency: 0.851929
    discharge_ratio: 2
    depth_of_discharge: 0.9
  Pb-acid:
    cost: 80.6395
    lifetime: 13.4402
    annual_cost: 5.999873513786997
    efficiency: 0.71125
    discharge_ratio: 5
    depth_of_discharge: 0.5
  VRBF:
    cost: 255.939
    lifetime: 14.7746
    annual_cost: 17.322905527053187
    efficiency: 0.696663
    discharge_ratio: 0.5
    depth_of_discharge: 1.0
