cost_values:
  wind_capex: 5000.0
  wind_opex: 100
  wind_lifetime: 20
  solar_capex: 1000.0
  solar_opex: 10
  solar_lifetime: 20
  carbon_price: 1.0
timeseries_values:
  load_level: 226322.87609349302
  wind_year: 2011
  solar_year: 2016
  price_year: 2023
  carbon_year: 2023
storage_values:
  CAES:
    cost: 56.6737
    lifetime: 21.8942
    annual_cost: 2.588525728275068
    efficiency: 0.584935
    discharge_ratio: 0.1
    depth_of_discharge: 0.4
  Li-ion:
    cost: 173.262
    lifetime: 21.8769
    annual_cost: 7.919860674958518
    efficiency: 0.850275
    discharge_ratio: 2
    depth_of_discharge: 0.9
  Pb-acid:
    cost: 77.3775
    lifetime: 14.0333
    annual_cost: 5.513849201542046
    efficiency: 0.715448
    discharge_ratio: 5
    depth_of_discharge: 0.5
  VRBF:
    cost: 291.506
    lifetime: 16.5121
    annual_cost: 17.65408397478213
    efficiency: 0.698793
    discharge_ratio: 0.5
    depth_of_discharge: 1.0
