cost_values:
  wind_capex: 5000.0
  wind_opex: 100
  wind_lifetime: 20
  solar_capex: 1000.0
  solar_opex: 10
  solar_lifetime: 20
  carbon_price: 1.0
timeseries_values:
  load_level: 226322.87609349302
  wind_year: 2011
  solar_year: 2016
  price_year: 2023
  carbon_year: 2023
storage_values:
  CAES:
    cost: 58.1226
    lifetime: 22.0436
    annual_cost: 2.636710882070079
    efficiency: 0.580759
    discharge_ratio: 0.1
    depth_of_discharge: 0.4
  Li-ion:
    cost: 199.993
    lifetime: 21.4826
    annual_cost: 9.309534227700556
    efficiency: 0.858006
    discharge_ratio: 2
    depth_of_discharge: 0.9
  Pb-acid:
    cost: 74.5769
    lifetime: 15.9493
    annual_cost: 4.675872922322609
    efficiency: 0.721275
    discharge_ratio: 5
    depth_of_discharge: 0.5
  VRBF:
    cost: 229.587
    lifetime: 14.7273
    annual_cost: 15.589211871829866
    efficiency: 0.690826
    discharge_ratio: 0.5
    depth_of_discharge: 1.0
