cost_values:
  wind_capex: 5000.0
  wind_opex: 100
  wind_lifetime: 20
  solar_capex: 1000.0
  solar_opex: 10
  solar_lifetime: 20
  carbon_price: 1.0
timeseries_values:
  load_level: 226322.87609349302
  wind_year: 2011
  solar_year: 2016
  price_year: 2023
  carbon_year: 2023
storage_values:
  CAES:
    cost: 51.732
    lifetime: 21.8575
    annual_cost: 2.3667848564565936
    efficiency: 0.59428
    discharge_ratio: 0.1
    depth_of_discharge: 0.4
  Li-ion:
    cost: 192.443
    lifetime: 21.9431
    annual_cost: 8.770091737265929
    efficiency: 0.865624
    discharge_ratio: 2
    depth_of_discharge: 0.9
  Pb-acid:
    cost: 56.9068
    lifetime: 15.2215
    annual_cost: 3.7385802976053606
    efficiency: 0.733593
    discharge_ratio: 5
    depth_of_discharge: 0.5
  VRBF:
    cost: 292.902
    lifetime: 15.7808
    annual_cost: 18.560655987022205
    efficiency: 0.703773
    discharge_ratio: 0.5
    depth_of_discharge: 1.0
