cost_values:
  wind_capex: 5000.0
  wind_opex: 100
  wind_lifetime: 20
  solar_capex: 1000.0
  solar_opex: 10
  solar_lifetime: 20
  carbon_price: 1.0
timeseries_values:
  load_level: 226322.87609349302
  wind_year: 2011
  solar_year: 2016
  price_year: 2023
  carbon_year: 2023
storage_values:
  CAES:
    cost: 57.4311
    lifetime: 20.8646
    annual_cost: 2.7525617553176196
    efficiency: 0.590022
    discharge_ratio: 0.1
    depth_of_discharge: 0.4
  Li-ion:
    cost: 170.264
    lifetime: 21.5721
    annual_cost: 7.892787443039853
    efficiency: 0.858548
    discharge_ratio: 2
    depth_of_discharge: 0.9
  Pb-acid:
    cost: 70.0453
    lifetime: 12.5762
    annual_cost: 5.569671283853628
    efficiency: 0.718135
    discharge_ratio: 5
    depth_of_discharge: 0.5
  VRBF:
    cost: 286.387
    lifetime: 13.0634
    annual_cost: 21.92285316227016
    efficiency: 0.704902
    discharge_ratio: 0.5
    depth_of_discharge: 1.0
