cost_values:
  wind_capex: 5000.0
  wind_opex: 100
  wind_lifetime: 20
  solar_capex: 1000.0
  solar_opex: 10
  solar_lifetime: 20
  carbon_price: 1.0
timeseries_values:
  load_level: 226322.87609349302
  wind_year: 2011
  solar_year: 2016
  price_year: 2023
  carbon_year: 2023
storage_values:
  CAES:
    cost: 61.8048
    lifetime: 20.8278
    annual_cost: 2.9674185463659146
    efficiency: 0.579814
    discharge_ratio: 0.1
    depth_of_discharge: 0.4
  Li-ion:
    cost: 175.828
    lifetime: 22.7509
    annual_cost: 7.728397557898808
    efficiency: 0.862105
    discharge_ratio: 2
    depth_of_discharge: 0.9
  Pb-acid:
    cost: 62.2575
    lifetime: 14.7059
    annual_cost: 4.233504919794096
    efficiency: 0.717202
    discharge_ratio: 5
    depth_of_discharge: 0.5
  VRBF:
    cost: 276.372
    lifetime: 12.5652
    annual_cost: 21.99503390316111
    efficiency: 0.719073
    discharge_ratio: 0.5
    depth_of_discharge: 1.0
