cost_values:
  wind_capex: 5000.0
  wind_opex: 100
  wind_lifetime: 20
  solar_capex: 1000.0
  solar_opex: 10
  solar_lifetime: 20
  carbon_price: 1.0
timeseries_values:
  load_level: 226322.87609349302
  wind_year: 2011
  solar_year: 2016
  price_year: 2023
  carbon_year: 2023
storage_values:
  CAES:
    cost: 66.0421
    lifetime: 21.7616
    annual_cost: 3.034799830894787
    efficiency: 0.579536
    discharge_ratio: 0.1
    depth_of_discharge: 0.4
  Li-ion:
    cost: 171.814
    lifetime: 22.2072
    annual_cost: 7.736860117439389
    efficiency: 0.85733
    discharge_ratio: 2
    depth_of_discharge: 0.9
  Pb-acid:
    cost: 80.6067
    lifetime: 14.7463
    annual_cost: 5.466232207401179
    efficiency: 0.713282
    discharge_ratio: 5
    depth_of_discharge: 0.5
  VRBF:
    cost: 263.035
    lifetime: 14.7553
    annual_cost: 17.826475910350858
    efficiency: 0.710755
    discharge_ratio: 0.5
    depth_of_discharge: 1.0
