cost_values:
  wind_capex: 5000.0
  wind_opex: 100
  wind_lifetime: 20
  solar_capex: 1000.0
  solar_opex: 10
  solar_lifetime: 20
  carbon_price: 1.0
timeseries_values:
  load_level: 226322.87609349302
  wind_year: 2011
  solar_year: 2016
  price_year: 2023
  carbon_year: 2023
storage_values:
  CAES:
    cost: 55.4372
    lifetime: 21.3146
    annual_cost: 2.6009026676550344
    efficiency: 0.584894
    discharge_ratio: 0.1
    depth_of_discharge: 0.4
  Li-ion:
    cost: 156.407
    lifetime: 21.2874
    annual_cost: 7.347397991300018
    efficiency: 0.853269
    discharge_ratio: 2
    depth_of_discharge: 0.9
  Pb-acid:
    cost: 56.018
    lifetime: 13.8695
    annual_cost: 4.038934352355889
    efficiency: 0.711327
    discharge_ratio: 5
    depth_of_discharge: 0.5
  VRBF:
    cost: 269.602
    lifetime: 13.6666
    annual_cost: 19.727071839374823
    efficiency: 0.715279
    discharge_ratio: 0.5
    depth_of_discharge: 1.0
