cost_values:
  wind_capex: 5000.0
  wind_opex: 100
  wind_lifetime: 20
  solar_capex: 1000.0
  solar_opex: 10
  solar_lifetime: 20
  carbon_price: 1.0
timeseries_values:
  load_level: 226322.87609349302
  wind_year: 2011
  solar_year: 2016
  price_year: 2023
  carbon_year: 2023
storage_values:
  CAES:
    cost: 58.8453
    lifetime: 21.3007
    annual_cost: 2.7625993511950315
    efficiency: 0.579935
    discharge_ratio: 0.1
    depth_of_discharge: 0.4
  Li-ion:
    cost: 176.617
    lifetime: 24.4205
    annual_cost: 7.2323253004647725
    efficiency: 0.861932
    discharge_ratio: 2
    depth_of_discharge: 0.9
  Pb-acid:
    cost: 92.5387
    lifetime: 14.4016
    annual_cost: 6.425584657260305
    efficiency: 0.716976
    discharge_ratio: 5
    depth_of_discharge: 0.5
  VRBF:
    cost: 263.207
    lifetime: 12.0462
    annual_cost: 21.849794956085734
    efficiency: 0.706507
    discharge_ratio: 0.5
    depth_of_discharge: 1.0
