cost_values:
  wind_capex: 5000.0
  wind_opex: 100
  wind_lifetime: 20
  solar_capex: 1000.0
  solar_opex: 10
  solar_lifetime: 20
  carbon_price: 1.0
timeseries_values:
  load_level: 226322.87609349302
  wind_year: 2011
  solar_year: 2016
  price_year: 2023
  carbon_year: 2023
storage_values:
  CAES:
    cost: 51.4686
    lifetime: 21.9786
    annual_cost: 2.3417597117195816
    efficiency: 0.592684
    discharge_ratio: 0.1
    depth_of_discharge: 0.4
  Li-ion:
    cost: 179.159
    lifetime: 23.0452
    annual_cost: 7.774243660285005
    efficiency: 0.861624
    discharge_ratio: 2
    depth_of_discharge: 0.9
  Pb-acid:
    cost: 66.2088
    lifetime: 15.005
    annual_cost: 4.412449183605465
    efficiency: 0.711632
    discharge_ratio: 5
    depth_of_discharge: 0.5
  VRBF:
    cost: 289.363
    lifetime: 14.7273
    annual_cost: 19.64806855295947
    efficiency: 0.697915
    discharge_ratio: 0.5
    depth_of_discharge: 1.0
