cost_values:
  wind_capex: 5000.0
  wind_opex: 100
  wind_lifetime: 20
  solar_capex: 1000.0
  solar_opex: 10
  solar_lifetime: 20
  carbon_price: 1.0
timeseries_values:
  load_level: 226322.87609349302
  wind_year: 2011
  solar_year: 2016
  price_year: 2023
  carbon_year: 2023
storage_values:
  CAES:
    cost: 65.4654
    lifetime: 20.9004
    annual_cost: 3.1322558419934547
    efficiency: 0.596516
    discharge_ratio: 0.1
    depth_of_discharge: 0.4
  Li-ion:
    cost: 164.659
    lifetime: 23.1907
    annual_cost: 7.100216897290724
    efficiency: 0.875264
    discharge_ratio: 2
    depth_of_discharge: 0.9
  Pb-acid:
    cost: 63.5309
    lifetime: 15.7488
    annual_cost: 4.034015290053846
    efficiency: 0.728037
    discharge_ratio: 5
    depth_of_discharge: 0.5
  VRBF:
    cost: 255.605
    lifetime: 14.3442
    annual_cost: 17.819397387097222
    efficiency: 0.689495
    discharge_ratio: 0.5
    depth_of_discharge: 1.0
