cost_values:
  wind_capex: 5000.0
  wind_opex: 100
  wind_lifetime: 20
  solar_capex: 1000.0
  solar_opex: 10
  solar_lifetime: 20
  carbon_price: 1.0
timeseries_values:
  load_level: 226322.87609349302
  wind_year: 2011
  solar_year: 2016
  price_year: 2023
  carbon_year: 2023
storage_values:
  CAES:
    cost: 59.2757
    lifetime: 20.4779
    annual_cost: 2.8946181004888194
    efficiency: 0.589013
    discharge_ratio: 0.1
    depth_of_discharge: 0.4
  Li-ion:
    cost: 194.349
    lifetime: 22.6224
    annual_cost: 8.590998302567368
    efficiency: 0.870031
    discharge_ratio: 2
    depth_of_discharge: 0.9
  Pb-acid:
    cost: 94.8567
    lifetime: 15.4041
    annual_cost: 6.157886536701268
    efficiency: 0.723405
    discharge_ratio: 5
    depth_of_discharge: 0.5
  VRBF:
    cost: 285.249
    lifetime: 15.5668
    annual_cost: 18.324189942698563
    efficiency: 0.714468
    discharge_ratio: 0.5
    depth_of_discharge: 1.0
