cost_values:
  wind_capex: 5000.0
  wind_opex: 100
  wind_lifetime: 20
  solar_capex: 1000.0
  solar_opex: 10
  solar_lifetime: 20
  carbon_price: 1.0
timeseries_values:
  load_level: 226322.87609349302
  wind_year: 2011
  solar_year: 2016
  price_year: 2023
  carbon_year: 2023
storage_values:
  CAES:
    cost: 54.2373
    lifetime: 21.2013
    annual_cost: 2.5582063364038996
    efficiency: 0.589453
    discharge_ratio: 0.1
    depth_of_discharge: 0.4
  Li-ion:
    cost: 158.422
    lifetime: 22.4148
    annual_cost: 7.067740956867784
    efficiency: 0.865894
    discharge_ratio: 2
    depth_of_discharge: 0.9
  Pb-acid:
    cost: 67.151
    lifetime: 14.0672
    annual_cost: 4.77358678343949
    efficiency: 0.708678
    discharge_ratio: 5
    depth_of_discharge: 0.5
  VRBF:
    cost: 264.061
    lifetime: 14.6072
    annual_cost: 18.07745495372145
    efficiency: 0.699635
    discharge_ratio: 0.5
    depth_of_discharge: 1.0
