cost_values:
  wind_capex: 5000.0
  wind_opex: 100
  wind_lifetime: 20
  solar_capex: 1000.0
  solar_opex: 10
  solar_lifetime: 20
  carbon_price: 1.0
timeseries_values:
  load_level: 226322.87609349302
  wind_year: 2011
  solar_year: 2016
  price_year: 2023
  carbon_year: 2023
storage_values:
  CAES:
    cost: 66.2166
    lifetime: 22.4746
    annual_cost: 2.9462860295622617
    efficiency: 0.590769
    discharge_ratio: 0.1
    depth_of_discharge: 0.4
  Li-ion:
    cost: 156.72
    lifetime: 22.635
    annual_cost: 6.9237905897945655
    efficiency: 0.864448
    discharge_ratio: 2
    depth_of_discharge: 0.9
  Pb-acid:
    cost: 75.2182
    lifetime: 14.4413
    annual_cost: 5.208547706923891
    efficiency: 0.722249
    discharge_ratio: 5
    depth_of_discharge: 0.5
  VRBF:
    cost: 250.423
    lifetime: 15.5134
    annual_cost: 16.14236724380213
    efficiency: 0.710717
    discharge_ratio: 0.5
    depth_of_discharge: 1.0
