cost_values:
  wind_capex: 5000.0
  wind_opex: 100
  wind_lifetime: 20
  solar_capex: 1000.0
  solar_opex: 10
  solar_lifetime: 20
  carbon_price: 1.0
timeseries_values:
  load_level: 226322.87609349302
  wind_year: 2011
  solar_year: 2016
  price_year: 2023
  carbon_year: 2023
storage_values:
  CAES:
    cost: 56.2706
    lifetime: 21.0288
    annual_cost: 2.6758825991021835
    efficiency: 0.591418
    discharge_ratio: 0.1
    depth_of_discharge: 0.4
  Li-ion:
    cost: 174.782
    lifetime: 21.3763
    annual_cost: 8.17643839205101
    efficiency: 0.856062
    discharge_ratio: 2
    depth_of_discharge: 0.9
  Pb-acid:
    cost: 64.0687
    lifetime: 15.3422
    annual_cost: 4.175978673202018
    efficiency: 0.7298
    discharge_ratio: 5
    depth_of_discharge: 0.5
  VRBF:
    cost: 282.856
    lifetime: 14.7647
    annual_cost: 19.157585321747142
    efficiency: 0.693632
    discharge_ratio: 0.5
    depth_of_discharge: 1.0
