cost_values:
  wind_capex: 5000.0
  wind_opex: 100
  wind_lifetime: 20
  solar_capex: 1000.0
  solar_opex: 10
  solar_lifetime: 20
  carbon_price: 1.0
timeseries_values:
  load_level: 226322.87609349302
  wind_year: 2011
  solar_year: 2016
  price_year: 2023
  carbon_year: 2023
storage_values:
  CAES:
    cost: 58.2612
    lifetime: 22.1396
    annual_cost: 2.6315380585015085
    efficiency: 0.581559
    discharge_ratio: 0.1
    depth_of_discharge: 0.4
  Li-ion:
    cost: 184.49
    lifetime: 23.1326
    annual_cost: 7.975324866206134
    efficiency: 0.865218
    discharge_ratio: 2
    depth_of_discharge: 0.9
  Pb-acid:
    cost: 88.8105
    lifetime: 14.2568
    annual_cost: 6.2293431906178105
    efficiency: 0.724455
    discharge_ratio: 5
    depth_of_discharge: 0.5
  VRBF:
    cost: 270.8
    lifetime: 11.4316
    annual_cost: 23.688722488540538
    efficiency: 0.694168
    discharge_ratio: 0.5
    depth_of_discharge: 1.0
