cost_values:
  wind_capex: 5000.0
  wind_opex: 100
  wind_lifetime: 20
  solar_capex: 1000.0
  solar_opex: 10
  solar_lifetime: 20
  carbon_price: 1.0
timeseries_values:
  load_level: 226322.87609349302
  wind_year: 2011
  solar_year: 2016
  price_year: 2023
  carbon_year: 2023
storage_values:
  CAES:
    cost: 54.2122
    lifetime: 21.759
    annual_cost: 2.491483983638954
    efficiency: 0.582126
    discharge_ratio: 0.1
    depth_of_discharge: 0.4
  Li-ion:
    cost: 169.312
    lifetime: 22.2831
    annual_cost: 7.598224663534248
    efficiency: 0.850266
    discharge_ratio: 2
    depth_of_discharge: 0.9
  Pb-acid:
    cost: 73.1666
    lifetime: 15.3164
    annual_cost: 4.777010263508396
    efficiency: 0.715169
    discharge_ratio: 5
    depth_of_discharge: 0.5
  VRBF:
    cost: 255.729
    lifetime: 12.9406
    annual_cost: 19.76175756920081
    efficiency: 0.706033
    discharge_ratio: 0.5
    depth_of_discharge: 1.0
