cost_values:
  wind_capex: 5000.0
  wind_opex: 100
  wind_lifetime: 20
  solar_capex: 1000.0
  solar_opex: 10
  solar_lifetime: 20
  carbon_price: 1.0
timeseries_values:
  load_level: 226322.87609349302
  wind_year: 2011
  solar_year: 2016
  price_year: 2023
  carbon_year: 2023
storage_values:
  CAES:
    cost: 61.0129
    lifetime: 20.97
    annual_cost: 2.9095326657129235
    efficiency: 0.586247
    discharge_ratio: 0.1
    depth_of_discharge: 0.4
  Li-ion:
    cost: 181.532
    lifetime: 22.7743
    annual_cost: 7.970914583543732
    efficiency: 0.851146
    discharge_ratio: 2
    depth_of_discharge: 0.9
  Pb-acid:
    cost: 64.768
    lifetime: 15.8081
    annual_cost: 4.097140073759655
    efficiency: 0.709731
    discharge_ratio: 5
    depth_of_discharge: 0.5
  VRBF:
    cost: 247.822
    lifetime: 14.0233
    annual_cost: 17.672159905300465
    efficiency: 0.702422
    discharge_ratio: 0.5
    depth_of_discharge: 1.0
