cost_values:
  wind_capex: 5000.0
  wind_opex: 100
  wind_lifetime: 20
  solar_capex: 1000.0
  solar_opex: 10
  solar_lifetime: 20
  carbon_price: 1.0
timeseries_values:
  load_level: 226322.87609349302
  wind_year: 2011
  solar_year: 2016
  price_year: 2023
  carbon_year: 2023
storage_values:
  CAES:
    cost: 64.4128
    lifetime: 22.1415
    annual_cost: 2.9091434636316422
    efficiency: 0.584251
    discharge_ratio: 0.1
    depth_of_discharge: 0.4
  Li-ion:
    cost: 177.505
    lifetime: 21.6812
    annual_cost: 8.187046842425696
    efficiency: 0.860424
    discharge_ratio: 2
    depth_of_discharge: 0.9
  Pb-acid:
    cost: 91.9808
    lifetime: 14.8475
    annual_cost: 6.195036201380704
    efficiency: 0.730316
    discharge_ratio: 5
    depth_of_discharge: 0.5
  VRBF:
    cost: 278.047
    lifetime: 15.4275
    annual_cost: 18.022816399286988
    efficiency: 0.713258
    discharge_ratio: 0.5
    depth_of_discharge: 1.0
