cost_values:
  wind_capex: 5000.0
  wind_opex: 100
  wind_lifetime: 20
  solar_capex: 1000.0
  solar_opex: 10
  solar_lifetime: 20
  carbon_price: 1.0
timeseries_values:
  load_level: 226322.87609349302
  wind_year: 2011
  solar_year: 2016
  price_year: 2023
  carbon_year: 2023
storage_values:
  CAES:
    cost: 68.8941
    lifetime: 22.042
    annual_cost: 3.1255829779511837
    efficiency: 0.583026
    discharge_ratio: 0.1
    depth_of_discharge: 0.4
  Li-ion:
    cost: 181.743
    lifetime: 23.4388
    annual_cost: 7.75393791491032
    efficiency: 0.868806
    discharge_ratio: 2
    depth_of_discharge: 0.9
  Pb-acid:
    cost: 61.8312
    lifetime: 14.8368
    annual_cost: 4.167421546425105
    efficiency: 0.718367
    discharge_ratio: 5
    depth_of_discharge: 0.5
  VRBF:
    cost: 255.056
    lifetime: 12.9293
    annual_cost: 19.726976711809613
    efficiency: 0.703671
    discharge_ratio: 0.5
    depth_of_discharge: 1.0
