cost_values:
  wind_capex: 5000.0
  wind_opex: 100
  wind_lifetime: 20
  solar_capex: 1000.0
  solar_opex: 10
  solar_lifetime: 20
  carbon_price: 1.0
timeseries_values:
  load_level: 226322.87609349302
  wind_year: 2011
  solar_year: 2016
  price_year: 2023
  carbon_year: 2023
storage_values:
  CAES:
    cost: 60.6738
    lifetime: 21.7005
    annual_cost: 2.7959632266537637
    efficiency: 0.588993
    discharge_ratio: 0.1
    depth_of_discharge: 0.4
  Li-ion:
    cost: 187.979
    lifetime: 22.7242
    annual_cost: 8.272194400682974
    efficiency: 0.855005
    discharge_ratio: 2
    depth_of_discharge: 0.9
  Pb-acid:
    cost: 67.4845
    lifetime: 15.2069
    annual_cost: 4.437755229533962
    efficiency: 0.721797
    discharge_ratio: 5
    depth_of_discharge: 0.5
  VRBF:
    cost: 278.564
    lifetime: 15.6979
    annual_cost: 17.74530351193472
    efficiency: 0.683234
    discharge_ratio: 0.5
    depth_of_discharge: 1.0
