cost_values:
  wind_capex: 5000.0
  wind_opex: 100
  wind_lifetime: 20
  solar_capex: 1000.0
  solar_opex: 10
  solar_lifetime: 20
  carbon_price: 1.0
timeseries_values:
  load_level: 226322.87609349302
  wind_year: 2011
  solar_year: 2016
  price_year: 2023
  carbon_year: 2023
storage_values:
  CAES:
    cost: 61.4829
    lifetime: 21.1283
    annual_cost: 2.9099785595622936
    efficiency: 0.589854
    discharge_ratio: 0.1
    depth_of_discharge: 0.4
  Li-ion:
    cost: 154.503
    lifetime: 23.6471
    annual_cost: 6.533697578138545
    efficiency: 0.864425
    discharge_ratio: 2
    depth_of_discharge: 0.9
  Pb-acid:
    cost: 76.8314
    lifetime: 13.8885
    annual_cost: 5.5320156964395
    efficiency: 0.730754
    discharge_ratio: 5
    depth_of_discharge: 0.5
  VRBF:
    cost: 234.115
    lifetime: 14.5393
    annual_cost: 16.102219501626625
    efficiency: 0.716888
    discharge_ratio: 0.5
    depth_of_discharge: 1.0
