cost_values:
  wind_capex: 5000.0
  wind_opex: 100
  wind_lifetime: 20
  solar_capex: 1000.0
  solar_opex: 10
  solar_lifetime: 20
  carbon_price: 1.0
timeseries_values:
  load_level: 226322.87609349302
  wind_year: 2011
  solar_year: 2016
  price_year: 2023
  carbon_year: 2023
storage_values:
  CAES:
    cost: 58.2909
    lifetime: 21.7658
    annual_cost: 2.678095911935238
    efficiency: 0.582421
    discharge_ratio: 0.1
    depth_of_discharge: 0.4
  Li-ion:
    cost: 176.706
    lifetime: 22.5232
    annual_cost: 7.845510407046956
    efficiency: 0.856251
    discharge_ratio: 2
    depth_of_discharge: 0.9
  Pb-acid:
    cost: 80.7553
    lifetime: 15.2179
    annual_cost: 5.306599465103595
    efficiency: 0.708227
    discharge_ratio: 5
    depth_of_discharge: 0.5
  VRBF:
    cost: 247.039
    lifetime: 14.1527
    annual_cost: 17.455255887569155
    efficiency: 0.69873
    discharge_ratio: 0.5
    depth_of_discharge: 1.0
