cost_values:
  wind_capex: 5000.0
  wind_opex: 100
  wind_lifetime: 20
  solar_capex: 1000.0
  solar_opex: 10
  solar_lifetime: 20
  carbon_price: 1.0
timeseries_values:
  load_level: 226322.87609349302
  wind_year: 2011
  solar_year: 2016
  price_year: 2023
  carbon_year: 2023
storage_values:
  CAES:
    cost: 58.7225
    lifetime: 21.5575
    annual_cost: 2.7239939696161426
    efficiency: 0.599479
    discharge_ratio: 0.1
    depth_of_discharge: 0.4
  Li-ion:
    cost: 166.369
    lifetime: 21.1011
    annual_cost: 7.884375696053761
    efficiency: 0.867259
    discharge_ratio: 2
    depth_of_discharge: 0.9
  Pb-acid:
    cost: 73.9719
    lifetime: 14.7312
    annual_cost: 5.021444281524928
    efficiency: 0.728888
    discharge_ratio: 5
    depth_of_discharge: 0.5
  VRBF:
    cost: 240.07
    lifetime: 13.9606
    annual_cost: 17.196252310072634
    efficiency: 0.69359
    discharge_ratio: 0.5
    depth_of_discharge: 1.0
