cost_values:
  wind_capex: 5000.0
  wind_opex: 100
  wind_lifetime: 20
  solar_capex: 1000.0
  solar_opex: 10
  solar_lifetime: 20
  carbon_price: 1.0
timeseries_values:
  load_level: 226322.87609349302
  wind_year: 2011
  solar_year: 2016
  price_year: 2023
  carbon_year: 2023
storage_values:
  CAES:
    cost: 64.3403
    lifetime: 22.054
    annual_cost: 2.917398204407364
    efficiency: 0.586943
    discharge_ratio: 0.1
    depth_of_discharge: 0.4
  Li-ion:
    cost: 164.527
    lifetime: 21.518
    annual_cost: 7.64601728785203
    efficiency: 0.852615
    discharge_ratio: 2
    depth_of_discharge: 0.9
  Pb-acid:
    cost: 96.3509
    lifetime: 15.1212
    annual_cost: 6.371908314154961
    efficiency: 0.735311
    discharge_ratio: 5
    depth_of_discharge: 0.5
  VRBF:
    cost: 289.944
    lifetime: 16.717
    annual_cost: 17.34426033379195
    efficiency: 0.708548
    discharge_ratio: 0.5
    depth_of_discharge: 1.0
