cost_values:
  wind_capex: 5000.0
  wind_opex: 100
  wind_lifetime: 20
  solar_capex: 1000.0
  solar_opex: 10
  solar_lifetime: 20
  carbon_price: 1.0
timeseries_values:
  load_level: 226322.87609349302
  wind_year: 2011
  solar_year: 2016
  price_year: 2023
  carbon_year: 2023
storage_values:
  CAES:
    cost: 61.517
    lifetime: 20.5802
    annual_cost: 2.9891351881905908
    efficiency: 0.577981
    discharge_ratio: 0.1
    depth_of_discharge: 0.4
  Li-ion:
    cost: 175.022
    lifetime: 21.9318
    annual_cost: 7.980284335987014
    efficiency: 0.851619
    discharge_ratio: 2
    depth_of_discharge: 0.9
  Pb-acid:
    cost: 81.2395
    lifetime: 14.9218
    annual_cost: 5.444349877360641
    efficiency: 0.696853
    discharge_ratio: 5
    depth_of_discharge: 0.5
  VRBF:
    cost: 270.727
    lifetime: 14.5715
    annual_cost: 18.579212846995844
    efficiency: 0.717214
    discharge_ratio: 0.5
    depth_of_discharge: 1.0
