cost_values:
  wind_capex: 5000.0
  wind_opex: 100
  wind_lifetime: 20
  solar_capex: 1000.0
  solar_opex: 10
  solar_lifetime: 20
  carbon_price: 1.0
timeseries_values:
  load_level: 226322.87609349302
  wind_year: 2011
  solar_year: 2016
  price_year: 2023
  carbon_year: 2023
storage_values:
  CAES:
    cost: 56.9777
    lifetime: 22.1977
    annual_cost: 2.5668289957968615
    efficiency: 0.577779
    discharge_ratio: 0.1
    depth_of_discharge: 0.4
  Li-ion:
    cost: 181.244
    lifetime: 21.0751
    annual_cost: 8.599911744191013
    efficiency: 0.853096
    discharge_ratio: 2
    depth_of_discharge: 0.9
  Pb-acid:
    cost: 52.3941
    lifetime: 15.6817
    annual_cost: 3.341098222769215
    efficiency: 0.715131
    discharge_ratio: 5
    depth_of_discharge: 0.5
  VRBF:
    cost: 248.778
    lifetime: 16.6051
    annual_cost: 14.982023595160522
    efficiency: 0.689641
    discharge_ratio: 0.5
    depth_of_discharge: 1.0
