cost_values:
  wind_capex: 5000.0
  wind_opex: 100
  wind_lifetime: 20
  solar_capex: 1000.0
  solar_opex: 10
  solar_lifetime: 20
  carbon_price: 1.0
timeseries_values:
  load_level: 226322.87609349302
  wind_year: 2011
  solar_year: 2016
  price_year: 2023
  carbon_year: 2023
storage_values:
  CAES:
    cost: 64.1438
    lifetime: 21.2755
    annual_cost: 3.014913868064205
    efficiency: 0.58676
    discharge_ratio: 0.1
    depth_of_discharge: 0.4
  Li-ion:
    cost: 179.431
    lifetime: 22.8445
    annual_cost: 7.854450743067259
    efficiency: 0.855195
    discharge_ratio: 2
    depth_of_discharge: 0.9
  Pb-acid:
    cost: 68.1742
    lifetime: 14.5868
    annual_cost: 4.67369128252941
    efficiency: 0.721682
    discharge_ratio: 5
    depth_of_discharge: 0.5
  VRBF:
    cost: 256.327
    lifetime: 12.5373
    annual_cost: 20.445151667424405
    efficiency: 0.709448
    discharge_ratio: 0.5
    depth_of_discharge: 1.0
