cost_values:
  wind_capex: 5000.0
  wind_opex: 100
  wind_lifetime: 20
  solar_capex: 1000.0
  solar_opex: 10
  solar_lifetime: 20
  carbon_price: 1.0
timeseries_values:
  load_level: 226322.87609349302
  wind_year: 2011
  solar_year: 2016
  price_year: 2023
  carbon_year: 2023
storage_values:
  CAES:
    cost: 59.8917
    lifetime: 21.9182
    annual_cost: 2.7325099688843064
    efficiency: 0.594565
    discharge_ratio: 0.1
    depth_of_discharge: 0.4
  Li-ion:
    cost: 160.291
    lifetime: 22.0009
    annual_cost: 7.285656495870623
    efficiency: 0.859273
    discharge_ratio: 2
    depth_of_discharge: 0.9
  Pb-acid:
    cost: 84.7087
    lifetime: 13.8842
    annual_cost: 6.101086126676366
    efficiency: 0.704662
    discharge_ratio: 5
    depth_of_discharge: 0.5
  VRBF:
    cost: 265.849
    lifetime: 13.6865
    annual_cost: 19.424177108829866
    efficiency: 0.696719
    discharge_ratio: 0.5
    depth_of_discharge: 1.0
