cost_values:
  wind_capex: 5000.0
  wind_opex: 100
  wind_lifetime: 20
  solar_capex: 1000.0
  solar_opex: 10
  solar_lifetime: 20
  carbon_price: 1.0
timeseries_values:
  load_level: 226322.87609349302
  wind_year: 2011
  solar_year: 2016
  price_year: 2023
  carbon_year: 2023
storage_values:
  CAES:
    cost: 57.4984
    lifetime: 22.0349
    annual_cost: 2.6094241407948298
    efficiency: 0.575057
    discharge_ratio: 0.1
    depth_of_discharge: 0.4
  Li-ion:
    cost: 166.9
    lifetime: 23.8772
    annual_cost: 6.989931817801083
    efficiency: 0.861148
    discharge_ratio: 2
    depth_of_discharge: 0.9
  Pb-acid:
    cost: 84.5607
    lifetime: 14.9529
    annual_cost: 5.655137130590052
    efficiency: 0.728167
    discharge_ratio: 5
    depth_of_discharge: 0.5
  VRBF:
    cost: 303.385
    lifetime: 14.565
    annual_cost: 20.829728801922418
    efficiency: 0.686242
    discharge_ratio: 0.5
    depth_of_discharge: 1.0
