cost_values:
  wind_capex: 5000.0
  wind_opex: 100
  wind_lifetime: 20
  solar_capex: 1000.0
  solar_opex: 10
  solar_lifetime: 20
  carbon_price: 1.0
timeseries_values:
  load_level: 226322.87609349302
  wind_year: 2011
  solar_year: 2016
  price_year: 2023
  carbon_year: 2023
storage_values:
  CAES:
    cost: 58.5361
    lifetime: 21.6926
    annual_cost: 2.698436333127426
    efficiency: 0.58211
    discharge_ratio: 0.1
    depth_of_discharge: 0.4
  Li-ion:
    cost: 188.032
    lifetime: 22.7355
    annual_cost: 8.270414110092148
    efficiency: 0.862508
    discharge_ratio: 2
    depth_of_discharge: 0.9
  Pb-acid:
    cost: 69.0195
    lifetime: 13.8568
    annual_cost: 4.980911898851105
    efficiency: 0.718107
    discharge_ratio: 5
    depth_of_discharge: 0.5
  VRBF:
    cost: 292.95
    lifetime: 13.6584
    annual_cost: 21.448339483394832
    efficiency: 0.715931
    discharge_ratio: 0.5
    depth_of_discharge: 1.0
