cost_values:
  wind_capex: 5000.0
  wind_opex: 100
  wind_lifetime: 20
  solar_capex: 1000.0
  solar_opex: 10
  solar_lifetime: 20
  carbon_price: 1.0
timeseries_values:
  load_level: 226322.87609349302
  wind_year: 2011
  solar_year: 2016
  price_year: 2023
  carbon_year: 2023
storage_values:
  CAES:
    cost: 63.6878
    lifetime: 21.6638
    annual_cost: 2.9398258846555088
    efficiency: 0.580052
    discharge_ratio: 0.1
    depth_of_discharge: 0.4
  Li-ion:
    cost: 167.85
    lifetime: 23.428
    annual_cost: 7.164504012292983
    efficiency: 0.856402
    discharge_ratio: 2
    depth_of_discharge: 0.9
  Pb-acid:
    cost: 97.6431
    lifetime: 16.014
    annual_cost: 6.097358561258899
    efficiency: 0.724539
    discharge_ratio: 5
    depth_of_discharge: 0.5
  VRBF:
    cost: 269.778
    lifetime: 13.4641
    annual_cost: 20.036838704406534
    efficiency: 0.687542
    discharge_ratio: 0.5
    depth_of_discharge: 1.0
