cost_values:
  wind_capex: 5000.0
  wind_opex: 100
  wind_lifetime: 20
  solar_capex: 1000.0
  solar_opex: 10
  solar_lifetime: 20
  carbon_price: 1.0
timeseries_values:
  load_level: 226322.87609349302
  wind_year: 2011
  solar_year: 2016
  price_year: 2023
  carbon_year: 2023
storage_values:
  CAES:
    cost: 53.2854
    lifetime: 21.6991
    annual_cost: 2.4556502343415163
    efficiency: 0.580352
    discharge_ratio: 0.1
    depth_of_discharge: 0.4
  Li-ion:
    cost: 195.205
    lifetime: 22.7089
    annual_cost: 8.595968981324503
    efficiency: 0.856601
    discharge_ratio: 2
    depth_of_discharge: 0.9
  Pb-acid:
    cost: 104.898
    lifetime: 13.6951
    annual_cost: 7.659527860329606
    efficiency: 0.725053
    discharge_ratio: 5
    depth_of_discharge: 0.5
  VRBF:
    cost: 265.429
    lifetime: 13.4782
    annual_cost: 19.693208291908412
    efficiency: 0.687472
    discharge_ratio: 0.5
    depth_of_discharge: 1.0
