cost_values:
  wind_capex: 5000.0
  wind_opex: 100
  wind_lifetime: 20
  solar_capex: 1000.0
  solar_opex: 10
  solar_lifetime: 20
  carbon_price: 1.0
timeseries_values:
  load_level: 226322.87609349302
  wind_year: 2011
  solar_year: 2016
  price_year: 2023
  carbon_year: 2023
storage_values:
  CAES:
    cost: 53.0557
    lifetime: 21.0232
    annual_cost: 2.5236738460367594
    efficiency: 0.568282
    discharge_ratio: 0.1
    depth_of_discharge: 0.4
  Li-ion:
    cost: 155.851
    lifetime: 23.6456
    annual_cost: 6.591120546740196
    efficiency: 0.87121
    discharge_ratio: 2
    depth_of_discharge: 0.9
  Pb-acid:
    cost: 69.7079
    lifetime: 15.6337
    annual_cost: 4.458822927394027
    efficiency: 0.719868
    discharge_ratio: 5
    depth_of_discharge: 0.5
  VRBF:
    cost: 281.718
    lifetime: 16.3622
    annual_cost: 17.21761132366063
    efficiency: 0.703034
    discharge_ratio: 0.5
    depth_of_discharge: 1.0
