cost_values:
  wind_capex: 5000.0
  wind_opex: 100
  wind_lifetime: 20
  solar_capex: 1000.0
  solar_opex: 10
  solar_lifetime: 20
  carbon_price: 1.0
timeseries_values:
  load_level: 226322.87609349302
  wind_year: 2011
  solar_year: 2016
  price_year: 2023
  carbon_year: 2023
storage_values:
  CAES:
    cost: 59.2269
    lifetime: 21.8074
    annual_cost: 2.715908361381916
    efficiency: 0.583078
    discharge_ratio: 0.1
    depth_of_discharge: 0.4
  Li-ion:
    cost: 213.15
    lifetime: 22.155
    annual_cost: 9.62085308056872
    efficiency: 0.857118
    discharge_ratio: 2
    depth_of_discharge: 0.9
  Pb-acid:
    cost: 53.8528
    lifetime: 14.8712
    annual_cost: 3.6212814029802574
    efficiency: 0.711318
    discharge_ratio: 5
    depth_of_discharge: 0.5
  VRBF:
    cost: 274.239
    lifetime: 14.9301
    annual_cost: 18.368195792392548
    efficiency: 0.704686
    discharge_ratio: 0.5
    depth_of_discharge: 1.0
