cost_values:
  wind_capex: 5000.0
  wind_opex: 100
  wind_lifetime: 20
  solar_capex: 1000.0
  solar_opex: 10
  solar_lifetime: 20
  carbon_price: 1.0
timeseries_values:
  load_level: 226322.87609349302
  wind_year: 2011
  solar_year: 2016
  price_year: 2023
  carbon_year: 2023
storage_values:
  CAES:
    cost: 68.1733
    lifetime: 21.5439
    annual_cost: 3.164389920116599
    efficiency: 0.591458
    discharge_ratio: 0.1
    depth_of_discharge: 0.4
  Li-ion:
    cost: 168.401
    lifetime: 22.0062
    annual_cost: 7.652434313966065
    efficiency: 0.854538
    discharge_ratio: 2
    depth_of_discharge: 0.9
  Pb-acid:
    cost: 80.2236
    lifetime: 13.0446
    annual_cost: 6.149947104549009
    efficiency: 0.72307
    discharge_ratio: 5
    depth_of_discharge: 0.5
  VRBF:
    cost: 300.522
    lifetime: 14.8439
    annual_cost: 20.245488045594488
    efficiency: 0.71016
    discharge_ratio: 0.5
    depth_of_discharge: 1.0
