cost_values:
  wind_capex: 5000.0
  wind_opex: 100
  wind_lifetime: 20
  solar_capex: 1000.0
  solar_opex: 10
  solar_lifetime: 20
  carbon_price: 1.0
timeseries_values:
  load_level: 226322.87609349302
  wind_year: 2011
  solar_year: 2016
  price_year: 2023
  carbon_year: 2023
storage_values:
  CAES:
    cost: 61.9092
    lifetime: 22.9165
    annual_cost: 2.7015120109964434
    efficiency: 0.580181
    discharge_ratio: 0.1
    depth_of_discharge: 0.4
  Li-ion:
    cost: 162.704
    lifetime: 21.434
    annual_cost: 7.590930297657927
    efficiency: 0.854947
    discharge_ratio: 2
    depth_of_discharge: 0.9
  Pb-acid:
    cost: 70.6813
    lifetime: 15.5056
    annual_cost: 4.558436951810958
    efficiency: 0.731612
    discharge_ratio: 5
    depth_of_discharge: 0.5
  VRBF:
    cost: 257.92
    lifetime: 12.6309
    annual_cost: 20.419764228993976
    efficiency: 0.709305
    discharge_ratio: 0.5
    depth_of_discharge: 1.0
