cost_values:
  wind_capex: 5000.0
  wind_opex: 100
  wind_lifetime: 20
  solar_capex: 1000.0
  solar_opex: 10
  solar_lifetime: 20
  carbon_price: 1.0
timeseries_values:
  load_level: 226322.87609349302
  wind_year: 2011
  solar_year: 2016
  price_year: 2023
  carbon_year: 2023
storage_values:
  CAES:
    cost: 58.2352
    lifetime: 21.5089
    annual_cost: 2.7074931772429087
    efficiency: 0.592779
    discharge_ratio: 0.1
    depth_of_discharge: 0.4
  Li-ion:
    cost: 169.321
    lifetime: 22.0236
    annual_cost: 7.688161790079733
    efficiency: 0.862742
    discharge_ratio: 2
    depth_of_discharge: 0.9
  Pb-acid:
    cost: 73.0865
    lifetime: 14.4953
    annual_cost: 5.042082606086111
    efficiency: 0.726597
    discharge_ratio: 5
    depth_of_discharge: 0.5
  VRBF:
    cost: 267.498
    lifetime: 14.6324
    annual_cost: 18.281211557912577
    efficiency: 0.721801
    discharge_ratio: 0.5
    depth_of_discharge: 1.0
