cost_values:
  wind_capex: 5000.0
  wind_opex: 100
  wind_lifetime: 20
  solar_capex: 1000.0
  solar_opex: 10
  solar_lifetime: 20
  carbon_price: 1.0
timeseries_values:
  load_level: 226322.87609349302
  wind_year: 2011
  solar_year: 2016
  price_year: 2023
  carbon_year: 2023
storage_values:
  CAES:
    cost: 61.2965
    lifetime: 21.5698
    annual_cost: 2.8417741471872713
    efficiency: 0.582889
    discharge_ratio: 0.1
    depth_of_discharge: 0.4
  Li-ion:
    cost: 182.134
    lifetime: 23.7701
    annual_cost: 7.662315261610174
    efficiency: 0.85152
    discharge_ratio: 2
    depth_of_discharge: 0.9
  Pb-acid:
    cost: 89.5744
    lifetime: 15.4828
    annual_cost: 5.785413491099801
    efficiency: 0.708879
    discharge_ratio: 5
    depth_of_discharge: 0.5
  VRBF:
    cost: 232.704
    lifetime: 13.5908
    annual_cost: 17.122170880301383
    efficiency: 0.719615
    discharge_ratio: 0.5
    depth_of_discharge: 1.0
