cost_values:
  wind_capex: 5000.0
  wind_opex: 100
  wind_lifetime: 20
  solar_capex: 1000.0
  solar_opex: 10
  solar_lifetime: 20
  carbon_price: 1.0
timeseries_values:
  load_level: 226322.87609349302
  wind_year: 2011
  solar_year: 2016
  price_year: 2023
  carbon_year: 2023
storage_values:
  CAES:
    cost: 58.4925
    lifetime: 22.2168
    annual_cost: 2.632804904396673
    efficiency: 0.58708
    discharge_ratio: 0.1
    depth_of_discharge: 0.4
  Li-ion:
    cost: 189.931
    lifetime: 22.5979
    annual_cost: 8.40480752636307
    efficiency: 0.862035
    discharge_ratio: 2
    depth_of_discharge: 0.9
  Pb-acid:
    cost: 75.1153
    lifetime: 16.104
    annual_cost: 4.664387729756583
    efficiency: 0.69941
    discharge_ratio: 5
    depth_of_discharge: 0.5
  VRBF:
    cost: 263.623
    lifetime: 14.0419
    annual_cost: 18.77402630698125
    efficiency: 0.706242
    discharge_ratio: 0.5
    depth_of_discharge: 1.0
