cost_values:
  wind_capex: 5000.0
  wind_opex: 100
  wind_lifetime: 20
  solar_capex: 1000.0
  solar_opex: 10
  solar_lifetime: 20
  carbon_price: 1.0
timeseries_values:
  load_level: 226322.87609349302
  wind_year: 2011
  solar_year: 2016
  price_year: 2023
  carbon_year: 2023
storage_values:
  CAES:
    cost: 60.9281
    lifetime: 21.8029
    annual_cost: 2.7944952276990676
    efficiency: 0.592479
    discharge_ratio: 0.1
    depth_of_discharge: 0.4
  Li-ion:
    cost: 193.556
    lifetime: 21.2451
    annual_cost: 9.1106184484893
    efficiency: 0.856022
    discharge_ratio: 2
    depth_of_discharge: 0.9
  Pb-acid:
    cost: 83.2332
    lifetime: 15.227
    annual_cost: 5.466158796873973
    efficiency: 0.725522
    discharge_ratio: 5
    depth_of_discharge: 0.5
  VRBF:
    cost: 274.953
    lifetime: 14.8551
    annual_cost: 18.508996910152067
    efficiency: 0.725774
    discharge_ratio: 0.5
    depth_of_discharge: 1.0
