cost_values:
  wind_capex: 5000.0
  wind_opex: 100
  wind_lifetime: 20
  solar_capex: 1000.0
  solar_opex: 10
  solar_lifetime: 20
  carbon_price: 1.0
timeseries_values:
  load_level: 226322.87609349302
  wind_year: 2011
  solar_year: 2016
  price_year: 2023
  carbon_year: 2023
storage_values:
  CAES:
    cost: 62.3015
    lifetime: 22.3503
    annual_cost: 2.7875017337574883
    efficiency: 0.57474
    discharge_ratio: 0.1
    depth_of_discharge: 0.4
  Li-ion:
    cost: 148.633
    lifetime: 21.6317
    annual_cost: 6.871073470878388
    efficiency: 0.860089
    discharge_ratio: 2
    depth_of_discharge: 0.9
  Pb-acid:
    cost: 62.6641
    lifetime: 14.9781
    annual_cost: 4.183714890406661
    efficiency: 0.70674
    discharge_ratio: 5
    depth_of_discharge: 0.5
  VRBF:
    cost: 274.462
    lifetime: 12.8189
    annual_cost: 21.410729469767297
    efficiency: 0.714191
    discharge_ratio: 0.5
    depth_of_discharge: 1.0
