cost_values:
  wind_capex: 5000.0
  wind_opex: 100
  wind_lifetime: 20
  solar_capex: 1000.0
  solar_opex: 10
  solar_lifetime: 20
  carbon_price: 1.0
timeseries_values:
  load_level: 226322.87609349302
  wind_year: 2011
  solar_year: 2016
  price_year: 2023
  carbon_year: 2023
storage_values:
  CAES:
    cost: 59.851
    lifetime: 21.776
    annual_cost: 2.7484845701689933
    efficiency: 0.579608
    discharge_ratio: 0.1
    depth_of_discharge: 0.4
  Li-ion:
    cost: 181.528
    lifetime: 21.4946
    annual_cost: 8.445283931778214
    efficiency: 0.857792
    discharge_ratio: 2
    depth_of_discharge: 0.9
  Pb-acid:
    cost: 77.1601
    lifetime: 14.0552
    annual_cost: 5.489790255563777
    efficiency: 0.71524
    discharge_ratio: 5
    depth_of_discharge: 0.5
  VRBF:
    cost: 269.863
    lifetime: 14.5184
    annual_cost: 18.58765428697377
    efficiency: 0.677742
    discharge_ratio: 0.5
    depth_of_discharge: 1.0
