cost_values:
  wind_capex: 5000.0
  wind_opex: 100
  wind_lifetime: 20
  solar_capex: 1000.0
  solar_opex: 10
  solar_lifetime: 20
  carbon_price: 1.0
timeseries_values:
  load_level: 226322.87609349302
  wind_year: 2011
  solar_year: 2016
  price_year: 2023
  carbon_year: 2023
storage_values:
  CAES:
    cost: 52.9839
    lifetime: 21.6358
    annual_cost: 2.448899509146877
    efficiency: 0.59712
    discharge_ratio: 0.1
    depth_of_discharge: 0.4
  Li-ion:
    cost: 189.264
    lifetime: 23.643
    annual_cost: 8.005075498033245
    efficiency: 0.851048
    discharge_ratio: 2
    depth_of_discharge: 0.9
  Pb-acid:
    cost: 90.0762
    lifetime: 15.9393
    annual_cost: 5.651201746626263
    efficiency: 0.738746
    discharge_ratio: 5
    depth_of_discharge: 0.5
  VRBF:
    cost: 262.227
    lifetime: 12.9749
    annual_cost: 20.210329174020607
    efficiency: 0.713095
    discharge_ratio: 0.5
    depth_of_discharge: 1.0
