cost_values:
  wind_capex: 5000.0
  wind_opex: 100
  wind_lifetime: 20
  solar_capex: 1000.0
  solar_opex: 10
  solar_lifetime: 20
  carbon_price: 1.0
timeseries_values:
  load_level: 226322.87609349302
  wind_year: 2011
  solar_year: 2016
  price_year: 2023
  carbon_year: 2023
storage_values:
  CAES:
    cost: 60.3655
    lifetime: 21.9357
    annual_cost: 2.7519295030475432
    efficiency: 0.580375
    discharge_ratio: 0.1
    depth_of_discharge: 0.4
  Li-ion:
    cost: 168.676
    lifetime: 20.012
    annual_cost: 8.428742754347391
    efficiency: 0.850322
    discharge_ratio: 2
    depth_of_discharge: 0.9
  Pb-acid:
    cost: 73.5122
    lifetime: 14.3736
    annual_cost: 5.114390271052486
    efficiency: 0.721864
    discharge_ratio: 5
    depth_of_discharge: 0.5
  VRBF:
    cost: 280.981
    lifetime: 15.2025
    annual_cost: 18.482552211807267
    efficiency: 0.688235
    discharge_ratio: 0.5
    depth_of_discharge: 1.0
