cost_values:
  wind_capex: 5000.0
  wind_opex: 100
  wind_lifetime: 20
  solar_capex: 1000.0
  solar_opex: 10
  solar_lifetime: 20
  carbon_price: 1.0
timeseries_values:
  load_level: 226322.87609349302
  wind_year: 2011
  solar_year: 2016
  price_year: 2023
  carbon_year: 2023
storage_values:
  CAES:
    cost: 53.4266
    lifetime: 21.6094
    annual_cost: 2.4723777615297045
    efficiency: 0.583016
    discharge_ratio: 0.1
    depth_of_discharge: 0.4
  Li-ion:
    cost: 182.48
    lifetime: 21.6352
    annual_cost: 8.434403194793669
    efficiency: 0.855221
    discharge_ratio: 2
    depth_of_discharge: 0.9
  Pb-acid:
    cost: 92.1641
    lifetime: 14.62
    annual_cost: 6.303974008207935
    efficiency: 0.720049
    discharge_ratio: 5
    depth_of_discharge: 0.5
  VRBF:
    cost: 272.297
    lifetime: 15.9749
    annual_cost: 17.045302318011384
    efficiency: 0.701673
    discharge_ratio: 0.5
    depth_of_discharge: 1.0
