cost_values:
  wind_capex: 5000.0
  wind_opex: 100
  wind_lifetime: 20
  solar_capex: 1000.0
  solar_opex: 10
  solar_lifetime: 20
  carbon_price: 1.0
timeseries_values:
  load_level: 226322.87609349302
  wind_year: 2011
  solar_year: 2016
  price_year: 2023
  carbon_year: 2023
storage_values:
  CAES:
    cost: 60.0948
    lifetime: 21.5315
    annual_cost: 2.791017811113949
    efficiency: 0.576958
    discharge_ratio: 0.1
    depth_of_discharge: 0.4
  Li-ion:
    cost: 150.883
    lifetime: 21.0484
    annual_cost: 7.168383345052356
    efficiency: 0.873556
    discharge_ratio: 2
    depth_of_discharge: 0.9
  Pb-acid:
    cost: 65.5069
    lifetime: 15.5257
    annual_cost: 4.219255814552645
    efficiency: 0.724102
    discharge_ratio: 5
    depth_of_discharge: 0.5
  VRBF:
    cost: 259.71
    lifetime: 14.1298
    annual_cost: 18.380302622825518
    efficiency: 0.708025
    discharge_ratio: 0.5
    depth_of_discharge: 1.0
