cost_values:
  wind_capex: 5000.0
  wind_opex: 100
  wind_lifetime: 20
  solar_capex: 1000.0
  solar_opex: 10
  solar_lifetime: 20
  carbon_price: 1.0
timeseries_values:
  load_level: 226322.87609349302
  wind_year: 2011
  solar_year: 2016
  price_year: 2023
  carbon_year: 2023
storage_values:
  CAES:
    cost: 54.969
    lifetime: 22.3567
    annual_cost: 2.458726019493038
    efficiency: 0.595431
    discharge_ratio: 0.1
    depth_of_discharge: 0.4
  Li-ion:
    cost: 185.144
    lifetime: 22.3139
    annual_cost: 8.297249696377595
    efficiency: 0.865374
    discharge_ratio: 2
    depth_of_discharge: 0.9
  Pb-acid:
    cost: 82.1233
    lifetime: 14.7103
    annual_cost: 5.582707354710645
    efficiency: 0.722158
    discharge_ratio: 5
    depth_of_discharge: 0.5
  VRBF:
    cost: 261.321
    lifetime: 14.1479
    annual_cost: 18.470656422507936
    efficiency: 0.706991
    discharge_ratio: 0.5
    depth_of_discharge: 1.0
