cost_values:
  wind_capex: 5000.0
  wind_opex: 100
  wind_lifetime: 20
  solar_capex: 1000.0
  solar_opex: 10
  solar_lifetime: 20
  carbon_price: 1.0
timeseries_values:
  load_level: 226322.87609349302
  wind_year: 2011
  solar_year: 2016
  price_year: 2023
  carbon_year: 2023
storage_values:
  CAES:
    cost: 47.3469
    lifetime: 21.3238
    annual_cost: 2.2203781689942694
    efficiency: 0.587893
    discharge_ratio: 0.1
    depth_of_discharge: 0.4
  Li-ion:
    cost: 176.062
    lifetime: 22.0353
    annual_cost: 7.989997867058766
    efficiency: 0.860206
    discharge_ratio: 2
    depth_of_discharge: 0.9
  Pb-acid:
    cost: 72.9056
    lifetime: 15.1288
    annual_cost: 4.81899423615885
    efficiency: 0.732378
    discharge_ratio: 5
    depth_of_discharge: 0.5
  VRBF:
    cost: 287.871
    lifetime: 14.46
    annual_cost: 19.90809128630705
    efficiency: 0.687329
    discharge_ratio: 0.5
    depth_of_discharge: 1.0
