cost_values:
  wind_capex: 5000.0
  wind_opex: 100
  wind_lifetime: 20
  solar_capex: 1000.0
  solar_opex: 10
  solar_lifetime: 20
  carbon_price: 1.0
timeseries_values:
  load_level: 226322.87609349302
  wind_year: 2011
  solar_year: 2016
  price_year: 2023
  carbon_year: 2023
storage_values:
  CAES:
    cost: 61.1532
    lifetime: 21.2718
    annual_cost: 2.8748483908272924
    efficiency: 0.585915
    discharge_ratio: 0.1
    depth_of_discharge: 0.4
  Li-ion:
    cost: 180.263
    lifetime: 21.624
    annual_cost: 8.336246762856087
    efficiency: 0.860123
    discharge_ratio: 2
    depth_of_discharge: 0.9
  Pb-acid:
    cost: 74.3922
    lifetime: 16.144
    annual_cost: 4.60804013875124
    efficiency: 0.724406
    discharge_ratio: 5
    depth_of_discharge: 0.5
  VRBF:
    cost: 271.86
    lifetime: 15.3639
    annual_cost: 17.694725948489644
    efficiency: 0.706359
    discharge_ratio: 0.5
    depth_of_discharge: 1.0
