cost_values:
  wind_capex: 5000.0
  wind_opex: 100
  wind_lifetime: 20
  solar_capex: 1000.0
  solar_opex: 10
  solar_lifetime: 20
  carbon_price: 1.0
timeseries_values:
  load_level: 226322.87609349302
  wind_year: 2011
  solar_year: 2016
  price_year: 2023
  carbon_year: 2023
storage_values:
  CAES:
    cost: 57.7568
    lifetime: 20.897
    annual_cost: 2.763879982772647
    efficiency: 0.591515
    discharge_ratio: 0.1
    depth_of_discharge: 0.4
  Li-ion:
    cost: 177.595
    lifetime: 23.2657
    annual_cost: 7.6333400671374605
    efficiency: 0.856139
    discharge_ratio: 2
    depth_of_discharge: 0.9
  Pb-acid:
    cost: 97.4788
    lifetime: 13.9431
    annual_cost: 6.991185604349106
    efficiency: 0.727134
    discharge_ratio: 5
    depth_of_discharge: 0.5
  VRBF:
    cost: 295.636
    lifetime: 17.4477
    annual_cost: 16.944124440470663
    efficiency: 0.707512
    discharge_ratio: 0.5
    depth_of_discharge: 1.0
