cost_values:
  wind_capex: 5000.0
  wind_opex: 100
  wind_lifetime: 20
  solar_capex: 1000.0
  solar_opex: 10
  solar_lifetime: 20
  carbon_price: 1.0
timeseries_values:
  load_level: 248857.37643537179
  wind_year: 2018
  solar_year: 2019
  price_year: 2023
  carbon_year: 2023
storage_values:
  CAES:
    cost: 47.1916
    lifetime: 26.4464
    annual_cost: 1.7844243450904471
    efficiency: 0.606253
    discharge_ratio: 0.1
    depth_of_discharge: 0.4
  Li-ion:
    cost: 202.318
    lifetime: 19.2635
    annual_cost: 10.502660471876865
    efficiency: 0.920061
    discharge_ratio: 2
    depth_of_discharge: 0.9
  Pb-acid:
    cost: 130.927
    lifetime: 12.4674
    annual_cost: 10.501548037281228
    efficiency: 0.741877
    discharge_ratio: 5
    depth_of_discharge: 0.5
  VRBF:
    cost: 326.782
    lifetime: 20.9652
    annual_cost: 15.58687730143285
    efficiency: 0.68076
    discharge_ratio: 0.5
    depth_of_discharge: 1.0
