cost_values:
  wind_capex: 5000.0
  wind_opex: 100
  wind_lifetime: 20
  solar_capex: 1000.0
  solar_opex: 10
  solar_lifetime: 20
  carbon_price: 1.0
timeseries_values:
  load_level: 248857.37643537179
  wind_year: 2018
  solar_year: 2019
  price_year: 2023
  carbon_year: 2023
storage_values:
  CAES:
    cost: 51.7809
    lifetime: 25.4896
    annual_cost: 2.0314520431862406
    efficiency: 0.608296
    discharge_ratio: 0.1
    depth_of_discharge: 0.4
  Li-ion:
    cost: 202.892
    lifetime: 17.3826
    annual_cost: 11.67213190201696
    efficiency: 0.931503
    discharge_ratio: 2
    depth_of_discharge: 0.9
  Pb-acid:
    cost: 125.965
    lifetime: 12.1834
    annual_cost: 10.339067912077088
    efficiency: 0.745595
    discharge_ratio: 5
    depth_of_discharge: 0.5
  VRBF:
    cost: 319.652
    lifetime: 19.4906
    annual_cost: 16.400316049788103
    efficiency: 0.657131
    discharge_ratio: 0.5
    depth_of_discharge: 1.0
