cost_values:
  wind_capex: 5000.0
  wind_opex: 100
  wind_lifetime: 20
  solar_capex: 1000.0
  solar_opex: 10
  solar_lifetime: 20
  carbon_price: 1.0
timeseries_values:
  load_level: 248857.37643537179
  wind_year: 2018
  solar_year: 2019
  price_year: 2023
  carbon_year: 2023
storage_values:
  CAES:
    cost: 53.5021
    lifetime: 25.5176
    annual_cost: 2.0966744521428344
    efficiency: 0.609062
    discharge_ratio: 0.1
    depth_of_discharge: 0.4
  Li-ion:
    cost: 195.5
    lifetime: 17.742
    annual_cost: 11.019050839815128
    efficiency: 0.922278
    discharge_ratio: 2
    depth_of_discharge: 0.9
  Pb-acid:
    cost: 142.649
    lifetime: 12.4874
    annual_cost: 11.42343482230088
    efficiency: 0.735315
    discharge_ratio: 5
    depth_of_discharge: 0.5
  VRBF:
    cost: 301.262
    lifetime: 18.8226
    annual_cost: 16.00533401336691
    efficiency: 0.667122
    discharge_ratio: 0.5
    depth_of_discharge: 1.0
