cost_values:
  wind_capex: 5000.0
  wind_opex: 100
  wind_lifetime: 20
  solar_capex: 1000.0
  solar_opex: 10
  solar_lifetime: 20
  carbon_price: 1.0
timeseries_values:
  load_level: 248857.37643537179
  wind_year: 2018
  solar_year: 2019
  price_year: 2023
  carbon_year: 2023
storage_values:
  CAES:
    cost: 52.0536
    lifetime: 25.1108
    annual_cost: 2.072956656100164
    efficiency: 0.605598
    discharge_ratio: 0.1
    depth_of_discharge: 0.4
  Li-ion:
    cost: 196.255
    lifetime: 17.8413
    annual_cost: 11.000039234809122
    efficiency: 0.913296
    discharge_ratio: 2
    depth_of_discharge: 0.9
  Pb-acid:
    cost: 113.006
    lifetime: 13.3624
    annual_cost: 8.457013710111957
    efficiency: 0.742317
    discharge_ratio: 5
    depth_of_discharge: 0.5
  VRBF:
    cost: 298.211
    lifetime: 20.0595
    annual_cost: 14.86632268999726
    efficiency: 0.676864
    discharge_ratio: 0.5
    depth_of_discharge: 1.0
