cost_values:
  wind_capex: 5000.0
  wind_opex: 100
  wind_lifetime: 20
  solar_capex: 1000.0
  solar_opex: 10
  solar_lifetime: 20
  carbon_price: 1.0
timeseries_values:
  load_level: 248857.37643537179
  wind_year: 2018
  solar_year: 2019
  price_year: 2023
  carbon_year: 2023
storage_values:
  CAES:
    cost: 54.8735
    lifetime: 26.3501
    annual_cost: 2.0824778653591447
    efficiency: 0.603424
    discharge_ratio: 0.1
    depth_of_discharge: 0.4
  Li-ion:
    cost: 178.624
    lifetime: 16.8015
    annual_cost: 10.631431717406183
    efficiency: 0.917965
    discharge_ratio: 2
    depth_of_discharge: 0.9
  Pb-acid:
    cost: 123.168
    lifetime: 12.7344
    annual_cost: 9.672069355446665
    efficiency: 0.728209
    discharge_ratio: 5
    depth_of_discharge: 0.5
  VRBF:
    cost: 291.609
    lifetime: 19.8726
    annual_cost: 14.673922888801666
    efficiency: 0.665345
    discharge_ratio: 0.5
    depth_of_discharge: 1.0
