cost_values:
  wind_capex: 5000.0
  wind_opex: 100
  wind_lifetime: 20
  solar_capex: 1000.0
  solar_opex: 10
  solar_lifetime: 20
  carbon_price: 1.0
timeseries_values:
  load_level: 248857.37643537179
  wind_year: 2018
  solar_year: 2019
  price_year: 2023
  carbon_year: 2023
storage_values:
  CAES:
    cost: 45.3105
    lifetime: 25.7524
    annual_cost: 1.7594670787965392
    efficiency: 0.614868
    discharge_ratio: 0.1
    depth_of_discharge: 0.4
  Li-ion:
    cost: 216.99
    lifetime: 18.0817
    annual_cost: 12.00053092353042
    efficiency: 0.919159
    discharge_ratio: 2
    depth_of_discharge: 0.9
  Pb-acid:
    cost: 128.123
    lifetime: 13.253
    annual_cost: 9.667471515883195
    efficiency: 0.733789
    discharge_ratio: 5
    depth_of_discharge: 0.5
  VRBF:
    cost: 304.146
    lifetime: 19.4555
    annual_cost: 15.632905862095551
    efficiency: 0.659858
    discharge_ratio: 0.5
    depth_of_discharge: 1.0
