cost_values:
  wind_capex: 5000.0
  wind_opex: 100
  wind_lifetime: 20
  solar_capex: 1000.0
  solar_opex: 10
  solar_lifetime: 20
  carbon_price: 1.0
timeseries_values:
  load_level: 248857.37643537179
  wind_year: 2018
  solar_year: 2019
  price_year: 2023
  carbon_year: 2023
storage_values:
  CAES:
    cost: 48.6133
    lifetime: 26.7597
    annual_cost: 1.816660874374526
    efficiency: 0.60891
    discharge_ratio: 0.1
    depth_of_discharge: 0.4
  Li-ion:
    cost: 197.57
    lifetime: 18.1367
    annual_cost: 10.893381927252475
    efficiency: 0.92777
    discharge_ratio: 2
    depth_of_discharge: 0.9
  Pb-acid:
    cost: 143.205
    lifetime: 12.0144
    annual_cost: 11.919446664003196
    efficiency: 0.736035
    discharge_ratio: 5
    depth_of_discharge: 0.5
  VRBF:
    cost: 300.821
    lifetime: 18.6238
    annual_cost: 16.1525037854788
    efficiency: 0.681459
    discharge_ratio: 0.5
    depth_of_discharge: 1.0
