cost_values:
  wind_capex: 5000.0
  wind_opex: 100
  wind_lifetime: 20
  solar_capex: 1000.0
  solar_opex: 10
  solar_lifetime: 20
  carbon_price: 1.0
timeseries_values:
  load_level: 248857.37643537179
  wind_year: 2018
  solar_year: 2019
  price_year: 2023
  carbon_year: 2023
storage_values:
  CAES:
    cost: 46.4994
    lifetime: 26.2104
    annual_cost: 1.7740820437688858
    efficiency: 0.618078
    discharge_ratio: 0.1
    depth_of_discharge: 0.4
  Li-ion:
    cost: 179.873
    lifetime: 20.7856
    annual_cost: 8.653731429451158
    efficiency: 0.915638
    discharge_ratio: 2
    depth_of_discharge: 0.9
  Pb-acid:
    cost: 134.089
    lifetime: 12.3417
    annual_cost: 10.864710696257404
    efficiency: 0.752205
    discharge_ratio: 5
    depth_of_discharge: 0.5
  VRBF:
    cost: 305.964
    lifetime: 21.1798
    annual_cost: 14.446028763255555
    efficiency: 0.650431
    discharge_ratio: 0.5
    depth_of_discharge: 1.0
