cost_values:
  wind_capex: 5000.0
  wind_opex: 100
  wind_lifetime: 20
  solar_capex: 1000.0
  solar_opex: 10
  solar_lifetime: 20
  carbon_price: 1.0
timeseries_values:
  load_level: 248857.37643537179
  wind_year: 2018
  solar_year: 2019
  price_year: 2023
  carbon_year: 2023
storage_values:
  CAES:
    cost: 54.4601
    lifetime: 26.1634
    annual_cost: 2.081537567747311
    efficiency: 0.600167
    discharge_ratio: 0.1
    depth_of_discharge: 0.4
  Li-ion:
    cost: 189.411
    lifetime: 16.6663
    annual_cost: 11.364910028020617
    efficiency: 0.918968
    discharge_ratio: 2
    depth_of_discharge: 0.9
  Pb-acid:
    cost: 112.135
    lifetime: 13.2234
    annual_cost: 8.480042954157025
    efficiency: 0.747342
    discharge_ratio: 5
    depth_of_discharge: 0.5
  VRBF:
    cost: 326.184
    lifetime: 16.4881
    annual_cost: 19.7829950085213
    efficiency: 0.661586
    discharge_ratio: 0.5
    depth_of_discharge: 1.0
