cost_values:
  wind_capex: 5000.0
  wind_opex: 100
  wind_lifetime: 20
  solar_capex: 1000.0
  solar_opex: 10
  solar_lifetime: 20
  carbon_price: 1.0
timeseries_values:
  load_level: 248857.37643537179
  wind_year: 2018
  solar_year: 2019
  price_year: 2023
  carbon_year: 2023
storage_values:
  CAES:
    cost: 53.4326
    lifetime: 27.1364
    annual_cost: 1.9690378974366536
    efficiency: 0.612979
    discharge_ratio: 0.1
    depth_of_discharge: 0.4
  Li-ion:
    cost: 204.99
    lifetime: 20.2931
    annual_cost: 10.101463058872229
    efficiency: 0.91581
    discharge_ratio: 2
    depth_of_discharge: 0.9
  Pb-acid:
    cost: 138.777
    lifetime: 12.4252
    annual_cost: 11.168995267681806
    efficiency: 0.746907
    discharge_ratio: 5
    depth_of_discharge: 0.5
  VRBF:
    cost: 301.643
    lifetime: 17.8666
    annual_cost: 16.883066727860925
    efficiency: 0.683775
    discharge_ratio: 0.5
    depth_of_discharge: 1.0
