cost_values:
  wind_capex: 5000.0
  wind_opex: 100
  wind_lifetime: 20
  solar_capex: 1000.0
  solar_opex: 10
  solar_lifetime: 20
  carbon_price: 1.0
timeseries_values:
  load_level: 248857.37643537179
  wind_year: 2018
  solar_year: 2019
  price_year: 2023
  carbon_year: 2023
storage_values:
  CAES:
    cost: 44.4882
    lifetime: 26.9857
    annual_cost: 1.6485842501769454
    efficiency: 0.604855
    discharge_ratio: 0.1
    depth_of_discharge: 0.4
  Li-ion:
    cost: 183.945
    lifetime: 18.3782
    annual_cost: 10.008869203730507
    efficiency: 0.9174
    discharge_ratio: 2
    depth_of_discharge: 0.9
  Pb-acid:
    cost: 121.983
    lifetime: 13.5544
    annual_cost: 8.99951307324559
    efficiency: 0.748388
    discharge_ratio: 5
    depth_of_discharge: 0.5
  VRBF:
    cost: 320.039
    lifetime: 18.6603
    annual_cost: 17.150796075089897
    efficiency: 0.67021
    discharge_ratio: 0.5
    depth_of_discharge: 1.0
