cost_values:
  wind_capex: 5000.0
  wind_opex: 100
  wind_lifetime: 20
  solar_capex: 1000.0
  solar_opex: 10
  solar_lifetime: 20
  carbon_price: 1.0
timeseries_values:
  load_level: 248857.37643537179
  wind_year: 2018
  solar_year: 2019
  price_year: 2023
  carbon_year: 2023
storage_values:
  CAES:
    cost: 51.6068
    lifetime: 27.0082
    annual_cost: 1.9107826511948225
    efficiency: 0.600892
    discharge_ratio: 0.1
    depth_of_discharge: 0.4
  Li-ion:
    cost: 211.327
    lifetime: 19.4718
    annual_cost: 10.852977125894883
    efficiency: 0.909242
    discharge_ratio: 2
    depth_of_discharge: 0.9
  Pb-acid:
    cost: 146.424
    lifetime: 14.1188
    annual_cost: 10.370853047001162
    efficiency: 0.754057
    discharge_ratio: 5
    depth_of_discharge: 0.5
  VRBF:
    cost: 324.634
    lifetime: 19.9549
    annual_cost: 16.268385208645498
    efficiency: 0.672261
    discharge_ratio: 0.5
    depth_of_discharge: 1.0
