cost_values:
  wind_capex: 5000.0
  wind_opex: 100
  wind_lifetime: 20
  solar_capex: 1000.0
  solar_opex: 10
  solar_lifetime: 20
  carbon_price: 1.0
timeseries_values:
  load_level: 248857.37643537179
  wind_year: 2018
  solar_year: 2019
  price_year: 2023
  carbon_year: 2023
storage_values:
  CAES:
    cost: 51.4183
    lifetime: 25.5092
    annual_cost: 2.0156766970347952
    efficiency: 0.594844
    discharge_ratio: 0.1
    depth_of_discharge: 0.4
  Li-ion:
    cost: 215.354
    lifetime: 19.0019
    annual_cost: 11.333287723859195
    efficiency: 0.933413
    discharge_ratio: 2
    depth_of_discharge: 0.9
  Pb-acid:
    cost: 134.572
    lifetime: 13.1431
    annual_cost: 10.238984714412886
    efficiency: 0.742421
    discharge_ratio: 5
    depth_of_discharge: 0.5
  VRBF:
    cost: 313.354
    lifetime: 20.6638
    annual_cost: 15.164393770748847
    efficiency: 0.656007
    discharge_ratio: 0.5
    depth_of_discharge: 1.0
