cost_values:
  wind_capex: 5000.0
  wind_opex: 100
  wind_lifetime: 20
  solar_capex: 1000.0
  solar_opex: 10
  solar_lifetime: 20
  carbon_price: 1.0
timeseries_values:
  load_level: 248857.37643537179
  wind_year: 2018
  solar_year: 2019
  price_year: 2023
  carbon_year: 2023
storage_values:
  CAES:
    cost: 47.9102
    lifetime: 25.8205
    annual_cost: 1.8555101566584693
    efficiency: 0.610249
    discharge_ratio: 0.1
    depth_of_discharge: 0.4
  Li-ion:
    cost: 200.258
    lifetime: 18.2074
    annual_cost: 10.998714808264772
    efficiency: 0.899393
    discharge_ratio: 2
    depth_of_discharge: 0.9
  Pb-acid:
    cost: 125.611
    lifetime: 13.3953
    annual_cost: 9.377244257314132
    efficiency: 0.738525
    discharge_ratio: 5
    depth_of_discharge: 0.5
  VRBF:
    cost: 305.982
    lifetime: 20.2901
    annual_cost: 15.080359387090258
    efficiency: 0.687383
    discharge_ratio: 0.5
    depth_of_discharge: 1.0
