cost_values:
  wind_capex: 5000.0
  wind_opex: 100
  wind_lifetime: 20
  solar_capex: 1000.0
  solar_opex: 10
  solar_lifetime: 20
  carbon_price: 1.0
timeseries_values:
  load_level: 248857.37643537179
  wind_year: 2018
  solar_year: 2019
  price_year: 2023
  carbon_year: 2023
storage_values:
  CAES:
    cost: 47.5708
    lifetime: 26.2514
    annual_cost: 1.8121243057513123
    efficiency: 0.603028
    discharge_ratio: 0.1
    depth_of_discharge: 0.4
  Li-ion:
    cost: 174.975
    lifetime: 19.2544
    annual_cost: 9.087533239155725
    efficiency: 0.919675
    discharge_ratio: 2
    depth_of_discharge: 0.9
  Pb-acid:
    cost: 140.34
    lifetime: 13.6362
    annual_cost: 10.291723500682007
    efficiency: 0.751439
    discharge_ratio: 5
    depth_of_discharge: 0.5
  VRBF:
    cost: 280.74
    lifetime: 17.9328
    annual_cost: 15.655112419700215
    efficiency: 0.656039
    discharge_ratio: 0.5
    depth_of_discharge: 1.0
