cost_values:
  wind_capex: 5000.0
  wind_opex: 100
  wind_lifetime: 20
  solar_capex: 1000.0
  solar_opex: 10
  solar_lifetime: 20
  carbon_price: 1.0
timeseries_values:
  load_level: 248857.37643537179
  wind_year: 2018
  solar_year: 2019
  price_year: 2023
  carbon_year: 2023
storage_values:
  CAES:
    cost: 51.9725
    lifetime: 24.9382
    annual_cost: 2.0840517759902477
    efficiency: 0.6096
    discharge_ratio: 0.1
    depth_of_discharge: 0.4
  Li-ion:
    cost: 178.16
    lifetime: 18.2896
    annual_cost: 9.741055025807016
    efficiency: 0.914101
    discharge_ratio: 2
    depth_of_discharge: 0.9
  Pb-acid:
    cost: 148.923
    lifetime: 12.6565
    annual_cost: 11.766523130407302
    efficiency: 0.715356
    discharge_ratio: 5
    depth_of_discharge: 0.5
  VRBF:
    cost: 317.516
    lifetime: 18.5509
    annual_cost: 17.115935075926238
    efficiency: 0.682654
    discharge_ratio: 0.5
    depth_of_discharge: 1.0
