cost_values:
  wind_capex: 5000.0
  wind_opex: 100
  wind_lifetime: 20
  solar_capex: 1000.0
  solar_opex: 10
  solar_lifetime: 20
  carbon_price: 1.0
timeseries_values:
  load_level: 248857.37643537179
  wind_year: 2018
  solar_year: 2019
  price_year: 2023
  carbon_year: 2023
storage_values:
  CAES:
    cost: 50.6568
    lifetime: 26.1291
    annual_cost: 1.9387120107466387
    efficiency: 0.599342
    discharge_ratio: 0.1
    depth_of_discharge: 0.4
  Li-ion:
    cost: 188.271
    lifetime: 18.4783
    annual_cost: 10.18876195320998
    efficiency: 0.911478
    discharge_ratio: 2
    depth_of_discharge: 0.9
  Pb-acid:
    cost: 150.088
    lifetime: 13.2089
    annual_cost: 11.362641855112841
    efficiency: 0.732112
    discharge_ratio: 5
    depth_of_discharge: 0.5
  VRBF:
    cost: 313.4
    lifetime: 18.2049
    annual_cost: 17.215145372949042
    efficiency: 0.700653
    discharge_ratio: 0.5
    depth_of_discharge: 1.0
