cost_values:
  wind_capex: 5000.0
  wind_opex: 100
  wind_lifetime: 20
  solar_capex: 1000.0
  solar_opex: 10
  solar_lifetime: 20
  carbon_price: 1.0
timeseries_values:
  load_level: 248857.37643537179
  wind_year: 2018
  solar_year: 2019
  price_year: 2023
  carbon_year: 2023
storage_values:
  CAES:
    cost: 50.392
    lifetime: 26.5248
    annual_cost: 1.8998069730968756
    efficiency: 0.609164
    discharge_ratio: 0.1
    depth_of_discharge: 0.4
  Li-ion:
    cost: 212.661
    lifetime: 18.7117
    annual_cost: 11.365135182800065
    efficiency: 0.930229
    discharge_ratio: 2
    depth_of_discharge: 0.9
  Pb-acid:
    cost: 116.833
    lifetime: 13.5684
    annual_cost: 8.610668907166652
    efficiency: 0.749022
    discharge_ratio: 5
    depth_of_discharge: 0.5
  VRBF:
    cost: 300.994
    lifetime: 18.9072
    annual_cost: 15.91954387746467
    efficiency: 0.685117
    discharge_ratio: 0.5
    depth_of_discharge: 1.0
