cost_values:
  wind_capex: 5000.0
  wind_opex: 100
  wind_lifetime: 20
  solar_capex: 1000.0
  solar_opex: 10
  solar_lifetime: 20
  carbon_price: 1.0
timeseries_values:
  load_level: 248857.37643537179
  wind_year: 2018
  solar_year: 2019
  price_year: 2023
  carbon_year: 2023
storage_values:
  CAES:
    cost: 47.7005
    lifetime: 25.7971
    annual_cost: 1.8490644297227208
    efficiency: 0.611742
    discharge_ratio: 0.1
    depth_of_discharge: 0.4
  Li-ion:
    cost: 217.348
    lifetime: 20.5349
    annual_cost: 10.584322300084247
    efficiency: 0.928544
    discharge_ratio: 2
    depth_of_discharge: 0.9
  Pb-acid:
    cost: 136.596
    lifetime: 12.7276
    annual_cost: 10.732266884565826
    efficiency: 0.742027
    discharge_ratio: 5
    depth_of_discharge: 0.5
  VRBF:
    cost: 303.781
    lifetime: 19.3402
    annual_cost: 15.707231569477049
    efficiency: 0.657149
    discharge_ratio: 0.5
    depth_of_discharge: 1.0
