cost_values:
  wind_capex: 5000.0
  wind_opex: 100
  wind_lifetime: 20
  solar_capex: 1000.0
  solar_opex: 10
  solar_lifetime: 20
  carbon_price: 1.0
timeseries_values:
  load_level: 248857.37643537179
  wind_year: 2018
  solar_year: 2019
  price_year: 2023
  carbon_year: 2023
storage_values:
  CAES:
    cost: 54.7473
    lifetime: 26.1012
    annual_cost: 2.0975012643096873
    efficiency: 0.602058
    discharge_ratio: 0.1
    depth_of_discharge: 0.4
  Li-ion:
    cost: 195.651
    lifetime: 19.4391
    annual_cost: 10.064817815639614
    efficiency: 0.906009
    discharge_ratio: 2
    depth_of_discharge: 0.9
  Pb-acid:
    cost: 142.128
    lifetime: 13.158
    annual_cost: 10.801641586867305
    efficiency: 0.746079
    discharge_ratio: 5
    depth_of_discharge: 0.5
  VRBF:
    cost: 303.311
    lifetime: 20.0299
    annual_cost: 15.142911347535433
    efficiency: 0.669493
    discharge_ratio: 0.5
    depth_of_discharge: 1.0
