cost_values:
  wind_capex: 5000.0
  wind_opex: 100
  wind_lifetime: 20
  solar_capex: 1000.0
  solar_opex: 10
  solar_lifetime: 20
  carbon_price: 1.0
timeseries_values:
  load_level: 248857.37643537179
  wind_year: 2018
  solar_year: 2019
  price_year: 2023
  carbon_year: 2023
storage_values:
  CAES:
    cost: 48.0482
    lifetime: 26.8346
    annual_cost: 1.7905316270784735
    efficiency: 0.618986
    discharge_ratio: 0.1
    depth_of_discharge: 0.4
  Li-ion:
    cost: 211.996
    lifetime: 17.7377
    annual_cost: 11.951718655744545
    efficiency: 0.911814
    discharge_ratio: 2
    depth_of_discharge: 0.9
  Pb-acid:
    cost: 145.864
    lifetime: 11.2306
    annual_cost: 12.98808612184567
    efficiency: 0.750854
    discharge_ratio: 5
    depth_of_discharge: 0.5
  VRBF:
    cost: 307.852
    lifetime: 18.9102
    annual_cost: 16.27967974955315
    efficiency: 0.657458
    discharge_ratio: 0.5
    depth_of_discharge: 1.0
