cost_values:
  wind_capex: 5000.0
  wind_opex: 100
  wind_lifetime: 20
  solar_capex: 1000.0
  solar_opex: 10
  solar_lifetime: 20
  carbon_price: 1.0
timeseries_values:
  load_level: 248857.37643537179
  wind_year: 2018
  solar_year: 2019
  price_year: 2023
  carbon_year: 2023
storage_values:
  CAES:
    cost: 45.1528
    lifetime: 27.0702
    annual_cost: 1.6679891541252003
    efficiency: 0.61232
    discharge_ratio: 0.1
    depth_of_discharge: 0.4
  Li-ion:
    cost: 196.754
    lifetime: 20.6011
    annual_cost: 9.550655062108333
    efficiency: 0.920209
    discharge_ratio: 2
    depth_of_discharge: 0.9
  Pb-acid:
    cost: 130.349
    lifetime: 13.887
    annual_cost: 9.386404551018938
    efficiency: 0.730169
    discharge_ratio: 5
    depth_of_discharge: 0.5
  VRBF:
    cost: 363.813
    lifetime: 18.7384
    annual_cost: 19.41537164325663
    efficiency: 0.664667
    discharge_ratio: 0.5
    depth_of_discharge: 1.0
