cost_values:
  wind_capex: 5000.0
  wind_opex: 100
  wind_lifetime: 20
  solar_capex: 1000.0
  solar_opex: 10
  solar_lifetime: 20
  carbon_price: 1.0
timeseries_values:
  load_level: 248857.37643537179
  wind_year: 2018
  solar_year: 2019
  price_year: 2023
  carbon_year: 2023
storage_values:
  CAES:
    cost: 49.6755
    lifetime: 27.4802
    annual_cost: 1.8076833501939578
    efficiency: 0.612014
    discharge_ratio: 0.1
    depth_of_discharge: 0.4
  Li-ion:
    cost: 212.506
    lifetime: 22.3122
    annual_cost: 9.52420648793037
    efficiency: 0.905225
    discharge_ratio: 2
    depth_of_discharge: 0.9
  Pb-acid:
    cost: 135.91
    lifetime: 11.4404
    annual_cost: 11.879829376595223
    efficiency: 0.743402
    discharge_ratio: 5
    depth_of_discharge: 0.5
  VRBF:
    cost: 316.206
    lifetime: 19.0809
    annual_cost: 16.571859817933117
    efficiency: 0.686381
    discharge_ratio: 0.5
    depth_of_discharge: 1.0
