cost_values:
  wind_capex: 5000.0
  wind_opex: 100
  wind_lifetime: 20
  solar_capex: 1000.0
  solar_opex: 10
  solar_lifetime: 20
  carbon_price: 1.0
timeseries_values:
  load_level: 248857.37643537179
  wind_year: 2018
  solar_year: 2019
  price_year: 2023
  carbon_year: 2023
storage_values:
  CAES:
    cost: 54.2009
    lifetime: 26.6646
    annual_cost: 2.032691283574477
    efficiency: 0.610704
    discharge_ratio: 0.1
    depth_of_discharge: 0.4
  Li-ion:
    cost: 207.041
    lifetime: 20.5099
    annual_cost: 10.094685980916534
    efficiency: 0.908288
    discharge_ratio: 2
    depth_of_discharge: 0.9
  Pb-acid:
    cost: 123.118
    lifetime: 13.2304
    annual_cost: 9.3056899262305
    efficiency: 0.752174
    discharge_ratio: 5
    depth_of_discharge: 0.5
  VRBF:
    cost: 325.202
    lifetime: 18.8899
    annual_cost: 17.215654926706865
    efficiency: 0.676785
    discharge_ratio: 0.5
    depth_of_discharge: 1.0
