cost_values:
  wind_capex: 5000.0
  wind_opex: 100
  wind_lifetime: 20
  solar_capex: 1000.0
  solar_opex: 10
  solar_lifetime: 20
  carbon_price: 1.0
timeseries_values:
  load_level: 248857.37643537179
  wind_year: 2018
  solar_year: 2019
  price_year: 2023
  carbon_year: 2023
storage_values:
  CAES:
    cost: 52.1951
    lifetime: 25.0277
    annual_cost: 2.085493273453014
    efficiency: 0.616952
    discharge_ratio: 0.1
    depth_of_discharge: 0.4
  Li-ion:
    cost: 201.854
    lifetime: 17.8524
    annual_cost: 11.306827093275976
    efficiency: 0.927397
    discharge_ratio: 2
    depth_of_discharge: 0.9
  Pb-acid:
    cost: 148.624
    lifetime: 12.8957
    annual_cost: 11.525082004078879
    efficiency: 0.743257
    discharge_ratio: 5
    depth_of_discharge: 0.5
  VRBF:
    cost: 316.017
    lifetime: 18.4242
    annual_cost: 17.15227798221904
    efficiency: 0.697952
    discharge_ratio: 0.5
    depth_of_discharge: 1.0
