cost_values:
  wind_capex: 5000.0
  wind_opex: 100
  wind_lifetime: 20
  solar_capex: 1000.0
  solar_opex: 10
  solar_lifetime: 20
  carbon_price: 1.0
timeseries_values:
  load_level: 248857.37643537179
  wind_year: 2018
  solar_year: 2019
  price_year: 2023
  carbon_year: 2023
storage_values:
  CAES:
    cost: 50.7224
    lifetime: 25.6079
    annual_cost: 1.9807325083275082
    efficiency: 0.61277
    discharge_ratio: 0.1
    depth_of_discharge: 0.4
  Li-ion:
    cost: 201.473
    lifetime: 20.5179
    annual_cost: 9.819377226714234
    efficiency: 0.916182
    discharge_ratio: 2
    depth_of_discharge: 0.9
  Pb-acid:
    cost: 146.531
    lifetime: 14.5561
    annual_cost: 10.066638728780374
    efficiency: 0.747564
    discharge_ratio: 5
    depth_of_discharge: 0.5
  VRBF:
    cost: 318.325
    lifetime: 18.9989
    annual_cost: 16.754917389954155
    efficiency: 0.68563
    discharge_ratio: 0.5
    depth_of_discharge: 1.0
