cost_values:
  wind_capex: 5000.0
  wind_opex: 100
  wind_lifetime: 20
  solar_capex: 1000.0
  solar_opex: 10
  solar_lifetime: 20
  carbon_price: 1.0
timeseries_values:
  load_level: 248857.37643537179
  wind_year: 2018
  solar_year: 2019
  price_year: 2023
  carbon_year: 2023
storage_values:
  CAES:
    cost: 52.0452
    lifetime: 26.2071
    annual_cost: 1.9859198461485628
    efficiency: 0.614649
    discharge_ratio: 0.1
    depth_of_discharge: 0.4
  Li-ion:
    cost: 207.77
    lifetime: 19.3748
    annual_cost: 10.723723599727482
    efficiency: 0.913176
    discharge_ratio: 2
    depth_of_discharge: 0.9
  Pb-acid:
    cost: 141.949
    lifetime: 12.923
    annual_cost: 10.984214191751143
    efficiency: 0.727857
    discharge_ratio: 5
    depth_of_discharge: 0.5
  VRBF:
    cost: 307.472
    lifetime: 18.9817
    annual_cost: 16.19833839961647
    efficiency: 0.675481
    discharge_ratio: 0.5
    depth_of_discharge: 1.0
