cost_values:
  wind_capex: 5000.0
  wind_opex: 100
  wind_lifetime: 20
  solar_capex: 1000.0
  solar_opex: 10
  solar_lifetime: 20
  carbon_price: 1.0
timeseries_values:
  load_level: 248857.37643537179
  wind_year: 2018
  solar_year: 2019
  price_year: 2023
  carbon_year: 2023
storage_values:
  CAES:
    cost: 47.5414
    lifetime: 26.7796
    annual_cost: 1.7752841715335557
    efficiency: 0.611276
    discharge_ratio: 0.1
    depth_of_discharge: 0.4
  Li-ion:
    cost: 203.483
    lifetime: 20.5081
    annual_cost: 9.922079568560715
    efficiency: 0.917862
    discharge_ratio: 2
    depth_of_discharge: 0.9
  Pb-acid:
    cost: 137.303
    lifetime: 12.2239
    annual_cost: 11.232339924246762
    efficiency: 0.75175
    discharge_ratio: 5
    depth_of_discharge: 0.5
  VRBF:
    cost: 334.839
    lifetime: 19.0508
    annual_cost: 17.576112289247696
    efficiency: 0.663983
    discharge_ratio: 0.5
    depth_of_discharge: 1.0
