cost_values:
  wind_capex: 5000.0
  wind_opex: 100
  wind_lifetime: 20
  solar_capex: 1000.0
  solar_opex: 10
  solar_lifetime: 20
  carbon_price: 1.0
timeseries_values:
  load_level: 248857.37643537179
  wind_year: 2018
  solar_year: 2019
  price_year: 2023
  carbon_year: 2023
storage_values:
  CAES:
    cost: 50.2008
    lifetime: 25.9541
    annual_cost: 1.9342146327555183
    efficiency: 0.610736
    discharge_ratio: 0.1
    depth_of_discharge: 0.4
  Li-ion:
    cost: 205.645
    lifetime: 18.9415
    annual_cost: 10.856848718422512
    efficiency: 0.916598
    discharge_ratio: 2
    depth_of_discharge: 0.9
  Pb-acid:
    cost: 136.327
    lifetime: 12.6036
    annual_cost: 10.816512742391062
    efficiency: 0.740352
    discharge_ratio: 5
    depth_of_discharge: 0.5
  VRBF:
    cost: 309.075
    lifetime: 17.341
    annual_cost: 17.82336658785537
    efficiency: 0.677443
    discharge_ratio: 0.5
    depth_of_discharge: 1.0
