cost_values:
  wind_capex: 5000.0
  wind_opex: 100
  wind_lifetime: 20
  solar_capex: 1000.0
  solar_opex: 10
  solar_lifetime: 20
  carbon_price: 1.0
timeseries_values:
  load_level: 248857.37643537179
  wind_year: 2018
  solar_year: 2019
  price_year: 2023
  carbon_year: 2023
storage_values:
  CAES:
    cost: 49.616
    lifetime: 27.0256
    annual_cost: 1.8358889349357645
    efficiency: 0.612292
    discharge_ratio: 0.1
    depth_of_discharge: 0.4
  Li-ion:
    cost: 194.913
    lifetime: 17.9982
    annual_cost: 10.82958295829583
    efficiency: 0.920412
    discharge_ratio: 2
    depth_of_discharge: 0.9
  Pb-acid:
    cost: 124.881
    lifetime: 12.2006
    annual_cost: 10.235644148648428
    efficiency: 0.733068
    discharge_ratio: 5
    depth_of_discharge: 0.5
  VRBF:
    cost: 297.241
    lifetime: 19.1933
    annual_cost: 15.486706298552098
    efficiency: 0.663053
    discharge_ratio: 0.5
    depth_of_discharge: 1.0
