cost_values:
  wind_capex: 5000.0
  wind_opex: 100
  wind_lifetime: 20
  solar_capex: 1000.0
  solar_opex: 10
  solar_lifetime: 20
  carbon_price: 1.0
timeseries_values:
  load_level: 248857.37643537179
  wind_year: 2018
  solar_year: 2019
  price_year: 2023
  carbon_year: 2023
storage_values:
  CAES:
    cost: 49.4696
    lifetime: 25.6318
    annual_cost: 1.9300088171724188
    efficiency: 0.607578
    discharge_ratio: 0.1
    depth_of_discharge: 0.4
  Li-ion:
    cost: 195.852
    lifetime: 19.7427
    annual_cost: 9.920223677612485
    efficiency: 0.919621
    discharge_ratio: 2
    depth_of_discharge: 0.9
  Pb-acid:
    cost: 154.783
    lifetime: 12.9047
    annual_cost: 11.99431214983688
    efficiency: 0.743054
    discharge_ratio: 5
    depth_of_discharge: 0.5
  VRBF:
    cost: 282.439
    lifetime: 20.1561
    annual_cost: 14.012581799058351
    efficiency: 0.678165
    discharge_ratio: 0.5
    depth_of_discharge: 1.0
