cost_values:
  wind_capex: 5000.0
  wind_opex: 100
  wind_lifetime: 20
  solar_capex: 1000.0
  solar_opex: 10
  solar_lifetime: 20
  carbon_price: 1.0
timeseries_values:
  load_level: 248857.37643537179
  wind_year: 2018
  solar_year: 2019
  price_year: 2023
  carbon_year: 2023
storage_values:
  CAES:
    cost: 52.9709
    lifetime: 25.0031
    annual_cost: 2.1185732969111832
    efficiency: 0.610054
    discharge_ratio: 0.1
    depth_of_discharge: 0.4
  Li-ion:
    cost: 195.238
    lifetime: 19.9804
    annual_cost: 9.771476046525596
    efficiency: 0.919342
    discharge_ratio: 2
    depth_of_discharge: 0.9
  Pb-acid:
    cost: 131.387
    lifetime: 11.7488
    annual_cost: 11.183014435516819
    efficiency: 0.744515
    discharge_ratio: 5
    depth_of_discharge: 0.5
  VRBF:
    cost: 284.423
    lifetime: 18.8334
    annual_cost: 15.102052736096509
    efficiency: 0.676298
    discharge_ratio: 0.5
    depth_of_discharge: 1.0
