cost_values:
  wind_capex: 5000.0
  wind_opex: 100
  wind_lifetime: 20
  solar_capex: 1000.0
  solar_opex: 10
  solar_lifetime: 20
  carbon_price: 1.0
timeseries_values:
  load_level: 248857.37643537179
  wind_year: 2018
  solar_year: 2019
  price_year: 2023
  carbon_year: 2023
storage_values:
  CAES:
    cost: 39.725
    lifetime: 27.5682
    annual_cost: 1.4409718443714135
    efficiency: 0.603402
    discharge_ratio: 0.1
    depth_of_discharge: 0.4
  Li-ion:
    cost: 212.747
    lifetime: 19.6598
    annual_cost: 10.821422394937894
    efficiency: 0.914771
    discharge_ratio: 2
    depth_of_discharge: 0.9
  Pb-acid:
    cost: 163.823
    lifetime: 12.3735
    annual_cost: 13.239827049743404
    efficiency: 0.743513
    discharge_ratio: 5
    depth_of_discharge: 0.5
  VRBF:
    cost: 276.883
    lifetime: 18.2482
    annual_cost: 15.173167764491838
    efficiency: 0.674159
    discharge_ratio: 0.5
    depth_of_discharge: 1.0
