cost_values:
  wind_capex: 5000.0
  wind_opex: 100
  wind_lifetime: 20
  solar_capex: 1000.0
  solar_opex: 10
  solar_lifetime: 20
  carbon_price: 1.0
timeseries_values:
  load_level: 248857.37643537179
  wind_year: 2018
  solar_year: 2019
  price_year: 2023
  carbon_year: 2023
storage_values:
  CAES:
    cost: 49.3897
    lifetime: 26.055
    annual_cost: 1.8955939359048166
    efficiency: 0.615102
    discharge_ratio: 0.1
    depth_of_discharge: 0.4
  Li-ion:
    cost: 195.851
    lifetime: 19.7258
    annual_cost: 9.928672094414422
    efficiency: 0.916516
    discharge_ratio: 2
    depth_of_discharge: 0.9
  Pb-acid:
    cost: 129.645
    lifetime: 12.0114
    annual_cost: 10.793496178630303
    efficiency: 0.743919
    discharge_ratio: 5
    depth_of_discharge: 0.5
  VRBF:
    cost: 283.203
    lifetime: 19.848
    annual_cost: 14.268591293833131
    efficiency: 0.679032
    discharge_ratio: 0.5
    depth_of_discharge: 1.0
