cost_values:
  wind_capex: 5000.0
  wind_opex: 100
  wind_lifetime: 20
  solar_capex: 1000.0
  solar_opex: 10
  solar_lifetime: 20
  carbon_price: 1.0
timeseries_values:
  load_level: 248857.37643537179
  wind_year: 2018
  solar_year: 2019
  price_year: 2023
  carbon_year: 2023
storage_values:
  CAES:
    cost: 48.6686
    lifetime: 25.4641
    annual_cost: 1.911263307951194
    efficiency: 0.60108
    discharge_ratio: 0.1
    depth_of_discharge: 0.4
  Li-ion:
    cost: 214.177
    lifetime: 21.2156
    annual_cost: 10.095260091630687
    efficiency: 0.934971
    discharge_ratio: 2
    depth_of_discharge: 0.9
  Pb-acid:
    cost: 119.083
    lifetime: 13.046
    annual_cost: 9.127931933159589
    efficiency: 0.743451
    discharge_ratio: 5
    depth_of_discharge: 0.5
  VRBF:
    cost: 316.614
    lifetime: 18.4315
    annual_cost: 17.177874833844232
    efficiency: 0.691568
    discharge_ratio: 0.5
    depth_of_discharge: 1.0
