cost_values:
  wind_capex: 5000.0
  wind_opex: 100
  wind_lifetime: 20
  solar_capex: 1000.0
  solar_opex: 10
  solar_lifetime: 20
  carbon_price: 1.0
timeseries_values:
  load_level: 248857.37643537179
  wind_year: 2018
  solar_year: 2019
  price_year: 2023
  carbon_year: 2023
storage_values:
  CAES:
    cost: 50.0188
    lifetime: 26.5963
    annual_cost: 1.8806676116602685
    efficiency: 0.610546
    discharge_ratio: 0.1
    depth_of_discharge: 0.4
  Li-ion:
    cost: 199.973
    lifetime: 18.8294
    annual_cost: 10.62025343346044
    efficiency: 0.930285
    discharge_ratio: 2
    depth_of_discharge: 0.9
  Pb-acid:
    cost: 143.602
    lifetime: 12.8195
    annual_cost: 11.20184094543469
    efficiency: 0.746078
    discharge_ratio: 5
    depth_of_discharge: 0.5
  VRBF:
    cost: 336.83
    lifetime: 19.8099
    annual_cost: 17.003114604314003
    efficiency: 0.684588
    discharge_ratio: 0.5
    depth_of_discharge: 1.0
