cost_values:
  wind_capex: 5000.0
  wind_opex: 100
  wind_lifetime: 20
  solar_capex: 1000.0
  solar_opex: 10
  solar_lifetime: 20
  carbon_price: 1.0
timeseries_values:
  load_level: 248857.37643537179
  wind_year: 2018
  solar_year: 2019
  price_year: 2023
  carbon_year: 2023
storage_values:
  CAES:
    cost: 52.1734
    lifetime: 25.6965
    annual_cost: 2.0303698947327455
    efficiency: 0.606323
    discharge_ratio: 0.1
    depth_of_discharge: 0.4
  Li-ion:
    cost: 190.431
    lifetime: 18.9332
    annual_cost: 10.058046183423828
    efficiency: 0.905085
    discharge_ratio: 2
    depth_of_discharge: 0.9
  Pb-acid:
    cost: 129.735
    lifetime: 12.3537
    annual_cost: 10.501712037689115
    efficiency: 0.747065
    discharge_ratio: 5
    depth_of_discharge: 0.5
  VRBF:
    cost: 313.823
    lifetime: 18.8145
    annual_cost: 16.679847989582502
    efficiency: 0.659788
    discharge_ratio: 0.5
    depth_of_discharge: 1.0
