cost_values:
  wind_capex: 5000.0
  wind_opex: 100
  wind_lifetime: 20
  solar_capex: 1000.0
  solar_opex: 10
  solar_lifetime: 20
  carbon_price: 1.0
timeseries_values:
  load_level: 248857.37643537179
  wind_year: 2018
  solar_year: 2019
  price_year: 2023
  carbon_year: 2023
storage_values:
  CAES:
    cost: 48.1912
    lifetime: 25.6351
    annual_cost: 1.8798912428662264
    efficiency: 0.613181
    discharge_ratio: 0.1
    depth_of_discharge: 0.4
  Li-ion:
    cost: 186.073
    lifetime: 20.3197
    annual_cost: 9.157271022702107
    efficiency: 0.905786
    discharge_ratio: 2
    depth_of_discharge: 0.9
  Pb-acid:
    cost: 131.787
    lifetime: 10.7294
    annual_cost: 12.28279307323802
    efficiency: 0.744993
    discharge_ratio: 5
    depth_of_discharge: 0.5
  VRBF:
    cost: 329.278
    lifetime: 16.3793
    annual_cost: 20.10330111787439
    efficiency: 0.661125
    discharge_ratio: 0.5
    depth_of_discharge: 1.0
