cost_values:
  wind_capex: 5000.0
  wind_opex: 100
  wind_lifetime: 20
  solar_capex: 1000.0
  solar_opex: 10
  solar_lifetime: 20
  carbon_price: 1.0
timeseries_values:
  load_level: 248857.37643537179
  wind_year: 2018
  solar_year: 2019
  price_year: 2023
  carbon_year: 2023
storage_values:
  CAES:
    cost: 49.1774
    lifetime: 25.0804
    annual_cost: 1.9607900990414824
    efficiency: 0.605674
    discharge_ratio: 0.1
    depth_of_discharge: 0.4
  Li-ion:
    cost: 192.303
    lifetime: 16.5497
    annual_cost: 11.6197272458111
    efficiency: 0.923876
    discharge_ratio: 2
    depth_of_discharge: 0.9
  Pb-acid:
    cost: 151.014
    lifetime: 10.5719
    annual_cost: 14.284471097910501
    efficiency: 0.750898
    discharge_ratio: 5
    depth_of_discharge: 0.5
  VRBF:
    cost: 302.203
    lifetime: 20.9414
    annual_cost: 14.430888097261882
    efficiency: 0.6832
    discharge_ratio: 0.5
    depth_of_discharge: 1.0
