cost_values:
  wind_capex: 5000.0
  wind_opex: 100
  wind_lifetime: 20
  solar_capex: 1000.0
  solar_opex: 10
  solar_lifetime: 20
  carbon_price: 1.0
timeseries_values:
  load_level: 248857.37643537179
  wind_year: 2018
  solar_year: 2019
  price_year: 2023
  carbon_year: 2023
storage_values:
  CAES:
    cost: 51.1647
    lifetime: 26.5193
    annual_cost: 1.9293382555346483
    efficiency: 0.608807
    discharge_ratio: 0.1
    depth_of_discharge: 0.4
  Li-ion:
    cost: 195.32
    lifetime: 17.717
    annual_cost: 11.024439803578485
    efficiency: 0.917957
    discharge_ratio: 2
    depth_of_discharge: 0.9
  Pb-acid:
    cost: 137.29
    lifetime: 12.8259
    annual_cost: 10.704122127881863
    efficiency: 0.761389
    discharge_ratio: 5
    depth_of_discharge: 0.5
  VRBF:
    cost: 322.509
    lifetime: 19.3028
    annual_cost: 16.70788693868247
    efficiency: 0.662059
    discharge_ratio: 0.5
    depth_of_discharge: 1.0
