cost_values:
  wind_capex: 5000.0
  wind_opex: 100
  wind_lifetime: 20
  solar_capex: 1000.0
  solar_opex: 10
  solar_lifetime: 20
  carbon_price: 1.0
timeseries_values:
  load_level: 248857.37643537179
  wind_year: 2018
  solar_year: 2019
  price_year: 2023
  carbon_year: 2023
storage_values:
  CAES:
    cost: 51.8366
    lifetime: 25.9666
    annual_cost: 1.996279836405228
    efficiency: 0.608731
    discharge_ratio: 0.1
    depth_of_discharge: 0.4
  Li-ion:
    cost: 196.677
    lifetime: 17.2682
    annual_cost: 11.389548418480212
    efficiency: 0.917413
    discharge_ratio: 2
    depth_of_discharge: 0.9
  Pb-acid:
    cost: 124.884
    lifetime: 14.2592
    annual_cost: 8.758135098743267
    efficiency: 0.73262
    discharge_ratio: 5
    depth_of_discharge: 0.5
  VRBF:
    cost: 299.151
    lifetime: 19.8699
    annual_cost: 15.055485936013769
    efficiency: 0.665204
    discharge_ratio: 0.5
    depth_of_discharge: 1.0
