cost_values:
  wind_capex: 5000.0
  wind_opex: 100
  wind_lifetime: 20
  solar_capex: 1000.0
  solar_opex: 10
  solar_lifetime: 20
  carbon_price: 1.0
timeseries_values:
  load_level: 248857.37643537179
  wind_year: 2018
  solar_year: 2019
  price_year: 2023
  carbon_year: 2023
storage_values:
  CAES:
    cost: 43.8855
    lifetime: 27.8438
    annual_cost: 1.5761318498193493
    efficiency: 0.596846
    discharge_ratio: 0.1
    depth_of_discharge: 0.4
  Li-ion:
    cost: 186.922
    lifetime: 19.2675
    annual_cost: 9.701414298689503
    efficiency: 0.923632
    discharge_ratio: 2
    depth_of_discharge: 0.9
  Pb-acid:
    cost: 130.013
    lifetime: 11.1732
    annual_cost: 11.636147209393908
    efficiency: 0.749952
    discharge_ratio: 5
    depth_of_discharge: 0.5
  VRBF:
    cost: 318.528
    lifetime: 18.7557
    annual_cost: 16.982997168860667
    efficiency: 0.685194
    discharge_ratio: 0.5
    depth_of_discharge: 1.0
