cost_values:
  wind_capex: 5000.0
  wind_opex: 100
  wind_lifetime: 20
  solar_capex: 1000.0
  solar_opex: 10
  solar_lifetime: 20
  carbon_price: 1.0
timeseries_values:
  load_level: 248857.37643537179
  wind_year: 2018
  solar_year: 2019
  price_year: 2023
  carbon_year: 2023
storage_values:
  CAES:
    cost: 51.1115
    lifetime: 26.5068
    annual_cost: 1.9282410551254774
    efficiency: 0.613538
    discharge_ratio: 0.1
    depth_of_discharge: 0.4
  Li-ion:
    cost: 192.635
    lifetime: 19.9086
    annual_cost: 9.675969179148709
    efficiency: 0.909831
    discharge_ratio: 2
    depth_of_discharge: 0.9
  Pb-acid:
    cost: 123.818
    lifetime: 13.7281
    annual_cost: 9.019310756768963
    efficiency: 0.739784
    discharge_ratio: 5
    depth_of_discharge: 0.5
  VRBF:
    cost: 315.83
    lifetime: 21.5424
    annual_cost: 14.66085487225193
    efficiency: 0.688739
    discharge_ratio: 0.5
    depth_of_discharge: 1.0
