cost_values:
  wind_capex: 5000.0
  wind_opex: 100
  wind_lifetime: 20
  solar_capex: 1000.0
  solar_opex: 10
  solar_lifetime: 20
  carbon_price: 1.0
timeseries_values:
  load_level: 290761.8249180339
  wind_year: 2014
  solar_year: 2015
  price_year: 2023
  carbon_year: 2023
storage_values:
  CAES:
    cost: 70.8818
    lifetime: 27.7565
    annual_cost: 2.553700934916146
    efficiency: 0.56902
    discharge_ratio: 0.1
    depth_of_discharge: 0.4
  Li-ion:
    cost: 235.715
    lifetime: 15.6791
    annual_cost: 15.03370729187262
    efficiency: 0.887562
    discharge_ratio: 2
    depth_of_discharge: 0.9
  Pb-acid:
    cost: 117.13
    lifetime: 11.7532
    annual_cost: 9.965796549024946
    efficiency: 0.780502
    discharge_ratio: 5
    depth_of_discharge: 0.5
  VRBF:
    cost: 292.817
    lifetime: 19.0568
    annual_cost: 15.36548633558625
    efficiency: 0.75851
    discharge_ratio: 0.5
    depth_of_discharge: 1.0
