cost_values:
  wind_capex: 5000.0
  wind_opex: 100
  wind_lifetime: 20
  solar_capex: 1000.0
  solar_opex: 10
  solar_lifetime: 20
  carbon_price: 1.0
timeseries_values:
  load_level: 290761.8249180339
  wind_year: 2014
  solar_year: 2015
  price_year: 2023
  carbon_year: 2023
storage_values:
  CAES:
    cost: 68.6026
    lifetime: 27.8087
    annual_cost: 2.4669473941608198
    efficiency: 0.578148
    discharge_ratio: 0.1
    depth_of_discharge: 0.4
  Li-ion:
    cost: 257.963
    lifetime: 14.0468
    annual_cost: 18.364538542586214
    efficiency: 0.882849
    discharge_ratio: 2
    depth_of_discharge: 0.9
  Pb-acid:
    cost: 122.99
    lifetime: 9.94846
    annual_cost: 12.362717445715214
    efficiency: 0.783002
    discharge_ratio: 5
    depth_of_discharge: 0.5
  VRBF:
    cost: 305.824
    lifetime: 19.8287
    annual_cost: 15.42330056937671
    efficiency: 0.749091
    discharge_ratio: 0.5
    depth_of_discharge: 1.0
