cost_values:
  wind_capex: 5000.0
  wind_opex: 100
  wind_lifetime: 20
  solar_capex: 1000.0
  solar_opex: 10
  solar_lifetime: 20
  carbon_price: 1.0
timeseries_values:
  load_level: 290761.8249180339
  wind_year: 2014
  solar_year: 2015
  price_year: 2023
  carbon_year: 2023
storage_values:
  CAES:
    cost: 62.3307
    lifetime: 29.0223
    annual_cost: 2.1476829885984223
    efficiency: 0.591176
    discharge_ratio: 0.1
    depth_of_discharge: 0.4
  Li-ion:
    cost: 226.395
    lifetime: 15.9614
    annual_cost: 14.183906173643917
    efficiency: 0.895101
    discharge_ratio: 2
    depth_of_discharge: 0.9
  Pb-acid:
    cost: 133.802
    lifetime: 11.1242
    annual_cost: 12.02801100303842
    efficiency: 0.774765
    discharge_ratio: 5
    depth_of_discharge: 0.5
  VRBF:
    cost: 293.568
    lifetime: 16.0278
    annual_cost: 18.31617564481713
    efficiency: 0.76942
    discharge_ratio: 0.5
    depth_of_discharge: 1.0
