cost_values:
  wind_capex: 5000.0
  wind_opex: 100
  wind_lifetime: 20
  solar_capex: 1000.0
  solar_opex: 10
  solar_lifetime: 20
  carbon_price: 1.0
timeseries_values:
  load_level: 290761.8249180339
  wind_year: 2014
  solar_year: 2015
  price_year: 2023
  carbon_year: 2023
storage_values:
  CAES:
    cost: 70.9356
    lifetime: 28.0221
    annual_cost: 2.531416275011509
    efficiency: 0.587744
    discharge_ratio: 0.1
    depth_of_discharge: 0.4
  Li-ion:
    cost: 246.26
    lifetime: 16.8055
    annual_cost: 14.653536044747256
    efficiency: 0.899474
    discharge_ratio: 2
    depth_of_discharge: 0.9
  Pb-acid:
    cost: 137.47
    lifetime: 12.3605
    annual_cost: 11.121718377088305
    efficiency: 0.775114
    discharge_ratio: 5
    depth_of_discharge: 0.5
  VRBF:
    cost: 319.938
    lifetime: 17.835
    annual_cost: 17.938772077375944
    efficiency: 0.779928
    discharge_ratio: 0.5
    depth_of_discharge: 1.0
