cost_values:
  wind_capex: 5000.0
  wind_opex: 100
  wind_lifetime: 20
  solar_capex: 1000.0
  solar_opex: 10
  solar_lifetime: 20
  carbon_price: 1.0
timeseries_values:
  load_level: 290761.8249180339
  wind_year: 2014
  solar_year: 2015
  price_year: 2023
  carbon_year: 2023
storage_values:
  CAES:
    cost: 69.0932
    lifetime: 28.0372
    annual_cost: 2.464340233689527
    efficiency: 0.57198
    discharge_ratio: 0.1
    depth_of_discharge: 0.4
  Li-ion:
    cost: 250.329
    lifetime: 14.7181
    annual_cost: 17.008241552917838
    efficiency: 0.880356
    discharge_ratio: 2
    depth_of_discharge: 0.9
  Pb-acid:
    cost: 108.294
    lifetime: 9.57463
    annual_cost: 11.310515393284126
    efficiency: 0.768601
    discharge_ratio: 5
    depth_of_discharge: 0.5
  VRBF:
    cost: 302.681
    lifetime: 18.102
    annual_cost: 16.720859573527786
    efficiency: 0.746597
    discharge_ratio: 0.5
    depth_of_discharge: 1.0
