cost_values:
  wind_capex: 5000.0
  wind_opex: 100
  wind_lifetime: 20
  solar_capex: 1000.0
  solar_opex: 10
  solar_lifetime: 20
  carbon_price: 1.0
timeseries_values:
  load_level: 290761.8249180339
  wind_year: 2014
  solar_year: 2015
  price_year: 2023
  carbon_year: 2023
storage_values:
  CAES:
    cost: 70.0349
    lifetime: 28.8998
    annual_cost: 2.4233697119011204
    efficiency: 0.580978
    discharge_ratio: 0.1
    depth_of_discharge: 0.4
  Li-ion:
    cost: 231.565
    lifetime: 15.3588
    annual_cost: 15.077024246685939
    efficiency: 0.882453
    discharge_ratio: 2
    depth_of_discharge: 0.9
  Pb-acid:
    cost: 133.072
    lifetime: 10.5993
    annual_cost: 12.55479135414603
    efficiency: 0.753245
    discharge_ratio: 5
    depth_of_discharge: 0.5
  VRBF:
    cost: 283.792
    lifetime: 17.7016
    annual_cost: 16.03199710760609
    efficiency: 0.763964
    discharge_ratio: 0.5
    depth_of_discharge: 1.0
