cost_values:
  wind_capex: 5000.0
  wind_opex: 100
  wind_lifetime: 20
  solar_capex: 1000.0
  solar_opex: 10
  solar_lifetime: 20
  carbon_price: 1.0
timeseries_values:
  load_level: 290761.8249180339
  wind_year: 2014
  solar_year: 2015
  price_year: 2023
  carbon_year: 2023
storage_values:
  CAES:
    cost: 69.5668
    lifetime: 28.3573
    annual_cost: 2.4532236849065323
    efficiency: 0.57476
    discharge_ratio: 0.1
    depth_of_discharge: 0.4
  Li-ion:
    cost: 231.952
    lifetime: 13.6478
    annual_cost: 16.995559723911544
    efficiency: 0.87712
    discharge_ratio: 2
    depth_of_discharge: 0.9
  Pb-acid:
    cost: 150.754
    lifetime: 12.5347
    annual_cost: 12.026933233344234
    efficiency: 0.780436
    discharge_ratio: 5
    depth_of_discharge: 0.5
  VRBF:
    cost: 288.708
    lifetime: 15.9978
    annual_cost: 18.046731425571018
    efficiency: 0.758352
    discharge_ratio: 0.5
    depth_of_discharge: 1.0
