cost_values:
  wind_capex: 5000.0
  wind_opex: 100
  wind_lifetime: 20
  solar_capex: 1000.0
  solar_opex: 10
  solar_lifetime: 20
  carbon_price: 1.0
timeseries_values:
  load_level: 290761.8249180339
  wind_year: 2014
  solar_year: 2015
  price_year: 2023
  carbon_year: 2023
storage_values:
  CAES:
    cost: 64.0941
    lifetime: 27.1456
    annual_cost: 2.3611229812566306
    efficiency: 0.599147
    discharge_ratio: 0.1
    depth_of_discharge: 0.4
  Li-ion:
    cost: 234.152
    lifetime: 14.7883
    annual_cost: 15.833598182346854
    efficiency: 0.884697
    discharge_ratio: 2
    depth_of_discharge: 0.9
  Pb-acid:
    cost: 135.175
    lifetime: 12.6671
    annual_cost: 10.671345453971313
    efficiency: 0.770636
    discharge_ratio: 5
    depth_of_discharge: 0.5
  VRBF:
    cost: 290.76
    lifetime: 18.2422
    annual_cost: 15.938867022617885
    efficiency: 0.763575
    discharge_ratio: 0.5
    depth_of_discharge: 1.0
