cost_values:
  wind_capex: 5000.0
  wind_opex: 100
  wind_lifetime: 20
  solar_capex: 1000.0
  solar_opex: 10
  solar_lifetime: 20
  carbon_price: 1.0
timeseries_values:
  load_level: 290761.8249180339
  wind_year: 2014
  solar_year: 2015
  price_year: 2023
  carbon_year: 2023
storage_values:
  CAES:
    cost: 67.342
    lifetime: 28.0744
    annual_cost: 2.3986977459892285
    efficiency: 0.593575
    discharge_ratio: 0.1
    depth_of_discharge: 0.4
  Li-ion:
    cost: 223.746
    lifetime: 14.9937
    annual_cost: 14.922667520358551
    efficiency: 0.902811
    discharge_ratio: 2
    depth_of_discharge: 0.9
  Pb-acid:
    cost: 106.252
    lifetime: 12.8024
    annual_cost: 8.299381365993876
    efficiency: 0.762047
    discharge_ratio: 5
    depth_of_discharge: 0.5
  VRBF:
    cost: 320.052
    lifetime: 16.8253
    annual_cost: 19.02206795718353
    efficiency: 0.75863
    discharge_ratio: 0.5
    depth_of_discharge: 1.0
