cost_values:
  wind_capex: 5000.0
  wind_opex: 100
  wind_lifetime: 20
  solar_capex: 1000.0
  solar_opex: 10
  solar_lifetime: 20
  carbon_price: 1.0
timeseries_values:
  load_level: 290761.8249180339
  wind_year: 2014
  solar_year: 2015
  price_year: 2023
  carbon_year: 2023
storage_values:
  CAES:
    cost: 66.7538
    lifetime: 28.8795
    annual_cost: 2.311459685936391
    efficiency: 0.581385
    discharge_ratio: 0.1
    depth_of_discharge: 0.4
  Li-ion:
    cost: 233.925
    lifetime: 15.2599
    annual_cost: 15.329392722101717
    efficiency: 0.888489
    discharge_ratio: 2
    depth_of_discharge: 0.9
  Pb-acid:
    cost: 117.576
    lifetime: 11.3621
    annual_cost: 10.348087061370697
    efficiency: 0.770445
    discharge_ratio: 5
    depth_of_discharge: 0.5
  VRBF:
    cost: 323.959
    lifetime: 17.7987
    annual_cost: 18.201273126689028
    efficiency: 0.74759
    discharge_ratio: 0.5
    depth_of_discharge: 1.0
