cost_values:
  wind_capex: 5000.0
  wind_opex: 100
  wind_lifetime: 20
  solar_capex: 1000.0
  solar_opex: 10
  solar_lifetime: 20
  carbon_price: 1.0
timeseries_values:
  load_level: 290761.8249180339
  wind_year: 2014
  solar_year: 2015
  price_year: 2023
  carbon_year: 2023
storage_values:
  CAES:
    cost: 69.8724
    lifetime: 28.5263
    annual_cost: 2.449402831772785
    efficiency: 0.574784
    discharge_ratio: 0.1
    depth_of_discharge: 0.4
  Li-ion:
    cost: 253.012
    lifetime: 13.9278
    annual_cost: 18.165970217837707
    efficiency: 0.881938
    discharge_ratio: 2
    depth_of_discharge: 0.9
  Pb-acid:
    cost: 126.048
    lifetime: 10.5262
    annual_cost: 11.974691721608938
    efficiency: 0.770028
    discharge_ratio: 5
    depth_of_discharge: 0.5
  VRBF:
    cost: 265.987
    lifetime: 16.469
    annual_cost: 16.150768109782014
    efficiency: 0.790828
    discharge_ratio: 0.5
    depth_of_discharge: 1.0
