cost_values:
  wind_capex: 5000.0
  wind_opex: 100
  wind_lifetime: 20
  solar_capex: 1000.0
  solar_opex: 10
  solar_lifetime: 20
  carbon_price: 1.0
timeseries_values:
  load_level: 290761.8249180339
  wind_year: 2014
  solar_year: 2015
  price_year: 2023
  carbon_year: 2023
storage_values:
  CAES:
    cost: 68.5284
    lifetime: 28.4949
    annual_cost: 2.4049356200583265
    efficiency: 0.586515
    discharge_ratio: 0.1
    depth_of_discharge: 0.4
  Li-ion:
    cost: 237.548
    lifetime: 13.3859
    annual_cost: 17.746135859374416
    efficiency: 0.878503
    discharge_ratio: 2
    depth_of_discharge: 0.9
  Pb-acid:
    cost: 159.88
    lifetime: 10.5311
    annual_cost: 15.181699917387546
    efficiency: 0.778771
    discharge_ratio: 5
    depth_of_discharge: 0.5
  VRBF:
    cost: 309.207
    lifetime: 18.7287
    annual_cost: 16.50979512726457
    efficiency: 0.774382
    discharge_ratio: 0.5
    depth_of_discharge: 1.0
