cost_values:
  wind_capex: 5000.0
  wind_opex: 100
  wind_lifetime: 20
  solar_capex: 1000.0
  solar_opex: 10
  solar_lifetime: 20
  carbon_price: 1.0
timeseries_values:
  load_level: 290761.8249180339
  wind_year: 2014
  solar_year: 2015
  price_year: 2023
  carbon_year: 2023
storage_values:
  CAES:
    cost: 62.4028
    lifetime: 28.9461
    annual_cost: 2.15582755535288
    efficiency: 0.583728
    discharge_ratio: 0.1
    depth_of_discharge: 0.4
  Li-ion:
    cost: 233.646
    lifetime: 14.5564
    annual_cost: 16.051084059245415
    efficiency: 0.886284
    discharge_ratio: 2
    depth_of_discharge: 0.9
  Pb-acid:
    cost: 131.441
    lifetime: 11.7529
    annual_cost: 11.183707850828306
    efficiency: 0.757538
    discharge_ratio: 5
    depth_of_discharge: 0.5
  VRBF:
    cost: 323.562
    lifetime: 18.5139
    annual_cost: 17.476706690648648
    efficiency: 0.746108
    discharge_ratio: 0.5
    depth_of_discharge: 1.0
