cost_values:
  wind_capex: 5000.0
  wind_opex: 100
  wind_lifetime: 20
  solar_capex: 1000.0
  solar_opex: 10
  solar_lifetime: 20
  carbon_price: 1.0
timeseries_values:
  load_level: 290761.8249180339
  wind_year: 2014
  solar_year: 2015
  price_year: 2023
  carbon_year: 2023
storage_values:
  CAES:
    cost: 70.0768
    lifetime: 28.9021
    annual_cost: 2.4246265842274437
    efficiency: 0.580897
    discharge_ratio: 0.1
    depth_of_discharge: 0.4
  Li-ion:
    cost: 247.095
    lifetime: 14.2581
    annual_cost: 17.330149178361772
    efficiency: 0.903604
    discharge_ratio: 2
    depth_of_discharge: 0.9
  Pb-acid:
    cost: 116.888
    lifetime: 12.5688
    annual_cost: 9.299853605753931
    efficiency: 0.780087
    discharge_ratio: 5
    depth_of_discharge: 0.5
  VRBF:
    cost: 315.805
    lifetime: 17.1935
    annual_cost: 18.367697094832348
    efficiency: 0.751522
    discharge_ratio: 0.5
    depth_of_discharge: 1.0
