cost_values:
  wind_capex: 5000.0
  wind_opex: 100
  wind_lifetime: 20
  solar_capex: 1000.0
  solar_opex: 10
  solar_lifetime: 20
  carbon_price: 1.0
timeseries_values:
  load_level: 290761.8249180339
  wind_year: 2014
  solar_year: 2015
  price_year: 2023
  carbon_year: 2023
storage_values:
  CAES:
    cost: 62.8294
    lifetime: 28.316
    annual_cost: 2.218865658991383
    efficiency: 0.573444
    discharge_ratio: 0.1
    depth_of_discharge: 0.4
  Li-ion:
    cost: 221.075
    lifetime: 15.593
    annual_cost: 14.17783620855512
    efficiency: 0.905195
    discharge_ratio: 2
    depth_of_discharge: 0.9
  Pb-acid:
    cost: 134.762
    lifetime: 12.1891
    annual_cost: 11.055943424863198
    efficiency: 0.770471
    discharge_ratio: 5
    depth_of_discharge: 0.5
  VRBF:
    cost: 306.439
    lifetime: 16.5558
    annual_cost: 18.509464960920038
    efficiency: 0.764406
    discharge_ratio: 0.5
    depth_of_discharge: 1.0
