cost_values:
  wind_capex: 5000.0
  wind_opex: 100
  wind_lifetime: 20
  solar_capex: 1000.0
  solar_opex: 10
  solar_lifetime: 20
  carbon_price: 1.0
timeseries_values:
  load_level: 290761.8249180339
  wind_year: 2014
  solar_year: 2015
  price_year: 2023
  carbon_year: 2023
storage_values:
  CAES:
    cost: 79.2782
    lifetime: 29.0326
    annual_cost: 2.730661394432466
    efficiency: 0.57603
    discharge_ratio: 0.1
    depth_of_discharge: 0.4
  Li-ion:
    cost: 233.847
    lifetime: 14.3728
    annual_cost: 16.27010742513637
    efficiency: 0.891008
    discharge_ratio: 2
    depth_of_discharge: 0.9
  Pb-acid:
    cost: 130.506
    lifetime: 11.447
    annual_cost: 11.400891063160655
    efficiency: 0.779691
    discharge_ratio: 5
    depth_of_discharge: 0.5
  VRBF:
    cost: 312.926
    lifetime: 19.8841
    annual_cost: 15.737498805578326
    efficiency: 0.766482
    discharge_ratio: 0.5
    depth_of_discharge: 1.0
