cost_values:
  wind_capex: 5000.0
  wind_opex: 100
  wind_lifetime: 20
  solar_capex: 1000.0
  solar_opex: 10
  solar_lifetime: 20
  carbon_price: 1.0
timeseries_values:
  load_level: 290761.8249180339
  wind_year: 2014
  solar_year: 2015
  price_year: 2023
  carbon_year: 2023
storage_values:
  CAES:
    cost: 67.9634
    lifetime: 28.6819
    annual_cost: 2.3695571074440673
    efficiency: 0.580289
    discharge_ratio: 0.1
    depth_of_discharge: 0.4
  Li-ion:
    cost: 239.789
    lifetime: 13.2724
    annual_cost: 18.066740001808263
    efficiency: 0.87526
    discharge_ratio: 2
    depth_of_discharge: 0.9
  Pb-acid:
    cost: 128.065
    lifetime: 11.6937
    annual_cost: 10.95162352377776
    efficiency: 0.758223
    discharge_ratio: 5
    depth_of_discharge: 0.5
  VRBF:
    cost: 266.955
    lifetime: 18.4386
    annual_cost: 14.478051478962609
    efficiency: 0.756612
    discharge_ratio: 0.5
    depth_of_discharge: 1.0
