cost_values:
  wind_capex: 5000.0
  wind_opex: 100
  wind_lifetime: 20
  solar_capex: 1000.0
  solar_opex: 10
  solar_lifetime: 20
  carbon_price: 1.0
timeseries_values:
  load_level: 290761.8249180339
  wind_year: 2014
  solar_year: 2015
  price_year: 2023
  carbon_year: 2023
storage_values:
  CAES:
    cost: 72.1022
    lifetime: 27.8027
    annual_cost: 2.593352444187075
    efficiency: 0.581815
    discharge_ratio: 0.1
    depth_of_discharge: 0.4
  Li-ion:
    cost: 239.05
    lifetime: 16.1426
    annual_cost: 14.808642969534027
    efficiency: 0.897895
    discharge_ratio: 2
    depth_of_discharge: 0.9
  Pb-acid:
    cost: 116.257
    lifetime: 11.019
    annual_cost: 10.550594427806516
    efficiency: 0.763128
    discharge_ratio: 5
    depth_of_discharge: 0.5
  VRBF:
    cost: 291.887
    lifetime: 18.8737
    annual_cost: 15.465277078686215
    efficiency: 0.780349
    discharge_ratio: 0.5
    depth_of_discharge: 1.0
