cost_values:
  wind_capex: 5000.0
  wind_opex: 100
  wind_lifetime: 20
  solar_capex: 1000.0
  solar_opex: 10
  solar_lifetime: 20
  carbon_price: 1.0
timeseries_values:
  load_level: 290761.8249180339
  wind_year: 2014
  solar_year: 2015
  price_year: 2023
  carbon_year: 2023
storage_values:
  CAES:
    cost: 71.3058
    lifetime: 29.1155
    annual_cost: 2.449066648348818
    efficiency: 0.596133
    discharge_ratio: 0.1
    depth_of_discharge: 0.4
  Li-ion:
    cost: 219.54
    lifetime: 16.2264
    annual_cost: 13.529803283537936
    efficiency: 0.885353
    discharge_ratio: 2
    depth_of_discharge: 0.9
  Pb-acid:
    cost: 132.054
    lifetime: 10.7303
    annual_cost: 12.306645666943142
    efficiency: 0.765257
    discharge_ratio: 5
    depth_of_discharge: 0.5
  VRBF:
    cost: 283.588
    lifetime: 14.0125
    annual_cost: 20.238215878679753
    efficiency: 0.779407
    discharge_ratio: 0.5
    depth_of_discharge: 1.0
