cost_values:
  wind_capex: 5000.0
  wind_opex: 100
  wind_lifetime: 20
  solar_capex: 1000.0
  solar_opex: 10
  solar_lifetime: 20
  carbon_price: 1.0
timeseries_values:
  load_level: 290761.8249180339
  wind_year: 2014
  solar_year: 2015
  price_year: 2023
  carbon_year: 2023
storage_values:
  CAES:
    cost: 69.3769
    lifetime: 29.5616
    annual_cost: 2.3468587627192035
    efficiency: 0.58589
    discharge_ratio: 0.1
    depth_of_discharge: 0.4
  Li-ion:
    cost: 233.266
    lifetime: 16.89
    annual_cost: 13.810894020130254
    efficiency: 0.875245
    discharge_ratio: 2
    depth_of_discharge: 0.9
  Pb-acid:
    cost: 135.775
    lifetime: 10.1856
    annual_cost: 13.330093465284323
    efficiency: 0.758036
    discharge_ratio: 5
    depth_of_discharge: 0.5
  VRBF:
    cost: 282.282
    lifetime: 19.8351
    annual_cost: 14.231438208025166
    efficiency: 0.777388
    discharge_ratio: 0.5
    depth_of_discharge: 1.0
