cost_values:
  wind_capex: 5000.0
  wind_opex: 100
  wind_lifetime: 20
  solar_capex: 1000.0
  solar_opex: 10
  solar_lifetime: 20
  carbon_price: 1.0
timeseries_values:
  load_level: 290761.8249180339
  wind_year: 2014
  solar_year: 2015
  price_year: 2023
  carbon_year: 2023
storage_values:
  CAES:
    cost: 58.9066
    lifetime: 27.4142
    annual_cost: 2.1487623202573847
    efficiency: 0.58604
    discharge_ratio: 0.1
    depth_of_discharge: 0.4
  Li-ion:
    cost: 252.078
    lifetime: 14.8434
    annual_cost: 16.98249727151461
    efficiency: 0.901466
    discharge_ratio: 2
    depth_of_discharge: 0.9
  Pb-acid:
    cost: 131.626
    lifetime: 11.0337
    annual_cost: 11.929452495536403
    efficiency: 0.766162
    discharge_ratio: 5
    depth_of_discharge: 0.5
  VRBF:
    cost: 289.004
    lifetime: 17.9672
    annual_cost: 16.085088383276194
    efficiency: 0.753076
    discharge_ratio: 0.5
    depth_of_discharge: 1.0
