cost_values:
  wind_capex: 5000.0
  wind_opex: 100
  wind_lifetime: 20
  solar_capex: 1000.0
  solar_opex: 10
  solar_lifetime: 20
  carbon_price: 1.0
timeseries_values:
  load_level: 290761.8249180339
  wind_year: 2014
  solar_year: 2015
  price_year: 2023
  carbon_year: 2023
storage_values:
  CAES:
    cost: 66.4684
    lifetime: 28.8784
    annual_cost: 2.3016649121835004
    efficiency: 0.596034
    discharge_ratio: 0.1
    depth_of_discharge: 0.4
  Li-ion:
    cost: 221.014
    lifetime: 15.6984
    annual_cost: 14.078759618814658
    efficiency: 0.882953
    discharge_ratio: 2
    depth_of_discharge: 0.9
  Pb-acid:
    cost: 118.801
    lifetime: 11.354
    annual_cost: 10.4633609300687
    efficiency: 0.755289
    discharge_ratio: 5
    depth_of_discharge: 0.5
  VRBF:
    cost: 302.859
    lifetime: 18.6941
    annual_cost: 16.20077992521705
    efficiency: 0.762325
    discharge_ratio: 0.5
    depth_of_discharge: 1.0
