cost_values:
  wind_capex: 5000.0
  wind_opex: 100
  wind_lifetime: 20
  solar_capex: 1000.0
  solar_opex: 10
  solar_lifetime: 20
  carbon_price: 1.0
timeseries_values:
  load_level: 290761.8249180339
  wind_year: 2014
  solar_year: 2015
  price_year: 2023
  carbon_year: 2023
storage_values:
  CAES:
    cost: 77.2006
    lifetime: 28.8471
    annual_cost: 2.6761996873169225
    efficiency: 0.590922
    discharge_ratio: 0.1
    depth_of_discharge: 0.4
  Li-ion:
    cost: 247.574
    lifetime: 15.0384
    annual_cost: 16.462788594531336
    efficiency: 0.88411
    discharge_ratio: 2
    depth_of_discharge: 0.9
  Pb-acid:
    cost: 144.413
    lifetime: 12.1727
    annual_cost: 11.863678559399311
    efficiency: 0.763108
    discharge_ratio: 5
    depth_of_discharge: 0.5
  VRBF:
    cost: 284.061
    lifetime: 17.5633
    annual_cost: 16.17355508361185
    efficiency: 0.754977
    discharge_ratio: 0.5
    depth_of_discharge: 1.0
