cost_values:
  wind_capex: 5000.0
  wind_opex: 100
  wind_lifetime: 20
  solar_capex: 1000.0
  solar_opex: 10
  solar_lifetime: 20
  carbon_price: 1.0
timeseries_values:
  load_level: 290761.8249180339
  wind_year: 2014
  solar_year: 2015
  price_year: 2023
  carbon_year: 2023
storage_values:
  CAES:
    cost: 67.3804
    lifetime: 28.7667
    annual_cost: 2.3423055129715955
    efficiency: 0.590872
    discharge_ratio: 0.1
    depth_of_discharge: 0.4
  Li-ion:
    cost: 248.346
    lifetime: 14.5512
    annual_cost: 17.067046016823355
    efficiency: 0.881702
    discharge_ratio: 2
    depth_of_discharge: 0.9
  Pb-acid:
    cost: 133.294
    lifetime: 11.4313
    annual_cost: 11.660441069694611
    efficiency: 0.766875
    discharge_ratio: 5
    depth_of_discharge: 0.5
  VRBF:
    cost: 292.633
    lifetime: 17.833
    annual_cost: 16.40963382493131
    efficiency: 0.784648
    discharge_ratio: 0.5
    depth_of_discharge: 1.0
