cost_values:
  wind_capex: 5000.0
  wind_opex: 100
  wind_lifetime: 20
  solar_capex: 1000.0
  solar_opex: 10
  solar_lifetime: 20
  carbon_price: 1.0
timeseries_values:
  load_level: 290761.8249180339
  wind_year: 2014
  solar_year: 2015
  price_year: 2023
  carbon_year: 2023
storage_values:
  CAES:
    cost: 71.2291
    lifetime: 28.661
    annual_cost: 2.4852273123757023
    efficiency: 0.587108
    discharge_ratio: 0.1
    depth_of_discharge: 0.4
  Li-ion:
    cost: 239.959
    lifetime: 15.3664
    annual_cost: 15.615824135776759
    efficiency: 0.892056
    discharge_ratio: 2
    depth_of_discharge: 0.9
  Pb-acid:
    cost: 128.053
    lifetime: 11.7019
    annual_cost: 10.942923798699356
    efficiency: 0.774666
    discharge_ratio: 5
    depth_of_discharge: 0.5
  VRBF:
    cost: 305.56
    lifetime: 16.5023
    annual_cost: 18.516206831774962
    efficiency: 0.779259
    discharge_ratio: 0.5
    depth_of_discharge: 1.0
