cost_values:
  wind_capex: 5000.0
  wind_opex: 100
  wind_lifetime: 20
  solar_capex: 1000.0
  solar_opex: 10
  solar_lifetime: 20
  carbon_price: 1.0
timeseries_values:
  load_level: 290761.8249180339
  wind_year: 2014
  solar_year: 2015
  price_year: 2023
  carbon_year: 2023
storage_values:
  CAES:
    cost: 72.6098
    lifetime: 27.6619
    annual_cost: 2.62490284470698
    efficiency: 0.58137
    discharge_ratio: 0.1
    depth_of_discharge: 0.4
  Li-ion:
    cost: 241.269
    lifetime: 14.449
    annual_cost: 16.697972178005397
    efficiency: 0.880157
    discharge_ratio: 2
    depth_of_discharge: 0.9
  Pb-acid:
    cost: 136.286
    lifetime: 11.3248
    annual_cost: 12.034296411415655
    efficiency: 0.788421
    discharge_ratio: 5
    depth_of_discharge: 0.5
  VRBF:
    cost: 285.133
    lifetime: 20.2057
    annual_cost: 14.111513087891039
    efficiency: 0.77825
    discharge_ratio: 0.5
    depth_of_discharge: 1.0
