cost_values:
  wind_capex: 5000.0
  wind_opex: 100
  wind_lifetime: 20
  solar_capex: 1000.0
  solar_opex: 10
  solar_lifetime: 20
  carbon_price: 1.0
timeseries_values:
  load_level: 290761.8249180339
  wind_year: 2014
  solar_year: 2015
  price_year: 2023
  carbon_year: 2023
storage_values:
  CAES:
    cost: 71.7834
    lifetime: 29.6534
    annual_cost: 2.4207477051535404
    efficiency: 0.586891
    discharge_ratio: 0.1
    depth_of_discharge: 0.4
  Li-ion:
    cost: 245.219
    lifetime: 15.1552
    annual_cost: 16.180518897804053
    efficiency: 0.890903
    discharge_ratio: 2
    depth_of_discharge: 0.9
  Pb-acid:
    cost: 115.738
    lifetime: 10.2589
    annual_cost: 11.281716363352796
    efficiency: 0.78058
    discharge_ratio: 5
    depth_of_discharge: 0.5
  VRBF:
    cost: 310.473
    lifetime: 15.9129
    annual_cost: 19.510774277472994
    efficiency: 0.759154
    discharge_ratio: 0.5
    depth_of_discharge: 1.0
