cost_values:
  wind_capex: 5000.0
  wind_opex: 100
  wind_lifetime: 20
  solar_capex: 1000.0
  solar_opex: 10
  solar_lifetime: 20
  carbon_price: 1.0
timeseries_values:
  load_level: 290761.8249180339
  wind_year: 2014
  solar_year: 2015
  price_year: 2023
  carbon_year: 2023
storage_values:
  CAES:
    cost: 75.6879
    lifetime: 27.5633
    annual_cost: 2.745966556979752
    efficiency: 0.579825
    discharge_ratio: 0.1
    depth_of_discharge: 0.4
  Li-ion:
    cost: 237.461
    lifetime: 15.9639
    annual_cost: 14.874873934314296
    efficiency: 0.892113
    discharge_ratio: 2
    depth_of_discharge: 0.9
  Pb-acid:
    cost: 141.038
    lifetime: 12.3751
    annual_cost: 11.396918004702993
    efficiency: 0.754448
    discharge_ratio: 5
    depth_of_discharge: 0.5
  VRBF:
    cost: 301.106
    lifetime: 17.7058
    annual_cost: 17.006065808943962
    efficiency: 0.758039
    discharge_ratio: 0.5
    depth_of_discharge: 1.0
