cost_values:
  wind_capex: 5000.0
  wind_opex: 100
  wind_lifetime: 20
  solar_capex: 1000.0
  solar_opex: 10
  solar_lifetime: 20
  carbon_price: 1.0
timeseries_values:
  load_level: 290761.8249180339
  wind_year: 2014
  solar_year: 2015
  price_year: 2023
  carbon_year: 2023
storage_values:
  CAES:
    cost: 64.9227
    lifetime: 28.5422
    annual_cost: 2.274621437730799
    efficiency: 0.585535
    discharge_ratio: 0.1
    depth_of_discharge: 0.4
  Li-ion:
    cost: 249.279
    lifetime: 13.4868
    annual_cost: 18.483183557255984
    efficiency: 0.889296
    discharge_ratio: 2
    depth_of_discharge: 0.9
  Pb-acid:
    cost: 132.453
    lifetime: 11.1862
    annual_cost: 11.840750210080278
    efficiency: 0.756963
    discharge_ratio: 5
    depth_of_discharge: 0.5
  VRBF:
    cost: 289.131
    lifetime: 17.4652
    annual_cost: 16.554691615326476
    efficiency: 0.775693
    discharge_ratio: 0.5
    depth_of_discharge: 1.0
