cost_values:
  wind_capex: 5000.0
  wind_opex: 100
  wind_lifetime: 20
  solar_capex: 1000.0
  solar_opex: 10
  solar_lifetime: 20
  carbon_price: 1.0
timeseries_values:
  load_level: 290761.8249180339
  wind_year: 2014
  solar_year: 2015
  price_year: 2023
  carbon_year: 2023
storage_values:
  CAES:
    cost: 66.62
    lifetime: 28.4008
    annual_cost: 2.3457085715895327
    efficiency: 0.585347
    discharge_ratio: 0.1
    depth_of_discharge: 0.4
  Li-ion:
    cost: 249.151
    lifetime: 15.8887
    annual_cost: 15.681018585535632
    efficiency: 0.886841
    discharge_ratio: 2
    depth_of_discharge: 0.9
  Pb-acid:
    cost: 149.47
    lifetime: 12.5014
    annual_cost: 11.956260898779336
    efficiency: 0.764278
    discharge_ratio: 5
    depth_of_discharge: 0.5
  VRBF:
    cost: 307.855
    lifetime: 17.144
    annual_cost: 17.957011199253387
    efficiency: 0.758707
    discharge_ratio: 0.5
    depth_of_discharge: 1.0
