cost_values:
  wind_capex: 5000.0
  wind_opex: 100
  wind_lifetime: 20
  solar_capex: 1000.0
  solar_opex: 10
  solar_lifetime: 20
  carbon_price: 1.0
timeseries_values:
  load_level: 290761.8249180339
  wind_year: 2014
  solar_year: 2015
  price_year: 2023
  carbon_year: 2023
storage_values:
  CAES:
    cost: 67.2724
    lifetime: 28.3551
    annual_cost: 2.3724973637899356
    efficiency: 0.590317
    discharge_ratio: 0.1
    depth_of_discharge: 0.4
  Li-ion:
    cost: 230.142
    lifetime: 13.2969
    annual_cost: 17.307943956862125
    efficiency: 0.899246
    discharge_ratio: 2
    depth_of_discharge: 0.9
  Pb-acid:
    cost: 114.4
    lifetime: 11.6385
    annual_cost: 9.829445375263136
    efficiency: 0.773843
    discharge_ratio: 5
    depth_of_discharge: 0.5
  VRBF:
    cost: 304.423
    lifetime: 17.7417
    annual_cost: 17.158615014344733
    efficiency: 0.781901
    discharge_ratio: 0.5
    depth_of_discharge: 1.0
