cost_values:
  wind_capex: 5000.0
  wind_opex: 100
  wind_lifetime: 20
  solar_capex: 1000.0
  solar_opex: 10
  solar_lifetime: 20
  carbon_price: 1.0
timeseries_values:
  load_level: 290761.8249180339
  wind_year: 2014
  solar_year: 2015
  price_year: 2023
  carbon_year: 2023
storage_values:
  CAES:
    cost: 73.9008
    lifetime: 28.7939
    annual_cost: 2.566543608194791
    efficiency: 0.58586
    discharge_ratio: 0.1
    depth_of_discharge: 0.4
  Li-ion:
    cost: 238.498
    lifetime: 13.9106
    annual_cost: 17.145054850258074
    efficiency: 0.884579
    discharge_ratio: 2
    depth_of_discharge: 0.9
  Pb-acid:
    cost: 122.673
    lifetime: 11.0682
    annual_cost: 11.083373990350735
    efficiency: 0.761173
    discharge_ratio: 5
    depth_of_discharge: 0.5
  VRBF:
    cost: 284.944
    lifetime: 20.0284
    annual_cost: 14.226997663318087
    efficiency: 0.763461
    discharge_ratio: 0.5
    depth_of_discharge: 1.0
