cost_values:
  wind_capex: 5000.0
  wind_opex: 100
  wind_lifetime: 20
  solar_capex: 1000.0
  solar_opex: 10
  solar_lifetime: 20
  carbon_price: 1.0
timeseries_values:
  load_level: 290761.8249180339
  wind_year: 2014
  solar_year: 2015
  price_year: 2023
  carbon_year: 2023
storage_values:
  CAES:
    cost: 69.9923
    lifetime: 28.3667
    annual_cost: 2.46741073159726
    efficiency: 0.594704
    discharge_ratio: 0.1
    depth_of_discharge: 0.4
  Li-ion:
    cost: 247.467
    lifetime: 16.3107
    annual_cost: 15.172064963490225
    efficiency: 0.87593
    discharge_ratio: 2
    depth_of_discharge: 0.9
  Pb-acid:
    cost: 125.394
    lifetime: 11.1548
    annual_cost: 11.241259368164378
    efficiency: 0.767382
    discharge_ratio: 5
    depth_of_discharge: 0.5
  VRBF:
    cost: 298.504
    lifetime: 19.2068
    annual_cost: 15.541579024095633
    efficiency: 0.773444
    discharge_ratio: 0.5
    depth_of_discharge: 1.0
