cost_values:
  wind_capex: 5000.0
  wind_opex: 100
  wind_lifetime: 20
  solar_capex: 1000.0
  solar_opex: 10
  solar_lifetime: 20
  carbon_price: 1.0
timeseries_values:
  load_level: 290761.8249180339
  wind_year: 2014
  solar_year: 2015
  price_year: 2023
  carbon_year: 2023
storage_values:
  CAES:
    cost: 73.9053
    lifetime: 29.0785
    annual_cost: 2.5415788297195525
    efficiency: 0.581169
    discharge_ratio: 0.1
    depth_of_discharge: 0.4
  Li-ion:
    cost: 233.381
    lifetime: 14.0056
    annual_cost: 16.663406066144972
    efficiency: 0.879355
    discharge_ratio: 2
    depth_of_discharge: 0.9
  Pb-acid:
    cost: 124.979
    lifetime: 11.1393
    annual_cost: 11.219645758710152
    efficiency: 0.777409
    discharge_ratio: 5
    depth_of_discharge: 0.5
  VRBF:
    cost: 307.634
    lifetime: 18.5312
    annual_cost: 16.600867725781388
    efficiency: 0.770983
    discharge_ratio: 0.5
    depth_of_discharge: 1.0
