cost_values:
  wind_capex: 5000.0
  wind_opex: 100
  wind_lifetime: 20
  solar_capex: 1000.0
  solar_opex: 10
  solar_lifetime: 20
  carbon_price: 1.0
timeseries_values:
  load_level: 290761.8249180339
  wind_year: 2014
  solar_year: 2015
  price_year: 2023
  carbon_year: 2023
storage_values:
  CAES:
    cost: 67.3511
    lifetime: 28.6062
    annual_cost: 2.354423167005754
    efficiency: 0.57759
    discharge_ratio: 0.1
    depth_of_discharge: 0.4
  Li-ion:
    cost: 242.26
    lifetime: 15.7793
    annual_cost: 15.353025799623557
    efficiency: 0.880317
    discharge_ratio: 2
    depth_of_discharge: 0.9
  Pb-acid:
    cost: 142.813
    lifetime: 9.33829
    annual_cost: 15.293271037845257
    efficiency: 0.759983
    discharge_ratio: 5
    depth_of_discharge: 0.5
  VRBF:
    cost: 326.772
    lifetime: 18.0255
    annual_cost: 18.128318215860862
    efficiency: 0.775807
    discharge_ratio: 0.5
    depth_of_discharge: 1.0
