cost_values:
  wind_capex: 5000.0
  wind_opex: 100
  wind_lifetime: 20
  solar_capex: 1000.0
  solar_opex: 10
  solar_lifetime: 20
  carbon_price: 1.0
timeseries_values:
  load_level: 290761.8249180339
  wind_year: 2014
  solar_year: 2015
  price_year: 2023
  carbon_year: 2023
storage_values:
  CAES:
    cost: 70.8432
    lifetime: 27.4776
    annual_cost: 2.578216438116866
    efficiency: 0.592594
    discharge_ratio: 0.1
    depth_of_discharge: 0.4
  Li-ion:
    cost: 234.552
    lifetime: 14.9054
    annual_cost: 15.736041971366081
    efficiency: 0.886886
    discharge_ratio: 2
    depth_of_discharge: 0.9
  Pb-acid:
    cost: 126.501
    lifetime: 10.1508
    annual_cost: 12.462170469322615
    efficiency: 0.773849
    discharge_ratio: 5
    depth_of_discharge: 0.5
  VRBF:
    cost: 269.207
    lifetime: 18.7852
    annual_cost: 14.33080297255286
    efficiency: 0.778288
    discharge_ratio: 0.5
    depth_of_discharge: 1.0
