cost_values:
  wind_capex: 5000.0
  wind_opex: 100
  wind_lifetime: 20
  solar_capex: 1000.0
  solar_opex: 10
  solar_lifetime: 20
  carbon_price: 1.0
timeseries_values:
  load_level: 290761.8249180339
  wind_year: 2014
  solar_year: 2015
  price_year: 2023
  carbon_year: 2023
storage_values:
  CAES:
    cost: 65.829
    lifetime: 28.1205
    annual_cost: 2.3409612204619403
    efficiency: 0.592144
    discharge_ratio: 0.1
    depth_of_discharge: 0.4
  Li-ion:
    cost: 232.186
    lifetime: 12.7808
    annual_cost: 18.1667814221332
    efficiency: 0.875935
    discharge_ratio: 2
    depth_of_discharge: 0.9
  Pb-acid:
    cost: 131.872
    lifetime: 10.6812
    annual_cost: 12.34617833202262
    efficiency: 0.748236
    discharge_ratio: 5
    depth_of_discharge: 0.5
  VRBF:
    cost: 303.802
    lifetime: 19.1306
    annual_cost: 15.880421941810503
    efficiency: 0.760229
    discharge_ratio: 0.5
    depth_of_discharge: 1.0
