cost_values:
  wind_capex: 5000.0
  wind_opex: 100
  wind_lifetime: 20
  solar_capex: 1000.0
  solar_opex: 10
  solar_lifetime: 20
  carbon_price: 1.0
timeseries_values:
  load_level: 290761.8249180339
  wind_year: 2014
  solar_year: 2015
  price_year: 2023
  carbon_year: 2023
storage_values:
  CAES:
    cost: 63.6151
    lifetime: 29.7453
    annual_cost: 2.138660561500472
    efficiency: 0.590001
    discharge_ratio: 0.1
    depth_of_discharge: 0.4
  Li-ion:
    cost: 227.733
    lifetime: 16.9743
    annual_cost: 13.416341174599248
    efficiency: 0.884389
    discharge_ratio: 2
    depth_of_discharge: 0.9
  Pb-acid:
    cost: 117.576
    lifetime: 10.3678
    annual_cost: 11.340496537356044
    efficiency: 0.742772
    discharge_ratio: 5
    depth_of_discharge: 0.5
  VRBF:
    cost: 307.159
    lifetime: 16.3988
    annual_cost: 18.730577847159545
    efficiency: 0.761424
    discharge_ratio: 0.5
    depth_of_discharge: 1.0
