cost_values:
  wind_capex: 5000.0
  wind_opex: 100
  wind_lifetime: 20
  solar_capex: 1000.0
  solar_opex: 10
  solar_lifetime: 20
  carbon_price: 1.0
timeseries_values:
  load_level: 290761.8249180339
  wind_year: 2014
  solar_year: 2015
  price_year: 2023
  carbon_year: 2023
storage_values:
  CAES:
    cost: 67.2633
    lifetime: 29.4945
    annual_cost: 2.2805370492803743
    efficiency: 0.579062
    discharge_ratio: 0.1
    depth_of_discharge: 0.4
  Li-ion:
    cost: 247.65
    lifetime: 14.5558
    annual_cost: 17.013836408854203
    efficiency: 0.894119
    discharge_ratio: 2
    depth_of_discharge: 0.9
  Pb-acid:
    cost: 115.055
    lifetime: 11.2309
    annual_cost: 10.244504002350658
    efficiency: 0.780528
    discharge_ratio: 5
    depth_of_discharge: 0.5
  VRBF:
    cost: 305.51
    lifetime: 19.3667
    annual_cost: 15.775015877769572
    efficiency: 0.780151
    discharge_ratio: 0.5
    depth_of_discharge: 1.0
