cost_values:
  wind_capex: 5000.0
  wind_opex: 100
  wind_lifetime: 20
  solar_capex: 1000.0
  solar_opex: 10
  solar_lifetime: 20
  carbon_price: 1.0
timeseries_values:
  load_level: 290761.8249180339
  wind_year: 2014
  solar_year: 2015
  price_year: 2023
  carbon_year: 2023
storage_values:
  CAES:
    cost: 74.0105
    lifetime: 29.2638
    annual_cost: 2.529080297158947
    efficiency: 0.578808
    discharge_ratio: 0.1
    depth_of_discharge: 0.4
  Li-ion:
    cost: 224.185
    lifetime: 14.41
    annual_cost: 15.557598889659959
    efficiency: 0.891894
    discharge_ratio: 2
    depth_of_discharge: 0.9
  Pb-acid:
    cost: 135.061
    lifetime: 10.6766
    annual_cost: 12.650188262180844
    efficiency: 0.771759
    discharge_ratio: 5
    depth_of_discharge: 0.5
  VRBF:
    cost: 298.972
    lifetime: 17.079
    annual_cost: 17.50524035365068
    efficiency: 0.785753
    discharge_ratio: 0.5
    depth_of_discharge: 1.0
