cost_values:
  wind_capex: 5000.0
  wind_opex: 100
  wind_lifetime: 20
  solar_capex: 1000.0
  solar_opex: 10
  solar_lifetime: 20
  carbon_price: 1.0
timeseries_values:
  load_level: 290761.8249180339
  wind_year: 2014
  solar_year: 2015
  price_year: 2023
  carbon_year: 2023
storage_values:
  CAES:
    cost: 71.4447
    lifetime: 29.2463
    annual_cost: 2.442862857865781
    efficiency: 0.577187
    discharge_ratio: 0.1
    depth_of_discharge: 0.4
  Li-ion:
    cost: 248.092
    lifetime: 15.0468
    annual_cost: 16.488024031687804
    efficiency: 0.881561
    discharge_ratio: 2
    depth_of_discharge: 0.9
  Pb-acid:
    cost: 95.9211
    lifetime: 12.2923
    annual_cost: 7.803348437639824
    efficiency: 0.773111
    discharge_ratio: 5
    depth_of_discharge: 0.5
  VRBF:
    cost: 283.742
    lifetime: 16.3311
    annual_cost: 17.37433485803161
    efficiency: 0.75826
    discharge_ratio: 0.5
    depth_of_discharge: 1.0
