cost_values:
  wind_capex: 5000.0
  wind_opex: 100
  wind_lifetime: 20
  solar_capex: 1000.0
  solar_opex: 10
  solar_lifetime: 20
  carbon_price: 1.0
timeseries_values:
  load_level: 290761.8249180339
  wind_year: 2014
  solar_year: 2015
  price_year: 2023
  carbon_year: 2023
storage_values:
  CAES:
    cost: 61.647
    lifetime: 28.4667
    annual_cost: 2.1655829442822667
    efficiency: 0.584699
    discharge_ratio: 0.1
    depth_of_discharge: 0.4
  Li-ion:
    cost: 230.257
    lifetime: 13.957
    annual_cost: 16.497599770724367
    efficiency: 0.873335
    discharge_ratio: 2
    depth_of_discharge: 0.9
  Pb-acid:
    cost: 136.38
    lifetime: 10.6484
    annual_cost: 12.807557942977347
    efficiency: 0.77856
    discharge_ratio: 5
    depth_of_discharge: 0.5
  VRBF:
    cost: 307.478
    lifetime: 16.7191
    annual_cost: 18.390822472501508
    efficiency: 0.769176
    discharge_ratio: 0.5
    depth_of_discharge: 1.0
