cost_values:
  wind_capex: 5000.0
  wind_opex: 100
  wind_lifetime: 20
  solar_capex: 1000.0
  solar_opex: 10
  solar_lifetime: 20
  carbon_price: 1.0
timeseries_values:
  load_level: 290761.8249180339
  wind_year: 2014
  solar_year: 2015
  price_year: 2023
  carbon_year: 2023
storage_values:
  CAES:
    cost: 69.9313
    lifetime: 28.0703
    annual_cost: 2.4912915073939357
    efficiency: 0.587152
    discharge_ratio: 0.1
    depth_of_discharge: 0.4
  Li-ion:
    cost: 253.092
    lifetime: 16.5357
    annual_cost: 15.305792920771424
    efficiency: 0.896392
    discharge_ratio: 2
    depth_of_discharge: 0.9
  Pb-acid:
    cost: 152.825
    lifetime: 10.956
    annual_cost: 13.94897772909821
    efficiency: 0.768207
    discharge_ratio: 5
    depth_of_discharge: 0.5
  VRBF:
    cost: 318.615
    lifetime: 18.0348
    annual_cost: 17.666677756337748
    efficiency: 0.764319
    discharge_ratio: 0.5
    depth_of_discharge: 1.0
