cost_values:
  wind_capex: 5000.0
  wind_opex: 100
  wind_lifetime: 20
  solar_capex: 1000.0
  solar_opex: 10
  solar_lifetime: 20
  carbon_price: 1.0
timeseries_values:
  load_level: 290761.8249180339
  wind_year: 2014
  solar_year: 2015
  price_year: 2023
  carbon_year: 2023
storage_values:
  CAES:
    cost: 65.4778
    lifetime: 28.1717
    annual_cost: 2.32424028368895
    efficiency: 0.574498
    discharge_ratio: 0.1
    depth_of_discharge: 0.4
  Li-ion:
    cost: 224.995
    lifetime: 16.4195
    annual_cost: 13.702914217850727
    efficiency: 0.887056
    discharge_ratio: 2
    depth_of_discharge: 0.9
  Pb-acid:
    cost: 126.279
    lifetime: 12.3195
    annual_cost: 10.250334835017656
    efficiency: 0.757743
    discharge_ratio: 5
    depth_of_discharge: 0.5
  VRBF:
    cost: 293.429
    lifetime: 19.0525
    annual_cost: 15.401075974281591
    efficiency: 0.775392
    discharge_ratio: 0.5
    depth_of_discharge: 1.0
