cost_values:
  wind_capex: 5000.0
  wind_opex: 100
  wind_lifetime: 20
  solar_capex: 1000.0
  solar_opex: 10
  solar_lifetime: 20
  carbon_price: 1.0
timeseries_values:
  load_level: 290761.8249180339
  wind_year: 2014
  solar_year: 2015
  price_year: 2023
  carbon_year: 2023
storage_values:
  CAES:
    cost: 73.5088
    lifetime: 28.9102
    annual_cost: 2.5426596841253257
    efficiency: 0.591222
    discharge_ratio: 0.1
    depth_of_discharge: 0.4
  Li-ion:
    cost: 236.661
    lifetime: 16.5632
    annual_cost: 14.288362152241115
    efficiency: 0.884153
    discharge_ratio: 2
    depth_of_discharge: 0.9
  Pb-acid:
    cost: 136.348
    lifetime: 12.7224
    annual_cost: 10.717160284223104
    efficiency: 0.756595
    discharge_ratio: 5
    depth_of_discharge: 0.5
  VRBF:
    cost: 312.019
    lifetime: 16.0252
    annual_cost: 19.470521428749716
    efficiency: 0.777748
    discharge_ratio: 0.5
    depth_of_discharge: 1.0
