cost_values:
  wind_capex: 5000.0
  wind_opex: 100
  wind_lifetime: 20
  solar_capex: 1000.0
  solar_opex: 10
  solar_lifetime: 20
  carbon_price: 1.0
timeseries_values:
  load_level: 290761.8249180339
  wind_year: 2014
  solar_year: 2015
  price_year: 2023
  carbon_year: 2023
storage_values:
  CAES:
    cost: 68.992
    lifetime: 28.7102
    annual_cost: 2.403048393950582
    efficiency: 0.582595
    discharge_ratio: 0.1
    depth_of_discharge: 0.4
  Li-ion:
    cost: 243.964
    lifetime: 15.4688
    annual_cost: 15.771359122879604
    efficiency: 0.892584
    discharge_ratio: 2
    depth_of_discharge: 0.9
  Pb-acid:
    cost: 142.424
    lifetime: 12.265
    annual_cost: 11.612229922543824
    efficiency: 0.765385
    discharge_ratio: 5
    depth_of_discharge: 0.5
  VRBF:
    cost: 304.263
    lifetime: 17.4837
    annual_cost: 17.402666483639045
    efficiency: 0.774855
    discharge_ratio: 0.5
    depth_of_discharge: 1.0
