cost_values:
  wind_capex: 5000.0
  wind_opex: 100
  wind_lifetime: 20
  solar_capex: 1000.0
  solar_opex: 10
  solar_lifetime: 20
  carbon_price: 1.0
timeseries_values:
  load_level: 290761.8249180339
  wind_year: 2014
  solar_year: 2015
  price_year: 2023
  carbon_year: 2023
storage_values:
  CAES:
    cost: 63.6577
    lifetime: 28.0003
    annual_cost: 2.273464927161495
    efficiency: 0.58144
    discharge_ratio: 0.1
    depth_of_discharge: 0.4
  Li-ion:
    cost: 243.827
    lifetime: 15.9479
    annual_cost: 15.288972215777624
    efficiency: 0.894733
    discharge_ratio: 2
    depth_of_discharge: 0.9
  Pb-acid:
    cost: 115.594
    lifetime: 12.3404
    annual_cost: 9.367119380246992
    efficiency: 0.760103
    discharge_ratio: 5
    depth_of_discharge: 0.5
  VRBF:
    cost: 294.658
    lifetime: 20.2711
    annual_cost: 14.535866331871482
    efficiency: 0.768674
    discharge_ratio: 0.5
    depth_of_discharge: 1.0
