cost_values:
  wind_capex: 5000.0
  wind_opex: 100
  wind_lifetime: 20
  solar_capex: 1000.0
  solar_opex: 10
  solar_lifetime: 20
  carbon_price: 1.0
timeseries_values:
  load_level: 290761.8249180339
  wind_year: 2014
  solar_year: 2015
  price_year: 2023
  carbon_year: 2023
storage_values:
  CAES:
    cost: 69.4378
    lifetime: 27.9934
    annual_cost: 2.480506119299549
    efficiency: 0.584159
    discharge_ratio: 0.1
    depth_of_discharge: 0.4
  Li-ion:
    cost: 215.15
    lifetime: 13.2096
    annual_cost: 16.287397044573645
    efficiency: 0.887977
    discharge_ratio: 2
    depth_of_discharge: 0.9
  Pb-acid:
    cost: 119.492
    lifetime: 10.3593
    annual_cost: 11.53475620939639
    efficiency: 0.764008
    discharge_ratio: 5
    depth_of_discharge: 0.5
  VRBF:
    cost: 287.549
    lifetime: 21.4157
    annual_cost: 13.427018495776462
    efficiency: 0.797579
    discharge_ratio: 0.5
    depth_of_discharge: 1.0
