cost_values:
  wind_capex: 5000.0
  wind_opex: 100
  wind_lifetime: 20
  solar_capex: 1000.0
  solar_opex: 10
  solar_lifetime: 20
  carbon_price: 1.0
timeseries_values:
  load_level: 290761.8249180339
  wind_year: 2014
  solar_year: 2015
  price_year: 2023
  carbon_year: 2023
storage_values:
  CAES:
    cost: 66.7792
    lifetime: 29.5485
    annual_cost: 2.2599861245071664
    efficiency: 0.585525
    discharge_ratio: 0.1
    depth_of_discharge: 0.4
  Li-ion:
    cost: 234.066
    lifetime: 15.9764
    annual_cost: 14.650734833879973
    efficiency: 0.886567
    discharge_ratio: 2
    depth_of_discharge: 0.9
  Pb-acid:
    cost: 135.357
    lifetime: 10.9641
    annual_cost: 12.345472952636332
    efficiency: 0.764636
    discharge_ratio: 5
    depth_of_discharge: 0.5
  VRBF:
    cost: 269.515
    lifetime: 18.2319
    annual_cost: 14.782606310916579
    efficiency: 0.76847
    discharge_ratio: 0.5
    depth_of_discharge: 1.0
