cost_values:
  wind_capex: 5000.0
  wind_opex: 100
  wind_lifetime: 20
  solar_capex: 1000.0
  solar_opex: 10
  solar_lifetime: 20
  carbon_price: 1.0
timeseries_values:
  load_level: 290761.8249180339
  wind_year: 2014
  solar_year: 2015
  price_year: 2023
  carbon_year: 2023
storage_values:
  CAES:
    cost: 72.3191
    lifetime: 28.9407
    annual_cost: 2.4988718310199824
    efficiency: 0.584945
    discharge_ratio: 0.1
    depth_of_discharge: 0.4
  Li-ion:
    cost: 256.766
    lifetime: 15.2647
    annual_cost: 16.820900509017537
    efficiency: 0.887787
    discharge_ratio: 2
    depth_of_discharge: 0.9
  Pb-acid:
    cost: 113.922
    lifetime: 11.3793
    annual_cost: 10.011336373942157
    efficiency: 0.780973
    discharge_ratio: 5
    depth_of_discharge: 0.5
  VRBF:
    cost: 292.274
    lifetime: 21.0889
    annual_cost: 13.859139167998332
    efficiency: 0.784529
    discharge_ratio: 0.5
    depth_of_discharge: 1.0
