cost_values:
  wind_capex: 5000.0
  wind_opex: 100
  wind_lifetime: 20
  solar_capex: 1000.0
  solar_opex: 10
  solar_lifetime: 20
  carbon_price: 1.0
timeseries_values:
  load_level: 290761.8249180339
  wind_year: 2014
  solar_year: 2015
  price_year: 2023
  carbon_year: 2023
storage_values:
  CAES:
    cost: 77.7488
    lifetime: 28.4562
    annual_cost: 2.732227071780491
    efficiency: 0.578975
    discharge_ratio: 0.1
    depth_of_discharge: 0.4
  Li-ion:
    cost: 245.619
    lifetime: 13.2803
    annual_cost: 18.49498881802369
    efficiency: 0.88411
    discharge_ratio: 2
    depth_of_discharge: 0.9
  Pb-acid:
    cost: 138.078
    lifetime: 10.0346
    annual_cost: 13.760189743487535
    efficiency: 0.770977
    discharge_ratio: 5
    depth_of_discharge: 0.5
  VRBF:
    cost: 295.421
    lifetime: 19.8791
    annual_cost: 14.860884044046259
    efficiency: 0.771839
    discharge_ratio: 0.5
    depth_of_discharge: 1.0
