cost_values:
  wind_capex: 5000.0
  wind_opex: 100
  wind_lifetime: 20
  solar_capex: 1000.0
  solar_opex: 10
  solar_lifetime: 20
  carbon_price: 1.0
timeseries_values:
  load_level: 290761.8249180339
  wind_year: 2014
  solar_year: 2015
  price_year: 2023
  carbon_year: 2023
storage_values:
  CAES:
    cost: 70.9013
    lifetime: 28.1868
    annual_cost: 2.515407921438404
    efficiency: 0.591972
    discharge_ratio: 0.1
    depth_of_discharge: 0.4
  Li-ion:
    cost: 224.02
    lifetime: 15.6975
    annual_cost: 14.271062271062272
    efficiency: 0.898561
    discharge_ratio: 2
    depth_of_discharge: 0.9
  Pb-acid:
    cost: 144.425
    lifetime: 11.1301
    annual_cost: 12.976073889722464
    efficiency: 0.787786
    discharge_ratio: 5
    depth_of_discharge: 0.5
  VRBF:
    cost: 287.589
    lifetime: 18.1546
    annual_cost: 15.841109140383155
    efficiency: 0.75473
    discharge_ratio: 0.5
    depth_of_discharge: 1.0
