cost_values:
  wind_capex: 5000.0
  wind_opex: 100
  wind_lifetime: 20
  solar_capex: 1000.0
  solar_opex: 10
  solar_lifetime: 20
  carbon_price: 1.0
timeseries_values:
  load_level: 290761.8249180339
  wind_year: 2014
  solar_year: 2015
  price_year: 2023
  carbon_year: 2023
storage_values:
  CAES:
    cost: 70.2958
    lifetime: 28.66
    annual_cost: 2.4527494766224702
    efficiency: 0.597521
    discharge_ratio: 0.1
    depth_of_discharge: 0.4
  Li-ion:
    cost: 233.608
    lifetime: 14.5785
    annual_cost: 16.02414514524814
    efficiency: 0.888593
    discharge_ratio: 2
    depth_of_discharge: 0.9
  Pb-acid:
    cost: 140.01
    lifetime: 10.8547
    annual_cost: 12.898560070752762
    efficiency: 0.772495
    discharge_ratio: 5
    depth_of_discharge: 0.5
  VRBF:
    cost: 293.428
    lifetime: 17.9255
    annual_cost: 16.369306295500824
    efficiency: 0.769456
    discharge_ratio: 0.5
    depth_of_discharge: 1.0
