cost_values:
  wind_capex: 5000.0
  wind_opex: 100
  wind_lifetime: 20
  solar_capex: 1000.0
  solar_opex: 10
  solar_lifetime: 20
  carbon_price: 1.0
timeseries_values:
  load_level: 290761.8249180339
  wind_year: 2014
  solar_year: 2015
  price_year: 2023
  carbon_year: 2023
storage_values:
  CAES:
    cost: 74.9163
    lifetime: 28.6387
    annual_cost: 2.6159113367576046
    efficiency: 0.571105
    discharge_ratio: 0.1
    depth_of_discharge: 0.4
  Li-ion:
    cost: 256.929
    lifetime: 13.3969
    annual_cost: 19.178242727795233
    efficiency: 0.890431
    discharge_ratio: 2
    depth_of_discharge: 0.9
  Pb-acid:
    cost: 141.209
    lifetime: 10.9368
    annual_cost: 12.91136347011923
    efficiency: 0.766524
    discharge_ratio: 5
    depth_of_discharge: 0.5
  VRBF:
    cost: 276.587
    lifetime: 18.4998
    annual_cost: 14.950810279030042
    efficiency: 0.740501
    discharge_ratio: 0.5
    depth_of_discharge: 1.0
