cost_values:
  wind_capex: 5000.0
  wind_opex: 100
  wind_lifetime: 20
  solar_capex: 1000.0
  solar_opex: 10
  solar_lifetime: 20
  carbon_price: 1.0
timeseries_values:
  load_level: 290761.8249180339
  wind_year: 2014
  solar_year: 2015
  price_year: 2023
  carbon_year: 2023
storage_values:
  CAES:
    cost: 64.4519
    lifetime: 28.8237
    annual_cost: 2.236073092628635
    efficiency: 0.590224
    discharge_ratio: 0.1
    depth_of_discharge: 0.4
  Li-ion:
    cost: 238.522
    lifetime: 14.484
    annual_cost: 16.46796465064899
    efficiency: 0.868191
    discharge_ratio: 2
    depth_of_discharge: 0.9
  Pb-acid:
    cost: 152.397
    lifetime: 11.4311
    annual_cost: 13.331787841939969
    efficiency: 0.764094
    discharge_ratio: 5
    depth_of_discharge: 0.5
  VRBF:
    cost: 301.925
    lifetime: 19.2336
    annual_cost: 15.697789285417189
    efficiency: 0.780662
    discharge_ratio: 0.5
    depth_of_discharge: 1.0
