cost_values:
  wind_capex: 5000.0
  wind_opex: 100
  wind_lifetime: 20
  solar_capex: 1000.0
  solar_opex: 10
  solar_lifetime: 20
  carbon_price: 1.0
timeseries_values:
  load_level: 290761.8249180339
  wind_year: 2014
  solar_year: 2015
  price_year: 2023
  carbon_year: 2023
storage_values:
  CAES:
    cost: 68.5629
    lifetime: 29.3591
    annual_cost: 2.3353202243937994
    efficiency: 0.585868
    discharge_ratio: 0.1
    depth_of_discharge: 0.4
  Li-ion:
    cost: 248.03
    lifetime: 14.192
    annual_cost: 17.47674746335964
    efficiency: 0.873341
    discharge_ratio: 2
    depth_of_discharge: 0.9
  Pb-acid:
    cost: 125.6
    lifetime: 10.8811
    annual_cost: 11.542950620801205
    efficiency: 0.757848
    discharge_ratio: 5
    depth_of_discharge: 0.5
  VRBF:
    cost: 308.216
    lifetime: 16.1909
    annual_cost: 19.03637228319612
    efficiency: 0.773047
    discharge_ratio: 0.5
    depth_of_discharge: 1.0
