cost_values:
  wind_capex: 5000.0
  wind_opex: 100
  wind_lifetime: 20
  solar_capex: 1000.0
  solar_opex: 10
  solar_lifetime: 20
  carbon_price: 1.0
timeseries_values:
  load_level: 290761.8249180339
  wind_year: 2014
  solar_year: 2015
  price_year: 2023
  carbon_year: 2023
storage_values:
  CAES:
    cost: 74.4345
    lifetime: 27.3616
    annual_cost: 2.7204001227998362
    efficiency: 0.586394
    discharge_ratio: 0.1
    depth_of_discharge: 0.4
  Li-ion:
    cost: 236.132
    lifetime: 15.9277
    annual_cost: 14.82524156030061
    efficiency: 0.882299
    discharge_ratio: 2
    depth_of_discharge: 0.9
  Pb-acid:
    cost: 128.388
    lifetime: 11.0593
    annual_cost: 11.609053014205239
    efficiency: 0.759042
    discharge_ratio: 5
    depth_of_discharge: 0.5
  VRBF:
    cost: 310.163
    lifetime: 18.4814
    annual_cost: 16.782440724187563
    efficiency: 0.766337
    discharge_ratio: 0.5
    depth_of_discharge: 1.0
