cost_values:
  wind_capex: 5000.0
  wind_opex: 100
  wind_lifetime: 20
  solar_capex: 1000.0
  solar_opex: 10
  solar_lifetime: 20
  carbon_price: 1.0
timeseries_values:
  load_level: 290761.8249180339
  wind_year: 2014
  solar_year: 2015
  price_year: 2023
  carbon_year: 2023
storage_values:
  CAES:
    cost: 65.8817
    lifetime: 29.3688
    annual_cost: 2.2432547465337365
    efficiency: 0.597264
    discharge_ratio: 0.1
    depth_of_discharge: 0.4
  Li-ion:
    cost: 248.515
    lifetime: 15.5222
    annual_cost: 16.010294932419374
    efficiency: 0.880316
    discharge_ratio: 2
    depth_of_discharge: 0.9
  Pb-acid:
    cost: 129.574
    lifetime: 13.0076
    annual_cost: 9.961407177342478
    efficiency: 0.774627
    discharge_ratio: 5
    depth_of_discharge: 0.5
  VRBF:
    cost: 284.258
    lifetime: 15.7883
    annual_cost: 18.00434498964423
    efficiency: 0.76996
    discharge_ratio: 0.5
    depth_of_discharge: 1.0
