cost_values:
  wind_capex: 5000.0
  wind_opex: 100
  wind_lifetime: 20
  solar_capex: 1000.0
  solar_opex: 10
  solar_lifetime: 20
  carbon_price: 1.0
timeseries_values:
  load_level: 290761.8249180339
  wind_year: 2014
  solar_year: 2015
  price_year: 2023
  carbon_year: 2023
storage_values:
  CAES:
    cost: 70.9466
    lifetime: 28.8854
    annual_cost: 2.456140472349353
    efficiency: 0.584247
    discharge_ratio: 0.1
    depth_of_discharge: 0.4
  Li-ion:
    cost: 248.063
    lifetime: 14.2896
    annual_cost: 17.35968816481917
    efficiency: 0.894158
    discharge_ratio: 2
    depth_of_discharge: 0.9
  Pb-acid:
    cost: 117.717
    lifetime: 11.418
    annual_cost: 10.309774040987914
    efficiency: 0.765804
    discharge_ratio: 5
    depth_of_discharge: 0.5
  VRBF:
    cost: 289.331
    lifetime: 19.181
    annual_cost: 15.084250039101194
    efficiency: 0.772128
    discharge_ratio: 0.5
    depth_of_discharge: 1.0
