cost_values:
  wind_capex: 5000.0
  wind_opex: 100
  wind_lifetime: 20
  solar_capex: 1000.0
  solar_opex: 10
  solar_lifetime: 20
  carbon_price: 1.0
timeseries_values:
  load_level: 290761.8249180339
  wind_year: 2014
  solar_year: 2015
  price_year: 2023
  carbon_year: 2023
storage_values:
  CAES:
    cost: 71.9755
    lifetime: 28.4992
    annual_cost: 2.5255270323377497
    efficiency: 0.596451
    discharge_ratio: 0.1
    depth_of_discharge: 0.4
  Li-ion:
    cost: 225.299
    lifetime: 14.5972
    annual_cost: 15.434398377771078
    efficiency: 0.900972
    discharge_ratio: 2
    depth_of_discharge: 0.9
  Pb-acid:
    cost: 133.762
    lifetime: 11.2966
    annual_cost: 11.840907883788043
    efficiency: 0.776999
    discharge_ratio: 5
    depth_of_discharge: 0.5
  VRBF:
    cost: 294.263
    lifetime: 17.8954
    annual_cost: 16.443499446785207
    efficiency: 0.767697
    discharge_ratio: 0.5
    depth_of_discharge: 1.0
