cost_values:
  wind_capex: 5000.0
  wind_opex: 100
  wind_lifetime: 20
  solar_capex: 1000.0
  solar_opex: 10
  solar_lifetime: 20
  carbon_price: 1.0
timeseries_values:
  load_level: 290761.8249180339
  wind_year: 2014
  solar_year: 2015
  price_year: 2023
  carbon_year: 2023
storage_values:
  CAES:
    cost: 72.4365
    lifetime: 28.6734
    annual_cost: 2.5262612735148253
    efficiency: 0.584623
    discharge_ratio: 0.1
    depth_of_discharge: 0.4
  Li-ion:
    cost: 216.104
    lifetime: 14.4709
    annual_cost: 14.933694517963637
    efficiency: 0.862721
    discharge_ratio: 2
    depth_of_discharge: 0.9
  Pb-acid:
    cost: 148.544
    lifetime: 12.5087
    annual_cost: 11.875254822643441
    efficiency: 0.777136
    discharge_ratio: 5
    depth_of_discharge: 0.5
  VRBF:
    cost: 257.83
    lifetime: 18.9111
    annual_cost: 13.633791794237245
    efficiency: 0.745956
    discharge_ratio: 0.5
    depth_of_discharge: 1.0
