cost_values:
  wind_capex: 5000.0
  wind_opex: 100
  wind_lifetime: 20
  solar_capex: 1000.0
  solar_opex: 10
  solar_lifetime: 20
  carbon_price: 1.0
timeseries_values:
  load_level: 290761.8249180339
  wind_year: 2014
  solar_year: 2015
  price_year: 2023
  carbon_year: 2023
storage_values:
  CAES:
    cost: 76.0972
    lifetime: 28.4086
    annual_cost: 2.678667727378329
    efficiency: 0.57883
    discharge_ratio: 0.1
    depth_of_discharge: 0.4
  Li-ion:
    cost: 217.51
    lifetime: 15.365
    annual_cost: 14.156199153921248
    efficiency: 0.884172
    discharge_ratio: 2
    depth_of_discharge: 0.9
  Pb-acid:
    cost: 117.051
    lifetime: 11.4434
    annual_cost: 10.228690773721096
    efficiency: 0.773277
    discharge_ratio: 5
    depth_of_discharge: 0.5
  VRBF:
    cost: 327.71
    lifetime: 16.9465
    annual_cost: 19.33791638391408
    efficiency: 0.780916
    discharge_ratio: 0.5
    depth_of_discharge: 1.0
