cost_values:
  wind_capex: 5000.0
  wind_opex: 100
  wind_lifetime: 20
  solar_capex: 1000.0
  solar_opex: 10
  solar_lifetime: 20
  carbon_price: 1.0
timeseries_values:
  load_level: 290761.8249180339
  wind_year: 2014
  solar_year: 2015
  price_year: 2023
  carbon_year: 2023
storage_values:
  CAES:
    cost: 68.9502
    lifetime: 28.2151
    annual_cost: 2.4437340289419494
    efficiency: 0.593123
    discharge_ratio: 0.1
    depth_of_discharge: 0.4
  Li-ion:
    cost: 212.623
    lifetime: 14.7911
    annual_cost: 14.375063382709872
    efficiency: 0.884248
    discharge_ratio: 2
    depth_of_discharge: 0.9
  Pb-acid:
    cost: 116.604
    lifetime: 12.9067
    annual_cost: 9.034377493859777
    efficiency: 0.761176
    discharge_ratio: 5
    depth_of_discharge: 0.5
  VRBF:
    cost: 273.979
    lifetime: 17.9512
    annual_cost: 15.262433709167075
    efficiency: 0.787194
    discharge_ratio: 0.5
    depth_of_discharge: 1.0
