cost_values:
  wind_capex: 5000.0
  wind_opex: 100
  wind_lifetime: 20
  solar_capex: 1000.0
  solar_opex: 10
  solar_lifetime: 20
  carbon_price: 1.0
timeseries_values:
  load_level: 290761.8249180339
  wind_year: 2014
  solar_year: 2015
  price_year: 2023
  carbon_year: 2023
storage_values:
  CAES:
    cost: 78.4841
    lifetime: 28.8331
    annual_cost: 2.722013935372887
    efficiency: 0.583972
    discharge_ratio: 0.1
    depth_of_discharge: 0.4
  Li-ion:
    cost: 229.168
    lifetime: 15.0461
    annual_cost: 15.231056552860876
    efficiency: 0.876943
    discharge_ratio: 2
    depth_of_discharge: 0.9
  Pb-acid:
    cost: 140.073
    lifetime: 10.9513
    annual_cost: 12.79053628336362
    efficiency: 0.768732
    discharge_ratio: 5
    depth_of_discharge: 0.5
  VRBF:
    cost: 313.274
    lifetime: 17.6825
    annual_cost: 17.71661246995617
    efficiency: 0.765379
    discharge_ratio: 0.5
    depth_of_discharge: 1.0
