cost_values:
  wind_capex: 5000.0
  wind_opex: 100
  wind_lifetime: 20
  solar_capex: 1000.0
  solar_opex: 10
  solar_lifetime: 20
  carbon_price: 1.0
timeseries_values:
  load_level: 290761.8249180339
  wind_year: 2014
  solar_year: 2015
  price_year: 2023
  carbon_year: 2023
storage_values:
  CAES:
    cost: 68.1519
    lifetime: 28.9496
    annual_cost: 2.354156879542377
    efficiency: 0.584779
    discharge_ratio: 0.1
    depth_of_discharge: 0.4
  Li-ion:
    cost: 232.362
    lifetime: 14.1447
    annual_cost: 16.42749581115188
    efficiency: 0.890409
    discharge_ratio: 2
    depth_of_discharge: 0.9
  Pb-acid:
    cost: 143.242
    lifetime: 11.5905
    annual_cost: 12.358569518139854
    efficiency: 0.770965
    discharge_ratio: 5
    depth_of_discharge: 0.5
  VRBF:
    cost: 312.913
    lifetime: 18.0238
    annual_cost: 17.361100322906378
    efficiency: 0.764796
    discharge_ratio: 0.5
    depth_of_discharge: 1.0
