cost_values:
  wind_capex: 5000.0
  wind_opex: 100
  wind_lifetime: 20
  solar_capex: 1000.0
  solar_opex: 10
  solar_lifetime: 20
  carbon_price: 1.0
timeseries_values:
  load_level: 290761.8249180339
  wind_year: 2014
  solar_year: 2015
  price_year: 2023
  carbon_year: 2023
storage_values:
  CAES:
    cost: 71.0227
    lifetime: 28.0685
    annual_cost: 2.530334716853412
    efficiency: 0.589977
    discharge_ratio: 0.1
    depth_of_discharge: 0.4
  Li-ion:
    cost: 223.438
    lifetime: 14.996
    annual_cost: 14.899839957321952
    efficiency: 0.895266
    discharge_ratio: 2
    depth_of_discharge: 0.9
  Pb-acid:
    cost: 126.949
    lifetime: 10.0697
    annual_cost: 12.607029007815527
    efficiency: 0.781752
    discharge_ratio: 5
    depth_of_discharge: 0.5
  VRBF:
    cost: 280.315
    lifetime: 18.7838
    annual_cost: 14.923231720951033
    efficiency: 0.777994
    discharge_ratio: 0.5
    depth_of_discharge: 1.0
