cost_values:
  wind_capex: 5000.0
  wind_opex: 100
  wind_lifetime: 20
  solar_capex: 1000.0
  solar_opex: 10
  solar_lifetime: 20
  carbon_price: 1.0
timeseries_values:
  load_level: 290761.8249180339
  wind_year: 2014
  solar_year: 2015
  price_year: 2023
  carbon_year: 2023
storage_values:
  CAES:
    cost: 63.5826
    lifetime: 29.0064
    annual_cost: 2.192019692205858
    efficiency: 0.589391
    discharge_ratio: 0.1
    depth_of_discharge: 0.4
  Li-ion:
    cost: 230.201
    lifetime: 13.0627
    annual_cost: 17.622773239835563
    efficiency: 0.877488
    discharge_ratio: 2
    depth_of_discharge: 0.9
  Pb-acid:
    cost: 122.198
    lifetime: 10.897
    annual_cost: 11.213912085895199
    efficiency: 0.767306
    discharge_ratio: 5
    depth_of_discharge: 0.5
  VRBF:
    cost: 304.636
    lifetime: 17.1264
    annual_cost: 17.787509342301945
    efficiency: 0.780298
    discharge_ratio: 0.5
    depth_of_discharge: 1.0
