cost_values:
  wind_capex: 5000.0
  wind_opex: 100
  wind_lifetime: 20
  solar_capex: 1000.0
  solar_opex: 10
  solar_lifetime: 20
  carbon_price: 1.0
timeseries_values:
  load_level: 290761.8249180339
  wind_year: 2014
  solar_year: 2015
  price_year: 2023
  carbon_year: 2023
storage_values:
  CAES:
    cost: 64.1196
    lifetime: 27.9027
    annual_cost: 2.2979711640808955
    efficiency: 0.575809
    discharge_ratio: 0.1
    depth_of_discharge: 0.4
  Li-ion:
    cost: 240.386
    lifetime: 15.1834
    annual_cost: 15.832158805010735
    efficiency: 0.88703
    discharge_ratio: 2
    depth_of_discharge: 0.9
  Pb-acid:
    cost: 121.314
    lifetime: 10.9467
    annual_cost: 11.082243963934335
    efficiency: 0.767401
    discharge_ratio: 5
    depth_of_discharge: 0.5
  VRBF:
    cost: 319.163
    lifetime: 17.9978
    annual_cost: 17.733445198857638
    efficiency: 0.753399
    discharge_ratio: 0.5
    depth_of_discharge: 1.0
