cost_values:
  wind_capex: 5000.0
  wind_opex: 100
  wind_lifetime: 20
  solar_capex: 1000.0
  solar_opex: 10
  solar_lifetime: 20
  carbon_price: 1.0
timeseries_values:
  load_level: 290761.8249180339
  wind_year: 2014
  solar_year: 2015
  price_year: 2023
  carbon_year: 2023
storage_values:
  CAES:
    cost: 73.1782
    lifetime: 28.2596
    annual_cost: 2.589498789791788
    efficiency: 0.596933
    discharge_ratio: 0.1
    depth_of_discharge: 0.4
  Li-ion:
    cost: 245.025
    lifetime: 13.4939
    annual_cost: 18.158204818473532
    efficiency: 0.892931
    discharge_ratio: 2
    depth_of_discharge: 0.9
  Pb-acid:
    cost: 127.657
    lifetime: 9.07436
    annual_cost: 14.067879167236036
    efficiency: 0.77285
    discharge_ratio: 5
    depth_of_discharge: 0.5
  VRBF:
    cost: 288.115
    lifetime: 17.342
    annual_cost: 16.61371237458194
    efficiency: 0.778573
    discharge_ratio: 0.5
    depth_of_discharge: 1.0
