cost_values:
  wind_capex: 5000.0
  wind_opex: 100
  wind_lifetime: 20
  solar_capex: 1000.0
  solar_opex: 10
  solar_lifetime: 20
  carbon_price: 1.0
timeseries_values:
  load_level: 290761.8249180339
  wind_year: 2014
  solar_year: 2015
  price_year: 2023
  carbon_year: 2023
storage_values:
  CAES:
    cost: 68.1681
    lifetime: 28.1742
    annual_cost: 2.4195221159784484
    efficiency: 0.59483
    discharge_ratio: 0.1
    depth_of_discharge: 0.4
  Li-ion:
    cost: 229.555
    lifetime: 14.2663
    annual_cost: 16.09071728479003
    efficiency: 0.873134
    discharge_ratio: 2
    depth_of_discharge: 0.9
  Pb-acid:
    cost: 153.674
    lifetime: 11.3468
    annual_cost: 13.543377868650193
    efficiency: 0.771424
    discharge_ratio: 5
    depth_of_discharge: 0.5
  VRBF:
    cost: 283.663
    lifetime: 16.8496
    annual_cost: 16.834999050422564
    efficiency: 0.780293
    discharge_ratio: 0.5
    depth_of_discharge: 1.0
