cost_values:
  wind_capex: 5000.0
  wind_opex: 100
  wind_lifetime: 20
  solar_capex: 1000.0
  solar_opex: 10
  solar_lifetime: 20
  carbon_price: 1.0
timeseries_values:
  load_level: 290761.8249180339
  wind_year: 2014
  solar_year: 2015
  price_year: 2023
  carbon_year: 2023
storage_values:
  CAES:
    cost: 74.0165
    lifetime: 28.1703
    annual_cost: 2.6274658061859473
    efficiency: 0.577935
    discharge_ratio: 0.1
    depth_of_discharge: 0.4
  Li-ion:
    cost: 222.149
    lifetime: 13.6266
    annual_cost: 16.302599327785362
    efficiency: 0.899537
    discharge_ratio: 2
    depth_of_discharge: 0.9
  Pb-acid:
    cost: 128.642
    lifetime: 10.2383
    annual_cost: 12.564781262514284
    efficiency: 0.763228
    discharge_ratio: 5
    depth_of_discharge: 0.5
  VRBF:
    cost: 277.888
    lifetime: 20.2207
    annual_cost: 13.742748767352266
    efficiency: 0.773351
    discharge_ratio: 0.5
    depth_of_discharge: 1.0
