cost_values:
  wind_capex: 5000.0
  wind_opex: 100
  wind_lifetime: 20
  solar_capex: 1000.0
  solar_opex: 10
  solar_lifetime: 20
  carbon_price: 1.0
timeseries_values:
  load_level: 290761.8249180339
  wind_year: 2014
  solar_year: 2015
  price_year: 2023
  carbon_year: 2023
storage_values:
  CAES:
    cost: 74.1747
    lifetime: 28.7179
    annual_cost: 2.582873399517374
    efficiency: 0.583452
    discharge_ratio: 0.1
    depth_of_discharge: 0.4
  Li-ion:
    cost: 222.023
    lifetime: 14.3031
    annual_cost: 15.522718851158139
    efficiency: 0.883961
    discharge_ratio: 2
    depth_of_discharge: 0.9
  Pb-acid:
    cost: 131.611
    lifetime: 11.6706
    annual_cost: 11.2771408496564
    efficiency: 0.768429
    discharge_ratio: 5
    depth_of_discharge: 0.5
  VRBF:
    cost: 299.187
    lifetime: 19.0543
    annual_cost: 15.701810090110893
    efficiency: 0.768921
    discharge_ratio: 0.5
    depth_of_discharge: 1.0
