cost_values:
  wind_capex: 5000.0
  wind_opex: 100
  wind_lifetime: 20
  solar_capex: 1000.0
  solar_opex: 10
  solar_lifetime: 20
  carbon_price: 1.0
timeseries_values:
  load_level: 290761.8249180339
  wind_year: 2014
  solar_year: 2015
  price_year: 2023
  carbon_year: 2023
storage_values:
  CAES:
    cost: 70.5617
    lifetime: 28.0522
    annual_cost: 2.5153713434240452
    efficiency: 0.594978
    discharge_ratio: 0.1
    depth_of_discharge: 0.4
  Li-ion:
    cost: 241.976
    lifetime: 14.3565
    annual_cost: 16.85480444398008
    efficiency: 0.874006
    discharge_ratio: 2
    depth_of_discharge: 0.9
  Pb-acid:
    cost: 134.747
    lifetime: 12.7177
    annual_cost: 10.595233414847025
    efficiency: 0.77541
    discharge_ratio: 5
    depth_of_discharge: 0.5
  VRBF:
    cost: 294.275
    lifetime: 19.0281
    annual_cost: 15.465285551368765
    efficiency: 0.764316
    discharge_ratio: 0.5
    depth_of_discharge: 1.0
