cost_values:
  wind_capex: 5000.0
  wind_opex: 100
  wind_lifetime: 20
  solar_capex: 1000.0
  solar_opex: 10
  solar_lifetime: 20
  carbon_price: 1.0
timeseries_values:
  load_level: 290761.8249180339
  wind_year: 2014
  solar_year: 2015
  price_year: 2023
  carbon_year: 2023
storage_values:
  CAES:
    cost: 66.7641
    lifetime: 27.3165
    annual_cost: 2.4440942287628356
    efficiency: 0.590107
    discharge_ratio: 0.1
    depth_of_discharge: 0.4
  Li-ion:
    cost: 224.507
    lifetime: 16.937
    annual_cost: 13.255417134085139
    efficiency: 0.877671
    discharge_ratio: 2
    depth_of_discharge: 0.9
  Pb-acid:
    cost: 116.59
    lifetime: 11.5355
    annual_cost: 10.10706081227515
    efficiency: 0.774371
    discharge_ratio: 5
    depth_of_discharge: 0.5
  VRBF:
    cost: 301.834
    lifetime: 17.6969
    annual_cost: 17.055755527804305
    efficiency: 0.743983
    discharge_ratio: 0.5
    depth_of_discharge: 1.0
