cost_values:
  wind_capex: 5000.0
  wind_opex: 100
  wind_lifetime: 20
  solar_capex: 1000.0
  solar_opex: 10
  solar_lifetime: 20
  carbon_price: 1.0
timeseries_values:
  load_level: 290761.8249180339
  wind_year: 2014
  solar_year: 2015
  price_year: 2023
  carbon_year: 2023
storage_values:
  CAES:
    cost: 74.1934
    lifetime: 27.94
    annual_cost: 2.6554545454545453
    efficiency: 0.586078
    discharge_ratio: 0.1
    depth_of_discharge: 0.4
  Li-ion:
    cost: 232.007
    lifetime: 16.2955
    annual_cost: 14.237488877297412
    efficiency: 0.888258
    discharge_ratio: 2
    depth_of_discharge: 0.9
  Pb-acid:
    cost: 106.684
    lifetime: 12.1652
    annual_cost: 8.769605103080918
    efficiency: 0.755777
    discharge_ratio: 5
    depth_of_discharge: 0.5
  VRBF:
    cost: 290.59
    lifetime: 18.3887
    annual_cost: 15.802639664576613
    efficiency: 0.757129
    discharge_ratio: 0.5
    depth_of_discharge: 1.0
