cost_values:
  wind_capex: 5000.0
  wind_opex: 100
  wind_lifetime: 20
  solar_capex: 1000.0
  solar_opex: 10
  solar_lifetime: 20
  carbon_price: 1.0
timeseries_values:
  load_level: 290761.8249180339
  wind_year: 2014
  solar_year: 2015
  price_year: 2023
  carbon_year: 2023
storage_values:
  CAES:
    cost: 71.19
    lifetime: 28.8244
    annual_cost: 2.4697825453435285
    efficiency: 0.579884
    discharge_ratio: 0.1
    depth_of_discharge: 0.4
  Li-ion:
    cost: 246.138
    lifetime: 15.8429
    annual_cost: 15.536170776814851
    efficiency: 0.861305
    discharge_ratio: 2
    depth_of_discharge: 0.9
  Pb-acid:
    cost: 130.84
    lifetime: 11.1048
    annual_cost: 11.782292342050285
    efficiency: 0.779568
    discharge_ratio: 5
    depth_of_discharge: 0.5
  VRBF:
    cost: 310.437
    lifetime: 16.697
    annual_cost: 18.59238186500569
    efficiency: 0.760219
    discharge_ratio: 0.5
    depth_of_discharge: 1.0
