cost_values:
  wind_capex: 5000.0
  wind_opex: 100
  wind_lifetime: 20
  solar_capex: 1000.0
  solar_opex: 10
  solar_lifetime: 20
  carbon_price: 1.0
timeseries_values:
  load_level: 290761.8249180339
  wind_year: 2014
  solar_year: 2015
  price_year: 2023
  carbon_year: 2023
storage_values:
  CAES:
    cost: 73.0004
    lifetime: 27.9956
    annual_cost: 2.6075669033705298
    efficiency: 0.583118
    discharge_ratio: 0.1
    depth_of_discharge: 0.4
  Li-ion:
    cost: 235.932
    lifetime: 14.0337
    annual_cost: 16.811817268432417
    efficiency: 0.881119
    discharge_ratio: 2
    depth_of_discharge: 0.9
  Pb-acid:
    cost: 148.624
    lifetime: 10.8608
    annual_cost: 13.684443134944019
    efficiency: 0.779307
    discharge_ratio: 5
    depth_of_discharge: 0.5
  VRBF:
    cost: 290.23
    lifetime: 20.8559
    annual_cost: 13.915966225384665
    efficiency: 0.782259
    discharge_ratio: 0.5
    depth_of_discharge: 1.0
