cost_values:
  wind_capex: 5000.0
  wind_opex: 100
  wind_lifetime: 20
  solar_capex: 1000.0
  solar_opex: 10
  solar_lifetime: 20
  carbon_price: 1.0
timeseries_values:
  load_level: 290761.8249180339
  wind_year: 2014
  solar_year: 2015
  price_year: 2023
  carbon_year: 2023
storage_values:
  CAES:
    cost: 68.0502
    lifetime: 28.295
    annual_cost: 2.4050256229015727
    efficiency: 0.581014
    discharge_ratio: 0.1
    depth_of_discharge: 0.4
  Li-ion:
    cost: 227.27
    lifetime: 15.1073
    annual_cost: 15.04372058541235
    efficiency: 0.884969
    discharge_ratio: 2
    depth_of_discharge: 0.9
  Pb-acid:
    cost: 103.571
    lifetime: 11.2566
    annual_cost: 9.200913242009133
    efficiency: 0.770777
    discharge_ratio: 5
    depth_of_discharge: 0.5
  VRBF:
    cost: 298.412
    lifetime: 18.1273
    annual_cost: 16.462021371081185
    efficiency: 0.786019
    discharge_ratio: 0.5
    depth_of_discharge: 1.0
