cost_values:
  wind_capex: 5000.0
  wind_opex: 100
  wind_lifetime: 20
  solar_capex: 1000.0
  solar_opex: 10
  solar_lifetime: 20
  carbon_price: 1.0
timeseries_values:
  load_level: 290761.8249180339
  wind_year: 2014
  solar_year: 2015
  price_year: 2023
  carbon_year: 2023
storage_values:
  CAES:
    cost: 70.632
    lifetime: 28.5286
    annual_cost: 2.475831271075342
    efficiency: 0.578953
    discharge_ratio: 0.1
    depth_of_discharge: 0.4
  Li-ion:
    cost: 231.114
    lifetime: 14.4229
    annual_cost: 16.02410056230023
    efficiency: 0.88228
    discharge_ratio: 2
    depth_of_discharge: 0.9
  Pb-acid:
    cost: 133.647
    lifetime: 12.8582
    annual_cost: 10.393912056119829
    efficiency: 0.767614
    discharge_ratio: 5
    depth_of_discharge: 0.5
  VRBF:
    cost: 297.446
    lifetime: 15.6936
    annual_cost: 18.95333129428557
    efficiency: 0.77366
    discharge_ratio: 0.5
    depth_of_discharge: 1.0
