cost_values:
  wind_capex: 5000.0
  wind_opex: 100
  wind_lifetime: 20
  solar_capex: 1000.0
  solar_opex: 10
  solar_lifetime: 20
  carbon_price: 1.0
timeseries_values:
  load_level: 290761.8249180339
  wind_year: 2014
  solar_year: 2015
  price_year: 2023
  carbon_year: 2023
storage_values:
  CAES:
    cost: 58.945
    lifetime: 27.9492
    annual_cost: 2.1090049089061584
    efficiency: 0.586435
    discharge_ratio: 0.1
    depth_of_discharge: 0.4
  Li-ion:
    cost: 250.324
    lifetime: 13.4661
    annual_cost: 18.58919806031442
    efficiency: 0.877964
    discharge_ratio: 2
    depth_of_discharge: 0.9
  Pb-acid:
    cost: 152.209
    lifetime: 11.3799
    annual_cost: 13.3752493431401
    efficiency: 0.758041
    discharge_ratio: 5
    depth_of_discharge: 0.5
  VRBF:
    cost: 347.085
    lifetime: 19.6321
    annual_cost: 17.67946373541292
    efficiency: 0.762426
    discharge_ratio: 0.5
    depth_of_discharge: 1.0
