cost_values:
  wind_capex: 5000.0
  wind_opex: 100
  wind_lifetime: 20
  solar_capex: 1000.0
  solar_opex: 10
  solar_lifetime: 20
  carbon_price: 1.0
timeseries_values:
  load_level: 290761.8249180339
  wind_year: 2014
  solar_year: 2015
  price_year: 2023
  carbon_year: 2023
storage_values:
  CAES:
    cost: 68.2849
    lifetime: 27.343
    annual_cost: 2.497344841458508
    efficiency: 0.581576
    discharge_ratio: 0.1
    depth_of_discharge: 0.4
  Li-ion:
    cost: 244.939
    lifetime: 15.9498
    annual_cost: 15.35686967861666
    efficiency: 0.882953
    discharge_ratio: 2
    depth_of_discharge: 0.9
  Pb-acid:
    cost: 119.097
    lifetime: 11.769
    annual_cost: 10.11955136375223
    efficiency: 0.777965
    discharge_ratio: 5
    depth_of_discharge: 0.5
  VRBF:
    cost: 304.77
    lifetime: 16.9223
    annual_cost: 18.009963184673477
    efficiency: 0.761101
    discharge_ratio: 0.5
    depth_of_discharge: 1.0
