cost_values:
  wind_capex: 5000.0
  wind_opex: 100
  wind_lifetime: 20
  solar_capex: 1000.0
  solar_opex: 10
  solar_lifetime: 20
  carbon_price: 1.0
timeseries_values:
  load_level: 290761.8249180339
  wind_year: 2014
  solar_year: 2015
  price_year: 2023
  carbon_year: 2023
storage_values:
  CAES:
    cost: 65.8867
    lifetime: 28.9549
    annual_cost: 2.2754939578447866
    efficiency: 0.575115
    discharge_ratio: 0.1
    depth_of_discharge: 0.4
  Li-ion:
    cost: 251.021
    lifetime: 15.1347
    annual_cost: 16.585792912974817
    efficiency: 0.886994
    discharge_ratio: 2
    depth_of_discharge: 0.9
  Pb-acid:
    cost: 118.27
    lifetime: 12.6163
    annual_cost: 9.37438076139597
    efficiency: 0.756049
    discharge_ratio: 5
    depth_of_discharge: 0.5
  VRBF:
    cost: 289.656
    lifetime: 20.3471
    annual_cost: 14.23573875392562
    efficiency: 0.750599
    discharge_ratio: 0.5
    depth_of_discharge: 1.0
