cost_values:
  wind_capex: 5000.0
  wind_opex: 100
  wind_lifetime: 20
  solar_capex: 1000.0
  solar_opex: 10
  solar_lifetime: 20
  carbon_price: 1.0
timeseries_values:
  load_level: 290761.8249180339
  wind_year: 2014
  solar_year: 2015
  price_year: 2023
  carbon_year: 2023
storage_values:
  CAES:
    cost: 61.8535
    lifetime: 28.7621
    annual_cost: 2.1505209981190525
    efficiency: 0.580179
    discharge_ratio: 0.1
    depth_of_discharge: 0.4
  Li-ion:
    cost: 226.582
    lifetime: 13.8989
    annual_cost: 16.302153407823642
    efficiency: 0.896599
    discharge_ratio: 2
    depth_of_discharge: 0.9
  Pb-acid:
    cost: 112.683
    lifetime: 11.2137
    annual_cost: 10.0486904411568
    efficiency: 0.767092
    discharge_ratio: 5
    depth_of_discharge: 0.5
  VRBF:
    cost: 302.871
    lifetime: 18.8425
    annual_cost: 16.07382247578612
    efficiency: 0.775037
    discharge_ratio: 0.5
    depth_of_discharge: 1.0
