cost_values:
  wind_capex: 5000.0
  wind_opex: 100
  wind_lifetime: 20
  solar_capex: 1000.0
  solar_opex: 10
  solar_lifetime: 20
  carbon_price: 1.0
timeseries_values:
  load_level: 290761.8249180339
  wind_year: 2014
  solar_year: 2015
  price_year: 2023
  carbon_year: 2023
storage_values:
  CAES:
    cost: 66.361
    lifetime: 27.7387
    annual_cost: 2.3923615742626727
    efficiency: 0.589338
    discharge_ratio: 0.1
    depth_of_discharge: 0.4
  Li-ion:
    cost: 246.229
    lifetime: 15.6915
    annual_cost: 15.691871395341428
    efficiency: 0.872643
    discharge_ratio: 2
    depth_of_discharge: 0.9
  Pb-acid:
    cost: 119.063
    lifetime: 10.9455
    annual_cost: 10.877803663606048
    efficiency: 0.767591
    discharge_ratio: 5
    depth_of_discharge: 0.5
  VRBF:
    cost: 315.384
    lifetime: 19.9132
    annual_cost: 15.837936645039472
    efficiency: 0.782105
    discharge_ratio: 0.5
    depth_of_discharge: 1.0
