cost_values:
  wind_capex: 5000.0
  wind_opex: 100
  wind_lifetime: 20
  solar_capex: 1000.0
  solar_opex: 10
  solar_lifetime: 20
  carbon_price: 1.0
timeseries_values:
  load_level: 290761.8249180339
  wind_year: 2014
  solar_year: 2015
  price_year: 2023
  carbon_year: 2023
storage_values:
  CAES:
    cost: 79.0673
    lifetime: 27.7882
    annual_cost: 2.8453552227204355
    efficiency: 0.592172
    discharge_ratio: 0.1
    depth_of_discharge: 0.4
  Li-ion:
    cost: 225.574
    lifetime: 15.6468
    annual_cost: 14.416621929084542
    efficiency: 0.88384
    discharge_ratio: 2
    depth_of_discharge: 0.9
  Pb-acid:
    cost: 137.119
    lifetime: 11.8312
    annual_cost: 11.589610521333423
    efficiency: 0.757975
    discharge_ratio: 5
    depth_of_discharge: 0.5
  VRBF:
    cost: 326.028
    lifetime: 17.8042
    annual_cost: 18.3118589995619
    efficiency: 0.760119
    discharge_ratio: 0.5
    depth_of_discharge: 1.0
