cost_values:
  wind_capex: 5000.0
  wind_opex: 100
  wind_lifetime: 20
  solar_capex: 1000.0
  solar_opex: 10
  solar_lifetime: 20
  carbon_price: 1.0
timeseries_values:
  load_level: 290761.8249180339
  wind_year: 2014
  solar_year: 2015
  price_year: 2023
  carbon_year: 2023
storage_values:
  CAES:
    cost: 67.8255
    lifetime: 28.4809
    annual_cost: 2.3814380865773206
    efficiency: 0.580444
    discharge_ratio: 0.1
    depth_of_discharge: 0.4
  Li-ion:
    cost: 263.272
    lifetime: 14.0016
    annual_cost: 18.802993943549307
    efficiency: 0.884442
    discharge_ratio: 2
    depth_of_discharge: 0.9
  Pb-acid:
    cost: 117.751
    lifetime: 11.056
    annual_cost: 10.650416063675832
    efficiency: 0.768675
    discharge_ratio: 5
    depth_of_discharge: 0.5
  VRBF:
    cost: 313.758
    lifetime: 20.8717
    annual_cost: 15.032699780084995
    efficiency: 0.774737
    discharge_ratio: 0.5
    depth_of_discharge: 1.0
