cost_values:
  wind_capex: 5000.0
  wind_opex: 100
  wind_lifetime: 20
  solar_capex: 1000.0
  solar_opex: 10
  solar_lifetime: 20
  carbon_price: 1.0
timeseries_values:
  load_level: 290761.8249180339
  wind_year: 2014
  solar_year: 2015
  price_year: 2023
  carbon_year: 2023
storage_values:
  CAES:
    cost: 68.7734
    lifetime: 27.7566
    annual_cost: 2.4777314224364657
    efficiency: 0.582057
    discharge_ratio: 0.1
    depth_of_discharge: 0.4
  Li-ion:
    cost: 249.053
    lifetime: 14.1512
    annual_cost: 17.599426197071626
    efficiency: 0.876023
    discharge_ratio: 2
    depth_of_discharge: 0.9
  Pb-acid:
    cost: 109.066
    lifetime: 11.6516
    annual_cost: 9.360602835662055
    efficiency: 0.770954
    discharge_ratio: 5
    depth_of_discharge: 0.5
  VRBF:
    cost: 330.483
    lifetime: 16.8664
    annual_cost: 19.594163544087657
    efficiency: 0.763644
    discharge_ratio: 0.5
    depth_of_discharge: 1.0
