cost_values:
  wind_capex: 5000.0
  wind_opex: 100
  wind_lifetime: 20
  solar_capex: 1000.0
  solar_opex: 10
  solar_lifetime: 20
  carbon_price: 1.0
timeseries_values:
  load_level: 290761.8249180339
  wind_year: 2014
  solar_year: 2015
  price_year: 2023
  carbon_year: 2023
storage_values:
  CAES:
    cost: 68.0852
    lifetime: 29.1003
    annual_cost: 2.3396734741566236
    efficiency: 0.597758
    discharge_ratio: 0.1
    depth_of_discharge: 0.4
  Li-ion:
    cost: 221.632
    lifetime: 15.6605
    annual_cost: 14.15229398805913
    efficiency: 0.875289
    discharge_ratio: 2
    depth_of_discharge: 0.9
  Pb-acid:
    cost: 112.303
    lifetime: 11.3576
    annual_cost: 9.887916461224203
    efficiency: 0.768473
    discharge_ratio: 5
    depth_of_discharge: 0.5
  VRBF:
    cost: 299.304
    lifetime: 19.1247
    annual_cost: 15.650127845142666
    efficiency: 0.764649
    discharge_ratio: 0.5
    depth_of_discharge: 1.0
