cost_values:
  wind_capex: 5000.0
  wind_opex: 100
  wind_lifetime: 20
  solar_capex: 1000.0
  solar_opex: 10
  solar_lifetime: 20
  carbon_price: 1.0
timeseries_values:
  load_level: 290761.8249180339
  wind_year: 2014
  solar_year: 2015
  price_year: 2023
  carbon_year: 2023
storage_values:
  CAES:
    cost: 73.7318
    lifetime: 29.3518
    annual_cost: 2.512002671045728
    efficiency: 0.586213
    discharge_ratio: 0.1
    depth_of_discharge: 0.4
  Li-ion:
    cost: 236.728
    lifetime: 13.0961
    annual_cost: 18.07622116507968
    efficiency: 0.890271
    discharge_ratio: 2
    depth_of_discharge: 0.9
  Pb-acid:
    cost: 118.111
    lifetime: 11.014
    annual_cost: 10.723715271472672
    efficiency: 0.762872
    discharge_ratio: 5
    depth_of_discharge: 0.5
  VRBF:
    cost: 279.422
    lifetime: 20.5867
    annual_cost: 13.572937867652417
    efficiency: 0.74846
    discharge_ratio: 0.5
    depth_of_discharge: 1.0
