cost_values:
  wind_capex: 5000.0
  wind_opex: 100
  wind_lifetime: 20
  solar_capex: 1000.0
  solar_opex: 10
  solar_lifetime: 20
  carbon_price: 1.0
timeseries_values:
  load_level: 229400.42958230426
  wind_year: 2010
  solar_year: 2012
  price_year: 2023
  carbon_year: 2023
storage_values:
  CAES:
    cost: 38.7745
    lifetime: 24.8614
    annual_cost: 1.5596265697024305
    efficiency: 0.62696
    discharge_ratio: 0.1
    depth_of_discharge: 0.4
  Li-ion:
    cost: 228.95
    lifetime: 17.8723
    annual_cost: 12.810326594786345
    efficiency: 0.894121
    discharge_ratio: 2
    depth_of_discharge: 0.9
  Pb-acid:
    cost: 125.818
    lifetime: 19.0903
    annual_cost: 6.590676940645249
    efficiency: 0.677958
    discharge_ratio: 5
    depth_of_discharge: 0.5
  VRBF:
    cost: 215.388
    lifetime: 26.7399
    annual_cost: 8.054929150819563
    efficiency: 0.788046
    discharge_ratio: 0.5
    depth_of_discharge: 1.0
