cost_values:
  wind_capex: 5000.0
  wind_opex: 100
  wind_lifetime: 20
  solar_capex: 1000.0
  solar_opex: 10
  solar_lifetime: 20
  carbon_price: 1.0
timeseries_values:
  load_level: 229400.42958230426
  wind_year: 2010
  solar_year: 2012
  price_year: 2023
  carbon_year: 2023
storage_values:
  CAES:
    cost: 40.3865
    lifetime: 25.4156
    annual_cost: 1.5890437369174837
    efficiency: 0.629208
    discharge_ratio: 0.1
    depth_of_discharge: 0.4
  Li-ion:
    cost: 218.318
    lifetime: 19.7973
    annual_cost: 11.027665388714624
    efficiency: 0.870643
    discharge_ratio: 2
    depth_of_discharge: 0.9
  Pb-acid:
    cost: 138.565
    lifetime: 18.9248
    annual_cost: 7.32187394318566
    efficiency: 0.681296
    discharge_ratio: 5
    depth_of_discharge: 0.5
  VRBF:
    cost: 249.321
    lifetime: 25.9017
    annual_cost: 9.625661636108827
    efficiency: 0.771954
    discharge_ratio: 0.5
    depth_of_discharge: 1.0
