cost_values:
  wind_capex: 5000.0
  wind_opex: 100
  wind_lifetime: 20
  solar_capex: 1000.0
  solar_opex: 10
  solar_lifetime: 20
  carbon_price: 1.0
timeseries_values:
  load_level: 229400.42958230426
  wind_year: 2010
  solar_year: 2012
  price_year: 2023
  carbon_year: 2023
storage_values:
  CAES:
    cost: 37.1842
    lifetime: 25.4006
    annual_cost: 1.4639103013314645
    efficiency: 0.631186
    discharge_ratio: 0.1
    depth_of_discharge: 0.4
  Li-ion:
    cost: 245.232
    lifetime: 18.3225
    annual_cost: 13.384199754400326
    efficiency: 0.892592
    discharge_ratio: 2
    depth_of_discharge: 0.9
  Pb-acid:
    cost: 144.388
    lifetime: 17.07
    annual_cost: 8.45858230814294
    efficiency: 0.694507
    discharge_ratio: 5
    depth_of_discharge: 0.5
  VRBF:
    cost: 231.334
    lifetime: 24.5293
    annual_cost: 9.4309254646484
    efficiency: 0.772065
    discharge_ratio: 0.5
    depth_of_discharge: 1.0
