cost_values:
  wind_capex: 5000.0
  wind_opex: 100
  wind_lifetime: 20
  solar_capex: 1000.0
  solar_opex: 10
  solar_lifetime: 20
  carbon_price: 1.0
timeseries_values:
  load_level: 229400.42958230426
  wind_year: 2010
  solar_year: 2012
  price_year: 2023
  carbon_year: 2023
storage_values:
  CAES:
    cost: 34.8623
    lifetime: 24.9325
    annual_cost: 1.3982673217687756
    efficiency: 0.637365
    discharge_ratio: 0.1
    depth_of_discharge: 0.4
  Li-ion:
    cost: 243.234
    lifetime: 20.9116
    annual_cost: 11.631534650624534
    efficiency: 0.887092
    discharge_ratio: 2
    depth_of_discharge: 0.9
  Pb-acid:
    cost: 182.72
    lifetime: 19.294
    annual_cost: 9.470301648180781
    efficiency: 0.680951
    discharge_ratio: 5
    depth_of_discharge: 0.5
  VRBF:
    cost: 215.07
    lifetime: 26.608
    annual_cost: 8.082907396271798
    efficiency: 0.765698
    discharge_ratio: 0.5
    depth_of_discharge: 1.0
