cost_values:
  wind_capex: 5000.0
  wind_opex: 100
  wind_lifetime: 20
  solar_capex: 1000.0
  solar_opex: 10
  solar_lifetime: 20
  carbon_price: 1.0
timeseries_values:
  load_level: 229400.42958230426
  wind_year: 2010
  solar_year: 2012
  price_year: 2023
  carbon_year: 2023
storage_values:
  CAES:
    cost: 37.4544
    lifetime: 23.7701
    annual_cost: 1.575693833850089
    efficiency: 0.62151
    discharge_ratio: 0.1
    depth_of_discharge: 0.4
  Li-ion:
    cost: 231.184
    lifetime: 19.2763
    annual_cost: 11.993172963691165
    efficiency: 0.869395
    discharge_ratio: 2
    depth_of_discharge: 0.9
  Pb-acid:
    cost: 142.633
    lifetime: 19.2329
    annual_cost: 7.41609429675192
    efficiency: 0.687769
    discharge_ratio: 5
    depth_of_discharge: 0.5
  VRBF:
    cost: 259.488
    lifetime: 23.8159
    annual_cost: 10.895578164167636
    efficiency: 0.772084
    discharge_ratio: 0.5
    depth_of_discharge: 1.0
