cost_values:
  wind_capex: 5000.0
  wind_opex: 100
  wind_lifetime: 20
  solar_capex: 1000.0
  solar_opex: 10
  solar_lifetime: 20
  carbon_price: 1.0
timeseries_values:
  load_level: 229400.42958230426
  wind_year: 2010
  solar_year: 2012
  price_year: 2023
  carbon_year: 2023
storage_values:
  CAES:
    cost: 43.6257
    lifetime: 25.0772
    annual_cost: 1.7396559424497153
    efficiency: 0.615014
    discharge_ratio: 0.1
    depth_of_discharge: 0.4
  Li-ion:
    cost: 214.863
    lifetime: 19.8397
    annual_cost: 10.829952065807447
    efficiency: 0.882397
    discharge_ratio: 2
    depth_of_discharge: 0.9
  Pb-acid:
    cost: 134.77
    lifetime: 19.2567
    annual_cost: 6.998603083602072
    efficiency: 0.706976
    discharge_ratio: 5
    depth_of_discharge: 0.5
  VRBF:
    cost: 232.715
    lifetime: 24.3405
    annual_cost: 9.560814280725541
    efficiency: 0.78423
    discharge_ratio: 0.5
    depth_of_discharge: 1.0
