cost_values:
  wind_capex: 5000.0
  wind_opex: 100
  wind_lifetime: 20
  solar_capex: 1000.0
  solar_opex: 10
  solar_lifetime: 20
  carbon_price: 1.0
timeseries_values:
  load_level: 229400.42958230426
  wind_year: 2010
  solar_year: 2012
  price_year: 2023
  carbon_year: 2023
storage_values:
  CAES:
    cost: 37.5837
    lifetime: 24.6622
    annual_cost: 1.523939470120265
    efficiency: 0.62882
    discharge_ratio: 0.1
    depth_of_discharge: 0.4
  Li-ion:
    cost: 226.766
    lifetime: 17.1586
    annual_cost: 13.215880083456693
    efficiency: 0.872835
    discharge_ratio: 2
    depth_of_discharge: 0.9
  Pb-acid:
    cost: 151.206
    lifetime: 17.5243
    annual_cost: 8.628361760526811
    efficiency: 0.686408
    discharge_ratio: 5
    depth_of_discharge: 0.5
  VRBF:
    cost: 224.063
    lifetime: 23.6662
    annual_cost: 9.467637390033042
    efficiency: 0.765359
    discharge_ratio: 0.5
    depth_of_discharge: 1.0
