cost_values:
  wind_capex: 5000.0
  wind_opex: 100
  wind_lifetime: 20
  solar_capex: 1000.0
  solar_opex: 10
  solar_lifetime: 20
  carbon_price: 1.0
timeseries_values:
  load_level: 229400.42958230426
  wind_year: 2010
  solar_year: 2012
  price_year: 2023
  carbon_year: 2023
storage_values:
  CAES:
    cost: 40.355
    lifetime: 24.263
    annual_cost: 1.663232081770597
    efficiency: 0.622535
    discharge_ratio: 0.1
    depth_of_discharge: 0.4
  Li-ion:
    cost: 233.709
    lifetime: 20.1049
    annual_cost: 11.62447960447453
    efficiency: 0.894843
    discharge_ratio: 2
    depth_of_discharge: 0.9
  Pb-acid:
    cost: 157.356
    lifetime: 18.5266
    annual_cost: 8.493517428993988
    efficiency: 0.696145
    discharge_ratio: 5
    depth_of_discharge: 0.5
  VRBF:
    cost: 246.594
    lifetime: 25.4921
    annual_cost: 9.67334978287391
    efficiency: 0.794707
    discharge_ratio: 0.5
    depth_of_discharge: 1.0
