cost_values:
  wind_capex: 5000.0
  wind_opex: 100
  wind_lifetime: 20
  solar_capex: 1000.0
  solar_opex: 10
  solar_lifetime: 20
  carbon_price: 1.0
timeseries_values:
  load_level: 229400.42958230426
  wind_year: 2010
  solar_year: 2012
  price_year: 2023
  carbon_year: 2023
storage_values:
  CAES:
    cost: 35.7614
    lifetime: 25.0631
    annual_cost: 1.426854618941791
    efficiency: 0.621009
    discharge_ratio: 0.1
    depth_of_discharge: 0.4
  Li-ion:
    cost: 219.484
    lifetime: 20.8339
    annual_cost: 10.534945449483775
    efficiency: 0.887065
    discharge_ratio: 2
    depth_of_discharge: 0.9
  Pb-acid:
    cost: 170.924
    lifetime: 17.9792
    annual_cost: 9.506763371006498
    efficiency: 0.678825
    discharge_ratio: 5
    depth_of_discharge: 0.5
  VRBF:
    cost: 206.102
    lifetime: 28.2089
    annual_cost: 7.306275678952388
    efficiency: 0.774409
    discharge_ratio: 0.5
    depth_of_discharge: 1.0
