cost_values:
  wind_capex: 5000.0
  wind_opex: 100
  wind_lifetime: 20
  solar_capex: 1000.0
  solar_opex: 10
  solar_lifetime: 20
  carbon_price: 1.0
timeseries_values:
  load_level: 229400.42958230426
  wind_year: 2010
  solar_year: 2012
  price_year: 2023
  carbon_year: 2023
storage_values:
  CAES:
    cost: 38.0273
    lifetime: 24.1901
    annual_cost: 1.5720191317935848
    efficiency: 0.638502
    discharge_ratio: 0.1
    depth_of_discharge: 0.4
  Li-ion:
    cost: 234.093
    lifetime: 21.3875
    annual_cost: 10.94531852717709
    efficiency: 0.874737
    discharge_ratio: 2
    depth_of_discharge: 0.9
  Pb-acid:
    cost: 157.287
    lifetime: 18.6049
    annual_cost: 8.45406317690501
    efficiency: 0.677089
    discharge_ratio: 5
    depth_of_discharge: 0.5
  VRBF:
    cost: 245.547
    lifetime: 24.0651
    annual_cost: 10.203448146901529
    efficiency: 0.77012
    discharge_ratio: 0.5
    depth_of_discharge: 1.0
