cost_values:
  wind_capex: 5000.0
  wind_opex: 100
  wind_lifetime: 20
  solar_capex: 1000.0
  solar_opex: 10
  solar_lifetime: 20
  carbon_price: 1.0
timeseries_values:
  load_level: 229400.42958230426
  wind_year: 2010
  solar_year: 2012
  price_year: 2023
  carbon_year: 2023
storage_values:
  CAES:
    cost: 34.6227
    lifetime: 25.1913
    annual_cost: 1.374391158852461
    efficiency: 0.619157
    discharge_ratio: 0.1
    depth_of_discharge: 0.4
  Li-ion:
    cost: 222.705
    lifetime: 20.2523
    annual_cost: 10.996528789322694
    efficiency: 0.890065
    discharge_ratio: 2
    depth_of_discharge: 0.9
  Pb-acid:
    cost: 151.423
    lifetime: 18.8957
    annual_cost: 8.01362214683764
    efficiency: 0.672614
    discharge_ratio: 5
    depth_of_discharge: 0.5
  VRBF:
    cost: 264.768
    lifetime: 24.4907
    annual_cost: 10.810960895360278
    efficiency: 0.799122
    discharge_ratio: 0.5
    depth_of_discharge: 1.0
