cost_values:
  wind_capex: 5000.0
  wind_opex: 100
  wind_lifetime: 20
  solar_capex: 1000.0
  solar_opex: 10
  solar_lifetime: 20
  carbon_price: 1.0
timeseries_values:
  load_level: 229400.42958230426
  wind_year: 2010
  solar_year: 2012
  price_year: 2023
  carbon_year: 2023
storage_values:
  CAES:
    cost: 46.4496
    lifetime: 24.389
    annual_cost: 1.9045307310672843
    efficiency: 0.618301
    discharge_ratio: 0.1
    depth_of_discharge: 0.4
  Li-ion:
    cost: 217.038
    lifetime: 18.2254
    annual_cost: 11.908545217114577
    efficiency: 0.889105
    discharge_ratio: 2
    depth_of_discharge: 0.9
  Pb-acid:
    cost: 159.012
    lifetime: 17.9387
    annual_cost: 8.86418748292797
    efficiency: 0.677685
    discharge_ratio: 5
    depth_of_discharge: 0.5
  VRBF:
    cost: 246.215
    lifetime: 24.3128
    annual_cost: 10.126970155638183
    efficiency: 0.774622
    discharge_ratio: 0.5
    depth_of_discharge: 1.0
