cost_values:
  wind_capex: 5000.0
  wind_opex: 100
  wind_lifetime: 20
  solar_capex: 1000.0
  solar_opex: 10
  solar_lifetime: 20
  carbon_price: 1.0
timeseries_values:
  load_level: 229400.42958230426
  wind_year: 2010
  solar_year: 2012
  price_year: 2023
  carbon_year: 2023
storage_values:
  CAES:
    cost: 36.6837
    lifetime: 24.2817
    annual_cost: 1.5107550130345075
    efficiency: 0.626615
    discharge_ratio: 0.1
    depth_of_discharge: 0.4
  Li-ion:
    cost: 218.099
    lifetime: 21.0326
    annual_cost: 10.369569145041508
    efficiency: 0.883853
    discharge_ratio: 2
    depth_of_discharge: 0.9
  Pb-acid:
    cost: 148.479
    lifetime: 17.1404
    annual_cost: 8.66251662738326
    efficiency: 0.671837
    discharge_ratio: 5
    depth_of_discharge: 0.5
  VRBF:
    cost: 249.575
    lifetime: 25.0764
    annual_cost: 9.952584900543938
    efficiency: 0.776664
    discharge_ratio: 0.5
    depth_of_discharge: 1.0
