cost_values:
  wind_capex: 5000.0
  wind_opex: 100
  wind_lifetime: 20
  solar_capex: 1000.0
  solar_opex: 10
  solar_lifetime: 20
  carbon_price: 1.0
timeseries_values:
  load_level: 229400.42958230426
  wind_year: 2010
  solar_year: 2012
  price_year: 2023
  carbon_year: 2023
storage_values:
  CAES:
    cost: 35.9386
    lifetime: 25.7697
    annual_cost: 1.3946068444723843
    efficiency: 0.627656
    discharge_ratio: 0.1
    depth_of_discharge: 0.4
  Li-ion:
    cost: 244.25
    lifetime: 20.4693
    annual_cost: 11.932503798371219
    efficiency: 0.871697
    discharge_ratio: 2
    depth_of_discharge: 0.9
  Pb-acid:
    cost: 149.742
    lifetime: 17.5446
    annual_cost: 8.534933825792551
    efficiency: 0.691987
    discharge_ratio: 5
    depth_of_discharge: 0.5
  VRBF:
    cost: 271.305
    lifetime: 26.3698
    annual_cost: 10.288473936093562
    efficiency: 0.763171
    discharge_ratio: 0.5
    depth_of_discharge: 1.0
