cost_values:
  wind_capex: 5000.0
  wind_opex: 100
  wind_lifetime: 20
  solar_capex: 1000.0
  solar_opex: 10
  solar_lifetime: 20
  carbon_price: 1.0
timeseries_values:
  load_level: 229400.42958230426
  wind_year: 2010
  solar_year: 2012
  price_year: 2023
  carbon_year: 2023
storage_values:
  CAES:
    cost: 33.8242
    lifetime: 25.3393
    annual_cost: 1.3348513968420594
    efficiency: 0.635602
    discharge_ratio: 0.1
    depth_of_discharge: 0.4
  Li-ion:
    cost: 234.816
    lifetime: 17.8959
    annual_cost: 13.121217709084203
    efficiency: 0.870451
    discharge_ratio: 2
    depth_of_discharge: 0.9
  Pb-acid:
    cost: 136.485
    lifetime: 18.3655
    annual_cost: 7.431597288394
    efficiency: 0.688339
    discharge_ratio: 5
    depth_of_discharge: 0.5
  VRBF:
    cost: 246.173
    lifetime: 25.0544
    annual_cost: 9.825539625774315
    efficiency: 0.768917
    discharge_ratio: 0.5
    depth_of_discharge: 1.0
