cost_values:
  wind_capex: 5000.0
  wind_opex: 100
  wind_lifetime: 20
  solar_capex: 1000.0
  solar_opex: 10
  solar_lifetime: 20
  carbon_price: 1.0
timeseries_values:
  load_level: 229400.42958230426
  wind_year: 2010
  solar_year: 2012
  price_year: 2023
  carbon_year: 2023
storage_values:
  CAES:
    cost: 44.3418
    lifetime: 23.7066
    annual_cost: 1.870441142972843
    efficiency: 0.629965
    discharge_ratio: 0.1
    depth_of_discharge: 0.4
  Li-ion:
    cost: 227.942
    lifetime: 19.5012
    annual_cost: 11.688614034008163
    efficiency: 0.870124
    discharge_ratio: 2
    depth_of_discharge: 0.9
  Pb-acid:
    cost: 146.826
    lifetime: 18.3357
    annual_cost: 8.007657193344132
    efficiency: 0.684633
    discharge_ratio: 5
    depth_of_discharge: 0.5
  VRBF:
    cost: 213.878
    lifetime: 23.9878
    annual_cost: 8.916115692143507
    efficiency: 0.782248
    discharge_ratio: 0.5
    depth_of_discharge: 1.0
