cost_values:
  wind_capex: 5000.0
  wind_opex: 100
  wind_lifetime: 20
  solar_capex: 1000.0
  solar_opex: 10
  solar_lifetime: 20
  carbon_price: 1.0
timeseries_values:
  load_level: 229400.42958230426
  wind_year: 2010
  solar_year: 2012
  price_year: 2023
  carbon_year: 2023
storage_values:
  CAES:
    cost: 40.4314
    lifetime: 25.5877
    annual_cost: 1.58011075633996
    efficiency: 0.622855
    discharge_ratio: 0.1
    depth_of_discharge: 0.4
  Li-ion:
    cost: 234.787
    lifetime: 17.6169
    annual_cost: 13.32737314737553
    efficiency: 0.878183
    discharge_ratio: 2
    depth_of_discharge: 0.9
  Pb-acid:
    cost: 161.551
    lifetime: 17.8344
    annual_cost: 9.058392769030638
    efficiency: 0.672251
    discharge_ratio: 5
    depth_of_discharge: 0.5
  VRBF:
    cost: 221.345
    lifetime: 24.026
    annual_cost: 9.212727878132023
    efficiency: 0.779398
    discharge_ratio: 0.5
    depth_of_discharge: 1.0
