cost_values:
  wind_capex: 5000.0
  wind_opex: 100
  wind_lifetime: 20
  solar_capex: 1000.0
  solar_opex: 10
  solar_lifetime: 20
  carbon_price: 1.0
timeseries_values:
  load_level: 229400.42958230426
  wind_year: 2010
  solar_year: 2012
  price_year: 2023
  carbon_year: 2023
storage_values:
  CAES:
    cost: 34.7251
    lifetime: 24.9324
    annual_cost: 1.3927700502157834
    efficiency: 0.635235
    discharge_ratio: 0.1
    depth_of_discharge: 0.4
  Li-ion:
    cost: 218.948
    lifetime: 20.7472
    annual_cost: 10.553134880851392
    efficiency: 0.883255
    discharge_ratio: 2
    depth_of_discharge: 0.9
  Pb-acid:
    cost: 154.471
    lifetime: 19.1877
    annual_cost: 8.050521948956884
    efficiency: 0.692819
    discharge_ratio: 5
    depth_of_discharge: 0.5
  VRBF:
    cost: 256.237
    lifetime: 25.9602
    annual_cost: 9.87037850247687
    efficiency: 0.781553
    discharge_ratio: 0.5
    depth_of_discharge: 1.0
