cost_values:
  wind_capex: 5000.0
  wind_opex: 100
  wind_lifetime: 20
  solar_capex: 1000.0
  solar_opex: 10
  solar_lifetime: 20
  carbon_price: 1.0
timeseries_values:
  load_level: 229400.42958230426
  wind_year: 2010
  solar_year: 2012
  price_year: 2023
  carbon_year: 2023
storage_values:
  CAES:
    cost: 36.979
    lifetime: 25.0215
    annual_cost: 1.477889015446716
    efficiency: 0.622015
    discharge_ratio: 0.1
    depth_of_discharge: 0.4
  Li-ion:
    cost: 229.197
    lifetime: 22.9484
    annual_cost: 9.987493681476705
    efficiency: 0.885957
    discharge_ratio: 2
    depth_of_discharge: 0.9
  Pb-acid:
    cost: 169.611
    lifetime: 18.4999
    annual_cost: 9.16821172006335
    efficiency: 0.677161
    discharge_ratio: 5
    depth_of_discharge: 0.5
  VRBF:
    cost: 231.556
    lifetime: 25.7971
    annual_cost: 8.97604769528358
    efficiency: 0.780775
    discharge_ratio: 0.5
    depth_of_discharge: 1.0
