cost_values:
  wind_capex: 5000.0
  wind_opex: 100
  wind_lifetime: 20
  solar_capex: 1000.0
  solar_opex: 10
  solar_lifetime: 20
  carbon_price: 1.0
timeseries_values:
  load_level: 229400.42958230426
  wind_year: 2010
  solar_year: 2012
  price_year: 2023
  carbon_year: 2023
storage_values:
  CAES:
    cost: 40.8289
    lifetime: 23.4858
    annual_cost: 1.738450467942331
    efficiency: 0.625446
    discharge_ratio: 0.1
    depth_of_discharge: 0.4
  Li-ion:
    cost: 214.457
    lifetime: 21.3383
    annual_cost: 10.050332032073783
    efficiency: 0.87965
    discharge_ratio: 2
    depth_of_discharge: 0.9
  Pb-acid:
    cost: 164.309
    lifetime: 16.9051
    annual_cost: 9.719492934084979
    efficiency: 0.682896
    discharge_ratio: 5
    depth_of_discharge: 0.5
  VRBF:
    cost: 229.596
    lifetime: 22.8654
    annual_cost: 10.041197617360728
    efficiency: 0.769808
    discharge_ratio: 0.5
    depth_of_discharge: 1.0
