cost_values:
  wind_capex: 5000.0
  wind_opex: 100
  wind_lifetime: 20
  solar_capex: 1000.0
  solar_opex: 10
  solar_lifetime: 20
  carbon_price: 1.0
timeseries_values:
  load_level: 229400.42958230426
  wind_year: 2010
  solar_year: 2012
  price_year: 2023
  carbon_year: 2023
storage_values:
  CAES:
    cost: 40.7517
    lifetime: 24.7742
    annual_cost: 1.6449249622591244
    efficiency: 0.623099
    discharge_ratio: 0.1
    depth_of_discharge: 0.4
  Li-ion:
    cost: 225.26
    lifetime: 21.3806
    annual_cost: 10.535719296932733
    efficiency: 0.894293
    discharge_ratio: 2
    depth_of_discharge: 0.9
  Pb-acid:
    cost: 135.08
    lifetime: 19.9259
    annual_cost: 6.779116627103419
    efficiency: 0.679132
    discharge_ratio: 5
    depth_of_discharge: 0.5
  VRBF:
    cost: 238.31
    lifetime: 26.806
    annual_cost: 8.890173841677235
    efficiency: 0.785893
    discharge_ratio: 0.5
    depth_of_discharge: 1.0
