cost_values:
  wind_capex: 5000.0
  wind_opex: 100
  wind_lifetime: 20
  solar_capex: 1000.0
  solar_opex: 10
  solar_lifetime: 20
  carbon_price: 1.0
timeseries_values:
  load_level: 229400.42958230426
  wind_year: 2010
  solar_year: 2012
  price_year: 2023
  carbon_year: 2023
storage_values:
  CAES:
    cost: 36.3515
    lifetime: 23.997
    annual_cost: 1.5148351877317998
    efficiency: 0.627869
    discharge_ratio: 0.1
    depth_of_discharge: 0.4
  Li-ion:
    cost: 231.291
    lifetime: 21.3578
    annual_cost: 10.829345719128375
    efficiency: 0.870062
    discharge_ratio: 2
    depth_of_discharge: 0.9
  Pb-acid:
    cost: 165.121
    lifetime: 18.546
    annual_cost: 8.90332147093713
    efficiency: 0.67629
    discharge_ratio: 5
    depth_of_discharge: 0.5
  VRBF:
    cost: 243.922
    lifetime: 26.3442
    annual_cost: 9.259039940480257
    efficiency: 0.756445
    discharge_ratio: 0.5
    depth_of_discharge: 1.0
