cost_values:
  wind_capex: 5000.0
  wind_opex: 100
  wind_lifetime: 20
  solar_capex: 1000.0
  solar_opex: 10
  solar_lifetime: 20
  carbon_price: 1.0
timeseries_values:
  load_level: 229400.42958230426
  wind_year: 2010
  solar_year: 2012
  price_year: 2023
  carbon_year: 2023
storage_values:
  CAES:
    cost: 36.6426
    lifetime: 23.8536
    annual_cost: 1.536145487473589
    efficiency: 0.636562
    discharge_ratio: 0.1
    depth_of_discharge: 0.4
  Li-ion:
    cost: 235.096
    lifetime: 21.4657
    annual_cost: 10.95217020642234
    efficiency: 0.866605
    discharge_ratio: 2
    depth_of_discharge: 0.9
  Pb-acid:
    cost: 145.049
    lifetime: 19.4104
    annual_cost: 7.47274656884969
    efficiency: 0.68486
    discharge_ratio: 5
    depth_of_discharge: 0.5
  VRBF:
    cost: 212.256
    lifetime: 24.4141
    annual_cost: 8.693992406027665
    efficiency: 0.792292
    discharge_ratio: 0.5
    depth_of_discharge: 1.0
