cost_values:
  wind_capex: 5000.0
  wind_opex: 100
  wind_lifetime: 20
  solar_capex: 1000.0
  solar_opex: 10
  solar_lifetime: 20
  carbon_price: 1.0
timeseries_values:
  load_level: 229400.42958230426
  wind_year: 2010
  solar_year: 2012
  price_year: 2023
  carbon_year: 2023
storage_values:
  CAES:
    cost: 38.4087
    lifetime: 25.3098
    annual_cost: 1.5175426119526825
    efficiency: 0.625198
    discharge_ratio: 0.1
    depth_of_discharge: 0.4
  Li-ion:
    cost: 233.04
    lifetime: 20.6937
    annual_cost: 11.261398396613462
    efficiency: 0.891776
    discharge_ratio: 2
    depth_of_discharge: 0.9
  Pb-acid:
    cost: 163.359
    lifetime: 17.2449
    annual_cost: 9.472887636344659
    efficiency: 0.692508
    discharge_ratio: 5
    depth_of_discharge: 0.5
  VRBF:
    cost: 261.065
    lifetime: 24.8964
    annual_cost: 10.486054208640606
    efficiency: 0.771842
    discharge_ratio: 0.5
    depth_of_discharge: 1.0
