cost_values:
  wind_capex: 5000.0
  wind_opex: 100
  wind_lifetime: 20
  solar_capex: 1000.0
  solar_opex: 10
  solar_lifetime: 20
  carbon_price: 1.0
timeseries_values:
  load_level: 229400.42958230426
  wind_year: 2010
  solar_year: 2012
  price_year: 2023
  carbon_year: 2023
storage_values:
  CAES:
    cost: 39.3666
    lifetime: 25.5359
    annual_cost: 1.5416178791426969
    efficiency: 0.614814
    discharge_ratio: 0.1
    depth_of_discharge: 0.4
  Li-ion:
    cost: 237.161
    lifetime: 20.76
    annual_cost: 11.423940269749517
    efficiency: 0.874629
    discharge_ratio: 2
    depth_of_discharge: 0.9
  Pb-acid:
    cost: 135.205
    lifetime: 17.5654
    annual_cost: 7.69723433568265
    efficiency: 0.686285
    discharge_ratio: 5
    depth_of_discharge: 0.5
  VRBF:
    cost: 229.718
    lifetime: 26.6678
    annual_cost: 8.614058902496643
    efficiency: 0.766725
    discharge_ratio: 0.5
    depth_of_discharge: 1.0
