cost_values:
  wind_capex: 5000.0
  wind_opex: 100
  wind_lifetime: 20
  solar_capex: 1000.0
  solar_opex: 10
  solar_lifetime: 20
  carbon_price: 1.0
timeseries_values:
  load_level: 229400.42958230426
  wind_year: 2010
  solar_year: 2012
  price_year: 2023
  carbon_year: 2023
storage_values:
  CAES:
    cost: 42.1355
    lifetime: 24.5712
    annual_cost: 1.7148328123982548
    efficiency: 0.634
    discharge_ratio: 0.1
    depth_of_discharge: 0.4
  Li-ion:
    cost: 237.111
    lifetime: 20.5301
    annual_cost: 11.54943229696884
    efficiency: 0.877449
    discharge_ratio: 2
    depth_of_discharge: 0.9
  Pb-acid:
    cost: 167.021
    lifetime: 18.888
    annual_cost: 8.842704362558237
    efficiency: 0.675719
    discharge_ratio: 5
    depth_of_discharge: 0.5
  VRBF:
    cost: 265.059
    lifetime: 24.4997
    annual_cost: 10.818867169802079
    efficiency: 0.766725
    discharge_ratio: 0.5
    depth_of_discharge: 1.0
