cost_values:
  wind_capex: 5000.0
  wind_opex: 100
  wind_lifetime: 20
  solar_capex: 1000.0
  solar_opex: 10
  solar_lifetime: 20
  carbon_price: 1.0
timeseries_values:
  load_level: 229400.42958230426
  wind_year: 2010
  solar_year: 2012
  price_year: 2023
  carbon_year: 2023
storage_values:
  CAES:
    cost: 42.5168
    lifetime: 24.4811
    annual_cost: 1.7367193467613793
    efficiency: 0.643144
    discharge_ratio: 0.1
    depth_of_discharge: 0.4
  Li-ion:
    cost: 219.675
    lifetime: 19.733
    annual_cost: 11.132367100795621
    efficiency: 0.877343
    discharge_ratio: 2
    depth_of_discharge: 0.9
  Pb-acid:
    cost: 160.357
    lifetime: 18.9872
    annual_cost: 8.445531726636892
    efficiency: 0.670832
    discharge_ratio: 5
    depth_of_discharge: 0.5
  VRBF:
    cost: 248.249
    lifetime: 26.7673
    annual_cost: 9.274338465216887
    efficiency: 0.775215
    discharge_ratio: 0.5
    depth_of_discharge: 1.0
