cost_values:
  wind_capex: 5000.0
  wind_opex: 100
  wind_lifetime: 20
  solar_capex: 1000.0
  solar_opex: 10
  solar_lifetime: 20
  carbon_price: 1.0
timeseries_values:
  load_level: 229400.42958230426
  wind_year: 2010
  solar_year: 2012
  price_year: 2023
  carbon_year: 2023
storage_values:
  CAES:
    cost: 39.5135
    lifetime: 23.462
    annual_cost: 1.6841488364163328
    efficiency: 0.625741
    discharge_ratio: 0.1
    depth_of_discharge: 0.4
  Li-ion:
    cost: 221.221
    lifetime: 19.9281
    annual_cost: 11.10095794380799
    efficiency: 0.89002
    discharge_ratio: 2
    depth_of_discharge: 0.9
  Pb-acid:
    cost: 174.586
    lifetime: 18.2663
    annual_cost: 9.557819591269167
    efficiency: 0.688679
    discharge_ratio: 5
    depth_of_discharge: 0.5
  VRBF:
    cost: 258.885
    lifetime: 27.5381
    annual_cost: 9.400975375933706
    efficiency: 0.784874
    discharge_ratio: 0.5
    depth_of_discharge: 1.0
