cost_values:
  wind_capex: 5000.0
  wind_opex: 100
  wind_lifetime: 20
  solar_capex: 1000.0
  solar_opex: 10
  solar_lifetime: 20
  carbon_price: 1.0
timeseries_values:
  load_level: 229400.42958230426
  wind_year: 2010
  solar_year: 2012
  price_year: 2023
  carbon_year: 2023
storage_values:
  CAES:
    cost: 42.9741
    lifetime: 25.4389
    annual_cost: 1.6893065344806575
    efficiency: 0.634459
    discharge_ratio: 0.1
    depth_of_discharge: 0.4
  Li-ion:
    cost: 212.485
    lifetime: 18.6088
    annual_cost: 11.418522419500453
    efficiency: 0.887034
    discharge_ratio: 2
    depth_of_discharge: 0.9
  Pb-acid:
    cost: 160.13
    lifetime: 19.3395
    annual_cost: 8.279945189896326
    efficiency: 0.683648
    discharge_ratio: 5
    depth_of_discharge: 0.5
  VRBF:
    cost: 256.93
    lifetime: 26.4877
    annual_cost: 9.6999739501731
    efficiency: 0.782475
    discharge_ratio: 0.5
    depth_of_discharge: 1.0
