cost_values:
  wind_capex: 5000.0
  wind_opex: 100
  wind_lifetime: 20
  solar_capex: 1000.0
  solar_opex: 10
  solar_lifetime: 20
  carbon_price: 1.0
timeseries_values:
  load_level: 229400.42958230426
  wind_year: 2010
  solar_year: 2012
  price_year: 2023
  carbon_year: 2023
storage_values:
  CAES:
    cost: 42.5305
    lifetime: 25.2216
    annual_cost: 1.6862728772163544
    efficiency: 0.624574
    discharge_ratio: 0.1
    depth_of_discharge: 0.4
  Li-ion:
    cost: 233.671
    lifetime: 20.9734
    annual_cost: 11.141302793061687
    efficiency: 0.87706
    discharge_ratio: 2
    depth_of_discharge: 0.9
  Pb-acid:
    cost: 153.265
    lifetime: 18.5093
    annual_cost: 8.280431999049126
    efficiency: 0.685275
    discharge_ratio: 5
    depth_of_discharge: 0.5
  VRBF:
    cost: 240.725
    lifetime: 23.7705
    annual_cost: 10.127048232052335
    efficiency: 0.778715
    discharge_ratio: 0.5
    depth_of_discharge: 1.0
