cost_values:
  wind_capex: 5000.0
  wind_opex: 100
  wind_lifetime: 20
  solar_capex: 1000.0
  solar_opex: 10
  solar_lifetime: 20
  carbon_price: 1.0
timeseries_values:
  load_level: 229400.42958230426
  wind_year: 2010
  solar_year: 2012
  price_year: 2023
  carbon_year: 2023
storage_values:
  CAES:
    cost: 44.522
    lifetime: 25.0377
    annual_cost: 1.7781984766971406
    efficiency: 0.629539
    discharge_ratio: 0.1
    depth_of_discharge: 0.4
  Li-ion:
    cost: 236.747
    lifetime: 20.5324
    annual_cost: 11.530410473203329
    efficiency: 0.882748
    discharge_ratio: 2
    depth_of_discharge: 0.9
  Pb-acid:
    cost: 155.416
    lifetime: 18.9085
    annual_cost: 8.219372239997885
    efficiency: 0.703289
    discharge_ratio: 5
    depth_of_discharge: 0.5
  VRBF:
    cost: 200.084
    lifetime: 26.0135
    annual_cost: 7.691544774828454
    efficiency: 0.788689
    discharge_ratio: 0.5
    depth_of_discharge: 1.0
