cost_values:
  wind_capex: 5000.0
  wind_opex: 100
  wind_lifetime: 20
  solar_capex: 1000.0
  solar_opex: 10
  solar_lifetime: 20
  carbon_price: 1.0
timeseries_values:
  load_level: 229400.42958230426
  wind_year: 2010
  solar_year: 2012
  price_year: 2023
  carbon_year: 2023
storage_values:
  CAES:
    cost: 43.6892
    lifetime: 24.2482
    annual_cost: 1.8017502330069861
    efficiency: 0.626122
    discharge_ratio: 0.1
    depth_of_discharge: 0.4
  Li-ion:
    cost: 217.547
    lifetime: 21.4307
    annual_cost: 10.151184982291758
    efficiency: 0.863874
    discharge_ratio: 2
    depth_of_discharge: 0.9
  Pb-acid:
    cost: 137.966
    lifetime: 17.5724
    annual_cost: 7.851289522205278
    efficiency: 0.685697
    discharge_ratio: 5
    depth_of_discharge: 0.5
  VRBF:
    cost: 241.162
    lifetime: 25.0969
    annual_cost: 9.609234606664568
    efficiency: 0.763969
    discharge_ratio: 0.5
    depth_of_discharge: 1.0
