cost_values:
  wind_capex: 5000.0
  wind_opex: 100
  wind_lifetime: 20
  solar_capex: 1000.0
  solar_opex: 10
  solar_lifetime: 20
  carbon_price: 1.0
timeseries_values:
  load_level: 229400.42958230426
  wind_year: 2010
  solar_year: 2012
  price_year: 2023
  carbon_year: 2023
storage_values:
  CAES:
    cost: 41.0278
    lifetime: 23.9196
    annual_cost: 1.7152377130052343
    efficiency: 0.628718
    discharge_ratio: 0.1
    depth_of_discharge: 0.4
  Li-ion:
    cost: 221.263
    lifetime: 20.2769
    annual_cost: 10.91207235820071
    efficiency: 0.886599
    discharge_ratio: 2
    depth_of_discharge: 0.9
  Pb-acid:
    cost: 133.514
    lifetime: 18.841
    annual_cost: 7.086354227482618
    efficiency: 0.688044
    discharge_ratio: 5
    depth_of_discharge: 0.5
  VRBF:
    cost: 232.422
    lifetime: 24.7148
    annual_cost: 9.404162687944066
    efficiency: 0.78947
    discharge_ratio: 0.5
    depth_of_discharge: 1.0
