cost_values:
  wind_capex: 5000.0
  wind_opex: 100
  wind_lifetime: 20
  solar_capex: 1000.0
  solar_opex: 10
  solar_lifetime: 20
  carbon_price: 1.0
timeseries_values:
  load_level: 229400.42958230426
  wind_year: 2010
  solar_year: 2012
  price_year: 2023
  carbon_year: 2023
storage_values:
  CAES:
    cost: 40.6485
    lifetime: 24.4437
    annual_cost: 1.6629438260165195
    efficiency: 0.62417
    discharge_ratio: 0.1
    depth_of_discharge: 0.4
  Li-ion:
    cost: 217.504
    lifetime: 18.9945
    annual_cost: 11.450893679749402
    efficiency: 0.869815
    discharge_ratio: 2
    depth_of_discharge: 0.9
  Pb-acid:
    cost: 163.363
    lifetime: 18.866
    annual_cost: 8.659122230467508
    efficiency: 0.691577
    discharge_ratio: 5
    depth_of_discharge: 0.5
  VRBF:
    cost: 228.38
    lifetime: 25.3905
    annual_cost: 8.994702743151967
    efficiency: 0.76572
    discharge_ratio: 0.5
    depth_of_discharge: 1.0
