cost_values:
  wind_capex: 5000.0
  wind_opex: 100
  wind_lifetime: 20
  solar_capex: 1000.0
  solar_opex: 10
  solar_lifetime: 20
  carbon_price: 1.0
timeseries_values:
  load_level: 229400.42958230426
  wind_year: 2010
  solar_year: 2012
  price_year: 2023
  carbon_year: 2023
storage_values:
  CAES:
    cost: 40.0084
    lifetime: 24.1362
    annual_cost: 1.6576097314407405
    efficiency: 0.631965
    discharge_ratio: 0.1
    depth_of_discharge: 0.4
  Li-ion:
    cost: 211.244
    lifetime: 21.1217
    annual_cost: 10.001278306196944
    efficiency: 0.867783
    discharge_ratio: 2
    depth_of_discharge: 0.9
  Pb-acid:
    cost: 145.03
    lifetime: 19.1562
    annual_cost: 7.570916987711551
    efficiency: 0.681182
    discharge_ratio: 5
    depth_of_discharge: 0.5
  VRBF:
    cost: 236.877
    lifetime: 25.861
    annual_cost: 9.15962259773404
    efficiency: 0.773038
    discharge_ratio: 0.5
    depth_of_discharge: 1.0
