cost_values:
  wind_capex: 5000.0
  wind_opex: 100
  wind_lifetime: 20
  solar_capex: 1000.0
  solar_opex: 10
  solar_lifetime: 20
  carbon_price: 1.0
timeseries_values:
  load_level: 229400.42958230426
  wind_year: 2010
  solar_year: 2012
  price_year: 2023
  carbon_year: 2023
storage_values:
  CAES:
    cost: 39.7012
    lifetime: 24.873
    annual_cost: 1.5961564748924535
    efficiency: 0.627893
    discharge_ratio: 0.1
    depth_of_discharge: 0.4
  Li-ion:
    cost: 233.045
    lifetime: 20.6382
    annual_cost: 11.291924683354168
    efficiency: 0.886814
    discharge_ratio: 2
    depth_of_discharge: 0.9
  Pb-acid:
    cost: 142.524
    lifetime: 18.703
    annual_cost: 7.62038175693739
    efficiency: 0.68863
    discharge_ratio: 5
    depth_of_discharge: 0.5
  VRBF:
    cost: 264.563
    lifetime: 26.5632
    annual_cost: 9.959756354656065
    efficiency: 0.775346
    discharge_ratio: 0.5
    depth_of_discharge: 1.0
