cost_values:
  wind_capex: 5000.0
  wind_opex: 100
  wind_lifetime: 20
  solar_capex: 1000.0
  solar_opex: 10
  solar_lifetime: 20
  carbon_price: 1.0
timeseries_values:
  load_level: 229400.42958230426
  wind_year: 2010
  solar_year: 2012
  price_year: 2023
  carbon_year: 2023
storage_values:
  CAES:
    cost: 35.47
    lifetime: 25.1996
    annual_cost: 1.4075620247940444
    efficiency: 0.626156
    discharge_ratio: 0.1
    depth_of_discharge: 0.4
  Li-ion:
    cost: 232.299
    lifetime: 21.1743
    annual_cost: 10.970799506949463
    efficiency: 0.872844
    discharge_ratio: 2
    depth_of_discharge: 0.9
  Pb-acid:
    cost: 159.01
    lifetime: 19.8299
    annual_cost: 8.018699035295185
    efficiency: 0.689545
    discharge_ratio: 5
    depth_of_discharge: 0.5
  VRBF:
    cost: 246.3
    lifetime: 24.6082
    annual_cost: 10.008858835672662
    efficiency: 0.781967
    discharge_ratio: 0.5
    depth_of_discharge: 1.0
