cost_values:
  wind_capex: 5000.0
  wind_opex: 100
  wind_lifetime: 20
  solar_capex: 1000.0
  solar_opex: 10
  solar_lifetime: 20
  carbon_price: 1.0
timeseries_values:
  load_level: 229400.42958230426
  wind_year: 2010
  solar_year: 2012
  price_year: 2023
  carbon_year: 2023
storage_values:
  CAES:
    cost: 42.1946
    lifetime: 24.2172
    annual_cost: 1.742340154931206
    efficiency: 0.630054
    discharge_ratio: 0.1
    depth_of_discharge: 0.4
  Li-ion:
    cost: 242.907
    lifetime: 21.0995
    annual_cost: 11.51245290172753
    efficiency: 0.89094
    discharge_ratio: 2
    depth_of_discharge: 0.9
  Pb-acid:
    cost: 145.116
    lifetime: 18.9166
    annual_cost: 7.671357432096678
    efficiency: 0.686334
    discharge_ratio: 5
    depth_of_discharge: 0.5
  VRBF:
    cost: 245.266
    lifetime: 23.9145
    annual_cost: 10.255953501014028
    efficiency: 0.78034
    discharge_ratio: 0.5
    depth_of_discharge: 1.0
