cost_values:
  wind_capex: 5000.0
  wind_opex: 100
  wind_lifetime: 20
  solar_capex: 1000.0
  solar_opex: 10
  solar_lifetime: 20
  carbon_price: 1.0
timeseries_values:
  load_level: 229400.42958230426
  wind_year: 2010
  solar_year: 2012
  price_year: 2023
  carbon_year: 2023
storage_values:
  CAES:
    cost: 36.145
    lifetime: 24.8662
    annual_cost: 1.45357955779331
    efficiency: 0.628751
    discharge_ratio: 0.1
    depth_of_discharge: 0.4
  Li-ion:
    cost: 206.789
    lifetime: 20.6609
    annual_cost: 10.008712108378626
    efficiency: 0.867541
    discharge_ratio: 2
    depth_of_discharge: 0.9
  Pb-acid:
    cost: 154.651
    lifetime: 18.2253
    annual_cost: 8.485511898295227
    efficiency: 0.684951
    discharge_ratio: 5
    depth_of_discharge: 0.5
  VRBF:
    cost: 239.274
    lifetime: 27.4012
    annual_cost: 8.732245303125412
    efficiency: 0.773242
    discharge_ratio: 0.5
    depth_of_discharge: 1.0
