cost_values:
  wind_capex: 5000.0
  wind_opex: 100
  wind_lifetime: 20
  solar_capex: 1000.0
  solar_opex: 10
  solar_lifetime: 20
  carbon_price: 1.0
timeseries_values:
  load_level: 229400.42958230426
  wind_year: 2010
  solar_year: 2012
  price_year: 2023
  carbon_year: 2023
storage_values:
  CAES:
    cost: 37.2908
    lifetime: 24.2926
    annual_cost: 1.5350682924018013
    efficiency: 0.635187
    discharge_ratio: 0.1
    depth_of_discharge: 0.4
  Li-ion:
    cost: 229.232
    lifetime: 20.1625
    annual_cost: 11.36922504649721
    efficiency: 0.862834
    discharge_ratio: 2
    depth_of_discharge: 0.9
  Pb-acid:
    cost: 171.566
    lifetime: 18.4892
    annual_cost: 9.279254916383618
    efficiency: 0.696205
    discharge_ratio: 5
    depth_of_discharge: 0.5
  VRBF:
    cost: 243.227
    lifetime: 26.1449
    annual_cost: 9.30303806860994
    efficiency: 0.759927
    discharge_ratio: 0.5
    depth_of_discharge: 1.0
