cost_values:
  wind_capex: 5000.0
  wind_opex: 100
  wind_lifetime: 20
  solar_capex: 1000.0
  solar_opex: 10
  solar_lifetime: 20
  carbon_price: 1.0
timeseries_values:
  load_level: 274182.9201170437
  wind_year: 2018
  solar_year: 2011
  price_year: 2023
  carbon_year: 2023
storage_values:
  CAES:
    cost: 55.3329
    lifetime: 21.6343
    annual_cost: 2.557646884807921
    efficiency: 0.639302
    discharge_ratio: 0.1
    depth_of_discharge: 0.4
  Li-ion:
    cost: 245.275
    lifetime: 15.1836
    annual_cost: 16.153942411549302
    efficiency: 0.928563
    discharge_ratio: 2
    depth_of_discharge: 0.9
  Pb-acid:
    cost: 213.418
    lifetime: 8.71329
    annual_cost: 24.49338883475702
    efficiency: 0.736209
    discharge_ratio: 5
    depth_of_discharge: 0.5
  VRBF:
    cost: 342.496
    lifetime: 14.4385
    annual_cost: 23.721023652041417
    efficiency: 0.763916
    discharge_ratio: 0.5
    depth_of_discharge: 1.0
