cost_values:
  wind_capex: 5000.0
  wind_opex: 100
  wind_lifetime: 20
  solar_capex: 1000.0
  solar_opex: 10
  solar_lifetime: 20
  carbon_price: 1.0
timeseries_values:
  load_level: 274182.9201170437
  wind_year: 2018
  solar_year: 2011
  price_year: 2023
  carbon_year: 2023
storage_values:
  CAES:
    cost: 53.8044
    lifetime: 22.3657
    annual_cost: 2.405665818641938
    efficiency: 0.640069
    discharge_ratio: 0.1
    depth_of_discharge: 0.4
  Li-ion:
    cost: 240.05
    lifetime: 16.8477
    annual_cost: 14.248235664215294
    efficiency: 0.935709
    discharge_ratio: 2
    depth_of_discharge: 0.9
  Pb-acid:
    cost: 229.827
    lifetime: 7.88839
    annual_cost: 29.13484247102387
    efficiency: 0.733924
    discharge_ratio: 5
    depth_of_discharge: 0.5
  VRBF:
    cost: 379.231
    lifetime: 12.4777
    annual_cost: 30.392700577830848
    efficiency: 0.776349
    discharge_ratio: 0.5
    depth_of_discharge: 1.0
