cost_values:
  wind_capex: 5000.0
  wind_opex: 100
  wind_lifetime: 20
  solar_capex: 1000.0
  solar_opex: 10
  solar_lifetime: 20
  carbon_price: 1.0
timeseries_values:
  load_level: 274182.9201170437
  wind_year: 2018
  solar_year: 2011
  price_year: 2023
  carbon_year: 2023
storage_values:
  CAES:
    cost: 48.0685
    lifetime: 22.6532
    annual_cost: 2.121929793583247
    efficiency: 0.641091
    discharge_ratio: 0.1
    depth_of_discharge: 0.4
  Li-ion:
    cost: 240.044
    lifetime: 14.8556
    annual_cost: 16.158485688898462
    efficiency: 0.931871
    discharge_ratio: 2
    depth_of_discharge: 0.9
  Pb-acid:
    cost: 227.877
    lifetime: 8.43363
    annual_cost: 27.020037635039714
    efficiency: 0.745011
    discharge_ratio: 5
    depth_of_discharge: 0.5
  VRBF:
    cost: 342.179
    lifetime: 13.8593
    annual_cost: 24.689486482001254
    efficiency: 0.77652
    discharge_ratio: 0.5
    depth_of_discharge: 1.0
