cost_values:
  wind_capex: 5000.0
  wind_opex: 100
  wind_lifetime: 20
  solar_capex: 1000.0
  solar_opex: 10
  solar_lifetime: 20
  carbon_price: 1.0
timeseries_values:
  load_level: 274182.9201170437
  wind_year: 2018
  solar_year: 2011
  price_year: 2023
  carbon_year: 2023
storage_values:
  CAES:
    cost: 53.2817
    lifetime: 22.3926
    annual_cost: 2.3794333842430087
    efficiency: 0.640745
    discharge_ratio: 0.1
    depth_of_discharge: 0.4
  Li-ion:
    cost: 224.311
    lifetime: 14.2398
    annual_cost: 15.752398207839997
    efficiency: 0.922333
    discharge_ratio: 2
    depth_of_discharge: 0.9
  Pb-acid:
    cost: 234.016
    lifetime: 9.59278
    annual_cost: 24.395013749924424
    efficiency: 0.725247
    discharge_ratio: 5
    depth_of_discharge: 0.5
  VRBF:
    cost: 327.76
    lifetime: 13.7876
    annual_cost: 23.772085061939713
    efficiency: 0.772374
    discharge_ratio: 0.5
    depth_of_discharge: 1.0
