cost_values:
  wind_capex: 5000.0
  wind_opex: 100
  wind_lifetime: 20
  solar_capex: 1000.0
  solar_opex: 10
  solar_lifetime: 20
  carbon_price: 1.0
timeseries_values:
  load_level: 274182.9201170437
  wind_year: 2018
  solar_year: 2011
  price_year: 2023
  carbon_year: 2023
storage_values:
  CAES:
    cost: 55.078
    lifetime: 22.8164
    annual_cost: 2.4139653933135814
    efficiency: 0.647906
    discharge_ratio: 0.1
    depth_of_discharge: 0.4
  Li-ion:
    cost: 249.896
    lifetime: 17.797
    annual_cost: 14.041467663089284
    efficiency: 0.923707
    discharge_ratio: 2
    depth_of_discharge: 0.9
  Pb-acid:
    cost: 228.766
    lifetime: 10.2829
    annual_cost: 22.247225977107625
    efficiency: 0.729134
    discharge_ratio: 5
    depth_of_discharge: 0.5
  VRBF:
    cost: 385.35
    lifetime: 11.2046
    annual_cost: 34.39212466308481
    efficiency: 0.771838
    discharge_ratio: 0.5
    depth_of_discharge: 1.0
