cost_values:
  wind_capex: 5000.0
  wind_opex: 100
  wind_lifetime: 20
  solar_capex: 1000.0
  solar_opex: 10
  solar_lifetime: 20
  carbon_price: 1.0
timeseries_values:
  load_level: 274182.9201170437
  wind_year: 2018
  solar_year: 2011
  price_year: 2023
  carbon_year: 2023
storage_values:
  CAES:
    cost: 50.6652
    lifetime: 22.9675
    annual_cost: 2.2059518885381517
    efficiency: 0.6381
    discharge_ratio: 0.1
    depth_of_discharge: 0.4
  Li-ion:
    cost: 233.385
    lifetime: 16.4648
    annual_cost: 14.174784995869976
    efficiency: 0.936048
    discharge_ratio: 2
    depth_of_discharge: 0.9
  Pb-acid:
    cost: 215.214
    lifetime: 7.38546
    annual_cost: 29.140229586241073
    efficiency: 0.74373
    discharge_ratio: 5
    depth_of_discharge: 0.5
  VRBF:
    cost: 367.624
    lifetime: 12.0652
    annual_cost: 30.469780857341775
    efficiency: 0.78758
    discharge_ratio: 0.5
    depth_of_discharge: 1.0
