cost_values:
  wind_capex: 5000.0
  wind_opex: 100
  wind_lifetime: 20
  solar_capex: 1000.0
  solar_opex: 10
  solar_lifetime: 20
  carbon_price: 1.0
timeseries_values:
  load_level: 274182.9201170437
  wind_year: 2018
  solar_year: 2011
  price_year: 2023
  carbon_year: 2023
storage_values:
  CAES:
    cost: 57.1152
    lifetime: 23.9606
    annual_cost: 2.3837132626061117
    efficiency: 0.649906
    discharge_ratio: 0.1
    depth_of_discharge: 0.4
  Li-ion:
    cost: 230.07
    lifetime: 13.814
    annual_cost: 16.654842912986826
    efficiency: 0.947682
    discharge_ratio: 2
    depth_of_discharge: 0.9
  Pb-acid:
    cost: 213.756
    lifetime: 10.5868
    annual_cost: 20.190803642271508
    efficiency: 0.735911
    discharge_ratio: 5
    depth_of_discharge: 0.5
  VRBF:
    cost: 377.129
    lifetime: 13.4237
    annual_cost: 28.094266111429786
    efficiency: 0.7607
    discharge_ratio: 0.5
    depth_of_discharge: 1.0
