cost_values:
  wind_capex: 5000.0
  wind_opex: 100
  wind_lifetime: 20
  solar_capex: 1000.0
  solar_opex: 10
  solar_lifetime: 20
  carbon_price: 1.0
timeseries_values:
  load_level: 274182.9201170437
  wind_year: 2018
  solar_year: 2011
  price_year: 2023
  carbon_year: 2023
storage_values:
  CAES:
    cost: 53.6832
    lifetime: 23.3134
    annual_cost: 2.3026757143960124
    efficiency: 0.648065
    discharge_ratio: 0.1
    depth_of_discharge: 0.4
  Li-ion:
    cost: 242.32
    lifetime: 15.488
    annual_cost: 15.645661157024794
    efficiency: 0.932164
    discharge_ratio: 2
    depth_of_discharge: 0.9
  Pb-acid:
    cost: 222.718
    lifetime: 7.68227
    annual_cost: 28.991170578487868
    efficiency: 0.74132
    discharge_ratio: 5
    depth_of_discharge: 0.5
  VRBF:
    cost: 365.245
    lifetime: 13.8687
    annual_cost: 26.335921896068125
    efficiency: 0.76122
    discharge_ratio: 0.5
    depth_of_discharge: 1.0
