cost_values:
  wind_capex: 5000.0
  wind_opex: 100
  wind_lifetime: 20
  solar_capex: 1000.0
  solar_opex: 10
  solar_lifetime: 20
  carbon_price: 1.0
timeseries_values:
  load_level: 274182.9201170437
  wind_year: 2018
  solar_year: 2011
  price_year: 2023
  carbon_year: 2023
storage_values:
  CAES:
    cost: 49.2099
    lifetime: 22.4438
    annual_cost: 2.192583252390415
    efficiency: 0.64448
    discharge_ratio: 0.1
    depth_of_discharge: 0.4
  Li-ion:
    cost: 241.515
    lifetime: 15.3124
    annual_cost: 15.772511167419868
    efficiency: 0.93581
    discharge_ratio: 2
    depth_of_discharge: 0.9
  Pb-acid:
    cost: 244.617
    lifetime: 10.2458
    annual_cost: 23.874856038571902
    efficiency: 0.738525
    discharge_ratio: 5
    depth_of_discharge: 0.5
  VRBF:
    cost: 360.57
    lifetime: 14.951
    annual_cost: 24.116781486188213
    efficiency: 0.766103
    discharge_ratio: 0.5
    depth_of_discharge: 1.0
