cost_values:
  wind_capex: 5000.0
  wind_opex: 100
  wind_lifetime: 20
  solar_capex: 1000.0
  solar_opex: 10
  solar_lifetime: 20
  carbon_price: 1.0
timeseries_values:
  load_level: 274182.9201170437
  wind_year: 2018
  solar_year: 2011
  price_year: 2023
  carbon_year: 2023
storage_values:
  CAES:
    cost: 49.9496
    lifetime: 22.62
    annual_cost: 2.208205128205128
    efficiency: 0.63324
    discharge_ratio: 0.1
    depth_of_discharge: 0.4
  Li-ion:
    cost: 254.139
    lifetime: 16.6485
    annual_cost: 15.264978826921347
    efficiency: 0.932195
    discharge_ratio: 2
    depth_of_discharge: 0.9
  Pb-acid:
    cost: 213.347
    lifetime: 9.75926
    annual_cost: 21.860981262923627
    efficiency: 0.737434
    discharge_ratio: 5
    depth_of_discharge: 0.5
  VRBF:
    cost: 347.231
    lifetime: 14.6062
    annual_cost: 23.772849885664993
    efficiency: 0.768977
    discharge_ratio: 0.5
    depth_of_discharge: 1.0
