cost_values:
  wind_capex: 5000.0
  wind_opex: 100
  wind_lifetime: 20
  solar_capex: 1000.0
  solar_opex: 10
  solar_lifetime: 20
  carbon_price: 1.0
timeseries_values:
  load_level: 274182.9201170437
  wind_year: 2018
  solar_year: 2011
  price_year: 2023
  carbon_year: 2023
storage_values:
  CAES:
    cost: 52.5708
    lifetime: 22.8854
    annual_cost: 2.2971326697370373
    efficiency: 0.644511
    discharge_ratio: 0.1
    depth_of_discharge: 0.4
  Li-ion:
    cost: 225.491
    lifetime: 16.0671
    annual_cost: 14.034331024266981
    efficiency: 0.940269
    discharge_ratio: 2
    depth_of_discharge: 0.9
  Pb-acid:
    cost: 229.774
    lifetime: 9.61367
    annual_cost: 23.900757983163555
    efficiency: 0.729254
    discharge_ratio: 5
    depth_of_discharge: 0.5
  VRBF:
    cost: 380.72
    lifetime: 14.2408
    annual_cost: 26.734453120611203
    efficiency: 0.734339
    discharge_ratio: 0.5
    depth_of_discharge: 1.0
