cost_values:
  wind_capex: 5000.0
  wind_opex: 100
  wind_lifetime: 20
  solar_capex: 1000.0
  solar_opex: 10
  solar_lifetime: 20
  carbon_price: 1.0
timeseries_values:
  load_level: 274182.9201170437
  wind_year: 2018
  solar_year: 2011
  price_year: 2023
  carbon_year: 2023
storage_values:
  CAES:
    cost: 52.4169
    lifetime: 24.3078
    annual_cost: 2.156381902105497
    efficiency: 0.643274
    discharge_ratio: 0.1
    depth_of_discharge: 0.4
  Li-ion:
    cost: 236.002
    lifetime: 15.0553
    annual_cost: 15.675675675675675
    efficiency: 0.937669
    discharge_ratio: 2
    depth_of_discharge: 0.9
  Pb-acid:
    cost: 232.468
    lifetime: 6.57383
    annual_cost: 35.36264247782495
    efficiency: 0.739266
    discharge_ratio: 5
    depth_of_discharge: 0.5
  VRBF:
    cost: 337.457
    lifetime: 12.8821
    annual_cost: 26.195806584330196
    efficiency: 0.745504
    discharge_ratio: 0.5
    depth_of_discharge: 1.0
