cost_values:
  wind_capex: 5000.0
  wind_opex: 100
  wind_lifetime: 20
  solar_capex: 1000.0
  solar_opex: 10
  solar_lifetime: 20
  carbon_price: 1.0
timeseries_values:
  load_level: 274182.9201170437
  wind_year: 2018
  solar_year: 2011
  price_year: 2023
  carbon_year: 2023
storage_values:
  CAES:
    cost: 47.5365
    lifetime: 23.3528
    annual_cost: 2.0355803158507757
    efficiency: 0.649358
    discharge_ratio: 0.1
    depth_of_discharge: 0.4
  Li-ion:
    cost: 219.771
    lifetime: 14.26
    annual_cost: 15.411711079943899
    efficiency: 0.920517
    discharge_ratio: 2
    depth_of_discharge: 0.9
  Pb-acid:
    cost: 228.893
    lifetime: 7.69816
    annual_cost: 29.733468776954496
    efficiency: 0.72396
    discharge_ratio: 5
    depth_of_discharge: 0.5
  VRBF:
    cost: 382.028
    lifetime: 17.1328
    annual_cost: 22.298048188270453
    efficiency: 0.782798
    discharge_ratio: 0.5
    depth_of_discharge: 1.0
