cost_values:
  wind_capex: 5000.0
  wind_opex: 100
  wind_lifetime: 20
  solar_capex: 1000.0
  solar_opex: 10
  solar_lifetime: 20
  carbon_price: 1.0
timeseries_values:
  load_level: 274182.9201170437
  wind_year: 2018
  solar_year: 2011
  price_year: 2023
  carbon_year: 2023
storage_values:
  CAES:
    cost: 49.1249
    lifetime: 22.4932
    annual_cost: 2.1839889388793052
    efficiency: 0.631612
    discharge_ratio: 0.1
    depth_of_discharge: 0.4
  Li-ion:
    cost: 239.333
    lifetime: 18.1639
    annual_cost: 13.176300243890353
    efficiency: 0.930994
    discharge_ratio: 2
    depth_of_discharge: 0.9
  Pb-acid:
    cost: 234.643
    lifetime: 8.60404
    annual_cost: 27.27125861804455
    efficiency: 0.728055
    discharge_ratio: 5
    depth_of_discharge: 0.5
  VRBF:
    cost: 391.618
    lifetime: 12.5378
    annual_cost: 31.234985404137884
    efficiency: 0.776359
    discharge_ratio: 0.5
    depth_of_discharge: 1.0
