cost_values:
  wind_capex: 5000.0
  wind_opex: 100
  wind_lifetime: 20
  solar_capex: 1000.0
  solar_opex: 10
  solar_lifetime: 20
  carbon_price: 1.0
timeseries_values:
  load_level: 274182.9201170437
  wind_year: 2018
  solar_year: 2011
  price_year: 2023
  carbon_year: 2023
storage_values:
  CAES:
    cost: 44.4626
    lifetime: 22.8691
    annual_cost: 1.9442216790341553
    efficiency: 0.641659
    discharge_ratio: 0.1
    depth_of_discharge: 0.4
  Li-ion:
    cost: 235.396
    lifetime: 16.7548
    annual_cost: 14.049466421562776
    efficiency: 0.941892
    discharge_ratio: 2
    depth_of_discharge: 0.9
  Pb-acid:
    cost: 228.635
    lifetime: 9.46931
    annual_cost: 24.144842654850247
    efficiency: 0.722564
    discharge_ratio: 5
    depth_of_discharge: 0.5
  VRBF:
    cost: 391.693
    lifetime: 13.086
    annual_cost: 29.932217637169494
    efficiency: 0.774737
    discharge_ratio: 0.5
    depth_of_discharge: 1.0
