cost_values:
  wind_capex: 5000.0
  wind_opex: 100
  wind_lifetime: 20
  solar_capex: 1000.0
  solar_opex: 10
  solar_lifetime: 20
  carbon_price: 1.0
timeseries_values:
  load_level: 274182.9201170437
  wind_year: 2018
  solar_year: 2011
  price_year: 2023
  carbon_year: 2023
storage_values:
  CAES:
    cost: 53.4429
    lifetime: 23.375
    annual_cost: 2.2863272727272728
    efficiency: 0.644669
    discharge_ratio: 0.1
    depth_of_discharge: 0.4
  Li-ion:
    cost: 238.755
    lifetime: 20.2337
    annual_cost: 11.79986853615503
    efficiency: 0.925621
    discharge_ratio: 2
    depth_of_discharge: 0.9
  Pb-acid:
    cost: 243.848
    lifetime: 9.50498
    annual_cost: 25.654762030009532
    efficiency: 0.739434
    discharge_ratio: 5
    depth_of_discharge: 0.5
  VRBF:
    cost: 351.613
    lifetime: 13.5521
    annual_cost: 25.945277853616783
    efficiency: 0.772054
    discharge_ratio: 0.5
    depth_of_discharge: 1.0
