cost_values:
  wind_capex: 5000.0
  wind_opex: 100
  wind_lifetime: 20
  solar_capex: 1000.0
  solar_opex: 10
  solar_lifetime: 20
  carbon_price: 1.0
timeseries_values:
  load_level: 274182.9201170437
  wind_year: 2018
  solar_year: 2011
  price_year: 2023
  carbon_year: 2023
storage_values:
  CAES:
    cost: 52.2561
    lifetime: 23.8983
    annual_cost: 2.1866032311921773
    efficiency: 0.636411
    discharge_ratio: 0.1
    depth_of_discharge: 0.4
  Li-ion:
    cost: 241.06
    lifetime: 14.8033
    annual_cost: 16.28420689981288
    efficiency: 0.936792
    discharge_ratio: 2
    depth_of_discharge: 0.9
  Pb-acid:
    cost: 227.756
    lifetime: 9.64895
    annual_cost: 23.604226366599477
    efficiency: 0.730024
    discharge_ratio: 5
    depth_of_discharge: 0.5
  VRBF:
    cost: 374.116
    lifetime: 11.9523
    annual_cost: 31.300753829806816
    efficiency: 0.794176
    discharge_ratio: 0.5
    depth_of_discharge: 1.0
