cost_values:
  wind_capex: 5000.0
  wind_opex: 100
  wind_lifetime: 20
  solar_capex: 1000.0
  solar_opex: 10
  solar_lifetime: 20
  carbon_price: 1.0
timeseries_values:
  load_level: 274182.9201170437
  wind_year: 2018
  solar_year: 2011
  price_year: 2023
  carbon_year: 2023
storage_values:
  CAES:
    cost: 46.6013
    lifetime: 22.381
    annual_cost: 2.0821813145078414
    efficiency: 0.643314
    discharge_ratio: 0.1
    depth_of_discharge: 0.4
  Li-ion:
    cost: 238.262
    lifetime: 15.942
    annual_cost: 14.945552628277506
    efficiency: 0.940925
    discharge_ratio: 2
    depth_of_discharge: 0.9
  Pb-acid:
    cost: 224.006
    lifetime: 7.2402
    annual_cost: 30.939200574569764
    efficiency: 0.75778
    discharge_ratio: 5
    depth_of_discharge: 0.5
  VRBF:
    cost: 345.837
    lifetime: 11.0633
    annual_cost: 31.259841096237107
    efficiency: 0.771928
    discharge_ratio: 0.5
    depth_of_discharge: 1.0
