cost_values:
  wind_capex: 5000.0
  wind_opex: 100
  wind_lifetime: 20
  solar_capex: 1000.0
  solar_opex: 10
  solar_lifetime: 20
  carbon_price: 1.0
timeseries_values:
  load_level: 274182.9201170437
  wind_year: 2018
  solar_year: 2011
  price_year: 2023
  carbon_year: 2023
storage_values:
  CAES:
    cost: 45.2638
    lifetime: 22.9608
    annual_cost: 1.9713511724330166
    efficiency: 0.646422
    discharge_ratio: 0.1
    depth_of_discharge: 0.4
  Li-ion:
    cost: 237.349
    lifetime: 14.5447
    annual_cost: 16.318590276870612
    efficiency: 0.935089
    discharge_ratio: 2
    depth_of_discharge: 0.9
  Pb-acid:
    cost: 215.942
    lifetime: 9.43733
    annual_cost: 22.881683696554006
    efficiency: 0.739852
    discharge_ratio: 5
    depth_of_discharge: 0.5
  VRBF:
    cost: 345.742
    lifetime: 11.9586
    annual_cost: 28.911578278393794
    efficiency: 0.759269
    discharge_ratio: 0.5
    depth_of_discharge: 1.0
