cost_values:
  wind_capex: 5000.0
  wind_opex: 100
  wind_lifetime: 20
  solar_capex: 1000.0
  solar_opex: 10
  solar_lifetime: 20
  carbon_price: 1.0
timeseries_values:
  load_level: 274182.9201170437
  wind_year: 2018
  solar_year: 2011
  price_year: 2023
  carbon_year: 2023
storage_values:
  CAES:
    cost: 52.5581
    lifetime: 22.934
    annual_cost: 2.2917109967733498
    efficiency: 0.64365
    discharge_ratio: 0.1
    depth_of_discharge: 0.4
  Li-ion:
    cost: 237.428
    lifetime: 13.7507
    annual_cost: 17.26661188157694
    efficiency: 0.933786
    discharge_ratio: 2
    depth_of_discharge: 0.9
  Pb-acid:
    cost: 221.129
    lifetime: 8.38461
    annual_cost: 26.373200423156234
    efficiency: 0.745025
    discharge_ratio: 5
    depth_of_discharge: 0.5
  VRBF:
    cost: 390.018
    lifetime: 14.5239
    annual_cost: 26.853531076363787
    efficiency: 0.764542
    discharge_ratio: 0.5
    depth_of_discharge: 1.0
