cost_values:
  wind_capex: 5000.0
  wind_opex: 100
  wind_lifetime: 20
  solar_capex: 1000.0
  solar_opex: 10
  solar_lifetime: 20
  carbon_price: 1.0
timeseries_values:
  load_level: 274182.9201170437
  wind_year: 2018
  solar_year: 2011
  price_year: 2023
  carbon_year: 2023
storage_values:
  CAES:
    cost: 52.7056
    lifetime: 23.2014
    annual_cost: 2.271656020757368
    efficiency: 0.649484
    discharge_ratio: 0.1
    depth_of_discharge: 0.4
  Li-ion:
    cost: 243.849
    lifetime: 15.8203
    annual_cost: 15.413677363893225
    efficiency: 0.931211
    discharge_ratio: 2
    depth_of_discharge: 0.9
  Pb-acid:
    cost: 220.291
    lifetime: 9.19901
    annual_cost: 23.947250845471416
    efficiency: 0.752147
    discharge_ratio: 5
    depth_of_discharge: 0.5
  VRBF:
    cost: 360.209
    lifetime: 15.4626
    annual_cost: 23.2955001099427
    efficiency: 0.756011
    discharge_ratio: 0.5
    depth_of_discharge: 1.0
