cost_values:
  wind_capex: 5000.0
  wind_opex: 100
  wind_lifetime: 20
  solar_capex: 1000.0
  solar_opex: 10
  solar_lifetime: 20
  carbon_price: 1.0
timeseries_values:
  load_level: 274182.9201170437
  wind_year: 2018
  solar_year: 2011
  price_year: 2023
  carbon_year: 2023
storage_values:
  CAES:
    cost: 59.4596
    lifetime: 21.7038
    annual_cost: 2.7395939881495406
    efficiency: 0.647386
    discharge_ratio: 0.1
    depth_of_discharge: 0.4
  Li-ion:
    cost: 225.594
    lifetime: 15.8589
    annual_cost: 14.225072356846944
    efficiency: 0.92517
    discharge_ratio: 2
    depth_of_discharge: 0.9
  Pb-acid:
    cost: 235.386
    lifetime: 6.86689
    annual_cost: 34.2783996831171
    efficiency: 0.748912
    discharge_ratio: 5
    depth_of_discharge: 0.5
  VRBF:
    cost: 385.356
    lifetime: 14.1963
    annual_cost: 27.144819424779694
    efficiency: 0.782787
    discharge_ratio: 0.5
    depth_of_discharge: 1.0
