cost_values:
  wind_capex: 5000.0
  wind_opex: 100
  wind_lifetime: 20
  solar_capex: 1000.0
  solar_opex: 10
  solar_lifetime: 20
  carbon_price: 1.0
timeseries_values:
  load_level: 274182.9201170437
  wind_year: 2018
  solar_year: 2011
  price_year: 2023
  carbon_year: 2023
storage_values:
  CAES:
    cost: 50.0966
    lifetime: 22.4555
    annual_cost: 2.2309278350515465
    efficiency: 0.642397
    discharge_ratio: 0.1
    depth_of_discharge: 0.4
  Li-ion:
    cost: 244.568
    lifetime: 16.7615
    annual_cost: 14.591056886316856
    efficiency: 0.929868
    discharge_ratio: 2
    depth_of_discharge: 0.9
  Pb-acid:
    cost: 223.041
    lifetime: 9.56578
    annual_cost: 23.31655129011957
    efficiency: 0.723998
    discharge_ratio: 5
    depth_of_discharge: 0.5
  VRBF:
    cost: 383.984
    lifetime: 12.9389
    annual_cost: 29.676711312399043
    efficiency: 0.785112
    discharge_ratio: 0.5
    depth_of_discharge: 1.0
