cost_values:
  wind_capex: 5000.0
  wind_opex: 100
  wind_lifetime: 20
  solar_capex: 1000.0
  solar_opex: 10
  solar_lifetime: 20
  carbon_price: 1.0
timeseries_values:
  load_level: 274182.9201170437
  wind_year: 2018
  solar_year: 2011
  price_year: 2023
  carbon_year: 2023
storage_values:
  CAES:
    cost: 50.4233
    lifetime: 23.5364
    annual_cost: 2.1423539708706514
    efficiency: 0.644168
    discharge_ratio: 0.1
    depth_of_discharge: 0.4
  Li-ion:
    cost: 219.476
    lifetime: 15.386
    annual_cost: 14.264656180943716
    efficiency: 0.939373
    discharge_ratio: 2
    depth_of_discharge: 0.9
  Pb-acid:
    cost: 197.23
    lifetime: 8.95542
    annual_cost: 22.023534351264374
    efficiency: 0.736069
    discharge_ratio: 5
    depth_of_discharge: 0.5
  VRBF:
    cost: 366.268
    lifetime: 14.8395
    annual_cost: 24.681963678021496
    efficiency: 0.787444
    discharge_ratio: 0.5
    depth_of_discharge: 1.0
