cost_values:
  wind_capex: 5000.0
  wind_opex: 100
  wind_lifetime: 20
  solar_capex: 1000.0
  solar_opex: 10
  solar_lifetime: 20
  carbon_price: 1.0
timeseries_values:
  load_level: 274182.9201170437
  wind_year: 2018
  solar_year: 2011
  price_year: 2023
  carbon_year: 2023
storage_values:
  CAES:
    cost: 59.1105
    lifetime: 22.8768
    annual_cost: 2.583862253462023
    efficiency: 0.635018
    discharge_ratio: 0.1
    depth_of_discharge: 0.4
  Li-ion:
    cost: 231.596
    lifetime: 14.8761
    annual_cost: 15.568327720303037
    efficiency: 0.929085
    discharge_ratio: 2
    depth_of_discharge: 0.9
  Pb-acid:
    cost: 222.774
    lifetime: 8.80362
    annual_cost: 25.304817790863304
    efficiency: 0.749856
    discharge_ratio: 5
    depth_of_discharge: 0.5
  VRBF:
    cost: 387.094
    lifetime: 13.9345
    annual_cost: 27.77953999067064
    efficiency: 0.786138
    discharge_ratio: 0.5
    depth_of_discharge: 1.0
