cost_values:
  wind_capex: 5000.0
  wind_opex: 100
  wind_lifetime: 20
  solar_capex: 1000.0
  solar_opex: 10
  solar_lifetime: 20
  carbon_price: 1.0
timeseries_values:
  load_level: 274182.9201170437
  wind_year: 2018
  solar_year: 2011
  price_year: 2023
  carbon_year: 2023
storage_values:
  CAES:
    cost: 45.94
    lifetime: 23.229
    annual_cost: 1.9777002884325627
    efficiency: 0.64658
    discharge_ratio: 0.1
    depth_of_discharge: 0.4
  Li-ion:
    cost: 229.197
    lifetime: 16.7125
    annual_cost: 13.714106207928198
    efficiency: 0.928845
    discharge_ratio: 2
    depth_of_discharge: 0.9
  Pb-acid:
    cost: 220.151
    lifetime: 9.97105
    annual_cost: 22.079018759308198
    efficiency: 0.724874
    discharge_ratio: 5
    depth_of_discharge: 0.5
  VRBF:
    cost: 379.677
    lifetime: 15.4038
    annual_cost: 24.64826860904452
    efficiency: 0.752648
    discharge_ratio: 0.5
    depth_of_discharge: 1.0
