cost_values:
  wind_capex: 5000.0
  wind_opex: 100
  wind_lifetime: 20
  solar_capex: 1000.0
  solar_opex: 10
  solar_lifetime: 20
  carbon_price: 1.0
timeseries_values:
  load_level: 274182.9201170437
  wind_year: 2018
  solar_year: 2011
  price_year: 2023
  carbon_year: 2023
storage_values:
  CAES:
    cost: 52.3564
    lifetime: 22.5379
    annual_cost: 2.3230380825187793
    efficiency: 0.643659
    discharge_ratio: 0.1
    depth_of_discharge: 0.4
  Li-ion:
    cost: 252.158
    lifetime: 15.0957
    annual_cost: 16.703962055419755
    efficiency: 0.915443
    discharge_ratio: 2
    depth_of_discharge: 0.9
  Pb-acid:
    cost: 232.899
    lifetime: 9.41995
    annual_cost: 24.72401658182899
    efficiency: 0.737484
    discharge_ratio: 5
    depth_of_discharge: 0.5
  VRBF:
    cost: 366.154
    lifetime: 14.5358
    annual_cost: 25.189807234551935
    efficiency: 0.757445
    discharge_ratio: 0.5
    depth_of_discharge: 1.0
