cost_values:
  wind_capex: 5000.0
  wind_opex: 100
  wind_lifetime: 20
  solar_capex: 1000.0
  solar_opex: 10
  solar_lifetime: 20
  carbon_price: 1.0
timeseries_values:
  load_level: 274182.9201170437
  wind_year: 2018
  solar_year: 2011
  price_year: 2023
  carbon_year: 2023
storage_values:
  CAES:
    cost: 55.151
    lifetime: 23.114
    annual_cost: 2.3860430907675
    efficiency: 0.649181
    discharge_ratio: 0.1
    depth_of_discharge: 0.4
  Li-ion:
    cost: 242.42
    lifetime: 15.4755
    annual_cost: 15.664760427772931
    efficiency: 0.927712
    discharge_ratio: 2
    depth_of_discharge: 0.9
  Pb-acid:
    cost: 226.895
    lifetime: 9.50408
    annual_cost: 23.873431200074073
    efficiency: 0.741984
    discharge_ratio: 5
    depth_of_discharge: 0.5
  VRBF:
    cost: 373.671
    lifetime: 13.8233
    annual_cost: 27.031967764571412
    efficiency: 0.766637
    discharge_ratio: 0.5
    depth_of_discharge: 1.0
