cost_values:
  wind_capex: 5000.0
  wind_opex: 100
  wind_lifetime: 20
  solar_capex: 1000.0
  solar_opex: 10
  solar_lifetime: 20
  carbon_price: 1.0
timeseries_values:
  load_level: 274182.9201170437
  wind_year: 2018
  solar_year: 2011
  price_year: 2023
  carbon_year: 2023
storage_values:
  CAES:
    cost: 49.2248
    lifetime: 22.8254
    annual_cost: 2.156579950406127
    efficiency: 0.647678
    discharge_ratio: 0.1
    depth_of_discharge: 0.4
  Li-ion:
    cost: 233.018
    lifetime: 15.2714
    annual_cost: 15.258456984952264
    efficiency: 0.938376
    discharge_ratio: 2
    depth_of_discharge: 0.9
  Pb-acid:
    cost: 234.295
    lifetime: 10.8079
    annual_cost: 21.67812433497719
    efficiency: 0.747339
    discharge_ratio: 5
    depth_of_discharge: 0.5
  VRBF:
    cost: 371.933
    lifetime: 12.3809
    annual_cost: 30.040869403678244
    efficiency: 0.770207
    discharge_ratio: 0.5
    depth_of_discharge: 1.0
