cost_values:
  wind_capex: 5000.0
  wind_opex: 100
  wind_lifetime: 20
  solar_capex: 1000.0
  solar_opex: 10
  solar_lifetime: 20
  carbon_price: 1.0
timeseries_values:
  load_level: 274182.9201170437
  wind_year: 2018
  solar_year: 2011
  price_year: 2023
  carbon_year: 2023
storage_values:
  CAES:
    cost: 50.7707
    lifetime: 23.5716
    annual_cost: 2.153892820173429
    efficiency: 0.646956
    discharge_ratio: 0.1
    depth_of_discharge: 0.4
  Li-ion:
    cost: 241.671
    lifetime: 15.892
    annual_cost: 15.207085325950164
    efficiency: 0.934813
    discharge_ratio: 2
    depth_of_discharge: 0.9
  Pb-acid:
    cost: 219.197
    lifetime: 10.5582
    annual_cost: 20.76083044458336
    efficiency: 0.720989
    discharge_ratio: 5
    depth_of_discharge: 0.5
  VRBF:
    cost: 378.256
    lifetime: 13.6626
    annual_cost: 27.68550641898321
    efficiency: 0.781161
    discharge_ratio: 0.5
    depth_of_discharge: 1.0
