cost_values:
  wind_capex: 5000.0
  wind_opex: 100
  wind_lifetime: 20
  solar_capex: 1000.0
  solar_opex: 10
  solar_lifetime: 20
  carbon_price: 1.0
timeseries_values:
  load_level: 274182.9201170437
  wind_year: 2018
  solar_year: 2011
  price_year: 2023
  carbon_year: 2023
storage_values:
  CAES:
    cost: 48.2369
    lifetime: 23.0685
    annual_cost: 2.091028892212324
    efficiency: 0.648663
    discharge_ratio: 0.1
    depth_of_discharge: 0.4
  Li-ion:
    cost: 237.816
    lifetime: 15.5423
    annual_cost: 15.301210245587848
    efficiency: 0.93459
    discharge_ratio: 2
    depth_of_discharge: 0.9
  Pb-acid:
    cost: 240.004
    lifetime: 8.84434
    annual_cost: 27.13645110884475
    efficiency: 0.762294
    discharge_ratio: 5
    depth_of_discharge: 0.5
  VRBF:
    cost: 355.658
    lifetime: 14.9407
    annual_cost: 23.80464101414258
    efficiency: 0.782664
    discharge_ratio: 0.5
    depth_of_discharge: 1.0
