cost_values:
  wind_capex: 5000.0
  wind_opex: 100
  wind_lifetime: 20
  solar_capex: 1000.0
  solar_opex: 10
  solar_lifetime: 20
  carbon_price: 1.0
timeseries_values:
  load_level: 274182.9201170437
  wind_year: 2018
  solar_year: 2011
  price_year: 2023
  carbon_year: 2023
storage_values:
  CAES:
    cost: 42.5798
    lifetime: 22.3832
    annual_cost: 1.9023106615676044
    efficiency: 0.635011
    discharge_ratio: 0.1
    depth_of_discharge: 0.4
  Li-ion:
    cost: 241.475
    lifetime: 17.0671
    annual_cost: 14.148566540302687
    efficiency: 0.941145
    discharge_ratio: 2
    depth_of_discharge: 0.9
  Pb-acid:
    cost: 234.039
    lifetime: 8.67987
    annual_cost: 26.963422263236662
    efficiency: 0.749521
    discharge_ratio: 5
    depth_of_discharge: 0.5
  VRBF:
    cost: 370.706
    lifetime: 14.6517
    annual_cost: 25.30122784386795
    efficiency: 0.7489
    discharge_ratio: 0.5
    depth_of_discharge: 1.0
