cost_values:
  wind_capex: 5000.0
  wind_opex: 100
  wind_lifetime: 20
  solar_capex: 1000.0
  solar_opex: 10
  solar_lifetime: 20
  carbon_price: 1.0
timeseries_values:
  load_level: 274182.9201170437
  wind_year: 2018
  solar_year: 2011
  price_year: 2023
  carbon_year: 2023
storage_values:
  CAES:
    cost: 44.7569
    lifetime: 22.9101
    annual_cost: 1.9535881554423595
    efficiency: 0.638106
    discharge_ratio: 0.1
    depth_of_discharge: 0.4
  Li-ion:
    cost: 236.315
    lifetime: 15.1164
    annual_cost: 15.633021089677436
    efficiency: 0.933115
    discharge_ratio: 2
    depth_of_discharge: 0.9
  Pb-acid:
    cost: 244.849
    lifetime: 10.4096
    annual_cost: 23.521460959114663
    efficiency: 0.744049
    discharge_ratio: 5
    depth_of_discharge: 0.5
  VRBF:
    cost: 373.364
    lifetime: 13.0697
    annual_cost: 28.567143851809913
    efficiency: 0.752918
    discharge_ratio: 0.5
    depth_of_discharge: 1.0
