cost_values:
  wind_capex: 5000.0
  wind_opex: 100
  wind_lifetime: 20
  solar_capex: 1000.0
  solar_opex: 10
  solar_lifetime: 20
  carbon_price: 1.0
timeseries_values:
  load_level: 274182.9201170437
  wind_year: 2018
  solar_year: 2011
  price_year: 2023
  carbon_year: 2023
storage_values:
  CAES:
    cost: 56.8086
    lifetime: 22.5647
    annual_cost: 2.517587204793328
    efficiency: 0.648798
    discharge_ratio: 0.1
    depth_of_discharge: 0.4
  Li-ion:
    cost: 254.361
    lifetime: 15.957
    annual_cost: 15.940402331265274
    efficiency: 0.947983
    discharge_ratio: 2
    depth_of_discharge: 0.9
  Pb-acid:
    cost: 203.714
    lifetime: 9.22648
    annual_cost: 22.079276170327145
    efficiency: 0.726594
    discharge_ratio: 5
    depth_of_discharge: 0.5
  VRBF:
    cost: 365.454
    lifetime: 13.0766
    annual_cost: 27.947172812504782
    efficiency: 0.769067
    discharge_ratio: 0.5
    depth_of_discharge: 1.0
