cost_values:
  wind_capex: 5000.0
  wind_opex: 100
  wind_lifetime: 20
  solar_capex: 1000.0
  solar_opex: 10
  solar_lifetime: 20
  carbon_price: 1.0
timeseries_values:
  load_level: 274182.9201170437
  wind_year: 2018
  solar_year: 2011
  price_year: 2023
  carbon_year: 2023
storage_values:
  CAES:
    cost: 57.6484
    lifetime: 22.9683
    annual_cost: 2.5099114867012364
    efficiency: 0.649814
    discharge_ratio: 0.1
    depth_of_discharge: 0.4
  Li-ion:
    cost: 247.622
    lifetime: 17.2765
    annual_cost: 14.332879923595637
    efficiency: 0.946819
    discharge_ratio: 2
    depth_of_discharge: 0.9
  Pb-acid:
    cost: 240.824
    lifetime: 8.68712
    annual_cost: 27.721960787925113
    efficiency: 0.753961
    discharge_ratio: 5
    depth_of_discharge: 0.5
  VRBF:
    cost: 368.476
    lifetime: 13.766
    annual_cost: 26.767107365974137
    efficiency: 0.746917
    discharge_ratio: 0.5
    depth_of_discharge: 1.0
