cost_values:
  wind_capex: 5000.0
  wind_opex: 100
  wind_lifetime: 20
  solar_capex: 1000.0
  solar_opex: 10
  solar_lifetime: 20
  carbon_price: 1.0
timeseries_values:
  load_level: 274182.9201170437
  wind_year: 2018
  solar_year: 2011
  price_year: 2023
  carbon_year: 2023
storage_values:
  CAES:
    cost: 44.8742
    lifetime: 23.316
    annual_cost: 1.924609710070338
    efficiency: 0.645173
    discharge_ratio: 0.1
    depth_of_discharge: 0.4
  Li-ion:
    cost: 231.628
    lifetime: 17.6821
    annual_cost: 13.09957527669225
    efficiency: 0.943944
    discharge_ratio: 2
    depth_of_discharge: 0.9
  Pb-acid:
    cost: 204.008
    lifetime: 9.25737
    annual_cost: 22.037360503037043
    efficiency: 0.721931
    discharge_ratio: 5
    depth_of_discharge: 0.5
  VRBF:
    cost: 352.292
    lifetime: 13.7915
    annual_cost: 25.544139506217597
    efficiency: 0.759771
    discharge_ratio: 0.5
    depth_of_discharge: 1.0
