cost_values:
  wind_capex: 5000.0
  wind_opex: 100
  wind_lifetime: 20
  solar_capex: 1000.0
  solar_opex: 10
  solar_lifetime: 20
  carbon_price: 1.0
timeseries_values:
  load_level: 274182.9201170437
  wind_year: 2018
  solar_year: 2011
  price_year: 2023
  carbon_year: 2023
storage_values:
  CAES:
    cost: 45.5287
    lifetime: 23.0276
    annual_cost: 1.9771361322934218
    efficiency: 0.644391
    discharge_ratio: 0.1
    depth_of_discharge: 0.4
  Li-ion:
    cost: 237.484
    lifetime: 15.6058
    annual_cost: 15.217675479629369
    efficiency: 0.924373
    discharge_ratio: 2
    depth_of_discharge: 0.9
  Pb-acid:
    cost: 229.647
    lifetime: 9.12901
    annual_cost: 25.155739779012183
    efficiency: 0.735653
    discharge_ratio: 5
    depth_of_discharge: 0.5
  VRBF:
    cost: 375.645
    lifetime: 13.4479
    annual_cost: 27.933357624610533
    efficiency: 0.763035
    discharge_ratio: 0.5
    depth_of_discharge: 1.0
