cost_values:
  wind_capex: 5000.0
  wind_opex: 100
  wind_lifetime: 20
  solar_capex: 1000.0
  solar_opex: 10
  solar_lifetime: 20
  carbon_price: 1.0
timeseries_values:
  load_level: 274182.9201170437
  wind_year: 2018
  solar_year: 2011
  price_year: 2023
  carbon_year: 2023
storage_values:
  CAES:
    cost: 44.3133
    lifetime: 22.0906
    annual_cost: 2.005979919060596
    efficiency: 0.637291
    discharge_ratio: 0.1
    depth_of_discharge: 0.4
  Li-ion:
    cost: 231.156
    lifetime: 14.9462
    annual_cost: 15.465870923713052
    efficiency: 0.932129
    discharge_ratio: 2
    depth_of_discharge: 0.9
  Pb-acid:
    cost: 218.433
    lifetime: 9.27762
    annual_cost: 23.54407703699871
    efficiency: 0.742914
    discharge_ratio: 5
    depth_of_discharge: 0.5
  VRBF:
    cost: 366.909
    lifetime: 15.6695
    annual_cost: 23.415488688215962
    efficiency: 0.758891
    discharge_ratio: 0.5
    depth_of_discharge: 1.0
