cost_values:
  wind_capex: 5000.0
  wind_opex: 100
  wind_lifetime: 20
  solar_capex: 1000.0
  solar_opex: 10
  solar_lifetime: 20
  carbon_price: 1.0
timeseries_values:
  load_level: 274182.9201170437
  wind_year: 2018
  solar_year: 2011
  price_year: 2023
  carbon_year: 2023
storage_values:
  CAES:
    cost: 60.4228
    lifetime: 22.712
    annual_cost: 2.6603909827404015
    efficiency: 0.645438
    discharge_ratio: 0.1
    depth_of_discharge: 0.4
  Li-ion:
    cost: 232.37
    lifetime: 16.5328
    annual_cost: 14.055090486789895
    efficiency: 0.94479
    discharge_ratio: 2
    depth_of_discharge: 0.9
  Pb-acid:
    cost: 227.591
    lifetime: 9.13826
    annual_cost: 24.905288315281027
    efficiency: 0.736765
    discharge_ratio: 5
    depth_of_discharge: 0.5
  VRBF:
    cost: 361.823
    lifetime: 13.202
    annual_cost: 27.406680805938493
    efficiency: 0.738173
    discharge_ratio: 0.5
    depth_of_discharge: 1.0
