cost_values:
  wind_capex: 5000.0
  wind_opex: 100
  wind_lifetime: 20
  solar_capex: 1000.0
  solar_opex: 10
  solar_lifetime: 20
  carbon_price: 1.0
timeseries_values:
  load_level: 274182.9201170437
  wind_year: 2018
  solar_year: 2011
  price_year: 2023
  carbon_year: 2023
storage_values:
  CAES:
    cost: 53.7771
    lifetime: 23.2815
    annual_cost: 2.309864055151085
    efficiency: 0.640496
    discharge_ratio: 0.1
    depth_of_discharge: 0.4
  Li-ion:
    cost: 224.565
    lifetime: 16.749
    annual_cost: 13.407666129321154
    efficiency: 0.933845
    discharge_ratio: 2
    depth_of_discharge: 0.9
  Pb-acid:
    cost: 217.592
    lifetime: 8.54955
    annual_cost: 25.450696235474382
    efficiency: 0.734666
    discharge_ratio: 5
    depth_of_discharge: 0.5
  VRBF:
    cost: 387.359
    lifetime: 14.5861
    annual_cost: 26.55672181049081
    efficiency: 0.77094
    discharge_ratio: 0.5
    depth_of_discharge: 1.0
