cost_values:
  wind_capex: 5000.0
  wind_opex: 100
  wind_lifetime: 20
  solar_capex: 1000.0
  solar_opex: 10
  solar_lifetime: 20
  carbon_price: 1.0
timeseries_values:
  load_level: 274182.9201170437
  wind_year: 2018
  solar_year: 2011
  price_year: 2023
  carbon_year: 2023
storage_values:
  CAES:
    cost: 49.9119
    lifetime: 24.9896
    annual_cost: 1.9973068796619395
    efficiency: 0.647906
    discharge_ratio: 0.1
    depth_of_discharge: 0.4
  Li-ion:
    cost: 248.919
    lifetime: 15.7102
    annual_cost: 15.844419549082762
    efficiency: 0.939962
    discharge_ratio: 2
    depth_of_discharge: 0.9
  Pb-acid:
    cost: 209.057
    lifetime: 8.01265
    annual_cost: 26.090868813688353
    efficiency: 0.726854
    discharge_ratio: 5
    depth_of_discharge: 0.5
  VRBF:
    cost: 373.759
    lifetime: 14.8441
    annual_cost: 25.178959990838113
    efficiency: 0.759319
    discharge_ratio: 0.5
    depth_of_discharge: 1.0
