cost_values:
  wind_capex: 5000.0
  wind_opex: 100
  wind_lifetime: 20
  solar_capex: 1000.0
  solar_opex: 10
  solar_lifetime: 20
  carbon_price: 1.0
timeseries_values:
  load_level: 242379.29994153598
  wind_year: 2017
  solar_year: 2014
  price_year: 2023
  carbon_year: 2023
storage_values:
  CAES:
    cost: 24.336
    lifetime: 24.7595
    annual_cost: 0.9828954542700781
    efficiency: 0.565977
    discharge_ratio: 0.1
    depth_of_discharge: 0.4
  Li-ion:
    cost: 239.494
    lifetime: 24.0365
    annual_cost: 9.963763443096957
    efficiency: 0.938697
    discharge_ratio: 2
    depth_of_discharge: 0.9
  Pb-acid:
    cost: 70.2027
    lifetime: 19.436
    annual_cost: 3.6119932084791104
    efficiency: 0.768203
    discharge_ratio: 5
    depth_of_discharge: 0.5
  VRBF:
    cost: 207.102
    lifetime: 12.9472
    annual_cost: 15.995891003460207
    efficiency: 0.692477
    discharge_ratio: 0.5
    depth_of_discharge: 1.0
