cost_values:
  wind_capex: 5000.0
  wind_opex: 100
  wind_lifetime: 20
  solar_capex: 1000.0
  solar_opex: 10
  solar_lifetime: 20
  carbon_price: 1.0
timeseries_values:
  load_level: 242379.29994153598
  wind_year: 2017
  solar_year: 2014
  price_year: 2023
  carbon_year: 2023
storage_values:
  CAES:
    cost: 35.1728
    lifetime: 22.68
    annual_cost: 1.5508289241622577
    efficiency: 0.566464
    discharge_ratio: 0.1
    depth_of_discharge: 0.4
  Li-ion:
    cost: 257.199
    lifetime: 23.168
    annual_cost: 11.10147617403315
    efficiency: 0.938995
    discharge_ratio: 2
    depth_of_discharge: 0.9
  Pb-acid:
    cost: 50.8206
    lifetime: 19.6894
    annual_cost: 2.5811147114691155
    efficiency: 0.746318
    discharge_ratio: 5
    depth_of_discharge: 0.5
  VRBF:
    cost: 182.703
    lifetime: 14.0672
    annual_cost: 12.987872497725204
    efficiency: 0.697134
    discharge_ratio: 0.5
    depth_of_discharge: 1.0
