cost_values:
  wind_capex: 5000.0
  wind_opex: 100
  wind_lifetime: 20
  solar_capex: 1000.0
  solar_opex: 10
  solar_lifetime: 20
  carbon_price: 1.0
timeseries_values:
  load_level: 242379.29994153598
  wind_year: 2017
  solar_year: 2014
  price_year: 2023
  carbon_year: 2023
storage_values:
  CAES:
    cost: 36.79
    lifetime: 24.29
    annual_cost: 1.514615067929189
    efficiency: 0.565794
    discharge_ratio: 0.1
    depth_of_discharge: 0.4
  Li-ion:
    cost: 228.756
    lifetime: 22.1921
    annual_cost: 10.307992483811807
    efficiency: 0.922455
    discharge_ratio: 2
    depth_of_discharge: 0.9
  Pb-acid:
    cost: 65.4634
    lifetime: 17.8655
    annual_cost: 3.664235537768324
    efficiency: 0.764354
    discharge_ratio: 5
    depth_of_discharge: 0.5
  VRBF:
    cost: 222.388
    lifetime: 16.1229
    annual_cost: 13.793300212740883
    efficiency: 0.707758
    discharge_ratio: 0.5
    depth_of_discharge: 1.0
