cost_values:
  wind_capex: 5000.0
  wind_opex: 100
  wind_lifetime: 20
  solar_capex: 1000.0
  solar_opex: 10
  solar_lifetime: 20
  carbon_price: 1.0
timeseries_values:
  load_level: 242379.29994153598
  wind_year: 2017
  solar_year: 2014
  price_year: 2023
  carbon_year: 2023
storage_values:
  CAES:
    cost: 33.0491
    lifetime: 24.3147
    annual_cost: 1.359223021464382
    efficiency: 0.563871
    discharge_ratio: 0.1
    depth_of_discharge: 0.4
  Li-ion:
    cost: 257.346
    lifetime: 24.6713
    annual_cost: 10.430986611974237
    efficiency: 0.921806
    discharge_ratio: 2
    depth_of_discharge: 0.9
  Pb-acid:
    cost: 71.2991
    lifetime: 18.5558
    annual_cost: 3.8424158484139723
    efficiency: 0.756493
    discharge_ratio: 5
    depth_of_discharge: 0.5
  VRBF:
    cost: 209.102
    lifetime: 14.9873
    annual_cost: 13.951945980930523
    efficiency: 0.697785
    discharge_ratio: 0.5
    depth_of_discharge: 1.0
