cost_values:
  wind_capex: 5000.0
  wind_opex: 100
  wind_lifetime: 20
  solar_capex: 1000.0
  solar_opex: 10
  solar_lifetime: 20
  carbon_price: 1.0
timeseries_values:
  load_level: 242379.29994153598
  wind_year: 2017
  solar_year: 2014
  price_year: 2023
  carbon_year: 2023
storage_values:
  CAES:
    cost: 30.9194
    lifetime: 24.5189
    annual_cost: 1.2610435215282905
    efficiency: 0.560336
    discharge_ratio: 0.1
    depth_of_discharge: 0.4
  Li-ion:
    cost: 252.588
    lifetime: 23.4747
    annual_cost: 10.760009712584187
    efficiency: 0.9449
    discharge_ratio: 2
    depth_of_discharge: 0.9
  Pb-acid:
    cost: 59.0126
    lifetime: 18.8969
    annual_cost: 3.1228720054612134
    efficiency: 0.741409
    discharge_ratio: 5
    depth_of_discharge: 0.5
  VRBF:
    cost: 221.12
    lifetime: 12.929
    annual_cost: 17.102637481630442
    efficiency: 0.713931
    discharge_ratio: 0.5
    depth_of_discharge: 1.0
