cost_values:
  wind_capex: 5000.0
  wind_opex: 100
  wind_lifetime: 20
  solar_capex: 1000.0
  solar_opex: 10
  solar_lifetime: 20
  carbon_price: 1.0
timeseries_values:
  load_level: 242379.29994153598
  wind_year: 2017
  solar_year: 2014
  price_year: 2023
  carbon_year: 2023
storage_values:
  CAES:
    cost: 33.2838
    lifetime: 22.7703
    annual_cost: 1.461719871938446
    efficiency: 0.567197
    discharge_ratio: 0.1
    depth_of_discharge: 0.4
  Li-ion:
    cost: 231.3
    lifetime: 21.0979
    annual_cost: 10.963176429881647
    efficiency: 0.941484
    discharge_ratio: 2
    depth_of_discharge: 0.9
  Pb-acid:
    cost: 99.5914
    lifetime: 18.9597
    annual_cost: 5.252794084294582
    efficiency: 0.769083
    discharge_ratio: 5
    depth_of_discharge: 0.5
  VRBF:
    cost: 230.877
    lifetime: 13.1614
    annual_cost: 17.541978816843194
    efficiency: 0.691904
    discharge_ratio: 0.5
    depth_of_discharge: 1.0
