cost_values:
  wind_capex: 5000.0
  wind_opex: 100
  wind_lifetime: 20
  solar_capex: 1000.0
  solar_opex: 10
  solar_lifetime: 20
  carbon_price: 1.0
timeseries_values:
  load_level: 242379.29994153598
  wind_year: 2017
  solar_year: 2014
  price_year: 2023
  carbon_year: 2023
storage_values:
  CAES:
    cost: 34.4576
    lifetime: 23.6262
    annual_cost: 1.4584486713902363
    efficiency: 0.566972
    discharge_ratio: 0.1
    depth_of_discharge: 0.4
  Li-ion:
    cost: 273.459
    lifetime: 21.2842
    annual_cost: 12.847981131543587
    efficiency: 0.924444
    discharge_ratio: 2
    depth_of_discharge: 0.9
  Pb-acid:
    cost: 63.3541
    lifetime: 19.625
    annual_cost: 3.2282343949044585
    efficiency: 0.762199
    discharge_ratio: 5
    depth_of_discharge: 0.5
  VRBF:
    cost: 201.219
    lifetime: 13.9181
    annual_cost: 14.457361277760613
    efficiency: 0.717673
    discharge_ratio: 0.5
    depth_of_discharge: 1.0
