cost_values:
  wind_capex: 5000.0
  wind_opex: 100
  wind_lifetime: 20
  solar_capex: 1000.0
  solar_opex: 10
  solar_lifetime: 20
  carbon_price: 1.0
timeseries_values:
  load_level: 242379.29994153598
  wind_year: 2017
  solar_year: 2014
  price_year: 2023
  carbon_year: 2023
storage_values:
  CAES:
    cost: 29.8492
    lifetime: 23.9914
    annual_cost: 1.2441624915594756
    efficiency: 0.573566
    discharge_ratio: 0.1
    depth_of_discharge: 0.4
  Li-ion:
    cost: 255.988
    lifetime: 22.5567
    annual_cost: 11.348645856885094
    efficiency: 0.943854
    discharge_ratio: 2
    depth_of_discharge: 0.9
  Pb-acid:
    cost: 87.4239
    lifetime: 18.1853
    annual_cost: 4.8073938840712005
    efficiency: 0.773891
    discharge_ratio: 5
    depth_of_discharge: 0.5
  VRBF:
    cost: 199.602
    lifetime: 13.7931
    annual_cost: 14.471148617787154
    efficiency: 0.689907
    discharge_ratio: 0.5
    depth_of_discharge: 1.0
