cost_values:
  wind_capex: 5000.0
  wind_opex: 100
  wind_lifetime: 20
  solar_capex: 1000.0
  solar_opex: 10
  solar_lifetime: 20
  carbon_price: 1.0
timeseries_values:
  load_level: 242379.29994153598
  wind_year: 2017
  solar_year: 2014
  price_year: 2023
  carbon_year: 2023
storage_values:
  CAES:
    cost: 25.846
    lifetime: 22.6138
    annual_cost: 1.1429304230160344
    efficiency: 0.571368
    discharge_ratio: 0.1
    depth_of_discharge: 0.4
  Li-ion:
    cost: 235.789
    lifetime: 23.8296
    annual_cost: 9.894794709101285
    efficiency: 0.928349
    discharge_ratio: 2
    depth_of_discharge: 0.9
  Pb-acid:
    cost: 62.6995
    lifetime: 19.5739
    annual_cost: 3.203219593438201
    efficiency: 0.759392
    discharge_ratio: 5
    depth_of_discharge: 0.5
  VRBF:
    cost: 204.077
    lifetime: 15.3833
    annual_cost: 13.266139254906294
    efficiency: 0.716266
    discharge_ratio: 0.5
    depth_of_discharge: 1.0
