cost_values:
  wind_capex: 5000.0
  wind_opex: 100
  wind_lifetime: 20
  solar_capex: 1000.0
  solar_opex: 10
  solar_lifetime: 20
  carbon_price: 1.0
timeseries_values:
  load_level: 242379.29994153598
  wind_year: 2017
  solar_year: 2014
  price_year: 2023
  carbon_year: 2023
storage_values:
  CAES:
    cost: 36.6053
    lifetime: 24.6637
    annual_cost: 1.4841771510357327
    efficiency: 0.55079
    discharge_ratio: 0.1
    depth_of_discharge: 0.4
  Li-ion:
    cost: 227.501
    lifetime: 22.8184
    annual_cost: 9.970068015285909
    efficiency: 0.942346
    discharge_ratio: 2
    depth_of_discharge: 0.9
  Pb-acid:
    cost: 66.2587
    lifetime: 19.2165
    annual_cost: 3.4480108240314316
    efficiency: 0.782578
    discharge_ratio: 5
    depth_of_discharge: 0.5
  VRBF:
    cost: 167.27
    lifetime: 12.2725
    annual_cost: 13.629659808514972
    efficiency: 0.68719
    discharge_ratio: 0.5
    depth_of_discharge: 1.0
