cost_values:
  wind_capex: 5000.0
  wind_opex: 100
  wind_lifetime: 20
  solar_capex: 1000.0
  solar_opex: 10
  solar_lifetime: 20
  carbon_price: 1.0
timeseries_values:
  load_level: 242379.29994153598
  wind_year: 2017
  solar_year: 2014
  price_year: 2023
  carbon_year: 2023
storage_values:
  CAES:
    cost: 37.2333
    lifetime: 23.3668
    annual_cost: 1.593427426947635
    efficiency: 0.55798
    discharge_ratio: 0.1
    depth_of_discharge: 0.4
  Li-ion:
    cost: 247.457
    lifetime: 23.4173
    annual_cost: 10.567272913615147
    efficiency: 0.925703
    discharge_ratio: 2
    depth_of_discharge: 0.9
  Pb-acid:
    cost: 53.0251
    lifetime: 18.9723
    annual_cost: 2.794869362175382
    efficiency: 0.770349
    discharge_ratio: 5
    depth_of_discharge: 0.5
  VRBF:
    cost: 191.343
    lifetime: 14.6587
    annual_cost: 13.053203899390805
    efficiency: 0.732104
    discharge_ratio: 0.5
    depth_of_discharge: 1.0
