cost_values:
  wind_capex: 5000.0
  wind_opex: 100
  wind_lifetime: 20
  solar_capex: 1000.0
  solar_opex: 10
  solar_lifetime: 20
  carbon_price: 1.0
timeseries_values:
  load_level: 242379.29994153598
  wind_year: 2017
  solar_year: 2014
  price_year: 2023
  carbon_year: 2023
storage_values:
  CAES:
    cost: 26.2574
    lifetime: 23.6369
    annual_cost: 1.1108647919143373
    efficiency: 0.564554
    discharge_ratio: 0.1
    depth_of_discharge: 0.4
  Li-ion:
    cost: 237.02
    lifetime: 20.8193
    annual_cost: 11.384628685882811
    efficiency: 0.933065
    discharge_ratio: 2
    depth_of_discharge: 0.9
  Pb-acid:
    cost: 74.5822
    lifetime: 18.9321
    annual_cost: 3.939457323804544
    efficiency: 0.756112
    discharge_ratio: 5
    depth_of_discharge: 0.5
  VRBF:
    cost: 246.78
    lifetime: 14.7805
    annual_cost: 16.696322857819425
    efficiency: 0.681879
    discharge_ratio: 0.5
    depth_of_discharge: 1.0
