cost_values:
  wind_capex: 5000.0
  wind_opex: 100
  wind_lifetime: 20
  solar_capex: 1000.0
  solar_opex: 10
  solar_lifetime: 20
  carbon_price: 1.0
timeseries_values:
  load_level: 242379.29994153598
  wind_year: 2017
  solar_year: 2014
  price_year: 2023
  carbon_year: 2023
storage_values:
  CAES:
    cost: 33.6257
    lifetime: 24.7592
    annual_cost: 1.358109308862968
    efficiency: 0.566824
    discharge_ratio: 0.1
    depth_of_discharge: 0.4
  Li-ion:
    cost: 265.643
    lifetime: 22.4517
    annual_cost: 11.831754388309125
    efficiency: 0.925773
    discharge_ratio: 2
    depth_of_discharge: 0.9
  Pb-acid:
    cost: 71.5338
    lifetime: 19.9783
    annual_cost: 3.5805749237923146
    efficiency: 0.748126
    discharge_ratio: 5
    depth_of_discharge: 0.5
  VRBF:
    cost: 198.537
    lifetime: 14.406
    annual_cost: 13.781549354435652
    efficiency: 0.688543
    discharge_ratio: 0.5
    depth_of_discharge: 1.0
