cost_values:
  wind_capex: 5000.0
  wind_opex: 100
  wind_lifetime: 20
  solar_capex: 1000.0
  solar_opex: 10
  solar_lifetime: 20
  carbon_price: 1.0
timeseries_values:
  load_level: 242379.29994153598
  wind_year: 2017
  solar_year: 2014
  price_year: 2023
  carbon_year: 2023
storage_values:
  CAES:
    cost: 38.961
    lifetime: 23.6671
    annual_cost: 1.6462092947593916
    efficiency: 0.559195
    discharge_ratio: 0.1
    depth_of_discharge: 0.4
  Li-ion:
    cost: 239.657
    lifetime: 21.2251
    annual_cost: 11.29120710856486
    efficiency: 0.9272
    discharge_ratio: 2
    depth_of_discharge: 0.9
  Pb-acid:
    cost: 50.2223
    lifetime: 19.6222
    annual_cost: 2.5594632610002956
    efficiency: 0.7629
    discharge_ratio: 5
    depth_of_discharge: 0.5
  VRBF:
    cost: 211.256
    lifetime: 13.752
    annual_cost: 15.361838278068644
    efficiency: 0.72228
    discharge_ratio: 0.5
    depth_of_discharge: 1.0
