cost_values:
  wind_capex: 5000.0
  wind_opex: 100
  wind_lifetime: 20
  solar_capex: 1000.0
  solar_opex: 10
  solar_lifetime: 20
  carbon_price: 1.0
timeseries_values:
  load_level: 242379.29994153598
  wind_year: 2017
  solar_year: 2014
  price_year: 2023
  carbon_year: 2023
storage_values:
  CAES:
    cost: 31.9439
    lifetime: 23.3841
    annual_cost: 1.3660521465440192
    efficiency: 0.562974
    discharge_ratio: 0.1
    depth_of_discharge: 0.4
  Li-ion:
    cost: 249.53
    lifetime: 22.7996
    annual_cost: 10.944490254214985
    efficiency: 0.935335
    discharge_ratio: 2
    depth_of_discharge: 0.9
  Pb-acid:
    cost: 89.548
    lifetime: 18.8639
    annual_cost: 4.74705654716151
    efficiency: 0.765752
    discharge_ratio: 5
    depth_of_discharge: 0.5
  VRBF:
    cost: 162.986
    lifetime: 14.0945
    annual_cost: 11.563801482847918
    efficiency: 0.688042
    discharge_ratio: 0.5
    depth_of_discharge: 1.0
