cost_values:
  wind_capex: 5000.0
  wind_opex: 100
  wind_lifetime: 20
  solar_capex: 1000.0
  solar_opex: 10
  solar_lifetime: 20
  carbon_price: 1.0
timeseries_values:
  load_level: 242379.29994153598
  wind_year: 2017
  solar_year: 2014
  price_year: 2023
  carbon_year: 2023
storage_values:
  CAES:
    cost: 39.2936
    lifetime: 23.5866
    annual_cost: 1.6659289596635376
    efficiency: 0.557294
    discharge_ratio: 0.1
    depth_of_discharge: 0.4
  Li-ion:
    cost: 243.065
    lifetime: 21.314
    annual_cost: 11.404006756122737
    efficiency: 0.940132
    discharge_ratio: 2
    depth_of_discharge: 0.9
  Pb-acid:
    cost: 84.1906
    lifetime: 19.1061
    annual_cost: 4.4064775124175
    efficiency: 0.775334
    discharge_ratio: 5
    depth_of_discharge: 0.5
  VRBF:
    cost: 218.092
    lifetime: 12.3569
    annual_cost: 17.64941045084123
    efficiency: 0.712983
    discharge_ratio: 0.5
    depth_of_discharge: 1.0
