cost_values:
  wind_capex: 5000.0
  wind_opex: 100
  wind_lifetime: 20
  solar_capex: 1000.0
  solar_opex: 10
  solar_lifetime: 20
  carbon_price: 1.0
timeseries_values:
  load_level: 242379.29994153598
  wind_year: 2017
  solar_year: 2014
  price_year: 2023
  carbon_year: 2023
storage_values:
  CAES:
    cost: 30.1892
    lifetime: 23.9679
    annual_cost: 1.259568005540744
    efficiency: 0.555024
    discharge_ratio: 0.1
    depth_of_discharge: 0.4
  Li-ion:
    cost: 233.548
    lifetime: 22.1659
    annual_cost: 10.536364415611366
    efficiency: 0.93443
    discharge_ratio: 2
    depth_of_discharge: 0.9
  Pb-acid:
    cost: 71.7674
    lifetime: 19.0524
    annual_cost: 3.7668430224013774
    efficiency: 0.763208
    discharge_ratio: 5
    depth_of_discharge: 0.5
  VRBF:
    cost: 171.1
    lifetime: 14.5903
    annual_cost: 11.726969287814507
    efficiency: 0.703256
    discharge_ratio: 0.5
    depth_of_discharge: 1.0
