cost_values:
  wind_capex: 5000.0
  wind_opex: 100
  wind_lifetime: 20
  solar_capex: 1000.0
  solar_opex: 10
  solar_lifetime: 20
  carbon_price: 1.0
timeseries_values:
  load_level: 242379.29994153598
  wind_year: 2017
  solar_year: 2014
  price_year: 2023
  carbon_year: 2023
storage_values:
  CAES:
    cost: 34.9363
    lifetime: 23.4538
    annual_cost: 1.4895795137674919
    efficiency: 0.562654
    discharge_ratio: 0.1
    depth_of_discharge: 0.4
  Li-ion:
    cost: 255.372
    lifetime: 21.7613
    annual_cost: 11.735144499639269
    efficiency: 0.934499
    discharge_ratio: 2
    depth_of_discharge: 0.9
  Pb-acid:
    cost: 65.3224
    lifetime: 18.7232
    annual_cost: 3.488848060160657
    efficiency: 0.763153
    discharge_ratio: 5
    depth_of_discharge: 0.5
  VRBF:
    cost: 210.812
    lifetime: 13.8509
    annual_cost: 15.220094001111843
    efficiency: 0.696125
    discharge_ratio: 0.5
    depth_of_discharge: 1.0
