cost_values:
  wind_capex: 5000.0
  wind_opex: 100
  wind_lifetime: 20
  solar_capex: 1000.0
  solar_opex: 10
  solar_lifetime: 20
  carbon_price: 1.0
timeseries_values:
  load_level: 242379.29994153598
  wind_year: 2017
  solar_year: 2014
  price_year: 2023
  carbon_year: 2023
storage_values:
  CAES:
    cost: 28.5713
    lifetime: 22.9471
    annual_cost: 1.2450941513306693
    efficiency: 0.554778
    discharge_ratio: 0.1
    depth_of_discharge: 0.4
  Li-ion:
    cost: 244.022
    lifetime: 21.8953
    annual_cost: 11.144948915977402
    efficiency: 0.922977
    discharge_ratio: 2
    depth_of_discharge: 0.9
  Pb-acid:
    cost: 59.3526
    lifetime: 19.8518
    annual_cost: 2.9897843016754146
    efficiency: 0.763584
    discharge_ratio: 5
    depth_of_discharge: 0.5
  VRBF:
    cost: 185.279
    lifetime: 12.7059
    annual_cost: 14.582123265569539
    efficiency: 0.69688
    discharge_ratio: 0.5
    depth_of_discharge: 1.0
