cost_values:
  wind_capex: 5000.0
  wind_opex: 100
  wind_lifetime: 20
  solar_capex: 1000.0
  solar_opex: 10
  solar_lifetime: 20
  carbon_price: 1.0
timeseries_values:
  load_level: 242379.29994153598
  wind_year: 2017
  solar_year: 2014
  price_year: 2023
  carbon_year: 2023
storage_values:
  CAES:
    cost: 26.8136
    lifetime: 24.399
    annual_cost: 1.0989630722570598
    efficiency: 0.556808
    discharge_ratio: 0.1
    depth_of_discharge: 0.4
  Li-ion:
    cost: 246.106
    lifetime: 23.8407
    annual_cost: 10.32293514871627
    efficiency: 0.92528
    discharge_ratio: 2
    depth_of_discharge: 0.9
  Pb-acid:
    cost: 88.6732
    lifetime: 19.5483
    annual_cost: 4.536107999161052
    efficiency: 0.767374
    discharge_ratio: 5
    depth_of_discharge: 0.5
  VRBF:
    cost: 202.184
    lifetime: 15.8768
    annual_cost: 12.734556081830092
    efficiency: 0.690894
    discharge_ratio: 0.5
    depth_of_discharge: 1.0
