cost_values:
  wind_capex: 5000.0
  wind_opex: 100
  wind_lifetime: 20
  solar_capex: 1000.0
  solar_opex: 10
  solar_lifetime: 20
  carbon_price: 1.0
timeseries_values:
  load_level: 242379.29994153598
  wind_year: 2017
  solar_year: 2014
  price_year: 2023
  carbon_year: 2023
storage_values:
  CAES:
    cost: 40.7391
    lifetime: 21.9703
    annual_cost: 1.8542805514717595
    efficiency: 0.559808
    discharge_ratio: 0.1
    depth_of_discharge: 0.4
  Li-ion:
    cost: 247.788
    lifetime: 23.4969
    annual_cost: 10.545561329366853
    efficiency: 0.931897
    discharge_ratio: 2
    depth_of_discharge: 0.9
  Pb-acid:
    cost: 75.5705
    lifetime: 18.921
    annual_cost: 3.9940013741345592
    efficiency: 0.761722
    discharge_ratio: 5
    depth_of_discharge: 0.5
  VRBF:
    cost: 190.187
    lifetime: 13.5905
    annual_cost: 13.994113535190023
    efficiency: 0.697993
    discharge_ratio: 0.5
    depth_of_discharge: 1.0
