cost_values:
  wind_capex: 5000.0
  wind_opex: 100
  wind_lifetime: 20
  solar_capex: 1000.0
  solar_opex: 10
  solar_lifetime: 20
  carbon_price: 1.0
timeseries_values:
  load_level: 242379.29994153598
  wind_year: 2017
  solar_year: 2014
  price_year: 2023
  carbon_year: 2023
storage_values:
  CAES:
    cost: 35.5763
    lifetime: 24.0681
    annual_cost: 1.4781515782301056
    efficiency: 0.561649
    discharge_ratio: 0.1
    depth_of_discharge: 0.4
  Li-ion:
    cost: 242.843
    lifetime: 20.7616
    annual_cost: 11.696738209001232
    efficiency: 0.931958
    discharge_ratio: 2
    depth_of_discharge: 0.9
  Pb-acid:
    cost: 70.6908
    lifetime: 17.4183
    annual_cost: 4.058421315512995
    efficiency: 0.760457
    discharge_ratio: 5
    depth_of_discharge: 0.5
  VRBF:
    cost: 193.989
    lifetime: 13.7533
    annual_cost: 14.104905731715299
    efficiency: 0.682376
    discharge_ratio: 0.5
    depth_of_discharge: 1.0
