cost_values:
  wind_capex: 5000.0
  wind_opex: 100
  wind_lifetime: 20
  solar_capex: 1000.0
  solar_opex: 10
  solar_lifetime: 20
  carbon_price: 1.0
timeseries_values:
  load_level: 242379.29994153598
  wind_year: 2017
  solar_year: 2014
  price_year: 2023
  carbon_year: 2023
storage_values:
  CAES:
    cost: 28.5651
    lifetime: 24.1422
    annual_cost: 1.1832020279841937
    efficiency: 0.56621
    discharge_ratio: 0.1
    depth_of_discharge: 0.4
  Li-ion:
    cost: 254.659
    lifetime: 23.895
    annual_cost: 10.657417869847249
    efficiency: 0.943559
    discharge_ratio: 2
    depth_of_discharge: 0.9
  Pb-acid:
    cost: 80.5969
    lifetime: 17.329
    annual_cost: 4.650983899821109
    efficiency: 0.767694
    discharge_ratio: 5
    depth_of_discharge: 0.5
  VRBF:
    cost: 174.876
    lifetime: 13.1188
    annual_cost: 13.330182638655975
    efficiency: 0.69293
    discharge_ratio: 0.5
    depth_of_discharge: 1.0
