cost_values:
  wind_capex: 5000.0
  wind_opex: 100
  wind_lifetime: 20
  solar_capex: 1000.0
  solar_opex: 10
  solar_lifetime: 20
  carbon_price: 1.0
timeseries_values:
  load_level: 242379.29994153598
  wind_year: 2017
  solar_year: 2014
  price_year: 2023
  carbon_year: 2023
storage_values:
  CAES:
    cost: 26.6603
    lifetime: 23.6598
    annual_cost: 1.126818485363359
    efficiency: 0.560946
    discharge_ratio: 0.1
    depth_of_discharge: 0.4
  Li-ion:
    cost: 258.035
    lifetime: 21.057
    annual_cost: 12.254119770147696
    efficiency: 0.9307
    discharge_ratio: 2
    depth_of_discharge: 0.9
  Pb-acid:
    cost: 61.0822
    lifetime: 18.8113
    annual_cost: 3.247101476240345
    efficiency: 0.771066
    discharge_ratio: 5
    depth_of_discharge: 0.5
  VRBF:
    cost: 195.328
    lifetime: 13.9411
    annual_cost: 14.010946051602815
    efficiency: 0.700367
    discharge_ratio: 0.5
    depth_of_discharge: 1.0
