cost_values:
  wind_capex: 5000.0
  wind_opex: 100
  wind_lifetime: 20
  solar_capex: 1000.0
  solar_opex: 10
  solar_lifetime: 20
  carbon_price: 1.0
timeseries_values:
  load_level: 242379.29994153598
  wind_year: 2017
  solar_year: 2014
  price_year: 2023
  carbon_year: 2023
storage_values:
  CAES:
    cost: 34.7326
    lifetime: 23.1624
    annual_cost: 1.4995250923911165
    efficiency: 0.565156
    discharge_ratio: 0.1
    depth_of_discharge: 0.4
  Li-ion:
    cost: 223.15
    lifetime: 22.4326
    annual_cost: 9.947576295213217
    efficiency: 0.951099
    discharge_ratio: 2
    depth_of_discharge: 0.9
  Pb-acid:
    cost: 90.9572
    lifetime: 19.4409
    annual_cost: 4.678651708511437
    efficiency: 0.777435
    discharge_ratio: 5
    depth_of_discharge: 0.5
  VRBF:
    cost: 196.741
    lifetime: 14.1873
    annual_cost: 13.867402536070994
    efficiency: 0.703241
    discharge_ratio: 0.5
    depth_of_discharge: 1.0
