cost_values:
  wind_capex: 5000.0
  wind_opex: 100
  wind_lifetime: 20
  solar_capex: 1000.0
  solar_opex: 10
  solar_lifetime: 20
  carbon_price: 1.0
timeseries_values:
  load_level: 242379.29994153598
  wind_year: 2017
  solar_year: 2014
  price_year: 2023
  carbon_year: 2023
storage_values:
  CAES:
    cost: 43.2313
    lifetime: 24.426
    annual_cost: 1.769888643248997
    efficiency: 0.558879
    discharge_ratio: 0.1
    depth_of_discharge: 0.4
  Li-ion:
    cost: 257.92
    lifetime: 23.9598
    annual_cost: 10.764697535037856
    efficiency: 0.927306
    discharge_ratio: 2
    depth_of_discharge: 0.9
  Pb-acid:
    cost: 67.0904
    lifetime: 18.4422
    annual_cost: 3.6378740063549904
    efficiency: 0.753401
    discharge_ratio: 5
    depth_of_discharge: 0.5
  VRBF:
    cost: 212.389
    lifetime: 12.9401
    annual_cost: 16.41324255608535
    efficiency: 0.695455
    discharge_ratio: 0.5
    depth_of_discharge: 1.0
