cost_values:
  wind_capex: 5000.0
  wind_opex: 100
  wind_lifetime: 20
  solar_capex: 1000.0
  solar_opex: 10
  solar_lifetime: 20
  carbon_price: 1.0
timeseries_values:
  load_level: 242379.29994153598
  wind_year: 2017
  solar_year: 2014
  price_year: 2023
  carbon_year: 2023
storage_values:
  CAES:
    cost: 37.1918
    lifetime: 22.8858
    annual_cost: 1.6251037761406637
    efficiency: 0.556419
    discharge_ratio: 0.1
    depth_of_discharge: 0.4
  Li-ion:
    cost: 257.491
    lifetime: 21.5446
    annual_cost: 11.951533098781132
    efficiency: 0.92934
    discharge_ratio: 2
    depth_of_discharge: 0.9
  Pb-acid:
    cost: 76.3993
    lifetime: 19.1618
    annual_cost: 3.9870628020332117
    efficiency: 0.754715
    discharge_ratio: 5
    depth_of_discharge: 0.5
  VRBF:
    cost: 207.752
    lifetime: 15.404
    annual_cost: 13.486886522981045
    efficiency: 0.707655
    discharge_ratio: 0.5
    depth_of_discharge: 1.0
