cost_values:
  wind_capex: 5000.0
  wind_opex: 100
  wind_lifetime: 20
  solar_capex: 1000.0
  solar_opex: 10
  solar_lifetime: 20
  carbon_price: 1.0
timeseries_values:
  load_level: 242379.29994153598
  wind_year: 2017
  solar_year: 2014
  price_year: 2023
  carbon_year: 2023
storage_values:
  CAES:
    cost: 29.2351
    lifetime: 24.0734
    annual_cost: 1.2144150805453322
    efficiency: 0.556588
    discharge_ratio: 0.1
    depth_of_discharge: 0.4
  Li-ion:
    cost: 276.28
    lifetime: 23.1454
    annual_cost: 11.936713126582388
    efficiency: 0.945746
    discharge_ratio: 2
    depth_of_discharge: 0.9
  Pb-acid:
    cost: 69.072
    lifetime: 19.7019
    annual_cost: 3.505854765276446
    efficiency: 0.740912
    discharge_ratio: 5
    depth_of_discharge: 0.5
  VRBF:
    cost: 163.123
    lifetime: 14.0711
    annual_cost: 11.592768156007704
    efficiency: 0.69449
    discharge_ratio: 0.5
    depth_of_discharge: 1.0
