cost_values:
  wind_capex: 5000.0
  wind_opex: 100
  wind_lifetime: 20
  solar_capex: 1000.0
  solar_opex: 10
  solar_lifetime: 20
  carbon_price: 1.0
timeseries_values:
  load_level: 242379.29994153598
  wind_year: 2017
  solar_year: 2014
  price_year: 2023
  carbon_year: 2023
storage_values:
  CAES:
    cost: 31.5377
    lifetime: 23.3049
    annual_cost: 1.3532647640624933
    efficiency: 0.550671
    discharge_ratio: 0.1
    depth_of_discharge: 0.4
  Li-ion:
    cost: 262.373
    lifetime: 24.1787
    annual_cost: 10.851410539028153
    efficiency: 0.93666
    discharge_ratio: 2
    depth_of_discharge: 0.9
  Pb-acid:
    cost: 74.0476
    lifetime: 19.7652
    annual_cost: 3.7463622933236196
    efficiency: 0.775393
    discharge_ratio: 5
    depth_of_discharge: 0.5
  VRBF:
    cost: 169.69
    lifetime: 14.6357
    annual_cost: 11.59425241020245
    efficiency: 0.691768
    discharge_ratio: 0.5
    depth_of_discharge: 1.0
