cost_values:
  wind_capex: 5000.0
  wind_opex: 100
  wind_lifetime: 20
  solar_capex: 1000.0
  solar_opex: 10
  solar_lifetime: 20
  carbon_price: 1.0
timeseries_values:
  load_level: 242379.29994153598
  wind_year: 2017
  solar_year: 2014
  price_year: 2023
  carbon_year: 2023
storage_values:
  CAES:
    cost: 34.254
    lifetime: 23.5974
    annual_cost: 1.4516006000661088
    efficiency: 0.567817
    discharge_ratio: 0.1
    depth_of_discharge: 0.4
  Li-ion:
    cost: 234.024
    lifetime: 23.956
    annual_cost: 9.768909667724161
    efficiency: 0.929017
    discharge_ratio: 2
    depth_of_discharge: 0.9
  Pb-acid:
    cost: 62.0079
    lifetime: 18.6071
    annual_cost: 3.332485986532023
    efficiency: 0.756688
    discharge_ratio: 5
    depth_of_discharge: 0.5
  VRBF:
    cost: 203.192
    lifetime: 12.6286
    annual_cost: 16.08982785106821
    efficiency: 0.671851
    discharge_ratio: 0.5
    depth_of_discharge: 1.0
