cost_values:
  wind_capex: 5000.0
  wind_opex: 100
  wind_lifetime: 20
  solar_capex: 1000.0
  solar_opex: 10
  solar_lifetime: 20
  carbon_price: 1.0
timeseries_values:
  load_level: 242379.29994153598
  wind_year: 2017
  solar_year: 2014
  price_year: 2023
  carbon_year: 2023
storage_values:
  CAES:
    cost: 31.4227
    lifetime: 23.7002
    annual_cost: 1.325841132142345
    efficiency: 0.567015
    discharge_ratio: 0.1
    depth_of_discharge: 0.4
  Li-ion:
    cost: 242.906
    lifetime: 21.2661
    annual_cost: 11.422216579438636
    efficiency: 0.961435
    discharge_ratio: 2
    depth_of_discharge: 0.9
  Pb-acid:
    cost: 68.9487
    lifetime: 18.9887
    annual_cost: 3.6310384597155148
    efficiency: 0.773173
    discharge_ratio: 5
    depth_of_discharge: 0.5
  VRBF:
    cost: 200.102
    lifetime: 12.1467
    annual_cost: 16.473774770102168
    efficiency: 0.721786
    discharge_ratio: 0.5
    depth_of_discharge: 1.0
