cost_values:
  wind_capex: 5000.0
  wind_opex: 100
  wind_lifetime: 20
  solar_capex: 1000.0
  solar_opex: 10
  solar_lifetime: 20
  carbon_price: 1.0
timeseries_values:
  load_level: 242379.29994153598
  wind_year: 2017
  solar_year: 2014
  price_year: 2023
  carbon_year: 2023
storage_values:
  CAES:
    cost: 31.4915
    lifetime: 23.8842
    annual_cost: 1.3185076326609222
    efficiency: 0.551302
    discharge_ratio: 0.1
    depth_of_discharge: 0.4
  Li-ion:
    cost: 278.113
    lifetime: 23.2668
    annual_cost: 11.953212302508295
    efficiency: 0.932789
    discharge_ratio: 2
    depth_of_discharge: 0.9
  Pb-acid:
    cost: 85.3109
    lifetime: 19.1679
    annual_cost: 4.450717084291967
    efficiency: 0.762542
    discharge_ratio: 5
    depth_of_discharge: 0.5
  VRBF:
    cost: 197.072
    lifetime: 15.2193
    annual_cost: 12.948821562095496
    efficiency: 0.677414
    discharge_ratio: 0.5
    depth_of_discharge: 1.0
