cost_values:
  wind_capex: 5000.0
  wind_opex: 100
  wind_lifetime: 20
  solar_capex: 1000.0
  solar_opex: 10
  solar_lifetime: 20
  carbon_price: 1.0
timeseries_values:
  load_level: 242379.29994153598
  wind_year: 2017
  solar_year: 2014
  price_year: 2023
  carbon_year: 2023
storage_values:
  CAES:
    cost: 31.4195
    lifetime: 24.0813
    annual_cost: 1.3047260737584765
    efficiency: 0.552166
    discharge_ratio: 0.1
    depth_of_discharge: 0.4
  Li-ion:
    cost: 237.339
    lifetime: 23.373
    annual_cost: 10.154408933384675
    efficiency: 0.922343
    discharge_ratio: 2
    depth_of_discharge: 0.9
  Pb-acid:
    cost: 69.2146
    lifetime: 19.6123
    annual_cost: 3.529142425926587
    efficiency: 0.752946
    discharge_ratio: 5
    depth_of_discharge: 0.5
  VRBF:
    cost: 231.138
    lifetime: 13.1014
    annual_cost: 17.64223670752744
    efficiency: 0.703729
    discharge_ratio: 0.5
    depth_of_discharge: 1.0
