cost_values:
  wind_capex: 5000.0
  wind_opex: 100
  wind_lifetime: 20
  solar_capex: 1000.0
  solar_opex: 10
  solar_lifetime: 20
  carbon_price: 1.0
timeseries_values:
  load_level: 242379.29994153598
  wind_year: 2017
  solar_year: 2014
  price_year: 2023
  carbon_year: 2023
storage_values:
  CAES:
    cost: 35.936
    lifetime: 23.9712
    annual_cost: 1.499132292083834
    efficiency: 0.566434
    discharge_ratio: 0.1
    depth_of_discharge: 0.4
  Li-ion:
    cost: 249.077
    lifetime: 24.7141
    annual_cost: 10.078335848766494
    efficiency: 0.915846
    discharge_ratio: 2
    depth_of_discharge: 0.9
  Pb-acid:
    cost: 66.875
    lifetime: 19.3962
    annual_cost: 3.447840298615193
    efficiency: 0.765714
    discharge_ratio: 5
    depth_of_discharge: 0.5
  VRBF:
    cost: 223.609
    lifetime: 14.1485
    annual_cost: 15.804431565183588
    efficiency: 0.702745
    discharge_ratio: 0.5
    depth_of_discharge: 1.0
