cost_values:
  wind_capex: 5000.0
  wind_opex: 100
  wind_lifetime: 20
  solar_capex: 1000.0
  solar_opex: 10
  solar_lifetime: 20
  carbon_price: 1.0
timeseries_values:
  load_level: 242379.29994153598
  wind_year: 2017
  solar_year: 2014
  price_year: 2023
  carbon_year: 2023
storage_values:
  CAES:
    cost: 30.1859
    lifetime: 24.0963
    annual_cost: 1.2527192971535048
    efficiency: 0.581654
    discharge_ratio: 0.1
    depth_of_discharge: 0.4
  Li-ion:
    cost: 229.917
    lifetime: 22.2787
    annual_cost: 10.320036626912701
    efficiency: 0.938694
    discharge_ratio: 2
    depth_of_discharge: 0.9
  Pb-acid:
    cost: 65.0833
    lifetime: 18.9554
    annual_cost: 3.4334965234181283
    efficiency: 0.770257
    discharge_ratio: 5
    depth_of_discharge: 0.5
  VRBF:
    cost: 178.62
    lifetime: 14.6511
    annual_cost: 12.191576059135492
    efficiency: 0.689585
    discharge_ratio: 0.5
    depth_of_discharge: 1.0
