cost_values:
  wind_capex: 5000.0
  wind_opex: 100
  wind_lifetime: 20
  solar_capex: 1000.0
  solar_opex: 10
  solar_lifetime: 20
  carbon_price: 1.0
timeseries_values:
  load_level: 242379.29994153598
  wind_year: 2017
  solar_year: 2014
  price_year: 2023
  carbon_year: 2023
storage_values:
  CAES:
    cost: 31.9129
    lifetime: 22.5533
    annual_cost: 1.4149991353815186
    efficiency: 0.562667
    discharge_ratio: 0.1
    depth_of_discharge: 0.4
  Li-ion:
    cost: 270.01
    lifetime: 23.1136
    annual_cost: 11.681866952789699
    efficiency: 0.93917
    discharge_ratio: 2
    depth_of_discharge: 0.9
  Pb-acid:
    cost: 57.9739
    lifetime: 18.3322
    annual_cost: 3.1624082215991534
    efficiency: 0.752701
    discharge_ratio: 5
    depth_of_discharge: 0.5
  VRBF:
    cost: 199.248
    lifetime: 12.9208
    annual_cost: 15.420716983468516
    efficiency: 0.711286
    discharge_ratio: 0.5
    depth_of_discharge: 1.0
