cost_values:
  wind_capex: 5000.0
  wind_opex: 100
  wind_lifetime: 20
  solar_capex: 1000.0
  solar_opex: 10
  solar_lifetime: 20
  carbon_price: 1.0
timeseries_values:
  load_level: 273732.75153830554
  wind_year: 2011
  solar_year: 2019
  price_year: 2023
  carbon_year: 2023
storage_values:
  CAES:
    cost: 45.1896
    lifetime: 25.0678
    annual_cost: 1.8026950909134427
    efficiency: 0.579728
    discharge_ratio: 0.1
    depth_of_discharge: 0.4
  Li-ion:
    cost: 244.402
    lifetime: 15.7576
    annual_cost: 15.510103061379905
    efficiency: 0.937743
    discharge_ratio: 2
    depth_of_discharge: 0.9
  Pb-acid:
    cost: 175.069
    lifetime: 7.59823
    annual_cost: 23.040760808767303
    efficiency: 0.73652
    discharge_ratio: 5
    depth_of_discharge: 0.5
  VRBF:
    cost: 177.268
    lifetime: 19.697
    annual_cost: 8.999746154236686
    efficiency: 0.734594
    discharge_ratio: 0.5
    depth_of_discharge: 1.0
