cost_values:
  wind_capex: 5000.0
  wind_opex: 100
  wind_lifetime: 20
  solar_capex: 1000.0
  solar_opex: 10
  solar_lifetime: 20
  carbon_price: 1.0
timeseries_values:
  load_level: 273732.75153830554
  wind_year: 2011
  solar_year: 2019
  price_year: 2023
  carbon_year: 2023
storage_values:
  CAES:
    cost: 48.5034
    lifetime: 25.9947
    annual_cost: 1.8658957402855196
    efficiency: 0.581416
    discharge_ratio: 0.1
    depth_of_discharge: 0.4
  Li-ion:
    cost: 219.806
    lifetime: 15.4407
    annual_cost: 14.235494504782816
    efficiency: 0.916795
    discharge_ratio: 2
    depth_of_discharge: 0.9
  Pb-acid:
    cost: 168.634
    lifetime: 7.60353
    annual_cost: 22.178382935294525
    efficiency: 0.729918
    discharge_ratio: 5
    depth_of_discharge: 0.5
  VRBF:
    cost: 195.076
    lifetime: 20.2801
    annual_cost: 9.619084718517167
    efficiency: 0.750391
    discharge_ratio: 0.5
    depth_of_discharge: 1.0
