cost_values:
  wind_capex: 5000.0
  wind_opex: 100
  wind_lifetime: 20
  solar_capex: 1000.0
  solar_opex: 10
  solar_lifetime: 20
  carbon_price: 1.0
timeseries_values:
  load_level: 273732.75153830554
  wind_year: 2011
  solar_year: 2019
  price_year: 2023
  carbon_year: 2023
storage_values:
  CAES:
    cost: 50.1551
    lifetime: 25.0385
    annual_cost: 2.003119196437486
    efficiency: 0.576793
    discharge_ratio: 0.1
    depth_of_discharge: 0.4
  Li-ion:
    cost: 234.351
    lifetime: 17.6244
    annual_cost: 13.296963300878327
    efficiency: 0.93206
    discharge_ratio: 2
    depth_of_discharge: 0.9
  Pb-acid:
    cost: 187.405
    lifetime: 8.30154
    annual_cost: 22.57472709882745
    efficiency: 0.743666
    discharge_ratio: 5
    depth_of_discharge: 0.5
  VRBF:
    cost: 202.021
    lifetime: 19.5264
    annual_cost: 10.346044329727958
    efficiency: 0.743541
    discharge_ratio: 0.5
    depth_of_discharge: 1.0
