cost_values:
  wind_capex: 5000.0
  wind_opex: 100
  wind_lifetime: 20
  solar_capex: 1000.0
  solar_opex: 10
  solar_lifetime: 20
  carbon_price: 1.0
timeseries_values:
  load_level: 273732.75153830554
  wind_year: 2011
  solar_year: 2019
  price_year: 2023
  carbon_year: 2023
storage_values:
  CAES:
    cost: 45.1896
    lifetime: 24.4899
    annual_cost: 1.8452341577548297
    efficiency: 0.570644
    discharge_ratio: 0.1
    depth_of_discharge: 0.4
  Li-ion:
    cost: 256.934
    lifetime: 16.3327
    annual_cost: 15.731263048975372
    efficiency: 0.921752
    discharge_ratio: 2
    depth_of_discharge: 0.9
  Pb-acid:
    cost: 181.67
    lifetime: 7.41258
    annual_cost: 24.508335829090544
    efficiency: 0.738941
    discharge_ratio: 5
    depth_of_discharge: 0.5
  VRBF:
    cost: 224.267
    lifetime: 20.3214
    annual_cost: 11.036001456592556
    efficiency: 0.74134
    discharge_ratio: 0.5
    depth_of_discharge: 1.0
