cost_values:
  wind_capex: 5000.0
  wind_opex: 100
  wind_lifetime: 20
  solar_capex: 1000.0
  solar_opex: 10
  solar_lifetime: 20
  carbon_price: 1.0
timeseries_values:
  load_level: 273732.75153830554
  wind_year: 2011
  solar_year: 2019
  price_year: 2023
  carbon_year: 2023
storage_values:
  CAES:
    cost: 46.6551
    lifetime: 26.0107
    annual_cost: 1.7936887511677886
    efficiency: 0.573738
    discharge_ratio: 0.1
    depth_of_discharge: 0.4
  Li-ion:
    cost: 226.364
    lifetime: 16.8653
    annual_cost: 13.421878057312943
    efficiency: 0.935756
    discharge_ratio: 2
    depth_of_discharge: 0.9
  Pb-acid:
    cost: 178.01
    lifetime: 8.18407
    annual_cost: 21.75079147661249
    efficiency: 0.722938
    discharge_ratio: 5
    depth_of_discharge: 0.5
  VRBF:
    cost: 261.432
    lifetime: 19.3249
    annual_cost: 13.528245941764254
    efficiency: 0.726782
    discharge_ratio: 0.5
    depth_of_discharge: 1.0
