cost_values:
  wind_capex: 5000.0
  wind_opex: 100
  wind_lifetime: 20
  solar_capex: 1000.0
  solar_opex: 10
  solar_lifetime: 20
  carbon_price: 1.0
timeseries_values:
  load_level: 273732.75153830554
  wind_year: 2011
  solar_year: 2019
  price_year: 2023
  carbon_year: 2023
storage_values:
  CAES:
    cost: 49.4158
    lifetime: 23.7385
    annual_cost: 2.081673231248815
    efficiency: 0.569408
    discharge_ratio: 0.1
    depth_of_discharge: 0.4
  Li-ion:
    cost: 228.721
    lifetime: 15.1392
    annual_cost: 15.107865673219193
    efficiency: 0.929233
    discharge_ratio: 2
    depth_of_discharge: 0.9
  Pb-acid:
    cost: 158.427
    lifetime: 8.00416
    annual_cost: 19.793082597049533
    efficiency: 0.736416
    discharge_ratio: 5
    depth_of_discharge: 0.5
  VRBF:
    cost: 202.23
    lifetime: 18.0804
    annual_cost: 11.185040153978893
    efficiency: 0.751655
    discharge_ratio: 0.5
    depth_of_discharge: 1.0
