cost_values:
  wind_capex: 5000.0
  wind_opex: 100
  wind_lifetime: 20
  solar_capex: 1000.0
  solar_opex: 10
  solar_lifetime: 20
  carbon_price: 1.0
timeseries_values:
  load_level: 273732.75153830554
  wind_year: 2011
  solar_year: 2019
  price_year: 2023
  carbon_year: 2023
storage_values:
  CAES:
    cost: 52.0266
    lifetime: 25.6983
    annual_cost: 2.024515240307725
    efficiency: 0.580194
    discharge_ratio: 0.1
    depth_of_discharge: 0.4
  Li-ion:
    cost: 229.481
    lifetime: 15.7715
    annual_cost: 14.550359826268902
    efficiency: 0.902528
    discharge_ratio: 2
    depth_of_discharge: 0.9
  Pb-acid:
    cost: 175.209
    lifetime: 7.03175
    annual_cost: 24.916841469051093
    efficiency: 0.729754
    discharge_ratio: 5
    depth_of_discharge: 0.5
  VRBF:
    cost: 215.013
    lifetime: 19.4596
    annual_cost: 11.049199366893463
    efficiency: 0.762397
    discharge_ratio: 0.5
    depth_of_discharge: 1.0
