cost_values:
  wind_capex: 5000.0
  wind_opex: 100
  wind_lifetime: 20
  solar_capex: 1000.0
  solar_opex: 10
  solar_lifetime: 20
  carbon_price: 1.0
timeseries_values:
  load_level: 273732.75153830554
  wind_year: 2011
  solar_year: 2019
  price_year: 2023
  carbon_year: 2023
storage_values:
  CAES:
    cost: 52.666
    lifetime: 25.2897
    annual_cost: 2.0825078984725005
    efficiency: 0.58126
    discharge_ratio: 0.1
    depth_of_discharge: 0.4
  Li-ion:
    cost: 227.023
    lifetime: 16.341
    annual_cost: 13.892846215041917
    efficiency: 0.931866
    discharge_ratio: 2
    depth_of_discharge: 0.9
  Pb-acid:
    cost: 179.811
    lifetime: 7.55012
    annual_cost: 23.815647963211184
    efficiency: 0.728644
    discharge_ratio: 5
    depth_of_discharge: 0.5
  VRBF:
    cost: 186.593
    lifetime: 17.2843
    annual_cost: 10.79551963342455
    efficiency: 0.725487
    discharge_ratio: 0.5
    depth_of_discharge: 1.0
