cost_values:
  wind_capex: 5000.0
  wind_opex: 100
  wind_lifetime: 20
  solar_capex: 1000.0
  solar_opex: 10
  solar_lifetime: 20
  carbon_price: 1.0
timeseries_values:
  load_level: 273732.75153830554
  wind_year: 2011
  solar_year: 2019
  price_year: 2023
  carbon_year: 2023
storage_values:
  CAES:
    cost: 48.9677
    lifetime: 25.283
    annual_cost: 1.936783609540007
    efficiency: 0.580803
    discharge_ratio: 0.1
    depth_of_discharge: 0.4
  Li-ion:
    cost: 227.797
    lifetime: 15.3318
    annual_cost: 14.857811868143337
    efficiency: 0.914172
    discharge_ratio: 2
    depth_of_discharge: 0.9
  Pb-acid:
    cost: 179.613
    lifetime: 7.94129
    annual_cost: 22.61760998527947
    efficiency: 0.739588
    discharge_ratio: 5
    depth_of_discharge: 0.5
  VRBF:
    cost: 197.954
    lifetime: 18.476
    annual_cost: 10.714115609439274
    efficiency: 0.726914
    discharge_ratio: 0.5
    depth_of_discharge: 1.0
