cost_values:
  wind_capex: 5000.0
  wind_opex: 100
  wind_lifetime: 20
  solar_capex: 1000.0
  solar_opex: 10
  solar_lifetime: 20
  carbon_price: 1.0
timeseries_values:
  load_level: 273732.75153830554
  wind_year: 2011
  solar_year: 2019
  price_year: 2023
  carbon_year: 2023
storage_values:
  CAES:
    cost: 51.9413
    lifetime: 25.9377
    annual_cost: 2.002540703300601
    efficiency: 0.573589
    discharge_ratio: 0.1
    depth_of_discharge: 0.4
  Li-ion:
    cost: 224.575
    lifetime: 15.8637
    annual_cost: 14.156533469493246
    efficiency: 0.914157
    discharge_ratio: 2
    depth_of_discharge: 0.9
  Pb-acid:
    cost: 190.019
    lifetime: 6.57432
    annual_cost: 28.90321736696723
    efficiency: 0.725932
    discharge_ratio: 5
    depth_of_discharge: 0.5
  VRBF:
    cost: 204.986
    lifetime: 17.3186
    annual_cost: 11.836176134329564
    efficiency: 0.734183
    discharge_ratio: 0.5
    depth_of_discharge: 1.0
