cost_values:
  wind_capex: 5000.0
  wind_opex: 100
  wind_lifetime: 20
  solar_capex: 1000.0
  solar_opex: 10
  solar_lifetime: 20
  carbon_price: 1.0
timeseries_values:
  load_level: 273732.75153830554
  wind_year: 2011
  solar_year: 2019
  price_year: 2023
  carbon_year: 2023
storage_values:
  CAES:
    cost: 47.1697
    lifetime: 24.7904
    annual_cost: 1.9027405769975472
    efficiency: 0.577279
    discharge_ratio: 0.1
    depth_of_discharge: 0.4
  Li-ion:
    cost: 243.234
    lifetime: 16.9953
    annual_cost: 14.311839155531235
    efficiency: 0.916502
    discharge_ratio: 2
    depth_of_discharge: 0.9
  Pb-acid:
    cost: 186.141
    lifetime: 9.36266
    annual_cost: 19.88120897266375
    efficiency: 0.737259
    discharge_ratio: 5
    depth_of_discharge: 0.5
  VRBF:
    cost: 218.191
    lifetime: 18.371
    annual_cost: 11.876925589243918
    efficiency: 0.738953
    discharge_ratio: 0.5
    depth_of_discharge: 1.0
