cost_values:
  wind_capex: 5000.0
  wind_opex: 100
  wind_lifetime: 20
  solar_capex: 1000.0
  solar_opex: 10
  solar_lifetime: 20
  carbon_price: 1.0
timeseries_values:
  load_level: 273732.75153830554
  wind_year: 2011
  solar_year: 2019
  price_year: 2023
  carbon_year: 2023
storage_values:
  CAES:
    cost: 54.8871
    lifetime: 25.5457
    annual_cost: 2.1485846933143344
    efficiency: 0.571903
    discharge_ratio: 0.1
    depth_of_discharge: 0.4
  Li-ion:
    cost: 252.291
    lifetime: 17.8063
    annual_cost: 14.168636943104406
    efficiency: 0.929722
    discharge_ratio: 2
    depth_of_discharge: 0.9
  Pb-acid:
    cost: 170.127
    lifetime: 8.61437
    annual_cost: 19.749209750684035
    efficiency: 0.731611
    discharge_ratio: 5
    depth_of_discharge: 0.5
  VRBF:
    cost: 221.051
    lifetime: 18.5169
    annual_cost: 11.937797363489569
    efficiency: 0.748122
    discharge_ratio: 0.5
    depth_of_discharge: 1.0
