cost_values:
  wind_capex: 5000.0
  wind_opex: 100
  wind_lifetime: 20
  solar_capex: 1000.0
  solar_opex: 10
  solar_lifetime: 20
  carbon_price: 1.0
timeseries_values:
  load_level: 273732.75153830554
  wind_year: 2011
  solar_year: 2019
  price_year: 2023
  carbon_year: 2023
storage_values:
  CAES:
    cost: 54.2324
    lifetime: 26.9251
    annual_cost: 2.014194933352151
    efficiency: 0.574434
    discharge_ratio: 0.1
    depth_of_discharge: 0.4
  Li-ion:
    cost: 236.386
    lifetime: 19.4382
    annual_cost: 12.16089967178031
    efficiency: 0.928197
    discharge_ratio: 2
    depth_of_discharge: 0.9
  Pb-acid:
    cost: 187.317
    lifetime: 9.05483
    annual_cost: 20.686970379344505
    efficiency: 0.736811
    discharge_ratio: 5
    depth_of_discharge: 0.5
  VRBF:
    cost: 226.753
    lifetime: 17.708
    annual_cost: 12.805116331601536
    efficiency: 0.759886
    discharge_ratio: 0.5
    depth_of_discharge: 1.0
