cost_values:
  wind_capex: 5000.0
  wind_opex: 100
  wind_lifetime: 20
  solar_capex: 1000.0
  solar_opex: 10
  solar_lifetime: 20
  carbon_price: 1.0
timeseries_values:
  load_level: 273732.75153830554
  wind_year: 2011
  solar_year: 2019
  price_year: 2023
  carbon_year: 2023
storage_values:
  CAES:
    cost: 47.705
    lifetime: 25.2995
    annual_cost: 1.8856103875570664
    efficiency: 0.585061
    discharge_ratio: 0.1
    depth_of_discharge: 0.4
  Li-ion:
    cost: 252.649
    lifetime: 16.1552
    annual_cost: 15.638865504605327
    efficiency: 0.922623
    discharge_ratio: 2
    depth_of_discharge: 0.9
  Pb-acid:
    cost: 195.962
    lifetime: 7.49133
    annual_cost: 26.158505899486475
    efficiency: 0.728813
    discharge_ratio: 5
    depth_of_discharge: 0.5
  VRBF:
    cost: 207.101
    lifetime: 20.788
    annual_cost: 9.962526457571675
    efficiency: 0.762461
    discharge_ratio: 0.5
    depth_of_discharge: 1.0
