cost_values:
  wind_capex: 5000.0
  wind_opex: 100
  wind_lifetime: 20
  solar_capex: 1000.0
  solar_opex: 10
  solar_lifetime: 20
  carbon_price: 1.0
timeseries_values:
  load_level: 273732.75153830554
  wind_year: 2011
  solar_year: 2019
  price_year: 2023
  carbon_year: 2023
storage_values:
  CAES:
    cost: 44.3959
    lifetime: 26.0301
    annual_cost: 1.7055601015747153
    efficiency: 0.578352
    discharge_ratio: 0.1
    depth_of_discharge: 0.4
  Li-ion:
    cost: 258.028
    lifetime: 17.9329
    annual_cost: 14.38852611680208
    efficiency: 0.927284
    discharge_ratio: 2
    depth_of_discharge: 0.9
  Pb-acid:
    cost: 197.746
    lifetime: 7.2903
    annual_cost: 27.124535341481145
    efficiency: 0.739381
    discharge_ratio: 5
    depth_of_discharge: 0.5
  VRBF:
    cost: 180.757
    lifetime: 18.3754
    annual_cost: 9.836901509627003
    efficiency: 0.734894
    discharge_ratio: 0.5
    depth_of_discharge: 1.0
