cost_values:
  wind_capex: 5000.0
  wind_opex: 100
  wind_lifetime: 20
  solar_capex: 1000.0
  solar_opex: 10
  solar_lifetime: 20
  carbon_price: 1.0
timeseries_values:
  load_level: 273732.75153830554
  wind_year: 2011
  solar_year: 2019
  price_year: 2023
  carbon_year: 2023
storage_values:
  CAES:
    cost: 46.8318
    lifetime: 26.1688
    annual_cost: 1.7896044144171686
    efficiency: 0.577702
    discharge_ratio: 0.1
    depth_of_discharge: 0.4
  Li-ion:
    cost: 226.419
    lifetime: 16.6908
    annual_cost: 13.565497160112159
    efficiency: 0.915762
    discharge_ratio: 2
    depth_of_discharge: 0.9
  Pb-acid:
    cost: 183.218
    lifetime: 7.92656
    annual_cost: 23.114440564381017
    efficiency: 0.741804
    discharge_ratio: 5
    depth_of_discharge: 0.5
  VRBF:
    cost: 189.337
    lifetime: 20.315
    annual_cost: 9.320059069652965
    efficiency: 0.747902
    discharge_ratio: 0.5
    depth_of_discharge: 1.0
