cost_values:
  wind_capex: 5000.0
  wind_opex: 100
  wind_lifetime: 20
  solar_capex: 1000.0
  solar_opex: 10
  solar_lifetime: 20
  carbon_price: 1.0
timeseries_values:
  load_level: 273732.75153830554
  wind_year: 2011
  solar_year: 2019
  price_year: 2023
  carbon_year: 2023
storage_values:
  CAES:
    cost: 43.4741
    lifetime: 26.1444
    annual_cost: 1.6628455806979696
    efficiency: 0.569509
    discharge_ratio: 0.1
    depth_of_discharge: 0.4
  Li-ion:
    cost: 242.155
    lifetime: 17.7485
    annual_cost: 13.643688199002733
    efficiency: 0.909647
    discharge_ratio: 2
    depth_of_discharge: 0.9
  Pb-acid:
    cost: 193.72
    lifetime: 8.02433
    annual_cost: 24.141579421584105
    efficiency: 0.744522
    discharge_ratio: 5
    depth_of_discharge: 0.5
  VRBF:
    cost: 219.483
    lifetime: 18.386
    annual_cost: 11.937506798651148
    efficiency: 0.75534
    discharge_ratio: 0.5
    depth_of_discharge: 1.0
