cost_values:
  wind_capex: 5000.0
  wind_opex: 100
  wind_lifetime: 20
  solar_capex: 1000.0
  solar_opex: 10
  solar_lifetime: 20
  carbon_price: 1.0
timeseries_values:
  load_level: 273732.75153830554
  wind_year: 2011
  solar_year: 2019
  price_year: 2023
  carbon_year: 2023
storage_values:
  CAES:
    cost: 53.8957
    lifetime: 24.4058
    annual_cost: 2.2083152365421332
    efficiency: 0.582398
    discharge_ratio: 0.1
    depth_of_discharge: 0.4
  Li-ion:
    cost: 241.164
    lifetime: 17.6961
    annual_cost: 13.62808754471324
    efficiency: 0.937754
    discharge_ratio: 2
    depth_of_discharge: 0.9
  Pb-acid:
    cost: 176.971
    lifetime: 9.32751
    annual_cost: 18.973016378433258
    efficiency: 0.736277
    discharge_ratio: 5
    depth_of_discharge: 0.5
  VRBF:
    cost: 213.72
    lifetime: 19.99
    annual_cost: 10.69134567283642
    efficiency: 0.741081
    discharge_ratio: 0.5
    depth_of_discharge: 1.0
