cost_values:
  wind_capex: 5000.0
  wind_opex: 100
  wind_lifetime: 20
  solar_capex: 1000.0
  solar_opex: 10
  solar_lifetime: 20
  carbon_price: 1.0
timeseries_values:
  load_level: 273732.75153830554
  wind_year: 2011
  solar_year: 2019
  price_year: 2023
  carbon_year: 2023
storage_values:
  CAES:
    cost: 46.5818
    lifetime: 24.8076
    annual_cost: 1.877722955868363
    efficiency: 0.572359
    discharge_ratio: 0.1
    depth_of_discharge: 0.4
  Li-ion:
    cost: 252.914
    lifetime: 17.3716
    annual_cost: 14.559050404107852
    efficiency: 0.931317
    discharge_ratio: 2
    depth_of_discharge: 0.9
  Pb-acid:
    cost: 174.021
    lifetime: 8.45102
    annual_cost: 20.591715556228714
    efficiency: 0.722461
    discharge_ratio: 5
    depth_of_discharge: 0.5
  VRBF:
    cost: 224.287
    lifetime: 17.5243
    annual_cost: 12.798628190569666
    efficiency: 0.741028
    discharge_ratio: 0.5
    depth_of_discharge: 1.0
