cost_values:
  wind_capex: 5000.0
  wind_opex: 100
  wind_lifetime: 20
  solar_capex: 1000.0
  solar_opex: 10
  solar_lifetime: 20
  carbon_price: 1.0
timeseries_values:
  load_level: 273732.75153830554
  wind_year: 2011
  solar_year: 2019
  price_year: 2023
  carbon_year: 2023
storage_values:
  CAES:
    cost: 48.2543
    lifetime: 25.1134
    annual_cost: 1.9214562743395958
    efficiency: 0.583686
    discharge_ratio: 0.1
    depth_of_discharge: 0.4
  Li-ion:
    cost: 244.34
    lifetime: 15.1025
    annual_cost: 16.17877834795564
    efficiency: 0.925113
    discharge_ratio: 2
    depth_of_discharge: 0.9
  Pb-acid:
    cost: 162.171
    lifetime: 7.69059
    annual_cost: 21.086938713414703
    efficiency: 0.741454
    discharge_ratio: 5
    depth_of_discharge: 0.5
  VRBF:
    cost: 192.863
    lifetime: 16.512
    annual_cost: 11.680171996124031
    efficiency: 0.733165
    discharge_ratio: 0.5
    depth_of_discharge: 1.0
