cost_values:
  wind_capex: 5000.0
  wind_opex: 100
  wind_lifetime: 20
  solar_capex: 1000.0
  solar_opex: 10
  solar_lifetime: 20
  carbon_price: 1.0
timeseries_values:
  load_level: 273732.75153830554
  wind_year: 2011
  solar_year: 2019
  price_year: 2023
  carbon_year: 2023
storage_values:
  CAES:
    cost: 42.262
    lifetime: 25.015
    annual_cost: 1.6894663202078752
    efficiency: 0.582103
    discharge_ratio: 0.1
    depth_of_discharge: 0.4
  Li-ion:
    cost: 242.939
    lifetime: 15.7498
    annual_cost: 15.424894284371865
    efficiency: 0.918177
    discharge_ratio: 2
    depth_of_discharge: 0.9
  Pb-acid:
    cost: 172.346
    lifetime: 9.04155
    annual_cost: 19.06155471130503
    efficiency: 0.736139
    discharge_ratio: 5
    depth_of_discharge: 0.5
  VRBF:
    cost: 220.163
    lifetime: 18.5849
    annual_cost: 11.846337618173894
    efficiency: 0.733441
    discharge_ratio: 0.5
    depth_of_discharge: 1.0
