cost_values:
  wind_capex: 5000.0
  wind_opex: 100
  wind_lifetime: 20
  solar_capex: 1000.0
  solar_opex: 10
  solar_lifetime: 20
  carbon_price: 1.0
timeseries_values:
  load_level: 273732.75153830554
  wind_year: 2011
  solar_year: 2019
  price_year: 2023
  carbon_year: 2023
storage_values:
  CAES:
    cost: 45.2207
    lifetime: 24.8739
    annual_cost: 1.8179979818203018
    efficiency: 0.572906
    discharge_ratio: 0.1
    depth_of_discharge: 0.4
  Li-ion:
    cost: 232.859
    lifetime: 18.7066
    annual_cost: 12.447959543690462
    efficiency: 0.935045
    discharge_ratio: 2
    depth_of_discharge: 0.9
  Pb-acid:
    cost: 181.403
    lifetime: 8.52484
    annual_cost: 21.279343659235835
    efficiency: 0.736702
    discharge_ratio: 5
    depth_of_discharge: 0.5
  VRBF:
    cost: 243.004
    lifetime: 20.142
    annual_cost: 12.064541753549797
    efficiency: 0.733651
    discharge_ratio: 0.5
    depth_of_discharge: 1.0
