cost_values:
  wind_capex: 5000.0
  wind_opex: 100
  wind_lifetime: 20
  solar_capex: 1000.0
  solar_opex: 10
  solar_lifetime: 20
  carbon_price: 1.0
timeseries_values:
  load_level: 273732.75153830554
  wind_year: 2011
  solar_year: 2019
  price_year: 2023
  carbon_year: 2023
storage_values:
  CAES:
    cost: 45.0742
    lifetime: 24.8007
    annual_cost: 1.8174567653332365
    efficiency: 0.57107
    discharge_ratio: 0.1
    depth_of_discharge: 0.4
  Li-ion:
    cost: 238.665
    lifetime: 15.4639
    annual_cost: 15.433687491512488
    efficiency: 0.917463
    discharge_ratio: 2
    depth_of_discharge: 0.9
  Pb-acid:
    cost: 200.971
    lifetime: 8.25034
    annual_cost: 24.35911732122555
    efficiency: 0.733658
    discharge_ratio: 5
    depth_of_discharge: 0.5
  VRBF:
    cost: 207.898
    lifetime: 18.5109
    annual_cost: 11.231112479674138
    efficiency: 0.728575
    discharge_ratio: 0.5
    depth_of_discharge: 1.0
