cost_values:
  wind_capex: 5000.0
  wind_opex: 100
  wind_lifetime: 20
  solar_capex: 1000.0
  solar_opex: 10
  solar_lifetime: 20
  carbon_price: 1.0
timeseries_values:
  load_level: 273732.75153830554
  wind_year: 2011
  solar_year: 2019
  price_year: 2023
  carbon_year: 2023
storage_values:
  CAES:
    cost: 54.0114
    lifetime: 26.209
    annual_cost: 2.0607959098019766
    efficiency: 0.589165
    discharge_ratio: 0.1
    depth_of_discharge: 0.4
  Li-ion:
    cost: 247.333
    lifetime: 18.2299
    annual_cost: 13.567435915720875
    efficiency: 0.923248
    discharge_ratio: 2
    depth_of_discharge: 0.9
  Pb-acid:
    cost: 187.384
    lifetime: 7.42533
    annual_cost: 25.23578076664606
    efficiency: 0.734474
    discharge_ratio: 5
    depth_of_discharge: 0.5
  VRBF:
    cost: 201.327
    lifetime: 19.712
    annual_cost: 10.213423295454545
    efficiency: 0.745631
    discharge_ratio: 0.5
    depth_of_discharge: 1.0
