cost_values:
  wind_capex: 5000.0
  wind_opex: 100
  wind_lifetime: 20
  solar_capex: 1000.0
  solar_opex: 10
  solar_lifetime: 20
  carbon_price: 1.0
timeseries_values:
  load_level: 273732.75153830554
  wind_year: 2011
  solar_year: 2019
  price_year: 2023
  carbon_year: 2023
storage_values:
  CAES:
    cost: 41.6396
    lifetime: 25.2259
    annual_cost: 1.6506685589017638
    efficiency: 0.575277
    discharge_ratio: 0.1
    depth_of_discharge: 0.4
  Li-ion:
    cost: 252.431
    lifetime: 17.6208
    annual_cost: 14.325740034504678
    efficiency: 0.924441
    discharge_ratio: 2
    depth_of_discharge: 0.9
  Pb-acid:
    cost: 193.975
    lifetime: 7.53253
    annual_cost: 25.75163988726231
    efficiency: 0.737877
    discharge_ratio: 5
    depth_of_discharge: 0.5
  VRBF:
    cost: 242.589
    lifetime: 19.4419
    annual_cost: 12.477638502409743
    efficiency: 0.740778
    discharge_ratio: 0.5
    depth_of_discharge: 1.0
