cost_values:
  wind_capex: 5000.0
  wind_opex: 100
  wind_lifetime: 20
  solar_capex: 1000.0
  solar_opex: 10
  solar_lifetime: 20
  carbon_price: 1.0
timeseries_values:
  load_level: 273732.75153830554
  wind_year: 2011
  solar_year: 2019
  price_year: 2023
  carbon_year: 2023
storage_values:
  CAES:
    cost: 44.0335
    lifetime: 25.5162
    annual_cost: 1.7257075896881195
    efficiency: 0.586152
    discharge_ratio: 0.1
    depth_of_discharge: 0.4
  Li-ion:
    cost: 241.477
    lifetime: 14.7701
    annual_cost: 16.34904299903183
    efficiency: 0.920317
    discharge_ratio: 2
    depth_of_discharge: 0.9
  Pb-acid:
    cost: 184.383
    lifetime: 7.81254
    annual_cost: 23.600903163375804
    efficiency: 0.728075
    discharge_ratio: 5
    depth_of_discharge: 0.5
  VRBF:
    cost: 235.677
    lifetime: 20.4217
    annual_cost: 11.54051817429499
    efficiency: 0.734473
    discharge_ratio: 0.5
    depth_of_discharge: 1.0
