cost_values:
  wind_capex: 5000.0
  wind_opex: 100
  wind_lifetime: 20
  solar_capex: 1000.0
  solar_opex: 10
  solar_lifetime: 20
  carbon_price: 1.0
timeseries_values:
  load_level: 273732.75153830554
  wind_year: 2011
  solar_year: 2019
  price_year: 2023
  carbon_year: 2023
storage_values:
  CAES:
    cost: 48.2732
    lifetime: 26.163
    annual_cost: 1.8450942170240416
    efficiency: 0.577602
    discharge_ratio: 0.1
    depth_of_discharge: 0.4
  Li-ion:
    cost: 246.701
    lifetime: 16.8912
    annual_cost: 14.605297432982853
    efficiency: 0.929845
    discharge_ratio: 2
    depth_of_discharge: 0.9
  Pb-acid:
    cost: 169.364
    lifetime: 7.59305
    annual_cost: 22.305134300445804
    efficiency: 0.742598
    discharge_ratio: 5
    depth_of_discharge: 0.5
  VRBF:
    cost: 213.66
    lifetime: 16.3245
    annual_cost: 13.088302857667921
    efficiency: 0.754358
    discharge_ratio: 0.5
    depth_of_discharge: 1.0
