cost_values:
  wind_capex: 5000.0
  wind_opex: 100
  wind_lifetime: 20
  solar_capex: 1000.0
  solar_opex: 10
  solar_lifetime: 20
  carbon_price: 1.0
timeseries_values:
  load_level: 273732.75153830554
  wind_year: 2011
  solar_year: 2019
  price_year: 2023
  carbon_year: 2023
storage_values:
  CAES:
    cost: 53.2754
    lifetime: 25.5891
    annual_cost: 2.081956770656256
    efficiency: 0.577679
    discharge_ratio: 0.1
    depth_of_discharge: 0.4
  Li-ion:
    cost: 254.012
    lifetime: 15.5272
    annual_cost: 16.359163274769436
    efficiency: 0.921975
    discharge_ratio: 2
    depth_of_discharge: 0.9
  Pb-acid:
    cost: 172.85
    lifetime: 8.5005
    annual_cost: 20.33409799423563
    efficiency: 0.732522
    discharge_ratio: 5
    depth_of_discharge: 0.5
  VRBF:
    cost: 201.28
    lifetime: 17.7585
    annual_cost: 11.334290621392572
    efficiency: 0.756695
    discharge_ratio: 0.5
    depth_of_discharge: 1.0
