cost_values:
  wind_capex: 5000.0
  wind_opex: 100
  wind_lifetime: 20
  solar_capex: 1000.0
  solar_opex: 10
  solar_lifetime: 20
  carbon_price: 1.0
timeseries_values:
  load_level: 273732.75153830554
  wind_year: 2011
  solar_year: 2019
  price_year: 2023
  carbon_year: 2023
storage_values:
  CAES:
    cost: 41.939
    lifetime: 24.7196
    annual_cost: 1.6965889415686337
    efficiency: 0.586073
    discharge_ratio: 0.1
    depth_of_discharge: 0.4
  Li-ion:
    cost: 237.603
    lifetime: 17.7716
    annual_cost: 13.36981476062932
    efficiency: 0.927202
    discharge_ratio: 2
    depth_of_discharge: 0.9
  Pb-acid:
    cost: 174.229
    lifetime: 8.29825
    annual_cost: 20.995872623745974
    efficiency: 0.723569
    discharge_ratio: 5
    depth_of_discharge: 0.5
  VRBF:
    cost: 217.65
    lifetime: 19.3767
    annual_cost: 11.232562820294477
    efficiency: 0.739574
    discharge_ratio: 0.5
    depth_of_discharge: 1.0
