cost_values:
  wind_capex: 5000.0
  wind_opex: 100
  wind_lifetime: 20
  solar_capex: 1000.0
  solar_opex: 10
  solar_lifetime: 20
  carbon_price: 1.0
timeseries_values:
  load_level: 273732.75153830554
  wind_year: 2011
  solar_year: 2019
  price_year: 2023
  carbon_year: 2023
storage_values:
  CAES:
    cost: 54.4725
    lifetime: 26.5003
    annual_cost: 2.0555427674403686
    efficiency: 0.583743
    discharge_ratio: 0.1
    depth_of_discharge: 0.4
  Li-ion:
    cost: 227.417
    lifetime: 18.3791
    annual_cost: 12.373674445429863
    efficiency: 0.922518
    discharge_ratio: 2
    depth_of_discharge: 0.9
  Pb-acid:
    cost: 198.327
    lifetime: 7.77833
    annual_cost: 25.49737540063227
    efficiency: 0.744707
    discharge_ratio: 5
    depth_of_discharge: 0.5
  VRBF:
    cost: 253.781
    lifetime: 20.1723
    annual_cost: 12.580667549064808
    efficiency: 0.746491
    discharge_ratio: 0.5
    depth_of_discharge: 1.0
