cost_values:
  wind_capex: 5000.0
  wind_opex: 100
  wind_lifetime: 20
  solar_capex: 1000.0
  solar_opex: 10
  solar_lifetime: 20
  carbon_price: 1.0
timeseries_values:
  load_level: 273732.75153830554
  wind_year: 2011
  solar_year: 2019
  price_year: 2023
  carbon_year: 2023
storage_values:
  CAES:
    cost: 43.9342
    lifetime: 25.6292
    annual_cost: 1.714224400293415
    efficiency: 0.57645
    discharge_ratio: 0.1
    depth_of_discharge: 0.4
  Li-ion:
    cost: 235.911
    lifetime: 15.4653
    annual_cost: 15.254214273243972
    efficiency: 0.93031
    discharge_ratio: 2
    depth_of_discharge: 0.9
  Pb-acid:
    cost: 191.366
    lifetime: 7.57047
    annual_cost: 25.27795500147283
    efficiency: 0.739981
    discharge_ratio: 5
    depth_of_discharge: 0.5
  VRBF:
    cost: 202.8
    lifetime: 19.9694
    annual_cost: 10.155537973098841
    efficiency: 0.76697
    discharge_ratio: 0.5
    depth_of_discharge: 1.0
