cost_values:
  wind_capex: 5000.0
  wind_opex: 100
  wind_lifetime: 20
  solar_capex: 1000.0
  solar_opex: 10
  solar_lifetime: 20
  carbon_price: 1.0
timeseries_values:
  load_level: 273732.75153830554
  wind_year: 2011
  solar_year: 2019
  price_year: 2023
  carbon_year: 2023
storage_values:
  CAES:
    cost: 52.0711
    lifetime: 25.7379
    annual_cost: 2.0231293151344905
    efficiency: 0.581002
    discharge_ratio: 0.1
    depth_of_discharge: 0.4
  Li-ion:
    cost: 220.503
    lifetime: 15.9288
    annual_cost: 13.843039023655264
    efficiency: 0.919133
    discharge_ratio: 2
    depth_of_discharge: 0.9
  Pb-acid:
    cost: 182.591
    lifetime: 5.42234
    annual_cost: 33.673838232202336
    efficiency: 0.727631
    discharge_ratio: 5
    depth_of_discharge: 0.5
  VRBF:
    cost: 185.131
    lifetime: 20.026
    annual_cost: 9.244532108259262
    efficiency: 0.750935
    discharge_ratio: 0.5
    depth_of_discharge: 1.0
