cost_values:
  wind_capex: 5000.0
  wind_opex: 100
  wind_lifetime: 20
  solar_capex: 1000.0
  solar_opex: 10
  solar_lifetime: 20
  carbon_price: 1.0
timeseries_values:
  load_level: 273732.75153830554
  wind_year: 2011
  solar_year: 2019
  price_year: 2023
  carbon_year: 2023
storage_values:
  CAES:
    cost: 52.5395
    lifetime: 26.6825
    annual_cost: 1.9690621193666258
    efficiency: 0.573035
    discharge_ratio: 0.1
    depth_of_discharge: 0.4
  Li-ion:
    cost: 233.88
    lifetime: 17.3661
    annual_cost: 13.467617945307238
    efficiency: 0.92941
    discharge_ratio: 2
    depth_of_discharge: 0.9
  Pb-acid:
    cost: 182.372
    lifetime: 8.07297
    annual_cost: 22.590446886337993
    efficiency: 0.73941
    discharge_ratio: 5
    depth_of_discharge: 0.5
  VRBF:
    cost: 208.161
    lifetime: 19.9495
    annual_cost: 10.43439685205143
    efficiency: 0.737449
    discharge_ratio: 0.5
    depth_of_discharge: 1.0
