cost_values:
  wind_capex: 5000.0
  wind_opex: 100
  wind_lifetime: 20
  solar_capex: 1000.0
  solar_opex: 10
  solar_lifetime: 20
  carbon_price: 1.0
timeseries_values:
  load_level: 273732.75153830554
  wind_year: 2011
  solar_year: 2019
  price_year: 2023
  carbon_year: 2023
storage_values:
  CAES:
    cost: 46.7594
    lifetime: 25.3459
    annual_cost: 1.8448506464556398
    efficiency: 0.582201
    discharge_ratio: 0.1
    depth_of_discharge: 0.4
  Li-ion:
    cost: 242.471
    lifetime: 15.1392
    annual_cost: 16.016103889241176
    efficiency: 0.930504
    discharge_ratio: 2
    depth_of_discharge: 0.9
  Pb-acid:
    cost: 173.42
    lifetime: 8.5121
    annual_cost: 20.373350876986876
    efficiency: 0.736542
    discharge_ratio: 5
    depth_of_discharge: 0.5
  VRBF:
    cost: 221.18
    lifetime: 20.5822
    annual_cost: 10.746178736966893
    efficiency: 0.747671
    discharge_ratio: 0.5
    depth_of_discharge: 1.0
