cost_values:
  wind_capex: 5000.0
  wind_opex: 100
  wind_lifetime: 20
  solar_capex: 1000.0
  solar_opex: 10
  solar_lifetime: 20
  carbon_price: 1.0
timeseries_values:
  load_level: 273732.75153830554
  wind_year: 2011
  solar_year: 2019
  price_year: 2023
  carbon_year: 2023
storage_values:
  CAES:
    cost: 52.5262
    lifetime: 24.8014
    annual_cost: 2.1178723781722
    efficiency: 0.572718
    discharge_ratio: 0.1
    depth_of_discharge: 0.4
  Li-ion:
    cost: 234.364
    lifetime: 14.8704
    annual_cost: 15.760436840972671
    efficiency: 0.927939
    discharge_ratio: 2
    depth_of_discharge: 0.9
  Pb-acid:
    cost: 171.641
    lifetime: 7.43062
    annual_cost: 23.099149196163978
    efficiency: 0.73368
    discharge_ratio: 5
    depth_of_discharge: 0.5
  VRBF:
    cost: 192.708
    lifetime: 19.1763
    annual_cost: 10.04927957948092
    efficiency: 0.748881
    discharge_ratio: 0.5
    depth_of_discharge: 1.0
