cost_values:
  wind_capex: 5000.0
  wind_opex: 100
  wind_lifetime: 20
  solar_capex: 1000.0
  solar_opex: 10
  solar_lifetime: 20
  carbon_price: 1.0
timeseries_values:
  load_level: 273732.75153830554
  wind_year: 2011
  solar_year: 2019
  price_year: 2023
  carbon_year: 2023
storage_values:
  CAES:
    cost: 40.3197
    lifetime: 24.2265
    annual_cost: 1.664280849483004
    efficiency: 0.585102
    discharge_ratio: 0.1
    depth_of_discharge: 0.4
  Li-ion:
    cost: 217.954
    lifetime: 17.6909
    annual_cost: 12.32011938341181
    efficiency: 0.920801
    discharge_ratio: 2
    depth_of_discharge: 0.9
  Pb-acid:
    cost: 188.573
    lifetime: 7.64432
    annual_cost: 24.66838122946188
    efficiency: 0.747984
    discharge_ratio: 5
    depth_of_discharge: 0.5
  VRBF:
    cost: 213.059
    lifetime: 20.9743
    annual_cost: 10.158098244041518
    efficiency: 0.740665
    discharge_ratio: 0.5
    depth_of_discharge: 1.0
