cost_values:
  wind_capex: 5000.0
  wind_opex: 100
  wind_lifetime: 20
  solar_capex: 1000.0
  solar_opex: 10
  solar_lifetime: 20
  carbon_price: 1.0
timeseries_values:
  load_level: 273732.75153830554
  wind_year: 2011
  solar_year: 2019
  price_year: 2023
  carbon_year: 2023
storage_values:
  CAES:
    cost: 45.9015
    lifetime: 26.0063
    annual_cost: 1.7650146310701638
    efficiency: 0.572873
    discharge_ratio: 0.1
    depth_of_discharge: 0.4
  Li-ion:
    cost: 250.308
    lifetime: 15.9484
    annual_cost: 15.694865942665094
    efficiency: 0.912831
    discharge_ratio: 2
    depth_of_discharge: 0.9
  Pb-acid:
    cost: 163.022
    lifetime: 7.30402
    annual_cost: 22.319489815197656
    efficiency: 0.7297
    discharge_ratio: 5
    depth_of_discharge: 0.5
  VRBF:
    cost: 200.174
    lifetime: 19.6479
    annual_cost: 10.188060810570088
    efficiency: 0.723546
    discharge_ratio: 0.5
    depth_of_discharge: 1.0
