cost_values:
  wind_capex: 5000.0
  wind_opex: 100
  wind_lifetime: 20
  solar_capex: 1000.0
  solar_opex: 10
  solar_lifetime: 20
  carbon_price: 1.0
timeseries_values:
  load_level: 273732.75153830554
  wind_year: 2011
  solar_year: 2019
  price_year: 2023
  carbon_year: 2023
storage_values:
  CAES:
    cost: 54.6459
    lifetime: 24.4565
    annual_cost: 2.23441211947744
    efficiency: 0.569872
    discharge_ratio: 0.1
    depth_of_discharge: 0.4
  Li-ion:
    cost: 231.906
    lifetime: 16.9332
    annual_cost: 13.695344057827228
    efficiency: 0.926296
    discharge_ratio: 2
    depth_of_discharge: 0.9
  Pb-acid:
    cost: 168.984
    lifetime: 8.44409
    annual_cost: 20.01210313959231
    efficiency: 0.723622
    discharge_ratio: 5
    depth_of_discharge: 0.5
  VRBF:
    cost: 211.215
    lifetime: 19.5157
    annual_cost: 10.822824700113243
    efficiency: 0.743806
    discharge_ratio: 0.5
    depth_of_discharge: 1.0
