cost_values:
  wind_capex: 5000.0
  wind_opex: 100
  wind_lifetime: 20
  solar_capex: 1000.0
  solar_opex: 10
  solar_lifetime: 20
  carbon_price: 1.0
timeseries_values:
  load_level: 273732.75153830554
  wind_year: 2011
  solar_year: 2019
  price_year: 2023
  carbon_year: 2023
storage_values:
  CAES:
    cost: 44.2112
    lifetime: 25.6749
    annual_cost: 1.7219619161126234
    efficiency: 0.586467
    discharge_ratio: 0.1
    depth_of_discharge: 0.4
  Li-ion:
    cost: 231.531
    lifetime: 16.3679
    annual_cost: 14.145430996034923
    efficiency: 0.933862
    discharge_ratio: 2
    depth_of_discharge: 0.9
  Pb-acid:
    cost: 180.866
    lifetime: 8.03335
    annual_cost: 22.51439312366572
    efficiency: 0.724304
    discharge_ratio: 5
    depth_of_discharge: 0.5
  VRBF:
    cost: 212.245
    lifetime: 17.7689
    annual_cost: 11.944746157612459
    efficiency: 0.749451
    discharge_ratio: 0.5
    depth_of_discharge: 1.0
