cost_values:
  wind_capex: 5000.0
  wind_opex: 100
  wind_lifetime: 20
  solar_capex: 1000.0
  solar_opex: 10
  solar_lifetime: 20
  carbon_price: 1.0
timeseries_values:
  load_level: 273732.75153830554
  wind_year: 2011
  solar_year: 2019
  price_year: 2023
  carbon_year: 2023
storage_values:
  CAES:
    cost: 56.294
    lifetime: 24.4483
    annual_cost: 2.302573185047631
    efficiency: 0.580031
    discharge_ratio: 0.1
    depth_of_discharge: 0.4
  Li-ion:
    cost: 230.872
    lifetime: 15.9307
    annual_cost: 14.492269642890772
    efficiency: 0.898256
    discharge_ratio: 2
    depth_of_discharge: 0.9
  Pb-acid:
    cost: 180.508
    lifetime: 7.23273
    annual_cost: 24.957104717029395
    efficiency: 0.743073
    discharge_ratio: 5
    depth_of_discharge: 0.5
  VRBF:
    cost: 213.224
    lifetime: 18.4145
    annual_cost: 11.579136006951043
    efficiency: 0.733482
    discharge_ratio: 0.5
    depth_of_discharge: 1.0
