cost_values:
  wind_capex: 5000.0
  wind_opex: 100
  wind_lifetime: 20
  solar_capex: 1000.0
  solar_opex: 10
  solar_lifetime: 20
  carbon_price: 1.0
timeseries_values:
  load_level: 273732.75153830554
  wind_year: 2011
  solar_year: 2019
  price_year: 2023
  carbon_year: 2023
storage_values:
  CAES:
    cost: 46.0424
    lifetime: 25.9787
    annual_cost: 1.7723134721906793
    efficiency: 0.569645
    discharge_ratio: 0.1
    depth_of_discharge: 0.4
  Li-ion:
    cost: 245.533
    lifetime: 17.2411
    annual_cost: 14.241144706544246
    efficiency: 0.932035
    discharge_ratio: 2
    depth_of_discharge: 0.9
  Pb-acid:
    cost: 196.845
    lifetime: 7.57615
    annual_cost: 25.982194122344463
    efficiency: 0.731821
    discharge_ratio: 5
    depth_of_discharge: 0.5
  VRBF:
    cost: 209.481
    lifetime: 20.1095
    annual_cost: 10.417016832840199
    efficiency: 0.735583
    discharge_ratio: 0.5
    depth_of_discharge: 1.0
