cost_values:
  wind_capex: 5000.0
  wind_opex: 100
  wind_lifetime: 20
  solar_capex: 1000.0
  solar_opex: 10
  solar_lifetime: 20
  carbon_price: 1.0
timeseries_values:
  load_level: 273732.75153830554
  wind_year: 2011
  solar_year: 2019
  price_year: 2023
  carbon_year: 2023
storage_values:
  CAES:
    cost: 53.2362
    lifetime: 25.4849
    annual_cost: 2.0889310925293016
    efficiency: 0.581002
    discharge_ratio: 0.1
    depth_of_discharge: 0.4
  Li-ion:
    cost: 227.141
    lifetime: 18.5754
    annual_cost: 12.22805430838636
    efficiency: 0.923841
    discharge_ratio: 2
    depth_of_discharge: 0.9
  Pb-acid:
    cost: 194.425
    lifetime: 9.12462
    annual_cost: 21.307736650950943
    efficiency: 0.732201
    discharge_ratio: 5
    depth_of_discharge: 0.5
  VRBF:
    cost: 216.422
    lifetime: 18.4684
    annual_cost: 11.718502956401204
    efficiency: 0.752755
    discharge_ratio: 0.5
    depth_of_discharge: 1.0
