cost_values:
  wind_capex: 5000.0
  wind_opex: 100
  wind_lifetime: 20
  solar_capex: 1000.0
  solar_opex: 10
  solar_lifetime: 20
  carbon_price: 1.0
timeseries_values:
  load_level: 273732.75153830554
  wind_year: 2011
  solar_year: 2019
  price_year: 2023
  carbon_year: 2023
storage_values:
  CAES:
    cost: 47.8385
    lifetime: 25.4897
    annual_cost: 1.8767776788271342
    efficiency: 0.591385
    discharge_ratio: 0.1
    depth_of_discharge: 0.4
  Li-ion:
    cost: 248.286
    lifetime: 16.7255
    annual_cost: 14.844758004245016
    efficiency: 0.934723
    discharge_ratio: 2
    depth_of_discharge: 0.9
  Pb-acid:
    cost: 178.341
    lifetime: 7.81385
    annual_cost: 22.82370406393775
    efficiency: 0.754626
    discharge_ratio: 5
    depth_of_discharge: 0.5
  VRBF:
    cost: 251.236
    lifetime: 19.1973
    annual_cost: 13.087048699556709
    efficiency: 0.74194
    discharge_ratio: 0.5
    depth_of_discharge: 1.0
