cost_values:
  wind_capex: 5000.0
  wind_opex: 100
  wind_lifetime: 20
  solar_capex: 1000.0
  solar_opex: 10
  solar_lifetime: 20
  carbon_price: 1.0
timeseries_values:
  load_level: 273732.75153830554
  wind_year: 2011
  solar_year: 2019
  price_year: 2023
  carbon_year: 2023
storage_values:
  CAES:
    cost: 46.2495
    lifetime: 25.7511
    annual_cost: 1.7960203641786174
    efficiency: 0.573427
    discharge_ratio: 0.1
    depth_of_discharge: 0.4
  Li-ion:
    cost: 263.485
    lifetime: 17.7888
    annual_cost: 14.811847904299336
    efficiency: 0.931409
    discharge_ratio: 2
    depth_of_discharge: 0.9
  Pb-acid:
    cost: 172.827
    lifetime: 9.814
    annual_cost: 17.610250662319135
    efficiency: 0.732745
    discharge_ratio: 5
    depth_of_discharge: 0.5
  VRBF:
    cost: 216.674
    lifetime: 18.0044
    annual_cost: 12.03450267712337
    efficiency: 0.733512
    discharge_ratio: 0.5
    depth_of_discharge: 1.0
