cost_values:
  wind_capex: 5000.0
  wind_opex: 100
  wind_lifetime: 20
  solar_capex: 1000.0
  solar_opex: 10
  solar_lifetime: 20
  carbon_price: 1.0
timeseries_values:
  load_level: 273732.75153830554
  wind_year: 2011
  solar_year: 2019
  price_year: 2023
  carbon_year: 2023
storage_values:
  CAES:
    cost: 48.1169
    lifetime: 25.7962
    annual_cost: 1.8652708538466907
    efficiency: 0.583331
    discharge_ratio: 0.1
    depth_of_discharge: 0.4
  Li-ion:
    cost: 234.393
    lifetime: 17.159
    annual_cost: 13.660061775161724
    efficiency: 0.907306
    discharge_ratio: 2
    depth_of_discharge: 0.9
  Pb-acid:
    cost: 193.935
    lifetime: 9.28114
    annual_cost: 20.895601186923155
    efficiency: 0.737327
    discharge_ratio: 5
    depth_of_discharge: 0.5
  VRBF:
    cost: 225.862
    lifetime: 20.4577
    annual_cost: 11.040439541101884
    efficiency: 0.738341
    discharge_ratio: 0.5
    depth_of_discharge: 1.0
