cost_values:
  wind_capex: 5000.0
  wind_opex: 100
  wind_lifetime: 20
  solar_capex: 1000.0
  solar_opex: 10
  solar_lifetime: 20
  carbon_price: 1.0
timeseries_values:
  load_level: 273732.75153830554
  wind_year: 2011
  solar_year: 2019
  price_year: 2023
  carbon_year: 2023
storage_values:
  CAES:
    cost: 51.6201
    lifetime: 25.3662
    annual_cost: 2.0349953875629776
    efficiency: 0.571831
    discharge_ratio: 0.1
    depth_of_discharge: 0.4
  Li-ion:
    cost: 247.348
    lifetime: 15.9737
    annual_cost: 15.484702980524238
    efficiency: 0.918242
    discharge_ratio: 2
    depth_of_discharge: 0.9
  Pb-acid:
    cost: 197.286
    lifetime: 8.03078
    annual_cost: 24.566231424593877
    efficiency: 0.726678
    discharge_ratio: 5
    depth_of_discharge: 0.5
  VRBF:
    cost: 245.689
    lifetime: 20.8464
    annual_cost: 11.78568002149052
    efficiency: 0.74269
    discharge_ratio: 0.5
    depth_of_discharge: 1.0
