cost_values:
  wind_capex: 5000.0
  wind_opex: 100
  wind_lifetime: 20
  solar_capex: 1000.0
  solar_opex: 10
  solar_lifetime: 20
  carbon_price: 1.0
timeseries_values:
  load_level: 273732.75153830554
  wind_year: 2011
  solar_year: 2019
  price_year: 2023
  carbon_year: 2023
storage_values:
  CAES:
    cost: 45.7822
    lifetime: 24.9379
    annual_cost: 1.8358482470456616
    efficiency: 0.574615
    discharge_ratio: 0.1
    depth_of_discharge: 0.4
  Li-ion:
    cost: 232.079
    lifetime: 18.3339
    annual_cost: 12.658463283862135
    efficiency: 0.905476
    discharge_ratio: 2
    depth_of_discharge: 0.9
  Pb-acid:
    cost: 176.468
    lifetime: 9.66402
    annual_cost: 18.26030989174277
    efficiency: 0.723121
    discharge_ratio: 5
    depth_of_discharge: 0.5
  VRBF:
    cost: 190.648
    lifetime: 17.33
    annual_cost: 11.001038661281017
    efficiency: 0.762299
    discharge_ratio: 0.5
    depth_of_discharge: 1.0
