cost_values:
  wind_capex: 5000.0
  wind_opex: 100
  wind_lifetime: 20
  solar_capex: 1000.0
  solar_opex: 10
  solar_lifetime: 20
  carbon_price: 1.0
timeseries_values:
  load_level: 273732.75153830554
  wind_year: 2011
  solar_year: 2019
  price_year: 2023
  carbon_year: 2023
storage_values:
  CAES:
    cost: 37.5113
    lifetime: 23.9858
    annual_cost: 1.5638961385486412
    efficiency: 0.578835
    discharge_ratio: 0.1
    depth_of_discharge: 0.4
  Li-ion:
    cost: 237.09
    lifetime: 16.8315
    annual_cost: 14.086088583905179
    efficiency: 0.910173
    discharge_ratio: 2
    depth_of_discharge: 0.9
  Pb-acid:
    cost: 181.263
    lifetime: 6.90711
    annual_cost: 26.242958342924897
    efficiency: 0.740378
    discharge_ratio: 5
    depth_of_discharge: 0.5
  VRBF:
    cost: 201.645
    lifetime: 19.4288
    annual_cost: 10.378664662768674
    efficiency: 0.736718
    discharge_ratio: 0.5
    depth_of_discharge: 1.0
