cost_values:
  wind_capex: 5000.0
  wind_opex: 100
  wind_lifetime: 20
  solar_capex: 1000.0
  solar_opex: 10
  solar_lifetime: 20
  carbon_price: 1.0
timeseries_values:
  load_level: 273732.75153830554
  wind_year: 2011
  solar_year: 2019
  price_year: 2023
  carbon_year: 2023
storage_values:
  CAES:
    cost: 50.5092
    lifetime: 25.6776
    annual_cost: 1.967052995607066
    efficiency: 0.580217
    discharge_ratio: 0.1
    depth_of_discharge: 0.4
  Li-ion:
    cost: 242.293
    lifetime: 17.6063
    annual_cost: 13.761721656452519
    efficiency: 0.919426
    discharge_ratio: 2
    depth_of_discharge: 0.9
  Pb-acid:
    cost: 180.598
    lifetime: 8.95859
    annual_cost: 20.159199159689194
    efficiency: 0.731285
    discharge_ratio: 5
    depth_of_discharge: 0.5
  VRBF:
    cost: 222.054
    lifetime: 15.4026
    annual_cost: 14.41665692805111
    efficiency: 0.748527
    discharge_ratio: 0.5
    depth_of_discharge: 1.0
