cost_values:
  wind_capex: 5000.0
  wind_opex: 100
  wind_lifetime: 20
  solar_capex: 1000.0
  solar_opex: 10
  solar_lifetime: 20
  carbon_price: 1.0
timeseries_values:
  load_level: 273732.75153830554
  wind_year: 2011
  solar_year: 2019
  price_year: 2023
  carbon_year: 2023
storage_values:
  CAES:
    cost: 56.4412
    lifetime: 25.1257
    annual_cost: 2.2463533354294607
    efficiency: 0.569587
    discharge_ratio: 0.1
    depth_of_discharge: 0.4
  Li-ion:
    cost: 257.173
    lifetime: 17.9299
    annual_cost: 14.343247870874908
    efficiency: 0.928819
    discharge_ratio: 2
    depth_of_discharge: 0.9
  Pb-acid:
    cost: 166.729
    lifetime: 7.39768
    annual_cost: 22.538011917249733
    efficiency: 0.730848
    discharge_ratio: 5
    depth_of_discharge: 0.5
  VRBF:
    cost: 225.486
    lifetime: 16.7864
    annual_cost: 13.432659772196539
    efficiency: 0.725487
    discharge_ratio: 0.5
    depth_of_discharge: 1.0
