cost_values:
  wind_capex: 5000.0
  wind_opex: 100
  wind_lifetime: 20
  solar_capex: 1000.0
  solar_opex: 10
  solar_lifetime: 20
  carbon_price: 1.0
timeseries_values:
  load_level: 273732.75153830554
  wind_year: 2011
  solar_year: 2019
  price_year: 2023
  carbon_year: 2023
storage_values:
  CAES:
    cost: 51.7069
    lifetime: 25.0139
    annual_cost: 2.0671266775672725
    efficiency: 0.590443
    discharge_ratio: 0.1
    depth_of_discharge: 0.4
  Li-ion:
    cost: 237.908
    lifetime: 18.8138
    annual_cost: 12.64539859039641
    efficiency: 0.924017
    discharge_ratio: 2
    depth_of_discharge: 0.9
  Pb-acid:
    cost: 170.46
    lifetime: 8.16327
    annual_cost: 20.88133799323065
    efficiency: 0.725489
    discharge_ratio: 5
    depth_of_discharge: 0.5
  VRBF:
    cost: 214.784
    lifetime: 18.9711
    annual_cost: 11.321641865785326
    efficiency: 0.736352
    discharge_ratio: 0.5
    depth_of_discharge: 1.0
