cost_values:
  wind_capex: 5000.0
  wind_opex: 100
  wind_lifetime: 20
  solar_capex: 1000.0
  solar_opex: 10
  solar_lifetime: 20
  carbon_price: 1.0
timeseries_values:
  load_level: 273732.75153830554
  wind_year: 2011
  solar_year: 2019
  price_year: 2023
  carbon_year: 2023
storage_values:
  CAES:
    cost: 45.3919
    lifetime: 25.5038
    annual_cost: 1.7798092833224854
    efficiency: 0.575644
    discharge_ratio: 0.1
    depth_of_discharge: 0.4
  Li-ion:
    cost: 226.747
    lifetime: 18.6736
    annual_cost: 12.142650586924857
    efficiency: 0.921173
    discharge_ratio: 2
    depth_of_discharge: 0.9
  Pb-acid:
    cost: 175.472
    lifetime: 7.80445
    annual_cost: 22.483583084009766
    efficiency: 0.743411
    discharge_ratio: 5
    depth_of_discharge: 0.5
  VRBF:
    cost: 230.547
    lifetime: 19.0061
    annual_cost: 12.1301582123634
    efficiency: 0.748524
    discharge_ratio: 0.5
    depth_of_discharge: 1.0
