cost_values:
  wind_capex: 5000.0
  wind_opex: 100
  wind_lifetime: 20
  solar_capex: 1000.0
  solar_opex: 10
  solar_lifetime: 20
  carbon_price: 1.0
timeseries_values:
  load_level: 273732.75153830554
  wind_year: 2011
  solar_year: 2019
  price_year: 2023
  carbon_year: 2023
storage_values:
  CAES:
    cost: 41.6512
    lifetime: 24.1275
    annual_cost: 1.72629572065071
    efficiency: 0.572701
    discharge_ratio: 0.1
    depth_of_discharge: 0.4
  Li-ion:
    cost: 242.476
    lifetime: 16.0493
    annual_cost: 15.10819786532746
    efficiency: 0.925207
    discharge_ratio: 2
    depth_of_discharge: 0.9
  Pb-acid:
    cost: 163.406
    lifetime: 6.81557
    annual_cost: 23.975397508939093
    efficiency: 0.734937
    discharge_ratio: 5
    depth_of_discharge: 0.5
  VRBF:
    cost: 197.017
    lifetime: 18.303
    annual_cost: 10.764191662568978
    efficiency: 0.735542
    discharge_ratio: 0.5
    depth_of_discharge: 1.0
