cost_values:
  wind_capex: 5000.0
  wind_opex: 100
  wind_lifetime: 20
  solar_capex: 1000.0
  solar_opex: 10
  solar_lifetime: 20
  carbon_price: 1.0
timeseries_values:
  load_level: 273732.75153830554
  wind_year: 2011
  solar_year: 2019
  price_year: 2023
  carbon_year: 2023
storage_values:
  CAES:
    cost: 52.9392
    lifetime: 26.036
    annual_cost: 2.033307727761561
    efficiency: 0.589826
    discharge_ratio: 0.1
    depth_of_discharge: 0.4
  Li-ion:
    cost: 216.621
    lifetime: 17.7293
    annual_cost: 12.218248887434926
    efficiency: 0.920111
    discharge_ratio: 2
    depth_of_discharge: 0.9
  Pb-acid:
    cost: 191.136
    lifetime: 10.2652
    annual_cost: 18.61980282897557
    efficiency: 0.735708
    discharge_ratio: 5
    depth_of_discharge: 0.5
  VRBF:
    cost: 197.676
    lifetime: 20.7811
    annual_cost: 9.512297231619115
    efficiency: 0.736491
    discharge_ratio: 0.5
    depth_of_discharge: 1.0
