cost_values:
  wind_capex: 5000.0
  wind_opex: 100
  wind_lifetime: 20
  solar_capex: 1000.0
  solar_opex: 10
  solar_lifetime: 20
  carbon_price: 1.0
timeseries_values:
  load_level: 273732.75153830554
  wind_year: 2011
  solar_year: 2019
  price_year: 2023
  carbon_year: 2023
storage_values:
  CAES:
    cost: 49.1487
    lifetime: 25.9475
    annual_cost: 1.8941593602466518
    efficiency: 0.584018
    discharge_ratio: 0.1
    depth_of_discharge: 0.4
  Li-ion:
    cost: 222.945
    lifetime: 16.2484
    annual_cost: 13.72104330272519
    efficiency: 0.938437
    discharge_ratio: 2
    depth_of_discharge: 0.9
  Pb-acid:
    cost: 175.171
    lifetime: 8.23117
    annual_cost: 21.281421717690193
    efficiency: 0.742185
    discharge_ratio: 5
    depth_of_discharge: 0.5
  VRBF:
    cost: 208.644
    lifetime: 17.7992
    annual_cost: 11.722099869657065
    efficiency: 0.742057
    discharge_ratio: 0.5
    depth_of_discharge: 1.0
