cost_values:
  wind_capex: 5000.0
  wind_opex: 100
  wind_lifetime: 20
  solar_capex: 1000.0
  solar_opex: 10
  solar_lifetime: 20
  carbon_price: 1.0
timeseries_values:
  load_level: 273732.75153830554
  wind_year: 2011
  solar_year: 2019
  price_year: 2023
  carbon_year: 2023
storage_values:
  CAES:
    cost: 46.2015
    lifetime: 24.4587
    annual_cost: 1.8889597566510077
    efficiency: 0.58207
    discharge_ratio: 0.1
    depth_of_discharge: 0.4
  Li-ion:
    cost: 236.145
    lifetime: 17.4312
    annual_cost: 13.547260085364174
    efficiency: 0.933016
    discharge_ratio: 2
    depth_of_discharge: 0.9
  Pb-acid:
    cost: 167.003
    lifetime: 6.40188
    annual_cost: 26.08655582422663
    efficiency: 0.745996
    discharge_ratio: 5
    depth_of_discharge: 0.5
  VRBF:
    cost: 211.526
    lifetime: 18.8863
    annual_cost: 11.19997034887723
    efficiency: 0.738921
    discharge_ratio: 0.5
    depth_of_discharge: 1.0
