cost_values:
  wind_capex: 5000.0
  wind_opex: 100
  wind_lifetime: 20
  solar_capex: 1000.0
  solar_opex: 10
  solar_lifetime: 20
  carbon_price: 1.0
timeseries_values:
  load_level: 273732.75153830554
  wind_year: 2011
  solar_year: 2019
  price_year: 2023
  carbon_year: 2023
storage_values:
  CAES:
    cost: 59.7412
    lifetime: 24.6004
    annual_cost: 2.428464577811743
    efficiency: 0.58072
    discharge_ratio: 0.1
    depth_of_discharge: 0.4
  Li-ion:
    cost: 227.891
    lifetime: 17.4741
    annual_cost: 13.04164449098952
    efficiency: 0.926008
    discharge_ratio: 2
    depth_of_discharge: 0.9
  Pb-acid:
    cost: 159.748
    lifetime: 6.86091
    annual_cost: 23.28379180021309
    efficiency: 0.723308
    discharge_ratio: 5
    depth_of_discharge: 0.5
  VRBF:
    cost: 194.226
    lifetime: 19.3404
    annual_cost: 10.04250170627288
    efficiency: 0.728751
    discharge_ratio: 0.5
    depth_of_discharge: 1.0
