cost_values:
  wind_capex: 5000.0
  wind_opex: 100
  wind_lifetime: 20
  solar_capex: 1000.0
  solar_opex: 10
  solar_lifetime: 20
  carbon_price: 1.0
timeseries_values:
  load_level: 273732.75153830554
  wind_year: 2011
  solar_year: 2019
  price_year: 2023
  carbon_year: 2023
storage_values:
  CAES:
    cost: 49.8547
    lifetime: 26.2113
    annual_cost: 1.9020308035084104
    efficiency: 0.588074
    discharge_ratio: 0.1
    depth_of_discharge: 0.4
  Li-ion:
    cost: 203.304
    lifetime: 15.5649
    annual_cost: 13.061696509453965
    efficiency: 0.937876
    discharge_ratio: 2
    depth_of_discharge: 0.9
  Pb-acid:
    cost: 166.498
    lifetime: 9.46638
    annual_cost: 17.58834950635829
    efficiency: 0.723146
    discharge_ratio: 5
    depth_of_discharge: 0.5
  VRBF:
    cost: 183.144
    lifetime: 17.7869
    annual_cost: 10.296566574276575
    efficiency: 0.756935
    discharge_ratio: 0.5
    depth_of_discharge: 1.0
