cost_values:
  wind_capex: 5000.0
  wind_opex: 100
  wind_lifetime: 20
  solar_capex: 1000.0
  solar_opex: 10
  solar_lifetime: 20
  carbon_price: 1.0
timeseries_values:
  load_level: 273732.75153830554
  wind_year: 2011
  solar_year: 2019
  price_year: 2023
  carbon_year: 2023
storage_values:
  CAES:
    cost: 52.3367
    lifetime: 23.7219
    annual_cost: 2.206260881295343
    efficiency: 0.582768
    discharge_ratio: 0.1
    depth_of_discharge: 0.4
  Li-ion:
    cost: 253.894
    lifetime: 18.7629
    annual_cost: 13.531703521310673
    efficiency: 0.926225
    discharge_ratio: 2
    depth_of_discharge: 0.9
  Pb-acid:
    cost: 175.751
    lifetime: 8.09059
    annual_cost: 21.72289041961093
    efficiency: 0.728203
    discharge_ratio: 5
    depth_of_discharge: 0.5
  VRBF:
    cost: 196.058
    lifetime: 19.2092
    annual_cost: 10.206463569539595
    efficiency: 0.741901
    discharge_ratio: 0.5
    depth_of_discharge: 1.0
