cost_values:
  wind_capex: 5000.0
  wind_opex: 100
  wind_lifetime: 20
  solar_capex: 1000.0
  solar_opex: 10
  solar_lifetime: 20
  carbon_price: 1.0
timeseries_values:
  load_level: 273732.75153830554
  wind_year: 2011
  solar_year: 2019
  price_year: 2023
  carbon_year: 2023
storage_values:
  CAES:
    cost: 46.6666
    lifetime: 25.2924
    annual_cost: 1.8450838987205644
    efficiency: 0.570442
    discharge_ratio: 0.1
    depth_of_discharge: 0.4
  Li-ion:
    cost: 229.284
    lifetime: 16.2069
    annual_cost: 14.147307628232419
    efficiency: 0.912325
    discharge_ratio: 2
    depth_of_discharge: 0.9
  Pb-acid:
    cost: 162.279
    lifetime: 8.73253
    annual_cost: 18.583274263014268
    efficiency: 0.734428
    discharge_ratio: 5
    depth_of_discharge: 0.5
  VRBF:
    cost: 222.975
    lifetime: 18.7157
    annual_cost: 11.913794301041372
    efficiency: 0.75274
    discharge_ratio: 0.5
    depth_of_discharge: 1.0
