cost_values:
  wind_capex: 5000.0
  wind_opex: 100
  wind_lifetime: 20
  solar_capex: 1000.0
  solar_opex: 10
  solar_lifetime: 20
  carbon_price: 1.0
timeseries_values:
  load_level: 273732.75153830554
  wind_year: 2011
  solar_year: 2019
  price_year: 2023
  carbon_year: 2023
storage_values:
  CAES:
    cost: 49.3834
    lifetime: 24.471
    annual_cost: 2.018037677250623
    efficiency: 0.591996
    discharge_ratio: 0.1
    depth_of_discharge: 0.4
  Li-ion:
    cost: 231.911
    lifetime: 16.2248
    annual_cost: 14.293612247916771
    efficiency: 0.926632
    discharge_ratio: 2
    depth_of_discharge: 0.9
  Pb-acid:
    cost: 196.268
    lifetime: 8.56189
    annual_cost: 22.92344330515809
    efficiency: 0.751569
    discharge_ratio: 5
    depth_of_discharge: 0.5
  VRBF:
    cost: 211.042
    lifetime: 18.3289
    annual_cost: 11.514166152906066
    efficiency: 0.73563
    discharge_ratio: 0.5
    depth_of_discharge: 1.0
