cost_values:
  wind_capex: 5000.0
  wind_opex: 100
  wind_lifetime: 20
  solar_capex: 1000.0
  solar_opex: 10
  solar_lifetime: 20
  carbon_price: 1.0
timeseries_values:
  load_level: 273732.75153830554
  wind_year: 2011
  solar_year: 2019
  price_year: 2023
  carbon_year: 2023
storage_values:
  CAES:
    cost: 50.0728
    lifetime: 25.1654
    annual_cost: 1.9897478283675203
    efficiency: 0.579777
    discharge_ratio: 0.1
    depth_of_discharge: 0.4
  Li-ion:
    cost: 239.019
    lifetime: 18.4928
    annual_cost: 12.924976206956222
    efficiency: 0.912987
    discharge_ratio: 2
    depth_of_discharge: 0.9
  Pb-acid:
    cost: 187.271
    lifetime: 11.2384
    annual_cost: 16.663493023917994
    efficiency: 0.727483
    discharge_ratio: 5
    depth_of_discharge: 0.5
  VRBF:
    cost: 213.468
    lifetime: 19.6287
    annual_cost: 10.875299943450152
    efficiency: 0.753099
    discharge_ratio: 0.5
    depth_of_discharge: 1.0
