cost_values:
  wind_capex: 5000.0
  wind_opex: 100
  wind_lifetime: 20
  solar_capex: 1000.0
  solar_opex: 10
  solar_lifetime: 20
  carbon_price: 1.0
timeseries_values:
  load_level: 273732.75153830554
  wind_year: 2011
  solar_year: 2019
  price_year: 2023
  carbon_year: 2023
storage_values:
  CAES:
    cost: 53.1718
    lifetime: 25.3379
    annual_cost: 2.09850855832567
    efficiency: 0.568704
    discharge_ratio: 0.1
    depth_of_discharge: 0.4
  Li-ion:
    cost: 238.993
    lifetime: 16.7972
    annual_cost: 14.22814516705165
    efficiency: 0.935758
    discharge_ratio: 2
    depth_of_discharge: 0.9
  Pb-acid:
    cost: 177.786
    lifetime: 8.08146
    annual_cost: 21.999242711094283
    efficiency: 0.748198
    discharge_ratio: 5
    depth_of_discharge: 0.5
  VRBF:
    cost: 207.247
    lifetime: 19.2632
    annual_cost: 10.758700527430541
    efficiency: 0.726575
    discharge_ratio: 0.5
    depth_of_discharge: 1.0
