cost_values:
  wind_capex: 5000.0
  wind_opex: 100
  wind_lifetime: 20
  solar_capex: 1000.0
  solar_opex: 10
  solar_lifetime: 20
  carbon_price: 1.0
timeseries_values:
  load_level: 273732.75153830554
  wind_year: 2011
  solar_year: 2019
  price_year: 2023
  carbon_year: 2023
storage_values:
  CAES:
    cost: 51.6964
    lifetime: 24.716
    annual_cost: 2.0916167664670655
    efficiency: 0.581568
    discharge_ratio: 0.1
    depth_of_discharge: 0.4
  Li-ion:
    cost: 262.89
    lifetime: 16.2738
    annual_cost: 16.15418648379604
    efficiency: 0.947584
    discharge_ratio: 2
    depth_of_discharge: 0.9
  Pb-acid:
    cost: 189.74
    lifetime: 8.53435
    annual_cost: 22.232507455166477
    efficiency: 0.738296
    discharge_ratio: 5
    depth_of_discharge: 0.5
  VRBF:
    cost: 218.145
    lifetime: 18.6166
    annual_cost: 11.717768013493336
    efficiency: 0.741053
    discharge_ratio: 0.5
    depth_of_discharge: 1.0
