cost_values:
  wind_capex: 5000.0
  wind_opex: 100
  wind_lifetime: 20
  solar_capex: 1000.0
  solar_opex: 10
  solar_lifetime: 20
  carbon_price: 1.0
timeseries_values:
  load_level: 273732.75153830554
  wind_year: 2011
  solar_year: 2019
  price_year: 2023
  carbon_year: 2023
storage_values:
  CAES:
    cost: 44.9873
    lifetime: 25.269
    annual_cost: 1.780335589061696
    efficiency: 0.58446
    discharge_ratio: 0.1
    depth_of_discharge: 0.4
  Li-ion:
    cost: 249.162
    lifetime: 14.5952
    annual_cost: 17.071502959877222
    efficiency: 0.908159
    discharge_ratio: 2
    depth_of_discharge: 0.9
  Pb-acid:
    cost: 183.263
    lifetime: 8.34431
    annual_cost: 21.962630822680367
    efficiency: 0.737145
    discharge_ratio: 5
    depth_of_discharge: 0.5
  VRBF:
    cost: 173.295
    lifetime: 19.7173
    annual_cost: 8.788982264305963
    efficiency: 0.752112
    discharge_ratio: 0.5
    depth_of_discharge: 1.0
