cost_values:
  wind_capex: 5000.0
  wind_opex: 100
  wind_lifetime: 20
  solar_capex: 1000.0
  solar_opex: 10
  solar_lifetime: 20
  carbon_price: 1.0
timeseries_values:
  load_level: 273732.75153830554
  wind_year: 2011
  solar_year: 2019
  price_year: 2023
  carbon_year: 2023
storage_values:
  CAES:
    cost: 51.9729
    lifetime: 25.6234
    annual_cost: 2.0283373791144035
    efficiency: 0.580149
    discharge_ratio: 0.1
    depth_of_discharge: 0.4
  Li-ion:
    cost: 236.696
    lifetime: 17.2531
    annual_cost: 13.719041795387495
    efficiency: 0.925593
    discharge_ratio: 2
    depth_of_discharge: 0.9
  Pb-acid:
    cost: 169.519
    lifetime: 7.13974
    annual_cost: 23.743021454562772
    efficiency: 0.730375
    discharge_ratio: 5
    depth_of_discharge: 0.5
  VRBF:
    cost: 211.433
    lifetime: 19.7732
    annual_cost: 10.692907571864948
    efficiency: 0.735652
    discharge_ratio: 0.5
    depth_of_discharge: 1.0
