cost_values:
  wind_capex: 5000.0
  wind_opex: 100
  wind_lifetime: 20
  solar_capex: 1000.0
  solar_opex: 10
  solar_lifetime: 20
  carbon_price: 1.0
timeseries_values:
  load_level: 273732.75153830554
  wind_year: 2011
  solar_year: 2019
  price_year: 2023
  carbon_year: 2023
storage_values:
  CAES:
    cost: 47.2251
    lifetime: 25.2447
    annual_cost: 1.8706936505484317
    efficiency: 0.58189
    discharge_ratio: 0.1
    depth_of_discharge: 0.4
  Li-ion:
    cost: 246.467
    lifetime: 16.7457
    annual_cost: 14.718226171494774
    efficiency: 0.933714
    discharge_ratio: 2
    depth_of_discharge: 0.9
  Pb-acid:
    cost: 190.765
    lifetime: 9.10438
    annual_cost: 20.95310169390996
    efficiency: 0.734389
    discharge_ratio: 5
    depth_of_discharge: 0.5
  VRBF:
    cost: 208.21
    lifetime: 21.1838
    annual_cost: 9.828737053786384
    efficiency: 0.717374
    discharge_ratio: 0.5
    depth_of_discharge: 1.0
