cost_values:
  wind_capex: 5000.0
  wind_opex: 100
  wind_lifetime: 20
  solar_capex: 1000.0
  solar_opex: 10
  solar_lifetime: 20
  carbon_price: 1.0
timeseries_values:
  load_level: 273732.75153830554
  wind_year: 2011
  solar_year: 2019
  price_year: 2023
  carbon_year: 2023
storage_values:
  CAES:
    cost: 50.1508
    lifetime: 25.4897
    annual_cost: 1.9674927519743268
    efficiency: 0.586119
    discharge_ratio: 0.1
    depth_of_discharge: 0.4
  Li-ion:
    cost: 207.788
    lifetime: 17.0145
    annual_cost: 12.212407064562578
    efficiency: 0.918909
    discharge_ratio: 2
    depth_of_discharge: 0.9
  Pb-acid:
    cost: 172.583
    lifetime: 7.43522
    annual_cost: 23.211552583514678
    efficiency: 0.745872
    discharge_ratio: 5
    depth_of_discharge: 0.5
  VRBF:
    cost: 217.956
    lifetime: 18.7999
    annual_cost: 11.593465922691077
    efficiency: 0.744105
    discharge_ratio: 0.5
    depth_of_discharge: 1.0
