cost_values:
  wind_capex: 5000.0
  wind_opex: 100
  wind_lifetime: 20
  solar_capex: 1000.0
  solar_opex: 10
  solar_lifetime: 20
  carbon_price: 1.0
timeseries_values:
  load_level: 273732.75153830554
  wind_year: 2011
  solar_year: 2019
  price_year: 2023
  carbon_year: 2023
storage_values:
  CAES:
    cost: 55.009
    lifetime: 25.5147
    annual_cost: 2.155972831348203
    efficiency: 0.572611
    discharge_ratio: 0.1
    depth_of_discharge: 0.4
  Li-ion:
    cost: 229.477
    lifetime: 17.6657
    annual_cost: 12.989974923156172
    efficiency: 0.922072
    discharge_ratio: 2
    depth_of_discharge: 0.9
  Pb-acid:
    cost: 172.892
    lifetime: 9.46134
    annual_cost: 18.27352150963817
    efficiency: 0.737793
    discharge_ratio: 5
    depth_of_discharge: 0.5
  VRBF:
    cost: 209.339
    lifetime: 19.1323
    annual_cost: 10.941653643315231
    efficiency: 0.746538
    discharge_ratio: 0.5
    depth_of_discharge: 1.0
