cost_values:
  wind_capex: 5000.0
  wind_opex: 100
  wind_lifetime: 20
  solar_capex: 1000.0
  solar_opex: 10
  solar_lifetime: 20
  carbon_price: 1.0
timeseries_values:
  load_level: 273732.75153830554
  wind_year: 2011
  solar_year: 2019
  price_year: 2023
  carbon_year: 2023
storage_values:
  CAES:
    cost: 38.8674
    lifetime: 24.2653
    annual_cost: 1.6017687809340913
    efficiency: 0.584244
    discharge_ratio: 0.1
    depth_of_discharge: 0.4
  Li-ion:
    cost: 215.069
    lifetime: 18.658
    annual_cost: 11.526905348911994
    efficiency: 0.944242
    discharge_ratio: 2
    depth_of_discharge: 0.9
  Pb-acid:
    cost: 167.235
    lifetime: 7.43086
    annual_cost: 22.50547043007135
    efficiency: 0.730431
    discharge_ratio: 5
    depth_of_discharge: 0.5
  VRBF:
    cost: 186.605
    lifetime: 17.7259
    annual_cost: 10.527251084571164
    efficiency: 0.745644
    discharge_ratio: 0.5
    depth_of_discharge: 1.0
