cost_values:
  wind_capex: 5000.0
  wind_opex: 100
  wind_lifetime: 20
  solar_capex: 1000.0
  solar_opex: 10
  solar_lifetime: 20
  carbon_price: 1.0
timeseries_values:
  load_level: 273732.75153830554
  wind_year: 2011
  solar_year: 2019
  price_year: 2023
  carbon_year: 2023
storage_values:
  CAES:
    cost: 48.6212
    lifetime: 25.4359
    annual_cost: 1.91151875891948
    efficiency: 0.574689
    discharge_ratio: 0.1
    depth_of_discharge: 0.4
  Li-ion:
    cost: 252.656
    lifetime: 15.691
    annual_cost: 16.10196928175387
    efficiency: 0.914076
    discharge_ratio: 2
    depth_of_discharge: 0.9
  Pb-acid:
    cost: 207.652
    lifetime: 7.2488
    annual_cost: 28.64639664496192
    efficiency: 0.748136
    discharge_ratio: 5
    depth_of_discharge: 0.5
  VRBF:
    cost: 244.669
    lifetime: 19.6067
    annual_cost: 12.478846516751927
    efficiency: 0.736024
    discharge_ratio: 0.5
    depth_of_discharge: 1.0
