cost_values:
  wind_capex: 5000.0
  wind_opex: 100
  wind_lifetime: 20
  solar_capex: 1000.0
  solar_opex: 10
  solar_lifetime: 20
  carbon_price: 1.0
timeseries_values:
  load_level: 273732.75153830554
  wind_year: 2011
  solar_year: 2019
  price_year: 2023
  carbon_year: 2023
storage_values:
  CAES:
    cost: 50.3327
    lifetime: 25.9064
    annual_cost: 1.9428673995614982
    efficiency: 0.574463
    discharge_ratio: 0.1
    depth_of_discharge: 0.4
  Li-ion:
    cost: 262.459
    lifetime: 16.0751
    annual_cost: 16.32705239780779
    efficiency: 0.920389
    discharge_ratio: 2
    depth_of_discharge: 0.9
  Pb-acid:
    cost: 201.839
    lifetime: 9.82574
    annual_cost: 20.54186249585273
    efficiency: 0.745126
    discharge_ratio: 5
    depth_of_discharge: 0.5
  VRBF:
    cost: 176.168
    lifetime: 19.4338
    annual_cost: 9.065031028414412
    efficiency: 0.72241
    discharge_ratio: 0.5
    depth_of_discharge: 1.0
