cost_values:
  wind_capex: 5000.0
  wind_opex: 100
  wind_lifetime: 20
  solar_capex: 1000.0
  solar_opex: 10
  solar_lifetime: 20
  carbon_price: 1.0
timeseries_values:
  load_level: 273732.75153830554
  wind_year: 2011
  solar_year: 2019
  price_year: 2023
  carbon_year: 2023
storage_values:
  CAES:
    cost: 51.8843
    lifetime: 25.5039
    annual_cost: 2.034367292845408
    efficiency: 0.587836
    discharge_ratio: 0.1
    depth_of_discharge: 0.4
  Li-ion:
    cost: 235.716
    lifetime: 16.7964
    annual_cost: 14.03372151175252
    efficiency: 0.92557
    discharge_ratio: 2
    depth_of_discharge: 0.9
  Pb-acid:
    cost: 178.37
    lifetime: 8.38381
    annual_cost: 21.275529860528806
    efficiency: 0.751831
    discharge_ratio: 5
    depth_of_discharge: 0.5
  VRBF:
    cost: 191.26
    lifetime: 21.1198
    annual_cost: 9.05595696928948
    efficiency: 0.746297
    discharge_ratio: 0.5
    depth_of_discharge: 1.0
