cost_values:
  wind_capex: 5000.0
  wind_opex: 100
  wind_lifetime: 20
  solar_capex: 1000.0
  solar_opex: 10
  solar_lifetime: 20
  carbon_price: 1.0
timeseries_values:
  load_level: 273732.75153830554
  wind_year: 2011
  solar_year: 2019
  price_year: 2023
  carbon_year: 2023
storage_values:
  CAES:
    cost: 46.841
    lifetime: 25.8946
    annual_cost: 1.8089099657843721
    efficiency: 0.582636
    discharge_ratio: 0.1
    depth_of_discharge: 0.4
  Li-ion:
    cost: 239.395
    lifetime: 17.1134
    annual_cost: 13.98874566129466
    efficiency: 0.911114
    discharge_ratio: 2
    depth_of_discharge: 0.9
  Pb-acid:
    cost: 189.888
    lifetime: 7.10045
    annual_cost: 26.74309374757938
    efficiency: 0.738407
    discharge_ratio: 5
    depth_of_discharge: 0.5
  VRBF:
    cost: 212.245
    lifetime: 19.1441
    annual_cost: 11.086705564638713
    efficiency: 0.759869
    discharge_ratio: 0.5
    depth_of_discharge: 1.0
