cost_values:
  wind_capex: 5000.0
  wind_opex: 100
  wind_lifetime: 20
  solar_capex: 1000.0
  solar_opex: 10
  solar_lifetime: 20
  carbon_price: 1.0
timeseries_values:
  load_level: 273732.75153830554
  wind_year: 2011
  solar_year: 2019
  price_year: 2023
  carbon_year: 2023
storage_values:
  CAES:
    cost: 49.8886
    lifetime: 24.7347
    annual_cost: 2.0169478505904657
    efficiency: 0.580554
    discharge_ratio: 0.1
    depth_of_discharge: 0.4
  Li-ion:
    cost: 239.49
    lifetime: 16.177
    annual_cost: 14.804351857575572
    efficiency: 0.93474
    discharge_ratio: 2
    depth_of_discharge: 0.9
  Pb-acid:
    cost: 199.473
    lifetime: 9.50939
    annual_cost: 20.976424355295137
    efficiency: 0.740605
    discharge_ratio: 5
    depth_of_discharge: 0.5
  VRBF:
    cost: 160.039
    lifetime: 17.2206
    annual_cost: 9.293462480982079
    efficiency: 0.728182
    discharge_ratio: 0.5
    depth_of_discharge: 1.0
