cost_values:
  wind_capex: 5000.0
  wind_opex: 100
  wind_lifetime: 20
  solar_capex: 1000.0
  solar_opex: 10
  solar_lifetime: 20
  carbon_price: 1.0
timeseries_values:
  load_level: 273732.75153830554
  wind_year: 2011
  solar_year: 2019
  price_year: 2023
  carbon_year: 2023
storage_values:
  CAES:
    cost: 46.6834
    lifetime: 26.2087
    annual_cost: 1.7812176872565215
    efficiency: 0.576371
    discharge_ratio: 0.1
    depth_of_discharge: 0.4
  Li-ion:
    cost: 226.528
    lifetime: 19.0687
    annual_cost: 11.879572283375374
    efficiency: 0.906814
    discharge_ratio: 2
    depth_of_discharge: 0.9
  Pb-acid:
    cost: 170.708
    lifetime: 8.50745
    annual_cost: 20.065707115528152
    efficiency: 0.726237
    discharge_ratio: 5
    depth_of_discharge: 0.5
  VRBF:
    cost: 192.637
    lifetime: 19.3892
    annual_cost: 9.935273244899223
    efficiency: 0.749081
    discharge_ratio: 0.5
    depth_of_discharge: 1.0
