cost_values:
  wind_capex: 5000.0
  wind_opex: 100
  wind_lifetime: 20
  solar_capex: 1000.0
  solar_opex: 10
  solar_lifetime: 20
  carbon_price: 1.0
timeseries_values:
  load_level: 273732.75153830554
  wind_year: 2011
  solar_year: 2019
  price_year: 2023
  carbon_year: 2023
storage_values:
  CAES:
    cost: 54.1923
    lifetime: 25.093
    annual_cost: 2.159658071972263
    efficiency: 0.581203
    discharge_ratio: 0.1
    depth_of_discharge: 0.4
  Li-ion:
    cost: 237.335
    lifetime: 15.6635
    annual_cost: 15.15210521275577
    efficiency: 0.949386
    discharge_ratio: 2
    depth_of_discharge: 0.9
  Pb-acid:
    cost: 177.243
    lifetime: 7.68393
    annual_cost: 23.06671195599127
    efficiency: 0.729416
    discharge_ratio: 5
    depth_of_discharge: 0.5
  VRBF:
    cost: 248.97
    lifetime: 19.744
    annual_cost: 12.60990680713128
    efficiency: 0.743622
    discharge_ratio: 0.5
    depth_of_discharge: 1.0
