cost_values:
  wind_capex: 5000.0
  wind_opex: 100
  wind_lifetime: 20
  solar_capex: 1000.0
  solar_opex: 10
  solar_lifetime: 20
  carbon_price: 1.0
timeseries_values:
  load_level: 273732.75153830554
  wind_year: 2011
  solar_year: 2019
  price_year: 2023
  carbon_year: 2023
storage_values:
  CAES:
    cost: 48.8749
    lifetime: 25.1624
    annual_cost: 1.942378310495024
    efficiency: 0.579372
    discharge_ratio: 0.1
    depth_of_discharge: 0.4
  Li-ion:
    cost: 242.896
    lifetime: 15.6476
    annual_cost: 15.522891689460364
    efficiency: 0.924563
    discharge_ratio: 2
    depth_of_discharge: 0.9
  Pb-acid:
    cost: 173.992
    lifetime: 6.7818
    annual_cost: 25.65572561856734
    efficiency: 0.737343
    discharge_ratio: 5
    depth_of_discharge: 0.5
  VRBF:
    cost: 239.801
    lifetime: 19.9008
    annual_cost: 12.04981709278019
    efficiency: 0.755626
    discharge_ratio: 0.5
    depth_of_discharge: 1.0
