cost_values:
  wind_capex: 5000.0
  wind_opex: 100
  wind_lifetime: 20
  solar_capex: 1000.0
  solar_opex: 10
  solar_lifetime: 20
  carbon_price: 1.0
timeseries_values:
  load_level: 273732.75153830554
  wind_year: 2011
  solar_year: 2019
  price_year: 2023
  carbon_year: 2023
storage_values:
  CAES:
    cost: 50.7047
    lifetime: 26.166
    annual_cost: 1.937808606588703
    efficiency: 0.58374
    discharge_ratio: 0.1
    depth_of_discharge: 0.4
  Li-ion:
    cost: 219.058
    lifetime: 15.0333
    annual_cost: 14.571517896935468
    efficiency: 0.942824
    discharge_ratio: 2
    depth_of_discharge: 0.9
  Pb-acid:
    cost: 182.86
    lifetime: 7.52977
    annual_cost: 24.284938318169083
    efficiency: 0.737807
    discharge_ratio: 5
    depth_of_discharge: 0.5
  VRBF:
    cost: 221.011
    lifetime: 19.1347
    annual_cost: 11.55027254150836
    efficiency: 0.737221
    discharge_ratio: 0.5
    depth_of_discharge: 1.0
