cost_values:
  wind_capex: 5000.0
  wind_opex: 100
  wind_lifetime: 20
  solar_capex: 1000.0
  solar_opex: 10
  solar_lifetime: 20
  carbon_price: 1.0
timeseries_values:
  load_level: 273732.75153830554
  wind_year: 2011
  solar_year: 2019
  price_year: 2023
  carbon_year: 2023
storage_values:
  CAES:
    cost: 51.4278
    lifetime: 25.6157
    annual_cost: 2.00766717286664
    efficiency: 0.576813
    discharge_ratio: 0.1
    depth_of_discharge: 0.4
  Li-ion:
    cost: 230.095
    lifetime: 16.6512
    annual_cost: 13.81852358989142
    efficiency: 0.936463
    discharge_ratio: 2
    depth_of_discharge: 0.9
  Pb-acid:
    cost: 182.358
    lifetime: 8.50639
    annual_cost: 21.43776619694136
    efficiency: 0.753099
    discharge_ratio: 5
    depth_of_discharge: 0.5
  VRBF:
    cost: 213.121
    lifetime: 18.589
    annual_cost: 11.46489859594384
    efficiency: 0.740457
    discharge_ratio: 0.5
    depth_of_discharge: 1.0
