cost_values:
  wind_capex: 5000.0
  wind_opex: 100
  wind_lifetime: 20
  solar_capex: 1000.0
  solar_opex: 10
  solar_lifetime: 20
  carbon_price: 1.0
timeseries_values:
  load_level: 273732.75153830554
  wind_year: 2011
  solar_year: 2019
  price_year: 2023
  carbon_year: 2023
storage_values:
  CAES:
    cost: 52.4352
    lifetime: 25.7465
    annual_cost: 2.0365952653758765
    efficiency: 0.575549
    discharge_ratio: 0.1
    depth_of_discharge: 0.4
  Li-ion:
    cost: 250.663
    lifetime: 17.9934
    annual_cost: 13.930830193293096
    efficiency: 0.928297
    discharge_ratio: 2
    depth_of_discharge: 0.9
  Pb-acid:
    cost: 172.888
    lifetime: 7.35701
    annual_cost: 23.499764170498615
    efficiency: 0.757383
    discharge_ratio: 5
    depth_of_discharge: 0.5
  VRBF:
    cost: 223.844
    lifetime: 20.5296
    annual_cost: 10.903475956667446
    efficiency: 0.745171
    discharge_ratio: 0.5
    depth_of_discharge: 1.0
