cost_values:
  wind_capex: 5000.0
  wind_opex: 100
  wind_lifetime: 20
  solar_capex: 1000.0
  solar_opex: 10
  solar_lifetime: 20
  carbon_price: 1.0
timeseries_values:
  load_level: 273732.75153830554
  wind_year: 2011
  solar_year: 2019
  price_year: 2023
  carbon_year: 2023
storage_values:
  CAES:
    cost: 52.5443
    lifetime: 25.0737
    annual_cost: 2.095594188332795
    efficiency: 0.587089
    discharge_ratio: 0.1
    depth_of_discharge: 0.4
  Li-ion:
    cost: 251.657
    lifetime: 17.871
    annual_cost: 14.081864473168823
    efficiency: 0.924611
    discharge_ratio: 2
    depth_of_discharge: 0.9
  Pb-acid:
    cost: 169.001
    lifetime: 8.96647
    annual_cost: 18.84810856446294
    efficiency: 0.7359
    discharge_ratio: 5
    depth_of_discharge: 0.5
  VRBF:
    cost: 197.258
    lifetime: 18.7567
    annual_cost: 10.516668710380825
    efficiency: 0.780786
    discharge_ratio: 0.5
    depth_of_discharge: 1.0
