cost_values:
  wind_capex: 5000.0
  wind_opex: 100
  wind_lifetime: 20
  solar_capex: 1000.0
  solar_opex: 10
  solar_lifetime: 20
  carbon_price: 1.0
timeseries_values:
  load_level: 273732.75153830554
  wind_year: 2011
  solar_year: 2019
  price_year: 2023
  carbon_year: 2023
storage_values:
  CAES:
    cost: 46.6155
    lifetime: 25.0262
    annual_cost: 1.8626679240156316
    efficiency: 0.574566
    discharge_ratio: 0.1
    depth_of_discharge: 0.4
  Li-ion:
    cost: 230.57
    lifetime: 16.2453
    annual_cost: 14.19302813736896
    efficiency: 0.910251
    discharge_ratio: 2
    depth_of_discharge: 0.9
  Pb-acid:
    cost: 190.175
    lifetime: 7.58162
    annual_cost: 25.08368923792013
    efficiency: 0.740695
    discharge_ratio: 5
    depth_of_discharge: 0.5
  VRBF:
    cost: 215.226
    lifetime: 18.2464
    annual_cost: 11.795532269379164
    efficiency: 0.737375
    discharge_ratio: 0.5
    depth_of_discharge: 1.0
