cost_values:
  wind_capex: 5000.0
  wind_opex: 100
  wind_lifetime: 20
  solar_capex: 1000.0
  solar_opex: 10
  solar_lifetime: 20
  carbon_price: 1.0
timeseries_values:
  load_level: 267740.49461463187
  wind_year: 2017
  solar_year: 2013
  price_year: 2023
  carbon_year: 2023
storage_values:
  CAES:
    cost: 67.8642
    lifetime: 25.3297
    annual_cost: 2.6792342585976145
    efficiency: 0.585079
    discharge_ratio: 0.1
    depth_of_discharge: 0.4
  Li-ion:
    cost: 159.419
    lifetime: 16.7951
    annual_cost: 9.491994688927127
    efficiency: 0.89938
    discharge_ratio: 2
    depth_of_discharge: 0.9
  Pb-acid:
    cost: 148.238
    lifetime: 14.9802
    annual_cost: 9.895595519418967
    efficiency: 0.714292
    discharge_ratio: 5
    depth_of_discharge: 0.5
  VRBF:
    cost: 172.524
    lifetime: 20.6203
    annual_cost: 8.366706594957396
    efficiency: 0.761423
    discharge_ratio: 0.5
    depth_of_discharge: 1.0
