cost_values:
  wind_capex: 5000.0
  wind_opex: 100
  wind_lifetime: 20
  solar_capex: 1000.0
  solar_opex: 10
  solar_lifetime: 20
  carbon_price: 1.0
timeseries_values:
  load_level: 267740.49461463187
  wind_year: 2017
  solar_year: 2013
  price_year: 2023
  carbon_year: 2023
storage_values:
  CAES:
    cost: 69.2646
    lifetime: 24.4593
    annual_cost: 2.8318308373502106
    efficiency: 0.57869
    discharge_ratio: 0.1
    depth_of_discharge: 0.4
  Li-ion:
    cost: 146.878
    lifetime: 16.2138
    annual_cost: 9.058826431805006
    efficiency: 0.911125
    discharge_ratio: 2
    depth_of_discharge: 0.9
  Pb-acid:
    cost: 136.274
    lifetime: 14.7323
    annual_cost: 9.250015272564365
    efficiency: 0.699487
    discharge_ratio: 5
    depth_of_discharge: 0.5
  VRBF:
    cost: 206.997
    lifetime: 19.2256
    annual_cost: 10.766738099201065
    efficiency: 0.766823
    discharge_ratio: 0.5
    depth_of_discharge: 1.0
