cost_values:
  wind_capex: 5000.0
  wind_opex: 100
  wind_lifetime: 20
  solar_capex: 1000.0
  solar_opex: 10
  solar_lifetime: 20
  carbon_price: 1.0
timeseries_values:
  load_level: 267740.49461463187
  wind_year: 2017
  solar_year: 2013
  price_year: 2023
  carbon_year: 2023
storage_values:
  CAES:
    cost: 74.3034
    lifetime: 24.2883
    annual_cost: 3.0592260471091017
    efficiency: 0.590059
    discharge_ratio: 0.1
    depth_of_discharge: 0.4
  Li-ion:
    cost: 137.525
    lifetime: 15.5043
    annual_cost: 8.870119902220674
    efficiency: 0.903624
    discharge_ratio: 2
    depth_of_discharge: 0.9
  Pb-acid:
    cost: 133.207
    lifetime: 13.3267
    annual_cost: 9.995497760135667
    efficiency: 0.707424
    discharge_ratio: 5
    depth_of_discharge: 0.5
  VRBF:
    cost: 203.954
    lifetime: 18.6258
    annual_cost: 10.950079996563906
    efficiency: 0.783418
    discharge_ratio: 0.5
    depth_of_discharge: 1.0
