cost_values:
  wind_capex: 5000.0
  wind_opex: 100
  wind_lifetime: 20
  solar_capex: 1000.0
  solar_opex: 10
  solar_lifetime: 20
  carbon_price: 1.0
timeseries_values:
  load_level: 267740.49461463187
  wind_year: 2017
  solar_year: 2013
  price_year: 2023
  carbon_year: 2023
storage_values:
  CAES:
    cost: 67.2175
    lifetime: 24.7944
    annual_cost: 2.7109952247281646
    efficiency: 0.586945
    discharge_ratio: 0.1
    depth_of_discharge: 0.4
  Li-ion:
    cost: 164.822
    lifetime: 14.5632
    annual_cost: 11.317704900021972
    efficiency: 0.89707
    discharge_ratio: 2
    depth_of_discharge: 0.9
  Pb-acid:
    cost: 145.44
    lifetime: 14.4926
    annual_cost: 10.035466375943585
    efficiency: 0.714662
    discharge_ratio: 5
    depth_of_discharge: 0.5
  VRBF:
    cost: 157.384
    lifetime: 20.7115
    annual_cost: 7.5988701928880085
    efficiency: 0.777344
    discharge_ratio: 0.5
    depth_of_discharge: 1.0
