cost_values:
  wind_capex: 5000.0
  wind_opex: 100
  wind_lifetime: 20
  solar_capex: 1000.0
  solar_opex: 10
  solar_lifetime: 20
  carbon_price: 1.0
timeseries_values:
  load_level: 267740.49461463187
  wind_year: 2017
  solar_year: 2013
  price_year: 2023
  carbon_year: 2023
storage_values:
  CAES:
    cost: 72.7438
    lifetime: 24.8577
    annual_cost: 2.92640912071511
    efficiency: 0.586154
    discharge_ratio: 0.1
    depth_of_discharge: 0.4
  Li-ion:
    cost: 167.788
    lifetime: 15.3248
    annual_cost: 10.948788891209022
    efficiency: 0.909535
    discharge_ratio: 2
    depth_of_discharge: 0.9
  Pb-acid:
    cost: 147.045
    lifetime: 13.5178
    annual_cost: 10.877879536610987
    efficiency: 0.722274
    discharge_ratio: 5
    depth_of_discharge: 0.5
  VRBF:
    cost: 192.297
    lifetime: 19.3148
    annual_cost: 9.955940522293783
    efficiency: 0.756786
    discharge_ratio: 0.5
    depth_of_discharge: 1.0
