cost_values:
  wind_capex: 5000.0
  wind_opex: 100
  wind_lifetime: 20
  solar_capex: 1000.0
  solar_opex: 10
  solar_lifetime: 20
  carbon_price: 1.0
timeseries_values:
  load_level: 267740.49461463187
  wind_year: 2017
  solar_year: 2013
  price_year: 2023
  carbon_year: 2023
storage_values:
  CAES:
    cost: 72.5073
    lifetime: 25.6404
    annual_cost: 2.8278536996302712
    efficiency: 0.577956
    discharge_ratio: 0.1
    depth_of_discharge: 0.4
  Li-ion:
    cost: 142.554
    lifetime: 15.0711
    annual_cost: 9.458765451758664
    efficiency: 0.912555
    discharge_ratio: 2
    depth_of_discharge: 0.9
  Pb-acid:
    cost: 129.713
    lifetime: 15.2953
    annual_cost: 8.480579001392584
    efficiency: 0.70618
    discharge_ratio: 5
    depth_of_discharge: 0.5
  VRBF:
    cost: 184.473
    lifetime: 19.8309
    annual_cost: 9.302300954570898
    efficiency: 0.758718
    discharge_ratio: 0.5
    depth_of_discharge: 1.0
