cost_values:
  wind_capex: 5000.0
  wind_opex: 100
  wind_lifetime: 20
  solar_capex: 1000.0
  solar_opex: 10
  solar_lifetime: 20
  carbon_price: 1.0
timeseries_values:
  load_level: 267740.49461463187
  wind_year: 2017
  solar_year: 2013
  price_year: 2023
  carbon_year: 2023
storage_values:
  CAES:
    cost: 69.9286
    lifetime: 26.1298
    annual_cost: 2.6762011190288484
    efficiency: 0.582641
    discharge_ratio: 0.1
    depth_of_discharge: 0.4
  Li-ion:
    cost: 163.592
    lifetime: 15.7219
    annual_cost: 10.405358131014701
    efficiency: 0.91126
    discharge_ratio: 2
    depth_of_discharge: 0.9
  Pb-acid:
    cost: 149.456
    lifetime: 13.9324
    annual_cost: 10.727225747179236
    efficiency: 0.710102
    discharge_ratio: 5
    depth_of_discharge: 0.5
  VRBF:
    cost: 213.494
    lifetime: 18.5257
    annual_cost: 11.52420691255931
    efficiency: 0.736889
    discharge_ratio: 0.5
    depth_of_discharge: 1.0
