cost_values:
  wind_capex: 5000.0
  wind_opex: 100
  wind_lifetime: 20
  solar_capex: 1000.0
  solar_opex: 10
  solar_lifetime: 20
  carbon_price: 1.0
timeseries_values:
  load_level: 267740.49461463187
  wind_year: 2017
  solar_year: 2013
  price_year: 2023
  carbon_year: 2023
storage_values:
  CAES:
    cost: 68.265
    lifetime: 24.8385
    annual_cost: 2.748354369225195
    efficiency: 0.586508
    discharge_ratio: 0.1
    depth_of_discharge: 0.4
  Li-ion:
    cost: 138.744
    lifetime: 14.4516
    annual_cost: 9.600597857676659
    efficiency: 0.911651
    discharge_ratio: 2
    depth_of_discharge: 0.9
  Pb-acid:
    cost: 120.611
    lifetime: 12.5375
    annual_cost: 9.620019940179462
    efficiency: 0.734648
    discharge_ratio: 5
    depth_of_discharge: 0.5
  VRBF:
    cost: 180.7
    lifetime: 19.7348
    annual_cost: 9.156414050307072
    efficiency: 0.76237
    discharge_ratio: 0.5
    depth_of_discharge: 1.0
