cost_values:
  wind_capex: 5000.0
  wind_opex: 100
  wind_lifetime: 20
  solar_capex: 1000.0
  solar_opex: 10
  solar_lifetime: 20
  carbon_price: 1.0
timeseries_values:
  load_level: 267740.49461463187
  wind_year: 2017
  solar_year: 2013
  price_year: 2023
  carbon_year: 2023
storage_values:
  CAES:
    cost: 73.2344
    lifetime: 25.8392
    annual_cost: 2.834236354066689
    efficiency: 0.571337
    discharge_ratio: 0.1
    depth_of_discharge: 0.4
  Li-ion:
    cost: 127.957
    lifetime: 14.8414
    annual_cost: 8.621625992157073
    efficiency: 0.906966
    discharge_ratio: 2
    depth_of_discharge: 0.9
  Pb-acid:
    cost: 135.67
    lifetime: 13.1765
    annual_cost: 10.296360945622888
    efficiency: 0.701689
    discharge_ratio: 5
    depth_of_discharge: 0.5
  VRBF:
    cost: 192.85
    lifetime: 19.875
    annual_cost: 9.70314465408805
    efficiency: 0.756388
    discharge_ratio: 0.5
    depth_of_discharge: 1.0
