cost_values:
  wind_capex: 5000.0
  wind_opex: 100
  wind_lifetime: 20
  solar_capex: 1000.0
  solar_opex: 10
  solar_lifetime: 20
  carbon_price: 1.0
timeseries_values:
  load_level: 267740.49461463187
  wind_year: 2017
  solar_year: 2013
  price_year: 2023
  carbon_year: 2023
storage_values:
  CAES:
    cost: 69.783
    lifetime: 25.1633
    annual_cost: 2.7732054221823055
    efficiency: 0.581226
    discharge_ratio: 0.1
    depth_of_discharge: 0.4
  Li-ion:
    cost: 164.473
    lifetime: 16.7405
    annual_cost: 9.824855888414325
    efficiency: 0.90042
    discharge_ratio: 2
    depth_of_discharge: 0.9
  Pb-acid:
    cost: 150.238
    lifetime: 12.2713
    annual_cost: 12.243038634863462
    efficiency: 0.720379
    discharge_ratio: 5
    depth_of_discharge: 0.5
  VRBF:
    cost: 179.027
    lifetime: 19.0926
    annual_cost: 9.376774247614257
    efficiency: 0.757085
    discharge_ratio: 0.5
    depth_of_discharge: 1.0
