cost_values:
  wind_capex: 5000.0
  wind_opex: 100
  wind_lifetime: 20
  solar_capex: 1000.0
  solar_opex: 10
  solar_lifetime: 20
  carbon_price: 1.0
timeseries_values:
  load_level: 267740.49461463187
  wind_year: 2017
  solar_year: 2013
  price_year: 2023
  carbon_year: 2023
storage_values:
  CAES:
    cost: 62.9669
    lifetime: 23.6268
    annual_cost: 2.6650625560803833
    efficiency: 0.586713
    discharge_ratio: 0.1
    depth_of_discharge: 0.4
  Li-ion:
    cost: 131.314
    lifetime: 15.7279
    annual_cost: 8.349112087436975
    efficiency: 0.911548
    discharge_ratio: 2
    depth_of_discharge: 0.9
  Pb-acid:
    cost: 140.451
    lifetime: 12.6606
    annual_cost: 11.093550068717121
    efficiency: 0.715988
    discharge_ratio: 5
    depth_of_discharge: 0.5
  VRBF:
    cost: 164.021
    lifetime: 19.6371
    annual_cost: 8.35260807349354
    efficiency: 0.775334
    discharge_ratio: 0.5
    depth_of_discharge: 1.0
