cost_values:
  wind_capex: 5000.0
  wind_opex: 100
  wind_lifetime: 20
  solar_capex: 1000.0
  solar_opex: 10
  solar_lifetime: 20
  carbon_price: 1.0
timeseries_values:
  load_level: 267740.49461463187
  wind_year: 2017
  solar_year: 2013
  price_year: 2023
  carbon_year: 2023
storage_values:
  CAES:
    cost: 73.4686
    lifetime: 25.7457
    annual_cost: 2.8536260424070816
    efficiency: 0.581998
    discharge_ratio: 0.1
    depth_of_discharge: 0.4
  Li-ion:
    cost: 146.44
    lifetime: 14.6809
    annual_cost: 9.974865301173635
    efficiency: 0.914017
    discharge_ratio: 2
    depth_of_discharge: 0.9
  Pb-acid:
    cost: 136.007
    lifetime: 12.7596
    annual_cost: 10.65918994325841
    efficiency: 0.713937
    discharge_ratio: 5
    depth_of_discharge: 0.5
  VRBF:
    cost: 193.351
    lifetime: 17.6841
    annual_cost: 10.9336070255201
    efficiency: 0.753617
    discharge_ratio: 0.5
    depth_of_discharge: 1.0
