cost_values:
  wind_capex: 5000.0
  wind_opex: 100
  wind_lifetime: 20
  solar_capex: 1000.0
  solar_opex: 10
  solar_lifetime: 20
  carbon_price: 1.0
timeseries_values:
  load_level: 267740.49461463187
  wind_year: 2017
  solar_year: 2013
  price_year: 2023
  carbon_year: 2023
storage_values:
  CAES:
    cost: 69.8432
    lifetime: 25.3587
    annual_cost: 2.7542105865048288
    efficiency: 0.583339
    discharge_ratio: 0.1
    depth_of_discharge: 0.4
  Li-ion:
    cost: 136.411
    lifetime: 15.6088
    annual_cost: 8.739364973604633
    efficiency: 0.901753
    discharge_ratio: 2
    depth_of_discharge: 0.9
  Pb-acid:
    cost: 127.478
    lifetime: 12.8976
    annual_cost: 9.883854360501177
    efficiency: 0.712766
    discharge_ratio: 5
    depth_of_discharge: 0.5
  VRBF:
    cost: 199.774
    lifetime: 20.2655
    annual_cost: 9.85783721102366
    efficiency: 0.761192
    discharge_ratio: 0.5
    depth_of_discharge: 1.0
