cost_values:
  wind_capex: 5000.0
  wind_opex: 100
  wind_lifetime: 20
  solar_capex: 1000.0
  solar_opex: 10
  solar_lifetime: 20
  carbon_price: 1.0
timeseries_values:
  load_level: 267740.49461463187
  wind_year: 2017
  solar_year: 2013
  price_year: 2023
  carbon_year: 2023
storage_values:
  CAES:
    cost: 74.318
    lifetime: 24.8642
    annual_cost: 2.9889560090411114
    efficiency: 0.583469
    discharge_ratio: 0.1
    depth_of_discharge: 0.4
  Li-ion:
    cost: 158.361
    lifetime: 14.7126
    annual_cost: 10.763631173280045
    efficiency: 0.905379
    discharge_ratio: 2
    depth_of_discharge: 0.9
  Pb-acid:
    cost: 145.7
    lifetime: 12.829
    annual_cost: 11.357081611972873
    efficiency: 0.708008
    discharge_ratio: 5
    depth_of_discharge: 0.5
  VRBF:
    cost: 192.172
    lifetime: 19.2233
    annual_cost: 9.996826767516504
    efficiency: 0.780929
    discharge_ratio: 0.5
    depth_of_discharge: 1.0
