cost_values:
  wind_capex: 5000.0
  wind_opex: 100
  wind_lifetime: 20
  solar_capex: 1000.0
  solar_opex: 10
  solar_lifetime: 20
  carbon_price: 1.0
timeseries_values:
  load_level: 267740.49461463187
  wind_year: 2017
  solar_year: 2013
  price_year: 2023
  carbon_year: 2023
storage_values:
  CAES:
    cost: 73.6839
    lifetime: 25.5322
    annual_cost: 2.885920523887483
    efficiency: 0.596423
    discharge_ratio: 0.1
    depth_of_discharge: 0.4
  Li-ion:
    cost: 146.29
    lifetime: 14.2311
    annual_cost: 10.279598906620008
    efficiency: 0.903497
    discharge_ratio: 2
    depth_of_discharge: 0.9
  Pb-acid:
    cost: 148.548
    lifetime: 14.2445
    annual_cost: 10.428446066903016
    efficiency: 0.710731
    discharge_ratio: 5
    depth_of_discharge: 0.5
  VRBF:
    cost: 178.38
    lifetime: 19.993
    annual_cost: 8.922122742960036
    efficiency: 0.764572
    discharge_ratio: 0.5
    depth_of_discharge: 1.0
