cost_values:
  wind_capex: 5000.0
  wind_opex: 100
  wind_lifetime: 20
  solar_capex: 1000.0
  solar_opex: 10
  solar_lifetime: 20
  carbon_price: 1.0
timeseries_values:
  load_level: 267740.49461463187
  wind_year: 2017
  solar_year: 2013
  price_year: 2023
  carbon_year: 2023
storage_values:
  CAES:
    cost: 75.7318
    lifetime: 24.7682
    annual_cost: 3.0576222737219503
    efficiency: 0.577387
    discharge_ratio: 0.1
    depth_of_discharge: 0.4
  Li-ion:
    cost: 145.314
    lifetime: 16.9196
    annual_cost: 8.588500910187003
    efficiency: 0.909628
    discharge_ratio: 2
    depth_of_discharge: 0.9
  Pb-acid:
    cost: 144.695
    lifetime: 14.1561
    annual_cost: 10.221388659305882
    efficiency: 0.705982
    discharge_ratio: 5
    depth_of_discharge: 0.5
  VRBF:
    cost: 175.168
    lifetime: 20.2693
    annual_cost: 8.64203499874194
    efficiency: 0.764438
    discharge_ratio: 0.5
    depth_of_discharge: 1.0
