cost_values:
  wind_capex: 5000.0
  wind_opex: 100
  wind_lifetime: 20
  solar_capex: 1000.0
  solar_opex: 10
  solar_lifetime: 20
  carbon_price: 1.0
timeseries_values:
  load_level: 267740.49461463187
  wind_year: 2017
  solar_year: 2013
  price_year: 2023
  carbon_year: 2023
storage_values:
  CAES:
    cost: 77.6829
    lifetime: 24.2794
    annual_cost: 3.199539527335931
    efficiency: 0.582414
    discharge_ratio: 0.1
    depth_of_discharge: 0.4
  Li-ion:
    cost: 147.776
    lifetime: 13.9392
    annual_cost: 10.601469237832875
    efficiency: 0.924529
    discharge_ratio: 2
    depth_of_discharge: 0.9
  Pb-acid:
    cost: 150.127
    lifetime: 14.2495
    annual_cost: 10.535597740271589
    efficiency: 0.714361
    discharge_ratio: 5
    depth_of_discharge: 0.5
  VRBF:
    cost: 172.001
    lifetime: 19.6437
    annual_cost: 8.75603883178831
    efficiency: 0.768773
    discharge_ratio: 0.5
    depth_of_discharge: 1.0
