cost_values:
  wind_capex: 5000.0
  wind_opex: 100
  wind_lifetime: 20
  solar_capex: 1000.0
  solar_opex: 10
  solar_lifetime: 20
  carbon_price: 1.0
timeseries_values:
  load_level: 267740.49461463187
  wind_year: 2017
  solar_year: 2013
  price_year: 2023
  carbon_year: 2023
storage_values:
  CAES:
    cost: 72.3739
    lifetime: 24.6547
    annual_cost: 2.9355011417701293
    efficiency: 0.575745
    discharge_ratio: 0.1
    depth_of_discharge: 0.4
  Li-ion:
    cost: 173.428
    lifetime: 14.5999
    annual_cost: 11.878711498023959
    efficiency: 0.89929
    discharge_ratio: 2
    depth_of_discharge: 0.9
  Pb-acid:
    cost: 139.025
    lifetime: 14.7345
    annual_cost: 9.435338830635583
    efficiency: 0.704313
    discharge_ratio: 5
    depth_of_discharge: 0.5
  VRBF:
    cost: 174.834
    lifetime: 21.7658
    annual_cost: 8.032509717079089
    efficiency: 0.76169
    discharge_ratio: 0.5
    depth_of_discharge: 1.0
