cost_values:
  wind_capex: 5000.0
  wind_opex: 100
  wind_lifetime: 20
  solar_capex: 1000.0
  solar_opex: 10
  solar_lifetime: 20
  carbon_price: 1.0
timeseries_values:
  load_level: 267740.49461463187
  wind_year: 2017
  solar_year: 2013
  price_year: 2023
  carbon_year: 2023
storage_values:
  CAES:
    cost: 66.9276
    lifetime: 24.1071
    annual_cost: 2.7762609355749968
    efficiency: 0.577795
    discharge_ratio: 0.1
    depth_of_discharge: 0.4
  Li-ion:
    cost: 188.882
    lifetime: 14.7066
    annual_cost: 12.843349244556865
    efficiency: 0.910389
    discharge_ratio: 2
    depth_of_discharge: 0.9
  Pb-acid:
    cost: 137.934
    lifetime: 13.5333
    annual_cost: 10.192192591607368
    efficiency: 0.717814
    discharge_ratio: 5
    depth_of_discharge: 0.5
  VRBF:
    cost: 183.341
    lifetime: 20.5369
    annual_cost: 8.927394105244707
    efficiency: 0.768605
    discharge_ratio: 0.5
    depth_of_discharge: 1.0
