cost_values:
  wind_capex: 5000.0
  wind_opex: 100
  wind_lifetime: 20
  solar_capex: 1000.0
  solar_opex: 10
  solar_lifetime: 20
  carbon_price: 1.0
timeseries_values:
  load_level: 267740.49461463187
  wind_year: 2017
  solar_year: 2013
  price_year: 2023
  carbon_year: 2023
storage_values:
  CAES:
    cost: 70.0627
    lifetime: 25.3215
    annual_cost: 2.76692534012598
    efficiency: 0.574243
    discharge_ratio: 0.1
    depth_of_discharge: 0.4
  Li-ion:
    cost: 142.724
    lifetime: 14.3536
    annual_cost: 9.943428826217811
    efficiency: 0.919097
    discharge_ratio: 2
    depth_of_discharge: 0.9
  Pb-acid:
    cost: 128.807
    lifetime: 12.1691
    annual_cost: 10.584759760376691
    efficiency: 0.714586
    discharge_ratio: 5
    depth_of_discharge: 0.5
  VRBF:
    cost: 204.132
    lifetime: 19.7338
    annual_cost: 10.344282398727058
    efficiency: 0.748908
    discharge_ratio: 0.5
    depth_of_discharge: 1.0
