cost_values:
  wind_capex: 5000.0
  wind_opex: 100
  wind_lifetime: 20
  solar_capex: 1000.0
  solar_opex: 10
  solar_lifetime: 20
  carbon_price: 1.0
timeseries_values:
  load_level: 267740.49461463187
  wind_year: 2017
  solar_year: 2013
  price_year: 2023
  carbon_year: 2023
storage_values:
  CAES:
    cost: 73.1476
    lifetime: 26.0095
    annual_cost: 2.812341644399162
    efficiency: 0.592958
    discharge_ratio: 0.1
    depth_of_discharge: 0.4
  Li-ion:
    cost: 159.007
    lifetime: 15.4592
    annual_cost: 10.285590457462224
    efficiency: 0.907271
    discharge_ratio: 2
    depth_of_discharge: 0.9
  Pb-acid:
    cost: 134.796
    lifetime: 15.4038
    annual_cost: 8.750827717835858
    efficiency: 0.697106
    discharge_ratio: 5
    depth_of_discharge: 0.5
  VRBF:
    cost: 149.381
    lifetime: 20.8391
    annual_cost: 7.168303813504423
    efficiency: 0.758154
    discharge_ratio: 0.5
    depth_of_discharge: 1.0
