cost_values:
  wind_capex: 5000.0
  wind_opex: 100
  wind_lifetime: 20
  solar_capex: 1000.0
  solar_opex: 10
  solar_lifetime: 20
  carbon_price: 1.0
timeseries_values:
  load_level: 267740.49461463187
  wind_year: 2017
  solar_year: 2013
  price_year: 2023
  carbon_year: 2023
storage_values:
  CAES:
    cost: 71.9073
    lifetime: 25.9216
    annual_cost: 2.7740301524597246
    efficiency: 0.577822
    discharge_ratio: 0.1
    depth_of_discharge: 0.4
  Li-ion:
    cost: 142.045
    lifetime: 18.099
    annual_cost: 7.848223658765677
    efficiency: 0.903189
    discharge_ratio: 2
    depth_of_discharge: 0.9
  Pb-acid:
    cost: 131.024
    lifetime: 13.8809
    annual_cost: 9.4391574033384
    efficiency: 0.722936
    discharge_ratio: 5
    depth_of_discharge: 0.5
  VRBF:
    cost: 169.695
    lifetime: 19.8129
    annual_cost: 8.564874400012114
    efficiency: 0.773631
    discharge_ratio: 0.5
    depth_of_discharge: 1.0
