cost_values:
  wind_capex: 5000.0
  wind_opex: 100
  wind_lifetime: 20
  solar_capex: 1000.0
  solar_opex: 10
  solar_lifetime: 20
  carbon_price: 1.0
timeseries_values:
  load_level: 267740.49461463187
  wind_year: 2017
  solar_year: 2013
  price_year: 2023
  carbon_year: 2023
storage_values:
  CAES:
    cost: 75.7433
    lifetime: 24.3588
    annual_cost: 3.109484046833178
    efficiency: 0.5783
    discharge_ratio: 0.1
    depth_of_discharge: 0.4
  Li-ion:
    cost: 144.539
    lifetime: 14.3595
    annual_cost: 10.06574045057279
    efficiency: 0.911465
    discharge_ratio: 2
    depth_of_discharge: 0.9
  Pb-acid:
    cost: 147.176
    lifetime: 13.6642
    annual_cost: 10.770919629396525
    efficiency: 0.704493
    discharge_ratio: 5
    depth_of_discharge: 0.5
  VRBF:
    cost: 190.294
    lifetime: 20.1732
    annual_cost: 9.433010132254674
    efficiency: 0.762706
    discharge_ratio: 0.5
    depth_of_discharge: 1.0
