cost_values:
  wind_capex: 5000.0
  wind_opex: 100
  wind_lifetime: 20
  solar_capex: 1000.0
  solar_opex: 10
  solar_lifetime: 20
  carbon_price: 1.0
timeseries_values:
  load_level: 267740.49461463187
  wind_year: 2017
  solar_year: 2013
  price_year: 2023
  carbon_year: 2023
storage_values:
  CAES:
    cost: 70.3108
    lifetime: 24.0162
    annual_cost: 2.9276405093228735
    efficiency: 0.595778
    discharge_ratio: 0.1
    depth_of_discharge: 0.4
  Li-ion:
    cost: 147.509
    lifetime: 15.2206
    annual_cost: 9.691405069445356
    efficiency: 0.897331
    discharge_ratio: 2
    depth_of_discharge: 0.9
  Pb-acid:
    cost: 141.519
    lifetime: 12.6303
    annual_cost: 11.204721978100283
    efficiency: 0.726777
    discharge_ratio: 5
    depth_of_discharge: 0.5
  VRBF:
    cost: 184.621
    lifetime: 19.8606
    annual_cost: 9.295842018871534
    efficiency: 0.779637
    discharge_ratio: 0.5
    depth_of_discharge: 1.0
