cost_values:
  wind_capex: 5000.0
  wind_opex: 100
  wind_lifetime: 20
  solar_capex: 1000.0
  solar_opex: 10
  solar_lifetime: 20
  carbon_price: 1.0
timeseries_values:
  load_level: 267740.49461463187
  wind_year: 2017
  solar_year: 2013
  price_year: 2023
  carbon_year: 2023
storage_values:
  CAES:
    cost: 66.3715
    lifetime: 25.7611
    annual_cost: 2.5764233670146073
    efficiency: 0.575658
    discharge_ratio: 0.1
    depth_of_discharge: 0.4
  Li-ion:
    cost: 132.666
    lifetime: 15.9752
    annual_cost: 8.30449697030397
    efficiency: 0.915393
    discharge_ratio: 2
    depth_of_discharge: 0.9
  Pb-acid:
    cost: 140.038
    lifetime: 12.9576
    annual_cost: 10.807402605420759
    efficiency: 0.703133
    discharge_ratio: 5
    depth_of_discharge: 0.5
  VRBF:
    cost: 199.101
    lifetime: 21.2936
    annual_cost: 9.350274260810759
    efficiency: 0.767693
    discharge_ratio: 0.5
    depth_of_discharge: 1.0
