cost_values:
  wind_capex: 5000.0
  wind_opex: 100
  wind_lifetime: 20
  solar_capex: 1000.0
  solar_opex: 10
  solar_lifetime: 20
  carbon_price: 1.0
timeseries_values:
  load_level: 267740.49461463187
  wind_year: 2017
  solar_year: 2013
  price_year: 2023
  carbon_year: 2023
storage_values:
  CAES:
    cost: 79.6802
    lifetime: 25.5695
    annual_cost: 3.1162204970765948
    efficiency: 0.58291
    discharge_ratio: 0.1
    depth_of_discharge: 0.4
  Li-ion:
    cost: 164.654
    lifetime: 15.4733
    annual_cost: 10.64116898140668
    efficiency: 0.892239
    discharge_ratio: 2
    depth_of_discharge: 0.9
  Pb-acid:
    cost: 157.588
    lifetime: 13.2498
    annual_cost: 11.893613488505485
    efficiency: 0.709786
    discharge_ratio: 5
    depth_of_discharge: 0.5
  VRBF:
    cost: 182.965
    lifetime: 21.5207
    annual_cost: 8.501814532055183
    efficiency: 0.758285
    discharge_ratio: 0.5
    depth_of_discharge: 1.0
