cost_values:
  wind_capex: 5000.0
  wind_opex: 100
  wind_lifetime: 20
  solar_capex: 1000.0
  solar_opex: 10
  solar_lifetime: 20
  carbon_price: 1.0
timeseries_values:
  load_level: 267740.49461463187
  wind_year: 2017
  solar_year: 2013
  price_year: 2023
  carbon_year: 2023
storage_values:
  CAES:
    cost: 69.7779
    lifetime: 25.899
    annual_cost: 2.6942314375072396
    efficiency: 0.584746
    discharge_ratio: 0.1
    depth_of_discharge: 0.4
  Li-ion:
    cost: 160.448
    lifetime: 14.7318
    annual_cost: 10.891269227114135
    efficiency: 0.916769
    discharge_ratio: 2
    depth_of_discharge: 0.9
  Pb-acid:
    cost: 154.709
    lifetime: 13.9738
    annual_cost: 11.071362120539867
    efficiency: 0.726772
    discharge_ratio: 5
    depth_of_discharge: 0.5
  VRBF:
    cost: 195.626
    lifetime: 22.8096
    annual_cost: 8.576476571268238
    efficiency: 0.776098
    discharge_ratio: 0.5
    depth_of_discharge: 1.0
