cost_values:
  wind_capex: 5000.0
  wind_opex: 100
  wind_lifetime: 20
  solar_capex: 1000.0
  solar_opex: 10
  solar_lifetime: 20
  carbon_price: 1.0
timeseries_values:
  load_level: 267740.49461463187
  wind_year: 2017
  solar_year: 2013
  price_year: 2023
  carbon_year: 2023
storage_values:
  CAES:
    cost: 70.2685
    lifetime: 25.1361
    annual_cost: 2.7955211826814823
    efficiency: 0.587243
    discharge_ratio: 0.1
    depth_of_discharge: 0.4
  Li-ion:
    cost: 155.892
    lifetime: 14.4622
    annual_cost: 10.779272863049883
    efficiency: 0.90826
    discharge_ratio: 2
    depth_of_discharge: 0.9
  Pb-acid:
    cost: 132.932
    lifetime: 14.6613
    annual_cost: 9.06686310218057
    efficiency: 0.71413
    discharge_ratio: 5
    depth_of_discharge: 0.5
  VRBF:
    cost: 179.565
    lifetime: 21.6583
    annual_cost: 8.290816915455045
    efficiency: 0.751069
    discharge_ratio: 0.5
    depth_of_discharge: 1.0
