cost_values:
  wind_capex: 5000.0
  wind_opex: 100
  wind_lifetime: 20
  solar_capex: 1000.0
  solar_opex: 10
  solar_lifetime: 20
  carbon_price: 1.0
timeseries_values:
  load_level: 267740.49461463187
  wind_year: 2017
  solar_year: 2013
  price_year: 2023
  carbon_year: 2023
storage_values:
  CAES:
    cost: 76.3995
    lifetime: 25.497
    annual_cost: 2.996411342510884
    efficiency: 0.582806
    discharge_ratio: 0.1
    depth_of_discharge: 0.4
  Li-ion:
    cost: 148.987
    lifetime: 14.3051
    annual_cost: 10.414956903481976
    efficiency: 0.913892
    discharge_ratio: 2
    depth_of_discharge: 0.9
  Pb-acid:
    cost: 160.781
    lifetime: 12.6885
    annual_cost: 12.671395358001341
    efficiency: 0.714088
    discharge_ratio: 5
    depth_of_discharge: 0.5
  VRBF:
    cost: 227.869
    lifetime: 19.6508
    annual_cost: 11.595914670140656
    efficiency: 0.77616
    discharge_ratio: 0.5
    depth_of_discharge: 1.0
