cost_values:
  wind_capex: 5000.0
  wind_opex: 100
  wind_lifetime: 20
  solar_capex: 1000.0
  solar_opex: 10
  solar_lifetime: 20
  carbon_price: 1.0
timeseries_values:
  load_level: 267740.49461463187
  wind_year: 2017
  solar_year: 2013
  price_year: 2023
  carbon_year: 2023
storage_values:
  CAES:
    cost: 74.7774
    lifetime: 25.1607
    annual_cost: 2.971992035197749
    efficiency: 0.583742
    discharge_ratio: 0.1
    depth_of_discharge: 0.4
  Li-ion:
    cost: 145.671
    lifetime: 15.0169
    annual_cost: 9.700470802895405
    efficiency: 0.909106
    discharge_ratio: 2
    depth_of_discharge: 0.9
  Pb-acid:
    cost: 138.267
    lifetime: 12.4664
    annual_cost: 11.091173073220817
    efficiency: 0.708492
    discharge_ratio: 5
    depth_of_discharge: 0.5
  VRBF:
    cost: 188.739
    lifetime: 18.8558
    annual_cost: 10.00959916842563
    efficiency: 0.770135
    discharge_ratio: 0.5
    depth_of_discharge: 1.0
