cost_values:
  wind_capex: 5000.0
  wind_opex: 100
  wind_lifetime: 20
  solar_capex: 1000.0
  solar_opex: 10
  solar_lifetime: 20
  carbon_price: 1.0
timeseries_values:
  load_level: 267740.49461463187
  wind_year: 2017
  solar_year: 2013
  price_year: 2023
  carbon_year: 2023
storage_values:
  CAES:
    cost: 74.711
    lifetime: 25.1492
    annual_cost: 2.970710797957788
    efficiency: 0.584597
    discharge_ratio: 0.1
    depth_of_discharge: 0.4
  Li-ion:
    cost: 157.976
    lifetime: 14.5349
    annual_cost: 10.868736627014977
    efficiency: 0.903114
    discharge_ratio: 2
    depth_of_discharge: 0.9
  Pb-acid:
    cost: 149.182
    lifetime: 14.151
    annual_cost: 10.542152498056673
    efficiency: 0.715735
    discharge_ratio: 5
    depth_of_discharge: 0.5
  VRBF:
    cost: 199.843
    lifetime: 19.6594
    annual_cost: 10.165264453645584
    efficiency: 0.770028
    discharge_ratio: 0.5
    depth_of_discharge: 1.0
