cost_values:
  wind_capex: 5000.0
  wind_opex: 100
  wind_lifetime: 20
  solar_capex: 1000.0
  solar_opex: 10
  solar_lifetime: 20
  carbon_price: 1.0
timeseries_values:
  load_level: 267740.49461463187
  wind_year: 2017
  solar_year: 2013
  price_year: 2023
  carbon_year: 2023
storage_values:
  CAES:
    cost: 79.3171
    lifetime: 25.9067
    annual_cost: 3.061644285069113
    efficiency: 0.571965
    discharge_ratio: 0.1
    depth_of_discharge: 0.4
  Li-ion:
    cost: 167.907
    lifetime: 15.4004
    annual_cost: 10.902768759253007
    efficiency: 0.896778
    discharge_ratio: 2
    depth_of_discharge: 0.9
  Pb-acid:
    cost: 129.984
    lifetime: 11.7638
    annual_cost: 11.049490810792433
    efficiency: 0.723141
    discharge_ratio: 5
    depth_of_discharge: 0.5
  VRBF:
    cost: 154.054
    lifetime: 21.7469
    annual_cost: 7.083952195485334
    efficiency: 0.780033
    discharge_ratio: 0.5
    depth_of_discharge: 1.0
