cost_values:
  wind_capex: 5000.0
  wind_opex: 100
  wind_lifetime: 20
  solar_capex: 1000.0
  solar_opex: 10
  solar_lifetime: 20
  carbon_price: 1.0
timeseries_values:
  load_level: 267740.49461463187
  wind_year: 2017
  solar_year: 2013
  price_year: 2023
  carbon_year: 2023
storage_values:
  CAES:
    cost: 69.9381
    lifetime: 24.5693
    annual_cost: 2.8465646151905024
    efficiency: 0.579964
    discharge_ratio: 0.1
    depth_of_discharge: 0.4
  Li-ion:
    cost: 165.126
    lifetime: 15.8318
    annual_cost: 10.430020591467805
    efficiency: 0.897912
    discharge_ratio: 2
    depth_of_discharge: 0.9
  Pb-acid:
    cost: 129.137
    lifetime: 14.0545
    annual_cost: 9.188302678857305
    efficiency: 0.723713
    discharge_ratio: 5
    depth_of_discharge: 0.5
  VRBF:
    cost: 174.653
    lifetime: 19.7234
    annual_cost: 8.855116257846008
    efficiency: 0.756305
    discharge_ratio: 0.5
    depth_of_discharge: 1.0
