cost_values:
  wind_capex: 5000.0
  wind_opex: 100
  wind_lifetime: 20
  solar_capex: 1000.0
  solar_opex: 10
  solar_lifetime: 20
  carbon_price: 1.0
timeseries_values:
  load_level: 267740.49461463187
  wind_year: 2017
  solar_year: 2013
  price_year: 2023
  carbon_year: 2023
storage_values:
  CAES:
    cost: 71.9478
    lifetime: 25.2659
    annual_cost: 2.847624664072921
    efficiency: 0.571992
    discharge_ratio: 0.1
    depth_of_discharge: 0.4
  Li-ion:
    cost: 163.875
    lifetime: 16.3681
    annual_cost: 10.011852322505362
    efficiency: 0.907291
    discharge_ratio: 2
    depth_of_discharge: 0.9
  Pb-acid:
    cost: 122.265
    lifetime: 12.7319
    annual_cost: 9.603044321743024
    efficiency: 0.726056
    discharge_ratio: 5
    depth_of_discharge: 0.5
  VRBF:
    cost: 185.972
    lifetime: 19.512
    annual_cost: 9.531160311603116
    efficiency: 0.781112
    discharge_ratio: 0.5
    depth_of_discharge: 1.0
