cost_values:
  wind_capex: 5000.0
  wind_opex: 100
  wind_lifetime: 20
  solar_capex: 1000.0
  solar_opex: 10
  solar_lifetime: 20
  carbon_price: 1.0
timeseries_values:
  load_level: 267740.49461463187
  wind_year: 2017
  solar_year: 2013
  price_year: 2023
  carbon_year: 2023
storage_values:
  CAES:
    cost: 67.4138
    lifetime: 24.8369
    annual_cost: 2.7142598311383463
    efficiency: 0.590225
    discharge_ratio: 0.1
    depth_of_discharge: 0.4
  Li-ion:
    cost: 173.852
    lifetime: 15.4222
    annual_cost: 11.272840450778748
    efficiency: 0.912765
    discharge_ratio: 2
    depth_of_discharge: 0.9
  Pb-acid:
    cost: 151.862
    lifetime: 12.2382
    annual_cost: 12.408850974816557
    efficiency: 0.716175
    discharge_ratio: 5
    depth_of_discharge: 0.5
  VRBF:
    cost: 178.529
    lifetime: 21.4629
    annual_cost: 8.318027852713286
    efficiency: 0.764007
    discharge_ratio: 0.5
    depth_of_discharge: 1.0
