cost_values:
  wind_capex: 5000.0
  wind_opex: 100
  wind_lifetime: 20
  solar_capex: 1000.0
  solar_opex: 10
  solar_lifetime: 20
  carbon_price: 1.0
timeseries_values:
  load_level: 267740.49461463187
  wind_year: 2017
  solar_year: 2013
  price_year: 2023
  carbon_year: 2023
storage_values:
  CAES:
    cost: 73.8201
    lifetime: 25.0412
    annual_cost: 2.94794578534575
    efficiency: 0.59556
    discharge_ratio: 0.1
    depth_of_discharge: 0.4
  Li-ion:
    cost: 128.933
    lifetime: 15.578
    annual_cost: 8.27660803697522
    efficiency: 0.920365
    discharge_ratio: 2
    depth_of_discharge: 0.9
  Pb-acid:
    cost: 141.819
    lifetime: 12.1909
    annual_cost: 11.633185408788522
    efficiency: 0.706588
    discharge_ratio: 5
    depth_of_discharge: 0.5
  VRBF:
    cost: 165.608
    lifetime: 20.3501
    annual_cost: 8.13794526808222
    efficiency: 0.75635
    discharge_ratio: 0.5
    depth_of_discharge: 1.0
