cost_values:
  wind_capex: 5000.0
  wind_opex: 100
  wind_lifetime: 20
  solar_capex: 1000.0
  solar_opex: 10
  solar_lifetime: 20
  carbon_price: 1.0
timeseries_values:
  load_level: 267740.49461463187
  wind_year: 2017
  solar_year: 2013
  price_year: 2023
  carbon_year: 2023
storage_values:
  CAES:
    cost: 70.1228
    lifetime: 24.8129
    annual_cost: 2.826062249878088
    efficiency: 0.587322
    discharge_ratio: 0.1
    depth_of_discharge: 0.4
  Li-ion:
    cost: 111.881
    lifetime: 14.8053
    annual_cost: 7.556820868202602
    efficiency: 0.903969
    discharge_ratio: 2
    depth_of_discharge: 0.9
  Pb-acid:
    cost: 131.695
    lifetime: 13.8764
    annual_cost: 9.490573924072525
    efficiency: 0.720229
    discharge_ratio: 5
    depth_of_discharge: 0.5
  VRBF:
    cost: 182.619
    lifetime: 21.042
    annual_cost: 8.678785286569717
    efficiency: 0.761838
    discharge_ratio: 0.5
    depth_of_discharge: 1.0
