cost_values:
  wind_capex: 5000.0
  wind_opex: 100
  wind_lifetime: 20
  solar_capex: 1000.0
  solar_opex: 10
  solar_lifetime: 20
  carbon_price: 1.0
timeseries_values:
  load_level: 267740.49461463187
  wind_year: 2017
  solar_year: 2013
  price_year: 2023
  carbon_year: 2023
storage_values:
  CAES:
    cost: 72.5026
    lifetime: 24.7354
    annual_cost: 2.9311270486832637
    efficiency: 0.588302
    discharge_ratio: 0.1
    depth_of_discharge: 0.4
  Li-ion:
    cost: 168.888
    lifetime: 14.3992
    annual_cost: 11.728984943607978
    efficiency: 0.924511
    discharge_ratio: 2
    depth_of_discharge: 0.9
  Pb-acid:
    cost: 138.788
    lifetime: 15.2276
    annual_cost: 9.114239932753684
    efficiency: 0.711204
    discharge_ratio: 5
    depth_of_discharge: 0.5
  VRBF:
    cost: 176.38
    lifetime: 16.7872
    annual_cost: 10.506814715974077
    efficiency: 0.748241
    discharge_ratio: 0.5
    depth_of_discharge: 1.0
