cost_values:
  wind_capex: 5000.0
  wind_opex: 100
  wind_lifetime: 20
  solar_capex: 1000.0
  solar_opex: 10
  solar_lifetime: 20
  carbon_price: 1.0
timeseries_values:
  load_level: 267740.49461463187
  wind_year: 2017
  solar_year: 2013
  price_year: 2023
  carbon_year: 2023
storage_values:
  CAES:
    cost: 70.1276
    lifetime: 26.3425
    annual_cost: 2.6621467210781056
    efficiency: 0.584941
    discharge_ratio: 0.1
    depth_of_discharge: 0.4
  Li-ion:
    cost: 146.367
    lifetime: 16.8997
    annual_cost: 8.660922974964052
    efficiency: 0.911941
    discharge_ratio: 2
    depth_of_discharge: 0.9
  Pb-acid:
    cost: 154.927
    lifetime: 14.7178
    annual_cost: 10.5265053200886
    efficiency: 0.70705
    discharge_ratio: 5
    depth_of_discharge: 0.5
  VRBF:
    cost: 156.264
    lifetime: 20.1094
    annual_cost: 7.770694302167146
    efficiency: 0.771537
    discharge_ratio: 0.5
    depth_of_discharge: 1.0
