cost_values:
  wind_capex: 5000.0
  wind_opex: 100
  wind_lifetime: 20
  solar_capex: 1000.0
  solar_opex: 10
  solar_lifetime: 20
  carbon_price: 1.0
timeseries_values:
  load_level: 267740.49461463187
  wind_year: 2017
  solar_year: 2013
  price_year: 2023
  carbon_year: 2023
storage_values:
  CAES:
    cost: 73.698
    lifetime: 25.6057
    annual_cost: 2.878187278613746
    efficiency: 0.590989
    discharge_ratio: 0.1
    depth_of_discharge: 0.4
  Li-ion:
    cost: 130.509
    lifetime: 14.9727
    annual_cost: 8.716463964415235
    efficiency: 0.899547
    discharge_ratio: 2
    depth_of_discharge: 0.9
  Pb-acid:
    cost: 139.651
    lifetime: 15.6271
    annual_cost: 8.936462939380947
    efficiency: 0.698233
    discharge_ratio: 5
    depth_of_discharge: 0.5
  VRBF:
    cost: 169.722
    lifetime: 20.377
    annual_cost: 8.329096530401925
    efficiency: 0.752865
    discharge_ratio: 0.5
    depth_of_discharge: 1.0
