cost_values:
  wind_capex: 5000.0
  wind_opex: 100
  wind_lifetime: 20
  solar_capex: 1000.0
  solar_opex: 10
  solar_lifetime: 20
  carbon_price: 1.0
timeseries_values:
  load_level: 267740.49461463187
  wind_year: 2017
  solar_year: 2013
  price_year: 2023
  carbon_year: 2023
storage_values:
  CAES:
    cost: 70.9711
    lifetime: 25.3935
    annual_cost: 2.794853013566464
    efficiency: 0.5834
    discharge_ratio: 0.1
    depth_of_discharge: 0.4
  Li-ion:
    cost: 160.804
    lifetime: 15.9417
    annual_cost: 10.087004522729696
    efficiency: 0.902025
    discharge_ratio: 2
    depth_of_discharge: 0.9
  Pb-acid:
    cost: 152.33
    lifetime: 14.881
    annual_cost: 10.236543243061623
    efficiency: 0.723028
    discharge_ratio: 5
    depth_of_discharge: 0.5
  VRBF:
    cost: 171.315
    lifetime: 21.3097
    annual_cost: 8.039296658329306
    efficiency: 0.756971
    discharge_ratio: 0.5
    depth_of_discharge: 1.0
