cost_values:
  wind_capex: 5000.0
  wind_opex: 100
  wind_lifetime: 20
  solar_capex: 1000.0
  solar_opex: 10
  solar_lifetime: 20
  carbon_price: 1.0
timeseries_values:
  load_level: 267740.49461463187
  wind_year: 2017
  solar_year: 2013
  price_year: 2023
  carbon_year: 2023
storage_values:
  CAES:
    cost: 75.804
    lifetime: 25.0612
    annual_cost: 3.0247553987837774
    efficiency: 0.58246
    discharge_ratio: 0.1
    depth_of_discharge: 0.4
  Li-ion:
    cost: 150.653
    lifetime: 14.8999
    annual_cost: 10.111007456425881
    efficiency: 0.901059
    discharge_ratio: 2
    depth_of_discharge: 0.9
  Pb-acid:
    cost: 124.475
    lifetime: 13.3425
    annual_cost: 9.329211167322466
    efficiency: 0.715424
    discharge_ratio: 5
    depth_of_discharge: 0.5
  VRBF:
    cost: 169.642
    lifetime: 21.0895
    annual_cost: 8.043908105929491
    efficiency: 0.759433
    discharge_ratio: 0.5
    depth_of_discharge: 1.0
