cost_values:
  wind_capex: 5000.0
  wind_opex: 100
  wind_lifetime: 20
  solar_capex: 1000.0
  solar_opex: 10
  solar_lifetime: 20
  carbon_price: 1.0
timeseries_values:
  load_level: 267740.49461463187
  wind_year: 2017
  solar_year: 2013
  price_year: 2023
  carbon_year: 2023
storage_values:
  CAES:
    cost: 79.0298
    lifetime: 26.2706
    annual_cost: 3.008298249754478
    efficiency: 0.585786
    discharge_ratio: 0.1
    depth_of_discharge: 0.4
  Li-ion:
    cost: 145.253
    lifetime: 14.8088
    annual_cost: 9.808559775268758
    efficiency: 0.905135
    discharge_ratio: 2
    depth_of_discharge: 0.9
  Pb-acid:
    cost: 151.271
    lifetime: 13.3099
    annual_cost: 11.36529951389567
    efficiency: 0.706454
    discharge_ratio: 5
    depth_of_discharge: 0.5
  VRBF:
    cost: 190.404
    lifetime: 21.8723
    annual_cost: 8.705257334619587
    efficiency: 0.75046
    discharge_ratio: 0.5
    depth_of_discharge: 1.0
