cost_values:
  wind_capex: 5000.0
  wind_opex: 100
  wind_lifetime: 20
  solar_capex: 1000.0
  solar_opex: 10
  solar_lifetime: 20
  carbon_price: 1.0
timeseries_values:
  load_level: 267740.49461463187
  wind_year: 2017
  solar_year: 2013
  price_year: 2023
  carbon_year: 2023
storage_values:
  CAES:
    cost: 75.0244
    lifetime: 24.7891
    annual_cost: 3.0265076182677064
    efficiency: 0.581202
    discharge_ratio: 0.1
    depth_of_discharge: 0.4
  Li-ion:
    cost: 144.354
    lifetime: 15.2369
    annual_cost: 9.473974364864246
    efficiency: 0.89598
    discharge_ratio: 2
    depth_of_discharge: 0.9
  Pb-acid:
    cost: 155.216
    lifetime: 13.3199
    annual_cost: 11.65294033738992
    efficiency: 0.710596
    discharge_ratio: 5
    depth_of_discharge: 0.5
  VRBF:
    cost: 204.998
    lifetime: 19.0109
    annual_cost: 10.783182279639576
    efficiency: 0.76759
    discharge_ratio: 0.5
    depth_of_discharge: 1.0
