cost_values:
  wind_capex: 5000.0
  wind_opex: 100
  wind_lifetime: 20
  solar_capex: 1000.0
  solar_opex: 10
  solar_lifetime: 20
  carbon_price: 1.0
timeseries_values:
  load_level: 267740.49461463187
  wind_year: 2017
  solar_year: 2013
  price_year: 2023
  carbon_year: 2023
storage_values:
  CAES:
    cost: 68.6221
    lifetime: 23.6025
    annual_cost: 2.907408113547294
    efficiency: 0.597943
    discharge_ratio: 0.1
    depth_of_discharge: 0.4
  Li-ion:
    cost: 138.596
    lifetime: 15.6282
    annual_cost: 8.868327766473426
    efficiency: 0.903724
    discharge_ratio: 2
    depth_of_discharge: 0.9
  Pb-acid:
    cost: 150.38
    lifetime: 14.4031
    annual_cost: 10.44080788163659
    efficiency: 0.710545
    discharge_ratio: 5
    depth_of_discharge: 0.5
  VRBF:
    cost: 201.127
    lifetime: 21.7594
    annual_cost: 9.2432236182983
    efficiency: 0.769153
    discharge_ratio: 0.5
    depth_of_discharge: 1.0
