cost_values:
  wind_capex: 5000.0
  wind_opex: 100
  wind_lifetime: 20
  solar_capex: 1000.0
  solar_opex: 10
  solar_lifetime: 20
  carbon_price: 1.0
timeseries_values:
  load_level: 267740.49461463187
  wind_year: 2017
  solar_year: 2013
  price_year: 2023
  carbon_year: 2023
storage_values:
  CAES:
    cost: 72.4404
    lifetime: 24.9945
    annual_cost: 2.898253615795475
    efficiency: 0.580811
    discharge_ratio: 0.1
    depth_of_discharge: 0.4
  Li-ion:
    cost: 174.376
    lifetime: 15.1534
    annual_cost: 11.507384481370519
    efficiency: 0.894604
    discharge_ratio: 2
    depth_of_discharge: 0.9
  Pb-acid:
    cost: 157.918
    lifetime: 14.0993
    annual_cost: 11.20041420496053
    efficiency: 0.721434
    discharge_ratio: 5
    depth_of_discharge: 0.5
  VRBF:
    cost: 177.628
    lifetime: 19.5585
    annual_cost: 9.081882557455838
    efficiency: 0.751841
    discharge_ratio: 0.5
    depth_of_discharge: 1.0
