cost_values:
  wind_capex: 5000.0
  wind_opex: 100
  wind_lifetime: 20
  solar_capex: 1000.0
  solar_opex: 10
  solar_lifetime: 20
  carbon_price: 1.0
timeseries_values:
  load_level: 267740.49461463187
  wind_year: 2017
  solar_year: 2013
  price_year: 2023
  carbon_year: 2023
storage_values:
  CAES:
    cost: 70.6259
    lifetime: 26.0525
    annual_cost: 2.7109068227617312
    efficiency: 0.586042
    discharge_ratio: 0.1
    depth_of_discharge: 0.4
  Li-ion:
    cost: 154.007
    lifetime: 17.5556
    annual_cost: 8.772528423978674
    efficiency: 0.911473
    discharge_ratio: 2
    depth_of_discharge: 0.9
  Pb-acid:
    cost: 132.35
    lifetime: 14.4308
    annual_cost: 9.171355711395071
    efficiency: 0.717808
    discharge_ratio: 5
    depth_of_discharge: 0.5
  VRBF:
    cost: 186.418
    lifetime: 20.9887
    annual_cost: 8.88182688780153
    efficiency: 0.770192
    discharge_ratio: 0.5
    depth_of_discharge: 1.0
