cost_values:
  wind_capex: 5000.0
  wind_opex: 100
  wind_lifetime: 20
  solar_capex: 1000.0
  solar_opex: 10
  solar_lifetime: 20
  carbon_price: 1.0
timeseries_values:
  load_level: 267740.49461463187
  wind_year: 2017
  solar_year: 2013
  price_year: 2023
  carbon_year: 2023
storage_values:
  CAES:
    cost: 67.3765
    lifetime: 24.5091
    annual_cost: 2.7490401524331776
    efficiency: 0.592943
    discharge_ratio: 0.1
    depth_of_discharge: 0.4
  Li-ion:
    cost: 163.59
    lifetime: 15.2477
    annual_cost: 10.728831233563096
    efficiency: 0.91376
    discharge_ratio: 2
    depth_of_discharge: 0.9
  Pb-acid:
    cost: 126.084
    lifetime: 13.6706
    annual_cost: 9.223004111011953
    efficiency: 0.722304
    discharge_ratio: 5
    depth_of_discharge: 0.5
  VRBF:
    cost: 225.369
    lifetime: 19.2429
    annual_cost: 11.711800196436089
    efficiency: 0.779148
    discharge_ratio: 0.5
    depth_of_discharge: 1.0
