cost_values:
  wind_capex: 5000.0
  wind_opex: 100
  wind_lifetime: 20
  solar_capex: 1000.0
  solar_opex: 10
  solar_lifetime: 20
  carbon_price: 1.0
timeseries_values:
  load_level: 267740.49461463187
  wind_year: 2017
  solar_year: 2013
  price_year: 2023
  carbon_year: 2023
storage_values:
  CAES:
    cost: 78.4409
    lifetime: 25.425
    annual_cost: 3.0851878072763026
    efficiency: 0.574486
    discharge_ratio: 0.1
    depth_of_discharge: 0.4
  Li-ion:
    cost: 141.728
    lifetime: 13.4464
    annual_cost: 10.540218943360305
    efficiency: 0.912542
    discharge_ratio: 2
    depth_of_discharge: 0.9
  Pb-acid:
    cost: 147.534
    lifetime: 13.4434
    annual_cost: 10.974455866819405
    efficiency: 0.700906
    discharge_ratio: 5
    depth_of_discharge: 0.5
  VRBF:
    cost: 172.512
    lifetime: 22.4671
    annual_cost: 7.678427567420807
    efficiency: 0.781729
    discharge_ratio: 0.5
    depth_of_discharge: 1.0
