cost_values:
  wind_capex: 5000.0
  wind_opex: 100
  wind_lifetime: 20
  solar_capex: 1000.0
  solar_opex: 10
  solar_lifetime: 20
  carbon_price: 1.0
timeseries_values:
  load_level: 267740.49461463187
  wind_year: 2017
  solar_year: 2013
  price_year: 2023
  carbon_year: 2023
storage_values:
  CAES:
    cost: 78.094
    lifetime: 25.7836
    annual_cost: 3.0288245241161045
    efficiency: 0.599444
    discharge_ratio: 0.1
    depth_of_discharge: 0.4
  Li-ion:
    cost: 144.016
    lifetime: 13.2558
    annual_cost: 10.86437634846633
    efficiency: 0.917231
    discharge_ratio: 2
    depth_of_discharge: 0.9
  Pb-acid:
    cost: 142.783
    lifetime: 13.6703
    annual_cost: 10.444759807758425
    efficiency: 0.723281
    discharge_ratio: 5
    depth_of_discharge: 0.5
  VRBF:
    cost: 200.031
    lifetime: 21.8912
    annual_cost: 9.137507308872971
    efficiency: 0.766503
    discharge_ratio: 0.5
    depth_of_discharge: 1.0
