cost_values:
  wind_capex: 5000.0
  wind_opex: 100
  wind_lifetime: 20
  solar_capex: 1000.0
  solar_opex: 10
  solar_lifetime: 20
  carbon_price: 1.0
timeseries_values:
  load_level: 267740.49461463187
  wind_year: 2017
  solar_year: 2013
  price_year: 2023
  carbon_year: 2023
storage_values:
  CAES:
    cost: 72.006
    lifetime: 24.5529
    annual_cost: 2.932688195691751
    efficiency: 0.585897
    discharge_ratio: 0.1
    depth_of_discharge: 0.4
  Li-ion:
    cost: 152.198
    lifetime: 17.0412
    annual_cost: 8.931178555500788
    efficiency: 0.901182
    discharge_ratio: 2
    depth_of_discharge: 0.9
  Pb-acid:
    cost: 139.47
    lifetime: 12.3706
    annual_cost: 11.274311674453948
    efficiency: 0.704433
    discharge_ratio: 5
    depth_of_discharge: 0.5
  VRBF:
    cost: 148.78
    lifetime: 19.154
    annual_cost: 7.767568131982876
    efficiency: 0.770593
    discharge_ratio: 0.5
    depth_of_discharge: 1.0
