cost_values:
  wind_capex: 5000.0
  wind_opex: 100
  wind_lifetime: 20
  solar_capex: 1000.0
  solar_opex: 10
  solar_lifetime: 20
  carbon_price: 1.0
timeseries_values:
  load_level: 267740.49461463187
  wind_year: 2017
  solar_year: 2013
  price_year: 2023
  carbon_year: 2023
storage_values:
  CAES:
    cost: 73.6198
    lifetime: 24.9863
    annual_cost: 2.946406630833697
    efficiency: 0.587844
    discharge_ratio: 0.1
    depth_of_discharge: 0.4
  Li-ion:
    cost: 175.409
    lifetime: 15.2325
    annual_cost: 11.515443952076152
    efficiency: 0.914523
    discharge_ratio: 2
    depth_of_discharge: 0.9
  Pb-acid:
    cost: 150.865
    lifetime: 12.9439
    annual_cost: 11.65529708974884
    efficiency: 0.742564
    discharge_ratio: 5
    depth_of_discharge: 0.5
  VRBF:
    cost: 176.606
    lifetime: 20.2124
    annual_cost: 8.737507668559894
    efficiency: 0.765623
    discharge_ratio: 0.5
    depth_of_discharge: 1.0
