cost_values:
  wind_capex: 5000.0
  wind_opex: 100
  wind_lifetime: 20
  solar_capex: 1000.0
  solar_opex: 10
  solar_lifetime: 20
  carbon_price: 1.0
timeseries_values:
  load_level: 267740.49461463187
  wind_year: 2017
  solar_year: 2013
  price_year: 2023
  carbon_year: 2023
storage_values:
  CAES:
    cost: 77.4798
    lifetime: 25.9533
    annual_cost: 2.985354463594225
    efficiency: 0.593345
    discharge_ratio: 0.1
    depth_of_discharge: 0.4
  Li-ion:
    cost: 146.543
    lifetime: 15.0688
    annual_cost: 9.724928328732215
    efficiency: 0.903898
    discharge_ratio: 2
    depth_of_discharge: 0.9
  Pb-acid:
    cost: 133.35
    lifetime: 13.4221
    annual_cost: 9.935107024981187
    efficiency: 0.702895
    discharge_ratio: 5
    depth_of_discharge: 0.5
  VRBF:
    cost: 189.356
    lifetime: 20.8554
    annual_cost: 9.07947102429107
    efficiency: 0.77193
    discharge_ratio: 0.5
    depth_of_discharge: 1.0
