cost_values:
  wind_capex: 5000.0
  wind_opex: 100
  wind_lifetime: 20
  solar_capex: 1000.0
  solar_opex: 10
  solar_lifetime: 20
  carbon_price: 1.0
timeseries_values:
  load_level: 267740.49461463187
  wind_year: 2017
  solar_year: 2013
  price_year: 2023
  carbon_year: 2023
storage_values:
  CAES:
    cost: 65.8126
    lifetime: 24.2337
    annual_cost: 2.715747079480228
    efficiency: 0.579674
    discharge_ratio: 0.1
    depth_of_discharge: 0.4
  Li-ion:
    cost: 141.778
    lifetime: 13.1854
    annual_cost: 10.752650659062295
    efficiency: 0.914686
    discharge_ratio: 2
    depth_of_discharge: 0.9
  Pb-acid:
    cost: 142.56
    lifetime: 14.4355
    annual_cost: 9.875653770219252
    efficiency: 0.717416
    discharge_ratio: 5
    depth_of_discharge: 0.5
  VRBF:
    cost: 216.357
    lifetime: 18.9618
    annual_cost: 11.410150935037812
    efficiency: 0.747064
    discharge_ratio: 0.5
    depth_of_discharge: 1.0
