cost_values:
  wind_capex: 5000.0
  wind_opex: 100
  wind_lifetime: 20
  solar_capex: 1000.0
  solar_opex: 10
  solar_lifetime: 20
  carbon_price: 1.0
timeseries_values:
  load_level: 267740.49461463187
  wind_year: 2017
  solar_year: 2013
  price_year: 2023
  carbon_year: 2023
storage_values:
  CAES:
    cost: 66.3173
    lifetime: 24.7474
    annual_cost: 2.679768379708576
    efficiency: 0.581046
    discharge_ratio: 0.1
    depth_of_discharge: 0.4
  Li-ion:
    cost: 147.176
    lifetime: 13.7043
    annual_cost: 10.739402961114394
    efficiency: 0.922489
    discharge_ratio: 2
    depth_of_discharge: 0.9
  Pb-acid:
    cost: 150.106
    lifetime: 12.7618
    annual_cost: 11.762133868263097
    efficiency: 0.71136
    discharge_ratio: 5
    depth_of_discharge: 0.5
  VRBF:
    cost: 199.824
    lifetime: 20.7691
    annual_cost: 9.621216133583063
    efficiency: 0.763115
    discharge_ratio: 0.5
    depth_of_discharge: 1.0
