cost_values:
  wind_capex: 5000.0
  wind_opex: 100
  wind_lifetime: 20
  solar_capex: 1000.0
  solar_opex: 10
  solar_lifetime: 20
  carbon_price: 1.0
timeseries_values:
  load_level: 267740.49461463187
  wind_year: 2017
  solar_year: 2013
  price_year: 2023
  carbon_year: 2023
storage_values:
  CAES:
    cost: 75.4896
    lifetime: 24.7474
    annual_cost: 3.0504052951017075
    efficiency: 0.584189
    discharge_ratio: 0.1
    depth_of_discharge: 0.4
  Li-ion:
    cost: 153.506
    lifetime: 13.0405
    annual_cost: 11.771481154863695
    efficiency: 0.905107
    discharge_ratio: 2
    depth_of_discharge: 0.9
  Pb-acid:
    cost: 133.493
    lifetime: 15.6856
    annual_cost: 8.510544703422246
    efficiency: 0.712254
    discharge_ratio: 5
    depth_of_discharge: 0.5
  VRBF:
    cost: 174.195
    lifetime: 19.9935
    annual_cost: 8.71258158901643
    efficiency: 0.770576
    discharge_ratio: 0.5
    depth_of_discharge: 1.0
