cost_values:
  wind_capex: 5000.0
  wind_opex: 100
  wind_lifetime: 20
  solar_capex: 1000.0
  solar_opex: 10
  solar_lifetime: 20
  carbon_price: 1.0
timeseries_values:
  load_level: 267740.49461463187
  wind_year: 2017
  solar_year: 2013
  price_year: 2023
  carbon_year: 2023
storage_values:
  CAES:
    cost: 78.6926
    lifetime: 24.9905
    annual_cost: 3.148900582221244
    efficiency: 0.595389
    discharge_ratio: 0.1
    depth_of_discharge: 0.4
  Li-ion:
    cost: 156.812
    lifetime: 15.4792
    annual_cost: 10.130497700139543
    efficiency: 0.898011
    discharge_ratio: 2
    depth_of_discharge: 0.9
  Pb-acid:
    cost: 143.822
    lifetime: 13.2863
    annual_cost: 10.824834604065842
    efficiency: 0.719575
    discharge_ratio: 5
    depth_of_discharge: 0.5
  VRBF:
    cost: 182.6
    lifetime: 22.1637
    annual_cost: 8.238696607515893
    efficiency: 0.782619
    discharge_ratio: 0.5
    depth_of_discharge: 1.0
