cost_values:
  wind_capex: 5000.0
  wind_opex: 100
  wind_lifetime: 20
  solar_capex: 1000.0
  solar_opex: 10
  solar_lifetime: 20
  carbon_price: 1.0
timeseries_values:
  load_level: 267740.49461463187
  wind_year: 2017
  solar_year: 2013
  price_year: 2023
  carbon_year: 2023
storage_values:
  CAES:
    cost: 80.9912
    lifetime: 25.5374
    annual_cost: 3.171473995003407
    efficiency: 0.586892
    discharge_ratio: 0.1
    depth_of_discharge: 0.4
  Li-ion:
    cost: 168.698
    lifetime: 14.735
    annual_cost: 11.448795385137428
    efficiency: 0.906883
    discharge_ratio: 2
    depth_of_discharge: 0.9
  Pb-acid:
    cost: 131.637
    lifetime: 11.8052
    annual_cost: 11.150764070070817
    efficiency: 0.732537
    discharge_ratio: 5
    depth_of_discharge: 0.5
  VRBF:
    cost: 178.354
    lifetime: 20.8516
    annual_cost: 8.553492297953154
    efficiency: 0.774022
    discharge_ratio: 0.5
    depth_of_discharge: 1.0
