cost_values:
  wind_capex: 5000.0
  wind_opex: 100
  wind_lifetime: 20
  solar_capex: 1000.0
  solar_opex: 10
  solar_lifetime: 20
  carbon_price: 1.0
timeseries_values:
  load_level: 267740.49461463187
  wind_year: 2017
  solar_year: 2013
  price_year: 2023
  carbon_year: 2023
storage_values:
  CAES:
    cost: 78.9326
    lifetime: 25.2227
    annual_cost: 3.129427063716414
    efficiency: 0.592372
    discharge_ratio: 0.1
    depth_of_discharge: 0.4
  Li-ion:
    cost: 141.862
    lifetime: 13.84
    annual_cost: 10.25014450867052
    efficiency: 0.904385
    discharge_ratio: 2
    depth_of_discharge: 0.9
  Pb-acid:
    cost: 127.612
    lifetime: 13.2418
    annual_cost: 9.637058405956894
    efficiency: 0.710181
    discharge_ratio: 5
    depth_of_discharge: 0.5
  VRBF:
    cost: 227.992
    lifetime: 21.4149
    annual_cost: 10.646419082041009
    efficiency: 0.781554
    discharge_ratio: 0.5
    depth_of_discharge: 1.0
