cost_values:
  wind_capex: 5000.0
  wind_opex: 100
  wind_lifetime: 20
  solar_capex: 1000.0
  solar_opex: 10
  solar_lifetime: 20
  carbon_price: 1.0
timeseries_values:
  load_level: 267740.49461463187
  wind_year: 2017
  solar_year: 2013
  price_year: 2023
  carbon_year: 2023
storage_values:
  CAES:
    cost: 71.7757
    lifetime: 24.4212
    annual_cost: 2.939073428005176
    efficiency: 0.580475
    discharge_ratio: 0.1
    depth_of_discharge: 0.4
  Li-ion:
    cost: 164.722
    lifetime: 13.5803
    annual_cost: 12.129481675662541
    efficiency: 0.909602
    discharge_ratio: 2
    depth_of_discharge: 0.9
  Pb-acid:
    cost: 144.163
    lifetime: 15.7345
    annual_cost: 9.162223140233246
    efficiency: 0.711527
    discharge_ratio: 5
    depth_of_discharge: 0.5
  VRBF:
    cost: 164.517
    lifetime: 19.9652
    annual_cost: 8.240187926992968
    efficiency: 0.760209
    discharge_ratio: 0.5
    depth_of_discharge: 1.0
