cost_values:
  wind_capex: 5000.0
  wind_opex: 100
  wind_lifetime: 20
  solar_capex: 1000.0
  solar_opex: 10
  solar_lifetime: 20
  carbon_price: 1.0
timeseries_values:
  load_level: 267740.49461463187
  wind_year: 2017
  solar_year: 2013
  price_year: 2023
  carbon_year: 2023
storage_values:
  CAES:
    cost: 62.501
    lifetime: 25.8701
    annual_cost: 2.415955098743337
    efficiency: 0.575019
    discharge_ratio: 0.1
    depth_of_discharge: 0.4
  Li-ion:
    cost: 145.304
    lifetime: 16.3126
    annual_cost: 8.90747029903265
    efficiency: 0.905017
    discharge_ratio: 2
    depth_of_discharge: 0.9
  Pb-acid:
    cost: 138.509
    lifetime: 15.2429
    annual_cost: 9.086787947175406
    efficiency: 0.71446
    discharge_ratio: 5
    depth_of_discharge: 0.5
  VRBF:
    cost: 186.412
    lifetime: 20.329
    annual_cost: 9.169757489300999
    efficiency: 0.774069
    discharge_ratio: 0.5
    depth_of_discharge: 1.0
