cost_values:
  wind_capex: 5000.0
  wind_opex: 100
  wind_lifetime: 20
  solar_capex: 1000.0
  solar_opex: 10
  solar_lifetime: 20
  carbon_price: 1.0
timeseries_values:
  load_level: 267740.49461463187
  wind_year: 2017
  solar_year: 2013
  price_year: 2023
  carbon_year: 2023
storage_values:
  CAES:
    cost: 81.7594
    lifetime: 24.978
    annual_cost: 3.2732564656898067
    efficiency: 0.564516
    discharge_ratio: 0.1
    depth_of_discharge: 0.4
  Li-ion:
    cost: 154.097
    lifetime: 17.027
    annual_cost: 9.050155635167675
    efficiency: 0.912833
    discharge_ratio: 2
    depth_of_discharge: 0.9
  Pb-acid:
    cost: 143.397
    lifetime: 12.6544
    annual_cost: 11.331789733215324
    efficiency: 0.717249
    discharge_ratio: 5
    depth_of_discharge: 0.5
  VRBF:
    cost: 188.894
    lifetime: 19.7513
    annual_cost: 9.563623660214772
    efficiency: 0.760024
    discharge_ratio: 0.5
    depth_of_discharge: 1.0
