cost_values:
  wind_capex: 5000.0
  wind_opex: 100
  wind_lifetime: 20
  solar_capex: 1000.0
  solar_opex: 10
  solar_lifetime: 20
  carbon_price: 1.0
timeseries_values:
  load_level: 267740.49461463187
  wind_year: 2017
  solar_year: 2013
  price_year: 2023
  carbon_year: 2023
storage_values:
  CAES:
    cost: 65.6092
    lifetime: 24.9496
    annual_cost: 2.629669413537692
    efficiency: 0.583879
    discharge_ratio: 0.1
    depth_of_discharge: 0.4
  Li-ion:
    cost: 123.28
    lifetime: 14.1413
    annual_cost: 8.717727507372024
    efficiency: 0.912624
    discharge_ratio: 2
    depth_of_discharge: 0.9
  Pb-acid:
    cost: 110.51
    lifetime: 13.9567
    annual_cost: 7.9180608596588025
    efficiency: 0.709392
    discharge_ratio: 5
    depth_of_discharge: 0.5
  VRBF:
    cost: 155.875
    lifetime: 22.0289
    annual_cost: 7.075932071052118
    efficiency: 0.765619
    discharge_ratio: 0.5
    depth_of_discharge: 1.0
