cost_values:
  wind_capex: 5000.0
  wind_opex: 100
  wind_lifetime: 20
  solar_capex: 1000.0
  solar_opex: 10
  solar_lifetime: 20
  carbon_price: 1.0
timeseries_values:
  load_level: 267740.49461463187
  wind_year: 2017
  solar_year: 2013
  price_year: 2023
  carbon_year: 2023
storage_values:
  CAES:
    cost: 71.0698
    lifetime: 24.8488
    annual_cost: 2.8600898232510223
    efficiency: 0.577402
    discharge_ratio: 0.1
    depth_of_discharge: 0.4
  Li-ion:
    cost: 142.281
    lifetime: 14.8653
    annual_cost: 9.571350729551373
    efficiency: 0.913409
    discharge_ratio: 2
    depth_of_discharge: 0.9
  Pb-acid:
    cost: 159.094
    lifetime: 13.4135
    annual_cost: 11.860737316882243
    efficiency: 0.714391
    discharge_ratio: 5
    depth_of_discharge: 0.5
  VRBF:
    cost: 161.741
    lifetime: 18.0308
    annual_cost: 8.97026199613994
    efficiency: 0.757027
    discharge_ratio: 0.5
    depth_of_discharge: 1.0
