cost_values:
  wind_capex: 5000.0
  wind_opex: 100
  wind_lifetime: 20
  solar_capex: 1000.0
  solar_opex: 10
  solar_lifetime: 20
  carbon_price: 1.0
timeseries_values:
  load_level: 267740.49461463187
  wind_year: 2017
  solar_year: 2013
  price_year: 2023
  carbon_year: 2023
storage_values:
  CAES:
    cost: 73.4963
    lifetime: 24.7725
    annual_cost: 2.966850338076496
    efficiency: 0.586375
    discharge_ratio: 0.1
    depth_of_discharge: 0.4
  Li-ion:
    cost: 138.801
    lifetime: 15.5396
    annual_cost: 8.932083193904605
    efficiency: 0.906891
    discharge_ratio: 2
    depth_of_discharge: 0.9
  Pb-acid:
    cost: 153.557
    lifetime: 15.2349
    annual_cost: 10.079291626462924
    efficiency: 0.705835
    discharge_ratio: 5
    depth_of_discharge: 0.5
  VRBF:
    cost: 195.181
    lifetime: 21.0642
    annual_cost: 9.266005829796528
    efficiency: 0.78092
    discharge_ratio: 0.5
    depth_of_discharge: 1.0
