cost_values:
  wind_capex: 5000.0
  wind_opex: 100
  wind_lifetime: 20
  solar_capex: 1000.0
  solar_opex: 10
  solar_lifetime: 20
  carbon_price: 1.0
timeseries_values:
  load_level: 267740.49461463187
  wind_year: 2017
  solar_year: 2013
  price_year: 2023
  carbon_year: 2023
storage_values:
  CAES:
    cost: 71.4108
    lifetime: 25.293
    annual_cost: 2.8233424267583915
    efficiency: 0.585751
    discharge_ratio: 0.1
    depth_of_discharge: 0.4
  Li-ion:
    cost: 155.641
    lifetime: 15.8687
    annual_cost: 9.808049808742997
    efficiency: 0.913511
    discharge_ratio: 2
    depth_of_discharge: 0.9
  Pb-acid:
    cost: 122.804
    lifetime: 13.6787
    annual_cost: 8.977753733907463
    efficiency: 0.714208
    discharge_ratio: 5
    depth_of_discharge: 0.5
  VRBF:
    cost: 208.811
    lifetime: 20.8477
    annual_cost: 10.016020951951536
    efficiency: 0.768677
    discharge_ratio: 0.5
    depth_of_discharge: 1.0
