cost_values:
  wind_capex: 5000.0
  wind_opex: 100
  wind_lifetime: 20
  solar_capex: 1000.0
  solar_opex: 10
  solar_lifetime: 20
  carbon_price: 1.0
timeseries_values:
  load_level: 267740.49461463187
  wind_year: 2017
  solar_year: 2013
  price_year: 2023
  carbon_year: 2023
storage_values:
  CAES:
    cost: 75.4427
    lifetime: 25.0913
    annual_cost: 3.0067274314204524
    efficiency: 0.587461
    discharge_ratio: 0.1
    depth_of_discharge: 0.4
  Li-ion:
    cost: 167.649
    lifetime: 15.1837
    annual_cost: 11.04137990081469
    efficiency: 0.910508
    discharge_ratio: 2
    depth_of_discharge: 0.9
  Pb-acid:
    cost: 128.888
    lifetime: 11.8698
    annual_cost: 10.858481187551602
    efficiency: 0.695813
    discharge_ratio: 5
    depth_of_discharge: 0.5
  VRBF:
    cost: 216.235
    lifetime: 22.2022
    annual_cost: 9.739350154489195
    efficiency: 0.74801
    discharge_ratio: 0.5
    depth_of_discharge: 1.0
