cost_values:
  wind_capex: 5000.0
  wind_opex: 100
  wind_lifetime: 20
  solar_capex: 1000.0
  solar_opex: 10
  solar_lifetime: 20
  carbon_price: 1.0
timeseries_values:
  load_level: 267740.49461463187
  wind_year: 2017
  solar_year: 2013
  price_year: 2023
  carbon_year: 2023
storage_values:
  CAES:
    cost: 71.6779
    lifetime: 25.6717
    annual_cost: 2.792097913266359
    efficiency: 0.58954
    discharge_ratio: 0.1
    depth_of_discharge: 0.4
  Li-ion:
    cost: 150.977
    lifetime: 12.9998
    annual_cost: 11.613794058370129
    efficiency: 0.896087
    discharge_ratio: 2
    depth_of_discharge: 0.9
  Pb-acid:
    cost: 154.035
    lifetime: 11.8666
    annual_cost: 12.980550452530633
    efficiency: 0.713033
    discharge_ratio: 5
    depth_of_discharge: 0.5
  VRBF:
    cost: 181.208
    lifetime: 20.4881
    annual_cost: 8.84454878685676
    efficiency: 0.745545
    discharge_ratio: 0.5
    depth_of_discharge: 1.0
