cost_values:
  wind_capex: 5000.0
  wind_opex: 100
  wind_lifetime: 20
  solar_capex: 1000.0
  solar_opex: 10
  solar_lifetime: 20
  carbon_price: 1.0
timeseries_values:
  load_level: 267740.49461463187
  wind_year: 2017
  solar_year: 2013
  price_year: 2023
  carbon_year: 2023
storage_values:
  CAES:
    cost: 74.9698
    lifetime: 26.3452
    annual_cost: 2.8456720768868715
    efficiency: 0.579298
    discharge_ratio: 0.1
    depth_of_discharge: 0.4
  Li-ion:
    cost: 144.239
    lifetime: 15.566
    annual_cost: 9.266285494025439
    efficiency: 0.90827
    discharge_ratio: 2
    depth_of_discharge: 0.9
  Pb-acid:
    cost: 135.333
    lifetime: 13.0024
    annual_cost: 10.408309235218114
    efficiency: 0.707432
    discharge_ratio: 5
    depth_of_discharge: 0.5
  VRBF:
    cost: 143.186
    lifetime: 20.6696
    annual_cost: 6.927371598869838
    efficiency: 0.766379
    discharge_ratio: 0.5
    depth_of_discharge: 1.0
