cost_values:
  wind_capex: 5000.0
  wind_opex: 100
  wind_lifetime: 20
  solar_capex: 1000.0
  solar_opex: 10
  solar_lifetime: 20
  carbon_price: 1.0
timeseries_values:
  load_level: 267740.49461463187
  wind_year: 2017
  solar_year: 2013
  price_year: 2023
  carbon_year: 2023
storage_values:
  CAES:
    cost: 72.7675
    lifetime: 24.721
    annual_cost: 2.943550018203147
    efficiency: 0.58236
    discharge_ratio: 0.1
    depth_of_discharge: 0.4
  Li-ion:
    cost: 168.73
    lifetime: 14.669
    annual_cost: 11.50248824050719
    efficiency: 0.910961
    discharge_ratio: 2
    depth_of_discharge: 0.9
  Pb-acid:
    cost: 136.271
    lifetime: 11.5966
    annual_cost: 11.750944242277907
    efficiency: 0.705309
    discharge_ratio: 5
    depth_of_discharge: 0.5
  VRBF:
    cost: 156.05
    lifetime: 21.9524
    annual_cost: 7.10856216176819
    efficiency: 0.780218
    discharge_ratio: 0.5
    depth_of_discharge: 1.0
