cost_values:
  wind_capex: 5000.0
  wind_opex: 100
  wind_lifetime: 20
  solar_capex: 1000.0
  solar_opex: 10
  solar_lifetime: 20
  carbon_price: 1.0
timeseries_values:
  load_level: 267740.49461463187
  wind_year: 2017
  solar_year: 2013
  price_year: 2023
  carbon_year: 2023
storage_values:
  CAES:
    cost: 76.9867
    lifetime: 24.4188
    annual_cost: 3.15276344455911
    efficiency: 0.583747
    discharge_ratio: 0.1
    depth_of_discharge: 0.4
  Li-ion:
    cost: 142.228
    lifetime: 15.6383
    annual_cost: 9.094850463285653
    efficiency: 0.892719
    discharge_ratio: 2
    depth_of_discharge: 0.9
  Pb-acid:
    cost: 124.451
    lifetime: 13.4788
    annual_cost: 9.233091966643915
    efficiency: 0.705419
    discharge_ratio: 5
    depth_of_discharge: 0.5
  VRBF:
    cost: 189.319
    lifetime: 20.6256
    annual_cost: 9.178836009619115
    efficiency: 0.77494
    discharge_ratio: 0.5
    depth_of_discharge: 1.0
