cost_values:
  wind_capex: 5000.0
  wind_opex: 100
  wind_lifetime: 20
  solar_capex: 1000.0
  solar_opex: 10
  solar_lifetime: 20
  carbon_price: 1.0
timeseries_values:
  load_level: 267740.49461463187
  wind_year: 2017
  solar_year: 2013
  price_year: 2023
  carbon_year: 2023
storage_values:
  CAES:
    cost: 70.2952
    lifetime: 24.4208
    annual_cost: 2.8784970189346786
    efficiency: 0.581459
    discharge_ratio: 0.1
    depth_of_discharge: 0.4
  Li-ion:
    cost: 165.303
    lifetime: 15.7788
    annual_cost: 10.476271959844855
    efficiency: 0.909571
    discharge_ratio: 2
    depth_of_discharge: 0.9
  Pb-acid:
    cost: 132.037
    lifetime: 13.9243
    annual_cost: 9.482487449997487
    efficiency: 0.72392
    discharge_ratio: 5
    depth_of_discharge: 0.5
  VRBF:
    cost: 181.242
    lifetime: 20.8868
    annual_cost: 8.67734645805006
    efficiency: 0.766547
    discharge_ratio: 0.5
    depth_of_discharge: 1.0
