cost_values:
  wind_capex: 5000.0
  wind_opex: 100
  wind_lifetime: 20
  solar_capex: 1000.0
  solar_opex: 10
  solar_lifetime: 20
  carbon_price: 1.0
timeseries_values:
  load_level: 267740.49461463187
  wind_year: 2017
  solar_year: 2013
  price_year: 2023
  carbon_year: 2023
storage_values:
  CAES:
    cost: 79.4275
    lifetime: 25.1832
    annual_cost: 3.1539875790209346
    efficiency: 0.584076
    discharge_ratio: 0.1
    depth_of_discharge: 0.4
  Li-ion:
    cost: 165.717
    lifetime: 16.066
    annual_cost: 10.314764098095358
    efficiency: 0.904149
    discharge_ratio: 2
    depth_of_discharge: 0.9
  Pb-acid:
    cost: 156.203
    lifetime: 13.9958
    annual_cost: 11.160705354463483
    efficiency: 0.728065
    discharge_ratio: 5
    depth_of_discharge: 0.5
  VRBF:
    cost: 168.435
    lifetime: 22.0082
    annual_cost: 7.65328377604711
    efficiency: 0.770784
    discharge_ratio: 0.5
    depth_of_discharge: 1.0
