cost_values:
  wind_capex: 5000.0
  wind_opex: 100
  wind_lifetime: 20
  solar_capex: 1000.0
  solar_opex: 10
  solar_lifetime: 20
  carbon_price: 1.0
timeseries_values:
  load_level: 267740.49461463187
  wind_year: 2017
  solar_year: 2013
  price_year: 2023
  carbon_year: 2023
storage_values:
  CAES:
    cost: 71.2028
    lifetime: 25.1282
    annual_cost: 2.833581394608448
    efficiency: 0.599044
    discharge_ratio: 0.1
    depth_of_discharge: 0.4
  Li-ion:
    cost: 154.293
    lifetime: 16.5379
    annual_cost: 9.329660960581453
    efficiency: 0.919055
    discharge_ratio: 2
    depth_of_discharge: 0.9
  Pb-acid:
    cost: 130.279
    lifetime: 11.9232
    annual_cost: 10.926513016639829
    efficiency: 0.713905
    discharge_ratio: 5
    depth_of_discharge: 0.5
  VRBF:
    cost: 178.578
    lifetime: 19.2245
    annual_cost: 9.289084241462717
    efficiency: 0.772541
    discharge_ratio: 0.5
    depth_of_discharge: 1.0
