cost_values:
  wind_capex: 5000.0
  wind_opex: 100
  wind_lifetime: 20
  solar_capex: 1000.0
  solar_opex: 10
  solar_lifetime: 20
  carbon_price: 1.0
timeseries_values:
  load_level: 267740.49461463187
  wind_year: 2017
  solar_year: 2013
  price_year: 2023
  carbon_year: 2023
storage_values:
  CAES:
    cost: 73.9456
    lifetime: 24.4646
    annual_cost: 3.0225550387089917
    efficiency: 0.577412
    discharge_ratio: 0.1
    depth_of_discharge: 0.4
  Li-ion:
    cost: 155.142
    lifetime: 14.9164
    annual_cost: 10.40076694108498
    efficiency: 0.907604
    discharge_ratio: 2
    depth_of_discharge: 0.9
  Pb-acid:
    cost: 147.574
    lifetime: 13.127
    annual_cost: 11.242020263578883
    efficiency: 0.712819
    discharge_ratio: 5
    depth_of_discharge: 0.5
  VRBF:
    cost: 187.172
    lifetime: 20.3934
    annual_cost: 9.178067413967264
    efficiency: 0.756106
    discharge_ratio: 0.5
    depth_of_discharge: 1.0
