cost_values:
  wind_capex: 5000.0
  wind_opex: 100
  wind_lifetime: 20
  solar_capex: 1000.0
  solar_opex: 10
  solar_lifetime: 20
  carbon_price: 1.0
timeseries_values:
  load_level: 267740.49461463187
  wind_year: 2017
  solar_year: 2013
  price_year: 2023
  carbon_year: 2023
storage_values:
  CAES:
    cost: 70.9192
    lifetime: 25.4728
    annual_cost: 2.7841148205144313
    efficiency: 0.59239
    discharge_ratio: 0.1
    depth_of_discharge: 0.4
  Li-ion:
    cost: 161.046
    lifetime: 13.5998
    annual_cost: 11.84179179105575
    efficiency: 0.922501
    discharge_ratio: 2
    depth_of_discharge: 0.9
  Pb-acid:
    cost: 139.125
    lifetime: 13.0769
    annual_cost: 10.638989362922405
    efficiency: 0.698492
    discharge_ratio: 5
    depth_of_discharge: 0.5
  VRBF:
    cost: 158.469
    lifetime: 20.0595
    annual_cost: 7.89994765572422
    efficiency: 0.768297
    discharge_ratio: 0.5
    depth_of_discharge: 1.0
