cost_values:
  wind_capex: 5000.0
  wind_opex: 100
  wind_lifetime: 20
  solar_capex: 1000.0
  solar_opex: 10
  solar_lifetime: 20
  carbon_price: 1.0
timeseries_values:
  load_level: 267740.49461463187
  wind_year: 2017
  solar_year: 2013
  price_year: 2023
  carbon_year: 2023
storage_values:
  CAES:
    cost: 61.4243
    lifetime: 24.8397
    annual_cost: 2.4728277716719607
    efficiency: 0.584782
    discharge_ratio: 0.1
    depth_of_discharge: 0.4
  Li-ion:
    cost: 142.543
    lifetime: 15.6311
    annual_cost: 9.11919186749493
    efficiency: 0.906899
    discharge_ratio: 2
    depth_of_discharge: 0.9
  Pb-acid:
    cost: 133.105
    lifetime: 13.3815
    annual_cost: 9.946941673205544
    efficiency: 0.708676
    discharge_ratio: 5
    depth_of_discharge: 0.5
  VRBF:
    cost: 190.505
    lifetime: 19.8435
    annual_cost: 9.600372918084007
    efficiency: 0.777675
    discharge_ratio: 0.5
    depth_of_discharge: 1.0
