cost_values:
  wind_capex: 5000.0
  wind_opex: 100
  wind_lifetime: 20
  solar_capex: 1000.0
  solar_opex: 10
  solar_lifetime: 20
  carbon_price: 1.0
timeseries_values:
  load_level: 267740.49461463187
  wind_year: 2017
  solar_year: 2013
  price_year: 2023
  carbon_year: 2023
storage_values:
  CAES:
    cost: 77.9414
    lifetime: 25.0223
    annual_cost: 3.1148775292439144
    efficiency: 0.58714
    discharge_ratio: 0.1
    depth_of_discharge: 0.4
  Li-ion:
    cost: 152.598
    lifetime: 14.7069
    annual_cost: 10.375945984537871
    efficiency: 0.916408
    discharge_ratio: 2
    depth_of_discharge: 0.9
  Pb-acid:
    cost: 139.295
    lifetime: 12.9736
    annual_cost: 10.736803971141395
    efficiency: 0.711167
    discharge_ratio: 5
    depth_of_discharge: 0.5
  VRBF:
    cost: 208.48
    lifetime: 18.1489
    annual_cost: 11.48719757120266
    efficiency: 0.763979
    discharge_ratio: 0.5
    depth_of_discharge: 1.0
