cost_values:
  wind_capex: 5000.0
  wind_opex: 100
  wind_lifetime: 20
  solar_capex: 1000.0
  solar_opex: 10
  solar_lifetime: 20
  carbon_price: 1.0
timeseries_values:
  load_level: 267740.49461463187
  wind_year: 2017
  solar_year: 2013
  price_year: 2023
  carbon_year: 2023
storage_values:
  CAES:
    cost: 73.9932
    lifetime: 25.6657
    annual_cost: 2.8829605270847862
    efficiency: 0.589267
    discharge_ratio: 0.1
    depth_of_discharge: 0.4
  Li-ion:
    cost: 162.868
    lifetime: 12.5746
    annual_cost: 12.952141618818889
    efficiency: 0.909961
    discharge_ratio: 2
    depth_of_discharge: 0.9
  Pb-acid:
    cost: 138.163
    lifetime: 13.8256
    annual_cost: 9.993273347992131
    efficiency: 0.7102
    discharge_ratio: 5
    depth_of_discharge: 0.5
  VRBF:
    cost: 232.648
    lifetime: 21.0404
    annual_cost: 11.057204235660917
    efficiency: 0.753869
    discharge_ratio: 0.5
    depth_of_discharge: 1.0
