cost_values:
  wind_capex: 5000.0
  wind_opex: 100
  wind_lifetime: 20
  solar_capex: 1000.0
  solar_opex: 10
  solar_lifetime: 20
  carbon_price: 1.0
timeseries_values:
  load_level: 267740.49461463187
  wind_year: 2017
  solar_year: 2013
  price_year: 2023
  carbon_year: 2023
storage_values:
  CAES:
    cost: 75.3906
    lifetime: 24.3356
    annual_cost: 3.097955258962179
    efficiency: 0.581943
    discharge_ratio: 0.1
    depth_of_discharge: 0.4
  Li-ion:
    cost: 161.046
    lifetime: 15.148
    annual_cost: 10.63150250858199
    efficiency: 0.909162
    discharge_ratio: 2
    depth_of_discharge: 0.9
  Pb-acid:
    cost: 138.869
    lifetime: 12.248
    annual_cost: 11.33809601567603
    efficiency: 0.698363
    discharge_ratio: 5
    depth_of_discharge: 0.5
  VRBF:
    cost: 227.363
    lifetime: 21.4668
    annual_cost: 10.591378314420409
    efficiency: 0.766527
    discharge_ratio: 0.5
    depth_of_discharge: 1.0
