cost_values:
  wind_capex: 5000.0
  wind_opex: 100
  wind_lifetime: 20
  solar_capex: 1000.0
  solar_opex: 10
  solar_lifetime: 20
  carbon_price: 1.0
timeseries_values:
  load_level: 267740.49461463187
  wind_year: 2017
  solar_year: 2013
  price_year: 2023
  carbon_year: 2023
storage_values:
  CAES:
    cost: 65.3711
    lifetime: 24.5662
    annual_cost: 2.6610179840593986
    efficiency: 0.589225
    discharge_ratio: 0.1
    depth_of_discharge: 0.4
  Li-ion:
    cost: 140.734
    lifetime: 14.5841
    annual_cost: 9.649824123531792
    efficiency: 0.920449
    discharge_ratio: 2
    depth_of_discharge: 0.9
  Pb-acid:
    cost: 133.736
    lifetime: 12.7333
    annual_cost: 10.502854719514971
    efficiency: 0.719855
    discharge_ratio: 5
    depth_of_discharge: 0.5
  VRBF:
    cost: 188.923
    lifetime: 20.3187
    annual_cost: 9.297986583787349
    efficiency: 0.775234
    discharge_ratio: 0.5
    depth_of_discharge: 1.0
