cost_values:
  wind_capex: 5000.0
  wind_opex: 100
  wind_lifetime: 20
  solar_capex: 1000.0
  solar_opex: 10
  solar_lifetime: 20
  carbon_price: 1.0
timeseries_values:
  load_level: 267740.49461463187
  wind_year: 2017
  solar_year: 2013
  price_year: 2023
  carbon_year: 2023
storage_values:
  CAES:
    cost: 77.9744
    lifetime: 24.4446
    annual_cost: 3.1898415191903324
    efficiency: 0.580325
    discharge_ratio: 0.1
    depth_of_discharge: 0.4
  Li-ion:
    cost: 151.208
    lifetime: 14.0231
    annual_cost: 10.782779841832406
    efficiency: 0.892298
    discharge_ratio: 2
    depth_of_discharge: 0.9
  Pb-acid:
    cost: 134.24
    lifetime: 10.8772
    annual_cost: 12.341411392637811
    efficiency: 0.720928
    discharge_ratio: 5
    depth_of_discharge: 0.5
  VRBF:
    cost: 200.112
    lifetime: 18.4517
    annual_cost: 10.84517957694955
    efficiency: 0.759404
    discharge_ratio: 0.5
    depth_of_discharge: 1.0
