cost_values:
  wind_capex: 5000.0
  wind_opex: 100
  wind_lifetime: 20
  solar_capex: 1000.0
  solar_opex: 10
  solar_lifetime: 20
  carbon_price: 1.0
timeseries_values:
  load_level: 267740.49461463187
  wind_year: 2017
  solar_year: 2013
  price_year: 2023
  carbon_year: 2023
storage_values:
  CAES:
    cost: 75.2544
    lifetime: 23.7687
    annual_cost: 3.1661134180666175
    efficiency: 0.583867
    discharge_ratio: 0.1
    depth_of_discharge: 0.4
  Li-ion:
    cost: 145.91
    lifetime: 16.7287
    annual_cost: 8.72213620902999
    efficiency: 0.904879
    discharge_ratio: 2
    depth_of_discharge: 0.9
  Pb-acid:
    cost: 134.578
    lifetime: 13.0827
    annual_cost: 10.286714516116703
    efficiency: 0.711231
    discharge_ratio: 5
    depth_of_discharge: 0.5
  VRBF:
    cost: 184.63
    lifetime: 21.8639
    annual_cost: 8.444513558880162
    efficiency: 0.772536
    discharge_ratio: 0.5
    depth_of_discharge: 1.0
