cost_values:
  wind_capex: 5000.0
  wind_opex: 100
  wind_lifetime: 20
  solar_capex: 1000.0
  solar_opex: 10
  solar_lifetime: 20
  carbon_price: 1.0
timeseries_values:
  load_level: 267740.49461463187
  wind_year: 2017
  solar_year: 2013
  price_year: 2023
  carbon_year: 2023
storage_values:
  CAES:
    cost: 76.3619
    lifetime: 25.8214
    annual_cost: 2.957310602833309
    efficiency: 0.590323
    discharge_ratio: 0.1
    depth_of_discharge: 0.4
  Li-ion:
    cost: 155.353
    lifetime: 15.0719
    annual_cost: 10.307459577093798
    efficiency: 0.919665
    discharge_ratio: 2
    depth_of_discharge: 0.9
  Pb-acid:
    cost: 136.338
    lifetime: 12.8049
    annual_cost: 10.647330318862311
    efficiency: 0.714433
    discharge_ratio: 5
    depth_of_discharge: 0.5
  VRBF:
    cost: 181.166
    lifetime: 20.2036
    annual_cost: 8.967015779366053
    efficiency: 0.753427
    discharge_ratio: 0.5
    depth_of_discharge: 1.0
