cost_values:
  wind_capex: 5000.0
  wind_opex: 100
  wind_lifetime: 20
  solar_capex: 1000.0
  solar_opex: 10
  solar_lifetime: 20
  carbon_price: 1.0
timeseries_values:
  load_level: 265099.57624196995
  wind_year: 2014
  solar_year: 2015
  price_year: 2023
  carbon_year: 2023
storage_values:
  CAES:
    cost: 58.7652
    lifetime: 22.0567
    annual_cost: 2.664278881246968
    efficiency: 0.598257
    discharge_ratio: 0.1
    depth_of_discharge: 0.4
  Li-ion:
    cost: 154.999
    lifetime: 14.2187
    annual_cost: 10.901066904850653
    efficiency: 0.92519
    discharge_ratio: 2
    depth_of_discharge: 0.9
  Pb-acid:
    cost: 79.3517
    lifetime: 10.1262
    annual_cost: 7.836276194426339
    efficiency: 0.698984
    discharge_ratio: 5
    depth_of_discharge: 0.5
  VRBF:
    cost: 346.879
    lifetime: 15.445
    annual_cost: 22.458983489802527
    efficiency: 0.688846
    discharge_ratio: 0.5
    depth_of_discharge: 1.0
