cost_values:
  wind_capex: 5000.0
  wind_opex: 100
  wind_lifetime: 20
  solar_capex: 1000.0
  solar_opex: 10
  solar_lifetime: 20
  carbon_price: 1.0
timeseries_values:
  load_level: 265099.57624196995
  wind_year: 2014
  solar_year: 2015
  price_year: 2023
  carbon_year: 2023
storage_values:
  CAES:
    cost: 57.0045
    lifetime: 22.0459
    annual_cost: 2.585718886504974
    efficiency: 0.59041
    discharge_ratio: 0.1
    depth_of_discharge: 0.4
  Li-ion:
    cost: 136.188
    lifetime: 16.1392
    annual_cost: 8.438336472687618
    efficiency: 0.914438
    discharge_ratio: 2
    depth_of_discharge: 0.9
  Pb-acid:
    cost: 95.1486
    lifetime: 7.75475
    annual_cost: 12.269718559592508
    efficiency: 0.719699
    discharge_ratio: 5
    depth_of_discharge: 0.5
  VRBF:
    cost: 370.563
    lifetime: 13.942
    annual_cost: 26.578898292927843
    efficiency: 0.675264
    discharge_ratio: 0.5
    depth_of_discharge: 1.0
