cost_values:
  wind_capex: 5000.0
  wind_opex: 100
  wind_lifetime: 20
  solar_capex: 1000.0
  solar_opex: 10
  solar_lifetime: 20
  carbon_price: 1.0
timeseries_values:
  load_level: 265099.57624196995
  wind_year: 2014
  solar_year: 2015
  price_year: 2023
  carbon_year: 2023
storage_values:
  CAES:
    cost: 60.1943
    lifetime: 21.6552
    annual_cost: 2.779669548191658
    efficiency: 0.593882
    discharge_ratio: 0.1
    depth_of_discharge: 0.4
  Li-ion:
    cost: 161.108
    lifetime: 15.7871
    annual_cost: 10.205040824470611
    efficiency: 0.929317
    discharge_ratio: 2
    depth_of_discharge: 0.9
  Pb-acid:
    cost: 77.7205
    lifetime: 8.29252
    annual_cost: 9.372362080525583
    efficiency: 0.715647
    discharge_ratio: 5
    depth_of_discharge: 0.5
  VRBF:
    cost: 387.247
    lifetime: 14.8652
    annual_cost: 26.050574496138633
    efficiency: 0.700711
    discharge_ratio: 0.5
    depth_of_discharge: 1.0
