cost_values:
  wind_capex: 5000.0
  wind_opex: 100
  wind_lifetime: 20
  solar_capex: 1000.0
  solar_opex: 10
  solar_lifetime: 20
  carbon_price: 1.0
timeseries_values:
  load_level: 265099.57624196995
  wind_year: 2014
  solar_year: 2015
  price_year: 2023
  carbon_year: 2023
storage_values:
  CAES:
    cost: 60.0833
    lifetime: 20.6918
    annual_cost: 2.9037251471597445
    efficiency: 0.600769
    discharge_ratio: 0.1
    depth_of_discharge: 0.4
  Li-ion:
    cost: 163.635
    lifetime: 16.2654
    annual_cost: 10.060312073481132
    efficiency: 0.913306
    discharge_ratio: 2
    depth_of_discharge: 0.9
  Pb-acid:
    cost: 97.801
    lifetime: 7.22023
    annual_cost: 13.545413373258192
    efficiency: 0.716967
    discharge_ratio: 5
    depth_of_discharge: 0.5
  VRBF:
    cost: 358.601
    lifetime: 14.6007
    annual_cost: 24.560534768880945
    efficiency: 0.69256
    discharge_ratio: 0.5
    depth_of_discharge: 1.0
