cost_values:
  wind_capex: 5000.0
  wind_opex: 100
  wind_lifetime: 20
  solar_capex: 1000.0
  solar_opex: 10
  solar_lifetime: 20
  carbon_price: 1.0
timeseries_values:
  load_level: 265099.57624196995
  wind_year: 2014
  solar_year: 2015
  price_year: 2023
  carbon_year: 2023
storage_values:
  CAES:
    cost: 61.068
    lifetime: 21.1197
    annual_cost: 2.891518345431043
    efficiency: 0.59514
    discharge_ratio: 0.1
    depth_of_discharge: 0.4
  Li-ion:
    cost: 145.53
    lifetime: 13.4241
    annual_cost: 10.840950231300424
    efficiency: 0.92112
    discharge_ratio: 2
    depth_of_discharge: 0.9
  Pb-acid:
    cost: 121.315
    lifetime: 8.44366
    annual_cost: 14.367584672997255
    efficiency: 0.698995
    discharge_ratio: 5
    depth_of_discharge: 0.5
  VRBF:
    cost: 349.504
    lifetime: 15.3638
    annual_cost: 22.748538772959815
    efficiency: 0.688027
    discharge_ratio: 0.5
    depth_of_discharge: 1.0
