cost_values:
  wind_capex: 5000.0
  wind_opex: 100
  wind_lifetime: 20
  solar_capex: 1000.0
  solar_opex: 10
  solar_lifetime: 20
  carbon_price: 1.0
timeseries_values:
  load_level: 265099.57624196995
  wind_year: 2014
  solar_year: 2015
  price_year: 2023
  carbon_year: 2023
storage_values:
  CAES:
    cost: 66.5418
    lifetime: 22.0148
    annual_cost: 3.0225938913821606
    efficiency: 0.59089
    discharge_ratio: 0.1
    depth_of_discharge: 0.4
  Li-ion:
    cost: 187.058
    lifetime: 16.1039
    annual_cost: 11.615695576847845
    efficiency: 0.918635
    discharge_ratio: 2
    depth_of_discharge: 0.9
  Pb-acid:
    cost: 84.346
    lifetime: 8.66136
    annual_cost: 9.73819354004452
    efficiency: 0.706031
    discharge_ratio: 5
    depth_of_discharge: 0.5
  VRBF:
    cost: 358.299
    lifetime: 14.7201
    annual_cost: 24.340799315222043
    efficiency: 0.665801
    discharge_ratio: 0.5
    depth_of_discharge: 1.0
