cost_values:
  wind_capex: 5000.0
  wind_opex: 100
  wind_lifetime: 20
  solar_capex: 1000.0
  solar_opex: 10
  solar_lifetime: 20
  carbon_price: 1.0
timeseries_values:
  load_level: 265099.57624196995
  wind_year: 2014
  solar_year: 2015
  price_year: 2023
  carbon_year: 2023
storage_values:
  CAES:
    cost: 49.1757
    lifetime: 20.8088
    annual_cost: 2.363216523778401
    efficiency: 0.595594
    discharge_ratio: 0.1
    depth_of_discharge: 0.4
  Li-ion:
    cost: 152.349
    lifetime: 16.395
    annual_cost: 9.292406221408966
    efficiency: 0.914476
    discharge_ratio: 2
    depth_of_discharge: 0.9
  Pb-acid:
    cost: 75.3493
    lifetime: 7.07424
    annual_cost: 10.651221898041344
    efficiency: 0.70417
    discharge_ratio: 5
    depth_of_discharge: 0.5
  VRBF:
    cost: 345.792
    lifetime: 14.2594
    annual_cost: 24.250108700225816
    efficiency: 0.685708
    discharge_ratio: 0.5
    depth_of_discharge: 1.0
