cost_values:
  wind_capex: 5000.0
  wind_opex: 100
  wind_lifetime: 20
  solar_capex: 1000.0
  solar_opex: 10
  solar_lifetime: 20
  carbon_price: 1.0
timeseries_values:
  load_level: 265099.57624196995
  wind_year: 2014
  solar_year: 2015
  price_year: 2023
  carbon_year: 2023
storage_values:
  CAES:
    cost: 55.5364
    lifetime: 22.2803
    annual_cost: 2.4926235284085045
    efficiency: 0.603864
    discharge_ratio: 0.1
    depth_of_discharge: 0.4
  Li-ion:
    cost: 150.464
    lifetime: 14.2317
    annual_cost: 10.572454450276496
    efficiency: 0.911848
    discharge_ratio: 2
    depth_of_discharge: 0.9
  Pb-acid:
    cost: 74.7939
    lifetime: 7.24213
    annual_cost: 10.327610799585203
    efficiency: 0.711723
    discharge_ratio: 5
    depth_of_discharge: 0.5
  VRBF:
    cost: 348.73
    lifetime: 12.5423
    annual_cost: 27.80431021423503
    efficiency: 0.671307
    discharge_ratio: 0.5
    depth_of_discharge: 1.0
