cost_values:
  wind_capex: 5000.0
  wind_opex: 100
  wind_lifetime: 20
  solar_capex: 1000.0
  solar_opex: 10
  solar_lifetime: 20
  carbon_price: 1.0
timeseries_values:
  load_level: 265099.57624196995
  wind_year: 2014
  solar_year: 2015
  price_year: 2023
  carbon_year: 2023
storage_values:
  CAES:
    cost: 55.8346
    lifetime: 21.2519
    annual_cost: 2.6272756788804768
    efficiency: 0.589534
    discharge_ratio: 0.1
    depth_of_discharge: 0.4
  Li-ion:
    cost: 150.294
    lifetime: 14.5138
    annual_cost: 10.355248108696552
    efficiency: 0.924686
    discharge_ratio: 2
    depth_of_discharge: 0.9
  Pb-acid:
    cost: 70.3609
    lifetime: 8.36754
    annual_cost: 8.408791592272042
    efficiency: 0.715637
    discharge_ratio: 5
    depth_of_discharge: 0.5
  VRBF:
    cost: 369.732
    lifetime: 16.134
    annual_cost: 22.91632577166233
    efficiency: 0.683226
    discharge_ratio: 0.5
    depth_of_discharge: 1.0
