cost_values:
  wind_capex: 5000.0
  wind_opex: 100
  wind_lifetime: 20
  solar_capex: 1000.0
  solar_opex: 10
  solar_lifetime: 20
  carbon_price: 1.0
timeseries_values:
  load_level: 265099.57624196995
  wind_year: 2014
  solar_year: 2015
  price_year: 2023
  carbon_year: 2023
storage_values:
  CAES:
    cost: 55.8659
    lifetime: 21.279
    annual_cost: 2.625400629728841
    efficiency: 0.592358
    discharge_ratio: 0.1
    depth_of_discharge: 0.4
  Li-ion:
    cost: 167.952
    lifetime: 15.615
    annual_cost: 10.75581171950048
    efficiency: 0.916701
    discharge_ratio: 2
    depth_of_discharge: 0.9
  Pb-acid:
    cost: 92.873
    lifetime: 7.84047
    annual_cost: 11.84533580257306
    efficiency: 0.710437
    discharge_ratio: 5
    depth_of_discharge: 0.5
  VRBF:
    cost: 351.852
    lifetime: 13.8263
    annual_cost: 25.44802297071523
    efficiency: 0.684387
    discharge_ratio: 0.5
    depth_of_discharge: 1.0
