cost_values:
  wind_capex: 5000.0
  wind_opex: 100
  wind_lifetime: 20
  solar_capex: 1000.0
  solar_opex: 10
  solar_lifetime: 20
  carbon_price: 1.0
timeseries_values:
  load_level: 265099.57624196995
  wind_year: 2014
  solar_year: 2015
  price_year: 2023
  carbon_year: 2023
storage_values:
  CAES:
    cost: 59.807
    lifetime: 20.9052
    annual_cost: 2.8608671526701492
    efficiency: 0.596129
    discharge_ratio: 0.1
    depth_of_discharge: 0.4
  Li-ion:
    cost: 159.491
    lifetime: 14.4065
    annual_cost: 11.070766667823554
    efficiency: 0.932075
    discharge_ratio: 2
    depth_of_discharge: 0.9
  Pb-acid:
    cost: 103.977
    lifetime: 7.66931
    annual_cost: 13.55754298626604
    efficiency: 0.71179
    discharge_ratio: 5
    depth_of_discharge: 0.5
  VRBF:
    cost: 334.568
    lifetime: 14.5216
    annual_cost: 23.039334508594095
    efficiency: 0.659915
    discharge_ratio: 0.5
    depth_of_discharge: 1.0
