cost_values:
  wind_capex: 5000.0
  wind_opex: 100
  wind_lifetime: 20
  solar_capex: 1000.0
  solar_opex: 10
  solar_lifetime: 20
  carbon_price: 1.0
timeseries_values:
  load_level: 265099.57624196995
  wind_year: 2014
  solar_year: 2015
  price_year: 2023
  carbon_year: 2023
storage_values:
  CAES:
    cost: 58.1333
    lifetime: 22.1531
    annual_cost: 2.6241609526431966
    efficiency: 0.592893
    discharge_ratio: 0.1
    depth_of_discharge: 0.4
  Li-ion:
    cost: 158.838
    lifetime: 15.4035
    annual_cost: 10.311812250462557
    efficiency: 0.915034
    discharge_ratio: 2
    depth_of_discharge: 0.9
  Pb-acid:
    cost: 72.4075
    lifetime: 8.60624
    annual_cost: 8.413372157876147
    efficiency: 0.709908
    discharge_ratio: 5
    depth_of_discharge: 0.5
  VRBF:
    cost: 345.839
    lifetime: 14.1596
    annual_cost: 24.42434814542784
    efficiency: 0.66303
    discharge_ratio: 0.5
    depth_of_discharge: 1.0
