cost_values:
  wind_capex: 5000.0
  wind_opex: 100
  wind_lifetime: 20
  solar_capex: 1000.0
  solar_opex: 10
  solar_lifetime: 20
  carbon_price: 1.0
timeseries_values:
  load_level: 265099.57624196995
  wind_year: 2014
  solar_year: 2015
  price_year: 2023
  carbon_year: 2023
storage_values:
  CAES:
    cost: 52.6697
    lifetime: 22.0445
    annual_cost: 2.3892444827507995
    efficiency: 0.594984
    discharge_ratio: 0.1
    depth_of_discharge: 0.4
  Li-ion:
    cost: 145.9
    lifetime: 15.2085
    annual_cost: 9.593319525265477
    efficiency: 0.925715
    discharge_ratio: 2
    depth_of_discharge: 0.9
  Pb-acid:
    cost: 97.2199
    lifetime: 9.54341
    annual_cost: 10.187123889678846
    efficiency: 0.720631
    discharge_ratio: 5
    depth_of_discharge: 0.5
  VRBF:
    cost: 370.616
    lifetime: 13.0385
    annual_cost: 28.424742109905278
    efficiency: 0.677647
    discharge_ratio: 0.5
    depth_of_discharge: 1.0
