cost_values:
  wind_capex: 5000.0
  wind_opex: 100
  wind_lifetime: 20
  solar_capex: 1000.0
  solar_opex: 10
  solar_lifetime: 20
  carbon_price: 1.0
timeseries_values:
  load_level: 265099.57624196995
  wind_year: 2014
  solar_year: 2015
  price_year: 2023
  carbon_year: 2023
storage_values:
  CAES:
    cost: 55.4757
    lifetime: 20.9673
    annual_cost: 2.6458199195890746
    efficiency: 0.592525
    discharge_ratio: 0.1
    depth_of_discharge: 0.4
  Li-ion:
    cost: 169.589
    lifetime: 14.6789
    annual_cost: 11.55324990292188
    efficiency: 0.922399
    discharge_ratio: 2
    depth_of_discharge: 0.9
  Pb-acid:
    cost: 86.7082
    lifetime: 9.17288
    annual_cost: 9.45266917260446
    efficiency: 0.715729
    discharge_ratio: 5
    depth_of_discharge: 0.5
  VRBF:
    cost: 358.779
    lifetime: 16.3503
    annual_cost: 21.943267096016587
    efficiency: 0.69366
    discharge_ratio: 0.5
    depth_of_discharge: 1.0
