cost_values:
  wind_capex: 5000.0
  wind_opex: 100
  wind_lifetime: 20
  solar_capex: 1000.0
  solar_opex: 10
  solar_lifetime: 20
  carbon_price: 1.0
timeseries_values:
  load_level: 265099.57624196995
  wind_year: 2014
  solar_year: 2015
  price_year: 2023
  carbon_year: 2023
storage_values:
  CAES:
    cost: 60.3756
    lifetime: 20.7211
    annual_cost: 2.913725622674472
    efficiency: 0.607583
    discharge_ratio: 0.1
    depth_of_discharge: 0.4
  Li-ion:
    cost: 150.759
    lifetime: 13.9149
    annual_cost: 10.834357415432377
    efficiency: 0.926294
    discharge_ratio: 2
    depth_of_discharge: 0.9
  Pb-acid:
    cost: 76.8639
    lifetime: 8.35651
    annual_cost: 9.198086282431301
    efficiency: 0.703556
    discharge_ratio: 5
    depth_of_discharge: 0.5
  VRBF:
    cost: 358.811
    lifetime: 17.4549
    annual_cost: 20.55646265518565
    efficiency: 0.697805
    discharge_ratio: 0.5
    depth_of_discharge: 1.0
