cost_values:
  wind_capex: 5000.0
  wind_opex: 100
  wind_lifetime: 20
  solar_capex: 1000.0
  solar_opex: 10
  solar_lifetime: 20
  carbon_price: 1.0
timeseries_values:
  load_level: 265099.57624196995
  wind_year: 2014
  solar_year: 2015
  price_year: 2023
  carbon_year: 2023
storage_values:
  CAES:
    cost: 57.3649
    lifetime: 22.0697
    annual_cost: 2.5992605246106653
    efficiency: 0.590171
    discharge_ratio: 0.1
    depth_of_discharge: 0.4
  Li-ion:
    cost: 135.759
    lifetime: 15.7634
    annual_cost: 8.612291764467056
    efficiency: 0.917758
    discharge_ratio: 2
    depth_of_discharge: 0.9
  Pb-acid:
    cost: 93.0899
    lifetime: 7.9762
    annual_cost: 11.670958601840475
    efficiency: 0.69456
    discharge_ratio: 5
    depth_of_discharge: 0.5
  VRBF:
    cost: 362.267
    lifetime: 14.4754
    annual_cost: 25.02638959890573
    efficiency: 0.664343
    discharge_ratio: 0.5
    depth_of_discharge: 1.0
