cost_values:
  wind_capex: 5000.0
  wind_opex: 100
  wind_lifetime: 20
  solar_capex: 1000.0
  solar_opex: 10
  solar_lifetime: 20
  carbon_price: 1.0
timeseries_values:
  load_level: 265099.57624196995
  wind_year: 2014
  solar_year: 2015
  price_year: 2023
  carbon_year: 2023
storage_values:
  CAES:
    cost: 58.4782
    lifetime: 21.0049
    annual_cost: 2.7840265842731937
    efficiency: 0.601053
    discharge_ratio: 0.1
    depth_of_discharge: 0.4
  Li-ion:
    cost: 170.673
    lifetime: 15.514
    annual_cost: 11.001224700270724
    efficiency: 0.915974
    discharge_ratio: 2
    depth_of_discharge: 0.9
  Pb-acid:
    cost: 98.4541
    lifetime: 8.38619
    annual_cost: 11.740027354495904
    efficiency: 0.715022
    discharge_ratio: 5
    depth_of_discharge: 0.5
  VRBF:
    cost: 342.459
    lifetime: 15.962
    annual_cost: 21.454642275404087
    efficiency: 0.680357
    discharge_ratio: 0.5
    depth_of_discharge: 1.0
