cost_values:
  wind_capex: 5000.0
  wind_opex: 100
  wind_lifetime: 20
  solar_capex: 1000.0
  solar_opex: 10
  solar_lifetime: 20
  carbon_price: 1.0
timeseries_values:
  load_level: 265099.57624196995
  wind_year: 2014
  solar_year: 2015
  price_year: 2023
  carbon_year: 2023
storage_values:
  CAES:
    cost: 61.1348
    lifetime: 21.1541
    annual_cost: 2.889974047584156
    efficiency: 0.592443
    discharge_ratio: 0.1
    depth_of_discharge: 0.4
  Li-ion:
    cost: 161.156
    lifetime: 14.0849
    annual_cost: 11.44175677498598
    efficiency: 0.91368
    discharge_ratio: 2
    depth_of_discharge: 0.9
  Pb-acid:
    cost: 97.5213
    lifetime: 8.8858
    annual_cost: 10.974960048616895
    efficiency: 0.717729
    discharge_ratio: 5
    depth_of_discharge: 0.5
  VRBF:
    cost: 346.292
    lifetime: 16.1376
    annual_cost: 21.458705135831845
    efficiency: 0.664663
    discharge_ratio: 0.5
    depth_of_discharge: 1.0
