cost_values:
  wind_capex: 5000.0
  wind_opex: 100
  wind_lifetime: 20
  solar_capex: 1000.0
  solar_opex: 10
  solar_lifetime: 20
  carbon_price: 1.0
timeseries_values:
  load_level: 265099.57624196995
  wind_year: 2014
  solar_year: 2015
  price_year: 2023
  carbon_year: 2023
storage_values:
  CAES:
    cost: 56.6476
    lifetime: 22.4889
    annual_cost: 2.5189137752402293
    efficiency: 0.599725
    discharge_ratio: 0.1
    depth_of_discharge: 0.4
  Li-ion:
    cost: 164.371
    lifetime: 14.1347
    annual_cost: 11.628899092304755
    efficiency: 0.919273
    discharge_ratio: 2
    depth_of_discharge: 0.9
  Pb-acid:
    cost: 78.1698
    lifetime: 8.04799
    annual_cost: 9.71295938488989
    efficiency: 0.709691
    discharge_ratio: 5
    depth_of_discharge: 0.5
  VRBF:
    cost: 366.515
    lifetime: 14.8135
    annual_cost: 24.741958348803458
    efficiency: 0.670808
    discharge_ratio: 0.5
    depth_of_discharge: 1.0
