cost_values:
  wind_capex: 5000.0
  wind_opex: 100
  wind_lifetime: 20
  solar_capex: 1000.0
  solar_opex: 10
  solar_lifetime: 20
  carbon_price: 1.0
timeseries_values:
  load_level: 265099.57624196995
  wind_year: 2014
  solar_year: 2015
  price_year: 2023
  carbon_year: 2023
storage_values:
  CAES:
    cost: 62.4474
    lifetime: 21.2187
    annual_cost: 2.9430360955195183
    efficiency: 0.59695
    discharge_ratio: 0.1
    depth_of_discharge: 0.4
  Li-ion:
    cost: 152.847
    lifetime: 12.5315
    annual_cost: 12.197023500778041
    efficiency: 0.929162
    discharge_ratio: 2
    depth_of_discharge: 0.9
  Pb-acid:
    cost: 77.4597
    lifetime: 7.60744
    annual_cost: 10.182098051381278
    efficiency: 0.712182
    discharge_ratio: 5
    depth_of_discharge: 0.5
  VRBF:
    cost: 352.179
    lifetime: 14.9708
    annual_cost: 23.524394153953025
    efficiency: 0.667297
    discharge_ratio: 0.5
    depth_of_discharge: 1.0
