cost_values:
  wind_capex: 5000.0
  wind_opex: 100
  wind_lifetime: 20
  solar_capex: 1000.0
  solar_opex: 10
  solar_lifetime: 20
  carbon_price: 1.0
timeseries_values:
  load_level: 265099.57624196995
  wind_year: 2014
  solar_year: 2015
  price_year: 2023
  carbon_year: 2023
storage_values:
  CAES:
    cost: 52.3999
    lifetime: 23.0019
    annual_cost: 2.278068333485495
    efficiency: 0.595713
    discharge_ratio: 0.1
    depth_of_discharge: 0.4
  Li-ion:
    cost: 146.897
    lifetime: 14.6879
    annual_cost: 10.001225498539613
    efficiency: 0.915814
    discharge_ratio: 2
    depth_of_discharge: 0.9
  Pb-acid:
    cost: 91.0977
    lifetime: 8.06932
    annual_cost: 11.289389936202804
    efficiency: 0.707807
    discharge_ratio: 5
    depth_of_discharge: 0.5
  VRBF:
    cost: 363.058
    lifetime: 16.0882
    annual_cost: 22.566725923347544
    efficiency: 0.698303
    discharge_ratio: 0.5
    depth_of_discharge: 1.0
