cost_values:
  wind_capex: 5000.0
  wind_opex: 100
  wind_lifetime: 20
  solar_capex: 1000.0
  solar_opex: 10
  solar_lifetime: 20
  carbon_price: 1.0
timeseries_values:
  load_level: 265099.57624196995
  wind_year: 2014
  solar_year: 2015
  price_year: 2023
  carbon_year: 2023
storage_values:
  CAES:
    cost: 52.5527
    lifetime: 21.806
    annual_cost: 2.4100110061450977
    efficiency: 0.59065
    discharge_ratio: 0.1
    depth_of_discharge: 0.4
  Li-ion:
    cost: 157.429
    lifetime: 14.646
    annual_cost: 10.748941690563976
    efficiency: 0.92593
    discharge_ratio: 2
    depth_of_discharge: 0.9
  Pb-acid:
    cost: 74.3945
    lifetime: 9.7449
    annual_cost: 7.634198401214994
    efficiency: 0.696561
    discharge_ratio: 5
    depth_of_discharge: 0.5
  VRBF:
    cost: 339.141
    lifetime: 14.3361
    annual_cost: 23.65643375813506
    efficiency: 0.671123
    discharge_ratio: 0.5
    depth_of_discharge: 1.0
