cost_values:
  wind_capex: 5000.0
  wind_opex: 100
  wind_lifetime: 20
  solar_capex: 1000.0
  solar_opex: 10
  solar_lifetime: 20
  carbon_price: 1.0
timeseries_values:
  load_level: 265099.57624196995
  wind_year: 2014
  solar_year: 2015
  price_year: 2023
  carbon_year: 2023
storage_values:
  CAES:
    cost: 54.8035
    lifetime: 20.8253
    annual_cost: 2.6315827383038903
    efficiency: 0.602989
    discharge_ratio: 0.1
    depth_of_discharge: 0.4
  Li-ion:
    cost: 162.359
    lifetime: 15.9113
    annual_cost: 10.204005958029828
    efficiency: 0.906847
    discharge_ratio: 2
    depth_of_discharge: 0.9
  Pb-acid:
    cost: 96.7558
    lifetime: 8.01484
    annual_cost: 12.072081289208517
    efficiency: 0.713501
    discharge_ratio: 5
    depth_of_discharge: 0.5
  VRBF:
    cost: 372.29
    lifetime: 14.1674
    annual_cost: 26.277933848130214
    efficiency: 0.66816
    discharge_ratio: 0.5
    depth_of_discharge: 1.0
