cost_values:
  wind_capex: 5000.0
  wind_opex: 100
  wind_lifetime: 20
  solar_capex: 1000.0
  solar_opex: 10
  solar_lifetime: 20
  carbon_price: 1.0
timeseries_values:
  load_level: 265099.57624196995
  wind_year: 2014
  solar_year: 2015
  price_year: 2023
  carbon_year: 2023
storage_values:
  CAES:
    cost: 55.7609
    lifetime: 21.0666
    annual_cost: 2.646886540780192
    efficiency: 0.592358
    discharge_ratio: 0.1
    depth_of_discharge: 0.4
  Li-ion:
    cost: 149.639
    lifetime: 16.1786
    annual_cost: 9.249193378907941
    efficiency: 0.92594
    discharge_ratio: 2
    depth_of_discharge: 0.9
  Pb-acid:
    cost: 95.8079
    lifetime: 8.9099
    annual_cost: 10.752971413820582
    efficiency: 0.703803
    discharge_ratio: 5
    depth_of_discharge: 0.5
  VRBF:
    cost: 338.353
    lifetime: 16.3703
    annual_cost: 20.66871101934601
    efficiency: 0.672465
    discharge_ratio: 0.5
    depth_of_discharge: 1.0
