cost_values:
  wind_capex: 5000.0
  wind_opex: 100
  wind_lifetime: 20
  solar_capex: 1000.0
  solar_opex: 10
  solar_lifetime: 20
  carbon_price: 1.0
timeseries_values:
  load_level: 265099.57624196995
  wind_year: 2014
  solar_year: 2015
  price_year: 2023
  carbon_year: 2023
storage_values:
  CAES:
    cost: 52.8893
    lifetime: 22.013
    annual_cost: 2.4026393494753098
    efficiency: 0.584006
    discharge_ratio: 0.1
    depth_of_discharge: 0.4
  Li-ion:
    cost: 132.602
    lifetime: 13.9298
    annual_cost: 9.519303938319286
    efficiency: 0.92586
    discharge_ratio: 2
    depth_of_discharge: 0.9
  Pb-acid:
    cost: 95.369
    lifetime: 8.19545
    annual_cost: 11.636822871227329
    efficiency: 0.705092
    discharge_ratio: 5
    depth_of_discharge: 0.5
  VRBF:
    cost: 370.723
    lifetime: 15.9191
    annual_cost: 23.287937132124306
    efficiency: 0.702429
    discharge_ratio: 0.5
    depth_of_discharge: 1.0
