cost_values:
  wind_capex: 5000.0
  wind_opex: 100
  wind_lifetime: 20
  solar_capex: 1000.0
  solar_opex: 10
  solar_lifetime: 20
  carbon_price: 1.0
timeseries_values:
  load_level: 265099.57624196995
  wind_year: 2014
  solar_year: 2015
  price_year: 2023
  carbon_year: 2023
storage_values:
  CAES:
    cost: 56.7601
    lifetime: 20.9814
    annual_cost: 2.705257990410554
    efficiency: 0.595567
    discharge_ratio: 0.1
    depth_of_discharge: 0.4
  Li-ion:
    cost: 172.466
    lifetime: 14.3098
    annual_cost: 12.052299822499268
    efficiency: 0.916842
    discharge_ratio: 2
    depth_of_discharge: 0.9
  Pb-acid:
    cost: 96.3996
    lifetime: 9.39623
    annual_cost: 10.25939126649731
    efficiency: 0.696103
    discharge_ratio: 5
    depth_of_discharge: 0.5
  VRBF:
    cost: 351.717
    lifetime: 12.6688
    annual_cost: 27.762455796918413
    efficiency: 0.697476
    discharge_ratio: 0.5
    depth_of_discharge: 1.0
