cost_values:
  wind_capex: 5000.0
  wind_opex: 100
  wind_lifetime: 20
  solar_capex: 1000.0
  solar_opex: 10
  solar_lifetime: 20
  carbon_price: 1.0
timeseries_values:
  load_level: 265099.57624196995
  wind_year: 2014
  solar_year: 2015
  price_year: 2023
  carbon_year: 2023
storage_values:
  CAES:
    cost: 49.8888
    lifetime: 21.9126
    annual_cost: 2.276717504997125
    efficiency: 0.597364
    discharge_ratio: 0.1
    depth_of_discharge: 0.4
  Li-ion:
    cost: 162.251
    lifetime: 14.7942
    annual_cost: 10.967203363480284
    efficiency: 0.921619
    discharge_ratio: 2
    depth_of_discharge: 0.9
  Pb-acid:
    cost: 88.8845
    lifetime: 8.79563
    annual_cost: 10.105529677805912
    efficiency: 0.708036
    discharge_ratio: 5
    depth_of_discharge: 0.5
  VRBF:
    cost: 356.839
    lifetime: 14.2651
    annual_cost: 25.014826394487244
    efficiency: 0.683774
    discharge_ratio: 0.5
    depth_of_discharge: 1.0
