cost_values:
  wind_capex: 5000.0
  wind_opex: 100
  wind_lifetime: 20
  solar_capex: 1000.0
  solar_opex: 10
  solar_lifetime: 20
  carbon_price: 1.0
timeseries_values:
  load_level: 265099.57624196995
  wind_year: 2014
  solar_year: 2015
  price_year: 2023
  carbon_year: 2023
storage_values:
  CAES:
    cost: 53.6029
    lifetime: 21.7407
    annual_cost: 2.4655553869010656
    efficiency: 0.60477
    discharge_ratio: 0.1
    depth_of_discharge: 0.4
  Li-ion:
    cost: 163.11
    lifetime: 15.6291
    annual_cost: 10.4363015144826
    efficiency: 0.92426
    discharge_ratio: 2
    depth_of_discharge: 0.9
  Pb-acid:
    cost: 95.8712
    lifetime: 8.05758
    annual_cost: 11.898262257402347
    efficiency: 0.731587
    discharge_ratio: 5
    depth_of_discharge: 0.5
  VRBF:
    cost: 350.037
    lifetime: 15.3357
    annual_cost: 22.82497701441734
    efficiency: 0.674855
    discharge_ratio: 0.5
    depth_of_discharge: 1.0
