cost_values:
  wind_capex: 5000.0
  wind_opex: 100
  wind_lifetime: 20
  solar_capex: 1000.0
  solar_opex: 10
  solar_lifetime: 20
  carbon_price: 1.0
timeseries_values:
  load_level: 265099.57624196995
  wind_year: 2014
  solar_year: 2015
  price_year: 2023
  carbon_year: 2023
storage_values:
  CAES:
    cost: 51.5729
    lifetime: 21.958
    annual_cost: 2.3487066217323984
    efficiency: 0.590493
    discharge_ratio: 0.1
    depth_of_discharge: 0.4
  Li-ion:
    cost: 151.188
    lifetime: 15.5707
    annual_cost: 9.709775411510078
    efficiency: 0.922208
    discharge_ratio: 2
    depth_of_discharge: 0.9
  Pb-acid:
    cost: 92.8275
    lifetime: 8.79605
    annual_cost: 10.553316545494853
    efficiency: 0.712097
    discharge_ratio: 5
    depth_of_discharge: 0.5
  VRBF:
    cost: 368.768
    lifetime: 15.0881
    annual_cost: 24.440983291468108
    efficiency: 0.678104
    discharge_ratio: 0.5
    depth_of_discharge: 1.0
