cost_values:
  wind_capex: 5000.0
  wind_opex: 100
  wind_lifetime: 20
  solar_capex: 1000.0
  solar_opex: 10
  solar_lifetime: 20
  carbon_price: 1.0
timeseries_values:
  load_level: 265099.57624196995
  wind_year: 2014
  solar_year: 2015
  price_year: 2023
  carbon_year: 2023
storage_values:
  CAES:
    cost: 55.1053
    lifetime: 22.2742
    annual_cost: 2.4739519264440473
    efficiency: 0.603045
    discharge_ratio: 0.1
    depth_of_discharge: 0.4
  Li-ion:
    cost: 140.475
    lifetime: 15.0526
    annual_cost: 9.332274822954174
    efficiency: 0.933513
    discharge_ratio: 2
    depth_of_discharge: 0.9
  Pb-acid:
    cost: 86.8149
    lifetime: 6.7255
    annual_cost: 12.908319084082967
    efficiency: 0.702105
    discharge_ratio: 5
    depth_of_discharge: 0.5
  VRBF:
    cost: 363.696
    lifetime: 15.6036
    annual_cost: 23.30846727678228
    efficiency: 0.696512
    discharge_ratio: 0.5
    depth_of_discharge: 1.0
