cost_values:
  wind_capex: 5000.0
  wind_opex: 100
  wind_lifetime: 20
  solar_capex: 1000.0
  solar_opex: 10
  solar_lifetime: 20
  carbon_price: 1.0
timeseries_values:
  load_level: 265099.57624196995
  wind_year: 2014
  solar_year: 2015
  price_year: 2023
  carbon_year: 2023
storage_values:
  CAES:
    cost: 57.684
    lifetime: 21.9475
    annual_cost: 2.628272012757717
    efficiency: 0.598618
    discharge_ratio: 0.1
    depth_of_discharge: 0.4
  Li-ion:
    cost: 155.772
    lifetime: 15.891
    annual_cost: 9.80252973381159
    efficiency: 0.919306
    discharge_ratio: 2
    depth_of_discharge: 0.9
  Pb-acid:
    cost: 104.553
    lifetime: 8.74921
    annual_cost: 11.949993199386002
    efficiency: 0.702749
    discharge_ratio: 5
    depth_of_discharge: 0.5
  VRBF:
    cost: 372.543
    lifetime: 14.9068
    annual_cost: 24.99148039820753
    efficiency: 0.689082
    discharge_ratio: 0.5
    depth_of_discharge: 1.0
