cost_values:
  wind_capex: 5000.0
  wind_opex: 100
  wind_lifetime: 20
  solar_capex: 1000.0
  solar_opex: 10
  solar_lifetime: 20
  carbon_price: 1.0
timeseries_values:
  load_level: 265099.57624196995
  wind_year: 2014
  solar_year: 2015
  price_year: 2023
  carbon_year: 2023
storage_values:
  CAES:
    cost: 62.1459
    lifetime: 21.3888
    annual_cost: 2.905534672351885
    efficiency: 0.587267
    discharge_ratio: 0.1
    depth_of_discharge: 0.4
  Li-ion:
    cost: 149.409
    lifetime: 14.848
    annual_cost: 10.06256734913793
    efficiency: 0.927596
    discharge_ratio: 2
    depth_of_discharge: 0.9
  Pb-acid:
    cost: 105.576
    lifetime: 9.05178
    annual_cost: 11.663562304872631
    efficiency: 0.709413
    discharge_ratio: 5
    depth_of_discharge: 0.5
  VRBF:
    cost: 364.609
    lifetime: 14.4422
    annual_cost: 25.24608439157469
    efficiency: 0.695876
    discharge_ratio: 0.5
    depth_of_discharge: 1.0
