cost_values:
  wind_capex: 5000.0
  wind_opex: 100
  wind_lifetime: 20
  solar_capex: 1000.0
  solar_opex: 10
  solar_lifetime: 20
  carbon_price: 1.0
timeseries_values:
  load_level: 265099.57624196995
  wind_year: 2014
  solar_year: 2015
  price_year: 2023
  carbon_year: 2023
storage_values:
  CAES:
    cost: 56.517
    lifetime: 22.367
    annual_cost: 2.5268028792417403
    efficiency: 0.595405
    discharge_ratio: 0.1
    depth_of_discharge: 0.4
  Li-ion:
    cost: 152.589
    lifetime: 16.6549
    annual_cost: 9.16180823661505
    efficiency: 0.925418
    discharge_ratio: 2
    depth_of_discharge: 0.9
  Pb-acid:
    cost: 98.9864
    lifetime: 9.61568
    annual_cost: 10.294269360045261
    efficiency: 0.709651
    discharge_ratio: 5
    depth_of_discharge: 0.5
  VRBF:
    cost: 381.373
    lifetime: 15.4516
    annual_cost: 24.681780527582905
    efficiency: 0.657174
    discharge_ratio: 0.5
    depth_of_discharge: 1.0
