cost_values:
  wind_capex: 5000.0
  wind_opex: 100
  wind_lifetime: 20
  solar_capex: 1000.0
  solar_opex: 10
  solar_lifetime: 20
  carbon_price: 1.0
timeseries_values:
  load_level: 265099.57624196995
  wind_year: 2014
  solar_year: 2015
  price_year: 2023
  carbon_year: 2023
storage_values:
  CAES:
    cost: 54.4886
    lifetime: 20.7308
    annual_cost: 2.628388677716248
    efficiency: 0.596858
    discharge_ratio: 0.1
    depth_of_discharge: 0.4
  Li-ion:
    cost: 179.556
    lifetime: 17.1678
    annual_cost: 10.458882326215358
    efficiency: 0.916165
    discharge_ratio: 2
    depth_of_discharge: 0.9
  Pb-acid:
    cost: 114.499
    lifetime: 8.72557
    annual_cost: 13.12223728650392
    efficiency: 0.695486
    discharge_ratio: 5
    depth_of_discharge: 0.5
  VRBF:
    cost: 394.833
    lifetime: 14.6381
    annual_cost: 26.972967803198504
    efficiency: 0.680358
    discharge_ratio: 0.5
    depth_of_discharge: 1.0
