cost_values:
  wind_capex: 5000.0
  wind_opex: 100
  wind_lifetime: 20
  solar_capex: 1000.0
  solar_opex: 10
  solar_lifetime: 20
  carbon_price: 1.0
timeseries_values:
  load_level: 265099.57624196995
  wind_year: 2014
  solar_year: 2015
  price_year: 2023
  carbon_year: 2023
storage_values:
  CAES:
    cost: 50.7946
    lifetime: 21.601
    annual_cost: 2.3514929864358134
    efficiency: 0.593905
    discharge_ratio: 0.1
    depth_of_discharge: 0.4
  Li-ion:
    cost: 149.868
    lifetime: 15.691
    annual_cost: 9.551207698680772
    efficiency: 0.922132
    discharge_ratio: 2
    depth_of_discharge: 0.9
  Pb-acid:
    cost: 79.7706
    lifetime: 8.96047
    annual_cost: 8.902501766090394
    efficiency: 0.728666
    discharge_ratio: 5
    depth_of_discharge: 0.5
  VRBF:
    cost: 357.698
    lifetime: 16.3934
    annual_cost: 21.8196347310503
    efficiency: 0.679781
    discharge_ratio: 0.5
    depth_of_discharge: 1.0
