cost_values:
  wind_capex: 5000.0
  wind_opex: 100
  wind_lifetime: 20
  solar_capex: 1000.0
  solar_opex: 10
  solar_lifetime: 20
  carbon_price: 1.0
timeseries_values:
  load_level: 265099.57624196995
  wind_year: 2014
  solar_year: 2015
  price_year: 2023
  carbon_year: 2023
storage_values:
  CAES:
    cost: 58.0287
    lifetime: 22.2623
    annual_cost: 2.6065905140079866
    efficiency: 0.607693
    discharge_ratio: 0.1
    depth_of_discharge: 0.4
  Li-ion:
    cost: 166.623
    lifetime: 13.8711
    annual_cost: 12.012241278629668
    efficiency: 0.911003
    discharge_ratio: 2
    depth_of_discharge: 0.9
  Pb-acid:
    cost: 91.3695
    lifetime: 7.51
    annual_cost: 12.166378162450068
    efficiency: 0.705251
    discharge_ratio: 5
    depth_of_discharge: 0.5
  VRBF:
    cost: 368.553
    lifetime: 14.9044
    annual_cost: 24.72779850245565
    efficiency: 0.684695
    discharge_ratio: 0.5
    depth_of_discharge: 1.0
