cost_values:
  wind_capex: 5000.0
  wind_opex: 100
  wind_lifetime: 20
  solar_capex: 1000.0
  solar_opex: 10
  solar_lifetime: 20
  carbon_price: 1.0
timeseries_values:
  load_level: 265099.57624196995
  wind_year: 2014
  solar_year: 2015
  price_year: 2023
  carbon_year: 2023
storage_values:
  CAES:
    cost: 53.5536
    lifetime: 21.8139
    annual_cost: 2.4550217980278632
    efficiency: 0.599588
    discharge_ratio: 0.1
    depth_of_discharge: 0.4
  Li-ion:
    cost: 158.165
    lifetime: 15.0593
    annual_cost: 10.502812215707237
    efficiency: 0.929964
    discharge_ratio: 2
    depth_of_discharge: 0.9
  Pb-acid:
    cost: 74.2138
    lifetime: 8.02542
    annual_cost: 9.247341572154479
    efficiency: 0.7155
    discharge_ratio: 5
    depth_of_discharge: 0.5
  VRBF:
    cost: 357.214
    lifetime: 12.832
    annual_cost: 27.8377493765586
    efficiency: 0.66671
    discharge_ratio: 0.5
    depth_of_discharge: 1.0
