cost_values:
  wind_capex: 5000.0
  wind_opex: 100
  wind_lifetime: 20
  solar_capex: 1000.0
  solar_opex: 10
  solar_lifetime: 20
  carbon_price: 1.0
timeseries_values:
  load_level: 265099.57624196995
  wind_year: 2014
  solar_year: 2015
  price_year: 2023
  carbon_year: 2023
storage_values:
  CAES:
    cost: 55.6062
    lifetime: 21.7856
    annual_cost: 2.5524291274970623
    efficiency: 0.599886
    discharge_ratio: 0.1
    depth_of_discharge: 0.4
  Li-ion:
    cost: 138.272
    lifetime: 15.4834
    annual_cost: 8.930338297789891
    efficiency: 0.919346
    discharge_ratio: 2
    depth_of_discharge: 0.9
  Pb-acid:
    cost: 92.6571
    lifetime: 9.53038
    annual_cost: 9.722288093444334
    efficiency: 0.714787
    discharge_ratio: 5
    depth_of_discharge: 0.5
  VRBF:
    cost: 364.944
    lifetime: 18.8678
    annual_cost: 19.342159658253745
    efficiency: 0.683853
    discharge_ratio: 0.5
    depth_of_discharge: 1.0
