cost_values:
  wind_capex: 5000.0
  wind_opex: 100
  wind_lifetime: 20
  solar_capex: 1000.0
  solar_opex: 10
  solar_lifetime: 20
  carbon_price: 1.0
timeseries_values:
  load_level: 265099.57624196995
  wind_year: 2014
  solar_year: 2015
  price_year: 2023
  carbon_year: 2023
storage_values:
  CAES:
    cost: 53.6445
    lifetime: 22.2281
    annual_cost: 2.41336416517831
    efficiency: 0.599198
    discharge_ratio: 0.1
    depth_of_discharge: 0.4
  Li-ion:
    cost: 164.066
    lifetime: 15.1508
    annual_cost: 10.828867122528184
    efficiency: 0.923526
    discharge_ratio: 2
    depth_of_discharge: 0.9
  Pb-acid:
    cost: 112.317
    lifetime: 8.28445
    annual_cost: 13.557568697982365
    efficiency: 0.701876
    discharge_ratio: 5
    depth_of_discharge: 0.5
  VRBF:
    cost: 356.183
    lifetime: 15.1307
    annual_cost: 23.54041782600937
    efficiency: 0.691068
    discharge_ratio: 0.5
    depth_of_discharge: 1.0
