cost_values:
  wind_capex: 5000.0
  wind_opex: 100
  wind_lifetime: 20
  solar_capex: 1000.0
  solar_opex: 10
  solar_lifetime: 20
  carbon_price: 1.0
timeseries_values:
  load_level: 265099.57624196995
  wind_year: 2014
  solar_year: 2015
  price_year: 2023
  carbon_year: 2023
storage_values:
  CAES:
    cost: 56.1199
    lifetime: 21.4702
    annual_cost: 2.6138508257957542
    efficiency: 0.60397
    discharge_ratio: 0.1
    depth_of_discharge: 0.4
  Li-ion:
    cost: 159.761
    lifetime: 15.7857
    annual_cost: 10.120615493769677
    efficiency: 0.920965
    discharge_ratio: 2
    depth_of_discharge: 0.9
  Pb-acid:
    cost: 77.101
    lifetime: 8.14205
    annual_cost: 9.469482501335658
    efficiency: 0.697429
    discharge_ratio: 5
    depth_of_discharge: 0.5
  VRBF:
    cost: 345.564
    lifetime: 12.853
    annual_cost: 26.885863222593947
    efficiency: 0.681655
    discharge_ratio: 0.5
    depth_of_discharge: 1.0
