cost_values:
  wind_capex: 5000.0
  wind_opex: 100
  wind_lifetime: 20
  solar_capex: 1000.0
  solar_opex: 10
  solar_lifetime: 20
  carbon_price: 1.0
timeseries_values:
  load_level: 265099.57624196995
  wind_year: 2014
  solar_year: 2015
  price_year: 2023
  carbon_year: 2023
storage_values:
  CAES:
    cost: 56.8545
    lifetime: 21.6574
    annual_cost: 2.625176613997987
    efficiency: 0.603128
    discharge_ratio: 0.1
    depth_of_discharge: 0.4
  Li-ion:
    cost: 166.418
    lifetime: 16.3165
    annual_cost: 10.199368737167896
    efficiency: 0.914507
    discharge_ratio: 2
    depth_of_discharge: 0.9
  Pb-acid:
    cost: 95.3834
    lifetime: 8.51779
    annual_cost: 11.198139423488957
    efficiency: 0.699243
    discharge_ratio: 5
    depth_of_discharge: 0.5
  VRBF:
    cost: 369.133
    lifetime: 16.9281
    annual_cost: 21.80593214832143
    efficiency: 0.686518
    discharge_ratio: 0.5
    depth_of_discharge: 1.0
