cost_values:
  wind_capex: 5000.0
  wind_opex: 100
  wind_lifetime: 20
  solar_capex: 1000.0
  solar_opex: 10
  solar_lifetime: 20
  carbon_price: 1.0
timeseries_values:
  load_level: 287758.7520025469
  wind_year: 2011
  solar_year: 2018
  price_year: 2023
  carbon_year: 2023
storage_values:
  CAES:
    cost: 64.0565
    lifetime: 23.3282
    annual_cost: 2.745882665615007
    efficiency: 0.581665
    discharge_ratio: 0.1
    depth_of_discharge: 0.4
  Li-ion:
    cost: 240.457
    lifetime: 18.8543
    annual_cost: 12.753430251984959
    efficiency: 0.928447
    discharge_ratio: 2
    depth_of_discharge: 0.9
  Pb-acid:
    cost: 140.581
    lifetime: 8.77967
    annual_cost: 16.012105238579583
    efficiency: 0.745484
    discharge_ratio: 5
    depth_of_discharge: 0.5
  VRBF:
    cost: 312.423
    lifetime: 22.121
    annual_cost: 14.123366936395282
    efficiency: 0.749074
    discharge_ratio: 0.5
    depth_of_discharge: 1.0
