cost_values:
  wind_capex: 5000.0
  wind_opex: 100
  wind_lifetime: 20
  solar_capex: 1000.0
  solar_opex: 10
  solar_lifetime: 20
  carbon_price: 1.0
timeseries_values:
  load_level: 287758.7520025469
  wind_year: 2011
  solar_year: 2018
  price_year: 2023
  carbon_year: 2023
storage_values:
  CAES:
    cost: 60.7203
    lifetime: 22.1184
    annual_cost: 2.7452392578125
    efficiency: 0.590575
    discharge_ratio: 0.1
    depth_of_discharge: 0.4
  Li-ion:
    cost: 243.161
    lifetime: 17.9227
    annual_cost: 13.567208065749023
    efficiency: 0.914908
    discharge_ratio: 2
    depth_of_discharge: 0.9
  Pb-acid:
    cost: 129.074
    lifetime: 9.60414
    annual_cost: 13.43941258665534
    efficiency: 0.755464
    discharge_ratio: 5
    depth_of_discharge: 0.5
  VRBF:
    cost: 331.41
    lifetime: 23.7777
    annual_cost: 13.937849329413696
    efficiency: 0.740326
    discharge_ratio: 0.5
    depth_of_discharge: 1.0
