cost_values:
  wind_capex: 5000.0
  wind_opex: 100
  wind_lifetime: 20
  solar_capex: 1000.0
  solar_opex: 10
  solar_lifetime: 20
  carbon_price: 1.0
timeseries_values:
  load_level: 287758.7520025469
  wind_year: 2011
  solar_year: 2018
  price_year: 2023
  carbon_year: 2023
storage_values:
  CAES:
    cost: 57.4666
    lifetime: 22.5244
    annual_cost: 2.551304363268278
    efficiency: 0.578357
    discharge_ratio: 0.1
    depth_of_discharge: 0.4
  Li-ion:
    cost: 231.967
    lifetime: 18.8634
    annual_cost: 12.297199868528475
    efficiency: 0.912373
    discharge_ratio: 2
    depth_of_discharge: 0.9
  Pb-acid:
    cost: 125.485
    lifetime: 8.90589
    annual_cost: 14.090113396864323
    efficiency: 0.725302
    discharge_ratio: 5
    depth_of_discharge: 0.5
  VRBF:
    cost: 323.482
    lifetime: 21.6018
    annual_cost: 14.974770620966773
    efficiency: 0.752052
    discharge_ratio: 0.5
    depth_of_discharge: 1.0
