cost_values:
  wind_capex: 5000.0
  wind_opex: 100
  wind_lifetime: 20
  solar_capex: 1000.0
  solar_opex: 10
  solar_lifetime: 20
  carbon_price: 1.0
timeseries_values:
  load_level: 287758.7520025469
  wind_year: 2011
  solar_year: 2018
  price_year: 2023
  carbon_year: 2023
storage_values:
  CAES:
    cost: 62.409
    lifetime: 22.4031
    annual_cost: 2.78573054621905
    efficiency: 0.587093
    discharge_ratio: 0.1
    depth_of_discharge: 0.4
  Li-ion:
    cost: 256.176
    lifetime: 18.7574
    annual_cost: 13.657329907129984
    efficiency: 0.932292
    discharge_ratio: 2
    depth_of_discharge: 0.9
  Pb-acid:
    cost: 147.359
    lifetime: 8.44506
    annual_cost: 17.44913594456404
    efficiency: 0.75278
    discharge_ratio: 5
    depth_of_discharge: 0.5
  VRBF:
    cost: 289.87
    lifetime: 23.3204
    annual_cost: 12.429889710296566
    efficiency: 0.750825
    discharge_ratio: 0.5
    depth_of_discharge: 1.0
