cost_values:
  wind_capex: 5000.0
  wind_opex: 100
  wind_lifetime: 20
  solar_capex: 1000.0
  solar_opex: 10
  solar_lifetime: 20
  carbon_price: 1.0
timeseries_values:
  load_level: 287758.7520025469
  wind_year: 2011
  solar_year: 2018
  price_year: 2023
  carbon_year: 2023
storage_values:
  CAES:
    cost: 65.4992
    lifetime: 23.0425
    annual_cost: 2.8425387870239773
    efficiency: 0.569065
    discharge_ratio: 0.1
    depth_of_discharge: 0.4
  Li-ion:
    cost: 246.309
    lifetime: 16.6213
    annual_cost: 14.818876983148128
    efficiency: 0.93522
    discharge_ratio: 2
    depth_of_discharge: 0.9
  Pb-acid:
    cost: 128.274
    lifetime: 11.3301
    annual_cost: 11.321524081870416
    efficiency: 0.750415
    discharge_ratio: 5
    depth_of_discharge: 0.5
  VRBF:
    cost: 340.53
    lifetime: 22.6836
    annual_cost: 15.01216738083902
    efficiency: 0.750196
    discharge_ratio: 0.5
    depth_of_discharge: 1.0
