cost_values:
  wind_capex: 5000.0
  wind_opex: 100
  wind_lifetime: 20
  solar_capex: 1000.0
  solar_opex: 10
  solar_lifetime: 20
  carbon_price: 1.0
timeseries_values:
  load_level: 287758.7520025469
  wind_year: 2011
  solar_year: 2018
  price_year: 2023
  carbon_year: 2023
storage_values:
  CAES:
    cost: 59.1297
    lifetime: 23.0773
    annual_cost: 2.562245149995883
    efficiency: 0.580073
    discharge_ratio: 0.1
    depth_of_discharge: 0.4
  Li-ion:
    cost: 246.792
    lifetime: 19.5663
    annual_cost: 12.613115407614114
    efficiency: 0.92171
    discharge_ratio: 2
    depth_of_discharge: 0.9
  Pb-acid:
    cost: 101.681
    lifetime: 10.9863
    annual_cost: 9.255254271228711
    efficiency: 0.763589
    discharge_ratio: 5
    depth_of_discharge: 0.5
  VRBF:
    cost: 302.973
    lifetime: 22.8646
    annual_cost: 13.250745694217263
    efficiency: 0.756729
    discharge_ratio: 0.5
    depth_of_discharge: 1.0
