cost_values:
  wind_capex: 5000.0
  wind_opex: 100
  wind_lifetime: 20
  solar_capex: 1000.0
  solar_opex: 10
  solar_lifetime: 20
  carbon_price: 1.0
timeseries_values:
  load_level: 287758.7520025469
  wind_year: 2011
  solar_year: 2018
  price_year: 2023
  carbon_year: 2023
storage_values:
  CAES:
    cost: 56.4044
    lifetime: 23.5941
    annual_cost: 2.390614602803243
    efficiency: 0.587877
    discharge_ratio: 0.1
    depth_of_discharge: 0.4
  Li-ion:
    cost: 250.738
    lifetime: 20.0395
    annual_cost: 12.512188427854985
    efficiency: 0.928197
    discharge_ratio: 2
    depth_of_discharge: 0.9
  Pb-acid:
    cost: 146.936
    lifetime: 8.99057
    annual_cost: 16.343346417412913
    efficiency: 0.730947
    discharge_ratio: 5
    depth_of_discharge: 0.5
  VRBF:
    cost: 319.644
    lifetime: 23.4961
    annual_cost: 13.604130047114204
    efficiency: 0.745832
    discharge_ratio: 0.5
    depth_of_discharge: 1.0
