cost_values:
  wind_capex: 5000.0
  wind_opex: 100
  wind_lifetime: 20
  solar_capex: 1000.0
  solar_opex: 10
  solar_lifetime: 20
  carbon_price: 1.0
timeseries_values:
  load_level: 287758.7520025469
  wind_year: 2011
  solar_year: 2018
  price_year: 2023
  carbon_year: 2023
storage_values:
  CAES:
    cost: 69.1213
    lifetime: 22.8763
    annual_cost: 3.0215244598121203
    efficiency: 0.584698
    discharge_ratio: 0.1
    depth_of_discharge: 0.4
  Li-ion:
    cost: 266.92
    lifetime: 17.8335
    annual_cost: 14.967336753862114
    efficiency: 0.929303
    discharge_ratio: 2
    depth_of_discharge: 0.9
  Pb-acid:
    cost: 148.619
    lifetime: 8.68708
    annual_cost: 17.10805011580416
    efficiency: 0.737653
    discharge_ratio: 5
    depth_of_discharge: 0.5
  VRBF:
    cost: 333.446
    lifetime: 22.285
    annual_cost: 14.962800089746468
    efficiency: 0.749667
    discharge_ratio: 0.5
    depth_of_discharge: 1.0
