cost_values:
  wind_capex: 5000.0
  wind_opex: 100
  wind_lifetime: 20
  solar_capex: 1000.0
  solar_opex: 10
  solar_lifetime: 20
  carbon_price: 1.0
timeseries_values:
  load_level: 287758.7520025469
  wind_year: 2011
  solar_year: 2018
  price_year: 2023
  carbon_year: 2023
storage_values:
  CAES:
    cost: 61.6147
    lifetime: 22.0044
    annual_cost: 2.8001081601861446
    efficiency: 0.568986
    discharge_ratio: 0.1
    depth_of_discharge: 0.4
  Li-ion:
    cost: 265.807
    lifetime: 19.931
    annual_cost: 13.336360443530179
    efficiency: 0.924869
    discharge_ratio: 2
    depth_of_discharge: 0.9
  Pb-acid:
    cost: 124.054
    lifetime: 8.31488
    annual_cost: 14.919517780172413
    efficiency: 0.733908
    discharge_ratio: 5
    depth_of_discharge: 0.5
  VRBF:
    cost: 281.515
    lifetime: 23.3972
    annual_cost: 12.031995281486672
    efficiency: 0.743536
    discharge_ratio: 0.5
    depth_of_discharge: 1.0
