cost_values:
  wind_capex: 5000.0
  wind_opex: 100
  wind_lifetime: 20
  solar_capex: 1000.0
  solar_opex: 10
  solar_lifetime: 20
  carbon_price: 1.0
timeseries_values:
  load_level: 287758.7520025469
  wind_year: 2011
  solar_year: 2018
  price_year: 2023
  carbon_year: 2023
storage_values:
  CAES:
    cost: 59.4662
    lifetime: 22.2164
    annual_cost: 2.676680290236042
    efficiency: 0.585664
    discharge_ratio: 0.1
    depth_of_discharge: 0.4
  Li-ion:
    cost: 249.297
    lifetime: 19.9453
    annual_cost: 12.499034860343038
    efficiency: 0.91576
    discharge_ratio: 2
    depth_of_discharge: 0.9
  Pb-acid:
    cost: 115.34
    lifetime: 9.82
    annual_cost: 11.74541751527495
    efficiency: 0.73113
    discharge_ratio: 5
    depth_of_discharge: 0.5
  VRBF:
    cost: 318.922
    lifetime: 24.3645
    annual_cost: 13.089618091895998
    efficiency: 0.736177
    discharge_ratio: 0.5
    depth_of_discharge: 1.0
