cost_values:
  wind_capex: 5000.0
  wind_opex: 100
  wind_lifetime: 20
  solar_capex: 1000.0
  solar_opex: 10
  solar_lifetime: 20
  carbon_price: 1.0
timeseries_values:
  load_level: 287758.7520025469
  wind_year: 2011
  solar_year: 2018
  price_year: 2023
  carbon_year: 2023
storage_values:
  CAES:
    cost: 55.8248
    lifetime: 22.4193
    annual_cost: 2.490033141088259
    efficiency: 0.578605
    discharge_ratio: 0.1
    depth_of_discharge: 0.4
  Li-ion:
    cost: 242.545
    lifetime: 16.944
    annual_cost: 14.314506610009444
    efficiency: 0.918111
    discharge_ratio: 2
    depth_of_discharge: 0.9
  Pb-acid:
    cost: 150.306
    lifetime: 8.6666
    annual_cost: 17.34313340871853
    efficiency: 0.724536
    discharge_ratio: 5
    depth_of_discharge: 0.5
  VRBF:
    cost: 346.218
    lifetime: 21.0806
    annual_cost: 16.423536331982962
    efficiency: 0.726485
    discharge_ratio: 0.5
    depth_of_discharge: 1.0
