cost_values:
  wind_capex: 5000.0
  wind_opex: 100
  wind_lifetime: 20
  solar_capex: 1000.0
  solar_opex: 10
  solar_lifetime: 20
  carbon_price: 1.0
timeseries_values:
  load_level: 287758.7520025469
  wind_year: 2011
  solar_year: 2018
  price_year: 2023
  carbon_year: 2023
storage_values:
  CAES:
    cost: 59.3594
    lifetime: 22.8566
    annual_cost: 2.5970354295914526
    efficiency: 0.581628
    discharge_ratio: 0.1
    depth_of_discharge: 0.4
  Li-ion:
    cost: 211.614
    lifetime: 22.1578
    annual_cost: 9.550316367148362
    efficiency: 0.921329
    discharge_ratio: 2
    depth_of_discharge: 0.9
  Pb-acid:
    cost: 156.135
    lifetime: 8.27716
    annual_cost: 18.863354097299073
    efficiency: 0.734381
    discharge_ratio: 5
    depth_of_discharge: 0.5
  VRBF:
    cost: 313.99
    lifetime: 19.583
    annual_cost: 16.033804830720523
    efficiency: 0.76073
    discharge_ratio: 0.5
    depth_of_discharge: 1.0
