cost_values:
  wind_capex: 5000.0
  wind_opex: 100
  wind_lifetime: 20
  solar_capex: 1000.0
  solar_opex: 10
  solar_lifetime: 20
  carbon_price: 1.0
timeseries_values:
  load_level: 287758.7520025469
  wind_year: 2011
  solar_year: 2018
  price_year: 2023
  carbon_year: 2023
storage_values:
  CAES:
    cost: 61.2074
    lifetime: 24.2435
    annual_cost: 2.524693216738507
    efficiency: 0.590576
    discharge_ratio: 0.1
    depth_of_discharge: 0.4
  Li-ion:
    cost: 259.926
    lifetime: 18.5089
    annual_cost: 14.04329808902744
    efficiency: 0.918035
    discharge_ratio: 2
    depth_of_discharge: 0.9
  Pb-acid:
    cost: 137.034
    lifetime: 8.82176
    annual_cost: 15.533635011607661
    efficiency: 0.747402
    discharge_ratio: 5
    depth_of_discharge: 0.5
  VRBF:
    cost: 334.593
    lifetime: 22.8144
    annual_cost: 14.665868924889544
    efficiency: 0.723745
    discharge_ratio: 0.5
    depth_of_discharge: 1.0
