cost_values:
  wind_capex: 5000.0
  wind_opex: 100
  wind_lifetime: 20
  solar_capex: 1000.0
  solar_opex: 10
  solar_lifetime: 20
  carbon_price: 1.0
timeseries_values:
  load_level: 287758.7520025469
  wind_year: 2011
  solar_year: 2018
  price_year: 2023
  carbon_year: 2023
storage_values:
  CAES:
    cost: 61.7679
    lifetime: 23.0594
    annual_cost: 2.678642982905019
    efficiency: 0.576711
    discharge_ratio: 0.1
    depth_of_discharge: 0.4
  Li-ion:
    cost: 254.686
    lifetime: 20.2635
    annual_cost: 12.568707281565377
    efficiency: 0.927678
    discharge_ratio: 2
    depth_of_discharge: 0.9
  Pb-acid:
    cost: 145.734
    lifetime: 9.42487
    annual_cost: 15.462706647412643
    efficiency: 0.741801
    discharge_ratio: 5
    depth_of_discharge: 0.5
  VRBF:
    cost: 334.163
    lifetime: 21.0828
    annual_cost: 15.85002940785854
    efficiency: 0.745999
    discharge_ratio: 0.5
    depth_of_discharge: 1.0
