cost_values:
  wind_capex: 5000.0
  wind_opex: 100
  wind_lifetime: 20
  solar_capex: 1000.0
  solar_opex: 10
  solar_lifetime: 20
  carbon_price: 1.0
timeseries_values:
  load_level: 287758.7520025469
  wind_year: 2011
  solar_year: 2018
  price_year: 2023
  carbon_year: 2023
storage_values:
  CAES:
    cost: 65.7316
    lifetime: 21.5533
    annual_cost: 3.0497232442363815
    efficiency: 0.579887
    discharge_ratio: 0.1
    depth_of_discharge: 0.4
  Li-ion:
    cost: 233.694
    lifetime: 21.1189
    annual_cost: 11.065633153241881
    efficiency: 0.926214
    discharge_ratio: 2
    depth_of_discharge: 0.9
  Pb-acid:
    cost: 112.586
    lifetime: 10.2778
    annual_cost: 10.954289828562533
    efficiency: 0.757709
    discharge_ratio: 5
    depth_of_discharge: 0.5
  VRBF:
    cost: 326.92
    lifetime: 25.3649
    annual_cost: 12.888676872370876
    efficiency: 0.743039
    discharge_ratio: 0.5
    depth_of_discharge: 1.0
