cost_values:
  wind_capex: 5000.0
  wind_opex: 100
  wind_lifetime: 20
  solar_capex: 1000.0
  solar_opex: 10
  solar_lifetime: 20
  carbon_price: 1.0
timeseries_values:
  load_level: 287758.7520025469
  wind_year: 2011
  solar_year: 2018
  price_year: 2023
  carbon_year: 2023
storage_values:
  CAES:
    cost: 61.2529
    lifetime: 23.067
    annual_cost: 2.6554341700264446
    efficiency: 0.577848
    discharge_ratio: 0.1
    depth_of_discharge: 0.4
  Li-ion:
    cost: 230.46
    lifetime: 19.985
    annual_cost: 11.531648736552414
    efficiency: 0.914192
    discharge_ratio: 2
    depth_of_discharge: 0.9
  Pb-acid:
    cost: 120.839
    lifetime: 9.98083
    annual_cost: 12.107109328582894
    efficiency: 0.743259
    discharge_ratio: 5
    depth_of_discharge: 0.5
  VRBF:
    cost: 329.8
    lifetime: 22.5924
    annual_cost: 14.59782935854535
    efficiency: 0.749674
    discharge_ratio: 0.5
    depth_of_discharge: 1.0
