cost_values:
  wind_capex: 5000.0
  wind_opex: 100
  wind_lifetime: 20
  solar_capex: 1000.0
  solar_opex: 10
  solar_lifetime: 20
  carbon_price: 1.0
timeseries_values:
  load_level: 287758.7520025469
  wind_year: 2011
  solar_year: 2018
  price_year: 2023
  carbon_year: 2023
storage_values:
  CAES:
    cost: 55.2244
    lifetime: 22.8411
    annual_cost: 2.4177644684362836
    efficiency: 0.583411
    discharge_ratio: 0.1
    depth_of_discharge: 0.4
  Li-ion:
    cost: 232.039
    lifetime: 18.7628
    annual_cost: 12.366970814590573
    efficiency: 0.922164
    discharge_ratio: 2
    depth_of_discharge: 0.9
  Pb-acid:
    cost: 138.615
    lifetime: 9.33537
    annual_cost: 14.848367017054494
    efficiency: 0.737013
    discharge_ratio: 5
    depth_of_discharge: 0.5
  VRBF:
    cost: 312.334
    lifetime: 21.5017
    annual_cost: 14.526014222131273
    efficiency: 0.730928
    discharge_ratio: 0.5
    depth_of_discharge: 1.0
