cost_values:
  wind_capex: 5000.0
  wind_opex: 100
  wind_lifetime: 20
  solar_capex: 1000.0
  solar_opex: 10
  solar_lifetime: 20
  carbon_price: 1.0
timeseries_values:
  load_level: 287758.7520025469
  wind_year: 2011
  solar_year: 2018
  price_year: 2023
  carbon_year: 2023
storage_values:
  CAES:
    cost: 57.0499
    lifetime: 22.6887
    annual_cost: 2.5144631468528384
    efficiency: 0.576064
    discharge_ratio: 0.1
    depth_of_discharge: 0.4
  Li-ion:
    cost: 209.687
    lifetime: 20.3473
    annual_cost: 10.305396784831403
    efficiency: 0.932289
    discharge_ratio: 2
    depth_of_discharge: 0.9
  Pb-acid:
    cost: 156.27
    lifetime: 8.68325
    annual_cost: 17.99671781878905
    efficiency: 0.747201
    discharge_ratio: 5
    depth_of_discharge: 0.5
  VRBF:
    cost: 298.891
    lifetime: 24.571
    annual_cost: 12.164380774083268
    efficiency: 0.739266
    discharge_ratio: 0.5
    depth_of_discharge: 1.0
