cost_values:
  wind_capex: 5000.0
  wind_opex: 100
  wind_lifetime: 20
  solar_capex: 1000.0
  solar_opex: 10
  solar_lifetime: 20
  carbon_price: 1.0
timeseries_values:
  load_level: 287758.7520025469
  wind_year: 2011
  solar_year: 2018
  price_year: 2023
  carbon_year: 2023
storage_values:
  CAES:
    cost: 65.966
    lifetime: 23.4065
    annual_cost: 2.818276974344733
    efficiency: 0.57557
    discharge_ratio: 0.1
    depth_of_discharge: 0.4
  Li-ion:
    cost: 258.85
    lifetime: 21.279
    annual_cost: 12.164575402979464
    efficiency: 0.935664
    discharge_ratio: 2
    depth_of_discharge: 0.9
  Pb-acid:
    cost: 152.517
    lifetime: 8.91635
    annual_cost: 17.10531775894845
    efficiency: 0.755621
    discharge_ratio: 5
    depth_of_discharge: 0.5
  VRBF:
    cost: 288.609
    lifetime: 22.9613
    annual_cost: 12.56936671704128
    efficiency: 0.733752
    discharge_ratio: 0.5
    depth_of_discharge: 1.0
