cost_values:
  wind_capex: 5000.0
  wind_opex: 100
  wind_lifetime: 20
  solar_capex: 1000.0
  solar_opex: 10
  solar_lifetime: 20
  carbon_price: 1.0
timeseries_values:
  load_level: 287758.7520025469
  wind_year: 2011
  solar_year: 2018
  price_year: 2023
  carbon_year: 2023
storage_values:
  CAES:
    cost: 63.3695
    lifetime: 22.4432
    annual_cost: 2.8235501176302846
    efficiency: 0.59005
    discharge_ratio: 0.1
    depth_of_discharge: 0.4
  Li-ion:
    cost: 235.03
    lifetime: 19.4767
    annual_cost: 12.06723931672203
    efficiency: 0.932671
    discharge_ratio: 2
    depth_of_discharge: 0.9
  Pb-acid:
    cost: 151.83
    lifetime: 8.45934
    annual_cost: 17.94820872550341
    efficiency: 0.737172
    discharge_ratio: 5
    depth_of_discharge: 0.5
  VRBF:
    cost: 309.594
    lifetime: 19.7582
    annual_cost: 15.669139901408023
    efficiency: 0.74216
    discharge_ratio: 0.5
    depth_of_discharge: 1.0
