cost_values:
  wind_capex: 5000.0
  wind_opex: 100
  wind_lifetime: 20
  solar_capex: 1000.0
  solar_opex: 10
  solar_lifetime: 20
  carbon_price: 1.0
timeseries_values:
  load_level: 287758.7520025469
  wind_year: 2011
  solar_year: 2018
  price_year: 2023
  carbon_year: 2023
storage_values:
  CAES:
    cost: 58.8164
    lifetime: 22.4133
    annual_cost: 2.6241740395211774
    efficiency: 0.581643
    discharge_ratio: 0.1
    depth_of_discharge: 0.4
  Li-ion:
    cost: 235.871
    lifetime: 19.6702
    annual_cost: 11.991286311272889
    efficiency: 0.935982
    discharge_ratio: 2
    depth_of_discharge: 0.9
  Pb-acid:
    cost: 141.565
    lifetime: 10.0616
    annual_cost: 14.069829848135484
    efficiency: 0.755254
    discharge_ratio: 5
    depth_of_discharge: 0.5
  VRBF:
    cost: 313.502
    lifetime: 21.1445
    annual_cost: 14.826645226891154
    efficiency: 0.743666
    discharge_ratio: 0.5
    depth_of_discharge: 1.0
