cost_values:
  wind_capex: 5000.0
  wind_opex: 100
  wind_lifetime: 20
  solar_capex: 1000.0
  solar_opex: 10
  solar_lifetime: 20
  carbon_price: 1.0
timeseries_values:
  load_level: 287758.7520025469
  wind_year: 2011
  solar_year: 2018
  price_year: 2023
  carbon_year: 2023
storage_values:
  CAES:
    cost: 56.1702
    lifetime: 22.9064
    annual_cost: 2.4521618412321446
    efficiency: 0.57839
    discharge_ratio: 0.1
    depth_of_discharge: 0.4
  Li-ion:
    cost: 235.061
    lifetime: 20.5572
    annual_cost: 11.434485241180704
    efficiency: 0.924962
    discharge_ratio: 2
    depth_of_discharge: 0.9
  Pb-acid:
    cost: 138.848
    lifetime: 9.17169
    annual_cost: 15.138758505793373
    efficiency: 0.751173
    discharge_ratio: 5
    depth_of_discharge: 0.5
  VRBF:
    cost: 291.77
    lifetime: 22.4848
    annual_cost: 12.976321781825943
    efficiency: 0.748458
    discharge_ratio: 0.5
    depth_of_discharge: 1.0
