cost_values:
  wind_capex: 5000.0
  wind_opex: 100
  wind_lifetime: 20
  solar_capex: 1000.0
  solar_opex: 10
  solar_lifetime: 20
  carbon_price: 1.0
timeseries_values:
  load_level: 287758.7520025469
  wind_year: 2011
  solar_year: 2018
  price_year: 2023
  carbon_year: 2023
storage_values:
  CAES:
    cost: 58.3156
    lifetime: 23.0494
    annual_cost: 2.5300268119777525
    efficiency: 0.575003
    discharge_ratio: 0.1
    depth_of_discharge: 0.4
  Li-ion:
    cost: 244.347
    lifetime: 18.8964
    annual_cost: 12.930875722359815
    efficiency: 0.929686
    discharge_ratio: 2
    depth_of_discharge: 0.9
  Pb-acid:
    cost: 150.984
    lifetime: 10.1953
    annual_cost: 14.809176777534748
    efficiency: 0.735559
    discharge_ratio: 5
    depth_of_discharge: 0.5
  VRBF:
    cost: 283.906
    lifetime: 22.2648
    annual_cost: 12.751338435557471
    efficiency: 0.77123
    discharge_ratio: 0.5
    depth_of_discharge: 1.0
