cost_values:
  wind_capex: 5000.0
  wind_opex: 100
  wind_lifetime: 20
  solar_capex: 1000.0
  solar_opex: 10
  solar_lifetime: 20
  carbon_price: 1.0
timeseries_values:
  load_level: 287758.7520025469
  wind_year: 2011
  solar_year: 2018
  price_year: 2023
  carbon_year: 2023
storage_values:
  CAES:
    cost: 62.4131
    lifetime: 23.7603
    annual_cost: 2.6267808066396467
    efficiency: 0.58002
    discharge_ratio: 0.1
    depth_of_discharge: 0.4
  Li-ion:
    cost: 253.791
    lifetime: 19.0569
    annual_cost: 13.317538529351575
    efficiency: 0.909089
    discharge_ratio: 2
    depth_of_discharge: 0.9
  Pb-acid:
    cost: 142.802
    lifetime: 8.08815
    annual_cost: 17.655706187447066
    efficiency: 0.746418
    discharge_ratio: 5
    depth_of_discharge: 0.5
  VRBF:
    cost: 329.788
    lifetime: 21.9471
    annual_cost: 15.026495527882956
    efficiency: 0.759281
    discharge_ratio: 0.5
    depth_of_discharge: 1.0
