cost_values:
  wind_capex: 5000.0
  wind_opex: 100
  wind_lifetime: 20
  solar_capex: 1000.0
  solar_opex: 10
  solar_lifetime: 20
  carbon_price: 1.0
timeseries_values:
  load_level: 287758.7520025469
  wind_year: 2011
  solar_year: 2018
  price_year: 2023
  carbon_year: 2023
storage_values:
  CAES:
    cost: 62.5646
    lifetime: 22.5442
    annual_cost: 2.7751971682295222
    efficiency: 0.586728
    discharge_ratio: 0.1
    depth_of_discharge: 0.4
  Li-ion:
    cost: 221.664
    lifetime: 21.551
    annual_cost: 10.28555519465454
    efficiency: 0.925479
    discharge_ratio: 2
    depth_of_discharge: 0.9
  Pb-acid:
    cost: 148.081
    lifetime: 9.16227
    annual_cost: 16.162042812534448
    efficiency: 0.73964
    discharge_ratio: 5
    depth_of_discharge: 0.5
  VRBF:
    cost: 335.999
    lifetime: 21.4773
    annual_cost: 15.644378017721037
    efficiency: 0.746633
    discharge_ratio: 0.5
    depth_of_discharge: 1.0
