cost_values:
  wind_capex: 5000.0
  wind_opex: 100
  wind_lifetime: 20
  solar_capex: 1000.0
  solar_opex: 10
  solar_lifetime: 20
  carbon_price: 1.0
timeseries_values:
  load_level: 287758.7520025469
  wind_year: 2011
  solar_year: 2018
  price_year: 2023
  carbon_year: 2023
storage_values:
  CAES:
    cost: 64.5097
    lifetime: 23.5509
    annual_cost: 2.7391607114802405
    efficiency: 0.581621
    discharge_ratio: 0.1
    depth_of_discharge: 0.4
  Li-ion:
    cost: 247.474
    lifetime: 20.8062
    annual_cost: 11.894243062164161
    efficiency: 0.921825
    discharge_ratio: 2
    depth_of_discharge: 0.9
  Pb-acid:
    cost: 134.066
    lifetime: 8.2769
    annual_cost: 16.197610216385364
    efficiency: 0.723694
    discharge_ratio: 5
    depth_of_discharge: 0.5
  VRBF:
    cost: 304.876
    lifetime: 22.057
    annual_cost: 13.82218796753865
    efficiency: 0.73219
    discharge_ratio: 0.5
    depth_of_discharge: 1.0
