cost_values:
  wind_capex: 5000.0
  wind_opex: 100
  wind_lifetime: 20
  solar_capex: 1000.0
  solar_opex: 10
  solar_lifetime: 20
  carbon_price: 1.0
timeseries_values:
  load_level: 287758.7520025469
  wind_year: 2011
  solar_year: 2018
  price_year: 2023
  carbon_year: 2023
storage_values:
  CAES:
    cost: 69.2842
    lifetime: 23.0744
    annual_cost: 3.002643622369379
    efficiency: 0.581505
    discharge_ratio: 0.1
    depth_of_discharge: 0.4
  Li-ion:
    cost: 244.592
    lifetime: 19.5416
    annual_cost: 12.516477668154094
    efficiency: 0.915551
    discharge_ratio: 2
    depth_of_discharge: 0.9
  Pb-acid:
    cost: 143.991
    lifetime: 9.6
    annual_cost: 14.999062500000003
    efficiency: 0.737858
    discharge_ratio: 5
    depth_of_discharge: 0.5
  VRBF:
    cost: 323.11
    lifetime: 20.2139
    annual_cost: 15.984545288143309
    efficiency: 0.741342
    discharge_ratio: 0.5
    depth_of_discharge: 1.0
