cost_values:
  wind_capex: 5000.0
  wind_opex: 100
  wind_lifetime: 20
  solar_capex: 1000.0
  solar_opex: 10
  solar_lifetime: 20
  carbon_price: 1.0
timeseries_values:
  load_level: 287758.7520025469
  wind_year: 2011
  solar_year: 2018
  price_year: 2023
  carbon_year: 2023
storage_values:
  CAES:
    cost: 53.1893
    lifetime: 22.592
    annual_cost: 2.3543422450424933
    efficiency: 0.579419
    discharge_ratio: 0.1
    depth_of_discharge: 0.4
  Li-ion:
    cost: 246.459
    lifetime: 17.3287
    annual_cost: 14.22259026932199
    efficiency: 0.932083
    discharge_ratio: 2
    depth_of_discharge: 0.9
  Pb-acid:
    cost: 141.818
    lifetime: 8.90894
    annual_cost: 15.918616580648205
    efficiency: 0.749136
    discharge_ratio: 5
    depth_of_discharge: 0.5
  VRBF:
    cost: 305.597
    lifetime: 22.3489
    annual_cost: 13.67391683707028
    efficiency: 0.735673
    discharge_ratio: 0.5
    depth_of_discharge: 1.0
