cost_values:
  wind_capex: 5000.0
  wind_opex: 100
  wind_lifetime: 20
  solar_capex: 1000.0
  solar_opex: 10
  solar_lifetime: 20
  carbon_price: 1.0
timeseries_values:
  load_level: 287758.7520025469
  wind_year: 2011
  solar_year: 2018
  price_year: 2023
  carbon_year: 2023
storage_values:
  CAES:
    cost: 63.6997
    lifetime: 23.1241
    annual_cost: 2.7546888311328876
    efficiency: 0.578844
    discharge_ratio: 0.1
    depth_of_discharge: 0.4
  Li-ion:
    cost: 235.148
    lifetime: 17.7287
    annual_cost: 13.26369107717994
    efficiency: 0.917474
    discharge_ratio: 2
    depth_of_discharge: 0.9
  Pb-acid:
    cost: 131.348
    lifetime: 10.318
    annual_cost: 12.72998643147897
    efficiency: 0.739426
    discharge_ratio: 5
    depth_of_discharge: 0.5
  VRBF:
    cost: 303.013
    lifetime: 21.0275
    annual_cost: 14.41031981928427
    efficiency: 0.741902
    discharge_ratio: 0.5
    depth_of_discharge: 1.0
