cost_values:
  wind_capex: 5000.0
  wind_opex: 100
  wind_lifetime: 20
  solar_capex: 1000.0
  solar_opex: 10
  solar_lifetime: 20
  carbon_price: 1.0
timeseries_values:
  load_level: 287758.7520025469
  wind_year: 2011
  solar_year: 2018
  price_year: 2023
  carbon_year: 2023
storage_values:
  CAES:
    cost: 57.4824
    lifetime: 23.0977
    annual_cost: 2.488663373409474
    efficiency: 0.5812
    discharge_ratio: 0.1
    depth_of_discharge: 0.4
  Li-ion:
    cost: 234.51
    lifetime: 17.9757
    annual_cost: 13.045945359568751
    efficiency: 0.92033
    discharge_ratio: 2
    depth_of_discharge: 0.9
  Pb-acid:
    cost: 143.473
    lifetime: 8.94361
    annual_cost: 16.04195621231248
    efficiency: 0.74097
    discharge_ratio: 5
    depth_of_discharge: 0.5
  VRBF:
    cost: 321.22
    lifetime: 21.0508
    annual_cost: 15.259277557147474
    efficiency: 0.729157
    discharge_ratio: 0.5
    depth_of_discharge: 1.0
