cost_values:
  wind_capex: 5000.0
  wind_opex: 100
  wind_lifetime: 20
  solar_capex: 1000.0
  solar_opex: 10
  solar_lifetime: 20
  carbon_price: 1.0
timeseries_values:
  load_level: 287758.7520025469
  wind_year: 2011
  solar_year: 2018
  price_year: 2023
  carbon_year: 2023
storage_values:
  CAES:
    cost: 65.317
    lifetime: 22.176
    annual_cost: 2.945391414141414
    efficiency: 0.58606
    discharge_ratio: 0.1
    depth_of_discharge: 0.4
  Li-ion:
    cost: 246.544
    lifetime: 17.8558
    annual_cost: 13.807502324174779
    efficiency: 0.932785
    discharge_ratio: 2
    depth_of_discharge: 0.9
  Pb-acid:
    cost: 169.652
    lifetime: 10.816
    annual_cost: 15.685281065088756
    efficiency: 0.74524
    discharge_ratio: 5
    depth_of_discharge: 0.5
  VRBF:
    cost: 305.658
    lifetime: 21.865
    annual_cost: 13.979327692659503
    efficiency: 0.727431
    discharge_ratio: 0.5
    depth_of_discharge: 1.0
