cost_values:
  wind_capex: 5000.0
  wind_opex: 100
  wind_lifetime: 20
  solar_capex: 1000.0
  solar_opex: 10
  solar_lifetime: 20
  carbon_price: 1.0
timeseries_values:
  load_level: 287758.7520025469
  wind_year: 2011
  solar_year: 2018
  price_year: 2023
  carbon_year: 2023
storage_values:
  CAES:
    cost: 54.4992
    lifetime: 22.9196
    annual_cost: 2.3778425452451177
    efficiency: 0.58082
    discharge_ratio: 0.1
    depth_of_discharge: 0.4
  Li-ion:
    cost: 237.818
    lifetime: 21.7289
    annual_cost: 10.944778612815192
    efficiency: 0.929662
    discharge_ratio: 2
    depth_of_discharge: 0.9
  Pb-acid:
    cost: 150.632
    lifetime: 9.32987
    annual_cost: 16.14513385502692
    efficiency: 0.735244
    discharge_ratio: 5
    depth_of_discharge: 0.5
  VRBF:
    cost: 318.334
    lifetime: 21.1917
    annual_cost: 15.021635829121779
    efficiency: 0.76203
    discharge_ratio: 0.5
    depth_of_discharge: 1.0
