cost_values:
  wind_capex: 5000.0
  wind_opex: 100
  wind_lifetime: 20
  solar_capex: 1000.0
  solar_opex: 10
  solar_lifetime: 20
  carbon_price: 1.0
timeseries_values:
  load_level: 287758.7520025469
  wind_year: 2011
  solar_year: 2018
  price_year: 2023
  carbon_year: 2023
storage_values:
  CAES:
    cost: 59.6686
    lifetime: 23.0987
    annual_cost: 2.5832016520410237
    efficiency: 0.576134
    discharge_ratio: 0.1
    depth_of_discharge: 0.4
  Li-ion:
    cost: 247.753
    lifetime: 20.0462
    annual_cost: 12.35910047789606
    efficiency: 0.90841
    discharge_ratio: 2
    depth_of_discharge: 0.9
  Pb-acid:
    cost: 145.234
    lifetime: 10.193
    annual_cost: 14.248405768664771
    efficiency: 0.73131
    discharge_ratio: 5
    depth_of_discharge: 0.5
  VRBF:
    cost: 312.595
    lifetime: 23.2745
    annual_cost: 13.43079335753722
    efficiency: 0.756138
    discharge_ratio: 0.5
    depth_of_discharge: 1.0
