cost_values:
  wind_capex: 5000.0
  wind_opex: 100
  wind_lifetime: 20
  solar_capex: 1000.0
  solar_opex: 10
  solar_lifetime: 20
  carbon_price: 1.0
timeseries_values:
  load_level: 287758.7520025469
  wind_year: 2011
  solar_year: 2018
  price_year: 2023
  carbon_year: 2023
storage_values:
  CAES:
    cost: 57.1783
    lifetime: 22.823
    annual_cost: 2.5052929062787537
    efficiency: 0.582622
    discharge_ratio: 0.1
    depth_of_discharge: 0.4
  Li-ion:
    cost: 229.2
    lifetime: 17.8161
    annual_cost: 12.864768383652988
    efficiency: 0.922143
    discharge_ratio: 2
    depth_of_discharge: 0.9
  Pb-acid:
    cost: 134.148
    lifetime: 9.89171
    annual_cost: 13.561659207558652
    efficiency: 0.735837
    discharge_ratio: 5
    depth_of_discharge: 0.5
  VRBF:
    cost: 318.266
    lifetime: 21.9295
    annual_cost: 14.51314439453704
    efficiency: 0.742829
    discharge_ratio: 0.5
    depth_of_discharge: 1.0
