cost_values:
  wind_capex: 5000.0
  wind_opex: 100
  wind_lifetime: 20
  solar_capex: 1000.0
  solar_opex: 10
  solar_lifetime: 20
  carbon_price: 1.0
timeseries_values:
  load_level: 287758.7520025469
  wind_year: 2011
  solar_year: 2018
  price_year: 2023
  carbon_year: 2023
storage_values:
  CAES:
    cost: 56.1131
    lifetime: 22.8593
    annual_cost: 2.4547164611339807
    efficiency: 0.583823
    discharge_ratio: 0.1
    depth_of_discharge: 0.4
  Li-ion:
    cost: 224.766
    lifetime: 17.2442
    annual_cost: 13.0342955892416
    efficiency: 0.929285
    discharge_ratio: 2
    depth_of_discharge: 0.9
  Pb-acid:
    cost: 130.41
    lifetime: 9.83789
    annual_cost: 13.25589125310407
    efficiency: 0.738848
    discharge_ratio: 5
    depth_of_discharge: 0.5
  VRBF:
    cost: 334.973
    lifetime: 22.0342
    annual_cost: 15.202412613119607
    efficiency: 0.743425
    discharge_ratio: 0.5
    depth_of_discharge: 1.0
