cost_values:
  wind_capex: 5000.0
  wind_opex: 100
  wind_lifetime: 20
  solar_capex: 1000.0
  solar_opex: 10
  solar_lifetime: 20
  carbon_price: 1.0
timeseries_values:
  load_level: 287758.7520025469
  wind_year: 2011
  solar_year: 2018
  price_year: 2023
  carbon_year: 2023
storage_values:
  CAES:
    cost: 61.1213
    lifetime: 21.6931
    annual_cost: 2.8175456712042077
    efficiency: 0.57516
    discharge_ratio: 0.1
    depth_of_discharge: 0.4
  Li-ion:
    cost: 241.237
    lifetime: 20.7675
    annual_cost: 11.616082821716626
    efficiency: 0.926128
    discharge_ratio: 2
    depth_of_discharge: 0.9
  Pb-acid:
    cost: 123.155
    lifetime: 9.0974
    annual_cost: 13.53738430760437
    efficiency: 0.736992
    discharge_ratio: 5
    depth_of_discharge: 0.5
  VRBF:
    cost: 329.753
    lifetime: 20.588
    annual_cost: 16.016757334369533
    efficiency: 0.735139
    discharge_ratio: 0.5
    depth_of_discharge: 1.0
