cost_values:
  wind_capex: 5000.0
  wind_opex: 100
  wind_lifetime: 20
  solar_capex: 1000.0
  solar_opex: 10
  solar_lifetime: 20
  carbon_price: 1.0
timeseries_values:
  load_level: 287758.7520025469
  wind_year: 2011
  solar_year: 2018
  price_year: 2023
  carbon_year: 2023
storage_values:
  CAES:
    cost: 59.8738
    lifetime: 22.0992
    annual_cost: 2.709319794381697
    efficiency: 0.578443
    discharge_ratio: 0.1
    depth_of_discharge: 0.4
  Li-ion:
    cost: 251.97
    lifetime: 20.1269
    annual_cost: 12.519066522912123
    efficiency: 0.919941
    discharge_ratio: 2
    depth_of_discharge: 0.9
  Pb-acid:
    cost: 151.097
    lifetime: 11.9206
    annual_cost: 12.675284801100617
    efficiency: 0.747563
    discharge_ratio: 5
    depth_of_discharge: 0.5
  VRBF:
    cost: 329.951
    lifetime: 22.269
    annual_cost: 14.8166060442768
    efficiency: 0.745755
    discharge_ratio: 0.5
    depth_of_discharge: 1.0
