cost_values:
  wind_capex: 5000.0
  wind_opex: 100
  wind_lifetime: 20
  solar_capex: 1000.0
  solar_opex: 10
  solar_lifetime: 20
  carbon_price: 1.0
timeseries_values:
  load_level: 257020.76969209855
  wind_year: 2016
  solar_year: 2011
  price_year: 2023
  carbon_year: 2023
storage_values:
  CAES:
    cost: 27.4672
    lifetime: 26.0623
    annual_cost: 1.0539054496341458
    efficiency: 0.633669
    discharge_ratio: 0.1
    depth_of_discharge: 0.4
  Li-ion:
    cost: 198.966
    lifetime: 17.6533
    annual_cost: 11.270753910033818
    efficiency: 0.94665
    discharge_ratio: 2
    depth_of_discharge: 0.9
  Pb-acid:
    cost: 138.498
    lifetime: 11.6915
    annual_cost: 11.846041996322114
    efficiency: 0.791109
    discharge_ratio: 5
    depth_of_discharge: 0.5
  VRBF:
    cost: 281.855
    lifetime: 29.4466
    annual_cost: 9.57173323915155
    efficiency: 0.820259
    discharge_ratio: 0.5
    depth_of_discharge: 1.0
