cost_values:
  wind_capex: 5000.0
  wind_opex: 100
  wind_lifetime: 20
  solar_capex: 1000.0
  solar_opex: 10
  solar_lifetime: 20
  carbon_price: 1.0
timeseries_values:
  load_level: 257020.76969209855
  wind_year: 2016
  solar_year: 2011
  price_year: 2023
  carbon_year: 2023
storage_values:
  CAES:
    cost: 29.2097
    lifetime: 25.124
    annual_cost: 1.1626213978665818
    efficiency: 0.627267
    discharge_ratio: 0.1
    depth_of_discharge: 0.4
  Li-ion:
    cost: 191.907
    lifetime: 19.2534
    annual_cost: 9.967434323288355
    efficiency: 0.946177
    discharge_ratio: 2
    depth_of_discharge: 0.9
  Pb-acid:
    cost: 153.46
    lifetime: 12.687
    annual_cost: 12.095846141719871
    efficiency: 0.790045
    discharge_ratio: 5
    depth_of_discharge: 0.5
  VRBF:
    cost: 271.609
    lifetime: 28.3165
    annual_cost: 9.591898716296152
    efficiency: 0.810253
    discharge_ratio: 0.5
    depth_of_discharge: 1.0
