cost_values:
  wind_capex: 5000.0
  wind_opex: 100
  wind_lifetime: 20
  solar_capex: 1000.0
  solar_opex: 10
  solar_lifetime: 20
  carbon_price: 1.0
timeseries_values:
  load_level: 257020.76969209855
  wind_year: 2016
  solar_year: 2011
  price_year: 2023
  carbon_year: 2023
storage_values:
  CAES:
    cost: 24.2008
    lifetime: 26.0632
    annual_cost: 0.9285429264249978
    efficiency: 0.631501
    discharge_ratio: 0.1
    depth_of_discharge: 0.4
  Li-ion:
    cost: 207.148
    lifetime: 19.7444
    annual_cost: 10.491481128826402
    efficiency: 0.937731
    discharge_ratio: 2
    depth_of_discharge: 0.9
  Pb-acid:
    cost: 121.296
    lifetime: 13.9596
    annual_cost: 8.68907418550675
    efficiency: 0.796855
    discharge_ratio: 5
    depth_of_discharge: 0.5
  VRBF:
    cost: 259.027
    lifetime: 28.3634
    annual_cost: 9.132438283139539
    efficiency: 0.824095
    discharge_ratio: 0.5
    depth_of_discharge: 1.0
