cost_values:
  wind_capex: 5000.0
  wind_opex: 100
  wind_lifetime: 20
  solar_capex: 1000.0
  solar_opex: 10
  solar_lifetime: 20
  carbon_price: 1.0
timeseries_values:
  load_level: 257020.76969209855
  wind_year: 2016
  solar_year: 2011
  price_year: 2023
  carbon_year: 2023
storage_values:
  CAES:
    cost: 20.8769
    lifetime: 25.0284
    annual_cost: 0.8341284301034024
    efficiency: 0.641258
    discharge_ratio: 0.1
    depth_of_discharge: 0.4
  Li-ion:
    cost: 206.894
    lifetime: 19.4527
    annual_cost: 10.63574722275057
    efficiency: 0.958784
    discharge_ratio: 2
    depth_of_discharge: 0.9
  Pb-acid:
    cost: 137.073
    lifetime: 13.5465
    annual_cost: 10.118702247813088
    efficiency: 0.790593
    discharge_ratio: 5
    depth_of_discharge: 0.5
  VRBF:
    cost: 244.858
    lifetime: 27.3301
    annual_cost: 8.959279329384085
    efficiency: 0.810279
    discharge_ratio: 0.5
    depth_of_discharge: 1.0
