cost_values:
  wind_capex: 5000.0
  wind_opex: 100
  wind_lifetime: 20
  solar_capex: 1000.0
  solar_opex: 10
  solar_lifetime: 20
  carbon_price: 1.0
timeseries_values:
  load_level: 257020.76969209855
  wind_year: 2016
  solar_year: 2011
  price_year: 2023
  carbon_year: 2023
storage_values:
  CAES:
    cost: 25.6251
    lifetime: 25.2176
    annual_cost: 1.016159349026077
    efficiency: 0.643608
    discharge_ratio: 0.1
    depth_of_discharge: 0.4
  Li-ion:
    cost: 200.085
    lifetime: 20.4598
    annual_cost: 9.77942110871074
    efficiency: 0.947777
    discharge_ratio: 2
    depth_of_discharge: 0.9
  Pb-acid:
    cost: 152.788
    lifetime: 13.8375
    annual_cost: 11.041589882565493
    efficiency: 0.793816
    discharge_ratio: 5
    depth_of_discharge: 0.5
  VRBF:
    cost: 229.539
    lifetime: 25.6383
    annual_cost: 8.952972700998115
    efficiency: 0.810777
    discharge_ratio: 0.5
    depth_of_discharge: 1.0
