cost_values:
  wind_capex: 5000.0
  wind_opex: 100
  wind_lifetime: 20
  solar_capex: 1000.0
  solar_opex: 10
  solar_lifetime: 20
  carbon_price: 1.0
timeseries_values:
  load_level: 257020.76969209855
  wind_year: 2016
  solar_year: 2011
  price_year: 2023
  carbon_year: 2023
storage_values:
  CAES:
    cost: 33.0285
    lifetime: 25.3069
    annual_cost: 1.305118366927597
    efficiency: 0.633017
    discharge_ratio: 0.1
    depth_of_discharge: 0.4
  Li-ion:
    cost: 190.031
    lifetime: 20.4366
    annual_cost: 9.298562383175284
    efficiency: 0.920521
    discharge_ratio: 2
    depth_of_discharge: 0.9
  Pb-acid:
    cost: 154.363
    lifetime: 14.6224
    annual_cost: 10.556611773717036
    efficiency: 0.786818
    discharge_ratio: 5
    depth_of_discharge: 0.5
  VRBF:
    cost: 273.759
    lifetime: 29.179
    annual_cost: 9.382055587922823
    efficiency: 0.800623
    discharge_ratio: 0.5
    depth_of_discharge: 1.0
