cost_values:
  wind_capex: 5000.0
  wind_opex: 100
  wind_lifetime: 20
  solar_capex: 1000.0
  solar_opex: 10
  solar_lifetime: 20
  carbon_price: 1.0
timeseries_values:
  load_level: 257020.76969209855
  wind_year: 2016
  solar_year: 2011
  price_year: 2023
  carbon_year: 2023
storage_values:
  CAES:
    cost: 22.308
    lifetime: 24.597
    annual_cost: 0.906939870715941
    efficiency: 0.643821
    discharge_ratio: 0.1
    depth_of_discharge: 0.4
  Li-ion:
    cost: 207.258
    lifetime: 19.4624
    annual_cost: 10.649149128576127
    efficiency: 0.940093
    discharge_ratio: 2
    depth_of_discharge: 0.9
  Pb-acid:
    cost: 124.939
    lifetime: 13.1334
    annual_cost: 9.513073537697778
    efficiency: 0.783305
    discharge_ratio: 5
    depth_of_discharge: 0.5
  VRBF:
    cost: 275.626
    lifetime: 29.002
    annual_cost: 9.503689400730984
    efficiency: 0.800174
    discharge_ratio: 0.5
    depth_of_discharge: 1.0
