cost_values:
  wind_capex: 5000.0
  wind_opex: 100
  wind_lifetime: 20
  solar_capex: 1000.0
  solar_opex: 10
  solar_lifetime: 20
  carbon_price: 1.0
timeseries_values:
  load_level: 257020.76969209855
  wind_year: 2016
  solar_year: 2011
  price_year: 2023
  carbon_year: 2023
storage_values:
  CAES:
    cost: 23.0901
    lifetime: 24.7416
    annual_cost: 0.9332500727519644
    efficiency: 0.640267
    discharge_ratio: 0.1
    depth_of_discharge: 0.4
  Li-ion:
    cost: 217.152
    lifetime: 20.5739
    annual_cost: 10.554731966229058
    efficiency: 0.951677
    discharge_ratio: 2
    depth_of_discharge: 0.9
  Pb-acid:
    cost: 139.688
    lifetime: 12.4422
    annual_cost: 11.226953432672678
    efficiency: 0.797859
    discharge_ratio: 5
    depth_of_discharge: 0.5
  VRBF:
    cost: 291.228
    lifetime: 28.2641
    annual_cost: 10.303812964148868
    efficiency: 0.814592
    discharge_ratio: 0.5
    depth_of_discharge: 1.0
