cost_values:
  wind_capex: 5000.0
  wind_opex: 100
  wind_lifetime: 20
  solar_capex: 1000.0
  solar_opex: 10
  solar_lifetime: 20
  carbon_price: 1.0
timeseries_values:
  load_level: 257020.76969209855
  wind_year: 2016
  solar_year: 2011
  price_year: 2023
  carbon_year: 2023
storage_values:
  CAES:
    cost: 22.8503
    lifetime: 26.3408
    annual_cost: 0.8674869404118326
    efficiency: 0.643202
    discharge_ratio: 0.1
    depth_of_discharge: 0.4
  Li-ion:
    cost: 202.659
    lifetime: 18.9902
    annual_cost: 10.671767543259154
    efficiency: 0.936437
    discharge_ratio: 2
    depth_of_discharge: 0.9
  Pb-acid:
    cost: 129.532
    lifetime: 13.884
    annual_cost: 9.329588014981274
    efficiency: 0.788837
    discharge_ratio: 5
    depth_of_discharge: 0.5
  VRBF:
    cost: 268.014
    lifetime: 29.0783
    annual_cost: 9.21697623313605
    efficiency: 0.821923
    discharge_ratio: 0.5
    depth_of_discharge: 1.0
