cost_values:
  wind_capex: 5000.0
  wind_opex: 100
  wind_lifetime: 20
  solar_capex: 1000.0
  solar_opex: 10
  solar_lifetime: 20
  carbon_price: 1.0
timeseries_values:
  load_level: 257020.76969209855
  wind_year: 2016
  solar_year: 2011
  price_year: 2023
  carbon_year: 2023
storage_values:
  CAES:
    cost: 26.7571
    lifetime: 24.2655
    annual_cost: 1.1026807607508604
    efficiency: 0.6352
    discharge_ratio: 0.1
    depth_of_discharge: 0.4
  Li-ion:
    cost: 196.67
    lifetime: 20.8349
    annual_cost: 9.439450153348467
    efficiency: 0.948617
    discharge_ratio: 2
    depth_of_discharge: 0.9
  Pb-acid:
    cost: 171.193
    lifetime: 14.2974
    annual_cost: 11.973715500720411
    efficiency: 0.786515
    discharge_ratio: 5
    depth_of_discharge: 0.5
  VRBF:
    cost: 231.663
    lifetime: 28.5725
    annual_cost: 8.107900953714235
    efficiency: 0.803543
    discharge_ratio: 0.5
    depth_of_discharge: 1.0
