cost_values:
  wind_capex: 5000.0
  wind_opex: 100
  wind_lifetime: 20
  solar_capex: 1000.0
  solar_opex: 10
  solar_lifetime: 20
  carbon_price: 1.0
timeseries_values:
  load_level: 257020.76969209855
  wind_year: 2016
  solar_year: 2011
  price_year: 2023
  carbon_year: 2023
storage_values:
  CAES:
    cost: 29.8374
    lifetime: 24.9828
    annual_cost: 1.1943176905711128
    efficiency: 0.631034
    discharge_ratio: 0.1
    depth_of_discharge: 0.4
  Li-ion:
    cost: 198.556
    lifetime: 18.8034
    annual_cost: 10.559579650488741
    efficiency: 0.942443
    discharge_ratio: 2
    depth_of_discharge: 0.9
  Pb-acid:
    cost: 135.453
    lifetime: 14.0657
    annual_cost: 9.630021968334317
    efficiency: 0.782757
    discharge_ratio: 5
    depth_of_discharge: 0.5
  VRBF:
    cost: 263.741
    lifetime: 29.3277
    annual_cost: 8.992897499633452
    efficiency: 0.83521
    discharge_ratio: 0.5
    depth_of_discharge: 1.0
