cost_values:
  wind_capex: 5000.0
  wind_opex: 100
  wind_lifetime: 20
  solar_capex: 1000.0
  solar_opex: 10
  solar_lifetime: 20
  carbon_price: 1.0
timeseries_values:
  load_level: 257020.76969209855
  wind_year: 2016
  solar_year: 2011
  price_year: 2023
  carbon_year: 2023
storage_values:
  CAES:
    cost: 25.0681
    lifetime: 24.2485
    annual_cost: 1.0338000288677651
    efficiency: 0.631511
    discharge_ratio: 0.1
    depth_of_discharge: 0.4
  Li-ion:
    cost: 166.773
    lifetime: 18.2737
    annual_cost: 9.126394764059823
    efficiency: 0.933869
    discharge_ratio: 2
    depth_of_discharge: 0.9
  Pb-acid:
    cost: 151.224
    lifetime: 11.4818
    annual_cost: 13.17075719834869
    efficiency: 0.774104
    discharge_ratio: 5
    depth_of_discharge: 0.5
  VRBF:
    cost: 276.134
    lifetime: 28.762
    annual_cost: 9.600653640219734
    efficiency: 0.821897
    discharge_ratio: 0.5
    depth_of_discharge: 1.0
