cost_values:
  wind_capex: 5000.0
  wind_opex: 100
  wind_lifetime: 20
  solar_capex: 1000.0
  solar_opex: 10
  solar_lifetime: 20
  carbon_price: 1.0
timeseries_values:
  load_level: 257020.76969209855
  wind_year: 2016
  solar_year: 2011
  price_year: 2023
  carbon_year: 2023
storage_values:
  CAES:
    cost: 29.2099
    lifetime: 24.4343
    annual_cost: 1.1954465648698755
    efficiency: 0.626109
    discharge_ratio: 0.1
    depth_of_discharge: 0.4
  Li-ion:
    cost: 205.822
    lifetime: 20.6623
    annual_cost: 9.961233744549252
    efficiency: 0.946991
    discharge_ratio: 2
    depth_of_discharge: 0.9
  Pb-acid:
    cost: 150.977
    lifetime: 13.1742
    annual_cost: 11.460050705166157
    efficiency: 0.786906
    discharge_ratio: 5
    depth_of_discharge: 0.5
  VRBF:
    cost: 261.502
    lifetime: 29.249
    annual_cost: 8.940544975896612
    efficiency: 0.822319
    discharge_ratio: 0.5
    depth_of_discharge: 1.0
