cost_values:
  wind_capex: 5000.0
  wind_opex: 100
  wind_lifetime: 20
  solar_capex: 1000.0
  solar_opex: 10
  solar_lifetime: 20
  carbon_price: 1.0
timeseries_values:
  load_level: 257020.76969209855
  wind_year: 2016
  solar_year: 2011
  price_year: 2023
  carbon_year: 2023
storage_values:
  CAES:
    cost: 27.0572
    lifetime: 25.4776
    annual_cost: 1.0619995603981538
    efficiency: 0.633859
    discharge_ratio: 0.1
    depth_of_discharge: 0.4
  Li-ion:
    cost: 188.818
    lifetime: 20.622
    annual_cost: 9.156143923964699
    efficiency: 0.946663
    discharge_ratio: 2
    depth_of_discharge: 0.9
  Pb-acid:
    cost: 115.793
    lifetime: 10.8885
    annual_cost: 10.634430821508932
    efficiency: 0.795954
    discharge_ratio: 5
    depth_of_discharge: 0.5
  VRBF:
    cost: 274.28
    lifetime: 27.3157
    annual_cost: 10.041111888035084
    efficiency: 0.817101
    discharge_ratio: 0.5
    depth_of_discharge: 1.0
