cost_values:
  wind_capex: 5000.0
  wind_opex: 100
  wind_lifetime: 20
  solar_capex: 1000.0
  solar_opex: 10
  solar_lifetime: 20
  carbon_price: 1.0
timeseries_values:
  load_level: 257020.76969209855
  wind_year: 2016
  solar_year: 2011
  price_year: 2023
  carbon_year: 2023
storage_values:
  CAES:
    cost: 21.0254
    lifetime: 25.2621
    annual_cost: 0.8322902688216736
    efficiency: 0.622158
    discharge_ratio: 0.1
    depth_of_discharge: 0.4
  Li-ion:
    cost: 193.533
    lifetime: 18.3749
    annual_cost: 10.532465482805348
    efficiency: 0.937011
    discharge_ratio: 2
    depth_of_discharge: 0.9
  Pb-acid:
    cost: 133.407
    lifetime: 13.1202
    annual_cost: 10.168061462477706
    efficiency: 0.774137
    discharge_ratio: 5
    depth_of_discharge: 0.5
  VRBF:
    cost: 271.267
    lifetime: 28.6691
    annual_cost: 9.461999155885605
    efficiency: 0.820519
    discharge_ratio: 0.5
    depth_of_discharge: 1.0
