cost_values:
  wind_capex: 5000.0
  wind_opex: 100
  wind_lifetime: 20
  solar_capex: 1000.0
  solar_opex: 10
  solar_lifetime: 20
  carbon_price: 1.0
timeseries_values:
  load_level: 257020.76969209855
  wind_year: 2016
  solar_year: 2011
  price_year: 2023
  carbon_year: 2023
storage_values:
  CAES:
    cost: 23.8172
    lifetime: 26.0203
    annual_cost: 0.915331491181885
    efficiency: 0.640489
    discharge_ratio: 0.1
    depth_of_discharge: 0.4
  Li-ion:
    cost: 183.867
    lifetime: 19.9496
    annual_cost: 9.216575770942775
    efficiency: 0.942636
    discharge_ratio: 2
    depth_of_discharge: 0.9
  Pb-acid:
    cost: 139.424
    lifetime: 13.7582
    annual_cost: 10.133883792938029
    efficiency: 0.797358
    discharge_ratio: 5
    depth_of_discharge: 0.5
  VRBF:
    cost: 235.877
    lifetime: 28.0566
    annual_cost: 8.407184049385885
    efficiency: 0.7855
    discharge_ratio: 0.5
    depth_of_discharge: 1.0
