cost_values:
  wind_capex: 5000.0
  wind_opex: 100
  wind_lifetime: 20
  solar_capex: 1000.0
  solar_opex: 10
  solar_lifetime: 20
  carbon_price: 1.0
timeseries_values:
  load_level: 257020.76969209855
  wind_year: 2016
  solar_year: 2011
  price_year: 2023
  carbon_year: 2023
storage_values:
  CAES:
    cost: 33.2605
    lifetime: 25.9572
    annual_cost: 1.2813593145639746
    efficiency: 0.636526
    discharge_ratio: 0.1
    depth_of_discharge: 0.4
  Li-ion:
    cost: 194.335
    lifetime: 20.9457
    annual_cost: 9.278037974381377
    efficiency: 0.935629
    discharge_ratio: 2
    depth_of_discharge: 0.9
  Pb-acid:
    cost: 154.934
    lifetime: 13.7129
    annual_cost: 11.298412443757337
    efficiency: 0.790673
    discharge_ratio: 5
    depth_of_discharge: 0.5
  VRBF:
    cost: 256.445
    lifetime: 28.0796
    annual_cost: 9.132786791834642
    efficiency: 0.807361
    discharge_ratio: 0.5
    depth_of_discharge: 1.0
