cost_values:
  wind_capex: 5000.0
  wind_opex: 100
  wind_lifetime: 20
  solar_capex: 1000.0
  solar_opex: 10
  solar_lifetime: 20
  carbon_price: 1.0
timeseries_values:
  load_level: 257020.76969209855
  wind_year: 2016
  solar_year: 2011
  price_year: 2023
  carbon_year: 2023
storage_values:
  CAES:
    cost: 24.5504
    lifetime: 26.1487
    annual_cost: 0.9388765024647496
    efficiency: 0.639009
    discharge_ratio: 0.1
    depth_of_discharge: 0.4
  Li-ion:
    cost: 192.829
    lifetime: 22.398
    annual_cost: 8.609206179123136
    efficiency: 0.938451
    discharge_ratio: 2
    depth_of_discharge: 0.9
  Pb-acid:
    cost: 131.747
    lifetime: 13.4504
    annual_cost: 9.795024683280795
    efficiency: 0.772028
    discharge_ratio: 5
    depth_of_discharge: 0.5
  VRBF:
    cost: 221.809
    lifetime: 27.7039
    annual_cost: 8.006417868964297
    efficiency: 0.81476
    discharge_ratio: 0.5
    depth_of_discharge: 1.0
