cost_values:
  wind_capex: 5000.0
  wind_opex: 100
  wind_lifetime: 20
  solar_capex: 1000.0
  solar_opex: 10
  solar_lifetime: 20
  carbon_price: 1.0
timeseries_values:
  load_level: 257020.76969209855
  wind_year: 2016
  solar_year: 2011
  price_year: 2023
  carbon_year: 2023
storage_values:
  CAES:
    cost: 24.4156
    lifetime: 25.5205
    annual_cost: 0.9567053937031016
    efficiency: 0.633739
    discharge_ratio: 0.1
    depth_of_discharge: 0.4
  Li-ion:
    cost: 209.912
    lifetime: 19.8371
    annual_cost: 10.581788668706617
    efficiency: 0.942895
    discharge_ratio: 2
    depth_of_discharge: 0.9
  Pb-acid:
    cost: 160.157
    lifetime: 14.0295
    annual_cost: 11.4157311379593
    efficiency: 0.781267
    discharge_ratio: 5
    depth_of_discharge: 0.5
  VRBF:
    cost: 271.555
    lifetime: 27.527
    annual_cost: 9.865041595524394
    efficiency: 0.776143
    discharge_ratio: 0.5
    depth_of_discharge: 1.0
