cost_values:
  wind_capex: 5000.0
  wind_opex: 100
  wind_lifetime: 20
  solar_capex: 1000.0
  solar_opex: 10
  solar_lifetime: 20
  carbon_price: 1.0
timeseries_values:
  load_level: 257020.76969209855
  wind_year: 2016
  solar_year: 2011
  price_year: 2023
  carbon_year: 2023
storage_values:
  CAES:
    cost: 27.8235
    lifetime: 25.1191
    annual_cost: 1.1076630930248297
    efficiency: 0.636628
    discharge_ratio: 0.1
    depth_of_discharge: 0.4
  Li-ion:
    cost: 211.615
    lifetime: 17.8079
    annual_cost: 11.88320913751762
    efficiency: 0.931453
    discharge_ratio: 2
    depth_of_discharge: 0.9
  Pb-acid:
    cost: 148.838
    lifetime: 13.7006
    annual_cost: 10.863611812621345
    efficiency: 0.797057
    discharge_ratio: 5
    depth_of_discharge: 0.5
  VRBF:
    cost: 273.325
    lifetime: 27.4736
    annual_cost: 9.948641605031739
    efficiency: 0.800783
    discharge_ratio: 0.5
    depth_of_discharge: 1.0
