cost_values:
  wind_capex: 5000.0
  wind_opex: 100
  wind_lifetime: 20
  solar_capex: 1000.0
  solar_opex: 10
  solar_lifetime: 20
  carbon_price: 1.0
timeseries_values:
  load_level: 257020.76969209855
  wind_year: 2016
  solar_year: 2011
  price_year: 2023
  carbon_year: 2023
storage_values:
  CAES:
    cost: 23.8618
    lifetime: 24.7279
    annual_cost: 0.9649747855661013
    efficiency: 0.631816
    discharge_ratio: 0.1
    depth_of_discharge: 0.4
  Li-ion:
    cost: 207.008
    lifetime: 18.1651
    annual_cost: 11.395918547104063
    efficiency: 0.937016
    discharge_ratio: 2
    depth_of_discharge: 0.9
  Pb-acid:
    cost: 128.628
    lifetime: 12.4065
    annual_cost: 10.367791077257888
    efficiency: 0.792696
    discharge_ratio: 5
    depth_of_discharge: 0.5
  VRBF:
    cost: 288.263
    lifetime: 27.0076
    annual_cost: 10.673403042106665
    efficiency: 0.800272
    discharge_ratio: 0.5
    depth_of_discharge: 1.0
