cost_values:
  wind_capex: 5000.0
  wind_opex: 100
  wind_lifetime: 20
  solar_capex: 1000.0
  solar_opex: 10
  solar_lifetime: 20
  carbon_price: 1.0
timeseries_values:
  load_level: 257020.76969209855
  wind_year: 2016
  solar_year: 2011
  price_year: 2023
  carbon_year: 2023
storage_values:
  CAES:
    cost: 20.6286
    lifetime: 24.6314
    annual_cost: 0.8374919817793548
    efficiency: 0.632738
    discharge_ratio: 0.1
    depth_of_discharge: 0.4
  Li-ion:
    cost: 213.395
    lifetime: 21.0256
    annual_cost: 10.149294193744769
    efficiency: 0.946853
    discharge_ratio: 2
    depth_of_discharge: 0.9
  Pb-acid:
    cost: 143.848
    lifetime: 11.8046
    annual_cost: 12.185758094302221
    efficiency: 0.781304
    discharge_ratio: 5
    depth_of_discharge: 0.5
  VRBF:
    cost: 261.516
    lifetime: 27.491
    annual_cost: 9.51278600269179
    efficiency: 0.825114
    discharge_ratio: 0.5
    depth_of_discharge: 1.0
