cost_values:
  wind_capex: 5000.0
  wind_opex: 100
  wind_lifetime: 20
  solar_capex: 1000.0
  solar_opex: 10
  solar_lifetime: 20
  carbon_price: 1.0
timeseries_values:
  load_level: 257020.76969209855
  wind_year: 2016
  solar_year: 2011
  price_year: 2023
  carbon_year: 2023
storage_values:
  CAES:
    cost: 26.7139
    lifetime: 25.5813
    annual_cost: 1.044274528659607
    efficiency: 0.633752
    discharge_ratio: 0.1
    depth_of_discharge: 0.4
  Li-ion:
    cost: 171.765
    lifetime: 17.571
    annual_cost: 9.775482328837287
    efficiency: 0.932099
    discharge_ratio: 2
    depth_of_discharge: 0.9
  Pb-acid:
    cost: 155.309
    lifetime: 12.6584
    annual_cost: 12.269244138279719
    efficiency: 0.784252
    discharge_ratio: 5
    depth_of_discharge: 0.5
  VRBF:
    cost: 276.893
    lifetime: 26.6576
    annual_cost: 10.387019086489406
    efficiency: 0.81316
    discharge_ratio: 0.5
    depth_of_discharge: 1.0
