cost_values:
  wind_capex: 5000.0
  wind_opex: 100
  wind_lifetime: 20
  solar_capex: 1000.0
  solar_opex: 10
  solar_lifetime: 20
  carbon_price: 1.0
timeseries_values:
  load_level: 257020.76969209855
  wind_year: 2016
  solar_year: 2011
  price_year: 2023
  carbon_year: 2023
storage_values:
  CAES:
    cost: 20.0391
    lifetime: 25.7986
    annual_cost: 0.7767514516291582
    efficiency: 0.630037
    discharge_ratio: 0.1
    depth_of_discharge: 0.4
  Li-ion:
    cost: 199.904
    lifetime: 19.0862
    annual_cost: 10.4737454286343
    efficiency: 0.958334
    discharge_ratio: 2
    depth_of_discharge: 0.9
  Pb-acid:
    cost: 128.18
    lifetime: 12.6022
    annual_cost: 10.17123994223231
    efficiency: 0.780203
    discharge_ratio: 5
    depth_of_discharge: 0.5
  VRBF:
    cost: 260.078
    lifetime: 28.3561
    annual_cost: 9.17185367522332
    efficiency: 0.829731
    discharge_ratio: 0.5
    depth_of_discharge: 1.0
