cost_values:
  wind_capex: 5000.0
  wind_opex: 100
  wind_lifetime: 20
  solar_capex: 1000.0
  solar_opex: 10
  solar_lifetime: 20
  carbon_price: 1.0
timeseries_values:
  load_level: 257020.76969209855
  wind_year: 2016
  solar_year: 2011
  price_year: 2023
  carbon_year: 2023
storage_values:
  CAES:
    cost: 29.701
    lifetime: 24.9376
    annual_cost: 1.1910127678686
    efficiency: 0.630125
    discharge_ratio: 0.1
    depth_of_discharge: 0.4
  Li-ion:
    cost: 188.57
    lifetime: 19.9588
    annual_cost: 9.447962803374953
    efficiency: 0.936208
    discharge_ratio: 2
    depth_of_discharge: 0.9
  Pb-acid:
    cost: 118.666
    lifetime: 12.8174
    annual_cost: 9.258195889962083
    efficiency: 0.793676
    discharge_ratio: 5
    depth_of_discharge: 0.5
  VRBF:
    cost: 223.045
    lifetime: 26.9368
    annual_cost: 8.280307980160968
    efficiency: 0.79691
    discharge_ratio: 0.5
    depth_of_discharge: 1.0
