cost_values:
  wind_capex: 5000.0
  wind_opex: 100
  wind_lifetime: 20
  solar_capex: 1000.0
  solar_opex: 10
  solar_lifetime: 20
  carbon_price: 1.0
timeseries_values:
  load_level: 257020.76969209855
  wind_year: 2016
  solar_year: 2011
  price_year: 2023
  carbon_year: 2023
storage_values:
  CAES:
    cost: 20.8704
    lifetime: 24.4446
    annual_cost: 0.8537836577403598
    efficiency: 0.634099
    discharge_ratio: 0.1
    depth_of_discharge: 0.4
  Li-ion:
    cost: 204.134
    lifetime: 19.8731
    annual_cost: 10.27187504717432
    efficiency: 0.944246
    discharge_ratio: 2
    depth_of_discharge: 0.9
  Pb-acid:
    cost: 142.799
    lifetime: 13.7608
    annual_cost: 10.377230974943318
    efficiency: 0.798734
    discharge_ratio: 5
    depth_of_discharge: 0.5
  VRBF:
    cost: 279.319
    lifetime: 29.3605
    annual_cost: 9.513427904838133
    efficiency: 0.827185
    discharge_ratio: 0.5
    depth_of_discharge: 1.0
