cost_values:
  wind_capex: 5000.0
  wind_opex: 100
  wind_lifetime: 20
  solar_capex: 1000.0
  solar_opex: 10
  solar_lifetime: 20
  carbon_price: 1.0
timeseries_values:
  load_level: 257020.76969209855
  wind_year: 2016
  solar_year: 2011
  price_year: 2023
  carbon_year: 2023
storage_values:
  CAES:
    cost: 25.2107
    lifetime: 25.2104
    annual_cost: 1.0000118998508551
    efficiency: 0.631813
    discharge_ratio: 0.1
    depth_of_discharge: 0.4
  Li-ion:
    cost: 170.034
    lifetime: 20.4839
    annual_cost: 8.300860675945499
    efficiency: 0.934033
    discharge_ratio: 2
    depth_of_discharge: 0.9
  Pb-acid:
    cost: 150.104
    lifetime: 12.8677
    annual_cost: 11.665177148985446
    efficiency: 0.790541
    discharge_ratio: 5
    depth_of_discharge: 0.5
  VRBF:
    cost: 275.916
    lifetime: 28.2744
    annual_cost: 9.758509464391818
    efficiency: 0.819295
    discharge_ratio: 0.5
    depth_of_discharge: 1.0
