cost_values:
  wind_capex: 5000.0
  wind_opex: 100
  wind_lifetime: 20
  solar_capex: 1000.0
  solar_opex: 10
  solar_lifetime: 20
  carbon_price: 1.0
timeseries_values:
  load_level: 257020.76969209855
  wind_year: 2016
  solar_year: 2011
  price_year: 2023
  carbon_year: 2023
storage_values:
  CAES:
    cost: 26.5497
    lifetime: 25.1065
    annual_cost: 1.057483121900703
    efficiency: 0.640858
    discharge_ratio: 0.1
    depth_of_discharge: 0.4
  Li-ion:
    cost: 184.975
    lifetime: 20.5228
    annual_cost: 9.013146354298634
    efficiency: 0.948309
    discharge_ratio: 2
    depth_of_discharge: 0.9
  Pb-acid:
    cost: 133.812
    lifetime: 12.7787
    annual_cost: 10.47148771001745
    efficiency: 0.793328
    discharge_ratio: 5
    depth_of_discharge: 0.5
  VRBF:
    cost: 252.434
    lifetime: 29.6227
    annual_cost: 8.521640498671628
    efficiency: 0.824472
    discharge_ratio: 0.5
    depth_of_discharge: 1.0
