cost_values:
  wind_capex: 5000.0
  wind_opex: 100
  wind_lifetime: 20
  solar_capex: 1000.0
  solar_opex: 10
  solar_lifetime: 20
  carbon_price: 1.0
timeseries_values:
  load_level: 257020.76969209855
  wind_year: 2016
  solar_year: 2011
  price_year: 2023
  carbon_year: 2023
storage_values:
  CAES:
    cost: 23.5568
    lifetime: 24.9687
    annual_cost: 0.9434532034106702
    efficiency: 0.644528
    discharge_ratio: 0.1
    depth_of_discharge: 0.4
  Li-ion:
    cost: 199.365
    lifetime: 18.9268
    annual_cost: 10.533476340427331
    efficiency: 0.934784
    discharge_ratio: 2
    depth_of_discharge: 0.9
  Pb-acid:
    cost: 119.6
    lifetime: 13.2065
    annual_cost: 9.05614659447999
    efficiency: 0.777302
    discharge_ratio: 5
    depth_of_discharge: 0.5
  VRBF:
    cost: 265.923
    lifetime: 28.6954
    annual_cost: 9.267095074471866
    efficiency: 0.81683
    discharge_ratio: 0.5
    depth_of_discharge: 1.0
