cost_values:
  wind_capex: 5000.0
  wind_opex: 100
  wind_lifetime: 20
  solar_capex: 1000.0
  solar_opex: 10
  solar_lifetime: 20
  carbon_price: 1.0
timeseries_values:
  load_level: 257020.76969209855
  wind_year: 2016
  solar_year: 2011
  price_year: 2023
  carbon_year: 2023
storage_values:
  CAES:
    cost: 33.7286
    lifetime: 25.6458
    annual_cost: 1.3151705152500603
    efficiency: 0.632888
    discharge_ratio: 0.1
    depth_of_discharge: 0.4
  Li-ion:
    cost: 205.856
    lifetime: 19.9185
    annual_cost: 10.334914777719204
    efficiency: 0.936973
    discharge_ratio: 2
    depth_of_discharge: 0.9
  Pb-acid:
    cost: 139.126
    lifetime: 12.0568
    annual_cost: 11.539214385243183
    efficiency: 0.787006
    discharge_ratio: 5
    depth_of_discharge: 0.5
  VRBF:
    cost: 264.945
    lifetime: 27.3113
    annual_cost: 9.700929651829096
    efficiency: 0.793092
    discharge_ratio: 0.5
    depth_of_discharge: 1.0
