cost_values:
  wind_capex: 5000.0
  wind_opex: 100
  wind_lifetime: 20
  solar_capex: 1000.0
  solar_opex: 10
  solar_lifetime: 20
  carbon_price: 1.0
timeseries_values:
  load_level: 257020.76969209855
  wind_year: 2016
  solar_year: 2011
  price_year: 2023
  carbon_year: 2023
storage_values:
  CAES:
    cost: 27.6208
    lifetime: 24.7712
    annual_cost: 1.1150368169487146
    efficiency: 0.626022
    discharge_ratio: 0.1
    depth_of_discharge: 0.4
  Li-ion:
    cost: 198.462
    lifetime: 19.0586
    annual_cost: 10.413251760360152
    efficiency: 0.95613
    discharge_ratio: 2
    depth_of_discharge: 0.9
  Pb-acid:
    cost: 130.614
    lifetime: 12.3919
    annual_cost: 10.54027227463101
    efficiency: 0.777189
    discharge_ratio: 5
    depth_of_discharge: 0.5
  VRBF:
    cost: 264.929
    lifetime: 28.412
    annual_cost: 9.32454596649303
    efficiency: 0.839257
    discharge_ratio: 0.5
    depth_of_discharge: 1.0
