cost_values:
  wind_capex: 5000.0
  wind_opex: 100
  wind_lifetime: 20
  solar_capex: 1000.0
  solar_opex: 10
  solar_lifetime: 20
  carbon_price: 1.0
timeseries_values:
  load_level: 257020.76969209855
  wind_year: 2016
  solar_year: 2011
  price_year: 2023
  carbon_year: 2023
storage_values:
  CAES:
    cost: 20.0982
    lifetime: 24.2245
    annual_cost: 0.8296641829552726
    efficiency: 0.635963
    discharge_ratio: 0.1
    depth_of_discharge: 0.4
  Li-ion:
    cost: 174.108
    lifetime: 16.7558
    annual_cost: 10.390909416440874
    efficiency: 0.948254
    discharge_ratio: 2
    depth_of_discharge: 0.9
  Pb-acid:
    cost: 154.607
    lifetime: 14.1172
    annual_cost: 10.951675969739041
    efficiency: 0.787543
    discharge_ratio: 5
    depth_of_discharge: 0.5
  VRBF:
    cost: 243.432
    lifetime: 27.7861
    annual_cost: 8.760927226203028
    efficiency: 0.818519
    discharge_ratio: 0.5
    depth_of_discharge: 1.0
