cost_values:
  wind_capex: 5000.0
  wind_opex: 100
  wind_lifetime: 20
  solar_capex: 1000.0
  solar_opex: 10
  solar_lifetime: 20
  carbon_price: 1.0
timeseries_values:
  load_level: 257020.76969209855
  wind_year: 2016
  solar_year: 2011
  price_year: 2023
  carbon_year: 2023
storage_values:
  CAES:
    cost: 27.4862
    lifetime: 24.8694
    annual_cost: 1.105221678046113
    efficiency: 0.631552
    discharge_ratio: 0.1
    depth_of_discharge: 0.4
  Li-ion:
    cost: 192.417
    lifetime: 20.6522
    annual_cost: 9.317021915340739
    efficiency: 0.942765
    discharge_ratio: 2
    depth_of_discharge: 0.9
  Pb-acid:
    cost: 137.553
    lifetime: 11.762
    annual_cost: 11.694694779799352
    efficiency: 0.791015
    discharge_ratio: 5
    depth_of_discharge: 0.5
  VRBF:
    cost: 289.008
    lifetime: 25.9652
    annual_cost: 11.13059017454131
    efficiency: 0.795182
    discharge_ratio: 0.5
    depth_of_discharge: 1.0
