cost_values:
  wind_capex: 5000.0
  wind_opex: 100
  wind_lifetime: 20
  solar_capex: 1000.0
  solar_opex: 10
  solar_lifetime: 20
  carbon_price: 1.0
timeseries_values:
  load_level: 257020.76969209855
  wind_year: 2016
  solar_year: 2011
  price_year: 2023
  carbon_year: 2023
storage_values:
  CAES:
    cost: 25.8427
    lifetime: 25.0272
    annual_cost: 1.0325845480117632
    efficiency: 0.630016
    discharge_ratio: 0.1
    depth_of_discharge: 0.4
  Li-ion:
    cost: 202.058
    lifetime: 19.5439
    annual_cost: 10.338673447981211
    efficiency: 0.936137
    discharge_ratio: 2
    depth_of_discharge: 0.9
  Pb-acid:
    cost: 150.27
    lifetime: 13.4228
    annual_cost: 11.195130673182943
    efficiency: 0.770626
    discharge_ratio: 5
    depth_of_discharge: 0.5
  VRBF:
    cost: 261.062
    lifetime: 26.3094
    annual_cost: 9.92276524740207
    efficiency: 0.81258
    discharge_ratio: 0.5
    depth_of_discharge: 1.0
