cost_values:
  wind_capex: 5000.0
  wind_opex: 100
  wind_lifetime: 20
  solar_capex: 1000.0
  solar_opex: 10
  solar_lifetime: 20
  carbon_price: 1.0
timeseries_values:
  load_level: 257020.76969209855
  wind_year: 2016
  solar_year: 2011
  price_year: 2023
  carbon_year: 2023
storage_values:
  CAES:
    cost: 25.2504
    lifetime: 26.6083
    annual_cost: 0.9489670516342644
    efficiency: 0.63294
    discharge_ratio: 0.1
    depth_of_discharge: 0.4
  Li-ion:
    cost: 208.335
    lifetime: 22.017
    annual_cost: 9.462460825725577
    efficiency: 0.94421
    discharge_ratio: 2
    depth_of_discharge: 0.9
  Pb-acid:
    cost: 132.511
    lifetime: 11.7004
    annual_cost: 11.325339304639158
    efficiency: 0.785783
    discharge_ratio: 5
    depth_of_discharge: 0.5
  VRBF:
    cost: 264.949
    lifetime: 29.0474
    annual_cost: 9.121263865268492
    efficiency: 0.811406
    discharge_ratio: 0.5
    depth_of_discharge: 1.0
