cost_values:
  wind_capex: 5000.0
  wind_opex: 100
  wind_lifetime: 20
  solar_capex: 1000.0
  solar_opex: 10
  solar_lifetime: 20
  carbon_price: 1.0
timeseries_values:
  load_level: 257020.76969209855
  wind_year: 2016
  solar_year: 2011
  price_year: 2023
  carbon_year: 2023
storage_values:
  CAES:
    cost: 26.5212
    lifetime: 25.1648
    annual_cost: 1.0539006866734486
    efficiency: 0.631726
    discharge_ratio: 0.1
    depth_of_discharge: 0.4
  Li-ion:
    cost: 197.89
    lifetime: 20.2426
    annual_cost: 9.775918113285842
    efficiency: 0.924724
    discharge_ratio: 2
    depth_of_discharge: 0.9
  Pb-acid:
    cost: 136.916
    lifetime: 13.1283
    annual_cost: 10.429073071151635
    efficiency: 0.781223
    discharge_ratio: 5
    depth_of_discharge: 0.5
  VRBF:
    cost: 269.764
    lifetime: 28.5748
    annual_cost: 9.440626006131277
    efficiency: 0.819275
    discharge_ratio: 0.5
    depth_of_discharge: 1.0
