cost_values:
  wind_capex: 5000.0
  wind_opex: 100
  wind_lifetime: 20
  solar_capex: 1000.0
  solar_opex: 10
  solar_lifetime: 20
  carbon_price: 1.0
timeseries_values:
  load_level: 257020.76969209855
  wind_year: 2016
  solar_year: 2011
  price_year: 2023
  carbon_year: 2023
storage_values:
  CAES:
    cost: 24.1596
    lifetime: 25.6987
    annual_cost: 0.940109811002113
    efficiency: 0.646184
    discharge_ratio: 0.1
    depth_of_discharge: 0.4
  Li-ion:
    cost: 197.966
    lifetime: 20.6337
    annual_cost: 9.594304463087086
    efficiency: 0.933802
    discharge_ratio: 2
    depth_of_discharge: 0.9
  Pb-acid:
    cost: 130.197
    lifetime: 14.5457
    annual_cost: 8.950892703685625
    efficiency: 0.777839
    discharge_ratio: 5
    depth_of_discharge: 0.5
  VRBF:
    cost: 247.629
    lifetime: 26.6084
    annual_cost: 9.306422032140226
    efficiency: 0.805881
    discharge_ratio: 0.5
    depth_of_discharge: 1.0
