cost_values:
  wind_capex: 5000.0
  wind_opex: 100
  wind_lifetime: 20
  solar_capex: 1000.0
  solar_opex: 10
  solar_lifetime: 20
  carbon_price: 1.0
timeseries_values:
  load_level: 257020.76969209855
  wind_year: 2016
  solar_year: 2011
  price_year: 2023
  carbon_year: 2023
storage_values:
  CAES:
    cost: 24.4397
    lifetime: 24.529
    annual_cost: 0.9963594113090627
    efficiency: 0.645837
    discharge_ratio: 0.1
    depth_of_discharge: 0.4
  Li-ion:
    cost: 211.233
    lifetime: 20.4089
    annual_cost: 10.350043363434581
    efficiency: 0.934113
    discharge_ratio: 2
    depth_of_discharge: 0.9
  Pb-acid:
    cost: 118.208
    lifetime: 13.7969
    annual_cost: 8.567721734592553
    efficiency: 0.790414
    discharge_ratio: 5
    depth_of_discharge: 0.5
  VRBF:
    cost: 264.453
    lifetime: 27.2678
    annual_cost: 9.698362170765517
    efficiency: 0.808169
    discharge_ratio: 0.5
    depth_of_discharge: 1.0
