cost_values:
  wind_capex: 5000.0
  wind_opex: 100
  wind_lifetime: 20
  solar_capex: 1000.0
  solar_opex: 10
  solar_lifetime: 20
  carbon_price: 1.0
timeseries_values:
  load_level: 257020.76969209855
  wind_year: 2016
  solar_year: 2011
  price_year: 2023
  carbon_year: 2023
storage_values:
  CAES:
    cost: 32.6383
    lifetime: 25.9097
    annual_cost: 1.2596942457843974
    efficiency: 0.637424
    discharge_ratio: 0.1
    depth_of_discharge: 0.4
  Li-ion:
    cost: 222.255
    lifetime: 19.6973
    annual_cost: 11.283526168561174
    efficiency: 0.950636
    discharge_ratio: 2
    depth_of_discharge: 0.9
  Pb-acid:
    cost: 127.791
    lifetime: 11.8881
    annual_cost: 10.749488984783103
    efficiency: 0.786229
    discharge_ratio: 5
    depth_of_discharge: 0.5
  VRBF:
    cost: 278.393
    lifetime: 28.4152
    annual_cost: 9.797326782848616
    efficiency: 0.814064
    discharge_ratio: 0.5
    depth_of_discharge: 1.0
