cost_values:
  wind_capex: 5000.0
  wind_opex: 100
  wind_lifetime: 20
  solar_capex: 1000.0
  solar_opex: 10
  solar_lifetime: 20
  carbon_price: 1.0
timeseries_values:
  load_level: 257020.76969209855
  wind_year: 2016
  solar_year: 2011
  price_year: 2023
  carbon_year: 2023
storage_values:
  CAES:
    cost: 28.7547
    lifetime: 25.5662
    annual_cost: 1.1247154446104624
    efficiency: 0.646079
    discharge_ratio: 0.1
    depth_of_discharge: 0.4
  Li-ion:
    cost: 191.917
    lifetime: 17.1248
    annual_cost: 11.206963001027749
    efficiency: 0.947335
    discharge_ratio: 2
    depth_of_discharge: 0.9
  Pb-acid:
    cost: 160.215
    lifetime: 13.3416
    annual_cost: 12.008679618636446
    efficiency: 0.761574
    discharge_ratio: 5
    depth_of_discharge: 0.5
  VRBF:
    cost: 284.479
    lifetime: 25.614
    annual_cost: 11.106387132037167
    efficiency: 0.811411
    discharge_ratio: 0.5
    depth_of_discharge: 1.0
