cost_values:
  wind_capex: 5000.0
  wind_opex: 100
  wind_lifetime: 20
  solar_capex: 1000.0
  solar_opex: 10
  solar_lifetime: 20
  carbon_price: 1.0
timeseries_values:
  load_level: 257020.76969209855
  wind_year: 2016
  solar_year: 2011
  price_year: 2023
  carbon_year: 2023
storage_values:
  CAES:
    cost: 25.282
    lifetime: 25.8124
    annual_cost: 0.9794517363747656
    efficiency: 0.641827
    discharge_ratio: 0.1
    depth_of_discharge: 0.4
  Li-ion:
    cost: 189.049
    lifetime: 19.1188
    annual_cost: 9.888120593342679
    efficiency: 0.941928
    discharge_ratio: 2
    depth_of_discharge: 0.9
  Pb-acid:
    cost: 117.362
    lifetime: 13.7587
    annual_cost: 8.53002100489145
    efficiency: 0.77869
    discharge_ratio: 5
    depth_of_discharge: 0.5
  VRBF:
    cost: 282.285
    lifetime: 27.6874
    annual_cost: 10.19543185709023
    efficiency: 0.807308
    discharge_ratio: 0.5
    depth_of_discharge: 1.0
