cost_values:
  wind_capex: 5000.0
  wind_opex: 100
  wind_lifetime: 20
  solar_capex: 1000.0
  solar_opex: 10
  solar_lifetime: 20
  carbon_price: 1.0
timeseries_values:
  load_level: 257020.76969209855
  wind_year: 2016
  solar_year: 2011
  price_year: 2023
  carbon_year: 2023
storage_values:
  CAES:
    cost: 25.8813
    lifetime: 24.7328
    annual_cost: 1.0464363112951223
    efficiency: 0.649917
    discharge_ratio: 0.1
    depth_of_discharge: 0.4
  Li-ion:
    cost: 186.578
    lifetime: 18.4892
    annual_cost: 10.091188369426476
    efficiency: 0.940187
    discharge_ratio: 2
    depth_of_discharge: 0.9
  Pb-acid:
    cost: 137.068
    lifetime: 13.4948
    annual_cost: 10.157097548685421
    efficiency: 0.798192
    discharge_ratio: 5
    depth_of_discharge: 0.5
  VRBF:
    cost: 269.436
    lifetime: 28.9629
    annual_cost: 9.302797717079436
    efficiency: 0.800997
    discharge_ratio: 0.5
    depth_of_discharge: 1.0
