cost_values:
  wind_capex: 5000.0
  wind_opex: 100
  wind_lifetime: 20
  solar_capex: 1000.0
  solar_opex: 10
  solar_lifetime: 20
  carbon_price: 1.0
timeseries_values:
  load_level: 257020.76969209855
  wind_year: 2016
  solar_year: 2011
  price_year: 2023
  carbon_year: 2023
storage_values:
  CAES:
    cost: 34.338
    lifetime: 24.8856
    annual_cost: 1.3798341209374096
    efficiency: 0.621384
    discharge_ratio: 0.1
    depth_of_discharge: 0.4
  Li-ion:
    cost: 205.016
    lifetime: 21.2657
    annual_cost: 9.64068899683528
    efficiency: 0.924827
    discharge_ratio: 2
    depth_of_discharge: 0.9
  Pb-acid:
    cost: 132.73
    lifetime: 13.9906
    annual_cost: 9.487084185095705
    efficiency: 0.792467
    discharge_ratio: 5
    depth_of_discharge: 0.5
  VRBF:
    cost: 277.194
    lifetime: 29.6598
    annual_cost: 9.345781158335525
    efficiency: 0.811638
    discharge_ratio: 0.5
    depth_of_discharge: 1.0
