cost_values:
  wind_capex: 5000.0
  wind_opex: 100
  wind_lifetime: 20
  solar_capex: 1000.0
  solar_opex: 10
  solar_lifetime: 20
  carbon_price: 1.0
timeseries_values:
  load_level: 257020.76969209855
  wind_year: 2016
  solar_year: 2011
  price_year: 2023
  carbon_year: 2023
storage_values:
  CAES:
    cost: 31.1554
    lifetime: 25.3936
    annual_cost: 1.2268996912607901
    efficiency: 0.626323
    discharge_ratio: 0.1
    depth_of_discharge: 0.4
  Li-ion:
    cost: 211.312
    lifetime: 19.9386
    annual_cost: 10.59813627837461
    efficiency: 0.940345
    discharge_ratio: 2
    depth_of_discharge: 0.9
  Pb-acid:
    cost: 141.949
    lifetime: 13.349
    annual_cost: 10.633680425500039
    efficiency: 0.791115
    discharge_ratio: 5
    depth_of_discharge: 0.5
  VRBF:
    cost: 269.876
    lifetime: 29.7598
    annual_cost: 9.068474922546523
    efficiency: 0.812037
    discharge_ratio: 0.5
    depth_of_discharge: 1.0
