cost_values:
  wind_capex: 5000.0
  wind_opex: 100
  wind_lifetime: 20
  solar_capex: 1000.0
  solar_opex: 10
  solar_lifetime: 20
  carbon_price: 1.0
timeseries_values:
  load_level: 257020.76969209855
  wind_year: 2016
  solar_year: 2011
  price_year: 2023
  carbon_year: 2023
storage_values:
  CAES:
    cost: 24.853
    lifetime: 25.0497
    annual_cost: 0.9921476105502262
    efficiency: 0.626711
    discharge_ratio: 0.1
    depth_of_discharge: 0.4
  Li-ion:
    cost: 204.987
    lifetime: 18.8732
    annual_cost: 10.861274187737108
    efficiency: 0.950768
    discharge_ratio: 2
    depth_of_discharge: 0.9
  Pb-acid:
    cost: 129.159
    lifetime: 12.2811
    annual_cost: 10.51689180936561
    efficiency: 0.787078
    discharge_ratio: 5
    depth_of_discharge: 0.5
  VRBF:
    cost: 238.684
    lifetime: 28.6845
    annual_cost: 8.32100960449023
    efficiency: 0.80476
    discharge_ratio: 0.5
    depth_of_discharge: 1.0
