cost_values:
  wind_capex: 5000.0
  wind_opex: 100
  wind_lifetime: 20
  solar_capex: 1000.0
  solar_opex: 10
  solar_lifetime: 20
  carbon_price: 1.0
timeseries_values:
  load_level: 257020.76969209855
  wind_year: 2016
  solar_year: 2011
  price_year: 2023
  carbon_year: 2023
storage_values:
  CAES:
    cost: 32.5869
    lifetime: 25.3977
    annual_cost: 1.2830650019489953
    efficiency: 0.641762
    discharge_ratio: 0.1
    depth_of_discharge: 0.4
  Li-ion:
    cost: 201.143
    lifetime: 20.1607
    annual_cost: 9.976984926118638
    efficiency: 0.963642
    discharge_ratio: 2
    depth_of_discharge: 0.9
  Pb-acid:
    cost: 133.929
    lifetime: 12.5753
    annual_cost: 10.650163415584519
    efficiency: 0.782114
    discharge_ratio: 5
    depth_of_discharge: 0.5
  VRBF:
    cost: 259.425
    lifetime: 27.931
    annual_cost: 9.288067022304967
    efficiency: 0.822548
    discharge_ratio: 0.5
    depth_of_discharge: 1.0
