cost_values:
  wind_capex: 5000.0
  wind_opex: 100
  wind_lifetime: 20
  solar_capex: 1000.0
  solar_opex: 10
  solar_lifetime: 20
  carbon_price: 1.0
timeseries_values:
  load_level: 257020.76969209855
  wind_year: 2016
  solar_year: 2011
  price_year: 2023
  carbon_year: 2023
storage_values:
  CAES:
    cost: 26.9232
    lifetime: 25.2833
    annual_cost: 1.0648609952023669
    efficiency: 0.637984
    discharge_ratio: 0.1
    depth_of_discharge: 0.4
  Li-ion:
    cost: 202.01
    lifetime: 19.1853
    annual_cost: 10.52941575060072
    efficiency: 0.937544
    discharge_ratio: 2
    depth_of_discharge: 0.9
  Pb-acid:
    cost: 118.69
    lifetime: 12.7569
    annual_cost: 9.303984510343422
    efficiency: 0.795595
    discharge_ratio: 5
    depth_of_discharge: 0.5
  VRBF:
    cost: 282.912
    lifetime: 28.4941
    annual_cost: 9.928792276295795
    efficiency: 0.822896
    discharge_ratio: 0.5
    depth_of_discharge: 1.0
