cost_values:
  wind_capex: 5000.0
  wind_opex: 100
  wind_lifetime: 20
  solar_capex: 1000.0
  solar_opex: 10
  solar_lifetime: 20
  carbon_price: 1.0
timeseries_values:
  load_level: 257020.76969209855
  wind_year: 2016
  solar_year: 2011
  price_year: 2023
  carbon_year: 2023
storage_values:
  CAES:
    cost: 27.9505
    lifetime: 24.5031
    annual_cost: 1.140692402185846
    efficiency: 0.633446
    discharge_ratio: 0.1
    depth_of_discharge: 0.4
  Li-ion:
    cost: 214.85
    lifetime: 20.6355
    annual_cost: 10.411669210826004
    efficiency: 0.944597
    discharge_ratio: 2
    depth_of_discharge: 0.9
  Pb-acid:
    cost: 137.995
    lifetime: 14.5554
    annual_cost: 9.480673839262405
    efficiency: 0.793639
    discharge_ratio: 5
    depth_of_discharge: 0.5
  VRBF:
    cost: 273.825
    lifetime: 28.5485
    annual_cost: 9.591572236719967
    efficiency: 0.823081
    discharge_ratio: 0.5
    depth_of_discharge: 1.0
