cost_values:
  wind_capex: 5000.0
  wind_opex: 100
  wind_lifetime: 20
  solar_capex: 1000.0
  solar_opex: 10
  solar_lifetime: 20
  carbon_price: 1.0
timeseries_values:
  load_level: 257020.76969209855
  wind_year: 2016
  solar_year: 2011
  price_year: 2023
  carbon_year: 2023
storage_values:
  CAES:
    cost: 33.4127
    lifetime: 25.15
    annual_cost: 1.3285367793240557
    efficiency: 0.632347
    discharge_ratio: 0.1
    depth_of_discharge: 0.4
  Li-ion:
    cost: 187.93
    lifetime: 18.3619
    annual_cost: 10.234779625202187
    efficiency: 0.956682
    discharge_ratio: 2
    depth_of_discharge: 0.9
  Pb-acid:
    cost: 130.933
    lifetime: 12.4227
    annual_cost: 10.539818235971245
    efficiency: 0.772919
    discharge_ratio: 5
    depth_of_discharge: 0.5
  VRBF:
    cost: 254.766
    lifetime: 27.7906
    annual_cost: 9.167344353846264
    efficiency: 0.786796
    discharge_ratio: 0.5
    depth_of_discharge: 1.0
