cost_values:
  wind_capex: 5000.0
  wind_opex: 100
  wind_lifetime: 20
  solar_capex: 1000.0
  solar_opex: 10
  solar_lifetime: 20
  carbon_price: 1.0
timeseries_values:
  load_level: 257020.76969209855
  wind_year: 2016
  solar_year: 2011
  price_year: 2023
  carbon_year: 2023
storage_values:
  CAES:
    cost: 24.9905
    lifetime: 25.4337
    annual_cost: 0.9825743010258043
    efficiency: 0.631004
    discharge_ratio: 0.1
    depth_of_discharge: 0.4
  Li-ion:
    cost: 177.779
    lifetime: 21.7927
    annual_cost: 8.157731717501733
    efficiency: 0.934144
    discharge_ratio: 2
    depth_of_discharge: 0.9
  Pb-acid:
    cost: 131.358
    lifetime: 13.4036
    annual_cost: 9.80020293055597
    efficiency: 0.783816
    discharge_ratio: 5
    depth_of_discharge: 0.5
  VRBF:
    cost: 249.533
    lifetime: 26.4211
    annual_cost: 9.444459163320225
    efficiency: 0.787535
    discharge_ratio: 0.5
    depth_of_discharge: 1.0
