cost_values:
  wind_capex: 5000.0
  wind_opex: 100
  wind_lifetime: 20
  solar_capex: 1000.0
  solar_opex: 10
  solar_lifetime: 20
  carbon_price: 1.0
timeseries_values:
  load_level: 257020.76969209855
  wind_year: 2016
  solar_year: 2011
  price_year: 2023
  carbon_year: 2023
storage_values:
  CAES:
    cost: 34.2077
    lifetime: 25.2776
    annual_cost: 1.353281165933475
    efficiency: 0.636045
    discharge_ratio: 0.1
    depth_of_discharge: 0.4
  Li-ion:
    cost: 201.195
    lifetime: 20.8708
    annual_cost: 9.640023381949902
    efficiency: 0.947232
    discharge_ratio: 2
    depth_of_discharge: 0.9
  Pb-acid:
    cost: 137.047
    lifetime: 13.1842
    annual_cost: 10.394790734363859
    efficiency: 0.794218
    discharge_ratio: 5
    depth_of_discharge: 0.5
  VRBF:
    cost: 256.069
    lifetime: 29.8792
    annual_cost: 8.570142440225977
    efficiency: 0.817729
    discharge_ratio: 0.5
    depth_of_discharge: 1.0
