cost_values:
  wind_capex: 5000.0
  wind_opex: 100
  wind_lifetime: 20
  solar_capex: 1000.0
  solar_opex: 10
  solar_lifetime: 20
  carbon_price: 1.0
timeseries_values:
  load_level: 257020.76969209855
  wind_year: 2016
  solar_year: 2011
  price_year: 2023
  carbon_year: 2023
storage_values:
  CAES:
    cost: 27.6737
    lifetime: 26.2133
    annual_cost: 1.0557121766431545
    efficiency: 0.630768
    discharge_ratio: 0.1
    depth_of_discharge: 0.4
  Li-ion:
    cost: 175.503
    lifetime: 21.2335
    annual_cost: 8.265382532319212
    efficiency: 0.9404
    discharge_ratio: 2
    depth_of_discharge: 0.9
  Pb-acid:
    cost: 146.3
    lifetime: 12.7279
    annual_cost: 11.494433488635204
    efficiency: 0.78595
    discharge_ratio: 5
    depth_of_discharge: 0.5
  VRBF:
    cost: 276.899
    lifetime: 28.3354
    annual_cost: 9.772193087092472
    efficiency: 0.812638
    discharge_ratio: 0.5
    depth_of_discharge: 1.0
