cost_values:
  wind_capex: 5000.0
  wind_opex: 100
  wind_lifetime: 20
  solar_capex: 1000.0
  solar_opex: 10
  solar_lifetime: 20
  carbon_price: 1.0
timeseries_values:
  load_level: 257020.76969209855
  wind_year: 2016
  solar_year: 2011
  price_year: 2023
  carbon_year: 2023
storage_values:
  CAES:
    cost: 26.8091
    lifetime: 25.7326
    annual_cost: 1.0418340937176966
    efficiency: 0.636184
    discharge_ratio: 0.1
    depth_of_discharge: 0.4
  Li-ion:
    cost: 196.142
    lifetime: 18.994
    annual_cost: 10.326524165525955
    efficiency: 0.940438
    discharge_ratio: 2
    depth_of_discharge: 0.9
  Pb-acid:
    cost: 111.52
    lifetime: 13.5196
    annual_cost: 8.248764756353738
    efficiency: 0.79896
    discharge_ratio: 5
    depth_of_discharge: 0.5
  VRBF:
    cost: 242.159
    lifetime: 26.5503
    annual_cost: 9.1207632305473
    efficiency: 0.812049
    discharge_ratio: 0.5
    depth_of_discharge: 1.0
