cost_values:
  wind_capex: 5000.0
  wind_opex: 100
  wind_lifetime: 20
  solar_capex: 1000.0
  solar_opex: 10
  solar_lifetime: 20
  carbon_price: 1.0
timeseries_values:
  load_level: 257020.76969209855
  wind_year: 2016
  solar_year: 2011
  price_year: 2023
  carbon_year: 2023
storage_values:
  CAES:
    cost: 20.693
    lifetime: 25.1162
    annual_cost: 0.8238905566924933
    efficiency: 0.624868
    discharge_ratio: 0.1
    depth_of_discharge: 0.4
  Li-ion:
    cost: 190.919
    lifetime: 18.0615
    annual_cost: 10.57049525233231
    efficiency: 0.945807
    discharge_ratio: 2
    depth_of_discharge: 0.9
  Pb-acid:
    cost: 132.961
    lifetime: 12.8611
    annual_cost: 10.338229233891347
    efficiency: 0.795669
    discharge_ratio: 5
    depth_of_discharge: 0.5
  VRBF:
    cost: 246.655
    lifetime: 27.5921
    annual_cost: 8.939334084756144
    efficiency: 0.820189
    discharge_ratio: 0.5
    depth_of_discharge: 1.0
