cost_values:
  wind_capex: 5000.0
  wind_opex: 100
  wind_lifetime: 20
  solar_capex: 1000.0
  solar_opex: 10
  solar_lifetime: 20
  carbon_price: 1.0
timeseries_values:
  load_level: 257020.76969209855
  wind_year: 2016
  solar_year: 2011
  price_year: 2023
  carbon_year: 2023
storage_values:
  CAES:
    cost: 28.2784
    lifetime: 25.9201
    annual_cost: 1.0909834452799179
    efficiency: 0.637051
    discharge_ratio: 0.1
    depth_of_discharge: 0.4
  Li-ion:
    cost: 198.251
    lifetime: 20.717
    annual_cost: 9.569483998648455
    efficiency: 0.947496
    discharge_ratio: 2
    depth_of_discharge: 0.9
  Pb-acid:
    cost: 130.07
    lifetime: 13.0229
    annual_cost: 9.987790737854088
    efficiency: 0.787021
    discharge_ratio: 5
    depth_of_discharge: 0.5
  VRBF:
    cost: 262.504
    lifetime: 28.2634
    annual_cost: 9.287771464155057
    efficiency: 0.79837
    discharge_ratio: 0.5
    depth_of_discharge: 1.0
