cost_values:
  wind_capex: 5000.0
  wind_opex: 100
  wind_lifetime: 20
  solar_capex: 1000.0
  solar_opex: 10
  solar_lifetime: 20
  carbon_price: 1.0
timeseries_values:
  load_level: 257020.76969209855
  wind_year: 2016
  solar_year: 2011
  price_year: 2023
  carbon_year: 2023
storage_values:
  CAES:
    cost: 21.3709
    lifetime: 25.1515
    annual_cost: 0.8496868974017454
    efficiency: 0.633461
    discharge_ratio: 0.1
    depth_of_discharge: 0.4
  Li-ion:
    cost: 212.254
    lifetime: 18.3989
    annual_cost: 11.53623314437276
    efficiency: 0.943853
    discharge_ratio: 2
    depth_of_discharge: 0.9
  Pb-acid:
    cost: 112.215
    lifetime: 13.9297
    annual_cost: 8.055808811388616
    efficiency: 0.790158
    discharge_ratio: 5
    depth_of_discharge: 0.5
  VRBF:
    cost: 252.562
    lifetime: 28.4
    annual_cost: 8.893028169014086
    efficiency: 0.797402
    discharge_ratio: 0.5
    depth_of_discharge: 1.0
