cost_values:
  wind_capex: 5000.0
  wind_opex: 100
  wind_lifetime: 20
  solar_capex: 1000.0
  solar_opex: 10
  solar_lifetime: 20
  carbon_price: 1.0
timeseries_values:
  load_level: 257020.76969209855
  wind_year: 2016
  solar_year: 2011
  price_year: 2023
  carbon_year: 2023
storage_values:
  CAES:
    cost: 27.2569
    lifetime: 25.3038
    annual_cost: 1.077186035299046
    efficiency: 0.639407
    discharge_ratio: 0.1
    depth_of_discharge: 0.4
  Li-ion:
    cost: 191.517
    lifetime: 19.8207
    annual_cost: 9.662474080128352
    efficiency: 0.951054
    discharge_ratio: 2
    depth_of_discharge: 0.9
  Pb-acid:
    cost: 158.924
    lifetime: 12.1491
    annual_cost: 13.081133581911416
    efficiency: 0.784481
    discharge_ratio: 5
    depth_of_discharge: 0.5
  VRBF:
    cost: 267.104
    lifetime: 28.6035
    annual_cost: 9.33815791773734
    efficiency: 0.799438
    discharge_ratio: 0.5
    depth_of_discharge: 1.0
