cost_values:
  wind_capex: 5000.0
  wind_opex: 100
  wind_lifetime: 20
  solar_capex: 1000.0
  solar_opex: 10
  solar_lifetime: 20
  carbon_price: 1.0
timeseries_values:
  load_level: 257020.76969209855
  wind_year: 2016
  solar_year: 2011
  price_year: 2023
  carbon_year: 2023
storage_values:
  CAES:
    cost: 26.2759
    lifetime: 25.8794
    annual_cost: 1.0153210661761864
    efficiency: 0.639909
    discharge_ratio: 0.1
    depth_of_discharge: 0.4
  Li-ion:
    cost: 201.222
    lifetime: 18.4649
    annual_cost: 10.897540739457025
    efficiency: 0.933947
    discharge_ratio: 2
    depth_of_discharge: 0.9
  Pb-acid:
    cost: 155.757
    lifetime: 14.4921
    annual_cost: 10.747717722069265
    efficiency: 0.794183
    discharge_ratio: 5
    depth_of_discharge: 0.5
  VRBF:
    cost: 294.318
    lifetime: 29.2674
    annual_cost: 10.056171713237253
    efficiency: 0.825416
    discharge_ratio: 0.5
    depth_of_discharge: 1.0
