cost_values:
  wind_capex: 5000.0
  wind_opex: 100
  wind_lifetime: 20
  solar_capex: 1000.0
  solar_opex: 10
  solar_lifetime: 20
  carbon_price: 1.0
timeseries_values:
  load_level: 257020.76969209855
  wind_year: 2016
  solar_year: 2011
  price_year: 2023
  carbon_year: 2023
storage_values:
  CAES:
    cost: 26.6055
    lifetime: 25.455
    annual_cost: 1.0451974071891574
    efficiency: 0.631755
    discharge_ratio: 0.1
    depth_of_discharge: 0.4
  Li-ion:
    cost: 208.379
    lifetime: 19.8919
    annual_cost: 10.475570458327258
    efficiency: 0.946288
    discharge_ratio: 2
    depth_of_discharge: 0.9
  Pb-acid:
    cost: 137.51
    lifetime: 13.976
    annual_cost: 9.839009730967371
    efficiency: 0.78135
    discharge_ratio: 5
    depth_of_discharge: 0.5
  VRBF:
    cost: 262.477
    lifetime: 27.7284
    annual_cost: 9.465998759394699
    efficiency: 0.805148
    discharge_ratio: 0.5
    depth_of_discharge: 1.0
