cost_values:
  wind_capex: 5000.0
  wind_opex: 100
  wind_lifetime: 20
  solar_capex: 1000.0
  solar_opex: 10
  solar_lifetime: 20
  carbon_price: 1.0
timeseries_values:
  load_level: 257020.76969209855
  wind_year: 2016
  solar_year: 2011
  price_year: 2023
  carbon_year: 2023
storage_values:
  CAES:
    cost: 23.3712
    lifetime: 25.9856
    annual_cost: 0.8993904316236685
    efficiency: 0.640504
    discharge_ratio: 0.1
    depth_of_discharge: 0.4
  Li-ion:
    cost: 215.841
    lifetime: 22.1074
    annual_cost: 9.763291929399207
    efficiency: 0.945101
    discharge_ratio: 2
    depth_of_discharge: 0.9
  Pb-acid:
    cost: 175.774
    lifetime: 12.8173
    annual_cost: 13.713808680455323
    efficiency: 0.791078
    discharge_ratio: 5
    depth_of_discharge: 0.5
  VRBF:
    cost: 274.796
    lifetime: 28.4673
    annual_cost: 9.65304050612457
    efficiency: 0.820808
    discharge_ratio: 0.5
    depth_of_discharge: 1.0
