cost_values:
  wind_capex: 5000.0
  wind_opex: 100
  wind_lifetime: 20
  solar_capex: 1000.0
  solar_opex: 10
  solar_lifetime: 20
  carbon_price: 1.0
timeseries_values:
  load_level: 257020.76969209855
  wind_year: 2016
  solar_year: 2011
  price_year: 2023
  carbon_year: 2023
storage_values:
  CAES:
    cost: 29.6488
    lifetime: 25.613
    annual_cost: 1.1575684222855582
    efficiency: 0.631768
    discharge_ratio: 0.1
    depth_of_discharge: 0.4
  Li-ion:
    cost: 200.472
    lifetime: 18.4302
    annual_cost: 10.87736432594329
    efficiency: 0.951375
    discharge_ratio: 2
    depth_of_discharge: 0.9
  Pb-acid:
    cost: 147.799
    lifetime: 10.3355
    annual_cost: 14.300130617773693
    efficiency: 0.788337
    discharge_ratio: 5
    depth_of_discharge: 0.5
  VRBF:
    cost: 288.556
    lifetime: 26.7542
    annual_cost: 10.785446770974277
    efficiency: 0.817842
    discharge_ratio: 0.5
    depth_of_discharge: 1.0
