cost_values:
  wind_capex: 5000.0
  wind_opex: 100
  wind_lifetime: 20
  solar_capex: 1000.0
  solar_opex: 10
  solar_lifetime: 20
  carbon_price: 1.0
timeseries_values:
  load_level: 257020.76969209855
  wind_year: 2016
  solar_year: 2011
  price_year: 2023
  carbon_year: 2023
storage_values:
  CAES:
    cost: 21.6534
    lifetime: 26.0978
    annual_cost: 0.8297021204852517
    efficiency: 0.639674
    discharge_ratio: 0.1
    depth_of_discharge: 0.4
  Li-ion:
    cost: 183.874
    lifetime: 20.3298
    annual_cost: 9.044555283377111
    efficiency: 0.926993
    discharge_ratio: 2
    depth_of_discharge: 0.9
  Pb-acid:
    cost: 138.548
    lifetime: 13.7165
    annual_cost: 10.10082747056465
    efficiency: 0.789814
    discharge_ratio: 5
    depth_of_discharge: 0.5
  VRBF:
    cost: 240.995
    lifetime: 28.5916
    annual_cost: 8.428874214804349
    efficiency: 0.819102
    discharge_ratio: 0.5
    depth_of_discharge: 1.0
