cost_values:
  wind_capex: 5000.0
  wind_opex: 100
  wind_lifetime: 20
  solar_capex: 1000.0
  solar_opex: 10
  solar_lifetime: 20
  carbon_price: 1.0
timeseries_values:
  load_level: 257020.76969209855
  wind_year: 2016
  solar_year: 2011
  price_year: 2023
  carbon_year: 2023
storage_values:
  CAES:
    cost: 27.3945
    lifetime: 25.2395
    annual_cost: 1.085382040056261
    efficiency: 0.632653
    discharge_ratio: 0.1
    depth_of_discharge: 0.4
  Li-ion:
    cost: 178.613
    lifetime: 19.4593
    annual_cost: 9.17879882626816
    efficiency: 0.949713
    discharge_ratio: 2
    depth_of_discharge: 0.9
  Pb-acid:
    cost: 152.105
    lifetime: 12.0241
    annual_cost: 12.650011227451532
    efficiency: 0.778285
    discharge_ratio: 5
    depth_of_discharge: 0.5
  VRBF:
    cost: 250.444
    lifetime: 28.1895
    annual_cost: 8.884300892176165
    efficiency: 0.816713
    discharge_ratio: 0.5
    depth_of_discharge: 1.0
