cost_values:
  wind_capex: 5000.0
  wind_opex: 100
  wind_lifetime: 20
  solar_capex: 1000.0
  solar_opex: 10
  solar_lifetime: 20
  carbon_price: 1.0
timeseries_values:
  load_level: 257020.76969209855
  wind_year: 2016
  solar_year: 2011
  price_year: 2023
  carbon_year: 2023
storage_values:
  CAES:
    cost: 26.612
    lifetime: 25.1929
    annual_cost: 1.056329362637886
    efficiency: 0.630289
    discharge_ratio: 0.1
    depth_of_discharge: 0.4
  Li-ion:
    cost: 202.331
    lifetime: 21.4088
    annual_cost: 9.450833302193491
    efficiency: 0.946108
    discharge_ratio: 2
    depth_of_discharge: 0.9
  Pb-acid:
    cost: 130.933
    lifetime: 13.4378
    annual_cost: 9.743633630504993
    efficiency: 0.788893
    discharge_ratio: 5
    depth_of_discharge: 0.5
  VRBF:
    cost: 258.675
    lifetime: 28.7814
    annual_cost: 8.987575309053764
    efficiency: 0.811376
    discharge_ratio: 0.5
    depth_of_discharge: 1.0
