cost_values:
  wind_capex: 5000.0
  wind_opex: 100
  wind_lifetime: 20
  solar_capex: 1000.0
  solar_opex: 10
  solar_lifetime: 20
  carbon_price: 1.0
timeseries_values:
  load_level: 257020.76969209855
  wind_year: 2016
  solar_year: 2011
  price_year: 2023
  carbon_year: 2023
storage_values:
  CAES:
    cost: 28.7638
    lifetime: 25.407
    annual_cost: 1.1321210689967331
    efficiency: 0.632904
    discharge_ratio: 0.1
    depth_of_discharge: 0.4
  Li-ion:
    cost: 207.71
    lifetime: 20.497
    annual_cost: 10.133678099234034
    efficiency: 0.935132
    discharge_ratio: 2
    depth_of_discharge: 0.9
  Pb-acid:
    cost: 122.276
    lifetime: 12.6671
    annual_cost: 9.653038185535758
    efficiency: 0.781158
    discharge_ratio: 5
    depth_of_discharge: 0.5
  VRBF:
    cost: 243.356
    lifetime: 27.8082
    annual_cost: 8.75123165109572
    efficiency: 0.817194
    discharge_ratio: 0.5
    depth_of_discharge: 1.0
