cost_values:
  wind_capex: 5000.0
  wind_opex: 100
  wind_lifetime: 20
  solar_capex: 1000.0
  solar_opex: 10
  solar_lifetime: 20
  carbon_price: 1.0
timeseries_values:
  load_level: 257020.76969209855
  wind_year: 2016
  solar_year: 2011
  price_year: 2023
  carbon_year: 2023
storage_values:
  CAES:
    cost: 27.1878
    lifetime: 24.7784
    annual_cost: 1.0972379168953603
    efficiency: 0.637971
    discharge_ratio: 0.1
    depth_of_discharge: 0.4
  Li-ion:
    cost: 181.597
    lifetime: 19.3879
    annual_cost: 9.366512102909548
    efficiency: 0.944356
    discharge_ratio: 2
    depth_of_discharge: 0.9
  Pb-acid:
    cost: 152.833
    lifetime: 14.4325
    annual_cost: 10.589502858132688
    efficiency: 0.786038
    discharge_ratio: 5
    depth_of_discharge: 0.5
  VRBF:
    cost: 269.902
    lifetime: 29.1733
    annual_cost: 9.251678761058912
    efficiency: 0.811615
    discharge_ratio: 0.5
    depth_of_discharge: 1.0
