cost_values:
  wind_capex: 5000.0
  wind_opex: 100
  wind_lifetime: 20
  solar_capex: 1000.0
  solar_opex: 10
  solar_lifetime: 20
  carbon_price: 1.0
timeseries_values:
  load_level: 257020.76969209855
  wind_year: 2016
  solar_year: 2011
  price_year: 2023
  carbon_year: 2023
storage_values:
  CAES:
    cost: 26.991
    lifetime: 24.8965
    annual_cost: 1.0841282911252585
    efficiency: 0.636359
    discharge_ratio: 0.1
    depth_of_discharge: 0.4
  Li-ion:
    cost: 200.264
    lifetime: 19.8059
    annual_cost: 10.11133046213502
    efficiency: 0.930715
    discharge_ratio: 2
    depth_of_discharge: 0.9
  Pb-acid:
    cost: 137.511
    lifetime: 12.2967
    annual_cost: 11.182756349264437
    efficiency: 0.787174
    discharge_ratio: 5
    depth_of_discharge: 0.5
  VRBF:
    cost: 261.937
    lifetime: 27.8849
    annual_cost: 9.393506880067708
    efficiency: 0.835683
    discharge_ratio: 0.5
    depth_of_discharge: 1.0
