cost_values:
  wind_capex: 5000.0
  wind_opex: 100
  wind_lifetime: 20
  solar_capex: 1000.0
  solar_opex: 10
  solar_lifetime: 20
  carbon_price: 1.0
timeseries_values:
  load_level: 257020.76969209855
  wind_year: 2016
  solar_year: 2011
  price_year: 2023
  carbon_year: 2023
storage_values:
  CAES:
    cost: 22.9989
    lifetime: 25.4544
    annual_cost: 0.9035333773335847
    efficiency: 0.647449
    discharge_ratio: 0.1
    depth_of_discharge: 0.4
  Li-ion:
    cost: 188.763
    lifetime: 18.677
    annual_cost: 10.106708786207635
    efficiency: 0.928475
    discharge_ratio: 2
    depth_of_discharge: 0.9
  Pb-acid:
    cost: 141.88
    lifetime: 12.163
    annual_cost: 11.664885307901011
    efficiency: 0.78831
    discharge_ratio: 5
    depth_of_discharge: 0.5
  VRBF:
    cost: 269.291
    lifetime: 28.2598
    annual_cost: 9.529119102046016
    efficiency: 0.832203
    discharge_ratio: 0.5
    depth_of_discharge: 1.0
