cost_values:
  wind_capex: 5000.0
  wind_opex: 100
  wind_lifetime: 20
  solar_capex: 1000.0
  solar_opex: 10
  solar_lifetime: 20
  carbon_price: 1.0
timeseries_values:
  load_level: 257020.76969209855
  wind_year: 2016
  solar_year: 2011
  price_year: 2023
  carbon_year: 2023
storage_values:
  CAES:
    cost: 22.4571
    lifetime: 25.5655
    annual_cost: 0.8784142692300171
    efficiency: 0.645993
    discharge_ratio: 0.1
    depth_of_discharge: 0.4
  Li-ion:
    cost: 190.058
    lifetime: 17.659
    annual_cost: 10.762670592898806
    efficiency: 0.941449
    discharge_ratio: 2
    depth_of_discharge: 0.9
  Pb-acid:
    cost: 125.751
    lifetime: 12.3914
    annual_cost: 10.148247978436657
    efficiency: 0.780636
    discharge_ratio: 5
    depth_of_discharge: 0.5
  VRBF:
    cost: 254.674
    lifetime: 29.7548
    annual_cost: 8.559089625875488
    efficiency: 0.787053
    discharge_ratio: 0.5
    depth_of_discharge: 1.0
