cost_values:
  wind_capex: 5000.0
  wind_opex: 100
  wind_lifetime: 20
  solar_capex: 1000.0
  solar_opex: 10
  solar_lifetime: 20
  carbon_price: 1.0
timeseries_values:
  load_level: 257020.76969209855
  wind_year: 2016
  solar_year: 2011
  price_year: 2023
  carbon_year: 2023
storage_values:
  CAES:
    cost: 25.4401
    lifetime: 24.678
    annual_cost: 1.0308817570305535
    efficiency: 0.637547
    discharge_ratio: 0.1
    depth_of_discharge: 0.4
  Li-ion:
    cost: 183.268
    lifetime: 19.6986
    annual_cost: 9.303605332358645
    efficiency: 0.933274
    discharge_ratio: 2
    depth_of_discharge: 0.9
  Pb-acid:
    cost: 123.764
    lifetime: 13.5952
    annual_cost: 9.103507120160057
    efficiency: 0.783188
    discharge_ratio: 5
    depth_of_discharge: 0.5
  VRBF:
    cost: 279.008
    lifetime: 28.6076
    annual_cost: 9.752932787091542
    efficiency: 0.813915
    discharge_ratio: 0.5
    depth_of_discharge: 1.0
