cost_values:
  wind_capex: 5000.0
  wind_opex: 100
  wind_lifetime: 20
  solar_capex: 1000.0
  solar_opex: 10
  solar_lifetime: 20
  carbon_price: 1.0
timeseries_values:
  load_level: 257020.76969209855
  wind_year: 2016
  solar_year: 2011
  price_year: 2023
  carbon_year: 2023
storage_values:
  CAES:
    cost: 27.7592
    lifetime: 24.9506
    annual_cost: 1.1125664312681858
    efficiency: 0.631932
    discharge_ratio: 0.1
    depth_of_discharge: 0.4
  Li-ion:
    cost: 201.4
    lifetime: 19.6206
    annual_cost: 10.264721772015127
    efficiency: 0.951614
    discharge_ratio: 2
    depth_of_discharge: 0.9
  Pb-acid:
    cost: 123.06
    lifetime: 13.3983
    annual_cost: 9.184747318689684
    efficiency: 0.792691
    discharge_ratio: 5
    depth_of_discharge: 0.5
  VRBF:
    cost: 286.447
    lifetime: 29.1963
    annual_cost: 9.811071950897887
    efficiency: 0.804517
    discharge_ratio: 0.5
    depth_of_discharge: 1.0
