cost_values:
  wind_capex: 5000.0
  wind_opex: 100
  wind_lifetime: 20
  solar_capex: 1000.0
  solar_opex: 10
  solar_lifetime: 20
  carbon_price: 1.0
timeseries_values:
  load_level: 257020.76969209855
  wind_year: 2016
  solar_year: 2011
  price_year: 2023
  carbon_year: 2023
storage_values:
  CAES:
    cost: 23.5229
    lifetime: 25.6271
    annual_cost: 0.9178916069317247
    efficiency: 0.631609
    discharge_ratio: 0.1
    depth_of_discharge: 0.4
  Li-ion:
    cost: 219.301
    lifetime: 19.3751
    annual_cost: 11.318702871210986
    efficiency: 0.94126
    discharge_ratio: 2
    depth_of_discharge: 0.9
  Pb-acid:
    cost: 132.495
    lifetime: 12.4913
    annual_cost: 10.606982459792015
    efficiency: 0.796934
    discharge_ratio: 5
    depth_of_discharge: 0.5
  VRBF:
    cost: 273.092
    lifetime: 28.193
    annual_cost: 9.68651792998262
    efficiency: 0.802215
    discharge_ratio: 0.5
    depth_of_discharge: 1.0
