cost_values:
  wind_capex: 5000.0
  wind_opex: 100
  wind_lifetime: 20
  solar_capex: 1000.0
  solar_opex: 10
  solar_lifetime: 20
  carbon_price: 1.0
timeseries_values:
  load_level: 257020.76969209855
  wind_year: 2016
  solar_year: 2011
  price_year: 2023
  carbon_year: 2023
storage_values:
  CAES:
    cost: 25.3881
    lifetime: 25.0076
    annual_cost: 1.015215374526144
    efficiency: 0.642793
    discharge_ratio: 0.1
    depth_of_discharge: 0.4
  Li-ion:
    cost: 203.886
    lifetime: 19.8044
    annual_cost: 10.294984952838762
    efficiency: 0.936926
    discharge_ratio: 2
    depth_of_discharge: 0.9
  Pb-acid:
    cost: 142.034
    lifetime: 13.6477
    annual_cost: 10.407174835320236
    efficiency: 0.788786
    discharge_ratio: 5
    depth_of_discharge: 0.5
  VRBF:
    cost: 230.614
    lifetime: 28.4586
    annual_cost: 8.103490684713936
    efficiency: 0.815333
    discharge_ratio: 0.5
    depth_of_discharge: 1.0
