cost_values:
  wind_capex: 5000.0
  wind_opex: 100
  wind_lifetime: 20
  solar_capex: 1000.0
  solar_opex: 10
  solar_lifetime: 20
  carbon_price: 1.0
timeseries_values:
  load_level: 237826.41864515422
  wind_year: 2015
  solar_year: 2018
  price_year: 2023
  carbon_year: 2023
storage_values:
  CAES:
    cost: 47.1389
    lifetime: 25.6032
    annual_cost: 1.841133139607549
    efficiency: 0.579243
    discharge_ratio: 0.1
    depth_of_discharge: 0.4
  Li-ion:
    cost: 156.013
    lifetime: 19.0575
    annual_cost: 8.186435786435787
    efficiency: 0.905008
    discharge_ratio: 2
    depth_of_discharge: 0.9
  Pb-acid:
    cost: 183.213
    lifetime: 8.33768
    annual_cost: 21.974098310321335
    efficiency: 0.713878
    discharge_ratio: 5
    depth_of_discharge: 0.5
  VRBF:
    cost: 271.285
    lifetime: 10.1227
    annual_cost: 26.79966807274739
    efficiency: 0.790679
    discharge_ratio: 0.5
    depth_of_discharge: 1.0
