cost_values:
  wind_capex: 5000.0
  wind_opex: 100
  wind_lifetime: 20
  solar_capex: 1000.0
  solar_opex: 10
  solar_lifetime: 20
  carbon_price: 1.0
timeseries_values:
  load_level: 237826.41864515422
  wind_year: 2015
  solar_year: 2018
  price_year: 2023
  carbon_year: 2023
storage_values:
  CAES:
    cost: 43.1634
    lifetime: 25.7492
    annual_cost: 1.6763006229319748
    efficiency: 0.57522
    discharge_ratio: 0.1
    depth_of_discharge: 0.4
  Li-ion:
    cost: 181.298
    lifetime: 18.4389
    annual_cost: 9.8323652712472
    efficiency: 0.9222
    discharge_ratio: 2
    depth_of_discharge: 0.9
  Pb-acid:
    cost: 189.918
    lifetime: 8.42515
    annual_cost: 22.541794508109646
    efficiency: 0.728709
    discharge_ratio: 5
    depth_of_discharge: 0.5
  VRBF:
    cost: 257.286
    lifetime: 12.8697
    annual_cost: 19.991608195995244
    efficiency: 0.805237
    discharge_ratio: 0.5
    depth_of_discharge: 1.0
