cost_values:
  wind_capex: 5000.0
  wind_opex: 100
  wind_lifetime: 20
  solar_capex: 1000.0
  solar_opex: 10
  solar_lifetime: 20
  carbon_price: 1.0
timeseries_values:
  load_level: 237826.41864515422
  wind_year: 2015
  solar_year: 2018
  price_year: 2023
  carbon_year: 2023
storage_values:
  CAES:
    cost: 47.8077
    lifetime: 25.5876
    annual_cost: 1.8683932842470572
    efficiency: 0.586128
    discharge_ratio: 0.1
    depth_of_discharge: 0.4
  Li-ion:
    cost: 197.7
    lifetime: 19.0472
    annual_cost: 10.379478348523667
    efficiency: 0.932575
    discharge_ratio: 2
    depth_of_discharge: 0.9
  Pb-acid:
    cost: 177.786
    lifetime: 7.3951
    annual_cost: 24.041054211572526
    efficiency: 0.724095
    discharge_ratio: 5
    depth_of_discharge: 0.5
  VRBF:
    cost: 233.683
    lifetime: 11.1236
    annual_cost: 21.007857168542557
    efficiency: 0.765576
    discharge_ratio: 0.5
    depth_of_discharge: 1.0
