cost_values:
  wind_capex: 5000.0
  wind_opex: 100
  wind_lifetime: 20
  solar_capex: 1000.0
  solar_opex: 10
  solar_lifetime: 20
  carbon_price: 1.0
timeseries_values:
  load_level: 237826.41864515422
  wind_year: 2015
  solar_year: 2018
  price_year: 2023
  carbon_year: 2023
storage_values:
  CAES:
    cost: 55.7967
    lifetime: 26.7556
    annual_cost: 2.085421369731944
    efficiency: 0.583593
    discharge_ratio: 0.1
    depth_of_discharge: 0.4
  Li-ion:
    cost: 172.627
    lifetime: 21.2045
    annual_cost: 8.141054964748049
    efficiency: 0.906948
    discharge_ratio: 2
    depth_of_discharge: 0.9
  Pb-acid:
    cost: 200.845
    lifetime: 8.53789
    annual_cost: 23.52396200934891
    efficiency: 0.734966
    discharge_ratio: 5
    depth_of_discharge: 0.5
  VRBF:
    cost: 259.052
    lifetime: 11.9047
    annual_cost: 21.760481154502006
    efficiency: 0.783284
    discharge_ratio: 0.5
    depth_of_discharge: 1.0
