cost_values:
  wind_capex: 5000.0
  wind_opex: 100
  wind_lifetime: 20
  solar_capex: 1000.0
  solar_opex: 10
  solar_lifetime: 20
  carbon_price: 1.0
timeseries_values:
  load_level: 237826.41864515422
  wind_year: 2015
  solar_year: 2018
  price_year: 2023
  carbon_year: 2023
storage_values:
  CAES:
    cost: 54.7836
    lifetime: 25.4154
    annual_cost: 2.1555277508911916
    efficiency: 0.584451
    discharge_ratio: 0.1
    depth_of_discharge: 0.4
  Li-ion:
    cost: 176.329
    lifetime: 19.0346
    annual_cost: 9.263604173452554
    efficiency: 0.897902
    discharge_ratio: 2
    depth_of_discharge: 0.9
  Pb-acid:
    cost: 180.437
    lifetime: 9.2893
    annual_cost: 19.42417620272787
    efficiency: 0.710913
    discharge_ratio: 5
    depth_of_discharge: 0.5
  VRBF:
    cost: 219.177
    lifetime: 12.8063
    annual_cost: 17.114779444492164
    efficiency: 0.791347
    discharge_ratio: 0.5
    depth_of_discharge: 1.0
