cost_values:
  wind_capex: 5000.0
  wind_opex: 100
  wind_lifetime: 20
  solar_capex: 1000.0
  solar_opex: 10
  solar_lifetime: 20
  carbon_price: 1.0
timeseries_values:
  load_level: 237826.41864515422
  wind_year: 2015
  solar_year: 2018
  price_year: 2023
  carbon_year: 2023
storage_values:
  CAES:
    cost: 49.7761
    lifetime: 25.7571
    annual_cost: 1.9325195771263068
    efficiency: 0.578886
    discharge_ratio: 0.1
    depth_of_discharge: 0.4
  Li-ion:
    cost: 182.072
    lifetime: 18.3493
    annual_cost: 9.922558353724666
    efficiency: 0.915277
    discharge_ratio: 2
    depth_of_discharge: 0.9
  Pb-acid:
    cost: 190.645
    lifetime: 8.13592
    annual_cost: 23.43250671098044
    efficiency: 0.698119
    discharge_ratio: 5
    depth_of_discharge: 0.5
  VRBF:
    cost: 208.026
    lifetime: 10.6509
    annual_cost: 19.531307213474918
    efficiency: 0.772861
    discharge_ratio: 0.5
    depth_of_discharge: 1.0
