cost_values:
  wind_capex: 5000.0
  wind_opex: 100
  wind_lifetime: 20
  solar_capex: 1000.0
  solar_opex: 10
  solar_lifetime: 20
  carbon_price: 1.0
timeseries_values:
  load_level: 237826.41864515422
  wind_year: 2015
  solar_year: 2018
  price_year: 2023
  carbon_year: 2023
storage_values:
  CAES:
    cost: 49.642
    lifetime: 25.7774
    annual_cost: 1.9257954642438726
    efficiency: 0.584416
    discharge_ratio: 0.1
    depth_of_discharge: 0.4
  Li-ion:
    cost: 192.536
    lifetime: 19.4861
    annual_cost: 9.880684180005234
    efficiency: 0.914343
    discharge_ratio: 2
    depth_of_discharge: 0.9
  Pb-acid:
    cost: 173.936
    lifetime: 10.1412
    annual_cost: 17.151421922454936
    efficiency: 0.725781
    discharge_ratio: 5
    depth_of_discharge: 0.5
  VRBF:
    cost: 242.433
    lifetime: 11.4127
    annual_cost: 21.242387866149116
    efficiency: 0.792149
    discharge_ratio: 0.5
    depth_of_discharge: 1.0
