cost_values:
  wind_capex: 5000.0
  wind_opex: 100
  wind_lifetime: 20
  solar_capex: 1000.0
  solar_opex: 10
  solar_lifetime: 20
  carbon_price: 1.0
timeseries_values:
  load_level: 237826.41864515422
  wind_year: 2015
  solar_year: 2018
  price_year: 2023
  carbon_year: 2023
storage_values:
  CAES:
    cost: 48.191
    lifetime: 25.5293
    annual_cost: 1.8876741626288227
    efficiency: 0.579799
    discharge_ratio: 0.1
    depth_of_discharge: 0.4
  Li-ion:
    cost: 154.272
    lifetime: 19.7436
    annual_cost: 7.813772564273992
    efficiency: 0.917141
    discharge_ratio: 2
    depth_of_discharge: 0.9
  Pb-acid:
    cost: 196.387
    lifetime: 7.04591
    annual_cost: 27.872482049870065
    efficiency: 0.72072
    discharge_ratio: 5
    depth_of_discharge: 0.5
  VRBF:
    cost: 226.529
    lifetime: 12.0062
    annual_cost: 18.867668371341473
    efficiency: 0.766757
    discharge_ratio: 0.5
    depth_of_discharge: 1.0
