cost_values:
  wind_capex: 5000.0
  wind_opex: 100
  wind_lifetime: 20
  solar_capex: 1000.0
  solar_opex: 10
  solar_lifetime: 20
  carbon_price: 1.0
timeseries_values:
  load_level: 237826.41864515422
  wind_year: 2015
  solar_year: 2018
  price_year: 2023
  carbon_year: 2023
storage_values:
  CAES:
    cost: 50.8789
    lifetime: 25.5062
    annual_cost: 1.9947659784679803
    efficiency: 0.58911
    discharge_ratio: 0.1
    depth_of_discharge: 0.4
  Li-ion:
    cost: 208.304
    lifetime: 22.5217
    annual_cost: 9.249035374771887
    efficiency: 0.919516
    discharge_ratio: 2
    depth_of_discharge: 0.9
  Pb-acid:
    cost: 185.862
    lifetime: 7.62191
    annual_cost: 24.385226275303697
    efficiency: 0.712586
    discharge_ratio: 5
    depth_of_discharge: 0.5
  VRBF:
    cost: 228.473
    lifetime: 12.5099
    annual_cost: 18.263375406677913
    efficiency: 0.776121
    discharge_ratio: 0.5
    depth_of_discharge: 1.0
