cost_values:
  wind_capex: 5000.0
  wind_opex: 100
  wind_lifetime: 20
  solar_capex: 1000.0
  solar_opex: 10
  solar_lifetime: 20
  carbon_price: 1.0
timeseries_values:
  load_level: 237826.41864515422
  wind_year: 2015
  solar_year: 2018
  price_year: 2023
  carbon_year: 2023
storage_values:
  CAES:
    cost: 51.031
    lifetime: 25.6772
    annual_cost: 1.987405168787874
    efficiency: 0.586122
    discharge_ratio: 0.1
    depth_of_discharge: 0.4
  Li-ion:
    cost: 185.701
    lifetime: 19.4435
    annual_cost: 9.550801038907604
    efficiency: 0.92691
    discharge_ratio: 2
    depth_of_discharge: 0.9
  Pb-acid:
    cost: 192.587
    lifetime: 9.21422
    annual_cost: 20.90106379053246
    efficiency: 0.731043
    discharge_ratio: 5
    depth_of_discharge: 0.5
  VRBF:
    cost: 231.066
    lifetime: 11.0803
    annual_cost: 20.85376749726993
    efficiency: 0.780477
    discharge_ratio: 0.5
    depth_of_discharge: 1.0
