cost_values:
  wind_capex: 5000.0
  wind_opex: 100
  wind_lifetime: 20
  solar_capex: 1000.0
  solar_opex: 10
  solar_lifetime: 20
  carbon_price: 1.0
timeseries_values:
  load_level: 237826.41864515422
  wind_year: 2015
  solar_year: 2018
  price_year: 2023
  carbon_year: 2023
storage_values:
  CAES:
    cost: 45.5348
    lifetime: 25.564
    annual_cost: 1.781207948677828
    efficiency: 0.581326
    discharge_ratio: 0.1
    depth_of_discharge: 0.4
  Li-ion:
    cost: 190.555
    lifetime: 19.7283
    annual_cost: 9.65896706761353
    efficiency: 0.915952
    discharge_ratio: 2
    depth_of_discharge: 0.9
  Pb-acid:
    cost: 186.192
    lifetime: 10.3683
    annual_cost: 17.957813720667804
    efficiency: 0.713816
    discharge_ratio: 5
    depth_of_discharge: 0.5
  VRBF:
    cost: 252.404
    lifetime: 11.7584
    annual_cost: 21.465845693291605
    efficiency: 0.788224
    discharge_ratio: 0.5
    depth_of_discharge: 1.0
