cost_values:
  wind_capex: 5000.0
  wind_opex: 100
  wind_lifetime: 20
  solar_capex: 1000.0
  solar_opex: 10
  solar_lifetime: 20
  carbon_price: 1.0
timeseries_values:
  load_level: 237826.41864515422
  wind_year: 2015
  solar_year: 2018
  price_year: 2023
  carbon_year: 2023
storage_values:
  CAES:
    cost: 41.9968
    lifetime: 25.3888
    annual_cost: 1.654146710360474
    efficiency: 0.576518
    discharge_ratio: 0.1
    depth_of_discharge: 0.4
  Li-ion:
    cost: 173.956
    lifetime: 18.957
    annual_cost: 9.176346468323047
    efficiency: 0.9271
    discharge_ratio: 2
    depth_of_discharge: 0.9
  Pb-acid:
    cost: 167.028
    lifetime: 6.33993
    annual_cost: 26.345401289919604
    efficiency: 0.711279
    discharge_ratio: 5
    depth_of_discharge: 0.5
  VRBF:
    cost: 205.31
    lifetime: 12.6671
    annual_cost: 16.208129721877935
    efficiency: 0.782219
    discharge_ratio: 0.5
    depth_of_discharge: 1.0
