cost_values:
  wind_capex: 5000.0
  wind_opex: 100
  wind_lifetime: 20
  solar_capex: 1000.0
  solar_opex: 10
  solar_lifetime: 20
  carbon_price: 1.0
timeseries_values:
  load_level: 237826.41864515422
  wind_year: 2015
  solar_year: 2018
  price_year: 2023
  carbon_year: 2023
storage_values:
  CAES:
    cost: 53.5532
    lifetime: 26.2966
    annual_cost: 2.0365066206277613
    efficiency: 0.585618
    discharge_ratio: 0.1
    depth_of_discharge: 0.4
  Li-ion:
    cost: 169.844
    lifetime: 20.8271
    annual_cost: 8.154951961626917
    efficiency: 0.921637
    discharge_ratio: 2
    depth_of_discharge: 0.9
  Pb-acid:
    cost: 185.11
    lifetime: 8.39345
    annual_cost: 22.05410171026217
    efficiency: 0.719721
    discharge_ratio: 5
    depth_of_discharge: 0.5
  VRBF:
    cost: 261.276
    lifetime: 10.8296
    annual_cost: 24.126098840215707
    efficiency: 0.759096
    discharge_ratio: 0.5
    depth_of_discharge: 1.0
