cost_values:
  wind_capex: 5000.0
  wind_opex: 100
  wind_lifetime: 20
  solar_capex: 1000.0
  solar_opex: 10
  solar_lifetime: 20
  carbon_price: 1.0
timeseries_values:
  load_level: 237826.41864515422
  wind_year: 2015
  solar_year: 2018
  price_year: 2023
  carbon_year: 2023
storage_values:
  CAES:
    cost: 58.5974
    lifetime: 27.2103
    annual_cost: 2.153500696427456
    efficiency: 0.578407
    discharge_ratio: 0.1
    depth_of_discharge: 0.4
  Li-ion:
    cost: 162.732
    lifetime: 19.3302
    annual_cost: 8.418536797343018
    efficiency: 0.922492
    discharge_ratio: 2
    depth_of_discharge: 0.9
  Pb-acid:
    cost: 178.897
    lifetime: 9.10658
    annual_cost: 19.644806282929487
    efficiency: 0.706932
    discharge_ratio: 5
    depth_of_discharge: 0.5
  VRBF:
    cost: 238.795
    lifetime: 12.4406
    annual_cost: 19.194813754963587
    efficiency: 0.787412
    discharge_ratio: 0.5
    depth_of_discharge: 1.0
