cost_values:
  wind_capex: 5000.0
  wind_opex: 100
  wind_lifetime: 20
  solar_capex: 1000.0
  solar_opex: 10
  solar_lifetime: 20
  carbon_price: 1.0
timeseries_values:
  load_level: 237826.41864515422
  wind_year: 2015
  solar_year: 2018
  price_year: 2023
  carbon_year: 2023
storage_values:
  CAES:
    cost: 49.5239
    lifetime: 26.3941
    annual_cost: 1.8763246331566523
    efficiency: 0.587465
    discharge_ratio: 0.1
    depth_of_discharge: 0.4
  Li-ion:
    cost: 175.71
    lifetime: 18.2099
    annual_cost: 9.649146892624342
    efficiency: 0.907119
    discharge_ratio: 2
    depth_of_discharge: 0.9
  Pb-acid:
    cost: 181.357
    lifetime: 6.80167
    annual_cost: 26.663598792649452
    efficiency: 0.721181
    discharge_ratio: 5
    depth_of_discharge: 0.5
  VRBF:
    cost: 226.864
    lifetime: 11.2005
    annual_cost: 20.25481005312263
    efficiency: 0.75812
    discharge_ratio: 0.5
    depth_of_discharge: 1.0
