cost_values:
  wind_capex: 5000.0
  wind_opex: 100
  wind_lifetime: 20
  solar_capex: 1000.0
  solar_opex: 10
  solar_lifetime: 20
  carbon_price: 1.0
timeseries_values:
  load_level: 237826.41864515422
  wind_year: 2015
  solar_year: 2018
  price_year: 2023
  carbon_year: 2023
storage_values:
  CAES:
    cost: 48.2392
    lifetime: 25.6884
    annual_cost: 1.877859267217888
    efficiency: 0.575823
    discharge_ratio: 0.1
    depth_of_discharge: 0.4
  Li-ion:
    cost: 174.086
    lifetime: 19.0757
    annual_cost: 9.12606090471123
    efficiency: 0.918973
    discharge_ratio: 2
    depth_of_discharge: 0.9
  Pb-acid:
    cost: 176.995
    lifetime: 9.1739
    annual_cost: 19.29332127012503
    efficiency: 0.722653
    discharge_ratio: 5
    depth_of_discharge: 0.5
  VRBF:
    cost: 225.518
    lifetime: 12.3367
    annual_cost: 18.28025322817285
    efficiency: 0.789642
    discharge_ratio: 0.5
    depth_of_discharge: 1.0
