cost_values:
  wind_capex: 5000.0
  wind_opex: 100
  wind_lifetime: 20
  solar_capex: 1000.0
  solar_opex: 10
  solar_lifetime: 20
  carbon_price: 1.0
timeseries_values:
  load_level: 237826.41864515422
  wind_year: 2015
  solar_year: 2018
  price_year: 2023
  carbon_year: 2023
storage_values:
  CAES:
    cost: 54.6278
    lifetime: 25.7895
    annual_cost: 2.1182186548789237
    efficiency: 0.575671
    discharge_ratio: 0.1
    depth_of_discharge: 0.4
  Li-ion:
    cost: 185.016
    lifetime: 19.0004
    annual_cost: 9.73747921096398
    efficiency: 0.914174
    discharge_ratio: 2
    depth_of_discharge: 0.9
  Pb-acid:
    cost: 164.611
    lifetime: 9.10255
    annual_cost: 18.084053369660147
    efficiency: 0.709541
    discharge_ratio: 5
    depth_of_discharge: 0.5
  VRBF:
    cost: 198.106
    lifetime: 11.4152
    annual_cost: 17.354579858434366
    efficiency: 0.787659
    discharge_ratio: 0.5
    depth_of_discharge: 1.0
