cost_values:
  wind_capex: 5000.0
  wind_opex: 100
  wind_lifetime: 20
  solar_capex: 1000.0
  solar_opex: 10
  solar_lifetime: 20
  carbon_price: 1.0
timeseries_values:
  load_level: 237826.41864515422
  wind_year: 2015
  solar_year: 2018
  price_year: 2023
  carbon_year: 2023
storage_values:
  CAES:
    cost: 54.003
    lifetime: 25.9635
    annual_cost: 2.0799584031428737
    efficiency: 0.580293
    discharge_ratio: 0.1
    depth_of_discharge: 0.4
  Li-ion:
    cost: 183.028
    lifetime: 19.3839
    annual_cost: 9.442269099613597
    efficiency: 0.916379
    discharge_ratio: 2
    depth_of_discharge: 0.9
  Pb-acid:
    cost: 199.756
    lifetime: 8.60819
    annual_cost: 23.205342818873653
    efficiency: 0.707426
    discharge_ratio: 5
    depth_of_discharge: 0.5
  VRBF:
    cost: 217.803
    lifetime: 13.6818
    annual_cost: 15.919177301232294
    efficiency: 0.787598
    discharge_ratio: 0.5
    depth_of_discharge: 1.0
