cost_values:
  wind_capex: 5000.0
  wind_opex: 100
  wind_lifetime: 20
  solar_capex: 1000.0
  solar_opex: 10
  solar_lifetime: 20
  carbon_price: 1.0
timeseries_values:
  load_level: 237826.41864515422
  wind_year: 2015
  solar_year: 2018
  price_year: 2023
  carbon_year: 2023
storage_values:
  CAES:
    cost: 40.313
    lifetime: 24.8403
    annual_cost: 1.6228870021698611
    efficiency: 0.581726
    discharge_ratio: 0.1
    depth_of_discharge: 0.4
  Li-ion:
    cost: 206.919
    lifetime: 18.5372
    annual_cost: 11.162365405778653
    efficiency: 0.905406
    discharge_ratio: 2
    depth_of_discharge: 0.9
  Pb-acid:
    cost: 187.524
    lifetime: 9.97995
    annual_cost: 18.790074098567626
    efficiency: 0.729769
    discharge_ratio: 5
    depth_of_discharge: 0.5
  VRBF:
    cost: 214.784
    lifetime: 13.3291
    annual_cost: 16.11391616838346
    efficiency: 0.785315
    discharge_ratio: 0.5
    depth_of_discharge: 1.0
