cost_values:
  wind_capex: 5000.0
  wind_opex: 100
  wind_lifetime: 20
  solar_capex: 1000.0
  solar_opex: 10
  solar_lifetime: 20
  carbon_price: 1.0
timeseries_values:
  load_level: 237826.41864515422
  wind_year: 2015
  solar_year: 2018
  price_year: 2023
  carbon_year: 2023
storage_values:
  CAES:
    cost: 40.8842
    lifetime: 25.3508
    annual_cost: 1.6127380595484166
    efficiency: 0.577878
    discharge_ratio: 0.1
    depth_of_discharge: 0.4
  Li-ion:
    cost: 174.815
    lifetime: 19.0653
    annual_cost: 9.169276119442127
    efficiency: 0.919508
    discharge_ratio: 2
    depth_of_discharge: 0.9
  Pb-acid:
    cost: 187.948
    lifetime: 8.78027
    annual_cost: 21.405719869662324
    efficiency: 0.701477
    discharge_ratio: 5
    depth_of_discharge: 0.5
  VRBF:
    cost: 224.858
    lifetime: 13.1907
    annual_cost: 17.046707149734285
    efficiency: 0.741724
    discharge_ratio: 0.5
    depth_of_discharge: 1.0
