cost_values:
  wind_capex: 5000.0
  wind_opex: 100
  wind_lifetime: 20
  solar_capex: 1000.0
  solar_opex: 10
  solar_lifetime: 20
  carbon_price: 1.0
timeseries_values:
  load_level: 237826.41864515422
  wind_year: 2015
  solar_year: 2018
  price_year: 2023
  carbon_year: 2023
storage_values:
  CAES:
    cost: 49.0955
    lifetime: 24.5566
    annual_cost: 1.9992792161781354
    efficiency: 0.574152
    discharge_ratio: 0.1
    depth_of_discharge: 0.4
  Li-ion:
    cost: 207.628
    lifetime: 20.4666
    annual_cost: 10.144723598448202
    efficiency: 0.90612
    discharge_ratio: 2
    depth_of_discharge: 0.9
  Pb-acid:
    cost: 180.051
    lifetime: 8.90035
    annual_cost: 20.229653890015562
    efficiency: 0.707732
    discharge_ratio: 5
    depth_of_discharge: 0.5
  VRBF:
    cost: 248.042
    lifetime: 12.9147
    annual_cost: 19.206175908073746
    efficiency: 0.761828
    discharge_ratio: 0.5
    depth_of_discharge: 1.0
