cost_values:
  wind_capex: 5000.0
  wind_opex: 100
  wind_lifetime: 20
  solar_capex: 1000.0
  solar_opex: 10
  solar_lifetime: 20
  carbon_price: 1.0
timeseries_values:
  load_level: 237826.41864515422
  wind_year: 2015
  solar_year: 2018
  price_year: 2023
  carbon_year: 2023
storage_values:
  CAES:
    cost: 56.5227
    lifetime: 25.4364
    annual_cost: 2.2221186960418926
    efficiency: 0.582478
    discharge_ratio: 0.1
    depth_of_discharge: 0.4
  Li-ion:
    cost: 196.174
    lifetime: 19.6097
    annual_cost: 10.003926628148315
    efficiency: 0.917177
    discharge_ratio: 2
    depth_of_discharge: 0.9
  Pb-acid:
    cost: 183.102
    lifetime: 10.03
    annual_cost: 18.255433698903293
    efficiency: 0.718312
    discharge_ratio: 5
    depth_of_discharge: 0.5
  VRBF:
    cost: 238.929
    lifetime: 12.0004
    annual_cost: 19.910086330455652
    efficiency: 0.7794
    discharge_ratio: 0.5
    depth_of_discharge: 1.0
