cost_values:
  wind_capex: 5000.0
  wind_opex: 100
  wind_lifetime: 20
  solar_capex: 1000.0
  solar_opex: 10
  solar_lifetime: 20
  carbon_price: 1.0
timeseries_values:
  load_level: 237826.41864515422
  wind_year: 2015
  solar_year: 2018
  price_year: 2023
  carbon_year: 2023
storage_values:
  CAES:
    cost: 45.5841
    lifetime: 26.6197
    annual_cost: 1.7124197492834252
    efficiency: 0.584868
    discharge_ratio: 0.1
    depth_of_discharge: 0.4
  Li-ion:
    cost: 187.981
    lifetime: 19.2279
    annual_cost: 9.776470649420892
    efficiency: 0.913505
    discharge_ratio: 2
    depth_of_discharge: 0.9
  Pb-acid:
    cost: 193.283
    lifetime: 9.55299
    annual_cost: 20.232722948521875
    efficiency: 0.710633
    discharge_ratio: 5
    depth_of_discharge: 0.5
  VRBF:
    cost: 241.86
    lifetime: 13.415
    annual_cost: 18.02907193440179
    efficiency: 0.794063
    discharge_ratio: 0.5
    depth_of_discharge: 1.0
