cost_values:
  wind_capex: 5000.0
  wind_opex: 100
  wind_lifetime: 20
  solar_capex: 1000.0
  solar_opex: 10
  solar_lifetime: 20
  carbon_price: 1.0
timeseries_values:
  load_level: 237826.41864515422
  wind_year: 2015
  solar_year: 2018
  price_year: 2023
  carbon_year: 2023
storage_values:
  CAES:
    cost: 46.4781
    lifetime: 25.9003
    annual_cost: 1.7945004498017396
    efficiency: 0.576696
    discharge_ratio: 0.1
    depth_of_discharge: 0.4
  Li-ion:
    cost: 172.051
    lifetime: 19.6432
    annual_cost: 8.758807119003013
    efficiency: 0.911376
    discharge_ratio: 2
    depth_of_discharge: 0.9
  Pb-acid:
    cost: 190.486
    lifetime: 9.54263
    annual_cost: 19.961582917916758
    efficiency: 0.718486
    discharge_ratio: 5
    depth_of_discharge: 0.5
  VRBF:
    cost: 245.325
    lifetime: 11.3802
    annual_cost: 21.557178256972634
    efficiency: 0.777772
    discharge_ratio: 0.5
    depth_of_discharge: 1.0
