cost_values:
  wind_capex: 5000.0
  wind_opex: 100
  wind_lifetime: 20
  solar_capex: 1000.0
  solar_opex: 10
  solar_lifetime: 20
  carbon_price: 1.0
timeseries_values:
  load_level: 237826.41864515422
  wind_year: 2015
  solar_year: 2018
  price_year: 2023
  carbon_year: 2023
storage_values:
  CAES:
    cost: 50.9687
    lifetime: 26.6392
    annual_cost: 1.91329694585423
    efficiency: 0.577659
    discharge_ratio: 0.1
    depth_of_discharge: 0.4
  Li-ion:
    cost: 204.601
    lifetime: 22.3242
    annual_cost: 9.164986875229571
    efficiency: 0.914516
    discharge_ratio: 2
    depth_of_discharge: 0.9
  Pb-acid:
    cost: 187.083
    lifetime: 7.00034
    annual_cost: 26.7248447932529
    efficiency: 0.711057
    discharge_ratio: 5
    depth_of_discharge: 0.5
  VRBF:
    cost: 230.054
    lifetime: 11.2231
    annual_cost: 20.498258057043063
    efficiency: 0.790747
    discharge_ratio: 0.5
    depth_of_discharge: 1.0
