cost_values:
  wind_capex: 5000.0
  wind_opex: 100
  wind_lifetime: 20
  solar_capex: 1000.0
  solar_opex: 10
  solar_lifetime: 20
  carbon_price: 1.0
timeseries_values:
  load_level: 237826.41864515422
  wind_year: 2015
  solar_year: 2018
  price_year: 2023
  carbon_year: 2023
storage_values:
  CAES:
    cost: 47.0452
    lifetime: 25.2082
    annual_cost: 1.8662657389262223
    efficiency: 0.587297
    discharge_ratio: 0.1
    depth_of_discharge: 0.4
  Li-ion:
    cost: 216.043
    lifetime: 20.0664
    annual_cost: 10.766405533628353
    efficiency: 0.909772
    discharge_ratio: 2
    depth_of_discharge: 0.9
  Pb-acid:
    cost: 185.288
    lifetime: 8.48524
    annual_cost: 21.836506686905736
    efficiency: 0.732057
    discharge_ratio: 5
    depth_of_discharge: 0.5
  VRBF:
    cost: 237.61
    lifetime: 12.6422
    annual_cost: 18.794988214076664
    efficiency: 0.805657
    discharge_ratio: 0.5
    depth_of_discharge: 1.0
