cost_values:
  wind_capex: 5000.0
  wind_opex: 100
  wind_lifetime: 20
  solar_capex: 1000.0
  solar_opex: 10
  solar_lifetime: 20
  carbon_price: 1.0
timeseries_values:
  load_level: 237826.41864515422
  wind_year: 2015
  solar_year: 2018
  price_year: 2023
  carbon_year: 2023
storage_values:
  CAES:
    cost: 59.5405
    lifetime: 25.5874
    annual_cost: 2.3269460750213
    efficiency: 0.58183
    discharge_ratio: 0.1
    depth_of_discharge: 0.4
  Li-ion:
    cost: 177.633
    lifetime: 21.1046
    annual_cost: 8.416790652274859
    efficiency: 0.929997
    discharge_ratio: 2
    depth_of_discharge: 0.9
  Pb-acid:
    cost: 193.155
    lifetime: 8.14508
    annual_cost: 23.714315881489192
    efficiency: 0.725681
    discharge_ratio: 5
    depth_of_discharge: 0.5
  VRBF:
    cost: 250.084
    lifetime: 13.7906
    annual_cost: 18.134381390222327
    efficiency: 0.771631
    discharge_ratio: 0.5
    depth_of_discharge: 1.0
