cost_values:
  wind_capex: 5000.0
  wind_opex: 100
  wind_lifetime: 20
  solar_capex: 1000.0
  solar_opex: 10
  solar_lifetime: 20
  carbon_price: 1.0
timeseries_values:
  load_level: 237826.41864515422
  wind_year: 2015
  solar_year: 2018
  price_year: 2023
  carbon_year: 2023
storage_values:
  CAES:
    cost: 41.8646
    lifetime: 26.9448
    annual_cost: 1.5537172292984176
    efficiency: 0.583264
    discharge_ratio: 0.1
    depth_of_discharge: 0.4
  Li-ion:
    cost: 184.224
    lifetime: 21.0876
    annual_cost: 8.736129289250554
    efficiency: 0.91768
    discharge_ratio: 2
    depth_of_discharge: 0.9
  Pb-acid:
    cost: 182.078
    lifetime: 9.82384
    annual_cost: 18.534300232902815
    efficiency: 0.721383
    discharge_ratio: 5
    depth_of_discharge: 0.5
  VRBF:
    cost: 239.233
    lifetime: 11.4411
    annual_cost: 20.90996495092255
    efficiency: 0.772881
    discharge_ratio: 0.5
    depth_of_discharge: 1.0
