cost_values:
  wind_capex: 5000.0
  wind_opex: 100
  wind_lifetime: 20
  solar_capex: 1000.0
  solar_opex: 10
  solar_lifetime: 20
  carbon_price: 1.0
timeseries_values:
  load_level: 237826.41864515422
  wind_year: 2015
  solar_year: 2018
  price_year: 2023
  carbon_year: 2023
storage_values:
  CAES:
    cost: 51.116
    lifetime: 25.442
    annual_cost: 2.009118779970128
    efficiency: 0.580368
    discharge_ratio: 0.1
    depth_of_discharge: 0.4
  Li-ion:
    cost: 176.366
    lifetime: 19.1007
    annual_cost: 9.233483589606664
    efficiency: 0.903221
    discharge_ratio: 2
    depth_of_discharge: 0.9
  Pb-acid:
    cost: 175.674
    lifetime: 8.34828
    annual_cost: 21.043137029424024
    efficiency: 0.718181
    discharge_ratio: 5
    depth_of_discharge: 0.5
  VRBF:
    cost: 224.244
    lifetime: 10.9521
    annual_cost: 20.474977401594217
    efficiency: 0.769057
    discharge_ratio: 0.5
    depth_of_discharge: 1.0
