cost_values:
  wind_capex: 5000.0
  wind_opex: 100
  wind_lifetime: 20
  solar_capex: 1000.0
  solar_opex: 10
  solar_lifetime: 20
  carbon_price: 1.0
timeseries_values:
  load_level: 237826.41864515422
  wind_year: 2015
  solar_year: 2018
  price_year: 2023
  carbon_year: 2023
storage_values:
  CAES:
    cost: 48.8332
    lifetime: 25.3554
    annual_cost: 1.9259487130946464
    efficiency: 0.577859
    discharge_ratio: 0.1
    depth_of_discharge: 0.4
  Li-ion:
    cost: 164.886
    lifetime: 21.2044
    annual_cost: 7.776027616909698
    efficiency: 0.911054
    discharge_ratio: 2
    depth_of_discharge: 0.9
  Pb-acid:
    cost: 214.632
    lifetime: 8.21503
    annual_cost: 26.126745733125745
    efficiency: 0.718878
    discharge_ratio: 5
    depth_of_discharge: 0.5
  VRBF:
    cost: 234.251
    lifetime: 12.0372
    annual_cost: 19.460588841258765
    efficiency: 0.76562
    discharge_ratio: 0.5
    depth_of_discharge: 1.0
