cost_values:
  wind_capex: 5000.0
  wind_opex: 100
  wind_lifetime: 20
  solar_capex: 1000.0
  solar_opex: 10
  solar_lifetime: 20
  carbon_price: 1.0
timeseries_values:
  load_level: 237826.41864515422
  wind_year: 2015
  solar_year: 2018
  price_year: 2023
  carbon_year: 2023
storage_values:
  CAES:
    cost: 46.5136
    lifetime: 26.0283
    annual_cost: 1.7870394916302637
    efficiency: 0.575226
    discharge_ratio: 0.1
    depth_of_discharge: 0.4
  Li-ion:
    cost: 187.688
    lifetime: 18.846
    annual_cost: 9.959036400297144
    efficiency: 0.927315
    discharge_ratio: 2
    depth_of_discharge: 0.9
  Pb-acid:
    cost: 198.082
    lifetime: 8.15199
    annual_cost: 24.29860684323705
    efficiency: 0.717477
    discharge_ratio: 5
    depth_of_discharge: 0.5
  VRBF:
    cost: 242.996
    lifetime: 11.5677
    annual_cost: 21.00642305730612
    efficiency: 0.764949
    discharge_ratio: 0.5
    depth_of_discharge: 1.0
