cost_values:
  wind_capex: 5000.0
  wind_opex: 100
  wind_lifetime: 20
  solar_capex: 1000.0
  solar_opex: 10
  solar_lifetime: 20
  carbon_price: 1.0
timeseries_values:
  load_level: 237826.41864515422
  wind_year: 2015
  solar_year: 2018
  price_year: 2023
  carbon_year: 2023
storage_values:
  CAES:
    cost: 47.2267
    lifetime: 25.7459
    annual_cost: 1.8343386714001066
    efficiency: 0.578095
    discharge_ratio: 0.1
    depth_of_discharge: 0.4
  Li-ion:
    cost: 179.18
    lifetime: 18.8912
    annual_cost: 9.484839501990344
    efficiency: 0.91172
    discharge_ratio: 2
    depth_of_discharge: 0.9
  Pb-acid:
    cost: 181.551
    lifetime: 8.63528
    annual_cost: 21.024332737328724
    efficiency: 0.709583
    discharge_ratio: 5
    depth_of_discharge: 0.5
  VRBF:
    cost: 209.516
    lifetime: 13.2003
    annual_cost: 15.87206351370802
    efficiency: 0.782336
    discharge_ratio: 0.5
    depth_of_discharge: 1.0
