cost_values:
  wind_capex: 5000.0
  wind_opex: 100
  wind_lifetime: 20
  solar_capex: 1000.0
  solar_opex: 10
  solar_lifetime: 20
  carbon_price: 1.0
timeseries_values:
  load_level: 237826.41864515422
  wind_year: 2015
  solar_year: 2018
  price_year: 2023
  carbon_year: 2023
storage_values:
  CAES:
    cost: 50.1753
    lifetime: 25.8793
    annual_cost: 1.9388198289752814
    efficiency: 0.588287
    discharge_ratio: 0.1
    depth_of_discharge: 0.4
  Li-ion:
    cost: 161.422
    lifetime: 20.0621
    annual_cost: 8.046116807313291
    efficiency: 0.911034
    discharge_ratio: 2
    depth_of_discharge: 0.9
  Pb-acid:
    cost: 190.635
    lifetime: 8.89806
    annual_cost: 21.42433294448453
    efficiency: 0.724215
    discharge_ratio: 5
    depth_of_discharge: 0.5
  VRBF:
    cost: 236.407
    lifetime: 11.087
    annual_cost: 21.322900694507084
    efficiency: 0.780753
    discharge_ratio: 0.5
    depth_of_discharge: 1.0
