cost_values:
  wind_capex: 5000.0
  wind_opex: 100
  wind_lifetime: 20
  solar_capex: 1000.0
  solar_opex: 10
  solar_lifetime: 20
  carbon_price: 1.0
timeseries_values:
  load_level: 237826.41864515422
  wind_year: 2015
  solar_year: 2018
  price_year: 2023
  carbon_year: 2023
storage_values:
  CAES:
    cost: 47.1707
    lifetime: 26.3848
    annual_cost: 1.7877982777963068
    efficiency: 0.576514
    discharge_ratio: 0.1
    depth_of_discharge: 0.4
  Li-ion:
    cost: 189.975
    lifetime: 20.3868
    annual_cost: 9.318529636823827
    efficiency: 0.913253
    discharge_ratio: 2
    depth_of_discharge: 0.9
  Pb-acid:
    cost: 180.356
    lifetime: 8.80134
    annual_cost: 20.491879645599422
    efficiency: 0.711776
    discharge_ratio: 5
    depth_of_discharge: 0.5
  VRBF:
    cost: 222.028
    lifetime: 10.2649
    annual_cost: 21.62982591160167
    efficiency: 0.764829
    discharge_ratio: 0.5
    depth_of_discharge: 1.0
