cost_values:
  wind_capex: 5000.0
  wind_opex: 100
  wind_lifetime: 20
  solar_capex: 1000.0
  solar_opex: 10
  solar_lifetime: 20
  carbon_price: 1.0
timeseries_values:
  load_level: 237826.41864515422
  wind_year: 2015
  solar_year: 2018
  price_year: 2023
  carbon_year: 2023
storage_values:
  CAES:
    cost: 44.4462
    lifetime: 25.2008
    annual_cost: 1.7636821053299894
    efficiency: 0.580529
    discharge_ratio: 0.1
    depth_of_discharge: 0.4
  Li-ion:
    cost: 158.627
    lifetime: 20.4196
    annual_cost: 7.768369605672982
    efficiency: 0.913859
    discharge_ratio: 2
    depth_of_discharge: 0.9
  Pb-acid:
    cost: 176.35
    lifetime: 9.54232
    annual_cost: 18.480830657534018
    efficiency: 0.704321
    discharge_ratio: 5
    depth_of_discharge: 0.5
  VRBF:
    cost: 238.684
    lifetime: 10.7994
    annual_cost: 22.10159823693909
    efficiency: 0.777442
    discharge_ratio: 0.5
    depth_of_discharge: 1.0
