cost_values:
  wind_capex: 5000.0
  wind_opex: 100
  wind_lifetime: 20
  solar_capex: 1000.0
  solar_opex: 10
  solar_lifetime: 20
  carbon_price: 1.0
timeseries_values:
  load_level: 237826.41864515422
  wind_year: 2015
  solar_year: 2018
  price_year: 2023
  carbon_year: 2023
storage_values:
  CAES:
    cost: 43.3518
    lifetime: 26.7733
    annual_cost: 1.619217653408433
    efficiency: 0.577414
    discharge_ratio: 0.1
    depth_of_discharge: 0.4
  Li-ion:
    cost: 203.681
    lifetime: 19.6446
    annual_cost: 10.368294594952303
    efficiency: 0.916527
    discharge_ratio: 2
    depth_of_discharge: 0.9
  Pb-acid:
    cost: 184.37
    lifetime: 9.55675
    annual_cost: 19.292123368299894
    efficiency: 0.734297
    discharge_ratio: 5
    depth_of_discharge: 0.5
  VRBF:
    cost: 237.275
    lifetime: 11.6307
    annual_cost: 20.400749739912474
    efficiency: 0.775662
    discharge_ratio: 0.5
    depth_of_discharge: 1.0
