cost_values:
  wind_capex: 5000.0
  wind_opex: 100
  wind_lifetime: 20
  solar_capex: 1000.0
  solar_opex: 10
  solar_lifetime: 20
  carbon_price: 1.0
timeseries_values:
  load_level: 237826.41864515422
  wind_year: 2015
  solar_year: 2018
  price_year: 2023
  carbon_year: 2023
storage_values:
  CAES:
    cost: 52.7746
    lifetime: 26.5753
    annual_cost: 1.985851523783363
    efficiency: 0.576433
    discharge_ratio: 0.1
    depth_of_discharge: 0.4
  Li-ion:
    cost: 192.146
    lifetime: 18.9589
    annual_cost: 10.134870693974861
    efficiency: 0.912489
    discharge_ratio: 2
    depth_of_discharge: 0.9
  Pb-acid:
    cost: 195.384
    lifetime: 7.59803
    annual_cost: 25.715086673782547
    efficiency: 0.709134
    discharge_ratio: 5
    depth_of_discharge: 0.5
  VRBF:
    cost: 259.725
    lifetime: 11.8862
    annual_cost: 21.850970032474635
    efficiency: 0.786179
    discharge_ratio: 0.5
    depth_of_discharge: 1.0
