cost_values:
  wind_capex: 5000.0
  wind_opex: 100
  wind_lifetime: 20
  solar_capex: 1000.0
  solar_opex: 10
  solar_lifetime: 20
  carbon_price: 1.0
timeseries_values:
  load_level: 237826.41864515422
  wind_year: 2015
  solar_year: 2018
  price_year: 2023
  carbon_year: 2023
storage_values:
  CAES:
    cost: 50.0187
    lifetime: 25.7492
    annual_cost: 1.9425341369828968
    efficiency: 0.577117
    discharge_ratio: 0.1
    depth_of_discharge: 0.4
  Li-ion:
    cost: 196.739
    lifetime: 21.7013
    annual_cost: 9.065770253394959
    efficiency: 0.911996
    discharge_ratio: 2
    depth_of_discharge: 0.9
  Pb-acid:
    cost: 180.036
    lifetime: 9.35063
    annual_cost: 19.253889844855372
    efficiency: 0.698994
    discharge_ratio: 5
    depth_of_discharge: 0.5
  VRBF:
    cost: 233.407
    lifetime: 11.8847
    annual_cost: 19.639284121601722
    efficiency: 0.785405
    discharge_ratio: 0.5
    depth_of_discharge: 1.0
