cost_values:
  wind_capex: 5000.0
  wind_opex: 100
  wind_lifetime: 20
  solar_capex: 1000.0
  solar_opex: 10
  solar_lifetime: 20
  carbon_price: 1.0
timeseries_values:
  load_level: 237826.41864515422
  wind_year: 2015
  solar_year: 2018
  price_year: 2023
  carbon_year: 2023
storage_values:
  CAES:
    cost: 50.5005
    lifetime: 26.5991
    annual_cost: 1.898579275238636
    efficiency: 0.575366
    discharge_ratio: 0.1
    depth_of_discharge: 0.4
  Li-ion:
    cost: 186.312
    lifetime: 20.2957
    annual_cost: 9.179875540139045
    efficiency: 0.912098
    discharge_ratio: 2
    depth_of_discharge: 0.9
  Pb-acid:
    cost: 161.754
    lifetime: 9.44902
    annual_cost: 17.11860065911597
    efficiency: 0.702108
    discharge_ratio: 5
    depth_of_discharge: 0.5
  VRBF:
    cost: 234.961
    lifetime: 11.8613
    annual_cost: 19.80904285365011
    efficiency: 0.789924
    discharge_ratio: 0.5
    depth_of_discharge: 1.0
