cost_values:
  wind_capex: 5000.0
  wind_opex: 100
  wind_lifetime: 20
  solar_capex: 1000.0
  solar_opex: 10
  solar_lifetime: 20
  carbon_price: 1.0
timeseries_values:
  load_level: 237826.41864515422
  wind_year: 2015
  solar_year: 2018
  price_year: 2023
  carbon_year: 2023
storage_values:
  CAES:
    cost: 55.2487
    lifetime: 26.2228
    annual_cost: 2.1068955260307822
    efficiency: 0.58104
    discharge_ratio: 0.1
    depth_of_discharge: 0.4
  Li-ion:
    cost: 192.404
    lifetime: 20.1272
    annual_cost: 9.55940220199531
    efficiency: 0.916382
    discharge_ratio: 2
    depth_of_discharge: 0.9
  Pb-acid:
    cost: 185.555
    lifetime: 7.31095
    annual_cost: 25.38042251690957
    efficiency: 0.719179
    discharge_ratio: 5
    depth_of_discharge: 0.5
  VRBF:
    cost: 241.194
    lifetime: 11.5654
    annual_cost: 20.854791014577962
    efficiency: 0.794944
    discharge_ratio: 0.5
    depth_of_discharge: 1.0
