cost_values:
  wind_capex: 5000.0
  wind_opex: 100
  wind_lifetime: 20
  solar_capex: 1000.0
  solar_opex: 10
  solar_lifetime: 20
  carbon_price: 1.0
timeseries_values:
  load_level: 237826.41864515422
  wind_year: 2015
  solar_year: 2018
  price_year: 2023
  carbon_year: 2023
storage_values:
  CAES:
    cost: 47.4428
    lifetime: 25.6874
    annual_cost: 1.846928844491852
    efficiency: 0.578724
    discharge_ratio: 0.1
    depth_of_discharge: 0.4
  Li-ion:
    cost: 208.89
    lifetime: 20.1048
    annual_cost: 10.390056106004534
    efficiency: 0.922619
    discharge_ratio: 2
    depth_of_discharge: 0.9
  Pb-acid:
    cost: 189.79
    lifetime: 8.58665
    annual_cost: 22.102915572429293
    efficiency: 0.70648
    discharge_ratio: 5
    depth_of_discharge: 0.5
  VRBF:
    cost: 230.114
    lifetime: 10.9737
    annual_cost: 20.969590931044227
    efficiency: 0.7833
    discharge_ratio: 0.5
    depth_of_discharge: 1.0
