cost_values:
  wind_capex: 5000.0
  wind_opex: 100
  wind_lifetime: 20
  solar_capex: 1000.0
  solar_opex: 10
  solar_lifetime: 20
  carbon_price: 1.0
timeseries_values:
  load_level: 237826.41864515422
  wind_year: 2015
  solar_year: 2018
  price_year: 2023
  carbon_year: 2023
storage_values:
  CAES:
    cost: 53.0021
    lifetime: 26.1686
    annual_cost: 2.0254083137806376
    efficiency: 0.576781
    discharge_ratio: 0.1
    depth_of_discharge: 0.4
  Li-ion:
    cost: 209.887
    lifetime: 21.3113
    annual_cost: 9.848624907912704
    efficiency: 0.916935
    discharge_ratio: 2
    depth_of_discharge: 0.9
  Pb-acid:
    cost: 190.046
    lifetime: 7.07708
    annual_cost: 26.853730634668537
    efficiency: 0.717235
    discharge_ratio: 5
    depth_of_discharge: 0.5
  VRBF:
    cost: 224.941
    lifetime: 11.2228
    annual_cost: 20.043215596820758
    efficiency: 0.786921
    discharge_ratio: 0.5
    depth_of_discharge: 1.0
