cost_values:
  wind_capex: 5000.0
  wind_opex: 100
  wind_lifetime: 20
  solar_capex: 1000.0
  solar_opex: 10
  solar_lifetime: 20
  carbon_price: 1.0
timeseries_values:
  load_level: 237826.41864515422
  wind_year: 2015
  solar_year: 2018
  price_year: 2023
  carbon_year: 2023
storage_values:
  CAES:
    cost: 49.8743
    lifetime: 25.2743
    annual_cost: 1.9733207250052425
    efficiency: 0.586162
    discharge_ratio: 0.1
    depth_of_discharge: 0.4
  Li-ion:
    cost: 165.823
    lifetime: 19.3723
    annual_cost: 8.55979930106389
    efficiency: 0.923181
    discharge_ratio: 2
    depth_of_discharge: 0.9
  Pb-acid:
    cost: 200.636
    lifetime: 9.34469
    annual_cost: 21.470589179523344
    efficiency: 0.715523
    discharge_ratio: 5
    depth_of_discharge: 0.5
  VRBF:
    cost: 241.496
    lifetime: 12.8165
    annual_cost: 18.842585729333283
    efficiency: 0.779721
    discharge_ratio: 0.5
    depth_of_discharge: 1.0
