cost_values:
  wind_capex: 5000.0
  wind_opex: 100
  wind_lifetime: 20
  solar_capex: 1000.0
  solar_opex: 10
  solar_lifetime: 20
  carbon_price: 1.0
timeseries_values:
  load_level: 237826.41864515422
  wind_year: 2015
  solar_year: 2018
  price_year: 2023
  carbon_year: 2023
storage_values:
  CAES:
    cost: 46.8722
    lifetime: 25.9448
    annual_cost: 1.8066125003854336
    efficiency: 0.586361
    discharge_ratio: 0.1
    depth_of_discharge: 0.4
  Li-ion:
    cost: 176.225
    lifetime: 20.211
    annual_cost: 8.719261788135174
    efficiency: 0.915127
    discharge_ratio: 2
    depth_of_discharge: 0.9
  Pb-acid:
    cost: 186.658
    lifetime: 9.62749
    annual_cost: 19.388023254243837
    efficiency: 0.720372
    discharge_ratio: 5
    depth_of_discharge: 0.5
  VRBF:
    cost: 245.397
    lifetime: 10.374
    annual_cost: 23.655002891844994
    efficiency: 0.795165
    discharge_ratio: 0.5
    depth_of_discharge: 1.0
