cost_values:
  wind_capex: 5000.0
  wind_opex: 100
  wind_lifetime: 20
  solar_capex: 1000.0
  solar_opex: 10
  solar_lifetime: 20
  carbon_price: 1.0
timeseries_values:
  load_level: 237826.41864515422
  wind_year: 2015
  solar_year: 2018
  price_year: 2023
  carbon_year: 2023
storage_values:
  CAES:
    cost: 46.7478
    lifetime: 26.1938
    annual_cost: 1.7846895066771526
    efficiency: 0.570304
    discharge_ratio: 0.1
    depth_of_discharge: 0.4
  Li-ion:
    cost: 200.656
    lifetime: 22.7288
    annual_cost: 8.828270740206259
    efficiency: 0.920167
    discharge_ratio: 2
    depth_of_discharge: 0.9
  Pb-acid:
    cost: 182.272
    lifetime: 10.2014
    annual_cost: 17.867351539984707
    efficiency: 0.697286
    discharge_ratio: 5
    depth_of_discharge: 0.5
  VRBF:
    cost: 227.4
    lifetime: 13.3368
    annual_cost: 17.05056685261832
    efficiency: 0.783655
    discharge_ratio: 0.5
    depth_of_discharge: 1.0
