cost_values:
  wind_capex: 5000.0
  wind_opex: 100
  wind_lifetime: 20
  solar_capex: 1000.0
  solar_opex: 10
  solar_lifetime: 20
  carbon_price: 1.0
timeseries_values:
  load_level: 237826.41864515422
  wind_year: 2015
  solar_year: 2018
  price_year: 2023
  carbon_year: 2023
storage_values:
  CAES:
    cost: 45.9338
    lifetime: 26.2713
    annual_cost: 1.748440313193485
    efficiency: 0.572193
    discharge_ratio: 0.1
    depth_of_discharge: 0.4
  Li-ion:
    cost: 186.462
    lifetime: 18.679
    annual_cost: 9.982440173456823
    efficiency: 0.910944
    discharge_ratio: 2
    depth_of_discharge: 0.9
  Pb-acid:
    cost: 184.158
    lifetime: 8.59118
    annual_cost: 21.435704990466967
    efficiency: 0.70346
    discharge_ratio: 5
    depth_of_discharge: 0.5
  VRBF:
    cost: 229.71
    lifetime: 12.9018
    annual_cost: 17.804492396409803
    efficiency: 0.769604
    discharge_ratio: 0.5
    depth_of_discharge: 1.0
