cost_values:
  wind_capex: 5000.0
  wind_opex: 100
  wind_lifetime: 20
  solar_capex: 1000.0
  solar_opex: 10
  solar_lifetime: 20
  carbon_price: 1.0
timeseries_values:
  load_level: 237826.41864515422
  wind_year: 2015
  solar_year: 2018
  price_year: 2023
  carbon_year: 2023
storage_values:
  CAES:
    cost: 48.2995
    lifetime: 25.0208
    annual_cost: 1.9303739288911625
    efficiency: 0.584042
    discharge_ratio: 0.1
    depth_of_discharge: 0.4
  Li-ion:
    cost: 182.518
    lifetime: 21.1709
    annual_cost: 8.621173403114653
    efficiency: 0.918627
    discharge_ratio: 2
    depth_of_discharge: 0.9
  Pb-acid:
    cost: 169.109
    lifetime: 7.95264
    annual_cost: 21.264510904554967
    efficiency: 0.720415
    discharge_ratio: 5
    depth_of_discharge: 0.5
  VRBF:
    cost: 248.954
    lifetime: 11.8104
    annual_cost: 21.079218316060423
    efficiency: 0.784867
    discharge_ratio: 0.5
    depth_of_discharge: 1.0
