cost_values:
  wind_capex: 5000.0
  wind_opex: 100
  wind_lifetime: 20
  solar_capex: 1000.0
  solar_opex: 10
  solar_lifetime: 20
  carbon_price: 1.0
timeseries_values:
  load_level: 237826.41864515422
  wind_year: 2015
  solar_year: 2018
  price_year: 2023
  carbon_year: 2023
storage_values:
  CAES:
    cost: 55.2009
    lifetime: 26.8799
    annual_cost: 2.0536125506419296
    efficiency: 0.581272
    discharge_ratio: 0.1
    depth_of_discharge: 0.4
  Li-ion:
    cost: 184.835
    lifetime: 18.486
    annual_cost: 9.998647625229903
    efficiency: 0.919393
    discharge_ratio: 2
    depth_of_discharge: 0.9
  Pb-acid:
    cost: 186.811
    lifetime: 9.87904
    annual_cost: 18.909833344130604
    efficiency: 0.7008
    discharge_ratio: 5
    depth_of_discharge: 0.5
  VRBF:
    cost: 218.793
    lifetime: 12.7246
    annual_cost: 17.194489414205556
    efficiency: 0.792503
    discharge_ratio: 0.5
    depth_of_discharge: 1.0
