cost_values:
  wind_capex: 5000.0
  wind_opex: 100
  wind_lifetime: 20
  solar_capex: 1000.0
  solar_opex: 10
  solar_lifetime: 20
  carbon_price: 1.0
timeseries_values:
  load_level: 237826.41864515422
  wind_year: 2015
  solar_year: 2018
  price_year: 2023
  carbon_year: 2023
storage_values:
  CAES:
    cost: 47.2267
    lifetime: 26.5293
    annual_cost: 1.7801713577063851
    efficiency: 0.583229
    discharge_ratio: 0.1
    depth_of_discharge: 0.4
  Li-ion:
    cost: 164.708
    lifetime: 18.7485
    annual_cost: 8.785129477024828
    efficiency: 0.908057
    discharge_ratio: 2
    depth_of_discharge: 0.9
  Pb-acid:
    cost: 192.497
    lifetime: 9.27078
    annual_cost: 20.763840798724598
    efficiency: 0.723624
    discharge_ratio: 5
    depth_of_discharge: 0.5
  VRBF:
    cost: 242.903
    lifetime: 13.9296
    annual_cost: 17.4379020215943
    efficiency: 0.761481
    discharge_ratio: 0.5
    depth_of_discharge: 1.0
