cost_values:
  wind_capex: 5000.0
  wind_opex: 100
  wind_lifetime: 20
  solar_capex: 1000.0
  solar_opex: 10
  solar_lifetime: 20
  carbon_price: 1.0
timeseries_values:
  load_level: 237826.41864515422
  wind_year: 2015
  solar_year: 2018
  price_year: 2023
  carbon_year: 2023
storage_values:
  CAES:
    cost: 52.4573
    lifetime: 25.9012
    annual_cost: 2.0252845428011055
    efficiency: 0.582503
    discharge_ratio: 0.1
    depth_of_discharge: 0.4
  Li-ion:
    cost: 169.117
    lifetime: 20.0004
    annual_cost: 8.455680886382272
    efficiency: 0.925046
    discharge_ratio: 2
    depth_of_discharge: 0.9
  Pb-acid:
    cost: 154.095
    lifetime: 7.82966
    annual_cost: 19.680931228175936
    efficiency: 0.720386
    discharge_ratio: 5
    depth_of_discharge: 0.5
  VRBF:
    cost: 247.083
    lifetime: 12.0986
    annual_cost: 20.42244557221497
    efficiency: 0.749145
    discharge_ratio: 0.5
    depth_of_discharge: 1.0
