cost_values:
  wind_capex: 5000.0
  wind_opex: 100
  wind_lifetime: 20
  solar_capex: 1000.0
  solar_opex: 10
  solar_lifetime: 20
  carbon_price: 1.0
timeseries_values:
  load_level: 237826.41864515422
  wind_year: 2015
  solar_year: 2018
  price_year: 2023
  carbon_year: 2023
storage_values:
  CAES:
    cost: 52.5889
    lifetime: 26.6261
    annual_cost: 1.9750883531572405
    efficiency: 0.568839
    discharge_ratio: 0.1
    depth_of_discharge: 0.4
  Li-ion:
    cost: 198.659
    lifetime: 20.0492
    annual_cost: 9.9085749057319
    efficiency: 0.909408
    discharge_ratio: 2
    depth_of_discharge: 0.9
  Pb-acid:
    cost: 154.736
    lifetime: 9.79054
    annual_cost: 15.804644074790563
    efficiency: 0.727954
    discharge_ratio: 5
    depth_of_discharge: 0.5
  VRBF:
    cost: 238.412
    lifetime: 12.0265
    annual_cost: 19.82388891198603
    efficiency: 0.771901
    discharge_ratio: 0.5
    depth_of_discharge: 1.0
