cost_values:
  wind_capex: 5000.0
  wind_opex: 100
  wind_lifetime: 20
  solar_capex: 1000.0
  solar_opex: 10
  solar_lifetime: 20
  carbon_price: 1.0
timeseries_values:
  load_level: 237826.41864515422
  wind_year: 2015
  solar_year: 2018
  price_year: 2023
  carbon_year: 2023
storage_values:
  CAES:
    cost: 50.4841
    lifetime: 26.1616
    annual_cost: 1.929702311785212
    efficiency: 0.573958
    discharge_ratio: 0.1
    depth_of_discharge: 0.4
  Li-ion:
    cost: 171.639
    lifetime: 19.4464
    annual_cost: 8.826260901760737
    efficiency: 0.90401
    discharge_ratio: 2
    depth_of_discharge: 0.9
  Pb-acid:
    cost: 172.001
    lifetime: 7.93941
    annual_cost: 21.664204267067706
    efficiency: 0.717852
    discharge_ratio: 5
    depth_of_discharge: 0.5
  VRBF:
    cost: 224.974
    lifetime: 11.7592
    annual_cost: 19.131743656031023
    efficiency: 0.785915
    discharge_ratio: 0.5
    depth_of_discharge: 1.0
