cost_values:
  wind_capex: 5000.0
  wind_opex: 100
  wind_lifetime: 20
  solar_capex: 1000.0
  solar_opex: 10
  solar_lifetime: 20
  carbon_price: 1.0
timeseries_values:
  load_level: 237826.41864515422
  wind_year: 2015
  solar_year: 2018
  price_year: 2023
  carbon_year: 2023
storage_values:
  CAES:
    cost: 51.6496
    lifetime: 26.0109
    annual_cost: 1.9856906143193815
    efficiency: 0.573834
    discharge_ratio: 0.1
    depth_of_discharge: 0.4
  Li-ion:
    cost: 164.585
    lifetime: 22.1686
    annual_cost: 7.42423969037287
    efficiency: 0.932488
    discharge_ratio: 2
    depth_of_discharge: 0.9
  Pb-acid:
    cost: 189.066
    lifetime: 7.69596
    annual_cost: 24.566915628459608
    efficiency: 0.717003
    discharge_ratio: 5
    depth_of_discharge: 0.5
  VRBF:
    cost: 249.888
    lifetime: 14.1752
    annual_cost: 17.628534341667137
    efficiency: 0.775441
    discharge_ratio: 0.5
    depth_of_discharge: 1.0
