cost_values:
  wind_capex: 5000.0
  wind_opex: 100
  wind_lifetime: 20
  solar_capex: 1000.0
  solar_opex: 10
  solar_lifetime: 20
  carbon_price: 1.0
timeseries_values:
  load_level: 237826.41864515422
  wind_year: 2015
  solar_year: 2018
  price_year: 2023
  carbon_year: 2023
storage_values:
  CAES:
    cost: 39.4098
    lifetime: 25.4991
    annual_cost: 1.545536901302399
    efficiency: 0.589115
    discharge_ratio: 0.1
    depth_of_discharge: 0.4
  Li-ion:
    cost: 199.812
    lifetime: 17.1432
    annual_cost: 11.655466890662188
    efficiency: 0.910349
    discharge_ratio: 2
    depth_of_discharge: 0.9
  Pb-acid:
    cost: 187.232
    lifetime: 10.1798
    annual_cost: 18.392502799662076
    efficiency: 0.73534
    discharge_ratio: 5
    depth_of_discharge: 0.5
  VRBF:
    cost: 226.313
    lifetime: 11.8475
    annual_cost: 19.102173454315256
    efficiency: 0.754023
    discharge_ratio: 0.5
    depth_of_discharge: 1.0
