cost_values:
  wind_capex: 5000.0
  wind_opex: 100
  wind_lifetime: 20
  solar_capex: 1000.0
  solar_opex: 10
  solar_lifetime: 20
  carbon_price: 1.0
timeseries_values:
  load_level: 237826.41864515422
  wind_year: 2015
  solar_year: 2018
  price_year: 2023
  carbon_year: 2023
storage_values:
  CAES:
    cost: 45.3082
    lifetime: 25.5421
    annual_cost: 1.7738635429349974
    efficiency: 0.574078
    discharge_ratio: 0.1
    depth_of_discharge: 0.4
  Li-ion:
    cost: 197.422
    lifetime: 17.5243
    annual_cost: 11.265614033085487
    efficiency: 0.90059
    discharge_ratio: 2
    depth_of_discharge: 0.9
  Pb-acid:
    cost: 190.867
    lifetime: 8.11153
    annual_cost: 23.53033274856901
    efficiency: 0.695284
    discharge_ratio: 5
    depth_of_discharge: 0.5
  VRBF:
    cost: 238.145
    lifetime: 11.6105
    annual_cost: 20.51117522931829
    efficiency: 0.773798
    discharge_ratio: 0.5
    depth_of_discharge: 1.0
