cost_values:
  wind_capex: 5000.0
  wind_opex: 100
  wind_lifetime: 20
  solar_capex: 1000.0
  solar_opex: 10
  solar_lifetime: 20
  carbon_price: 1.0
timeseries_values:
  load_level: 237826.41864515422
  wind_year: 2015
  solar_year: 2018
  price_year: 2023
  carbon_year: 2023
storage_values:
  CAES:
    cost: 49.5525
    lifetime: 25.5776
    annual_cost: 1.9373397034905542
    efficiency: 0.569348
    discharge_ratio: 0.1
    depth_of_discharge: 0.4
  Li-ion:
    cost: 185.626
    lifetime: 19.1764
    annual_cost: 9.67991906718675
    efficiency: 0.920959
    discharge_ratio: 2
    depth_of_discharge: 0.9
  Pb-acid:
    cost: 204.801
    lifetime: 7.29607
    annual_cost: 28.07004318763389
    efficiency: 0.714008
    discharge_ratio: 5
    depth_of_discharge: 0.5
  VRBF:
    cost: 277.359
    lifetime: 11.2871
    annual_cost: 24.573096721035515
    efficiency: 0.794709
    discharge_ratio: 0.5
    depth_of_discharge: 1.0
