cost_values:
  wind_capex: 5000.0
  wind_opex: 100
  wind_lifetime: 20
  solar_capex: 1000.0
  solar_opex: 10
  solar_lifetime: 20
  carbon_price: 1.0
timeseries_values:
  load_level: 237826.41864515422
  wind_year: 2015
  solar_year: 2018
  price_year: 2023
  carbon_year: 2023
storage_values:
  CAES:
    cost: 43.0864
    lifetime: 25.2548
    annual_cost: 1.7060677574164118
    efficiency: 0.575755
    discharge_ratio: 0.1
    depth_of_discharge: 0.4
  Li-ion:
    cost: 198.535
    lifetime: 19.3165
    annual_cost: 10.278000672999767
    efficiency: 0.906004
    discharge_ratio: 2
    depth_of_discharge: 0.9
  Pb-acid:
    cost: 197.439
    lifetime: 8.565
    annual_cost: 23.05183887915937
    efficiency: 0.722952
    discharge_ratio: 5
    depth_of_discharge: 0.5
  VRBF:
    cost: 245.398
    lifetime: 13.2719
    annual_cost: 18.490042872535206
    efficiency: 0.764665
    discharge_ratio: 0.5
    depth_of_discharge: 1.0
