cost_values:
  wind_capex: 5000.0
  wind_opex: 100
  wind_lifetime: 20
  solar_capex: 1000.0
  solar_opex: 10
  solar_lifetime: 20
  carbon_price: 1.0
timeseries_values:
  load_level: 237826.41864515422
  wind_year: 2015
  solar_year: 2018
  price_year: 2023
  carbon_year: 2023
storage_values:
  CAES:
    cost: 42.3112
    lifetime: 25.8791
    annual_cost: 1.6349563933830773
    efficiency: 0.585789
    discharge_ratio: 0.1
    depth_of_discharge: 0.4
  Li-ion:
    cost: 193.609
    lifetime: 19.7058
    annual_cost: 9.824975387956846
    efficiency: 0.910119
    discharge_ratio: 2
    depth_of_discharge: 0.9
  Pb-acid:
    cost: 180.685
    lifetime: 9.5132
    annual_cost: 18.9930832947904
    efficiency: 0.708099
    discharge_ratio: 5
    depth_of_discharge: 0.5
  VRBF:
    cost: 244.674
    lifetime: 10.6206
    annual_cost: 23.037681486921645
    efficiency: 0.77518
    discharge_ratio: 0.5
    depth_of_discharge: 1.0
