cost_values:
  wind_capex: 5000.0
  wind_opex: 100
  wind_lifetime: 20
  solar_capex: 1000.0
  solar_opex: 10
  solar_lifetime: 20
  carbon_price: 1.0
timeseries_values:
  load_level: 237826.41864515422
  wind_year: 2015
  solar_year: 2018
  price_year: 2023
  carbon_year: 2023
storage_values:
  CAES:
    cost: 48.486
    lifetime: 26.2632
    annual_cost: 1.8461573608699624
    efficiency: 0.579005
    discharge_ratio: 0.1
    depth_of_discharge: 0.4
  Li-ion:
    cost: 192.077
    lifetime: 20.3417
    annual_cost: 9.442524469439624
    efficiency: 0.912513
    discharge_ratio: 2
    depth_of_discharge: 0.9
  Pb-acid:
    cost: 188.976
    lifetime: 10.8278
    annual_cost: 17.452852841759174
    efficiency: 0.71094
    discharge_ratio: 5
    depth_of_discharge: 0.5
  VRBF:
    cost: 223.788
    lifetime: 12.373
    annual_cost: 18.086801907378973
    efficiency: 0.788194
    discharge_ratio: 0.5
    depth_of_discharge: 1.0
