cost_values:
  wind_capex: 5000.0
  wind_opex: 100
  wind_lifetime: 20
  solar_capex: 1000.0
  solar_opex: 10
  solar_lifetime: 20
  carbon_price: 1.0
timeseries_values:
  load_level: 237826.41864515422
  wind_year: 2015
  solar_year: 2018
  price_year: 2023
  carbon_year: 2023
storage_values:
  CAES:
    cost: 39.9447
    lifetime: 26.6819
    annual_cost: 1.4970710481637364
    efficiency: 0.566941
    discharge_ratio: 0.1
    depth_of_discharge: 0.4
  Li-ion:
    cost: 197.159
    lifetime: 19.1578
    annual_cost: 10.291317374646356
    efficiency: 0.926024
    discharge_ratio: 2
    depth_of_discharge: 0.9
  Pb-acid:
    cost: 200.551
    lifetime: 9.61368
    annual_cost: 20.861002238476836
    efficiency: 0.732385
    discharge_ratio: 5
    depth_of_discharge: 0.5
  VRBF:
    cost: 278.141
    lifetime: 12.5657
    annual_cost: 22.134938761867627
    efficiency: 0.788192
    discharge_ratio: 0.5
    depth_of_discharge: 1.0
