cost_values:
  wind_capex: 5000.0
  wind_opex: 100
  wind_lifetime: 20
  solar_capex: 1000.0
  solar_opex: 10
  solar_lifetime: 20
  carbon_price: 1.0
timeseries_values:
  load_level: 237826.41864515422
  wind_year: 2015
  solar_year: 2018
  price_year: 2023
  carbon_year: 2023
storage_values:
  CAES:
    cost: 49.3997
    lifetime: 26.7365
    annual_cost: 1.8476502159968584
    efficiency: 0.571047
    discharge_ratio: 0.1
    depth_of_discharge: 0.4
  Li-ion:
    cost: 163.664
    lifetime: 22.5195
    annual_cost: 7.267656919558604
    efficiency: 0.913262
    discharge_ratio: 2
    depth_of_discharge: 0.9
  Pb-acid:
    cost: 186.481
    lifetime: 9.22328
    annual_cost: 20.218512286301618
    efficiency: 0.710842
    discharge_ratio: 5
    depth_of_discharge: 0.5
  VRBF:
    cost: 226.043
    lifetime: 10.5791
    annual_cost: 21.366940476978193
    efficiency: 0.788874
    discharge_ratio: 0.5
    depth_of_discharge: 1.0
