cost_values:
  wind_capex: 5000.0
  wind_opex: 100
  wind_lifetime: 20
  solar_capex: 1000.0
  solar_opex: 10
  solar_lifetime: 20
  carbon_price: 1.0
timeseries_values:
  load_level: 237826.41864515422
  wind_year: 2015
  solar_year: 2018
  price_year: 2023
  carbon_year: 2023
storage_values:
  CAES:
    cost: 51.3088
    lifetime: 25.9178
    annual_cost: 1.979674200742347
    efficiency: 0.586659
    discharge_ratio: 0.1
    depth_of_discharge: 0.4
  Li-ion:
    cost: 171.243
    lifetime: 21.779
    annual_cost: 7.862757702373846
    efficiency: 0.900285
    discharge_ratio: 2
    depth_of_discharge: 0.9
  Pb-acid:
    cost: 171.2
    lifetime: 7.10803
    annual_cost: 24.085435767716227
    efficiency: 0.711927
    discharge_ratio: 5
    depth_of_discharge: 0.5
  VRBF:
    cost: 223.526
    lifetime: 12.0124
    annual_cost: 18.60793846358763
    efficiency: 0.771449
    discharge_ratio: 0.5
    depth_of_discharge: 1.0
