cost_values:
  wind_capex: 5000.0
  wind_opex: 100
  wind_lifetime: 20
  solar_capex: 1000.0
  solar_opex: 10
  solar_lifetime: 20
  carbon_price: 1.0
timeseries_values:
  load_level: 237826.41864515422
  wind_year: 2015
  solar_year: 2018
  price_year: 2023
  carbon_year: 2023
storage_values:
  CAES:
    cost: 44.7268
    lifetime: 25.8695
    annual_cost: 1.7289394847213901
    efficiency: 0.596422
    discharge_ratio: 0.1
    depth_of_discharge: 0.4
  Li-ion:
    cost: 168.178
    lifetime: 18.4385
    annual_cost: 9.121023944464028
    efficiency: 0.918668
    discharge_ratio: 2
    depth_of_discharge: 0.9
  Pb-acid:
    cost: 175.084
    lifetime: 8.90554
    annual_cost: 19.66012167706843
    efficiency: 0.722085
    discharge_ratio: 5
    depth_of_discharge: 0.5
  VRBF:
    cost: 230.722
    lifetime: 12.2176
    annual_cost: 18.884396280775277
    efficiency: 0.781509
    discharge_ratio: 0.5
    depth_of_discharge: 1.0
