cost_values:
  wind_capex: 5000.0
  wind_opex: 100
  wind_lifetime: 20
  solar_capex: 1000.0
  solar_opex: 10
  solar_lifetime: 20
  carbon_price: 1.0
timeseries_values:
  load_level: 237826.41864515422
  wind_year: 2015
  solar_year: 2018
  price_year: 2023
  carbon_year: 2023
storage_values:
  CAES:
    cost: 51.3512
    lifetime: 25.4436
    annual_cost: 2.0182364130861985
    efficiency: 0.577718
    discharge_ratio: 0.1
    depth_of_discharge: 0.4
  Li-ion:
    cost: 169.211
    lifetime: 20.4591
    annual_cost: 8.27069616943072
    efficiency: 0.911686
    discharge_ratio: 2
    depth_of_discharge: 0.9
  Pb-acid:
    cost: 166.988
    lifetime: 8.18417
    annual_cost: 20.403779491383975
    efficiency: 0.712217
    discharge_ratio: 5
    depth_of_discharge: 0.5
  VRBF:
    cost: 277.707
    lifetime: 10.496
    annual_cost: 26.458365091463413
    efficiency: 0.780173
    discharge_ratio: 0.5
    depth_of_discharge: 1.0
