cost_values:
  wind_capex: 5000.0
  wind_opex: 100
  wind_lifetime: 20
  solar_capex: 1000.0
  solar_opex: 10
  solar_lifetime: 20
  carbon_price: 1.0
timeseries_values:
  load_level: 237826.41864515422
  wind_year: 2015
  solar_year: 2018
  price_year: 2023
  carbon_year: 2023
storage_values:
  CAES:
    cost: 47.3435
    lifetime: 25.9237
    annual_cost: 1.826263226314145
    efficiency: 0.580976
    discharge_ratio: 0.1
    depth_of_discharge: 0.4
  Li-ion:
    cost: 175.874
    lifetime: 19.5886
    annual_cost: 8.978385387419213
    efficiency: 0.937472
    discharge_ratio: 2
    depth_of_discharge: 0.9
  Pb-acid:
    cost: 186.282
    lifetime: 8.96641
    annual_cost: 20.775538928065973
    efficiency: 0.715891
    discharge_ratio: 5
    depth_of_discharge: 0.5
  VRBF:
    cost: 208.296
    lifetime: 13.1058
    annual_cost: 15.893421233347066
    efficiency: 0.783705
    discharge_ratio: 0.5
    depth_of_discharge: 1.0
