cost_values:
  wind_capex: 5000.0
  wind_opex: 100
  wind_lifetime: 20
  solar_capex: 1000.0
  solar_opex: 10
  solar_lifetime: 20
  carbon_price: 1.0
timeseries_values:
  load_level: 237826.41864515422
  wind_year: 2015
  solar_year: 2018
  price_year: 2023
  carbon_year: 2023
storage_values:
  CAES:
    cost: 45.0696
    lifetime: 26.1676
    annual_cost: 1.722343661627356
    efficiency: 0.586124
    discharge_ratio: 0.1
    depth_of_discharge: 0.4
  Li-ion:
    cost: 188.603
    lifetime: 20.7479
    annual_cost: 9.090221179010888
    efficiency: 0.915652
    discharge_ratio: 2
    depth_of_discharge: 0.9
  Pb-acid:
    cost: 187.4
    lifetime: 8.20154
    annual_cost: 22.849367313943482
    efficiency: 0.708189
    discharge_ratio: 5
    depth_of_discharge: 0.5
  VRBF:
    cost: 223.046
    lifetime: 14.2122
    annual_cost: 15.693981227396181
    efficiency: 0.788632
    discharge_ratio: 0.5
    depth_of_discharge: 1.0
