cost_values:
  wind_capex: 5000.0
  wind_opex: 100
  wind_lifetime: 20
  solar_capex: 1000.0
  solar_opex: 10
  solar_lifetime: 20
  carbon_price: 1.0
timeseries_values:
  load_level: 237826.41864515422
  wind_year: 2015
  solar_year: 2018
  price_year: 2023
  carbon_year: 2023
storage_values:
  CAES:
    cost: 45.8417
    lifetime: 26.7018
    annual_cost: 1.71680186354478
    efficiency: 0.583164
    discharge_ratio: 0.1
    depth_of_discharge: 0.4
  Li-ion:
    cost: 175.801
    lifetime: 19.8166
    annual_cost: 8.87140074483009
    efficiency: 0.909138
    discharge_ratio: 2
    depth_of_discharge: 0.9
  Pb-acid:
    cost: 181.495
    lifetime: 8.0426
    annual_cost: 22.566707283714223
    efficiency: 0.722311
    discharge_ratio: 5
    depth_of_discharge: 0.5
  VRBF:
    cost: 258.94
    lifetime: 11.2084
    annual_cost: 23.10231612005282
    efficiency: 0.777311
    discharge_ratio: 0.5
    depth_of_discharge: 1.0
