cost_values:
  wind_capex: 5000.0
  wind_opex: 100
  wind_lifetime: 20
  solar_capex: 1000.0
  solar_opex: 10
  solar_lifetime: 20
  carbon_price: 1.0
timeseries_values:
  load_level: 237826.41864515422
  wind_year: 2015
  solar_year: 2018
  price_year: 2023
  carbon_year: 2023
storage_values:
  CAES:
    cost: 41.8622
    lifetime: 26.2527
    annual_cost: 1.594586461582999
    efficiency: 0.579836
    discharge_ratio: 0.1
    depth_of_discharge: 0.4
  Li-ion:
    cost: 186.763
    lifetime: 21.9036
    annual_cost: 8.526589236472542
    efficiency: 0.905384
    discharge_ratio: 2
    depth_of_discharge: 0.9
  Pb-acid:
    cost: 189.406
    lifetime: 8.29928
    annual_cost: 22.82197973800137
    efficiency: 0.711782
    discharge_ratio: 5
    depth_of_discharge: 0.5
  VRBF:
    cost: 209.839
    lifetime: 11.658
    annual_cost: 17.999571109967405
    efficiency: 0.78
    discharge_ratio: 0.5
    depth_of_discharge: 1.0
