cost_values:
  wind_capex: 5000.0
  wind_opex: 100
  wind_lifetime: 20
  solar_capex: 1000.0
  solar_opex: 10
  solar_lifetime: 20
  carbon_price: 1.0
timeseries_values:
  load_level: 237826.41864515422
  wind_year: 2015
  solar_year: 2018
  price_year: 2023
  carbon_year: 2023
storage_values:
  CAES:
    cost: 51.9533
    lifetime: 23.9953
    annual_cost: 2.165144840864669
    efficiency: 0.580117
    discharge_ratio: 0.1
    depth_of_discharge: 0.4
  Li-ion:
    cost: 168.809
    lifetime: 19.9318
    annual_cost: 8.46933041672102
    efficiency: 0.908709
    discharge_ratio: 2
    depth_of_discharge: 0.9
  Pb-acid:
    cost: 163.703
    lifetime: 9.26737
    annual_cost: 17.664450647810543
    efficiency: 0.726216
    discharge_ratio: 5
    depth_of_discharge: 0.5
  VRBF:
    cost: 228.127
    lifetime: 11.9216
    annual_cost: 19.13560260367736
    efficiency: 0.805048
    discharge_ratio: 0.5
    depth_of_discharge: 1.0
