cost_values:
  wind_capex: 5000.0
  wind_opex: 100
  wind_lifetime: 20
  solar_capex: 1000.0
  solar_opex: 10
  solar_lifetime: 20
  carbon_price: 1.0
timeseries_values:
  load_level: 237826.41864515422
  wind_year: 2015
  solar_year: 2018
  price_year: 2023
  carbon_year: 2023
storage_values:
  CAES:
    cost: 54.1472
    lifetime: 25.765
    annual_cost: 2.1015796623326217
    efficiency: 0.582741
    discharge_ratio: 0.1
    depth_of_discharge: 0.4
  Li-ion:
    cost: 182.429
    lifetime: 20.3958
    annual_cost: 8.944439541474225
    efficiency: 0.934734
    discharge_ratio: 2
    depth_of_discharge: 0.9
  Pb-acid:
    cost: 186.506
    lifetime: 9.06207
    annual_cost: 20.580948944336118
    efficiency: 0.734418
    discharge_ratio: 5
    depth_of_discharge: 0.5
  VRBF:
    cost: 239.352
    lifetime: 10.6714
    annual_cost: 22.42929699945649
    efficiency: 0.786372
    discharge_ratio: 0.5
    depth_of_discharge: 1.0
