cost_values:
  wind_capex: 5000.0
  wind_opex: 100
  wind_lifetime: 20
  solar_capex: 1000.0
  solar_opex: 10
  solar_lifetime: 20
  carbon_price: 1.0
timeseries_values:
  load_level: 237826.41864515422
  wind_year: 2015
  solar_year: 2018
  price_year: 2023
  carbon_year: 2023
storage_values:
  CAES:
    cost: 47.6242
    lifetime: 27.3669
    annual_cost: 1.7402117156126562
    efficiency: 0.576541
    discharge_ratio: 0.1
    depth_of_discharge: 0.4
  Li-ion:
    cost: 172.282
    lifetime: 20.5774
    annual_cost: 8.372389125934278
    efficiency: 0.90857
    discharge_ratio: 2
    depth_of_discharge: 0.9
  Pb-acid:
    cost: 195.046
    lifetime: 6.38034
    annual_cost: 30.569844240275593
    efficiency: 0.73105
    discharge_ratio: 5
    depth_of_discharge: 0.5
  VRBF:
    cost: 246.805
    lifetime: 10.1718
    annual_cost: 24.263650484673313
    efficiency: 0.79057
    discharge_ratio: 0.5
    depth_of_discharge: 1.0
