cost_values:
  wind_capex: 5000.0
  wind_opex: 100
  wind_lifetime: 20
  solar_capex: 1000.0
  solar_opex: 10
  solar_lifetime: 20
  carbon_price: 1.0
timeseries_values:
  load_level: 237826.41864515422
  wind_year: 2015
  solar_year: 2018
  price_year: 2023
  carbon_year: 2023
storage_values:
  CAES:
    cost: 48.0216
    lifetime: 25.9231
    annual_cost: 1.8524636328216917
    efficiency: 0.578503
    discharge_ratio: 0.1
    depth_of_discharge: 0.4
  Li-ion:
    cost: 188.431
    lifetime: 20.3132
    annual_cost: 9.276283401925843
    efficiency: 0.918997
    discharge_ratio: 2
    depth_of_discharge: 0.9
  Pb-acid:
    cost: 179.203
    lifetime: 9.20536
    annual_cost: 19.467245170205185
    efficiency: 0.716175
    discharge_ratio: 5
    depth_of_discharge: 0.5
  VRBF:
    cost: 217.778
    lifetime: 10.9308
    annual_cost: 19.92333589490248
    efficiency: 0.770457
    discharge_ratio: 0.5
    depth_of_discharge: 1.0
