cost_values:
  wind_capex: 5000.0
  wind_opex: 100
  wind_lifetime: 20
  solar_capex: 1000.0
  solar_opex: 10
  solar_lifetime: 20
  carbon_price: 1.0
timeseries_values:
  load_level: 237826.41864515422
  wind_year: 2015
  solar_year: 2018
  price_year: 2023
  carbon_year: 2023
storage_values:
  CAES:
    cost: 55.7476
    lifetime: 26.7071
    annual_cost: 2.0873700251992915
    efficiency: 0.584612
    discharge_ratio: 0.1
    depth_of_discharge: 0.4
  Li-ion:
    cost: 165.37
    lifetime: 19.7536
    annual_cost: 8.371638587396728
    efficiency: 0.911889
    discharge_ratio: 2
    depth_of_discharge: 0.9
  Pb-acid:
    cost: 204.92
    lifetime: 9.83549
    annual_cost: 20.834752513601252
    efficiency: 0.696953
    discharge_ratio: 5
    depth_of_discharge: 0.5
  VRBF:
    cost: 242.936
    lifetime: 10.2382
    annual_cost: 23.728389756011797
    efficiency: 0.771678
    discharge_ratio: 0.5
    depth_of_discharge: 1.0
