cost_values:
  wind_capex: 5000.0
  wind_opex: 100
  wind_lifetime: 20
  solar_capex: 1000.0
  solar_opex: 10
  solar_lifetime: 20
  carbon_price: 1.0
timeseries_values:
  load_level: 237826.41864515422
  wind_year: 2015
  solar_year: 2018
  price_year: 2023
  carbon_year: 2023
storage_values:
  CAES:
    cost: 40.9855
    lifetime: 25.664
    annual_cost: 1.59700358478803
    efficiency: 0.584076
    discharge_ratio: 0.1
    depth_of_discharge: 0.4
  Li-ion:
    cost: 171.359
    lifetime: 19.425
    annual_cost: 8.821570141570142
    efficiency: 0.90762
    discharge_ratio: 2
    depth_of_discharge: 0.9
  Pb-acid:
    cost: 191.26
    lifetime: 8.87483
    annual_cost: 21.55083533994454
    efficiency: 0.706242
    discharge_ratio: 5
    depth_of_discharge: 0.5
  VRBF:
    cost: 279.792
    lifetime: 11.7253
    annual_cost: 23.862246594969847
    efficiency: 0.815241
    discharge_ratio: 0.5
    depth_of_discharge: 1.0
