cost_values:
  wind_capex: 5000.0
  wind_opex: 100
  wind_lifetime: 20
  solar_capex: 1000.0
  solar_opex: 10
  solar_lifetime: 20
  carbon_price: 1.0
timeseries_values:
  load_level: 237826.41864515422
  wind_year: 2015
  solar_year: 2018
  price_year: 2023
  carbon_year: 2023
storage_values:
  CAES:
    cost: 47.0477
    lifetime: 24.798
    annual_cost: 1.8972376804581015
    efficiency: 0.578876
    discharge_ratio: 0.1
    depth_of_discharge: 0.4
  Li-ion:
    cost: 172.327
    lifetime: 18.561
    annual_cost: 9.28435967889661
    efficiency: 0.920914
    discharge_ratio: 2
    depth_of_discharge: 0.9
  Pb-acid:
    cost: 175.129
    lifetime: 9.4358
    annual_cost: 18.56005850060408
    efficiency: 0.710477
    discharge_ratio: 5
    depth_of_discharge: 0.5
  VRBF:
    cost: 224.043
    lifetime: 13.3096
    annual_cost: 16.833188074773098
    efficiency: 0.78637
    discharge_ratio: 0.5
    depth_of_discharge: 1.0
