cost_values:
  wind_capex: 5000.0
  wind_opex: 100
  wind_lifetime: 20
  solar_capex: 1000.0
  solar_opex: 10
  solar_lifetime: 20
  carbon_price: 1.0
timeseries_values:
  load_level: 237826.41864515422
  wind_year: 2015
  solar_year: 2018
  price_year: 2023
  carbon_year: 2023
storage_values:
  CAES:
    cost: 46.8634
    lifetime: 26.3095
    annual_cost: 1.7812349151447195
    efficiency: 0.587029
    discharge_ratio: 0.1
    depth_of_discharge: 0.4
  Li-ion:
    cost: 185.391
    lifetime: 19.0789
    annual_cost: 9.717069642379801
    efficiency: 0.914937
    discharge_ratio: 2
    depth_of_discharge: 0.9
  Pb-acid:
    cost: 183.306
    lifetime: 8.92851
    annual_cost: 20.530413249243157
    efficiency: 0.722427
    discharge_ratio: 5
    depth_of_discharge: 0.5
  VRBF:
    cost: 240.8
    lifetime: 12.3868
    annual_cost: 19.44004908450932
    efficiency: 0.763799
    discharge_ratio: 0.5
    depth_of_discharge: 1.0
