cost_values:
  wind_capex: 5000.0
  wind_opex: 100
  wind_lifetime: 20
  solar_capex: 1000.0
  solar_opex: 10
  solar_lifetime: 20
  carbon_price: 1.0
timeseries_values:
  load_level: 237826.41864515422
  wind_year: 2015
  solar_year: 2018
  price_year: 2023
  carbon_year: 2023
storage_values:
  CAES:
    cost: 47.9036
    lifetime: 25.5407
    annual_cost: 1.875578977866699
    efficiency: 0.578077
    discharge_ratio: 0.1
    depth_of_discharge: 0.4
  Li-ion:
    cost: 197.58
    lifetime: 20.2941
    annual_cost: 9.735834552899611
    efficiency: 0.915434
    discharge_ratio: 2
    depth_of_discharge: 0.9
  Pb-acid:
    cost: 193.245
    lifetime: 10.166
    annual_cost: 19.008951406649615
    efficiency: 0.714721
    discharge_ratio: 5
    depth_of_discharge: 0.5
  VRBF:
    cost: 249.153
    lifetime: 11.4072
    annual_cost: 21.841731537976017
    efficiency: 0.777458
    discharge_ratio: 0.5
    depth_of_discharge: 1.0
