cost_values:
  wind_capex: 5000.0
  wind_opex: 100
  wind_lifetime: 20
  solar_capex: 1000.0
  solar_opex: 10
  solar_lifetime: 20
  carbon_price: 1.0
timeseries_values:
  load_level: 237826.41864515422
  wind_year: 2015
  solar_year: 2018
  price_year: 2023
  carbon_year: 2023
storage_values:
  CAES:
    cost: 49.7283
    lifetime: 26.6127
    annual_cost: 1.8685928147087667
    efficiency: 0.577375
    discharge_ratio: 0.1
    depth_of_discharge: 0.4
  Li-ion:
    cost: 181.937
    lifetime: 20.2962
    annual_cost: 8.96409180043555
    efficiency: 0.915552
    discharge_ratio: 2
    depth_of_discharge: 0.9
  Pb-acid:
    cost: 190.763
    lifetime: 8.58446
    annual_cost: 22.221898640100832
    efficiency: 0.716841
    discharge_ratio: 5
    depth_of_discharge: 0.5
  VRBF:
    cost: 236.602
    lifetime: 12.0387
    annual_cost: 19.65345095400666
    efficiency: 0.770719
    discharge_ratio: 0.5
    depth_of_discharge: 1.0
