cost_values:
  wind_capex: 5000.0
  wind_opex: 100
  wind_lifetime: 20
  solar_capex: 1000.0
  solar_opex: 10
  solar_lifetime: 20
  carbon_price: 1.0
timeseries_values:
  load_level: 237826.41864515422
  wind_year: 2015
  solar_year: 2018
  price_year: 2023
  carbon_year: 2023
storage_values:
  CAES:
    cost: 56.9561
    lifetime: 25.2122
    annual_cost: 2.259069022140075
    efficiency: 0.588486
    discharge_ratio: 0.1
    depth_of_discharge: 0.4
  Li-ion:
    cost: 200.423
    lifetime: 19.2198
    annual_cost: 10.42794409931425
    efficiency: 0.930118
    discharge_ratio: 2
    depth_of_discharge: 0.9
  Pb-acid:
    cost: 166.138
    lifetime: 9.16765
    annual_cost: 18.122201436573167
    efficiency: 0.702614
    discharge_ratio: 5
    depth_of_discharge: 0.5
  VRBF:
    cost: 221.214
    lifetime: 12.9666
    annual_cost: 17.06029336911758
    efficiency: 0.762491
    discharge_ratio: 0.5
    depth_of_discharge: 1.0
