cost_values:
  wind_capex: 5000.0
  wind_opex: 100
  wind_lifetime: 20
  solar_capex: 1000.0
  solar_opex: 10
  solar_lifetime: 20
  carbon_price: 1.0
timeseries_values:
  load_level: 237826.41864515422
  wind_year: 2015
  solar_year: 2018
  price_year: 2023
  carbon_year: 2023
storage_values:
  CAES:
    cost: 51.8367
    lifetime: 26.5083
    annual_cost: 1.955489412749969
    efficiency: 0.578682
    discharge_ratio: 0.1
    depth_of_discharge: 0.4
  Li-ion:
    cost: 184.154
    lifetime: 19.7497
    annual_cost: 9.324394800933684
    efficiency: 0.918597
    discharge_ratio: 2
    depth_of_discharge: 0.9
  Pb-acid:
    cost: 164.057
    lifetime: 9.77082
    annual_cost: 16.790504788748535
    efficiency: 0.707845
    discharge_ratio: 5
    depth_of_discharge: 0.5
  VRBF:
    cost: 263.701
    lifetime: 11.157
    annual_cost: 23.635475486241823
    efficiency: 0.776222
    discharge_ratio: 0.5
    depth_of_discharge: 1.0
