cost_values:
  wind_capex: 5000.0
  wind_opex: 100
  wind_lifetime: 20
  solar_capex: 1000.0
  solar_opex: 10
  solar_lifetime: 20
  carbon_price: 1.0
timeseries_values:
  load_level: 237826.41864515422
  wind_year: 2015
  solar_year: 2018
  price_year: 2023
  carbon_year: 2023
storage_values:
  CAES:
    cost: 50.6379
    lifetime: 25.7981
    annual_cost: 1.9628538535783642
    efficiency: 0.575652
    discharge_ratio: 0.1
    depth_of_discharge: 0.4
  Li-ion:
    cost: 181.257
    lifetime: 20.9064
    annual_cost: 8.669928825622776
    efficiency: 0.918767
    discharge_ratio: 2
    depth_of_discharge: 0.9
  Pb-acid:
    cost: 165.231
    lifetime: 10.3418
    annual_cost: 15.977005937070917
    efficiency: 0.706624
    discharge_ratio: 5
    depth_of_discharge: 0.5
  VRBF:
    cost: 223.044
    lifetime: 12.97
    annual_cost: 17.19691595990748
    efficiency: 0.786344
    discharge_ratio: 0.5
    depth_of_discharge: 1.0
