cost_values:
  wind_capex: 5000.0
  wind_opex: 100
  wind_lifetime: 20
  solar_capex: 1000.0
  solar_opex: 10
  solar_lifetime: 20
  carbon_price: 1.0
timeseries_values:
  load_level: 237826.41864515422
  wind_year: 2015
  solar_year: 2018
  price_year: 2023
  carbon_year: 2023
storage_values:
  CAES:
    cost: 49.3713
    lifetime: 25.9704
    annual_cost: 1.9010604380371499
    efficiency: 0.580429
    discharge_ratio: 0.1
    depth_of_discharge: 0.4
  Li-ion:
    cost: 187.008
    lifetime: 19.2985
    annual_cost: 9.690286809855689
    efficiency: 0.912957
    discharge_ratio: 2
    depth_of_discharge: 0.9
  Pb-acid:
    cost: 167.31
    lifetime: 6.21778
    annual_cost: 26.90831775971488
    efficiency: 0.722077
    discharge_ratio: 5
    depth_of_discharge: 0.5
  VRBF:
    cost: 244.987
    lifetime: 10.6409
    annual_cost: 23.023146538356716
    efficiency: 0.778857
    discharge_ratio: 0.5
    depth_of_discharge: 1.0
