cost_values:
  wind_capex: 5000.0
  wind_opex: 100
  wind_lifetime: 20
  solar_capex: 1000.0
  solar_opex: 10
  solar_lifetime: 20
  carbon_price: 1.0
timeseries_values:
  load_level: 237826.41864515422
  wind_year: 2015
  solar_year: 2018
  price_year: 2023
  carbon_year: 2023
storage_values:
  CAES:
    cost: 45.051
    lifetime: 25.4523
    annual_cost: 1.7700168550582855
    efficiency: 0.581971
    discharge_ratio: 0.1
    depth_of_discharge: 0.4
  Li-ion:
    cost: 196.959
    lifetime: 20.1973
    annual_cost: 9.751748996152951
    efficiency: 0.923387
    discharge_ratio: 2
    depth_of_discharge: 0.9
  Pb-acid:
    cost: 190.237
    lifetime: 7.57481
    annual_cost: 25.114425312318062
    efficiency: 0.71464
    discharge_ratio: 5
    depth_of_discharge: 0.5
  VRBF:
    cost: 214.995
    lifetime: 10.2022
    annual_cost: 21.07339593421027
    efficiency: 0.790751
    discharge_ratio: 0.5
    depth_of_discharge: 1.0
