cost_values:
  wind_capex: 5000.0
  wind_opex: 100
  wind_lifetime: 20
  solar_capex: 1000.0
  solar_opex: 10
  solar_lifetime: 20
  carbon_price: 1.0
timeseries_values:
  load_level: 237826.41864515422
  wind_year: 2015
  solar_year: 2018
  price_year: 2023
  carbon_year: 2023
storage_values:
  CAES:
    cost: 47.478
    lifetime: 25.428
    annual_cost: 1.8671543180745636
    efficiency: 0.582928
    discharge_ratio: 0.1
    depth_of_discharge: 0.4
  Li-ion:
    cost: 190.476
    lifetime: 19.8691
    annual_cost: 9.586543930021994
    efficiency: 0.923246
    discharge_ratio: 2
    depth_of_discharge: 0.9
  Pb-acid:
    cost: 206.27
    lifetime: 9.41349
    annual_cost: 21.91217072520394
    efficiency: 0.696993
    discharge_ratio: 5
    depth_of_discharge: 0.5
  VRBF:
    cost: 249.468
    lifetime: 12.4204
    annual_cost: 20.08534346719912
    efficiency: 0.788853
    discharge_ratio: 0.5
    depth_of_discharge: 1.0
