cost_values:
  wind_capex: 5000.0
  wind_opex: 100
  wind_lifetime: 20
  solar_capex: 1000.0
  solar_opex: 10
  solar_lifetime: 20
  carbon_price: 1.0
timeseries_values:
  load_level: 237826.41864515422
  wind_year: 2015
  solar_year: 2018
  price_year: 2023
  carbon_year: 2023
storage_values:
  CAES:
    cost: 48.0158
    lifetime: 25.8446
    annual_cost: 1.8578658597927613
    efficiency: 0.58435
    discharge_ratio: 0.1
    depth_of_discharge: 0.4
  Li-ion:
    cost: 176.705
    lifetime: 19.0663
    annual_cost: 9.267922984532921
    efficiency: 0.922147
    discharge_ratio: 2
    depth_of_discharge: 0.9
  Pb-acid:
    cost: 175.28
    lifetime: 9.22313
    annual_cost: 19.004394386721213
    efficiency: 0.706676
    discharge_ratio: 5
    depth_of_discharge: 0.5
  VRBF:
    cost: 265.922
    lifetime: 11.3319
    annual_cost: 23.466673726383046
    efficiency: 0.776595
    discharge_ratio: 0.5
    depth_of_discharge: 1.0
