cost_values:
  wind_capex: 5000.0
  wind_opex: 100
  wind_lifetime: 20
  solar_capex: 1000.0
  solar_opex: 10
  solar_lifetime: 20
  carbon_price: 1.0
timeseries_values:
  load_level: 237826.41864515422
  wind_year: 2015
  solar_year: 2018
  price_year: 2023
  carbon_year: 2023
storage_values:
  CAES:
    cost: 47.1617
    lifetime: 26.0803
    annual_cost: 1.8083265913352224
    efficiency: 0.573686
    discharge_ratio: 0.1
    depth_of_discharge: 0.4
  Li-ion:
    cost: 181.59
    lifetime: 21.2961
    annual_cost: 8.526913378505924
    efficiency: 0.912774
    discharge_ratio: 2
    depth_of_discharge: 0.9
  Pb-acid:
    cost: 185.014
    lifetime: 8.56937
    annual_cost: 21.590151901481676
    efficiency: 0.720099
    discharge_ratio: 5
    depth_of_discharge: 0.5
  VRBF:
    cost: 227.63
    lifetime: 10.3337
    annual_cost: 22.02792804126305
    efficiency: 0.763628
    discharge_ratio: 0.5
    depth_of_discharge: 1.0
