cost_values:
  wind_capex: 5000.0
  wind_opex: 100
  wind_lifetime: 20
  solar_capex: 1000.0
  solar_opex: 10
  solar_lifetime: 20
  carbon_price: 1.0
timeseries_values:
  load_level: 237826.41864515425
  wind_year: 2015
  solar_year: 2018
  price_year: 2023
  carbon_year: 2023
storage_values:
  CAES:
    cost: 45.6175
    lifetime: 26.4482
    annual_cost: 1.724786563924955
    efficiency: 0.581227
    discharge_ratio: 0.1
    depth_of_discharge: 0.4
  Li-ion:
    cost: 172.671
    lifetime: 22.0202
    annual_cost: 7.8414819120625605
    efficiency: 0.919358
    discharge_ratio: 2
    depth_of_discharge: 0.9
  Pb-acid:
    cost: 175.431
    lifetime: 8.09053
    annual_cost: 21.683499103272595
    efficiency: 0.715086
    discharge_ratio: 5
    depth_of_discharge: 0.5
  VRBF:
    cost: 244.856
    lifetime: 12.3356
    annual_cost: 19.849541165407437
    efficiency: 0.755403
    discharge_ratio: 0.5
    depth_of_discharge: 1.0
