cost_values:
  wind_capex: 5000.0
  wind_opex: 100
  wind_lifetime: 20
  solar_capex: 1000.0
  solar_opex: 10
  solar_lifetime: 20
  carbon_price: 1.0
timeseries_values:
  load_level: 237826.41864515425
  wind_year: 2015
  solar_year: 2018
  price_year: 2023
  carbon_year: 2023
storage_values:
  CAES:
    cost: 43.7334
    lifetime: 26.1032
    annual_cost: 1.6754037819117964
    efficiency: 0.579594
    discharge_ratio: 0.1
    depth_of_discharge: 0.4
  Li-ion:
    cost: 166.604
    lifetime: 20.0899
    annual_cost: 8.292923309722797
    efficiency: 0.923431
    discharge_ratio: 2
    depth_of_discharge: 0.9
  Pb-acid:
    cost: 161.725
    lifetime: 7.28487
    annual_cost: 22.200121621936972
    efficiency: 0.709579
    discharge_ratio: 5
    depth_of_discharge: 0.5
  VRBF:
    cost: 233.785
    lifetime: 11.9522
    annual_cost: 19.559997322668632
    efficiency: 0.756064
    discharge_ratio: 0.5
    depth_of_discharge: 1.0
