cost_values:
  wind_capex: 5000.0
  wind_opex: 100
  wind_lifetime: 20
  solar_capex: 1000.0
  solar_opex: 10
  solar_lifetime: 20
  carbon_price: 1.0
timeseries_values:
  load_level: 237826.41864515425
  wind_year: 2015
  solar_year: 2018
  price_year: 2023
  carbon_year: 2023
storage_values:
  CAES:
    cost: 47.1096
    lifetime: 25.8624
    annual_cost: 1.8215478841870822
    efficiency: 0.581205
    discharge_ratio: 0.1
    depth_of_discharge: 0.4
  Li-ion:
    cost: 197.6
    lifetime: 20.4181
    annual_cost: 9.67768793374506
    efficiency: 0.912904
    discharge_ratio: 2
    depth_of_discharge: 0.9
  Pb-acid:
    cost: 193.217
    lifetime: 8.32183
    annual_cost: 23.21809025178356
    efficiency: 0.721271
    discharge_ratio: 5
    depth_of_discharge: 0.5
  VRBF:
    cost: 208.484
    lifetime: 11.7203
    annual_cost: 17.788281869918006
    efficiency: 0.777922
    discharge_ratio: 0.5
    depth_of_discharge: 1.0
