cost_values:
  wind_capex: 5000.0
  wind_opex: 100
  wind_lifetime: 20
  solar_capex: 1000.0
  solar_opex: 10
  solar_lifetime: 20
  carbon_price: 1.0
timeseries_values:
  load_level: 237826.41864515425
  wind_year: 2015
  solar_year: 2018
  price_year: 2023
  carbon_year: 2023
storage_values:
  CAES:
    cost: 49.4244
    lifetime: 25.9521
    annual_cost: 1.9044470389679446
    efficiency: 0.570724
    discharge_ratio: 0.1
    depth_of_discharge: 0.4
  Li-ion:
    cost: 184.493
    lifetime: 20.717
    annual_cost: 8.905391707293527
    efficiency: 0.907416
    discharge_ratio: 2
    depth_of_discharge: 0.9
  Pb-acid:
    cost: 193.206
    lifetime: 8.92797
    annual_cost: 21.640529706081
    efficiency: 0.709387
    discharge_ratio: 5
    depth_of_discharge: 0.5
  VRBF:
    cost: 232.784
    lifetime: 12.4044
    annual_cost: 18.766244235916286
    efficiency: 0.748695
    discharge_ratio: 0.5
    depth_of_discharge: 1.0
