cost_values:
  wind_capex: 5000.0
  wind_opex: 100
  wind_lifetime: 20
  solar_capex: 1000.0
  solar_opex: 10
  solar_lifetime: 20
  carbon_price: 1.0
timeseries_values:
  load_level: 237826.41864515425
  wind_year: 2015
  solar_year: 2018
  price_year: 2023
  carbon_year: 2023
storage_values:
  CAES:
    cost: 45.6885
    lifetime: 26.4344
    annual_cost: 1.728372877765336
    efficiency: 0.578507
    discharge_ratio: 0.1
    depth_of_discharge: 0.4
  Li-ion:
    cost: 207.789
    lifetime: 19.6858
    annual_cost: 10.555273344237978
    efficiency: 0.918747
    discharge_ratio: 2
    depth_of_discharge: 0.9
  Pb-acid:
    cost: 178.489
    lifetime: 9.56258
    annual_cost: 18.665360185221978
    efficiency: 0.714844
    discharge_ratio: 5
    depth_of_discharge: 0.5
  VRBF:
    cost: 215.298
    lifetime: 12.0077
    annual_cost: 17.92999491992638
    efficiency: 0.788624
    discharge_ratio: 0.5
    depth_of_discharge: 1.0
