cost_values:
  wind_capex: 5000.0
  wind_opex: 100
  wind_lifetime: 20
  solar_capex: 1000.0
  solar_opex: 10
  solar_lifetime: 20
  carbon_price: 1.0
timeseries_values:
  load_level: 237826.41864515425
  wind_year: 2015
  solar_year: 2018
  price_year: 2023
  carbon_year: 2023
storage_values:
  CAES:
    cost: 46.138
    lifetime: 25.8087
    annual_cost: 1.7876917473565113
    efficiency: 0.58473
    discharge_ratio: 0.1
    depth_of_discharge: 0.4
  Li-ion:
    cost: 189.167
    lifetime: 20.5928
    annual_cost: 9.186074744570918
    efficiency: 0.907838
    discharge_ratio: 2
    depth_of_discharge: 0.9
  Pb-acid:
    cost: 191.603
    lifetime: 9.16259
    annual_cost: 20.911445344602345
    efficiency: 0.714247
    discharge_ratio: 5
    depth_of_discharge: 0.5
  VRBF:
    cost: 236.82
    lifetime: 12.5314
    annual_cost: 18.898127902708396
    efficiency: 0.781354
    discharge_ratio: 0.5
    depth_of_discharge: 1.0
