cost_values:
  wind_capex: 5000.0
  wind_opex: 100
  wind_lifetime: 20
  solar_capex: 1000.0
  solar_opex: 10
  solar_lifetime: 20
  carbon_price: 1.0
timeseries_values:
  load_level: 237826.41864515425
  wind_year: 2015
  solar_year: 2018
  price_year: 2023
  carbon_year: 2023
storage_values:
  CAES:
    cost: 49.0226
    lifetime: 26.0488
    annual_cost: 1.881952335616228
    efficiency: 0.576647
    discharge_ratio: 0.1
    depth_of_discharge: 0.4
  Li-ion:
    cost: 200.56
    lifetime: 21.2328
    annual_cost: 9.445763158886251
    efficiency: 0.913975
    discharge_ratio: 2
    depth_of_discharge: 0.9
  Pb-acid:
    cost: 204.226
    lifetime: 9.26519
    annual_cost: 22.042289472746916
    efficiency: 0.712731
    discharge_ratio: 5
    depth_of_discharge: 0.5
  VRBF:
    cost: 229.355
    lifetime: 10.9837
    annual_cost: 20.881396979160026
    efficiency: 0.755939
    discharge_ratio: 0.5
    depth_of_discharge: 1.0
