cost_values:
  wind_capex: 5000.0
  wind_opex: 100
  wind_lifetime: 20
  solar_capex: 1000.0
  solar_opex: 10
  solar_lifetime: 20
  carbon_price: 1.0
timeseries_values:
  load_level: 237826.41864515425
  wind_year: 2015
  solar_year: 2018
  price_year: 2023
  carbon_year: 2023
storage_values:
  CAES:
    cost: 49.6663
    lifetime: 26.3454
    annual_cost: 1.8851981750134748
    efficiency: 0.589172
    discharge_ratio: 0.1
    depth_of_discharge: 0.4
  Li-ion:
    cost: 162.629
    lifetime: 20.005
    annual_cost: 8.129417645588603
    efficiency: 0.903776
    discharge_ratio: 2
    depth_of_discharge: 0.9
  Pb-acid:
    cost: 148.159
    lifetime: 9.49296
    annual_cost: 15.607250004213649
    efficiency: 0.69964
    discharge_ratio: 5
    depth_of_discharge: 0.5
  VRBF:
    cost: 242.848
    lifetime: 11.1139
    annual_cost: 21.850835440304486
    efficiency: 0.777412
    discharge_ratio: 0.5
    depth_of_discharge: 1.0
