cost_values:
  wind_capex: 5000.0
  wind_opex: 100
  wind_lifetime: 20
  solar_capex: 1000.0
  solar_opex: 10
  solar_lifetime: 20
  carbon_price: 1.0
timeseries_values:
  load_level: 237826.41864515425
  wind_year: 2015
  solar_year: 2018
  price_year: 2023
  carbon_year: 2023
storage_values:
  CAES:
    cost: 44.8845
    lifetime: 26.3041
    annual_cost: 1.7063689690960726
    efficiency: 0.581921
    discharge_ratio: 0.1
    depth_of_discharge: 0.4
  Li-ion:
    cost: 184.501
    lifetime: 19.9523
    annual_cost: 9.247104343860107
    efficiency: 0.914584
    discharge_ratio: 2
    depth_of_discharge: 0.9
  Pb-acid:
    cost: 183.725
    lifetime: 9.06473
    annual_cost: 20.268116093915648
    efficiency: 0.713986
    discharge_ratio: 5
    depth_of_discharge: 0.5
  VRBF:
    cost: 232.187
    lifetime: 12.1704
    annual_cost: 19.078008939722604
    efficiency: 0.776676
    discharge_ratio: 0.5
    depth_of_discharge: 1.0
