cost_values:
  wind_capex: 5000.0
  wind_opex: 100
  wind_lifetime: 20
  solar_capex: 1000.0
  solar_opex: 10
  solar_lifetime: 20
  carbon_price: 1.0
timeseries_values:
  load_level: 237826.41864515425
  wind_year: 2015
  solar_year: 2018
  price_year: 2023
  carbon_year: 2023
storage_values:
  CAES:
    cost: 45.8766
    lifetime: 26.3504
    annual_cost: 1.7410210091687415
    efficiency: 0.581651
    discharge_ratio: 0.1
    depth_of_discharge: 0.4
  Li-ion:
    cost: 187.949
    lifetime: 18.0867
    annual_cost: 10.39155843796823
    efficiency: 0.916523
    discharge_ratio: 2
    depth_of_discharge: 0.9
  Pb-acid:
    cost: 197.298
    lifetime: 6.98228
    annual_cost: 28.256959044896508
    efficiency: 0.718133
    discharge_ratio: 5
    depth_of_discharge: 0.5
  VRBF:
    cost: 237.46
    lifetime: 11.7739
    annual_cost: 20.1683384435064
    efficiency: 0.764509
    discharge_ratio: 0.5
    depth_of_discharge: 1.0
