cost_values:
  wind_capex: 5000.0
  wind_opex: 100
  wind_lifetime: 20
  solar_capex: 1000.0
  solar_opex: 10
  solar_lifetime: 20
  carbon_price: 1.0
timeseries_values:
  load_level: 237826.41864515425
  wind_year: 2015
  solar_year: 2018
  price_year: 2023
  carbon_year: 2023
storage_values:
  CAES:
    cost: 44.0118
    lifetime: 25.1366
    annual_cost: 1.7509050547806784
    efficiency: 0.573337
    discharge_ratio: 0.1
    depth_of_discharge: 0.4
  Li-ion:
    cost: 177.075
    lifetime: 19.9938
    annual_cost: 8.856495513609218
    efficiency: 0.928266
    discharge_ratio: 2
    depth_of_discharge: 0.9
  Pb-acid:
    cost: 174.848
    lifetime: 9.25488
    annual_cost: 18.892519405978252
    efficiency: 0.705429
    discharge_ratio: 5
    depth_of_discharge: 0.5
  VRBF:
    cost: 205.845
    lifetime: 12.6362
    annual_cost: 16.290103037305517
    efficiency: 0.775073
    discharge_ratio: 0.5
    depth_of_discharge: 1.0
