cost_values:
  wind_capex: 5000.0
  wind_opex: 100
  wind_lifetime: 20
  solar_capex: 1000.0
  solar_opex: 10
  solar_lifetime: 20
  carbon_price: 1.0
timeseries_values:
  load_level: 237826.41864515425
  wind_year: 2015
  solar_year: 2018
  price_year: 2023
  carbon_year: 2023
storage_values:
  CAES:
    cost: 45.5655
    lifetime: 26.244
    annual_cost: 1.736225422953818
    efficiency: 0.57484
    discharge_ratio: 0.1
    depth_of_discharge: 0.4
  Li-ion:
    cost: 163.798
    lifetime: 19.5483
    annual_cost: 8.37914294337615
    efficiency: 0.91229
    discharge_ratio: 2
    depth_of_discharge: 0.9
  Pb-acid:
    cost: 181.16
    lifetime: 10.1361
    annual_cost: 17.872751847357463
    efficiency: 0.727498
    discharge_ratio: 5
    depth_of_discharge: 0.5
  VRBF:
    cost: 246.005
    lifetime: 14.1872
    annual_cost: 17.33992613059659
    efficiency: 0.789195
    discharge_ratio: 0.5
    depth_of_discharge: 1.0
