cost_values:
  wind_capex: 5000.0
  wind_opex: 100
  wind_lifetime: 20
  solar_capex: 1000.0
  solar_opex: 10
  solar_lifetime: 20
  carbon_price: 1.0
timeseries_values:
  load_level: 237826.41864515425
  wind_year: 2015
  solar_year: 2018
  price_year: 2023
  carbon_year: 2023
storage_values:
  CAES:
    cost: 48.2359
    lifetime: 25.9922
    annual_cost: 1.8557836581743754
    efficiency: 0.578409
    discharge_ratio: 0.1
    depth_of_discharge: 0.4
  Li-ion:
    cost: 175.471
    lifetime: 20.5383
    annual_cost: 8.543599032052313
    efficiency: 0.919085
    discharge_ratio: 2
    depth_of_discharge: 0.9
  Pb-acid:
    cost: 194.2
    lifetime: 9.03002
    annual_cost: 21.506043175984104
    efficiency: 0.715232
    discharge_ratio: 5
    depth_of_discharge: 0.5
  VRBF:
    cost: 217.305
    lifetime: 14.9573
    annual_cost: 14.528357390705542
    efficiency: 0.776195
    discharge_ratio: 0.5
    depth_of_discharge: 1.0
