cost_values:
  wind_capex: 5000.0
  wind_opex: 100
  wind_lifetime: 20
  solar_capex: 1000.0
  solar_opex: 10
  solar_lifetime: 20
  carbon_price: 1.0
timeseries_values:
  load_level: 237826.41864515425
  wind_year: 2015
  solar_year: 2018
  price_year: 2023
  carbon_year: 2023
storage_values:
  CAES:
    cost: 48.4313
    lifetime: 26.0637
    annual_cost: 1.8581897428223928
    efficiency: 0.585414
    discharge_ratio: 0.1
    depth_of_discharge: 0.4
  Li-ion:
    cost: 174.376
    lifetime: 18.9361
    annual_cost: 9.208654369167887
    efficiency: 0.9103
    discharge_ratio: 2
    depth_of_discharge: 0.9
  Pb-acid:
    cost: 170.716
    lifetime: 10.2892
    annual_cost: 16.591766123702524
    efficiency: 0.694767
    discharge_ratio: 5
    depth_of_discharge: 0.5
  VRBF:
    cost: 244.001
    lifetime: 12.1762
    annual_cost: 20.039174783594227
    efficiency: 0.793808
    discharge_ratio: 0.5
    depth_of_discharge: 1.0
