cost_values:
  wind_capex: 5000.0
  wind_opex: 100
  wind_lifetime: 20
  solar_capex: 1000.0
  solar_opex: 10
  solar_lifetime: 20
  carbon_price: 1.0
timeseries_values:
  load_level: 237826.41864515425
  wind_year: 2015
  solar_year: 2018
  price_year: 2023
  carbon_year: 2023
storage_values:
  CAES:
    cost: 45.9651
    lifetime: 27.0537
    annual_cost: 1.6990319253928299
    efficiency: 0.583324
    discharge_ratio: 0.1
    depth_of_discharge: 0.4
  Li-ion:
    cost: 179.883
    lifetime: 21.5841
    annual_cost: 8.334051454542928
    efficiency: 0.90989
    discharge_ratio: 2
    depth_of_discharge: 0.9
  Pb-acid:
    cost: 176.606
    lifetime: 10.5253
    annual_cost: 16.779189191757006
    efficiency: 0.708926
    discharge_ratio: 5
    depth_of_discharge: 0.5
  VRBF:
    cost: 259.818
    lifetime: 10.5849
    annual_cost: 24.546098687753307
    efficiency: 0.774946
    discharge_ratio: 0.5
    depth_of_discharge: 1.0
