cost_values:
  wind_capex: 5000.0
  wind_opex: 100
  wind_lifetime: 20
  solar_capex: 1000.0
  solar_opex: 10
  solar_lifetime: 20
  carbon_price: 1.0
timeseries_values:
  load_level: 237826.41864515425
  wind_year: 2015
  solar_year: 2018
  price_year: 2023
  carbon_year: 2023
storage_values:
  CAES:
    cost: 44.2236
    lifetime: 26.8187
    annual_cost: 1.6489837315007811
    efficiency: 0.572871
    discharge_ratio: 0.1
    depth_of_discharge: 0.4
  Li-ion:
    cost: 173.495
    lifetime: 19.0966
    annual_cost: 9.085125100803285
    efficiency: 0.918297
    discharge_ratio: 2
    depth_of_discharge: 0.9
  Pb-acid:
    cost: 172.646
    lifetime: 10.2174
    annual_cost: 16.89725370446493
    efficiency: 0.707611
    discharge_ratio: 5
    depth_of_discharge: 0.5
  VRBF:
    cost: 270.833
    lifetime: 10.4517
    annual_cost: 25.9128180104672
    efficiency: 0.782014
    discharge_ratio: 0.5
    depth_of_discharge: 1.0
