cost_values:
  wind_capex: 5000.0
  wind_opex: 100
  wind_lifetime: 20
  solar_capex: 1000.0
  solar_opex: 10
  solar_lifetime: 20
  carbon_price: 1.0
timeseries_values:
  load_level: 237826.41864515425
  wind_year: 2015
  solar_year: 2018
  price_year: 2023
  carbon_year: 2023
storage_values:
  CAES:
    cost: 48.1532
    lifetime: 25.4106
    annual_cost: 1.8950044469630785
    efficiency: 0.578273
    discharge_ratio: 0.1
    depth_of_discharge: 0.4
  Li-ion:
    cost: 190.956
    lifetime: 21.2732
    annual_cost: 8.976364627794595
    efficiency: 0.923255
    discharge_ratio: 2
    depth_of_discharge: 0.9
  Pb-acid:
    cost: 193.281
    lifetime: 9.55293
    annual_cost: 20.23264066626679
    efficiency: 0.720248
    discharge_ratio: 5
    depth_of_discharge: 0.5
  VRBF:
    cost: 228.285
    lifetime: 12.6746
    annual_cost: 18.011219288971645
    efficiency: 0.768759
    discharge_ratio: 0.5
    depth_of_discharge: 1.0
