cost_values:
  wind_capex: 5000.0
  wind_opex: 100
  wind_lifetime: 20
  solar_capex: 1000.0
  solar_opex: 10
  solar_lifetime: 20
  carbon_price: 1.0
timeseries_values:
  load_level: 237826.41864515425
  wind_year: 2015
  solar_year: 2018
  price_year: 2023
  carbon_year: 2023
storage_values:
  CAES:
    cost: 50.9743
    lifetime: 25.2639
    annual_cost: 2.0176734391760576
    efficiency: 0.585134
    discharge_ratio: 0.1
    depth_of_discharge: 0.4
  Li-ion:
    cost: 194.608
    lifetime: 18.7821
    annual_cost: 10.36135469409704
    efficiency: 0.912111
    discharge_ratio: 2
    depth_of_discharge: 0.9
  Pb-acid:
    cost: 181.267
    lifetime: 9.712
    annual_cost: 18.66422981878089
    efficiency: 0.723299
    discharge_ratio: 5
    depth_of_discharge: 0.5
  VRBF:
    cost: 198.084
    lifetime: 12.6623
    annual_cost: 15.643603452769245
    efficiency: 0.773615
    discharge_ratio: 0.5
    depth_of_discharge: 1.0
