cost_values:
  wind_capex: 5000.0
  wind_opex: 100
  wind_lifetime: 20
  solar_capex: 1000.0
  solar_opex: 10
  solar_lifetime: 20
  carbon_price: 1.0
timeseries_values:
  load_level: 237826.41864515425
  wind_year: 2015
  solar_year: 2018
  price_year: 2023
  carbon_year: 2023
storage_values:
  CAES:
    cost: 47.8848
    lifetime: 25.1284
    annual_cost: 1.9056048136769552
    efficiency: 0.577263
    discharge_ratio: 0.1
    depth_of_discharge: 0.4
  Li-ion:
    cost: 171.706
    lifetime: 20.2307
    annual_cost: 8.487397865620073
    efficiency: 0.927524
    discharge_ratio: 2
    depth_of_discharge: 0.9
  Pb-acid:
    cost: 207.276
    lifetime: 9.06007
    annual_cost: 22.87796893401486
    efficiency: 0.7147
    discharge_ratio: 5
    depth_of_discharge: 0.5
  VRBF:
    cost: 219.753
    lifetime: 11.2761
    annual_cost: 19.48838694229388
    efficiency: 0.775547
    discharge_ratio: 0.5
    depth_of_discharge: 1.0
