cost_values:
  wind_capex: 5000.0
  wind_opex: 100
  wind_lifetime: 20
  solar_capex: 1000.0
  solar_opex: 10
  solar_lifetime: 20
  carbon_price: 1.0
timeseries_values:
  load_level: 237826.41864515425
  wind_year: 2015
  solar_year: 2018
  price_year: 2023
  carbon_year: 2023
storage_values:
  CAES:
    cost: 51.6835
    lifetime: 26.7901
    annual_cost: 1.9292014587478212
    efficiency: 0.586433
    discharge_ratio: 0.1
    depth_of_discharge: 0.4
  Li-ion:
    cost: 162.886
    lifetime: 20.6654
    annual_cost: 7.882063739390478
    efficiency: 0.904055
    discharge_ratio: 2
    depth_of_discharge: 0.9
  Pb-acid:
    cost: 183.931
    lifetime: 9.30952
    annual_cost: 19.75730220247661
    efficiency: 0.724391
    discharge_ratio: 5
    depth_of_discharge: 0.5
  VRBF:
    cost: 225.886
    lifetime: 12.9346
    annual_cost: 17.463702008566173
    efficiency: 0.770832
    discharge_ratio: 0.5
    depth_of_discharge: 1.0
