cost_values:
  wind_capex: 5000.0
  wind_opex: 100
  wind_lifetime: 20
  solar_capex: 1000.0
  solar_opex: 10
  solar_lifetime: 20
  carbon_price: 1.0
timeseries_values:
  load_level: 237826.41864515425
  wind_year: 2015
  solar_year: 2018
  price_year: 2023
  carbon_year: 2023
storage_values:
  CAES:
    cost: 40.6184
    lifetime: 24.9459
    annual_cost: 1.6282595536741509
    efficiency: 0.581928
    discharge_ratio: 0.1
    depth_of_discharge: 0.4
  Li-ion:
    cost: 167.556
    lifetime: 18.4399
    annual_cost: 9.086600252712866
    efficiency: 0.909616
    discharge_ratio: 2
    depth_of_discharge: 0.9
  Pb-acid:
    cost: 190.86
    lifetime: 9.47438
    annual_cost: 20.144853805737156
    efficiency: 0.719244
    discharge_ratio: 5
    depth_of_discharge: 0.5
  VRBF:
    cost: 205.305
    lifetime: 11.82
    annual_cost: 17.369289340101524
    efficiency: 0.773268
    discharge_ratio: 0.5
    depth_of_discharge: 1.0
