cost_values:
  wind_capex: 5000.0
  wind_opex: 100
  wind_lifetime: 20
  solar_capex: 1000.0
  solar_opex: 10
  solar_lifetime: 20
  carbon_price: 1.0
timeseries_values:
  load_level: 237826.41864515425
  wind_year: 2015
  solar_year: 2018
  price_year: 2023
  carbon_year: 2023
storage_values:
  CAES:
    cost: 48.1157
    lifetime: 25.8582
    annual_cost: 1.8607521018477697
    efficiency: 0.581649
    discharge_ratio: 0.1
    depth_of_discharge: 0.4
  Li-ion:
    cost: 177.226
    lifetime: 20.6979
    annual_cost: 8.562511172631039
    efficiency: 0.921204
    discharge_ratio: 2
    depth_of_discharge: 0.9
  Pb-acid:
    cost: 182.582
    lifetime: 8.01525
    annual_cost: 22.77932690808147
    efficiency: 0.728528
    discharge_ratio: 5
    depth_of_discharge: 0.5
  VRBF:
    cost: 225.978
    lifetime: 10.9099
    annual_cost: 20.71311377739484
    efficiency: 0.788577
    discharge_ratio: 0.5
    depth_of_discharge: 1.0
