cost_values:
  wind_capex: 5000.0
  wind_opex: 100
  wind_lifetime: 20
  solar_capex: 1000.0
  solar_opex: 10
  solar_lifetime: 20
  carbon_price: 1.0
timeseries_values:
  load_level: 237826.41864515425
  wind_year: 2015
  solar_year: 2018
  price_year: 2023
  carbon_year: 2023
storage_values:
  CAES:
    cost: 50.1588
    lifetime: 26.6689
    annual_cost: 1.880797483210781
    efficiency: 0.573823
    discharge_ratio: 0.1
    depth_of_discharge: 0.4
  Li-ion:
    cost: 184.063
    lifetime: 19.0771
    annual_cost: 9.648374228787393
    efficiency: 0.909129
    discharge_ratio: 2
    depth_of_discharge: 0.9
  Pb-acid:
    cost: 161.89
    lifetime: 10.544
    annual_cost: 15.353755690440059
    efficiency: 0.706768
    discharge_ratio: 5
    depth_of_discharge: 0.5
  VRBF:
    cost: 227.199
    lifetime: 13.4106
    annual_cost: 16.941747572815533
    efficiency: 0.773071
    discharge_ratio: 0.5
    depth_of_discharge: 1.0
