cost_values:
  wind_capex: 5000.0
  wind_opex: 100
  wind_lifetime: 20
  solar_capex: 1000.0
  solar_opex: 10
  solar_lifetime: 20
  carbon_price: 1.0
timeseries_values:
  load_level: 237826.41864515425
  wind_year: 2015
  solar_year: 2018
  price_year: 2023
  carbon_year: 2023
storage_values:
  CAES:
    cost: 47.4548
    lifetime: 27.3256
    annual_cost: 1.736642562285915
    efficiency: 0.582824
    discharge_ratio: 0.1
    depth_of_discharge: 0.4
  Li-ion:
    cost: 168.318
    lifetime: 23.2961
    annual_cost: 7.225157859040785
    efficiency: 0.910231
    discharge_ratio: 2
    depth_of_discharge: 0.9
  Pb-acid:
    cost: 183.321
    lifetime: 8.0871
    annual_cost: 22.668323626516305
    efficiency: 0.71096
    discharge_ratio: 5
    depth_of_discharge: 0.5
  VRBF:
    cost: 230.205
    lifetime: 12.4684
    annual_cost: 18.46307465272208
    efficiency: 0.798401
    discharge_ratio: 0.5
    depth_of_discharge: 1.0
