cost_values:
  wind_capex: 5000.0
  wind_opex: 100
  wind_lifetime: 20
  solar_capex: 1000.0
  solar_opex: 10
  solar_lifetime: 20
  carbon_price: 1.0
timeseries_values:
  load_level: 237826.41864515425
  wind_year: 2015
  solar_year: 2018
  price_year: 2023
  carbon_year: 2023
storage_values:
  CAES:
    cost: 46.8826
    lifetime: 26.3872
    annual_cost: 1.7767174993936452
    efficiency: 0.590909
    discharge_ratio: 0.1
    depth_of_discharge: 0.4
  Li-ion:
    cost: 193.036
    lifetime: 20.3347
    annual_cost: 9.492935720713852
    efficiency: 0.911867
    discharge_ratio: 2
    depth_of_discharge: 0.9
  Pb-acid:
    cost: 191.169
    lifetime: 7.99009
    annual_cost: 23.92576303896452
    efficiency: 0.70648
    discharge_ratio: 5
    depth_of_discharge: 0.5
  VRBF:
    cost: 223.85
    lifetime: 11.9857
    annual_cost: 18.676422737095038
    efficiency: 0.797996
    discharge_ratio: 0.5
    depth_of_discharge: 1.0
