cost_values:
  wind_capex: 5000.0
  wind_opex: 100
  wind_lifetime: 20
  solar_capex: 1000.0
  solar_opex: 10
  solar_lifetime: 20
  carbon_price: 1.0
timeseries_values:
  load_level: 237826.41864515425
  wind_year: 2015
  solar_year: 2018
  price_year: 2023
  carbon_year: 2023
storage_values:
  CAES:
    cost: 50.9602
    lifetime: 26.2366
    annual_cost: 1.942332466859273
    efficiency: 0.571539
    discharge_ratio: 0.1
    depth_of_discharge: 0.4
  Li-ion:
    cost: 180.473
    lifetime: 19.6085
    annual_cost: 9.203814672208482
    efficiency: 0.911775
    discharge_ratio: 2
    depth_of_discharge: 0.9
  Pb-acid:
    cost: 194.074
    lifetime: 9.34493
    annual_cost: 20.767838817412223
    efficiency: 0.718754
    discharge_ratio: 5
    depth_of_discharge: 0.5
  VRBF:
    cost: 248.443
    lifetime: 12.4504
    annual_cost: 19.954619931889738
    efficiency: 0.784582
    discharge_ratio: 0.5
    depth_of_discharge: 1.0
