cost_values:
  wind_capex: 5000.0
  wind_opex: 100
  wind_lifetime: 20
  solar_capex: 1000.0
  solar_opex: 10
  solar_lifetime: 20
  carbon_price: 1.0
timeseries_values:
  load_level: 237826.41864515425
  wind_year: 2015
  solar_year: 2018
  price_year: 2023
  carbon_year: 2023
storage_values:
  CAES:
    cost: 41.9845
    lifetime: 25.8535
    annual_cost: 1.6239387316997698
    efficiency: 0.575626
    discharge_ratio: 0.1
    depth_of_discharge: 0.4
  Li-ion:
    cost: 163.679
    lifetime: 20.5398
    annual_cost: 7.968870193478028
    efficiency: 0.913437
    discharge_ratio: 2
    depth_of_discharge: 0.9
  Pb-acid:
    cost: 198.049
    lifetime: 8.57098
    annual_cost: 23.106925929123623
    efficiency: 0.727945
    discharge_ratio: 5
    depth_of_discharge: 0.5
  VRBF:
    cost: 195.023
    lifetime: 11.2402
    annual_cost: 17.350491984128396
    efficiency: 0.7801
    discharge_ratio: 0.5
    depth_of_discharge: 1.0
