cost_values:
  wind_capex: 5000.0
  wind_opex: 100
  wind_lifetime: 20
  solar_capex: 1000.0
  solar_opex: 10
  solar_lifetime: 20
  carbon_price: 1.0
timeseries_values:
  load_level: 237826.41864515425
  wind_year: 2015
  solar_year: 2018
  price_year: 2023
  carbon_year: 2023
storage_values:
  CAES:
    cost: 40.5361
    lifetime: 25.851
    annual_cost: 1.5680669993423852
    efficiency: 0.580865
    discharge_ratio: 0.1
    depth_of_discharge: 0.4
  Li-ion:
    cost: 177.039
    lifetime: 18.1805
    annual_cost: 9.73785099419708
    efficiency: 0.910272
    discharge_ratio: 2
    depth_of_discharge: 0.9
  Pb-acid:
    cost: 206.311
    lifetime: 7.64727
    annual_cost: 26.978385750731963
    efficiency: 0.714357
    discharge_ratio: 5
    depth_of_discharge: 0.5
  VRBF:
    cost: 226.446
    lifetime: 11.137
    annual_cost: 20.332764658346054
    efficiency: 0.799486
    discharge_ratio: 0.5
    depth_of_discharge: 1.0
