cost_values:
  wind_capex: 5000.0
  wind_opex: 100
  wind_lifetime: 20
  solar_capex: 1000.0
  solar_opex: 10
  solar_lifetime: 20
  carbon_price: 1.0
timeseries_values:
  load_level: 237826.41864515425
  wind_year: 2015
  solar_year: 2018
  price_year: 2023
  carbon_year: 2023
storage_values:
  CAES:
    cost: 43.1918
    lifetime: 27.2008
    annual_cost: 1.5878871209670304
    efficiency: 0.580553
    discharge_ratio: 0.1
    depth_of_discharge: 0.4
  Li-ion:
    cost: 154.685
    lifetime: 19.3053
    annual_cost: 8.01256649728313
    efficiency: 0.895574
    discharge_ratio: 2
    depth_of_discharge: 0.9
  Pb-acid:
    cost: 175.371
    lifetime: 8.72525
    annual_cost: 20.099252170424915
    efficiency: 0.705434
    discharge_ratio: 5
    depth_of_discharge: 0.5
  VRBF:
    cost: 227.464
    lifetime: 14.3928
    annual_cost: 15.804013117669946
    efficiency: 0.761895
    discharge_ratio: 0.5
    depth_of_discharge: 1.0
