cost_values:
  wind_capex: 5000.0
  wind_opex: 100
  wind_lifetime: 20
  solar_capex: 1000.0
  solar_opex: 10
  solar_lifetime: 20
  carbon_price: 1.0
timeseries_values:
  load_level: 237826.41864515425
  wind_year: 2015
  solar_year: 2018
  price_year: 2023
  carbon_year: 2023
storage_values:
  CAES:
    cost: 46.5003
    lifetime: 26.5906
    annual_cost: 1.7487495581145218
    efficiency: 0.581836
    discharge_ratio: 0.1
    depth_of_discharge: 0.4
  Li-ion:
    cost: 182.933
    lifetime: 18.3293
    annual_cost: 9.980359315413027
    efficiency: 0.926078
    discharge_ratio: 2
    depth_of_discharge: 0.9
  Pb-acid:
    cost: 176.69
    lifetime: 9.05041
    annual_cost: 19.522872444452794
    efficiency: 0.729565
    discharge_ratio: 5
    depth_of_discharge: 0.5
  VRBF:
    cost: 183.96
    lifetime: 13.1373
    annual_cost: 14.002877303555525
    efficiency: 0.792836
    discharge_ratio: 0.5
    depth_of_discharge: 1.0
