cost_values:
  wind_capex: 5000.0
  wind_opex: 100
  wind_lifetime: 20
  solar_capex: 1000.0
  solar_opex: 10
  solar_lifetime: 20
  carbon_price: 1.0
timeseries_values:
  load_level: 237826.41864515425
  wind_year: 2015
  solar_year: 2018
  price_year: 2023
  carbon_year: 2023
storage_values:
  CAES:
    cost: 41.8946
    lifetime: 26.1033
    annual_cost: 1.60495416288362
    efficiency: 0.583056
    discharge_ratio: 0.1
    depth_of_discharge: 0.4
  Li-ion:
    cost: 176.043
    lifetime: 19.5485
    annual_cost: 9.005447988336702
    efficiency: 0.923817
    discharge_ratio: 2
    depth_of_discharge: 0.9
  Pb-acid:
    cost: 193.432
    lifetime: 8.57481
    annual_cost: 22.55816746959991
    efficiency: 0.705674
    discharge_ratio: 5
    depth_of_discharge: 0.5
  VRBF:
    cost: 228.833
    lifetime: 10.8277
    annual_cost: 21.134035852489447
    efficiency: 0.783313
    discharge_ratio: 0.5
    depth_of_discharge: 1.0
