cost_values:
  wind_capex: 5000.0
  wind_opex: 100
  wind_lifetime: 20
  solar_capex: 1000.0
  solar_opex: 10
  solar_lifetime: 20
  carbon_price: 1.0
timeseries_values:
  load_level: 237826.41864515425
  wind_year: 2015
  solar_year: 2018
  price_year: 2023
  carbon_year: 2023
storage_values:
  CAES:
    cost: 44.2425
    lifetime: 26.1485
    annual_cost: 1.6919708587490678
    efficiency: 0.578281
    discharge_ratio: 0.1
    depth_of_discharge: 0.4
  Li-ion:
    cost: 190.863
    lifetime: 19.295
    annual_cost: 9.891837263539776
    efficiency: 0.924493
    discharge_ratio: 2
    depth_of_discharge: 0.9
  Pb-acid:
    cost: 208.514
    lifetime: 6.38538
    annual_cost: 32.65490855673429
    efficiency: 0.710877
    discharge_ratio: 5
    depth_of_discharge: 0.5
  VRBF:
    cost: 251.945
    lifetime: 11.3841
    annual_cost: 22.131305944255583
    efficiency: 0.75894
    discharge_ratio: 0.5
    depth_of_discharge: 1.0
