cost_values:
  wind_capex: 5000.0
  wind_opex: 100
  wind_lifetime: 20
  solar_capex: 1000.0
  solar_opex: 10
  solar_lifetime: 20
  carbon_price: 1.0
timeseries_values:
  load_level: 237826.41864515425
  wind_year: 2015
  solar_year: 2018
  price_year: 2023
  carbon_year: 2023
storage_values:
  CAES:
    cost: 40.8861
    lifetime: 25.767
    annual_cost: 1.5867621376178833
    efficiency: 0.581575
    discharge_ratio: 0.1
    depth_of_discharge: 0.4
  Li-ion:
    cost: 178.576
    lifetime: 22.3284
    annual_cost: 7.9977069561634515
    efficiency: 0.918363
    discharge_ratio: 2
    depth_of_discharge: 0.9
  Pb-acid:
    cost: 186.957
    lifetime: 7.985
    annual_cost: 23.41352536005009
    efficiency: 0.712588
    discharge_ratio: 5
    depth_of_discharge: 0.5
  VRBF:
    cost: 231.543
    lifetime: 12.3587
    annual_cost: 18.735222960343727
    efficiency: 0.772825
    discharge_ratio: 0.5
    depth_of_discharge: 1.0
