cost_values:
  wind_capex: 5000.0
  wind_opex: 100
  wind_lifetime: 20
  solar_capex: 1000.0
  solar_opex: 10
  solar_lifetime: 20
  carbon_price: 1.0
timeseries_values:
  load_level: 237826.41864515425
  wind_year: 2015
  solar_year: 2018
  price_year: 2023
  carbon_year: 2023
storage_values:
  CAES:
    cost: 43.455
    lifetime: 26.3708
    annual_cost: 1.6478453440927086
    efficiency: 0.578773
    discharge_ratio: 0.1
    depth_of_discharge: 0.4
  Li-ion:
    cost: 161.441
    lifetime: 19.4521
    annual_cost: 8.299412402773992
    efficiency: 0.90721
    discharge_ratio: 2
    depth_of_discharge: 0.9
  Pb-acid:
    cost: 184.626
    lifetime: 7.93882
    annual_cost: 23.25610103264717
    efficiency: 0.7268
    discharge_ratio: 5
    depth_of_discharge: 0.5
  VRBF:
    cost: 214.964
    lifetime: 14.3217
    annual_cost: 15.0096706396587
    efficiency: 0.768279
    discharge_ratio: 0.5
    depth_of_discharge: 1.0
