cost_values:
  wind_capex: 5000.0
  wind_opex: 100
  wind_lifetime: 20
  solar_capex: 1000.0
  solar_opex: 10
  solar_lifetime: 20
  carbon_price: 1.0
timeseries_values:
  load_level: 237826.41864515425
  wind_year: 2015
  solar_year: 2018
  price_year: 2023
  carbon_year: 2023
storage_values:
  CAES:
    cost: 41.1016
    lifetime: 25.5184
    annual_cost: 1.6106652454699353
    efficiency: 0.581691
    discharge_ratio: 0.1
    depth_of_discharge: 0.4
  Li-ion:
    cost: 160.646
    lifetime: 21.1584
    annual_cost: 7.592540078644888
    efficiency: 0.920748
    discharge_ratio: 2
    depth_of_discharge: 0.9
  Pb-acid:
    cost: 174.897
    lifetime: 8.99567
    annual_cost: 19.44235393250308
    efficiency: 0.72887
    discharge_ratio: 5
    depth_of_discharge: 0.5
  VRBF:
    cost: 235.358
    lifetime: 11.855
    annual_cost: 19.853057781526783
    efficiency: 0.796839
    discharge_ratio: 0.5
    depth_of_discharge: 1.0
