cost_values:
  wind_capex: 5000.0
  wind_opex: 100
  wind_lifetime: 20
  solar_capex: 1000.0
  solar_opex: 10
  solar_lifetime: 20
  carbon_price: 1.0
timeseries_values:
  load_level: 237826.41864515425
  wind_year: 2015
  solar_year: 2018
  price_year: 2023
  carbon_year: 2023
storage_values:
  CAES:
    cost: 44.2275
    lifetime: 25.325
    annual_cost: 1.7463968410661401
    efficiency: 0.58519
    discharge_ratio: 0.1
    depth_of_discharge: 0.4
  Li-ion:
    cost: 182.625
    lifetime: 21.1066
    annual_cost: 8.652506798821221
    efficiency: 0.909427
    discharge_ratio: 2
    depth_of_discharge: 0.9
  Pb-acid:
    cost: 202.675
    lifetime: 8.97278
    annual_cost: 22.587759869293574
    efficiency: 0.713688
    discharge_ratio: 5
    depth_of_discharge: 0.5
  VRBF:
    cost: 246.847
    lifetime: 10.3729
    annual_cost: 23.79729873034542
    efficiency: 0.792322
    discharge_ratio: 0.5
    depth_of_discharge: 1.0
