cost_values:
  wind_capex: 5000.0
  wind_opex: 100
  wind_lifetime: 20
  solar_capex: 1000.0
  solar_opex: 10
  solar_lifetime: 20
  carbon_price: 1.0
timeseries_values:
  load_level: 237826.41864515425
  wind_year: 2015
  solar_year: 2018
  price_year: 2023
  carbon_year: 2023
storage_values:
  CAES:
    cost: 47.8338
    lifetime: 25.5132
    annual_cost: 1.8748647758807204
    efficiency: 0.576694
    discharge_ratio: 0.1
    depth_of_discharge: 0.4
  Li-ion:
    cost: 180.265
    lifetime: 19.5746
    annual_cost: 9.20912815587547
    efficiency: 0.921415
    discharge_ratio: 2
    depth_of_discharge: 0.9
  Pb-acid:
    cost: 186.205
    lifetime: 7.84965
    annual_cost: 23.721439809418257
    efficiency: 0.733297
    discharge_ratio: 5
    depth_of_discharge: 0.5
  VRBF:
    cost: 248.15
    lifetime: 11.998
    annual_cost: 20.682613768961495
    efficiency: 0.772336
    discharge_ratio: 0.5
    depth_of_discharge: 1.0
