cost_values:
  wind_capex: 5000.0
  wind_opex: 100
  wind_lifetime: 20
  solar_capex: 1000.0
  solar_opex: 10
  solar_lifetime: 20
  carbon_price: 1.0
timeseries_values:
  load_level: 237826.41864515425
  wind_year: 2015
  solar_year: 2018
  price_year: 2023
  carbon_year: 2023
storage_values:
  CAES:
    cost: 37.1767
    lifetime: 25.9463
    annual_cost: 1.4328324269741735
    efficiency: 0.585057
    discharge_ratio: 0.1
    depth_of_discharge: 0.4
  Li-ion:
    cost: 151.083
    lifetime: 21.3873
    annual_cost: 7.064145544318357
    efficiency: 0.902511
    discharge_ratio: 2
    depth_of_discharge: 0.9
  Pb-acid:
    cost: 186.173
    lifetime: 9.99364
    annual_cost: 18.629148138215907
    efficiency: 0.703162
    discharge_ratio: 5
    depth_of_discharge: 0.5
  VRBF:
    cost: 218.5
    lifetime: 11.6275
    annual_cost: 18.79165770801978
    efficiency: 0.789001
    discharge_ratio: 0.5
    depth_of_discharge: 1.0
