cost_values:
  wind_capex: 5000.0
  wind_opex: 100
  wind_lifetime: 20
  solar_capex: 1000.0
  solar_opex: 10
  solar_lifetime: 20
  carbon_price: 1.0
timeseries_values:
  load_level: 237826.41864515425
  wind_year: 2015
  solar_year: 2018
  price_year: 2023
  carbon_year: 2023
storage_values:
  CAES:
    cost: 43.9957
    lifetime: 25.938
    annual_cost: 1.6961870614542371
    efficiency: 0.584714
    discharge_ratio: 0.1
    depth_of_discharge: 0.4
  Li-ion:
    cost: 196.274
    lifetime: 18.0235
    annual_cost: 10.889893749826616
    efficiency: 0.904406
    discharge_ratio: 2
    depth_of_discharge: 0.9
  Pb-acid:
    cost: 151.829
    lifetime: 7.95917
    annual_cost: 19.07598405361363
    efficiency: 0.711084
    discharge_ratio: 5
    depth_of_discharge: 0.5
  VRBF:
    cost: 265.427
    lifetime: 11.3668
    annual_cost: 23.351075060703103
    efficiency: 0.778111
    discharge_ratio: 0.5
    depth_of_discharge: 1.0
