cost_values:
  wind_capex: 5000.0
  wind_opex: 100
  wind_lifetime: 20
  solar_capex: 1000.0
  solar_opex: 10
  solar_lifetime: 20
  carbon_price: 1.0
timeseries_values:
  load_level: 237826.41864515425
  wind_year: 2015
  solar_year: 2018
  price_year: 2023
  carbon_year: 2023
storage_values:
  CAES:
    cost: 46.4526
    lifetime: 25.8652
    annual_cost: 1.795949770347803
    efficiency: 0.578716
    discharge_ratio: 0.1
    depth_of_discharge: 0.4
  Li-ion:
    cost: 187.089
    lifetime: 21.8962
    annual_cost: 8.544359295220175
    efficiency: 0.912856
    discharge_ratio: 2
    depth_of_discharge: 0.9
  Pb-acid:
    cost: 193.031
    lifetime: 8.30045
    annual_cost: 23.255486148341358
    efficiency: 0.72612
    discharge_ratio: 5
    depth_of_discharge: 0.5
  VRBF:
    cost: 258.863
    lifetime: 11.7394
    annual_cost: 22.050786241204833
    efficiency: 0.78378
    discharge_ratio: 0.5
    depth_of_discharge: 1.0
