cost_values:
  wind_capex: 5000.0
  wind_opex: 100
  wind_lifetime: 20
  solar_capex: 1000.0
  solar_opex: 10
  solar_lifetime: 20
  carbon_price: 1.0
timeseries_values:
  load_level: 237826.41864515425
  wind_year: 2015
  solar_year: 2018
  price_year: 2023
  carbon_year: 2023
storage_values:
  CAES:
    cost: 48.2694
    lifetime: 25.7022
    annual_cost: 1.8780260055559443
    efficiency: 0.581221
    discharge_ratio: 0.1
    depth_of_discharge: 0.4
  Li-ion:
    cost: 162.634
    lifetime: 20.2625
    annual_cost: 8.026354102405922
    efficiency: 0.918493
    discharge_ratio: 2
    depth_of_discharge: 0.9
  Pb-acid:
    cost: 194.918
    lifetime: 7.77848
    annual_cost: 25.05862327858399
    efficiency: 0.707694
    discharge_ratio: 5
    depth_of_discharge: 0.5
  VRBF:
    cost: 230.655
    lifetime: 12.4263
    annual_cost: 18.561840612249824
    efficiency: 0.762561
    discharge_ratio: 0.5
    depth_of_discharge: 1.0
