cost_values:
  wind_capex: 5000.0
  wind_opex: 100
  wind_lifetime: 20
  solar_capex: 1000.0
  solar_opex: 10
  solar_lifetime: 20
  carbon_price: 1.0
timeseries_values:
  load_level: 227013.6450587728
  wind_year: 2016
  solar_year: 2013
  price_year: 2023
  carbon_year: 2023
storage_values:
  CAES:
    cost: 62.2608
    lifetime: 28.0834
    annual_cost: 2.2169965175156854
    efficiency: 0.574945
    discharge_ratio: 0.1
    depth_of_discharge: 0.4
  Li-ion:
    cost: 138.182
    lifetime: 26.0348
    annual_cost: 5.307588304884232
    efficiency: 0.97489
    discharge_ratio: 2
    depth_of_discharge: 0.9
  Pb-acid:
    cost: 52.3396
    lifetime: 13.4843
    annual_cost: 3.8815214731205923
    efficiency: 0.785459
    discharge_ratio: 5
    depth_of_discharge: 0.5
  VRBF:
    cost: 279.34
    lifetime: 26.3202
    annual_cost: 10.61314123752859
    efficiency: 0.780333
    discharge_ratio: 0.5
    depth_of_discharge: 1.0
