cost_values:
  wind_capex: 5000.0
  wind_opex: 100
  wind_lifetime: 20
  solar_capex: 1000.0
  solar_opex: 10
  solar_lifetime: 20
  carbon_price: 1.0
timeseries_values:
  load_level: 227013.6450587728
  wind_year: 2016
  solar_year: 2013
  price_year: 2023
  carbon_year: 2023
storage_values:
  CAES:
    cost: 66.7928
    lifetime: 28.6234
    annual_cost: 2.3335033573929023
    efficiency: 0.568695
    discharge_ratio: 0.1
    depth_of_discharge: 0.4
  Li-ion:
    cost: 159.794
    lifetime: 27.0565
    annual_cost: 5.905937575074382
    efficiency: 0.97239
    discharge_ratio: 2
    depth_of_discharge: 0.9
  Pb-acid:
    cost: 59.7013
    lifetime: 15.4785
    annual_cost: 3.8570468714668737
    efficiency: 0.788009
    discharge_ratio: 5
    depth_of_discharge: 0.5
  VRBF:
    cost: 270.878
    lifetime: 27.7667
    annual_cost: 9.755498492798928
    efficiency: 0.796107
    discharge_ratio: 0.5
    depth_of_discharge: 1.0
