cost_values:
  wind_capex: 5000.0
  wind_opex: 100
  wind_lifetime: 20
  solar_capex: 1000.0
  solar_opex: 10
  solar_lifetime: 20
  carbon_price: 1.0
timeseries_values:
  load_level: 227013.6450587728
  wind_year: 2016
  solar_year: 2013
  price_year: 2023
  carbon_year: 2023
storage_values:
  CAES:
    cost: 65.3509
    lifetime: 26.9337
    annual_cost: 2.4263617698273907
    efficiency: 0.584547
    discharge_ratio: 0.1
    depth_of_discharge: 0.4
  Li-ion:
    cost: 143.057
    lifetime: 26.2809
    annual_cost: 5.443382836965248
    efficiency: 0.962002
    discharge_ratio: 2
    depth_of_discharge: 0.9
  Pb-acid:
    cost: 59.2911
    lifetime: 14.2686
    annual_cost: 4.155355115428283
    efficiency: 0.775608
    discharge_ratio: 5
    depth_of_discharge: 0.5
  VRBF:
    cost: 334.346
    lifetime: 28.8814
    annual_cost: 11.576516373859993
    efficiency: 0.789124
    discharge_ratio: 0.5
    depth_of_discharge: 1.0
