cost_values:
  wind_capex: 5000.0
  wind_opex: 100
  wind_lifetime: 20
  solar_capex: 1000.0
  solar_opex: 10
  solar_lifetime: 20
  carbon_price: 1.0
timeseries_values:
  load_level: 227013.6450587728
  wind_year: 2016
  solar_year: 2013
  price_year: 2023
  carbon_year: 2023
storage_values:
  CAES:
    cost: 68.6691
    lifetime: 27.5947
    annual_cost: 2.48848873153178
    efficiency: 0.581262
    discharge_ratio: 0.1
    depth_of_discharge: 0.4
  Li-ion:
    cost: 155.533
    lifetime: 26.0427
    annual_cost: 5.972230221904795
    efficiency: 0.972734
    discharge_ratio: 2
    depth_of_discharge: 0.9
  Pb-acid:
    cost: 57.3968
    lifetime: 15.7702
    annual_cost: 3.6395733725634423
    efficiency: 0.778988
    discharge_ratio: 5
    depth_of_discharge: 0.5
  VRBF:
    cost: 303.315
    lifetime: 27.916
    annual_cost: 10.865274394612408
    efficiency: 0.794348
    discharge_ratio: 0.5
    depth_of_discharge: 1.0
