cost_values:
  wind_capex: 5000.0
  wind_opex: 100
  wind_lifetime: 20
  solar_capex: 1000.0
  solar_opex: 10
  solar_lifetime: 20
  carbon_price: 1.0
timeseries_values:
  load_level: 227013.6450587728
  wind_year: 2016
  solar_year: 2013
  price_year: 2023
  carbon_year: 2023
storage_values:
  CAES:
    cost: 60.0372
    lifetime: 28.8019
    annual_cost: 2.084487481728636
    efficiency: 0.586292
    discharge_ratio: 0.1
    depth_of_discharge: 0.4
  Li-ion:
    cost: 173.302
    lifetime: 27.0082
    annual_cost: 6.41664383409483
    efficiency: 0.962588
    discharge_ratio: 2
    depth_of_discharge: 0.9
  Pb-acid:
    cost: 51.058
    lifetime: 15.4124
    annual_cost: 3.312787106485687
    efficiency: 0.774044
    discharge_ratio: 5
    depth_of_discharge: 0.5
  VRBF:
    cost: 268.384
    lifetime: 28.6491
    annual_cost: 9.367973164951081
    efficiency: 0.784023
    discharge_ratio: 0.5
    depth_of_discharge: 1.0
