cost_values:
  wind_capex: 5000.0
  wind_opex: 100
  wind_lifetime: 20
  solar_capex: 1000.0
  solar_opex: 10
  solar_lifetime: 20
  carbon_price: 1.0
timeseries_values:
  load_level: 227013.6450587728
  wind_year: 2016
  solar_year: 2013
  price_year: 2023
  carbon_year: 2023
storage_values:
  CAES:
    cost: 58.6886
    lifetime: 27.389
    annual_cost: 2.142779948154369
    efficiency: 0.582929
    discharge_ratio: 0.1
    depth_of_discharge: 0.4
  Li-ion:
    cost: 177.769
    lifetime: 25.0977
    annual_cost: 7.0830793259940155
    efficiency: 0.976755
    discharge_ratio: 2
    depth_of_discharge: 0.9
  Pb-acid:
    cost: 81.229
    lifetime: 14.8857
    annual_cost: 5.456847847262809
    efficiency: 0.778643
    discharge_ratio: 5
    depth_of_discharge: 0.5
  VRBF:
    cost: 332.193
    lifetime: 28.4133
    annual_cost: 11.69146139308
    efficiency: 0.761874
    discharge_ratio: 0.5
    depth_of_discharge: 1.0
