cost_values:
  wind_capex: 5000.0
  wind_opex: 100
  wind_lifetime: 20
  solar_capex: 1000.0
  solar_opex: 10
  solar_lifetime: 20
  carbon_price: 1.0
timeseries_values:
  load_level: 227013.6450587728
  wind_year: 2016
  solar_year: 2013
  price_year: 2023
  carbon_year: 2023
storage_values:
  CAES:
    cost: 68.2223
    lifetime: 27.314
    annual_cost: 2.4977044738961705
    efficiency: 0.580469
    discharge_ratio: 0.1
    depth_of_discharge: 0.4
  Li-ion:
    cost: 135.433
    lifetime: 24.7477
    annual_cost: 5.4725489641461635
    efficiency: 0.983633
    discharge_ratio: 2
    depth_of_discharge: 0.9
  Pb-acid:
    cost: 52.1548
    lifetime: 13.7493
    annual_cost: 3.7932694755369365
    efficiency: 0.780108
    discharge_ratio: 5
    depth_of_discharge: 0.5
  VRBF:
    cost: 292.342
    lifetime: 29.678
    annual_cost: 9.850461621403058
    efficiency: 0.813807
    discharge_ratio: 0.5
    depth_of_discharge: 1.0
