cost_values:
  wind_capex: 5000.0
  wind_opex: 100
  wind_lifetime: 20
  solar_capex: 1000.0
  solar_opex: 10
  solar_lifetime: 20
  carbon_price: 1.0
timeseries_values:
  load_level: 227013.6450587728
  wind_year: 2016
  solar_year: 2013
  price_year: 2023
  carbon_year: 2023
storage_values:
  CAES:
    cost: 64.9206
    lifetime: 27.4084
    annual_cost: 2.3686388114592605
    efficiency: 0.583501
    discharge_ratio: 0.1
    depth_of_discharge: 0.4
  Li-ion:
    cost: 139.421
    lifetime: 25.8611
    annual_cost: 5.391147321652984
    efficiency: 0.971117
    discharge_ratio: 2
    depth_of_discharge: 0.9
  Pb-acid:
    cost: 66.4778
    lifetime: 14.4937
    annual_cost: 4.586668690534508
    efficiency: 0.77611
    discharge_ratio: 5
    depth_of_discharge: 0.5
  VRBF:
    cost: 253.878
    lifetime: 28.6985
    annual_cost: 8.846385699601024
    efficiency: 0.783256
    discharge_ratio: 0.5
    depth_of_discharge: 1.0
