cost_values:
  wind_capex: 5000.0
  wind_opex: 100
  wind_lifetime: 20
  solar_capex: 1000.0
  solar_opex: 10
  solar_lifetime: 20
  carbon_price: 1.0
timeseries_values:
  load_level: 227013.6450587728
  wind_year: 2016
  solar_year: 2013
  price_year: 2023
  carbon_year: 2023
storage_values:
  CAES:
    cost: 64.1498
    lifetime: 27.8166
    annual_cost: 2.30616969723115
    efficiency: 0.575315
    discharge_ratio: 0.1
    depth_of_discharge: 0.4
  Li-ion:
    cost: 147.587
    lifetime: 25.9159
    annual_cost: 5.694843705987443
    efficiency: 0.96579
    discharge_ratio: 2
    depth_of_discharge: 0.9
  Pb-acid:
    cost: 57.3291
    lifetime: 15.3566
    annual_cost: 3.7331896383314014
    efficiency: 0.77831
    discharge_ratio: 5
    depth_of_discharge: 0.5
  VRBF:
    cost: 327.568
    lifetime: 25.7624
    annual_cost: 12.71496444430643
    efficiency: 0.783164
    discharge_ratio: 0.5
    depth_of_discharge: 1.0
