cost_values:
  wind_capex: 5000.0
  wind_opex: 100
  wind_lifetime: 20
  solar_capex: 1000.0
  solar_opex: 10
  solar_lifetime: 20
  carbon_price: 1.0
timeseries_values:
  load_level: 227013.6450587728
  wind_year: 2016
  solar_year: 2013
  price_year: 2023
  carbon_year: 2023
storage_values:
  CAES:
    cost: 61.7752
    lifetime: 27.4442
    annual_cost: 2.25093826746635
    efficiency: 0.59117
    discharge_ratio: 0.1
    depth_of_discharge: 0.4
  Li-ion:
    cost: 162.218
    lifetime: 27.6989
    annual_cost: 5.85647805508522
    efficiency: 0.948158
    discharge_ratio: 2
    depth_of_discharge: 0.9
  Pb-acid:
    cost: 62.3937
    lifetime: 15.2323
    annual_cost: 4.0961443774085335
    efficiency: 0.769616
    discharge_ratio: 5
    depth_of_discharge: 0.5
  VRBF:
    cost: 330.241
    lifetime: 26.0174
    annual_cost: 12.693082321830776
    efficiency: 0.779349
    discharge_ratio: 0.5
    depth_of_discharge: 1.0
