cost_values:
  wind_capex: 5000.0
  wind_opex: 100
  wind_lifetime: 20
  solar_capex: 1000.0
  solar_opex: 10
  solar_lifetime: 20
  carbon_price: 1.0
timeseries_values:
  load_level: 227013.6450587728
  wind_year: 2016
  solar_year: 2013
  price_year: 2023
  carbon_year: 2023
storage_values:
  CAES:
    cost: 64.8811
    lifetime: 27.8874
    annual_cost: 2.32653814984545
    efficiency: 0.584306
    discharge_ratio: 0.1
    depth_of_discharge: 0.4
  Li-ion:
    cost: 168.579
    lifetime: 29.7702
    annual_cost: 5.66267609891771
    efficiency: 0.960637
    discharge_ratio: 2
    depth_of_discharge: 0.9
  Pb-acid:
    cost: 50.3469
    lifetime: 16.4543
    annual_cost: 3.059801997046365
    efficiency: 0.787907
    discharge_ratio: 5
    depth_of_discharge: 0.5
  VRBF:
    cost: 310.755
    lifetime: 29.4973
    annual_cost: 10.535032019879786
    efficiency: 0.798462
    discharge_ratio: 0.5
    depth_of_discharge: 1.0
