cost_values:
  wind_capex: 5000.0
  wind_opex: 100
  wind_lifetime: 20
  solar_capex: 1000.0
  solar_opex: 10
  solar_lifetime: 20
  carbon_price: 1.0
timeseries_values:
  load_level: 227013.6450587728
  wind_year: 2016
  solar_year: 2013
  price_year: 2023
  carbon_year: 2023
storage_values:
  CAES:
    cost: 72.0198
    lifetime: 27.8284
    annual_cost: 2.5879964352963163
    efficiency: 0.584072
    discharge_ratio: 0.1
    depth_of_discharge: 0.4
  Li-ion:
    cost: 166.176
    lifetime: 26.1509
    annual_cost: 6.354504051485799
    efficiency: 0.963688
    discharge_ratio: 2
    depth_of_discharge: 0.9
  Pb-acid:
    cost: 68.3733
    lifetime: 16.469
    annual_cost: 4.151636407796466
    efficiency: 0.790478
    discharge_ratio: 5
    depth_of_discharge: 0.5
  VRBF:
    cost: 294.281
    lifetime: 29.2268
    annual_cost: 10.068875141992965
    efficiency: 0.803036
    discharge_ratio: 0.5
    depth_of_discharge: 1.0
