cost_values:
  wind_capex: 5000.0
  wind_opex: 100
  wind_lifetime: 20
  solar_capex: 1000.0
  solar_opex: 10
  solar_lifetime: 20
  carbon_price: 1.0
timeseries_values:
  load_level: 227013.6450587728
  wind_year: 2016
  solar_year: 2013
  price_year: 2023
  carbon_year: 2023
storage_values:
  CAES:
    cost: 66.9695
    lifetime: 27.321
    annual_cost: 2.451209692178178
    efficiency: 0.582342
    discharge_ratio: 0.1
    depth_of_discharge: 0.4
  Li-ion:
    cost: 164.128
    lifetime: 25.0488
    annual_cost: 6.552329852128644
    efficiency: 0.97871
    discharge_ratio: 2
    depth_of_discharge: 0.9
  Pb-acid:
    cost: 56.3819
    lifetime: 16.8615
    annual_cost: 3.3438246893811345
    efficiency: 0.784738
    discharge_ratio: 5
    depth_of_discharge: 0.5
  VRBF:
    cost: 304.907
    lifetime: 28.6304
    annual_cost: 10.649763887336537
    efficiency: 0.79752
    discharge_ratio: 0.5
    depth_of_discharge: 1.0
