cost_values:
  wind_capex: 5000.0
  wind_opex: 100
  wind_lifetime: 20
  solar_capex: 1000.0
  solar_opex: 10
  solar_lifetime: 20
  carbon_price: 1.0
timeseries_values:
  load_level: 227013.6450587728
  wind_year: 2016
  solar_year: 2013
  price_year: 2023
  carbon_year: 2023
storage_values:
  CAES:
    cost: 68.3834
    lifetime: 28.3873
    annual_cost: 2.4089434359731285
    efficiency: 0.592948
    discharge_ratio: 0.1
    depth_of_discharge: 0.4
  Li-ion:
    cost: 144.729
    lifetime: 26.1637
    annual_cost: 5.531671743675399
    efficiency: 0.964693
    discharge_ratio: 2
    depth_of_discharge: 0.9
  Pb-acid:
    cost: 61.4355
    lifetime: 15.6641
    annual_cost: 3.922057443453502
    efficiency: 0.785036
    discharge_ratio: 5
    depth_of_discharge: 0.5
  VRBF:
    cost: 269.019
    lifetime: 27.4189
    annual_cost: 9.811443931011091
    efficiency: 0.793826
    discharge_ratio: 0.5
    depth_of_discharge: 1.0
