cost_values:
  wind_capex: 5000.0
  wind_opex: 100
  wind_lifetime: 20
  solar_capex: 1000.0
  solar_opex: 10
  solar_lifetime: 20
  carbon_price: 1.0
timeseries_values:
  load_level: 227013.6450587728
  wind_year: 2016
  solar_year: 2013
  price_year: 2023
  carbon_year: 2023
storage_values:
  CAES:
    cost: 70.7994
    lifetime: 26.512
    annual_cost: 2.670466203983102
    efficiency: 0.589316
    discharge_ratio: 0.1
    depth_of_discharge: 0.4
  Li-ion:
    cost: 141.24
    lifetime: 26.5761
    annual_cost: 5.314549538871392
    efficiency: 0.970548
    discharge_ratio: 2
    depth_of_discharge: 0.9
  Pb-acid:
    cost: 54.6749
    lifetime: 14.8785
    annual_cost: 3.674758880263467
    efficiency: 0.775697
    discharge_ratio: 5
    depth_of_discharge: 0.5
  VRBF:
    cost: 316.531
    lifetime: 29.3027
    annual_cost: 10.802110385732373
    efficiency: 0.780488
    discharge_ratio: 0.5
    depth_of_discharge: 1.0
