cost_values:
  wind_capex: 5000.0
  wind_opex: 100
  wind_lifetime: 20
  solar_capex: 1000.0
  solar_opex: 10
  solar_lifetime: 20
  carbon_price: 1.0
timeseries_values:
  load_level: 227013.6450587728
  wind_year: 2016
  solar_year: 2013
  price_year: 2023
  carbon_year: 2023
storage_values:
  CAES:
    cost: 72.3842
    lifetime: 26.8847
    annual_cost: 2.692393815069538
    efficiency: 0.59008
    discharge_ratio: 0.1
    depth_of_discharge: 0.4
  Li-ion:
    cost: 178.945
    lifetime: 25.8663
    annual_cost: 6.918074869617997
    efficiency: 0.973564
    discharge_ratio: 2
    depth_of_discharge: 0.9
  Pb-acid:
    cost: 51.0996
    lifetime: 14.3159
    annual_cost: 3.569429794843496
    efficiency: 0.774901
    discharge_ratio: 5
    depth_of_discharge: 0.5
  VRBF:
    cost: 318.255
    lifetime: 28.6926
    annual_cost: 11.091884318604798
    efficiency: 0.768278
    discharge_ratio: 0.5
    depth_of_discharge: 1.0
