cost_values:
  wind_capex: 5000.0
  wind_opex: 100
  wind_lifetime: 20
  solar_capex: 1000.0
  solar_opex: 10
  solar_lifetime: 20
  carbon_price: 1.0
timeseries_values:
  load_level: 227013.6450587728
  wind_year: 2016
  solar_year: 2013
  price_year: 2023
  carbon_year: 2023
storage_values:
  CAES:
    cost: 61.5639
    lifetime: 27.2125
    annual_cost: 2.262338998621957
    efficiency: 0.588063
    discharge_ratio: 0.1
    depth_of_discharge: 0.4
  Li-ion:
    cost: 149.291
    lifetime: 24.8253
    annual_cost: 6.013663480401043
    efficiency: 0.973936
    discharge_ratio: 2
    depth_of_discharge: 0.9
  Pb-acid:
    cost: 64.7824
    lifetime: 15.0376
    annual_cost: 4.30802787678885
    efficiency: 0.774714
    discharge_ratio: 5
    depth_of_discharge: 0.5
  VRBF:
    cost: 319.724
    lifetime: 28.7332
    annual_cost: 11.127337017805187
    efficiency: 0.760869
    discharge_ratio: 0.5
    depth_of_discharge: 1.0
