cost_values:
  wind_capex: 5000.0
  wind_opex: 100
  wind_lifetime: 20
  solar_capex: 1000.0
  solar_opex: 10
  solar_lifetime: 20
  carbon_price: 1.0
timeseries_values:
  load_level: 227013.6450587728
  wind_year: 2016
  solar_year: 2013
  price_year: 2023
  carbon_year: 2023
storage_values:
  CAES:
    cost: 72.6455
    lifetime: 26.6928
    annual_cost: 2.7215391416411916
    efficiency: 0.57736
    discharge_ratio: 0.1
    depth_of_discharge: 0.4
  Li-ion:
    cost: 134.837
    lifetime: 24.0576
    annual_cost: 5.604756916733173
    efficiency: 0.957735
    discharge_ratio: 2
    depth_of_discharge: 0.9
  Pb-acid:
    cost: 60.8029
    lifetime: 14.842
    annual_cost: 4.096678345236491
    efficiency: 0.792783
    discharge_ratio: 5
    depth_of_discharge: 0.5
  VRBF:
    cost: 286.578
    lifetime: 28.662
    annual_cost: 9.998534645174795
    efficiency: 0.784559
    discharge_ratio: 0.5
    depth_of_discharge: 1.0
