cost_values:
  wind_capex: 5000.0
  wind_opex: 100
  wind_lifetime: 20
  solar_capex: 1000.0
  solar_opex: 10
  solar_lifetime: 20
  carbon_price: 1.0
timeseries_values:
  load_level: 227013.6450587728
  wind_year: 2016
  solar_year: 2013
  price_year: 2023
  carbon_year: 2023
storage_values:
  CAES:
    cost: 64.031
    lifetime: 26.7988
    annual_cost: 2.3893234025404126
    efficiency: 0.580561
    discharge_ratio: 0.1
    depth_of_discharge: 0.4
  Li-ion:
    cost: 152.366
    lifetime: 25.4358
    annual_cost: 5.990218510917684
    efficiency: 0.962314
    discharge_ratio: 2
    depth_of_discharge: 0.9
  Pb-acid:
    cost: 51.0242
    lifetime: 12.9361
    annual_cost: 3.944326342560741
    efficiency: 0.788484
    discharge_ratio: 5
    depth_of_discharge: 0.5
  VRBF:
    cost: 294.227
    lifetime: 29.581
    annual_cost: 9.946485920016226
    efficiency: 0.82912
    discharge_ratio: 0.5
    depth_of_discharge: 1.0
