cost_values:
  wind_capex: 5000.0
  wind_opex: 100
  wind_lifetime: 20
  solar_capex: 1000.0
  solar_opex: 10
  solar_lifetime: 20
  carbon_price: 1.0
timeseries_values:
  load_level: 227013.6450587728
  wind_year: 2016
  solar_year: 2013
  price_year: 2023
  carbon_year: 2023
storage_values:
  CAES:
    cost: 59.3139
    lifetime: 28.7618
    annual_cost: 2.0622457565242787
    efficiency: 0.58066
    discharge_ratio: 0.1
    depth_of_discharge: 0.4
  Li-ion:
    cost: 174.095
    lifetime: 26.6784
    annual_cost: 6.525691195873815
    efficiency: 0.964326
    discharge_ratio: 2
    depth_of_discharge: 0.9
  Pb-acid:
    cost: 56.0163
    lifetime: 15.8048
    annual_cost: 3.544258706215833
    efficiency: 0.777694
    discharge_ratio: 5
    depth_of_discharge: 0.5
  VRBF:
    cost: 276.079
    lifetime: 27.9741
    annual_cost: 9.869093196921439
    efficiency: 0.791481
    discharge_ratio: 0.5
    depth_of_discharge: 1.0
