cost_values:
  wind_capex: 5000.0
  wind_opex: 100
  wind_lifetime: 20
  solar_capex: 1000.0
  solar_opex: 10
  solar_lifetime: 20
  carbon_price: 1.0
timeseries_values:
  load_level: 227013.6450587728
  wind_year: 2016
  solar_year: 2013
  price_year: 2023
  carbon_year: 2023
storage_values:
  CAES:
    cost: 69.604
    lifetime: 26.2683
    annual_cost: 2.649733709452077
    efficiency: 0.585505
    discharge_ratio: 0.1
    depth_of_discharge: 0.4
  Li-ion:
    cost: 163.091
    lifetime: 28.6643
    annual_cost: 5.689690660508019
    efficiency: 0.967084
    discharge_ratio: 2
    depth_of_discharge: 0.9
  Pb-acid:
    cost: 50.6238
    lifetime: 16.1501
    annual_cost: 3.134581210023468
    efficiency: 0.773193
    discharge_ratio: 5
    depth_of_discharge: 0.5
  VRBF:
    cost: 285.724
    lifetime: 28.2328
    annual_cost: 10.120285625230228
    efficiency: 0.789966
    discharge_ratio: 0.5
    depth_of_discharge: 1.0
