cost_values:
  wind_capex: 5000.0
  wind_opex: 100
  wind_lifetime: 20
  solar_capex: 1000.0
  solar_opex: 10
  solar_lifetime: 20
  carbon_price: 1.0
timeseries_values:
  load_level: 227013.6450587728
  wind_year: 2016
  solar_year: 2013
  price_year: 2023
  carbon_year: 2023
storage_values:
  CAES:
    cost: 60.7325
    lifetime: 27.0667
    annual_cost: 2.2438088130433336
    efficiency: 0.578563
    discharge_ratio: 0.1
    depth_of_discharge: 0.4
  Li-ion:
    cost: 155.284
    lifetime: 26.5212
    annual_cost: 5.855089513295024
    efficiency: 0.977538
    discharge_ratio: 2
    depth_of_discharge: 0.9
  Pb-acid:
    cost: 53.7629
    lifetime: 14.5865
    annual_cost: 3.685798512323039
    efficiency: 0.781745
    discharge_ratio: 5
    depth_of_discharge: 0.5
  VRBF:
    cost: 317.314
    lifetime: 29.0512
    annual_cost: 10.922578069064272
    efficiency: 0.790271
    discharge_ratio: 0.5
    depth_of_discharge: 1.0
