cost_values:
  wind_capex: 5000.0
  wind_opex: 100
  wind_lifetime: 20
  solar_capex: 1000.0
  solar_opex: 10
  solar_lifetime: 20
  carbon_price: 1.0
timeseries_values:
  load_level: 227013.6450587728
  wind_year: 2016
  solar_year: 2013
  price_year: 2023
  carbon_year: 2023
storage_values:
  CAES:
    cost: 66.6671
    lifetime: 27.4537
    annual_cost: 2.428346634515566
    efficiency: 0.587763
    discharge_ratio: 0.1
    depth_of_discharge: 0.4
  Li-ion:
    cost: 146.121
    lifetime: 24.6629
    annual_cost: 5.924729046462501
    efficiency: 0.974328
    discharge_ratio: 2
    depth_of_discharge: 0.9
  Pb-acid:
    cost: 50.2467
    lifetime: 14.9964
    annual_cost: 3.3505841401936465
    efficiency: 0.774076
    discharge_ratio: 5
    depth_of_discharge: 0.5
  VRBF:
    cost: 290.989
    lifetime: 28.1668
    annual_cost: 10.33092151043072
    efficiency: 0.788751
    discharge_ratio: 0.5
    depth_of_discharge: 1.0
