cost_values:
  wind_capex: 5000.0
  wind_opex: 100
  wind_lifetime: 20
  solar_capex: 1000.0
  solar_opex: 10
  solar_lifetime: 20
  carbon_price: 1.0
timeseries_values:
  load_level: 227013.6450587728
  wind_year: 2016
  solar_year: 2013
  price_year: 2023
  carbon_year: 2023
storage_values:
  CAES:
    cost: 64.0399
    lifetime: 27.6807
    annual_cost: 2.3135216956218594
    efficiency: 0.587788
    discharge_ratio: 0.1
    depth_of_discharge: 0.4
  Li-ion:
    cost: 161.776
    lifetime: 26.4568
    annual_cost: 6.1147228689788635
    efficiency: 0.967029
    discharge_ratio: 2
    depth_of_discharge: 0.9
  Pb-acid:
    cost: 60.9602
    lifetime: 14.5664
    annual_cost: 4.184987368189807
    efficiency: 0.769189
    discharge_ratio: 5
    depth_of_discharge: 0.5
  VRBF:
    cost: 314.348
    lifetime: 29.9487
    annual_cost: 10.496215194649519
    efficiency: 0.778167
    discharge_ratio: 0.5
    depth_of_discharge: 1.0
