cost_values:
  wind_capex: 5000.0
  wind_opex: 100
  wind_lifetime: 20
  solar_capex: 1000.0
  solar_opex: 10
  solar_lifetime: 20
  carbon_price: 1.0
timeseries_values:
  load_level: 227013.6450587728
  wind_year: 2016
  solar_year: 2013
  price_year: 2023
  carbon_year: 2023
storage_values:
  CAES:
    cost: 68.0409
    lifetime: 27.6814
    annual_cost: 2.4580006791564006
    efficiency: 0.590601
    discharge_ratio: 0.1
    depth_of_discharge: 0.4
  Li-ion:
    cost: 147.207
    lifetime: 25.6598
    annual_cost: 5.736872461983335
    efficiency: 0.973338
    discharge_ratio: 2
    depth_of_discharge: 0.9
  Pb-acid:
    cost: 54.9918
    lifetime: 15.0749
    annual_cost: 3.6479047953883605
    efficiency: 0.771748
    discharge_ratio: 5
    depth_of_discharge: 0.5
  VRBF:
    cost: 327.586
    lifetime: 27.8617
    annual_cost: 11.757574017378696
    efficiency: 0.781811
    discharge_ratio: 0.5
    depth_of_discharge: 1.0
