cost_values:
  wind_capex: 5000.0
  wind_opex: 100
  wind_lifetime: 20
  solar_capex: 1000.0
  solar_opex: 10
  solar_lifetime: 20
  carbon_price: 1.0
timeseries_values:
  load_level: 227013.6450587728
  wind_year: 2016
  solar_year: 2013
  price_year: 2023
  carbon_year: 2023
storage_values:
  CAES:
    cost: 70.657
    lifetime: 27.2897
    annual_cost: 2.589145355207276
    efficiency: 0.580133
    discharge_ratio: 0.1
    depth_of_discharge: 0.4
  Li-ion:
    cost: 138.618
    lifetime: 26.1164
    annual_cost: 5.3076993766369025
    efficiency: 0.95951
    discharge_ratio: 2
    depth_of_discharge: 0.9
  Pb-acid:
    cost: 57.4873
    lifetime: 14.8001
    annual_cost: 3.88425078208931
    efficiency: 0.779665
    discharge_ratio: 5
    depth_of_discharge: 0.5
  VRBF:
    cost: 280.365
    lifetime: 27.0857
    annual_cost: 10.351033940418745
    efficiency: 0.809942
    discharge_ratio: 0.5
    depth_of_discharge: 1.0
