cost_values:
  wind_capex: 5000.0
  wind_opex: 100
  wind_lifetime: 20
  solar_capex: 1000.0
  solar_opex: 10
  solar_lifetime: 20
  carbon_price: 1.0
timeseries_values:
  load_level: 227013.6450587728
  wind_year: 2016
  solar_year: 2013
  price_year: 2023
  carbon_year: 2023
storage_values:
  CAES:
    cost: 74.9244
    lifetime: 27.0512
    annual_cost: 2.7697255574614066
    efficiency: 0.586381
    discharge_ratio: 0.1
    depth_of_discharge: 0.4
  Li-ion:
    cost: 172.695
    lifetime: 25.7983
    annual_cost: 6.694045731695499
    efficiency: 0.954029
    discharge_ratio: 2
    depth_of_discharge: 0.9
  Pb-acid:
    cost: 55.475
    lifetime: 15.4965
    annual_cost: 3.5798406091698127
    efficiency: 0.788625
    discharge_ratio: 5
    depth_of_discharge: 0.5
  VRBF:
    cost: 280.197
    lifetime: 27.3675
    annual_cost: 10.23831186626473
    efficiency: 0.773413
    discharge_ratio: 0.5
    depth_of_discharge: 1.0
