cost_values:
  wind_capex: 5000.0
  wind_opex: 100
  wind_lifetime: 20
  solar_capex: 1000.0
  solar_opex: 10
  solar_lifetime: 20
  carbon_price: 1.0
timeseries_values:
  load_level: 227013.6450587728
  wind_year: 2016
  solar_year: 2013
  price_year: 2023
  carbon_year: 2023
storage_values:
  CAES:
    cost: 67.0036
    lifetime: 27.7981
    annual_cost: 2.410366176105561
    efficiency: 0.583888
    discharge_ratio: 0.1
    depth_of_discharge: 0.4
  Li-ion:
    cost: 155.019
    lifetime: 26.5313
    annual_cost: 5.842872380923664
    efficiency: 0.97719
    discharge_ratio: 2
    depth_of_discharge: 0.9
  Pb-acid:
    cost: 69.9715
    lifetime: 15.831
    annual_cost: 4.419903985850547
    efficiency: 0.771313
    discharge_ratio: 5
    depth_of_discharge: 0.5
  VRBF:
    cost: 302.481
    lifetime: 27.8893
    annual_cost: 10.845772392996597
    efficiency: 0.805787
    discharge_ratio: 0.5
    depth_of_discharge: 1.0
