cost_values:
  wind_capex: 5000.0
  wind_opex: 100
  wind_lifetime: 20
  solar_capex: 1000.0
  solar_opex: 10
  solar_lifetime: 20
  carbon_price: 1.0
timeseries_values:
  load_level: 227013.6450587728
  wind_year: 2016
  solar_year: 2013
  price_year: 2023
  carbon_year: 2023
storage_values:
  CAES:
    cost: 67.7326
    lifetime: 27.2547
    annual_cost: 2.4851713649388913
    efficiency: 0.575873
    discharge_ratio: 0.1
    depth_of_discharge: 0.4
  Li-ion:
    cost: 141.637
    lifetime: 25.2739
    annual_cost: 5.604081681101848
    efficiency: 0.956457
    discharge_ratio: 2
    depth_of_discharge: 0.9
  Pb-acid:
    cost: 54.9569
    lifetime: 15.6313
    annual_cost: 3.5158240197552346
    efficiency: 0.773848
    discharge_ratio: 5
    depth_of_discharge: 0.5
  VRBF:
    cost: 315.458
    lifetime: 28.6754
    annual_cost: 11.000997370568502
    efficiency: 0.773524
    discharge_ratio: 0.5
    depth_of_discharge: 1.0
