cost_values:
  wind_capex: 5000.0
  wind_opex: 100
  wind_lifetime: 20
  solar_capex: 1000.0
  solar_opex: 10
  solar_lifetime: 20
  carbon_price: 1.0
timeseries_values:
  load_level: 227013.6450587728
  wind_year: 2016
  solar_year: 2013
  price_year: 2023
  carbon_year: 2023
storage_values:
  CAES:
    cost: 62.0294
    lifetime: 27.6134
    annual_cost: 2.2463514090984815
    efficiency: 0.576218
    discharge_ratio: 0.1
    depth_of_discharge: 0.4
  Li-ion:
    cost: 148.439
    lifetime: 25.0377
    annual_cost: 5.928619641580496
    efficiency: 0.980739
    discharge_ratio: 2
    depth_of_discharge: 0.9
  Pb-acid:
    cost: 57.0576
    lifetime: 12.8188
    annual_cost: 4.4510874652853625
    efficiency: 0.785824
    discharge_ratio: 5
    depth_of_discharge: 0.5
  VRBF:
    cost: 288.355
    lifetime: 28.3495
    annual_cost: 10.171431594913491
    efficiency: 0.785499
    discharge_ratio: 0.5
    depth_of_discharge: 1.0
