cost_values:
  wind_capex: 5000.0
  wind_opex: 100
  wind_lifetime: 20
  solar_capex: 1000.0
  solar_opex: 10
  solar_lifetime: 20
  carbon_price: 1.0
timeseries_values:
  load_level: 227013.6450587728
  wind_year: 2016
  solar_year: 2013
  price_year: 2023
  carbon_year: 2023
storage_values:
  CAES:
    cost: 67.7513
    lifetime: 26.8561
    annual_cost: 2.522752745186382
    efficiency: 0.585406
    discharge_ratio: 0.1
    depth_of_discharge: 0.4
  Li-ion:
    cost: 174.019
    lifetime: 25.0698
    annual_cost: 6.941379667967036
    efficiency: 0.970844
    discharge_ratio: 2
    depth_of_discharge: 0.9
  Pb-acid:
    cost: 63.546
    lifetime: 16.1055
    annual_cost: 3.945608643010152
    efficiency: 0.76541
    discharge_ratio: 5
    depth_of_discharge: 0.5
  VRBF:
    cost: 298.179
    lifetime: 27.9151
    annual_cost: 10.681638253131817
    efficiency: 0.782941
    discharge_ratio: 0.5
    depth_of_discharge: 1.0
