cost_values:
  wind_capex: 5000.0
  wind_opex: 100
  wind_lifetime: 20
  solar_capex: 1000.0
  solar_opex: 10
  solar_lifetime: 20
  carbon_price: 1.0
timeseries_values:
  load_level: 227013.6450587728
  wind_year: 2016
  solar_year: 2013
  price_year: 2023
  carbon_year: 2023
storage_values:
  CAES:
    cost: 68.3551
    lifetime: 27.1287
    annual_cost: 2.519659991079558
    efficiency: 0.575756
    discharge_ratio: 0.1
    depth_of_discharge: 0.4
  Li-ion:
    cost: 160.41
    lifetime: 24.4874
    annual_cost: 6.5507158783701005
    efficiency: 0.967798
    discharge_ratio: 2
    depth_of_discharge: 0.9
  Pb-acid:
    cost: 56.5998
    lifetime: 15.029
    annual_cost: 3.766038991283519
    efficiency: 0.776487
    discharge_ratio: 5
    depth_of_discharge: 0.5
  VRBF:
    cost: 276.122
    lifetime: 27.5993
    annual_cost: 10.004674031587758
    efficiency: 0.792049
    discharge_ratio: 0.5
    depth_of_discharge: 1.0
