cost_values:
  wind_capex: 5000.0
  wind_opex: 100
  wind_lifetime: 20
  solar_capex: 1000.0
  solar_opex: 10
  solar_lifetime: 20
  carbon_price: 1.0
timeseries_values:
  load_level: 227013.6450587728
  wind_year: 2016
  solar_year: 2013
  price_year: 2023
  carbon_year: 2023
storage_values:
  CAES:
    cost: 70.5721
    lifetime: 27.1519
    annual_cost: 2.599158806566023
    efficiency: 0.592476
    discharge_ratio: 0.1
    depth_of_discharge: 0.4
  Li-ion:
    cost: 135.496
    lifetime: 23.9742
    annual_cost: 5.651742289628017
    efficiency: 0.95981
    discharge_ratio: 2
    depth_of_discharge: 0.9
  Pb-acid:
    cost: 50.0961
    lifetime: 15.4671
    annual_cost: 3.23888123824117
    efficiency: 0.776534
    discharge_ratio: 5
    depth_of_discharge: 0.5
  VRBF:
    cost: 293.729
    lifetime: 29.4069
    annual_cost: 9.988438087659699
    efficiency: 0.799948
    discharge_ratio: 0.5
    depth_of_discharge: 1.0
