cost_values:
  wind_capex: 5000.0
  wind_opex: 100
  wind_lifetime: 20
  solar_capex: 1000.0
  solar_opex: 10
  solar_lifetime: 20
  carbon_price: 1.0
timeseries_values:
  load_level: 227013.6450587728
  wind_year: 2016
  solar_year: 2013
  price_year: 2023
  carbon_year: 2023
storage_values:
  CAES:
    cost: 65.1955
    lifetime: 26.9709
    annual_cost: 2.4172534101568726
    efficiency: 0.580643
    discharge_ratio: 0.1
    depth_of_discharge: 0.4
  Li-ion:
    cost: 145.882
    lifetime: 24.1752
    annual_cost: 6.0343657963532875
    efficiency: 0.96248
    discharge_ratio: 2
    depth_of_discharge: 0.9
  Pb-acid:
    cost: 66.7039
    lifetime: 15.5488
    annual_cost: 4.289970930232559
    efficiency: 0.772405
    discharge_ratio: 5
    depth_of_discharge: 0.5
  VRBF:
    cost: 286.503
    lifetime: 26.7471
    annual_cost: 10.71155377592337
    efficiency: 0.78184
    discharge_ratio: 0.5
    depth_of_discharge: 1.0
