cost_values:
  wind_capex: 5000.0
  wind_opex: 100
  wind_lifetime: 20
  solar_capex: 1000.0
  solar_opex: 10
  solar_lifetime: 20
  carbon_price: 1.0
timeseries_values:
  load_level: 227013.6450587728
  wind_year: 2016
  solar_year: 2013
  price_year: 2023
  carbon_year: 2023
storage_values:
  CAES:
    cost: 67.4148
    lifetime: 27.8846
    annual_cost: 2.4176355407644365
    efficiency: 0.577136
    discharge_ratio: 0.1
    depth_of_discharge: 0.4
  Li-ion:
    cost: 159.663
    lifetime: 24.216
    annual_cost: 6.593285431119921
    efficiency: 0.963368
    discharge_ratio: 2
    depth_of_discharge: 0.9
  Pb-acid:
    cost: 60.0044
    lifetime: 14.9478
    annual_cost: 4.014262968463586
    efficiency: 0.780187
    discharge_ratio: 5
    depth_of_discharge: 0.5
  VRBF:
    cost: 316.252
    lifetime: 26.123
    annual_cost: 12.106266508440838
    efficiency: 0.780443
    discharge_ratio: 0.5
    depth_of_discharge: 1.0
