cost_values:
  wind_capex: 5000.0
  wind_opex: 100
  wind_lifetime: 20
  solar_capex: 1000.0
  solar_opex: 10
  solar_lifetime: 20
  carbon_price: 1.0
timeseries_values:
  load_level: 227013.6450587728
  wind_year: 2016
  solar_year: 2013
  price_year: 2023
  carbon_year: 2023
storage_values:
  CAES:
    cost: 59.4059
    lifetime: 27.8811
    annual_cost: 2.1306870962766893
    efficiency: 0.589288
    discharge_ratio: 0.1
    depth_of_discharge: 0.4
  Li-ion:
    cost: 164.769
    lifetime: 27.5512
    annual_cost: 5.980465460669589
    efficiency: 0.968511
    discharge_ratio: 2
    depth_of_discharge: 0.9
  Pb-acid:
    cost: 53.1772
    lifetime: 14.7753
    annual_cost: 3.5990605943703344
    efficiency: 0.786953
    discharge_ratio: 5
    depth_of_discharge: 0.5
  VRBF:
    cost: 284.542
    lifetime: 28.4502
    annual_cost: 10.001405965511665
    efficiency: 0.793798
    discharge_ratio: 0.5
    depth_of_discharge: 1.0
