cost_values:
  wind_capex: 5000.0
  wind_opex: 100
  wind_lifetime: 20
  solar_capex: 1000.0
  solar_opex: 10
  solar_lifetime: 20
  carbon_price: 1.0
timeseries_values:
  load_level: 227013.6450587728
  wind_year: 2016
  solar_year: 2013
  price_year: 2023
  carbon_year: 2023
storage_values:
  CAES:
    cost: 69.3468
    lifetime: 28.3939
    annual_cost: 2.442313313775142
    efficiency: 0.579837
    discharge_ratio: 0.1
    depth_of_discharge: 0.4
  Li-ion:
    cost: 161.529
    lifetime: 24.4284
    annual_cost: 6.612344648032618
    efficiency: 0.972848
    discharge_ratio: 2
    depth_of_discharge: 0.9
  Pb-acid:
    cost: 57.7669
    lifetime: 14.8291
    annual_cost: 3.8955095049598425
    efficiency: 0.792952
    discharge_ratio: 5
    depth_of_discharge: 0.5
  VRBF:
    cost: 274.726
    lifetime: 29.6488
    annual_cost: 9.266007393216588
    efficiency: 0.802286
    discharge_ratio: 0.5
    depth_of_discharge: 1.0
