cost_values:
  wind_capex: 5000.0
  wind_opex: 100
  wind_lifetime: 20
  solar_capex: 1000.0
  solar_opex: 10
  solar_lifetime: 20
  carbon_price: 1.0
timeseries_values:
  load_level: 227013.6450587728
  wind_year: 2016
  solar_year: 2013
  price_year: 2023
  carbon_year: 2023
storage_values:
  CAES:
    cost: 68.5294
    lifetime: 27.8574
    annual_cost: 2.46000703583249
    efficiency: 0.587209
    discharge_ratio: 0.1
    depth_of_discharge: 0.4
  Li-ion:
    cost: 139.945
    lifetime: 25.3993
    annual_cost: 5.5097975141047195
    efficiency: 0.960178
    discharge_ratio: 2
    depth_of_discharge: 0.9
  Pb-acid:
    cost: 60.0435
    lifetime: 14.0756
    annual_cost: 4.265786183182245
    efficiency: 0.771255
    discharge_ratio: 5
    depth_of_discharge: 0.5
  VRBF:
    cost: 303.132
    lifetime: 27.5058
    annual_cost: 11.020657461335427
    efficiency: 0.794118
    discharge_ratio: 0.5
    depth_of_discharge: 1.0
