cost_values:
  wind_capex: 5000.0
  wind_opex: 100
  wind_lifetime: 20
  solar_capex: 1000.0
  solar_opex: 10
  solar_lifetime: 20
  carbon_price: 1.0
timeseries_values:
  load_level: 227013.6450587728
  wind_year: 2016
  solar_year: 2013
  price_year: 2023
  carbon_year: 2023
storage_values:
  CAES:
    cost: 65.861
    lifetime: 27.3518
    annual_cost: 2.407921964916386
    efficiency: 0.582614
    discharge_ratio: 0.1
    depth_of_discharge: 0.4
  Li-ion:
    cost: 159.82
    lifetime: 26.0737
    annual_cost: 6.1295481653927135
    efficiency: 0.960384
    discharge_ratio: 2
    depth_of_discharge: 0.9
  Pb-acid:
    cost: 66.5322
    lifetime: 15.5938
    annual_cost: 4.266580307558132
    efficiency: 0.759764
    discharge_ratio: 5
    depth_of_discharge: 0.5
  VRBF:
    cost: 309.27
    lifetime: 25.1311
    annual_cost: 12.30626594140328
    efficiency: 0.775453
    discharge_ratio: 0.5
    depth_of_discharge: 1.0
