cost_values:
  wind_capex: 5000.0
  wind_opex: 100
  wind_lifetime: 20
  solar_capex: 1000.0
  solar_opex: 10
  solar_lifetime: 20
  carbon_price: 1.0
timeseries_values:
  load_level: 227013.6450587728
  wind_year: 2016
  solar_year: 2013
  price_year: 2023
  carbon_year: 2023
storage_values:
  CAES:
    cost: 66.937
    lifetime: 28.3629
    annual_cost: 2.3600196030730283
    efficiency: 0.571593
    discharge_ratio: 0.1
    depth_of_discharge: 0.4
  Li-ion:
    cost: 149.177
    lifetime: 27.6112
    annual_cost: 5.402771339166715
    efficiency: 0.960494
    discharge_ratio: 2
    depth_of_discharge: 0.9
  Pb-acid:
    cost: 59.3387
    lifetime: 13.4413
    annual_cost: 4.414654832493881
    efficiency: 0.785906
    discharge_ratio: 5
    depth_of_discharge: 0.5
  VRBF:
    cost: 289.035
    lifetime: 26.5367
    annual_cost: 10.891896882430748
    efficiency: 0.775675
    discharge_ratio: 0.5
    depth_of_discharge: 1.0
