cost_values:
  wind_capex: 5000.0
  wind_opex: 100
  wind_lifetime: 20
  solar_capex: 1000.0
  solar_opex: 10
  solar_lifetime: 20
  carbon_price: 1.0
timeseries_values:
  load_level: 227013.6450587728
  wind_year: 2016
  solar_year: 2013
  price_year: 2023
  carbon_year: 2023
storage_values:
  CAES:
    cost: 70.3867
    lifetime: 26.5803
    annual_cost: 2.6480777116887317
    efficiency: 0.580285
    discharge_ratio: 0.1
    depth_of_discharge: 0.4
  Li-ion:
    cost: 169.176
    lifetime: 25.8715
    annual_cost: 6.539087412790135
    efficiency: 0.96447
    discharge_ratio: 2
    depth_of_discharge: 0.9
  Pb-acid:
    cost: 59.7868
    lifetime: 14.1509
    annual_cost: 4.224946823170257
    efficiency: 0.771635
    discharge_ratio: 5
    depth_of_discharge: 0.5
  VRBF:
    cost: 275.448
    lifetime: 28.5334
    annual_cost: 9.653528846895217
    efficiency: 0.758418
    discharge_ratio: 0.5
    depth_of_discharge: 1.0
