cost_values:
  wind_capex: 5000.0
  wind_opex: 100
  wind_lifetime: 20
  solar_capex: 1000.0
  solar_opex: 10
  solar_lifetime: 20
  carbon_price: 1.0
timeseries_values:
  load_level: 227013.6450587728
  wind_year: 2016
  solar_year: 2013
  price_year: 2023
  carbon_year: 2023
storage_values:
  CAES:
    cost: 62.8445
    lifetime: 27.5581
    annual_cost: 2.2804366048457623
    efficiency: 0.586486
    discharge_ratio: 0.1
    depth_of_discharge: 0.4
  Li-ion:
    cost: 148.33
    lifetime: 25.0281
    annual_cost: 5.926538570646594
    efficiency: 0.961197
    discharge_ratio: 2
    depth_of_discharge: 0.9
  Pb-acid:
    cost: 69.0386
    lifetime: 13.8569
    annual_cost: 4.982254328168638
    efficiency: 0.789316
    discharge_ratio: 5
    depth_of_discharge: 0.5
  VRBF:
    cost: 295.043
    lifetime: 25.8436
    annual_cost: 11.416482223838784
    efficiency: 0.791713
    discharge_ratio: 0.5
    depth_of_discharge: 1.0
