cost_values:
  wind_capex: 5000.0
  wind_opex: 100
  wind_lifetime: 20
  solar_capex: 1000.0
  solar_opex: 10
  solar_lifetime: 20
  carbon_price: 1.0
timeseries_values:
  load_level: 227013.6450587728
  wind_year: 2016
  solar_year: 2013
  price_year: 2023
  carbon_year: 2023
storage_values:
  CAES:
    cost: 58.9375
    lifetime: 27.9621
    annual_cost: 2.1077637230393997
    efficiency: 0.592429
    discharge_ratio: 0.1
    depth_of_discharge: 0.4
  Li-ion:
    cost: 140.512
    lifetime: 24.0285
    annual_cost: 5.847722496202426
    efficiency: 0.967513
    discharge_ratio: 2
    depth_of_discharge: 0.9
  Pb-acid:
    cost: 51.7243
    lifetime: 13.5085
    annual_cost: 3.829018765962172
    efficiency: 0.776547
    discharge_ratio: 5
    depth_of_discharge: 0.5
  VRBF:
    cost: 313.479
    lifetime: 26.0967
    annual_cost: 12.012208440147605
    efficiency: 0.803786
    discharge_ratio: 0.5
    depth_of_discharge: 1.0
