cost_values:
  wind_capex: 5000.0
  wind_opex: 100
  wind_lifetime: 20
  solar_capex: 1000.0
  solar_opex: 10
  solar_lifetime: 20
  carbon_price: 1.0
timeseries_values:
  load_level: 227013.6450587728
  wind_year: 2016
  solar_year: 2013
  price_year: 2023
  carbon_year: 2023
storage_values:
  CAES:
    cost: 68.3741
    lifetime: 27.3009
    annual_cost: 2.504463222824156
    efficiency: 0.57181
    discharge_ratio: 0.1
    depth_of_discharge: 0.4
  Li-ion:
    cost: 119.203
    lifetime: 26.0432
    annual_cost: 4.577125698838853
    efficiency: 0.961694
    discharge_ratio: 2
    depth_of_discharge: 0.9
  Pb-acid:
    cost: 50.488
    lifetime: 14.5451
    annual_cost: 3.471134608906092
    efficiency: 0.772635
    discharge_ratio: 5
    depth_of_discharge: 0.5
  VRBF:
    cost: 301.809
    lifetime: 27.2774
    annual_cost: 11.064434293591033
    efficiency: 0.777423
    discharge_ratio: 0.5
    depth_of_discharge: 1.0
