cost_values:
  wind_capex: 5000.0
  wind_opex: 100
  wind_lifetime: 20
  solar_capex: 1000.0
  solar_opex: 10
  solar_lifetime: 20
  carbon_price: 1.0
timeseries_values:
  load_level: 227013.6450587728
  wind_year: 2016
  solar_year: 2013
  price_year: 2023
  carbon_year: 2023
storage_values:
  CAES:
    cost: 63.7276
    lifetime: 27.3481
    annual_cost: 2.3302386637462935
    efficiency: 0.587566
    discharge_ratio: 0.1
    depth_of_discharge: 0.4
  Li-ion:
    cost: 168.538
    lifetime: 25.7005
    annual_cost: 6.557771249586584
    efficiency: 0.975184
    discharge_ratio: 2
    depth_of_discharge: 0.9
  Pb-acid:
    cost: 60.6652
    lifetime: 14.9937
    annual_cost: 4.046046005989182
    efficiency: 0.774447
    discharge_ratio: 5
    depth_of_discharge: 0.5
  VRBF:
    cost: 295.993
    lifetime: 28.9247
    annual_cost: 10.233226273738362
    efficiency: 0.796308
    discharge_ratio: 0.5
    depth_of_discharge: 1.0
