cost_values:
  wind_capex: 5000.0
  wind_opex: 100
  wind_lifetime: 20
  solar_capex: 1000.0
  solar_opex: 10
  solar_lifetime: 20
  carbon_price: 1.0
timeseries_values:
  load_level: 227013.6450587728
  wind_year: 2016
  solar_year: 2013
  price_year: 2023
  carbon_year: 2023
storage_values:
  CAES:
    cost: 60.9739
    lifetime: 27.273
    annual_cost: 2.2356873097935686
    efficiency: 0.582875
    discharge_ratio: 0.1
    depth_of_discharge: 0.4
  Li-ion:
    cost: 155.854
    lifetime: 24.9746
    annual_cost: 6.240500348353929
    efficiency: 0.972572
    discharge_ratio: 2
    depth_of_discharge: 0.9
  Pb-acid:
    cost: 76.2849
    lifetime: 15.5819
    annual_cost: 4.895738003709432
    efficiency: 0.760834
    discharge_ratio: 5
    depth_of_discharge: 0.5
  VRBF:
    cost: 335.975
    lifetime: 27.0137
    annual_cost: 12.43720778715985
    efficiency: 0.768978
    discharge_ratio: 0.5
    depth_of_discharge: 1.0
