cost_values:
  wind_capex: 5000.0
  wind_opex: 100
  wind_lifetime: 20
  solar_capex: 1000.0
  solar_opex: 10
  solar_lifetime: 20
  carbon_price: 1.0
timeseries_values:
  load_level: 227013.6450587728
  wind_year: 2016
  solar_year: 2013
  price_year: 2023
  carbon_year: 2023
storage_values:
  CAES:
    cost: 72.2886
    lifetime: 28.6339
    annual_cost: 2.524581003635551
    efficiency: 0.581698
    discharge_ratio: 0.1
    depth_of_discharge: 0.4
  Li-ion:
    cost: 173.962
    lifetime: 24.8822
    annual_cost: 6.991423587946403
    efficiency: 0.954772
    discharge_ratio: 2
    depth_of_discharge: 0.9
  Pb-acid:
    cost: 64.5554
    lifetime: 15.2756
    annual_cost: 4.226046767393752
    efficiency: 0.770737
    discharge_ratio: 5
    depth_of_discharge: 0.5
  VRBF:
    cost: 296.976
    lifetime: 28.8132
    annual_cost: 10.306942651284828
    efficiency: 0.769929
    discharge_ratio: 0.5
    depth_of_discharge: 1.0
