cost_values:
  wind_capex: 5000.0
  wind_opex: 100
  wind_lifetime: 20
  solar_capex: 1000.0
  solar_opex: 10
  solar_lifetime: 20
  carbon_price: 1.0
timeseries_values:
  load_level: 227013.6450587728
  wind_year: 2016
  solar_year: 2013
  price_year: 2023
  carbon_year: 2023
storage_values:
  CAES:
    cost: 71.5275
    lifetime: 26.9663
    annual_cost: 2.6524773513607727
    efficiency: 0.574139
    discharge_ratio: 0.1
    depth_of_discharge: 0.4
  Li-ion:
    cost: 157.863
    lifetime: 26.5527
    annual_cost: 5.94527110237377
    efficiency: 0.94712
    discharge_ratio: 2
    depth_of_discharge: 0.9
  Pb-acid:
    cost: 50.2298
    lifetime: 14.6743
    annual_cost: 3.4229775866651218
    efficiency: 0.793174
    discharge_ratio: 5
    depth_of_discharge: 0.5
  VRBF:
    cost: 260.583
    lifetime: 26.6344
    annual_cost: 9.783700777941311
    efficiency: 0.788153
    discharge_ratio: 0.5
    depth_of_discharge: 1.0
