cost_values:
  wind_capex: 5000.0
  wind_opex: 100
  wind_lifetime: 20
  solar_capex: 1000.0
  solar_opex: 10
  solar_lifetime: 20
  carbon_price: 1.0
timeseries_values:
  load_level: 227013.6450587728
  wind_year: 2016
  solar_year: 2013
  price_year: 2023
  carbon_year: 2023
storage_values:
  CAES:
    cost: 62.7044
    lifetime: 27.3465
    annual_cost: 2.2929588795641127
    efficiency: 0.590261
    discharge_ratio: 0.1
    depth_of_discharge: 0.4
  Li-ion:
    cost: 149.679
    lifetime: 25.7877
    annual_cost: 5.804278784071476
    efficiency: 0.968671
    discharge_ratio: 2
    depth_of_discharge: 0.9
  Pb-acid:
    cost: 72.6423
    lifetime: 15.4581
    annual_cost: 4.699303277893144
    efficiency: 0.7818
    discharge_ratio: 5
    depth_of_discharge: 0.5
  VRBF:
    cost: 284.552
    lifetime: 28.588
    annual_cost: 9.953546942773192
    efficiency: 0.799159
    discharge_ratio: 0.5
    depth_of_discharge: 1.0
