cost_values:
  wind_capex: 5000.0
  wind_opex: 100
  wind_lifetime: 20
  solar_capex: 1000.0
  solar_opex: 10
  solar_lifetime: 20
  carbon_price: 1.0
timeseries_values:
  load_level: 227013.6450587728
  wind_year: 2016
  solar_year: 2013
  price_year: 2023
  carbon_year: 2023
storage_values:
  CAES:
    cost: 68.0168
    lifetime: 27.9001
    annual_cost: 2.437869398317569
    efficiency: 0.58205
    discharge_ratio: 0.1
    depth_of_discharge: 0.4
  Li-ion:
    cost: 148.196
    lifetime: 26.1306
    annual_cost: 5.671358483923063
    efficiency: 0.967998
    discharge_ratio: 2
    depth_of_discharge: 0.9
  Pb-acid:
    cost: 59.7559
    lifetime: 15.5336
    annual_cost: 3.846880311067621
    efficiency: 0.790959
    discharge_ratio: 5
    depth_of_discharge: 0.5
  VRBF:
    cost: 323.398
    lifetime: 28.0814
    annual_cost: 11.516448610112032
    efficiency: 0.797463
    discharge_ratio: 0.5
    depth_of_discharge: 1.0
