cost_values:
  wind_capex: 5000.0
  wind_opex: 100
  wind_lifetime: 20
  solar_capex: 1000.0
  solar_opex: 10
  solar_lifetime: 20
  carbon_price: 1.0
timeseries_values:
  load_level: 227013.6450587728
  wind_year: 2016
  solar_year: 2013
  price_year: 2023
  carbon_year: 2023
storage_values:
  CAES:
    cost: 67.8108
    lifetime: 26.4428
    annual_cost: 2.5644334185487168
    efficiency: 0.57407
    discharge_ratio: 0.1
    depth_of_discharge: 0.4
  Li-ion:
    cost: 139.74
    lifetime: 25.7274
    annual_cost: 5.431563236082932
    efficiency: 0.97618
    discharge_ratio: 2
    depth_of_discharge: 0.9
  Pb-acid:
    cost: 59.9153
    lifetime: 13.5665
    annual_cost: 4.416415435079055
    efficiency: 0.766336
    discharge_ratio: 5
    depth_of_discharge: 0.5
  VRBF:
    cost: 289.187
    lifetime: 29.1952
    annual_cost: 9.905292650846715
    efficiency: 0.797135
    discharge_ratio: 0.5
    depth_of_discharge: 1.0
