cost_values:
  wind_capex: 5000.0
  wind_opex: 100
  wind_lifetime: 20
  solar_capex: 1000.0
  solar_opex: 10
  solar_lifetime: 20
  carbon_price: 1.0
timeseries_values:
  load_level: 227013.6450587728
  wind_year: 2016
  solar_year: 2013
  price_year: 2023
  carbon_year: 2023
storage_values:
  CAES:
    cost: 64.4146
    lifetime: 26.3752
    annual_cost: 2.4422411962752886
    efficiency: 0.580103
    discharge_ratio: 0.1
    depth_of_discharge: 0.4
  Li-ion:
    cost: 171.287
    lifetime: 25.5667
    annual_cost: 6.699613168692088
    efficiency: 0.973647
    discharge_ratio: 2
    depth_of_discharge: 0.9
  Pb-acid:
    cost: 54.749
    lifetime: 15.3651
    annual_cost: 3.563204925447931
    efficiency: 0.781741
    discharge_ratio: 5
    depth_of_discharge: 0.5
  VRBF:
    cost: 301.771
    lifetime: 25.9799
    annual_cost: 11.615556641865442
    efficiency: 0.794493
    discharge_ratio: 0.5
    depth_of_discharge: 1.0
