cost_values:
  wind_capex: 5000.0
  wind_opex: 100
  wind_lifetime: 20
  solar_capex: 1000.0
  solar_opex: 10
  solar_lifetime: 20
  carbon_price: 1.0
timeseries_values:
  load_level: 227013.6450587728
  wind_year: 2016
  solar_year: 2013
  price_year: 2023
  carbon_year: 2023
storage_values:
  CAES:
    cost: 64.4647
    lifetime: 27.8997
    annual_cost: 2.310587569041961
    efficiency: 0.582674
    discharge_ratio: 0.1
    depth_of_discharge: 0.4
  Li-ion:
    cost: 158.627
    lifetime: 25.6858
    annual_cost: 6.1756690467106345
    efficiency: 0.97311
    discharge_ratio: 2
    depth_of_discharge: 0.9
  Pb-acid:
    cost: 52.9682
    lifetime: 14.347
    annual_cost: 3.6919355962919083
    efficiency: 0.781112
    discharge_ratio: 5
    depth_of_discharge: 0.5
  VRBF:
    cost: 272.646
    lifetime: 29.0562
    annual_cost: 9.383401821298037
    efficiency: 0.796798
    discharge_ratio: 0.5
    depth_of_discharge: 1.0
