cost_values:
  wind_capex: 5000.0
  wind_opex: 100
  wind_lifetime: 20
  solar_capex: 1000.0
  solar_opex: 10
  solar_lifetime: 20
  carbon_price: 1.0
timeseries_values:
  load_level: 227013.6450587728
  wind_year: 2016
  solar_year: 2013
  price_year: 2023
  carbon_year: 2023
storage_values:
  CAES:
    cost: 65.2526
    lifetime: 26.9018
    annual_cost: 2.425584905099287
    efficiency: 0.584723
    discharge_ratio: 0.1
    depth_of_discharge: 0.4
  Li-ion:
    cost: 179.559
    lifetime: 23.7296
    annual_cost: 7.566878497741217
    efficiency: 0.964143
    discharge_ratio: 2
    depth_of_discharge: 0.9
  Pb-acid:
    cost: 59.711
    lifetime: 15.7402
    annual_cost: 3.7935350249679165
    efficiency: 0.779186
    discharge_ratio: 5
    depth_of_discharge: 0.5
  VRBF:
    cost: 296.997
    lifetime: 27.689
    annual_cost: 10.726172848423563
    efficiency: 0.794758
    discharge_ratio: 0.5
    depth_of_discharge: 1.0
