cost_values:
  wind_capex: 5000.0
  wind_opex: 100
  wind_lifetime: 20
  solar_capex: 1000.0
  solar_opex: 10
  solar_lifetime: 20
  carbon_price: 1.0
timeseries_values:
  load_level: 227013.6450587728
  wind_year: 2016
  solar_year: 2013
  price_year: 2023
  carbon_year: 2023
storage_values:
  CAES:
    cost: 70.6701
    lifetime: 27.9929
    annual_cost: 2.5245723022623596
    efficiency: 0.571206
    discharge_ratio: 0.1
    depth_of_discharge: 0.4
  Li-ion:
    cost: 152.018
    lifetime: 26.3362
    annual_cost: 5.772207076191705
    efficiency: 0.961761
    discharge_ratio: 2
    depth_of_discharge: 0.9
  Pb-acid:
    cost: 53.1768
    lifetime: 14.8754
    annual_cost: 3.5748147948962714
    efficiency: 0.764924
    discharge_ratio: 5
    depth_of_discharge: 0.5
  VRBF:
    cost: 289.637
    lifetime: 26.7442
    annual_cost: 10.829899567008923
    efficiency: 0.772533
    discharge_ratio: 0.5
    depth_of_discharge: 1.0
