cost_values:
  wind_capex: 5000.0
  wind_opex: 100
  wind_lifetime: 20
  solar_capex: 1000.0
  solar_opex: 10
  solar_lifetime: 20
  carbon_price: 1.0
timeseries_values:
  load_level: 227013.6450587728
  wind_year: 2016
  solar_year: 2013
  price_year: 2023
  carbon_year: 2023
storage_values:
  CAES:
    cost: 69.7748
    lifetime: 27.9405
    annual_cost: 2.49726382849269
    efficiency: 0.581233
    discharge_ratio: 0.1
    depth_of_discharge: 0.4
  Li-ion:
    cost: 150.252
    lifetime: 24.5736
    annual_cost: 6.114366637366931
    efficiency: 0.965314
    discharge_ratio: 2
    depth_of_discharge: 0.9
  Pb-acid:
    cost: 62.0983
    lifetime: 13.9238
    annual_cost: 4.459867277610997
    efficiency: 0.792365
    discharge_ratio: 5
    depth_of_discharge: 0.5
  VRBF:
    cost: 288.945
    lifetime: 27.9299
    annual_cost: 10.345364645057805
    efficiency: 0.794238
    discharge_ratio: 0.5
    depth_of_discharge: 1.0
