cost_values:
  wind_capex: 5000.0
  wind_opex: 100
  wind_lifetime: 20
  solar_capex: 1000.0
  solar_opex: 10
  solar_lifetime: 20
  carbon_price: 1.0
timeseries_values:
  load_level: 227013.6450587728
  wind_year: 2016
  solar_year: 2013
  price_year: 2023
  carbon_year: 2023
storage_values:
  CAES:
    cost: 62.1902
    lifetime: 28.5809
    annual_cost: 2.1759356773229674
    efficiency: 0.590404
    discharge_ratio: 0.1
    depth_of_discharge: 0.4
  Li-ion:
    cost: 149.853
    lifetime: 23.7383
    annual_cost: 6.312709840216023
    efficiency: 0.977755
    discharge_ratio: 2
    depth_of_discharge: 0.9
  Pb-acid:
    cost: 51.8558
    lifetime: 14.3341
    annual_cost: 3.6176530092576447
    efficiency: 0.773171
    discharge_ratio: 5
    depth_of_discharge: 0.5
  VRBF:
    cost: 311.638
    lifetime: 28.2712
    annual_cost: 11.023161379778713
    efficiency: 0.768818
    discharge_ratio: 0.5
    depth_of_discharge: 1.0
