cost_values:
  wind_capex: 5000.0
  wind_opex: 100
  wind_lifetime: 20
  solar_capex: 1000.0
  solar_opex: 10
  solar_lifetime: 20
  carbon_price: 1.0
timeseries_values:
  load_level: 227013.6450587728
  wind_year: 2016
  solar_year: 2013
  price_year: 2023
  carbon_year: 2023
storage_values:
  CAES:
    cost: 68.5932
    lifetime: 27.831
    annual_cost: 2.4646329632424275
    efficiency: 0.585208
    discharge_ratio: 0.1
    depth_of_discharge: 0.4
  Li-ion:
    cost: 145.906
    lifetime: 27.9524
    annual_cost: 5.219802235228459
    efficiency: 0.95712
    discharge_ratio: 2
    depth_of_discharge: 0.9
  Pb-acid:
    cost: 62.8808
    lifetime: 14.4396
    annual_cost: 4.354746668882794
    efficiency: 0.773661
    discharge_ratio: 5
    depth_of_discharge: 0.5
  VRBF:
    cost: 289.391
    lifetime: 29.135
    annual_cost: 9.932761283679424
    efficiency: 0.787028
    discharge_ratio: 0.5
    depth_of_discharge: 1.0
