cost_values:
  wind_capex: 5000.0
  wind_opex: 100
  wind_lifetime: 20
  solar_capex: 1000.0
  solar_opex: 10
  solar_lifetime: 20
  carbon_price: 1.0
timeseries_values:
  load_level: 227013.6450587728
  wind_year: 2016
  solar_year: 2013
  price_year: 2023
  carbon_year: 2023
storage_values:
  CAES:
    cost: 60.8793
    lifetime: 26.9398
    annual_cost: 2.2598274671675362
    efficiency: 0.579404
    discharge_ratio: 0.1
    depth_of_discharge: 0.4
  Li-ion:
    cost: 151.814
    lifetime: 27.5833
    annual_cost: 5.503837466873072
    efficiency: 0.973593
    discharge_ratio: 2
    depth_of_discharge: 0.9
  Pb-acid:
    cost: 52.8897
    lifetime: 15.6878
    annual_cost: 3.371390507273168
    efficiency: 0.787462
    discharge_ratio: 5
    depth_of_discharge: 0.5
  VRBF:
    cost: 273.817
    lifetime: 28.9621
    annual_cost: 9.454321337195854
    efficiency: 0.795741
    discharge_ratio: 0.5
    depth_of_discharge: 1.0
