cost_values:
  wind_capex: 5000.0
  wind_opex: 100
  wind_lifetime: 20
  solar_capex: 1000.0
  solar_opex: 10
  solar_lifetime: 20
  carbon_price: 1.0
timeseries_values:
  load_level: 227013.6450587728
  wind_year: 2016
  solar_year: 2013
  price_year: 2023
  carbon_year: 2023
storage_values:
  CAES:
    cost: 63.2683
    lifetime: 26.6653
    annual_cost: 2.3726828499960626
    efficiency: 0.580145
    discharge_ratio: 0.1
    depth_of_discharge: 0.4
  Li-ion:
    cost: 167.562
    lifetime: 29.103
    annual_cost: 5.757550767962066
    efficiency: 0.969308
    discharge_ratio: 2
    depth_of_discharge: 0.9
  Pb-acid:
    cost: 58.2685
    lifetime: 15.4343
    annual_cost: 3.7752602968712545
    efficiency: 0.782641
    discharge_ratio: 5
    depth_of_discharge: 0.5
  VRBF:
    cost: 289.424
    lifetime: 26.0341
    annual_cost: 11.117111788001122
    efficiency: 0.772161
    discharge_ratio: 0.5
    depth_of_discharge: 1.0
