cost_values:
  wind_capex: 5000.0
  wind_opex: 100
  wind_lifetime: 20
  solar_capex: 1000.0
  solar_opex: 10
  solar_lifetime: 20
  carbon_price: 1.0
timeseries_values:
  load_level: 227013.6450587728
  wind_year: 2016
  solar_year: 2013
  price_year: 2023
  carbon_year: 2023
storage_values:
  CAES:
    cost: 58.5963
    lifetime: 27.0209
    annual_cost: 2.1685547113530634
    efficiency: 0.572781
    discharge_ratio: 0.1
    depth_of_discharge: 0.4
  Li-ion:
    cost: 158.371
    lifetime: 25.3421
    annual_cost: 6.249324247003998
    efficiency: 0.963626
    discharge_ratio: 2
    depth_of_discharge: 0.9
  Pb-acid:
    cost: 52.7405
    lifetime: 12.5361
    annual_cost: 4.207089924298626
    efficiency: 0.777829
    discharge_ratio: 5
    depth_of_discharge: 0.5
  VRBF:
    cost: 300.858
    lifetime: 29.1985
    annual_cost: 10.303885473568847
    efficiency: 0.785526
    discharge_ratio: 0.5
    depth_of_discharge: 1.0
