cost_values:
  wind_capex: 5000.0
  wind_opex: 100
  wind_lifetime: 20
  solar_capex: 1000.0
  solar_opex: 10
  solar_lifetime: 20
  carbon_price: 1.0
timeseries_values:
  load_level: 227013.6450587728
  wind_year: 2016
  solar_year: 2013
  price_year: 2023
  carbon_year: 2023
storage_values:
  CAES:
    cost: 63.5473
    lifetime: 26.8557
    annual_cost: 2.3662499953454947
    efficiency: 0.574111
    discharge_ratio: 0.1
    depth_of_discharge: 0.4
  Li-ion:
    cost: 165.502
    lifetime: 25.1928
    annual_cost: 6.569416658727891
    efficiency: 0.961512
    discharge_ratio: 2
    depth_of_discharge: 0.9
  Pb-acid:
    cost: 50.2571
    lifetime: 12.7626
    annual_cost: 3.937841819065081
    efficiency: 0.793323
    discharge_ratio: 5
    depth_of_discharge: 0.5
  VRBF:
    cost: 290.952
    lifetime: 28.0761
    annual_cost: 10.362977764005684
    efficiency: 0.78631
    discharge_ratio: 0.5
    depth_of_discharge: 1.0
