cost_values:
  wind_capex: 5000.0
  wind_opex: 100
  wind_lifetime: 20
  solar_capex: 1000.0
  solar_opex: 10
  solar_lifetime: 20
  carbon_price: 1.0
timeseries_values:
  load_level: 227013.6450587728
  wind_year: 2016
  solar_year: 2013
  price_year: 2023
  carbon_year: 2023
storage_values:
  CAES:
    cost: 68.0371
    lifetime: 27.6809
    annual_cost: 2.4579077992406315
    efficiency: 0.589724
    discharge_ratio: 0.1
    depth_of_discharge: 0.4
  Li-ion:
    cost: 157.607
    lifetime: 27.5127
    annual_cost: 5.728518102549005
    efficiency: 0.960521
    discharge_ratio: 2
    depth_of_discharge: 0.9
  Pb-acid:
    cost: 51.0868
    lifetime: 14.5506
    annual_cost: 3.5109754924195564
    efficiency: 0.777992
    discharge_ratio: 5
    depth_of_discharge: 0.5
  VRBF:
    cost: 288.733
    lifetime: 27.2364
    annual_cost: 10.600997194930313
    efficiency: 0.7832
    discharge_ratio: 0.5
    depth_of_discharge: 1.0
