cost_values:
  wind_capex: 5000.0
  wind_opex: 100
  wind_lifetime: 20
  solar_capex: 1000.0
  solar_opex: 10
  solar_lifetime: 20
  carbon_price: 1.0
timeseries_values:
  load_level: 227013.6450587728
  wind_year: 2016
  solar_year: 2013
  price_year: 2023
  carbon_year: 2023
storage_values:
  CAES:
    cost: 67.048
    lifetime: 27.3797
    annual_cost: 2.4488215721866933
    efficiency: 0.587393
    discharge_ratio: 0.1
    depth_of_discharge: 0.4
  Li-ion:
    cost: 156.362
    lifetime: 26.5058
    annual_cost: 5.899161692912494
    efficiency: 0.975632
    discharge_ratio: 2
    depth_of_discharge: 0.9
  Pb-acid:
    cost: 61.7168
    lifetime: 13.9995
    annual_cost: 4.4085003035822705
    efficiency: 0.773872
    discharge_ratio: 5
    depth_of_discharge: 0.5
  VRBF:
    cost: 329.313
    lifetime: 29.0649
    annual_cost: 11.330264339460998
    efficiency: 0.797342
    discharge_ratio: 0.5
    depth_of_discharge: 1.0
