cost_values:
  wind_capex: 5000.0
  wind_opex: 100
  wind_lifetime: 20
  solar_capex: 1000.0
  solar_opex: 10
  solar_lifetime: 20
  carbon_price: 1.0
timeseries_values:
  load_level: 227013.6450587728
  wind_year: 2016
  solar_year: 2013
  price_year: 2023
  carbon_year: 2023
storage_values:
  CAES:
    cost: 70.5913
    lifetime: 27.2741
    annual_cost: 2.588217393057883
    efficiency: 0.579278
    discharge_ratio: 0.1
    depth_of_discharge: 0.4
  Li-ion:
    cost: 142.787
    lifetime: 26.8241
    annual_cost: 5.323086329084666
    efficiency: 0.958918
    discharge_ratio: 2
    depth_of_discharge: 0.9
  Pb-acid:
    cost: 52.5509
    lifetime: 13.6522
    annual_cost: 3.8492623899444776
    efficiency: 0.780558
    discharge_ratio: 5
    depth_of_discharge: 0.5
  VRBF:
    cost: 310.92
    lifetime: 29.9556
    annual_cost: 10.379361454953331
    efficiency: 0.785639
    discharge_ratio: 0.5
    depth_of_discharge: 1.0
