cost_values:
  wind_capex: 5000.0
  wind_opex: 100
  wind_lifetime: 20
  solar_capex: 1000.0
  solar_opex: 10
  solar_lifetime: 20
  carbon_price: 1.0
timeseries_values:
  load_level: 227013.6450587728
  wind_year: 2016
  solar_year: 2013
  price_year: 2023
  carbon_year: 2023
storage_values:
  CAES:
    cost: 66.4832
    lifetime: 27.9738
    annual_cost: 2.37662384087968
    efficiency: 0.58782
    discharge_ratio: 0.1
    depth_of_discharge: 0.4
  Li-ion:
    cost: 166.688
    lifetime: 25.8412
    annual_cost: 6.450474436171694
    efficiency: 0.95007
    discharge_ratio: 2
    depth_of_discharge: 0.9
  Pb-acid:
    cost: 55.1022
    lifetime: 14.4416
    annual_cost: 3.8155190560602708
    efficiency: 0.769243
    discharge_ratio: 5
    depth_of_discharge: 0.5
  VRBF:
    cost: 287.161
    lifetime: 28.0858
    annual_cost: 10.224419457519458
    efficiency: 0.788465
    discharge_ratio: 0.5
    depth_of_discharge: 1.0
