cost_values:
  wind_capex: 5000.0
  wind_opex: 100
  wind_lifetime: 20
  solar_capex: 1000.0
  solar_opex: 10
  solar_lifetime: 20
  carbon_price: 1.0
timeseries_values:
  load_level: 227013.6450587728
  wind_year: 2016
  solar_year: 2013
  price_year: 2023
  carbon_year: 2023
storage_values:
  CAES:
    cost: 67.7804
    lifetime: 28.0292
    annual_cost: 2.4182067272701326
    efficiency: 0.588136
    discharge_ratio: 0.1
    depth_of_discharge: 0.4
  Li-ion:
    cost: 159.5
    lifetime: 27.8423
    annual_cost: 5.728693390991404
    efficiency: 0.954557
    discharge_ratio: 2
    depth_of_discharge: 0.9
  Pb-acid:
    cost: 50.5639
    lifetime: 15.0296
    annual_cost: 3.364287805397349
    efficiency: 0.78797
    discharge_ratio: 5
    depth_of_discharge: 0.5
  VRBF:
    cost: 313.855
    lifetime: 27.1868
    annual_cost: 11.54438918887107
    efficiency: 0.786227
    discharge_ratio: 0.5
    depth_of_discharge: 1.0
