cost_values:
  wind_capex: 5000.0
  wind_opex: 100
  wind_lifetime: 20
  solar_capex: 1000.0
  solar_opex: 10
  solar_lifetime: 20
  carbon_price: 1.0
timeseries_values:
  load_level: 227013.6450587728
  wind_year: 2016
  solar_year: 2013
  price_year: 2023
  carbon_year: 2023
storage_values:
  CAES:
    cost: 70.9335
    lifetime: 28.2453
    annual_cost: 2.5113381695361703
    efficiency: 0.579582
    discharge_ratio: 0.1
    depth_of_discharge: 0.4
  Li-ion:
    cost: 140.767
    lifetime: 22.3348
    annual_cost: 6.30258609882336
    efficiency: 0.965926
    discharge_ratio: 2
    depth_of_discharge: 0.9
  Pb-acid:
    cost: 55.144
    lifetime: 15.0543
    annual_cost: 3.6630065828367973
    efficiency: 0.785195
    discharge_ratio: 5
    depth_of_discharge: 0.5
  VRBF:
    cost: 284.728
    lifetime: 29.5262
    annual_cost: 9.643232112496698
    efficiency: 0.792435
    discharge_ratio: 0.5
    depth_of_discharge: 1.0
