cost_values:
  wind_capex: 5000.0
  wind_opex: 100
  wind_lifetime: 20
  solar_capex: 1000.0
  solar_opex: 10
  solar_lifetime: 20
  carbon_price: 1.0
timeseries_values:
  load_level: 227013.6450587728
  wind_year: 2016
  solar_year: 2013
  price_year: 2023
  carbon_year: 2023
storage_values:
  CAES:
    cost: 62.6947
    lifetime: 28.2048
    annual_cost: 2.2228379566598595
    efficiency: 0.578499
    discharge_ratio: 0.1
    depth_of_discharge: 0.4
  Li-ion:
    cost: 141.529
    lifetime: 27.0237
    annual_cost: 5.237217701499054
    efficiency: 0.961138
    discharge_ratio: 2
    depth_of_discharge: 0.9
  Pb-acid:
    cost: 60.0909
    lifetime: 15.0023
    annual_cost: 4.005445831639149
    efficiency: 0.787091
    discharge_ratio: 5
    depth_of_discharge: 0.5
  VRBF:
    cost: 259.52
    lifetime: 27.35
    annual_cost: 9.488848263254113
    efficiency: 0.77367
    discharge_ratio: 0.5
    depth_of_discharge: 1.0
