cost_values:
  wind_capex: 5000.0
  wind_opex: 100
  wind_lifetime: 20
  solar_capex: 1000.0
  solar_opex: 10
  solar_lifetime: 20
  carbon_price: 1.0
timeseries_values:
  load_level: 227013.6450587728
  wind_year: 2016
  solar_year: 2013
  price_year: 2023
  carbon_year: 2023
storage_values:
  CAES:
    cost: 67.2648
    lifetime: 27.4466
    annual_cost: 2.450751641369058
    efficiency: 0.586491
    discharge_ratio: 0.1
    depth_of_discharge: 0.4
  Li-ion:
    cost: 129.125
    lifetime: 27.7393
    annual_cost: 4.65494803401672
    efficiency: 0.952832
    discharge_ratio: 2
    depth_of_discharge: 0.9
  Pb-acid:
    cost: 67.7665
    lifetime: 14.8785
    annual_cost: 4.554659407870417
    efficiency: 0.773523
    discharge_ratio: 5
    depth_of_discharge: 0.5
  VRBF:
    cost: 289.569
    lifetime: 26.2065
    annual_cost: 11.049510617594873
    efficiency: 0.782387
    discharge_ratio: 0.5
    depth_of_discharge: 1.0
