cost_values:
  wind_capex: 5000.0
  wind_opex: 100
  wind_lifetime: 20
  solar_capex: 1000.0
  solar_opex: 10
  solar_lifetime: 20
  carbon_price: 1.0
timeseries_values:
  load_level: 227013.6450587728
  wind_year: 2016
  solar_year: 2013
  price_year: 2023
  carbon_year: 2023
storage_values:
  CAES:
    cost: 68.3612
    lifetime: 27.8564
    annual_cost: 2.4540572363980986
    efficiency: 0.585306
    discharge_ratio: 0.1
    depth_of_discharge: 0.4
  Li-ion:
    cost: 167.845
    lifetime: 26.1351
    annual_cost: 6.422206151880038
    efficiency: 0.972665
    discharge_ratio: 2
    depth_of_discharge: 0.9
  Pb-acid:
    cost: 53.7968
    lifetime: 16.3
    annual_cost: 3.30041717791411
    efficiency: 0.780942
    discharge_ratio: 5
    depth_of_discharge: 0.5
  VRBF:
    cost: 307.252
    lifetime: 27.7049
    annual_cost: 11.090168165198214
    efficiency: 0.771941
    discharge_ratio: 0.5
    depth_of_discharge: 1.0
