cost_values:
  wind_capex: 5000.0
  wind_opex: 100
  wind_lifetime: 20
  solar_capex: 1000.0
  solar_opex: 10
  solar_lifetime: 20
  carbon_price: 1.0
timeseries_values:
  load_level: 227013.6450587728
  wind_year: 2016
  solar_year: 2013
  price_year: 2023
  carbon_year: 2023
storage_values:
  CAES:
    cost: 68.6032
    lifetime: 27.8862
    annual_cost: 2.4601128873779863
    efficiency: 0.587704
    discharge_ratio: 0.1
    depth_of_discharge: 0.4
  Li-ion:
    cost: 155.93
    lifetime: 24.7346
    annual_cost: 6.304124586611468
    efficiency: 0.969867
    discharge_ratio: 2
    depth_of_discharge: 0.9
  Pb-acid:
    cost: 60.0955
    lifetime: 14.8457
    annual_cost: 4.048007167058475
    efficiency: 0.77788
    discharge_ratio: 5
    depth_of_discharge: 0.5
  VRBF:
    cost: 289.833
    lifetime: 29.0963
    annual_cost: 9.961163446898748
    efficiency: 0.788462
    discharge_ratio: 0.5
    depth_of_discharge: 1.0
