cost_values:
  wind_capex: 5000.0
  wind_opex: 100
  wind_lifetime: 20
  solar_capex: 1000.0
  solar_opex: 10
  solar_lifetime: 20
  carbon_price: 1.0
timeseries_values:
  load_level: 227013.6450587728
  wind_year: 2016
  solar_year: 2013
  price_year: 2023
  carbon_year: 2023
storage_values:
  CAES:
    cost: 66.0529
    lifetime: 27.2401
    annual_cost: 2.4248405842856666
    efficiency: 0.58779
    discharge_ratio: 0.1
    depth_of_discharge: 0.4
  Li-ion:
    cost: 155.804
    lifetime: 27.2063
    annual_cost: 5.726761816196984
    efficiency: 0.987325
    discharge_ratio: 2
    depth_of_discharge: 0.9
  Pb-acid:
    cost: 61.7929
    lifetime: 15.708
    annual_cost: 3.933848994143112
    efficiency: 0.784097
    discharge_ratio: 5
    depth_of_discharge: 0.5
  VRBF:
    cost: 330.86
    lifetime: 28.0182
    annual_cost: 11.808752882055236
    efficiency: 0.783739
    discharge_ratio: 0.5
    depth_of_discharge: 1.0
