cost_values:
  wind_capex: 5000.0
  wind_opex: 100
  wind_lifetime: 20
  solar_capex: 1000.0
  solar_opex: 10
  solar_lifetime: 20
  carbon_price: 1.0
timeseries_values:
  load_level: 227013.6450587728
  wind_year: 2016
  solar_year: 2013
  price_year: 2023
  carbon_year: 2023
storage_values:
  CAES:
    cost: 69.2547
    lifetime: 28.1045
    annual_cost: 2.464185450728531
    efficiency: 0.573076
    discharge_ratio: 0.1
    depth_of_discharge: 0.4
  Li-ion:
    cost: 148.37
    lifetime: 25.6697
    annual_cost: 5.779966263727275
    efficiency: 0.961883
    discharge_ratio: 2
    depth_of_discharge: 0.9
  Pb-acid:
    cost: 63.1815
    lifetime: 12.5148
    annual_cost: 5.048542525649631
    efficiency: 0.763042
    discharge_ratio: 5
    depth_of_discharge: 0.5
  VRBF:
    cost: 279.564
    lifetime: 29.78
    annual_cost: 9.387642713230356
    efficiency: 0.787326
    discharge_ratio: 0.5
    depth_of_discharge: 1.0
