cost_values:
  wind_capex: 5000.0
  wind_opex: 100
  wind_lifetime: 20
  solar_capex: 1000.0
  solar_opex: 10
  solar_lifetime: 20
  carbon_price: 1.0
timeseries_values:
  load_level: 227013.6450587728
  wind_year: 2016
  solar_year: 2013
  price_year: 2023
  carbon_year: 2023
storage_values:
  CAES:
    cost: 69.6584
    lifetime: 27.8766
    annual_cost: 2.4988126242081172
    efficiency: 0.598679
    discharge_ratio: 0.1
    depth_of_discharge: 0.4
  Li-ion:
    cost: 140.603
    lifetime: 27.5605
    annual_cost: 5.10161281544239
    efficiency: 0.963203
    discharge_ratio: 2
    depth_of_discharge: 0.9
  Pb-acid:
    cost: 58.9979
    lifetime: 14.4927
    annual_cost: 4.070870162219601
    efficiency: 0.772486
    discharge_ratio: 5
    depth_of_discharge: 0.5
  VRBF:
    cost: 299.688
    lifetime: 27.1166
    annual_cost: 11.051828031537877
    efficiency: 0.802939
    discharge_ratio: 0.5
    depth_of_discharge: 1.0
