cost_values:
  wind_capex: 5000.0
  wind_opex: 100
  wind_lifetime: 20
  solar_capex: 1000.0
  solar_opex: 10
  solar_lifetime: 20
  carbon_price: 1.0
timeseries_values:
  load_level: 227013.6450587728
  wind_year: 2016
  solar_year: 2013
  price_year: 2023
  carbon_year: 2023
storage_values:
  CAES:
    cost: 66.0014
    lifetime: 27.3257
    annual_cost: 2.415359899288948
    efficiency: 0.575412
    discharge_ratio: 0.1
    depth_of_discharge: 0.4
  Li-ion:
    cost: 135.648
    lifetime: 27.9462
    annual_cost: 4.853897846576636
    efficiency: 0.970506
    discharge_ratio: 2
    depth_of_discharge: 0.9
  Pb-acid:
    cost: 59.38
    lifetime: 16.8516
    annual_cost: 3.523701013553609
    efficiency: 0.775164
    discharge_ratio: 5
    depth_of_discharge: 0.5
  VRBF:
    cost: 281.312
    lifetime: 26.5005
    annual_cost: 10.615346880247543
    efficiency: 0.789549
    discharge_ratio: 0.5
    depth_of_discharge: 1.0
