cost_values:
  wind_capex: 5000.0
  wind_opex: 100
  wind_lifetime: 20
  solar_capex: 1000.0
  solar_opex: 10
  solar_lifetime: 20
  carbon_price: 1.0
timeseries_values:
  load_level: 227013.6450587728
  wind_year: 2016
  solar_year: 2013
  price_year: 2023
  carbon_year: 2023
storage_values:
  CAES:
    cost: 70.5782
    lifetime: 27.9607
    annual_cost: 2.5241928850136084
    efficiency: 0.574458
    discharge_ratio: 0.1
    depth_of_discharge: 0.4
  Li-ion:
    cost: 164.8
    lifetime: 25.7377
    annual_cost: 6.403058548355137
    efficiency: 0.965736
    discharge_ratio: 2
    depth_of_discharge: 0.9
  Pb-acid:
    cost: 66.5122
    lifetime: 13.6004
    annual_cost: 4.890459104143996
    efficiency: 0.770928
    discharge_ratio: 5
    depth_of_discharge: 0.5
  VRBF:
    cost: 285.683
    lifetime: 27.073
    annual_cost: 10.552321501126583
    efficiency: 0.793716
    discharge_ratio: 0.5
    depth_of_discharge: 1.0
