cost_values:
  wind_capex: 5000.0
  wind_opex: 100
  wind_lifetime: 20
  solar_capex: 1000.0
  solar_opex: 10
  solar_lifetime: 20
  carbon_price: 1.0
timeseries_values:
  load_level: 227013.6450587728
  wind_year: 2016
  solar_year: 2013
  price_year: 2023
  carbon_year: 2023
storage_values:
  CAES:
    cost: 61.028
    lifetime: 26.8358
    annual_cost: 2.2741263536022776
    efficiency: 0.577739
    discharge_ratio: 0.1
    depth_of_discharge: 0.4
  Li-ion:
    cost: 163.726
    lifetime: 25.3728
    annual_cost: 6.452815613570437
    efficiency: 0.960202
    discharge_ratio: 2
    depth_of_discharge: 0.9
  Pb-acid:
    cost: 51.475
    lifetime: 15.6779
    annual_cost: 3.2832841133059913
    efficiency: 0.785331
    discharge_ratio: 5
    depth_of_discharge: 0.5
  VRBF:
    cost: 297.989
    lifetime: 29.8091
    annual_cost: 9.99657822611216
    efficiency: 0.802891
    discharge_ratio: 0.5
    depth_of_discharge: 1.0
