cost_values:
  wind_capex: 5000.0
  wind_opex: 100
  wind_lifetime: 20
  solar_capex: 1000.0
  solar_opex: 10
  solar_lifetime: 20
  carbon_price: 1.0
timeseries_values:
  load_level: 227013.6450587728
  wind_year: 2016
  solar_year: 2013
  price_year: 2023
  carbon_year: 2023
storage_values:
  CAES:
    cost: 62.1228
    lifetime: 27.2875
    annual_cost: 2.276602840128264
    efficiency: 0.583103
    discharge_ratio: 0.1
    depth_of_discharge: 0.4
  Li-ion:
    cost: 166.574
    lifetime: 27.7586
    annual_cost: 6.000806957123198
    efficiency: 0.967045
    discharge_ratio: 2
    depth_of_discharge: 0.9
  Pb-acid:
    cost: 71.4651
    lifetime: 14.3726
    annual_cost: 4.972315377871785
    efficiency: 0.785776
    discharge_ratio: 5
    depth_of_discharge: 0.5
  VRBF:
    cost: 312.171
    lifetime: 27.2431
    annual_cost: 11.458717987306878
    efficiency: 0.79466
    discharge_ratio: 0.5
    depth_of_discharge: 1.0
