cost_values:
  wind_capex: 5000.0
  wind_opex: 100
  wind_lifetime: 20
  solar_capex: 1000.0
  solar_opex: 10
  solar_lifetime: 20
  carbon_price: 1.0
timeseries_values:
  load_level: 227013.6450587728
  wind_year: 2016
  solar_year: 2013
  price_year: 2023
  carbon_year: 2023
storage_values:
  CAES:
    cost: 65.0662
    lifetime: 27.1417
    annual_cost: 2.3972779892195404
    efficiency: 0.581986
    discharge_ratio: 0.1
    depth_of_discharge: 0.4
  Li-ion:
    cost: 143.88
    lifetime: 24.0853
    annual_cost: 5.973768232075166
    efficiency: 0.976576
    discharge_ratio: 2
    depth_of_discharge: 0.9
  Pb-acid:
    cost: 68.8652
    lifetime: 14.042
    annual_cost: 4.904230166642929
    efficiency: 0.783699
    discharge_ratio: 5
    depth_of_discharge: 0.5
  VRBF:
    cost: 302.533
    lifetime: 27.6449
    annual_cost: 10.943537506013769
    efficiency: 0.809188
    discharge_ratio: 0.5
    depth_of_discharge: 1.0
