cost_values:
  wind_capex: 5000.0
  wind_opex: 100
  wind_lifetime: 20
  solar_capex: 1000.0
  solar_opex: 10
  solar_lifetime: 20
  carbon_price: 1.0
timeseries_values:
  load_level: 217621.60989347665
  wind_year: 2014
  solar_year: 2019
  price_year: 2023
  carbon_year: 2023
storage_values:
  CAES:
    cost: 71.1607
    lifetime: 27.7169
    annual_cost: 2.5674119400077213
    efficiency: 0.615317
    discharge_ratio: 0.1
    depth_of_discharge: 0.4
  Li-ion:
    cost: 162.296
    lifetime: 14.8334
    annual_cost: 10.941254196610352
    efficiency: 0.87761
    discharge_ratio: 2
    depth_of_discharge: 0.9
  Pb-acid:
    cost: 94.1345
    lifetime: 12.9399
    annual_cost: 7.27474710005487
    efficiency: 0.748855
    discharge_ratio: 5
    depth_of_discharge: 0.5
  VRBF:
    cost: 314.197
    lifetime: 17.4909
    annual_cost: 17.963455282461165
    efficiency: 0.828441
    discharge_ratio: 0.5
    depth_of_discharge: 1.0
