cost_values:
  wind_capex: 5000.0
  wind_opex: 100
  wind_lifetime: 20
  solar_capex: 1000.0
  solar_opex: 10
  solar_lifetime: 20
  carbon_price: 1.0
timeseries_values:
  load_level: 217621.60989347665
  wind_year: 2014
  solar_year: 2019
  price_year: 2023
  carbon_year: 2023
storage_values:
  CAES:
    cost: 78.8893
    lifetime: 27.2272
    annual_cost: 2.897444467297409
    efficiency: 0.621541
    discharge_ratio: 0.1
    depth_of_discharge: 0.4
  Li-ion:
    cost: 171.055
    lifetime: 14.5173
    annual_cost: 11.782838406590757
    efficiency: 0.900359
    discharge_ratio: 2
    depth_of_discharge: 0.9
  Pb-acid:
    cost: 105.157
    lifetime: 12.6151
    annual_cost: 8.335803917527407
    efficiency: 0.763495
    discharge_ratio: 5
    depth_of_discharge: 0.5
  VRBF:
    cost: 248.642
    lifetime: 17.3667
    annual_cost: 14.317170216563882
    efficiency: 0.84958
    discharge_ratio: 0.5
    depth_of_discharge: 1.0
