cost_values:
  wind_capex: 5000.0
  wind_opex: 100
  wind_lifetime: 20
  solar_capex: 1000.0
  solar_opex: 10
  solar_lifetime: 20
  carbon_price: 1.0
timeseries_values:
  load_level: 217621.60989347665
  wind_year: 2014
  solar_year: 2019
  price_year: 2023
  carbon_year: 2023
storage_values:
  CAES:
    cost: 70.5946
    lifetime: 27.5847
    annual_cost: 2.559194045974761
    efficiency: 0.608071
    discharge_ratio: 0.1
    depth_of_discharge: 0.4
  Li-ion:
    cost: 180.369
    lifetime: 14.3421
    annual_cost: 12.576191771079548
    efficiency: 0.887275
    discharge_ratio: 2
    depth_of_discharge: 0.9
  Pb-acid:
    cost: 129.033
    lifetime: 14.0712
    annual_cost: 9.170006822445846
    efficiency: 0.757165
    discharge_ratio: 5
    depth_of_discharge: 0.5
  VRBF:
    cost: 336.375
    lifetime: 16.5213
    annual_cost: 20.36008062319551
    efficiency: 0.814319
    discharge_ratio: 0.5
    depth_of_discharge: 1.0
