cost_values:
  wind_capex: 5000.0
  wind_opex: 100
  wind_lifetime: 20
  solar_capex: 1000.0
  solar_opex: 10
  solar_lifetime: 20
  carbon_price: 1.0
timeseries_values:
  load_level: 217621.60989347665
  wind_year: 2014
  solar_year: 2019
  price_year: 2023
  carbon_year: 2023
storage_values:
  CAES:
    cost: 68.8632
    lifetime: 27.1723
    annual_cost: 2.5343161970094545
    efficiency: 0.613265
    discharge_ratio: 0.1
    depth_of_discharge: 0.4
  Li-ion:
    cost: 183.296
    lifetime: 13.0383
    annual_cost: 14.058274468297247
    efficiency: 0.899451
    discharge_ratio: 2
    depth_of_discharge: 0.9
  Pb-acid:
    cost: 126.128
    lifetime: 14.6952
    annual_cost: 8.582938646632915
    efficiency: 0.74699
    discharge_ratio: 5
    depth_of_discharge: 0.5
  VRBF:
    cost: 271.372
    lifetime: 17.2577
    annual_cost: 15.724691007492309
    efficiency: 0.823666
    discharge_ratio: 0.5
    depth_of_discharge: 1.0
