cost_values:
  wind_capex: 5000.0
  wind_opex: 100
  wind_lifetime: 20
  solar_capex: 1000.0
  solar_opex: 10
  solar_lifetime: 20
  carbon_price: 1.0
timeseries_values:
  load_level: 217621.60989347665
  wind_year: 2014
  solar_year: 2019
  price_year: 2023
  carbon_year: 2023
storage_values:
  CAES:
    cost: 70.4062
    lifetime: 26.3953
    annual_cost: 2.667376388978341
    efficiency: 0.62342
    discharge_ratio: 0.1
    depth_of_discharge: 0.4
  Li-ion:
    cost: 202.325
    lifetime: 14.5284
    annual_cost: 13.926172186889128
    efficiency: 0.882436
    discharge_ratio: 2
    depth_of_discharge: 0.9
  Pb-acid:
    cost: 116.448
    lifetime: 15.0159
    annual_cost: 7.754979721495214
    efficiency: 0.742939
    discharge_ratio: 5
    depth_of_discharge: 0.5
  VRBF:
    cost: 315.143
    lifetime: 17.1189
    annual_cost: 18.409068339671357
    efficiency: 0.840607
    discharge_ratio: 0.5
    depth_of_discharge: 1.0
