cost_values:
  wind_capex: 5000.0
  wind_opex: 100
  wind_lifetime: 20
  solar_capex: 1000.0
  solar_opex: 10
  solar_lifetime: 20
  carbon_price: 1.0
timeseries_values:
  load_level: 217621.60989347665
  wind_year: 2014
  solar_year: 2019
  price_year: 2023
  carbon_year: 2023
storage_values:
  CAES:
    cost: 73.2404
    lifetime: 27.3121
    annual_cost: 2.681609982388758
    efficiency: 0.616969
    discharge_ratio: 0.1
    depth_of_discharge: 0.4
  Li-ion:
    cost: 158.896
    lifetime: 15.3059
    annual_cost: 10.38135620904357
    efficiency: 0.876443
    discharge_ratio: 2
    depth_of_discharge: 0.9
  Pb-acid:
    cost: 140.83
    lifetime: 13.736
    annual_cost: 10.252620850320326
    efficiency: 0.763048
    discharge_ratio: 5
    depth_of_discharge: 0.5
  VRBF:
    cost: 294.156
    lifetime: 17.3838
    annual_cost: 16.92127152866462
    efficiency: 0.822938
    discharge_ratio: 0.5
    depth_of_discharge: 1.0
