cost_values:
  wind_capex: 5000.0
  wind_opex: 100
  wind_lifetime: 20
  solar_capex: 1000.0
  solar_opex: 10
  solar_lifetime: 20
  carbon_price: 1.0
timeseries_values:
  load_level: 217621.60989347665
  wind_year: 2014
  solar_year: 2019
  price_year: 2023
  carbon_year: 2023
storage_values:
  CAES:
    cost: 72.8357
    lifetime: 27.2708
    annual_cost: 2.6708310720624255
    efficiency: 0.618291
    discharge_ratio: 0.1
    depth_of_discharge: 0.4
  Li-ion:
    cost: 174.563
    lifetime: 12.612
    annual_cost: 13.841024421186171
    efficiency: 0.895518
    discharge_ratio: 2
    depth_of_discharge: 0.9
  Pb-acid:
    cost: 114.386
    lifetime: 13.9811
    annual_cost: 8.181473560735565
    efficiency: 0.75922
    discharge_ratio: 5
    depth_of_discharge: 0.5
  VRBF:
    cost: 271.854
    lifetime: 18.7563
    annual_cost: 14.494010012635753
    efficiency: 0.831953
    discharge_ratio: 0.5
    depth_of_discharge: 1.0
