cost_values:
  wind_capex: 5000.0
  wind_opex: 100
  wind_lifetime: 20
  solar_capex: 1000.0
  solar_opex: 10
  solar_lifetime: 20
  carbon_price: 1.0
timeseries_values:
  load_level: 217621.60989347665
  wind_year: 2014
  solar_year: 2019
  price_year: 2023
  carbon_year: 2023
storage_values:
  CAES:
    cost: 69.9485
    lifetime: 27.0362
    annual_cost: 2.5872163987542627
    efficiency: 0.618736
    discharge_ratio: 0.1
    depth_of_discharge: 0.4
  Li-ion:
    cost: 187.46
    lifetime: 13.5356
    annual_cost: 13.849404533230887
    efficiency: 0.885353
    discharge_ratio: 2
    depth_of_discharge: 0.9
  Pb-acid:
    cost: 97.5756
    lifetime: 12.8613
    annual_cost: 7.586760280842527
    efficiency: 0.759789
    discharge_ratio: 5
    depth_of_discharge: 0.5
  VRBF:
    cost: 289.815
    lifetime: 18.0956
    annual_cost: 16.01577178982736
    efficiency: 0.833691
    discharge_ratio: 0.5
    depth_of_discharge: 1.0
