cost_values:
  wind_capex: 5000.0
  wind_opex: 100
  wind_lifetime: 20
  solar_capex: 1000.0
  solar_opex: 10
  solar_lifetime: 20
  carbon_price: 1.0
timeseries_values:
  load_level: 217621.60989347665
  wind_year: 2014
  solar_year: 2019
  price_year: 2023
  carbon_year: 2023
storage_values:
  CAES:
    cost: 73.1122
    lifetime: 26.2167
    annual_cost: 2.7887644135226783
    efficiency: 0.60949
    discharge_ratio: 0.1
    depth_of_discharge: 0.4
  Li-ion:
    cost: 192.746
    lifetime: 12.2343
    annual_cost: 15.754558904064803
    efficiency: 0.888509
    discharge_ratio: 2
    depth_of_discharge: 0.9
  Pb-acid:
    cost: 116.621
    lifetime: 14.2401
    annual_cost: 8.189619454919558
    efficiency: 0.758893
    discharge_ratio: 5
    depth_of_discharge: 0.5
  VRBF:
    cost: 310.8
    lifetime: 15.2439
    annual_cost: 20.388483262157322
    efficiency: 0.8418
    discharge_ratio: 0.5
    depth_of_discharge: 1.0
