cost_values:
  wind_capex: 5000.0
  wind_opex: 100
  wind_lifetime: 20
  solar_capex: 1000.0
  solar_opex: 10
  solar_lifetime: 20
  carbon_price: 1.0
timeseries_values:
  load_level: 217621.60989347665
  wind_year: 2014
  solar_year: 2019
  price_year: 2023
  carbon_year: 2023
storage_values:
  CAES:
    cost: 69.9453
    lifetime: 25.7948
    annual_cost: 2.7116046645060248
    efficiency: 0.598082
    discharge_ratio: 0.1
    depth_of_discharge: 0.4
  Li-ion:
    cost: 181.821
    lifetime: 13.6971
    annual_cost: 13.274415752239525
    efficiency: 0.888877
    discharge_ratio: 2
    depth_of_discharge: 0.9
  Pb-acid:
    cost: 125.392
    lifetime: 14.6902
    annual_cost: 8.535758532899484
    efficiency: 0.75909
    discharge_ratio: 5
    depth_of_discharge: 0.5
  VRBF:
    cost: 314.056
    lifetime: 17.2632
    annual_cost: 18.192223921405066
    efficiency: 0.830747
    discharge_ratio: 0.5
    depth_of_discharge: 1.0
