cost_values:
  wind_capex: 5000.0
  wind_opex: 100
  wind_lifetime: 20
  solar_capex: 1000.0
  solar_opex: 10
  solar_lifetime: 20
  carbon_price: 1.0
timeseries_values:
  load_level: 217621.60989347665
  wind_year: 2014
  solar_year: 2019
  price_year: 2023
  carbon_year: 2023
storage_values:
  CAES:
    cost: 71.3475
    lifetime: 27.8024
    annual_cost: 2.566235289039795
    efficiency: 0.612805
    discharge_ratio: 0.1
    depth_of_discharge: 0.4
  Li-ion:
    cost: 168.893
    lifetime: 15.5887
    annual_cost: 10.834322297561696
    efficiency: 0.883824
    discharge_ratio: 2
    depth_of_discharge: 0.9
  Pb-acid:
    cost: 111.561
    lifetime: 12.2316
    annual_cost: 9.120720102030806
    efficiency: 0.74315
    discharge_ratio: 5
    depth_of_discharge: 0.5
  VRBF:
    cost: 303.458
    lifetime: 17.0747
    annual_cost: 17.77237667426075
    efficiency: 0.846371
    discharge_ratio: 0.5
    depth_of_discharge: 1.0
