cost_values:
  wind_capex: 5000.0
  wind_opex: 100
  wind_lifetime: 20
  solar_capex: 1000.0
  solar_opex: 10
  solar_lifetime: 20
  carbon_price: 1.0
timeseries_values:
  load_level: 217621.60989347665
  wind_year: 2014
  solar_year: 2019
  price_year: 2023
  carbon_year: 2023
storage_values:
  CAES:
    cost: 77.3957
    lifetime: 27.5981
    annual_cost: 2.8043850844804536
    efficiency: 0.616355
    discharge_ratio: 0.1
    depth_of_discharge: 0.4
  Li-ion:
    cost: 167.069
    lifetime: 15.3889
    annual_cost: 10.856461475479078
    efficiency: 0.884304
    discharge_ratio: 2
    depth_of_discharge: 0.9
  Pb-acid:
    cost: 128.728
    lifetime: 13.8271
    annual_cost: 9.309833587664803
    efficiency: 0.777759
    discharge_ratio: 5
    depth_of_discharge: 0.5
  VRBF:
    cost: 283.952
    lifetime: 17.7309
    annual_cost: 16.01452830933568
    efficiency: 0.848081
    discharge_ratio: 0.5
    depth_of_discharge: 1.0
