cost_values:
  wind_capex: 5000.0
  wind_opex: 100
  wind_lifetime: 20
  solar_capex: 1000.0
  solar_opex: 10
  solar_lifetime: 20
  carbon_price: 1.0
timeseries_values:
  load_level: 217621.60989347665
  wind_year: 2014
  solar_year: 2019
  price_year: 2023
  carbon_year: 2023
storage_values:
  CAES:
    cost: 78.186
    lifetime: 26.4263
    annual_cost: 2.958643472601159
    efficiency: 0.617469
    discharge_ratio: 0.1
    depth_of_discharge: 0.4
  Li-ion:
    cost: 180.38
    lifetime: 15.139
    annual_cost: 11.914921725345135
    efficiency: 0.883597
    discharge_ratio: 2
    depth_of_discharge: 0.9
  Pb-acid:
    cost: 97.7353
    lifetime: 13.6849
    annual_cost: 7.141835161382253
    efficiency: 0.729912
    discharge_ratio: 5
    depth_of_discharge: 0.5
  VRBF:
    cost: 317.111
    lifetime: 16.0179
    annual_cost: 19.797289282615072
    efficiency: 0.828949
    discharge_ratio: 0.5
    depth_of_discharge: 1.0
