cost_values:
  wind_capex: 5000.0
  wind_opex: 100
  wind_lifetime: 20
  solar_capex: 1000.0
  solar_opex: 10
  solar_lifetime: 20
  carbon_price: 1.0
timeseries_values:
  load_level: 217621.60989347665
  wind_year: 2014
  solar_year: 2019
  price_year: 2023
  carbon_year: 2023
storage_values:
  CAES:
    cost: 75.5893
    lifetime: 28.1193
    annual_cost: 2.6881643568652134
    efficiency: 0.614551
    discharge_ratio: 0.1
    depth_of_discharge: 0.4
  Li-ion:
    cost: 182.208
    lifetime: 12.562
    annual_cost: 14.504696704346442
    efficiency: 0.890482
    discharge_ratio: 2
    depth_of_discharge: 0.9
  Pb-acid:
    cost: 136.778
    lifetime: 15.7734
    annual_cost: 8.671434186668694
    efficiency: 0.750244
    discharge_ratio: 5
    depth_of_discharge: 0.5
  VRBF:
    cost: 322.246
    lifetime: 17.0239
    annual_cost: 18.929035062470994
    efficiency: 0.842161
    discharge_ratio: 0.5
    depth_of_discharge: 1.0
