cost_values:
  wind_capex: 5000.0
  wind_opex: 100
  wind_lifetime: 20
  solar_capex: 1000.0
  solar_opex: 10
  solar_lifetime: 20
  carbon_price: 1.0
timeseries_values:
  load_level: 217621.60989347665
  wind_year: 2014
  solar_year: 2019
  price_year: 2023
  carbon_year: 2023
storage_values:
  CAES:
    cost: 70.3327
    lifetime: 27.612
    annual_cost: 2.547178762856729
    efficiency: 0.621661
    discharge_ratio: 0.1
    depth_of_discharge: 0.4
  Li-ion:
    cost: 159.313
    lifetime: 13.2763
    annual_cost: 11.999804162304255
    efficiency: 0.876867
    discharge_ratio: 2
    depth_of_discharge: 0.9
  Pb-acid:
    cost: 114.521
    lifetime: 13.8441
    annual_cost: 8.27218815235371
    efficiency: 0.752397
    discharge_ratio: 5
    depth_of_discharge: 0.5
  VRBF:
    cost: 295.679
    lifetime: 17.7653
    annual_cost: 16.643625494644052
    efficiency: 0.837905
    discharge_ratio: 0.5
    depth_of_discharge: 1.0
