cost_values:
  wind_capex: 5000.0
  wind_opex: 100
  wind_lifetime: 20
  solar_capex: 1000.0
  solar_opex: 10
  solar_lifetime: 20
  carbon_price: 1.0
timeseries_values:
  load_level: 217621.60989347665
  wind_year: 2014
  solar_year: 2019
  price_year: 2023
  carbon_year: 2023
storage_values:
  CAES:
    cost: 76.2067
    lifetime: 28.1359
    annual_cost: 2.7085218528641346
    efficiency: 0.610752
    discharge_ratio: 0.1
    depth_of_discharge: 0.4
  Li-ion:
    cost: 168.951
    lifetime: 14.4667
    annual_cost: 11.678613643747365
    efficiency: 0.885653
    discharge_ratio: 2
    depth_of_discharge: 0.9
  Pb-acid:
    cost: 119.505
    lifetime: 13.248
    annual_cost: 9.02060688405797
    efficiency: 0.756003
    discharge_ratio: 5
    depth_of_discharge: 0.5
  VRBF:
    cost: 302.884
    lifetime: 18.3704
    annual_cost: 16.487610503854025
    efficiency: 0.819695
    discharge_ratio: 0.5
    depth_of_discharge: 1.0
