cost_values:
  wind_capex: 5000.0
  wind_opex: 100
  wind_lifetime: 20
  solar_capex: 1000.0
  solar_opex: 10
  solar_lifetime: 20
  carbon_price: 1.0
timeseries_values:
  load_level: 217621.60989347665
  wind_year: 2014
  solar_year: 2019
  price_year: 2023
  carbon_year: 2023
storage_values:
  CAES:
    cost: 70.9007
    lifetime: 27.0234
    annual_cost: 2.623677997587276
    efficiency: 0.619164
    discharge_ratio: 0.1
    depth_of_discharge: 0.4
  Li-ion:
    cost: 195.756
    lifetime: 14.7735
    annual_cost: 13.250482282465224
    efficiency: 0.899338
    discharge_ratio: 2
    depth_of_discharge: 0.9
  Pb-acid:
    cost: 130.087
    lifetime: 13.0666
    annual_cost: 9.955688549431374
    efficiency: 0.770525
    discharge_ratio: 5
    depth_of_discharge: 0.5
  VRBF:
    cost: 311.623
    lifetime: 17.6403
    annual_cost: 17.66540251583023
    efficiency: 0.836326
    discharge_ratio: 0.5
    depth_of_discharge: 1.0
