cost_values:
  wind_capex: 5000.0
  wind_opex: 100
  wind_lifetime: 20
  solar_capex: 1000.0
  solar_opex: 10
  solar_lifetime: 20
  carbon_price: 1.0
timeseries_values:
  load_level: 217621.60989347665
  wind_year: 2014
  solar_year: 2019
  price_year: 2023
  carbon_year: 2023
storage_values:
  CAES:
    cost: 69.6717
    lifetime: 27.5738
    annual_cost: 2.526735524302055
    efficiency: 0.61999
    discharge_ratio: 0.1
    depth_of_discharge: 0.4
  Li-ion:
    cost: 169.431
    lifetime: 14.7457
    annual_cost: 11.490197142217733
    efficiency: 0.874897
    discharge_ratio: 2
    depth_of_discharge: 0.9
  Pb-acid:
    cost: 118.062
    lifetime: 14.4703
    annual_cost: 8.158918612606511
    efficiency: 0.757635
    discharge_ratio: 5
    depth_of_discharge: 0.5
  VRBF:
    cost: 286.177
    lifetime: 16.2186
    annual_cost: 17.64498785345221
    efficiency: 0.821914
    discharge_ratio: 0.5
    depth_of_discharge: 1.0
