cost_values:
  wind_capex: 5000.0
  wind_opex: 100
  wind_lifetime: 20
  solar_capex: 1000.0
  solar_opex: 10
  solar_lifetime: 20
  carbon_price: 1.0
timeseries_values:
  load_level: 217621.60989347665
  wind_year: 2014
  solar_year: 2019
  price_year: 2023
  carbon_year: 2023
storage_values:
  CAES:
    cost: 71.3026
    lifetime: 27.7467
    annual_cost: 2.5697686571736456
    efficiency: 0.619163
    discharge_ratio: 0.1
    depth_of_discharge: 0.4
  Li-ion:
    cost: 184.362
    lifetime: 13.4864
    annual_cost: 13.670215921224344
    efficiency: 0.879613
    discharge_ratio: 2
    depth_of_discharge: 0.9
  Pb-acid:
    cost: 103.443
    lifetime: 14.2743
    annual_cost: 7.24680019335449
    efficiency: 0.773637
    discharge_ratio: 5
    depth_of_discharge: 0.5
  VRBF:
    cost: 329.177
    lifetime: 17.7816
    annual_cost: 18.512226121383904
    efficiency: 0.812813
    discharge_ratio: 0.5
    depth_of_discharge: 1.0
