cost_values:
  wind_capex: 5000.0
  wind_opex: 100
  wind_lifetime: 20
  solar_capex: 1000.0
  solar_opex: 10
  solar_lifetime: 20
  carbon_price: 1.0
timeseries_values:
  load_level: 217621.60989347665
  wind_year: 2014
  solar_year: 2019
  price_year: 2023
  carbon_year: 2023
storage_values:
  CAES:
    cost: 68.1878
    lifetime: 26.8659
    annual_cost: 2.538079870765543
    efficiency: 0.623765
    discharge_ratio: 0.1
    depth_of_discharge: 0.4
  Li-ion:
    cost: 179.151
    lifetime: 12.7264
    annual_cost: 14.077115287905457
    efficiency: 0.86839
    discharge_ratio: 2
    depth_of_discharge: 0.9
  Pb-acid:
    cost: 113.406
    lifetime: 12.8666
    annual_cost: 8.813983492142446
    efficiency: 0.772781
    discharge_ratio: 5
    depth_of_discharge: 0.5
  VRBF:
    cost: 308.93
    lifetime: 18.0531
    annual_cost: 17.112296503093653
    efficiency: 0.830138
    discharge_ratio: 0.5
    depth_of_discharge: 1.0
