cost_values:
  wind_capex: 5000.0
  wind_opex: 100
  wind_lifetime: 20
  solar_capex: 1000.0
  solar_opex: 10
  solar_lifetime: 20
  carbon_price: 1.0
timeseries_values:
  load_level: 217621.60989347665
  wind_year: 2014
  solar_year: 2019
  price_year: 2023
  carbon_year: 2023
storage_values:
  CAES:
    cost: 73.6069
    lifetime: 26.6341
    annual_cost: 2.7636338378244427
    efficiency: 0.626883
    discharge_ratio: 0.1
    depth_of_discharge: 0.4
  Li-ion:
    cost: 179.785
    lifetime: 13.5789
    annual_cost: 13.24002680629506
    efficiency: 0.879438
    discharge_ratio: 2
    depth_of_discharge: 0.9
  Pb-acid:
    cost: 124.062
    lifetime: 15.5647
    annual_cost: 7.970728635951865
    efficiency: 0.751007
    discharge_ratio: 5
    depth_of_discharge: 0.5
  VRBF:
    cost: 311.07
    lifetime: 19.8448
    annual_cost: 15.675139079255018
    efficiency: 0.827396
    discharge_ratio: 0.5
    depth_of_discharge: 1.0
