cost_values:
  wind_capex: 5000.0
  wind_opex: 100
  wind_lifetime: 20
  solar_capex: 1000.0
  solar_opex: 10
  solar_lifetime: 20
  carbon_price: 1.0
timeseries_values:
  load_level: 217621.60989347665
  wind_year: 2014
  solar_year: 2019
  price_year: 2023
  carbon_year: 2023
storage_values:
  CAES:
    cost: 70.5555
    lifetime: 28.1451
    annual_cost: 2.506848438982274
    efficiency: 0.617176
    discharge_ratio: 0.1
    depth_of_discharge: 0.4
  Li-ion:
    cost: 180.257
    lifetime: 16.1295
    annual_cost: 11.175609907312689
    efficiency: 0.879535
    discharge_ratio: 2
    depth_of_discharge: 0.9
  Pb-acid:
    cost: 136.978
    lifetime: 13.387
    annual_cost: 10.23216553372675
    efficiency: 0.753946
    discharge_ratio: 5
    depth_of_discharge: 0.5
  VRBF:
    cost: 287.208
    lifetime: 17.1947
    annual_cost: 16.703286477810025
    efficiency: 0.824848
    discharge_ratio: 0.5
    depth_of_discharge: 1.0
