cost_values:
  wind_capex: 5000.0
  wind_opex: 100
  wind_lifetime: 20
  solar_capex: 1000.0
  solar_opex: 10
  solar_lifetime: 20
  carbon_price: 1.0
timeseries_values:
  load_level: 217621.60989347665
  wind_year: 2014
  solar_year: 2019
  price_year: 2023
  carbon_year: 2023
storage_values:
  CAES:
    cost: 72.4028
    lifetime: 26.5698
    annual_cost: 2.72500357548796
    efficiency: 0.620401
    discharge_ratio: 0.1
    depth_of_discharge: 0.4
  Li-ion:
    cost: 157.6
    lifetime: 13.1337
    annual_cost: 11.99966498397253
    efficiency: 0.872227
    discharge_ratio: 2
    depth_of_discharge: 0.9
  Pb-acid:
    cost: 119.295
    lifetime: 15.0436
    annual_cost: 7.929950277859024
    efficiency: 0.764313
    discharge_ratio: 5
    depth_of_discharge: 0.5
  VRBF:
    cost: 295.999
    lifetime: 15.9339
    annual_cost: 18.576682419244506
    efficiency: 0.835641
    discharge_ratio: 0.5
    depth_of_discharge: 1.0
