cost_values:
  wind_capex: 5000.0
  wind_opex: 100
  wind_lifetime: 20
  solar_capex: 1000.0
  solar_opex: 10
  solar_lifetime: 20
  carbon_price: 1.0
timeseries_values:
  load_level: 217621.60989347665
  wind_year: 2014
  solar_year: 2019
  price_year: 2023
  carbon_year: 2023
storage_values:
  CAES:
    cost: 76.34
    lifetime: 26.6598
    annual_cost: 2.863487347992108
    efficiency: 0.626328
    discharge_ratio: 0.1
    depth_of_discharge: 0.4
  Li-ion:
    cost: 199.69
    lifetime: 12.6399
    annual_cost: 15.79838448088988
    efficiency: 0.895496
    discharge_ratio: 2
    depth_of_discharge: 0.9
  Pb-acid:
    cost: 134.181
    lifetime: 14.1594
    annual_cost: 9.47646086698589
    efficiency: 0.755723
    discharge_ratio: 5
    depth_of_discharge: 0.5
  VRBF:
    cost: 284.81
    lifetime: 20.4409
    annual_cost: 13.93333953005983
    efficiency: 0.835211
    discharge_ratio: 0.5
    depth_of_discharge: 1.0
