cost_values:
  wind_capex: 5000.0
  wind_opex: 100
  wind_lifetime: 20
  solar_capex: 1000.0
  solar_opex: 10
  solar_lifetime: 20
  carbon_price: 1.0
timeseries_values:
  load_level: 217621.60989347665
  wind_year: 2014
  solar_year: 2019
  price_year: 2023
  carbon_year: 2023
storage_values:
  CAES:
    cost: 66.8727
    lifetime: 27.9431
    annual_cost: 2.393173985706668
    efficiency: 0.617522
    discharge_ratio: 0.1
    depth_of_discharge: 0.4
  Li-ion:
    cost: 175.855
    lifetime: 10.5352
    annual_cost: 16.692136836509984
    efficiency: 0.889316
    discharge_ratio: 2
    depth_of_discharge: 0.9
  Pb-acid:
    cost: 128.981
    lifetime: 13.3603
    annual_cost: 9.65404968451307
    efficiency: 0.758977
    discharge_ratio: 5
    depth_of_discharge: 0.5
  VRBF:
    cost: 288.393
    lifetime: 17.3001
    annual_cost: 16.670019248443648
    efficiency: 0.820134
    discharge_ratio: 0.5
    depth_of_discharge: 1.0
