cost_values:
  wind_capex: 5000.0
  wind_opex: 100
  wind_lifetime: 20
  solar_capex: 1000.0
  solar_opex: 10
  solar_lifetime: 20
  carbon_price: 1.0
timeseries_values:
  load_level: 217621.60989347665
  wind_year: 2014
  solar_year: 2019
  price_year: 2023
  carbon_year: 2023
storage_values:
  CAES:
    cost: 71.0214
    lifetime: 27.3727
    annual_cost: 2.5946070354769533
    efficiency: 0.632897
    discharge_ratio: 0.1
    depth_of_discharge: 0.4
  Li-ion:
    cost: 186.549
    lifetime: 13.2673
    annual_cost: 14.060811167306083
    efficiency: 0.900409
    discharge_ratio: 2
    depth_of_discharge: 0.9
  Pb-acid:
    cost: 109.974
    lifetime: 12.3107
    annual_cost: 8.93320444816298
    efficiency: 0.756161
    discharge_ratio: 5
    depth_of_discharge: 0.5
  VRBF:
    cost: 284.512
    lifetime: 18.4443
    annual_cost: 15.425470199465419
    efficiency: 0.821758
    discharge_ratio: 0.5
    depth_of_discharge: 1.0
