cost_values:
  wind_capex: 5000.0
  wind_opex: 100
  wind_lifetime: 20
  solar_capex: 1000.0
  solar_opex: 10
  solar_lifetime: 20
  carbon_price: 1.0
timeseries_values:
  load_level: 217621.60989347665
  wind_year: 2014
  solar_year: 2019
  price_year: 2023
  carbon_year: 2023
storage_values:
  CAES:
    cost: 69.8831
    lifetime: 26.4889
    annual_cost: 2.6382031718946424
    efficiency: 0.619994
    discharge_ratio: 0.1
    depth_of_discharge: 0.4
  Li-ion:
    cost: 167.502
    lifetime: 13.0359
    annual_cost: 12.849285434837642
    efficiency: 0.889131
    discharge_ratio: 2
    depth_of_discharge: 0.9
  Pb-acid:
    cost: 107.051
    lifetime: 13.8914
    annual_cost: 7.70627870481017
    efficiency: 0.754314
    discharge_ratio: 5
    depth_of_discharge: 0.5
  VRBF:
    cost: 299.682
    lifetime: 17.7806
    annual_cost: 16.85443685814877
    efficiency: 0.84711
    discharge_ratio: 0.5
    depth_of_discharge: 1.0
