cost_values:
  wind_capex: 5000.0
  wind_opex: 100
  wind_lifetime: 20
  solar_capex: 1000.0
  solar_opex: 10
  solar_lifetime: 20
  carbon_price: 1.0
timeseries_values:
  load_level: 217621.60989347665
  wind_year: 2014
  solar_year: 2019
  price_year: 2023
  carbon_year: 2023
storage_values:
  CAES:
    cost: 76.9038
    lifetime: 28.4791
    annual_cost: 2.7003592107896672
    efficiency: 0.619427
    discharge_ratio: 0.1
    depth_of_discharge: 0.4
  Li-ion:
    cost: 166.463
    lifetime: 10.602
    annual_cost: 15.701094133182417
    efficiency: 0.894283
    discharge_ratio: 2
    depth_of_discharge: 0.9
  Pb-acid:
    cost: 115.576
    lifetime: 12.9896
    annual_cost: 8.897579602143253
    efficiency: 0.750309
    discharge_ratio: 5
    depth_of_discharge: 0.5
  VRBF:
    cost: 304.084
    lifetime: 18.0666
    annual_cost: 16.83127982022074
    efficiency: 0.821503
    discharge_ratio: 0.5
    depth_of_discharge: 1.0
