cost_values:
  wind_capex: 5000.0
  wind_opex: 100
  wind_lifetime: 20
  solar_capex: 1000.0
  solar_opex: 10
  solar_lifetime: 20
  carbon_price: 1.0
timeseries_values:
  load_level: 217621.60989347665
  wind_year: 2014
  solar_year: 2019
  price_year: 2023
  carbon_year: 2023
storage_values:
  CAES:
    cost: 77.3278
    lifetime: 27.5876
    annual_cost: 2.8029911989444534
    efficiency: 0.605322
    discharge_ratio: 0.1
    depth_of_discharge: 0.4
  Li-ion:
    cost: 186.556
    lifetime: 13.4832
    annual_cost: 13.83618132194138
    efficiency: 0.887213
    discharge_ratio: 2
    depth_of_discharge: 0.9
  Pb-acid:
    cost: 119.247
    lifetime: 15.3455
    annual_cost: 7.770812290247956
    efficiency: 0.773097
    discharge_ratio: 5
    depth_of_discharge: 0.5
  VRBF:
    cost: 291.129
    lifetime: 19.3073
    annual_cost: 15.078700802287218
    efficiency: 0.82272
    discharge_ratio: 0.5
    depth_of_discharge: 1.0
