cost_values:
  wind_capex: 5000.0
  wind_opex: 100
  wind_lifetime: 20
  solar_capex: 1000.0
  solar_opex: 10
  solar_lifetime: 20
  carbon_price: 1.0
timeseries_values:
  load_level: 217621.60989347665
  wind_year: 2014
  solar_year: 2019
  price_year: 2023
  carbon_year: 2023
storage_values:
  CAES:
    cost: 76.1929
    lifetime: 26.754
    annual_cost: 2.847906855049712
    efficiency: 0.620563
    discharge_ratio: 0.1
    depth_of_discharge: 0.4
  Li-ion:
    cost: 152.07
    lifetime: 13.547
    annual_cost: 11.225363549125266
    efficiency: 0.902363
    discharge_ratio: 2
    depth_of_discharge: 0.9
  Pb-acid:
    cost: 125.353
    lifetime: 14.4596
    annual_cost: 8.669188635923538
    efficiency: 0.743032
    discharge_ratio: 5
    depth_of_discharge: 0.5
  VRBF:
    cost: 325.976
    lifetime: 16.8499
    annual_cost: 19.345871488851564
    efficiency: 0.824201
    discharge_ratio: 0.5
    depth_of_discharge: 1.0
