cost_values:
  wind_capex: 5000.0
  wind_opex: 100
  wind_lifetime: 20
  solar_capex: 1000.0
  solar_opex: 10
  solar_lifetime: 20
  carbon_price: 1.0
timeseries_values:
  load_level: 217621.60989347665
  wind_year: 2014
  solar_year: 2019
  price_year: 2023
  carbon_year: 2023
storage_values:
  CAES:
    cost: 77.9349
    lifetime: 26.5643
    annual_cost: 2.9338209551917425
    efficiency: 0.624507
    discharge_ratio: 0.1
    depth_of_discharge: 0.4
  Li-ion:
    cost: 167.557
    lifetime: 14.5197
    annual_cost: 11.53997672128212
    efficiency: 0.892994
    discharge_ratio: 2
    depth_of_discharge: 0.9
  Pb-acid:
    cost: 108.153
    lifetime: 13.9365
    annual_cost: 7.760413303196642
    efficiency: 0.742928
    discharge_ratio: 5
    depth_of_discharge: 0.5
  VRBF:
    cost: 301.355
    lifetime: 16.6052
    annual_cost: 18.1482306747284
    efficiency: 0.802592
    discharge_ratio: 0.5
    depth_of_discharge: 1.0
