cost_values:
  wind_capex: 5000.0
  wind_opex: 100
  wind_lifetime: 20
  solar_capex: 1000.0
  solar_opex: 10
  solar_lifetime: 20
  carbon_price: 1.0
timeseries_values:
  load_level: 217621.60989347665
  wind_year: 2014
  solar_year: 2019
  price_year: 2023
  carbon_year: 2023
storage_values:
  CAES:
    cost: 74.1329
    lifetime: 27.0408
    annual_cost: 2.7415202212952283
    efficiency: 0.623533
    discharge_ratio: 0.1
    depth_of_discharge: 0.4
  Li-ion:
    cost: 182.771
    lifetime: 14.2019
    annual_cost: 12.869475211063307
    efficiency: 0.895685
    discharge_ratio: 2
    depth_of_discharge: 0.9
  Pb-acid:
    cost: 137.249
    lifetime: 15.9807
    annual_cost: 8.588422284380533
    efficiency: 0.756036
    discharge_ratio: 5
    depth_of_discharge: 0.5
  VRBF:
    cost: 304.012
    lifetime: 17.4693
    annual_cost: 17.402643494587647
    efficiency: 0.821609
    discharge_ratio: 0.5
    depth_of_discharge: 1.0
