cost_values:
  wind_capex: 5000.0
  wind_opex: 100
  wind_lifetime: 20
  solar_capex: 1000.0
  solar_opex: 10
  solar_lifetime: 20
  carbon_price: 1.0
timeseries_values:
  load_level: 217621.60989347665
  wind_year: 2014
  solar_year: 2019
  price_year: 2023
  carbon_year: 2023
storage_values:
  CAES:
    cost: 74.8605
    lifetime: 27.6438
    annual_cost: 2.7080394157098517
    efficiency: 0.617519
    discharge_ratio: 0.1
    depth_of_discharge: 0.4
  Li-ion:
    cost: 149.129
    lifetime: 12.4677
    annual_cost: 11.961227812667932
    efficiency: 0.891819
    discharge_ratio: 2
    depth_of_discharge: 0.9
  Pb-acid:
    cost: 106.004
    lifetime: 14.5093
    annual_cost: 7.305934814222603
    efficiency: 0.764322
    discharge_ratio: 5
    depth_of_discharge: 0.5
  VRBF:
    cost: 293.93
    lifetime: 18.5117
    annual_cost: 15.878066304013137
    efficiency: 0.838291
    discharge_ratio: 0.5
    depth_of_discharge: 1.0
