cost_values:
  wind_capex: 5000.0
  wind_opex: 100
  wind_lifetime: 20
  solar_capex: 1000.0
  solar_opex: 10
  solar_lifetime: 20
  carbon_price: 1.0
timeseries_values:
  load_level: 217621.60989347665
  wind_year: 2014
  solar_year: 2019
  price_year: 2023
  carbon_year: 2023
storage_values:
  CAES:
    cost: 74.5546
    lifetime: 27.1106
    annual_cost: 2.750016598673581
    efficiency: 0.621351
    discharge_ratio: 0.1
    depth_of_discharge: 0.4
  Li-ion:
    cost: 185.413
    lifetime: 14.811
    annual_cost: 12.518601039767741
    efficiency: 0.885626
    discharge_ratio: 2
    depth_of_discharge: 0.9
  Pb-acid:
    cost: 108.091
    lifetime: 13.1467
    annual_cost: 8.221911202050705
    efficiency: 0.735419
    discharge_ratio: 5
    depth_of_discharge: 0.5
  VRBF:
    cost: 291.968
    lifetime: 16.4468
    annual_cost: 17.75226791837926
    efficiency: 0.824411
    discharge_ratio: 0.5
    depth_of_discharge: 1.0
