cost_values:
  wind_capex: 5000.0
  wind_opex: 100
  wind_lifetime: 20
  solar_capex: 1000.0
  solar_opex: 10
  solar_lifetime: 20
  carbon_price: 1.0
timeseries_values:
  load_level: 217621.60989347665
  wind_year: 2014
  solar_year: 2019
  price_year: 2023
  carbon_year: 2023
storage_values:
  CAES:
    cost: 70.3312
    lifetime: 26.8315
    annual_cost: 2.6212175987179247
    efficiency: 0.620721
    discharge_ratio: 0.1
    depth_of_discharge: 0.4
  Li-ion:
    cost: 190.991
    lifetime: 16.0601
    annual_cost: 11.892267171437291
    efficiency: 0.889908
    discharge_ratio: 2
    depth_of_discharge: 0.9
  Pb-acid:
    cost: 133.737
    lifetime: 11.4511
    annual_cost: 11.678965339574363
    efficiency: 0.75768
    discharge_ratio: 5
    depth_of_discharge: 0.5
  VRBF:
    cost: 273.72
    lifetime: 16.0233
    annual_cost: 17.082623429630605
    efficiency: 0.82908
    discharge_ratio: 0.5
    depth_of_discharge: 1.0
