cost_values:
  wind_capex: 5000.0
  wind_opex: 100
  wind_lifetime: 20
  solar_capex: 1000.0
  solar_opex: 10
  solar_lifetime: 20
  carbon_price: 1.0
timeseries_values:
  load_level: 217621.60989347665
  wind_year: 2014
  solar_year: 2019
  price_year: 2023
  carbon_year: 2023
storage_values:
  CAES:
    cost: 69.8222
    lifetime: 26.3359
    annual_cost: 2.651217539556271
    efficiency: 0.618338
    discharge_ratio: 0.1
    depth_of_discharge: 0.4
  Li-ion:
    cost: 163.033
    lifetime: 14.2163
    annual_cost: 11.468033173188521
    efficiency: 0.884949
    discharge_ratio: 2
    depth_of_discharge: 0.9
  Pb-acid:
    cost: 126.399
    lifetime: 14.0432
    annual_cost: 9.000726330181156
    efficiency: 0.754726
    discharge_ratio: 5
    depth_of_discharge: 0.5
  VRBF:
    cost: 313.768
    lifetime: 16.7528
    annual_cost: 18.729287044553743
    efficiency: 0.822007
    discharge_ratio: 0.5
    depth_of_discharge: 1.0
