cost_values:
  wind_capex: 5000.0
  wind_opex: 100
  wind_lifetime: 20
  solar_capex: 1000.0
  solar_opex: 10
  solar_lifetime: 20
  carbon_price: 1.0
timeseries_values:
  load_level: 217621.60989347665
  wind_year: 2014
  solar_year: 2019
  price_year: 2023
  carbon_year: 2023
storage_values:
  CAES:
    cost: 68.4201
    lifetime: 27.0385
    annual_cost: 2.5304695156905894
    efficiency: 0.614884
    discharge_ratio: 0.1
    depth_of_discharge: 0.4
  Li-ion:
    cost: 168.019
    lifetime: 11.9019
    annual_cost: 14.11698972432973
    efficiency: 0.880362
    discharge_ratio: 2
    depth_of_discharge: 0.9
  Pb-acid:
    cost: 137.256
    lifetime: 13.3659
    annual_cost: 10.269117680066438
    efficiency: 0.76187
    discharge_ratio: 5
    depth_of_discharge: 0.5
  VRBF:
    cost: 282.223
    lifetime: 17.1609
    annual_cost: 16.44569923488861
    efficiency: 0.830602
    discharge_ratio: 0.5
    depth_of_discharge: 1.0
