cost_values:
  wind_capex: 5000.0
  wind_opex: 100
  wind_lifetime: 20
  solar_capex: 1000.0
  solar_opex: 10
  solar_lifetime: 20
  carbon_price: 1.0
timeseries_values:
  load_level: 217621.60989347665
  wind_year: 2014
  solar_year: 2019
  price_year: 2023
  carbon_year: 2023
storage_values:
  CAES:
    cost: 70.2368
    lifetime: 28.0363
    annual_cost: 2.505209317919982
    efficiency: 0.613012
    discharge_ratio: 0.1
    depth_of_discharge: 0.4
  Li-ion:
    cost: 158.305
    lifetime: 14.6883
    annual_cost: 10.777625729321977
    efficiency: 0.887503
    discharge_ratio: 2
    depth_of_discharge: 0.9
  Pb-acid:
    cost: 105.938
    lifetime: 13.6463
    annual_cost: 7.763129932655739
    efficiency: 0.7565
    discharge_ratio: 5
    depth_of_discharge: 0.5
  VRBF:
    cost: 273.114
    lifetime: 19.0881
    annual_cost: 14.308076759866093
    efficiency: 0.836427
    discharge_ratio: 0.5
    depth_of_discharge: 1.0
