cost_values:
  wind_capex: 5000.0
  wind_opex: 100
  wind_lifetime: 20
  solar_capex: 1000.0
  solar_opex: 10
  solar_lifetime: 20
  carbon_price: 1.0
timeseries_values:
  load_level: 217621.60989347665
  wind_year: 2014
  solar_year: 2019
  price_year: 2023
  carbon_year: 2023
storage_values:
  CAES:
    cost: 72.8698
    lifetime: 26.8654
    annual_cost: 2.7124033143001776
    efficiency: 0.615324
    discharge_ratio: 0.1
    depth_of_discharge: 0.4
  Li-ion:
    cost: 191.288
    lifetime: 16.0057
    annual_cost: 11.95124236990572
    efficiency: 0.877644
    discharge_ratio: 2
    depth_of_discharge: 0.9
  Pb-acid:
    cost: 100.543
    lifetime: 14.2582
    annual_cost: 7.051591364968931
    efficiency: 0.745835
    discharge_ratio: 5
    depth_of_discharge: 0.5
  VRBF:
    cost: 283.165
    lifetime: 17.092
    annual_cost: 16.567107418675405
    efficiency: 0.843122
    discharge_ratio: 0.5
    depth_of_discharge: 1.0
