cost_values:
  wind_capex: 5000.0
  wind_opex: 100
  wind_lifetime: 20
  solar_capex: 1000.0
  solar_opex: 10
  solar_lifetime: 20
  carbon_price: 1.0
timeseries_values:
  load_level: 217621.60989347665
  wind_year: 2014
  solar_year: 2019
  price_year: 2023
  carbon_year: 2023
storage_values:
  CAES:
    cost: 77.8951
    lifetime: 26.8019
    annual_cost: 2.9063275364806227
    efficiency: 0.625655
    discharge_ratio: 0.1
    depth_of_discharge: 0.4
  Li-ion:
    cost: 189.85
    lifetime: 12.3391
    annual_cost: 15.38604922563234
    efficiency: 0.903479
    discharge_ratio: 2
    depth_of_discharge: 0.9
  Pb-acid:
    cost: 96.9973
    lifetime: 13.7199
    annual_cost: 7.069825581819109
    efficiency: 0.746829
    discharge_ratio: 5
    depth_of_discharge: 0.5
  VRBF:
    cost: 294.179
    lifetime: 17.34
    annual_cost: 16.965340253748558
    efficiency: 0.84008
    discharge_ratio: 0.5
    depth_of_discharge: 1.0
