cost_values:
  wind_capex: 5000.0
  wind_opex: 100
  wind_lifetime: 20
  solar_capex: 1000.0
  solar_opex: 10
  solar_lifetime: 20
  carbon_price: 1.0
timeseries_values:
  load_level: 217621.60989347665
  wind_year: 2014
  solar_year: 2019
  price_year: 2023
  carbon_year: 2023
storage_values:
  CAES:
    cost: 76.4438
    lifetime: 28.803
    annual_cost: 2.654022150470437
    efficiency: 0.614534
    discharge_ratio: 0.1
    depth_of_discharge: 0.4
  Li-ion:
    cost: 169.658
    lifetime: 14.9691
    annual_cost: 11.333881128457957
    efficiency: 0.877773
    discharge_ratio: 2
    depth_of_discharge: 0.9
  Pb-acid:
    cost: 106.057
    lifetime: 14.0058
    annual_cost: 7.572362878236159
    efficiency: 0.749047
    discharge_ratio: 5
    depth_of_discharge: 0.5
  VRBF:
    cost: 295.156
    lifetime: 19.9218
    annual_cost: 14.815729502354204
    efficiency: 0.833588
    discharge_ratio: 0.5
    depth_of_discharge: 1.0
