cost_values:
  wind_capex: 5000.0
  wind_opex: 100
  wind_lifetime: 20
  solar_capex: 1000.0
  solar_opex: 10
  solar_lifetime: 20
  carbon_price: 1.0
timeseries_values:
  load_level: 217621.60989347665
  wind_year: 2014
  solar_year: 2019
  price_year: 2023
  carbon_year: 2023
storage_values:
  CAES:
    cost: 75.9748
    lifetime: 27.6193
    annual_cost: 2.7507865876398028
    efficiency: 0.618514
    discharge_ratio: 0.1
    depth_of_discharge: 0.4
  Li-ion:
    cost: 185.652
    lifetime: 14.2207
    annual_cost: 13.055053548700133
    efficiency: 0.895456
    discharge_ratio: 2
    depth_of_discharge: 0.9
  Pb-acid:
    cost: 132.306
    lifetime: 12.5022
    annual_cost: 10.582617459327158
    efficiency: 0.765223
    discharge_ratio: 5
    depth_of_discharge: 0.5
  VRBF:
    cost: 310.55
    lifetime: 15.2822
    annual_cost: 20.321027077253277
    efficiency: 0.836972
    discharge_ratio: 0.5
    depth_of_discharge: 1.0
