cost_values:
  wind_capex: 5000.0
  wind_opex: 100
  wind_lifetime: 20
  solar_capex: 1000.0
  solar_opex: 10
  solar_lifetime: 20
  carbon_price: 1.0
timeseries_values:
  load_level: 217621.60989347665
  wind_year: 2014
  solar_year: 2019
  price_year: 2023
  carbon_year: 2023
storage_values:
  CAES:
    cost: 74.7973
    lifetime: 26.6219
    annual_cost: 2.80961539183905
    efficiency: 0.618189
    discharge_ratio: 0.1
    depth_of_discharge: 0.4
  Li-ion:
    cost: 209.847
    lifetime: 15.0294
    annual_cost: 13.962433630085034
    efficiency: 0.883326
    discharge_ratio: 2
    depth_of_discharge: 0.9
  Pb-acid:
    cost: 114.338
    lifetime: 14.1279
    annual_cost: 8.09306407887938
    efficiency: 0.770563
    discharge_ratio: 5
    depth_of_discharge: 0.5
  VRBF:
    cost: 317.191
    lifetime: 16.6026
    annual_cost: 19.104899232650308
    efficiency: 0.833725
    discharge_ratio: 0.5
    depth_of_discharge: 1.0
