cost_values:
  wind_capex: 5000.0
  wind_opex: 100
  wind_lifetime: 20
  solar_capex: 1000.0
  solar_opex: 10
  solar_lifetime: 20
  carbon_price: 1.0
timeseries_values:
  load_level: 217621.60989347665
  wind_year: 2014
  solar_year: 2019
  price_year: 2023
  carbon_year: 2023
storage_values:
  CAES:
    cost: 70.9967
    lifetime: 27.3652
    annual_cost: 2.594415535059126
    efficiency: 0.615956
    discharge_ratio: 0.1
    depth_of_discharge: 0.4
  Li-ion:
    cost: 195.965
    lifetime: 15.1343
    annual_cost: 12.948401974323227
    efficiency: 0.882558
    discharge_ratio: 2
    depth_of_discharge: 0.9
  Pb-acid:
    cost: 125.962
    lifetime: 13.4645
    annual_cost: 9.355119016673475
    efficiency: 0.761256
    discharge_ratio: 5
    depth_of_discharge: 0.5
  VRBF:
    cost: 314.182
    lifetime: 18.862
    annual_cost: 16.656876259145374
    efficiency: 0.829363
    discharge_ratio: 0.5
    depth_of_discharge: 1.0
