cost_values:
  wind_capex: 5000.0
  wind_opex: 100
  wind_lifetime: 20
  solar_capex: 1000.0
  solar_opex: 10
  solar_lifetime: 20
  carbon_price: 1.0
timeseries_values:
  load_level: 240053.4814613137
  wind_year: 2011
  solar_year: 2011
  price_year: 2023
  carbon_year: 2023
storage_values:
  CAES:
    cost: 44.9256
    lifetime: 25.8767
    annual_cost: 1.7361410071608823
    efficiency: 0.601398
    discharge_ratio: 0.1
    depth_of_discharge: 0.4
  Li-ion:
    cost: 158.992
    lifetime: 26.5094
    annual_cost: 5.997570673044279
    efficiency: 0.939284
    discharge_ratio: 2
    depth_of_discharge: 0.9
  Pb-acid:
    cost: 189.263
    lifetime: 9.50473
    annual_cost: 19.91250672033819
    efficiency: 0.668842
    discharge_ratio: 5
    depth_of_discharge: 0.5
  VRBF:
    cost: 216.682
    lifetime: 19.8556
    annual_cost: 10.91289107355104
    efficiency: 0.724451
    discharge_ratio: 0.5
    depth_of_discharge: 1.0
