cost_values:
  wind_capex: 5000.0
  wind_opex: 100
  wind_lifetime: 20
  solar_capex: 1000.0
  solar_opex: 10
  solar_lifetime: 20
  carbon_price: 1.0
timeseries_values:
  load_level: 240053.4814613137
  wind_year: 2011
  solar_year: 2011
  price_year: 2023
  carbon_year: 2023
storage_values:
  CAES:
    cost: 57.6096
    lifetime: 26.0079
    annual_cost: 2.2150808023715873
    efficiency: 0.589233
    discharge_ratio: 0.1
    depth_of_discharge: 0.4
  Li-ion:
    cost: 166.641
    lifetime: 29.5706
    annual_cost: 5.635360797548917
    efficiency: 0.946294
    discharge_ratio: 2
    depth_of_discharge: 0.9
  Pb-acid:
    cost: 196.816
    lifetime: 10.8482
    annual_cost: 18.142733356685902
    efficiency: 0.66836
    discharge_ratio: 5
    depth_of_discharge: 0.5
  VRBF:
    cost: 178.338
    lifetime: 18.8438
    annual_cost: 9.464014689181587
    efficiency: 0.704998
    discharge_ratio: 0.5
    depth_of_discharge: 1.0
