cost_values:
  wind_capex: 5000.0
  wind_opex: 100
  wind_lifetime: 20
  solar_capex: 1000.0
  solar_opex: 10
  solar_lifetime: 20
  carbon_price: 1.0
timeseries_values:
  load_level: 240053.4814613137
  wind_year: 2011
  solar_year: 2011
  price_year: 2023
  carbon_year: 2023
storage_values:
  CAES:
    cost: 50.6249
    lifetime: 26.0185
    annual_cost: 1.9457270788093086
    efficiency: 0.585413
    discharge_ratio: 0.1
    depth_of_discharge: 0.4
  Li-ion:
    cost: 163.24
    lifetime: 28.689
    annual_cost: 5.689985708808254
    efficiency: 0.942642
    discharge_ratio: 2
    depth_of_discharge: 0.9
  Pb-acid:
    cost: 199.33
    lifetime: 11.4478
    annual_cost: 17.41207917678506
    efficiency: 0.671062
    discharge_ratio: 5
    depth_of_discharge: 0.5
  VRBF:
    cost: 174.783
    lifetime: 19.843
    annual_cost: 8.808295116665827
    efficiency: 0.737353
    discharge_ratio: 0.5
    depth_of_discharge: 1.0
