cost_values:
  wind_capex: 5000.0
  wind_opex: 100
  wind_lifetime: 20
  solar_capex: 1000.0
  solar_opex: 10
  solar_lifetime: 20
  carbon_price: 1.0
timeseries_values:
  load_level: 240053.4814613137
  wind_year: 2011
  solar_year: 2011
  price_year: 2023
  carbon_year: 2023
storage_values:
  CAES:
    cost: 52.1308
    lifetime: 24.6373
    annual_cost: 2.1159299111509786
    efficiency: 0.589871
    discharge_ratio: 0.1
    depth_of_discharge: 0.4
  Li-ion:
    cost: 169.139
    lifetime: 29.6557
    annual_cost: 5.703422950731226
    efficiency: 0.943247
    discharge_ratio: 2
    depth_of_discharge: 0.9
  Pb-acid:
    cost: 196.29
    lifetime: 11.1432
    annual_cost: 17.61522722377773
    efficiency: 0.668866
    discharge_ratio: 5
    depth_of_discharge: 0.5
  VRBF:
    cost: 188.955
    lifetime: 20.5354
    annual_cost: 9.201427778372956
    efficiency: 0.733944
    discharge_ratio: 0.5
    depth_of_discharge: 1.0
