cost_values:
  wind_capex: 5000.0
  wind_opex: 100
  wind_lifetime: 20
  solar_capex: 1000.0
  solar_opex: 10
  solar_lifetime: 20
  carbon_price: 1.0
timeseries_values:
  load_level: 240053.4814613137
  wind_year: 2011
  solar_year: 2011
  price_year: 2023
  carbon_year: 2023
storage_values:
  CAES:
    cost: 55.7631
    lifetime: 25.2139
    annual_cost: 2.2116015372473123
    efficiency: 0.590931
    discharge_ratio: 0.1
    depth_of_discharge: 0.4
  Li-ion:
    cost: 149.069
    lifetime: 27.0471
    annual_cost: 5.511459638926169
    efficiency: 0.946529
    discharge_ratio: 2
    depth_of_discharge: 0.9
  Pb-acid:
    cost: 199.611
    lifetime: 11.0885
    annual_cost: 18.001623303422463
    efficiency: 0.678878
    discharge_ratio: 5
    depth_of_discharge: 0.5
  VRBF:
    cost: 174.955
    lifetime: 23.3142
    annual_cost: 7.504224892983676
    efficiency: 0.710449
    discharge_ratio: 0.5
    depth_of_discharge: 1.0
