cost_values:
  wind_capex: 5000.0
  wind_opex: 100
  wind_lifetime: 20
  solar_capex: 1000.0
  solar_opex: 10
  solar_lifetime: 20
  carbon_price: 1.0
timeseries_values:
  load_level: 240053.4814613137
  wind_year: 2011
  solar_year: 2011
  price_year: 2023
  carbon_year: 2023
storage_values:
  CAES:
    cost: 58.2702
    lifetime: 26.8089
    annual_cost: 2.1735393843089423
    efficiency: 0.595012
    discharge_ratio: 0.1
    depth_of_discharge: 0.4
  Li-ion:
    cost: 165.691
    lifetime: 29.3737
    annual_cost: 5.640794316003772
    efficiency: 0.944281
    discharge_ratio: 2
    depth_of_discharge: 0.9
  Pb-acid:
    cost: 205.207
    lifetime: 8.82496
    annual_cost: 23.25302324316484
    efficiency: 0.672791
    discharge_ratio: 5
    depth_of_discharge: 0.5
  VRBF:
    cost: 218.229
    lifetime: 21.3864
    annual_cost: 10.204101672090676
    efficiency: 0.719028
    discharge_ratio: 0.5
    depth_of_discharge: 1.0
