cost_values:
  wind_capex: 5000.0
  wind_opex: 100
  wind_lifetime: 20
  solar_capex: 1000.0
  solar_opex: 10
  solar_lifetime: 20
  carbon_price: 1.0
timeseries_values:
  load_level: 240053.4814613137
  wind_year: 2011
  solar_year: 2011
  price_year: 2023
  carbon_year: 2023
storage_values:
  CAES:
    cost: 53.1565
    lifetime: 26.0251
    annual_cost: 2.0425089625015853
    efficiency: 0.600223
    discharge_ratio: 0.1
    depth_of_discharge: 0.4
  Li-ion:
    cost: 166.245
    lifetime: 28.8864
    annual_cost: 5.755130442007312
    efficiency: 0.962002
    discharge_ratio: 2
    depth_of_discharge: 0.9
  Pb-acid:
    cost: 183.742
    lifetime: 11.0008
    annual_cost: 16.702603447022035
    efficiency: 0.666061
    discharge_ratio: 5
    depth_of_discharge: 0.5
  VRBF:
    cost: 217.606
    lifetime: 21.0854
    annual_cost: 10.320221575118328
    efficiency: 0.737212
    discharge_ratio: 0.5
    depth_of_discharge: 1.0
