cost_values:
  wind_capex: 5000.0
  wind_opex: 100
  wind_lifetime: 20
  solar_capex: 1000.0
  solar_opex: 10
  solar_lifetime: 20
  carbon_price: 1.0
timeseries_values:
  load_level: 240053.4814613137
  wind_year: 2011
  solar_year: 2011
  price_year: 2023
  carbon_year: 2023
storage_values:
  CAES:
    cost: 44.9491
    lifetime: 26.6263
    annual_cost: 1.688146682039938
    efficiency: 0.597983
    discharge_ratio: 0.1
    depth_of_discharge: 0.4
  Li-ion:
    cost: 162.172
    lifetime: 28.3838
    annual_cost: 5.713540822581895
    efficiency: 0.958253
    discharge_ratio: 2
    depth_of_discharge: 0.9
  Pb-acid:
    cost: 197.387
    lifetime: 9.9101
    annual_cost: 19.917760668409
    efficiency: 0.672861
    discharge_ratio: 5
    depth_of_discharge: 0.5
  VRBF:
    cost: 218.941
    lifetime: 21.9553
    annual_cost: 9.972125181619017
    efficiency: 0.712737
    discharge_ratio: 0.5
    depth_of_discharge: 1.0
