cost_values:
  wind_capex: 5000.0
  wind_opex: 100
  wind_lifetime: 20
  solar_capex: 1000.0
  solar_opex: 10
  solar_lifetime: 20
  carbon_price: 1.0
timeseries_values:
  load_level: 240053.4814613137
  wind_year: 2011
  solar_year: 2011
  price_year: 2023
  carbon_year: 2023
storage_values:
  CAES:
    cost: 55.6672
    lifetime: 24.7625
    annual_cost: 2.2480444220090865
    efficiency: 0.601863
    discharge_ratio: 0.1
    depth_of_discharge: 0.4
  Li-ion:
    cost: 148.213
    lifetime: 28.7047
    annual_cost: 5.163370458496344
    efficiency: 0.942191
    discharge_ratio: 2
    depth_of_discharge: 0.9
  Pb-acid:
    cost: 190.783
    lifetime: 10.5979
    annual_cost: 18.00196265297842
    efficiency: 0.664755
    discharge_ratio: 5
    depth_of_discharge: 0.5
  VRBF:
    cost: 224.19
    lifetime: 19.4488
    annual_cost: 11.527189338159681
    efficiency: 0.726735
    discharge_ratio: 0.5
    depth_of_discharge: 1.0
