cost_values:
  wind_capex: 5000.0
  wind_opex: 100
  wind_lifetime: 20
  solar_capex: 1000.0
  solar_opex: 10
  solar_lifetime: 20
  carbon_price: 1.0
timeseries_values:
  load_level: 240053.4814613137
  wind_year: 2011
  solar_year: 2011
  price_year: 2023
  carbon_year: 2023
storage_values:
  CAES:
    cost: 46.0831
    lifetime: 25.5143
    annual_cost: 1.8061675217427091
    efficiency: 0.614484
    discharge_ratio: 0.1
    depth_of_discharge: 0.4
  Li-ion:
    cost: 178.283
    lifetime: 27.0105
    annual_cost: 6.600507210159011
    efficiency: 0.935706
    discharge_ratio: 2
    depth_of_discharge: 0.9
  Pb-acid:
    cost: 176.187
    lifetime: 10.2316
    annual_cost: 17.219887407639078
    efficiency: 0.677677
    discharge_ratio: 5
    depth_of_discharge: 0.5
  VRBF:
    cost: 195.006
    lifetime: 20.8317
    annual_cost: 9.361021904117282
    efficiency: 0.720315
    discharge_ratio: 0.5
    depth_of_discharge: 1.0
