cost_values:
  wind_capex: 5000.0
  wind_opex: 100
  wind_lifetime: 20
  solar_capex: 1000.0
  solar_opex: 10
  solar_lifetime: 20
  carbon_price: 1.0
timeseries_values:
  load_level: 240053.4814613137
  wind_year: 2011
  solar_year: 2011
  price_year: 2023
  carbon_year: 2023
storage_values:
  CAES:
    cost: 51.242
    lifetime: 25.1528
    annual_cost: 2.037228459654591
    efficiency: 0.58717
    discharge_ratio: 0.1
    depth_of_discharge: 0.4
  Li-ion:
    cost: 163.664
    lifetime: 29.9212
    annual_cost: 5.469834097562932
    efficiency: 0.957509
    discharge_ratio: 2
    depth_of_discharge: 0.9
  Pb-acid:
    cost: 188.498
    lifetime: 10.4487
    annual_cost: 18.040330376027637
    efficiency: 0.680789
    discharge_ratio: 5
    depth_of_discharge: 0.5
  VRBF:
    cost: 206.002
    lifetime: 23.4147
    annual_cost: 8.797977339022069
    efficiency: 0.731721
    discharge_ratio: 0.5
    depth_of_discharge: 1.0
