cost_values:
  wind_capex: 5000.0
  wind_opex: 100
  wind_lifetime: 20
  solar_capex: 1000.0
  solar_opex: 10
  solar_lifetime: 20
  carbon_price: 1.0
timeseries_values:
  load_level: 240053.4814613137
  wind_year: 2011
  solar_year: 2011
  price_year: 2023
  carbon_year: 2023
storage_values:
  CAES:
    cost: 52.1873
    lifetime: 25.6166
    annual_cost: 2.0372453799489394
    efficiency: 0.59852
    discharge_ratio: 0.1
    depth_of_discharge: 0.4
  Li-ion:
    cost: 151.496
    lifetime: 29.6051
    annual_cost: 5.117226423825625
    efficiency: 0.96464
    discharge_ratio: 2
    depth_of_discharge: 0.9
  Pb-acid:
    cost: 193.422
    lifetime: 10.8909
    annual_cost: 17.75996474120596
    efficiency: 0.685397
    discharge_ratio: 5
    depth_of_discharge: 0.5
  VRBF:
    cost: 194.996
    lifetime: 21.6407
    annual_cost: 9.010614259243
    efficiency: 0.704083
    discharge_ratio: 0.5
    depth_of_discharge: 1.0
