cost_values:
  wind_capex: 5000.0
  wind_opex: 100
  wind_lifetime: 20
  solar_capex: 1000.0
  solar_opex: 10
  solar_lifetime: 20
  carbon_price: 1.0
timeseries_values:
  load_level: 240053.4814613137
  wind_year: 2011
  solar_year: 2011
  price_year: 2023
  carbon_year: 2023
storage_values:
  CAES:
    cost: 50.3512
    lifetime: 26.0979
    annual_cost: 1.929319983600213
    efficiency: 0.600661
    discharge_ratio: 0.1
    depth_of_discharge: 0.4
  Li-ion:
    cost: 173.759
    lifetime: 28.7879
    annual_cost: 6.03583449991142
    efficiency: 0.958034
    discharge_ratio: 2
    depth_of_discharge: 0.9
  Pb-acid:
    cost: 175.308
    lifetime: 8.40661
    annual_cost: 20.853590210560498
    efficiency: 0.669958
    discharge_ratio: 5
    depth_of_discharge: 0.5
  VRBF:
    cost: 205.136
    lifetime: 20.0699
    annual_cost: 10.22107733471517
    efficiency: 0.702708
    discharge_ratio: 0.5
    depth_of_discharge: 1.0
