cost_values:
  wind_capex: 5000.0
  wind_opex: 100
  wind_lifetime: 20
  solar_capex: 1000.0
  solar_opex: 10
  solar_lifetime: 20
  carbon_price: 1.0
timeseries_values:
  load_level: 240053.4814613137
  wind_year: 2011
  solar_year: 2011
  price_year: 2023
  carbon_year: 2023
storage_values:
  CAES:
    cost: 50.5683
    lifetime: 25.7991
    annual_cost: 1.9600800027907952
    efficiency: 0.600427
    discharge_ratio: 0.1
    depth_of_discharge: 0.4
  Li-ion:
    cost: 175.889
    lifetime: 27.243
    annual_cost: 6.45630070109753
    efficiency: 0.960756
    discharge_ratio: 2
    depth_of_discharge: 0.9
  Pb-acid:
    cost: 197.575
    lifetime: 9.96701
    annual_cost: 19.82289573302324
    efficiency: 0.671526
    discharge_ratio: 5
    depth_of_discharge: 0.5
  VRBF:
    cost: 193.907
    lifetime: 21.6395
    annual_cost: 8.960789297349754
    efficiency: 0.714897
    discharge_ratio: 0.5
    depth_of_discharge: 1.0
