cost_values:
  wind_capex: 5000.0
  wind_opex: 100
  wind_lifetime: 20
  solar_capex: 1000.0
  solar_opex: 10
  solar_lifetime: 20
  carbon_price: 1.0
timeseries_values:
  load_level: 240053.4814613137
  wind_year: 2011
  solar_year: 2011
  price_year: 2023
  carbon_year: 2023
storage_values:
  CAES:
    cost: 48.849
    lifetime: 25.7455
    annual_cost: 1.8973801246819832
    efficiency: 0.588062
    discharge_ratio: 0.1
    depth_of_discharge: 0.4
  Li-ion:
    cost: 165.375
    lifetime: 28.6397
    annual_cost: 5.7743272450479575
    efficiency: 0.956721
    discharge_ratio: 2
    depth_of_discharge: 0.9
  Pb-acid:
    cost: 192.518
    lifetime: 10.3061
    annual_cost: 18.680005045555543
    efficiency: 0.675679
    discharge_ratio: 5
    depth_of_discharge: 0.5
  VRBF:
    cost: 204.207
    lifetime: 19.8816
    annual_cost: 10.271155239014968
    efficiency: 0.717019
    discharge_ratio: 0.5
    depth_of_discharge: 1.0
