cost_values:
  wind_capex: 5000.0
  wind_opex: 100
  wind_lifetime: 20
  solar_capex: 1000.0
  solar_opex: 10
  solar_lifetime: 20
  carbon_price: 1.0
timeseries_values:
  load_level: 240053.4814613137
  wind_year: 2011
  solar_year: 2011
  price_year: 2023
  carbon_year: 2023
storage_values:
  CAES:
    cost: 48.0811
    lifetime: 26.5148
    annual_cost: 1.813368382940848
    efficiency: 0.602157
    discharge_ratio: 0.1
    depth_of_discharge: 0.4
  Li-ion:
    cost: 157.385
    lifetime: 29.1392
    annual_cost: 5.401143476828465
    efficiency: 0.967789
    discharge_ratio: 2
    depth_of_discharge: 0.9
  Pb-acid:
    cost: 191.636
    lifetime: 9.28844
    annual_cost: 20.63166688916546
    efficiency: 0.676611
    discharge_ratio: 5
    depth_of_discharge: 0.5
  VRBF:
    cost: 217.759
    lifetime: 18.7002
    annual_cost: 11.644741767467728
    efficiency: 0.716231
    discharge_ratio: 0.5
    depth_of_discharge: 1.0
