cost_values:
  wind_capex: 5000.0
  wind_opex: 100
  wind_lifetime: 20
  solar_capex: 1000.0
  solar_opex: 10
  solar_lifetime: 20
  carbon_price: 1.0
timeseries_values:
  load_level: 240053.4814613137
  wind_year: 2011
  solar_year: 2011
  price_year: 2023
  carbon_year: 2023
storage_values:
  CAES:
    cost: 49.3739
    lifetime: 26.4679
    annual_cost: 1.8654256665621374
    efficiency: 0.596784
    discharge_ratio: 0.1
    depth_of_discharge: 0.4
  Li-ion:
    cost: 136.722
    lifetime: 29.5656
    annual_cost: 4.624360743566848
    efficiency: 0.944714
    discharge_ratio: 2
    depth_of_discharge: 0.9
  Pb-acid:
    cost: 183.664
    lifetime: 11.1108
    annual_cost: 16.530222846239695
    efficiency: 0.683979
    discharge_ratio: 5
    depth_of_discharge: 0.5
  VRBF:
    cost: 196.254
    lifetime: 20.0945
    annual_cost: 9.766553036900644
    efficiency: 0.708938
    discharge_ratio: 0.5
    depth_of_discharge: 1.0
