cost_values:
  wind_capex: 5000.0
  wind_opex: 100
  wind_lifetime: 20
  solar_capex: 1000.0
  solar_opex: 10
  solar_lifetime: 20
  carbon_price: 1.0
timeseries_values:
  load_level: 240053.4814613137
  wind_year: 2011
  solar_year: 2011
  price_year: 2023
  carbon_year: 2023
storage_values:
  CAES:
    cost: 58.801
    lifetime: 26.9215
    annual_cost: 2.1841650725256763
    efficiency: 0.588998
    discharge_ratio: 0.1
    depth_of_discharge: 0.4
  Li-ion:
    cost: 163.516
    lifetime: 27.9672
    annual_cost: 5.84670614148002
    efficiency: 0.956618
    discharge_ratio: 2
    depth_of_discharge: 0.9
  Pb-acid:
    cost: 181.821
    lifetime: 12.2972
    annual_cost: 14.785560940701949
    efficiency: 0.693978
    discharge_ratio: 5
    depth_of_discharge: 0.5
  VRBF:
    cost: 190.624
    lifetime: 20.6443
    annual_cost: 9.233735219891203
    efficiency: 0.719972
    discharge_ratio: 0.5
    depth_of_discharge: 1.0
