cost_values:
  wind_capex: 5000.0
  wind_opex: 100
  wind_lifetime: 20
  solar_capex: 1000.0
  solar_opex: 10
  solar_lifetime: 20
  carbon_price: 1.0
timeseries_values:
  load_level: 240053.4814613137
  wind_year: 2011
  solar_year: 2011
  price_year: 2023
  carbon_year: 2023
storage_values:
  CAES:
    cost: 53.0091
    lifetime: 25.5508
    annual_cost: 2.0746551967061695
    efficiency: 0.604069
    discharge_ratio: 0.1
    depth_of_discharge: 0.4
  Li-ion:
    cost: 182.499
    lifetime: 28.3104
    annual_cost: 6.446358935232282
    efficiency: 0.951336
    discharge_ratio: 2
    depth_of_discharge: 0.9
  Pb-acid:
    cost: 207.586
    lifetime: 11.544
    annual_cost: 17.982155232155232
    efficiency: 0.666719
    discharge_ratio: 5
    depth_of_discharge: 0.5
  VRBF:
    cost: 213.378
    lifetime: 21.3992
    annual_cost: 9.971307338592096
    efficiency: 0.723881
    discharge_ratio: 0.5
    depth_of_discharge: 1.0
