cost_values:
  wind_capex: 5000.0
  wind_opex: 100
  wind_lifetime: 20
  solar_capex: 1000.0
  solar_opex: 10
  solar_lifetime: 20
  carbon_price: 1.0
timeseries_values:
  load_level: 240053.4814613137
  wind_year: 2011
  solar_year: 2011
  price_year: 2023
  carbon_year: 2023
storage_values:
  CAES:
    cost: 54.1663
    lifetime: 25.6502
    annual_cost: 2.1117301229620042
    efficiency: 0.599569
    discharge_ratio: 0.1
    depth_of_discharge: 0.4
  Li-ion:
    cost: 169.938
    lifetime: 28.2859
    annual_cost: 6.007869645300308
    efficiency: 0.943529
    discharge_ratio: 2
    depth_of_discharge: 0.9
  Pb-acid:
    cost: 171.81
    lifetime: 8.4718
    annual_cost: 20.280223801317312
    efficiency: 0.677934
    discharge_ratio: 5
    depth_of_discharge: 0.5
  VRBF:
    cost: 217.563
    lifetime: 21.0538
    annual_cost: 10.333668981371535
    efficiency: 0.740335
    discharge_ratio: 0.5
    depth_of_discharge: 1.0
