cost_values:
  wind_capex: 5000.0
  wind_opex: 100
  wind_lifetime: 20
  solar_capex: 1000.0
  solar_opex: 10
  solar_lifetime: 20
  carbon_price: 1.0
timeseries_values:
  load_level: 240053.4814613137
  wind_year: 2011
  solar_year: 2011
  price_year: 2023
  carbon_year: 2023
storage_values:
  CAES:
    cost: 50.8505
    lifetime: 26.7351
    annual_cost: 1.902012709883262
    efficiency: 0.585783
    discharge_ratio: 0.1
    depth_of_discharge: 0.4
  Li-ion:
    cost: 173.053
    lifetime: 27.8327
    annual_cost: 6.21761453254625
    efficiency: 0.962094
    discharge_ratio: 2
    depth_of_discharge: 0.9
  Pb-acid:
    cost: 213.115
    lifetime: 10.0498
    annual_cost: 21.20589464466955
    efficiency: 0.677039
    discharge_ratio: 5
    depth_of_discharge: 0.5
  VRBF:
    cost: 211.81
    lifetime: 18.0846
    annual_cost: 11.712174999723523
    efficiency: 0.733903
    discharge_ratio: 0.5
    depth_of_discharge: 1.0
