cost_values:
  wind_capex: 5000.0
  wind_opex: 100
  wind_lifetime: 20
  solar_capex: 1000.0
  solar_opex: 10
  solar_lifetime: 20
  carbon_price: 1.0
timeseries_values:
  load_level: 240053.4814613137
  wind_year: 2011
  solar_year: 2011
  price_year: 2023
  carbon_year: 2023
storage_values:
  CAES:
    cost: 51.0612
    lifetime: 25.0247
    annual_cost: 2.0404320531315063
    efficiency: 0.591828
    discharge_ratio: 0.1
    depth_of_discharge: 0.4
  Li-ion:
    cost: 182.296
    lifetime: 29.585
    annual_cost: 6.161771167821531
    efficiency: 0.954599
    discharge_ratio: 2
    depth_of_discharge: 0.9
  Pb-acid:
    cost: 217.687
    lifetime: 10.3308
    annual_cost: 21.07164982382778
    efficiency: 0.679367
    discharge_ratio: 5
    depth_of_discharge: 0.5
  VRBF:
    cost: 206.882
    lifetime: 22.7075
    annual_cost: 9.110734338874822
    efficiency: 0.711816
    discharge_ratio: 0.5
    depth_of_discharge: 1.0
