cost_values:
  wind_capex: 5000.0
  wind_opex: 100
  wind_lifetime: 20
  solar_capex: 1000.0
  solar_opex: 10
  solar_lifetime: 20
  carbon_price: 1.0
timeseries_values:
  load_level: 240053.4814613137
  wind_year: 2011
  solar_year: 2011
  price_year: 2023
  carbon_year: 2023
storage_values:
  CAES:
    cost: 45.503
    lifetime: 25.3272
    annual_cost: 1.79660602040494
    efficiency: 0.598469
    discharge_ratio: 0.1
    depth_of_discharge: 0.4
  Li-ion:
    cost: 163.389
    lifetime: 28.198
    annual_cost: 5.7943471168167955
    efficiency: 0.951304
    discharge_ratio: 2
    depth_of_discharge: 0.9
  Pb-acid:
    cost: 199.666
    lifetime: 10.6119
    annual_cost: 18.81529226622942
    efficiency: 0.667375
    discharge_ratio: 5
    depth_of_discharge: 0.5
  VRBF:
    cost: 189.871
    lifetime: 21.6714
    annual_cost: 8.761362902258277
    efficiency: 0.703448
    discharge_ratio: 0.5
    depth_of_discharge: 1.0
