cost_values:
  wind_capex: 5000.0
  wind_opex: 100
  wind_lifetime: 20
  solar_capex: 1000.0
  solar_opex: 10
  solar_lifetime: 20
  carbon_price: 1.0
timeseries_values:
  load_level: 240053.4814613137
  wind_year: 2011
  solar_year: 2011
  price_year: 2023
  carbon_year: 2023
storage_values:
  CAES:
    cost: 49.3241
    lifetime: 25.1237
    annual_cost: 1.9632498397927058
    efficiency: 0.587955
    discharge_ratio: 0.1
    depth_of_discharge: 0.4
  Li-ion:
    cost: 173.386
    lifetime: 28.8818
    annual_cost: 6.003296193450547
    efficiency: 0.964321
    discharge_ratio: 2
    depth_of_discharge: 0.9
  Pb-acid:
    cost: 204.056
    lifetime: 9.47786
    annual_cost: 21.52975460705265
    efficiency: 0.672256
    discharge_ratio: 5
    depth_of_discharge: 0.5
  VRBF:
    cost: 179.755
    lifetime: 20.3901
    annual_cost: 8.815797862688266
    efficiency: 0.736633
    discharge_ratio: 0.5
    depth_of_discharge: 1.0
