cost_values:
  wind_capex: 5000.0
  wind_opex: 100
  wind_lifetime: 20
  solar_capex: 1000.0
  solar_opex: 10
  solar_lifetime: 20
  carbon_price: 1.0
timeseries_values:
  load_level: 240053.4814613137
  wind_year: 2011
  solar_year: 2011
  price_year: 2023
  carbon_year: 2023
storage_values:
  CAES:
    cost: 46.4104
    lifetime: 25.5438
    annual_cost: 1.816894902089744
    efficiency: 0.583708
    discharge_ratio: 0.1
    depth_of_discharge: 0.4
  Li-ion:
    cost: 162.714
    lifetime: 28.4726
    annual_cost: 5.714757345658633
    efficiency: 0.954272
    discharge_ratio: 2
    depth_of_discharge: 0.9
  Pb-acid:
    cost: 190.104
    lifetime: 10.3836
    annual_cost: 18.308101236565356
    efficiency: 0.684726
    discharge_ratio: 5
    depth_of_discharge: 0.5
  VRBF:
    cost: 245.198
    lifetime: 20.7087
    annual_cost: 11.840337635872846
    efficiency: 0.730115
    discharge_ratio: 0.5
    depth_of_discharge: 1.0
