cost_values:
  wind_capex: 5000.0
  wind_opex: 100
  wind_lifetime: 20
  solar_capex: 1000.0
  solar_opex: 10
  solar_lifetime: 20
  carbon_price: 1.0
timeseries_values:
  load_level: 240053.4814613137
  wind_year: 2011
  solar_year: 2011
  price_year: 2023
  carbon_year: 2023
storage_values:
  CAES:
    cost: 49.6558
    lifetime: 25.6758
    annual_cost: 1.933953372436302
    efficiency: 0.60041
    discharge_ratio: 0.1
    depth_of_discharge: 0.4
  Li-ion:
    cost: 160.57
    lifetime: 28.117
    annual_cost: 5.7107799551872525
    efficiency: 0.963147
    discharge_ratio: 2
    depth_of_discharge: 0.9
  Pb-acid:
    cost: 176.591
    lifetime: 10.9875
    annual_cost: 16.071990898748577
    efficiency: 0.674235
    discharge_ratio: 5
    depth_of_discharge: 0.5
  VRBF:
    cost: 197.445
    lifetime: 20.4916
    annual_cost: 9.635411583282906
    efficiency: 0.723086
    discharge_ratio: 0.5
    depth_of_discharge: 1.0
