cost_values:
  wind_capex: 5000.0
  wind_opex: 100
  wind_lifetime: 20
  solar_capex: 1000.0
  solar_opex: 10
  solar_lifetime: 20
  carbon_price: 1.0
timeseries_values:
  load_level: 240053.4814613137
  wind_year: 2011
  solar_year: 2011
  price_year: 2023
  carbon_year: 2023
storage_values:
  CAES:
    cost: 54.4068
    lifetime: 24.8384
    annual_cost: 2.190430945632569
    efficiency: 0.594553
    discharge_ratio: 0.1
    depth_of_discharge: 0.4
  Li-ion:
    cost: 155.151
    lifetime: 29.3606
    annual_cost: 5.284326614578721
    efficiency: 0.948723
    discharge_ratio: 2
    depth_of_discharge: 0.9
  Pb-acid:
    cost: 157.834
    lifetime: 10.3416
    annual_cost: 15.26204842577551
    efficiency: 0.674116
    discharge_ratio: 5
    depth_of_discharge: 0.5
  VRBF:
    cost: 215.724
    lifetime: 20.7968
    annual_cost: 10.37294199107555
    efficiency: 0.71655
    discharge_ratio: 0.5
    depth_of_discharge: 1.0
