cost_values:
  wind_capex: 5000.0
  wind_opex: 100
  wind_lifetime: 20
  solar_capex: 1000.0
  solar_opex: 10
  solar_lifetime: 20
  carbon_price: 1.0
timeseries_values:
  load_level: 240053.4814613137
  wind_year: 2011
  solar_year: 2011
  price_year: 2023
  carbon_year: 2023
storage_values:
  CAES:
    cost: 54.6115
    lifetime: 24.7968
    annual_cost: 2.202360788488837
    efficiency: 0.596783
    discharge_ratio: 0.1
    depth_of_discharge: 0.4
  Li-ion:
    cost: 170.534
    lifetime: 27.8372
    annual_cost: 6.12611900622189
    efficiency: 0.965128
    discharge_ratio: 2
    depth_of_discharge: 0.9
  Pb-acid:
    cost: 210.049
    lifetime: 9.06413
    annual_cost: 23.173652628547913
    efficiency: 0.683635
    discharge_ratio: 5
    depth_of_discharge: 0.5
  VRBF:
    cost: 187.481
    lifetime: 22.6686
    annual_cost: 8.270515161942068
    efficiency: 0.72714
    discharge_ratio: 0.5
    depth_of_discharge: 1.0
