cost_values:
  wind_capex: 5000.0
  wind_opex: 100
  wind_lifetime: 20
  solar_capex: 1000.0
  solar_opex: 10
  solar_lifetime: 20
  carbon_price: 1.0
timeseries_values:
  load_level: 240053.4814613137
  wind_year: 2011
  solar_year: 2011
  price_year: 2023
  carbon_year: 2023
storage_values:
  CAES:
    cost: 55.6185
    lifetime: 25.6388
    annual_cost: 2.1693097960903005
    efficiency: 0.60453
    discharge_ratio: 0.1
    depth_of_discharge: 0.4
  Li-ion:
    cost: 168.456
    lifetime: 28.6535
    annual_cost: 5.879072364632592
    efficiency: 0.943453
    discharge_ratio: 2
    depth_of_discharge: 0.9
  Pb-acid:
    cost: 171.05
    lifetime: 11.3332
    annual_cost: 15.092824621466136
    efficiency: 0.684204
    discharge_ratio: 5
    depth_of_discharge: 0.5
  VRBF:
    cost: 165.011
    lifetime: 20.4056
    annual_cost: 8.086554671266711
    efficiency: 0.713027
    discharge_ratio: 0.5
    depth_of_discharge: 1.0
