cost_values:
  wind_capex: 5000.0
  wind_opex: 100
  wind_lifetime: 20
  solar_capex: 1000.0
  solar_opex: 10
  solar_lifetime: 20
  carbon_price: 1.0
timeseries_values:
  load_level: 240053.4814613137
  wind_year: 2011
  solar_year: 2011
  price_year: 2023
  carbon_year: 2023
storage_values:
  CAES:
    cost: 50.9576
    lifetime: 25.9265
    annual_cost: 1.9654639075849034
    efficiency: 0.590291
    discharge_ratio: 0.1
    depth_of_discharge: 0.4
  Li-ion:
    cost: 151.684
    lifetime: 29.7867
    annual_cost: 5.092339869807666
    efficiency: 0.94682
    discharge_ratio: 2
    depth_of_discharge: 0.9
  Pb-acid:
    cost: 182.943
    lifetime: 10.3493
    annual_cost: 17.676847709506927
    efficiency: 0.681416
    discharge_ratio: 5
    depth_of_discharge: 0.5
  VRBF:
    cost: 228.926
    lifetime: 23.1517
    annual_cost: 9.888085972088442
    efficiency: 0.69693
    discharge_ratio: 0.5
    depth_of_discharge: 1.0
