cost_values:
  wind_capex: 5000.0
  wind_opex: 100
  wind_lifetime: 20
  solar_capex: 1000.0
  solar_opex: 10
  solar_lifetime: 20
  carbon_price: 1.0
timeseries_values:
  load_level: 240053.4814613137
  wind_year: 2011
  solar_year: 2011
  price_year: 2023
  carbon_year: 2023
storage_values:
  CAES:
    cost: 56.8808
    lifetime: 25.6863
    annual_cost: 2.214441161241596
    efficiency: 0.599332
    discharge_ratio: 0.1
    depth_of_discharge: 0.4
  Li-ion:
    cost: 158.596
    lifetime: 27.5566
    annual_cost: 5.755281856252223
    efficiency: 0.943486
    discharge_ratio: 2
    depth_of_discharge: 0.9
  Pb-acid:
    cost: 187.397
    lifetime: 11.0763
    annual_cost: 16.918736401144788
    efficiency: 0.664246
    discharge_ratio: 5
    depth_of_discharge: 0.5
  VRBF:
    cost: 221.079
    lifetime: 19.5448
    annual_cost: 11.311397404936352
    efficiency: 0.701033
    discharge_ratio: 0.5
    depth_of_discharge: 1.0
