cost_values:
  wind_capex: 5000.0
  wind_opex: 100
  wind_lifetime: 20
  solar_capex: 1000.0
  solar_opex: 10
  solar_lifetime: 20
  carbon_price: 1.0
timeseries_values:
  load_level: 240053.4814613137
  wind_year: 2011
  solar_year: 2011
  price_year: 2023
  carbon_year: 2023
storage_values:
  CAES:
    cost: 54.5327
    lifetime: 26.5217
    annual_cost: 2.0561540172764188
    efficiency: 0.592583
    discharge_ratio: 0.1
    depth_of_discharge: 0.4
  Li-ion:
    cost: 151.596
    lifetime: 27.4643
    annual_cost: 5.519747453967514
    efficiency: 0.941469
    discharge_ratio: 2
    depth_of_discharge: 0.9
  Pb-acid:
    cost: 200.865
    lifetime: 10.7693
    annual_cost: 18.651630096663666
    efficiency: 0.69046
    discharge_ratio: 5
    depth_of_discharge: 0.5
  VRBF:
    cost: 173.426
    lifetime: 20.0873
    annual_cost: 8.63361427369532
    efficiency: 0.713342
    discharge_ratio: 0.5
    depth_of_discharge: 1.0
