cost_values:
  wind_capex: 5000.0
  wind_opex: 100
  wind_lifetime: 20
  solar_capex: 1000.0
  solar_opex: 10
  solar_lifetime: 20
  carbon_price: 1.0
timeseries_values:
  load_level: 240053.4814613137
  wind_year: 2011
  solar_year: 2011
  price_year: 2023
  carbon_year: 2023
storage_values:
  CAES:
    cost: 47.0866
    lifetime: 24.1181
    annual_cost: 1.952334553716918
    efficiency: 0.589199
    discharge_ratio: 0.1
    depth_of_discharge: 0.4
  Li-ion:
    cost: 173.406
    lifetime: 29.3822
    annual_cost: 5.901736425454867
    efficiency: 0.95677
    discharge_ratio: 2
    depth_of_discharge: 0.9
  Pb-acid:
    cost: 196.462
    lifetime: 9.2453
    annual_cost: 21.24993239808335
    efficiency: 0.684607
    discharge_ratio: 5
    depth_of_discharge: 0.5
  VRBF:
    cost: 175.438
    lifetime: 21.7173
    annual_cost: 8.078260188881673
    efficiency: 0.726744
    discharge_ratio: 0.5
    depth_of_discharge: 1.0
