cost_values:
  wind_capex: 5000.0
  wind_opex: 100
  wind_lifetime: 20
  solar_capex: 1000.0
  solar_opex: 10
  solar_lifetime: 20
  carbon_price: 1.0
timeseries_values:
  load_level: 240053.4814613137
  wind_year: 2011
  solar_year: 2011
  price_year: 2023
  carbon_year: 2023
storage_values:
  CAES:
    cost: 56.8247
    lifetime: 25.9718
    annual_cost: 2.187938456325707
    efficiency: 0.595973
    discharge_ratio: 0.1
    depth_of_discharge: 0.4
  Li-ion:
    cost: 166.561
    lifetime: 27.5505
    annual_cost: 6.045661603237691
    efficiency: 0.960261
    discharge_ratio: 2
    depth_of_discharge: 0.9
  Pb-acid:
    cost: 169.371
    lifetime: 9.86489
    annual_cost: 17.169071322640193
    efficiency: 0.663283
    discharge_ratio: 5
    depth_of_discharge: 0.5
  VRBF:
    cost: 235.808
    lifetime: 21.3349
    annual_cost: 11.052688318201632
    efficiency: 0.73282
    discharge_ratio: 0.5
    depth_of_discharge: 1.0
