cost_values:
  wind_capex: 5000.0
  wind_opex: 100
  wind_lifetime: 20
  solar_capex: 1000.0
  solar_opex: 10
  solar_lifetime: 20
  carbon_price: 1.0
timeseries_values:
  load_level: 240053.4814613137
  wind_year: 2011
  solar_year: 2011
  price_year: 2023
  carbon_year: 2023
storage_values:
  CAES:
    cost: 51.1632
    lifetime: 26.7734
    annual_cost: 1.9109713372227661
    efficiency: 0.60307
    discharge_ratio: 0.1
    depth_of_discharge: 0.4
  Li-ion:
    cost: 166.752
    lifetime: 26.5431
    annual_cost: 6.2823106570069065
    efficiency: 0.957571
    discharge_ratio: 2
    depth_of_discharge: 0.9
  Pb-acid:
    cost: 195.203
    lifetime: 10.5687
    annual_cost: 18.469915883694306
    efficiency: 0.676052
    discharge_ratio: 5
    depth_of_discharge: 0.5
  VRBF:
    cost: 181.102
    lifetime: 20.4596
    annual_cost: 8.851688205047997
    efficiency: 0.725367
    discharge_ratio: 0.5
    depth_of_discharge: 1.0
