cost_values:
  wind_capex: 5000.0
  wind_opex: 100
  wind_lifetime: 20
  solar_capex: 1000.0
  solar_opex: 10
  solar_lifetime: 20
  carbon_price: 1.0
timeseries_values:
  load_level: 240053.4814613137
  wind_year: 2011
  solar_year: 2011
  price_year: 2023
  carbon_year: 2023
storage_values:
  CAES:
    cost: 53.7257
    lifetime: 25.9657
    annual_cost: 2.0691027008707645
    efficiency: 0.595136
    discharge_ratio: 0.1
    depth_of_discharge: 0.4
  Li-ion:
    cost: 148.381
    lifetime: 27.4395
    annual_cost: 5.4075693799085265
    efficiency: 0.957202
    discharge_ratio: 2
    depth_of_discharge: 0.9
  Pb-acid:
    cost: 193.485
    lifetime: 12.0421
    annual_cost: 16.067380274204666
    efficiency: 0.672269
    discharge_ratio: 5
    depth_of_discharge: 0.5
  VRBF:
    cost: 176.24
    lifetime: 20.8928
    annual_cost: 8.43544187471282
    efficiency: 0.723472
    discharge_ratio: 0.5
    depth_of_discharge: 1.0
