cost_values:
  wind_capex: 5000.0
  wind_opex: 100
  wind_lifetime: 20
  solar_capex: 1000.0
  solar_opex: 10
  solar_lifetime: 20
  carbon_price: 1.0
timeseries_values:
  load_level: 240053.4814613137
  wind_year: 2011
  solar_year: 2011
  price_year: 2023
  carbon_year: 2023
storage_values:
  CAES:
    cost: 61.0846
    lifetime: 24.4353
    annual_cost: 2.4998506259387034
    efficiency: 0.589653
    discharge_ratio: 0.1
    depth_of_discharge: 0.4
  Li-ion:
    cost: 197.474
    lifetime: 29.6379
    annual_cost: 6.662887721464746
    efficiency: 0.943276
    discharge_ratio: 2
    depth_of_discharge: 0.9
  Pb-acid:
    cost: 191.02
    lifetime: 10.6772
    annual_cost: 17.890458172554606
    efficiency: 0.667435
    discharge_ratio: 5
    depth_of_discharge: 0.5
  VRBF:
    cost: 219.749
    lifetime: 20.7658
    annual_cost: 10.582255439231814
    efficiency: 0.729516
    discharge_ratio: 0.5
    depth_of_discharge: 1.0
