cost_values:
  wind_capex: 5000.0
  wind_opex: 100
  wind_lifetime: 20
  solar_capex: 1000.0
  solar_opex: 10
  solar_lifetime: 20
  carbon_price: 1.0
timeseries_values:
  load_level: 247610.92006336708
  wind_year: 2015
  solar_year: 2017
  price_year: 2023
  carbon_year: 2023
storage_values:
  CAES:
    cost: 38.3261
    lifetime: 26.4785
    annual_cost: 1.447442264478728
    efficiency: 0.586115
    discharge_ratio: 0.1
    depth_of_discharge: 0.4
  Li-ion:
    cost: 290.488
    lifetime: 22.117
    annual_cost: 13.134150201202694
    efficiency: 0.961203
    discharge_ratio: 2
    depth_of_discharge: 0.9
  Pb-acid:
    cost: 168.485
    lifetime: 10.2197
    annual_cost: 16.48629607522726
    efficiency: 0.771537
    discharge_ratio: 5
    depth_of_discharge: 0.5
  VRBF:
    cost: 251.765
    lifetime: 19.1698
    annual_cost: 13.13341818902649
    efficiency: 0.686008
    discharge_ratio: 0.5
    depth_of_discharge: 1.0
