cost_values:
  wind_capex: 5000.0
  wind_opex: 100
  wind_lifetime: 20
  solar_capex: 1000.0
  solar_opex: 10
  solar_lifetime: 20
  carbon_price: 1.0
timeseries_values:
  load_level: 247610.92006336708
  wind_year: 2015
  solar_year: 2017
  price_year: 2023
  carbon_year: 2023
storage_values:
  CAES:
    cost: 29.5997
    lifetime: 25.3308
    annual_cost: 1.168526063132629
    efficiency: 0.590647
    discharge_ratio: 0.1
    depth_of_discharge: 0.4
  Li-ion:
    cost: 265.174
    lifetime: 20.5341
    annual_cost: 12.91383600936978
    efficiency: 0.957338
    discharge_ratio: 2
    depth_of_discharge: 0.9
  Pb-acid:
    cost: 143.839
    lifetime: 10.017
    annual_cost: 14.359488868922831
    efficiency: 0.776719
    discharge_ratio: 5
    depth_of_discharge: 0.5
  VRBF:
    cost: 241.036
    lifetime: 19.3378
    annual_cost: 12.464499581131255
    efficiency: 0.690497
    discharge_ratio: 0.5
    depth_of_discharge: 1.0
