cost_values:
  wind_capex: 5000.0
  wind_opex: 100
  wind_lifetime: 20
  solar_capex: 1000.0
  solar_opex: 10
  solar_lifetime: 20
  carbon_price: 1.0
timeseries_values:
  load_level: 247610.92006336708
  wind_year: 2015
  solar_year: 2017
  price_year: 2023
  carbon_year: 2023
storage_values:
  CAES:
    cost: 34.0857
    lifetime: 25.8586
    annual_cost: 1.3181572088202766
    efficiency: 0.585728
    discharge_ratio: 0.1
    depth_of_discharge: 0.4
  Li-ion:
    cost: 280.399
    lifetime: 21.5429
    annual_cost: 13.015842806678767
    efficiency: 0.960615
    discharge_ratio: 2
    depth_of_discharge: 0.9
  Pb-acid:
    cost: 164.842
    lifetime: 10.0866
    annual_cost: 16.34267245652648
    efficiency: 0.761306
    discharge_ratio: 5
    depth_of_discharge: 0.5
  VRBF:
    cost: 216.338
    lifetime: 17.4541
    annual_cost: 12.394680905918953
    efficiency: 0.672034
    discharge_ratio: 0.5
    depth_of_discharge: 1.0
