cost_values:
  wind_capex: 5000.0
  wind_opex: 100
  wind_lifetime: 20
  solar_capex: 1000.0
  solar_opex: 10
  solar_lifetime: 20
  carbon_price: 1.0
timeseries_values:
  load_level: 247610.92006336708
  wind_year: 2015
  solar_year: 2017
  price_year: 2023
  carbon_year: 2023
storage_values:
  CAES:
    cost: 26.2446
    lifetime: 26.362
    annual_cost: 0.9955466201350429
    efficiency: 0.587617
    discharge_ratio: 0.1
    depth_of_discharge: 0.4
  Li-ion:
    cost: 272.245
    lifetime: 21.9846
    annual_cost: 12.383441136067974
    efficiency: 0.968459
    discharge_ratio: 2
    depth_of_discharge: 0.9
  Pb-acid:
    cost: 162.44
    lifetime: 8.95753
    annual_cost: 18.134463406765033
    efficiency: 0.746423
    discharge_ratio: 5
    depth_of_discharge: 0.5
  VRBF:
    cost: 191.222
    lifetime: 19.3314
    annual_cost: 9.891782281676445
    efficiency: 0.682356
    discharge_ratio: 0.5
    depth_of_discharge: 1.0
