cost_values:
  wind_capex: 5000.0
  wind_opex: 100
  wind_lifetime: 20
  solar_capex: 1000.0
  solar_opex: 10
  solar_lifetime: 20
  carbon_price: 1.0
timeseries_values:
  load_level: 247610.92006336708
  wind_year: 2015
  solar_year: 2017
  price_year: 2023
  carbon_year: 2023
storage_values:
  CAES:
    cost: 35.2559
    lifetime: 26.8281
    annual_cost: 1.3141407703117254
    efficiency: 0.594207
    discharge_ratio: 0.1
    depth_of_discharge: 0.4
  Li-ion:
    cost: 257.877
    lifetime: 19.9767
    annual_cost: 12.908888855516677
    efficiency: 0.956003
    discharge_ratio: 2
    depth_of_discharge: 0.9
  Pb-acid:
    cost: 137.388
    lifetime: 10.5523
    annual_cost: 13.019720819157909
    efficiency: 0.770636
    discharge_ratio: 5
    depth_of_discharge: 0.5
  VRBF:
    cost: 200.882
    lifetime: 20.126
    annual_cost: 9.981218324555302
    efficiency: 0.659796
    discharge_ratio: 0.5
    depth_of_discharge: 1.0
