cost_values:
  wind_capex: 5000.0
  wind_opex: 100
  wind_lifetime: 20
  solar_capex: 1000.0
  solar_opex: 10
  solar_lifetime: 20
  carbon_price: 1.0
timeseries_values:
  load_level: 247610.92006336708
  wind_year: 2015
  solar_year: 2017
  price_year: 2023
  carbon_year: 2023
storage_values:
  CAES:
    cost: 37.0482
    lifetime: 25.1187
    annual_cost: 1.4749250558348959
    efficiency: 0.595809
    discharge_ratio: 0.1
    depth_of_discharge: 0.4
  Li-ion:
    cost: 276.976
    lifetime: 22.1939
    annual_cost: 12.479825537647733
    efficiency: 0.97185
    discharge_ratio: 2
    depth_of_discharge: 0.9
  Pb-acid:
    cost: 145.922
    lifetime: 9.99769
    annual_cost: 14.595571577034294
    efficiency: 0.773467
    discharge_ratio: 5
    depth_of_discharge: 0.5
  VRBF:
    cost: 246.981
    lifetime: 17.0424
    annual_cost: 14.492148993099562
    efficiency: 0.664988
    discharge_ratio: 0.5
    depth_of_discharge: 1.0
