cost_values:
  wind_capex: 5000.0
  wind_opex: 100
  wind_lifetime: 20
  solar_capex: 1000.0
  solar_opex: 10
  solar_lifetime: 20
  carbon_price: 1.0
timeseries_values:
  load_level: 247610.92006336708
  wind_year: 2015
  solar_year: 2017
  price_year: 2023
  carbon_year: 2023
storage_values:
  CAES:
    cost: 33.2008
    lifetime: 26.4088
    annual_cost: 1.2571869982733028
    efficiency: 0.611854
    discharge_ratio: 0.1
    depth_of_discharge: 0.4
  Li-ion:
    cost: 291.696
    lifetime: 22.266
    annual_cost: 13.10051199137699
    efficiency: 0.976445
    discharge_ratio: 2
    depth_of_discharge: 0.9
  Pb-acid:
    cost: 171.563
    lifetime: 10.0016
    annual_cost: 17.153555431131018
    efficiency: 0.767185
    discharge_ratio: 5
    depth_of_discharge: 0.5
  VRBF:
    cost: 227.182
    lifetime: 18.3786
    annual_cost: 12.361224467587302
    efficiency: 0.674778
    discharge_ratio: 0.5
    depth_of_discharge: 1.0
