cost_values:
  wind_capex: 5000.0
  wind_opex: 100
  wind_lifetime: 20
  solar_capex: 1000.0
  solar_opex: 10
  solar_lifetime: 20
  carbon_price: 1.0
timeseries_values:
  load_level: 247610.92006336708
  wind_year: 2015
  solar_year: 2017
  price_year: 2023
  carbon_year: 2023
storage_values:
  CAES:
    cost: 34.6905
    lifetime: 27.4148
    annual_cost: 1.2653931453083735
    efficiency: 0.594556
    discharge_ratio: 0.1
    depth_of_discharge: 0.4
  Li-ion:
    cost: 262.727
    lifetime: 23.5311
    annual_cost: 11.165096404332989
    efficiency: 0.965943
    discharge_ratio: 2
    depth_of_discharge: 0.9
  Pb-acid:
    cost: 169.474
    lifetime: 11.6628
    annual_cost: 14.531158898377747
    efficiency: 0.782664
    discharge_ratio: 5
    depth_of_discharge: 0.5
  VRBF:
    cost: 210.112
    lifetime: 17.7669
    annual_cost: 11.826036055811649
    efficiency: 0.681628
    discharge_ratio: 0.5
    depth_of_discharge: 1.0
