cost_values:
  wind_capex: 5000.0
  wind_opex: 100
  wind_lifetime: 20
  solar_capex: 1000.0
  solar_opex: 10
  solar_lifetime: 20
  carbon_price: 1.0
timeseries_values:
  load_level: 247610.92006336708
  wind_year: 2015
  solar_year: 2017
  price_year: 2023
  carbon_year: 2023
storage_values:
  CAES:
    cost: 35.294
    lifetime: 24.6104
    annual_cost: 1.4341091571043136
    efficiency: 0.598884
    discharge_ratio: 0.1
    depth_of_discharge: 0.4
  Li-ion:
    cost: 267.537
    lifetime: 20.9474
    annual_cost: 12.771847580129275
    efficiency: 0.958647
    discharge_ratio: 2
    depth_of_discharge: 0.9
  Pb-acid:
    cost: 143.272
    lifetime: 9.52364
    annual_cost: 15.043827780134485
    efficiency: 0.753246
    discharge_ratio: 5
    depth_of_discharge: 0.5
  VRBF:
    cost: 202.438
    lifetime: 16.388
    annual_cost: 12.352819135953135
    efficiency: 0.667673
    discharge_ratio: 0.5
    depth_of_discharge: 1.0
