cost_values:
  wind_capex: 5000.0
  wind_opex: 100
  wind_lifetime: 20
  solar_capex: 1000.0
  solar_opex: 10
  solar_lifetime: 20
  carbon_price: 1.0
timeseries_values:
  load_level: 247610.92006336708
  wind_year: 2015
  solar_year: 2017
  price_year: 2023
  carbon_year: 2023
storage_values:
  CAES:
    cost: 29.967
    lifetime: 26.0874
    annual_cost: 1.1487154718369788
    efficiency: 0.596735
    discharge_ratio: 0.1
    depth_of_discharge: 0.4
  Li-ion:
    cost: 284.531
    lifetime: 22.6631
    annual_cost: 12.55481377216709
    efficiency: 0.968415
    discharge_ratio: 2
    depth_of_discharge: 0.9
  Pb-acid:
    cost: 142.392
    lifetime: 10.7927
    annual_cost: 13.19336217999203
    efficiency: 0.777575
    discharge_ratio: 5
    depth_of_discharge: 0.5
  VRBF:
    cost: 221.003
    lifetime: 17.2301
    annual_cost: 12.826565138913876
    efficiency: 0.671793
    discharge_ratio: 0.5
    depth_of_discharge: 1.0
