cost_values:
  wind_capex: 5000.0
  wind_opex: 100
  wind_lifetime: 20
  solar_capex: 1000.0
  solar_opex: 10
  solar_lifetime: 20
  carbon_price: 1.0
timeseries_values:
  load_level: 247610.92006336708
  wind_year: 2015
  solar_year: 2017
  price_year: 2023
  carbon_year: 2023
storage_values:
  CAES:
    cost: 30.1833
    lifetime: 25.1763
    annual_cost: 1.1988775157588685
    efficiency: 0.58825
    discharge_ratio: 0.1
    depth_of_discharge: 0.4
  Li-ion:
    cost: 291.702
    lifetime: 22.9331
    annual_cost: 12.71969336897323
    efficiency: 0.960556
    discharge_ratio: 2
    depth_of_discharge: 0.9
  Pb-acid:
    cost: 164.689
    lifetime: 10.6714
    annual_cost: 15.432745469198043
    efficiency: 0.765289
    discharge_ratio: 5
    depth_of_discharge: 0.5
  VRBF:
    cost: 207.535
    lifetime: 17.021
    annual_cost: 12.192879384289993
    efficiency: 0.658123
    discharge_ratio: 0.5
    depth_of_discharge: 1.0
