cost_values:
  wind_capex: 5000.0
  wind_opex: 100
  wind_lifetime: 20
  solar_capex: 1000.0
  solar_opex: 10
  solar_lifetime: 20
  carbon_price: 1.0
timeseries_values:
  load_level: 247610.92006336708
  wind_year: 2015
  solar_year: 2017
  price_year: 2023
  carbon_year: 2023
storage_values:
  CAES:
    cost: 34.5577
    lifetime: 26.2052
    annual_cost: 1.3187344496512141
    efficiency: 0.589146
    discharge_ratio: 0.1
    depth_of_discharge: 0.4
  Li-ion:
    cost: 260.892
    lifetime: 22.3585
    annual_cost: 11.668582418319655
    efficiency: 0.974706
    discharge_ratio: 2
    depth_of_discharge: 0.9
  Pb-acid:
    cost: 159.822
    lifetime: 10.2657
    annual_cost: 15.568543791460883
    efficiency: 0.774548
    discharge_ratio: 5
    depth_of_discharge: 0.5
  VRBF:
    cost: 225.502
    lifetime: 17.4779
    annual_cost: 12.902122108491294
    efficiency: 0.659818
    discharge_ratio: 0.5
    depth_of_discharge: 1.0
