cost_values:
  wind_capex: 5000.0
  wind_opex: 100
  wind_lifetime: 20
  solar_capex: 1000.0
  solar_opex: 10
  solar_lifetime: 20
  carbon_price: 1.0
timeseries_values:
  load_level: 247610.92006336708
  wind_year: 2015
  solar_year: 2017
  price_year: 2023
  carbon_year: 2023
storage_values:
  CAES:
    cost: 35.5825
    lifetime: 26.5339
    annual_cost: 1.341020355092919
    efficiency: 0.591368
    discharge_ratio: 0.1
    depth_of_discharge: 0.4
  Li-ion:
    cost: 273.871
    lifetime: 24.4551
    annual_cost: 11.198931920131178
    efficiency: 0.945218
    discharge_ratio: 2
    depth_of_discharge: 0.9
  Pb-acid:
    cost: 159.121
    lifetime: 11.2615
    annual_cost: 14.12964525152067
    efficiency: 0.763117
    discharge_ratio: 5
    depth_of_discharge: 0.5
  VRBF:
    cost: 239.72
    lifetime: 18.9107
    annual_cost: 12.676421285304087
    efficiency: 0.660766
    discharge_ratio: 0.5
    depth_of_discharge: 1.0
