cost_values:
  wind_capex: 5000.0
  wind_opex: 100
  wind_lifetime: 20
  solar_capex: 1000.0
  solar_opex: 10
  solar_lifetime: 20
  carbon_price: 1.0
timeseries_values:
  load_level: 247610.92006336708
  wind_year: 2015
  solar_year: 2017
  price_year: 2023
  carbon_year: 2023
storage_values:
  CAES:
    cost: 35.783
    lifetime: 26.2507
    annual_cost: 1.3631255547471117
    efficiency: 0.588447
    discharge_ratio: 0.1
    depth_of_discharge: 0.4
  Li-ion:
    cost: 262.865
    lifetime: 23.9096
    annual_cost: 10.994119516846789
    efficiency: 0.970493
    discharge_ratio: 2
    depth_of_discharge: 0.9
  Pb-acid:
    cost: 158.349
    lifetime: 12.3641
    annual_cost: 12.807159437403449
    efficiency: 0.763038
    discharge_ratio: 5
    depth_of_discharge: 0.5
  VRBF:
    cost: 225.566
    lifetime: 18.0459
    annual_cost: 12.499570539568545
    efficiency: 0.661566
    discharge_ratio: 0.5
    depth_of_discharge: 1.0
