cost_values:
  wind_capex: 5000.0
  wind_opex: 100
  wind_lifetime: 20
  solar_capex: 1000.0
  solar_opex: 10
  solar_lifetime: 20
  carbon_price: 1.0
timeseries_values:
  load_level: 247610.92006336708
  wind_year: 2015
  solar_year: 2017
  price_year: 2023
  carbon_year: 2023
storage_values:
  CAES:
    cost: 30.1922
    lifetime: 25.7256
    annual_cost: 1.1736247162359672
    efficiency: 0.594128
    discharge_ratio: 0.1
    depth_of_discharge: 0.4
  Li-ion:
    cost: 279.971
    lifetime: 22.6481
    annual_cost: 12.361787523015176
    efficiency: 0.977149
    discharge_ratio: 2
    depth_of_discharge: 0.9
  Pb-acid:
    cost: 162.303
    lifetime: 10.1762
    annual_cost: 15.949273795719424
    efficiency: 0.769207
    discharge_ratio: 5
    depth_of_discharge: 0.5
  VRBF:
    cost: 233.432
    lifetime: 15.781
    annual_cost: 14.791965021228057
    efficiency: 0.677386
    discharge_ratio: 0.5
    depth_of_discharge: 1.0
