cost_values:
  wind_capex: 5000.0
  wind_opex: 100
  wind_lifetime: 20
  solar_capex: 1000.0
  solar_opex: 10
  solar_lifetime: 20
  carbon_price: 1.0
timeseries_values:
  load_level: 247610.92006336708
  wind_year: 2015
  solar_year: 2017
  price_year: 2023
  carbon_year: 2023
storage_values:
  CAES:
    cost: 26.8222
    lifetime: 27.0345
    annual_cost: 0.9921470713347759
    efficiency: 0.595299
    discharge_ratio: 0.1
    depth_of_discharge: 0.4
  Li-ion:
    cost: 264.947
    lifetime: 21.6719
    annual_cost: 12.225370179818105
    efficiency: 0.956048
    discharge_ratio: 2
    depth_of_discharge: 0.9
  Pb-acid:
    cost: 155.252
    lifetime: 9.82388
    annual_cost: 15.80353180209856
    efficiency: 0.7507
    discharge_ratio: 5
    depth_of_discharge: 0.5
  VRBF:
    cost: 246.03
    lifetime: 16.5942
    annual_cost: 14.826264598474165
    efficiency: 0.665323
    discharge_ratio: 0.5
    depth_of_discharge: 1.0
