cost_values:
  wind_capex: 5000.0
  wind_opex: 100
  wind_lifetime: 20
  solar_capex: 1000.0
  solar_opex: 10
  solar_lifetime: 20
  carbon_price: 1.0
timeseries_values:
  load_level: 247610.92006336708
  wind_year: 2015
  solar_year: 2017
  price_year: 2023
  carbon_year: 2023
storage_values:
  CAES:
    cost: 33.8811
    lifetime: 25.3673
    annual_cost: 1.3356210554532806
    efficiency: 0.590166
    discharge_ratio: 0.1
    depth_of_discharge: 0.4
  Li-ion:
    cost: 278.387
    lifetime: 23.2238
    annual_cost: 11.987142500366003
    efficiency: 0.973173
    discharge_ratio: 2
    depth_of_discharge: 0.9
  Pb-acid:
    cost: 117.967
    lifetime: 8.86062
    annual_cost: 13.31362816597484
    efficiency: 0.760111
    discharge_ratio: 5
    depth_of_discharge: 0.5
  VRBF:
    cost: 254.082
    lifetime: 16.7289
    annual_cost: 15.188207234187544
    efficiency: 0.670501
    discharge_ratio: 0.5
    depth_of_discharge: 1.0
