cost_values:
  wind_capex: 5000.0
  wind_opex: 100
  wind_lifetime: 20
  solar_capex: 1000.0
  solar_opex: 10
  solar_lifetime: 20
  carbon_price: 1.0
timeseries_values:
  load_level: 247610.92006336708
  wind_year: 2015
  solar_year: 2017
  price_year: 2023
  carbon_year: 2023
storage_values:
  CAES:
    cost: 38.4967
    lifetime: 25.8907
    annual_cost: 1.4868929770149126
    efficiency: 0.591954
    discharge_ratio: 0.1
    depth_of_discharge: 0.4
  Li-ion:
    cost: 267.377
    lifetime: 21.1679
    annual_cost: 12.63124825797552
    efficiency: 0.959593
    discharge_ratio: 2
    depth_of_discharge: 0.9
  Pb-acid:
    cost: 165.884
    lifetime: 10.0028
    annual_cost: 16.583756548166512
    efficiency: 0.768838
    discharge_ratio: 5
    depth_of_discharge: 0.5
  VRBF:
    cost: 239.344
    lifetime: 17.776
    annual_cost: 13.464446444644464
    efficiency: 0.657829
    discharge_ratio: 0.5
    depth_of_discharge: 1.0
