cost_values:
  wind_capex: 5000.0
  wind_opex: 100
  wind_lifetime: 20
  solar_capex: 1000.0
  solar_opex: 10
  solar_lifetime: 20
  carbon_price: 1.0
timeseries_values:
  load_level: 247610.92006336708
  wind_year: 2015
  solar_year: 2017
  price_year: 2023
  carbon_year: 2023
storage_values:
  CAES:
    cost: 32.2037
    lifetime: 26.6587
    annual_cost: 1.2079996398924178
    efficiency: 0.586487
    discharge_ratio: 0.1
    depth_of_discharge: 0.4
  Li-ion:
    cost: 291.157
    lifetime: 21.2955
    annual_cost: 13.672231222558755
    efficiency: 0.972397
    discharge_ratio: 2
    depth_of_discharge: 0.9
  Pb-acid:
    cost: 155.46
    lifetime: 8.97755
    annual_cost: 17.316528451526306
    efficiency: 0.774877
    discharge_ratio: 5
    depth_of_discharge: 0.5
  VRBF:
    cost: 224.909
    lifetime: 17.5479
    annual_cost: 12.816861276847943
    efficiency: 0.677386
    discharge_ratio: 0.5
    depth_of_discharge: 1.0
