cost_values:
  wind_capex: 5000.0
  wind_opex: 100
  wind_lifetime: 20
  solar_capex: 1000.0
  solar_opex: 10
  solar_lifetime: 20
  carbon_price: 1.0
timeseries_values:
  load_level: 247610.92006336708
  wind_year: 2015
  solar_year: 2017
  price_year: 2023
  carbon_year: 2023
storage_values:
  CAES:
    cost: 30.212
    lifetime: 25.7447
    annual_cost: 1.1735230940737316
    efficiency: 0.588718
    discharge_ratio: 0.1
    depth_of_discharge: 0.4
  Li-ion:
    cost: 281.971
    lifetime: 23.8681
    annual_cost: 11.813717891243963
    efficiency: 0.972525
    discharge_ratio: 2
    depth_of_discharge: 0.9
  Pb-acid:
    cost: 154.694
    lifetime: 8.94697
    annual_cost: 17.290099329717208
    efficiency: 0.779817
    discharge_ratio: 5
    depth_of_discharge: 0.5
  VRBF:
    cost: 223.874
    lifetime: 17.9783
    annual_cost: 12.45245657264591
    efficiency: 0.663632
    discharge_ratio: 0.5
    depth_of_discharge: 1.0
