cost_values:
  wind_capex: 5000.0
  wind_opex: 100
  wind_lifetime: 20
  solar_capex: 1000.0
  solar_opex: 10
  solar_lifetime: 20
  carbon_price: 1.0
timeseries_values:
  load_level: 247610.92006336708
  wind_year: 2015
  solar_year: 2017
  price_year: 2023
  carbon_year: 2023
storage_values:
  CAES:
    cost: 29.216
    lifetime: 26.9238
    annual_cost: 1.0851365706178178
    efficiency: 0.60131
    discharge_ratio: 0.1
    depth_of_discharge: 0.4
  Li-ion:
    cost: 278.128
    lifetime: 22.2252
    annual_cost: 12.514083112862876
    efficiency: 0.973355
    discharge_ratio: 2
    depth_of_discharge: 0.9
  Pb-acid:
    cost: 153.424
    lifetime: 9.77579
    annual_cost: 15.694281485179202
    efficiency: 0.78191
    discharge_ratio: 5
    depth_of_discharge: 0.5
  VRBF:
    cost: 218.174
    lifetime: 18.0042
    annual_cost: 12.117950256051365
    efficiency: 0.68205
    discharge_ratio: 0.5
    depth_of_discharge: 1.0
