cost_values:
  wind_capex: 5000.0
  wind_opex: 100
  wind_lifetime: 20
  solar_capex: 1000.0
  solar_opex: 10
  solar_lifetime: 20
  carbon_price: 1.0
timeseries_values:
  load_level: 247610.92006336708
  wind_year: 2015
  solar_year: 2017
  price_year: 2023
  carbon_year: 2023
storage_values:
  CAES:
    cost: 32.4744
    lifetime: 25.0525
    annual_cost: 1.2962538668795531
    efficiency: 0.600583
    discharge_ratio: 0.1
    depth_of_discharge: 0.4
  Li-ion:
    cost: 262.929
    lifetime: 20.596
    annual_cost: 12.766022528646337
    efficiency: 0.970894
    discharge_ratio: 2
    depth_of_discharge: 0.9
  Pb-acid:
    cost: 144.307
    lifetime: 9.77172
    annual_cost: 14.76781979017
    efficiency: 0.774211
    discharge_ratio: 5
    depth_of_discharge: 0.5
  VRBF:
    cost: 266.811
    lifetime: 17.7883
    annual_cost: 14.999241074189213
    efficiency: 0.668285
    discharge_ratio: 0.5
    depth_of_discharge: 1.0
