cost_values:
  wind_capex: 5000.0
  wind_opex: 100
  wind_lifetime: 20
  solar_capex: 1000.0
  solar_opex: 10
  solar_lifetime: 20
  carbon_price: 1.0
timeseries_values:
  load_level: 247610.92006336708
  wind_year: 2015
  solar_year: 2017
  price_year: 2023
  carbon_year: 2023
storage_values:
  CAES:
    cost: 26.4633
    lifetime: 26.4924
    annual_cost: 0.9989015717715269
    efficiency: 0.600376
    discharge_ratio: 0.1
    depth_of_discharge: 0.4
  Li-ion:
    cost: 278.612
    lifetime: 23.5445
    annual_cost: 11.833421818259042
    efficiency: 0.970822
    discharge_ratio: 2
    depth_of_discharge: 0.9
  Pb-acid:
    cost: 159.357
    lifetime: 9.86436
    annual_cost: 16.154824033186138
    efficiency: 0.758205
    discharge_ratio: 5
    depth_of_discharge: 0.5
  VRBF:
    cost: 236.13
    lifetime: 18.5742
    annual_cost: 12.71279516749039
    efficiency: 0.681249
    discharge_ratio: 0.5
    depth_of_discharge: 1.0
