cost_values:
  wind_capex: 5000.0
  wind_opex: 100
  wind_lifetime: 20
  solar_capex: 1000.0
  solar_opex: 10
  solar_lifetime: 20
  carbon_price: 1.0
timeseries_values:
  load_level: 247610.92006336708
  wind_year: 2015
  solar_year: 2017
  price_year: 2023
  carbon_year: 2023
storage_values:
  CAES:
    cost: 30.4261
    lifetime: 25.2905
    annual_cost: 1.2030643917676598
    efficiency: 0.590278
    discharge_ratio: 0.1
    depth_of_discharge: 0.4
  Li-ion:
    cost: 261.096
    lifetime: 22.0259
    annual_cost: 11.854044556635598
    efficiency: 0.976019
    discharge_ratio: 2
    depth_of_discharge: 0.9
  Pb-acid:
    cost: 143.152
    lifetime: 9.95254
    annual_cost: 14.383463919763194
    efficiency: 0.760798
    discharge_ratio: 5
    depth_of_discharge: 0.5
  VRBF:
    cost: 200.69
    lifetime: 17.1541
    annual_cost: 11.69924391253403
    efficiency: 0.673262
    discharge_ratio: 0.5
    depth_of_discharge: 1.0
