cost_values:
  wind_capex: 5000.0
  wind_opex: 100
  wind_lifetime: 20
  solar_capex: 1000.0
  solar_opex: 10
  solar_lifetime: 20
  carbon_price: 1.0
timeseries_values:
  load_level: 247610.92006336708
  wind_year: 2015
  solar_year: 2017
  price_year: 2023
  carbon_year: 2023
storage_values:
  CAES:
    cost: 26.0926
    lifetime: 25.4363
    annual_cost: 1.02580170858183
    efficiency: 0.580739
    discharge_ratio: 0.1
    depth_of_discharge: 0.4
  Li-ion:
    cost: 284.718
    lifetime: 20.8987
    annual_cost: 13.62371822170757
    efficiency: 0.963332
    discharge_ratio: 2
    depth_of_discharge: 0.9
  Pb-acid:
    cost: 148.95
    lifetime: 11.5526
    annual_cost: 12.893201530391426
    efficiency: 0.770034
    discharge_ratio: 5
    depth_of_discharge: 0.5
  VRBF:
    cost: 224.414
    lifetime: 16.4537
    annual_cost: 13.639120684101446
    efficiency: 0.668131
    discharge_ratio: 0.5
    depth_of_discharge: 1.0
