cost_values:
  wind_capex: 5000.0
  wind_opex: 100
  wind_lifetime: 20
  solar_capex: 1000.0
  solar_opex: 10
  solar_lifetime: 20
  carbon_price: 1.0
timeseries_values:
  load_level: 247610.92006336708
  wind_year: 2015
  solar_year: 2017
  price_year: 2023
  carbon_year: 2023
storage_values:
  CAES:
    cost: 38.4282
    lifetime: 26.2483
    annual_cost: 1.4640262416994623
    efficiency: 0.600961
    discharge_ratio: 0.1
    depth_of_discharge: 0.4
  Li-ion:
    cost: 273.313
    lifetime: 22.7859
    annual_cost: 11.994830136180706
    efficiency: 0.967398
    discharge_ratio: 2
    depth_of_discharge: 0.9
  Pb-acid:
    cost: 152.069
    lifetime: 9.61975
    annual_cost: 15.807999168377556
    efficiency: 0.756163
    discharge_ratio: 5
    depth_of_discharge: 0.5
  VRBF:
    cost: 235.265
    lifetime: 17.8937
    annual_cost: 13.147923570865723
    efficiency: 0.66655
    discharge_ratio: 0.5
    depth_of_discharge: 1.0
