cost_values:
  wind_capex: 5000.0
  wind_opex: 100
  wind_lifetime: 20
  solar_capex: 1000.0
  solar_opex: 10
  solar_lifetime: 20
  carbon_price: 1.0
timeseries_values:
  load_level: 247610.92006336708
  wind_year: 2015
  solar_year: 2017
  price_year: 2023
  carbon_year: 2023
storage_values:
  CAES:
    cost: 28.1164
    lifetime: 25.9958
    annual_cost: 1.081574715915648
    efficiency: 0.600161
    discharge_ratio: 0.1
    depth_of_discharge: 0.4
  Li-ion:
    cost: 272.419
    lifetime: 21.0988
    annual_cost: 12.911587388856237
    efficiency: 0.971771
    discharge_ratio: 2
    depth_of_discharge: 0.9
  Pb-acid:
    cost: 177.257
    lifetime: 10.2151
    annual_cost: 17.352448825757946
    efficiency: 0.764979
    discharge_ratio: 5
    depth_of_discharge: 0.5
  VRBF:
    cost: 238.227
    lifetime: 18.7497
    annual_cost: 12.705643290292645
    efficiency: 0.675561
    discharge_ratio: 0.5
    depth_of_discharge: 1.0
