cost_values:
  wind_capex: 5000.0
  wind_opex: 100
  wind_lifetime: 20
  solar_capex: 1000.0
  solar_opex: 10
  solar_lifetime: 20
  carbon_price: 1.0
timeseries_values:
  load_level: 247610.92006336708
  wind_year: 2015
  solar_year: 2017
  price_year: 2023
  carbon_year: 2023
storage_values:
  CAES:
    cost: 32.7461
    lifetime: 26.5157
    annual_cost: 1.2349702251873418
    efficiency: 0.583198
    discharge_ratio: 0.1
    depth_of_discharge: 0.4
  Li-ion:
    cost: 252.234
    lifetime: 21.5322
    annual_cost: 11.714269791289325
    efficiency: 0.962474
    discharge_ratio: 2
    depth_of_discharge: 0.9
  Pb-acid:
    cost: 159.838
    lifetime: 9.42899
    annual_cost: 16.95176259599384
    efficiency: 0.77239
    discharge_ratio: 5
    depth_of_discharge: 0.5
  VRBF:
    cost: 200.273
    lifetime: 17.1099
    annual_cost: 11.705094711249043
    efficiency: 0.661143
    discharge_ratio: 0.5
    depth_of_discharge: 1.0
