cost_values:
  wind_capex: 5000.0
  wind_opex: 100
  wind_lifetime: 20
  solar_capex: 1000.0
  solar_opex: 10
  solar_lifetime: 20
  carbon_price: 1.0
timeseries_values:
  load_level: 247610.92006336708
  wind_year: 2015
  solar_year: 2017
  price_year: 2023
  carbon_year: 2023
storage_values:
  CAES:
    cost: 33.8592
    lifetime: 25.19
    annual_cost: 1.3441524414450179
    efficiency: 0.591859
    discharge_ratio: 0.1
    depth_of_discharge: 0.4
  Li-ion:
    cost: 282.269
    lifetime: 23.8526
    annual_cost: 11.833888129595936
    efficiency: 0.963242
    discharge_ratio: 2
    depth_of_discharge: 0.9
  Pb-acid:
    cost: 180.81
    lifetime: 9.95101
    annual_cost: 18.170014903009847
    efficiency: 0.771231
    discharge_ratio: 5
    depth_of_discharge: 0.5
  VRBF:
    cost: 220.068
    lifetime: 17.6685
    annual_cost: 12.455386705153238
    efficiency: 0.657405
    discharge_ratio: 0.5
    depth_of_discharge: 1.0
