cost_values:
  wind_capex: 5000.0
  wind_opex: 100
  wind_lifetime: 20
  solar_capex: 1000.0
  solar_opex: 10
  solar_lifetime: 20
  carbon_price: 1.0
timeseries_values:
  load_level: 247610.92006336708
  wind_year: 2015
  solar_year: 2017
  price_year: 2023
  carbon_year: 2023
storage_values:
  CAES:
    cost: 29.8206
    lifetime: 26.2744
    annual_cost: 1.1349678774776968
    efficiency: 0.608463
    discharge_ratio: 0.1
    depth_of_discharge: 0.4
  Li-ion:
    cost: 267.123
    lifetime: 20.6606
    annual_cost: 12.929101768583681
    efficiency: 0.957429
    discharge_ratio: 2
    depth_of_discharge: 0.9
  Pb-acid:
    cost: 159.595
    lifetime: 10.8459
    annual_cost: 14.71477701251164
    efficiency: 0.77917
    discharge_ratio: 5
    depth_of_discharge: 0.5
  VRBF:
    cost: 226.677
    lifetime: 15.0236
    annual_cost: 15.088061449985355
    efficiency: 0.65667
    discharge_ratio: 0.5
    depth_of_discharge: 1.0
