cost_values:
  wind_capex: 5000.0
  wind_opex: 100
  wind_lifetime: 20
  solar_capex: 1000.0
  solar_opex: 10
  solar_lifetime: 20
  carbon_price: 1.0
timeseries_values:
  load_level: 247610.92006336708
  wind_year: 2015
  solar_year: 2017
  price_year: 2023
  carbon_year: 2023
storage_values:
  CAES:
    cost: 28.9534
    lifetime: 25.6571
    annual_cost: 1.1284751589228712
    efficiency: 0.592882
    discharge_ratio: 0.1
    depth_of_discharge: 0.4
  Li-ion:
    cost: 293.696
    lifetime: 22.3084
    annual_cost: 13.165265101934699
    efficiency: 0.984136
    discharge_ratio: 2
    depth_of_discharge: 0.9
  Pb-acid:
    cost: 174.83
    lifetime: 9.16837
    annual_cost: 19.068820302845545
    efficiency: 0.758746
    discharge_ratio: 5
    depth_of_discharge: 0.5
  VRBF:
    cost: 226.957
    lifetime: 18.8864
    annual_cost: 12.016953998644528
    efficiency: 0.681158
    discharge_ratio: 0.5
    depth_of_discharge: 1.0
