cost_values:
  wind_capex: 5000.0
  wind_opex: 100
  wind_lifetime: 20
  solar_capex: 1000.0
  solar_opex: 10
  solar_lifetime: 20
  carbon_price: 1.0
timeseries_values:
  load_level: 247610.92006336708
  wind_year: 2015
  solar_year: 2017
  price_year: 2023
  carbon_year: 2023
storage_values:
  CAES:
    cost: 38.1792
    lifetime: 25.4562
    annual_cost: 1.4997996558795108
    efficiency: 0.597676
    discharge_ratio: 0.1
    depth_of_discharge: 0.4
  Li-ion:
    cost: 284.165
    lifetime: 23.7275
    annual_cost: 11.976187967548205
    efficiency: 0.96623
    discharge_ratio: 2
    depth_of_discharge: 0.9
  Pb-acid:
    cost: 142.501
    lifetime: 11.2309
    annual_cost: 12.688297465029517
    efficiency: 0.781609
    discharge_ratio: 5
    depth_of_discharge: 0.5
  VRBF:
    cost: 232.833
    lifetime: 19.2415
    annual_cost: 12.100563885351974
    efficiency: 0.659949
    discharge_ratio: 0.5
    depth_of_discharge: 1.0
