cost_values:
  wind_capex: 5000.0
  wind_opex: 100
  wind_lifetime: 20
  solar_capex: 1000.0
  solar_opex: 10
  solar_lifetime: 20
  carbon_price: 1.0
timeseries_values:
  load_level: 247610.92006336708
  wind_year: 2015
  solar_year: 2017
  price_year: 2023
  carbon_year: 2023
storage_values:
  CAES:
    cost: 30.1714
    lifetime: 26.0848
    annual_cost: 1.1566659510519535
    efficiency: 0.583387
    discharge_ratio: 0.1
    depth_of_discharge: 0.4
  Li-ion:
    cost: 276.643
    lifetime: 22.8461
    annual_cost: 12.108981401639666
    efficiency: 0.971159
    discharge_ratio: 2
    depth_of_discharge: 0.9
  Pb-acid:
    cost: 172.118
    lifetime: 9.14078
    annual_cost: 18.829684118860754
    efficiency: 0.778104
    discharge_ratio: 5
    depth_of_discharge: 0.5
  VRBF:
    cost: 217.957
    lifetime: 17.6762
    annual_cost: 12.330534843461828
    efficiency: 0.671598
    discharge_ratio: 0.5
    depth_of_discharge: 1.0
