cost_values:
  wind_capex: 5000.0
  wind_opex: 100
  wind_lifetime: 20
  solar_capex: 1000.0
  solar_opex: 10
  solar_lifetime: 20
  carbon_price: 1.0
timeseries_values:
  load_level: 247610.92006336708
  wind_year: 2015
  solar_year: 2017
  price_year: 2023
  carbon_year: 2023
storage_values:
  CAES:
    cost: 31.9115
    lifetime: 25.6915
    annual_cost: 1.2421034194188738
    efficiency: 0.584603
    discharge_ratio: 0.1
    depth_of_discharge: 0.4
  Li-ion:
    cost: 265.006
    lifetime: 23.8339
    annual_cost: 11.118868502427214
    efficiency: 0.971911
    discharge_ratio: 2
    depth_of_discharge: 0.9
  Pb-acid:
    cost: 156.683
    lifetime: 10.3523
    annual_cost: 15.135090752779575
    efficiency: 0.761567
    discharge_ratio: 5
    depth_of_discharge: 0.5
  VRBF:
    cost: 206.718
    lifetime: 18.044
    annual_cost: 11.456328973620039
    efficiency: 0.664523
    discharge_ratio: 0.5
    depth_of_discharge: 1.0
