cost_values:
  wind_capex: 5000.0
  wind_opex: 100
  wind_lifetime: 20
  solar_capex: 1000.0
  solar_opex: 10
  solar_lifetime: 20
  carbon_price: 1.0
timeseries_values:
  load_level: 247610.92006336708
  wind_year: 2015
  solar_year: 2017
  price_year: 2023
  carbon_year: 2023
storage_values:
  CAES:
    cost: 39.6814
    lifetime: 27.428
    annual_cost: 1.4467478489135188
    efficiency: 0.587578
    discharge_ratio: 0.1
    depth_of_discharge: 0.4
  Li-ion:
    cost: 284.33
    lifetime: 22.2301
    annual_cost: 12.790315833037187
    efficiency: 0.960517
    discharge_ratio: 2
    depth_of_discharge: 0.9
  Pb-acid:
    cost: 138.159
    lifetime: 8.87783
    annual_cost: 15.562248882891428
    efficiency: 0.774205
    discharge_ratio: 5
    depth_of_discharge: 0.5
  VRBF:
    cost: 225.826
    lifetime: 18.9914
    annual_cost: 11.89096117189886
    efficiency: 0.657763
    discharge_ratio: 0.5
    depth_of_discharge: 1.0
