cost_values:
  wind_capex: 5000.0
  wind_opex: 100
  wind_lifetime: 20
  solar_capex: 1000.0
  solar_opex: 10
  solar_lifetime: 20
  carbon_price: 1.0
timeseries_values:
  load_level: 247610.92006336708
  wind_year: 2015
  solar_year: 2017
  price_year: 2023
  carbon_year: 2023
storage_values:
  CAES:
    cost: 29.3068
    lifetime: 25.9469
    annual_cost: 1.129491384327222
    efficiency: 0.590646
    discharge_ratio: 0.1
    depth_of_discharge: 0.4
  Li-ion:
    cost: 253.83
    lifetime: 21.3043
    annual_cost: 11.914496134583159
    efficiency: 0.972811
    discharge_ratio: 2
    depth_of_discharge: 0.9
  Pb-acid:
    cost: 148.783
    lifetime: 9.96225
    annual_cost: 14.934678411001531
    efficiency: 0.757727
    discharge_ratio: 5
    depth_of_discharge: 0.5
  VRBF:
    cost: 220.89
    lifetime: 16.3804
    annual_cost: 13.485018680862492
    efficiency: 0.677154
    discharge_ratio: 0.5
    depth_of_discharge: 1.0
