cost_values:
  wind_capex: 5000.0
  wind_opex: 100
  wind_lifetime: 20
  solar_capex: 1000.0
  solar_opex: 10
  solar_lifetime: 20
  carbon_price: 1.0
timeseries_values:
  load_level: 260043.50591541393
  wind_year: 2011
  solar_year: 2011
  price_year: 2023
  carbon_year: 2023
storage_values:
  CAES:
    cost: 55.8421
    lifetime: 24.7002
    annual_cost: 2.26079545914608
    efficiency: 0.643305
    discharge_ratio: 0.1
    depth_of_discharge: 0.4
  Li-ion:
    cost: 155.426
    lifetime: 12.2697
    annual_cost: 12.667465382201682
    efficiency: 0.910869
    discharge_ratio: 2
    depth_of_discharge: 0.9
  Pb-acid:
    cost: 109.406
    lifetime: 12.8219
    annual_cost: 8.53274475701729
    efficiency: 0.744207
    discharge_ratio: 5
    depth_of_discharge: 0.5
  VRBF:
    cost: 312.824
    lifetime: 16.4986
    annual_cost: 18.960639084528385
    efficiency: 0.749801
    discharge_ratio: 0.5
    depth_of_discharge: 1.0
