cost_values:
  wind_capex: 5000.0
  wind_opex: 100
  wind_lifetime: 20
  solar_capex: 1000.0
  solar_opex: 10
  solar_lifetime: 20
  carbon_price: 1.0
timeseries_values:
  load_level: 260043.50591541393
  wind_year: 2011
  solar_year: 2011
  price_year: 2023
  carbon_year: 2023
storage_values:
  CAES:
    cost: 53.3657
    lifetime: 24.9054
    annual_cost: 2.1427361134533074
    efficiency: 0.643857
    discharge_ratio: 0.1
    depth_of_discharge: 0.4
  Li-ion:
    cost: 158.842
    lifetime: 12.61
    annual_cost: 12.596510705789058
    efficiency: 0.924482
    discharge_ratio: 2
    depth_of_discharge: 0.9
  Pb-acid:
    cost: 94.7662
    lifetime: 14.0633
    annual_cost: 6.738546429358685
    efficiency: 0.774609
    discharge_ratio: 5
    depth_of_discharge: 0.5
  VRBF:
    cost: 306.732
    lifetime: 18.6355
    annual_cost: 16.459553003675783
    efficiency: 0.755127
    discharge_ratio: 0.5
    depth_of_discharge: 1.0
