cost_values:
  wind_capex: 5000.0
  wind_opex: 100
  wind_lifetime: 20
  solar_capex: 1000.0
  solar_opex: 10
  solar_lifetime: 20
  carbon_price: 1.0
timeseries_values:
  load_level: 260043.50591541393
  wind_year: 2011
  solar_year: 2011
  price_year: 2023
  carbon_year: 2023
storage_values:
  CAES:
    cost: 56.7205
    lifetime: 24.4921
    annual_cost: 2.3158691986395614
    efficiency: 0.645488
    discharge_ratio: 0.1
    depth_of_discharge: 0.4
  Li-ion:
    cost: 151.086
    lifetime: 12.2694
    annual_cost: 12.31404958677686
    efficiency: 0.928847
    discharge_ratio: 2
    depth_of_discharge: 0.9
  Pb-acid:
    cost: 79.8489
    lifetime: 11.0913
    annual_cost: 7.199237239998918
    efficiency: 0.744067
    discharge_ratio: 5
    depth_of_discharge: 0.5
  VRBF:
    cost: 276.25
    lifetime: 16.8061
    annual_cost: 16.437484008782526
    efficiency: 0.76616
    discharge_ratio: 0.5
    depth_of_discharge: 1.0
