cost_values:
  wind_capex: 5000.0
  wind_opex: 100
  wind_lifetime: 20
  solar_capex: 1000.0
  solar_opex: 10
  solar_lifetime: 20
  carbon_price: 1.0
timeseries_values:
  load_level: 260043.50591541393
  wind_year: 2011
  solar_year: 2011
  price_year: 2023
  carbon_year: 2023
storage_values:
  CAES:
    cost: 52.5903
    lifetime: 24.68
    annual_cost: 2.130887358184765
    efficiency: 0.631945
    discharge_ratio: 0.1
    depth_of_discharge: 0.4
  Li-ion:
    cost: 142.541
    lifetime: 12.1735
    annual_cost: 11.709122273791431
    efficiency: 0.9215
    discharge_ratio: 2
    depth_of_discharge: 0.9
  Pb-acid:
    cost: 92.7948
    lifetime: 14.0503
    annual_cost: 6.604471078909347
    efficiency: 0.765323
    discharge_ratio: 5
    depth_of_discharge: 0.5
  VRBF:
    cost: 305.181
    lifetime: 18.2892
    annual_cost: 16.686405091529426
    efficiency: 0.769052
    discharge_ratio: 0.5
    depth_of_discharge: 1.0
