cost_values:
  wind_capex: 5000.0
  wind_opex: 100
  wind_lifetime: 20
  solar_capex: 1000.0
  solar_opex: 10
  solar_lifetime: 20
  carbon_price: 1.0
timeseries_values:
  load_level: 260043.50591541393
  wind_year: 2011
  solar_year: 2011
  price_year: 2023
  carbon_year: 2023
storage_values:
  CAES:
    cost: 55.6116
    lifetime: 23.8018
    annual_cost: 2.336445142804326
    efficiency: 0.63492
    discharge_ratio: 0.1
    depth_of_discharge: 0.4
  Li-ion:
    cost: 175.033
    lifetime: 11.243
    annual_cost: 15.568175753802365
    efficiency: 0.914492
    discharge_ratio: 2
    depth_of_discharge: 0.9
  Pb-acid:
    cost: 103.807
    lifetime: 12.158
    annual_cost: 8.538164171738773
    efficiency: 0.772702
    discharge_ratio: 5
    depth_of_discharge: 0.5
  VRBF:
    cost: 309.757
    lifetime: 16.6993
    annual_cost: 18.54910086051511
    efficiency: 0.745334
    discharge_ratio: 0.5
    depth_of_discharge: 1.0
