cost_values:
  wind_capex: 5000.0
  wind_opex: 100
  wind_lifetime: 20
  solar_capex: 1000.0
  solar_opex: 10
  solar_lifetime: 20
  carbon_price: 1.0
timeseries_values:
  load_level: 260043.50591541393
  wind_year: 2011
  solar_year: 2011
  price_year: 2023
  carbon_year: 2023
storage_values:
  CAES:
    cost: 49.7774
    lifetime: 23.3599
    annual_cost: 2.1308909712798427
    efficiency: 0.64748
    discharge_ratio: 0.1
    depth_of_discharge: 0.4
  Li-ion:
    cost: 152.554
    lifetime: 13.4329
    annual_cost: 11.35674351778097
    efficiency: 0.908037
    discharge_ratio: 2
    depth_of_discharge: 0.9
  Pb-acid:
    cost: 92.0372
    lifetime: 13.5724
    annual_cost: 6.781203029677876
    efficiency: 0.749327
    discharge_ratio: 5
    depth_of_discharge: 0.5
  VRBF:
    cost: 298.625
    lifetime: 17.137
    annual_cost: 17.425745463033202
    efficiency: 0.752155
    discharge_ratio: 0.5
    depth_of_discharge: 1.0
