cost_values:
  wind_capex: 5000.0
  wind_opex: 100
  wind_lifetime: 20
  solar_capex: 1000.0
  solar_opex: 10
  solar_lifetime: 20
  carbon_price: 1.0
timeseries_values:
  load_level: 260043.50591541393
  wind_year: 2011
  solar_year: 2011
  price_year: 2023
  carbon_year: 2023
storage_values:
  CAES:
    cost: 48.6235
    lifetime: 23.909
    annual_cost: 2.0336902421682215
    efficiency: 0.645031
    discharge_ratio: 0.1
    depth_of_discharge: 0.4
  Li-ion:
    cost: 141.376
    lifetime: 12.2799
    annual_cost: 11.512797335483189
    efficiency: 0.938461
    discharge_ratio: 2
    depth_of_discharge: 0.9
  Pb-acid:
    cost: 100.185
    lifetime: 12.7239
    annual_cost: 7.873765119185156
    efficiency: 0.763209
    discharge_ratio: 5
    depth_of_discharge: 0.5
  VRBF:
    cost: 292.6
    lifetime: 14.7279
    annual_cost: 19.867055045186348
    efficiency: 0.75179
    discharge_ratio: 0.5
    depth_of_discharge: 1.0
