cost_values:
  wind_capex: 5000.0
  wind_opex: 100
  wind_lifetime: 20
  solar_capex: 1000.0
  solar_opex: 10
  solar_lifetime: 20
  carbon_price: 1.0
timeseries_values:
  load_level: 260043.50591541393
  wind_year: 2011
  solar_year: 2011
  price_year: 2023
  carbon_year: 2023
storage_values:
  CAES:
    cost: 52.7404
    lifetime: 24.906
    annual_cost: 2.1175780936320567
    efficiency: 0.64018
    discharge_ratio: 0.1
    depth_of_discharge: 0.4
  Li-ion:
    cost: 147.43
    lifetime: 10.8751
    annual_cost: 13.556656950280917
    efficiency: 0.928605
    discharge_ratio: 2
    depth_of_discharge: 0.9
  Pb-acid:
    cost: 98.9316
    lifetime: 12.8999
    annual_cost: 7.669175730044419
    efficiency: 0.734092
    discharge_ratio: 5
    depth_of_discharge: 0.5
  VRBF:
    cost: 303.362
    lifetime: 16.1588
    annual_cost: 18.773795083793352
    efficiency: 0.767959
    discharge_ratio: 0.5
    depth_of_discharge: 1.0
