cost_values:
  wind_capex: 5000.0
  wind_opex: 100
  wind_lifetime: 20
  solar_capex: 1000.0
  solar_opex: 10
  solar_lifetime: 20
  carbon_price: 1.0
timeseries_values:
  load_level: 260043.50591541393
  wind_year: 2011
  solar_year: 2011
  price_year: 2023
  carbon_year: 2023
storage_values:
  CAES:
    cost: 51.38
    lifetime: 26.1502
    annual_cost: 1.964803328464027
    efficiency: 0.644997
    discharge_ratio: 0.1
    depth_of_discharge: 0.4
  Li-ion:
    cost: 151.45
    lifetime: 10.7563
    annual_cost: 14.080120487528239
    efficiency: 0.929218
    discharge_ratio: 2
    depth_of_discharge: 0.9
  Pb-acid:
    cost: 120.277
    lifetime: 12.2121
    annual_cost: 9.849002219110554
    efficiency: 0.761588
    discharge_ratio: 5
    depth_of_discharge: 0.5
  VRBF:
    cost: 324.585
    lifetime: 17.8159
    annual_cost: 18.218838228773173
    efficiency: 0.754715
    discharge_ratio: 0.5
    depth_of_discharge: 1.0
