cost_values:
  wind_capex: 5000.0
  wind_opex: 100
  wind_lifetime: 20
  solar_capex: 1000.0
  solar_opex: 10
  solar_lifetime: 20
  carbon_price: 1.0
timeseries_values:
  load_level: 260043.50591541393
  wind_year: 2011
  solar_year: 2011
  price_year: 2023
  carbon_year: 2023
storage_values:
  CAES:
    cost: 50.0156
    lifetime: 25.3376
    annual_cost: 1.973967542308664
    efficiency: 0.649073
    discharge_ratio: 0.1
    depth_of_discharge: 0.4
  Li-ion:
    cost: 170.077
    lifetime: 13.1802
    annual_cost: 12.903977177888045
    efficiency: 0.926247
    discharge_ratio: 2
    depth_of_discharge: 0.9
  Pb-acid:
    cost: 89.2278
    lifetime: 15.5434
    annual_cost: 5.740558693722094
    efficiency: 0.762835
    discharge_ratio: 5
    depth_of_discharge: 0.5
  VRBF:
    cost: 290.072
    lifetime: 16.7083
    annual_cost: 17.36095234105205
    efficiency: 0.745704
    discharge_ratio: 0.5
    depth_of_discharge: 1.0
