cost_values:
  wind_capex: 5000.0
  wind_opex: 100
  wind_lifetime: 20
  solar_capex: 1000.0
  solar_opex: 10
  solar_lifetime: 20
  carbon_price: 1.0
timeseries_values:
  load_level: 260043.50591541393
  wind_year: 2011
  solar_year: 2011
  price_year: 2023
  carbon_year: 2023
storage_values:
  CAES:
    cost: 53.6481
    lifetime: 24.5678
    annual_cost: 2.1836753799689026
    efficiency: 0.638041
    discharge_ratio: 0.1
    depth_of_discharge: 0.4
  Li-ion:
    cost: 151.095
    lifetime: 10.0269
    annual_cost: 15.068964485533915
    efficiency: 0.924278
    discharge_ratio: 2
    depth_of_discharge: 0.9
  Pb-acid:
    cost: 98.5123
    lifetime: 13.0434
    annual_cost: 7.552654982596562
    efficiency: 0.761598
    discharge_ratio: 5
    depth_of_discharge: 0.5
  VRBF:
    cost: 296.608
    lifetime: 16.0166
    annual_cost: 18.51878675873781
    efficiency: 0.747428
    discharge_ratio: 0.5
    depth_of_discharge: 1.0
