cost_values:
  wind_capex: 5000.0
  wind_opex: 100
  wind_lifetime: 20
  solar_capex: 1000.0
  solar_opex: 10
  solar_lifetime: 20
  carbon_price: 1.0
timeseries_values:
  load_level: 260043.50591541393
  wind_year: 2011
  solar_year: 2011
  price_year: 2023
  carbon_year: 2023
storage_values:
  CAES:
    cost: 55.2733
    lifetime: 24.7409
    annual_cost: 2.2340860680088435
    efficiency: 0.645058
    discharge_ratio: 0.1
    depth_of_discharge: 0.4
  Li-ion:
    cost: 184.856
    lifetime: 11.4321
    annual_cost: 16.1699075410467
    efficiency: 0.907252
    discharge_ratio: 2
    depth_of_discharge: 0.9
  Pb-acid:
    cost: 115.857
    lifetime: 12.755
    annual_cost: 9.083261466091727
    efficiency: 0.751099
    discharge_ratio: 5
    depth_of_discharge: 0.5
  VRBF:
    cost: 287.119
    lifetime: 16.6757
    annual_cost: 17.217807948092137
    efficiency: 0.740253
    discharge_ratio: 0.5
    depth_of_discharge: 1.0
