cost_values:
  wind_capex: 5000.0
  wind_opex: 100
  wind_lifetime: 20
  solar_capex: 1000.0
  solar_opex: 10
  solar_lifetime: 20
  carbon_price: 1.0
timeseries_values:
  load_level: 260043.50591541393
  wind_year: 2011
  solar_year: 2011
  price_year: 2023
  carbon_year: 2023
storage_values:
  CAES:
    cost: 53.9626
    lifetime: 23.8048
    annual_cost: 2.2668789487834387
    efficiency: 0.6425
    discharge_ratio: 0.1
    depth_of_discharge: 0.4
  Li-ion:
    cost: 174.427
    lifetime: 12.201
    annual_cost: 14.296123268584541
    efficiency: 0.915703
    discharge_ratio: 2
    depth_of_discharge: 0.9
  Pb-acid:
    cost: 79.485
    lifetime: 12.6829
    annual_cost: 6.267099795788029
    efficiency: 0.759963
    discharge_ratio: 5
    depth_of_discharge: 0.5
  VRBF:
    cost: 320.822
    lifetime: 16.8489
    annual_cost: 19.0411243463965
    efficiency: 0.748463
    discharge_ratio: 0.5
    depth_of_discharge: 1.0
