cost_values:
  wind_capex: 5000.0
  wind_opex: 100
  wind_lifetime: 20
  solar_capex: 1000.0
  solar_opex: 10
  solar_lifetime: 20
  carbon_price: 1.0
timeseries_values:
  load_level: 260043.50591541393
  wind_year: 2011
  solar_year: 2011
  price_year: 2023
  carbon_year: 2023
storage_values:
  CAES:
    cost: 46.0949
    lifetime: 24.9755
    annual_cost: 1.8456046925987468
    efficiency: 0.633181
    discharge_ratio: 0.1
    depth_of_discharge: 0.4
  Li-ion:
    cost: 164.186
    lifetime: 10.6543
    annual_cost: 15.410303820992464
    efficiency: 0.923597
    discharge_ratio: 2
    depth_of_discharge: 0.9
  Pb-acid:
    cost: 91.7031
    lifetime: 12.4354
    annual_cost: 7.374358685687635
    efficiency: 0.755478
    discharge_ratio: 5
    depth_of_discharge: 0.5
  VRBF:
    cost: 309.024
    lifetime: 17.1301
    annual_cost: 18.03982463616675
    efficiency: 0.768665
    discharge_ratio: 0.5
    depth_of_discharge: 1.0
