cost_values:
  wind_capex: 5000.0
  wind_opex: 100
  wind_lifetime: 20
  solar_capex: 1000.0
  solar_opex: 10
  solar_lifetime: 20
  carbon_price: 1.0
timeseries_values:
  load_level: 260043.50591541393
  wind_year: 2011
  solar_year: 2011
  price_year: 2023
  carbon_year: 2023
storage_values:
  CAES:
    cost: 57.1961
    lifetime: 25.4594
    annual_cost: 2.2465611915441843
    efficiency: 0.64873
    discharge_ratio: 0.1
    depth_of_discharge: 0.4
  Li-ion:
    cost: 151.414
    lifetime: 11.4174
    annual_cost: 13.261688300313555
    efficiency: 0.91229
    discharge_ratio: 2
    depth_of_discharge: 0.9
  Pb-acid:
    cost: 108.831
    lifetime: 12.9732
    annual_cost: 8.388909444084728
    efficiency: 0.728927
    discharge_ratio: 5
    depth_of_discharge: 0.5
  VRBF:
    cost: 300.309
    lifetime: 15.0012
    annual_cost: 20.018998480121592
    efficiency: 0.746807
    discharge_ratio: 0.5
    depth_of_discharge: 1.0
