cost_values:
  wind_capex: 5000.0
  wind_opex: 100
  wind_lifetime: 20
  solar_capex: 1000.0
  solar_opex: 10
  solar_lifetime: 20
  carbon_price: 1.0
timeseries_values:
  load_level: 260043.50591541393
  wind_year: 2011
  solar_year: 2011
  price_year: 2023
  carbon_year: 2023
storage_values:
  CAES:
    cost: 50.3477
    lifetime: 25.0475
    annual_cost: 2.010088831220681
    efficiency: 0.645409
    discharge_ratio: 0.1
    depth_of_discharge: 0.4
  Li-ion:
    cost: 165.543
    lifetime: 11.7261
    annual_cost: 14.11748151559342
    efficiency: 0.91095
    discharge_ratio: 2
    depth_of_discharge: 0.9
  Pb-acid:
    cost: 113.517
    lifetime: 11.7019
    annual_cost: 9.70073235970227
    efficiency: 0.73395
    discharge_ratio: 5
    depth_of_discharge: 0.5
  VRBF:
    cost: 297.738
    lifetime: 17.5817
    annual_cost: 16.934539890909296
    efficiency: 0.752447
    discharge_ratio: 0.5
    depth_of_discharge: 1.0
