cost_values:
  wind_capex: 5000.0
  wind_opex: 100
  wind_lifetime: 20
  solar_capex: 1000.0
  solar_opex: 10
  solar_lifetime: 20
  carbon_price: 1.0
timeseries_values:
  load_level: 260043.50591541393
  wind_year: 2011
  solar_year: 2011
  price_year: 2023
  carbon_year: 2023
storage_values:
  CAES:
    cost: 47.7914
    lifetime: 25.7638
    annual_cost: 1.8549825724466114
    efficiency: 0.640411
    discharge_ratio: 0.1
    depth_of_discharge: 0.4
  Li-ion:
    cost: 151.727
    lifetime: 16.1208
    annual_cost: 9.411877822440575
    efficiency: 0.920255
    discharge_ratio: 2
    depth_of_discharge: 0.9
  Pb-acid:
    cost: 81.5397
    lifetime: 10.9819
    annual_cost: 7.424917364026261
    efficiency: 0.72706
    discharge_ratio: 5
    depth_of_discharge: 0.5
  VRBF:
    cost: 298.492
    lifetime: 16.8604
    annual_cost: 17.703731821309105
    efficiency: 0.779569
    discharge_ratio: 0.5
    depth_of_discharge: 1.0
