cost_values:
  wind_capex: 5000.0
  wind_opex: 100
  wind_lifetime: 20
  solar_capex: 1000.0
  solar_opex: 10
  solar_lifetime: 20
  carbon_price: 1.0
timeseries_values:
  load_level: 260043.50591541393
  wind_year: 2011
  solar_year: 2011
  price_year: 2023
  carbon_year: 2023
storage_values:
  CAES:
    cost: 53.584
    lifetime: 26.4884
    annual_cost: 2.022923241871914
    efficiency: 0.643372
    discharge_ratio: 0.1
    depth_of_discharge: 0.4
  Li-ion:
    cost: 160.317
    lifetime: 12.2203
    annual_cost: 13.118908701095718
    efficiency: 0.914164
    discharge_ratio: 2
    depth_of_discharge: 0.9
  Pb-acid:
    cost: 124.883
    lifetime: 12.1863
    annual_cost: 10.2478192724617
    efficiency: 0.758612
    discharge_ratio: 5
    depth_of_discharge: 0.5
  VRBF:
    cost: 276.214
    lifetime: 18.9491
    annual_cost: 14.57662896918587
    efficiency: 0.747649
    discharge_ratio: 0.5
    depth_of_discharge: 1.0
