cost_values:
  wind_capex: 5000.0
  wind_opex: 100
  wind_lifetime: 20
  solar_capex: 1000.0
  solar_opex: 10
  solar_lifetime: 20
  carbon_price: 1.0
timeseries_values:
  load_level: 260043.50591541393
  wind_year: 2011
  solar_year: 2011
  price_year: 2023
  carbon_year: 2023
storage_values:
  CAES:
    cost: 56.4591
    lifetime: 24.1107
    annual_cost: 2.341661585934875
    efficiency: 0.649508
    discharge_ratio: 0.1
    depth_of_discharge: 0.4
  Li-ion:
    cost: 151.984
    lifetime: 13.7397
    annual_cost: 11.061668013129836
    efficiency: 0.917801
    discharge_ratio: 2
    depth_of_discharge: 0.9
  Pb-acid:
    cost: 100.481
    lifetime: 13.3319
    annual_cost: 7.53688521516063
    efficiency: 0.733996
    discharge_ratio: 5
    depth_of_discharge: 0.5
  VRBF:
    cost: 310.048
    lifetime: 18.3342
    annual_cost: 16.910909666088514
    efficiency: 0.748586
    discharge_ratio: 0.5
    depth_of_discharge: 1.0
