cost_values:
  wind_capex: 5000.0
  wind_opex: 100
  wind_lifetime: 20
  solar_capex: 1000.0
  solar_opex: 10
  solar_lifetime: 20
  carbon_price: 1.0
timeseries_values:
  load_level: 260043.50591541393
  wind_year: 2011
  solar_year: 2011
  price_year: 2023
  carbon_year: 2023
storage_values:
  CAES:
    cost: 50.7888
    lifetime: 25.0364
    annual_cost: 2.0285983607866944
    efficiency: 0.640279
    discharge_ratio: 0.1
    depth_of_discharge: 0.4
  Li-ion:
    cost: 168.587
    lifetime: 11.846
    annual_cost: 14.231554955259158
    efficiency: 0.929571
    discharge_ratio: 2
    depth_of_discharge: 0.9
  Pb-acid:
    cost: 109.694
    lifetime: 11.0303
    annual_cost: 9.944788446370453
    efficiency: 0.750037
    discharge_ratio: 5
    depth_of_discharge: 0.5
  VRBF:
    cost: 315.374
    lifetime: 18.705
    annual_cost: 16.8604116546378
    efficiency: 0.745248
    discharge_ratio: 0.5
    depth_of_discharge: 1.0
