cost_values:
  wind_capex: 5000.0
  wind_opex: 100
  wind_lifetime: 20
  solar_capex: 1000.0
  solar_opex: 10
  solar_lifetime: 20
  carbon_price: 1.0
timeseries_values:
  load_level: 260043.50591541393
  wind_year: 2011
  solar_year: 2011
  price_year: 2023
  carbon_year: 2023
storage_values:
  CAES:
    cost: 58.3694
    lifetime: 24.7318
    annual_cost: 2.3600951002353243
    efficiency: 0.637641
    discharge_ratio: 0.1
    depth_of_discharge: 0.4
  Li-ion:
    cost: 184.313
    lifetime: 10.8965
    annual_cost: 16.91488092506768
    efficiency: 0.917262
    discharge_ratio: 2
    depth_of_discharge: 0.9
  Pb-acid:
    cost: 87.1937
    lifetime: 11.6147
    annual_cost: 7.507184860564631
    efficiency: 0.767574
    discharge_ratio: 5
    depth_of_discharge: 0.5
  VRBF:
    cost: 250.067
    lifetime: 16.3502
    annual_cost: 15.29443064916637
    efficiency: 0.767827
    discharge_ratio: 0.5
    depth_of_discharge: 1.0
