cost_values:
  wind_capex: 5000.0
  wind_opex: 100
  wind_lifetime: 20
  solar_capex: 1000.0
  solar_opex: 10
  solar_lifetime: 20
  carbon_price: 1.0
timeseries_values:
  load_level: 260043.50591541393
  wind_year: 2011
  solar_year: 2011
  price_year: 2023
  carbon_year: 2023
storage_values:
  CAES:
    cost: 50.5207
    lifetime: 24.5066
    annual_cost: 2.0615140411154544
    efficiency: 0.639079
    discharge_ratio: 0.1
    depth_of_discharge: 0.4
  Li-ion:
    cost: 137.709
    lifetime: 11.5468
    annual_cost: 11.926161360723318
    efficiency: 0.923466
    discharge_ratio: 2
    depth_of_discharge: 0.9
  Pb-acid:
    cost: 99.1971
    lifetime: 12.305
    annual_cost: 8.061527834213734
    efficiency: 0.755054
    discharge_ratio: 5
    depth_of_discharge: 0.5
  VRBF:
    cost: 264.016
    lifetime: 15.8994
    annual_cost: 16.605406493326793
    efficiency: 0.757495
    discharge_ratio: 0.5
    depth_of_discharge: 1.0
