cost_values:
  wind_capex: 5000.0
  wind_opex: 100
  wind_lifetime: 20
  solar_capex: 1000.0
  solar_opex: 10
  solar_lifetime: 20
  carbon_price: 1.0
timeseries_values:
  load_level: 260043.50591541393
  wind_year: 2011
  solar_year: 2011
  price_year: 2023
  carbon_year: 2023
storage_values:
  CAES:
    cost: 61.638
    lifetime: 24.7773
    annual_cost: 2.4876802557179354
    efficiency: 0.64821
    discharge_ratio: 0.1
    depth_of_discharge: 0.4
  Li-ion:
    cost: 166.061
    lifetime: 13.0689
    annual_cost: 12.706578212397373
    efficiency: 0.935427
    discharge_ratio: 2
    depth_of_discharge: 0.9
  Pb-acid:
    cost: 116.194
    lifetime: 12.0725
    annual_cost: 9.624684199627252
    efficiency: 0.740422
    discharge_ratio: 5
    depth_of_discharge: 0.5
  VRBF:
    cost: 316.187
    lifetime: 18.7043
    annual_cost: 16.904508588934096
    efficiency: 0.755725
    discharge_ratio: 0.5
    depth_of_discharge: 1.0
