cost_values:
  wind_capex: 5000.0
  wind_opex: 100
  wind_lifetime: 20
  solar_capex: 1000.0
  solar_opex: 10
  solar_lifetime: 20
  carbon_price: 1.0
timeseries_values:
  load_level: 260043.50591541393
  wind_year: 2011
  solar_year: 2011
  price_year: 2023
  carbon_year: 2023
storage_values:
  CAES:
    cost: 54.828
    lifetime: 24.6702
    annual_cost: 2.2224384074713623
    efficiency: 0.645522
    discharge_ratio: 0.1
    depth_of_discharge: 0.4
  Li-ion:
    cost: 161.718
    lifetime: 14.2091
    annual_cost: 11.381297900641139
    efficiency: 0.912803
    discharge_ratio: 2
    depth_of_discharge: 0.9
  Pb-acid:
    cost: 114.86
    lifetime: 11.7953
    annual_cost: 9.737776911142575
    efficiency: 0.750089
    discharge_ratio: 5
    depth_of_discharge: 0.5
  VRBF:
    cost: 300.911
    lifetime: 17.4203
    annual_cost: 17.273583118545606
    efficiency: 0.746803
    discharge_ratio: 0.5
    depth_of_discharge: 1.0
