cost_values:
  wind_capex: 5000.0
  wind_opex: 100
  wind_lifetime: 20
  solar_capex: 1000.0
  solar_opex: 10
  solar_lifetime: 20
  carbon_price: 1.0
timeseries_values:
  load_level: 260043.50591541393
  wind_year: 2011
  solar_year: 2011
  price_year: 2023
  carbon_year: 2023
storage_values:
  CAES:
    cost: 52.4955
    lifetime: 25.5697
    annual_cost: 2.053035428651881
    efficiency: 0.648014
    discharge_ratio: 0.1
    depth_of_discharge: 0.4
  Li-ion:
    cost: 150.975
    lifetime: 10.3624
    annual_cost: 14.569501273836178
    efficiency: 0.911267
    discharge_ratio: 2
    depth_of_discharge: 0.9
  Pb-acid:
    cost: 84.0085
    lifetime: 13.5854
    annual_cost: 6.183734008568021
    efficiency: 0.751753
    discharge_ratio: 5
    depth_of_discharge: 0.5
  VRBF:
    cost: 318.335
    lifetime: 15.3079
    annual_cost: 20.795471619229286
    efficiency: 0.73456
    discharge_ratio: 0.5
    depth_of_discharge: 1.0
