cost_values:
  wind_capex: 5000.0
  wind_opex: 100
  wind_lifetime: 20
  solar_capex: 1000.0
  solar_opex: 10
  solar_lifetime: 20
  carbon_price: 1.0
timeseries_values:
  load_level: 260043.50591541393
  wind_year: 2011
  solar_year: 2011
  price_year: 2023
  carbon_year: 2023
storage_values:
  CAES:
    cost: 58.0662
    lifetime: 24.8895
    annual_cost: 2.332959681793527
    efficiency: 0.643526
    discharge_ratio: 0.1
    depth_of_discharge: 0.4
  Li-ion:
    cost: 174.865
    lifetime: 11.5553
    annual_cost: 15.132882746445354
    efficiency: 0.921814
    discharge_ratio: 2
    depth_of_discharge: 0.9
  Pb-acid:
    cost: 83.0346
    lifetime: 11.878
    annual_cost: 6.990621316719986
    efficiency: 0.763732
    discharge_ratio: 5
    depth_of_discharge: 0.5
  VRBF:
    cost: 263.954
    lifetime: 15.6348
    annual_cost: 16.882467316499092
    efficiency: 0.753219
    discharge_ratio: 0.5
    depth_of_discharge: 1.0
