cost_values:
  wind_capex: 5000.0
  wind_opex: 100
  wind_lifetime: 20
  solar_capex: 1000.0
  solar_opex: 10
  solar_lifetime: 20
  carbon_price: 1.0
timeseries_values:
  load_level: 260043.50591541393
  wind_year: 2011
  solar_year: 2011
  price_year: 2023
  carbon_year: 2023
storage_values:
  CAES:
    cost: 50.4882
    lifetime: 24.8432
    annual_cost: 2.0322744251948217
    efficiency: 0.645123
    discharge_ratio: 0.1
    depth_of_discharge: 0.4
  Li-ion:
    cost: 154.115
    lifetime: 14.9415
    annual_cost: 10.314560117792725
    efficiency: 0.918366
    discharge_ratio: 2
    depth_of_discharge: 0.9
  Pb-acid:
    cost: 106.349
    lifetime: 12.5514
    annual_cost: 8.473078700384022
    efficiency: 0.758758
    discharge_ratio: 5
    depth_of_discharge: 0.5
  VRBF:
    cost: 302.905
    lifetime: 17.1678
    annual_cost: 17.64378662379571
    efficiency: 0.768729
    discharge_ratio: 0.5
    depth_of_discharge: 1.0
