cost_values:
  wind_capex: 5000.0
  wind_opex: 100
  wind_lifetime: 20
  solar_capex: 1000.0
  solar_opex: 10
  solar_lifetime: 20
  carbon_price: 1.0
timeseries_values:
  load_level: 260043.50591541393
  wind_year: 2011
  solar_year: 2011
  price_year: 2023
  carbon_year: 2023
storage_values:
  CAES:
    cost: 49.9238
    lifetime: 25.3426
    annual_cost: 1.969955726721015
    efficiency: 0.635195
    discharge_ratio: 0.1
    depth_of_discharge: 0.4
  Li-ion:
    cost: 145.093
    lifetime: 12.3743
    annual_cost: 11.725350120814914
    efficiency: 0.919108
    discharge_ratio: 2
    depth_of_discharge: 0.9
  Pb-acid:
    cost: 110.988
    lifetime: 11.6304
    annual_cost: 9.542921997523731
    efficiency: 0.73521
    discharge_ratio: 5
    depth_of_discharge: 0.5
  VRBF:
    cost: 276.492
    lifetime: 16.2271
    annual_cost: 17.038904055561378
    efficiency: 0.755781
    discharge_ratio: 0.5
    depth_of_discharge: 1.0
