cost_values:
  wind_capex: 5000.0
  wind_opex: 100
  wind_lifetime: 20
  solar_capex: 1000.0
  solar_opex: 10
  solar_lifetime: 20
  carbon_price: 1.0
timeseries_values:
  load_level: 260043.50591541393
  wind_year: 2011
  solar_year: 2011
  price_year: 2023
  carbon_year: 2023
storage_values:
  CAES:
    cost: 54.7729
    lifetime: 24.1123
    annual_cost: 2.2715750882329764
    efficiency: 0.637403
    discharge_ratio: 0.1
    depth_of_discharge: 0.4
  Li-ion:
    cost: 149.403
    lifetime: 12.7649
    annual_cost: 11.704204498272606
    efficiency: 0.926849
    discharge_ratio: 2
    depth_of_discharge: 0.9
  Pb-acid:
    cost: 95.0199
    lifetime: 12.0762
    annual_cost: 7.868360908232723
    efficiency: 0.737972
    discharge_ratio: 5
    depth_of_discharge: 0.5
  VRBF:
    cost: 288.012
    lifetime: 18.3405
    annual_cost: 15.70360677189826
    efficiency: 0.772116
    discharge_ratio: 0.5
    depth_of_discharge: 1.0
