cost_values:
  wind_capex: 5000.0
  wind_opex: 100
  wind_lifetime: 20
  solar_capex: 1000.0
  solar_opex: 10
  solar_lifetime: 20
  carbon_price: 1.0
timeseries_values:
  load_level: 260043.50591541393
  wind_year: 2011
  solar_year: 2011
  price_year: 2023
  carbon_year: 2023
storage_values:
  CAES:
    cost: 53.1548
    lifetime: 25.5035
    annual_cost: 2.084215891936401
    efficiency: 0.648874
    discharge_ratio: 0.1
    depth_of_discharge: 0.4
  Li-ion:
    cost: 166.515
    lifetime: 12.1086
    annual_cost: 13.751796243991873
    efficiency: 0.941066
    discharge_ratio: 2
    depth_of_discharge: 0.9
  Pb-acid:
    cost: 107.906
    lifetime: 11.6764
    annual_cost: 9.241375766503376
    efficiency: 0.741403
    discharge_ratio: 5
    depth_of_discharge: 0.5
  VRBF:
    cost: 314.35
    lifetime: 18.1521
    annual_cost: 17.317555544537548
    efficiency: 0.748124
    discharge_ratio: 0.5
    depth_of_discharge: 1.0
