cost_values:
  wind_capex: 5000.0
  wind_opex: 100
  wind_lifetime: 20
  solar_capex: 1000.0
  solar_opex: 10
  solar_lifetime: 20
  carbon_price: 1.0
timeseries_values:
  load_level: 260043.50591541393
  wind_year: 2011
  solar_year: 2011
  price_year: 2023
  carbon_year: 2023
storage_values:
  CAES:
    cost: 55.0418
    lifetime: 25.6851
    annual_cost: 2.1429466889363873
    efficiency: 0.6411
    discharge_ratio: 0.1
    depth_of_discharge: 0.4
  Li-ion:
    cost: 145.903
    lifetime: 12.4362
    annual_cost: 11.732120744278799
    efficiency: 0.93027
    discharge_ratio: 2
    depth_of_discharge: 0.9
  Pb-acid:
    cost: 133.054
    lifetime: 11.3914
    annual_cost: 11.680214898958862
    efficiency: 0.760136
    discharge_ratio: 5
    depth_of_discharge: 0.5
  VRBF:
    cost: 304.663
    lifetime: 16.6074
    annual_cost: 18.345014872887994
    efficiency: 0.78981
    discharge_ratio: 0.5
    depth_of_discharge: 1.0
