cost_values:
  wind_capex: 5000.0
  wind_opex: 100
  wind_lifetime: 20
  solar_capex: 1000.0
  solar_opex: 10
  solar_lifetime: 20
  carbon_price: 1.0
timeseries_values:
  load_level: 260043.50591541393
  wind_year: 2011
  solar_year: 2011
  price_year: 2023
  carbon_year: 2023
storage_values:
  CAES:
    cost: 52.4412
    lifetime: 24.2925
    annual_cost: 2.1587403519604815
    efficiency: 0.64261
    discharge_ratio: 0.1
    depth_of_discharge: 0.4
  Li-ion:
    cost: 163.862
    lifetime: 11.4229
    annual_cost: 14.345043727949994
    efficiency: 0.9117
    discharge_ratio: 2
    depth_of_discharge: 0.9
  Pb-acid:
    cost: 87.499
    lifetime: 11.4181
    annual_cost: 7.663183892241265
    efficiency: 0.757942
    discharge_ratio: 5
    depth_of_discharge: 0.5
  VRBF:
    cost: 305.562
    lifetime: 19.5265
    annual_cost: 15.648580134688759
    efficiency: 0.747537
    discharge_ratio: 0.5
    depth_of_discharge: 1.0
