cost_values:
  wind_capex: 5000.0
  wind_opex: 100
  wind_lifetime: 20
  solar_capex: 1000.0
  solar_opex: 10
  solar_lifetime: 20
  carbon_price: 1.0
timeseries_values:
  load_level: 260043.50591541393
  wind_year: 2011
  solar_year: 2011
  price_year: 2023
  carbon_year: 2023
storage_values:
  CAES:
    cost: 43.5881
    lifetime: 24.5748
    annual_cost: 1.7736909354297898
    efficiency: 0.647307
    discharge_ratio: 0.1
    depth_of_discharge: 0.4
  Li-ion:
    cost: 160.404
    lifetime: 12.9778
    annual_cost: 12.359876096102575
    efficiency: 0.929744
    discharge_ratio: 2
    depth_of_discharge: 0.9
  Pb-acid:
    cost: 114.728
    lifetime: 12.6473
    annual_cost: 9.07134329066283
    efficiency: 0.748352
    discharge_ratio: 5
    depth_of_discharge: 0.5
  VRBF:
    cost: 332.716
    lifetime: 19.4995
    annual_cost: 17.062796481961076
    efficiency: 0.749049
    discharge_ratio: 0.5
    depth_of_discharge: 1.0
