cost_values:
  wind_capex: 5000.0
  wind_opex: 100
  wind_lifetime: 20
  solar_capex: 1000.0
  solar_opex: 10
  solar_lifetime: 20
  carbon_price: 1.0
timeseries_values:
  load_level: 260043.50591541393
  wind_year: 2011
  solar_year: 2011
  price_year: 2023
  carbon_year: 2023
storage_values:
  CAES:
    cost: 54.1557
    lifetime: 24.4602
    annual_cost: 2.21403340937523
    efficiency: 0.640119
    discharge_ratio: 0.1
    depth_of_discharge: 0.4
  Li-ion:
    cost: 156.658
    lifetime: 10.6557
    annual_cost: 14.70180279099449
    efficiency: 0.913704
    discharge_ratio: 2
    depth_of_discharge: 0.9
  Pb-acid:
    cost: 109.067
    lifetime: 10.9749
    annual_cost: 9.937858203719395
    efficiency: 0.759014
    discharge_ratio: 5
    depth_of_discharge: 0.5
  VRBF:
    cost: 313.374
    lifetime: 17.4734
    annual_cost: 17.93434592008424
    efficiency: 0.747727
    discharge_ratio: 0.5
    depth_of_discharge: 1.0
