cost_values:
  wind_capex: 5000.0
  wind_opex: 100
  wind_lifetime: 20
  solar_capex: 1000.0
  solar_opex: 10
  solar_lifetime: 20
  carbon_price: 1.0
timeseries_values:
  load_level: 260043.50591541393
  wind_year: 2011
  solar_year: 2011
  price_year: 2023
  carbon_year: 2023
storage_values:
  CAES:
    cost: 57.5741
    lifetime: 25.3643
    annual_cost: 2.269887203668148
    efficiency: 0.639313
    discharge_ratio: 0.1
    depth_of_discharge: 0.4
  Li-ion:
    cost: 166.026
    lifetime: 10.7249
    annual_cost: 15.480424059897995
    efficiency: 0.91792
    discharge_ratio: 2
    depth_of_discharge: 0.9
  Pb-acid:
    cost: 86.745
    lifetime: 12.9294
    annual_cost: 6.709128033783471
    efficiency: 0.757834
    discharge_ratio: 5
    depth_of_discharge: 0.5
  VRBF:
    cost: 325.857
    lifetime: 19.5188
    annual_cost: 16.69452015492756
    efficiency: 0.765765
    discharge_ratio: 0.5
    depth_of_discharge: 1.0
