cost_values:
  wind_capex: 5000.0
  wind_opex: 100
  wind_lifetime: 20
  solar_capex: 1000.0
  solar_opex: 10
  solar_lifetime: 20
  carbon_price: 1.0
timeseries_values:
  load_level: 226834.9427425628
  wind_year: 2015
  solar_year: 2011
  price_year: 2023
  carbon_year: 2023
storage_values:
  CAES:
    cost: 59.6457
    lifetime: 24.1267
    annual_cost: 2.4721864158795026
    efficiency: 0.601488
    discharge_ratio: 0.1
    depth_of_discharge: 0.4
  Li-ion:
    cost: 176.592
    lifetime: 14.6909
    annual_cost: 12.02050248793471
    efficiency: 0.89106
    discharge_ratio: 2
    depth_of_discharge: 0.9
  Pb-acid:
    cost: 123.951
    lifetime: 11.6458
    annual_cost: 10.643407923886723
    efficiency: 0.714724
    discharge_ratio: 5
    depth_of_discharge: 0.5
  VRBF:
    cost: 324.893
    lifetime: 18.2055
    annual_cost: 17.845870753343767
    efficiency: 0.816092
    discharge_ratio: 0.5
    depth_of_discharge: 1.0
