cost_values:
  wind_capex: 5000.0
  wind_opex: 100
  wind_lifetime: 20
  solar_capex: 1000.0
  solar_opex: 10
  solar_lifetime: 20
  carbon_price: 1.0
timeseries_values:
  load_level: 226834.9427425628
  wind_year: 2015
  solar_year: 2011
  price_year: 2023
  carbon_year: 2023
storage_values:
  CAES:
    cost: 60.0026
    lifetime: 24.6186
    annual_cost: 2.4372872543524
    efficiency: 0.610985
    discharge_ratio: 0.1
    depth_of_discharge: 0.4
  Li-ion:
    cost: 196.048
    lifetime: 12.3401
    annual_cost: 15.88706736574258
    efficiency: 0.896661
    discharge_ratio: 2
    depth_of_discharge: 0.9
  Pb-acid:
    cost: 131.466
    lifetime: 11.6363
    annual_cost: 11.297921160506347
    efficiency: 0.707502
    discharge_ratio: 5
    depth_of_discharge: 0.5
  VRBF:
    cost: 363.325
    lifetime: 17.3356
    annual_cost: 20.95831698931678
    efficiency: 0.815735
    discharge_ratio: 0.5
    depth_of_discharge: 1.0
