cost_values:
  wind_capex: 5000.0
  wind_opex: 100
  wind_lifetime: 20
  solar_capex: 1000.0
  solar_opex: 10
  solar_lifetime: 20
  carbon_price: 1.0
timeseries_values:
  load_level: 226834.9427425628
  wind_year: 2015
  solar_year: 2011
  price_year: 2023
  carbon_year: 2023
storage_values:
  CAES:
    cost: 54.1206
    lifetime: 23.7334
    annual_cost: 2.280355954056309
    efficiency: 0.598209
    discharge_ratio: 0.1
    depth_of_discharge: 0.4
  Li-ion:
    cost: 163.037
    lifetime: 11.1022
    annual_cost: 14.685107456179857
    efficiency: 0.897151
    discharge_ratio: 2
    depth_of_discharge: 0.9
  Pb-acid:
    cost: 121.685
    lifetime: 14.1943
    annual_cost: 8.572807394517518
    efficiency: 0.714044
    discharge_ratio: 5
    depth_of_discharge: 0.5
  VRBF:
    cost: 331.863
    lifetime: 16.6716
    annual_cost: 19.90588785719427
    efficiency: 0.819294
    discharge_ratio: 0.5
    depth_of_discharge: 1.0
