cost_values:
  wind_capex: 5000.0
  wind_opex: 100
  wind_lifetime: 20
  solar_capex: 1000.0
  solar_opex: 10
  solar_lifetime: 20
  carbon_price: 1.0
timeseries_values:
  load_level: 226834.9427425628
  wind_year: 2015
  solar_year: 2011
  price_year: 2023
  carbon_year: 2023
storage_values:
  CAES:
    cost: 55.1078
    lifetime: 24.4543
    annual_cost: 2.253501429196501
    efficiency: 0.592932
    discharge_ratio: 0.1
    depth_of_discharge: 0.4
  Li-ion:
    cost: 175.53
    lifetime: 12.7303
    annual_cost: 13.78836319646827
    efficiency: 0.908375
    discharge_ratio: 2
    depth_of_discharge: 0.9
  Pb-acid:
    cost: 139.233
    lifetime: 12.9396
    annual_cost: 10.760224427339331
    efficiency: 0.684655
    discharge_ratio: 5
    depth_of_discharge: 0.5
  VRBF:
    cost: 327.217
    lifetime: 15.4037
    annual_cost: 21.242753364451396
    efficiency: 0.816969
    discharge_ratio: 0.5
    depth_of_discharge: 1.0
