cost_values:
  wind_capex: 5000.0
  wind_opex: 100
  wind_lifetime: 20
  solar_capex: 1000.0
  solar_opex: 10
  solar_lifetime: 20
  carbon_price: 1.0
timeseries_values:
  load_level: 226834.9427425628
  wind_year: 2015
  solar_year: 2011
  price_year: 2023
  carbon_year: 2023
storage_values:
  CAES:
    cost: 56.4116
    lifetime: 24.1741
    annual_cost: 2.333555334014503
    efficiency: 0.599769
    discharge_ratio: 0.1
    depth_of_discharge: 0.4
  Li-ion:
    cost: 185.439
    lifetime: 11.8224
    annual_cost: 15.68539382866423
    efficiency: 0.895152
    discharge_ratio: 2
    depth_of_discharge: 0.9
  Pb-acid:
    cost: 123.323
    lifetime: 11.1812
    annual_cost: 11.02949593961292
    efficiency: 0.691992
    discharge_ratio: 5
    depth_of_discharge: 0.5
  VRBF:
    cost: 302.709
    lifetime: 17.2003
    annual_cost: 17.59905350488073
    efficiency: 0.794844
    discharge_ratio: 0.5
    depth_of_discharge: 1.0
