cost_values:
  wind_capex: 5000.0
  wind_opex: 100
  wind_lifetime: 20
  solar_capex: 1000.0
  solar_opex: 10
  solar_lifetime: 20
  carbon_price: 1.0
timeseries_values:
  load_level: 226834.9427425628
  wind_year: 2015
  solar_year: 2011
  price_year: 2023
  carbon_year: 2023
storage_values:
  CAES:
    cost: 53.7185
    lifetime: 23.7131
    annual_cost: 2.2653512193681973
    efficiency: 0.591671
    discharge_ratio: 0.1
    depth_of_discharge: 0.4
  Li-ion:
    cost: 187.988
    lifetime: 11.0085
    annual_cost: 17.076622609801518
    efficiency: 0.908292
    discharge_ratio: 2
    depth_of_discharge: 0.9
  Pb-acid:
    cost: 93.026
    lifetime: 12.9306
    annual_cost: 7.19425239354709
    efficiency: 0.695469
    discharge_ratio: 5
    depth_of_discharge: 0.5
  VRBF:
    cost: 318.076
    lifetime: 17.7404
    annual_cost: 17.929471714279273
    efficiency: 0.83926
    discharge_ratio: 0.5
    depth_of_discharge: 1.0
