cost_values:
  wind_capex: 5000.0
  wind_opex: 100
  wind_lifetime: 20
  solar_capex: 1000.0
  solar_opex: 10
  solar_lifetime: 20
  carbon_price: 1.0
timeseries_values:
  load_level: 226834.9427425628
  wind_year: 2015
  solar_year: 2011
  price_year: 2023
  carbon_year: 2023
storage_values:
  CAES:
    cost: 54.4405
    lifetime: 24.2492
    annual_cost: 2.2450431354436438
    efficiency: 0.607799
    discharge_ratio: 0.1
    depth_of_discharge: 0.4
  Li-ion:
    cost: 170.487
    lifetime: 11.5441
    annual_cost: 14.768323212723383
    efficiency: 0.878566
    discharge_ratio: 2
    depth_of_discharge: 0.9
  Pb-acid:
    cost: 118.97
    lifetime: 12.3386
    annual_cost: 9.642098779440131
    efficiency: 0.690814
    discharge_ratio: 5
    depth_of_discharge: 0.5
  VRBF:
    cost: 304.515
    lifetime: 18.1259
    annual_cost: 16.799993379639076
    efficiency: 0.821813
    discharge_ratio: 0.5
    depth_of_discharge: 1.0
