cost_values:
  wind_capex: 5000.0
  wind_opex: 100
  wind_lifetime: 20
  solar_capex: 1000.0
  solar_opex: 10
  solar_lifetime: 20
  carbon_price: 1.0
timeseries_values:
  load_level: 226834.9427425628
  wind_year: 2015
  solar_year: 2011
  price_year: 2023
  carbon_year: 2023
storage_values:
  CAES:
    cost: 59.1597
    lifetime: 24.2392
    annual_cost: 2.440662233076999
    efficiency: 0.603897
    discharge_ratio: 0.1
    depth_of_discharge: 0.4
  Li-ion:
    cost: 180.529
    lifetime: 10.6454
    annual_cost: 16.95840456910966
    efficiency: 0.896306
    discharge_ratio: 2
    depth_of_discharge: 0.9
  Pb-acid:
    cost: 126.934
    lifetime: 11.619
    annual_cost: 10.924692314312763
    efficiency: 0.684048
    discharge_ratio: 5
    depth_of_discharge: 0.5
  VRBF:
    cost: 316.3
    lifetime: 16.3481
    annual_cost: 19.347814119071945
    efficiency: 0.819065
    discharge_ratio: 0.5
    depth_of_discharge: 1.0
