cost_values:
  wind_capex: 5000.0
  wind_opex: 100
  wind_lifetime: 20
  solar_capex: 1000.0
  solar_opex: 10
  solar_lifetime: 20
  carbon_price: 1.0
timeseries_values:
  load_level: 226834.9427425628
  wind_year: 2015
  solar_year: 2011
  price_year: 2023
  carbon_year: 2023
storage_values:
  CAES:
    cost: 52.104
    lifetime: 24.0988
    annual_cost: 2.162099357644364
    efficiency: 0.586004
    discharge_ratio: 0.1
    depth_of_discharge: 0.4
  Li-ion:
    cost: 167.59
    lifetime: 12.9754
    annual_cost: 12.915979468841037
    efficiency: 0.917476
    discharge_ratio: 2
    depth_of_discharge: 0.9
  Pb-acid:
    cost: 108.526
    lifetime: 12.6073
    annual_cost: 8.608187320044735
    efficiency: 0.689582
    discharge_ratio: 5
    depth_of_discharge: 0.5
  VRBF:
    cost: 329.571
    lifetime: 18.1347
    annual_cost: 18.17350162947278
    efficiency: 0.80848
    discharge_ratio: 0.5
    depth_of_discharge: 1.0
