cost_values:
  wind_capex: 5000.0
  wind_opex: 100
  wind_lifetime: 20
  solar_capex: 1000.0
  solar_opex: 10
  solar_lifetime: 20
  carbon_price: 1.0
timeseries_values:
  load_level: 226834.9427425628
  wind_year: 2015
  solar_year: 2011
  price_year: 2023
  carbon_year: 2023
storage_values:
  CAES:
    cost: 51.8314
    lifetime: 23.4627
    annual_cost: 2.209097844664084
    efficiency: 0.601456
    discharge_ratio: 0.1
    depth_of_discharge: 0.4
  Li-ion:
    cost: 194.394
    lifetime: 12.1084
    annual_cost: 16.05447457963067
    efficiency: 0.911773
    discharge_ratio: 2
    depth_of_discharge: 0.9
  Pb-acid:
    cost: 97.746
    lifetime: 12.3375
    annual_cost: 7.922674772036474
    efficiency: 0.700006
    discharge_ratio: 5
    depth_of_discharge: 0.5
  VRBF:
    cost: 307.951
    lifetime: 17.8517
    annual_cost: 17.25051395665399
    efficiency: 0.818897
    discharge_ratio: 0.5
    depth_of_discharge: 1.0
