cost_values:
  wind_capex: 5000.0
  wind_opex: 100
  wind_lifetime: 20
  solar_capex: 1000.0
  solar_opex: 10
  solar_lifetime: 20
  carbon_price: 1.0
timeseries_values:
  load_level: 226834.9427425628
  wind_year: 2015
  solar_year: 2011
  price_year: 2023
  carbon_year: 2023
storage_values:
  CAES:
    cost: 49.8752
    lifetime: 24.0085
    annual_cost: 2.0773975883541245
    efficiency: 0.598082
    discharge_ratio: 0.1
    depth_of_discharge: 0.4
  Li-ion:
    cost: 175.968
    lifetime: 11.8101
    annual_cost: 14.899789163512585
    efficiency: 0.88326
    discharge_ratio: 2
    depth_of_discharge: 0.9
  Pb-acid:
    cost: 109.062
    lifetime: 11.3262
    annual_cost: 9.629178365206336
    efficiency: 0.67833
    discharge_ratio: 5
    depth_of_discharge: 0.5
  VRBF:
    cost: 335.755
    lifetime: 15.0359
    annual_cost: 22.330222999620908
    efficiency: 0.812893
    discharge_ratio: 0.5
    depth_of_discharge: 1.0
