cost_values:
  wind_capex: 5000.0
  wind_opex: 100
  wind_lifetime: 20
  solar_capex: 1000.0
  solar_opex: 10
  solar_lifetime: 20
  carbon_price: 1.0
timeseries_values:
  load_level: 226834.9427425628
  wind_year: 2015
  solar_year: 2011
  price_year: 2023
  carbon_year: 2023
storage_values:
  CAES:
    cost: 56.8174
    lifetime: 24.9717
    annual_cost: 2.2752716074596444
    efficiency: 0.597001
    discharge_ratio: 0.1
    depth_of_discharge: 0.4
  Li-ion:
    cost: 184.713
    lifetime: 12.7953
    annual_cost: 14.436003845161895
    efficiency: 0.906665
    discharge_ratio: 2
    depth_of_discharge: 0.9
  Pb-acid:
    cost: 126.881
    lifetime: 11.2169
    annual_cost: 11.311592329431482
    efficiency: 0.694775
    discharge_ratio: 5
    depth_of_discharge: 0.5
  VRBF:
    cost: 309.921
    lifetime: 17.2474
    annual_cost: 17.969143175203218
    efficiency: 0.823993
    discharge_ratio: 0.5
    depth_of_discharge: 1.0
