cost_values:
  wind_capex: 5000.0
  wind_opex: 100
  wind_lifetime: 20
  solar_capex: 1000.0
  solar_opex: 10
  solar_lifetime: 20
  carbon_price: 1.0
timeseries_values:
  load_level: 226834.9427425628
  wind_year: 2015
  solar_year: 2011
  price_year: 2023
  carbon_year: 2023
storage_values:
  CAES:
    cost: 46.6489
    lifetime: 23.4793
    annual_cost: 1.9868096578688461
    efficiency: 0.58077
    discharge_ratio: 0.1
    depth_of_discharge: 0.4
  Li-ion:
    cost: 180.404
    lifetime: 12.7707
    annual_cost: 14.12639870954607
    efficiency: 0.898231
    discharge_ratio: 2
    depth_of_discharge: 0.9
  Pb-acid:
    cost: 130.477
    lifetime: 10.7769
    annual_cost: 12.107099444181538
    efficiency: 0.707898
    discharge_ratio: 5
    depth_of_discharge: 0.5
  VRBF:
    cost: 319.278
    lifetime: 16.2114
    annual_cost: 19.694659313816203
    efficiency: 0.80681
    discharge_ratio: 0.5
    depth_of_discharge: 1.0
