cost_values:
  wind_capex: 5000.0
  wind_opex: 100
  wind_lifetime: 20
  solar_capex: 1000.0
  solar_opex: 10
  solar_lifetime: 20
  carbon_price: 1.0
timeseries_values:
  load_level: 226834.9427425628
  wind_year: 2015
  solar_year: 2011
  price_year: 2023
  carbon_year: 2023
storage_values:
  CAES:
    cost: 52.0272
    lifetime: 25.0332
    annual_cost: 2.078327980441973
    efficiency: 0.602135
    discharge_ratio: 0.1
    depth_of_discharge: 0.4
  Li-ion:
    cost: 178.389
    lifetime: 12.9963
    annual_cost: 13.726137439117288
    efficiency: 0.925406
    discharge_ratio: 2
    depth_of_discharge: 0.9
  Pb-acid:
    cost: 122.178
    lifetime: 12.2557
    annual_cost: 9.96907561379603
    efficiency: 0.704392
    discharge_ratio: 5
    depth_of_discharge: 0.5
  VRBF:
    cost: 318.771
    lifetime: 18.4371
    annual_cost: 17.289649673755633
    efficiency: 0.807369
    discharge_ratio: 0.5
    depth_of_discharge: 1.0
