cost_values:
  wind_capex: 5000.0
  wind_opex: 100
  wind_lifetime: 20
  solar_capex: 1000.0
  solar_opex: 10
  solar_lifetime: 20
  carbon_price: 1.0
timeseries_values:
  load_level: 226834.9427425628
  wind_year: 2015
  solar_year: 2011
  price_year: 2023
  carbon_year: 2023
storage_values:
  CAES:
    cost: 54.8342
    lifetime: 24.1792
    annual_cost: 2.267825238221281
    efficiency: 0.596687
    discharge_ratio: 0.1
    depth_of_discharge: 0.4
  Li-ion:
    cost: 178.674
    lifetime: 10.7512
    annual_cost: 16.61898206711809
    efficiency: 0.915145
    discharge_ratio: 2
    depth_of_discharge: 0.9
  Pb-acid:
    cost: 137.44
    lifetime: 11.5442
    annual_cost: 11.905545641967395
    efficiency: 0.698216
    discharge_ratio: 5
    depth_of_discharge: 0.5
  VRBF:
    cost: 327.306
    lifetime: 17.5632
    annual_cost: 18.635897786280406
    efficiency: 0.803934
    discharge_ratio: 0.5
    depth_of_discharge: 1.0
