cost_values:
  wind_capex: 5000.0
  wind_opex: 100
  wind_lifetime: 20
  solar_capex: 1000.0
  solar_opex: 10
  solar_lifetime: 20
  carbon_price: 1.0
timeseries_values:
  load_level: 226834.9427425628
  wind_year: 2015
  solar_year: 2011
  price_year: 2023
  carbon_year: 2023
storage_values:
  CAES:
    cost: 54.8394
    lifetime: 23.4374
    annual_cost: 2.339824383250702
    efficiency: 0.592275
    discharge_ratio: 0.1
    depth_of_discharge: 0.4
  Li-ion:
    cost: 175.245
    lifetime: 14.4073
    annual_cost: 12.163625384353766
    efficiency: 0.911144
    discharge_ratio: 2
    depth_of_discharge: 0.9
  Pb-acid:
    cost: 128.964
    lifetime: 11.3289
    annual_cost: 11.383629478590153
    efficiency: 0.707454
    discharge_ratio: 5
    depth_of_discharge: 0.5
  VRBF:
    cost: 305.476
    lifetime: 16.8299
    annual_cost: 18.150791151462577
    efficiency: 0.829812
    discharge_ratio: 0.5
    depth_of_discharge: 1.0
