cost_values:
  wind_capex: 5000.0
  wind_opex: 100
  wind_lifetime: 20
  solar_capex: 1000.0
  solar_opex: 10
  solar_lifetime: 20
  carbon_price: 1.0
timeseries_values:
  load_level: 226834.9427425628
  wind_year: 2015
  solar_year: 2011
  price_year: 2023
  carbon_year: 2023
storage_values:
  CAES:
    cost: 47.984
    lifetime: 23.4447
    annual_cost: 2.0466885905983014
    efficiency: 0.588322
    discharge_ratio: 0.1
    depth_of_discharge: 0.4
  Li-ion:
    cost: 178.389
    lifetime: 10.8249
    annual_cost: 16.4795055843472
    efficiency: 0.91171
    discharge_ratio: 2
    depth_of_discharge: 0.9
  Pb-acid:
    cost: 112.834
    lifetime: 11.7418
    annual_cost: 9.609599890987754
    efficiency: 0.692738
    discharge_ratio: 5
    depth_of_discharge: 0.5
  VRBF:
    cost: 303.139
    lifetime: 18.4507
    annual_cost: 16.429674754887348
    efficiency: 0.820058
    discharge_ratio: 0.5
    depth_of_discharge: 1.0
