cost_values:
  wind_capex: 5000.0
  wind_opex: 100
  wind_lifetime: 20
  solar_capex: 1000.0
  solar_opex: 10
  solar_lifetime: 20
  carbon_price: 1.0
timeseries_values:
  load_level: 226834.9427425628
  wind_year: 2015
  solar_year: 2011
  price_year: 2023
  carbon_year: 2023
storage_values:
  CAES:
    cost: 56.8843
    lifetime: 24.7391
    annual_cost: 2.299368206604121
    efficiency: 0.599327
    discharge_ratio: 0.1
    depth_of_discharge: 0.4
  Li-ion:
    cost: 159.541
    lifetime: 13.0016
    annual_cost: 12.27087435392567
    efficiency: 0.901882
    discharge_ratio: 2
    depth_of_discharge: 0.9
  Pb-acid:
    cost: 107.827
    lifetime: 11.8498
    annual_cost: 9.099478472210501
    efficiency: 0.701001
    discharge_ratio: 5
    depth_of_discharge: 0.5
  VRBF:
    cost: 326.035
    lifetime: 18.5585
    annual_cost: 17.567960772691762
    efficiency: 0.819679
    discharge_ratio: 0.5
    depth_of_discharge: 1.0
