cost_values:
  wind_capex: 5000.0
  wind_opex: 100
  wind_lifetime: 20
  solar_capex: 1000.0
  solar_opex: 10
  solar_lifetime: 20
  carbon_price: 1.0
timeseries_values:
  load_level: 226834.9427425628
  wind_year: 2015
  solar_year: 2011
  price_year: 2023
  carbon_year: 2023
storage_values:
  CAES:
    cost: 52.4099
    lifetime: 24.0283
    annual_cost: 2.181173865816558
    efficiency: 0.59591
    discharge_ratio: 0.1
    depth_of_discharge: 0.4
  Li-ion:
    cost: 171.151
    lifetime: 12.0027
    annual_cost: 14.259374973964192
    efficiency: 0.896567
    discharge_ratio: 2
    depth_of_discharge: 0.9
  Pb-acid:
    cost: 122.304
    lifetime: 12.7127
    annual_cost: 9.620615604867574
    efficiency: 0.682122
    discharge_ratio: 5
    depth_of_discharge: 0.5
  VRBF:
    cost: 350.747
    lifetime: 18.1033
    annual_cost: 19.374754878944724
    efficiency: 0.834878
    discharge_ratio: 0.5
    depth_of_discharge: 1.0
