cost_values:
  wind_capex: 5000.0
  wind_opex: 100
  wind_lifetime: 20
  solar_capex: 1000.0
  solar_opex: 10
  solar_lifetime: 20
  carbon_price: 1.0
timeseries_values:
  load_level: 226834.9427425628
  wind_year: 2015
  solar_year: 2011
  price_year: 2023
  carbon_year: 2023
storage_values:
  CAES:
    cost: 51.4074
    lifetime: 24.3027
    annual_cost: 2.1152958313273835
    efficiency: 0.594195
    discharge_ratio: 0.1
    depth_of_discharge: 0.4
  Li-ion:
    cost: 171.922
    lifetime: 10.4188
    annual_cost: 16.501132568050064
    efficiency: 0.89272
    discharge_ratio: 2
    depth_of_discharge: 0.9
  Pb-acid:
    cost: 121.818
    lifetime: 12.0712
    annual_cost: 10.091623036649215
    efficiency: 0.680058
    discharge_ratio: 5
    depth_of_discharge: 0.5
  VRBF:
    cost: 316.79
    lifetime: 17.1897
    annual_cost: 18.42905926223262
    efficiency: 0.818085
    discharge_ratio: 0.5
    depth_of_discharge: 1.0
