cost_values:
  wind_capex: 5000.0
  wind_opex: 100
  wind_lifetime: 20
  solar_capex: 1000.0
  solar_opex: 10
  solar_lifetime: 20
  carbon_price: 1.0
timeseries_values:
  load_level: 226834.9427425628
  wind_year: 2015
  solar_year: 2011
  price_year: 2023
  carbon_year: 2023
storage_values:
  CAES:
    cost: 55.7254
    lifetime: 24.9185
    annual_cost: 2.236306358729458
    efficiency: 0.59339
    discharge_ratio: 0.1
    depth_of_discharge: 0.4
  Li-ion:
    cost: 165.627
    lifetime: 11.8415
    annual_cost: 13.986994890849978
    efficiency: 0.900924
    discharge_ratio: 2
    depth_of_discharge: 0.9
  Pb-acid:
    cost: 126.796
    lifetime: 10.8906
    annual_cost: 11.642701044937837
    efficiency: 0.714271
    discharge_ratio: 5
    depth_of_discharge: 0.5
  VRBF:
    cost: 340.99
    lifetime: 15.579
    annual_cost: 21.887797676359202
    efficiency: 0.813799
    discharge_ratio: 0.5
    depth_of_discharge: 1.0
