cost_values:
  wind_capex: 5000.0
  wind_opex: 100
  wind_lifetime: 20
  solar_capex: 1000.0
  solar_opex: 10
  solar_lifetime: 20
  carbon_price: 1.0
timeseries_values:
  load_level: 226834.9427425628
  wind_year: 2015
  solar_year: 2011
  price_year: 2023
  carbon_year: 2023
storage_values:
  CAES:
    cost: 49.7573
    lifetime: 24.7524
    annual_cost: 2.010201031011134
    efficiency: 0.596533
    discharge_ratio: 0.1
    depth_of_discharge: 0.4
  Li-ion:
    cost: 195.044
    lifetime: 12.8818
    annual_cost: 15.141051716375042
    efficiency: 0.902874
    discharge_ratio: 2
    depth_of_discharge: 0.9
  Pb-acid:
    cost: 131.98
    lifetime: 13.246
    annual_cost: 9.96376264532689
    efficiency: 0.692001
    discharge_ratio: 5
    depth_of_discharge: 0.5
  VRBF:
    cost: 326.959
    lifetime: 15.4864
    annual_cost: 21.112653683231738
    efficiency: 0.827789
    discharge_ratio: 0.5
    depth_of_discharge: 1.0
