cost_values:
  wind_capex: 5000.0
  wind_opex: 100
  wind_lifetime: 20
  solar_capex: 1000.0
  solar_opex: 10
  solar_lifetime: 20
  carbon_price: 1.0
timeseries_values:
  load_level: 226834.9427425628
  wind_year: 2015
  solar_year: 2011
  price_year: 2023
  carbon_year: 2023
storage_values:
  CAES:
    cost: 52.6417
    lifetime: 24.506
    annual_cost: 2.148114747408798
    efficiency: 0.608117
    discharge_ratio: 0.1
    depth_of_discharge: 0.4
  Li-ion:
    cost: 173.434
    lifetime: 11.8232
    annual_cost: 14.66895595101157
    efficiency: 0.889097
    discharge_ratio: 2
    depth_of_discharge: 0.9
  Pb-acid:
    cost: 117.189
    lifetime: 13.5677
    annual_cost: 8.637351946166262
    efficiency: 0.692546
    discharge_ratio: 5
    depth_of_discharge: 0.5
  VRBF:
    cost: 285.652
    lifetime: 16.351
    annual_cost: 17.470001834750168
    efficiency: 0.82778
    discharge_ratio: 0.5
    depth_of_discharge: 1.0
