cost_values:
  wind_capex: 5000.0
  wind_opex: 100
  wind_lifetime: 20
  solar_capex: 1000.0
  solar_opex: 10
  solar_lifetime: 20
  carbon_price: 1.0
timeseries_values:
  load_level: 226834.9427425628
  wind_year: 2015
  solar_year: 2011
  price_year: 2023
  carbon_year: 2023
storage_values:
  CAES:
    cost: 55.1674
    lifetime: 23.7667
    annual_cost: 2.3212057206090875
    efficiency: 0.606106
    discharge_ratio: 0.1
    depth_of_discharge: 0.4
  Li-ion:
    cost: 169.917
    lifetime: 12.4764
    annual_cost: 13.619072809464269
    efficiency: 0.903621
    discharge_ratio: 2
    depth_of_discharge: 0.9
  Pb-acid:
    cost: 113.812
    lifetime: 12.6321
    annual_cost: 9.00974501468481
    efficiency: 0.710068
    discharge_ratio: 5
    depth_of_discharge: 0.5
  VRBF:
    cost: 330.383
    lifetime: 18.4254
    annual_cost: 17.930845463327795
    efficiency: 0.812504
    discharge_ratio: 0.5
    depth_of_discharge: 1.0
