cost_values:
  wind_capex: 5000.0
  wind_opex: 100
  wind_lifetime: 20
  solar_capex: 1000.0
  solar_opex: 10
  solar_lifetime: 20
  carbon_price: 1.0
timeseries_values:
  load_level: 226834.9427425628
  wind_year: 2015
  solar_year: 2011
  price_year: 2023
  carbon_year: 2023
storage_values:
  CAES:
    cost: 51.8966
    lifetime: 24.1092
    annual_cost: 2.152564166376321
    efficiency: 0.606616
    discharge_ratio: 0.1
    depth_of_discharge: 0.4
  Li-ion:
    cost: 155.69
    lifetime: 10.0705
    annual_cost: 15.460006950995483
    efficiency: 0.900315
    discharge_ratio: 2
    depth_of_discharge: 0.9
  Pb-acid:
    cost: 124.624
    lifetime: 10.0069
    annual_cost: 12.453806873257452
    efficiency: 0.705115
    discharge_ratio: 5
    depth_of_discharge: 0.5
  VRBF:
    cost: 315.785
    lifetime: 18.13
    annual_cost: 17.417815774958633
    efficiency: 0.816574
    discharge_ratio: 0.5
    depth_of_discharge: 1.0
