cost_values:
  wind_capex: 5000.0
  wind_opex: 100
  wind_lifetime: 20
  solar_capex: 1000.0
  solar_opex: 10
  solar_lifetime: 20
  carbon_price: 1.0
timeseries_values:
  load_level: 226834.9427425628
  wind_year: 2015
  solar_year: 2011
  price_year: 2023
  carbon_year: 2023
storage_values:
  CAES:
    cost: 55.4627
    lifetime: 23.7097
    annual_cost: 2.339240901403223
    efficiency: 0.597795
    discharge_ratio: 0.1
    depth_of_discharge: 0.4
  Li-ion:
    cost: 176.069
    lifetime: 12.111
    annual_cost: 14.53794071505243
    efficiency: 0.909443
    discharge_ratio: 2
    depth_of_discharge: 0.9
  Pb-acid:
    cost: 108.977
    lifetime: 11.5199
    annual_cost: 9.459891144888411
    efficiency: 0.704224
    discharge_ratio: 5
    depth_of_discharge: 0.5
  VRBF:
    cost: 339.543
    lifetime: 17.4942
    annual_cost: 19.408889803477724
    efficiency: 0.821954
    discharge_ratio: 0.5
    depth_of_discharge: 1.0
