cost_values:
  wind_capex: 5000.0
  wind_opex: 100
  wind_lifetime: 20
  solar_capex: 1000.0
  solar_opex: 10
  solar_lifetime: 20
  carbon_price: 1.0
timeseries_values:
  load_level: 226834.9427425628
  wind_year: 2015
  solar_year: 2011
  price_year: 2023
  carbon_year: 2023
storage_values:
  CAES:
    cost: 54.134
    lifetime: 23.746
    annual_cost: 2.2797102669923355
    efficiency: 0.600867
    discharge_ratio: 0.1
    depth_of_discharge: 0.4
  Li-ion:
    cost: 164.741
    lifetime: 12.5858
    annual_cost: 13.089434124171685
    efficiency: 0.891309
    discharge_ratio: 2
    depth_of_discharge: 0.9
  Pb-acid:
    cost: 112.869
    lifetime: 12.0891
    annual_cost: 9.336427029307393
    efficiency: 0.704349
    discharge_ratio: 5
    depth_of_discharge: 0.5
  VRBF:
    cost: 307.471
    lifetime: 14.9313
    annual_cost: 20.592379765994924
    efficiency: 0.797477
    discharge_ratio: 0.5
    depth_of_discharge: 1.0
