cost_values:
  wind_capex: 5000.0
  wind_opex: 100
  wind_lifetime: 20
  solar_capex: 1000.0
  solar_opex: 10
  solar_lifetime: 20
  carbon_price: 1.0
timeseries_values:
  load_level: 226834.9427425628
  wind_year: 2015
  solar_year: 2011
  price_year: 2023
  carbon_year: 2023
storage_values:
  CAES:
    cost: 45.9234
    lifetime: 24.0193
    annual_cost: 1.9119374836069327
    efficiency: 0.599487
    discharge_ratio: 0.1
    depth_of_discharge: 0.4
  Li-ion:
    cost: 179.965
    lifetime: 11.0669
    annual_cost: 16.26155472625577
    efficiency: 0.905369
    discharge_ratio: 2
    depth_of_discharge: 0.9
  Pb-acid:
    cost: 115.253
    lifetime: 11.3965
    annual_cost: 10.113017154389507
    efficiency: 0.715224
    discharge_ratio: 5
    depth_of_discharge: 0.5
  VRBF:
    cost: 311.381
    lifetime: 15.9275
    annual_cost: 19.549897975200125
    efficiency: 0.804334
    discharge_ratio: 0.5
    depth_of_discharge: 1.0
