cost_values:
  wind_capex: 5000.0
  wind_opex: 100
  wind_lifetime: 20
  solar_capex: 1000.0
  solar_opex: 10
  solar_lifetime: 20
  carbon_price: 1.0
timeseries_values:
  load_level: 226834.9427425628
  wind_year: 2015
  solar_year: 2011
  price_year: 2023
  carbon_year: 2023
storage_values:
  CAES:
    cost: 53.2527
    lifetime: 23.5738
    annual_cost: 2.2589781876490003
    efficiency: 0.592463
    discharge_ratio: 0.1
    depth_of_discharge: 0.4
  Li-ion:
    cost: 168.925
    lifetime: 11.1727
    annual_cost: 15.119442927850923
    efficiency: 0.900395
    discharge_ratio: 2
    depth_of_discharge: 0.9
  Pb-acid:
    cost: 105.439
    lifetime: 13.6194
    annual_cost: 7.7418241625915964
    efficiency: 0.699217
    discharge_ratio: 5
    depth_of_discharge: 0.5
  VRBF:
    cost: 307.29
    lifetime: 17.1189
    annual_cost: 17.950335593992605
    efficiency: 0.829269
    discharge_ratio: 0.5
    depth_of_discharge: 1.0
