cost_values:
  wind_capex: 5000.0
  wind_opex: 100
  wind_lifetime: 20
  solar_capex: 1000.0
  solar_opex: 10
  solar_lifetime: 20
  carbon_price: 1.0
timeseries_values:
  load_level: 226834.9427425628
  wind_year: 2015
  solar_year: 2011
  price_year: 2023
  carbon_year: 2023
storage_values:
  CAES:
    cost: 51.4167
    lifetime: 23.7477
    annual_cost: 2.165123359314797
    efficiency: 0.606728
    discharge_ratio: 0.1
    depth_of_discharge: 0.4
  Li-ion:
    cost: 185.284
    lifetime: 12.9991
    annual_cost: 14.253602172458093
    efficiency: 0.90066
    discharge_ratio: 2
    depth_of_discharge: 0.9
  Pb-acid:
    cost: 112.435
    lifetime: 12.0706
    annual_cost: 9.3147813696088
    efficiency: 0.689167
    discharge_ratio: 5
    depth_of_discharge: 0.5
  VRBF:
    cost: 321.966
    lifetime: 18.1371
    annual_cost: 17.751790528805596
    efficiency: 0.798258
    discharge_ratio: 0.5
    depth_of_discharge: 1.0
