cost_values:
  wind_capex: 5000.0
  wind_opex: 100
  wind_lifetime: 20
  solar_capex: 1000.0
  solar_opex: 10
  solar_lifetime: 20
  carbon_price: 1.0
timeseries_values:
  load_level: 226834.9427425628
  wind_year: 2015
  solar_year: 2011
  price_year: 2023
  carbon_year: 2023
storage_values:
  CAES:
    cost: 45.9803
    lifetime: 24.3406
    annual_cost: 1.8890372464113458
    efficiency: 0.592609
    discharge_ratio: 0.1
    depth_of_discharge: 0.4
  Li-ion:
    cost: 159.078
    lifetime: 13.2811
    annual_cost: 11.977772925435392
    efficiency: 0.894016
    discharge_ratio: 2
    depth_of_discharge: 0.9
  Pb-acid:
    cost: 127.799
    lifetime: 11.1688
    annual_cost: 11.442500537210803
    efficiency: 0.701091
    discharge_ratio: 5
    depth_of_discharge: 0.5
  VRBF:
    cost: 331.859
    lifetime: 16.8386
    annual_cost: 19.70822990034801
    efficiency: 0.796896
    discharge_ratio: 0.5
    depth_of_discharge: 1.0
