cost_values:
  wind_capex: 5000.0
  wind_opex: 100
  wind_lifetime: 20
  solar_capex: 1000.0
  solar_opex: 10
  solar_lifetime: 20
  carbon_price: 1.0
timeseries_values:
  load_level: 226834.9427425628
  wind_year: 2015
  solar_year: 2011
  price_year: 2023
  carbon_year: 2023
storage_values:
  CAES:
    cost: 51.8153
    lifetime: 24.8609
    annual_cost: 2.0842085362959506
    efficiency: 0.598458
    discharge_ratio: 0.1
    depth_of_discharge: 0.4
  Li-ion:
    cost: 171.844
    lifetime: 12.8823
    annual_cost: 13.339543404516274
    efficiency: 0.884596
    discharge_ratio: 2
    depth_of_discharge: 0.9
  Pb-acid:
    cost: 124.403
    lifetime: 12.1832
    annual_cost: 10.21102830126732
    efficiency: 0.70534
    discharge_ratio: 5
    depth_of_discharge: 0.5
  VRBF:
    cost: 321.336
    lifetime: 17.4165
    annual_cost: 18.450090431487386
    efficiency: 0.814321
    discharge_ratio: 0.5
    depth_of_discharge: 1.0
