cost_values:
  wind_capex: 5000.0
  wind_opex: 100
  wind_lifetime: 20
  solar_capex: 1000.0
  solar_opex: 10
  solar_lifetime: 20
  carbon_price: 1.0
timeseries_values:
  load_level: 226834.9427425628
  wind_year: 2015
  solar_year: 2011
  price_year: 2023
  carbon_year: 2023
storage_values:
  CAES:
    cost: 48.8623
    lifetime: 23.0381
    annual_cost: 2.1209344520598488
    efficiency: 0.593933
    discharge_ratio: 0.1
    depth_of_discharge: 0.4
  Li-ion:
    cost: 183.79
    lifetime: 11.6971
    annual_cost: 15.712441545340296
    efficiency: 0.899654
    discharge_ratio: 2
    depth_of_discharge: 0.9
  Pb-acid:
    cost: 133.825
    lifetime: 13.0847
    annual_cost: 10.227594060238292
    efficiency: 0.694653
    discharge_ratio: 5
    depth_of_discharge: 0.5
  VRBF:
    cost: 330.683
    lifetime: 17.8228
    annual_cost: 18.553930919945238
    efficiency: 0.816098
    discharge_ratio: 0.5
    depth_of_discharge: 1.0
