cost_values:
  wind_capex: 5000.0
  wind_opex: 100
  wind_lifetime: 20
  solar_capex: 1000.0
  solar_opex: 10
  solar_lifetime: 20
  carbon_price: 1.0
timeseries_values:
  load_level: 226834.9427425628
  wind_year: 2015
  solar_year: 2011
  price_year: 2023
  carbon_year: 2023
storage_values:
  CAES:
    cost: 52.7602
    lifetime: 24.4078
    annual_cost: 2.1616122714869834
    efficiency: 0.60124
    discharge_ratio: 0.1
    depth_of_discharge: 0.4
  Li-ion:
    cost: 180.479
    lifetime: 11.901
    annual_cost: 15.165028148895052
    efficiency: 0.898329
    discharge_ratio: 2
    depth_of_discharge: 0.9
  Pb-acid:
    cost: 132.149
    lifetime: 13.5107
    annual_cost: 9.78106241719526
    efficiency: 0.706246
    discharge_ratio: 5
    depth_of_discharge: 0.5
  VRBF:
    cost: 337.28
    lifetime: 15.9798
    annual_cost: 21.106647142016797
    efficiency: 0.815491
    discharge_ratio: 0.5
    depth_of_discharge: 1.0
