cost_values:
  wind_capex: 5000.0
  wind_opex: 100
  wind_lifetime: 20
  solar_capex: 1000.0
  solar_opex: 10
  solar_lifetime: 20
  carbon_price: 1.0
timeseries_values:
  load_level: 226834.9427425628
  wind_year: 2015
  solar_year: 2011
  price_year: 2023
  carbon_year: 2023
storage_values:
  CAES:
    cost: 53.9267
    lifetime: 23.6438
    annual_cost: 2.280796657051743
    efficiency: 0.592548
    discharge_ratio: 0.1
    depth_of_discharge: 0.4
  Li-ion:
    cost: 188.024
    lifetime: 11.2718
    annual_cost: 16.6809205273337
    efficiency: 0.900116
    discharge_ratio: 2
    depth_of_discharge: 0.9
  Pb-acid:
    cost: 136.013
    lifetime: 11.3659
    annual_cost: 11.966760221363906
    efficiency: 0.700854
    discharge_ratio: 5
    depth_of_discharge: 0.5
  VRBF:
    cost: 300.132
    lifetime: 18.3416
    annual_cost: 16.363457931696253
    efficiency: 0.814135
    discharge_ratio: 0.5
    depth_of_discharge: 1.0
