cost_values:
  wind_capex: 5000.0
  wind_opex: 100
  wind_lifetime: 20
  solar_capex: 1000.0
  solar_opex: 10
  solar_lifetime: 20
  carbon_price: 1.0
timeseries_values:
  load_level: 226834.9427425628
  wind_year: 2015
  solar_year: 2011
  price_year: 2023
  carbon_year: 2023
storage_values:
  CAES:
    cost: 54.2252
    lifetime: 24.4067
    annual_cost: 2.2217341959380006
    efficiency: 0.586378
    discharge_ratio: 0.1
    depth_of_discharge: 0.4
  Li-ion:
    cost: 176.91
    lifetime: 11.487
    annual_cost: 15.400887960302951
    efficiency: 0.89828
    discharge_ratio: 2
    depth_of_discharge: 0.9
  Pb-acid:
    cost: 113.962
    lifetime: 12.579
    annual_cost: 9.059702679068288
    efficiency: 0.701072
    discharge_ratio: 5
    depth_of_discharge: 0.5
  VRBF:
    cost: 345.721
    lifetime: 18.2521
    annual_cost: 18.941436875756764
    efficiency: 0.811348
    discharge_ratio: 0.5
    depth_of_discharge: 1.0
