cost_values:
  wind_capex: 5000.0
  wind_opex: 100
  wind_lifetime: 20
  solar_capex: 1000.0
  solar_opex: 10
  solar_lifetime: 20
  carbon_price: 1.0
timeseries_values:
  load_level: 226834.9427425628
  wind_year: 2015
  solar_year: 2011
  price_year: 2023
  carbon_year: 2023
storage_values:
  CAES:
    cost: 48.6099
    lifetime: 24.0233
    annual_cost: 2.023448069166185
    efficiency: 0.604548
    discharge_ratio: 0.1
    depth_of_discharge: 0.4
  Li-ion:
    cost: 181.183
    lifetime: 12.7346
    annual_cost: 14.227616101016128
    efficiency: 0.90299
    discharge_ratio: 2
    depth_of_discharge: 0.9
  Pb-acid:
    cost: 121.823
    lifetime: 11.8543
    annual_cost: 10.276692845634074
    efficiency: 0.695418
    discharge_ratio: 5
    depth_of_discharge: 0.5
  VRBF:
    cost: 333.596
    lifetime: 18.5644
    annual_cost: 17.969662364525654
    efficiency: 0.811783
    discharge_ratio: 0.5
    depth_of_discharge: 1.0
