cost_values:
  wind_capex: 5000.0
  wind_opex: 100
  wind_lifetime: 20
  solar_capex: 1000.0
  solar_opex: 10
  solar_lifetime: 20
  carbon_price: 1.0
timeseries_values:
  load_level: 226834.9427425628
  wind_year: 2015
  solar_year: 2011
  price_year: 2023
  carbon_year: 2023
storage_values:
  CAES:
    cost: 56.5196
    lifetime: 24.3517
    annual_cost: 2.32097143115265
    efficiency: 0.597576
    discharge_ratio: 0.1
    depth_of_discharge: 0.4
  Li-ion:
    cost: 171.875
    lifetime: 11.6788
    annual_cost: 14.716837346302702
    efficiency: 0.902096
    discharge_ratio: 2
    depth_of_discharge: 0.9
  Pb-acid:
    cost: 124.212
    lifetime: 12.6228
    annual_cost: 9.840289000855595
    efficiency: 0.688514
    discharge_ratio: 5
    depth_of_discharge: 0.5
  VRBF:
    cost: 304.402
    lifetime: 15.5601
    annual_cost: 19.562984813722277
    efficiency: 0.829715
    discharge_ratio: 0.5
    depth_of_discharge: 1.0
