cost_values:
  wind_capex: 5000.0
  wind_opex: 100
  wind_lifetime: 20
  solar_capex: 1000.0
  solar_opex: 10
  solar_lifetime: 20
  carbon_price: 1.0
timeseries_values:
  load_level: 226834.9427425628
  wind_year: 2015
  solar_year: 2011
  price_year: 2023
  carbon_year: 2023
storage_values:
  CAES:
    cost: 52.5113
    lifetime: 24.8539
    annual_cost: 2.1127991985161283
    efficiency: 0.590947
    discharge_ratio: 0.1
    depth_of_discharge: 0.4
  Li-ion:
    cost: 164.603
    lifetime: 14.7432
    annual_cost: 11.164672526995497
    efficiency: 0.90531
    discharge_ratio: 2
    depth_of_discharge: 0.9
  Pb-acid:
    cost: 142.833
    lifetime: 11.9291
    annual_cost: 11.973493390113251
    efficiency: 0.698449
    discharge_ratio: 5
    depth_of_discharge: 0.5
  VRBF:
    cost: 350.291
    lifetime: 19.1161
    annual_cost: 18.3243967127186
    efficiency: 0.817036
    discharge_ratio: 0.5
    depth_of_discharge: 1.0
