cost_values:
  wind_capex: 5000.0
  wind_opex: 100
  wind_lifetime: 20
  solar_capex: 1000.0
  solar_opex: 10
  solar_lifetime: 20
  carbon_price: 1.0
timeseries_values:
  load_level: 226834.9427425628
  wind_year: 2015
  solar_year: 2011
  price_year: 2023
  carbon_year: 2023
storage_values:
  CAES:
    cost: 53.5807
    lifetime: 24.4226
    annual_cost: 2.1938982745489835
    efficiency: 0.589459
    discharge_ratio: 0.1
    depth_of_discharge: 0.4
  Li-ion:
    cost: 191.077
    lifetime: 12.0182
    annual_cost: 15.89896989565825
    efficiency: 0.907082
    discharge_ratio: 2
    depth_of_discharge: 0.9
  Pb-acid:
    cost: 125.742
    lifetime: 12.9636
    annual_cost: 9.699620475793761
    efficiency: 0.702396
    discharge_ratio: 5
    depth_of_discharge: 0.5
  VRBF:
    cost: 331.608
    lifetime: 19.2736
    annual_cost: 17.20529636393824
    efficiency: 0.814771
    discharge_ratio: 0.5
    depth_of_discharge: 1.0
