cost_values:
  wind_capex: 5000.0
  wind_opex: 100
  wind_lifetime: 20
  solar_capex: 1000.0
  solar_opex: 10
  solar_lifetime: 20
  carbon_price: 1.0
timeseries_values:
  load_level: 226834.9427425628
  wind_year: 2015
  solar_year: 2011
  price_year: 2023
  carbon_year: 2023
storage_values:
  CAES:
    cost: 50.8524
    lifetime: 24.2682
    annual_cost: 2.09543353029891
    efficiency: 0.590885
    discharge_ratio: 0.1
    depth_of_discharge: 0.4
  Li-ion:
    cost: 199.025
    lifetime: 13.3652
    annual_cost: 14.891284829258074
    efficiency: 0.891149
    discharge_ratio: 2
    depth_of_discharge: 0.9
  Pb-acid:
    cost: 111.253
    lifetime: 11.4273
    annual_cost: 9.735720598916629
    efficiency: 0.693577
    discharge_ratio: 5
    depth_of_discharge: 0.5
  VRBF:
    cost: 346.183
    lifetime: 17.5534
    annual_cost: 19.72170633609443
    efficiency: 0.791524
    discharge_ratio: 0.5
    depth_of_discharge: 1.0
