cost_values:
  wind_capex: 5000.0
  wind_opex: 100
  wind_lifetime: 20
  solar_capex: 1000.0
  solar_opex: 10
  solar_lifetime: 20
  carbon_price: 1.0
timeseries_values:
  load_level: 226834.9427425628
  wind_year: 2015
  solar_year: 2011
  price_year: 2023
  carbon_year: 2023
storage_values:
  CAES:
    cost: 50.2749
    lifetime: 24.0134
    annual_cost: 2.093618562969009
    efficiency: 0.593287
    discharge_ratio: 0.1
    depth_of_discharge: 0.4
  Li-ion:
    cost: 207.09
    lifetime: 11.1612
    annual_cost: 18.554456510052685
    efficiency: 0.888113
    discharge_ratio: 2
    depth_of_discharge: 0.9
  Pb-acid:
    cost: 136.475
    lifetime: 11.9865
    annual_cost: 11.385725607975639
    efficiency: 0.694199
    discharge_ratio: 5
    depth_of_discharge: 0.5
  VRBF:
    cost: 333.305
    lifetime: 18.0372
    annual_cost: 18.478755017408467
    efficiency: 0.797776
    discharge_ratio: 0.5
    depth_of_discharge: 1.0
