cost_values:
  wind_capex: 5000.0
  wind_opex: 100
  wind_lifetime: 20
  solar_capex: 1000.0
  solar_opex: 10
  solar_lifetime: 20
  carbon_price: 1.0
timeseries_values:
  load_level: 226834.9427425628
  wind_year: 2015
  solar_year: 2011
  price_year: 2023
  carbon_year: 2023
storage_values:
  CAES:
    cost: 49.6733
    lifetime: 24.3183
    annual_cost: 2.042630447029603
    efficiency: 0.586167
    discharge_ratio: 0.1
    depth_of_discharge: 0.4
  Li-ion:
    cost: 183.296
    lifetime: 13.0234
    annual_cost: 14.074358462459879
    efficiency: 0.895823
    discharge_ratio: 2
    depth_of_discharge: 0.9
  Pb-acid:
    cost: 101.827
    lifetime: 12.2044
    annual_cost: 8.343466290845925
    efficiency: 0.691207
    discharge_ratio: 5
    depth_of_discharge: 0.5
  VRBF:
    cost: 326.248
    lifetime: 17.9063
    annual_cost: 18.219732719769016
    efficiency: 0.830492
    discharge_ratio: 0.5
    depth_of_discharge: 1.0
