cost_values:
  wind_capex: 5000.0
  wind_opex: 100
  wind_lifetime: 20
  solar_capex: 1000.0
  solar_opex: 10
  solar_lifetime: 20
  carbon_price: 1.0
timeseries_values:
  load_level: 226834.9427425628
  wind_year: 2015
  solar_year: 2011
  price_year: 2023
  carbon_year: 2023
storage_values:
  CAES:
    cost: 51.1525
    lifetime: 24.4286
    annual_cost: 2.0939595392286092
    efficiency: 0.597968
    discharge_ratio: 0.1
    depth_of_discharge: 0.4
  Li-ion:
    cost: 185.793
    lifetime: 11.3295
    annual_cost: 16.399046736396134
    efficiency: 0.897096
    discharge_ratio: 2
    depth_of_discharge: 0.9
  Pb-acid:
    cost: 119.305
    lifetime: 11.3532
    annual_cost: 10.508490998132686
    efficiency: 0.690688
    discharge_ratio: 5
    depth_of_discharge: 0.5
  VRBF:
    cost: 319.399
    lifetime: 15.5345
    annual_cost: 20.56062312916412
    efficiency: 0.847215
    discharge_ratio: 0.5
    depth_of_discharge: 1.0
