cost_values:
  wind_capex: 5000.0
  wind_opex: 100
  wind_lifetime: 20
  solar_capex: 1000.0
  solar_opex: 10
  solar_lifetime: 20
  carbon_price: 1.0
timeseries_values:
  load_level: 237360.06695273507
  wind_year: 2017
  solar_year: 2011
  price_year: 2023
  carbon_year: 2023
storage_values:
  CAES:
    cost: 46.7187
    lifetime: 27.6404
    annual_cost: 1.690232413423829
    efficiency: 0.625737
    discharge_ratio: 0.1
    depth_of_discharge: 0.4
  Li-ion:
    cost: 121.415
    lifetime: 21.4199
    annual_cost: 5.668327116373093
    efficiency: 0.908867
    discharge_ratio: 2
    depth_of_discharge: 0.9
  Pb-acid:
    cost: 189.007
    lifetime: 14.2802
    annual_cost: 13.2355989411913
    efficiency: 0.689863
    discharge_ratio: 5
    depth_of_discharge: 0.5
  VRBF:
    cost: 251.127
    lifetime: 19.3612
    annual_cost: 12.970631985620726
    efficiency: 0.789262
    discharge_ratio: 0.5
    depth_of_discharge: 1.0
