cost_values:
  wind_capex: 5000.0
  wind_opex: 100
  wind_lifetime: 20
  solar_capex: 1000.0
  solar_opex: 10
  solar_lifetime: 20
  carbon_price: 1.0
timeseries_values:
  load_level: 237360.06695273507
  wind_year: 2017
  solar_year: 2011
  price_year: 2023
  carbon_year: 2023
storage_values:
  CAES:
    cost: 44.6221
    lifetime: 27.4732
    annual_cost: 1.6242046794694467
    efficiency: 0.626526
    discharge_ratio: 0.1
    depth_of_discharge: 0.4
  Li-ion:
    cost: 119.024
    lifetime: 22.5193
    annual_cost: 5.285421838156603
    efficiency: 0.919657
    discharge_ratio: 2
    depth_of_discharge: 0.9
  Pb-acid:
    cost: 159.849
    lifetime: 16.7881
    annual_cost: 9.521565871063432
    efficiency: 0.699367
    discharge_ratio: 5
    depth_of_discharge: 0.5
  VRBF:
    cost: 253.277
    lifetime: 21.5825
    annual_cost: 11.735294799026988
    efficiency: 0.790025
    discharge_ratio: 0.5
    depth_of_discharge: 1.0
