cost_values:
  wind_capex: 5000.0
  wind_opex: 100
  wind_lifetime: 20
  solar_capex: 1000.0
  solar_opex: 10
  solar_lifetime: 20
  carbon_price: 1.0
timeseries_values:
  load_level: 237360.06695273507
  wind_year: 2017
  solar_year: 2011
  price_year: 2023
  carbon_year: 2023
storage_values:
  CAES:
    cost: 50.8364
    lifetime: 28.2505
    annual_cost: 1.7994867347480576
    efficiency: 0.626755
    discharge_ratio: 0.1
    depth_of_discharge: 0.4
  Li-ion:
    cost: 139.233
    lifetime: 24.0856
    annual_cost: 5.780756966818348
    efficiency: 0.916812
    discharge_ratio: 2
    depth_of_discharge: 0.9
  Pb-acid:
    cost: 193.334
    lifetime: 14.4773
    annual_cost: 13.354285674815056
    efficiency: 0.719465
    discharge_ratio: 5
    depth_of_discharge: 0.5
  VRBF:
    cost: 220.631
    lifetime: 21.1245
    annual_cost: 10.444318208714998
    efficiency: 0.786288
    discharge_ratio: 0.5
    depth_of_discharge: 1.0
