cost_values:
  wind_capex: 5000.0
  wind_opex: 100
  wind_lifetime: 20
  solar_capex: 1000.0
  solar_opex: 10
  solar_lifetime: 20
  carbon_price: 1.0
timeseries_values:
  load_level: 237360.06695273507
  wind_year: 2017
  solar_year: 2011
  price_year: 2023
  carbon_year: 2023
storage_values:
  CAES:
    cost: 56.0389
    lifetime: 27.8877
    annual_cost: 2.0094486099606637
    efficiency: 0.621144
    discharge_ratio: 0.1
    depth_of_discharge: 0.4
  Li-ion:
    cost: 117.917
    lifetime: 21.869
    annual_cost: 5.391970369015501
    efficiency: 0.912545
    discharge_ratio: 2
    depth_of_discharge: 0.9
  Pb-acid:
    cost: 162.528
    lifetime: 15.2621
    annual_cost: 10.649124301373991
    efficiency: 0.696849
    discharge_ratio: 5
    depth_of_discharge: 0.5
  VRBF:
    cost: 247.614
    lifetime: 21.3907
    annual_cost: 11.57577825877601
    efficiency: 0.778891
    discharge_ratio: 0.5
    depth_of_discharge: 1.0
