cost_values:
  wind_capex: 5000.0
  wind_opex: 100
  wind_lifetime: 20
  solar_capex: 1000.0
  solar_opex: 10
  solar_lifetime: 20
  carbon_price: 1.0
timeseries_values:
  load_level: 237360.06695273507
  wind_year: 2017
  solar_year: 2011
  price_year: 2023
  carbon_year: 2023
storage_values:
  CAES:
    cost: 40.5825
    lifetime: 26.634
    annual_cost: 1.5237102951115118
    efficiency: 0.62692
    discharge_ratio: 0.1
    depth_of_discharge: 0.4
  Li-ion:
    cost: 154.731
    lifetime: 21.4924
    annual_cost: 7.199335579088422
    efficiency: 0.913953
    discharge_ratio: 2
    depth_of_discharge: 0.9
  Pb-acid:
    cost: 174.045
    lifetime: 14.7738
    annual_cost: 11.780652235714575
    efficiency: 0.719441
    discharge_ratio: 5
    depth_of_discharge: 0.5
  VRBF:
    cost: 252.904
    lifetime: 19.4878
    annual_cost: 12.977555188374264
    efficiency: 0.802065
    discharge_ratio: 0.5
    depth_of_discharge: 1.0
