cost_values:
  wind_capex: 5000.0
  wind_opex: 100
  wind_lifetime: 20
  solar_capex: 1000.0
  solar_opex: 10
  solar_lifetime: 20
  carbon_price: 1.0
timeseries_values:
  load_level: 237360.06695273507
  wind_year: 2017
  solar_year: 2011
  price_year: 2023
  carbon_year: 2023
storage_values:
  CAES:
    cost: 48.9523
    lifetime: 28.3877
    annual_cost: 1.724419378815473
    efficiency: 0.633544
    discharge_ratio: 0.1
    depth_of_discharge: 0.4
  Li-ion:
    cost: 131.915
    lifetime: 21.2071
    annual_cost: 6.220322439183104
    efficiency: 0.914837
    discharge_ratio: 2
    depth_of_discharge: 0.9
  Pb-acid:
    cost: 186.708
    lifetime: 15.2272
    annual_cost: 12.261479457812335
    efficiency: 0.707439
    discharge_ratio: 5
    depth_of_discharge: 0.5
  VRBF:
    cost: 243.259
    lifetime: 23.3371
    annual_cost: 10.423703030796457
    efficiency: 0.78918
    discharge_ratio: 0.5
    depth_of_discharge: 1.0
