cost_values:
  wind_capex: 5000.0
  wind_opex: 100
  wind_lifetime: 20
  solar_capex: 1000.0
  solar_opex: 10
  solar_lifetime: 20
  carbon_price: 1.0
timeseries_values:
  load_level: 237360.06695273507
  wind_year: 2017
  solar_year: 2011
  price_year: 2023
  carbon_year: 2023
storage_values:
  CAES:
    cost: 43.6388
    lifetime: 27.4308
    annual_cost: 1.5908686585881564
    efficiency: 0.637875
    discharge_ratio: 0.1
    depth_of_discharge: 0.4
  Li-ion:
    cost: 137.445
    lifetime: 23.9609
    annual_cost: 5.736220258838357
    efficiency: 0.938805
    discharge_ratio: 2
    depth_of_discharge: 0.9
  Pb-acid:
    cost: 171.28
    lifetime: 14.1367
    annual_cost: 12.115981806220688
    efficiency: 0.717443
    discharge_ratio: 5
    depth_of_discharge: 0.5
  VRBF:
    cost: 247.349
    lifetime: 23.0903
    annual_cost: 10.712247134077947
    efficiency: 0.804344
    discharge_ratio: 0.5
    depth_of_discharge: 1.0
