cost_values:
  wind_capex: 5000.0
  wind_opex: 100
  wind_lifetime: 20
  solar_capex: 1000.0
  solar_opex: 10
  solar_lifetime: 20
  carbon_price: 1.0
timeseries_values:
  load_level: 237360.06695273507
  wind_year: 2017
  solar_year: 2011
  price_year: 2023
  carbon_year: 2023
storage_values:
  CAES:
    cost: 41.5129
    lifetime: 27.109
    annual_cost: 1.5313327677155188
    efficiency: 0.637483
    discharge_ratio: 0.1
    depth_of_discharge: 0.4
  Li-ion:
    cost: 153.622
    lifetime: 21.2561
    annual_cost: 7.227195957866213
    efficiency: 0.918649
    discharge_ratio: 2
    depth_of_discharge: 0.9
  Pb-acid:
    cost: 187.115
    lifetime: 16.9101
    annual_cost: 11.065280512829611
    efficiency: 0.697879
    discharge_ratio: 5
    depth_of_discharge: 0.5
  VRBF:
    cost: 226.461
    lifetime: 20.7858
    annual_cost: 10.894986000057733
    efficiency: 0.798952
    discharge_ratio: 0.5
    depth_of_discharge: 1.0
