cost_values:
  wind_capex: 5000.0
  wind_opex: 100
  wind_lifetime: 20
  solar_capex: 1000.0
  solar_opex: 10
  solar_lifetime: 20
  carbon_price: 1.0
timeseries_values:
  load_level: 237360.06695273507
  wind_year: 2017
  solar_year: 2011
  price_year: 2023
  carbon_year: 2023
storage_values:
  CAES:
    cost: 51.3999
    lifetime: 27.4548
    annual_cost: 1.8721644302635607
    efficiency: 0.626943
    discharge_ratio: 0.1
    depth_of_discharge: 0.4
  Li-ion:
    cost: 124.376
    lifetime: 20.1778
    annual_cost: 6.164002022024205
    efficiency: 0.910568
    discharge_ratio: 2
    depth_of_discharge: 0.9
  Pb-acid:
    cost: 183.418
    lifetime: 13.3505
    annual_cost: 13.738661473353059
    efficiency: 0.709306
    discharge_ratio: 5
    depth_of_discharge: 0.5
  VRBF:
    cost: 265.988
    lifetime: 20.4497
    annual_cost: 13.006938977099908
    efficiency: 0.802415
    discharge_ratio: 0.5
    depth_of_discharge: 1.0
