cost_values:
  wind_capex: 5000.0
  wind_opex: 100
  wind_lifetime: 20
  solar_capex: 1000.0
  solar_opex: 10
  solar_lifetime: 20
  carbon_price: 1.0
timeseries_values:
  load_level: 237360.06695273507
  wind_year: 2017
  solar_year: 2011
  price_year: 2023
  carbon_year: 2023
storage_values:
  CAES:
    cost: 44.8651
    lifetime: 27.5049
    annual_cost: 1.631167537420605
    efficiency: 0.622036
    discharge_ratio: 0.1
    depth_of_discharge: 0.4
  Li-ion:
    cost: 159.119
    lifetime: 23.0917
    annual_cost: 6.890744293404124
    efficiency: 0.908036
    discharge_ratio: 2
    depth_of_discharge: 0.9
  Pb-acid:
    cost: 202.55
    lifetime: 14.9595
    annual_cost: 13.53989103913901
    efficiency: 0.722831
    discharge_ratio: 5
    depth_of_discharge: 0.5
  VRBF:
    cost: 236.039
    lifetime: 18.8416
    annual_cost: 12.52754543138587
    efficiency: 0.803485
    discharge_ratio: 0.5
    depth_of_discharge: 1.0
