cost_values:
  wind_capex: 5000.0
  wind_opex: 100
  wind_lifetime: 20
  solar_capex: 1000.0
  solar_opex: 10
  solar_lifetime: 20
  carbon_price: 1.0
timeseries_values:
  load_level: 237360.06695273507
  wind_year: 2017
  solar_year: 2011
  price_year: 2023
  carbon_year: 2023
storage_values:
  CAES:
    cost: 46.9819
    lifetime: 27.0681
    annual_cost: 1.7356925680044037
    efficiency: 0.621175
    discharge_ratio: 0.1
    depth_of_discharge: 0.4
  Li-ion:
    cost: 133.495
    lifetime: 21.212
    annual_cost: 6.2933716764095795
    efficiency: 0.917535
    discharge_ratio: 2
    depth_of_discharge: 0.9
  Pb-acid:
    cost: 195.8
    lifetime: 15.0859
    annual_cost: 12.97900688722582
    efficiency: 0.707685
    discharge_ratio: 5
    depth_of_discharge: 0.5
  VRBF:
    cost: 222.585
    lifetime: 21.3512
    annual_cost: 10.424940986923453
    efficiency: 0.823198
    discharge_ratio: 0.5
    depth_of_discharge: 1.0
