cost_values:
  wind_capex: 5000.0
  wind_opex: 100
  wind_lifetime: 20
  solar_capex: 1000.0
  solar_opex: 10
  solar_lifetime: 20
  carbon_price: 1.0
timeseries_values:
  load_level: 237360.06695273507
  wind_year: 2017
  solar_year: 2011
  price_year: 2023
  carbon_year: 2023
storage_values:
  CAES:
    cost: 46.8612
    lifetime: 27.7245
    annual_cost: 1.6902450900827788
    efficiency: 0.635241
    discharge_ratio: 0.1
    depth_of_discharge: 0.4
  Li-ion:
    cost: 131.462
    lifetime: 21.0678
    annual_cost: 6.239949116661445
    efficiency: 0.927708
    discharge_ratio: 2
    depth_of_discharge: 0.9
  Pb-acid:
    cost: 188.746
    lifetime: 15.6838
    annual_cost: 12.034455935423814
    efficiency: 0.707232
    discharge_ratio: 5
    depth_of_discharge: 0.5
  VRBF:
    cost: 286.984
    lifetime: 20.5572
    annual_cost: 13.960266962426788
    efficiency: 0.789787
    discharge_ratio: 0.5
    depth_of_discharge: 1.0
