cost_values:
  wind_capex: 5000.0
  wind_opex: 100
  wind_lifetime: 20
  solar_capex: 1000.0
  solar_opex: 10
  solar_lifetime: 20
  carbon_price: 1.0
timeseries_values:
  load_level: 237360.06695273507
  wind_year: 2017
  solar_year: 2011
  price_year: 2023
  carbon_year: 2023
storage_values:
  CAES:
    cost: 49.3667
    lifetime: 28.4733
    annual_cost: 1.7337891990039793
    efficiency: 0.616873
    discharge_ratio: 0.1
    depth_of_discharge: 0.4
  Li-ion:
    cost: 157.351
    lifetime: 19.6814
    annual_cost: 7.994908898757203
    efficiency: 0.906758
    discharge_ratio: 2
    depth_of_discharge: 0.9
  Pb-acid:
    cost: 190.983
    lifetime: 14.4389
    annual_cost: 13.226977124296171
    efficiency: 0.700604
    discharge_ratio: 5
    depth_of_discharge: 0.5
  VRBF:
    cost: 195.809
    lifetime: 21.9721
    annual_cost: 8.911710760464407
    efficiency: 0.809008
    discharge_ratio: 0.5
    depth_of_discharge: 1.0
