cost_values:
  wind_capex: 5000.0
  wind_opex: 100
  wind_lifetime: 20
  solar_capex: 1000.0
  solar_opex: 10
  solar_lifetime: 20
  carbon_price: 1.0
timeseries_values:
  load_level: 237360.06695273507
  wind_year: 2017
  solar_year: 2011
  price_year: 2023
  carbon_year: 2023
storage_values:
  CAES:
    cost: 53.2884
    lifetime: 26.9285
    annual_cost: 1.9788848246281823
    efficiency: 0.621922
    discharge_ratio: 0.1
    depth_of_discharge: 0.4
  Li-ion:
    cost: 131.046
    lifetime: 22.7774
    annual_cost: 5.753334445546901
    efficiency: 0.92695
    discharge_ratio: 2
    depth_of_discharge: 0.9
  Pb-acid:
    cost: 185.909
    lifetime: 14.4939
    annual_cost: 12.826706407523165
    efficiency: 0.722719
    discharge_ratio: 5
    depth_of_discharge: 0.5
  VRBF:
    cost: 239.678
    lifetime: 18.414
    annual_cost: 13.016074725752144
    efficiency: 0.812519
    discharge_ratio: 0.5
    depth_of_discharge: 1.0
