cost_values:
  wind_capex: 5000.0
  wind_opex: 100
  wind_lifetime: 20
  solar_capex: 1000.0
  solar_opex: 10
  solar_lifetime: 20
  carbon_price: 1.0
timeseries_values:
  load_level: 237360.06695273507
  wind_year: 2017
  solar_year: 2011
  price_year: 2023
  carbon_year: 2023
storage_values:
  CAES:
    cost: 45.3114
    lifetime: 27.7875
    annual_cost: 1.6306396761133601
    efficiency: 0.637043
    discharge_ratio: 0.1
    depth_of_discharge: 0.4
  Li-ion:
    cost: 151.721
    lifetime: 24.5117
    annual_cost: 6.18973796187127
    efficiency: 0.933494
    discharge_ratio: 2
    depth_of_discharge: 0.9
  Pb-acid:
    cost: 166.564
    lifetime: 16.2604
    annual_cost: 10.243536444367912
    efficiency: 0.719425
    discharge_ratio: 5
    depth_of_discharge: 0.5
  VRBF:
    cost: 271.106
    lifetime: 20.3636
    annual_cost: 13.313264845115793
    efficiency: 0.803931
    discharge_ratio: 0.5
    depth_of_discharge: 1.0
