cost_values:
  wind_capex: 5000.0
  wind_opex: 100
  wind_lifetime: 20
  solar_capex: 1000.0
  solar_opex: 10
  solar_lifetime: 20
  carbon_price: 1.0
timeseries_values:
  load_level: 237360.06695273507
  wind_year: 2017
  solar_year: 2011
  price_year: 2023
  carbon_year: 2023
storage_values:
  CAES:
    cost: 44.3498
    lifetime: 28.56
    annual_cost: 1.5528641456582635
    efficiency: 0.631732
    discharge_ratio: 0.1
    depth_of_discharge: 0.4
  Li-ion:
    cost: 148.375
    lifetime: 22.6965
    annual_cost: 6.537351574031238
    efficiency: 0.927882
    discharge_ratio: 2
    depth_of_discharge: 0.9
  Pb-acid:
    cost: 184.486
    lifetime: 15.0099
    annual_cost: 12.290954636606505
    efficiency: 0.710041
    discharge_ratio: 5
    depth_of_discharge: 0.5
  VRBF:
    cost: 249.727
    lifetime: 20.4372
    annual_cost: 12.219237468929208
    efficiency: 0.836475
    discharge_ratio: 0.5
    depth_of_discharge: 1.0
