cost_values:
  wind_capex: 5000.0
  wind_opex: 100
  wind_lifetime: 20
  solar_capex: 1000.0
  solar_opex: 10
  solar_lifetime: 20
  carbon_price: 1.0
timeseries_values:
  load_level: 237360.06695273507
  wind_year: 2017
  solar_year: 2011
  price_year: 2023
  carbon_year: 2023
storage_values:
  CAES:
    cost: 51.1771
    lifetime: 27.214
    annual_cost: 1.880543102814728
    efficiency: 0.632264
    discharge_ratio: 0.1
    depth_of_discharge: 0.4
  Li-ion:
    cost: 142.792
    lifetime: 21.483
    annual_cost: 6.646743937066518
    efficiency: 0.909691
    discharge_ratio: 2
    depth_of_discharge: 0.9
  Pb-acid:
    cost: 168.586
    lifetime: 13.935
    annual_cost: 12.098026551847866
    efficiency: 0.707746
    discharge_ratio: 5
    depth_of_discharge: 0.5
  VRBF:
    cost: 246.41
    lifetime: 22.0585
    annual_cost: 11.170750504340731
    efficiency: 0.77807
    discharge_ratio: 0.5
    depth_of_discharge: 1.0
