cost_values:
  wind_capex: 5000.0
  wind_opex: 100
  wind_lifetime: 20
  solar_capex: 1000.0
  solar_opex: 10
  solar_lifetime: 20
  carbon_price: 1.0
timeseries_values:
  load_level: 237360.06695273507
  wind_year: 2017
  solar_year: 2011
  price_year: 2023
  carbon_year: 2023
storage_values:
  CAES:
    cost: 45.9743
    lifetime: 28.7231
    annual_cost: 1.6006036952835871
    efficiency: 0.634219
    discharge_ratio: 0.1
    depth_of_discharge: 0.4
  Li-ion:
    cost: 135.157
    lifetime: 22.787
    annual_cost: 5.93132048975293
    efficiency: 0.913837
    discharge_ratio: 2
    depth_of_discharge: 0.9
  Pb-acid:
    cost: 173.205
    lifetime: 15.3032
    annual_cost: 11.318221025667835
    efficiency: 0.710319
    discharge_ratio: 5
    depth_of_discharge: 0.5
  VRBF:
    cost: 235.264
    lifetime: 21.2193
    annual_cost: 11.087264895637462
    efficiency: 0.780304
    discharge_ratio: 0.5
    depth_of_discharge: 1.0
