cost_values:
  wind_capex: 5000.0
  wind_opex: 100
  wind_lifetime: 20
  solar_capex: 1000.0
  solar_opex: 10
  solar_lifetime: 20
  carbon_price: 1.0
timeseries_values:
  load_level: 237360.06695273507
  wind_year: 2017
  solar_year: 2011
  price_year: 2023
  carbon_year: 2023
storage_values:
  CAES:
    cost: 47.7445
    lifetime: 27.0086
    annual_cost: 1.7677517531452944
    efficiency: 0.623306
    discharge_ratio: 0.1
    depth_of_discharge: 0.4
  Li-ion:
    cost: 151.898
    lifetime: 21.4888
    annual_cost: 7.068705558244294
    efficiency: 0.916022
    discharge_ratio: 2
    depth_of_discharge: 0.9
  Pb-acid:
    cost: 189.344
    lifetime: 16.2268
    annual_cost: 11.66859762861439
    efficiency: 0.706748
    discharge_ratio: 5
    depth_of_discharge: 0.5
  VRBF:
    cost: 255.464
    lifetime: 23.4536
    annual_cost: 10.892315039055838
    efficiency: 0.812026
    discharge_ratio: 0.5
    depth_of_discharge: 1.0
