cost_values:
  wind_capex: 5000.0
  wind_opex: 100
  wind_lifetime: 20
  solar_capex: 1000.0
  solar_opex: 10
  solar_lifetime: 20
  carbon_price: 1.0
timeseries_values:
  load_level: 237360.06695273507
  wind_year: 2017
  solar_year: 2011
  price_year: 2023
  carbon_year: 2023
storage_values:
  CAES:
    cost: 48.3837
    lifetime: 26.1081
    annual_cost: 1.8532064761510794
    efficiency: 0.639515
    discharge_ratio: 0.1
    depth_of_discharge: 0.4
  Li-ion:
    cost: 124.434
    lifetime: 22.9901
    annual_cost: 5.412503642872366
    efficiency: 0.916353
    discharge_ratio: 2
    depth_of_discharge: 0.9
  Pb-acid:
    cost: 183.646
    lifetime: 14.6857
    annual_cost: 12.505089985496094
    efficiency: 0.730372
    discharge_ratio: 5
    depth_of_discharge: 0.5
  VRBF:
    cost: 277.332
    lifetime: 20.567
    annual_cost: 13.484319541012301
    efficiency: 0.783598
    discharge_ratio: 0.5
    depth_of_discharge: 1.0
