cost_values:
  wind_capex: 5000.0
  wind_opex: 100
  wind_lifetime: 20
  solar_capex: 1000.0
  solar_opex: 10
  solar_lifetime: 20
  carbon_price: 1.0
timeseries_values:
  load_level: 237360.06695273507
  wind_year: 2017
  solar_year: 2011
  price_year: 2023
  carbon_year: 2023
storage_values:
  CAES:
    cost: 42.8935
    lifetime: 27.816
    annual_cost: 1.5420441472533795
    efficiency: 0.612216
    discharge_ratio: 0.1
    depth_of_discharge: 0.4
  Li-ion:
    cost: 145.046
    lifetime: 21.6134
    annual_cost: 6.710929330878066
    efficiency: 0.936557
    discharge_ratio: 2
    depth_of_discharge: 0.9
  Pb-acid:
    cost: 173.432
    lifetime: 14.6453
    annual_cost: 11.842160966316838
    efficiency: 0.70227
    discharge_ratio: 5
    depth_of_discharge: 0.5
  VRBF:
    cost: 252.688
    lifetime: 20.9173
    annual_cost: 12.080335416138793
    efficiency: 0.827176
    discharge_ratio: 0.5
    depth_of_discharge: 1.0
