cost_values:
  wind_capex: 5000.0
  wind_opex: 100
  wind_lifetime: 20
  solar_capex: 1000.0
  solar_opex: 10
  solar_lifetime: 20
  carbon_price: 1.0
timeseries_values:
  load_level: 237360.06695273507
  wind_year: 2017
  solar_year: 2011
  price_year: 2023
  carbon_year: 2023
storage_values:
  CAES:
    cost: 48.4536
    lifetime: 29.2603
    annual_cost: 1.6559502124038372
    efficiency: 0.624812
    discharge_ratio: 0.1
    depth_of_discharge: 0.4
  Li-ion:
    cost: 115.573
    lifetime: 23.0694
    annual_cost: 5.009796527001135
    efficiency: 0.932289
    discharge_ratio: 2
    depth_of_discharge: 0.9
  Pb-acid:
    cost: 164.875
    lifetime: 14.3377
    annual_cost: 11.499403670044707
    efficiency: 0.698386
    discharge_ratio: 5
    depth_of_discharge: 0.5
  VRBF:
    cost: 236.588
    lifetime: 21.7932
    annual_cost: 10.85604684029881
    efficiency: 0.797263
    discharge_ratio: 0.5
    depth_of_discharge: 1.0
