cost_values:
  wind_capex: 5000.0
  wind_opex: 100
  wind_lifetime: 20
  solar_capex: 1000.0
  solar_opex: 10
  solar_lifetime: 20
  carbon_price: 1.0
timeseries_values:
  load_level: 237360.06695273507
  wind_year: 2017
  solar_year: 2011
  price_year: 2023
  carbon_year: 2023
storage_values:
  CAES:
    cost: 50.3851
    lifetime: 26.5798
    annual_cost: 1.8956162198361164
    efficiency: 0.635437
    discharge_ratio: 0.1
    depth_of_discharge: 0.4
  Li-ion:
    cost: 138.023
    lifetime: 22.4356
    annual_cost: 6.151963843177806
    efficiency: 0.91727
    discharge_ratio: 2
    depth_of_discharge: 0.9
  Pb-acid:
    cost: 184.502
    lifetime: 16.2064
    annual_cost: 11.384514759601148
    efficiency: 0.716967
    discharge_ratio: 5
    depth_of_discharge: 0.5
  VRBF:
    cost: 257.007
    lifetime: 22.8131
    annual_cost: 11.265763968947667
    efficiency: 0.78293
    discharge_ratio: 0.5
    depth_of_discharge: 1.0
