cost_values:
  wind_capex: 5000.0
  wind_opex: 100
  wind_lifetime: 20
  solar_capex: 1000.0
  solar_opex: 10
  solar_lifetime: 20
  carbon_price: 1.0
timeseries_values:
  load_level: 237360.06695273507
  wind_year: 2017
  solar_year: 2011
  price_year: 2023
  carbon_year: 2023
storage_values:
  CAES:
    cost: 41.5687
    lifetime: 27.8596
    annual_cost: 1.492078134646585
    efficiency: 0.611192
    discharge_ratio: 0.1
    depth_of_discharge: 0.4
  Li-ion:
    cost: 150.62
    lifetime: 22.3372
    annual_cost: 6.743011657683148
    efficiency: 0.907793
    discharge_ratio: 2
    depth_of_discharge: 0.9
  Pb-acid:
    cost: 168.91
    lifetime: 15.0844
    annual_cost: 11.197661159873777
    efficiency: 0.714287
    discharge_ratio: 5
    depth_of_discharge: 0.5
  VRBF:
    cost: 252.51
    lifetime: 19.5532
    annual_cost: 12.913998731665405
    efficiency: 0.802291
    discharge_ratio: 0.5
    depth_of_discharge: 1.0
