cost_values:
  wind_capex: 5000.0
  wind_opex: 100
  wind_lifetime: 20
  solar_capex: 1000.0
  solar_opex: 10
  solar_lifetime: 20
  carbon_price: 1.0
timeseries_values:
  load_level: 237360.06695273507
  wind_year: 2017
  solar_year: 2011
  price_year: 2023
  carbon_year: 2023
storage_values:
  CAES:
    cost: 52.3508
    lifetime: 26.6958
    annual_cost: 1.9610125937413376
    efficiency: 0.63129
    discharge_ratio: 0.1
    depth_of_discharge: 0.4
  Li-ion:
    cost: 131.929
    lifetime: 20.8814
    annual_cost: 6.318015075617535
    efficiency: 0.939753
    discharge_ratio: 2
    depth_of_discharge: 0.9
  Pb-acid:
    cost: 160.91
    lifetime: 15.7857
    annual_cost: 10.193402889957365
    efficiency: 0.7067
    discharge_ratio: 5
    depth_of_discharge: 0.5
  VRBF:
    cost: 263.823
    lifetime: 20.9725
    annual_cost: 12.57947311956133
    efficiency: 0.786485
    discharge_ratio: 0.5
    depth_of_discharge: 1.0
