cost_values:
  wind_capex: 5000.0
  wind_opex: 100
  wind_lifetime: 20
  solar_capex: 1000.0
  solar_opex: 10
  solar_lifetime: 20
  carbon_price: 1.0
timeseries_values:
  load_level: 237360.06695273507
  wind_year: 2017
  solar_year: 2011
  price_year: 2023
  carbon_year: 2023
storage_values:
  CAES:
    cost: 50.0765
    lifetime: 27.5137
    annual_cost: 1.8200569170994814
    efficiency: 0.624608
    discharge_ratio: 0.1
    depth_of_discharge: 0.4
  Li-ion:
    cost: 148.85
    lifetime: 20.1908
    annual_cost: 7.372169502941934
    efficiency: 0.935646
    discharge_ratio: 2
    depth_of_discharge: 0.9
  Pb-acid:
    cost: 209.398
    lifetime: 15.0991
    annual_cost: 13.86824380261075
    efficiency: 0.693413
    discharge_ratio: 5
    depth_of_discharge: 0.5
  VRBF:
    cost: 238.864
    lifetime: 19.4464
    annual_cost: 12.283198946848774
    efficiency: 0.793538
    discharge_ratio: 0.5
    depth_of_discharge: 1.0
