cost_values:
  wind_capex: 5000.0
  wind_opex: 100
  wind_lifetime: 20
  solar_capex: 1000.0
  solar_opex: 10
  solar_lifetime: 20
  carbon_price: 1.0
timeseries_values:
  load_level: 237360.06695273507
  wind_year: 2017
  solar_year: 2011
  price_year: 2023
  carbon_year: 2023
storage_values:
  CAES:
    cost: 45.7213
    lifetime: 26.8659
    annual_cost: 1.7018339233005408
    efficiency: 0.627282
    discharge_ratio: 0.1
    depth_of_discharge: 0.4
  Li-ion:
    cost: 105.554
    lifetime: 19.0472
    annual_cost: 5.541706917552186
    efficiency: 0.92417
    discharge_ratio: 2
    depth_of_discharge: 0.9
  Pb-acid:
    cost: 164.624
    lifetime: 13.763
    annual_cost: 11.96134563685243
    efficiency: 0.704997
    discharge_ratio: 5
    depth_of_discharge: 0.5
  VRBF:
    cost: 225.751
    lifetime: 21.7706
    annual_cost: 10.36953506104563
    efficiency: 0.793438
    discharge_ratio: 0.5
    depth_of_discharge: 1.0
