cost_values:
  wind_capex: 5000.0
  wind_opex: 100
  wind_lifetime: 20
  solar_capex: 1000.0
  solar_opex: 10
  solar_lifetime: 20
  carbon_price: 1.0
timeseries_values:
  load_level: 237360.06695273507
  wind_year: 2017
  solar_year: 2011
  price_year: 2023
  carbon_year: 2023
storage_values:
  CAES:
    cost: 44.5462
    lifetime: 27.0865
    annual_cost: 1.6445904786517267
    efficiency: 0.618693
    discharge_ratio: 0.1
    depth_of_discharge: 0.4
  Li-ion:
    cost: 131.195
    lifetime: 22.2915
    annual_cost: 5.885427180763968
    efficiency: 0.914893
    discharge_ratio: 2
    depth_of_discharge: 0.9
  Pb-acid:
    cost: 174.473
    lifetime: 14.801
    annual_cost: 11.78791973515303
    efficiency: 0.713574
    discharge_ratio: 5
    depth_of_discharge: 0.5
  VRBF:
    cost: 276.026
    lifetime: 19.5093
    annual_cost: 14.148431773564404
    efficiency: 0.816833
    discharge_ratio: 0.5
    depth_of_discharge: 1.0
