cost_values:
  wind_capex: 5000.0
  wind_opex: 100
  wind_lifetime: 20
  solar_capex: 1000.0
  solar_opex: 10
  solar_lifetime: 20
  carbon_price: 1.0
timeseries_values:
  load_level: 237360.06695273507
  wind_year: 2017
  solar_year: 2011
  price_year: 2023
  carbon_year: 2023
storage_values:
  CAES:
    cost: 43.4198
    lifetime: 26.556
    annual_cost: 1.635027865642416
    efficiency: 0.642157
    discharge_ratio: 0.1
    depth_of_discharge: 0.4
  Li-ion:
    cost: 129.499
    lifetime: 23.5557
    annual_cost: 5.497565345118166
    efficiency: 0.919736
    discharge_ratio: 2
    depth_of_discharge: 0.9
  Pb-acid:
    cost: 182.702
    lifetime: 14.8851
    annual_cost: 12.274153347978851
    efficiency: 0.695791
    discharge_ratio: 5
    depth_of_discharge: 0.5
  VRBF:
    cost: 258.542
    lifetime: 19.2992
    annual_cost: 13.396513845133477
    efficiency: 0.793739
    discharge_ratio: 0.5
    depth_of_discharge: 1.0
