cost_values:
  wind_capex: 5000.0
  wind_opex: 100
  wind_lifetime: 20
  solar_capex: 1000.0
  solar_opex: 10
  solar_lifetime: 20
  carbon_price: 1.0
timeseries_values:
  load_level: 237360.06695273507
  wind_year: 2017
  solar_year: 2011
  price_year: 2023
  carbon_year: 2023
storage_values:
  CAES:
    cost: 40.5058
    lifetime: 27.2815
    annual_cost: 1.4847350768836025
    efficiency: 0.634753
    discharge_ratio: 0.1
    depth_of_discharge: 0.4
  Li-ion:
    cost: 133.34
    lifetime: 23.1383
    annual_cost: 5.762739699977958
    efficiency: 0.921448
    discharge_ratio: 2
    depth_of_discharge: 0.9
  Pb-acid:
    cost: 156.342
    lifetime: 14.6474
    annual_cost: 10.67370318281743
    efficiency: 0.706665
    discharge_ratio: 5
    depth_of_discharge: 0.5
  VRBF:
    cost: 222.689
    lifetime: 22.0918
    annual_cost: 10.080165491268254
    efficiency: 0.793292
    discharge_ratio: 0.5
    depth_of_discharge: 1.0
