cost_values:
  wind_capex: 5000.0
  wind_opex: 100
  wind_lifetime: 20
  solar_capex: 1000.0
  solar_opex: 10
  solar_lifetime: 20
  carbon_price: 1.0
timeseries_values:
  load_level: 237360.06695273507
  wind_year: 2017
  solar_year: 2011
  price_year: 2023
  carbon_year: 2023
storage_values:
  CAES:
    cost: 50.3888
    lifetime: 27.0477
    annual_cost: 1.8629606214206755
    efficiency: 0.624823
    discharge_ratio: 0.1
    depth_of_discharge: 0.4
  Li-ion:
    cost: 155.776
    lifetime: 21.8821
    annual_cost: 7.118877987030495
    efficiency: 0.921511
    discharge_ratio: 2
    depth_of_discharge: 0.9
  Pb-acid:
    cost: 171.406
    lifetime: 15.5369
    annual_cost: 11.032187888188764
    efficiency: 0.707695
    discharge_ratio: 5
    depth_of_discharge: 0.5
  VRBF:
    cost: 246.86
    lifetime: 19.4961
    annual_cost: 12.662019583403861
    efficiency: 0.811667
    discharge_ratio: 0.5
    depth_of_discharge: 1.0
