cost_values:
  wind_capex: 5000.0
  wind_opex: 100
  wind_lifetime: 20
  solar_capex: 1000.0
  solar_opex: 10
  solar_lifetime: 20
  carbon_price: 1.0
timeseries_values:
  load_level: 237360.06695273507
  wind_year: 2017
  solar_year: 2011
  price_year: 2023
  carbon_year: 2023
storage_values:
  CAES:
    cost: 45.5613
    lifetime: 27.5213
    annual_cost: 1.655492291425187
    efficiency: 0.642167
    discharge_ratio: 0.1
    depth_of_discharge: 0.4
  Li-ion:
    cost: 144.677
    lifetime: 21.9761
    annual_cost: 6.583379216512484
    efficiency: 0.913209
    discharge_ratio: 2
    depth_of_discharge: 0.9
  Pb-acid:
    cost: 169.804
    lifetime: 15.5983
    annual_cost: 10.886058096074573
    efficiency: 0.699174
    discharge_ratio: 5
    depth_of_discharge: 0.5
  VRBF:
    cost: 209.737
    lifetime: 21.938
    annual_cost: 9.560443066824687
    efficiency: 0.793197
    discharge_ratio: 0.5
    depth_of_discharge: 1.0
