cost_values:
  wind_capex: 5000.0
  wind_opex: 100
  wind_lifetime: 20
  solar_capex: 1000.0
  solar_opex: 10
  solar_lifetime: 20
  carbon_price: 1.0
timeseries_values:
  load_level: 237360.06695273507
  wind_year: 2017
  solar_year: 2011
  price_year: 2023
  carbon_year: 2023
storage_values:
  CAES:
    cost: 47.008
    lifetime: 27.1888
    annual_cost: 1.7289472135585242
    efficiency: 0.63397
    discharge_ratio: 0.1
    depth_of_discharge: 0.4
  Li-ion:
    cost: 138.416
    lifetime: 21.5999
    annual_cost: 6.408177815638035
    efficiency: 0.931778
    discharge_ratio: 2
    depth_of_discharge: 0.9
  Pb-acid:
    cost: 200.993
    lifetime: 14.4898
    annual_cost: 13.871343979903104
    efficiency: 0.715309
    discharge_ratio: 5
    depth_of_discharge: 0.5
  VRBF:
    cost: 242.194
    lifetime: 20.6114
    annual_cost: 11.750487594243962
    efficiency: 0.810688
    discharge_ratio: 0.5
    depth_of_discharge: 1.0
