cost_values:
  wind_capex: 5000.0
  wind_opex: 100
  wind_lifetime: 20
  solar_capex: 1000.0
  solar_opex: 10
  solar_lifetime: 20
  carbon_price: 1.0
timeseries_values:
  load_level: 237360.06695273507
  wind_year: 2017
  solar_year: 2011
  price_year: 2023
  carbon_year: 2023
storage_values:
  CAES:
    cost: 46.6348
    lifetime: 27.3918
    annual_cost: 1.702509510145372
    efficiency: 0.625577
    discharge_ratio: 0.1
    depth_of_discharge: 0.4
  Li-ion:
    cost: 147.348
    lifetime: 21.7079
    annual_cost: 6.787759295003203
    efficiency: 0.930768
    discharge_ratio: 2
    depth_of_discharge: 0.9
  Pb-acid:
    cost: 143.593
    lifetime: 13.4044
    annual_cost: 10.712378025126077
    efficiency: 0.713359
    discharge_ratio: 5
    depth_of_discharge: 0.5
  VRBF:
    cost: 244.054
    lifetime: 22.6192
    annual_cost: 10.789683101082266
    efficiency: 0.813709
    discharge_ratio: 0.5
    depth_of_discharge: 1.0
