cost_values:
  wind_capex: 5000.0
  wind_opex: 100
  wind_lifetime: 20
  solar_capex: 1000.0
  solar_opex: 10
  solar_lifetime: 20
  carbon_price: 1.0
timeseries_values:
  load_level: 237360.06695273507
  wind_year: 2017
  solar_year: 2011
  price_year: 2023
  carbon_year: 2023
storage_values:
  CAES:
    cost: 49.6666
    lifetime: 27.3947
    annual_cost: 1.8130003248803601
    efficiency: 0.630078
    discharge_ratio: 0.1
    depth_of_discharge: 0.4
  Li-ion:
    cost: 129.898
    lifetime: 18.4864
    annual_cost: 7.026679072182794
    efficiency: 0.911918
    discharge_ratio: 2
    depth_of_discharge: 0.9
  Pb-acid:
    cost: 162.429
    lifetime: 14.013
    annual_cost: 11.591308071076858
    efficiency: 0.703673
    discharge_ratio: 5
    depth_of_discharge: 0.5
  VRBF:
    cost: 269.154
    lifetime: 20.5671
    annual_cost: 13.086628644777338
    efficiency: 0.825744
    discharge_ratio: 0.5
    depth_of_discharge: 1.0
