cost_values:
  wind_capex: 5000.0
  wind_opex: 100
  wind_lifetime: 20
  solar_capex: 1000.0
  solar_opex: 10
  solar_lifetime: 20
  carbon_price: 1.0
timeseries_values:
  load_level: 237360.06695273507
  wind_year: 2017
  solar_year: 2011
  price_year: 2023
  carbon_year: 2023
storage_values:
  CAES:
    cost: 44.6954
    lifetime: 28.1529
    annual_cost: 1.587594883653194
    efficiency: 0.626812
    discharge_ratio: 0.1
    depth_of_discharge: 0.4
  Li-ion:
    cost: 123.577
    lifetime: 22.2605
    annual_cost: 5.551402708834034
    efficiency: 0.920479
    discharge_ratio: 2
    depth_of_discharge: 0.9
  Pb-acid:
    cost: 200.137
    lifetime: 13.5501
    annual_cost: 14.77014929779116
    efficiency: 0.692839
    discharge_ratio: 5
    depth_of_discharge: 0.5
  VRBF:
    cost: 264.261
    lifetime: 20.9618
    annual_cost: 12.606789493268709
    efficiency: 0.781813
    discharge_ratio: 0.5
    depth_of_discharge: 1.0
