cost_values:
  wind_capex: 5000.0
  wind_opex: 100
  wind_lifetime: 20
  solar_capex: 1000.0
  solar_opex: 10
  solar_lifetime: 20
  carbon_price: 1.0
timeseries_values:
  load_level: 237360.06695273507
  wind_year: 2017
  solar_year: 2011
  price_year: 2023
  carbon_year: 2023
storage_values:
  CAES:
    cost: 50.1212
    lifetime: 26.743
    annual_cost: 1.874180159294021
    efficiency: 0.633504
    discharge_ratio: 0.1
    depth_of_discharge: 0.4
  Li-ion:
    cost: 140.968
    lifetime: 21.4418
    annual_cost: 6.574448040742848
    efficiency: 0.910655
    discharge_ratio: 2
    depth_of_discharge: 0.9
  Pb-acid:
    cost: 173.303
    lifetime: 14.1264
    annual_cost: 12.268022992411371
    efficiency: 0.697186
    discharge_ratio: 5
    depth_of_discharge: 0.5
  VRBF:
    cost: 245.177
    lifetime: 21.4144
    annual_cost: 11.44916504781829
    efficiency: 0.792779
    discharge_ratio: 0.5
    depth_of_discharge: 1.0
