cost_values:
  wind_capex: 5000.0
  wind_opex: 100
  wind_lifetime: 20
  solar_capex: 1000.0
  solar_opex: 10
  solar_lifetime: 20
  carbon_price: 1.0
timeseries_values:
  load_level: 237360.06695273507
  wind_year: 2017
  solar_year: 2011
  price_year: 2023
  carbon_year: 2023
storage_values:
  CAES:
    cost: 39.5056
    lifetime: 26.8886
    annual_cost: 1.4692323140661843
    efficiency: 0.632112
    discharge_ratio: 0.1
    depth_of_discharge: 0.4
  Li-ion:
    cost: 137.866
    lifetime: 21.4618
    annual_cost: 6.423785516592272
    efficiency: 0.930733
    discharge_ratio: 2
    depth_of_discharge: 0.9
  Pb-acid:
    cost: 197.403
    lifetime: 14.6788
    annual_cost: 13.448170150148512
    efficiency: 0.69734
    discharge_ratio: 5
    depth_of_discharge: 0.5
  VRBF:
    cost: 216.722
    lifetime: 20.6
    annual_cost: 10.520485436893203
    efficiency: 0.797686
    discharge_ratio: 0.5
    depth_of_discharge: 1.0
