cost_values:
  wind_capex: 5000.0
  wind_opex: 100
  wind_lifetime: 20
  solar_capex: 1000.0
  solar_opex: 10
  solar_lifetime: 20
  carbon_price: 1.0
timeseries_values:
  load_level: 237360.06695273507
  wind_year: 2017
  solar_year: 2011
  price_year: 2023
  carbon_year: 2023
storage_values:
  CAES:
    cost: 46.9634
    lifetime: 26.4778
    annual_cost: 1.773689656995672
    efficiency: 0.628474
    discharge_ratio: 0.1
    depth_of_discharge: 0.4
  Li-ion:
    cost: 118.079
    lifetime: 21.1943
    annual_cost: 5.57126208461709
    efficiency: 0.927042
    discharge_ratio: 2
    depth_of_discharge: 0.9
  Pb-acid:
    cost: 174.808
    lifetime: 14.8788
    annual_cost: 11.748796945990268
    efficiency: 0.712532
    discharge_ratio: 5
    depth_of_discharge: 0.5
  VRBF:
    cost: 240.773
    lifetime: 18.182
    annual_cost: 13.242382576174238
    efficiency: 0.789007
    discharge_ratio: 0.5
    depth_of_discharge: 1.0
