cost_values:
  wind_capex: 5000.0
  wind_opex: 100
  wind_lifetime: 20
  solar_capex: 1000.0
  solar_opex: 10
  solar_lifetime: 20
  carbon_price: 1.0
timeseries_values:
  load_level: 237360.06695273507
  wind_year: 2017
  solar_year: 2011
  price_year: 2023
  carbon_year: 2023
storage_values:
  CAES:
    cost: 45.882
    lifetime: 27.2141
    annual_cost: 1.6859642611734358
    efficiency: 0.629693
    discharge_ratio: 0.1
    depth_of_discharge: 0.4
  Li-ion:
    cost: 111.517
    lifetime: 20.776
    annual_cost: 5.367587601078167
    efficiency: 0.91627
    discharge_ratio: 2
    depth_of_discharge: 0.9
  Pb-acid:
    cost: 185.187
    lifetime: 14.5908
    annual_cost: 12.692038818981825
    efficiency: 0.709318
    discharge_ratio: 5
    depth_of_discharge: 0.5
  VRBF:
    cost: 262.645
    lifetime: 21.1356
    annual_cost: 12.426664017108575
    efficiency: 0.770656
    discharge_ratio: 0.5
    depth_of_discharge: 1.0
