cost_values:
  wind_capex: 5000.0
  wind_opex: 100
  wind_lifetime: 20
  solar_capex: 1000.0
  solar_opex: 10
  solar_lifetime: 20
  carbon_price: 1.0
timeseries_values:
  load_level: 237360.06695273507
  wind_year: 2017
  solar_year: 2011
  price_year: 2023
  carbon_year: 2023
storage_values:
  CAES:
    cost: 45.8396
    lifetime: 27.5423
    annual_cost: 1.664334496392821
    efficiency: 0.619536
    discharge_ratio: 0.1
    depth_of_discharge: 0.4
  Li-ion:
    cost: 141.209
    lifetime: 21.7159
    annual_cost: 6.502562638435432
    efficiency: 0.916228
    discharge_ratio: 2
    depth_of_discharge: 0.9
  Pb-acid:
    cost: 182.386
    lifetime: 13.2437
    annual_cost: 13.771529104404358
    efficiency: 0.710448
    discharge_ratio: 5
    depth_of_discharge: 0.5
  VRBF:
    cost: 223.427
    lifetime: 19.2383
    annual_cost: 11.613656092274265
    efficiency: 0.80011
    discharge_ratio: 0.5
    depth_of_discharge: 1.0
