cost_values:
  wind_capex: 5000.0
  wind_opex: 100
  wind_lifetime: 20
  solar_capex: 1000.0
  solar_opex: 10
  solar_lifetime: 20
  carbon_price: 1.0
timeseries_values:
  load_level: 237360.06695273507
  wind_year: 2017
  solar_year: 2011
  price_year: 2023
  carbon_year: 2023
storage_values:
  CAES:
    cost: 43.3208
    lifetime: 27.1827
    annual_cost: 1.5936901043678515
    efficiency: 0.612762
    discharge_ratio: 0.1
    depth_of_discharge: 0.4
  Li-ion:
    cost: 139.479
    lifetime: 20.6854
    annual_cost: 6.742871783963569
    efficiency: 0.925435
    discharge_ratio: 2
    depth_of_discharge: 0.9
  Pb-acid:
    cost: 181.181
    lifetime: 14.8913
    annual_cost: 12.16690282245338
    efficiency: 0.715755
    discharge_ratio: 5
    depth_of_discharge: 0.5
  VRBF:
    cost: 263.79
    lifetime: 22.4437
    annual_cost: 11.753409642795084
    efficiency: 0.797328
    discharge_ratio: 0.5
    depth_of_discharge: 1.0
