cost_values:
  wind_capex: 5000.0
  wind_opex: 100
  wind_lifetime: 20
  solar_capex: 1000.0
  solar_opex: 10
  solar_lifetime: 20
  carbon_price: 1.0
timeseries_values:
  load_level: 237360.06695273507
  wind_year: 2017
  solar_year: 2011
  price_year: 2023
  carbon_year: 2023
storage_values:
  CAES:
    cost: 39.4548
    lifetime: 27.4676
    annual_cost: 1.4364123549199783
    efficiency: 0.635826
    discharge_ratio: 0.1
    depth_of_discharge: 0.4
  Li-ion:
    cost: 138.807
    lifetime: 20.9971
    annual_cost: 6.6107700587223945
    efficiency: 0.930035
    discharge_ratio: 2
    depth_of_discharge: 0.9
  Pb-acid:
    cost: 200.455
    lifetime: 16.8662
    annual_cost: 11.885012628807914
    efficiency: 0.697885
    discharge_ratio: 5
    depth_of_discharge: 0.5
  VRBF:
    cost: 243.186
    lifetime: 20.9244
    annual_cost: 11.622125365601882
    efficiency: 0.808114
    discharge_ratio: 0.5
    depth_of_discharge: 1.0
