cost_values:
  wind_capex: 5000.0
  wind_opex: 100
  wind_lifetime: 20
  solar_capex: 1000.0
  solar_opex: 10
  solar_lifetime: 20
  carbon_price: 1.0
timeseries_values:
  load_level: 256395.95015124776
  wind_year: 2010
  solar_year: 2014
  price_year: 2023
  carbon_year: 2023
storage_values:
  CAES:
    cost: 33.7145
    lifetime: 23.4913
    annual_cost: 1.435190900461022
    efficiency: 0.582058
    discharge_ratio: 0.1
    depth_of_discharge: 0.4
  Li-ion:
    cost: 162.59
    lifetime: 16.4797
    annual_cost: 9.86607765918069
    efficiency: 0.927994
    discharge_ratio: 2
    depth_of_discharge: 0.9
  Pb-acid:
    cost: 96.8298
    lifetime: 17.0267
    annual_cost: 5.686938749141055
    efficiency: 0.683127
    discharge_ratio: 5
    depth_of_discharge: 0.5
  VRBF:
    cost: 256.75
    lifetime: 21.2761
    annual_cost: 12.067531173476342
    efficiency: 0.832907
    discharge_ratio: 0.5
    depth_of_discharge: 1.0
