cost_values:
  wind_capex: 5000.0
  wind_opex: 100
  wind_lifetime: 20
  solar_capex: 1000.0
  solar_opex: 10
  solar_lifetime: 20
  carbon_price: 1.0
timeseries_values:
  load_level: 256395.95015124776
  wind_year: 2010
  solar_year: 2014
  price_year: 2023
  carbon_year: 2023
storage_values:
  CAES:
    cost: 33.8531
    lifetime: 21.8532
    annual_cost: 1.5491140885545365
    efficiency: 0.583535
    discharge_ratio: 0.1
    depth_of_discharge: 0.4
  Li-ion:
    cost: 172.577
    lifetime: 17.7203
    annual_cost: 9.738943471611654
    efficiency: 0.921361
    discharge_ratio: 2
    depth_of_discharge: 0.9
  Pb-acid:
    cost: 69.5737
    lifetime: 15.0543
    annual_cost: 4.621516775937772
    efficiency: 0.675733
    discharge_ratio: 5
    depth_of_discharge: 0.5
  VRBF:
    cost: 256.909
    lifetime: 22.8583
    annual_cost: 11.23919976551187
    efficiency: 0.835361
    discharge_ratio: 0.5
    depth_of_discharge: 1.0
