cost_values:
  wind_capex: 5000.0
  wind_opex: 100
  wind_lifetime: 20
  solar_capex: 1000.0
  solar_opex: 10
  solar_lifetime: 20
  carbon_price: 1.0
timeseries_values:
  load_level: 256395.95015124776
  wind_year: 2010
  solar_year: 2014
  price_year: 2023
  carbon_year: 2023
storage_values:
  CAES:
    cost: 40.5801
    lifetime: 22.9402
    annual_cost: 1.7689514476770036
    efficiency: 0.575596
    discharge_ratio: 0.1
    depth_of_discharge: 0.4
  Li-ion:
    cost: 161.071
    lifetime: 18.3302
    annual_cost: 8.787192720210362
    efficiency: 0.919057
    discharge_ratio: 2
    depth_of_discharge: 0.9
  Pb-acid:
    cost: 107.961
    lifetime: 14.3319
    annual_cost: 7.532916082305905
    efficiency: 0.68668
    discharge_ratio: 5
    depth_of_discharge: 0.5
  VRBF:
    cost: 256.403
    lifetime: 22.4128
    annual_cost: 11.440025342661336
    efficiency: 0.832022
    discharge_ratio: 0.5
    depth_of_discharge: 1.0
