cost_values:
  wind_capex: 5000.0
  wind_opex: 100
  wind_lifetime: 20
  solar_capex: 1000.0
  solar_opex: 10
  solar_lifetime: 20
  carbon_price: 1.0
timeseries_values:
  load_level: 256395.95015124776
  wind_year: 2010
  solar_year: 2014
  price_year: 2023
  carbon_year: 2023
storage_values:
  CAES:
    cost: 32.9132
    lifetime: 22.2466
    annual_cost: 1.479471020290741
    efficiency: 0.57684
    discharge_ratio: 0.1
    depth_of_discharge: 0.4
  Li-ion:
    cost: 149.603
    lifetime: 17.4758
    annual_cost: 8.560580917611784
    efficiency: 0.916239
    discharge_ratio: 2
    depth_of_discharge: 0.9
  Pb-acid:
    cost: 96.8037
    lifetime: 17.0351
    annual_cost: 5.682602391532777
    efficiency: 0.682624
    discharge_ratio: 5
    depth_of_discharge: 0.5
  VRBF:
    cost: 255.733
    lifetime: 22.5535
    annual_cost: 11.338949608708184
    efficiency: 0.830483
    discharge_ratio: 0.5
    depth_of_discharge: 1.0
