cost_values:
  wind_capex: 5000.0
  wind_opex: 100
  wind_lifetime: 20
  solar_capex: 1000.0
  solar_opex: 10
  solar_lifetime: 20
  carbon_price: 1.0
timeseries_values:
  load_level: 256395.95015124776
  wind_year: 2010
  solar_year: 2014
  price_year: 2023
  carbon_year: 2023
storage_values:
  CAES:
    cost: 36.6109
    lifetime: 23.7977
    annual_cost: 1.5384217802560753
    efficiency: 0.591079
    discharge_ratio: 0.1
    depth_of_discharge: 0.4
  Li-ion:
    cost: 171.405
    lifetime: 17.1791
    annual_cost: 9.977530836889011
    efficiency: 0.912834
    discharge_ratio: 2
    depth_of_discharge: 0.9
  Pb-acid:
    cost: 92.2121
    lifetime: 17.3292
    annual_cost: 5.321197747155091
    efficiency: 0.668691
    discharge_ratio: 5
    depth_of_discharge: 0.5
  VRBF:
    cost: 273.073
    lifetime: 22.3818
    annual_cost: 12.200671974550751
    efficiency: 0.81792
    discharge_ratio: 0.5
    depth_of_discharge: 1.0
