cost_values:
  wind_capex: 5000.0
  wind_opex: 100
  wind_lifetime: 20
  solar_capex: 1000.0
  solar_opex: 10
  solar_lifetime: 20
  carbon_price: 1.0
timeseries_values:
  load_level: 256395.95015124776
  wind_year: 2010
  solar_year: 2014
  price_year: 2023
  carbon_year: 2023
storage_values:
  CAES:
    cost: 38.3447
    lifetime: 22.1267
    annual_cost: 1.7329606312735295
    efficiency: 0.582813
    discharge_ratio: 0.1
    depth_of_discharge: 0.4
  Li-ion:
    cost: 160.807
    lifetime: 19.296
    annual_cost: 8.333696102819237
    efficiency: 0.92077
    discharge_ratio: 2
    depth_of_discharge: 0.9
  Pb-acid:
    cost: 94.4655
    lifetime: 15.1669
    annual_cost: 6.228398683976291
    efficiency: 0.657307
    discharge_ratio: 5
    depth_of_discharge: 0.5
  VRBF:
    cost: 247.007
    lifetime: 23.8182
    annual_cost: 10.370514984339707
    efficiency: 0.813049
    discharge_ratio: 0.5
    depth_of_discharge: 1.0
