cost_values:
  wind_capex: 5000.0
  wind_opex: 100
  wind_lifetime: 20
  solar_capex: 1000.0
  solar_opex: 10
  solar_lifetime: 20
  carbon_price: 1.0
timeseries_values:
  load_level: 256395.95015124776
  wind_year: 2010
  solar_year: 2014
  price_year: 2023
  carbon_year: 2023
storage_values:
  CAES:
    cost: 39.0193
    lifetime: 22.7032
    annual_cost: 1.7186696148560556
    efficiency: 0.579245
    discharge_ratio: 0.1
    depth_of_discharge: 0.4
  Li-ion:
    cost: 178.853
    lifetime: 15.8418
    annual_cost: 11.289941799542982
    efficiency: 0.908716
    discharge_ratio: 2
    depth_of_discharge: 0.9
  Pb-acid:
    cost: 87.3982
    lifetime: 16.6643
    annual_cost: 5.2446367384168555
    efficiency: 0.670451
    discharge_ratio: 5
    depth_of_discharge: 0.5
  VRBF:
    cost: 259.815
    lifetime: 22.4611
    annual_cost: 11.567331965041785
    efficiency: 0.825972
    discharge_ratio: 0.5
    depth_of_discharge: 1.0
