cost_values:
  wind_capex: 5000.0
  wind_opex: 100
  wind_lifetime: 20
  solar_capex: 1000.0
  solar_opex: 10
  solar_lifetime: 20
  carbon_price: 1.0
timeseries_values:
  load_level: 256395.95015124776
  wind_year: 2010
  solar_year: 2014
  price_year: 2023
  carbon_year: 2023
storage_values:
  CAES:
    cost: 46.0033
    lifetime: 22.5986
    annual_cost: 2.0356703512606975
    efficiency: 0.588777
    discharge_ratio: 0.1
    depth_of_discharge: 0.4
  Li-ion:
    cost: 153.887
    lifetime: 16.6126
    annual_cost: 9.263270048035828
    efficiency: 0.913565
    discharge_ratio: 2
    depth_of_discharge: 0.9
  Pb-acid:
    cost: 82.5972
    lifetime: 15.1508
    annual_cost: 5.451672518942894
    efficiency: 0.666463
    discharge_ratio: 5
    depth_of_discharge: 0.5
  VRBF:
    cost: 230.586
    lifetime: 21.5778
    annual_cost: 10.686260879236995
    efficiency: 0.832717
    discharge_ratio: 0.5
    depth_of_discharge: 1.0
