cost_values:
  wind_capex: 5000.0
  wind_opex: 100
  wind_lifetime: 20
  solar_capex: 1000.0
  solar_opex: 10
  solar_lifetime: 20
  carbon_price: 1.0
timeseries_values:
  load_level: 256395.95015124776
  wind_year: 2010
  solar_year: 2014
  price_year: 2023
  carbon_year: 2023
storage_values:
  CAES:
    cost: 42.3725
    lifetime: 23.5462
    annual_cost: 1.7995472730206998
    efficiency: 0.590915
    discharge_ratio: 0.1
    depth_of_discharge: 0.4
  Li-ion:
    cost: 165.093
    lifetime: 19.3272
    annual_cost: 8.542002980255804
    efficiency: 0.919271
    discharge_ratio: 2
    depth_of_discharge: 0.9
  Pb-acid:
    cost: 86.3623
    lifetime: 16.3471
    annual_cost: 5.283034911391011
    efficiency: 0.671635
    discharge_ratio: 5
    depth_of_discharge: 0.5
  VRBF:
    cost: 220.108
    lifetime: 23.4297
    annual_cost: 9.39440112336052
    efficiency: 0.820854
    discharge_ratio: 0.5
    depth_of_discharge: 1.0
