cost_values:
  wind_capex: 5000.0
  wind_opex: 100
  wind_lifetime: 20
  solar_capex: 1000.0
  solar_opex: 10
  solar_lifetime: 20
  carbon_price: 1.0
timeseries_values:
  load_level: 256395.95015124776
  wind_year: 2010
  solar_year: 2014
  price_year: 2023
  carbon_year: 2023
storage_values:
  CAES:
    cost: 44.4357
    lifetime: 23.1777
    annual_cost: 1.9171746980934257
    efficiency: 0.586886
    discharge_ratio: 0.1
    depth_of_discharge: 0.4
  Li-ion:
    cost: 161.667
    lifetime: 15.9563
    annual_cost: 10.131860143015611
    efficiency: 0.895101
    discharge_ratio: 2
    depth_of_discharge: 0.9
  Pb-acid:
    cost: 117.929
    lifetime: 16.5873
    annual_cost: 7.10959589565511
    efficiency: 0.681149
    discharge_ratio: 5
    depth_of_discharge: 0.5
  VRBF:
    cost: 232.123
    lifetime: 19.5485
    annual_cost: 11.874210297465277
    efficiency: 0.831776
    discharge_ratio: 0.5
    depth_of_discharge: 1.0
