cost_values:
  wind_capex: 5000.0
  wind_opex: 100
  wind_lifetime: 20
  solar_capex: 1000.0
  solar_opex: 10
  solar_lifetime: 20
  carbon_price: 1.0
timeseries_values:
  load_level: 256395.95015124776
  wind_year: 2010
  solar_year: 2014
  price_year: 2023
  carbon_year: 2023
storage_values:
  CAES:
    cost: 37.8172
    lifetime: 23.2721
    annual_cost: 1.6250016113715566
    efficiency: 0.578716
    discharge_ratio: 0.1
    depth_of_discharge: 0.4
  Li-ion:
    cost: 134.617
    lifetime: 15.691
    annual_cost: 8.579249251163086
    efficiency: 0.916837
    discharge_ratio: 2
    depth_of_discharge: 0.9
  Pb-acid:
    cost: 118.439
    lifetime: 15.8677
    annual_cost: 7.464156746094267
    efficiency: 0.696225
    discharge_ratio: 5
    depth_of_discharge: 0.5
  VRBF:
    cost: 217.738
    lifetime: 21.3003
    annual_cost: 10.222297338535139
    efficiency: 0.829734
    discharge_ratio: 0.5
    depth_of_discharge: 1.0
