cost_values:
  wind_capex: 5000.0
  wind_opex: 100
  wind_lifetime: 20
  solar_capex: 1000.0
  solar_opex: 10
  solar_lifetime: 20
  carbon_price: 1.0
timeseries_values:
  load_level: 256395.95015124776
  wind_year: 2010
  solar_year: 2014
  price_year: 2023
  carbon_year: 2023
storage_values:
  CAES:
    cost: 40.2731
    lifetime: 23.2757
    annual_cost: 1.7302637514661212
    efficiency: 0.577586
    discharge_ratio: 0.1
    depth_of_discharge: 0.4
  Li-ion:
    cost: 161.319
    lifetime: 17.9724
    annual_cost: 8.975929758963744
    efficiency: 0.91874
    discharge_ratio: 2
    depth_of_discharge: 0.9
  Pb-acid:
    cost: 89.9783
    lifetime: 15.4567
    annual_cost: 5.821313734497014
    efficiency: 0.666497
    discharge_ratio: 5
    depth_of_discharge: 0.5
  VRBF:
    cost: 252.334
    lifetime: 22.7006
    annual_cost: 11.115741434147115
    efficiency: 0.829536
    discharge_ratio: 0.5
    depth_of_discharge: 1.0
