cost_values:
  wind_capex: 5000.0
  wind_opex: 100
  wind_lifetime: 20
  solar_capex: 1000.0
  solar_opex: 10
  solar_lifetime: 20
  carbon_price: 1.0
timeseries_values:
  load_level: 256395.95015124776
  wind_year: 2010
  solar_year: 2014
  price_year: 2023
  carbon_year: 2023
storage_values:
  CAES:
    cost: 39.1979
    lifetime: 23.2752
    annual_cost: 1.6841058293806281
    efficiency: 0.580826
    discharge_ratio: 0.1
    depth_of_discharge: 0.4
  Li-ion:
    cost: 144.852
    lifetime: 18.9628
    annual_cost: 7.638745332967705
    efficiency: 0.920577
    discharge_ratio: 2
    depth_of_discharge: 0.9
  Pb-acid:
    cost: 113.657
    lifetime: 17.6214
    annual_cost: 6.449941548344626
    efficiency: 0.676666
    discharge_ratio: 5
    depth_of_discharge: 0.5
  VRBF:
    cost: 236.217
    lifetime: 22.7145
    annual_cost: 10.399392458561712
    efficiency: 0.835871
    discharge_ratio: 0.5
    depth_of_discharge: 1.0
