cost_values:
  wind_capex: 5000.0
  wind_opex: 100
  wind_lifetime: 20
  solar_capex: 1000.0
  solar_opex: 10
  solar_lifetime: 20
  carbon_price: 1.0
timeseries_values:
  load_level: 256395.95015124776
  wind_year: 2010
  solar_year: 2014
  price_year: 2023
  carbon_year: 2023
storage_values:
  CAES:
    cost: 35.3597
    lifetime: 22.0765
    annual_cost: 1.601689579417027
    efficiency: 0.57706
    discharge_ratio: 0.1
    depth_of_discharge: 0.4
  Li-ion:
    cost: 151.404
    lifetime: 16.7024
    annual_cost: 9.064805057955743
    efficiency: 0.921154
    discharge_ratio: 2
    depth_of_discharge: 0.9
  Pb-acid:
    cost: 90.3681
    lifetime: 16.143
    annual_cost: 5.597974354209255
    efficiency: 0.667442
    discharge_ratio: 5
    depth_of_discharge: 0.5
  VRBF:
    cost: 208.184
    lifetime: 22.2566
    annual_cost: 9.353809656461454
    efficiency: 0.843849
    discharge_ratio: 0.5
    depth_of_discharge: 1.0
