cost_values:
  wind_capex: 5000.0
  wind_opex: 100
  wind_lifetime: 20
  solar_capex: 1000.0
  solar_opex: 10
  solar_lifetime: 20
  carbon_price: 1.0
timeseries_values:
  load_level: 256395.95015124776
  wind_year: 2010
  solar_year: 2014
  price_year: 2023
  carbon_year: 2023
storage_values:
  CAES:
    cost: 39.9843
    lifetime: 23.0304
    annual_cost: 1.7361530846185909
    efficiency: 0.576492
    discharge_ratio: 0.1
    depth_of_discharge: 0.4
  Li-ion:
    cost: 147.875
    lifetime: 19.6395
    annual_cost: 7.529468672827719
    efficiency: 0.911116
    discharge_ratio: 2
    depth_of_discharge: 0.9
  Pb-acid:
    cost: 109.828
    lifetime: 16.4129
    annual_cost: 6.6915657805750355
    efficiency: 0.684414
    discharge_ratio: 5
    depth_of_discharge: 0.5
  VRBF:
    cost: 239.491
    lifetime: 21.2369
    annual_cost: 11.27711671665827
    efficiency: 0.846628
    discharge_ratio: 0.5
    depth_of_discharge: 1.0
