cost_values:
  wind_capex: 5000.0
  wind_opex: 100
  wind_lifetime: 20
  solar_capex: 1000.0
  solar_opex: 10
  solar_lifetime: 20
  carbon_price: 1.0
timeseries_values:
  load_level: 256395.95015124776
  wind_year: 2010
  solar_year: 2014
  price_year: 2023
  carbon_year: 2023
storage_values:
  CAES:
    cost: 35.6891
    lifetime: 23.446
    annual_cost: 1.5221828883391624
    efficiency: 0.591265
    discharge_ratio: 0.1
    depth_of_discharge: 0.4
  Li-ion:
    cost: 167.901
    lifetime: 16.4617
    annual_cost: 10.19949336945759
    efficiency: 0.909687
    discharge_ratio: 2
    depth_of_discharge: 0.9
  Pb-acid:
    cost: 66.3344
    lifetime: 17.6077
    annual_cost: 3.7673517835946773
    efficiency: 0.672247
    discharge_ratio: 5
    depth_of_discharge: 0.5
  VRBF:
    cost: 281.109
    lifetime: 19.3821
    annual_cost: 14.50353676846162
    efficiency: 0.807032
    discharge_ratio: 0.5
    depth_of_discharge: 1.0
