cost_values:
  wind_capex: 5000.0
  wind_opex: 100
  wind_lifetime: 20
  solar_capex: 1000.0
  solar_opex: 10
  solar_lifetime: 20
  carbon_price: 1.0
timeseries_values:
  load_level: 256395.95015124776
  wind_year: 2010
  solar_year: 2014
  price_year: 2023
  carbon_year: 2023
storage_values:
  CAES:
    cost: 45.6368
    lifetime: 22.8889
    annual_cost: 1.9938398088156268
    efficiency: 0.590456
    discharge_ratio: 0.1
    depth_of_discharge: 0.4
  Li-ion:
    cost: 167.096
    lifetime: 19.5552
    annual_cost: 8.544837178857797
    efficiency: 0.905831
    discharge_ratio: 2
    depth_of_discharge: 0.9
  Pb-acid:
    cost: 98.5781
    lifetime: 17.2968
    annual_cost: 5.699210258544933
    efficiency: 0.691274
    discharge_ratio: 5
    depth_of_discharge: 0.5
  VRBF:
    cost: 250.244
    lifetime: 21.8494
    annual_cost: 11.45312914771115
    efficiency: 0.836738
    discharge_ratio: 0.5
    depth_of_discharge: 1.0
