cost_values:
  wind_capex: 5000.0
  wind_opex: 100
  wind_lifetime: 20
  solar_capex: 1000.0
  solar_opex: 10
  solar_lifetime: 20
  carbon_price: 1.0
timeseries_values:
  load_level: 256395.95015124776
  wind_year: 2010
  solar_year: 2014
  price_year: 2023
  carbon_year: 2023
storage_values:
  CAES:
    cost: 41.0553
    lifetime: 22.8186
    annual_cost: 1.799203281533486
    efficiency: 0.589997
    discharge_ratio: 0.1
    depth_of_discharge: 0.4
  Li-ion:
    cost: 156.826
    lifetime: 16.4169
    annual_cost: 9.552717017220061
    efficiency: 0.907449
    discharge_ratio: 2
    depth_of_discharge: 0.9
  Pb-acid:
    cost: 89.1454
    lifetime: 16.2778
    annual_cost: 5.476501738564179
    efficiency: 0.678471
    discharge_ratio: 5
    depth_of_discharge: 0.5
  VRBF:
    cost: 268.484
    lifetime: 20.528
    annual_cost: 13.078916601714731
    efficiency: 0.835502
    discharge_ratio: 0.5
    depth_of_discharge: 1.0
