cost_values:
  wind_capex: 5000.0
  wind_opex: 100
  wind_lifetime: 20
  solar_capex: 1000.0
  solar_opex: 10
  solar_lifetime: 20
  carbon_price: 1.0
timeseries_values:
  load_level: 256395.95015124776
  wind_year: 2010
  solar_year: 2014
  price_year: 2023
  carbon_year: 2023
storage_values:
  CAES:
    cost: 40.927
    lifetime: 23.5541
    annual_cost: 1.737574350113144
    efficiency: 0.57056
    discharge_ratio: 0.1
    depth_of_discharge: 0.4
  Li-ion:
    cost: 160.186
    lifetime: 17.2967
    annual_cost: 9.261072921424317
    efficiency: 0.927867
    discharge_ratio: 2
    depth_of_discharge: 0.9
  Pb-acid:
    cost: 118.665
    lifetime: 17.7921
    annual_cost: 6.669533107390358
    efficiency: 0.682584
    discharge_ratio: 5
    depth_of_discharge: 0.5
  VRBF:
    cost: 227.293
    lifetime: 20.0369
    annual_cost: 11.343720835059317
    efficiency: 0.83543
    discharge_ratio: 0.5
    depth_of_discharge: 1.0
