cost_values:
  wind_capex: 5000.0
  wind_opex: 100
  wind_lifetime: 20
  solar_capex: 1000.0
  solar_opex: 10
  solar_lifetime: 20
  carbon_price: 1.0
timeseries_values:
  load_level: 256395.95015124776
  wind_year: 2010
  solar_year: 2014
  price_year: 2023
  carbon_year: 2023
storage_values:
  CAES:
    cost: 37.243
    lifetime: 22.3189
    annual_cost: 1.6686754275524334
    efficiency: 0.589764
    discharge_ratio: 0.1
    depth_of_discharge: 0.4
  Li-ion:
    cost: 150.664
    lifetime: 19.8651
    annual_cost: 7.584356484487869
    efficiency: 0.919263
    discharge_ratio: 2
    depth_of_discharge: 0.9
  Pb-acid:
    cost: 84.5456
    lifetime: 17.8586
    annual_cost: 4.734167291948977
    efficiency: 0.685784
    discharge_ratio: 5
    depth_of_discharge: 0.5
  VRBF:
    cost: 228.411
    lifetime: 19.1381
    annual_cost: 11.934883818142866
    efficiency: 0.812244
    discharge_ratio: 0.5
    depth_of_discharge: 1.0
