cost_values:
  wind_capex: 5000.0
  wind_opex: 100
  wind_lifetime: 20
  solar_capex: 1000.0
  solar_opex: 10
  solar_lifetime: 20
  carbon_price: 1.0
timeseries_values:
  load_level: 256395.95015124776
  wind_year: 2010
  solar_year: 2014
  price_year: 2023
  carbon_year: 2023
storage_values:
  CAES:
    cost: 47.9906
    lifetime: 22.5421
    annual_cost: 2.128932087072633
    efficiency: 0.580884
    discharge_ratio: 0.1
    depth_of_discharge: 0.4
  Li-ion:
    cost: 140.601
    lifetime: 17.6304
    annual_cost: 7.974918322896814
    efficiency: 0.907535
    discharge_ratio: 2
    depth_of_discharge: 0.9
  Pb-acid:
    cost: 114.023
    lifetime: 16.7028
    annual_cost: 6.826579974615035
    efficiency: 0.683946
    discharge_ratio: 5
    depth_of_discharge: 0.5
  VRBF:
    cost: 253.005
    lifetime: 22.223
    annual_cost: 11.384826531071413
    efficiency: 0.829976
    discharge_ratio: 0.5
    depth_of_discharge: 1.0
