cost_values:
  wind_capex: 5000.0
  wind_opex: 100
  wind_lifetime: 20
  solar_capex: 1000.0
  solar_opex: 10
  solar_lifetime: 20
  carbon_price: 1.0
timeseries_values:
  load_level: 256395.95015124776
  wind_year: 2010
  solar_year: 2014
  price_year: 2023
  carbon_year: 2023
storage_values:
  CAES:
    cost: 38.9532
    lifetime: 22.1443
    annual_cost: 1.7590621514340032
    efficiency: 0.572457
    discharge_ratio: 0.1
    depth_of_discharge: 0.4
  Li-ion:
    cost: 164.798
    lifetime: 17.6187
    annual_cost: 9.353584543695051
    efficiency: 0.902365
    discharge_ratio: 2
    depth_of_discharge: 0.9
  Pb-acid:
    cost: 86.2476
    lifetime: 16.2291
    annual_cost: 5.314379725308243
    efficiency: 0.677198
    discharge_ratio: 5
    depth_of_discharge: 0.5
  VRBF:
    cost: 229.523
    lifetime: 20.1612
    annual_cost: 11.384391802075273
    efficiency: 0.844159
    discharge_ratio: 0.5
    depth_of_discharge: 1.0
