cost_values:
  wind_capex: 5000.0
  wind_opex: 100
  wind_lifetime: 20
  solar_capex: 1000.0
  solar_opex: 10
  solar_lifetime: 20
  carbon_price: 1.0
timeseries_values:
  load_level: 256395.95015124776
  wind_year: 2010
  solar_year: 2014
  price_year: 2023
  carbon_year: 2023
storage_values:
  CAES:
    cost: 39.7029
    lifetime: 23.1001
    annual_cost: 1.7187328193384444
    efficiency: 0.588851
    discharge_ratio: 0.1
    depth_of_discharge: 0.4
  Li-ion:
    cost: 164.886
    lifetime: 17.3411
    annual_cost: 9.50839335451615
    efficiency: 0.911856
    discharge_ratio: 2
    depth_of_discharge: 0.9
  Pb-acid:
    cost: 75.7599
    lifetime: 15.7932
    annual_cost: 4.796994909201429
    efficiency: 0.673409
    discharge_ratio: 5
    depth_of_discharge: 0.5
  VRBF:
    cost: 287.821
    lifetime: 21.4444
    annual_cost: 13.42173248027457
    efficiency: 0.838792
    discharge_ratio: 0.5
    depth_of_discharge: 1.0
