cost_values:
  wind_capex: 5000.0
  wind_opex: 100
  wind_lifetime: 20
  solar_capex: 1000.0
  solar_opex: 10
  solar_lifetime: 20
  carbon_price: 1.0
timeseries_values:
  load_level: 256395.95015124776
  wind_year: 2010
  solar_year: 2014
  price_year: 2023
  carbon_year: 2023
storage_values:
  CAES:
    cost: 38.5699
    lifetime: 23.3083
    annual_cost: 1.654771047223521
    efficiency: 0.591363
    discharge_ratio: 0.1
    depth_of_discharge: 0.4
  Li-ion:
    cost: 141.131
    lifetime: 20.4261
    annual_cost: 6.909346375470598
    efficiency: 0.929417
    discharge_ratio: 2
    depth_of_discharge: 0.9
  Pb-acid:
    cost: 84.2873
    lifetime: 15.6107
    annual_cost: 5.399328665594752
    efficiency: 0.684155
    discharge_ratio: 5
    depth_of_discharge: 0.5
  VRBF:
    cost: 244.355
    lifetime: 20.8483
    annual_cost: 11.720619906659056
    efficiency: 0.815976
    discharge_ratio: 0.5
    depth_of_discharge: 1.0
