cost_values:
  wind_capex: 5000.0
  wind_opex: 100
  wind_lifetime: 20
  solar_capex: 1000.0
  solar_opex: 10
  solar_lifetime: 20
  carbon_price: 1.0
timeseries_values:
  load_level: 256395.95015124776
  wind_year: 2010
  solar_year: 2014
  price_year: 2023
  carbon_year: 2023
storage_values:
  CAES:
    cost: 39.2431
    lifetime: 23.2126
    annual_cost: 1.6905947631889577
    efficiency: 0.585422
    discharge_ratio: 0.1
    depth_of_discharge: 0.4
  Li-ion:
    cost: 171.849
    lifetime: 17.4749
    annual_cost: 9.834047691260034
    efficiency: 0.906695
    discharge_ratio: 2
    depth_of_discharge: 0.9
  Pb-acid:
    cost: 111.277
    lifetime: 15.1616
    annual_cost: 7.339396897425074
    efficiency: 0.693634
    discharge_ratio: 5
    depth_of_discharge: 0.5
  VRBF:
    cost: 246.748
    lifetime: 21.5332
    annual_cost: 11.458956402206823
    efficiency: 0.847229
    discharge_ratio: 0.5
    depth_of_discharge: 1.0
