cost_values:
  wind_capex: 5000.0
  wind_opex: 100
  wind_lifetime: 20
  solar_capex: 1000.0
  solar_opex: 10
  solar_lifetime: 20
  carbon_price: 1.0
timeseries_values:
  load_level: 256395.95015124776
  wind_year: 2010
  solar_year: 2014
  price_year: 2023
  carbon_year: 2023
storage_values:
  CAES:
    cost: 41.2964
    lifetime: 22.9832
    annual_cost: 1.7968081033102439
    efficiency: 0.586302
    discharge_ratio: 0.1
    depth_of_discharge: 0.4
  Li-ion:
    cost: 161.234
    lifetime: 18.2557
    annual_cost: 8.831981244214136
    efficiency: 0.910283
    discharge_ratio: 2
    depth_of_discharge: 0.9
  Pb-acid:
    cost: 85.581
    lifetime: 16.9064
    annual_cost: 5.062047508635783
    efficiency: 0.688534
    discharge_ratio: 5
    depth_of_discharge: 0.5
  VRBF:
    cost: 222.465
    lifetime: 23.3763
    annual_cost: 9.516689980878068
    efficiency: 0.817258
    discharge_ratio: 0.5
    depth_of_discharge: 1.0
