cost_values:
  wind_capex: 5000.0
  wind_opex: 100
  wind_lifetime: 20
  solar_capex: 1000.0
  solar_opex: 10
  solar_lifetime: 20
  carbon_price: 1.0
timeseries_values:
  load_level: 256395.95015124776
  wind_year: 2010
  solar_year: 2014
  price_year: 2023
  carbon_year: 2023
storage_values:
  CAES:
    cost: 38.2852
    lifetime: 21.9903
    annual_cost: 1.7410039881220356
    efficiency: 0.584979
    discharge_ratio: 0.1
    depth_of_discharge: 0.4
  Li-ion:
    cost: 143.141
    lifetime: 17.9974
    annual_cost: 7.953426606065321
    efficiency: 0.928745
    discharge_ratio: 2
    depth_of_discharge: 0.9
  Pb-acid:
    cost: 96.2538
    lifetime: 14.0844
    annual_cost: 6.834071738945216
    efficiency: 0.683528
    discharge_ratio: 5
    depth_of_discharge: 0.5
  VRBF:
    cost: 291.95
    lifetime: 19.1622
    annual_cost: 15.235724499274614
    efficiency: 0.818555
    discharge_ratio: 0.5
    depth_of_discharge: 1.0
