cost_values:
  wind_capex: 5000.0
  wind_opex: 100
  wind_lifetime: 20
  solar_capex: 1000.0
  solar_opex: 10
  solar_lifetime: 20
  carbon_price: 1.0
timeseries_values:
  load_level: 256395.95015124776
  wind_year: 2010
  solar_year: 2014
  price_year: 2023
  carbon_year: 2023
storage_values:
  CAES:
    cost: 38.2644
    lifetime: 23.3391
    annual_cost: 1.6394976670051546
    efficiency: 0.583384
    discharge_ratio: 0.1
    depth_of_discharge: 0.4
  Li-ion:
    cost: 166.771
    lifetime: 16.6818
    annual_cost: 9.997182558237121
    efficiency: 0.913096
    discharge_ratio: 2
    depth_of_discharge: 0.9
  Pb-acid:
    cost: 99.4983
    lifetime: 16.2028
    annual_cost: 6.140808995976005
    efficiency: 0.673246
    discharge_ratio: 5
    depth_of_discharge: 0.5
  VRBF:
    cost: 242.394
    lifetime: 19.3989
    annual_cost: 12.495244575723365
    efficiency: 0.841378
    discharge_ratio: 0.5
    depth_of_discharge: 1.0
