cost_values:
  wind_capex: 5000.0
  wind_opex: 100
  wind_lifetime: 20
  solar_capex: 1000.0
  solar_opex: 10
  solar_lifetime: 20
  carbon_price: 1.0
timeseries_values:
  load_level: 256395.95015124776
  wind_year: 2010
  solar_year: 2014
  price_year: 2023
  carbon_year: 2023
storage_values:
  CAES:
    cost: 44.1587
    lifetime: 23.0751
    annual_cost: 1.9136948485597032
    efficiency: 0.590754
    discharge_ratio: 0.1
    depth_of_discharge: 0.4
  Li-ion:
    cost: 154.983
    lifetime: 17.9412
    annual_cost: 8.638385392281453
    efficiency: 0.904601
    discharge_ratio: 2
    depth_of_discharge: 0.9
  Pb-acid:
    cost: 113.566
    lifetime: 17.116
    annual_cost: 6.635078289319935
    efficiency: 0.679358
    discharge_ratio: 5
    depth_of_discharge: 0.5
  VRBF:
    cost: 218.293
    lifetime: 21.0451
    annual_cost: 10.372628307777108
    efficiency: 0.832006
    discharge_ratio: 0.5
    depth_of_discharge: 1.0
