cost_values:
  wind_capex: 5000.0
  wind_opex: 100
  wind_lifetime: 20
  solar_capex: 1000.0
  solar_opex: 10
  solar_lifetime: 20
  carbon_price: 1.0
timeseries_values:
  load_level: 256395.95015124776
  wind_year: 2010
  solar_year: 2014
  price_year: 2023
  carbon_year: 2023
storage_values:
  CAES:
    cost: 34.4503
    lifetime: 22.2745
    annual_cost: 1.5466250645356798
    efficiency: 0.583563
    discharge_ratio: 0.1
    depth_of_discharge: 0.4
  Li-ion:
    cost: 147.863
    lifetime: 17.9192
    annual_cost: 8.251651859458011
    efficiency: 0.926668
    discharge_ratio: 2
    depth_of_discharge: 0.9
  Pb-acid:
    cost: 89.2582
    lifetime: 16.9345
    annual_cost: 5.27079039829933
    efficiency: 0.686522
    discharge_ratio: 5
    depth_of_discharge: 0.5
  VRBF:
    cost: 257.729
    lifetime: 21.9477
    annual_cost: 11.742870551356177
    efficiency: 0.832522
    discharge_ratio: 0.5
    depth_of_discharge: 1.0
