cost_values:
  wind_capex: 5000.0
  wind_opex: 100
  wind_lifetime: 20
  solar_capex: 1000.0
  solar_opex: 10
  solar_lifetime: 20
  carbon_price: 1.0
timeseries_values:
  load_level: 256395.95015124776
  wind_year: 2010
  solar_year: 2014
  price_year: 2023
  carbon_year: 2023
storage_values:
  CAES:
    cost: 43.8055
    lifetime: 22.9893
    annual_cost: 1.905473415893481
    efficiency: 0.593175
    discharge_ratio: 0.1
    depth_of_discharge: 0.4
  Li-ion:
    cost: 157.523
    lifetime: 16.9931
    annual_cost: 9.269821280402047
    efficiency: 0.910668
    discharge_ratio: 2
    depth_of_discharge: 0.9
  Pb-acid:
    cost: 99.4414
    lifetime: 15.9975
    annual_cost: 6.216058759181122
    efficiency: 0.681295
    discharge_ratio: 5
    depth_of_discharge: 0.5
  VRBF:
    cost: 263.225
    lifetime: 20.2122
    annual_cost: 13.023075172420619
    efficiency: 0.819253
    discharge_ratio: 0.5
    depth_of_discharge: 1.0
