cost_values:
  wind_capex: 5000.0
  wind_opex: 100
  wind_lifetime: 20
  solar_capex: 1000.0
  solar_opex: 10
  solar_lifetime: 20
  carbon_price: 1.0
timeseries_values:
  load_level: 256395.95015124776
  wind_year: 2010
  solar_year: 2014
  price_year: 2023
  carbon_year: 2023
storage_values:
  CAES:
    cost: 39.5353
    lifetime: 22.591
    annual_cost: 1.7500464786862024
    efficiency: 0.583278
    discharge_ratio: 0.1
    depth_of_discharge: 0.4
  Li-ion:
    cost: 160.479
    lifetime: 17.1933
    annual_cost: 9.33381026330024
    efficiency: 0.924285
    discharge_ratio: 2
    depth_of_discharge: 0.9
  Pb-acid:
    cost: 95.6277
    lifetime: 16.7206
    annual_cost: 5.7191548150186
    efficiency: 0.682172
    discharge_ratio: 5
    depth_of_discharge: 0.5
  VRBF:
    cost: 237.362
    lifetime: 21.6353
    annual_cost: 10.971051938267554
    efficiency: 0.833256
    discharge_ratio: 0.5
    depth_of_discharge: 1.0
