cost_values:
  wind_capex: 5000.0
  wind_opex: 100
  wind_lifetime: 20
  solar_capex: 1000.0
  solar_opex: 10
  solar_lifetime: 20
  carbon_price: 1.0
timeseries_values:
  load_level: 256395.95015124776
  wind_year: 2010
  solar_year: 2014
  price_year: 2023
  carbon_year: 2023
storage_values:
  CAES:
    cost: 42.1486
    lifetime: 22.1326
    annual_cost: 1.9043673133748409
    efficiency: 0.585164
    discharge_ratio: 0.1
    depth_of_discharge: 0.4
  Li-ion:
    cost: 156.313
    lifetime: 17.4925
    annual_cost: 8.936001143347148
    efficiency: 0.921893
    discharge_ratio: 2
    depth_of_discharge: 0.9
  Pb-acid:
    cost: 94.9351
    lifetime: 15.1118
    annual_cost: 6.282183459283474
    efficiency: 0.68408
    discharge_ratio: 5
    depth_of_discharge: 0.5
  VRBF:
    cost: 280.809
    lifetime: 20.832
    annual_cost: 13.479694700460831
    efficiency: 0.840424
    discharge_ratio: 0.5
    depth_of_discharge: 1.0
