cost_values:
  wind_capex: 5000.0
  wind_opex: 100
  wind_lifetime: 20
  solar_capex: 1000.0
  solar_opex: 10
  solar_lifetime: 20
  carbon_price: 1.0
timeseries_values:
  load_level: 256395.95015124776
  wind_year: 2010
  solar_year: 2014
  price_year: 2023
  carbon_year: 2023
storage_values:
  CAES:
    cost: 36.5948
    lifetime: 22.7991
    annual_cost: 1.6050984468685168
    efficiency: 0.585489
    discharge_ratio: 0.1
    depth_of_discharge: 0.4
  Li-ion:
    cost: 158.045
    lifetime: 17.8515
    annual_cost: 8.853317648376885
    efficiency: 0.905942
    discharge_ratio: 2
    depth_of_discharge: 0.9
  Pb-acid:
    cost: 101.908
    lifetime: 14.5224
    annual_cost: 7.017297416405002
    efficiency: 0.671338
    discharge_ratio: 5
    depth_of_discharge: 0.5
  VRBF:
    cost: 220.49
    lifetime: 21.1858
    annual_cost: 10.407442721067886
    efficiency: 0.823368
    discharge_ratio: 0.5
    depth_of_discharge: 1.0
