cost_values:
  wind_capex: 5000.0
  wind_opex: 100
  wind_lifetime: 20
  solar_capex: 1000.0
  solar_opex: 10
  solar_lifetime: 20
  carbon_price: 1.0
timeseries_values:
  load_level: 256395.95015124776
  wind_year: 2010
  solar_year: 2014
  price_year: 2023
  carbon_year: 2023
storage_values:
  CAES:
    cost: 34.2011
    lifetime: 22.8774
    annual_cost: 1.4949732049970712
    efficiency: 0.585464
    discharge_ratio: 0.1
    depth_of_discharge: 0.4
  Li-ion:
    cost: 178.08
    lifetime: 15.3714
    annual_cost: 11.585151645263283
    efficiency: 0.930746
    discharge_ratio: 2
    depth_of_discharge: 0.9
  Pb-acid:
    cost: 93.5704
    lifetime: 16.0445
    annual_cost: 5.831929944840912
    efficiency: 0.68043
    discharge_ratio: 5
    depth_of_discharge: 0.5
  VRBF:
    cost: 228.797
    lifetime: 21.6754
    annual_cost: 10.555606816944554
    efficiency: 0.823931
    discharge_ratio: 0.5
    depth_of_discharge: 1.0
