cost_values:
  wind_capex: 5000.0
  wind_opex: 100
  wind_lifetime: 20
  solar_capex: 1000.0
  solar_opex: 10
  solar_lifetime: 20
  carbon_price: 1.0
timeseries_values:
  load_level: 256395.95015124776
  wind_year: 2010
  solar_year: 2014
  price_year: 2023
  carbon_year: 2023
storage_values:
  CAES:
    cost: 42.3345
    lifetime: 23.3934
    annual_cost: 1.8096770884095514
    efficiency: 0.588907
    discharge_ratio: 0.1
    depth_of_discharge: 0.4
  Li-ion:
    cost: 149.394
    lifetime: 16.858
    annual_cost: 8.861905326847788
    efficiency: 0.912899
    discharge_ratio: 2
    depth_of_discharge: 0.9
  Pb-acid:
    cost: 106.965
    lifetime: 17.8395
    annual_cost: 5.995964012444295
    efficiency: 0.688586
    discharge_ratio: 5
    depth_of_discharge: 0.5
  VRBF:
    cost: 230.333
    lifetime: 20.3626
    annual_cost: 11.311571213892135
    efficiency: 0.82215
    discharge_ratio: 0.5
    depth_of_discharge: 1.0
