cost_values:
  wind_capex: 5000.0
  wind_opex: 100
  wind_lifetime: 20
  solar_capex: 1000.0
  solar_opex: 10
  solar_lifetime: 20
  carbon_price: 1.0
timeseries_values:
  load_level: 256395.95015124776
  wind_year: 2010
  solar_year: 2014
  price_year: 2023
  carbon_year: 2023
storage_values:
  CAES:
    cost: 35.5534
    lifetime: 21.6288
    annual_cost: 1.6437990087291023
    efficiency: 0.587702
    discharge_ratio: 0.1
    depth_of_discharge: 0.4
  Li-ion:
    cost: 176.752
    lifetime: 18.3856
    annual_cost: 9.613610651814463
    efficiency: 0.907947
    discharge_ratio: 2
    depth_of_discharge: 0.9
  Pb-acid:
    cost: 94.913
    lifetime: 18.4665
    annual_cost: 5.1397395283350935
    efficiency: 0.684843
    discharge_ratio: 5
    depth_of_discharge: 0.5
  VRBF:
    cost: 235.206
    lifetime: 20.5888
    annual_cost: 11.423978085172521
    efficiency: 0.848599
    discharge_ratio: 0.5
    depth_of_discharge: 1.0
