cost_values:
  wind_capex: 5000.0
  wind_opex: 100
  wind_lifetime: 20
  solar_capex: 1000.0
  solar_opex: 10
  solar_lifetime: 20
  carbon_price: 1.0
timeseries_values:
  load_level: 256395.95015124776
  wind_year: 2010
  solar_year: 2014
  price_year: 2023
  carbon_year: 2023
storage_values:
  CAES:
    cost: 34.5062
    lifetime: 23.1753
    annual_cost: 1.4889213947608013
    efficiency: 0.596766
    discharge_ratio: 0.1
    depth_of_discharge: 0.4
  Li-ion:
    cost: 154.416
    lifetime: 19.7434
    annual_cost: 7.821145294123605
    efficiency: 0.929672
    discharge_ratio: 2
    depth_of_discharge: 0.9
  Pb-acid:
    cost: 96.5035
    lifetime: 16.3704
    annual_cost: 5.8949995113131015
    efficiency: 0.697076
    discharge_ratio: 5
    depth_of_discharge: 0.5
  VRBF:
    cost: 258.059
    lifetime: 21.0764
    annual_cost: 12.243979047655198
    efficiency: 0.848265
    discharge_ratio: 0.5
    depth_of_discharge: 1.0
