cost_values:
  wind_capex: 5000.0
  wind_opex: 100
  wind_lifetime: 20
  solar_capex: 1000.0
  solar_opex: 10
  solar_lifetime: 20
  carbon_price: 1.0
timeseries_values:
  load_level: 256395.95015124776
  wind_year: 2010
  solar_year: 2014
  price_year: 2023
  carbon_year: 2023
storage_values:
  CAES:
    cost: 29.3102
    lifetime: 22.9419
    annual_cost: 1.2775838095362633
    efficiency: 0.59062
    discharge_ratio: 0.1
    depth_of_discharge: 0.4
  Li-ion:
    cost: 141.76
    lifetime: 16.2676
    annual_cost: 8.714254100174578
    efficiency: 0.912118
    discharge_ratio: 2
    depth_of_discharge: 0.9
  Pb-acid:
    cost: 94.0792
    lifetime: 16.0106
    annual_cost: 5.876057112163192
    efficiency: 0.688637
    discharge_ratio: 5
    depth_of_discharge: 0.5
  VRBF:
    cost: 274.412
    lifetime: 22.9854
    annual_cost: 11.938534896064459
    efficiency: 0.825016
    discharge_ratio: 0.5
    depth_of_discharge: 1.0
