cost_values:
  wind_capex: 5000.0
  wind_opex: 100
  wind_lifetime: 20
  solar_capex: 1000.0
  solar_opex: 10
  solar_lifetime: 20
  carbon_price: 1.0
timeseries_values:
  load_level: 256395.95015124776
  wind_year: 2010
  solar_year: 2014
  price_year: 2023
  carbon_year: 2023
storage_values:
  CAES:
    cost: 43.838
    lifetime: 22.8865
    annual_cost: 1.9154523408996569
    efficiency: 0.579299
    discharge_ratio: 0.1
    depth_of_discharge: 0.4
  Li-ion:
    cost: 154.449
    lifetime: 17.7159
    annual_cost: 8.718100689211386
    efficiency: 0.916553
    discharge_ratio: 2
    depth_of_discharge: 0.9
  Pb-acid:
    cost: 95.1229
    lifetime: 15.6135
    annual_cost: 6.092349569282992
    efficiency: 0.675087
    discharge_ratio: 5
    depth_of_discharge: 0.5
  VRBF:
    cost: 225.192
    lifetime: 23.6077
    annual_cost: 9.538921623029774
    efficiency: 0.843389
    discharge_ratio: 0.5
    depth_of_discharge: 1.0
