cost_values:
  wind_capex: 5000.0
  wind_opex: 100
  wind_lifetime: 20
  solar_capex: 1000.0
  solar_opex: 10
  solar_lifetime: 20
  carbon_price: 1.0
timeseries_values:
  load_level: 256395.95015124776
  wind_year: 2010
  solar_year: 2014
  price_year: 2023
  carbon_year: 2023
storage_values:
  CAES:
    cost: 41.0285
    lifetime: 22.8004
    annual_cost: 1.7994640444904475
    efficiency: 0.58605
    discharge_ratio: 0.1
    depth_of_discharge: 0.4
  Li-ion:
    cost: 142.794
    lifetime: 16.9217
    annual_cost: 8.4385138609005
    efficiency: 0.908143
    discharge_ratio: 2
    depth_of_discharge: 0.9
  Pb-acid:
    cost: 91.8762
    lifetime: 16.2792
    annual_cost: 5.643778564057202
    efficiency: 0.688193
    discharge_ratio: 5
    depth_of_discharge: 0.5
  VRBF:
    cost: 233.696
    lifetime: 20.6042
    annual_cost: 11.342153541510955
    efficiency: 0.82164
    discharge_ratio: 0.5
    depth_of_discharge: 1.0
