cost_values:
  wind_capex: 5000.0
  wind_opex: 100
  wind_lifetime: 20
  solar_capex: 1000.0
  solar_opex: 10
  solar_lifetime: 20
  carbon_price: 1.0
timeseries_values:
  load_level: 256395.95015124776
  wind_year: 2010
  solar_year: 2014
  price_year: 2023
  carbon_year: 2023
storage_values:
  CAES:
    cost: 40.1885
    lifetime: 22.5353
    annual_cost: 1.7833576655291918
    efficiency: 0.586608
    discharge_ratio: 0.1
    depth_of_discharge: 0.4
  Li-ion:
    cost: 174.305
    lifetime: 15.8473
    annual_cost: 10.999034535851534
    efficiency: 0.913795
    discharge_ratio: 2
    depth_of_discharge: 0.9
  Pb-acid:
    cost: 71.8151
    lifetime: 17.1345
    annual_cost: 4.191257404651434
    efficiency: 0.672708
    discharge_ratio: 5
    depth_of_discharge: 0.5
  VRBF:
    cost: 244.715
    lifetime: 20.8901
    annual_cost: 11.714400601241737
    efficiency: 0.821529
    discharge_ratio: 0.5
    depth_of_discharge: 1.0
