cost_values:
  wind_capex: 5000.0
  wind_opex: 100
  wind_lifetime: 20
  solar_capex: 1000.0
  solar_opex: 10
  solar_lifetime: 20
  carbon_price: 1.0
timeseries_values:
  load_level: 256395.95015124776
  wind_year: 2010
  solar_year: 2014
  price_year: 2023
  carbon_year: 2023
storage_values:
  CAES:
    cost: 38.8968
    lifetime: 22.7286
    annual_cost: 1.7113592566194133
    efficiency: 0.593523
    discharge_ratio: 0.1
    depth_of_discharge: 0.4
  Li-ion:
    cost: 181.369
    lifetime: 18.7076
    annual_cost: 9.694936817122453
    efficiency: 0.921677
    discharge_ratio: 2
    depth_of_discharge: 0.9
  Pb-acid:
    cost: 82.8564
    lifetime: 15.9569
    annual_cost: 5.192512330089178
    efficiency: 0.667699
    discharge_ratio: 5
    depth_of_discharge: 0.5
  VRBF:
    cost: 287.759
    lifetime: 21.0951
    annual_cost: 13.641035121900348
    efficiency: 0.81321
    discharge_ratio: 0.5
    depth_of_discharge: 1.0
