cost_values:
  wind_capex: 5000.0
  wind_opex: 100
  wind_lifetime: 20
  solar_capex: 1000.0
  solar_opex: 10
  solar_lifetime: 20
  carbon_price: 1.0
timeseries_values:
  load_level: 256395.95015124776
  wind_year: 2010
  solar_year: 2014
  price_year: 2023
  carbon_year: 2023
storage_values:
  CAES:
    cost: 42.7378
    lifetime: 22.828
    annual_cost: 1.8721657613457159
    efficiency: 0.583761
    discharge_ratio: 0.1
    depth_of_discharge: 0.4
  Li-ion:
    cost: 157.899
    lifetime: 17.6261
    annual_cost: 8.958249414220957
    efficiency: 0.912392
    discharge_ratio: 2
    depth_of_discharge: 0.9
  Pb-acid:
    cost: 94.5695
    lifetime: 16.0021
    annual_cost: 5.909818086376164
    efficiency: 0.672705
    discharge_ratio: 5
    depth_of_discharge: 0.5
  VRBF:
    cost: 213.173
    lifetime: 20.4418
    annual_cost: 10.428289093915408
    efficiency: 0.829302
    discharge_ratio: 0.5
    depth_of_discharge: 1.0
