cost_values:
  wind_capex: 5000.0
  wind_opex: 100
  wind_lifetime: 20
  solar_capex: 1000.0
  solar_opex: 10
  solar_lifetime: 20
  carbon_price: 1.0
timeseries_values:
  load_level: 256395.95015124776
  wind_year: 2010
  solar_year: 2014
  price_year: 2023
  carbon_year: 2023
storage_values:
  CAES:
    cost: 31.4247
    lifetime: 21.8367
    annual_cost: 1.43907733311352
    efficiency: 0.59193
    discharge_ratio: 0.1
    depth_of_discharge: 0.4
  Li-ion:
    cost: 155.544
    lifetime: 17.2035
    annual_cost: 9.04141599093208
    efficiency: 0.910452
    discharge_ratio: 2
    depth_of_discharge: 0.9
  Pb-acid:
    cost: 90.332
    lifetime: 16.0569
    annual_cost: 5.625743449856448
    efficiency: 0.676695
    discharge_ratio: 5
    depth_of_discharge: 0.5
  VRBF:
    cost: 228.241
    lifetime: 20.9227
    annual_cost: 10.908773724232534
    efficiency: 0.810728
    discharge_ratio: 0.5
    depth_of_discharge: 1.0
