cost_values:
  wind_capex: 5000.0
  wind_opex: 100
  wind_lifetime: 20
  solar_capex: 1000.0
  solar_opex: 10
  solar_lifetime: 20
  carbon_price: 1.0
timeseries_values:
  load_level: 256395.95015124776
  wind_year: 2010
  solar_year: 2014
  price_year: 2023
  carbon_year: 2023
storage_values:
  CAES:
    cost: 38.9107
    lifetime: 21.9152
    annual_cost: 1.7755119734248377
    efficiency: 0.582897
    discharge_ratio: 0.1
    depth_of_discharge: 0.4
  Li-ion:
    cost: 155.033
    lifetime: 16.3073
    annual_cost: 9.506969271430584
    efficiency: 0.923114
    discharge_ratio: 2
    depth_of_discharge: 0.9
  Pb-acid:
    cost: 91.4483
    lifetime: 16.5404
    annual_cost: 5.528784068099925
    efficiency: 0.676006
    discharge_ratio: 5
    depth_of_discharge: 0.5
  VRBF:
    cost: 195.006
    lifetime: 19.8599
    annual_cost: 9.819082674132297
    efficiency: 0.847668
    discharge_ratio: 0.5
    depth_of_discharge: 1.0
