cost_values:
  wind_capex: 5000.0
  wind_opex: 100
  wind_lifetime: 20
  solar_capex: 1000.0
  solar_opex: 10
  solar_lifetime: 20
  carbon_price: 1.0
timeseries_values:
  load_level: 256395.95015124776
  wind_year: 2010
  solar_year: 2014
  price_year: 2023
  carbon_year: 2023
storage_values:
  CAES:
    cost: 37.2649
    lifetime: 21.7447
    annual_cost: 1.713746338188156
    efficiency: 0.590702
    discharge_ratio: 0.1
    depth_of_discharge: 0.4
  Li-ion:
    cost: 162.199
    lifetime: 15.6622
    annual_cost: 10.356080244154716
    efficiency: 0.921127
    discharge_ratio: 2
    depth_of_discharge: 0.9
  Pb-acid:
    cost: 94.1729
    lifetime: 16.6769
    annual_cost: 5.646906799225276
    efficiency: 0.674039
    discharge_ratio: 5
    depth_of_discharge: 0.5
  VRBF:
    cost: 254.607
    lifetime: 20.6227
    annual_cost: 12.345958579623426
    efficiency: 0.813556
    discharge_ratio: 0.5
    depth_of_discharge: 1.0
