cost_values:
  wind_capex: 5000.0
  wind_opex: 100
  wind_lifetime: 20
  solar_capex: 1000.0
  solar_opex: 10
  solar_lifetime: 20
  carbon_price: 1.0
timeseries_values:
  load_level: 256395.95015124776
  wind_year: 2010
  solar_year: 2014
  price_year: 2023
  carbon_year: 2023
storage_values:
  CAES:
    cost: 39.0322
    lifetime: 22.9896
    annual_cost: 1.6978198837735325
    efficiency: 0.579336
    discharge_ratio: 0.1
    depth_of_discharge: 0.4
  Li-ion:
    cost: 166.381
    lifetime: 15.9059
    annual_cost: 10.460332329512948
    efficiency: 0.917783
    discharge_ratio: 2
    depth_of_discharge: 0.9
  Pb-acid:
    cost: 100.61
    lifetime: 17.573
    annual_cost: 5.72526034257099
    efficiency: 0.678287
    discharge_ratio: 5
    depth_of_discharge: 0.5
  VRBF:
    cost: 287.583
    lifetime: 22.2578
    annual_cost: 12.920549200729633
    efficiency: 0.833683
    discharge_ratio: 0.5
    depth_of_discharge: 1.0
