cost_values:
  wind_capex: 5000.0
  wind_opex: 100
  wind_lifetime: 20
  solar_capex: 1000.0
  solar_opex: 10
  solar_lifetime: 20
  carbon_price: 1.0
timeseries_values:
  load_level: 256395.95015124776
  wind_year: 2010
  solar_year: 2014
  price_year: 2023
  carbon_year: 2023
storage_values:
  CAES:
    cost: 38.1155
    lifetime: 22.6546
    annual_cost: 1.6824618399795186
    efficiency: 0.583125
    discharge_ratio: 0.1
    depth_of_discharge: 0.4
  Li-ion:
    cost: 182.623
    lifetime: 17.5153
    annual_cost: 10.426484273749235
    efficiency: 0.917611
    discharge_ratio: 2
    depth_of_discharge: 0.9
  Pb-acid:
    cost: 98.783
    lifetime: 16.8327
    annual_cost: 5.868517825423135
    efficiency: 0.670183
    discharge_ratio: 5
    depth_of_discharge: 0.5
  VRBF:
    cost: 272.025
    lifetime: 20.9147
    annual_cost: 13.006402195584922
    efficiency: 0.845482
    discharge_ratio: 0.5
    depth_of_discharge: 1.0
