cost_values:
  wind_capex: 5000.0
  wind_opex: 100
  wind_lifetime: 20
  solar_capex: 1000.0
  solar_opex: 10
  solar_lifetime: 20
  carbon_price: 1.0
timeseries_values:
  load_level: 256395.95015124776
  wind_year: 2010
  solar_year: 2014
  price_year: 2023
  carbon_year: 2023
storage_values:
  CAES:
    cost: 40.331
    lifetime: 21.9827
    annual_cost: 1.8346699904925237
    efficiency: 0.58671
    discharge_ratio: 0.1
    depth_of_discharge: 0.4
  Li-ion:
    cost: 147.563
    lifetime: 17.4547
    annual_cost: 8.454055354718212
    efficiency: 0.908253
    discharge_ratio: 2
    depth_of_discharge: 0.9
  Pb-acid:
    cost: 91.2806
    lifetime: 15.8048
    annual_cost: 5.775498582709051
    efficiency: 0.688975
    discharge_ratio: 5
    depth_of_discharge: 0.5
  VRBF:
    cost: 226.405
    lifetime: 22.3509
    annual_cost: 10.12956972649871
    efficiency: 0.838683
    discharge_ratio: 0.5
    depth_of_discharge: 1.0
