cost_values:
  wind_capex: 5000.0
  wind_opex: 100
  wind_lifetime: 20
  solar_capex: 1000.0
  solar_opex: 10
  solar_lifetime: 20
  carbon_price: 1.0
timeseries_values:
  load_level: 256395.95015124776
  wind_year: 2010
  solar_year: 2014
  price_year: 2023
  carbon_year: 2023
storage_values:
  CAES:
    cost: 41.3014
    lifetime: 22.159
    annual_cost: 1.8638656979105557
    efficiency: 0.586561
    discharge_ratio: 0.1
    depth_of_discharge: 0.4
  Li-ion:
    cost: 152.724
    lifetime: 17.402
    annual_cost: 8.77623261694058
    efficiency: 0.913479
    discharge_ratio: 2
    depth_of_discharge: 0.9
  Pb-acid:
    cost: 97.4531
    lifetime: 17.1454
    annual_cost: 5.683921051710664
    efficiency: 0.688821
    discharge_ratio: 5
    depth_of_discharge: 0.5
  VRBF:
    cost: 234.302
    lifetime: 21.046
    annual_cost: 11.132851848332225
    efficiency: 0.840114
    discharge_ratio: 0.5
    depth_of_discharge: 1.0
