cost_values:
  wind_capex: 5000.0
  wind_opex: 100
  wind_lifetime: 20
  solar_capex: 1000.0
  solar_opex: 10
  solar_lifetime: 20
  carbon_price: 1.0
timeseries_values:
  load_level: 256395.95015124776
  wind_year: 2010
  solar_year: 2014
  price_year: 2023
  carbon_year: 2023
storage_values:
  CAES:
    cost: 38.3732
    lifetime: 22.3042
    annual_cost: 1.7204472700208926
    efficiency: 0.596066
    discharge_ratio: 0.1
    depth_of_discharge: 0.4
  Li-ion:
    cost: 157.267
    lifetime: 16.6093
    annual_cost: 9.468610958920603
    efficiency: 0.906598
    discharge_ratio: 2
    depth_of_discharge: 0.9
  Pb-acid:
    cost: 109.543
    lifetime: 16.3029
    annual_cost: 6.71923400131265
    efficiency: 0.67423
    discharge_ratio: 5
    depth_of_discharge: 0.5
  VRBF:
    cost: 264.703
    lifetime: 22.98
    annual_cost: 11.518842471714533
    efficiency: 0.847049
    discharge_ratio: 0.5
    depth_of_discharge: 1.0
