cost_values:
  wind_capex: 5000.0
  wind_opex: 100
  wind_lifetime: 20
  solar_capex: 1000.0
  solar_opex: 10
  solar_lifetime: 20
  carbon_price: 1.0
timeseries_values:
  load_level: 256395.95015124776
  wind_year: 2010
  solar_year: 2014
  price_year: 2023
  carbon_year: 2023
storage_values:
  CAES:
    cost: 40.9562
    lifetime: 22.2979
    annual_cost: 1.836773866597303
    efficiency: 0.595514
    discharge_ratio: 0.1
    depth_of_discharge: 0.4
  Li-ion:
    cost: 159.231
    lifetime: 16.7267
    annual_cost: 9.519570507033665
    efficiency: 0.904788
    discharge_ratio: 2
    depth_of_discharge: 0.9
  Pb-acid:
    cost: 123.144
    lifetime: 16.5413
    annual_cost: 7.444638571333572
    efficiency: 0.673959
    discharge_ratio: 5
    depth_of_discharge: 0.5
  VRBF:
    cost: 278.598
    lifetime: 21.7847
    annual_cost: 12.788700326375851
    efficiency: 0.831859
    discharge_ratio: 0.5
    depth_of_discharge: 1.0
