cost_values:
  wind_capex: 5000.0
  wind_opex: 100
  wind_lifetime: 20
  solar_capex: 1000.0
  solar_opex: 10
  solar_lifetime: 20
  carbon_price: 1.0
timeseries_values:
  load_level: 256395.95015124776
  wind_year: 2010
  solar_year: 2014
  price_year: 2023
  carbon_year: 2023
storage_values:
  CAES:
    cost: 37.9159
    lifetime: 21.9098
    annual_cost: 1.730545235465408
    efficiency: 0.58549
    discharge_ratio: 0.1
    depth_of_discharge: 0.4
  Li-ion:
    cost: 158.867
    lifetime: 17.5985
    annual_cost: 9.027303463363353
    efficiency: 0.894209
    discharge_ratio: 2
    depth_of_discharge: 0.9
  Pb-acid:
    cost: 94.4379
    lifetime: 15.9244
    annual_cost: 5.930389842003466
    efficiency: 0.691554
    discharge_ratio: 5
    depth_of_discharge: 0.5
  VRBF:
    cost: 283.109
    lifetime: 22.089
    annual_cost: 12.816741364480057
    efficiency: 0.848738
    discharge_ratio: 0.5
    depth_of_discharge: 1.0
