cost_values:
  wind_capex: 5000.0
  wind_opex: 100
  wind_lifetime: 20
  solar_capex: 1000.0
  solar_opex: 10
  solar_lifetime: 20
  carbon_price: 1.0
timeseries_values:
  load_level: 256395.95015124776
  wind_year: 2010
  solar_year: 2014
  price_year: 2023
  carbon_year: 2023
storage_values:
  CAES:
    cost: 31.1813
    lifetime: 22.3269
    annual_cost: 1.3965799103323795
    efficiency: 0.590555
    discharge_ratio: 0.1
    depth_of_discharge: 0.4
  Li-ion:
    cost: 154.547
    lifetime: 18.6061
    annual_cost: 8.306254400438565
    efficiency: 0.91916
    discharge_ratio: 2
    depth_of_discharge: 0.9
  Pb-acid:
    cost: 99.4277
    lifetime: 15.8331
    annual_cost: 6.279736754015323
    efficiency: 0.671768
    discharge_ratio: 5
    depth_of_discharge: 0.5
  VRBF:
    cost: 241.609
    lifetime: 21.2547
    annual_cost: 11.36732111015446
    efficiency: 0.842927
    discharge_ratio: 0.5
    depth_of_discharge: 1.0
