cost_values:
  wind_capex: 5000.0
  wind_opex: 100
  wind_lifetime: 20
  solar_capex: 1000.0
  solar_opex: 10
  solar_lifetime: 20
  carbon_price: 1.0
timeseries_values:
  load_level: 256395.95015124776
  wind_year: 2010
  solar_year: 2014
  price_year: 2023
  carbon_year: 2023
storage_values:
  CAES:
    cost: 33.7271
    lifetime: 23.4634
    annual_cost: 1.437434472412353
    efficiency: 0.593448
    discharge_ratio: 0.1
    depth_of_discharge: 0.4
  Li-ion:
    cost: 121.582
    lifetime: 18.6331
    annual_cost: 6.525054875463557
    efficiency: 0.916971
    discharge_ratio: 2
    depth_of_discharge: 0.9
  Pb-acid:
    cost: 102.438
    lifetime: 16.542
    annual_cost: 6.192600652883568
    efficiency: 0.689687
    discharge_ratio: 5
    depth_of_discharge: 0.5
  VRBF:
    cost: 249.213
    lifetime: 22.3654
    annual_cost: 11.142791991200694
    efficiency: 0.839511
    discharge_ratio: 0.5
    depth_of_discharge: 1.0
