cost_values:
  wind_capex: 5000.0
  wind_opex: 100
  wind_lifetime: 20
  solar_capex: 1000.0
  solar_opex: 10
  solar_lifetime: 20
  carbon_price: 1.0
timeseries_values:
  load_level: 256395.95015124776
  wind_year: 2010
  solar_year: 2014
  price_year: 2023
  carbon_year: 2023
storage_values:
  CAES:
    cost: 35.4426
    lifetime: 22.7608
    annual_cost: 1.5571772521176759
    efficiency: 0.58233
    discharge_ratio: 0.1
    depth_of_discharge: 0.4
  Li-ion:
    cost: 158.218
    lifetime: 19.9324
    annual_cost: 7.937729525797193
    efficiency: 0.921687
    discharge_ratio: 2
    depth_of_discharge: 0.9
  Pb-acid:
    cost: 104.137
    lifetime: 17.1512
    annual_cost: 6.0717034376603385
    efficiency: 0.678783
    discharge_ratio: 5
    depth_of_discharge: 0.5
  VRBF:
    cost: 272.915
    lifetime: 21.3411
    annual_cost: 12.788234908228723
    efficiency: 0.848877
    discharge_ratio: 0.5
    depth_of_discharge: 1.0
