cost_values:
  wind_capex: 5000.0
  wind_opex: 100
  wind_lifetime: 20
  solar_capex: 1000.0
  solar_opex: 10
  solar_lifetime: 20
  carbon_price: 1.0
timeseries_values:
  load_level: 256395.95015124776
  wind_year: 2010
  solar_year: 2014
  price_year: 2023
  carbon_year: 2023
storage_values:
  CAES:
    cost: 39.5092
    lifetime: 24.4999
    annual_cost: 1.612626990314246
    efficiency: 0.583708
    discharge_ratio: 0.1
    depth_of_discharge: 0.4
  Li-ion:
    cost: 169.944
    lifetime: 18.6485
    annual_cost: 9.113011770383677
    efficiency: 0.91944
    discharge_ratio: 2
    depth_of_discharge: 0.9
  Pb-acid:
    cost: 86.7908
    lifetime: 15.2881
    annual_cost: 5.677016764673177
    efficiency: 0.682332
    discharge_ratio: 5
    depth_of_discharge: 0.5
  VRBF:
    cost: 272.839
    lifetime: 20.2822
    annual_cost: 13.452140300361894
    efficiency: 0.831681
    discharge_ratio: 0.5
    depth_of_discharge: 1.0
