cost_values:
  wind_capex: 5000.0
  wind_opex: 100
  wind_lifetime: 20
  solar_capex: 1000.0
  solar_opex: 10
  solar_lifetime: 20
  carbon_price: 1.0
timeseries_values:
  load_level: 256395.95015124776
  wind_year: 2010
  solar_year: 2014
  price_year: 2023
  carbon_year: 2023
storage_values:
  CAES:
    cost: 41.4138
    lifetime: 22.7665
    annual_cost: 1.8190674895131005
    efficiency: 0.58644
    discharge_ratio: 0.1
    depth_of_discharge: 0.4
  Li-ion:
    cost: 163.185
    lifetime: 18.1174
    annual_cost: 9.007087109629417
    efficiency: 0.919817
    discharge_ratio: 2
    depth_of_discharge: 0.9
  Pb-acid:
    cost: 83.0685
    lifetime: 17.0048
    annual_cost: 4.885003057960105
    efficiency: 0.686004
    discharge_ratio: 5
    depth_of_discharge: 0.5
  VRBF:
    cost: 253.553
    lifetime: 22.6399
    annual_cost: 11.199386923087115
    efficiency: 0.821237
    discharge_ratio: 0.5
    depth_of_discharge: 1.0
