cost_values:
  wind_capex: 5000.0
  wind_opex: 100
  wind_lifetime: 20
  solar_capex: 1000.0
  solar_opex: 10
  solar_lifetime: 20
  carbon_price: 1.0
timeseries_values:
  load_level: 256395.95015124776
  wind_year: 2010
  solar_year: 2014
  price_year: 2023
  carbon_year: 2023
storage_values:
  CAES:
    cost: 36.9255
    lifetime: 22.9236
    annual_cost: 1.6108072030571114
    efficiency: 0.581391
    discharge_ratio: 0.1
    depth_of_discharge: 0.4
  Li-ion:
    cost: 131.796
    lifetime: 18.0281
    annual_cost: 7.3105873608422405
    efficiency: 0.920552
    discharge_ratio: 2
    depth_of_discharge: 0.9
  Pb-acid:
    cost: 126.427
    lifetime: 15.2597
    annual_cost: 8.285025262619842
    efficiency: 0.672626
    discharge_ratio: 5
    depth_of_discharge: 0.5
  VRBF:
    cost: 252.774
    lifetime: 21.2974
    annual_cost: 11.868772714040212
    efficiency: 0.845428
    discharge_ratio: 0.5
    depth_of_discharge: 1.0
