cost_values:
  wind_capex: 5000.0
  wind_opex: 100
  wind_lifetime: 20
  solar_capex: 1000.0
  solar_opex: 10
  solar_lifetime: 20
  carbon_price: 1.0
timeseries_values:
  load_level: 256395.95015124776
  wind_year: 2010
  solar_year: 2014
  price_year: 2023
  carbon_year: 2023
storage_values:
  CAES:
    cost: 34.2238
    lifetime: 23.1079
    annual_cost: 1.4810432795710555
    efficiency: 0.581211
    discharge_ratio: 0.1
    depth_of_discharge: 0.4
  Li-ion:
    cost: 167.305
    lifetime: 16.5759
    annual_cost: 10.093267937185914
    efficiency: 0.915285
    discharge_ratio: 2
    depth_of_discharge: 0.9
  Pb-acid:
    cost: 85.6971
    lifetime: 15.9088
    annual_cost: 5.386773358141407
    efficiency: 0.680252
    discharge_ratio: 5
    depth_of_discharge: 0.5
  VRBF:
    cost: 233.431
    lifetime: 21.2889
    annual_cost: 10.964915989083513
    efficiency: 0.847475
    discharge_ratio: 0.5
    depth_of_discharge: 1.0
