cost_values:
  wind_capex: 5000.0
  wind_opex: 100
  wind_lifetime: 20
  solar_capex: 1000.0
  solar_opex: 10
  solar_lifetime: 20
  carbon_price: 1.0
timeseries_values:
  load_level: 256395.95015124776
  wind_year: 2010
  solar_year: 2014
  price_year: 2023
  carbon_year: 2023
storage_values:
  CAES:
    cost: 37.6976
    lifetime: 22.4013
    annual_cost: 1.682830907134854
    efficiency: 0.591862
    discharge_ratio: 0.1
    depth_of_discharge: 0.4
  Li-ion:
    cost: 164.388
    lifetime: 17.2884
    annual_cost: 9.508572221836609
    efficiency: 0.914433
    discharge_ratio: 2
    depth_of_discharge: 0.9
  Pb-acid:
    cost: 118.147
    lifetime: 16.1228
    annual_cost: 7.327945518148212
    efficiency: 0.686762
    discharge_ratio: 5
    depth_of_discharge: 0.5
  VRBF:
    cost: 261.993
    lifetime: 20.9946
    annual_cost: 12.479066045554571
    efficiency: 0.837841
    discharge_ratio: 0.5
    depth_of_discharge: 1.0
