cost_values:
  wind_capex: 5000.0
  wind_opex: 100
  wind_lifetime: 20
  solar_capex: 1000.0
  solar_opex: 10
  solar_lifetime: 20
  carbon_price: 1.0
timeseries_values:
  load_level: 256395.95015124776
  wind_year: 2010
  solar_year: 2014
  price_year: 2023
  carbon_year: 2023
storage_values:
  CAES:
    cost: 37.329
    lifetime: 23.7218
    annual_cost: 1.5736158301646586
    efficiency: 0.582294
    discharge_ratio: 0.1
    depth_of_discharge: 0.4
  Li-ion:
    cost: 181.708
    lifetime: 16.9858
    annual_cost: 10.697641559420221
    efficiency: 0.913574
    discharge_ratio: 2
    depth_of_discharge: 0.9
  Pb-acid:
    cost: 98.4052
    lifetime: 17.4221
    annual_cost: 5.648297277595697
    efficiency: 0.664562
    discharge_ratio: 5
    depth_of_discharge: 0.5
  VRBF:
    cost: 214.94
    lifetime: 19.2609
    annual_cost: 11.159395459194535
    efficiency: 0.837302
    discharge_ratio: 0.5
    depth_of_discharge: 1.0
