cost_values:
  wind_capex: 5000.0
  wind_opex: 100
  wind_lifetime: 20
  solar_capex: 1000.0
  solar_opex: 10
  solar_lifetime: 20
  carbon_price: 1.0
timeseries_values:
  load_level: 256395.95015124776
  wind_year: 2010
  solar_year: 2014
  price_year: 2023
  carbon_year: 2023
storage_values:
  CAES:
    cost: 40.3551
    lifetime: 22.7393
    annual_cost: 1.7746852365728056
    efficiency: 0.586166
    discharge_ratio: 0.1
    depth_of_discharge: 0.4
  Li-ion:
    cost: 161.323
    lifetime: 16.1035
    annual_cost: 10.017884310864098
    efficiency: 0.92702
    discharge_ratio: 2
    depth_of_discharge: 0.9
  Pb-acid:
    cost: 99.0983
    lifetime: 14.2509
    annual_cost: 6.95382747756282
    efficiency: 0.680057
    discharge_ratio: 5
    depth_of_discharge: 0.5
  VRBF:
    cost: 231.505
    lifetime: 21.3462
    annual_cost: 10.845255830077484
    efficiency: 0.834466
    discharge_ratio: 0.5
    depth_of_discharge: 1.0
