cost_values:
  wind_capex: 5000.0
  wind_opex: 100
  wind_lifetime: 20
  solar_capex: 1000.0
  solar_opex: 10
  solar_lifetime: 20
  carbon_price: 1.0
timeseries_values:
  load_level: 256395.95015124776
  wind_year: 2010
  solar_year: 2014
  price_year: 2023
  carbon_year: 2023
storage_values:
  CAES:
    cost: 31.2003
    lifetime: 22.6031
    annual_cost: 1.380354907070269
    efficiency: 0.584388
    discharge_ratio: 0.1
    depth_of_discharge: 0.4
  Li-ion:
    cost: 159.584
    lifetime: 18.1226
    annual_cost: 8.805800492203106
    efficiency: 0.911729
    discharge_ratio: 2
    depth_of_discharge: 0.9
  Pb-acid:
    cost: 104.268
    lifetime: 17.7571
    annual_cost: 5.871904759223071
    efficiency: 0.684577
    discharge_ratio: 5
    depth_of_discharge: 0.5
  VRBF:
    cost: 215.753
    lifetime: 20.4219
    annual_cost: 10.56478584264931
    efficiency: 0.842384
    discharge_ratio: 0.5
    depth_of_discharge: 1.0
