cost_values:
  wind_capex: 5000.0
  wind_opex: 100
  wind_lifetime: 20
  solar_capex: 1000.0
  solar_opex: 10
  solar_lifetime: 20
  carbon_price: 1.0
timeseries_values:
  load_level: 256395.95015124776
  wind_year: 2010
  solar_year: 2014
  price_year: 2023
  carbon_year: 2023
storage_values:
  CAES:
    cost: 31.3353
    lifetime: 23.3664
    annual_cost: 1.3410409819227609
    efficiency: 0.594844
    discharge_ratio: 0.1
    depth_of_discharge: 0.4
  Li-ion:
    cost: 136.335
    lifetime: 17.4902
    annual_cost: 7.794936593063544
    efficiency: 0.923876
    discharge_ratio: 2
    depth_of_discharge: 0.9
  Pb-acid:
    cost: 94.7704
    lifetime: 15.7917
    annual_cost: 6.001279152972764
    efficiency: 0.68371
    discharge_ratio: 5
    depth_of_discharge: 0.5
  VRBF:
    cost: 207.266
    lifetime: 21.0086
    annual_cost: 9.865769256399759
    efficiency: 0.823529
    discharge_ratio: 0.5
    depth_of_discharge: 1.0
