cost_values:
  wind_capex: 5000.0
  wind_opex: 100
  wind_lifetime: 20
  solar_capex: 1000.0
  solar_opex: 10
  solar_lifetime: 20
  carbon_price: 1.0
timeseries_values:
  load_level: 256395.95015124776
  wind_year: 2010
  solar_year: 2014
  price_year: 2023
  carbon_year: 2023
storage_values:
  CAES:
    cost: 33.4596
    lifetime: 22.8526
    annual_cost: 1.4641484995142786
    efficiency: 0.581201
    discharge_ratio: 0.1
    depth_of_discharge: 0.4
  Li-ion:
    cost: 157.88
    lifetime: 19.197
    annual_cost: 8.224201698182007
    efficiency: 0.912577
    discharge_ratio: 2
    depth_of_discharge: 0.9
  Pb-acid:
    cost: 80.3657
    lifetime: 15.3155
    annual_cost: 5.247344193790605
    efficiency: 0.684467
    discharge_ratio: 5
    depth_of_discharge: 0.5
  VRBF:
    cost: 273.447
    lifetime: 19.1238
    annual_cost: 14.298779531264708
    efficiency: 0.837886
    discharge_ratio: 0.5
    depth_of_discharge: 1.0
