cost_values:
  wind_capex: 5000.0
  wind_opex: 100
  wind_lifetime: 20
  solar_capex: 1000.0
  solar_opex: 10
  solar_lifetime: 20
  carbon_price: 1.0
timeseries_values:
  load_level: 256395.95015124776
  wind_year: 2010
  solar_year: 2014
  price_year: 2023
  carbon_year: 2023
storage_values:
  CAES:
    cost: 29.8804
    lifetime: 23.8043
    annual_cost: 1.2552522023331918
    efficiency: 0.59773
    discharge_ratio: 0.1
    depth_of_discharge: 0.4
  Li-ion:
    cost: 164.6
    lifetime: 17.8319
    annual_cost: 9.230648444641345
    efficiency: 0.921194
    discharge_ratio: 2
    depth_of_discharge: 0.9
  Pb-acid:
    cost: 83.1528
    lifetime: 16.6281
    annual_cost: 5.000739711692857
    efficiency: 0.66504
    discharge_ratio: 5
    depth_of_discharge: 0.5
  VRBF:
    cost: 232.193
    lifetime: 19.45
    annual_cost: 11.937943444730077
    efficiency: 0.825982
    discharge_ratio: 0.5
    depth_of_discharge: 1.0
