cost_values:
  wind_capex: 5000.0
  wind_opex: 100
  wind_lifetime: 20
  solar_capex: 1000.0
  solar_opex: 10
  solar_lifetime: 20
  carbon_price: 1.0
timeseries_values:
  load_level: 256395.95015124776
  wind_year: 2010
  solar_year: 2014
  price_year: 2023
  carbon_year: 2023
storage_values:
  CAES:
    cost: 37.1607
    lifetime: 23.6665
    annual_cost: 1.5701814801512686
    efficiency: 0.582244
    discharge_ratio: 0.1
    depth_of_discharge: 0.4
  Li-ion:
    cost: 155.902
    lifetime: 18.5804
    annual_cost: 8.390669738003487
    efficiency: 0.914647
    discharge_ratio: 2
    depth_of_discharge: 0.9
  Pb-acid:
    cost: 69.8465
    lifetime: 15.6522
    annual_cost: 4.462407840431378
    efficiency: 0.677327
    discharge_ratio: 5
    depth_of_discharge: 0.5
  VRBF:
    cost: 219.091
    lifetime: 22.2794
    annual_cost: 9.833792651507672
    efficiency: 0.819762
    discharge_ratio: 0.5
    depth_of_discharge: 1.0
