cost_values:
  wind_capex: 5000.0
  wind_opex: 100
  wind_lifetime: 20
  solar_capex: 1000.0
  solar_opex: 10
  solar_lifetime: 20
  carbon_price: 1.0
timeseries_values:
  load_level: 256395.95015124776
  wind_year: 2010
  solar_year: 2014
  price_year: 2023
  carbon_year: 2023
storage_values:
  CAES:
    cost: 37.634
    lifetime: 22.4529
    annual_cost: 1.6761309229542731
    efficiency: 0.582641
    discharge_ratio: 0.1
    depth_of_discharge: 0.4
  Li-ion:
    cost: 149.752
    lifetime: 15.9001
    annual_cost: 9.418305545248144
    efficiency: 0.90357
    discharge_ratio: 2
    depth_of_discharge: 0.9
  Pb-acid:
    cost: 99.5296
    lifetime: 17.6191
    annual_cost: 5.648960503090397
    efficiency: 0.677617
    discharge_ratio: 5
    depth_of_discharge: 0.5
  VRBF:
    cost: 219.503
    lifetime: 21.1097
    annual_cost: 10.398205564266663
    efficiency: 0.846319
    discharge_ratio: 0.5
    depth_of_discharge: 1.0
