cost_values:
  wind_capex: 5000.0
  wind_opex: 100
  wind_lifetime: 20
  solar_capex: 1000.0
  solar_opex: 10
  solar_lifetime: 20
  carbon_price: 1.0
timeseries_values:
  load_level: 256395.95015124776
  wind_year: 2010
  solar_year: 2014
  price_year: 2023
  carbon_year: 2023
storage_values:
  CAES:
    cost: 41.2284
    lifetime: 21.9706
    annual_cost: 1.8765259027973746
    efficiency: 0.592839
    discharge_ratio: 0.1
    depth_of_discharge: 0.4
  Li-ion:
    cost: 152.583
    lifetime: 17.5337
    annual_cost: 8.70227048483777
    efficiency: 0.909394
    discharge_ratio: 2
    depth_of_discharge: 0.9
  Pb-acid:
    cost: 94.0707
    lifetime: 17.1456
    annual_cost: 5.4865796472564385
    efficiency: 0.684895
    discharge_ratio: 5
    depth_of_discharge: 0.5
  VRBF:
    cost: 249.249
    lifetime: 20.8393
    annual_cost: 11.960526505208907
    efficiency: 0.834845
    discharge_ratio: 0.5
    depth_of_discharge: 1.0
