cost_values:
  wind_capex: 5000.0
  wind_opex: 100
  wind_lifetime: 20
  solar_capex: 1000.0
  solar_opex: 10
  solar_lifetime: 20
  carbon_price: 1.0
timeseries_values:
  load_level: 256395.95015124776
  wind_year: 2010
  solar_year: 2014
  price_year: 2023
  carbon_year: 2023
storage_values:
  CAES:
    cost: 32.4203
    lifetime: 22.2409
    annual_cost: 1.457688312972946
    efficiency: 0.583628
    discharge_ratio: 0.1
    depth_of_discharge: 0.4
  Li-ion:
    cost: 155.486
    lifetime: 17.0838
    annual_cost: 9.101370889380583
    efficiency: 0.900265
    discharge_ratio: 2
    depth_of_discharge: 0.9
  Pb-acid:
    cost: 82.3048
    lifetime: 15.8596
    annual_cost: 5.189588640318798
    efficiency: 0.672876
    discharge_ratio: 5
    depth_of_discharge: 0.5
  VRBF:
    cost: 220.502
    lifetime: 19.7184
    annual_cost: 11.18255030834145
    efficiency: 0.842233
    discharge_ratio: 0.5
    depth_of_discharge: 1.0
