cost_values:
  wind_capex: 5000.0
  wind_opex: 100
  wind_lifetime: 20
  solar_capex: 1000.0
  solar_opex: 10
  solar_lifetime: 20
  carbon_price: 1.0
timeseries_values:
  load_level: 256395.95015124776
  wind_year: 2010
  solar_year: 2014
  price_year: 2023
  carbon_year: 2023
storage_values:
  CAES:
    cost: 40.0527
    lifetime: 23.288
    annual_cost: 1.719885778083133
    efficiency: 0.586775
    discharge_ratio: 0.1
    depth_of_discharge: 0.4
  Li-ion:
    cost: 132.476
    lifetime: 16.7769
    annual_cost: 7.8963336492439
    efficiency: 0.913328
    discharge_ratio: 2
    depth_of_discharge: 0.9
  Pb-acid:
    cost: 82.3561
    lifetime: 17.5363
    annual_cost: 4.696321344867503
    efficiency: 0.673807
    discharge_ratio: 5
    depth_of_discharge: 0.5
  VRBF:
    cost: 267.369
    lifetime: 19.109
    annual_cost: 13.9917839761369
    efficiency: 0.847523
    discharge_ratio: 0.5
    depth_of_discharge: 1.0
