cost_values:
  wind_capex: 5000.0
  wind_opex: 100
  wind_lifetime: 20
  solar_capex: 1000.0
  solar_opex: 10
  solar_lifetime: 20
  carbon_price: 1.0
timeseries_values:
  load_level: 256395.95015124776
  wind_year: 2010
  solar_year: 2014
  price_year: 2023
  carbon_year: 2023
storage_values:
  CAES:
    cost: 45.5882
    lifetime: 22.0254
    annual_cost: 2.069801229489589
    efficiency: 0.584892
    discharge_ratio: 0.1
    depth_of_discharge: 0.4
  Li-ion:
    cost: 133.866
    lifetime: 16.4647
    annual_cost: 8.130485219894684
    efficiency: 0.902087
    discharge_ratio: 2
    depth_of_discharge: 0.9
  Pb-acid:
    cost: 105.08
    lifetime: 15.9745
    annual_cost: 6.577983661460452
    efficiency: 0.676775
    discharge_ratio: 5
    depth_of_discharge: 0.5
  VRBF:
    cost: 234.845
    lifetime: 21.3358
    annual_cost: 11.007086680602557
    efficiency: 0.837339
    discharge_ratio: 0.5
    depth_of_discharge: 1.0
