cost_values:
  wind_capex: 5000.0
  wind_opex: 100
  wind_lifetime: 20
  solar_capex: 1000.0
  solar_opex: 10
  solar_lifetime: 20
  carbon_price: 1.0
timeseries_values:
  load_level: 256395.95015124776
  wind_year: 2010
  solar_year: 2014
  price_year: 2023
  carbon_year: 2023
storage_values:
  CAES:
    cost: 41.3075
    lifetime: 22.9412
    annual_cost: 1.8005814865830907
    efficiency: 0.58929
    discharge_ratio: 0.1
    depth_of_discharge: 0.4
  Li-ion:
    cost: 161.162
    lifetime: 18.7827
    annual_cost: 8.580342549260758
    efficiency: 0.924261
    discharge_ratio: 2
    depth_of_discharge: 0.9
  Pb-acid:
    cost: 102.173
    lifetime: 14.5362
    annual_cost: 7.028865865907184
    efficiency: 0.669763
    discharge_ratio: 5
    depth_of_discharge: 0.5
  VRBF:
    cost: 264.477
    lifetime: 22.7918
    annual_cost: 11.604041804508638
    efficiency: 0.826438
    discharge_ratio: 0.5
    depth_of_discharge: 1.0
