cost_values:
  wind_capex: 5000.0
  wind_opex: 100
  wind_lifetime: 20
  solar_capex: 1000.0
  solar_opex: 10
  solar_lifetime: 20
  carbon_price: 1.0
timeseries_values:
  load_level: 256395.95015124776
  wind_year: 2010
  solar_year: 2014
  price_year: 2023
  carbon_year: 2023
storage_values:
  CAES:
    cost: 34.03
    lifetime: 23.7736
    annual_cost: 1.4314197260827137
    efficiency: 0.572338
    discharge_ratio: 0.1
    depth_of_discharge: 0.4
  Li-ion:
    cost: 143.911
    lifetime: 17.537
    annual_cost: 8.206135599019216
    efficiency: 0.928715
    discharge_ratio: 2
    depth_of_discharge: 0.9
  Pb-acid:
    cost: 84.5513
    lifetime: 16.4151
    annual_cost: 5.150824545692686
    efficiency: 0.674885
    discharge_ratio: 5
    depth_of_discharge: 0.5
  VRBF:
    cost: 229.02
    lifetime: 22.1525
    annual_cost: 10.338336530865591
    efficiency: 0.845068
    discharge_ratio: 0.5
    depth_of_discharge: 1.0
