cost_values:
  wind_capex: 5000.0
  wind_opex: 100
  wind_lifetime: 20
  solar_capex: 1000.0
  solar_opex: 10
  solar_lifetime: 20
  carbon_price: 1.0
timeseries_values:
  load_level: 256395.95015124776
  wind_year: 2010
  solar_year: 2014
  price_year: 2023
  carbon_year: 2023
storage_values:
  CAES:
    cost: 39.826
    lifetime: 22.7334
    annual_cost: 1.7518716953909226
    efficiency: 0.582931
    discharge_ratio: 0.1
    depth_of_discharge: 0.4
  Li-ion:
    cost: 148.305
    lifetime: 17.1239
    annual_cost: 8.660702293285993
    efficiency: 0.910677
    discharge_ratio: 2
    depth_of_discharge: 0.9
  Pb-acid:
    cost: 91.4628
    lifetime: 17.8851
    annual_cost: 5.113910461781035
    efficiency: 0.680171
    discharge_ratio: 5
    depth_of_discharge: 0.5
  VRBF:
    cost: 264.514
    lifetime: 21.2544
    annual_cost: 12.445140770852154
    efficiency: 0.836059
    discharge_ratio: 0.5
    depth_of_discharge: 1.0
