cost_values:
  wind_capex: 5000.0
  wind_opex: 100
  wind_lifetime: 20
  solar_capex: 1000.0
  solar_opex: 10
  solar_lifetime: 20
  carbon_price: 1.0
timeseries_values:
  load_level: 256395.95015124776
  wind_year: 2010
  solar_year: 2014
  price_year: 2023
  carbon_year: 2023
storage_values:
  CAES:
    cost: 37.0878
    lifetime: 23.085
    annual_cost: 1.606575698505523
    efficiency: 0.587141
    discharge_ratio: 0.1
    depth_of_discharge: 0.4
  Li-ion:
    cost: 163.761
    lifetime: 18.6802
    annual_cost: 8.76655496193831
    efficiency: 0.897851
    discharge_ratio: 2
    depth_of_discharge: 0.9
  Pb-acid:
    cost: 89.8892
    lifetime: 17.183
    annual_cost: 5.231286736891113
    efficiency: 0.678522
    discharge_ratio: 5
    depth_of_discharge: 0.5
  VRBF:
    cost: 262.11
    lifetime: 17.6232
    annual_cost: 14.873008307231377
    efficiency: 0.847576
    discharge_ratio: 0.5
    depth_of_discharge: 1.0
