cost_values:
  wind_capex: 5000.0
  wind_opex: 100
  wind_lifetime: 20
  solar_capex: 1000.0
  solar_opex: 10
  solar_lifetime: 20
  carbon_price: 1.0
timeseries_values:
  load_level: 256395.95015124776
  wind_year: 2010
  solar_year: 2014
  price_year: 2023
  carbon_year: 2023
storage_values:
  CAES:
    cost: 36.6948
    lifetime: 22.7933
    annual_cost: 1.6098941355573788
    efficiency: 0.584277
    discharge_ratio: 0.1
    depth_of_discharge: 0.4
  Li-ion:
    cost: 162.17
    lifetime: 17.2823
    annual_cost: 9.383588989891392
    efficiency: 0.908038
    discharge_ratio: 2
    depth_of_discharge: 0.9
  Pb-acid:
    cost: 94.6633
    lifetime: 17.396
    annual_cost: 5.441670498965279
    efficiency: 0.67324
    discharge_ratio: 5
    depth_of_discharge: 0.5
  VRBF:
    cost: 250.03
    lifetime: 21.7168
    annual_cost: 11.513206365578723
    efficiency: 0.845672
    discharge_ratio: 0.5
    depth_of_discharge: 1.0
