cost_values:
  wind_capex: 5000.0
  wind_opex: 100
  wind_lifetime: 20
  solar_capex: 1000.0
  solar_opex: 10
  solar_lifetime: 20
  carbon_price: 1.0
timeseries_values:
  load_level: 256395.95015124776
  wind_year: 2010
  solar_year: 2014
  price_year: 2023
  carbon_year: 2023
storage_values:
  CAES:
    cost: 42.4103
    lifetime: 22.978
    annual_cost: 1.8456915310296804
    efficiency: 0.585744
    discharge_ratio: 0.1
    depth_of_discharge: 0.4
  Li-ion:
    cost: 148.133
    lifetime: 18.2193
    annual_cost: 8.130553863210991
    efficiency: 0.899037
    discharge_ratio: 2
    depth_of_discharge: 0.9
  Pb-acid:
    cost: 106.273
    lifetime: 16.2365
    annual_cost: 6.5453145690265755
    efficiency: 0.677168
    discharge_ratio: 5
    depth_of_discharge: 0.5
  VRBF:
    cost: 274.067
    lifetime: 20.353
    annual_cost: 13.465680735026776
    efficiency: 0.823674
    discharge_ratio: 0.5
    depth_of_discharge: 1.0
