cost_values:
  wind_capex: 5000.0
  wind_opex: 100
  wind_lifetime: 20
  solar_capex: 1000.0
  solar_opex: 10
  solar_lifetime: 20
  carbon_price: 1.0
timeseries_values:
  load_level: 256395.95015124776
  wind_year: 2010
  solar_year: 2014
  price_year: 2023
  carbon_year: 2023
storage_values:
  CAES:
    cost: 38.3097
    lifetime: 22.7707
    annual_cost: 1.6824120470604766
    efficiency: 0.590772
    discharge_ratio: 0.1
    depth_of_discharge: 0.4
  Li-ion:
    cost: 142.758
    lifetime: 16.9218
    annual_cost: 8.436336559940433
    efficiency: 0.920189
    discharge_ratio: 2
    depth_of_discharge: 0.9
  Pb-acid:
    cost: 91.7599
    lifetime: 16.8706
    annual_cost: 5.439041883513331
    efficiency: 0.669385
    discharge_ratio: 5
    depth_of_discharge: 0.5
  VRBF:
    cost: 249.002
    lifetime: 21.4256
    annual_cost: 11.62170487640953
    efficiency: 0.838375
    discharge_ratio: 0.5
    depth_of_discharge: 1.0
