cost_values:
  wind_capex: 5000.0
  wind_opex: 100
  wind_lifetime: 20
  solar_capex: 1000.0
  solar_opex: 10
  solar_lifetime: 20
  carbon_price: 1.0
timeseries_values:
  load_level: 256395.95015124776
  wind_year: 2010
  solar_year: 2014
  price_year: 2023
  carbon_year: 2023
storage_values:
  CAES:
    cost: 44.6914
    lifetime: 21.6179
    annual_cost: 2.0673330897080664
    efficiency: 0.582557
    discharge_ratio: 0.1
    depth_of_discharge: 0.4
  Li-ion:
    cost: 161.256
    lifetime: 16.8134
    annual_cost: 9.59092152687737
    efficiency: 0.896166
    discharge_ratio: 2
    depth_of_discharge: 0.9
  Pb-acid:
    cost: 90.0092
    lifetime: 16.2754
    annual_cost: 5.530383277830345
    efficiency: 0.681417
    discharge_ratio: 5
    depth_of_discharge: 0.5
  VRBF:
    cost: 246.793
    lifetime: 19.7324
    annual_cost: 12.506993574020393
    efficiency: 0.848981
    discharge_ratio: 0.5
    depth_of_discharge: 1.0
