cost_values:
  wind_capex: 5000.0
  wind_opex: 100
  wind_lifetime: 20
  solar_capex: 1000.0
  solar_opex: 10
  solar_lifetime: 20
  carbon_price: 1.0
timeseries_values:
  load_level: 256395.95015124776
  wind_year: 2010
  solar_year: 2014
  price_year: 2023
  carbon_year: 2023
storage_values:
  CAES:
    cost: 39.746
    lifetime: 22.7191
    annual_cost: 1.7494531033359597
    efficiency: 0.582084
    discharge_ratio: 0.1
    depth_of_discharge: 0.4
  Li-ion:
    cost: 134.574
    lifetime: 18.2313
    annual_cost: 7.381481298645736
    efficiency: 0.922106
    discharge_ratio: 2
    depth_of_discharge: 0.9
  Pb-acid:
    cost: 87.1054
    lifetime: 17.2403
    annual_cost: 5.052429482085579
    efficiency: 0.682048
    discharge_ratio: 5
    depth_of_discharge: 0.5
  VRBF:
    cost: 249.143
    lifetime: 20.0558
    annual_cost: 12.422491249414133
    efficiency: 0.849932
    discharge_ratio: 0.5
    depth_of_discharge: 1.0
