cost_values:
  wind_capex: 5000.0
  wind_opex: 100
  wind_lifetime: 20
  solar_capex: 1000.0
  solar_opex: 10
  solar_lifetime: 20
  carbon_price: 1.0
timeseries_values:
  load_level: 266312.53431341436
  wind_year: 2018
  solar_year: 2010
  price_year: 2023
  carbon_year: 2023
storage_values:
  CAES:
    cost: 44.6817
    lifetime: 26.0987
    annual_cost: 1.7120278021510649
    efficiency: 0.604242
    discharge_ratio: 0.1
    depth_of_discharge: 0.4
  Li-ion:
    cost: 175.585
    lifetime: 14.794
    annual_cost: 11.868662971474922
    efficiency: 0.877252
    discharge_ratio: 2
    depth_of_discharge: 0.9
  Pb-acid:
    cost: 230.641
    lifetime: 16.1457
    annual_cost: 14.284979901769509
    efficiency: 0.726993
    discharge_ratio: 5
    depth_of_discharge: 0.5
  VRBF:
    cost: 341.646
    lifetime: 24.0847
    annual_cost: 14.185188106972475
    efficiency: 0.755928
    discharge_ratio: 0.5
    depth_of_discharge: 1.0
