cost_values:
  wind_capex: 5000.0
  wind_opex: 100
  wind_lifetime: 20
  solar_capex: 1000.0
  solar_opex: 10
  solar_lifetime: 20
  carbon_price: 1.0
timeseries_values:
  load_level: 266312.53431341436
  wind_year: 2018
  solar_year: 2010
  price_year: 2023
  carbon_year: 2023
storage_values:
  CAES:
    cost: 39.6718
    lifetime: 25.9072
    annual_cost: 1.5313040390316204
    efficiency: 0.593164
    discharge_ratio: 0.1
    depth_of_discharge: 0.4
  Li-ion:
    cost: 168.547
    lifetime: 13.96
    annual_cost: 12.073567335243553
    efficiency: 0.861904
    discharge_ratio: 2
    depth_of_discharge: 0.9
  Pb-acid:
    cost: 225.401
    lifetime: 17.1394
    annual_cost: 13.151043793831757
    efficiency: 0.699281
    discharge_ratio: 5
    depth_of_discharge: 0.5
  VRBF:
    cost: 347.132
    lifetime: 22.9515
    annual_cost: 15.124588806831799
    efficiency: 0.739791
    discharge_ratio: 0.5
    depth_of_discharge: 1.0
