cost_values:
  wind_capex: 5000.0
  wind_opex: 100
  wind_lifetime: 20
  solar_capex: 1000.0
  solar_opex: 10
  solar_lifetime: 20
  carbon_price: 1.0
timeseries_values:
  load_level: 266312.53431341436
  wind_year: 2018
  solar_year: 2010
  price_year: 2023
  carbon_year: 2023
storage_values:
  CAES:
    cost: 44.6508
    lifetime: 26.0641
    annual_cost: 1.7131149742365934
    efficiency: 0.594822
    discharge_ratio: 0.1
    depth_of_discharge: 0.4
  Li-ion:
    cost: 165.534
    lifetime: 14.76
    annual_cost: 11.215040650406504
    efficiency: 0.885479
    discharge_ratio: 2
    depth_of_discharge: 0.9
  Pb-acid:
    cost: 240.78
    lifetime: 16.8179
    annual_cost: 14.316888553267647
    efficiency: 0.69727
    discharge_ratio: 5
    depth_of_discharge: 0.5
  VRBF:
    cost: 324.755
    lifetime: 23.5004
    annual_cost: 13.819126482953482
    efficiency: 0.752334
    discharge_ratio: 0.5
    depth_of_discharge: 1.0
