cost_values:
  wind_capex: 5000.0
  wind_opex: 100
  wind_lifetime: 20
  solar_capex: 1000.0
  solar_opex: 10
  solar_lifetime: 20
  carbon_price: 1.0
timeseries_values:
  load_level: 266312.53431341436
  wind_year: 2018
  solar_year: 2010
  price_year: 2023
  carbon_year: 2023
storage_values:
  CAES:
    cost: 49.0698
    lifetime: 25.3161
    annual_cost: 1.9382843328948773
    efficiency: 0.596151
    discharge_ratio: 0.1
    depth_of_discharge: 0.4
  Li-ion:
    cost: 161.127
    lifetime: 15.2027
    annual_cost: 10.598577884191624
    efficiency: 0.869906
    discharge_ratio: 2
    depth_of_discharge: 0.9
  Pb-acid:
    cost: 235.639
    lifetime: 16.0441
    annual_cost: 14.686956575937572
    efficiency: 0.714955
    discharge_ratio: 5
    depth_of_discharge: 0.5
  VRBF:
    cost: 315.178
    lifetime: 25.8458
    annual_cost: 12.194553854011096
    efficiency: 0.742112
    discharge_ratio: 0.5
    depth_of_discharge: 1.0
