cost_values:
  wind_capex: 5000.0
  wind_opex: 100
  wind_lifetime: 20
  solar_capex: 1000.0
  solar_opex: 10
  solar_lifetime: 20
  carbon_price: 1.0
timeseries_values:
  load_level: 266312.53431341436
  wind_year: 2018
  solar_year: 2010
  price_year: 2023
  carbon_year: 2023
storage_values:
  CAES:
    cost: 45.5588
    lifetime: 25.6645
    annual_cost: 1.7751680336651794
    efficiency: 0.600705
    discharge_ratio: 0.1
    depth_of_discharge: 0.4
  Li-ion:
    cost: 176.497
    lifetime: 14.8242
    annual_cost: 11.906005045803484
    efficiency: 0.876546
    discharge_ratio: 2
    depth_of_discharge: 0.9
  Pb-acid:
    cost: 243.189
    lifetime: 17.0883
    annual_cost: 14.231316163690947
    efficiency: 0.719465
    discharge_ratio: 5
    depth_of_discharge: 0.5
  VRBF:
    cost: 317.319
    lifetime: 21.8824
    annual_cost: 14.50110591160019
    efficiency: 0.754779
    discharge_ratio: 0.5
    depth_of_discharge: 1.0
