cost_values:
  wind_capex: 5000.0
  wind_opex: 100
  wind_lifetime: 20
  solar_capex: 1000.0
  solar_opex: 10
  solar_lifetime: 20
  carbon_price: 1.0
timeseries_values:
  load_level: 266312.53431341436
  wind_year: 2018
  solar_year: 2010
  price_year: 2023
  carbon_year: 2023
storage_values:
  CAES:
    cost: 50.2857
    lifetime: 25.6732
    annual_cost: 1.9586845426359003
    efficiency: 0.593555
    discharge_ratio: 0.1
    depth_of_discharge: 0.4
  Li-ion:
    cost: 185.239
    lifetime: 14.031
    annual_cost: 13.202123868576722
    efficiency: 0.877028
    discharge_ratio: 2
    depth_of_discharge: 0.9
  Pb-acid:
    cost: 235.058
    lifetime: 15.08
    annual_cost: 15.587400530503977
    efficiency: 0.710887
    discharge_ratio: 5
    depth_of_discharge: 0.5
  VRBF:
    cost: 342.647
    lifetime: 23.5635
    annual_cost: 14.541430602414751
    efficiency: 0.753448
    discharge_ratio: 0.5
    depth_of_discharge: 1.0
