cost_values:
  wind_capex: 5000.0
  wind_opex: 100
  wind_lifetime: 20
  solar_capex: 1000.0
  solar_opex: 10
  solar_lifetime: 20
  carbon_price: 1.0
timeseries_values:
  load_level: 266312.53431341436
  wind_year: 2018
  solar_year: 2010
  price_year: 2023
  carbon_year: 2023
storage_values:
  CAES:
    cost: 43.9
    lifetime: 24.1889
    annual_cost: 1.8148820326678765
    efficiency: 0.598398
    discharge_ratio: 0.1
    depth_of_discharge: 0.4
  Li-ion:
    cost: 166.285
    lifetime: 14.1585
    annual_cost: 11.744535084931313
    efficiency: 0.871558
    discharge_ratio: 2
    depth_of_discharge: 0.9
  Pb-acid:
    cost: 223.759
    lifetime: 15.7257
    annual_cost: 14.228873754427465
    efficiency: 0.71294
    discharge_ratio: 5
    depth_of_discharge: 0.5
  VRBF:
    cost: 310.064
    lifetime: 22.8815
    annual_cost: 13.550859864956408
    efficiency: 0.748819
    discharge_ratio: 0.5
    depth_of_discharge: 1.0
