cost_values:
  wind_capex: 5000.0
  wind_opex: 100
  wind_lifetime: 20
  solar_capex: 1000.0
  solar_opex: 10
  solar_lifetime: 20
  carbon_price: 1.0
timeseries_values:
  load_level: 266312.53431341436
  wind_year: 2018
  solar_year: 2010
  price_year: 2023
  carbon_year: 2023
storage_values:
  CAES:
    cost: 44.0975
    lifetime: 24.4712
    annual_cost: 1.802016247670731
    efficiency: 0.596444
    discharge_ratio: 0.1
    depth_of_discharge: 0.4
  Li-ion:
    cost: 185.618
    lifetime: 14.7806
    annual_cost: 12.55821820494432
    efficiency: 0.863477
    discharge_ratio: 2
    depth_of_discharge: 0.9
  Pb-acid:
    cost: 226.402
    lifetime: 17.2363
    annual_cost: 13.135185625685326
    efficiency: 0.735004
    discharge_ratio: 5
    depth_of_discharge: 0.5
  VRBF:
    cost: 302.014
    lifetime: 22.7522
    annual_cost: 13.274057014266754
    efficiency: 0.751774
    discharge_ratio: 0.5
    depth_of_discharge: 1.0
