cost_values:
  wind_capex: 5000.0
  wind_opex: 100
  wind_lifetime: 20
  solar_capex: 1000.0
  solar_opex: 10
  solar_lifetime: 20
  carbon_price: 1.0
timeseries_values:
  load_level: 266312.53431341436
  wind_year: 2018
  solar_year: 2010
  price_year: 2023
  carbon_year: 2023
storage_values:
  CAES:
    cost: 42.0503
    lifetime: 25.0746
    annual_cost: 1.6770078086988427
    efficiency: 0.587601
    discharge_ratio: 0.1
    depth_of_discharge: 0.4
  Li-ion:
    cost: 182.793
    lifetime: 14.9517
    annual_cost: 12.22556632356187
    efficiency: 0.88444
    discharge_ratio: 2
    depth_of_discharge: 0.9
  Pb-acid:
    cost: 249.031
    lifetime: 15.8954
    annual_cost: 15.666859594599696
    efficiency: 0.714842
    discharge_ratio: 5
    depth_of_discharge: 0.5
  VRBF:
    cost: 297.7
    lifetime: 24.3763
    annual_cost: 12.21268199029385
    efficiency: 0.754596
    discharge_ratio: 0.5
    depth_of_discharge: 1.0
