cost_values:
  wind_capex: 5000.0
  wind_opex: 100
  wind_lifetime: 20
  solar_capex: 1000.0
  solar_opex: 10
  solar_lifetime: 20
  carbon_price: 1.0
timeseries_values:
  load_level: 266312.53431341436
  wind_year: 2018
  solar_year: 2010
  price_year: 2023
  carbon_year: 2023
storage_values:
  CAES:
    cost: 53.1729
    lifetime: 25.1264
    annual_cost: 2.11621640983189
    efficiency: 0.604223
    discharge_ratio: 0.1
    depth_of_discharge: 0.4
  Li-ion:
    cost: 174.306
    lifetime: 14.5321
    annual_cost: 11.994549996215277
    efficiency: 0.871888
    discharge_ratio: 2
    depth_of_discharge: 0.9
  Pb-acid:
    cost: 242.234
    lifetime: 17.377
    annual_cost: 13.939920584680902
    efficiency: 0.715149
    discharge_ratio: 5
    depth_of_discharge: 0.5
  VRBF:
    cost: 337.113
    lifetime: 23.1916
    annual_cost: 14.53599579157971
    efficiency: 0.761635
    discharge_ratio: 0.5
    depth_of_discharge: 1.0
