cost_values:
  wind_capex: 5000.0
  wind_opex: 100
  wind_lifetime: 20
  solar_capex: 1000.0
  solar_opex: 10
  solar_lifetime: 20
  carbon_price: 1.0
timeseries_values:
  load_level: 266312.53431341436
  wind_year: 2018
  solar_year: 2010
  price_year: 2023
  carbon_year: 2023
storage_values:
  CAES:
    cost: 49.109
    lifetime: 25.4059
    annual_cost: 1.9329761984420943
    efficiency: 0.601841
    discharge_ratio: 0.1
    depth_of_discharge: 0.4
  Li-ion:
    cost: 174.613
    lifetime: 14.2403
    annual_cost: 12.261890550058636
    efficiency: 0.87367
    discharge_ratio: 2
    depth_of_discharge: 0.9
  Pb-acid:
    cost: 222.77
    lifetime: 16.1998
    annual_cost: 13.751404338325166
    efficiency: 0.718358
    discharge_ratio: 5
    depth_of_discharge: 0.5
  VRBF:
    cost: 298.786
    lifetime: 23.5308
    annual_cost: 12.69765583830554
    efficiency: 0.745225
    discharge_ratio: 0.5
    depth_of_discharge: 1.0
