cost_values:
  wind_capex: 5000.0
  wind_opex: 100
  wind_lifetime: 20
  solar_capex: 1000.0
  solar_opex: 10
  solar_lifetime: 20
  carbon_price: 1.0
timeseries_values:
  load_level: 266312.53431341436
  wind_year: 2018
  solar_year: 2010
  price_year: 2023
  carbon_year: 2023
storage_values:
  CAES:
    cost: 43.1656
    lifetime: 24.1168
    annual_cost: 1.789856033968022
    efficiency: 0.597816
    discharge_ratio: 0.1
    depth_of_discharge: 0.4
  Li-ion:
    cost: 183.124
    lifetime: 15.5169
    annual_cost: 11.801584079294189
    efficiency: 0.881797
    discharge_ratio: 2
    depth_of_discharge: 0.9
  Pb-acid:
    cost: 219.78
    lifetime: 18.6079
    annual_cost: 11.811112484482397
    efficiency: 0.732009
    discharge_ratio: 5
    depth_of_discharge: 0.5
  VRBF:
    cost: 344.133
    lifetime: 21.6283
    annual_cost: 15.911236666774549
    efficiency: 0.769572
    discharge_ratio: 0.5
    depth_of_discharge: 1.0
