cost_values:
  wind_capex: 5000.0
  wind_opex: 100
  wind_lifetime: 20
  solar_capex: 1000.0
  solar_opex: 10
  solar_lifetime: 20
  carbon_price: 1.0
timeseries_values:
  load_level: 266312.53431341436
  wind_year: 2018
  solar_year: 2010
  price_year: 2023
  carbon_year: 2023
storage_values:
  CAES:
    cost: 46.6193
    lifetime: 24.7003
    annual_cost: 1.887398128767667
    efficiency: 0.597337
    discharge_ratio: 0.1
    depth_of_discharge: 0.4
  Li-ion:
    cost: 187.646
    lifetime: 14.8246
    annual_cost: 12.657744559718305
    efficiency: 0.877875
    discharge_ratio: 2
    depth_of_discharge: 0.9
  Pb-acid:
    cost: 248.124
    lifetime: 16.1699
    annual_cost: 15.344807327194356
    efficiency: 0.716254
    discharge_ratio: 5
    depth_of_discharge: 0.5
  VRBF:
    cost: 317.561
    lifetime: 22.2589
    annual_cost: 14.266697815255919
    efficiency: 0.751908
    discharge_ratio: 0.5
    depth_of_discharge: 1.0
