cost_values:
  wind_capex: 5000.0
  wind_opex: 100
  wind_lifetime: 20
  solar_capex: 1000.0
  solar_opex: 10
  solar_lifetime: 20
  carbon_price: 1.0
timeseries_values:
  load_level: 266312.53431341436
  wind_year: 2018
  solar_year: 2010
  price_year: 2023
  carbon_year: 2023
storage_values:
  CAES:
    cost: 44.8018
    lifetime: 24.6376
    annual_cost: 1.8184319901289088
    efficiency: 0.593471
    discharge_ratio: 0.1
    depth_of_discharge: 0.4
  Li-ion:
    cost: 171.848
    lifetime: 13.3974
    annual_cost: 12.826966426321526
    efficiency: 0.867468
    discharge_ratio: 2
    depth_of_discharge: 0.9
  Pb-acid:
    cost: 229.618
    lifetime: 15.4577
    annual_cost: 14.854603207462945
    efficiency: 0.726286
    discharge_ratio: 5
    depth_of_discharge: 0.5
  VRBF:
    cost: 342.267
    lifetime: 22.7236
    annual_cost: 15.062182048619055
    efficiency: 0.772963
    discharge_ratio: 0.5
    depth_of_discharge: 1.0
