cost_values:
  wind_capex: 5000.0
  wind_opex: 100
  wind_lifetime: 20
  solar_capex: 1000.0
  solar_opex: 10
  solar_lifetime: 20
  carbon_price: 1.0
timeseries_values:
  load_level: 266312.53431341436
  wind_year: 2018
  solar_year: 2010
  price_year: 2023
  carbon_year: 2023
storage_values:
  CAES:
    cost: 49.9561
    lifetime: 25.4122
    annual_cost: 1.9658313723329741
    efficiency: 0.592077
    discharge_ratio: 0.1
    depth_of_discharge: 0.4
  Li-ion:
    cost: 166.737
    lifetime: 14.8961
    annual_cost: 11.193332482998905
    efficiency: 0.882396
    discharge_ratio: 2
    depth_of_discharge: 0.9
  Pb-acid:
    cost: 247.765
    lifetime: 14.7186
    annual_cost: 16.833462421697714
    efficiency: 0.714655
    discharge_ratio: 5
    depth_of_discharge: 0.5
  VRBF:
    cost: 383.172
    lifetime: 23.1448
    annual_cost: 16.555424976668625
    efficiency: 0.755054
    discharge_ratio: 0.5
    depth_of_discharge: 1.0
