cost_values:
  wind_capex: 5000.0
  wind_opex: 100
  wind_lifetime: 20
  solar_capex: 1000.0
  solar_opex: 10
  solar_lifetime: 20
  carbon_price: 1.0
timeseries_values:
  load_level: 266312.53431341436
  wind_year: 2018
  solar_year: 2010
  price_year: 2023
  carbon_year: 2023
storage_values:
  CAES:
    cost: 47.7722
    lifetime: 24.3191
    annual_cost: 1.9643901295689397
    efficiency: 0.589655
    discharge_ratio: 0.1
    depth_of_discharge: 0.4
  Li-ion:
    cost: 174.528
    lifetime: 12.9032
    annual_cost: 13.525947051894104
    efficiency: 0.878145
    discharge_ratio: 2
    depth_of_discharge: 0.9
  Pb-acid:
    cost: 225.499
    lifetime: 17.8214
    annual_cost: 12.653270786806871
    efficiency: 0.715777
    discharge_ratio: 5
    depth_of_discharge: 0.5
  VRBF:
    cost: 311.736
    lifetime: 23.6736
    annual_cost: 13.16808596918086
    efficiency: 0.753499
    discharge_ratio: 0.5
    depth_of_discharge: 1.0
