cost_values:
  wind_capex: 5000.0
  wind_opex: 100
  wind_lifetime: 20
  solar_capex: 1000.0
  solar_opex: 10
  solar_lifetime: 20
  carbon_price: 1.0
timeseries_values:
  load_level: 266312.53431341436
  wind_year: 2018
  solar_year: 2010
  price_year: 2023
  carbon_year: 2023
storage_values:
  CAES:
    cost: 50.6267
    lifetime: 25.0235
    annual_cost: 2.0231662237496755
    efficiency: 0.596929
    discharge_ratio: 0.1
    depth_of_discharge: 0.4
  Li-ion:
    cost: 201.459
    lifetime: 12.5343
    annual_cost: 16.072616739666355
    efficiency: 0.866157
    discharge_ratio: 2
    depth_of_discharge: 0.9
  Pb-acid:
    cost: 233.803
    lifetime: 15.9327
    annual_cost: 14.674411744399881
    efficiency: 0.704187
    discharge_ratio: 5
    depth_of_discharge: 0.5
  VRBF:
    cost: 345.795
    lifetime: 23.0728
    annual_cost: 14.987127700149093
    efficiency: 0.759862
    discharge_ratio: 0.5
    depth_of_discharge: 1.0
