cost_values:
  wind_capex: 5000.0
  wind_opex: 100
  wind_lifetime: 20
  solar_capex: 1000.0
  solar_opex: 10
  solar_lifetime: 20
  carbon_price: 1.0
timeseries_values:
  load_level: 266312.53431341436
  wind_year: 2018
  solar_year: 2010
  price_year: 2023
  carbon_year: 2023
storage_values:
  CAES:
    cost: 45.7811
    lifetime: 24.6838
    annual_cost: 1.8547022743661834
    efficiency: 0.587278
    discharge_ratio: 0.1
    depth_of_discharge: 0.4
  Li-ion:
    cost: 192.582
    lifetime: 13.2739
    annual_cost: 14.508320840144947
    efficiency: 0.871454
    discharge_ratio: 2
    depth_of_discharge: 0.9
  Pb-acid:
    cost: 244.162
    lifetime: 14.1837
    annual_cost: 17.214267081227042
    efficiency: 0.716977
    discharge_ratio: 5
    depth_of_discharge: 0.5
  VRBF:
    cost: 316.784
    lifetime: 21.8452
    annual_cost: 14.501309212092359
    efficiency: 0.748291
    discharge_ratio: 0.5
    depth_of_discharge: 1.0
