cost_values:
  wind_capex: 5000.0
  wind_opex: 100
  wind_lifetime: 20
  solar_capex: 1000.0
  solar_opex: 10
  solar_lifetime: 20
  carbon_price: 1.0
timeseries_values:
  load_level: 266312.53431341436
  wind_year: 2018
  solar_year: 2010
  price_year: 2023
  carbon_year: 2023
storage_values:
  CAES:
    cost: 46.0166
    lifetime: 25.2429
    annual_cost: 1.8229521964592024
    efficiency: 0.588736
    discharge_ratio: 0.1
    depth_of_discharge: 0.4
  Li-ion:
    cost: 187.403
    lifetime: 14.144
    annual_cost: 13.24964649321267
    efficiency: 0.867797
    discharge_ratio: 2
    depth_of_discharge: 0.9
  Pb-acid:
    cost: 232.356
    lifetime: 15.7978
    annual_cost: 14.7081239159883
    efficiency: 0.706328
    discharge_ratio: 5
    depth_of_discharge: 0.5
  VRBF:
    cost: 315.288
    lifetime: 23.2401
    annual_cost: 13.566550918455599
    efficiency: 0.752065
    discharge_ratio: 0.5
    depth_of_discharge: 1.0
