cost_values:
  wind_capex: 5000.0
  wind_opex: 100
  wind_lifetime: 20
  solar_capex: 1000.0
  solar_opex: 10
  solar_lifetime: 20
  carbon_price: 1.0
timeseries_values:
  load_level: 266312.53431341436
  wind_year: 2018
  solar_year: 2010
  price_year: 2023
  carbon_year: 2023
storage_values:
  CAES:
    cost: 48.592
    lifetime: 25.3331
    annual_cost: 1.918122930079619
    efficiency: 0.596312
    discharge_ratio: 0.1
    depth_of_discharge: 0.4
  Li-ion:
    cost: 174.696
    lifetime: 13.3874
    annual_cost: 13.049285148721934
    efficiency: 0.88232
    discharge_ratio: 2
    depth_of_discharge: 0.9
  Pb-acid:
    cost: 241.306
    lifetime: 16.9472
    annual_cost: 14.238694297583084
    efficiency: 0.701335
    discharge_ratio: 5
    depth_of_discharge: 0.5
  VRBF:
    cost: 332.888
    lifetime: 22.8467
    annual_cost: 14.570506900340092
    efficiency: 0.756185
    discharge_ratio: 0.5
    depth_of_discharge: 1.0
