cost_values:
  wind_capex: 5000.0
  wind_opex: 100
  wind_lifetime: 20
  solar_capex: 1000.0
  solar_opex: 10
  solar_lifetime: 20
  carbon_price: 1.0
timeseries_values:
  load_level: 266312.53431341436
  wind_year: 2018
  solar_year: 2010
  price_year: 2023
  carbon_year: 2023
storage_values:
  CAES:
    cost: 52.2321
    lifetime: 25.3956
    annual_cost: 2.0567381751169496
    efficiency: 0.607018
    discharge_ratio: 0.1
    depth_of_discharge: 0.4
  Li-ion:
    cost: 183.821
    lifetime: 14.9062
    annual_cost: 12.33184849257356
    efficiency: 0.886873
    discharge_ratio: 2
    depth_of_discharge: 0.9
  Pb-acid:
    cost: 236.352
    lifetime: 14.3352
    annual_cost: 16.48752720575925
    efficiency: 0.71268
    discharge_ratio: 5
    depth_of_discharge: 0.5
  VRBF:
    cost: 353.522
    lifetime: 23.6391
    annual_cost: 14.954968674780343
    efficiency: 0.74747
    discharge_ratio: 0.5
    depth_of_discharge: 1.0
