cost_values:
  wind_capex: 5000.0
  wind_opex: 100
  wind_lifetime: 20
  solar_capex: 1000.0
  solar_opex: 10
  solar_lifetime: 20
  carbon_price: 1.0
timeseries_values:
  load_level: 266312.53431341436
  wind_year: 2018
  solar_year: 2010
  price_year: 2023
  carbon_year: 2023
storage_values:
  CAES:
    cost: 43.0538
    lifetime: 25.6263
    annual_cost: 1.6800630602154818
    efficiency: 0.593745
    discharge_ratio: 0.1
    depth_of_discharge: 0.4
  Li-ion:
    cost: 164.394
    lifetime: 13.5997
    annual_cost: 12.08806076604631
    efficiency: 0.859988
    discharge_ratio: 2
    depth_of_discharge: 0.9
  Pb-acid:
    cost: 236.727
    lifetime: 17.3117
    annual_cost: 13.674393618188857
    efficiency: 0.71014
    discharge_ratio: 5
    depth_of_discharge: 0.5
  VRBF:
    cost: 335.229
    lifetime: 22.1451
    annual_cost: 15.137840876762805
    efficiency: 0.773479
    discharge_ratio: 0.5
    depth_of_discharge: 1.0
