cost_values:
  wind_capex: 5000.0
  wind_opex: 100
  wind_lifetime: 20
  solar_capex: 1000.0
  solar_opex: 10
  solar_lifetime: 20
  carbon_price: 1.0
timeseries_values:
  load_level: 266312.53431341436
  wind_year: 2018
  solar_year: 2010
  price_year: 2023
  carbon_year: 2023
storage_values:
  CAES:
    cost: 38.448
    lifetime: 24.8554
    annual_cost: 1.546867079186012
    efficiency: 0.595353
    discharge_ratio: 0.1
    depth_of_discharge: 0.4
  Li-ion:
    cost: 169.787
    lifetime: 14.6896
    annual_cost: 11.558313364557238
    efficiency: 0.880192
    discharge_ratio: 2
    depth_of_discharge: 0.9
  Pb-acid:
    cost: 235.977
    lifetime: 15.0132
    annual_cost: 15.717968187994567
    efficiency: 0.709058
    discharge_ratio: 5
    depth_of_discharge: 0.5
  VRBF:
    cost: 316.315
    lifetime: 21.0641
    annual_cost: 15.016782107946696
    efficiency: 0.760622
    discharge_ratio: 0.5
    depth_of_discharge: 1.0
