cost_values:
  wind_capex: 5000.0
  wind_opex: 100
  wind_lifetime: 20
  solar_capex: 1000.0
  solar_opex: 10
  solar_lifetime: 20
  carbon_price: 1.0
timeseries_values:
  load_level: 266312.53431341436
  wind_year: 2018
  solar_year: 2010
  price_year: 2023
  carbon_year: 2023
storage_values:
  CAES:
    cost: 51.0124
    lifetime: 26.003
    annual_cost: 1.961789024343345
    efficiency: 0.583594
    discharge_ratio: 0.1
    depth_of_discharge: 0.4
  Li-ion:
    cost: 180.229
    lifetime: 14.9008
    annual_cost: 12.095256630516483
    efficiency: 0.866716
    discharge_ratio: 2
    depth_of_discharge: 0.9
  Pb-acid:
    cost: 229.09
    lifetime: 16.1833
    annual_cost: 14.155950887643435
    efficiency: 0.733888
    discharge_ratio: 5
    depth_of_discharge: 0.5
  VRBF:
    cost: 346.818
    lifetime: 22.1975
    annual_cost: 15.624191913503772
    efficiency: 0.742682
    discharge_ratio: 0.5
    depth_of_discharge: 1.0
