cost_values:
  wind_capex: 5000.0
  wind_opex: 100
  wind_lifetime: 20
  solar_capex: 1000.0
  solar_opex: 10
  solar_lifetime: 20
  carbon_price: 1.0
timeseries_values:
  load_level: 266312.53431341436
  wind_year: 2018
  solar_year: 2010
  price_year: 2023
  carbon_year: 2023
storage_values:
  CAES:
    cost: 50.3072
    lifetime: 24.7872
    annual_cost: 2.029563645752647
    efficiency: 0.588644
    discharge_ratio: 0.1
    depth_of_discharge: 0.4
  Li-ion:
    cost: 155.325
    lifetime: 13.6301
    annual_cost: 11.39573444068642
    efficiency: 0.88636
    discharge_ratio: 2
    depth_of_discharge: 0.9
  Pb-acid:
    cost: 206.209
    lifetime: 17.5261
    annual_cost: 11.765823543172754
    efficiency: 0.710543
    discharge_ratio: 5
    depth_of_discharge: 0.5
  VRBF:
    cost: 313.038
    lifetime: 22.4337
    annual_cost: 13.953917543695422
    efficiency: 0.770948
    discharge_ratio: 0.5
    depth_of_discharge: 1.0
