cost_values:
  wind_capex: 5000.0
  wind_opex: 100
  wind_lifetime: 20
  solar_capex: 1000.0
  solar_opex: 10
  solar_lifetime: 20
  carbon_price: 1.0
timeseries_values:
  load_level: 266312.53431341436
  wind_year: 2018
  solar_year: 2010
  price_year: 2023
  carbon_year: 2023
storage_values:
  CAES:
    cost: 47.8397
    lifetime: 25.5711
    annual_cost: 1.87085029584179
    efficiency: 0.600613
    discharge_ratio: 0.1
    depth_of_discharge: 0.4
  Li-ion:
    cost: 166.397
    lifetime: 13.1292
    annual_cost: 12.673811047131583
    efficiency: 0.872603
    discharge_ratio: 2
    depth_of_discharge: 0.9
  Pb-acid:
    cost: 216.505
    lifetime: 15.9319
    annual_cost: 13.589402393939203
    efficiency: 0.715376
    discharge_ratio: 5
    depth_of_discharge: 0.5
  VRBF:
    cost: 296.303
    lifetime: 26.3835
    annual_cost: 11.230617620861523
    efficiency: 0.754027
    discharge_ratio: 0.5
    depth_of_discharge: 1.0
