cost_values:
  wind_capex: 5000.0
  wind_opex: 100
  wind_lifetime: 20
  solar_capex: 1000.0
  solar_opex: 10
  solar_lifetime: 20
  carbon_price: 1.0
timeseries_values:
  load_level: 266312.53431341436
  wind_year: 2018
  solar_year: 2010
  price_year: 2023
  carbon_year: 2023
storage_values:
  CAES:
    cost: 51.8313
    lifetime: 26.2076
    annual_cost: 1.9777202032998062
    efficiency: 0.606079
    discharge_ratio: 0.1
    depth_of_discharge: 0.4
  Li-ion:
    cost: 173.208
    lifetime: 13.2522
    annual_cost: 13.07013175170915
    efficiency: 0.86763
    discharge_ratio: 2
    depth_of_discharge: 0.9
  Pb-acid:
    cost: 244.339
    lifetime: 17.1081
    annual_cost: 14.282065220568034
    efficiency: 0.716066
    discharge_ratio: 5
    depth_of_discharge: 0.5
  VRBF:
    cost: 309.39
    lifetime: 20.803
    annual_cost: 14.872374176801422
    efficiency: 0.771899
    discharge_ratio: 0.5
    depth_of_discharge: 1.0
