cost_values:
  wind_capex: 5000.0
  wind_opex: 100
  wind_lifetime: 20
  solar_capex: 1000.0
  solar_opex: 10
  solar_lifetime: 20
  carbon_price: 1.0
timeseries_values:
  load_level: 266312.53431341436
  wind_year: 2018
  solar_year: 2010
  price_year: 2023
  carbon_year: 2023
storage_values:
  CAES:
    cost: 45.8042
    lifetime: 24.1754
    annual_cost: 1.8946615154247708
    efficiency: 0.593612
    discharge_ratio: 0.1
    depth_of_discharge: 0.4
  Li-ion:
    cost: 166.544
    lifetime: 14.0645
    annual_cost: 11.84144477229905
    efficiency: 0.879241
    discharge_ratio: 2
    depth_of_discharge: 0.9
  Pb-acid:
    cost: 215.646
    lifetime: 16.5724
    annual_cost: 13.012357896261253
    efficiency: 0.711874
    discharge_ratio: 5
    depth_of_discharge: 0.5
  VRBF:
    cost: 370.804
    lifetime: 22.78
    annual_cost: 16.277611940298506
    efficiency: 0.758186
    discharge_ratio: 0.5
    depth_of_discharge: 1.0
