cost_values:
  wind_capex: 5000.0
  wind_opex: 100
  wind_lifetime: 20
  solar_capex: 1000.0
  solar_opex: 10
  solar_lifetime: 20
  carbon_price: 1.0
timeseries_values:
  load_level: 266312.53431341436
  wind_year: 2018
  solar_year: 2010
  price_year: 2023
  carbon_year: 2023
storage_values:
  CAES:
    cost: 49.9912
    lifetime: 24.4531
    annual_cost: 2.0443706523917213
    efficiency: 0.596896
    discharge_ratio: 0.1
    depth_of_discharge: 0.4
  Li-ion:
    cost: 177.354
    lifetime: 15.6569
    annual_cost: 11.327529715333176
    efficiency: 0.876072
    discharge_ratio: 2
    depth_of_discharge: 0.9
  Pb-acid:
    cost: 230.486
    lifetime: 16.0768
    annual_cost: 14.33655951433121
    efficiency: 0.719105
    discharge_ratio: 5
    depth_of_discharge: 0.5
  VRBF:
    cost: 336.082
    lifetime: 24.2149
    annual_cost: 13.879140529178315
    efficiency: 0.763298
    discharge_ratio: 0.5
    depth_of_discharge: 1.0
