cost_values:
  wind_capex: 5000.0
  wind_opex: 100
  wind_lifetime: 20
  solar_capex: 1000.0
  solar_opex: 10
  solar_lifetime: 20
  carbon_price: 1.0
timeseries_values:
  load_level: 266312.53431341436
  wind_year: 2018
  solar_year: 2010
  price_year: 2023
  carbon_year: 2023
storage_values:
  CAES:
    cost: 45.5977
    lifetime: 25.086
    annual_cost: 1.8176552658853546
    efficiency: 0.600195
    discharge_ratio: 0.1
    depth_of_discharge: 0.4
  Li-ion:
    cost: 163.805
    lifetime: 14.9274
    annual_cost: 10.97344480619532
    efficiency: 0.8673
    discharge_ratio: 2
    depth_of_discharge: 0.9
  Pb-acid:
    cost: 228.919
    lifetime: 16.5954
    annual_cost: 13.794123672824998
    efficiency: 0.717265
    discharge_ratio: 5
    depth_of_discharge: 0.5
  VRBF:
    cost: 337.58
    lifetime: 25.5767
    annual_cost: 13.198731658110702
    efficiency: 0.747635
    discharge_ratio: 0.5
    depth_of_discharge: 1.0
