cost_values:
  wind_capex: 5000.0
  wind_opex: 100
  wind_lifetime: 20
  solar_capex: 1000.0
  solar_opex: 10
  solar_lifetime: 20
  carbon_price: 1.0
timeseries_values:
  load_level: 266312.53431341436
  wind_year: 2018
  solar_year: 2010
  price_year: 2023
  carbon_year: 2023
storage_values:
  CAES:
    cost: 52.4783
    lifetime: 23.9471
    annual_cost: 2.191426101699162
    efficiency: 0.595297
    discharge_ratio: 0.1
    depth_of_discharge: 0.4
  Li-ion:
    cost: 201.257
    lifetime: 15.0954
    annual_cost: 13.332339653139368
    efficiency: 0.877625
    discharge_ratio: 2
    depth_of_discharge: 0.9
  Pb-acid:
    cost: 210.422
    lifetime: 17.7851
    annual_cost: 11.83136445676437
    efficiency: 0.715587
    discharge_ratio: 5
    depth_of_discharge: 0.5
  VRBF:
    cost: 351.203
    lifetime: 23.1485
    annual_cost: 15.17173898956736
    efficiency: 0.737227
    discharge_ratio: 0.5
    depth_of_discharge: 1.0
