cost_values:
  wind_capex: 5000.0
  wind_opex: 100
  wind_lifetime: 20
  solar_capex: 1000.0
  solar_opex: 10
  solar_lifetime: 20
  carbon_price: 1.0
timeseries_values:
  load_level: 266312.53431341436
  wind_year: 2018
  solar_year: 2010
  price_year: 2023
  carbon_year: 2023
storage_values:
  CAES:
    cost: 45.6788
    lifetime: 25.5251
    annual_cost: 1.7895639977904105
    efficiency: 0.587957
    discharge_ratio: 0.1
    depth_of_discharge: 0.4
  Li-ion:
    cost: 171.608
    lifetime: 14.9977
    annual_cost: 11.442287817465346
    efficiency: 0.882309
    discharge_ratio: 2
    depth_of_discharge: 0.9
  Pb-acid:
    cost: 235.687
    lifetime: 17.0036
    annual_cost: 13.861005904631963
    efficiency: 0.712417
    discharge_ratio: 5
    depth_of_discharge: 0.5
  VRBF:
    cost: 346.221
    lifetime: 19.8532
    annual_cost: 17.439052646424756
    efficiency: 0.750974
    discharge_ratio: 0.5
    depth_of_discharge: 1.0
