cost_values:
  wind_capex: 5000.0
  wind_opex: 100
  wind_lifetime: 20
  solar_capex: 1000.0
  solar_opex: 10
  solar_lifetime: 20
  carbon_price: 1.0
timeseries_values:
  load_level: 266312.53431341436
  wind_year: 2018
  solar_year: 2010
  price_year: 2023
  carbon_year: 2023
storage_values:
  CAES:
    cost: 50.6641
    lifetime: 25.352
    annual_cost: 1.9984261596718207
    efficiency: 0.593954
    discharge_ratio: 0.1
    depth_of_discharge: 0.4
  Li-ion:
    cost: 171.514
    lifetime: 13.5358
    annual_cost: 12.671138757960373
    efficiency: 0.870298
    discharge_ratio: 2
    depth_of_discharge: 0.9
  Pb-acid:
    cost: 201.864
    lifetime: 15.8253
    annual_cost: 12.755777141665561
    efficiency: 0.712853
    discharge_ratio: 5
    depth_of_discharge: 0.5
  VRBF:
    cost: 324.287
    lifetime: 20.9508
    annual_cost: 15.478502014242892
    efficiency: 0.764989
    discharge_ratio: 0.5
    depth_of_discharge: 1.0
