cost_values:
  wind_capex: 5000.0
  wind_opex: 100
  wind_lifetime: 20
  solar_capex: 1000.0
  solar_opex: 10
  solar_lifetime: 20
  carbon_price: 1.0
timeseries_values:
  load_level: 266312.53431341436
  wind_year: 2018
  solar_year: 2010
  price_year: 2023
  carbon_year: 2023
storage_values:
  CAES:
    cost: 42.9791
    lifetime: 24.7339
    annual_cost: 1.7376596493072263
    efficiency: 0.607371
    discharge_ratio: 0.1
    depth_of_discharge: 0.4
  Li-ion:
    cost: 193.907
    lifetime: 14.5929
    annual_cost: 13.287763227322877
    efficiency: 0.875303
    discharge_ratio: 2
    depth_of_discharge: 0.9
  Pb-acid:
    cost: 234.469
    lifetime: 16.972
    annual_cost: 13.815048314871552
    efficiency: 0.706837
    discharge_ratio: 5
    depth_of_discharge: 0.5
  VRBF:
    cost: 328.799
    lifetime: 21.0618
    annual_cost: 15.611153842501588
    efficiency: 0.745982
    discharge_ratio: 0.5
    depth_of_discharge: 1.0
