cost_values:
  wind_capex: 5000.0
  wind_opex: 100
  wind_lifetime: 20
  solar_capex: 1000.0
  solar_opex: 10
  solar_lifetime: 20
  carbon_price: 1.0
timeseries_values:
  load_level: 266312.53431341436
  wind_year: 2018
  solar_year: 2010
  price_year: 2023
  carbon_year: 2023
storage_values:
  CAES:
    cost: 47.7884
    lifetime: 25.1038
    annual_cost: 1.903632119440085
    efficiency: 0.591847
    discharge_ratio: 0.1
    depth_of_discharge: 0.4
  Li-ion:
    cost: 161.919
    lifetime: 14.5625
    annual_cost: 11.11890128755365
    efficiency: 0.865612
    discharge_ratio: 2
    depth_of_discharge: 0.9
  Pb-acid:
    cost: 245.248
    lifetime: 17.8832
    annual_cost: 13.71387671110316
    efficiency: 0.716957
    discharge_ratio: 5
    depth_of_discharge: 0.5
  VRBF:
    cost: 315.65
    lifetime: 23.4844
    annual_cost: 13.440837321796595
    efficiency: 0.752597
    discharge_ratio: 0.5
    depth_of_discharge: 1.0
