cost_values:
  wind_capex: 5000.0
  wind_opex: 100
  wind_lifetime: 20
  solar_capex: 1000.0
  solar_opex: 10
  solar_lifetime: 20
  carbon_price: 1.0
timeseries_values:
  load_level: 212644.5764580515
  wind_year: 2018
  solar_year: 2019
  price_year: 2023
  carbon_year: 2023
storage_values:
  CAES:
    cost: 23.2146
    lifetime: 29.5067
    annual_cost: 0.786756906058624
    efficiency: 0.632818
    discharge_ratio: 0.1
    depth_of_discharge: 0.4
  Li-ion:
    cost: 203.615
    lifetime: 21.7507
    annual_cost: 9.361307911929272
    efficiency: 0.895899
    discharge_ratio: 2
    depth_of_discharge: 0.9
  Pb-acid:
    cost: 158.349
    lifetime: 14.1901
    annual_cost: 11.1591179766175
    efficiency: 0.73114
    discharge_ratio: 5
    depth_of_discharge: 0.5
  VRBF:
    cost: 196.604
    lifetime: 20.0989
    annual_cost: 9.78182885630557
    efficiency: 0.758468
    discharge_ratio: 0.5
    depth_of_discharge: 1.0
