cost_values:
  wind_capex: 5000.0
  wind_opex: 100
  wind_lifetime: 20
  solar_capex: 1000.0
  solar_opex: 10
  solar_lifetime: 20
  carbon_price: 1.0
timeseries_values:
  load_level: 212644.5764580515
  wind_year: 2018
  solar_year: 2019
  price_year: 2023
  carbon_year: 2023
storage_values:
  CAES:
    cost: 30.3684
    lifetime: 29.5676
    annual_cost: 1.0270836997253752
    efficiency: 0.630893
    discharge_ratio: 0.1
    depth_of_discharge: 0.4
  Li-ion:
    cost: 240.317
    lifetime: 20.7262
    annual_cost: 11.594841311962638
    efficiency: 0.884594
    discharge_ratio: 2
    depth_of_discharge: 0.9
  Pb-acid:
    cost: 112.358
    lifetime: 13.4259
    annual_cost: 8.368749953448186
    efficiency: 0.73973
    discharge_ratio: 5
    depth_of_discharge: 0.5
  VRBF:
    cost: 195.23
    lifetime: 20.6181
    annual_cost: 9.468864735353888
    efficiency: 0.775939
    discharge_ratio: 0.5
    depth_of_discharge: 1.0
