cost_values:
  wind_capex: 5000.0
  wind_opex: 100
  wind_lifetime: 20
  solar_capex: 1000.0
  solar_opex: 10
  solar_lifetime: 20
  carbon_price: 1.0
timeseries_values:
  load_level: 212644.5764580515
  wind_year: 2018
  solar_year: 2019
  price_year: 2023
  carbon_year: 2023
storage_values:
  CAES:
    cost: 29.3035
    lifetime: 29.3284
    annual_cost: 0.9991509935761924
    efficiency: 0.645914
    discharge_ratio: 0.1
    depth_of_discharge: 0.4
  Li-ion:
    cost: 215.203
    lifetime: 20.5223
    annual_cost: 10.486300268488424
    efficiency: 0.905632
    discharge_ratio: 2
    depth_of_discharge: 0.9
  Pb-acid:
    cost: 118.312
    lifetime: 14.2157
    annual_cost: 8.322629205737318
    efficiency: 0.737911
    discharge_ratio: 5
    depth_of_discharge: 0.5
  VRBF:
    cost: 214.632
    lifetime: 20.9195
    annual_cost: 10.259901049260261
    efficiency: 0.774632
    discharge_ratio: 0.5
    depth_of_discharge: 1.0
