cost_values:
  wind_capex: 5000.0
  wind_opex: 100
  wind_lifetime: 20
  solar_capex: 1000.0
  solar_opex: 10
  solar_lifetime: 20
  carbon_price: 1.0
timeseries_values:
  load_level: 212644.5764580515
  wind_year: 2018
  solar_year: 2019
  price_year: 2023
  carbon_year: 2023
storage_values:
  CAES:
    cost: 25.6363
    lifetime: 29.0471
    annual_cost: 0.8825769181777182
    efficiency: 0.630627
    discharge_ratio: 0.1
    depth_of_discharge: 0.4
  Li-ion:
    cost: 197.679
    lifetime: 21.36
    annual_cost: 9.254634831460674
    efficiency: 0.89003
    discharge_ratio: 2
    depth_of_discharge: 0.9
  Pb-acid:
    cost: 132.305
    lifetime: 13.9817
    annual_cost: 9.462726277920424
    efficiency: 0.752964
    discharge_ratio: 5
    depth_of_discharge: 0.5
  VRBF:
    cost: 212.691
    lifetime: 19.5904
    annual_cost: 10.85689929761516
    efficiency: 0.758799
    discharge_ratio: 0.5
    depth_of_discharge: 1.0
