cost_values:
  wind_capex: 5000.0
  wind_opex: 100
  wind_lifetime: 20
  solar_capex: 1000.0
  solar_opex: 10
  solar_lifetime: 20
  carbon_price: 1.0
timeseries_values:
  load_level: 212644.5764580515
  wind_year: 2018
  solar_year: 2019
  price_year: 2023
  carbon_year: 2023
storage_values:
  CAES:
    cost: 31.4218
    lifetime: 28.7502
    annual_cost: 1.0929245709595063
    efficiency: 0.640918
    discharge_ratio: 0.1
    depth_of_discharge: 0.4
  Li-ion:
    cost: 206.602
    lifetime: 19.5113
    annual_cost: 10.588838262955313
    efficiency: 0.901703
    discharge_ratio: 2
    depth_of_discharge: 0.9
  Pb-acid:
    cost: 143.643
    lifetime: 11.7881
    annual_cost: 12.18542428381164
    efficiency: 0.74114
    discharge_ratio: 5
    depth_of_discharge: 0.5
  VRBF:
    cost: 204.136
    lifetime: 21.6734
    annual_cost: 9.418734485590631
    efficiency: 0.790906
    discharge_ratio: 0.5
    depth_of_discharge: 1.0
