cost_values:
  wind_capex: 5000.0
  wind_opex: 100
  wind_lifetime: 20
  solar_capex: 1000.0
  solar_opex: 10
  solar_lifetime: 20
  carbon_price: 1.0
timeseries_values:
  load_level: 212644.5764580515
  wind_year: 2018
  solar_year: 2019
  price_year: 2023
  carbon_year: 2023
storage_values:
  CAES:
    cost: 33.1939
    lifetime: 28.6659
    annual_cost: 1.1579577128225522
    efficiency: 0.628347
    discharge_ratio: 0.1
    depth_of_discharge: 0.4
  Li-ion:
    cost: 215.183
    lifetime: 20.7684
    annual_cost: 10.361077406059206
    efficiency: 0.904819
    discharge_ratio: 2
    depth_of_discharge: 0.9
  Pb-acid:
    cost: 137.581
    lifetime: 15.1868
    annual_cost: 9.059248821344852
    efficiency: 0.737037
    discharge_ratio: 5
    depth_of_discharge: 0.5
  VRBF:
    cost: 176.796
    lifetime: 21.0036
    annual_cost: 8.417414157572988
    efficiency: 0.769444
    discharge_ratio: 0.5
    depth_of_discharge: 1.0
