cost_values:
  wind_capex: 5000.0
  wind_opex: 100
  wind_lifetime: 20
  solar_capex: 1000.0
  solar_opex: 10
  solar_lifetime: 20
  carbon_price: 1.0
timeseries_values:
  load_level: 212644.5764580515
  wind_year: 2018
  solar_year: 2019
  price_year: 2023
  carbon_year: 2023
storage_values:
  CAES:
    cost: 37.8254
    lifetime: 29.4752
    annual_cost: 1.283295787645207
    efficiency: 0.632262
    discharge_ratio: 0.1
    depth_of_discharge: 0.4
  Li-ion:
    cost: 237.867
    lifetime: 19.9324
    annual_cost: 11.933685858200716
    efficiency: 0.893565
    discharge_ratio: 2
    depth_of_discharge: 0.9
  Pb-acid:
    cost: 138.923
    lifetime: 14.1674
    annual_cost: 9.805821816282451
    efficiency: 0.732169
    discharge_ratio: 5
    depth_of_discharge: 0.5
  VRBF:
    cost: 225.629
    lifetime: 20.113
    annual_cost: 11.218067916273057
    efficiency: 0.749767
    discharge_ratio: 0.5
    depth_of_discharge: 1.0
