cost_values:
  wind_capex: 5000.0
  wind_opex: 100
  wind_lifetime: 20
  solar_capex: 1000.0
  solar_opex: 10
  solar_lifetime: 20
  carbon_price: 1.0
timeseries_values:
  load_level: 212644.5764580515
  wind_year: 2018
  solar_year: 2019
  price_year: 2023
  carbon_year: 2023
storage_values:
  CAES:
    cost: 28.649
    lifetime: 28.8294
    annual_cost: 0.993742498976739
    efficiency: 0.63599
    discharge_ratio: 0.1
    depth_of_discharge: 0.4
  Li-ion:
    cost: 220.065
    lifetime: 21.6649
    annual_cost: 10.15767439498913
    efficiency: 0.893103
    discharge_ratio: 2
    depth_of_discharge: 0.9
  Pb-acid:
    cost: 141.14
    lifetime: 14.2673
    annual_cost: 9.892551498882058
    efficiency: 0.738005
    discharge_ratio: 5
    depth_of_discharge: 0.5
  VRBF:
    cost: 235.293
    lifetime: 19.9516
    annual_cost: 11.793189518635097
    efficiency: 0.748869
    discharge_ratio: 0.5
    depth_of_discharge: 1.0
