cost_values:
  wind_capex: 5000.0
  wind_opex: 100
  wind_lifetime: 20
  solar_capex: 1000.0
  solar_opex: 10
  solar_lifetime: 20
  carbon_price: 1.0
timeseries_values:
  load_level: 212644.5764580515
  wind_year: 2018
  solar_year: 2019
  price_year: 2023
  carbon_year: 2023
storage_values:
  CAES:
    cost: 29.7241
    lifetime: 29.5264
    annual_cost: 1.0066957028286552
    efficiency: 0.635702
    discharge_ratio: 0.1
    depth_of_discharge: 0.4
  Li-ion:
    cost: 230.726
    lifetime: 21.6673
    annual_cost: 10.648581041477248
    efficiency: 0.897636
    discharge_ratio: 2
    depth_of_discharge: 0.9
  Pb-acid:
    cost: 151.59
    lifetime: 15.38
    annual_cost: 9.85630689206762
    efficiency: 0.732401
    discharge_ratio: 5
    depth_of_discharge: 0.5
  VRBF:
    cost: 217.304
    lifetime: 23.621
    annual_cost: 9.199610516066214
    efficiency: 0.759591
    discharge_ratio: 0.5
    depth_of_discharge: 1.0
