cost_values:
  wind_capex: 5000.0
  wind_opex: 100
  wind_lifetime: 20
  solar_capex: 1000.0
  solar_opex: 10
  solar_lifetime: 20
  carbon_price: 1.0
timeseries_values:
  load_level: 212644.5764580515
  wind_year: 2018
  solar_year: 2019
  price_year: 2023
  carbon_year: 2023
storage_values:
  CAES:
    cost: 26.0545
    lifetime: 28.9246
    annual_cost: 0.900773044398194
    efficiency: 0.635497
    discharge_ratio: 0.1
    depth_of_discharge: 0.4
  Li-ion:
    cost: 219.433
    lifetime: 19.8392
    annual_cost: 11.06057703939675
    efficiency: 0.89689
    discharge_ratio: 2
    depth_of_discharge: 0.9
  Pb-acid:
    cost: 151.791
    lifetime: 13.4888
    annual_cost: 11.25311369432418
    efficiency: 0.730228
    discharge_ratio: 5
    depth_of_discharge: 0.5
  VRBF:
    cost: 206.213
    lifetime: 20.0077
    annual_cost: 10.306681927457928
    efficiency: 0.770554
    discharge_ratio: 0.5
    depth_of_discharge: 1.0
