cost_values:
  wind_capex: 5000.0
  wind_opex: 100
  wind_lifetime: 20
  solar_capex: 1000.0
  solar_opex: 10
  solar_lifetime: 20
  carbon_price: 1.0
timeseries_values:
  load_level: 212644.5764580515
  wind_year: 2018
  solar_year: 2019
  price_year: 2023
  carbon_year: 2023
storage_values:
  CAES:
    cost: 34.4451
    lifetime: 27.9285
    annual_cost: 1.2333315430474245
    efficiency: 0.638337
    discharge_ratio: 0.1
    depth_of_discharge: 0.4
  Li-ion:
    cost: 224.616
    lifetime: 20.8038
    annual_cost: 10.796873648083524
    efficiency: 0.891038
    discharge_ratio: 2
    depth_of_discharge: 0.9
  Pb-acid:
    cost: 138.476
    lifetime: 16.3551
    annual_cost: 8.466839089947477
    efficiency: 0.723803
    discharge_ratio: 5
    depth_of_discharge: 0.5
  VRBF:
    cost: 205.098
    lifetime: 20.6744
    annual_cost: 9.920384630267385
    efficiency: 0.746226
    discharge_ratio: 0.5
    depth_of_discharge: 1.0
