cost_values:
  wind_capex: 5000.0
  wind_opex: 100
  wind_lifetime: 20
  solar_capex: 1000.0
  solar_opex: 10
  solar_lifetime: 20
  carbon_price: 1.0
timeseries_values:
  load_level: 212644.5764580515
  wind_year: 2018
  solar_year: 2019
  price_year: 2023
  carbon_year: 2023
storage_values:
  CAES:
    cost: 30.7465
    lifetime: 29.6666
    annual_cost: 1.0364012053959673
    efficiency: 0.639712
    discharge_ratio: 0.1
    depth_of_discharge: 0.4
  Li-ion:
    cost: 202.903
    lifetime: 20.9288
    annual_cost: 9.694918007721418
    efficiency: 0.879292
    discharge_ratio: 2
    depth_of_discharge: 0.9
  Pb-acid:
    cost: 141.068
    lifetime: 13.614
    annual_cost: 10.361980314382254
    efficiency: 0.720515
    discharge_ratio: 5
    depth_of_discharge: 0.5
  VRBF:
    cost: 222.732
    lifetime: 20.4998
    annual_cost: 10.865081610552298
    efficiency: 0.778848
    discharge_ratio: 0.5
    depth_of_discharge: 1.0
