cost_values:
  wind_capex: 5000.0
  wind_opex: 100
  wind_lifetime: 20
  solar_capex: 1000.0
  solar_opex: 10
  solar_lifetime: 20
  carbon_price: 1.0
timeseries_values:
  load_level: 212644.5764580515
  wind_year: 2018
  solar_year: 2019
  price_year: 2023
  carbon_year: 2023
storage_values:
  CAES:
    cost: 31.9354
    lifetime: 28.7326
    annual_cost: 1.1114692022302193
    efficiency: 0.627607
    discharge_ratio: 0.1
    depth_of_discharge: 0.4
  Li-ion:
    cost: 225.571
    lifetime: 23.141
    annual_cost: 9.747677282744911
    efficiency: 0.912432
    discharge_ratio: 2
    depth_of_discharge: 0.9
  Pb-acid:
    cost: 130.58
    lifetime: 14.6379
    annual_cost: 8.920678512628179
    efficiency: 0.740637
    discharge_ratio: 5
    depth_of_discharge: 0.5
  VRBF:
    cost: 208.49
    lifetime: 20.1149
    annual_cost: 10.364953343044212
    efficiency: 0.779295
    discharge_ratio: 0.5
    depth_of_discharge: 1.0
