cost_values:
  wind_capex: 5000.0
  wind_opex: 100
  wind_lifetime: 20
  solar_capex: 1000.0
  solar_opex: 10
  solar_lifetime: 20
  carbon_price: 1.0
timeseries_values:
  load_level: 212644.5764580515
  wind_year: 2018
  solar_year: 2019
  price_year: 2023
  carbon_year: 2023
storage_values:
  CAES:
    cost: 30.2681
    lifetime: 29.3256
    annual_cost: 1.0321391548681016
    efficiency: 0.626323
    discharge_ratio: 0.1
    depth_of_discharge: 0.4
  Li-ion:
    cost: 220.779
    lifetime: 19.8602
    annual_cost: 11.116655421395555
    efficiency: 0.903082
    discharge_ratio: 2
    depth_of_discharge: 0.9
  Pb-acid:
    cost: 135.842
    lifetime: 14.2322
    annual_cost: 9.544694425317239
    efficiency: 0.743754
    discharge_ratio: 5
    depth_of_discharge: 0.5
  VRBF:
    cost: 200.787
    lifetime: 17.9224
    annual_cost: 11.20313127706111
    efficiency: 0.777398
    discharge_ratio: 0.5
    depth_of_discharge: 1.0
