cost_values:
  wind_capex: 5000.0
  wind_opex: 100
  wind_lifetime: 20
  solar_capex: 1000.0
  solar_opex: 10
  solar_lifetime: 20
  carbon_price: 1.0
timeseries_values:
  load_level: 212644.5764580515
  wind_year: 2018
  solar_year: 2019
  price_year: 2023
  carbon_year: 2023
storage_values:
  CAES:
    cost: 28.8748
    lifetime: 29.6003
    annual_cost: 0.975490113275879
    efficiency: 0.629431
    discharge_ratio: 0.1
    depth_of_discharge: 0.4
  Li-ion:
    cost: 204.218
    lifetime: 20.7373
    annual_cost: 9.847858689414725
    efficiency: 0.903057
    discharge_ratio: 2
    depth_of_discharge: 0.9
  Pb-acid:
    cost: 119.374
    lifetime: 15.1869
    annual_cost: 7.860326992342084
    efficiency: 0.741148
    discharge_ratio: 5
    depth_of_discharge: 0.5
  VRBF:
    cost: 204.604
    lifetime: 19.5797
    annual_cost: 10.449802601674184
    efficiency: 0.758155
    discharge_ratio: 0.5
    depth_of_discharge: 1.0
