cost_values:
  wind_capex: 5000.0
  wind_opex: 100
  wind_lifetime: 20
  solar_capex: 1000.0
  solar_opex: 10
  solar_lifetime: 20
  carbon_price: 1.0
timeseries_values:
  load_level: 212644.5764580515
  wind_year: 2018
  solar_year: 2019
  price_year: 2023
  carbon_year: 2023
storage_values:
  CAES:
    cost: 29.5523
    lifetime: 28.9822
    annual_cost: 1.019670694426234
    efficiency: 0.635018
    discharge_ratio: 0.1
    depth_of_discharge: 0.4
  Li-ion:
    cost: 220.215
    lifetime: 21.4235
    annual_cost: 10.279132728078979
    efficiency: 0.881501
    discharge_ratio: 2
    depth_of_discharge: 0.9
  Pb-acid:
    cost: 140.49
    lifetime: 14.4723
    annual_cost: 9.707510209158185
    efficiency: 0.7353
    discharge_ratio: 5
    depth_of_discharge: 0.5
  VRBF:
    cost: 225.838
    lifetime: 21.754
    annual_cost: 10.381447090190308
    efficiency: 0.744598
    discharge_ratio: 0.5
    depth_of_discharge: 1.0
