cost_values:
  wind_capex: 5000.0
  wind_opex: 100
  wind_lifetime: 20
  solar_capex: 1000.0
  solar_opex: 10
  solar_lifetime: 20
  carbon_price: 1.0
timeseries_values:
  load_level: 212644.5764580515
  wind_year: 2018
  solar_year: 2019
  price_year: 2023
  carbon_year: 2023
storage_values:
  CAES:
    cost: 33.6395
    lifetime: 28.3778
    annual_cost: 1.1854160646702703
    efficiency: 0.626031
    discharge_ratio: 0.1
    depth_of_discharge: 0.4
  Li-ion:
    cost: 210.922
    lifetime: 20.7518
    annual_cost: 10.164033963318845
    efficiency: 0.902736
    discharge_ratio: 2
    depth_of_discharge: 0.9
  Pb-acid:
    cost: 116.394
    lifetime: 13.1046
    annual_cost: 8.881919326038187
    efficiency: 0.743449
    discharge_ratio: 5
    depth_of_discharge: 0.5
  VRBF:
    cost: 267.962
    lifetime: 18.8212
    annual_cost: 14.237243108834717
    efficiency: 0.772864
    discharge_ratio: 0.5
    depth_of_discharge: 1.0
