cost_values:
  wind_capex: 5000.0
  wind_opex: 100
  wind_lifetime: 20
  solar_capex: 1000.0
  solar_opex: 10
  solar_lifetime: 20
  carbon_price: 1.0
timeseries_values:
  load_level: 212644.5764580515
  wind_year: 2018
  solar_year: 2019
  price_year: 2023
  carbon_year: 2023
storage_values:
  CAES:
    cost: 32.432
    lifetime: 29.6583
    annual_cost: 1.0935218808900038
    efficiency: 0.624189
    discharge_ratio: 0.1
    depth_of_discharge: 0.4
  Li-ion:
    cost: 218.692
    lifetime: 21.5357
    annual_cost: 10.15485914086842
    efficiency: 0.904375
    discharge_ratio: 2
    depth_of_discharge: 0.9
  Pb-acid:
    cost: 140.727
    lifetime: 14.383
    annual_cost: 9.784259194882848
    efficiency: 0.71952
    discharge_ratio: 5
    depth_of_discharge: 0.5
  VRBF:
    cost: 237.724
    lifetime: 18.6177
    annual_cost: 12.768709346482112
    efficiency: 0.783105
    discharge_ratio: 0.5
    depth_of_discharge: 1.0
