cost_values:
  wind_capex: 5000.0
  wind_opex: 100
  wind_lifetime: 20
  solar_capex: 1000.0
  solar_opex: 10
  solar_lifetime: 20
  carbon_price: 1.0
timeseries_values:
  load_level: 212644.5764580515
  wind_year: 2018
  solar_year: 2019
  price_year: 2023
  carbon_year: 2023
storage_values:
  CAES:
    cost: 33.5444
    lifetime: 28.8887
    annual_cost: 1.1611598998916532
    efficiency: 0.632358
    discharge_ratio: 0.1
    depth_of_discharge: 0.4
  Li-ion:
    cost: 229.677
    lifetime: 21.5339
    annual_cost: 10.665833871244875
    efficiency: 0.908793
    discharge_ratio: 2
    depth_of_discharge: 0.9
  Pb-acid:
    cost: 150.927
    lifetime: 13.7831
    annual_cost: 10.950149095631607
    efficiency: 0.739071
    discharge_ratio: 5
    depth_of_discharge: 0.5
  VRBF:
    cost: 213.558
    lifetime: 20.6937
    annual_cost: 10.319952449296162
    efficiency: 0.763764
    discharge_ratio: 0.5
    depth_of_discharge: 1.0
