cost_values:
  wind_capex: 5000.0
  wind_opex: 100
  wind_lifetime: 20
  solar_capex: 1000.0
  solar_opex: 10
  solar_lifetime: 20
  carbon_price: 1.0
timeseries_values:
  load_level: 212644.5764580515
  wind_year: 2018
  solar_year: 2019
  price_year: 2023
  carbon_year: 2023
storage_values:
  CAES:
    cost: 34.6264
    lifetime: 28.9382
    annual_cost: 1.1965637116337575
    efficiency: 0.627834
    discharge_ratio: 0.1
    depth_of_discharge: 0.4
  Li-ion:
    cost: 233.292
    lifetime: 21.8396
    annual_cost: 10.682063774061795
    efficiency: 0.888558
    discharge_ratio: 2
    depth_of_discharge: 0.9
  Pb-acid:
    cost: 152.014
    lifetime: 12.2018
    annual_cost: 12.45832582078054
    efficiency: 0.724415
    discharge_ratio: 5
    depth_of_discharge: 0.5
  VRBF:
    cost: 209.514
    lifetime: 20.1336
    annual_cost: 10.406186673024198
    efficiency: 0.763362
    discharge_ratio: 0.5
    depth_of_discharge: 1.0
