cost_values:
  wind_capex: 5000.0
  wind_opex: 100
  wind_lifetime: 20
  solar_capex: 1000.0
  solar_opex: 10
  solar_lifetime: 20
  carbon_price: 1.0
timeseries_values:
  load_level: 212644.5764580515
  wind_year: 2018
  solar_year: 2019
  price_year: 2023
  carbon_year: 2023
storage_values:
  CAES:
    cost: 31.2586
    lifetime: 29.2068
    annual_cost: 1.0702507635208238
    efficiency: 0.630113
    discharge_ratio: 0.1
    depth_of_discharge: 0.4
  Li-ion:
    cost: 218.713
    lifetime: 20.985
    annual_cost: 10.422349297116988
    efficiency: 0.893815
    discharge_ratio: 2
    depth_of_discharge: 0.9
  Pb-acid:
    cost: 136.306
    lifetime: 14.0775
    annual_cost: 9.682543065174926
    efficiency: 0.746746
    discharge_ratio: 5
    depth_of_discharge: 0.5
  VRBF:
    cost: 239.435
    lifetime: 20.7648
    annual_cost: 11.5308117583603
    efficiency: 0.765312
    discharge_ratio: 0.5
    depth_of_discharge: 1.0
