cost_values:
  wind_capex: 5000.0
  wind_opex: 100
  wind_lifetime: 20
  solar_capex: 1000.0
  solar_opex: 10
  solar_lifetime: 20
  carbon_price: 1.0
timeseries_values:
  load_level: 212644.5764580515
  wind_year: 2018
  solar_year: 2019
  price_year: 2023
  carbon_year: 2023
storage_values:
  CAES:
    cost: 32.8443
    lifetime: 29.4253
    annual_cost: 1.116192528198523
    efficiency: 0.638426
    discharge_ratio: 0.1
    depth_of_discharge: 0.4
  Li-ion:
    cost: 218.515
    lifetime: 20.8806
    annual_cost: 10.464977060046166
    efficiency: 0.89878
    discharge_ratio: 2
    depth_of_discharge: 0.9
  Pb-acid:
    cost: 141.438
    lifetime: 15.2309
    annual_cost: 9.286253602873106
    efficiency: 0.731117
    discharge_ratio: 5
    depth_of_discharge: 0.5
  VRBF:
    cost: 223.189
    lifetime: 20.5545
    annual_cost: 10.858400836799726
    efficiency: 0.779404
    discharge_ratio: 0.5
    depth_of_discharge: 1.0
