cost_values:
  wind_capex: 5000.0
  wind_opex: 100
  wind_lifetime: 20
  solar_capex: 1000.0
  solar_opex: 10
  solar_lifetime: 20
  carbon_price: 1.0
timeseries_values:
  load_level: 212644.5764580515
  wind_year: 2018
  solar_year: 2019
  price_year: 2023
  carbon_year: 2023
storage_values:
  CAES:
    cost: 32.3353
    lifetime: 28.7681
    annual_cost: 1.1239984566238297
    efficiency: 0.637233
    discharge_ratio: 0.1
    depth_of_discharge: 0.4
  Li-ion:
    cost: 245.938
    lifetime: 20.5504
    annual_cost: 11.967552943008409
    efficiency: 0.892523
    discharge_ratio: 2
    depth_of_discharge: 0.9
  Pb-acid:
    cost: 133.366
    lifetime: 12.9316
    annual_cost: 10.313186303319004
    efficiency: 0.731229
    discharge_ratio: 5
    depth_of_discharge: 0.5
  VRBF:
    cost: 199.472
    lifetime: 23.604
    annual_cost: 8.450771055753263
    efficiency: 0.767074
    discharge_ratio: 0.5
    depth_of_discharge: 1.0
