cost_values:
  wind_capex: 5000.0
  wind_opex: 100
  wind_lifetime: 20
  solar_capex: 1000.0
  solar_opex: 10
  solar_lifetime: 20
  carbon_price: 1.0
timeseries_values:
  load_level: 212644.5764580515
  wind_year: 2018
  solar_year: 2019
  price_year: 2023
  carbon_year: 2023
storage_values:
  CAES:
    cost: 31.0177
    lifetime: 28.8269
    annual_cost: 1.0759984597719492
    efficiency: 0.631609
    discharge_ratio: 0.1
    depth_of_discharge: 0.4
  Li-ion:
    cost: 246.693
    lifetime: 21.7602
    annual_cost: 11.336890285934873
    efficiency: 0.916619
    discharge_ratio: 2
    depth_of_discharge: 0.9
  Pb-acid:
    cost: 140.697
    lifetime: 11.1595
    annual_cost: 12.607822931134908
    efficiency: 0.742809
    discharge_ratio: 5
    depth_of_discharge: 0.5
  VRBF:
    cost: 215.36
    lifetime: 22.7617
    annual_cost: 9.461507708123735
    efficiency: 0.766669
    discharge_ratio: 0.5
    depth_of_discharge: 1.0
