cost_values:
  wind_capex: 5000.0
  wind_opex: 100
  wind_lifetime: 20
  solar_capex: 1000.0
  solar_opex: 10
  solar_lifetime: 20
  carbon_price: 1.0
timeseries_values:
  load_level: 212644.5764580515
  wind_year: 2018
  solar_year: 2019
  price_year: 2023
  carbon_year: 2023
storage_values:
  CAES:
    cost: 30.2432
    lifetime: 29.6634
    annual_cost: 1.0195459724778684
    efficiency: 0.637821
    discharge_ratio: 0.1
    depth_of_discharge: 0.4
  Li-ion:
    cost: 216.256
    lifetime: 18.6352
    annual_cost: 11.60470507426805
    efficiency: 0.903806
    discharge_ratio: 2
    depth_of_discharge: 0.9
  Pb-acid:
    cost: 122.389
    lifetime: 14.2584
    annual_cost: 8.58364192335746
    efficiency: 0.720467
    discharge_ratio: 5
    depth_of_discharge: 0.5
  VRBF:
    cost: 226.439
    lifetime: 20.2377
    annual_cost: 11.188969102220113
    efficiency: 0.763913
    discharge_ratio: 0.5
    depth_of_discharge: 1.0
