cost_values:
  wind_capex: 5000.0
  wind_opex: 100
  wind_lifetime: 20
  solar_capex: 1000.0
  solar_opex: 10
  solar_lifetime: 20
  carbon_price: 1.0
timeseries_values:
  load_level: 212644.5764580515
  wind_year: 2018
  solar_year: 2019
  price_year: 2023
  carbon_year: 2023
storage_values:
  CAES:
    cost: 26.654
    lifetime: 29.2093
    annual_cost: 0.9125175885762412
    efficiency: 0.633092
    discharge_ratio: 0.1
    depth_of_discharge: 0.4
  Li-ion:
    cost: 225.909
    lifetime: 20.5131
    annual_cost: 11.012913699050848
    efficiency: 0.916941
    discharge_ratio: 2
    depth_of_discharge: 0.9
  Pb-acid:
    cost: 139.062
    lifetime: 14.6211
    annual_cost: 9.511049100272894
    efficiency: 0.723315
    discharge_ratio: 5
    depth_of_discharge: 0.5
  VRBF:
    cost: 238.36
    lifetime: 21.4465
    annual_cost: 11.11416781292985
    efficiency: 0.777492
    discharge_ratio: 0.5
    depth_of_discharge: 1.0
