cost_values:
  wind_capex: 5000.0
  wind_opex: 100
  wind_lifetime: 20
  solar_capex: 1000.0
  solar_opex: 10
  solar_lifetime: 20
  carbon_price: 1.0
timeseries_values:
  load_level: 212644.5764580515
  wind_year: 2018
  solar_year: 2019
  price_year: 2023
  carbon_year: 2023
storage_values:
  CAES:
    cost: 31.4989
    lifetime: 27.7558
    annual_cost: 1.1348582998868704
    efficiency: 0.640221
    discharge_ratio: 0.1
    depth_of_discharge: 0.4
  Li-ion:
    cost: 215.952
    lifetime: 20.3911
    annual_cost: 10.590502719323625
    efficiency: 0.904341
    discharge_ratio: 2
    depth_of_discharge: 0.9
  Pb-acid:
    cost: 121.208
    lifetime: 13.6009
    annual_cost: 8.911763192141697
    efficiency: 0.732458
    discharge_ratio: 5
    depth_of_discharge: 0.5
  VRBF:
    cost: 227.754
    lifetime: 20.1518
    annual_cost: 11.301918439047627
    efficiency: 0.763232
    discharge_ratio: 0.5
    depth_of_discharge: 1.0
