cost_values:
  wind_capex: 5000.0
  wind_opex: 100
  wind_lifetime: 20
  solar_capex: 1000.0
  solar_opex: 10
  solar_lifetime: 20
  carbon_price: 1.0
timeseries_values:
  load_level: 212644.5764580515
  wind_year: 2018
  solar_year: 2019
  price_year: 2023
  carbon_year: 2023
storage_values:
  CAES:
    cost: 28.9565
    lifetime: 29.0945
    annual_cost: 0.9952568354843698
    efficiency: 0.635699
    discharge_ratio: 0.1
    depth_of_discharge: 0.4
  Li-ion:
    cost: 234.455
    lifetime: 19.8593
    annual_cost: 11.805803829943654
    efficiency: 0.893777
    discharge_ratio: 2
    depth_of_discharge: 0.9
  Pb-acid:
    cost: 139.673
    lifetime: 14.1972
    annual_cost: 9.838066661031753
    efficiency: 0.745156
    discharge_ratio: 5
    depth_of_discharge: 0.5
  VRBF:
    cost: 202.298
    lifetime: 20.8626
    annual_cost: 9.696682100984537
    efficiency: 0.750703
    discharge_ratio: 0.5
    depth_of_discharge: 1.0
