cost_values:
  wind_capex: 5000.0
  wind_opex: 100
  wind_lifetime: 20
  solar_capex: 1000.0
  solar_opex: 10
  solar_lifetime: 20
  carbon_price: 1.0
timeseries_values:
  load_level: 212644.5764580515
  wind_year: 2018
  solar_year: 2019
  price_year: 2023
  carbon_year: 2023
storage_values:
  CAES:
    cost: 26.1301
    lifetime: 29.1214
    annual_cost: 0.897281724092935
    efficiency: 0.637419
    discharge_ratio: 0.1
    depth_of_discharge: 0.4
  Li-ion:
    cost: 221.512
    lifetime: 21.0179
    annual_cost: 10.539207056842026
    efficiency: 0.903498
    discharge_ratio: 2
    depth_of_discharge: 0.9
  Pb-acid:
    cost: 151.705
    lifetime: 14.4769
    annual_cost: 10.479108096346595
    efficiency: 0.712597
    discharge_ratio: 5
    depth_of_discharge: 0.5
  VRBF:
    cost: 216.731
    lifetime: 21.5147
    annual_cost: 10.073624080279993
    efficiency: 0.778626
    discharge_ratio: 0.5
    depth_of_discharge: 1.0
