cost_values:
  wind_capex: 5000.0
  wind_opex: 100
  wind_lifetime: 20
  solar_capex: 1000.0
  solar_opex: 10
  solar_lifetime: 20
  carbon_price: 1.0
timeseries_values:
  load_level: 212644.5764580515
  wind_year: 2018
  solar_year: 2019
  price_year: 2023
  carbon_year: 2023
storage_values:
  CAES:
    cost: 23.7574
    lifetime: 28.2331
    annual_cost: 0.8414733061548325
    efficiency: 0.637268
    discharge_ratio: 0.1
    depth_of_discharge: 0.4
  Li-ion:
    cost: 226.934
    lifetime: 20.4205
    annual_cost: 11.113048162385837
    efficiency: 0.892659
    discharge_ratio: 2
    depth_of_discharge: 0.9
  Pb-acid:
    cost: 142.027
    lifetime: 13.7699
    annual_cost: 10.314308745887768
    efficiency: 0.746664
    discharge_ratio: 5
    depth_of_discharge: 0.5
  VRBF:
    cost: 207.469
    lifetime: 19.2788
    annual_cost: 10.761510052492893
    efficiency: 0.782664
    discharge_ratio: 0.5
    depth_of_discharge: 1.0
