cost_values:
  wind_capex: 5000.0
  wind_opex: 100
  wind_lifetime: 20
  solar_capex: 1000.0
  solar_opex: 10
  solar_lifetime: 20
  carbon_price: 1.0
timeseries_values:
  load_level: 212644.5764580515
  wind_year: 2018
  solar_year: 2019
  price_year: 2023
  carbon_year: 2023
storage_values:
  CAES:
    cost: 27.2413
    lifetime: 29.6475
    annual_cost: 0.9188396998060544
    efficiency: 0.641675
    discharge_ratio: 0.1
    depth_of_discharge: 0.4
  Li-ion:
    cost: 238.336
    lifetime: 23.162
    annual_cost: 10.289957689318713
    efficiency: 0.887745
    discharge_ratio: 2
    depth_of_discharge: 0.9
  Pb-acid:
    cost: 131.432
    lifetime: 14.8188
    annual_cost: 8.869274165249548
    efficiency: 0.744756
    discharge_ratio: 5
    depth_of_discharge: 0.5
  VRBF:
    cost: 209.213
    lifetime: 20.4078
    annual_cost: 10.251619478826722
    efficiency: 0.778331
    discharge_ratio: 0.5
    depth_of_discharge: 1.0
