cost_values:
  wind_capex: 5000.0
  wind_opex: 100
  wind_lifetime: 20
  solar_capex: 1000.0
  solar_opex: 10
  solar_lifetime: 20
  carbon_price: 1.0
timeseries_values:
  load_level: 212644.5764580515
  wind_year: 2018
  solar_year: 2019
  price_year: 2023
  carbon_year: 2023
storage_values:
  CAES:
    cost: 35.8091
    lifetime: 29.7116
    annual_cost: 1.2052228759137844
    efficiency: 0.635311
    discharge_ratio: 0.1
    depth_of_discharge: 0.4
  Li-ion:
    cost: 222.095
    lifetime: 21.223
    annual_cost: 10.464825896433116
    efficiency: 0.902052
    discharge_ratio: 2
    depth_of_discharge: 0.9
  Pb-acid:
    cost: 130.9
    lifetime: 11.5581
    annual_cost: 11.32539085143752
    efficiency: 0.737987
    discharge_ratio: 5
    depth_of_discharge: 0.5
  VRBF:
    cost: 189.717
    lifetime: 21.6017
    annual_cost: 8.782503228912539
    efficiency: 0.767253
    discharge_ratio: 0.5
    depth_of_discharge: 1.0
