cost_values:
  wind_capex: 5000.0
  wind_opex: 100
  wind_lifetime: 20
  solar_capex: 1000.0
  solar_opex: 10
  solar_lifetime: 20
  carbon_price: 1.0
timeseries_values:
  load_level: 212644.5764580515
  wind_year: 2018
  solar_year: 2019
  price_year: 2023
  carbon_year: 2023
storage_values:
  CAES:
    cost: 24.4039
    lifetime: 28.6267
    annual_cost: 0.8524873631958976
    efficiency: 0.6338
    discharge_ratio: 0.1
    depth_of_discharge: 0.4
  Li-ion:
    cost: 209.95
    lifetime: 20.2912
    annual_cost: 10.346849865951743
    efficiency: 0.902068
    discharge_ratio: 2
    depth_of_discharge: 0.9
  Pb-acid:
    cost: 136.835
    lifetime: 12.4958
    annual_cost: 10.95047936106532
    efficiency: 0.733334
    discharge_ratio: 5
    depth_of_discharge: 0.5
  VRBF:
    cost: 206.027
    lifetime: 21.5251
    annual_cost: 9.571477019851244
    efficiency: 0.773167
    discharge_ratio: 0.5
    depth_of_discharge: 1.0
