cost_values:
  wind_capex: 5000.0
  wind_opex: 100
  wind_lifetime: 20
  solar_capex: 1000.0
  solar_opex: 10
  solar_lifetime: 20
  carbon_price: 1.0
timeseries_values:
  load_level: 212644.5764580515
  wind_year: 2018
  solar_year: 2019
  price_year: 2023
  carbon_year: 2023
storage_values:
  CAES:
    cost: 32.8117
    lifetime: 29.5541
    annual_cost: 1.11022497724512
    efficiency: 0.622392
    discharge_ratio: 0.1
    depth_of_discharge: 0.4
  Li-ion:
    cost: 219.758
    lifetime: 22.3665
    annual_cost: 9.825319115641697
    efficiency: 0.892557
    discharge_ratio: 2
    depth_of_discharge: 0.9
  Pb-acid:
    cost: 130.489
    lifetime: 13.7922
    annual_cost: 9.461072200229117
    efficiency: 0.723235
    discharge_ratio: 5
    depth_of_discharge: 0.5
  VRBF:
    cost: 208.577
    lifetime: 20.0427
    annual_cost: 10.406631841019424
    efficiency: 0.7562
    discharge_ratio: 0.5
    depth_of_discharge: 1.0
