cost_values:
  wind_capex: 5000.0
  wind_opex: 100
  wind_lifetime: 20
  solar_capex: 1000.0
  solar_opex: 10
  solar_lifetime: 20
  carbon_price: 1.0
timeseries_values:
  load_level: 212644.5764580515
  wind_year: 2018
  solar_year: 2019
  price_year: 2023
  carbon_year: 2023
storage_values:
  CAES:
    cost: 29.0011
    lifetime: 29.3565
    annual_cost: 0.987893652172432
    efficiency: 0.628717
    discharge_ratio: 0.1
    depth_of_discharge: 0.4
  Li-ion:
    cost: 252.11
    lifetime: 21.7425
    annual_cost: 11.595262734276188
    efficiency: 0.889116
    discharge_ratio: 2
    depth_of_discharge: 0.9
  Pb-acid:
    cost: 107.13
    lifetime: 14.2913
    annual_cost: 7.496168997921813
    efficiency: 0.726193
    discharge_ratio: 5
    depth_of_discharge: 0.5
  VRBF:
    cost: 248.535
    lifetime: 19.7953
    annual_cost: 12.555253014604476
    efficiency: 0.753717
    discharge_ratio: 0.5
    depth_of_discharge: 1.0
