cost_values:
  wind_capex: 5000.0
  wind_opex: 100
  wind_lifetime: 20
  solar_capex: 1000.0
  solar_opex: 10
  solar_lifetime: 20
  carbon_price: 1.0
timeseries_values:
  load_level: 212644.5764580515
  wind_year: 2018
  solar_year: 2019
  price_year: 2023
  carbon_year: 2023
storage_values:
  CAES:
    cost: 32.7304
    lifetime: 29.0688
    annual_cost: 1.125963232056363
    efficiency: 0.626019
    discharge_ratio: 0.1
    depth_of_discharge: 0.4
  Li-ion:
    cost: 197.197
    lifetime: 18.5969
    annual_cost: 10.603756540068506
    efficiency: 0.89508
    discharge_ratio: 2
    depth_of_discharge: 0.9
  Pb-acid:
    cost: 130.108
    lifetime: 13.9335
    annual_cost: 9.337783040872717
    efficiency: 0.73926
    discharge_ratio: 5
    depth_of_discharge: 0.5
  VRBF:
    cost: 226.417
    lifetime: 20.1707
    annual_cost: 11.225044247348878
    efficiency: 0.759305
    discharge_ratio: 0.5
    depth_of_discharge: 1.0
