cost_values:
  wind_capex: 5000.0
  wind_opex: 100
  wind_lifetime: 20
  solar_capex: 1000.0
  solar_opex: 10
  solar_lifetime: 20
  carbon_price: 1.0
timeseries_values:
  load_level: 212644.5764580515
  wind_year: 2018
  solar_year: 2019
  price_year: 2023
  carbon_year: 2023
storage_values:
  CAES:
    cost: 30.5063
    lifetime: 28.9502
    annual_cost: 1.0537509240005252
    efficiency: 0.646411
    discharge_ratio: 0.1
    depth_of_discharge: 0.4
  Li-ion:
    cost: 220.783
    lifetime: 21.1626
    annual_cost: 10.432697305624071
    efficiency: 0.904847
    discharge_ratio: 2
    depth_of_discharge: 0.9
  Pb-acid:
    cost: 125.609
    lifetime: 14.6508
    annual_cost: 8.573524995222103
    efficiency: 0.739084
    discharge_ratio: 5
    depth_of_discharge: 0.5
  VRBF:
    cost: 193.093
    lifetime: 20.2866
    annual_cost: 9.518253428371438
    efficiency: 0.765421
    discharge_ratio: 0.5
    depth_of_discharge: 1.0
