cost_values:
  wind_capex: 5000.0
  wind_opex: 100
  wind_lifetime: 20
  solar_capex: 1000.0
  solar_opex: 10
  solar_lifetime: 20
  carbon_price: 1.0
timeseries_values:
  load_level: 212644.5764580515
  wind_year: 2018
  solar_year: 2019
  price_year: 2023
  carbon_year: 2023
storage_values:
  CAES:
    cost: 32.3423
    lifetime: 28.4459
    annual_cost: 1.136975803191321
    efficiency: 0.637111
    discharge_ratio: 0.1
    depth_of_discharge: 0.4
  Li-ion:
    cost: 243.674
    lifetime: 20.3833
    annual_cost: 11.954590277334878
    efficiency: 0.886712
    discharge_ratio: 2
    depth_of_discharge: 0.9
  Pb-acid:
    cost: 120.022
    lifetime: 14.2247
    annual_cost: 8.437576890901038
    efficiency: 0.729703
    discharge_ratio: 5
    depth_of_discharge: 0.5
  VRBF:
    cost: 249.902
    lifetime: 19.4168
    annual_cost: 12.87040088995097
    efficiency: 0.752376
    discharge_ratio: 0.5
    depth_of_discharge: 1.0
