cost_values:
  wind_capex: 5000.0
  wind_opex: 100
  wind_lifetime: 20
  solar_capex: 1000.0
  solar_opex: 10
  solar_lifetime: 20
  carbon_price: 1.0
timeseries_values:
  load_level: 212644.5764580515
  wind_year: 2018
  solar_year: 2019
  price_year: 2023
  carbon_year: 2023
storage_values:
  CAES:
    cost: 26.5399
    lifetime: 29.0412
    annual_cost: 0.9138706389543132
    efficiency: 0.625151
    discharge_ratio: 0.1
    depth_of_discharge: 0.4
  Li-ion:
    cost: 220.179
    lifetime: 22.8879
    annual_cost: 9.61988649024157
    efficiency: 0.881784
    discharge_ratio: 2
    depth_of_discharge: 0.9
  Pb-acid:
    cost: 116.871
    lifetime: 15.2609
    annual_cost: 7.658198402453328
    efficiency: 0.710969
    discharge_ratio: 5
    depth_of_discharge: 0.5
  VRBF:
    cost: 217.384
    lifetime: 18.9554
    annual_cost: 11.468183209006403
    efficiency: 0.75522
    discharge_ratio: 0.5
    depth_of_discharge: 1.0
