cost_values:
  wind_capex: 5000.0
  wind_opex: 100
  wind_lifetime: 20
  solar_capex: 1000.0
  solar_opex: 10
  solar_lifetime: 20
  carbon_price: 1.0
timeseries_values:
  load_level: 212644.5764580515
  wind_year: 2018
  solar_year: 2019
  price_year: 2023
  carbon_year: 2023
storage_values:
  CAES:
    cost: 31.9318
    lifetime: 28.4792
    annual_cost: 1.1212323379870222
    efficiency: 0.640654
    discharge_ratio: 0.1
    depth_of_discharge: 0.4
  Li-ion:
    cost: 227.101
    lifetime: 20.1102
    annual_cost: 11.292826525842608
    efficiency: 0.896387
    discharge_ratio: 2
    depth_of_discharge: 0.9
  Pb-acid:
    cost: 126.252
    lifetime: 14.0159
    annual_cost: 9.007769747215661
    efficiency: 0.73166
    discharge_ratio: 5
    depth_of_discharge: 0.5
  VRBF:
    cost: 213.941
    lifetime: 19.724
    annual_cost: 10.846734942202392
    efficiency: 0.766143
    discharge_ratio: 0.5
    depth_of_discharge: 1.0
