cost_values:
  wind_capex: 5000.0
  wind_opex: 100
  wind_lifetime: 20
  solar_capex: 1000.0
  solar_opex: 10
  solar_lifetime: 20
  carbon_price: 1.0
timeseries_values:
  load_level: 212644.5764580515
  wind_year: 2018
  solar_year: 2019
  price_year: 2023
  carbon_year: 2023
storage_values:
  CAES:
    cost: 26.9495
    lifetime: 28.3349
    annual_cost: 0.9511062329494722
    efficiency: 0.64141
    discharge_ratio: 0.1
    depth_of_discharge: 0.4
  Li-ion:
    cost: 222.234
    lifetime: 21.7316
    annual_cost: 10.226306392534374
    efficiency: 0.91396
    discharge_ratio: 2
    depth_of_discharge: 0.9
  Pb-acid:
    cost: 127.358
    lifetime: 15.4828
    annual_cost: 8.225773115973855
    efficiency: 0.739161
    discharge_ratio: 5
    depth_of_discharge: 0.5
  VRBF:
    cost: 231.634
    lifetime: 22.5721
    annual_cost: 10.261960561932652
    efficiency: 0.760899
    discharge_ratio: 0.5
    depth_of_discharge: 1.0
