cost_values:
  wind_capex: 5000.0
  wind_opex: 100
  wind_lifetime: 20
  solar_capex: 1000.0
  solar_opex: 10
  solar_lifetime: 20
  carbon_price: 1.0
timeseries_values:
  load_level: 212644.5764580515
  wind_year: 2018
  solar_year: 2019
  price_year: 2023
  carbon_year: 2023
storage_values:
  CAES:
    cost: 34.2534
    lifetime: 29.4339
    annual_cost: 1.1637397694495122
    efficiency: 0.639705
    discharge_ratio: 0.1
    depth_of_discharge: 0.4
  Li-ion:
    cost: 237.541
    lifetime: 17.83
    annual_cost: 13.322546270330903
    efficiency: 0.885705
    discharge_ratio: 2
    depth_of_discharge: 0.9
  Pb-acid:
    cost: 142.882
    lifetime: 14.4623
    annual_cost: 9.879618041390373
    efficiency: 0.747906
    discharge_ratio: 5
    depth_of_discharge: 0.5
  VRBF:
    cost: 225.403
    lifetime: 21.177
    annual_cost: 10.64376446144402
    efficiency: 0.75833
    discharge_ratio: 0.5
    depth_of_discharge: 1.0
