cost_values:
  wind_capex: 5000.0
  wind_opex: 100
  wind_lifetime: 20
  solar_capex: 1000.0
  solar_opex: 10
  solar_lifetime: 20
  carbon_price: 1.0
timeseries_values:
  load_level: 212644.5764580515
  wind_year: 2018
  solar_year: 2019
  price_year: 2023
  carbon_year: 2023
storage_values:
  CAES:
    cost: 33.1427
    lifetime: 29.5426
    annual_cost: 1.1218613121390804
    efficiency: 0.630185
    discharge_ratio: 0.1
    depth_of_discharge: 0.4
  Li-ion:
    cost: 231.125
    lifetime: 19.9854
    annual_cost: 11.564692225324487
    efficiency: 0.890212
    discharge_ratio: 2
    depth_of_discharge: 0.9
  Pb-acid:
    cost: 164.63
    lifetime: 12.6402
    annual_cost: 13.024319235455135
    efficiency: 0.727348
    discharge_ratio: 5
    depth_of_discharge: 0.5
  VRBF:
    cost: 236.053
    lifetime: 20.2572
    annual_cost: 11.652795055585173
    efficiency: 0.75507
    discharge_ratio: 0.5
    depth_of_discharge: 1.0
