cost_values:
  wind_capex: 5000.0
  wind_opex: 100
  wind_lifetime: 20
  solar_capex: 1000.0
  solar_opex: 10
  solar_lifetime: 20
  carbon_price: 1.0
timeseries_values:
  load_level: 212644.5764580515
  wind_year: 2018
  solar_year: 2019
  price_year: 2023
  carbon_year: 2023
storage_values:
  CAES:
    cost: 29.9006
    lifetime: 29.7036
    annual_cost: 1.0066321927308475
    efficiency: 0.638672
    discharge_ratio: 0.1
    depth_of_discharge: 0.4
  Li-ion:
    cost: 232.905
    lifetime: 22.0711
    annual_cost: 10.552487189129677
    efficiency: 0.909728
    discharge_ratio: 2
    depth_of_discharge: 0.9
  Pb-acid:
    cost: 130.863
    lifetime: 13.572
    annual_cost: 9.6421308576481
    efficiency: 0.732694
    discharge_ratio: 5
    depth_of_discharge: 0.5
  VRBF:
    cost: 222.847
    lifetime: 21.748
    annual_cost: 10.246781313224204
    efficiency: 0.748489
    discharge_ratio: 0.5
    depth_of_discharge: 1.0
