cost_values:
  wind_capex: 5000.0
  wind_opex: 100
  wind_lifetime: 20
  solar_capex: 1000.0
  solar_opex: 10
  solar_lifetime: 20
  carbon_price: 1.0
timeseries_values:
  load_level: 212644.5764580515
  wind_year: 2018
  solar_year: 2019
  price_year: 2023
  carbon_year: 2023
storage_values:
  CAES:
    cost: 24.0607
    lifetime: 28.2834
    annual_cost: 0.8507004108416951
    efficiency: 0.626108
    discharge_ratio: 0.1
    depth_of_discharge: 0.4
  Li-ion:
    cost: 223.509
    lifetime: 22.2403
    annual_cost: 10.04972954501513
    efficiency: 0.912438
    discharge_ratio: 2
    depth_of_discharge: 0.9
  Pb-acid:
    cost: 130.393
    lifetime: 14.3763
    annual_cost: 9.069997148084
    efficiency: 0.746176
    discharge_ratio: 5
    depth_of_discharge: 0.5
  VRBF:
    cost: 196.944
    lifetime: 19.5419
    annual_cost: 10.078037447740495
    efficiency: 0.763967
    discharge_ratio: 0.5
    depth_of_discharge: 1.0
