cost_values:
  wind_capex: 5000.0
  wind_opex: 100
  wind_lifetime: 20
  solar_capex: 1000.0
  solar_opex: 10
  solar_lifetime: 20
  carbon_price: 1.0
timeseries_values:
  load_level: 212644.5764580515
  wind_year: 2018
  solar_year: 2019
  price_year: 2023
  carbon_year: 2023
storage_values:
  CAES:
    cost: 25.0
    lifetime: 29.2611
    annual_cost: 0.8543766297234212
    efficiency: 0.639763
    discharge_ratio: 0.1
    depth_of_discharge: 0.4
  Li-ion:
    cost: 225.017
    lifetime: 20.0794
    annual_cost: 11.206360747831111
    efficiency: 0.905302
    discharge_ratio: 2
    depth_of_discharge: 0.9
  Pb-acid:
    cost: 125.531
    lifetime: 15.1592
    annual_cost: 8.280845954931658
    efficiency: 0.742611
    discharge_ratio: 5
    depth_of_discharge: 0.5
  VRBF:
    cost: 243.328
    lifetime: 20.3707
    annual_cost: 11.94499943546368
    efficiency: 0.750478
    discharge_ratio: 0.5
    depth_of_discharge: 1.0
