cost_values:
  wind_capex: 5000.0
  wind_opex: 100
  wind_lifetime: 20
  solar_capex: 1000.0
  solar_opex: 10
  solar_lifetime: 20
  carbon_price: 1.0
timeseries_values:
  load_level: 212644.5764580515
  wind_year: 2018
  solar_year: 2019
  price_year: 2023
  carbon_year: 2023
storage_values:
  CAES:
    cost: 30.9747
    lifetime: 29.2828
    annual_cost: 1.057777944732061
    efficiency: 0.633566
    discharge_ratio: 0.1
    depth_of_discharge: 0.4
  Li-ion:
    cost: 204.865
    lifetime: 23.1491
    annual_cost: 8.84980409605557
    efficiency: 0.895136
    discharge_ratio: 2
    depth_of_discharge: 0.9
  Pb-acid:
    cost: 146.784
    lifetime: 14.4431
    annual_cost: 10.162915163642154
    efficiency: 0.72574
    discharge_ratio: 5
    depth_of_discharge: 0.5
  VRBF:
    cost: 222.946
    lifetime: 20.7648
    annual_cost: 10.736727538912005
    efficiency: 0.758311
    discharge_ratio: 0.5
    depth_of_discharge: 1.0
