cost_values:
  wind_capex: 5000.0
  wind_opex: 100
  wind_lifetime: 20
  solar_capex: 1000.0
  solar_opex: 10
  solar_lifetime: 20
  carbon_price: 1.0
timeseries_values:
  load_level: 212644.5764580515
  wind_year: 2018
  solar_year: 2019
  price_year: 2023
  carbon_year: 2023
storage_values:
  CAES:
    cost: 25.0955
    lifetime: 29.5451
    annual_cost: 0.8493963466023131
    efficiency: 0.624207
    discharge_ratio: 0.1
    depth_of_discharge: 0.4
  Li-ion:
    cost: 213.72
    lifetime: 21.3285
    annual_cost: 10.020395245797877
    efficiency: 0.901345
    discharge_ratio: 2
    depth_of_discharge: 0.9
  Pb-acid:
    cost: 149.459
    lifetime: 14.138
    annual_cost: 10.5714386759089
    efficiency: 0.723106
    discharge_ratio: 5
    depth_of_discharge: 0.5
  VRBF:
    cost: 201.5
    lifetime: 18.2666
    annual_cost: 11.031062157161157
    efficiency: 0.746427
    discharge_ratio: 0.5
    depth_of_discharge: 1.0
