cost_values:
  wind_capex: 5000.0
  wind_opex: 100
  wind_lifetime: 20
  solar_capex: 1000.0
  solar_opex: 10
  solar_lifetime: 20
  carbon_price: 1.0
timeseries_values:
  load_level: 212644.5764580515
  wind_year: 2018
  solar_year: 2019
  price_year: 2023
  carbon_year: 2023
storage_values:
  CAES:
    cost: 31.0732
    lifetime: 29.5748
    annual_cost: 1.0506647551293669
    efficiency: 0.635864
    discharge_ratio: 0.1
    depth_of_discharge: 0.4
  Li-ion:
    cost: 227.631
    lifetime: 23.3827
    annual_cost: 9.735017769547571
    efficiency: 0.887631
    discharge_ratio: 2
    depth_of_discharge: 0.9
  Pb-acid:
    cost: 156.387
    lifetime: 15.5298
    annual_cost: 10.070123246918827
    efficiency: 0.733873
    discharge_ratio: 5
    depth_of_discharge: 0.5
  VRBF:
    cost: 215.398
    lifetime: 20.76
    annual_cost: 10.37562620423892
    efficiency: 0.757569
    discharge_ratio: 0.5
    depth_of_discharge: 1.0
