cost_values:
  wind_capex: 5000.0
  wind_opex: 100
  wind_lifetime: 20
  solar_capex: 1000.0
  solar_opex: 10
  solar_lifetime: 20
  carbon_price: 1.0
timeseries_values:
  load_level: 212644.5764580515
  wind_year: 2018
  solar_year: 2019
  price_year: 2023
  carbon_year: 2023
storage_values:
  CAES:
    cost: 36.2864
    lifetime: 28.6127
    annual_cost: 1.2681920965165818
    efficiency: 0.623147
    discharge_ratio: 0.1
    depth_of_discharge: 0.4
  Li-ion:
    cost: 218.459
    lifetime: 20.5396
    annual_cost: 10.635990963796763
    efficiency: 0.894622
    discharge_ratio: 2
    depth_of_discharge: 0.9
  Pb-acid:
    cost: 114.682
    lifetime: 13.4622
    annual_cost: 8.51881564677393
    efficiency: 0.721955
    discharge_ratio: 5
    depth_of_discharge: 0.5
  VRBF:
    cost: 201.154
    lifetime: 21.9945
    annual_cost: 9.145650048875856
    efficiency: 0.77572
    discharge_ratio: 0.5
    depth_of_discharge: 1.0
