cost_values:
  wind_capex: 5000.0
  wind_opex: 100
  wind_lifetime: 20
  solar_capex: 1000.0
  solar_opex: 10
  solar_lifetime: 20
  carbon_price: 1.0
timeseries_values:
  load_level: 212644.5764580515
  wind_year: 2018
  solar_year: 2019
  price_year: 2023
  carbon_year: 2023
storage_values:
  CAES:
    cost: 35.5532
    lifetime: 28.6815
    annual_cost: 1.2395864930355802
    efficiency: 0.6271
    discharge_ratio: 0.1
    depth_of_discharge: 0.4
  Li-ion:
    cost: 235.97
    lifetime: 20.6469
    annual_cost: 11.428834352856846
    efficiency: 0.899765
    discharge_ratio: 2
    depth_of_discharge: 0.9
  Pb-acid:
    cost: 124.163
    lifetime: 14.8643
    annual_cost: 8.353101054203696
    efficiency: 0.743308
    discharge_ratio: 5
    depth_of_discharge: 0.5
  VRBF:
    cost: 186.195
    lifetime: 19.4814
    annual_cost: 9.557577997474514
    efficiency: 0.745003
    discharge_ratio: 0.5
    depth_of_discharge: 1.0
