cost_values:
  wind_capex: 5000.0
  wind_opex: 100
  wind_lifetime: 20
  solar_capex: 1000.0
  solar_opex: 10
  solar_lifetime: 20
  carbon_price: 1.0
timeseries_values:
  load_level: 212644.5764580515
  wind_year: 2018
  solar_year: 2019
  price_year: 2023
  carbon_year: 2023
storage_values:
  CAES:
    cost: 31.5267
    lifetime: 28.6805
    annual_cost: 1.0992381583305733
    efficiency: 0.639527
    discharge_ratio: 0.1
    depth_of_discharge: 0.4
  Li-ion:
    cost: 241.059
    lifetime: 22.0268
    annual_cost: 10.943895618065264
    efficiency: 0.891891
    discharge_ratio: 2
    depth_of_discharge: 0.9
  Pb-acid:
    cost: 123.137
    lifetime: 14.5819
    annual_cost: 8.444509974694656
    efficiency: 0.734337
    discharge_ratio: 5
    depth_of_discharge: 0.5
  VRBF:
    cost: 204.761
    lifetime: 19.9811
    annual_cost: 10.247734108732752
    efficiency: 0.778981
    discharge_ratio: 0.5
    depth_of_discharge: 1.0
