cost_values:
  wind_capex: 5000.0
  wind_opex: 100
  wind_lifetime: 20
  solar_capex: 1000.0
  solar_opex: 10
  solar_lifetime: 20
  carbon_price: 1.0
timeseries_values:
  load_level: 212644.5764580515
  wind_year: 2018
  solar_year: 2019
  price_year: 2023
  carbon_year: 2023
storage_values:
  CAES:
    cost: 33.7428
    lifetime: 29.5587
    annual_cost: 1.141552233352617
    efficiency: 0.643494
    discharge_ratio: 0.1
    depth_of_discharge: 0.4
  Li-ion:
    cost: 203.142
    lifetime: 19.4273
    annual_cost: 10.456522522429777
    efficiency: 0.90148
    discharge_ratio: 2
    depth_of_discharge: 0.9
  Pb-acid:
    cost: 114.265
    lifetime: 13.91
    annual_cost: 8.214593817397555
    efficiency: 0.738962
    discharge_ratio: 5
    depth_of_discharge: 0.5
  VRBF:
    cost: 214.459
    lifetime: 20.4559
    annual_cost: 10.483967950566829
    efficiency: 0.759476
    discharge_ratio: 0.5
    depth_of_discharge: 1.0
