cost_values:
  wind_capex: 5000.0
  wind_opex: 100
  wind_lifetime: 20
  solar_capex: 1000.0
  solar_opex: 10
  solar_lifetime: 20
  carbon_price: 1.0
timeseries_values:
  load_level: 212644.5764580515
  wind_year: 2018
  solar_year: 2019
  price_year: 2023
  carbon_year: 2023
storage_values:
  CAES:
    cost: 32.969
    lifetime: 29.2722
    annual_cost: 1.1262904735551138
    efficiency: 0.635402
    discharge_ratio: 0.1
    depth_of_discharge: 0.4
  Li-ion:
    cost: 220.197
    lifetime: 20.7946
    annual_cost: 10.58914333528897
    efficiency: 0.904425
    discharge_ratio: 2
    depth_of_discharge: 0.9
  Pb-acid:
    cost: 138.493
    lifetime: 13.8754
    annual_cost: 9.9811897314672
    efficiency: 0.739415
    discharge_ratio: 5
    depth_of_discharge: 0.5
  VRBF:
    cost: 211.951
    lifetime: 19.184
    annual_cost: 11.048321517931608
    efficiency: 0.768756
    discharge_ratio: 0.5
    depth_of_discharge: 1.0
