cost_values:
  wind_capex: 5000.0
  wind_opex: 100
  wind_lifetime: 20
  solar_capex: 1000.0
  solar_opex: 10
  solar_lifetime: 20
  carbon_price: 1.0
timeseries_values:
  load_level: 212644.5764580515
  wind_year: 2018
  solar_year: 2019
  price_year: 2023
  carbon_year: 2023
storage_values:
  CAES:
    cost: 28.7745
    lifetime: 29.4018
    annual_cost: 0.9786645715568434
    efficiency: 0.640764
    discharge_ratio: 0.1
    depth_of_discharge: 0.4
  Li-ion:
    cost: 225.327
    lifetime: 19.9007
    annual_cost: 11.322566542885426
    efficiency: 0.895607
    discharge_ratio: 2
    depth_of_discharge: 0.9
  Pb-acid:
    cost: 129.17
    lifetime: 13.8835
    annual_cost: 9.303849893758777
    efficiency: 0.732394
    discharge_ratio: 5
    depth_of_discharge: 0.5
  VRBF:
    cost: 199.11
    lifetime: 20.6457
    annual_cost: 9.644138973248667
    efficiency: 0.77042
    discharge_ratio: 0.5
    depth_of_discharge: 1.0
