cost_values:
  wind_capex: 5000.0
  wind_opex: 100
  wind_lifetime: 20
  solar_capex: 1000.0
  solar_opex: 10
  solar_lifetime: 20
  carbon_price: 1.0
timeseries_values:
  load_level: 212644.5764580515
  wind_year: 2018
  solar_year: 2019
  price_year: 2023
  carbon_year: 2023
storage_values:
  CAES:
    cost: 26.0272
    lifetime: 29.2821
    annual_cost: 0.8888433548140332
    efficiency: 0.6395
    discharge_ratio: 0.1
    depth_of_discharge: 0.4
  Li-ion:
    cost: 231.911
    lifetime: 23.6124
    annual_cost: 9.821576798631227
    efficiency: 0.881804
    discharge_ratio: 2
    depth_of_discharge: 0.9
  Pb-acid:
    cost: 158.431
    lifetime: 13.72
    annual_cost: 11.547448979591836
    efficiency: 0.73053
    discharge_ratio: 5
    depth_of_discharge: 0.5
  VRBF:
    cost: 206.329
    lifetime: 18.1219
    annual_cost: 11.385616298511746
    efficiency: 0.780024
    discharge_ratio: 0.5
    depth_of_discharge: 1.0
