cost_values:
  wind_capex: 5000.0
  wind_opex: 100
  wind_lifetime: 20
  solar_capex: 1000.0
  solar_opex: 10
  solar_lifetime: 20
  carbon_price: 1.0
timeseries_values:
  load_level: 212644.5764580515
  wind_year: 2018
  solar_year: 2019
  price_year: 2023
  carbon_year: 2023
storage_values:
  CAES:
    cost: 30.4663
    lifetime: 28.7278
    annual_cost: 1.0605162943211803
    efficiency: 0.642629
    discharge_ratio: 0.1
    depth_of_discharge: 0.4
  Li-ion:
    cost: 229.57
    lifetime: 20.9886
    annual_cost: 10.937842447804998
    efficiency: 0.910252
    discharge_ratio: 2
    depth_of_discharge: 0.9
  Pb-acid:
    cost: 141.066
    lifetime: 12.5058
    annual_cost: 11.280046058628797
    efficiency: 0.74113
    discharge_ratio: 5
    depth_of_discharge: 0.5
  VRBF:
    cost: 209.21
    lifetime: 22.1506
    annual_cost: 9.44489088331693
    efficiency: 0.76829
    discharge_ratio: 0.5
    depth_of_discharge: 1.0
