cost_values:
  wind_capex: 5000.0
  wind_opex: 100
  wind_lifetime: 20
  solar_capex: 1000.0
  solar_opex: 10
  solar_lifetime: 20
  carbon_price: 1.0
timeseries_values:
  load_level: 212644.5764580515
  wind_year: 2018
  solar_year: 2019
  price_year: 2023
  carbon_year: 2023
storage_values:
  CAES:
    cost: 33.918
    lifetime: 28.773
    annual_cost: 1.1788134709623606
    efficiency: 0.6309
    discharge_ratio: 0.1
    depth_of_discharge: 0.4
  Li-ion:
    cost: 213.242
    lifetime: 20.4698
    annual_cost: 10.417395382465877
    efficiency: 0.895016
    discharge_ratio: 2
    depth_of_discharge: 0.9
  Pb-acid:
    cost: 141.358
    lifetime: 13.7781
    annual_cost: 10.259614896103237
    efficiency: 0.748723
    discharge_ratio: 5
    depth_of_discharge: 0.5
  VRBF:
    cost: 218.096
    lifetime: 18.7861
    annual_cost: 11.609434635182396
    efficiency: 0.765874
    discharge_ratio: 0.5
    depth_of_discharge: 1.0
