cost_values:
  wind_capex: 5000.0
  wind_opex: 100
  wind_lifetime: 20
  solar_capex: 1000.0
  solar_opex: 10
  solar_lifetime: 20
  carbon_price: 1.0
timeseries_values:
  load_level: 212644.5764580515
  wind_year: 2018
  solar_year: 2019
  price_year: 2023
  carbon_year: 2023
storage_values:
  CAES:
    cost: 25.8649
    lifetime: 29.1519
    annual_cost: 0.8872457712876347
    efficiency: 0.634808
    discharge_ratio: 0.1
    depth_of_discharge: 0.4
  Li-ion:
    cost: 225.913
    lifetime: 20.8264
    annual_cost: 10.847434026043867
    efficiency: 0.896626
    discharge_ratio: 2
    depth_of_discharge: 0.9
  Pb-acid:
    cost: 125.362
    lifetime: 13.2328
    annual_cost: 9.473580799226166
    efficiency: 0.726031
    discharge_ratio: 5
    depth_of_discharge: 0.5
  VRBF:
    cost: 231.0
    lifetime: 21.3269
    annual_cost: 10.831391341451408
    efficiency: 0.743581
    discharge_ratio: 0.5
    depth_of_discharge: 1.0
