cost_values:
  wind_capex: 5000.0
  wind_opex: 100
  wind_lifetime: 20
  solar_capex: 1000.0
  solar_opex: 10
  solar_lifetime: 20
  carbon_price: 1.0
timeseries_values:
  load_level: 212644.5764580515
  wind_year: 2018
  solar_year: 2019
  price_year: 2023
  carbon_year: 2023
storage_values:
  CAES:
    cost: 27.1613
    lifetime: 28.881
    annual_cost: 0.9404556628925591
    efficiency: 0.624604
    discharge_ratio: 0.1
    depth_of_discharge: 0.4
  Li-ion:
    cost: 215.659
    lifetime: 20.026
    annual_cost: 10.768950364526116
    efficiency: 0.894888
    discharge_ratio: 2
    depth_of_discharge: 0.9
  Pb-acid:
    cost: 131.619
    lifetime: 13.68
    annual_cost: 9.621271929824562
    efficiency: 0.737956
    discharge_ratio: 5
    depth_of_discharge: 0.5
  VRBF:
    cost: 215.484
    lifetime: 20.8589
    annual_cost: 10.330554343709402
    efficiency: 0.784268
    discharge_ratio: 0.5
    depth_of_discharge: 1.0
