cost_values:
  wind_capex: 5000.0
  wind_opex: 100
  wind_lifetime: 20
  solar_capex: 1000.0
  solar_opex: 10
  solar_lifetime: 20
  carbon_price: 1.0
timeseries_values:
  load_level: 212644.5764580515
  wind_year: 2018
  solar_year: 2019
  price_year: 2023
  carbon_year: 2023
storage_values:
  CAES:
    cost: 22.5971
    lifetime: 29.2034
    annual_cost: 0.7737831896286049
    efficiency: 0.61657
    discharge_ratio: 0.1
    depth_of_discharge: 0.4
  Li-ion:
    cost: 241.131
    lifetime: 20.1499
    annual_cost: 11.966858396319585
    efficiency: 0.896252
    discharge_ratio: 2
    depth_of_discharge: 0.9
  Pb-acid:
    cost: 151.355
    lifetime: 14.9164
    annual_cost: 10.146885307446837
    efficiency: 0.725698
    discharge_ratio: 5
    depth_of_discharge: 0.5
  VRBF:
    cost: 225.558
    lifetime: 18.3728
    annual_cost: 12.276735173735085
    efficiency: 0.775314
    discharge_ratio: 0.5
    depth_of_discharge: 1.0
