cost_values:
  wind_capex: 5000.0
  wind_opex: 100
  wind_lifetime: 20
  solar_capex: 1000.0
  solar_opex: 10
  solar_lifetime: 20
  carbon_price: 1.0
timeseries_values:
  load_level: 212644.5764580515
  wind_year: 2018
  solar_year: 2019
  price_year: 2023
  carbon_year: 2023
storage_values:
  CAES:
    cost: 30.6249
    lifetime: 29.121
    annual_cost: 1.051643144122798
    efficiency: 0.621475
    discharge_ratio: 0.1
    depth_of_discharge: 0.4
  Li-ion:
    cost: 201.122
    lifetime: 22.3105
    annual_cost: 9.014679186929921
    efficiency: 0.884287
    discharge_ratio: 2
    depth_of_discharge: 0.9
  Pb-acid:
    cost: 151.893
    lifetime: 11.5622
    annual_cost: 13.137032744633373
    efficiency: 0.724842
    discharge_ratio: 5
    depth_of_discharge: 0.5
  VRBF:
    cost: 235.039
    lifetime: 20.2913
    annual_cost: 11.583240107829463
    efficiency: 0.754545
    discharge_ratio: 0.5
    depth_of_discharge: 1.0
