cost_values:
  wind_capex: 5000.0
  wind_opex: 100
  wind_lifetime: 20
  solar_capex: 1000.0
  solar_opex: 10
  solar_lifetime: 20
  carbon_price: 1.0
timeseries_values:
  load_level: 212644.5764580515
  wind_year: 2018
  solar_year: 2019
  price_year: 2023
  carbon_year: 2023
storage_values:
  CAES:
    cost: 30.3077
    lifetime: 29.8223
    annual_cost: 1.0162764106054865
    efficiency: 0.641659
    discharge_ratio: 0.1
    depth_of_discharge: 0.4
  Li-ion:
    cost: 218.798
    lifetime: 20.7964
    annual_cost: 10.520955549999039
    efficiency: 0.889358
    discharge_ratio: 2
    depth_of_discharge: 0.9
  Pb-acid:
    cost: 133.875
    lifetime: 14.709
    annual_cost: 9.101570467060982
    efficiency: 0.73962
    discharge_ratio: 5
    depth_of_discharge: 0.5
  VRBF:
    cost: 211.783
    lifetime: 19.1312
    annual_cost: 11.07003219871205
    efficiency: 0.756206
    discharge_ratio: 0.5
    depth_of_discharge: 1.0
