cost_values:
  wind_capex: 5000.0
  wind_opex: 100
  wind_lifetime: 20
  solar_capex: 1000.0
  solar_opex: 10
  solar_lifetime: 20
  carbon_price: 1.0
timeseries_values:
  load_level: 212644.5764580515
  wind_year: 2018
  solar_year: 2019
  price_year: 2023
  carbon_year: 2023
storage_values:
  CAES:
    cost: 31.9858
    lifetime: 28.7344
    annual_cost: 1.1131535720251684
    efficiency: 0.633207
    discharge_ratio: 0.1
    depth_of_discharge: 0.4
  Li-ion:
    cost: 224.969
    lifetime: 20.5603
    annual_cost: 10.94191232618201
    efficiency: 0.892525
    discharge_ratio: 2
    depth_of_discharge: 0.9
  Pb-acid:
    cost: 125.388
    lifetime: 14.2505
    annual_cost: 8.798849163187256
    efficiency: 0.714811
    discharge_ratio: 5
    depth_of_discharge: 0.5
  VRBF:
    cost: 238.64
    lifetime: 20.7981
    annual_cost: 11.4741250402681
    efficiency: 0.770768
    discharge_ratio: 0.5
    depth_of_discharge: 1.0
