cost_values:
  wind_capex: 5000.0
  wind_opex: 100
  wind_lifetime: 20
  solar_capex: 1000.0
  solar_opex: 10
  solar_lifetime: 20
  carbon_price: 1.0
timeseries_values:
  load_level: 212644.5764580515
  wind_year: 2018
  solar_year: 2019
  price_year: 2023
  carbon_year: 2023
storage_values:
  CAES:
    cost: 30.6285
    lifetime: 29.3776
    annual_cost: 1.0425800609988563
    efficiency: 0.636584
    discharge_ratio: 0.1
    depth_of_discharge: 0.4
  Li-ion:
    cost: 238.682
    lifetime: 21.0579
    annual_cost: 11.334558526728685
    efficiency: 0.91077
    discharge_ratio: 2
    depth_of_discharge: 0.9
  Pb-acid:
    cost: 116.991
    lifetime: 13.8223
    annual_cost: 8.463931473054412
    efficiency: 0.728783
    discharge_ratio: 5
    depth_of_discharge: 0.5
  VRBF:
    cost: 249.877
    lifetime: 20.1226
    annual_cost: 12.417729319272858
    efficiency: 0.761655
    discharge_ratio: 0.5
    depth_of_discharge: 1.0
