cost_values:
  wind_capex: 5000.0
  wind_opex: 100
  wind_lifetime: 20
  solar_capex: 1000.0
  solar_opex: 10
  solar_lifetime: 20
  carbon_price: 1.0
timeseries_values:
  load_level: 212644.5764580515
  wind_year: 2018
  solar_year: 2019
  price_year: 2023
  carbon_year: 2023
storage_values:
  CAES:
    cost: 30.8122
    lifetime: 28.531
    annual_cost: 1.0799551365181732
    efficiency: 0.622528
    discharge_ratio: 0.1
    depth_of_discharge: 0.4
  Li-ion:
    cost: 225.555
    lifetime: 19.4407
    annual_cost: 11.602205681894171
    efficiency: 0.894931
    discharge_ratio: 2
    depth_of_discharge: 0.9
  Pb-acid:
    cost: 142.455
    lifetime: 14.7188
    annual_cost: 9.678438459657038
    efficiency: 0.739199
    discharge_ratio: 5
    depth_of_discharge: 0.5
  VRBF:
    cost: 214.257
    lifetime: 19.9484
    annual_cost: 10.740560646467888
    efficiency: 0.767798
    discharge_ratio: 0.5
    depth_of_discharge: 1.0
