cost_values:
  wind_capex: 5000.0
  wind_opex: 100
  wind_lifetime: 20
  solar_capex: 1000.0
  solar_opex: 10
  solar_lifetime: 20
  carbon_price: 1.0
timeseries_values:
  load_level: 212644.5764580515
  wind_year: 2018
  solar_year: 2019
  price_year: 2023
  carbon_year: 2023
storage_values:
  CAES:
    cost: 33.4291
    lifetime: 29.0483
    annual_cost: 1.1508108908266577
    efficiency: 0.639999
    discharge_ratio: 0.1
    depth_of_discharge: 0.4
  Li-ion:
    cost: 243.571
    lifetime: 19.4308
    annual_cost: 12.535304773864173
    efficiency: 0.906851
    discharge_ratio: 2
    depth_of_discharge: 0.9
  Pb-acid:
    cost: 163.363
    lifetime: 13.0066
    annual_cost: 12.560007995940522
    efficiency: 0.736933
    discharge_ratio: 5
    depth_of_discharge: 0.5
  VRBF:
    cost: 216.869
    lifetime: 19.0513
    annual_cost: 11.383422653572197
    efficiency: 0.7811
    discharge_ratio: 0.5
    depth_of_discharge: 1.0
