cost_values:
  wind_capex: 5000.0
  wind_opex: 100
  wind_lifetime: 20
  solar_capex: 1000.0
  solar_opex: 10
  solar_lifetime: 20
  carbon_price: 1.0
timeseries_values:
  load_level: 212644.5764580515
  wind_year: 2018
  solar_year: 2019
  price_year: 2023
  carbon_year: 2023
storage_values:
  CAES:
    cost: 30.15
    lifetime: 29.0009
    annual_cost: 1.0396229082545714
    efficiency: 0.637338
    discharge_ratio: 0.1
    depth_of_discharge: 0.4
  Li-ion:
    cost: 209.374
    lifetime: 21.4763
    annual_cost: 9.74907223311278
    efficiency: 0.901368
    discharge_ratio: 2
    depth_of_discharge: 0.9
  Pb-acid:
    cost: 136.074
    lifetime: 12.8611
    annual_cost: 10.580276959202557
    efficiency: 0.740523
    discharge_ratio: 5
    depth_of_discharge: 0.5
  VRBF:
    cost: 273.51
    lifetime: 19.1194
    annual_cost: 14.3053652311265
    efficiency: 0.761418
    discharge_ratio: 0.5
    depth_of_discharge: 1.0
