cost_values:
  wind_capex: 5000.0
  wind_opex: 100
  wind_lifetime: 20
  solar_capex: 1000.0
  solar_opex: 10
  solar_lifetime: 20
  carbon_price: 1.0
timeseries_values:
  load_level: 212644.5764580515
  wind_year: 2018
  solar_year: 2019
  price_year: 2023
  carbon_year: 2023
storage_values:
  CAES:
    cost: 20.8758
    lifetime: 28.8314
    annual_cost: 0.7240647349764494
    efficiency: 0.625138
    discharge_ratio: 0.1
    depth_of_discharge: 0.4
  Li-ion:
    cost: 216.178
    lifetime: 20.0383
    annual_cost: 10.788240519405338
    efficiency: 0.907066
    discharge_ratio: 2
    depth_of_discharge: 0.9
  Pb-acid:
    cost: 142.158
    lifetime: 13.1303
    annual_cost: 10.826713784148115
    efficiency: 0.719273
    discharge_ratio: 5
    depth_of_discharge: 0.5
  VRBF:
    cost: 240.523
    lifetime: 19.9821
    annual_cost: 12.036923046126283
    efficiency: 0.759288
    discharge_ratio: 0.5
    depth_of_discharge: 1.0
