cost_values:
  wind_capex: 5000.0
  wind_opex: 100
  wind_lifetime: 20
  solar_capex: 1000.0
  solar_opex: 10
  solar_lifetime: 20
  carbon_price: 1.0
timeseries_values:
  load_level: 212644.5764580515
  wind_year: 2018
  solar_year: 2019
  price_year: 2023
  carbon_year: 2023
storage_values:
  CAES:
    cost: 27.7479
    lifetime: 29.4735
    annual_cost: 0.9414524912209272
    efficiency: 0.632932
    discharge_ratio: 0.1
    depth_of_discharge: 0.4
  Li-ion:
    cost: 236.138
    lifetime: 20.4887
    annual_cost: 11.52527978837115
    efficiency: 0.909128
    discharge_ratio: 2
    depth_of_discharge: 0.9
  Pb-acid:
    cost: 130.436
    lifetime: 12.1272
    annual_cost: 10.755656705587441
    efficiency: 0.748246
    discharge_ratio: 5
    depth_of_discharge: 0.5
  VRBF:
    cost: 228.175
    lifetime: 20.0642
    annual_cost: 11.372245093250665
    efficiency: 0.769027
    discharge_ratio: 0.5
    depth_of_discharge: 1.0
