cost_values:
  wind_capex: 5000.0
  wind_opex: 100
  wind_lifetime: 20
  solar_capex: 1000.0
  solar_opex: 10
  solar_lifetime: 20
  carbon_price: 1.0
timeseries_values:
  load_level: 212644.5764580515
  wind_year: 2018
  solar_year: 2019
  price_year: 2023
  carbon_year: 2023
storage_values:
  CAES:
    cost: 32.129
    lifetime: 29.5172
    annual_cost: 1.0884840025476672
    efficiency: 0.636804
    discharge_ratio: 0.1
    depth_of_discharge: 0.4
  Li-ion:
    cost: 228.051
    lifetime: 20.6693
    annual_cost: 11.033319947942116
    efficiency: 0.890223
    discharge_ratio: 2
    depth_of_discharge: 0.9
  Pb-acid:
    cost: 135.316
    lifetime: 13.9257
    annual_cost: 9.716998068319725
    efficiency: 0.714453
    discharge_ratio: 5
    depth_of_discharge: 0.5
  VRBF:
    cost: 239.103
    lifetime: 20.3618
    annual_cost: 11.74272412065731
    efficiency: 0.763996
    discharge_ratio: 0.5
    depth_of_discharge: 1.0
