cost_values:
  wind_capex: 5000.0
  wind_opex: 100
  wind_lifetime: 20
  solar_capex: 1000.0
  solar_opex: 10
  solar_lifetime: 20
  carbon_price: 1.0
timeseries_values:
  load_level: 212644.5764580515
  wind_year: 2018
  solar_year: 2019
  price_year: 2023
  carbon_year: 2023
storage_values:
  CAES:
    cost: 31.479
    lifetime: 28.0796
    annual_cost: 1.1210629781051011
    efficiency: 0.626106
    discharge_ratio: 0.1
    depth_of_discharge: 0.4
  Li-ion:
    cost: 242.492
    lifetime: 21.7452
    annual_cost: 11.151518496035907
    efficiency: 0.889153
    discharge_ratio: 2
    depth_of_discharge: 0.9
  Pb-acid:
    cost: 129.218
    lifetime: 14.6113
    annual_cost: 8.843703161251907
    efficiency: 0.727466
    discharge_ratio: 5
    depth_of_discharge: 0.5
  VRBF:
    cost: 228.954
    lifetime: 20.5092
    annual_cost: 11.163477853841204
    efficiency: 0.753494
    discharge_ratio: 0.5
    depth_of_discharge: 1.0
