cost_values:
  wind_capex: 5000.0
  wind_opex: 100
  wind_lifetime: 20
  solar_capex: 1000.0
  solar_opex: 10
  solar_lifetime: 20
  carbon_price: 1.0
timeseries_values:
  load_level: 212644.5764580515
  wind_year: 2018
  solar_year: 2019
  price_year: 2023
  carbon_year: 2023
storage_values:
  CAES:
    cost: 27.9207
    lifetime: 29.1854
    annual_cost: 0.9566666895091381
    efficiency: 0.63043
    discharge_ratio: 0.1
    depth_of_discharge: 0.4
  Li-ion:
    cost: 223.113
    lifetime: 19.7953
    annual_cost: 11.271008774810182
    efficiency: 0.901945
    discharge_ratio: 2
    depth_of_discharge: 0.9
  Pb-acid:
    cost: 138.285
    lifetime: 14.9192
    annual_cost: 9.268928628880905
    efficiency: 0.723836
    discharge_ratio: 5
    depth_of_discharge: 0.5
  VRBF:
    cost: 190.141
    lifetime: 21.1255
    annual_cost: 9.000544365813827
    efficiency: 0.738417
    discharge_ratio: 0.5
    depth_of_discharge: 1.0
