cost_values:
  wind_capex: 5000.0
  wind_opex: 100
  wind_lifetime: 20
  solar_capex: 1000.0
  solar_opex: 10
  solar_lifetime: 20
  carbon_price: 1.0
timeseries_values:
  load_level: 212644.5764580515
  wind_year: 2018
  solar_year: 2019
  price_year: 2023
  carbon_year: 2023
storage_values:
  CAES:
    cost: 26.0646
    lifetime: 29.9799
    annual_cost: 0.869402499674782
    efficiency: 0.629867
    discharge_ratio: 0.1
    depth_of_discharge: 0.4
  Li-ion:
    cost: 229.513
    lifetime: 22.3637
    annual_cost: 10.262747219824984
    efficiency: 0.907948
    discharge_ratio: 2
    depth_of_discharge: 0.9
  Pb-acid:
    cost: 157.86
    lifetime: 14.6976
    annual_cost: 10.740529065969955
    efficiency: 0.747526
    discharge_ratio: 5
    depth_of_discharge: 0.5
  VRBF:
    cost: 190.713
    lifetime: 20.3467
    annual_cost: 9.37316616453774
    efficiency: 0.766567
    discharge_ratio: 0.5
    depth_of_discharge: 1.0
