cost_values:
  wind_capex: 5000.0
  wind_opex: 100
  wind_lifetime: 20
  solar_capex: 1000.0
  solar_opex: 10
  solar_lifetime: 20
  carbon_price: 1.0
timeseries_values:
  load_level: 212644.5764580515
  wind_year: 2018
  solar_year: 2019
  price_year: 2023
  carbon_year: 2023
storage_values:
  CAES:
    cost: 37.041
    lifetime: 29.6433
    annual_cost: 1.249557235530457
    efficiency: 0.627082
    discharge_ratio: 0.1
    depth_of_discharge: 0.4
  Li-ion:
    cost: 242.196
    lifetime: 20.4505
    annual_cost: 11.843035622600913
    efficiency: 0.90051
    discharge_ratio: 2
    depth_of_discharge: 0.9
  Pb-acid:
    cost: 160.147
    lifetime: 13.8463
    annual_cost: 11.566050136137452
    efficiency: 0.74249
    discharge_ratio: 5
    depth_of_discharge: 0.5
  VRBF:
    cost: 232.586
    lifetime: 18.823
    annual_cost: 12.356478775965574
    efficiency: 0.78083
    discharge_ratio: 0.5
    depth_of_discharge: 1.0
