cost_values:
  wind_capex: 5000.0
  wind_opex: 100
  wind_lifetime: 20
  solar_capex: 1000.0
  solar_opex: 10
  solar_lifetime: 20
  carbon_price: 1.0
timeseries_values:
  load_level: 212644.5764580515
  wind_year: 2018
  solar_year: 2019
  price_year: 2023
  carbon_year: 2023
storage_values:
  CAES:
    cost: 30.9316
    lifetime: 29.4524
    annual_cost: 1.0502234113348996
    efficiency: 0.640716
    discharge_ratio: 0.1
    depth_of_discharge: 0.4
  Li-ion:
    cost: 226.57
    lifetime: 20.4555
    annual_cost: 11.076238664417883
    efficiency: 0.899417
    discharge_ratio: 2
    depth_of_discharge: 0.9
  Pb-acid:
    cost: 136.364
    lifetime: 15.004
    annual_cost: 9.08850973073847
    efficiency: 0.739772
    discharge_ratio: 5
    depth_of_discharge: 0.5
  VRBF:
    cost: 218.324
    lifetime: 20.4793
    annual_cost: 10.66071594243944
    efficiency: 0.770085
    discharge_ratio: 0.5
    depth_of_discharge: 1.0
