cost_values:
  wind_capex: 5000.0
  wind_opex: 100
  wind_lifetime: 20
  solar_capex: 1000.0
  solar_opex: 10
  solar_lifetime: 20
  carbon_price: 1.0
timeseries_values:
  load_level: 212644.5764580515
  wind_year: 2018
  solar_year: 2019
  price_year: 2023
  carbon_year: 2023
storage_values:
  CAES:
    cost: 32.7289
    lifetime: 28.6253
    annual_cost: 1.1433557028223287
    efficiency: 0.633109
    discharge_ratio: 0.1
    depth_of_discharge: 0.4
  Li-ion:
    cost: 244.657
    lifetime: 22.0372
    annual_cost: 11.102000254115769
    efficiency: 0.908161
    discharge_ratio: 2
    depth_of_discharge: 0.9
  Pb-acid:
    cost: 151.239
    lifetime: 14.0409
    annual_cost: 10.77131807790099
    efficiency: 0.720207
    discharge_ratio: 5
    depth_of_discharge: 0.5
  VRBF:
    cost: 201.542
    lifetime: 20.0296
    annual_cost: 10.062207932260256
    efficiency: 0.778803
    discharge_ratio: 0.5
    depth_of_discharge: 1.0
