cost_values:
  wind_capex: 5000.0
  wind_opex: 100
  wind_lifetime: 20
  solar_capex: 1000.0
  solar_opex: 10
  solar_lifetime: 20
  carbon_price: 1.0
timeseries_values:
  load_level: 212644.5764580515
  wind_year: 2018
  solar_year: 2019
  price_year: 2023
  carbon_year: 2023
storage_values:
  CAES:
    cost: 28.6243
    lifetime: 29.2435
    annual_cost: 0.9788260639116385
    efficiency: 0.630426
    discharge_ratio: 0.1
    depth_of_discharge: 0.4
  Li-ion:
    cost: 217.635
    lifetime: 20.6798
    annual_cost: 10.524037950076886
    efficiency: 0.901185
    discharge_ratio: 2
    depth_of_discharge: 0.9
  Pb-acid:
    cost: 135.637
    lifetime: 14.4448
    annual_cost: 9.390022707133362
    efficiency: 0.735636
    discharge_ratio: 5
    depth_of_discharge: 0.5
  VRBF:
    cost: 234.577
    lifetime: 18.6273
    annual_cost: 12.593183123694791
    efficiency: 0.765979
    discharge_ratio: 0.5
    depth_of_discharge: 1.0
