cost_values:
  wind_capex: 5000.0
  wind_opex: 100
  wind_lifetime: 20
  solar_capex: 1000.0
  solar_opex: 10
  solar_lifetime: 20
  carbon_price: 1.0
timeseries_values:
  load_level: 256395.95015124776
  wind_year: 2010
  solar_year: 2014
  price_year: 2023
  carbon_year: 2023
storage_values:
  CAES:
    cost: 31.2817
    lifetime: 22.8255
    annual_cost: 1.3704716216512234
    efficiency: 0.585747
    discharge_ratio: 0.1
    depth_of_discharge: 0.4
  Li-ion:
    cost: 169.865
    lifetime: 15.4379
    annual_cost: 11.003115708742769
    efficiency: 0.901524
    discharge_ratio: 2
    depth_of_discharge: 0.9
  Pb-acid:
    cost: 97.2742
    lifetime: 16.6838
    annual_cost: 5.830458288879031
    efficiency: 0.678774
    discharge_ratio: 5
    depth_of_discharge: 0.5
  VRBF:
    cost: 272.442
    lifetime: 20.9803
    annual_cost: 12.985610310624729
    efficiency: 0.829313
    discharge_ratio: 0.5
    depth_of_discharge: 1.0
