cost_values:
  wind_capex: 5000.0
  wind_opex: 100
  wind_lifetime: 20
  solar_capex: 1000.0
  solar_opex: 10
  solar_lifetime: 20
  carbon_price: 1.0
timeseries_values:
  load_level: 256395.95015124776
  wind_year: 2010
  solar_year: 2014
  price_year: 2023
  carbon_year: 2023
storage_values:
  CAES:
    cost: 38.8209
    lifetime: 23.2758
    annual_cost: 1.6678653365297864
    efficiency: 0.587014
    discharge_ratio: 0.1
    depth_of_discharge: 0.4
  Li-ion:
    cost: 172.537
    lifetime: 17.9699
    annual_cost: 9.601444637977952
    efficiency: 0.906306
    discharge_ratio: 2
    depth_of_discharge: 0.9
  Pb-acid:
    cost: 103.882
    lifetime: 16.226
    annual_cost: 6.4021940096142
    efficiency: 0.678714
    discharge_ratio: 5
    depth_of_discharge: 0.5
  VRBF:
    cost: 241.799
    lifetime: 21.0342
    annual_cost: 11.495516824980271
    efficiency: 0.827592
    discharge_ratio: 0.5
    depth_of_discharge: 1.0
