cost_values:
  wind_capex: 5000.0
  wind_opex: 100
  wind_lifetime: 20
  solar_capex: 1000.0
  solar_opex: 10
  solar_lifetime: 20
  carbon_price: 1.0
timeseries_values:
  load_level: 256395.95015124776
  wind_year: 2010
  solar_year: 2014
  price_year: 2023
  carbon_year: 2023
storage_values:
  CAES:
    cost: 32.3638
    lifetime: 23.0234
    annual_cost: 1.4056916007192681
    efficiency: 0.578804
    discharge_ratio: 0.1
    depth_of_discharge: 0.4
  Li-ion:
    cost: 140.264
    lifetime: 18.5913
    annual_cost: 7.544604196586576
    efficiency: 0.916792
    discharge_ratio: 2
    depth_of_discharge: 0.9
  Pb-acid:
    cost: 93.8365
    lifetime: 15.09
    annual_cost: 6.218455931080186
    efficiency: 0.677627
    discharge_ratio: 5
    depth_of_discharge: 0.5
  VRBF:
    cost: 236.165
    lifetime: 20.7248
    annual_cost: 11.395284876090482
    efficiency: 0.826002
    discharge_ratio: 0.5
    depth_of_discharge: 1.0
