cost_values:
  wind_capex: 5000.0
  wind_opex: 100
  wind_lifetime: 20
  solar_capex: 1000.0
  solar_opex: 10
  solar_lifetime: 20
  carbon_price: 1.0
timeseries_values:
  load_level: 256395.95015124776
  wind_year: 2010
  solar_year: 2014
  price_year: 2023
  carbon_year: 2023
storage_values:
  CAES:
    cost: 33.1644
    lifetime: 23.5424
    annual_cost: 1.4087093924153866
    efficiency: 0.58035
    discharge_ratio: 0.1
    depth_of_discharge: 0.4
  Li-ion:
    cost: 160.102
    lifetime: 15.5989
    annual_cost: 10.263672438441173
    efficiency: 0.907104
    discharge_ratio: 2
    depth_of_discharge: 0.9
  Pb-acid:
    cost: 82.3178
    lifetime: 13.2643
    annual_cost: 6.205966390989348
    efficiency: 0.681811
    discharge_ratio: 5
    depth_of_discharge: 0.5
  VRBF:
    cost: 213.463
    lifetime: 17.9226
    annual_cost: 11.91026971533148
    efficiency: 0.825004
    discharge_ratio: 0.5
    depth_of_discharge: 1.0
