cost_values:
  wind_capex: 5000.0
  wind_opex: 100
  wind_lifetime: 20
  solar_capex: 1000.0
  solar_opex: 10
  solar_lifetime: 20
  carbon_price: 1.0
timeseries_values:
  load_level: 256395.95015124776
  wind_year: 2010
  solar_year: 2014
  price_year: 2023
  carbon_year: 2023
storage_values:
  CAES:
    cost: 33.3919
    lifetime: 23.3771
    annual_cost: 1.4284021542449663
    efficiency: 0.59252
    discharge_ratio: 0.1
    depth_of_discharge: 0.4
  Li-ion:
    cost: 155.462
    lifetime: 17.1231
    annual_cost: 9.07908030672016
    efficiency: 0.917402
    discharge_ratio: 2
    depth_of_discharge: 0.9
  Pb-acid:
    cost: 84.8271
    lifetime: 15.5506
    annual_cost: 5.454908492276826
    efficiency: 0.675047
    discharge_ratio: 5
    depth_of_discharge: 0.5
  VRBF:
    cost: 216.993
    lifetime: 20.7896
    annual_cost: 10.437574556509023
    efficiency: 0.825889
    discharge_ratio: 0.5
    depth_of_discharge: 1.0
