cost_values:
  wind_capex: 5000.0
  wind_opex: 100
  wind_lifetime: 20
  solar_capex: 1000.0
  solar_opex: 10
  solar_lifetime: 20
  carbon_price: 1.0
timeseries_values:
  load_level: 256395.95015124776
  wind_year: 2010
  solar_year: 2014
  price_year: 2023
  carbon_year: 2023
storage_values:
  CAES:
    cost: 33.4591
    lifetime: 21.5112
    annual_cost: 1.555426940384544
    efficiency: 0.584994
    discharge_ratio: 0.1
    depth_of_discharge: 0.4
  Li-ion:
    cost: 143.369
    lifetime: 16.214
    annual_cost: 8.84229678056001
    efficiency: 0.917087
    discharge_ratio: 2
    depth_of_discharge: 0.9
  Pb-acid:
    cost: 105.82
    lifetime: 17.0758
    annual_cost: 6.197074221998383
    efficiency: 0.675363
    discharge_ratio: 5
    depth_of_discharge: 0.5
  VRBF:
    cost: 278.864
    lifetime: 20.7723
    annual_cost: 13.424801297882274
    efficiency: 0.833926
    discharge_ratio: 0.5
    depth_of_discharge: 1.0
