cost_values:
  wind_capex: 5000.0
  wind_opex: 100
  wind_lifetime: 20
  solar_capex: 1000.0
  solar_opex: 10
  solar_lifetime: 20
  carbon_price: 1.0
timeseries_values:
  load_level: 256395.95015124776
  wind_year: 2010
  solar_year: 2014
  price_year: 2023
  carbon_year: 2023
storage_values:
  CAES:
    cost: 31.936
    lifetime: 22.2558
    annual_cost: 1.4349517878485607
    efficiency: 0.589394
    discharge_ratio: 0.1
    depth_of_discharge: 0.4
  Li-ion:
    cost: 165.399
    lifetime: 16.5711
    annual_cost: 9.981172040480113
    efficiency: 0.915718
    discharge_ratio: 2
    depth_of_discharge: 0.9
  Pb-acid:
    cost: 95.6351
    lifetime: 18.0922
    annual_cost: 5.285985120659732
    efficiency: 0.679928
    discharge_ratio: 5
    depth_of_discharge: 0.5
  VRBF:
    cost: 244.496
    lifetime: 23.0445
    annual_cost: 10.609733342012195
    efficiency: 0.828193
    discharge_ratio: 0.5
    depth_of_discharge: 1.0
