cost_values:
  wind_capex: 5000.0
  wind_opex: 100
  wind_lifetime: 20
  solar_capex: 1000.0
  solar_opex: 10
  solar_lifetime: 20
  carbon_price: 1.0
timeseries_values:
  load_level: 256395.95015124776
  wind_year: 2010
  solar_year: 2014
  price_year: 2023
  carbon_year: 2023
storage_values:
  CAES:
    cost: 32.1734
    lifetime: 22.9242
    annual_cost: 1.4034688233395278
    efficiency: 0.593727
    discharge_ratio: 0.1
    depth_of_discharge: 0.4
  Li-ion:
    cost: 194.816
    lifetime: 16.0401
    annual_cost: 12.145560189774379
    efficiency: 0.917789
    discharge_ratio: 2
    depth_of_discharge: 0.9
  Pb-acid:
    cost: 92.7956
    lifetime: 18.1918
    annual_cost: 5.100957574291713
    efficiency: 0.672048
    discharge_ratio: 5
    depth_of_discharge: 0.5
  VRBF:
    cost: 219.912
    lifetime: 21.8318
    annual_cost: 10.07301276120155
    efficiency: 0.829737
    discharge_ratio: 0.5
    depth_of_discharge: 1.0
