cost_values:
  wind_capex: 5000.0
  wind_opex: 100
  wind_lifetime: 20
  solar_capex: 1000.0
  solar_opex: 10
  solar_lifetime: 20
  carbon_price: 1.0
timeseries_values:
  load_level: 256395.95015124776
  wind_year: 2010
  solar_year: 2014
  price_year: 2023
  carbon_year: 2023
storage_values:
  CAES:
    cost: 35.0334
    lifetime: 21.7677
    annual_cost: 1.6094212985294725
    efficiency: 0.579237
    discharge_ratio: 0.1
    depth_of_discharge: 0.4
  Li-ion:
    cost: 139.245
    lifetime: 17.1752
    annual_cost: 8.107329172294937
    efficiency: 0.910305
    discharge_ratio: 2
    depth_of_discharge: 0.9
  Pb-acid:
    cost: 119.924
    lifetime: 16.7291
    annual_cost: 7.1685864750644095
    efficiency: 0.673021
    discharge_ratio: 5
    depth_of_discharge: 0.5
  VRBF:
    cost: 276.931
    lifetime: 22.288
    annual_cost: 12.42511665470208
    efficiency: 0.826414
    discharge_ratio: 0.5
    depth_of_discharge: 1.0
