cost_values:
  wind_capex: 5000.0
  wind_opex: 100
  wind_lifetime: 20
  solar_capex: 1000.0
  solar_opex: 10
  solar_lifetime: 20
  carbon_price: 1.0
timeseries_values:
  load_level: 256395.95015124776
  wind_year: 2010
  solar_year: 2014
  price_year: 2023
  carbon_year: 2023
storage_values:
  CAES:
    cost: 29.2581
    lifetime: 22.5633
    annual_cost: 1.2967119171397798
    efficiency: 0.580858
    discharge_ratio: 0.1
    depth_of_discharge: 0.4
  Li-ion:
    cost: 154.192
    lifetime: 17.8459
    annual_cost: 8.640191864798076
    efficiency: 0.9164
    discharge_ratio: 2
    depth_of_discharge: 0.9
  Pb-acid:
    cost: 108.035
    lifetime: 14.9988
    annual_cost: 7.202909566098621
    efficiency: 0.683049
    discharge_ratio: 5
    depth_of_discharge: 0.5
  VRBF:
    cost: 255.402
    lifetime: 22.1985
    annual_cost: 11.505371984593554
    efficiency: 0.837511
    discharge_ratio: 0.5
    depth_of_discharge: 1.0
