cost_values:
  wind_capex: 5000.0
  wind_opex: 100
  wind_lifetime: 20
  solar_capex: 1000.0
  solar_opex: 10
  solar_lifetime: 20
  carbon_price: 1.0
timeseries_values:
  load_level: 256395.95015124776
  wind_year: 2010
  solar_year: 2014
  price_year: 2023
  carbon_year: 2023
storage_values:
  CAES:
    cost: 42.9452
    lifetime: 22.49
    annual_cost: 1.9095242329924411
    efficiency: 0.573834
    discharge_ratio: 0.1
    depth_of_discharge: 0.4
  Li-ion:
    cost: 168.183
    lifetime: 18.4806
    annual_cost: 9.100516217005941
    efficiency: 0.926542
    discharge_ratio: 2
    depth_of_discharge: 0.9
  Pb-acid:
    cost: 96.6523
    lifetime: 16.8272
    annual_cost: 5.743813587524959
    efficiency: 0.672111
    discharge_ratio: 5
    depth_of_discharge: 0.5
  VRBF:
    cost: 245.579
    lifetime: 21.3165
    annual_cost: 11.520606103253348
    efficiency: 0.838428
    discharge_ratio: 0.5
    depth_of_discharge: 1.0
