cost_values:
  wind_capex: 5000.0
  wind_opex: 100
  wind_lifetime: 20
  solar_capex: 1000.0
  solar_opex: 10
  solar_lifetime: 20
  carbon_price: 1.0
timeseries_values:
  load_level: 256395.95015124776
  wind_year: 2010
  solar_year: 2014
  price_year: 2023
  carbon_year: 2023
storage_values:
  CAES:
    cost: 33.8964
    lifetime: 22.6957
    annual_cost: 1.4935163929731183
    efficiency: 0.587603
    discharge_ratio: 0.1
    depth_of_discharge: 0.4
  Li-ion:
    cost: 168.421
    lifetime: 17.5066
    annual_cost: 9.620428866827368
    efficiency: 0.927611
    discharge_ratio: 2
    depth_of_discharge: 0.9
  Pb-acid:
    cost: 96.1465
    lifetime: 17.1863
    annual_cost: 5.594368770474158
    efficiency: 0.667743
    discharge_ratio: 5
    depth_of_discharge: 0.5
  VRBF:
    cost: 249.115
    lifetime: 22.4404
    annual_cost: 11.101183579615336
    efficiency: 0.827588
    discharge_ratio: 0.5
    depth_of_discharge: 1.0
