cost_values:
  wind_capex: 5000.0
  wind_opex: 100
  wind_lifetime: 20
  solar_capex: 1000.0
  solar_opex: 10
  solar_lifetime: 20
  carbon_price: 1.0
timeseries_values:
  load_level: 256395.95015124776
  wind_year: 2010
  solar_year: 2014
  price_year: 2023
  carbon_year: 2023
storage_values:
  CAES:
    cost: 38.8709
    lifetime: 22.4231
    annual_cost: 1.7335203428607104
    efficiency: 0.586987
    discharge_ratio: 0.1
    depth_of_discharge: 0.4
  Li-ion:
    cost: 150.928
    lifetime: 19.0142
    annual_cost: 7.937646600961387
    efficiency: 0.907937
    discharge_ratio: 2
    depth_of_discharge: 0.9
  Pb-acid:
    cost: 117.622
    lifetime: 15.9279
    annual_cost: 7.384652088473685
    efficiency: 0.690045
    discharge_ratio: 5
    depth_of_discharge: 0.5
  VRBF:
    cost: 251.215
    lifetime: 21.9189
    annual_cost: 11.46111346828536
    efficiency: 0.844267
    discharge_ratio: 0.5
    depth_of_discharge: 1.0
