cost_values:
  wind_capex: 5000.0
  wind_opex: 100
  wind_lifetime: 20
  solar_capex: 1000.0
  solar_opex: 10
  solar_lifetime: 20
  carbon_price: 1.0
timeseries_values:
  load_level: 256395.95015124776
  wind_year: 2010
  solar_year: 2014
  price_year: 2023
  carbon_year: 2023
storage_values:
  CAES:
    cost: 29.2417
    lifetime: 21.7227
    annual_cost: 1.3461356092935042
    efficiency: 0.589148
    discharge_ratio: 0.1
    depth_of_discharge: 0.4
  Li-ion:
    cost: 131.052
    lifetime: 18.0043
    annual_cost: 7.278927811689429
    efficiency: 0.907639
    discharge_ratio: 2
    depth_of_discharge: 0.9
  Pb-acid:
    cost: 93.6693
    lifetime: 16.0251
    annual_cost: 5.845161652657395
    efficiency: 0.659319
    discharge_ratio: 5
    depth_of_discharge: 0.5
  VRBF:
    cost: 224.917
    lifetime: 21.6332
    annual_cost: 10.396843740177136
    efficiency: 0.828981
    discharge_ratio: 0.5
    depth_of_discharge: 1.0
