cost_values:
  wind_capex: 5000.0
  wind_opex: 100
  wind_lifetime: 20
  solar_capex: 1000.0
  solar_opex: 10
  solar_lifetime: 20
  carbon_price: 1.0
timeseries_values:
  load_level: 256395.95015124776
  wind_year: 2010
  solar_year: 2014
  price_year: 2023
  carbon_year: 2023
storage_values:
  CAES:
    cost: 31.2919
    lifetime: 23.1949
    annual_cost: 1.3490853592815661
    efficiency: 0.580583
    discharge_ratio: 0.1
    depth_of_discharge: 0.4
  Li-ion:
    cost: 135.407
    lifetime: 16.5741
    annual_cost: 8.169795041661388
    efficiency: 0.921202
    discharge_ratio: 2
    depth_of_discharge: 0.9
  Pb-acid:
    cost: 85.9048
    lifetime: 15.416
    annual_cost: 5.5724442138038395
    efficiency: 0.679958
    discharge_ratio: 5
    depth_of_discharge: 0.5
  VRBF:
    cost: 256.932
    lifetime: 20.7475
    annual_cost: 12.383757079166166
    efficiency: 0.820518
    discharge_ratio: 0.5
    depth_of_discharge: 1.0
