cost_values:
  wind_capex: 5000.0
  wind_opex: 100
  wind_lifetime: 20
  solar_capex: 1000.0
  solar_opex: 10
  solar_lifetime: 20
  carbon_price: 1.0
timeseries_values:
  load_level: 256395.95015124776
  wind_year: 2010
  solar_year: 2014
  price_year: 2023
  carbon_year: 2023
storage_values:
  CAES:
    cost: 26.5263
    lifetime: 23.0112
    annual_cost: 1.1527560492282019
    efficiency: 0.585124
    discharge_ratio: 0.1
    depth_of_discharge: 0.4
  Li-ion:
    cost: 161.471
    lifetime: 19.0051
    annual_cost: 8.496193127107988
    efficiency: 0.904907
    discharge_ratio: 2
    depth_of_discharge: 0.9
  Pb-acid:
    cost: 106.257
    lifetime: 15.2671
    annual_cost: 6.95986795134636
    efficiency: 0.689265
    discharge_ratio: 5
    depth_of_discharge: 0.5
  VRBF:
    cost: 247.908
    lifetime: 19.4863
    annual_cost: 12.722168908412577
    efficiency: 0.835278
    discharge_ratio: 0.5
    depth_of_discharge: 1.0
