cost_values:
  wind_capex: 5000.0
  wind_opex: 100
  wind_lifetime: 20
  solar_capex: 1000.0
  solar_opex: 10
  solar_lifetime: 20
  carbon_price: 1.0
timeseries_values:
  load_level: 256395.95015124776
  wind_year: 2010
  solar_year: 2014
  price_year: 2023
  carbon_year: 2023
storage_values:
  CAES:
    cost: 34.4699
    lifetime: 21.8394
    annual_cost: 1.5783354854071083
    efficiency: 0.594739
    discharge_ratio: 0.1
    depth_of_discharge: 0.4
  Li-ion:
    cost: 161.291
    lifetime: 20.2319
    annual_cost: 7.97211334575596
    efficiency: 0.92817
    discharge_ratio: 2
    depth_of_discharge: 0.9
  Pb-acid:
    cost: 118.076
    lifetime: 16.0684
    annual_cost: 7.348335864180627
    efficiency: 0.683775
    discharge_ratio: 5
    depth_of_discharge: 0.5
  VRBF:
    cost: 231.021
    lifetime: 21.9275
    annual_cost: 10.535674381484437
    efficiency: 0.836391
    discharge_ratio: 0.5
    depth_of_discharge: 1.0
