cost_values:
  wind_capex: 5000.0
  wind_opex: 100
  wind_lifetime: 20
  solar_capex: 1000.0
  solar_opex: 10
  solar_lifetime: 20
  carbon_price: 1.0
timeseries_values:
  load_level: 256395.95015124776
  wind_year: 2010
  solar_year: 2014
  price_year: 2023
  carbon_year: 2023
storage_values:
  CAES:
    cost: 37.0978
    lifetime: 22.8277
    annual_cost: 1.6251221104184828
    efficiency: 0.594172
    discharge_ratio: 0.1
    depth_of_discharge: 0.4
  Li-ion:
    cost: 160.379
    lifetime: 16.647
    annual_cost: 9.634108247732325
    efficiency: 0.903064
    discharge_ratio: 2
    depth_of_discharge: 0.9
  Pb-acid:
    cost: 96.7277
    lifetime: 16.7287
    annual_cost: 5.782140871675623
    efficiency: 0.679845
    discharge_ratio: 5
    depth_of_discharge: 0.5
  VRBF:
    cost: 262.91
    lifetime: 20.5009
    annual_cost: 12.824315030071851
    efficiency: 0.842212
    discharge_ratio: 0.5
    depth_of_discharge: 1.0
