cost_values:
  wind_capex: 5000.0
  wind_opex: 100
  wind_lifetime: 20
  solar_capex: 1000.0
  solar_opex: 10
  solar_lifetime: 20
  carbon_price: 1.0
timeseries_values:
  load_level: 256395.95015124776
  wind_year: 2010
  solar_year: 2014
  price_year: 2023
  carbon_year: 2023
storage_values:
  CAES:
    cost: 35.368
    lifetime: 22.454
    annual_cost: 1.5751313797096287
    efficiency: 0.588474
    discharge_ratio: 0.1
    depth_of_discharge: 0.4
  Li-ion:
    cost: 136.882
    lifetime: 18.0425
    annual_cost: 7.586642649300264
    efficiency: 0.913509
    discharge_ratio: 2
    depth_of_discharge: 0.9
  Pb-acid:
    cost: 115.007
    lifetime: 16.3297
    annual_cost: 7.042811564205099
    efficiency: 0.672016
    discharge_ratio: 5
    depth_of_discharge: 0.5
  VRBF:
    cost: 233.505
    lifetime: 22.6539
    annual_cost: 10.307496722418657
    efficiency: 0.83568
    discharge_ratio: 0.5
    depth_of_discharge: 1.0
