cost_values:
  wind_capex: 5000.0
  wind_opex: 100
  wind_lifetime: 20
  solar_capex: 1000.0
  solar_opex: 10
  solar_lifetime: 20
  carbon_price: 1.0
timeseries_values:
  load_level: 256395.95015124776
  wind_year: 2010
  solar_year: 2014
  price_year: 2023
  carbon_year: 2023
storage_values:
  CAES:
    cost: 41.6139
    lifetime: 21.4096
    annual_cost: 1.943702824900979
    efficiency: 0.588179
    discharge_ratio: 0.1
    depth_of_discharge: 0.4
  Li-ion:
    cost: 140.869
    lifetime: 16.7756
    annual_cost: 8.397255537804908
    efficiency: 0.926695
    discharge_ratio: 2
    depth_of_discharge: 0.9
  Pb-acid:
    cost: 92.8914
    lifetime: 15.6417
    annual_cost: 5.938702314965765
    efficiency: 0.68669
    discharge_ratio: 5
    depth_of_discharge: 0.5
  VRBF:
    cost: 265.376
    lifetime: 22.5838
    annual_cost: 11.75072397027958
    efficiency: 0.834994
    discharge_ratio: 0.5
    depth_of_discharge: 1.0
