cost_values:
  wind_capex: 5000.0
  wind_opex: 100
  wind_lifetime: 20
  solar_capex: 1000.0
  solar_opex: 10
  solar_lifetime: 20
  carbon_price: 1.0
timeseries_values:
  load_level: 256395.95015124776
  wind_year: 2010
  solar_year: 2014
  price_year: 2023
  carbon_year: 2023
storage_values:
  CAES:
    cost: 34.2307
    lifetime: 22.0347
    annual_cost: 1.5534906306870526
    efficiency: 0.584808
    discharge_ratio: 0.1
    depth_of_discharge: 0.4
  Li-ion:
    cost: 137.35
    lifetime: 15.1118
    annual_cost: 9.088923887293372
    efficiency: 0.919496
    discharge_ratio: 2
    depth_of_discharge: 0.9
  Pb-acid:
    cost: 103.143
    lifetime: 14.9603
    annual_cost: 6.8944473038642275
    efficiency: 0.672958
    discharge_ratio: 5
    depth_of_discharge: 0.5
  VRBF:
    cost: 240.667
    lifetime: 20.2125
    annual_cost: 11.906839826839828
    efficiency: 0.835432
    discharge_ratio: 0.5
    depth_of_discharge: 1.0
