cost_values:
  wind_capex: 5000.0
  wind_opex: 100
  wind_lifetime: 20
  solar_capex: 1000.0
  solar_opex: 10
  solar_lifetime: 20
  carbon_price: 1.0
timeseries_values:
  load_level: 256395.95015124776
  wind_year: 2010
  solar_year: 2014
  price_year: 2023
  carbon_year: 2023
storage_values:
  CAES:
    cost: 37.497
    lifetime: 21.9863
    annual_cost: 1.7054711342972668
    efficiency: 0.590943
    discharge_ratio: 0.1
    depth_of_discharge: 0.4
  Li-ion:
    cost: 160.429
    lifetime: 17.7733
    annual_cost: 9.026404775702881
    efficiency: 0.933021
    discharge_ratio: 2
    depth_of_discharge: 0.9
  Pb-acid:
    cost: 124.745
    lifetime: 15.2067
    annual_cost: 8.203291969986914
    efficiency: 0.667639
    discharge_ratio: 5
    depth_of_discharge: 0.5
  VRBF:
    cost: 249.607
    lifetime: 22.0136
    annual_cost: 11.338763309953846
    efficiency: 0.833638
    discharge_ratio: 0.5
    depth_of_discharge: 1.0
