cost_values:
  wind_capex: 5000.0
  wind_opex: 100
  wind_lifetime: 20
  solar_capex: 1000.0
  solar_opex: 10
  solar_lifetime: 20
  carbon_price: 1.0
timeseries_values:
  load_level: 256395.95015124776
  wind_year: 2010
  solar_year: 2014
  price_year: 2023
  carbon_year: 2023
storage_values:
  CAES:
    cost: 33.317
    lifetime: 23.3304
    annual_cost: 1.4280509549771971
    efficiency: 0.583971
    discharge_ratio: 0.1
    depth_of_discharge: 0.4
  Li-ion:
    cost: 157.863
    lifetime: 17.4822
    annual_cost: 9.029927583484916
    efficiency: 0.922409
    discharge_ratio: 2
    depth_of_discharge: 0.9
  Pb-acid:
    cost: 93.3905
    lifetime: 18.0468
    annual_cost: 5.174906354589179
    efficiency: 0.685099
    discharge_ratio: 5
    depth_of_discharge: 0.5
  VRBF:
    cost: 225.082
    lifetime: 17.9291
    annual_cost: 12.5540043839345
    efficiency: 0.826104
    discharge_ratio: 0.5
    depth_of_discharge: 1.0
