cost_values:
  wind_capex: 5000.0
  wind_opex: 100
  wind_lifetime: 20
  solar_capex: 1000.0
  solar_opex: 10
  solar_lifetime: 20
  carbon_price: 1.0
timeseries_values:
  load_level: 256395.95015124776
  wind_year: 2010
  solar_year: 2014
  price_year: 2023
  carbon_year: 2023
storage_values:
  CAES:
    cost: 35.1375
    lifetime: 23.4615
    annual_cost: 1.4976663896170321
    efficiency: 0.593722
    discharge_ratio: 0.1
    depth_of_discharge: 0.4
  Li-ion:
    cost: 153.632
    lifetime: 16.3211
    annual_cost: 9.413091029403654
    efficiency: 0.913804
    discharge_ratio: 2
    depth_of_discharge: 0.9
  Pb-acid:
    cost: 104.996
    lifetime: 15.8546
    annual_cost: 6.622431344846291
    efficiency: 0.683724
    discharge_ratio: 5
    depth_of_discharge: 0.5
  VRBF:
    cost: 259.981
    lifetime: 19.5142
    annual_cost: 13.3226573469576
    efficiency: 0.826138
    discharge_ratio: 0.5
    depth_of_discharge: 1.0
