cost_values:
  wind_capex: 5000.0
  wind_opex: 100
  wind_lifetime: 20
  solar_capex: 1000.0
  solar_opex: 10
  solar_lifetime: 20
  carbon_price: 1.0
timeseries_values:
  load_level: 256395.95015124776
  wind_year: 2010
  solar_year: 2014
  price_year: 2023
  carbon_year: 2023
storage_values:
  CAES:
    cost: 39.7941
    lifetime: 22.0606
    annual_cost: 1.8038539296302003
    efficiency: 0.583844
    discharge_ratio: 0.1
    depth_of_discharge: 0.4
  Li-ion:
    cost: 144.298
    lifetime: 16.8355
    annual_cost: 8.571055210715453
    efficiency: 0.890576
    discharge_ratio: 2
    depth_of_discharge: 0.9
  Pb-acid:
    cost: 83.4374
    lifetime: 18.778
    annual_cost: 4.443359250186388
    efficiency: 0.673079
    discharge_ratio: 5
    depth_of_discharge: 0.5
  VRBF:
    cost: 238.057
    lifetime: 19.4032
    annual_cost: 12.268955636183723
    efficiency: 0.833482
    discharge_ratio: 0.5
    depth_of_discharge: 1.0
