cost_values:
  wind_capex: 5000.0
  wind_opex: 100
  wind_lifetime: 20
  solar_capex: 1000.0
  solar_opex: 10
  solar_lifetime: 20
  carbon_price: 1.0
timeseries_values:
  load_level: 256395.95015124776
  wind_year: 2010
  solar_year: 2014
  price_year: 2023
  carbon_year: 2023
storage_values:
  CAES:
    cost: 39.8142
    lifetime: 22.907
    annual_cost: 1.7380800628628803
    efficiency: 0.583146
    discharge_ratio: 0.1
    depth_of_discharge: 0.4
  Li-ion:
    cost: 131.276
    lifetime: 17.2046
    annual_cost: 7.63028492379945
    efficiency: 0.89637
    discharge_ratio: 2
    depth_of_discharge: 0.9
  Pb-acid:
    cost: 85.8912
    lifetime: 16.4274
    annual_cost: 5.228532817122613
    efficiency: 0.676881
    discharge_ratio: 5
    depth_of_discharge: 0.5
  VRBF:
    cost: 258.493
    lifetime: 18.7099
    annual_cost: 13.815840811548965
    efficiency: 0.838687
    discharge_ratio: 0.5
    depth_of_discharge: 1.0
