cost_values:
  wind_capex: 5000.0
  wind_opex: 100
  wind_lifetime: 20
  solar_capex: 1000.0
  solar_opex: 10
  solar_lifetime: 20
  carbon_price: 1.0
timeseries_values:
  load_level: 256395.95015124776
  wind_year: 2010
  solar_year: 2014
  price_year: 2023
  carbon_year: 2023
storage_values:
  CAES:
    cost: 32.2111
    lifetime: 22.7288
    annual_cost: 1.4171931646193376
    efficiency: 0.579114
    discharge_ratio: 0.1
    depth_of_discharge: 0.4
  Li-ion:
    cost: 159.61
    lifetime: 16.7244
    annual_cost: 9.543541173375429
    efficiency: 0.913848
    discharge_ratio: 2
    depth_of_discharge: 0.9
  Pb-acid:
    cost: 87.3066
    lifetime: 17.2175
    annual_cost: 5.070805866124583
    efficiency: 0.68098
    discharge_ratio: 5
    depth_of_discharge: 0.5
  VRBF:
    cost: 217.661
    lifetime: 21.7027
    annual_cost: 10.029212955070106
    efficiency: 0.814029
    discharge_ratio: 0.5
    depth_of_discharge: 1.0
