cost_values:
  wind_capex: 5000.0
  wind_opex: 100
  wind_lifetime: 20
  solar_capex: 1000.0
  solar_opex: 10
  solar_lifetime: 20
  carbon_price: 1.0
timeseries_values:
  load_level: 256395.95015124776
  wind_year: 2010
  solar_year: 2014
  price_year: 2023
  carbon_year: 2023
storage_values:
  CAES:
    cost: 36.2469
    lifetime: 23.7674
    annual_cost: 1.5250679502175248
    efficiency: 0.585489
    discharge_ratio: 0.1
    depth_of_discharge: 0.4
  Li-ion:
    cost: 155.064
    lifetime: 16.4666
    annual_cost: 9.416880230284333
    efficiency: 0.917166
    discharge_ratio: 2
    depth_of_discharge: 0.9
  Pb-acid:
    cost: 90.6815
    lifetime: 15.0152
    annual_cost: 6.0393134956577335
    efficiency: 0.695191
    discharge_ratio: 5
    depth_of_discharge: 0.5
  VRBF:
    cost: 251.68
    lifetime: 21.6126
    annual_cost: 11.64505890082637
    efficiency: 0.802332
    discharge_ratio: 0.5
    depth_of_discharge: 1.0
