cost_values:
  wind_capex: 5000.0
  wind_opex: 100
  wind_lifetime: 20
  solar_capex: 1000.0
  solar_opex: 10
  solar_lifetime: 20
  carbon_price: 1.0
timeseries_values:
  load_level: 256395.95015124776
  wind_year: 2010
  solar_year: 2014
  price_year: 2023
  carbon_year: 2023
storage_values:
  CAES:
    cost: 36.2885
    lifetime: 22.0405
    annual_cost: 1.6464463147387762
    efficiency: 0.581545
    discharge_ratio: 0.1
    depth_of_discharge: 0.4
  Li-ion:
    cost: 158.652
    lifetime: 13.3766
    annual_cost: 11.860412959944977
    efficiency: 0.924304
    discharge_ratio: 2
    depth_of_discharge: 0.9
  Pb-acid:
    cost: 96.6944
    lifetime: 14.8956
    annual_cost: 6.49147399231988
    efficiency: 0.677317
    discharge_ratio: 5
    depth_of_discharge: 0.5
  VRBF:
    cost: 242.57
    lifetime: 21.4732
    annual_cost: 11.296406683680123
    efficiency: 0.84227
    discharge_ratio: 0.5
    depth_of_discharge: 1.0
