cost_values:
  wind_capex: 5000.0
  wind_opex: 100
  wind_lifetime: 20
  solar_capex: 1000.0
  solar_opex: 10
  solar_lifetime: 20
  carbon_price: 1.0
timeseries_values:
  load_level: 256395.95015124776
  wind_year: 2010
  solar_year: 2014
  price_year: 2023
  carbon_year: 2023
storage_values:
  CAES:
    cost: 35.0668
    lifetime: 23.5795
    annual_cost: 1.4871731800928774
    efficiency: 0.58632
    discharge_ratio: 0.1
    depth_of_discharge: 0.4
  Li-ion:
    cost: 162.179
    lifetime: 13.7885
    annual_cost: 11.761903035137976
    efficiency: 0.898802
    discharge_ratio: 2
    depth_of_discharge: 0.9
  Pb-acid:
    cost: 98.412
    lifetime: 16.8812
    annual_cost: 5.82968035447717
    efficiency: 0.700506
    discharge_ratio: 5
    depth_of_discharge: 0.5
  VRBF:
    cost: 238.597
    lifetime: 19.4187
    annual_cost: 12.28697080649065
    efficiency: 0.818058
    discharge_ratio: 0.5
    depth_of_discharge: 1.0
