cost_values:
  wind_capex: 5000.0
  wind_opex: 100
  wind_lifetime: 20
  solar_capex: 1000.0
  solar_opex: 10
  solar_lifetime: 20
  carbon_price: 1.0
timeseries_values:
  load_level: 256395.95015124776
  wind_year: 2010
  solar_year: 2014
  price_year: 2023
  carbon_year: 2023
storage_values:
  CAES:
    cost: 44.0743
    lifetime: 23.038
    annual_cost: 1.9131131174581126
    efficiency: 0.590627
    discharge_ratio: 0.1
    depth_of_discharge: 0.4
  Li-ion:
    cost: 145.998
    lifetime: 17.5508
    annual_cost: 8.31859516375322
    efficiency: 0.909955
    discharge_ratio: 2
    depth_of_discharge: 0.9
  Pb-acid:
    cost: 83.445
    lifetime: 16.9665
    annual_cost: 4.9182212006011845
    efficiency: 0.688708
    discharge_ratio: 5
    depth_of_discharge: 0.5
  VRBF:
    cost: 259.954
    lifetime: 21.3606
    annual_cost: 12.169789238130015
    efficiency: 0.815933
    discharge_ratio: 0.5
    depth_of_discharge: 1.0
