cost_values:
  wind_capex: 5000.0
  wind_opex: 100
  wind_lifetime: 20
  solar_capex: 1000.0
  solar_opex: 10
  solar_lifetime: 20
  carbon_price: 1.0
timeseries_values:
  load_level: 256395.95015124776
  wind_year: 2010
  solar_year: 2014
  price_year: 2023
  carbon_year: 2023
storage_values:
  CAES:
    cost: 35.925
    lifetime: 22.1795
    annual_cost: 1.6197389481277755
    efficiency: 0.588512
    discharge_ratio: 0.1
    depth_of_discharge: 0.4
  Li-ion:
    cost: 148.417
    lifetime: 16.835
    annual_cost: 8.815978615978615
    efficiency: 0.929971
    discharge_ratio: 2
    depth_of_discharge: 0.9
  Pb-acid:
    cost: 100.554
    lifetime: 15.7991
    annual_cost: 6.36453975226437
    efficiency: 0.675734
    discharge_ratio: 5
    depth_of_discharge: 0.5
  VRBF:
    cost: 248.011
    lifetime: 20.6504
    annual_cost: 12.00998527873552
    efficiency: 0.819393
    discharge_ratio: 0.5
    depth_of_discharge: 1.0
