cost_values:
  wind_capex: 5000.0
  wind_opex: 100
  wind_lifetime: 20
  solar_capex: 1000.0
  solar_opex: 10
  solar_lifetime: 20
  carbon_price: 1.0
timeseries_values:
  load_level: 256395.95015124776
  wind_year: 2010
  solar_year: 2014
  price_year: 2023
  carbon_year: 2023
storage_values:
  CAES:
    cost: 31.7295
    lifetime: 23.2235
    annual_cost: 1.366266927896312
    efficiency: 0.601962
    discharge_ratio: 0.1
    depth_of_discharge: 0.4
  Li-ion:
    cost: 145.384
    lifetime: 17.6001
    annual_cost: 8.260407611320389
    efficiency: 0.915833
    discharge_ratio: 2
    depth_of_discharge: 0.9
  Pb-acid:
    cost: 94.2167
    lifetime: 16.433
    annual_cost: 5.7333840443011015
    efficiency: 0.689451
    discharge_ratio: 5
    depth_of_discharge: 0.5
  VRBF:
    cost: 243.368
    lifetime: 19.4254
    annual_cost: 12.528339184778691
    efficiency: 0.831213
    discharge_ratio: 0.5
    depth_of_discharge: 1.0
