cost_values:
  wind_capex: 5000.0
  wind_opex: 100
  wind_lifetime: 20
  solar_capex: 1000.0
  solar_opex: 10
  solar_lifetime: 20
  carbon_price: 1.0
timeseries_values:
  load_level: 256395.95015124776
  wind_year: 2010
  solar_year: 2014
  price_year: 2023
  carbon_year: 2023
storage_values:
  CAES:
    cost: 37.9951
    lifetime: 23.4049
    annual_cost: 1.6233822831971083
    efficiency: 0.577179
    discharge_ratio: 0.1
    depth_of_discharge: 0.4
  Li-ion:
    cost: 150.206
    lifetime: 16.9899
    annual_cost: 8.840899593287777
    efficiency: 0.928171
    discharge_ratio: 2
    depth_of_discharge: 0.9
  Pb-acid:
    cost: 77.6342
    lifetime: 18.8105
    annual_cost: 4.127173653012945
    efficiency: 0.676056
    discharge_ratio: 5
    depth_of_discharge: 0.5
  VRBF:
    cost: 260.065
    lifetime: 22.0596
    annual_cost: 11.789198353551289
    efficiency: 0.827525
    discharge_ratio: 0.5
    depth_of_discharge: 1.0
