cost_values:
  wind_capex: 5000.0
  wind_opex: 100
  wind_lifetime: 20
  solar_capex: 1000.0
  solar_opex: 10
  solar_lifetime: 20
  carbon_price: 1.0
timeseries_values:
  load_level: 256395.95015124776
  wind_year: 2010
  solar_year: 2014
  price_year: 2023
  carbon_year: 2023
storage_values:
  CAES:
    cost: 33.9121
    lifetime: 23.2536
    annual_cost: 1.4583591357897274
    efficiency: 0.579453
    discharge_ratio: 0.1
    depth_of_discharge: 0.4
  Li-ion:
    cost: 171.166
    lifetime: 16.7619
    annual_cost: 10.211610855571266
    efficiency: 0.916291
    discharge_ratio: 2
    depth_of_discharge: 0.9
  Pb-acid:
    cost: 91.6503
    lifetime: 16.1246
    annual_cost: 5.683880530369746
    efficiency: 0.670666
    discharge_ratio: 5
    depth_of_discharge: 0.5
  VRBF:
    cost: 256.351
    lifetime: 20.1948
    annual_cost: 12.693911303900013
    efficiency: 0.846996
    discharge_ratio: 0.5
    depth_of_discharge: 1.0
