cost_values:
  wind_capex: 5000.0
  wind_opex: 100
  wind_lifetime: 20
  solar_capex: 1000.0
  solar_opex: 10
  solar_lifetime: 20
  carbon_price: 1.0
timeseries_values:
  load_level: 256395.95015124776
  wind_year: 2010
  solar_year: 2014
  price_year: 2023
  carbon_year: 2023
storage_values:
  CAES:
    cost: 33.8088
    lifetime: 22.7451
    annual_cost: 1.4864212511705817
    efficiency: 0.588603
    discharge_ratio: 0.1
    depth_of_discharge: 0.4
  Li-ion:
    cost: 151.096
    lifetime: 18.5189
    annual_cost: 8.15901592427196
    efficiency: 0.910939
    discharge_ratio: 2
    depth_of_discharge: 0.9
  Pb-acid:
    cost: 99.9009
    lifetime: 17.3638
    annual_cost: 5.75340075329133
    efficiency: 0.695533
    discharge_ratio: 5
    depth_of_discharge: 0.5
  VRBF:
    cost: 249.309
    lifetime: 22.6408
    annual_cost: 11.011492526765839
    efficiency: 0.83006
    discharge_ratio: 0.5
    depth_of_discharge: 1.0
