cost_values:
  wind_capex: 5000.0
  wind_opex: 100
  wind_lifetime: 20
  solar_capex: 1000.0
  solar_opex: 10
  solar_lifetime: 20
  carbon_price: 1.0
timeseries_values:
  load_level: 256395.95015124776
  wind_year: 2010
  solar_year: 2014
  price_year: 2023
  carbon_year: 2023
storage_values:
  CAES:
    cost: 35.7242
    lifetime: 23.2106
    annual_cost: 1.5391329823442739
    efficiency: 0.590451
    discharge_ratio: 0.1
    depth_of_discharge: 0.4
  Li-ion:
    cost: 150.234
    lifetime: 18.1939
    annual_cost: 8.257382969017089
    efficiency: 0.918115
    discharge_ratio: 2
    depth_of_discharge: 0.9
  Pb-acid:
    cost: 75.8903
    lifetime: 16.8477
    annual_cost: 4.504490227152668
    efficiency: 0.672134
    discharge_ratio: 5
    depth_of_discharge: 0.5
  VRBF:
    cost: 199.23
    lifetime: 21.608
    annual_cost: 9.22019622362088
    efficiency: 0.806295
    discharge_ratio: 0.5
    depth_of_discharge: 1.0
