cost_values:
  wind_capex: 5000.0
  wind_opex: 100
  wind_lifetime: 20
  solar_capex: 1000.0
  solar_opex: 10
  solar_lifetime: 20
  carbon_price: 1.0
timeseries_values:
  load_level: 256395.95015124776
  wind_year: 2010
  solar_year: 2014
  price_year: 2023
  carbon_year: 2023
storage_values:
  CAES:
    cost: 38.5575
    lifetime: 22.3566
    annual_cost: 1.7246584901103028
    efficiency: 0.587391
    discharge_ratio: 0.1
    depth_of_discharge: 0.4
  Li-ion:
    cost: 160.74
    lifetime: 15.1612
    annual_cost: 10.602063161227345
    efficiency: 0.929305
    discharge_ratio: 2
    depth_of_discharge: 0.9
  Pb-acid:
    cost: 88.8323
    lifetime: 16.4915
    annual_cost: 5.386550647303157
    efficiency: 0.689673
    discharge_ratio: 5
    depth_of_discharge: 0.5
  VRBF:
    cost: 221.15
    lifetime: 21.3234
    annual_cost: 10.371235356462854
    efficiency: 0.827119
    discharge_ratio: 0.5
    depth_of_discharge: 1.0
