cost_values:
  wind_capex: 5000.0
  wind_opex: 100
  wind_lifetime: 20
  solar_capex: 1000.0
  solar_opex: 10
  solar_lifetime: 20
  carbon_price: 1.0
timeseries_values:
  load_level: 256395.95015124776
  wind_year: 2010
  solar_year: 2014
  price_year: 2023
  carbon_year: 2023
storage_values:
  CAES:
    cost: 31.9764
    lifetime: 22.6357
    annual_cost: 1.4126534633344674
    efficiency: 0.589509
    discharge_ratio: 0.1
    depth_of_discharge: 0.4
  Li-ion:
    cost: 151.077
    lifetime: 15.7796
    annual_cost: 9.574197064564373
    efficiency: 0.923947
    discharge_ratio: 2
    depth_of_discharge: 0.9
  Pb-acid:
    cost: 95.5901
    lifetime: 15.0526
    annual_cost: 6.350404581268353
    efficiency: 0.667743
    discharge_ratio: 5
    depth_of_discharge: 0.5
  VRBF:
    cost: 241.522
    lifetime: 22.5778
    annual_cost: 10.697322148304972
    efficiency: 0.830934
    discharge_ratio: 0.5
    depth_of_discharge: 1.0
