cost_values:
  wind_capex: 5000.0
  wind_opex: 100
  wind_lifetime: 20
  solar_capex: 1000.0
  solar_opex: 10
  solar_lifetime: 20
  carbon_price: 1.0
timeseries_values:
  load_level: 256395.95015124776
  wind_year: 2010
  solar_year: 2014
  price_year: 2023
  carbon_year: 2023
storage_values:
  CAES:
    cost: 32.1554
    lifetime: 23.3973
    annual_cost: 1.3743209686587767
    efficiency: 0.58828
    discharge_ratio: 0.1
    depth_of_discharge: 0.4
  Li-ion:
    cost: 160.955
    lifetime: 18.6321
    annual_cost: 8.638586096038557
    efficiency: 0.923453
    discharge_ratio: 2
    depth_of_discharge: 0.9
  Pb-acid:
    cost: 89.284
    lifetime: 18.1938
    annual_cost: 4.9073860326045144
    efficiency: 0.67376
    discharge_ratio: 5
    depth_of_discharge: 0.5
  VRBF:
    cost: 249.183
    lifetime: 20.8918
    annual_cost: 11.927311193865535
    efficiency: 0.825463
    discharge_ratio: 0.5
    depth_of_discharge: 1.0
