cost_values:
  wind_capex: 5000.0
  wind_opex: 100
  wind_lifetime: 20
  solar_capex: 1000.0
  solar_opex: 10
  solar_lifetime: 20
  carbon_price: 1.0
timeseries_values:
  load_level: 256395.95015124776
  wind_year: 2010
  solar_year: 2014
  price_year: 2023
  carbon_year: 2023
storage_values:
  CAES:
    cost: 32.9381
    lifetime: 23.5029
    annual_cost: 1.4014483319079771
    efficiency: 0.585074
    discharge_ratio: 0.1
    depth_of_discharge: 0.4
  Li-ion:
    cost: 163.16
    lifetime: 14.6532
    annual_cost: 11.134769197171948
    efficiency: 0.915275
    discharge_ratio: 2
    depth_of_discharge: 0.9
  Pb-acid:
    cost: 102.19
    lifetime: 16.2752
    annual_cost: 6.278878293354305
    efficiency: 0.677421
    discharge_ratio: 5
    depth_of_discharge: 0.5
  VRBF:
    cost: 273.486
    lifetime: 23.8669
    annual_cost: 11.45879858716465
    efficiency: 0.849856
    discharge_ratio: 0.5
    depth_of_discharge: 1.0
