cost_values:
  wind_capex: 5000.0
  wind_opex: 100
  wind_lifetime: 20
  solar_capex: 1000.0
  solar_opex: 10
  solar_lifetime: 20
  carbon_price: 1.0
timeseries_values:
  load_level: 256395.95015124776
  wind_year: 2010
  solar_year: 2014
  price_year: 2023
  carbon_year: 2023
storage_values:
  CAES:
    cost: 42.4112
    lifetime: 23.7505
    annual_cost: 1.7856971432180377
    efficiency: 0.58266
    discharge_ratio: 0.1
    depth_of_discharge: 0.4
  Li-ion:
    cost: 162.99
    lifetime: 16.9919
    annual_cost: 9.592217468323142
    efficiency: 0.90715
    discharge_ratio: 2
    depth_of_discharge: 0.9
  Pb-acid:
    cost: 110.551
    lifetime: 16.6488
    annual_cost: 6.640178271106626
    efficiency: 0.667437
    discharge_ratio: 5
    depth_of_discharge: 0.5
  VRBF:
    cost: 260.67
    lifetime: 18.3604
    annual_cost: 14.197403106686131
    efficiency: 0.84303
    discharge_ratio: 0.5
    depth_of_discharge: 1.0
