cost_values:
  wind_capex: 5000.0
  wind_opex: 100
  wind_lifetime: 20
  solar_capex: 1000.0
  solar_opex: 10
  solar_lifetime: 20
  carbon_price: 1.0
timeseries_values:
  load_level: 256395.95015124776
  wind_year: 2010
  solar_year: 2014
  price_year: 2023
  carbon_year: 2023
storage_values:
  CAES:
    cost: 31.1367
    lifetime: 22.5242
    annual_cost: 1.3823665213414904
    efficiency: 0.596998
    discharge_ratio: 0.1
    depth_of_discharge: 0.4
  Li-ion:
    cost: 176.863
    lifetime: 16.2506
    annual_cost: 10.883475071689661
    efficiency: 0.914502
    discharge_ratio: 2
    depth_of_discharge: 0.9
  Pb-acid:
    cost: 81.133
    lifetime: 17.2545
    annual_cost: 4.7021356747515135
    efficiency: 0.695256
    discharge_ratio: 5
    depth_of_discharge: 0.5
  VRBF:
    cost: 229.175
    lifetime: 22.0994
    annual_cost: 10.37019104591075
    efficiency: 0.817329
    discharge_ratio: 0.5
    depth_of_discharge: 1.0
