cost_values:
  wind_capex: 5000.0
  wind_opex: 100
  wind_lifetime: 20
  solar_capex: 1000.0
  solar_opex: 10
  solar_lifetime: 20
  carbon_price: 1.0
timeseries_values:
  load_level: 256395.95015124776
  wind_year: 2010
  solar_year: 2014
  price_year: 2023
  carbon_year: 2023
storage_values:
  CAES:
    cost: 32.2084
    lifetime: 23.0728
    annual_cost: 1.395946742484657
    efficiency: 0.573038
    discharge_ratio: 0.1
    depth_of_discharge: 0.4
  Li-ion:
    cost: 145.748
    lifetime: 18.1183
    annual_cost: 8.04424256138821
    efficiency: 0.930216
    discharge_ratio: 2
    depth_of_discharge: 0.9
  Pb-acid:
    cost: 103.458
    lifetime: 15.8005
    annual_cost: 6.547767475712794
    efficiency: 0.684068
    discharge_ratio: 5
    depth_of_discharge: 0.5
  VRBF:
    cost: 254.269
    lifetime: 20.9973
    annual_cost: 12.10960456820639
    efficiency: 0.830683
    discharge_ratio: 0.5
    depth_of_discharge: 1.0
