cost_values:
  wind_capex: 5000.0
  wind_opex: 100
  wind_lifetime: 20
  solar_capex: 1000.0
  solar_opex: 10
  solar_lifetime: 20
  carbon_price: 1.0
timeseries_values:
  load_level: 257298.61017075583
  wind_year: 2011
  solar_year: 2012
  price_year: 2023
  carbon_year: 2023
storage_values:
  CAES:
    cost: 67.5462
    lifetime: 24.5508
    annual_cost: 2.7512830539127036
    efficiency: 0.646227
    discharge_ratio: 0.1
    depth_of_discharge: 0.4
  Li-ion:
    cost: 209.435
    lifetime: 20.2273
    annual_cost: 10.354075927088639
    efficiency: 0.919986
    discharge_ratio: 2
    depth_of_discharge: 0.9
  Pb-acid:
    cost: 74.4114
    lifetime: 16.4825
    annual_cost: 4.514569998483239
    efficiency: 0.725774
    discharge_ratio: 5
    depth_of_discharge: 0.5
  VRBF:
    cost: 231.006
    lifetime: 23.7716
    annual_cost: 9.717730400982685
    efficiency: 0.732383
    discharge_ratio: 0.5
    depth_of_discharge: 1.0
