cost_values:
  wind_capex: 5000.0
  wind_opex: 100
  wind_lifetime: 20
  solar_capex: 1000.0
  solar_opex: 10
  solar_lifetime: 20
  carbon_price: 1.0
timeseries_values:
  load_level: 257298.61017075583
  wind_year: 2011
  solar_year: 2012
  price_year: 2023
  carbon_year: 2023
storage_values:
  CAES:
    cost: 65.333
    lifetime: 25.7247
    annual_cost: 2.539699199601939
    efficiency: 0.636876
    discharge_ratio: 0.1
    depth_of_discharge: 0.4
  Li-ion:
    cost: 224.505
    lifetime: 20.2863
    annual_cost: 11.066828352139128
    efficiency: 0.943644
    discharge_ratio: 2
    depth_of_discharge: 0.9
  Pb-acid:
    cost: 63.7171
    lifetime: 17.1249
    annual_cost: 3.7207282962236277
    efficiency: 0.735912
    discharge_ratio: 5
    depth_of_discharge: 0.5
  VRBF:
    cost: 283.205
    lifetime: 24.9768
    annual_cost: 11.338722334326254
    efficiency: 0.736052
    discharge_ratio: 0.5
    depth_of_discharge: 1.0
