cost_values:
  wind_capex: 5000.0
  wind_opex: 100
  wind_lifetime: 20
  solar_capex: 1000.0
  solar_opex: 10
  solar_lifetime: 20
  carbon_price: 1.0
timeseries_values:
  load_level: 257298.61017075583
  wind_year: 2011
  solar_year: 2012
  price_year: 2023
  carbon_year: 2023
storage_values:
  CAES:
    cost: 67.3665
    lifetime: 25.8909
    annual_cost: 2.601937360230815
    efficiency: 0.645921
    discharge_ratio: 0.1
    depth_of_discharge: 0.4
  Li-ion:
    cost: 214.031
    lifetime: 20.2069
    annual_cost: 10.59197600819522
    efficiency: 0.918694
    discharge_ratio: 2
    depth_of_discharge: 0.9
  Pb-acid:
    cost: 92.8328
    lifetime: 15.9784
    annual_cost: 5.809893356030641
    efficiency: 0.716122
    discharge_ratio: 5
    depth_of_discharge: 0.5
  VRBF:
    cost: 271.558
    lifetime: 27.4178
    annual_cost: 9.904441640102416
    efficiency: 0.708606
    discharge_ratio: 0.5
    depth_of_discharge: 1.0
