cost_values:
  wind_capex: 5000.0
  wind_opex: 100
  wind_lifetime: 20
  solar_capex: 1000.0
  solar_opex: 10
  solar_lifetime: 20
  carbon_price: 1.0
timeseries_values:
  load_level: 257298.61017075583
  wind_year: 2011
  solar_year: 2012
  price_year: 2023
  carbon_year: 2023
storage_values:
  CAES:
    cost: 63.8668
    lifetime: 25.7674
    annual_cost: 2.4785892251449506
    efficiency: 0.642124
    discharge_ratio: 0.1
    depth_of_discharge: 0.4
  Li-ion:
    cost: 208.327
    lifetime: 20.4959
    annual_cost: 10.164325548036437
    efficiency: 0.929863
    discharge_ratio: 2
    depth_of_discharge: 0.9
  Pb-acid:
    cost: 88.0417
    lifetime: 17.3162
    annual_cost: 5.0843545350596555
    efficiency: 0.715452
    discharge_ratio: 5
    depth_of_discharge: 0.5
  VRBF:
    cost: 235.698
    lifetime: 23.2908
    annual_cost: 10.119789788242567
    efficiency: 0.723955
    discharge_ratio: 0.5
    depth_of_discharge: 1.0
