cost_values:
  wind_capex: 5000.0
  wind_opex: 100
  wind_lifetime: 20
  solar_capex: 1000.0
  solar_opex: 10
  solar_lifetime: 20
  carbon_price: 1.0
timeseries_values:
  load_level: 257298.61017075583
  wind_year: 2011
  solar_year: 2012
  price_year: 2023
  carbon_year: 2023
storage_values:
  CAES:
    cost: 67.6209
    lifetime: 24.2847
    annual_cost: 2.7845062940864
    efficiency: 0.641437
    discharge_ratio: 0.1
    depth_of_discharge: 0.4
  Li-ion:
    cost: 201.564
    lifetime: 19.9345
    annual_cost: 10.111314555168175
    efficiency: 0.945452
    discharge_ratio: 2
    depth_of_discharge: 0.9
  Pb-acid:
    cost: 82.6106
    lifetime: 15.0009
    annual_cost: 5.507042910758688
    efficiency: 0.746068
    discharge_ratio: 5
    depth_of_discharge: 0.5
  VRBF:
    cost: 238.516
    lifetime: 24.5666
    annual_cost: 9.70895443406902
    efficiency: 0.70917
    discharge_ratio: 0.5
    depth_of_discharge: 1.0
