cost_values:
  wind_capex: 5000.0
  wind_opex: 100
  wind_lifetime: 20
  solar_capex: 1000.0
  solar_opex: 10
  solar_lifetime: 20
  carbon_price: 1.0
timeseries_values:
  load_level: 257298.61017075583
  wind_year: 2011
  solar_year: 2012
  price_year: 2023
  carbon_year: 2023
storage_values:
  CAES:
    cost: 62.5285
    lifetime: 24.4207
    annual_cost: 2.5604712395631575
    efficiency: 0.642089
    discharge_ratio: 0.1
    depth_of_discharge: 0.4
  Li-ion:
    cost: 201.227
    lifetime: 20.9067
    annual_cost: 9.625000597894454
    efficiency: 0.908576
    discharge_ratio: 2
    depth_of_discharge: 0.9
  Pb-acid:
    cost: 76.9655
    lifetime: 15.6953
    annual_cost: 4.9037291418450115
    efficiency: 0.751808
    discharge_ratio: 5
    depth_of_discharge: 0.5
  VRBF:
    cost: 263.15
    lifetime: 26.2851
    annual_cost: 10.011375265835015
    efficiency: 0.719944
    discharge_ratio: 0.5
    depth_of_discharge: 1.0
