cost_values:
  wind_capex: 5000.0
  wind_opex: 100
  wind_lifetime: 20
  solar_capex: 1000.0
  solar_opex: 10
  solar_lifetime: 20
  carbon_price: 1.0
timeseries_values:
  load_level: 257298.61017075583
  wind_year: 2011
  solar_year: 2012
  price_year: 2023
  carbon_year: 2023
storage_values:
  CAES:
    cost: 64.9162
    lifetime: 27.0656
    annual_cost: 2.398476294632301
    efficiency: 0.632625
    discharge_ratio: 0.1
    depth_of_discharge: 0.4
  Li-ion:
    cost: 201.006
    lifetime: 19.9082
    annual_cost: 10.096643594096905
    efficiency: 0.92657
    discharge_ratio: 2
    depth_of_discharge: 0.9
  Pb-acid:
    cost: 78.506
    lifetime: 18.8625
    annual_cost: 4.162014579191517
    efficiency: 0.731904
    discharge_ratio: 5
    depth_of_discharge: 0.5
  VRBF:
    cost: 280.895
    lifetime: 23.6595
    annual_cost: 11.872397979669898
    efficiency: 0.724455
    discharge_ratio: 0.5
    depth_of_discharge: 1.0
