cost_values:
  wind_capex: 5000.0
  wind_opex: 100
  wind_lifetime: 20
  solar_capex: 1000.0
  solar_opex: 10
  solar_lifetime: 20
  carbon_price: 1.0
timeseries_values:
  load_level: 257298.61017075583
  wind_year: 2011
  solar_year: 2012
  price_year: 2023
  carbon_year: 2023
storage_values:
  CAES:
    cost: 74.9031
    lifetime: 25.1811
    annual_cost: 2.974576170222905
    efficiency: 0.6377
    discharge_ratio: 0.1
    depth_of_discharge: 0.4
  Li-ion:
    cost: 201.232
    lifetime: 18.621
    annual_cost: 10.806723591643843
    efficiency: 0.937549
    discharge_ratio: 2
    depth_of_discharge: 0.9
  Pb-acid:
    cost: 71.6251
    lifetime: 15.8319
    annual_cost: 4.524100076427972
    efficiency: 0.730321
    discharge_ratio: 5
    depth_of_discharge: 0.5
  VRBF:
    cost: 253.859
    lifetime: 23.7081
    annual_cost: 10.707690620505227
    efficiency: 0.724251
    discharge_ratio: 0.5
    depth_of_discharge: 1.0
