cost_values:
  wind_capex: 5000.0
  wind_opex: 100
  wind_lifetime: 20
  solar_capex: 1000.0
  solar_opex: 10
  solar_lifetime: 20
  carbon_price: 1.0
timeseries_values:
  load_level: 257298.61017075583
  wind_year: 2011
  solar_year: 2012
  price_year: 2023
  carbon_year: 2023
storage_values:
  CAES:
    cost: 64.1559
    lifetime: 25.5786
    annual_cost: 2.5081865309281977
    efficiency: 0.648317
    discharge_ratio: 0.1
    depth_of_discharge: 0.4
  Li-ion:
    cost: 206.682
    lifetime: 19.3238
    annual_cost: 10.695722373446216
    efficiency: 0.922768
    discharge_ratio: 2
    depth_of_discharge: 0.9
  Pb-acid:
    cost: 57.561
    lifetime: 16.9225
    annual_cost: 3.401447776628749
    efficiency: 0.73891
    discharge_ratio: 5
    depth_of_discharge: 0.5
  VRBF:
    cost: 251.314
    lifetime: 24.5522
    annual_cost: 10.235905540033073
    efficiency: 0.718666
    discharge_ratio: 0.5
    depth_of_discharge: 1.0
