cost_values:
  wind_capex: 5000.0
  wind_opex: 100
  wind_lifetime: 20
  solar_capex: 1000.0
  solar_opex: 10
  solar_lifetime: 20
  carbon_price: 1.0
timeseries_values:
  load_level: 257298.61017075583
  wind_year: 2011
  solar_year: 2012
  price_year: 2023
  carbon_year: 2023
storage_values:
  CAES:
    cost: 69.5118
    lifetime: 25.3064
    annual_cost: 2.746807131792748
    efficiency: 0.642526
    discharge_ratio: 0.1
    depth_of_discharge: 0.4
  Li-ion:
    cost: 202.733
    lifetime: 20.456
    annual_cost: 9.910686351192805
    efficiency: 0.931624
    discharge_ratio: 2
    depth_of_discharge: 0.9
  Pb-acid:
    cost: 89.9124
    lifetime: 15.6864
    annual_cost: 5.73186964504284
    efficiency: 0.734047
    discharge_ratio: 5
    depth_of_discharge: 0.5
  VRBF:
    cost: 239.687
    lifetime: 25.3063
    annual_cost: 9.471435966537976
    efficiency: 0.729233
    discharge_ratio: 0.5
    depth_of_discharge: 1.0
