cost_values:
  wind_capex: 5000.0
  wind_opex: 100
  wind_lifetime: 20
  solar_capex: 1000.0
  solar_opex: 10
  solar_lifetime: 20
  carbon_price: 1.0
timeseries_values:
  load_level: 257298.61017075583
  wind_year: 2011
  solar_year: 2012
  price_year: 2023
  carbon_year: 2023
storage_values:
  CAES:
    cost: 62.9984
    lifetime: 24.3282
    annual_cost: 2.589521625109955
    efficiency: 0.646152
    discharge_ratio: 0.1
    depth_of_discharge: 0.4
  Li-ion:
    cost: 213.233
    lifetime: 18.7537
    annual_cost: 11.370182950564423
    efficiency: 0.929314
    discharge_ratio: 2
    depth_of_discharge: 0.9
  Pb-acid:
    cost: 63.9822
    lifetime: 15.9791
    annual_cost: 4.004117878979416
    efficiency: 0.738028
    discharge_ratio: 5
    depth_of_discharge: 0.5
  VRBF:
    cost: 277.123
    lifetime: 22.9531
    annual_cost: 12.07344541695893
    efficiency: 0.708308
    discharge_ratio: 0.5
    depth_of_discharge: 1.0
