cost_values:
  wind_capex: 5000.0
  wind_opex: 100
  wind_lifetime: 20
  solar_capex: 1000.0
  solar_opex: 10
  solar_lifetime: 20
  carbon_price: 1.0
timeseries_values:
  load_level: 257298.61017075583
  wind_year: 2011
  solar_year: 2012
  price_year: 2023
  carbon_year: 2023
storage_values:
  CAES:
    cost: 68.5522
    lifetime: 25.4239
    annual_cost: 2.696368377786256
    efficiency: 0.64522
    discharge_ratio: 0.1
    depth_of_discharge: 0.4
  Li-ion:
    cost: 198.137
    lifetime: 20.994
    annual_cost: 9.437791750023816
    efficiency: 0.927887
    discharge_ratio: 2
    depth_of_discharge: 0.9
  Pb-acid:
    cost: 105.017
    lifetime: 17.3806
    annual_cost: 6.042196471928471
    efficiency: 0.732248
    discharge_ratio: 5
    depth_of_discharge: 0.5
  VRBF:
    cost: 253.298
    lifetime: 24.8317
    annual_cost: 10.200590374400463
    efficiency: 0.709385
    discharge_ratio: 0.5
    depth_of_discharge: 1.0
