cost_values:
  wind_capex: 5000.0
  wind_opex: 100
  wind_lifetime: 20
  solar_capex: 1000.0
  solar_opex: 10
  solar_lifetime: 20
  carbon_price: 1.0
timeseries_values:
  load_level: 257298.61017075583
  wind_year: 2011
  solar_year: 2012
  price_year: 2023
  carbon_year: 2023
storage_values:
  CAES:
    cost: 69.3043
    lifetime: 24.8989
    annual_cost: 2.7834281835743746
    efficiency: 0.639694
    discharge_ratio: 0.1
    depth_of_discharge: 0.4
  Li-ion:
    cost: 194.441
    lifetime: 21.1918
    annual_cost: 9.175294217574722
    efficiency: 0.927409
    discharge_ratio: 2
    depth_of_discharge: 0.9
  Pb-acid:
    cost: 87.2753
    lifetime: 18.3892
    annual_cost: 4.7460085267439585
    efficiency: 0.736572
    discharge_ratio: 5
    depth_of_discharge: 0.5
  VRBF:
    cost: 262.801
    lifetime: 21.6287
    annual_cost: 12.150568457651177
    efficiency: 0.713303
    discharge_ratio: 0.5
    depth_of_discharge: 1.0
