cost_values:
  wind_capex: 5000.0
  wind_opex: 100
  wind_lifetime: 20
  solar_capex: 1000.0
  solar_opex: 10
  solar_lifetime: 20
  carbon_price: 1.0
timeseries_values:
  load_level: 257298.61017075583
  wind_year: 2011
  solar_year: 2012
  price_year: 2023
  carbon_year: 2023
storage_values:
  CAES:
    cost: 64.9605
    lifetime: 25.6567
    annual_cost: 2.5319117423519
    efficiency: 0.643872
    discharge_ratio: 0.1
    depth_of_discharge: 0.4
  Li-ion:
    cost: 199.543
    lifetime: 18.9832
    annual_cost: 10.51155758776181
    efficiency: 0.908162
    discharge_ratio: 2
    depth_of_discharge: 0.9
  Pb-acid:
    cost: 94.1506
    lifetime: 16.4799
    annual_cost: 5.713056511265238
    efficiency: 0.737565
    discharge_ratio: 5
    depth_of_discharge: 0.5
  VRBF:
    cost: 294.757
    lifetime: 23.7189
    annual_cost: 12.427094005202601
    efficiency: 0.713236
    discharge_ratio: 0.5
    depth_of_discharge: 1.0
