cost_values:
  wind_capex: 5000.0
  wind_opex: 100
  wind_lifetime: 20
  solar_capex: 1000.0
  solar_opex: 10
  solar_lifetime: 20
  carbon_price: 1.0
timeseries_values:
  load_level: 257298.61017075583
  wind_year: 2011
  solar_year: 2012
  price_year: 2023
  carbon_year: 2023
storage_values:
  CAES:
    cost: 70.0019
    lifetime: 25.4605
    annual_cost: 2.749431472280592
    efficiency: 0.645793
    discharge_ratio: 0.1
    depth_of_discharge: 0.4
  Li-ion:
    cost: 218.639
    lifetime: 19.5835
    annual_cost: 11.164449664258177
    efficiency: 0.930927
    discharge_ratio: 2
    depth_of_discharge: 0.9
  Pb-acid:
    cost: 63.9769
    lifetime: 16.3914
    annual_cost: 3.9030772234220383
    efficiency: 0.732504
    discharge_ratio: 5
    depth_of_discharge: 0.5
  VRBF:
    cost: 244.031
    lifetime: 25.8772
    annual_cost: 9.430347951092083
    efficiency: 0.718545
    discharge_ratio: 0.5
    depth_of_discharge: 1.0
