cost_values:
  wind_capex: 5000.0
  wind_opex: 100
  wind_lifetime: 20
  solar_capex: 1000.0
  solar_opex: 10
  solar_lifetime: 20
  carbon_price: 1.0
timeseries_values:
  load_level: 257298.61017075583
  wind_year: 2011
  solar_year: 2012
  price_year: 2023
  carbon_year: 2023
storage_values:
  CAES:
    cost: 70.9288
    lifetime: 26.0048
    annual_cost: 2.7275272257429397
    efficiency: 0.643532
    discharge_ratio: 0.1
    depth_of_discharge: 0.4
  Li-ion:
    cost: 214.608
    lifetime: 21.2372
    annual_cost: 10.105286949315351
    efficiency: 0.917854
    discharge_ratio: 2
    depth_of_discharge: 0.9
  Pb-acid:
    cost: 53.9419
    lifetime: 15.5444
    annual_cost: 3.4701821877975347
    efficiency: 0.732928
    discharge_ratio: 5
    depth_of_discharge: 0.5
  VRBF:
    cost: 240.717
    lifetime: 24.9016
    annual_cost: 9.666728242361938
    efficiency: 0.708493
    discharge_ratio: 0.5
    depth_of_discharge: 1.0
