cost_values:
  wind_capex: 5000.0
  wind_opex: 100
  wind_lifetime: 20
  solar_capex: 1000.0
  solar_opex: 10
  solar_lifetime: 20
  carbon_price: 1.0
timeseries_values:
  load_level: 257298.61017075583
  wind_year: 2011
  solar_year: 2012
  price_year: 2023
  carbon_year: 2023
storage_values:
  CAES:
    cost: 59.9581
    lifetime: 25.9392
    annual_cost: 2.31148609055021
    efficiency: 0.647726
    discharge_ratio: 0.1
    depth_of_discharge: 0.4
  Li-ion:
    cost: 192.931
    lifetime: 21.3772
    annual_cost: 9.025082798495594
    efficiency: 0.939305
    discharge_ratio: 2
    depth_of_discharge: 0.9
  Pb-acid:
    cost: 83.1416
    lifetime: 16.8179
    annual_cost: 4.943637433924568
    efficiency: 0.73896
    discharge_ratio: 5
    depth_of_discharge: 0.5
  VRBF:
    cost: 249.611
    lifetime: 26.5121
    annual_cost: 9.414984101598892
    efficiency: 0.752932
    discharge_ratio: 0.5
    depth_of_discharge: 1.0
