cost_values:
  wind_capex: 5000.0
  wind_opex: 100
  wind_lifetime: 20
  solar_capex: 1000.0
  solar_opex: 10
  solar_lifetime: 20
  carbon_price: 1.0
timeseries_values:
  load_level: 257298.61017075583
  wind_year: 2011
  solar_year: 2012
  price_year: 2023
  carbon_year: 2023
storage_values:
  CAES:
    cost: 73.249
    lifetime: 24.8314
    annual_cost: 2.9498538141224415
    efficiency: 0.645852
    discharge_ratio: 0.1
    depth_of_discharge: 0.4
  Li-ion:
    cost: 170.625
    lifetime: 19.1329
    annual_cost: 8.917884899832227
    efficiency: 0.924756
    discharge_ratio: 2
    depth_of_discharge: 0.9
  Pb-acid:
    cost: 94.1275
    lifetime: 14.112
    annual_cost: 6.670032596371882
    efficiency: 0.720517
    discharge_ratio: 5
    depth_of_discharge: 0.5
  VRBF:
    cost: 243.799
    lifetime: 23.8205
    annual_cost: 10.234839738880376
    efficiency: 0.706208
    discharge_ratio: 0.5
    depth_of_discharge: 1.0
