cost_values:
  wind_capex: 5000.0
  wind_opex: 100
  wind_lifetime: 20
  solar_capex: 1000.0
  solar_opex: 10
  solar_lifetime: 20
  carbon_price: 1.0
timeseries_values:
  load_level: 257298.61017075583
  wind_year: 2011
  solar_year: 2012
  price_year: 2023
  carbon_year: 2023
storage_values:
  CAES:
    cost: 70.7355
    lifetime: 24.8029
    annual_cost: 2.8519044144031542
    efficiency: 0.634092
    discharge_ratio: 0.1
    depth_of_discharge: 0.4
  Li-ion:
    cost: 204.103
    lifetime: 21.5886
    annual_cost: 9.454202681044626
    efficiency: 0.926191
    discharge_ratio: 2
    depth_of_discharge: 0.9
  Pb-acid:
    cost: 85.2119
    lifetime: 16.0593
    annual_cost: 5.306078098049105
    efficiency: 0.752243
    discharge_ratio: 5
    depth_of_discharge: 0.5
  VRBF:
    cost: 252.745
    lifetime: 24.9535
    annual_cost: 10.128639269040416
    efficiency: 0.741763
    discharge_ratio: 0.5
    depth_of_discharge: 1.0
