cost_values:
  wind_capex: 5000.0
  wind_opex: 100
  wind_lifetime: 20
  solar_capex: 1000.0
  solar_opex: 10
  solar_lifetime: 20
  carbon_price: 1.0
timeseries_values:
  load_level: 257298.61017075583
  wind_year: 2011
  solar_year: 2012
  price_year: 2023
  carbon_year: 2023
storage_values:
  CAES:
    cost: 71.2225
    lifetime: 25.4707
    annual_cost: 2.796252164251473
    efficiency: 0.638206
    discharge_ratio: 0.1
    depth_of_discharge: 0.4
  Li-ion:
    cost: 184.859
    lifetime: 19.8882
    annual_cost: 9.294908538731509
    efficiency: 0.929036
    discharge_ratio: 2
    depth_of_discharge: 0.9
  Pb-acid:
    cost: 79.7913
    lifetime: 17.3087
    annual_cost: 4.60989560163386
    efficiency: 0.715869
    discharge_ratio: 5
    depth_of_discharge: 0.5
  VRBF:
    cost: 244.281
    lifetime: 25.8903
    annual_cost: 9.43523250020278
    efficiency: 0.73299
    discharge_ratio: 0.5
    depth_of_discharge: 1.0
