cost_values:
  wind_capex: 5000.0
  wind_opex: 100
  wind_lifetime: 20
  solar_capex: 1000.0
  solar_opex: 10
  solar_lifetime: 20
  carbon_price: 1.0
timeseries_values:
  load_level: 257298.61017075583
  wind_year: 2011
  solar_year: 2012
  price_year: 2023
  carbon_year: 2023
storage_values:
  CAES:
    cost: 63.9821
    lifetime: 25.0015
    annual_cost: 2.55913045217287
    efficiency: 0.641071
    discharge_ratio: 0.1
    depth_of_discharge: 0.4
  Li-ion:
    cost: 204.468
    lifetime: 17.3818
    annual_cost: 11.763338664580193
    efficiency: 0.939424
    discharge_ratio: 2
    depth_of_discharge: 0.9
  Pb-acid:
    cost: 60.3667
    lifetime: 15.7896
    annual_cost: 3.823193747783351
    efficiency: 0.721393
    discharge_ratio: 5
    depth_of_discharge: 0.5
  VRBF:
    cost: 268.932
    lifetime: 24.5682
    annual_cost: 10.946345275600166
    efficiency: 0.720432
    discharge_ratio: 0.5
    depth_of_discharge: 1.0
