cost_values:
  wind_capex: 5000.0
  wind_opex: 100
  wind_lifetime: 20
  solar_capex: 1000.0
  solar_opex: 10
  solar_lifetime: 20
  carbon_price: 1.0
timeseries_values:
  load_level: 257298.61017075583
  wind_year: 2011
  solar_year: 2012
  price_year: 2023
  carbon_year: 2023
storage_values:
  CAES:
    cost: 68.1166
    lifetime: 26.5375
    annual_cost: 2.566805463966086
    efficiency: 0.641617
    discharge_ratio: 0.1
    depth_of_discharge: 0.4
  Li-ion:
    cost: 203.049
    lifetime: 19.0687
    annual_cost: 10.648287507800742
    efficiency: 0.934502
    discharge_ratio: 2
    depth_of_discharge: 0.9
  Pb-acid:
    cost: 77.7326
    lifetime: 15.1169
    annual_cost: 5.14209923992353
    efficiency: 0.729177
    discharge_ratio: 5
    depth_of_discharge: 0.5
  VRBF:
    cost: 245.345
    lifetime: 24.7647
    annual_cost: 9.907045108561784
    efficiency: 0.718729
    discharge_ratio: 0.5
    depth_of_discharge: 1.0
