cost_values:
  wind_capex: 5000.0
  wind_opex: 100
  wind_lifetime: 20
  solar_capex: 1000.0
  solar_opex: 10
  solar_lifetime: 20
  carbon_price: 1.0
timeseries_values:
  load_level: 257298.61017075583
  wind_year: 2011
  solar_year: 2012
  price_year: 2023
  carbon_year: 2023
storage_values:
  CAES:
    cost: 68.9774
    lifetime: 25.1921
    annual_cost: 2.738056771765752
    efficiency: 0.635579
    discharge_ratio: 0.1
    depth_of_discharge: 0.4
  Li-ion:
    cost: 174.005
    lifetime: 20.997
    annual_cost: 8.287136257560604
    efficiency: 0.94353
    discharge_ratio: 2
    depth_of_discharge: 0.9
  Pb-acid:
    cost: 67.9092
    lifetime: 16.2523
    annual_cost: 4.1784362828645785
    efficiency: 0.745515
    discharge_ratio: 5
    depth_of_discharge: 0.5
  VRBF:
    cost: 247.073
    lifetime: 24.7717
    annual_cost: 9.974002591667105
    efficiency: 0.725515
    discharge_ratio: 0.5
    depth_of_discharge: 1.0
