cost_values:
  wind_capex: 5000.0
  wind_opex: 100
  wind_lifetime: 20
  solar_capex: 1000.0
  solar_opex: 10
  solar_lifetime: 20
  carbon_price: 1.0
timeseries_values:
  load_level: 257298.61017075583
  wind_year: 2011
  solar_year: 2012
  price_year: 2023
  carbon_year: 2023
storage_values:
  CAES:
    cost: 61.0518
    lifetime: 24.9434
    annual_cost: 2.447613396730197
    efficiency: 0.640193
    discharge_ratio: 0.1
    depth_of_discharge: 0.4
  Li-ion:
    cost: 186.458
    lifetime: 21.1231
    annual_cost: 8.827208127594908
    efficiency: 0.926147
    discharge_ratio: 2
    depth_of_discharge: 0.9
  Pb-acid:
    cost: 79.6759
    lifetime: 16.9549
    annual_cost: 4.699284572601432
    efficiency: 0.73489
    discharge_ratio: 5
    depth_of_discharge: 0.5
  VRBF:
    cost: 215.311
    lifetime: 25.057
    annual_cost: 8.592848305862635
    efficiency: 0.732333
    discharge_ratio: 0.5
    depth_of_discharge: 1.0
