cost_values:
  wind_capex: 5000.0
  wind_opex: 100
  wind_lifetime: 20
  solar_capex: 1000.0
  solar_opex: 10
  solar_lifetime: 20
  carbon_price: 1.0
timeseries_values:
  load_level: 257298.61017075583
  wind_year: 2011
  solar_year: 2012
  price_year: 2023
  carbon_year: 2023
storage_values:
  CAES:
    cost: 64.5865
    lifetime: 25.5332
    annual_cost: 2.529510597966569
    efficiency: 0.642335
    discharge_ratio: 0.1
    depth_of_discharge: 0.4
  Li-ion:
    cost: 203.783
    lifetime: 20.4265
    annual_cost: 9.976403201723251
    efficiency: 0.919939
    discharge_ratio: 2
    depth_of_discharge: 0.9
  Pb-acid:
    cost: 64.432
    lifetime: 15.7935
    annual_cost: 4.079653021812772
    efficiency: 0.725801
    discharge_ratio: 5
    depth_of_discharge: 0.5
  VRBF:
    cost: 245.344
    lifetime: 24.5564
    annual_cost: 9.991041032073104
    efficiency: 0.730014
    discharge_ratio: 0.5
    depth_of_discharge: 1.0
