cost_values:
  wind_capex: 5000.0
  wind_opex: 100
  wind_lifetime: 20
  solar_capex: 1000.0
  solar_opex: 10
  solar_lifetime: 20
  carbon_price: 1.0
timeseries_values:
  load_level: 257298.61017075583
  wind_year: 2011
  solar_year: 2012
  price_year: 2023
  carbon_year: 2023
storage_values:
  CAES:
    cost: 63.1808
    lifetime: 25.9593
    annual_cost: 2.4338406659655694
    efficiency: 0.645683
    discharge_ratio: 0.1
    depth_of_discharge: 0.4
  Li-ion:
    cost: 204.637
    lifetime: 21.2585
    annual_cost: 9.626126020180163
    efficiency: 0.928998
    discharge_ratio: 2
    depth_of_discharge: 0.9
  Pb-acid:
    cost: 74.9641
    lifetime: 15.6154
    annual_cost: 4.8006519205399805
    efficiency: 0.735591
    discharge_ratio: 5
    depth_of_discharge: 0.5
  VRBF:
    cost: 231.801
    lifetime: 25.3781
    annual_cost: 9.133898912842174
    efficiency: 0.730362
    discharge_ratio: 0.5
    depth_of_discharge: 1.0
