cost_values:
  wind_capex: 5000.0
  wind_opex: 100
  wind_lifetime: 20
  solar_capex: 1000.0
  solar_opex: 10
  solar_lifetime: 20
  carbon_price: 1.0
timeseries_values:
  load_level: 257298.61017075583
  wind_year: 2011
  solar_year: 2012
  price_year: 2023
  carbon_year: 2023
storage_values:
  CAES:
    cost: 59.1838
    lifetime: 26.1945
    annual_cost: 2.2593979652217064
    efficiency: 0.640877
    discharge_ratio: 0.1
    depth_of_discharge: 0.4
  Li-ion:
    cost: 192.044
    lifetime: 21.6769
    annual_cost: 8.859384875143586
    efficiency: 0.923068
    discharge_ratio: 2
    depth_of_discharge: 0.9
  Pb-acid:
    cost: 73.9946
    lifetime: 18.1683
    annual_cost: 4.0727310755546755
    efficiency: 0.733929
    discharge_ratio: 5
    depth_of_discharge: 0.5
  VRBF:
    cost: 251.644
    lifetime: 26.3573
    annual_cost: 9.547411912449304
    efficiency: 0.722101
    discharge_ratio: 0.5
    depth_of_discharge: 1.0
