cost_values:
  wind_capex: 5000.0
  wind_opex: 100
  wind_lifetime: 20
  solar_capex: 1000.0
  solar_opex: 10
  solar_lifetime: 20
  carbon_price: 1.0
timeseries_values:
  load_level: 257298.61017075583
  wind_year: 2011
  solar_year: 2012
  price_year: 2023
  carbon_year: 2023
storage_values:
  CAES:
    cost: 62.6007
    lifetime: 26.0216
    annual_cost: 2.4057206320902638
    efficiency: 0.643647
    discharge_ratio: 0.1
    depth_of_discharge: 0.4
  Li-ion:
    cost: 200.569
    lifetime: 17.9142
    annual_cost: 11.19609025242545
    efficiency: 0.92129
    discharge_ratio: 2
    depth_of_discharge: 0.9
  Pb-acid:
    cost: 82.322
    lifetime: 17.0351
    annual_cost: 4.83249291169409
    efficiency: 0.71479
    discharge_ratio: 5
    depth_of_discharge: 0.5
  VRBF:
    cost: 275.252
    lifetime: 24.3589
    annual_cost: 11.299853441657875
    efficiency: 0.732828
    discharge_ratio: 0.5
    depth_of_discharge: 1.0
