cost_values:
  wind_capex: 5000.0
  wind_opex: 100
  wind_lifetime: 20
  solar_capex: 1000.0
  solar_opex: 10
  solar_lifetime: 20
  carbon_price: 1.0
timeseries_values:
  load_level: 257298.61017075583
  wind_year: 2011
  solar_year: 2012
  price_year: 2023
  carbon_year: 2023
storage_values:
  CAES:
    cost: 63.7047
    lifetime: 25.5899
    annual_cost: 2.489447008390029
    efficiency: 0.636972
    discharge_ratio: 0.1
    depth_of_discharge: 0.4
  Li-ion:
    cost: 198.596
    lifetime: 19.0375
    annual_cost: 10.43183191070256
    efficiency: 0.920042
    discharge_ratio: 2
    depth_of_discharge: 0.9
  Pb-acid:
    cost: 83.9427
    lifetime: 16.2091
    annual_cost: 5.178739103343184
    efficiency: 0.732381
    discharge_ratio: 5
    depth_of_discharge: 0.5
  VRBF:
    cost: 266.244
    lifetime: 24.1416
    annual_cost: 11.028432249726613
    efficiency: 0.728439
    discharge_ratio: 0.5
    depth_of_discharge: 1.0
