cost_values:
  wind_capex: 5000.0
  wind_opex: 100
  wind_lifetime: 20
  solar_capex: 1000.0
  solar_opex: 10
  solar_lifetime: 20
  carbon_price: 1.0
timeseries_values:
  load_level: 257298.61017075583
  wind_year: 2011
  solar_year: 2012
  price_year: 2023
  carbon_year: 2023
storage_values:
  CAES:
    cost: 64.6355
    lifetime: 25.4799
    annual_cost: 2.536725026393353
    efficiency: 0.639172
    discharge_ratio: 0.1
    depth_of_discharge: 0.4
  Li-ion:
    cost: 201.731
    lifetime: 20.5119
    annual_cost: 9.834827587888006
    efficiency: 0.927335
    discharge_ratio: 2
    depth_of_discharge: 0.9
  Pb-acid:
    cost: 76.5023
    lifetime: 15.9951
    annual_cost: 4.7828585004157524
    efficiency: 0.724714
    discharge_ratio: 5
    depth_of_discharge: 0.5
  VRBF:
    cost: 250.715
    lifetime: 26.3541
    annual_cost: 9.513320508004448
    efficiency: 0.731208
    discharge_ratio: 0.5
    depth_of_discharge: 1.0
