cost_values:
  wind_capex: 5000.0
  wind_opex: 100
  wind_lifetime: 20
  solar_capex: 1000.0
  solar_opex: 10
  solar_lifetime: 20
  carbon_price: 1.0
timeseries_values:
  load_level: 257298.61017075583
  wind_year: 2011
  solar_year: 2012
  price_year: 2023
  carbon_year: 2023
storage_values:
  CAES:
    cost: 64.5809
    lifetime: 24.7419
    annual_cost: 2.6101835348134137
    efficiency: 0.641809
    discharge_ratio: 0.1
    depth_of_discharge: 0.4
  Li-ion:
    cost: 195.174
    lifetime: 17.796
    annual_cost: 10.967296021577884
    efficiency: 0.92416
    discharge_ratio: 2
    depth_of_discharge: 0.9
  Pb-acid:
    cost: 78.2056
    lifetime: 17.9145
    annual_cost: 4.365491640849592
    efficiency: 0.721016
    discharge_ratio: 5
    depth_of_discharge: 0.5
  VRBF:
    cost: 246.123
    lifetime: 25.2227
    annual_cost: 9.757995773648341
    efficiency: 0.734691
    discharge_ratio: 0.5
    depth_of_discharge: 1.0
