cost_values:
  wind_capex: 5000.0
  wind_opex: 100
  wind_lifetime: 20
  solar_capex: 1000.0
  solar_opex: 10
  solar_lifetime: 20
  carbon_price: 1.0
timeseries_values:
  load_level: 257298.61017075583
  wind_year: 2011
  solar_year: 2012
  price_year: 2023
  carbon_year: 2023
storage_values:
  CAES:
    cost: 58.6265
    lifetime: 24.9391
    annual_cost: 2.350786515952861
    efficiency: 0.647075
    discharge_ratio: 0.1
    depth_of_discharge: 0.4
  Li-ion:
    cost: 190.411
    lifetime: 21.0699
    annual_cost: 9.03710981067779
    efficiency: 0.935414
    discharge_ratio: 2
    depth_of_discharge: 0.9
  Pb-acid:
    cost: 64.3547
    lifetime: 17.7265
    annual_cost: 3.630423377429272
    efficiency: 0.715761
    discharge_ratio: 5
    depth_of_discharge: 0.5
  VRBF:
    cost: 267.059
    lifetime: 24.7679
    annual_cost: 10.782464399484818
    efficiency: 0.731249
    discharge_ratio: 0.5
    depth_of_discharge: 1.0
