cost_values:
  wind_capex: 5000.0
  wind_opex: 100
  wind_lifetime: 20
  solar_capex: 1000.0
  solar_opex: 10
  solar_lifetime: 20
  carbon_price: 1.0
timeseries_values:
  load_level: 257298.61017075583
  wind_year: 2011
  solar_year: 2012
  price_year: 2023
  carbon_year: 2023
storage_values:
  CAES:
    cost: 68.2968
    lifetime: 25.0079
    annual_cost: 2.731009001155635
    efficiency: 0.64192
    discharge_ratio: 0.1
    depth_of_discharge: 0.4
  Li-ion:
    cost: 209.857
    lifetime: 20.9534
    annual_cost: 10.015415159353614
    efficiency: 0.919451
    discharge_ratio: 2
    depth_of_discharge: 0.9
  Pb-acid:
    cost: 66.2748
    lifetime: 16.3288
    annual_cost: 4.058767331340944
    efficiency: 0.710845
    discharge_ratio: 5
    depth_of_discharge: 0.5
  VRBF:
    cost: 225.815
    lifetime: 24.9
    annual_cost: 9.068875502008032
    efficiency: 0.725982
    discharge_ratio: 0.5
    depth_of_discharge: 1.0
