cost_values:
  wind_capex: 5000.0
  wind_opex: 100
  wind_lifetime: 20
  solar_capex: 1000.0
  solar_opex: 10
  solar_lifetime: 20
  carbon_price: 1.0
timeseries_values:
  load_level: 257298.61017075583
  wind_year: 2011
  solar_year: 2012
  price_year: 2023
  carbon_year: 2023
storage_values:
  CAES:
    cost: 67.227
    lifetime: 25.4378
    annual_cost: 2.64279929868149
    efficiency: 0.649689
    discharge_ratio: 0.1
    depth_of_discharge: 0.4
  Li-ion:
    cost: 216.023
    lifetime: 20.4263
    annual_cost: 10.575728350215163
    efficiency: 0.937496
    discharge_ratio: 2
    depth_of_discharge: 0.9
  Pb-acid:
    cost: 104.154
    lifetime: 17.0778
    annual_cost: 6.098794926747004
    efficiency: 0.723829
    discharge_ratio: 5
    depth_of_discharge: 0.5
  VRBF:
    cost: 217.97
    lifetime: 23.0777
    annual_cost: 9.445048683360993
    efficiency: 0.727755
    discharge_ratio: 0.5
    depth_of_discharge: 1.0
