cost_values:
  wind_capex: 5000.0
  wind_opex: 100
  wind_lifetime: 20
  solar_capex: 1000.0
  solar_opex: 10
  solar_lifetime: 20
  carbon_price: 1.0
timeseries_values:
  load_level: 257298.61017075583
  wind_year: 2011
  solar_year: 2012
  price_year: 2023
  carbon_year: 2023
storage_values:
  CAES:
    cost: 69.5947
    lifetime: 24.9332
    annual_cost: 2.79124620987278
    efficiency: 0.645038
    discharge_ratio: 0.1
    depth_of_discharge: 0.4
  Li-ion:
    cost: 214.212
    lifetime: 20.5063
    annual_cost: 10.446155571702354
    efficiency: 0.935975
    discharge_ratio: 2
    depth_of_discharge: 0.9
  Pb-acid:
    cost: 68.1536
    lifetime: 16.7097
    annual_cost: 4.078684835754083
    efficiency: 0.728577
    discharge_ratio: 5
    depth_of_discharge: 0.5
  VRBF:
    cost: 250.832
    lifetime: 26.8292
    annual_cost: 9.349216525278427
    efficiency: 0.71166
    discharge_ratio: 0.5
    depth_of_discharge: 1.0
