cost_values:
  wind_capex: 5000.0
  wind_opex: 100
  wind_lifetime: 20
  solar_capex: 1000.0
  solar_opex: 10
  solar_lifetime: 20
  carbon_price: 1.0
timeseries_values:
  load_level: 257298.61017075583
  wind_year: 2011
  solar_year: 2012
  price_year: 2023
  carbon_year: 2023
storage_values:
  CAES:
    cost: 68.6
    lifetime: 26.376
    annual_cost: 2.600849256900212
    efficiency: 0.645824
    discharge_ratio: 0.1
    depth_of_discharge: 0.4
  Li-ion:
    cost: 201.922
    lifetime: 19.3279
    annual_cost: 10.447177396406232
    efficiency: 0.933705
    discharge_ratio: 2
    depth_of_discharge: 0.9
  Pb-acid:
    cost: 85.4935
    lifetime: 17.7177
    annual_cost: 4.825315927010842
    efficiency: 0.725638
    discharge_ratio: 5
    depth_of_discharge: 0.5
  VRBF:
    cost: 232.934
    lifetime: 24.6053
    annual_cost: 9.46682218871544
    efficiency: 0.693933
    discharge_ratio: 0.5
    depth_of_discharge: 1.0
