cost_values:
  wind_capex: 5000.0
  wind_opex: 100
  wind_lifetime: 20
  solar_capex: 1000.0
  solar_opex: 10
  solar_lifetime: 20
  carbon_price: 1.0
timeseries_values:
  load_level: 257298.61017075583
  wind_year: 2011
  solar_year: 2012
  price_year: 2023
  carbon_year: 2023
storage_values:
  CAES:
    cost: 64.3416
    lifetime: 24.746
    annual_cost: 2.6000808211428112
    efficiency: 0.642705
    discharge_ratio: 0.1
    depth_of_discharge: 0.4
  Li-ion:
    cost: 190.149
    lifetime: 19.1461
    annual_cost: 9.93147429502614
    efficiency: 0.939405
    discharge_ratio: 2
    depth_of_discharge: 0.9
  Pb-acid:
    cost: 65.1191
    lifetime: 15.9596
    annual_cost: 4.080246372089526
    efficiency: 0.725849
    discharge_ratio: 5
    depth_of_discharge: 0.5
  VRBF:
    cost: 267.343
    lifetime: 24.2025
    annual_cost: 11.04609027992976
    efficiency: 0.723061
    discharge_ratio: 0.5
    depth_of_discharge: 1.0
