cost_values:
  wind_capex: 5000.0
  wind_opex: 100
  wind_lifetime: 20
  solar_capex: 1000.0
  solar_opex: 10
  solar_lifetime: 20
  carbon_price: 1.0
timeseries_values:
  load_level: 257298.61017075583
  wind_year: 2011
  solar_year: 2012
  price_year: 2023
  carbon_year: 2023
storage_values:
  CAES:
    cost: 66.5268
    lifetime: 25.4112
    annual_cost: 2.6180109557990177
    efficiency: 0.648664
    discharge_ratio: 0.1
    depth_of_discharge: 0.4
  Li-ion:
    cost: 214.931
    lifetime: 19.5803
    annual_cost: 10.97690025178368
    efficiency: 0.941492
    discharge_ratio: 2
    depth_of_discharge: 0.9
  Pb-acid:
    cost: 55.9859
    lifetime: 15.7187
    annual_cost: 3.5617385661664134
    efficiency: 0.742063
    discharge_ratio: 5
    depth_of_discharge: 0.5
  VRBF:
    cost: 214.102
    lifetime: 23.656
    annual_cost: 9.050642543118025
    efficiency: 0.719632
    discharge_ratio: 0.5
    depth_of_discharge: 1.0
