cost_values:
  wind_capex: 5000.0
  wind_opex: 100
  wind_lifetime: 20
  solar_capex: 1000.0
  solar_opex: 10
  solar_lifetime: 20
  carbon_price: 1.0
timeseries_values:
  load_level: 257298.61017075583
  wind_year: 2011
  solar_year: 2012
  price_year: 2023
  carbon_year: 2023
storage_values:
  CAES:
    cost: 65.9618
    lifetime: 25.547
    annual_cost: 2.581978314479195
    efficiency: 0.637481
    discharge_ratio: 0.1
    depth_of_discharge: 0.4
  Li-ion:
    cost: 203.003
    lifetime: 19.3053
    annual_cost: 10.515402506047561
    efficiency: 0.933458
    discharge_ratio: 2
    depth_of_discharge: 0.9
  Pb-acid:
    cost: 72.8471
    lifetime: 16.7277
    annual_cost: 4.354878435170406
    efficiency: 0.721748
    discharge_ratio: 5
    depth_of_discharge: 0.5
  VRBF:
    cost: 233.951
    lifetime: 24.8527
    annual_cost: 9.413504367734694
    efficiency: 0.722307
    discharge_ratio: 0.5
    depth_of_discharge: 1.0
