cost_values:
  wind_capex: 5000.0
  wind_opex: 100
  wind_lifetime: 20
  solar_capex: 1000.0
  solar_opex: 10
  solar_lifetime: 20
  carbon_price: 1.0
timeseries_values:
  load_level: 257298.61017075583
  wind_year: 2011
  solar_year: 2012
  price_year: 2023
  carbon_year: 2023
storage_values:
  CAES:
    cost: 65.2107
    lifetime: 26.6089
    annual_cost: 2.4507101007557623
    efficiency: 0.640338
    discharge_ratio: 0.1
    depth_of_discharge: 0.4
  Li-ion:
    cost: 190.362
    lifetime: 20.3628
    annual_cost: 9.348517885556014
    efficiency: 0.92311
    discharge_ratio: 2
    depth_of_discharge: 0.9
  Pb-acid:
    cost: 74.8316
    lifetime: 16.3643
    annual_cost: 4.572856767475541
    efficiency: 0.736425
    discharge_ratio: 5
    depth_of_discharge: 0.5
  VRBF:
    cost: 227.185
    lifetime: 26.7453
    annual_cost: 8.494389668465114
    efficiency: 0.712449
    discharge_ratio: 0.5
    depth_of_discharge: 1.0
