cost_values:
  wind_capex: 5000.0
  wind_opex: 100
  wind_lifetime: 20
  solar_capex: 1000.0
  solar_opex: 10
  solar_lifetime: 20
  carbon_price: 1.0
timeseries_values:
  load_level: 248123.69508581646
  wind_year: 2019
  solar_year: 2013
  price_year: 2023
  carbon_year: 2023
storage_values:
  CAES:
    cost: 37.908648341784364
    lifetime: 21.883401196186032
    annual_cost: 1.732301482842224
    efficiency: 0.6102554307244373
    discharge_ratio: 0.1
    depth_of_discharge: 0.4
  Li-ion:
    cost: 220.9303448612269
    lifetime: 23.771852075707198
    annual_cost: 9.293779220803701
    efficiency: 0.9721654616780081
    discharge_ratio: 2
    depth_of_discharge: 0.9
  Pb-acid:
    cost: 136.3806200830315
    lifetime: 9.839445650785711
    annual_cost: 13.86059996907865
    efficiency: 0.7816112583712209
    discharge_ratio: 5
    depth_of_discharge: 0.5
  VRBF:
    cost: 231.47381474219011
    lifetime: 29.903886090044033
    annual_cost: 7.740593113724279
    efficiency: 0.6709371593722177
    discharge_ratio: 0.5
    depth_of_discharge: 1.0
