cost_values:
  wind_capex: 5000.0
  wind_opex: 100
  wind_lifetime: 20
  solar_capex: 1000.0
  solar_opex: 10
  solar_lifetime: 20
  carbon_price: 1.0
timeseries_values:
  load_level: 249709.68589743457
  wind_year: 2012
  solar_year: 2019
  price_year: 2023
  carbon_year: 2023
storage_values:
  CAES:
    cost: 52.32628539556665
    lifetime: 27.233903079632857
    annual_cost: 1.9213656317481491
    efficiency: 0.6124282821875013
    discharge_ratio: 0.1
    depth_of_discharge: 0.4
  Li-ion:
    cost: 234.77398811707403
    lifetime: 23.61567606092455
    annual_cost: 9.941446838591276
    efficiency: 0.9146375755366599
    discharge_ratio: 2
    depth_of_discharge: 0.9
  Pb-acid:
    cost: 204.51869712050097
    lifetime: 10.115312197532
    annual_cost: 20.218723172024365
    efficiency: 0.6797566314704646
    discharge_ratio: 5
    depth_of_discharge: 0.5
  VRBF:
    cost: 199.9998942122008
    lifetime: 18.21310272237183
    annual_cost: 10.98109955568051
    efficiency: 0.7128081310129759
    discharge_ratio: 0.5
    depth_of_discharge: 1.0
