cost_values:
  wind_capex: 5000.0
  wind_opex: 100
  wind_lifetime: 20
  solar_capex: 1000.0
  solar_opex: 10
  solar_lifetime: 20
  carbon_price: 1.0
timeseries_values:
  load_level: 233517.99475067863
  wind_year: 2017
  solar_year: 2013
  price_year: 2023
  carbon_year: 2023
storage_values:
  CAES:
    cost: 74.71535741085194
    lifetime: 23.29170695877488
    annual_cost: 3.2078094380585442
    efficiency: 0.5972968796135383
    discharge_ratio: 0.1
    depth_of_discharge: 0.4
  Li-ion:
    cost: 188.84995845213584
    lifetime: 16.052194374430016
    annual_cost: 11.764744062217448
    efficiency: 0.9248307272891835
    discharge_ratio: 2
    depth_of_discharge: 0.9
  Pb-acid:
    cost: 168.11548405290318
    lifetime: 15.086000877920346
    annual_cost: 11.143807123792136
    efficiency: 0.6819864324817311
    discharge_ratio: 5
    depth_of_discharge: 0.5
  VRBF:
    cost: 357.67044310184946
    lifetime: 22.40464680146407
    annual_cost: 15.964118795145517
    efficiency: 0.7815647334529632
    discharge_ratio: 0.5
    depth_of_discharge: 1.0
