cost_values:
  wind_capex: 5000.0
  wind_opex: 100
  wind_lifetime: 20
  solar_capex: 1000.0
  solar_opex: 10
  solar_lifetime: 20
  carbon_price: 1.0
timeseries_values:
  load_level: 251412.50715474554
  wind_year: 2010
  solar_year: 2014
  price_year: 2023
  carbon_year: 2023
storage_values:
  CAES:
    cost: 60.13423102196679
    lifetime: 24.417803810377954
    annual_cost: 2.4627207053080173
    efficiency: 0.6274691682757573
    discharge_ratio: 0.1
    depth_of_discharge: 0.4
  Li-ion:
    cost: 229.16374712053852
    lifetime: 14.441968089456065
    annual_cost: 15.867902885607998
    efficiency: 0.8907263786506789
    discharge_ratio: 2
    depth_of_discharge: 0.9
  Pb-acid:
    cost: 160.96490185271375
    lifetime: 11.241847918378209
    annual_cost: 14.318366786439782
    efficiency: 0.6998990596890335
    discharge_ratio: 5
    depth_of_discharge: 0.5
  VRBF:
    cost: 298.34598111394035
    lifetime: 17.953502296295934
    annual_cost: 16.617703676429386
    efficiency: 0.7441009884654329
    discharge_ratio: 0.5
    depth_of_discharge: 1.0
