cost_values:
  wind_capex: 5000.0
  wind_opex: 100
  wind_lifetime: 20
  solar_capex: 1000.0
  solar_opex: 10
  solar_lifetime: 20
  carbon_price: 1.0
timeseries_values:
  load_level: 246537.59801169753
  wind_year: 2010
  solar_year: 2019
  price_year: 2023
  carbon_year: 2023
storage_values:
  CAES:
    cost: 58.81498784978087
    lifetime: 22.667045387389095
    annual_cost: 2.594735522191297
    efficiency: 0.5787371252111226
    discharge_ratio: 0.1
    depth_of_discharge: 0.4
  Li-ion:
    cost: 116.68547705750346
    lifetime: 20.927219546601602
    annual_cost: 5.575775453478824
    efficiency: 0.9018284660504845
    discharge_ratio: 2
    depth_of_discharge: 0.9
  Pb-acid:
    cost: 222.24143062166618
    lifetime: 12.158633481863431
    annual_cost: 18.27848754164481
    efficiency: 0.7790623506336632
    discharge_ratio: 5
    depth_of_discharge: 0.5
  VRBF:
    cost: 186.06204867005326
    lifetime: 25.893382966465452
    annual_cost: 7.1856987134907175
    efficiency: 0.7866086529708123
    discharge_ratio: 0.5
    depth_of_discharge: 1.0
