cost_values:
  wind_capex: 5000.0
  wind_opex: 100
  wind_lifetime: 20
  solar_capex: 1000.0
  solar_opex: 10
  solar_lifetime: 20
  carbon_price: 1.0
timeseries_values:
  load_level: 254328.41611324367
  wind_year: 2010
  solar_year: 2010
  price_year: 2023
  carbon_year: 2023
storage_values:
  CAES:
    cost: 69.2053816305342
    lifetime: 24.860042684781483
    annual_cost: 2.7837997910156247
    efficiency: 0.5838122518486801
    discharge_ratio: 0.1
    depth_of_discharge: 0.4
  Li-ion:
    cost: 242.99049283288818
    lifetime: 23.796854316941513
    annual_cost: 10.211034181097533
    efficiency: 0.9727743913861174
    discharge_ratio: 2
    depth_of_discharge: 0.9
  Pb-acid:
    cost: 106.63520077913283
    lifetime: 12.368558885459468
    annual_cost: 8.621473347593763
    efficiency: 0.7044413378309855
    discharge_ratio: 5
    depth_of_discharge: 0.5
  VRBF:
    cost: 385.49423122624023
    lifetime: 13.791397993861159
    annual_cost: 27.95178787515463
    efficiency: 0.7159325662639561
    discharge_ratio: 0.5
    depth_of_discharge: 1.0
