cost_values:
  wind_capex: 5000.0
  wind_opex: 100
  wind_lifetime: 20
  solar_capex: 1000.0
  solar_opex: 10
  solar_lifetime: 20
  carbon_price: 1.0
timeseries_values:
  load_level: 266971.0706409207
  wind_year: 2014
  solar_year: 2016
  price_year: 2023
  carbon_year: 2023
storage_values:
  CAES:
    cost: 40.67506486052506
    lifetime: 23.958497523433277
    annual_cost: 1.697730202853567
    efficiency: 0.6134111392732334
    discharge_ratio: 0.1
    depth_of_discharge: 0.4
  Li-ion:
    cost: 140.16618294492272
    lifetime: 26.766972434097692
    annual_cost: 5.2365348113247565
    efficiency: 0.9554574210566674
    discharge_ratio: 2
    depth_of_discharge: 0.9
  Pb-acid:
    cost: 123.15882216168032
    lifetime: 5.153138125157022
    annual_cost: 23.899771201636
    efficiency: 0.7688211173439535
    discharge_ratio: 5
    depth_of_discharge: 0.5
  VRBF:
    cost: 266.6789613167193
    lifetime: 21.230680625590168
    annual_cost: 12.561017991824565
    efficiency: 0.789160058445061
    discharge_ratio: 0.5
    depth_of_discharge: 1.0
