cost_values:
  wind_capex: 5000.0
  wind_opex: 100
  wind_lifetime: 20
  solar_capex: 1000.0
  solar_opex: 10
  solar_lifetime: 20
  carbon_price: 1.0
timeseries_values:
  load_level: 235626.6083122505
  wind_year: 2015
  solar_year: 2011
  price_year: 2023
  carbon_year: 2023
storage_values:
  CAES:
    cost: 50.89302492922886
    lifetime: 26.39381840949817
    annual_cost: 1.9282175901806735
    efficiency: 0.5999201276073892
    discharge_ratio: 0.1
    depth_of_discharge: 0.4
  Li-ion:
    cost: 126.03916764900714
    lifetime: 18.72894594333871
    annual_cost: 6.729645546007636
    efficiency: 0.9233687194036795
    discharge_ratio: 2
    depth_of_discharge: 0.9
  Pb-acid:
    cost: 163.96919679757033
    lifetime: 7.837496034844772
    annual_cost: 20.92112022367586
    efficiency: 0.670238045874915
    discharge_ratio: 5
    depth_of_discharge: 0.5
  VRBF:
    cost: 198.38520027692246
    lifetime: 16.92615602674569
    annual_cost: 11.720629300796125
    efficiency: 0.782245337438413
    discharge_ratio: 0.5
    depth_of_discharge: 1.0
