cost_values:
  wind_capex: 5000.0
  wind_opex: 100
  wind_lifetime: 20
  solar_capex: 1000.0
  solar_opex: 10
  solar_lifetime: 20
  carbon_price: 1.0
timeseries_values:
  load_level: 236071.66236818826
  wind_year: 2010
  solar_year: 2010
  price_year: 2023
  carbon_year: 2023
storage_values:
  CAES:
    cost: 37.74958457387998
    lifetime: 22.40118436468805
    annual_cost: 1.6851602111442943
    efficiency: 0.594625053409342
    discharge_ratio: 0.1
    depth_of_discharge: 0.4
  Li-ion:
    cost: 290.09306913834484
    lifetime: 15.909702767408838
    annual_cost: 18.233720225911636
    efficiency: 0.9409852924522609
    discharge_ratio: 2
    depth_of_discharge: 0.9
  Pb-acid:
    cost: 196.568078916141
    lifetime: 10.067405854295005
    annual_cost: 19.52519663566361
    efficiency: 0.7509526620325222
    discharge_ratio: 5
    depth_of_discharge: 0.5
  VRBF:
    cost: 265.5741908215249
    lifetime: 20.144407334921848
    annual_cost: 13.183519693882085
    efficiency: 0.7508375430319306
    discharge_ratio: 0.5
    depth_of_discharge: 1.0
