cost_values:
  wind_capex: 5000.0
  wind_opex: 100
  wind_lifetime: 20
  solar_capex: 1000.0
  solar_opex: 10
  solar_lifetime: 20
  carbon_price: 1.0
timeseries_values:
  load_level: 238327.7131929391
  wind_year: 2014
  solar_year: 2016
  price_year: 2023
  carbon_year: 2023
storage_values:
  CAES:
    cost: 27.97448006596279
    lifetime: 22.867316166991113
    annual_cost: 1.2233390163356315
    efficiency: 0.603382097638701
    discharge_ratio: 0.1
    depth_of_discharge: 0.4
  Li-ion:
    cost: 209.0204130648745
    lifetime: 24.576513095593608
    annual_cost: 8.50488481632288
    efficiency: 0.8714874646881723
    discharge_ratio: 2
    depth_of_discharge: 0.9
  Pb-acid:
    cost: 159.72368872329224
    lifetime: 12.240010461337343
    annual_cost: 13.049309821083343
    efficiency: 0.7295958087145707
    discharge_ratio: 5
    depth_of_discharge: 0.5
  VRBF:
    cost: 272.87211040109224
    lifetime: 20.94525620761791
    annual_cost: 13.027871690671757
    efficiency: 0.7466590904496179
    discharge_ratio: 0.5
    depth_of_discharge: 1.0
