cost_values:
  wind_capex: 5000.0
  wind_opex: 100
  wind_lifetime: 20
  solar_capex: 1000.0
  solar_opex: 10
  solar_lifetime: 20
  carbon_price: 1.0
timeseries_values:
  load_level: 266312.53431341436
  wind_year: 2018
  solar_year: 2010
  price_year: 2023
  carbon_year: 2023
storage_values:
  CAES:
    cost: 47.337847819358394
    lifetime: 25.293743489170815
    annual_cost: 1.871523993260447
    efficiency: 0.5953581064408733
    discharge_ratio: 0.1
    depth_of_discharge: 0.4
  Li-ion:
    cost: 175.13792331920425
    lifetime: 13.961508538699288
    annual_cost: 12.544340952394018
    efficiency: 0.8685667591063421
    discharge_ratio: 2
    depth_of_discharge: 0.9
  Pb-acid:
    cost: 236.93698584420972
    lifetime: 16.639938438028903
    annual_cost: 14.239054232479257
    efficiency: 0.7119944856054045
    discharge_ratio: 5
    depth_of_discharge: 0.5
  VRBF:
    cost: 336.18868935467236
    lifetime: 22.800055599347697
    annual_cost: 14.745081997268928
    efficiency: 0.756953562529596
    discharge_ratio: 0.5
    depth_of_discharge: 1.0
