cost_values:
  wind_capex: 5000.0
  wind_opex: 100
  wind_lifetime: 20
  solar_capex: 1000.0
  solar_opex: 10
  solar_lifetime: 20
  carbon_price: 1.0
timeseries_values:
  load_level: 244651.25050980353
  wind_year: 2015
  solar_year: 2010
  price_year: 2023
  carbon_year: 2023
storage_values:
  CAES:
    cost: 47.91213637011435
    lifetime: 29.72400497286458
    annual_cost: 1.6119004290927128
    efficiency: 0.5913162686545654
    discharge_ratio: 0.1
    depth_of_discharge: 0.4
  Li-ion:
    cost: 249.27498925884427
    lifetime: 17.316263001732562
    annual_cost: 14.395426382349546
    efficiency: 0.9508182464555595
    discharge_ratio: 2
    depth_of_discharge: 0.9
  Pb-acid:
    cost: 160.87320420302495
    lifetime: 6.959920790997798
    annual_cost: 23.11422917500784
    efficiency: 0.6391062665786182
    discharge_ratio: 5
    depth_of_discharge: 0.5
  VRBF:
    cost: 169.41501843225453
    lifetime: 12.11695688457452
    annual_cost: 13.981647376159945
    efficiency: 0.6941027267036616
    discharge_ratio: 0.5
    depth_of_discharge: 1.0
