cost_values:
  wind_capex: 5000.0
  wind_opex: 100
  wind_lifetime: 20
  solar_capex: 1000.0
  solar_opex: 10
  solar_lifetime: 20
  carbon_price: 1.0
timeseries_values:
  load_level: 260043.50591541393
  wind_year: 2011
  solar_year: 2011
  price_year: 2023
  carbon_year: 2023
storage_values:
  CAES:
    cost: 53.1221
    lifetime: 25.0446
    annual_cost: 2.121099957675507
    efficiency: 0.647586
    discharge_ratio: 0.1
    depth_of_discharge: 0.4
  Li-ion:
    cost: 149.76
    lifetime: 14.3443
    annual_cost: 10.44038398527638
    efficiency: 0.917484
    discharge_ratio: 2
    depth_of_discharge: 0.9
  Pb-acid:
    cost: 88.2464
    lifetime: 11.8173
    annual_cost: 7.467560271804896
    efficiency: 0.755988
    discharge_ratio: 5
    depth_of_discharge: 0.5
  VRBF:
    cost: 283.42
    lifetime: 15.0843
    annual_cost: 18.789072081568253
    efficiency: 0.754126
    discharge_ratio: 0.5
    depth_of_discharge: 1.0
