cost_values:
  wind_capex: 5000.0
  wind_opex: 100
  wind_lifetime: 20
  solar_capex: 1000.0
  solar_opex: 10
  solar_lifetime: 20
  carbon_price: 1.0
timeseries_values:
  load_level: 260043.50591541393
  wind_year: 2011
  solar_year: 2011
  price_year: 2023
  carbon_year: 2023
storage_values:
  CAES:
    cost: 58.7176
    lifetime: 25.1704
    annual_cost: 2.332803610590217
    efficiency: 0.649323
    discharge_ratio: 0.1
    depth_of_discharge: 0.4
  Li-ion:
    cost: 139.918
    lifetime: 10.582
    annual_cost: 13.222264222264222
    efficiency: 0.933866
    discharge_ratio: 2
    depth_of_discharge: 0.9
  Pb-acid:
    cost: 112.917
    lifetime: 13.5373
    annual_cost: 8.341175862247272
    efficiency: 0.747228
    discharge_ratio: 5
    depth_of_discharge: 0.5
  VRBF:
    cost: 285.467
    lifetime: 19.0377
    annual_cost: 14.994826055668488
    efficiency: 0.756827
    discharge_ratio: 0.5
    depth_of_discharge: 1.0
