cost_values:
  wind_capex: 5000.0
  wind_opex: 100
  wind_lifetime: 20
  solar_capex: 1000.0
  solar_opex: 10
  solar_lifetime: 20
  carbon_price: 1.0
timeseries_values:
  load_level: 260043.50591541393
  wind_year: 2011
  solar_year: 2011
  price_year: 2023
  carbon_year: 2023
storage_values:
  CAES:
    cost: 60.0332
    lifetime: 24.1182
    annual_cost: 2.4891243956845868
    efficiency: 0.640256
    discharge_ratio: 0.1
    depth_of_discharge: 0.4
  Li-ion:
    cost: 165.009
    lifetime: 14.1499
    annual_cost: 11.661495840960006
    efficiency: 0.937338
    discharge_ratio: 2
    depth_of_discharge: 0.9
  Pb-acid:
    cost: 108.461
    lifetime: 11.2277
    annual_cost: 9.66012629478878
    efficiency: 0.753333
    discharge_ratio: 5
    depth_of_discharge: 0.5
  VRBF:
    cost: 347.892
    lifetime: 15.0391
    annual_cost: 23.13250127999681
    efficiency: 0.766744
    discharge_ratio: 0.5
    depth_of_discharge: 1.0
