cost_values:
  wind_capex: 5000.0
  wind_opex: 100
  wind_lifetime: 20
  solar_capex: 1000.0
  solar_opex: 10
  solar_lifetime: 20
  carbon_price: 1.0
timeseries_values:
  load_level: 260043.50591541393
  wind_year: 2011
  solar_year: 2011
  price_year: 2023
  carbon_year: 2023
storage_values:
  CAES:
    cost: 46.3783
    lifetime: 25.3921
    annual_cost: 1.8264854029402848
    efficiency: 0.637457
    discharge_ratio: 0.1
    depth_of_discharge: 0.4
  Li-ion:
    cost: 181.554
    lifetime: 11.7025
    annual_cost: 15.514120914334544
    efficiency: 0.931215
    discharge_ratio: 2
    depth_of_discharge: 0.9
  Pb-acid:
    cost: 87.1898
    lifetime: 12.0491
    annual_cost: 7.2362085134989345
    efficiency: 0.746387
    discharge_ratio: 5
    depth_of_discharge: 0.5
  VRBF:
    cost: 295.197
    lifetime: 18.4965
    annual_cost: 15.959613981023436
    efficiency: 0.744966
    discharge_ratio: 0.5
    depth_of_discharge: 1.0
