cost_values:
  wind_capex: 5000.0
  wind_opex: 100
  wind_lifetime: 20
  solar_capex: 1000.0
  solar_opex: 10
  solar_lifetime: 20
  carbon_price: 1.0
timeseries_values:
  load_level: 260043.50591541393
  wind_year: 2011
  solar_year: 2011
  price_year: 2023
  carbon_year: 2023
storage_values:
  CAES:
    cost: 50.2529
    lifetime: 24.7265
    annual_cost: 2.032349907993448
    efficiency: 0.649805
    discharge_ratio: 0.1
    depth_of_discharge: 0.4
  Li-ion:
    cost: 170.988
    lifetime: 11.0808
    annual_cost: 15.43101581113277
    efficiency: 0.917312
    discharge_ratio: 2
    depth_of_discharge: 0.9
  Pb-acid:
    cost: 93.2904
    lifetime: 13.4517
    annual_cost: 6.935212649702268
    efficiency: 0.764043
    discharge_ratio: 5
    depth_of_discharge: 0.5
  VRBF:
    cost: 301.622
    lifetime: 15.9268
    annual_cost: 18.93801642514504
    efficiency: 0.750149
    discharge_ratio: 0.5
    depth_of_discharge: 1.0
