cost_values:
  wind_capex: 5000.0
  wind_opex: 100
  wind_lifetime: 20
  solar_capex: 1000.0
  solar_opex: 10
  solar_lifetime: 20
  carbon_price: 1.0
timeseries_values:
  load_level: 260043.50591541393
  wind_year: 2011
  solar_year: 2011
  price_year: 2023
  carbon_year: 2023
storage_values:
  CAES:
    cost: 55.532
    lifetime: 26.3228
    annual_cost: 2.1096539881775493
    efficiency: 0.639991
    discharge_ratio: 0.1
    depth_of_discharge: 0.4
  Li-ion:
    cost: 153.022
    lifetime: 11.4079
    annual_cost: 13.413687006372776
    efficiency: 0.933955
    discharge_ratio: 2
    depth_of_discharge: 0.9
  Pb-acid:
    cost: 102.478
    lifetime: 12.7709
    annual_cost: 8.024336577688338
    efficiency: 0.74592
    discharge_ratio: 5
    depth_of_discharge: 0.5
  VRBF:
    cost: 336.369
    lifetime: 16.4406
    annual_cost: 20.459654757125655
    efficiency: 0.752015
    discharge_ratio: 0.5
    depth_of_discharge: 1.0
