cost_values:
  wind_capex: 5000.0
  wind_opex: 100
  wind_lifetime: 20
  solar_capex: 1000.0
  solar_opex: 10
  solar_lifetime: 20
  carbon_price: 1.0
timeseries_values:
  load_level: 260043.50591541393
  wind_year: 2011
  solar_year: 2011
  price_year: 2023
  carbon_year: 2023
storage_values:
  CAES:
    cost: 52.4036
    lifetime: 24.5077
    annual_cost: 2.1382504274166894
    efficiency: 0.642882
    discharge_ratio: 0.1
    depth_of_discharge: 0.4
  Li-ion:
    cost: 164.209
    lifetime: 12.2456
    annual_cost: 13.40963284771673
    efficiency: 0.910366
    discharge_ratio: 2
    depth_of_discharge: 0.9
  Pb-acid:
    cost: 119.104
    lifetime: 13.486
    annual_cost: 8.831677294972563
    efficiency: 0.744954
    discharge_ratio: 5
    depth_of_discharge: 0.5
  VRBF:
    cost: 304.172
    lifetime: 17.6097
    annual_cost: 17.272980232485505
    efficiency: 0.760935
    discharge_ratio: 0.5
    depth_of_discharge: 1.0
