cost_values:
  wind_capex: 5000.0
  wind_opex: 100
  wind_lifetime: 20
  solar_capex: 1000.0
  solar_opex: 10
  solar_lifetime: 20
  carbon_price: 1.0
timeseries_values:
  load_level: 260043.50591541393
  wind_year: 2011
  solar_year: 2011
  price_year: 2023
  carbon_year: 2023
storage_values:
  CAES:
    cost: 44.1512
    lifetime: 24.8261
    annual_cost: 1.7784186803404483
    efficiency: 0.649566
    discharge_ratio: 0.1
    depth_of_discharge: 0.4
  Li-ion:
    cost: 154.792
    lifetime: 11.5943
    annual_cost: 13.350698187902676
    efficiency: 0.927015
    discharge_ratio: 2
    depth_of_discharge: 0.9
  Pb-acid:
    cost: 103.564
    lifetime: 14.1188
    annual_cost: 7.3351842932827145
    efficiency: 0.749784
    discharge_ratio: 5
    depth_of_discharge: 0.5
  VRBF:
    cost: 327.585
    lifetime: 15.8558
    annual_cost: 20.660263121381448
    efficiency: 0.740395
    discharge_ratio: 0.5
    depth_of_discharge: 1.0
