cost_values:
  wind_capex: 5000.0
  wind_opex: 100
  wind_lifetime: 20
  solar_capex: 1000.0
  solar_opex: 10
  solar_lifetime: 20
  carbon_price: 1.0
timeseries_values:
  load_level: 260043.50591541393
  wind_year: 2011
  solar_year: 2011
  price_year: 2023
  carbon_year: 2023
storage_values:
  CAES:
    cost: 57.7013
    lifetime: 24.8495
    annual_cost: 2.3220306243586393
    efficiency: 0.639524
    discharge_ratio: 0.1
    depth_of_discharge: 0.4
  Li-ion:
    cost: 139.605
    lifetime: 12.8861
    annual_cost: 10.83376661674207
    efficiency: 0.926444
    discharge_ratio: 2
    depth_of_discharge: 0.9
  Pb-acid:
    cost: 84.9894
    lifetime: 15.4301
    annual_cost: 5.508026519594818
    efficiency: 0.76351
    discharge_ratio: 5
    depth_of_discharge: 0.5
  VRBF:
    cost: 281.173
    lifetime: 17.6643
    annual_cost: 15.917585185940002
    efficiency: 0.752926
    discharge_ratio: 0.5
    depth_of_discharge: 1.0
