cost_values:
  wind_capex: 5000.0
  wind_opex: 100
  wind_lifetime: 20
  solar_capex: 1000.0
  solar_opex: 10
  solar_lifetime: 20
  carbon_price: 1.0
timeseries_values:
  load_level: 260043.50591541393
  wind_year: 2011
  solar_year: 2011
  price_year: 2023
  carbon_year: 2023
storage_values:
  CAES:
    cost: 57.6016
    lifetime: 24.015
    annual_cost: 2.3985675619404536
    efficiency: 0.640735
    discharge_ratio: 0.1
    depth_of_discharge: 0.4
  Li-ion:
    cost: 159.849
    lifetime: 11.1475
    annual_cost: 14.339448306795244
    efficiency: 0.930837
    discharge_ratio: 2
    depth_of_discharge: 0.9
  Pb-acid:
    cost: 76.2195
    lifetime: 13.1184
    annual_cost: 5.810121661178193
    efficiency: 0.742152
    discharge_ratio: 5
    depth_of_discharge: 0.5
  VRBF:
    cost: 312.262
    lifetime: 16.2863
    annual_cost: 19.173292890343415
    efficiency: 0.739627
    discharge_ratio: 0.5
    depth_of_discharge: 1.0
