cost_values:
  wind_capex: 5000.0
  wind_opex: 100
  wind_lifetime: 20
  solar_capex: 1000.0
  solar_opex: 10
  solar_lifetime: 20
  carbon_price: 1.0
timeseries_values:
  load_level: 260043.50591541393
  wind_year: 2011
  solar_year: 2011
  price_year: 2023
  carbon_year: 2023
storage_values:
  CAES:
    cost: 57.4586
    lifetime: 23.9835
    annual_cost: 2.3957554151812706
    efficiency: 0.640259
    discharge_ratio: 0.1
    depth_of_discharge: 0.4
  Li-ion:
    cost: 168.165
    lifetime: 11.1014
    annual_cost: 15.148089430161962
    efficiency: 0.917413
    discharge_ratio: 2
    depth_of_discharge: 0.9
  Pb-acid:
    cost: 123.974
    lifetime: 11.0915
    annual_cost: 11.177388089978813
    efficiency: 0.751939
    discharge_ratio: 5
    depth_of_discharge: 0.5
  VRBF:
    cost: 310.303
    lifetime: 18.0421
    annual_cost: 17.198829404559334
    efficiency: 0.757253
    discharge_ratio: 0.5
    depth_of_discharge: 1.0
