cost_values:
  wind_capex: 5000.0
  wind_opex: 100
  wind_lifetime: 20
  solar_capex: 1000.0
  solar_opex: 10
  solar_lifetime: 20
  carbon_price: 1.0
timeseries_values:
  load_level: 260043.50591541393
  wind_year: 2011
  solar_year: 2011
  price_year: 2023
  carbon_year: 2023
storage_values:
  CAES:
    cost: 53.1185
    lifetime: 25.146
    annual_cost: 2.1124035631909646
    efficiency: 0.64874
    discharge_ratio: 0.1
    depth_of_discharge: 0.4
  Li-ion:
    cost: 166.147
    lifetime: 10.0356
    annual_cost: 16.555761489098806
    efficiency: 0.929833
    discharge_ratio: 2
    depth_of_discharge: 0.9
  Pb-acid:
    cost: 116.324
    lifetime: 13.2707
    annual_cost: 8.765475822677026
    efficiency: 0.75924
    discharge_ratio: 5
    depth_of_discharge: 0.5
  VRBF:
    cost: 319.222
    lifetime: 19.0235
    annual_cost: 16.780403185533682
    efficiency: 0.722417
    discharge_ratio: 0.5
    depth_of_discharge: 1.0
