cost_values:
  wind_capex: 5000.0
  wind_opex: 100
  wind_lifetime: 20
  solar_capex: 1000.0
  solar_opex: 10
  solar_lifetime: 20
  carbon_price: 1.0
timeseries_values:
  load_level: 260043.50591541393
  wind_year: 2011
  solar_year: 2011
  price_year: 2023
  carbon_year: 2023
storage_values:
  CAES:
    cost: 61.2415
    lifetime: 24.5527
    annual_cost: 2.4942877972687323
    efficiency: 0.649008
    discharge_ratio: 0.1
    depth_of_discharge: 0.4
  Li-ion:
    cost: 137.877
    lifetime: 11.603
    annual_cost: 11.882875118503836
    efficiency: 0.917387
    discharge_ratio: 2
    depth_of_discharge: 0.9
  Pb-acid:
    cost: 102.005
    lifetime: 13.6966
    annual_cost: 7.447468714863542
    efficiency: 0.745186
    discharge_ratio: 5
    depth_of_discharge: 0.5
  VRBF:
    cost: 323.381
    lifetime: 17.468
    annual_cost: 18.512766201053353
    efficiency: 0.748512
    discharge_ratio: 0.5
    depth_of_discharge: 1.0
