cost_values:
  wind_capex: 5000.0
  wind_opex: 100
  wind_lifetime: 20
  solar_capex: 1000.0
  solar_opex: 10
  solar_lifetime: 20
  carbon_price: 1.0
timeseries_values:
  load_level: 260043.50591541393
  wind_year: 2011
  solar_year: 2011
  price_year: 2023
  carbon_year: 2023
storage_values:
  CAES:
    cost: 48.3986
    lifetime: 24.5926
    annual_cost: 1.9680147686702505
    efficiency: 0.649576
    discharge_ratio: 0.1
    depth_of_discharge: 0.4
  Li-ion:
    cost: 165.953
    lifetime: 10.1685
    annual_cost: 16.320302896199046
    efficiency: 0.914366
    discharge_ratio: 2
    depth_of_discharge: 0.9
  Pb-acid:
    cost: 100.708
    lifetime: 11.6616
    annual_cost: 8.635864718391987
    efficiency: 0.758707
    discharge_ratio: 5
    depth_of_discharge: 0.5
  VRBF:
    cost: 289.86
    lifetime: 18.8441
    annual_cost: 15.382002855005014
    efficiency: 0.752435
    discharge_ratio: 0.5
    depth_of_discharge: 1.0
