cost_values:
  wind_capex: 5000.0
  wind_opex: 100
  wind_lifetime: 20
  solar_capex: 1000.0
  solar_opex: 10
  solar_lifetime: 20
  carbon_price: 1.0
timeseries_values:
  load_level: 260043.50591541393
  wind_year: 2011
  solar_year: 2011
  price_year: 2023
  carbon_year: 2023
storage_values:
  CAES:
    cost: 56.8687
    lifetime: 24.336
    annual_cost: 2.3368137738330046
    efficiency: 0.643661
    discharge_ratio: 0.1
    depth_of_discharge: 0.4
  Li-ion:
    cost: 178.049
    lifetime: 10.5596
    annual_cost: 16.861339444675934
    efficiency: 0.925395
    discharge_ratio: 2
    depth_of_discharge: 0.9
  Pb-acid:
    cost: 104.871
    lifetime: 11.5711
    annual_cost: 9.063183275574492
    efficiency: 0.755084
    discharge_ratio: 5
    depth_of_discharge: 0.5
  VRBF:
    cost: 300.708
    lifetime: 16.4435
    annual_cost: 18.287347584151792
    efficiency: 0.745894
    discharge_ratio: 0.5
    depth_of_discharge: 1.0
