cost_values:
  wind_capex: 5000.0
  wind_opex: 100
  wind_lifetime: 20
  solar_capex: 1000.0
  solar_opex: 10
  solar_lifetime: 20
  carbon_price: 1.0
timeseries_values:
  load_level: 260043.50591541393
  wind_year: 2011
  solar_year: 2011
  price_year: 2023
  carbon_year: 2023
storage_values:
  CAES:
    cost: 47.5815
    lifetime: 25.9605
    annual_cost: 1.832842202576992
    efficiency: 0.640492
    discharge_ratio: 0.1
    depth_of_discharge: 0.4
  Li-ion:
    cost: 148.802
    lifetime: 10.7503
    annual_cost: 13.841660232737691
    efficiency: 0.916925
    discharge_ratio: 2
    depth_of_discharge: 0.9
  Pb-acid:
    cost: 110.952
    lifetime: 12.2542
    annual_cost: 9.054201824680517
    efficiency: 0.745135
    discharge_ratio: 5
    depth_of_discharge: 0.5
  VRBF:
    cost: 293.666
    lifetime: 14.5266
    annual_cost: 20.215742155769416
    efficiency: 0.749242
    discharge_ratio: 0.5
    depth_of_discharge: 1.0
