cost_values:
  wind_capex: 5000.0
  wind_opex: 100
  wind_lifetime: 20
  solar_capex: 1000.0
  solar_opex: 10
  solar_lifetime: 20
  carbon_price: 1.0
timeseries_values:
  load_level: 260043.50591541393
  wind_year: 2011
  solar_year: 2011
  price_year: 2023
  carbon_year: 2023
storage_values:
  CAES:
    cost: 47.4711
    lifetime: 23.0604
    annual_cost: 2.0585549253265336
    efficiency: 0.647326
    discharge_ratio: 0.1
    depth_of_discharge: 0.4
  Li-ion:
    cost: 200.643
    lifetime: 11.6473
    annual_cost: 17.226567530672344
    efficiency: 0.927006
    discharge_ratio: 2
    depth_of_discharge: 0.9
  Pb-acid:
    cost: 108.384
    lifetime: 11.0774
    annual_cost: 9.784245400545254
    efficiency: 0.749225
    discharge_ratio: 5
    depth_of_discharge: 0.5
  VRBF:
    cost: 283.575
    lifetime: 18.7177
    annual_cost: 15.150098569802912
    efficiency: 0.739343
    discharge_ratio: 0.5
    depth_of_discharge: 1.0
