cost_values:
  wind_capex: 5000.0
  wind_opex: 100
  wind_lifetime: 20
  solar_capex: 1000.0
  solar_opex: 10
  solar_lifetime: 20
  carbon_price: 1.0
timeseries_values:
  load_level: 260043.50591541393
  wind_year: 2011
  solar_year: 2011
  price_year: 2023
  carbon_year: 2023
storage_values:
  CAES:
    cost: 60.74
    lifetime: 24.7069
    annual_cost: 2.458422545928465
    efficiency: 0.638721
    discharge_ratio: 0.1
    depth_of_discharge: 0.4
  Li-ion:
    cost: 134.697
    lifetime: 12.8574
    annual_cost: 10.476223808857156
    efficiency: 0.928418
    discharge_ratio: 2
    depth_of_discharge: 0.9
  Pb-acid:
    cost: 77.7028
    lifetime: 12.8375
    annual_cost: 6.052798442064264
    efficiency: 0.75166
    discharge_ratio: 5
    depth_of_discharge: 0.5
  VRBF:
    cost: 300.99
    lifetime: 18.8107
    annual_cost: 16.00099943117481
    efficiency: 0.767925
    discharge_ratio: 0.5
    depth_of_discharge: 1.0
