cost_values:
  wind_capex: 5000.0
  wind_opex: 100
  wind_lifetime: 20
  solar_capex: 1000.0
  solar_opex: 10
  solar_lifetime: 20
  carbon_price: 1.0
timeseries_values:
  load_level: 260043.50591541393
  wind_year: 2011
  solar_year: 2011
  price_year: 2023
  carbon_year: 2023
storage_values:
  CAES:
    cost: 57.0305
    lifetime: 25.6954
    annual_cost: 2.2194828646372504
    efficiency: 0.644859
    discharge_ratio: 0.1
    depth_of_discharge: 0.4
  Li-ion:
    cost: 152.412
    lifetime: 12.6582
    annual_cost: 12.040574489263877
    efficiency: 0.920791
    discharge_ratio: 2
    depth_of_discharge: 0.9
  Pb-acid:
    cost: 98.9523
    lifetime: 13.4378
    annual_cost: 7.363727693521261
    efficiency: 0.759661
    discharge_ratio: 5
    depth_of_discharge: 0.5
  VRBF:
    cost: 308.26
    lifetime: 15.1756
    annual_cost: 20.312870660797596
    efficiency: 0.761878
    discharge_ratio: 0.5
    depth_of_discharge: 1.0
