cost_values:
  wind_capex: 5000.0
  wind_opex: 100
  wind_lifetime: 20
  solar_capex: 1000.0
  solar_opex: 10
  solar_lifetime: 20
  carbon_price: 1.0
timeseries_values:
  load_level: 260043.50591541393
  wind_year: 2011
  solar_year: 2011
  price_year: 2023
  carbon_year: 2023
storage_values:
  CAES:
    cost: 54.6321
    lifetime: 24.9616
    annual_cost: 2.1886457598871867
    efficiency: 0.645233
    discharge_ratio: 0.1
    depth_of_discharge: 0.4
  Li-ion:
    cost: 161.272
    lifetime: 10.3764
    annual_cost: 15.54219189699703
    efficiency: 0.926651
    discharge_ratio: 2
    depth_of_discharge: 0.9
  Pb-acid:
    cost: 117.025
    lifetime: 12.5851
    annual_cost: 9.298694487926198
    efficiency: 0.756405
    discharge_ratio: 5
    depth_of_discharge: 0.5
  VRBF:
    cost: 268.898
    lifetime: 18.351
    annual_cost: 14.653043430875703
    efficiency: 0.73706
    discharge_ratio: 0.5
    depth_of_discharge: 1.0
