cost_values:
  wind_capex: 5000.0
  wind_opex: 100
  wind_lifetime: 20
  solar_capex: 1000.0
  solar_opex: 10
  solar_lifetime: 20
  carbon_price: 1.0
timeseries_values:
  load_level: 260043.50591541393
  wind_year: 2011
  solar_year: 2011
  price_year: 2023
  carbon_year: 2023
storage_values:
  CAES:
    cost: 58.5533
    lifetime: 24.1042
    annual_cost: 2.429174168817053
    efficiency: 0.646785
    discharge_ratio: 0.1
    depth_of_discharge: 0.4
  Li-ion:
    cost: 154.681
    lifetime: 11.776
    annual_cost: 13.135275135869566
    efficiency: 0.933045
    discharge_ratio: 2
    depth_of_discharge: 0.9
  Pb-acid:
    cost: 114.171
    lifetime: 13.0771
    annual_cost: 8.730605409456226
    efficiency: 0.74667
    discharge_ratio: 5
    depth_of_discharge: 0.5
  VRBF:
    cost: 274.551
    lifetime: 16.5231
    annual_cost: 16.61619187682699
    efficiency: 0.758068
    discharge_ratio: 0.5
    depth_of_discharge: 1.0
