cost_values:
  wind_capex: 5000.0
  wind_opex: 100
  wind_lifetime: 20
  solar_capex: 1000.0
  solar_opex: 10
  solar_lifetime: 20
  carbon_price: 1.0
timeseries_values:
  load_level: 260043.50591541393
  wind_year: 2011
  solar_year: 2011
  price_year: 2023
  carbon_year: 2023
storage_values:
  CAES:
    cost: 59.1121
    lifetime: 23.897
    annual_cost: 2.4736201196802945
    efficiency: 0.642849
    discharge_ratio: 0.1
    depth_of_discharge: 0.4
  Li-ion:
    cost: 142.922
    lifetime: 10.7945
    annual_cost: 13.240261244152116
    efficiency: 0.919824
    discharge_ratio: 2
    depth_of_discharge: 0.9
  Pb-acid:
    cost: 94.1281
    lifetime: 11.8229
    annual_cost: 7.9615069060890304
    efficiency: 0.757065
    discharge_ratio: 5
    depth_of_discharge: 0.5
  VRBF:
    cost: 273.524
    lifetime: 18.4914
    annual_cost: 14.791957342332113
    efficiency: 0.758226
    discharge_ratio: 0.5
    depth_of_discharge: 1.0
