cost_values:
  wind_capex: 5000.0
  wind_opex: 100
  wind_lifetime: 20
  solar_capex: 1000.0
  solar_opex: 10
  solar_lifetime: 20
  carbon_price: 1.0
timeseries_values:
  load_level: 260043.50591541393
  wind_year: 2011
  solar_year: 2011
  price_year: 2023
  carbon_year: 2023
storage_values:
  CAES:
    cost: 58.2653
    lifetime: 24.489
    annual_cost: 2.379243742088285
    efficiency: 0.64615
    discharge_ratio: 0.1
    depth_of_discharge: 0.4
  Li-ion:
    cost: 155.517
    lifetime: 10.6175
    annual_cost: 14.64723334118201
    efficiency: 0.921799
    discharge_ratio: 2
    depth_of_discharge: 0.9
  Pb-acid:
    cost: 95.4907
    lifetime: 13.0343
    annual_cost: 7.32610880522928
    efficiency: 0.757807
    discharge_ratio: 5
    depth_of_discharge: 0.5
  VRBF:
    cost: 270.316
    lifetime: 17.2362
    annual_cost: 15.683039184971163
    efficiency: 0.743475
    discharge_ratio: 0.5
    depth_of_discharge: 1.0
