cost_values:
  wind_capex: 5000.0
  wind_opex: 100
  wind_lifetime: 20
  solar_capex: 1000.0
  solar_opex: 10
  solar_lifetime: 20
  carbon_price: 1.0
timeseries_values:
  load_level: 260043.50591541393
  wind_year: 2011
  solar_year: 2011
  price_year: 2023
  carbon_year: 2023
storage_values:
  CAES:
    cost: 53.8917
    lifetime: 24.7549
    annual_cost: 2.1770114199613007
    efficiency: 0.634075
    discharge_ratio: 0.1
    depth_of_discharge: 0.4
  Li-ion:
    cost: 178.123
    lifetime: 11.0839
    annual_cost: 16.070426474435894
    efficiency: 0.93073
    discharge_ratio: 2
    depth_of_discharge: 0.9
  Pb-acid:
    cost: 91.38
    lifetime: 13.2218
    annual_cost: 6.911313134368997
    efficiency: 0.75169
    discharge_ratio: 5
    depth_of_discharge: 0.5
  VRBF:
    cost: 319.451
    lifetime: 17.4894
    annual_cost: 18.26540647477901
    efficiency: 0.759303
    discharge_ratio: 0.5
    depth_of_discharge: 1.0
