cost_values:
  wind_capex: 5000.0
  wind_opex: 100
  wind_lifetime: 20
  solar_capex: 1000.0
  solar_opex: 10
  solar_lifetime: 20
  carbon_price: 1.0
timeseries_values:
  load_level: 260043.50591541393
  wind_year: 2011
  solar_year: 2011
  price_year: 2023
  carbon_year: 2023
storage_values:
  CAES:
    cost: 59.0379
    lifetime: 23.6855
    annual_cost: 2.492575626438116
    efficiency: 0.649383
    discharge_ratio: 0.1
    depth_of_discharge: 0.4
  Li-ion:
    cost: 139.362
    lifetime: 12.3551
    annual_cost: 11.279714449903278
    efficiency: 0.928633
    discharge_ratio: 2
    depth_of_discharge: 0.9
  Pb-acid:
    cost: 111.754
    lifetime: 11.2991
    annual_cost: 9.890522253984832
    efficiency: 0.761391
    discharge_ratio: 5
    depth_of_discharge: 0.5
  VRBF:
    cost: 305.422
    lifetime: 18.4485
    annual_cost: 16.55538390655067
    efficiency: 0.758235
    discharge_ratio: 0.5
    depth_of_discharge: 1.0
