cost_values:
  wind_capex: 5000.0
  wind_opex: 100
  wind_lifetime: 20
  solar_capex: 1000.0
  solar_opex: 10
  solar_lifetime: 20
  carbon_price: 1.0
timeseries_values:
  load_level: 260043.50591541393
  wind_year: 2011
  solar_year: 2011
  price_year: 2023
  carbon_year: 2023
storage_values:
  CAES:
    cost: 63.9053
    lifetime: 24.2544
    annual_cost: 2.6347920377333596
    efficiency: 0.639055
    discharge_ratio: 0.1
    depth_of_discharge: 0.4
  Li-ion:
    cost: 146.902
    lifetime: 14.1634
    annual_cost: 10.371944589575948
    efficiency: 0.919954
    discharge_ratio: 2
    depth_of_discharge: 0.9
  Pb-acid:
    cost: 108.109
    lifetime: 11.9366
    annual_cost: 9.056934135348424
    efficiency: 0.751614
    discharge_ratio: 5
    depth_of_discharge: 0.5
  VRBF:
    cost: 277.407
    lifetime: 18.7157
    annual_cost: 14.822154661594277
    efficiency: 0.763972
    discharge_ratio: 0.5
    depth_of_discharge: 1.0
