cost_values:
  wind_capex: 5000.0
  wind_opex: 100
  wind_lifetime: 20
  solar_capex: 1000.0
  solar_opex: 10
  solar_lifetime: 20
  carbon_price: 1.0
timeseries_values:
  load_level: 260043.50591541393
  wind_year: 2011
  solar_year: 2011
  price_year: 2023
  carbon_year: 2023
storage_values:
  CAES:
    cost: 58.2842
    lifetime: 24.6837
    annual_cost: 2.3612424393425617
    efficiency: 0.639351
    discharge_ratio: 0.1
    depth_of_discharge: 0.4
  Li-ion:
    cost: 155.436
    lifetime: 13.0629
    annual_cost: 11.899042325976621
    efficiency: 0.915611
    discharge_ratio: 2
    depth_of_discharge: 0.9
  Pb-acid:
    cost: 103.112
    lifetime: 11.0541
    annual_cost: 9.32794166870211
    efficiency: 0.755319
    discharge_ratio: 5
    depth_of_discharge: 0.5
  VRBF:
    cost: 314.327
    lifetime: 17.5889
    annual_cost: 17.870759399393936
    efficiency: 0.766921
    discharge_ratio: 0.5
    depth_of_discharge: 1.0
