cost_values:
  wind_capex: 5000.0
  wind_opex: 100
  wind_lifetime: 20
  solar_capex: 1000.0
  solar_opex: 10
  solar_lifetime: 20
  carbon_price: 1.0
timeseries_values:
  load_level: 260043.50591541393
  wind_year: 2011
  solar_year: 2011
  price_year: 2023
  carbon_year: 2023
storage_values:
  CAES:
    cost: 52.9046
    lifetime: 23.8908
    annual_cost: 2.2144340080700524
    efficiency: 0.64762
    discharge_ratio: 0.1
    depth_of_discharge: 0.4
  Li-ion:
    cost: 148.692
    lifetime: 11.5338
    annual_cost: 12.891848306715914
    efficiency: 0.922232
    discharge_ratio: 2
    depth_of_discharge: 0.9
  Pb-acid:
    cost: 125.597
    lifetime: 12.3808
    annual_cost: 10.144497932282242
    efficiency: 0.752703
    discharge_ratio: 5
    depth_of_discharge: 0.5
  VRBF:
    cost: 311.247
    lifetime: 16.9644
    annual_cost: 18.347067977647306
    efficiency: 0.76231
    discharge_ratio: 0.5
    depth_of_discharge: 1.0
