cost_values:
  wind_capex: 5000.0
  wind_opex: 100
  wind_lifetime: 20
  solar_capex: 1000.0
  solar_opex: 10
  solar_lifetime: 20
  carbon_price: 1.0
timeseries_values:
  load_level: 260043.50591541393
  wind_year: 2011
  solar_year: 2011
  price_year: 2023
  carbon_year: 2023
storage_values:
  CAES:
    cost: 66.4093
    lifetime: 24.588
    annual_cost: 2.7008825443305677
    efficiency: 0.64954
    discharge_ratio: 0.1
    depth_of_discharge: 0.4
  Li-ion:
    cost: 148.408
    lifetime: 11.3919
    annual_cost: 13.027501997032978
    efficiency: 0.92997
    discharge_ratio: 2
    depth_of_discharge: 0.9
  Pb-acid:
    cost: 118.095
    lifetime: 11.4204
    annual_cost: 10.340706104864978
    efficiency: 0.741702
    discharge_ratio: 5
    depth_of_discharge: 0.5
  VRBF:
    cost: 311.702
    lifetime: 18.6899
    annual_cost: 16.677563817890945
    efficiency: 0.76801
    discharge_ratio: 0.5
    depth_of_discharge: 1.0
