cost_values:
  wind_capex: 5000.0
  wind_opex: 100
  wind_lifetime: 20
  solar_capex: 1000.0
  solar_opex: 10
  solar_lifetime: 20
  carbon_price: 1.0
timeseries_values:
  load_level: 260043.50591541393
  wind_year: 2011
  solar_year: 2011
  price_year: 2023
  carbon_year: 2023
storage_values:
  CAES:
    cost: 50.2017
    lifetime: 24.6827
    annual_cost: 2.033882030734077
    efficiency: 0.635875
    discharge_ratio: 0.1
    depth_of_discharge: 0.4
  Li-ion:
    cost: 170.766
    lifetime: 13.0459
    annual_cost: 13.089629692087168
    efficiency: 0.938378
    discharge_ratio: 2
    depth_of_discharge: 0.9
  Pb-acid:
    cost: 115.71
    lifetime: 13.016
    annual_cost: 8.889827904118007
    efficiency: 0.751763
    discharge_ratio: 5
    depth_of_discharge: 0.5
  VRBF:
    cost: 313.893
    lifetime: 17.6152
    annual_cost: 17.819440029065802
    efficiency: 0.775755
    discharge_ratio: 0.5
    depth_of_discharge: 1.0
