cost_values:
  wind_capex: 5000.0
  wind_opex: 100
  wind_lifetime: 20
  solar_capex: 1000.0
  solar_opex: 10
  solar_lifetime: 20
  carbon_price: 1.0
timeseries_values:
  load_level: 260043.50591541393
  wind_year: 2011
  solar_year: 2011
  price_year: 2023
  carbon_year: 2023
storage_values:
  CAES:
    cost: 48.3396
    lifetime: 24.9234
    annual_cost: 1.9395267098389464
    efficiency: 0.640387
    discharge_ratio: 0.1
    depth_of_discharge: 0.4
  Li-ion:
    cost: 161.818
    lifetime: 10.34
    annual_cost: 15.649709864603484
    efficiency: 0.927509
    discharge_ratio: 2
    depth_of_discharge: 0.9
  Pb-acid:
    cost: 120.322
    lifetime: 13.1782
    annual_cost: 9.130381994506077
    efficiency: 0.76099
    discharge_ratio: 5
    depth_of_discharge: 0.5
  VRBF:
    cost: 309.439
    lifetime: 16.718
    annual_cost: 18.509331259720064
    efficiency: 0.744245
    discharge_ratio: 0.5
    depth_of_discharge: 1.0
