cost_values:
  wind_capex: 5000.0
  wind_opex: 100
  wind_lifetime: 20
  solar_capex: 1000.0
  solar_opex: 10
  solar_lifetime: 20
  carbon_price: 1.0
timeseries_values:
  load_level: 260043.50591541393
  wind_year: 2011
  solar_year: 2011
  price_year: 2023
  carbon_year: 2023
storage_values:
  CAES:
    cost: 58.6888
    lifetime: 25.1542
    annual_cost: 2.3331610625660923
    efficiency: 0.648362
    discharge_ratio: 0.1
    depth_of_discharge: 0.4
  Li-ion:
    cost: 151.902
    lifetime: 11.9008
    annual_cost: 12.764015864479697
    efficiency: 0.923354
    discharge_ratio: 2
    depth_of_discharge: 0.9
  Pb-acid:
    cost: 96.1747
    lifetime: 11.9575
    annual_cost: 8.043044114572444
    efficiency: 0.753685
    discharge_ratio: 5
    depth_of_discharge: 0.5
  VRBF:
    cost: 303.773
    lifetime: 15.0737
    annual_cost: 20.15251729834082
    efficiency: 0.762002
    discharge_ratio: 0.5
    depth_of_discharge: 1.0
