cost_values:
  wind_capex: 5000.0
  wind_opex: 100
  wind_lifetime: 20
  solar_capex: 1000.0
  solar_opex: 10
  solar_lifetime: 20
  carbon_price: 1.0
timeseries_values:
  load_level: 260043.50591541393
  wind_year: 2011
  solar_year: 2011
  price_year: 2023
  carbon_year: 2023
storage_values:
  CAES:
    cost: 55.6266
    lifetime: 24.4991
    annual_cost: 2.2705568775995855
    efficiency: 0.64238
    discharge_ratio: 0.1
    depth_of_discharge: 0.4
  Li-ion:
    cost: 160.499
    lifetime: 11.5172
    annual_cost: 13.935591984162816
    efficiency: 0.923624
    discharge_ratio: 2
    depth_of_discharge: 0.9
  Pb-acid:
    cost: 129.075
    lifetime: 13.034
    annual_cost: 9.902946140862358
    efficiency: 0.763312
    discharge_ratio: 5
    depth_of_discharge: 0.5
  VRBF:
    cost: 323.486
    lifetime: 16.3694
    annual_cost: 19.761628404217625
    efficiency: 0.719853
    discharge_ratio: 0.5
    depth_of_discharge: 1.0
