cost_values:
  wind_capex: 5000.0
  wind_opex: 100
  wind_lifetime: 20
  solar_capex: 1000.0
  solar_opex: 10
  solar_lifetime: 20
  carbon_price: 1.0
timeseries_values:
  load_level: 260043.50591541393
  wind_year: 2011
  solar_year: 2011
  price_year: 2023
  carbon_year: 2023
storage_values:
  CAES:
    cost: 58.4403
    lifetime: 24.7327
    annual_cost: 2.362875868789093
    efficiency: 0.645029
    discharge_ratio: 0.1
    depth_of_discharge: 0.4
  Li-ion:
    cost: 159.964
    lifetime: 11.6648
    annual_cost: 13.71339414306289
    efficiency: 0.924293
    discharge_ratio: 2
    depth_of_discharge: 0.9
  Pb-acid:
    cost: 94.1202
    lifetime: 12.5071
    annual_cost: 7.52534160596781
    efficiency: 0.747924
    discharge_ratio: 5
    depth_of_discharge: 0.5
  VRBF:
    cost: 265.779
    lifetime: 15.9847
    annual_cost: 16.627087152089185
    efficiency: 0.744132
    discharge_ratio: 0.5
    depth_of_discharge: 1.0
