cost_values:
  wind_capex: 5000.0
  wind_opex: 100
  wind_lifetime: 20
  solar_capex: 1000.0
  solar_opex: 10
  solar_lifetime: 20
  carbon_price: 1.0
timeseries_values:
  load_level: 260043.50591541393
  wind_year: 2011
  solar_year: 2011
  price_year: 2023
  carbon_year: 2023
storage_values:
  CAES:
    cost: 53.9763
    lifetime: 23.8628
    annual_cost: 2.261943275726235
    efficiency: 0.641913
    discharge_ratio: 0.1
    depth_of_discharge: 0.4
  Li-ion:
    cost: 155.384
    lifetime: 11.8979
    annual_cost: 13.05978365930122
    efficiency: 0.928098
    discharge_ratio: 2
    depth_of_discharge: 0.9
  Pb-acid:
    cost: 105.533
    lifetime: 12.6954
    annual_cost: 8.31269593711108
    efficiency: 0.75493
    discharge_ratio: 5
    depth_of_discharge: 0.5
  VRBF:
    cost: 312.865
    lifetime: 16.4017
    annual_cost: 19.07515684349793
    efficiency: 0.765155
    discharge_ratio: 0.5
    depth_of_discharge: 1.0
