cost_values:
  wind_capex: 5000.0
  wind_opex: 100
  wind_lifetime: 20
  solar_capex: 1000.0
  solar_opex: 10
  solar_lifetime: 20
  carbon_price: 1.0
timeseries_values:
  load_level: 260043.50591541393
  wind_year: 2011
  solar_year: 2011
  price_year: 2023
  carbon_year: 2023
storage_values:
  CAES:
    cost: 59.1444
    lifetime: 26.0248
    annual_cost: 2.272616888506348
    efficiency: 0.645649
    discharge_ratio: 0.1
    depth_of_discharge: 0.4
  Li-ion:
    cost: 162.654
    lifetime: 10.7892
    annual_cost: 15.0756311867423
    efficiency: 0.913982
    discharge_ratio: 2
    depth_of_discharge: 0.9
  Pb-acid:
    cost: 125.734
    lifetime: 13.7101
    annual_cost: 9.170903202748338
    efficiency: 0.73731
    discharge_ratio: 5
    depth_of_discharge: 0.5
  VRBF:
    cost: 316.37
    lifetime: 14.8825
    annual_cost: 21.25785318326894
    efficiency: 0.747428
    discharge_ratio: 0.5
    depth_of_discharge: 1.0
