cost_values:
  wind_capex: 5000.0
  wind_opex: 100
  wind_lifetime: 20
  solar_capex: 1000.0
  solar_opex: 10
  solar_lifetime: 20
  carbon_price: 1.0
timeseries_values:
  load_level: 260043.50591541393
  wind_year: 2011
  solar_year: 2011
  price_year: 2023
  carbon_year: 2023
storage_values:
  CAES:
    cost: 58.4279
    lifetime: 24.7431
    annual_cost: 2.3613815568784835
    efficiency: 0.643872
    discharge_ratio: 0.1
    depth_of_discharge: 0.4
  Li-ion:
    cost: 140.409
    lifetime: 11.0115
    annual_cost: 12.751123825091948
    efficiency: 0.929703
    discharge_ratio: 2
    depth_of_discharge: 0.9
  Pb-acid:
    cost: 125.187
    lifetime: 12.3577
    annual_cost: 10.130283143303366
    efficiency: 0.755332
    discharge_ratio: 5
    depth_of_discharge: 0.5
  VRBF:
    cost: 301.259
    lifetime: 17.8128
    annual_cost: 16.912501122788107
    efficiency: 0.740865
    discharge_ratio: 0.5
    depth_of_discharge: 1.0
