cost_values:
  wind_capex: 5000.0
  wind_opex: 100
  wind_lifetime: 20
  solar_capex: 1000.0
  solar_opex: 10
  solar_lifetime: 20
  carbon_price: 1.0
timeseries_values:
  load_level: 260043.50591541393
  wind_year: 2011
  solar_year: 2011
  price_year: 2023
  carbon_year: 2023
storage_values:
  CAES:
    cost: 54.222
    lifetime: 25.7082
    annual_cost: 2.10913249469041
    efficiency: 0.645409
    discharge_ratio: 0.1
    depth_of_discharge: 0.4
  Li-ion:
    cost: 139.606
    lifetime: 14.8764
    annual_cost: 9.384394073835066
    efficiency: 0.929864
    discharge_ratio: 2
    depth_of_discharge: 0.9
  Pb-acid:
    cost: 86.4574
    lifetime: 12.1746
    annual_cost: 7.101457132061834
    efficiency: 0.75863
    discharge_ratio: 5
    depth_of_discharge: 0.5
  VRBF:
    cost: 312.132
    lifetime: 17.0253
    annual_cost: 18.33342143750771
    efficiency: 0.76527
    discharge_ratio: 0.5
    depth_of_discharge: 1.0
