cost_values:
  wind_capex: 5000.0
  wind_opex: 100
  wind_lifetime: 20
  solar_capex: 1000.0
  solar_opex: 10
  solar_lifetime: 20
  carbon_price: 1.0
timeseries_values:
  load_level: 260043.50591541393
  wind_year: 2011
  solar_year: 2011
  price_year: 2023
  carbon_year: 2023
storage_values:
  CAES:
    cost: 53.5277
    lifetime: 25.2815
    annual_cost: 2.1172675671934025
    efficiency: 0.64751
    discharge_ratio: 0.1
    depth_of_discharge: 0.4
  Li-ion:
    cost: 162.109
    lifetime: 12.0252
    annual_cost: 13.480773708545389
    efficiency: 0.929324
    discharge_ratio: 2
    depth_of_discharge: 0.9
  Pb-acid:
    cost: 105.931
    lifetime: 10.8075
    annual_cost: 9.801619245894056
    efficiency: 0.744333
    discharge_ratio: 5
    depth_of_discharge: 0.5
  VRBF:
    cost: 315.239
    lifetime: 16.0872
    annual_cost: 19.595641255159382
    efficiency: 0.737268
    discharge_ratio: 0.5
    depth_of_discharge: 1.0
