cost_values:
  wind_capex: 5000.0
  wind_opex: 100
  wind_lifetime: 20
  solar_capex: 1000.0
  solar_opex: 10
  solar_lifetime: 20
  carbon_price: 1.0
timeseries_values:
  load_level: 260043.50591541393
  wind_year: 2011
  solar_year: 2011
  price_year: 2023
  carbon_year: 2023
storage_values:
  CAES:
    cost: 56.353
    lifetime: 24.819
    annual_cost: 2.2705588460453687
    efficiency: 0.635629
    discharge_ratio: 0.1
    depth_of_discharge: 0.4
  Li-ion:
    cost: 146.741
    lifetime: 11.9392
    annual_cost: 12.290689493433398
    efficiency: 0.917273
    discharge_ratio: 2
    depth_of_discharge: 0.9
  Pb-acid:
    cost: 102.374
    lifetime: 12.3348
    annual_cost: 8.299607614229659
    efficiency: 0.746601
    discharge_ratio: 5
    depth_of_discharge: 0.5
  VRBF:
    cost: 325.924
    lifetime: 16.536
    annual_cost: 19.709966134494433
    efficiency: 0.734022
    discharge_ratio: 0.5
    depth_of_discharge: 1.0
