cost_values:
  wind_capex: 5000.0
  wind_opex: 100
  wind_lifetime: 20
  solar_capex: 1000.0
  solar_opex: 10
  solar_lifetime: 20
  carbon_price: 1.0
timeseries_values:
  load_level: 260043.50591541393
  wind_year: 2011
  solar_year: 2011
  price_year: 2023
  carbon_year: 2023
storage_values:
  CAES:
    cost: 48.4234
    lifetime: 25.4684
    annual_cost: 1.901312999638768
    efficiency: 0.641008
    discharge_ratio: 0.1
    depth_of_discharge: 0.4
  Li-ion:
    cost: 181.372
    lifetime: 11.9212
    annual_cost: 15.214240177163374
    efficiency: 0.927111
    discharge_ratio: 2
    depth_of_discharge: 0.9
  Pb-acid:
    cost: 104.217
    lifetime: 12.0867
    annual_cost: 8.622452778674079
    efficiency: 0.743787
    discharge_ratio: 5
    depth_of_discharge: 0.5
  VRBF:
    cost: 300.668
    lifetime: 17.6959
    annual_cost: 16.99082838397595
    efficiency: 0.770002
    discharge_ratio: 0.5
    depth_of_discharge: 1.0
