cost_values:
  wind_capex: 5000.0
  wind_opex: 100
  wind_lifetime: 20
  solar_capex: 1000.0
  solar_opex: 10
  solar_lifetime: 20
  carbon_price: 1.0
timeseries_values:
  load_level: 260043.50591541393
  wind_year: 2011
  solar_year: 2011
  price_year: 2023
  carbon_year: 2023
storage_values:
  CAES:
    cost: 55.052
    lifetime: 24.6768
    annual_cost: 2.2309213512286843
    efficiency: 0.649013
    discharge_ratio: 0.1
    depth_of_discharge: 0.4
  Li-ion:
    cost: 173.132
    lifetime: 11.6931
    annual_cost: 14.8063387809905
    efficiency: 0.914442
    discharge_ratio: 2
    depth_of_discharge: 0.9
  Pb-acid:
    cost: 99.9348
    lifetime: 13.8647
    annual_cost: 7.207858806898094
    efficiency: 0.757251
    discharge_ratio: 5
    depth_of_discharge: 0.5
  VRBF:
    cost: 317.069
    lifetime: 19.161
    annual_cost: 16.547622775429257
    efficiency: 0.757459
    discharge_ratio: 0.5
    depth_of_discharge: 1.0
