cost_values:
  wind_capex: 5000.0
  wind_opex: 100
  wind_lifetime: 20
  solar_capex: 1000.0
  solar_opex: 10
  solar_lifetime: 20
  carbon_price: 1.0
timeseries_values:
  load_level: 260043.50591541393
  wind_year: 2011
  solar_year: 2011
  price_year: 2023
  carbon_year: 2023
storage_values:
  CAES:
    cost: 49.226
    lifetime: 24.8084
    annual_cost: 1.9842472710856
    efficiency: 0.644076
    discharge_ratio: 0.1
    depth_of_discharge: 0.4
  Li-ion:
    cost: 155.342
    lifetime: 11.7612
    annual_cost: 13.208005985783764
    efficiency: 0.910564
    discharge_ratio: 2
    depth_of_discharge: 0.9
  Pb-acid:
    cost: 109.988
    lifetime: 11.245
    annual_cost: 9.781058248110272
    efficiency: 0.756483
    discharge_ratio: 5
    depth_of_discharge: 0.5
  VRBF:
    cost: 318.007
    lifetime: 17.5036
    annual_cost: 18.168091135537836
    efficiency: 0.760502
    discharge_ratio: 0.5
    depth_of_discharge: 1.0
