cost_values:
  wind_capex: 5000.0
  wind_opex: 100
  wind_lifetime: 20
  solar_capex: 1000.0
  solar_opex: 10
  solar_lifetime: 20
  carbon_price: 1.0
timeseries_values:
  load_level: 260043.50591541393
  wind_year: 2011
  solar_year: 2011
  price_year: 2023
  carbon_year: 2023
storage_values:
  CAES:
    cost: 56.9514
    lifetime: 24.2371
    annual_cost: 2.3497613163290985
    efficiency: 0.643224
    discharge_ratio: 0.1
    depth_of_discharge: 0.4
  Li-ion:
    cost: 173.2
    lifetime: 11.4023
    annual_cost: 15.189917823596993
    efficiency: 0.928309
    discharge_ratio: 2
    depth_of_discharge: 0.9
  Pb-acid:
    cost: 103.46
    lifetime: 11.716
    annual_cost: 8.830658927961762
    efficiency: 0.740316
    discharge_ratio: 5
    depth_of_discharge: 0.5
  VRBF:
    cost: 309.167
    lifetime: 19.7928
    annual_cost: 15.62017501313609
    efficiency: 0.737298
    discharge_ratio: 0.5
    depth_of_discharge: 1.0
