cost_values:
  wind_capex: 5000.0
  wind_opex: 100
  wind_lifetime: 20
  solar_capex: 1000.0
  solar_opex: 10
  solar_lifetime: 20
  carbon_price: 1.0
timeseries_values:
  load_level: 260043.50591541393
  wind_year: 2011
  solar_year: 2011
  price_year: 2023
  carbon_year: 2023
storage_values:
  CAES:
    cost: 50.0176
    lifetime: 23.9958
    annual_cost: 2.084431442169046
    efficiency: 0.645555
    discharge_ratio: 0.1
    depth_of_discharge: 0.4
  Li-ion:
    cost: 165.376
    lifetime: 10.3981
    annual_cost: 15.904444081130208
    efficiency: 0.914763
    discharge_ratio: 2
    depth_of_discharge: 0.9
  Pb-acid:
    cost: 109.844
    lifetime: 11.9026
    annual_cost: 9.228571908658612
    efficiency: 0.749448
    discharge_ratio: 5
    depth_of_discharge: 0.5
  VRBF:
    cost: 304.182
    lifetime: 18.0795
    annual_cost: 16.824690948311623
    efficiency: 0.768777
    discharge_ratio: 0.5
    depth_of_discharge: 1.0
