cost_values:
  wind_capex: 5000.0
  wind_opex: 100
  wind_lifetime: 20
  solar_capex: 1000.0
  solar_opex: 10
  solar_lifetime: 20
  carbon_price: 1.0
timeseries_values:
  load_level: 260043.50591541393
  wind_year: 2011
  solar_year: 2011
  price_year: 2023
  carbon_year: 2023
storage_values:
  CAES:
    cost: 52.6268
    lifetime: 25.2839
    annual_cost: 2.081435221623247
    efficiency: 0.643289
    discharge_ratio: 0.1
    depth_of_discharge: 0.4
  Li-ion:
    cost: 181.275
    lifetime: 11.5392
    annual_cost: 15.709494592346092
    efficiency: 0.915569
    discharge_ratio: 2
    depth_of_discharge: 0.9
  Pb-acid:
    cost: 104.949
    lifetime: 12.552
    annual_cost: 8.361137667304016
    efficiency: 0.762645
    discharge_ratio: 5
    depth_of_discharge: 0.5
  VRBF:
    cost: 316.157
    lifetime: 17.578
    annual_cost: 17.98594834452156
    efficiency: 0.744263
    discharge_ratio: 0.5
    depth_of_discharge: 1.0
