cost_values:
  wind_capex: 5000.0
  wind_opex: 100
  wind_lifetime: 20
  solar_capex: 1000.0
  solar_opex: 10
  solar_lifetime: 20
  carbon_price: 1.0
timeseries_values:
  load_level: 260043.50591541393
  wind_year: 2011
  solar_year: 2011
  price_year: 2023
  carbon_year: 2023
storage_values:
  CAES:
    cost: 48.3298
    lifetime: 25.1287
    annual_cost: 1.923290898454755
    efficiency: 0.64619
    discharge_ratio: 0.1
    depth_of_discharge: 0.4
  Li-ion:
    cost: 169.969
    lifetime: 10.8459
    annual_cost: 15.671267483565217
    efficiency: 0.930412
    discharge_ratio: 2
    depth_of_discharge: 0.9
  Pb-acid:
    cost: 104.026
    lifetime: 11.726
    annual_cost: 8.87139689578714
    efficiency: 0.745833
    discharge_ratio: 5
    depth_of_discharge: 0.5
  VRBF:
    cost: 288.07
    lifetime: 15.7686
    annual_cost: 18.268584401912662
    efficiency: 0.742189
    discharge_ratio: 0.5
    depth_of_discharge: 1.0
