cost_values:
  wind_capex: 5000.0
  wind_opex: 100
  wind_lifetime: 20
  solar_capex: 1000.0
  solar_opex: 10
  solar_lifetime: 20
  carbon_price: 1.0
timeseries_values:
  load_level: 260043.50591541393
  wind_year: 2011
  solar_year: 2011
  price_year: 2023
  carbon_year: 2023
storage_values:
  CAES:
    cost: 61.1239
    lifetime: 24.0338
    annual_cost: 2.543247426540955
    efficiency: 0.649779
    discharge_ratio: 0.1
    depth_of_discharge: 0.4
  Li-ion:
    cost: 147.996
    lifetime: 12.9217
    annual_cost: 11.4532917495376
    efficiency: 0.9255
    discharge_ratio: 2
    depth_of_discharge: 0.9
  Pb-acid:
    cost: 80.9332
    lifetime: 12.1226
    annual_cost: 6.676224572286473
    efficiency: 0.762846
    discharge_ratio: 5
    depth_of_discharge: 0.5
  VRBF:
    cost: 308.294
    lifetime: 18.8985
    annual_cost: 16.31314654602217
    efficiency: 0.754424
    discharge_ratio: 0.5
    depth_of_discharge: 1.0
