cost_values:
  wind_capex: 5000.0
  wind_opex: 100
  wind_lifetime: 20
  solar_capex: 1000.0
  solar_opex: 10
  solar_lifetime: 20
  carbon_price: 1.0
timeseries_values:
  load_level: 260043.50591541393
  wind_year: 2011
  solar_year: 2011
  price_year: 2023
  carbon_year: 2023
storage_values:
  CAES:
    cost: 54.3365
    lifetime: 25.3266
    annual_cost: 2.1454320753674003
    efficiency: 0.647085
    discharge_ratio: 0.1
    depth_of_discharge: 0.4
  Li-ion:
    cost: 149.421
    lifetime: 11.7215
    annual_cost: 12.747600563067865
    efficiency: 0.919256
    discharge_ratio: 2
    depth_of_discharge: 0.9
  Pb-acid:
    cost: 99.7959
    lifetime: 14.1048
    annual_cost: 7.075314786455675
    efficiency: 0.745409
    discharge_ratio: 5
    depth_of_discharge: 0.5
  VRBF:
    cost: 303.801
    lifetime: 16.2322
    annual_cost: 18.715947314596914
    efficiency: 0.731823
    discharge_ratio: 0.5
    depth_of_discharge: 1.0
