cost_values:
  wind_capex: 5000.0
  wind_opex: 100
  wind_lifetime: 20
  solar_capex: 1000.0
  solar_opex: 10
  solar_lifetime: 20
  carbon_price: 1.0
timeseries_values:
  load_level: 260043.50591541393
  wind_year: 2011
  solar_year: 2011
  price_year: 2023
  carbon_year: 2023
storage_values:
  CAES:
    cost: 51.0226
    lifetime: 24.7543
    annual_cost: 2.0611610912043563
    efficiency: 0.644425
    discharge_ratio: 0.1
    depth_of_discharge: 0.4
  Li-ion:
    cost: 133.616
    lifetime: 10.3903
    annual_cost: 12.859686438312659
    efficiency: 0.912364
    discharge_ratio: 2
    depth_of_discharge: 0.9
  Pb-acid:
    cost: 90.9369
    lifetime: 11.2468
    annual_cost: 8.085579898282177
    efficiency: 0.775702
    discharge_ratio: 5
    depth_of_discharge: 0.5
  VRBF:
    cost: 276.017
    lifetime: 17.0722
    annual_cost: 16.167629245205656
    efficiency: 0.758863
    discharge_ratio: 0.5
    depth_of_discharge: 1.0
