cost_values:
  wind_capex: 5000.0
  wind_opex: 100
  wind_lifetime: 20
  solar_capex: 1000.0
  solar_opex: 10
  solar_lifetime: 20
  carbon_price: 1.0
timeseries_values:
  load_level: 260043.50591541393
  wind_year: 2011
  solar_year: 2011
  price_year: 2023
  carbon_year: 2023
storage_values:
  CAES:
    cost: 53.9761
    lifetime: 23.7116
    annual_cost: 2.2763584068557163
    efficiency: 0.645462
    discharge_ratio: 0.1
    depth_of_discharge: 0.4
  Li-ion:
    cost: 139.099
    lifetime: 11.554
    annual_cost: 12.03903410074433
    efficiency: 0.931549
    discharge_ratio: 2
    depth_of_discharge: 0.9
  Pb-acid:
    cost: 116.461
    lifetime: 11.509
    annual_cost: 10.119124163697975
    efficiency: 0.753281
    discharge_ratio: 5
    depth_of_discharge: 0.5
  VRBF:
    cost: 290.734
    lifetime: 15.4027
    annual_cost: 18.875521824095774
    efficiency: 0.755464
    discharge_ratio: 0.5
    depth_of_discharge: 1.0
