cost_values:
  wind_capex: 5000.0
  wind_opex: 100
  wind_lifetime: 20
  solar_capex: 1000.0
  solar_opex: 10
  solar_lifetime: 20
  carbon_price: 1.0
timeseries_values:
  load_level: 260043.50591541393
  wind_year: 2011
  solar_year: 2011
  price_year: 2023
  carbon_year: 2023
storage_values:
  CAES:
    cost: 54.5487
    lifetime: 24.3502
    annual_cost: 2.2401746186889633
    efficiency: 0.644169
    discharge_ratio: 0.1
    depth_of_discharge: 0.4
  Li-ion:
    cost: 156.723
    lifetime: 11.6596
    annual_cost: 13.44154173385022
    efficiency: 0.920626
    discharge_ratio: 2
    depth_of_discharge: 0.9
  Pb-acid:
    cost: 90.7157
    lifetime: 12.4319
    annual_cost: 7.297010111085192
    efficiency: 0.766172
    discharge_ratio: 5
    depth_of_discharge: 0.5
  VRBF:
    cost: 297.207
    lifetime: 18.3727
    annual_cost: 16.176555432788867
    efficiency: 0.762462
    discharge_ratio: 0.5
    depth_of_discharge: 1.0
