cost_values:
  wind_capex: 5000.0
  wind_opex: 100
  wind_lifetime: 20
  solar_capex: 1000.0
  solar_opex: 10
  solar_lifetime: 20
  carbon_price: 1.0
timeseries_values:
  load_level: 260043.50591541393
  wind_year: 2011
  solar_year: 2011
  price_year: 2023
  carbon_year: 2023
storage_values:
  CAES:
    cost: 56.297
    lifetime: 24.3642
    annual_cost: 2.310644305989936
    efficiency: 0.649676
    discharge_ratio: 0.1
    depth_of_discharge: 0.4
  Li-ion:
    cost: 164.123
    lifetime: 11.2642
    annual_cost: 14.570320129259066
    efficiency: 0.930267
    discharge_ratio: 2
    depth_of_discharge: 0.9
  Pb-acid:
    cost: 105.91
    lifetime: 12.213
    annual_cost: 8.671906984360927
    efficiency: 0.739405
    discharge_ratio: 5
    depth_of_discharge: 0.5
  VRBF:
    cost: 282.833
    lifetime: 16.0246
    annual_cost: 17.64992573917602
    efficiency: 0.756661
    discharge_ratio: 0.5
    depth_of_discharge: 1.0
