cost_values:
  wind_capex: 5000.0
  wind_opex: 100
  wind_lifetime: 20
  solar_capex: 1000.0
  solar_opex: 10
  solar_lifetime: 20
  carbon_price: 1.0
timeseries_values:
  load_level: 260043.50591541393
  wind_year: 2011
  solar_year: 2011
  price_year: 2023
  carbon_year: 2023
storage_values:
  CAES:
    cost: 49.1284
    lifetime: 25.2272
    annual_cost: 1.9474376863068434
    efficiency: 0.638532
    discharge_ratio: 0.1
    depth_of_discharge: 0.4
  Li-ion:
    cost: 154.672
    lifetime: 10.7853
    annual_cost: 14.341001177528673
    efficiency: 0.928495
    discharge_ratio: 2
    depth_of_discharge: 0.9
  Pb-acid:
    cost: 109.823
    lifetime: 12.3152
    annual_cost: 8.917678965830842
    efficiency: 0.755836
    discharge_ratio: 5
    depth_of_discharge: 0.5
  VRBF:
    cost: 315.593
    lifetime: 17.9577
    annual_cost: 17.574243917650925
    efficiency: 0.750097
    discharge_ratio: 0.5
    depth_of_discharge: 1.0
