cost_values:
  wind_capex: 5000.0
  wind_opex: 100
  wind_lifetime: 20
  solar_capex: 1000.0
  solar_opex: 10
  solar_lifetime: 20
  carbon_price: 1.0
timeseries_values:
  load_level: 260043.50591541393
  wind_year: 2011
  solar_year: 2011
  price_year: 2023
  carbon_year: 2023
storage_values:
  CAES:
    cost: 53.4599
    lifetime: 25.2854
    annual_cost: 2.114259612266367
    efficiency: 0.641066
    discharge_ratio: 0.1
    depth_of_discharge: 0.4
  Li-ion:
    cost: 168.37
    lifetime: 10.6844
    annual_cost: 15.75848901201752
    efficiency: 0.929768
    discharge_ratio: 2
    depth_of_discharge: 0.9
  Pb-acid:
    cost: 108.264
    lifetime: 12.3001
    annual_cost: 8.801879659514963
    efficiency: 0.752355
    discharge_ratio: 5
    depth_of_discharge: 0.5
  VRBF:
    cost: 325.502
    lifetime: 15.975
    annual_cost: 20.37571205007825
    efficiency: 0.758533
    discharge_ratio: 0.5
    depth_of_discharge: 1.0
