cost_values:
  wind_capex: 5000.0
  wind_opex: 100
  wind_lifetime: 20
  solar_capex: 1000.0
  solar_opex: 10
  solar_lifetime: 20
  carbon_price: 1.0
timeseries_values:
  load_level: 260043.50591541393
  wind_year: 2011
  solar_year: 2011
  price_year: 2023
  carbon_year: 2023
storage_values:
  CAES:
    cost: 58.8409
    lifetime: 25.8546
    annual_cost: 2.2758387288915705
    efficiency: 0.643404
    discharge_ratio: 0.1
    depth_of_discharge: 0.4
  Li-ion:
    cost: 142.257
    lifetime: 10.8358
    annual_cost: 13.128426142970524
    efficiency: 0.914217
    discharge_ratio: 2
    depth_of_discharge: 0.9
  Pb-acid:
    cost: 113.22
    lifetime: 11.9131
    annual_cost: 9.503823522005188
    efficiency: 0.744886
    discharge_ratio: 5
    depth_of_discharge: 0.5
  VRBF:
    cost: 311.645
    lifetime: 17.0498
    annual_cost: 18.27851353095051
    efficiency: 0.74521
    discharge_ratio: 0.5
    depth_of_discharge: 1.0
