cost_values:
  wind_capex: 5000.0
  wind_opex: 100
  wind_lifetime: 20
  solar_capex: 1000.0
  solar_opex: 10
  solar_lifetime: 20
  carbon_price: 1.0
timeseries_values:
  load_level: 260043.50591541393
  wind_year: 2011
  solar_year: 2011
  price_year: 2023
  carbon_year: 2023
storage_values:
  CAES:
    cost: 62.6852
    lifetime: 24.7837
    annual_cost: 2.529291429447581
    efficiency: 0.649868
    discharge_ratio: 0.1
    depth_of_discharge: 0.4
  Li-ion:
    cost: 155.312
    lifetime: 13.1562
    annual_cost: 11.805232513947796
    efficiency: 0.929837
    discharge_ratio: 2
    depth_of_discharge: 0.9
  Pb-acid:
    cost: 98.5943
    lifetime: 12.3263
    annual_cost: 7.998693849735931
    efficiency: 0.731241
    discharge_ratio: 5
    depth_of_discharge: 0.5
  VRBF:
    cost: 292.752
    lifetime: 17.6671
    annual_cost: 16.570461479246735
    efficiency: 0.750105
    discharge_ratio: 0.5
    depth_of_discharge: 1.0
