cost_values:
  wind_capex: 5000.0
  wind_opex: 100
  wind_lifetime: 20
  solar_capex: 1000.0
  solar_opex: 10
  solar_lifetime: 20
  carbon_price: 1.0
timeseries_values:
  load_level: 260043.50591541393
  wind_year: 2011
  solar_year: 2011
  price_year: 2023
  carbon_year: 2023
storage_values:
  CAES:
    cost: 49.4893
    lifetime: 24.2164
    annual_cost: 2.0436274590773196
    efficiency: 0.64322
    discharge_ratio: 0.1
    depth_of_discharge: 0.4
  Li-ion:
    cost: 158.549
    lifetime: 11.4258
    annual_cost: 13.876402527612946
    efficiency: 0.920892
    discharge_ratio: 2
    depth_of_discharge: 0.9
  Pb-acid:
    cost: 126.243
    lifetime: 13.738
    annual_cost: 9.18932886883098
    efficiency: 0.764329
    discharge_ratio: 5
    depth_of_discharge: 0.5
  VRBF:
    cost: 277.855
    lifetime: 16.7309
    annual_cost: 16.60729548320772
    efficiency: 0.731541
    discharge_ratio: 0.5
    depth_of_discharge: 1.0
