cost_values:
  wind_capex: 5000.0
  wind_opex: 100
  wind_lifetime: 20
  solar_capex: 1000.0
  solar_opex: 10
  solar_lifetime: 20
  carbon_price: 1.0
timeseries_values:
  load_level: 260043.50591541393
  wind_year: 2011
  solar_year: 2011
  price_year: 2023
  carbon_year: 2023
storage_values:
  CAES:
    cost: 58.0678
    lifetime: 24.9036
    annual_cost: 2.3317030469490354
    efficiency: 0.646452
    discharge_ratio: 0.1
    depth_of_discharge: 0.4
  Li-ion:
    cost: 162.499
    lifetime: 13.101
    annual_cost: 12.403556980383176
    efficiency: 0.933643
    discharge_ratio: 2
    depth_of_discharge: 0.9
  Pb-acid:
    cost: 87.3277
    lifetime: 11.6279
    annual_cost: 7.510186706112023
    efficiency: 0.753648
    discharge_ratio: 5
    depth_of_discharge: 0.5
  VRBF:
    cost: 299.846
    lifetime: 18.5488
    annual_cost: 16.165250582247907
    efficiency: 0.741595
    discharge_ratio: 0.5
    depth_of_discharge: 1.0
