cost_values:
  wind_capex: 5000.0
  wind_opex: 100
  wind_lifetime: 20
  solar_capex: 1000.0
  solar_opex: 10
  solar_lifetime: 20
  carbon_price: 1.0
timeseries_values:
  load_level: 260043.50591541393
  wind_year: 2011
  solar_year: 2011
  price_year: 2023
  carbon_year: 2023
storage_values:
  CAES:
    cost: 52.0015
    lifetime: 24.3808
    annual_cost: 2.1328873539834623
    efficiency: 0.644432
    discharge_ratio: 0.1
    depth_of_discharge: 0.4
  Li-ion:
    cost: 144.018
    lifetime: 11.9393
    annual_cost: 12.062516227919561
    efficiency: 0.924234
    discharge_ratio: 2
    depth_of_discharge: 0.9
  Pb-acid:
    cost: 102.332
    lifetime: 11.9704
    annual_cost: 8.548753592194078
    efficiency: 0.744447
    discharge_ratio: 5
    depth_of_discharge: 0.5
  VRBF:
    cost: 340.393
    lifetime: 16.9804
    annual_cost: 20.04622977079456
    efficiency: 0.76257
    discharge_ratio: 0.5
    depth_of_discharge: 1.0
