cost_values:
  wind_capex: 5000.0
  wind_opex: 100
  wind_lifetime: 20
  solar_capex: 1000.0
  solar_opex: 10
  solar_lifetime: 20
  carbon_price: 1.0
timeseries_values:
  load_level: 260043.50591541393
  wind_year: 2011
  solar_year: 2011
  price_year: 2023
  carbon_year: 2023
storage_values:
  CAES:
    cost: 49.4955
    lifetime: 25.3067
    annual_cost: 1.9558259275211702
    efficiency: 0.646806
    discharge_ratio: 0.1
    depth_of_discharge: 0.4
  Li-ion:
    cost: 147.01
    lifetime: 11.1556
    annual_cost: 13.178134748467137
    efficiency: 0.91633
    discharge_ratio: 2
    depth_of_discharge: 0.9
  Pb-acid:
    cost: 80.719
    lifetime: 11.6976
    annual_cost: 6.900475311174942
    efficiency: 0.754785
    discharge_ratio: 5
    depth_of_discharge: 0.5
  VRBF:
    cost: 314.651
    lifetime: 15.0405
    annual_cost: 20.92024866194608
    efficiency: 0.74551
    discharge_ratio: 0.5
    depth_of_discharge: 1.0
