cost_values:
  wind_capex: 5000.0
  wind_opex: 100
  wind_lifetime: 20
  solar_capex: 1000.0
  solar_opex: 10
  solar_lifetime: 20
  carbon_price: 1.0
timeseries_values:
  load_level: 260043.50591541393
  wind_year: 2011
  solar_year: 2011
  price_year: 2023
  carbon_year: 2023
storage_values:
  CAES:
    cost: 47.1025
    lifetime: 24.6532
    annual_cost: 1.91060389726283
    efficiency: 0.645426
    discharge_ratio: 0.1
    depth_of_discharge: 0.4
  Li-ion:
    cost: 137.306
    lifetime: 12.3058
    annual_cost: 11.15782801605747
    efficiency: 0.915361
    discharge_ratio: 2
    depth_of_discharge: 0.9
  Pb-acid:
    cost: 113.622
    lifetime: 13.6776
    annual_cost: 8.307159150728198
    efficiency: 0.732596
    discharge_ratio: 5
    depth_of_discharge: 0.5
  VRBF:
    cost: 297.113
    lifetime: 17.1667
    annual_cost: 17.307519791223708
    efficiency: 0.758222
    discharge_ratio: 0.5
    depth_of_discharge: 1.0
