cost_values:
  wind_capex: 5000.0
  wind_opex: 100
  wind_lifetime: 20
  solar_capex: 1000.0
  solar_opex: 10
  solar_lifetime: 20
  carbon_price: 1.0
timeseries_values:
  load_level: 260043.50591541393
  wind_year: 2011
  solar_year: 2011
  price_year: 2023
  carbon_year: 2023
storage_values:
  CAES:
    cost: 51.4434
    lifetime: 24.369
    annual_cost: 2.11101809676228
    efficiency: 0.643007
    discharge_ratio: 0.1
    depth_of_discharge: 0.4
  Li-ion:
    cost: 152.114
    lifetime: 12.3761
    annual_cost: 12.290947875340375
    efficiency: 0.91304
    discharge_ratio: 2
    depth_of_discharge: 0.9
  Pb-acid:
    cost: 106.746
    lifetime: 11.8918
    annual_cost: 8.976437545199213
    efficiency: 0.763061
    discharge_ratio: 5
    depth_of_discharge: 0.5
  VRBF:
    cost: 316.283
    lifetime: 15.7241
    annual_cost: 20.114537556998492
    efficiency: 0.755792
    discharge_ratio: 0.5
    depth_of_discharge: 1.0
