cost_values:
  wind_capex: 5000.0
  wind_opex: 100
  wind_lifetime: 20
  solar_capex: 1000.0
  solar_opex: 10
  solar_lifetime: 20
  carbon_price: 1.0
timeseries_values:
  load_level: 260043.50591541393
  wind_year: 2011
  solar_year: 2011
  price_year: 2023
  carbon_year: 2023
storage_values:
  CAES:
    cost: 52.5954
    lifetime: 25.1072
    annual_cost: 2.09483335457558
    efficiency: 0.646744
    discharge_ratio: 0.1
    depth_of_discharge: 0.4
  Li-ion:
    cost: 163.819
    lifetime: 10.6621
    annual_cost: 15.364609223323734
    efficiency: 0.922803
    discharge_ratio: 2
    depth_of_discharge: 0.9
  Pb-acid:
    cost: 87.7219
    lifetime: 13.6209
    annual_cost: 6.440242568405906
    efficiency: 0.733608
    discharge_ratio: 5
    depth_of_discharge: 0.5
  VRBF:
    cost: 308.034
    lifetime: 15.1321
    annual_cost: 20.356328599467357
    efficiency: 0.730869
    discharge_ratio: 0.5
    depth_of_discharge: 1.0
