cost_values:
  wind_capex: 5000.0
  wind_opex: 100
  wind_lifetime: 20
  solar_capex: 1000.0
  solar_opex: 10
  solar_lifetime: 20
  carbon_price: 1.0
timeseries_values:
  load_level: 260043.50591541393
  wind_year: 2011
  solar_year: 2011
  price_year: 2023
  carbon_year: 2023
storage_values:
  CAES:
    cost: 53.6914
    lifetime: 25.6863
    annual_cost: 2.0902738035450805
    efficiency: 0.637282
    discharge_ratio: 0.1
    depth_of_discharge: 0.4
  Li-ion:
    cost: 156.724
    lifetime: 12.1565
    annual_cost: 12.892197589766791
    efficiency: 0.935118
    discharge_ratio: 2
    depth_of_discharge: 0.9
  Pb-acid:
    cost: 104.53
    lifetime: 12.3611
    annual_cost: 8.456367151790698
    efficiency: 0.759865
    discharge_ratio: 5
    depth_of_discharge: 0.5
  VRBF:
    cost: 283.54
    lifetime: 15.5694
    annual_cost: 18.211363315220883
    efficiency: 0.756098
    discharge_ratio: 0.5
    depth_of_discharge: 1.0
