cost_values:
  wind_capex: 5000.0
  wind_opex: 100
  wind_lifetime: 20
  solar_capex: 1000.0
  solar_opex: 10
  solar_lifetime: 20
  carbon_price: 1.0
timeseries_values:
  load_level: 260043.50591541393
  wind_year: 2011
  solar_year: 2011
  price_year: 2023
  carbon_year: 2023
storage_values:
  CAES:
    cost: 53.2444
    lifetime: 24.6268
    annual_cost: 2.1620510988029302
    efficiency: 0.640744
    discharge_ratio: 0.1
    depth_of_discharge: 0.4
  Li-ion:
    cost: 169.476
    lifetime: 13.7305
    annual_cost: 12.34303193620043
    efficiency: 0.907998
    discharge_ratio: 2
    depth_of_discharge: 0.9
  Pb-acid:
    cost: 95.7037
    lifetime: 12.1117
    annual_cost: 7.901756153141177
    efficiency: 0.749923
    discharge_ratio: 5
    depth_of_discharge: 0.5
  VRBF:
    cost: 275.936
    lifetime: 17.1533
    annual_cost: 16.086467326986643
    efficiency: 0.757949
    discharge_ratio: 0.5
    depth_of_discharge: 1.0
