cost_values:
  wind_capex: 5000.0
  wind_opex: 100
  wind_lifetime: 20
  solar_capex: 1000.0
  solar_opex: 10
  solar_lifetime: 20
  carbon_price: 1.0
timeseries_values:
  load_level: 260043.50591541393
  wind_year: 2011
  solar_year: 2011
  price_year: 2023
  carbon_year: 2023
storage_values:
  CAES:
    cost: 58.2395
    lifetime: 24.1497
    annual_cost: 2.41160345677172
    efficiency: 0.638816
    discharge_ratio: 0.1
    depth_of_discharge: 0.4
  Li-ion:
    cost: 160.257
    lifetime: 12.0779
    annual_cost: 13.2686145770374
    efficiency: 0.936474
    discharge_ratio: 2
    depth_of_discharge: 0.9
  Pb-acid:
    cost: 114.067
    lifetime: 10.1441
    annual_cost: 11.24466438619493
    efficiency: 0.746268
    discharge_ratio: 5
    depth_of_discharge: 0.5
  VRBF:
    cost: 311.79
    lifetime: 16.7348
    annual_cost: 18.631235509238234
    efficiency: 0.747509
    discharge_ratio: 0.5
    depth_of_discharge: 1.0
