cost_values:
  wind_capex: 5000.0
  wind_opex: 100
  wind_lifetime: 20
  solar_capex: 1000.0
  solar_opex: 10
  solar_lifetime: 20
  carbon_price: 1.0
timeseries_values:
  load_level: 260043.50591541393
  wind_year: 2011
  solar_year: 2011
  price_year: 2023
  carbon_year: 2023
storage_values:
  CAES:
    cost: 53.1008
    lifetime: 25.8992
    annual_cost: 2.050287267560388
    efficiency: 0.648706
    discharge_ratio: 0.1
    depth_of_discharge: 0.4
  Li-ion:
    cost: 176.891
    lifetime: 10.5634
    annual_cost: 16.74565007478653
    efficiency: 0.933531
    discharge_ratio: 2
    depth_of_discharge: 0.9
  Pb-acid:
    cost: 89.4493
    lifetime: 11.6891
    annual_cost: 7.652368445817043
    efficiency: 0.757701
    discharge_ratio: 5
    depth_of_discharge: 0.5
  VRBF:
    cost: 307.803
    lifetime: 14.4622
    annual_cost: 21.283276403313465
    efficiency: 0.77197
    discharge_ratio: 0.5
    depth_of_discharge: 1.0
