cost_values:
  wind_capex: 5000.0
  wind_opex: 100
  wind_lifetime: 20
  solar_capex: 1000.0
  solar_opex: 10
  solar_lifetime: 20
  carbon_price: 1.0
timeseries_values:
  load_level: 260043.50591541393
  wind_year: 2011
  solar_year: 2011
  price_year: 2023
  carbon_year: 2023
storage_values:
  CAES:
    cost: 56.5328
    lifetime: 24.8887
    annual_cost: 2.2714243813457515
    efficiency: 0.644081
    discharge_ratio: 0.1
    depth_of_discharge: 0.4
  Li-ion:
    cost: 169.434
    lifetime: 10.7761
    annual_cost: 15.723128033333024
    efficiency: 0.927518
    discharge_ratio: 2
    depth_of_discharge: 0.9
  Pb-acid:
    cost: 91.3342
    lifetime: 12.628
    annual_cost: 7.232673424136839
    efficiency: 0.752242
    discharge_ratio: 5
    depth_of_discharge: 0.5
  VRBF:
    cost: 300.975
    lifetime: 17.1823
    annual_cost: 17.516572286597253
    efficiency: 0.763035
    discharge_ratio: 0.5
    depth_of_discharge: 1.0
