cost_values:
  wind_capex: 5000.0
  wind_opex: 100
  wind_lifetime: 20
  solar_capex: 1000.0
  solar_opex: 10
  solar_lifetime: 20
  carbon_price: 1.0
timeseries_values:
  load_level: 260043.50591541393
  wind_year: 2011
  solar_year: 2011
  price_year: 2023
  carbon_year: 2023
storage_values:
  CAES:
    cost: 59.2719
    lifetime: 24.1395
    annual_cost: 2.455390542471882
    efficiency: 0.647521
    discharge_ratio: 0.1
    depth_of_discharge: 0.4
  Li-ion:
    cost: 161.365
    lifetime: 13.1873
    annual_cost: 12.236394106450904
    efficiency: 0.920174
    discharge_ratio: 2
    depth_of_discharge: 0.9
  Pb-acid:
    cost: 114.266
    lifetime: 12.6907
    annual_cost: 9.003916253634552
    efficiency: 0.759929
    discharge_ratio: 5
    depth_of_discharge: 0.5
  VRBF:
    cost: 305.897
    lifetime: 19.5235
    annual_cost: 15.668143519348478
    efficiency: 0.753306
    discharge_ratio: 0.5
    depth_of_discharge: 1.0
