cost_values:
  wind_capex: 5000.0
  wind_opex: 100
  wind_lifetime: 20
  solar_capex: 1000.0
  solar_opex: 10
  solar_lifetime: 20
  carbon_price: 1.0
timeseries_values:
  load_level: 260043.50591541393
  wind_year: 2011
  solar_year: 2011
  price_year: 2023
  carbon_year: 2023
storage_values:
  CAES:
    cost: 54.3595
    lifetime: 24.8354
    annual_cost: 2.188790999943629
    efficiency: 0.647821
    discharge_ratio: 0.1
    depth_of_discharge: 0.4
  Li-ion:
    cost: 157.736
    lifetime: 11.9252
    annual_cost: 13.227115687787206
    efficiency: 0.929062
    discharge_ratio: 2
    depth_of_discharge: 0.9
  Pb-acid:
    cost: 107.828
    lifetime: 13.095
    annual_cost: 8.234287896143567
    efficiency: 0.750828
    discharge_ratio: 5
    depth_of_discharge: 0.5
  VRBF:
    cost: 300.145
    lifetime: 16.5873
    annual_cost: 18.094867760274425
    efficiency: 0.754536
    discharge_ratio: 0.5
    depth_of_discharge: 1.0
