cost_values:
  wind_capex: 5000.0
  wind_opex: 100
  wind_lifetime: 20
  solar_capex: 1000.0
  solar_opex: 10
  solar_lifetime: 20
  carbon_price: 1.0
timeseries_values:
  load_level: 260043.50591541393
  wind_year: 2011
  solar_year: 2011
  price_year: 2023
  carbon_year: 2023
storage_values:
  CAES:
    cost: 54.6766
    lifetime: 25.1859
    annual_cost: 2.170921031211908
    efficiency: 0.648728
    discharge_ratio: 0.1
    depth_of_discharge: 0.4
  Li-ion:
    cost: 167.291
    lifetime: 11.975
    annual_cost: 13.970020876826723
    efficiency: 0.915412
    discharge_ratio: 2
    depth_of_discharge: 0.9
  Pb-acid:
    cost: 88.9359
    lifetime: 10.9585
    annual_cost: 8.115700141442716
    efficiency: 0.733922
    discharge_ratio: 5
    depth_of_discharge: 0.5
  VRBF:
    cost: 285.969
    lifetime: 16.8643
    annual_cost: 16.957063145223934
    efficiency: 0.757558
    discharge_ratio: 0.5
    depth_of_discharge: 1.0
