cost_values:
  wind_capex: 5000.0
  wind_opex: 100
  wind_lifetime: 20
  solar_capex: 1000.0
  solar_opex: 10
  solar_lifetime: 20
  carbon_price: 1.0
timeseries_values:
  load_level: 260043.50591541393
  wind_year: 2011
  solar_year: 2011
  price_year: 2023
  carbon_year: 2023
storage_values:
  CAES:
    cost: 53.2695
    lifetime: 24.5489
    annual_cost: 2.1699342944083035
    efficiency: 0.634589
    discharge_ratio: 0.1
    depth_of_discharge: 0.4
  Li-ion:
    cost: 156.964
    lifetime: 12.3982
    annual_cost: 12.660224871352293
    efficiency: 0.908277
    discharge_ratio: 2
    depth_of_discharge: 0.9
  Pb-acid:
    cost: 100.527
    lifetime: 11.9395
    annual_cost: 8.419699317391851
    efficiency: 0.754725
    discharge_ratio: 5
    depth_of_discharge: 0.5
  VRBF:
    cost: 293.609
    lifetime: 16.2359
    annual_cost: 18.08393744726193
    efficiency: 0.751211
    discharge_ratio: 0.5
    depth_of_discharge: 1.0
