cost_values:
  wind_capex: 5000.0
  wind_opex: 100
  wind_lifetime: 20
  solar_capex: 1000.0
  solar_opex: 10
  solar_lifetime: 20
  carbon_price: 1.0
timeseries_values:
  load_level: 260043.50591541393
  wind_year: 2011
  solar_year: 2011
  price_year: 2023
  carbon_year: 2023
storage_values:
  CAES:
    cost: 50.5691
    lifetime: 24.8445
    annual_cost: 2.035424339391012
    efficiency: 0.643251
    discharge_ratio: 0.1
    depth_of_discharge: 0.4
  Li-ion:
    cost: 170.987
    lifetime: 12.004
    annual_cost: 14.244168610463179
    efficiency: 0.929913
    discharge_ratio: 2
    depth_of_discharge: 0.9
  Pb-acid:
    cost: 85.7078
    lifetime: 13.0275
    annual_cost: 6.578990596814432
    efficiency: 0.7456
    discharge_ratio: 5
    depth_of_discharge: 0.5
  VRBF:
    cost: 305.834
    lifetime: 18.6389
    annual_cost: 16.408371738675566
    efficiency: 0.7492
    discharge_ratio: 0.5
    depth_of_discharge: 1.0
