cost_values:
  wind_capex: 5000.0
  wind_opex: 100
  wind_lifetime: 20
  solar_capex: 1000.0
  solar_opex: 10
  solar_lifetime: 20
  carbon_price: 1.0
timeseries_values:
  load_level: 260043.50591541393
  wind_year: 2011
  solar_year: 2011
  price_year: 2023
  carbon_year: 2023
storage_values:
  CAES:
    cost: 50.9971
    lifetime: 24.728
    annual_cost: 2.0623220640569393
    efficiency: 0.647972
    discharge_ratio: 0.1
    depth_of_discharge: 0.4
  Li-ion:
    cost: 162.071
    lifetime: 10.8931
    annual_cost: 14.878317467020407
    efficiency: 0.922595
    discharge_ratio: 2
    depth_of_discharge: 0.9
  Pb-acid:
    cost: 124.445
    lifetime: 12.4794
    annual_cost: 9.972033911886788
    efficiency: 0.747236
    discharge_ratio: 5
    depth_of_discharge: 0.5
  VRBF:
    cost: 282.769
    lifetime: 19.4385
    annual_cost: 14.546852895027907
    efficiency: 0.759508
    discharge_ratio: 0.5
    depth_of_discharge: 1.0
