cost_values:
  wind_capex: 5000.0
  wind_opex: 100
  wind_lifetime: 20
  solar_capex: 1000.0
  solar_opex: 10
  solar_lifetime: 20
  carbon_price: 1.0
timeseries_values:
  load_level: 260043.50591541393
  wind_year: 2011
  solar_year: 2011
  price_year: 2023
  carbon_year: 2023
storage_values:
  CAES:
    cost: 54.1068
    lifetime: 25.617
    annual_cost: 2.1121442791896006
    efficiency: 0.647407
    discharge_ratio: 0.1
    depth_of_discharge: 0.4
  Li-ion:
    cost: 155.262
    lifetime: 12.4478
    annual_cost: 12.473047446135059
    efficiency: 0.914177
    discharge_ratio: 2
    depth_of_discharge: 0.9
  Pb-acid:
    cost: 141.66
    lifetime: 13.0226
    annual_cost: 10.878012071322162
    efficiency: 0.741582
    discharge_ratio: 5
    depth_of_discharge: 0.5
  VRBF:
    cost: 324.972
    lifetime: 18.4064
    annual_cost: 17.65538073713491
    efficiency: 0.75903
    discharge_ratio: 0.5
    depth_of_discharge: 1.0
