cost_values:
  wind_capex: 5000.0
  wind_opex: 100
  wind_lifetime: 20
  solar_capex: 1000.0
  solar_opex: 10
  solar_lifetime: 20
  carbon_price: 1.0
timeseries_values:
  load_level: 260043.50591541393
  wind_year: 2011
  solar_year: 2011
  price_year: 2023
  carbon_year: 2023
storage_values:
  CAES:
    cost: 56.4068
    lifetime: 25.2001
    annual_cost: 2.2383561969992183
    efficiency: 0.643152
    discharge_ratio: 0.1
    depth_of_discharge: 0.4
  Li-ion:
    cost: 175.855
    lifetime: 11.1107
    annual_cost: 15.827535618817896
    efficiency: 0.9297
    discharge_ratio: 2
    depth_of_discharge: 0.9
  Pb-acid:
    cost: 133.186
    lifetime: 13.1367
    annual_cost: 10.138467042712403
    efficiency: 0.757798
    discharge_ratio: 5
    depth_of_discharge: 0.5
  VRBF:
    cost: 305.742
    lifetime: 17.4126
    annual_cost: 17.558664415423316
    efficiency: 0.746292
    discharge_ratio: 0.5
    depth_of_discharge: 1.0
