cost_values:
  wind_capex: 5000.0
  wind_opex: 100
  wind_lifetime: 20
  solar_capex: 1000.0
  solar_opex: 10
  solar_lifetime: 20
  carbon_price: 1.0
timeseries_values:
  load_level: 260043.50591541393
  wind_year: 2011
  solar_year: 2011
  price_year: 2023
  carbon_year: 2023
storage_values:
  CAES:
    cost: 49.6798
    lifetime: 24.8969
    annual_cost: 1.9954211166852098
    efficiency: 0.64027
    discharge_ratio: 0.1
    depth_of_discharge: 0.4
  Li-ion:
    cost: 141.993
    lifetime: 11.1371
    annual_cost: 12.749548805344299
    efficiency: 0.924047
    discharge_ratio: 2
    depth_of_discharge: 0.9
  Pb-acid:
    cost: 114.088
    lifetime: 13.3506
    annual_cost: 8.545533534073375
    efficiency: 0.750839
    discharge_ratio: 5
    depth_of_discharge: 0.5
  VRBF:
    cost: 275.218
    lifetime: 16.9485
    annual_cost: 16.2384871817565
    efficiency: 0.733761
    discharge_ratio: 0.5
    depth_of_discharge: 1.0
