cost_values:
  wind_capex: 5000.0
  wind_opex: 100
  wind_lifetime: 20
  solar_capex: 1000.0
  solar_opex: 10
  solar_lifetime: 20
  carbon_price: 1.0
timeseries_values:
  load_level: 260043.50591541393
  wind_year: 2011
  solar_year: 2011
  price_year: 2023
  carbon_year: 2023
storage_values:
  CAES:
    cost: 55.5191
    lifetime: 25.5788
    annual_cost: 2.1705122992478145
    efficiency: 0.637582
    discharge_ratio: 0.1
    depth_of_discharge: 0.4
  Li-ion:
    cost: 161.091
    lifetime: 10.782
    annual_cost: 14.940734557595993
    efficiency: 0.915117
    discharge_ratio: 2
    depth_of_discharge: 0.9
  Pb-acid:
    cost: 101.252
    lifetime: 11.9547
    annual_cost: 8.46963955599053
    efficiency: 0.755345
    discharge_ratio: 5
    depth_of_discharge: 0.5
  VRBF:
    cost: 290.018
    lifetime: 15.8262
    annual_cost: 18.325182292653952
    efficiency: 0.728317
    discharge_ratio: 0.5
    depth_of_discharge: 1.0
