cost_values:
  wind_capex: 5000.0
  wind_opex: 100
  wind_lifetime: 20
  solar_capex: 1000.0
  solar_opex: 10
  solar_lifetime: 20
  carbon_price: 1.0
timeseries_values:
  load_level: 260043.50591541393
  wind_year: 2011
  solar_year: 2011
  price_year: 2023
  carbon_year: 2023
storage_values:
  CAES:
    cost: 55.876
    lifetime: 25.6621
    annual_cost: 2.1773744159675164
    efficiency: 0.637323
    discharge_ratio: 0.1
    depth_of_discharge: 0.4
  Li-ion:
    cost: 171.571
    lifetime: 12.152
    annual_cost: 14.118745885450956
    efficiency: 0.935553
    discharge_ratio: 2
    depth_of_discharge: 0.9
  Pb-acid:
    cost: 118.684
    lifetime: 13.2703
    annual_cost: 8.943580778128602
    efficiency: 0.741961
    discharge_ratio: 5
    depth_of_discharge: 0.5
  VRBF:
    cost: 299.354
    lifetime: 17.0801
    annual_cost: 17.526478182212045
    efficiency: 0.745728
    discharge_ratio: 0.5
    depth_of_discharge: 1.0
