cost_values:
  wind_capex: 5000.0
  wind_opex: 100
  wind_lifetime: 20
  solar_capex: 1000.0
  solar_opex: 10
  solar_lifetime: 20
  carbon_price: 1.0
timeseries_values:
  load_level: 260043.50591541393
  wind_year: 2011
  solar_year: 2011
  price_year: 2023
  carbon_year: 2023
storage_values:
  CAES:
    cost: 53.3653
    lifetime: 22.6581
    annual_cost: 2.3552416133744662
    efficiency: 0.638775
    discharge_ratio: 0.1
    depth_of_discharge: 0.4
  Li-ion:
    cost: 159.516
    lifetime: 12.2803
    annual_cost: 12.989584944993199
    efficiency: 0.917193
    discharge_ratio: 2
    depth_of_discharge: 0.9
  Pb-acid:
    cost: 83.5309
    lifetime: 12.1828
    annual_cost: 6.856461568769085
    efficiency: 0.739746
    discharge_ratio: 5
    depth_of_discharge: 0.5
  VRBF:
    cost: 302.352
    lifetime: 18.5694
    annual_cost: 16.28227083266018
    efficiency: 0.755516
    discharge_ratio: 0.5
    depth_of_discharge: 1.0
