cost_values:
  wind_capex: 5000.0
  wind_opex: 100
  wind_lifetime: 20
  solar_capex: 1000.0
  solar_opex: 10
  solar_lifetime: 20
  carbon_price: 1.0
timeseries_values:
  load_level: 260043.50591541393
  wind_year: 2011
  solar_year: 2011
  price_year: 2023
  carbon_year: 2023
storage_values:
  CAES:
    cost: 59.9667
    lifetime: 24.0065
    annual_cost: 2.4979359756732555
    efficiency: 0.637219
    discharge_ratio: 0.1
    depth_of_discharge: 0.4
  Li-ion:
    cost: 160.468
    lifetime: 11.0972
    annual_cost: 14.460224200699274
    efficiency: 0.920472
    discharge_ratio: 2
    depth_of_discharge: 0.9
  Pb-acid:
    cost: 89.6866
    lifetime: 12.431
    annual_cost: 7.2147534389831876
    efficiency: 0.745006
    discharge_ratio: 5
    depth_of_discharge: 0.5
  VRBF:
    cost: 310.735
    lifetime: 16.3871
    annual_cost: 18.962171464139477
    efficiency: 0.757069
    discharge_ratio: 0.5
    depth_of_discharge: 1.0
