cost_values:
  wind_capex: 5000.0
  wind_opex: 100
  wind_lifetime: 20
  solar_capex: 1000.0
  solar_opex: 10
  solar_lifetime: 20
  carbon_price: 1.0
timeseries_values:
  load_level: 260043.50591541393
  wind_year: 2011
  solar_year: 2011
  price_year: 2023
  carbon_year: 2023
storage_values:
  CAES:
    cost: 52.2727
    lifetime: 25.0826
    annual_cost: 2.084022390023363
    efficiency: 0.64081
    discharge_ratio: 0.1
    depth_of_discharge: 0.4
  Li-ion:
    cost: 177.142
    lifetime: 11.4654
    annual_cost: 15.45013693373105
    efficiency: 0.918666
    discharge_ratio: 2
    depth_of_discharge: 0.9
  Pb-acid:
    cost: 80.9758
    lifetime: 13.7942
    annual_cost: 5.87027881283438
    efficiency: 0.775655
    discharge_ratio: 5
    depth_of_discharge: 0.5
  VRBF:
    cost: 276.008
    lifetime: 17.3237
    annual_cost: 15.93239319544901
    efficiency: 0.758473
    discharge_ratio: 0.5
    depth_of_discharge: 1.0
