cost_values:
  wind_capex: 5000.0
  wind_opex: 100
  wind_lifetime: 20
  solar_capex: 1000.0
  solar_opex: 10
  solar_lifetime: 20
  carbon_price: 1.0
timeseries_values:
  load_level: 260043.50591541393
  wind_year: 2011
  solar_year: 2011
  price_year: 2023
  carbon_year: 2023
storage_values:
  CAES:
    cost: 54.7829
    lifetime: 25.3025
    annual_cost: 2.1651180713368245
    efficiency: 0.642472
    discharge_ratio: 0.1
    depth_of_discharge: 0.4
  Li-ion:
    cost: 152.993
    lifetime: 12.2331
    annual_cost: 12.506478325199662
    efficiency: 0.903495
    discharge_ratio: 2
    depth_of_discharge: 0.9
  Pb-acid:
    cost: 110.82
    lifetime: 12.4935
    annual_cost: 8.870212510505462
    efficiency: 0.744422
    discharge_ratio: 5
    depth_of_discharge: 0.5
  VRBF:
    cost: 317.018
    lifetime: 17.8901
    annual_cost: 17.720303408030137
    efficiency: 0.72407
    discharge_ratio: 0.5
    depth_of_discharge: 1.0
