cost_values:
  wind_capex: 5000.0
  wind_opex: 100
  wind_lifetime: 20
  solar_capex: 1000.0
  solar_opex: 10
  solar_lifetime: 20
  carbon_price: 1.0
timeseries_values:
  load_level: 260043.50591541393
  wind_year: 2011
  solar_year: 2011
  price_year: 2023
  carbon_year: 2023
storage_values:
  CAES:
    cost: 51.1145
    lifetime: 24.6169
    annual_cost: 2.0763987342029253
    efficiency: 0.639501
    discharge_ratio: 0.1
    depth_of_discharge: 0.4
  Li-ion:
    cost: 139.959
    lifetime: 10.4633
    annual_cost: 13.376181510613286
    efficiency: 0.927967
    discharge_ratio: 2
    depth_of_discharge: 0.9
  Pb-acid:
    cost: 93.9971
    lifetime: 12.6221
    annual_cost: 7.447025455352121
    efficiency: 0.757599
    discharge_ratio: 5
    depth_of_discharge: 0.5
  VRBF:
    cost: 269.296
    lifetime: 17.5262
    annual_cost: 15.365338749985735
    efficiency: 0.754192
    discharge_ratio: 0.5
    depth_of_discharge: 1.0
