cost_values:
  wind_capex: 5000.0
  wind_opex: 100
  wind_lifetime: 20
  solar_capex: 1000.0
  solar_opex: 10
  solar_lifetime: 20
  carbon_price: 1.0
timeseries_values:
  load_level: 244651.25050980353
  wind_year: 2015
  solar_year: 2010
  price_year: 2023
  carbon_year: 2023
storage_values:
  CAES:
    cost: 49.7678
    lifetime: 29.1114
    annual_cost: 1.7095639508920903
    efficiency: 0.582715
    discharge_ratio: 0.1
    depth_of_discharge: 0.4
  Li-ion:
    cost: 247.75
    lifetime: 17.6452
    annual_cost: 14.040645614671412
    efficiency: 0.941779
    discharge_ratio: 2
    depth_of_discharge: 0.9
  Pb-acid:
    cost: 180.839
    lifetime: 5.86341
    annual_cost: 30.841950332656253
    efficiency: 0.652269
    discharge_ratio: 5
    depth_of_discharge: 0.5
  VRBF:
    cost: 206.743
    lifetime: 11.8816
    annual_cost: 17.400265957446805
    efficiency: 0.695569
    discharge_ratio: 0.5
    depth_of_discharge: 1.0
