cost_values:
  wind_capex: 5000.0
  wind_opex: 100
  wind_lifetime: 20
  solar_capex: 1000.0
  solar_opex: 10
  solar_lifetime: 20
  carbon_price: 1.0
timeseries_values:
  load_level: 244651.25050980353
  wind_year: 2015
  solar_year: 2010
  price_year: 2023
  carbon_year: 2023
storage_values:
  CAES:
    cost: 52.8175
    lifetime: 29.654
    annual_cost: 1.7811256491535712
    efficiency: 0.603633
    discharge_ratio: 0.1
    depth_of_discharge: 0.4
  Li-ion:
    cost: 234.561
    lifetime: 16.3392
    annual_cost: 14.355721210340775
    efficiency: 0.951745
    discharge_ratio: 2
    depth_of_discharge: 0.9
  Pb-acid:
    cost: 150.481
    lifetime: 6.64626
    annual_cost: 22.641455495271025
    efficiency: 0.659783
    discharge_ratio: 5
    depth_of_discharge: 0.5
  VRBF:
    cost: 174.536
    lifetime: 13.5582
    annual_cost: 12.873095248631826
    efficiency: 0.693617
    discharge_ratio: 0.5
    depth_of_discharge: 1.0
