cost_values:
  wind_capex: 5000.0
  wind_opex: 100
  wind_lifetime: 20
  solar_capex: 1000.0
  solar_opex: 10
  solar_lifetime: 20
  carbon_price: 1.0
timeseries_values:
  load_level: 244651.25050980353
  wind_year: 2015
  solar_year: 2010
  price_year: 2023
  carbon_year: 2023
storage_values:
  CAES:
    cost: 48.5961
    lifetime: 29.6479
    annual_cost: 1.6391076602390051
    efficiency: 0.602083
    discharge_ratio: 0.1
    depth_of_discharge: 0.4
  Li-ion:
    cost: 263.634
    lifetime: 19.3817
    annual_cost: 13.602212396229435
    efficiency: 0.955312
    discharge_ratio: 2
    depth_of_discharge: 0.9
  Pb-acid:
    cost: 158.63
    lifetime: 8.4914
    annual_cost: 18.681253974609604
    efficiency: 0.652183
    discharge_ratio: 5
    depth_of_discharge: 0.5
  VRBF:
    cost: 195.429
    lifetime: 11.8854
    annual_cost: 16.44277853500934
    efficiency: 0.682799
    discharge_ratio: 0.5
    depth_of_discharge: 1.0
