cost_values:
  wind_capex: 5000.0
  wind_opex: 100
  wind_lifetime: 20
  solar_capex: 1000.0
  solar_opex: 10
  solar_lifetime: 20
  carbon_price: 1.0
timeseries_values:
  load_level: 244651.25050980353
  wind_year: 2015
  solar_year: 2010
  price_year: 2023
  carbon_year: 2023
storage_values:
  CAES:
    cost: 49.5649
    lifetime: 29.997
    annual_cost: 1.6523285661899523
    efficiency: 0.592178
    discharge_ratio: 0.1
    depth_of_discharge: 0.4
  Li-ion:
    cost: 230.681
    lifetime: 19.5416
    annual_cost: 11.804611700167849
    efficiency: 0.943514
    discharge_ratio: 2
    depth_of_discharge: 0.9
  Pb-acid:
    cost: 141.775
    lifetime: 8.34323
    annual_cost: 16.992819327766345
    efficiency: 0.655288
    discharge_ratio: 5
    depth_of_discharge: 0.5
  VRBF:
    cost: 183.395
    lifetime: 11.7933
    annual_cost: 15.550778832048707
    efficiency: 0.699962
    discharge_ratio: 0.5
    depth_of_discharge: 1.0
