cost_values:
  wind_capex: 5000.0
  wind_opex: 100
  wind_lifetime: 20
  solar_capex: 1000.0
  solar_opex: 10
  solar_lifetime: 20
  carbon_price: 1.0
timeseries_values:
  load_level: 244651.25050980353
  wind_year: 2015
  solar_year: 2010
  price_year: 2023
  carbon_year: 2023
storage_values:
  CAES:
    cost: 48.2924
    lifetime: 29.8314
    annual_cost: 1.6188445731678702
    efficiency: 0.590689
    discharge_ratio: 0.1
    depth_of_discharge: 0.4
  Li-ion:
    cost: 249.222
    lifetime: 16.1833
    annual_cost: 15.39994933048266
    efficiency: 0.947766
    discharge_ratio: 2
    depth_of_discharge: 0.9
  Pb-acid:
    cost: 179.459
    lifetime: 7.22056
    annual_cost: 24.853889449017807
    efficiency: 0.654402
    discharge_ratio: 5
    depth_of_discharge: 0.5
  VRBF:
    cost: 140.668
    lifetime: 11.6233
    annual_cost: 12.102242908640404
    efficiency: 0.683841
    discharge_ratio: 0.5
    depth_of_discharge: 1.0
