cost_values:
  wind_capex: 5000.0
  wind_opex: 100
  wind_lifetime: 20
  solar_capex: 1000.0
  solar_opex: 10
  solar_lifetime: 20
  carbon_price: 1.0
timeseries_values:
  load_level: 244651.25050980353
  wind_year: 2015
  solar_year: 2010
  price_year: 2023
  carbon_year: 2023
storage_values:
  CAES:
    cost: 44.6724
    lifetime: 28.6777
    annual_cost: 1.5577399861216206
    efficiency: 0.587101
    discharge_ratio: 0.1
    depth_of_discharge: 0.4
  Li-ion:
    cost: 255.523
    lifetime: 18.9818
    annual_cost: 13.46147362210117
    efficiency: 0.947539
    discharge_ratio: 2
    depth_of_discharge: 0.9
  Pb-acid:
    cost: 149.67
    lifetime: 7.55238
    annual_cost: 19.81759392403454
    efficiency: 0.659384
    discharge_ratio: 5
    depth_of_discharge: 0.5
  VRBF:
    cost: 172.813
    lifetime: 13.8262
    annual_cost: 12.498951266436185
    efficiency: 0.693946
    discharge_ratio: 0.5
    depth_of_discharge: 1.0
