cost_values:
  wind_capex: 5000.0
  wind_opex: 100
  wind_lifetime: 20
  solar_capex: 1000.0
  solar_opex: 10
  solar_lifetime: 20
  carbon_price: 1.0
timeseries_values:
  load_level: 244651.25050980353
  wind_year: 2015
  solar_year: 2010
  price_year: 2023
  carbon_year: 2023
storage_values:
  CAES:
    cost: 50.1082
    lifetime: 28.5491
    annual_cost: 1.755158656490047
    efficiency: 0.589832
    discharge_ratio: 0.1
    depth_of_discharge: 0.4
  Li-ion:
    cost: 227.774
    lifetime: 14.867
    annual_cost: 15.320777561041231
    efficiency: 0.953549
    discharge_ratio: 2
    depth_of_discharge: 0.9
  Pb-acid:
    cost: 145.718
    lifetime: 6.40117
    annual_cost: 22.76427590581097
    efficiency: 0.65138
    discharge_ratio: 5
    depth_of_discharge: 0.5
  VRBF:
    cost: 170.617
    lifetime: 15.7813
    annual_cost: 10.811340003675236
    efficiency: 0.704565
    discharge_ratio: 0.5
    depth_of_discharge: 1.0
