cost_values:
  wind_capex: 5000.0
  wind_opex: 100
  wind_lifetime: 20
  solar_capex: 1000.0
  solar_opex: 10
  solar_lifetime: 20
  carbon_price: 1.0
timeseries_values:
  load_level: 244651.25050980353
  wind_year: 2015
  solar_year: 2010
  price_year: 2023
  carbon_year: 2023
storage_values:
  CAES:
    cost: 53.2613
    lifetime: 29.823
    annual_cost: 1.785913556650907
    efficiency: 0.589914
    discharge_ratio: 0.1
    depth_of_discharge: 0.4
  Li-ion:
    cost: 258.656
    lifetime: 14.5358
    annual_cost: 17.79441104032802
    efficiency: 0.945701
    discharge_ratio: 2
    depth_of_discharge: 0.9
  Pb-acid:
    cost: 177.832
    lifetime: 6.83875
    annual_cost: 26.003582526046426
    efficiency: 0.650892
    discharge_ratio: 5
    depth_of_discharge: 0.5
  VRBF:
    cost: 155.055
    lifetime: 12.8718
    annual_cost: 12.046100778445906
    efficiency: 0.686264
    discharge_ratio: 0.5
    depth_of_discharge: 1.0
