cost_values:
  wind_capex: 5000.0
  wind_opex: 100
  wind_lifetime: 20
  solar_capex: 1000.0
  solar_opex: 10
  solar_lifetime: 20
  carbon_price: 1.0
timeseries_values:
  load_level: 244651.25050980353
  wind_year: 2015
  solar_year: 2010
  price_year: 2023
  carbon_year: 2023
storage_values:
  CAES:
    cost: 46.8622
    lifetime: 29.4319
    annual_cost: 1.5922247629273
    efficiency: 0.587529
    discharge_ratio: 0.1
    depth_of_discharge: 0.4
  Li-ion:
    cost: 253.23
    lifetime: 17.0062
    annual_cost: 14.890451717608872
    efficiency: 0.942131
    discharge_ratio: 2
    depth_of_discharge: 0.9
  Pb-acid:
    cost: 162.727
    lifetime: 6.50009
    annual_cost: 25.034576444326156
    efficiency: 0.651101
    discharge_ratio: 5
    depth_of_discharge: 0.5
  VRBF:
    cost: 181.405
    lifetime: 13.3796
    annual_cost: 13.558327603216838
    efficiency: 0.701817
    discharge_ratio: 0.5
    depth_of_discharge: 1.0
