cost_values:
  wind_capex: 5000.0
  wind_opex: 100
  wind_lifetime: 20
  solar_capex: 1000.0
  solar_opex: 10
  solar_lifetime: 20
  carbon_price: 1.0
timeseries_values:
  load_level: 244651.25050980353
  wind_year: 2015
  solar_year: 2010
  price_year: 2023
  carbon_year: 2023
storage_values:
  CAES:
    cost: 47.0668
    lifetime: 29.9127
    annual_cost: 1.5734721372527387
    efficiency: 0.593685
    discharge_ratio: 0.1
    depth_of_discharge: 0.4
  Li-ion:
    cost: 237.649
    lifetime: 18.9531
    annual_cost: 12.53879312619044
    efficiency: 0.940417
    discharge_ratio: 2
    depth_of_discharge: 0.9
  Pb-acid:
    cost: 156.019
    lifetime: 6.27322
    annual_cost: 24.870640596057527
    efficiency: 0.650515
    discharge_ratio: 5
    depth_of_discharge: 0.5
  VRBF:
    cost: 188.738
    lifetime: 14.3459
    annual_cost: 13.156232791250462
    efficiency: 0.709654
    discharge_ratio: 0.5
    depth_of_discharge: 1.0
