cost_values:
  wind_capex: 5000.0
  wind_opex: 100
  wind_lifetime: 20
  solar_capex: 1000.0
  solar_opex: 10
  solar_lifetime: 20
  carbon_price: 1.0
timeseries_values:
  load_level: 244651.25050980353
  wind_year: 2015
  solar_year: 2010
  price_year: 2023
  carbon_year: 2023
storage_values:
  CAES:
    cost: 55.2569
    lifetime: 29.7563
    annual_cost: 1.856981546764887
    efficiency: 0.602709
    discharge_ratio: 0.1
    depth_of_discharge: 0.4
  Li-ion:
    cost: 237.264
    lifetime: 16.9881
    annual_cost: 13.966482420046976
    efficiency: 0.947589
    discharge_ratio: 2
    depth_of_discharge: 0.9
  Pb-acid:
    cost: 143.29
    lifetime: 8.46951
    annual_cost: 16.918334118502724
    efficiency: 0.663046
    discharge_ratio: 5
    depth_of_discharge: 0.5
  VRBF:
    cost: 148.929
    lifetime: 11.4733
    annual_cost: 12.980485126336799
    efficiency: 0.711047
    discharge_ratio: 0.5
    depth_of_discharge: 1.0
