cost_values:
  wind_capex: 5000.0
  wind_opex: 100
  wind_lifetime: 20
  solar_capex: 1000.0
  solar_opex: 10
  solar_lifetime: 20
  carbon_price: 1.0
timeseries_values:
  load_level: 244651.25050980353
  wind_year: 2015
  solar_year: 2010
  price_year: 2023
  carbon_year: 2023
storage_values:
  CAES:
    cost: 50.1973
    lifetime: 28.8798
    annual_cost: 1.7381456935297335
    efficiency: 0.580246
    discharge_ratio: 0.1
    depth_of_discharge: 0.4
  Li-ion:
    cost: 267.47
    lifetime: 17.7361
    annual_cost: 15.080541945523539
    efficiency: 0.949951
    discharge_ratio: 2
    depth_of_discharge: 0.9
  Pb-acid:
    cost: 171.814
    lifetime: 7.23574
    annual_cost: 23.74518708521865
    efficiency: 0.651218
    discharge_ratio: 5
    depth_of_discharge: 0.5
  VRBF:
    cost: 191.757
    lifetime: 12.4267
    annual_cost: 15.431047663498756
    efficiency: 0.680613
    discharge_ratio: 0.5
    depth_of_discharge: 1.0
