cost_values:
  wind_capex: 5000.0
  wind_opex: 100
  wind_lifetime: 20
  solar_capex: 1000.0
  solar_opex: 10
  solar_lifetime: 20
  carbon_price: 1.0
timeseries_values:
  load_level: 244651.25050980353
  wind_year: 2015
  solar_year: 2010
  price_year: 2023
  carbon_year: 2023
storage_values:
  CAES:
    cost: 59.0819
    lifetime: 29.8388
    annual_cost: 1.9800360604313847
    efficiency: 0.591573
    discharge_ratio: 0.1
    depth_of_discharge: 0.4
  Li-ion:
    cost: 252.632
    lifetime: 15.9374
    annual_cost: 15.85151906835494
    efficiency: 0.945207
    discharge_ratio: 2
    depth_of_discharge: 0.9
  Pb-acid:
    cost: 152.882
    lifetime: 7.76065
    annual_cost: 19.699638561202992
    efficiency: 0.656869
    discharge_ratio: 5
    depth_of_discharge: 0.5
  VRBF:
    cost: 179.924
    lifetime: 10.9906
    annual_cost: 16.370716794351537
    efficiency: 0.71657
    discharge_ratio: 0.5
    depth_of_discharge: 1.0
