cost_values:
  wind_capex: 5000.0
  wind_opex: 100
  wind_lifetime: 20
  solar_capex: 1000.0
  solar_opex: 10
  solar_lifetime: 20
  carbon_price: 1.0
timeseries_values:
  load_level: 244651.25050980353
  wind_year: 2015
  solar_year: 2010
  price_year: 2023
  carbon_year: 2023
storage_values:
  CAES:
    cost: 39.0166
    lifetime: 29.0778
    annual_cost: 1.3418002737483576
    efficiency: 0.600071
    discharge_ratio: 0.1
    depth_of_discharge: 0.4
  Li-ion:
    cost: 245.073
    lifetime: 16.7591
    annual_cost: 14.623279293040795
    efficiency: 0.946154
    discharge_ratio: 2
    depth_of_discharge: 0.9
  Pb-acid:
    cost: 168.247
    lifetime: 5.89834
    annual_cost: 28.524466205746027
    efficiency: 0.65269
    discharge_ratio: 5
    depth_of_discharge: 0.5
  VRBF:
    cost: 178.755
    lifetime: 13.254
    annual_cost: 13.486871887732006
    efficiency: 0.691485
    discharge_ratio: 0.5
    depth_of_discharge: 1.0
