cost_values:
  wind_capex: 5000.0
  wind_opex: 100
  wind_lifetime: 20
  solar_capex: 1000.0
  solar_opex: 10
  solar_lifetime: 20
  carbon_price: 1.0
timeseries_values:
  load_level: 244651.25050980353
  wind_year: 2015
  solar_year: 2010
  price_year: 2023
  carbon_year: 2023
storage_values:
  CAES:
    cost: 41.7729
    lifetime: 29.4829
    annual_cost: 1.4168518022311238
    efficiency: 0.58771
    discharge_ratio: 0.1
    depth_of_discharge: 0.4
  Li-ion:
    cost: 260.666
    lifetime: 18.5653
    annual_cost: 14.040494901779125
    efficiency: 0.948552
    discharge_ratio: 2
    depth_of_discharge: 0.9
  Pb-acid:
    cost: 163.828
    lifetime: 6.38384
    annual_cost: 25.66292388280408
    efficiency: 0.660237
    discharge_ratio: 5
    depth_of_discharge: 0.5
  VRBF:
    cost: 163.494
    lifetime: 10.6331
    annual_cost: 15.375948688529215
    efficiency: 0.699158
    discharge_ratio: 0.5
    depth_of_discharge: 1.0
