cost_values:
  wind_capex: 5000.0
  wind_opex: 100
  wind_lifetime: 20
  solar_capex: 1000.0
  solar_opex: 10
  solar_lifetime: 20
  carbon_price: 1.0
timeseries_values:
  load_level: 244651.25050980353
  wind_year: 2015
  solar_year: 2010
  price_year: 2023
  carbon_year: 2023
storage_values:
  CAES:
    cost: 52.4281
    lifetime: 28.5644
    annual_cost: 1.8354350170141855
    efficiency: 0.592261
    discharge_ratio: 0.1
    depth_of_discharge: 0.4
  Li-ion:
    cost: 249.303
    lifetime: 17.0148
    annual_cost: 14.652126384089145
    efficiency: 0.94306
    discharge_ratio: 2
    depth_of_discharge: 0.9
  Pb-acid:
    cost: 141.341
    lifetime: 7.04763
    annual_cost: 20.05511072516577
    efficiency: 0.650351
    discharge_ratio: 5
    depth_of_discharge: 0.5
  VRBF:
    cost: 156.114
    lifetime: 13.6745
    annual_cost: 11.416432045047351
    efficiency: 0.680191
    discharge_ratio: 0.5
    depth_of_discharge: 1.0
