cost_values:
  wind_capex: 5000.0
  wind_opex: 100
  wind_lifetime: 20
  solar_capex: 1000.0
  solar_opex: 10
  solar_lifetime: 20
  carbon_price: 1.0
timeseries_values:
  load_level: 244651.25050980353
  wind_year: 2015
  solar_year: 2010
  price_year: 2023
  carbon_year: 2023
storage_values:
  CAES:
    cost: 49.5991
    lifetime: 28.7318
    annual_cost: 1.7262788965536444
    efficiency: 0.589533
    discharge_ratio: 0.1
    depth_of_discharge: 0.4
  Li-ion:
    cost: 241.643
    lifetime: 16.6234
    annual_cost: 14.536316277055235
    efficiency: 0.954198
    discharge_ratio: 2
    depth_of_discharge: 0.9
  Pb-acid:
    cost: 190.881
    lifetime: 9.06781
    annual_cost: 21.05039695361945
    efficiency: 0.654334
    discharge_ratio: 5
    depth_of_discharge: 0.5
  VRBF:
    cost: 170.564
    lifetime: 12.6541
    annual_cost: 13.47895148607961
    efficiency: 0.689848
    discharge_ratio: 0.5
    depth_of_discharge: 1.0
