cost_values:
  wind_capex: 5000.0
  wind_opex: 100
  wind_lifetime: 20
  solar_capex: 1000.0
  solar_opex: 10
  solar_lifetime: 20
  carbon_price: 1.0
timeseries_values:
  load_level: 244651.25050980353
  wind_year: 2015
  solar_year: 2010
  price_year: 2023
  carbon_year: 2023
storage_values:
  CAES:
    cost: 44.7907
    lifetime: 29.5248
    annual_cost: 1.5170534601419825
    efficiency: 0.592018
    discharge_ratio: 0.1
    depth_of_discharge: 0.4
  Li-ion:
    cost: 247.856
    lifetime: 14.6761
    annual_cost: 16.88841040875982
    efficiency: 0.940987
    discharge_ratio: 2
    depth_of_discharge: 0.9
  Pb-acid:
    cost: 169.273
    lifetime: 7.42121
    annual_cost: 22.80935319173019
    efficiency: 0.654604
    discharge_ratio: 5
    depth_of_discharge: 0.5
  VRBF:
    cost: 145.535
    lifetime: 12.1634
    annual_cost: 11.964993340677772
    efficiency: 0.710851
    discharge_ratio: 0.5
    depth_of_discharge: 1.0
