cost_values:
  wind_capex: 5000.0
  wind_opex: 100
  wind_lifetime: 20
  solar_capex: 1000.0
  solar_opex: 10
  solar_lifetime: 20
  carbon_price: 1.0
timeseries_values:
  load_level: 244651.25050980353
  wind_year: 2015
  solar_year: 2010
  price_year: 2023
  carbon_year: 2023
storage_values:
  CAES:
    cost: 52.5482
    lifetime: 29.299
    annual_cost: 1.7935151370353937
    efficiency: 0.602259
    discharge_ratio: 0.1
    depth_of_discharge: 0.4
  Li-ion:
    cost: 259.15
    lifetime: 16.5694
    annual_cost: 15.640276654555986
    efficiency: 0.946035
    discharge_ratio: 2
    depth_of_discharge: 0.9
  Pb-acid:
    cost: 181.193
    lifetime: 7.05931
    annual_cost: 25.667239432749096
    efficiency: 0.653677
    discharge_ratio: 5
    depth_of_discharge: 0.5
  VRBF:
    cost: 217.533
    lifetime: 12.7355
    annual_cost: 17.08083703034824
    efficiency: 0.679785
    discharge_ratio: 0.5
    depth_of_discharge: 1.0
