cost_values:
  wind_capex: 5000.0
  wind_opex: 100
  wind_lifetime: 20
  solar_capex: 1000.0
  solar_opex: 10
  solar_lifetime: 20
  carbon_price: 1.0
timeseries_values:
  load_level: 244651.25050980353
  wind_year: 2015
  solar_year: 2010
  price_year: 2023
  carbon_year: 2023
storage_values:
  CAES:
    cost: 54.2644
    lifetime: 28.9001
    annual_cost: 1.877654402579922
    efficiency: 0.590928
    discharge_ratio: 0.1
    depth_of_discharge: 0.4
  Li-ion:
    cost: 250.727
    lifetime: 18.999
    annual_cost: 13.19685246591926
    efficiency: 0.949108
    discharge_ratio: 2
    depth_of_discharge: 0.9
  Pb-acid:
    cost: 170.043
    lifetime: 7.85248
    annual_cost: 21.65468743632585
    efficiency: 0.662518
    discharge_ratio: 5
    depth_of_discharge: 0.5
  VRBF:
    cost: 152.572
    lifetime: 12.7873
    annual_cost: 11.931525810765368
    efficiency: 0.713641
    discharge_ratio: 0.5
    depth_of_discharge: 1.0
