cost_values:
  wind_capex: 5000.0
  wind_opex: 100
  wind_lifetime: 20
  solar_capex: 1000.0
  solar_opex: 10
  solar_lifetime: 20
  carbon_price: 1.0
timeseries_values:
  load_level: 244651.25050980353
  wind_year: 2015
  solar_year: 2010
  price_year: 2023
  carbon_year: 2023
storage_values:
  CAES:
    cost: 54.5264
    lifetime: 29.0557
    annual_cost: 1.8766162921561003
    efficiency: 0.580292
    discharge_ratio: 0.1
    depth_of_discharge: 0.4
  Li-ion:
    cost: 232.137
    lifetime: 17.1949
    annual_cost: 13.500340217157413
    efficiency: 0.954296
    discharge_ratio: 2
    depth_of_discharge: 0.9
  Pb-acid:
    cost: 172.835
    lifetime: 7.57415
    annual_cost: 22.819062204999902
    efficiency: 0.657192
    discharge_ratio: 5
    depth_of_discharge: 0.5
  VRBF:
    cost: 185.382
    lifetime: 12.2448
    annual_cost: 15.139651117208938
    efficiency: 0.687512
    discharge_ratio: 0.5
    depth_of_discharge: 1.0
