cost_values:
  wind_capex: 5000.0
  wind_opex: 100
  wind_lifetime: 20
  solar_capex: 1000.0
  solar_opex: 10
  solar_lifetime: 20
  carbon_price: 1.0
timeseries_values:
  load_level: 244651.25050980353
  wind_year: 2015
  solar_year: 2010
  price_year: 2023
  carbon_year: 2023
storage_values:
  CAES:
    cost: 57.1148
    lifetime: 29.7077
    annual_cost: 1.9225587978874166
    efficiency: 0.595394
    discharge_ratio: 0.1
    depth_of_discharge: 0.4
  Li-ion:
    cost: 267.964
    lifetime: 17.5204
    annual_cost: 15.294399671240384
    efficiency: 0.940678
    discharge_ratio: 2
    depth_of_discharge: 0.9
  Pb-acid:
    cost: 137.635
    lifetime: 9.10687
    annual_cost: 15.113315551885552
    efficiency: 0.659133
    discharge_ratio: 5
    depth_of_discharge: 0.5
  VRBF:
    cost: 149.029
    lifetime: 13.8143
    annual_cost: 10.788024004111682
    efficiency: 0.692932
    discharge_ratio: 0.5
    depth_of_discharge: 1.0
