cost_values:
  wind_capex: 5000.0
  wind_opex: 100
  wind_lifetime: 20
  solar_capex: 1000.0
  solar_opex: 10
  solar_lifetime: 20
  carbon_price: 1.0
timeseries_values:
  load_level: 244651.25050980353
  wind_year: 2015
  solar_year: 2010
  price_year: 2023
  carbon_year: 2023
storage_values:
  CAES:
    cost: 52.6509
    lifetime: 29.1571
    annual_cost: 1.80576600553553
    efficiency: 0.59344
    discharge_ratio: 0.1
    depth_of_discharge: 0.4
  Li-ion:
    cost: 236.8
    lifetime: 19.182
    annual_cost: 12.344906683348974
    efficiency: 0.950259
    discharge_ratio: 2
    depth_of_discharge: 0.9
  Pb-acid:
    cost: 165.805
    lifetime: 6.3136
    annual_cost: 26.26156234161176
    efficiency: 0.650447
    discharge_ratio: 5
    depth_of_discharge: 0.5
  VRBF:
    cost: 224.438
    lifetime: 12.7651
    annual_cost: 17.58215760158557
    efficiency: 0.696644
    discharge_ratio: 0.5
    depth_of_discharge: 1.0
