cost_values:
  wind_capex: 5000.0
  wind_opex: 100
  wind_lifetime: 20
  solar_capex: 1000.0
  solar_opex: 10
  solar_lifetime: 20
  carbon_price: 1.0
timeseries_values:
  load_level: 244651.25050980353
  wind_year: 2015
  solar_year: 2010
  price_year: 2023
  carbon_year: 2023
storage_values:
  CAES:
    cost: 54.1394
    lifetime: 29.1297
    annual_cost: 1.8585635966041532
    efficiency: 0.594488
    discharge_ratio: 0.1
    depth_of_discharge: 0.4
  Li-ion:
    cost: 252.725
    lifetime: 17.6712
    annual_cost: 14.301518855538957
    efficiency: 0.959967
    discharge_ratio: 2
    depth_of_discharge: 0.9
  Pb-acid:
    cost: 173.244
    lifetime: 5.67716
    annual_cost: 30.51596220645534
    efficiency: 0.659737
    discharge_ratio: 5
    depth_of_discharge: 0.5
  VRBF:
    cost: 169.518
    lifetime: 11.8743
    annual_cost: 14.276041535079964
    efficiency: 0.684291
    discharge_ratio: 0.5
    depth_of_discharge: 1.0
