cost_values:
  wind_capex: 5000.0
  wind_opex: 100
  wind_lifetime: 20
  solar_capex: 1000.0
  solar_opex: 10
  solar_lifetime: 20
  carbon_price: 1.0
timeseries_values:
  load_level: 244651.25050980353
  wind_year: 2015
  solar_year: 2010
  price_year: 2023
  carbon_year: 2023
storage_values:
  CAES:
    cost: 50.9264
    lifetime: 27.6052
    annual_cost: 1.8448118470433108
    efficiency: 0.592001
    discharge_ratio: 0.1
    depth_of_discharge: 0.4
  Li-ion:
    cost: 248.632
    lifetime: 17.2493
    annual_cost: 14.414034192691876
    efficiency: 0.947869
    discharge_ratio: 2
    depth_of_discharge: 0.9
  Pb-acid:
    cost: 177.672
    lifetime: 7.51683
    annual_cost: 23.636559560346583
    efficiency: 0.65005
    discharge_ratio: 5
    depth_of_discharge: 0.5
  VRBF:
    cost: 183.668
    lifetime: 12.3901
    annual_cost: 14.823770591036393
    efficiency: 0.687963
    discharge_ratio: 0.5
    depth_of_discharge: 1.0
