cost_values:
  wind_capex: 5000.0
  wind_opex: 100
  wind_lifetime: 20
  solar_capex: 1000.0
  solar_opex: 10
  solar_lifetime: 20
  carbon_price: 1.0
timeseries_values:
  load_level: 244651.25050980353
  wind_year: 2015
  solar_year: 2010
  price_year: 2023
  carbon_year: 2023
storage_values:
  CAES:
    cost: 55.0052
    lifetime: 29.4288
    annual_cost: 1.8690942206274128
    efficiency: 0.596776
    discharge_ratio: 0.1
    depth_of_discharge: 0.4
  Li-ion:
    cost: 264.754
    lifetime: 16.0373
    annual_cost: 16.508639234783914
    efficiency: 0.958288
    discharge_ratio: 2
    depth_of_discharge: 0.9
  Pb-acid:
    cost: 130.485
    lifetime: 6.4129
    annual_cost: 20.34726878635251
    efficiency: 0.652817
    discharge_ratio: 5
    depth_of_discharge: 0.5
  VRBF:
    cost: 200.02
    lifetime: 12.6603
    annual_cost: 15.798993704730536
    efficiency: 0.689261
    discharge_ratio: 0.5
    depth_of_discharge: 1.0
