cost_values:
  wind_capex: 5000.0
  wind_opex: 100
  wind_lifetime: 20
  solar_capex: 1000.0
  solar_opex: 10
  solar_lifetime: 20
  carbon_price: 1.0
timeseries_values:
  load_level: 244651.25050980353
  wind_year: 2015
  solar_year: 2010
  price_year: 2023
  carbon_year: 2023
storage_values:
  CAES:
    cost: 57.9046
    lifetime: 29.9552
    annual_cost: 1.9330400064095716
    efficiency: 0.594697
    discharge_ratio: 0.1
    depth_of_discharge: 0.4
  Li-ion:
    cost: 238.897
    lifetime: 19.4428
    annual_cost: 12.287170572139816
    efficiency: 0.949917
    discharge_ratio: 2
    depth_of_discharge: 0.9
  Pb-acid:
    cost: 156.47
    lifetime: 5.67135
    annual_cost: 27.589550988741657
    efficiency: 0.657527
    discharge_ratio: 5
    depth_of_discharge: 0.5
  VRBF:
    cost: 157.006
    lifetime: 12.2264
    annual_cost: 12.841555977229602
    efficiency: 0.676804
    discharge_ratio: 0.5
    depth_of_discharge: 1.0
