cost_values:
  wind_capex: 5000.0
  wind_opex: 100
  wind_lifetime: 20
  solar_capex: 1000.0
  solar_opex: 10
  solar_lifetime: 20
  carbon_price: 1.0
timeseries_values:
  load_level: 244651.25050980353
  wind_year: 2015
  solar_year: 2010
  price_year: 2023
  carbon_year: 2023
storage_values:
  CAES:
    cost: 46.1185
    lifetime: 28.9955
    annual_cost: 1.5905399113655567
    efficiency: 0.582757
    discharge_ratio: 0.1
    depth_of_discharge: 0.4
  Li-ion:
    cost: 250.098
    lifetime: 16.8444
    annual_cost: 14.84754577188858
    efficiency: 0.939536
    discharge_ratio: 2
    depth_of_discharge: 0.9
  Pb-acid:
    cost: 175.029
    lifetime: 11.068
    annual_cost: 15.813968196602818
    efficiency: 0.650113
    discharge_ratio: 5
    depth_of_discharge: 0.5
  VRBF:
    cost: 184.35
    lifetime: 10.9331
    annual_cost: 16.8616403398853
    efficiency: 0.709545
    discharge_ratio: 0.5
    depth_of_discharge: 1.0
