cost_values:
  wind_capex: 5000.0
  wind_opex: 100
  wind_lifetime: 20
  solar_capex: 1000.0
  solar_opex: 10
  solar_lifetime: 20
  carbon_price: 1.0
timeseries_values:
  load_level: 244651.25050980353
  wind_year: 2015
  solar_year: 2010
  price_year: 2023
  carbon_year: 2023
storage_values:
  CAES:
    cost: 54.0005
    lifetime: 29.3985
    annual_cost: 1.836845417283195
    efficiency: 0.586359
    discharge_ratio: 0.1
    depth_of_discharge: 0.4
  Li-ion:
    cost: 229.097
    lifetime: 16.6865
    annual_cost: 13.729481916519344
    efficiency: 0.945684
    discharge_ratio: 2
    depth_of_discharge: 0.9
  Pb-acid:
    cost: 188.527
    lifetime: 7.75075
    annual_cost: 24.323710608650774
    efficiency: 0.654393
    discharge_ratio: 5
    depth_of_discharge: 0.5
  VRBF:
    cost: 201.882
    lifetime: 13.4013
    annual_cost: 15.064359427816704
    efficiency: 0.694992
    discharge_ratio: 0.5
    depth_of_discharge: 1.0
