cost_values:
  wind_capex: 5000.0
  wind_opex: 100
  wind_lifetime: 20
  solar_capex: 1000.0
  solar_opex: 10
  solar_lifetime: 20
  carbon_price: 1.0
timeseries_values:
  load_level: 244651.25050980353
  wind_year: 2015
  solar_year: 2010
  price_year: 2023
  carbon_year: 2023
storage_values:
  CAES:
    cost: 54.7618
    lifetime: 28.2629
    annual_cost: 1.9375860226657564
    efficiency: 0.593085
    discharge_ratio: 0.1
    depth_of_discharge: 0.4
  Li-ion:
    cost: 241.105
    lifetime: 18.1159
    annual_cost: 13.309026876942355
    efficiency: 0.948269
    discharge_ratio: 2
    depth_of_discharge: 0.9
  Pb-acid:
    cost: 138.982
    lifetime: 8.0348
    annual_cost: 17.297505849554437
    efficiency: 0.651448
    discharge_ratio: 5
    depth_of_discharge: 0.5
  VRBF:
    cost: 176.202
    lifetime: 13.5395
    annual_cost: 13.013922227556408
    efficiency: 0.698721
    discharge_ratio: 0.5
    depth_of_discharge: 1.0
