cost_values:
  wind_capex: 5000.0
  wind_opex: 100
  wind_lifetime: 20
  solar_capex: 1000.0
  solar_opex: 10
  solar_lifetime: 20
  carbon_price: 1.0
timeseries_values:
  load_level: 244651.25050980353
  wind_year: 2015
  solar_year: 2010
  price_year: 2023
  carbon_year: 2023
storage_values:
  CAES:
    cost: 49.4687
    lifetime: 29.4294
    annual_cost: 1.6809279156217931
    efficiency: 0.583176
    discharge_ratio: 0.1
    depth_of_discharge: 0.4
  Li-ion:
    cost: 245.741
    lifetime: 16.9755
    annual_cost: 14.476215722659127
    efficiency: 0.954222
    discharge_ratio: 2
    depth_of_discharge: 0.9
  Pb-acid:
    cost: 165.754
    lifetime: 6.34486
    annual_cost: 26.124138278858794
    efficiency: 0.654811
    discharge_ratio: 5
    depth_of_discharge: 0.5
  VRBF:
    cost: 185.787
    lifetime: 16.0121
    annual_cost: 11.60291279719712
    efficiency: 0.707621
    discharge_ratio: 0.5
    depth_of_discharge: 1.0
