cost_values:
  wind_capex: 5000.0
  wind_opex: 100
  wind_lifetime: 20
  solar_capex: 1000.0
  solar_opex: 10
  solar_lifetime: 20
  carbon_price: 1.0
timeseries_values:
  load_level: 244651.25050980353
  wind_year: 2015
  solar_year: 2010
  price_year: 2023
  carbon_year: 2023
storage_values:
  CAES:
    cost: 44.3908
    lifetime: 29.9197
    annual_cost: 1.483664608936587
    efficiency: 0.588168
    discharge_ratio: 0.1
    depth_of_discharge: 0.4
  Li-ion:
    cost: 252.038
    lifetime: 16.7469
    annual_cost: 15.04983011781285
    efficiency: 0.93715
    discharge_ratio: 2
    depth_of_discharge: 0.9
  Pb-acid:
    cost: 177.276
    lifetime: 7.64149
    annual_cost: 23.199140481764683
    efficiency: 0.667727
    discharge_ratio: 5
    depth_of_discharge: 0.5
  VRBF:
    cost: 173.491
    lifetime: 10.9202
    annual_cost: 15.887163238768522
    efficiency: 0.695587
    discharge_ratio: 0.5
    depth_of_discharge: 1.0
