cost_values:
  wind_capex: 5000.0
  wind_opex: 100
  wind_lifetime: 20
  solar_capex: 1000.0
  solar_opex: 10
  solar_lifetime: 20
  carbon_price: 1.0
timeseries_values:
  load_level: 244651.25050980353
  wind_year: 2015
  solar_year: 2010
  price_year: 2023
  carbon_year: 2023
storage_values:
  CAES:
    cost: 41.3576
    lifetime: 29.5083
    annual_cost: 1.4015582056573914
    efficiency: 0.593544
    discharge_ratio: 0.1
    depth_of_discharge: 0.4
  Li-ion:
    cost: 245.255
    lifetime: 18.1804
    annual_cost: 13.490077226023631
    efficiency: 0.93573
    discharge_ratio: 2
    depth_of_discharge: 0.9
  Pb-acid:
    cost: 161.159
    lifetime: 7.11065
    annual_cost: 22.664454023190565
    efficiency: 0.661832
    discharge_ratio: 5
    depth_of_discharge: 0.5
  VRBF:
    cost: 180.258
    lifetime: 13.0945
    annual_cost: 13.765932261636566
    efficiency: 0.705657
    discharge_ratio: 0.5
    depth_of_discharge: 1.0
