cost_values:
  wind_capex: 5000.0
  wind_opex: 100
  wind_lifetime: 20
  solar_capex: 1000.0
  solar_opex: 10
  solar_lifetime: 20
  carbon_price: 1.0
timeseries_values:
  load_level: 244651.25050980353
  wind_year: 2015
  solar_year: 2010
  price_year: 2023
  carbon_year: 2023
storage_values:
  CAES:
    cost: 59.4595
    lifetime: 29.8216
    annual_cost: 1.9938400354105748
    efficiency: 0.593613
    discharge_ratio: 0.1
    depth_of_discharge: 0.4
  Li-ion:
    cost: 249.974
    lifetime: 15.6006
    annual_cost: 16.023358075971437
    efficiency: 0.95529
    discharge_ratio: 2
    depth_of_discharge: 0.9
  Pb-acid:
    cost: 154.633
    lifetime: 7.20386
    annual_cost: 21.46529777091726
    efficiency: 0.660094
    discharge_ratio: 5
    depth_of_discharge: 0.5
  VRBF:
    cost: 184.631
    lifetime: 13.3931
    annual_cost: 13.785531355698083
    efficiency: 0.714639
    discharge_ratio: 0.5
    depth_of_discharge: 1.0
