cost_values:
  wind_capex: 5000.0
  wind_opex: 100
  wind_lifetime: 20
  solar_capex: 1000.0
  solar_opex: 10
  solar_lifetime: 20
  carbon_price: 1.0
timeseries_values:
  load_level: 244651.25050980353
  wind_year: 2015
  solar_year: 2010
  price_year: 2023
  carbon_year: 2023
storage_values:
  CAES:
    cost: 50.1562
    lifetime: 29.9569
    annual_cost: 1.6742787137520905
    efficiency: 0.586392
    discharge_ratio: 0.1
    depth_of_discharge: 0.4
  Li-ion:
    cost: 239.262
    lifetime: 17.6613
    annual_cost: 13.547247371371302
    efficiency: 0.948472
    discharge_ratio: 2
    depth_of_discharge: 0.9
  Pb-acid:
    cost: 163.795
    lifetime: 7.08091
    annual_cost: 23.131913835933513
    efficiency: 0.666534
    discharge_ratio: 5
    depth_of_discharge: 0.5
  VRBF:
    cost: 168.593
    lifetime: 12.273
    annual_cost: 13.736902142915342
    efficiency: 0.700178
    discharge_ratio: 0.5
    depth_of_discharge: 1.0
