cost_values:
  wind_capex: 5000.0
  wind_opex: 100
  wind_lifetime: 20
  solar_capex: 1000.0
  solar_opex: 10
  solar_lifetime: 20
  carbon_price: 1.0
timeseries_values:
  load_level: 244651.25050980353
  wind_year: 2015
  solar_year: 2010
  price_year: 2023
  carbon_year: 2023
storage_values:
  CAES:
    cost: 47.9166
    lifetime: 29.9672
    annual_cost: 1.5989682052377268
    efficiency: 0.591352
    discharge_ratio: 0.1
    depth_of_discharge: 0.4
  Li-ion:
    cost: 240.183
    lifetime: 18.1593
    annual_cost: 13.226445953313176
    efficiency: 0.943522
    discharge_ratio: 2
    depth_of_discharge: 0.9
  Pb-acid:
    cost: 156.579
    lifetime: 8.00465
    annual_cost: 19.56100516574741
    efficiency: 0.657541
    discharge_ratio: 5
    depth_of_discharge: 0.5
  VRBF:
    cost: 191.409
    lifetime: 12.5077
    annual_cost: 15.303293171406413
    efficiency: 0.7127
    discharge_ratio: 0.5
    depth_of_discharge: 1.0
