cost_values:
  wind_capex: 5000.0
  wind_opex: 100
  wind_lifetime: 20
  solar_capex: 1000.0
  solar_opex: 10
  solar_lifetime: 20
  carbon_price: 1.0
timeseries_values:
  load_level: 244651.25050980353
  wind_year: 2015
  solar_year: 2010
  price_year: 2023
  carbon_year: 2023
storage_values:
  CAES:
    cost: 49.7772
    lifetime: 29.6492
    annual_cost: 1.6788716053046961
    efficiency: 0.593565
    discharge_ratio: 0.1
    depth_of_discharge: 0.4
  Li-ion:
    cost: 270.249
    lifetime: 18.4424
    annual_cost: 14.653678480024293
    efficiency: 0.954401
    discharge_ratio: 2
    depth_of_discharge: 0.9
  Pb-acid:
    cost: 168.016
    lifetime: 6.62313
    annual_cost: 25.368066156031965
    efficiency: 0.66385
    discharge_ratio: 5
    depth_of_discharge: 0.5
  VRBF:
    cost: 180.35
    lifetime: 14.8335
    annual_cost: 12.15829035628813
    efficiency: 0.697034
    discharge_ratio: 0.5
    depth_of_discharge: 1.0
