cost_values:
  wind_capex: 5000.0
  wind_opex: 100
  wind_lifetime: 20
  solar_capex: 1000.0
  solar_opex: 10
  solar_lifetime: 20
  carbon_price: 1.0
timeseries_values:
  load_level: 244651.25050980353
  wind_year: 2015
  solar_year: 2010
  price_year: 2023
  carbon_year: 2023
storage_values:
  CAES:
    cost: 46.0736
    lifetime: 28.1901
    annual_cost: 1.6343893778312244
    efficiency: 0.590674
    discharge_ratio: 0.1
    depth_of_discharge: 0.4
  Li-ion:
    cost: 235.878
    lifetime: 19.6076
    annual_cost: 12.02992717109692
    efficiency: 0.962814
    discharge_ratio: 2
    depth_of_discharge: 0.9
  Pb-acid:
    cost: 162.97
    lifetime: 7.89141
    annual_cost: 20.651569237943537
    efficiency: 0.652594
    discharge_ratio: 5
    depth_of_discharge: 0.5
  VRBF:
    cost: 181.197
    lifetime: 14.7704
    annual_cost: 12.267575691924389
    efficiency: 0.698701
    discharge_ratio: 0.5
    depth_of_discharge: 1.0
