cost_values:
  wind_capex: 5000.0
  wind_opex: 100
  wind_lifetime: 20
  solar_capex: 1000.0
  solar_opex: 10
  solar_lifetime: 20
  carbon_price: 1.0
timeseries_values:
  load_level: 244651.25050980353
  wind_year: 2015
  solar_year: 2010
  price_year: 2023
  carbon_year: 2023
storage_values:
  CAES:
    cost: 60.8213
    lifetime: 29.6239
    annual_cost: 2.0531158962864446
    efficiency: 0.592866
    discharge_ratio: 0.1
    depth_of_discharge: 0.4
  Li-ion:
    cost: 245.91
    lifetime: 16.6357
    annual_cost: 14.782065076912904
    efficiency: 0.955001
    discharge_ratio: 2
    depth_of_discharge: 0.9
  Pb-acid:
    cost: 163.136
    lifetime: 7.88419
    annual_cost: 20.69153584578758
    efficiency: 0.656989
    discharge_ratio: 5
    depth_of_discharge: 0.5
  VRBF:
    cost: 180.165
    lifetime: 10.8926
    annual_cost: 16.540128160402475
    efficiency: 0.70747
    discharge_ratio: 0.5
    depth_of_discharge: 1.0
