cost_values:
  wind_capex: 5000.0
  wind_opex: 100
  wind_lifetime: 20
  solar_capex: 1000.0
  solar_opex: 10
  solar_lifetime: 20
  carbon_price: 1.0
timeseries_values:
  load_level: 244651.25050980353
  wind_year: 2015
  solar_year: 2010
  price_year: 2023
  carbon_year: 2023
storage_values:
  CAES:
    cost: 54.8797
    lifetime: 29.8785
    annual_cost: 1.8367622203256522
    efficiency: 0.595276
    discharge_ratio: 0.1
    depth_of_discharge: 0.4
  Li-ion:
    cost: 268.318
    lifetime: 17.0303
    annual_cost: 15.755330205574769
    efficiency: 0.958022
    discharge_ratio: 2
    depth_of_discharge: 0.9
  Pb-acid:
    cost: 150.12
    lifetime: 7.61591
    annual_cost: 19.71136738748226
    efficiency: 0.652254
    discharge_ratio: 5
    depth_of_discharge: 0.5
  VRBF:
    cost: 187.962
    lifetime: 13.2824
    annual_cost: 14.151207613081972
    efficiency: 0.683392
    discharge_ratio: 0.5
    depth_of_discharge: 1.0
