cost_values:
  wind_capex: 5000.0
  wind_opex: 100
  wind_lifetime: 20
  solar_capex: 1000.0
  solar_opex: 10
  solar_lifetime: 20
  carbon_price: 1.0
timeseries_values:
  load_level: 244651.25050980353
  wind_year: 2015
  solar_year: 2010
  price_year: 2023
  carbon_year: 2023
storage_values:
  CAES:
    cost: 57.658
    lifetime: 29.6845
    annual_cost: 1.942360491165423
    efficiency: 0.594897
    discharge_ratio: 0.1
    depth_of_discharge: 0.4
  Li-ion:
    cost: 266.333
    lifetime: 19.9848
    annual_cost: 13.326778351547178
    efficiency: 0.950119
    discharge_ratio: 2
    depth_of_discharge: 0.9
  Pb-acid:
    cost: 147.503
    lifetime: 6.40373
    annual_cost: 23.033919293911513
    efficiency: 0.663972
    discharge_ratio: 5
    depth_of_discharge: 0.5
  VRBF:
    cost: 172.215
    lifetime: 13.7771
    annual_cost: 12.500090730269795
    efficiency: 0.705612
    discharge_ratio: 0.5
    depth_of_discharge: 1.0
