cost_values:
  wind_capex: 5000.0
  wind_opex: 100
  wind_lifetime: 20
  solar_capex: 1000.0
  solar_opex: 10
  solar_lifetime: 20
  carbon_price: 1.0
timeseries_values:
  load_level: 244651.25050980353
  wind_year: 2015
  solar_year: 2010
  price_year: 2023
  carbon_year: 2023
storage_values:
  CAES:
    cost: 53.7774
    lifetime: 29.3226
    annual_cost: 1.8339915287184627
    efficiency: 0.587744
    discharge_ratio: 0.1
    depth_of_discharge: 0.4
  Li-ion:
    cost: 233.379
    lifetime: 19.6548
    annual_cost: 11.873893400085473
    efficiency: 0.952427
    discharge_ratio: 2
    depth_of_discharge: 0.9
  Pb-acid:
    cost: 159.167
    lifetime: 7.83979
    annual_cost: 20.302457081120796
    efficiency: 0.658024
    discharge_ratio: 5
    depth_of_discharge: 0.5
  VRBF:
    cost: 171.395
    lifetime: 12.6552
    annual_cost: 13.543444591946393
    efficiency: 0.708822
    discharge_ratio: 0.5
    depth_of_discharge: 1.0
