cost_values:
  wind_capex: 5000.0
  wind_opex: 100
  wind_lifetime: 20
  solar_capex: 1000.0
  solar_opex: 10
  solar_lifetime: 20
  carbon_price: 1.0
timeseries_values:
  load_level: 244651.25050980353
  wind_year: 2015
  solar_year: 2010
  price_year: 2023
  carbon_year: 2023
storage_values:
  CAES:
    cost: 50.4548
    lifetime: 29.483
    annual_cost: 1.711318386867008
    efficiency: 0.601292
    discharge_ratio: 0.1
    depth_of_discharge: 0.4
  Li-ion:
    cost: 241.841
    lifetime: 17.3241
    annual_cost: 13.959801663578482
    efficiency: 0.962022
    discharge_ratio: 2
    depth_of_discharge: 0.9
  Pb-acid:
    cost: 163.116
    lifetime: 7.97481
    annual_cost: 20.4539042309472
    efficiency: 0.650092
    discharge_ratio: 5
    depth_of_discharge: 0.5
  VRBF:
    cost: 186.935
    lifetime: 14.0575
    annual_cost: 13.297883691979372
    efficiency: 0.699542
    discharge_ratio: 0.5
    depth_of_discharge: 1.0
