cost_values:
  wind_capex: 5000.0
  wind_opex: 100
  wind_lifetime: 20
  solar_capex: 1000.0
  solar_opex: 10
  solar_lifetime: 20
  carbon_price: 1.0
timeseries_values:
  load_level: 244651.25050980353
  wind_year: 2015
  solar_year: 2010
  price_year: 2023
  carbon_year: 2023
storage_values:
  CAES:
    cost: 48.5849
    lifetime: 29.5079
    annual_cost: 1.6465048342986115
    efficiency: 0.587141
    discharge_ratio: 0.1
    depth_of_discharge: 0.4
  Li-ion:
    cost: 248.312
    lifetime: 18.0221
    annual_cost: 13.778194550024693
    efficiency: 0.936958
    discharge_ratio: 2
    depth_of_discharge: 0.9
  Pb-acid:
    cost: 148.125
    lifetime: 6.88943
    annual_cost: 21.50032731299977
    efficiency: 0.656521
    discharge_ratio: 5
    depth_of_discharge: 0.5
  VRBF:
    cost: 166.389
    lifetime: 12.5143
    annual_cost: 13.29590947955539
    efficiency: 0.680772
    discharge_ratio: 0.5
    depth_of_discharge: 1.0
