cost_values:
  wind_capex: 5000.0
  wind_opex: 100
  wind_lifetime: 20
  solar_capex: 1000.0
  solar_opex: 10
  solar_lifetime: 20
  carbon_price: 1.0
timeseries_values:
  load_level: 244651.25050980353
  wind_year: 2015
  solar_year: 2010
  price_year: 2023
  carbon_year: 2023
storage_values:
  CAES:
    cost: 56.9238
    lifetime: 28.7878
    annual_cost: 1.9773584643494813
    efficiency: 0.593527
    discharge_ratio: 0.1
    depth_of_discharge: 0.4
  Li-ion:
    cost: 248.827
    lifetime: 15.7116
    annual_cost: 15.837152167825046
    efficiency: 0.931209
    discharge_ratio: 2
    depth_of_discharge: 0.9
  Pb-acid:
    cost: 153.869
    lifetime: 7.63114
    annual_cost: 20.16330456524189
    efficiency: 0.657225
    discharge_ratio: 5
    depth_of_discharge: 0.5
  VRBF:
    cost: 169.759
    lifetime: 11.7929
    annual_cost: 14.395017340942431
    efficiency: 0.694892
    discharge_ratio: 0.5
    depth_of_discharge: 1.0
