cost_values:
  wind_capex: 5000.0
  wind_opex: 100
  wind_lifetime: 20
  solar_capex: 1000.0
  solar_opex: 10
  solar_lifetime: 20
  carbon_price: 1.0
timeseries_values:
  load_level: 244651.25050980353
  wind_year: 2015
  solar_year: 2010
  price_year: 2023
  carbon_year: 2023
storage_values:
  CAES:
    cost: 53.3863
    lifetime: 29.0807
    annual_cost: 1.835798312970458
    efficiency: 0.587491
    discharge_ratio: 0.1
    depth_of_discharge: 0.4
  Li-ion:
    cost: 239.876
    lifetime: 17.708
    annual_cost: 13.546193810707027
    efficiency: 0.952337
    discharge_ratio: 2
    depth_of_discharge: 0.9
  Pb-acid:
    cost: 163.349
    lifetime: 6.24548
    annual_cost: 26.15475511890199
    efficiency: 0.653115
    discharge_ratio: 5
    depth_of_discharge: 0.5
  VRBF:
    cost: 178.845
    lifetime: 12.987
    annual_cost: 13.771078771078772
    efficiency: 0.683765
    discharge_ratio: 0.5
    depth_of_discharge: 1.0
