cost_values:
  wind_capex: 5000.0
  wind_opex: 100
  wind_lifetime: 20
  solar_capex: 1000.0
  solar_opex: 10
  solar_lifetime: 20
  carbon_price: 1.0
timeseries_values:
  load_level: 244651.25050980353
  wind_year: 2015
  solar_year: 2010
  price_year: 2023
  carbon_year: 2023
storage_values:
  CAES:
    cost: 44.9986
    lifetime: 29.3284
    annual_cost: 1.53430122338757
    efficiency: 0.575912
    discharge_ratio: 0.1
    depth_of_discharge: 0.4
  Li-ion:
    cost: 252.913
    lifetime: 16.416
    annual_cost: 15.406493664717349
    efficiency: 0.929432
    discharge_ratio: 2
    depth_of_discharge: 0.9
  Pb-acid:
    cost: 171.146
    lifetime: 5.81901
    annual_cost: 29.411532202213092
    efficiency: 0.653171
    discharge_ratio: 5
    depth_of_discharge: 0.5
  VRBF:
    cost: 139.904
    lifetime: 11.3415
    annual_cost: 12.33558171317727
    efficiency: 0.680806
    discharge_ratio: 0.5
    depth_of_discharge: 1.0
