cost_values:
  wind_capex: 5000.0
  wind_opex: 100
  wind_lifetime: 20
  solar_capex: 1000.0
  solar_opex: 10
  solar_lifetime: 20
  carbon_price: 1.0
timeseries_values:
  load_level: 244651.25050980353
  wind_year: 2015
  solar_year: 2010
  price_year: 2023
  carbon_year: 2023
storage_values:
  CAES:
    cost: 61.7052
    lifetime: 28.7097
    annual_cost: 2.1492805567456292
    efficiency: 0.590191
    discharge_ratio: 0.1
    depth_of_discharge: 0.4
  Li-ion:
    cost: 249.087
    lifetime: 16.5254
    annual_cost: 15.072978566328196
    efficiency: 0.941592
    discharge_ratio: 2
    depth_of_discharge: 0.9
  Pb-acid:
    cost: 168.319
    lifetime: 7.07673
    annual_cost: 23.784855434642832
    efficiency: 0.654341
    discharge_ratio: 5
    depth_of_discharge: 0.5
  VRBF:
    cost: 168.13
    lifetime: 11.344
    annual_cost: 14.82105077574048
    efficiency: 0.673401
    discharge_ratio: 0.5
    depth_of_discharge: 1.0
