cost_values:
  wind_capex: 5000.0
  wind_opex: 100
  wind_lifetime: 20
  solar_capex: 1000.0
  solar_opex: 10
  solar_lifetime: 20
  carbon_price: 1.0
timeseries_values:
  load_level: 244651.25050980353
  wind_year: 2015
  solar_year: 2010
  price_year: 2023
  carbon_year: 2023
storage_values:
  CAES:
    cost: 43.0305
    lifetime: 29.3137
    annual_cost: 1.467931376796515
    efficiency: 0.58964
    discharge_ratio: 0.1
    depth_of_discharge: 0.4
  Li-ion:
    cost: 245.006
    lifetime: 18.6069
    annual_cost: 13.16748088074854
    efficiency: 0.956223
    discharge_ratio: 2
    depth_of_discharge: 0.9
  Pb-acid:
    cost: 129.056
    lifetime: 8.14189
    annual_cost: 15.850865093976953
    efficiency: 0.658991
    discharge_ratio: 5
    depth_of_discharge: 0.5
  VRBF:
    cost: 166.582
    lifetime: 11.7085
    annual_cost: 14.227441602254771
    efficiency: 0.694473
    discharge_ratio: 0.5
    depth_of_discharge: 1.0
