cost_values:
  wind_capex: 5000.0
  wind_opex: 100
  wind_lifetime: 20
  solar_capex: 1000.0
  solar_opex: 10
  solar_lifetime: 20
  carbon_price: 1.0
timeseries_values:
  load_level: 244651.25050980353
  wind_year: 2015
  solar_year: 2010
  price_year: 2023
  carbon_year: 2023
storage_values:
  CAES:
    cost: 48.5226
    lifetime: 28.4586
    annual_cost: 1.7050241403301636
    efficiency: 0.594298
    discharge_ratio: 0.1
    depth_of_discharge: 0.4
  Li-ion:
    cost: 232.901
    lifetime: 16.4517
    annual_cost: 14.156652503996549
    efficiency: 0.951696
    discharge_ratio: 2
    depth_of_discharge: 0.9
  Pb-acid:
    cost: 158.543
    lifetime: 5.88617
    annual_cost: 26.934831987523296
    efficiency: 0.651865
    discharge_ratio: 5
    depth_of_discharge: 0.5
  VRBF:
    cost: 174.254
    lifetime: 12.7923
    annual_cost: 13.621788106908062
    efficiency: 0.711341
    discharge_ratio: 0.5
    depth_of_discharge: 1.0
