cost_values:
  wind_capex: 5000.0
  wind_opex: 100
  wind_lifetime: 20
  solar_capex: 1000.0
  solar_opex: 10
  solar_lifetime: 20
  carbon_price: 1.0
timeseries_values:
  load_level: 244651.25050980353
  wind_year: 2015
  solar_year: 2010
  price_year: 2023
  carbon_year: 2023
storage_values:
  CAES:
    cost: 52.4313
    lifetime: 28.6544
    annual_cost: 1.829781813613267
    efficiency: 0.589872
    discharge_ratio: 0.1
    depth_of_discharge: 0.4
  Li-ion:
    cost: 239.557
    lifetime: 17.102
    annual_cost: 14.007542977429539
    efficiency: 0.957686
    discharge_ratio: 2
    depth_of_discharge: 0.9
  Pb-acid:
    cost: 155.977
    lifetime: 6.55767
    annual_cost: 23.785429885919847
    efficiency: 0.658442
    discharge_ratio: 5
    depth_of_discharge: 0.5
  VRBF:
    cost: 164.325
    lifetime: 10.6857
    annual_cost: 15.37802858025211
    efficiency: 0.711842
    discharge_ratio: 0.5
    depth_of_discharge: 1.0
