cost_values:
  wind_capex: 5000.0
  wind_opex: 100
  wind_lifetime: 20
  solar_capex: 1000.0
  solar_opex: 10
  solar_lifetime: 20
  carbon_price: 1.0
timeseries_values:
  load_level: 244651.25050980353
  wind_year: 2015
  solar_year: 2010
  price_year: 2023
  carbon_year: 2023
storage_values:
  CAES:
    cost: 49.5419
    lifetime: 29.2792
    annual_cost: 1.692051012322741
    efficiency: 0.592735
    discharge_ratio: 0.1
    depth_of_discharge: 0.4
  Li-ion:
    cost: 249.667
    lifetime: 17.4961
    annual_cost: 14.269865855819297
    efficiency: 0.942733
    discharge_ratio: 2
    depth_of_discharge: 0.9
  Pb-acid:
    cost: 161.263
    lifetime: 6.31092
    annual_cost: 25.553009703814975
    efficiency: 0.664913
    discharge_ratio: 5
    depth_of_discharge: 0.5
  VRBF:
    cost: 184.42
    lifetime: 13.4248
    annual_cost: 13.737262380072702
    efficiency: 0.721852
    discharge_ratio: 0.5
    depth_of_discharge: 1.0
