cost_values:
  wind_capex: 5000.0
  wind_opex: 100
  wind_lifetime: 20
  solar_capex: 1000.0
  solar_opex: 10
  solar_lifetime: 20
  carbon_price: 1.0
timeseries_values:
  load_level: 244651.25050980353
  wind_year: 2015
  solar_year: 2010
  price_year: 2023
  carbon_year: 2023
storage_values:
  CAES:
    cost: 42.0812
    lifetime: 29.8989
    annual_cost: 1.4074497723996535
    efficiency: 0.601078
    discharge_ratio: 0.1
    depth_of_discharge: 0.4
  Li-ion:
    cost: 228.934
    lifetime: 16.9427
    annual_cost: 13.512250113618256
    efficiency: 0.944804
    discharge_ratio: 2
    depth_of_discharge: 0.9
  Pb-acid:
    cost: 151.64
    lifetime: 6.89314
    annual_cost: 21.99868274835561
    efficiency: 0.654278
    discharge_ratio: 5
    depth_of_discharge: 0.5
  VRBF:
    cost: 195.379
    lifetime: 11.7563
    annual_cost: 16.61908933933295
    efficiency: 0.701632
    discharge_ratio: 0.5
    depth_of_discharge: 1.0
