cost_values:
  wind_capex: 5000.0
  wind_opex: 100
  wind_lifetime: 20
  solar_capex: 1000.0
  solar_opex: 10
  solar_lifetime: 20
  carbon_price: 1.0
timeseries_values:
  load_level: 244651.25050980353
  wind_year: 2015
  solar_year: 2010
  price_year: 2023
  carbon_year: 2023
storage_values:
  CAES:
    cost: 53.5812
    lifetime: 28.587
    annual_cost: 1.8743204953300452
    efficiency: 0.601451
    discharge_ratio: 0.1
    depth_of_discharge: 0.4
  Li-ion:
    cost: 243.75
    lifetime: 17.5744
    annual_cost: 13.86960579024035
    efficiency: 0.963545
    discharge_ratio: 2
    depth_of_discharge: 0.9
  Pb-acid:
    cost: 127.665
    lifetime: 7.02301
    annual_cost: 18.178103121026457
    efficiency: 0.657477
    discharge_ratio: 5
    depth_of_discharge: 0.5
  VRBF:
    cost: 182.804
    lifetime: 10.6766
    annual_cost: 17.121930202498923
    efficiency: 0.686112
    discharge_ratio: 0.5
    depth_of_discharge: 1.0
