cost_values:
  wind_capex: 5000.0
  wind_opex: 100
  wind_lifetime: 20
  solar_capex: 1000.0
  solar_opex: 10
  solar_lifetime: 20
  carbon_price: 1.0
timeseries_values:
  load_level: 244651.25050980353
  wind_year: 2015
  solar_year: 2010
  price_year: 2023
  carbon_year: 2023
storage_values:
  CAES:
    cost: 58.6152
    lifetime: 28.979
    annual_cost: 2.022678491321302
    efficiency: 0.587482
    discharge_ratio: 0.1
    depth_of_discharge: 0.4
  Li-ion:
    cost: 243.665
    lifetime: 17.2517
    annual_cost: 14.124115304578678
    efficiency: 0.960666
    discharge_ratio: 2
    depth_of_discharge: 0.9
  Pb-acid:
    cost: 157.251
    lifetime: 7.55794
    annual_cost: 20.806066203224688
    efficiency: 0.665153
    discharge_ratio: 5
    depth_of_discharge: 0.5
  VRBF:
    cost: 191.506
    lifetime: 12.4093
    annual_cost: 15.432457914628545
    efficiency: 0.683137
    discharge_ratio: 0.5
    depth_of_discharge: 1.0
