cost_values:
  wind_capex: 5000.0
  wind_opex: 100
  wind_lifetime: 20
  solar_capex: 1000.0
  solar_opex: 10
  solar_lifetime: 20
  carbon_price: 1.0
timeseries_values:
  load_level: 244651.25050980353
  wind_year: 2015
  solar_year: 2010
  price_year: 2023
  carbon_year: 2023
storage_values:
  CAES:
    cost: 49.818
    lifetime: 29.819
    annual_cost: 1.6706797679331968
    efficiency: 0.587073
    discharge_ratio: 0.1
    depth_of_discharge: 0.4
  Li-ion:
    cost: 266.818
    lifetime: 16.6085
    annual_cost: 16.06514736430141
    efficiency: 0.96552
    discharge_ratio: 2
    depth_of_discharge: 0.9
  Pb-acid:
    cost: 174.095
    lifetime: 7.71601
    annual_cost: 22.56282716066983
    efficiency: 0.658714
    discharge_ratio: 5
    depth_of_discharge: 0.5
  VRBF:
    cost: 164.688
    lifetime: 12.3175
    annual_cost: 13.370245585549014
    efficiency: 0.687745
    discharge_ratio: 0.5
    depth_of_discharge: 1.0
