cost_values:
  wind_capex: 5000.0
  wind_opex: 100
  wind_lifetime: 20
  solar_capex: 1000.0
  solar_opex: 10
  solar_lifetime: 20
  carbon_price: 1.0
timeseries_values:
  load_level: 244651.25050980353
  wind_year: 2015
  solar_year: 2010
  price_year: 2023
  carbon_year: 2023
storage_values:
  CAES:
    cost: 44.0233
    lifetime: 29.0505
    annual_cost: 1.5154059310511006
    efficiency: 0.590584
    discharge_ratio: 0.1
    depth_of_discharge: 0.4
  Li-ion:
    cost: 250.706
    lifetime: 20.084
    annual_cost: 12.482871937860983
    efficiency: 0.953829
    discharge_ratio: 2
    depth_of_discharge: 0.9
  Pb-acid:
    cost: 163.263
    lifetime: 7.82138
    annual_cost: 20.873937847285262
    efficiency: 0.6582
    discharge_ratio: 5
    depth_of_discharge: 0.5
  VRBF:
    cost: 157.331
    lifetime: 10.2097
    annual_cost: 15.409953279724183
    efficiency: 0.709391
    discharge_ratio: 0.5
    depth_of_discharge: 1.0
