cost_values:
  wind_capex: 5000.0
  wind_opex: 100
  wind_lifetime: 20
  solar_capex: 1000.0
  solar_opex: 10
  solar_lifetime: 20
  carbon_price: 1.0
timeseries_values:
  load_level: 244651.25050980353
  wind_year: 2015
  solar_year: 2010
  price_year: 2023
  carbon_year: 2023
storage_values:
  CAES:
    cost: 46.2113
    lifetime: 28.7201
    annual_cost: 1.6090229490844392
    efficiency: 0.583174
    discharge_ratio: 0.1
    depth_of_discharge: 0.4
  Li-ion:
    cost: 248.761
    lifetime: 16.9873
    annual_cost: 14.64393988450195
    efficiency: 0.951915
    discharge_ratio: 2
    depth_of_discharge: 0.9
  Pb-acid:
    cost: 170.13
    lifetime: 7.48887
    annual_cost: 22.71771308621995
    efficiency: 0.656668
    discharge_ratio: 5
    depth_of_discharge: 0.5
  VRBF:
    cost: 170.421
    lifetime: 11.7244
    annual_cost: 14.535583910477296
    efficiency: 0.692509
    discharge_ratio: 0.5
    depth_of_discharge: 1.0
