cost_values:
  wind_capex: 5000.0
  wind_opex: 100
  wind_lifetime: 20
  solar_capex: 1000.0
  solar_opex: 10
  solar_lifetime: 20
  carbon_price: 1.0
timeseries_values:
  load_level: 244651.25050980353
  wind_year: 2015
  solar_year: 2010
  price_year: 2023
  carbon_year: 2023
storage_values:
  CAES:
    cost: 52.5295
    lifetime: 29.2138
    annual_cost: 1.7981056897767493
    efficiency: 0.592385
    discharge_ratio: 0.1
    depth_of_discharge: 0.4
  Li-ion:
    cost: 259.674
    lifetime: 15.9972
    annual_cost: 16.23246568149426
    efficiency: 0.958412
    discharge_ratio: 2
    depth_of_discharge: 0.9
  Pb-acid:
    cost: 154.984
    lifetime: 8.28997
    annual_cost: 18.6953631919054
    efficiency: 0.659585
    discharge_ratio: 5
    depth_of_discharge: 0.5
  VRBF:
    cost: 212.975
    lifetime: 11.4005
    annual_cost: 18.681198193061707
    efficiency: 0.694783
    discharge_ratio: 0.5
    depth_of_discharge: 1.0
