cost_values:
  wind_capex: 5000.0
  wind_opex: 100
  wind_lifetime: 20
  solar_capex: 1000.0
  solar_opex: 10
  solar_lifetime: 20
  carbon_price: 1.0
timeseries_values:
  load_level: 244651.25050980353
  wind_year: 2015
  solar_year: 2010
  price_year: 2023
  carbon_year: 2023
storage_values:
  CAES:
    cost: 41.0926
    lifetime: 28.8957
    annual_cost: 1.422100866218849
    efficiency: 0.582943
    discharge_ratio: 0.1
    depth_of_discharge: 0.4
  Li-ion:
    cost: 255.24
    lifetime: 16.0137
    annual_cost: 15.938852357668747
    efficiency: 0.940309
    discharge_ratio: 2
    depth_of_discharge: 0.9
  Pb-acid:
    cost: 175.054
    lifetime: 5.63879
    annual_cost: 31.04460354083057
    efficiency: 0.654424
    discharge_ratio: 5
    depth_of_discharge: 0.5
  VRBF:
    cost: 196.847
    lifetime: 14.4071
    annual_cost: 13.663193841925162
    efficiency: 0.676763
    discharge_ratio: 0.5
    depth_of_discharge: 1.0
