cost_values:
  wind_capex: 5000.0
  wind_opex: 100
  wind_lifetime: 20
  solar_capex: 1000.0
  solar_opex: 10
  solar_lifetime: 20
  carbon_price: 1.0
timeseries_values:
  load_level: 244651.25050980353
  wind_year: 2015
  solar_year: 2010
  price_year: 2023
  carbon_year: 2023
storage_values:
  CAES:
    cost: 55.5597
    lifetime: 29.425
    annual_cost: 1.888180118946474
    efficiency: 0.593465
    discharge_ratio: 0.1
    depth_of_discharge: 0.4
  Li-ion:
    cost: 241.421
    lifetime: 16.9456
    annual_cost: 14.246825134548201
    efficiency: 0.947522
    discharge_ratio: 2
    depth_of_discharge: 0.9
  Pb-acid:
    cost: 159.162
    lifetime: 8.21862
    annual_cost: 19.366024953094318
    efficiency: 0.660982
    discharge_ratio: 5
    depth_of_discharge: 0.5
  VRBF:
    cost: 145.758
    lifetime: 13.4933
    annual_cost: 10.802250005558315
    efficiency: 0.709883
    discharge_ratio: 0.5
    depth_of_discharge: 1.0
