cost_values:
  wind_capex: 5000.0
  wind_opex: 100
  wind_lifetime: 20
  solar_capex: 1000.0
  solar_opex: 10
  solar_lifetime: 20
  carbon_price: 1.0
timeseries_values:
  load_level: 244651.25050980353
  wind_year: 2015
  solar_year: 2010
  price_year: 2023
  carbon_year: 2023
storage_values:
  CAES:
    cost: 47.074
    lifetime: 28.3926
    annual_cost: 1.6579672168100137
    efficiency: 0.604447
    discharge_ratio: 0.1
    depth_of_discharge: 0.4
  Li-ion:
    cost: 245.861
    lifetime: 18.1535
    annual_cost: 13.54344892169554
    efficiency: 0.946959
    discharge_ratio: 2
    depth_of_discharge: 0.9
  Pb-acid:
    cost: 165.534
    lifetime: 5.92448
    annual_cost: 27.940680025926326
    efficiency: 0.657146
    discharge_ratio: 5
    depth_of_discharge: 0.5
  VRBF:
    cost: 175.491
    lifetime: 11.5015
    annual_cost: 15.258096769986524
    efficiency: 0.725559
    discharge_ratio: 0.5
    depth_of_discharge: 1.0
