cost_values:
  wind_capex: 5000.0
  wind_opex: 100
  wind_lifetime: 20
  solar_capex: 1000.0
  solar_opex: 10
  solar_lifetime: 20
  carbon_price: 1.0
timeseries_values:
  load_level: 244651.25050980353
  wind_year: 2015
  solar_year: 2010
  price_year: 2023
  carbon_year: 2023
storage_values:
  CAES:
    cost: 59.4177
    lifetime: 29.7816
    annual_cost: 1.99511443307277
    efficiency: 0.589789
    discharge_ratio: 0.1
    depth_of_discharge: 0.4
  Li-ion:
    cost: 243.004
    lifetime: 16.8615
    annual_cost: 14.411766450197195
    efficiency: 0.946077
    discharge_ratio: 2
    depth_of_discharge: 0.9
  Pb-acid:
    cost: 167.21
    lifetime: 7.02359
    annual_cost: 23.806913558450876
    efficiency: 0.651851
    discharge_ratio: 5
    depth_of_discharge: 0.5
  VRBF:
    cost: 186.028
    lifetime: 11.162
    annual_cost: 16.666188855043895
    efficiency: 0.690696
    discharge_ratio: 0.5
    depth_of_discharge: 1.0
