cost_values:
  wind_capex: 5000.0
  wind_opex: 100
  wind_lifetime: 20
  solar_capex: 1000.0
  solar_opex: 10
  solar_lifetime: 20
  carbon_price: 1.0
timeseries_values:
  load_level: 244651.25050980353
  wind_year: 2015
  solar_year: 2010
  price_year: 2023
  carbon_year: 2023
storage_values:
  CAES:
    cost: 41.9414
    lifetime: 29.3893
    annual_cost: 1.427097617159987
    efficiency: 0.604582
    discharge_ratio: 0.1
    depth_of_discharge: 0.4
  Li-ion:
    cost: 228.976
    lifetime: 16.6868
    annual_cost: 13.72198384351703
    efficiency: 0.943956
    discharge_ratio: 2
    depth_of_discharge: 0.9
  Pb-acid:
    cost: 161.867
    lifetime: 6.60644
    annual_cost: 24.501395607921964
    efficiency: 0.655845
    discharge_ratio: 5
    depth_of_discharge: 0.5
  VRBF:
    cost: 161.274
    lifetime: 12.5271
    annual_cost: 12.874009148166774
    efficiency: 0.692279
    discharge_ratio: 0.5
    depth_of_discharge: 1.0
