cost_values:
  wind_capex: 5000.0
  wind_opex: 100
  wind_lifetime: 20
  solar_capex: 1000.0
  solar_opex: 10
  solar_lifetime: 20
  carbon_price: 1.0
timeseries_values:
  load_level: 244651.25050980353
  wind_year: 2015
  solar_year: 2010
  price_year: 2023
  carbon_year: 2023
storage_values:
  CAES:
    cost: 45.3472
    lifetime: 29.3648
    annual_cost: 1.5442706914400917
    efficiency: 0.594474
    discharge_ratio: 0.1
    depth_of_discharge: 0.4
  Li-ion:
    cost: 252.359
    lifetime: 15.8353
    annual_cost: 15.936483678869362
    efficiency: 0.946696
    discharge_ratio: 2
    depth_of_discharge: 0.9
  Pb-acid:
    cost: 138.49
    lifetime: 7.56567
    annual_cost: 18.305054278074515
    efficiency: 0.666799
    discharge_ratio: 5
    depth_of_discharge: 0.5
  VRBF:
    cost: 185.781
    lifetime: 12.2553
    annual_cost: 15.159237227974836
    efficiency: 0.694802
    discharge_ratio: 0.5
    depth_of_discharge: 1.0
