cost_values:
  wind_capex: 5000.0
  wind_opex: 100
  wind_lifetime: 20
  solar_capex: 1000.0
  solar_opex: 10
  solar_lifetime: 20
  carbon_price: 1.0
timeseries_values:
  load_level: 244651.25050980353
  wind_year: 2015
  solar_year: 2010
  price_year: 2023
  carbon_year: 2023
storage_values:
  CAES:
    cost: 54.29
    lifetime: 28.4725
    annual_cost: 1.9067521292475196
    efficiency: 0.601244
    discharge_ratio: 0.1
    depth_of_discharge: 0.4
  Li-ion:
    cost: 247.725
    lifetime: 17.6473
    annual_cost: 14.037558153371902
    efficiency: 0.925176
    discharge_ratio: 2
    depth_of_discharge: 0.9
  Pb-acid:
    cost: 158.477
    lifetime: 8.03826
    annual_cost: 19.715336403649548
    efficiency: 0.650202
    discharge_ratio: 5
    depth_of_discharge: 0.5
  VRBF:
    cost: 156.234
    lifetime: 13.8535
    annual_cost: 11.277583282203054
    efficiency: 0.717222
    discharge_ratio: 0.5
    depth_of_discharge: 1.0
