cost_values:
  wind_capex: 5000.0
  wind_opex: 100
  wind_lifetime: 20
  solar_capex: 1000.0
  solar_opex: 10
  solar_lifetime: 20
  carbon_price: 1.0
timeseries_values:
  load_level: 244651.25050980353
  wind_year: 2015
  solar_year: 2010
  price_year: 2023
  carbon_year: 2023
storage_values:
  CAES:
    cost: 42.7748
    lifetime: 29.1472
    annual_cost: 1.467544052258879
    efficiency: 0.590482
    discharge_ratio: 0.1
    depth_of_discharge: 0.4
  Li-ion:
    cost: 233.378
    lifetime: 16.7654
    annual_cost: 13.920216636644517
    efficiency: 0.957332
    discharge_ratio: 2
    depth_of_discharge: 0.9
  Pb-acid:
    cost: 167.102
    lifetime: 7.06854
    annual_cost: 23.640242539477743
    efficiency: 0.656999
    discharge_ratio: 5
    depth_of_discharge: 0.5
  VRBF:
    cost: 194.171
    lifetime: 12.3577
    annual_cost: 15.712551688420984
    efficiency: 0.703852
    discharge_ratio: 0.5
    depth_of_discharge: 1.0
