cost_values:
  wind_capex: 5000.0
  wind_opex: 100
  wind_lifetime: 20
  solar_capex: 1000.0
  solar_opex: 10
  solar_lifetime: 20
  carbon_price: 1.0
timeseries_values:
  load_level: 244651.25050980353
  wind_year: 2015
  solar_year: 2010
  price_year: 2023
  carbon_year: 2023
storage_values:
  CAES:
    cost: 56.0036
    lifetime: 29.2206
    annual_cost: 1.916579399464761
    efficiency: 0.58259
    discharge_ratio: 0.1
    depth_of_discharge: 0.4
  Li-ion:
    cost: 248.024
    lifetime: 15.4135
    annual_cost: 16.09134849320401
    efficiency: 0.957602
    discharge_ratio: 2
    depth_of_discharge: 0.9
  Pb-acid:
    cost: 180.238
    lifetime: 7.27936
    annual_cost: 24.760143748901005
    efficiency: 0.650606
    discharge_ratio: 5
    depth_of_discharge: 0.5
  VRBF:
    cost: 141.563
    lifetime: 12.2154
    annual_cost: 11.588895983758205
    efficiency: 0.714269
    discharge_ratio: 0.5
    depth_of_discharge: 1.0
