cost_values:
  wind_capex: 5000.0
  wind_opex: 100
  wind_lifetime: 20
  solar_capex: 1000.0
  solar_opex: 10
  solar_lifetime: 20
  carbon_price: 1.0
timeseries_values:
  load_level: 244651.25050980353
  wind_year: 2015
  solar_year: 2010
  price_year: 2023
  carbon_year: 2023
storage_values:
  CAES:
    cost: 45.2942
    lifetime: 29.6428
    annual_cost: 1.5280000539760075
    efficiency: 0.588134
    discharge_ratio: 0.1
    depth_of_discharge: 0.4
  Li-ion:
    cost: 268.223
    lifetime: 18.4333
    annual_cost: 14.5510028047067
    efficiency: 0.940779
    discharge_ratio: 2
    depth_of_discharge: 0.9
  Pb-acid:
    cost: 147.743
    lifetime: 6.76216
    annual_cost: 21.848492197759295
    efficiency: 0.651589
    discharge_ratio: 5
    depth_of_discharge: 0.5
  VRBF:
    cost: 206.667
    lifetime: 12.2365
    annual_cost: 16.88938830547951
    efficiency: 0.691506
    discharge_ratio: 0.5
    depth_of_discharge: 1.0
