cost_values:
  wind_capex: 5000.0
  wind_opex: 100
  wind_lifetime: 20
  solar_capex: 1000.0
  solar_opex: 10
  solar_lifetime: 20
  carbon_price: 1.0
timeseries_values:
  load_level: 244651.25050980353
  wind_year: 2015
  solar_year: 2010
  price_year: 2023
  carbon_year: 2023
storage_values:
  CAES:
    cost: 50.1418
    lifetime: 29.5336
    annual_cost: 1.6977882818213832
    efficiency: 0.588984
    discharge_ratio: 0.1
    depth_of_discharge: 0.4
  Li-ion:
    cost: 263.701
    lifetime: 15.8239
    annual_cost: 16.664728669923345
    efficiency: 0.941207
    discharge_ratio: 2
    depth_of_discharge: 0.9
  Pb-acid:
    cost: 157.021
    lifetime: 7.68393
    annual_cost: 20.43498574297267
    efficiency: 0.652704
    discharge_ratio: 5
    depth_of_discharge: 0.5
  VRBF:
    cost: 180.032
    lifetime: 12.5039
    annual_cost: 14.398067802845514
    efficiency: 0.684549
    discharge_ratio: 0.5
    depth_of_discharge: 1.0
