cost_values:
  wind_capex: 5000.0
  wind_opex: 100
  wind_lifetime: 20
  solar_capex: 1000.0
  solar_opex: 10
  solar_lifetime: 20
  carbon_price: 1.0
timeseries_values:
  load_level: 244651.25050980353
  wind_year: 2015
  solar_year: 2010
  price_year: 2023
  carbon_year: 2023
storage_values:
  CAES:
    cost: 49.4441
    lifetime: 28.5565
    annual_cost: 1.7314481816749252
    efficiency: 0.590601
    discharge_ratio: 0.1
    depth_of_discharge: 0.4
  Li-ion:
    cost: 247.038
    lifetime: 15.926
    annual_cost: 15.511616225040814
    efficiency: 0.962883
    discharge_ratio: 2
    depth_of_discharge: 0.9
  Pb-acid:
    cost: 137.571
    lifetime: 6.90306
    annual_cost: 19.92898801401118
    efficiency: 0.656114
    discharge_ratio: 5
    depth_of_discharge: 0.5
  VRBF:
    cost: 188.204
    lifetime: 12.4231
    annual_cost: 15.149519846093167
    efficiency: 0.683649
    discharge_ratio: 0.5
    depth_of_discharge: 1.0
