cost_values:
  wind_capex: 5000.0
  wind_opex: 100
  wind_lifetime: 20
  solar_capex: 1000.0
  solar_opex: 10
  solar_lifetime: 20
  carbon_price: 1.0
timeseries_values:
  load_level: 244651.25050980353
  wind_year: 2015
  solar_year: 2010
  price_year: 2023
  carbon_year: 2023
storage_values:
  CAES:
    cost: 53.0106
    lifetime: 28.8864
    annual_cost: 1.8351404120970423
    efficiency: 0.589743
    discharge_ratio: 0.1
    depth_of_discharge: 0.4
  Li-ion:
    cost: 247.274
    lifetime: 19.6764
    annual_cost: 12.567034620154093
    efficiency: 0.955705
    discharge_ratio: 2
    depth_of_discharge: 0.9
  Pb-acid:
    cost: 169.14
    lifetime: 6.72426
    annual_cost: 25.153697209804495
    efficiency: 0.675218
    discharge_ratio: 5
    depth_of_discharge: 0.5
  VRBF:
    cost: 195.773
    lifetime: 12.7866
    annual_cost: 15.310794112586613
    efficiency: 0.682731
    discharge_ratio: 0.5
    depth_of_discharge: 1.0
