cost_values:
  wind_capex: 5000.0
  wind_opex: 100
  wind_lifetime: 20
  solar_capex: 1000.0
  solar_opex: 10
  solar_lifetime: 20
  carbon_price: 1.0
timeseries_values:
  load_level: 244651.25050980353
  wind_year: 2015
  solar_year: 2010
  price_year: 2023
  carbon_year: 2023
storage_values:
  CAES:
    cost: 42.6584
    lifetime: 28.7862
    annual_cost: 1.4819045236953818
    efficiency: 0.584904
    discharge_ratio: 0.1
    depth_of_discharge: 0.4
  Li-ion:
    cost: 258.233
    lifetime: 18.268
    annual_cost: 14.135811254652944
    efficiency: 0.949137
    discharge_ratio: 2
    depth_of_discharge: 0.9
  Pb-acid:
    cost: 160.123
    lifetime: 7.39582
    annual_cost: 21.65047283465525
    efficiency: 0.651296
    discharge_ratio: 5
    depth_of_discharge: 0.5
  VRBF:
    cost: 184.394
    lifetime: 12.5183
    annual_cost: 14.729955345374373
    efficiency: 0.684659
    discharge_ratio: 0.5
    depth_of_discharge: 1.0
