cost_values:
  wind_capex: 5000.0
  wind_opex: 100
  wind_lifetime: 20
  solar_capex: 1000.0
  solar_opex: 10
  solar_lifetime: 20
  carbon_price: 1.0
timeseries_values:
  load_level: 244651.25050980353
  wind_year: 2015
  solar_year: 2010
  price_year: 2023
  carbon_year: 2023
storage_values:
  CAES:
    cost: 58.0144
    lifetime: 29.9727
    annual_cost: 1.935574706316081
    efficiency: 0.593878
    discharge_ratio: 0.1
    depth_of_discharge: 0.4
  Li-ion:
    cost: 226.29
    lifetime: 16.9062
    annual_cost: 13.385030343897506
    efficiency: 0.936124
    discharge_ratio: 2
    depth_of_discharge: 0.9
  Pb-acid:
    cost: 161.492
    lifetime: 8.08258
    annual_cost: 19.98025382984146
    efficiency: 0.651414
    discharge_ratio: 5
    depth_of_discharge: 0.5
  VRBF:
    cost: 154.862
    lifetime: 12.5136
    annual_cost: 12.375495460938499
    efficiency: 0.706612
    discharge_ratio: 0.5
    depth_of_discharge: 1.0
