cost_values:
  wind_capex: 5000.0
  wind_opex: 100
  wind_lifetime: 20
  solar_capex: 1000.0
  solar_opex: 10
  solar_lifetime: 20
  carbon_price: 1.0
timeseries_values:
  load_level: 244651.25050980353
  wind_year: 2015
  solar_year: 2010
  price_year: 2023
  carbon_year: 2023
storage_values:
  CAES:
    cost: 53.6243
    lifetime: 29.0897
    annual_cost: 1.8434119293083118
    efficiency: 0.598393
    discharge_ratio: 0.1
    depth_of_discharge: 0.4
  Li-ion:
    cost: 262.778
    lifetime: 18.8979
    annual_cost: 13.905142899475605
    efficiency: 0.954656
    discharge_ratio: 2
    depth_of_discharge: 0.9
  Pb-acid:
    cost: 176.81
    lifetime: 7.7991
    annual_cost: 22.67056455232014
    efficiency: 0.657653
    discharge_ratio: 5
    depth_of_discharge: 0.5
  VRBF:
    cost: 171.222
    lifetime: 12.7819
    annual_cost: 13.395661051956282
    efficiency: 0.693866
    discharge_ratio: 0.5
    depth_of_discharge: 1.0
