cost_values:
  wind_capex: 5000.0
  wind_opex: 100
  wind_lifetime: 20
  solar_capex: 1000.0
  solar_opex: 10
  solar_lifetime: 20
  carbon_price: 1.0
timeseries_values:
  load_level: 244651.25050980353
  wind_year: 2015
  solar_year: 2010
  price_year: 2023
  carbon_year: 2023
storage_values:
  CAES:
    cost: 44.0224
    lifetime: 29.4577
    annual_cost: 1.494427602969682
    efficiency: 0.603217
    discharge_ratio: 0.1
    depth_of_discharge: 0.4
  Li-ion:
    cost: 235.056
    lifetime: 16.6729
    annual_cost: 14.098087315344063
    efficiency: 0.944699
    discharge_ratio: 2
    depth_of_discharge: 0.9
  Pb-acid:
    cost: 168.895
    lifetime: 7.99479
    annual_cost: 21.125633068535887
    efficiency: 0.652009
    discharge_ratio: 5
    depth_of_discharge: 0.5
  VRBF:
    cost: 168.84
    lifetime: 11.1677
    annual_cost: 15.11860096528381
    efficiency: 0.690999
    discharge_ratio: 0.5
    depth_of_discharge: 1.0
