cost_values:
  wind_capex: 5000.0
  wind_opex: 100
  wind_lifetime: 20
  solar_capex: 1000.0
  solar_opex: 10
  solar_lifetime: 20
  carbon_price: 1.0
timeseries_values:
  load_level: 244651.25050980353
  wind_year: 2015
  solar_year: 2010
  price_year: 2023
  carbon_year: 2023
storage_values:
  CAES:
    cost: 51.6583
    lifetime: 29.7029
    annual_cost: 1.7391668826949556
    efficiency: 0.594966
    discharge_ratio: 0.1
    depth_of_discharge: 0.4
  Li-ion:
    cost: 246.939
    lifetime: 16.8215
    annual_cost: 14.679963142407038
    efficiency: 0.944503
    discharge_ratio: 2
    depth_of_discharge: 0.9
  Pb-acid:
    cost: 145.285
    lifetime: 8.59091
    annual_cost: 16.911479691906912
    efficiency: 0.655582
    discharge_ratio: 5
    depth_of_discharge: 0.5
  VRBF:
    cost: 157.135
    lifetime: 11.2659
    annual_cost: 13.947842604674282
    efficiency: 0.701039
    discharge_ratio: 0.5
    depth_of_discharge: 1.0
