cost_values:
  wind_capex: 5000.0
  wind_opex: 100
  wind_lifetime: 20
  solar_capex: 1000.0
  solar_opex: 10
  solar_lifetime: 20
  carbon_price: 1.0
timeseries_values:
  load_level: 244651.25050980353
  wind_year: 2015
  solar_year: 2010
  price_year: 2023
  carbon_year: 2023
storage_values:
  CAES:
    cost: 52.9315
    lifetime: 29.7113
    annual_cost: 1.781527566952641
    efficiency: 0.591667
    discharge_ratio: 0.1
    depth_of_discharge: 0.4
  Li-ion:
    cost: 246.1
    lifetime: 18.6192
    annual_cost: 13.21753888459225
    efficiency: 0.958879
    discharge_ratio: 2
    depth_of_discharge: 0.9
  Pb-acid:
    cost: 160.491
    lifetime: 7.3184
    annual_cost: 21.92979339746393
    efficiency: 0.655794
    discharge_ratio: 5
    depth_of_discharge: 0.5
  VRBF:
    cost: 147.713
    lifetime: 11.9376
    annual_cost: 12.373760219809677
    efficiency: 0.708788
    discharge_ratio: 0.5
    depth_of_discharge: 1.0
