cost_values:
  wind_capex: 5000.0
  wind_opex: 100
  wind_lifetime: 20
  solar_capex: 1000.0
  solar_opex: 10
  solar_lifetime: 20
  carbon_price: 1.0
timeseries_values:
  load_level: 244651.25050980353
  wind_year: 2015
  solar_year: 2010
  price_year: 2023
  carbon_year: 2023
storage_values:
  CAES:
    cost: 51.7173
    lifetime: 29.5171
    annual_cost: 1.7521131818505207
    efficiency: 0.597161
    discharge_ratio: 0.1
    depth_of_discharge: 0.4
  Li-ion:
    cost: 273.964
    lifetime: 17.96
    annual_cost: 15.254120267260578
    efficiency: 0.972014
    discharge_ratio: 2
    depth_of_discharge: 0.9
  Pb-acid:
    cost: 173.489
    lifetime: 6.23558
    annual_cost: 27.82243191491409
    efficiency: 0.656979
    discharge_ratio: 5
    depth_of_discharge: 0.5
  VRBF:
    cost: 159.045
    lifetime: 11.8759
    annual_cost: 13.392248166454753
    efficiency: 0.699746
    discharge_ratio: 0.5
    depth_of_discharge: 1.0
