cost_values:
  wind_capex: 5000.0
  wind_opex: 100
  wind_lifetime: 20
  solar_capex: 1000.0
  solar_opex: 10
  solar_lifetime: 20
  carbon_price: 1.0
timeseries_values:
  load_level: 244651.25050980353
  wind_year: 2015
  solar_year: 2010
  price_year: 2023
  carbon_year: 2023
storage_values:
  CAES:
    cost: 44.7031
    lifetime: 29.194
    annual_cost: 1.5312427211070767
    efficiency: 0.595377
    discharge_ratio: 0.1
    depth_of_discharge: 0.4
  Li-ion:
    cost: 255.835
    lifetime: 17.8821
    annual_cost: 14.306764865424082
    efficiency: 0.947881
    discharge_ratio: 2
    depth_of_discharge: 0.9
  Pb-acid:
    cost: 153.664
    lifetime: 8.23923
    annual_cost: 18.65028649521861
    efficiency: 0.651086
    discharge_ratio: 5
    depth_of_discharge: 0.5
  VRBF:
    cost: 192.601
    lifetime: 14.2087
    annual_cost: 13.55514579095906
    efficiency: 0.717748
    discharge_ratio: 0.5
    depth_of_discharge: 1.0
