cost_values:
  wind_capex: 5000.0
  wind_opex: 100
  wind_lifetime: 20
  solar_capex: 1000.0
  solar_opex: 10
  solar_lifetime: 20
  carbon_price: 1.0
timeseries_values:
  load_level: 244651.25050980353
  wind_year: 2015
  solar_year: 2010
  price_year: 2023
  carbon_year: 2023
storage_values:
  CAES:
    cost: 51.1929
    lifetime: 29.9853
    annual_cost: 1.7072665606147013
    efficiency: 0.578283
    discharge_ratio: 0.1
    depth_of_discharge: 0.4
  Li-ion:
    cost: 266.295
    lifetime: 17.9606
    annual_cost: 14.826620491520329
    efficiency: 0.954262
    discharge_ratio: 2
    depth_of_discharge: 0.9
  Pb-acid:
    cost: 156.217
    lifetime: 6.95912
    annual_cost: 22.447809493154306
    efficiency: 0.661832
    discharge_ratio: 5
    depth_of_discharge: 0.5
  VRBF:
    cost: 170.212
    lifetime: 14.6901
    annual_cost: 11.586851008502325
    efficiency: 0.690403
    discharge_ratio: 0.5
    depth_of_discharge: 1.0
