cost_values:
  wind_capex: 5000.0
  wind_opex: 100
  wind_lifetime: 20
  solar_capex: 1000.0
  solar_opex: 10
  solar_lifetime: 20
  carbon_price: 1.0
timeseries_values:
  load_level: 244651.25050980353
  wind_year: 2015
  solar_year: 2010
  price_year: 2023
  carbon_year: 2023
storage_values:
  CAES:
    cost: 43.6529
    lifetime: 28.4657
    annual_cost: 1.5335263141254214
    efficiency: 0.591372
    discharge_ratio: 0.1
    depth_of_discharge: 0.4
  Li-ion:
    cost: 244.008
    lifetime: 16.9146
    annual_cost: 14.425880600191551
    efficiency: 0.960712
    discharge_ratio: 2
    depth_of_discharge: 0.9
  Pb-acid:
    cost: 169.201
    lifetime: 6.1667
    annual_cost: 27.437851687288177
    efficiency: 0.656025
    discharge_ratio: 5
    depth_of_discharge: 0.5
  VRBF:
    cost: 156.573
    lifetime: 13.3821
    annual_cost: 11.700181585849755
    efficiency: 0.686406
    discharge_ratio: 0.5
    depth_of_discharge: 1.0
