cost_values:
  wind_capex: 5000.0
  wind_opex: 100
  wind_lifetime: 20
  solar_capex: 1000.0
  solar_opex: 10
  solar_lifetime: 20
  carbon_price: 1.0
timeseries_values:
  load_level: 244651.25050980353
  wind_year: 2015
  solar_year: 2010
  price_year: 2023
  carbon_year: 2023
storage_values:
  CAES:
    cost: 49.8122
    lifetime: 28.7501
    annual_cost: 1.732592234461793
    efficiency: 0.595104
    discharge_ratio: 0.1
    depth_of_discharge: 0.4
  Li-ion:
    cost: 206.074
    lifetime: 18.108
    annual_cost: 11.380273912083057
    efficiency: 0.949818
    discharge_ratio: 2
    depth_of_discharge: 0.9
  Pb-acid:
    cost: 171.546
    lifetime: 7.18941
    annual_cost: 23.860928782751298
    efficiency: 0.65914
    discharge_ratio: 5
    depth_of_discharge: 0.5
  VRBF:
    cost: 181.439
    lifetime: 16.1171
    annual_cost: 11.257546332776988
    efficiency: 0.692671
    discharge_ratio: 0.5
    depth_of_discharge: 1.0
