cost_values:
  wind_capex: 5000.0
  wind_opex: 100
  wind_lifetime: 20
  solar_capex: 1000.0
  solar_opex: 10
  solar_lifetime: 20
  carbon_price: 1.0
timeseries_values:
  load_level: 244651.25050980353
  wind_year: 2015
  solar_year: 2010
  price_year: 2023
  carbon_year: 2023
storage_values:
  CAES:
    cost: 54.8537
    lifetime: 29.1618
    annual_cost: 1.8810121460266516
    efficiency: 0.589585
    discharge_ratio: 0.1
    depth_of_discharge: 0.4
  Li-ion:
    cost: 236.054
    lifetime: 17.0922
    annual_cost: 13.810627069657507
    efficiency: 0.949554
    discharge_ratio: 2
    depth_of_discharge: 0.9
  Pb-acid:
    cost: 133.249
    lifetime: 8.03716
    annual_cost: 16.57911501077495
    efficiency: 0.660853
    discharge_ratio: 5
    depth_of_discharge: 0.5
  VRBF:
    cost: 150.247
    lifetime: 11.2764
    annual_cost: 13.324021850945337
    efficiency: 0.705593
    discharge_ratio: 0.5
    depth_of_discharge: 1.0
