cost_values:
  wind_capex: 5000.0
  wind_opex: 100
  wind_lifetime: 20
  solar_capex: 1000.0
  solar_opex: 10
  solar_lifetime: 20
  carbon_price: 1.0
timeseries_values:
  load_level: 283599.27630870184
  wind_year: 2013
  solar_year: 2015
  price_year: 2023
  carbon_year: 2023
storage_values:
  CAES:
    cost: 30.2265
    lifetime: 28.6785
    annual_cost: 1.0539777184999215
    efficiency: 0.633561
    discharge_ratio: 0.1
    depth_of_discharge: 0.4
  Li-ion:
    cost: 196.099
    lifetime: 20.8866
    annual_cost: 9.388746852048682
    efficiency: 0.863354
    discharge_ratio: 2
    depth_of_discharge: 0.9
  Pb-acid:
    cost: 165.508
    lifetime: 10.1921
    annual_cost: 16.238851659618724
    efficiency: 0.757092
    discharge_ratio: 5
    depth_of_discharge: 0.5
  VRBF:
    cost: 119.367
    lifetime: 22.5588
    annual_cost: 5.291371881483057
    efficiency: 0.771879
    discharge_ratio: 0.5
    depth_of_discharge: 1.0
