cost_values:
  wind_capex: 5000.0
  wind_opex: 100
  wind_lifetime: 20
  solar_capex: 1000.0
  solar_opex: 10
  solar_lifetime: 20
  carbon_price: 1.0
timeseries_values:
  load_level: 283599.27630870184
  wind_year: 2013
  solar_year: 2015
  price_year: 2023
  carbon_year: 2023
storage_values:
  CAES:
    cost: 43.0368
    lifetime: 27.6718
    annual_cost: 1.5552584219313523
    efficiency: 0.649121
    discharge_ratio: 0.1
    depth_of_discharge: 0.4
  Li-ion:
    cost: 202.34
    lifetime: 20.806
    annual_cost: 9.72507930404691
    efficiency: 0.854999
    discharge_ratio: 2
    depth_of_discharge: 0.9
  Pb-acid:
    cost: 173.863
    lifetime: 8.01691
    annual_cost: 21.68703403181525
    efficiency: 0.744712
    discharge_ratio: 5
    depth_of_discharge: 0.5
  VRBF:
    cost: 102.645
    lifetime: 22.429
    annual_cost: 4.576441214499086
    efficiency: 0.793572
    discharge_ratio: 0.5
    depth_of_discharge: 1.0
