cost_values:
  wind_capex: 5000.0
  wind_opex: 100
  wind_lifetime: 20
  solar_capex: 1000.0
  solar_opex: 10
  solar_lifetime: 20
  carbon_price: 1.0
timeseries_values:
  load_level: 283599.27630870184
  wind_year: 2013
  solar_year: 2015
  price_year: 2023
  carbon_year: 2023
storage_values:
  CAES:
    cost: 33.5867
    lifetime: 27.9225
    annual_cost: 1.2028543289461904
    efficiency: 0.646692
    discharge_ratio: 0.1
    depth_of_discharge: 0.4
  Li-ion:
    cost: 217.42
    lifetime: 20.3599
    annual_cost: 10.678834375414418
    efficiency: 0.868336
    discharge_ratio: 2
    depth_of_discharge: 0.9
  Pb-acid:
    cost: 178.603
    lifetime: 9.37484
    annual_cost: 19.051311809054873
    efficiency: 0.744416
    discharge_ratio: 5
    depth_of_discharge: 0.5
  VRBF:
    cost: 101.767
    lifetime: 21.5719
    annual_cost: 4.717572397424427
    efficiency: 0.761508
    discharge_ratio: 0.5
    depth_of_discharge: 1.0
