cost_values:
  wind_capex: 5000.0
  wind_opex: 100
  wind_lifetime: 20
  solar_capex: 1000.0
  solar_opex: 10
  solar_lifetime: 20
  carbon_price: 1.0
timeseries_values:
  load_level: 283599.27630870184
  wind_year: 2013
  solar_year: 2015
  price_year: 2023
  carbon_year: 2023
storage_values:
  CAES:
    cost: 32.4363
    lifetime: 26.9113
    annual_cost: 1.2053040915897784
    efficiency: 0.636708
    discharge_ratio: 0.1
    depth_of_discharge: 0.4
  Li-ion:
    cost: 194.528
    lifetime: 22.2082
    annual_cost: 8.759287110166515
    efficiency: 0.86515
    discharge_ratio: 2
    depth_of_discharge: 0.9
  Pb-acid:
    cost: 174.399
    lifetime: 10.1476
    annual_cost: 17.18623122708818
    efficiency: 0.750711
    discharge_ratio: 5
    depth_of_discharge: 0.5
  VRBF:
    cost: 102.052
    lifetime: 23.9362
    annual_cost: 4.263500472088301
    efficiency: 0.771237
    discharge_ratio: 0.5
    depth_of_discharge: 1.0
