cost_values:
  wind_capex: 5000.0
  wind_opex: 100
  wind_lifetime: 20
  solar_capex: 1000.0
  solar_opex: 10
  solar_lifetime: 20
  carbon_price: 1.0
timeseries_values:
  load_level: 283599.27630870184
  wind_year: 2013
  solar_year: 2015
  price_year: 2023
  carbon_year: 2023
storage_values:
  CAES:
    cost: 35.6379
    lifetime: 27.6989
    annual_cost: 1.2866178801324242
    efficiency: 0.627896
    discharge_ratio: 0.1
    depth_of_discharge: 0.4
  Li-ion:
    cost: 200.603
    lifetime: 22.0134
    annual_cost: 9.112767677868934
    efficiency: 0.858191
    discharge_ratio: 2
    depth_of_discharge: 0.9
  Pb-acid:
    cost: 190.54
    lifetime: 9.8869
    annual_cost: 19.2719659347217
    efficiency: 0.762385
    discharge_ratio: 5
    depth_of_discharge: 0.5
  VRBF:
    cost: 119.264
    lifetime: 20.344
    annual_cost: 5.862367282736924
    efficiency: 0.768387
    discharge_ratio: 0.5
    depth_of_discharge: 1.0
