cost_values:
  wind_capex: 5000.0
  wind_opex: 100
  wind_lifetime: 20
  solar_capex: 1000.0
  solar_opex: 10
  solar_lifetime: 20
  carbon_price: 1.0
timeseries_values:
  load_level: 283599.27630870184
  wind_year: 2013
  solar_year: 2015
  price_year: 2023
  carbon_year: 2023
storage_values:
  CAES:
    cost: 29.6442
    lifetime: 27.8593
    annual_cost: 1.0640683721414392
    efficiency: 0.639953
    discharge_ratio: 0.1
    depth_of_discharge: 0.4
  Li-ion:
    cost: 163.385
    lifetime: 22.0938
    annual_cost: 7.395061057853334
    efficiency: 0.862475
    discharge_ratio: 2
    depth_of_discharge: 0.9
  Pb-acid:
    cost: 186.586
    lifetime: 9.31659
    annual_cost: 20.02728466101868
    efficiency: 0.759125
    discharge_ratio: 5
    depth_of_discharge: 0.5
  VRBF:
    cost: 112.188
    lifetime: 23.6655
    annual_cost: 4.7405717183241425
    efficiency: 0.7706
    discharge_ratio: 0.5
    depth_of_discharge: 1.0
