cost_values:
  wind_capex: 5000.0
  wind_opex: 100
  wind_lifetime: 20
  solar_capex: 1000.0
  solar_opex: 10
  solar_lifetime: 20
  carbon_price: 1.0
timeseries_values:
  load_level: 283599.27630870184
  wind_year: 2013
  solar_year: 2015
  price_year: 2023
  carbon_year: 2023
storage_values:
  CAES:
    cost: 37.7374
    lifetime: 27.4048
    annual_cost: 1.377036139654367
    efficiency: 0.644631
    discharge_ratio: 0.1
    depth_of_discharge: 0.4
  Li-ion:
    cost: 180.539
    lifetime: 23.9379
    annual_cost: 7.5419731889597665
    efficiency: 0.855991
    discharge_ratio: 2
    depth_of_discharge: 0.9
  Pb-acid:
    cost: 178.435
    lifetime: 9.86905
    annual_cost: 18.08026101803112
    efficiency: 0.753677
    discharge_ratio: 5
    depth_of_discharge: 0.5
  VRBF:
    cost: 106.764
    lifetime: 22.7402
    annual_cost: 4.694945514991073
    efficiency: 0.767998
    discharge_ratio: 0.5
    depth_of_discharge: 1.0
