cost_values:
  wind_capex: 5000.0
  wind_opex: 100
  wind_lifetime: 20
  solar_capex: 1000.0
  solar_opex: 10
  solar_lifetime: 20
  carbon_price: 1.0
timeseries_values:
  load_level: 283599.27630870184
  wind_year: 2013
  solar_year: 2015
  price_year: 2023
  carbon_year: 2023
storage_values:
  CAES:
    cost: 36.4741
    lifetime: 28.2714
    annual_cost: 1.2901412735131617
    efficiency: 0.642649
    discharge_ratio: 0.1
    depth_of_discharge: 0.4
  Li-ion:
    cost: 214.388
    lifetime: 21.7413
    annual_cost: 9.8608638857842
    efficiency: 0.86056
    discharge_ratio: 2
    depth_of_discharge: 0.9
  Pb-acid:
    cost: 175.454
    lifetime: 8.74582
    annual_cost: 20.061469364793695
    efficiency: 0.763411
    discharge_ratio: 5
    depth_of_discharge: 0.5
  VRBF:
    cost: 104.489
    lifetime: 23.7263
    annual_cost: 4.403931502172695
    efficiency: 0.779635
    discharge_ratio: 0.5
    depth_of_discharge: 1.0
