cost_values:
  wind_capex: 5000.0
  wind_opex: 100
  wind_lifetime: 20
  solar_capex: 1000.0
  solar_opex: 10
  solar_lifetime: 20
  carbon_price: 1.0
timeseries_values:
  load_level: 283599.27630870184
  wind_year: 2013
  solar_year: 2015
  price_year: 2023
  carbon_year: 2023
storage_values:
  CAES:
    cost: 36.7407
    lifetime: 27.2935
    annual_cost: 1.3461336948357665
    efficiency: 0.635739
    discharge_ratio: 0.1
    depth_of_discharge: 0.4
  Li-ion:
    cost: 200.826
    lifetime: 22.0244
    annual_cost: 9.11834147581773
    efficiency: 0.850388
    discharge_ratio: 2
    depth_of_discharge: 0.9
  Pb-acid:
    cost: 180.426
    lifetime: 9.10238
    annual_cost: 19.82184879119527
    efficiency: 0.769095
    discharge_ratio: 5
    depth_of_discharge: 0.5
  VRBF:
    cost: 107.001
    lifetime: 20.7132
    annual_cost: 5.165836278315277
    efficiency: 0.764291
    discharge_ratio: 0.5
    depth_of_discharge: 1.0
