cost_values:
  wind_capex: 5000.0
  wind_opex: 100
  wind_lifetime: 20
  solar_capex: 1000.0
  solar_opex: 10
  solar_lifetime: 20
  carbon_price: 1.0
timeseries_values:
  load_level: 283599.27630870184
  wind_year: 2013
  solar_year: 2015
  price_year: 2023
  carbon_year: 2023
storage_values:
  CAES:
    cost: 37.3403
    lifetime: 28.625
    annual_cost: 1.3044646288209607
    efficiency: 0.637784
    discharge_ratio: 0.1
    depth_of_discharge: 0.4
  Li-ion:
    cost: 207.606
    lifetime: 22.4662
    annual_cost: 9.240815091114651
    efficiency: 0.860955
    discharge_ratio: 2
    depth_of_discharge: 0.9
  Pb-acid:
    cost: 174.804
    lifetime: 8.55975
    annual_cost: 20.42162446333129
    efficiency: 0.748307
    discharge_ratio: 5
    depth_of_discharge: 0.5
  VRBF:
    cost: 115.376
    lifetime: 21.1196
    annual_cost: 5.462982253451771
    efficiency: 0.775102
    discharge_ratio: 0.5
    depth_of_discharge: 1.0
