cost_values:
  wind_capex: 5000.0
  wind_opex: 100
  wind_lifetime: 20
  solar_capex: 1000.0
  solar_opex: 10
  solar_lifetime: 20
  carbon_price: 1.0
timeseries_values:
  load_level: 283599.27630870184
  wind_year: 2013
  solar_year: 2015
  price_year: 2023
  carbon_year: 2023
storage_values:
  CAES:
    cost: 34.5582
    lifetime: 27.9817
    annual_cost: 1.2350286079830746
    efficiency: 0.644549
    discharge_ratio: 0.1
    depth_of_discharge: 0.4
  Li-ion:
    cost: 215.617
    lifetime: 21.479
    annual_cost: 10.038502723590483
    efficiency: 0.858514
    discharge_ratio: 2
    depth_of_discharge: 0.9
  Pb-acid:
    cost: 173.874
    lifetime: 10.8169
    annual_cost: 16.07429115550666
    efficiency: 0.776403
    discharge_ratio: 5
    depth_of_discharge: 0.5
  VRBF:
    cost: 116.04
    lifetime: 23.6058
    annual_cost: 4.915741046691915
    efficiency: 0.788963
    discharge_ratio: 0.5
    depth_of_discharge: 1.0
