cost_values:
  wind_capex: 5000.0
  wind_opex: 100
  wind_lifetime: 20
  solar_capex: 1000.0
  solar_opex: 10
  solar_lifetime: 20
  carbon_price: 1.0
timeseries_values:
  load_level: 283599.27630870184
  wind_year: 2013
  solar_year: 2015
  price_year: 2023
  carbon_year: 2023
storage_values:
  CAES:
    cost: 36.3826
    lifetime: 27.5803
    annual_cost: 1.3191517133606232
    efficiency: 0.642674
    discharge_ratio: 0.1
    depth_of_discharge: 0.4
  Li-ion:
    cost: 178.972
    lifetime: 21.9982
    annual_cost: 8.13575656190052
    efficiency: 0.861939
    discharge_ratio: 2
    depth_of_discharge: 0.9
  Pb-acid:
    cost: 180.681
    lifetime: 10.4508
    annual_cost: 17.288724308186936
    efficiency: 0.738616
    discharge_ratio: 5
    depth_of_discharge: 0.5
  VRBF:
    cost: 107.841
    lifetime: 21.2221
    annual_cost: 5.081542354432407
    efficiency: 0.814722
    discharge_ratio: 0.5
    depth_of_discharge: 1.0
