cost_values:
  wind_capex: 5000.0
  wind_opex: 100
  wind_lifetime: 20
  solar_capex: 1000.0
  solar_opex: 10
  solar_lifetime: 20
  carbon_price: 1.0
timeseries_values:
  load_level: 283599.27630870184
  wind_year: 2013
  solar_year: 2015
  price_year: 2023
  carbon_year: 2023
storage_values:
  CAES:
    cost: 39.4834
    lifetime: 26.4274
    annual_cost: 1.4940327084768084
    efficiency: 0.645334
    discharge_ratio: 0.1
    depth_of_discharge: 0.4
  Li-ion:
    cost: 191.225
    lifetime: 21.1378
    annual_cost: 9.046589522088391
    efficiency: 0.85895
    discharge_ratio: 2
    depth_of_discharge: 0.9
  Pb-acid:
    cost: 193.775
    lifetime: 9.1289
    annual_cost: 21.22654427148945
    efficiency: 0.745426
    discharge_ratio: 5
    depth_of_discharge: 0.5
  VRBF:
    cost: 105.301
    lifetime: 23.9952
    annual_cost: 4.388419350536774
    efficiency: 0.761764
    discharge_ratio: 0.5
    depth_of_discharge: 1.0
