cost_values:
  wind_capex: 5000.0
  wind_opex: 100
  wind_lifetime: 20
  solar_capex: 1000.0
  solar_opex: 10
  solar_lifetime: 20
  carbon_price: 1.0
timeseries_values:
  load_level: 283599.27630870184
  wind_year: 2013
  solar_year: 2015
  price_year: 2023
  carbon_year: 2023
storage_values:
  CAES:
    cost: 35.9381
    lifetime: 27.4259
    annual_cost: 1.310370853827951
    efficiency: 0.637608
    discharge_ratio: 0.1
    depth_of_discharge: 0.4
  Li-ion:
    cost: 195.79
    lifetime: 19.7918
    annual_cost: 9.892480724340384
    efficiency: 0.863542
    discharge_ratio: 2
    depth_of_discharge: 0.9
  Pb-acid:
    cost: 165.119
    lifetime: 10.9365
    annual_cost: 15.097974671970007
    efficiency: 0.739834
    discharge_ratio: 5
    depth_of_discharge: 0.5
  VRBF:
    cost: 100.044
    lifetime: 22.1824
    annual_cost: 4.510062031159838
    efficiency: 0.778812
    discharge_ratio: 0.5
    depth_of_discharge: 1.0
