cost_values:
  wind_capex: 5000.0
  wind_opex: 100
  wind_lifetime: 20
  solar_capex: 1000.0
  solar_opex: 10
  solar_lifetime: 20
  carbon_price: 1.0
timeseries_values:
  load_level: 283599.27630870184
  wind_year: 2013
  solar_year: 2015
  price_year: 2023
  carbon_year: 2023
storage_values:
  CAES:
    cost: 38.0801
    lifetime: 28.7264
    annual_cost: 1.3256133730644981
    efficiency: 0.621815
    discharge_ratio: 0.1
    depth_of_discharge: 0.4
  Li-ion:
    cost: 192.045
    lifetime: 18.8
    annual_cost: 10.215159574468084
    efficiency: 0.860738
    discharge_ratio: 2
    depth_of_discharge: 0.9
  Pb-acid:
    cost: 164.167
    lifetime: 8.6883
    annual_cost: 18.895180875430178
    efficiency: 0.762742
    discharge_ratio: 5
    depth_of_discharge: 0.5
  VRBF:
    cost: 113.845
    lifetime: 20.8977
    annual_cost: 5.447728697416462
    efficiency: 0.770623
    discharge_ratio: 0.5
    depth_of_discharge: 1.0
