cost_values:
  wind_capex: 5000.0
  wind_opex: 100
  wind_lifetime: 20
  solar_capex: 1000.0
  solar_opex: 10
  solar_lifetime: 20
  carbon_price: 1.0
timeseries_values:
  load_level: 283599.27630870184
  wind_year: 2013
  solar_year: 2015
  price_year: 2023
  carbon_year: 2023
storage_values:
  CAES:
    cost: 35.7086
    lifetime: 28.9889
    annual_cost: 1.2318025175153247
    efficiency: 0.648511
    discharge_ratio: 0.1
    depth_of_discharge: 0.4
  Li-ion:
    cost: 204.541
    lifetime: 21.3077
    annual_cost: 9.599393646428286
    efficiency: 0.854961
    discharge_ratio: 2
    depth_of_discharge: 0.9
  Pb-acid:
    cost: 161.475
    lifetime: 8.73409
    annual_cost: 18.487902002383763
    efficiency: 0.740218
    discharge_ratio: 5
    depth_of_discharge: 0.5
  VRBF:
    cost: 117.008
    lifetime: 23.1983
    annual_cost: 5.043817865964316
    efficiency: 0.784005
    discharge_ratio: 0.5
    depth_of_discharge: 1.0
