cost_values:
  wind_capex: 5000.0
  wind_opex: 100
  wind_lifetime: 20
  solar_capex: 1000.0
  solar_opex: 10
  solar_lifetime: 20
  carbon_price: 1.0
timeseries_values:
  load_level: 283599.27630870184
  wind_year: 2013
  solar_year: 2015
  price_year: 2023
  carbon_year: 2023
storage_values:
  CAES:
    cost: 34.2556
    lifetime: 27.3514
    annual_cost: 1.2524258356062212
    efficiency: 0.634144
    discharge_ratio: 0.1
    depth_of_discharge: 0.4
  Li-ion:
    cost: 182.261
    lifetime: 21.7922
    annual_cost: 8.36358880700434
    efficiency: 0.865004
    discharge_ratio: 2
    depth_of_discharge: 0.9
  Pb-acid:
    cost: 177.499
    lifetime: 9.74994
    annual_cost: 18.20513767264209
    efficiency: 0.760561
    discharge_ratio: 5
    depth_of_discharge: 0.5
  VRBF:
    cost: 102.244
    lifetime: 22.6428
    annual_cost: 4.515519282067588
    efficiency: 0.772798
    discharge_ratio: 0.5
    depth_of_discharge: 1.0
