cost_values:
  wind_capex: 5000.0
  wind_opex: 100
  wind_lifetime: 20
  solar_capex: 1000.0
  solar_opex: 10
  solar_lifetime: 20
  carbon_price: 1.0
timeseries_values:
  load_level: 283599.27630870184
  wind_year: 2013
  solar_year: 2015
  price_year: 2023
  carbon_year: 2023
storage_values:
  CAES:
    cost: 38.6745
    lifetime: 28.6223
    annual_cost: 1.3512016853991469
    efficiency: 0.640933
    discharge_ratio: 0.1
    depth_of_discharge: 0.4
  Li-ion:
    cost: 193.255
    lifetime: 21.2547
    annual_cost: 9.092341929079215
    efficiency: 0.865227
    discharge_ratio: 2
    depth_of_discharge: 0.9
  Pb-acid:
    cost: 181.348
    lifetime: 9.36086
    annual_cost: 19.37300632634181
    efficiency: 0.751154
    discharge_ratio: 5
    depth_of_discharge: 0.5
  VRBF:
    cost: 109.249
    lifetime: 22.5722
    annual_cost: 4.839980152577064
    efficiency: 0.781551
    discharge_ratio: 0.5
    depth_of_discharge: 1.0
