cost_values:
  wind_capex: 5000.0
  wind_opex: 100
  wind_lifetime: 20
  solar_capex: 1000.0
  solar_opex: 10
  solar_lifetime: 20
  carbon_price: 1.0
timeseries_values:
  load_level: 283599.27630870184
  wind_year: 2013
  solar_year: 2015
  price_year: 2023
  carbon_year: 2023
storage_values:
  CAES:
    cost: 41.4183
    lifetime: 27.6697
    annual_cost: 1.4968828718779026
    efficiency: 0.644266
    discharge_ratio: 0.1
    depth_of_discharge: 0.4
  Li-ion:
    cost: 198.478
    lifetime: 21.9888
    annual_cost: 9.026322491450193
    efficiency: 0.882741
    discharge_ratio: 2
    depth_of_discharge: 0.9
  Pb-acid:
    cost: 180.023
    lifetime: 9.95311
    annual_cost: 18.0871104609514
    efficiency: 0.747632
    discharge_ratio: 5
    depth_of_discharge: 0.5
  VRBF:
    cost: 107.812
    lifetime: 22.2616
    annual_cost: 4.842958277931505
    efficiency: 0.793012
    discharge_ratio: 0.5
    depth_of_discharge: 1.0
