cost_values:
  wind_capex: 5000.0
  wind_opex: 100
  wind_lifetime: 20
  solar_capex: 1000.0
  solar_opex: 10
  solar_lifetime: 20
  carbon_price: 1.0
timeseries_values:
  load_level: 283599.27630870184
  wind_year: 2013
  solar_year: 2015
  price_year: 2023
  carbon_year: 2023
storage_values:
  CAES:
    cost: 40.21
    lifetime: 26.6758
    annual_cost: 1.5073587296351
    efficiency: 0.645032
    discharge_ratio: 0.1
    depth_of_discharge: 0.4
  Li-ion:
    cost: 194.398
    lifetime: 21.8527
    annual_cost: 8.895834382021444
    efficiency: 0.859269
    discharge_ratio: 2
    depth_of_discharge: 0.9
  Pb-acid:
    cost: 168.581
    lifetime: 9.87921
    annual_cost: 17.0642186976489
    efficiency: 0.772787
    discharge_ratio: 5
    depth_of_discharge: 0.5
  VRBF:
    cost: 109.691
    lifetime: 21.5228
    annual_cost: 5.096502313825339
    efficiency: 0.796135
    discharge_ratio: 0.5
    depth_of_discharge: 1.0
