cost_values:
  wind_capex: 5000.0
  wind_opex: 100
  wind_lifetime: 20
  solar_capex: 1000.0
  solar_opex: 10
  solar_lifetime: 20
  carbon_price: 1.0
timeseries_values:
  load_level: 283599.27630870184
  wind_year: 2013
  solar_year: 2015
  price_year: 2023
  carbon_year: 2023
storage_values:
  CAES:
    cost: 35.7867
    lifetime: 27.6919
    annual_cost: 1.292316525771074
    efficiency: 0.634495
    discharge_ratio: 0.1
    depth_of_discharge: 0.4
  Li-ion:
    cost: 191.933
    lifetime: 23.2998
    annual_cost: 8.237538519643945
    efficiency: 0.865244
    discharge_ratio: 2
    depth_of_discharge: 0.9
  Pb-acid:
    cost: 165.927
    lifetime: 10.5132
    annual_cost: 15.782730281931286
    efficiency: 0.749029
    discharge_ratio: 5
    depth_of_discharge: 0.5
  VRBF:
    cost: 105.916
    lifetime: 19.7246
    annual_cost: 5.369741338227391
    efficiency: 0.766955
    discharge_ratio: 0.5
    depth_of_discharge: 1.0
