cost_values:
  wind_capex: 5000.0
  wind_opex: 100
  wind_lifetime: 20
  solar_capex: 1000.0
  solar_opex: 10
  solar_lifetime: 20
  carbon_price: 1.0
timeseries_values:
  load_level: 283599.27630870184
  wind_year: 2013
  solar_year: 2015
  price_year: 2023
  carbon_year: 2023
storage_values:
  CAES:
    cost: 34.5246
    lifetime: 27.8747
    annual_cost: 1.238564002482538
    efficiency: 0.644348
    discharge_ratio: 0.1
    depth_of_discharge: 0.4
  Li-ion:
    cost: 188.977
    lifetime: 22.3817
    annual_cost: 8.443371146963814
    efficiency: 0.858048
    discharge_ratio: 2
    depth_of_discharge: 0.9
  Pb-acid:
    cost: 191.941
    lifetime: 12.1133
    annual_cost: 15.845475634220236
    efficiency: 0.751908
    discharge_ratio: 5
    depth_of_discharge: 0.5
  VRBF:
    cost: 104.57
    lifetime: 21.2616
    annual_cost: 4.9182563871016285
    efficiency: 0.755118
    discharge_ratio: 0.5
    depth_of_discharge: 1.0
