cost_values:
  wind_capex: 5000.0
  wind_opex: 100
  wind_lifetime: 20
  solar_capex: 1000.0
  solar_opex: 10
  solar_lifetime: 20
  carbon_price: 1.0
timeseries_values:
  load_level: 283599.27630870184
  wind_year: 2013
  solar_year: 2015
  price_year: 2023
  carbon_year: 2023
storage_values:
  CAES:
    cost: 38.0913
    lifetime: 27.5637
    annual_cost: 1.3819371129420215
    efficiency: 0.637348
    discharge_ratio: 0.1
    depth_of_discharge: 0.4
  Li-ion:
    cost: 196.511
    lifetime: 22.9824
    annual_cost: 8.550499512670566
    efficiency: 0.850111
    discharge_ratio: 2
    depth_of_discharge: 0.9
  Pb-acid:
    cost: 203.004
    lifetime: 9.36097
    annual_cost: 21.68621414233781
    efficiency: 0.746278
    discharge_ratio: 5
    depth_of_discharge: 0.5
  VRBF:
    cost: 105.591
    lifetime: 21.9502
    annual_cost: 4.810480086741807
    efficiency: 0.776617
    discharge_ratio: 0.5
    depth_of_discharge: 1.0
