cost_values:
  wind_capex: 5000.0
  wind_opex: 100
  wind_lifetime: 20
  solar_capex: 1000.0
  solar_opex: 10
  solar_lifetime: 20
  carbon_price: 1.0
timeseries_values:
  load_level: 283599.27630870184
  wind_year: 2013
  solar_year: 2015
  price_year: 2023
  carbon_year: 2023
storage_values:
  CAES:
    cost: 40.7451
    lifetime: 27.7602
    annual_cost: 1.4677523937147428
    efficiency: 0.633191
    discharge_ratio: 0.1
    depth_of_discharge: 0.4
  Li-ion:
    cost: 197.628
    lifetime: 22.4636
    annual_cost: 8.797699389234138
    efficiency: 0.852933
    discharge_ratio: 2
    depth_of_discharge: 0.9
  Pb-acid:
    cost: 186.522
    lifetime: 9.9816
    annual_cost: 18.686583313296463
    efficiency: 0.743164
    discharge_ratio: 5
    depth_of_discharge: 0.5
  VRBF:
    cost: 101.539
    lifetime: 22.1668
    annual_cost: 4.580679213959615
    efficiency: 0.783673
    discharge_ratio: 0.5
    depth_of_discharge: 1.0
