cost_values:
  wind_capex: 5000.0
  wind_opex: 100
  wind_lifetime: 20
  solar_capex: 1000.0
  solar_opex: 10
  solar_lifetime: 20
  carbon_price: 1.0
timeseries_values:
  load_level: 283599.27630870184
  wind_year: 2013
  solar_year: 2015
  price_year: 2023
  carbon_year: 2023
storage_values:
  CAES:
    cost: 41.7299
    lifetime: 27.7155
    annual_cost: 1.5056520719453015
    efficiency: 0.638528
    discharge_ratio: 0.1
    depth_of_discharge: 0.4
  Li-ion:
    cost: 208.81
    lifetime: 22.3902
    annual_cost: 9.325955105358595
    efficiency: 0.871452
    discharge_ratio: 2
    depth_of_discharge: 0.9
  Pb-acid:
    cost: 183.792
    lifetime: 10.8172
    annual_cost: 16.990718485375144
    efficiency: 0.761899
    discharge_ratio: 5
    depth_of_discharge: 0.5
  VRBF:
    cost: 112.276
    lifetime: 23.1672
    annual_cost: 4.846334472875444
    efficiency: 0.766442
    discharge_ratio: 0.5
    depth_of_discharge: 1.0
