cost_values:
  wind_capex: 5000.0
  wind_opex: 100
  wind_lifetime: 20
  solar_capex: 1000.0
  solar_opex: 10
  solar_lifetime: 20
  carbon_price: 1.0
timeseries_values:
  load_level: 283599.27630870184
  wind_year: 2013
  solar_year: 2015
  price_year: 2023
  carbon_year: 2023
storage_values:
  CAES:
    cost: 32.761
    lifetime: 26.4061
    annual_cost: 1.2406603019756801
    efficiency: 0.646486
    discharge_ratio: 0.1
    depth_of_discharge: 0.4
  Li-ion:
    cost: 202.471
    lifetime: 21.3539
    annual_cost: 9.481687185947298
    efficiency: 0.850977
    discharge_ratio: 2
    depth_of_discharge: 0.9
  Pb-acid:
    cost: 163.115
    lifetime: 11.5974
    annual_cost: 14.064790384051598
    efficiency: 0.75794
    discharge_ratio: 5
    depth_of_discharge: 0.5
  VRBF:
    cost: 104.538
    lifetime: 22.8274
    annual_cost: 4.579496569911597
    efficiency: 0.787871
    discharge_ratio: 0.5
    depth_of_discharge: 1.0
