cost_values:
  wind_capex: 5000.0
  wind_opex: 100
  wind_lifetime: 20
  solar_capex: 1000.0
  solar_opex: 10
  solar_lifetime: 20
  carbon_price: 1.0
timeseries_values:
  load_level: 283599.27630870184
  wind_year: 2013
  solar_year: 2015
  price_year: 2023
  carbon_year: 2023
storage_values:
  CAES:
    cost: 39.2242
    lifetime: 27.7988
    annual_cost: 1.411003352662705
    efficiency: 0.63744
    discharge_ratio: 0.1
    depth_of_discharge: 0.4
  Li-ion:
    cost: 170.584
    lifetime: 22.3358
    annual_cost: 7.637246035512496
    efficiency: 0.870891
    discharge_ratio: 2
    depth_of_discharge: 0.9
  Pb-acid:
    cost: 173.401
    lifetime: 9.82863
    annual_cost: 17.642438468026572
    efficiency: 0.761417
    discharge_ratio: 5
    depth_of_discharge: 0.5
  VRBF:
    cost: 117.492
    lifetime: 21.8816
    annual_cost: 5.369442819537877
    efficiency: 0.769342
    discharge_ratio: 0.5
    depth_of_discharge: 1.0
