cost_values:
  wind_capex: 5000.0
  wind_opex: 100
  wind_lifetime: 20
  solar_capex: 1000.0
  solar_opex: 10
  solar_lifetime: 20
  carbon_price: 1.0
timeseries_values:
  load_level: 283599.27630870184
  wind_year: 2013
  solar_year: 2015
  price_year: 2023
  carbon_year: 2023
storage_values:
  CAES:
    cost: 33.3401
    lifetime: 28.6952
    annual_cost: 1.1618702779558951
    efficiency: 0.635064
    discharge_ratio: 0.1
    depth_of_discharge: 0.4
  Li-ion:
    cost: 192.7
    lifetime: 22.5141
    annual_cost: 8.559080753838705
    efficiency: 0.852638
    discharge_ratio: 2
    depth_of_discharge: 0.9
  Pb-acid:
    cost: 173.963
    lifetime: 9.5707
    annual_cost: 18.176622399615493
    efficiency: 0.757639
    discharge_ratio: 5
    depth_of_discharge: 0.5
  VRBF:
    cost: 103.522
    lifetime: 20.9715
    annual_cost: 4.936318336790406
    efficiency: 0.772557
    discharge_ratio: 0.5
    depth_of_discharge: 1.0
