cost_values:
  wind_capex: 5000.0
  wind_opex: 100
  wind_lifetime: 20
  solar_capex: 1000.0
  solar_opex: 10
  solar_lifetime: 20
  carbon_price: 1.0
timeseries_values:
  load_level: 283599.27630870184
  wind_year: 2013
  solar_year: 2015
  price_year: 2023
  carbon_year: 2023
storage_values:
  CAES:
    cost: 33.7654
    lifetime: 27.9506
    annual_cost: 1.2080384678683105
    efficiency: 0.647221
    discharge_ratio: 0.1
    depth_of_discharge: 0.4
  Li-ion:
    cost: 193.807
    lifetime: 20.3772
    annual_cost: 9.510973048308895
    efficiency: 0.860133
    discharge_ratio: 2
    depth_of_discharge: 0.9
  Pb-acid:
    cost: 174.735
    lifetime: 11.3435
    annual_cost: 15.40397584519769
    efficiency: 0.756282
    discharge_ratio: 5
    depth_of_discharge: 0.5
  VRBF:
    cost: 101.725
    lifetime: 21.3738
    annual_cost: 4.759331518026743
    efficiency: 0.76337
    discharge_ratio: 0.5
    depth_of_discharge: 1.0
