cost_values:
  wind_capex: 5000.0
  wind_opex: 100
  wind_lifetime: 20
  solar_capex: 1000.0
  solar_opex: 10
  solar_lifetime: 20
  carbon_price: 1.0
timeseries_values:
  load_level: 283599.27630870184
  wind_year: 2013
  solar_year: 2015
  price_year: 2023
  carbon_year: 2023
storage_values:
  CAES:
    cost: 31.3449
    lifetime: 28.8582
    annual_cost: 1.0861696155685385
    efficiency: 0.637396
    discharge_ratio: 0.1
    depth_of_discharge: 0.4
  Li-ion:
    cost: 179.045
    lifetime: 22.3431
    annual_cost: 8.013435915338516
    efficiency: 0.855541
    discharge_ratio: 2
    depth_of_discharge: 0.9
  Pb-acid:
    cost: 156.631
    lifetime: 9.51506
    annual_cost: 16.4613780680311
    efficiency: 0.762777
    discharge_ratio: 5
    depth_of_discharge: 0.5
  VRBF:
    cost: 113.74
    lifetime: 23.4281
    annual_cost: 4.854853786692049
    efficiency: 0.774362
    discharge_ratio: 0.5
    depth_of_discharge: 1.0
