cost_values:
  wind_capex: 5000.0
  wind_opex: 100
  wind_lifetime: 20
  solar_capex: 1000.0
  solar_opex: 10
  solar_lifetime: 20
  carbon_price: 1.0
timeseries_values:
  load_level: 283599.27630870184
  wind_year: 2013
  solar_year: 2015
  price_year: 2023
  carbon_year: 2023
storage_values:
  CAES:
    cost: 36.9817
    lifetime: 26.5515
    annual_cost: 1.3928290303749316
    efficiency: 0.63817
    discharge_ratio: 0.1
    depth_of_discharge: 0.4
  Li-ion:
    cost: 193.848
    lifetime: 22.3806
    annual_cost: 8.66142998847216
    efficiency: 0.851439
    discharge_ratio: 2
    depth_of_discharge: 0.9
  Pb-acid:
    cost: 178.925
    lifetime: 8.61813
    annual_cost: 20.76146449403757
    efficiency: 0.759263
    discharge_ratio: 5
    depth_of_discharge: 0.5
  VRBF:
    cost: 107.327
    lifetime: 22.6283
    annual_cost: 4.743043003672392
    efficiency: 0.76269
    discharge_ratio: 0.5
    depth_of_discharge: 1.0
