cost_values:
  wind_capex: 5000.0
  wind_opex: 100
  wind_lifetime: 20
  solar_capex: 1000.0
  solar_opex: 10
  solar_lifetime: 20
  carbon_price: 1.0
timeseries_values:
  load_level: 283599.27630870184
  wind_year: 2013
  solar_year: 2015
  price_year: 2023
  carbon_year: 2023
storage_values:
  CAES:
    cost: 31.1835
    lifetime: 27.0249
    annual_cost: 1.153880310380427
    efficiency: 0.63838
    discharge_ratio: 0.1
    depth_of_discharge: 0.4
  Li-ion:
    cost: 176.63
    lifetime: 22.1298
    annual_cost: 7.9815452466809464
    efficiency: 0.860048
    discharge_ratio: 2
    depth_of_discharge: 0.9
  Pb-acid:
    cost: 162.409
    lifetime: 9.94421
    annual_cost: 16.332016319043944
    efficiency: 0.757293
    discharge_ratio: 5
    depth_of_discharge: 0.5
  VRBF:
    cost: 106.908
    lifetime: 23.1736
    annual_cost: 4.613353125970932
    efficiency: 0.784866
    discharge_ratio: 0.5
    depth_of_discharge: 1.0
