cost_values:
  wind_capex: 5000.0
  wind_opex: 100
  wind_lifetime: 20
  solar_capex: 1000.0
  solar_opex: 10
  solar_lifetime: 20
  carbon_price: 1.0
timeseries_values:
  load_level: 283599.27630870184
  wind_year: 2013
  solar_year: 2015
  price_year: 2023
  carbon_year: 2023
storage_values:
  CAES:
    cost: 38.223
    lifetime: 27.4844
    annual_cost: 1.390716188092154
    efficiency: 0.640027
    discharge_ratio: 0.1
    depth_of_discharge: 0.4
  Li-ion:
    cost: 176.767
    lifetime: 23.2149
    annual_cost: 7.6143769734093185
    efficiency: 0.859592
    discharge_ratio: 2
    depth_of_discharge: 0.9
  Pb-acid:
    cost: 190.661
    lifetime: 9.94631
    annual_cost: 19.169018460112344
    efficiency: 0.758989
    discharge_ratio: 5
    depth_of_discharge: 0.5
  VRBF:
    cost: 124.246
    lifetime: 21.4099
    annual_cost: 5.803203191047132
    efficiency: 0.777002
    discharge_ratio: 0.5
    depth_of_discharge: 1.0
