cost_values:
  wind_capex: 5000.0
  wind_opex: 100
  wind_lifetime: 20
  solar_capex: 1000.0
  solar_opex: 10
  solar_lifetime: 20
  carbon_price: 1.0
timeseries_values:
  load_level: 283599.27630870184
  wind_year: 2013
  solar_year: 2015
  price_year: 2023
  carbon_year: 2023
storage_values:
  CAES:
    cost: 37.7712
    lifetime: 27.7359
    annual_cost: 1.3618162742150066
    efficiency: 0.644796
    discharge_ratio: 0.1
    depth_of_discharge: 0.4
  Li-ion:
    cost: 204.549
    lifetime: 22.3307
    annual_cost: 9.159990506343286
    efficiency: 0.862723
    discharge_ratio: 2
    depth_of_discharge: 0.9
  Pb-acid:
    cost: 164.065
    lifetime: 8.72657
    annual_cost: 18.800628425601353
    efficiency: 0.753165
    discharge_ratio: 5
    depth_of_discharge: 0.5
  VRBF:
    cost: 104.428
    lifetime: 20.3355
    annual_cost: 5.135256079270242
    efficiency: 0.778219
    discharge_ratio: 0.5
    depth_of_discharge: 1.0
