cost_values:
  wind_capex: 5000.0
  wind_opex: 100
  wind_lifetime: 20
  solar_capex: 1000.0
  solar_opex: 10
  solar_lifetime: 20
  carbon_price: 1.0
timeseries_values:
  load_level: 283599.27630870184
  wind_year: 2013
  solar_year: 2015
  price_year: 2023
  carbon_year: 2023
storage_values:
  CAES:
    cost: 38.6229
    lifetime: 26.7839
    annual_cost: 1.4420192727720758
    efficiency: 0.63126
    discharge_ratio: 0.1
    depth_of_discharge: 0.4
  Li-ion:
    cost: 196.137
    lifetime: 22.6825
    annual_cost: 8.647062713545685
    efficiency: 0.859391
    discharge_ratio: 2
    depth_of_discharge: 0.9
  Pb-acid:
    cost: 177.534
    lifetime: 10.3882
    annual_cost: 17.089967463083113
    efficiency: 0.743778
    discharge_ratio: 5
    depth_of_discharge: 0.5
  VRBF:
    cost: 103.654
    lifetime: 22.2653
    annual_cost: 4.655405496445141
    efficiency: 0.785782
    discharge_ratio: 0.5
    depth_of_discharge: 1.0
