cost_values:
  wind_capex: 5000.0
  wind_opex: 100
  wind_lifetime: 20
  solar_capex: 1000.0
  solar_opex: 10
  solar_lifetime: 20
  carbon_price: 1.0
timeseries_values:
  load_level: 283599.27630870184
  wind_year: 2013
  solar_year: 2015
  price_year: 2023
  carbon_year: 2023
storage_values:
  CAES:
    cost: 35.3241
    lifetime: 27.6037
    annual_cost: 1.2796871433901977
    efficiency: 0.64789
    discharge_ratio: 0.1
    depth_of_discharge: 0.4
  Li-ion:
    cost: 190.157
    lifetime: 23.3656
    annual_cost: 8.138331564351011
    efficiency: 0.860444
    discharge_ratio: 2
    depth_of_discharge: 0.9
  Pb-acid:
    cost: 174.138
    lifetime: 8.89949
    annual_cost: 19.56718868159861
    efficiency: 0.759247
    discharge_ratio: 5
    depth_of_discharge: 0.5
  VRBF:
    cost: 107.409
    lifetime: 21.9781
    annual_cost: 4.887092150822864
    efficiency: 0.766743
    discharge_ratio: 0.5
    depth_of_discharge: 1.0
