cost_values:
  wind_capex: 5000.0
  wind_opex: 100
  wind_lifetime: 20
  solar_capex: 1000.0
  solar_opex: 10
  solar_lifetime: 20
  carbon_price: 1.0
timeseries_values:
  load_level: 283599.27630870184
  wind_year: 2013
  solar_year: 2015
  price_year: 2023
  carbon_year: 2023
storage_values:
  CAES:
    cost: 32.5197
    lifetime: 28.25
    annual_cost: 1.1511398230088496
    efficiency: 0.645624
    discharge_ratio: 0.1
    depth_of_discharge: 0.4
  Li-ion:
    cost: 186.566
    lifetime: 20.5996
    annual_cost: 9.056777801510709
    efficiency: 0.864332
    discharge_ratio: 2
    depth_of_discharge: 0.9
  Pb-acid:
    cost: 162.258
    lifetime: 10.5038
    annual_cost: 15.447552314400504
    efficiency: 0.74911
    discharge_ratio: 5
    depth_of_discharge: 0.5
  VRBF:
    cost: 111.204
    lifetime: 24.3723
    annual_cost: 4.562720793687916
    efficiency: 0.77767
    discharge_ratio: 0.5
    depth_of_discharge: 1.0
