cost_values:
  wind_capex: 5000.0
  wind_opex: 100
  wind_lifetime: 20
  solar_capex: 1000.0
  solar_opex: 10
  solar_lifetime: 20
  carbon_price: 1.0
timeseries_values:
  load_level: 283599.27630870184
  wind_year: 2013
  solar_year: 2015
  price_year: 2023
  carbon_year: 2023
storage_values:
  CAES:
    cost: 40.4471
    lifetime: 28.4534
    annual_cost: 1.4215208024348585
    efficiency: 0.635779
    discharge_ratio: 0.1
    depth_of_discharge: 0.4
  Li-ion:
    cost: 181.451
    lifetime: 20.9878
    annual_cost: 8.645546460324569
    efficiency: 0.855941
    discharge_ratio: 2
    depth_of_discharge: 0.9
  Pb-acid:
    cost: 183.22
    lifetime: 9.22094
    annual_cost: 19.86999156268233
    efficiency: 0.760024
    discharge_ratio: 5
    depth_of_discharge: 0.5
  VRBF:
    cost: 105.525
    lifetime: 21.8635
    annual_cost: 4.826537379651017
    efficiency: 0.787839
    discharge_ratio: 0.5
    depth_of_discharge: 1.0
