cost_values:
  wind_capex: 5000.0
  wind_opex: 100
  wind_lifetime: 20
  solar_capex: 1000.0
  solar_opex: 10
  solar_lifetime: 20
  carbon_price: 1.0
timeseries_values:
  load_level: 283599.27630870184
  wind_year: 2013
  solar_year: 2015
  price_year: 2023
  carbon_year: 2023
storage_values:
  CAES:
    cost: 30.0531
    lifetime: 28.2334
    annual_cost: 1.0644520319904793
    efficiency: 0.642981
    discharge_ratio: 0.1
    depth_of_discharge: 0.4
  Li-ion:
    cost: 186.252
    lifetime: 22.4882
    annual_cost: 8.282210225807313
    efficiency: 0.851169
    discharge_ratio: 2
    depth_of_discharge: 0.9
  Pb-acid:
    cost: 157.898
    lifetime: 9.91652
    annual_cost: 15.922722890691492
    efficiency: 0.75838
    discharge_ratio: 5
    depth_of_discharge: 0.5
  VRBF:
    cost: 110.44
    lifetime: 22.9647
    annual_cost: 4.8091200843033
    efficiency: 0.759139
    discharge_ratio: 0.5
    depth_of_discharge: 1.0
