cost_values:
  wind_capex: 5000.0
  wind_opex: 100
  wind_lifetime: 20
  solar_capex: 1000.0
  solar_opex: 10
  solar_lifetime: 20
  carbon_price: 1.0
timeseries_values:
  load_level: 283599.27630870184
  wind_year: 2013
  solar_year: 2015
  price_year: 2023
  carbon_year: 2023
storage_values:
  CAES:
    cost: 36.1525
    lifetime: 27.2355
    annual_cost: 1.3274035725431883
    efficiency: 0.643016
    discharge_ratio: 0.1
    depth_of_discharge: 0.4
  Li-ion:
    cost: 184.174
    lifetime: 21.1917
    annual_cost: 8.690855382059958
    efficiency: 0.870267
    discharge_ratio: 2
    depth_of_discharge: 0.9
  Pb-acid:
    cost: 159.861
    lifetime: 10.4423
    annual_cost: 15.308983653026631
    efficiency: 0.762959
    discharge_ratio: 5
    depth_of_discharge: 0.5
  VRBF:
    cost: 117.525
    lifetime: 20.8023
    annual_cost: 5.649615667498306
    efficiency: 0.777902
    discharge_ratio: 0.5
    depth_of_discharge: 1.0
