cost_values:
  wind_capex: 5000.0
  wind_opex: 100
  wind_lifetime: 20
  solar_capex: 1000.0
  solar_opex: 10
  solar_lifetime: 20
  carbon_price: 1.0
timeseries_values:
  load_level: 283599.27630870184
  wind_year: 2013
  solar_year: 2015
  price_year: 2023
  carbon_year: 2023
storage_values:
  CAES:
    cost: 37.0215
    lifetime: 27.9371
    annual_cost: 1.325173335815099
    efficiency: 0.641449
    discharge_ratio: 0.1
    depth_of_discharge: 0.4
  Li-ion:
    cost: 209.275
    lifetime: 22.3839
    annual_cost: 9.349353776598358
    efficiency: 0.85528
    discharge_ratio: 2
    depth_of_discharge: 0.9
  Pb-acid:
    cost: 140.931
    lifetime: 9.25417
    annual_cost: 15.228918422721867
    efficiency: 0.76975
    discharge_ratio: 5
    depth_of_discharge: 0.5
  VRBF:
    cost: 100.496
    lifetime: 21.8015
    annual_cost: 4.60959108318235
    efficiency: 0.797687
    discharge_ratio: 0.5
    depth_of_discharge: 1.0
