cost_values:
  wind_capex: 5000.0
  wind_opex: 100
  wind_lifetime: 20
  solar_capex: 1000.0
  solar_opex: 10
  solar_lifetime: 20
  carbon_price: 1.0
timeseries_values:
  load_level: 283599.27630870184
  wind_year: 2013
  solar_year: 2015
  price_year: 2023
  carbon_year: 2023
storage_values:
  CAES:
    cost: 40.1655
    lifetime: 27.6146
    annual_cost: 1.4545023284784138
    efficiency: 0.633147
    discharge_ratio: 0.1
    depth_of_discharge: 0.4
  Li-ion:
    cost: 194.174
    lifetime: 23.1189
    annual_cost: 8.398929014788767
    efficiency: 0.852942
    discharge_ratio: 2
    depth_of_discharge: 0.9
  Pb-acid:
    cost: 158.038
    lifetime: 10.2874
    annual_cost: 15.362287847269476
    efficiency: 0.752981
    discharge_ratio: 5
    depth_of_discharge: 0.5
  VRBF:
    cost: 100.282
    lifetime: 21.9953
    annual_cost: 4.559246748168927
    efficiency: 0.771958
    discharge_ratio: 0.5
    depth_of_discharge: 1.0
