cost_values:
  wind_capex: 5000.0
  wind_opex: 100
  wind_lifetime: 20
  solar_capex: 1000.0
  solar_opex: 10
  solar_lifetime: 20
  carbon_price: 1.0
timeseries_values:
  load_level: 283599.27630870184
  wind_year: 2013
  solar_year: 2015
  price_year: 2023
  carbon_year: 2023
storage_values:
  CAES:
    cost: 35.1692
    lifetime: 28.5958
    annual_cost: 1.229872918400604
    efficiency: 0.642397
    discharge_ratio: 0.1
    depth_of_discharge: 0.4
  Li-ion:
    cost: 191.169
    lifetime: 20.9537
    annual_cost: 9.12340064045968
    efficiency: 0.853865
    discharge_ratio: 2
    depth_of_discharge: 0.9
  Pb-acid:
    cost: 187.858
    lifetime: 9.28564
    annual_cost: 20.23102338664863
    efficiency: 0.73687
    discharge_ratio: 5
    depth_of_discharge: 0.5
  VRBF:
    cost: 112.847
    lifetime: 22.5604
    annual_cost: 5.001994645485008
    efficiency: 0.764692
    discharge_ratio: 0.5
    depth_of_discharge: 1.0
