cost_values:
  wind_capex: 5000.0
  wind_opex: 100
  wind_lifetime: 20
  solar_capex: 1000.0
  solar_opex: 10
  solar_lifetime: 20
  carbon_price: 1.0
timeseries_values:
  load_level: 283599.27630870184
  wind_year: 2013
  solar_year: 2015
  price_year: 2023
  carbon_year: 2023
storage_values:
  CAES:
    cost: 35.8528
    lifetime: 27.7618
    annual_cost: 1.2914436383807966
    efficiency: 0.643582
    discharge_ratio: 0.1
    depth_of_discharge: 0.4
  Li-ion:
    cost: 187.335
    lifetime: 21.1872
    annual_cost: 8.841895106479384
    efficiency: 0.851474
    discharge_ratio: 2
    depth_of_discharge: 0.9
  Pb-acid:
    cost: 192.692
    lifetime: 8.40117
    annual_cost: 22.936329106541113
    efficiency: 0.748899
    discharge_ratio: 5
    depth_of_discharge: 0.5
  VRBF:
    cost: 122.022
    lifetime: 24.4196
    annual_cost: 4.996887745909024
    efficiency: 0.765635
    discharge_ratio: 0.5
    depth_of_discharge: 1.0
