cost_values:
  wind_capex: 5000.0
  wind_opex: 100
  wind_lifetime: 20
  solar_capex: 1000.0
  solar_opex: 10
  solar_lifetime: 20
  carbon_price: 1.0
timeseries_values:
  load_level: 283599.27630870184
  wind_year: 2013
  solar_year: 2015
  price_year: 2023
  carbon_year: 2023
storage_values:
  CAES:
    cost: 42.4237
    lifetime: 27.9354
    annual_cost: 1.5186358527173405
    efficiency: 0.638483
    discharge_ratio: 0.1
    depth_of_discharge: 0.4
  Li-ion:
    cost: 195.446
    lifetime: 21.5289
    annual_cost: 9.078308692037215
    efficiency: 0.866014
    discharge_ratio: 2
    depth_of_discharge: 0.9
  Pb-acid:
    cost: 185.861
    lifetime: 9.37903
    annual_cost: 19.81665481398396
    efficiency: 0.751413
    discharge_ratio: 5
    depth_of_discharge: 0.5
  VRBF:
    cost: 105.032
    lifetime: 21.1294
    annual_cost: 4.970893636355031
    efficiency: 0.795815
    discharge_ratio: 0.5
    depth_of_discharge: 1.0
