cost_values:
  wind_capex: 5000.0
  wind_opex: 100
  wind_lifetime: 20
  solar_capex: 1000.0
  solar_opex: 10
  solar_lifetime: 20
  carbon_price: 1.0
timeseries_values:
  load_level: 283599.27630870184
  wind_year: 2013
  solar_year: 2015
  price_year: 2023
  carbon_year: 2023
storage_values:
  CAES:
    cost: 31.9274
    lifetime: 27.1379
    annual_cost: 1.1764874953478346
    efficiency: 0.631533
    discharge_ratio: 0.1
    depth_of_discharge: 0.4
  Li-ion:
    cost: 200.395
    lifetime: 21.8151
    annual_cost: 9.186068365489959
    efficiency: 0.855832
    discharge_ratio: 2
    depth_of_discharge: 0.9
  Pb-acid:
    cost: 151.437
    lifetime: 10.9917
    annual_cost: 13.777395671279239
    efficiency: 0.761055
    discharge_ratio: 5
    depth_of_discharge: 0.5
  VRBF:
    cost: 101.197
    lifetime: 21.9574
    annual_cost: 4.608787925710694
    efficiency: 0.768319
    discharge_ratio: 0.5
    depth_of_discharge: 1.0
