cost_values:
  wind_capex: 5000.0
  wind_opex: 100
  wind_lifetime: 20
  solar_capex: 1000.0
  solar_opex: 10
  solar_lifetime: 20
  carbon_price: 1.0
timeseries_values:
  load_level: 298689.066470143
  wind_year: 2010
  solar_year: 2016
  price_year: 2023
  carbon_year: 2023
storage_values:
  CAES:
    cost: 41.3988
    lifetime: 20.9019
    annual_cost: 1.9806237710447374
    efficiency: 0.612541
    discharge_ratio: 0.1
    depth_of_discharge: 0.4
  Li-ion:
    cost: 161.628
    lifetime: 26.2286
    annual_cost: 6.162280868975087
    efficiency: 0.919986
    discharge_ratio: 2
    depth_of_discharge: 0.9
  Pb-acid:
    cost: 135.546
    lifetime: 7.52987
    annual_cost: 18.001107588842835
    efficiency: 0.727322
    discharge_ratio: 5
    depth_of_discharge: 0.5
  VRBF:
    cost: 269.356
    lifetime: 11.2796
    annual_cost: 23.87992482002908
    efficiency: 0.7868
    discharge_ratio: 0.5
    depth_of_discharge: 1.0
