cost_values:
  wind_capex: 5000.0
  wind_opex: 100
  wind_lifetime: 20
  solar_capex: 1000.0
  solar_opex: 10
  solar_lifetime: 20
  carbon_price: 1.0
timeseries_values:
  load_level: 298689.066470143
  wind_year: 2010
  solar_year: 2016
  price_year: 2023
  carbon_year: 2023
storage_values:
  CAES:
    cost: 51.2041
    lifetime: 20.6806
    annual_cost: 2.475948473448546
    efficiency: 0.612752
    discharge_ratio: 0.1
    depth_of_discharge: 0.4
  Li-ion:
    cost: 146.955
    lifetime: 27.0002
    annual_cost: 5.442737461203992
    efficiency: 0.915824
    discharge_ratio: 2
    depth_of_discharge: 0.9
  Pb-acid:
    cost: 136.957
    lifetime: 6.77705
    annual_cost: 20.208940468197813
    efficiency: 0.727049
    discharge_ratio: 5
    depth_of_discharge: 0.5
  VRBF:
    cost: 268.966
    lifetime: 14.4924
    annual_cost: 18.55910684220695
    efficiency: 0.788496
    discharge_ratio: 0.5
    depth_of_discharge: 1.0
