cost_values:
  wind_capex: 5000.0
  wind_opex: 100
  wind_lifetime: 20
  solar_capex: 1000.0
  solar_opex: 10
  solar_lifetime: 20
  carbon_price: 1.0
timeseries_values:
  load_level: 298689.066470143
  wind_year: 2010
  solar_year: 2016
  price_year: 2023
  carbon_year: 2023
storage_values:
  CAES:
    cost: 54.6884
    lifetime: 20.0837
    annual_cost: 2.7230241439575376
    efficiency: 0.634158
    discharge_ratio: 0.1
    depth_of_discharge: 0.4
  Li-ion:
    cost: 170.118
    lifetime: 29.4745
    annual_cost: 5.771700961848377
    efficiency: 0.895952
    discharge_ratio: 2
    depth_of_discharge: 0.9
  Pb-acid:
    cost: 131.482
    lifetime: 6.11436
    annual_cost: 21.503804159388718
    efficiency: 0.749806
    discharge_ratio: 5
    depth_of_discharge: 0.5
  VRBF:
    cost: 255.864
    lifetime: 12.947
    annual_cost: 19.762416003707425
    efficiency: 0.767508
    discharge_ratio: 0.5
    depth_of_discharge: 1.0
