cost_values:
  wind_capex: 5000.0
  wind_opex: 100
  wind_lifetime: 20
  solar_capex: 1000.0
  solar_opex: 10
  solar_lifetime: 20
  carbon_price: 1.0
timeseries_values:
  load_level: 298689.066470143
  wind_year: 2010
  solar_year: 2016
  price_year: 2023
  carbon_year: 2023
storage_values:
  CAES:
    cost: 49.6235
    lifetime: 20.3586
    annual_cost: 2.437471142416473
    efficiency: 0.624318
    discharge_ratio: 0.1
    depth_of_discharge: 0.4
  Li-ion:
    cost: 175.89
    lifetime: 25.2988
    annual_cost: 6.952503676063686
    efficiency: 0.894723
    discharge_ratio: 2
    depth_of_discharge: 0.9
  Pb-acid:
    cost: 110.963
    lifetime: 6.77054
    annual_cost: 16.38909156433608
    efficiency: 0.710639
    discharge_ratio: 5
    depth_of_discharge: 0.5
  VRBF:
    cost: 265.7
    lifetime: 12.6051
    annual_cost: 21.078769704326024
    efficiency: 0.807584
    discharge_ratio: 0.5
    depth_of_discharge: 1.0
