cost_values:
  wind_capex: 5000.0
  wind_opex: 100
  wind_lifetime: 20
  solar_capex: 1000.0
  solar_opex: 10
  solar_lifetime: 20
  carbon_price: 1.0
timeseries_values:
  load_level: 298689.066470143
  wind_year: 2010
  solar_year: 2016
  price_year: 2023
  carbon_year: 2023
storage_values:
  CAES:
    cost: 48.5937
    lifetime: 21.5704
    annual_cost: 2.2527954975336573
    efficiency: 0.62048
    discharge_ratio: 0.1
    depth_of_discharge: 0.4
  Li-ion:
    cost: 171.524
    lifetime: 25.7747
    annual_cost: 6.654742829208487
    efficiency: 0.90714
    discharge_ratio: 2
    depth_of_discharge: 0.9
  Pb-acid:
    cost: 146.275
    lifetime: 6.1937
    annual_cost: 23.616739590228782
    efficiency: 0.711403
    discharge_ratio: 5
    depth_of_discharge: 0.5
  VRBF:
    cost: 249.7
    lifetime: 11.3835
    annual_cost: 21.935257170466024
    efficiency: 0.796033
    discharge_ratio: 0.5
    depth_of_discharge: 1.0
