cost_values:
  wind_capex: 5000.0
  wind_opex: 100
  wind_lifetime: 20
  solar_capex: 1000.0
  solar_opex: 10
  solar_lifetime: 20
  carbon_price: 1.0
timeseries_values:
  load_level: 298689.066470143
  wind_year: 2010
  solar_year: 2016
  price_year: 2023
  carbon_year: 2023
storage_values:
  CAES:
    cost: 43.8566
    lifetime: 20.3614
    annual_cost: 2.153908866777334
    efficiency: 0.617856
    discharge_ratio: 0.1
    depth_of_discharge: 0.4
  Li-ion:
    cost: 146.785
    lifetime: 27.5174
    annual_cost: 5.334261231075611
    efficiency: 0.908466
    discharge_ratio: 2
    depth_of_discharge: 0.9
  Pb-acid:
    cost: 122.469
    lifetime: 6.95953
    annual_cost: 17.597309013683393
    efficiency: 0.714324
    discharge_ratio: 5
    depth_of_discharge: 0.5
  VRBF:
    cost: 243.659
    lifetime: 12.1628
    annual_cost: 20.033133817870883
    efficiency: 0.787612
    discharge_ratio: 0.5
    depth_of_discharge: 1.0
