cost_values:
  wind_capex: 5000.0
  wind_opex: 100
  wind_lifetime: 20
  solar_capex: 1000.0
  solar_opex: 10
  solar_lifetime: 20
  carbon_price: 1.0
timeseries_values:
  load_level: 298689.066470143
  wind_year: 2010
  solar_year: 2016
  price_year: 2023
  carbon_year: 2023
storage_values:
  CAES:
    cost: 48.4356
    lifetime: 21.1517
    annual_cost: 2.28991523139984
    efficiency: 0.626213
    discharge_ratio: 0.1
    depth_of_discharge: 0.4
  Li-ion:
    cost: 156.893
    lifetime: 25.1583
    annual_cost: 6.236232177849854
    efficiency: 0.929814
    discharge_ratio: 2
    depth_of_discharge: 0.9
  Pb-acid:
    cost: 118.132
    lifetime: 6.11995
    annual_cost: 19.302772081471254
    efficiency: 0.721276
    discharge_ratio: 5
    depth_of_discharge: 0.5
  VRBF:
    cost: 248.517
    lifetime: 12.3194
    annual_cost: 20.172816857963863
    efficiency: 0.773057
    discharge_ratio: 0.5
    depth_of_discharge: 1.0
