cost_values:
  wind_capex: 5000.0
  wind_opex: 100
  wind_lifetime: 20
  solar_capex: 1000.0
  solar_opex: 10
  solar_lifetime: 20
  carbon_price: 1.0
timeseries_values:
  load_level: 298689.066470143
  wind_year: 2010
  solar_year: 2016
  price_year: 2023
  carbon_year: 2023
storage_values:
  CAES:
    cost: 46.0692
    lifetime: 20.6782
    annual_cost: 2.227911520345098
    efficiency: 0.619387
    discharge_ratio: 0.1
    depth_of_discharge: 0.4
  Li-ion:
    cost: 160.073
    lifetime: 26.6312
    annual_cost: 6.010731773258434
    efficiency: 0.901476
    discharge_ratio: 2
    depth_of_discharge: 0.9
  Pb-acid:
    cost: 119.84
    lifetime: 6.87396
    annual_cost: 17.433910002385815
    efficiency: 0.729915
    discharge_ratio: 5
    depth_of_discharge: 0.5
  VRBF:
    cost: 234.49
    lifetime: 12.6253
    annual_cost: 18.573024007350323
    efficiency: 0.781546
    discharge_ratio: 0.5
    depth_of_discharge: 1.0
