cost_values:
  wind_capex: 5000.0
  wind_opex: 100
  wind_lifetime: 20
  solar_capex: 1000.0
  solar_opex: 10
  solar_lifetime: 20
  carbon_price: 1.0
timeseries_values:
  load_level: 298689.066470143
  wind_year: 2010
  solar_year: 2016
  price_year: 2023
  carbon_year: 2023
storage_values:
  CAES:
    cost: 44.9782
    lifetime: 20.4555
    annual_cost: 2.1988316100804184
    efficiency: 0.614528
    discharge_ratio: 0.1
    depth_of_discharge: 0.4
  Li-ion:
    cost: 166.55
    lifetime: 26.4336
    annual_cost: 6.300693057320986
    efficiency: 0.906491
    discharge_ratio: 2
    depth_of_discharge: 0.9
  Pb-acid:
    cost: 111.693
    lifetime: 5.5287
    annual_cost: 20.202398393835804
    efficiency: 0.71924
    discharge_ratio: 5
    depth_of_discharge: 0.5
  VRBF:
    cost: 269.821
    lifetime: 12.7629
    annual_cost: 21.1410416127996
    efficiency: 0.779563
    discharge_ratio: 0.5
    depth_of_discharge: 1.0
