cost_values:
  wind_capex: 5000.0
  wind_opex: 100
  wind_lifetime: 20
  solar_capex: 1000.0
  solar_opex: 10
  solar_lifetime: 20
  carbon_price: 1.0
timeseries_values:
  load_level: 298689.066470143
  wind_year: 2010
  solar_year: 2016
  price_year: 2023
  carbon_year: 2023
storage_values:
  CAES:
    cost: 49.1257
    lifetime: 21.2821
    annual_cost: 2.3083107400115592
    efficiency: 0.624649
    discharge_ratio: 0.1
    depth_of_discharge: 0.4
  Li-ion:
    cost: 144.375
    lifetime: 27.6726
    annual_cost: 5.2172546128661565
    efficiency: 0.899103
    discharge_ratio: 2
    depth_of_discharge: 0.9
  Pb-acid:
    cost: 114.507
    lifetime: 6.54788
    annual_cost: 17.48764485604501
    efficiency: 0.72164
    discharge_ratio: 5
    depth_of_discharge: 0.5
  VRBF:
    cost: 245.841
    lifetime: 11.6829
    annual_cost: 21.042806152581978
    efficiency: 0.767886
    discharge_ratio: 0.5
    depth_of_discharge: 1.0
