cost_values:
  wind_capex: 5000.0
  wind_opex: 100
  wind_lifetime: 20
  solar_capex: 1000.0
  solar_opex: 10
  solar_lifetime: 20
  carbon_price: 1.0
timeseries_values:
  load_level: 298689.066470143
  wind_year: 2010
  solar_year: 2016
  price_year: 2023
  carbon_year: 2023
storage_values:
  CAES:
    cost: 47.0778
    lifetime: 20.5335
    annual_cost: 2.2927313901672877
    efficiency: 0.613817
    discharge_ratio: 0.1
    depth_of_discharge: 0.4
  Li-ion:
    cost: 154.898
    lifetime: 26.5755
    annual_cost: 5.828601531485766
    efficiency: 0.897759
    discharge_ratio: 2
    depth_of_discharge: 0.9
  Pb-acid:
    cost: 125.399
    lifetime: 6.33603
    annual_cost: 19.7914151290319
    efficiency: 0.717215
    discharge_ratio: 5
    depth_of_discharge: 0.5
  VRBF:
    cost: 231.78
    lifetime: 12.7606
    annual_cost: 18.16372270896353
    efficiency: 0.798961
    discharge_ratio: 0.5
    depth_of_discharge: 1.0
