cost_values:
  wind_capex: 5000.0
  wind_opex: 100
  wind_lifetime: 20
  solar_capex: 1000.0
  solar_opex: 10
  solar_lifetime: 20
  carbon_price: 1.0
timeseries_values:
  load_level: 298689.066470143
  wind_year: 2010
  solar_year: 2016
  price_year: 2023
  carbon_year: 2023
storage_values:
  CAES:
    cost: 50.8314
    lifetime: 20.4431
    annual_cost: 2.4864819914787875
    efficiency: 0.614355
    discharge_ratio: 0.1
    depth_of_discharge: 0.4
  Li-ion:
    cost: 155.766
    lifetime: 26.0453
    annual_cost: 5.9805799894798675
    efficiency: 0.908027
    discharge_ratio: 2
    depth_of_discharge: 0.9
  Pb-acid:
    cost: 112.848
    lifetime: 6.08494
    annual_cost: 18.54545813105799
    efficiency: 0.718091
    discharge_ratio: 5
    depth_of_discharge: 0.5
  VRBF:
    cost: 278.943
    lifetime: 15.0789
    annual_cost: 18.498895808049657
    efficiency: 0.777404
    discharge_ratio: 0.5
    depth_of_discharge: 1.0
