cost_values:
  wind_capex: 5000.0
  wind_opex: 100
  wind_lifetime: 20
  solar_capex: 1000.0
  solar_opex: 10
  solar_lifetime: 20
  carbon_price: 1.0
timeseries_values:
  load_level: 298689.066470143
  wind_year: 2010
  solar_year: 2016
  price_year: 2023
  carbon_year: 2023
storage_values:
  CAES:
    cost: 55.2989
    lifetime: 20.3558
    annual_cost: 2.7166163943446096
    efficiency: 0.626287
    discharge_ratio: 0.1
    depth_of_discharge: 0.4
  Li-ion:
    cost: 154.793
    lifetime: 27.5646
    annual_cost: 5.615644703714184
    efficiency: 0.909854
    discharge_ratio: 2
    depth_of_discharge: 0.9
  Pb-acid:
    cost: 128.075
    lifetime: 6.26079
    annual_cost: 20.456683581464958
    efficiency: 0.730405
    discharge_ratio: 5
    depth_of_discharge: 0.5
  VRBF:
    cost: 230.454
    lifetime: 13.0028
    annual_cost: 17.723413418648292
    efficiency: 0.795117
    discharge_ratio: 0.5
    depth_of_discharge: 1.0
