cost_values:
  wind_capex: 5000.0
  wind_opex: 100
  wind_lifetime: 20
  solar_capex: 1000.0
  solar_opex: 10
  solar_lifetime: 20
  carbon_price: 1.0
timeseries_values:
  load_level: 298689.066470143
  wind_year: 2010
  solar_year: 2016
  price_year: 2023
  carbon_year: 2023
storage_values:
  CAES:
    cost: 44.7946
    lifetime: 21.0508
    annual_cost: 2.1279286297907922
    efficiency: 0.623939
    discharge_ratio: 0.1
    depth_of_discharge: 0.4
  Li-ion:
    cost: 158.861
    lifetime: 26.8242
    annual_cost: 5.922301503865912
    efficiency: 0.908134
    discharge_ratio: 2
    depth_of_discharge: 0.9
  Pb-acid:
    cost: 119.469
    lifetime: 5.26194
    annual_cost: 22.704363789780952
    efficiency: 0.732668
    discharge_ratio: 5
    depth_of_discharge: 0.5
  VRBF:
    cost: 264.845
    lifetime: 13.9619
    annual_cost: 18.969123113616345
    efficiency: 0.789299
    discharge_ratio: 0.5
    depth_of_discharge: 1.0
