cost_values:
  wind_capex: 5000.0
  wind_opex: 100
  wind_lifetime: 20
  solar_capex: 1000.0
  solar_opex: 10
  solar_lifetime: 20
  carbon_price: 1.0
timeseries_values:
  load_level: 298689.066470143
  wind_year: 2010
  solar_year: 2016
  price_year: 2023
  carbon_year: 2023
storage_values:
  CAES:
    cost: 46.4956
    lifetime: 20.1578
    annual_cost: 2.3065810753157585
    efficiency: 0.62552
    discharge_ratio: 0.1
    depth_of_discharge: 0.4
  Li-ion:
    cost: 155.965
    lifetime: 27.0185
    annual_cost: 5.7725262320262045
    efficiency: 0.913189
    discharge_ratio: 2
    depth_of_discharge: 0.9
  Pb-acid:
    cost: 126.537
    lifetime: 5.02064
    annual_cost: 25.203360527741484
    efficiency: 0.71928
    discharge_ratio: 5
    depth_of_discharge: 0.5
  VRBF:
    cost: 240.425
    lifetime: 13.8185
    annual_cost: 17.398777001845353
    efficiency: 0.782889
    discharge_ratio: 0.5
    depth_of_discharge: 1.0
