cost_values:
  wind_capex: 5000.0
  wind_opex: 100
  wind_lifetime: 20
  solar_capex: 1000.0
  solar_opex: 10
  solar_lifetime: 20
  carbon_price: 1.0
timeseries_values:
  load_level: 298689.066470143
  wind_year: 2010
  solar_year: 2016
  price_year: 2023
  carbon_year: 2023
storage_values:
  CAES:
    cost: 52.1682
    lifetime: 20.6548
    annual_cost: 2.525717992912059
    efficiency: 0.62436
    discharge_ratio: 0.1
    depth_of_discharge: 0.4
  Li-ion:
    cost: 129.398
    lifetime: 24.6098
    annual_cost: 5.257986655722517
    efficiency: 0.910224
    discharge_ratio: 2
    depth_of_discharge: 0.9
  Pb-acid:
    cost: 123.661
    lifetime: 5.64734
    annual_cost: 21.897211784663224
    efficiency: 0.734685
    discharge_ratio: 5
    depth_of_discharge: 0.5
  VRBF:
    cost: 230.278
    lifetime: 12.8841
    annual_cost: 17.873037309552082
    efficiency: 0.761394
    discharge_ratio: 0.5
    depth_of_discharge: 1.0
