cost_values:
  wind_capex: 5000.0
  wind_opex: 100
  wind_lifetime: 20
  solar_capex: 1000.0
  solar_opex: 10
  solar_lifetime: 20
  carbon_price: 1.0
timeseries_values:
  load_level: 298689.066470143
  wind_year: 2010
  solar_year: 2016
  price_year: 2023
  carbon_year: 2023
storage_values:
  CAES:
    cost: 50.6781
    lifetime: 20.118
    annual_cost: 2.5190426483745902
    efficiency: 0.614897
    discharge_ratio: 0.1
    depth_of_discharge: 0.4
  Li-ion:
    cost: 156.39
    lifetime: 26.2163
    annual_cost: 5.965372687984193
    efficiency: 0.914303
    discharge_ratio: 2
    depth_of_discharge: 0.9
  Pb-acid:
    cost: 111.998
    lifetime: 6.40297
    annual_cost: 17.491570318149236
    efficiency: 0.726817
    discharge_ratio: 5
    depth_of_discharge: 0.5
  VRBF:
    cost: 256.933
    lifetime: 12.2238
    annual_cost: 21.01907753726337
    efficiency: 0.790435
    discharge_ratio: 0.5
    depth_of_discharge: 1.0
