cost_values:
  wind_capex: 5000.0
  wind_opex: 100
  wind_lifetime: 20
  solar_capex: 1000.0
  solar_opex: 10
  solar_lifetime: 20
  carbon_price: 1.0
timeseries_values:
  load_level: 298689.066470143
  wind_year: 2010
  solar_year: 2016
  price_year: 2023
  carbon_year: 2023
storage_values:
  CAES:
    cost: 55.5077
    lifetime: 21.5066
    annual_cost: 2.580961193308101
    efficiency: 0.628842
    discharge_ratio: 0.1
    depth_of_discharge: 0.4
  Li-ion:
    cost: 183.141
    lifetime: 27.8863
    annual_cost: 6.567418409756763
    efficiency: 0.919717
    discharge_ratio: 2
    depth_of_discharge: 0.9
  Pb-acid:
    cost: 110.22
    lifetime: 7.33191
    annual_cost: 15.032917752672905
    efficiency: 0.71905
    discharge_ratio: 5
    depth_of_discharge: 0.5
  VRBF:
    cost: 258.359
    lifetime: 13.1552
    annual_cost: 19.6393061298954
    efficiency: 0.806655
    discharge_ratio: 0.5
    depth_of_discharge: 1.0
