cost_values:
  wind_capex: 5000.0
  wind_opex: 100
  wind_lifetime: 20
  solar_capex: 1000.0
  solar_opex: 10
  solar_lifetime: 20
  carbon_price: 1.0
timeseries_values:
  load_level: 298689.066470143
  wind_year: 2010
  solar_year: 2016
  price_year: 2023
  carbon_year: 2023
storage_values:
  CAES:
    cost: 47.1023
    lifetime: 20.626
    annual_cost: 2.2836371569863276
    efficiency: 0.615424
    discharge_ratio: 0.1
    depth_of_discharge: 0.4
  Li-ion:
    cost: 158.766
    lifetime: 24.6008
    annual_cost: 6.453692562843485
    efficiency: 0.919088
    discharge_ratio: 2
    depth_of_discharge: 0.9
  Pb-acid:
    cost: 139.492
    lifetime: 7.24076
    annual_cost: 19.264828553908703
    efficiency: 0.725146
    discharge_ratio: 5
    depth_of_discharge: 0.5
  VRBF:
    cost: 261.322
    lifetime: 12.6048
    annual_cost: 20.731943386646357
    efficiency: 0.78494
    discharge_ratio: 0.5
    depth_of_discharge: 1.0
