cost_values:
  wind_capex: 5000.0
  wind_opex: 100
  wind_lifetime: 20
  solar_capex: 1000.0
  solar_opex: 10
  solar_lifetime: 20
  carbon_price: 1.0
timeseries_values:
  load_level: 298689.066470143
  wind_year: 2010
  solar_year: 2016
  price_year: 2023
  carbon_year: 2023
storage_values:
  CAES:
    cost: 46.7412
    lifetime: 21.5463
    annual_cost: 2.1693376589019926
    efficiency: 0.626321
    discharge_ratio: 0.1
    depth_of_discharge: 0.4
  Li-ion:
    cost: 164.25
    lifetime: 27.1642
    annual_cost: 6.046561282864947
    efficiency: 0.90966
    discharge_ratio: 2
    depth_of_discharge: 0.9
  Pb-acid:
    cost: 115.429
    lifetime: 5.61352
    annual_cost: 20.562677250637744
    efficiency: 0.714596
    discharge_ratio: 5
    depth_of_discharge: 0.5
  VRBF:
    cost: 262.625
    lifetime: 12.5531
    annual_cost: 20.921127052281907
    efficiency: 0.809066
    discharge_ratio: 0.5
    depth_of_discharge: 1.0
