cost_values:
  wind_capex: 5000.0
  wind_opex: 100
  wind_lifetime: 20
  solar_capex: 1000.0
  solar_opex: 10
  solar_lifetime: 20
  carbon_price: 1.0
timeseries_values:
  load_level: 298689.066470143
  wind_year: 2010
  solar_year: 2016
  price_year: 2023
  carbon_year: 2023
storage_values:
  CAES:
    cost: 46.1656
    lifetime: 20.5898
    annual_cost: 2.2421587387929947
    efficiency: 0.621823
    discharge_ratio: 0.1
    depth_of_discharge: 0.4
  Li-ion:
    cost: 161.624
    lifetime: 25.1786
    annual_cost: 6.419101935770853
    efficiency: 0.906544
    discharge_ratio: 2
    depth_of_discharge: 0.9
  Pb-acid:
    cost: 125.46
    lifetime: 6.65151
    annual_cost: 18.861882489840653
    efficiency: 0.717874
    discharge_ratio: 5
    depth_of_discharge: 0.5
  VRBF:
    cost: 256.272
    lifetime: 13.6031
    annual_cost: 18.83923517433526
    efficiency: 0.781901
    discharge_ratio: 0.5
    depth_of_discharge: 1.0
