cost_values:
  wind_capex: 5000.0
  wind_opex: 100
  wind_lifetime: 20
  solar_capex: 1000.0
  solar_opex: 10
  solar_lifetime: 20
  carbon_price: 1.0
timeseries_values:
  load_level: 298689.066470143
  wind_year: 2010
  solar_year: 2016
  price_year: 2023
  carbon_year: 2023
storage_values:
  CAES:
    cost: 48.7369
    lifetime: 20.0711
    annual_cost: 2.4282127038378563
    efficiency: 0.616688
    discharge_ratio: 0.1
    depth_of_discharge: 0.4
  Li-ion:
    cost: 148.788
    lifetime: 26.1823
    annual_cost: 5.682770421238776
    efficiency: 0.905513
    discharge_ratio: 2
    depth_of_discharge: 0.9
  Pb-acid:
    cost: 121.83
    lifetime: 7.02002
    annual_cost: 17.35465141124954
    efficiency: 0.738117
    discharge_ratio: 5
    depth_of_discharge: 0.5
  VRBF:
    cost: 245.292
    lifetime: 12.4719
    annual_cost: 19.667572703437326
    efficiency: 0.78312
    discharge_ratio: 0.5
    depth_of_discharge: 1.0
