cost_values:
  wind_capex: 5000.0
  wind_opex: 100
  wind_lifetime: 20
  solar_capex: 1000.0
  solar_opex: 10
  solar_lifetime: 20
  carbon_price: 1.0
timeseries_values:
  load_level: 298689.066470143
  wind_year: 2010
  solar_year: 2016
  price_year: 2023
  carbon_year: 2023
storage_values:
  CAES:
    cost: 48.6436
    lifetime: 21.0611
    annual_cost: 2.3096419465270097
    efficiency: 0.621781
    discharge_ratio: 0.1
    depth_of_discharge: 0.4
  Li-ion:
    cost: 178.416
    lifetime: 26.1765
    annual_cost: 6.815884476534296
    efficiency: 0.911893
    discharge_ratio: 2
    depth_of_discharge: 0.9
  Pb-acid:
    cost: 131.117
    lifetime: 6.01273
    annual_cost: 21.806567066873114
    efficiency: 0.727313
    discharge_ratio: 5
    depth_of_discharge: 0.5
  VRBF:
    cost: 236.419
    lifetime: 13.5605
    annual_cost: 17.434386637660854
    efficiency: 0.787242
    discharge_ratio: 0.5
    depth_of_discharge: 1.0
