cost_values:
  wind_capex: 5000.0
  wind_opex: 100
  wind_lifetime: 20
  solar_capex: 1000.0
  solar_opex: 10
  solar_lifetime: 20
  carbon_price: 1.0
timeseries_values:
  load_level: 298689.066470143
  wind_year: 2010
  solar_year: 2016
  price_year: 2023
  carbon_year: 2023
storage_values:
  CAES:
    cost: 44.3111
    lifetime: 20.8658
    annual_cost: 2.123623345378562
    efficiency: 0.611595
    discharge_ratio: 0.1
    depth_of_discharge: 0.4
  Li-ion:
    cost: 141.663
    lifetime: 26.076
    annual_cost: 5.432696732627704
    efficiency: 0.90887
    discharge_ratio: 2
    depth_of_discharge: 0.9
  Pb-acid:
    cost: 111.372
    lifetime: 7.27902
    annual_cost: 15.300411319106143
    efficiency: 0.729405
    discharge_ratio: 5
    depth_of_discharge: 0.5
  VRBF:
    cost: 259.691
    lifetime: 12.1566
    annual_cost: 21.36214073013836
    efficiency: 0.780922
    discharge_ratio: 0.5
    depth_of_discharge: 1.0
