cost_values:
  wind_capex: 5000.0
  wind_opex: 100
  wind_lifetime: 20
  solar_capex: 1000.0
  solar_opex: 10
  solar_lifetime: 20
  carbon_price: 1.0
timeseries_values:
  load_level: 298689.066470143
  wind_year: 2010
  solar_year: 2016
  price_year: 2023
  carbon_year: 2023
storage_values:
  CAES:
    cost: 49.3978
    lifetime: 20.647
    annual_cost: 2.392492856105003
    efficiency: 0.627292
    discharge_ratio: 0.1
    depth_of_discharge: 0.4
  Li-ion:
    cost: 160.826
    lifetime: 24.7361
    annual_cost: 6.501671645894057
    efficiency: 0.898599
    discharge_ratio: 2
    depth_of_discharge: 0.9
  Pb-acid:
    cost: 140.361
    lifetime: 6.77619
    annual_cost: 20.713852474620694
    efficiency: 0.713394
    discharge_ratio: 5
    depth_of_discharge: 0.5
  VRBF:
    cost: 267.182
    lifetime: 12.9193
    annual_cost: 20.68084184127623
    efficiency: 0.772738
    discharge_ratio: 0.5
    depth_of_discharge: 1.0
