cost_values:
  wind_capex: 5000.0
  wind_opex: 100
  wind_lifetime: 20
  solar_capex: 1000.0
  solar_opex: 10
  solar_lifetime: 20
  carbon_price: 1.0
timeseries_values:
  load_level: 298689.066470143
  wind_year: 2010
  solar_year: 2016
  price_year: 2023
  carbon_year: 2023
storage_values:
  CAES:
    cost: 50.0897
    lifetime: 20.1689
    annual_cost: 2.483511743327598
    efficiency: 0.624375
    discharge_ratio: 0.1
    depth_of_discharge: 0.4
  Li-ion:
    cost: 175.277
    lifetime: 23.8967
    annual_cost: 7.334778442211686
    efficiency: 0.906144
    discharge_ratio: 2
    depth_of_discharge: 0.9
  Pb-acid:
    cost: 120.614
    lifetime: 6.53071
    annual_cost: 18.468742296013758
    efficiency: 0.73566
    discharge_ratio: 5
    depth_of_discharge: 0.5
  VRBF:
    cost: 248.345
    lifetime: 13.2518
    annual_cost: 18.74047299234821
    efficiency: 0.799448
    discharge_ratio: 0.5
    depth_of_discharge: 1.0
