cost_values:
  wind_capex: 5000.0
  wind_opex: 100
  wind_lifetime: 20
  solar_capex: 1000.0
  solar_opex: 10
  solar_lifetime: 20
  carbon_price: 1.0
timeseries_values:
  load_level: 298689.066470143
  wind_year: 2010
  solar_year: 2016
  price_year: 2023
  carbon_year: 2023
storage_values:
  CAES:
    cost: 52.2498
    lifetime: 20.6012
    annual_cost: 2.536250315515601
    efficiency: 0.625358
    discharge_ratio: 0.1
    depth_of_discharge: 0.4
  Li-ion:
    cost: 170.006
    lifetime: 26.9206
    annual_cost: 6.315089559668061
    efficiency: 0.902739
    discharge_ratio: 2
    depth_of_discharge: 0.9
  Pb-acid:
    cost: 110.098
    lifetime: 6.7119
    annual_cost: 16.403402911247188
    efficiency: 0.72262
    discharge_ratio: 5
    depth_of_discharge: 0.5
  VRBF:
    cost: 241.077
    lifetime: 13.5907
    annual_cost: 17.73837992156401
    efficiency: 0.760237
    discharge_ratio: 0.5
    depth_of_discharge: 1.0
