cost_values:
  wind_capex: 5000.0
  wind_opex: 100
  wind_lifetime: 20
  solar_capex: 1000.0
  solar_opex: 10
  solar_lifetime: 20
  carbon_price: 1.0
timeseries_values:
  load_level: 298689.066470143
  wind_year: 2010
  solar_year: 2016
  price_year: 2023
  carbon_year: 2023
storage_values:
  CAES:
    cost: 45.0087
    lifetime: 21.1773
    annual_cost: 2.125327591336006
    efficiency: 0.621453
    discharge_ratio: 0.1
    depth_of_discharge: 0.4
  Li-ion:
    cost: 177.871
    lifetime: 26.4968
    annual_cost: 6.712923824763745
    efficiency: 0.909918
    discharge_ratio: 2
    depth_of_discharge: 0.9
  Pb-acid:
    cost: 113.16
    lifetime: 7.34831
    annual_cost: 15.399459195379618
    efficiency: 0.719892
    discharge_ratio: 5
    depth_of_discharge: 0.5
  VRBF:
    cost: 246.08
    lifetime: 12.663
    annual_cost: 19.43299376135197
    efficiency: 0.785507
    discharge_ratio: 0.5
    depth_of_discharge: 1.0
