cost_values:
  wind_capex: 5000.0
  wind_opex: 100
  wind_lifetime: 20
  solar_capex: 1000.0
  solar_opex: 10
  solar_lifetime: 20
  carbon_price: 1.0
timeseries_values:
  load_level: 298689.066470143
  wind_year: 2010
  solar_year: 2016
  price_year: 2023
  carbon_year: 2023
storage_values:
  CAES:
    cost: 46.983
    lifetime: 20.0589
    annual_cost: 2.342252067660739
    efficiency: 0.628308
    discharge_ratio: 0.1
    depth_of_discharge: 0.4
  Li-ion:
    cost: 169.386
    lifetime: 24.9031
    annual_cost: 6.801803791495838
    efficiency: 0.909307
    discharge_ratio: 2
    depth_of_discharge: 0.9
  Pb-acid:
    cost: 131.633
    lifetime: 6.30716
    annual_cost: 20.870407600251145
    efficiency: 0.718708
    discharge_ratio: 5
    depth_of_discharge: 0.5
  VRBF:
    cost: 232.267
    lifetime: 12.4471
    annual_cost: 18.660330518755373
    efficiency: 0.7939
    discharge_ratio: 0.5
    depth_of_discharge: 1.0
