cost_values:
  wind_capex: 5000.0
  wind_opex: 100
  wind_lifetime: 20
  solar_capex: 1000.0
  solar_opex: 10
  solar_lifetime: 20
  carbon_price: 1.0
timeseries_values:
  load_level: 298689.066470143
  wind_year: 2010
  solar_year: 2016
  price_year: 2023
  carbon_year: 2023
storage_values:
  CAES:
    cost: 52.7606
    lifetime: 21.9183
    annual_cost: 2.407148364608569
    efficiency: 0.615718
    discharge_ratio: 0.1
    depth_of_discharge: 0.4
  Li-ion:
    cost: 162.9
    lifetime: 28.6349
    annual_cost: 5.688862192639053
    efficiency: 0.898562
    discharge_ratio: 2
    depth_of_discharge: 0.9
  Pb-acid:
    cost: 109.942
    lifetime: 7.59068
    annual_cost: 14.483814361822656
    efficiency: 0.741621
    discharge_ratio: 5
    depth_of_discharge: 0.5
  VRBF:
    cost: 262.386
    lifetime: 13.3596
    annual_cost: 19.64025869037995
    efficiency: 0.79964
    discharge_ratio: 0.5
    depth_of_discharge: 1.0
