cost_values:
  wind_capex: 5000.0
  wind_opex: 100
  wind_lifetime: 20
  solar_capex: 1000.0
  solar_opex: 10
  solar_lifetime: 20
  carbon_price: 1.0
timeseries_values:
  load_level: 298689.066470143
  wind_year: 2010
  solar_year: 2016
  price_year: 2023
  carbon_year: 2023
storage_values:
  CAES:
    cost: 48.3552
    lifetime: 21.506
    annual_cost: 2.248451594903748
    efficiency: 0.615333
    discharge_ratio: 0.1
    depth_of_discharge: 0.4
  Li-ion:
    cost: 173.492
    lifetime: 24.8802
    annual_cost: 6.9730950715830256
    efficiency: 0.914525
    discharge_ratio: 2
    depth_of_discharge: 0.9
  Pb-acid:
    cost: 145.967
    lifetime: 6.30369
    annual_cost: 23.15580239510509
    efficiency: 0.725155
    discharge_ratio: 5
    depth_of_discharge: 0.5
  VRBF:
    cost: 255.266
    lifetime: 13.2517
    annual_cost: 19.262887025815555
    efficiency: 0.791711
    discharge_ratio: 0.5
    depth_of_discharge: 1.0
