cost_values:
  wind_capex: 5000.0
  wind_opex: 100
  wind_lifetime: 20
  solar_capex: 1000.0
  solar_opex: 10
  solar_lifetime: 20
  carbon_price: 1.0
timeseries_values:
  load_level: 298689.066470143
  wind_year: 2010
  solar_year: 2016
  price_year: 2023
  carbon_year: 2023
storage_values:
  CAES:
    cost: 41.8066
    lifetime: 21.2084
    annual_cost: 1.9712283812074463
    efficiency: 0.62369
    discharge_ratio: 0.1
    depth_of_discharge: 0.4
  Li-ion:
    cost: 158.818
    lifetime: 26.9262
    annual_cost: 5.898270086384265
    efficiency: 0.914261
    discharge_ratio: 2
    depth_of_discharge: 0.9
  Pb-acid:
    cost: 119.135
    lifetime: 7.09231
    annual_cost: 16.797771107015908
    efficiency: 0.725772
    discharge_ratio: 5
    depth_of_discharge: 0.5
  VRBF:
    cost: 228.371
    lifetime: 12.1744
    annual_cost: 18.75829609672756
    efficiency: 0.795249
    discharge_ratio: 0.5
    depth_of_discharge: 1.0
