cost_values:
  wind_capex: 5000.0
  wind_opex: 100
  wind_lifetime: 20
  solar_capex: 1000.0
  solar_opex: 10
  solar_lifetime: 20
  carbon_price: 1.0
timeseries_values:
  load_level: 298689.066470143
  wind_year: 2010
  solar_year: 2016
  price_year: 2023
  carbon_year: 2023
storage_values:
  CAES:
    cost: 52.6759
    lifetime: 20.4427
    annual_cost: 2.576758451672235
    efficiency: 0.606807
    discharge_ratio: 0.1
    depth_of_discharge: 0.4
  Li-ion:
    cost: 176.273
    lifetime: 25.7532
    annual_cost: 6.8447027942158645
    efficiency: 0.916297
    discharge_ratio: 2
    depth_of_discharge: 0.9
  Pb-acid:
    cost: 128.61
    lifetime: 8.24736
    annual_cost: 15.594081015015714
    efficiency: 0.714477
    discharge_ratio: 5
    depth_of_discharge: 0.5
  VRBF:
    cost: 259.138
    lifetime: 12.8244
    annual_cost: 20.206637347556217
    efficiency: 0.795668
    discharge_ratio: 0.5
    depth_of_discharge: 1.0
