cost_values:
  wind_capex: 5000.0
  wind_opex: 100
  wind_lifetime: 20
  solar_capex: 1000.0
  solar_opex: 10
  solar_lifetime: 20
  carbon_price: 1.0
timeseries_values:
  load_level: 298689.066470143
  wind_year: 2010
  solar_year: 2016
  price_year: 2023
  carbon_year: 2023
storage_values:
  CAES:
    cost: 42.8861
    lifetime: 20.4686
    annual_cost: 2.095214132866928
    efficiency: 0.62375
    discharge_ratio: 0.1
    depth_of_discharge: 0.4
  Li-ion:
    cost: 171.163
    lifetime: 26.0631
    annual_cost: 6.5672540871960745
    efficiency: 0.911861
    discharge_ratio: 2
    depth_of_discharge: 0.9
  Pb-acid:
    cost: 129.231
    lifetime: 6.47804
    annual_cost: 19.94908953942859
    efficiency: 0.720959
    discharge_ratio: 5
    depth_of_discharge: 0.5
  VRBF:
    cost: 249.626
    lifetime: 12.9759
    annual_cost: 19.237663668801396
    efficiency: 0.794757
    discharge_ratio: 0.5
    depth_of_discharge: 1.0
