cost_values:
  wind_capex: 5000.0
  wind_opex: 100
  wind_lifetime: 20
  solar_capex: 1000.0
  solar_opex: 10
  solar_lifetime: 20
  carbon_price: 1.0
timeseries_values:
  load_level: 298689.066470143
  wind_year: 2010
  solar_year: 2016
  price_year: 2023
  carbon_year: 2023
storage_values:
  CAES:
    cost: 56.4147
    lifetime: 21.0704
    annual_cost: 2.677438491912826
    efficiency: 0.613976
    discharge_ratio: 0.1
    depth_of_discharge: 0.4
  Li-ion:
    cost: 163.039
    lifetime: 25.2653
    annual_cost: 6.453079915932128
    efficiency: 0.902709
    discharge_ratio: 2
    depth_of_discharge: 0.9
  Pb-acid:
    cost: 117.866
    lifetime: 6.50302
    annual_cost: 18.12480970379916
    efficiency: 0.723993
    discharge_ratio: 5
    depth_of_discharge: 0.5
  VRBF:
    cost: 260.182
    lifetime: 12.4793
    annual_cost: 20.849086086559343
    efficiency: 0.785216
    discharge_ratio: 0.5
    depth_of_discharge: 1.0
