cost_values:
  wind_capex: 5000.0
  wind_opex: 100
  wind_lifetime: 20
  solar_capex: 1000.0
  solar_opex: 10
  solar_lifetime: 20
  carbon_price: 1.0
timeseries_values:
  load_level: 298689.066470143
  wind_year: 2010
  solar_year: 2016
  price_year: 2023
  carbon_year: 2023
storage_values:
  CAES:
    cost: 47.8032
    lifetime: 21.4169
    annual_cost: 2.232031713273163
    efficiency: 0.615376
    discharge_ratio: 0.1
    depth_of_discharge: 0.4
  Li-ion:
    cost: 166.863
    lifetime: 26.8237
    annual_cost: 6.220730175180904
    efficiency: 0.908622
    discharge_ratio: 2
    depth_of_discharge: 0.9
  Pb-acid:
    cost: 126.83
    lifetime: 8.07307
    annual_cost: 15.710256445193712
    efficiency: 0.737528
    discharge_ratio: 5
    depth_of_discharge: 0.5
  VRBF:
    cost: 286.35
    lifetime: 14.4407
    annual_cost: 19.829371152367962
    efficiency: 0.796867
    discharge_ratio: 0.5
    depth_of_discharge: 1.0
