cost_values:
  wind_capex: 5000.0
  wind_opex: 100
  wind_lifetime: 20
  solar_capex: 1000.0
  solar_opex: 10
  solar_lifetime: 20
  carbon_price: 1.0
timeseries_values:
  load_level: 298689.066470143
  wind_year: 2010
  solar_year: 2016
  price_year: 2023
  carbon_year: 2023
storage_values:
  CAES:
    cost: 49.3473
    lifetime: 21.2349
    annual_cost: 2.323877202153059
    efficiency: 0.627585
    discharge_ratio: 0.1
    depth_of_discharge: 0.4
  Li-ion:
    cost: 183.098
    lifetime: 26.1699
    annual_cost: 6.996511259118301
    efficiency: 0.894621
    discharge_ratio: 2
    depth_of_discharge: 0.9
  Pb-acid:
    cost: 131.115
    lifetime: 6.77642
    annual_cost: 19.34871215184419
    efficiency: 0.722337
    discharge_ratio: 5
    depth_of_discharge: 0.5
  VRBF:
    cost: 235.511
    lifetime: 12.3763
    annual_cost: 19.02919289286782
    efficiency: 0.781192
    discharge_ratio: 0.5
    depth_of_discharge: 1.0
