cost_values:
  wind_capex: 5000.0
  wind_opex: 100
  wind_lifetime: 20
  solar_capex: 1000.0
  solar_opex: 10
  solar_lifetime: 20
  carbon_price: 1.0
timeseries_values:
  load_level: 298689.066470143
  wind_year: 2010
  solar_year: 2016
  price_year: 2023
  carbon_year: 2023
storage_values:
  CAES:
    cost: 49.1891
    lifetime: 20.1743
    annual_cost: 2.438206034410116
    efficiency: 0.628339
    discharge_ratio: 0.1
    depth_of_discharge: 0.4
  Li-ion:
    cost: 171.952
    lifetime: 24.94
    annual_cost: 6.894627105052125
    efficiency: 0.904044
    discharge_ratio: 2
    depth_of_discharge: 0.9
  Pb-acid:
    cost: 114.878
    lifetime: 5.08725
    annual_cost: 22.58155191901322
    efficiency: 0.717643
    discharge_ratio: 5
    depth_of_discharge: 0.5
  VRBF:
    cost: 240.688
    lifetime: 11.3728
    annual_cost: 21.16347777152504
    efficiency: 0.786941
    discharge_ratio: 0.5
    depth_of_discharge: 1.0
