cost_values:
  wind_capex: 5000.0
  wind_opex: 100
  wind_lifetime: 20
  solar_capex: 1000.0
  solar_opex: 10
  solar_lifetime: 20
  carbon_price: 1.0
timeseries_values:
  load_level: 298689.066470143
  wind_year: 2010
  solar_year: 2016
  price_year: 2023
  carbon_year: 2023
storage_values:
  CAES:
    cost: 46.9682
    lifetime: 20.7566
    annual_cost: 2.2628079743310563
    efficiency: 0.618918
    discharge_ratio: 0.1
    depth_of_discharge: 0.4
  Li-ion:
    cost: 162.673
    lifetime: 24.8191
    annual_cost: 6.554347256749843
    efficiency: 0.90488
    discharge_ratio: 2
    depth_of_discharge: 0.9
  Pb-acid:
    cost: 140.578
    lifetime: 6.47631
    annual_cost: 21.706496446278823
    efficiency: 0.728966
    discharge_ratio: 5
    depth_of_discharge: 0.5
  VRBF:
    cost: 225.171
    lifetime: 11.0943
    annual_cost: 20.29609799626835
    efficiency: 0.780053
    discharge_ratio: 0.5
    depth_of_discharge: 1.0
