cost_values:
  wind_capex: 5000.0
  wind_opex: 100
  wind_lifetime: 20
  solar_capex: 1000.0
  solar_opex: 10
  solar_lifetime: 20
  carbon_price: 1.0
timeseries_values:
  load_level: 298689.066470143
  wind_year: 2010
  solar_year: 2016
  price_year: 2023
  carbon_year: 2023
storage_values:
  CAES:
    cost: 57.5173
    lifetime: 20.9879
    annual_cost: 2.740498096522282
    efficiency: 0.619749
    discharge_ratio: 0.1
    depth_of_discharge: 0.4
  Li-ion:
    cost: 167.258
    lifetime: 26.3746
    annual_cost: 6.341631721428951
    efficiency: 0.895954
    discharge_ratio: 2
    depth_of_discharge: 0.9
  Pb-acid:
    cost: 128.866
    lifetime: 6.06289
    annual_cost: 21.254880098434906
    efficiency: 0.733366
    discharge_ratio: 5
    depth_of_discharge: 0.5
  VRBF:
    cost: 257.112
    lifetime: 14.6582
    annual_cost: 17.540489282449414
    efficiency: 0.787714
    discharge_ratio: 0.5
    depth_of_discharge: 1.0
