cost_values:
  wind_capex: 5000.0
  wind_opex: 100
  wind_lifetime: 20
  solar_capex: 1000.0
  solar_opex: 10
  solar_lifetime: 20
  carbon_price: 1.0
timeseries_values:
  load_level: 298689.066470143
  wind_year: 2010
  solar_year: 2016
  price_year: 2023
  carbon_year: 2023
storage_values:
  CAES:
    cost: 51.1557
    lifetime: 21.0237
    annual_cost: 2.433239629560924
    efficiency: 0.618933
    discharge_ratio: 0.1
    depth_of_discharge: 0.4
  Li-ion:
    cost: 164.627
    lifetime: 25.9529
    annual_cost: 6.343298822096953
    efficiency: 0.907217
    discharge_ratio: 2
    depth_of_discharge: 0.9
  Pb-acid:
    cost: 115.454
    lifetime: 5.23603
    annual_cost: 22.04991186070362
    efficiency: 0.734852
    discharge_ratio: 5
    depth_of_discharge: 0.5
  VRBF:
    cost: 253.348
    lifetime: 12.7983
    annual_cost: 19.79544158208512
    efficiency: 0.7667
    discharge_ratio: 0.5
    depth_of_discharge: 1.0
