cost_values:
  wind_capex: 5000.0
  wind_opex: 100
  wind_lifetime: 20
  solar_capex: 1000.0
  solar_opex: 10
  solar_lifetime: 20
  carbon_price: 1.0
timeseries_values:
  load_level: 298689.066470143
  wind_year: 2010
  solar_year: 2016
  price_year: 2023
  carbon_year: 2023
storage_values:
  CAES:
    cost: 45.6275
    lifetime: 21.7512
    annual_cost: 2.0977003567619255
    efficiency: 0.615767
    discharge_ratio: 0.1
    depth_of_discharge: 0.4
  Li-ion:
    cost: 178.198
    lifetime: 26.5759
    annual_cost: 6.7052479878386055
    efficiency: 0.917925
    discharge_ratio: 2
    depth_of_discharge: 0.9
  Pb-acid:
    cost: 126.797
    lifetime: 5.79945
    annual_cost: 21.86362499892231
    efficiency: 0.734843
    discharge_ratio: 5
    depth_of_discharge: 0.5
  VRBF:
    cost: 270.436
    lifetime: 11.3764
    annual_cost: 23.77166766288105
    efficiency: 0.780017
    discharge_ratio: 0.5
    depth_of_discharge: 1.0
