cost_values:
  wind_capex: 5000.0
  wind_opex: 100
  wind_lifetime: 20
  solar_capex: 1000.0
  solar_opex: 10
  solar_lifetime: 20
  carbon_price: 1.0
timeseries_values:
  load_level: 298689.066470143
  wind_year: 2010
  solar_year: 2016
  price_year: 2023
  carbon_year: 2023
storage_values:
  CAES:
    cost: 41.2636
    lifetime: 21.1718
    annual_cost: 1.9489887491852367
    efficiency: 0.609252
    discharge_ratio: 0.1
    depth_of_discharge: 0.4
  Li-ion:
    cost: 159.099
    lifetime: 27.616
    annual_cost: 5.76111674391657
    efficiency: 0.908392
    discharge_ratio: 2
    depth_of_discharge: 0.9
  Pb-acid:
    cost: 117.105
    lifetime: 5.39508
    annual_cost: 21.70588758646767
    efficiency: 0.734776
    discharge_ratio: 5
    depth_of_discharge: 0.5
  VRBF:
    cost: 245.604
    lifetime: 12.1721
    annual_cost: 20.177619309732915
    efficiency: 0.802246
    discharge_ratio: 0.5
    depth_of_discharge: 1.0
