cost_values:
  wind_capex: 5000.0
  wind_opex: 100
  wind_lifetime: 20
  solar_capex: 1000.0
  solar_opex: 10
  solar_lifetime: 20
  carbon_price: 1.0
timeseries_values:
  load_level: 298689.066470143
  wind_year: 2010
  solar_year: 2016
  price_year: 2023
  carbon_year: 2023
storage_values:
  CAES:
    cost: 49.072
    lifetime: 20.4126
    annual_cost: 2.404005369232729
    efficiency: 0.614229
    discharge_ratio: 0.1
    depth_of_discharge: 0.4
  Li-ion:
    cost: 132.313
    lifetime: 26.7119
    annual_cost: 4.953335404819574
    efficiency: 0.910306
    discharge_ratio: 2
    depth_of_discharge: 0.9
  Pb-acid:
    cost: 131.572
    lifetime: 7.44726
    annual_cost: 17.66716886479054
    efficiency: 0.741241
    discharge_ratio: 5
    depth_of_discharge: 0.5
  VRBF:
    cost: 239.601
    lifetime: 13.4905
    annual_cost: 17.76072050702346
    efficiency: 0.799417
    discharge_ratio: 0.5
    depth_of_discharge: 1.0
