cost_values:
  wind_capex: 5000.0
  wind_opex: 100
  wind_lifetime: 20
  solar_capex: 1000.0
  solar_opex: 10
  solar_lifetime: 20
  carbon_price: 1.0
timeseries_values:
  load_level: 298689.066470143
  wind_year: 2010
  solar_year: 2016
  price_year: 2023
  carbon_year: 2023
storage_values:
  CAES:
    cost: 45.9544
    lifetime: 20.5048
    annual_cost: 2.241153290936756
    efficiency: 0.618945
    discharge_ratio: 0.1
    depth_of_discharge: 0.4
  Li-ion:
    cost: 176.763
    lifetime: 26.1196
    annual_cost: 6.767446668402274
    efficiency: 0.905172
    discharge_ratio: 2
    depth_of_discharge: 0.9
  Pb-acid:
    cost: 106.864
    lifetime: 5.52114
    annual_cost: 19.355422974240827
    efficiency: 0.717236
    discharge_ratio: 5
    depth_of_discharge: 0.5
  VRBF:
    cost: 228.804
    lifetime: 11.2089
    annual_cost: 20.412707759012928
    efficiency: 0.781683
    discharge_ratio: 0.5
    depth_of_discharge: 1.0
