cost_values:
  wind_capex: 5000.0
  wind_opex: 100
  wind_lifetime: 20
  solar_capex: 1000.0
  solar_opex: 10
  solar_lifetime: 20
  carbon_price: 1.0
timeseries_values:
  load_level: 246537.59801169753
  wind_year: 2010
  solar_year: 2019
  price_year: 2023
  carbon_year: 2023
storage_values:
  CAES:
    cost: 64.2949
    lifetime: 23.1795
    annual_cost: 2.7737828684829267
    efficiency: 0.583195
    discharge_ratio: 0.1
    depth_of_discharge: 0.4
  Li-ion:
    cost: 147.091
    lifetime: 23.039
    annual_cost: 6.384435088328487
    efficiency: 0.902275
    discharge_ratio: 2
    depth_of_discharge: 0.9
  Pb-acid:
    cost: 233.0
    lifetime: 12.1472
    annual_cost: 19.181375131717598
    efficiency: 0.775648
    discharge_ratio: 5
    depth_of_discharge: 0.5
  VRBF:
    cost: 192.431
    lifetime: 27.2067
    annual_cost: 7.0729268893324075
    efficiency: 0.794274
    discharge_ratio: 0.5
    depth_of_discharge: 1.0
