cost_values:
  wind_capex: 5000.0
  wind_opex: 100
  wind_lifetime: 20
  solar_capex: 1000.0
  solar_opex: 10
  solar_lifetime: 20
  carbon_price: 1.0
timeseries_values:
  load_level: 246537.59801169753
  wind_year: 2010
  solar_year: 2019
  price_year: 2023
  carbon_year: 2023
storage_values:
  CAES:
    cost: 58.2557
    lifetime: 22.7241
    annual_cost: 2.563608679771696
    efficiency: 0.575899
    discharge_ratio: 0.1
    depth_of_discharge: 0.4
  Li-ion:
    cost: 110.541
    lifetime: 23.7727
    annual_cost: 4.649913556306183
    efficiency: 0.904684
    discharge_ratio: 2
    depth_of_discharge: 0.9
  Pb-acid:
    cost: 229.856
    lifetime: 12.2515
    annual_cost: 18.761457780679915
    efficiency: 0.7931
    discharge_ratio: 5
    depth_of_discharge: 0.5
  VRBF:
    cost: 180.231
    lifetime: 25.6247
    annual_cost: 7.03348722131381
    efficiency: 0.775612
    discharge_ratio: 0.5
    depth_of_discharge: 1.0
