cost_values:
  wind_capex: 5000.0
  wind_opex: 100
  wind_lifetime: 20
  solar_capex: 1000.0
  solar_opex: 10
  solar_lifetime: 20
  carbon_price: 1.0
timeseries_values:
  load_level: 246537.59801169753
  wind_year: 2010
  solar_year: 2019
  price_year: 2023
  carbon_year: 2023
storage_values:
  CAES:
    cost: 65.9088
    lifetime: 23.2103
    annual_cost: 2.8396358513246276
    efficiency: 0.580846
    discharge_ratio: 0.1
    depth_of_discharge: 0.4
  Li-ion:
    cost: 125.556
    lifetime: 21.6337
    annual_cost: 5.803722895297614
    efficiency: 0.891572
    discharge_ratio: 2
    depth_of_discharge: 0.9
  Pb-acid:
    cost: 203.839
    lifetime: 13.1647
    annual_cost: 15.483755801499465
    efficiency: 0.793656
    discharge_ratio: 5
    depth_of_discharge: 0.5
  VRBF:
    cost: 174.3
    lifetime: 25.5627
    annual_cost: 6.818528559189757
    efficiency: 0.761101
    discharge_ratio: 0.5
    depth_of_discharge: 1.0
