cost_values:
  wind_capex: 5000.0
  wind_opex: 100
  wind_lifetime: 20
  solar_capex: 1000.0
  solar_opex: 10
  solar_lifetime: 20
  carbon_price: 1.0
timeseries_values:
  load_level: 246537.59801169753
  wind_year: 2010
  solar_year: 2019
  price_year: 2023
  carbon_year: 2023
storage_values:
  CAES:
    cost: 60.6473
    lifetime: 22.3589
    annual_cost: 2.7124456033168003
    efficiency: 0.588097
    discharge_ratio: 0.1
    depth_of_discharge: 0.4
  Li-ion:
    cost: 115.962
    lifetime: 20.1382
    annual_cost: 5.758310077365405
    efficiency: 0.899861
    discharge_ratio: 2
    depth_of_discharge: 0.9
  Pb-acid:
    cost: 219.058
    lifetime: 11.4035
    annual_cost: 19.209716315166396
    efficiency: 0.777355
    discharge_ratio: 5
    depth_of_discharge: 0.5
  VRBF:
    cost: 186.588
    lifetime: 25.214
    annual_cost: 7.4001745062266995
    efficiency: 0.791281
    discharge_ratio: 0.5
    depth_of_discharge: 1.0
