cost_values:
  wind_capex: 5000.0
  wind_opex: 100
  wind_lifetime: 20
  solar_capex: 1000.0
  solar_opex: 10
  solar_lifetime: 20
  carbon_price: 1.0
timeseries_values:
  load_level: 246537.59801169753
  wind_year: 2010
  solar_year: 2019
  price_year: 2023
  carbon_year: 2023
storage_values:
  CAES:
    cost: 62.5882
    lifetime: 23.8605
    annual_cost: 2.623088367804531
    efficiency: 0.584164
    discharge_ratio: 0.1
    depth_of_discharge: 0.4
  Li-ion:
    cost: 144.557
    lifetime: 20.4408
    annual_cost: 7.071983484012367
    efficiency: 0.904818
    discharge_ratio: 2
    depth_of_discharge: 0.9
  Pb-acid:
    cost: 221.414
    lifetime: 14.5068
    annual_cost: 15.26277332009816
    efficiency: 0.77421
    discharge_ratio: 5
    depth_of_discharge: 0.5
  VRBF:
    cost: 213.779
    lifetime: 26.6913
    annual_cost: 8.009313896288305
    efficiency: 0.768573
    discharge_ratio: 0.5
    depth_of_discharge: 1.0
