cost_values:
  wind_capex: 5000.0
  wind_opex: 100
  wind_lifetime: 20
  solar_capex: 1000.0
  solar_opex: 10
  solar_lifetime: 20
  carbon_price: 1.0
timeseries_values:
  load_level: 246537.59801169753
  wind_year: 2010
  solar_year: 2019
  price_year: 2023
  carbon_year: 2023
storage_values:
  CAES:
    cost: 61.887
    lifetime: 23.2234
    annual_cost: 2.664855275282689
    efficiency: 0.585293
    discharge_ratio: 0.1
    depth_of_discharge: 0.4
  Li-ion:
    cost: 124.723
    lifetime: 19.9976
    annual_cost: 6.2368984278113375
    efficiency: 0.904283
    discharge_ratio: 2
    depth_of_discharge: 0.9
  Pb-acid:
    cost: 199.79
    lifetime: 13.1927
    annual_cost: 15.1439811410856
    efficiency: 0.777061
    discharge_ratio: 5
    depth_of_discharge: 0.5
  VRBF:
    cost: 209.225
    lifetime: 26.7882
    annual_cost: 7.810341866941414
    efficiency: 0.792571
    discharge_ratio: 0.5
    depth_of_discharge: 1.0
