cost_values:
  wind_capex: 5000.0
  wind_opex: 100
  wind_lifetime: 20
  solar_capex: 1000.0
  solar_opex: 10
  solar_lifetime: 20
  carbon_price: 1.0
timeseries_values:
  load_level: 246537.59801169753
  wind_year: 2010
  solar_year: 2019
  price_year: 2023
  carbon_year: 2023
storage_values:
  CAES:
    cost: 59.2929
    lifetime: 23.1024
    annual_cost: 2.566525555786412
    efficiency: 0.574596
    discharge_ratio: 0.1
    depth_of_discharge: 0.4
  Li-ion:
    cost: 112.79
    lifetime: 22.4719
    annual_cost: 5.0191572586207664
    efficiency: 0.903664
    discharge_ratio: 2
    depth_of_discharge: 0.9
  Pb-acid:
    cost: 225.766
    lifetime: 12.0446
    annual_cost: 18.744167510751705
    efficiency: 0.783221
    discharge_ratio: 5
    depth_of_discharge: 0.5
  VRBF:
    cost: 188.344
    lifetime: 26.3536
    annual_cost: 7.146803472770324
    efficiency: 0.791134
    discharge_ratio: 0.5
    depth_of_discharge: 1.0
