cost_values:
  wind_capex: 5000.0
  wind_opex: 100
  wind_lifetime: 20
  solar_capex: 1000.0
  solar_opex: 10
  solar_lifetime: 20
  carbon_price: 1.0
timeseries_values:
  load_level: 246537.59801169753
  wind_year: 2010
  solar_year: 2019
  price_year: 2023
  carbon_year: 2023
storage_values:
  CAES:
    cost: 56.4905
    lifetime: 22.6652
    annual_cost: 2.492389213419692
    efficiency: 0.583034
    discharge_ratio: 0.1
    depth_of_discharge: 0.4
  Li-ion:
    cost: 132.176
    lifetime: 20.0519
    annual_cost: 6.591694552635909
    efficiency: 0.893936
    discharge_ratio: 2
    depth_of_discharge: 0.9
  Pb-acid:
    cost: 216.223
    lifetime: 10.7428
    annual_cost: 20.12724801727669
    efficiency: 0.777298
    discharge_ratio: 5
    depth_of_discharge: 0.5
  VRBF:
    cost: 176.865
    lifetime: 25.5016
    annual_cost: 6.935447187627443
    efficiency: 0.787037
    discharge_ratio: 0.5
    depth_of_discharge: 1.0
