cost_values:
  wind_capex: 5000.0
  wind_opex: 100
  wind_lifetime: 20
  solar_capex: 1000.0
  solar_opex: 10
  solar_lifetime: 20
  carbon_price: 1.0
timeseries_values:
  load_level: 246537.59801169753
  wind_year: 2010
  solar_year: 2019
  price_year: 2023
  carbon_year: 2023
storage_values:
  CAES:
    cost: 60.9264
    lifetime: 23.3364
    annual_cost: 2.610788296395331
    efficiency: 0.599974
    discharge_ratio: 0.1
    depth_of_discharge: 0.4
  Li-ion:
    cost: 108.505
    lifetime: 20.6554
    annual_cost: 5.25310572537932
    efficiency: 0.902745
    discharge_ratio: 2
    depth_of_discharge: 0.9
  Pb-acid:
    cost: 208.939
    lifetime: 11.8567
    annual_cost: 17.622019617600174
    efficiency: 0.7776
    discharge_ratio: 5
    depth_of_discharge: 0.5
  VRBF:
    cost: 186.26
    lifetime: 23.9359
    annual_cost: 7.781616734695582
    efficiency: 0.775653
    discharge_ratio: 0.5
    depth_of_discharge: 1.0
