cost_values:
  wind_capex: 5000.0
  wind_opex: 100
  wind_lifetime: 20
  solar_capex: 1000.0
  solar_opex: 10
  solar_lifetime: 20
  carbon_price: 1.0
timeseries_values:
  load_level: 246537.59801169753
  wind_year: 2010
  solar_year: 2019
  price_year: 2023
  carbon_year: 2023
storage_values:
  CAES:
    cost: 66.5923
    lifetime: 21.7528
    annual_cost: 3.0613208414548927
    efficiency: 0.569773
    discharge_ratio: 0.1
    depth_of_discharge: 0.4
  Li-ion:
    cost: 121.454
    lifetime: 21.1179
    annual_cost: 5.751234734514322
    efficiency: 0.909536
    discharge_ratio: 2
    depth_of_discharge: 0.9
  Pb-acid:
    cost: 235.242
    lifetime: 10.811
    annual_cost: 21.759504208676347
    efficiency: 0.77458
    discharge_ratio: 5
    depth_of_discharge: 0.5
  VRBF:
    cost: 178.117
    lifetime: 26.6526
    annual_cost: 6.682912736468487
    efficiency: 0.79021
    discharge_ratio: 0.5
    depth_of_discharge: 1.0
