cost_values:
  wind_capex: 5000.0
  wind_opex: 100
  wind_lifetime: 20
  solar_capex: 1000.0
  solar_opex: 10
  solar_lifetime: 20
  carbon_price: 1.0
timeseries_values:
  load_level: 246537.59801169753
  wind_year: 2010
  solar_year: 2019
  price_year: 2023
  carbon_year: 2023
storage_values:
  CAES:
    cost: 55.7464
    lifetime: 23.5655
    annual_cost: 2.3655937705544123
    efficiency: 0.575323
    discharge_ratio: 0.1
    depth_of_discharge: 0.4
  Li-ion:
    cost: 129.37
    lifetime: 21.5028
    annual_cost: 6.016425767806983
    efficiency: 0.893862
    discharge_ratio: 2
    depth_of_discharge: 0.9
  Pb-acid:
    cost: 235.797
    lifetime: 11.6189
    annual_cost: 20.29426193529508
    efficiency: 0.761256
    discharge_ratio: 5
    depth_of_discharge: 0.5
  VRBF:
    cost: 191.819
    lifetime: 27.6668
    annual_cost: 6.933183454537568
    efficiency: 0.783804
    discharge_ratio: 0.5
    depth_of_discharge: 1.0
