cost_values:
  wind_capex: 5000.0
  wind_opex: 100
  wind_lifetime: 20
  solar_capex: 1000.0
  solar_opex: 10
  solar_lifetime: 20
  carbon_price: 1.0
timeseries_values:
  load_level: 246537.59801169753
  wind_year: 2010
  solar_year: 2019
  price_year: 2023
  carbon_year: 2023
storage_values:
  CAES:
    cost: 65.2474
    lifetime: 23.5865
    annual_cost: 2.7663027579335635
    efficiency: 0.582873
    discharge_ratio: 0.1
    depth_of_discharge: 0.4
  Li-ion:
    cost: 144.233
    lifetime: 21.186
    annual_cost: 6.807939205135467
    efficiency: 0.89195
    discharge_ratio: 2
    depth_of_discharge: 0.9
  Pb-acid:
    cost: 203.197
    lifetime: 12.1305
    annual_cost: 16.750917109764643
    efficiency: 0.777399
    discharge_ratio: 5
    depth_of_discharge: 0.5
  VRBF:
    cost: 188.193
    lifetime: 24.2309
    annual_cost: 7.7666533228233385
    efficiency: 0.799811
    discharge_ratio: 0.5
    depth_of_discharge: 1.0
