cost_values:
  wind_capex: 5000.0
  wind_opex: 100
  wind_lifetime: 20
  solar_capex: 1000.0
  solar_opex: 10
  solar_lifetime: 20
  carbon_price: 1.0
timeseries_values:
  load_level: 246537.59801169753
  wind_year: 2010
  solar_year: 2019
  price_year: 2023
  carbon_year: 2023
storage_values:
  CAES:
    cost: 67.3881
    lifetime: 22.7263
    annual_cost: 2.965203310701698
    efficiency: 0.573738
    discharge_ratio: 0.1
    depth_of_discharge: 0.4
  Li-ion:
    cost: 129.753
    lifetime: 20.4471
    annual_cost: 6.345789867511774
    efficiency: 0.897467
    discharge_ratio: 2
    depth_of_discharge: 0.9
  Pb-acid:
    cost: 196.921
    lifetime: 11.2246
    annual_cost: 17.543698661867683
    efficiency: 0.779756
    discharge_ratio: 5
    depth_of_discharge: 0.5
  VRBF:
    cost: 188.289
    lifetime: 26.5249
    annual_cost: 7.098575300943642
    efficiency: 0.788651
    discharge_ratio: 0.5
    depth_of_discharge: 1.0
