cost_values:
  wind_capex: 5000.0
  wind_opex: 100
  wind_lifetime: 20
  solar_capex: 1000.0
  solar_opex: 10
  solar_lifetime: 20
  carbon_price: 1.0
timeseries_values:
  load_level: 246537.59801169753
  wind_year: 2010
  solar_year: 2019
  price_year: 2023
  carbon_year: 2023
storage_values:
  CAES:
    cost: 53.7558
    lifetime: 22.599
    annual_cost: 2.3786804725872828
    efficiency: 0.585148
    discharge_ratio: 0.1
    depth_of_discharge: 0.4
  Li-ion:
    cost: 108.111
    lifetime: 19.7228
    annual_cost: 5.481523921552721
    efficiency: 0.901545
    discharge_ratio: 2
    depth_of_discharge: 0.9
  Pb-acid:
    cost: 243.296
    lifetime: 11.2638
    annual_cost: 21.599815337630286
    efficiency: 0.758256
    discharge_ratio: 5
    depth_of_discharge: 0.5
  VRBF:
    cost: 179.521
    lifetime: 25.1862
    annual_cost: 7.1277524993845836
    efficiency: 0.774976
    discharge_ratio: 0.5
    depth_of_discharge: 1.0
