cost_values:
  wind_capex: 5000.0
  wind_opex: 100
  wind_lifetime: 20
  solar_capex: 1000.0
  solar_opex: 10
  solar_lifetime: 20
  carbon_price: 1.0
timeseries_values:
  load_level: 246537.59801169753
  wind_year: 2010
  solar_year: 2019
  price_year: 2023
  carbon_year: 2023
storage_values:
  CAES:
    cost: 49.3103
    lifetime: 21.8517
    annual_cost: 2.256588732226783
    efficiency: 0.573772
    discharge_ratio: 0.1
    depth_of_discharge: 0.4
  Li-ion:
    cost: 114.756
    lifetime: 22.6178
    annual_cost: 5.073703012671436
    efficiency: 0.909991
    discharge_ratio: 2
    depth_of_discharge: 0.9
  Pb-acid:
    cost: 236.64
    lifetime: 11.4297
    annual_cost: 20.703955484395912
    efficiency: 0.782793
    discharge_ratio: 5
    depth_of_discharge: 0.5
  VRBF:
    cost: 167.987
    lifetime: 25.7602
    annual_cost: 6.521183841740359
    efficiency: 0.808927
    discharge_ratio: 0.5
    depth_of_discharge: 1.0
