cost_values:
  wind_capex: 5000.0
  wind_opex: 100
  wind_lifetime: 20
  solar_capex: 1000.0
  solar_opex: 10
  solar_lifetime: 20
  carbon_price: 1.0
timeseries_values:
  load_level: 246537.59801169753
  wind_year: 2010
  solar_year: 2019
  price_year: 2023
  carbon_year: 2023
storage_values:
  CAES:
    cost: 65.6055
    lifetime: 22.1045
    annual_cost: 2.967970322784953
    efficiency: 0.584932
    discharge_ratio: 0.1
    depth_of_discharge: 0.4
  Li-ion:
    cost: 113.124
    lifetime: 22.0963
    annual_cost: 5.1195901576282
    efficiency: 0.907496
    discharge_ratio: 2
    depth_of_discharge: 0.9
  Pb-acid:
    cost: 201.347
    lifetime: 12.0605
    annual_cost: 16.6947473156171
    efficiency: 0.775773
    discharge_ratio: 5
    depth_of_discharge: 0.5
  VRBF:
    cost: 178.674
    lifetime: 23.9047
    annual_cost: 7.4744297146586245
    efficiency: 0.78092
    discharge_ratio: 0.5
    depth_of_discharge: 1.0
