cost_values:
  wind_capex: 5000.0
  wind_opex: 100
  wind_lifetime: 20
  solar_capex: 1000.0
  solar_opex: 10
  solar_lifetime: 20
  carbon_price: 1.0
timeseries_values:
  load_level: 246537.59801169753
  wind_year: 2010
  solar_year: 2019
  price_year: 2023
  carbon_year: 2023
storage_values:
  CAES:
    cost: 57.4001
    lifetime: 22.6669
    annual_cost: 2.5323312848250095
    efficiency: 0.576789
    discharge_ratio: 0.1
    depth_of_discharge: 0.4
  Li-ion:
    cost: 117.771
    lifetime: 20.3798
    annual_cost: 5.7788103906809685
    efficiency: 0.897955
    discharge_ratio: 2
    depth_of_discharge: 0.9
  Pb-acid:
    cost: 218.871
    lifetime: 12.0713
    annual_cost: 18.131518560552717
    efficiency: 0.762519
    discharge_ratio: 5
    depth_of_discharge: 0.5
  VRBF:
    cost: 187.426
    lifetime: 26.1517
    annual_cost: 7.166876340735018
    efficiency: 0.791575
    discharge_ratio: 0.5
    depth_of_discharge: 1.0
