cost_values:
  wind_capex: 5000.0
  wind_opex: 100
  wind_lifetime: 20
  solar_capex: 1000.0
  solar_opex: 10
  solar_lifetime: 20
  carbon_price: 1.0
timeseries_values:
  load_level: 246537.59801169753
  wind_year: 2010
  solar_year: 2019
  price_year: 2023
  carbon_year: 2023
storage_values:
  CAES:
    cost: 51.4707
    lifetime: 22.7869
    annual_cost: 2.2587846525854767
    efficiency: 0.584975
    discharge_ratio: 0.1
    depth_of_discharge: 0.4
  Li-ion:
    cost: 105.785
    lifetime: 20.7287
    annual_cost: 5.103310868505984
    efficiency: 0.905894
    discharge_ratio: 2
    depth_of_discharge: 0.9
  Pb-acid:
    cost: 229.596
    lifetime: 11.1886
    annual_cost: 20.520529825000448
    efficiency: 0.785686
    discharge_ratio: 5
    depth_of_discharge: 0.5
  VRBF:
    cost: 179.216
    lifetime: 24.2645
    annual_cost: 7.3859341836839825
    efficiency: 0.762033
    discharge_ratio: 0.5
    depth_of_discharge: 1.0
