cost_values:
  wind_capex: 5000.0
  wind_opex: 100
  wind_lifetime: 20
  solar_capex: 1000.0
  solar_opex: 10
  solar_lifetime: 20
  carbon_price: 1.0
timeseries_values:
  load_level: 246537.59801169753
  wind_year: 2010
  solar_year: 2019
  price_year: 2023
  carbon_year: 2023
storage_values:
  CAES:
    cost: 57.9882
    lifetime: 23.9514
    annual_cost: 2.421077682306671
    efficiency: 0.5806
    discharge_ratio: 0.1
    depth_of_discharge: 0.4
  Li-ion:
    cost: 123.748
    lifetime: 19.542
    annual_cost: 6.332412240302937
    efficiency: 0.902781
    discharge_ratio: 2
    depth_of_discharge: 0.9
  Pb-acid:
    cost: 223.106
    lifetime: 13.276
    annual_cost: 16.80521241337752
    efficiency: 0.75565
    discharge_ratio: 5
    depth_of_discharge: 0.5
  VRBF:
    cost: 186.774
    lifetime: 25.7081
    annual_cost: 7.265181012988124
    efficiency: 0.814069
    discharge_ratio: 0.5
    depth_of_discharge: 1.0
