cost_values:
  wind_capex: 5000.0
  wind_opex: 100
  wind_lifetime: 20
  solar_capex: 1000.0
  solar_opex: 10
  solar_lifetime: 20
  carbon_price: 1.0
timeseries_values:
  load_level: 246537.59801169753
  wind_year: 2010
  solar_year: 2019
  price_year: 2023
  carbon_year: 2023
storage_values:
  CAES:
    cost: 65.7624
    lifetime: 22.8744
    annual_cost: 2.874934424509495
    efficiency: 0.587918
    discharge_ratio: 0.1
    depth_of_discharge: 0.4
  Li-ion:
    cost: 124.993
    lifetime: 20.7254
    annual_cost: 6.030908933000086
    efficiency: 0.902733
    discharge_ratio: 2
    depth_of_discharge: 0.9
  Pb-acid:
    cost: 211.018
    lifetime: 11.8143
    annual_cost: 17.861235959811417
    efficiency: 0.775097
    discharge_ratio: 5
    depth_of_discharge: 0.5
  VRBF:
    cost: 217.083
    lifetime: 24.0805
    annual_cost: 9.01488756462698
    efficiency: 0.782231
    discharge_ratio: 0.5
    depth_of_discharge: 1.0
