cost_values:
  wind_capex: 5000.0
  wind_opex: 100
  wind_lifetime: 20
  solar_capex: 1000.0
  solar_opex: 10
  solar_lifetime: 20
  carbon_price: 1.0
timeseries_values:
  load_level: 246537.59801169753
  wind_year: 2010
  solar_year: 2019
  price_year: 2023
  carbon_year: 2023
storage_values:
  CAES:
    cost: 59.8482
    lifetime: 23.0923
    annual_cost: 2.5916950671868975
    efficiency: 0.581309
    discharge_ratio: 0.1
    depth_of_discharge: 0.4
  Li-ion:
    cost: 126.458
    lifetime: 20.9653
    annual_cost: 6.031776316103276
    efficiency: 0.896596
    discharge_ratio: 2
    depth_of_discharge: 0.9
  Pb-acid:
    cost: 213.101
    lifetime: 10.6462
    annual_cost: 20.016625650466832
    efficiency: 0.775112
    discharge_ratio: 5
    depth_of_discharge: 0.5
  VRBF:
    cost: 183.683
    lifetime: 24.1046
    annual_cost: 7.6202467578802375
    efficiency: 0.774357
    discharge_ratio: 0.5
    depth_of_discharge: 1.0
