cost_values:
  wind_capex: 5000.0
  wind_opex: 100
  wind_lifetime: 20
  solar_capex: 1000.0
  solar_opex: 10
  solar_lifetime: 20
  carbon_price: 1.0
timeseries_values:
  load_level: 246537.59801169753
  wind_year: 2010
  solar_year: 2019
  price_year: 2023
  carbon_year: 2023
storage_values:
  CAES:
    cost: 54.2798
    lifetime: 21.9284
    annual_cost: 2.475319676766203
    efficiency: 0.590927
    discharge_ratio: 0.1
    depth_of_discharge: 0.4
  Li-ion:
    cost: 100.182
    lifetime: 20.3032
    annual_cost: 4.934296071555223
    efficiency: 0.905459
    discharge_ratio: 2
    depth_of_discharge: 0.9
  Pb-acid:
    cost: 223.628
    lifetime: 12.4036
    annual_cost: 18.029281821406688
    efficiency: 0.780937
    discharge_ratio: 5
    depth_of_discharge: 0.5
  VRBF:
    cost: 194.399
    lifetime: 27.9435
    annual_cost: 6.956859376957074
    efficiency: 0.789572
    discharge_ratio: 0.5
    depth_of_discharge: 1.0
