cost_values:
  wind_capex: 5000.0
  wind_opex: 100
  wind_lifetime: 20
  solar_capex: 1000.0
  solar_opex: 10
  solar_lifetime: 20
  carbon_price: 1.0
timeseries_values:
  load_level: 246537.59801169753
  wind_year: 2010
  solar_year: 2019
  price_year: 2023
  carbon_year: 2023
storage_values:
  CAES:
    cost: 68.2353
    lifetime: 23.0331
    annual_cost: 2.962488766166951
    efficiency: 0.583525
    discharge_ratio: 0.1
    depth_of_discharge: 0.4
  Li-ion:
    cost: 122.959
    lifetime: 21.2177
    annual_cost: 5.795114456326558
    efficiency: 0.909091
    discharge_ratio: 2
    depth_of_discharge: 0.9
  Pb-acid:
    cost: 220.337
    lifetime: 11.9791
    annual_cost: 18.39345192877595
    efficiency: 0.774159
    discharge_ratio: 5
    depth_of_discharge: 0.5
  VRBF:
    cost: 181.355
    lifetime: 25.3806
    annual_cost: 7.145418154023151
    efficiency: 0.794634
    discharge_ratio: 0.5
    depth_of_discharge: 1.0
