cost_values:
  wind_capex: 5000.0
  wind_opex: 100
  wind_lifetime: 20
  solar_capex: 1000.0
  solar_opex: 10
  solar_lifetime: 20
  carbon_price: 1.0
timeseries_values:
  load_level: 246537.59801169753
  wind_year: 2010
  solar_year: 2019
  price_year: 2023
  carbon_year: 2023
storage_values:
  CAES:
    cost: 61.4387
    lifetime: 22.2775
    annual_cost: 2.7578812703400293
    efficiency: 0.591603
    discharge_ratio: 0.1
    depth_of_discharge: 0.4
  Li-ion:
    cost: 115.563
    lifetime: 22.6523
    annual_cost: 5.101601161912918
    efficiency: 0.898426
    discharge_ratio: 2
    depth_of_discharge: 0.9
  Pb-acid:
    cost: 214.732
    lifetime: 12.3501
    annual_cost: 17.387065691775774
    efficiency: 0.768414
    discharge_ratio: 5
    depth_of_discharge: 0.5
  VRBF:
    cost: 183.579
    lifetime: 27.7984
    annual_cost: 6.603941234027857
    efficiency: 0.781002
    discharge_ratio: 0.5
    depth_of_discharge: 1.0
