cost_values:
  wind_capex: 5000.0
  wind_opex: 100
  wind_lifetime: 20
  solar_capex: 1000.0
  solar_opex: 10
  solar_lifetime: 20
  carbon_price: 1.0
timeseries_values:
  load_level: 246537.59801169753
  wind_year: 2010
  solar_year: 2019
  price_year: 2023
  carbon_year: 2023
storage_values:
  CAES:
    cost: 60.406
    lifetime: 22.0591
    annual_cost: 2.738371012416644
    efficiency: 0.578977
    discharge_ratio: 0.1
    depth_of_discharge: 0.4
  Li-ion:
    cost: 145.034
    lifetime: 21.9138
    annual_cost: 6.61838658744718
    efficiency: 0.900408
    discharge_ratio: 2
    depth_of_discharge: 0.9
  Pb-acid:
    cost: 223.443
    lifetime: 11.7031
    annual_cost: 19.092633575719255
    efficiency: 0.778961
    discharge_ratio: 5
    depth_of_discharge: 0.5
  VRBF:
    cost: 203.315
    lifetime: 24.4585
    annual_cost: 8.312652043256945
    efficiency: 0.792627
    discharge_ratio: 0.5
    depth_of_discharge: 1.0
