cost_values:
  wind_capex: 5000.0
  wind_opex: 100
  wind_lifetime: 20
  solar_capex: 1000.0
  solar_opex: 10
  solar_lifetime: 20
  carbon_price: 1.0
timeseries_values:
  load_level: 246537.59801169753
  wind_year: 2010
  solar_year: 2019
  price_year: 2023
  carbon_year: 2023
storage_values:
  CAES:
    cost: 68.7734
    lifetime: 22.3968
    annual_cost: 3.0706797399628516
    efficiency: 0.584079
    discharge_ratio: 0.1
    depth_of_discharge: 0.4
  Li-ion:
    cost: 134.098
    lifetime: 19.014
    annual_cost: 7.052592826338488
    efficiency: 0.908881
    discharge_ratio: 2
    depth_of_discharge: 0.9
  Pb-acid:
    cost: 217.414
    lifetime: 11.8156
    annual_cost: 18.400589051762076
    efficiency: 0.773753
    discharge_ratio: 5
    depth_of_discharge: 0.5
  VRBF:
    cost: 199.28
    lifetime: 23.0322
    annual_cost: 8.652234697510442
    efficiency: 0.773673
    discharge_ratio: 0.5
    depth_of_discharge: 1.0
