cost_values:
  wind_capex: 5000.0
  wind_opex: 100
  wind_lifetime: 20
  solar_capex: 1000.0
  solar_opex: 10
  solar_lifetime: 20
  carbon_price: 1.0
timeseries_values:
  load_level: 246537.59801169753
  wind_year: 2010
  solar_year: 2019
  price_year: 2023
  carbon_year: 2023
storage_values:
  CAES:
    cost: 61.1436
    lifetime: 22.163
    annual_cost: 2.7588142399494653
    efficiency: 0.582063
    discharge_ratio: 0.1
    depth_of_discharge: 0.4
  Li-ion:
    cost: 124.792
    lifetime: 20.8705
    annual_cost: 5.979348841666467
    efficiency: 0.899226
    discharge_ratio: 2
    depth_of_discharge: 0.9
  Pb-acid:
    cost: 235.87
    lifetime: 12.4533
    annual_cost: 18.94036118940361
    efficiency: 0.760351
    discharge_ratio: 5
    depth_of_discharge: 0.5
  VRBF:
    cost: 171.29
    lifetime: 23.8171
    annual_cost: 7.191891540111936
    efficiency: 0.762035
    discharge_ratio: 0.5
    depth_of_discharge: 1.0
