cost_values:
  wind_capex: 5000.0
  wind_opex: 100
  wind_lifetime: 20
  solar_capex: 1000.0
  solar_opex: 10
  solar_lifetime: 20
  carbon_price: 1.0
timeseries_values:
  load_level: 246537.59801169753
  wind_year: 2010
  solar_year: 2019
  price_year: 2023
  carbon_year: 2023
storage_values:
  CAES:
    cost: 51.7836
    lifetime: 22.7365
    annual_cost: 2.277553713192444
    efficiency: 0.582992
    discharge_ratio: 0.1
    depth_of_discharge: 0.4
  Li-ion:
    cost: 121.666
    lifetime: 19.8853
    annual_cost: 6.118388960689554
    efficiency: 0.896758
    discharge_ratio: 2
    depth_of_discharge: 0.9
  Pb-acid:
    cost: 225.081
    lifetime: 12.4878
    annual_cost: 18.024071493777928
    efficiency: 0.785699
    discharge_ratio: 5
    depth_of_discharge: 0.5
  VRBF:
    cost: 207.529
    lifetime: 24.6718
    annual_cost: 8.411587318314837
    efficiency: 0.771701
    discharge_ratio: 0.5
    depth_of_discharge: 1.0
