cost_values:
  wind_capex: 5000.0
  wind_opex: 100
  wind_lifetime: 20
  solar_capex: 1000.0
  solar_opex: 10
  solar_lifetime: 20
  carbon_price: 1.0
timeseries_values:
  load_level: 246537.59801169753
  wind_year: 2010
  solar_year: 2019
  price_year: 2023
  carbon_year: 2023
storage_values:
  CAES:
    cost: 64.2456
    lifetime: 22.417
    annual_cost: 2.8659321050988087
    efficiency: 0.586164
    discharge_ratio: 0.1
    depth_of_discharge: 0.4
  Li-ion:
    cost: 123.313
    lifetime: 22.0258
    annual_cost: 5.598570767009598
    efficiency: 0.908694
    discharge_ratio: 2
    depth_of_discharge: 0.9
  Pb-acid:
    cost: 206.073
    lifetime: 12.5799
    annual_cost: 16.381131805499248
    efficiency: 0.780652
    discharge_ratio: 5
    depth_of_discharge: 0.5
  VRBF:
    cost: 192.874
    lifetime: 25.4585
    annual_cost: 7.576015868963214
    efficiency: 0.784829
    discharge_ratio: 0.5
    depth_of_discharge: 1.0
