cost_values:
  wind_capex: 5000.0
  wind_opex: 100
  wind_lifetime: 20
  solar_capex: 1000.0
  solar_opex: 10
  solar_lifetime: 20
  carbon_price: 1.0
timeseries_values:
  load_level: 246537.59801169753
  wind_year: 2010
  solar_year: 2019
  price_year: 2023
  carbon_year: 2023
storage_values:
  CAES:
    cost: 59.8747
    lifetime: 22.4263
    annual_cost: 2.669842996838533
    efficiency: 0.581828
    discharge_ratio: 0.1
    depth_of_discharge: 0.4
  Li-ion:
    cost: 133.094
    lifetime: 23.1798
    annual_cost: 5.7418096791171624
    efficiency: 0.886431
    discharge_ratio: 2
    depth_of_discharge: 0.9
  Pb-acid:
    cost: 248.259
    lifetime: 11.3866
    annual_cost: 21.80273303707867
    efficiency: 0.77666
    discharge_ratio: 5
    depth_of_discharge: 0.5
  VRBF:
    cost: 210.089
    lifetime: 24.1809
    annual_cost: 8.688220868536737
    efficiency: 0.761504
    discharge_ratio: 0.5
    depth_of_discharge: 1.0
