cost_values:
  wind_capex: 5000.0
  wind_opex: 100
  wind_lifetime: 20
  solar_capex: 1000.0
  solar_opex: 10
  solar_lifetime: 20
  carbon_price: 1.0
timeseries_values:
  load_level: 246537.59801169753
  wind_year: 2010
  solar_year: 2019
  price_year: 2023
  carbon_year: 2023
storage_values:
  CAES:
    cost: 63.1275
    lifetime: 22.8337
    annual_cost: 2.764663633138738
    efficiency: 0.572123
    discharge_ratio: 0.1
    depth_of_discharge: 0.4
  Li-ion:
    cost: 117.435
    lifetime: 19.5722
    annual_cost: 6.000091967177936
    efficiency: 0.907456
    discharge_ratio: 2
    depth_of_discharge: 0.9
  Pb-acid:
    cost: 209.261
    lifetime: 13.2373
    annual_cost: 15.808435254923587
    efficiency: 0.766234
    discharge_ratio: 5
    depth_of_discharge: 0.5
  VRBF:
    cost: 205.921
    lifetime: 26.282
    annual_cost: 7.835058214747736
    efficiency: 0.784805
    discharge_ratio: 0.5
    depth_of_discharge: 1.0
