cost_values:
  wind_capex: 5000.0
  wind_opex: 100
  wind_lifetime: 20
  solar_capex: 1000.0
  solar_opex: 10
  solar_lifetime: 20
  carbon_price: 1.0
timeseries_values:
  load_level: 246537.59801169753
  wind_year: 2010
  solar_year: 2019
  price_year: 2023
  carbon_year: 2023
storage_values:
  CAES:
    cost: 58.8271
    lifetime: 21.934
    annual_cost: 2.6820051062277743
    efficiency: 0.585714
    discharge_ratio: 0.1
    depth_of_discharge: 0.4
  Li-ion:
    cost: 123.738
    lifetime: 23.2631
    annual_cost: 5.319067536140927
    efficiency: 0.907988
    discharge_ratio: 2
    depth_of_discharge: 0.9
  Pb-acid:
    cost: 223.67
    lifetime: 11.9347
    annual_cost: 18.741149756592122
    efficiency: 0.783723
    discharge_ratio: 5
    depth_of_discharge: 0.5
  VRBF:
    cost: 200.404
    lifetime: 25.8942
    annual_cost: 7.739339311506051
    efficiency: 0.761284
    discharge_ratio: 0.5
    depth_of_discharge: 1.0
