cost_values:
  wind_capex: 5000.0
  wind_opex: 100
  wind_lifetime: 20
  solar_capex: 1000.0
  solar_opex: 10
  solar_lifetime: 20
  carbon_price: 1.0
timeseries_values:
  load_level: 246537.59801169753
  wind_year: 2010
  solar_year: 2019
  price_year: 2023
  carbon_year: 2023
storage_values:
  CAES:
    cost: 63.3544
    lifetime: 23.1288
    annual_cost: 2.739199612604199
    efficiency: 0.582337
    discharge_ratio: 0.1
    depth_of_discharge: 0.4
  Li-ion:
    cost: 104.655
    lifetime: 21.2706
    annual_cost: 4.92017150432992
    efficiency: 0.89817
    discharge_ratio: 2
    depth_of_discharge: 0.9
  Pb-acid:
    cost: 211.868
    lifetime: 11.2971
    annual_cost: 18.754193554097952
    efficiency: 0.771509
    discharge_ratio: 5
    depth_of_discharge: 0.5
  VRBF:
    cost: 229.064
    lifetime: 24.8914
    annual_cost: 9.202535815582891
    efficiency: 0.785749
    discharge_ratio: 0.5
    depth_of_discharge: 1.0
