cost_values:
  wind_capex: 5000.0
  wind_opex: 100
  wind_lifetime: 20
  solar_capex: 1000.0
  solar_opex: 10
  solar_lifetime: 20
  carbon_price: 1.0
timeseries_values:
  load_level: 246537.59801169753
  wind_year: 2010
  solar_year: 2019
  price_year: 2023
  carbon_year: 2023
storage_values:
  CAES:
    cost: 62.9795
    lifetime: 21.8377
    annual_cost: 2.8839804558172335
    efficiency: 0.572704
    discharge_ratio: 0.1
    depth_of_discharge: 0.4
  Li-ion:
    cost: 129.314
    lifetime: 21.5816
    annual_cost: 5.991863439226006
    efficiency: 0.895644
    discharge_ratio: 2
    depth_of_discharge: 0.9
  Pb-acid:
    cost: 218.528
    lifetime: 13.4442
    annual_cost: 16.25444429568141
    efficiency: 0.752561
    discharge_ratio: 5
    depth_of_discharge: 0.5
  VRBF:
    cost: 210.965
    lifetime: 26.8487
    annual_cost: 7.857549899995158
    efficiency: 0.780582
    discharge_ratio: 0.5
    depth_of_discharge: 1.0
