cost_values:
  wind_capex: 5000.0
  wind_opex: 100
  wind_lifetime: 20
  solar_capex: 1000.0
  solar_opex: 10
  solar_lifetime: 20
  carbon_price: 1.0
timeseries_values:
  load_level: 246537.59801169753
  wind_year: 2010
  solar_year: 2019
  price_year: 2023
  carbon_year: 2023
storage_values:
  CAES:
    cost: 59.1908
    lifetime: 23.2044
    annual_cost: 2.550843805485167
    efficiency: 0.585213
    discharge_ratio: 0.1
    depth_of_discharge: 0.4
  Li-ion:
    cost: 148.601
    lifetime: 22.1313
    annual_cost: 6.714517448139061
    efficiency: 0.900737
    discharge_ratio: 2
    depth_of_discharge: 0.9
  Pb-acid:
    cost: 207.739
    lifetime: 10.7826
    annual_cost: 19.266132472687477
    efficiency: 0.792971
    discharge_ratio: 5
    depth_of_discharge: 0.5
  VRBF:
    cost: 191.645
    lifetime: 25.9828
    annual_cost: 7.3758409409301535
    efficiency: 0.793511
    discharge_ratio: 0.5
    depth_of_discharge: 1.0
