cost_values:
  wind_capex: 5000.0
  wind_opex: 100
  wind_lifetime: 20
  solar_capex: 1000.0
  solar_opex: 10
  solar_lifetime: 20
  carbon_price: 1.0
timeseries_values:
  load_level: 246537.59801169753
  wind_year: 2010
  solar_year: 2019
  price_year: 2023
  carbon_year: 2023
storage_values:
  CAES:
    cost: 55.2695
    lifetime: 24.0534
    annual_cost: 2.2977832655674457
    efficiency: 0.582424
    discharge_ratio: 0.1
    depth_of_discharge: 0.4
  Li-ion:
    cost: 114.522
    lifetime: 20.5549
    annual_cost: 5.571518226797504
    efficiency: 0.902455
    discharge_ratio: 2
    depth_of_discharge: 0.9
  Pb-acid:
    cost: 222.289
    lifetime: 10.7143
    annual_cost: 20.746945670739105
    efficiency: 0.761854
    discharge_ratio: 5
    depth_of_discharge: 0.5
  VRBF:
    cost: 191.477
    lifetime: 23.2477
    annual_cost: 8.236384674612973
    efficiency: 0.787277
    discharge_ratio: 0.5
    depth_of_discharge: 1.0
