cost_values:
  wind_capex: 5000.0
  wind_opex: 100
  wind_lifetime: 20
  solar_capex: 1000.0
  solar_opex: 10
  solar_lifetime: 20
  carbon_price: 1.0
timeseries_values:
  load_level: 246537.59801169753
  wind_year: 2010
  solar_year: 2019
  price_year: 2023
  carbon_year: 2023
storage_values:
  CAES:
    cost: 57.9885
    lifetime: 23.3432
    annual_cost: 2.484170979128826
    efficiency: 0.583914
    discharge_ratio: 0.1
    depth_of_discharge: 0.4
  Li-ion:
    cost: 127.727
    lifetime: 19.9946
    annual_cost: 6.388074780190652
    efficiency: 0.894976
    discharge_ratio: 2
    depth_of_discharge: 0.9
  Pb-acid:
    cost: 202.452
    lifetime: 11.4517
    annual_cost: 17.678772583983164
    efficiency: 0.782532
    discharge_ratio: 5
    depth_of_discharge: 0.5
  VRBF:
    cost: 204.666
    lifetime: 23.8036
    annual_cost: 8.598111210069066
    efficiency: 0.790974
    discharge_ratio: 0.5
    depth_of_discharge: 1.0
