cost_values:
  wind_capex: 5000.0
  wind_opex: 100
  wind_lifetime: 20
  solar_capex: 1000.0
  solar_opex: 10
  solar_lifetime: 20
  carbon_price: 1.0
timeseries_values:
  load_level: 246537.59801169753
  wind_year: 2010
  solar_year: 2019
  price_year: 2023
  carbon_year: 2023
storage_values:
  CAES:
    cost: 60.8259
    lifetime: 22.2034
    annual_cost: 2.7394858445103
    efficiency: 0.569997
    discharge_ratio: 0.1
    depth_of_discharge: 0.4
  Li-ion:
    cost: 112.146
    lifetime: 21.3248
    annual_cost: 5.258947328931573
    efficiency: 0.909979
    discharge_ratio: 2
    depth_of_discharge: 0.9
  Pb-acid:
    cost: 217.362
    lifetime: 12.698
    annual_cost: 17.11781382894944
    efficiency: 0.792556
    discharge_ratio: 5
    depth_of_discharge: 0.5
  VRBF:
    cost: 195.094
    lifetime: 26.4561
    annual_cost: 7.3742539527745965
    efficiency: 0.768124
    discharge_ratio: 0.5
    depth_of_discharge: 1.0
