cost_values:
  wind_capex: 5000.0
  wind_opex: 100
  wind_lifetime: 20
  solar_capex: 1000.0
  solar_opex: 10
  solar_lifetime: 20
  carbon_price: 1.0
timeseries_values:
  load_level: 246537.59801169753
  wind_year: 2010
  solar_year: 2019
  price_year: 2023
  carbon_year: 2023
storage_values:
  CAES:
    cost: 58.7829
    lifetime: 23.1283
    annual_cost: 2.541600549975571
    efficiency: 0.584849
    discharge_ratio: 0.1
    depth_of_discharge: 0.4
  Li-ion:
    cost: 120.579
    lifetime: 21.7969
    annual_cost: 5.53193344007634
    efficiency: 0.906551
    discharge_ratio: 2
    depth_of_discharge: 0.9
  Pb-acid:
    cost: 221.63
    lifetime: 12.5581
    annual_cost: 17.648370374499326
    efficiency: 0.765161
    discharge_ratio: 5
    depth_of_discharge: 0.5
  VRBF:
    cost: 165.609
    lifetime: 24.3346
    annual_cost: 6.805495056421721
    efficiency: 0.776362
    discharge_ratio: 0.5
    depth_of_discharge: 1.0
