cost_values:
  wind_capex: 5000.0
  wind_opex: 100
  wind_lifetime: 20
  solar_capex: 1000.0
  solar_opex: 10
  solar_lifetime: 20
  carbon_price: 1.0
timeseries_values:
  load_level: 246537.59801169753
  wind_year: 2010
  solar_year: 2019
  price_year: 2023
  carbon_year: 2023
storage_values:
  CAES:
    cost: 64.5089
    lifetime: 22.411
    annual_cost: 2.878448083530409
    efficiency: 0.580182
    discharge_ratio: 0.1
    depth_of_discharge: 0.4
  Li-ion:
    cost: 143.113
    lifetime: 20.6331
    annual_cost: 6.936088130237337
    efficiency: 0.868557
    discharge_ratio: 2
    depth_of_discharge: 0.9
  Pb-acid:
    cost: 245.086
    lifetime: 11.1522
    annual_cost: 21.976471010204264
    efficiency: 0.764884
    discharge_ratio: 5
    depth_of_discharge: 0.5
  VRBF:
    cost: 189.523
    lifetime: 23.2015
    annual_cost: 8.168566687498654
    efficiency: 0.770506
    discharge_ratio: 0.5
    depth_of_discharge: 1.0
