cost_values:
  wind_capex: 5000.0
  wind_opex: 100
  wind_lifetime: 20
  solar_capex: 1000.0
  solar_opex: 10
  solar_lifetime: 20
  carbon_price: 1.0
timeseries_values:
  load_level: 246537.59801169753
  wind_year: 2010
  solar_year: 2019
  price_year: 2023
  carbon_year: 2023
storage_values:
  CAES:
    cost: 55.9125
    lifetime: 22.3893
    annual_cost: 2.4972866503195723
    efficiency: 0.573725
    discharge_ratio: 0.1
    depth_of_discharge: 0.4
  Li-ion:
    cost: 124.485
    lifetime: 22.1629
    annual_cost: 5.616819098583669
    efficiency: 0.909059
    discharge_ratio: 2
    depth_of_discharge: 0.9
  Pb-acid:
    cost: 207.205
    lifetime: 13.0361
    annual_cost: 15.894707773030278
    efficiency: 0.780959
    discharge_ratio: 5
    depth_of_discharge: 0.5
  VRBF:
    cost: 192.908
    lifetime: 23.4945
    annual_cost: 8.210772734044138
    efficiency: 0.771416
    discharge_ratio: 0.5
    depth_of_discharge: 1.0
