cost_values:
  wind_capex: 5000.0
  wind_opex: 100
  wind_lifetime: 20
  solar_capex: 1000.0
  solar_opex: 10
  solar_lifetime: 20
  carbon_price: 1.0
timeseries_values:
  load_level: 246537.59801169753
  wind_year: 2010
  solar_year: 2019
  price_year: 2023
  carbon_year: 2023
storage_values:
  CAES:
    cost: 60.6735
    lifetime: 23.4255
    annual_cost: 2.590062111801242
    efficiency: 0.575089
    discharge_ratio: 0.1
    depth_of_discharge: 0.4
  Li-ion:
    cost: 103.308
    lifetime: 21.4868
    annual_cost: 4.807975128916358
    efficiency: 0.918562
    discharge_ratio: 2
    depth_of_discharge: 0.9
  Pb-acid:
    cost: 219.34
    lifetime: 11.7211
    annual_cost: 18.71326070078747
    efficiency: 0.784679
    discharge_ratio: 5
    depth_of_discharge: 0.5
  VRBF:
    cost: 196.064
    lifetime: 23.822
    annual_cost: 8.230375283351524
    efficiency: 0.789228
    discharge_ratio: 0.5
    depth_of_discharge: 1.0
