cost_values:
  wind_capex: 5000.0
  wind_opex: 100
  wind_lifetime: 20
  solar_capex: 1000.0
  solar_opex: 10
  solar_lifetime: 20
  carbon_price: 1.0
timeseries_values:
  load_level: 246537.59801169753
  wind_year: 2010
  solar_year: 2019
  price_year: 2023
  carbon_year: 2023
storage_values:
  CAES:
    cost: 56.1093
    lifetime: 22.942
    annual_cost: 2.4457022055618514
    efficiency: 0.579314
    discharge_ratio: 0.1
    depth_of_discharge: 0.4
  Li-ion:
    cost: 126.55
    lifetime: 20.6852
    annual_cost: 6.117900721288652
    efficiency: 0.89463
    discharge_ratio: 2
    depth_of_discharge: 0.9
  Pb-acid:
    cost: 231.101
    lifetime: 12.5671
    annual_cost: 18.389365883935035
    efficiency: 0.775333
    discharge_ratio: 5
    depth_of_discharge: 0.5
  VRBF:
    cost: 191.149
    lifetime: 25.0998
    annual_cost: 7.615558689710675
    efficiency: 0.785659
    discharge_ratio: 0.5
    depth_of_discharge: 1.0
