cost_values:
  wind_capex: 5000.0
  wind_opex: 100
  wind_lifetime: 20
  solar_capex: 1000.0
  solar_opex: 10
  solar_lifetime: 20
  carbon_price: 1.0
timeseries_values:
  load_level: 246537.59801169753
  wind_year: 2010
  solar_year: 2019
  price_year: 2023
  carbon_year: 2023
storage_values:
  CAES:
    cost: 66.4695
    lifetime: 23.293
    annual_cost: 2.8536255527411667
    efficiency: 0.587105
    discharge_ratio: 0.1
    depth_of_discharge: 0.4
  Li-ion:
    cost: 133.068
    lifetime: 19.3319
    annual_cost: 6.88333790263761
    efficiency: 0.908901
    discharge_ratio: 2
    depth_of_discharge: 0.9
  Pb-acid:
    cost: 198.657
    lifetime: 12.1567
    annual_cost: 16.34135908593615
    efficiency: 0.785407
    discharge_ratio: 5
    depth_of_discharge: 0.5
  VRBF:
    cost: 193.542
    lifetime: 25.7294
    annual_cost: 7.522211944312732
    efficiency: 0.797194
    discharge_ratio: 0.5
    depth_of_discharge: 1.0
