cost_values:
  wind_capex: 5000.0
  wind_opex: 100
  wind_lifetime: 20
  solar_capex: 1000.0
  solar_opex: 10
  solar_lifetime: 20
  carbon_price: 1.0
timeseries_values:
  load_level: 246537.59801169753
  wind_year: 2010
  solar_year: 2019
  price_year: 2023
  carbon_year: 2023
storage_values:
  CAES:
    cost: 64.5985
    lifetime: 22.9731
    annual_cost: 2.8119191576234814
    efficiency: 0.573459
    discharge_ratio: 0.1
    depth_of_discharge: 0.4
  Li-ion:
    cost: 120.617
    lifetime: 21.045
    annual_cost: 5.7313851271085765
    efficiency: 0.894867
    discharge_ratio: 2
    depth_of_discharge: 0.9
  Pb-acid:
    cost: 229.779
    lifetime: 11.8114
    annual_cost: 19.454002065800836
    efficiency: 0.773152
    discharge_ratio: 5
    depth_of_discharge: 0.5
  VRBF:
    cost: 183.958
    lifetime: 24.3166
    annual_cost: 7.5651201237015036
    efficiency: 0.795265
    discharge_ratio: 0.5
    depth_of_discharge: 1.0
