cost_values:
  wind_capex: 5000.0
  wind_opex: 100
  wind_lifetime: 20
  solar_capex: 1000.0
  solar_opex: 10
  solar_lifetime: 20
  carbon_price: 1.0
timeseries_values:
  load_level: 246537.59801169753
  wind_year: 2010
  solar_year: 2019
  price_year: 2023
  carbon_year: 2023
storage_values:
  CAES:
    cost: 62.1584
    lifetime: 23.7345
    annual_cost: 2.6189049695590807
    efficiency: 0.584245
    discharge_ratio: 0.1
    depth_of_discharge: 0.4
  Li-ion:
    cost: 134.546
    lifetime: 19.8557
    annual_cost: 6.776190212382339
    efficiency: 0.909793
    discharge_ratio: 2
    depth_of_discharge: 0.9
  Pb-acid:
    cost: 216.472
    lifetime: 10.4329
    annual_cost: 20.748976794563355
    efficiency: 0.768478
    discharge_ratio: 5
    depth_of_discharge: 0.5
  VRBF:
    cost: 210.658
    lifetime: 26.4606
    annual_cost: 7.961195135408872
    efficiency: 0.795856
    discharge_ratio: 0.5
    depth_of_discharge: 1.0
