cost_values:
  wind_capex: 5000.0
  wind_opex: 100
  wind_lifetime: 20
  solar_capex: 1000.0
  solar_opex: 10
  solar_lifetime: 20
  carbon_price: 1.0
timeseries_values:
  load_level: 246537.59801169753
  wind_year: 2010
  solar_year: 2019
  price_year: 2023
  carbon_year: 2023
storage_values:
  CAES:
    cost: 58.7417
    lifetime: 23.3819
    annual_cost: 2.512272313199526
    efficiency: 0.577571
    discharge_ratio: 0.1
    depth_of_discharge: 0.4
  Li-ion:
    cost: 126.236
    lifetime: 19.4162
    annual_cost: 6.50158115388181
    efficiency: 0.916791
    discharge_ratio: 2
    depth_of_discharge: 0.9
  Pb-acid:
    cost: 203.88
    lifetime: 11.7603
    annual_cost: 17.336292441519348
    efficiency: 0.765228
    discharge_ratio: 5
    depth_of_discharge: 0.5
  VRBF:
    cost: 177.589
    lifetime: 25.2539
    annual_cost: 7.032141570212917
    efficiency: 0.797944
    discharge_ratio: 0.5
    depth_of_discharge: 1.0
