cost_values:
  wind_capex: 5000.0
  wind_opex: 100
  wind_lifetime: 20
  solar_capex: 1000.0
  solar_opex: 10
  solar_lifetime: 20
  carbon_price: 1.0
timeseries_values:
  load_level: 246537.59801169753
  wind_year: 2010
  solar_year: 2019
  price_year: 2023
  carbon_year: 2023
storage_values:
  CAES:
    cost: 59.1637
    lifetime: 23.1809
    annual_cost: 2.5522606973844844
    efficiency: 0.568816
    discharge_ratio: 0.1
    depth_of_discharge: 0.4
  Li-ion:
    cost: 108.019
    lifetime: 22.4425
    annual_cost: 4.813144703130222
    efficiency: 0.908722
    discharge_ratio: 2
    depth_of_discharge: 0.9
  Pb-acid:
    cost: 222.538
    lifetime: 11.6124
    annual_cost: 19.163824876855777
    efficiency: 0.773247
    discharge_ratio: 5
    depth_of_discharge: 0.5
  VRBF:
    cost: 204.744
    lifetime: 24.4092
    annual_cost: 8.387984858168233
    efficiency: 0.796235
    discharge_ratio: 0.5
    depth_of_discharge: 1.0
