cost_values:
  wind_capex: 5000.0
  wind_opex: 100
  wind_lifetime: 20
  solar_capex: 1000.0
  solar_opex: 10
  solar_lifetime: 20
  carbon_price: 1.0
timeseries_values:
  load_level: 246537.59801169753
  wind_year: 2010
  solar_year: 2019
  price_year: 2023
  carbon_year: 2023
storage_values:
  CAES:
    cost: 66.2883
    lifetime: 24.151
    annual_cost: 2.744743488882448
    efficiency: 0.578126
    discharge_ratio: 0.1
    depth_of_discharge: 0.4
  Li-ion:
    cost: 101.519
    lifetime: 21.2602
    annual_cost: 4.775072671000273
    efficiency: 0.89678
    discharge_ratio: 2
    depth_of_discharge: 0.9
  Pb-acid:
    cost: 229.473
    lifetime: 11.7509
    annual_cost: 19.528121250287214
    efficiency: 0.779381
    discharge_ratio: 5
    depth_of_discharge: 0.5
  VRBF:
    cost: 199.736
    lifetime: 26.5555
    annual_cost: 7.521455065805577
    efficiency: 0.78504
    discharge_ratio: 0.5
    depth_of_discharge: 1.0
