cost_values:
  wind_capex: 5000.0
  wind_opex: 100
  wind_lifetime: 20
  solar_capex: 1000.0
  solar_opex: 10
  solar_lifetime: 20
  carbon_price: 1.0
timeseries_values:
  load_level: 246537.59801169753
  wind_year: 2010
  solar_year: 2019
  price_year: 2023
  carbon_year: 2023
storage_values:
  CAES:
    cost: 56.4058
    lifetime: 23.0336
    annual_cost: 2.4488486385106976
    efficiency: 0.582742
    discharge_ratio: 0.1
    depth_of_discharge: 0.4
  Li-ion:
    cost: 107.697
    lifetime: 21.6966
    annual_cost: 4.963773125743204
    efficiency: 0.89336
    discharge_ratio: 2
    depth_of_discharge: 0.9
  Pb-acid:
    cost: 225.37
    lifetime: 12.2711
    annual_cost: 18.365916665987562
    efficiency: 0.775259
    discharge_ratio: 5
    depth_of_discharge: 0.5
  VRBF:
    cost: 194.2
    lifetime: 25.6315
    annual_cost: 7.576614712365644
    efficiency: 0.790872
    discharge_ratio: 0.5
    depth_of_discharge: 1.0
