cost_values:
  wind_capex: 5000.0
  wind_opex: 100
  wind_lifetime: 20
  solar_capex: 1000.0
  solar_opex: 10
  solar_lifetime: 20
  carbon_price: 1.0
timeseries_values:
  load_level: 246537.59801169753
  wind_year: 2010
  solar_year: 2019
  price_year: 2023
  carbon_year: 2023
storage_values:
  CAES:
    cost: 62.4552
    lifetime: 23.2633
    annual_cost: 2.6847093920467
    efficiency: 0.577335
    discharge_ratio: 0.1
    depth_of_discharge: 0.4
  Li-ion:
    cost: 139.864
    lifetime: 21.2167
    annual_cost: 6.59216560539575
    efficiency: 0.919791
    discharge_ratio: 2
    depth_of_discharge: 0.9
  Pb-acid:
    cost: 231.338
    lifetime: 11.1706
    annual_cost: 20.70954111686033
    efficiency: 0.774168
    discharge_ratio: 5
    depth_of_discharge: 0.5
  VRBF:
    cost: 213.505
    lifetime: 25.5329
    annual_cost: 8.361956534510377
    efficiency: 0.804048
    discharge_ratio: 0.5
    depth_of_discharge: 1.0
