cost_values:
  wind_capex: 5000.0
  wind_opex: 100
  wind_lifetime: 20
  solar_capex: 1000.0
  solar_opex: 10
  solar_lifetime: 20
  carbon_price: 1.0
timeseries_values:
  load_level: 246537.59801169753
  wind_year: 2010
  solar_year: 2019
  price_year: 2023
  carbon_year: 2023
storage_values:
  CAES:
    cost: 57.2653
    lifetime: 23.0445
    annual_cost: 2.4849877411095926
    efficiency: 0.576757
    discharge_ratio: 0.1
    depth_of_discharge: 0.4
  Li-ion:
    cost: 127.706
    lifetime: 19.4406
    annual_cost: 6.569035935104884
    efficiency: 0.910706
    discharge_ratio: 2
    depth_of_discharge: 0.9
  Pb-acid:
    cost: 214.537
    lifetime: 12.7679
    annual_cost: 16.802841500951608
    efficiency: 0.786178
    discharge_ratio: 5
    depth_of_discharge: 0.5
  VRBF:
    cost: 173.109
    lifetime: 25.93
    annual_cost: 6.676012340917856
    efficiency: 0.795986
    discharge_ratio: 0.5
    depth_of_discharge: 1.0
