cost_values:
  wind_capex: 5000.0
  wind_opex: 100
  wind_lifetime: 20
  solar_capex: 1000.0
  solar_opex: 10
  solar_lifetime: 20
  carbon_price: 1.0
timeseries_values:
  load_level: 246537.59801169753
  wind_year: 2010
  solar_year: 2019
  price_year: 2023
  carbon_year: 2023
storage_values:
  CAES:
    cost: 62.1034
    lifetime: 23.5179
    annual_cost: 2.640686455848524
    efficiency: 0.580519
    discharge_ratio: 0.1
    depth_of_discharge: 0.4
  Li-ion:
    cost: 119.59
    lifetime: 20.4994
    annual_cost: 5.833829282808277
    efficiency: 0.911197
    discharge_ratio: 2
    depth_of_discharge: 0.9
  Pb-acid:
    cost: 210.91
    lifetime: 12.1854
    annual_cost: 17.308418271045678
    efficiency: 0.784431
    discharge_ratio: 5
    depth_of_discharge: 0.5
  VRBF:
    cost: 208.126
    lifetime: 27.4257
    annual_cost: 7.588721527618256
    efficiency: 0.782678
    discharge_ratio: 0.5
    depth_of_discharge: 1.0
