cost_values:
  wind_capex: 5000.0
  wind_opex: 100
  wind_lifetime: 20
  solar_capex: 1000.0
  solar_opex: 10
  solar_lifetime: 20
  carbon_price: 1.0
timeseries_values:
  load_level: 246537.59801169753
  wind_year: 2010
  solar_year: 2019
  price_year: 2023
  carbon_year: 2023
storage_values:
  CAES:
    cost: 60.2788
    lifetime: 23.4611
    annual_cost: 2.5693083444510276
    efficiency: 0.574882
    discharge_ratio: 0.1
    depth_of_discharge: 0.4
  Li-ion:
    cost: 112.875
    lifetime: 20.1792
    annual_cost: 5.59363106565176
    efficiency: 0.901669
    discharge_ratio: 2
    depth_of_discharge: 0.9
  Pb-acid:
    cost: 226.993
    lifetime: 11.565
    annual_cost: 19.627583225248596
    efficiency: 0.785009
    discharge_ratio: 5
    depth_of_discharge: 0.5
  VRBF:
    cost: 181.378
    lifetime: 24.8435
    annual_cost: 7.3008231529373875
    efficiency: 0.774563
    discharge_ratio: 0.5
    depth_of_discharge: 1.0
