cost_values:
  wind_capex: 5000.0
  wind_opex: 100
  wind_lifetime: 20
  solar_capex: 1000.0
  solar_opex: 10
  solar_lifetime: 20
  carbon_price: 1.0
timeseries_values:
  load_level: 246537.59801169753
  wind_year: 2010
  solar_year: 2019
  price_year: 2023
  carbon_year: 2023
storage_values:
  CAES:
    cost: 66.7502
    lifetime: 21.9207
    annual_cost: 3.045076115270042
    efficiency: 0.577598
    discharge_ratio: 0.1
    depth_of_discharge: 0.4
  Li-ion:
    cost: 123.925
    lifetime: 20.0514
    annual_cost: 6.180366458202419
    efficiency: 0.909926
    discharge_ratio: 2
    depth_of_discharge: 0.9
  Pb-acid:
    cost: 212.52
    lifetime: 12.3892
    annual_cost: 17.15364995318503
    efficiency: 0.772211
    discharge_ratio: 5
    depth_of_discharge: 0.5
  VRBF:
    cost: 196.549
    lifetime: 23.196
    annual_cost: 8.473400586307983
    efficiency: 0.793252
    discharge_ratio: 0.5
    depth_of_discharge: 1.0
