cost_values:
  wind_capex: 5000.0
  wind_opex: 100
  wind_lifetime: 20
  solar_capex: 1000.0
  solar_opex: 10
  solar_lifetime: 20
  carbon_price: 1.0
timeseries_values:
  load_level: 246537.59801169753
  wind_year: 2010
  solar_year: 2019
  price_year: 2023
  carbon_year: 2023
storage_values:
  CAES:
    cost: 70.474
    lifetime: 23.1471
    annual_cost: 3.044614660151812
    efficiency: 0.586206
    discharge_ratio: 0.1
    depth_of_discharge: 0.4
  Li-ion:
    cost: 110.617
    lifetime: 20.2125
    annual_cost: 5.472702535559679
    efficiency: 0.900955
    discharge_ratio: 2
    depth_of_discharge: 0.9
  Pb-acid:
    cost: 217.759
    lifetime: 12.8789
    annual_cost: 16.908198681564418
    efficiency: 0.777944
    discharge_ratio: 5
    depth_of_discharge: 0.5
  VRBF:
    cost: 206.292
    lifetime: 23.7503
    annual_cost: 8.685869231125501
    efficiency: 0.791588
    discharge_ratio: 0.5
    depth_of_discharge: 1.0
