cost_values:
  wind_capex: 5000.0
  wind_opex: 100
  wind_lifetime: 20
  solar_capex: 1000.0
  solar_opex: 10
  solar_lifetime: 20
  carbon_price: 1.0
timeseries_values:
  load_level: 246537.59801169753
  wind_year: 2010
  solar_year: 2019
  price_year: 2023
  carbon_year: 2023
storage_values:
  CAES:
    cost: 53.2826
    lifetime: 22.8651
    annual_cost: 2.3303025134375095
    efficiency: 0.581162
    discharge_ratio: 0.1
    depth_of_discharge: 0.4
  Li-ion:
    cost: 132.437
    lifetime: 23.256
    annual_cost: 5.6947454420364645
    efficiency: 0.916165
    discharge_ratio: 2
    depth_of_discharge: 0.9
  Pb-acid:
    cost: 213.047
    lifetime: 10.9906
    annual_cost: 19.384474005058866
    efficiency: 0.767183
    discharge_ratio: 5
    depth_of_discharge: 0.5
  VRBF:
    cost: 188.584
    lifetime: 25.6082
    annual_cost: 7.364203653517233
    efficiency: 0.807497
    discharge_ratio: 0.5
    depth_of_discharge: 1.0
