cost_values:
  wind_capex: 5000.0
  wind_opex: 100
  wind_lifetime: 20
  solar_capex: 1000.0
  solar_opex: 10
  solar_lifetime: 20
  carbon_price: 1.0
timeseries_values:
  load_level: 246537.59801169753
  wind_year: 2010
  solar_year: 2019
  price_year: 2023
  carbon_year: 2023
storage_values:
  CAES:
    cost: 66.1194
    lifetime: 23.121
    annual_cost: 2.8597119501751656
    efficiency: 0.578496
    discharge_ratio: 0.1
    depth_of_discharge: 0.4
  Li-ion:
    cost: 125.233
    lifetime: 21.1782
    annual_cost: 5.913297636248595
    efficiency: 0.904819
    discharge_ratio: 2
    depth_of_discharge: 0.9
  Pb-acid:
    cost: 198.382
    lifetime: 13.1405
    annual_cost: 15.096990221072259
    efficiency: 0.777736
    discharge_ratio: 5
    depth_of_discharge: 0.5
  VRBF:
    cost: 185.273
    lifetime: 25.7829
    annual_cost: 7.185886769913392
    efficiency: 0.78245
    discharge_ratio: 0.5
    depth_of_discharge: 1.0
