cost_values:
  wind_capex: 5000.0
  wind_opex: 100
  wind_lifetime: 20
  solar_capex: 1000.0
  solar_opex: 10
  solar_lifetime: 20
  carbon_price: 1.0
timeseries_values:
  load_level: 246537.59801169753
  wind_year: 2010
  solar_year: 2019
  price_year: 2023
  carbon_year: 2023
storage_values:
  CAES:
    cost: 68.5443
    lifetime: 22.9177
    annual_cost: 2.9908891380897735
    efficiency: 0.586619
    discharge_ratio: 0.1
    depth_of_discharge: 0.4
  Li-ion:
    cost: 107.776
    lifetime: 20.8906
    annual_cost: 5.15906675729754
    efficiency: 0.916825
    discharge_ratio: 2
    depth_of_discharge: 0.9
  Pb-acid:
    cost: 227.175
    lifetime: 13.386
    annual_cost: 16.971089197669208
    efficiency: 0.772414
    discharge_ratio: 5
    depth_of_discharge: 0.5
  VRBF:
    cost: 215.997
    lifetime: 24.9726
    annual_cost: 8.64935969822926
    efficiency: 0.782689
    discharge_ratio: 0.5
    depth_of_discharge: 1.0
