cost_values:
  wind_capex: 5000.0
  wind_opex: 100
  wind_lifetime: 20
  solar_capex: 1000.0
  solar_opex: 10
  solar_lifetime: 20
  carbon_price: 1.0
timeseries_values:
  load_level: 246537.59801169753
  wind_year: 2010
  solar_year: 2019
  price_year: 2023
  carbon_year: 2023
storage_values:
  CAES:
    cost: 59.7586
    lifetime: 22.7455
    annual_cost: 2.6272713283946274
    efficiency: 0.575325
    discharge_ratio: 0.1
    depth_of_discharge: 0.4
  Li-ion:
    cost: 143.046
    lifetime: 19.0748
    annual_cost: 7.499213622161176
    efficiency: 0.896689
    discharge_ratio: 2
    depth_of_discharge: 0.9
  Pb-acid:
    cost: 212.438
    lifetime: 12.2782
    annual_cost: 17.302047531397108
    efficiency: 0.77851
    discharge_ratio: 5
    depth_of_discharge: 0.5
  VRBF:
    cost: 182.117
    lifetime: 24.553
    annual_cost: 7.4173013481041
    efficiency: 0.796117
    discharge_ratio: 0.5
    depth_of_discharge: 1.0
