cost_values:
  wind_capex: 5000.0
  wind_opex: 100
  wind_lifetime: 20
  solar_capex: 1000.0
  solar_opex: 10
  solar_lifetime: 20
  carbon_price: 1.0
timeseries_values:
  load_level: 246537.59801169753
  wind_year: 2010
  solar_year: 2019
  price_year: 2023
  carbon_year: 2023
storage_values:
  CAES:
    cost: 73.2322
    lifetime: 23.5159
    annual_cost: 3.1141568045450105
    efficiency: 0.577792
    discharge_ratio: 0.1
    depth_of_discharge: 0.4
  Li-ion:
    cost: 136.425
    lifetime: 22.4659
    annual_cost: 6.072536599913647
    efficiency: 0.909684
    discharge_ratio: 2
    depth_of_discharge: 0.9
  Pb-acid:
    cost: 220.353
    lifetime: 13.5567
    annual_cost: 16.254176901458322
    efficiency: 0.780832
    discharge_ratio: 5
    depth_of_discharge: 0.5
  VRBF:
    cost: 210.205
    lifetime: 24.741
    annual_cost: 8.496220847985127
    efficiency: 0.769483
    discharge_ratio: 0.5
    depth_of_discharge: 1.0
