cost_values:
  wind_capex: 5000.0
  wind_opex: 100
  wind_lifetime: 20
  solar_capex: 1000.0
  solar_opex: 10
  solar_lifetime: 20
  carbon_price: 1.0
timeseries_values:
  load_level: 246537.59801169753
  wind_year: 2010
  solar_year: 2019
  price_year: 2023
  carbon_year: 2023
storage_values:
  CAES:
    cost: 62.9701
    lifetime: 23.1016
    annual_cost: 2.7257895557017697
    efficiency: 0.583087
    discharge_ratio: 0.1
    depth_of_discharge: 0.4
  Li-ion:
    cost: 102.207
    lifetime: 22.3107
    annual_cost: 4.581075448103376
    efficiency: 0.880991
    discharge_ratio: 2
    depth_of_discharge: 0.9
  Pb-acid:
    cost: 225.836
    lifetime: 13.0191
    annual_cost: 17.346513967939412
    efficiency: 0.782967
    discharge_ratio: 5
    depth_of_discharge: 0.5
  VRBF:
    cost: 187.853
    lifetime: 25.6626
    annual_cost: 7.320107861245548
    efficiency: 0.787173
    discharge_ratio: 0.5
    depth_of_discharge: 1.0
