cost_values:
  wind_capex: 5000.0
  wind_opex: 100
  wind_lifetime: 20
  solar_capex: 1000.0
  solar_opex: 10
  solar_lifetime: 20
  carbon_price: 1.0
timeseries_values:
  load_level: 246537.59801169753
  wind_year: 2010
  solar_year: 2019
  price_year: 2023
  carbon_year: 2023
storage_values:
  CAES:
    cost: 58.7099
    lifetime: 22.8386
    annual_cost: 2.5706435595877153
    efficiency: 0.571096
    discharge_ratio: 0.1
    depth_of_discharge: 0.4
  Li-ion:
    cost: 103.487
    lifetime: 22.1381
    annual_cost: 4.674610738952303
    efficiency: 0.89783
    discharge_ratio: 2
    depth_of_discharge: 0.9
  Pb-acid:
    cost: 204.879
    lifetime: 12.7737
    annual_cost: 16.039127269311162
    efficiency: 0.771979
    discharge_ratio: 5
    depth_of_discharge: 0.5
  VRBF:
    cost: 173.214
    lifetime: 25.8215
    annual_cost: 6.708130821214879
    efficiency: 0.787398
    discharge_ratio: 0.5
    depth_of_discharge: 1.0
