cost_values:
  wind_capex: 5000.0
  wind_opex: 100
  wind_lifetime: 20
  solar_capex: 1000.0
  solar_opex: 10
  solar_lifetime: 20
  carbon_price: 1.0
timeseries_values:
  load_level: 246537.59801169753
  wind_year: 2010
  solar_year: 2019
  price_year: 2023
  carbon_year: 2023
storage_values:
  CAES:
    cost: 64.7836
    lifetime: 22.6385
    annual_cost: 2.861656028447115
    efficiency: 0.581488
    discharge_ratio: 0.1
    depth_of_discharge: 0.4
  Li-ion:
    cost: 126.847
    lifetime: 20.8011
    annual_cost: 6.0980909663431255
    efficiency: 0.897867
    discharge_ratio: 2
    depth_of_discharge: 0.9
  Pb-acid:
    cost: 222.981
    lifetime: 12.0256
    annual_cost: 18.54219332091538
    efficiency: 0.755364
    discharge_ratio: 5
    depth_of_discharge: 0.5
  VRBF:
    cost: 203.106
    lifetime: 26.3583
    annual_cost: 7.705580405413095
    efficiency: 0.771896
    discharge_ratio: 0.5
    depth_of_discharge: 1.0
