cost_values:
  wind_capex: 5000.0
  wind_opex: 100
  wind_lifetime: 20
  solar_capex: 1000.0
  solar_opex: 10
  solar_lifetime: 20
  carbon_price: 1.0
timeseries_values:
  load_level: 246537.59801169753
  wind_year: 2010
  solar_year: 2019
  price_year: 2023
  carbon_year: 2023
storage_values:
  CAES:
    cost: 66.357
    lifetime: 23.1032
    annual_cost: 2.8721995221441183
    efficiency: 0.582845
    discharge_ratio: 0.1
    depth_of_discharge: 0.4
  Li-ion:
    cost: 126.48
    lifetime: 18.2918
    annual_cost: 6.914573743426017
    efficiency: 0.917067
    discharge_ratio: 2
    depth_of_discharge: 0.9
  Pb-acid:
    cost: 228.317
    lifetime: 11.0601
    annual_cost: 20.643303405936656
    efficiency: 0.789997
    discharge_ratio: 5
    depth_of_discharge: 0.5
  VRBF:
    cost: 182.687
    lifetime: 24.4112
    annual_cost: 7.4837369731926335
    efficiency: 0.771087
    discharge_ratio: 0.5
    depth_of_discharge: 1.0
