cost_values:
  wind_capex: 5000.0
  wind_opex: 100
  wind_lifetime: 20
  solar_capex: 1000.0
  solar_opex: 10
  solar_lifetime: 20
  carbon_price: 1.0
timeseries_values:
  load_level: 246537.59801169753
  wind_year: 2010
  solar_year: 2019
  price_year: 2023
  carbon_year: 2023
storage_values:
  CAES:
    cost: 51.1158
    lifetime: 21.9843
    annual_cost: 2.3251047338327804
    efficiency: 0.587745
    discharge_ratio: 0.1
    depth_of_discharge: 0.4
  Li-ion:
    cost: 113.343
    lifetime: 21.1794
    annual_cost: 5.351568033088756
    efficiency: 0.895913
    discharge_ratio: 2
    depth_of_discharge: 0.9
  Pb-acid:
    cost: 228.644
    lifetime: 12.0278
    annual_cost: 19.009627695837978
    efficiency: 0.778715
    discharge_ratio: 5
    depth_of_discharge: 0.5
  VRBF:
    cost: 193.648
    lifetime: 23.9936
    annual_cost: 8.07081888503601
    efficiency: 0.779632
    discharge_ratio: 0.5
    depth_of_discharge: 1.0
