cost_values:
  wind_capex: 5000.0
  wind_opex: 100
  wind_lifetime: 20
  solar_capex: 1000.0
  solar_opex: 10
  solar_lifetime: 20
  carbon_price: 1.0
timeseries_values:
  load_level: 246537.59801169753
  wind_year: 2010
  solar_year: 2019
  price_year: 2023
  carbon_year: 2023
storage_values:
  CAES:
    cost: 62.5168
    lifetime: 22.5299
    annual_cost: 2.7748369943941165
    efficiency: 0.592435
    discharge_ratio: 0.1
    depth_of_discharge: 0.4
  Li-ion:
    cost: 101.39
    lifetime: 21.3486
    annual_cost: 4.749257562556795
    efficiency: 0.90125
    discharge_ratio: 2
    depth_of_discharge: 0.9
  Pb-acid:
    cost: 222.931
    lifetime: 11.7018
    annual_cost: 19.051000700746894
    efficiency: 0.785747
    discharge_ratio: 5
    depth_of_discharge: 0.5
  VRBF:
    cost: 181.001
    lifetime: 24.1878
    annual_cost: 7.483152663739571
    efficiency: 0.762101
    discharge_ratio: 0.5
    depth_of_discharge: 1.0
