cost_values:
  wind_capex: 5000.0
  wind_opex: 100
  wind_lifetime: 20
  solar_capex: 1000.0
  solar_opex: 10
  solar_lifetime: 20
  carbon_price: 1.0
timeseries_values:
  load_level: 246537.59801169753
  wind_year: 2010
  solar_year: 2019
  price_year: 2023
  carbon_year: 2023
storage_values:
  CAES:
    cost: 62.4894
    lifetime: 23.225
    annual_cost: 2.6906092572658773
    efficiency: 0.579799
    discharge_ratio: 0.1
    depth_of_discharge: 0.4
  Li-ion:
    cost: 119.456
    lifetime: 20.9781
    annual_cost: 5.694319313951215
    efficiency: 0.890533
    discharge_ratio: 2
    depth_of_discharge: 0.9
  Pb-acid:
    cost: 217.379
    lifetime: 12.196
    annual_cost: 17.823794686782552
    efficiency: 0.777313
    discharge_ratio: 5
    depth_of_discharge: 0.5
  VRBF:
    cost: 224.779
    lifetime: 25.6115
    annual_cost: 8.776487124924351
    efficiency: 0.790436
    discharge_ratio: 0.5
    depth_of_discharge: 1.0
