cost_values:
  wind_capex: 5000.0
  wind_opex: 100
  wind_lifetime: 20
  solar_capex: 1000.0
  solar_opex: 10
  solar_lifetime: 20
  carbon_price: 1.0
timeseries_values:
  load_level: 246537.59801169753
  wind_year: 2010
  solar_year: 2019
  price_year: 2023
  carbon_year: 2023
storage_values:
  CAES:
    cost: 58.2139
    lifetime: 22.3622
    annual_cost: 2.6032277682875566
    efficiency: 0.57831
    discharge_ratio: 0.1
    depth_of_discharge: 0.4
  Li-ion:
    cost: 117.225
    lifetime: 19.8031
    annual_cost: 5.919527750705697
    efficiency: 0.892728
    discharge_ratio: 2
    depth_of_discharge: 0.9
  Pb-acid:
    cost: 214.74
    lifetime: 11.9983
    annual_cost: 17.897535484193593
    efficiency: 0.772691
    discharge_ratio: 5
    depth_of_discharge: 0.5
  VRBF:
    cost: 168.46
    lifetime: 24.9747
    annual_cost: 6.74522616888291
    efficiency: 0.760393
    discharge_ratio: 0.5
    depth_of_discharge: 1.0
