cost_values:
  wind_capex: 5000.0
  wind_opex: 100
  wind_lifetime: 20
  solar_capex: 1000.0
  solar_opex: 10
  solar_lifetime: 20
  carbon_price: 1.0
timeseries_values:
  load_level: 246537.59801169753
  wind_year: 2010
  solar_year: 2019
  price_year: 2023
  carbon_year: 2023
storage_values:
  CAES:
    cost: 61.306
    lifetime: 22.3945
    annual_cost: 2.737547165598696
    efficiency: 0.586439
    discharge_ratio: 0.1
    depth_of_discharge: 0.4
  Li-ion:
    cost: 119.07
    lifetime: 19.7389
    annual_cost: 6.032251037291845
    efficiency: 0.899712
    discharge_ratio: 2
    depth_of_discharge: 0.9
  Pb-acid:
    cost: 239.784
    lifetime: 13.5844
    annual_cost: 17.651423691881863
    efficiency: 0.761678
    discharge_ratio: 5
    depth_of_discharge: 0.5
  VRBF:
    cost: 159.071
    lifetime: 24.5455
    annual_cost: 6.480658369151168
    efficiency: 0.797857
    discharge_ratio: 0.5
    depth_of_discharge: 1.0
