cost_values:
  wind_capex: 5000.0
  wind_opex: 100
  wind_lifetime: 20
  solar_capex: 1000.0
  solar_opex: 10
  solar_lifetime: 20
  carbon_price: 1.0
timeseries_values:
  load_level: 246537.59801169753
  wind_year: 2010
  solar_year: 2019
  price_year: 2023
  carbon_year: 2023
storage_values:
  CAES:
    cost: 68.5949
    lifetime: 23.1243
    annual_cost: 2.9663557383358627
    efficiency: 0.581371
    discharge_ratio: 0.1
    depth_of_discharge: 0.4
  Li-ion:
    cost: 118.775
    lifetime: 20.3763
    annual_cost: 5.829075936259282
    efficiency: 0.912568
    discharge_ratio: 2
    depth_of_discharge: 0.9
  Pb-acid:
    cost: 207.163
    lifetime: 12.1893
    annual_cost: 16.995479641981085
    efficiency: 0.766578
    discharge_ratio: 5
    depth_of_discharge: 0.5
  VRBF:
    cost: 178.19
    lifetime: 25.1834
    annual_cost: 7.075692718219145
    efficiency: 0.776435
    discharge_ratio: 0.5
    depth_of_discharge: 1.0
