cost_values:
  wind_capex: 5000.0
  wind_opex: 100
  wind_lifetime: 20
  solar_capex: 1000.0
  solar_opex: 10
  solar_lifetime: 20
  carbon_price: 1.0
timeseries_values:
  load_level: 246537.59801169753
  wind_year: 2010
  solar_year: 2019
  price_year: 2023
  carbon_year: 2023
storage_values:
  CAES:
    cost: 59.707
    lifetime: 22.0623
    annual_cost: 2.706290821899802
    efficiency: 0.576809
    discharge_ratio: 0.1
    depth_of_discharge: 0.4
  Li-ion:
    cost: 121.128
    lifetime: 20.3313
    annual_cost: 5.957710525150876
    efficiency: 0.89925
    discharge_ratio: 2
    depth_of_discharge: 0.9
  Pb-acid:
    cost: 209.561
    lifetime: 11.8476
    annual_cost: 17.688054964718592
    efficiency: 0.77867
    discharge_ratio: 5
    depth_of_discharge: 0.5
  VRBF:
    cost: 169.748
    lifetime: 27.3561
    annual_cost: 6.205124268444697
    efficiency: 0.787453
    discharge_ratio: 0.5
    depth_of_discharge: 1.0
