cost_values:
  wind_capex: 5000.0
  wind_opex: 100
  wind_lifetime: 20
  solar_capex: 1000.0
  solar_opex: 10
  solar_lifetime: 20
  carbon_price: 1.0
timeseries_values:
  load_level: 246537.59801169753
  wind_year: 2010
  solar_year: 2019
  price_year: 2023
  carbon_year: 2023
storage_values:
  CAES:
    cost: 53.3165
    lifetime: 22.2538
    annual_cost: 2.3958380141818476
    efficiency: 0.581921
    discharge_ratio: 0.1
    depth_of_discharge: 0.4
  Li-ion:
    cost: 101.351
    lifetime: 20.6526
    annual_cost: 4.90742085742231
    efficiency: 0.892795
    discharge_ratio: 2
    depth_of_discharge: 0.9
  Pb-acid:
    cost: 208.805
    lifetime: 10.4295
    annual_cost: 20.02061460280934
    efficiency: 0.778718
    discharge_ratio: 5
    depth_of_discharge: 0.5
  VRBF:
    cost: 193.696
    lifetime: 26.6784
    annual_cost: 7.2604054216144895
    efficiency: 0.787162
    discharge_ratio: 0.5
    depth_of_discharge: 1.0
