cost_values:
  wind_capex: 5000.0
  wind_opex: 100
  wind_lifetime: 20
  solar_capex: 1000.0
  solar_opex: 10
  solar_lifetime: 20
  carbon_price: 1.0
timeseries_values:
  load_level: 246537.59801169753
  wind_year: 2010
  solar_year: 2019
  price_year: 2023
  carbon_year: 2023
storage_values:
  CAES:
    cost: 59.6832
    lifetime: 22.7664
    annual_cost: 2.621547543748682
    efficiency: 0.578473
    discharge_ratio: 0.1
    depth_of_discharge: 0.4
  Li-ion:
    cost: 124.56
    lifetime: 19.9955
    annual_cost: 6.229401615363457
    efficiency: 0.901332
    discharge_ratio: 2
    depth_of_discharge: 0.9
  Pb-acid:
    cost: 234.583
    lifetime: 11.9814
    annual_cost: 19.578930675880947
    efficiency: 0.762644
    discharge_ratio: 5
    depth_of_discharge: 0.5
  VRBF:
    cost: 200.922
    lifetime: 26.2496
    annual_cost: 7.654288065341948
    efficiency: 0.79147
    discharge_ratio: 0.5
    depth_of_discharge: 1.0
