cost_values:
  wind_capex: 5000.0
  wind_opex: 100
  wind_lifetime: 20
  solar_capex: 1000.0
  solar_opex: 10
  solar_lifetime: 20
  carbon_price: 1.0
timeseries_values:
  load_level: 246537.59801169753
  wind_year: 2010
  solar_year: 2019
  price_year: 2023
  carbon_year: 2023
storage_values:
  CAES:
    cost: 53.5027
    lifetime: 22.7237
    annual_cost: 2.3544889256591133
    efficiency: 0.58314
    discharge_ratio: 0.1
    depth_of_discharge: 0.4
  Li-ion:
    cost: 101.991
    lifetime: 20.3847
    annual_cost: 5.003311307009669
    efficiency: 0.893555
    discharge_ratio: 2
    depth_of_discharge: 0.9
  Pb-acid:
    cost: 205.971
    lifetime: 11.8189
    annual_cost: 17.427256343652964
    efficiency: 0.778102
    discharge_ratio: 5
    depth_of_discharge: 0.5
  VRBF:
    cost: 210.408
    lifetime: 25.2717
    annual_cost: 8.325834827099087
    efficiency: 0.7679
    discharge_ratio: 0.5
    depth_of_discharge: 1.0
