cost_values:
  wind_capex: 5000.0
  wind_opex: 100
  wind_lifetime: 20
  solar_capex: 1000.0
  solar_opex: 10
  solar_lifetime: 20
  carbon_price: 1.0
timeseries_values:
  load_level: 246537.59801169753
  wind_year: 2010
  solar_year: 2019
  price_year: 2023
  carbon_year: 2023
storage_values:
  CAES:
    cost: 63.1727
    lifetime: 22.0385
    annual_cost: 2.8664700410645008
    efficiency: 0.577493
    discharge_ratio: 0.1
    depth_of_discharge: 0.4
  Li-ion:
    cost: 129.777
    lifetime: 20.2842
    annual_cost: 6.397935338835152
    efficiency: 0.904452
    discharge_ratio: 2
    depth_of_discharge: 0.9
  Pb-acid:
    cost: 203.51
    lifetime: 13.7239
    annual_cost: 14.828875173966583
    efficiency: 0.775916
    discharge_ratio: 5
    depth_of_discharge: 0.5
  VRBF:
    cost: 207.965
    lifetime: 26.0968
    annual_cost: 7.968984703105361
    efficiency: 0.769167
    discharge_ratio: 0.5
    depth_of_discharge: 1.0
