cost_values:
  wind_capex: 5000.0
  wind_opex: 100
  wind_lifetime: 20
  solar_capex: 1000.0
  solar_opex: 10
  solar_lifetime: 20
  carbon_price: 1.0
timeseries_values:
  load_level: 246537.59801169753
  wind_year: 2010
  solar_year: 2019
  price_year: 2023
  carbon_year: 2023
storage_values:
  CAES:
    cost: 57.4639
    lifetime: 23.0067
    annual_cost: 2.497702843084841
    efficiency: 0.566629
    discharge_ratio: 0.1
    depth_of_discharge: 0.4
  Li-ion:
    cost: 105.578
    lifetime: 20.589
    annual_cost: 5.12788382145806
    efficiency: 0.897323
    discharge_ratio: 2
    depth_of_discharge: 0.9
  Pb-acid:
    cost: 217.882
    lifetime: 11.7198
    annual_cost: 18.590931585863242
    efficiency: 0.785118
    discharge_ratio: 5
    depth_of_discharge: 0.5
  VRBF:
    cost: 196.946
    lifetime: 27.4536
    annual_cost: 7.173776845295334
    efficiency: 0.782974
    discharge_ratio: 0.5
    depth_of_discharge: 1.0
