cost_values:
  wind_capex: 5000.0
  wind_opex: 100
  wind_lifetime: 20
  solar_capex: 1000.0
  solar_opex: 10
  solar_lifetime: 20
  carbon_price: 1.0
timeseries_values:
  load_level: 246537.59801169753
  wind_year: 2010
  solar_year: 2019
  price_year: 2023
  carbon_year: 2023
storage_values:
  CAES:
    cost: 63.7868
    lifetime: 22.6808
    annual_cost: 2.812369934041127
    efficiency: 0.593826
    discharge_ratio: 0.1
    depth_of_discharge: 0.4
  Li-ion:
    cost: 117.645
    lifetime: 18.9544
    annual_cost: 6.206738277128266
    efficiency: 0.902441
    discharge_ratio: 2
    depth_of_discharge: 0.9
  Pb-acid:
    cost: 231.547
    lifetime: 11.904
    annual_cost: 19.451192876344084
    efficiency: 0.768156
    discharge_ratio: 5
    depth_of_discharge: 0.5
  VRBF:
    cost: 191.451
    lifetime: 26.5013
    annual_cost: 7.224211642447728
    efficiency: 0.780649
    discharge_ratio: 0.5
    depth_of_discharge: 1.0
