cost_values:
  wind_capex: 5000.0
  wind_opex: 100
  wind_lifetime: 20
  solar_capex: 1000.0
  solar_opex: 10
  solar_lifetime: 20
  carbon_price: 1.0
timeseries_values:
  load_level: 246537.59801169753
  wind_year: 2010
  solar_year: 2019
  price_year: 2023
  carbon_year: 2023
storage_values:
  CAES:
    cost: 69.4896
    lifetime: 22.4685
    annual_cost: 3.0927565258027907
    efficiency: 0.588171
    discharge_ratio: 0.1
    depth_of_discharge: 0.4
  Li-ion:
    cost: 111.743
    lifetime: 21.364
    annual_cost: 5.230434375585096
    efficiency: 0.912874
    discharge_ratio: 2
    depth_of_discharge: 0.9
  Pb-acid:
    cost: 225.104
    lifetime: 11.4286
    annual_cost: 19.696550758623104
    efficiency: 0.777201
    discharge_ratio: 5
    depth_of_discharge: 0.5
  VRBF:
    cost: 176.009
    lifetime: 23.8389
    annual_cost: 7.383268523295957
    efficiency: 0.791661
    discharge_ratio: 0.5
    depth_of_discharge: 1.0
