cost_values:
  wind_capex: 5000.0
  wind_opex: 100
  wind_lifetime: 20
  solar_capex: 1000.0
  solar_opex: 10
  solar_lifetime: 20
  carbon_price: 1.0
timeseries_values:
  load_level: 246537.59801169753
  wind_year: 2010
  solar_year: 2019
  price_year: 2023
  carbon_year: 2023
storage_values:
  CAES:
    cost: 63.0352
    lifetime: 22.4502
    annual_cost: 2.8077789952873475
    efficiency: 0.59179
    discharge_ratio: 0.1
    depth_of_discharge: 0.4
  Li-ion:
    cost: 133.316
    lifetime: 19.8863
    annual_cost: 6.703911738231849
    efficiency: 0.911766
    discharge_ratio: 2
    depth_of_discharge: 0.9
  Pb-acid:
    cost: 220.315
    lifetime: 13.4501
    annual_cost: 16.38017561207723
    efficiency: 0.78656
    discharge_ratio: 5
    depth_of_discharge: 0.5
  VRBF:
    cost: 189.793
    lifetime: 26.2233
    annual_cost: 7.237571167625738
    efficiency: 0.795309
    discharge_ratio: 0.5
    depth_of_discharge: 1.0
