cost_values:
  wind_capex: 5000.0
  wind_opex: 100
  wind_lifetime: 20
  solar_capex: 1000.0
  solar_opex: 10
  solar_lifetime: 20
  carbon_price: 1.0
timeseries_values:
  load_level: 246537.59801169753
  wind_year: 2010
  solar_year: 2019
  price_year: 2023
  carbon_year: 2023
storage_values:
  CAES:
    cost: 57.9903
    lifetime: 21.6812
    annual_cost: 2.6746812907034663
    efficiency: 0.582123
    discharge_ratio: 0.1
    depth_of_discharge: 0.4
  Li-ion:
    cost: 112.979
    lifetime: 23.1066
    annual_cost: 4.889468809777293
    efficiency: 0.899193
    discharge_ratio: 2
    depth_of_discharge: 0.9
  Pb-acid:
    cost: 217.833
    lifetime: 11.2186
    annual_cost: 19.417128696985362
    efficiency: 0.770676
    discharge_ratio: 5
    depth_of_discharge: 0.5
  VRBF:
    cost: 158.517
    lifetime: 27.1341
    annual_cost: 5.841984808783044
    efficiency: 0.792757
    discharge_ratio: 0.5
    depth_of_discharge: 1.0
