cost_values:
  wind_capex: 5000.0
  wind_opex: 100
  wind_lifetime: 20
  solar_capex: 1000.0
  solar_opex: 10
  solar_lifetime: 20
  carbon_price: 1.0
timeseries_values:
  load_level: 246537.59801169753
  wind_year: 2010
  solar_year: 2019
  price_year: 2023
  carbon_year: 2023
storage_values:
  CAES:
    cost: 58.26
    lifetime: 23.4203
    annual_cost: 2.4875855561201177
    efficiency: 0.589285
    discharge_ratio: 0.1
    depth_of_discharge: 0.4
  Li-ion:
    cost: 124.0
    lifetime: 20.1053
    annual_cost: 6.167527965262891
    efficiency: 0.929815
    discharge_ratio: 2
    depth_of_discharge: 0.9
  Pb-acid:
    cost: 198.656
    lifetime: 13.0715
    annual_cost: 15.197643728722793
    efficiency: 0.757953
    discharge_ratio: 5
    depth_of_discharge: 0.5
  VRBF:
    cost: 176.896
    lifetime: 25.4428
    annual_cost: 6.952693885893062
    efficiency: 0.743058
    discharge_ratio: 0.5
    depth_of_discharge: 1.0
