cost_values:
  wind_capex: 5000.0
  wind_opex: 100
  wind_lifetime: 20
  solar_capex: 1000.0
  solar_opex: 10
  solar_lifetime: 20
  carbon_price: 1.0
timeseries_values:
  load_level: 246537.59801169753
  wind_year: 2010
  solar_year: 2019
  price_year: 2023
  carbon_year: 2023
storage_values:
  CAES:
    cost: 64.8462
    lifetime: 22.8287
    annual_cost: 2.8405559668312255
    efficiency: 0.585504
    discharge_ratio: 0.1
    depth_of_discharge: 0.4
  Li-ion:
    cost: 116.144
    lifetime: 23.0288
    annual_cost: 5.0434238866115475
    efficiency: 0.912627
    discharge_ratio: 2
    depth_of_discharge: 0.9
  Pb-acid:
    cost: 207.635
    lifetime: 11.3894
    annual_cost: 18.23054770224946
    efficiency: 0.778361
    discharge_ratio: 5
    depth_of_discharge: 0.5
  VRBF:
    cost: 173.332
    lifetime: 22.5126
    annual_cost: 7.699332818066328
    efficiency: 0.784183
    discharge_ratio: 0.5
    depth_of_discharge: 1.0
