cost_values:
  wind_capex: 5000.0
  wind_opex: 100
  wind_lifetime: 20
  solar_capex: 1000.0
  solar_opex: 10
  solar_lifetime: 20
  carbon_price: 1.0
timeseries_values:
  load_level: 246537.59801169753
  wind_year: 2010
  solar_year: 2019
  price_year: 2023
  carbon_year: 2023
storage_values:
  CAES:
    cost: 55.6965
    lifetime: 23.3284
    annual_cost: 2.3874976423586705
    efficiency: 0.578717
    discharge_ratio: 0.1
    depth_of_discharge: 0.4
  Li-ion:
    cost: 123.065
    lifetime: 22.7422
    annual_cost: 5.411305854314886
    efficiency: 0.907882
    discharge_ratio: 2
    depth_of_discharge: 0.9
  Pb-acid:
    cost: 223.341
    lifetime: 12.3649
    annual_cost: 18.062499494536954
    efficiency: 0.783015
    discharge_ratio: 5
    depth_of_discharge: 0.5
  VRBF:
    cost: 201.539
    lifetime: 23.5482
    annual_cost: 8.558573479076957
    efficiency: 0.766979
    discharge_ratio: 0.5
    depth_of_discharge: 1.0
