cost_values:
  wind_capex: 5000.0
  wind_opex: 100
  wind_lifetime: 20
  solar_capex: 1000.0
  solar_opex: 10
  solar_lifetime: 20
  carbon_price: 1.0
timeseries_values:
  load_level: 246537.59801169753
  wind_year: 2010
  solar_year: 2019
  price_year: 2023
  carbon_year: 2023
storage_values:
  CAES:
    cost: 63.9967
    lifetime: 23.4824
    annual_cost: 2.725304909208599
    efficiency: 0.587848
    discharge_ratio: 0.1
    depth_of_discharge: 0.4
  Li-ion:
    cost: 111.961
    lifetime: 22.63
    annual_cost: 4.947459125055237
    efficiency: 0.898372
    discharge_ratio: 2
    depth_of_discharge: 0.9
  Pb-acid:
    cost: 223.31
    lifetime: 12.031
    annual_cost: 18.56121685645416
    efficiency: 0.776988
    discharge_ratio: 5
    depth_of_discharge: 0.5
  VRBF:
    cost: 179.672
    lifetime: 25.7352
    annual_cost: 6.98156610401318
    efficiency: 0.751243
    discharge_ratio: 0.5
    depth_of_discharge: 1.0
