cost_values:
  wind_capex: 5000.0
  wind_opex: 100
  wind_lifetime: 20
  solar_capex: 1000.0
  solar_opex: 10
  solar_lifetime: 20
  carbon_price: 1.0
timeseries_values:
  load_level: 246537.59801169753
  wind_year: 2010
  solar_year: 2019
  price_year: 2023
  carbon_year: 2023
storage_values:
  CAES:
    cost: 59.9957
    lifetime: 23.9629
    annual_cost: 2.503691122526906
    efficiency: 0.574612
    discharge_ratio: 0.1
    depth_of_discharge: 0.4
  Li-ion:
    cost: 121.954
    lifetime: 22.4333
    annual_cost: 5.436293367449283
    efficiency: 0.910985
    discharge_ratio: 2
    depth_of_discharge: 0.9
  Pb-acid:
    cost: 209.224
    lifetime: 10.6207
    annual_cost: 19.699643149698232
    efficiency: 0.764786
    discharge_ratio: 5
    depth_of_discharge: 0.5
  VRBF:
    cost: 166.354
    lifetime: 24.3744
    annual_cost: 6.824947485886832
    efficiency: 0.757764
    discharge_ratio: 0.5
    depth_of_discharge: 1.0
