cost_values:
  wind_capex: 5000.0
  wind_opex: 100
  wind_lifetime: 20
  solar_capex: 1000.0
  solar_opex: 10
  solar_lifetime: 20
  carbon_price: 1.0
timeseries_values:
  load_level: 246537.59801169753
  wind_year: 2010
  solar_year: 2019
  price_year: 2023
  carbon_year: 2023
storage_values:
  CAES:
    cost: 61.6161
    lifetime: 23.1097
    annual_cost: 2.666244044708499
    efficiency: 0.584967
    discharge_ratio: 0.1
    depth_of_discharge: 0.4
  Li-ion:
    cost: 119.135
    lifetime: 20.8066
    annual_cost: 5.725827381696193
    efficiency: 0.913044
    discharge_ratio: 2
    depth_of_discharge: 0.9
  Pb-acid:
    cost: 217.166
    lifetime: 12.9117
    annual_cost: 16.819318912304343
    efficiency: 0.7724
    discharge_ratio: 5
    depth_of_discharge: 0.5
  VRBF:
    cost: 156.43
    lifetime: 27.0946
    annual_cost: 5.77347515741144
    efficiency: 0.792069
    discharge_ratio: 0.5
    depth_of_discharge: 1.0
