cost_values:
  wind_capex: 5000.0
  wind_opex: 100
  wind_lifetime: 20
  solar_capex: 1000.0
  solar_opex: 10
  solar_lifetime: 20
  carbon_price: 1.0
timeseries_values:
  load_level: 246537.59801169753
  wind_year: 2010
  solar_year: 2019
  price_year: 2023
  carbon_year: 2023
storage_values:
  CAES:
    cost: 63.7343
    lifetime: 23.1775
    annual_cost: 2.7498349692589796
    efficiency: 0.585664
    discharge_ratio: 0.1
    depth_of_discharge: 0.4
  Li-ion:
    cost: 106.998
    lifetime: 20.4051
    annual_cost: 5.243689077730568
    efficiency: 0.911371
    discharge_ratio: 2
    depth_of_discharge: 0.9
  Pb-acid:
    cost: 226.213
    lifetime: 11.643
    annual_cost: 19.42909902945976
    efficiency: 0.777805
    discharge_ratio: 5
    depth_of_discharge: 0.5
  VRBF:
    cost: 181.89
    lifetime: 25.4818
    annual_cost: 7.138035774552818
    efficiency: 0.788339
    discharge_ratio: 0.5
    depth_of_discharge: 1.0
