cost_values:
  wind_capex: 5000.0
  wind_opex: 100
  wind_lifetime: 20
  solar_capex: 1000.0
  solar_opex: 10
  solar_lifetime: 20
  carbon_price: 1.0
timeseries_values:
  load_level: 253799.36508544514
  wind_year: 2013
  solar_year: 2014
  price_year: 2023
  carbon_year: 2023
storage_values:
  CAES:
    cost: 45.6959
    lifetime: 25.0333
    annual_cost: 1.8254045611245822
    efficiency: 0.614595
    discharge_ratio: 0.1
    depth_of_discharge: 0.4
  Li-ion:
    cost: 173.111
    lifetime: 15.9197
    annual_cost: 10.874011444939288
    efficiency: 0.890745
    discharge_ratio: 2
    depth_of_discharge: 0.9
  Pb-acid:
    cost: 137.994
    lifetime: 14.5967
    annual_cost: 9.453780649050813
    efficiency: 0.761225
    discharge_ratio: 5
    depth_of_discharge: 0.5
  VRBF:
    cost: 277.719
    lifetime: 28.4795
    annual_cost: 9.751540581822011
    efficiency: 0.777528
    discharge_ratio: 0.5
    depth_of_discharge: 1.0
