cost_values:
  wind_capex: 5000.0
  wind_opex: 100
  wind_lifetime: 20
  solar_capex: 1000.0
  solar_opex: 10
  solar_lifetime: 20
  carbon_price: 1.0
timeseries_values:
  load_level: 253799.36508544514
  wind_year: 2013
  solar_year: 2014
  price_year: 2023
  carbon_year: 2023
storage_values:
  CAES:
    cost: 37.1905
    lifetime: 24.4595
    annual_cost: 1.5204930599562543
    efficiency: 0.611432
    discharge_ratio: 0.1
    depth_of_discharge: 0.4
  Li-ion:
    cost: 152.83
    lifetime: 12.2559
    annual_cost: 12.469912450330046
    efficiency: 0.893925
    discharge_ratio: 2
    depth_of_discharge: 0.9
  Pb-acid:
    cost: 112.767
    lifetime: 16.2036
    annual_cost: 6.9593793971709985
    efficiency: 0.758989
    discharge_ratio: 5
    depth_of_discharge: 0.5
  VRBF:
    cost: 280.196
    lifetime: 26.5336
    annual_cost: 10.56004462266711
    efficiency: 0.781392
    discharge_ratio: 0.5
    depth_of_discharge: 1.0
