cost_values:
  wind_capex: 5000.0
  wind_opex: 100
  wind_lifetime: 20
  solar_capex: 1000.0
  solar_opex: 10
  solar_lifetime: 20
  carbon_price: 1.0
timeseries_values:
  load_level: 253799.36508544514
  wind_year: 2013
  solar_year: 2014
  price_year: 2023
  carbon_year: 2023
storage_values:
  CAES:
    cost: 42.1137
    lifetime: 25.2473
    annual_cost: 1.6680476724243782
    efficiency: 0.622271
    discharge_ratio: 0.1
    depth_of_discharge: 0.4
  Li-ion:
    cost: 167.946
    lifetime: 16.1521
    annual_cost: 10.397781093480104
    efficiency: 0.892031
    discharge_ratio: 2
    depth_of_discharge: 0.9
  Pb-acid:
    cost: 135.794
    lifetime: 15.9016
    annual_cost: 8.539643809427982
    efficiency: 0.750945
    discharge_ratio: 5
    depth_of_discharge: 0.5
  VRBF:
    cost: 256.691
    lifetime: 28.2676
    annual_cost: 9.080749692227142
    efficiency: 0.773323
    discharge_ratio: 0.5
    depth_of_discharge: 1.0
