cost_values:
  wind_capex: 5000.0
  wind_opex: 100
  wind_lifetime: 20
  solar_capex: 1000.0
  solar_opex: 10
  solar_lifetime: 20
  carbon_price: 1.0
timeseries_values:
  load_level: 253799.36508544514
  wind_year: 2013
  solar_year: 2014
  price_year: 2023
  carbon_year: 2023
storage_values:
  CAES:
    cost: 37.2552
    lifetime: 25.7649
    annual_cost: 1.4459671879184472
    efficiency: 0.626868
    discharge_ratio: 0.1
    depth_of_discharge: 0.4
  Li-ion:
    cost: 169.302
    lifetime: 15.4336
    annual_cost: 10.969702467343977
    efficiency: 0.894767
    discharge_ratio: 2
    depth_of_discharge: 0.9
  Pb-acid:
    cost: 128.967
    lifetime: 16.8516
    annual_cost: 7.653101189204586
    efficiency: 0.74189
    discharge_ratio: 5
    depth_of_discharge: 0.5
  VRBF:
    cost: 239.207
    lifetime: 26.4274
    annual_cost: 9.051476876272353
    efficiency: 0.772565
    discharge_ratio: 0.5
    depth_of_discharge: 1.0
