cost_values:
  wind_capex: 5000.0
  wind_opex: 100
  wind_lifetime: 20
  solar_capex: 1000.0
  solar_opex: 10
  solar_lifetime: 20
  carbon_price: 1.0
timeseries_values:
  load_level: 253799.36508544514
  wind_year: 2013
  solar_year: 2014
  price_year: 2023
  carbon_year: 2023
storage_values:
  CAES:
    cost: 41.1559
    lifetime: 24.6459
    annual_cost: 1.669888297850758
    efficiency: 0.611369
    discharge_ratio: 0.1
    depth_of_discharge: 0.4
  Li-ion:
    cost: 179.795
    lifetime: 16.8775
    annual_cost: 10.652940305139978
    efficiency: 0.897958
    discharge_ratio: 2
    depth_of_discharge: 0.9
  Pb-acid:
    cost: 135.266
    lifetime: 17.1284
    annual_cost: 7.897176618948647
    efficiency: 0.747958
    discharge_ratio: 5
    depth_of_discharge: 0.5
  VRBF:
    cost: 277.325
    lifetime: 28.0637
    annual_cost: 9.881982774901385
    efficiency: 0.779522
    discharge_ratio: 0.5
    depth_of_discharge: 1.0
