cost_values:
  wind_capex: 5000.0
  wind_opex: 100
  wind_lifetime: 20
  solar_capex: 1000.0
  solar_opex: 10
  solar_lifetime: 20
  carbon_price: 1.0
timeseries_values:
  load_level: 253799.36508544514
  wind_year: 2013
  solar_year: 2014
  price_year: 2023
  carbon_year: 2023
storage_values:
  CAES:
    cost: 38.192
    lifetime: 25.1437
    annual_cost: 1.5189490806842272
    efficiency: 0.612696
    discharge_ratio: 0.1
    depth_of_discharge: 0.4
  Li-ion:
    cost: 145.627
    lifetime: 13.8614
    annual_cost: 10.505937351205507
    efficiency: 0.901339
    discharge_ratio: 2
    depth_of_discharge: 0.9
  Pb-acid:
    cost: 120.966
    lifetime: 18.0
    annual_cost: 6.720333333333333
    efficiency: 0.761863
    discharge_ratio: 5
    depth_of_discharge: 0.5
  VRBF:
    cost: 282.219
    lifetime: 27.9469
    annual_cost: 10.098400895984886
    efficiency: 0.766351
    discharge_ratio: 0.5
    depth_of_discharge: 1.0
