cost_values:
  wind_capex: 5000.0
  wind_opex: 100
  wind_lifetime: 20
  solar_capex: 1000.0
  solar_opex: 10
  solar_lifetime: 20
  carbon_price: 1.0
timeseries_values:
  load_level: 253799.36508544514
  wind_year: 2013
  solar_year: 2014
  price_year: 2023
  carbon_year: 2023
storage_values:
  CAES:
    cost: 38.7699
    lifetime: 23.9169
    annual_cost: 1.621025300101602
    efficiency: 0.615558
    discharge_ratio: 0.1
    depth_of_discharge: 0.4
  Li-ion:
    cost: 158.739
    lifetime: 15.7303
    annual_cost: 10.091288786609283
    efficiency: 0.905555
    discharge_ratio: 2
    depth_of_discharge: 0.9
  Pb-acid:
    cost: 114.546
    lifetime: 16.3197
    annual_cost: 7.018879023511461
    efficiency: 0.749868
    discharge_ratio: 5
    depth_of_discharge: 0.5
  VRBF:
    cost: 245.416
    lifetime: 27.9257
    annual_cost: 8.788177198781051
    efficiency: 0.755055
    discharge_ratio: 0.5
    depth_of_discharge: 1.0
