cost_values:
  wind_capex: 5000.0
  wind_opex: 100
  wind_lifetime: 20
  solar_capex: 1000.0
  solar_opex: 10
  solar_lifetime: 20
  carbon_price: 1.0
timeseries_values:
  load_level: 253799.36508544514
  wind_year: 2013
  solar_year: 2014
  price_year: 2023
  carbon_year: 2023
storage_values:
  CAES:
    cost: 35.5133
    lifetime: 25.8309
    annual_cost: 1.3748378879558978
    efficiency: 0.623011
    discharge_ratio: 0.1
    depth_of_discharge: 0.4
  Li-ion:
    cost: 166.182
    lifetime: 14.852
    annual_cost: 11.189200107729597
    efficiency: 0.88716
    discharge_ratio: 2
    depth_of_discharge: 0.9
  Pb-acid:
    cost: 120.657
    lifetime: 17.3694
    annual_cost: 6.946526650316073
    efficiency: 0.748576
    discharge_ratio: 5
    depth_of_discharge: 0.5
  VRBF:
    cost: 260.297
    lifetime: 25.0946
    annual_cost: 10.37262996820033
    efficiency: 0.754967
    discharge_ratio: 0.5
    depth_of_discharge: 1.0
