cost_values:
  wind_capex: 5000.0
  wind_opex: 100
  wind_lifetime: 20
  solar_capex: 1000.0
  solar_opex: 10
  solar_lifetime: 20
  carbon_price: 1.0
timeseries_values:
  load_level: 253799.36508544514
  wind_year: 2013
  solar_year: 2014
  price_year: 2023
  carbon_year: 2023
storage_values:
  CAES:
    cost: 42.9385
    lifetime: 24.7549
    annual_cost: 1.7345454839243948
    efficiency: 0.616475
    discharge_ratio: 0.1
    depth_of_discharge: 0.4
  Li-ion:
    cost: 164.241
    lifetime: 15.6506
    annual_cost: 10.494230253153233
    efficiency: 0.902317
    discharge_ratio: 2
    depth_of_discharge: 0.9
  Pb-acid:
    cost: 112.013
    lifetime: 15.7517
    annual_cost: 7.1111689531923545
    efficiency: 0.757279
    discharge_ratio: 5
    depth_of_discharge: 0.5
  VRBF:
    cost: 276.15
    lifetime: 27.7095
    annual_cost: 9.965896172792725
    efficiency: 0.787423
    discharge_ratio: 0.5
    depth_of_discharge: 1.0
