cost_values:
  wind_capex: 5000.0
  wind_opex: 100
  wind_lifetime: 20
  solar_capex: 1000.0
  solar_opex: 10
  solar_lifetime: 20
  carbon_price: 1.0
timeseries_values:
  load_level: 253799.36508544514
  wind_year: 2013
  solar_year: 2014
  price_year: 2023
  carbon_year: 2023
storage_values:
  CAES:
    cost: 42.2002
    lifetime: 24.7051
    annual_cost: 1.7081574249851246
    efficiency: 0.617687
    discharge_ratio: 0.1
    depth_of_discharge: 0.4
  Li-ion:
    cost: 171.026
    lifetime: 16.2871
    annual_cost: 10.500703010357892
    efficiency: 0.875339
    discharge_ratio: 2
    depth_of_discharge: 0.9
  Pb-acid:
    cost: 135.495
    lifetime: 16.3813
    annual_cost: 8.271321567885334
    efficiency: 0.741829
    discharge_ratio: 5
    depth_of_discharge: 0.5
  VRBF:
    cost: 268.774
    lifetime: 27.7619
    annual_cost: 9.681397887032228
    efficiency: 0.77946
    discharge_ratio: 0.5
    depth_of_discharge: 1.0
