cost_values:
  wind_capex: 5000.0
  wind_opex: 100
  wind_lifetime: 20
  solar_capex: 1000.0
  solar_opex: 10
  solar_lifetime: 20
  carbon_price: 1.0
timeseries_values:
  load_level: 253799.36508544514
  wind_year: 2013
  solar_year: 2014
  price_year: 2023
  carbon_year: 2023
storage_values:
  CAES:
    cost: 39.8155
    lifetime: 25.7674
    annual_cost: 1.5451888820758013
    efficiency: 0.620712
    discharge_ratio: 0.1
    depth_of_discharge: 0.4
  Li-ion:
    cost: 172.373
    lifetime: 14.2519
    annual_cost: 12.094738245426926
    efficiency: 0.892022
    discharge_ratio: 2
    depth_of_discharge: 0.9
  Pb-acid:
    cost: 138.874
    lifetime: 15.4229
    annual_cost: 9.004402544268586
    efficiency: 0.756328
    discharge_ratio: 5
    depth_of_discharge: 0.5
  VRBF:
    cost: 268.362
    lifetime: 27.4378
    annual_cost: 9.780740438373341
    efficiency: 0.779218
    discharge_ratio: 0.5
    depth_of_discharge: 1.0
