cost_values:
  wind_capex: 5000.0
  wind_opex: 100
  wind_lifetime: 20
  solar_capex: 1000.0
  solar_opex: 10
  solar_lifetime: 20
  carbon_price: 1.0
timeseries_values:
  load_level: 253799.36508544514
  wind_year: 2013
  solar_year: 2014
  price_year: 2023
  carbon_year: 2023
storage_values:
  CAES:
    cost: 36.7731
    lifetime: 24.4523
    annual_cost: 1.5038708015196933
    efficiency: 0.614351
    discharge_ratio: 0.1
    depth_of_discharge: 0.4
  Li-ion:
    cost: 161.575
    lifetime: 15.7212
    annual_cost: 10.277523344273973
    efficiency: 0.893848
    discharge_ratio: 2
    depth_of_discharge: 0.9
  Pb-acid:
    cost: 102.217
    lifetime: 16.7584
    annual_cost: 6.0994486347145305
    efficiency: 0.760219
    discharge_ratio: 5
    depth_of_discharge: 0.5
  VRBF:
    cost: 247.352
    lifetime: 28.2843
    annual_cost: 8.745204937014528
    efficiency: 0.773357
    discharge_ratio: 0.5
    depth_of_discharge: 1.0
