cost_values:
  wind_capex: 5000.0
  wind_opex: 100
  wind_lifetime: 20
  solar_capex: 1000.0
  solar_opex: 10
  solar_lifetime: 20
  carbon_price: 1.0
timeseries_values:
  load_level: 253799.36508544514
  wind_year: 2013
  solar_year: 2014
  price_year: 2023
  carbon_year: 2023
storage_values:
  CAES:
    cost: 43.1971
    lifetime: 25.6993
    annual_cost: 1.6808667940371915
    efficiency: 0.62646
    discharge_ratio: 0.1
    depth_of_discharge: 0.4
  Li-ion:
    cost: 144.371
    lifetime: 12.275
    annual_cost: 11.761384928716904
    efficiency: 0.885537
    discharge_ratio: 2
    depth_of_discharge: 0.9
  Pb-acid:
    cost: 124.618
    lifetime: 17.2566
    annual_cost: 7.2214688872663215
    efficiency: 0.764249
    discharge_ratio: 5
    depth_of_discharge: 0.5
  VRBF:
    cost: 264.045
    lifetime: 27.9969
    annual_cost: 9.431222742517923
    efficiency: 0.772005
    discharge_ratio: 0.5
    depth_of_discharge: 1.0
