cost_values:
  wind_capex: 5000.0
  wind_opex: 100
  wind_lifetime: 20
  solar_capex: 1000.0
  solar_opex: 10
  solar_lifetime: 20
  carbon_price: 1.0
timeseries_values:
  load_level: 253799.36508544514
  wind_year: 2013
  solar_year: 2014
  price_year: 2023
  carbon_year: 2023
storage_values:
  CAES:
    cost: 36.6807
    lifetime: 24.9915
    annual_cost: 1.4677270271892444
    efficiency: 0.633594
    discharge_ratio: 0.1
    depth_of_discharge: 0.4
  Li-ion:
    cost: 147.519
    lifetime: 13.4001
    annual_cost: 11.008798441802673
    efficiency: 0.903786
    discharge_ratio: 2
    depth_of_discharge: 0.9
  Pb-acid:
    cost: 127.16
    lifetime: 16.5133
    annual_cost: 7.700459629510758
    efficiency: 0.757676
    discharge_ratio: 5
    depth_of_discharge: 0.5
  VRBF:
    cost: 275.868
    lifetime: 28.5404
    annual_cost: 9.665877142576837
    efficiency: 0.774631
    discharge_ratio: 0.5
    depth_of_discharge: 1.0
