cost_values:
  wind_capex: 5000.0
  wind_opex: 100
  wind_lifetime: 20
  solar_capex: 1000.0
  solar_opex: 10
  solar_lifetime: 20
  carbon_price: 1.0
timeseries_values:
  load_level: 253799.36508544514
  wind_year: 2013
  solar_year: 2014
  price_year: 2023
  carbon_year: 2023
storage_values:
  CAES:
    cost: 34.0388
    lifetime: 24.3634
    annual_cost: 1.397128479604653
    efficiency: 0.6222
    discharge_ratio: 0.1
    depth_of_discharge: 0.4
  Li-ion:
    cost: 152.258
    lifetime: 16.533
    annual_cost: 9.209338897961652
    efficiency: 0.899874
    discharge_ratio: 2
    depth_of_discharge: 0.9
  Pb-acid:
    cost: 123.645
    lifetime: 15.9516
    annual_cost: 7.751260061686602
    efficiency: 0.752751
    discharge_ratio: 5
    depth_of_discharge: 0.5
  VRBF:
    cost: 256.283
    lifetime: 27.1145
    annual_cost: 9.451879990411035
    efficiency: 0.776741
    discharge_ratio: 0.5
    depth_of_discharge: 1.0
