cost_values:
  wind_capex: 5000.0
  wind_opex: 100
  wind_lifetime: 20
  solar_capex: 1000.0
  solar_opex: 10
  solar_lifetime: 20
  carbon_price: 1.0
timeseries_values:
  load_level: 253799.36508544514
  wind_year: 2013
  solar_year: 2014
  price_year: 2023
  carbon_year: 2023
storage_values:
  CAES:
    cost: 41.4914
    lifetime: 24.939
    annual_cost: 1.6637154657363968
    efficiency: 0.626603
    discharge_ratio: 0.1
    depth_of_discharge: 0.4
  Li-ion:
    cost: 145.818
    lifetime: 13.1447
    annual_cost: 11.093292353572163
    efficiency: 0.906068
    discharge_ratio: 2
    depth_of_discharge: 0.9
  Pb-acid:
    cost: 125.353
    lifetime: 16.4671
    annual_cost: 7.612330039897736
    efficiency: 0.742736
    discharge_ratio: 5
    depth_of_discharge: 0.5
  VRBF:
    cost: 264.958
    lifetime: 28.5608
    annual_cost: 9.276981036945745
    efficiency: 0.784201
    discharge_ratio: 0.5
    depth_of_discharge: 1.0
