cost_values:
  wind_capex: 5000.0
  wind_opex: 100
  wind_lifetime: 20
  solar_capex: 1000.0
  solar_opex: 10
  solar_lifetime: 20
  carbon_price: 1.0
timeseries_values:
  load_level: 253799.36508544514
  wind_year: 2013
  solar_year: 2014
  price_year: 2023
  carbon_year: 2023
storage_values:
  CAES:
    cost: 43.4577
    lifetime: 24.5617
    annual_cost: 1.7693278559708818
    efficiency: 0.610304
    discharge_ratio: 0.1
    depth_of_discharge: 0.4
  Li-ion:
    cost: 169.644
    lifetime: 13.5378
    annual_cost: 12.531135044098745
    efficiency: 0.906739
    discharge_ratio: 2
    depth_of_discharge: 0.9
  Pb-acid:
    cost: 126.639
    lifetime: 17.1279
    annual_cost: 7.393726025957648
    efficiency: 0.76143
    discharge_ratio: 5
    depth_of_discharge: 0.5
  VRBF:
    cost: 245.077
    lifetime: 26.2656
    annual_cost: 9.330721552144249
    efficiency: 0.780277
    discharge_ratio: 0.5
    depth_of_discharge: 1.0
