cost_values:
  wind_capex: 5000.0
  wind_opex: 100
  wind_lifetime: 20
  solar_capex: 1000.0
  solar_opex: 10
  solar_lifetime: 20
  carbon_price: 1.0
timeseries_values:
  load_level: 253799.36508544514
  wind_year: 2013
  solar_year: 2014
  price_year: 2023
  carbon_year: 2023
storage_values:
  CAES:
    cost: 38.9903
    lifetime: 24.6863
    annual_cost: 1.579430696378153
    efficiency: 0.613445
    discharge_ratio: 0.1
    depth_of_discharge: 0.4
  Li-ion:
    cost: 158.34
    lifetime: 15.7275
    annual_cost: 10.067715784453982
    efficiency: 0.908241
    discharge_ratio: 2
    depth_of_discharge: 0.9
  Pb-acid:
    cost: 116.499
    lifetime: 16.8268
    annual_cost: 6.923419782727554
    efficiency: 0.75512
    discharge_ratio: 5
    depth_of_discharge: 0.5
  VRBF:
    cost: 265.864
    lifetime: 26.8181
    annual_cost: 9.913603126246825
    efficiency: 0.791268
    discharge_ratio: 0.5
    depth_of_discharge: 1.0
