cost_values:
  wind_capex: 5000.0
  wind_opex: 100
  wind_lifetime: 20
  solar_capex: 1000.0
  solar_opex: 10
  solar_lifetime: 20
  carbon_price: 1.0
timeseries_values:
  load_level: 253799.36508544514
  wind_year: 2013
  solar_year: 2014
  price_year: 2023
  carbon_year: 2023
storage_values:
  CAES:
    cost: 46.0306
    lifetime: 24.8147
    annual_cost: 1.854973060323115
    efficiency: 0.621699
    discharge_ratio: 0.1
    depth_of_discharge: 0.4
  Li-ion:
    cost: 160.179
    lifetime: 14.3513
    annual_cost: 11.16128852438455
    efficiency: 0.897676
    discharge_ratio: 2
    depth_of_discharge: 0.9
  Pb-acid:
    cost: 142.958
    lifetime: 15.5669
    annual_cost: 9.18345977683418
    efficiency: 0.753246
    discharge_ratio: 5
    depth_of_discharge: 0.5
  VRBF:
    cost: 240.544
    lifetime: 26.0747
    annual_cost: 9.225187633990037
    efficiency: 0.778283
    discharge_ratio: 0.5
    depth_of_discharge: 1.0
