cost_values:
  wind_capex: 5000.0
  wind_opex: 100
  wind_lifetime: 20
  solar_capex: 1000.0
  solar_opex: 10
  solar_lifetime: 20
  carbon_price: 1.0
timeseries_values:
  load_level: 253799.36508544514
  wind_year: 2013
  solar_year: 2014
  price_year: 2023
  carbon_year: 2023
storage_values:
  CAES:
    cost: 36.8439
    lifetime: 25.0054
    annual_cost: 1.4734377374487109
    efficiency: 0.620798
    discharge_ratio: 0.1
    depth_of_discharge: 0.4
  Li-ion:
    cost: 166.913
    lifetime: 16.3895
    annual_cost: 10.184142286219835
    efficiency: 0.902059
    discharge_ratio: 2
    depth_of_discharge: 0.9
  Pb-acid:
    cost: 127.553
    lifetime: 17.653
    annual_cost: 7.225570724522744
    efficiency: 0.754194
    discharge_ratio: 5
    depth_of_discharge: 0.5
  VRBF:
    cost: 269.259
    lifetime: 26.2756
    annual_cost: 10.247491969736181
    efficiency: 0.778598
    discharge_ratio: 0.5
    depth_of_discharge: 1.0
