cost_values:
  wind_capex: 5000.0
  wind_opex: 100
  wind_lifetime: 20
  solar_capex: 1000.0
  solar_opex: 10
  solar_lifetime: 20
  carbon_price: 1.0
timeseries_values:
  load_level: 253799.36508544514
  wind_year: 2013
  solar_year: 2014
  price_year: 2023
  carbon_year: 2023
storage_values:
  CAES:
    cost: 42.7544
    lifetime: 24.9035
    annual_cost: 1.7168028590358784
    efficiency: 0.620046
    discharge_ratio: 0.1
    depth_of_discharge: 0.4
  Li-ion:
    cost: 180.552
    lifetime: 13.8382
    annual_cost: 13.047361651081786
    efficiency: 0.896496
    discharge_ratio: 2
    depth_of_discharge: 0.9
  Pb-acid:
    cost: 139.743
    lifetime: 14.1763
    annual_cost: 9.857508658817887
    efficiency: 0.758602
    discharge_ratio: 5
    depth_of_discharge: 0.5
  VRBF:
    cost: 258.521
    lifetime: 26.1945
    annual_cost: 9.869285537040218
    efficiency: 0.778897
    discharge_ratio: 0.5
    depth_of_discharge: 1.0
