cost_values:
  wind_capex: 5000.0
  wind_opex: 100
  wind_lifetime: 20
  solar_capex: 1000.0
  solar_opex: 10
  solar_lifetime: 20
  carbon_price: 1.0
timeseries_values:
  load_level: 253799.36508544514
  wind_year: 2013
  solar_year: 2014
  price_year: 2023
  carbon_year: 2023
storage_values:
  CAES:
    cost: 40.9695
    lifetime: 25.5077
    annual_cost: 1.6061620608678946
    efficiency: 0.627213
    discharge_ratio: 0.1
    depth_of_discharge: 0.4
  Li-ion:
    cost: 136.442
    lifetime: 18.5393
    annual_cost: 7.359609046727762
    efficiency: 0.887603
    discharge_ratio: 2
    depth_of_discharge: 0.9
  Pb-acid:
    cost: 115.982
    lifetime: 16.2542
    annual_cost: 7.135509591367154
    efficiency: 0.765233
    discharge_ratio: 5
    depth_of_discharge: 0.5
  VRBF:
    cost: 260.066
    lifetime: 28.6096
    annual_cost: 9.09016553884011
    efficiency: 0.751153
    discharge_ratio: 0.5
    depth_of_discharge: 1.0
