cost_values:
  wind_capex: 5000.0
  wind_opex: 100
  wind_lifetime: 20
  solar_capex: 1000.0
  solar_opex: 10
  solar_lifetime: 20
  carbon_price: 1.0
timeseries_values:
  load_level: 253799.36508544514
  wind_year: 2013
  solar_year: 2014
  price_year: 2023
  carbon_year: 2023
storage_values:
  CAES:
    cost: 38.7433
    lifetime: 25.0649
    annual_cost: 1.5457193126643232
    efficiency: 0.626818
    discharge_ratio: 0.1
    depth_of_discharge: 0.4
  Li-ion:
    cost: 136.757
    lifetime: 15.0681
    annual_cost: 9.075928617410291
    efficiency: 0.906577
    discharge_ratio: 2
    depth_of_discharge: 0.9
  Pb-acid:
    cost: 121.231
    lifetime: 18.5892
    annual_cost: 6.5215824242033
    efficiency: 0.735693
    discharge_ratio: 5
    depth_of_discharge: 0.5
  VRBF:
    cost: 253.285
    lifetime: 26.9812
    annual_cost: 9.387462381213584
    efficiency: 0.804286
    discharge_ratio: 0.5
    depth_of_discharge: 1.0
