cost_values:
  wind_capex: 5000.0
  wind_opex: 100
  wind_lifetime: 20
  solar_capex: 1000.0
  solar_opex: 10
  solar_lifetime: 20
  carbon_price: 1.0
timeseries_values:
  load_level: 253799.36508544514
  wind_year: 2013
  solar_year: 2014
  price_year: 2023
  carbon_year: 2023
storage_values:
  CAES:
    cost: 35.8297
    lifetime: 23.9533
    annual_cost: 1.495814772912292
    efficiency: 0.61479
    discharge_ratio: 0.1
    depth_of_discharge: 0.4
  Li-ion:
    cost: 185.401
    lifetime: 15.2478
    annual_cost: 12.159196736578393
    efficiency: 0.897215
    discharge_ratio: 2
    depth_of_discharge: 0.9
  Pb-acid:
    cost: 116.491
    lifetime: 17.4342
    annual_cost: 6.681751958793635
    efficiency: 0.770583
    discharge_ratio: 5
    depth_of_discharge: 0.5
  VRBF:
    cost: 254.608
    lifetime: 25.7608
    annual_cost: 9.883543989317102
    efficiency: 0.762732
    discharge_ratio: 0.5
    depth_of_discharge: 1.0
