cost_values:
  wind_capex: 5000.0
  wind_opex: 100
  wind_lifetime: 20
  solar_capex: 1000.0
  solar_opex: 10
  solar_lifetime: 20
  carbon_price: 1.0
timeseries_values:
  load_level: 253799.36508544514
  wind_year: 2013
  solar_year: 2014
  price_year: 2023
  carbon_year: 2023
storage_values:
  CAES:
    cost: 47.3969
    lifetime: 25.6983
    annual_cost: 1.8443593545098316
    efficiency: 0.609436
    discharge_ratio: 0.1
    depth_of_discharge: 0.4
  Li-ion:
    cost: 152.279
    lifetime: 16.2817
    annual_cost: 9.352770288114877
    efficiency: 0.896478
    discharge_ratio: 2
    depth_of_discharge: 0.9
  Pb-acid:
    cost: 135.464
    lifetime: 16.654
    annual_cost: 8.134021856611025
    efficiency: 0.750281
    discharge_ratio: 5
    depth_of_discharge: 0.5
  VRBF:
    cost: 278.491
    lifetime: 27.1091
    annual_cost: 10.27297106875551
    efficiency: 0.770925
    discharge_ratio: 0.5
    depth_of_discharge: 1.0
