cost_values:
  wind_capex: 5000.0
  wind_opex: 100
  wind_lifetime: 20
  solar_capex: 1000.0
  solar_opex: 10
  solar_lifetime: 20
  carbon_price: 1.0
timeseries_values:
  load_level: 253799.36508544514
  wind_year: 2013
  solar_year: 2014
  price_year: 2023
  carbon_year: 2023
storage_values:
  CAES:
    cost: 38.9207
    lifetime: 24.0912
    annual_cost: 1.6155567178056716
    efficiency: 0.623299
    discharge_ratio: 0.1
    depth_of_discharge: 0.4
  Li-ion:
    cost: 191.423
    lifetime: 14.1956
    annual_cost: 13.484671306602046
    efficiency: 0.903459
    discharge_ratio: 2
    depth_of_discharge: 0.9
  Pb-acid:
    cost: 113.724
    lifetime: 16.8671
    annual_cost: 6.742356421672961
    efficiency: 0.76339
    discharge_ratio: 5
    depth_of_discharge: 0.5
  VRBF:
    cost: 244.725
    lifetime: 27.4128
    annual_cost: 8.927398879355628
    efficiency: 0.772309
    discharge_ratio: 0.5
    depth_of_discharge: 1.0
