cost_values:
  wind_capex: 5000.0
  wind_opex: 100
  wind_lifetime: 20
  solar_capex: 1000.0
  solar_opex: 10
  solar_lifetime: 20
  carbon_price: 1.0
timeseries_values:
  load_level: 253799.36508544514
  wind_year: 2013
  solar_year: 2014
  price_year: 2023
  carbon_year: 2023
storage_values:
  CAES:
    cost: 36.3199
    lifetime: 24.5325
    annual_cost: 1.4804809945990012
    efficiency: 0.617612
    discharge_ratio: 0.1
    depth_of_discharge: 0.4
  Li-ion:
    cost: 164.017
    lifetime: 15.4047
    annual_cost: 10.647205073776185
    efficiency: 0.913075
    discharge_ratio: 2
    depth_of_discharge: 0.9
  Pb-acid:
    cost: 134.233
    lifetime: 16.3422
    annual_cost: 8.213887971019815
    efficiency: 0.760668
    discharge_ratio: 5
    depth_of_discharge: 0.5
  VRBF:
    cost: 286.845
    lifetime: 29.5151
    annual_cost: 9.718584724429192
    efficiency: 0.775415
    discharge_ratio: 0.5
    depth_of_discharge: 1.0
