cost_values:
  wind_capex: 5000.0
  wind_opex: 100
  wind_lifetime: 20
  solar_capex: 1000.0
  solar_opex: 10
  solar_lifetime: 20
  carbon_price: 1.0
timeseries_values:
  load_level: 253799.36508544514
  wind_year: 2013
  solar_year: 2014
  price_year: 2023
  carbon_year: 2023
storage_values:
  CAES:
    cost: 38.0181
    lifetime: 25.3954
    annual_cost: 1.4970467092465565
    efficiency: 0.618185
    discharge_ratio: 0.1
    depth_of_discharge: 0.4
  Li-ion:
    cost: 146.042
    lifetime: 14.7288
    annual_cost: 9.91540383466406
    efficiency: 0.90396
    discharge_ratio: 2
    depth_of_discharge: 0.9
  Pb-acid:
    cost: 126.478
    lifetime: 15.8831
    annual_cost: 7.963055071113321
    efficiency: 0.762118
    discharge_ratio: 5
    depth_of_discharge: 0.5
  VRBF:
    cost: 296.06
    lifetime: 28.5257
    annual_cost: 10.378711127159018
    efficiency: 0.757124
    discharge_ratio: 0.5
    depth_of_discharge: 1.0
