cost_values:
  wind_capex: 5000.0
  wind_opex: 100
  wind_lifetime: 20
  solar_capex: 1000.0
  solar_opex: 10
  solar_lifetime: 20
  carbon_price: 1.0
timeseries_values:
  load_level: 253799.36508544514
  wind_year: 2013
  solar_year: 2014
  price_year: 2023
  carbon_year: 2023
storage_values:
  CAES:
    cost: 43.1902
    lifetime: 25.0446
    annual_cost: 1.7245314359183217
    efficiency: 0.63129
    discharge_ratio: 0.1
    depth_of_discharge: 0.4
  Li-ion:
    cost: 155.388
    lifetime: 13.8396
    annual_cost: 11.227781149744212
    efficiency: 0.90392
    discharge_ratio: 2
    depth_of_discharge: 0.9
  Pb-acid:
    cost: 145.691
    lifetime: 15.9442
    annual_cost: 9.1375547220933
    efficiency: 0.745476
    discharge_ratio: 5
    depth_of_discharge: 0.5
  VRBF:
    cost: 282.284
    lifetime: 25.1017
    annual_cost: 11.245612846938652
    efficiency: 0.773068
    discharge_ratio: 0.5
    depth_of_discharge: 1.0
