cost_values:
  wind_capex: 5000.0
  wind_opex: 100
  wind_lifetime: 20
  solar_capex: 1000.0
  solar_opex: 10
  solar_lifetime: 20
  carbon_price: 1.0
timeseries_values:
  load_level: 253799.36508544514
  wind_year: 2013
  solar_year: 2014
  price_year: 2023
  carbon_year: 2023
storage_values:
  CAES:
    cost: 39.7349
    lifetime: 24.6669
    annual_cost: 1.6108590864681012
    efficiency: 0.61383
    discharge_ratio: 0.1
    depth_of_discharge: 0.4
  Li-ion:
    cost: 147.172
    lifetime: 15.8924
    annual_cost: 9.260527044373411
    efficiency: 0.897246
    discharge_ratio: 2
    depth_of_discharge: 0.9
  Pb-acid:
    cost: 115.876
    lifetime: 16.6644
    annual_cost: 6.953505676772041
    efficiency: 0.745492
    discharge_ratio: 5
    depth_of_discharge: 0.5
  VRBF:
    cost: 237.69
    lifetime: 28.3918
    annual_cost: 8.371783402249946
    efficiency: 0.762216
    discharge_ratio: 0.5
    depth_of_discharge: 1.0
