cost_values:
  wind_capex: 5000.0
  wind_opex: 100
  wind_lifetime: 20
  solar_capex: 1000.0
  solar_opex: 10
  solar_lifetime: 20
  carbon_price: 1.0
timeseries_values:
  load_level: 253799.36508544514
  wind_year: 2013
  solar_year: 2014
  price_year: 2023
  carbon_year: 2023
storage_values:
  CAES:
    cost: 43.4966
    lifetime: 25.6024
    annual_cost: 1.6989266631253321
    efficiency: 0.616895
    discharge_ratio: 0.1
    depth_of_discharge: 0.4
  Li-ion:
    cost: 154.869
    lifetime: 13.317
    annual_cost: 11.629421040774949
    efficiency: 0.893697
    discharge_ratio: 2
    depth_of_discharge: 0.9
  Pb-acid:
    cost: 123.167
    lifetime: 18.035
    annual_cost: 6.82933185472692
    efficiency: 0.758231
    discharge_ratio: 5
    depth_of_discharge: 0.5
  VRBF:
    cost: 256.323
    lifetime: 28.9869
    annual_cost: 8.842718607370916
    efficiency: 0.776108
    discharge_ratio: 0.5
    depth_of_discharge: 1.0
