cost_values:
  wind_capex: 5000.0
  wind_opex: 100
  wind_lifetime: 20
  solar_capex: 1000.0
  solar_opex: 10
  solar_lifetime: 20
  carbon_price: 1.0
timeseries_values:
  load_level: 253799.36508544514
  wind_year: 2013
  solar_year: 2014
  price_year: 2023
  carbon_year: 2023
storage_values:
  CAES:
    cost: 49.9598
    lifetime: 25.0225
    annual_cost: 1.996595064442002
    efficiency: 0.617361
    discharge_ratio: 0.1
    depth_of_discharge: 0.4
  Li-ion:
    cost: 149.357
    lifetime: 16.7499
    annual_cost: 8.916889056054066
    efficiency: 0.891537
    discharge_ratio: 2
    depth_of_discharge: 0.9
  Pb-acid:
    cost: 139.25
    lifetime: 15.4307
    annual_cost: 9.024217955115452
    efficiency: 0.746775
    discharge_ratio: 5
    depth_of_discharge: 0.5
  VRBF:
    cost: 233.207
    lifetime: 27.8679
    annual_cost: 8.368301881376064
    efficiency: 0.774081
    discharge_ratio: 0.5
    depth_of_discharge: 1.0
