cost_values:
  wind_capex: 5000.0
  wind_opex: 100
  wind_lifetime: 20
  solar_capex: 1000.0
  solar_opex: 10
  solar_lifetime: 20
  carbon_price: 1.0
timeseries_values:
  load_level: 253799.36508544514
  wind_year: 2013
  solar_year: 2014
  price_year: 2023
  carbon_year: 2023
storage_values:
  CAES:
    cost: 40.5114
    lifetime: 25.7792
    annual_cost: 1.571476228897716
    efficiency: 0.619919
    discharge_ratio: 0.1
    depth_of_discharge: 0.4
  Li-ion:
    cost: 126.839
    lifetime: 15.9978
    annual_cost: 7.928527672554976
    efficiency: 0.88141
    discharge_ratio: 2
    depth_of_discharge: 0.9
  Pb-acid:
    cost: 120.901
    lifetime: 17.2946
    annual_cost: 6.990679171533311
    efficiency: 0.762402
    discharge_ratio: 5
    depth_of_discharge: 0.5
  VRBF:
    cost: 282.084
    lifetime: 26.2588
    annual_cost: 10.742455862415648
    efficiency: 0.773443
    discharge_ratio: 0.5
    depth_of_discharge: 1.0
