cost_values:
  wind_capex: 5000.0
  wind_opex: 100
  wind_lifetime: 20
  solar_capex: 1000.0
  solar_opex: 10
  solar_lifetime: 20
  carbon_price: 1.0
timeseries_values:
  load_level: 253799.36508544514
  wind_year: 2013
  solar_year: 2014
  price_year: 2023
  carbon_year: 2023
storage_values:
  CAES:
    cost: 36.6837
    lifetime: 25.2411
    annual_cost: 1.453332065559742
    efficiency: 0.615241
    discharge_ratio: 0.1
    depth_of_discharge: 0.4
  Li-ion:
    cost: 169.729
    lifetime: 15.2612
    annual_cost: 11.121602495216628
    efficiency: 0.896163
    discharge_ratio: 2
    depth_of_discharge: 0.9
  Pb-acid:
    cost: 132.77
    lifetime: 15.666
    annual_cost: 8.475041491127282
    efficiency: 0.76056
    discharge_ratio: 5
    depth_of_discharge: 0.5
  VRBF:
    cost: 269.51
    lifetime: 27.19
    annual_cost: 9.912100036778227
    efficiency: 0.787844
    discharge_ratio: 0.5
    depth_of_discharge: 1.0
