cost_values:
  wind_capex: 5000.0
  wind_opex: 100
  wind_lifetime: 20
  solar_capex: 1000.0
  solar_opex: 10
  solar_lifetime: 20
  carbon_price: 1.0
timeseries_values:
  load_level: 253799.36508544514
  wind_year: 2013
  solar_year: 2014
  price_year: 2023
  carbon_year: 2023
storage_values:
  CAES:
    cost: 39.5438
    lifetime: 25.3046
    annual_cost: 1.5627119179911952
    efficiency: 0.617523
    discharge_ratio: 0.1
    depth_of_discharge: 0.4
  Li-ion:
    cost: 150.326
    lifetime: 16.0496
    annual_cost: 9.366339348021134
    efficiency: 0.882733
    discharge_ratio: 2
    depth_of_discharge: 0.9
  Pb-acid:
    cost: 118.622
    lifetime: 15.9696
    annual_cost: 7.427988177537321
    efficiency: 0.751976
    discharge_ratio: 5
    depth_of_discharge: 0.5
  VRBF:
    cost: 282.303
    lifetime: 26.8446
    annual_cost: 10.516193200867214
    efficiency: 0.77728
    discharge_ratio: 0.5
    depth_of_discharge: 1.0
