cost_values:
  wind_capex: 5000.0
  wind_opex: 100
  wind_lifetime: 20
  solar_capex: 1000.0
  solar_opex: 10
  solar_lifetime: 20
  carbon_price: 1.0
timeseries_values:
  load_level: 253799.36508544514
  wind_year: 2013
  solar_year: 2014
  price_year: 2023
  carbon_year: 2023
storage_values:
  CAES:
    cost: 37.6758
    lifetime: 25.4165
    annual_cost: 1.4823362776149354
    efficiency: 0.62868
    discharge_ratio: 0.1
    depth_of_discharge: 0.4
  Li-ion:
    cost: 142.352
    lifetime: 16.2094
    annual_cost: 8.782064727873951
    efficiency: 0.896615
    discharge_ratio: 2
    depth_of_discharge: 0.9
  Pb-acid:
    cost: 118.575
    lifetime: 15.7846
    annual_cost: 7.512068725213183
    efficiency: 0.747314
    discharge_ratio: 5
    depth_of_discharge: 0.5
  VRBF:
    cost: 255.832
    lifetime: 27.6943
    annual_cost: 9.23771317563542
    efficiency: 0.765945
    discharge_ratio: 0.5
    depth_of_discharge: 1.0
