cost_values:
  wind_capex: 5000.0
  wind_opex: 100
  wind_lifetime: 20
  solar_capex: 1000.0
  solar_opex: 10
  solar_lifetime: 20
  carbon_price: 1.0
timeseries_values:
  load_level: 253799.36508544514
  wind_year: 2013
  solar_year: 2014
  price_year: 2023
  carbon_year: 2023
storage_values:
  CAES:
    cost: 43.577
    lifetime: 24.0609
    annual_cost: 1.811112635021965
    efficiency: 0.615703
    discharge_ratio: 0.1
    depth_of_discharge: 0.4
  Li-ion:
    cost: 155.884
    lifetime: 14.2498
    annual_cost: 10.939381605355864
    efficiency: 0.901497
    discharge_ratio: 2
    depth_of_discharge: 0.9
  Pb-acid:
    cost: 129.325
    lifetime: 15.2537
    annual_cost: 8.478270845762012
    efficiency: 0.74891
    discharge_ratio: 5
    depth_of_discharge: 0.5
  VRBF:
    cost: 268.373
    lifetime: 27.2378
    annual_cost: 9.852961692941427
    efficiency: 0.76644
    discharge_ratio: 0.5
    depth_of_discharge: 1.0
