cost_values:
  wind_capex: 5000.0
  wind_opex: 100
  wind_lifetime: 20
  solar_capex: 1000.0
  solar_opex: 10
  solar_lifetime: 20
  carbon_price: 1.0
timeseries_values:
  load_level: 253799.36508544514
  wind_year: 2013
  solar_year: 2014
  price_year: 2023
  carbon_year: 2023
storage_values:
  CAES:
    cost: 33.7216
    lifetime: 25.0824
    annual_cost: 1.3444327496571302
    efficiency: 0.62092
    discharge_ratio: 0.1
    depth_of_discharge: 0.4
  Li-ion:
    cost: 147.277
    lifetime: 13.4978
    annual_cost: 10.911185526530248
    efficiency: 0.902543
    discharge_ratio: 2
    depth_of_discharge: 0.9
  Pb-acid:
    cost: 150.671
    lifetime: 15.5835
    annual_cost: 9.6686238649854
    efficiency: 0.754924
    discharge_ratio: 5
    depth_of_discharge: 0.5
  VRBF:
    cost: 242.155
    lifetime: 26.4148
    annual_cost: 9.167398579584173
    efficiency: 0.762907
    discharge_ratio: 0.5
    depth_of_discharge: 1.0
