cost_values:
  wind_capex: 5000.0
  wind_opex: 100
  wind_lifetime: 20
  solar_capex: 1000.0
  solar_opex: 10
  solar_lifetime: 20
  carbon_price: 1.0
timeseries_values:
  load_level: 253799.36508544514
  wind_year: 2013
  solar_year: 2014
  price_year: 2023
  carbon_year: 2023
storage_values:
  CAES:
    cost: 42.7824
    lifetime: 23.6886
    annual_cost: 1.8060332818317673
    efficiency: 0.608701
    discharge_ratio: 0.1
    depth_of_discharge: 0.4
  Li-ion:
    cost: 137.432
    lifetime: 12.8957
    annual_cost: 10.657195809455864
    efficiency: 0.895797
    discharge_ratio: 2
    depth_of_discharge: 0.9
  Pb-acid:
    cost: 152.984
    lifetime: 18.4823
    annual_cost: 8.277324791827859
    efficiency: 0.764847
    discharge_ratio: 5
    depth_of_discharge: 0.5
  VRBF:
    cost: 246.263
    lifetime: 27.3853
    annual_cost: 8.992525186870328
    efficiency: 0.774867
    discharge_ratio: 0.5
    depth_of_discharge: 1.0
