cost_values:
  wind_capex: 5000.0
  wind_opex: 100
  wind_lifetime: 20
  solar_capex: 1000.0
  solar_opex: 10
  solar_lifetime: 20
  carbon_price: 1.0
timeseries_values:
  load_level: 253799.36508544514
  wind_year: 2013
  solar_year: 2014
  price_year: 2023
  carbon_year: 2023
storage_values:
  CAES:
    cost: 43.5237
    lifetime: 25.5104
    annual_cost: 1.7061159370296035
    efficiency: 0.618957
    discharge_ratio: 0.1
    depth_of_discharge: 0.4
  Li-ion:
    cost: 161.061
    lifetime: 15.0606
    annual_cost: 10.694195450380462
    efficiency: 0.896747
    discharge_ratio: 2
    depth_of_discharge: 0.9
  Pb-acid:
    cost: 137.192
    lifetime: 15.3845
    annual_cost: 8.917546881601613
    efficiency: 0.746792
    discharge_ratio: 5
    depth_of_discharge: 0.5
  VRBF:
    cost: 249.822
    lifetime: 27.9159
    annual_cost: 8.949093527344631
    efficiency: 0.777513
    discharge_ratio: 0.5
    depth_of_discharge: 1.0
