cost_values:
  wind_capex: 5000.0
  wind_opex: 100
  wind_lifetime: 20
  solar_capex: 1000.0
  solar_opex: 10
  solar_lifetime: 20
  carbon_price: 1.0
timeseries_values:
  load_level: 253799.36508544514
  wind_year: 2013
  solar_year: 2014
  price_year: 2023
  carbon_year: 2023
storage_values:
  CAES:
    cost: 42.052
    lifetime: 24.7889
    annual_cost: 1.696404439083622
    efficiency: 0.610397
    discharge_ratio: 0.1
    depth_of_discharge: 0.4
  Li-ion:
    cost: 141.749
    lifetime: 15.4978
    annual_cost: 9.1463949721896
    efficiency: 0.903362
    discharge_ratio: 2
    depth_of_discharge: 0.9
  Pb-acid:
    cost: 143.873
    lifetime: 17.5473
    annual_cost: 8.199153146068056
    efficiency: 0.751891
    discharge_ratio: 5
    depth_of_discharge: 0.5
  VRBF:
    cost: 262.871
    lifetime: 27.4118
    annual_cost: 9.589702245018568
    efficiency: 0.785744
    discharge_ratio: 0.5
    depth_of_discharge: 1.0
