cost_values:
  wind_capex: 5000.0
  wind_opex: 100
  wind_lifetime: 20
  solar_capex: 1000.0
  solar_opex: 10
  solar_lifetime: 20
  carbon_price: 1.0
timeseries_values:
  load_level: 253799.36508544514
  wind_year: 2013
  solar_year: 2014
  price_year: 2023
  carbon_year: 2023
storage_values:
  CAES:
    cost: 43.7627
    lifetime: 24.5037
    annual_cost: 1.7859629362096339
    efficiency: 0.611692
    discharge_ratio: 0.1
    depth_of_discharge: 0.4
  Li-ion:
    cost: 155.718
    lifetime: 15.3493
    annual_cost: 10.14495775051631
    efficiency: 0.896095
    discharge_ratio: 2
    depth_of_discharge: 0.9
  Pb-acid:
    cost: 120.702
    lifetime: 15.494
    annual_cost: 7.790241383761456
    efficiency: 0.761841
    discharge_ratio: 5
    depth_of_discharge: 0.5
  VRBF:
    cost: 231.234
    lifetime: 28.6033
    annual_cost: 8.084172106015739
    efficiency: 0.769618
    discharge_ratio: 0.5
    depth_of_discharge: 1.0
