cost_values:
  wind_capex: 5000.0
  wind_opex: 100
  wind_lifetime: 20
  solar_capex: 1000.0
  solar_opex: 10
  solar_lifetime: 20
  carbon_price: 1.0
timeseries_values:
  load_level: 253799.36508544514
  wind_year: 2013
  solar_year: 2014
  price_year: 2023
  carbon_year: 2023
storage_values:
  CAES:
    cost: 40.2087
    lifetime: 24.3009
    annual_cost: 1.6546177302075233
    efficiency: 0.618607
    discharge_ratio: 0.1
    depth_of_discharge: 0.4
  Li-ion:
    cost: 152.364
    lifetime: 14.4628
    annual_cost: 10.534889509638521
    efficiency: 0.901395
    discharge_ratio: 2
    depth_of_discharge: 0.9
  Pb-acid:
    cost: 131.933
    lifetime: 16.1938
    annual_cost: 8.147130383233089
    efficiency: 0.75502
    discharge_ratio: 5
    depth_of_discharge: 0.5
  VRBF:
    cost: 266.362
    lifetime: 25.4137
    annual_cost: 10.481039754148355
    efficiency: 0.768291
    discharge_ratio: 0.5
    depth_of_discharge: 1.0
