cost_values:
  wind_capex: 5000.0
  wind_opex: 100
  wind_lifetime: 20
  solar_capex: 1000.0
  solar_opex: 10
  solar_lifetime: 20
  carbon_price: 1.0
timeseries_values:
  load_level: 255439.71381292492
  wind_year: 2012
  solar_year: 2014
  price_year: 2023
  carbon_year: 2023
storage_values:
  CAES:
    cost: 33.8759
    lifetime: 28.4612
    annual_cost: 1.1902484786305567
    efficiency: 0.570605
    discharge_ratio: 0.1
    depth_of_discharge: 0.4
  Li-ion:
    cost: 273.119
    lifetime: 19.5684
    annual_cost: 13.957145193270785
    efficiency: 0.861227
    discharge_ratio: 2
    depth_of_discharge: 0.9
  Pb-acid:
    cost: 160.089
    lifetime: 16.2078
    annual_cost: 9.877281308999372
    efficiency: 0.732073
    discharge_ratio: 5
    depth_of_discharge: 0.5
  VRBF:
    cost: 332.728
    lifetime: 22.0995
    annual_cost: 15.055906242222676
    efficiency: 0.762617
    discharge_ratio: 0.5
    depth_of_discharge: 1.0
