cost_values:
  wind_capex: 5000.0
  wind_opex: 100
  wind_lifetime: 20
  solar_capex: 1000.0
  solar_opex: 10
  solar_lifetime: 20
  carbon_price: 1.0
timeseries_values:
  load_level: 255439.71381292492
  wind_year: 2012
  solar_year: 2014
  price_year: 2023
  carbon_year: 2023
storage_values:
  CAES:
    cost: 26.5934
    lifetime: 27.9063
    annual_cost: 0.9529532757836043
    efficiency: 0.574731
    discharge_ratio: 0.1
    depth_of_discharge: 0.4
  Li-ion:
    cost: 284.31
    lifetime: 19.6583
    annual_cost: 14.46259340838221
    efficiency: 0.878719
    discharge_ratio: 2
    depth_of_discharge: 0.9
  Pb-acid:
    cost: 136.283
    lifetime: 16.7018
    annual_cost: 8.159779185477014
    efficiency: 0.761356
    discharge_ratio: 5
    depth_of_discharge: 0.5
  VRBF:
    cost: 310.441
    lifetime: 18.9496
    annual_cost: 16.382456621775656
    efficiency: 0.742904
    discharge_ratio: 0.5
    depth_of_discharge: 1.0
