cost_values:
  wind_capex: 5000.0
  wind_opex: 100
  wind_lifetime: 20
  solar_capex: 1000.0
  solar_opex: 10
  solar_lifetime: 20
  carbon_price: 1.0
timeseries_values:
  load_level: 255439.71381292492
  wind_year: 2012
  solar_year: 2014
  price_year: 2023
  carbon_year: 2023
storage_values:
  CAES:
    cost: 29.9493
    lifetime: 28.0663
    annual_cost: 1.0670911377702086
    efficiency: 0.583143
    discharge_ratio: 0.1
    depth_of_discharge: 0.4
  Li-ion:
    cost: 268.095
    lifetime: 19.446
    annual_cost: 13.786639925948782
    efficiency: 0.859297
    discharge_ratio: 2
    depth_of_discharge: 0.9
  Pb-acid:
    cost: 158.156
    lifetime: 16.1401
    annual_cost: 9.798947961908539
    efficiency: 0.740834
    discharge_ratio: 5
    depth_of_discharge: 0.5
  VRBF:
    cost: 330.15
    lifetime: 20.1569
    annual_cost: 16.379006692497356
    efficiency: 0.757023
    discharge_ratio: 0.5
    depth_of_discharge: 1.0
