cost_values:
  wind_capex: 5000.0
  wind_opex: 100
  wind_lifetime: 20
  solar_capex: 1000.0
  solar_opex: 10
  solar_lifetime: 20
  carbon_price: 1.0
timeseries_values:
  load_level: 255439.71381292492
  wind_year: 2012
  solar_year: 2014
  price_year: 2023
  carbon_year: 2023
storage_values:
  CAES:
    cost: 37.1874
    lifetime: 28.6679
    annual_cost: 1.2971790748537562
    efficiency: 0.566568
    discharge_ratio: 0.1
    depth_of_discharge: 0.4
  Li-ion:
    cost: 262.441
    lifetime: 17.4373
    annual_cost: 15.05055255114037
    efficiency: 0.869744
    discharge_ratio: 2
    depth_of_discharge: 0.9
  Pb-acid:
    cost: 174.57
    lifetime: 17.0798
    annual_cost: 10.220845677349851
    efficiency: 0.753346
    discharge_ratio: 5
    depth_of_discharge: 0.5
  VRBF:
    cost: 338.311
    lifetime: 21.946
    annual_cost: 15.415611045292989
    efficiency: 0.775959
    discharge_ratio: 0.5
    depth_of_discharge: 1.0
