cost_values:
  wind_capex: 5000.0
  wind_opex: 100
  wind_lifetime: 20
  solar_capex: 1000.0
  solar_opex: 10
  solar_lifetime: 20
  carbon_price: 1.0
timeseries_values:
  load_level: 255439.71381292492
  wind_year: 2012
  solar_year: 2014
  price_year: 2023
  carbon_year: 2023
storage_values:
  CAES:
    cost: 27.2247
    lifetime: 27.8939
    annual_cost: 0.9760090915935026
    efficiency: 0.574288
    discharge_ratio: 0.1
    depth_of_discharge: 0.4
  Li-ion:
    cost: 274.062
    lifetime: 20.6735
    annual_cost: 13.256681258616103
    efficiency: 0.886885
    discharge_ratio: 2
    depth_of_discharge: 0.9
  Pb-acid:
    cost: 151.235
    lifetime: 15.2534
    annual_cost: 9.914838658921946
    efficiency: 0.754065
    discharge_ratio: 5
    depth_of_discharge: 0.5
  VRBF:
    cost: 323.429
    lifetime: 19.8381
    annual_cost: 16.303426235375362
    efficiency: 0.777165
    discharge_ratio: 0.5
    depth_of_discharge: 1.0
