cost_values:
  wind_capex: 5000.0
  wind_opex: 100
  wind_lifetime: 20
  solar_capex: 1000.0
  solar_opex: 10
  solar_lifetime: 20
  carbon_price: 1.0
timeseries_values:
  load_level: 255439.71381292492
  wind_year: 2012
  solar_year: 2014
  price_year: 2023
  carbon_year: 2023
storage_values:
  CAES:
    cost: 29.6331
    lifetime: 27.6232
    annual_cost: 1.072761302093892
    efficiency: 0.579521
    discharge_ratio: 0.1
    depth_of_discharge: 0.4
  Li-ion:
    cost: 287.819
    lifetime: 18.9748
    annual_cost: 15.168486624364949
    efficiency: 0.860571
    discharge_ratio: 2
    depth_of_discharge: 0.9
  Pb-acid:
    cost: 141.953
    lifetime: 17.7108
    annual_cost: 8.015052962034465
    efficiency: 0.735417
    discharge_ratio: 5
    depth_of_discharge: 0.5
  VRBF:
    cost: 291.113
    lifetime: 20.5629
    annual_cost: 14.157195726283744
    efficiency: 0.756772
    discharge_ratio: 0.5
    depth_of_discharge: 1.0
