cost_values:
  wind_capex: 5000.0
  wind_opex: 100
  wind_lifetime: 20
  solar_capex: 1000.0
  solar_opex: 10
  solar_lifetime: 20
  carbon_price: 1.0
timeseries_values:
  load_level: 255439.71381292492
  wind_year: 2012
  solar_year: 2014
  price_year: 2023
  carbon_year: 2023
storage_values:
  CAES:
    cost: 31.9121
    lifetime: 28.3978
    annual_cost: 1.1237525442111713
    efficiency: 0.570594
    discharge_ratio: 0.1
    depth_of_discharge: 0.4
  Li-ion:
    cost: 283.752
    lifetime: 20.7259
    annual_cost: 13.690696182071708
    efficiency: 0.879832
    discharge_ratio: 2
    depth_of_discharge: 0.9
  Pb-acid:
    cost: 148.62
    lifetime: 16.211
    annual_cost: 9.167848991425576
    efficiency: 0.756129
    discharge_ratio: 5
    depth_of_discharge: 0.5
  VRBF:
    cost: 337.328
    lifetime: 19.6237
    annual_cost: 17.189826587238898
    efficiency: 0.76108
    discharge_ratio: 0.5
    depth_of_discharge: 1.0
