cost_values:
  wind_capex: 5000.0
  wind_opex: 100
  wind_lifetime: 20
  solar_capex: 1000.0
  solar_opex: 10
  solar_lifetime: 20
  carbon_price: 1.0
timeseries_values:
  load_level: 255439.71381292492
  wind_year: 2012
  solar_year: 2014
  price_year: 2023
  carbon_year: 2023
storage_values:
  CAES:
    cost: 36.1998
    lifetime: 27.7178
    annual_cost: 1.3060127427140684
    efficiency: 0.571795
    discharge_ratio: 0.1
    depth_of_discharge: 0.4
  Li-ion:
    cost: 284.614
    lifetime: 20.5224
    annual_cost: 13.868455931080184
    efficiency: 0.877069
    discharge_ratio: 2
    depth_of_discharge: 0.9
  Pb-acid:
    cost: 151.663
    lifetime: 18.3293
    annual_cost: 8.274347629205698
    efficiency: 0.749564
    discharge_ratio: 5
    depth_of_discharge: 0.5
  VRBF:
    cost: 328.823
    lifetime: 19.8309
    annual_cost: 16.581345274294158
    efficiency: 0.781102
    discharge_ratio: 0.5
    depth_of_discharge: 1.0
