cost_values:
  wind_capex: 5000.0
  wind_opex: 100
  wind_lifetime: 20
  solar_capex: 1000.0
  solar_opex: 10
  solar_lifetime: 20
  carbon_price: 1.0
timeseries_values:
  load_level: 255439.71381292492
  wind_year: 2012
  solar_year: 2014
  price_year: 2023
  carbon_year: 2023
storage_values:
  CAES:
    cost: 29.5691
    lifetime: 27.5325
    annual_cost: 1.0739707618269319
    efficiency: 0.567672
    discharge_ratio: 0.1
    depth_of_discharge: 0.4
  Li-ion:
    cost: 260.739
    lifetime: 17.8819
    annual_cost: 14.581168667759016
    efficiency: 0.872085
    discharge_ratio: 2
    depth_of_discharge: 0.9
  Pb-acid:
    cost: 169.248
    lifetime: 17.2468
    annual_cost: 9.813298698889069
    efficiency: 0.751914
    discharge_ratio: 5
    depth_of_discharge: 0.5
  VRBF:
    cost: 342.88
    lifetime: 22.4373
    annual_cost: 15.281696104254967
    efficiency: 0.755352
    discharge_ratio: 0.5
    depth_of_discharge: 1.0
