cost_values:
  wind_capex: 5000.0
  wind_opex: 100
  wind_lifetime: 20
  solar_capex: 1000.0
  solar_opex: 10
  solar_lifetime: 20
  carbon_price: 1.0
timeseries_values:
  load_level: 255439.71381292492
  wind_year: 2012
  solar_year: 2014
  price_year: 2023
  carbon_year: 2023
storage_values:
  CAES:
    cost: 31.0579
    lifetime: 27.9968
    annual_cost: 1.1093374957137958
    efficiency: 0.572967
    discharge_ratio: 0.1
    depth_of_discharge: 0.4
  Li-ion:
    cost: 274.505
    lifetime: 19.5636
    annual_cost: 14.03141548590239
    efficiency: 0.876658
    discharge_ratio: 2
    depth_of_discharge: 0.9
  Pb-acid:
    cost: 143.463
    lifetime: 18.0535
    annual_cost: 7.946547760822001
    efficiency: 0.741082
    discharge_ratio: 5
    depth_of_discharge: 0.5
  VRBF:
    cost: 325.308
    lifetime: 21.0412
    annual_cost: 15.460525065110355
    efficiency: 0.764508
    discharge_ratio: 0.5
    depth_of_discharge: 1.0
