cost_values:
  wind_capex: 5000.0
  wind_opex: 100
  wind_lifetime: 20
  solar_capex: 1000.0
  solar_opex: 10
  solar_lifetime: 20
  carbon_price: 1.0
timeseries_values:
  load_level: 255439.71381292492
  wind_year: 2012
  solar_year: 2014
  price_year: 2023
  carbon_year: 2023
storage_values:
  CAES:
    cost: 35.5276
    lifetime: 27.6087
    annual_cost: 1.2868262540431097
    efficiency: 0.578223
    discharge_ratio: 0.1
    depth_of_discharge: 0.4
  Li-ion:
    cost: 284.893
    lifetime: 17.2
    annual_cost: 16.563546511627905
    efficiency: 0.873218
    discharge_ratio: 2
    depth_of_discharge: 0.9
  Pb-acid:
    cost: 155.398
    lifetime: 19.4219
    annual_cost: 8.001173932519475
    efficiency: 0.763653
    discharge_ratio: 5
    depth_of_discharge: 0.5
  VRBF:
    cost: 333.429
    lifetime: 20.5175
    annual_cost: 16.250956500548313
    efficiency: 0.747514
    discharge_ratio: 0.5
    depth_of_discharge: 1.0
