cost_values:
  wind_capex: 5000.0
  wind_opex: 100
  wind_lifetime: 20
  solar_capex: 1000.0
  solar_opex: 10
  solar_lifetime: 20
  carbon_price: 1.0
timeseries_values:
  load_level: 255439.71381292492
  wind_year: 2012
  solar_year: 2014
  price_year: 2023
  carbon_year: 2023
storage_values:
  CAES:
    cost: 26.257
    lifetime: 28.5322
    annual_cost: 0.9202585149410141
    efficiency: 0.574739
    discharge_ratio: 0.1
    depth_of_discharge: 0.4
  Li-ion:
    cost: 279.538
    lifetime: 20.9809
    annual_cost: 13.323451329542586
    efficiency: 0.876799
    discharge_ratio: 2
    depth_of_discharge: 0.9
  Pb-acid:
    cost: 172.974
    lifetime: 17.9149
    annual_cost: 9.65531484965029
    efficiency: 0.753498
    discharge_ratio: 5
    depth_of_discharge: 0.5
  VRBF:
    cost: 317.05
    lifetime: 22.3068
    annual_cost: 14.213154733085876
    efficiency: 0.757836
    discharge_ratio: 0.5
    depth_of_discharge: 1.0
