cost_values:
  wind_capex: 5000.0
  wind_opex: 100
  wind_lifetime: 20
  solar_capex: 1000.0
  solar_opex: 10
  solar_lifetime: 20
  carbon_price: 1.0
timeseries_values:
  load_level: 255439.71381292492
  wind_year: 2012
  solar_year: 2014
  price_year: 2023
  carbon_year: 2023
storage_values:
  CAES:
    cost: 27.6795
    lifetime: 28.2637
    annual_cost: 0.9793303778344662
    efficiency: 0.562474
    discharge_ratio: 0.1
    depth_of_discharge: 0.4
  Li-ion:
    cost: 276.036
    lifetime: 19.0383
    annual_cost: 14.498983627739872
    efficiency: 0.877881
    discharge_ratio: 2
    depth_of_discharge: 0.9
  Pb-acid:
    cost: 159.185
    lifetime: 15.2472
    annual_cost: 10.440277559158403
    efficiency: 0.75953
    discharge_ratio: 5
    depth_of_discharge: 0.5
  VRBF:
    cost: 340.965
    lifetime: 19.3948
    annual_cost: 17.580227689896258
    efficiency: 0.776632
    discharge_ratio: 0.5
    depth_of_discharge: 1.0
