cost_values:
  wind_capex: 5000.0
  wind_opex: 100
  wind_lifetime: 20
  solar_capex: 1000.0
  solar_opex: 10
  solar_lifetime: 20
  carbon_price: 1.0
timeseries_values:
  load_level: 255439.71381292492
  wind_year: 2012
  solar_year: 2014
  price_year: 2023
  carbon_year: 2023
storage_values:
  CAES:
    cost: 31.4268
    lifetime: 27.0825
    annual_cost: 1.160409858764885
    efficiency: 0.572958
    discharge_ratio: 0.1
    depth_of_discharge: 0.4
  Li-ion:
    cost: 258.572
    lifetime: 18.3087
    annual_cost: 14.122903319187053
    efficiency: 0.871303
    discharge_ratio: 2
    depth_of_discharge: 0.9
  Pb-acid:
    cost: 150.283
    lifetime: 17.9405
    annual_cost: 8.376745352693625
    efficiency: 0.751114
    discharge_ratio: 5
    depth_of_discharge: 0.5
  VRBF:
    cost: 339.887
    lifetime: 20.9905
    annual_cost: 16.19242038064839
    efficiency: 0.745267
    discharge_ratio: 0.5
    depth_of_discharge: 1.0
