cost_values:
  wind_capex: 5000.0
  wind_opex: 100
  wind_lifetime: 20
  solar_capex: 1000.0
  solar_opex: 10
  solar_lifetime: 20
  carbon_price: 1.0
timeseries_values:
  load_level: 255439.71381292492
  wind_year: 2012
  solar_year: 2014
  price_year: 2023
  carbon_year: 2023
storage_values:
  CAES:
    cost: 32.2093
    lifetime: 29.4496
    annual_cost: 1.09370925241769
    efficiency: 0.564658
    discharge_ratio: 0.1
    depth_of_discharge: 0.4
  Li-ion:
    cost: 289.018
    lifetime: 17.631
    annual_cost: 16.39260393624865
    efficiency: 0.877783
    discharge_ratio: 2
    depth_of_discharge: 0.9
  Pb-acid:
    cost: 141.139
    lifetime: 17.7441
    annual_cost: 7.954136868029374
    efficiency: 0.748833
    discharge_ratio: 5
    depth_of_discharge: 0.5
  VRBF:
    cost: 330.048
    lifetime: 20.5411
    annual_cost: 16.067688682689827
    efficiency: 0.771784
    discharge_ratio: 0.5
    depth_of_discharge: 1.0
