cost_values:
  wind_capex: 5000.0
  wind_opex: 100
  wind_lifetime: 20
  solar_capex: 1000.0
  solar_opex: 10
  solar_lifetime: 20
  carbon_price: 1.0
timeseries_values:
  load_level: 255439.71381292492
  wind_year: 2012
  solar_year: 2014
  price_year: 2023
  carbon_year: 2023
storage_values:
  CAES:
    cost: 28.8258
    lifetime: 27.901
    annual_cost: 1.0331457653847533
    efficiency: 0.57463
    discharge_ratio: 0.1
    depth_of_discharge: 0.4
  Li-ion:
    cost: 293.081
    lifetime: 19.3529
    annual_cost: 15.144035260865296
    efficiency: 0.878072
    discharge_ratio: 2
    depth_of_discharge: 0.9
  Pb-acid:
    cost: 154.38
    lifetime: 17.7506
    annual_cost: 8.697170799860286
    efficiency: 0.736125
    discharge_ratio: 5
    depth_of_discharge: 0.5
  VRBF:
    cost: 351.317
    lifetime: 20.5823
    annual_cost: 17.06888928836913
    efficiency: 0.762621
    discharge_ratio: 0.5
    depth_of_discharge: 1.0
