cost_values:
  wind_capex: 5000.0
  wind_opex: 100
  wind_lifetime: 20
  solar_capex: 1000.0
  solar_opex: 10
  solar_lifetime: 20
  carbon_price: 1.0
timeseries_values:
  load_level: 255439.71381292492
  wind_year: 2012
  solar_year: 2014
  price_year: 2023
  carbon_year: 2023
storage_values:
  CAES:
    cost: 29.4342
    lifetime: 27.6576
    annual_cost: 1.0642355085039918
    efficiency: 0.573552
    discharge_ratio: 0.1
    depth_of_discharge: 0.4
  Li-ion:
    cost: 262.258
    lifetime: 17.7835
    annual_cost: 14.747265723845135
    efficiency: 0.880384
    discharge_ratio: 2
    depth_of_discharge: 0.9
  Pb-acid:
    cost: 177.824
    lifetime: 16.6932
    annual_cost: 10.652481249850238
    efficiency: 0.742241
    discharge_ratio: 5
    depth_of_discharge: 0.5
  VRBF:
    cost: 340.203
    lifetime: 20.4943
    annual_cost: 16.59988387014926
    efficiency: 0.763527
    discharge_ratio: 0.5
    depth_of_discharge: 1.0
