cost_values:
  wind_capex: 5000.0
  wind_opex: 100
  wind_lifetime: 20
  solar_capex: 1000.0
  solar_opex: 10
  solar_lifetime: 20
  carbon_price: 1.0
timeseries_values:
  load_level: 255439.71381292492
  wind_year: 2012
  solar_year: 2014
  price_year: 2023
  carbon_year: 2023
storage_values:
  CAES:
    cost: 28.249
    lifetime: 28.2326
    annual_cost: 1.0005808887598024
    efficiency: 0.57043
    discharge_ratio: 0.1
    depth_of_discharge: 0.4
  Li-ion:
    cost: 280.254
    lifetime: 15.738
    annual_cost: 17.807472359893254
    efficiency: 0.884453
    discharge_ratio: 2
    depth_of_discharge: 0.9
  Pb-acid:
    cost: 169.924
    lifetime: 15.6217
    annual_cost: 10.8774333139159
    efficiency: 0.750427
    discharge_ratio: 5
    depth_of_discharge: 0.5
  VRBF:
    cost: 296.05
    lifetime: 22.1885
    annual_cost: 13.342497239561034
    efficiency: 0.769763
    discharge_ratio: 0.5
    depth_of_discharge: 1.0
