cost_values:
  wind_capex: 5000.0
  wind_opex: 100
  wind_lifetime: 20
  solar_capex: 1000.0
  solar_opex: 10
  solar_lifetime: 20
  carbon_price: 1.0
timeseries_values:
  load_level: 255439.71381292492
  wind_year: 2012
  solar_year: 2014
  price_year: 2023
  carbon_year: 2023
storage_values:
  CAES:
    cost: 36.9583
    lifetime: 28.2996
    annual_cost: 1.305965455342125
    efficiency: 0.571469
    discharge_ratio: 0.1
    depth_of_discharge: 0.4
  Li-ion:
    cost: 284.181
    lifetime: 20.6394
    annual_cost: 13.768859559870927
    efficiency: 0.901384
    discharge_ratio: 2
    depth_of_discharge: 0.9
  Pb-acid:
    cost: 147.978
    lifetime: 15.4849
    annual_cost: 9.556277405730745
    efficiency: 0.752096
    discharge_ratio: 5
    depth_of_discharge: 0.5
  VRBF:
    cost: 310.337
    lifetime: 19.931
    annual_cost: 15.570568461191108
    efficiency: 0.769763
    discharge_ratio: 0.5
    depth_of_discharge: 1.0
