cost_values:
  wind_capex: 5000.0
  wind_opex: 100
  wind_lifetime: 20
  solar_capex: 1000.0
  solar_opex: 10
  solar_lifetime: 20
  carbon_price: 1.0
timeseries_values:
  load_level: 255439.71381292492
  wind_year: 2012
  solar_year: 2014
  price_year: 2023
  carbon_year: 2023
storage_values:
  CAES:
    cost: 37.3897
    lifetime: 27.5894
    annual_cost: 1.355219758312975
    efficiency: 0.569301
    discharge_ratio: 0.1
    depth_of_discharge: 0.4
  Li-ion:
    cost: 267.421
    lifetime: 20.679
    annual_cost: 12.932008317616907
    efficiency: 0.877948
    discharge_ratio: 2
    depth_of_discharge: 0.9
  Pb-acid:
    cost: 164.965
    lifetime: 15.1858
    annual_cost: 10.863108957051983
    efficiency: 0.741532
    discharge_ratio: 5
    depth_of_discharge: 0.5
  VRBF:
    cost: 330.371
    lifetime: 20.3937
    annual_cost: 16.199659698828558
    efficiency: 0.763479
    discharge_ratio: 0.5
    depth_of_discharge: 1.0
