cost_values:
  wind_capex: 5000.0
  wind_opex: 100
  wind_lifetime: 20
  solar_capex: 1000.0
  solar_opex: 10
  solar_lifetime: 20
  carbon_price: 1.0
timeseries_values:
  load_level: 255439.71381292492
  wind_year: 2012
  solar_year: 2014
  price_year: 2023
  carbon_year: 2023
storage_values:
  CAES:
    cost: 26.9622
    lifetime: 28.5288
    annual_cost: 0.9450870699083032
    efficiency: 0.575712
    discharge_ratio: 0.1
    depth_of_discharge: 0.4
  Li-ion:
    cost: 286.605
    lifetime: 17.9867
    annual_cost: 15.934273657758235
    efficiency: 0.883127
    discharge_ratio: 2
    depth_of_discharge: 0.9
  Pb-acid:
    cost: 161.132
    lifetime: 17.0904
    annual_cost: 9.42821701071947
    efficiency: 0.746475
    discharge_ratio: 5
    depth_of_discharge: 0.5
  VRBF:
    cost: 311.548
    lifetime: 20.8981
    annual_cost: 14.907958139735191
    efficiency: 0.770747
    discharge_ratio: 0.5
    depth_of_discharge: 1.0
