cost_values:
  wind_capex: 5000.0
  wind_opex: 100
  wind_lifetime: 20
  solar_capex: 1000.0
  solar_opex: 10
  solar_lifetime: 20
  carbon_price: 1.0
timeseries_values:
  load_level: 255439.71381292492
  wind_year: 2012
  solar_year: 2014
  price_year: 2023
  carbon_year: 2023
storage_values:
  CAES:
    cost: 30.8101
    lifetime: 27.7192
    annual_cost: 1.1115075471153568
    efficiency: 0.567561
    discharge_ratio: 0.1
    depth_of_discharge: 0.4
  Li-ion:
    cost: 262.172
    lifetime: 18.8767
    annual_cost: 13.888656385914913
    efficiency: 0.901334
    discharge_ratio: 2
    depth_of_discharge: 0.9
  Pb-acid:
    cost: 175.903
    lifetime: 15.2093
    annual_cost: 11.565489536007574
    efficiency: 0.750477
    discharge_ratio: 5
    depth_of_discharge: 0.5
  VRBF:
    cost: 343.162
    lifetime: 18.6045
    annual_cost: 18.44510736649735
    efficiency: 0.761835
    discharge_ratio: 0.5
    depth_of_discharge: 1.0
