cost_values:
  wind_capex: 5000.0
  wind_opex: 100
  wind_lifetime: 20
  solar_capex: 1000.0
  solar_opex: 10
  solar_lifetime: 20
  carbon_price: 1.0
timeseries_values:
  load_level: 255439.71381292492
  wind_year: 2012
  solar_year: 2014
  price_year: 2023
  carbon_year: 2023
storage_values:
  CAES:
    cost: 34.9022
    lifetime: 28.1073
    annual_cost: 1.2417485848872003
    efficiency: 0.571254
    discharge_ratio: 0.1
    depth_of_discharge: 0.4
  Li-ion:
    cost: 284.834
    lifetime: 19.0008
    annual_cost: 14.990631973390594
    efficiency: 0.876153
    discharge_ratio: 2
    depth_of_discharge: 0.9
  Pb-acid:
    cost: 189.485
    lifetime: 17.8299
    annual_cost: 10.627373120432534
    efficiency: 0.737801
    discharge_ratio: 5
    depth_of_discharge: 0.5
  VRBF:
    cost: 337.341
    lifetime: 20.6795
    annual_cost: 16.312821876737832
    efficiency: 0.751144
    discharge_ratio: 0.5
    depth_of_discharge: 1.0
