cost_values:
  wind_capex: 5000.0
  wind_opex: 100
  wind_lifetime: 20
  solar_capex: 1000.0
  solar_opex: 10
  solar_lifetime: 20
  carbon_price: 1.0
timeseries_values:
  load_level: 255439.71381292492
  wind_year: 2012
  solar_year: 2014
  price_year: 2023
  carbon_year: 2023
storage_values:
  CAES:
    cost: 27.6705
    lifetime: 27.7122
    annual_cost: 0.998495247580488
    efficiency: 0.590571
    discharge_ratio: 0.1
    depth_of_discharge: 0.4
  Li-ion:
    cost: 282.739
    lifetime: 18.4932
    annual_cost: 15.288808859472669
    efficiency: 0.893959
    discharge_ratio: 2
    depth_of_discharge: 0.9
  Pb-acid:
    cost: 156.628
    lifetime: 16.199
    annual_cost: 9.668991913081053
    efficiency: 0.750863
    discharge_ratio: 5
    depth_of_discharge: 0.5
  VRBF:
    cost: 342.698
    lifetime: 19.6905
    annual_cost: 17.4042304664686
    efficiency: 0.761666
    discharge_ratio: 0.5
    depth_of_discharge: 1.0
