cost_values:
  wind_capex: 5000.0
  wind_opex: 100
  wind_lifetime: 20
  solar_capex: 1000.0
  solar_opex: 10
  solar_lifetime: 20
  carbon_price: 1.0
timeseries_values:
  load_level: 255439.71381292492
  wind_year: 2012
  solar_year: 2014
  price_year: 2023
  carbon_year: 2023
storage_values:
  CAES:
    cost: 23.6929
    lifetime: 27.917
    annual_cost: 0.8486907619013504
    efficiency: 0.569994
    discharge_ratio: 0.1
    depth_of_discharge: 0.4
  Li-ion:
    cost: 269.803
    lifetime: 19.774
    annual_cost: 13.64433093961768
    efficiency: 0.873682
    discharge_ratio: 2
    depth_of_discharge: 0.9
  Pb-acid:
    cost: 152.433
    lifetime: 18.1255
    annual_cost: 8.409864555460539
    efficiency: 0.750006
    discharge_ratio: 5
    depth_of_discharge: 0.5
  VRBF:
    cost: 342.468
    lifetime: 21.0603
    annual_cost: 16.261306818991184
    efficiency: 0.755009
    discharge_ratio: 0.5
    depth_of_discharge: 1.0
