cost_values:
  wind_capex: 5000.0
  wind_opex: 100
  wind_lifetime: 20
  solar_capex: 1000.0
  solar_opex: 10
  solar_lifetime: 20
  carbon_price: 1.0
timeseries_values:
  load_level: 255439.71381292492
  wind_year: 2012
  solar_year: 2014
  price_year: 2023
  carbon_year: 2023
storage_values:
  CAES:
    cost: 29.8151
    lifetime: 28.4368
    annual_cost: 1.048468885387948
    efficiency: 0.573071
    discharge_ratio: 0.1
    depth_of_discharge: 0.4
  Li-ion:
    cost: 275.101
    lifetime: 22.2526
    annual_cost: 12.362645263924215
    efficiency: 0.865423
    discharge_ratio: 2
    depth_of_discharge: 0.9
  Pb-acid:
    cost: 164.718
    lifetime: 14.7827
    annual_cost: 11.142619413233035
    efficiency: 0.738219
    discharge_ratio: 5
    depth_of_discharge: 0.5
  VRBF:
    cost: 324.496
    lifetime: 20.9793
    annual_cost: 15.467436949755236
    efficiency: 0.762817
    discharge_ratio: 0.5
    depth_of_discharge: 1.0
