cost_values:
  wind_capex: 5000.0
  wind_opex: 100
  wind_lifetime: 20
  solar_capex: 1000.0
  solar_opex: 10
  solar_lifetime: 20
  carbon_price: 1.0
timeseries_values:
  load_level: 255439.71381292492
  wind_year: 2012
  solar_year: 2014
  price_year: 2023
  carbon_year: 2023
storage_values:
  CAES:
    cost: 27.2187
    lifetime: 28.207
    annual_cost: 0.9649625979366823
    efficiency: 0.56412
    discharge_ratio: 0.1
    depth_of_discharge: 0.4
  Li-ion:
    cost: 296.323
    lifetime: 19.5208
    annual_cost: 15.17985943199049
    efficiency: 0.8856
    discharge_ratio: 2
    depth_of_discharge: 0.9
  Pb-acid:
    cost: 178.591
    lifetime: 15.8804
    annual_cost: 11.24600136016725
    efficiency: 0.751152
    discharge_ratio: 5
    depth_of_discharge: 0.5
  VRBF:
    cost: 345.891
    lifetime: 21.9243
    annual_cost: 15.776604042090286
    efficiency: 0.74623
    discharge_ratio: 0.5
    depth_of_discharge: 1.0
