cost_values:
  wind_capex: 5000.0
  wind_opex: 100
  wind_lifetime: 20
  solar_capex: 1000.0
  solar_opex: 10
  solar_lifetime: 20
  carbon_price: 1.0
timeseries_values:
  load_level: 255439.71381292492
  wind_year: 2012
  solar_year: 2014
  price_year: 2023
  carbon_year: 2023
storage_values:
  CAES:
    cost: 30.0616
    lifetime: 28.7228
    annual_cost: 1.0466110546325567
    efficiency: 0.566277
    discharge_ratio: 0.1
    depth_of_discharge: 0.4
  Li-ion:
    cost: 260.709
    lifetime: 20.8463
    annual_cost: 12.506248111175605
    efficiency: 0.882288
    discharge_ratio: 2
    depth_of_discharge: 0.9
  Pb-acid:
    cost: 166.445
    lifetime: 16.3755
    annual_cost: 10.164269793288755
    efficiency: 0.752977
    discharge_ratio: 5
    depth_of_discharge: 0.5
  VRBF:
    cost: 301.332
    lifetime: 20.2081
    annual_cost: 14.911446400205856
    efficiency: 0.741927
    discharge_ratio: 0.5
    depth_of_discharge: 1.0
