cost_values:
  wind_capex: 5000.0
  wind_opex: 100
  wind_lifetime: 20
  solar_capex: 1000.0
  solar_opex: 10
  solar_lifetime: 20
  carbon_price: 1.0
timeseries_values:
  load_level: 255439.71381292492
  wind_year: 2012
  solar_year: 2014
  price_year: 2023
  carbon_year: 2023
storage_values:
  CAES:
    cost: 33.5791
    lifetime: 28.0079
    annual_cost: 1.1989153060386533
    efficiency: 0.562498
    discharge_ratio: 0.1
    depth_of_discharge: 0.4
  Li-ion:
    cost: 272.082
    lifetime: 17.9013
    annual_cost: 15.199007893281493
    efficiency: 0.88881
    discharge_ratio: 2
    depth_of_discharge: 0.9
  Pb-acid:
    cost: 174.573
    lifetime: 15.9975
    annual_cost: 10.912517580872011
    efficiency: 0.736271
    discharge_ratio: 5
    depth_of_discharge: 0.5
  VRBF:
    cost: 334.528
    lifetime: 20.0635
    annual_cost: 16.673461758915444
    efficiency: 0.781312
    discharge_ratio: 0.5
    depth_of_discharge: 1.0
