cost_values:
  wind_capex: 5000.0
  wind_opex: 100
  wind_lifetime: 20
  solar_capex: 1000.0
  solar_opex: 10
  solar_lifetime: 20
  carbon_price: 1.0
timeseries_values:
  load_level: 255439.71381292492
  wind_year: 2012
  solar_year: 2014
  price_year: 2023
  carbon_year: 2023
storage_values:
  CAES:
    cost: 34.4688
    lifetime: 28.9323
    annual_cost: 1.191360520940264
    efficiency: 0.570429
    discharge_ratio: 0.1
    depth_of_discharge: 0.4
  Li-ion:
    cost: 296.942
    lifetime: 21.3255
    annual_cost: 13.92426906754824
    efficiency: 0.88707
    discharge_ratio: 2
    depth_of_discharge: 0.9
  Pb-acid:
    cost: 166.682
    lifetime: 17.1385
    annual_cost: 9.725588587099221
    efficiency: 0.749515
    discharge_ratio: 5
    depth_of_discharge: 0.5
  VRBF:
    cost: 326.185
    lifetime: 19.2118
    annual_cost: 16.978367461664185
    efficiency: 0.783729
    discharge_ratio: 0.5
    depth_of_discharge: 1.0
