cost_values:
  wind_capex: 5000.0
  wind_opex: 100
  wind_lifetime: 20
  solar_capex: 1000.0
  solar_opex: 10
  solar_lifetime: 20
  carbon_price: 1.0
timeseries_values:
  load_level: 255439.71381292492
  wind_year: 2012
  solar_year: 2014
  price_year: 2023
  carbon_year: 2023
storage_values:
  CAES:
    cost: 35.4873
    lifetime: 27.8203
    annual_cost: 1.2755901266341483
    efficiency: 0.565633
    discharge_ratio: 0.1
    depth_of_discharge: 0.4
  Li-ion:
    cost: 271.876
    lifetime: 17.2459
    annual_cost: 15.764674502345486
    efficiency: 0.882676
    discharge_ratio: 2
    depth_of_discharge: 0.9
  Pb-acid:
    cost: 136.173
    lifetime: 16.552
    annual_cost: 8.22698163363944
    efficiency: 0.762213
    discharge_ratio: 5
    depth_of_discharge: 0.5
  VRBF:
    cost: 316.925
    lifetime: 19.9406
    annual_cost: 15.893453557064483
    efficiency: 0.75557
    discharge_ratio: 0.5
    depth_of_discharge: 1.0
