cost_values:
  wind_capex: 5000.0
  wind_opex: 100
  wind_lifetime: 20
  solar_capex: 1000.0
  solar_opex: 10
  solar_lifetime: 20
  carbon_price: 1.0
timeseries_values:
  load_level: 255439.71381292492
  wind_year: 2012
  solar_year: 2014
  price_year: 2023
  carbon_year: 2023
storage_values:
  CAES:
    cost: 35.5029
    lifetime: 28.2842
    annual_cost: 1.2552202289617524
    efficiency: 0.581046
    discharge_ratio: 0.1
    depth_of_discharge: 0.4
  Li-ion:
    cost: 266.577
    lifetime: 17.9857
    annual_cost: 14.821608277687272
    efficiency: 0.876112
    discharge_ratio: 2
    depth_of_discharge: 0.9
  Pb-acid:
    cost: 172.295
    lifetime: 15.7718
    annual_cost: 10.924244537719218
    efficiency: 0.733285
    discharge_ratio: 5
    depth_of_discharge: 0.5
  VRBF:
    cost: 330.282
    lifetime: 22.1291
    annual_cost: 14.925234193889493
    efficiency: 0.770315
    discharge_ratio: 0.5
    depth_of_discharge: 1.0
