cost_values:
  wind_capex: 5000.0
  wind_opex: 100
  wind_lifetime: 20
  solar_capex: 1000.0
  solar_opex: 10
  solar_lifetime: 20
  carbon_price: 1.0
timeseries_values:
  load_level: 255439.71381292492
  wind_year: 2012
  solar_year: 2014
  price_year: 2023
  carbon_year: 2023
storage_values:
  CAES:
    cost: 38.3809
    lifetime: 27.8401
    annual_cost: 1.378619329671948
    efficiency: 0.569951
    discharge_ratio: 0.1
    depth_of_discharge: 0.4
  Li-ion:
    cost: 275.204
    lifetime: 18.4833
    annual_cost: 14.889332532610519
    efficiency: 0.884323
    discharge_ratio: 2
    depth_of_discharge: 0.9
  Pb-acid:
    cost: 142.3
    lifetime: 16.6382
    annual_cost: 8.552607854215
    efficiency: 0.743838
    discharge_ratio: 5
    depth_of_discharge: 0.5
  VRBF:
    cost: 322.508
    lifetime: 18.4913
    annual_cost: 17.441066880100372
    efficiency: 0.76846
    discharge_ratio: 0.5
    depth_of_discharge: 1.0
