cost_values:
  wind_capex: 5000.0
  wind_opex: 100
  wind_lifetime: 20
  solar_capex: 1000.0
  solar_opex: 10
  solar_lifetime: 20
  carbon_price: 1.0
timeseries_values:
  load_level: 255439.71381292492
  wind_year: 2012
  solar_year: 2014
  price_year: 2023
  carbon_year: 2023
storage_values:
  CAES:
    cost: 34.4526
    lifetime: 29.3756
    annual_cost: 1.1728305123980445
    efficiency: 0.573142
    discharge_ratio: 0.1
    depth_of_discharge: 0.4
  Li-ion:
    cost: 267.831
    lifetime: 18.5534
    annual_cost: 14.435682947599902
    efficiency: 0.892206
    discharge_ratio: 2
    depth_of_discharge: 0.9
  Pb-acid:
    cost: 156.645
    lifetime: 17.1683
    annual_cost: 9.124083339643414
    efficiency: 0.728884
    discharge_ratio: 5
    depth_of_discharge: 0.5
  VRBF:
    cost: 312.042
    lifetime: 19.2859
    annual_cost: 16.179799750076477
    efficiency: 0.758599
    discharge_ratio: 0.5
    depth_of_discharge: 1.0
