cost_values:
  wind_capex: 5000.0
  wind_opex: 100
  wind_lifetime: 20
  solar_capex: 1000.0
  solar_opex: 10
  solar_lifetime: 20
  carbon_price: 1.0
timeseries_values:
  load_level: 255439.71381292492
  wind_year: 2012
  solar_year: 2014
  price_year: 2023
  carbon_year: 2023
storage_values:
  CAES:
    cost: 35.2387
    lifetime: 28.0863
    annual_cost: 1.254657964915279
    efficiency: 0.570102
    discharge_ratio: 0.1
    depth_of_discharge: 0.4
  Li-ion:
    cost: 261.373
    lifetime: 20.3016
    annual_cost: 12.87450250226583
    efficiency: 0.878094
    discharge_ratio: 2
    depth_of_discharge: 0.9
  Pb-acid:
    cost: 158.44
    lifetime: 14.363
    annual_cost: 11.031121631971036
    efficiency: 0.739599
    discharge_ratio: 5
    depth_of_discharge: 0.5
  VRBF:
    cost: 338.857
    lifetime: 20.2488
    annual_cost: 16.734670696535105
    efficiency: 0.756993
    discharge_ratio: 0.5
    depth_of_discharge: 1.0
