cost_values:
  wind_capex: 5000.0
  wind_opex: 100
  wind_lifetime: 20
  solar_capex: 1000.0
  solar_opex: 10
  solar_lifetime: 20
  carbon_price: 1.0
timeseries_values:
  load_level: 255439.71381292492
  wind_year: 2012
  solar_year: 2014
  price_year: 2023
  carbon_year: 2023
storage_values:
  CAES:
    cost: 33.9137
    lifetime: 27.0542
    annual_cost: 1.2535465842641806
    efficiency: 0.575551
    discharge_ratio: 0.1
    depth_of_discharge: 0.4
  Li-ion:
    cost: 288.501
    lifetime: 19.4988
    annual_cost: 14.795833589759368
    efficiency: 0.899615
    discharge_ratio: 2
    depth_of_discharge: 0.9
  Pb-acid:
    cost: 145.617
    lifetime: 15.8115
    annual_cost: 9.209562660089174
    efficiency: 0.75215
    discharge_ratio: 5
    depth_of_discharge: 0.5
  VRBF:
    cost: 328.33
    lifetime: 18.7698
    annual_cost: 17.49246129420665
    efficiency: 0.756134
    discharge_ratio: 0.5
    depth_of_discharge: 1.0
