cost_values:
  wind_capex: 5000.0
  wind_opex: 100
  wind_lifetime: 20
  solar_capex: 1000.0
  solar_opex: 10
  solar_lifetime: 20
  carbon_price: 1.0
timeseries_values:
  load_level: 255439.71381292492
  wind_year: 2012
  solar_year: 2014
  price_year: 2023
  carbon_year: 2023
storage_values:
  CAES:
    cost: 32.1551
    lifetime: 28.357
    annual_cost: 1.1339387100186902
    efficiency: 0.573848
    discharge_ratio: 0.1
    depth_of_discharge: 0.4
  Li-ion:
    cost: 266.853
    lifetime: 18.4329
    annual_cost: 14.47699493839819
    efficiency: 0.893256
    discharge_ratio: 2
    depth_of_discharge: 0.9
  Pb-acid:
    cost: 145.18
    lifetime: 15.1449
    annual_cost: 9.586065276099546
    efficiency: 0.745836
    discharge_ratio: 5
    depth_of_discharge: 0.5
  VRBF:
    cost: 317.476
    lifetime: 17.8927
    annual_cost: 17.743325490283745
    efficiency: 0.759883
    discharge_ratio: 0.5
    depth_of_discharge: 1.0
