cost_values:
  wind_capex: 5000.0
  wind_opex: 100
  wind_lifetime: 20
  solar_capex: 1000.0
  solar_opex: 10
  solar_lifetime: 20
  carbon_price: 1.0
timeseries_values:
  load_level: 255439.71381292492
  wind_year: 2012
  solar_year: 2014
  price_year: 2023
  carbon_year: 2023
storage_values:
  CAES:
    cost: 33.9586
    lifetime: 28.5992
    annual_cost: 1.1873968502615457
    efficiency: 0.577711
    discharge_ratio: 0.1
    depth_of_discharge: 0.4
  Li-ion:
    cost: 253.996
    lifetime: 19.1698
    annual_cost: 13.249799163267223
    efficiency: 0.864684
    discharge_ratio: 2
    depth_of_discharge: 0.9
  Pb-acid:
    cost: 148.775
    lifetime: 16.0909
    annual_cost: 9.245909178479762
    efficiency: 0.741919
    discharge_ratio: 5
    depth_of_discharge: 0.5
  VRBF:
    cost: 307.828
    lifetime: 20.2184
    annual_cost: 15.225141455308036
    efficiency: 0.760971
    discharge_ratio: 0.5
    depth_of_discharge: 1.0
