cost_values:
  wind_capex: 5000.0
  wind_opex: 100
  wind_lifetime: 20
  solar_capex: 1000.0
  solar_opex: 10
  solar_lifetime: 20
  carbon_price: 1.0
timeseries_values:
  load_level: 255439.71381292492
  wind_year: 2012
  solar_year: 2014
  price_year: 2023
  carbon_year: 2023
storage_values:
  CAES:
    cost: 33.3834
    lifetime: 27.8808
    annual_cost: 1.197361625204442
    efficiency: 0.562602
    discharge_ratio: 0.1
    depth_of_discharge: 0.4
  Li-ion:
    cost: 296.885
    lifetime: 16.2012
    annual_cost: 18.324877169592376
    efficiency: 0.874927
    discharge_ratio: 2
    depth_of_discharge: 0.9
  Pb-acid:
    cost: 176.347
    lifetime: 18.1771
    annual_cost: 9.701602565865842
    efficiency: 0.754769
    discharge_ratio: 5
    depth_of_discharge: 0.5
  VRBF:
    cost: 293.466
    lifetime: 20.9915
    annual_cost: 13.980230093132937
    efficiency: 0.754669
    discharge_ratio: 0.5
    depth_of_discharge: 1.0
