cost_values:
  wind_capex: 5000.0
  wind_opex: 100
  wind_lifetime: 20
  solar_capex: 1000.0
  solar_opex: 10
  solar_lifetime: 20
  carbon_price: 1.0
timeseries_values:
  load_level: 255439.71381292492
  wind_year: 2012
  solar_year: 2014
  price_year: 2023
  carbon_year: 2023
storage_values:
  CAES:
    cost: 35.3669
    lifetime: 28.0258
    annual_cost: 1.2619407831355394
    efficiency: 0.572413
    discharge_ratio: 0.1
    depth_of_discharge: 0.4
  Li-ion:
    cost: 271.352
    lifetime: 18.7432
    annual_cost: 14.477357121516068
    efficiency: 0.875469
    discharge_ratio: 2
    depth_of_discharge: 0.9
  Pb-acid:
    cost: 149.24
    lifetime: 17.5551
    annual_cost: 8.501233259850414
    efficiency: 0.768781
    discharge_ratio: 5
    depth_of_discharge: 0.5
  VRBF:
    cost: 331.172
    lifetime: 18.7153
    annual_cost: 17.695254684669763
    efficiency: 0.773506
    discharge_ratio: 0.5
    depth_of_discharge: 1.0
