cost_values:
  wind_capex: 5000.0
  wind_opex: 100
  wind_lifetime: 20
  solar_capex: 1000.0
  solar_opex: 10
  solar_lifetime: 20
  carbon_price: 1.0
timeseries_values:
  load_level: 255439.71381292492
  wind_year: 2012
  solar_year: 2014
  price_year: 2023
  carbon_year: 2023
storage_values:
  CAES:
    cost: 38.8535
    lifetime: 28.7088
    annual_cost: 1.3533655185866353
    efficiency: 0.569633
    discharge_ratio: 0.1
    depth_of_discharge: 0.4
  Li-ion:
    cost: 286.624
    lifetime: 18.7273
    annual_cost: 15.305142759500837
    efficiency: 0.89014
    discharge_ratio: 2
    depth_of_discharge: 0.9
  Pb-acid:
    cost: 149.67
    lifetime: 17.0569
    annual_cost: 8.77474804917658
    efficiency: 0.748416
    discharge_ratio: 5
    depth_of_discharge: 0.5
  VRBF:
    cost: 322.219
    lifetime: 18.8648
    annual_cost: 17.080435520122133
    efficiency: 0.772146
    discharge_ratio: 0.5
    depth_of_discharge: 1.0
