cost_values:
  wind_capex: 5000.0
  wind_opex: 100
  wind_lifetime: 20
  solar_capex: 1000.0
  solar_opex: 10
  solar_lifetime: 20
  carbon_price: 1.0
timeseries_values:
  load_level: 255439.71381292492
  wind_year: 2012
  solar_year: 2014
  price_year: 2023
  carbon_year: 2023
storage_values:
  CAES:
    cost: 31.5448
    lifetime: 27.3644
    annual_cost: 1.1527678297349842
    efficiency: 0.561833
    discharge_ratio: 0.1
    depth_of_discharge: 0.4
  Li-ion:
    cost: 258.277
    lifetime: 20.375
    annual_cost: 12.676171779141104
    efficiency: 0.884367
    discharge_ratio: 2
    depth_of_discharge: 0.9
  Pb-acid:
    cost: 155.065
    lifetime: 16.3733
    annual_cost: 9.470601528097573
    efficiency: 0.770586
    discharge_ratio: 5
    depth_of_discharge: 0.5
  VRBF:
    cost: 312.221
    lifetime: 20.4347
    annual_cost: 15.27896176601565
    efficiency: 0.79112
    discharge_ratio: 0.5
    depth_of_discharge: 1.0
