cost_values:
  wind_capex: 5000.0
  wind_opex: 100
  wind_lifetime: 20
  solar_capex: 1000.0
  solar_opex: 10
  solar_lifetime: 20
  carbon_price: 1.0
timeseries_values:
  load_level: 255439.71381292492
  wind_year: 2012
  solar_year: 2014
  price_year: 2023
  carbon_year: 2023
storage_values:
  CAES:
    cost: 31.906
    lifetime: 28.5194
    annual_cost: 1.1187472387217121
    efficiency: 0.575391
    discharge_ratio: 0.1
    depth_of_discharge: 0.4
  Li-ion:
    cost: 276.921
    lifetime: 20.1026
    annual_cost: 13.775382288858157
    efficiency: 0.872677
    discharge_ratio: 2
    depth_of_discharge: 0.9
  Pb-acid:
    cost: 174.912
    lifetime: 17.0466
    annual_cost: 10.260814473267397
    efficiency: 0.749041
    discharge_ratio: 5
    depth_of_discharge: 0.5
  VRBF:
    cost: 344.802
    lifetime: 21.5473
    annual_cost: 16.002097710618038
    efficiency: 0.733615
    discharge_ratio: 0.5
    depth_of_discharge: 1.0
