cost_values:
  wind_capex: 5000.0
  wind_opex: 100
  wind_lifetime: 20
  solar_capex: 1000.0
  solar_opex: 10
  solar_lifetime: 20
  carbon_price: 1.0
timeseries_values:
  load_level: 255439.71381292492
  wind_year: 2012
  solar_year: 2014
  price_year: 2023
  carbon_year: 2023
storage_values:
  CAES:
    cost: 24.8726
    lifetime: 28.4861
    annual_cost: 0.8731486584685162
    efficiency: 0.562338
    discharge_ratio: 0.1
    depth_of_discharge: 0.4
  Li-ion:
    cost: 281.613
    lifetime: 19.1469
    annual_cost: 14.708020619525877
    efficiency: 0.872291
    discharge_ratio: 2
    depth_of_discharge: 0.9
  Pb-acid:
    cost: 171.099
    lifetime: 14.0025
    annual_cost: 12.219175147295125
    efficiency: 0.753144
    discharge_ratio: 5
    depth_of_discharge: 0.5
  VRBF:
    cost: 324.659
    lifetime: 19.5653
    annual_cost: 16.59361216030421
    efficiency: 0.757055
    discharge_ratio: 0.5
    depth_of_discharge: 1.0
