cost_values:
  wind_capex: 5000.0
  wind_opex: 100
  wind_lifetime: 20
  solar_capex: 1000.0
  solar_opex: 10
  solar_lifetime: 20
  carbon_price: 1.0
timeseries_values:
  load_level: 255439.71381292492
  wind_year: 2012
  solar_year: 2014
  price_year: 2023
  carbon_year: 2023
storage_values:
  CAES:
    cost: 26.1077
    lifetime: 28.2279
    annual_cost: 0.9248899138795306
    efficiency: 0.58561
    discharge_ratio: 0.1
    depth_of_discharge: 0.4
  Li-ion:
    cost: 286.74
    lifetime: 19.8779
    annual_cost: 14.42506502195906
    efficiency: 0.883827
    discharge_ratio: 2
    depth_of_discharge: 0.9
  Pb-acid:
    cost: 147.693
    lifetime: 16.9861
    annual_cost: 8.694932915736985
    efficiency: 0.751154
    discharge_ratio: 5
    depth_of_discharge: 0.5
  VRBF:
    cost: 303.165
    lifetime: 18.7401
    annual_cost: 16.17734163638401
    efficiency: 0.758804
    discharge_ratio: 0.5
    depth_of_discharge: 1.0
