cost_values:
  wind_capex: 5000.0
  wind_opex: 100
  wind_lifetime: 20
  solar_capex: 1000.0
  solar_opex: 10
  solar_lifetime: 20
  carbon_price: 1.0
timeseries_values:
  load_level: 255439.71381292492
  wind_year: 2012
  solar_year: 2014
  price_year: 2023
  carbon_year: 2023
storage_values:
  CAES:
    cost: 34.2082
    lifetime: 27.8307
    annual_cost: 1.2291534169101028
    efficiency: 0.564456
    discharge_ratio: 0.1
    depth_of_discharge: 0.4
  Li-ion:
    cost: 282.134
    lifetime: 19.7305
    annual_cost: 14.299384202123617
    efficiency: 0.875512
    discharge_ratio: 2
    depth_of_discharge: 0.9
  Pb-acid:
    cost: 151.045
    lifetime: 15.4068
    annual_cost: 9.8037879377937
    efficiency: 0.731061
    discharge_ratio: 5
    depth_of_discharge: 0.5
  VRBF:
    cost: 323.224
    lifetime: 17.87
    annual_cost: 18.087520984890876
    efficiency: 0.756912
    discharge_ratio: 0.5
    depth_of_discharge: 1.0
