cost_values:
  wind_capex: 5000.0
  wind_opex: 100
  wind_lifetime: 20
  solar_capex: 1000.0
  solar_opex: 10
  solar_lifetime: 20
  carbon_price: 1.0
timeseries_values:
  load_level: 253676.44709054328
  wind_year: 2012
  solar_year: 2014
  price_year: 2023
  carbon_year: 2023
storage_values:
  CAES:
    cost: 64.9476
    lifetime: 27.7033
    annual_cost: 2.34439940368115
    efficiency: 0.619932
    discharge_ratio: 0.1
    depth_of_discharge: 0.4
  Li-ion:
    cost: 171.504
    lifetime: 18.308
    annual_cost: 9.367708105746122
    efficiency: 0.876925
    discharge_ratio: 2
    depth_of_discharge: 0.9
  Pb-acid:
    cost: 200.453
    lifetime: 8.66171
    annual_cost: 23.142427996319437
    efficiency: 0.722826
    discharge_ratio: 5
    depth_of_discharge: 0.5
  VRBF:
    cost: 166.718
    lifetime: 28.0702
    annual_cost: 5.93932355309189
    efficiency: 0.73398
    discharge_ratio: 0.5
    depth_of_discharge: 1.0
