cost_values:
  wind_capex: 5000.0
  wind_opex: 100
  wind_lifetime: 20
  solar_capex: 1000.0
  solar_opex: 10
  solar_lifetime: 20
  carbon_price: 1.0
timeseries_values:
  load_level: 253676.44709054328
  wind_year: 2012
  solar_year: 2014
  price_year: 2023
  carbon_year: 2023
storage_values:
  CAES:
    cost: 70.3669
    lifetime: 27.0539
    annual_cost: 2.6009891365015765
    efficiency: 0.624765
    discharge_ratio: 0.1
    depth_of_discharge: 0.4
  Li-ion:
    cost: 182.418
    lifetime: 17.8191
    annual_cost: 10.237217367880534
    efficiency: 0.861413
    discharge_ratio: 2
    depth_of_discharge: 0.9
  Pb-acid:
    cost: 162.516
    lifetime: 8.62412
    annual_cost: 18.84435745328219
    efficiency: 0.736
    discharge_ratio: 5
    depth_of_discharge: 0.5
  VRBF:
    cost: 164.213
    lifetime: 24.5824
    annual_cost: 6.680104464983077
    efficiency: 0.731451
    discharge_ratio: 0.5
    depth_of_discharge: 1.0
