cost_values:
  wind_capex: 5000.0
  wind_opex: 100
  wind_lifetime: 20
  solar_capex: 1000.0
  solar_opex: 10
  solar_lifetime: 20
  carbon_price: 1.0
timeseries_values:
  load_level: 253676.44709054328
  wind_year: 2012
  solar_year: 2014
  price_year: 2023
  carbon_year: 2023
storage_values:
  CAES:
    cost: 65.6788
    lifetime: 27.5848
    annual_cost: 2.3809779298744234
    efficiency: 0.622548
    discharge_ratio: 0.1
    depth_of_discharge: 0.4
  Li-ion:
    cost: 169.977
    lifetime: 16.4519
    annual_cost: 10.331754994863816
    efficiency: 0.87069
    discharge_ratio: 2
    depth_of_discharge: 0.9
  Pb-acid:
    cost: 184.323
    lifetime: 9.29494
    annual_cost: 19.830466899194615
    efficiency: 0.740233
    discharge_ratio: 5
    depth_of_discharge: 0.5
  VRBF:
    cost: 160.069
    lifetime: 27.2867
    annual_cost: 5.866191221364254
    efficiency: 0.739677
    discharge_ratio: 0.5
    depth_of_discharge: 1.0
