cost_values:
  wind_capex: 5000.0
  wind_opex: 100
  wind_lifetime: 20
  solar_capex: 1000.0
  solar_opex: 10
  solar_lifetime: 20
  carbon_price: 1.0
timeseries_values:
  load_level: 253676.44709054328
  wind_year: 2012
  solar_year: 2014
  price_year: 2023
  carbon_year: 2023
storage_values:
  CAES:
    cost: 73.9773
    lifetime: 27.601
    annual_cost: 2.6802398463823773
    efficiency: 0.605376
    discharge_ratio: 0.1
    depth_of_discharge: 0.4
  Li-ion:
    cost: 178.016
    lifetime: 17.0011
    annual_cost: 10.470851886054431
    efficiency: 0.876961
    discharge_ratio: 2
    depth_of_discharge: 0.9
  Pb-acid:
    cost: 177.565
    lifetime: 8.5016
    annual_cost: 20.886068504752046
    efficiency: 0.714512
    discharge_ratio: 5
    depth_of_discharge: 0.5
  VRBF:
    cost: 173.317
    lifetime: 28.3759
    annual_cost: 6.107894375156382
    efficiency: 0.732131
    discharge_ratio: 0.5
    depth_of_discharge: 1.0
