cost_values:
  wind_capex: 5000.0
  wind_opex: 100
  wind_lifetime: 20
  solar_capex: 1000.0
  solar_opex: 10
  solar_lifetime: 20
  carbon_price: 1.0
timeseries_values:
  load_level: 253676.44709054328
  wind_year: 2012
  solar_year: 2014
  price_year: 2023
  carbon_year: 2023
storage_values:
  CAES:
    cost: 69.7664
    lifetime: 28.2518
    annual_cost: 2.4694497341762296
    efficiency: 0.608991
    discharge_ratio: 0.1
    depth_of_discharge: 0.4
  Li-ion:
    cost: 165.032
    lifetime: 17.1332
    annual_cost: 9.632292858310183
    efficiency: 0.878943
    discharge_ratio: 2
    depth_of_discharge: 0.9
  Pb-acid:
    cost: 195.124
    lifetime: 7.68909
    annual_cost: 25.37673508828743
    efficiency: 0.7383
    discharge_ratio: 5
    depth_of_discharge: 0.5
  VRBF:
    cost: 165.507
    lifetime: 27.3945
    annual_cost: 6.041614192629908
    efficiency: 0.722311
    discharge_ratio: 0.5
    depth_of_discharge: 1.0
