cost_values:
  wind_capex: 5000.0
  wind_opex: 100
  wind_lifetime: 20
  solar_capex: 1000.0
  solar_opex: 10
  solar_lifetime: 20
  carbon_price: 1.0
timeseries_values:
  load_level: 253676.44709054328
  wind_year: 2012
  solar_year: 2014
  price_year: 2023
  carbon_year: 2023
storage_values:
  CAES:
    cost: 73.6407
    lifetime: 27.029
    annual_cost: 2.724507010988198
    efficiency: 0.61472
    discharge_ratio: 0.1
    depth_of_discharge: 0.4
  Li-ion:
    cost: 181.75
    lifetime: 18.7852
    annual_cost: 9.675169814534847
    efficiency: 0.858691
    discharge_ratio: 2
    depth_of_discharge: 0.9
  Pb-acid:
    cost: 180.14
    lifetime: 11.1093
    annual_cost: 16.215243084622795
    efficiency: 0.706999
    discharge_ratio: 5
    depth_of_discharge: 0.5
  VRBF:
    cost: 175.537
    lifetime: 27.0897
    annual_cost: 6.479842892317007
    efficiency: 0.759145
    discharge_ratio: 0.5
    depth_of_discharge: 1.0
