cost_values:
  wind_capex: 5000.0
  wind_opex: 100
  wind_lifetime: 20
  solar_capex: 1000.0
  solar_opex: 10
  solar_lifetime: 20
  carbon_price: 1.0
timeseries_values:
  load_level: 253676.44709054328
  wind_year: 2012
  solar_year: 2014
  price_year: 2023
  carbon_year: 2023
storage_values:
  CAES:
    cost: 70.5034
    lifetime: 27.3417
    annual_cost: 2.578603378721879
    efficiency: 0.607946
    discharge_ratio: 0.1
    depth_of_discharge: 0.4
  Li-ion:
    cost: 181.644
    lifetime: 17.705
    annual_cost: 10.259474724654053
    efficiency: 0.856932
    discharge_ratio: 2
    depth_of_discharge: 0.9
  Pb-acid:
    cost: 142.733
    lifetime: 9.46929
    annual_cost: 15.073252588103225
    efficiency: 0.702383
    discharge_ratio: 5
    depth_of_discharge: 0.5
  VRBF:
    cost: 168.811
    lifetime: 27.2754
    annual_cost: 6.189130131913739
    efficiency: 0.746162
    discharge_ratio: 0.5
    depth_of_discharge: 1.0
