cost_values:
  wind_capex: 5000.0
  wind_opex: 100
  wind_lifetime: 20
  solar_capex: 1000.0
  solar_opex: 10
  solar_lifetime: 20
  carbon_price: 1.0
timeseries_values:
  load_level: 253676.44709054328
  wind_year: 2012
  solar_year: 2014
  price_year: 2023
  carbon_year: 2023
storage_values:
  CAES:
    cost: 74.1156
    lifetime: 26.9654
    annual_cost: 2.748544431011593
    efficiency: 0.623858
    discharge_ratio: 0.1
    depth_of_discharge: 0.4
  Li-ion:
    cost: 169.287
    lifetime: 18.7261
    annual_cost: 9.040163194685494
    efficiency: 0.863382
    discharge_ratio: 2
    depth_of_discharge: 0.9
  Pb-acid:
    cost: 192.083
    lifetime: 10.1187
    annual_cost: 18.982972120924625
    efficiency: 0.717925
    discharge_ratio: 5
    depth_of_discharge: 0.5
  VRBF:
    cost: 172.739
    lifetime: 28.4863
    annual_cost: 6.063932486844553
    efficiency: 0.734128
    discharge_ratio: 0.5
    depth_of_discharge: 1.0
