cost_values:
  wind_capex: 5000.0
  wind_opex: 100
  wind_lifetime: 20
  solar_capex: 1000.0
  solar_opex: 10
  solar_lifetime: 20
  carbon_price: 1.0
timeseries_values:
  load_level: 253676.44709054328
  wind_year: 2012
  solar_year: 2014
  price_year: 2023
  carbon_year: 2023
storage_values:
  CAES:
    cost: 65.16
    lifetime: 27.6343
    annual_cost: 2.3579392276989104
    efficiency: 0.616833
    discharge_ratio: 0.1
    depth_of_discharge: 0.4
  Li-ion:
    cost: 182.444
    lifetime: 17.8527
    annual_cost: 10.219406588359185
    efficiency: 0.876781
    discharge_ratio: 2
    depth_of_discharge: 0.9
  Pb-acid:
    cost: 180.832
    lifetime: 8.75838
    annual_cost: 20.646740607281252
    efficiency: 0.722796
    discharge_ratio: 5
    depth_of_discharge: 0.5
  VRBF:
    cost: 163.212
    lifetime: 24.5001
    annual_cost: 6.661687095154713
    efficiency: 0.730644
    discharge_ratio: 0.5
    depth_of_discharge: 1.0
