cost_values:
  wind_capex: 5000.0
  wind_opex: 100
  wind_lifetime: 20
  solar_capex: 1000.0
  solar_opex: 10
  solar_lifetime: 20
  carbon_price: 1.0
timeseries_values:
  load_level: 253676.44709054328
  wind_year: 2012
  solar_year: 2014
  price_year: 2023
  carbon_year: 2023
storage_values:
  CAES:
    cost: 68.4021
    lifetime: 27.5057
    annual_cost: 2.4868336381186444
    efficiency: 0.620093
    discharge_ratio: 0.1
    depth_of_discharge: 0.4
  Li-ion:
    cost: 156.586
    lifetime: 18.9331
    annual_cost: 8.270489248987225
    efficiency: 0.884074
    discharge_ratio: 2
    depth_of_discharge: 0.9
  Pb-acid:
    cost: 156.291
    lifetime: 8.81712
    annual_cost: 17.725856061843324
    efficiency: 0.729589
    discharge_ratio: 5
    depth_of_discharge: 0.5
  VRBF:
    cost: 162.114
    lifetime: 25.8398
    annual_cost: 6.273810168809356
    efficiency: 0.731888
    discharge_ratio: 0.5
    depth_of_discharge: 1.0
