cost_values:
  wind_capex: 5000.0
  wind_opex: 100
  wind_lifetime: 20
  solar_capex: 1000.0
  solar_opex: 10
  solar_lifetime: 20
  carbon_price: 1.0
timeseries_values:
  load_level: 253676.44709054328
  wind_year: 2012
  solar_year: 2014
  price_year: 2023
  carbon_year: 2023
storage_values:
  CAES:
    cost: 70.0088
    lifetime: 27.5704
    annual_cost: 2.5392740040042945
    efficiency: 0.61178
    discharge_ratio: 0.1
    depth_of_discharge: 0.4
  Li-ion:
    cost: 177.919
    lifetime: 18.5495
    annual_cost: 9.591579287851426
    efficiency: 0.858937
    discharge_ratio: 2
    depth_of_discharge: 0.9
  Pb-acid:
    cost: 184.169
    lifetime: 8.63497
    annual_cost: 21.328273288731754
    efficiency: 0.719912
    discharge_ratio: 5
    depth_of_discharge: 0.5
  VRBF:
    cost: 171.23
    lifetime: 28.9609
    annual_cost: 5.912454378144326
    efficiency: 0.727806
    discharge_ratio: 0.5
    depth_of_discharge: 1.0
