cost_values:
  wind_capex: 5000.0
  wind_opex: 100
  wind_lifetime: 20
  solar_capex: 1000.0
  solar_opex: 10
  solar_lifetime: 20
  carbon_price: 1.0
timeseries_values:
  load_level: 253676.44709054328
  wind_year: 2012
  solar_year: 2014
  price_year: 2023
  carbon_year: 2023
storage_values:
  CAES:
    cost: 73.1664
    lifetime: 27.8444
    annual_cost: 2.6276881527344815
    efficiency: 0.619932
    discharge_ratio: 0.1
    depth_of_discharge: 0.4
  Li-ion:
    cost: 201.323
    lifetime: 17.9248
    annual_cost: 11.231533964116753
    efficiency: 0.886097
    discharge_ratio: 2
    depth_of_discharge: 0.9
  Pb-acid:
    cost: 174.532
    lifetime: 8.85148
    annual_cost: 19.71783249806812
    efficiency: 0.72771
    discharge_ratio: 5
    depth_of_discharge: 0.5
  VRBF:
    cost: 193.433
    lifetime: 24.374
    annual_cost: 7.936038401575449
    efficiency: 0.744081
    discharge_ratio: 0.5
    depth_of_discharge: 1.0
