cost_values:
  wind_capex: 5000.0
  wind_opex: 100
  wind_lifetime: 20
  solar_capex: 1000.0
  solar_opex: 10
  solar_lifetime: 20
  carbon_price: 1.0
timeseries_values:
  load_level: 253676.44709054328
  wind_year: 2012
  solar_year: 2014
  price_year: 2023
  carbon_year: 2023
storage_values:
  CAES:
    cost: 68.5234
    lifetime: 27.3032
    annual_cost: 2.509720472325588
    efficiency: 0.622648
    discharge_ratio: 0.1
    depth_of_discharge: 0.4
  Li-ion:
    cost: 148.164
    lifetime: 17.7673
    annual_cost: 8.339139880567108
    efficiency: 0.862018
    discharge_ratio: 2
    depth_of_discharge: 0.9
  Pb-acid:
    cost: 174.726
    lifetime: 8.97777
    annual_cost: 19.462071316150894
    efficiency: 0.732398
    discharge_ratio: 5
    depth_of_discharge: 0.5
  VRBF:
    cost: 173.151
    lifetime: 27.8577
    annual_cost: 6.215552612024683
    efficiency: 0.74073
    discharge_ratio: 0.5
    depth_of_discharge: 1.0
