cost_values:
  wind_capex: 5000.0
  wind_opex: 100
  wind_lifetime: 20
  solar_capex: 1000.0
  solar_opex: 10
  solar_lifetime: 20
  carbon_price: 1.0
timeseries_values:
  load_level: 253676.44709054328
  wind_year: 2012
  solar_year: 2014
  price_year: 2023
  carbon_year: 2023
storage_values:
  CAES:
    cost: 68.891
    lifetime: 27.0621
    annual_cost: 2.5456634924858013
    efficiency: 0.614349
    discharge_ratio: 0.1
    depth_of_discharge: 0.4
  Li-ion:
    cost: 181.423
    lifetime: 18.4116
    annual_cost: 9.85373351582698
    efficiency: 0.884925
    discharge_ratio: 2
    depth_of_discharge: 0.9
  Pb-acid:
    cost: 176.817
    lifetime: 8.13822
    annual_cost: 21.726741228425873
    efficiency: 0.718575
    discharge_ratio: 5
    depth_of_discharge: 0.5
  VRBF:
    cost: 219.014
    lifetime: 25.9241
    annual_cost: 8.448277857283378
    efficiency: 0.745411
    discharge_ratio: 0.5
    depth_of_discharge: 1.0
