cost_values:
  wind_capex: 5000.0
  wind_opex: 100
  wind_lifetime: 20
  solar_capex: 1000.0
  solar_opex: 10
  solar_lifetime: 20
  carbon_price: 1.0
timeseries_values:
  load_level: 253676.44709054328
  wind_year: 2012
  solar_year: 2014
  price_year: 2023
  carbon_year: 2023
storage_values:
  CAES:
    cost: 69.2117
    lifetime: 27.2633
    annual_cost: 2.5386398565104003
    efficiency: 0.610317
    discharge_ratio: 0.1
    depth_of_discharge: 0.4
  Li-ion:
    cost: 167.975
    lifetime: 16.7712
    annual_cost: 10.015681644724289
    efficiency: 0.872395
    discharge_ratio: 2
    depth_of_discharge: 0.9
  Pb-acid:
    cost: 168.045
    lifetime: 8.0201
    annual_cost: 20.95298063615167
    efficiency: 0.727657
    discharge_ratio: 5
    depth_of_discharge: 0.5
  VRBF:
    cost: 148.84
    lifetime: 28.9847
    annual_cost: 5.135123013175917
    efficiency: 0.750873
    discharge_ratio: 0.5
    depth_of_discharge: 1.0
