cost_values:
  wind_capex: 5000.0
  wind_opex: 100
  wind_lifetime: 20
  solar_capex: 1000.0
  solar_opex: 10
  solar_lifetime: 20
  carbon_price: 1.0
timeseries_values:
  load_level: 253676.44709054328
  wind_year: 2012
  solar_year: 2014
  price_year: 2023
  carbon_year: 2023
storage_values:
  CAES:
    cost: 79.732
    lifetime: 27.7922
    annual_cost: 2.8688624865969587
    efficiency: 0.625499
    discharge_ratio: 0.1
    depth_of_discharge: 0.4
  Li-ion:
    cost: 189.185
    lifetime: 17.9619
    annual_cost: 10.532571721254433
    efficiency: 0.875886
    discharge_ratio: 2
    depth_of_discharge: 0.9
  Pb-acid:
    cost: 174.793
    lifetime: 8.71904
    annual_cost: 20.047275846882226
    efficiency: 0.725108
    discharge_ratio: 5
    depth_of_discharge: 0.5
  VRBF:
    cost: 171.351
    lifetime: 25.8455
    annual_cost: 6.6298195043624615
    efficiency: 0.746645
    discharge_ratio: 0.5
    depth_of_discharge: 1.0
