cost_values:
  wind_capex: 5000.0
  wind_opex: 100
  wind_lifetime: 20
  solar_capex: 1000.0
  solar_opex: 10
  solar_lifetime: 20
  carbon_price: 1.0
timeseries_values:
  load_level: 253676.44709054328
  wind_year: 2012
  solar_year: 2014
  price_year: 2023
  carbon_year: 2023
storage_values:
  CAES:
    cost: 76.5686
    lifetime: 27.6004
    annual_cost: 2.7741844321096796
    efficiency: 0.615255
    discharge_ratio: 0.1
    depth_of_discharge: 0.4
  Li-ion:
    cost: 179.76
    lifetime: 17.3905
    annual_cost: 10.3366780713608
    efficiency: 0.880695
    discharge_ratio: 2
    depth_of_discharge: 0.9
  Pb-acid:
    cost: 161.756
    lifetime: 7.61349
    annual_cost: 21.245972609145085
    efficiency: 0.712783
    discharge_ratio: 5
    depth_of_discharge: 0.5
  VRBF:
    cost: 132.34
    lifetime: 26.1775
    annual_cost: 5.055486581988349
    efficiency: 0.744797
    discharge_ratio: 0.5
    depth_of_discharge: 1.0
