cost_values:
  wind_capex: 5000.0
  wind_opex: 100
  wind_lifetime: 20
  solar_capex: 1000.0
  solar_opex: 10
  solar_lifetime: 20
  carbon_price: 1.0
timeseries_values:
  load_level: 253676.44709054328
  wind_year: 2012
  solar_year: 2014
  price_year: 2023
  carbon_year: 2023
storage_values:
  CAES:
    cost: 66.1472
    lifetime: 27.182
    annual_cost: 2.4334927525568393
    efficiency: 0.620215
    discharge_ratio: 0.1
    depth_of_discharge: 0.4
  Li-ion:
    cost: 194.498
    lifetime: 17.9563
    annual_cost: 10.831741505766779
    efficiency: 0.864748
    discharge_ratio: 2
    depth_of_discharge: 0.9
  Pb-acid:
    cost: 177.024
    lifetime: 7.99789
    annual_cost: 22.133837799719675
    efficiency: 0.716296
    discharge_ratio: 5
    depth_of_discharge: 0.5
  VRBF:
    cost: 164.459
    lifetime: 25.6659
    annual_cost: 6.407684904873782
    efficiency: 0.755268
    discharge_ratio: 0.5
    depth_of_discharge: 1.0
