cost_values:
  wind_capex: 5000.0
  wind_opex: 100
  wind_lifetime: 20
  solar_capex: 1000.0
  solar_opex: 10
  solar_lifetime: 20
  carbon_price: 1.0
timeseries_values:
  load_level: 253676.44709054328
  wind_year: 2012
  solar_year: 2014
  price_year: 2023
  carbon_year: 2023
storage_values:
  CAES:
    cost: 72.1032
    lifetime: 26.907
    annual_cost: 2.6797190322220983
    efficiency: 0.609323
    discharge_ratio: 0.1
    depth_of_discharge: 0.4
  Li-ion:
    cost: 176.55
    lifetime: 20.1498
    annual_cost: 8.761873566983295
    efficiency: 0.866241
    discharge_ratio: 2
    depth_of_discharge: 0.9
  Pb-acid:
    cost: 169.053
    lifetime: 10.2515
    annual_cost: 16.490562356728283
    efficiency: 0.735721
    discharge_ratio: 5
    depth_of_discharge: 0.5
  VRBF:
    cost: 174.006
    lifetime: 26.7693
    annual_cost: 6.500207327050016
    efficiency: 0.744931
    discharge_ratio: 0.5
    depth_of_discharge: 1.0
