cost_values:
  wind_capex: 5000.0
  wind_opex: 100
  wind_lifetime: 20
  solar_capex: 1000.0
  solar_opex: 10
  solar_lifetime: 20
  carbon_price: 1.0
timeseries_values:
  load_level: 253676.44709054328
  wind_year: 2012
  solar_year: 2014
  price_year: 2023
  carbon_year: 2023
storage_values:
  CAES:
    cost: 72.3086
    lifetime: 27.2921
    annual_cost: 2.649433352508601
    efficiency: 0.606829
    discharge_ratio: 0.1
    depth_of_discharge: 0.4
  Li-ion:
    cost: 187.901
    lifetime: 18.7217
    annual_cost: 10.03653514371024
    efficiency: 0.869012
    discharge_ratio: 2
    depth_of_discharge: 0.9
  Pb-acid:
    cost: 154.3
    lifetime: 9.20408
    annual_cost: 16.764304525818986
    efficiency: 0.726283
    discharge_ratio: 5
    depth_of_discharge: 0.5
  VRBF:
    cost: 213.698
    lifetime: 28.34
    annual_cost: 7.540508115737474
    efficiency: 0.757419
    discharge_ratio: 0.5
    depth_of_discharge: 1.0
