cost_values:
  wind_capex: 5000.0
  wind_opex: 100
  wind_lifetime: 20
  solar_capex: 1000.0
  solar_opex: 10
  solar_lifetime: 20
  carbon_price: 1.0
timeseries_values:
  load_level: 253676.44709054328
  wind_year: 2012
  solar_year: 2014
  price_year: 2023
  carbon_year: 2023
storage_values:
  CAES:
    cost: 72.9623
    lifetime: 27.0121
    annual_cost: 2.701096915826611
    efficiency: 0.612704
    discharge_ratio: 0.1
    depth_of_discharge: 0.4
  Li-ion:
    cost: 160.239
    lifetime: 18.8349
    annual_cost: 8.507557778379498
    efficiency: 0.867292
    discharge_ratio: 2
    depth_of_discharge: 0.9
  Pb-acid:
    cost: 177.164
    lifetime: 8.35144
    annual_cost: 21.2135871179102
    efficiency: 0.727319
    discharge_ratio: 5
    depth_of_discharge: 0.5
  VRBF:
    cost: 177.704
    lifetime: 25.2468
    annual_cost: 7.038674208216487
    efficiency: 0.733121
    discharge_ratio: 0.5
    depth_of_discharge: 1.0
