cost_values:
  wind_capex: 5000.0
  wind_opex: 100
  wind_lifetime: 20
  solar_capex: 1000.0
  solar_opex: 10
  solar_lifetime: 20
  carbon_price: 1.0
timeseries_values:
  load_level: 253676.44709054328
  wind_year: 2012
  solar_year: 2014
  price_year: 2023
  carbon_year: 2023
storage_values:
  CAES:
    cost: 72.513
    lifetime: 27.2567
    annual_cost: 2.660373412775575
    efficiency: 0.615547
    discharge_ratio: 0.1
    depth_of_discharge: 0.4
  Li-ion:
    cost: 174.056
    lifetime: 19.2176
    annual_cost: 9.057114311880776
    efficiency: 0.872303
    discharge_ratio: 2
    depth_of_discharge: 0.9
  Pb-acid:
    cost: 168.915
    lifetime: 8.69627
    annual_cost: 19.42384493581731
    efficiency: 0.726786
    discharge_ratio: 5
    depth_of_discharge: 0.5
  VRBF:
    cost: 173.759
    lifetime: 26.4456
    annual_cost: 6.570431376107934
    efficiency: 0.74487
    discharge_ratio: 0.5
    depth_of_discharge: 1.0
