cost_values:
  wind_capex: 5000.0
  wind_opex: 100
  wind_lifetime: 20
  solar_capex: 1000.0
  solar_opex: 10
  solar_lifetime: 20
  carbon_price: 1.0
timeseries_values:
  load_level: 253676.44709054328
  wind_year: 2012
  solar_year: 2014
  price_year: 2023
  carbon_year: 2023
storage_values:
  CAES:
    cost: 66.8916
    lifetime: 28.2326
    annual_cost: 2.3693035710490706
    efficiency: 0.622218
    discharge_ratio: 0.1
    depth_of_discharge: 0.4
  Li-ion:
    cost: 159.521
    lifetime: 20.4031
    annual_cost: 7.818468762099877
    efficiency: 0.876772
    discharge_ratio: 2
    depth_of_discharge: 0.9
  Pb-acid:
    cost: 163.35
    lifetime: 9.9491
    annual_cost: 16.41857052396699
    efficiency: 0.739161
    discharge_ratio: 5
    depth_of_discharge: 0.5
  VRBF:
    cost: 155.977
    lifetime: 28.5106
    annual_cost: 5.470842423519674
    efficiency: 0.722252
    discharge_ratio: 0.5
    depth_of_discharge: 1.0
