cost_values:
  wind_capex: 5000.0
  wind_opex: 100
  wind_lifetime: 20
  solar_capex: 1000.0
  solar_opex: 10
  solar_lifetime: 20
  carbon_price: 1.0
timeseries_values:
  load_level: 253676.44709054328
  wind_year: 2012
  solar_year: 2014
  price_year: 2023
  carbon_year: 2023
storage_values:
  CAES:
    cost: 71.6945
    lifetime: 27.2142
    annual_cost: 2.634451867040001
    efficiency: 0.61594
    discharge_ratio: 0.1
    depth_of_discharge: 0.4
  Li-ion:
    cost: 177.04
    lifetime: 16.7306
    annual_cost: 10.581808183806917
    efficiency: 0.882137
    discharge_ratio: 2
    depth_of_discharge: 0.9
  Pb-acid:
    cost: 174.841
    lifetime: 8.14622
    annual_cost: 21.462837978841723
    efficiency: 0.737403
    discharge_ratio: 5
    depth_of_discharge: 0.5
  VRBF:
    cost: 188.852
    lifetime: 27.7844
    annual_cost: 6.797051582902636
    efficiency: 0.738093
    discharge_ratio: 0.5
    depth_of_discharge: 1.0
