cost_values:
  wind_capex: 5000.0
  wind_opex: 100
  wind_lifetime: 20
  solar_capex: 1000.0
  solar_opex: 10
  solar_lifetime: 20
  carbon_price: 1.0
timeseries_values:
  load_level: 253676.44709054328
  wind_year: 2012
  solar_year: 2014
  price_year: 2023
  carbon_year: 2023
storage_values:
  CAES:
    cost: 75.8116
    lifetime: 27.0245
    annual_cost: 2.8052914947547594
    efficiency: 0.611213
    discharge_ratio: 0.1
    depth_of_discharge: 0.4
  Li-ion:
    cost: 174.428
    lifetime: 18.6134
    annual_cost: 9.371098241052145
    efficiency: 0.881302
    discharge_ratio: 2
    depth_of_discharge: 0.9
  Pb-acid:
    cost: 169.826
    lifetime: 8.70454
    annual_cost: 19.51004877914284
    efficiency: 0.733641
    discharge_ratio: 5
    depth_of_discharge: 0.5
  VRBF:
    cost: 181.774
    lifetime: 25.696
    annual_cost: 7.074019302615192
    efficiency: 0.745243
    discharge_ratio: 0.5
    depth_of_discharge: 1.0
