cost_values:
  wind_capex: 5000.0
  wind_opex: 100
  wind_lifetime: 20
  solar_capex: 1000.0
  solar_opex: 10
  solar_lifetime: 20
  carbon_price: 1.0
timeseries_values:
  load_level: 253676.44709054328
  wind_year: 2012
  solar_year: 2014
  price_year: 2023
  carbon_year: 2023
storage_values:
  CAES:
    cost: 74.1667
    lifetime: 26.9827
    annual_cost: 2.748676003513362
    efficiency: 0.613629
    discharge_ratio: 0.1
    depth_of_discharge: 0.4
  Li-ion:
    cost: 173.83
    lifetime: 16.7459
    annual_cost: 10.38045133435647
    efficiency: 0.854886
    discharge_ratio: 2
    depth_of_discharge: 0.9
  Pb-acid:
    cost: 190.241
    lifetime: 8.42617
    annual_cost: 22.57739874699893
    efficiency: 0.710012
    discharge_ratio: 5
    depth_of_discharge: 0.5
  VRBF:
    cost: 149.445
    lifetime: 25.5158
    annual_cost: 5.856959217426065
    efficiency: 0.752887
    discharge_ratio: 0.5
    depth_of_discharge: 1.0
