cost_values:
  wind_capex: 5000.0
  wind_opex: 100
  wind_lifetime: 20
  solar_capex: 1000.0
  solar_opex: 10
  solar_lifetime: 20
  carbon_price: 1.0
timeseries_values:
  load_level: 253676.44709054328
  wind_year: 2012
  solar_year: 2014
  price_year: 2023
  carbon_year: 2023
storage_values:
  CAES:
    cost: 74.1062
    lifetime: 27.2451
    annual_cost: 2.7199826757839025
    efficiency: 0.610296
    discharge_ratio: 0.1
    depth_of_discharge: 0.4
  Li-ion:
    cost: 179.573
    lifetime: 18.9645
    annual_cost: 9.46890242294814
    efficiency: 0.881433
    discharge_ratio: 2
    depth_of_discharge: 0.9
  Pb-acid:
    cost: 183.191
    lifetime: 10.6262
    annual_cost: 17.239558826297266
    efficiency: 0.723221
    discharge_ratio: 5
    depth_of_discharge: 0.5
  VRBF:
    cost: 163.192
    lifetime: 26.2746
    annual_cost: 6.211017484566844
    efficiency: 0.759032
    discharge_ratio: 0.5
    depth_of_discharge: 1.0
