cost_values:
  wind_capex: 5000.0
  wind_opex: 100
  wind_lifetime: 20
  solar_capex: 1000.0
  solar_opex: 10
  solar_lifetime: 20
  carbon_price: 1.0
timeseries_values:
  load_level: 253676.44709054328
  wind_year: 2012
  solar_year: 2014
  price_year: 2023
  carbon_year: 2023
storage_values:
  CAES:
    cost: 69.3726
    lifetime: 27.594
    annual_cost: 2.514046531854751
    efficiency: 0.613484
    discharge_ratio: 0.1
    depth_of_discharge: 0.4
  Li-ion:
    cost: 189.146
    lifetime: 19.2503
    annual_cost: 9.825613107328197
    efficiency: 0.888597
    discharge_ratio: 2
    depth_of_discharge: 0.9
  Pb-acid:
    cost: 162.168
    lifetime: 8.62688
    annual_cost: 18.797989539671352
    efficiency: 0.719464
    discharge_ratio: 5
    depth_of_discharge: 0.5
  VRBF:
    cost: 200.51
    lifetime: 25.9122
    annual_cost: 7.73805388967359
    efficiency: 0.718193
    discharge_ratio: 0.5
    depth_of_discharge: 1.0
