cost_values:
  wind_capex: 5000.0
  wind_opex: 100
  wind_lifetime: 20
  solar_capex: 1000.0
  solar_opex: 10
  solar_lifetime: 20
  carbon_price: 1.0
timeseries_values:
  load_level: 253676.44709054328
  wind_year: 2012
  solar_year: 2014
  price_year: 2023
  carbon_year: 2023
storage_values:
  CAES:
    cost: 77.7232
    lifetime: 27.1859
    annual_cost: 2.858952618820786
    efficiency: 0.620588
    discharge_ratio: 0.1
    depth_of_discharge: 0.4
  Li-ion:
    cost: 161.354
    lifetime: 17.2615
    annual_cost: 9.34762332358138
    efficiency: 0.877718
    discharge_ratio: 2
    depth_of_discharge: 0.9
  Pb-acid:
    cost: 181.35
    lifetime: 8.72558
    annual_cost: 20.783718675434752
    efficiency: 0.736574
    discharge_ratio: 5
    depth_of_discharge: 0.5
  VRBF:
    cost: 208.219
    lifetime: 27.5811
    annual_cost: 7.549336320886404
    efficiency: 0.7569
    discharge_ratio: 0.5
    depth_of_discharge: 1.0
