cost_values:
  wind_capex: 5000.0
  wind_opex: 100
  wind_lifetime: 20
  solar_capex: 1000.0
  solar_opex: 10
  solar_lifetime: 20
  carbon_price: 1.0
timeseries_values:
  load_level: 253676.44709054328
  wind_year: 2012
  solar_year: 2014
  price_year: 2023
  carbon_year: 2023
storage_values:
  CAES:
    cost: 72.4812
    lifetime: 26.9019
    annual_cost: 2.694278099316405
    efficiency: 0.615157
    discharge_ratio: 0.1
    depth_of_discharge: 0.4
  Li-ion:
    cost: 165.599
    lifetime: 18.4896
    annual_cost: 8.956332208376601
    efficiency: 0.877712
    discharge_ratio: 2
    depth_of_discharge: 0.9
  Pb-acid:
    cost: 178.732
    lifetime: 8.82959
    annual_cost: 20.242389510724735
    efficiency: 0.739821
    discharge_ratio: 5
    depth_of_discharge: 0.5
  VRBF:
    cost: 150.544
    lifetime: 27.1117
    annual_cost: 5.552731846398419
    efficiency: 0.739179
    discharge_ratio: 0.5
    depth_of_discharge: 1.0
