cost_values:
  wind_capex: 5000.0
  wind_opex: 100
  wind_lifetime: 20
  solar_capex: 1000.0
  solar_opex: 10
  solar_lifetime: 20
  carbon_price: 1.0
timeseries_values:
  load_level: 253676.44709054328
  wind_year: 2012
  solar_year: 2014
  price_year: 2023
  carbon_year: 2023
storage_values:
  CAES:
    cost: 69.5979
    lifetime: 26.9699
    annual_cost: 2.5805768653202272
    efficiency: 0.610687
    discharge_ratio: 0.1
    depth_of_discharge: 0.4
  Li-ion:
    cost: 158.182
    lifetime: 19.2781
    annual_cost: 8.205269191465964
    efficiency: 0.868699
    discharge_ratio: 2
    depth_of_discharge: 0.9
  Pb-acid:
    cost: 165.969
    lifetime: 7.29916
    annual_cost: 22.73809589048603
    efficiency: 0.727499
    discharge_ratio: 5
    depth_of_discharge: 0.5
  VRBF:
    cost: 165.799
    lifetime: 29.0725
    annual_cost: 5.702949522744862
    efficiency: 0.738622
    discharge_ratio: 0.5
    depth_of_discharge: 1.0
