cost_values:
  wind_capex: 5000.0
  wind_opex: 100
  wind_lifetime: 20
  solar_capex: 1000.0
  solar_opex: 10
  solar_lifetime: 20
  carbon_price: 1.0
timeseries_values:
  load_level: 253676.44709054328
  wind_year: 2012
  solar_year: 2014
  price_year: 2023
  carbon_year: 2023
storage_values:
  CAES:
    cost: 64.6355
    lifetime: 27.3537
    annual_cost: 2.362952726687797
    efficiency: 0.621385
    discharge_ratio: 0.1
    depth_of_discharge: 0.4
  Li-ion:
    cost: 177.037
    lifetime: 18.4398
    annual_cost: 9.600809119404765
    efficiency: 0.888146
    discharge_ratio: 2
    depth_of_discharge: 0.9
  Pb-acid:
    cost: 184.859
    lifetime: 7.59236
    annual_cost: 24.348028807906896
    efficiency: 0.71807
    discharge_ratio: 5
    depth_of_discharge: 0.5
  VRBF:
    cost: 146.985
    lifetime: 27.6834
    annual_cost: 5.309499555690414
    efficiency: 0.748614
    discharge_ratio: 0.5
    depth_of_discharge: 1.0
