cost_values:
  wind_capex: 5000.0
  wind_opex: 100
  wind_lifetime: 20
  solar_capex: 1000.0
  solar_opex: 10
  solar_lifetime: 20
  carbon_price: 1.0
timeseries_values:
  load_level: 253676.44709054328
  wind_year: 2012
  solar_year: 2014
  price_year: 2023
  carbon_year: 2023
storage_values:
  CAES:
    cost: 67.6615
    lifetime: 26.8513
    annual_cost: 2.519859373661611
    efficiency: 0.613504
    discharge_ratio: 0.1
    depth_of_discharge: 0.4
  Li-ion:
    cost: 162.576
    lifetime: 17.8138
    annual_cost: 9.126407616566931
    efficiency: 0.872729
    discharge_ratio: 2
    depth_of_discharge: 0.9
  Pb-acid:
    cost: 177.168
    lifetime: 9.03754
    annual_cost: 19.603564686850625
    efficiency: 0.741651
    discharge_ratio: 5
    depth_of_discharge: 0.5
  VRBF:
    cost: 171.39
    lifetime: 26.8688
    annual_cost: 6.378773893884356
    efficiency: 0.727626
    discharge_ratio: 0.5
    depth_of_discharge: 1.0
