cost_values:
  wind_capex: 5000.0
  wind_opex: 100
  wind_lifetime: 20
  solar_capex: 1000.0
  solar_opex: 10
  solar_lifetime: 20
  carbon_price: 1.0
timeseries_values:
  load_level: 253676.44709054328
  wind_year: 2012
  solar_year: 2014
  price_year: 2023
  carbon_year: 2023
storage_values:
  CAES:
    cost: 70.3264
    lifetime: 28.3164
    annual_cost: 2.4835925470751934
    efficiency: 0.612757
    discharge_ratio: 0.1
    depth_of_discharge: 0.4
  Li-ion:
    cost: 182.695
    lifetime: 18.1045
    annual_cost: 10.091137562484464
    efficiency: 0.865501
    discharge_ratio: 2
    depth_of_discharge: 0.9
  Pb-acid:
    cost: 156.526
    lifetime: 10.6059
    annual_cost: 14.758389198465006
    efficiency: 0.739439
    discharge_ratio: 5
    depth_of_discharge: 0.5
  VRBF:
    cost: 184.767
    lifetime: 27.279
    annual_cost: 6.773232156603981
    efficiency: 0.745824
    discharge_ratio: 0.5
    depth_of_discharge: 1.0
