cost_values:
  wind_capex: 5000.0
  wind_opex: 100
  wind_lifetime: 20
  solar_capex: 1000.0
  solar_opex: 10
  solar_lifetime: 20
  carbon_price: 1.0
timeseries_values:
  load_level: 253676.44709054328
  wind_year: 2012
  solar_year: 2014
  price_year: 2023
  carbon_year: 2023
storage_values:
  CAES:
    cost: 60.7389
    lifetime: 27.1146
    annual_cost: 2.240080989577571
    efficiency: 0.621916
    discharge_ratio: 0.1
    depth_of_discharge: 0.4
  Li-ion:
    cost: 181.353
    lifetime: 20.2992
    annual_cost: 8.933997398912274
    efficiency: 0.879004
    discharge_ratio: 2
    depth_of_discharge: 0.9
  Pb-acid:
    cost: 159.779
    lifetime: 8.49959
    annual_cost: 18.79843615986183
    efficiency: 0.721443
    discharge_ratio: 5
    depth_of_discharge: 0.5
  VRBF:
    cost: 205.482
    lifetime: 25.4472
    annual_cost: 8.074837310195228
    efficiency: 0.739202
    discharge_ratio: 0.5
    depth_of_discharge: 1.0
