cost_values:
  wind_capex: 5000.0
  wind_opex: 100
  wind_lifetime: 20
  solar_capex: 1000.0
  solar_opex: 10
  solar_lifetime: 20
  carbon_price: 1.0
timeseries_values:
  load_level: 253676.44709054328
  wind_year: 2012
  solar_year: 2014
  price_year: 2023
  carbon_year: 2023
storage_values:
  CAES:
    cost: 77.1215
    lifetime: 27.4358
    annual_cost: 2.8109805436692206
    efficiency: 0.605356
    discharge_ratio: 0.1
    depth_of_discharge: 0.4
  Li-ion:
    cost: 157.47
    lifetime: 18.2025
    annual_cost: 8.65100947672023
    efficiency: 0.881149
    discharge_ratio: 2
    depth_of_discharge: 0.9
  Pb-acid:
    cost: 192.244
    lifetime: 10.2124
    annual_cost: 18.824566213622653
    efficiency: 0.715207
    discharge_ratio: 5
    depth_of_discharge: 0.5
  VRBF:
    cost: 160.853
    lifetime: 25.8362
    annual_cost: 6.225876870437603
    efficiency: 0.745528
    discharge_ratio: 0.5
    depth_of_discharge: 1.0
