cost_values:
  wind_capex: 5000.0
  wind_opex: 100
  wind_lifetime: 20
  solar_capex: 1000.0
  solar_opex: 10
  solar_lifetime: 20
  carbon_price: 1.0
timeseries_values:
  load_level: 253676.44709054328
  wind_year: 2012
  solar_year: 2014
  price_year: 2023
  carbon_year: 2023
storage_values:
  CAES:
    cost: 66.6491
    lifetime: 27.102
    annual_cost: 2.459194893365803
    efficiency: 0.616948
    discharge_ratio: 0.1
    depth_of_discharge: 0.4
  Li-ion:
    cost: 154.808
    lifetime: 19.1216
    annual_cost: 8.09597523219814
    efficiency: 0.862751
    discharge_ratio: 2
    depth_of_discharge: 0.9
  Pb-acid:
    cost: 144.083
    lifetime: 9.52139
    annual_cost: 15.132559426722358
    efficiency: 0.718941
    discharge_ratio: 5
    depth_of_discharge: 0.5
  VRBF:
    cost: 202.026
    lifetime: 26.9516
    annual_cost: 7.495881506107245
    efficiency: 0.754981
    discharge_ratio: 0.5
    depth_of_discharge: 1.0
