cost_values:
  wind_capex: 5000.0
  wind_opex: 100
  wind_lifetime: 20
  solar_capex: 1000.0
  solar_opex: 10
  solar_lifetime: 20
  carbon_price: 1.0
timeseries_values:
  load_level: 253676.44709054328
  wind_year: 2012
  solar_year: 2014
  price_year: 2023
  carbon_year: 2023
storage_values:
  CAES:
    cost: 72.7683
    lifetime: 26.7155
    annual_cost: 2.7238232486758625
    efficiency: 0.607499
    discharge_ratio: 0.1
    depth_of_discharge: 0.4
  Li-ion:
    cost: 177.517
    lifetime: 19.0675
    annual_cost: 9.30992526550413
    efficiency: 0.873628
    discharge_ratio: 2
    depth_of_discharge: 0.9
  Pb-acid:
    cost: 180.379
    lifetime: 8.23305
    annual_cost: 21.90913452487231
    efficiency: 0.708835
    discharge_ratio: 5
    depth_of_discharge: 0.5
  VRBF:
    cost: 179.12
    lifetime: 28.4507
    annual_cost: 6.295802915218254
    efficiency: 0.72516
    discharge_ratio: 0.5
    depth_of_discharge: 1.0
