cost_values:
  wind_capex: 5000.0
  wind_opex: 100
  wind_lifetime: 20
  solar_capex: 1000.0
  solar_opex: 10
  solar_lifetime: 20
  carbon_price: 1.0
timeseries_values:
  load_level: 253676.44709054328
  wind_year: 2012
  solar_year: 2014
  price_year: 2023
  carbon_year: 2023
storage_values:
  CAES:
    cost: 71.8748
    lifetime: 27.5158
    annual_cost: 2.6121283044650707
    efficiency: 0.613545
    discharge_ratio: 0.1
    depth_of_discharge: 0.4
  Li-ion:
    cost: 164.258
    lifetime: 17.7641
    annual_cost: 9.246626623358347
    efficiency: 0.8676
    discharge_ratio: 2
    depth_of_discharge: 0.9
  Pb-acid:
    cost: 169.868
    lifetime: 10.6286
    annual_cost: 15.98216133827597
    efficiency: 0.714847
    discharge_ratio: 5
    depth_of_discharge: 0.5
  VRBF:
    cost: 189.588
    lifetime: 26.7074
    annual_cost: 7.098706725476834
    efficiency: 0.7616
    discharge_ratio: 0.5
    depth_of_discharge: 1.0
