cost_values:
  wind_capex: 5000.0
  wind_opex: 100
  wind_lifetime: 20
  solar_capex: 1000.0
  solar_opex: 10
  solar_lifetime: 20
  carbon_price: 1.0
timeseries_values:
  load_level: 253676.44709054328
  wind_year: 2012
  solar_year: 2014
  price_year: 2023
  carbon_year: 2023
storage_values:
  CAES:
    cost: 66.5382
    lifetime: 26.9814
    annual_cost: 2.4660766305677244
    efficiency: 0.620601
    discharge_ratio: 0.1
    depth_of_discharge: 0.4
  Li-ion:
    cost: 176.88
    lifetime: 17.5523
    annual_cost: 10.077311805290476
    efficiency: 0.875111
    discharge_ratio: 2
    depth_of_discharge: 0.9
  Pb-acid:
    cost: 176.722
    lifetime: 8.69471
    annual_cost: 20.325232238913085
    efficiency: 0.728285
    discharge_ratio: 5
    depth_of_discharge: 0.5
  VRBF:
    cost: 146.315
    lifetime: 27.0525
    annual_cost: 5.408557434617873
    efficiency: 0.740176
    discharge_ratio: 0.5
    depth_of_discharge: 1.0
