cost_values:
  wind_capex: 5000.0
  wind_opex: 100
  wind_lifetime: 20
  solar_capex: 1000.0
  solar_opex: 10
  solar_lifetime: 20
  carbon_price: 1.0
timeseries_values:
  load_level: 253676.44709054328
  wind_year: 2012
  solar_year: 2014
  price_year: 2023
  carbon_year: 2023
storage_values:
  CAES:
    cost: 70.8365
    lifetime: 27.6097
    annual_cost: 2.5656381633990955
    efficiency: 0.608523
    discharge_ratio: 0.1
    depth_of_discharge: 0.4
  Li-ion:
    cost: 174.973
    lifetime: 16.3452
    annual_cost: 10.704855248023886
    efficiency: 0.865209
    discharge_ratio: 2
    depth_of_discharge: 0.9
  Pb-acid:
    cost: 164.166
    lifetime: 7.37662
    annual_cost: 22.254908074429753
    efficiency: 0.727723
    discharge_ratio: 5
    depth_of_discharge: 0.5
  VRBF:
    cost: 144.709
    lifetime: 26.4668
    annual_cost: 5.467566914020584
    efficiency: 0.763726
    discharge_ratio: 0.5
    depth_of_discharge: 1.0
