cost_values:
  wind_capex: 5000.0
  wind_opex: 100
  wind_lifetime: 20
  solar_capex: 1000.0
  solar_opex: 10
  solar_lifetime: 20
  carbon_price: 1.0
timeseries_values:
  load_level: 253676.44709054328
  wind_year: 2012
  solar_year: 2014
  price_year: 2023
  carbon_year: 2023
storage_values:
  CAES:
    cost: 72.2988
    lifetime: 27.1028
    annual_cost: 2.6675767817347285
    efficiency: 0.62549
    discharge_ratio: 0.1
    depth_of_discharge: 0.4
  Li-ion:
    cost: 155.85
    lifetime: 17.1988
    annual_cost: 9.061678721771287
    efficiency: 0.896706
    discharge_ratio: 2
    depth_of_discharge: 0.9
  Pb-acid:
    cost: 172.203
    lifetime: 8.05651
    annual_cost: 21.374391641045566
    efficiency: 0.733936
    discharge_ratio: 5
    depth_of_discharge: 0.5
  VRBF:
    cost: 161.946
    lifetime: 27.6652
    annual_cost: 5.853780200396166
    efficiency: 0.724908
    discharge_ratio: 0.5
    depth_of_discharge: 1.0
