cost_values:
  wind_capex: 5000.0
  wind_opex: 100
  wind_lifetime: 20
  solar_capex: 1000.0
  solar_opex: 10
  solar_lifetime: 20
  carbon_price: 1.0
timeseries_values:
  load_level: 253676.44709054328
  wind_year: 2012
  solar_year: 2014
  price_year: 2023
  carbon_year: 2023
storage_values:
  CAES:
    cost: 69.3243
    lifetime: 26.7619
    annual_cost: 2.5904102474039585
    efficiency: 0.620908
    discharge_ratio: 0.1
    depth_of_discharge: 0.4
  Li-ion:
    cost: 188.246
    lifetime: 18.1071
    annual_cost: 10.396253403361113
    efficiency: 0.868206
    discharge_ratio: 2
    depth_of_discharge: 0.9
  Pb-acid:
    cost: 178.515
    lifetime: 8.97075
    annual_cost: 19.89967394030599
    efficiency: 0.733107
    discharge_ratio: 5
    depth_of_discharge: 0.5
  VRBF:
    cost: 168.274
    lifetime: 28.247
    annual_cost: 5.957234396573088
    efficiency: 0.736585
    discharge_ratio: 0.5
    depth_of_discharge: 1.0
