cost_values:
  wind_capex: 5000.0
  wind_opex: 100
  wind_lifetime: 20
  solar_capex: 1000.0
  solar_opex: 10
  solar_lifetime: 20
  carbon_price: 1.0
timeseries_values:
  load_level: 253676.44709054328
  wind_year: 2012
  solar_year: 2014
  price_year: 2023
  carbon_year: 2023
storage_values:
  CAES:
    cost: 78.2205
    lifetime: 28.2402
    annual_cost: 2.7698281173646078
    efficiency: 0.613755
    discharge_ratio: 0.1
    depth_of_discharge: 0.4
  Li-ion:
    cost: 178.754
    lifetime: 18.2224
    annual_cost: 9.809575028536306
    efficiency: 0.869751
    discharge_ratio: 2
    depth_of_discharge: 0.9
  Pb-acid:
    cost: 179.225
    lifetime: 8.90492
    annual_cost: 20.12651433140331
    efficiency: 0.722559
    discharge_ratio: 5
    depth_of_discharge: 0.5
  VRBF:
    cost: 186.725
    lifetime: 26.3606
    annual_cost: 7.083488236231345
    efficiency: 0.740028
    discharge_ratio: 0.5
    depth_of_discharge: 1.0
