cost_values:
  wind_capex: 5000.0
  wind_opex: 100
  wind_lifetime: 20
  solar_capex: 1000.0
  solar_opex: 10
  solar_lifetime: 20
  carbon_price: 1.0
timeseries_values:
  load_level: 253676.44709054328
  wind_year: 2012
  solar_year: 2014
  price_year: 2023
  carbon_year: 2023
storage_values:
  CAES:
    cost: 75.1266
    lifetime: 26.538
    annual_cost: 2.830906624463034
    efficiency: 0.612293
    discharge_ratio: 0.1
    depth_of_discharge: 0.4
  Li-ion:
    cost: 177.686
    lifetime: 20.1886
    annual_cost: 8.80130370605193
    efficiency: 0.869458
    discharge_ratio: 2
    depth_of_discharge: 0.9
  Pb-acid:
    cost: 169.213
    lifetime: 8.31768
    annual_cost: 20.34377374460186
    efficiency: 0.730392
    discharge_ratio: 5
    depth_of_discharge: 0.5
  VRBF:
    cost: 167.319
    lifetime: 25.6949
    annual_cost: 6.511759142864926
    efficiency: 0.735451
    discharge_ratio: 0.5
    depth_of_discharge: 1.0
