cost_values:
  wind_capex: 5000.0
  wind_opex: 100
  wind_lifetime: 20
  solar_capex: 1000.0
  solar_opex: 10
  solar_lifetime: 20
  carbon_price: 1.0
timeseries_values:
  load_level: 253676.44709054328
  wind_year: 2012
  solar_year: 2014
  price_year: 2023
  carbon_year: 2023
storage_values:
  CAES:
    cost: 63.3361
    lifetime: 27.9259
    annual_cost: 2.268005686477428
    efficiency: 0.626706
    discharge_ratio: 0.1
    depth_of_discharge: 0.4
  Li-ion:
    cost: 178.63
    lifetime: 18.1945
    annual_cost: 9.817802083047074
    efficiency: 0.885181
    discharge_ratio: 2
    depth_of_discharge: 0.9
  Pb-acid:
    cost: 166.21
    lifetime: 9.02817
    annual_cost: 18.410153995771015
    efficiency: 0.730124
    discharge_ratio: 5
    depth_of_discharge: 0.5
  VRBF:
    cost: 202.975
    lifetime: 27.155
    annual_cost: 7.474682378935738
    efficiency: 0.750691
    discharge_ratio: 0.5
    depth_of_discharge: 1.0
