cost_values:
  wind_capex: 5000.0
  wind_opex: 100
  wind_lifetime: 20
  solar_capex: 1000.0
  solar_opex: 10
  solar_lifetime: 20
  carbon_price: 1.0
timeseries_values:
  load_level: 259495.22321838085
  wind_year: 2012
  solar_year: 2012
  price_year: 2023
  carbon_year: 2023
storage_values:
  CAES:
    cost: 49.2531
    lifetime: 26.4446
    annual_cost: 1.8625012289843674
    efficiency: 0.590629
    discharge_ratio: 0.1
    depth_of_discharge: 0.4
  Li-ion:
    cost: 199.031
    lifetime: 27.2183
    annual_cost: 7.312396439160418
    efficiency: 0.893492
    discharge_ratio: 2
    depth_of_discharge: 0.9
  Pb-acid:
    cost: 211.989
    lifetime: 9.59476
    annual_cost: 22.094247276638498
    efficiency: 0.718382
    discharge_ratio: 5
    depth_of_discharge: 0.5
  VRBF:
    cost: 219.886
    lifetime: 18.5324
    annual_cost: 11.864950033454923
    efficiency: 0.721109
    discharge_ratio: 0.5
    depth_of_discharge: 1.0
