cost_values:
  wind_capex: 5000.0
  wind_opex: 100
  wind_lifetime: 20
  solar_capex: 1000.0
  solar_opex: 10
  solar_lifetime: 20
  carbon_price: 1.0
timeseries_values:
  load_level: 259495.22321838085
  wind_year: 2012
  solar_year: 2012
  price_year: 2023
  carbon_year: 2023
storage_values:
  CAES:
    cost: 47.5525
    lifetime: 26.2058
    annual_cost: 1.8145792152882187
    efficiency: 0.584457
    discharge_ratio: 0.1
    depth_of_discharge: 0.4
  Li-ion:
    cost: 212.518
    lifetime: 25.1785
    annual_cost: 8.440455150227377
    efficiency: 0.894348
    discharge_ratio: 2
    depth_of_discharge: 0.9
  Pb-acid:
    cost: 207.285
    lifetime: 11.4402
    annual_cost: 18.11900141605916
    efficiency: 0.731483
    discharge_ratio: 5
    depth_of_discharge: 0.5
  VRBF:
    cost: 193.243
    lifetime: 18.808
    annual_cost: 10.27451084644832
    efficiency: 0.749361
    discharge_ratio: 0.5
    depth_of_discharge: 1.0
