cost_values:
  wind_capex: 5000.0
  wind_opex: 100
  wind_lifetime: 20
  solar_capex: 1000.0
  solar_opex: 10
  solar_lifetime: 20
  carbon_price: 1.0
timeseries_values:
  load_level: 259495.22321838085
  wind_year: 2012
  solar_year: 2012
  price_year: 2023
  carbon_year: 2023
storage_values:
  CAES:
    cost: 42.4468
    lifetime: 26.7538
    annual_cost: 1.5865708796507414
    efficiency: 0.597102
    discharge_ratio: 0.1
    depth_of_discharge: 0.4
  Li-ion:
    cost: 203.511
    lifetime: 23.9894
    annual_cost: 8.483371822554961
    efficiency: 0.890295
    discharge_ratio: 2
    depth_of_discharge: 0.9
  Pb-acid:
    cost: 190.26
    lifetime: 11.1141
    annual_cost: 17.118795044133126
    efficiency: 0.717048
    discharge_ratio: 5
    depth_of_discharge: 0.5
  VRBF:
    cost: 212.472
    lifetime: 20.2961
    annual_cost: 10.468612196431827
    efficiency: 0.736756
    discharge_ratio: 0.5
    depth_of_discharge: 1.0
