cost_values:
  wind_capex: 5000.0
  wind_opex: 100
  wind_lifetime: 20
  solar_capex: 1000.0
  solar_opex: 10
  solar_lifetime: 20
  carbon_price: 1.0
timeseries_values:
  load_level: 259495.22321838085
  wind_year: 2012
  solar_year: 2012
  price_year: 2023
  carbon_year: 2023
storage_values:
  CAES:
    cost: 45.0956
    lifetime: 25.957
    annual_cost: 1.7373194128751395
    efficiency: 0.59625
    discharge_ratio: 0.1
    depth_of_discharge: 0.4
  Li-ion:
    cost: 202.148
    lifetime: 25.5304
    annual_cost: 7.917933130699088
    efficiency: 0.905664
    discharge_ratio: 2
    depth_of_discharge: 0.9
  Pb-acid:
    cost: 201.694
    lifetime: 11.608
    annual_cost: 17.375430737422466
    efficiency: 0.739203
    discharge_ratio: 5
    depth_of_discharge: 0.5
  VRBF:
    cost: 218.603
    lifetime: 18.3149
    annual_cost: 11.935800905273847
    efficiency: 0.738878
    discharge_ratio: 0.5
    depth_of_discharge: 1.0
