cost_values:
  wind_capex: 5000.0
  wind_opex: 100
  wind_lifetime: 20
  solar_capex: 1000.0
  solar_opex: 10
  solar_lifetime: 20
  carbon_price: 1.0
timeseries_values:
  load_level: 259495.22321838085
  wind_year: 2012
  solar_year: 2012
  price_year: 2023
  carbon_year: 2023
storage_values:
  CAES:
    cost: 44.0844
    lifetime: 25.1964
    annual_cost: 1.7496308996523313
    efficiency: 0.590272
    discharge_ratio: 0.1
    depth_of_discharge: 0.4
  Li-ion:
    cost: 186.841
    lifetime: 24.9613
    annual_cost: 7.485227131599716
    efficiency: 0.885577
    discharge_ratio: 2
    depth_of_discharge: 0.9
  Pb-acid:
    cost: 193.87
    lifetime: 12.1953
    annual_cost: 15.897107902224628
    efficiency: 0.731392
    discharge_ratio: 5
    depth_of_discharge: 0.5
  VRBF:
    cost: 207.797
    lifetime: 18.7556
    annual_cost: 11.07919767962635
    efficiency: 0.718241
    discharge_ratio: 0.5
    depth_of_discharge: 1.0
