cost_values:
  wind_capex: 5000.0
  wind_opex: 100
  wind_lifetime: 20
  solar_capex: 1000.0
  solar_opex: 10
  solar_lifetime: 20
  carbon_price: 1.0
timeseries_values:
  load_level: 259495.22321838085
  wind_year: 2012
  solar_year: 2012
  price_year: 2023
  carbon_year: 2023
storage_values:
  CAES:
    cost: 46.9224
    lifetime: 25.5544
    annual_cost: 1.8361769401746861
    efficiency: 0.583329
    discharge_ratio: 0.1
    depth_of_discharge: 0.4
  Li-ion:
    cost: 210.285
    lifetime: 24.3059
    annual_cost: 8.65160310871023
    efficiency: 0.897818
    discharge_ratio: 2
    depth_of_discharge: 0.9
  Pb-acid:
    cost: 208.446
    lifetime: 11.9886
    annual_cost: 17.387017666783443
    efficiency: 0.72686
    discharge_ratio: 5
    depth_of_discharge: 0.5
  VRBF:
    cost: 213.968
    lifetime: 16.885
    annual_cost: 12.672075806929225
    efficiency: 0.742371
    discharge_ratio: 0.5
    depth_of_discharge: 1.0
