cost_values:
  wind_capex: 5000.0
  wind_opex: 100
  wind_lifetime: 20
  solar_capex: 1000.0
  solar_opex: 10
  solar_lifetime: 20
  carbon_price: 1.0
timeseries_values:
  load_level: 259495.22321838085
  wind_year: 2012
  solar_year: 2012
  price_year: 2023
  carbon_year: 2023
storage_values:
  CAES:
    cost: 52.6415
    lifetime: 26.2186
    annual_cost: 2.007792178072056
    efficiency: 0.579566
    discharge_ratio: 0.1
    depth_of_discharge: 0.4
  Li-ion:
    cost: 215.137
    lifetime: 24.3915
    annual_cost: 8.820162761617777
    efficiency: 0.894824
    discharge_ratio: 2
    depth_of_discharge: 0.9
  Pb-acid:
    cost: 208.057
    lifetime: 10.5576
    annual_cost: 19.70684625293627
    efficiency: 0.731873
    discharge_ratio: 5
    depth_of_discharge: 0.5
  VRBF:
    cost: 227.166
    lifetime: 21.3918
    annual_cost: 10.61930272347348
    efficiency: 0.729616
    discharge_ratio: 0.5
    depth_of_discharge: 1.0
