cost_values:
  wind_capex: 5000.0
  wind_opex: 100
  wind_lifetime: 20
  solar_capex: 1000.0
  solar_opex: 10
  solar_lifetime: 20
  carbon_price: 1.0
timeseries_values:
  load_level: 259495.22321838085
  wind_year: 2012
  solar_year: 2012
  price_year: 2023
  carbon_year: 2023
storage_values:
  CAES:
    cost: 49.5178
    lifetime: 25.7205
    annual_cost: 1.925226959040454
    efficiency: 0.590235
    discharge_ratio: 0.1
    depth_of_discharge: 0.4
  Li-ion:
    cost: 228.639
    lifetime: 27.4968
    annual_cost: 8.315113031334555
    efficiency: 0.897526
    discharge_ratio: 2
    depth_of_discharge: 0.9
  Pb-acid:
    cost: 202.478
    lifetime: 9.40563
    annual_cost: 21.527319275795456
    efficiency: 0.739859
    discharge_ratio: 5
    depth_of_discharge: 0.5
  VRBF:
    cost: 200.1
    lifetime: 19.4979
    annual_cost: 10.262643669318233
    efficiency: 0.738639
    discharge_ratio: 0.5
    depth_of_discharge: 1.0
