cost_values:
  wind_capex: 5000.0
  wind_opex: 100
  wind_lifetime: 20
  solar_capex: 1000.0
  solar_opex: 10
  solar_lifetime: 20
  carbon_price: 1.0
timeseries_values:
  load_level: 259495.22321838085
  wind_year: 2012
  solar_year: 2012
  price_year: 2023
  carbon_year: 2023
storage_values:
  CAES:
    cost: 52.1356
    lifetime: 26.2533
    annual_cost: 1.9858684432052351
    efficiency: 0.59156
    discharge_ratio: 0.1
    depth_of_discharge: 0.4
  Li-ion:
    cost: 206.726
    lifetime: 26.4228
    annual_cost: 7.823773407814463
    efficiency: 0.897806
    discharge_ratio: 2
    depth_of_discharge: 0.9
  Pb-acid:
    cost: 185.207
    lifetime: 13.505
    annual_cost: 13.713957793409847
    efficiency: 0.722047
    discharge_ratio: 5
    depth_of_discharge: 0.5
  VRBF:
    cost: 196.175
    lifetime: 19.5565
    annual_cost: 10.031191675402042
    efficiency: 0.750745
    discharge_ratio: 0.5
    depth_of_discharge: 1.0
