cost_values:
  wind_capex: 5000.0
  wind_opex: 100
  wind_lifetime: 20
  solar_capex: 1000.0
  solar_opex: 10
  solar_lifetime: 20
  carbon_price: 1.0
timeseries_values:
  load_level: 259495.22321838085
  wind_year: 2012
  solar_year: 2012
  price_year: 2023
  carbon_year: 2023
storage_values:
  CAES:
    cost: 42.5965
    lifetime: 26.2537
    annual_cost: 1.6224951149742703
    efficiency: 0.589982
    discharge_ratio: 0.1
    depth_of_discharge: 0.4
  Li-ion:
    cost: 210.028
    lifetime: 26.0185
    annual_cost: 8.072256279185964
    efficiency: 0.877612
    discharge_ratio: 2
    depth_of_discharge: 0.9
  Pb-acid:
    cost: 206.541
    lifetime: 11.3714
    annual_cost: 18.163198902509805
    efficiency: 0.725923
    discharge_ratio: 5
    depth_of_discharge: 0.5
  VRBF:
    cost: 239.995
    lifetime: 17.4034
    annual_cost: 13.790121470517255
    efficiency: 0.718824
    discharge_ratio: 0.5
    depth_of_discharge: 1.0
