cost_values:
  wind_capex: 5000.0
  wind_opex: 100
  wind_lifetime: 20
  solar_capex: 1000.0
  solar_opex: 10
  solar_lifetime: 20
  carbon_price: 1.0
timeseries_values:
  load_level: 259495.22321838085
  wind_year: 2012
  solar_year: 2012
  price_year: 2023
  carbon_year: 2023
storage_values:
  CAES:
    cost: 41.6722
    lifetime: 24.746
    annual_cost: 1.68399741372343
    efficiency: 0.592823
    discharge_ratio: 0.1
    depth_of_discharge: 0.4
  Li-ion:
    cost: 185.301
    lifetime: 24.384
    annual_cost: 7.599286417322834
    efficiency: 0.909031
    discharge_ratio: 2
    depth_of_discharge: 0.9
  Pb-acid:
    cost: 209.837
    lifetime: 9.7409
    annual_cost: 21.541849315771643
    efficiency: 0.735236
    discharge_ratio: 5
    depth_of_discharge: 0.5
  VRBF:
    cost: 204.325
    lifetime: 18.7479
    annual_cost: 10.898553971378126
    efficiency: 0.751748
    discharge_ratio: 0.5
    depth_of_discharge: 1.0
