cost_values:
  wind_capex: 5000.0
  wind_opex: 100
  wind_lifetime: 20
  solar_capex: 1000.0
  solar_opex: 10
  solar_lifetime: 20
  carbon_price: 1.0
timeseries_values:
  load_level: 259495.22321838085
  wind_year: 2012
  solar_year: 2012
  price_year: 2023
  carbon_year: 2023
storage_values:
  CAES:
    cost: 45.6525
    lifetime: 26.3377
    annual_cost: 1.7333518112819266
    efficiency: 0.592331
    discharge_ratio: 0.1
    depth_of_discharge: 0.4
  Li-ion:
    cost: 199.238
    lifetime: 26.8206
    annual_cost: 7.428543731311008
    efficiency: 0.908497
    discharge_ratio: 2
    depth_of_discharge: 0.9
  Pb-acid:
    cost: 220.617
    lifetime: 12.9539
    annual_cost: 17.030932769281836
    efficiency: 0.733895
    discharge_ratio: 5
    depth_of_discharge: 0.5
  VRBF:
    cost: 219.566
    lifetime: 18.1353
    annual_cost: 12.10710603077975
    efficiency: 0.753857
    discharge_ratio: 0.5
    depth_of_discharge: 1.0
