cost_values:
  wind_capex: 5000.0
  wind_opex: 100
  wind_lifetime: 20
  solar_capex: 1000.0
  solar_opex: 10
  solar_lifetime: 20
  carbon_price: 1.0
timeseries_values:
  load_level: 259495.22321838085
  wind_year: 2012
  solar_year: 2012
  price_year: 2023
  carbon_year: 2023
storage_values:
  CAES:
    cost: 48.4083
    lifetime: 25.9805
    annual_cost: 1.8632551336579357
    efficiency: 0.589493
    discharge_ratio: 0.1
    depth_of_discharge: 0.4
  Li-ion:
    cost: 213.424
    lifetime: 23.8477
    annual_cost: 8.949458438339967
    efficiency: 0.90905
    discharge_ratio: 2
    depth_of_discharge: 0.9
  Pb-acid:
    cost: 215.74
    lifetime: 11.2775
    annual_cost: 19.130126357792065
    efficiency: 0.742895
    discharge_ratio: 5
    depth_of_discharge: 0.5
  VRBF:
    cost: 228.421
    lifetime: 19.1104
    annual_cost: 11.952706379772271
    efficiency: 0.750418
    discharge_ratio: 0.5
    depth_of_discharge: 1.0
