cost_values:
  wind_capex: 5000.0
  wind_opex: 100
  wind_lifetime: 20
  solar_capex: 1000.0
  solar_opex: 10
  solar_lifetime: 20
  carbon_price: 1.0
timeseries_values:
  load_level: 259495.22321838085
  wind_year: 2012
  solar_year: 2012
  price_year: 2023
  carbon_year: 2023
storage_values:
  CAES:
    cost: 46.0784
    lifetime: 26.0324
    annual_cost: 1.7700404111799144
    efficiency: 0.592168
    discharge_ratio: 0.1
    depth_of_discharge: 0.4
  Li-ion:
    cost: 233.822
    lifetime: 24.2047
    annual_cost: 9.660189963106339
    efficiency: 0.913183
    discharge_ratio: 2
    depth_of_discharge: 0.9
  Pb-acid:
    cost: 208.092
    lifetime: 10.8085
    annual_cost: 19.252625248646897
    efficiency: 0.720642
    discharge_ratio: 5
    depth_of_discharge: 0.5
  VRBF:
    cost: 261.624
    lifetime: 18.7167
    annual_cost: 13.97810511468368
    efficiency: 0.747837
    discharge_ratio: 0.5
    depth_of_discharge: 1.0
