cost_values:
  wind_capex: 5000.0
  wind_opex: 100
  wind_lifetime: 20
  solar_capex: 1000.0
  solar_opex: 10
  solar_lifetime: 20
  carbon_price: 1.0
timeseries_values:
  load_level: 259495.22321838085
  wind_year: 2012
  solar_year: 2012
  price_year: 2023
  carbon_year: 2023
storage_values:
  CAES:
    cost: 41.009
    lifetime: 24.1959
    annual_cost: 1.6948739249211642
    efficiency: 0.58105
    discharge_ratio: 0.1
    depth_of_discharge: 0.4
  Li-ion:
    cost: 218.0
    lifetime: 25.1042
    annual_cost: 8.683805897021216
    efficiency: 0.890391
    discharge_ratio: 2
    depth_of_discharge: 0.9
  Pb-acid:
    cost: 189.486
    lifetime: 10.9724
    annual_cost: 17.269330319711273
    efficiency: 0.72823
    discharge_ratio: 5
    depth_of_discharge: 0.5
  VRBF:
    cost: 192.215
    lifetime: 19.8984
    annual_cost: 9.659821895227758
    efficiency: 0.734804
    discharge_ratio: 0.5
    depth_of_discharge: 1.0
