cost_values:
  wind_capex: 5000.0
  wind_opex: 100
  wind_lifetime: 20
  solar_capex: 1000.0
  solar_opex: 10
  solar_lifetime: 20
  carbon_price: 1.0
timeseries_values:
  load_level: 259495.22321838085
  wind_year: 2012
  solar_year: 2012
  price_year: 2023
  carbon_year: 2023
storage_values:
  CAES:
    cost: 41.8878
    lifetime: 24.7521
    annual_cost: 1.6922927751584715
    efficiency: 0.595749
    discharge_ratio: 0.1
    depth_of_discharge: 0.4
  Li-ion:
    cost: 211.546
    lifetime: 25.0073
    annual_cost: 8.459369863999711
    efficiency: 0.898515
    discharge_ratio: 2
    depth_of_discharge: 0.9
  Pb-acid:
    cost: 227.144
    lifetime: 10.6959
    annual_cost: 21.236548584036875
    efficiency: 0.73236
    discharge_ratio: 5
    depth_of_discharge: 0.5
  VRBF:
    cost: 207.806
    lifetime: 20.2142
    annual_cost: 10.280199067981913
    efficiency: 0.733076
    discharge_ratio: 0.5
    depth_of_discharge: 1.0
