cost_values:
  wind_capex: 5000.0
  wind_opex: 100
  wind_lifetime: 20
  solar_capex: 1000.0
  solar_opex: 10
  solar_lifetime: 20
  carbon_price: 1.0
timeseries_values:
  load_level: 259495.22321838085
  wind_year: 2012
  solar_year: 2012
  price_year: 2023
  carbon_year: 2023
storage_values:
  CAES:
    cost: 49.4936
    lifetime: 25.0411
    annual_cost: 1.976494642807225
    efficiency: 0.599504
    discharge_ratio: 0.1
    depth_of_discharge: 0.4
  Li-ion:
    cost: 184.42
    lifetime: 24.5213
    annual_cost: 7.520808440009297
    efficiency: 0.907308
    discharge_ratio: 2
    depth_of_discharge: 0.9
  Pb-acid:
    cost: 191.757
    lifetime: 10.7105
    annual_cost: 17.903645954904068
    efficiency: 0.726029
    discharge_ratio: 5
    depth_of_discharge: 0.5
  VRBF:
    cost: 187.466
    lifetime: 20.8548
    annual_cost: 8.98910562556342
    efficiency: 0.739625
    discharge_ratio: 0.5
    depth_of_discharge: 1.0
