cost_values:
  wind_capex: 5000.0
  wind_opex: 100
  wind_lifetime: 20
  solar_capex: 1000.0
  solar_opex: 10
  solar_lifetime: 20
  carbon_price: 1.0
timeseries_values:
  load_level: 259495.22321838085
  wind_year: 2012
  solar_year: 2012
  price_year: 2023
  carbon_year: 2023
storage_values:
  CAES:
    cost: 43.5872
    lifetime: 26.7746
    annual_cost: 1.6279309494819718
    efficiency: 0.584045
    discharge_ratio: 0.1
    depth_of_discharge: 0.4
  Li-ion:
    cost: 210.704
    lifetime: 24.408
    annual_cost: 8.632579482137004
    efficiency: 0.89957
    discharge_ratio: 2
    depth_of_discharge: 0.9
  Pb-acid:
    cost: 197.336
    lifetime: 11.7418
    annual_cost: 16.806281830724423
    efficiency: 0.744106
    discharge_ratio: 5
    depth_of_discharge: 0.5
  VRBF:
    cost: 200.89
    lifetime: 19.6392
    annual_cost: 10.22903173245346
    efficiency: 0.739322
    discharge_ratio: 0.5
    depth_of_discharge: 1.0
