cost_values:
  wind_capex: 5000.0
  wind_opex: 100
  wind_lifetime: 20
  solar_capex: 1000.0
  solar_opex: 10
  solar_lifetime: 20
  carbon_price: 1.0
timeseries_values:
  load_level: 259495.22321838085
  wind_year: 2012
  solar_year: 2012
  price_year: 2023
  carbon_year: 2023
storage_values:
  CAES:
    cost: 43.7855
    lifetime: 25.4654
    annual_cost: 1.7194114366944953
    efficiency: 0.592229
    discharge_ratio: 0.1
    depth_of_discharge: 0.4
  Li-ion:
    cost: 224.002
    lifetime: 25.5496
    annual_cost: 8.767338823308387
    efficiency: 0.886398
    discharge_ratio: 2
    depth_of_discharge: 0.9
  Pb-acid:
    cost: 195.002
    lifetime: 10.6541
    annual_cost: 18.303000722726463
    efficiency: 0.734596
    discharge_ratio: 5
    depth_of_discharge: 0.5
  VRBF:
    cost: 229.432
    lifetime: 18.7772
    annual_cost: 12.218648147753658
    efficiency: 0.741536
    discharge_ratio: 0.5
    depth_of_discharge: 1.0
