cost_values:
  wind_capex: 5000.0
  wind_opex: 100
  wind_lifetime: 20
  solar_capex: 1000.0
  solar_opex: 10
  solar_lifetime: 20
  carbon_price: 1.0
timeseries_values:
  load_level: 259495.22321838085
  wind_year: 2012
  solar_year: 2012
  price_year: 2023
  carbon_year: 2023
storage_values:
  CAES:
    cost: 43.4371
    lifetime: 24.6222
    annual_cost: 1.7641437402019318
    efficiency: 0.59045
    discharge_ratio: 0.1
    depth_of_discharge: 0.4
  Li-ion:
    cost: 225.411
    lifetime: 26.9342
    annual_cost: 8.368950999101514
    efficiency: 0.877258
    discharge_ratio: 2
    depth_of_discharge: 0.9
  Pb-acid:
    cost: 205.79
    lifetime: 11.0413
    annual_cost: 18.63820383469338
    efficiency: 0.746632
    discharge_ratio: 5
    depth_of_discharge: 0.5
  VRBF:
    cost: 184.86
    lifetime: 17.9463
    annual_cost: 10.30073051269621
    efficiency: 0.741977
    discharge_ratio: 0.5
    depth_of_discharge: 1.0
