cost_values:
  wind_capex: 5000.0
  wind_opex: 100
  wind_lifetime: 20
  solar_capex: 1000.0
  solar_opex: 10
  solar_lifetime: 20
  carbon_price: 1.0
timeseries_values:
  load_level: 259495.22321838085
  wind_year: 2012
  solar_year: 2012
  price_year: 2023
  carbon_year: 2023
storage_values:
  CAES:
    cost: 50.5487
    lifetime: 26.6677
    annual_cost: 1.8955027992665283
    efficiency: 0.595711
    discharge_ratio: 0.1
    depth_of_discharge: 0.4
  Li-ion:
    cost: 193.197
    lifetime: 24.3173
    annual_cost: 7.944837625887743
    efficiency: 0.898095
    discharge_ratio: 2
    depth_of_discharge: 0.9
  Pb-acid:
    cost: 200.938
    lifetime: 10.525
    annual_cost: 19.09149643705463
    efficiency: 0.740258
    discharge_ratio: 5
    depth_of_discharge: 0.5
  VRBF:
    cost: 213.449
    lifetime: 18.5883
    annual_cost: 11.482975850400521
    efficiency: 0.74795
    discharge_ratio: 0.5
    depth_of_discharge: 1.0
