cost_values:
  wind_capex: 5000.0
  wind_opex: 100
  wind_lifetime: 20
  solar_capex: 1000.0
  solar_opex: 10
  solar_lifetime: 20
  carbon_price: 1.0
timeseries_values:
  load_level: 259495.22321838085
  wind_year: 2012
  solar_year: 2012
  price_year: 2023
  carbon_year: 2023
storage_values:
  CAES:
    cost: 49.7589
    lifetime: 25.7835
    annual_cost: 1.9298737564721624
    efficiency: 0.591033
    discharge_ratio: 0.1
    depth_of_discharge: 0.4
  Li-ion:
    cost: 211.5
    lifetime: 26.5315
    annual_cost: 7.971656333038086
    efficiency: 0.896022
    discharge_ratio: 2
    depth_of_discharge: 0.9
  Pb-acid:
    cost: 193.388
    lifetime: 12.0841
    annual_cost: 16.003508742893555
    efficiency: 0.729917
    discharge_ratio: 5
    depth_of_discharge: 0.5
  VRBF:
    cost: 195.56
    lifetime: 20.2566
    annual_cost: 9.654137416940651
    efficiency: 0.742136
    discharge_ratio: 0.5
    depth_of_discharge: 1.0
