cost_values:
  wind_capex: 5000.0
  wind_opex: 100
  wind_lifetime: 20
  solar_capex: 1000.0
  solar_opex: 10
  solar_lifetime: 20
  carbon_price: 1.0
timeseries_values:
  load_level: 259495.22321838085
  wind_year: 2012
  solar_year: 2012
  price_year: 2023
  carbon_year: 2023
storage_values:
  CAES:
    cost: 49.5922
    lifetime: 24.6445
    annual_cost: 2.012302947919414
    efficiency: 0.59806
    discharge_ratio: 0.1
    depth_of_discharge: 0.4
  Li-ion:
    cost: 207.623
    lifetime: 27.5357
    annual_cost: 7.540138801628432
    efficiency: 0.885469
    discharge_ratio: 2
    depth_of_discharge: 0.9
  Pb-acid:
    cost: 194.84
    lifetime: 10.0897
    annual_cost: 19.310782282922187
    efficiency: 0.717975
    discharge_ratio: 5
    depth_of_discharge: 0.5
  VRBF:
    cost: 184.489
    lifetime: 19.8113
    annual_cost: 9.31231166051698
    efficiency: 0.733273
    discharge_ratio: 0.5
    depth_of_discharge: 1.0
