cost_values:
  wind_capex: 5000.0
  wind_opex: 100
  wind_lifetime: 20
  solar_capex: 1000.0
  solar_opex: 10
  solar_lifetime: 20
  carbon_price: 1.0
timeseries_values:
  load_level: 259495.22321838085
  wind_year: 2012
  solar_year: 2012
  price_year: 2023
  carbon_year: 2023
storage_values:
  CAES:
    cost: 44.582
    lifetime: 25.7775
    annual_cost: 1.729492774706624
    efficiency: 0.588272
    discharge_ratio: 0.1
    depth_of_discharge: 0.4
  Li-ion:
    cost: 219.609
    lifetime: 26.8513
    annual_cost: 8.17871015556044
    efficiency: 0.887569
    discharge_ratio: 2
    depth_of_discharge: 0.9
  Pb-acid:
    cost: 191.847
    lifetime: 11.4387
    annual_cost: 16.771748537858322
    efficiency: 0.732019
    discharge_ratio: 5
    depth_of_discharge: 0.5
  VRBF:
    cost: 218.886
    lifetime: 18.5816
    annual_cost: 11.779717570069314
    efficiency: 0.759412
    discharge_ratio: 0.5
    depth_of_discharge: 1.0
