cost_values:
  wind_capex: 5000.0
  wind_opex: 100
  wind_lifetime: 20
  solar_capex: 1000.0
  solar_opex: 10
  solar_lifetime: 20
  carbon_price: 1.0
timeseries_values:
  load_level: 259495.22321838085
  wind_year: 2012
  solar_year: 2012
  price_year: 2023
  carbon_year: 2023
storage_values:
  CAES:
    cost: 52.3366
    lifetime: 25.6817
    annual_cost: 2.0378946876569697
    efficiency: 0.577563
    discharge_ratio: 0.1
    depth_of_discharge: 0.4
  Li-ion:
    cost: 199.809
    lifetime: 25.4226
    annual_cost: 7.8595029619315095
    efficiency: 0.904192
    discharge_ratio: 2
    depth_of_discharge: 0.9
  Pb-acid:
    cost: 178.594
    lifetime: 11.863
    annual_cost: 15.054707915367107
    efficiency: 0.735481
    discharge_ratio: 5
    depth_of_discharge: 0.5
  VRBF:
    cost: 200.377
    lifetime: 18.9338
    annual_cost: 10.58303140415553
    efficiency: 0.729262
    discharge_ratio: 0.5
    depth_of_discharge: 1.0
