cost_values:
  wind_capex: 5000.0
  wind_opex: 100
  wind_lifetime: 20
  solar_capex: 1000.0
  solar_opex: 10
  solar_lifetime: 20
  carbon_price: 1.0
timeseries_values:
  load_level: 259495.22321838085
  wind_year: 2012
  solar_year: 2012
  price_year: 2023
  carbon_year: 2023
storage_values:
  CAES:
    cost: 49.9986
    lifetime: 25.6963
    annual_cost: 1.945750944688535
    efficiency: 0.593351
    discharge_ratio: 0.1
    depth_of_discharge: 0.4
  Li-ion:
    cost: 213.773
    lifetime: 26.8711
    annual_cost: 7.955498658409965
    efficiency: 0.890774
    discharge_ratio: 2
    depth_of_discharge: 0.9
  Pb-acid:
    cost: 188.538
    lifetime: 11.5693
    annual_cost: 16.29640514119264
    efficiency: 0.727055
    discharge_ratio: 5
    depth_of_discharge: 0.5
  VRBF:
    cost: 221.772
    lifetime: 18.4425
    annual_cost: 12.025050833672225
    efficiency: 0.721664
    discharge_ratio: 0.5
    depth_of_discharge: 1.0
