cost_values:
  wind_capex: 5000.0
  wind_opex: 100
  wind_lifetime: 20
  solar_capex: 1000.0
  solar_opex: 10
  solar_lifetime: 20
  carbon_price: 1.0
timeseries_values:
  load_level: 259495.22321838085
  wind_year: 2012
  solar_year: 2012
  price_year: 2023
  carbon_year: 2023
storage_values:
  CAES:
    cost: 51.6864
    lifetime: 25.9598
    annual_cost: 1.9910168799451458
    efficiency: 0.601141
    discharge_ratio: 0.1
    depth_of_discharge: 0.4
  Li-ion:
    cost: 190.36
    lifetime: 24.9808
    annual_cost: 7.620252353807725
    efficiency: 0.897936
    discharge_ratio: 2
    depth_of_discharge: 0.9
  Pb-acid:
    cost: 187.844
    lifetime: 12.0981
    annual_cost: 15.52673560311123
    efficiency: 0.720926
    discharge_ratio: 5
    depth_of_discharge: 0.5
  VRBF:
    cost: 194.597
    lifetime: 18.9532
    annual_cost: 10.267237194774498
    efficiency: 0.735336
    discharge_ratio: 0.5
    depth_of_discharge: 1.0
