cost_values:
  wind_capex: 5000.0
  wind_opex: 100
  wind_lifetime: 20
  solar_capex: 1000.0
  solar_opex: 10
  solar_lifetime: 20
  carbon_price: 1.0
timeseries_values:
  load_level: 259495.22321838085
  wind_year: 2012
  solar_year: 2012
  price_year: 2023
  carbon_year: 2023
storage_values:
  CAES:
    cost: 39.8299
    lifetime: 24.7898
    annual_cost: 1.6067051771293033
    efficiency: 0.592139
    discharge_ratio: 0.1
    depth_of_discharge: 0.4
  Li-ion:
    cost: 199.72
    lifetime: 23.9417
    annual_cost: 8.341930606431456
    efficiency: 0.882272
    discharge_ratio: 2
    depth_of_discharge: 0.9
  Pb-acid:
    cost: 223.666
    lifetime: 13.3959
    annual_cost: 16.696601198874284
    efficiency: 0.73363
    discharge_ratio: 5
    depth_of_discharge: 0.5
  VRBF:
    cost: 187.32
    lifetime: 18.305
    annual_cost: 10.233269598470363
    efficiency: 0.735587
    discharge_ratio: 0.5
    depth_of_discharge: 1.0
