cost_values:
  wind_capex: 5000.0
  wind_opex: 100
  wind_lifetime: 20
  solar_capex: 1000.0
  solar_opex: 10
  solar_lifetime: 20
  carbon_price: 1.0
timeseries_values:
  load_level: 259495.22321838085
  wind_year: 2012
  solar_year: 2012
  price_year: 2023
  carbon_year: 2023
storage_values:
  CAES:
    cost: 52.1123
    lifetime: 25.7617
    annual_cost: 2.022859516258632
    efficiency: 0.587476
    discharge_ratio: 0.1
    depth_of_discharge: 0.4
  Li-ion:
    cost: 224.253
    lifetime: 26.1492
    annual_cost: 8.57590289569088
    efficiency: 0.886947
    discharge_ratio: 2
    depth_of_discharge: 0.9
  Pb-acid:
    cost: 205.764
    lifetime: 10.612
    annual_cost: 19.389747455710516
    efficiency: 0.707868
    discharge_ratio: 5
    depth_of_discharge: 0.5
  VRBF:
    cost: 185.732
    lifetime: 18.4579
    annual_cost: 10.062466477768327
    efficiency: 0.743112
    discharge_ratio: 0.5
    depth_of_discharge: 1.0
