cost_values:
  wind_capex: 5000.0
  wind_opex: 100
  wind_lifetime: 20
  solar_capex: 1000.0
  solar_opex: 10
  solar_lifetime: 20
  carbon_price: 1.0
timeseries_values:
  load_level: 259495.22321838085
  wind_year: 2012
  solar_year: 2012
  price_year: 2023
  carbon_year: 2023
storage_values:
  CAES:
    cost: 48.334
    lifetime: 26.0298
    annual_cost: 1.8568717393141707
    efficiency: 0.598626
    discharge_ratio: 0.1
    depth_of_discharge: 0.4
  Li-ion:
    cost: 217.181
    lifetime: 25.3515
    annual_cost: 8.566790919669447
    efficiency: 0.914657
    discharge_ratio: 2
    depth_of_discharge: 0.9
  Pb-acid:
    cost: 174.39
    lifetime: 11.7112
    annual_cost: 14.890873693558301
    efficiency: 0.728785
    discharge_ratio: 5
    depth_of_discharge: 0.5
  VRBF:
    cost: 206.956
    lifetime: 18.6117
    annual_cost: 11.11967203425802
    efficiency: 0.74491
    discharge_ratio: 0.5
    depth_of_discharge: 1.0
