cost_values:
  wind_capex: 5000.0
  wind_opex: 100
  wind_lifetime: 20
  solar_capex: 1000.0
  solar_opex: 10
  solar_lifetime: 20
  carbon_price: 1.0
timeseries_values:
  load_level: 259495.22321838085
  wind_year: 2012
  solar_year: 2012
  price_year: 2023
  carbon_year: 2023
storage_values:
  CAES:
    cost: 49.9331
    lifetime: 25.3377
    annual_cost: 1.970703733961646
    efficiency: 0.587272
    discharge_ratio: 0.1
    depth_of_discharge: 0.4
  Li-ion:
    cost: 204.367
    lifetime: 23.8269
    annual_cost: 8.57715439272419
    efficiency: 0.901826
    discharge_ratio: 2
    depth_of_discharge: 0.9
  Pb-acid:
    cost: 202.281
    lifetime: 12.2421
    annual_cost: 16.5233905947509
    efficiency: 0.730115
    discharge_ratio: 5
    depth_of_discharge: 0.5
  VRBF:
    cost: 215.308
    lifetime: 20.9866
    annual_cost: 10.259308320547397
    efficiency: 0.739126
    discharge_ratio: 0.5
    depth_of_discharge: 1.0
