cost_values:
  wind_capex: 5000.0
  wind_opex: 100
  wind_lifetime: 20
  solar_capex: 1000.0
  solar_opex: 10
  solar_lifetime: 20
  carbon_price: 1.0
timeseries_values:
  load_level: 259495.22321838085
  wind_year: 2012
  solar_year: 2012
  price_year: 2023
  carbon_year: 2023
storage_values:
  CAES:
    cost: 45.8958
    lifetime: 26.4112
    annual_cost: 1.737740049675895
    efficiency: 0.578999
    discharge_ratio: 0.1
    depth_of_discharge: 0.4
  Li-ion:
    cost: 204.159
    lifetime: 24.0188
    annual_cost: 8.49996669275734
    efficiency: 0.87795
    discharge_ratio: 2
    depth_of_discharge: 0.9
  Pb-acid:
    cost: 202.411
    lifetime: 11.102
    annual_cost: 18.231940190956585
    efficiency: 0.733346
    discharge_ratio: 5
    depth_of_discharge: 0.5
  VRBF:
    cost: 199.941
    lifetime: 18.1754
    annual_cost: 11.000638225293528
    efficiency: 0.727337
    discharge_ratio: 0.5
    depth_of_discharge: 1.0
