cost_values:
  wind_capex: 5000.0
  wind_opex: 100
  wind_lifetime: 20
  solar_capex: 1000.0
  solar_opex: 10
  solar_lifetime: 20
  carbon_price: 1.0
timeseries_values:
  load_level: 259495.22321838085
  wind_year: 2012
  solar_year: 2012
  price_year: 2023
  carbon_year: 2023
storage_values:
  CAES:
    cost: 47.1097
    lifetime: 25.281
    annual_cost: 1.8634429017839484
    efficiency: 0.584055
    discharge_ratio: 0.1
    depth_of_discharge: 0.4
  Li-ion:
    cost: 215.211
    lifetime: 24.1045
    annual_cost: 8.928249911842187
    efficiency: 0.908314
    discharge_ratio: 2
    depth_of_discharge: 0.9
  Pb-acid:
    cost: 218.389
    lifetime: 10.5988
    annual_cost: 20.605068498320563
    efficiency: 0.717466
    discharge_ratio: 5
    depth_of_discharge: 0.5
  VRBF:
    cost: 204.57
    lifetime: 18.3969
    annual_cost: 11.119808228560247
    efficiency: 0.716078
    discharge_ratio: 0.5
    depth_of_discharge: 1.0
