cost_values:
  wind_capex: 5000.0
  wind_opex: 100
  wind_lifetime: 20
  solar_capex: 1000.0
  solar_opex: 10
  solar_lifetime: 20
  carbon_price: 1.0
timeseries_values:
  load_level: 259495.22321838085
  wind_year: 2012
  solar_year: 2012
  price_year: 2023
  carbon_year: 2023
storage_values:
  CAES:
    cost: 47.2914
    lifetime: 25.4607
    annual_cost: 1.8574273291779098
    efficiency: 0.597962
    discharge_ratio: 0.1
    depth_of_discharge: 0.4
  Li-ion:
    cost: 208.294
    lifetime: 27.2217
    annual_cost: 7.651763115455685
    efficiency: 0.894876
    discharge_ratio: 2
    depth_of_discharge: 0.9
  Pb-acid:
    cost: 216.046
    lifetime: 10.7244
    annual_cost: 20.14527619260751
    efficiency: 0.715945
    discharge_ratio: 5
    depth_of_discharge: 0.5
  VRBF:
    cost: 190.917
    lifetime: 20.4977
    annual_cost: 9.314069383394235
    efficiency: 0.765983
    discharge_ratio: 0.5
    depth_of_discharge: 1.0
