cost_values:
  wind_capex: 5000.0
  wind_opex: 100
  wind_lifetime: 20
  solar_capex: 1000.0
  solar_opex: 10
  solar_lifetime: 20
  carbon_price: 1.0
timeseries_values:
  load_level: 259495.22321838085
  wind_year: 2012
  solar_year: 2012
  price_year: 2023
  carbon_year: 2023
storage_values:
  CAES:
    cost: 42.9105
    lifetime: 25.3023
    annual_cost: 1.6959130197650016
    efficiency: 0.585451
    discharge_ratio: 0.1
    depth_of_discharge: 0.4
  Li-ion:
    cost: 212.852
    lifetime: 23.8287
    annual_cost: 8.932589692261852
    efficiency: 0.895979
    discharge_ratio: 2
    depth_of_discharge: 0.9
  Pb-acid:
    cost: 187.628
    lifetime: 11.3905
    annual_cost: 16.472323427417585
    efficiency: 0.738037
    discharge_ratio: 5
    depth_of_discharge: 0.5
  VRBF:
    cost: 216.009
    lifetime: 19.8138
    annual_cost: 10.90194712775944
    efficiency: 0.715107
    discharge_ratio: 0.5
    depth_of_discharge: 1.0
