cost_values:
  wind_capex: 5000.0
  wind_opex: 100
  wind_lifetime: 20
  solar_capex: 1000.0
  solar_opex: 10
  solar_lifetime: 20
  carbon_price: 1.0
timeseries_values:
  load_level: 259495.22321838085
  wind_year: 2012
  solar_year: 2012
  price_year: 2023
  carbon_year: 2023
storage_values:
  CAES:
    cost: 54.157
    lifetime: 26.2735
    annual_cost: 2.0612784745085353
    efficiency: 0.591472
    discharge_ratio: 0.1
    depth_of_discharge: 0.4
  Li-ion:
    cost: 204.668
    lifetime: 25.9793
    annual_cost: 7.8781183480694255
    efficiency: 0.892075
    discharge_ratio: 2
    depth_of_discharge: 0.9
  Pb-acid:
    cost: 194.325
    lifetime: 11.767
    annual_cost: 16.51440469108524
    efficiency: 0.721197
    discharge_ratio: 5
    depth_of_discharge: 0.5
  VRBF:
    cost: 233.947
    lifetime: 19.7675
    annual_cost: 11.834931073732138
    efficiency: 0.741956
    discharge_ratio: 0.5
    depth_of_discharge: 1.0
