cost_values:
  wind_capex: 5000.0
  wind_opex: 100
  wind_lifetime: 20
  solar_capex: 1000.0
  solar_opex: 10
  solar_lifetime: 20
  carbon_price: 1.0
timeseries_values:
  load_level: 259495.22321838085
  wind_year: 2012
  solar_year: 2012
  price_year: 2023
  carbon_year: 2023
storage_values:
  CAES:
    cost: 43.9672
    lifetime: 25.4216
    annual_cost: 1.7295213519212007
    efficiency: 0.596248
    discharge_ratio: 0.1
    depth_of_discharge: 0.4
  Li-ion:
    cost: 222.617
    lifetime: 24.2143
    annual_cost: 9.193616994916226
    efficiency: 0.898768
    discharge_ratio: 2
    depth_of_discharge: 0.9
  Pb-acid:
    cost: 200.49
    lifetime: 10.9108
    annual_cost: 18.37537119184661
    efficiency: 0.726792
    discharge_ratio: 5
    depth_of_discharge: 0.5
  VRBF:
    cost: 194.193
    lifetime: 18.2636
    annual_cost: 10.632788716353842
    efficiency: 0.744089
    discharge_ratio: 0.5
    depth_of_discharge: 1.0
