cost_values:
  wind_capex: 5000.0
  wind_opex: 100
  wind_lifetime: 20
  solar_capex: 1000.0
  solar_opex: 10
  solar_lifetime: 20
  carbon_price: 1.0
timeseries_values:
  load_level: 259495.22321838085
  wind_year: 2012
  solar_year: 2012
  price_year: 2023
  carbon_year: 2023
storage_values:
  CAES:
    cost: 46.2269
    lifetime: 26.0453
    annual_cost: 1.7748653307890483
    efficiency: 0.597822
    discharge_ratio: 0.1
    depth_of_discharge: 0.4
  Li-ion:
    cost: 215.123
    lifetime: 23.531
    annual_cost: 9.14211040754749
    efficiency: 0.89017
    discharge_ratio: 2
    depth_of_discharge: 0.9
  Pb-acid:
    cost: 196.184
    lifetime: 11.0598
    annual_cost: 17.738476283477098
    efficiency: 0.71891
    discharge_ratio: 5
    depth_of_discharge: 0.5
  VRBF:
    cost: 178.635
    lifetime: 19.4894
    annual_cost: 9.165751639352674
    efficiency: 0.749067
    discharge_ratio: 0.5
    depth_of_discharge: 1.0
