cost_values:
  wind_capex: 5000.0
  wind_opex: 100
  wind_lifetime: 20
  solar_capex: 1000.0
  solar_opex: 10
  solar_lifetime: 20
  carbon_price: 1.0
timeseries_values:
  load_level: 259495.22321838085
  wind_year: 2012
  solar_year: 2012
  price_year: 2023
  carbon_year: 2023
storage_values:
  CAES:
    cost: 42.4954
    lifetime: 26.4938
    annual_cost: 1.6039752696857377
    efficiency: 0.590573
    discharge_ratio: 0.1
    depth_of_discharge: 0.4
  Li-ion:
    cost: 207.388
    lifetime: 23.4795
    annual_cost: 8.832726420920377
    efficiency: 0.897377
    discharge_ratio: 2
    depth_of_discharge: 0.9
  Pb-acid:
    cost: 198.228
    lifetime: 13.2944
    annual_cost: 14.910639066072934
    efficiency: 0.711008
    discharge_ratio: 5
    depth_of_discharge: 0.5
  VRBF:
    cost: 206.619
    lifetime: 17.6798
    annual_cost: 11.686727225421102
    efficiency: 0.724154
    discharge_ratio: 0.5
    depth_of_discharge: 1.0
