cost_values:
  wind_capex: 5000.0
  wind_opex: 100
  wind_lifetime: 20
  solar_capex: 1000.0
  solar_opex: 10
  solar_lifetime: 20
  carbon_price: 1.0
timeseries_values:
  load_level: 259495.22321838085
  wind_year: 2012
  solar_year: 2012
  price_year: 2023
  carbon_year: 2023
storage_values:
  CAES:
    cost: 48.1874
    lifetime: 25.4154
    annual_cost: 1.8959921937093256
    efficiency: 0.587385
    discharge_ratio: 0.1
    depth_of_discharge: 0.4
  Li-ion:
    cost: 192.4
    lifetime: 25.8015
    annual_cost: 7.45693079859698
    efficiency: 0.889726
    discharge_ratio: 2
    depth_of_discharge: 0.9
  Pb-acid:
    cost: 199.301
    lifetime: 12.2127
    annual_cost: 16.319159563405307
    efficiency: 0.729371
    discharge_ratio: 5
    depth_of_discharge: 0.5
  VRBF:
    cost: 207.314
    lifetime: 19.7754
    annual_cost: 10.483428906621358
    efficiency: 0.755841
    discharge_ratio: 0.5
    depth_of_discharge: 1.0
