cost_values:
  wind_capex: 5000.0
  wind_opex: 100
  wind_lifetime: 20
  solar_capex: 1000.0
  solar_opex: 10
  solar_lifetime: 20
  carbon_price: 1.0
timeseries_values:
  load_level: 259495.22321838085
  wind_year: 2012
  solar_year: 2012
  price_year: 2023
  carbon_year: 2023
storage_values:
  CAES:
    cost: 48.3535
    lifetime: 26.4745
    annual_cost: 1.8264178738030934
    efficiency: 0.595244
    discharge_ratio: 0.1
    depth_of_discharge: 0.4
  Li-ion:
    cost: 216.619
    lifetime: 24.0677
    annual_cost: 9.00040302978681
    efficiency: 0.901126
    discharge_ratio: 2
    depth_of_discharge: 0.9
  Pb-acid:
    cost: 219.212
    lifetime: 11.8597
    annual_cost: 18.483772776714417
    efficiency: 0.734724
    discharge_ratio: 5
    depth_of_discharge: 0.5
  VRBF:
    cost: 194.983
    lifetime: 20.4819
    annual_cost: 9.51977111498445
    efficiency: 0.731787
    discharge_ratio: 0.5
    depth_of_discharge: 1.0
