cost_values:
  wind_capex: 5000.0
  wind_opex: 100
  wind_lifetime: 20
  solar_capex: 1000.0
  solar_opex: 10
  solar_lifetime: 20
  carbon_price: 1.0
timeseries_values:
  load_level: 259495.22321838085
  wind_year: 2012
  solar_year: 2012
  price_year: 2023
  carbon_year: 2023
storage_values:
  CAES:
    cost: 50.4467
    lifetime: 26.2949
    annual_cost: 1.918497503318134
    efficiency: 0.593487
    discharge_ratio: 0.1
    depth_of_discharge: 0.4
  Li-ion:
    cost: 222.179
    lifetime: 23.5121
    annual_cost: 9.449560013780138
    efficiency: 0.894937
    discharge_ratio: 2
    depth_of_discharge: 0.9
  Pb-acid:
    cost: 228.885
    lifetime: 12.1418
    annual_cost: 18.850994086544006
    efficiency: 0.735485
    discharge_ratio: 5
    depth_of_discharge: 0.5
  VRBF:
    cost: 196.372
    lifetime: 18.1923
    annual_cost: 10.794237122298997
    efficiency: 0.758283
    discharge_ratio: 0.5
    depth_of_discharge: 1.0
