cost_values:
  wind_capex: 5000.0
  wind_opex: 100
  wind_lifetime: 20
  solar_capex: 1000.0
  solar_opex: 10
  solar_lifetime: 20
  carbon_price: 1.0
timeseries_values:
  load_level: 259495.22321838085
  wind_year: 2012
  solar_year: 2012
  price_year: 2023
  carbon_year: 2023
storage_values:
  CAES:
    cost: 48.0367
    lifetime: 26.1534
    annual_cost: 1.8367286853716918
    efficiency: 0.591604
    discharge_ratio: 0.1
    depth_of_discharge: 0.4
  Li-ion:
    cost: 205.127
    lifetime: 24.9939
    annual_cost: 8.207082528136866
    efficiency: 0.901932
    discharge_ratio: 2
    depth_of_discharge: 0.9
  Pb-acid:
    cost: 189.878
    lifetime: 10.9561
    annual_cost: 17.330802018966605
    efficiency: 0.751324
    discharge_ratio: 5
    depth_of_discharge: 0.5
  VRBF:
    cost: 236.119
    lifetime: 19.6257
    annual_cost: 12.031112266059301
    efficiency: 0.721803
    discharge_ratio: 0.5
    depth_of_discharge: 1.0
