cost_values:
  wind_capex: 5000.0
  wind_opex: 100
  wind_lifetime: 20
  solar_capex: 1000.0
  solar_opex: 10
  solar_lifetime: 20
  carbon_price: 1.0
timeseries_values:
  load_level: 259495.22321838085
  wind_year: 2012
  solar_year: 2012
  price_year: 2023
  carbon_year: 2023
storage_values:
  CAES:
    cost: 56.8746
    lifetime: 26.7816
    annual_cost: 2.1236445918093017
    efficiency: 0.583069
    discharge_ratio: 0.1
    depth_of_discharge: 0.4
  Li-ion:
    cost: 202.079
    lifetime: 24.0233
    annual_cost: 8.411791885377946
    efficiency: 0.888393
    discharge_ratio: 2
    depth_of_discharge: 0.9
  Pb-acid:
    cost: 198.608
    lifetime: 12.8368
    annual_cost: 15.471768665087872
    efficiency: 0.729679
    discharge_ratio: 5
    depth_of_discharge: 0.5
  VRBF:
    cost: 207.381
    lifetime: 18.0493
    annual_cost: 11.489697661405152
    efficiency: 0.724604
    discharge_ratio: 0.5
    depth_of_discharge: 1.0
