cost_values:
  wind_capex: 5000.0
  wind_opex: 100
  wind_lifetime: 20
  solar_capex: 1000.0
  solar_opex: 10
  solar_lifetime: 20
  carbon_price: 1.0
timeseries_values:
  load_level: 259495.22321838085
  wind_year: 2012
  solar_year: 2012
  price_year: 2023
  carbon_year: 2023
storage_values:
  CAES:
    cost: 50.465
    lifetime: 25.8338
    annual_cost: 1.9534485828643098
    efficiency: 0.588038
    discharge_ratio: 0.1
    depth_of_discharge: 0.4
  Li-ion:
    cost: 217.533
    lifetime: 24.951
    annual_cost: 8.718408079836479
    efficiency: 0.897937
    discharge_ratio: 2
    depth_of_discharge: 0.9
  Pb-acid:
    cost: 191.981
    lifetime: 10.2048
    annual_cost: 18.812813577924114
    efficiency: 0.724712
    discharge_ratio: 5
    depth_of_discharge: 0.5
  VRBF:
    cost: 195.889
    lifetime: 18.1129
    annual_cost: 10.814888836133365
    efficiency: 0.737283
    discharge_ratio: 0.5
    depth_of_discharge: 1.0
