cost_values:
  wind_capex: 5000.0
  wind_opex: 100
  wind_lifetime: 20
  solar_capex: 1000.0
  solar_opex: 10
  solar_lifetime: 20
  carbon_price: 1.0
timeseries_values:
  load_level: 259495.22321838085
  wind_year: 2012
  solar_year: 2012
  price_year: 2023
  carbon_year: 2023
storage_values:
  CAES:
    cost: 47.641
    lifetime: 25.6896
    annual_cost: 1.8544858619830593
    efficiency: 0.590425
    discharge_ratio: 0.1
    depth_of_discharge: 0.4
  Li-ion:
    cost: 222.182
    lifetime: 26.5214
    annual_cost: 8.377461219995928
    efficiency: 0.893927
    discharge_ratio: 2
    depth_of_discharge: 0.9
  Pb-acid:
    cost: 189.887
    lifetime: 10.3221
    annual_cost: 18.39615969618585
    efficiency: 0.750663
    discharge_ratio: 5
    depth_of_discharge: 0.5
  VRBF:
    cost: 199.488
    lifetime: 19.0207
    annual_cost: 10.487942084150426
    efficiency: 0.737184
    discharge_ratio: 0.5
    depth_of_discharge: 1.0
