cost_values:
  wind_capex: 5000.0
  wind_opex: 100
  wind_lifetime: 20
  solar_capex: 1000.0
  solar_opex: 10
  solar_lifetime: 20
  carbon_price: 1.0
timeseries_values:
  load_level: 259495.22321838085
  wind_year: 2012
  solar_year: 2012
  price_year: 2023
  carbon_year: 2023
storage_values:
  CAES:
    cost: 39.5462
    lifetime: 26.5967
    annual_cost: 1.486883711137096
    efficiency: 0.591785
    discharge_ratio: 0.1
    depth_of_discharge: 0.4
  Li-ion:
    cost: 209.779
    lifetime: 23.0682
    annual_cost: 9.093860812720541
    efficiency: 0.901789
    discharge_ratio: 2
    depth_of_discharge: 0.9
  Pb-acid:
    cost: 199.979
    lifetime: 11.5051
    annual_cost: 17.381769823817265
    efficiency: 0.730119
    discharge_ratio: 5
    depth_of_discharge: 0.5
  VRBF:
    cost: 224.851
    lifetime: 20.0375
    annual_cost: 11.221509669369931
    efficiency: 0.751966
    discharge_ratio: 0.5
    depth_of_discharge: 1.0
