cost_values:
  wind_capex: 5000.0
  wind_opex: 100
  wind_lifetime: 20
  solar_capex: 1000.0
  solar_opex: 10
  solar_lifetime: 20
  carbon_price: 1.0
timeseries_values:
  load_level: 259495.22321838085
  wind_year: 2012
  solar_year: 2012
  price_year: 2023
  carbon_year: 2023
storage_values:
  CAES:
    cost: 52.0593
    lifetime: 25.6183
    annual_cost: 2.0321137624276395
    efficiency: 0.588551
    discharge_ratio: 0.1
    depth_of_discharge: 0.4
  Li-ion:
    cost: 206.073
    lifetime: 25.3751
    annual_cost: 8.121071444053422
    efficiency: 0.900117
    discharge_ratio: 2
    depth_of_discharge: 0.9
  Pb-acid:
    cost: 217.788
    lifetime: 12.6286
    annual_cost: 17.245617091364046
    efficiency: 0.726655
    discharge_ratio: 5
    depth_of_discharge: 0.5
  VRBF:
    cost: 224.557
    lifetime: 21.1588
    annual_cost: 10.612936461425033
    efficiency: 0.718789
    discharge_ratio: 0.5
    depth_of_discharge: 1.0
