cost_values:
  wind_capex: 5000.0
  wind_opex: 100
  wind_lifetime: 20
  solar_capex: 1000.0
  solar_opex: 10
  solar_lifetime: 20
  carbon_price: 1.0
timeseries_values:
  load_level: 259495.22321838085
  wind_year: 2012
  solar_year: 2012
  price_year: 2023
  carbon_year: 2023
storage_values:
  CAES:
    cost: 50.9778
    lifetime: 25.3436
    annual_cost: 2.0114664057197875
    efficiency: 0.593114
    discharge_ratio: 0.1
    depth_of_discharge: 0.4
  Li-ion:
    cost: 202.586
    lifetime: 23.3889
    annual_cost: 8.661630089486893
    efficiency: 0.903151
    discharge_ratio: 2
    depth_of_discharge: 0.9
  Pb-acid:
    cost: 199.73
    lifetime: 10.189
    annual_cost: 19.602512513494943
    efficiency: 0.731034
    discharge_ratio: 5
    depth_of_discharge: 0.5
  VRBF:
    cost: 216.263
    lifetime: 20.3436
    annual_cost: 10.630517705814114
    efficiency: 0.741357
    discharge_ratio: 0.5
    depth_of_discharge: 1.0
