cost_values:
  wind_capex: 5000.0
  wind_opex: 100
  wind_lifetime: 20
  solar_capex: 1000.0
  solar_opex: 10
  solar_lifetime: 20
  carbon_price: 1.0
timeseries_values:
  load_level: 259495.22321838085
  wind_year: 2012
  solar_year: 2012
  price_year: 2023
  carbon_year: 2023
storage_values:
  CAES:
    cost: 45.4055
    lifetime: 26.1385
    annual_cost: 1.7371119230254224
    efficiency: 0.592443
    discharge_ratio: 0.1
    depth_of_discharge: 0.4
  Li-ion:
    cost: 201.034
    lifetime: 23.7829
    annual_cost: 8.45288001042766
    efficiency: 0.903415
    discharge_ratio: 2
    depth_of_discharge: 0.9
  Pb-acid:
    cost: 181.859
    lifetime: 12.3871
    annual_cost: 14.681321697572475
    efficiency: 0.737286
    discharge_ratio: 5
    depth_of_discharge: 0.5
  VRBF:
    cost: 169.802
    lifetime: 19.082
    annual_cost: 8.89854312965098
    efficiency: 0.73502
    discharge_ratio: 0.5
    depth_of_discharge: 1.0
