cost_values:
  wind_capex: 5000.0
  wind_opex: 100
  wind_lifetime: 20
  solar_capex: 1000.0
  solar_opex: 10
  solar_lifetime: 20
  carbon_price: 1.0
timeseries_values:
  load_level: 259495.22321838085
  wind_year: 2012
  solar_year: 2012
  price_year: 2023
  carbon_year: 2023
storage_values:
  CAES:
    cost: 50.1678
    lifetime: 25.7883
    annual_cost: 1.9453705750282104
    efficiency: 0.588832
    discharge_ratio: 0.1
    depth_of_discharge: 0.4
  Li-ion:
    cost: 193.061
    lifetime: 22.4962
    annual_cost: 8.581938282910002
    efficiency: 0.903977
    discharge_ratio: 2
    depth_of_discharge: 0.9
  Pb-acid:
    cost: 206.828
    lifetime: 11.1085
    annual_cost: 18.618895440428503
    efficiency: 0.724475
    discharge_ratio: 5
    depth_of_discharge: 0.5
  VRBF:
    cost: 201.816
    lifetime: 17.8354
    annual_cost: 11.31547372080245
    efficiency: 0.745319
    discharge_ratio: 0.5
    depth_of_discharge: 1.0
