cost_values:
  wind_capex: 5000.0
  wind_opex: 100
  wind_lifetime: 20
  solar_capex: 1000.0
  solar_opex: 10
  solar_lifetime: 20
  carbon_price: 1.0
timeseries_values:
  load_level: 259495.22321838085
  wind_year: 2012
  solar_year: 2012
  price_year: 2023
  carbon_year: 2023
storage_values:
  CAES:
    cost: 38.1542
    lifetime: 25.6513
    annual_cost: 1.4874177916908697
    efficiency: 0.589212
    discharge_ratio: 0.1
    depth_of_discharge: 0.4
  Li-ion:
    cost: 212.35
    lifetime: 25.4326
    annual_cost: 8.34951990752027
    efficiency: 0.883419
    discharge_ratio: 2
    depth_of_discharge: 0.9
  Pb-acid:
    cost: 201.08
    lifetime: 12.8385
    annual_cost: 15.662265841025043
    efficiency: 0.729976
    discharge_ratio: 5
    depth_of_discharge: 0.5
  VRBF:
    cost: 252.482
    lifetime: 19.9637
    annual_cost: 12.647054403742793
    efficiency: 0.711969
    discharge_ratio: 0.5
    depth_of_discharge: 1.0
