cost_values:
  wind_capex: 5000.0
  wind_opex: 100
  wind_lifetime: 20
  solar_capex: 1000.0
  solar_opex: 10
  solar_lifetime: 20
  carbon_price: 1.0
timeseries_values:
  load_level: 259495.22321838085
  wind_year: 2012
  solar_year: 2012
  price_year: 2023
  carbon_year: 2023
storage_values:
  CAES:
    cost: 40.3937
    lifetime: 25.8827
    annual_cost: 1.5606447549907854
    efficiency: 0.596453
    discharge_ratio: 0.1
    depth_of_discharge: 0.4
  Li-ion:
    cost: 211.892
    lifetime: 26.1096
    annual_cost: 8.115482427919233
    efficiency: 0.903652
    discharge_ratio: 2
    depth_of_discharge: 0.9
  Pb-acid:
    cost: 174.398
    lifetime: 12.3404
    annual_cost: 14.132280963339923
    efficiency: 0.737394
    discharge_ratio: 5
    depth_of_discharge: 0.5
  VRBF:
    cost: 219.446
    lifetime: 20.5762
    annual_cost: 10.665040192066563
    efficiency: 0.740695
    discharge_ratio: 0.5
    depth_of_discharge: 1.0
