cost_values:
  wind_capex: 5000.0
  wind_opex: 100
  wind_lifetime: 20
  solar_capex: 1000.0
  solar_opex: 10
  solar_lifetime: 20
  carbon_price: 1.0
timeseries_values:
  load_level: 259495.22321838085
  wind_year: 2012
  solar_year: 2012
  price_year: 2023
  carbon_year: 2023
storage_values:
  CAES:
    cost: 54.6985
    lifetime: 25.7704
    annual_cost: 2.1225320522770312
    efficiency: 0.587304
    discharge_ratio: 0.1
    depth_of_discharge: 0.4
  Li-ion:
    cost: 226.261
    lifetime: 26.7064
    annual_cost: 8.472163975676242
    efficiency: 0.887258
    discharge_ratio: 2
    depth_of_discharge: 0.9
  Pb-acid:
    cost: 192.893
    lifetime: 10.6208
    annual_cost: 18.16181455257608
    efficiency: 0.723907
    discharge_ratio: 5
    depth_of_discharge: 0.5
  VRBF:
    cost: 197.861
    lifetime: 20.7196
    annual_cost: 9.549460414293712
    efficiency: 0.740411
    discharge_ratio: 0.5
    depth_of_discharge: 1.0
