cost_values:
  wind_capex: 5000.0
  wind_opex: 100
  wind_lifetime: 20
  solar_capex: 1000.0
  solar_opex: 10
  solar_lifetime: 20
  carbon_price: 1.0
timeseries_values:
  load_level: 259495.22321838085
  wind_year: 2012
  solar_year: 2012
  price_year: 2023
  carbon_year: 2023
storage_values:
  CAES:
    cost: 46.0201
    lifetime: 25.7625
    annual_cost: 1.7863212032993692
    efficiency: 0.582638
    discharge_ratio: 0.1
    depth_of_discharge: 0.4
  Li-ion:
    cost: 233.122
    lifetime: 27.4457
    annual_cost: 8.493935297696908
    efficiency: 0.887186
    discharge_ratio: 2
    depth_of_discharge: 0.9
  Pb-acid:
    cost: 210.186
    lifetime: 11.1059
    annual_cost: 18.925616113957446
    efficiency: 0.73746
    discharge_ratio: 5
    depth_of_discharge: 0.5
  VRBF:
    cost: 231.7
    lifetime: 18.5154
    annual_cost: 12.513907341996392
    efficiency: 0.719897
    discharge_ratio: 0.5
    depth_of_discharge: 1.0
