cost_values:
  wind_capex: 5000.0
  wind_opex: 100
  wind_lifetime: 20
  solar_capex: 1000.0
  solar_opex: 10
  solar_lifetime: 20
  carbon_price: 1.0
timeseries_values:
  load_level: 259495.22321838085
  wind_year: 2012
  solar_year: 2012
  price_year: 2023
  carbon_year: 2023
storage_values:
  CAES:
    cost: 54.8818
    lifetime: 25.5719
    annual_cost: 2.1461760760835134
    efficiency: 0.588311
    discharge_ratio: 0.1
    depth_of_discharge: 0.4
  Li-ion:
    cost: 211.313
    lifetime: 25.4646
    annual_cost: 8.298304312653643
    efficiency: 0.910446
    discharge_ratio: 2
    depth_of_discharge: 0.9
  Pb-acid:
    cost: 192.9
    lifetime: 11.7331
    annual_cost: 16.44066785419028
    efficiency: 0.745418
    discharge_ratio: 5
    depth_of_discharge: 0.5
  VRBF:
    cost: 191.477
    lifetime: 19.5797
    annual_cost: 9.779363320173445
    efficiency: 0.715219
    discharge_ratio: 0.5
    depth_of_discharge: 1.0
