cost_values:
  wind_capex: 5000.0
  wind_opex: 100
  wind_lifetime: 20
  solar_capex: 1000.0
  solar_opex: 10
  solar_lifetime: 20
  carbon_price: 1.0
timeseries_values:
  load_level: 259495.22321838085
  wind_year: 2012
  solar_year: 2012
  price_year: 2023
  carbon_year: 2023
storage_values:
  CAES:
    cost: 46.9969
    lifetime: 25.3124
    annual_cost: 1.856674989333291
    efficiency: 0.593231
    discharge_ratio: 0.1
    depth_of_discharge: 0.4
  Li-ion:
    cost: 213.622
    lifetime: 26.1374
    annual_cost: 8.173039399481205
    efficiency: 0.897949
    discharge_ratio: 2
    depth_of_discharge: 0.9
  Pb-acid:
    cost: 186.236
    lifetime: 11.5831
    annual_cost: 16.078251936010222
    efficiency: 0.717949
    discharge_ratio: 5
    depth_of_discharge: 0.5
  VRBF:
    cost: 223.562
    lifetime: 18.8939
    annual_cost: 11.83249620247805
    efficiency: 0.740087
    discharge_ratio: 0.5
    depth_of_discharge: 1.0
