cost_values:
  wind_capex: 5000.0
  wind_opex: 100
  wind_lifetime: 20
  solar_capex: 1000.0
  solar_opex: 10
  solar_lifetime: 20
  carbon_price: 1.0
timeseries_values:
  load_level: 259495.22321838085
  wind_year: 2012
  solar_year: 2012
  price_year: 2023
  carbon_year: 2023
storage_values:
  CAES:
    cost: 47.1586
    lifetime: 25.4786
    annual_cost: 1.8509101755983453
    efficiency: 0.588044
    discharge_ratio: 0.1
    depth_of_discharge: 0.4
  Li-ion:
    cost: 195.131
    lifetime: 26.757
    annual_cost: 7.2927084501252
    efficiency: 0.90693
    discharge_ratio: 2
    depth_of_discharge: 0.9
  Pb-acid:
    cost: 192.141
    lifetime: 12.8644
    annual_cost: 14.935869531420042
    efficiency: 0.72093
    discharge_ratio: 5
    depth_of_discharge: 0.5
  VRBF:
    cost: 236.452
    lifetime: 18.1067
    annual_cost: 13.058812483776723
    efficiency: 0.725586
    discharge_ratio: 0.5
    depth_of_discharge: 1.0
