cost_values:
  wind_capex: 5000.0
  wind_opex: 100
  wind_lifetime: 20
  solar_capex: 1000.0
  solar_opex: 10
  solar_lifetime: 20
  carbon_price: 1.0
timeseries_values:
  load_level: 259495.22321838085
  wind_year: 2012
  solar_year: 2012
  price_year: 2023
  carbon_year: 2023
storage_values:
  CAES:
    cost: 46.4561
    lifetime: 25.3512
    annual_cost: 1.832501025592477
    efficiency: 0.590501
    discharge_ratio: 0.1
    depth_of_discharge: 0.4
  Li-ion:
    cost: 201.658
    lifetime: 28.4852
    annual_cost: 7.079395615968994
    efficiency: 0.889998
    discharge_ratio: 2
    depth_of_discharge: 0.9
  Pb-acid:
    cost: 202.46
    lifetime: 12.2532
    annual_cost: 16.523030718506188
    efficiency: 0.72621
    discharge_ratio: 5
    depth_of_discharge: 0.5
  VRBF:
    cost: 230.367
    lifetime: 17.8411
    annual_cost: 12.9121522776062
    efficiency: 0.734437
    discharge_ratio: 0.5
    depth_of_discharge: 1.0
