cost_values:
  wind_capex: 5000.0
  wind_opex: 100
  wind_lifetime: 20
  solar_capex: 1000.0
  solar_opex: 10
  solar_lifetime: 20
  carbon_price: 1.0
timeseries_values:
  load_level: 259495.22321838085
  wind_year: 2012
  solar_year: 2012
  price_year: 2023
  carbon_year: 2023
storage_values:
  CAES:
    cost: 46.8169
    lifetime: 25.2797
    annual_cost: 1.851956312772699
    efficiency: 0.588604
    discharge_ratio: 0.1
    depth_of_discharge: 0.4
  Li-ion:
    cost: 210.853
    lifetime: 25.8465
    annual_cost: 8.157893718685315
    efficiency: 0.890521
    discharge_ratio: 2
    depth_of_discharge: 0.9
  Pb-acid:
    cost: 177.439
    lifetime: 10.822
    annual_cost: 16.396137497689892
    efficiency: 0.740501
    discharge_ratio: 5
    depth_of_discharge: 0.5
  VRBF:
    cost: 215.866
    lifetime: 19.907
    annual_cost: 10.843723313407345
    efficiency: 0.719432
    discharge_ratio: 0.5
    depth_of_discharge: 1.0
