cost_values:
  wind_capex: 5000.0
  wind_opex: 100
  wind_lifetime: 20
  solar_capex: 1000.0
  solar_opex: 10
  solar_lifetime: 20
  carbon_price: 1.0
timeseries_values:
  load_level: 259495.22321838085
  wind_year: 2012
  solar_year: 2012
  price_year: 2023
  carbon_year: 2023
storage_values:
  CAES:
    cost: 54.3831
    lifetime: 25.9937
    annual_cost: 2.0921646398935128
    efficiency: 0.591585
    discharge_ratio: 0.1
    depth_of_discharge: 0.4
  Li-ion:
    cost: 214.496
    lifetime: 25.3888
    annual_cost: 8.448449710108395
    efficiency: 0.901235
    discharge_ratio: 2
    depth_of_discharge: 0.9
  Pb-acid:
    cost: 183.215
    lifetime: 12.3819
    annual_cost: 14.797002075610367
    efficiency: 0.727067
    discharge_ratio: 5
    depth_of_discharge: 0.5
  VRBF:
    cost: 191.065
    lifetime: 19.5979
    annual_cost: 9.74925884916241
    efficiency: 0.762995
    discharge_ratio: 0.5
    depth_of_discharge: 1.0
