cost_values:
  wind_capex: 5000.0
  wind_opex: 100
  wind_lifetime: 20
  solar_capex: 1000.0
  solar_opex: 10
  solar_lifetime: 20
  carbon_price: 1.0
timeseries_values:
  load_level: 259495.22321838085
  wind_year: 2012
  solar_year: 2012
  price_year: 2023
  carbon_year: 2023
storage_values:
  CAES:
    cost: 42.5298
    lifetime: 25.8327
    annual_cost: 1.6463552009662175
    efficiency: 0.600636
    discharge_ratio: 0.1
    depth_of_discharge: 0.4
  Li-ion:
    cost: 222.782
    lifetime: 25.3607
    annual_cost: 8.784536704428506
    efficiency: 0.903785
    discharge_ratio: 2
    depth_of_discharge: 0.9
  Pb-acid:
    cost: 180.938
    lifetime: 11.5519
    annual_cost: 15.663051099819077
    efficiency: 0.730625
    discharge_ratio: 5
    depth_of_discharge: 0.5
  VRBF:
    cost: 190.065
    lifetime: 18.8226
    annual_cost: 10.097701699021389
    efficiency: 0.743899
    discharge_ratio: 0.5
    depth_of_discharge: 1.0
