cost_values:
  wind_capex: 5000.0
  wind_opex: 100
  wind_lifetime: 20
  solar_capex: 1000.0
  solar_opex: 10
  solar_lifetime: 20
  carbon_price: 1.0
timeseries_values:
  load_level: 259495.22321838085
  wind_year: 2012
  solar_year: 2012
  price_year: 2023
  carbon_year: 2023
storage_values:
  CAES:
    cost: 35.639
    lifetime: 25.4204
    annual_cost: 1.401984233135592
    efficiency: 0.602652
    discharge_ratio: 0.1
    depth_of_discharge: 0.4
  Li-ion:
    cost: 199.022
    lifetime: 23.9111
    annual_cost: 8.32341464842688
    efficiency: 0.893657
    discharge_ratio: 2
    depth_of_discharge: 0.9
  Pb-acid:
    cost: 196.067
    lifetime: 11.5748
    annual_cost: 16.939126377993574
    efficiency: 0.732508
    discharge_ratio: 5
    depth_of_discharge: 0.5
  VRBF:
    cost: 213.768
    lifetime: 21.2358
    annual_cost: 10.066397310202582
    efficiency: 0.730668
    discharge_ratio: 0.5
    depth_of_discharge: 1.0
