cost_values:
  wind_capex: 5000.0
  wind_opex: 100
  wind_lifetime: 20
  solar_capex: 1000.0
  solar_opex: 10
  solar_lifetime: 20
  carbon_price: 1.0
timeseries_values:
  load_level: 259495.22321838085
  wind_year: 2012
  solar_year: 2012
  price_year: 2023
  carbon_year: 2023
storage_values:
  CAES:
    cost: 40.0591
    lifetime: 25.8179
    annual_cost: 1.5516017956534032
    efficiency: 0.591329
    discharge_ratio: 0.1
    depth_of_discharge: 0.4
  Li-ion:
    cost: 209.552
    lifetime: 25.5319
    annual_cost: 8.207458121017236
    efficiency: 0.895332
    discharge_ratio: 2
    depth_of_discharge: 0.9
  Pb-acid:
    cost: 186.377
    lifetime: 12.5652
    annual_cost: 14.83279215611371
    efficiency: 0.719408
    discharge_ratio: 5
    depth_of_discharge: 0.5
  VRBF:
    cost: 229.474
    lifetime: 19.621
    annual_cost: 11.69532643596147
    efficiency: 0.725688
    discharge_ratio: 0.5
    depth_of_discharge: 1.0
