cost_values:
  wind_capex: 5000.0
  wind_opex: 100
  wind_lifetime: 20
  solar_capex: 1000.0
  solar_opex: 10
  solar_lifetime: 20
  carbon_price: 1.0
timeseries_values:
  load_level: 259495.22321838085
  wind_year: 2012
  solar_year: 2012
  price_year: 2023
  carbon_year: 2023
storage_values:
  CAES:
    cost: 46.3242
    lifetime: 26.6158
    annual_cost: 1.7404774607563926
    efficiency: 0.585879
    discharge_ratio: 0.1
    depth_of_discharge: 0.4
  Li-ion:
    cost: 222.96
    lifetime: 26.04
    annual_cost: 8.56221198156682
    efficiency: 0.887674
    discharge_ratio: 2
    depth_of_discharge: 0.9
  Pb-acid:
    cost: 193.69
    lifetime: 12.3371
    annual_cost: 15.69979979087468
    efficiency: 0.725668
    discharge_ratio: 5
    depth_of_discharge: 0.5
  VRBF:
    cost: 228.986
    lifetime: 19.7974
    annual_cost: 11.566468324123369
    efficiency: 0.739828
    discharge_ratio: 0.5
    depth_of_discharge: 1.0
