cost_values:
  wind_capex: 5000.0
  wind_opex: 100
  wind_lifetime: 20
  solar_capex: 1000.0
  solar_opex: 10
  solar_lifetime: 20
  carbon_price: 1.0
timeseries_values:
  load_level: 259495.22321838085
  wind_year: 2012
  solar_year: 2012
  price_year: 2023
  carbon_year: 2023
storage_values:
  CAES:
    cost: 39.78
    lifetime: 25.8837
    annual_cost: 1.5368745581195888
    efficiency: 0.587598
    discharge_ratio: 0.1
    depth_of_discharge: 0.4
  Li-ion:
    cost: 236.042
    lifetime: 24.5243
    annual_cost: 9.624821095811093
    efficiency: 0.900677
    discharge_ratio: 2
    depth_of_discharge: 0.9
  Pb-acid:
    cost: 186.339
    lifetime: 10.9541
    annual_cost: 17.01089089929798
    efficiency: 0.71215
    discharge_ratio: 5
    depth_of_discharge: 0.5
  VRBF:
    cost: 220.23
    lifetime: 17.8025
    annual_cost: 12.370734447409072
    efficiency: 0.734119
    discharge_ratio: 0.5
    depth_of_discharge: 1.0
