cost_values:
  wind_capex: 5000.0
  wind_opex: 100
  wind_lifetime: 20
  solar_capex: 1000.0
  solar_opex: 10
  solar_lifetime: 20
  carbon_price: 1.0
timeseries_values:
  load_level: 259495.22321838085
  wind_year: 2012
  solar_year: 2012
  price_year: 2023
  carbon_year: 2023
storage_values:
  CAES:
    cost: 50.9722
    lifetime: 26.4828
    annual_cost: 1.9247285030283807
    efficiency: 0.585773
    discharge_ratio: 0.1
    depth_of_discharge: 0.4
  Li-ion:
    cost: 168.33
    lifetime: 26.36
    annual_cost: 6.385811836115327
    efficiency: 0.882723
    discharge_ratio: 2
    depth_of_discharge: 0.9
  Pb-acid:
    cost: 227.007
    lifetime: 9.77619
    annual_cost: 23.22039567561596
    efficiency: 0.720621
    discharge_ratio: 5
    depth_of_discharge: 0.5
  VRBF:
    cost: 185.928
    lifetime: 20.1867
    annual_cost: 9.21042072255495
    efficiency: 0.74554
    discharge_ratio: 0.5
    depth_of_discharge: 1.0
