cost_values:
  wind_capex: 5000.0
  wind_opex: 100
  wind_lifetime: 20
  solar_capex: 1000.0
  solar_opex: 10
  solar_lifetime: 20
  carbon_price: 1.0
timeseries_values:
  load_level: 259495.22321838085
  wind_year: 2012
  solar_year: 2012
  price_year: 2023
  carbon_year: 2023
storage_values:
  CAES:
    cost: 53.9098
    lifetime: 25.8786
    annual_cost: 2.0831806975647833
    efficiency: 0.585964
    discharge_ratio: 0.1
    depth_of_discharge: 0.4
  Li-ion:
    cost: 186.917
    lifetime: 25.277
    annual_cost: 7.394746211971357
    efficiency: 0.91015
    discharge_ratio: 2
    depth_of_discharge: 0.9
  Pb-acid:
    cost: 231.584
    lifetime: 11.2206
    annual_cost: 20.639181505445343
    efficiency: 0.729665
    discharge_ratio: 5
    depth_of_discharge: 0.5
  VRBF:
    cost: 229.975
    lifetime: 18.947
    annual_cost: 12.137805457328337
    efficiency: 0.743079
    discharge_ratio: 0.5
    depth_of_discharge: 1.0
