cost_values:
  wind_capex: 5000.0
  wind_opex: 100
  wind_lifetime: 20
  solar_capex: 1000.0
  solar_opex: 10
  solar_lifetime: 20
  carbon_price: 1.0
timeseries_values:
  load_level: 259495.22321838085
  wind_year: 2012
  solar_year: 2012
  price_year: 2023
  carbon_year: 2023
storage_values:
  CAES:
    cost: 49.1563
    lifetime: 27.1548
    annual_cost: 1.810225079912207
    efficiency: 0.580434
    discharge_ratio: 0.1
    depth_of_discharge: 0.4
  Li-ion:
    cost: 205.839
    lifetime: 26.8513
    annual_cost: 7.665885823032777
    efficiency: 0.91029
    discharge_ratio: 2
    depth_of_discharge: 0.9
  Pb-acid:
    cost: 202.615
    lifetime: 10.1866
    annual_cost: 19.890346141008777
    efficiency: 0.737547
    discharge_ratio: 5
    depth_of_discharge: 0.5
  VRBF:
    cost: 202.139
    lifetime: 17.4137
    annual_cost: 11.608044241028617
    efficiency: 0.726417
    discharge_ratio: 0.5
    depth_of_discharge: 1.0
