cost_values:
  wind_capex: 5000.0
  wind_opex: 100
  wind_lifetime: 20
  solar_capex: 1000.0
  solar_opex: 10
  solar_lifetime: 20
  carbon_price: 1.0
timeseries_values:
  load_level: 259495.22321838085
  wind_year: 2012
  solar_year: 2012
  price_year: 2023
  carbon_year: 2023
storage_values:
  CAES:
    cost: 35.6219
    lifetime: 26.5116
    annual_cost: 1.3436344845275274
    efficiency: 0.589567
    discharge_ratio: 0.1
    depth_of_discharge: 0.4
  Li-ion:
    cost: 216.451
    lifetime: 24.5595
    annual_cost: 8.813330890286855
    efficiency: 0.911376
    discharge_ratio: 2
    depth_of_discharge: 0.9
  Pb-acid:
    cost: 195.237
    lifetime: 12.3371
    annual_cost: 15.825193927260052
    efficiency: 0.722585
    discharge_ratio: 5
    depth_of_discharge: 0.5
  VRBF:
    cost: 197.391
    lifetime: 19.6868
    annual_cost: 10.026566023934818
    efficiency: 0.73546
    discharge_ratio: 0.5
    depth_of_discharge: 1.0
