cost_values:
  wind_capex: 5000.0
  wind_opex: 100
  wind_lifetime: 20
  solar_capex: 1000.0
  solar_opex: 10
  solar_lifetime: 20
  carbon_price: 1.0
timeseries_values:
  load_level: 259495.22321838085
  wind_year: 2012
  solar_year: 2012
  price_year: 2023
  carbon_year: 2023
storage_values:
  CAES:
    cost: 46.6687
    lifetime: 25.4958
    annual_cost: 1.830446583358828
    efficiency: 0.595019
    discharge_ratio: 0.1
    depth_of_discharge: 0.4
  Li-ion:
    cost: 198.689
    lifetime: 23.7279
    annual_cost: 8.373644528171477
    efficiency: 0.888003
    discharge_ratio: 2
    depth_of_discharge: 0.9
  Pb-acid:
    cost: 210.558
    lifetime: 10.6439
    annual_cost: 19.782034780484594
    efficiency: 0.748979
    discharge_ratio: 5
    depth_of_discharge: 0.5
  VRBF:
    cost: 215.428
    lifetime: 20.3966
    annual_cost: 10.561956404498789
    efficiency: 0.751104
    discharge_ratio: 0.5
    depth_of_discharge: 1.0
