cost_values:
  wind_capex: 5000.0
  wind_opex: 100
  wind_lifetime: 20
  solar_capex: 1000.0
  solar_opex: 10
  solar_lifetime: 20
  carbon_price: 1.0
timeseries_values:
  load_level: 259495.22321838085
  wind_year: 2012
  solar_year: 2012
  price_year: 2023
  carbon_year: 2023
storage_values:
  CAES:
    cost: 43.2407
    lifetime: 25.6481
    annual_cost: 1.6859221540776899
    efficiency: 0.573915
    discharge_ratio: 0.1
    depth_of_discharge: 0.4
  Li-ion:
    cost: 201.052
    lifetime: 26.2564
    annual_cost: 7.657256897365976
    efficiency: 0.892904
    discharge_ratio: 2
    depth_of_discharge: 0.9
  Pb-acid:
    cost: 195.987
    lifetime: 10.2142
    annual_cost: 19.18769947719841
    efficiency: 0.71775
    discharge_ratio: 5
    depth_of_discharge: 0.5
  VRBF:
    cost: 226.986
    lifetime: 18.4975
    annual_cost: 12.271171779970267
    efficiency: 0.716026
    discharge_ratio: 0.5
    depth_of_discharge: 1.0
