cost_values:
  wind_capex: 5000.0
  wind_opex: 100
  wind_lifetime: 20
  solar_capex: 1000.0
  solar_opex: 10
  solar_lifetime: 20
  carbon_price: 1.0
timeseries_values:
  load_level: 259495.22321838085
  wind_year: 2012
  solar_year: 2012
  price_year: 2023
  carbon_year: 2023
storage_values:
  CAES:
    cost: 45.4677
    lifetime: 25.2338
    annual_cost: 1.8018570330271304
    efficiency: 0.585801
    discharge_ratio: 0.1
    depth_of_discharge: 0.4
  Li-ion:
    cost: 200.94
    lifetime: 25.5701
    annual_cost: 7.8583971122522005
    efficiency: 0.896906
    discharge_ratio: 2
    depth_of_discharge: 0.9
  Pb-acid:
    cost: 173.74
    lifetime: 12.0606
    annual_cost: 14.405585128434737
    efficiency: 0.738058
    discharge_ratio: 5
    depth_of_discharge: 0.5
  VRBF:
    cost: 212.516
    lifetime: 19.2004
    annual_cost: 11.068311076852567
    efficiency: 0.740746
    discharge_ratio: 0.5
    depth_of_discharge: 1.0
