cost_values:
  wind_capex: 5000.0
  wind_opex: 100
  wind_lifetime: 20
  solar_capex: 1000.0
  solar_opex: 10
  solar_lifetime: 20
  carbon_price: 1.0
timeseries_values:
  load_level: 259495.22321838085
  wind_year: 2012
  solar_year: 2012
  price_year: 2023
  carbon_year: 2023
storage_values:
  CAES:
    cost: 49.9555
    lifetime: 25.3489
    annual_cost: 1.9707166780412562
    efficiency: 0.583524
    discharge_ratio: 0.1
    depth_of_discharge: 0.4
  Li-ion:
    cost: 228.921
    lifetime: 25.0024
    annual_cost: 9.155961027741336
    efficiency: 0.900425
    discharge_ratio: 2
    depth_of_discharge: 0.9
  Pb-acid:
    cost: 198.9
    lifetime: 10.1893
    annual_cost: 19.520477363508782
    efficiency: 0.718928
    discharge_ratio: 5
    depth_of_discharge: 0.5
  VRBF:
    cost: 235.929
    lifetime: 16.9652
    annual_cost: 13.90664418928159
    efficiency: 0.725097
    discharge_ratio: 0.5
    depth_of_discharge: 1.0
