cost_values:
  wind_capex: 5000.0
  wind_opex: 100
  wind_lifetime: 20
  solar_capex: 1000.0
  solar_opex: 10
  solar_lifetime: 20
  carbon_price: 1.0
timeseries_values:
  load_level: 259495.22321838085
  wind_year: 2012
  solar_year: 2012
  price_year: 2023
  carbon_year: 2023
storage_values:
  CAES:
    cost: 50.2047
    lifetime: 26.8464
    annual_cost: 1.8700719649561954
    efficiency: 0.588224
    discharge_ratio: 0.1
    depth_of_discharge: 0.4
  Li-ion:
    cost: 184.337
    lifetime: 24.9661
    annual_cost: 7.383492015172573
    efficiency: 0.890558
    discharge_ratio: 2
    depth_of_discharge: 0.9
  Pb-acid:
    cost: 197.603
    lifetime: 10.7081
    annual_cost: 18.453600545381533
    efficiency: 0.722949
    discharge_ratio: 5
    depth_of_discharge: 0.5
  VRBF:
    cost: 238.029
    lifetime: 18.4782
    annual_cost: 12.881611845309607
    efficiency: 0.732332
    discharge_ratio: 0.5
    depth_of_discharge: 1.0
