cost_values:
  wind_capex: 5000.0
  wind_opex: 100
  wind_lifetime: 20
  solar_capex: 1000.0
  solar_opex: 10
  solar_lifetime: 20
  carbon_price: 1.0
timeseries_values:
  load_level: 259495.22321838085
  wind_year: 2012
  solar_year: 2012
  price_year: 2023
  carbon_year: 2023
storage_values:
  CAES:
    cost: 41.5826
    lifetime: 25.5285
    annual_cost: 1.6288696946549934
    efficiency: 0.597493
    discharge_ratio: 0.1
    depth_of_discharge: 0.4
  Li-ion:
    cost: 208.934
    lifetime: 25.0552
    annual_cost: 8.33894760369105
    efficiency: 0.882945
    discharge_ratio: 2
    depth_of_discharge: 0.9
  Pb-acid:
    cost: 199.377
    lifetime: 12.6187
    annual_cost: 15.800122041097737
    efficiency: 0.722004
    discharge_ratio: 5
    depth_of_discharge: 0.5
  VRBF:
    cost: 221.924
    lifetime: 20.5406
    annual_cost: 10.804163461632085
    efficiency: 0.748967
    discharge_ratio: 0.5
    depth_of_discharge: 1.0
