cost_values:
  wind_capex: 5000.0
  wind_opex: 100
  wind_lifetime: 20
  solar_capex: 1000.0
  solar_opex: 10
  solar_lifetime: 20
  carbon_price: 1.0
timeseries_values:
  load_level: 236149.62760355003
  wind_year: 2014
  solar_year: 2013
  price_year: 2023
  carbon_year: 2023
storage_values:
  CAES:
    cost: 53.0751
    lifetime: 21.6485
    annual_cost: 2.451675635725339
    efficiency: 0.567796
    discharge_ratio: 0.1
    depth_of_discharge: 0.4
  Li-ion:
    cost: 139.505
    lifetime: 25.2222
    annual_cost: 5.5310401154538456
    efficiency: 0.902804
    discharge_ratio: 2
    depth_of_discharge: 0.9
  Pb-acid:
    cost: 150.843
    lifetime: 16.4867
    annual_cost: 9.149374950717851
    efficiency: 0.678804
    discharge_ratio: 5
    depth_of_discharge: 0.5
  VRBF:
    cost: 339.37
    lifetime: 23.6011
    annual_cost: 14.379414518814801
    efficiency: 0.691157
    discharge_ratio: 0.5
    depth_of_discharge: 1.0
