cost_values:
  wind_capex: 5000.0
  wind_opex: 100
  wind_lifetime: 20
  solar_capex: 1000.0
  solar_opex: 10
  solar_lifetime: 20
  carbon_price: 1.0
timeseries_values:
  load_level: 236149.62760355003
  wind_year: 2014
  solar_year: 2013
  price_year: 2023
  carbon_year: 2023
storage_values:
  CAES:
    cost: 56.6758
    lifetime: 22.9625
    annual_cost: 2.468189439303212
    efficiency: 0.572477
    discharge_ratio: 0.1
    depth_of_discharge: 0.4
  Li-ion:
    cost: 141.463
    lifetime: 25.2267
    annual_cost: 5.607669651599297
    efficiency: 0.904773
    discharge_ratio: 2
    depth_of_discharge: 0.9
  Pb-acid:
    cost: 140.995
    lifetime: 16.8087
    annual_cost: 8.388215626431549
    efficiency: 0.659737
    discharge_ratio: 5
    depth_of_discharge: 0.5
  VRBF:
    cost: 342.845
    lifetime: 23.9253
    annual_cost: 14.329809866542949
    efficiency: 0.703643
    discharge_ratio: 0.5
    depth_of_discharge: 1.0
