cost_values:
  wind_capex: 5000.0
  wind_opex: 100
  wind_lifetime: 20
  solar_capex: 1000.0
  solar_opex: 10
  solar_lifetime: 20
  carbon_price: 1.0
timeseries_values:
  load_level: 236149.62760355003
  wind_year: 2014
  solar_year: 2013
  price_year: 2023
  carbon_year: 2023
storage_values:
  CAES:
    cost: 55.4038
    lifetime: 22.7957
    annual_cost: 2.4304496023372826
    efficiency: 0.569862
    discharge_ratio: 0.1
    depth_of_discharge: 0.4
  Li-ion:
    cost: 167.198
    lifetime: 25.4052
    annual_cost: 6.581251082455561
    efficiency: 0.906944
    discharge_ratio: 2
    depth_of_discharge: 0.9
  Pb-acid:
    cost: 169.12
    lifetime: 16.6977
    annual_cost: 10.128341029003995
    efficiency: 0.670576
    discharge_ratio: 5
    depth_of_discharge: 0.5
  VRBF:
    cost: 348.997
    lifetime: 21.4804
    annual_cost: 16.24723003296028
    efficiency: 0.698347
    discharge_ratio: 0.5
    depth_of_discharge: 1.0
