cost_values:
  wind_capex: 5000.0
  wind_opex: 100
  wind_lifetime: 20
  solar_capex: 1000.0
  solar_opex: 10
  solar_lifetime: 20
  carbon_price: 1.0
timeseries_values:
  load_level: 236149.62760355003
  wind_year: 2014
  solar_year: 2013
  price_year: 2023
  carbon_year: 2023
storage_values:
  CAES:
    cost: 57.7424
    lifetime: 22.2407
    annual_cost: 2.596249218774589
    efficiency: 0.577099
    discharge_ratio: 0.1
    depth_of_discharge: 0.4
  Li-ion:
    cost: 141.224
    lifetime: 23.3109
    annual_cost: 6.0582817480234565
    efficiency: 0.905049
    discharge_ratio: 2
    depth_of_discharge: 0.9
  Pb-acid:
    cost: 132.971
    lifetime: 16.769
    annual_cost: 7.929572425308606
    efficiency: 0.65618
    discharge_ratio: 5
    depth_of_discharge: 0.5
  VRBF:
    cost: 339.257
    lifetime: 22.3807
    annual_cost: 15.158462425214582
    efficiency: 0.717981
    discharge_ratio: 0.5
    depth_of_discharge: 1.0
