cost_values:
  wind_capex: 5000.0
  wind_opex: 100
  wind_lifetime: 20
  solar_capex: 1000.0
  solar_opex: 10
  solar_lifetime: 20
  carbon_price: 1.0
timeseries_values:
  load_level: 236149.62760355003
  wind_year: 2014
  solar_year: 2013
  price_year: 2023
  carbon_year: 2023
storage_values:
  CAES:
    cost: 60.9909
    lifetime: 22.1973
    annual_cost: 2.7476720141638853
    efficiency: 0.568456
    discharge_ratio: 0.1
    depth_of_discharge: 0.4
  Li-ion:
    cost: 122.753
    lifetime: 27.079
    annual_cost: 4.533143764540788
    efficiency: 0.912133
    discharge_ratio: 2
    depth_of_discharge: 0.9
  Pb-acid:
    cost: 139.283
    lifetime: 17.4321
    annual_cost: 7.990029887391651
    efficiency: 0.655752
    discharge_ratio: 5
    depth_of_discharge: 0.5
  VRBF:
    cost: 341.232
    lifetime: 21.059
    annual_cost: 16.20361840543236
    efficiency: 0.710127
    discharge_ratio: 0.5
    depth_of_discharge: 1.0
