cost_values:
  wind_capex: 5000.0
  wind_opex: 100
  wind_lifetime: 20
  solar_capex: 1000.0
  solar_opex: 10
  solar_lifetime: 20
  carbon_price: 1.0
timeseries_values:
  load_level: 236149.62760355003
  wind_year: 2014
  solar_year: 2013
  price_year: 2023
  carbon_year: 2023
storage_values:
  CAES:
    cost: 55.9296
    lifetime: 21.7675
    annual_cost: 2.569408521878948
    efficiency: 0.583916
    discharge_ratio: 0.1
    depth_of_discharge: 0.4
  Li-ion:
    cost: 138.45
    lifetime: 25.3002
    annual_cost: 5.472288756610619
    efficiency: 0.912737
    discharge_ratio: 2
    depth_of_discharge: 0.9
  Pb-acid:
    cost: 138.108
    lifetime: 19.1313
    annual_cost: 7.21895532452055
    efficiency: 0.660686
    discharge_ratio: 5
    depth_of_discharge: 0.5
  VRBF:
    cost: 334.188
    lifetime: 21.2118
    annual_cost: 15.754815715780838
    efficiency: 0.702821
    discharge_ratio: 0.5
    depth_of_discharge: 1.0
