cost_values:
  wind_capex: 5000.0
  wind_opex: 100
  wind_lifetime: 20
  solar_capex: 1000.0
  solar_opex: 10
  solar_lifetime: 20
  carbon_price: 1.0
timeseries_values:
  load_level: 236149.62760355003
  wind_year: 2014
  solar_year: 2013
  price_year: 2023
  carbon_year: 2023
storage_values:
  CAES:
    cost: 55.1567
    lifetime: 22.1394
    annual_cost: 2.491336711925346
    efficiency: 0.572087
    discharge_ratio: 0.1
    depth_of_discharge: 0.4
  Li-ion:
    cost: 125.893
    lifetime: 25.5128
    annual_cost: 4.934503464927409
    efficiency: 0.904653
    discharge_ratio: 2
    depth_of_discharge: 0.9
  Pb-acid:
    cost: 154.971
    lifetime: 16.6156
    annual_cost: 9.326837429885169
    efficiency: 0.668385
    discharge_ratio: 5
    depth_of_discharge: 0.5
  VRBF:
    cost: 317.572
    lifetime: 22.3328
    annual_cost: 14.219981372689498
    efficiency: 0.70899
    discharge_ratio: 0.5
    depth_of_discharge: 1.0
