cost_values:
  wind_capex: 5000.0
  wind_opex: 100
  wind_lifetime: 20
  solar_capex: 1000.0
  solar_opex: 10
  solar_lifetime: 20
  carbon_price: 1.0
timeseries_values:
  load_level: 236149.62760355003
  wind_year: 2014
  solar_year: 2013
  price_year: 2023
  carbon_year: 2023
storage_values:
  CAES:
    cost: 59.1622
    lifetime: 22.7259
    annual_cost: 2.603294038959953
    efficiency: 0.565978
    discharge_ratio: 0.1
    depth_of_discharge: 0.4
  Li-ion:
    cost: 117.224
    lifetime: 24.3043
    annual_cost: 4.823179437383508
    efficiency: 0.896868
    discharge_ratio: 2
    depth_of_discharge: 0.9
  Pb-acid:
    cost: 135.452
    lifetime: 16.9104
    annual_cost: 8.009982022897152
    efficiency: 0.665201
    discharge_ratio: 5
    depth_of_discharge: 0.5
  VRBF:
    cost: 298.508
    lifetime: 22.0425
    annual_cost: 13.542384030849494
    efficiency: 0.717897
    discharge_ratio: 0.5
    depth_of_discharge: 1.0
