cost_values:
  wind_capex: 5000.0
  wind_opex: 100
  wind_lifetime: 20
  solar_capex: 1000.0
  solar_opex: 10
  solar_lifetime: 20
  carbon_price: 1.0
timeseries_values:
  load_level: 236149.62760355003
  wind_year: 2014
  solar_year: 2013
  price_year: 2023
  carbon_year: 2023
storage_values:
  CAES:
    cost: 57.9291
    lifetime: 22.4729
    annual_cost: 2.577731400931789
    efficiency: 0.565199
    discharge_ratio: 0.1
    depth_of_discharge: 0.4
  Li-ion:
    cost: 160.601
    lifetime: 24.4363
    annual_cost: 6.572230656850669
    efficiency: 0.912237
    discharge_ratio: 2
    depth_of_discharge: 0.9
  Pb-acid:
    cost: 157.73
    lifetime: 18.8449
    annual_cost: 8.36990379359933
    efficiency: 0.660508
    discharge_ratio: 5
    depth_of_discharge: 0.5
  VRBF:
    cost: 307.113
    lifetime: 21.526
    annual_cost: 14.26707237758989
    efficiency: 0.707533
    discharge_ratio: 0.5
    depth_of_discharge: 1.0
