cost_values:
  wind_capex: 5000.0
  wind_opex: 100
  wind_lifetime: 20
  solar_capex: 1000.0
  solar_opex: 10
  solar_lifetime: 20
  carbon_price: 1.0
timeseries_values:
  load_level: 236149.62760355003
  wind_year: 2014
  solar_year: 2013
  price_year: 2023
  carbon_year: 2023
storage_values:
  CAES:
    cost: 58.0363
    lifetime: 23.3901
    annual_cost: 2.481233513324013
    efficiency: 0.56676
    discharge_ratio: 0.1
    depth_of_discharge: 0.4
  Li-ion:
    cost: 129.423
    lifetime: 25.4311
    annual_cost: 5.089162482157673
    efficiency: 0.891097
    discharge_ratio: 2
    depth_of_discharge: 0.9
  Pb-acid:
    cost: 150.235
    lifetime: 17.3888
    annual_cost: 8.639756624953995
    efficiency: 0.674186
    discharge_ratio: 5
    depth_of_discharge: 0.5
  VRBF:
    cost: 348.535
    lifetime: 22.7071
    annual_cost: 15.349163917893524
    efficiency: 0.716421
    discharge_ratio: 0.5
    depth_of_discharge: 1.0
