cost_values:
  wind_capex: 5000.0
  wind_opex: 100
  wind_lifetime: 20
  solar_capex: 1000.0
  solar_opex: 10
  solar_lifetime: 20
  carbon_price: 1.0
timeseries_values:
  load_level: 236149.62760355003
  wind_year: 2014
  solar_year: 2013
  price_year: 2023
  carbon_year: 2023
storage_values:
  CAES:
    cost: 51.8737
    lifetime: 22.857
    annual_cost: 2.269488559303496
    efficiency: 0.5693
    discharge_ratio: 0.1
    depth_of_discharge: 0.4
  Li-ion:
    cost: 157.162
    lifetime: 22.5687
    annual_cost: 6.963715233930178
    efficiency: 0.907902
    discharge_ratio: 2
    depth_of_discharge: 0.9
  Pb-acid:
    cost: 156.874
    lifetime: 17.5044
    annual_cost: 8.961975274788053
    efficiency: 0.669409
    discharge_ratio: 5
    depth_of_discharge: 0.5
  VRBF:
    cost: 322.613
    lifetime: 23.3806
    annual_cost: 13.798319974679861
    efficiency: 0.710624
    discharge_ratio: 0.5
    depth_of_discharge: 1.0
