cost_values:
  wind_capex: 5000.0
  wind_opex: 100
  wind_lifetime: 20
  solar_capex: 1000.0
  solar_opex: 10
  solar_lifetime: 20
  carbon_price: 1.0
timeseries_values:
  load_level: 236149.62760355003
  wind_year: 2014
  solar_year: 2013
  price_year: 2023
  carbon_year: 2023
storage_values:
  CAES:
    cost: 53.5189
    lifetime: 22.2224
    annual_cost: 2.4083312333501334
    efficiency: 0.563482
    discharge_ratio: 0.1
    depth_of_discharge: 0.4
  Li-ion:
    cost: 133.108
    lifetime: 24.5177
    annual_cost: 5.42905737487611
    efficiency: 0.905992
    discharge_ratio: 2
    depth_of_discharge: 0.9
  Pb-acid:
    cost: 158.894
    lifetime: 16.7329
    annual_cost: 9.495903280363834
    efficiency: 0.673108
    discharge_ratio: 5
    depth_of_discharge: 0.5
  VRBF:
    cost: 342.926
    lifetime: 22.157
    annual_cost: 15.477095274631042
    efficiency: 0.718511
    discharge_ratio: 0.5
    depth_of_discharge: 1.0
