cost_values:
  wind_capex: 5000.0
  wind_opex: 100
  wind_lifetime: 20
  solar_capex: 1000.0
  solar_opex: 10
  solar_lifetime: 20
  carbon_price: 1.0
timeseries_values:
  load_level: 236149.62760355003
  wind_year: 2014
  solar_year: 2013
  price_year: 2023
  carbon_year: 2023
storage_values:
  CAES:
    cost: 59.0765
    lifetime: 21.947
    annual_cost: 2.691780197749123
    efficiency: 0.561613
    discharge_ratio: 0.1
    depth_of_discharge: 0.4
  Li-ion:
    cost: 143.282
    lifetime: 25.9728
    annual_cost: 5.516617384340542
    efficiency: 0.907921
    discharge_ratio: 2
    depth_of_discharge: 0.9
  Pb-acid:
    cost: 143.334
    lifetime: 18.1078
    annual_cost: 7.915594384740277
    efficiency: 0.662491
    discharge_ratio: 5
    depth_of_discharge: 0.5
  VRBF:
    cost: 334.692
    lifetime: 22.3321
    annual_cost: 14.987036597543446
    efficiency: 0.710609
    discharge_ratio: 0.5
    depth_of_discharge: 1.0
