cost_values:
  wind_capex: 5000.0
  wind_opex: 100
  wind_lifetime: 20
  solar_capex: 1000.0
  solar_opex: 10
  solar_lifetime: 20
  carbon_price: 1.0
timeseries_values:
  load_level: 236149.62760355003
  wind_year: 2014
  solar_year: 2013
  price_year: 2023
  carbon_year: 2023
storage_values:
  CAES:
    cost: 58.3993
    lifetime: 22.7632
    annual_cost: 2.565513636044141
    efficiency: 0.573181
    discharge_ratio: 0.1
    depth_of_discharge: 0.4
  Li-ion:
    cost: 141.193
    lifetime: 25.8061
    annual_cost: 5.471303296507415
    efficiency: 0.91103
    discharge_ratio: 2
    depth_of_discharge: 0.9
  Pb-acid:
    cost: 160.873
    lifetime: 17.3831
    annual_cost: 9.254563340255766
    efficiency: 0.662013
    discharge_ratio: 5
    depth_of_discharge: 0.5
  VRBF:
    cost: 351.025
    lifetime: 22.5144
    annual_cost: 15.59113278612799
    efficiency: 0.69485
    discharge_ratio: 0.5
    depth_of_discharge: 1.0
