cost_values:
  wind_capex: 5000.0
  wind_opex: 100
  wind_lifetime: 20
  solar_capex: 1000.0
  solar_opex: 10
  solar_lifetime: 20
  carbon_price: 1.0
timeseries_values:
  load_level: 236149.62760355003
  wind_year: 2014
  solar_year: 2013
  price_year: 2023
  carbon_year: 2023
storage_values:
  CAES:
    cost: 57.0026
    lifetime: 21.7573
    annual_cost: 2.6199298626208214
    efficiency: 0.556511
    discharge_ratio: 0.1
    depth_of_discharge: 0.4
  Li-ion:
    cost: 140.246
    lifetime: 25.1467
    annual_cost: 5.577113497993773
    efficiency: 0.919185
    discharge_ratio: 2
    depth_of_discharge: 0.9
  Pb-acid:
    cost: 144.237
    lifetime: 18.2192
    annual_cost: 7.916758145253358
    efficiency: 0.660349
    discharge_ratio: 5
    depth_of_discharge: 0.5
  VRBF:
    cost: 364.767
    lifetime: 23.6577
    annual_cost: 15.41853180993926
    efficiency: 0.701765
    discharge_ratio: 0.5
    depth_of_discharge: 1.0
