cost_values:
  wind_capex: 5000.0
  wind_opex: 100
  wind_lifetime: 20
  solar_capex: 1000.0
  solar_opex: 10
  solar_lifetime: 20
  carbon_price: 1.0
timeseries_values:
  load_level: 236149.62760355003
  wind_year: 2014
  solar_year: 2013
  price_year: 2023
  carbon_year: 2023
storage_values:
  CAES:
    cost: 53.7389
    lifetime: 23.1301
    annual_cost: 2.3233319354434268
    efficiency: 0.560472
    discharge_ratio: 0.1
    depth_of_discharge: 0.4
  Li-ion:
    cost: 133.376
    lifetime: 23.1757
    annual_cost: 5.754993376683337
    efficiency: 0.882429
    discharge_ratio: 2
    depth_of_discharge: 0.9
  Pb-acid:
    cost: 173.867
    lifetime: 19.7341
    annual_cost: 8.810485403438717
    efficiency: 0.672865
    discharge_ratio: 5
    depth_of_discharge: 0.5
  VRBF:
    cost: 348.002
    lifetime: 19.8543
    annual_cost: 17.52778994978418
    efficiency: 0.701271
    discharge_ratio: 0.5
    depth_of_discharge: 1.0
