cost_values:
  wind_capex: 5000.0
  wind_opex: 100
  wind_lifetime: 20
  solar_capex: 1000.0
  solar_opex: 10
  solar_lifetime: 20
  carbon_price: 1.0
timeseries_values:
  load_level: 236149.62760355003
  wind_year: 2014
  solar_year: 2013
  price_year: 2023
  carbon_year: 2023
storage_values:
  CAES:
    cost: 52.8593
    lifetime: 23.1295
    annual_cost: 2.2853628483105988
    efficiency: 0.579942
    discharge_ratio: 0.1
    depth_of_discharge: 0.4
  Li-ion:
    cost: 155.595
    lifetime: 25.3587
    annual_cost: 6.135764057305777
    efficiency: 0.901154
    discharge_ratio: 2
    depth_of_discharge: 0.9
  Pb-acid:
    cost: 142.71
    lifetime: 17.8353
    annual_cost: 8.001547492893307
    efficiency: 0.676509
    discharge_ratio: 5
    depth_of_discharge: 0.5
  VRBF:
    cost: 364.91
    lifetime: 22.2312
    annual_cost: 16.414318615279427
    efficiency: 0.687063
    discharge_ratio: 0.5
    depth_of_discharge: 1.0
