cost_values:
  wind_capex: 5000.0
  wind_opex: 100
  wind_lifetime: 20
  solar_capex: 1000.0
  solar_opex: 10
  solar_lifetime: 20
  carbon_price: 1.0
timeseries_values:
  load_level: 236149.62760355003
  wind_year: 2014
  solar_year: 2013
  price_year: 2023
  carbon_year: 2023
storage_values:
  CAES:
    cost: 59.8222
    lifetime: 22.2622
    annual_cost: 2.6871647905418152
    efficiency: 0.564674
    discharge_ratio: 0.1
    depth_of_discharge: 0.4
  Li-ion:
    cost: 144.554
    lifetime: 24.1873
    annual_cost: 5.976442182467658
    efficiency: 0.91537
    discharge_ratio: 2
    depth_of_discharge: 0.9
  Pb-acid:
    cost: 164.346
    lifetime: 18.9831
    annual_cost: 8.657490083284605
    efficiency: 0.665984
    discharge_ratio: 5
    depth_of_discharge: 0.5
  VRBF:
    cost: 312.963
    lifetime: 20.7725
    annual_cost: 15.066217354675654
    efficiency: 0.707323
    discharge_ratio: 0.5
    depth_of_discharge: 1.0
