cost_values:
  wind_capex: 5000.0
  wind_opex: 100
  wind_lifetime: 20
  solar_capex: 1000.0
  solar_opex: 10
  solar_lifetime: 20
  carbon_price: 1.0
timeseries_values:
  load_level: 236149.62760355003
  wind_year: 2014
  solar_year: 2013
  price_year: 2023
  carbon_year: 2023
storage_values:
  CAES:
    cost: 54.2144
    lifetime: 22.6835
    annual_cost: 2.390036810897789
    efficiency: 0.57266
    discharge_ratio: 0.1
    depth_of_discharge: 0.4
  Li-ion:
    cost: 151.385
    lifetime: 25.8609
    annual_cost: 5.853817925903583
    efficiency: 0.910069
    discharge_ratio: 2
    depth_of_discharge: 0.9
  Pb-acid:
    cost: 160.338
    lifetime: 15.41
    annual_cost: 10.404802076573652
    efficiency: 0.662495
    discharge_ratio: 5
    depth_of_discharge: 0.5
  VRBF:
    cost: 345.27
    lifetime: 23.853
    annual_cost: 14.474908816501067
    efficiency: 0.685738
    discharge_ratio: 0.5
    depth_of_discharge: 1.0
