cost_values:
  wind_capex: 5000.0
  wind_opex: 100
  wind_lifetime: 20
  solar_capex: 1000.0
  solar_opex: 10
  solar_lifetime: 20
  carbon_price: 1.0
timeseries_values:
  load_level: 236149.62760355003
  wind_year: 2014
  solar_year: 2013
  price_year: 2023
  carbon_year: 2023
storage_values:
  CAES:
    cost: 57.6966
    lifetime: 22.77
    annual_cost: 2.5338866930171275
    efficiency: 0.572964
    discharge_ratio: 0.1
    depth_of_discharge: 0.4
  Li-ion:
    cost: 137.781
    lifetime: 24.2337
    annual_cost: 5.685512323747509
    efficiency: 0.90453
    discharge_ratio: 2
    depth_of_discharge: 0.9
  Pb-acid:
    cost: 151.425
    lifetime: 19.0514
    annual_cost: 7.948234775397084
    efficiency: 0.654506
    discharge_ratio: 5
    depth_of_discharge: 0.5
  VRBF:
    cost: 292.804
    lifetime: 21.5052
    annual_cost: 13.615497647080705
    efficiency: 0.672744
    discharge_ratio: 0.5
    depth_of_discharge: 1.0
