cost_values:
  wind_capex: 5000.0
  wind_opex: 100
  wind_lifetime: 20
  solar_capex: 1000.0
  solar_opex: 10
  solar_lifetime: 20
  carbon_price: 1.0
timeseries_values:
  load_level: 236149.62760355003
  wind_year: 2014
  solar_year: 2013
  price_year: 2023
  carbon_year: 2023
storage_values:
  CAES:
    cost: 60.9078
    lifetime: 22.8393
    annual_cost: 2.666798019203741
    efficiency: 0.561763
    discharge_ratio: 0.1
    depth_of_discharge: 0.4
  Li-ion:
    cost: 150.5
    lifetime: 24.5531
    annual_cost: 6.129572233241424
    efficiency: 0.902058
    discharge_ratio: 2
    depth_of_discharge: 0.9
  Pb-acid:
    cost: 146.342
    lifetime: 17.6
    annual_cost: 8.314886363636363
    efficiency: 0.656832
    discharge_ratio: 5
    depth_of_discharge: 0.5
  VRBF:
    cost: 325.632
    lifetime: 21.274
    annual_cost: 15.306571401711007
    efficiency: 0.707066
    discharge_ratio: 0.5
    depth_of_discharge: 1.0
