cost_values:
  wind_capex: 5000.0
  wind_opex: 100
  wind_lifetime: 20
  solar_capex: 1000.0
  solar_opex: 10
  solar_lifetime: 20
  carbon_price: 1.0
timeseries_values:
  load_level: 236149.62760355003
  wind_year: 2014
  solar_year: 2013
  price_year: 2023
  carbon_year: 2023
storage_values:
  CAES:
    cost: 58.5957
    lifetime: 21.7183
    annual_cost: 2.697987411537736
    efficiency: 0.574229
    discharge_ratio: 0.1
    depth_of_discharge: 0.4
  Li-ion:
    cost: 139.666
    lifetime: 23.9702
    annual_cost: 5.826651425520021
    efficiency: 0.899449
    discharge_ratio: 2
    depth_of_discharge: 0.9
  Pb-acid:
    cost: 131.862
    lifetime: 17.0057
    annual_cost: 7.753988368605819
    efficiency: 0.659533
    discharge_ratio: 5
    depth_of_discharge: 0.5
  VRBF:
    cost: 319.739
    lifetime: 22.8342
    annual_cost: 14.00263639628277
    efficiency: 0.70628
    discharge_ratio: 0.5
    depth_of_discharge: 1.0
