cost_values:
  wind_capex: 5000.0
  wind_opex: 100
  wind_lifetime: 20
  solar_capex: 1000.0
  solar_opex: 10
  solar_lifetime: 20
  carbon_price: 1.0
timeseries_values:
  load_level: 236149.62760355003
  wind_year: 2014
  solar_year: 2013
  price_year: 2023
  carbon_year: 2023
storage_values:
  CAES:
    cost: 57.1375
    lifetime: 23.5185
    annual_cost: 2.4294704169058403
    efficiency: 0.571005
    discharge_ratio: 0.1
    depth_of_discharge: 0.4
  Li-ion:
    cost: 127.435
    lifetime: 23.7049
    annual_cost: 5.3758927479128795
    efficiency: 0.90831
    discharge_ratio: 2
    depth_of_discharge: 0.9
  Pb-acid:
    cost: 151.28
    lifetime: 17.7028
    annual_cost: 8.545540818401609
    efficiency: 0.659718
    discharge_ratio: 5
    depth_of_discharge: 0.5
  VRBF:
    cost: 323.498
    lifetime: 21.6446
    annual_cost: 14.945898746107574
    efficiency: 0.70104
    discharge_ratio: 0.5
    depth_of_discharge: 1.0
