cost_values:
  wind_capex: 5000.0
  wind_opex: 100
  wind_lifetime: 20
  solar_capex: 1000.0
  solar_opex: 10
  solar_lifetime: 20
  carbon_price: 1.0
timeseries_values:
  load_level: 236149.62760355003
  wind_year: 2014
  solar_year: 2013
  price_year: 2023
  carbon_year: 2023
storage_values:
  CAES:
    cost: 54.4871
    lifetime: 22.6036
    annual_cost: 2.4105496469588914
    efficiency: 0.576722
    discharge_ratio: 0.1
    depth_of_discharge: 0.4
  Li-ion:
    cost: 153.695
    lifetime: 25.8762
    annual_cost: 5.939627920637497
    efficiency: 0.899451
    discharge_ratio: 2
    depth_of_discharge: 0.9
  Pb-acid:
    cost: 132.421
    lifetime: 16.6512
    annual_cost: 7.9526400499663685
    efficiency: 0.669898
    discharge_ratio: 5
    depth_of_discharge: 0.5
  VRBF:
    cost: 364.138
    lifetime: 21.4274
    annual_cost: 16.994035673950176
    efficiency: 0.697725
    discharge_ratio: 0.5
    depth_of_discharge: 1.0
