cost_values:
  wind_capex: 5000.0
  wind_opex: 100
  wind_lifetime: 20
  solar_capex: 1000.0
  solar_opex: 10
  solar_lifetime: 20
  carbon_price: 1.0
timeseries_values:
  load_level: 236149.62760355003
  wind_year: 2014
  solar_year: 2013
  price_year: 2023
  carbon_year: 2023
storage_values:
  CAES:
    cost: 52.0373
    lifetime: 22.6119
    annual_cost: 2.301323639322658
    efficiency: 0.567983
    discharge_ratio: 0.1
    depth_of_discharge: 0.4
  Li-ion:
    cost: 110.23
    lifetime: 23.6322
    annual_cost: 4.664398574825873
    efficiency: 0.922436
    discharge_ratio: 2
    depth_of_discharge: 0.9
  Pb-acid:
    cost: 141.705
    lifetime: 18.3692
    annual_cost: 7.714271715698017
    efficiency: 0.652758
    discharge_ratio: 5
    depth_of_discharge: 0.5
  VRBF:
    cost: 353.172
    lifetime: 21.1053
    annual_cost: 16.733806200338304
    efficiency: 0.695585
    discharge_ratio: 0.5
    depth_of_discharge: 1.0
