cost_values:
  wind_capex: 5000.0
  wind_opex: 100
  wind_lifetime: 20
  solar_capex: 1000.0
  solar_opex: 10
  solar_lifetime: 20
  carbon_price: 1.0
timeseries_values:
  load_level: 236149.62760355003
  wind_year: 2014
  solar_year: 2013
  price_year: 2023
  carbon_year: 2023
storage_values:
  CAES:
    cost: 53.3003
    lifetime: 21.5757
    annual_cost: 2.4703856653550056
    efficiency: 0.563123
    discharge_ratio: 0.1
    depth_of_discharge: 0.4
  Li-ion:
    cost: 130.556
    lifetime: 26.1535
    annual_cost: 4.9919131282619915
    efficiency: 0.931599
    discharge_ratio: 2
    depth_of_discharge: 0.9
  Pb-acid:
    cost: 155.724
    lifetime: 16.8704
    annual_cost: 9.230605083459787
    efficiency: 0.657986
    discharge_ratio: 5
    depth_of_discharge: 0.5
  VRBF:
    cost: 333.683
    lifetime: 21.4189
    annual_cost: 15.578904612281676
    efficiency: 0.720906
    discharge_ratio: 0.5
    depth_of_discharge: 1.0
