cost_values:
  wind_capex: 5000.0
  wind_opex: 100
  wind_lifetime: 20
  solar_capex: 1000.0
  solar_opex: 10
  solar_lifetime: 20
  carbon_price: 1.0
timeseries_values:
  load_level: 236149.62760355003
  wind_year: 2014
  solar_year: 2013
  price_year: 2023
  carbon_year: 2023
storage_values:
  CAES:
    cost: 58.3945
    lifetime: 22.41
    annual_cost: 2.6057340473003126
    efficiency: 0.570572
    discharge_ratio: 0.1
    depth_of_discharge: 0.4
  Li-ion:
    cost: 145.815
    lifetime: 26.2495
    annual_cost: 5.55496295167527
    efficiency: 0.90803
    discharge_ratio: 2
    depth_of_discharge: 0.9
  Pb-acid:
    cost: 128.379
    lifetime: 18.6453
    annual_cost: 6.885327669707648
    efficiency: 0.664797
    discharge_ratio: 5
    depth_of_discharge: 0.5
  VRBF:
    cost: 343.691
    lifetime: 20.3107
    annual_cost: 16.92167182814969
    efficiency: 0.702276
    discharge_ratio: 0.5
    depth_of_discharge: 1.0
