cost_values:
  wind_capex: 5000.0
  wind_opex: 100
  wind_lifetime: 20
  solar_capex: 1000.0
  solar_opex: 10
  solar_lifetime: 20
  carbon_price: 1.0
timeseries_values:
  load_level: 236149.62760355003
  wind_year: 2014
  solar_year: 2013
  price_year: 2023
  carbon_year: 2023
storage_values:
  CAES:
    cost: 57.562
    lifetime: 22.7347
    annual_cost: 2.5319005748921253
    efficiency: 0.564682
    discharge_ratio: 0.1
    depth_of_discharge: 0.4
  Li-ion:
    cost: 142.897
    lifetime: 24.7871
    annual_cost: 5.764974523038193
    efficiency: 0.895663
    discharge_ratio: 2
    depth_of_discharge: 0.9
  Pb-acid:
    cost: 143.664
    lifetime: 18.2639
    annual_cost: 7.866008902808272
    efficiency: 0.677437
    discharge_ratio: 5
    depth_of_discharge: 0.5
  VRBF:
    cost: 308.463
    lifetime: 19.8755
    annual_cost: 15.519760509169583
    efficiency: 0.700095
    discharge_ratio: 0.5
    depth_of_discharge: 1.0
