cost_values:
  wind_capex: 5000.0
  wind_opex: 100
  wind_lifetime: 20
  solar_capex: 1000.0
  solar_opex: 10
  solar_lifetime: 20
  carbon_price: 1.0
timeseries_values:
  load_level: 236149.62760355003
  wind_year: 2014
  solar_year: 2013
  price_year: 2023
  carbon_year: 2023
storage_values:
  CAES:
    cost: 59.9582
    lifetime: 21.7438
    annual_cost: 2.7574848922451456
    efficiency: 0.557369
    discharge_ratio: 0.1
    depth_of_discharge: 0.4
  Li-ion:
    cost: 137.25
    lifetime: 27.8766
    annual_cost: 4.923484212565377
    efficiency: 0.917511
    discharge_ratio: 2
    depth_of_discharge: 0.9
  Pb-acid:
    cost: 159.283
    lifetime: 16.5537
    annual_cost: 9.622199266629213
    efficiency: 0.665986
    discharge_ratio: 5
    depth_of_discharge: 0.5
  VRBF:
    cost: 338.4
    lifetime: 22.7755
    annual_cost: 14.858071172970954
    efficiency: 0.718204
    discharge_ratio: 0.5
    depth_of_discharge: 1.0
