cost_values:
  wind_capex: 5000.0
  wind_opex: 100
  wind_lifetime: 20
  solar_capex: 1000.0
  solar_opex: 10
  solar_lifetime: 20
  carbon_price: 1.0
timeseries_values:
  load_level: 236149.62760355003
  wind_year: 2014
  solar_year: 2013
  price_year: 2023
  carbon_year: 2023
storage_values:
  CAES:
    cost: 62.244
    lifetime: 22.2666
    annual_cost: 2.7953975910107514
    efficiency: 0.566525
    discharge_ratio: 0.1
    depth_of_discharge: 0.4
  Li-ion:
    cost: 142.831
    lifetime: 25.3707
    annual_cost: 5.629761890684923
    efficiency: 0.896481
    discharge_ratio: 2
    depth_of_discharge: 0.9
  Pb-acid:
    cost: 153.612
    lifetime: 16.6946
    annual_cost: 9.201298623507002
    efficiency: 0.667071
    discharge_ratio: 5
    depth_of_discharge: 0.5
  VRBF:
    cost: 367.203
    lifetime: 22.8178
    annual_cost: 16.092831035419717
    efficiency: 0.728076
    discharge_ratio: 0.5
    depth_of_discharge: 1.0
