cost_values:
  wind_capex: 5000.0
  wind_opex: 100
  wind_lifetime: 20
  solar_capex: 1000.0
  solar_opex: 10
  solar_lifetime: 20
  carbon_price: 1.0
timeseries_values:
  load_level: 236149.62760355003
  wind_year: 2014
  solar_year: 2013
  price_year: 2023
  carbon_year: 2023
storage_values:
  CAES:
    cost: 55.3826
    lifetime: 22.7373
    annual_cost: 2.435759742801476
    efficiency: 0.565543
    discharge_ratio: 0.1
    depth_of_discharge: 0.4
  Li-ion:
    cost: 156.72
    lifetime: 24.6738
    annual_cost: 6.351676677285218
    efficiency: 0.889137
    discharge_ratio: 2
    depth_of_discharge: 0.9
  Pb-acid:
    cost: 139.717
    lifetime: 18.4533
    annual_cost: 7.571382896284135
    efficiency: 0.68199
    discharge_ratio: 5
    depth_of_discharge: 0.5
  VRBF:
    cost: 314.21
    lifetime: 21.7571
    annual_cost: 14.441722472204473
    efficiency: 0.697715
    discharge_ratio: 0.5
    depth_of_discharge: 1.0
