cost_values:
  wind_capex: 5000.0
  wind_opex: 100
  wind_lifetime: 20
  solar_capex: 1000.0
  solar_opex: 10
  solar_lifetime: 20
  carbon_price: 1.0
timeseries_values:
  load_level: 236149.62760355003
  wind_year: 2014
  solar_year: 2013
  price_year: 2023
  carbon_year: 2023
storage_values:
  CAES:
    cost: 57.3371
    lifetime: 22.8955
    annual_cost: 2.504295603939639
    efficiency: 0.571225
    discharge_ratio: 0.1
    depth_of_discharge: 0.4
  Li-ion:
    cost: 113.199
    lifetime: 24.5178
    annual_cost: 4.617012945696596
    efficiency: 0.904826
    discharge_ratio: 2
    depth_of_discharge: 0.9
  Pb-acid:
    cost: 149.112
    lifetime: 15.6746
    annual_cost: 9.512970027943297
    efficiency: 0.656122
    discharge_ratio: 5
    depth_of_discharge: 0.5
  VRBF:
    cost: 357.241
    lifetime: 21.7902
    annual_cost: 16.394571871758863
    efficiency: 0.709191
    discharge_ratio: 0.5
    depth_of_discharge: 1.0
