cost_values:
  wind_capex: 5000.0
  wind_opex: 100
  wind_lifetime: 20
  solar_capex: 1000.0
  solar_opex: 10
  solar_lifetime: 20
  carbon_price: 1.0
timeseries_values:
  load_level: 236149.62760355003
  wind_year: 2014
  solar_year: 2013
  price_year: 2023
  carbon_year: 2023
storage_values:
  CAES:
    cost: 55.1797
    lifetime: 22.5053
    annual_cost: 2.4518535633828478
    efficiency: 0.567322
    discharge_ratio: 0.1
    depth_of_discharge: 0.4
  Li-ion:
    cost: 124.824
    lifetime: 24.4905
    annual_cost: 5.096833466037851
    efficiency: 0.894854
    discharge_ratio: 2
    depth_of_discharge: 0.9
  Pb-acid:
    cost: 164.794
    lifetime: 19.0578
    annual_cost: 8.647063144749133
    efficiency: 0.667877
    discharge_ratio: 5
    depth_of_discharge: 0.5
  VRBF:
    cost: 346.054
    lifetime: 22.1813
    annual_cost: 15.601159535284225
    efficiency: 0.682274
    discharge_ratio: 0.5
    depth_of_discharge: 1.0
