cost_values:
  wind_capex: 5000.0
  wind_opex: 100
  wind_lifetime: 20
  solar_capex: 1000.0
  solar_opex: 10
  solar_lifetime: 20
  carbon_price: 1.0
timeseries_values:
  load_level: 236149.62760355003
  wind_year: 2014
  solar_year: 2013
  price_year: 2023
  carbon_year: 2023
storage_values:
  CAES:
    cost: 61.4446
    lifetime: 22.0451
    annual_cost: 2.7872225573937066
    efficiency: 0.565339
    discharge_ratio: 0.1
    depth_of_discharge: 0.4
  Li-ion:
    cost: 134.808
    lifetime: 24.957
    annual_cost: 5.401610770525303
    efficiency: 0.899078
    discharge_ratio: 2
    depth_of_discharge: 0.9
  Pb-acid:
    cost: 161.042
    lifetime: 18.6845
    annual_cost: 8.619015761727635
    efficiency: 0.678734
    discharge_ratio: 5
    depth_of_discharge: 0.5
  VRBF:
    cost: 360.963
    lifetime: 22.2103
    annual_cost: 16.252054227092835
    efficiency: 0.704189
    discharge_ratio: 0.5
    depth_of_discharge: 1.0
