cost_values:
  wind_capex: 5000.0
  wind_opex: 100
  wind_lifetime: 20
  solar_capex: 1000.0
  solar_opex: 10
  solar_lifetime: 20
  carbon_price: 1.0
timeseries_values:
  load_level: 236149.62760355003
  wind_year: 2014
  solar_year: 2013
  price_year: 2023
  carbon_year: 2023
storage_values:
  CAES:
    cost: 62.1953
    lifetime: 22.3792
    annual_cost: 2.779156538214056
    efficiency: 0.573174
    discharge_ratio: 0.1
    depth_of_discharge: 0.4
  Li-ion:
    cost: 139.617
    lifetime: 25.1759
    annual_cost: 5.545660731096008
    efficiency: 0.903872
    discharge_ratio: 2
    depth_of_discharge: 0.9
  Pb-acid:
    cost: 156.911
    lifetime: 17.605
    annual_cost: 8.912865663163874
    efficiency: 0.669178
    discharge_ratio: 5
    depth_of_discharge: 0.5
  VRBF:
    cost: 335.003
    lifetime: 18.1372
    annual_cost: 18.47049158635291
    efficiency: 0.680975
    discharge_ratio: 0.5
    depth_of_discharge: 1.0
