cost_values:
  wind_capex: 5000.0
  wind_opex: 100
  wind_lifetime: 20
  solar_capex: 1000.0
  solar_opex: 10
  solar_lifetime: 20
  carbon_price: 1.0
timeseries_values:
  load_level: 236149.62760355003
  wind_year: 2014
  solar_year: 2013
  price_year: 2023
  carbon_year: 2023
storage_values:
  CAES:
    cost: 55.9121
    lifetime: 23.2055
    annual_cost: 2.4094331085303056
    efficiency: 0.558545
    discharge_ratio: 0.1
    depth_of_discharge: 0.4
  Li-ion:
    cost: 144.225
    lifetime: 23.6864
    annual_cost: 6.088937111591462
    efficiency: 0.912613
    discharge_ratio: 2
    depth_of_discharge: 0.9
  Pb-acid:
    cost: 150.244
    lifetime: 17.7938
    annual_cost: 8.443615191808382
    efficiency: 0.666101
    discharge_ratio: 5
    depth_of_discharge: 0.5
  VRBF:
    cost: 341.741
    lifetime: 21.6637
    annual_cost: 15.774821475555884
    efficiency: 0.71048
    discharge_ratio: 0.5
    depth_of_discharge: 1.0
