cost_values:
  wind_capex: 5000.0
  wind_opex: 100
  wind_lifetime: 20
  solar_capex: 1000.0
  solar_opex: 10
  solar_lifetime: 20
  carbon_price: 1.0
timeseries_values:
  load_level: 236149.62760355003
  wind_year: 2014
  solar_year: 2013
  price_year: 2023
  carbon_year: 2023
storage_values:
  CAES:
    cost: 58.6096
    lifetime: 22.0166
    annual_cost: 2.662064078922268
    efficiency: 0.57737
    discharge_ratio: 0.1
    depth_of_discharge: 0.4
  Li-ion:
    cost: 147.583
    lifetime: 26.1564
    annual_cost: 5.64232845498616
    efficiency: 0.89394
    discharge_ratio: 2
    depth_of_discharge: 0.9
  Pb-acid:
    cost: 160.674
    lifetime: 16.75
    annual_cost: 9.592477611940298
    efficiency: 0.668724
    discharge_ratio: 5
    depth_of_discharge: 0.5
  VRBF:
    cost: 338.65
    lifetime: 22.3137
    annual_cost: 15.176774806509004
    efficiency: 0.687854
    discharge_ratio: 0.5
    depth_of_discharge: 1.0
