cost_values:
  wind_capex: 5000.0
  wind_opex: 100
  wind_lifetime: 20
  solar_capex: 1000.0
  solar_opex: 10
  solar_lifetime: 20
  carbon_price: 1.0
timeseries_values:
  load_level: 236149.62760355003
  wind_year: 2014
  solar_year: 2013
  price_year: 2023
  carbon_year: 2023
storage_values:
  CAES:
    cost: 54.5045
    lifetime: 23.8085
    annual_cost: 2.2892874393598928
    efficiency: 0.570559
    discharge_ratio: 0.1
    depth_of_discharge: 0.4
  Li-ion:
    cost: 142.024
    lifetime: 25.0663
    annual_cost: 5.66593394318268
    efficiency: 0.899394
    discharge_ratio: 2
    depth_of_discharge: 0.9
  Pb-acid:
    cost: 136.993
    lifetime: 18.2926
    annual_cost: 7.488984616730262
    efficiency: 0.660849
    discharge_ratio: 5
    depth_of_discharge: 0.5
  VRBF:
    cost: 334.398
    lifetime: 22.2069
    annual_cost: 15.058292692811694
    efficiency: 0.710325
    discharge_ratio: 0.5
    depth_of_discharge: 1.0
