cost_values:
  wind_capex: 5000.0
  wind_opex: 100
  wind_lifetime: 20
  solar_capex: 1000.0
  solar_opex: 10
  solar_lifetime: 20
  carbon_price: 1.0
timeseries_values:
  load_level: 236149.62760355003
  wind_year: 2014
  solar_year: 2013
  price_year: 2023
  carbon_year: 2023
storage_values:
  CAES:
    cost: 60.767
    lifetime: 23.3678
    annual_cost: 2.6004587509307684
    efficiency: 0.568228
    discharge_ratio: 0.1
    depth_of_discharge: 0.4
  Li-ion:
    cost: 121.584
    lifetime: 24.6296
    annual_cost: 4.936499171728327
    efficiency: 0.894137
    discharge_ratio: 2
    depth_of_discharge: 0.9
  Pb-acid:
    cost: 151.106
    lifetime: 18.4141
    annual_cost: 8.205994319570328
    efficiency: 0.667037
    discharge_ratio: 5
    depth_of_discharge: 0.5
  VRBF:
    cost: 300.591
    lifetime: 22.2229
    annual_cost: 13.526182451435233
    efficiency: 0.723266
    discharge_ratio: 0.5
    depth_of_discharge: 1.0
