cost_values:
  wind_capex: 5000.0
  wind_opex: 100
  wind_lifetime: 20
  solar_capex: 1000.0
  solar_opex: 10
  solar_lifetime: 20
  carbon_price: 1.0
timeseries_values:
  load_level: 236149.62760355003
  wind_year: 2014
  solar_year: 2013
  price_year: 2023
  carbon_year: 2023
storage_values:
  CAES:
    cost: 57.9435
    lifetime: 22.4012
    annual_cost: 2.5866248236701606
    efficiency: 0.56691
    discharge_ratio: 0.1
    depth_of_discharge: 0.4
  Li-ion:
    cost: 156.371
    lifetime: 26.481
    annual_cost: 5.905026245232431
    efficiency: 0.908239
    discharge_ratio: 2
    depth_of_discharge: 0.9
  Pb-acid:
    cost: 115.422
    lifetime: 17.854
    annual_cost: 6.464769799484709
    efficiency: 0.66967
    discharge_ratio: 5
    depth_of_discharge: 0.5
  VRBF:
    cost: 334.499
    lifetime: 24.595
    annual_cost: 13.600284610693231
    efficiency: 0.698278
    discharge_ratio: 0.5
    depth_of_discharge: 1.0
