cost_values:
  wind_capex: 5000.0
  wind_opex: 100
  wind_lifetime: 20
  solar_capex: 1000.0
  solar_opex: 10
  solar_lifetime: 20
  carbon_price: 1.0
timeseries_values:
  load_level: 236149.62760355003
  wind_year: 2014
  solar_year: 2013
  price_year: 2023
  carbon_year: 2023
storage_values:
  CAES:
    cost: 56.2828
    lifetime: 22.838
    annual_cost: 2.46443646553989
    efficiency: 0.568701
    discharge_ratio: 0.1
    depth_of_discharge: 0.4
  Li-ion:
    cost: 150.88
    lifetime: 25.42
    annual_cost: 5.935483870967741
    efficiency: 0.913081
    discharge_ratio: 2
    depth_of_discharge: 0.9
  Pb-acid:
    cost: 168.785
    lifetime: 17.2016
    annual_cost: 9.81216863547577
    efficiency: 0.676961
    discharge_ratio: 5
    depth_of_discharge: 0.5
  VRBF:
    cost: 349.109
    lifetime: 20.6621
    annual_cost: 16.896104461792365
    efficiency: 0.700618
    discharge_ratio: 0.5
    depth_of_discharge: 1.0
