cost_values:
  wind_capex: 5000.0
  wind_opex: 100
  wind_lifetime: 20
  solar_capex: 1000.0
  solar_opex: 10
  solar_lifetime: 20
  carbon_price: 1.0
timeseries_values:
  load_level: 298476.246754379
  wind_year: 2012
  solar_year: 2012
  price_year: 2023
  carbon_year: 2023
storage_values:
  CAES:
    cost: 39.3824
    lifetime: 23.8377
    annual_cost: 1.6521056981168483
    efficiency: 0.593294
    discharge_ratio: 0.1
    depth_of_discharge: 0.4
  Li-ion:
    cost: 198.939
    lifetime: 17.108
    annual_cost: 11.628419452887536
    efficiency: 0.886055
    discharge_ratio: 2
    depth_of_discharge: 0.9
  Pb-acid:
    cost: 199.039
    lifetime: 8.84659
    annual_cost: 22.498951573431114
    efficiency: 0.684987
    discharge_ratio: 5
    depth_of_discharge: 0.5
  VRBF:
    cost: 349.26
    lifetime: 26.9499
    annual_cost: 12.959602818563335
    efficiency: 0.775478
    discharge_ratio: 0.5
    depth_of_discharge: 1.0
