cost_values:
  wind_capex: 5000.0
  wind_opex: 100
  wind_lifetime: 20
  solar_capex: 1000.0
  solar_opex: 10
  solar_lifetime: 20
  carbon_price: 1.0
timeseries_values:
  load_level: 298476.246754379
  wind_year: 2012
  solar_year: 2012
  price_year: 2023
  carbon_year: 2023
storage_values:
  CAES:
    cost: 34.7847
    lifetime: 22.9442
    annual_cost: 1.5160563453944789
    efficiency: 0.600693
    discharge_ratio: 0.1
    depth_of_discharge: 0.4
  Li-ion:
    cost: 205.762
    lifetime: 17.7076
    annual_cost: 11.619982380446814
    efficiency: 0.868528
    discharge_ratio: 2
    depth_of_discharge: 0.9
  Pb-acid:
    cost: 208.196
    lifetime: 8.69624
    annual_cost: 23.940921593700267
    efficiency: 0.66682
    discharge_ratio: 5
    depth_of_discharge: 0.5
  VRBF:
    cost: 359.783
    lifetime: 28.7344
    annual_cost: 12.520985299849658
    efficiency: 0.786374
    discharge_ratio: 0.5
    depth_of_discharge: 1.0
