cost_values:
  wind_capex: 5000.0
  wind_opex: 100
  wind_lifetime: 20
  solar_capex: 1000.0
  solar_opex: 10
  solar_lifetime: 20
  carbon_price: 1.0
timeseries_values:
  load_level: 298476.246754379
  wind_year: 2012
  solar_year: 2012
  price_year: 2023
  carbon_year: 2023
storage_values:
  CAES:
    cost: 34.7391
    lifetime: 22.6397
    annual_cost: 1.5344328767607345
    efficiency: 0.598595
    discharge_ratio: 0.1
    depth_of_discharge: 0.4
  Li-ion:
    cost: 213.329
    lifetime: 19.8339
    annual_cost: 10.755776725706998
    efficiency: 0.87308
    discharge_ratio: 2
    depth_of_discharge: 0.9
  Pb-acid:
    cost: 204.452
    lifetime: 10.1637
    annual_cost: 20.115902673239077
    efficiency: 0.687413
    discharge_ratio: 5
    depth_of_discharge: 0.5
  VRBF:
    cost: 344.087
    lifetime: 28.7666
    annual_cost: 11.96133710622736
    efficiency: 0.774978
    discharge_ratio: 0.5
    depth_of_discharge: 1.0
