cost_values:
  wind_capex: 5000.0
  wind_opex: 100
  wind_lifetime: 20
  solar_capex: 1000.0
  solar_opex: 10
  solar_lifetime: 20
  carbon_price: 1.0
timeseries_values:
  load_level: 298476.246754379
  wind_year: 2012
  solar_year: 2012
  price_year: 2023
  carbon_year: 2023
storage_values:
  CAES:
    cost: 37.6739
    lifetime: 23.2248
    annual_cost: 1.6221409872205577
    efficiency: 0.590846
    discharge_ratio: 0.1
    depth_of_discharge: 0.4
  Li-ion:
    cost: 239.327
    lifetime: 18.2937
    annual_cost: 13.08248194733706
    efficiency: 0.868445
    discharge_ratio: 2
    depth_of_discharge: 0.9
  Pb-acid:
    cost: 232.256
    lifetime: 9.64687
    annual_cost: 24.075788312685876
    efficiency: 0.684746
    discharge_ratio: 5
    depth_of_discharge: 0.5
  VRBF:
    cost: 337.274
    lifetime: 28.1972
    annual_cost: 11.96125856468018
    efficiency: 0.77698
    discharge_ratio: 0.5
    depth_of_discharge: 1.0
