cost_values:
  wind_capex: 5000.0
  wind_opex: 100
  wind_lifetime: 20
  solar_capex: 1000.0
  solar_opex: 10
  solar_lifetime: 20
  carbon_price: 1.0
timeseries_values:
  load_level: 298476.246754379
  wind_year: 2012
  solar_year: 2012
  price_year: 2023
  carbon_year: 2023
storage_values:
  CAES:
    cost: 35.7119
    lifetime: 22.8537
    annual_cost: 1.5626309962938167
    efficiency: 0.597836
    discharge_ratio: 0.1
    depth_of_discharge: 0.4
  Li-ion:
    cost: 226.101
    lifetime: 18.4527
    annual_cost: 12.253003625485702
    efficiency: 0.869731
    discharge_ratio: 2
    depth_of_discharge: 0.9
  Pb-acid:
    cost: 183.269
    lifetime: 10.9448
    annual_cost: 16.744846867919012
    efficiency: 0.685729
    discharge_ratio: 5
    depth_of_discharge: 0.5
  VRBF:
    cost: 339.476
    lifetime: 27.8937
    annual_cost: 12.170346709113527
    efficiency: 0.78257
    discharge_ratio: 0.5
    depth_of_discharge: 1.0
