cost_values:
  wind_capex: 5000.0
  wind_opex: 100
  wind_lifetime: 20
  solar_capex: 1000.0
  solar_opex: 10
  solar_lifetime: 20
  carbon_price: 1.0
timeseries_values:
  load_level: 298476.246754379
  wind_year: 2012
  solar_year: 2012
  price_year: 2023
  carbon_year: 2023
storage_values:
  CAES:
    cost: 31.7895
    lifetime: 22.5684
    annual_cost: 1.4085845695751582
    efficiency: 0.603984
    discharge_ratio: 0.1
    depth_of_discharge: 0.4
  Li-ion:
    cost: 230.261
    lifetime: 17.8733
    annual_cost: 12.882959498245986
    efficiency: 0.885444
    discharge_ratio: 2
    depth_of_discharge: 0.9
  Pb-acid:
    cost: 208.159
    lifetime: 10.1342
    annual_cost: 20.540249847052554
    efficiency: 0.681936
    discharge_ratio: 5
    depth_of_discharge: 0.5
  VRBF:
    cost: 307.356
    lifetime: 29.4087
    annual_cost: 10.451193014312091
    efficiency: 0.786966
    discharge_ratio: 0.5
    depth_of_discharge: 1.0
