cost_values:
  wind_capex: 5000.0
  wind_opex: 100
  wind_lifetime: 20
  solar_capex: 1000.0
  solar_opex: 10
  solar_lifetime: 20
  carbon_price: 1.0
timeseries_values:
  load_level: 298476.246754379
  wind_year: 2012
  solar_year: 2012
  price_year: 2023
  carbon_year: 2023
storage_values:
  CAES:
    cost: 41.2613
    lifetime: 23.8314
    annual_cost: 1.73138380456037
    efficiency: 0.600423
    discharge_ratio: 0.1
    depth_of_discharge: 0.4
  Li-ion:
    cost: 237.132
    lifetime: 18.1402
    annual_cost: 13.072182225113284
    efficiency: 0.896668
    discharge_ratio: 2
    depth_of_discharge: 0.9
  Pb-acid:
    cost: 180.14
    lifetime: 10.5943
    annual_cost: 17.00348300501213
    efficiency: 0.684638
    discharge_ratio: 5
    depth_of_discharge: 0.5
  VRBF:
    cost: 337.933
    lifetime: 26.4036
    annual_cost: 12.79874714054144
    efficiency: 0.801019
    discharge_ratio: 0.5
    depth_of_discharge: 1.0
