cost_values:
  wind_capex: 5000.0
  wind_opex: 100
  wind_lifetime: 20
  solar_capex: 1000.0
  solar_opex: 10
  solar_lifetime: 20
  carbon_price: 1.0
timeseries_values:
  load_level: 298476.246754379
  wind_year: 2012
  solar_year: 2012
  price_year: 2023
  carbon_year: 2023
storage_values:
  CAES:
    cost: 35.7394
    lifetime: 23.036
    annual_cost: 1.5514585865601667
    efficiency: 0.599288
    discharge_ratio: 0.1
    depth_of_discharge: 0.4
  Li-ion:
    cost: 213.769
    lifetime: 18.2229
    annual_cost: 11.730789281618184
    efficiency: 0.890983
    discharge_ratio: 2
    depth_of_discharge: 0.9
  Pb-acid:
    cost: 207.653
    lifetime: 10.3163
    annual_cost: 20.12863138916084
    efficiency: 0.672725
    discharge_ratio: 5
    depth_of_discharge: 0.5
  VRBF:
    cost: 291.039
    lifetime: 29.8561
    annual_cost: 9.748058185764382
    efficiency: 0.767368
    discharge_ratio: 0.5
    depth_of_discharge: 1.0
