cost_values:
  wind_capex: 5000.0
  wind_opex: 100
  wind_lifetime: 20
  solar_capex: 1000.0
  solar_opex: 10
  solar_lifetime: 20
  carbon_price: 1.0
timeseries_values:
  load_level: 298476.246754379
  wind_year: 2012
  solar_year: 2012
  price_year: 2023
  carbon_year: 2023
storage_values:
  CAES:
    cost: 34.2085
    lifetime: 22.1095
    annual_cost: 1.547230828376942
    efficiency: 0.606755
    discharge_ratio: 0.1
    depth_of_discharge: 0.4
  Li-ion:
    cost: 214.811
    lifetime: 16.5505
    annual_cost: 12.979124497749314
    efficiency: 0.880139
    discharge_ratio: 2
    depth_of_discharge: 0.9
  Pb-acid:
    cost: 194.519
    lifetime: 8.79504
    annual_cost: 22.116897705979735
    efficiency: 0.674989
    discharge_ratio: 5
    depth_of_discharge: 0.5
  VRBF:
    cost: 334.682
    lifetime: 27.8596
    annual_cost: 12.01316601817686
    efficiency: 0.782141
    discharge_ratio: 0.5
    depth_of_discharge: 1.0
