cost_values:
  wind_capex: 5000.0
  wind_opex: 100
  wind_lifetime: 20
  solar_capex: 1000.0
  solar_opex: 10
  solar_lifetime: 20
  carbon_price: 1.0
timeseries_values:
  load_level: 298476.246754379
  wind_year: 2012
  solar_year: 2012
  price_year: 2023
  carbon_year: 2023
storage_values:
  CAES:
    cost: 37.028
    lifetime: 24.0073
    annual_cost: 1.5423641975565765
    efficiency: 0.59264
    discharge_ratio: 0.1
    depth_of_discharge: 0.4
  Li-ion:
    cost: 209.007
    lifetime: 17.1862
    annual_cost: 12.161327111286964
    efficiency: 0.870649
    discharge_ratio: 2
    depth_of_discharge: 0.9
  Pb-acid:
    cost: 219.619
    lifetime: 9.4009
    annual_cost: 23.36148666617026
    efficiency: 0.687455
    discharge_ratio: 5
    depth_of_discharge: 0.5
  VRBF:
    cost: 330.928
    lifetime: 29.6663
    annual_cost: 11.155014275457336
    efficiency: 0.784151
    discharge_ratio: 0.5
    depth_of_discharge: 1.0
