cost_values:
  wind_capex: 5000.0
  wind_opex: 100
  wind_lifetime: 20
  solar_capex: 1000.0
  solar_opex: 10
  solar_lifetime: 20
  carbon_price: 1.0
timeseries_values:
  load_level: 298476.246754379
  wind_year: 2012
  solar_year: 2012
  price_year: 2023
  carbon_year: 2023
storage_values:
  CAES:
    cost: 35.8956
    lifetime: 23.2847
    annual_cost: 1.5415959836287347
    efficiency: 0.593724
    discharge_ratio: 0.1
    depth_of_discharge: 0.4
  Li-ion:
    cost: 213.103
    lifetime: 16.5689
    annual_cost: 12.861626299875068
    efficiency: 0.89959
    discharge_ratio: 2
    depth_of_discharge: 0.9
  Pb-acid:
    cost: 200.164
    lifetime: 8.62916
    annual_cost: 23.1962323099815
    efficiency: 0.675373
    discharge_ratio: 5
    depth_of_discharge: 0.5
  VRBF:
    cost: 343.443
    lifetime: 28.0132
    annual_cost: 12.260041694629674
    efficiency: 0.784813
    discharge_ratio: 0.5
    depth_of_discharge: 1.0
