cost_values:
  wind_capex: 5000.0
  wind_opex: 100
  wind_lifetime: 20
  solar_capex: 1000.0
  solar_opex: 10
  solar_lifetime: 20
  carbon_price: 1.0
timeseries_values:
  load_level: 298476.246754379
  wind_year: 2012
  solar_year: 2012
  price_year: 2023
  carbon_year: 2023
storage_values:
  CAES:
    cost: 35.3211
    lifetime: 23.1245
    annual_cost: 1.527431944474475
    efficiency: 0.600235
    discharge_ratio: 0.1
    depth_of_discharge: 0.4
  Li-ion:
    cost: 194.612
    lifetime: 22.0236
    annual_cost: 8.83652082311702
    efficiency: 0.890373
    discharge_ratio: 2
    depth_of_discharge: 0.9
  Pb-acid:
    cost: 191.942
    lifetime: 10.1718
    annual_cost: 18.870013173676245
    efficiency: 0.689491
    discharge_ratio: 5
    depth_of_discharge: 0.5
  VRBF:
    cost: 351.179
    lifetime: 28.5623
    annual_cost: 12.295193314263907
    efficiency: 0.796523
    discharge_ratio: 0.5
    depth_of_discharge: 1.0
