cost_values:
  wind_capex: 5000.0
  wind_opex: 100
  wind_lifetime: 20
  solar_capex: 1000.0
  solar_opex: 10
  solar_lifetime: 20
  carbon_price: 1.0
timeseries_values:
  load_level: 298476.246754379
  wind_year: 2012
  solar_year: 2012
  price_year: 2023
  carbon_year: 2023
storage_values:
  CAES:
    cost: 34.8318
    lifetime: 23.7427
    annual_cost: 1.4670530310369083
    efficiency: 0.587624
    discharge_ratio: 0.1
    depth_of_discharge: 0.4
  Li-ion:
    cost: 217.794
    lifetime: 17.9185
    annual_cost: 12.154700449256355
    efficiency: 0.880793
    discharge_ratio: 2
    depth_of_discharge: 0.9
  Pb-acid:
    cost: 200.464
    lifetime: 9.60842
    annual_cost: 20.86336775453196
    efficiency: 0.684314
    discharge_ratio: 5
    depth_of_discharge: 0.5
  VRBF:
    cost: 305.248
    lifetime: 27.058
    annual_cost: 11.281247690147092
    efficiency: 0.791075
    discharge_ratio: 0.5
    depth_of_discharge: 1.0
