cost_values:
  wind_capex: 5000.0
  wind_opex: 100
  wind_lifetime: 20
  solar_capex: 1000.0
  solar_opex: 10
  solar_lifetime: 20
  carbon_price: 1.0
timeseries_values:
  load_level: 298476.246754379
  wind_year: 2012
  solar_year: 2012
  price_year: 2023
  carbon_year: 2023
storage_values:
  CAES:
    cost: 43.2834
    lifetime: 24.0388
    annual_cost: 1.8005640880576403
    efficiency: 0.603792
    discharge_ratio: 0.1
    depth_of_discharge: 0.4
  Li-ion:
    cost: 215.029
    lifetime: 18.139
    annual_cost: 11.854512376647003
    efficiency: 0.88272
    discharge_ratio: 2
    depth_of_discharge: 0.9
  Pb-acid:
    cost: 212.761
    lifetime: 8.37241
    annual_cost: 25.412157311932884
    efficiency: 0.685418
    discharge_ratio: 5
    depth_of_discharge: 0.5
  VRBF:
    cost: 360.891
    lifetime: 28.0049
    annual_cost: 12.886709111619753
    efficiency: 0.769221
    discharge_ratio: 0.5
    depth_of_discharge: 1.0
