cost_values:
  wind_capex: 5000.0
  wind_opex: 100
  wind_lifetime: 20
  solar_capex: 1000.0
  solar_opex: 10
  solar_lifetime: 20
  carbon_price: 1.0
timeseries_values:
  load_level: 298476.246754379
  wind_year: 2012
  solar_year: 2012
  price_year: 2023
  carbon_year: 2023
storage_values:
  CAES:
    cost: 39.0105
    lifetime: 22.8595
    annual_cost: 1.7065333887442857
    efficiency: 0.592938
    discharge_ratio: 0.1
    depth_of_discharge: 0.4
  Li-ion:
    cost: 213.476
    lifetime: 20.248
    annual_cost: 10.543065981825364
    efficiency: 0.886098
    discharge_ratio: 2
    depth_of_discharge: 0.9
  Pb-acid:
    cost: 211.317
    lifetime: 9.25751
    annual_cost: 22.826548391522127
    efficiency: 0.678716
    discharge_ratio: 5
    depth_of_discharge: 0.5
  VRBF:
    cost: 326.33
    lifetime: 28.8561
    annual_cost: 11.308874033566559
    efficiency: 0.778012
    discharge_ratio: 0.5
    depth_of_discharge: 1.0
