cost_values:
  wind_capex: 5000.0
  wind_opex: 100
  wind_lifetime: 20
  solar_capex: 1000.0
  solar_opex: 10
  solar_lifetime: 20
  carbon_price: 1.0
timeseries_values:
  load_level: 298476.246754379
  wind_year: 2012
  solar_year: 2012
  price_year: 2023
  carbon_year: 2023
storage_values:
  CAES:
    cost: 36.5016
    lifetime: 22.3632
    annual_cost: 1.6322172139944195
    efficiency: 0.598337
    discharge_ratio: 0.1
    depth_of_discharge: 0.4
  Li-ion:
    cost: 216.212
    lifetime: 17.131
    annual_cost: 12.621096258245286
    efficiency: 0.884566
    discharge_ratio: 2
    depth_of_discharge: 0.9
  Pb-acid:
    cost: 209.981
    lifetime: 8.51128
    annual_cost: 24.670907313588557
    efficiency: 0.67414
    discharge_ratio: 5
    depth_of_discharge: 0.5
  VRBF:
    cost: 339.619
    lifetime: 27.6247
    annual_cost: 12.294033962359773
    efficiency: 0.793427
    discharge_ratio: 0.5
    depth_of_discharge: 1.0
