cost_values:
  wind_capex: 5000.0
  wind_opex: 100
  wind_lifetime: 20
  solar_capex: 1000.0
  solar_opex: 10
  solar_lifetime: 20
  carbon_price: 1.0
timeseries_values:
  load_level: 298476.246754379
  wind_year: 2012
  solar_year: 2012
  price_year: 2023
  carbon_year: 2023
storage_values:
  CAES:
    cost: 35.0417
    lifetime: 23.067
    annual_cost: 1.5191268912298954
    efficiency: 0.609367
    discharge_ratio: 0.1
    depth_of_discharge: 0.4
  Li-ion:
    cost: 228.701
    lifetime: 16.9507
    annual_cost: 13.492127168789489
    efficiency: 0.865711
    discharge_ratio: 2
    depth_of_discharge: 0.9
  Pb-acid:
    cost: 225.676
    lifetime: 7.83965
    annual_cost: 28.78648919275733
    efficiency: 0.670924
    discharge_ratio: 5
    depth_of_discharge: 0.5
  VRBF:
    cost: 302.011
    lifetime: 27.0528
    annual_cost: 11.163761237284126
    efficiency: 0.811472
    discharge_ratio: 0.5
    depth_of_discharge: 1.0
