cost_values:
  wind_capex: 5000.0
  wind_opex: 100
  wind_lifetime: 20
  solar_capex: 1000.0
  solar_opex: 10
  solar_lifetime: 20
  carbon_price: 1.0
timeseries_values:
  load_level: 298476.246754379
  wind_year: 2012
  solar_year: 2012
  price_year: 2023
  carbon_year: 2023
storage_values:
  CAES:
    cost: 35.0433
    lifetime: 23.2966
    annual_cost: 1.5042237923130415
    efficiency: 0.600823
    discharge_ratio: 0.1
    depth_of_discharge: 0.4
  Li-ion:
    cost: 218.785
    lifetime: 17.9713
    annual_cost: 12.174133201270916
    efficiency: 0.88936
    discharge_ratio: 2
    depth_of_discharge: 0.9
  Pb-acid:
    cost: 195.047
    lifetime: 8.09577
    annual_cost: 24.092458160249116
    efficiency: 0.677278
    discharge_ratio: 5
    depth_of_discharge: 0.5
  VRBF:
    cost: 314.957
    lifetime: 26.439
    annual_cost: 11.912591247777904
    efficiency: 0.767646
    discharge_ratio: 0.5
    depth_of_discharge: 1.0
