cost_values:
  wind_capex: 5000.0
  wind_opex: 100
  wind_lifetime: 20
  solar_capex: 1000.0
  solar_opex: 10
  solar_lifetime: 20
  carbon_price: 1.0
timeseries_values:
  load_level: 298476.246754379
  wind_year: 2012
  solar_year: 2012
  price_year: 2023
  carbon_year: 2023
storage_values:
  CAES:
    cost: 40.0812
    lifetime: 23.4414
    annual_cost: 1.7098466815121964
    efficiency: 0.603564
    discharge_ratio: 0.1
    depth_of_discharge: 0.4
  Li-ion:
    cost: 212.623
    lifetime: 15.8796
    annual_cost: 13.389694954532859
    efficiency: 0.892644
    discharge_ratio: 2
    depth_of_discharge: 0.9
  Pb-acid:
    cost: 227.144
    lifetime: 10.8878
    annual_cost: 20.86224949025515
    efficiency: 0.687394
    discharge_ratio: 5
    depth_of_discharge: 0.5
  VRBF:
    cost: 296.789
    lifetime: 29.3121
    annual_cost: 10.125136035971492
    efficiency: 0.78816
    discharge_ratio: 0.5
    depth_of_discharge: 1.0
