cost_values:
  wind_capex: 5000.0
  wind_opex: 100
  wind_lifetime: 20
  solar_capex: 1000.0
  solar_opex: 10
  solar_lifetime: 20
  carbon_price: 1.0
timeseries_values:
  load_level: 298476.246754379
  wind_year: 2012
  solar_year: 2012
  price_year: 2023
  carbon_year: 2023
storage_values:
  CAES:
    cost: 35.6123
    lifetime: 22.976
    annual_cost: 1.5499782381615599
    efficiency: 0.612253
    discharge_ratio: 0.1
    depth_of_discharge: 0.4
  Li-ion:
    cost: 245.419
    lifetime: 16.3442
    annual_cost: 15.015663048665582
    efficiency: 0.869823
    discharge_ratio: 2
    depth_of_discharge: 0.9
  Pb-acid:
    cost: 214.617
    lifetime: 10.8027
    annual_cost: 19.86697770001944
    efficiency: 0.683501
    discharge_ratio: 5
    depth_of_discharge: 0.5
  VRBF:
    cost: 307.913
    lifetime: 28.5364
    annual_cost: 10.790183765296254
    efficiency: 0.800054
    discharge_ratio: 0.5
    depth_of_discharge: 1.0
