cost_values:
  wind_capex: 5000.0
  wind_opex: 100
  wind_lifetime: 20
  solar_capex: 1000.0
  solar_opex: 10
  solar_lifetime: 20
  carbon_price: 1.0
timeseries_values:
  load_level: 298476.246754379
  wind_year: 2012
  solar_year: 2012
  price_year: 2023
  carbon_year: 2023
storage_values:
  CAES:
    cost: 34.4664
    lifetime: 23.2685
    annual_cost: 1.4812471796634936
    efficiency: 0.597528
    discharge_ratio: 0.1
    depth_of_discharge: 0.4
  Li-ion:
    cost: 223.496
    lifetime: 17.9751
    annual_cost: 12.433644319085847
    efficiency: 0.884747
    discharge_ratio: 2
    depth_of_discharge: 0.9
  Pb-acid:
    cost: 192.158
    lifetime: 10.5068
    annual_cost: 18.28891765332927
    efficiency: 0.678266
    discharge_ratio: 5
    depth_of_discharge: 0.5
  VRBF:
    cost: 332.191
    lifetime: 26.0495
    annual_cost: 12.752298508608611
    efficiency: 0.781418
    discharge_ratio: 0.5
    depth_of_discharge: 1.0
