cost_values:
  wind_capex: 5000.0
  wind_opex: 100
  wind_lifetime: 20
  solar_capex: 1000.0
  solar_opex: 10
  solar_lifetime: 20
  carbon_price: 1.0
timeseries_values:
  load_level: 298476.246754379
  wind_year: 2012
  solar_year: 2012
  price_year: 2023
  carbon_year: 2023
storage_values:
  CAES:
    cost: 34.2471
    lifetime: 23.6595
    annual_cost: 1.447498890509098
    efficiency: 0.608367
    discharge_ratio: 0.1
    depth_of_discharge: 0.4
  Li-ion:
    cost: 218.805
    lifetime: 18.7867
    annual_cost: 11.646803323627886
    efficiency: 0.880687
    discharge_ratio: 2
    depth_of_discharge: 0.9
  Pb-acid:
    cost: 201.332
    lifetime: 7.76104
    annual_cost: 25.941368682547697
    efficiency: 0.680468
    discharge_ratio: 5
    depth_of_discharge: 0.5
  VRBF:
    cost: 339.444
    lifetime: 27.5229
    annual_cost: 12.333148033092444
    efficiency: 0.787108
    discharge_ratio: 0.5
    depth_of_discharge: 1.0
