cost_values:
  wind_capex: 5000.0
  wind_opex: 100
  wind_lifetime: 20
  solar_capex: 1000.0
  solar_opex: 10
  solar_lifetime: 20
  carbon_price: 1.0
timeseries_values:
  load_level: 298476.246754379
  wind_year: 2012
  solar_year: 2012
  price_year: 2023
  carbon_year: 2023
storage_values:
  CAES:
    cost: 40.5381
    lifetime: 23.0006
    annual_cost: 1.7624801092145423
    efficiency: 0.596038
    discharge_ratio: 0.1
    depth_of_discharge: 0.4
  Li-ion:
    cost: 237.291
    lifetime: 19.9645
    annual_cost: 11.885647023466653
    efficiency: 0.870622
    discharge_ratio: 2
    depth_of_discharge: 0.9
  Pb-acid:
    cost: 210.78
    lifetime: 9.93197
    annual_cost: 21.22237582272198
    efficiency: 0.680664
    discharge_ratio: 5
    depth_of_discharge: 0.5
  VRBF:
    cost: 346.776
    lifetime: 28.8532
    annual_cost: 12.018632248762701
    efficiency: 0.763809
    discharge_ratio: 0.5
    depth_of_discharge: 1.0
