cost_values:
  wind_capex: 5000.0
  wind_opex: 100
  wind_lifetime: 20
  solar_capex: 1000.0
  solar_opex: 10
  solar_lifetime: 20
  carbon_price: 1.0
timeseries_values:
  load_level: 298476.246754379
  wind_year: 2012
  solar_year: 2012
  price_year: 2023
  carbon_year: 2023
storage_values:
  CAES:
    cost: 32.5034
    lifetime: 24.4557
    annual_cost: 1.3290725679493942
    efficiency: 0.599876
    discharge_ratio: 0.1
    depth_of_discharge: 0.4
  Li-ion:
    cost: 209.17
    lifetime: 17.3956
    annual_cost: 12.02430499666582
    efficiency: 0.885608
    discharge_ratio: 2
    depth_of_discharge: 0.9
  Pb-acid:
    cost: 209.858
    lifetime: 10.6758
    annual_cost: 19.657355889020025
    efficiency: 0.675152
    discharge_ratio: 5
    depth_of_discharge: 0.5
  VRBF:
    cost: 330.915
    lifetime: 27.4157
    annual_cost: 12.070273602351937
    efficiency: 0.7722
    discharge_ratio: 0.5
    depth_of_discharge: 1.0
