cost_values:
  wind_capex: 5000.0
  wind_opex: 100
  wind_lifetime: 20
  solar_capex: 1000.0
  solar_opex: 10
  solar_lifetime: 20
  carbon_price: 1.0
timeseries_values:
  load_level: 298476.246754379
  wind_year: 2012
  solar_year: 2012
  price_year: 2023
  carbon_year: 2023
storage_values:
  CAES:
    cost: 34.4446
    lifetime: 23.5166
    annual_cost: 1.4646930253523043
    efficiency: 0.598219
    discharge_ratio: 0.1
    depth_of_discharge: 0.4
  Li-ion:
    cost: 217.811
    lifetime: 18.7795
    annual_cost: 11.598338613914109
    efficiency: 0.873923
    discharge_ratio: 2
    depth_of_discharge: 0.9
  Pb-acid:
    cost: 187.887
    lifetime: 9.15232
    annual_cost: 20.528893220516768
    efficiency: 0.672475
    discharge_ratio: 5
    depth_of_discharge: 0.5
  VRBF:
    cost: 296.522
    lifetime: 26.4494
    annual_cost: 11.210915937601609
    efficiency: 0.789893
    discharge_ratio: 0.5
    depth_of_discharge: 1.0
