cost_values:
  wind_capex: 5000.0
  wind_opex: 100
  wind_lifetime: 20
  solar_capex: 1000.0
  solar_opex: 10
  solar_lifetime: 20
  carbon_price: 1.0
timeseries_values:
  load_level: 298476.246754379
  wind_year: 2012
  solar_year: 2012
  price_year: 2023
  carbon_year: 2023
storage_values:
  CAES:
    cost: 40.7784
    lifetime: 24.2862
    annual_cost: 1.6790770066951601
    efficiency: 0.589643
    discharge_ratio: 0.1
    depth_of_discharge: 0.4
  Li-ion:
    cost: 216.149
    lifetime: 20.0709
    annual_cost: 10.76927292747211
    efficiency: 0.883062
    discharge_ratio: 2
    depth_of_discharge: 0.9
  Pb-acid:
    cost: 194.038
    lifetime: 9.3996
    annual_cost: 20.64321886037704
    efficiency: 0.681963
    discharge_ratio: 5
    depth_of_discharge: 0.5
  VRBF:
    cost: 317.211
    lifetime: 28.1211
    annual_cost: 11.280177517949157
    efficiency: 0.782311
    discharge_ratio: 0.5
    depth_of_discharge: 1.0
