cost_values:
  wind_capex: 5000.0
  wind_opex: 100
  wind_lifetime: 20
  solar_capex: 1000.0
  solar_opex: 10
  solar_lifetime: 20
  carbon_price: 1.0
timeseries_values:
  load_level: 298476.246754379
  wind_year: 2012
  solar_year: 2012
  price_year: 2023
  carbon_year: 2023
storage_values:
  CAES:
    cost: 32.8614
    lifetime: 22.2809
    annual_cost: 1.4748686094367824
    efficiency: 0.599991
    discharge_ratio: 0.1
    depth_of_discharge: 0.4
  Li-ion:
    cost: 235.577
    lifetime: 17.3235
    annual_cost: 13.598695413744336
    efficiency: 0.884996
    discharge_ratio: 2
    depth_of_discharge: 0.9
  Pb-acid:
    cost: 197.946
    lifetime: 9.83395
    annual_cost: 20.128839377869525
    efficiency: 0.685291
    discharge_ratio: 5
    depth_of_discharge: 0.5
  VRBF:
    cost: 343.407
    lifetime: 28.2992
    annual_cost: 12.134866003279244
    efficiency: 0.791037
    discharge_ratio: 0.5
    depth_of_discharge: 1.0
