cost_values:
  wind_capex: 5000.0
  wind_opex: 100
  wind_lifetime: 20
  solar_capex: 1000.0
  solar_opex: 10
  solar_lifetime: 20
  carbon_price: 1.0
timeseries_values:
  load_level: 298476.246754379
  wind_year: 2012
  solar_year: 2012
  price_year: 2023
  carbon_year: 2023
storage_values:
  CAES:
    cost: 40.1219
    lifetime: 23.3099
    annual_cost: 1.7212386153522752
    efficiency: 0.595365
    discharge_ratio: 0.1
    depth_of_discharge: 0.4
  Li-ion:
    cost: 207.8
    lifetime: 17.1876
    annual_cost: 12.090111475715052
    efficiency: 0.867387
    discharge_ratio: 2
    depth_of_discharge: 0.9
  Pb-acid:
    cost: 186.046
    lifetime: 7.9561
    annual_cost: 23.384070084589183
    efficiency: 0.665732
    discharge_ratio: 5
    depth_of_discharge: 0.5
  VRBF:
    cost: 338.942
    lifetime: 26.8198
    annual_cost: 12.637752705091014
    efficiency: 0.776518
    discharge_ratio: 0.5
    depth_of_discharge: 1.0
