cost_values:
  wind_capex: 5000.0
  wind_opex: 100
  wind_lifetime: 20
  solar_capex: 1000.0
  solar_opex: 10
  solar_lifetime: 20
  carbon_price: 1.0
timeseries_values:
  load_level: 298476.246754379
  wind_year: 2012
  solar_year: 2012
  price_year: 2023
  carbon_year: 2023
storage_values:
  CAES:
    cost: 33.9949
    lifetime: 22.9392
    annual_cost: 1.481956650624259
    efficiency: 0.592335
    discharge_ratio: 0.1
    depth_of_discharge: 0.4
  Li-ion:
    cost: 218.671
    lifetime: 17.6791
    annual_cost: 12.368898869286333
    efficiency: 0.873359
    discharge_ratio: 2
    depth_of_discharge: 0.9
  Pb-acid:
    cost: 207.11
    lifetime: 9.70077
    annual_cost: 21.34985160971758
    efficiency: 0.693606
    discharge_ratio: 5
    depth_of_discharge: 0.5
  VRBF:
    cost: 306.738
    lifetime: 29.6695
    annual_cost: 10.338495761640742
    efficiency: 0.776184
    discharge_ratio: 0.5
    depth_of_discharge: 1.0
