cost_values:
  wind_capex: 5000.0
  wind_opex: 100
  wind_lifetime: 20
  solar_capex: 1000.0
  solar_opex: 10
  solar_lifetime: 20
  carbon_price: 1.0
timeseries_values:
  load_level: 298476.246754379
  wind_year: 2012
  solar_year: 2012
  price_year: 2023
  carbon_year: 2023
storage_values:
  CAES:
    cost: 35.9497
    lifetime: 22.1683
    annual_cost: 1.6216714858604404
    efficiency: 0.606207
    discharge_ratio: 0.1
    depth_of_discharge: 0.4
  Li-ion:
    cost: 222.085
    lifetime: 19.279
    annual_cost: 11.519529021214794
    efficiency: 0.885644
    discharge_ratio: 2
    depth_of_discharge: 0.9
  Pb-acid:
    cost: 213.834
    lifetime: 10.7844
    annual_cost: 19.828085011683545
    efficiency: 0.683816
    discharge_ratio: 5
    depth_of_discharge: 0.5
  VRBF:
    cost: 334.521
    lifetime: 28.0728
    annual_cost: 11.916196460630932
    efficiency: 0.794971
    discharge_ratio: 0.5
    depth_of_discharge: 1.0
