cost_values:
  wind_capex: 5000.0
  wind_opex: 100
  wind_lifetime: 20
  solar_capex: 1000.0
  solar_opex: 10
  solar_lifetime: 20
  carbon_price: 1.0
timeseries_values:
  load_level: 298476.246754379
  wind_year: 2012
  solar_year: 2012
  price_year: 2023
  carbon_year: 2023
storage_values:
  CAES:
    cost: 38.1848
    lifetime: 22.8753
    annual_cost: 1.6692589823958595
    efficiency: 0.603549
    discharge_ratio: 0.1
    depth_of_discharge: 0.4
  Li-ion:
    cost: 226.487
    lifetime: 16.6824
    annual_cost: 13.576403874742242
    efficiency: 0.885076
    discharge_ratio: 2
    depth_of_discharge: 0.9
  Pb-acid:
    cost: 212.502
    lifetime: 10.4976
    annual_cost: 20.242912665752172
    efficiency: 0.681979
    discharge_ratio: 5
    depth_of_discharge: 0.5
  VRBF:
    cost: 341.752
    lifetime: 29.1003
    annual_cost: 11.743933911334247
    efficiency: 0.772338
    discharge_ratio: 0.5
    depth_of_discharge: 1.0
