cost_values:
  wind_capex: 5000.0
  wind_opex: 100
  wind_lifetime: 20
  solar_capex: 1000.0
  solar_opex: 10
  solar_lifetime: 20
  carbon_price: 1.0
timeseries_values:
  load_level: 298476.246754379
  wind_year: 2012
  solar_year: 2012
  price_year: 2023
  carbon_year: 2023
storage_values:
  CAES:
    cost: 38.9938
    lifetime: 23.3411
    annual_cost: 1.670606783741983
    efficiency: 0.601151
    discharge_ratio: 0.1
    depth_of_discharge: 0.4
  Li-ion:
    cost: 214.943
    lifetime: 18.5153
    annual_cost: 11.608939633708339
    efficiency: 0.875355
    discharge_ratio: 2
    depth_of_discharge: 0.9
  Pb-acid:
    cost: 196.296
    lifetime: 8.94574
    annual_cost: 21.942958324297372
    efficiency: 0.697893
    discharge_ratio: 5
    depth_of_discharge: 0.5
  VRBF:
    cost: 330.992
    lifetime: 28.8524
    annual_cost: 11.471905283442625
    efficiency: 0.786494
    discharge_ratio: 0.5
    depth_of_discharge: 1.0
