cost_values:
  wind_capex: 5000.0
  wind_opex: 100
  wind_lifetime: 20
  solar_capex: 1000.0
  solar_opex: 10
  solar_lifetime: 20
  carbon_price: 1.0
timeseries_values:
  load_level: 298476.246754379
  wind_year: 2012
  solar_year: 2012
  price_year: 2023
  carbon_year: 2023
storage_values:
  CAES:
    cost: 37.5759
    lifetime: 23.5205
    annual_cost: 1.5975808337407793
    efficiency: 0.591944
    discharge_ratio: 0.1
    depth_of_discharge: 0.4
  Li-ion:
    cost: 234.607
    lifetime: 18.0414
    annual_cost: 13.00381345128427
    efficiency: 0.892109
    discharge_ratio: 2
    depth_of_discharge: 0.9
  Pb-acid:
    cost: 194.499
    lifetime: 9.58294
    annual_cost: 20.296380860153562
    efficiency: 0.702173
    discharge_ratio: 5
    depth_of_discharge: 0.5
  VRBF:
    cost: 339.724
    lifetime: 28.1501
    annual_cost: 12.068305263569224
    efficiency: 0.786243
    discharge_ratio: 0.5
    depth_of_discharge: 1.0
