cost_values:
  wind_capex: 5000.0
  wind_opex: 100
  wind_lifetime: 20
  solar_capex: 1000.0
  solar_opex: 10
  solar_lifetime: 20
  carbon_price: 1.0
timeseries_values:
  load_level: 298476.246754379
  wind_year: 2012
  solar_year: 2012
  price_year: 2023
  carbon_year: 2023
storage_values:
  CAES:
    cost: 38.4276
    lifetime: 22.3824
    annual_cost: 1.7168668239330902
    efficiency: 0.590888
    discharge_ratio: 0.1
    depth_of_discharge: 0.4
  Li-ion:
    cost: 233.766
    lifetime: 18.7223
    annual_cost: 12.485965933672679
    efficiency: 0.858602
    discharge_ratio: 2
    depth_of_discharge: 0.9
  Pb-acid:
    cost: 201.546
    lifetime: 9.86101
    annual_cost: 20.43867717404201
    efficiency: 0.700013
    discharge_ratio: 5
    depth_of_discharge: 0.5
  VRBF:
    cost: 359.93
    lifetime: 28.2888
    annual_cost: 12.72340997143746
    efficiency: 0.793708
    discharge_ratio: 0.5
    depth_of_discharge: 1.0
