cost_values:
  wind_capex: 5000.0
  wind_opex: 100
  wind_lifetime: 20
  solar_capex: 1000.0
  solar_opex: 10
  solar_lifetime: 20
  carbon_price: 1.0
timeseries_values:
  load_level: 298476.246754379
  wind_year: 2012
  solar_year: 2012
  price_year: 2023
  carbon_year: 2023
storage_values:
  CAES:
    cost: 29.7947
    lifetime: 22.8753
    annual_cost: 1.3024834646977308
    efficiency: 0.59212
    discharge_ratio: 0.1
    depth_of_discharge: 0.4
  Li-ion:
    cost: 224.98
    lifetime: 18.6413
    annual_cost: 12.068900774087643
    efficiency: 0.881552
    discharge_ratio: 2
    depth_of_discharge: 0.9
  Pb-acid:
    cost: 204.388
    lifetime: 11.4811
    annual_cost: 17.80212697389623
    efficiency: 0.680416
    discharge_ratio: 5
    depth_of_discharge: 0.5
  VRBF:
    cost: 326.493
    lifetime: 27.2525
    annual_cost: 11.980295385744427
    efficiency: 0.790934
    discharge_ratio: 0.5
    depth_of_discharge: 1.0
