cost_values:
  wind_capex: 5000.0
  wind_opex: 100
  wind_lifetime: 20
  solar_capex: 1000.0
  solar_opex: 10
  solar_lifetime: 20
  carbon_price: 1.0
timeseries_values:
  load_level: 298476.246754379
  wind_year: 2012
  solar_year: 2012
  price_year: 2023
  carbon_year: 2023
storage_values:
  CAES:
    cost: 39.8539
    lifetime: 22.7094
    annual_cost: 1.7549516940121714
    efficiency: 0.606218
    discharge_ratio: 0.1
    depth_of_discharge: 0.4
  Li-ion:
    cost: 232.432
    lifetime: 20.4571
    annual_cost: 11.361923244252607
    efficiency: 0.874988
    discharge_ratio: 2
    depth_of_discharge: 0.9
  Pb-acid:
    cost: 224.845
    lifetime: 8.70623
    annual_cost: 25.82575925515407
    efficiency: 0.691491
    discharge_ratio: 5
    depth_of_discharge: 0.5
  VRBF:
    cost: 336.025
    lifetime: 28.9957
    annual_cost: 11.588787302944919
    efficiency: 0.783905
    discharge_ratio: 0.5
    depth_of_discharge: 1.0
