cost_values:
  wind_capex: 5000.0
  wind_opex: 100
  wind_lifetime: 20
  solar_capex: 1000.0
  solar_opex: 10
  solar_lifetime: 20
  carbon_price: 1.0
timeseries_values:
  load_level: 298476.246754379
  wind_year: 2012
  solar_year: 2012
  price_year: 2023
  carbon_year: 2023
storage_values:
  CAES:
    cost: 35.4171
    lifetime: 22.8632
    annual_cost: 1.5490876167815528
    efficiency: 0.602482
    discharge_ratio: 0.1
    depth_of_discharge: 0.4
  Li-ion:
    cost: 224.943
    lifetime: 18.8583
    annual_cost: 11.928063505194
    efficiency: 0.888299
    discharge_ratio: 2
    depth_of_discharge: 0.9
  Pb-acid:
    cost: 196.453
    lifetime: 10.0278
    annual_cost: 19.59083747182832
    efficiency: 0.693532
    discharge_ratio: 5
    depth_of_discharge: 0.5
  VRBF:
    cost: 331.97
    lifetime: 28.9154
    annual_cost: 11.480733449995505
    efficiency: 0.77975
    discharge_ratio: 0.5
    depth_of_discharge: 1.0
