cost_values:
  wind_capex: 5000.0
  wind_opex: 100
  wind_lifetime: 20
  solar_capex: 1000.0
  solar_opex: 10
  solar_lifetime: 20
  carbon_price: 1.0
timeseries_values:
  load_level: 298476.246754379
  wind_year: 2012
  solar_year: 2012
  price_year: 2023
  carbon_year: 2023
storage_values:
  CAES:
    cost: 31.866
    lifetime: 22.8395
    annual_cost: 1.3952144311390353
    efficiency: 0.598328
    discharge_ratio: 0.1
    depth_of_discharge: 0.4
  Li-ion:
    cost: 225.413
    lifetime: 18.2348
    annual_cost: 12.361693026520719
    efficiency: 0.88677
    discharge_ratio: 2
    depth_of_discharge: 0.9
  Pb-acid:
    cost: 198.621
    lifetime: 8.93312
    annual_cost: 22.234224996417826
    efficiency: 0.673961
    discharge_ratio: 5
    depth_of_discharge: 0.5
  VRBF:
    cost: 316.544
    lifetime: 25.8033
    annual_cost: 12.267578177984985
    efficiency: 0.764963
    discharge_ratio: 0.5
    depth_of_discharge: 1.0
