cost_values:
  wind_capex: 5000.0
  wind_opex: 100
  wind_lifetime: 20
  solar_capex: 1000.0
  solar_opex: 10
  solar_lifetime: 20
  carbon_price: 1.0
timeseries_values:
  load_level: 298476.246754379
  wind_year: 2012
  solar_year: 2012
  price_year: 2023
  carbon_year: 2023
storage_values:
  CAES:
    cost: 41.1143
    lifetime: 23.2771
    annual_cost: 1.7662982072509033
    efficiency: 0.601041
    discharge_ratio: 0.1
    depth_of_discharge: 0.4
  Li-ion:
    cost: 213.279
    lifetime: 17.5672
    annual_cost: 12.140750944942848
    efficiency: 0.882887
    discharge_ratio: 2
    depth_of_discharge: 0.9
  Pb-acid:
    cost: 206.682
    lifetime: 12.2745
    annual_cost: 16.83832335329341
    efficiency: 0.689664
    discharge_ratio: 5
    depth_of_discharge: 0.5
  VRBF:
    cost: 316.82
    lifetime: 27.5684
    annual_cost: 11.49214317842167
    efficiency: 0.782705
    discharge_ratio: 0.5
    depth_of_discharge: 1.0
