cost_values:
  wind_capex: 5000.0
  wind_opex: 100
  wind_lifetime: 20
  solar_capex: 1000.0
  solar_opex: 10
  solar_lifetime: 20
  carbon_price: 1.0
timeseries_values:
  load_level: 298476.246754379
  wind_year: 2012
  solar_year: 2012
  price_year: 2023
  carbon_year: 2023
storage_values:
  CAES:
    cost: 33.4467
    lifetime: 24.4698
    annual_cost: 1.366856288159282
    efficiency: 0.598787
    discharge_ratio: 0.1
    depth_of_discharge: 0.4
  Li-ion:
    cost: 217.061
    lifetime: 19.6873
    annual_cost: 11.025432639315701
    efficiency: 0.871315
    discharge_ratio: 2
    depth_of_discharge: 0.9
  Pb-acid:
    cost: 197.027
    lifetime: 9.47099
    annual_cost: 20.803210646405496
    efficiency: 0.671155
    discharge_ratio: 5
    depth_of_discharge: 0.5
  VRBF:
    cost: 317.517
    lifetime: 29.7416
    annual_cost: 10.67585469510719
    efficiency: 0.769269
    discharge_ratio: 0.5
    depth_of_discharge: 1.0
