cost_values:
  wind_capex: 5000.0
  wind_opex: 100
  wind_lifetime: 20
  solar_capex: 1000.0
  solar_opex: 10
  solar_lifetime: 20
  carbon_price: 1.0
timeseries_values:
  load_level: 298476.246754379
  wind_year: 2012
  solar_year: 2012
  price_year: 2023
  carbon_year: 2023
storage_values:
  CAES:
    cost: 32.2549
    lifetime: 23.5622
    annual_cost: 1.3689256521037934
    efficiency: 0.604641
    discharge_ratio: 0.1
    depth_of_discharge: 0.4
  Li-ion:
    cost: 231.243
    lifetime: 17.4695
    annual_cost: 13.236955837316465
    efficiency: 0.878345
    discharge_ratio: 2
    depth_of_discharge: 0.9
  Pb-acid:
    cost: 213.381
    lifetime: 9.28156
    annual_cost: 22.989777580492934
    efficiency: 0.687078
    discharge_ratio: 5
    depth_of_discharge: 0.5
  VRBF:
    cost: 332.794
    lifetime: 29.5694
    annual_cost: 11.254675441503716
    efficiency: 0.79489
    discharge_ratio: 0.5
    depth_of_discharge: 1.0
