cost_values:
  wind_capex: 5000.0
  wind_opex: 100
  wind_lifetime: 20
  solar_capex: 1000.0
  solar_opex: 10
  solar_lifetime: 20
  carbon_price: 1.0
timeseries_values:
  load_level: 298476.246754379
  wind_year: 2012
  solar_year: 2012
  price_year: 2023
  carbon_year: 2023
storage_values:
  CAES:
    cost: 26.8912
    lifetime: 24.123
    annual_cost: 1.1147535546988352
    efficiency: 0.601599
    discharge_ratio: 0.1
    depth_of_discharge: 0.4
  Li-ion:
    cost: 230.137
    lifetime: 18.6625
    annual_cost: 12.331520428667112
    efficiency: 0.889606
    discharge_ratio: 2
    depth_of_discharge: 0.9
  Pb-acid:
    cost: 189.636
    lifetime: 7.95108
    annual_cost: 23.85034485881163
    efficiency: 0.66662
    discharge_ratio: 5
    depth_of_discharge: 0.5
  VRBF:
    cost: 333.343
    lifetime: 28.2509
    annual_cost: 11.799376303055832
    efficiency: 0.76125
    discharge_ratio: 0.5
    depth_of_discharge: 1.0
