cost_values:
  wind_capex: 5000.0
  wind_opex: 100
  wind_lifetime: 20
  solar_capex: 1000.0
  solar_opex: 10
  solar_lifetime: 20
  carbon_price: 1.0
timeseries_values:
  load_level: 298476.246754379
  wind_year: 2012
  solar_year: 2012
  price_year: 2023
  carbon_year: 2023
storage_values:
  CAES:
    cost: 30.2472
    lifetime: 21.6322
    annual_cost: 1.398248906722386
    efficiency: 0.596891
    discharge_ratio: 0.1
    depth_of_discharge: 0.4
  Li-ion:
    cost: 231.697
    lifetime: 18.664
    annual_cost: 12.414112730390055
    efficiency: 0.869013
    discharge_ratio: 2
    depth_of_discharge: 0.9
  Pb-acid:
    cost: 187.151
    lifetime: 8.50516
    annual_cost: 22.00440673661636
    efficiency: 0.682662
    discharge_ratio: 5
    depth_of_discharge: 0.5
  VRBF:
    cost: 336.513
    lifetime: 26.953
    annual_cost: 12.485177902274328
    efficiency: 0.781934
    discharge_ratio: 0.5
    depth_of_discharge: 1.0
