cost_values:
  wind_capex: 5000.0
  wind_opex: 100
  wind_lifetime: 20
  solar_capex: 1000.0
  solar_opex: 10
  solar_lifetime: 20
  carbon_price: 1.0
timeseries_values:
  load_level: 298476.246754379
  wind_year: 2012
  solar_year: 2012
  price_year: 2023
  carbon_year: 2023
storage_values:
  CAES:
    cost: 34.1886
    lifetime: 23.4036
    annual_cost: 1.4608265395067426
    efficiency: 0.584302
    discharge_ratio: 0.1
    depth_of_discharge: 0.4
  Li-ion:
    cost: 226.0
    lifetime: 19.7901
    annual_cost: 11.41985133981132
    efficiency: 0.875429
    discharge_ratio: 2
    depth_of_discharge: 0.9
  Pb-acid:
    cost: 195.554
    lifetime: 11.2143
    annual_cost: 17.43791409182918
    efficiency: 0.672603
    discharge_ratio: 5
    depth_of_discharge: 0.5
  VRBF:
    cost: 382.894
    lifetime: 28.7451
    annual_cost: 13.320322420169003
    efficiency: 0.783822
    discharge_ratio: 0.5
    depth_of_discharge: 1.0
