cost_values:
  wind_capex: 5000.0
  wind_opex: 100
  wind_lifetime: 20
  solar_capex: 1000.0
  solar_opex: 10
  solar_lifetime: 20
  carbon_price: 1.0
timeseries_values:
  load_level: 298476.246754379
  wind_year: 2012
  solar_year: 2012
  price_year: 2023
  carbon_year: 2023
storage_values:
  CAES:
    cost: 43.1453
    lifetime: 22.8206
    annual_cost: 1.8906295189434108
    efficiency: 0.598613
    discharge_ratio: 0.1
    depth_of_discharge: 0.4
  Li-ion:
    cost: 211.763
    lifetime: 19.0738
    annual_cost: 11.102297392234375
    efficiency: 0.876557
    discharge_ratio: 2
    depth_of_discharge: 0.9
  Pb-acid:
    cost: 220.091
    lifetime: 10.1634
    annual_cost: 21.655253163311492
    efficiency: 0.684056
    discharge_ratio: 5
    depth_of_discharge: 0.5
  VRBF:
    cost: 334.707
    lifetime: 26.3574
    annual_cost: 12.69878667850395
    efficiency: 0.77662
    discharge_ratio: 0.5
    depth_of_discharge: 1.0
