cost_values:
  wind_capex: 5000.0
  wind_opex: 100
  wind_lifetime: 20
  solar_capex: 1000.0
  solar_opex: 10
  solar_lifetime: 20
  carbon_price: 1.0
timeseries_values:
  load_level: 298476.246754379
  wind_year: 2012
  solar_year: 2012
  price_year: 2023
  carbon_year: 2023
storage_values:
  CAES:
    cost: 36.7488
    lifetime: 23.5909
    annual_cost: 1.5577532014463205
    efficiency: 0.604326
    discharge_ratio: 0.1
    depth_of_discharge: 0.4
  Li-ion:
    cost: 230.959
    lifetime: 17.0203
    annual_cost: 13.569619806936425
    efficiency: 0.878412
    discharge_ratio: 2
    depth_of_discharge: 0.9
  Pb-acid:
    cost: 214.961
    lifetime: 9.79961
    annual_cost: 21.93566886845497
    efficiency: 0.668876
    discharge_ratio: 5
    depth_of_discharge: 0.5
  VRBF:
    cost: 302.825
    lifetime: 27.6191
    annual_cost: 10.964332653851864
    efficiency: 0.776534
    discharge_ratio: 0.5
    depth_of_discharge: 1.0
