cost_values:
  wind_capex: 5000.0
  wind_opex: 100
  wind_lifetime: 20
  solar_capex: 1000.0
  solar_opex: 10
  solar_lifetime: 20
  carbon_price: 1.0
timeseries_values:
  load_level: 298476.246754379
  wind_year: 2012
  solar_year: 2012
  price_year: 2023
  carbon_year: 2023
storage_values:
  CAES:
    cost: 46.9014
    lifetime: 23.9339
    annual_cost: 1.9596221259385223
    efficiency: 0.591208
    discharge_ratio: 0.1
    depth_of_discharge: 0.4
  Li-ion:
    cost: 234.203
    lifetime: 19.1939
    annual_cost: 12.201949577730426
    efficiency: 0.89111
    discharge_ratio: 2
    depth_of_discharge: 0.9
  Pb-acid:
    cost: 206.299
    lifetime: 10.2327
    annual_cost: 20.160759134930178
    efficiency: 0.681722
    discharge_ratio: 5
    depth_of_discharge: 0.5
  VRBF:
    cost: 334.571
    lifetime: 29.5793
    annual_cost: 11.310984370826898
    efficiency: 0.791507
    discharge_ratio: 0.5
    depth_of_discharge: 1.0
