cost_values:
  wind_capex: 5000.0
  wind_opex: 100
  wind_lifetime: 20
  solar_capex: 1000.0
  solar_opex: 10
  solar_lifetime: 20
  carbon_price: 1.0
timeseries_values:
  load_level: 298476.246754379
  wind_year: 2012
  solar_year: 2012
  price_year: 2023
  carbon_year: 2023
storage_values:
  CAES:
    cost: 38.0336
    lifetime: 22.6196
    annual_cost: 1.6814444110417515
    efficiency: 0.592903
    discharge_ratio: 0.1
    depth_of_discharge: 0.4
  Li-ion:
    cost: 245.24
    lifetime: 20.9861
    annual_cost: 11.685830144714835
    efficiency: 0.886349
    discharge_ratio: 2
    depth_of_discharge: 0.9
  Pb-acid:
    cost: 219.524
    lifetime: 9.28517
    annual_cost: 23.64243196408897
    efficiency: 0.703285
    discharge_ratio: 5
    depth_of_discharge: 0.5
  VRBF:
    cost: 326.219
    lifetime: 28.6138
    annual_cost: 11.400757676365949
    efficiency: 0.802512
    discharge_ratio: 0.5
    depth_of_discharge: 1.0
