cost_values:
  wind_capex: 5000.0
  wind_opex: 100
  wind_lifetime: 20
  solar_capex: 1000.0
  solar_opex: 10
  solar_lifetime: 20
  carbon_price: 1.0
timeseries_values:
  load_level: 298476.246754379
  wind_year: 2012
  solar_year: 2012
  price_year: 2023
  carbon_year: 2023
storage_values:
  CAES:
    cost: 33.7158
    lifetime: 24.9386
    annual_cost: 1.3519523950823222
    efficiency: 0.599936
    discharge_ratio: 0.1
    depth_of_discharge: 0.4
  Li-ion:
    cost: 211.089
    lifetime: 21.241
    annual_cost: 9.93780895438068
    efficiency: 0.88081
    discharge_ratio: 2
    depth_of_discharge: 0.9
  Pb-acid:
    cost: 212.304
    lifetime: 9.34755
    annual_cost: 22.71226150167691
    efficiency: 0.677603
    discharge_ratio: 5
    depth_of_discharge: 0.5
  VRBF:
    cost: 344.563
    lifetime: 27.1344
    annual_cost: 12.698382864555693
    efficiency: 0.78872
    discharge_ratio: 0.5
    depth_of_discharge: 1.0
