cost_values:
  wind_capex: 5000.0
  wind_opex: 100
  wind_lifetime: 20
  solar_capex: 1000.0
  solar_opex: 10
  solar_lifetime: 20
  carbon_price: 1.0
timeseries_values:
  load_level: 298476.246754379
  wind_year: 2012
  solar_year: 2012
  price_year: 2023
  carbon_year: 2023
storage_values:
  CAES:
    cost: 41.6606
    lifetime: 23.6928
    annual_cost: 1.758365410588871
    efficiency: 0.604077
    discharge_ratio: 0.1
    depth_of_discharge: 0.4
  Li-ion:
    cost: 218.253
    lifetime: 20.2259
    annual_cost: 10.790768272363652
    efficiency: 0.870991
    discharge_ratio: 2
    depth_of_discharge: 0.9
  Pb-acid:
    cost: 193.411
    lifetime: 9.96314
    annual_cost: 19.412655046501406
    efficiency: 0.673741
    discharge_ratio: 5
    depth_of_discharge: 0.5
  VRBF:
    cost: 335.66
    lifetime: 28.7344
    annual_cost: 11.681468901386491
    efficiency: 0.781918
    discharge_ratio: 0.5
    depth_of_discharge: 1.0
