cost_values:
  wind_capex: 5000.0
  wind_opex: 100
  wind_lifetime: 20
  solar_capex: 1000.0
  solar_opex: 10
  solar_lifetime: 20
  carbon_price: 1.0
timeseries_values:
  load_level: 298476.246754379
  wind_year: 2012
  solar_year: 2012
  price_year: 2023
  carbon_year: 2023
storage_values:
  CAES:
    cost: 33.9251
    lifetime: 23.3619
    annual_cost: 1.4521550045159
    efficiency: 0.595944
    discharge_ratio: 0.1
    depth_of_discharge: 0.4
  Li-ion:
    cost: 232.096
    lifetime: 18.4389
    annual_cost: 12.587301845554778
    efficiency: 0.893245
    discharge_ratio: 2
    depth_of_discharge: 0.9
  Pb-acid:
    cost: 218.082
    lifetime: 8.04824
    annual_cost: 27.096855958569822
    efficiency: 0.67708
    discharge_ratio: 5
    depth_of_discharge: 0.5
  VRBF:
    cost: 335.524
    lifetime: 28.0266
    annual_cost: 11.971626954393328
    efficiency: 0.804958
    discharge_ratio: 0.5
    depth_of_discharge: 1.0
