cost_values:
  wind_capex: 5000.0
  wind_opex: 100
  wind_lifetime: 20
  solar_capex: 1000.0
  solar_opex: 10
  solar_lifetime: 20
  carbon_price: 1.0
timeseries_values:
  load_level: 298476.246754379
  wind_year: 2012
  solar_year: 2012
  price_year: 2023
  carbon_year: 2023
storage_values:
  CAES:
    cost: 39.2524
    lifetime: 22.6779
    annual_cost: 1.7308657327177561
    efficiency: 0.592208
    discharge_ratio: 0.1
    depth_of_discharge: 0.4
  Li-ion:
    cost: 199.249
    lifetime: 18.9476
    annual_cost: 10.515790918111
    efficiency: 0.870361
    discharge_ratio: 2
    depth_of_discharge: 0.9
  Pb-acid:
    cost: 204.453
    lifetime: 9.44742
    annual_cost: 21.64114647173514
    efficiency: 0.685759
    discharge_ratio: 5
    depth_of_discharge: 0.5
  VRBF:
    cost: 319.09
    lifetime: 28.8602
    annual_cost: 11.056402935530592
    efficiency: 0.791688
    discharge_ratio: 0.5
    depth_of_discharge: 1.0
