cost_values:
  wind_capex: 5000.0
  wind_opex: 100
  wind_lifetime: 20
  solar_capex: 1000.0
  solar_opex: 10
  solar_lifetime: 20
  carbon_price: 1.0
timeseries_values:
  load_level: 298476.246754379
  wind_year: 2012
  solar_year: 2012
  price_year: 2023
  carbon_year: 2023
storage_values:
  CAES:
    cost: 39.4751
    lifetime: 22.5413
    annual_cost: 1.751234400855319
    efficiency: 0.592477
    discharge_ratio: 0.1
    depth_of_discharge: 0.4
  Li-ion:
    cost: 238.256
    lifetime: 16.9666
    annual_cost: 14.042648497636533
    efficiency: 0.869382
    discharge_ratio: 2
    depth_of_discharge: 0.9
  Pb-acid:
    cost: 210.548
    lifetime: 9.58349
    annual_cost: 21.96986692739284
    efficiency: 0.674668
    discharge_ratio: 5
    depth_of_discharge: 0.5
  VRBF:
    cost: 340.58
    lifetime: 28.6402
    annual_cost: 11.891676734101019
    efficiency: 0.764484
    discharge_ratio: 0.5
    depth_of_discharge: 1.0
