cost_values:
  wind_capex: 5000.0
  wind_opex: 100
  wind_lifetime: 20
  solar_capex: 1000.0
  solar_opex: 10
  solar_lifetime: 20
  carbon_price: 1.0
timeseries_values:
  load_level: 298476.246754379
  wind_year: 2012
  solar_year: 2012
  price_year: 2023
  carbon_year: 2023
storage_values:
  CAES:
    cost: 40.2813
    lifetime: 23.9139
    annual_cost: 1.6844303940386134
    efficiency: 0.607663
    discharge_ratio: 0.1
    depth_of_discharge: 0.4
  Li-ion:
    cost: 207.525
    lifetime: 21.0379
    annual_cost: 9.864340071965358
    efficiency: 0.879597
    discharge_ratio: 2
    depth_of_discharge: 0.9
  Pb-acid:
    cost: 190.196
    lifetime: 11.7482
    annual_cost: 16.18937369128888
    efficiency: 0.696874
    discharge_ratio: 5
    depth_of_discharge: 0.5
  VRBF:
    cost: 339.008
    lifetime: 29.3509
    annual_cost: 11.550173929930597
    efficiency: 0.77878
    discharge_ratio: 0.5
    depth_of_discharge: 1.0
