cost_values:
  wind_capex: 5000.0
  wind_opex: 100
  wind_lifetime: 20
  solar_capex: 1000.0
  solar_opex: 10
  solar_lifetime: 20
  carbon_price: 1.0
timeseries_values:
  load_level: 298476.246754379
  wind_year: 2012
  solar_year: 2012
  price_year: 2023
  carbon_year: 2023
storage_values:
  CAES:
    cost: 38.2055
    lifetime: 22.8499
    annual_cost: 1.6720204464789779
    efficiency: 0.603394
    discharge_ratio: 0.1
    depth_of_discharge: 0.4
  Li-ion:
    cost: 221.41
    lifetime: 18.3096
    annual_cost: 12.092563463975182
    efficiency: 0.89152
    discharge_ratio: 2
    depth_of_discharge: 0.9
  Pb-acid:
    cost: 225.661
    lifetime: 10.463
    annual_cost: 21.567523654783525
    efficiency: 0.681451
    discharge_ratio: 5
    depth_of_discharge: 0.5
  VRBF:
    cost: 341.975
    lifetime: 25.8992
    annual_cost: 13.20407580156916
    efficiency: 0.793989
    discharge_ratio: 0.5
    depth_of_discharge: 1.0
