cost_values:
  wind_capex: 5000.0
  wind_opex: 100
  wind_lifetime: 20
  solar_capex: 1000.0
  solar_opex: 10
  solar_lifetime: 20
  carbon_price: 1.0
timeseries_values:
  load_level: 298476.246754379
  wind_year: 2012
  solar_year: 2012
  price_year: 2023
  carbon_year: 2023
storage_values:
  CAES:
    cost: 35.68
    lifetime: 23.373
    annual_cost: 1.5265477260086424
    efficiency: 0.588737
    discharge_ratio: 0.1
    depth_of_discharge: 0.4
  Li-ion:
    cost: 229.633
    lifetime: 19.0879
    annual_cost: 12.030291441174775
    efficiency: 0.882445
    discharge_ratio: 2
    depth_of_discharge: 0.9
  Pb-acid:
    cost: 209.789
    lifetime: 9.607
    annual_cost: 21.837097949411888
    efficiency: 0.687898
    discharge_ratio: 5
    depth_of_discharge: 0.5
  VRBF:
    cost: 316.953
    lifetime: 26.4883
    annual_cost: 11.965773567952644
    efficiency: 0.798298
    discharge_ratio: 0.5
    depth_of_discharge: 1.0
