cost_values:
  wind_capex: 5000.0
  wind_opex: 100
  wind_lifetime: 20
  solar_capex: 1000.0
  solar_opex: 10
  solar_lifetime: 20
  carbon_price: 1.0
timeseries_values:
  load_level: 298476.246754379
  wind_year: 2012
  solar_year: 2012
  price_year: 2023
  carbon_year: 2023
storage_values:
  CAES:
    cost: 44.7797
    lifetime: 23.8736
    annual_cost: 1.8756995174586153
    efficiency: 0.596005
    discharge_ratio: 0.1
    depth_of_discharge: 0.4
  Li-ion:
    cost: 210.75
    lifetime: 19.8295
    annual_cost: 10.628104591643764
    efficiency: 0.889079
    discharge_ratio: 2
    depth_of_discharge: 0.9
  Pb-acid:
    cost: 222.55
    lifetime: 10.7754
    annual_cost: 20.653525623178723
    efficiency: 0.68471
    discharge_ratio: 5
    depth_of_discharge: 0.5
  VRBF:
    cost: 345.705
    lifetime: 29.6099
    annual_cost: 11.675318052408146
    efficiency: 0.765588
    discharge_ratio: 0.5
    depth_of_discharge: 1.0
