cost_values:
  wind_capex: 5000.0
  wind_opex: 100
  wind_lifetime: 20
  solar_capex: 1000.0
  solar_opex: 10
  solar_lifetime: 20
  carbon_price: 1.0
timeseries_values:
  load_level: 298476.246754379
  wind_year: 2012
  solar_year: 2012
  price_year: 2023
  carbon_year: 2023
storage_values:
  CAES:
    cost: 37.9413
    lifetime: 22.4737
    annual_cost: 1.6882533806182336
    efficiency: 0.599086
    discharge_ratio: 0.1
    depth_of_discharge: 0.4
  Li-ion:
    cost: 202.761
    lifetime: 18.8198
    annual_cost: 10.77381268663854
    efficiency: 0.878637
    discharge_ratio: 2
    depth_of_discharge: 0.9
  Pb-acid:
    cost: 196.179
    lifetime: 10.0482
    annual_cost: 19.523795306622084
    efficiency: 0.697804
    discharge_ratio: 5
    depth_of_discharge: 0.5
  VRBF:
    cost: 335.075
    lifetime: 28.8446
    annual_cost: 11.616559078649036
    efficiency: 0.79007
    discharge_ratio: 0.5
    depth_of_discharge: 1.0
