cost_values:
  wind_capex: 5000.0
  wind_opex: 100
  wind_lifetime: 20
  solar_capex: 1000.0
  solar_opex: 10
  solar_lifetime: 20
  carbon_price: 1.0
timeseries_values:
  load_level: 298476.246754379
  wind_year: 2012
  solar_year: 2012
  price_year: 2023
  carbon_year: 2023
storage_values:
  CAES:
    cost: 38.4247
    lifetime: 23.4098
    annual_cost: 1.6413937752565164
    efficiency: 0.59444
    discharge_ratio: 0.1
    depth_of_discharge: 0.4
  Li-ion:
    cost: 220.79
    lifetime: 20.7331
    annual_cost: 10.649155215573165
    efficiency: 0.888468
    discharge_ratio: 2
    depth_of_discharge: 0.9
  Pb-acid:
    cost: 201.067
    lifetime: 8.91579
    annual_cost: 22.551787334605237
    efficiency: 0.690787
    discharge_ratio: 5
    depth_of_discharge: 0.5
  VRBF:
    cost: 314.067
    lifetime: 28.207
    annual_cost: 11.134363810401673
    efficiency: 0.768757
    discharge_ratio: 0.5
    depth_of_discharge: 1.0
