cost_values:
  wind_capex: 5000.0
  wind_opex: 100
  wind_lifetime: 20
  solar_capex: 1000.0
  solar_opex: 10
  solar_lifetime: 20
  carbon_price: 1.0
timeseries_values:
  load_level: 298476.246754379
  wind_year: 2012
  solar_year: 2012
  price_year: 2023
  carbon_year: 2023
storage_values:
  CAES:
    cost: 39.4151
    lifetime: 23.8276
    annual_cost: 1.6541783477983516
    efficiency: 0.592788
    discharge_ratio: 0.1
    depth_of_discharge: 0.4
  Li-ion:
    cost: 203.293
    lifetime: 18.5479
    annual_cost: 10.9604321783059
    efficiency: 0.880468
    discharge_ratio: 2
    depth_of_discharge: 0.9
  Pb-acid:
    cost: 188.301
    lifetime: 8.30915
    annual_cost: 22.661884789659588
    efficiency: 0.666035
    discharge_ratio: 5
    depth_of_discharge: 0.5
  VRBF:
    cost: 352.623
    lifetime: 28.7759
    annual_cost: 12.254108472715014
    efficiency: 0.790032
    discharge_ratio: 0.5
    depth_of_discharge: 1.0
