cost_values:
  wind_capex: 5000.0
  wind_opex: 100
  wind_lifetime: 20
  solar_capex: 1000.0
  solar_opex: 10
  solar_lifetime: 20
  carbon_price: 1.0
timeseries_values:
  load_level: 298476.246754379
  wind_year: 2012
  solar_year: 2012
  price_year: 2023
  carbon_year: 2023
storage_values:
  CAES:
    cost: 38.8945
    lifetime: 22.6319
    annual_cost: 1.7185698063353054
    efficiency: 0.597112
    discharge_ratio: 0.1
    depth_of_discharge: 0.4
  Li-ion:
    cost: 203.004
    lifetime: 19.3483
    annual_cost: 10.492084575905894
    efficiency: 0.874842
    discharge_ratio: 2
    depth_of_discharge: 0.9
  Pb-acid:
    cost: 193.021
    lifetime: 8.88695
    annual_cost: 21.71960008776914
    efficiency: 0.672267
    discharge_ratio: 5
    depth_of_discharge: 0.5
  VRBF:
    cost: 345.836
    lifetime: 26.5321
    annual_cost: 13.034625981358431
    efficiency: 0.786224
    discharge_ratio: 0.5
    depth_of_discharge: 1.0
