cost_values:
  wind_capex: 5000.0
  wind_opex: 100
  wind_lifetime: 20
  solar_capex: 1000.0
  solar_opex: 10
  solar_lifetime: 20
  carbon_price: 1.0
timeseries_values:
  load_level: 298476.246754379
  wind_year: 2012
  solar_year: 2012
  price_year: 2023
  carbon_year: 2023
storage_values:
  CAES:
    cost: 35.4285
    lifetime: 22.7634
    annual_cost: 1.556379978386357
    efficiency: 0.600716
    discharge_ratio: 0.1
    depth_of_discharge: 0.4
  Li-ion:
    cost: 226.09
    lifetime: 19.4035
    annual_cost: 11.652021542505217
    efficiency: 0.877104
    discharge_ratio: 2
    depth_of_discharge: 0.9
  Pb-acid:
    cost: 215.583
    lifetime: 10.3331
    annual_cost: 20.86334207546622
    efficiency: 0.677124
    discharge_ratio: 5
    depth_of_discharge: 0.5
  VRBF:
    cost: 328.784
    lifetime: 28.0681
    annual_cost: 11.713796088798315
    efficiency: 0.790469
    discharge_ratio: 0.5
    depth_of_discharge: 1.0
