cost_values:
  wind_capex: 5000.0
  wind_opex: 100
  wind_lifetime: 20
  solar_capex: 1000.0
  solar_opex: 10
  solar_lifetime: 20
  carbon_price: 1.0
timeseries_values:
  load_level: 298476.246754379
  wind_year: 2012
  solar_year: 2012
  price_year: 2023
  carbon_year: 2023
storage_values:
  CAES:
    cost: 38.1064
    lifetime: 23.9234
    annual_cost: 1.5928505145589673
    efficiency: 0.596651
    discharge_ratio: 0.1
    depth_of_discharge: 0.4
  Li-ion:
    cost: 208.142
    lifetime: 18.315
    annual_cost: 11.364564564564564
    efficiency: 0.890722
    discharge_ratio: 2
    depth_of_discharge: 0.9
  Pb-acid:
    cost: 229.575
    lifetime: 10.0522
    annual_cost: 22.838284156702017
    efficiency: 0.683706
    discharge_ratio: 5
    depth_of_discharge: 0.5
  VRBF:
    cost: 309.535
    lifetime: 27.0028
    annual_cost: 11.463070496392968
    efficiency: 0.791961
    discharge_ratio: 0.5
    depth_of_discharge: 1.0
