cost_values:
  wind_capex: 5000.0
  wind_opex: 100
  wind_lifetime: 20
  solar_capex: 1000.0
  solar_opex: 10
  solar_lifetime: 20
  carbon_price: 1.0
timeseries_values:
  load_level: 298476.246754379
  wind_year: 2012
  solar_year: 2012
  price_year: 2023
  carbon_year: 2023
storage_values:
  CAES:
    cost: 45.1126
    lifetime: 24.6989
    annual_cost: 1.8265023948434953
    efficiency: 0.59446
    discharge_ratio: 0.1
    depth_of_discharge: 0.4
  Li-ion:
    cost: 207.213
    lifetime: 18.0572
    annual_cost: 11.475367166559598
    efficiency: 0.878692
    discharge_ratio: 2
    depth_of_discharge: 0.9
  Pb-acid:
    cost: 207.7
    lifetime: 8.08909
    annual_cost: 25.67655941521234
    efficiency: 0.705241
    discharge_ratio: 5
    depth_of_discharge: 0.5
  VRBF:
    cost: 308.039
    lifetime: 26.9629
    annual_cost: 11.424550029855839
    efficiency: 0.785371
    discharge_ratio: 0.5
    depth_of_discharge: 1.0
