cost_values:
  wind_capex: 5000.0
  wind_opex: 100
  wind_lifetime: 20
  solar_capex: 1000.0
  solar_opex: 10
  solar_lifetime: 20
  carbon_price: 1.0
timeseries_values:
  load_level: 298476.246754379
  wind_year: 2012
  solar_year: 2012
  price_year: 2023
  carbon_year: 2023
storage_values:
  CAES:
    cost: 35.2991
    lifetime: 22.6234
    annual_cost: 1.5602915565299647
    efficiency: 0.592508
    discharge_ratio: 0.1
    depth_of_discharge: 0.4
  Li-ion:
    cost: 236.038
    lifetime: 17.8454
    annual_cost: 13.226825960751789
    efficiency: 0.890993
    discharge_ratio: 2
    depth_of_discharge: 0.9
  Pb-acid:
    cost: 204.768
    lifetime: 9.72991
    annual_cost: 21.04521007902437
    efficiency: 0.668334
    discharge_ratio: 5
    depth_of_discharge: 0.5
  VRBF:
    cost: 318.95
    lifetime: 29.3452
    annual_cost: 10.868898491064979
    efficiency: 0.783009
    discharge_ratio: 0.5
    depth_of_discharge: 1.0
