cost_values:
  wind_capex: 5000.0
  wind_opex: 100
  wind_lifetime: 20
  solar_capex: 1000.0
  solar_opex: 10
  solar_lifetime: 20
  carbon_price: 1.0
timeseries_values:
  load_level: 298476.246754379
  wind_year: 2012
  solar_year: 2012
  price_year: 2023
  carbon_year: 2023
storage_values:
  CAES:
    cost: 37.4369
    lifetime: 23.7464
    annual_cost: 1.5765294949971365
    efficiency: 0.60015
    discharge_ratio: 0.1
    depth_of_discharge: 0.4
  Li-ion:
    cost: 232.239
    lifetime: 20.3825
    annual_cost: 11.39403900404759
    efficiency: 0.878714
    discharge_ratio: 2
    depth_of_discharge: 0.9
  Pb-acid:
    cost: 219.023
    lifetime: 10.1327
    annual_cost: 21.615462808530797
    efficiency: 0.690818
    discharge_ratio: 5
    depth_of_discharge: 0.5
  VRBF:
    cost: 313.016
    lifetime: 28.9395
    annual_cost: 10.816220045266851
    efficiency: 0.777129
    discharge_ratio: 0.5
    depth_of_discharge: 1.0
