cost_values:
  wind_capex: 5000.0
  wind_opex: 100
  wind_lifetime: 20
  solar_capex: 1000.0
  solar_opex: 10
  solar_lifetime: 20
  carbon_price: 1.0
timeseries_values:
  load_level: 298476.246754379
  wind_year: 2012
  solar_year: 2012
  price_year: 2023
  carbon_year: 2023
storage_values:
  CAES:
    cost: 41.9686
    lifetime: 23.3972
    annual_cost: 1.7937445506299898
    efficiency: 0.594622
    discharge_ratio: 0.1
    depth_of_discharge: 0.4
  Li-ion:
    cost: 215.93
    lifetime: 17.2804
    annual_cost: 12.495659822689289
    efficiency: 0.877741
    discharge_ratio: 2
    depth_of_discharge: 0.9
  Pb-acid:
    cost: 205.625
    lifetime: 9.25591
    annual_cost: 22.215535803610884
    efficiency: 0.682959
    discharge_ratio: 5
    depth_of_discharge: 0.5
  VRBF:
    cost: 326.031
    lifetime: 28.3837
    annual_cost: 11.486557425564673
    efficiency: 0.787803
    discharge_ratio: 0.5
    depth_of_discharge: 1.0
