cost_values:
  wind_capex: 5000.0
  wind_opex: 100
  wind_lifetime: 20
  solar_capex: 1000.0
  solar_opex: 10
  solar_lifetime: 20
  carbon_price: 1.0
timeseries_values:
  load_level: 298476.246754379
  wind_year: 2012
  solar_year: 2012
  price_year: 2023
  carbon_year: 2023
storage_values:
  CAES:
    cost: 40.782
    lifetime: 23.8703
    annual_cost: 1.7084829264818622
    efficiency: 0.593774
    discharge_ratio: 0.1
    depth_of_discharge: 0.4
  Li-ion:
    cost: 222.622
    lifetime: 20.8838
    annual_cost: 10.660033135732004
    efficiency: 0.885087
    discharge_ratio: 2
    depth_of_discharge: 0.9
  Pb-acid:
    cost: 225.091
    lifetime: 9.50716
    annual_cost: 23.6759452875517
    efficiency: 0.684617
    discharge_ratio: 5
    depth_of_discharge: 0.5
  VRBF:
    cost: 287.302
    lifetime: 27.6095
    annual_cost: 10.405911008891868
    efficiency: 0.788684
    discharge_ratio: 0.5
    depth_of_discharge: 1.0
