cost_values:
  wind_capex: 5000.0
  wind_opex: 100
  wind_lifetime: 20
  solar_capex: 1000.0
  solar_opex: 10
  solar_lifetime: 20
  carbon_price: 1.0
timeseries_values:
  load_level: 298476.246754379
  wind_year: 2012
  solar_year: 2012
  price_year: 2023
  carbon_year: 2023
storage_values:
  CAES:
    cost: 32.8265
    lifetime: 22.7246
    annual_cost: 1.4445358774191848
    efficiency: 0.601001
    discharge_ratio: 0.1
    depth_of_discharge: 0.4
  Li-ion:
    cost: 232.651
    lifetime: 19.8078
    annual_cost: 11.745423520027463
    efficiency: 0.876086
    discharge_ratio: 2
    depth_of_discharge: 0.9
  Pb-acid:
    cost: 189.038
    lifetime: 10.3735
    annual_cost: 18.223164794910108
    efficiency: 0.684188
    discharge_ratio: 5
    depth_of_discharge: 0.5
  VRBF:
    cost: 339.138
    lifetime: 28.8611
    annual_cost: 11.75069557293381
    efficiency: 0.780019
    discharge_ratio: 0.5
    depth_of_discharge: 1.0
