cost_values:
  wind_capex: 5000.0
  wind_opex: 100
  wind_lifetime: 20
  solar_capex: 1000.0
  solar_opex: 10
  solar_lifetime: 20
  carbon_price: 1.0
timeseries_values:
  load_level: 298476.246754379
  wind_year: 2012
  solar_year: 2012
  price_year: 2023
  carbon_year: 2023
storage_values:
  CAES:
    cost: 28.9059
    lifetime: 22.5536
    annual_cost: 1.2816534832576618
    efficiency: 0.596608
    discharge_ratio: 0.1
    depth_of_discharge: 0.4
  Li-ion:
    cost: 217.198
    lifetime: 18.193
    annual_cost: 11.938547793107238
    efficiency: 0.882788
    discharge_ratio: 2
    depth_of_discharge: 0.9
  Pb-acid:
    cost: 211.423
    lifetime: 10.5479
    annual_cost: 20.044084604518435
    efficiency: 0.701916
    discharge_ratio: 5
    depth_of_discharge: 0.5
  VRBF:
    cost: 324.075
    lifetime: 27.7404
    annual_cost: 11.682419864169225
    efficiency: 0.782463
    discharge_ratio: 0.5
    depth_of_discharge: 1.0
