cost_values:
  wind_capex: 5000.0
  wind_opex: 100
  wind_lifetime: 20
  solar_capex: 1000.0
  solar_opex: 10
  solar_lifetime: 20
  carbon_price: 1.0
timeseries_values:
  load_level: 298476.246754379
  wind_year: 2012
  solar_year: 2012
  price_year: 2023
  carbon_year: 2023
storage_values:
  CAES:
    cost: 37.0884
    lifetime: 23.9739
    annual_cost: 1.5470323977325342
    efficiency: 0.600492
    discharge_ratio: 0.1
    depth_of_discharge: 0.4
  Li-ion:
    cost: 218.004
    lifetime: 19.0184
    annual_cost: 11.462793925882304
    efficiency: 0.883632
    discharge_ratio: 2
    depth_of_discharge: 0.9
  Pb-acid:
    cost: 188.212
    lifetime: 8.68592
    annual_cost: 21.668631532411073
    efficiency: 0.672371
    discharge_ratio: 5
    depth_of_discharge: 0.5
  VRBF:
    cost: 312.354
    lifetime: 29.0582
    annual_cost: 10.749254943527127
    efficiency: 0.803686
    discharge_ratio: 0.5
    depth_of_discharge: 1.0
