cost_values:
  wind_capex: 5000.0
  wind_opex: 100
  wind_lifetime: 20
  solar_capex: 1000.0
  solar_opex: 10
  solar_lifetime: 20
  carbon_price: 1.0
timeseries_values:
  load_level: 298476.246754379
  wind_year: 2012
  solar_year: 2012
  price_year: 2023
  carbon_year: 2023
storage_values:
  CAES:
    cost: 27.011
    lifetime: 22.9309
    annual_cost: 1.1779302164328482
    efficiency: 0.592254
    discharge_ratio: 0.1
    depth_of_discharge: 0.4
  Li-ion:
    cost: 236.611
    lifetime: 19.0641
    annual_cost: 12.41133858928562
    efficiency: 0.852009
    discharge_ratio: 2
    depth_of_discharge: 0.9
  Pb-acid:
    cost: 207.481
    lifetime: 7.65121
    annual_cost: 27.117410187408264
    efficiency: 0.684526
    discharge_ratio: 5
    depth_of_discharge: 0.5
  VRBF:
    cost: 302.039
    lifetime: 27.4597
    annual_cost: 10.999355419032254
    efficiency: 0.770961
    discharge_ratio: 0.5
    depth_of_discharge: 1.0
