cost_values:
  wind_capex: 5000.0
  wind_opex: 100
  wind_lifetime: 20
  solar_capex: 1000.0
  solar_opex: 10
  solar_lifetime: 20
  carbon_price: 1.0
timeseries_values:
  load_level: 298476.246754379
  wind_year: 2012
  solar_year: 2012
  price_year: 2023
  carbon_year: 2023
storage_values:
  CAES:
    cost: 31.9513
    lifetime: 23.6036
    annual_cost: 1.353662153230863
    efficiency: 0.603108
    discharge_ratio: 0.1
    depth_of_discharge: 0.4
  Li-ion:
    cost: 200.662
    lifetime: 20.2331
    annual_cost: 9.917511404579624
    efficiency: 0.883669
    discharge_ratio: 2
    depth_of_discharge: 0.9
  Pb-acid:
    cost: 194.947
    lifetime: 9.3763
    annual_cost: 20.79146358371639
    efficiency: 0.694387
    discharge_ratio: 5
    depth_of_discharge: 0.5
  VRBF:
    cost: 339.071
    lifetime: 27.045
    annual_cost: 12.53728970234794
    efficiency: 0.774222
    discharge_ratio: 0.5
    depth_of_discharge: 1.0
