cost_values:
  wind_capex: 5000.0
  wind_opex: 100
  wind_lifetime: 20
  solar_capex: 1000.0
  solar_opex: 10
  solar_lifetime: 20
  carbon_price: 1.0
timeseries_values:
  load_level: 298476.246754379
  wind_year: 2012
  solar_year: 2012
  price_year: 2023
  carbon_year: 2023
storage_values:
  CAES:
    cost: 40.3191
    lifetime: 22.6726
    annual_cost: 1.7783183225567425
    efficiency: 0.59343
    discharge_ratio: 0.1
    depth_of_discharge: 0.4
  Li-ion:
    cost: 228.862
    lifetime: 18.8957
    annual_cost: 12.111856136581338
    efficiency: 0.877546
    discharge_ratio: 2
    depth_of_discharge: 0.9
  Pb-acid:
    cost: 194.245
    lifetime: 9.79455
    annual_cost: 19.831947358479972
    efficiency: 0.679953
    discharge_ratio: 5
    depth_of_discharge: 0.5
  VRBF:
    cost: 370.428
    lifetime: 28.7473
    annual_cost: 12.885662305677403
    efficiency: 0.793756
    discharge_ratio: 0.5
    depth_of_discharge: 1.0
