cost_values:
  wind_capex: 5000.0
  wind_opex: 100
  wind_lifetime: 20
  solar_capex: 1000.0
  solar_opex: 10
  solar_lifetime: 20
  carbon_price: 1.0
timeseries_values:
  load_level: 298476.246754379
  wind_year: 2012
  solar_year: 2012
  price_year: 2023
  carbon_year: 2023
storage_values:
  CAES:
    cost: 43.8217
    lifetime: 23.0324
    annual_cost: 1.9026111043573402
    efficiency: 0.600432
    discharge_ratio: 0.1
    depth_of_discharge: 0.4
  Li-ion:
    cost: 209.598
    lifetime: 18.281
    annual_cost: 11.465346534653467
    efficiency: 0.870722
    discharge_ratio: 2
    depth_of_discharge: 0.9
  Pb-acid:
    cost: 191.704
    lifetime: 11.7167
    annual_cost: 16.361603523176324
    efficiency: 0.671407
    discharge_ratio: 5
    depth_of_discharge: 0.5
  VRBF:
    cost: 300.726
    lifetime: 29.8228
    annual_cost: 10.083761417439007
    efficiency: 0.770484
    discharge_ratio: 0.5
    depth_of_discharge: 1.0
