cost_values:
  wind_capex: 5000.0
  wind_opex: 100
  wind_lifetime: 20
  solar_capex: 1000.0
  solar_opex: 10
  solar_lifetime: 20
  carbon_price: 1.0
timeseries_values:
  load_level: 298476.246754379
  wind_year: 2012
  solar_year: 2012
  price_year: 2023
  carbon_year: 2023
storage_values:
  CAES:
    cost: 39.3451
    lifetime: 23.7744
    annual_cost: 1.654935560939498
    efficiency: 0.603805
    discharge_ratio: 0.1
    depth_of_discharge: 0.4
  Li-ion:
    cost: 223.73
    lifetime: 19.8292
    annual_cost: 11.282855586710507
    efficiency: 0.876711
    discharge_ratio: 2
    depth_of_discharge: 0.9
  Pb-acid:
    cost: 212.722
    lifetime: 9.9703
    annual_cost: 21.335566632899713
    efficiency: 0.668808
    discharge_ratio: 5
    depth_of_discharge: 0.5
  VRBF:
    cost: 309.819
    lifetime: 27.7504
    annual_cost: 11.164487719095941
    efficiency: 0.798335
    discharge_ratio: 0.5
    depth_of_discharge: 1.0
