cost_values:
  wind_capex: 5000.0
  wind_opex: 100
  wind_lifetime: 20
  solar_capex: 1000.0
  solar_opex: 10
  solar_lifetime: 20
  carbon_price: 1.0
timeseries_values:
  load_level: 298476.246754379
  wind_year: 2012
  solar_year: 2012
  price_year: 2023
  carbon_year: 2023
storage_values:
  CAES:
    cost: 44.9169
    lifetime: 22.449
    annual_cost: 2.0008419083255378
    efficiency: 0.593308
    discharge_ratio: 0.1
    depth_of_discharge: 0.4
  Li-ion:
    cost: 216.359
    lifetime: 19.404
    annual_cost: 11.150226757369616
    efficiency: 0.880955
    discharge_ratio: 2
    depth_of_discharge: 0.9
  Pb-acid:
    cost: 190.618
    lifetime: 8.85619
    annual_cost: 21.52370263058945
    efficiency: 0.683045
    discharge_ratio: 5
    depth_of_discharge: 0.5
  VRBF:
    cost: 331.951
    lifetime: 27.9055
    annual_cost: 11.89554030567451
    efficiency: 0.790266
    discharge_ratio: 0.5
    depth_of_discharge: 1.0
