cost_values:
  wind_capex: 5000.0
  wind_opex: 100
  wind_lifetime: 20
  solar_capex: 1000.0
  solar_opex: 10
  solar_lifetime: 20
  carbon_price: 1.0
timeseries_values:
  load_level: 298476.246754379
  wind_year: 2012
  solar_year: 2012
  price_year: 2023
  carbon_year: 2023
storage_values:
  CAES:
    cost: 40.2151
    lifetime: 22.8725
    annual_cost: 1.7582293146792
    efficiency: 0.603025
    discharge_ratio: 0.1
    depth_of_discharge: 0.4
  Li-ion:
    cost: 243.692
    lifetime: 18.7765
    annual_cost: 12.978563630069504
    efficiency: 0.887022
    discharge_ratio: 2
    depth_of_discharge: 0.9
  Pb-acid:
    cost: 201.659
    lifetime: 9.94336
    annual_cost: 20.280770282882244
    efficiency: 0.689245
    discharge_ratio: 5
    depth_of_discharge: 0.5
  VRBF:
    cost: 334.48
    lifetime: 27.2699
    annual_cost: 12.265538194126124
    efficiency: 0.782124
    discharge_ratio: 0.5
    depth_of_discharge: 1.0
