cost_values:
  wind_capex: 5000.0
  wind_opex: 100
  wind_lifetime: 20
  solar_capex: 1000.0
  solar_opex: 10
  solar_lifetime: 20
  carbon_price: 1.0
timeseries_values:
  load_level: 298476.246754379
  wind_year: 2012
  solar_year: 2012
  price_year: 2023
  carbon_year: 2023
storage_values:
  CAES:
    cost: 42.5578
    lifetime: 24.1143
    annual_cost: 1.7648366322057867
    efficiency: 0.600111
    discharge_ratio: 0.1
    depth_of_discharge: 0.4
  Li-ion:
    cost: 221.639
    lifetime: 16.5352
    annual_cost: 13.404071314529006
    efficiency: 0.884346
    discharge_ratio: 2
    depth_of_discharge: 0.9
  Pb-acid:
    cost: 199.423
    lifetime: 8.62506
    annual_cost: 23.12134640222793
    efficiency: 0.681565
    discharge_ratio: 5
    depth_of_discharge: 0.5
  VRBF:
    cost: 332.202
    lifetime: 28.302
    annual_cost: 11.737757048971805
    efficiency: 0.762787
    discharge_ratio: 0.5
    depth_of_discharge: 1.0
