cost_values:
  wind_capex: 5000.0
  wind_opex: 100
  wind_lifetime: 20
  solar_capex: 1000.0
  solar_opex: 10
  solar_lifetime: 20
  carbon_price: 1.0
timeseries_values:
  load_level: 298476.246754379
  wind_year: 2012
  solar_year: 2012
  price_year: 2023
  carbon_year: 2023
storage_values:
  CAES:
    cost: 35.6253
    lifetime: 23.1938
    annual_cost: 1.535983754279161
    efficiency: 0.607853
    discharge_ratio: 0.1
    depth_of_discharge: 0.4
  Li-ion:
    cost: 223.579
    lifetime: 20.3011
    annual_cost: 11.013147070848378
    efficiency: 0.876323
    discharge_ratio: 2
    depth_of_discharge: 0.9
  Pb-acid:
    cost: 197.496
    lifetime: 9.81559
    annual_cost: 20.120644810958893
    efficiency: 0.679389
    discharge_ratio: 5
    depth_of_discharge: 0.5
  VRBF:
    cost: 337.255
    lifetime: 26.8031
    annual_cost: 12.58268633105872
    efficiency: 0.771408
    discharge_ratio: 0.5
    depth_of_discharge: 1.0
