cost_values:
  wind_capex: 5000.0
  wind_opex: 100
  wind_lifetime: 20
  solar_capex: 1000.0
  solar_opex: 10
  solar_lifetime: 20
  carbon_price: 1.0
timeseries_values:
  load_level: 298476.246754379
  wind_year: 2012
  solar_year: 2012
  price_year: 2023
  carbon_year: 2023
storage_values:
  CAES:
    cost: 25.453
    lifetime: 22.9677
    annual_cost: 1.1082084840885242
    efficiency: 0.596774
    discharge_ratio: 0.1
    depth_of_discharge: 0.4
  Li-ion:
    cost: 225.399
    lifetime: 21.1508
    annual_cost: 10.656760027989485
    efficiency: 0.874359
    discharge_ratio: 2
    depth_of_discharge: 0.9
  Pb-acid:
    cost: 208.673
    lifetime: 8.95645
    annual_cost: 23.29862836279999
    efficiency: 0.698225
    discharge_ratio: 5
    depth_of_discharge: 0.5
  VRBF:
    cost: 329.231
    lifetime: 28.2112
    annual_cost: 11.670223173774954
    efficiency: 0.792678
    discharge_ratio: 0.5
    depth_of_discharge: 1.0
