cost_values:
  wind_capex: 5000.0
  wind_opex: 100
  wind_lifetime: 20
  solar_capex: 1000.0
  solar_opex: 10
  solar_lifetime: 20
  carbon_price: 1.0
timeseries_values:
  load_level: 298476.246754379
  wind_year: 2012
  solar_year: 2012
  price_year: 2023
  carbon_year: 2023
storage_values:
  CAES:
    cost: 34.9212
    lifetime: 24.4622
    annual_cost: 1.427557619510919
    efficiency: 0.58689
    discharge_ratio: 0.1
    depth_of_discharge: 0.4
  Li-ion:
    cost: 224.306
    lifetime: 19.8278
    annual_cost: 11.312702367383169
    efficiency: 0.878244
    discharge_ratio: 2
    depth_of_discharge: 0.9
  Pb-acid:
    cost: 210.395
    lifetime: 9.05618
    annual_cost: 23.232201656769192
    efficiency: 0.683766
    discharge_ratio: 5
    depth_of_discharge: 0.5
  VRBF:
    cost: 357.547
    lifetime: 27.161
    annual_cost: 13.163985125731749
    efficiency: 0.771629
    discharge_ratio: 0.5
    depth_of_discharge: 1.0
