cost_values:
  wind_capex: 5000.0
  wind_opex: 100
  wind_lifetime: 20
  solar_capex: 1000.0
  solar_opex: 10
  solar_lifetime: 20
  carbon_price: 1.0
timeseries_values:
  load_level: 298476.246754379
  wind_year: 2012
  solar_year: 2012
  price_year: 2023
  carbon_year: 2023
storage_values:
  CAES:
    cost: 34.0287
    lifetime: 23.4296
    annual_cost: 1.4523807491378427
    efficiency: 0.598727
    discharge_ratio: 0.1
    depth_of_discharge: 0.4
  Li-ion:
    cost: 225.249
    lifetime: 19.0715
    annual_cost: 11.81076475369006
    efficiency: 0.880816
    discharge_ratio: 2
    depth_of_discharge: 0.9
  Pb-acid:
    cost: 221.468
    lifetime: 10.3297
    annual_cost: 21.43992565127738
    efficiency: 0.663977
    discharge_ratio: 5
    depth_of_discharge: 0.5
  VRBF:
    cost: 344.657
    lifetime: 29.1213
    annual_cost: 11.835220268325932
    efficiency: 0.774162
    discharge_ratio: 0.5
    depth_of_discharge: 1.0
