cost_values:
  wind_capex: 5000.0
  wind_opex: 100
  wind_lifetime: 20
  solar_capex: 1000.0
  solar_opex: 10
  solar_lifetime: 20
  carbon_price: 1.0
timeseries_values:
  load_level: 298476.246754379
  wind_year: 2012
  solar_year: 2012
  price_year: 2023
  carbon_year: 2023
storage_values:
  CAES:
    cost: 33.6866
    lifetime: 23.0644
    annual_cost: 1.4605452558921974
    efficiency: 0.594602
    discharge_ratio: 0.1
    depth_of_discharge: 0.4
  Li-ion:
    cost: 203.679
    lifetime: 20.8637
    annual_cost: 9.762362380594045
    efficiency: 0.882808
    discharge_ratio: 2
    depth_of_discharge: 0.9
  Pb-acid:
    cost: 207.236
    lifetime: 10.1684
    annual_cost: 20.380394162306754
    efficiency: 0.672267
    discharge_ratio: 5
    depth_of_discharge: 0.5
  VRBF:
    cost: 330.287
    lifetime: 26.4886
    annual_cost: 12.46902441050112
    efficiency: 0.790046
    discharge_ratio: 0.5
    depth_of_discharge: 1.0
