cost_values:
  wind_capex: 5000.0
  wind_opex: 100
  wind_lifetime: 20
  solar_capex: 1000.0
  solar_opex: 10
  solar_lifetime: 20
  carbon_price: 1.0
timeseries_values:
  load_level: 298476.246754379
  wind_year: 2012
  solar_year: 2012
  price_year: 2023
  carbon_year: 2023
storage_values:
  CAES:
    cost: 35.2809
    lifetime: 23.1275
    annual_cost: 1.5254956220949087
    efficiency: 0.596753
    discharge_ratio: 0.1
    depth_of_discharge: 0.4
  Li-ion:
    cost: 232.213
    lifetime: 18.2725
    annual_cost: 12.708332193186482
    efficiency: 0.881054
    discharge_ratio: 2
    depth_of_discharge: 0.9
  Pb-acid:
    cost: 216.095
    lifetime: 11.4052
    annual_cost: 18.9470592361379
    efficiency: 0.672636
    discharge_ratio: 5
    depth_of_discharge: 0.5
  VRBF:
    cost: 370.543
    lifetime: 26.7525
    annual_cost: 13.850780300906457
    efficiency: 0.783926
    discharge_ratio: 0.5
    depth_of_discharge: 1.0
