cost_values:
  wind_capex: 5000.0
  wind_opex: 100
  wind_lifetime: 20
  solar_capex: 1000.0
  solar_opex: 10
  solar_lifetime: 20
  carbon_price: 1.0
timeseries_values:
  load_level: 298476.246754379
  wind_year: 2012
  solar_year: 2012
  price_year: 2023
  carbon_year: 2023
storage_values:
  CAES:
    cost: 39.9804
    lifetime: 24.5984
    annual_cost: 1.6253252244048393
    efficiency: 0.595572
    discharge_ratio: 0.1
    depth_of_discharge: 0.4
  Li-ion:
    cost: 232.946
    lifetime: 19.3893
    annual_cost: 12.014152135456154
    efficiency: 0.891478
    discharge_ratio: 2
    depth_of_discharge: 0.9
  Pb-acid:
    cost: 206.454
    lifetime: 9.11888
    annual_cost: 22.640280385310476
    efficiency: 0.685032
    discharge_ratio: 5
    depth_of_discharge: 0.5
  VRBF:
    cost: 281.635
    lifetime: 28.5117
    annual_cost: 9.87787469705419
    efficiency: 0.80969
    discharge_ratio: 0.5
    depth_of_discharge: 1.0
