cost_values:
  wind_capex: 5000.0
  wind_opex: 100
  wind_lifetime: 20
  solar_capex: 1000.0
  solar_opex: 10
  solar_lifetime: 20
  carbon_price: 1.0
timeseries_values:
  load_level: 298476.246754379
  wind_year: 2012
  solar_year: 2012
  price_year: 2023
  carbon_year: 2023
storage_values:
  CAES:
    cost: 47.7142
    lifetime: 23.432
    annual_cost: 2.0362837145783543
    efficiency: 0.596407
    discharge_ratio: 0.1
    depth_of_discharge: 0.4
  Li-ion:
    cost: 205.499
    lifetime: 19.0886
    annual_cost: 10.765535450478296
    efficiency: 0.872257
    discharge_ratio: 2
    depth_of_discharge: 0.9
  Pb-acid:
    cost: 219.229
    lifetime: 8.93521
    annual_cost: 24.53540543535071
    efficiency: 0.673895
    discharge_ratio: 5
    depth_of_discharge: 0.5
  VRBF:
    cost: 337.578
    lifetime: 28.8326
    annual_cost: 11.708205295394796
    efficiency: 0.788632
    discharge_ratio: 0.5
    depth_of_discharge: 1.0
