cost_values:
  wind_capex: 5000.0
  wind_opex: 100
  wind_lifetime: 20
  solar_capex: 1000.0
  solar_opex: 10
  solar_lifetime: 20
  carbon_price: 1.0
timeseries_values:
  load_level: 298476.246754379
  wind_year: 2012
  solar_year: 2012
  price_year: 2023
  carbon_year: 2023
storage_values:
  CAES:
    cost: 39.2263
    lifetime: 22.7002
    annual_cost: 1.7280156121972496
    efficiency: 0.599923
    discharge_ratio: 0.1
    depth_of_discharge: 0.4
  Li-ion:
    cost: 214.158
    lifetime: 18.1613
    annual_cost: 11.791997268917973
    efficiency: 0.878923
    discharge_ratio: 2
    depth_of_discharge: 0.9
  Pb-acid:
    cost: 189.373
    lifetime: 10.3998
    annual_cost: 18.209292486393966
    efficiency: 0.677996
    discharge_ratio: 5
    depth_of_discharge: 0.5
  VRBF:
    cost: 299.505
    lifetime: 28.6365
    annual_cost: 10.458854957833534
    efficiency: 0.788444
    discharge_ratio: 0.5
    depth_of_discharge: 1.0
