cost_values:
  wind_capex: 5000.0
  wind_opex: 100
  wind_lifetime: 20
  solar_capex: 1000.0
  solar_opex: 10
  solar_lifetime: 20
  carbon_price: 1.0
timeseries_values:
  load_level: 298476.246754379
  wind_year: 2012
  solar_year: 2012
  price_year: 2023
  carbon_year: 2023
storage_values:
  CAES:
    cost: 41.0188
    lifetime: 22.6656
    annual_cost: 1.8097381053226032
    efficiency: 0.609087
    discharge_ratio: 0.1
    depth_of_discharge: 0.4
  Li-ion:
    cost: 207.328
    lifetime: 19.1549
    annual_cost: 10.823757889626153
    efficiency: 0.87398
    discharge_ratio: 2
    depth_of_discharge: 0.9
  Pb-acid:
    cost: 236.499
    lifetime: 8.6717
    annual_cost: 27.27250712086442
    efficiency: 0.66898
    discharge_ratio: 5
    depth_of_discharge: 0.5
  VRBF:
    cost: 316.738
    lifetime: 29.3939
    annual_cost: 10.775637121987897
    efficiency: 0.803717
    discharge_ratio: 0.5
    depth_of_discharge: 1.0
