cost_values:
  wind_capex: 5000.0
  wind_opex: 100
  wind_lifetime: 20
  solar_capex: 1000.0
  solar_opex: 10
  solar_lifetime: 20
  carbon_price: 1.0
timeseries_values:
  load_level: 298476.246754379
  wind_year: 2012
  solar_year: 2012
  price_year: 2023
  carbon_year: 2023
storage_values:
  CAES:
    cost: 42.5819
    lifetime: 23.8821
    annual_cost: 1.7830048446325908
    efficiency: 0.592049
    discharge_ratio: 0.1
    depth_of_discharge: 0.4
  Li-ion:
    cost: 212.803
    lifetime: 18.5754
    annual_cost: 11.45617321834254
    efficiency: 0.884982
    discharge_ratio: 2
    depth_of_discharge: 0.9
  Pb-acid:
    cost: 203.444
    lifetime: 9.03313
    annual_cost: 22.52198296714428
    efficiency: 0.686807
    discharge_ratio: 5
    depth_of_discharge: 0.5
  VRBF:
    cost: 365.406
    lifetime: 27.4539
    annual_cost: 13.309802978811753
    efficiency: 0.770532
    discharge_ratio: 0.5
    depth_of_discharge: 1.0
