cost_values:
  wind_capex: 5000.0
  wind_opex: 100
  wind_lifetime: 20
  solar_capex: 1000.0
  solar_opex: 10
  solar_lifetime: 20
  carbon_price: 1.0
timeseries_values:
  load_level: 298476.246754379
  wind_year: 2012
  solar_year: 2012
  price_year: 2023
  carbon_year: 2023
storage_values:
  CAES:
    cost: 33.9
    lifetime: 23.7146
    annual_cost: 1.429499127120002
    efficiency: 0.602771
    discharge_ratio: 0.1
    depth_of_discharge: 0.4
  Li-ion:
    cost: 227.768
    lifetime: 16.0216
    annual_cost: 14.216307984221302
    efficiency: 0.901122
    discharge_ratio: 2
    depth_of_discharge: 0.9
  Pb-acid:
    cost: 190.901
    lifetime: 9.45569
    annual_cost: 20.189007888371975
    efficiency: 0.69624
    discharge_ratio: 5
    depth_of_discharge: 0.5
  VRBF:
    cost: 301.606
    lifetime: 27.2639
    annual_cost: 11.062467218556407
    efficiency: 0.767849
    discharge_ratio: 0.5
    depth_of_discharge: 1.0
