cost_values:
  wind_capex: 5000.0
  wind_opex: 100
  wind_lifetime: 20
  solar_capex: 1000.0
  solar_opex: 10
  solar_lifetime: 20
  carbon_price: 1.0
timeseries_values:
  load_level: 298476.246754379
  wind_year: 2012
  solar_year: 2012
  price_year: 2023
  carbon_year: 2023
storage_values:
  CAES:
    cost: 31.9622
    lifetime: 23.5674
    annual_cost: 1.3562039087892597
    efficiency: 0.601632
    discharge_ratio: 0.1
    depth_of_discharge: 0.4
  Li-ion:
    cost: 239.606
    lifetime: 19.8091
    annual_cost: 12.095753971659489
    efficiency: 0.879832
    discharge_ratio: 2
    depth_of_discharge: 0.9
  Pb-acid:
    cost: 201.006
    lifetime: 8.57501
    annual_cost: 23.44090560827334
    efficiency: 0.691491
    discharge_ratio: 5
    depth_of_discharge: 0.5
  VRBF:
    cost: 340.313
    lifetime: 26.6457
    annual_cost: 12.771779311483654
    efficiency: 0.797739
    discharge_ratio: 0.5
    depth_of_discharge: 1.0
