cost_values:
  wind_capex: 5000.0
  wind_opex: 100
  wind_lifetime: 20
  solar_capex: 1000.0
  solar_opex: 10
  solar_lifetime: 20
  carbon_price: 1.0
timeseries_values:
  load_level: 298476.246754379
  wind_year: 2012
  solar_year: 2012
  price_year: 2023
  carbon_year: 2023
storage_values:
  CAES:
    cost: 42.5362
    lifetime: 23.1937
    annual_cost: 1.833954910169572
    efficiency: 0.59898
    discharge_ratio: 0.1
    depth_of_discharge: 0.4
  Li-ion:
    cost: 203.277
    lifetime: 19.9345
    annual_cost: 10.19724598058642
    efficiency: 0.888189
    discharge_ratio: 2
    depth_of_discharge: 0.9
  Pb-acid:
    cost: 190.279
    lifetime: 9.97949
    annual_cost: 19.067006430188314
    efficiency: 0.678406
    discharge_ratio: 5
    depth_of_discharge: 0.5
  VRBF:
    cost: 315.47
    lifetime: 28.4846
    annual_cost: 11.075107250935593
    efficiency: 0.813127
    discharge_ratio: 0.5
    depth_of_discharge: 1.0
