cost_values:
  wind_capex: 5000.0
  wind_opex: 100
  wind_lifetime: 20
  solar_capex: 1000.0
  solar_opex: 10
  solar_lifetime: 20
  carbon_price: 1.0
timeseries_values:
  load_level: 298476.246754379
  wind_year: 2012
  solar_year: 2012
  price_year: 2023
  carbon_year: 2023
storage_values:
  CAES:
    cost: 40.2473
    lifetime: 23.3824
    annual_cost: 1.7212647119200768
    efficiency: 0.610588
    discharge_ratio: 0.1
    depth_of_discharge: 0.4
  Li-ion:
    cost: 228.324
    lifetime: 19.7052
    annual_cost: 11.586992266000852
    efficiency: 0.878087
    discharge_ratio: 2
    depth_of_discharge: 0.9
  Pb-acid:
    cost: 196.84
    lifetime: 8.50469
    annual_cost: 23.144876532830708
    efficiency: 0.688369
    discharge_ratio: 5
    depth_of_discharge: 0.5
  VRBF:
    cost: 302.017
    lifetime: 27.7942
    annual_cost: 10.866187909707781
    efficiency: 0.792814
    discharge_ratio: 0.5
    depth_of_discharge: 1.0
