cost_values:
  wind_capex: 5000.0
  wind_opex: 100
  wind_lifetime: 20
  solar_capex: 1000.0
  solar_opex: 10
  solar_lifetime: 20
  carbon_price: 1.0
timeseries_values:
  load_level: 298476.246754379
  wind_year: 2012
  solar_year: 2012
  price_year: 2023
  carbon_year: 2023
storage_values:
  CAES:
    cost: 34.0616
    lifetime: 24.1642
    annual_cost: 1.4095893925724832
    efficiency: 0.609558
    discharge_ratio: 0.1
    depth_of_discharge: 0.4
  Li-ion:
    cost: 213.855
    lifetime: 19.8391
    annual_cost: 10.779470842931383
    efficiency: 0.880351
    discharge_ratio: 2
    depth_of_discharge: 0.9
  Pb-acid:
    cost: 211.228
    lifetime: 9.69356
    annual_cost: 21.790549602003807
    efficiency: 0.686462
    discharge_ratio: 5
    depth_of_discharge: 0.5
  VRBF:
    cost: 281.579
    lifetime: 29.1702
    annual_cost: 9.652967754763424
    efficiency: 0.798749
    discharge_ratio: 0.5
    depth_of_discharge: 1.0
