cost_values:
  wind_capex: 5000.0
  wind_opex: 100
  wind_lifetime: 20
  solar_capex: 1000.0
  solar_opex: 10
  solar_lifetime: 20
  carbon_price: 1.0
timeseries_values:
  load_level: 298476.246754379
  wind_year: 2012
  solar_year: 2012
  price_year: 2023
  carbon_year: 2023
storage_values:
  CAES:
    cost: 39.6288
    lifetime: 24.4825
    annual_cost: 1.6186582252629427
    efficiency: 0.588949
    discharge_ratio: 0.1
    depth_of_discharge: 0.4
  Li-ion:
    cost: 207.745
    lifetime: 17.6155
    annual_cost: 11.793307030739973
    efficiency: 0.879933
    discharge_ratio: 2
    depth_of_discharge: 0.9
  Pb-acid:
    cost: 169.943
    lifetime: 9.94453
    annual_cost: 17.08909319998029
    efficiency: 0.670206
    discharge_ratio: 5
    depth_of_discharge: 0.5
  VRBF:
    cost: 331.42
    lifetime: 27.4418
    annual_cost: 12.077196102296497
    efficiency: 0.77768
    discharge_ratio: 0.5
    depth_of_discharge: 1.0
