cost_values:
  wind_capex: 5000.0
  wind_opex: 100
  wind_lifetime: 20
  solar_capex: 1000.0
  solar_opex: 10
  solar_lifetime: 20
  carbon_price: 1.0
timeseries_values:
  load_level: 298476.246754379
  wind_year: 2012
  solar_year: 2012
  price_year: 2023
  carbon_year: 2023
storage_values:
  CAES:
    cost: 35.0413
    lifetime: 23.3207
    annual_cost: 1.5025835416604134
    efficiency: 0.603121
    discharge_ratio: 0.1
    depth_of_discharge: 0.4
  Li-ion:
    cost: 226.486
    lifetime: 18.3215
    annual_cost: 12.361760772862484
    efficiency: 0.86386
    discharge_ratio: 2
    depth_of_discharge: 0.9
  Pb-acid:
    cost: 231.067
    lifetime: 9.95726
    annual_cost: 23.205881939409036
    efficiency: 0.686899
    discharge_ratio: 5
    depth_of_discharge: 0.5
  VRBF:
    cost: 370.438
    lifetime: 27.4272
    annual_cost: 13.50622739470307
    efficiency: 0.765318
    discharge_ratio: 0.5
    depth_of_discharge: 1.0
