cost_values:
  wind_capex: 5000.0
  wind_opex: 100
  wind_lifetime: 20
  solar_capex: 1000.0
  solar_opex: 10
  solar_lifetime: 20
  carbon_price: 1.0
timeseries_values:
  load_level: 298476.246754379
  wind_year: 2012
  solar_year: 2012
  price_year: 2023
  carbon_year: 2023
storage_values:
  CAES:
    cost: 41.0334
    lifetime: 23.8317
    annual_cost: 1.7217991163030752
    efficiency: 0.593715
    discharge_ratio: 0.1
    depth_of_discharge: 0.4
  Li-ion:
    cost: 220.043
    lifetime: 16.9733
    annual_cost: 12.964067093611733
    efficiency: 0.87774
    discharge_ratio: 2
    depth_of_discharge: 0.9
  Pb-acid:
    cost: 168.718
    lifetime: 8.33283
    annual_cost: 20.247382941929693
    efficiency: 0.674924
    discharge_ratio: 5
    depth_of_discharge: 0.5
  VRBF:
    cost: 356.023
    lifetime: 27.5686
    annual_cost: 12.914076159108552
    efficiency: 0.782765
    discharge_ratio: 0.5
    depth_of_discharge: 1.0
