cost_values:
  wind_capex: 5000.0
  wind_opex: 100
  wind_lifetime: 20
  solar_capex: 1000.0
  solar_opex: 10
  solar_lifetime: 20
  carbon_price: 1.0
timeseries_values:
  load_level: 298476.246754379
  wind_year: 2012
  solar_year: 2012
  price_year: 2023
  carbon_year: 2023
storage_values:
  CAES:
    cost: 34.4014
    lifetime: 22.7015
    annual_cost: 1.5153800409664562
    efficiency: 0.594759
    discharge_ratio: 0.1
    depth_of_discharge: 0.4
  Li-ion:
    cost: 210.988
    lifetime: 18.2506
    annual_cost: 11.560606226644603
    efficiency: 0.88009
    discharge_ratio: 2
    depth_of_discharge: 0.9
  Pb-acid:
    cost: 188.832
    lifetime: 10.417
    annual_cost: 18.127291926658348
    efficiency: 0.667597
    discharge_ratio: 5
    depth_of_discharge: 0.5
  VRBF:
    cost: 359.214
    lifetime: 27.3987
    annual_cost: 13.110622036811964
    efficiency: 0.790898
    discharge_ratio: 0.5
    depth_of_discharge: 1.0
