cost_values:
  wind_capex: 5000.0
  wind_opex: 100
  wind_lifetime: 20
  solar_capex: 1000.0
  solar_opex: 10
  solar_lifetime: 20
  carbon_price: 1.0
timeseries_values:
  load_level: 298476.246754379
  wind_year: 2012
  solar_year: 2012
  price_year: 2023
  carbon_year: 2023
storage_values:
  CAES:
    cost: 43.5425
    lifetime: 23.6784
    annual_cost: 1.838912257584972
    efficiency: 0.597674
    discharge_ratio: 0.1
    depth_of_discharge: 0.4
  Li-ion:
    cost: 229.376
    lifetime: 17.6251
    annual_cost: 13.014167295504707
    efficiency: 0.875884
    discharge_ratio: 2
    depth_of_discharge: 0.9
  Pb-acid:
    cost: 200.334
    lifetime: 8.07894
    annual_cost: 24.797064961492474
    efficiency: 0.686066
    discharge_ratio: 5
    depth_of_discharge: 0.5
  VRBF:
    cost: 335.282
    lifetime: 28.7248
    annual_cost: 11.672213557622682
    efficiency: 0.791233
    discharge_ratio: 0.5
    depth_of_discharge: 1.0
