cost_values:
  wind_capex: 5000.0
  wind_opex: 100
  wind_lifetime: 20
  solar_capex: 1000.0
  solar_opex: 10
  solar_lifetime: 20
  carbon_price: 1.0
timeseries_values:
  load_level: 298476.246754379
  wind_year: 2012
  solar_year: 2012
  price_year: 2023
  carbon_year: 2023
storage_values:
  CAES:
    cost: 33.1458
    lifetime: 23.8089
    annual_cost: 1.3921600745939544
    efficiency: 0.593538
    discharge_ratio: 0.1
    depth_of_discharge: 0.4
  Li-ion:
    cost: 222.849
    lifetime: 17.0963
    annual_cost: 13.034925685674677
    efficiency: 0.888307
    discharge_ratio: 2
    depth_of_discharge: 0.9
  Pb-acid:
    cost: 209.862
    lifetime: 8.66564
    annual_cost: 24.21771502162564
    efficiency: 0.67584
    discharge_ratio: 5
    depth_of_discharge: 0.5
  VRBF:
    cost: 311.21
    lifetime: 28.3692
    annual_cost: 10.969995629062504
    efficiency: 0.786464
    discharge_ratio: 0.5
    depth_of_discharge: 1.0
