cost_values:
  wind_capex: 5000.0
  wind_opex: 100
  wind_lifetime: 20
  solar_capex: 1000.0
  solar_opex: 10
  solar_lifetime: 20
  carbon_price: 1.0
timeseries_values:
  load_level: 298476.246754379
  wind_year: 2012
  solar_year: 2012
  price_year: 2023
  carbon_year: 2023
storage_values:
  CAES:
    cost: 33.8376
    lifetime: 22.5132
    annual_cost: 1.5030115665476254
    efficiency: 0.603992
    discharge_ratio: 0.1
    depth_of_discharge: 0.4
  Li-ion:
    cost: 208.802
    lifetime: 18.0066
    annual_cost: 11.595859296035899
    efficiency: 0.877062
    discharge_ratio: 2
    depth_of_discharge: 0.9
  Pb-acid:
    cost: 175.543
    lifetime: 11.2385
    annual_cost: 15.619789117764826
    efficiency: 0.685208
    discharge_ratio: 5
    depth_of_discharge: 0.5
  VRBF:
    cost: 358.21
    lifetime: 27.5281
    annual_cost: 13.012521750502215
    efficiency: 0.799631
    discharge_ratio: 0.5
    depth_of_discharge: 1.0
