cost_values:
  wind_capex: 5000.0
  wind_opex: 100
  wind_lifetime: 20
  solar_capex: 1000.0
  solar_opex: 10
  solar_lifetime: 20
  carbon_price: 1.0
timeseries_values:
  load_level: 298476.246754379
  wind_year: 2012
  solar_year: 2012
  price_year: 2023
  carbon_year: 2023
storage_values:
  CAES:
    cost: 37.8484
    lifetime: 23.1822
    annual_cost: 1.6326491877388685
    efficiency: 0.60974
    discharge_ratio: 0.1
    depth_of_discharge: 0.4
  Li-ion:
    cost: 231.565
    lifetime: 19.1148
    annual_cost: 12.114434888149498
    efficiency: 0.887963
    discharge_ratio: 2
    depth_of_discharge: 0.9
  Pb-acid:
    cost: 211.103
    lifetime: 10.1273
    annual_cost: 20.844943864603596
    efficiency: 0.687572
    discharge_ratio: 5
    depth_of_discharge: 0.5
  VRBF:
    cost: 322.073
    lifetime: 28.8326
    annual_cost: 11.170445953538703
    efficiency: 0.772598
    discharge_ratio: 0.5
    depth_of_discharge: 1.0
