cost_values:
  wind_capex: 5000.0
  wind_opex: 100
  wind_lifetime: 20
  solar_capex: 1000.0
  solar_opex: 10
  solar_lifetime: 20
  carbon_price: 1.0
timeseries_values:
  load_level: 298476.246754379
  wind_year: 2012
  solar_year: 2012
  price_year: 2023
  carbon_year: 2023
storage_values:
  CAES:
    cost: 48.8048
    lifetime: 23.278
    annual_cost: 2.096606237649283
    efficiency: 0.602051
    discharge_ratio: 0.1
    depth_of_discharge: 0.4
  Li-ion:
    cost: 223.602
    lifetime: 19.0387
    annual_cost: 11.744604411015459
    efficiency: 0.899864
    discharge_ratio: 2
    depth_of_discharge: 0.9
  Pb-acid:
    cost: 214.029
    lifetime: 9.63286
    annual_cost: 22.218634964070898
    efficiency: 0.692404
    discharge_ratio: 5
    depth_of_discharge: 0.5
  VRBF:
    cost: 331.326
    lifetime: 28.1609
    annual_cost: 11.765462041341008
    efficiency: 0.778339
    discharge_ratio: 0.5
    depth_of_discharge: 1.0
