cost_values:
  wind_capex: 5000.0
  wind_opex: 100
  wind_lifetime: 20
  solar_capex: 1000.0
  solar_opex: 10
  solar_lifetime: 20
  carbon_price: 1.0
timeseries_values:
  load_level: 298476.246754379
  wind_year: 2012
  solar_year: 2012
  price_year: 2023
  carbon_year: 2023
storage_values:
  CAES:
    cost: 30.323
    lifetime: 23.8601
    annual_cost: 1.2708664255388704
    efficiency: 0.596405
    discharge_ratio: 0.1
    depth_of_discharge: 0.4
  Li-ion:
    cost: 219.067
    lifetime: 18.5165
    annual_cost: 11.830907568925014
    efficiency: 0.886242
    discharge_ratio: 2
    depth_of_discharge: 0.9
  Pb-acid:
    cost: 211.425
    lifetime: 9.34815
    annual_cost: 22.616774442001894
    efficiency: 0.685617
    discharge_ratio: 5
    depth_of_discharge: 0.5
  VRBF:
    cost: 320.481
    lifetime: 28.0145
    annual_cost: 11.4398258044941
    efficiency: 0.784561
    discharge_ratio: 0.5
    depth_of_discharge: 1.0
