cost_values:
  wind_capex: 5000.0
  wind_opex: 100
  wind_lifetime: 20
  solar_capex: 1000.0
  solar_opex: 10
  solar_lifetime: 20
  carbon_price: 1.0
timeseries_values:
  load_level: 298476.246754379
  wind_year: 2012
  solar_year: 2012
  price_year: 2023
  carbon_year: 2023
storage_values:
  CAES:
    cost: 49.3082
    lifetime: 23.1938
    annual_cost: 2.125921582491873
    efficiency: 0.597708
    discharge_ratio: 0.1
    depth_of_discharge: 0.4
  Li-ion:
    cost: 215.779
    lifetime: 17.4726
    annual_cost: 12.349564460927395
    efficiency: 0.885822
    discharge_ratio: 2
    depth_of_discharge: 0.9
  Pb-acid:
    cost: 203.219
    lifetime: 10.0763
    annual_cost: 20.168018022488415
    efficiency: 0.683178
    discharge_ratio: 5
    depth_of_discharge: 0.5
  VRBF:
    cost: 317.561
    lifetime: 28.3416
    annual_cost: 11.204766138820673
    efficiency: 0.781985
    discharge_ratio: 0.5
    depth_of_discharge: 1.0
