cost_values:
  wind_capex: 5000.0
  wind_opex: 100
  wind_lifetime: 20
  solar_capex: 1000.0
  solar_opex: 10
  solar_lifetime: 20
  carbon_price: 1.0
timeseries_values:
  load_level: 298476.246754379
  wind_year: 2012
  solar_year: 2012
  price_year: 2023
  carbon_year: 2023
storage_values:
  CAES:
    cost: 33.2596
    lifetime: 23.2272
    annual_cost: 1.4319246400771508
    efficiency: 0.595584
    discharge_ratio: 0.1
    depth_of_discharge: 0.4
  Li-ion:
    cost: 219.46
    lifetime: 17.1363
    annual_cost: 12.806731908288254
    efficiency: 0.87849
    discharge_ratio: 2
    depth_of_discharge: 0.9
  Pb-acid:
    cost: 212.617
    lifetime: 9.51259
    annual_cost: 22.35111573188795
    efficiency: 0.686018
    discharge_ratio: 5
    depth_of_discharge: 0.5
  VRBF:
    cost: 337.273
    lifetime: 28.3658
    annual_cost: 11.890128253037108
    efficiency: 0.786679
    discharge_ratio: 0.5
    depth_of_discharge: 1.0
