cost_values:
  wind_capex: 5000.0
  wind_opex: 100
  wind_lifetime: 20
  solar_capex: 1000.0
  solar_opex: 10
  solar_lifetime: 20
  carbon_price: 1.0
timeseries_values:
  load_level: 298476.246754379
  wind_year: 2012
  solar_year: 2012
  price_year: 2023
  carbon_year: 2023
storage_values:
  CAES:
    cost: 39.494
    lifetime: 22.9058
    annual_cost: 1.7241921260117525
    efficiency: 0.58987
    discharge_ratio: 0.1
    depth_of_discharge: 0.4
  Li-ion:
    cost: 213.193
    lifetime: 18.8408
    annual_cost: 11.3154961572757
    efficiency: 0.868874
    discharge_ratio: 2
    depth_of_discharge: 0.9
  Pb-acid:
    cost: 198.08
    lifetime: 9.31066
    annual_cost: 21.27453907671422
    efficiency: 0.684546
    discharge_ratio: 5
    depth_of_discharge: 0.5
  VRBF:
    cost: 323.068
    lifetime: 28.3602
    annual_cost: 11.39159808463974
    efficiency: 0.787451
    discharge_ratio: 0.5
    depth_of_discharge: 1.0
