cost_values:
  wind_capex: 5000.0
  wind_opex: 100
  wind_lifetime: 20
  solar_capex: 1000.0
  solar_opex: 10
  solar_lifetime: 20
  carbon_price: 1.0
timeseries_values:
  load_level: 298476.246754379
  wind_year: 2012
  solar_year: 2012
  price_year: 2023
  carbon_year: 2023
storage_values:
  CAES:
    cost: 37.2629
    lifetime: 23.0127
    annual_cost: 1.6192319892928688
    efficiency: 0.600609
    discharge_ratio: 0.1
    depth_of_discharge: 0.4
  Li-ion:
    cost: 246.17
    lifetime: 20.1714
    annual_cost: 12.203912470130978
    efficiency: 0.884246
    discharge_ratio: 2
    depth_of_discharge: 0.9
  Pb-acid:
    cost: 191.108
    lifetime: 8.47322
    annual_cost: 22.554353598749945
    efficiency: 0.67391
    discharge_ratio: 5
    depth_of_discharge: 0.5
  VRBF:
    cost: 336.341
    lifetime: 29.0468
    annual_cost: 11.579278956718124
    efficiency: 0.771749
    discharge_ratio: 0.5
    depth_of_discharge: 1.0
