cost_values:
  wind_capex: 5000.0
  wind_opex: 100
  wind_lifetime: 20
  solar_capex: 1000.0
  solar_opex: 10
  solar_lifetime: 20
  carbon_price: 1.0
timeseries_values:
  load_level: 298476.246754379
  wind_year: 2012
  solar_year: 2012
  price_year: 2023
  carbon_year: 2023
storage_values:
  CAES:
    cost: 29.1208
    lifetime: 22.7077
    annual_cost: 1.2824196197765516
    efficiency: 0.603931
    discharge_ratio: 0.1
    depth_of_discharge: 0.4
  Li-ion:
    cost: 234.197
    lifetime: 20.5474
    annual_cost: 11.397889757341561
    efficiency: 0.868815
    discharge_ratio: 2
    depth_of_discharge: 0.9
  Pb-acid:
    cost: 207.511
    lifetime: 10.4073
    annual_cost: 19.938985135433782
    efficiency: 0.685587
    discharge_ratio: 5
    depth_of_discharge: 0.5
  VRBF:
    cost: 344.634
    lifetime: 27.9678
    annual_cost: 12.322528050114775
    efficiency: 0.783268
    discharge_ratio: 0.5
    depth_of_discharge: 1.0
