cost_values:
  wind_capex: 5000.0
  wind_opex: 100
  wind_lifetime: 20
  solar_capex: 1000.0
  solar_opex: 10
  solar_lifetime: 20
  carbon_price: 1.0
timeseries_values:
  load_level: 298476.246754379
  wind_year: 2012
  solar_year: 2012
  price_year: 2023
  carbon_year: 2023
storage_values:
  CAES:
    cost: 35.9586
    lifetime: 22.9425
    annual_cost: 1.567335730630925
    efficiency: 0.585269
    discharge_ratio: 0.1
    depth_of_discharge: 0.4
  Li-ion:
    cost: 248.09
    lifetime: 19.1187
    annual_cost: 12.976300689900464
    efficiency: 0.875883
    discharge_ratio: 2
    depth_of_discharge: 0.9
  Pb-acid:
    cost: 204.83
    lifetime: 10.6961
    annual_cost: 19.14997055001356
    efficiency: 0.67142
    discharge_ratio: 5
    depth_of_discharge: 0.5
  VRBF:
    cost: 347.592
    lifetime: 28.4364
    annual_cost: 12.22348820525805
    efficiency: 0.798759
    discharge_ratio: 0.5
    depth_of_discharge: 1.0
