cost_values:
  wind_capex: 5000.0
  wind_opex: 100
  wind_lifetime: 20
  solar_capex: 1000.0
  solar_opex: 10
  solar_lifetime: 20
  carbon_price: 1.0
timeseries_values:
  load_level: 298476.246754379
  wind_year: 2012
  solar_year: 2012
  price_year: 2023
  carbon_year: 2023
storage_values:
  CAES:
    cost: 38.8684
    lifetime: 23.2101
    annual_cost: 1.6746330261394824
    efficiency: 0.608805
    discharge_ratio: 0.1
    depth_of_discharge: 0.4
  Li-ion:
    cost: 226.402
    lifetime: 17.8997
    annual_cost: 12.648368408409079
    efficiency: 0.875601
    discharge_ratio: 2
    depth_of_discharge: 0.9
  Pb-acid:
    cost: 193.853
    lifetime: 9.80526
    annual_cost: 19.770306957694135
    efficiency: 0.660787
    discharge_ratio: 5
    depth_of_discharge: 0.5
  VRBF:
    cost: 332.017
    lifetime: 27.5736
    annual_cost: 12.04111904140192
    efficiency: 0.776775
    discharge_ratio: 0.5
    depth_of_discharge: 1.0
