cost_values:
  wind_capex: 5000.0
  wind_opex: 100
  wind_lifetime: 20
  solar_capex: 1000.0
  solar_opex: 10
  solar_lifetime: 20
  carbon_price: 1.0
timeseries_values:
  load_level: 298476.246754379
  wind_year: 2012
  solar_year: 2012
  price_year: 2023
  carbon_year: 2023
storage_values:
  CAES:
    cost: 26.2137
    lifetime: 24.0493
    annual_cost: 1.0899984614936817
    efficiency: 0.596101
    discharge_ratio: 0.1
    depth_of_discharge: 0.4
  Li-ion:
    cost: 233.075
    lifetime: 18.5891
    annual_cost: 12.538261669472972
    efficiency: 0.892911
    discharge_ratio: 2
    depth_of_discharge: 0.9
  Pb-acid:
    cost: 204.594
    lifetime: 9.50378
    annual_cost: 21.527644789757336
    efficiency: 0.679399
    discharge_ratio: 5
    depth_of_discharge: 0.5
  VRBF:
    cost: 362.331
    lifetime: 28.043
    annual_cost: 12.9205505830332
    efficiency: 0.790453
    discharge_ratio: 0.5
    depth_of_discharge: 1.0
