cost_values:
  wind_capex: 5000.0
  wind_opex: 100
  wind_lifetime: 20
  solar_capex: 1000.0
  solar_opex: 10
  solar_lifetime: 20
  carbon_price: 1.0
timeseries_values:
  load_level: 298476.246754379
  wind_year: 2012
  solar_year: 2012
  price_year: 2023
  carbon_year: 2023
storage_values:
  CAES:
    cost: 40.8187
    lifetime: 24.5671
    annual_cost: 1.661518860589976
    efficiency: 0.607177
    discharge_ratio: 0.1
    depth_of_discharge: 0.4
  Li-ion:
    cost: 229.81
    lifetime: 17.8808
    annual_cost: 12.852333228938303
    efficiency: 0.891801
    discharge_ratio: 2
    depth_of_discharge: 0.9
  Pb-acid:
    cost: 208.858
    lifetime: 11.3679
    annual_cost: 18.37261059650419
    efficiency: 0.674658
    discharge_ratio: 5
    depth_of_discharge: 0.5
  VRBF:
    cost: 337.028
    lifetime: 29.1492
    annual_cost: 11.562169802258724
    efficiency: 0.791293
    discharge_ratio: 0.5
    depth_of_discharge: 1.0
