cost_values:
  wind_capex: 5000.0
  wind_opex: 100
  wind_lifetime: 20
  solar_capex: 1000.0
  solar_opex: 10
  solar_lifetime: 20
  carbon_price: 1.0
timeseries_values:
  load_level: 298476.246754379
  wind_year: 2012
  solar_year: 2012
  price_year: 2023
  carbon_year: 2023
storage_values:
  CAES:
    cost: 42.421
    lifetime: 22.9069
    annual_cost: 1.8518874225669995
    efficiency: 0.603921
    discharge_ratio: 0.1
    depth_of_discharge: 0.4
  Li-ion:
    cost: 227.857
    lifetime: 19.278
    annual_cost: 11.819535221496007
    efficiency: 0.869938
    discharge_ratio: 2
    depth_of_discharge: 0.9
  Pb-acid:
    cost: 201.441
    lifetime: 9.58584
    annual_cost: 21.014433789840016
    efficiency: 0.683307
    discharge_ratio: 5
    depth_of_discharge: 0.5
  VRBF:
    cost: 307.16
    lifetime: 25.671
    annual_cost: 11.965252619687586
    efficiency: 0.79318
    discharge_ratio: 0.5
    depth_of_discharge: 1.0
