cost_values:
  wind_capex: 5000.0
  wind_opex: 100
  wind_lifetime: 20
  solar_capex: 1000.0
  solar_opex: 10
  solar_lifetime: 20
  carbon_price: 1.0
timeseries_values:
  load_level: 298476.246754379
  wind_year: 2012
  solar_year: 2012
  price_year: 2023
  carbon_year: 2023
storage_values:
  CAES:
    cost: 43.5021
    lifetime: 23.3807
    annual_cost: 1.8605986989268926
    efficiency: 0.59634
    discharge_ratio: 0.1
    depth_of_discharge: 0.4
  Li-ion:
    cost: 212.599
    lifetime: 19.8138
    annual_cost: 10.729844855605688
    efficiency: 0.877068
    discharge_ratio: 2
    depth_of_discharge: 0.9
  Pb-acid:
    cost: 208.151
    lifetime: 10.5973
    annual_cost: 19.641889915355797
    efficiency: 0.682418
    discharge_ratio: 5
    depth_of_discharge: 0.5
  VRBF:
    cost: 303.208
    lifetime: 27.0372
    annual_cost: 11.21447487165831
    efficiency: 0.780381
    discharge_ratio: 0.5
    depth_of_discharge: 1.0
