cost_values:
  wind_capex: 5000.0
  wind_opex: 100
  wind_lifetime: 20
  solar_capex: 1000.0
  solar_opex: 10
  solar_lifetime: 20
  carbon_price: 1.0
timeseries_values:
  load_level: 298476.246754379
  wind_year: 2012
  solar_year: 2012
  price_year: 2023
  carbon_year: 2023
storage_values:
  CAES:
    cost: 40.1918
    lifetime: 23.3397
    annual_cost: 1.722035844505285
    efficiency: 0.594619
    discharge_ratio: 0.1
    depth_of_discharge: 0.4
  Li-ion:
    cost: 206.737
    lifetime: 18.9383
    annual_cost: 10.916344128036835
    efficiency: 0.860579
    discharge_ratio: 2
    depth_of_discharge: 0.9
  Pb-acid:
    cost: 185.982
    lifetime: 8.01872
    annual_cost: 23.1934772632041
    efficiency: 0.682548
    discharge_ratio: 5
    depth_of_discharge: 0.5
  VRBF:
    cost: 324.508
    lifetime: 27.5845
    annual_cost: 11.76414290634233
    efficiency: 0.79713
    discharge_ratio: 0.5
    depth_of_discharge: 1.0
