cost_values:
  wind_capex: 5000.0
  wind_opex: 100
  wind_lifetime: 20
  solar_capex: 1000.0
  solar_opex: 10
  solar_lifetime: 20
  carbon_price: 1.0
timeseries_values:
  load_level: 298476.246754379
  wind_year: 2012
  solar_year: 2012
  price_year: 2023
  carbon_year: 2023
storage_values:
  CAES:
    cost: 32.0161
    lifetime: 23.2451
    annual_cost: 1.3773268344726415
    efficiency: 0.59153
    discharge_ratio: 0.1
    depth_of_discharge: 0.4
  Li-ion:
    cost: 224.945
    lifetime: 18.0521
    annual_cost: 12.46087712786878
    efficiency: 0.906111
    discharge_ratio: 2
    depth_of_discharge: 0.9
  Pb-acid:
    cost: 193.057
    lifetime: 11.5438
    annual_cost: 16.723869089901072
    efficiency: 0.680211
    discharge_ratio: 5
    depth_of_discharge: 0.5
  VRBF:
    cost: 367.356
    lifetime: 29.9809
    annual_cost: 12.253001077352582
    efficiency: 0.777124
    discharge_ratio: 0.5
    depth_of_discharge: 1.0
