cost_values:
  wind_capex: 5000.0
  wind_opex: 100
  wind_lifetime: 20
  solar_capex: 1000.0
  solar_opex: 10
  solar_lifetime: 20
  carbon_price: 1.0
timeseries_values:
  load_level: 298476.246754379
  wind_year: 2012
  solar_year: 2012
  price_year: 2023
  carbon_year: 2023
storage_values:
  CAES:
    cost: 39.1314
    lifetime: 23.0274
    annual_cost: 1.699340785325308
    efficiency: 0.607248
    discharge_ratio: 0.1
    depth_of_discharge: 0.4
  Li-ion:
    cost: 234.098
    lifetime: 22.6174
    annual_cost: 10.350349730738282
    efficiency: 0.881424
    discharge_ratio: 2
    depth_of_discharge: 0.9
  Pb-acid:
    cost: 197.541
    lifetime: 10.5071
    annual_cost: 18.800715706522258
    efficiency: 0.675219
    discharge_ratio: 5
    depth_of_discharge: 0.5
  VRBF:
    cost: 303.577
    lifetime: 29.3609
    annual_cost: 10.339499129795067
    efficiency: 0.774907
    discharge_ratio: 0.5
    depth_of_discharge: 1.0
