cost_values:
  wind_capex: 5000.0
  wind_opex: 100
  wind_lifetime: 20
  solar_capex: 1000.0
  solar_opex: 10
  solar_lifetime: 20
  carbon_price: 1.0
timeseries_values:
  load_level: 298476.246754379
  wind_year: 2012
  solar_year: 2012
  price_year: 2023
  carbon_year: 2023
storage_values:
  CAES:
    cost: 33.7526
    lifetime: 22.4181
    annual_cost: 1.505595924721542
    efficiency: 0.598975
    discharge_ratio: 0.1
    depth_of_discharge: 0.4
  Li-ion:
    cost: 213.306
    lifetime: 19.9736
    annual_cost: 10.67939680378099
    efficiency: 0.887523
    discharge_ratio: 2
    depth_of_discharge: 0.9
  Pb-acid:
    cost: 208.056
    lifetime: 10.1179
    annual_cost: 20.563160339596163
    efficiency: 0.683377
    discharge_ratio: 5
    depth_of_discharge: 0.5
  VRBF:
    cost: 325.559
    lifetime: 28.2536
    annual_cost: 11.522744004303878
    efficiency: 0.789862
    discharge_ratio: 0.5
    depth_of_discharge: 1.0
