cost_values:
  wind_capex: 5000.0
  wind_opex: 100
  wind_lifetime: 20
  solar_capex: 1000.0
  solar_opex: 10
  solar_lifetime: 20
  carbon_price: 1.0
timeseries_values:
  load_level: 298476.246754379
  wind_year: 2012
  solar_year: 2012
  price_year: 2023
  carbon_year: 2023
storage_values:
  CAES:
    cost: 43.7028
    lifetime: 23.3737
    annual_cost: 1.8697424883522935
    efficiency: 0.593262
    discharge_ratio: 0.1
    depth_of_discharge: 0.4
  Li-ion:
    cost: 207.077
    lifetime: 18.8975
    annual_cost: 10.957904484720201
    efficiency: 0.885829
    discharge_ratio: 2
    depth_of_discharge: 0.9
  Pb-acid:
    cost: 198.011
    lifetime: 9.40128
    annual_cost: 21.06213196500902
    efficiency: 0.68358
    discharge_ratio: 5
    depth_of_discharge: 0.5
  VRBF:
    cost: 355.987
    lifetime: 27.962
    annual_cost: 12.73109934911666
    efficiency: 0.811683
    discharge_ratio: 0.5
    depth_of_discharge: 1.0
