cost_values:
  wind_capex: 5000.0
  wind_opex: 100
  wind_lifetime: 20
  solar_capex: 1000.0
  solar_opex: 10
  solar_lifetime: 20
  carbon_price: 1.0
timeseries_values:
  load_level: 298476.246754379
  wind_year: 2012
  solar_year: 2012
  price_year: 2023
  carbon_year: 2023
storage_values:
  CAES:
    cost: 30.8636
    lifetime: 24.2298
    annual_cost: 1.2737868244888526
    efficiency: 0.605675
    discharge_ratio: 0.1
    depth_of_discharge: 0.4
  Li-ion:
    cost: 204.855
    lifetime: 18.757
    annual_cost: 10.921522631550886
    efficiency: 0.887364
    discharge_ratio: 2
    depth_of_discharge: 0.9
  Pb-acid:
    cost: 201.733
    lifetime: 11.7658
    annual_cost: 17.14571044892825
    efficiency: 0.673096
    discharge_ratio: 5
    depth_of_discharge: 0.5
  VRBF:
    cost: 340.431
    lifetime: 28.0224
    annual_cost: 12.14853117505995
    efficiency: 0.775087
    discharge_ratio: 0.5
    depth_of_discharge: 1.0
