cost_values:
  wind_capex: 5000.0
  wind_opex: 100
  wind_lifetime: 20
  solar_capex: 1000.0
  solar_opex: 10
  solar_lifetime: 20
  carbon_price: 1.0
timeseries_values:
  load_level: 298476.246754379
  wind_year: 2012
  solar_year: 2012
  price_year: 2023
  carbon_year: 2023
storage_values:
  CAES:
    cost: 34.8973
    lifetime: 22.7534
    annual_cost: 1.5337180377438098
    efficiency: 0.596117
    discharge_ratio: 0.1
    depth_of_discharge: 0.4
  Li-ion:
    cost: 228.061
    lifetime: 18.3978
    annual_cost: 12.39610170781289
    efficiency: 0.882327
    discharge_ratio: 2
    depth_of_discharge: 0.9
  Pb-acid:
    cost: 205.911
    lifetime: 10.0237
    annual_cost: 20.54241447768788
    efficiency: 0.690478
    discharge_ratio: 5
    depth_of_discharge: 0.5
  VRBF:
    cost: 329.146
    lifetime: 29.0929
    annual_cost: 11.313619474167236
    efficiency: 0.780949
    discharge_ratio: 0.5
    depth_of_discharge: 1.0
