cost_values:
  wind_capex: 5000.0
  wind_opex: 100
  wind_lifetime: 20
  solar_capex: 1000.0
  solar_opex: 10
  solar_lifetime: 20
  carbon_price: 1.0
timeseries_values:
  load_level: 298476.246754379
  wind_year: 2012
  solar_year: 2012
  price_year: 2023
  carbon_year: 2023
storage_values:
  CAES:
    cost: 39.4558
    lifetime: 22.8175
    annual_cost: 1.7291903144516272
    efficiency: 0.595308
    discharge_ratio: 0.1
    depth_of_discharge: 0.4
  Li-ion:
    cost: 196.684
    lifetime: 19.9635
    annual_cost: 9.852180228917774
    efficiency: 0.882197
    discharge_ratio: 2
    depth_of_discharge: 0.9
  Pb-acid:
    cost: 191.525
    lifetime: 9.61087
    annual_cost: 19.927956574170704
    efficiency: 0.685748
    discharge_ratio: 5
    depth_of_discharge: 0.5
  VRBF:
    cost: 314.223
    lifetime: 29.8276
    annual_cost: 10.534639059126446
    efficiency: 0.782125
    discharge_ratio: 0.5
    depth_of_discharge: 1.0
