cost_values:
  wind_capex: 5000.0
  wind_opex: 100
  wind_lifetime: 20
  solar_capex: 1000.0
  solar_opex: 10
  solar_lifetime: 20
  carbon_price: 1.0
timeseries_values:
  load_level: 298476.246754379
  wind_year: 2012
  solar_year: 2012
  price_year: 2023
  carbon_year: 2023
storage_values:
  CAES:
    cost: 45.845
    lifetime: 23.2343
    annual_cost: 1.9731603706588965
    efficiency: 0.588466
    discharge_ratio: 0.1
    depth_of_discharge: 0.4
  Li-ion:
    cost: 238.451
    lifetime: 18.7406
    annual_cost: 12.723765514444574
    efficiency: 0.878238
    discharge_ratio: 2
    depth_of_discharge: 0.9
  Pb-acid:
    cost: 209.822
    lifetime: 10.844
    annual_cost: 19.349133161195134
    efficiency: 0.689175
    discharge_ratio: 5
    depth_of_discharge: 0.5
  VRBF:
    cost: 338.68
    lifetime: 28.3496
    annual_cost: 11.946553037785366
    efficiency: 0.775059
    discharge_ratio: 0.5
    depth_of_discharge: 1.0
