cost_values:
  wind_capex: 5000.0
  wind_opex: 100
  wind_lifetime: 20
  solar_capex: 1000.0
  solar_opex: 10
  solar_lifetime: 20
  carbon_price: 1.0
timeseries_values:
  load_level: 242134.68881215857
  wind_year: 2013
  solar_year: 2010
  price_year: 2023
  carbon_year: 2023
storage_values:
  CAES:
    cost: 67.7937
    lifetime: 28.1114
    annual_cost: 2.4116088135062643
    efficiency: 0.611362
    discharge_ratio: 0.1
    depth_of_discharge: 0.4
  Li-ion:
    cost: 175.867
    lifetime: 12.9485
    annual_cost: 13.582036529327722
    efficiency: 0.941873
    discharge_ratio: 2
    depth_of_discharge: 0.9
  Pb-acid:
    cost: 164.497
    lifetime: 12.2642
    annual_cost: 13.412778656577682
    efficiency: 0.737685
    discharge_ratio: 5
    depth_of_discharge: 0.5
  VRBF:
    cost: 159.196
    lifetime: 22.8223
    annual_cost: 6.975458214115142
    efficiency: 0.668448
    discharge_ratio: 0.5
    depth_of_discharge: 1.0
