cost_values:
  wind_capex: 5000.0
  wind_opex: 100
  wind_lifetime: 20
  solar_capex: 1000.0
  solar_opex: 10
  solar_lifetime: 20
  carbon_price: 1.0
timeseries_values:
  load_level: 242134.68881215857
  wind_year: 2013
  solar_year: 2010
  price_year: 2023
  carbon_year: 2023
storage_values:
  CAES:
    cost: 65.1958
    lifetime: 28.564
    annual_cost: 2.2824464360733794
    efficiency: 0.612499
    discharge_ratio: 0.1
    depth_of_discharge: 0.4
  Li-ion:
    cost: 162.543
    lifetime: 12.9376
    annual_cost: 12.563613034875093
    efficiency: 0.918515
    discharge_ratio: 2
    depth_of_discharge: 0.9
  Pb-acid:
    cost: 155.088
    lifetime: 12.9189
    annual_cost: 12.00473724543111
    efficiency: 0.736501
    discharge_ratio: 5
    depth_of_discharge: 0.5
  VRBF:
    cost: 196.962
    lifetime: 23.7111
    annual_cost: 8.306742411781824
    efficiency: 0.655335
    discharge_ratio: 0.5
    depth_of_discharge: 1.0
