cost_values:
  wind_capex: 5000.0
  wind_opex: 100
  wind_lifetime: 20
  solar_capex: 1000.0
  solar_opex: 10
  solar_lifetime: 20
  carbon_price: 1.0
timeseries_values:
  load_level: 242134.68881215857
  wind_year: 2013
  solar_year: 2010
  price_year: 2023
  carbon_year: 2023
storage_values:
  CAES:
    cost: 66.7713
    lifetime: 27.6943
    annual_cost: 2.4110123743875094
    efficiency: 0.609911
    discharge_ratio: 0.1
    depth_of_discharge: 0.4
  Li-ion:
    cost: 170.005
    lifetime: 13.5218
    annual_cost: 12.57266044461536
    efficiency: 0.921169
    discharge_ratio: 2
    depth_of_discharge: 0.9
  Pb-acid:
    cost: 162.226
    lifetime: 13.701
    annual_cost: 11.840449602218815
    efficiency: 0.752393
    discharge_ratio: 5
    depth_of_discharge: 0.5
  VRBF:
    cost: 225.069
    lifetime: 21.8841
    annual_cost: 10.284590181912895
    efficiency: 0.676355
    discharge_ratio: 0.5
    depth_of_discharge: 1.0
