cost_values:
  wind_capex: 5000.0
  wind_opex: 100
  wind_lifetime: 20
  solar_capex: 1000.0
  solar_opex: 10
  solar_lifetime: 20
  carbon_price: 1.0
timeseries_values:
  load_level: 242134.68881215857
  wind_year: 2013
  solar_year: 2010
  price_year: 2023
  carbon_year: 2023
storage_values:
  CAES:
    cost: 70.65
    lifetime: 28.828
    annual_cost: 2.4507423338420984
    efficiency: 0.619034
    discharge_ratio: 0.1
    depth_of_discharge: 0.4
  Li-ion:
    cost: 170.569
    lifetime: 12.4433
    annual_cost: 13.707698118666269
    efficiency: 0.926792
    discharge_ratio: 2
    depth_of_discharge: 0.9
  Pb-acid:
    cost: 161.762
    lifetime: 12.5811
    annual_cost: 12.857540278671976
    efficiency: 0.757085
    discharge_ratio: 5
    depth_of_discharge: 0.5
  VRBF:
    cost: 208.252
    lifetime: 21.2493
    annual_cost: 9.800416954911455
    efficiency: 0.675772
    discharge_ratio: 0.5
    depth_of_discharge: 1.0
