cost_values:
  wind_capex: 5000.0
  wind_opex: 100
  wind_lifetime: 20
  solar_capex: 1000.0
  solar_opex: 10
  solar_lifetime: 20
  carbon_price: 1.0
timeseries_values:
  load_level: 242134.68881215857
  wind_year: 2013
  solar_year: 2010
  price_year: 2023
  carbon_year: 2023
storage_values:
  CAES:
    cost: 67.4791
    lifetime: 28.1356
    annual_cost: 2.3983529763004876
    efficiency: 0.620053
    discharge_ratio: 0.1
    depth_of_discharge: 0.4
  Li-ion:
    cost: 169.291
    lifetime: 13.7358
    annual_cost: 12.324800885277888
    efficiency: 0.918446
    discharge_ratio: 2
    depth_of_discharge: 0.9
  Pb-acid:
    cost: 170.028
    lifetime: 11.4324
    annual_cost: 14.87246772331269
    efficiency: 0.754164
    discharge_ratio: 5
    depth_of_discharge: 0.5
  VRBF:
    cost: 253.819
    lifetime: 21.2107
    annual_cost: 11.96655461630215
    efficiency: 0.659273
    discharge_ratio: 0.5
    depth_of_discharge: 1.0
