cost_values:
  wind_capex: 5000.0
  wind_opex: 100
  wind_lifetime: 20
  solar_capex: 1000.0
  solar_opex: 10
  solar_lifetime: 20
  carbon_price: 1.0
timeseries_values:
  load_level: 242134.68881215857
  wind_year: 2013
  solar_year: 2010
  price_year: 2023
  carbon_year: 2023
storage_values:
  CAES:
    cost: 66.1576
    lifetime: 27.8762
    annual_cost: 2.373264648696738
    efficiency: 0.624555
    discharge_ratio: 0.1
    depth_of_discharge: 0.4
  Li-ion:
    cost: 175.806
    lifetime: 14.3131
    annual_cost: 12.282873731057563
    efficiency: 0.932571
    discharge_ratio: 2
    depth_of_discharge: 0.9
  Pb-acid:
    cost: 181.639
    lifetime: 11.3134
    annual_cost: 16.05520886736083
    efficiency: 0.758109
    discharge_ratio: 5
    depth_of_discharge: 0.5
  VRBF:
    cost: 205.895
    lifetime: 21.0054
    annual_cost: 9.802003294390966
    efficiency: 0.655237
    discharge_ratio: 0.5
    depth_of_discharge: 1.0
