cost_values:
  wind_capex: 5000.0
  wind_opex: 100
  wind_lifetime: 20
  solar_capex: 1000.0
  solar_opex: 10
  solar_lifetime: 20
  carbon_price: 1.0
timeseries_values:
  load_level: 242134.68881215857
  wind_year: 2013
  solar_year: 2010
  price_year: 2023
  carbon_year: 2023
storage_values:
  CAES:
    cost: 62.0617
    lifetime: 29.0852
    annual_cost: 2.133789693727394
    efficiency: 0.612345
    discharge_ratio: 0.1
    depth_of_discharge: 0.4
  Li-ion:
    cost: 199.922
    lifetime: 11.9284
    annual_cost: 16.760169008416888
    efficiency: 0.924545
    discharge_ratio: 2
    depth_of_discharge: 0.9
  Pb-acid:
    cost: 160.591
    lifetime: 12.8903
    annual_cost: 12.458282584579102
    efficiency: 0.754276
    discharge_ratio: 5
    depth_of_discharge: 0.5
  VRBF:
    cost: 211.618
    lifetime: 23.1328
    annual_cost: 9.147963065430904
    efficiency: 0.664374
    discharge_ratio: 0.5
    depth_of_discharge: 1.0
