cost_values:
  wind_capex: 5000.0
  wind_opex: 100
  wind_lifetime: 20
  solar_capex: 1000.0
  solar_opex: 10
  solar_lifetime: 20
  carbon_price: 1.0
timeseries_values:
  load_level: 242134.68881215857
  wind_year: 2013
  solar_year: 2010
  price_year: 2023
  carbon_year: 2023
storage_values:
  CAES:
    cost: 65.8821
    lifetime: 27.8966
    annual_cost: 2.361653391452722
    efficiency: 0.614385
    discharge_ratio: 0.1
    depth_of_discharge: 0.4
  Li-ion:
    cost: 178.059
    lifetime: 12.4323
    annual_cost: 14.32228952004054
    efficiency: 0.933117
    discharge_ratio: 2
    depth_of_discharge: 0.9
  Pb-acid:
    cost: 162.526
    lifetime: 11.7488
    annual_cost: 13.833412774070545
    efficiency: 0.76896
    discharge_ratio: 5
    depth_of_discharge: 0.5
  VRBF:
    cost: 158.081
    lifetime: 23.0479
    annual_cost: 6.858802754263946
    efficiency: 0.665458
    discharge_ratio: 0.5
    depth_of_discharge: 1.0
