cost_values:
  wind_capex: 5000.0
  wind_opex: 100
  wind_lifetime: 20
  solar_capex: 1000.0
  solar_opex: 10
  solar_lifetime: 20
  carbon_price: 1.0
timeseries_values:
  load_level: 242134.68881215857
  wind_year: 2013
  solar_year: 2010
  price_year: 2023
  carbon_year: 2023
storage_values:
  CAES:
    cost: 64.6385
    lifetime: 28.0657
    annual_cost: 2.303113765200939
    efficiency: 0.61093
    discharge_ratio: 0.1
    depth_of_discharge: 0.4
  Li-ion:
    cost: 164.45
    lifetime: 12.6284
    annual_cost: 13.022235595958316
    efficiency: 0.928623
    discharge_ratio: 2
    depth_of_discharge: 0.9
  Pb-acid:
    cost: 180.741
    lifetime: 12.4257
    annual_cost: 14.545739877833844
    efficiency: 0.759155
    discharge_ratio: 5
    depth_of_discharge: 0.5
  VRBF:
    cost: 175.91
    lifetime: 20.0258
    annual_cost: 8.784168422734671
    efficiency: 0.679516
    discharge_ratio: 0.5
    depth_of_discharge: 1.0
