cost_values:
  wind_capex: 5000.0
  wind_opex: 100
  wind_lifetime: 20
  solar_capex: 1000.0
  solar_opex: 10
  solar_lifetime: 20
  carbon_price: 1.0
timeseries_values:
  load_level: 242134.68881215857
  wind_year: 2013
  solar_year: 2010
  price_year: 2023
  carbon_year: 2023
storage_values:
  CAES:
    cost: 72.0159
    lifetime: 29.0557
    annual_cost: 2.478546378163321
    efficiency: 0.599304
    discharge_ratio: 0.1
    depth_of_discharge: 0.4
  Li-ion:
    cost: 162.457
    lifetime: 12.7311
    annual_cost: 12.76064126430552
    efficiency: 0.925193
    discharge_ratio: 2
    depth_of_discharge: 0.9
  Pb-acid:
    cost: 148.68
    lifetime: 13.6957
    annual_cost: 10.855962090291113
    efficiency: 0.75563
    discharge_ratio: 5
    depth_of_discharge: 0.5
  VRBF:
    cost: 206.237
    lifetime: 22.3007
    annual_cost: 9.248005667983517
    efficiency: 0.657182
    discharge_ratio: 0.5
    depth_of_discharge: 1.0
