cost_values:
  wind_capex: 5000.0
  wind_opex: 100
  wind_lifetime: 20
  solar_capex: 1000.0
  solar_opex: 10
  solar_lifetime: 20
  carbon_price: 1.0
timeseries_values:
  load_level: 242134.68881215857
  wind_year: 2013
  solar_year: 2010
  price_year: 2023
  carbon_year: 2023
storage_values:
  CAES:
    cost: 58.7458
    lifetime: 28.4424
    annual_cost: 2.0654304840660425
    efficiency: 0.609397
    discharge_ratio: 0.1
    depth_of_discharge: 0.4
  Li-ion:
    cost: 177.876
    lifetime: 14.4998
    annual_cost: 12.267479551442088
    efficiency: 0.930752
    discharge_ratio: 2
    depth_of_discharge: 0.9
  Pb-acid:
    cost: 165.378
    lifetime: 11.0834
    annual_cost: 14.921233556489886
    efficiency: 0.753455
    discharge_ratio: 5
    depth_of_discharge: 0.5
  VRBF:
    cost: 203.986
    lifetime: 21.1806
    annual_cost: 9.63079421734984
    efficiency: 0.662898
    discharge_ratio: 0.5
    depth_of_discharge: 1.0
