cost_values:
  wind_capex: 5000.0
  wind_opex: 100
  wind_lifetime: 20
  solar_capex: 1000.0
  solar_opex: 10
  solar_lifetime: 20
  carbon_price: 1.0
timeseries_values:
  load_level: 242134.68881215857
  wind_year: 2013
  solar_year: 2010
  price_year: 2023
  carbon_year: 2023
storage_values:
  CAES:
    cost: 60.1871
    lifetime: 28.2527
    annual_cost: 2.1303132090030332
    efficiency: 0.620357
    discharge_ratio: 0.1
    depth_of_discharge: 0.4
  Li-ion:
    cost: 162.996
    lifetime: 11.9585
    annual_cost: 13.63013755905841
    efficiency: 0.924676
    discharge_ratio: 2
    depth_of_discharge: 0.9
  Pb-acid:
    cost: 168.872
    lifetime: 11.0751
    annual_cost: 15.24789843884028
    efficiency: 0.757764
    discharge_ratio: 5
    depth_of_discharge: 0.5
  VRBF:
    cost: 197.72
    lifetime: 22.511
    annual_cost: 8.783261516591889
    efficiency: 0.658883
    discharge_ratio: 0.5
    depth_of_discharge: 1.0
