cost_values:
  wind_capex: 5000.0
  wind_opex: 100
  wind_lifetime: 20
  solar_capex: 1000.0
  solar_opex: 10
  solar_lifetime: 20
  carbon_price: 1.0
timeseries_values:
  load_level: 242134.68881215857
  wind_year: 2013
  solar_year: 2010
  price_year: 2023
  carbon_year: 2023
storage_values:
  CAES:
    cost: 66.2492
    lifetime: 28.9643
    annual_cost: 2.2872708817406253
    efficiency: 0.61827
    discharge_ratio: 0.1
    depth_of_discharge: 0.4
  Li-ion:
    cost: 174.508
    lifetime: 12.6595
    annual_cost: 13.784746632963389
    efficiency: 0.915101
    discharge_ratio: 2
    depth_of_discharge: 0.9
  Pb-acid:
    cost: 146.247
    lifetime: 13.3918
    annual_cost: 10.920638002359654
    efficiency: 0.739656
    discharge_ratio: 5
    depth_of_discharge: 0.5
  VRBF:
    cost: 186.125
    lifetime: 23.1128
    annual_cost: 8.052897095981448
    efficiency: 0.654749
    discharge_ratio: 0.5
    depth_of_discharge: 1.0
