cost_values:
  wind_capex: 5000.0
  wind_opex: 100
  wind_lifetime: 20
  solar_capex: 1000.0
  solar_opex: 10
  solar_lifetime: 20
  carbon_price: 1.0
timeseries_values:
  load_level: 242134.68881215857
  wind_year: 2013
  solar_year: 2010
  price_year: 2023
  carbon_year: 2023
storage_values:
  CAES:
    cost: 69.4974
    lifetime: 28.5295
    annual_cost: 2.435983806235651
    efficiency: 0.610645
    discharge_ratio: 0.1
    depth_of_discharge: 0.4
  Li-ion:
    cost: 186.405
    lifetime: 13.1486
    annual_cost: 14.17679448762606
    efficiency: 0.928593
    discharge_ratio: 2
    depth_of_discharge: 0.9
  Pb-acid:
    cost: 162.922
    lifetime: 11.4565
    annual_cost: 14.220922620346528
    efficiency: 0.750827
    discharge_ratio: 5
    depth_of_discharge: 0.5
  VRBF:
    cost: 171.194
    lifetime: 24.6905
    annual_cost: 6.933597942528502
    efficiency: 0.663304
    discharge_ratio: 0.5
    depth_of_discharge: 1.0
