cost_values:
  wind_capex: 5000.0
  wind_opex: 100
  wind_lifetime: 20
  solar_capex: 1000.0
  solar_opex: 10
  solar_lifetime: 20
  carbon_price: 1.0
timeseries_values:
  load_level: 242134.68881215857
  wind_year: 2013
  solar_year: 2010
  price_year: 2023
  carbon_year: 2023
storage_values:
  CAES:
    cost: 64.6783
    lifetime: 28.2958
    annual_cost: 2.2857915308985786
    efficiency: 0.615075
    discharge_ratio: 0.1
    depth_of_discharge: 0.4
  Li-ion:
    cost: 149.72
    lifetime: 11.9
    annual_cost: 12.581512605042017
    efficiency: 0.926853
    discharge_ratio: 2
    depth_of_discharge: 0.9
  Pb-acid:
    cost: 161.157
    lifetime: 11.9229
    annual_cost: 13.51659411720303
    efficiency: 0.773125
    discharge_ratio: 5
    depth_of_discharge: 0.5
  VRBF:
    cost: 199.824
    lifetime: 24.0332
    annual_cost: 8.314498277382954
    efficiency: 0.673775
    discharge_ratio: 0.5
    depth_of_discharge: 1.0
