cost_values:
  wind_capex: 5000.0
  wind_opex: 100
  wind_lifetime: 20
  solar_capex: 1000.0
  solar_opex: 10
  solar_lifetime: 20
  carbon_price: 1.0
timeseries_values:
  load_level: 242134.68881215857
  wind_year: 2013
  solar_year: 2010
  price_year: 2023
  carbon_year: 2023
storage_values:
  CAES:
    cost: 72.8577
    lifetime: 27.6362
    annual_cost: 2.636313965016898
    efficiency: 0.618671
    discharge_ratio: 0.1
    depth_of_discharge: 0.4
  Li-ion:
    cost: 159.591
    lifetime: 13.3534
    annual_cost: 11.951338235954887
    efficiency: 0.926596
    discharge_ratio: 2
    depth_of_discharge: 0.9
  Pb-acid:
    cost: 163.211
    lifetime: 13.9275
    annual_cost: 11.718614252378389
    efficiency: 0.748577
    discharge_ratio: 5
    depth_of_discharge: 0.5
  VRBF:
    cost: 211.777
    lifetime: 23.9488
    annual_cost: 8.84290653393907
    efficiency: 0.663045
    discharge_ratio: 0.5
    depth_of_discharge: 1.0
