cost_values:
  wind_capex: 5000.0
  wind_opex: 100
  wind_lifetime: 20
  solar_capex: 1000.0
  solar_opex: 10
  solar_lifetime: 20
  carbon_price: 1.0
timeseries_values:
  load_level: 242134.68881215857
  wind_year: 2013
  solar_year: 2010
  price_year: 2023
  carbon_year: 2023
storage_values:
  CAES:
    cost: 72.4446
    lifetime: 29.4819
    annual_cost: 2.4572568253742126
    efficiency: 0.608134
    discharge_ratio: 0.1
    depth_of_discharge: 0.4
  Li-ion:
    cost: 180.785
    lifetime: 12.4988
    annual_cost: 14.464188562101963
    efficiency: 0.938251
    discharge_ratio: 2
    depth_of_discharge: 0.9
  Pb-acid:
    cost: 170.899
    lifetime: 13.1002
    annual_cost: 13.045526022503473
    efficiency: 0.752298
    discharge_ratio: 5
    depth_of_discharge: 0.5
  VRBF:
    cost: 191.655
    lifetime: 23.2133
    annual_cost: 8.25625826573559
    efficiency: 0.665356
    discharge_ratio: 0.5
    depth_of_discharge: 1.0
