cost_values:
  wind_capex: 5000.0
  wind_opex: 100
  wind_lifetime: 20
  solar_capex: 1000.0
  solar_opex: 10
  solar_lifetime: 20
  carbon_price: 1.0
timeseries_values:
  load_level: 242134.68881215857
  wind_year: 2013
  solar_year: 2010
  price_year: 2023
  carbon_year: 2023
storage_values:
  CAES:
    cost: 62.7983
    lifetime: 27.4022
    annual_cost: 2.2917247520272093
    efficiency: 0.599728
    discharge_ratio: 0.1
    depth_of_discharge: 0.4
  Li-ion:
    cost: 174.63
    lifetime: 12.8825
    annual_cost: 13.55559868038036
    efficiency: 0.915523
    discharge_ratio: 2
    depth_of_discharge: 0.9
  Pb-acid:
    cost: 157.226
    lifetime: 12.0672
    annual_cost: 13.029203129143463
    efficiency: 0.750608
    discharge_ratio: 5
    depth_of_discharge: 0.5
  VRBF:
    cost: 176.661
    lifetime: 22.282
    annual_cost: 7.928417556772283
    efficiency: 0.667444
    discharge_ratio: 0.5
    depth_of_discharge: 1.0
