cost_values:
  wind_capex: 5000.0
  wind_opex: 100
  wind_lifetime: 20
  solar_capex: 1000.0
  solar_opex: 10
  solar_lifetime: 20
  carbon_price: 1.0
timeseries_values:
  load_level: 242134.68881215857
  wind_year: 2013
  solar_year: 2010
  price_year: 2023
  carbon_year: 2023
storage_values:
  CAES:
    cost: 63.4923
    lifetime: 29.2412
    annual_cost: 2.1713301779680725
    efficiency: 0.616107
    discharge_ratio: 0.1
    depth_of_discharge: 0.4
  Li-ion:
    cost: 179.902
    lifetime: 11.5294
    annual_cost: 15.6037608201641
    efficiency: 0.915264
    discharge_ratio: 2
    depth_of_discharge: 0.9
  Pb-acid:
    cost: 146.187
    lifetime: 12.4026
    annual_cost: 11.786802767161726
    efficiency: 0.749149
    discharge_ratio: 5
    depth_of_discharge: 0.5
  VRBF:
    cost: 195.289
    lifetime: 21.2902
    annual_cost: 9.172717964133733
    efficiency: 0.669309
    discharge_ratio: 0.5
    depth_of_discharge: 1.0
