cost_values:
  wind_capex: 5000.0
  wind_opex: 100
  wind_lifetime: 20
  solar_capex: 1000.0
  solar_opex: 10
  solar_lifetime: 20
  carbon_price: 1.0
timeseries_values:
  load_level: 242134.68881215857
  wind_year: 2013
  solar_year: 2010
  price_year: 2023
  carbon_year: 2023
storage_values:
  CAES:
    cost: 65.3379
    lifetime: 29.4441
    annual_cost: 2.219048977554077
    efficiency: 0.615997
    discharge_ratio: 0.1
    depth_of_discharge: 0.4
  Li-ion:
    cost: 177.325
    lifetime: 10.8745
    annual_cost: 16.306496850429905
    efficiency: 0.933204
    discharge_ratio: 2
    depth_of_discharge: 0.9
  Pb-acid:
    cost: 151.335
    lifetime: 12.3463
    annual_cost: 12.257518446822125
    efficiency: 0.765695
    discharge_ratio: 5
    depth_of_discharge: 0.5
  VRBF:
    cost: 188.748
    lifetime: 21.4472
    annual_cost: 8.80058935432131
    efficiency: 0.671956
    discharge_ratio: 0.5
    depth_of_discharge: 1.0
