cost_values:
  wind_capex: 5000.0
  wind_opex: 100
  wind_lifetime: 20
  solar_capex: 1000.0
  solar_opex: 10
  solar_lifetime: 20
  carbon_price: 1.0
timeseries_values:
  load_level: 242134.68881215857
  wind_year: 2013
  solar_year: 2010
  price_year: 2023
  carbon_year: 2023
storage_values:
  CAES:
    cost: 62.9267
    lifetime: 29.3426
    annual_cost: 2.1445509259574815
    efficiency: 0.60495
    discharge_ratio: 0.1
    depth_of_discharge: 0.4
  Li-ion:
    cost: 185.729
    lifetime: 12.3201
    annual_cost: 15.075283479841886
    efficiency: 0.925547
    discharge_ratio: 2
    depth_of_discharge: 0.9
  Pb-acid:
    cost: 152.894
    lifetime: 12.5587
    annual_cost: 12.17434925589432
    efficiency: 0.74598
    discharge_ratio: 5
    depth_of_discharge: 0.5
  VRBF:
    cost: 193.617
    lifetime: 20.9912
    annual_cost: 9.223722321734822
    efficiency: 0.670571
    discharge_ratio: 0.5
    depth_of_discharge: 1.0
