cost_values:
  wind_capex: 5000.0
  wind_opex: 100
  wind_lifetime: 20
  solar_capex: 1000.0
  solar_opex: 10
  solar_lifetime: 20
  carbon_price: 1.0
timeseries_values:
  load_level: 242134.68881215857
  wind_year: 2013
  solar_year: 2010
  price_year: 2023
  carbon_year: 2023
storage_values:
  CAES:
    cost: 71.9696
    lifetime: 29.0766
    annual_cost: 2.4751724754613678
    efficiency: 0.609972
    discharge_ratio: 0.1
    depth_of_discharge: 0.4
  Li-ion:
    cost: 169.904
    lifetime: 12.6749
    annual_cost: 13.40476058982714
    efficiency: 0.931595
    discharge_ratio: 2
    depth_of_discharge: 0.9
  Pb-acid:
    cost: 162.854
    lifetime: 12.1551
    annual_cost: 13.39799754835419
    efficiency: 0.732878
    discharge_ratio: 5
    depth_of_discharge: 0.5
  VRBF:
    cost: 217.115
    lifetime: 22.8165
    annual_cost: 9.515701356474482
    efficiency: 0.658637
    discharge_ratio: 0.5
    depth_of_discharge: 1.0
