cost_values:
  wind_capex: 5000.0
  wind_opex: 100
  wind_lifetime: 20
  solar_capex: 1000.0
  solar_opex: 10
  solar_lifetime: 20
  carbon_price: 1.0
timeseries_values:
  load_level: 242134.68881215857
  wind_year: 2013
  solar_year: 2010
  price_year: 2023
  carbon_year: 2023
storage_values:
  CAES:
    cost: 66.8371
    lifetime: 29.0428
    annual_cost: 2.301331138870908
    efficiency: 0.609814
    discharge_ratio: 0.1
    depth_of_discharge: 0.4
  Li-ion:
    cost: 165.34
    lifetime: 12.6431
    annual_cost: 13.077488906992746
    efficiency: 0.928861
    discharge_ratio: 2
    depth_of_discharge: 0.9
  Pb-acid:
    cost: 190.014
    lifetime: 12.7458
    annual_cost: 14.907969684131245
    efficiency: 0.748857
    discharge_ratio: 5
    depth_of_discharge: 0.5
  VRBF:
    cost: 221.861
    lifetime: 20.5827
    annual_cost: 10.77900372643045
    efficiency: 0.652802
    discharge_ratio: 0.5
    depth_of_discharge: 1.0
