cost_values:
  wind_capex: 5000.0
  wind_opex: 100
  wind_lifetime: 20
  solar_capex: 1000.0
  solar_opex: 10
  solar_lifetime: 20
  carbon_price: 1.0
timeseries_values:
  load_level: 242134.68881215857
  wind_year: 2013
  solar_year: 2010
  price_year: 2023
  carbon_year: 2023
storage_values:
  CAES:
    cost: 72.5434
    lifetime: 28.8076
    annual_cost: 2.518203529624127
    efficiency: 0.602986
    discharge_ratio: 0.1
    depth_of_discharge: 0.4
  Li-ion:
    cost: 188.152
    lifetime: 13.3133
    annual_cost: 14.132634283010223
    efficiency: 0.927513
    discharge_ratio: 2
    depth_of_discharge: 0.9
  Pb-acid:
    cost: 136.993
    lifetime: 12.8461
    annual_cost: 10.664170448618647
    efficiency: 0.747124
    discharge_ratio: 5
    depth_of_discharge: 0.5
  VRBF:
    cost: 194.356
    lifetime: 20.268
    annual_cost: 9.589303335306887
    efficiency: 0.660754
    discharge_ratio: 0.5
    depth_of_discharge: 1.0
