cost_values:
  wind_capex: 5000.0
  wind_opex: 100
  wind_lifetime: 20
  solar_capex: 1000.0
  solar_opex: 10
  solar_lifetime: 20
  carbon_price: 1.0
timeseries_values:
  load_level: 242134.68881215857
  wind_year: 2013
  solar_year: 2010
  price_year: 2023
  carbon_year: 2023
storage_values:
  CAES:
    cost: 61.5655
    lifetime: 29.404
    annual_cost: 2.093779757856074
    efficiency: 0.621466
    discharge_ratio: 0.1
    depth_of_discharge: 0.4
  Li-ion:
    cost: 168.252
    lifetime: 11.1669
    annual_cost: 15.067028450151788
    efficiency: 0.935866
    discharge_ratio: 2
    depth_of_discharge: 0.9
  Pb-acid:
    cost: 185.001
    lifetime: 13.2389
    annual_cost: 13.974046182084615
    efficiency: 0.743659
    discharge_ratio: 5
    depth_of_discharge: 0.5
  VRBF:
    cost: 223.665
    lifetime: 21.198
    annual_cost: 10.551231248230964
    efficiency: 0.670735
    discharge_ratio: 0.5
    depth_of_discharge: 1.0
