cost_values:
  wind_capex: 5000.0
  wind_opex: 100
  wind_lifetime: 20
  solar_capex: 1000.0
  solar_opex: 10
  solar_lifetime: 20
  carbon_price: 1.0
timeseries_values:
  load_level: 242134.68881215857
  wind_year: 2013
  solar_year: 2010
  price_year: 2023
  carbon_year: 2023
storage_values:
  CAES:
    cost: 73.1536
    lifetime: 28.302
    annual_cost: 2.584750194332556
    efficiency: 0.605035
    discharge_ratio: 0.1
    depth_of_discharge: 0.4
  Li-ion:
    cost: 164.503
    lifetime: 11.6707
    annual_cost: 14.095384167187914
    efficiency: 0.9401
    discharge_ratio: 2
    depth_of_discharge: 0.9
  Pb-acid:
    cost: 163.82
    lifetime: 12.5406
    annual_cost: 13.06317082117283
    efficiency: 0.760436
    discharge_ratio: 5
    depth_of_discharge: 0.5
  VRBF:
    cost: 194.269
    lifetime: 19.612
    annual_cost: 9.905619008770142
    efficiency: 0.652709
    discharge_ratio: 0.5
    depth_of_discharge: 1.0
