cost_values:
  wind_capex: 5000.0
  wind_opex: 100
  wind_lifetime: 20
  solar_capex: 1000.0
  solar_opex: 10
  solar_lifetime: 20
  carbon_price: 1.0
timeseries_values:
  load_level: 242134.68881215857
  wind_year: 2013
  solar_year: 2010
  price_year: 2023
  carbon_year: 2023
storage_values:
  CAES:
    cost: 64.0975
    lifetime: 29.9932
    annual_cost: 2.1370677353533467
    efficiency: 0.605721
    discharge_ratio: 0.1
    depth_of_discharge: 0.4
  Li-ion:
    cost: 174.037
    lifetime: 12.8447
    annual_cost: 13.54932384563283
    efficiency: 0.92863
    discharge_ratio: 2
    depth_of_discharge: 0.9
  Pb-acid:
    cost: 163.085
    lifetime: 12.8086
    annual_cost: 12.732461002763769
    efficiency: 0.744939
    discharge_ratio: 5
    depth_of_discharge: 0.5
  VRBF:
    cost: 204.396
    lifetime: 20.8937
    annual_cost: 9.782661759286292
    efficiency: 0.653901
    discharge_ratio: 0.5
    depth_of_discharge: 1.0
