cost_values:
  wind_capex: 5000.0
  wind_opex: 100
  wind_lifetime: 20
  solar_capex: 1000.0
  solar_opex: 10
  solar_lifetime: 20
  carbon_price: 1.0
timeseries_values:
  load_level: 242134.68881215857
  wind_year: 2013
  solar_year: 2010
  price_year: 2023
  carbon_year: 2023
storage_values:
  CAES:
    cost: 64.2702
    lifetime: 28.5042
    annual_cost: 2.2547624560591073
    efficiency: 0.615637
    discharge_ratio: 0.1
    depth_of_discharge: 0.4
  Li-ion:
    cost: 181.21
    lifetime: 13.5191
    annual_cost: 13.403998786901496
    efficiency: 0.931569
    discharge_ratio: 2
    depth_of_discharge: 0.9
  Pb-acid:
    cost: 143.511
    lifetime: 11.8793
    annual_cost: 12.080762334480987
    efficiency: 0.757455
    discharge_ratio: 5
    depth_of_discharge: 0.5
  VRBF:
    cost: 195.566
    lifetime: 21.8009
    annual_cost: 8.970547087505562
    efficiency: 0.655359
    discharge_ratio: 0.5
    depth_of_discharge: 1.0
