cost_values:
  wind_capex: 5000.0
  wind_opex: 100
  wind_lifetime: 20
  solar_capex: 1000.0
  solar_opex: 10
  solar_lifetime: 20
  carbon_price: 1.0
timeseries_values:
  load_level: 242134.68881215857
  wind_year: 2013
  solar_year: 2010
  price_year: 2023
  carbon_year: 2023
storage_values:
  CAES:
    cost: 66.0807
    lifetime: 27.8086
    annual_cost: 2.3762684924807433
    efficiency: 0.616853
    discharge_ratio: 0.1
    depth_of_discharge: 0.4
  Li-ion:
    cost: 176.937
    lifetime: 14.0329
    annual_cost: 12.608726635264272
    efficiency: 0.931133
    discharge_ratio: 2
    depth_of_discharge: 0.9
  Pb-acid:
    cost: 157.071
    lifetime: 12.9524
    annual_cost: 12.126787313548068
    efficiency: 0.753246
    discharge_ratio: 5
    depth_of_discharge: 0.5
  VRBF:
    cost: 201.768
    lifetime: 21.3362
    annual_cost: 9.45660426880138
    efficiency: 0.653105
    discharge_ratio: 0.5
    depth_of_discharge: 1.0
