cost_values:
  wind_capex: 5000.0
  wind_opex: 100
  wind_lifetime: 20
  solar_capex: 1000.0
  solar_opex: 10
  solar_lifetime: 20
  carbon_price: 1.0
timeseries_values:
  load_level: 242134.68881215857
  wind_year: 2013
  solar_year: 2010
  price_year: 2023
  carbon_year: 2023
storage_values:
  CAES:
    cost: 61.6588
    lifetime: 28.6678
    annual_cost: 2.1508033403330566
    efficiency: 0.609175
    discharge_ratio: 0.1
    depth_of_discharge: 0.4
  Li-ion:
    cost: 171.929
    lifetime: 13.2527
    annual_cost: 12.97313000369736
    efficiency: 0.922466
    discharge_ratio: 2
    depth_of_discharge: 0.9
  Pb-acid:
    cost: 167.313
    lifetime: 11.2767
    annual_cost: 14.837053393279948
    efficiency: 0.758237
    discharge_ratio: 5
    depth_of_discharge: 0.5
  VRBF:
    cost: 177.858
    lifetime: 22.3255
    annual_cost: 7.96658529484222
    efficiency: 0.658205
    discharge_ratio: 0.5
    depth_of_discharge: 1.0
