cost_values:
  wind_capex: 5000.0
  wind_opex: 100
  wind_lifetime: 20
  solar_capex: 1000.0
  solar_opex: 10
  solar_lifetime: 20
  carbon_price: 1.0
timeseries_values:
  load_level: 242134.68881215857
  wind_year: 2013
  solar_year: 2010
  price_year: 2023
  carbon_year: 2023
storage_values:
  CAES:
    cost: 59.7172
    lifetime: 29.3253
    annual_cost: 2.0363713244195285
    efficiency: 0.609879
    discharge_ratio: 0.1
    depth_of_discharge: 0.4
  Li-ion:
    cost: 177.917
    lifetime: 12.8014
    annual_cost: 13.898245504397957
    efficiency: 0.908847
    discharge_ratio: 2
    depth_of_discharge: 0.9
  Pb-acid:
    cost: 165.551
    lifetime: 11.351
    annual_cost: 14.584706193286934
    efficiency: 0.744132
    discharge_ratio: 5
    depth_of_discharge: 0.5
  VRBF:
    cost: 201.031
    lifetime: 18.9473
    annual_cost: 10.61000775836135
    efficiency: 0.668239
    discharge_ratio: 0.5
    depth_of_discharge: 1.0
