cost_values:
  wind_capex: 5000.0
  wind_opex: 100
  wind_lifetime: 20
  solar_capex: 1000.0
  solar_opex: 10
  solar_lifetime: 20
  carbon_price: 1.0
timeseries_values:
  load_level: 242134.68881215857
  wind_year: 2013
  solar_year: 2010
  price_year: 2023
  carbon_year: 2023
storage_values:
  CAES:
    cost: 67.5731
    lifetime: 29.5286
    annual_cost: 2.2883949797823124
    efficiency: 0.608098
    discharge_ratio: 0.1
    depth_of_discharge: 0.4
  Li-ion:
    cost: 154.268
    lifetime: 13.6154
    annual_cost: 11.330405276378219
    efficiency: 0.921695
    discharge_ratio: 2
    depth_of_discharge: 0.9
  Pb-acid:
    cost: 170.876
    lifetime: 10.4345
    annual_cost: 16.376060184963343
    efficiency: 0.733458
    discharge_ratio: 5
    depth_of_discharge: 0.5
  VRBF:
    cost: 230.626
    lifetime: 22.4205
    annual_cost: 10.286389688008741
    efficiency: 0.660467
    discharge_ratio: 0.5
    depth_of_discharge: 1.0
