cost_values:
  wind_capex: 5000.0
  wind_opex: 100
  wind_lifetime: 20
  solar_capex: 1000.0
  solar_opex: 10
  solar_lifetime: 20
  carbon_price: 1.0
timeseries_values:
  load_level: 242134.68881215857
  wind_year: 2013
  solar_year: 2010
  price_year: 2023
  carbon_year: 2023
storage_values:
  CAES:
    cost: 65.5238
    lifetime: 29.4716
    annual_cost: 2.223286146663228
    efficiency: 0.606662
    discharge_ratio: 0.1
    depth_of_discharge: 0.4
  Li-ion:
    cost: 173.06
    lifetime: 16.206
    annual_cost: 10.678760952733557
    efficiency: 0.925268
    discharge_ratio: 2
    depth_of_discharge: 0.9
  Pb-acid:
    cost: 171.348
    lifetime: 12.0911
    annual_cost: 14.171415338554805
    efficiency: 0.751316
    discharge_ratio: 5
    depth_of_discharge: 0.5
  VRBF:
    cost: 229.446
    lifetime: 21.7248
    annual_cost: 10.56147812638091
    efficiency: 0.6602
    discharge_ratio: 0.5
    depth_of_discharge: 1.0
