cost_values:
  wind_capex: 5000.0
  wind_opex: 100
  wind_lifetime: 20
  solar_capex: 1000.0
  solar_opex: 10
  solar_lifetime: 20
  carbon_price: 1.0
timeseries_values:
  load_level: 242134.68881215857
  wind_year: 2013
  solar_year: 2010
  price_year: 2023
  carbon_year: 2023
storage_values:
  CAES:
    cost: 62.8584
    lifetime: 29.4884
    annual_cost: 2.1316314211690024
    efficiency: 0.614059
    discharge_ratio: 0.1
    depth_of_discharge: 0.4
  Li-ion:
    cost: 188.386
    lifetime: 13.3103
    annual_cost: 14.153399998497404
    efficiency: 0.915942
    discharge_ratio: 2
    depth_of_discharge: 0.9
  Pb-acid:
    cost: 168.784
    lifetime: 11.1735
    annual_cost: 15.105741262809325
    efficiency: 0.744165
    discharge_ratio: 5
    depth_of_discharge: 0.5
  VRBF:
    cost: 221.917
    lifetime: 21.4456
    annual_cost: 10.34790353265938
    efficiency: 0.651795
    discharge_ratio: 0.5
    depth_of_discharge: 1.0
