cost_values:
  wind_capex: 5000.0
  wind_opex: 100
  wind_lifetime: 20
  solar_capex: 1000.0
  solar_opex: 10
  solar_lifetime: 20
  carbon_price: 1.0
timeseries_values:
  load_level: 242134.68881215857
  wind_year: 2013
  solar_year: 2010
  price_year: 2023
  carbon_year: 2023
storage_values:
  CAES:
    cost: 61.2168
    lifetime: 29.4547
    annual_cost: 2.0783372432922422
    efficiency: 0.609302
    discharge_ratio: 0.1
    depth_of_discharge: 0.4
  Li-ion:
    cost: 189.031
    lifetime: 12.9063
    annual_cost: 14.646412992104631
    efficiency: 0.915942
    discharge_ratio: 2
    depth_of_discharge: 0.9
  Pb-acid:
    cost: 188.47
    lifetime: 12.3736
    annual_cost: 15.231622163315446
    efficiency: 0.751953
    discharge_ratio: 5
    depth_of_discharge: 0.5
  VRBF:
    cost: 203.711
    lifetime: 21.5156
    annual_cost: 9.468060384093404
    efficiency: 0.657696
    discharge_ratio: 0.5
    depth_of_discharge: 1.0
