cost_values:
  wind_capex: 5000.0
  wind_opex: 100
  wind_lifetime: 20
  solar_capex: 1000.0
  solar_opex: 10
  solar_lifetime: 20
  carbon_price: 1.0
timeseries_values:
  load_level: 242134.68881215857
  wind_year: 2013
  solar_year: 2010
  price_year: 2023
  carbon_year: 2023
storage_values:
  CAES:
    cost: 61.4202
    lifetime: 28.5134
    annual_cost: 2.154081940420995
    efficiency: 0.606352
    discharge_ratio: 0.1
    depth_of_discharge: 0.4
  Li-ion:
    cost: 177.982
    lifetime: 13.2086
    annual_cost: 13.474705873446087
    efficiency: 0.922293
    discharge_ratio: 2
    depth_of_discharge: 0.9
  Pb-acid:
    cost: 141.966
    lifetime: 13.0015
    annual_cost: 10.919201630581087
    efficiency: 0.763155
    discharge_ratio: 5
    depth_of_discharge: 0.5
  VRBF:
    cost: 199.267
    lifetime: 24.67
    annual_cost: 8.077300364815565
    efficiency: 0.665572
    discharge_ratio: 0.5
    depth_of_discharge: 1.0
