cost_values:
  wind_capex: 5000.0
  wind_opex: 100
  wind_lifetime: 20
  solar_capex: 1000.0
  solar_opex: 10
  solar_lifetime: 20
  carbon_price: 1.0
timeseries_values:
  load_level: 242134.68881215857
  wind_year: 2013
  solar_year: 2010
  price_year: 2023
  carbon_year: 2023
storage_values:
  CAES:
    cost: 65.2114
    lifetime: 28.8349
    annual_cost: 2.261544170432358
    efficiency: 0.609276
    discharge_ratio: 0.1
    depth_of_discharge: 0.4
  Li-ion:
    cost: 142.719
    lifetime: 14.3192
    annual_cost: 9.966967428347951
    efficiency: 0.925926
    discharge_ratio: 2
    depth_of_discharge: 0.9
  Pb-acid:
    cost: 162.468
    lifetime: 12.1829
    annual_cost: 13.335741079710084
    efficiency: 0.755545
    discharge_ratio: 5
    depth_of_discharge: 0.5
  VRBF:
    cost: 181.236
    lifetime: 21.879
    annual_cost: 8.283559577677224
    efficiency: 0.656224
    discharge_ratio: 0.5
    depth_of_discharge: 1.0
