cost_values:
  wind_capex: 5000.0
  wind_opex: 100
  wind_lifetime: 20
  solar_capex: 1000.0
  solar_opex: 10
  solar_lifetime: 20
  carbon_price: 1.0
timeseries_values:
  load_level: 242134.68881215857
  wind_year: 2013
  solar_year: 2010
  price_year: 2023
  carbon_year: 2023
storage_values:
  CAES:
    cost: 65.8077
    lifetime: 28.8192
    annual_cost: 2.2834672718187874
    efficiency: 0.605748
    discharge_ratio: 0.1
    depth_of_discharge: 0.4
  Li-ion:
    cost: 180.886
    lifetime: 13.5971
    annual_cost: 13.303277904847358
    efficiency: 0.939532
    discharge_ratio: 2
    depth_of_discharge: 0.9
  Pb-acid:
    cost: 172.785
    lifetime: 13.6414
    annual_cost: 12.66622194202941
    efficiency: 0.754525
    discharge_ratio: 5
    depth_of_discharge: 0.5
  VRBF:
    cost: 182.69
    lifetime: 20.7342
    annual_cost: 8.811046483587502
    efficiency: 0.661538
    discharge_ratio: 0.5
    depth_of_discharge: 1.0
