cost_values:
  wind_capex: 5000.0
  wind_opex: 100
  wind_lifetime: 20
  solar_capex: 1000.0
  solar_opex: 10
  solar_lifetime: 20
  carbon_price: 1.0
timeseries_values:
  load_level: 242134.68881215857
  wind_year: 2013
  solar_year: 2010
  price_year: 2023
  carbon_year: 2023
storage_values:
  CAES:
    cost: 65.0183
    lifetime: 29.1685
    annual_cost: 2.229058744878893
    efficiency: 0.619704
    discharge_ratio: 0.1
    depth_of_discharge: 0.4
  Li-ion:
    cost: 184.909
    lifetime: 13.0518
    annual_cost: 14.167317917835087
    efficiency: 0.929668
    discharge_ratio: 2
    depth_of_discharge: 0.9
  Pb-acid:
    cost: 175.739
    lifetime: 12.0912
    annual_cost: 14.534454810109832
    efficiency: 0.75614
    discharge_ratio: 5
    depth_of_discharge: 0.5
  VRBF:
    cost: 176.262
    lifetime: 19.9496
    annual_cost: 8.835365120102658
    efficiency: 0.662547
    discharge_ratio: 0.5
    depth_of_discharge: 1.0
