cost_values:
  wind_capex: 5000.0
  wind_opex: 100
  wind_lifetime: 20
  solar_capex: 1000.0
  solar_opex: 10
  solar_lifetime: 20
  carbon_price: 1.0
timeseries_values:
  load_level: 242134.68881215857
  wind_year: 2013
  solar_year: 2010
  price_year: 2023
  carbon_year: 2023
storage_values:
  CAES:
    cost: 64.7978
    lifetime: 28.9033
    annual_cost: 2.2418824148107652
    efficiency: 0.610849
    discharge_ratio: 0.1
    depth_of_discharge: 0.4
  Li-ion:
    cost: 177.442
    lifetime: 14.8889
    annual_cost: 11.917737374822856
    efficiency: 0.932266
    discharge_ratio: 2
    depth_of_discharge: 0.9
  Pb-acid:
    cost: 156.176
    lifetime: 13.5608
    annual_cost: 11.516724677010204
    efficiency: 0.747861
    discharge_ratio: 5
    depth_of_discharge: 0.5
  VRBF:
    cost: 175.891
    lifetime: 22.1919
    annual_cost: 7.925909904064095
    efficiency: 0.653782
    discharge_ratio: 0.5
    depth_of_discharge: 1.0
