cost_values:
  wind_capex: 5000.0
  wind_opex: 100
  wind_lifetime: 20
  solar_capex: 1000.0
  solar_opex: 10
  solar_lifetime: 20
  carbon_price: 1.0
timeseries_values:
  load_level: 242134.68881215857
  wind_year: 2013
  solar_year: 2010
  price_year: 2023
  carbon_year: 2023
storage_values:
  CAES:
    cost: 68.8448
    lifetime: 27.9158
    annual_cost: 2.466158949412161
    efficiency: 0.604352
    discharge_ratio: 0.1
    depth_of_discharge: 0.4
  Li-ion:
    cost: 173.027
    lifetime: 15.3981
    annual_cost: 11.236905852020703
    efficiency: 0.921073
    discharge_ratio: 2
    depth_of_discharge: 0.9
  Pb-acid:
    cost: 153.555
    lifetime: 12.2581
    annual_cost: 12.526819001313417
    efficiency: 0.763414
    discharge_ratio: 5
    depth_of_discharge: 0.5
  VRBF:
    cost: 215.18
    lifetime: 23.4097
    annual_cost: 9.191916171501557
    efficiency: 0.672077
    discharge_ratio: 0.5
    depth_of_discharge: 1.0
