cost_values:
  wind_capex: 5000.0
  wind_opex: 100
  wind_lifetime: 20
  solar_capex: 1000.0
  solar_opex: 10
  solar_lifetime: 20
  carbon_price: 1.0
timeseries_values:
  load_level: 242134.68881215857
  wind_year: 2013
  solar_year: 2010
  price_year: 2023
  carbon_year: 2023
storage_values:
  CAES:
    cost: 71.0053
    lifetime: 28.9466
    annual_cost: 2.4529754789854423
    efficiency: 0.609374
    discharge_ratio: 0.1
    depth_of_discharge: 0.4
  Li-ion:
    cost: 181.796
    lifetime: 13.8816
    annual_cost: 13.09618487782388
    efficiency: 0.932567
    discharge_ratio: 2
    depth_of_discharge: 0.9
  Pb-acid:
    cost: 166.755
    lifetime: 13.0277
    annual_cost: 12.800033774188844
    efficiency: 0.757348
    discharge_ratio: 5
    depth_of_discharge: 0.5
  VRBF:
    cost: 142.972
    lifetime: 20.7372
    annual_cost: 6.8944698416372505
    efficiency: 0.680704
    discharge_ratio: 0.5
    depth_of_discharge: 1.0
