cost_values:
  wind_capex: 5000.0
  wind_opex: 100
  wind_lifetime: 20
  solar_capex: 1000.0
  solar_opex: 10
  solar_lifetime: 20
  carbon_price: 1.0
timeseries_values:
  load_level: 242134.68881215857
  wind_year: 2013
  solar_year: 2010
  price_year: 2023
  carbon_year: 2023
storage_values:
  CAES:
    cost: 68.4098
    lifetime: 28.525
    annual_cost: 2.3982401402278706
    efficiency: 0.609419
    discharge_ratio: 0.1
    depth_of_discharge: 0.4
  Li-ion:
    cost: 190.257
    lifetime: 14.3509
    annual_cost: 13.257496045544183
    efficiency: 0.933708
    discharge_ratio: 2
    depth_of_discharge: 0.9
  Pb-acid:
    cost: 145.242
    lifetime: 13.0457
    annual_cost: 11.133323623876066
    efficiency: 0.758558
    discharge_ratio: 5
    depth_of_discharge: 0.5
  VRBF:
    cost: 177.391
    lifetime: 21.7909
    annual_cost: 8.140599975219013
    efficiency: 0.660134
    discharge_ratio: 0.5
    depth_of_discharge: 1.0
