cost_values:
  wind_capex: 5000.0
  wind_opex: 100
  wind_lifetime: 20
  solar_capex: 1000.0
  solar_opex: 10
  solar_lifetime: 20
  carbon_price: 1.0
timeseries_values:
  load_level: 226834.9427425628
  wind_year: 2015
  solar_year: 2011
  price_year: 2023
  carbon_year: 2023
storage_values:
  CAES:
    cost: 47.4047
    lifetime: 25.1575
    annual_cost: 1.8843168041339562
    efficiency: 0.600737
    discharge_ratio: 0.1
    depth_of_discharge: 0.4
  Li-ion:
    cost: 197.753
    lifetime: 12.2695
    annual_cost: 16.117445698683724
    efficiency: 0.88996
    discharge_ratio: 2
    depth_of_discharge: 0.9
  Pb-acid:
    cost: 110.202
    lifetime: 12.8296
    annual_cost: 8.589667643574234
    efficiency: 0.706762
    discharge_ratio: 5
    depth_of_discharge: 0.5
  VRBF:
    cost: 308.227
    lifetime: 17.4608
    annual_cost: 17.652513057820947
    efficiency: 0.831399
    discharge_ratio: 0.5
    depth_of_discharge: 1.0
