cost_values:
  wind_capex: 5000.0
  wind_opex: 100
  wind_lifetime: 20
  solar_capex: 1000.0
  solar_opex: 10
  solar_lifetime: 20
  carbon_price: 1.0
timeseries_values:
  load_level: 226834.9427425628
  wind_year: 2015
  solar_year: 2011
  price_year: 2023
  carbon_year: 2023
storage_values:
  CAES:
    cost: 52.1878
    lifetime: 24.0543
    annual_cost: 2.169582985162736
    efficiency: 0.584766
    discharge_ratio: 0.1
    depth_of_discharge: 0.4
  Li-ion:
    cost: 185.378
    lifetime: 11.0691
    annual_cost: 16.74734169896378
    efficiency: 0.904697
    discharge_ratio: 2
    depth_of_discharge: 0.9
  Pb-acid:
    cost: 123.826
    lifetime: 12.4864
    annual_cost: 9.916869554074832
    efficiency: 0.712826
    discharge_ratio: 5
    depth_of_discharge: 0.5
  VRBF:
    cost: 323.994
    lifetime: 18.2669
    annual_cost: 17.736671246900134
    efficiency: 0.83514
    discharge_ratio: 0.5
    depth_of_discharge: 1.0
