cost_values:
  wind_capex: 5000.0
  wind_opex: 100
  wind_lifetime: 20
  solar_capex: 1000.0
  solar_opex: 10
  solar_lifetime: 20
  carbon_price: 1.0
timeseries_values:
  load_level: 226834.9427425628
  wind_year: 2015
  solar_year: 2011
  price_year: 2023
  carbon_year: 2023
storage_values:
  CAES:
    cost: 52.1832
    lifetime: 24.2635
    annual_cost: 2.1506872462752695
    efficiency: 0.592753
    discharge_ratio: 0.1
    depth_of_discharge: 0.4
  Li-ion:
    cost: 175.452
    lifetime: 13.4692
    annual_cost: 13.026163395004899
    efficiency: 0.896856
    discharge_ratio: 2
    depth_of_discharge: 0.9
  Pb-acid:
    cost: 125.005
    lifetime: 12.3641
    annual_cost: 10.110319392434548
    efficiency: 0.695555
    discharge_ratio: 5
    depth_of_discharge: 0.5
  VRBF:
    cost: 315.929
    lifetime: 18.3995
    annual_cost: 17.170520938068968
    efficiency: 0.79597
    discharge_ratio: 0.5
    depth_of_discharge: 1.0
