cost_values:
  wind_capex: 5000.0
  wind_opex: 100
  wind_lifetime: 20
  solar_capex: 1000.0
  solar_opex: 10
  solar_lifetime: 20
  carbon_price: 1.0
timeseries_values:
  load_level: 226834.9427425628
  wind_year: 2015
  solar_year: 2011
  price_year: 2023
  carbon_year: 2023
storage_values:
  CAES:
    cost: 50.0837
    lifetime: 24.1442
    annual_cost: 2.074357402606009
    efficiency: 0.60282
    discharge_ratio: 0.1
    depth_of_discharge: 0.4
  Li-ion:
    cost: 189.266
    lifetime: 12.6801
    annual_cost: 14.926222979314042
    efficiency: 0.913276
    discharge_ratio: 2
    depth_of_discharge: 0.9
  Pb-acid:
    cost: 91.5924
    lifetime: 14.2027
    annual_cost: 6.448942806649439
    efficiency: 0.701999
    discharge_ratio: 5
    depth_of_discharge: 0.5
  VRBF:
    cost: 346.093
    lifetime: 18.0108
    annual_cost: 19.21585937326493
    efficiency: 0.811565
    discharge_ratio: 0.5
    depth_of_discharge: 1.0
