cost_values:
  wind_capex: 5000.0
  wind_opex: 100
  wind_lifetime: 20
  solar_capex: 1000.0
  solar_opex: 10
  solar_lifetime: 20
  carbon_price: 1.0
timeseries_values:
  load_level: 226834.9427425628
  wind_year: 2015
  solar_year: 2011
  price_year: 2023
  carbon_year: 2023
storage_values:
  CAES:
    cost: 48.0886
    lifetime: 23.3455
    annual_cost: 2.0598659270523227
    efficiency: 0.601059
    discharge_ratio: 0.1
    depth_of_discharge: 0.4
  Li-ion:
    cost: 192.957
    lifetime: 12.9675
    annual_cost: 14.880046269519953
    efficiency: 0.906972
    discharge_ratio: 2
    depth_of_discharge: 0.9
  Pb-acid:
    cost: 127.67
    lifetime: 10.7518
    annual_cost: 11.874290816421437
    efficiency: 0.705093
    discharge_ratio: 5
    depth_of_discharge: 0.5
  VRBF:
    cost: 327.413
    lifetime: 17.2994
    annual_cost: 18.926263338612902
    efficiency: 0.815267
    discharge_ratio: 0.5
    depth_of_discharge: 1.0
