cost_values:
  wind_capex: 5000.0
  wind_opex: 100
  wind_lifetime: 20
  solar_capex: 1000.0
  solar_opex: 10
  solar_lifetime: 20
  carbon_price: 1.0
timeseries_values:
  load_level: 226834.9427425628
  wind_year: 2015
  solar_year: 2011
  price_year: 2023
  carbon_year: 2023
storage_values:
  CAES:
    cost: 55.9291
    lifetime: 25.9877
    annual_cost: 2.1521373572882556
    efficiency: 0.60054
    discharge_ratio: 0.1
    depth_of_discharge: 0.4
  Li-ion:
    cost: 168.485
    lifetime: 14.1282
    annual_cost: 11.925439900341162
    efficiency: 0.898011
    discharge_ratio: 2
    depth_of_discharge: 0.9
  Pb-acid:
    cost: 97.2024
    lifetime: 12.3223
    annual_cost: 7.888332535322139
    efficiency: 0.698971
    discharge_ratio: 5
    depth_of_discharge: 0.5
  VRBF:
    cost: 310.712
    lifetime: 17.7604
    annual_cost: 17.494651021373393
    efficiency: 0.816122
    discharge_ratio: 0.5
    depth_of_discharge: 1.0
