cost_values:
  wind_capex: 5000.0
  wind_opex: 100
  wind_lifetime: 20
  solar_capex: 1000.0
  solar_opex: 10
  solar_lifetime: 20
  carbon_price: 1.0
timeseries_values:
  load_level: 226834.9427425628
  wind_year: 2015
  solar_year: 2011
  price_year: 2023
  carbon_year: 2023
storage_values:
  CAES:
    cost: 51.5194
    lifetime: 23.9466
    annual_cost: 2.1514285952911893
    efficiency: 0.603303
    discharge_ratio: 0.1
    depth_of_discharge: 0.4
  Li-ion:
    cost: 172.643
    lifetime: 11.213
    annual_cost: 15.396682422188533
    efficiency: 0.895791
    discharge_ratio: 2
    depth_of_discharge: 0.9
  Pb-acid:
    cost: 126.907
    lifetime: 12.07
    annual_cost: 10.514250207125103
    efficiency: 0.696816
    discharge_ratio: 5
    depth_of_discharge: 0.5
  VRBF:
    cost: 350.863
    lifetime: 19.4183
    annual_cost: 18.06867748464078
    efficiency: 0.800576
    discharge_ratio: 0.5
    depth_of_discharge: 1.0
