cost_values:
  wind_capex: 5000.0
  wind_opex: 100
  wind_lifetime: 20
  solar_capex: 1000.0
  solar_opex: 10
  solar_lifetime: 20
  carbon_price: 1.0
timeseries_values:
  load_level: 226834.9427425628
  wind_year: 2015
  solar_year: 2011
  price_year: 2023
  carbon_year: 2023
storage_values:
  CAES:
    cost: 50.0174
    lifetime: 24.6103
    annual_cost: 2.0323766878095757
    efficiency: 0.604371
    discharge_ratio: 0.1
    depth_of_discharge: 0.4
  Li-ion:
    cost: 212.157
    lifetime: 12.5677
    annual_cost: 16.881131790224146
    efficiency: 0.894968
    discharge_ratio: 2
    depth_of_discharge: 0.9
  Pb-acid:
    cost: 121.679
    lifetime: 10.4111
    annual_cost: 11.687429762465062
    efficiency: 0.691087
    discharge_ratio: 5
    depth_of_discharge: 0.5
  VRBF:
    cost: 312.118
    lifetime: 16.9084
    annual_cost: 18.4593456506825
    efficiency: 0.821092
    discharge_ratio: 0.5
    depth_of_discharge: 1.0
