cost_values:
  wind_capex: 5000.0
  wind_opex: 100
  wind_lifetime: 20
  solar_capex: 1000.0
  solar_opex: 10
  solar_lifetime: 20
  carbon_price: 1.0
timeseries_values:
  load_level: 226834.9427425628
  wind_year: 2015
  solar_year: 2011
  price_year: 2023
  carbon_year: 2023
storage_values:
  CAES:
    cost: 47.4048
    lifetime: 23.6466
    annual_cost: 2.004719494557357
    efficiency: 0.591969
    discharge_ratio: 0.1
    depth_of_discharge: 0.4
  Li-ion:
    cost: 200.039
    lifetime: 11.721
    annual_cost: 17.066717856838153
    efficiency: 0.913144
    discharge_ratio: 2
    depth_of_discharge: 0.9
  Pb-acid:
    cost: 114.232
    lifetime: 11.7252
    annual_cost: 9.742435097055914
    efficiency: 0.702489
    discharge_ratio: 5
    depth_of_discharge: 0.5
  VRBF:
    cost: 284.824
    lifetime: 17.3315
    annual_cost: 16.433892046274128
    efficiency: 0.832684
    discharge_ratio: 0.5
    depth_of_discharge: 1.0
