cost_values:
  wind_capex: 5000.0
  wind_opex: 100
  wind_lifetime: 20
  solar_capex: 1000.0
  solar_opex: 10
  solar_lifetime: 20
  carbon_price: 1.0
timeseries_values:
  load_level: 226834.9427425628
  wind_year: 2015
  solar_year: 2011
  price_year: 2023
  carbon_year: 2023
storage_values:
  CAES:
    cost: 52.0264
    lifetime: 23.1693
    annual_cost: 2.2454886422982137
    efficiency: 0.604981
    discharge_ratio: 0.1
    depth_of_discharge: 0.4
  Li-ion:
    cost: 190.521
    lifetime: 13.5245
    annual_cost: 14.087101186735184
    efficiency: 0.89255
    discharge_ratio: 2
    depth_of_discharge: 0.9
  Pb-acid:
    cost: 103.272
    lifetime: 11.8009
    annual_cost: 8.751196942606073
    efficiency: 0.701608
    discharge_ratio: 5
    depth_of_discharge: 0.5
  VRBF:
    cost: 309.615
    lifetime: 16.2403
    annual_cost: 19.06461087541486
    efficiency: 0.812039
    discharge_ratio: 0.5
    depth_of_discharge: 1.0
