cost_values:
  wind_capex: 5000.0
  wind_opex: 100
  wind_lifetime: 20
  solar_capex: 1000.0
  solar_opex: 10
  solar_lifetime: 20
  carbon_price: 1.0
timeseries_values:
  load_level: 226834.9427425628
  wind_year: 2015
  solar_year: 2011
  price_year: 2023
  carbon_year: 2023
storage_values:
  CAES:
    cost: 55.8081
    lifetime: 23.6944
    annual_cost: 2.3553286852589643
    efficiency: 0.588963
    discharge_ratio: 0.1
    depth_of_discharge: 0.4
  Li-ion:
    cost: 185.963
    lifetime: 11.2715
    annual_cost: 16.498513951115644
    efficiency: 0.899318
    discharge_ratio: 2
    depth_of_discharge: 0.9
  Pb-acid:
    cost: 139.663
    lifetime: 12.6937
    annual_cost: 11.002544569353303
    efficiency: 0.699154
    discharge_ratio: 5
    depth_of_discharge: 0.5
  VRBF:
    cost: 305.809
    lifetime: 19.35
    annual_cost: 15.804082687338502
    efficiency: 0.816181
    discharge_ratio: 0.5
    depth_of_discharge: 1.0
