cost_values:
  wind_capex: 5000.0
  wind_opex: 100
  wind_lifetime: 20
  solar_capex: 1000.0
  solar_opex: 10
  solar_lifetime: 20
  carbon_price: 1.0
timeseries_values:
  load_level: 226834.9427425628
  wind_year: 2015
  solar_year: 2011
  price_year: 2023
  carbon_year: 2023
storage_values:
  CAES:
    cost: 49.5849
    lifetime: 25.0792
    annual_cost: 1.9771324444160898
    efficiency: 0.595535
    discharge_ratio: 0.1
    depth_of_discharge: 0.4
  Li-ion:
    cost: 190.992
    lifetime: 11.6906
    annual_cost: 16.337228200434538
    efficiency: 0.892593
    discharge_ratio: 2
    depth_of_discharge: 0.9
  Pb-acid:
    cost: 135.126
    lifetime: 12.8952
    annual_cost: 10.478782802903405
    efficiency: 0.690244
    discharge_ratio: 5
    depth_of_discharge: 0.5
  VRBF:
    cost: 325.754
    lifetime: 15.9328
    annual_cost: 20.445496083550914
    efficiency: 0.827527
    discharge_ratio: 0.5
    depth_of_discharge: 1.0
