cost_values:
  wind_capex: 5000.0
  wind_opex: 100
  wind_lifetime: 20
  solar_capex: 1000.0
  solar_opex: 10
  solar_lifetime: 20
  carbon_price: 1.0
timeseries_values:
  load_level: 226834.9427425628
  wind_year: 2015
  solar_year: 2011
  price_year: 2023
  carbon_year: 2023
storage_values:
  CAES:
    cost: 49.0046
    lifetime: 23.1535
    annual_cost: 2.1165093830306434
    efficiency: 0.605005
    discharge_ratio: 0.1
    depth_of_discharge: 0.4
  Li-ion:
    cost: 182.237
    lifetime: 13.6889
    annual_cost: 13.312757051333561
    efficiency: 0.907535
    discharge_ratio: 2
    depth_of_discharge: 0.9
  Pb-acid:
    cost: 120.744
    lifetime: 10.6803
    annual_cost: 11.305300412909748
    efficiency: 0.70067
    discharge_ratio: 5
    depth_of_discharge: 0.5
  VRBF:
    cost: 321.307
    lifetime: 17.8623
    annual_cost: 17.98799706644721
    efficiency: 0.817888
    discharge_ratio: 0.5
    depth_of_discharge: 1.0
