cost_values:
  wind_capex: 5000.0
  wind_opex: 100
  wind_lifetime: 20
  solar_capex: 1000.0
  solar_opex: 10
  solar_lifetime: 20
  carbon_price: 1.0
timeseries_values:
  load_level: 226834.9427425628
  wind_year: 2015
  solar_year: 2011
  price_year: 2023
  carbon_year: 2023
storage_values:
  CAES:
    cost: 48.4021
    lifetime: 24.9682
    annual_cost: 1.9385498353906168
    efficiency: 0.596754
    discharge_ratio: 0.1
    depth_of_discharge: 0.4
  Li-ion:
    cost: 200.697
    lifetime: 14.1463
    annual_cost: 14.18724330743728
    efficiency: 0.896876
    discharge_ratio: 2
    depth_of_discharge: 0.9
  Pb-acid:
    cost: 125.655
    lifetime: 12.4916
    annual_cost: 10.0591597553556
    efficiency: 0.696213
    discharge_ratio: 5
    depth_of_discharge: 0.5
  VRBF:
    cost: 336.371
    lifetime: 17.2038
    annual_cost: 19.552133830897823
    efficiency: 0.813869
    discharge_ratio: 0.5
    depth_of_discharge: 1.0
