cost_values:
  wind_capex: 5000.0
  wind_opex: 100
  wind_lifetime: 20
  solar_capex: 1000.0
  solar_opex: 10
  solar_lifetime: 20
  carbon_price: 1.0
timeseries_values:
  load_level: 226834.9427425628
  wind_year: 2015
  solar_year: 2011
  price_year: 2023
  carbon_year: 2023
storage_values:
  CAES:
    cost: 57.8905
    lifetime: 23.2679
    annual_cost: 2.4879984871862093
    efficiency: 0.595722
    discharge_ratio: 0.1
    depth_of_discharge: 0.4
  Li-ion:
    cost: 193.45
    lifetime: 14.2279
    annual_cost: 13.59652513723037
    efficiency: 0.902137
    discharge_ratio: 2
    depth_of_discharge: 0.9
  Pb-acid:
    cost: 104.721
    lifetime: 12.6791
    annual_cost: 8.259340173987113
    efficiency: 0.706007
    discharge_ratio: 5
    depth_of_discharge: 0.5
  VRBF:
    cost: 310.973
    lifetime: 15.2596
    annual_cost: 20.378843482135835
    efficiency: 0.813232
    discharge_ratio: 0.5
    depth_of_discharge: 1.0
