cost_values:
  wind_capex: 5000.0
  wind_opex: 100
  wind_lifetime: 20
  solar_capex: 1000.0
  solar_opex: 10
  solar_lifetime: 20
  carbon_price: 1.0
timeseries_values:
  load_level: 226834.9427425628
  wind_year: 2015
  solar_year: 2011
  price_year: 2023
  carbon_year: 2023
storage_values:
  CAES:
    cost: 49.3291
    lifetime: 23.6764
    annual_cost: 2.0834713047591693
    efficiency: 0.589194
    discharge_ratio: 0.1
    depth_of_discharge: 0.4
  Li-ion:
    cost: 206.706
    lifetime: 10.4739
    annual_cost: 19.73534213616704
    efficiency: 0.914445
    discharge_ratio: 2
    depth_of_discharge: 0.9
  Pb-acid:
    cost: 106.494
    lifetime: 12.5368
    annual_cost: 8.494512156212112
    efficiency: 0.707901
    discharge_ratio: 5
    depth_of_discharge: 0.5
  VRBF:
    cost: 357.387
    lifetime: 18.1178
    annual_cost: 19.725739328174505
    efficiency: 0.818785
    discharge_ratio: 0.5
    depth_of_discharge: 1.0
