cost_values:
  wind_capex: 5000.0
  wind_opex: 100
  wind_lifetime: 20
  solar_capex: 1000.0
  solar_opex: 10
  solar_lifetime: 20
  carbon_price: 1.0
timeseries_values:
  load_level: 226834.9427425628
  wind_year: 2015
  solar_year: 2011
  price_year: 2023
  carbon_year: 2023
storage_values:
  CAES:
    cost: 50.9411
    lifetime: 24.1358
    annual_cost: 2.1106033361231034
    efficiency: 0.599252
    discharge_ratio: 0.1
    depth_of_discharge: 0.4
  Li-ion:
    cost: 163.731
    lifetime: 11.6003
    annual_cost: 14.114376352335714
    efficiency: 0.891255
    discharge_ratio: 2
    depth_of_discharge: 0.9
  Pb-acid:
    cost: 124.729
    lifetime: 12.7652
    annual_cost: 9.771018080406105
    efficiency: 0.687202
    discharge_ratio: 5
    depth_of_discharge: 0.5
  VRBF:
    cost: 359.972
    lifetime: 18.7911
    annual_cost: 19.156515584505428
    efficiency: 0.799683
    discharge_ratio: 0.5
    depth_of_discharge: 1.0
