cost_values:
  wind_capex: 5000.0
  wind_opex: 100
  wind_lifetime: 20
  solar_capex: 1000.0
  solar_opex: 10
  solar_lifetime: 20
  carbon_price: 1.0
timeseries_values:
  load_level: 226834.9427425628
  wind_year: 2015
  solar_year: 2011
  price_year: 2023
  carbon_year: 2023
storage_values:
  CAES:
    cost: 49.249
    lifetime: 25.2602
    annual_cost: 1.9496678569449173
    efficiency: 0.593401
    discharge_ratio: 0.1
    depth_of_discharge: 0.4
  Li-ion:
    cost: 203.554
    lifetime: 13.2403
    annual_cost: 15.373820834875344
    efficiency: 0.890015
    discharge_ratio: 2
    depth_of_discharge: 0.9
  Pb-acid:
    cost: 103.246
    lifetime: 11.5149
    annual_cost: 8.966295842777617
    efficiency: 0.713052
    discharge_ratio: 5
    depth_of_discharge: 0.5
  VRBF:
    cost: 330.1
    lifetime: 17.1859
    annual_cost: 19.20760623534409
    efficiency: 0.810976
    discharge_ratio: 0.5
    depth_of_discharge: 1.0
