cost_values:
  wind_capex: 5000.0
  wind_opex: 100
  wind_lifetime: 20
  solar_capex: 1000.0
  solar_opex: 10
  solar_lifetime: 20
  carbon_price: 1.0
timeseries_values:
  load_level: 226834.9427425628
  wind_year: 2015
  solar_year: 2011
  price_year: 2023
  carbon_year: 2023
storage_values:
  CAES:
    cost: 50.0703
    lifetime: 24.3087
    annual_cost: 2.0597687247775487
    efficiency: 0.598657
    discharge_ratio: 0.1
    depth_of_discharge: 0.4
  Li-ion:
    cost: 208.1
    lifetime: 12.7064
    annual_cost: 16.377573506264557
    efficiency: 0.902753
    discharge_ratio: 2
    depth_of_discharge: 0.9
  Pb-acid:
    cost: 119.817
    lifetime: 10.9893
    annual_cost: 10.903060249515438
    efficiency: 0.693167
    discharge_ratio: 5
    depth_of_discharge: 0.5
  VRBF:
    cost: 306.264
    lifetime: 17.8547
    annual_cost: 17.153130548259
    efficiency: 0.813362
    discharge_ratio: 0.5
    depth_of_discharge: 1.0
