cost_values:
  wind_capex: 5000.0
  wind_opex: 100
  wind_lifetime: 20
  solar_capex: 1000.0
  solar_opex: 10
  solar_lifetime: 20
  carbon_price: 1.0
timeseries_values:
  load_level: 226834.9427425628
  wind_year: 2015
  solar_year: 2011
  price_year: 2023
  carbon_year: 2023
storage_values:
  CAES:
    cost: 53.8326
    lifetime: 24.6342
    annual_cost: 2.1852790023625692
    efficiency: 0.592133
    discharge_ratio: 0.1
    depth_of_discharge: 0.4
  Li-ion:
    cost: 175.955
    lifetime: 14.3735
    annual_cost: 12.241625213065712
    efficiency: 0.919063
    discharge_ratio: 2
    depth_of_discharge: 0.9
  Pb-acid:
    cost: 117.43
    lifetime: 12.5916
    annual_cost: 9.32605864226945
    efficiency: 0.68208
    discharge_ratio: 5
    depth_of_discharge: 0.5
  VRBF:
    cost: 333.927
    lifetime: 16.0224
    annual_cost: 20.841259736369082
    efficiency: 0.805835
    discharge_ratio: 0.5
    depth_of_discharge: 1.0
