cost_values:
  wind_capex: 5000.0
  wind_opex: 100
  wind_lifetime: 20
  solar_capex: 1000.0
  solar_opex: 10
  solar_lifetime: 20
  carbon_price: 1.0
timeseries_values:
  load_level: 226834.9427425628
  wind_year: 2015
  solar_year: 2011
  price_year: 2023
  carbon_year: 2023
storage_values:
  CAES:
    cost: 53.3813
    lifetime: 24.0648
    annual_cost: 2.2182316079917554
    efficiency: 0.600643
    discharge_ratio: 0.1
    depth_of_discharge: 0.4
  Li-ion:
    cost: 210.354
    lifetime: 12.7496
    annual_cost: 16.49887055280166
    efficiency: 0.897035
    discharge_ratio: 2
    depth_of_discharge: 0.9
  Pb-acid:
    cost: 119.881
    lifetime: 11.6085
    annual_cost: 10.327001765947367
    efficiency: 0.693844
    discharge_ratio: 5
    depth_of_discharge: 0.5
  VRBF:
    cost: 304.455
    lifetime: 17.2191
    annual_cost: 17.681237695349928
    efficiency: 0.824771
    discharge_ratio: 0.5
    depth_of_discharge: 1.0
