cost_values:
  wind_capex: 5000.0
  wind_opex: 100
  wind_lifetime: 20
  solar_capex: 1000.0
  solar_opex: 10
  solar_lifetime: 20
  carbon_price: 1.0
timeseries_values:
  load_level: 226834.9427425628
  wind_year: 2015
  solar_year: 2011
  price_year: 2023
  carbon_year: 2023
storage_values:
  CAES:
    cost: 52.7563
    lifetime: 24.439
    annual_cost: 2.158693072547977
    efficiency: 0.601977
    discharge_ratio: 0.1
    depth_of_discharge: 0.4
  Li-ion:
    cost: 175.212
    lifetime: 15.0105
    annual_cost: 11.672629159588286
    efficiency: 0.893267
    discharge_ratio: 2
    depth_of_discharge: 0.9
  Pb-acid:
    cost: 111.199
    lifetime: 12.6052
    annual_cost: 8.821676768317836
    efficiency: 0.678748
    discharge_ratio: 5
    depth_of_discharge: 0.5
  VRBF:
    cost: 325.566
    lifetime: 17.4139
    annual_cost: 18.695754540912716
    efficiency: 0.808386
    discharge_ratio: 0.5
    depth_of_discharge: 1.0
