cost_values:
  wind_capex: 5000.0
  wind_opex: 100
  wind_lifetime: 20
  solar_capex: 1000.0
  solar_opex: 10
  solar_lifetime: 20
  carbon_price: 1.0
timeseries_values:
  load_level: 226834.9427425628
  wind_year: 2015
  solar_year: 2011
  price_year: 2023
  carbon_year: 2023
storage_values:
  CAES:
    cost: 46.8926
    lifetime: 25.2221
    annual_cost: 1.8591869828444103
    efficiency: 0.595978
    discharge_ratio: 0.1
    depth_of_discharge: 0.4
  Li-ion:
    cost: 180.813
    lifetime: 12.385
    annual_cost: 14.599354057327412
    efficiency: 0.896375
    discharge_ratio: 2
    depth_of_discharge: 0.9
  Pb-acid:
    cost: 132.283
    lifetime: 13.5651
    annual_cost: 9.75171580010468
    efficiency: 0.706044
    discharge_ratio: 5
    depth_of_discharge: 0.5
  VRBF:
    cost: 325.131
    lifetime: 16.0909
    annual_cost: 20.205892771690827
    efficiency: 0.806341
    discharge_ratio: 0.5
    depth_of_discharge: 1.0
