cost_values:
  wind_capex: 5000.0
  wind_opex: 100
  wind_lifetime: 20
  solar_capex: 1000.0
  solar_opex: 10
  solar_lifetime: 20
  carbon_price: 1.0
timeseries_values:
  load_level: 226834.9427425628
  wind_year: 2015
  solar_year: 2011
  price_year: 2023
  carbon_year: 2023
storage_values:
  CAES:
    cost: 55.0992
    lifetime: 23.7847
    annual_cost: 2.316581668047106
    efficiency: 0.596267
    discharge_ratio: 0.1
    depth_of_discharge: 0.4
  Li-ion:
    cost: 173.233
    lifetime: 13.4291
    annual_cost: 12.899822028281866
    efficiency: 0.88644
    discharge_ratio: 2
    depth_of_discharge: 0.9
  Pb-acid:
    cost: 108.069
    lifetime: 11.7558
    annual_cost: 9.192823967743582
    efficiency: 0.691593
    discharge_ratio: 5
    depth_of_discharge: 0.5
  VRBF:
    cost: 337.327
    lifetime: 19.8341
    annual_cost: 17.007426603677505
    efficiency: 0.823245
    discharge_ratio: 0.5
    depth_of_discharge: 1.0
