cost_values:
  wind_capex: 5000.0
  wind_opex: 100
  wind_lifetime: 20
  solar_capex: 1000.0
  solar_opex: 10
  solar_lifetime: 20
  carbon_price: 1.0
timeseries_values:
  load_level: 226834.9427425628
  wind_year: 2015
  solar_year: 2011
  price_year: 2023
  carbon_year: 2023
storage_values:
  CAES:
    cost: 53.2927
    lifetime: 24.5765
    annual_cost: 2.1684413972697496
    efficiency: 0.594702
    discharge_ratio: 0.1
    depth_of_discharge: 0.4
  Li-ion:
    cost: 174.06
    lifetime: 12.9613
    annual_cost: 13.429208489889133
    efficiency: 0.886579
    discharge_ratio: 2
    depth_of_discharge: 0.9
  Pb-acid:
    cost: 102.207
    lifetime: 12.3833
    annual_cost: 8.253615756704594
    efficiency: 0.705886
    discharge_ratio: 5
    depth_of_discharge: 0.5
  VRBF:
    cost: 291.085
    lifetime: 16.2475
    annual_cost: 17.915679335282352
    efficiency: 0.80955
    discharge_ratio: 0.5
    depth_of_discharge: 1.0
