cost_values:
  wind_capex: 5000.0
  wind_opex: 100
  wind_lifetime: 20
  solar_capex: 1000.0
  solar_opex: 10
  solar_lifetime: 20
  carbon_price: 1.0
timeseries_values:
  load_level: 226834.9427425628
  wind_year: 2015
  solar_year: 2011
  price_year: 2023
  carbon_year: 2023
storage_values:
  CAES:
    cost: 54.4146
    lifetime: 24.5648
    annual_cost: 2.215145248485638
    efficiency: 0.599195
    discharge_ratio: 0.1
    depth_of_discharge: 0.4
  Li-ion:
    cost: 154.173
    lifetime: 12.6424
    annual_cost: 12.19491552236917
    efficiency: 0.905819
    discharge_ratio: 2
    depth_of_discharge: 0.9
  Pb-acid:
    cost: 138.231
    lifetime: 12.5238
    annual_cost: 11.037464667273511
    efficiency: 0.699934
    discharge_ratio: 5
    depth_of_discharge: 0.5
  VRBF:
    cost: 373.958
    lifetime: 18.4011
    annual_cost: 20.322589410415684
    efficiency: 0.816153
    discharge_ratio: 0.5
    depth_of_discharge: 1.0
