cost_values:
  wind_capex: 5000.0
  wind_opex: 100
  wind_lifetime: 20
  solar_capex: 1000.0
  solar_opex: 10
  solar_lifetime: 20
  carbon_price: 1.0
timeseries_values:
  load_level: 226834.9427425628
  wind_year: 2015
  solar_year: 2011
  price_year: 2023
  carbon_year: 2023
storage_values:
  CAES:
    cost: 46.6422
    lifetime: 23.574
    annual_cost: 1.978544158819038
    efficiency: 0.595629
    discharge_ratio: 0.1
    depth_of_discharge: 0.4
  Li-ion:
    cost: 187.382
    lifetime: 11.7914
    annual_cost: 15.89141238529776
    efficiency: 0.907812
    discharge_ratio: 2
    depth_of_discharge: 0.9
  Pb-acid:
    cost: 104.728
    lifetime: 11.2557
    annual_cost: 9.304441305294207
    efficiency: 0.709103
    discharge_ratio: 5
    depth_of_discharge: 0.5
  VRBF:
    cost: 328.038
    lifetime: 14.2815
    annual_cost: 22.969435983615167
    efficiency: 0.81461
    discharge_ratio: 0.5
    depth_of_discharge: 1.0
