cost_values:
  wind_capex: 5000.0
  wind_opex: 100
  wind_lifetime: 20
  solar_capex: 1000.0
  solar_opex: 10
  solar_lifetime: 20
  carbon_price: 1.0
timeseries_values:
  load_level: 226834.9427425628
  wind_year: 2015
  solar_year: 2011
  price_year: 2023
  carbon_year: 2023
storage_values:
  CAES:
    cost: 49.5838
    lifetime: 24.5784
    annual_cost: 2.0173729778992935
    efficiency: 0.598593
    discharge_ratio: 0.1
    depth_of_discharge: 0.4
  Li-ion:
    cost: 192.501
    lifetime: 10.604
    annual_cost: 18.15362127499057
    efficiency: 0.894609
    discharge_ratio: 2
    depth_of_discharge: 0.9
  Pb-acid:
    cost: 135.975
    lifetime: 11.6291
    annual_cost: 11.692650334075724
    efficiency: 0.675176
    discharge_ratio: 5
    depth_of_discharge: 0.5
  VRBF:
    cost: 312.553
    lifetime: 16.3532
    annual_cost: 19.112650735024335
    efficiency: 0.836289
    discharge_ratio: 0.5
    depth_of_discharge: 1.0
