cost_values:
  wind_capex: 5000.0
  wind_opex: 100
  wind_lifetime: 20
  solar_capex: 1000.0
  solar_opex: 10
  solar_lifetime: 20
  carbon_price: 1.0
timeseries_values:
  load_level: 226834.9427425628
  wind_year: 2015
  solar_year: 2011
  price_year: 2023
  carbon_year: 2023
storage_values:
  CAES:
    cost: 55.5378
    lifetime: 23.7061
    annual_cost: 2.3427640986918976
    efficiency: 0.5979
    discharge_ratio: 0.1
    depth_of_discharge: 0.4
  Li-ion:
    cost: 191.894
    lifetime: 13.5705
    annual_cost: 14.140525404369773
    efficiency: 0.89839
    discharge_ratio: 2
    depth_of_discharge: 0.9
  Pb-acid:
    cost: 131.872
    lifetime: 11.7666
    annual_cost: 11.20731562218483
    efficiency: 0.709303
    discharge_ratio: 5
    depth_of_discharge: 0.5
  VRBF:
    cost: 316.242
    lifetime: 18.5779
    annual_cost: 17.02248370375554
    efficiency: 0.812039
    discharge_ratio: 0.5
    depth_of_discharge: 1.0
