cost_values:
  wind_capex: 5000.0
  wind_opex: 100
  wind_lifetime: 20
  solar_capex: 1000.0
  solar_opex: 10
  solar_lifetime: 20
  carbon_price: 1.0
timeseries_values:
  load_level: 226834.9427425628
  wind_year: 2015
  solar_year: 2011
  price_year: 2023
  carbon_year: 2023
storage_values:
  CAES:
    cost: 55.0022
    lifetime: 24.5637
    annual_cost: 2.2391659237004196
    efficiency: 0.606464
    discharge_ratio: 0.1
    depth_of_discharge: 0.4
  Li-ion:
    cost: 183.847
    lifetime: 14.0745
    annual_cost: 13.06241784788092
    efficiency: 0.905282
    discharge_ratio: 2
    depth_of_discharge: 0.9
  Pb-acid:
    cost: 109.863
    lifetime: 10.8452
    annual_cost: 10.130103640320142
    efficiency: 0.694342
    discharge_ratio: 5
    depth_of_discharge: 0.5
  VRBF:
    cost: 315.049
    lifetime: 19.1338
    annual_cost: 16.46557401038999
    efficiency: 0.815633
    discharge_ratio: 0.5
    depth_of_discharge: 1.0
