cost_values:
  wind_capex: 5000.0
  wind_opex: 100
  wind_lifetime: 20
  solar_capex: 1000.0
  solar_opex: 10
  solar_lifetime: 20
  carbon_price: 1.0
timeseries_values:
  load_level: 226834.9427425628
  wind_year: 2015
  solar_year: 2011
  price_year: 2023
  carbon_year: 2023
storage_values:
  CAES:
    cost: 51.1775
    lifetime: 23.9828
    annual_cost: 2.133925146354888
    efficiency: 0.599988
    discharge_ratio: 0.1
    depth_of_discharge: 0.4
  Li-ion:
    cost: 166.446
    lifetime: 10.8141
    annual_cost: 15.39157211418426
    efficiency: 0.893788
    discharge_ratio: 2
    depth_of_discharge: 0.9
  Pb-acid:
    cost: 122.138
    lifetime: 9.99419
    annual_cost: 12.220900343099341
    efficiency: 0.70692
    discharge_ratio: 5
    depth_of_discharge: 0.5
  VRBF:
    cost: 334.435
    lifetime: 17.9222
    annual_cost: 18.660376516275903
    efficiency: 0.826632
    discharge_ratio: 0.5
    depth_of_discharge: 1.0
