cost_values:
  wind_capex: 5000.0
  wind_opex: 100
  wind_lifetime: 20
  solar_capex: 1000.0
  solar_opex: 10
  solar_lifetime: 20
  carbon_price: 1.0
timeseries_values:
  load_level: 226834.9427425628
  wind_year: 2015
  solar_year: 2011
  price_year: 2023
  carbon_year: 2023
storage_values:
  CAES:
    cost: 48.5985
    lifetime: 23.2891
    annual_cost: 2.0867487365333997
    efficiency: 0.599001
    discharge_ratio: 0.1
    depth_of_discharge: 0.4
  Li-ion:
    cost: 169.012
    lifetime: 13.0701
    annual_cost: 12.931194099509568
    efficiency: 0.905153
    discharge_ratio: 2
    depth_of_discharge: 0.9
  Pb-acid:
    cost: 115.637
    lifetime: 13.0695
    annual_cost: 8.847851868854969
    efficiency: 0.701909
    discharge_ratio: 5
    depth_of_discharge: 0.5
  VRBF:
    cost: 309.332
    lifetime: 15.9512
    annual_cost: 19.392396810271325
    efficiency: 0.795991
    discharge_ratio: 0.5
    depth_of_discharge: 1.0
