cost_values:
  wind_capex: 5000.0
  wind_opex: 100
  wind_lifetime: 20
  solar_capex: 1000.0
  solar_opex: 10
  solar_lifetime: 20
  carbon_price: 1.0
timeseries_values:
  load_level: 226834.9427425628
  wind_year: 2015
  solar_year: 2011
  price_year: 2023
  carbon_year: 2023
storage_values:
  CAES:
    cost: 58.0301
    lifetime: 25.0219
    annual_cost: 2.3191724049732434
    efficiency: 0.594462
    discharge_ratio: 0.1
    depth_of_discharge: 0.4
  Li-ion:
    cost: 161.603
    lifetime: 13.27
    annual_cost: 12.17807083647325
    efficiency: 0.882173
    discharge_ratio: 2
    depth_of_discharge: 0.9
  Pb-acid:
    cost: 130.23
    lifetime: 13.3976
    annual_cost: 9.720397683167134
    efficiency: 0.691783
    discharge_ratio: 5
    depth_of_discharge: 0.5
  VRBF:
    cost: 296.633
    lifetime: 17.41
    annual_cost: 17.038081562320503
    efficiency: 0.808474
    discharge_ratio: 0.5
    depth_of_discharge: 1.0
