cost_values:
  wind_capex: 5000.0
  wind_opex: 100
  wind_lifetime: 20
  solar_capex: 1000.0
  solar_opex: 10
  solar_lifetime: 20
  carbon_price: 1.0
timeseries_values:
  load_level: 226834.9427425628
  wind_year: 2015
  solar_year: 2011
  price_year: 2023
  carbon_year: 2023
storage_values:
  CAES:
    cost: 55.3118
    lifetime: 23.0906
    annual_cost: 2.3954249781296286
    efficiency: 0.588084
    discharge_ratio: 0.1
    depth_of_discharge: 0.4
  Li-ion:
    cost: 179.344
    lifetime: 13.3974
    annual_cost: 13.38647797333811
    efficiency: 0.89794
    discharge_ratio: 2
    depth_of_discharge: 0.9
  Pb-acid:
    cost: 126.748
    lifetime: 11.9424
    annual_cost: 10.613277063236872
    efficiency: 0.710263
    discharge_ratio: 5
    depth_of_discharge: 0.5
  VRBF:
    cost: 294.257
    lifetime: 19.5011
    annual_cost: 15.08925137556343
    efficiency: 0.823392
    discharge_ratio: 0.5
    depth_of_discharge: 1.0
