cost_values:
  wind_capex: 5000.0
  wind_opex: 100
  wind_lifetime: 20
  solar_capex: 1000.0
  solar_opex: 10
  solar_lifetime: 20
  carbon_price: 1.0
timeseries_values:
  load_level: 226834.9427425628
  wind_year: 2015
  solar_year: 2011
  price_year: 2023
  carbon_year: 2023
storage_values:
  CAES:
    cost: 49.5565
    lifetime: 23.9722
    annual_cost: 2.0672487297786604
    efficiency: 0.583163
    discharge_ratio: 0.1
    depth_of_discharge: 0.4
  Li-ion:
    cost: 186.408
    lifetime: 12.1629
    annual_cost: 15.325950225686306
    efficiency: 0.897601
    discharge_ratio: 2
    depth_of_discharge: 0.9
  Pb-acid:
    cost: 115.948
    lifetime: 11.8553
    annual_cost: 9.780267053554105
    efficiency: 0.706981
    discharge_ratio: 5
    depth_of_discharge: 0.5
  VRBF:
    cost: 334.423
    lifetime: 14.4288
    annual_cost: 23.177464515413615
    efficiency: 0.803971
    discharge_ratio: 0.5
    depth_of_discharge: 1.0
