cost_values:
  wind_capex: 5000.0
  wind_opex: 100
  wind_lifetime: 20
  solar_capex: 1000.0
  solar_opex: 10
  solar_lifetime: 20
  carbon_price: 1.0
timeseries_values:
  load_level: 226834.9427425628
  wind_year: 2015
  solar_year: 2011
  price_year: 2023
  carbon_year: 2023
storage_values:
  CAES:
    cost: 43.8787
    lifetime: 24.6878
    annual_cost: 1.7773434651933344
    efficiency: 0.596849
    discharge_ratio: 0.1
    depth_of_discharge: 0.4
  Li-ion:
    cost: 183.189
    lifetime: 14.8623
    annual_cost: 12.325750388567046
    efficiency: 0.884444
    discharge_ratio: 2
    depth_of_discharge: 0.9
  Pb-acid:
    cost: 110.524
    lifetime: 12.7943
    annual_cost: 8.638534347326544
    efficiency: 0.69422
    discharge_ratio: 5
    depth_of_discharge: 0.5
  VRBF:
    cost: 340.742
    lifetime: 19.1023
    annual_cost: 17.837747286975915
    efficiency: 0.824872
    discharge_ratio: 0.5
    depth_of_discharge: 1.0
