cost_values:
  wind_capex: 5000.0
  wind_opex: 100
  wind_lifetime: 20
  solar_capex: 1000.0
  solar_opex: 10
  solar_lifetime: 20
  carbon_price: 1.0
timeseries_values:
  load_level: 226834.9427425628
  wind_year: 2015
  solar_year: 2011
  price_year: 2023
  carbon_year: 2023
storage_values:
  CAES:
    cost: 46.3685
    lifetime: 23.8486
    annual_cost: 1.9442860377548365
    efficiency: 0.597567
    discharge_ratio: 0.1
    depth_of_discharge: 0.4
  Li-ion:
    cost: 168.844
    lifetime: 14.6517
    annual_cost: 11.523850474688944
    efficiency: 0.905473
    discharge_ratio: 2
    depth_of_discharge: 0.9
  Pb-acid:
    cost: 107.998
    lifetime: 11.1688
    annual_cost: 9.669615357066114
    efficiency: 0.694934
    discharge_ratio: 5
    depth_of_discharge: 0.5
  VRBF:
    cost: 308.017
    lifetime: 17.1996
    annual_cost: 17.908381590269542
    efficiency: 0.810522
    discharge_ratio: 0.5
    depth_of_discharge: 1.0
