cost_values:
  wind_capex: 5000.0
  wind_opex: 100
  wind_lifetime: 20
  solar_capex: 1000.0
  solar_opex: 10
  solar_lifetime: 20
  carbon_price: 1.0
timeseries_values:
  load_level: 226834.9427425628
  wind_year: 2015
  solar_year: 2011
  price_year: 2023
  carbon_year: 2023
storage_values:
  CAES:
    cost: 52.3462
    lifetime: 24.7605
    annual_cost: 2.114101088427132
    efficiency: 0.600511
    discharge_ratio: 0.1
    depth_of_discharge: 0.4
  Li-ion:
    cost: 192.91
    lifetime: 14.081
    annual_cost: 13.700021305305022
    efficiency: 0.894594
    discharge_ratio: 2
    depth_of_discharge: 0.9
  Pb-acid:
    cost: 132.056
    lifetime: 10.6815
    annual_cost: 12.363057622993027
    efficiency: 0.709488
    discharge_ratio: 5
    depth_of_discharge: 0.5
  VRBF:
    cost: 339.9
    lifetime: 16.1722
    annual_cost: 21.01754863283907
    efficiency: 0.804711
    discharge_ratio: 0.5
    depth_of_discharge: 1.0
