cost_values:
  wind_capex: 5000.0
  wind_opex: 100
  wind_lifetime: 20
  solar_capex: 1000.0
  solar_opex: 10
  solar_lifetime: 20
  carbon_price: 1.0
timeseries_values:
  load_level: 226834.9427425628
  wind_year: 2015
  solar_year: 2011
  price_year: 2023
  carbon_year: 2023
storage_values:
  CAES:
    cost: 59.7669
    lifetime: 23.4227
    annual_cost: 2.551665691828867
    efficiency: 0.589683
    discharge_ratio: 0.1
    depth_of_discharge: 0.4
  Li-ion:
    cost: 180.586
    lifetime: 13.5996
    annual_cost: 13.278772905085445
    efficiency: 0.894687
    discharge_ratio: 2
    depth_of_discharge: 0.9
  Pb-acid:
    cost: 102.149
    lifetime: 12.3035
    annual_cost: 8.302434266672085
    efficiency: 0.689403
    discharge_ratio: 5
    depth_of_discharge: 0.5
  VRBF:
    cost: 356.69
    lifetime: 17.8787
    annual_cost: 19.950555689172035
    efficiency: 0.844858
    discharge_ratio: 0.5
    depth_of_discharge: 1.0
