cost_values:
  wind_capex: 5000.0
  wind_opex: 100
  wind_lifetime: 20
  solar_capex: 1000.0
  solar_opex: 10
  solar_lifetime: 20
  carbon_price: 1.0
timeseries_values:
  load_level: 226834.9427425628
  wind_year: 2015
  solar_year: 2011
  price_year: 2023
  carbon_year: 2023
storage_values:
  CAES:
    cost: 55.3568
    lifetime: 23.8918
    annual_cost: 2.3169790472044802
    efficiency: 0.595833
    discharge_ratio: 0.1
    depth_of_discharge: 0.4
  Li-ion:
    cost: 152.973
    lifetime: 11.0063
    annual_cost: 13.898676212714538
    efficiency: 0.88993
    discharge_ratio: 2
    depth_of_discharge: 0.9
  Pb-acid:
    cost: 99.6914
    lifetime: 10.9102
    annual_cost: 9.137449359315136
    efficiency: 0.700511
    discharge_ratio: 5
    depth_of_discharge: 0.5
  VRBF:
    cost: 334.126
    lifetime: 17.2068
    annual_cost: 19.418253248715622
    efficiency: 0.828673
    discharge_ratio: 0.5
    depth_of_discharge: 1.0
