cost_values:
  wind_capex: 5000.0
  wind_opex: 100
  wind_lifetime: 20
  solar_capex: 1000.0
  solar_opex: 10
  solar_lifetime: 20
  carbon_price: 1.0
timeseries_values:
  load_level: 226834.9427425628
  wind_year: 2015
  solar_year: 2011
  price_year: 2023
  carbon_year: 2023
storage_values:
  CAES:
    cost: 52.3009
    lifetime: 23.5385
    annual_cost: 2.2219300295260958
    efficiency: 0.597594
    discharge_ratio: 0.1
    depth_of_discharge: 0.4
  Li-ion:
    cost: 186.369
    lifetime: 12.8263
    annual_cost: 14.530223057311929
    efficiency: 0.901402
    discharge_ratio: 2
    depth_of_discharge: 0.9
  Pb-acid:
    cost: 103.232
    lifetime: 13.1633
    annual_cost: 7.842410337833218
    efficiency: 0.705322
    discharge_ratio: 5
    depth_of_discharge: 0.5
  VRBF:
    cost: 345.047
    lifetime: 17.5071
    annual_cost: 19.708975215769602
    efficiency: 0.816324
    discharge_ratio: 0.5
    depth_of_discharge: 1.0
