cost_values:
  wind_capex: 5000.0
  wind_opex: 100
  wind_lifetime: 20
  solar_capex: 1000.0
  solar_opex: 10
  solar_lifetime: 20
  carbon_price: 1.0
timeseries_values:
  load_level: 226834.9427425628
  wind_year: 2015
  solar_year: 2011
  price_year: 2023
  carbon_year: 2023
storage_values:
  CAES:
    cost: 49.7663
    lifetime: 24.4692
    annual_cost: 2.033834371372991
    efficiency: 0.590045
    discharge_ratio: 0.1
    depth_of_discharge: 0.4
  Li-ion:
    cost: 175.446
    lifetime: 11.2445
    annual_cost: 15.602828049268531
    efficiency: 0.899273
    discharge_ratio: 2
    depth_of_discharge: 0.9
  Pb-acid:
    cost: 115.934
    lifetime: 11.5081
    annual_cost: 10.074121705581286
    efficiency: 0.699918
    discharge_ratio: 5
    depth_of_discharge: 0.5
  VRBF:
    cost: 288.137
    lifetime: 17.5722
    annual_cost: 16.397320768031324
    efficiency: 0.814684
    discharge_ratio: 0.5
    depth_of_discharge: 1.0
