cost_values:
  wind_capex: 5000.0
  wind_opex: 100
  wind_lifetime: 20
  solar_capex: 1000.0
  solar_opex: 10
  solar_lifetime: 20
  carbon_price: 1.0
timeseries_values:
  load_level: 226834.9427425628
  wind_year: 2015
  solar_year: 2011
  price_year: 2023
  carbon_year: 2023
storage_values:
  CAES:
    cost: 56.0017
    lifetime: 23.7508
    annual_cost: 2.3578868922309986
    efficiency: 0.600781
    discharge_ratio: 0.1
    depth_of_discharge: 0.4
  Li-ion:
    cost: 180.121
    lifetime: 12.8861
    annual_cost: 13.977929707203886
    efficiency: 0.891862
    discharge_ratio: 2
    depth_of_discharge: 0.9
  Pb-acid:
    cost: 121.297
    lifetime: 12.0259
    annual_cost: 10.086313706250674
    efficiency: 0.70273
    discharge_ratio: 5
    depth_of_discharge: 0.5
  VRBF:
    cost: 343.621
    lifetime: 16.6618
    annual_cost: 20.623281998343515
    efficiency: 0.817611
    discharge_ratio: 0.5
    depth_of_discharge: 1.0
