cost_values:
  wind_capex: 5000.0
  wind_opex: 100
  wind_lifetime: 20
  solar_capex: 1000.0
  solar_opex: 10
  solar_lifetime: 20
  carbon_price: 1.0
timeseries_values:
  load_level: 235626.6083122505
  wind_year: 2015
  solar_year: 2011
  price_year: 2023
  carbon_year: 2023
storage_values:
  CAES:
    cost: 52.4689
    lifetime: 25.4238
    annual_cost: 2.06377095477466
    efficiency: 0.584963
    discharge_ratio: 0.1
    depth_of_discharge: 0.4
  Li-ion:
    cost: 143.745
    lifetime: 17.9603
    annual_cost: 8.003485465164836
    efficiency: 0.917124
    discharge_ratio: 2
    depth_of_discharge: 0.9
  Pb-acid:
    cost: 153.887
    lifetime: 8.55539
    annual_cost: 17.98714027063641
    efficiency: 0.667451
    discharge_ratio: 5
    depth_of_discharge: 0.5
  VRBF:
    cost: 206.491
    lifetime: 15.8271
    annual_cost: 13.046673111309085
    efficiency: 0.783329
    discharge_ratio: 0.5
    depth_of_discharge: 1.0
