cost_values:
  wind_capex: 5000.0
  wind_opex: 100
  wind_lifetime: 20
  solar_capex: 1000.0
  solar_opex: 10
  solar_lifetime: 20
  carbon_price: 1.0
timeseries_values:
  load_level: 235626.6083122505
  wind_year: 2015
  solar_year: 2011
  price_year: 2023
  carbon_year: 2023
storage_values:
  CAES:
    cost: 56.7948
    lifetime: 27.3212
    annual_cost: 2.078781312680263
    efficiency: 0.608968
    discharge_ratio: 0.1
    depth_of_discharge: 0.4
  Li-ion:
    cost: 144.868
    lifetime: 17.9067
    annual_cost: 8.090156198517873
    efficiency: 0.93301
    discharge_ratio: 2
    depth_of_discharge: 0.9
  Pb-acid:
    cost: 164.412
    lifetime: 9.30156
    annual_cost: 17.675744713789946
    efficiency: 0.686752
    discharge_ratio: 5
    depth_of_discharge: 0.5
  VRBF:
    cost: 185.99
    lifetime: 18.7264
    annual_cost: 9.931967703349281
    efficiency: 0.775406
    discharge_ratio: 0.5
    depth_of_discharge: 1.0
