cost_values:
  wind_capex: 5000.0
  wind_opex: 100
  wind_lifetime: 20
  solar_capex: 1000.0
  solar_opex: 10
  solar_lifetime: 20
  carbon_price: 1.0
timeseries_values:
  load_level: 235626.6083122505
  wind_year: 2015
  solar_year: 2011
  price_year: 2023
  carbon_year: 2023
storage_values:
  CAES:
    cost: 48.9328
    lifetime: 25.5516
    annual_cost: 1.9150581568277525
    efficiency: 0.594581
    discharge_ratio: 0.1
    depth_of_discharge: 0.4
  Li-ion:
    cost: 147.657
    lifetime: 18.291
    annual_cost: 8.072658684598984
    efficiency: 0.935118
    discharge_ratio: 2
    depth_of_discharge: 0.9
  Pb-acid:
    cost: 166.341
    lifetime: 9.15601
    annual_cost: 18.16741135057738
    efficiency: 0.672137
    discharge_ratio: 5
    depth_of_discharge: 0.5
  VRBF:
    cost: 190.145
    lifetime: 18.3746
    annual_cost: 10.348252478965529
    efficiency: 0.763122
    discharge_ratio: 0.5
    depth_of_discharge: 1.0
