cost_values:
  wind_capex: 5000.0
  wind_opex: 100
  wind_lifetime: 20
  solar_capex: 1000.0
  solar_opex: 10
  solar_lifetime: 20
  carbon_price: 1.0
timeseries_values:
  load_level: 235626.6083122505
  wind_year: 2015
  solar_year: 2011
  price_year: 2023
  carbon_year: 2023
storage_values:
  CAES:
    cost: 49.535
    lifetime: 26.6642
    annual_cost: 1.8577343404264892
    efficiency: 0.601419
    discharge_ratio: 0.1
    depth_of_discharge: 0.4
  Li-ion:
    cost: 140.332
    lifetime: 18.0843
    annual_cost: 7.759880117007571
    efficiency: 0.910385
    discharge_ratio: 2
    depth_of_discharge: 0.9
  Pb-acid:
    cost: 168.428
    lifetime: 11.0594
    annual_cost: 15.229397616507224
    efficiency: 0.667724
    discharge_ratio: 5
    depth_of_discharge: 0.5
  VRBF:
    cost: 201.432
    lifetime: 18.2124
    annual_cost: 11.060156816235093
    efficiency: 0.775266
    discharge_ratio: 0.5
    depth_of_discharge: 1.0
