cost_values:
  wind_capex: 5000.0
  wind_opex: 100
  wind_lifetime: 20
  solar_capex: 1000.0
  solar_opex: 10
  solar_lifetime: 20
  carbon_price: 1.0
timeseries_values:
  load_level: 235626.6083122505
  wind_year: 2015
  solar_year: 2011
  price_year: 2023
  carbon_year: 2023
storage_values:
  CAES:
    cost: 53.4948
    lifetime: 26.3669
    annual_cost: 2.0288619443317186
    efficiency: 0.599701
    discharge_ratio: 0.1
    depth_of_discharge: 0.4
  Li-ion:
    cost: 124.03
    lifetime: 20.7354
    annual_cost: 5.98155810835576
    efficiency: 0.922354
    discharge_ratio: 2
    depth_of_discharge: 0.9
  Pb-acid:
    cost: 184.29
    lifetime: 7.28129
    annual_cost: 25.310075549799553
    efficiency: 0.683393
    discharge_ratio: 5
    depth_of_discharge: 0.5
  VRBF:
    cost: 197.033
    lifetime: 17.318
    annual_cost: 11.377353043076566
    efficiency: 0.804166
    discharge_ratio: 0.5
    depth_of_discharge: 1.0
