cost_values:
  wind_capex: 5000.0
  wind_opex: 100
  wind_lifetime: 20
  solar_capex: 1000.0
  solar_opex: 10
  solar_lifetime: 20
  carbon_price: 1.0
timeseries_values:
  load_level: 235626.6083122505
  wind_year: 2015
  solar_year: 2011
  price_year: 2023
  carbon_year: 2023
storage_values:
  CAES:
    cost: 52.0103
    lifetime: 26.7392
    annual_cost: 1.945095589995213
    efficiency: 0.601582
    discharge_ratio: 0.1
    depth_of_discharge: 0.4
  Li-ion:
    cost: 107.832
    lifetime: 19.7548
    annual_cost: 5.458521473262194
    efficiency: 0.90952
    discharge_ratio: 2
    depth_of_discharge: 0.9
  Pb-acid:
    cost: 156.756
    lifetime: 7.8047
    annual_cost: 20.084820684971874
    efficiency: 0.664505
    discharge_ratio: 5
    depth_of_discharge: 0.5
  VRBF:
    cost: 211.663
    lifetime: 16.3251
    annual_cost: 12.965494851486364
    efficiency: 0.781554
    discharge_ratio: 0.5
    depth_of_discharge: 1.0
