cost_values:
  wind_capex: 5000.0
  wind_opex: 100
  wind_lifetime: 20
  solar_capex: 1000.0
  solar_opex: 10
  solar_lifetime: 20
  carbon_price: 1.0
timeseries_values:
  load_level: 235626.6083122505
  wind_year: 2015
  solar_year: 2011
  price_year: 2023
  carbon_year: 2023
storage_values:
  CAES:
    cost: 46.6274
    lifetime: 25.4368
    annual_cost: 1.8330686249842747
    efficiency: 0.600222
    discharge_ratio: 0.1
    depth_of_discharge: 0.4
  Li-ion:
    cost: 137.966
    lifetime: 19.3426
    annual_cost: 7.132753611200149
    efficiency: 0.929509
    discharge_ratio: 2
    depth_of_discharge: 0.9
  Pb-acid:
    cost: 154.147
    lifetime: 6.74906
    annual_cost: 22.83977324249599
    efficiency: 0.680121
    discharge_ratio: 5
    depth_of_discharge: 0.5
  VRBF:
    cost: 203.473
    lifetime: 18.4509
    annual_cost: 11.027808941569246
    efficiency: 0.795474
    discharge_ratio: 0.5
    depth_of_discharge: 1.0
