cost_values:
  wind_capex: 5000.0
  wind_opex: 100
  wind_lifetime: 20
  solar_capex: 1000.0
  solar_opex: 10
  solar_lifetime: 20
  carbon_price: 1.0
timeseries_values:
  load_level: 235626.6083122505
  wind_year: 2015
  solar_year: 2011
  price_year: 2023
  carbon_year: 2023
storage_values:
  CAES:
    cost: 51.0274
    lifetime: 26.956
    annual_cost: 1.8929885739723995
    efficiency: 0.598864
    discharge_ratio: 0.1
    depth_of_discharge: 0.4
  Li-ion:
    cost: 143.264
    lifetime: 18.596
    annual_cost: 7.704022370402238
    efficiency: 0.933851
    discharge_ratio: 2
    depth_of_discharge: 0.9
  Pb-acid:
    cost: 158.191
    lifetime: 9.4368
    annual_cost: 16.76320362834859
    efficiency: 0.684366
    discharge_ratio: 5
    depth_of_discharge: 0.5
  VRBF:
    cost: 182.948
    lifetime: 15.2043
    annual_cost: 12.03264865860316
    efficiency: 0.787723
    discharge_ratio: 0.5
    depth_of_discharge: 1.0
