cost_values:
  wind_capex: 5000.0
  wind_opex: 100
  wind_lifetime: 20
  solar_capex: 1000.0
  solar_opex: 10
  solar_lifetime: 20
  carbon_price: 1.0
timeseries_values:
  load_level: 235626.6083122505
  wind_year: 2015
  solar_year: 2011
  price_year: 2023
  carbon_year: 2023
storage_values:
  CAES:
    cost: 51.0518
    lifetime: 26.0042
    annual_cost: 1.963213634720545
    efficiency: 0.607471
    discharge_ratio: 0.1
    depth_of_discharge: 0.4
  Li-ion:
    cost: 104.055
    lifetime: 18.1215
    annual_cost: 5.742074331595067
    efficiency: 0.916646
    discharge_ratio: 2
    depth_of_discharge: 0.9
  Pb-acid:
    cost: 169.7
    lifetime: 7.70953
    annual_cost: 22.011717964648945
    efficiency: 0.670542
    discharge_ratio: 5
    depth_of_discharge: 0.5
  VRBF:
    cost: 216.049
    lifetime: 18.5082
    annual_cost: 11.673150279335648
    efficiency: 0.786062
    discharge_ratio: 0.5
    depth_of_discharge: 1.0
