cost_values:
  wind_capex: 5000.0
  wind_opex: 100
  wind_lifetime: 20
  solar_capex: 1000.0
  solar_opex: 10
  solar_lifetime: 20
  carbon_price: 1.0
timeseries_values:
  load_level: 235626.6083122505
  wind_year: 2015
  solar_year: 2011
  price_year: 2023
  carbon_year: 2023
storage_values:
  CAES:
    cost: 52.8782
    lifetime: 26.1256
    annual_cost: 2.0239994488164865
    efficiency: 0.604195
    discharge_ratio: 0.1
    depth_of_discharge: 0.4
  Li-ion:
    cost: 118.653
    lifetime: 19.4305
    annual_cost: 6.106533542626284
    efficiency: 0.936082
    discharge_ratio: 2
    depth_of_discharge: 0.9
  Pb-acid:
    cost: 146.602
    lifetime: 9.40141
    annual_cost: 15.593618404047904
    efficiency: 0.668269
    discharge_ratio: 5
    depth_of_discharge: 0.5
  VRBF:
    cost: 202.246
    lifetime: 18.2976
    annual_cost: 11.053143581671915
    efficiency: 0.776324
    discharge_ratio: 0.5
    depth_of_discharge: 1.0
