cost_values:
  wind_capex: 5000.0
  wind_opex: 100
  wind_lifetime: 20
  solar_capex: 1000.0
  solar_opex: 10
  solar_lifetime: 20
  carbon_price: 1.0
timeseries_values:
  load_level: 235626.6083122505
  wind_year: 2015
  solar_year: 2011
  price_year: 2023
  carbon_year: 2023
storage_values:
  CAES:
    cost: 54.2157
    lifetime: 25.4432
    annual_cost: 2.130852251289146
    efficiency: 0.602816
    discharge_ratio: 0.1
    depth_of_discharge: 0.4
  Li-ion:
    cost: 125.044
    lifetime: 19.3015
    annual_cost: 6.478460223298707
    efficiency: 0.918509
    discharge_ratio: 2
    depth_of_discharge: 0.9
  Pb-acid:
    cost: 162.321
    lifetime: 9.18468
    annual_cost: 17.6730163707391
    efficiency: 0.661129
    discharge_ratio: 5
    depth_of_discharge: 0.5
  VRBF:
    cost: 205.505
    lifetime: 17.7531
    annual_cost: 11.575724802992154
    efficiency: 0.786631
    discharge_ratio: 0.5
    depth_of_discharge: 1.0
