cost_values:
  wind_capex: 5000.0
  wind_opex: 100
  wind_lifetime: 20
  solar_capex: 1000.0
  solar_opex: 10
  solar_lifetime: 20
  carbon_price: 1.0
timeseries_values:
  load_level: 235626.6083122505
  wind_year: 2015
  solar_year: 2011
  price_year: 2023
  carbon_year: 2023
storage_values:
  CAES:
    cost: 54.2381
    lifetime: 26.5569
    annual_cost: 2.042335513557682
    efficiency: 0.594331
    discharge_ratio: 0.1
    depth_of_discharge: 0.4
  Li-ion:
    cost: 136.909
    lifetime: 19.4255
    annual_cost: 7.047900954930375
    efficiency: 0.927387
    discharge_ratio: 2
    depth_of_discharge: 0.9
  Pb-acid:
    cost: 153.442
    lifetime: 9.14842
    annual_cost: 16.77251372368125
    efficiency: 0.678857
    discharge_ratio: 5
    depth_of_discharge: 0.5
  VRBF:
    cost: 201.666
    lifetime: 15.5086
    annual_cost: 13.003494835123737
    efficiency: 0.787612
    discharge_ratio: 0.5
    depth_of_discharge: 1.0
