cost_values:
  wind_capex: 5000.0
  wind_opex: 100
  wind_lifetime: 20
  solar_capex: 1000.0
  solar_opex: 10
  solar_lifetime: 20
  carbon_price: 1.0
timeseries_values:
  load_level: 235626.6083122505
  wind_year: 2015
  solar_year: 2011
  price_year: 2023
  carbon_year: 2023
storage_values:
  CAES:
    cost: 54.818
    lifetime: 25.7031
    annual_cost: 2.1327388525119537
    efficiency: 0.589339
    discharge_ratio: 0.1
    depth_of_discharge: 0.4
  Li-ion:
    cost: 131.102
    lifetime: 18.1406
    annual_cost: 7.226993594478683
    efficiency: 0.925085
    discharge_ratio: 2
    depth_of_discharge: 0.9
  Pb-acid:
    cost: 168.183
    lifetime: 8.25937
    annual_cost: 20.36269110113725
    efficiency: 0.676602
    discharge_ratio: 5
    depth_of_discharge: 0.5
  VRBF:
    cost: 196.741
    lifetime: 19.3547
    annual_cost: 10.165024516009032
    efficiency: 0.771212
    discharge_ratio: 0.5
    depth_of_discharge: 1.0
