cost_values:
  wind_capex: 5000.0
  wind_opex: 100
  wind_lifetime: 20
  solar_capex: 1000.0
  solar_opex: 10
  solar_lifetime: 20
  carbon_price: 1.0
timeseries_values:
  load_level: 235626.6083122505
  wind_year: 2015
  solar_year: 2011
  price_year: 2023
  carbon_year: 2023
storage_values:
  CAES:
    cost: 49.4482
    lifetime: 25.3326
    annual_cost: 1.95195913565919
    efficiency: 0.611818
    discharge_ratio: 0.1
    depth_of_discharge: 0.4
  Li-ion:
    cost: 127.753
    lifetime: 17.3202
    annual_cost: 7.375954088289974
    efficiency: 0.916257
    discharge_ratio: 2
    depth_of_discharge: 0.9
  Pb-acid:
    cost: 147.122
    lifetime: 7.62194
    annual_cost: 19.302434813184046
    efficiency: 0.671577
    discharge_ratio: 5
    depth_of_discharge: 0.5
  VRBF:
    cost: 227.367
    lifetime: 19.025
    annual_cost: 11.95095926412615
    efficiency: 0.770932
    discharge_ratio: 0.5
    depth_of_discharge: 1.0
