cost_values:
  wind_capex: 5000.0
  wind_opex: 100
  wind_lifetime: 20
  solar_capex: 1000.0
  solar_opex: 10
  solar_lifetime: 20
  carbon_price: 1.0
timeseries_values:
  load_level: 235626.6083122505
  wind_year: 2015
  solar_year: 2011
  price_year: 2023
  carbon_year: 2023
storage_values:
  CAES:
    cost: 47.2431
    lifetime: 26.1146
    annual_cost: 1.8090684904229817
    efficiency: 0.581953
    discharge_ratio: 0.1
    depth_of_discharge: 0.4
  Li-ion:
    cost: 133.59
    lifetime: 18.0614
    annual_cost: 7.396436599599146
    efficiency: 0.934004
    discharge_ratio: 2
    depth_of_discharge: 0.9
  Pb-acid:
    cost: 174.653
    lifetime: 9.67351
    annual_cost: 18.05477019199856
    efficiency: 0.675566
    discharge_ratio: 5
    depth_of_discharge: 0.5
  VRBF:
    cost: 192.977
    lifetime: 17.1077
    annual_cost: 11.280125323684656
    efficiency: 0.762503
    discharge_ratio: 0.5
    depth_of_discharge: 1.0
