cost_values:
  wind_capex: 5000.0
  wind_opex: 100
  wind_lifetime: 20
  solar_capex: 1000.0
  solar_opex: 10
  solar_lifetime: 20
  carbon_price: 1.0
timeseries_values:
  load_level: 235626.6083122505
  wind_year: 2015
  solar_year: 2011
  price_year: 2023
  carbon_year: 2023
storage_values:
  CAES:
    cost: 48.5213
    lifetime: 27.0033
    annual_cost: 1.796865568282395
    efficiency: 0.596363
    discharge_ratio: 0.1
    depth_of_discharge: 0.4
  Li-ion:
    cost: 126.51
    lifetime: 17.269
    annual_cost: 7.3258439979153405
    efficiency: 0.920436
    discharge_ratio: 2
    depth_of_discharge: 0.9
  Pb-acid:
    cost: 164.69
    lifetime: 8.66513
    annual_cost: 19.00606222872594
    efficiency: 0.670616
    discharge_ratio: 5
    depth_of_discharge: 0.5
  VRBF:
    cost: 178.298
    lifetime: 17.6329
    annual_cost: 10.111666260229457
    efficiency: 0.790248
    discharge_ratio: 0.5
    depth_of_discharge: 1.0
