cost_values:
  wind_capex: 5000.0
  wind_opex: 100
  wind_lifetime: 20
  solar_capex: 1000.0
  solar_opex: 10
  solar_lifetime: 20
  carbon_price: 1.0
timeseries_values:
  load_level: 235626.6083122505
  wind_year: 2015
  solar_year: 2011
  price_year: 2023
  carbon_year: 2023
storage_values:
  CAES:
    cost: 57.1949
    lifetime: 25.0611
    annual_cost: 2.28221825857604
    efficiency: 0.598356
    discharge_ratio: 0.1
    depth_of_discharge: 0.4
  Li-ion:
    cost: 133.01
    lifetime: 21.0132
    annual_cost: 6.329830773037899
    efficiency: 0.914399
    discharge_ratio: 2
    depth_of_discharge: 0.9
  Pb-acid:
    cost: 170.172
    lifetime: 7.9527
    annual_cost: 21.39801576822966
    efficiency: 0.663837
    discharge_ratio: 5
    depth_of_discharge: 0.5
  VRBF:
    cost: 184.627
    lifetime: 15.8937
    annual_cost: 11.616363716441105
    efficiency: 0.782978
    discharge_ratio: 0.5
    depth_of_discharge: 1.0
