cost_values:
  wind_capex: 5000.0
  wind_opex: 100
  wind_lifetime: 20
  solar_capex: 1000.0
  solar_opex: 10
  solar_lifetime: 20
  carbon_price: 1.0
timeseries_values:
  load_level: 235626.6083122505
  wind_year: 2015
  solar_year: 2011
  price_year: 2023
  carbon_year: 2023
storage_values:
  CAES:
    cost: 51.0815
    lifetime: 26.4462
    annual_cost: 1.931525134045723
    efficiency: 0.607079
    discharge_ratio: 0.1
    depth_of_discharge: 0.4
  Li-ion:
    cost: 130.243
    lifetime: 19.9137
    annual_cost: 6.540371703902339
    efficiency: 0.931767
    discharge_ratio: 2
    depth_of_discharge: 0.9
  Pb-acid:
    cost: 193.688
    lifetime: 7.88375
    annual_cost: 24.568003805295703
    efficiency: 0.666024
    discharge_ratio: 5
    depth_of_discharge: 0.5
  VRBF:
    cost: 200.248
    lifetime: 19.1192
    annual_cost: 10.473659985773462
    efficiency: 0.766757
    discharge_ratio: 0.5
    depth_of_discharge: 1.0
