cost_values:
  wind_capex: 5000.0
  wind_opex: 100
  wind_lifetime: 20
  solar_capex: 1000.0
  solar_opex: 10
  solar_lifetime: 20
  carbon_price: 1.0
timeseries_values:
  load_level: 235626.6083122505
  wind_year: 2015
  solar_year: 2011
  price_year: 2023
  carbon_year: 2023
storage_values:
  CAES:
    cost: 46.1212
    lifetime: 25.2824
    annual_cost: 1.8242413694902384
    efficiency: 0.608854
    discharge_ratio: 0.1
    depth_of_discharge: 0.4
  Li-ion:
    cost: 118.279
    lifetime: 18.1737
    annual_cost: 6.508250934042049
    efficiency: 0.926269
    discharge_ratio: 2
    depth_of_discharge: 0.9
  Pb-acid:
    cost: 178.027
    lifetime: 6.60894
    annual_cost: 26.937300081404885
    efficiency: 0.690599
    discharge_ratio: 5
    depth_of_discharge: 0.5
  VRBF:
    cost: 183.419
    lifetime: 17.0188
    annual_cost: 10.777434366700357
    efficiency: 0.784244
    discharge_ratio: 0.5
    depth_of_discharge: 1.0
