cost_values:
  wind_capex: 5000.0
  wind_opex: 100
  wind_lifetime: 20
  solar_capex: 1000.0
  solar_opex: 10
  solar_lifetime: 20
  carbon_price: 1.0
timeseries_values:
  load_level: 235626.6083122505
  wind_year: 2015
  solar_year: 2011
  price_year: 2023
  carbon_year: 2023
storage_values:
  CAES:
    cost: 56.5693
    lifetime: 26.5022
    annual_cost: 2.134513361154923
    efficiency: 0.608191
    discharge_ratio: 0.1
    depth_of_discharge: 0.4
  Li-ion:
    cost: 144.686
    lifetime: 17.7107
    annual_cost: 8.169411711564196
    efficiency: 0.926098
    discharge_ratio: 2
    depth_of_discharge: 0.9
  Pb-acid:
    cost: 158.726
    lifetime: 10.1354
    annual_cost: 15.660556070801348
    efficiency: 0.691548
    discharge_ratio: 5
    depth_of_discharge: 0.5
  VRBF:
    cost: 204.397
    lifetime: 17.8429
    annual_cost: 11.455368802156599
    efficiency: 0.782164
    discharge_ratio: 0.5
    depth_of_discharge: 1.0
