cost_values:
  wind_capex: 5000.0
  wind_opex: 100
  wind_lifetime: 20
  solar_capex: 1000.0
  solar_opex: 10
  solar_lifetime: 20
  carbon_price: 1.0
timeseries_values:
  load_level: 235626.6083122505
  wind_year: 2015
  solar_year: 2011
  price_year: 2023
  carbon_year: 2023
storage_values:
  CAES:
    cost: 49.1526
    lifetime: 26.8254
    annual_cost: 1.8323156411460781
    efficiency: 0.593146
    discharge_ratio: 0.1
    depth_of_discharge: 0.4
  Li-ion:
    cost: 127.378
    lifetime: 20.5393
    annual_cost: 6.201671916764447
    efficiency: 0.922327
    discharge_ratio: 2
    depth_of_discharge: 0.9
  Pb-acid:
    cost: 159.602
    lifetime: 8.19542
    annual_cost: 19.474535777300005
    efficiency: 0.682316
    discharge_ratio: 5
    depth_of_discharge: 0.5
  VRBF:
    cost: 200.609
    lifetime: 19.0654
    annual_cost: 10.52215007290694
    efficiency: 0.782196
    discharge_ratio: 0.5
    depth_of_discharge: 1.0
