cost_values:
  wind_capex: 5000.0
  wind_opex: 100
  wind_lifetime: 20
  solar_capex: 1000.0
  solar_opex: 10
  solar_lifetime: 20
  carbon_price: 1.0
timeseries_values:
  load_level: 235626.6083122505
  wind_year: 2015
  solar_year: 2011
  price_year: 2023
  carbon_year: 2023
storage_values:
  CAES:
    cost: 48.0825
    lifetime: 26.1863
    annual_cost: 1.8361700583893106
    efficiency: 0.603588
    discharge_ratio: 0.1
    depth_of_discharge: 0.4
  Li-ion:
    cost: 136.091
    lifetime: 16.5515
    annual_cost: 8.222275926653174
    efficiency: 0.922325
    discharge_ratio: 2
    depth_of_discharge: 0.9
  Pb-acid:
    cost: 139.888
    lifetime: 8.14046
    annual_cost: 17.184286883050838
    efficiency: 0.682438
    discharge_ratio: 5
    depth_of_discharge: 0.5
  VRBF:
    cost: 190.263
    lifetime: 15.5427
    annual_cost: 12.241309425003378
    efficiency: 0.769102
    discharge_ratio: 0.5
    depth_of_discharge: 1.0
