cost_values:
  wind_capex: 5000.0
  wind_opex: 100
  wind_lifetime: 20
  solar_capex: 1000.0
  solar_opex: 10
  solar_lifetime: 20
  carbon_price: 1.0
timeseries_values:
  load_level: 235626.6083122505
  wind_year: 2015
  solar_year: 2011
  price_year: 2023
  carbon_year: 2023
storage_values:
  CAES:
    cost: 53.4201
    lifetime: 27.084
    annual_cost: 1.9723859105006645
    efficiency: 0.602105
    discharge_ratio: 0.1
    depth_of_discharge: 0.4
  Li-ion:
    cost: 120.314
    lifetime: 21.287
    annual_cost: 5.651994174848499
    efficiency: 0.92025
    discharge_ratio: 2
    depth_of_discharge: 0.9
  Pb-acid:
    cost: 151.16
    lifetime: 6.74201
    annual_cost: 22.420613437239044
    efficiency: 0.681106
    discharge_ratio: 5
    depth_of_discharge: 0.5
  VRBF:
    cost: 219.862
    lifetime: 15.7832
    annual_cost: 13.930128237619746
    efficiency: 0.77722
    discharge_ratio: 0.5
    depth_of_discharge: 1.0
