cost_values:
  wind_capex: 5000.0
  wind_opex: 100
  wind_lifetime: 20
  solar_capex: 1000.0
  solar_opex: 10
  solar_lifetime: 20
  carbon_price: 1.0
timeseries_values:
  load_level: 235626.6083122505
  wind_year: 2015
  solar_year: 2011
  price_year: 2023
  carbon_year: 2023
storage_values:
  CAES:
    cost: 50.9458
    lifetime: 27.0134
    annual_cost: 1.8859454937179325
    efficiency: 0.598662
    discharge_ratio: 0.1
    depth_of_discharge: 0.4
  Li-ion:
    cost: 137.825
    lifetime: 22.0245
    annual_cost: 6.257803809394083
    efficiency: 0.928229
    discharge_ratio: 2
    depth_of_discharge: 0.9
  Pb-acid:
    cost: 150.762
    lifetime: 7.20408
    annual_cost: 20.927307858879967
    efficiency: 0.673675
    discharge_ratio: 5
    depth_of_discharge: 0.5
  VRBF:
    cost: 212.686
    lifetime: 17.9053
    annual_cost: 11.878382378401925
    efficiency: 0.798813
    discharge_ratio: 0.5
    depth_of_discharge: 1.0
