cost_values:
  wind_capex: 5000.0
  wind_opex: 100
  wind_lifetime: 20
  solar_capex: 1000.0
  solar_opex: 10
  solar_lifetime: 20
  carbon_price: 1.0
timeseries_values:
  load_level: 235626.6083122505
  wind_year: 2015
  solar_year: 2011
  price_year: 2023
  carbon_year: 2023
storage_values:
  CAES:
    cost: 52.8531
    lifetime: 26.3926
    annual_cost: 2.002572690830005
    efficiency: 0.600542
    discharge_ratio: 0.1
    depth_of_discharge: 0.4
  Li-ion:
    cost: 115.506
    lifetime: 16.3523
    annual_cost: 7.063593500608477
    efficiency: 0.908697
    discharge_ratio: 2
    depth_of_discharge: 0.9
  Pb-acid:
    cost: 146.155
    lifetime: 8.23999
    annual_cost: 17.73727880737719
    efficiency: 0.676917
    discharge_ratio: 5
    depth_of_discharge: 0.5
  VRBF:
    cost: 191.13
    lifetime: 16.7141
    annual_cost: 11.435255263520023
    efficiency: 0.769541
    discharge_ratio: 0.5
    depth_of_discharge: 1.0
