cost_values:
  wind_capex: 5000.0
  wind_opex: 100
  wind_lifetime: 20
  solar_capex: 1000.0
  solar_opex: 10
  solar_lifetime: 20
  carbon_price: 1.0
timeseries_values:
  load_level: 235626.6083122505
  wind_year: 2015
  solar_year: 2011
  price_year: 2023
  carbon_year: 2023
storage_values:
  CAES:
    cost: 54.5312
    lifetime: 26.314
    annual_cost: 2.0723265182032375
    efficiency: 0.59353
    discharge_ratio: 0.1
    depth_of_discharge: 0.4
  Li-ion:
    cost: 126.362
    lifetime: 17.7929
    annual_cost: 7.10182151307544
    efficiency: 0.925853
    discharge_ratio: 2
    depth_of_discharge: 0.9
  Pb-acid:
    cost: 155.553
    lifetime: 8.17691
    annual_cost: 19.023445286789265
    efficiency: 0.67639
    discharge_ratio: 5
    depth_of_discharge: 0.5
  VRBF:
    cost: 193.23
    lifetime: 17.703
    annual_cost: 10.915099135739705
    efficiency: 0.763253
    discharge_ratio: 0.5
    depth_of_discharge: 1.0
