cost_values:
  wind_capex: 5000.0
  wind_opex: 100
  wind_lifetime: 20
  solar_capex: 1000.0
  solar_opex: 10
  solar_lifetime: 20
  carbon_price: 1.0
timeseries_values:
  load_level: 235626.6083122505
  wind_year: 2015
  solar_year: 2011
  price_year: 2023
  carbon_year: 2023
storage_values:
  CAES:
    cost: 56.0855
    lifetime: 26.4954
    annual_cost: 2.1168014070366934
    efficiency: 0.604437
    discharge_ratio: 0.1
    depth_of_discharge: 0.4
  Li-ion:
    cost: 112.146
    lifetime: 18.8289
    annual_cost: 5.956056912512149
    efficiency: 0.904225
    discharge_ratio: 2
    depth_of_discharge: 0.9
  Pb-acid:
    cost: 163.932
    lifetime: 8.96039
    annual_cost: 18.295185812224688
    efficiency: 0.681183
    discharge_ratio: 5
    depth_of_discharge: 0.5
  VRBF:
    cost: 154.802
    lifetime: 16.1581
    annual_cost: 9.580458098415034
    efficiency: 0.78318
    discharge_ratio: 0.5
    depth_of_discharge: 1.0
