cost_values:
  wind_capex: 5000.0
  wind_opex: 100
  wind_lifetime: 20
  solar_capex: 1000.0
  solar_opex: 10
  solar_lifetime: 20
  carbon_price: 1.0
timeseries_values:
  load_level: 235626.6083122505
  wind_year: 2015
  solar_year: 2011
  price_year: 2023
  carbon_year: 2023
storage_values:
  CAES:
    cost: 52.3199
    lifetime: 27.2056
    annual_cost: 1.9231297968065397
    efficiency: 0.600736
    discharge_ratio: 0.1
    depth_of_discharge: 0.4
  Li-ion:
    cost: 120.553
    lifetime: 17.8137
    annual_cost: 6.767431808102752
    efficiency: 0.919677
    discharge_ratio: 2
    depth_of_discharge: 0.9
  Pb-acid:
    cost: 136.848
    lifetime: 8.502
    annual_cost: 16.095977417078334
    efficiency: 0.67522
    discharge_ratio: 5
    depth_of_discharge: 0.5
  VRBF:
    cost: 172.897
    lifetime: 16.8807
    annual_cost: 10.242288530688892
    efficiency: 0.773576
    discharge_ratio: 0.5
    depth_of_discharge: 1.0
