cost_values:
  wind_capex: 5000.0
  wind_opex: 100
  wind_lifetime: 20
  solar_capex: 1000.0
  solar_opex: 10
  solar_lifetime: 20
  carbon_price: 1.0
timeseries_values:
  load_level: 235626.6083122505
  wind_year: 2015
  solar_year: 2011
  price_year: 2023
  carbon_year: 2023
storage_values:
  CAES:
    cost: 51.4174
    lifetime: 26.7899
    annual_cost: 1.9192830133744434
    efficiency: 0.600454
    discharge_ratio: 0.1
    depth_of_discharge: 0.4
  Li-ion:
    cost: 129.205
    lifetime: 16.3884
    annual_cost: 7.8839300968978065
    efficiency: 0.92412
    discharge_ratio: 2
    depth_of_discharge: 0.9
  Pb-acid:
    cost: 134.955
    lifetime: 8.67412
    annual_cost: 15.558350587725327
    efficiency: 0.685534
    discharge_ratio: 5
    depth_of_discharge: 0.5
  VRBF:
    cost: 201.075
    lifetime: 18.6816
    annual_cost: 10.763264388489208
    efficiency: 0.798329
    discharge_ratio: 0.5
    depth_of_discharge: 1.0
