cost_values:
  wind_capex: 5000.0
  wind_opex: 100
  wind_lifetime: 20
  solar_capex: 1000.0
  solar_opex: 10
  solar_lifetime: 20
  carbon_price: 1.0
timeseries_values:
  load_level: 235626.6083122505
  wind_year: 2015
  solar_year: 2011
  price_year: 2023
  carbon_year: 2023
storage_values:
  CAES:
    cost: 48.4018
    lifetime: 27.8612
    annual_cost: 1.7372474983130664
    efficiency: 0.607421
    discharge_ratio: 0.1
    depth_of_discharge: 0.4
  Li-ion:
    cost: 124.646
    lifetime: 17.9787
    annual_cost: 6.932981806248505
    efficiency: 0.905206
    discharge_ratio: 2
    depth_of_discharge: 0.9
  Pb-acid:
    cost: 170.308
    lifetime: 7.49881
    annual_cost: 22.71133686544932
    efficiency: 0.67547
    discharge_ratio: 5
    depth_of_discharge: 0.5
  VRBF:
    cost: 213.626
    lifetime: 14.3619
    annual_cost: 14.874494321781937
    efficiency: 0.795115
    discharge_ratio: 0.5
    depth_of_discharge: 1.0
