cost_values:
  wind_capex: 5000.0
  wind_opex: 100
  wind_lifetime: 20
  solar_capex: 1000.0
  solar_opex: 10
  solar_lifetime: 20
  carbon_price: 1.0
timeseries_values:
  load_level: 235626.6083122505
  wind_year: 2015
  solar_year: 2011
  price_year: 2023
  carbon_year: 2023
storage_values:
  CAES:
    cost: 51.9109
    lifetime: 24.8822
    annual_cost: 2.0862664876899952
    efficiency: 0.601533
    discharge_ratio: 0.1
    depth_of_discharge: 0.4
  Li-ion:
    cost: 137.37
    lifetime: 17.6396
    annual_cost: 7.787591555364067
    efficiency: 0.932563
    discharge_ratio: 2
    depth_of_discharge: 0.9
  Pb-acid:
    cost: 133.929
    lifetime: 7.87987
    annual_cost: 16.996346386425156
    efficiency: 0.66851
    discharge_ratio: 5
    depth_of_discharge: 0.5
  VRBF:
    cost: 183.963
    lifetime: 16.2002
    annual_cost: 11.355600548141382
    efficiency: 0.796055
    discharge_ratio: 0.5
    depth_of_discharge: 1.0
