cost_values:
  wind_capex: 5000.0
  wind_opex: 100
  wind_lifetime: 20
  solar_capex: 1000.0
  solar_opex: 10
  solar_lifetime: 20
  carbon_price: 1.0
timeseries_values:
  load_level: 235626.6083122505
  wind_year: 2015
  solar_year: 2011
  price_year: 2023
  carbon_year: 2023
storage_values:
  CAES:
    cost: 43.4609
    lifetime: 26.721
    annual_cost: 1.626469817746342
    efficiency: 0.588854
    discharge_ratio: 0.1
    depth_of_discharge: 0.4
  Li-ion:
    cost: 142.61
    lifetime: 19.3422
    annual_cost: 7.372997900962663
    efficiency: 0.926718
    discharge_ratio: 2
    depth_of_discharge: 0.9
  Pb-acid:
    cost: 149.869
    lifetime: 6.24365
    annual_cost: 24.00342748232204
    efficiency: 0.688193
    discharge_ratio: 5
    depth_of_discharge: 0.5
  VRBF:
    cost: 226.804
    lifetime: 14.6943
    annual_cost: 15.434828470903684
    efficiency: 0.799926
    discharge_ratio: 0.5
    depth_of_discharge: 1.0
