cost_values:
  wind_capex: 5000.0
  wind_opex: 100
  wind_lifetime: 20
  solar_capex: 1000.0
  solar_opex: 10
  solar_lifetime: 20
  carbon_price: 1.0
timeseries_values:
  load_level: 235626.6083122505
  wind_year: 2015
  solar_year: 2011
  price_year: 2023
  carbon_year: 2023
storage_values:
  CAES:
    cost: 49.5178
    lifetime: 26.007
    annual_cost: 1.9040181489598953
    efficiency: 0.588607
    discharge_ratio: 0.1
    depth_of_discharge: 0.4
  Li-ion:
    cost: 119.574
    lifetime: 21.2927
    annual_cost: 5.615727455888638
    efficiency: 0.917689
    discharge_ratio: 2
    depth_of_discharge: 0.9
  Pb-acid:
    cost: 165.45
    lifetime: 6.84611
    annual_cost: 24.167008710055782
    efficiency: 0.662924
    discharge_ratio: 5
    depth_of_discharge: 0.5
  VRBF:
    cost: 210.586
    lifetime: 16.5921
    annual_cost: 12.691943756365983
    efficiency: 0.781079
    discharge_ratio: 0.5
    depth_of_discharge: 1.0
