cost_values:
  wind_capex: 5000.0
  wind_opex: 100
  wind_lifetime: 20
  solar_capex: 1000.0
  solar_opex: 10
  solar_lifetime: 20
  carbon_price: 1.0
timeseries_values:
  load_level: 235626.6083122505
  wind_year: 2015
  solar_year: 2011
  price_year: 2023
  carbon_year: 2023
storage_values:
  CAES:
    cost: 54.0154
    lifetime: 25.9385
    annual_cost: 2.0824411588950786
    efficiency: 0.608353
    discharge_ratio: 0.1
    depth_of_discharge: 0.4
  Li-ion:
    cost: 112.032
    lifetime: 17.4758
    annual_cost: 6.410693644926126
    efficiency: 0.927113
    discharge_ratio: 2
    depth_of_discharge: 0.9
  Pb-acid:
    cost: 137.176
    lifetime: 9.87223
    annual_cost: 13.895138180532664
    efficiency: 0.677507
    discharge_ratio: 5
    depth_of_discharge: 0.5
  VRBF:
    cost: 205.234
    lifetime: 18.1357
    annual_cost: 11.316574491196922
    efficiency: 0.780144
    discharge_ratio: 0.5
    depth_of_discharge: 1.0
