cost_values:
  wind_capex: 5000.0
  wind_opex: 100
  wind_lifetime: 20
  solar_capex: 1000.0
  solar_opex: 10
  solar_lifetime: 20
  carbon_price: 1.0
timeseries_values:
  load_level: 235626.6083122505
  wind_year: 2015
  solar_year: 2011
  price_year: 2023
  carbon_year: 2023
storage_values:
  CAES:
    cost: 51.9387
    lifetime: 27.0252
    annual_cost: 1.921861817858887
    efficiency: 0.605276
    discharge_ratio: 0.1
    depth_of_discharge: 0.4
  Li-ion:
    cost: 133.104
    lifetime: 20.2477
    annual_cost: 6.573783689011592
    efficiency: 0.925599
    discharge_ratio: 2
    depth_of_discharge: 0.9
  Pb-acid:
    cost: 150.634
    lifetime: 7.43291
    annual_cost: 20.265817829087126
    efficiency: 0.669458
    discharge_ratio: 5
    depth_of_discharge: 0.5
  VRBF:
    cost: 202.11
    lifetime: 19.2984
    annual_cost: 10.472888944161173
    efficiency: 0.761284
    discharge_ratio: 0.5
    depth_of_discharge: 1.0
