cost_values:
  wind_capex: 5000.0
  wind_opex: 100
  wind_lifetime: 20
  solar_capex: 1000.0
  solar_opex: 10
  solar_lifetime: 20
  carbon_price: 1.0
timeseries_values:
  load_level: 235626.6083122505
  wind_year: 2015
  solar_year: 2011
  price_year: 2023
  carbon_year: 2023
storage_values:
  CAES:
    cost: 54.9587
    lifetime: 26.3242
    annual_cost: 2.0877633508330735
    efficiency: 0.6024
    discharge_ratio: 0.1
    depth_of_discharge: 0.4
  Li-ion:
    cost: 133.496
    lifetime: 20.3148
    annual_cost: 6.571366688325752
    efficiency: 0.909021
    discharge_ratio: 2
    depth_of_discharge: 0.9
  Pb-acid:
    cost: 159.304
    lifetime: 9.63872
    annual_cost: 16.5275057269015
    efficiency: 0.674866
    discharge_ratio: 5
    depth_of_discharge: 0.5
  VRBF:
    cost: 208.258
    lifetime: 17.065
    annual_cost: 12.203808965719308
    efficiency: 0.739509
    discharge_ratio: 0.5
    depth_of_discharge: 1.0
