cost_values:
  wind_capex: 5000.0
  wind_opex: 100
  wind_lifetime: 20
  solar_capex: 1000.0
  solar_opex: 10
  solar_lifetime: 20
  carbon_price: 1.0
timeseries_values:
  load_level: 235626.6083122505
  wind_year: 2015
  solar_year: 2011
  price_year: 2023
  carbon_year: 2023
storage_values:
  CAES:
    cost: 50.1017
    lifetime: 25.7738
    annual_cost: 1.9439003949747418
    efficiency: 0.595696
    discharge_ratio: 0.1
    depth_of_discharge: 0.4
  Li-ion:
    cost: 115.838
    lifetime: 18.7202
    annual_cost: 6.18786124079871
    efficiency: 0.915578
    discharge_ratio: 2
    depth_of_discharge: 0.9
  Pb-acid:
    cost: 163.746
    lifetime: 5.51959
    annual_cost: 29.66633391248263
    efficiency: 0.680299
    discharge_ratio: 5
    depth_of_discharge: 0.5
  VRBF:
    cost: 238.825
    lifetime: 17.9578
    annual_cost: 13.299234872868615
    efficiency: 0.775817
    discharge_ratio: 0.5
    depth_of_discharge: 1.0
