cost_values:
  wind_capex: 5000.0
  wind_opex: 100
  wind_lifetime: 20
  solar_capex: 1000.0
  solar_opex: 10
  solar_lifetime: 20
  carbon_price: 1.0
timeseries_values:
  load_level: 235626.6083122505
  wind_year: 2015
  solar_year: 2011
  price_year: 2023
  carbon_year: 2023
storage_values:
  CAES:
    cost: 53.6137
    lifetime: 26.6423
    annual_cost: 2.0123525371308033
    efficiency: 0.588433
    discharge_ratio: 0.1
    depth_of_discharge: 0.4
  Li-ion:
    cost: 140.28
    lifetime: 17.7895
    annual_cost: 7.885550465162034
    efficiency: 0.92231
    discharge_ratio: 2
    depth_of_discharge: 0.9
  Pb-acid:
    cost: 151.05
    lifetime: 7.76905
    annual_cost: 19.44253158365566
    efficiency: 0.685858
    discharge_ratio: 5
    depth_of_discharge: 0.5
  VRBF:
    cost: 173.324
    lifetime: 17.321
    annual_cost: 10.006581606142833
    efficiency: 0.77641
    discharge_ratio: 0.5
    depth_of_discharge: 1.0
