cost_values:
  wind_capex: 5000.0
  wind_opex: 100
  wind_lifetime: 20
  solar_capex: 1000.0
  solar_opex: 10
  solar_lifetime: 20
  carbon_price: 1.0
timeseries_values:
  load_level: 235626.6083122505
  wind_year: 2015
  solar_year: 2011
  price_year: 2023
  carbon_year: 2023
storage_values:
  CAES:
    cost: 48.8505
    lifetime: 25.1595
    annual_cost: 1.9416323853812674
    efficiency: 0.606184
    discharge_ratio: 0.1
    depth_of_discharge: 0.4
  Li-ion:
    cost: 110.758
    lifetime: 19.3995
    annual_cost: 5.709322405216629
    efficiency: 0.928883
    discharge_ratio: 2
    depth_of_discharge: 0.9
  Pb-acid:
    cost: 151.876
    lifetime: 9.98159
    annual_cost: 15.215611941584456
    efficiency: 0.667531
    discharge_ratio: 5
    depth_of_discharge: 0.5
  VRBF:
    cost: 198.129
    lifetime: 16.6178
    annual_cost: 11.922697348626173
    efficiency: 0.782316
    discharge_ratio: 0.5
    depth_of_discharge: 1.0
