cost_values:
  wind_capex: 5000.0
  wind_opex: 100
  wind_lifetime: 20
  solar_capex: 1000.0
  solar_opex: 10
  solar_lifetime: 20
  carbon_price: 1.0
timeseries_values:
  load_level: 235626.6083122505
  wind_year: 2015
  solar_year: 2011
  price_year: 2023
  carbon_year: 2023
storage_values:
  CAES:
    cost: 49.5012
    lifetime: 27.051
    annual_cost: 1.8299212598425196
    efficiency: 0.595187
    discharge_ratio: 0.1
    depth_of_discharge: 0.4
  Li-ion:
    cost: 113.597
    lifetime: 16.8467
    annual_cost: 6.742982305139879
    efficiency: 0.921058
    discharge_ratio: 2
    depth_of_discharge: 0.9
  Pb-acid:
    cost: 179.626
    lifetime: 8.8665
    annual_cost: 20.258952235944285
    efficiency: 0.667292
    discharge_ratio: 5
    depth_of_discharge: 0.5
  VRBF:
    cost: 222.047
    lifetime: 15.511
    annual_cost: 14.315453549094192
    efficiency: 0.766356
    discharge_ratio: 0.5
    depth_of_discharge: 1.0
