cost_values:
  wind_capex: 5000.0
  wind_opex: 100
  wind_lifetime: 20
  solar_capex: 1000.0
  solar_opex: 10
  solar_lifetime: 20
  carbon_price: 1.0
timeseries_values:
  load_level: 235626.6083122505
  wind_year: 2015
  solar_year: 2011
  price_year: 2023
  carbon_year: 2023
storage_values:
  CAES:
    cost: 51.2352
    lifetime: 26.9669
    annual_cost: 1.8999291724299048
    efficiency: 0.596935
    discharge_ratio: 0.1
    depth_of_discharge: 0.4
  Li-ion:
    cost: 128.585
    lifetime: 19.4903
    annual_cost: 6.597384339902413
    efficiency: 0.913872
    discharge_ratio: 2
    depth_of_discharge: 0.9
  Pb-acid:
    cost: 177.193
    lifetime: 6.45909
    annual_cost: 27.433121383972047
    efficiency: 0.689985
    discharge_ratio: 5
    depth_of_discharge: 0.5
  VRBF:
    cost: 210.928
    lifetime: 17.5942
    annual_cost: 11.988496208977958
    efficiency: 0.768082
    discharge_ratio: 0.5
    depth_of_discharge: 1.0
