cost_values:
  wind_capex: 5000.0
  wind_opex: 100
  wind_lifetime: 20
  solar_capex: 1000.0
  solar_opex: 10
  solar_lifetime: 20
  carbon_price: 1.0
timeseries_values:
  load_level: 235626.6083122505
  wind_year: 2015
  solar_year: 2011
  price_year: 2023
  carbon_year: 2023
storage_values:
  CAES:
    cost: 52.7865
    lifetime: 25.8394
    annual_cost: 2.042868642460738
    efficiency: 0.599097
    discharge_ratio: 0.1
    depth_of_discharge: 0.4
  Li-ion:
    cost: 144.15
    lifetime: 20.2315
    annual_cost: 7.125027803178212
    efficiency: 0.924086
    discharge_ratio: 2
    depth_of_discharge: 0.9
  Pb-acid:
    cost: 178.169
    lifetime: 8.78493
    annual_cost: 20.28120884287069
    efficiency: 0.661169
    discharge_ratio: 5
    depth_of_discharge: 0.5
  VRBF:
    cost: 187.526
    lifetime: 16.4562
    annual_cost: 11.395461892782054
    efficiency: 0.811867
    discharge_ratio: 0.5
    depth_of_discharge: 1.0
