cost_values:
  wind_capex: 5000.0
  wind_opex: 100
  wind_lifetime: 20
  solar_capex: 1000.0
  solar_opex: 10
  solar_lifetime: 20
  carbon_price: 1.0
timeseries_values:
  load_level: 235626.6083122505
  wind_year: 2015
  solar_year: 2011
  price_year: 2023
  carbon_year: 2023
storage_values:
  CAES:
    cost: 47.2983
    lifetime: 26.2789
    annual_cost: 1.7998584415633834
    efficiency: 0.609364
    discharge_ratio: 0.1
    depth_of_discharge: 0.4
  Li-ion:
    cost: 119.451
    lifetime: 17.8217
    annual_cost: 6.702559239578716
    efficiency: 0.922763
    discharge_ratio: 2
    depth_of_discharge: 0.9
  Pb-acid:
    cost: 136.964
    lifetime: 7.47901
    annual_cost: 18.3131189823252
    efficiency: 0.683033
    discharge_ratio: 5
    depth_of_discharge: 0.5
  VRBF:
    cost: 210.772
    lifetime: 16.8915
    annual_cost: 12.477991889411834
    efficiency: 0.776476
    discharge_ratio: 0.5
    depth_of_discharge: 1.0
