cost_values:
  wind_capex: 5000.0
  wind_opex: 100
  wind_lifetime: 20
  solar_capex: 1000.0
  solar_opex: 10
  solar_lifetime: 20
  carbon_price: 1.0
timeseries_values:
  load_level: 235626.6083122505
  wind_year: 2015
  solar_year: 2011
  price_year: 2023
  carbon_year: 2023
storage_values:
  CAES:
    cost: 42.7181
    lifetime: 26.8753
    annual_cost: 1.5894929544972523
    efficiency: 0.605317
    discharge_ratio: 0.1
    depth_of_discharge: 0.4
  Li-ion:
    cost: 115.079
    lifetime: 18.1008
    annual_cost: 6.357674798903916
    efficiency: 0.918972
    discharge_ratio: 2
    depth_of_discharge: 0.9
  Pb-acid:
    cost: 152.308
    lifetime: 7.04345
    annual_cost: 21.62406207185399
    efficiency: 0.666901
    discharge_ratio: 5
    depth_of_discharge: 0.5
  VRBF:
    cost: 218.829
    lifetime: 17.2622
    annual_cost: 12.67677352828724
    efficiency: 0.785147
    discharge_ratio: 0.5
    depth_of_discharge: 1.0
