cost_values:
  wind_capex: 5000.0
  wind_opex: 100
  wind_lifetime: 20
  solar_capex: 1000.0
  solar_opex: 10
  solar_lifetime: 20
  carbon_price: 1.0
timeseries_values:
  load_level: 235626.6083122505
  wind_year: 2015
  solar_year: 2011
  price_year: 2023
  carbon_year: 2023
storage_values:
  CAES:
    cost: 52.5535
    lifetime: 26.3153
    annual_cost: 1.9970701455047064
    efficiency: 0.602289
    discharge_ratio: 0.1
    depth_of_discharge: 0.4
  Li-ion:
    cost: 125.258
    lifetime: 19.2463
    annual_cost: 6.508160009975943
    efficiency: 0.916663
    discharge_ratio: 2
    depth_of_discharge: 0.9
  Pb-acid:
    cost: 145.042
    lifetime: 8.12211
    annual_cost: 17.857674914523443
    efficiency: 0.669086
    discharge_ratio: 5
    depth_of_discharge: 0.5
  VRBF:
    cost: 203.388
    lifetime: 17.6362
    annual_cost: 11.532416280151054
    efficiency: 0.798644
    discharge_ratio: 0.5
    depth_of_discharge: 1.0
