cost_values:
  wind_capex: 5000.0
  wind_opex: 100
  wind_lifetime: 20
  solar_capex: 1000.0
  solar_opex: 10
  solar_lifetime: 20
  carbon_price: 1.0
timeseries_values:
  load_level: 235626.6083122505
  wind_year: 2015
  solar_year: 2011
  price_year: 2023
  carbon_year: 2023
storage_values:
  CAES:
    cost: 50.1053
    lifetime: 26.4522
    annual_cost: 1.8941827144812151
    efficiency: 0.605601
    discharge_ratio: 0.1
    depth_of_discharge: 0.4
  Li-ion:
    cost: 136.567
    lifetime: 17.9572
    annual_cost: 7.605138885795113
    efficiency: 0.920714
    discharge_ratio: 2
    depth_of_discharge: 0.9
  Pb-acid:
    cost: 158.572
    lifetime: 7.89099
    annual_cost: 20.095323907393116
    efficiency: 0.672898
    discharge_ratio: 5
    depth_of_discharge: 0.5
  VRBF:
    cost: 219.566
    lifetime: 16.8585
    annual_cost: 13.024053148263487
    efficiency: 0.768177
    discharge_ratio: 0.5
    depth_of_discharge: 1.0
