cost_values:
  wind_capex: 5000.0
  wind_opex: 100
  wind_lifetime: 20
  solar_capex: 1000.0
  solar_opex: 10
  solar_lifetime: 20
  carbon_price: 1.0
timeseries_values:
  load_level: 235626.6083122505
  wind_year: 2015
  solar_year: 2011
  price_year: 2023
  carbon_year: 2023
storage_values:
  CAES:
    cost: 56.3547
    lifetime: 26.9794
    annual_cost: 2.0888047918041175
    efficiency: 0.605323
    discharge_ratio: 0.1
    depth_of_discharge: 0.4
  Li-ion:
    cost: 111.859
    lifetime: 19.548
    annual_cost: 5.722273378350726
    efficiency: 0.922778
    discharge_ratio: 2
    depth_of_discharge: 0.9
  Pb-acid:
    cost: 167.481
    lifetime: 8.30919
    annual_cost: 20.15611630014478
    efficiency: 0.677697
    discharge_ratio: 5
    depth_of_discharge: 0.5
  VRBF:
    cost: 208.766
    lifetime: 15.8264
    annual_cost: 13.190997320932114
    efficiency: 0.772159
    discharge_ratio: 0.5
    depth_of_discharge: 1.0
