cost_values:
  wind_capex: 5000.0
  wind_opex: 100
  wind_lifetime: 20
  solar_capex: 1000.0
  solar_opex: 10
  solar_lifetime: 20
  carbon_price: 1.0
timeseries_values:
  load_level: 245060.03140897164
  wind_year: 2018
  solar_year: 2013
  price_year: 2023
  carbon_year: 2023
storage_values:
  CAES:
    cost: 40.4034
    lifetime: 26.2259
    annual_cost: 1.5405915526254579
    efficiency: 0.619751
    discharge_ratio: 0.1
    depth_of_discharge: 0.4
  Li-ion:
    cost: 293.756
    lifetime: 17.6699
    annual_cost: 16.624655487580576
    efficiency: 0.920862
    discharge_ratio: 2
    depth_of_discharge: 0.9
  Pb-acid:
    cost: 193.885
    lifetime: 11.0824
    annual_cost: 17.494856709737963
    efficiency: 0.788337
    discharge_ratio: 5
    depth_of_discharge: 0.5
  VRBF:
    cost: 321.661
    lifetime: 20.2645
    annual_cost: 15.873127883737569
    efficiency: 0.774642
    discharge_ratio: 0.5
    depth_of_discharge: 1.0
