cost_values:
  wind_capex: 5000.0
  wind_opex: 100
  wind_lifetime: 20
  solar_capex: 1000.0
  solar_opex: 10
  solar_lifetime: 20
  carbon_price: 1.0
timeseries_values:
  load_level: 245060.03140897164
  wind_year: 2018
  solar_year: 2013
  price_year: 2023
  carbon_year: 2023
storage_values:
  CAES:
    cost: 34.0224
    lifetime: 26.4971
    annual_cost: 1.2840046646614156
    efficiency: 0.611548
    discharge_ratio: 0.1
    depth_of_discharge: 0.4
  Li-ion:
    cost: 289.347
    lifetime: 18.5422
    annual_cost: 15.604782604005996
    efficiency: 0.905325
    discharge_ratio: 2
    depth_of_discharge: 0.9
  Pb-acid:
    cost: 214.404
    lifetime: 11.2905
    annual_cost: 18.989770160754617
    efficiency: 0.784865
    discharge_ratio: 5
    depth_of_discharge: 0.5
  VRBF:
    cost: 304.078
    lifetime: 20.7225
    annual_cost: 14.673808662082276
    efficiency: 0.780964
    discharge_ratio: 0.5
    depth_of_discharge: 1.0
