cost_values:
  wind_capex: 5000.0
  wind_opex: 100
  wind_lifetime: 20
  solar_capex: 1000.0
  solar_opex: 10
  solar_lifetime: 20
  carbon_price: 1.0
timeseries_values:
  load_level: 245060.03140897164
  wind_year: 2018
  solar_year: 2013
  price_year: 2023
  carbon_year: 2023
storage_values:
  CAES:
    cost: 40.765
    lifetime: 25.1742
    annual_cost: 1.6193166019178367
    efficiency: 0.608687
    discharge_ratio: 0.1
    depth_of_discharge: 0.4
  Li-ion:
    cost: 297.211
    lifetime: 18.9711
    annual_cost: 15.66651380257339
    efficiency: 0.900973
    discharge_ratio: 2
    depth_of_discharge: 0.9
  Pb-acid:
    cost: 191.752
    lifetime: 9.25279
    annual_cost: 20.723695231384266
    efficiency: 0.787555
    discharge_ratio: 5
    depth_of_discharge: 0.5
  VRBF:
    cost: 307.792
    lifetime: 21.734
    annual_cost: 14.161774178706173
    efficiency: 0.799192
    discharge_ratio: 0.5
    depth_of_discharge: 1.0
