cost_values:
  wind_capex: 5000.0
  wind_opex: 100
  wind_lifetime: 20
  solar_capex: 1000.0
  solar_opex: 10
  solar_lifetime: 20
  carbon_price: 1.0
timeseries_values:
  load_level: 245060.03140897164
  wind_year: 2018
  solar_year: 2013
  price_year: 2023
  carbon_year: 2023
storage_values:
  CAES:
    cost: 38.3791
    lifetime: 27.7483
    annual_cost: 1.3831153620221779
    efficiency: 0.612187
    discharge_ratio: 0.1
    depth_of_discharge: 0.4
  Li-ion:
    cost: 291.837
    lifetime: 17.4607
    annual_cost: 16.713934721975637
    efficiency: 0.9311
    discharge_ratio: 2
    depth_of_discharge: 0.9
  Pb-acid:
    cost: 223.627
    lifetime: 8.08026
    annual_cost: 27.675718355597468
    efficiency: 0.786235
    discharge_ratio: 5
    depth_of_discharge: 0.5
  VRBF:
    cost: 285.688
    lifetime: 21.1813
    annual_cost: 13.487746266754165
    efficiency: 0.780583
    discharge_ratio: 0.5
    depth_of_discharge: 1.0
