cost_values:
  wind_capex: 5000.0
  wind_opex: 100
  wind_lifetime: 20
  solar_capex: 1000.0
  solar_opex: 10
  solar_lifetime: 20
  carbon_price: 1.0
timeseries_values:
  load_level: 245060.03140897164
  wind_year: 2018
  solar_year: 2013
  price_year: 2023
  carbon_year: 2023
storage_values:
  CAES:
    cost: 45.1522
    lifetime: 26.288
    annual_cost: 1.7175973828362752
    efficiency: 0.601111
    discharge_ratio: 0.1
    depth_of_discharge: 0.4
  Li-ion:
    cost: 293.003
    lifetime: 20.7184
    annual_cost: 14.142163487527995
    efficiency: 0.906115
    discharge_ratio: 2
    depth_of_discharge: 0.9
  Pb-acid:
    cost: 180.554
    lifetime: 9.45629
    annual_cost: 19.093534567996542
    efficiency: 0.785787
    discharge_ratio: 5
    depth_of_discharge: 0.5
  VRBF:
    cost: 303.599
    lifetime: 19.7348
    annual_cost: 15.383941058434846
    efficiency: 0.79413
    discharge_ratio: 0.5
    depth_of_discharge: 1.0
