cost_values:
  wind_capex: 5000.0
  wind_opex: 100
  wind_lifetime: 20
  solar_capex: 1000.0
  solar_opex: 10
  solar_lifetime: 20
  carbon_price: 1.0
timeseries_values:
  load_level: 245060.03140897164
  wind_year: 2018
  solar_year: 2013
  price_year: 2023
  carbon_year: 2023
storage_values:
  CAES:
    cost: 41.0298
    lifetime: 26.0568
    annual_cost: 1.574629271437782
    efficiency: 0.615842
    discharge_ratio: 0.1
    depth_of_discharge: 0.4
  Li-ion:
    cost: 296.125
    lifetime: 19.9619
    annual_cost: 14.834509741056713
    efficiency: 0.908017
    discharge_ratio: 2
    depth_of_discharge: 0.9
  Pb-acid:
    cost: 210.334
    lifetime: 11.3032
    annual_cost: 18.608358694882863
    efficiency: 0.768552
    discharge_ratio: 5
    depth_of_discharge: 0.5
  VRBF:
    cost: 284.969
    lifetime: 22.2123
    annual_cost: 12.829333297317252
    efficiency: 0.781931
    discharge_ratio: 0.5
    depth_of_discharge: 1.0
