cost_values:
  wind_capex: 5000.0
  wind_opex: 100
  wind_lifetime: 20
  solar_capex: 1000.0
  solar_opex: 10
  solar_lifetime: 20
  carbon_price: 1.0
timeseries_values:
  load_level: 245060.03140897164
  wind_year: 2018
  solar_year: 2013
  price_year: 2023
  carbon_year: 2023
storage_values:
  CAES:
    cost: 46.726
    lifetime: 27.034
    annual_cost: 1.7284160686542873
    efficiency: 0.618297
    discharge_ratio: 0.1
    depth_of_discharge: 0.4
  Li-ion:
    cost: 290.602
    lifetime: 22.1599
    annual_cost: 13.113867842363907
    efficiency: 0.889359
    discharge_ratio: 2
    depth_of_discharge: 0.9
  Pb-acid:
    cost: 176.939
    lifetime: 9.89322
    annual_cost: 17.884874691960757
    efficiency: 0.77635
    discharge_ratio: 5
    depth_of_discharge: 0.5
  VRBF:
    cost: 325.64
    lifetime: 19.061
    annual_cost: 17.084098420859345
    efficiency: 0.798817
    discharge_ratio: 0.5
    depth_of_discharge: 1.0
