cost_values:
  wind_capex: 5000.0
  wind_opex: 100
  wind_lifetime: 20
  solar_capex: 1000.0
  solar_opex: 10
  solar_lifetime: 20
  carbon_price: 1.0
timeseries_values:
  load_level: 245060.03140897164
  wind_year: 2018
  solar_year: 2013
  price_year: 2023
  carbon_year: 2023
storage_values:
  CAES:
    cost: 44.8648
    lifetime: 27.4422
    annual_cost: 1.634883500593976
    efficiency: 0.618129
    discharge_ratio: 0.1
    depth_of_discharge: 0.4
  Li-ion:
    cost: 278.705
    lifetime: 19.3884
    annual_cost: 14.37483237399682
    efficiency: 0.914218
    discharge_ratio: 2
    depth_of_discharge: 0.9
  Pb-acid:
    cost: 185.507
    lifetime: 9.6783
    annual_cost: 19.167312441234515
    efficiency: 0.783187
    discharge_ratio: 5
    depth_of_discharge: 0.5
  VRBF:
    cost: 287.951
    lifetime: 21.9758
    annual_cost: 13.103095222927038
    efficiency: 0.780178
    discharge_ratio: 0.5
    depth_of_discharge: 1.0
