cost_values:
  wind_capex: 5000.0
  wind_opex: 100
  wind_lifetime: 20
  solar_capex: 1000.0
  solar_opex: 10
  solar_lifetime: 20
  carbon_price: 1.0
timeseries_values:
  load_level: 245060.03140897164
  wind_year: 2018
  solar_year: 2013
  price_year: 2023
  carbon_year: 2023
storage_values:
  CAES:
    cost: 40.7038
    lifetime: 25.9889
    annual_cost: 1.5661994159044823
    efficiency: 0.609529
    discharge_ratio: 0.1
    depth_of_discharge: 0.4
  Li-ion:
    cost: 279.277
    lifetime: 19.5572
    annual_cost: 14.280009408299755
    efficiency: 0.909011
    discharge_ratio: 2
    depth_of_discharge: 0.9
  Pb-acid:
    cost: 180.074
    lifetime: 10.5236
    annual_cost: 17.11144475274621
    efficiency: 0.78126
    discharge_ratio: 5
    depth_of_discharge: 0.5
  VRBF:
    cost: 338.767
    lifetime: 20.4801
    annual_cost: 16.541276653922587
    efficiency: 0.784025
    discharge_ratio: 0.5
    depth_of_discharge: 1.0
