cost_values:
  wind_capex: 5000.0
  wind_opex: 100
  wind_lifetime: 20
  solar_capex: 1000.0
  solar_opex: 10
  solar_lifetime: 20
  carbon_price: 1.0
timeseries_values:
  load_level: 245060.03140897164
  wind_year: 2018
  solar_year: 2013
  price_year: 2023
  carbon_year: 2023
storage_values:
  CAES:
    cost: 42.5964
    lifetime: 26.7093
    annual_cost: 1.594815289056621
    efficiency: 0.605007
    discharge_ratio: 0.1
    depth_of_discharge: 0.4
  Li-ion:
    cost: 293.906
    lifetime: 19.4248
    annual_cost: 15.13045179358346
    efficiency: 0.915068
    discharge_ratio: 2
    depth_of_discharge: 0.9
  Pb-acid:
    cost: 182.919
    lifetime: 11.5445
    annual_cost: 15.84468794664126
    efficiency: 0.781996
    discharge_ratio: 5
    depth_of_discharge: 0.5
  VRBF:
    cost: 326.701
    lifetime: 19.9911
    annual_cost: 16.342322333438382
    efficiency: 0.771926
    discharge_ratio: 0.5
    depth_of_discharge: 1.0
