cost_values:
  wind_capex: 5000.0
  wind_opex: 100
  wind_lifetime: 20
  solar_capex: 1000.0
  solar_opex: 10
  solar_lifetime: 20
  carbon_price: 1.0
timeseries_values:
  load_level: 245060.03140897164
  wind_year: 2018
  solar_year: 2013
  price_year: 2023
  carbon_year: 2023
storage_values:
  CAES:
    cost: 37.5189
    lifetime: 28.4514
    annual_cost: 1.318701364431979
    efficiency: 0.616807
    discharge_ratio: 0.1
    depth_of_discharge: 0.4
  Li-ion:
    cost: 298.085
    lifetime: 19.3342
    annual_cost: 15.417498525928147
    efficiency: 0.911183
    discharge_ratio: 2
    depth_of_discharge: 0.9
  Pb-acid:
    cost: 175.053
    lifetime: 10.5069
    annual_cost: 16.660765782485797
    efficiency: 0.777193
    discharge_ratio: 5
    depth_of_discharge: 0.5
  VRBF:
    cost: 310.39
    lifetime: 21.4808
    annual_cost: 14.449648057800454
    efficiency: 0.785575
    discharge_ratio: 0.5
    depth_of_discharge: 1.0
