cost_values:
  wind_capex: 5000.0
  wind_opex: 100
  wind_lifetime: 20
  solar_capex: 1000.0
  solar_opex: 10
  solar_lifetime: 20
  carbon_price: 1.0
timeseries_values:
  load_level: 245060.03140897164
  wind_year: 2018
  solar_year: 2013
  price_year: 2023
  carbon_year: 2023
storage_values:
  CAES:
    cost: 38.7789
    lifetime: 26.3727
    annual_cost: 1.4704182734418547
    efficiency: 0.608569
    discharge_ratio: 0.1
    depth_of_discharge: 0.4
  Li-ion:
    cost: 292.173
    lifetime: 20.2569
    annual_cost: 14.423381662544614
    efficiency: 0.913207
    discharge_ratio: 2
    depth_of_discharge: 0.9
  Pb-acid:
    cost: 191.1
    lifetime: 11.2093
    annual_cost: 17.04834378596344
    efficiency: 0.794468
    discharge_ratio: 5
    depth_of_discharge: 0.5
  VRBF:
    cost: 316.291
    lifetime: 18.6969
    annual_cost: 16.91676160219074
    efficiency: 0.812835
    discharge_ratio: 0.5
    depth_of_discharge: 1.0
