cost_values:
  wind_capex: 5000.0
  wind_opex: 100
  wind_lifetime: 20
  solar_capex: 1000.0
  solar_opex: 10
  solar_lifetime: 20
  carbon_price: 1.0
timeseries_values:
  load_level: 245060.03140897164
  wind_year: 2018
  solar_year: 2013
  price_year: 2023
  carbon_year: 2023
storage_values:
  CAES:
    cost: 37.2699
    lifetime: 26.9197
    annual_cost: 1.3844842253071172
    efficiency: 0.606217
    discharge_ratio: 0.1
    depth_of_discharge: 0.4
  Li-ion:
    cost: 293.461
    lifetime: 19.5438
    annual_cost: 15.015554805104433
    efficiency: 0.898691
    discharge_ratio: 2
    depth_of_discharge: 0.9
  Pb-acid:
    cost: 191.213
    lifetime: 11.7232
    annual_cost: 16.310648969564625
    efficiency: 0.775696
    discharge_ratio: 5
    depth_of_discharge: 0.5
  VRBF:
    cost: 335.213
    lifetime: 21.0708
    annual_cost: 15.908888129544206
    efficiency: 0.786709
    discharge_ratio: 0.5
    depth_of_discharge: 1.0
