cost_values:
  wind_capex: 5000.0
  wind_opex: 100
  wind_lifetime: 20
  solar_capex: 1000.0
  solar_opex: 10
  solar_lifetime: 20
  carbon_price: 1.0
timeseries_values:
  load_level: 245060.03140897164
  wind_year: 2018
  solar_year: 2013
  price_year: 2023
  carbon_year: 2023
storage_values:
  CAES:
    cost: 33.4982
    lifetime: 25.3801
    annual_cost: 1.3198608358517105
    efficiency: 0.609039
    discharge_ratio: 0.1
    depth_of_discharge: 0.4
  Li-ion:
    cost: 269.69
    lifetime: 20.8551
    annual_cost: 12.931609054859482
    efficiency: 0.913355
    discharge_ratio: 2
    depth_of_discharge: 0.9
  Pb-acid:
    cost: 189.284
    lifetime: 10.8191
    annual_cost: 17.495355436219278
    efficiency: 0.793179
    discharge_ratio: 5
    depth_of_discharge: 0.5
  VRBF:
    cost: 324.49
    lifetime: 18.8582
    annual_cost: 17.206838404513686
    efficiency: 0.765547
    discharge_ratio: 0.5
    depth_of_discharge: 1.0
