cost_values:
  wind_capex: 5000.0
  wind_opex: 100
  wind_lifetime: 20
  solar_capex: 1000.0
  solar_opex: 10
  solar_lifetime: 20
  carbon_price: 1.0
timeseries_values:
  load_level: 245060.03140897164
  wind_year: 2018
  solar_year: 2013
  price_year: 2023
  carbon_year: 2023
storage_values:
  CAES:
    cost: 28.1538
    lifetime: 28.0263
    annual_cost: 1.004549298337633
    efficiency: 0.61402
    discharge_ratio: 0.1
    depth_of_discharge: 0.4
  Li-ion:
    cost: 282.199
    lifetime: 19.7024
    annual_cost: 14.323077391586812
    efficiency: 0.906877
    discharge_ratio: 2
    depth_of_discharge: 0.9
  Pb-acid:
    cost: 206.843
    lifetime: 11.5809
    annual_cost: 17.860701672581577
    efficiency: 0.780164
    discharge_ratio: 5
    depth_of_discharge: 0.5
  VRBF:
    cost: 296.043
    lifetime: 21.038
    annual_cost: 14.071822416579522
    efficiency: 0.788181
    discharge_ratio: 0.5
    depth_of_discharge: 1.0
