cost_values:
  wind_capex: 5000.0
  wind_opex: 100
  wind_lifetime: 20
  solar_capex: 1000.0
  solar_opex: 10
  solar_lifetime: 20
  carbon_price: 1.0
timeseries_values:
  load_level: 245060.03140897164
  wind_year: 2018
  solar_year: 2013
  price_year: 2023
  carbon_year: 2023
storage_values:
  CAES:
    cost: 34.9317
    lifetime: 26.0145
    annual_cost: 1.3427780660785331
    efficiency: 0.608631
    discharge_ratio: 0.1
    depth_of_discharge: 0.4
  Li-ion:
    cost: 287.406
    lifetime: 19.1694
    annual_cost: 14.992957526057154
    efficiency: 0.894214
    discharge_ratio: 2
    depth_of_discharge: 0.9
  Pb-acid:
    cost: 198.693
    lifetime: 10.1904
    annual_cost: 19.498056994818654
    efficiency: 0.791689
    discharge_ratio: 5
    depth_of_discharge: 0.5
  VRBF:
    cost: 306.492
    lifetime: 19.8349
    annual_cost: 15.452157560663276
    efficiency: 0.791128
    discharge_ratio: 0.5
    depth_of_discharge: 1.0
