cost_values:
  wind_capex: 5000.0
  wind_opex: 100
  wind_lifetime: 20
  solar_capex: 1000.0
  solar_opex: 10
  solar_lifetime: 20
  carbon_price: 1.0
timeseries_values:
  load_level: 245060.03140897164
  wind_year: 2018
  solar_year: 2013
  price_year: 2023
  carbon_year: 2023
storage_values:
  CAES:
    cost: 32.3017
    lifetime: 25.9722
    annual_cost: 1.2437028823126264
    efficiency: 0.610611
    discharge_ratio: 0.1
    depth_of_discharge: 0.4
  Li-ion:
    cost: 289.481
    lifetime: 19.1497
    annual_cost: 15.11673812122383
    efficiency: 0.903359
    discharge_ratio: 2
    depth_of_discharge: 0.9
  Pb-acid:
    cost: 202.494
    lifetime: 11.1158
    annual_cost: 18.21677252199572
    efficiency: 0.782891
    discharge_ratio: 5
    depth_of_discharge: 0.5
  VRBF:
    cost: 298.027
    lifetime: 22.4047
    annual_cost: 13.30198574406263
    efficiency: 0.791597
    discharge_ratio: 0.5
    depth_of_discharge: 1.0
