cost_values:
  wind_capex: 5000.0
  wind_opex: 100
  wind_lifetime: 20
  solar_capex: 1000.0
  solar_opex: 10
  solar_lifetime: 20
  carbon_price: 1.0
timeseries_values:
  load_level: 245060.03140897164
  wind_year: 2018
  solar_year: 2013
  price_year: 2023
  carbon_year: 2023
storage_values:
  CAES:
    cost: 35.553
    lifetime: 25.7458
    annual_cost: 1.3809242672591258
    efficiency: 0.613396
    discharge_ratio: 0.1
    depth_of_discharge: 0.4
  Li-ion:
    cost: 285.948
    lifetime: 19.0497
    annual_cost: 15.010630088662811
    efficiency: 0.917809
    discharge_ratio: 2
    depth_of_discharge: 0.9
  Pb-acid:
    cost: 175.235
    lifetime: 11.7278
    annual_cost: 14.941847575845427
    efficiency: 0.798009
    discharge_ratio: 5
    depth_of_discharge: 0.5
  VRBF:
    cost: 328.015
    lifetime: 19.0592
    annual_cost: 17.21032362323707
    efficiency: 0.810703
    discharge_ratio: 0.5
    depth_of_discharge: 1.0
