cost_values:
  wind_capex: 5000.0
  wind_opex: 100
  wind_lifetime: 20
  solar_capex: 1000.0
  solar_opex: 10
  solar_lifetime: 20
  carbon_price: 1.0
timeseries_values:
  load_level: 245060.03140897164
  wind_year: 2018
  solar_year: 2013
  price_year: 2023
  carbon_year: 2023
storage_values:
  CAES:
    cost: 34.3712
    lifetime: 26.9657
    annual_cost: 1.2746266553436405
    efficiency: 0.606681
    discharge_ratio: 0.1
    depth_of_discharge: 0.4
  Li-ion:
    cost: 297.906
    lifetime: 19.2217
    annual_cost: 15.498421055369715
    efficiency: 0.910469
    discharge_ratio: 2
    depth_of_discharge: 0.9
  Pb-acid:
    cost: 194.995
    lifetime: 10.377
    annual_cost: 18.791076419003566
    efficiency: 0.770475
    discharge_ratio: 5
    depth_of_discharge: 0.5
  VRBF:
    cost: 316.551
    lifetime: 19.2652
    annual_cost: 16.431233519506673
    efficiency: 0.800756
    discharge_ratio: 0.5
    depth_of_discharge: 1.0
