cost_values:
  wind_capex: 5000.0
  wind_opex: 100
  wind_lifetime: 20
  solar_capex: 1000.0
  solar_opex: 10
  solar_lifetime: 20
  carbon_price: 1.0
timeseries_values:
  load_level: 245060.03140897164
  wind_year: 2018
  solar_year: 2013
  price_year: 2023
  carbon_year: 2023
storage_values:
  CAES:
    cost: 32.6645
    lifetime: 25.8866
    annual_cost: 1.2618304450951456
    efficiency: 0.61613
    discharge_ratio: 0.1
    depth_of_discharge: 0.4
  Li-ion:
    cost: 287.029
    lifetime: 19.6213
    annual_cost: 14.628439501969797
    efficiency: 0.917586
    discharge_ratio: 2
    depth_of_discharge: 0.9
  Pb-acid:
    cost: 209.66
    lifetime: 8.30868
    annual_cost: 25.233851827245722
    efficiency: 0.766365
    discharge_ratio: 5
    depth_of_discharge: 0.5
  VRBF:
    cost: 322.601
    lifetime: 19.4391
    annual_cost: 16.59546995488474
    efficiency: 0.782194
    discharge_ratio: 0.5
    depth_of_discharge: 1.0
