cost_values:
  wind_capex: 5000.0
  wind_opex: 100
  wind_lifetime: 20
  solar_capex: 1000.0
  solar_opex: 10
  solar_lifetime: 20
  carbon_price: 1.0
timeseries_values:
  load_level: 245060.03140897164
  wind_year: 2018
  solar_year: 2013
  price_year: 2023
  carbon_year: 2023
storage_values:
  CAES:
    cost: 38.9506
    lifetime: 26.4207
    annual_cost: 1.474245572600272
    efficiency: 0.612499
    discharge_ratio: 0.1
    depth_of_discharge: 0.4
  Li-ion:
    cost: 279.9
    lifetime: 17.407
    annual_cost: 16.07973803642213
    efficiency: 0.925584
    discharge_ratio: 2
    depth_of_discharge: 0.9
  Pb-acid:
    cost: 194.129
    lifetime: 10.5964
    annual_cost: 18.320278585179874
    efficiency: 0.777861
    discharge_ratio: 5
    depth_of_discharge: 0.5
  VRBF:
    cost: 292.487
    lifetime: 18.5085
    annual_cost: 15.802847340411162
    efficiency: 0.803567
    discharge_ratio: 0.5
    depth_of_discharge: 1.0
