cost_values:
  wind_capex: 5000.0
  wind_opex: 100
  wind_lifetime: 20
  solar_capex: 1000.0
  solar_opex: 10
  solar_lifetime: 20
  carbon_price: 1.0
timeseries_values:
  load_level: 245060.03140897164
  wind_year: 2018
  solar_year: 2013
  price_year: 2023
  carbon_year: 2023
storage_values:
  CAES:
    cost: 45.2377
    lifetime: 26.3274
    annual_cost: 1.7182744972917947
    efficiency: 0.611959
    discharge_ratio: 0.1
    depth_of_discharge: 0.4
  Li-ion:
    cost: 299.299
    lifetime: 20.5152
    annual_cost: 14.589133910466385
    efficiency: 0.904898
    discharge_ratio: 2
    depth_of_discharge: 0.9
  Pb-acid:
    cost: 197.867
    lifetime: 10.3806
    annual_cost: 19.06122960137179
    efficiency: 0.799071
    discharge_ratio: 5
    depth_of_discharge: 0.5
  VRBF:
    cost: 338.395
    lifetime: 17.9816
    annual_cost: 18.81895938070027
    efficiency: 0.787487
    discharge_ratio: 0.5
    depth_of_discharge: 1.0
