cost_values:
  wind_capex: 5000.0
  wind_opex: 100
  wind_lifetime: 20
  solar_capex: 1000.0
  solar_opex: 10
  solar_lifetime: 20
  carbon_price: 1.0
timeseries_values:
  load_level: 245060.03140897164
  wind_year: 2018
  solar_year: 2013
  price_year: 2023
  carbon_year: 2023
storage_values:
  CAES:
    cost: 40.8791
    lifetime: 26.8868
    annual_cost: 1.5204152223395866
    efficiency: 0.614126
    discharge_ratio: 0.1
    depth_of_discharge: 0.4
  Li-ion:
    cost: 287.824
    lifetime: 19.8961
    annual_cost: 14.466352702288388
    efficiency: 0.91994
    discharge_ratio: 2
    depth_of_discharge: 0.9
  Pb-acid:
    cost: 198.556
    lifetime: 10.8336
    annual_cost: 18.327795008122877
    efficiency: 0.781019
    discharge_ratio: 5
    depth_of_discharge: 0.5
  VRBF:
    cost: 313.784
    lifetime: 18.2721
    annual_cost: 17.1728482221529
    efficiency: 0.79116
    discharge_ratio: 0.5
    depth_of_discharge: 1.0
