cost_values:
  wind_capex: 5000.0
  wind_opex: 100
  wind_lifetime: 20
  solar_capex: 1000.0
  solar_opex: 10
  solar_lifetime: 20
  carbon_price: 1.0
timeseries_values:
  load_level: 245060.03140897164
  wind_year: 2018
  solar_year: 2013
  price_year: 2023
  carbon_year: 2023
storage_values:
  CAES:
    cost: 35.3145
    lifetime: 25.8171
    annual_cost: 1.3678724566275842
    efficiency: 0.611873
    discharge_ratio: 0.1
    depth_of_discharge: 0.4
  Li-ion:
    cost: 272.596
    lifetime: 19.7675
    annual_cost: 13.79011002908815
    efficiency: 0.919976
    discharge_ratio: 2
    depth_of_discharge: 0.9
  Pb-acid:
    cost: 196.743
    lifetime: 10.9257
    annual_cost: 18.007358796232733
    efficiency: 0.784638
    discharge_ratio: 5
    depth_of_discharge: 0.5
  VRBF:
    cost: 294.6
    lifetime: 20.0772
    annual_cost: 14.67336082720698
    efficiency: 0.794139
    discharge_ratio: 0.5
    depth_of_discharge: 1.0
