cost_values:
  wind_capex: 5000.0
  wind_opex: 100
  wind_lifetime: 20
  solar_capex: 1000.0
  solar_opex: 10
  solar_lifetime: 20
  carbon_price: 1.0
timeseries_values:
  load_level: 245060.03140897164
  wind_year: 2018
  solar_year: 2013
  price_year: 2023
  carbon_year: 2023
storage_values:
  CAES:
    cost: 39.1933
    lifetime: 26.6248
    annual_cost: 1.4720598840179082
    efficiency: 0.610317
    discharge_ratio: 0.1
    depth_of_discharge: 0.4
  Li-ion:
    cost: 285.733
    lifetime: 19.0121
    annual_cost: 15.029007842374067
    efficiency: 0.911139
    discharge_ratio: 2
    depth_of_discharge: 0.9
  Pb-acid:
    cost: 193.261
    lifetime: 11.2278
    annual_cost: 17.21272199362297
    efficiency: 0.773408
    discharge_ratio: 5
    depth_of_discharge: 0.5
  VRBF:
    cost: 299.924
    lifetime: 18.9597
    annual_cost: 15.819026672362957
    efficiency: 0.788722
    discharge_ratio: 0.5
    depth_of_discharge: 1.0
