cost_values:
  wind_capex: 5000.0
  wind_opex: 100
  wind_lifetime: 20
  solar_capex: 1000.0
  solar_opex: 10
  solar_lifetime: 20
  carbon_price: 1.0
timeseries_values:
  load_level: 245060.03140897164
  wind_year: 2018
  solar_year: 2013
  price_year: 2023
  carbon_year: 2023
storage_values:
  CAES:
    cost: 36.5699
    lifetime: 25.8693
    annual_cost: 1.413640879343469
    efficiency: 0.605381
    discharge_ratio: 0.1
    depth_of_discharge: 0.4
  Li-ion:
    cost: 293.293
    lifetime: 21.5533
    annual_cost: 13.607800197649548
    efficiency: 0.901919
    discharge_ratio: 2
    depth_of_discharge: 0.9
  Pb-acid:
    cost: 217.892
    lifetime: 8.82312
    annual_cost: 24.695572541232583
    efficiency: 0.77334
    discharge_ratio: 5
    depth_of_discharge: 0.5
  VRBF:
    cost: 337.614
    lifetime: 17.7446
    annual_cost: 19.02629532364776
    efficiency: 0.78986
    discharge_ratio: 0.5
    depth_of_discharge: 1.0
