cost_values:
  wind_capex: 5000.0
  wind_opex: 100
  wind_lifetime: 20
  solar_capex: 1000.0
  solar_opex: 10
  solar_lifetime: 20
  carbon_price: 1.0
timeseries_values:
  load_level: 245060.03140897164
  wind_year: 2018
  solar_year: 2013
  price_year: 2023
  carbon_year: 2023
storage_values:
  CAES:
    cost: 39.5371
    lifetime: 26.9301
    annual_cost: 1.4681378828894065
    efficiency: 0.612109
    discharge_ratio: 0.1
    depth_of_discharge: 0.4
  Li-ion:
    cost: 298.66
    lifetime: 18.714
    annual_cost: 15.95917494923587
    efficiency: 0.914311
    discharge_ratio: 2
    depth_of_discharge: 0.9
  Pb-acid:
    cost: 188.49
    lifetime: 9.77411
    annual_cost: 19.28462028767837
    efficiency: 0.78032
    discharge_ratio: 5
    depth_of_discharge: 0.5
  VRBF:
    cost: 318.351
    lifetime: 21.9279
    annual_cost: 14.518079706675056
    efficiency: 0.75413
    discharge_ratio: 0.5
    depth_of_discharge: 1.0
