cost_values:
  wind_capex: 5000.0
  wind_opex: 100
  wind_lifetime: 20
  solar_capex: 1000.0
  solar_opex: 10
  solar_lifetime: 20
  carbon_price: 1.0
timeseries_values:
  load_level: 245060.03140897164
  wind_year: 2018
  solar_year: 2013
  price_year: 2023
  carbon_year: 2023
storage_values:
  CAES:
    cost: 37.8568
    lifetime: 26.0556
    annual_cost: 1.4529237476780423
    efficiency: 0.605328
    discharge_ratio: 0.1
    depth_of_discharge: 0.4
  Li-ion:
    cost: 296.943
    lifetime: 19.8177
    annual_cost: 14.983726668584145
    efficiency: 0.908008
    discharge_ratio: 2
    depth_of_discharge: 0.9
  Pb-acid:
    cost: 171.156
    lifetime: 10.4698
    annual_cost: 16.34759021184741
    efficiency: 0.793972
    discharge_ratio: 5
    depth_of_discharge: 0.5
  VRBF:
    cost: 360.633
    lifetime: 22.0027
    annual_cost: 16.39039754211983
    efficiency: 0.811564
    discharge_ratio: 0.5
    depth_of_discharge: 1.0
