cost_values:
  wind_capex: 5000.0
  wind_opex: 100
  wind_lifetime: 20
  solar_capex: 1000.0
  solar_opex: 10
  solar_lifetime: 20
  carbon_price: 1.0
timeseries_values:
  load_level: 245060.03140897164
  wind_year: 2018
  solar_year: 2013
  price_year: 2023
  carbon_year: 2023
storage_values:
  CAES:
    cost: 37.2685
    lifetime: 26.2296
    annual_cost: 1.4208565895019367
    efficiency: 0.619235
    discharge_ratio: 0.1
    depth_of_discharge: 0.4
  Li-ion:
    cost: 299.442
    lifetime: 20.0313
    annual_cost: 14.948705276242679
    efficiency: 0.903343
    discharge_ratio: 2
    depth_of_discharge: 0.9
  Pb-acid:
    cost: 190.495
    lifetime: 10.7143
    annual_cost: 17.779509627320497
    efficiency: 0.78957
    discharge_ratio: 5
    depth_of_discharge: 0.5
  VRBF:
    cost: 315.532
    lifetime: 20.3595
    annual_cost: 15.498023035929172
    efficiency: 0.794392
    discharge_ratio: 0.5
    depth_of_discharge: 1.0
