cost_values:
  wind_capex: 5000.0
  wind_opex: 100
  wind_lifetime: 20
  solar_capex: 1000.0
  solar_opex: 10
  solar_lifetime: 20
  carbon_price: 1.0
timeseries_values:
  load_level: 245060.03140897164
  wind_year: 2018
  solar_year: 2013
  price_year: 2023
  carbon_year: 2023
storage_values:
  CAES:
    cost: 40.2818
    lifetime: 27.382
    annual_cost: 1.4711051055437876
    efficiency: 0.621628
    discharge_ratio: 0.1
    depth_of_discharge: 0.4
  Li-ion:
    cost: 281.211
    lifetime: 20.4801
    annual_cost: 13.730938813775325
    efficiency: 0.906821
    discharge_ratio: 2
    depth_of_discharge: 0.9
  Pb-acid:
    cost: 206.973
    lifetime: 11.0692
    annual_cost: 18.69809923029668
    efficiency: 0.777424
    discharge_ratio: 5
    depth_of_discharge: 0.5
  VRBF:
    cost: 327.559
    lifetime: 18.8715
    annual_cost: 17.35733778448984
    efficiency: 0.793509
    discharge_ratio: 0.5
    depth_of_discharge: 1.0
