cost_values:
  wind_capex: 5000.0
  wind_opex: 100
  wind_lifetime: 20
  solar_capex: 1000.0
  solar_opex: 10
  solar_lifetime: 20
  carbon_price: 1.0
timeseries_values:
  load_level: 245060.03140897164
  wind_year: 2018
  solar_year: 2013
  price_year: 2023
  carbon_year: 2023
storage_values:
  CAES:
    cost: 37.4741
    lifetime: 25.643
    annual_cost: 1.4613773739422065
    efficiency: 0.606574
    discharge_ratio: 0.1
    depth_of_discharge: 0.4
  Li-ion:
    cost: 294.851
    lifetime: 19.4892
    annual_cost: 15.128943209572482
    efficiency: 0.901211
    discharge_ratio: 2
    depth_of_discharge: 0.9
  Pb-acid:
    cost: 182.701
    lifetime: 9.5078
    annual_cost: 19.21590693956541
    efficiency: 0.785557
    discharge_ratio: 5
    depth_of_discharge: 0.5
  VRBF:
    cost: 311.402
    lifetime: 23.202
    annual_cost: 13.421342987673475
    efficiency: 0.804191
    discharge_ratio: 0.5
    depth_of_discharge: 1.0
