cost_values:
  wind_capex: 5000.0
  wind_opex: 100
  wind_lifetime: 20
  solar_capex: 1000.0
  solar_opex: 10
  solar_lifetime: 20
  carbon_price: 1.0
timeseries_values:
  load_level: 245060.03140897164
  wind_year: 2018
  solar_year: 2013
  price_year: 2023
  carbon_year: 2023
storage_values:
  CAES:
    cost: 37.3582
    lifetime: 26.1627
    annual_cost: 1.4279183723392461
    efficiency: 0.618571
    discharge_ratio: 0.1
    depth_of_discharge: 0.4
  Li-ion:
    cost: 288.479
    lifetime: 17.7566
    annual_cost: 16.246297151481702
    efficiency: 0.910049
    discharge_ratio: 2
    depth_of_discharge: 0.9
  Pb-acid:
    cost: 214.684
    lifetime: 11.7943
    annual_cost: 18.20235198358529
    efficiency: 0.77862
    discharge_ratio: 5
    depth_of_discharge: 0.5
  VRBF:
    cost: 309.696
    lifetime: 20.6403
    annual_cost: 15.004433075100653
    efficiency: 0.802347
    discharge_ratio: 0.5
    depth_of_discharge: 1.0
