cost_values:
  wind_capex: 5000.0
  wind_opex: 100
  wind_lifetime: 20
  solar_capex: 1000.0
  solar_opex: 10
  solar_lifetime: 20
  carbon_price: 1.0
timeseries_values:
  load_level: 245060.03140897164
  wind_year: 2018
  solar_year: 2013
  price_year: 2023
  carbon_year: 2023
storage_values:
  CAES:
    cost: 40.9803
    lifetime: 26.4278
    annual_cost: 1.5506512081974284
    efficiency: 0.621527
    discharge_ratio: 0.1
    depth_of_discharge: 0.4
  Li-ion:
    cost: 293.844
    lifetime: 19.0871
    annual_cost: 15.394900220567818
    efficiency: 0.91501
    discharge_ratio: 2
    depth_of_discharge: 0.9
  Pb-acid:
    cost: 195.729
    lifetime: 11.4326
    annual_cost: 17.120252610954637
    efficiency: 0.781904
    discharge_ratio: 5
    depth_of_discharge: 0.5
  VRBF:
    cost: 331.342
    lifetime: 20.0803
    annual_cost: 16.500849090900033
    efficiency: 0.807675
    discharge_ratio: 0.5
    depth_of_discharge: 1.0
