cost_values:
  wind_capex: 5000.0
  wind_opex: 100
  wind_lifetime: 20
  solar_capex: 1000.0
  solar_opex: 10
  solar_lifetime: 20
  carbon_price: 1.0
timeseries_values:
  load_level: 245060.03140897164
  wind_year: 2018
  solar_year: 2013
  price_year: 2023
  carbon_year: 2023
storage_values:
  CAES:
    cost: 34.4206
    lifetime: 26.3997
    annual_cost: 1.3038254222585863
    efficiency: 0.615669
    discharge_ratio: 0.1
    depth_of_discharge: 0.4
  Li-ion:
    cost: 293.97
    lifetime: 19.8963
    annual_cost: 14.77510893985314
    efficiency: 0.915547
    discharge_ratio: 2
    depth_of_discharge: 0.9
  Pb-acid:
    cost: 174.905
    lifetime: 8.96278
    annual_cost: 19.514592570608674
    efficiency: 0.796878
    discharge_ratio: 5
    depth_of_discharge: 0.5
  VRBF:
    cost: 347.145
    lifetime: 21.4537
    annual_cost: 16.18112493416054
    efficiency: 0.772013
    discharge_ratio: 0.5
    depth_of_discharge: 1.0
