cost_values:
  wind_capex: 5000.0
  wind_opex: 100
  wind_lifetime: 20
  solar_capex: 1000.0
  solar_opex: 10
  solar_lifetime: 20
  carbon_price: 1.0
timeseries_values:
  load_level: 245060.03140897164
  wind_year: 2018
  solar_year: 2013
  price_year: 2023
  carbon_year: 2023
storage_values:
  CAES:
    cost: 38.9664
    lifetime: 26.2286
    annual_cost: 1.4856454404733763
    efficiency: 0.609571
    discharge_ratio: 0.1
    depth_of_discharge: 0.4
  Li-ion:
    cost: 295.712
    lifetime: 17.9238
    annual_cost: 16.498287193563865
    efficiency: 0.90515
    discharge_ratio: 2
    depth_of_discharge: 0.9
  Pb-acid:
    cost: 213.765
    lifetime: 11.4851
    annual_cost: 18.6123760350367
    efficiency: 0.794719
    discharge_ratio: 5
    depth_of_discharge: 0.5
  VRBF:
    cost: 310.646
    lifetime: 19.9177
    annual_cost: 15.596479513196806
    efficiency: 0.777613
    discharge_ratio: 0.5
    depth_of_discharge: 1.0
