cost_values:
  wind_capex: 5000.0
  wind_opex: 100
  wind_lifetime: 20
  solar_capex: 1000.0
  solar_opex: 10
  solar_lifetime: 20
  carbon_price: 1.0
timeseries_values:
  load_level: 245060.03140897164
  wind_year: 2018
  solar_year: 2013
  price_year: 2023
  carbon_year: 2023
storage_values:
  CAES:
    cost: 36.5509
    lifetime: 26.4228
    annual_cost: 1.383309111827664
    efficiency: 0.59508
    discharge_ratio: 0.1
    depth_of_discharge: 0.4
  Li-ion:
    cost: 299.493
    lifetime: 18.8943
    annual_cost: 15.85097092774011
    efficiency: 0.906178
    discharge_ratio: 2
    depth_of_discharge: 0.9
  Pb-acid:
    cost: 191.489
    lifetime: 10.799
    annual_cost: 17.73210482452079
    efficiency: 0.769401
    discharge_ratio: 5
    depth_of_discharge: 0.5
  VRBF:
    cost: 318.523
    lifetime: 21.1069
    annual_cost: 15.090941824711352
    efficiency: 0.7892
    discharge_ratio: 0.5
    depth_of_discharge: 1.0
