cost_values:
  wind_capex: 5000.0
  wind_opex: 100
  wind_lifetime: 20
  solar_capex: 1000.0
  solar_opex: 10
  solar_lifetime: 20
  carbon_price: 1.0
timeseries_values:
  load_level: 245060.03140897164
  wind_year: 2018
  solar_year: 2013
  price_year: 2023
  carbon_year: 2023
storage_values:
  CAES:
    cost: 36.3276
    lifetime: 26.7746
    annual_cost: 1.3567933787993096
    efficiency: 0.607243
    discharge_ratio: 0.1
    depth_of_discharge: 0.4
  Li-ion:
    cost: 284.546
    lifetime: 17.9986
    annual_cost: 15.80934072650095
    efficiency: 0.922267
    discharge_ratio: 2
    depth_of_discharge: 0.9
  Pb-acid:
    cost: 193.422
    lifetime: 10.351
    annual_cost: 18.68631050140083
    efficiency: 0.783029
    discharge_ratio: 5
    depth_of_discharge: 0.5
  VRBF:
    cost: 349.146
    lifetime: 23.4722
    annual_cost: 14.874873254317874
    efficiency: 0.770893
    discharge_ratio: 0.5
    depth_of_discharge: 1.0
