cost_values:
  wind_capex: 5000.0
  wind_opex: 100
  wind_lifetime: 20
  solar_capex: 1000.0
  solar_opex: 10
  solar_lifetime: 20
  carbon_price: 1.0
timeseries_values:
  load_level: 245060.03140897164
  wind_year: 2018
  solar_year: 2013
  price_year: 2023
  carbon_year: 2023
storage_values:
  CAES:
    cost: 44.1148
    lifetime: 26.1882
    annual_cost: 1.684529673669821
    efficiency: 0.603659
    discharge_ratio: 0.1
    depth_of_discharge: 0.4
  Li-ion:
    cost: 293.444
    lifetime: 18.3471
    annual_cost: 15.994026303884537
    efficiency: 0.913406
    discharge_ratio: 2
    depth_of_discharge: 0.9
  Pb-acid:
    cost: 189.376
    lifetime: 10.1608
    annual_cost: 18.63790252736005
    efficiency: 0.799097
    discharge_ratio: 5
    depth_of_discharge: 0.5
  VRBF:
    cost: 298.915
    lifetime: 20.3988
    annual_cost: 14.653558052434457
    efficiency: 0.793364
    discharge_ratio: 0.5
    depth_of_discharge: 1.0
