cost_values:
  wind_capex: 5000.0
  wind_opex: 100
  wind_lifetime: 20
  solar_capex: 1000.0
  solar_opex: 10
  solar_lifetime: 20
  carbon_price: 1.0
timeseries_values:
  load_level: 245060.03140897164
  wind_year: 2018
  solar_year: 2013
  price_year: 2023
  carbon_year: 2023
storage_values:
  CAES:
    cost: 38.1837
    lifetime: 25.4664
    annual_cost: 1.4993756479125437
    efficiency: 0.614842
    discharge_ratio: 0.1
    depth_of_discharge: 0.4
  Li-ion:
    cost: 293.54
    lifetime: 18.0234
    annual_cost: 16.28660519102944
    efficiency: 0.913091
    discharge_ratio: 2
    depth_of_discharge: 0.9
  Pb-acid:
    cost: 206.051
    lifetime: 9.58721
    annual_cost: 21.492279818633364
    efficiency: 0.784053
    discharge_ratio: 5
    depth_of_discharge: 0.5
  VRBF:
    cost: 332.857
    lifetime: 21.5211
    annual_cost: 15.46654213771601
    efficiency: 0.770251
    discharge_ratio: 0.5
    depth_of_discharge: 1.0
