cost_values:
  wind_capex: 5000.0
  wind_opex: 100
  wind_lifetime: 20
  solar_capex: 1000.0
  solar_opex: 10
  solar_lifetime: 20
  carbon_price: 1.0
timeseries_values:
  load_level: 245060.03140897164
  wind_year: 2018
  solar_year: 2013
  price_year: 2023
  carbon_year: 2023
storage_values:
  CAES:
    cost: 46.7233
    lifetime: 25.9024
    annual_cost: 1.8038212675273335
    efficiency: 0.613202
    discharge_ratio: 0.1
    depth_of_discharge: 0.4
  Li-ion:
    cost: 289.851
    lifetime: 20.219
    annual_cost: 14.335575448835254
    efficiency: 0.913982
    discharge_ratio: 2
    depth_of_discharge: 0.9
  Pb-acid:
    cost: 201.456
    lifetime: 10.5337
    annual_cost: 19.12490387992823
    efficiency: 0.77116
    discharge_ratio: 5
    depth_of_discharge: 0.5
  VRBF:
    cost: 317.522
    lifetime: 21.0597
    annual_cost: 15.077232819080994
    efficiency: 0.781425
    discharge_ratio: 0.5
    depth_of_discharge: 1.0
