cost_values:
  wind_capex: 5000.0
  wind_opex: 100
  wind_lifetime: 20
  solar_capex: 1000.0
  solar_opex: 10
  solar_lifetime: 20
  carbon_price: 1.0
timeseries_values:
  load_level: 245060.03140897164
  wind_year: 2018
  solar_year: 2013
  price_year: 2023
  carbon_year: 2023
storage_values:
  CAES:
    cost: 44.8482
    lifetime: 26.46
    annual_cost: 1.6949433106575962
    efficiency: 0.612815
    discharge_ratio: 0.1
    depth_of_discharge: 0.4
  Li-ion:
    cost: 287.174
    lifetime: 18.7548
    annual_cost: 15.312026787808987
    efficiency: 0.902034
    discharge_ratio: 2
    depth_of_discharge: 0.9
  Pb-acid:
    cost: 207.144
    lifetime: 10.6735
    annual_cost: 19.407317187426806
    efficiency: 0.77379
    discharge_ratio: 5
    depth_of_discharge: 0.5
  VRBF:
    cost: 298.99
    lifetime: 18.7967
    annual_cost: 15.906515505381263
    efficiency: 0.793659
    discharge_ratio: 0.5
    depth_of_discharge: 1.0
