cost_values:
  wind_capex: 5000.0
  wind_opex: 100
  wind_lifetime: 20
  solar_capex: 1000.0
  solar_opex: 10
  solar_lifetime: 20
  carbon_price: 1.0
timeseries_values:
  load_level: 259495.22321838085
  wind_year: 2012
  solar_year: 2012
  price_year: 2023
  carbon_year: 2023
storage_values:
  CAES:
    cost: 42.4749
    lifetime: 24.8526
    annual_cost: 1.7090726925955433
    efficiency: 0.58071
    discharge_ratio: 0.1
    depth_of_discharge: 0.4
  Li-ion:
    cost: 207.563
    lifetime: 26.3461
    annual_cost: 7.87831975131044
    efficiency: 0.893791
    discharge_ratio: 2
    depth_of_discharge: 0.9
  Pb-acid:
    cost: 184.127
    lifetime: 10.4267
    annual_cost: 17.6591826752472
    efficiency: 0.736537
    discharge_ratio: 5
    depth_of_discharge: 0.5
  VRBF:
    cost: 218.571
    lifetime: 18.868
    annual_cost: 11.584216663133349
    efficiency: 0.73138
    discharge_ratio: 0.5
    depth_of_discharge: 1.0
