cost_values:
  wind_capex: 5000.0
  wind_opex: 100
  wind_lifetime: 20
  solar_capex: 1000.0
  solar_opex: 10
  solar_lifetime: 20
  carbon_price: 1.0
timeseries_values:
  load_level: 259495.22321838085
  wind_year: 2012
  solar_year: 2012
  price_year: 2023
  carbon_year: 2023
storage_values:
  CAES:
    cost: 44.4974
    lifetime: 26.4231
    annual_cost: 1.6840340459673542
    efficiency: 0.577637
    discharge_ratio: 0.1
    depth_of_discharge: 0.4
  Li-ion:
    cost: 200.909
    lifetime: 25.658
    annual_cost: 7.83026736300569
    efficiency: 0.901875
    discharge_ratio: 2
    depth_of_discharge: 0.9
  Pb-acid:
    cost: 186.516
    lifetime: 12.1262
    annual_cost: 15.38124061948508
    efficiency: 0.71083
    discharge_ratio: 5
    depth_of_discharge: 0.5
  VRBF:
    cost: 209.946
    lifetime: 18.082
    annual_cost: 11.610773144563654
    efficiency: 0.742231
    discharge_ratio: 0.5
    depth_of_discharge: 1.0
