cost_values:
  wind_capex: 5000.0
  wind_opex: 100
  wind_lifetime: 20
  solar_capex: 1000.0
  solar_opex: 10
  solar_lifetime: 20
  carbon_price: 1.0
timeseries_values:
  load_level: 259495.22321838085
  wind_year: 2012
  solar_year: 2012
  price_year: 2023
  carbon_year: 2023
storage_values:
  CAES:
    cost: 46.6147
    lifetime: 25.7209
    annual_cost: 1.812327717925889
    efficiency: 0.595247
    discharge_ratio: 0.1
    depth_of_discharge: 0.4
  Li-ion:
    cost: 176.395
    lifetime: 24.7937
    annual_cost: 7.114508927671142
    efficiency: 0.894149
    discharge_ratio: 2
    depth_of_discharge: 0.9
  Pb-acid:
    cost: 199.253
    lifetime: 11.2522
    annual_cost: 17.707914896642432
    efficiency: 0.724474
    discharge_ratio: 5
    depth_of_discharge: 0.5
  VRBF:
    cost: 211.136
    lifetime: 20.2214
    annual_cost: 10.44121574173895
    efficiency: 0.717175
    discharge_ratio: 0.5
    depth_of_discharge: 1.0
