cost_values:
  wind_capex: 5000.0
  wind_opex: 100
  wind_lifetime: 20
  solar_capex: 1000.0
  solar_opex: 10
  solar_lifetime: 20
  carbon_price: 1.0
timeseries_values:
  load_level: 259495.22321838085
  wind_year: 2012
  solar_year: 2012
  price_year: 2023
  carbon_year: 2023
storage_values:
  CAES:
    cost: 42.8294
    lifetime: 26.0643
    annual_cost: 1.6432208039348841
    efficiency: 0.584186
    discharge_ratio: 0.1
    depth_of_discharge: 0.4
  Li-ion:
    cost: 208.775
    lifetime: 25.5788
    annual_cost: 8.16203262076407
    efficiency: 0.899665
    discharge_ratio: 2
    depth_of_discharge: 0.9
  Pb-acid:
    cost: 198.45
    lifetime: 12.3003
    annual_cost: 16.1337528352967
    efficiency: 0.712755
    discharge_ratio: 5
    depth_of_discharge: 0.5
  VRBF:
    cost: 223.278
    lifetime: 17.4012
    annual_cost: 12.831184056271981
    efficiency: 0.736262
    discharge_ratio: 0.5
    depth_of_discharge: 1.0
