cost_values:
  wind_capex: 5000.0
  wind_opex: 100
  wind_lifetime: 20
  solar_capex: 1000.0
  solar_opex: 10
  solar_lifetime: 20
  carbon_price: 1.0
timeseries_values:
  load_level: 259495.22321838085
  wind_year: 2012
  solar_year: 2012
  price_year: 2023
  carbon_year: 2023
storage_values:
  CAES:
    cost: 46.6872
    lifetime: 26.5546
    annual_cost: 1.758158661776114
    efficiency: 0.588078
    discharge_ratio: 0.1
    depth_of_discharge: 0.4
  Li-ion:
    cost: 204.331
    lifetime: 25.0441
    annual_cost: 8.15884779249404
    efficiency: 0.886689
    discharge_ratio: 2
    depth_of_discharge: 0.9
  Pb-acid:
    cost: 196.313
    lifetime: 11.4496
    annual_cost: 17.145839155953045
    efficiency: 0.734597
    discharge_ratio: 5
    depth_of_discharge: 0.5
  VRBF:
    cost: 202.587
    lifetime: 22.7032
    annual_cost: 8.923279537686318
    efficiency: 0.739921
    discharge_ratio: 0.5
    depth_of_discharge: 1.0
