cost_values:
  wind_capex: 5000.0
  wind_opex: 100
  wind_lifetime: 20
  solar_capex: 1000.0
  solar_opex: 10
  solar_lifetime: 20
  carbon_price: 1.0
timeseries_values:
  load_level: 259495.22321838085
  wind_year: 2012
  solar_year: 2012
  price_year: 2023
  carbon_year: 2023
storage_values:
  CAES:
    cost: 43.3258
    lifetime: 25.9787
    annual_cost: 1.6677431896130293
    efficiency: 0.57776
    discharge_ratio: 0.1
    depth_of_discharge: 0.4
  Li-ion:
    cost: 205.859
    lifetime: 25.2661
    annual_cost: 8.147636556492692
    efficiency: 0.905253
    discharge_ratio: 2
    depth_of_discharge: 0.9
  Pb-acid:
    cost: 214.292
    lifetime: 9.93844
    annual_cost: 21.561935273543938
    efficiency: 0.734819
    discharge_ratio: 5
    depth_of_discharge: 0.5
  VRBF:
    cost: 193.26
    lifetime: 19.6313
    annual_cost: 9.844483044933346
    efficiency: 0.722845
    discharge_ratio: 0.5
    depth_of_discharge: 1.0
