cost_values:
  wind_capex: 5000.0
  wind_opex: 100
  wind_lifetime: 20
  solar_capex: 1000.0
  solar_opex: 10
  solar_lifetime: 20
  carbon_price: 1.0
timeseries_values:
  load_level: 259495.22321838085
  wind_year: 2012
  solar_year: 2012
  price_year: 2023
  carbon_year: 2023
storage_values:
  CAES:
    cost: 41.2855
    lifetime: 26.7647
    annual_cost: 1.5425355038539568
    efficiency: 0.592195
    discharge_ratio: 0.1
    depth_of_discharge: 0.4
  Li-ion:
    cost: 191.387
    lifetime: 25.3992
    annual_cost: 7.535158587672052
    efficiency: 0.894972
    discharge_ratio: 2
    depth_of_discharge: 0.9
  Pb-acid:
    cost: 206.574
    lifetime: 12.4387
    annual_cost: 16.60736250572809
    efficiency: 0.731599
    discharge_ratio: 5
    depth_of_discharge: 0.5
  VRBF:
    cost: 199.874
    lifetime: 20.5945
    annual_cost: 9.705212556750588
    efficiency: 0.727618
    discharge_ratio: 0.5
    depth_of_discharge: 1.0
