cost_values:
  wind_capex: 5000.0
  wind_opex: 100
  wind_lifetime: 20
  solar_capex: 1000.0
  solar_opex: 10
  solar_lifetime: 20
  carbon_price: 1.0
timeseries_values:
  load_level: 259495.22321838085
  wind_year: 2012
  solar_year: 2012
  price_year: 2023
  carbon_year: 2023
storage_values:
  CAES:
    cost: 39.9142
    lifetime: 25.2404
    annual_cost: 1.5813616265986277
    efficiency: 0.586129
    discharge_ratio: 0.1
    depth_of_discharge: 0.4
  Li-ion:
    cost: 193.085
    lifetime: 26.1417
    annual_cost: 7.386091952703918
    efficiency: 0.884389
    discharge_ratio: 2
    depth_of_discharge: 0.9
  Pb-acid:
    cost: 203.735
    lifetime: 11.752
    annual_cost: 17.33619809394146
    efficiency: 0.733311
    discharge_ratio: 5
    depth_of_discharge: 0.5
  VRBF:
    cost: 182.681
    lifetime: 20.2129
    annual_cost: 9.037842170099292
    efficiency: 0.750653
    discharge_ratio: 0.5
    depth_of_discharge: 1.0
