cost_values:
  wind_capex: 5000.0
  wind_opex: 100
  wind_lifetime: 20
  solar_capex: 1000.0
  solar_opex: 10
  solar_lifetime: 20
  carbon_price: 1.0
timeseries_values:
  load_level: 259495.22321838085
  wind_year: 2012
  solar_year: 2012
  price_year: 2023
  carbon_year: 2023
storage_values:
  CAES:
    cost: 40.5279
    lifetime: 24.8917
    annual_cost: 1.6281692291004632
    efficiency: 0.585085
    discharge_ratio: 0.1
    depth_of_discharge: 0.4
  Li-ion:
    cost: 207.429
    lifetime: 26.191
    annual_cost: 7.919857966477035
    efficiency: 0.891841
    discharge_ratio: 2
    depth_of_discharge: 0.9
  Pb-acid:
    cost: 200.237
    lifetime: 11.1875
    annual_cost: 17.89827932960894
    efficiency: 0.718746
    discharge_ratio: 5
    depth_of_discharge: 0.5
  VRBF:
    cost: 227.154
    lifetime: 18.6871
    annual_cost: 12.15565818131224
    efficiency: 0.738491
    discharge_ratio: 0.5
    depth_of_discharge: 1.0
