cost_values:
  wind_capex: 5000.0
  wind_opex: 100
  wind_lifetime: 20
  solar_capex: 1000.0
  solar_opex: 10
  solar_lifetime: 20
  carbon_price: 1.0
timeseries_values:
  load_level: 259495.22321838085
  wind_year: 2012
  solar_year: 2012
  price_year: 2023
  carbon_year: 2023
storage_values:
  CAES:
    cost: 41.0839
    lifetime: 25.5932
    annual_cost: 1.6052662425956894
    efficiency: 0.587461
    discharge_ratio: 0.1
    depth_of_discharge: 0.4
  Li-ion:
    cost: 213.456
    lifetime: 25.6526
    annual_cost: 8.32102788801135
    efficiency: 0.893836
    discharge_ratio: 2
    depth_of_discharge: 0.9
  Pb-acid:
    cost: 198.784
    lifetime: 10.531
    annual_cost: 18.87608014433577
    efficiency: 0.750031
    discharge_ratio: 5
    depth_of_discharge: 0.5
  VRBF:
    cost: 182.169
    lifetime: 17.367
    annual_cost: 10.489376403523925
    efficiency: 0.735686
    discharge_ratio: 0.5
    depth_of_discharge: 1.0
