cost_values:
  wind_capex: 5000.0
  wind_opex: 100
  wind_lifetime: 20
  solar_capex: 1000.0
  solar_opex: 10
  solar_lifetime: 20
  carbon_price: 1.0
timeseries_values:
  load_level: 259495.22321838085
  wind_year: 2012
  solar_year: 2012
  price_year: 2023
  carbon_year: 2023
storage_values:
  CAES:
    cost: 39.4177
    lifetime: 26.1027
    annual_cost: 1.5101004876890132
    efficiency: 0.585858
    discharge_ratio: 0.1
    depth_of_discharge: 0.4
  Li-ion:
    cost: 188.248
    lifetime: 22.8292
    annual_cost: 8.245930650219893
    efficiency: 0.897361
    discharge_ratio: 2
    depth_of_discharge: 0.9
  Pb-acid:
    cost: 216.984
    lifetime: 11.3621
    annual_cost: 19.097173937916406
    efficiency: 0.712948
    discharge_ratio: 5
    depth_of_discharge: 0.5
  VRBF:
    cost: 227.85
    lifetime: 19.3199
    annual_cost: 11.793539304033665
    efficiency: 0.717787
    discharge_ratio: 0.5
    depth_of_discharge: 1.0
