cost_values:
  wind_capex: 5000.0
  wind_opex: 100
  wind_lifetime: 20
  solar_capex: 1000.0
  solar_opex: 10
  solar_lifetime: 20
  carbon_price: 1.0
timeseries_values:
  load_level: 259495.22321838085
  wind_year: 2012
  solar_year: 2012
  price_year: 2023
  carbon_year: 2023
storage_values:
  CAES:
    cost: 47.8572
    lifetime: 26.1937
    annual_cost: 1.8270500158435043
    efficiency: 0.574046
    discharge_ratio: 0.1
    depth_of_discharge: 0.4
  Li-ion:
    cost: 209.961
    lifetime: 27.0281
    annual_cost: 7.76824860053056
    efficiency: 0.902204
    discharge_ratio: 2
    depth_of_discharge: 0.9
  Pb-acid:
    cost: 197.504
    lifetime: 10.5102
    annual_cost: 18.791650016174763
    efficiency: 0.723269
    discharge_ratio: 5
    depth_of_discharge: 0.5
  VRBF:
    cost: 185.225
    lifetime: 17.9061
    annual_cost: 10.344240230982738
    efficiency: 0.732208
    discharge_ratio: 0.5
    depth_of_discharge: 1.0
