cost_values:
  wind_capex: 5000.0
  wind_opex: 100
  wind_lifetime: 20
  solar_capex: 1000.0
  solar_opex: 10
  solar_lifetime: 20
  carbon_price: 1.0
timeseries_values:
  load_level: 259495.22321838085
  wind_year: 2012
  solar_year: 2012
  price_year: 2023
  carbon_year: 2023
storage_values:
  CAES:
    cost: 45.9284
    lifetime: 25.8236
    annual_cost: 1.7785436577394325
    efficiency: 0.580733
    discharge_ratio: 0.1
    depth_of_discharge: 0.4
  Li-ion:
    cost: 201.791
    lifetime: 25.9327
    annual_cost: 7.781333991447092
    efficiency: 0.887226
    discharge_ratio: 2
    depth_of_discharge: 0.9
  Pb-acid:
    cost: 226.932
    lifetime: 11.8596
    annual_cost: 19.134878073459475
    efficiency: 0.72465
    discharge_ratio: 5
    depth_of_discharge: 0.5
  VRBF:
    cost: 199.465
    lifetime: 18.6819
    annual_cost: 10.676911877271584
    efficiency: 0.720833
    discharge_ratio: 0.5
    depth_of_discharge: 1.0
