cost_values:
  wind_capex: 5000.0
  wind_opex: 100
  wind_lifetime: 20
  solar_capex: 1000.0
  solar_opex: 10
  solar_lifetime: 20
  carbon_price: 1.0
timeseries_values:
  load_level: 259495.22321838085
  wind_year: 2012
  solar_year: 2012
  price_year: 2023
  carbon_year: 2023
storage_values:
  CAES:
    cost: 44.1177
    lifetime: 27.5091
    annual_cost: 1.6037493047755107
    efficiency: 0.585619
    discharge_ratio: 0.1
    depth_of_discharge: 0.4
  Li-ion:
    cost: 229.672
    lifetime: 24.1907
    annual_cost: 9.494227120339634
    efficiency: 0.89231
    discharge_ratio: 2
    depth_of_discharge: 0.9
  Pb-acid:
    cost: 202.419
    lifetime: 10.442
    annual_cost: 19.385079486688376
    efficiency: 0.730291
    discharge_ratio: 5
    depth_of_discharge: 0.5
  VRBF:
    cost: 212.708
    lifetime: 18.2172
    annual_cost: 11.676218079617065
    efficiency: 0.720005
    discharge_ratio: 0.5
    depth_of_discharge: 1.0
