cost_values:
  wind_capex: 5000.0
  wind_opex: 100
  wind_lifetime: 20
  solar_capex: 1000.0
  solar_opex: 10
  solar_lifetime: 20
  carbon_price: 1.0
timeseries_values:
  load_level: 259495.22321838085
  wind_year: 2012
  solar_year: 2012
  price_year: 2023
  carbon_year: 2023
storage_values:
  CAES:
    cost: 40.7164
    lifetime: 25.0485
    annual_cost: 1.6255025251013033
    efficiency: 0.591641
    discharge_ratio: 0.1
    depth_of_discharge: 0.4
  Li-ion:
    cost: 216.227
    lifetime: 24.1304
    annual_cost: 8.96077147498591
    efficiency: 0.887617
    discharge_ratio: 2
    depth_of_discharge: 0.9
  Pb-acid:
    cost: 192.208
    lifetime: 11.5405
    annual_cost: 16.655084268445908
    efficiency: 0.729038
    discharge_ratio: 5
    depth_of_discharge: 0.5
  VRBF:
    cost: 243.561
    lifetime: 19.6008
    annual_cost: 12.426074445940982
    efficiency: 0.714888
    discharge_ratio: 0.5
    depth_of_discharge: 1.0
