cost_values:
  wind_capex: 5000.0
  wind_opex: 100
  wind_lifetime: 20
  solar_capex: 1000.0
  solar_opex: 10
  solar_lifetime: 20
  carbon_price: 1.0
timeseries_values:
  load_level: 259495.22321838085
  wind_year: 2012
  solar_year: 2012
  price_year: 2023
  carbon_year: 2023
storage_values:
  CAES:
    cost: 39.2675
    lifetime: 26.7464
    annual_cost: 1.4681415068943857
    efficiency: 0.591093
    discharge_ratio: 0.1
    depth_of_discharge: 0.4
  Li-ion:
    cost: 215.984
    lifetime: 24.9794
    annual_cost: 8.646484703395599
    efficiency: 0.8965
    discharge_ratio: 2
    depth_of_discharge: 0.9
  Pb-acid:
    cost: 211.992
    lifetime: 12.1167
    annual_cost: 17.49585283121642
    efficiency: 0.742495
    discharge_ratio: 5
    depth_of_discharge: 0.5
  VRBF:
    cost: 176.173
    lifetime: 17.7454
    annual_cost: 9.92781227811151
    efficiency: 0.740358
    discharge_ratio: 0.5
    depth_of_discharge: 1.0
