cost_values:
  wind_capex: 5000.0
  wind_opex: 100
  wind_lifetime: 20
  solar_capex: 1000.0
  solar_opex: 10
  solar_lifetime: 20
  carbon_price: 1.0
timeseries_values:
  load_level: 259495.22321838085
  wind_year: 2012
  solar_year: 2012
  price_year: 2023
  carbon_year: 2023
storage_values:
  CAES:
    cost: 36.0128
    lifetime: 25.5361
    annual_cost: 1.410270166548533
    efficiency: 0.578481
    discharge_ratio: 0.1
    depth_of_discharge: 0.4
  Li-ion:
    cost: 219.996
    lifetime: 23.0353
    annual_cost: 9.5503857123632
    efficiency: 0.90575
    discharge_ratio: 2
    depth_of_discharge: 0.9
  Pb-acid:
    cost: 183.057
    lifetime: 11.9852
    annual_cost: 15.273587424490202
    efficiency: 0.722232
    discharge_ratio: 5
    depth_of_discharge: 0.5
  VRBF:
    cost: 209.446
    lifetime: 19.0536
    annual_cost: 10.992463366502918
    efficiency: 0.733536
    discharge_ratio: 0.5
    depth_of_discharge: 1.0
