cost_values:
  wind_capex: 5000.0
  wind_opex: 100
  wind_lifetime: 20
  solar_capex: 1000.0
  solar_opex: 10
  solar_lifetime: 20
  carbon_price: 1.0
timeseries_values:
  load_level: 259495.22321838085
  wind_year: 2012
  solar_year: 2012
  price_year: 2023
  carbon_year: 2023
storage_values:
  CAES:
    cost: 42.1258
    lifetime: 25.5764
    annual_cost: 1.647057443580801
    efficiency: 0.584834
    discharge_ratio: 0.1
    depth_of_discharge: 0.4
  Li-ion:
    cost: 204.1
    lifetime: 27.9564
    annual_cost: 7.300653875320141
    efficiency: 0.895649
    discharge_ratio: 2
    depth_of_discharge: 0.9
  Pb-acid:
    cost: 202.832
    lifetime: 11.6116
    annual_cost: 17.468049192187124
    efficiency: 0.742571
    discharge_ratio: 5
    depth_of_discharge: 0.5
  VRBF:
    cost: 187.138
    lifetime: 18.1614
    annual_cost: 10.304161573446981
    efficiency: 0.740569
    discharge_ratio: 0.5
    depth_of_discharge: 1.0
