cost_values:
  wind_capex: 5000.0
  wind_opex: 100
  wind_lifetime: 20
  solar_capex: 1000.0
  solar_opex: 10
  solar_lifetime: 20
  carbon_price: 1.0
timeseries_values:
  load_level: 259495.22321838085
  wind_year: 2012
  solar_year: 2012
  price_year: 2023
  carbon_year: 2023
storage_values:
  CAES:
    cost: 45.7691
    lifetime: 25.6461
    annual_cost: 1.78464171940373
    efficiency: 0.59532
    discharge_ratio: 0.1
    depth_of_discharge: 0.4
  Li-ion:
    cost: 219.72
    lifetime: 25.8829
    annual_cost: 8.48900239154036
    efficiency: 0.909708
    discharge_ratio: 2
    depth_of_discharge: 0.9
  Pb-acid:
    cost: 207.198
    lifetime: 11.3367
    annual_cost: 18.276747201566593
    efficiency: 0.724609
    discharge_ratio: 5
    depth_of_discharge: 0.5
  VRBF:
    cost: 211.821
    lifetime: 19.6779
    annual_cost: 10.76441083652219
    efficiency: 0.727417
    discharge_ratio: 0.5
    depth_of_discharge: 1.0
