cost_values:
  wind_capex: 5000.0
  wind_opex: 100
  wind_lifetime: 20
  solar_capex: 1000.0
  solar_opex: 10
  solar_lifetime: 20
  carbon_price: 1.0
timeseries_values:
  load_level: 259495.22321838085
  wind_year: 2012
  solar_year: 2012
  price_year: 2023
  carbon_year: 2023
storage_values:
  CAES:
    cost: 49.2643
    lifetime: 26.1747
    annual_cost: 1.8821342747003784
    efficiency: 0.580926
    discharge_ratio: 0.1
    depth_of_discharge: 0.4
  Li-ion:
    cost: 196.839
    lifetime: 25.388
    annual_cost: 7.753229872380651
    efficiency: 0.896453
    discharge_ratio: 2
    depth_of_discharge: 0.9
  Pb-acid:
    cost: 182.204
    lifetime: 12.4836
    annual_cost: 14.595469255663431
    efficiency: 0.734281
    discharge_ratio: 5
    depth_of_discharge: 0.5
  VRBF:
    cost: 251.221
    lifetime: 20.8259
    annual_cost: 12.062912047018376
    efficiency: 0.729718
    discharge_ratio: 0.5
    depth_of_discharge: 1.0
