cost_values:
  wind_capex: 5000.0
  wind_opex: 100
  wind_lifetime: 20
  solar_capex: 1000.0
  solar_opex: 10
  solar_lifetime: 20
  carbon_price: 1.0
timeseries_values:
  load_level: 259495.22321838085
  wind_year: 2012
  solar_year: 2012
  price_year: 2023
  carbon_year: 2023
storage_values:
  CAES:
    cost: 43.9091
    lifetime: 25.7747
    annual_cost: 1.7035736594412352
    efficiency: 0.578623
    discharge_ratio: 0.1
    depth_of_discharge: 0.4
  Li-ion:
    cost: 165.943
    lifetime: 24.7574
    annual_cost: 6.7027636181505335
    efficiency: 0.905591
    discharge_ratio: 2
    depth_of_discharge: 0.9
  Pb-acid:
    cost: 200.883
    lifetime: 10.5513
    annual_cost: 19.038696653492938
    efficiency: 0.739684
    discharge_ratio: 5
    depth_of_discharge: 0.5
  VRBF:
    cost: 232.685
    lifetime: 19.3901
    annual_cost: 12.000195976297183
    efficiency: 0.736492
    discharge_ratio: 0.5
    depth_of_discharge: 1.0
