cost_values:
  wind_capex: 5000.0
  wind_opex: 100
  wind_lifetime: 20
  solar_capex: 1000.0
  solar_opex: 10
  solar_lifetime: 20
  carbon_price: 1.0
timeseries_values:
  load_level: 259495.22321838085
  wind_year: 2012
  solar_year: 2012
  price_year: 2023
  carbon_year: 2023
storage_values:
  CAES:
    cost: 46.2037
    lifetime: 25.5736
    annual_cost: 1.806695185660212
    efficiency: 0.590122
    discharge_ratio: 0.1
    depth_of_discharge: 0.4
  Li-ion:
    cost: 221.475
    lifetime: 24.9982
    annual_cost: 8.859637893928362
    efficiency: 0.892224
    discharge_ratio: 2
    depth_of_discharge: 0.9
  Pb-acid:
    cost: 199.621
    lifetime: 11.2721
    annual_cost: 17.709299952981254
    efficiency: 0.740005
    discharge_ratio: 5
    depth_of_discharge: 0.5
  VRBF:
    cost: 242.092
    lifetime: 18.3878
    annual_cost: 13.165903479480962
    efficiency: 0.730884
    discharge_ratio: 0.5
    depth_of_discharge: 1.0
