cost_values:
  wind_capex: 5000.0
  wind_opex: 100
  wind_lifetime: 20
  solar_capex: 1000.0
  solar_opex: 10
  solar_lifetime: 20
  carbon_price: 1.0
timeseries_values:
  load_level: 259495.22321838085
  wind_year: 2012
  solar_year: 2012
  price_year: 2023
  carbon_year: 2023
storage_values:
  CAES:
    cost: 40.3235
    lifetime: 25.9451
    annual_cost: 1.554185568758648
    efficiency: 0.59105
    discharge_ratio: 0.1
    depth_of_discharge: 0.4
  Li-ion:
    cost: 197.083
    lifetime: 25.5973
    annual_cost: 7.699366730084813
    efficiency: 0.89691
    discharge_ratio: 2
    depth_of_discharge: 0.9
  Pb-acid:
    cost: 206.841
    lifetime: 10.2045
    annual_cost: 20.269586946935178
    efficiency: 0.73721
    discharge_ratio: 5
    depth_of_discharge: 0.5
  VRBF:
    cost: 214.64
    lifetime: 17.7491
    annual_cost: 12.09300753277631
    efficiency: 0.734552
    discharge_ratio: 0.5
    depth_of_discharge: 1.0
