cost_values:
  wind_capex: 5000.0
  wind_opex: 100
  wind_lifetime: 20
  solar_capex: 1000.0
  solar_opex: 10
  solar_lifetime: 20
  carbon_price: 1.0
timeseries_values:
  load_level: 259495.22321838085
  wind_year: 2012
  solar_year: 2012
  price_year: 2023
  carbon_year: 2023
storage_values:
  CAES:
    cost: 42.7329
    lifetime: 24.8031
    annual_cost: 1.7228854457708915
    efficiency: 0.5932
    discharge_ratio: 0.1
    depth_of_discharge: 0.4
  Li-ion:
    cost: 228.395
    lifetime: 24.2842
    annual_cost: 9.40508643480123
    efficiency: 0.901988
    discharge_ratio: 2
    depth_of_discharge: 0.9
  Pb-acid:
    cost: 170.951
    lifetime: 10.9092
    annual_cost: 15.670351629817034
    efficiency: 0.715498
    discharge_ratio: 5
    depth_of_discharge: 0.5
  VRBF:
    cost: 208.729
    lifetime: 18.5257
    annual_cost: 11.266996658695758
    efficiency: 0.738035
    discharge_ratio: 0.5
    depth_of_discharge: 1.0
