cost_values:
  wind_capex: 5000.0
  wind_opex: 100
  wind_lifetime: 20
  solar_capex: 1000.0
  solar_opex: 10
  solar_lifetime: 20
  carbon_price: 1.0
timeseries_values:
  load_level: 259495.22321838085
  wind_year: 2012
  solar_year: 2012
  price_year: 2023
  carbon_year: 2023
storage_values:
  CAES:
    cost: 42.2865
    lifetime: 24.9269
    annual_cost: 1.6964203330538494
    efficiency: 0.580562
    discharge_ratio: 0.1
    depth_of_discharge: 0.4
  Li-ion:
    cost: 190.934
    lifetime: 25.4205
    annual_cost: 7.511024566786649
    efficiency: 0.890668
    discharge_ratio: 2
    depth_of_discharge: 0.9
  Pb-acid:
    cost: 217.046
    lifetime: 8.80193
    annual_cost: 24.658910034503794
    efficiency: 0.73012
    discharge_ratio: 5
    depth_of_discharge: 0.5
  VRBF:
    cost: 164.64
    lifetime: 20.5351
    annual_cost: 8.017492001499871
    efficiency: 0.738704
    discharge_ratio: 0.5
    depth_of_discharge: 1.0
