cost_values:
  wind_capex: 5000.0
  wind_opex: 100
  wind_lifetime: 20
  solar_capex: 1000.0
  solar_opex: 10
  solar_lifetime: 20
  carbon_price: 1.0
timeseries_values:
  load_level: 259495.22321838085
  wind_year: 2012
  solar_year: 2012
  price_year: 2023
  carbon_year: 2023
storage_values:
  CAES:
    cost: 39.4821
    lifetime: 26.4258
    annual_cost: 1.4940739731625912
    efficiency: 0.58765
    discharge_ratio: 0.1
    depth_of_discharge: 0.4
  Li-ion:
    cost: 219.587
    lifetime: 26.4232
    annual_cost: 8.310386327167034
    efficiency: 0.902277
    discharge_ratio: 2
    depth_of_discharge: 0.9
  Pb-acid:
    cost: 217.655
    lifetime: 12.1241
    annual_cost: 17.952260373965903
    efficiency: 0.724974
    discharge_ratio: 5
    depth_of_discharge: 0.5
  VRBF:
    cost: 224.385
    lifetime: 18.6776
    annual_cost: 12.013588469610655
    efficiency: 0.749309
    discharge_ratio: 0.5
    depth_of_discharge: 1.0
