cost_values:
  wind_capex: 5000.0
  wind_opex: 100
  wind_lifetime: 20
  solar_capex: 1000.0
  solar_opex: 10
  solar_lifetime: 20
  carbon_price: 1.0
timeseries_values:
  load_level: 259495.22321838085
  wind_year: 2012
  solar_year: 2012
  price_year: 2023
  carbon_year: 2023
storage_values:
  CAES:
    cost: 44.9095
    lifetime: 25.9471
    annual_cost: 1.7308099941804673
    efficiency: 0.580968
    discharge_ratio: 0.1
    depth_of_discharge: 0.4
  Li-ion:
    cost: 208.092
    lifetime: 26.9225
    annual_cost: 7.729297056365494
    efficiency: 0.881745
    discharge_ratio: 2
    depth_of_discharge: 0.9
  Pb-acid:
    cost: 196.021
    lifetime: 10.1214
    annual_cost: 19.366984804473688
    efficiency: 0.746337
    discharge_ratio: 5
    depth_of_discharge: 0.5
  VRBF:
    cost: 203.212
    lifetime: 18.7866
    annual_cost: 10.816858824907115
    efficiency: 0.720401
    discharge_ratio: 0.5
    depth_of_discharge: 1.0
