cost_values:
  wind_capex: 5000.0
  wind_opex: 100
  wind_lifetime: 20
  solar_capex: 1000.0
  solar_opex: 10
  solar_lifetime: 20
  carbon_price: 1.0
timeseries_values:
  load_level: 259495.22321838085
  wind_year: 2012
  solar_year: 2012
  price_year: 2023
  carbon_year: 2023
storage_values:
  CAES:
    cost: 49.7524
    lifetime: 25.5243
    annual_cost: 1.9492170206430735
    efficiency: 0.583815
    discharge_ratio: 0.1
    depth_of_discharge: 0.4
  Li-ion:
    cost: 214.787
    lifetime: 25.6373
    annual_cost: 8.377910310368097
    efficiency: 0.890004
    discharge_ratio: 2
    depth_of_discharge: 0.9
  Pb-acid:
    cost: 205.927
    lifetime: 11.4328
    annual_cost: 18.01194807921069
    efficiency: 0.728361
    discharge_ratio: 5
    depth_of_discharge: 0.5
  VRBF:
    cost: 199.102
    lifetime: 20.0583
    annual_cost: 9.926165228359332
    efficiency: 0.751617
    discharge_ratio: 0.5
    depth_of_discharge: 1.0
