cost_values:
  wind_capex: 5000.0
  wind_opex: 100
  wind_lifetime: 20
  solar_capex: 1000.0
  solar_opex: 10
  solar_lifetime: 20
  carbon_price: 1.0
timeseries_values:
  load_level: 259495.22321838085
  wind_year: 2012
  solar_year: 2012
  price_year: 2023
  carbon_year: 2023
storage_values:
  CAES:
    cost: 45.7335
    lifetime: 25.6573
    annual_cost: 1.782475163014035
    efficiency: 0.589702
    discharge_ratio: 0.1
    depth_of_discharge: 0.4
  Li-ion:
    cost: 199.055
    lifetime: 25.1207
    annual_cost: 7.923943202219684
    efficiency: 0.904711
    discharge_ratio: 2
    depth_of_discharge: 0.9
  Pb-acid:
    cost: 194.759
    lifetime: 12.0101
    annual_cost: 16.216267974454833
    efficiency: 0.718557
    discharge_ratio: 5
    depth_of_discharge: 0.5
  VRBF:
    cost: 189.758
    lifetime: 16.7383
    annual_cost: 11.336754628606252
    efficiency: 0.723484
    discharge_ratio: 0.5
    depth_of_discharge: 1.0
