cost_values:
  wind_capex: 5000.0
  wind_opex: 100
  wind_lifetime: 20
  solar_capex: 1000.0
  solar_opex: 10
  solar_lifetime: 20
  carbon_price: 1.0
timeseries_values:
  load_level: 259495.22321838085
  wind_year: 2012
  solar_year: 2012
  price_year: 2023
  carbon_year: 2023
storage_values:
  CAES:
    cost: 46.0298
    lifetime: 26.0839
    annual_cost: 1.764682428624554
    efficiency: 0.587181
    discharge_ratio: 0.1
    depth_of_discharge: 0.4
  Li-ion:
    cost: 188.329
    lifetime: 25.0075
    annual_cost: 7.530900729781066
    efficiency: 0.89719
    discharge_ratio: 2
    depth_of_discharge: 0.9
  Pb-acid:
    cost: 199.546
    lifetime: 11.2996
    annual_cost: 17.659563170377712
    efficiency: 0.738195
    discharge_ratio: 5
    depth_of_discharge: 0.5
  VRBF:
    cost: 175.512
    lifetime: 19.2276
    annual_cost: 9.128128315546403
    efficiency: 0.728951
    discharge_ratio: 0.5
    depth_of_discharge: 1.0
