cost_values:
  wind_capex: 5000.0
  wind_opex: 100
  wind_lifetime: 20
  solar_capex: 1000.0
  solar_opex: 10
  solar_lifetime: 20
  carbon_price: 1.0
timeseries_values:
  load_level: 259495.22321838085
  wind_year: 2012
  solar_year: 2012
  price_year: 2023
  carbon_year: 2023
storage_values:
  CAES:
    cost: 33.0015
    lifetime: 26.1826
    annual_cost: 1.2604363203043243
    efficiency: 0.580928
    discharge_ratio: 0.1
    depth_of_discharge: 0.4
  Li-ion:
    cost: 213.543
    lifetime: 26.0841
    annual_cost: 8.186711444903217
    efficiency: 0.8896
    discharge_ratio: 2
    depth_of_discharge: 0.9
  Pb-acid:
    cost: 183.036
    lifetime: 9.87372
    annual_cost: 18.537693999829852
    efficiency: 0.717576
    discharge_ratio: 5
    depth_of_discharge: 0.5
  VRBF:
    cost: 225.274
    lifetime: 18.7195
    annual_cost: 12.034188947354362
    efficiency: 0.755566
    discharge_ratio: 0.5
    depth_of_discharge: 1.0
