cost_values:
  wind_capex: 5000.0
  wind_opex: 100
  wind_lifetime: 20
  solar_capex: 1000.0
  solar_opex: 10
  solar_lifetime: 20
  carbon_price: 1.0
timeseries_values:
  load_level: 259495.22321838085
  wind_year: 2012
  solar_year: 2012
  price_year: 2023
  carbon_year: 2023
storage_values:
  CAES:
    cost: 47.188
    lifetime: 26.7238
    annual_cost: 1.7657668445355825
    efficiency: 0.58558
    discharge_ratio: 0.1
    depth_of_discharge: 0.4
  Li-ion:
    cost: 202.818
    lifetime: 27.116
    annual_cost: 7.479643015193982
    efficiency: 0.893025
    discharge_ratio: 2
    depth_of_discharge: 0.9
  Pb-acid:
    cost: 188.266
    lifetime: 11.9362
    annual_cost: 15.772691476349257
    efficiency: 0.740152
    discharge_ratio: 5
    depth_of_discharge: 0.5
  VRBF:
    cost: 209.628
    lifetime: 19.1355
    annual_cost: 10.954926706906011
    efficiency: 0.760271
    discharge_ratio: 0.5
    depth_of_discharge: 1.0
