cost_values:
  wind_capex: 5000.0
  wind_opex: 100
  wind_lifetime: 20
  solar_capex: 1000.0
  solar_opex: 10
  solar_lifetime: 20
  carbon_price: 1.0
timeseries_values:
  load_level: 259495.22321838085
  wind_year: 2012
  solar_year: 2012
  price_year: 2023
  carbon_year: 2023
storage_values:
  CAES:
    cost: 40.4836
    lifetime: 25.0899
    annual_cost: 1.6135417040323
    efficiency: 0.583808
    discharge_ratio: 0.1
    depth_of_discharge: 0.4
  Li-ion:
    cost: 204.781
    lifetime: 25.0891
    annual_cost: 8.1621500970541
    efficiency: 0.887131
    discharge_ratio: 2
    depth_of_discharge: 0.9
  Pb-acid:
    cost: 191.588
    lifetime: 11.462
    annual_cost: 16.715058454021985
    efficiency: 0.732211
    discharge_ratio: 5
    depth_of_discharge: 0.5
  VRBF:
    cost: 197.822
    lifetime: 17.86
    annual_cost: 11.076259798432252
    efficiency: 0.750146
    discharge_ratio: 0.5
    depth_of_discharge: 1.0
