cost_values:
  wind_capex: 5000.0
  wind_opex: 100
  wind_lifetime: 20
  solar_capex: 1000.0
  solar_opex: 10
  solar_lifetime: 20
  carbon_price: 1.0
timeseries_values:
  load_level: 259495.22321838085
  wind_year: 2012
  solar_year: 2012
  price_year: 2023
  carbon_year: 2023
storage_values:
  CAES:
    cost: 39.3033
    lifetime: 25.7625
    annual_cost: 1.5256011644832606
    efficiency: 0.590386
    discharge_ratio: 0.1
    depth_of_discharge: 0.4
  Li-ion:
    cost: 201.852
    lifetime: 26.6425
    annual_cost: 7.576316036407995
    efficiency: 0.900208
    discharge_ratio: 2
    depth_of_discharge: 0.9
  Pb-acid:
    cost: 187.644
    lifetime: 11.5074
    annual_cost: 16.306376766254758
    efficiency: 0.748657
    discharge_ratio: 5
    depth_of_discharge: 0.5
  VRBF:
    cost: 192.145
    lifetime: 16.7818
    annual_cost: 11.449606120916707
    efficiency: 0.754463
    discharge_ratio: 0.5
    depth_of_discharge: 1.0
