cost_values:
  wind_capex: 5000.0
  wind_opex: 100
  wind_lifetime: 20
  solar_capex: 1000.0
  solar_opex: 10
  solar_lifetime: 20
  carbon_price: 1.0
timeseries_values:
  load_level: 259495.22321838085
  wind_year: 2012
  solar_year: 2012
  price_year: 2023
  carbon_year: 2023
storage_values:
  CAES:
    cost: 45.3495
    lifetime: 26.1903
    annual_cost: 1.731538012164809
    efficiency: 0.591247
    discharge_ratio: 0.1
    depth_of_discharge: 0.4
  Li-ion:
    cost: 200.422
    lifetime: 24.1037
    annual_cost: 8.314988985093574
    efficiency: 0.912721
    discharge_ratio: 2
    depth_of_discharge: 0.9
  Pb-acid:
    cost: 199.898
    lifetime: 11.357
    annual_cost: 17.60130316104605
    efficiency: 0.722516
    discharge_ratio: 5
    depth_of_discharge: 0.5
  VRBF:
    cost: 191.934
    lifetime: 17.6136
    annual_cost: 10.896920561384384
    efficiency: 0.734895
    discharge_ratio: 0.5
    depth_of_discharge: 1.0
