cost_values:
  wind_capex: 5000.0
  wind_opex: 100
  wind_lifetime: 20
  solar_capex: 1000.0
  solar_opex: 10
  solar_lifetime: 20
  carbon_price: 1.0
timeseries_values:
  load_level: 259495.22321838085
  wind_year: 2012
  solar_year: 2012
  price_year: 2023
  carbon_year: 2023
storage_values:
  CAES:
    cost: 47.495
    lifetime: 24.8547
    annual_cost: 1.910906186757434
    efficiency: 0.597074
    discharge_ratio: 0.1
    depth_of_discharge: 0.4
  Li-ion:
    cost: 205.809
    lifetime: 25.1448
    annual_cost: 8.184952753650855
    efficiency: 0.897299
    discharge_ratio: 2
    depth_of_discharge: 0.9
  Pb-acid:
    cost: 205.106
    lifetime: 10.4641
    annual_cost: 19.600921245018682
    efficiency: 0.721029
    discharge_ratio: 5
    depth_of_discharge: 0.5
  VRBF:
    cost: 189.668
    lifetime: 18.2983
    annual_cost: 10.365334484624254
    efficiency: 0.736151
    discharge_ratio: 0.5
    depth_of_discharge: 1.0
