cost_values:
  wind_capex: 5000.0
  wind_opex: 100
  wind_lifetime: 20
  solar_capex: 1000.0
  solar_opex: 10
  solar_lifetime: 20
  carbon_price: 1.0
timeseries_values:
  load_level: 257298.61017075583
  wind_year: 2011
  solar_year: 2012
  price_year: 2023
  carbon_year: 2023
storage_values:
  CAES:
    cost: 61.7395
    lifetime: 23.8211
    annual_cost: 2.5917988673906747
    efficiency: 0.634679
    discharge_ratio: 0.1
    depth_of_discharge: 0.4
  Li-ion:
    cost: 220.08
    lifetime: 22.5905
    annual_cost: 9.742148248157413
    efficiency: 0.927979
    discharge_ratio: 2
    depth_of_discharge: 0.9
  Pb-acid:
    cost: 69.8527
    lifetime: 16.3623
    annual_cost: 4.269124756299542
    efficiency: 0.731186
    discharge_ratio: 5
    depth_of_discharge: 0.5
  VRBF:
    cost: 260.287
    lifetime: 26.588
    annual_cost: 9.789641943734015
    efficiency: 0.709254
    discharge_ratio: 0.5
    depth_of_discharge: 1.0
