cost_values:
  wind_capex: 5000.0
  wind_opex: 100
  wind_lifetime: 20
  solar_capex: 1000.0
  solar_opex: 10
  solar_lifetime: 20
  carbon_price: 1.0
timeseries_values:
  load_level: 257298.61017075583
  wind_year: 2011
  solar_year: 2012
  price_year: 2023
  carbon_year: 2023
storage_values:
  CAES:
    cost: 66.2047
    lifetime: 24.312
    annual_cost: 2.7231284962158604
    efficiency: 0.63949
    discharge_ratio: 0.1
    depth_of_discharge: 0.4
  Li-ion:
    cost: 208.65
    lifetime: 21.5606
    annual_cost: 9.677374470098234
    efficiency: 0.924014
    discharge_ratio: 2
    depth_of_discharge: 0.9
  Pb-acid:
    cost: 98.5816
    lifetime: 15.3207
    annual_cost: 6.434536280979328
    efficiency: 0.724346
    discharge_ratio: 5
    depth_of_discharge: 0.5
  VRBF:
    cost: 239.695
    lifetime: 21.7886
    annual_cost: 11.000936269425296
    efficiency: 0.723967
    discharge_ratio: 0.5
    depth_of_discharge: 1.0
