cost_values:
  wind_capex: 5000.0
  wind_opex: 100
  wind_lifetime: 20
  solar_capex: 1000.0
  solar_opex: 10
  solar_lifetime: 20
  carbon_price: 1.0
timeseries_values:
  load_level: 257298.61017075583
  wind_year: 2011
  solar_year: 2012
  price_year: 2023
  carbon_year: 2023
storage_values:
  CAES:
    cost: 70.942
    lifetime: 24.7474
    annual_cost: 2.8666445768040276
    efficiency: 0.643648
    discharge_ratio: 0.1
    depth_of_discharge: 0.4
  Li-ion:
    cost: 205.42
    lifetime: 19.535
    annual_cost: 10.51548502687484
    efficiency: 0.922679
    discharge_ratio: 2
    depth_of_discharge: 0.9
  Pb-acid:
    cost: 70.6926
    lifetime: 18.4723
    annual_cost: 3.8269517060680043
    efficiency: 0.740722
    discharge_ratio: 5
    depth_of_discharge: 0.5
  VRBF:
    cost: 234.276
    lifetime: 25.3176
    annual_cost: 9.253483742534838
    efficiency: 0.710388
    discharge_ratio: 0.5
    depth_of_discharge: 1.0
