cost_values:
  wind_capex: 5000.0
  wind_opex: 100
  wind_lifetime: 20
  solar_capex: 1000.0
  solar_opex: 10
  solar_lifetime: 20
  carbon_price: 1.0
timeseries_values:
  load_level: 257298.61017075583
  wind_year: 2011
  solar_year: 2012
  price_year: 2023
  carbon_year: 2023
storage_values:
  CAES:
    cost: 69.8587
    lifetime: 24.7839
    annual_cost: 2.818712954781128
    efficiency: 0.646627
    discharge_ratio: 0.1
    depth_of_discharge: 0.4
  Li-ion:
    cost: 198.171
    lifetime: 20.8704
    annual_cost: 9.495313937442502
    efficiency: 0.934594
    discharge_ratio: 2
    depth_of_discharge: 0.9
  Pb-acid:
    cost: 73.0451
    lifetime: 17.9165
    annual_cost: 4.076973739290598
    efficiency: 0.74482
    discharge_ratio: 5
    depth_of_discharge: 0.5
  VRBF:
    cost: 233.901
    lifetime: 24.8406
    annual_cost: 9.41607690635492
    efficiency: 0.715572
    discharge_ratio: 0.5
    depth_of_discharge: 1.0
