cost_values:
  wind_capex: 5000.0
  wind_opex: 100
  wind_lifetime: 20
  solar_capex: 1000.0
  solar_opex: 10
  solar_lifetime: 20
  carbon_price: 1.0
timeseries_values:
  load_level: 257298.61017075583
  wind_year: 2011
  solar_year: 2012
  price_year: 2023
  carbon_year: 2023
storage_values:
  CAES:
    cost: 63.2739
    lifetime: 25.3192
    annual_cost: 2.4990481531801954
    efficiency: 0.643194
    discharge_ratio: 0.1
    depth_of_discharge: 0.4
  Li-ion:
    cost: 183.622
    lifetime: 19.6896
    annual_cost: 9.325836990086138
    efficiency: 0.914907
    discharge_ratio: 2
    depth_of_discharge: 0.9
  Pb-acid:
    cost: 80.8124
    lifetime: 16.7355
    annual_cost: 4.828801051656658
    efficiency: 0.713624
    discharge_ratio: 5
    depth_of_discharge: 0.5
  VRBF:
    cost: 282.6
    lifetime: 24.9294
    annual_cost: 11.336012900430816
    efficiency: 0.718265
    discharge_ratio: 0.5
    depth_of_discharge: 1.0
