cost_values:
  wind_capex: 5000.0
  wind_opex: 100
  wind_lifetime: 20
  solar_capex: 1000.0
  solar_opex: 10
  solar_lifetime: 20
  carbon_price: 1.0
timeseries_values:
  load_level: 257298.61017075583
  wind_year: 2011
  solar_year: 2012
  price_year: 2023
  carbon_year: 2023
storage_values:
  CAES:
    cost: 64.3473
    lifetime: 23.9294
    annual_cost: 2.6890477822260483
    efficiency: 0.641802
    discharge_ratio: 0.1
    depth_of_discharge: 0.4
  Li-ion:
    cost: 207.689
    lifetime: 20.8964
    annual_cost: 9.93898470549951
    efficiency: 0.927243
    discharge_ratio: 2
    depth_of_discharge: 0.9
  Pb-acid:
    cost: 67.6263
    lifetime: 16.1481
    annual_cost: 4.1878796886320995
    efficiency: 0.739047
    discharge_ratio: 5
    depth_of_discharge: 0.5
  VRBF:
    cost: 211.131
    lifetime: 22.3632
    annual_cost: 9.441001287830007
    efficiency: 0.724143
    discharge_ratio: 0.5
    depth_of_discharge: 1.0
