cost_values:
  wind_capex: 5000.0
  wind_opex: 100
  wind_lifetime: 20
  solar_capex: 1000.0
  solar_opex: 10
  solar_lifetime: 20
  carbon_price: 1.0
timeseries_values:
  load_level: 257298.61017075583
  wind_year: 2011
  solar_year: 2012
  price_year: 2023
  carbon_year: 2023
storage_values:
  CAES:
    cost: 64.5489
    lifetime: 25.0175
    annual_cost: 2.5801498950734487
    efficiency: 0.648938
    discharge_ratio: 0.1
    depth_of_discharge: 0.4
  Li-ion:
    cost: 205.745
    lifetime: 18.023
    annual_cost: 11.415691061421517
    efficiency: 0.929272
    discharge_ratio: 2
    depth_of_discharge: 0.9
  Pb-acid:
    cost: 65.3078
    lifetime: 17.2138
    annual_cost: 3.793921156281588
    efficiency: 0.729763
    discharge_ratio: 5
    depth_of_discharge: 0.5
  VRBF:
    cost: 216.78
    lifetime: 27.0412
    annual_cost: 8.016656065559221
    efficiency: 0.730452
    discharge_ratio: 0.5
    depth_of_discharge: 1.0
