cost_values:
  wind_capex: 5000.0
  wind_opex: 100
  wind_lifetime: 20
  solar_capex: 1000.0
  solar_opex: 10
  solar_lifetime: 20
  carbon_price: 1.0
timeseries_values:
  load_level: 257298.61017075583
  wind_year: 2011
  solar_year: 2012
  price_year: 2023
  carbon_year: 2023
storage_values:
  CAES:
    cost: 70.6734
    lifetime: 24.6322
    annual_cost: 2.8691468890314304
    efficiency: 0.63995
    discharge_ratio: 0.1
    depth_of_discharge: 0.4
  Li-ion:
    cost: 189.499
    lifetime: 17.4947
    annual_cost: 10.831794772130987
    efficiency: 0.926165
    discharge_ratio: 2
    depth_of_discharge: 0.9
  Pb-acid:
    cost: 87.5323
    lifetime: 15.8434
    annual_cost: 5.524843152353662
    efficiency: 0.71287
    discharge_ratio: 5
    depth_of_discharge: 0.5
  VRBF:
    cost: 200.619
    lifetime: 24.7811
    annual_cost: 8.095645471750649
    efficiency: 0.716977
    discharge_ratio: 0.5
    depth_of_discharge: 1.0
