cost_values:
  wind_capex: 5000.0
  wind_opex: 100
  wind_lifetime: 20
  solar_capex: 1000.0
  solar_opex: 10
  solar_lifetime: 20
  carbon_price: 1.0
timeseries_values:
  load_level: 257298.61017075583
  wind_year: 2011
  solar_year: 2012
  price_year: 2023
  carbon_year: 2023
storage_values:
  CAES:
    cost: 64.1826
    lifetime: 25.7571
    annual_cost: 2.4918410845941503
    efficiency: 0.638873
    discharge_ratio: 0.1
    depth_of_discharge: 0.4
  Li-ion:
    cost: 208.376
    lifetime: 19.5715
    annual_cost: 10.646910047773549
    efficiency: 0.924671
    discharge_ratio: 2
    depth_of_discharge: 0.9
  Pb-acid:
    cost: 74.5517
    lifetime: 15.2746
    annual_cost: 4.880762835033323
    efficiency: 0.734045
    discharge_ratio: 5
    depth_of_discharge: 0.5
  VRBF:
    cost: 249.323
    lifetime: 24.4652
    annual_cost: 10.190924251590014
    efficiency: 0.707075
    discharge_ratio: 0.5
    depth_of_discharge: 1.0
