cost_values:
  wind_capex: 5000.0
  wind_opex: 100
  wind_lifetime: 20
  solar_capex: 1000.0
  solar_opex: 10
  solar_lifetime: 20
  carbon_price: 1.0
timeseries_values:
  load_level: 257298.61017075583
  wind_year: 2011
  solar_year: 2012
  price_year: 2023
  carbon_year: 2023
storage_values:
  CAES:
    cost: 63.2846
    lifetime: 25.8459
    annual_cost: 2.4485353576389293
    efficiency: 0.643948
    discharge_ratio: 0.1
    depth_of_discharge: 0.4
  Li-ion:
    cost: 190.239
    lifetime: 20.6229
    annual_cost: 9.224648327829742
    efficiency: 0.91266
    discharge_ratio: 2
    depth_of_discharge: 0.9
  Pb-acid:
    cost: 86.0144
    lifetime: 15.3614
    annual_cost: 5.5993854726782715
    efficiency: 0.730597
    discharge_ratio: 5
    depth_of_discharge: 0.5
  VRBF:
    cost: 253.266
    lifetime: 22.8041
    annual_cost: 11.106160734253928
    efficiency: 0.703837
    discharge_ratio: 0.5
    depth_of_discharge: 1.0
