cost_values:
  wind_capex: 5000.0
  wind_opex: 100
  wind_lifetime: 20
  solar_capex: 1000.0
  solar_opex: 10
  solar_lifetime: 20
  carbon_price: 1.0
timeseries_values:
  load_level: 257298.61017075583
  wind_year: 2011
  solar_year: 2012
  price_year: 2023
  carbon_year: 2023
storage_values:
  CAES:
    cost: 68.5639
    lifetime: 24.9943
    annual_cost: 2.7431814453695447
    efficiency: 0.637368
    discharge_ratio: 0.1
    depth_of_discharge: 0.4
  Li-ion:
    cost: 180.508
    lifetime: 19.6809
    annual_cost: 9.171735032442623
    efficiency: 0.941784
    discharge_ratio: 2
    depth_of_discharge: 0.9
  Pb-acid:
    cost: 73.2589
    lifetime: 14.6949
    annual_cost: 4.9853282431319705
    efficiency: 0.730353
    discharge_ratio: 5
    depth_of_discharge: 0.5
  VRBF:
    cost: 264.5
    lifetime: 27.4709
    annual_cost: 9.628370384661586
    efficiency: 0.727225
    discharge_ratio: 0.5
    depth_of_discharge: 1.0
