cost_values:
  wind_capex: 5000.0
  wind_opex: 100
  wind_lifetime: 20
  solar_capex: 1000.0
  solar_opex: 10
  solar_lifetime: 20
  carbon_price: 1.0
timeseries_values:
  load_level: 257298.61017075583
  wind_year: 2011
  solar_year: 2012
  price_year: 2023
  carbon_year: 2023
storage_values:
  CAES:
    cost: 69.7912
    lifetime: 25.1975
    annual_cost: 2.769766841948606
    efficiency: 0.640286
    discharge_ratio: 0.1
    depth_of_discharge: 0.4
  Li-ion:
    cost: 209.228
    lifetime: 18.686
    annual_cost: 11.197045916729103
    efficiency: 0.925199
    discharge_ratio: 2
    depth_of_discharge: 0.9
  Pb-acid:
    cost: 87.0245
    lifetime: 15.8415
    annual_cost: 5.493450746457091
    efficiency: 0.719632
    discharge_ratio: 5
    depth_of_discharge: 0.5
  VRBF:
    cost: 231.825
    lifetime: 24.2146
    annual_cost: 9.573769543994118
    efficiency: 0.71959
    discharge_ratio: 0.5
    depth_of_discharge: 1.0
