cost_values:
  wind_capex: 5000.0
  wind_opex: 100
  wind_lifetime: 20
  solar_capex: 1000.0
  solar_opex: 10
  solar_lifetime: 20
  carbon_price: 1.0
timeseries_values:
  load_level: 257298.61017075583
  wind_year: 2011
  solar_year: 2012
  price_year: 2023
  carbon_year: 2023
storage_values:
  CAES:
    cost: 74.4747
    lifetime: 24.0505
    annual_cost: 3.096596744350429
    efficiency: 0.638668
    discharge_ratio: 0.1
    depth_of_discharge: 0.4
  Li-ion:
    cost: 195.575
    lifetime: 20.311
    annual_cost: 9.629018758308305
    efficiency: 0.9232
    discharge_ratio: 2
    depth_of_discharge: 0.9
  Pb-acid:
    cost: 79.3803
    lifetime: 14.9794
    annual_cost: 5.2992977021776575
    efficiency: 0.728376
    discharge_ratio: 5
    depth_of_discharge: 0.5
  VRBF:
    cost: 252.327
    lifetime: 25.0198
    annual_cost: 10.085092606655529
    efficiency: 0.711371
    discharge_ratio: 0.5
    depth_of_discharge: 1.0
