cost_values:
  wind_capex: 5000.0
  wind_opex: 100
  wind_lifetime: 20
  solar_capex: 1000.0
  solar_opex: 10
  solar_lifetime: 20
  carbon_price: 1.0
timeseries_values:
  load_level: 257298.61017075583
  wind_year: 2011
  solar_year: 2012
  price_year: 2023
  carbon_year: 2023
storage_values:
  CAES:
    cost: 65.4863
    lifetime: 25.984
    annual_cost: 2.5202547721674877
    efficiency: 0.647264
    discharge_ratio: 0.1
    depth_of_discharge: 0.4
  Li-ion:
    cost: 192.837
    lifetime: 21.4646
    annual_cost: 8.98395497703195
    efficiency: 0.931174
    discharge_ratio: 2
    depth_of_discharge: 0.9
  Pb-acid:
    cost: 69.1373
    lifetime: 18.1849
    annual_cost: 3.8019070767504908
    efficiency: 0.727971
    discharge_ratio: 5
    depth_of_discharge: 0.5
  VRBF:
    cost: 220.95
    lifetime: 26.274
    annual_cost: 8.409454213290704
    efficiency: 0.717448
    discharge_ratio: 0.5
    depth_of_discharge: 1.0
