cost_values:
  wind_capex: 5000.0
  wind_opex: 100
  wind_lifetime: 20
  solar_capex: 1000.0
  solar_opex: 10
  solar_lifetime: 20
  carbon_price: 1.0
timeseries_values:
  load_level: 257298.61017075583
  wind_year: 2011
  solar_year: 2012
  price_year: 2023
  carbon_year: 2023
storage_values:
  CAES:
    cost: 65.4625
    lifetime: 25.7032
    annual_cost: 2.5468618693392266
    efficiency: 0.642767
    discharge_ratio: 0.1
    depth_of_discharge: 0.4
  Li-ion:
    cost: 200.746
    lifetime: 19.9575
    annual_cost: 10.058674683702868
    efficiency: 0.919252
    discharge_ratio: 2
    depth_of_discharge: 0.9
  Pb-acid:
    cost: 79.1704
    lifetime: 16.1955
    annual_cost: 4.888419622734711
    efficiency: 0.722634
    discharge_ratio: 5
    depth_of_discharge: 0.5
  VRBF:
    cost: 249.323
    lifetime: 27.6365
    annual_cost: 9.021511407016083
    efficiency: 0.721718
    discharge_ratio: 0.5
    depth_of_discharge: 1.0
