cost_values:
  wind_capex: 5000.0
  wind_opex: 100
  wind_lifetime: 20
  solar_capex: 1000.0
  solar_opex: 10
  solar_lifetime: 20
  carbon_price: 1.0
timeseries_values:
  load_level: 257298.61017075583
  wind_year: 2011
  solar_year: 2012
  price_year: 2023
  carbon_year: 2023
storage_values:
  CAES:
    cost: 62.7932
    lifetime: 24.4915
    annual_cost: 2.563877263540412
    efficiency: 0.636924
    discharge_ratio: 0.1
    depth_of_discharge: 0.4
  Li-ion:
    cost: 201.031
    lifetime: 19.5863
    annual_cost: 10.263857900675472
    efficiency: 0.926548
    discharge_ratio: 2
    depth_of_discharge: 0.9
  Pb-acid:
    cost: 80.0188
    lifetime: 16.1262
    annual_cost: 4.962036933685555
    efficiency: 0.72342
    discharge_ratio: 5
    depth_of_discharge: 0.5
  VRBF:
    cost: 284.594
    lifetime: 26.0001
    annual_cost: 10.945880977380856
    efficiency: 0.744936
    discharge_ratio: 0.5
    depth_of_discharge: 1.0
