cost_values:
  wind_capex: 5000.0
  wind_opex: 100
  wind_lifetime: 20
  solar_capex: 1000.0
  solar_opex: 10
  solar_lifetime: 20
  carbon_price: 1.0
timeseries_values:
  load_level: 257298.61017075583
  wind_year: 2011
  solar_year: 2012
  price_year: 2023
  carbon_year: 2023
storage_values:
  CAES:
    cost: 65.1478
    lifetime: 25.3532
    annual_cost: 2.569608570121326
    efficiency: 0.639751
    discharge_ratio: 0.1
    depth_of_discharge: 0.4
  Li-ion:
    cost: 202.17
    lifetime: 19.3843
    annual_cost: 10.429574449425566
    efficiency: 0.93812
    discharge_ratio: 2
    depth_of_discharge: 0.9
  Pb-acid:
    cost: 66.8484
    lifetime: 16.5326
    annual_cost: 4.0434293456564605
    efficiency: 0.729691
    discharge_ratio: 5
    depth_of_discharge: 0.5
  VRBF:
    cost: 250.44
    lifetime: 25.6946
    annual_cost: 9.74679504642999
    efficiency: 0.71628
    discharge_ratio: 0.5
    depth_of_discharge: 1.0
