cost_values:
  wind_capex: 5000.0
  wind_opex: 100
  wind_lifetime: 20
  solar_capex: 1000.0
  solar_opex: 10
  solar_lifetime: 20
  carbon_price: 1.0
timeseries_values:
  load_level: 257298.61017075583
  wind_year: 2011
  solar_year: 2012
  price_year: 2023
  carbon_year: 2023
storage_values:
  CAES:
    cost: 65.8663
    lifetime: 25.5564
    annual_cost: 2.5772917938363773
    efficiency: 0.649088
    discharge_ratio: 0.1
    depth_of_discharge: 0.4
  Li-ion:
    cost: 194.114
    lifetime: 20.064
    annual_cost: 9.674740829346092
    efficiency: 0.939822
    discharge_ratio: 2
    depth_of_discharge: 0.9
  Pb-acid:
    cost: 81.0901
    lifetime: 16.9316
    annual_cost: 4.789275673887879
    efficiency: 0.734665
    discharge_ratio: 5
    depth_of_discharge: 0.5
  VRBF:
    cost: 265.623
    lifetime: 23.5464
    annual_cost: 11.280832738762614
    efficiency: 0.738241
    discharge_ratio: 0.5
    depth_of_discharge: 1.0
