cost_values:
  wind_capex: 5000.0
  wind_opex: 100
  wind_lifetime: 20
  solar_capex: 1000.0
  solar_opex: 10
  solar_lifetime: 20
  carbon_price: 1.0
timeseries_values:
  load_level: 257298.61017075583
  wind_year: 2011
  solar_year: 2012
  price_year: 2023
  carbon_year: 2023
storage_values:
  CAES:
    cost: 65.9139
    lifetime: 24.0359
    annual_cost: 2.7423104606026816
    efficiency: 0.646491
    discharge_ratio: 0.1
    depth_of_discharge: 0.4
  Li-ion:
    cost: 216.234
    lifetime: 22.1094
    annual_cost: 9.78018399413824
    efficiency: 0.919983
    discharge_ratio: 2
    depth_of_discharge: 0.9
  Pb-acid:
    cost: 65.2484
    lifetime: 17.384
    annual_cost: 3.7533594109526
    efficiency: 0.72708
    discharge_ratio: 5
    depth_of_discharge: 0.5
  VRBF:
    cost: 247.538
    lifetime: 24.0606
    annual_cost: 10.28810586602163
    efficiency: 0.719076
    discharge_ratio: 0.5
    depth_of_discharge: 1.0
