cost_values:
  wind_capex: 5000.0
  wind_opex: 100
  wind_lifetime: 20
  solar_capex: 1000.0
  solar_opex: 10
  solar_lifetime: 20
  carbon_price: 1.0
timeseries_values:
  load_level: 257298.61017075583
  wind_year: 2011
  solar_year: 2012
  price_year: 2023
  carbon_year: 2023
storage_values:
  CAES:
    cost: 70.6504
    lifetime: 25.1861
    annual_cost: 2.80513457819988
    efficiency: 0.64759
    discharge_ratio: 0.1
    depth_of_discharge: 0.4
  Li-ion:
    cost: 210.234
    lifetime: 21.7286
    annual_cost: 9.675450788361882
    efficiency: 0.927648
    discharge_ratio: 2
    depth_of_discharge: 0.9
  Pb-acid:
    cost: 89.099
    lifetime: 17.2898
    annual_cost: 5.153269557773948
    efficiency: 0.732126
    discharge_ratio: 5
    depth_of_discharge: 0.5
  VRBF:
    cost: 255.301
    lifetime: 26.0027
    annual_cost: 9.818249643306272
    efficiency: 0.7062
    discharge_ratio: 0.5
    depth_of_discharge: 1.0
