cost_values:
  wind_capex: 5000.0
  wind_opex: 100
  wind_lifetime: 20
  solar_capex: 1000.0
  solar_opex: 10
  solar_lifetime: 20
  carbon_price: 1.0
timeseries_values:
  load_level: 257298.61017075583
  wind_year: 2011
  solar_year: 2012
  price_year: 2023
  carbon_year: 2023
storage_values:
  CAES:
    cost: 65.5217
    lifetime: 26.6091
    annual_cost: 2.4623794115546933
    efficiency: 0.64651
    discharge_ratio: 0.1
    depth_of_discharge: 0.4
  Li-ion:
    cost: 210.331
    lifetime: 20.4254
    annual_cost: 10.297521713161064
    efficiency: 0.923208
    discharge_ratio: 2
    depth_of_discharge: 0.9
  Pb-acid:
    cost: 81.1109
    lifetime: 16.4914
    annual_cost: 4.918375638211431
    efficiency: 0.744574
    discharge_ratio: 5
    depth_of_discharge: 0.5
  VRBF:
    cost: 215.773
    lifetime: 24.4561
    annual_cost: 8.82287036772012
    efficiency: 0.714697
    discharge_ratio: 0.5
    depth_of_discharge: 1.0
