cost_values:
  wind_capex: 5000.0
  wind_opex: 100
  wind_lifetime: 20
  solar_capex: 1000.0
  solar_opex: 10
  solar_lifetime: 20
  carbon_price: 1.0
timeseries_values:
  load_level: 257298.61017075583
  wind_year: 2011
  solar_year: 2012
  price_year: 2023
  carbon_year: 2023
storage_values:
  CAES:
    cost: 65.0223
    lifetime: 25.8925
    annual_cost: 2.5112407067683695
    efficiency: 0.642033
    discharge_ratio: 0.1
    depth_of_discharge: 0.4
  Li-ion:
    cost: 195.901
    lifetime: 19.3178
    annual_cost: 10.140958080112643
    efficiency: 0.930506
    discharge_ratio: 2
    depth_of_discharge: 0.9
  Pb-acid:
    cost: 74.0513
    lifetime: 17.0795
    annual_cost: 4.335683128897216
    efficiency: 0.730535
    discharge_ratio: 5
    depth_of_discharge: 0.5
  VRBF:
    cost: 268.115
    lifetime: 24.5335
    annual_cost: 10.928526300772413
    efficiency: 0.71626
    discharge_ratio: 0.5
    depth_of_discharge: 1.0
