cost_values:
  wind_capex: 5000.0
  wind_opex: 100
  wind_lifetime: 20
  solar_capex: 1000.0
  solar_opex: 10
  solar_lifetime: 20
  carbon_price: 1.0
timeseries_values:
  load_level: 257298.61017075583
  wind_year: 2011
  solar_year: 2012
  price_year: 2023
  carbon_year: 2023
storage_values:
  CAES:
    cost: 65.876
    lifetime: 24.6764
    annual_cost: 2.669595240796875
    efficiency: 0.641745
    discharge_ratio: 0.1
    depth_of_discharge: 0.4
  Li-ion:
    cost: 191.362
    lifetime: 17.8018
    annual_cost: 10.749587120403554
    efficiency: 0.939074
    discharge_ratio: 2
    depth_of_discharge: 0.9
  Pb-acid:
    cost: 57.0908
    lifetime: 17.4717
    annual_cost: 3.2676156298471244
    efficiency: 0.725552
    discharge_ratio: 5
    depth_of_discharge: 0.5
  VRBF:
    cost: 285.197
    lifetime: 23.0034
    annual_cost: 12.398036811949538
    efficiency: 0.730081
    discharge_ratio: 0.5
    depth_of_discharge: 1.0
