cost_values:
  wind_capex: 5000.0
  wind_opex: 100
  wind_lifetime: 20
  solar_capex: 1000.0
  solar_opex: 10
  solar_lifetime: 20
  carbon_price: 1.0
timeseries_values:
  load_level: 257298.61017075583
  wind_year: 2011
  solar_year: 2012
  price_year: 2023
  carbon_year: 2023
storage_values:
  CAES:
    cost: 71.0676
    lifetime: 25.5825
    annual_cost: 2.7779771328056286
    efficiency: 0.646697
    discharge_ratio: 0.1
    depth_of_discharge: 0.4
  Li-ion:
    cost: 220.613
    lifetime: 22.5879
    annual_cost: 9.766866331088767
    efficiency: 0.932217
    discharge_ratio: 2
    depth_of_discharge: 0.9
  Pb-acid:
    cost: 50.8156
    lifetime: 18.0964
    annual_cost: 2.808050219933247
    efficiency: 0.725491
    discharge_ratio: 5
    depth_of_discharge: 0.5
  VRBF:
    cost: 276.051
    lifetime: 25.0635
    annual_cost: 11.014064276737086
    efficiency: 0.706768
    discharge_ratio: 0.5
    depth_of_discharge: 1.0
