cost_values:
  wind_capex: 5000.0
  wind_opex: 100
  wind_lifetime: 20
  solar_capex: 1000.0
  solar_opex: 10
  solar_lifetime: 20
  carbon_price: 1.0
timeseries_values:
  load_level: 257298.61017075583
  wind_year: 2011
  solar_year: 2012
  price_year: 2023
  carbon_year: 2023
storage_values:
  CAES:
    cost: 71.9192
    lifetime: 25.994
    annual_cost: 2.7667615603600835
    efficiency: 0.642134
    discharge_ratio: 0.1
    depth_of_discharge: 0.4
  Li-ion:
    cost: 201.604
    lifetime: 20.6349
    annual_cost: 9.770049770049772
    efficiency: 0.921225
    discharge_ratio: 2
    depth_of_discharge: 0.9
  Pb-acid:
    cost: 82.5227
    lifetime: 15.5015
    annual_cost: 5.3235299809695835
    efficiency: 0.738928
    discharge_ratio: 5
    depth_of_discharge: 0.5
  VRBF:
    cost: 215.396
    lifetime: 24.2362
    annual_cost: 8.88736683143397
    efficiency: 0.718857
    discharge_ratio: 0.5
    depth_of_discharge: 1.0
