cost_values:
  wind_capex: 5000.0
  wind_opex: 100
  wind_lifetime: 20
  solar_capex: 1000.0
  solar_opex: 10
  solar_lifetime: 20
  carbon_price: 1.0
timeseries_values:
  load_level: 257298.61017075583
  wind_year: 2011
  solar_year: 2012
  price_year: 2023
  carbon_year: 2023
storage_values:
  CAES:
    cost: 69.6407
    lifetime: 25.6569
    annual_cost: 2.714306872615164
    efficiency: 0.648758
    discharge_ratio: 0.1
    depth_of_discharge: 0.4
  Li-ion:
    cost: 209.305
    lifetime: 22.5112
    annual_cost: 9.29781619815914
    efficiency: 0.9315
    discharge_ratio: 2
    depth_of_discharge: 0.9
  Pb-acid:
    cost: 76.8426
    lifetime: 17.4882
    annual_cost: 4.393968504477305
    efficiency: 0.745754
    discharge_ratio: 5
    depth_of_discharge: 0.5
  VRBF:
    cost: 237.546
    lifetime: 24.0755
    annual_cost: 9.86671097173475
    efficiency: 0.714723
    discharge_ratio: 0.5
    depth_of_discharge: 1.0
