cost_values:
  wind_capex: 5000.0
  wind_opex: 100
  wind_lifetime: 20
  solar_capex: 1000.0
  solar_opex: 10
  solar_lifetime: 20
  carbon_price: 1.0
timeseries_values:
  load_level: 257298.61017075583
  wind_year: 2011
  solar_year: 2012
  price_year: 2023
  carbon_year: 2023
storage_values:
  CAES:
    cost: 59.7866
    lifetime: 25.3125
    annual_cost: 2.36193975308642
    efficiency: 0.64261
    discharge_ratio: 0.1
    depth_of_discharge: 0.4
  Li-ion:
    cost: 191.965
    lifetime: 19.7495
    annual_cost: 9.719992911212941
    efficiency: 0.919012
    discharge_ratio: 2
    depth_of_discharge: 0.9
  Pb-acid:
    cost: 95.1151
    lifetime: 18.1065
    annual_cost: 5.253091431253969
    efficiency: 0.734607
    discharge_ratio: 5
    depth_of_discharge: 0.5
  VRBF:
    cost: 232.742
    lifetime: 26.9668
    annual_cost: 8.630686622068618
    efficiency: 0.714921
    discharge_ratio: 0.5
    depth_of_discharge: 1.0
