cost_values:
  wind_capex: 5000.0
  wind_opex: 100
  wind_lifetime: 20
  solar_capex: 1000.0
  solar_opex: 10
  solar_lifetime: 20
  carbon_price: 1.0
timeseries_values:
  load_level: 257298.61017075583
  wind_year: 2011
  solar_year: 2012
  price_year: 2023
  carbon_year: 2023
storage_values:
  CAES:
    cost: 67.9284
    lifetime: 25.6659
    annual_cost: 2.646640094444379
    efficiency: 0.646464
    discharge_ratio: 0.1
    depth_of_discharge: 0.4
  Li-ion:
    cost: 209.923
    lifetime: 21.2526
    annual_cost: 9.877520868034969
    efficiency: 0.921261
    discharge_ratio: 2
    depth_of_discharge: 0.9
  Pb-acid:
    cost: 72.6747
    lifetime: 17.935
    annual_cost: 4.0521159743518265
    efficiency: 0.733797
    discharge_ratio: 5
    depth_of_discharge: 0.5
  VRBF:
    cost: 267.814
    lifetime: 24.3717
    annual_cost: 10.988728730453765
    efficiency: 0.728272
    discharge_ratio: 0.5
    depth_of_discharge: 1.0
