cost_values:
  wind_capex: 5000.0
  wind_opex: 100
  wind_lifetime: 20
  solar_capex: 1000.0
  solar_opex: 10
  solar_lifetime: 20
  carbon_price: 1.0
timeseries_values:
  load_level: 257298.61017075583
  wind_year: 2011
  solar_year: 2012
  price_year: 2023
  carbon_year: 2023
storage_values:
  CAES:
    cost: 69.1123
    lifetime: 25.3559
    annual_cost: 2.7256890901131494
    efficiency: 0.649723
    discharge_ratio: 0.1
    depth_of_discharge: 0.4
  Li-ion:
    cost: 206.267
    lifetime: 20.9929
    annual_cost: 9.825560070309486
    efficiency: 0.934726
    discharge_ratio: 2
    depth_of_discharge: 0.9
  Pb-acid:
    cost: 80.6155
    lifetime: 18.1884
    annual_cost: 4.43224802621451
    efficiency: 0.726802
    discharge_ratio: 5
    depth_of_discharge: 0.5
  VRBF:
    cost: 247.287
    lifetime: 25.9234
    annual_cost: 9.539142242144163
    efficiency: 0.729217
    discharge_ratio: 0.5
    depth_of_discharge: 1.0
