cost_values:
  wind_capex: 5000.0
  wind_opex: 100
  wind_lifetime: 20
  solar_capex: 1000.0
  solar_opex: 10
  solar_lifetime: 20
  carbon_price: 1.0
timeseries_values:
  load_level: 257298.61017075583
  wind_year: 2011
  solar_year: 2012
  price_year: 2023
  carbon_year: 2023
storage_values:
  CAES:
    cost: 63.7698
    lifetime: 25.7744
    annual_cost: 2.4741526475883044
    efficiency: 0.643188
    discharge_ratio: 0.1
    depth_of_discharge: 0.4
  Li-ion:
    cost: 194.752
    lifetime: 20.9599
    annual_cost: 9.291647383813855
    efficiency: 0.926835
    discharge_ratio: 2
    depth_of_discharge: 0.9
  Pb-acid:
    cost: 72.3567
    lifetime: 17.7251
    annual_cost: 4.0821603263169175
    efficiency: 0.731456
    discharge_ratio: 5
    depth_of_discharge: 0.5
  VRBF:
    cost: 272.433
    lifetime: 23.804
    annual_cost: 11.444841203159134
    efficiency: 0.728192
    discharge_ratio: 0.5
    depth_of_discharge: 1.0
