cost_values:
  wind_capex: 5000.0
  wind_opex: 100
  wind_lifetime: 20
  solar_capex: 1000.0
  solar_opex: 10
  solar_lifetime: 20
  carbon_price: 1.0
timeseries_values:
  load_level: 257298.61017075583
  wind_year: 2011
  solar_year: 2012
  price_year: 2023
  carbon_year: 2023
storage_values:
  CAES:
    cost: 62.0155
    lifetime: 25.7717
    annual_cost: 2.406341064035357
    efficiency: 0.643137
    discharge_ratio: 0.1
    depth_of_discharge: 0.4
  Li-ion:
    cost: 202.604
    lifetime: 22.0996
    annual_cost: 9.167767742402578
    efficiency: 0.930241
    discharge_ratio: 2
    depth_of_discharge: 0.9
  Pb-acid:
    cost: 71.6043
    lifetime: 16.7093
    annual_cost: 4.285296212288965
    efficiency: 0.737828
    discharge_ratio: 5
    depth_of_discharge: 0.5
  VRBF:
    cost: 234.773
    lifetime: 23.5453
    annual_cost: 9.971119501556574
    efficiency: 0.741792
    discharge_ratio: 0.5
    depth_of_discharge: 1.0
