cost_values:
  wind_capex: 5000.0
  wind_opex: 100
  wind_lifetime: 20
  solar_capex: 1000.0
  solar_opex: 10
  solar_lifetime: 20
  carbon_price: 1.0
timeseries_values:
  load_level: 257298.61017075583
  wind_year: 2011
  solar_year: 2012
  price_year: 2023
  carbon_year: 2023
storage_values:
  CAES:
    cost: 60.8816
    lifetime: 24.4365
    annual_cost: 2.491420620792667
    efficiency: 0.646784
    discharge_ratio: 0.1
    depth_of_discharge: 0.4
  Li-ion:
    cost: 192.108
    lifetime: 20.0677
    annual_cost: 9.57299541053534
    efficiency: 0.938178
    discharge_ratio: 2
    depth_of_discharge: 0.9
  Pb-acid:
    cost: 71.7411
    lifetime: 17.5052
    annual_cost: 4.098273655827983
    efficiency: 0.726807
    discharge_ratio: 5
    depth_of_discharge: 0.5
  VRBF:
    cost: 242.54
    lifetime: 23.8223
    annual_cost: 10.181216759087075
    efficiency: 0.71756
    discharge_ratio: 0.5
    depth_of_discharge: 1.0
