cost_values:
  wind_capex: 5000.0
  wind_opex: 100
  wind_lifetime: 20
  solar_capex: 1000.0
  solar_opex: 10
  solar_lifetime: 20
  carbon_price: 1.0
timeseries_values:
  load_level: 257298.61017075583
  wind_year: 2011
  solar_year: 2012
  price_year: 2023
  carbon_year: 2023
storage_values:
  CAES:
    cost: 75.0715
    lifetime: 25.664
    annual_cost: 2.9251675498753116
    efficiency: 0.640224
    discharge_ratio: 0.1
    depth_of_discharge: 0.4
  Li-ion:
    cost: 218.659
    lifetime: 20.177
    annual_cost: 10.837042176735887
    efficiency: 0.938743
    discharge_ratio: 2
    depth_of_discharge: 0.9
  Pb-acid:
    cost: 76.0287
    lifetime: 16.7484
    annual_cost: 4.539460485777746
    efficiency: 0.734601
    discharge_ratio: 5
    depth_of_discharge: 0.5
  VRBF:
    cost: 256.207
    lifetime: 24.5996
    annual_cost: 10.4150880502122
    efficiency: 0.722619
    discharge_ratio: 0.5
    depth_of_discharge: 1.0
