cost_values:
  wind_capex: 5000.0
  wind_opex: 100
  wind_lifetime: 20
  solar_capex: 1000.0
  solar_opex: 10
  solar_lifetime: 20
  carbon_price: 1.0
timeseries_values:
  load_level: 257298.61017075583
  wind_year: 2011
  solar_year: 2012
  price_year: 2023
  carbon_year: 2023
storage_values:
  CAES:
    cost: 67.1016
    lifetime: 23.8438
    annual_cost: 2.8142158548553504
    efficiency: 0.641344
    discharge_ratio: 0.1
    depth_of_discharge: 0.4
  Li-ion:
    cost: 189.275
    lifetime: 19.4485
    annual_cost: 9.732113016428002
    efficiency: 0.939103
    discharge_ratio: 2
    depth_of_discharge: 0.9
  Pb-acid:
    cost: 87.1173
    lifetime: 16.0873
    annual_cost: 5.415284106096113
    efficiency: 0.738756
    discharge_ratio: 5
    depth_of_discharge: 0.5
  VRBF:
    cost: 260.604
    lifetime: 23.6673
    annual_cost: 11.011141955356123
    efficiency: 0.709223
    discharge_ratio: 0.5
    depth_of_discharge: 1.0
