cost_values:
  wind_capex: 5000.0
  wind_opex: 100
  wind_lifetime: 20
  solar_capex: 1000.0
  solar_opex: 10
  solar_lifetime: 20
  carbon_price: 1.0
timeseries_values:
  load_level: 257298.61017075583
  wind_year: 2011
  solar_year: 2012
  price_year: 2023
  carbon_year: 2023
storage_values:
  CAES:
    cost: 66.841
    lifetime: 24.6997
    annual_cost: 2.706146228496702
    efficiency: 0.645539
    discharge_ratio: 0.1
    depth_of_discharge: 0.4
  Li-ion:
    cost: 184.661
    lifetime: 18.3645
    annual_cost: 10.05532413079583
    efficiency: 0.922474
    discharge_ratio: 2
    depth_of_discharge: 0.9
  Pb-acid:
    cost: 69.5988
    lifetime: 17.6797
    annual_cost: 3.936650508775601
    efficiency: 0.736455
    discharge_ratio: 5
    depth_of_discharge: 0.5
  VRBF:
    cost: 212.042
    lifetime: 22.9145
    annual_cost: 9.253616705579436
    efficiency: 0.722294
    discharge_ratio: 0.5
    depth_of_discharge: 1.0
