cost_values:
  wind_capex: 5000.0
  wind_opex: 100
  wind_lifetime: 20
  solar_capex: 1000.0
  solar_opex: 10
  solar_lifetime: 20
  carbon_price: 1.0
timeseries_values:
  load_level: 257298.61017075583
  wind_year: 2011
  solar_year: 2012
  price_year: 2023
  carbon_year: 2023
storage_values:
  CAES:
    cost: 67.2102
    lifetime: 25.6854
    annual_cost: 2.616669391950291
    efficiency: 0.649287
    discharge_ratio: 0.1
    depth_of_discharge: 0.4
  Li-ion:
    cost: 223.396
    lifetime: 20.935
    annual_cost: 10.670933842846907
    efficiency: 0.93061
    discharge_ratio: 2
    depth_of_discharge: 0.9
  Pb-acid:
    cost: 70.7334
    lifetime: 16.4453
    annual_cost: 4.3011316303138285
    efficiency: 0.737108
    discharge_ratio: 5
    depth_of_discharge: 0.5
  VRBF:
    cost: 260.449
    lifetime: 23.62
    annual_cost: 11.026629974597798
    efficiency: 0.711142
    discharge_ratio: 0.5
    depth_of_discharge: 1.0
