cost_values:
  wind_capex: 5000.0
  wind_opex: 100
  wind_lifetime: 20
  solar_capex: 1000.0
  solar_opex: 10
  solar_lifetime: 20
  carbon_price: 1.0
timeseries_values:
  load_level: 257298.61017075583
  wind_year: 2011
  solar_year: 2012
  price_year: 2023
  carbon_year: 2023
storage_values:
  CAES:
    cost: 62.2362
    lifetime: 25.8475
    annual_cost: 2.4078228068478573
    efficiency: 0.636528
    discharge_ratio: 0.1
    depth_of_discharge: 0.4
  Li-ion:
    cost: 208.021
    lifetime: 17.4561
    annual_cost: 11.916808450914006
    efficiency: 0.942141
    discharge_ratio: 2
    depth_of_discharge: 0.9
  Pb-acid:
    cost: 97.8855
    lifetime: 17.1214
    annual_cost: 5.717143457894798
    efficiency: 0.738825
    discharge_ratio: 5
    depth_of_discharge: 0.5
  VRBF:
    cost: 245.271
    lifetime: 24.3757
    annual_cost: 10.06211103681125
    efficiency: 0.733267
    discharge_ratio: 0.5
    depth_of_discharge: 1.0
