cost_values:
  wind_capex: 5000.0
  wind_opex: 100
  wind_lifetime: 20
  solar_capex: 1000.0
  solar_opex: 10
  solar_lifetime: 20
  carbon_price: 1.0
timeseries_values:
  load_level: 257298.61017075583
  wind_year: 2011
  solar_year: 2012
  price_year: 2023
  carbon_year: 2023
storage_values:
  CAES:
    cost: 66.595
    lifetime: 23.8634
    annual_cost: 2.790675260021623
    efficiency: 0.644536
    discharge_ratio: 0.1
    depth_of_discharge: 0.4
  Li-ion:
    cost: 215.296
    lifetime: 20.8092
    annual_cost: 10.346193030005958
    efficiency: 0.938468
    discharge_ratio: 2
    depth_of_discharge: 0.9
  Pb-acid:
    cost: 58.8232
    lifetime: 17.6425
    annual_cost: 3.3341759954654955
    efficiency: 0.724621
    discharge_ratio: 5
    depth_of_discharge: 0.5
  VRBF:
    cost: 242.166
    lifetime: 22.3488
    annual_cost: 10.835749570446735
    efficiency: 0.722602
    discharge_ratio: 0.5
    depth_of_discharge: 1.0
