cost_values:
  wind_capex: 5000.0
  wind_opex: 100
  wind_lifetime: 20
  solar_capex: 1000.0
  solar_opex: 10
  solar_lifetime: 20
  carbon_price: 1.0
timeseries_values:
  load_level: 257298.61017075583
  wind_year: 2011
  solar_year: 2012
  price_year: 2023
  carbon_year: 2023
storage_values:
  CAES:
    cost: 64.7436
    lifetime: 26.1105
    annual_cost: 2.4796001608548286
    efficiency: 0.641842
    discharge_ratio: 0.1
    depth_of_discharge: 0.4
  Li-ion:
    cost: 193.917
    lifetime: 19.587
    annual_cost: 9.900291009342931
    efficiency: 0.927121
    discharge_ratio: 2
    depth_of_discharge: 0.9
  Pb-acid:
    cost: 73.6708
    lifetime: 17.0726
    annual_cost: 4.315148249241474
    efficiency: 0.73119
    discharge_ratio: 5
    depth_of_discharge: 0.5
  VRBF:
    cost: 240.732
    lifetime: 23.9578
    annual_cost: 10.048168028783946
    efficiency: 0.729469
    discharge_ratio: 0.5
    depth_of_discharge: 1.0
