cost_values:
  wind_capex: 5000.0
  wind_opex: 100
  wind_lifetime: 20
  solar_capex: 1000.0
  solar_opex: 10
  solar_lifetime: 20
  carbon_price: 1.0
timeseries_values:
  load_level: 257298.61017075583
  wind_year: 2011
  solar_year: 2012
  price_year: 2023
  carbon_year: 2023
storage_values:
  CAES:
    cost: 64.137
    lifetime: 25.2341
    annual_cost: 2.5416797111844684
    efficiency: 0.638576
    discharge_ratio: 0.1
    depth_of_discharge: 0.4
  Li-ion:
    cost: 200.302
    lifetime: 20.2955
    annual_cost: 9.869281367790888
    efficiency: 0.938022
    discharge_ratio: 2
    depth_of_discharge: 0.9
  Pb-acid:
    cost: 100.843
    lifetime: 18.6506
    annual_cost: 5.406957416919563
    efficiency: 0.73649
    discharge_ratio: 5
    depth_of_discharge: 0.5
  VRBF:
    cost: 248.159
    lifetime: 23.6551
    annual_cost: 10.490718703366293
    efficiency: 0.709302
    discharge_ratio: 0.5
    depth_of_discharge: 1.0
