cost_values:
  wind_capex: 5000.0
  wind_opex: 100
  wind_lifetime: 20
  solar_capex: 1000.0
  solar_opex: 10
  solar_lifetime: 20
  carbon_price: 1.0
timeseries_values:
  load_level: 257298.61017075583
  wind_year: 2011
  solar_year: 2012
  price_year: 2023
  carbon_year: 2023
storage_values:
  CAES:
    cost: 64.4902
    lifetime: 25.2883
    annual_cost: 2.5501991039334397
    efficiency: 0.64254
    discharge_ratio: 0.1
    depth_of_discharge: 0.4
  Li-ion:
    cost: 187.221
    lifetime: 20.3156
    annual_cost: 9.21562739963378
    efficiency: 0.914655
    discharge_ratio: 2
    depth_of_discharge: 0.9
  Pb-acid:
    cost: 75.9805
    lifetime: 18.3906
    annual_cost: 4.13148565027786
    efficiency: 0.726867
    discharge_ratio: 5
    depth_of_discharge: 0.5
  VRBF:
    cost: 225.627
    lifetime: 25.2157
    annual_cost: 8.947877711108557
    efficiency: 0.727032
    discharge_ratio: 0.5
    depth_of_discharge: 1.0
