cost_values:
  wind_capex: 5000.0
  wind_opex: 100
  wind_lifetime: 20
  solar_capex: 1000.0
  solar_opex: 10
  solar_lifetime: 20
  carbon_price: 1.0
timeseries_values:
  load_level: 257298.61017075583
  wind_year: 2011
  solar_year: 2012
  price_year: 2023
  carbon_year: 2023
storage_values:
  CAES:
    cost: 67.1883
    lifetime: 23.9532
    annual_cost: 2.804982215319874
    efficiency: 0.631783
    discharge_ratio: 0.1
    depth_of_discharge: 0.4
  Li-ion:
    cost: 209.723
    lifetime: 20.3039
    annual_cost: 10.329197838838844
    efficiency: 0.919725
    discharge_ratio: 2
    depth_of_discharge: 0.9
  Pb-acid:
    cost: 91.996
    lifetime: 17.4232
    annual_cost: 5.280086321686027
    efficiency: 0.727479
    discharge_ratio: 5
    depth_of_discharge: 0.5
  VRBF:
    cost: 225.929
    lifetime: 24.5398
    annual_cost: 9.206635750902615
    efficiency: 0.704788
    discharge_ratio: 0.5
    depth_of_discharge: 1.0
