cost_values:
  wind_capex: 5000.0
  wind_opex: 100
  wind_lifetime: 20
  solar_capex: 1000.0
  solar_opex: 10
  solar_lifetime: 20
  carbon_price: 1.0
timeseries_values:
  load_level: 257298.61017075583
  wind_year: 2011
  solar_year: 2012
  price_year: 2023
  carbon_year: 2023
storage_values:
  CAES:
    cost: 69.4131
    lifetime: 24.3868
    annual_cost: 2.846339003067233
    efficiency: 0.648727
    discharge_ratio: 0.1
    depth_of_discharge: 0.4
  Li-ion:
    cost: 203.175
    lifetime: 18.3363
    annual_cost: 11.080479704193321
    efficiency: 0.928148
    discharge_ratio: 2
    depth_of_discharge: 0.9
  Pb-acid:
    cost: 71.5415
    lifetime: 17.5703
    annual_cost: 4.071728997228277
    efficiency: 0.71556
    discharge_ratio: 5
    depth_of_discharge: 0.5
  VRBF:
    cost: 261.981
    lifetime: 25.3912
    annual_cost: 10.31778726487917
    efficiency: 0.717998
    discharge_ratio: 0.5
    depth_of_discharge: 1.0
