cost_values:
  wind_capex: 5000.0
  wind_opex: 100
  wind_lifetime: 20
  solar_capex: 1000.0
  solar_opex: 10
  solar_lifetime: 20
  carbon_price: 1.0
timeseries_values:
  load_level: 257298.61017075583
  wind_year: 2011
  solar_year: 2012
  price_year: 2023
  carbon_year: 2023
storage_values:
  CAES:
    cost: 66.1845
    lifetime: 25.9116
    annual_cost: 2.5542421155003936
    efficiency: 0.637482
    discharge_ratio: 0.1
    depth_of_discharge: 0.4
  Li-ion:
    cost: 202.21
    lifetime: 21.2034
    annual_cost: 9.536678079930578
    efficiency: 0.928874
    discharge_ratio: 2
    depth_of_discharge: 0.9
  Pb-acid:
    cost: 94.2768
    lifetime: 16.2187
    annual_cost: 5.812845665805521
    efficiency: 0.731733
    discharge_ratio: 5
    depth_of_discharge: 0.5
  VRBF:
    cost: 245.959
    lifetime: 26.3244
    annual_cost: 9.343384844478887
    efficiency: 0.72059
    discharge_ratio: 0.5
    depth_of_discharge: 1.0
