cost_values:
  wind_capex: 5000.0
  wind_opex: 100
  wind_lifetime: 20
  solar_capex: 1000.0
  solar_opex: 10
  solar_lifetime: 20
  carbon_price: 1.0
timeseries_values:
  load_level: 257298.61017075583
  wind_year: 2011
  solar_year: 2012
  price_year: 2023
  carbon_year: 2023
storage_values:
  CAES:
    cost: 61.4007
    lifetime: 26.2855
    annual_cost: 2.3359152384394437
    efficiency: 0.642386
    discharge_ratio: 0.1
    depth_of_discharge: 0.4
  Li-ion:
    cost: 204.526
    lifetime: 22.1682
    annual_cost: 9.22609864580796
    efficiency: 0.933541
    discharge_ratio: 2
    depth_of_discharge: 0.9
  Pb-acid:
    cost: 83.1464
    lifetime: 17.0134
    annual_cost: 4.88711251131461
    efficiency: 0.728308
    discharge_ratio: 5
    depth_of_discharge: 0.5
  VRBF:
    cost: 235.524
    lifetime: 24.2217
    annual_cost: 9.723677528827457
    efficiency: 0.699628
    discharge_ratio: 0.5
    depth_of_discharge: 1.0
