cost_values:
  wind_capex: 5000.0
  wind_opex: 100
  wind_lifetime: 20
  solar_capex: 1000.0
  solar_opex: 10
  solar_lifetime: 20
  carbon_price: 1.0
timeseries_values:
  load_level: 257298.61017075583
  wind_year: 2011
  solar_year: 2012
  price_year: 2023
  carbon_year: 2023
storage_values:
  CAES:
    cost: 62.5614
    lifetime: 25.9885
    annual_cost: 2.4072724474286704
    efficiency: 0.645235
    discharge_ratio: 0.1
    depth_of_discharge: 0.4
  Li-ion:
    cost: 210.37
    lifetime: 19.9267
    annual_cost: 10.557192109079777
    efficiency: 0.922801
    discharge_ratio: 2
    depth_of_discharge: 0.9
  Pb-acid:
    cost: 81.2587
    lifetime: 15.8065
    annual_cost: 5.140840793344511
    efficiency: 0.734926
    discharge_ratio: 5
    depth_of_discharge: 0.5
  VRBF:
    cost: 246.07
    lifetime: 25.193
    annual_cost: 9.767395705156193
    efficiency: 0.718846
    discharge_ratio: 0.5
    depth_of_discharge: 1.0
