cost_values:
  wind_capex: 5000.0
  wind_opex: 100
  wind_lifetime: 20
  solar_capex: 1000.0
  solar_opex: 10
  solar_lifetime: 20
  carbon_price: 1.0
timeseries_values:
  load_level: 257298.61017075583
  wind_year: 2011
  solar_year: 2012
  price_year: 2023
  carbon_year: 2023
storage_values:
  CAES:
    cost: 65.2815
    lifetime: 26.3896
    annual_cost: 2.473758601873465
    efficiency: 0.644192
    discharge_ratio: 0.1
    depth_of_discharge: 0.4
  Li-ion:
    cost: 197.542
    lifetime: 21.9665
    annual_cost: 8.992875514988732
    efficiency: 0.934506
    discharge_ratio: 2
    depth_of_discharge: 0.9
  Pb-acid:
    cost: 81.0991
    lifetime: 17.1493
    annual_cost: 4.729003516178503
    efficiency: 0.719461
    discharge_ratio: 5
    depth_of_discharge: 0.5
  VRBF:
    cost: 230.247
    lifetime: 24.6234
    annual_cost: 9.350739540437147
    efficiency: 0.72659
    discharge_ratio: 0.5
    depth_of_discharge: 1.0
