cost_values:
  wind_capex: 5000.0
  wind_opex: 100
  wind_lifetime: 20
  solar_capex: 1000.0
  solar_opex: 10
  solar_lifetime: 20
  carbon_price: 1.0
timeseries_values:
  load_level: 261902.00238367714
  wind_year: 2014
  solar_year: 2014
  price_year: 2023
  carbon_year: 2023
storage_values:
  CAES:
    cost: 77.9242
    lifetime: 24.7097
    annual_cost: 3.1535874575571534
    efficiency: 0.612761
    discharge_ratio: 0.1
    depth_of_discharge: 0.4
  Li-ion:
    cost: 294.234
    lifetime: 23.5413
    annual_cost: 12.498630067158567
    efficiency: 0.90221
    discharge_ratio: 2
    depth_of_discharge: 0.9
  Pb-acid:
    cost: 112.954
    lifetime: 7.38671
    annual_cost: 15.29151679164337
    efficiency: 0.78957
    discharge_ratio: 5
    depth_of_discharge: 0.5
  VRBF:
    cost: 277.847
    lifetime: 16.8687
    annual_cost: 16.47115663921938
    efficiency: 0.767006
    discharge_ratio: 0.5
    depth_of_discharge: 1.0
