cost_values:
  wind_capex: 5000.0
  wind_opex: 100
  wind_lifetime: 20
  solar_capex: 1000.0
  solar_opex: 10
  solar_lifetime: 20
  carbon_price: 1.0
timeseries_values:
  load_level: 261902.00238367714
  wind_year: 2014
  solar_year: 2014
  price_year: 2023
  carbon_year: 2023
storage_values:
  CAES:
    cost: 77.7977
    lifetime: 24.8811
    annual_cost: 3.1267789607372665
    efficiency: 0.619301
    discharge_ratio: 0.1
    depth_of_discharge: 0.4
  Li-ion:
    cost: 248.825
    lifetime: 23.457
    annual_cost: 10.607707720509868
    efficiency: 0.89334
    discharge_ratio: 2
    depth_of_discharge: 0.9
  Pb-acid:
    cost: 112.112
    lifetime: 7.58745
    annual_cost: 14.775978754390474
    efficiency: 0.768675
    discharge_ratio: 5
    depth_of_discharge: 0.5
  VRBF:
    cost: 296.004
    lifetime: 15.1735
    annual_cost: 19.507957953010184
    efficiency: 0.725528
    discharge_ratio: 0.5
    depth_of_discharge: 1.0
