cost_values:
  wind_capex: 5000.0
  wind_opex: 100
  wind_lifetime: 20
  solar_capex: 1000.0
  solar_opex: 10
  solar_lifetime: 20
  carbon_price: 1.0
timeseries_values:
  load_level: 261902.00238367714
  wind_year: 2014
  solar_year: 2014
  price_year: 2023
  carbon_year: 2023
storage_values:
  CAES:
    cost: 78.1212
    lifetime: 25.4722
    annual_cost: 3.0669200147611906
    efficiency: 0.620936
    discharge_ratio: 0.1
    depth_of_discharge: 0.4
  Li-ion:
    cost: 274.614
    lifetime: 26.057
    annual_cost: 10.538972253137352
    efficiency: 0.89171
    discharge_ratio: 2
    depth_of_discharge: 0.9
  Pb-acid:
    cost: 134.789
    lifetime: 9.14365
    annual_cost: 14.74126853061961
    efficiency: 0.789583
    discharge_ratio: 5
    depth_of_discharge: 0.5
  VRBF:
    cost: 249.537
    lifetime: 17.1121
    annual_cost: 14.582488414630582
    efficiency: 0.752787
    discharge_ratio: 0.5
    depth_of_discharge: 1.0
