cost_values:
  wind_capex: 5000.0
  wind_opex: 100
  wind_lifetime: 20
  solar_capex: 1000.0
  solar_opex: 10
  solar_lifetime: 20
  carbon_price: 1.0
timeseries_values:
  load_level: 261902.00238367714
  wind_year: 2014
  solar_year: 2014
  price_year: 2023
  carbon_year: 2023
storage_values:
  CAES:
    cost: 75.3815
    lifetime: 24.5062
    annual_cost: 3.076017497612849
    efficiency: 0.625826
    discharge_ratio: 0.1
    depth_of_discharge: 0.4
  Li-ion:
    cost: 231.406
    lifetime: 26.5187
    annual_cost: 8.726144192588627
    efficiency: 0.894812
    discharge_ratio: 2
    depth_of_discharge: 0.9
  Pb-acid:
    cost: 139.164
    lifetime: 7.33939
    annual_cost: 18.961248823131076
    efficiency: 0.775042
    discharge_ratio: 5
    depth_of_discharge: 0.5
  VRBF:
    cost: 249.412
    lifetime: 13.7501
    annual_cost: 18.138922626017266
    efficiency: 0.772251
    discharge_ratio: 0.5
    depth_of_discharge: 1.0
