cost_values:
  wind_capex: 5000.0
  wind_opex: 100
  wind_lifetime: 20
  solar_capex: 1000.0
  solar_opex: 10
  solar_lifetime: 20
  carbon_price: 1.0
timeseries_values:
  load_level: 261902.00238367714
  wind_year: 2014
  solar_year: 2014
  price_year: 2023
  carbon_year: 2023
storage_values:
  CAES:
    cost: 76.5326
    lifetime: 25.3363
    annual_cost: 3.0206699478613688
    efficiency: 0.611584
    discharge_ratio: 0.1
    depth_of_discharge: 0.4
  Li-ion:
    cost: 257.488
    lifetime: 24.9707
    annual_cost: 10.311605201295919
    efficiency: 0.892722
    discharge_ratio: 2
    depth_of_discharge: 0.9
  Pb-acid:
    cost: 130.394
    lifetime: 6.33516
    annual_cost: 20.582589863555143
    efficiency: 0.781276
    discharge_ratio: 5
    depth_of_discharge: 0.5
  VRBF:
    cost: 251.756
    lifetime: 14.0621
    annual_cost: 17.90315813427582
    efficiency: 0.775385
    discharge_ratio: 0.5
    depth_of_discharge: 1.0
