cost_values:
  wind_capex: 5000.0
  wind_opex: 100
  wind_lifetime: 20
  solar_capex: 1000.0
  solar_opex: 10
  solar_lifetime: 20
  carbon_price: 1.0
timeseries_values:
  load_level: 261902.00238367714
  wind_year: 2014
  solar_year: 2014
  price_year: 2023
  carbon_year: 2023
storage_values:
  CAES:
    cost: 74.6358
    lifetime: 25.0355
    annual_cost: 2.9811986978490546
    efficiency: 0.603144
    discharge_ratio: 0.1
    depth_of_discharge: 0.4
  Li-ion:
    cost: 257.856
    lifetime: 24.6949
    annual_cost: 10.44167014241807
    efficiency: 0.905315
    discharge_ratio: 2
    depth_of_discharge: 0.9
  Pb-acid:
    cost: 136.451
    lifetime: 8.87942
    annual_cost: 15.36710731106311
    efficiency: 0.782849
    discharge_ratio: 5
    depth_of_discharge: 0.5
  VRBF:
    cost: 250.418
    lifetime: 14.5521
    annual_cost: 17.2083754234784
    efficiency: 0.764521
    discharge_ratio: 0.5
    depth_of_discharge: 1.0
