cost_values:
  wind_capex: 5000.0
  wind_opex: 100
  wind_lifetime: 20
  solar_capex: 1000.0
  solar_opex: 10
  solar_lifetime: 20
  carbon_price: 1.0
timeseries_values:
  load_level: 261902.00238367714
  wind_year: 2014
  solar_year: 2014
  price_year: 2023
  carbon_year: 2023
storage_values:
  CAES:
    cost: 77.8141
    lifetime: 24.6012
    annual_cost: 3.163020503064891
    efficiency: 0.619658
    discharge_ratio: 0.1
    depth_of_discharge: 0.4
  Li-ion:
    cost: 267.044
    lifetime: 25.0451
    annual_cost: 10.662524805251325
    efficiency: 0.903981
    discharge_ratio: 2
    depth_of_discharge: 0.9
  Pb-acid:
    cost: 116.43
    lifetime: 7.85577
    annual_cost: 14.820953261106169
    efficiency: 0.777605
    discharge_ratio: 5
    depth_of_discharge: 0.5
  VRBF:
    cost: 277.401
    lifetime: 15.5057
    annual_cost: 17.89025971094501
    efficiency: 0.769448
    discharge_ratio: 0.5
    depth_of_discharge: 1.0
