cost_values:
  wind_capex: 5000.0
  wind_opex: 100
  wind_lifetime: 20
  solar_capex: 1000.0
  solar_opex: 10
  solar_lifetime: 20
  carbon_price: 1.0
timeseries_values:
  load_level: 261902.00238367714
  wind_year: 2014
  solar_year: 2014
  price_year: 2023
  carbon_year: 2023
storage_values:
  CAES:
    cost: 72.8868
    lifetime: 25.5232
    annual_cost: 2.855707748244734
    efficiency: 0.62177
    discharge_ratio: 0.1
    depth_of_discharge: 0.4
  Li-ion:
    cost: 251.063
    lifetime: 24.4851
    annual_cost: 10.253705314660753
    efficiency: 0.881739
    discharge_ratio: 2
    depth_of_discharge: 0.9
  Pb-acid:
    cost: 135.663
    lifetime: 7.27927
    annual_cost: 18.636896282182143
    efficiency: 0.772145
    discharge_ratio: 5
    depth_of_discharge: 0.5
  VRBF:
    cost: 263.224
    lifetime: 16.4866
    annual_cost: 15.965935972244125
    efficiency: 0.752522
    discharge_ratio: 0.5
    depth_of_discharge: 1.0
