cost_values:
  wind_capex: 5000.0
  wind_opex: 100
  wind_lifetime: 20
  solar_capex: 1000.0
  solar_opex: 10
  solar_lifetime: 20
  carbon_price: 1.0
timeseries_values:
  load_level: 261902.00238367714
  wind_year: 2014
  solar_year: 2014
  price_year: 2023
  carbon_year: 2023
storage_values:
  CAES:
    cost: 74.0296
    lifetime: 25.1795
    annual_cost: 2.94007426676463
    efficiency: 0.620468
    discharge_ratio: 0.1
    depth_of_discharge: 0.4
  Li-ion:
    cost: 270.575
    lifetime: 26.2979
    annual_cost: 10.288844356393476
    efficiency: 0.896366
    discharge_ratio: 2
    depth_of_discharge: 0.9
  Pb-acid:
    cost: 135.504
    lifetime: 9.12275
    annual_cost: 14.853415910772519
    efficiency: 0.793108
    discharge_ratio: 5
    depth_of_discharge: 0.5
  VRBF:
    cost: 254.959
    lifetime: 15.2368
    annual_cost: 16.73310668906857
    efficiency: 0.759207
    discharge_ratio: 0.5
    depth_of_discharge: 1.0
