cost_values:
  wind_capex: 5000.0
  wind_opex: 100
  wind_lifetime: 20
  solar_capex: 1000.0
  solar_opex: 10
  solar_lifetime: 20
  carbon_price: 1.0
timeseries_values:
  load_level: 261902.00238367714
  wind_year: 2014
  solar_year: 2014
  price_year: 2023
  carbon_year: 2023
storage_values:
  CAES:
    cost: 79.785
    lifetime: 24.8404
    annual_cost: 3.2119048002447625
    efficiency: 0.629499
    discharge_ratio: 0.1
    depth_of_discharge: 0.4
  Li-ion:
    cost: 264.253
    lifetime: 23.3829
    annual_cost: 11.301121759918573
    efficiency: 0.890504
    discharge_ratio: 2
    depth_of_discharge: 0.9
  Pb-acid:
    cost: 143.57
    lifetime: 8.16262
    annual_cost: 17.588715387951417
    efficiency: 0.779624
    discharge_ratio: 5
    depth_of_discharge: 0.5
  VRBF:
    cost: 276.142
    lifetime: 15.6746
    annual_cost: 17.617164074362343
    efficiency: 0.752307
    discharge_ratio: 0.5
    depth_of_discharge: 1.0
