cost_values:
  wind_capex: 5000.0
  wind_opex: 100
  wind_lifetime: 20
  solar_capex: 1000.0
  solar_opex: 10
  solar_lifetime: 20
  carbon_price: 1.0
timeseries_values:
  load_level: 261902.00238367714
  wind_year: 2014
  solar_year: 2014
  price_year: 2023
  carbon_year: 2023
storage_values:
  CAES:
    cost: 79.8115
    lifetime: 24.782
    annual_cost: 3.2205431361472034
    efficiency: 0.617047
    discharge_ratio: 0.1
    depth_of_discharge: 0.4
  Li-ion:
    cost: 271.757
    lifetime: 23.1606
    annual_cost: 11.733590666908457
    efficiency: 0.898736
    discharge_ratio: 2
    depth_of_discharge: 0.9
  Pb-acid:
    cost: 153.779
    lifetime: 8.45667
    annual_cost: 18.18434442871721
    efficiency: 0.772843
    discharge_ratio: 5
    depth_of_discharge: 0.5
  VRBF:
    cost: 250.09
    lifetime: 14.7779
    annual_cost: 16.923243491971117
    efficiency: 0.757273
    discharge_ratio: 0.5
    depth_of_discharge: 1.0
