cost_values:
  wind_capex: 5000.0
  wind_opex: 100
  wind_lifetime: 20
  solar_capex: 1000.0
  solar_opex: 10
  solar_lifetime: 20
  carbon_price: 1.0
timeseries_values:
  load_level: 261902.00238367714
  wind_year: 2014
  solar_year: 2014
  price_year: 2023
  carbon_year: 2023
storage_values:
  CAES:
    cost: 76.415
    lifetime: 24.9718
    annual_cost: 3.060051738360871
    efficiency: 0.61143
    discharge_ratio: 0.1
    depth_of_discharge: 0.4
  Li-ion:
    cost: 268.228
    lifetime: 23.1539
    annual_cost: 11.584571065781574
    efficiency: 0.890074
    discharge_ratio: 2
    depth_of_discharge: 0.9
  Pb-acid:
    cost: 133.745
    lifetime: 7.77916
    annual_cost: 17.19273032049733
    efficiency: 0.78768
    discharge_ratio: 5
    depth_of_discharge: 0.5
  VRBF:
    cost: 268.77
    lifetime: 17.5319
    annual_cost: 15.330340693250587
    efficiency: 0.784821
    discharge_ratio: 0.5
    depth_of_discharge: 1.0
