cost_values:
  wind_capex: 5000.0
  wind_opex: 100
  wind_lifetime: 20
  solar_capex: 1000.0
  solar_opex: 10
  solar_lifetime: 20
  carbon_price: 1.0
timeseries_values:
  load_level: 261902.00238367714
  wind_year: 2014
  solar_year: 2014
  price_year: 2023
  carbon_year: 2023
storage_values:
  CAES:
    cost: 75.2058
    lifetime: 24.9446
    annual_cost: 3.014913047312845
    efficiency: 0.608257
    discharge_ratio: 0.1
    depth_of_discharge: 0.4
  Li-ion:
    cost: 277.844
    lifetime: 24.3555
    annual_cost: 11.407854488719181
    efficiency: 0.911504
    discharge_ratio: 2
    depth_of_discharge: 0.9
  Pb-acid:
    cost: 134.473
    lifetime: 7.6702
    annual_cost: 17.531876613386874
    efficiency: 0.78029
    discharge_ratio: 5
    depth_of_discharge: 0.5
  VRBF:
    cost: 248.378
    lifetime: 16.1339
    annual_cost: 15.394789852422537
    efficiency: 0.758284
    discharge_ratio: 0.5
    depth_of_discharge: 1.0
