cost_values:
  wind_capex: 5000.0
  wind_opex: 100
  wind_lifetime: 20
  solar_capex: 1000.0
  solar_opex: 10
  solar_lifetime: 20
  carbon_price: 1.0
timeseries_values:
  load_level: 261902.00238367714
  wind_year: 2014
  solar_year: 2014
  price_year: 2023
  carbon_year: 2023
storage_values:
  CAES:
    cost: 78.8135
    lifetime: 25.5566
    annual_cost: 3.083880484884531
    efficiency: 0.621987
    discharge_ratio: 0.1
    depth_of_discharge: 0.4
  Li-ion:
    cost: 262.715
    lifetime: 24.5917
    annual_cost: 10.683075997186041
    efficiency: 0.898115
    discharge_ratio: 2
    depth_of_discharge: 0.9
  Pb-acid:
    cost: 131.503
    lifetime: 7.76445
    annual_cost: 16.936550560567714
    efficiency: 0.788757
    discharge_ratio: 5
    depth_of_discharge: 0.5
  VRBF:
    cost: 271.847
    lifetime: 14.7484
    annual_cost: 18.432304521168398
    efficiency: 0.750459
    discharge_ratio: 0.5
    depth_of_discharge: 1.0
