cost_values:
  wind_capex: 5000.0
  wind_opex: 100
  wind_lifetime: 20
  solar_capex: 1000.0
  solar_opex: 10
  solar_lifetime: 20
  carbon_price: 1.0
timeseries_values:
  load_level: 261902.00238367714
  wind_year: 2014
  solar_year: 2014
  price_year: 2023
  carbon_year: 2023
storage_values:
  CAES:
    cost: 77.7102
    lifetime: 25.9068
    annual_cost: 2.999606280976423
    efficiency: 0.625344
    discharge_ratio: 0.1
    depth_of_discharge: 0.4
  Li-ion:
    cost: 255.285
    lifetime: 25.324
    annual_cost: 10.080753435476227
    efficiency: 0.90185
    discharge_ratio: 2
    depth_of_discharge: 0.9
  Pb-acid:
    cost: 124.944
    lifetime: 7.97235
    annual_cost: 15.672166926941241
    efficiency: 0.788231
    discharge_ratio: 5
    depth_of_discharge: 0.5
  VRBF:
    cost: 278.263
    lifetime: 14.8576
    annual_cost: 18.728664118027137
    efficiency: 0.749264
    discharge_ratio: 0.5
    depth_of_discharge: 1.0
