cost_values:
  wind_capex: 5000.0
  wind_opex: 100
  wind_lifetime: 20
  solar_capex: 1000.0
  solar_opex: 10
  solar_lifetime: 20
  carbon_price: 1.0
timeseries_values:
  load_level: 261902.00238367714
  wind_year: 2014
  solar_year: 2014
  price_year: 2023
  carbon_year: 2023
storage_values:
  CAES:
    cost: 77.0191
    lifetime: 23.9173
    annual_cost: 3.220225527128898
    efficiency: 0.620372
    discharge_ratio: 0.1
    depth_of_discharge: 0.4
  Li-ion:
    cost: 264.738
    lifetime: 25.2726
    annual_cost: 10.475297357612591
    efficiency: 0.898845
    discharge_ratio: 2
    depth_of_discharge: 0.9
  Pb-acid:
    cost: 130.57
    lifetime: 7.18339
    annual_cost: 18.176654754927686
    efficiency: 0.78261
    discharge_ratio: 5
    depth_of_discharge: 0.5
  VRBF:
    cost: 226.003
    lifetime: 16.1135
    annual_cost: 14.025692742110653
    efficiency: 0.770698
    discharge_ratio: 0.5
    depth_of_discharge: 1.0
