cost_values:
  wind_capex: 5000.0
  wind_opex: 100
  wind_lifetime: 20
  solar_capex: 1000.0
  solar_opex: 10
  solar_lifetime: 20
  carbon_price: 1.0
timeseries_values:
  load_level: 261902.00238367714
  wind_year: 2014
  solar_year: 2014
  price_year: 2023
  carbon_year: 2023
storage_values:
  CAES:
    cost: 76.7034
    lifetime: 24.0905
    annual_cost: 3.183968784375584
    efficiency: 0.616707
    discharge_ratio: 0.1
    depth_of_discharge: 0.4
  Li-ion:
    cost: 259.374
    lifetime: 25.1645
    annual_cost: 10.307139025214092
    efficiency: 0.893509
    discharge_ratio: 2
    depth_of_discharge: 0.9
  Pb-acid:
    cost: 140.242
    lifetime: 8.07171
    annual_cost: 17.374509242775076
    efficiency: 0.790026
    discharge_ratio: 5
    depth_of_discharge: 0.5
  VRBF:
    cost: 266.602
    lifetime: 14.972
    annual_cost: 17.80670585092172
    efficiency: 0.774473
    discharge_ratio: 0.5
    depth_of_discharge: 1.0
