cost_values:
  wind_capex: 5000.0
  wind_opex: 100
  wind_lifetime: 20
  solar_capex: 1000.0
  solar_opex: 10
  solar_lifetime: 20
  carbon_price: 1.0
timeseries_values:
  load_level: 261902.00238367714
  wind_year: 2014
  solar_year: 2014
  price_year: 2023
  carbon_year: 2023
storage_values:
  CAES:
    cost: 75.987
    lifetime: 24.9178
    annual_cost: 3.0495067782870073
    efficiency: 0.614767
    discharge_ratio: 0.1
    depth_of_discharge: 0.4
  Li-ion:
    cost: 260.643
    lifetime: 24.7209
    annual_cost: 10.543426816984818
    efficiency: 0.895986
    discharge_ratio: 2
    depth_of_discharge: 0.9
  Pb-acid:
    cost: 142.189
    lifetime: 7.85175
    annual_cost: 18.10921132231668
    efficiency: 0.777963
    discharge_ratio: 5
    depth_of_discharge: 0.5
  VRBF:
    cost: 286.483
    lifetime: 14.9601
    annual_cost: 19.149805148361306
    efficiency: 0.760396
    discharge_ratio: 0.5
    depth_of_discharge: 1.0
