cost_values:
  wind_capex: 5000.0
  wind_opex: 100
  wind_lifetime: 20
  solar_capex: 1000.0
  solar_opex: 10
  solar_lifetime: 20
  carbon_price: 1.0
timeseries_values:
  load_level: 261902.00238367714
  wind_year: 2014
  solar_year: 2014
  price_year: 2023
  carbon_year: 2023
storage_values:
  CAES:
    cost: 77.6867
    lifetime: 24.4221
    annual_cost: 3.180999995905348
    efficiency: 0.621438
    discharge_ratio: 0.1
    depth_of_discharge: 0.4
  Li-ion:
    cost: 277.563
    lifetime: 24.4794
    annual_cost: 11.338635750876247
    efficiency: 0.891302
    discharge_ratio: 2
    depth_of_discharge: 0.9
  Pb-acid:
    cost: 142.308
    lifetime: 7.44579
    annual_cost: 19.11254547872019
    efficiency: 0.777349
    discharge_ratio: 5
    depth_of_discharge: 0.5
  VRBF:
    cost: 258.663
    lifetime: 15.4505
    annual_cost: 16.741399954694025
    efficiency: 0.754347
    discharge_ratio: 0.5
    depth_of_discharge: 1.0
