cost_values:
  wind_capex: 5000.0
  wind_opex: 100
  wind_lifetime: 20
  solar_capex: 1000.0
  solar_opex: 10
  solar_lifetime: 20
  carbon_price: 1.0
timeseries_values:
  load_level: 261902.00238367714
  wind_year: 2014
  solar_year: 2014
  price_year: 2023
  carbon_year: 2023
storage_values:
  CAES:
    cost: 69.8885
    lifetime: 25.0891
    annual_cost: 2.7856120785520404
    efficiency: 0.627375
    discharge_ratio: 0.1
    depth_of_discharge: 0.4
  Li-ion:
    cost: 254.2
    lifetime: 25.5996
    annual_cost: 9.929842653791466
    efficiency: 0.89685
    discharge_ratio: 2
    depth_of_discharge: 0.9
  Pb-acid:
    cost: 135.817
    lifetime: 8.14566
    annual_cost: 16.673541493261443
    efficiency: 0.78662
    discharge_ratio: 5
    depth_of_discharge: 0.5
  VRBF:
    cost: 259.989
    lifetime: 14.7483
    annual_cost: 17.62840462968613
    efficiency: 0.753163
    discharge_ratio: 0.5
    depth_of_discharge: 1.0
