cost_values:
  wind_capex: 5000.0
  wind_opex: 100
  wind_lifetime: 20
  solar_capex: 1000.0
  solar_opex: 10
  solar_lifetime: 20
  carbon_price: 1.0
timeseries_values:
  load_level: 261902.00238367714
  wind_year: 2014
  solar_year: 2014
  price_year: 2023
  carbon_year: 2023
storage_values:
  CAES:
    cost: 75.2582
    lifetime: 25.2285
    annual_cost: 2.983062805953584
    efficiency: 0.620034
    discharge_ratio: 0.1
    depth_of_discharge: 0.4
  Li-ion:
    cost: 260.721
    lifetime: 23.5573
    annual_cost: 11.06752471632997
    efficiency: 0.904854
    discharge_ratio: 2
    depth_of_discharge: 0.9
  Pb-acid:
    cost: 150.983
    lifetime: 6.01764
    annual_cost: 25.090068531849695
    efficiency: 0.783043
    discharge_ratio: 5
    depth_of_discharge: 0.5
  VRBF:
    cost: 260.402
    lifetime: 16.0212
    annual_cost: 16.253588994582177
    efficiency: 0.752326
    discharge_ratio: 0.5
    depth_of_discharge: 1.0
