cost_values:
  wind_capex: 5000.0
  wind_opex: 100
  wind_lifetime: 20
  solar_capex: 1000.0
  solar_opex: 10
  solar_lifetime: 20
  carbon_price: 1.0
timeseries_values:
  load_level: 261902.00238367714
  wind_year: 2014
  solar_year: 2014
  price_year: 2023
  carbon_year: 2023
storage_values:
  CAES:
    cost: 75.6961
    lifetime: 24.6062
    annual_cost: 3.0763019076492917
    efficiency: 0.630627
    discharge_ratio: 0.1
    depth_of_discharge: 0.4
  Li-ion:
    cost: 293.627
    lifetime: 21.3166
    annual_cost: 13.774570053385624
    efficiency: 0.880327
    discharge_ratio: 2
    depth_of_discharge: 0.9
  Pb-acid:
    cost: 161.162
    lifetime: 8.80136
    annual_cost: 18.31103374932965
    efficiency: 0.779398
    discharge_ratio: 5
    depth_of_discharge: 0.5
  VRBF:
    cost: 258.143
    lifetime: 16.7497
    annual_cost: 15.41179842027021
    efficiency: 0.790969
    discharge_ratio: 0.5
    depth_of_discharge: 1.0
