cost_values:
  wind_capex: 5000.0
  wind_opex: 100
  wind_lifetime: 20
  solar_capex: 1000.0
  solar_opex: 10
  solar_lifetime: 20
  carbon_price: 1.0
timeseries_values:
  load_level: 261902.00238367714
  wind_year: 2014
  solar_year: 2014
  price_year: 2023
  carbon_year: 2023
storage_values:
  CAES:
    cost: 74.894
    lifetime: 24.9809
    annual_cost: 2.998050510590091
    efficiency: 0.607341
    discharge_ratio: 0.1
    depth_of_discharge: 0.4
  Li-ion:
    cost: 259.41
    lifetime: 24.1148
    annual_cost: 10.7572942757145
    efficiency: 0.909015
    discharge_ratio: 2
    depth_of_discharge: 0.9
  Pb-acid:
    cost: 142.272
    lifetime: 8.81161
    annual_cost: 16.145971054097945
    efficiency: 0.756284
    discharge_ratio: 5
    depth_of_discharge: 0.5
  VRBF:
    cost: 289.58
    lifetime: 16.0373
    annual_cost: 18.056655422047353
    efficiency: 0.761325
    discharge_ratio: 0.5
    depth_of_discharge: 1.0
