cost_values:
  wind_capex: 5000.0
  wind_opex: 100
  wind_lifetime: 20
  solar_capex: 1000.0
  solar_opex: 10
  solar_lifetime: 20
  carbon_price: 1.0
timeseries_values:
  load_level: 261902.00238367714
  wind_year: 2014
  solar_year: 2014
  price_year: 2023
  carbon_year: 2023
storage_values:
  CAES:
    cost: 73.3543
    lifetime: 23.931
    annual_cost: 3.0652417366595626
    efficiency: 0.621377
    discharge_ratio: 0.1
    depth_of_discharge: 0.4
  Li-ion:
    cost: 267.282
    lifetime: 25.1163
    annual_cost: 10.641774465187945
    efficiency: 0.924446
    discharge_ratio: 2
    depth_of_discharge: 0.9
  Pb-acid:
    cost: 118.129
    lifetime: 10.6168
    annual_cost: 11.126610654811243
    efficiency: 0.769943
    discharge_ratio: 5
    depth_of_discharge: 0.5
  VRBF:
    cost: 277.328
    lifetime: 17.0085
    annual_cost: 16.30525913513831
    efficiency: 0.767951
    discharge_ratio: 0.5
    depth_of_discharge: 1.0
