cost_values:
  wind_capex: 5000.0
  wind_opex: 100
  wind_lifetime: 20
  solar_capex: 1000.0
  solar_opex: 10
  solar_lifetime: 20
  carbon_price: 1.0
timeseries_values:
  load_level: 261902.00238367714
  wind_year: 2014
  solar_year: 2014
  price_year: 2023
  carbon_year: 2023
storage_values:
  CAES:
    cost: 71.8643
    lifetime: 25.2085
    annual_cost: 2.850796358371184
    efficiency: 0.616555
    discharge_ratio: 0.1
    depth_of_discharge: 0.4
  Li-ion:
    cost: 279.02
    lifetime: 24.0808
    annual_cost: 11.58682435799475
    efficiency: 0.909263
    discharge_ratio: 2
    depth_of_discharge: 0.9
  Pb-acid:
    cost: 145.368
    lifetime: 7.28239
    annual_cost: 19.961578547702057
    efficiency: 0.770421
    discharge_ratio: 5
    depth_of_discharge: 0.5
  VRBF:
    cost: 259.471
    lifetime: 17.7952
    annual_cost: 14.580954414673618
    efficiency: 0.752328
    discharge_ratio: 0.5
    depth_of_discharge: 1.0
