cost_values:
  wind_capex: 5000.0
  wind_opex: 100
  wind_lifetime: 20
  solar_capex: 1000.0
  solar_opex: 10
  solar_lifetime: 20
  carbon_price: 1.0
timeseries_values:
  load_level: 261902.00238367714
  wind_year: 2014
  solar_year: 2014
  price_year: 2023
  carbon_year: 2023
storage_values:
  CAES:
    cost: 76.995
    lifetime: 24.6861
    annual_cost: 3.118961682890372
    efficiency: 0.623355
    discharge_ratio: 0.1
    depth_of_discharge: 0.4
  Li-ion:
    cost: 259.584
    lifetime: 25.2067
    annual_cost: 10.298214363641412
    efficiency: 0.902768
    discharge_ratio: 2
    depth_of_discharge: 0.9
  Pb-acid:
    cost: 135.638
    lifetime: 8.00024
    annual_cost: 16.95424137275882
    efficiency: 0.7691
    discharge_ratio: 5
    depth_of_discharge: 0.5
  VRBF:
    cost: 204.554
    lifetime: 16.8124
    annual_cost: 12.166853037044087
    efficiency: 0.771606
    discharge_ratio: 0.5
    depth_of_discharge: 1.0
