cost_values:
  wind_capex: 5000.0
  wind_opex: 100
  wind_lifetime: 20
  solar_capex: 1000.0
  solar_opex: 10
  solar_lifetime: 20
  carbon_price: 1.0
timeseries_values:
  load_level: 261902.00238367714
  wind_year: 2014
  solar_year: 2014
  price_year: 2023
  carbon_year: 2023
storage_values:
  CAES:
    cost: 75.9161
    lifetime: 25.2302
    annual_cost: 3.008937701643269
    efficiency: 0.623355
    discharge_ratio: 0.1
    depth_of_discharge: 0.4
  Li-ion:
    cost: 249.784
    lifetime: 25.9982
    annual_cost: 9.607742074451307
    efficiency: 0.899802
    discharge_ratio: 2
    depth_of_discharge: 0.9
  Pb-acid:
    cost: 139.188
    lifetime: 9.29114
    annual_cost: 14.980723571058016
    efficiency: 0.783734
    discharge_ratio: 5
    depth_of_discharge: 0.5
  VRBF:
    cost: 260.44
    lifetime: 14.8934
    annual_cost: 17.486940523990494
    efficiency: 0.77763
    discharge_ratio: 0.5
    depth_of_discharge: 1.0
