cost_values:
  wind_capex: 5000.0
  wind_opex: 100
  wind_lifetime: 20
  solar_capex: 1000.0
  solar_opex: 10
  solar_lifetime: 20
  carbon_price: 1.0
timeseries_values:
  load_level: 261902.00238367714
  wind_year: 2014
  solar_year: 2014
  price_year: 2023
  carbon_year: 2023
storage_values:
  CAES:
    cost: 76.5958
    lifetime: 24.8529
    annual_cost: 3.0819662896482902
    efficiency: 0.618042
    discharge_ratio: 0.1
    depth_of_discharge: 0.4
  Li-ion:
    cost: 259.768
    lifetime: 25.5701
    annual_cost: 10.159052956382649
    efficiency: 0.905352
    discharge_ratio: 2
    depth_of_discharge: 0.9
  Pb-acid:
    cost: 125.148
    lifetime: 6.74792
    annual_cost: 18.546159409121625
    efficiency: 0.785731
    discharge_ratio: 5
    depth_of_discharge: 0.5
  VRBF:
    cost: 254.465
    lifetime: 17.0739
    annual_cost: 14.90374196873591
    efficiency: 0.764225
    discharge_ratio: 0.5
    depth_of_discharge: 1.0
