cost_values:
  wind_capex: 5000.0
  wind_opex: 100
  wind_lifetime: 20
  solar_capex: 1000.0
  solar_opex: 10
  solar_lifetime: 20
  carbon_price: 1.0
timeseries_values:
  load_level: 261902.00238367714
  wind_year: 2014
  solar_year: 2014
  price_year: 2023
  carbon_year: 2023
storage_values:
  CAES:
    cost: 76.7241
    lifetime: 24.8609
    annual_cost: 3.086135256567542
    efficiency: 0.624829
    discharge_ratio: 0.1
    depth_of_discharge: 0.4
  Li-ion:
    cost: 272.184
    lifetime: 24.9804
    annual_cost: 10.895902387471779
    efficiency: 0.897007
    discharge_ratio: 2
    depth_of_discharge: 0.9
  Pb-acid:
    cost: 116.134
    lifetime: 8.18105
    annual_cost: 14.195488354184363
    efficiency: 0.775162
    discharge_ratio: 5
    depth_of_discharge: 0.5
  VRBF:
    cost: 226.134
    lifetime: 15.4406
    annual_cost: 14.645415333601026
    efficiency: 0.76349
    discharge_ratio: 0.5
    depth_of_discharge: 1.0
