cost_values:
  wind_capex: 5000.0
  wind_opex: 100
  wind_lifetime: 20
  solar_capex: 1000.0
  solar_opex: 10
  solar_lifetime: 20
  carbon_price: 1.0
timeseries_values:
  load_level: 261902.00238367714
  wind_year: 2014
  solar_year: 2014
  price_year: 2023
  carbon_year: 2023
storage_values:
  CAES:
    cost: 77.2677
    lifetime: 25.044
    annual_cost: 3.0852779108768567
    efficiency: 0.621661
    discharge_ratio: 0.1
    depth_of_discharge: 0.4
  Li-ion:
    cost: 258.125
    lifetime: 25.386
    annual_cost: 10.168005987552194
    efficiency: 0.895409
    discharge_ratio: 2
    depth_of_discharge: 0.9
  Pb-acid:
    cost: 143.919
    lifetime: 8.77686
    annual_cost: 16.39754992104238
    efficiency: 0.775423
    discharge_ratio: 5
    depth_of_discharge: 0.5
  VRBF:
    cost: 268.572
    lifetime: 16.0624
    annual_cost: 16.720539894411793
    efficiency: 0.751387
    discharge_ratio: 0.5
    depth_of_discharge: 1.0
