cost_values:
  wind_capex: 5000.0
  wind_opex: 100
  wind_lifetime: 20
  solar_capex: 1000.0
  solar_opex: 10
  solar_lifetime: 20
  carbon_price: 1.0
timeseries_values:
  load_level: 261902.00238367714
  wind_year: 2014
  solar_year: 2014
  price_year: 2023
  carbon_year: 2023
storage_values:
  CAES:
    cost: 71.6109
    lifetime: 25.3698
    annual_cost: 2.822682874914268
    efficiency: 0.613179
    discharge_ratio: 0.1
    depth_of_discharge: 0.4
  Li-ion:
    cost: 264.611
    lifetime: 25.6214
    annual_cost: 10.327733847486865
    efficiency: 0.904218
    discharge_ratio: 2
    depth_of_discharge: 0.9
  Pb-acid:
    cost: 150.741
    lifetime: 8.22562
    annual_cost: 18.325791855203622
    efficiency: 0.790113
    discharge_ratio: 5
    depth_of_discharge: 0.5
  VRBF:
    cost: 274.272
    lifetime: 16.0389
    annual_cost: 17.100424592708976
    efficiency: 0.743355
    discharge_ratio: 0.5
    depth_of_discharge: 1.0
