cost_values:
  wind_capex: 5000.0
  wind_opex: 100
  wind_lifetime: 20
  solar_capex: 1000.0
  solar_opex: 10
  solar_lifetime: 20
  carbon_price: 1.0
timeseries_values:
  load_level: 261902.00238367714
  wind_year: 2014
  solar_year: 2014
  price_year: 2023
  carbon_year: 2023
storage_values:
  CAES:
    cost: 78.8503
    lifetime: 25.3451
    annual_cost: 3.1110668334313143
    efficiency: 0.616279
    discharge_ratio: 0.1
    depth_of_discharge: 0.4
  Li-ion:
    cost: 267.376
    lifetime: 25.0884
    annual_cost: 10.657355590631527
    efficiency: 0.899728
    discharge_ratio: 2
    depth_of_discharge: 0.9
  Pb-acid:
    cost: 119.064
    lifetime: 7.9589
    annual_cost: 14.95985626154368
    efficiency: 0.782848
    discharge_ratio: 5
    depth_of_discharge: 0.5
  VRBF:
    cost: 267.877
    lifetime: 15.1432
    annual_cost: 17.689590047017802
    efficiency: 0.771238
    discharge_ratio: 0.5
    depth_of_discharge: 1.0
