cost_values:
  wind_capex: 5000.0
  wind_opex: 100
  wind_lifetime: 20
  solar_capex: 1000.0
  solar_opex: 10
  solar_lifetime: 20
  carbon_price: 1.0
timeseries_values:
  load_level: 261902.00238367714
  wind_year: 2014
  solar_year: 2014
  price_year: 2023
  carbon_year: 2023
storage_values:
  CAES:
    cost: 78.7643
    lifetime: 24.9668
    annual_cost: 3.1547615233029465
    efficiency: 0.61078
    discharge_ratio: 0.1
    depth_of_discharge: 0.4
  Li-ion:
    cost: 254.621
    lifetime: 23.2303
    annual_cost: 10.960728014704934
    efficiency: 0.893715
    discharge_ratio: 2
    depth_of_discharge: 0.9
  Pb-acid:
    cost: 122.759
    lifetime: 7.72165
    annual_cost: 15.898026976099667
    efficiency: 0.792807
    discharge_ratio: 5
    depth_of_discharge: 0.5
  VRBF:
    cost: 280.134
    lifetime: 14.8274
    annual_cost: 18.892995400407354
    efficiency: 0.781318
    discharge_ratio: 0.5
    depth_of_discharge: 1.0
