cost_values:
  wind_capex: 5000.0
  wind_opex: 100
  wind_lifetime: 20
  solar_capex: 1000.0
  solar_opex: 10
  solar_lifetime: 20
  carbon_price: 1.0
timeseries_values:
  load_level: 261902.00238367714
  wind_year: 2014
  solar_year: 2014
  price_year: 2023
  carbon_year: 2023
storage_values:
  CAES:
    cost: 73.2197
    lifetime: 25.1258
    annual_cost: 2.9141241273909686
    efficiency: 0.623944
    discharge_ratio: 0.1
    depth_of_discharge: 0.4
  Li-ion:
    cost: 270.02
    lifetime: 25.0128
    annual_cost: 10.795272820315999
    efficiency: 0.893503
    discharge_ratio: 2
    depth_of_discharge: 0.9
  Pb-acid:
    cost: 145.859
    lifetime: 8.25315
    annual_cost: 17.67313086518481
    efficiency: 0.778157
    discharge_ratio: 5
    depth_of_discharge: 0.5
  VRBF:
    cost: 291.876
    lifetime: 13.8221
    annual_cost: 21.11661759067001
    efficiency: 0.778232
    discharge_ratio: 0.5
    depth_of_discharge: 1.0
