cost_values:
  wind_capex: 5000.0
  wind_opex: 100
  wind_lifetime: 20
  solar_capex: 1000.0
  solar_opex: 10
  solar_lifetime: 20
  carbon_price: 1.0
timeseries_values:
  load_level: 261902.00238367714
  wind_year: 2014
  solar_year: 2014
  price_year: 2023
  carbon_year: 2023
storage_values:
  CAES:
    cost: 77.2817
    lifetime: 23.2069
    annual_cost: 3.330117335792372
    efficiency: 0.621212
    discharge_ratio: 0.1
    depth_of_discharge: 0.4
  Li-ion:
    cost: 276.768
    lifetime: 24.3739
    annual_cost: 11.355097050533562
    efficiency: 0.903006
    discharge_ratio: 2
    depth_of_discharge: 0.9
  Pb-acid:
    cost: 132.267
    lifetime: 6.40944
    annual_cost: 20.63628023665094
    efficiency: 0.781522
    discharge_ratio: 5
    depth_of_discharge: 0.5
  VRBF:
    cost: 230.16
    lifetime: 15.4532
    annual_cost: 14.89400253669143
    efficiency: 0.771539
    discharge_ratio: 0.5
    depth_of_discharge: 1.0
