cost_values:
  wind_capex: 5000.0
  wind_opex: 100
  wind_lifetime: 20
  solar_capex: 1000.0
  solar_opex: 10
  solar_lifetime: 20
  carbon_price: 1.0
timeseries_values:
  load_level: 261902.00238367714
  wind_year: 2014
  solar_year: 2014
  price_year: 2023
  carbon_year: 2023
storage_values:
  CAES:
    cost: 78.6662
    lifetime: 23.6999
    annual_cost: 3.3192629504765847
    efficiency: 0.631322
    discharge_ratio: 0.1
    depth_of_discharge: 0.4
  Li-ion:
    cost: 268.793
    lifetime: 26.6485
    annual_cost: 10.086609002382874
    efficiency: 0.905821
    discharge_ratio: 2
    depth_of_discharge: 0.9
  Pb-acid:
    cost: 149.683
    lifetime: 9.56234
    annual_cost: 15.653386095871928
    efficiency: 0.781974
    discharge_ratio: 5
    depth_of_discharge: 0.5
  VRBF:
    cost: 258.639
    lifetime: 17.234
    annual_cost: 15.00748520366717
    efficiency: 0.758758
    discharge_ratio: 0.5
    depth_of_discharge: 1.0
