cost_values:
  wind_capex: 5000.0
  wind_opex: 100
  wind_lifetime: 20
  solar_capex: 1000.0
  solar_opex: 10
  solar_lifetime: 20
  carbon_price: 1.0
timeseries_values:
  load_level: 261902.00238367714
  wind_year: 2014
  solar_year: 2014
  price_year: 2023
  carbon_year: 2023
storage_values:
  CAES:
    cost: 79.1612
    lifetime: 25.0394
    annual_cost: 3.1614655303242087
    efficiency: 0.616227
    discharge_ratio: 0.1
    depth_of_discharge: 0.4
  Li-ion:
    cost: 262.383
    lifetime: 26.4725
    annual_cost: 9.91153083388422
    efficiency: 0.895388
    discharge_ratio: 2
    depth_of_discharge: 0.9
  Pb-acid:
    cost: 128.977
    lifetime: 10.2832
    annual_cost: 12.542496499144235
    efficiency: 0.789003
    discharge_ratio: 5
    depth_of_discharge: 0.5
  VRBF:
    cost: 273.109
    lifetime: 15.3952
    annual_cost: 17.73987996258574
    efficiency: 0.759296
    discharge_ratio: 0.5
    depth_of_discharge: 1.0
