cost_values:
  wind_capex: 5000.0
  wind_opex: 100
  wind_lifetime: 20
  solar_capex: 1000.0
  solar_opex: 10
  solar_lifetime: 20
  carbon_price: 1.0
timeseries_values:
  load_level: 261902.00238367714
  wind_year: 2014
  solar_year: 2014
  price_year: 2023
  carbon_year: 2023
storage_values:
  CAES:
    cost: 74.7563
    lifetime: 24.227
    annual_cost: 3.0856606265736573
    efficiency: 0.614544
    discharge_ratio: 0.1
    depth_of_discharge: 0.4
  Li-ion:
    cost: 243.088
    lifetime: 23.0113
    annual_cost: 10.563853411150175
    efficiency: 0.894356
    discharge_ratio: 2
    depth_of_discharge: 0.9
  Pb-acid:
    cost: 148.395
    lifetime: 6.88667
    annual_cost: 21.54815026711023
    efficiency: 0.78379
    discharge_ratio: 5
    depth_of_discharge: 0.5
  VRBF:
    cost: 226.033
    lifetime: 15.0166
    annual_cost: 15.052208888829695
    efficiency: 0.750645
    discharge_ratio: 0.5
    depth_of_discharge: 1.0
