cost_values:
  wind_capex: 5000.0
  wind_opex: 100
  wind_lifetime: 20
  solar_capex: 1000.0
  solar_opex: 10
  solar_lifetime: 20
  carbon_price: 1.0
timeseries_values:
  load_level: 261902.00238367714
  wind_year: 2014
  solar_year: 2014
  price_year: 2023
  carbon_year: 2023
storage_values:
  CAES:
    cost: 78.9349
    lifetime: 24.9036
    annual_cost: 3.169618047189964
    efficiency: 0.60554
    discharge_ratio: 0.1
    depth_of_discharge: 0.4
  Li-ion:
    cost: 268.498
    lifetime: 25.4283
    annual_cost: 10.559022821030112
    efficiency: 0.897148
    discharge_ratio: 2
    depth_of_discharge: 0.9
  Pb-acid:
    cost: 144.393
    lifetime: 9.16423
    annual_cost: 15.756151908016276
    efficiency: 0.78453
    discharge_ratio: 5
    depth_of_discharge: 0.5
  VRBF:
    cost: 236.194
    lifetime: 16.2455
    annual_cost: 14.539041580745437
    efficiency: 0.756606
    discharge_ratio: 0.5
    depth_of_discharge: 1.0
