cost_values:
  wind_capex: 5000.0
  wind_opex: 100
  wind_lifetime: 20
  solar_capex: 1000.0
  solar_opex: 10
  solar_lifetime: 20
  carbon_price: 1.0
timeseries_values:
  load_level: 229400.42958230426
  wind_year: 2010
  solar_year: 2012
  price_year: 2023
  carbon_year: 2023
storage_values:
  CAES:
    cost: 42.0082
    lifetime: 24.8151
    annual_cost: 1.6928483060717063
    efficiency: 0.623479
    discharge_ratio: 0.1
    depth_of_discharge: 0.4
  Li-ion:
    cost: 234.628
    lifetime: 19.7252
    annual_cost: 11.894835033358342
    efficiency: 0.889644
    discharge_ratio: 2
    depth_of_discharge: 0.9
  Pb-acid:
    cost: 155.549
    lifetime: 18.0334
    annual_cost: 8.6256058203112
    efficiency: 0.681278
    discharge_ratio: 5
    depth_of_discharge: 0.5
  VRBF:
    cost: 257.05
    lifetime: 25.4467
    annual_cost: 10.10150628568734
    efficiency: 0.794677
    discharge_ratio: 0.5
    depth_of_discharge: 1.0
