cost_values:
  wind_capex: 5000.0
  wind_opex: 100
  wind_lifetime: 20
  solar_capex: 1000.0
  solar_opex: 10
  solar_lifetime: 20
  carbon_price: 1.0
timeseries_values:
  load_level: 229400.42958230426
  wind_year: 2010
  solar_year: 2012
  price_year: 2023
  carbon_year: 2023
storage_values:
  CAES:
    cost: 35.9996
    lifetime: 25.9924
    annual_cost: 1.3850048475708285
    efficiency: 0.628613
    discharge_ratio: 0.1
    depth_of_discharge: 0.4
  Li-ion:
    cost: 232.55
    lifetime: 20.6481
    annual_cost: 11.262537473181553
    efficiency: 0.883602
    discharge_ratio: 2
    depth_of_discharge: 0.9
  Pb-acid:
    cost: 161.162
    lifetime: 18.8739
    annual_cost: 8.538881736154162
    efficiency: 0.702969
    discharge_ratio: 5
    depth_of_discharge: 0.5
  VRBF:
    cost: 248.099
    lifetime: 25.349
    annual_cost: 9.787328888713558
    efficiency: 0.774166
    discharge_ratio: 0.5
    depth_of_discharge: 1.0
