cost_values:
  wind_capex: 5000.0
  wind_opex: 100
  wind_lifetime: 20
  solar_capex: 1000.0
  solar_opex: 10
  solar_lifetime: 20
  carbon_price: 1.0
timeseries_values:
  load_level: 229400.42958230426
  wind_year: 2010
  solar_year: 2012
  price_year: 2023
  carbon_year: 2023
storage_values:
  CAES:
    cost: 35.666
    lifetime: 24.851
    annual_cost: 1.4351937547784797
    efficiency: 0.634631
    discharge_ratio: 0.1
    depth_of_discharge: 0.4
  Li-ion:
    cost: 227.226
    lifetime: 18.3468
    annual_cost: 12.385048073778533
    efficiency: 0.883736
    discharge_ratio: 2
    depth_of_discharge: 0.9
  Pb-acid:
    cost: 139.179
    lifetime: 19.2336
    annual_cost: 7.236242825056152
    efficiency: 0.683735
    discharge_ratio: 5
    depth_of_discharge: 0.5
  VRBF:
    cost: 213.075
    lifetime: 25.0524
    annual_cost: 8.505173157062796
    efficiency: 0.761955
    discharge_ratio: 0.5
    depth_of_discharge: 1.0
