cost_values:
  wind_capex: 5000.0
  wind_opex: 100
  wind_lifetime: 20
  solar_capex: 1000.0
  solar_opex: 10
  solar_lifetime: 20
  carbon_price: 1.0
timeseries_values:
  load_level: 229400.42958230426
  wind_year: 2010
  solar_year: 2012
  price_year: 2023
  carbon_year: 2023
storage_values:
  CAES:
    cost: 41.4787
    lifetime: 24.713
    annual_cost: 1.678416218184761
    efficiency: 0.632037
    discharge_ratio: 0.1
    depth_of_discharge: 0.4
  Li-ion:
    cost: 223.169
    lifetime: 19.4753
    annual_cost: 11.459078935882888
    efficiency: 0.879916
    discharge_ratio: 2
    depth_of_discharge: 0.9
  Pb-acid:
    cost: 158.621
    lifetime: 17.6758
    annual_cost: 8.973907828782856
    efficiency: 0.69853
    discharge_ratio: 5
    depth_of_discharge: 0.5
  VRBF:
    cost: 225.774
    lifetime: 24.3914
    annual_cost: 9.256295251605074
    efficiency: 0.742278
    discharge_ratio: 0.5
    depth_of_discharge: 1.0
