cost_values:
  wind_capex: 5000.0
  wind_opex: 100
  wind_lifetime: 20
  solar_capex: 1000.0
  solar_opex: 10
  solar_lifetime: 20
  carbon_price: 1.0
timeseries_values:
  load_level: 229400.42958230426
  wind_year: 2010
  solar_year: 2012
  price_year: 2023
  carbon_year: 2023
storage_values:
  CAES:
    cost: 37.321
    lifetime: 24.7125
    annual_cost: 1.5102073849266566
    efficiency: 0.617638
    discharge_ratio: 0.1
    depth_of_discharge: 0.4
  Li-ion:
    cost: 251.336
    lifetime: 18.7386
    annual_cost: 13.412741613567714
    efficiency: 0.884754
    discharge_ratio: 2
    depth_of_discharge: 0.9
  Pb-acid:
    cost: 154.541
    lifetime: 18.965
    annual_cost: 8.148747693118903
    efficiency: 0.693493
    discharge_ratio: 5
    depth_of_discharge: 0.5
  VRBF:
    cost: 218.762
    lifetime: 25.2825
    annual_cost: 8.652704439829922
    efficiency: 0.798782
    discharge_ratio: 0.5
    depth_of_discharge: 1.0
