cost_values:
  wind_capex: 5000.0
  wind_opex: 100
  wind_lifetime: 20
  solar_capex: 1000.0
  solar_opex: 10
  solar_lifetime: 20
  carbon_price: 1.0
timeseries_values:
  load_level: 229400.42958230426
  wind_year: 2010
  solar_year: 2012
  price_year: 2023
  carbon_year: 2023
storage_values:
  CAES:
    cost: 42.3932
    lifetime: 23.4953
    annual_cost: 1.8043268228113707
    efficiency: 0.617577
    discharge_ratio: 0.1
    depth_of_discharge: 0.4
  Li-ion:
    cost: 250.826
    lifetime: 19.1731
    annual_cost: 13.08218284993037
    efficiency: 0.866471
    discharge_ratio: 2
    depth_of_discharge: 0.9
  Pb-acid:
    cost: 160.992
    lifetime: 17.8492
    annual_cost: 9.01956390202362
    efficiency: 0.682786
    discharge_ratio: 5
    depth_of_discharge: 0.5
  VRBF:
    cost: 260.758
    lifetime: 26.1445
    annual_cost: 9.973722962764635
    efficiency: 0.766199
    discharge_ratio: 0.5
    depth_of_discharge: 1.0
