cost_values:
  wind_capex: 5000.0
  wind_opex: 100
  wind_lifetime: 20
  solar_capex: 1000.0
  solar_opex: 10
  solar_lifetime: 20
  carbon_price: 1.0
timeseries_values:
  load_level: 229400.42958230426
  wind_year: 2010
  solar_year: 2012
  price_year: 2023
  carbon_year: 2023
storage_values:
  CAES:
    cost: 35.1139
    lifetime: 24.3885
    annual_cost: 1.4397728437583288
    efficiency: 0.625092
    discharge_ratio: 0.1
    depth_of_discharge: 0.4
  Li-ion:
    cost: 240.914
    lifetime: 18.6017
    annual_cost: 12.951181881225908
    efficiency: 0.870572
    discharge_ratio: 2
    depth_of_discharge: 0.9
  Pb-acid:
    cost: 178.818
    lifetime: 18.3924
    annual_cost: 9.722385333072358
    efficiency: 0.6893
    discharge_ratio: 5
    depth_of_discharge: 0.5
  VRBF:
    cost: 209.683
    lifetime: 23.0239
    annual_cost: 9.107188617045765
    efficiency: 0.773554
    discharge_ratio: 0.5
    depth_of_discharge: 1.0
