cost_values:
  wind_capex: 5000.0
  wind_opex: 100
  wind_lifetime: 20
  solar_capex: 1000.0
  solar_opex: 10
  solar_lifetime: 20
  carbon_price: 1.0
timeseries_values:
  load_level: 229400.42958230426
  wind_year: 2010
  solar_year: 2012
  price_year: 2023
  carbon_year: 2023
storage_values:
  CAES:
    cost: 41.3052
    lifetime: 24.4857
    annual_cost: 1.686911135887477
    efficiency: 0.629451
    discharge_ratio: 0.1
    depth_of_discharge: 0.4
  Li-ion:
    cost: 218.915
    lifetime: 20.9547
    annual_cost: 10.447059609538671
    efficiency: 0.871742
    discharge_ratio: 2
    depth_of_discharge: 0.9
  Pb-acid:
    cost: 139.211
    lifetime: 18.1201
    annual_cost: 7.682683870398066
    efficiency: 0.695889
    discharge_ratio: 5
    depth_of_discharge: 0.5
  VRBF:
    cost: 266.82
    lifetime: 26.4997
    annual_cost: 10.06879323162149
    efficiency: 0.779685
    discharge_ratio: 0.5
    depth_of_discharge: 1.0
