cost_values:
  wind_capex: 5000.0
  wind_opex: 100
  wind_lifetime: 20
  solar_capex: 1000.0
  solar_opex: 10
  solar_lifetime: 20
  carbon_price: 1.0
timeseries_values:
  load_level: 229400.42958230426
  wind_year: 2010
  solar_year: 2012
  price_year: 2023
  carbon_year: 2023
storage_values:
  CAES:
    cost: 42.4269
    lifetime: 24.7941
    annual_cost: 1.711169189444263
    efficiency: 0.622222
    discharge_ratio: 0.1
    depth_of_discharge: 0.4
  Li-ion:
    cost: 239.862
    lifetime: 20.3323
    annual_cost: 11.797091327592058
    efficiency: 0.857635
    discharge_ratio: 2
    depth_of_discharge: 0.9
  Pb-acid:
    cost: 167.401
    lifetime: 17.9302
    annual_cost: 9.33625949515343
    efficiency: 0.692075
    discharge_ratio: 5
    depth_of_discharge: 0.5
  VRBF:
    cost: 231.766
    lifetime: 24.7802
    annual_cost: 9.352870436881057
    efficiency: 0.76068
    discharge_ratio: 0.5
    depth_of_discharge: 1.0
