cost_values:
  wind_capex: 5000.0
  wind_opex: 100
  wind_lifetime: 20
  solar_capex: 1000.0
  solar_opex: 10
  solar_lifetime: 20
  carbon_price: 1.0
timeseries_values:
  load_level: 229400.42958230426
  wind_year: 2010
  solar_year: 2012
  price_year: 2023
  carbon_year: 2023
storage_values:
  CAES:
    cost: 42.0935
    lifetime: 24.9518
    annual_cost: 1.6869925215816093
    efficiency: 0.616776
    discharge_ratio: 0.1
    depth_of_discharge: 0.4
  Li-ion:
    cost: 232.609
    lifetime: 21.6859
    annual_cost: 10.726278365205042
    efficiency: 0.869136
    discharge_ratio: 2
    depth_of_discharge: 0.9
  Pb-acid:
    cost: 159.094
    lifetime: 17.7564
    annual_cost: 8.959811673537429
    efficiency: 0.689544
    discharge_ratio: 5
    depth_of_discharge: 0.5
  VRBF:
    cost: 228.331
    lifetime: 25.8839
    annual_cost: 8.821352269171182
    efficiency: 0.78021
    discharge_ratio: 0.5
    depth_of_discharge: 1.0
