cost_values:
  wind_capex: 5000.0
  wind_opex: 100
  wind_lifetime: 20
  solar_capex: 1000.0
  solar_opex: 10
  solar_lifetime: 20
  carbon_price: 1.0
timeseries_values:
  load_level: 229400.42958230426
  wind_year: 2010
  solar_year: 2012
  price_year: 2023
  carbon_year: 2023
storage_values:
  CAES:
    cost: 37.9639
    lifetime: 24.2991
    annual_cost: 1.5623582766439912
    efficiency: 0.630673
    discharge_ratio: 0.1
    depth_of_discharge: 0.4
  Li-ion:
    cost: 215.159
    lifetime: 20.3137
    annual_cost: 10.591817344944545
    efficiency: 0.87538
    discharge_ratio: 2
    depth_of_discharge: 0.9
  Pb-acid:
    cost: 143.051
    lifetime: 18.6581
    annual_cost: 7.666965017874273
    efficiency: 0.676189
    discharge_ratio: 5
    depth_of_discharge: 0.5
  VRBF:
    cost: 227.629
    lifetime: 24.9066
    annual_cost: 9.139304441393044
    efficiency: 0.754402
    discharge_ratio: 0.5
    depth_of_discharge: 1.0
