cost_values:
  wind_capex: 5000.0
  wind_opex: 100
  wind_lifetime: 20
  solar_capex: 1000.0
  solar_opex: 10
  solar_lifetime: 20
  carbon_price: 1.0
timeseries_values:
  load_level: 229400.42958230426
  wind_year: 2010
  solar_year: 2012
  price_year: 2023
  carbon_year: 2023
storage_values:
  CAES:
    cost: 40.7778
    lifetime: 25.4722
    annual_cost: 1.600874679061879
    efficiency: 0.630057
    discharge_ratio: 0.1
    depth_of_discharge: 0.4
  Li-ion:
    cost: 246.885
    lifetime: 20.2027
    annual_cost: 12.220396283665055
    efficiency: 0.869558
    discharge_ratio: 2
    depth_of_discharge: 0.9
  Pb-acid:
    cost: 167.733
    lifetime: 19.5388
    annual_cost: 8.584611132720536
    efficiency: 0.683898
    discharge_ratio: 5
    depth_of_discharge: 0.5
  VRBF:
    cost: 206.948
    lifetime: 26.0526
    annual_cost: 7.943468214304906
    efficiency: 0.775464
    discharge_ratio: 0.5
    depth_of_discharge: 1.0
