cost_values:
  wind_capex: 5000.0
  wind_opex: 100
  wind_lifetime: 20
  solar_capex: 1000.0
  solar_opex: 10
  solar_lifetime: 20
  carbon_price: 1.0
timeseries_values:
  load_level: 229400.42958230426
  wind_year: 2010
  solar_year: 2012
  price_year: 2023
  carbon_year: 2023
storage_values:
  CAES:
    cost: 45.3976
    lifetime: 24.1852
    annual_cost: 1.8770818517109638
    efficiency: 0.631438
    discharge_ratio: 0.1
    depth_of_discharge: 0.4
  Li-ion:
    cost: 220.296
    lifetime: 19.336
    annual_cost: 11.393049234588332
    efficiency: 0.879493
    discharge_ratio: 2
    depth_of_discharge: 0.9
  Pb-acid:
    cost: 160.657
    lifetime: 19.1919
    annual_cost: 8.37108363424153
    efficiency: 0.684632
    discharge_ratio: 5
    depth_of_discharge: 0.5
  VRBF:
    cost: 215.051
    lifetime: 26.0504
    annual_cost: 8.255189939501888
    efficiency: 0.759227
    discharge_ratio: 0.5
    depth_of_discharge: 1.0
