cost_values:
  wind_capex: 5000.0
  wind_opex: 100
  wind_lifetime: 20
  solar_capex: 1000.0
  solar_opex: 10
  solar_lifetime: 20
  carbon_price: 1.0
timeseries_values:
  load_level: 229400.42958230426
  wind_year: 2010
  solar_year: 2012
  price_year: 2023
  carbon_year: 2023
storage_values:
  CAES:
    cost: 40.3836
    lifetime: 24.2273
    annual_cost: 1.6668634144126668
    efficiency: 0.632894
    discharge_ratio: 0.1
    depth_of_discharge: 0.4
  Li-ion:
    cost: 221.699
    lifetime: 19.4391
    annual_cost: 11.40479754721155
    efficiency: 0.882465
    discharge_ratio: 2
    depth_of_discharge: 0.9
  Pb-acid:
    cost: 136.762
    lifetime: 17.1956
    annual_cost: 7.953313638372608
    efficiency: 0.684395
    discharge_ratio: 5
    depth_of_discharge: 0.5
  VRBF:
    cost: 237.687
    lifetime: 25.5191
    annual_cost: 9.314082393187848
    efficiency: 0.777191
    discharge_ratio: 0.5
    depth_of_discharge: 1.0
