cost_values:
  wind_capex: 5000.0
  wind_opex: 100
  wind_lifetime: 20
  solar_capex: 1000.0
  solar_opex: 10
  solar_lifetime: 20
  carbon_price: 1.0
timeseries_values:
  load_level: 229400.42958230426
  wind_year: 2010
  solar_year: 2012
  price_year: 2023
  carbon_year: 2023
storage_values:
  CAES:
    cost: 40.0516
    lifetime: 24.5056
    annual_cost: 1.6343856098197962
    efficiency: 0.628786
    discharge_ratio: 0.1
    depth_of_discharge: 0.4
  Li-ion:
    cost: 225.661
    lifetime: 21.4203
    annual_cost: 10.534913143139919
    efficiency: 0.873928
    discharge_ratio: 2
    depth_of_discharge: 0.9
  Pb-acid:
    cost: 139.233
    lifetime: 19.8993
    annual_cost: 6.996879287211108
    efficiency: 0.69187
    discharge_ratio: 5
    depth_of_discharge: 0.5
  VRBF:
    cost: 240.408
    lifetime: 25.1323
    annual_cost: 9.56569832446692
    efficiency: 0.777751
    discharge_ratio: 0.5
    depth_of_discharge: 1.0
