cost_values:
  wind_capex: 5000.0
  wind_opex: 100
  wind_lifetime: 20
  solar_capex: 1000.0
  solar_opex: 10
  solar_lifetime: 20
  carbon_price: 1.0
timeseries_values:
  load_level: 229400.42958230426
  wind_year: 2010
  solar_year: 2012
  price_year: 2023
  carbon_year: 2023
storage_values:
  CAES:
    cost: 41.9361
    lifetime: 25.1475
    annual_cost: 1.6676051297345662
    efficiency: 0.625384
    discharge_ratio: 0.1
    depth_of_discharge: 0.4
  Li-ion:
    cost: 224.341
    lifetime: 21.89
    annual_cost: 10.248560986751942
    efficiency: 0.876152
    discharge_ratio: 2
    depth_of_discharge: 0.9
  Pb-acid:
    cost: 156.04
    lifetime: 17.346
    annual_cost: 8.99573388677505
    efficiency: 0.68492
    discharge_ratio: 5
    depth_of_discharge: 0.5
  VRBF:
    cost: 224.396
    lifetime: 26.2079
    annual_cost: 8.562151107108924
    efficiency: 0.750797
    discharge_ratio: 0.5
    depth_of_discharge: 1.0
