cost_values:
  wind_capex: 5000.0
  wind_opex: 100
  wind_lifetime: 20
  solar_capex: 1000.0
  solar_opex: 10
  solar_lifetime: 20
  carbon_price: 1.0
timeseries_values:
  load_level: 229400.42958230426
  wind_year: 2010
  solar_year: 2012
  price_year: 2023
  carbon_year: 2023
storage_values:
  CAES:
    cost: 37.5417
    lifetime: 24.1446
    annual_cost: 1.5548694117939414
    efficiency: 0.624687
    discharge_ratio: 0.1
    depth_of_discharge: 0.4
  Li-ion:
    cost: 242.721
    lifetime: 21.1198
    annual_cost: 11.492580422163089
    efficiency: 0.877335
    discharge_ratio: 2
    depth_of_discharge: 0.9
  Pb-acid:
    cost: 141.359
    lifetime: 17.9644
    annual_cost: 7.868840595845116
    efficiency: 0.688456
    discharge_ratio: 5
    depth_of_discharge: 0.5
  VRBF:
    cost: 269.811
    lifetime: 26.9229
    annual_cost: 10.021617284913587
    efficiency: 0.771439
    discharge_ratio: 0.5
    depth_of_discharge: 1.0
