cost_values:
  wind_capex: 5000.0
  wind_opex: 100
  wind_lifetime: 20
  solar_capex: 1000.0
  solar_opex: 10
  solar_lifetime: 20
  carbon_price: 1.0
timeseries_values:
  load_level: 229400.42958230426
  wind_year: 2010
  solar_year: 2012
  price_year: 2023
  carbon_year: 2023
storage_values:
  CAES:
    cost: 42.8251
    lifetime: 25.3089
    annual_cost: 1.692096456187349
    efficiency: 0.624457
    discharge_ratio: 0.1
    depth_of_discharge: 0.4
  Li-ion:
    cost: 226.143
    lifetime: 18.9195
    annual_cost: 11.952905732181083
    efficiency: 0.879079
    discharge_ratio: 2
    depth_of_discharge: 0.9
  Pb-acid:
    cost: 136.26
    lifetime: 19.3162
    annual_cost: 7.0541824996634945
    efficiency: 0.677493
    discharge_ratio: 5
    depth_of_discharge: 0.5
  VRBF:
    cost: 241.204
    lifetime: 26.0346
    annual_cost: 9.264747681930968
    efficiency: 0.782194
    discharge_ratio: 0.5
    depth_of_discharge: 1.0
