cost_values:
  wind_capex: 5000.0
  wind_opex: 100
  wind_lifetime: 20
  solar_capex: 1000.0
  solar_opex: 10
  solar_lifetime: 20
  carbon_price: 1.0
timeseries_values:
  load_level: 229400.42958230426
  wind_year: 2010
  solar_year: 2012
  price_year: 2023
  carbon_year: 2023
storage_values:
  CAES:
    cost: 36.7004
    lifetime: 25.2735
    annual_cost: 1.4521297010702912
    efficiency: 0.62371
    discharge_ratio: 0.1
    depth_of_discharge: 0.4
  Li-ion:
    cost: 211.994
    lifetime: 19.828
    annual_cost: 10.69164817429897
    efficiency: 0.873854
    discharge_ratio: 2
    depth_of_discharge: 0.9
  Pb-acid:
    cost: 153.547
    lifetime: 19.7183
    annual_cost: 7.78703032208659
    efficiency: 0.699683
    discharge_ratio: 5
    depth_of_discharge: 0.5
  VRBF:
    cost: 239.262
    lifetime: 25.6896
    annual_cost: 9.313574364723468
    efficiency: 0.764451
    discharge_ratio: 0.5
    depth_of_discharge: 1.0
