cost_values:
  wind_capex: 5000.0
  wind_opex: 100
  wind_lifetime: 20
  solar_capex: 1000.0
  solar_opex: 10
  solar_lifetime: 20
  carbon_price: 1.0
timeseries_values:
  load_level: 229400.42958230426
  wind_year: 2010
  solar_year: 2012
  price_year: 2023
  carbon_year: 2023
storage_values:
  CAES:
    cost: 41.2069
    lifetime: 23.8095
    annual_cost: 1.7306915306915307
    efficiency: 0.626704
    discharge_ratio: 0.1
    depth_of_discharge: 0.4
  Li-ion:
    cost: 244.843
    lifetime: 20.6809
    annual_cost: 11.839088240840582
    efficiency: 0.884165
    discharge_ratio: 2
    depth_of_discharge: 0.9
  Pb-acid:
    cost: 155.909
    lifetime: 19.7883
    annual_cost: 7.878847601865749
    efficiency: 0.696297
    discharge_ratio: 5
    depth_of_discharge: 0.5
  VRBF:
    cost: 241.769
    lifetime: 23.7933
    annual_cost: 10.16122185657307
    efficiency: 0.753978
    discharge_ratio: 0.5
    depth_of_discharge: 1.0
