cost_values:
  wind_capex: 5000.0
  wind_opex: 100
  wind_lifetime: 20
  solar_capex: 1000.0
  solar_opex: 10
  solar_lifetime: 20
  carbon_price: 1.0
timeseries_values:
  load_level: 229400.42958230426
  wind_year: 2010
  solar_year: 2012
  price_year: 2023
  carbon_year: 2023
storage_values:
  CAES:
    cost: 44.697
    lifetime: 24.2916
    annual_cost: 1.840018771921158
    efficiency: 0.617851
    discharge_ratio: 0.1
    depth_of_discharge: 0.4
  Li-ion:
    cost: 225.014
    lifetime: 21.2301
    annual_cost: 10.598819600472915
    efficiency: 0.870686
    discharge_ratio: 2
    depth_of_discharge: 0.9
  Pb-acid:
    cost: 148.276
    lifetime: 18.1706
    annual_cost: 8.160214852564032
    efficiency: 0.677636
    discharge_ratio: 5
    depth_of_discharge: 0.5
  VRBF:
    cost: 256.426
    lifetime: 25.9229
    annual_cost: 9.89187166559297
    efficiency: 0.772714
    discharge_ratio: 0.5
    depth_of_discharge: 1.0
