cost_values:
  wind_capex: 5000.0
  wind_opex: 100
  wind_lifetime: 20
  solar_capex: 1000.0
  solar_opex: 10
  solar_lifetime: 20
  carbon_price: 1.0
timeseries_values:
  load_level: 229400.42958230426
  wind_year: 2010
  solar_year: 2012
  price_year: 2023
  carbon_year: 2023
storage_values:
  CAES:
    cost: 37.0069
    lifetime: 25.0128
    annual_cost: 1.4795184865348943
    efficiency: 0.633009
    discharge_ratio: 0.1
    depth_of_discharge: 0.4
  Li-ion:
    cost: 243.425
    lifetime: 19.8499
    annual_cost: 12.263285961138342
    efficiency: 0.873691
    discharge_ratio: 2
    depth_of_discharge: 0.9
  Pb-acid:
    cost: 144.371
    lifetime: 18.0455
    annual_cost: 8.0003879083428
    efficiency: 0.693028
    discharge_ratio: 5
    depth_of_discharge: 0.5
  VRBF:
    cost: 200.543
    lifetime: 24.3158
    annual_cost: 8.247435823620856
    efficiency: 0.786441
    discharge_ratio: 0.5
    depth_of_discharge: 1.0
