cost_values:
  wind_capex: 5000.0
  wind_opex: 100
  wind_lifetime: 20
  solar_capex: 1000.0
  solar_opex: 10
  solar_lifetime: 20
  carbon_price: 1.0
timeseries_values:
  load_level: 229400.42958230426
  wind_year: 2010
  solar_year: 2012
  price_year: 2023
  carbon_year: 2023
storage_values:
  CAES:
    cost: 39.1625
    lifetime: 25.4991
    annual_cost: 1.5358385197908948
    efficiency: 0.630691
    discharge_ratio: 0.1
    depth_of_discharge: 0.4
  Li-ion:
    cost: 214.354
    lifetime: 18.6755
    annual_cost: 11.47781853230168
    efficiency: 0.885738
    discharge_ratio: 2
    depth_of_discharge: 0.9
  Pb-acid:
    cost: 157.775
    lifetime: 17.2554
    annual_cost: 9.143514494013468
    efficiency: 0.678402
    discharge_ratio: 5
    depth_of_discharge: 0.5
  VRBF:
    cost: 263.682
    lifetime: 24.6767
    annual_cost: 10.68546442595647
    efficiency: 0.772194
    discharge_ratio: 0.5
    depth_of_discharge: 1.0
