cost_values:
  wind_capex: 5000.0
  wind_opex: 100
  wind_lifetime: 20
  solar_capex: 1000.0
  solar_opex: 10
  solar_lifetime: 20
  carbon_price: 1.0
timeseries_values:
  load_level: 229400.42958230426
  wind_year: 2010
  solar_year: 2012
  price_year: 2023
  carbon_year: 2023
storage_values:
  CAES:
    cost: 40.4955
    lifetime: 25.2614
    annual_cost: 1.6030584211484717
    efficiency: 0.633709
    discharge_ratio: 0.1
    depth_of_discharge: 0.4
  Li-ion:
    cost: 232.015
    lifetime: 18.7592
    annual_cost: 12.368064736236086
    efficiency: 0.862932
    discharge_ratio: 2
    depth_of_discharge: 0.9
  Pb-acid:
    cost: 153.362
    lifetime: 18.569
    annual_cost: 8.259033873660401
    efficiency: 0.678461
    discharge_ratio: 5
    depth_of_discharge: 0.5
  VRBF:
    cost: 224.314
    lifetime: 26.577
    annual_cost: 8.440155021258983
    efficiency: 0.768827
    discharge_ratio: 0.5
    depth_of_discharge: 1.0
