cost_values:
  wind_capex: 5000.0
  wind_opex: 100
  wind_lifetime: 20
  solar_capex: 1000.0
  solar_opex: 10
  solar_lifetime: 20
  carbon_price: 1.0
timeseries_values:
  load_level: 229400.42958230426
  wind_year: 2010
  solar_year: 2012
  price_year: 2023
  carbon_year: 2023
storage_values:
  CAES:
    cost: 42.9262
    lifetime: 24.6426
    annual_cost: 1.7419509305024632
    efficiency: 0.633686
    discharge_ratio: 0.1
    depth_of_discharge: 0.4
  Li-ion:
    cost: 233.868
    lifetime: 18.5148
    annual_cost: 12.63140838680407
    efficiency: 0.889169
    discharge_ratio: 2
    depth_of_discharge: 0.9
  Pb-acid:
    cost: 157.827
    lifetime: 18.5676
    annual_cost: 8.500129257416145
    efficiency: 0.67899
    discharge_ratio: 5
    depth_of_discharge: 0.5
  VRBF:
    cost: 253.915
    lifetime: 25.2828
    annual_cost: 10.042993655765974
    efficiency: 0.773601
    discharge_ratio: 0.5
    depth_of_discharge: 1.0
