cost_values:
  wind_capex: 5000.0
  wind_opex: 100
  wind_lifetime: 20
  solar_capex: 1000.0
  solar_opex: 10
  solar_lifetime: 20
  carbon_price: 1.0
timeseries_values:
  load_level: 229400.42958230426
  wind_year: 2010
  solar_year: 2012
  price_year: 2023
  carbon_year: 2023
storage_values:
  CAES:
    cost: 38.5254
    lifetime: 24.6296
    annual_cost: 1.5641910546659303
    efficiency: 0.636649
    discharge_ratio: 0.1
    depth_of_discharge: 0.4
  Li-ion:
    cost: 221.922
    lifetime: 18.8348
    annual_cost: 11.782551447320916
    efficiency: 0.885237
    discharge_ratio: 2
    depth_of_discharge: 0.9
  Pb-acid:
    cost: 154.317
    lifetime: 19.7754
    annual_cost: 7.803483115385783
    efficiency: 0.681864
    discharge_ratio: 5
    depth_of_discharge: 0.5
  VRBF:
    cost: 277.334
    lifetime: 24.4326
    annual_cost: 11.350981884858754
    efficiency: 0.778293
    discharge_ratio: 0.5
    depth_of_discharge: 1.0
