cost_values:
  wind_capex: 5000.0
  wind_opex: 100
  wind_lifetime: 20
  solar_capex: 1000.0
  solar_opex: 10
  solar_lifetime: 20
  carbon_price: 1.0
timeseries_values:
  load_level: 229400.42958230426
  wind_year: 2010
  solar_year: 2012
  price_year: 2023
  carbon_year: 2023
storage_values:
  CAES:
    cost: 35.4518
    lifetime: 24.8374
    annual_cost: 1.4273555203040575
    efficiency: 0.626415
    discharge_ratio: 0.1
    depth_of_discharge: 0.4
  Li-ion:
    cost: 221.086
    lifetime: 21.7137
    annual_cost: 10.181866747721486
    efficiency: 0.880894
    discharge_ratio: 2
    depth_of_discharge: 0.9
  Pb-acid:
    cost: 167.059
    lifetime: 16.8898
    annual_cost: 9.89111771601795
    efficiency: 0.675557
    discharge_ratio: 5
    depth_of_discharge: 0.5
  VRBF:
    cost: 251.014
    lifetime: 25.9789
    annual_cost: 9.662225883312997
    efficiency: 0.774829
    discharge_ratio: 0.5
    depth_of_discharge: 1.0
