cost_values:
  wind_capex: 5000.0
  wind_opex: 100
  wind_lifetime: 20
  solar_capex: 1000.0
  solar_opex: 10
  solar_lifetime: 20
  carbon_price: 1.0
timeseries_values:
  load_level: 229400.42958230426
  wind_year: 2010
  solar_year: 2012
  price_year: 2023
  carbon_year: 2023
storage_values:
  CAES:
    cost: 39.7449
    lifetime: 24.2954
    annual_cost: 1.6359022695654322
    efficiency: 0.625699
    discharge_ratio: 0.1
    depth_of_discharge: 0.4
  Li-ion:
    cost: 225.045
    lifetime: 20.1792
    annual_cost: 11.152325166508087
    efficiency: 0.88986
    discharge_ratio: 2
    depth_of_discharge: 0.9
  Pb-acid:
    cost: 161.711
    lifetime: 18.9625
    annual_cost: 8.52793671720501
    efficiency: 0.685625
    discharge_ratio: 5
    depth_of_discharge: 0.5
  VRBF:
    cost: 221.7
    lifetime: 25.4219
    annual_cost: 8.72082731817842
    efficiency: 0.775344
    discharge_ratio: 0.5
    depth_of_discharge: 1.0
