cost_values:
  wind_capex: 5000.0
  wind_opex: 100
  wind_lifetime: 20
  solar_capex: 1000.0
  solar_opex: 10
  solar_lifetime: 20
  carbon_price: 1.0
timeseries_values:
  load_level: 229400.42958230426
  wind_year: 2010
  solar_year: 2012
  price_year: 2023
  carbon_year: 2023
storage_values:
  CAES:
    cost: 45.7949
    lifetime: 24.542
    annual_cost: 1.8659807676635969
    efficiency: 0.62965
    discharge_ratio: 0.1
    depth_of_discharge: 0.4
  Li-ion:
    cost: 239.767
    lifetime: 19.4616
    annual_cost: 12.320004521724831
    efficiency: 0.874305
    discharge_ratio: 2
    depth_of_discharge: 0.9
  Pb-acid:
    cost: 146.861
    lifetime: 18.1547
    annual_cost: 8.089420370482575
    efficiency: 0.692328
    discharge_ratio: 5
    depth_of_discharge: 0.5
  VRBF:
    cost: 224.664
    lifetime: 24.6088
    annual_cost: 9.129417119079354
    efficiency: 0.768267
    discharge_ratio: 0.5
    depth_of_discharge: 1.0
