cost_values:
  wind_capex: 5000.0
  wind_opex: 100
  wind_lifetime: 20
  solar_capex: 1000.0
  solar_opex: 10
  solar_lifetime: 20
  carbon_price: 1.0
timeseries_values:
  load_level: 229400.42958230426
  wind_year: 2010
  solar_year: 2012
  price_year: 2023
  carbon_year: 2023
storage_values:
  CAES:
    cost: 37.322
    lifetime: 24.562
    annual_cost: 1.5195016692451755
    efficiency: 0.612933
    discharge_ratio: 0.1
    depth_of_discharge: 0.4
  Li-ion:
    cost: 217.425
    lifetime: 20.1179
    annual_cost: 10.807539554327242
    efficiency: 0.886929
    discharge_ratio: 2
    depth_of_discharge: 0.9
  Pb-acid:
    cost: 163.217
    lifetime: 18.0597
    annual_cost: 9.037636284102174
    efficiency: 0.699165
    discharge_ratio: 5
    depth_of_discharge: 0.5
  VRBF:
    cost: 268.991
    lifetime: 25.2291
    annual_cost: 10.661934036489608
    efficiency: 0.763794
    discharge_ratio: 0.5
    depth_of_discharge: 1.0
