cost_values:
  wind_capex: 5000.0
  wind_opex: 100
  wind_lifetime: 20
  solar_capex: 1000.0
  solar_opex: 10
  solar_lifetime: 20
  carbon_price: 1.0
timeseries_values:
  load_level: 229400.42958230426
  wind_year: 2010
  solar_year: 2012
  price_year: 2023
  carbon_year: 2023
storage_values:
  CAES:
    cost: 43.2831
    lifetime: 24.6856
    annual_cost: 1.7533744369186892
    efficiency: 0.622442
    discharge_ratio: 0.1
    depth_of_discharge: 0.4
  Li-ion:
    cost: 227.456
    lifetime: 20.3417
    annual_cost: 11.181759636608543
    efficiency: 0.877118
    discharge_ratio: 2
    depth_of_discharge: 0.9
  Pb-acid:
    cost: 166.417
    lifetime: 19.0855
    annual_cost: 8.719551491970345
    efficiency: 0.674946
    discharge_ratio: 5
    depth_of_discharge: 0.5
  VRBF:
    cost: 214.291
    lifetime: 23.9958
    annual_cost: 8.930354478700439
    efficiency: 0.767094
    discharge_ratio: 0.5
    depth_of_discharge: 1.0
