cost_values:
  wind_capex: 5000.0
  wind_opex: 100
  wind_lifetime: 20
  solar_capex: 1000.0
  solar_opex: 10
  solar_lifetime: 20
  carbon_price: 1.0
timeseries_values:
  load_level: 229400.42958230426
  wind_year: 2010
  solar_year: 2012
  price_year: 2023
  carbon_year: 2023
storage_values:
  CAES:
    cost: 46.3646
    lifetime: 24.7229
    annual_cost: 1.8753706078170442
    efficiency: 0.624826
    discharge_ratio: 0.1
    depth_of_discharge: 0.4
  Li-ion:
    cost: 226.357
    lifetime: 19.875
    annual_cost: 11.38903144654088
    efficiency: 0.87919
    discharge_ratio: 2
    depth_of_discharge: 0.9
  Pb-acid:
    cost: 160.301
    lifetime: 19.1736
    annual_cost: 8.360506112571452
    efficiency: 0.69273
    discharge_ratio: 5
    depth_of_discharge: 0.5
  VRBF:
    cost: 210.241
    lifetime: 24.8589
    annual_cost: 8.457373415557408
    efficiency: 0.777316
    discharge_ratio: 0.5
    depth_of_discharge: 1.0
