cost_values:
  wind_capex: 5000.0
  wind_opex: 100
  wind_lifetime: 20
  solar_capex: 1000.0
  solar_opex: 10
  solar_lifetime: 20
  carbon_price: 1.0
timeseries_values:
  load_level: 229400.42958230426
  wind_year: 2010
  solar_year: 2012
  price_year: 2023
  carbon_year: 2023
storage_values:
  CAES:
    cost: 44.662
    lifetime: 24.5229
    annual_cost: 1.821236476925649
    efficiency: 0.618861
    discharge_ratio: 0.1
    depth_of_discharge: 0.4
  Li-ion:
    cost: 233.753
    lifetime: 18.7258
    annual_cost: 12.482937978617736
    efficiency: 0.872484
    discharge_ratio: 2
    depth_of_discharge: 0.9
  Pb-acid:
    cost: 170.515
    lifetime: 18.8667
    annual_cost: 9.037881558513146
    efficiency: 0.671537
    discharge_ratio: 5
    depth_of_discharge: 0.5
  VRBF:
    cost: 232.924
    lifetime: 24.5876
    annual_cost: 9.47323040882396
    efficiency: 0.759985
    discharge_ratio: 0.5
    depth_of_discharge: 1.0
