cost_values:
  wind_capex: 5000.0
  wind_opex: 100
  wind_lifetime: 20
  solar_capex: 1000.0
  solar_opex: 10
  solar_lifetime: 20
  carbon_price: 1.0
timeseries_values:
  load_level: 229400.42958230426
  wind_year: 2010
  solar_year: 2012
  price_year: 2023
  carbon_year: 2023
storage_values:
  CAES:
    cost: 39.0554
    lifetime: 24.1604
    annual_cost: 1.6165046936309002
    efficiency: 0.63379
    discharge_ratio: 0.1
    depth_of_discharge: 0.4
  Li-ion:
    cost: 231.476
    lifetime: 20.9511
    annual_cost: 11.048393640429381
    efficiency: 0.879741
    discharge_ratio: 2
    depth_of_discharge: 0.9
  Pb-acid:
    cost: 161.872
    lifetime: 17.5787
    annual_cost: 9.208417004670425
    efficiency: 0.701677
    discharge_ratio: 5
    depth_of_discharge: 0.5
  VRBF:
    cost: 231.219
    lifetime: 24.5528
    annual_cost: 9.417215144504903
    efficiency: 0.773985
    discharge_ratio: 0.5
    depth_of_discharge: 1.0
