cost_values:
  wind_capex: 5000.0
  wind_opex: 100
  wind_lifetime: 20
  solar_capex: 1000.0
  solar_opex: 10
  solar_lifetime: 20
  carbon_price: 1.0
timeseries_values:
  load_level: 229400.42958230426
  wind_year: 2010
  solar_year: 2012
  price_year: 2023
  carbon_year: 2023
storage_values:
  CAES:
    cost: 36.7862
    lifetime: 25.2109
    annual_cost: 1.4591387058772198
    efficiency: 0.635502
    discharge_ratio: 0.1
    depth_of_discharge: 0.4
  Li-ion:
    cost: 226.773
    lifetime: 19.4581
    annual_cost: 11.654426691198008
    efficiency: 0.894401
    discharge_ratio: 2
    depth_of_discharge: 0.9
  Pb-acid:
    cost: 149.561
    lifetime: 17.9349
    annual_cost: 8.339104204651267
    efficiency: 0.671118
    discharge_ratio: 5
    depth_of_discharge: 0.5
  VRBF:
    cost: 262.259
    lifetime: 26.6568
    annual_cost: 9.838352690495483
    efficiency: 0.775621
    discharge_ratio: 0.5
    depth_of_discharge: 1.0
