cost_values:
  wind_capex: 5000.0
  wind_opex: 100
  wind_lifetime: 20
  solar_capex: 1000.0
  solar_opex: 10
  solar_lifetime: 20
  carbon_price: 1.0
timeseries_values:
  load_level: 229400.42958230426
  wind_year: 2010
  solar_year: 2012
  price_year: 2023
  carbon_year: 2023
storage_values:
  CAES:
    cost: 43.1258
    lifetime: 25.0483
    annual_cost: 1.7217056646558846
    efficiency: 0.615948
    discharge_ratio: 0.1
    depth_of_discharge: 0.4
  Li-ion:
    cost: 220.301
    lifetime: 20.5826
    annual_cost: 10.703263921953495
    efficiency: 0.897827
    discharge_ratio: 2
    depth_of_discharge: 0.9
  Pb-acid:
    cost: 151.445
    lifetime: 17.7279
    annual_cost: 8.542749000163584
    efficiency: 0.676228
    discharge_ratio: 5
    depth_of_discharge: 0.5
  VRBF:
    cost: 251.603
    lifetime: 25.7549
    annual_cost: 9.769131310935007
    efficiency: 0.765888
    discharge_ratio: 0.5
    depth_of_discharge: 1.0
