cost_values:
  wind_capex: 5000.0
  wind_opex: 100
  wind_lifetime: 20
  solar_capex: 1000.0
  solar_opex: 10
  solar_lifetime: 20
  carbon_price: 1.0
timeseries_values:
  load_level: 229400.42958230426
  wind_year: 2010
  solar_year: 2012
  price_year: 2023
  carbon_year: 2023
storage_values:
  CAES:
    cost: 31.4329
    lifetime: 24.4445
    annual_cost: 1.2858884411626337
    efficiency: 0.643717
    discharge_ratio: 0.1
    depth_of_discharge: 0.4
  Li-ion:
    cost: 239.752
    lifetime: 20.042
    annual_cost: 11.962478794531483
    efficiency: 0.879349
    discharge_ratio: 2
    depth_of_discharge: 0.9
  Pb-acid:
    cost: 166.4
    lifetime: 18.8458
    annual_cost: 8.829553534474526
    efficiency: 0.684165
    discharge_ratio: 5
    depth_of_discharge: 0.5
  VRBF:
    cost: 228.641
    lifetime: 24.5856
    annual_cost: 9.29979337498373
    efficiency: 0.760425
    discharge_ratio: 0.5
    depth_of_discharge: 1.0
