cost_values:
  wind_capex: 5000.0
  wind_opex: 100
  wind_lifetime: 20
  solar_capex: 1000.0
  solar_opex: 10
  solar_lifetime: 20
  carbon_price: 1.0
timeseries_values:
  load_level: 229400.42958230426
  wind_year: 2010
  solar_year: 2012
  price_year: 2023
  carbon_year: 2023
storage_values:
  CAES:
    cost: 41.1104
    lifetime: 25.0409
    annual_cost: 1.6417301295081246
    efficiency: 0.620474
    discharge_ratio: 0.1
    depth_of_discharge: 0.4
  Li-ion:
    cost: 232.141
    lifetime: 20.7093
    annual_cost: 11.209504908422787
    efficiency: 0.880719
    discharge_ratio: 2
    depth_of_discharge: 0.9
  Pb-acid:
    cost: 151.731
    lifetime: 19.0702
    annual_cost: 7.956445134293295
    efficiency: 0.676159
    discharge_ratio: 5
    depth_of_discharge: 0.5
  VRBF:
    cost: 198.188
    lifetime: 25.9016
    annual_cost: 7.651573647959972
    efficiency: 0.762161
    discharge_ratio: 0.5
    depth_of_discharge: 1.0
