cost_values:
  wind_capex: 5000.0
  wind_opex: 100
  wind_lifetime: 20
  solar_capex: 1000.0
  solar_opex: 10
  solar_lifetime: 20
  carbon_price: 1.0
timeseries_values:
  load_level: 229400.42958230426
  wind_year: 2010
  solar_year: 2012
  price_year: 2023
  carbon_year: 2023
storage_values:
  CAES:
    cost: 42.3223
    lifetime: 24.6238
    annual_cost: 1.7187558378479357
    efficiency: 0.630197
    discharge_ratio: 0.1
    depth_of_discharge: 0.4
  Li-ion:
    cost: 240.158
    lifetime: 20.7073
    annual_cost: 11.597745722522975
    efficiency: 0.875197
    discharge_ratio: 2
    depth_of_discharge: 0.9
  Pb-acid:
    cost: 157.98
    lifetime: 18.1629
    annual_cost: 8.697950217200997
    efficiency: 0.671121
    discharge_ratio: 5
    depth_of_discharge: 0.5
  VRBF:
    cost: 240.481
    lifetime: 25.5242
    annual_cost: 9.421686086145696
    efficiency: 0.779181
    discharge_ratio: 0.5
    depth_of_discharge: 1.0
