cost_values:
  wind_capex: 5000.0
  wind_opex: 100
  wind_lifetime: 20
  solar_capex: 1000.0
  solar_opex: 10
  solar_lifetime: 20
  carbon_price: 1.0
timeseries_values:
  load_level: 229400.42958230426
  wind_year: 2010
  solar_year: 2012
  price_year: 2023
  carbon_year: 2023
storage_values:
  CAES:
    cost: 37.5752
    lifetime: 24.8085
    annual_cost: 1.5146099119253484
    efficiency: 0.63185
    discharge_ratio: 0.1
    depth_of_discharge: 0.4
  Li-ion:
    cost: 233.616
    lifetime: 21.637
    annual_cost: 10.797060590654898
    efficiency: 0.873311
    discharge_ratio: 2
    depth_of_discharge: 0.9
  Pb-acid:
    cost: 163.394
    lifetime: 17.8933
    annual_cost: 9.131574388178816
    efficiency: 0.682026
    discharge_ratio: 5
    depth_of_discharge: 0.5
  VRBF:
    cost: 274.834
    lifetime: 24.4188
    annual_cost: 11.255016626533655
    efficiency: 0.780075
    discharge_ratio: 0.5
    depth_of_discharge: 1.0
