cost_values:
  wind_capex: 5000.0
  wind_opex: 100
  wind_lifetime: 20
  solar_capex: 1000.0
  solar_opex: 10
  solar_lifetime: 20
  carbon_price: 1.0
timeseries_values:
  load_level: 229400.42958230426
  wind_year: 2010
  solar_year: 2012
  price_year: 2023
  carbon_year: 2023
storage_values:
  CAES:
    cost: 39.9794
    lifetime: 23.6995
    annual_cost: 1.686930104010633
    efficiency: 0.618666
    discharge_ratio: 0.1
    depth_of_discharge: 0.4
  Li-ion:
    cost: 243.869
    lifetime: 20.4665
    annual_cost: 11.9155204846945
    efficiency: 0.882068
    discharge_ratio: 2
    depth_of_discharge: 0.9
  Pb-acid:
    cost: 162.939
    lifetime: 17.3479
    annual_cost: 9.392433666322725
    efficiency: 0.693528
    discharge_ratio: 5
    depth_of_discharge: 0.5
  VRBF:
    cost: 215.059
    lifetime: 24.7511
    annual_cost: 8.688866353414594
    efficiency: 0.790515
    discharge_ratio: 0.5
    depth_of_discharge: 1.0
