cost_values:
  wind_capex: 5000.0
  wind_opex: 100
  wind_lifetime: 20
  solar_capex: 1000.0
  solar_opex: 10
  solar_lifetime: 20
  carbon_price: 1.0
timeseries_values:
  load_level: 229400.42958230426
  wind_year: 2010
  solar_year: 2012
  price_year: 2023
  carbon_year: 2023
storage_values:
  CAES:
    cost: 41.6319
    lifetime: 25.3867
    annual_cost: 1.6399098740679174
    efficiency: 0.627314
    discharge_ratio: 0.1
    depth_of_discharge: 0.4
  Li-ion:
    cost: 216.384
    lifetime: 18.8661
    annual_cost: 11.469461096888068
    efficiency: 0.888186
    discharge_ratio: 2
    depth_of_discharge: 0.9
  Pb-acid:
    cost: 155.751
    lifetime: 19.4544
    annual_cost: 8.005952380952381
    efficiency: 0.674877
    discharge_ratio: 5
    depth_of_discharge: 0.5
  VRBF:
    cost: 222.042
    lifetime: 23.7338
    annual_cost: 9.355518290370696
    efficiency: 0.774468
    discharge_ratio: 0.5
    depth_of_discharge: 1.0
