cost_values:
  wind_capex: 5000.0
  wind_opex: 100
  wind_lifetime: 20
  solar_capex: 1000.0
  solar_opex: 10
  solar_lifetime: 20
  carbon_price: 1.0
timeseries_values:
  load_level: 229400.42958230426
  wind_year: 2010
  solar_year: 2012
  price_year: 2023
  carbon_year: 2023
storage_values:
  CAES:
    cost: 35.0603
    lifetime: 24.0856
    annual_cost: 1.455654000730727
    efficiency: 0.623621
    discharge_ratio: 0.1
    depth_of_discharge: 0.4
  Li-ion:
    cost: 224.86
    lifetime: 19.3155
    annual_cost: 11.641427868810023
    efficiency: 0.889531
    discharge_ratio: 2
    depth_of_discharge: 0.9
  Pb-acid:
    cost: 157.183
    lifetime: 17.2332
    annual_cost: 9.120940974398254
    efficiency: 0.696473
    discharge_ratio: 5
    depth_of_discharge: 0.5
  VRBF:
    cost: 253.6
    lifetime: 25.417
    annual_cost: 9.97757406460243
    efficiency: 0.751258
    discharge_ratio: 0.5
    depth_of_discharge: 1.0
