cost_values:
  wind_capex: 5000.0
  wind_opex: 100
  wind_lifetime: 20
  solar_capex: 1000.0
  solar_opex: 10
  solar_lifetime: 20
  carbon_price: 1.0
timeseries_values:
  load_level: 229400.42958230426
  wind_year: 2010
  solar_year: 2012
  price_year: 2023
  carbon_year: 2023
storage_values:
  CAES:
    cost: 39.3026
    lifetime: 24.2731
    annual_cost: 1.6191833758358016
    efficiency: 0.632641
    discharge_ratio: 0.1
    depth_of_discharge: 0.4
  Li-ion:
    cost: 229.841
    lifetime: 18.3469
    annual_cost: 12.527511459701639
    efficiency: 0.885333
    discharge_ratio: 2
    depth_of_discharge: 0.9
  Pb-acid:
    cost: 169.297
    lifetime: 17.8404
    annual_cost: 9.489529382749266
    efficiency: 0.674186
    discharge_ratio: 5
    depth_of_discharge: 0.5
  VRBF:
    cost: 222.183
    lifetime: 24.6344
    annual_cost: 9.019217029844445
    efficiency: 0.759024
    discharge_ratio: 0.5
    depth_of_discharge: 1.0
