cost_values:
  wind_capex: 5000.0
  wind_opex: 100
  wind_lifetime: 20
  solar_capex: 1000.0
  solar_opex: 10
  solar_lifetime: 20
  carbon_price: 1.0
timeseries_values:
  load_level: 233517.99475067863
  wind_year: 2017
  solar_year: 2013
  price_year: 2023
  carbon_year: 2023
storage_values:
  CAES:
    cost: 73.2082
    lifetime: 23.5886
    annual_cost: 3.1035415412529783
    efficiency: 0.593944
    discharge_ratio: 0.1
    depth_of_discharge: 0.4
  Li-ion:
    cost: 174.894
    lifetime: 16.3806
    annual_cost: 10.676898282114207
    efficiency: 0.922923
    discharge_ratio: 2
    depth_of_discharge: 0.9
  Pb-acid:
    cost: 169.057
    lifetime: 14.9058
    annual_cost: 11.341692495538648
    efficiency: 0.69401
    discharge_ratio: 5
    depth_of_discharge: 0.5
  VRBF:
    cost: 352.338
    lifetime: 23.0435
    annual_cost: 15.290125197995096
    efficiency: 0.785619
    discharge_ratio: 0.5
    depth_of_discharge: 1.0
