cost_values:
  wind_capex: 5000.0
  wind_opex: 100
  wind_lifetime: 20
  solar_capex: 1000.0
  solar_opex: 10
  solar_lifetime: 20
  carbon_price: 1.0
timeseries_values:
  load_level: 233517.99475067863
  wind_year: 2017
  solar_year: 2013
  price_year: 2023
  carbon_year: 2023
storage_values:
  CAES:
    cost: 74.227
    lifetime: 24.5587
    annual_cost: 3.0224319691188866
    efficiency: 0.597119
    discharge_ratio: 0.1
    depth_of_discharge: 0.4
  Li-ion:
    cost: 196.866
    lifetime: 18.4162
    annual_cost: 10.689827434541328
    efficiency: 0.923672
    discharge_ratio: 2
    depth_of_discharge: 0.9
  Pb-acid:
    cost: 165.278
    lifetime: 15.2074
    annual_cost: 10.86826150426766
    efficiency: 0.707048
    discharge_ratio: 5
    depth_of_discharge: 0.5
  VRBF:
    cost: 341.588
    lifetime: 23.7659
    annual_cost: 14.373030266053465
    efficiency: 0.791711
    discharge_ratio: 0.5
    depth_of_discharge: 1.0
