cost_values:
  wind_capex: 5000.0
  wind_opex: 100
  wind_lifetime: 20
  solar_capex: 1000.0
  solar_opex: 10
  solar_lifetime: 20
  carbon_price: 1.0
timeseries_values:
  load_level: 233517.99475067863
  wind_year: 2017
  solar_year: 2013
  price_year: 2023
  carbon_year: 2023
storage_values:
  CAES:
    cost: 70.8989
    lifetime: 22.6469
    annual_cost: 3.130622734237357
    efficiency: 0.598835
    discharge_ratio: 0.1
    depth_of_discharge: 0.4
  Li-ion:
    cost: 158.76
    lifetime: 16.7723
    annual_cost: 9.465606982942111
    efficiency: 0.938826
    discharge_ratio: 2
    depth_of_discharge: 0.9
  Pb-acid:
    cost: 169.621
    lifetime: 14.2201
    annual_cost: 11.928256482021927
    efficiency: 0.698012
    discharge_ratio: 5
    depth_of_discharge: 0.5
  VRBF:
    cost: 340.58
    lifetime: 24.5334
    annual_cost: 13.882299232882518
    efficiency: 0.780669
    discharge_ratio: 0.5
    depth_of_discharge: 1.0
