cost_values:
  wind_capex: 5000.0
  wind_opex: 100
  wind_lifetime: 20
  solar_capex: 1000.0
  solar_opex: 10
  solar_lifetime: 20
  carbon_price: 1.0
timeseries_values:
  load_level: 233517.99475067863
  wind_year: 2017
  solar_year: 2013
  price_year: 2023
  carbon_year: 2023
storage_values:
  CAES:
    cost: 76.5692
    lifetime: 23.1204
    annual_cost: 3.311759312122627
    efficiency: 0.601618
    discharge_ratio: 0.1
    depth_of_discharge: 0.4
  Li-ion:
    cost: 181.971
    lifetime: 18.0176
    annual_cost: 10.099624811295621
    efficiency: 0.922204
    discharge_ratio: 2
    depth_of_discharge: 0.9
  Pb-acid:
    cost: 181.867
    lifetime: 13.3438
    annual_cost: 13.629325979106401
    efficiency: 0.68656
    discharge_ratio: 5
    depth_of_discharge: 0.5
  VRBF:
    cost: 362.04
    lifetime: 23.442
    annual_cost: 15.444074737650372
    efficiency: 0.802374
    discharge_ratio: 0.5
    depth_of_discharge: 1.0
