cost_values:
  wind_capex: 5000.0
  wind_opex: 100
  wind_lifetime: 20
  solar_capex: 1000.0
  solar_opex: 10
  solar_lifetime: 20
  carbon_price: 1.0
timeseries_values:
  load_level: 233517.99475067863
  wind_year: 2017
  solar_year: 2013
  price_year: 2023
  carbon_year: 2023
storage_values:
  CAES:
    cost: 69.8724
    lifetime: 24.7576
    annual_cost: 2.822260639157269
    efficiency: 0.597662
    discharge_ratio: 0.1
    depth_of_discharge: 0.4
  Li-ion:
    cost: 187.571
    lifetime: 14.8998
    annual_cost: 12.588826695660343
    efficiency: 0.923766
    discharge_ratio: 2
    depth_of_discharge: 0.9
  Pb-acid:
    cost: 172.857
    lifetime: 14.8335
    annual_cost: 11.653149964607138
    efficiency: 0.67295
    discharge_ratio: 5
    depth_of_discharge: 0.5
  VRBF:
    cost: 356.959
    lifetime: 21.819
    annual_cost: 16.360007333058345
    efficiency: 0.76292
    discharge_ratio: 0.5
    depth_of_discharge: 1.0
