cost_values:
  wind_capex: 5000.0
  wind_opex: 100
  wind_lifetime: 20
  solar_capex: 1000.0
  solar_opex: 10
  solar_lifetime: 20
  carbon_price: 1.0
timeseries_values:
  load_level: 233517.99475067863
  wind_year: 2017
  solar_year: 2013
  price_year: 2023
  carbon_year: 2023
storage_values:
  CAES:
    cost: 69.7205
    lifetime: 23.1942
    annual_cost: 3.0059454518802116
    efficiency: 0.600982
    discharge_ratio: 0.1
    depth_of_discharge: 0.4
  Li-ion:
    cost: 203.154
    lifetime: 16.557
    annual_cost: 12.269976445008155
    efficiency: 0.931095
    discharge_ratio: 2
    depth_of_discharge: 0.9
  Pb-acid:
    cost: 176.102
    lifetime: 13.6906
    annual_cost: 12.862986282558836
    efficiency: 0.683427
    discharge_ratio: 5
    depth_of_discharge: 0.5
  VRBF:
    cost: 387.591
    lifetime: 23.9348
    annual_cost: 16.193617661313237
    efficiency: 0.775167
    discharge_ratio: 0.5
    depth_of_discharge: 1.0
