cost_values:
  wind_capex: 5000.0
  wind_opex: 100
  wind_lifetime: 20
  solar_capex: 1000.0
  solar_opex: 10
  solar_lifetime: 20
  carbon_price: 1.0
timeseries_values:
  load_level: 233517.99475067863
  wind_year: 2017
  solar_year: 2013
  price_year: 2023
  carbon_year: 2023
storage_values:
  CAES:
    cost: 70.5887
    lifetime: 23.0234
    annual_cost: 3.065954637455806
    efficiency: 0.594034
    discharge_ratio: 0.1
    depth_of_discharge: 0.4
  Li-ion:
    cost: 188.663
    lifetime: 15.4788
    annual_cost: 12.188477142930978
    efficiency: 0.93055
    discharge_ratio: 2
    depth_of_discharge: 0.9
  Pb-acid:
    cost: 165.056
    lifetime: 14.1567
    annual_cost: 11.65921436492968
    efficiency: 0.674888
    discharge_ratio: 5
    depth_of_discharge: 0.5
  VRBF:
    cost: 350.708
    lifetime: 24.2098
    annual_cost: 14.486199803385405
    efficiency: 0.784416
    discharge_ratio: 0.5
    depth_of_discharge: 1.0
