cost_values:
  wind_capex: 5000.0
  wind_opex: 100
  wind_lifetime: 20
  solar_capex: 1000.0
  solar_opex: 10
  solar_lifetime: 20
  carbon_price: 1.0
timeseries_values:
  load_level: 233517.99475067863
  wind_year: 2017
  solar_year: 2013
  price_year: 2023
  carbon_year: 2023
storage_values:
  CAES:
    cost: 72.2682
    lifetime: 23.3565
    annual_cost: 3.094136535867959
    efficiency: 0.600553
    discharge_ratio: 0.1
    depth_of_discharge: 0.4
  Li-ion:
    cost: 178.587
    lifetime: 16.4112
    annual_cost: 10.882019596373206
    efficiency: 0.933036
    discharge_ratio: 2
    depth_of_discharge: 0.9
  Pb-acid:
    cost: 160.75
    lifetime: 15.6672
    annual_cost: 10.260289011437909
    efficiency: 0.681483
    discharge_ratio: 5
    depth_of_discharge: 0.5
  VRBF:
    cost: 321.358
    lifetime: 23.4652
    annual_cost: 13.695088897601556
    efficiency: 0.796488
    discharge_ratio: 0.5
    depth_of_discharge: 1.0
