cost_values:
  wind_capex: 5000.0
  wind_opex: 100
  wind_lifetime: 20
  solar_capex: 1000.0
  solar_opex: 10
  solar_lifetime: 20
  carbon_price: 1.0
timeseries_values:
  load_level: 233517.99475067863
  wind_year: 2017
  solar_year: 2013
  price_year: 2023
  carbon_year: 2023
storage_values:
  CAES:
    cost: 75.6009
    lifetime: 22.6492
    annual_cost: 3.3379059746039594
    efficiency: 0.591361
    discharge_ratio: 0.1
    depth_of_discharge: 0.4
  Li-ion:
    cost: 198.774
    lifetime: 17.4307
    annual_cost: 11.403672830121566
    efficiency: 0.944252
    discharge_ratio: 2
    depth_of_discharge: 0.9
  Pb-acid:
    cost: 174.399
    lifetime: 14.0831
    annual_cost: 12.383566118255214
    efficiency: 0.682149
    discharge_ratio: 5
    depth_of_discharge: 0.5
  VRBF:
    cost: 375.31
    lifetime: 23.2752
    annual_cost: 16.124888293118854
    efficiency: 0.79614
    discharge_ratio: 0.5
    depth_of_discharge: 1.0
