cost_values:
  wind_capex: 5000.0
  wind_opex: 100
  wind_lifetime: 20
  solar_capex: 1000.0
  solar_opex: 10
  solar_lifetime: 20
  carbon_price: 1.0
timeseries_values:
  load_level: 233517.99475067863
  wind_year: 2017
  solar_year: 2013
  price_year: 2023
  carbon_year: 2023
storage_values:
  CAES:
    cost: 68.5344
    lifetime: 23.3914
    annual_cost: 2.929897312687569
    efficiency: 0.587199
    discharge_ratio: 0.1
    depth_of_discharge: 0.4
  Li-ion:
    cost: 175.535
    lifetime: 17.1389
    annual_cost: 10.241905839931384
    efficiency: 0.942642
    discharge_ratio: 2
    depth_of_discharge: 0.9
  Pb-acid:
    cost: 140.044
    lifetime: 15.6995
    annual_cost: 8.92028408548043
    efficiency: 0.705755
    discharge_ratio: 5
    depth_of_discharge: 0.5
  VRBF:
    cost: 351.968
    lifetime: 20.949
    annual_cost: 16.80118382739033
    efficiency: 0.785334
    discharge_ratio: 0.5
    depth_of_discharge: 1.0
