cost_values:
  wind_capex: 5000.0
  wind_opex: 100
  wind_lifetime: 20
  solar_capex: 1000.0
  solar_opex: 10
  solar_lifetime: 20
  carbon_price: 1.0
timeseries_values:
  load_level: 233517.99475067863
  wind_year: 2017
  solar_year: 2013
  price_year: 2023
  carbon_year: 2023
storage_values:
  CAES:
    cost: 72.2842
    lifetime: 22.5022
    annual_cost: 3.2123170178915843
    efficiency: 0.590942
    discharge_ratio: 0.1
    depth_of_discharge: 0.4
  Li-ion:
    cost: 191.277
    lifetime: 15.8745
    annual_cost: 12.049324388169707
    efficiency: 0.926424
    discharge_ratio: 2
    depth_of_discharge: 0.9
  Pb-acid:
    cost: 174.317
    lifetime: 14.248
    annual_cost: 12.234489051094892
    efficiency: 0.688073
    discharge_ratio: 5
    depth_of_discharge: 0.5
  VRBF:
    cost: 338.708
    lifetime: 21.4614
    annual_cost: 15.78219501057713
    efficiency: 0.772616
    discharge_ratio: 0.5
    depth_of_discharge: 1.0
