cost_values:
  wind_capex: 5000.0
  wind_opex: 100
  wind_lifetime: 20
  solar_capex: 1000.0
  solar_opex: 10
  solar_lifetime: 20
  carbon_price: 1.0
timeseries_values:
  load_level: 233517.99475067863
  wind_year: 2017
  solar_year: 2013
  price_year: 2023
  carbon_year: 2023
storage_values:
  CAES:
    cost: 73.8729
    lifetime: 24.7463
    annual_cost: 2.985209910168389
    efficiency: 0.606175
    discharge_ratio: 0.1
    depth_of_discharge: 0.4
  Li-ion:
    cost: 203.758
    lifetime: 14.9805
    annual_cost: 13.601548679950604
    efficiency: 0.914569
    discharge_ratio: 2
    depth_of_discharge: 0.9
  Pb-acid:
    cost: 151.313
    lifetime: 12.5573
    annual_cost: 12.049803699839932
    efficiency: 0.69196
    discharge_ratio: 5
    depth_of_discharge: 0.5
  VRBF:
    cost: 373.97
    lifetime: 23.9607
    annual_cost: 15.607640845217379
    efficiency: 0.761779
    discharge_ratio: 0.5
    depth_of_discharge: 1.0
