cost_values:
  wind_capex: 5000.0
  wind_opex: 100
  wind_lifetime: 20
  solar_capex: 1000.0
  solar_opex: 10
  solar_lifetime: 20
  carbon_price: 1.0
timeseries_values:
  load_level: 233517.99475067863
  wind_year: 2017
  solar_year: 2013
  price_year: 2023
  carbon_year: 2023
storage_values:
  CAES:
    cost: 73.7324
    lifetime: 23.4761
    annual_cost: 3.1407431387666604
    efficiency: 0.598423
    discharge_ratio: 0.1
    depth_of_discharge: 0.4
  Li-ion:
    cost: 181.638
    lifetime: 16.8955
    annual_cost: 10.750673256192478
    efficiency: 0.928835
    discharge_ratio: 2
    depth_of_discharge: 0.9
  Pb-acid:
    cost: 159.83
    lifetime: 16.5325
    annual_cost: 9.667624376228641
    efficiency: 0.683587
    discharge_ratio: 5
    depth_of_discharge: 0.5
  VRBF:
    cost: 377.323
    lifetime: 21.1001
    annual_cost: 17.88252188378254
    efficiency: 0.782288
    discharge_ratio: 0.5
    depth_of_discharge: 1.0
