cost_values:
  wind_capex: 5000.0
  wind_opex: 100
  wind_lifetime: 20
  solar_capex: 1000.0
  solar_opex: 10
  solar_lifetime: 20
  carbon_price: 1.0
timeseries_values:
  load_level: 233517.99475067863
  wind_year: 2017
  solar_year: 2013
  price_year: 2023
  carbon_year: 2023
storage_values:
  CAES:
    cost: 70.4081
    lifetime: 22.9107
    annual_cost: 3.0731535919897692
    efficiency: 0.593713
    discharge_ratio: 0.1
    depth_of_discharge: 0.4
  Li-ion:
    cost: 180.318
    lifetime: 15.7124
    annual_cost: 11.47615895725669
    efficiency: 0.91342
    discharge_ratio: 2
    depth_of_discharge: 0.9
  Pb-acid:
    cost: 171.794
    lifetime: 15.8514
    annual_cost: 10.837780890016024
    efficiency: 0.686179
    discharge_ratio: 5
    depth_of_discharge: 0.5
  VRBF:
    cost: 364.412
    lifetime: 22.1306
    annual_cost: 16.46643109540636
    efficiency: 0.775487
    discharge_ratio: 0.5
    depth_of_discharge: 1.0
