cost_values:
  wind_capex: 5000.0
  wind_opex: 100
  wind_lifetime: 20
  solar_capex: 1000.0
  solar_opex: 10
  solar_lifetime: 20
  carbon_price: 1.0
timeseries_values:
  load_level: 233517.99475067863
  wind_year: 2017
  solar_year: 2013
  price_year: 2023
  carbon_year: 2023
storage_values:
  CAES:
    cost: 79.0686
    lifetime: 23.8248
    annual_cost: 3.3187518887881535
    efficiency: 0.593506
    discharge_ratio: 0.1
    depth_of_discharge: 0.4
  Li-ion:
    cost: 185.477
    lifetime: 16.9983
    annual_cost: 10.911502914997381
    efficiency: 0.932363
    discharge_ratio: 2
    depth_of_discharge: 0.9
  Pb-acid:
    cost: 151.278
    lifetime: 16.3802
    annual_cost: 9.235418370960062
    efficiency: 0.687389
    discharge_ratio: 5
    depth_of_discharge: 0.5
  VRBF:
    cost: 370.032
    lifetime: 19.8429
    annual_cost: 18.648080673691847
    efficiency: 0.788146
    discharge_ratio: 0.5
    depth_of_discharge: 1.0
