cost_values:
  wind_capex: 5000.0
  wind_opex: 100
  wind_lifetime: 20
  solar_capex: 1000.0
  solar_opex: 10
  solar_lifetime: 20
  carbon_price: 1.0
timeseries_values:
  load_level: 233517.99475067863
  wind_year: 2017
  solar_year: 2013
  price_year: 2023
  carbon_year: 2023
storage_values:
  CAES:
    cost: 75.66
    lifetime: 22.8659
    annual_cost: 3.308857294049217
    efficiency: 0.583601
    discharge_ratio: 0.1
    depth_of_discharge: 0.4
  Li-ion:
    cost: 199.367
    lifetime: 17.3937
    annual_cost: 11.46202360624824
    efficiency: 0.923373
    discharge_ratio: 2
    depth_of_discharge: 0.9
  Pb-acid:
    cost: 165.904
    lifetime: 14.8518
    annual_cost: 11.170632515923995
    efficiency: 0.684511
    discharge_ratio: 5
    depth_of_discharge: 0.5
  VRBF:
    cost: 384.856
    lifetime: 24.5108
    annual_cost: 15.701486691580854
    efficiency: 0.754774
    discharge_ratio: 0.5
    depth_of_discharge: 1.0
