cost_values:
  wind_capex: 5000.0
  wind_opex: 100
  wind_lifetime: 20
  solar_capex: 1000.0
  solar_opex: 10
  solar_lifetime: 20
  carbon_price: 1.0
timeseries_values:
  load_level: 233517.99475067863
  wind_year: 2017
  solar_year: 2013
  price_year: 2023
  carbon_year: 2023
storage_values:
  CAES:
    cost: 72.8061
    lifetime: 23.728
    annual_cost: 3.0683622724207686
    efficiency: 0.603347
    discharge_ratio: 0.1
    depth_of_discharge: 0.4
  Li-ion:
    cost: 209.525
    lifetime: 14.4101
    annual_cost: 14.540148923324614
    efficiency: 0.907066
    discharge_ratio: 2
    depth_of_discharge: 0.9
  Pb-acid:
    cost: 170.174
    lifetime: 14.0685
    annual_cost: 12.096101219035434
    efficiency: 0.680067
    discharge_ratio: 5
    depth_of_discharge: 0.5
  VRBF:
    cost: 356.668
    lifetime: 23.1339
    annual_cost: 15.417547408781052
    efficiency: 0.78487
    discharge_ratio: 0.5
    depth_of_discharge: 1.0
