cost_values:
  wind_capex: 5000.0
  wind_opex: 100
  wind_lifetime: 20
  solar_capex: 1000.0
  solar_opex: 10
  solar_lifetime: 20
  carbon_price: 1.0
timeseries_values:
  load_level: 233517.99475067863
  wind_year: 2017
  solar_year: 2013
  price_year: 2023
  carbon_year: 2023
storage_values:
  CAES:
    cost: 73.3713
    lifetime: 23.9627
    annual_cost: 3.0618961970061807
    efficiency: 0.60769
    discharge_ratio: 0.1
    depth_of_discharge: 0.4
  Li-ion:
    cost: 180.78
    lifetime: 15.8377
    annual_cost: 11.41453620159493
    efficiency: 0.922211
    discharge_ratio: 2
    depth_of_discharge: 0.9
  Pb-acid:
    cost: 171.074
    lifetime: 15.8176
    annual_cost: 10.815420797086789
    efficiency: 0.702738
    discharge_ratio: 5
    depth_of_discharge: 0.5
  VRBF:
    cost: 365.123
    lifetime: 23.509
    annual_cost: 15.531200816708495
    efficiency: 0.782789
    discharge_ratio: 0.5
    depth_of_discharge: 1.0
