cost_values:
  wind_capex: 5000.0
  wind_opex: 100
  wind_lifetime: 20
  solar_capex: 1000.0
  solar_opex: 10
  solar_lifetime: 20
  carbon_price: 1.0
timeseries_values:
  load_level: 233517.99475067863
  wind_year: 2017
  solar_year: 2013
  price_year: 2023
  carbon_year: 2023
storage_values:
  CAES:
    cost: 75.5673
    lifetime: 23.6037
    annual_cost: 3.201502306841724
    efficiency: 0.587452
    discharge_ratio: 0.1
    depth_of_discharge: 0.4
  Li-ion:
    cost: 187.456
    lifetime: 15.269
    annual_cost: 12.276900910341213
    efficiency: 0.940046
    discharge_ratio: 2
    depth_of_discharge: 0.9
  Pb-acid:
    cost: 154.273
    lifetime: 15.2835
    annual_cost: 10.094088395982595
    efficiency: 0.671582
    discharge_ratio: 5
    depth_of_discharge: 0.5
  VRBF:
    cost: 351.448
    lifetime: 23.2672
    annual_cost: 15.104868656305872
    efficiency: 0.783526
    discharge_ratio: 0.5
    depth_of_discharge: 1.0
