cost_values:
  wind_capex: 5000.0
  wind_opex: 100
  wind_lifetime: 20
  solar_capex: 1000.0
  solar_opex: 10
  solar_lifetime: 20
  carbon_price: 1.0
timeseries_values:
  load_level: 233517.99475067863
  wind_year: 2017
  solar_year: 2013
  price_year: 2023
  carbon_year: 2023
storage_values:
  CAES:
    cost: 77.8204
    lifetime: 23.6579
    annual_cost: 3.289404385004586
    efficiency: 0.605074
    discharge_ratio: 0.1
    depth_of_discharge: 0.4
  Li-ion:
    cost: 209.384
    lifetime: 16.7935
    annual_cost: 12.46815732277369
    efficiency: 0.921231
    discharge_ratio: 2
    depth_of_discharge: 0.9
  Pb-acid:
    cost: 191.727
    lifetime: 13.9344
    annual_cost: 13.759257664485016
    efficiency: 0.688762
    discharge_ratio: 5
    depth_of_discharge: 0.5
  VRBF:
    cost: 348.317
    lifetime: 21.0967
    annual_cost: 16.510496902359137
    efficiency: 0.780904
    discharge_ratio: 0.5
    depth_of_discharge: 1.0
