cost_values:
  wind_capex: 5000.0
  wind_opex: 100
  wind_lifetime: 20
  solar_capex: 1000.0
  solar_opex: 10
  solar_lifetime: 20
  carbon_price: 1.0
timeseries_values:
  load_level: 233517.99475067863
  wind_year: 2017
  solar_year: 2013
  price_year: 2023
  carbon_year: 2023
storage_values:
  CAES:
    cost: 72.9377
    lifetime: 23.7979
    annual_cost: 3.064879674256973
    efficiency: 0.585875
    discharge_ratio: 0.1
    depth_of_discharge: 0.4
  Li-ion:
    cost: 194.553
    lifetime: 17.0952
    annual_cost: 11.38056296504282
    efficiency: 0.923886
    discharge_ratio: 2
    depth_of_discharge: 0.9
  Pb-acid:
    cost: 151.913
    lifetime: 15.2226
    annual_cost: 9.979438466490613
    efficiency: 0.685052
    discharge_ratio: 5
    depth_of_discharge: 0.5
  VRBF:
    cost: 327.185
    lifetime: 20.6447
    annual_cost: 15.848377549685877
    efficiency: 0.797918
    discharge_ratio: 0.5
    depth_of_discharge: 1.0
