cost_values:
  wind_capex: 5000.0
  wind_opex: 100
  wind_lifetime: 20
  solar_capex: 1000.0
  solar_opex: 10
  solar_lifetime: 20
  carbon_price: 1.0
timeseries_values:
  load_level: 233517.99475067863
  wind_year: 2017
  solar_year: 2013
  price_year: 2023
  carbon_year: 2023
storage_values:
  CAES:
    cost: 73.0306
    lifetime: 22.1416
    annual_cost: 3.298343389818261
    efficiency: 0.592167
    discharge_ratio: 0.1
    depth_of_discharge: 0.4
  Li-ion:
    cost: 196.773
    lifetime: 16.3318
    annual_cost: 12.048457610306272
    efficiency: 0.928074
    discharge_ratio: 2
    depth_of_discharge: 0.9
  Pb-acid:
    cost: 170.092
    lifetime: 15.4229
    annual_cost: 11.028535489434542
    efficiency: 0.683853
    discharge_ratio: 5
    depth_of_discharge: 0.5
  VRBF:
    cost: 350.254
    lifetime: 23.5524
    annual_cost: 14.871265773339449
    efficiency: 0.771377
    discharge_ratio: 0.5
    depth_of_discharge: 1.0
