cost_values:
  wind_capex: 5000.0
  wind_opex: 100
  wind_lifetime: 20
  solar_capex: 1000.0
  solar_opex: 10
  solar_lifetime: 20
  carbon_price: 1.0
timeseries_values:
  load_level: 233517.99475067863
  wind_year: 2017
  solar_year: 2013
  price_year: 2023
  carbon_year: 2023
storage_values:
  CAES:
    cost: 66.7932
    lifetime: 23.0521
    annual_cost: 2.8974887320461042
    efficiency: 0.599769
    discharge_ratio: 0.1
    depth_of_discharge: 0.4
  Li-ion:
    cost: 196.797
    lifetime: 15.2213
    annual_cost: 12.929053366006846
    efficiency: 0.907675
    discharge_ratio: 2
    depth_of_discharge: 0.9
  Pb-acid:
    cost: 181.9
    lifetime: 13.7285
    annual_cost: 13.249808791929198
    efficiency: 0.688222
    discharge_ratio: 5
    depth_of_discharge: 0.5
  VRBF:
    cost: 345.864
    lifetime: 22.6352
    annual_cost: 15.279918003817063
    efficiency: 0.798333
    discharge_ratio: 0.5
    depth_of_discharge: 1.0
