cost_values:
  wind_capex: 5000.0
  wind_opex: 100
  wind_lifetime: 20
  solar_capex: 1000.0
  solar_opex: 10
  solar_lifetime: 20
  carbon_price: 1.0
timeseries_values:
  load_level: 233517.99475067863
  wind_year: 2017
  solar_year: 2013
  price_year: 2023
  carbon_year: 2023
storage_values:
  CAES:
    cost: 76.8743
    lifetime: 22.7902
    annual_cost: 3.373129678546042
    efficiency: 0.59319
    discharge_ratio: 0.1
    depth_of_discharge: 0.4
  Li-ion:
    cost: 197.23
    lifetime: 17.6638
    annual_cost: 11.165774068999875
    efficiency: 0.939186
    discharge_ratio: 2
    depth_of_discharge: 0.9
  Pb-acid:
    cost: 164.375
    lifetime: 15.7761
    annual_cost: 10.419241764441148
    efficiency: 0.689791
    discharge_ratio: 5
    depth_of_discharge: 0.5
  VRBF:
    cost: 359.093
    lifetime: 21.9591
    annual_cost: 16.35281045215879
    efficiency: 0.781718
    discharge_ratio: 0.5
    depth_of_discharge: 1.0
