cost_values:
  wind_capex: 5000.0
  wind_opex: 100
  wind_lifetime: 20
  solar_capex: 1000.0
  solar_opex: 10
  solar_lifetime: 20
  carbon_price: 1.0
timeseries_values:
  load_level: 233517.99475067863
  wind_year: 2017
  solar_year: 2013
  price_year: 2023
  carbon_year: 2023
storage_values:
  CAES:
    cost: 73.0107
    lifetime: 23.2157
    annual_cost: 3.1448847116391065
    efficiency: 0.600024
    discharge_ratio: 0.1
    depth_of_discharge: 0.4
  Li-ion:
    cost: 193.892
    lifetime: 14.9117
    annual_cost: 13.002675751255726
    efficiency: 0.927433
    discharge_ratio: 2
    depth_of_discharge: 0.9
  Pb-acid:
    cost: 173.727
    lifetime: 16.1456
    annual_cost: 10.760021306114359
    efficiency: 0.699379
    discharge_ratio: 5
    depth_of_discharge: 0.5
  VRBF:
    cost: 371.968
    lifetime: 19.6419
    annual_cost: 18.937475498806126
    efficiency: 0.79789
    discharge_ratio: 0.5
    depth_of_discharge: 1.0
