cost_values:
  wind_capex: 5000.0
  wind_opex: 100
  wind_lifetime: 20
  solar_capex: 1000.0
  solar_opex: 10
  solar_lifetime: 20
  carbon_price: 1.0
timeseries_values:
  load_level: 233517.99475067863
  wind_year: 2017
  solar_year: 2013
  price_year: 2023
  carbon_year: 2023
storage_values:
  CAES:
    cost: 69.7508
    lifetime: 23.5603
    annual_cost: 2.960522573990993
    efficiency: 0.590619
    discharge_ratio: 0.1
    depth_of_discharge: 0.4
  Li-ion:
    cost: 198.57
    lifetime: 15.0181
    annual_cost: 13.222045398552412
    efficiency: 0.924121
    discharge_ratio: 2
    depth_of_discharge: 0.9
  Pb-acid:
    cost: 153.355
    lifetime: 14.4368
    annual_cost: 10.622506372603347
    efficiency: 0.689071
    discharge_ratio: 5
    depth_of_discharge: 0.5
  VRBF:
    cost: 351.47
    lifetime: 22.3914
    annual_cost: 15.696651392945506
    efficiency: 0.813245
    discharge_ratio: 0.5
    depth_of_discharge: 1.0
