cost_values:
  wind_capex: 5000.0
  wind_opex: 100
  wind_lifetime: 20
  solar_capex: 1000.0
  solar_opex: 10
  solar_lifetime: 20
  carbon_price: 1.0
timeseries_values:
  load_level: 233517.99475067863
  wind_year: 2017
  solar_year: 2013
  price_year: 2023
  carbon_year: 2023
storage_values:
  CAES:
    cost: 73.5881
    lifetime: 23.4233
    annual_cost: 3.141662361836291
    efficiency: 0.600039
    discharge_ratio: 0.1
    depth_of_discharge: 0.4
  Li-ion:
    cost: 174.432
    lifetime: 14.7425
    annual_cost: 11.831914532813295
    efficiency: 0.929265
    discharge_ratio: 2
    depth_of_discharge: 0.9
  Pb-acid:
    cost: 165.41
    lifetime: 14.207
    annual_cost: 11.6428521151545
    efficiency: 0.6795
    discharge_ratio: 5
    depth_of_discharge: 0.5
  VRBF:
    cost: 356.704
    lifetime: 22.4528
    annual_cost: 15.886838167177368
    efficiency: 0.7792
    discharge_ratio: 0.5
    depth_of_discharge: 1.0
