cost_values:
  wind_capex: 5000.0
  wind_opex: 100
  wind_lifetime: 20
  solar_capex: 1000.0
  solar_opex: 10
  solar_lifetime: 20
  carbon_price: 1.0
timeseries_values:
  load_level: 233517.99475067863
  wind_year: 2017
  solar_year: 2013
  price_year: 2023
  carbon_year: 2023
storage_values:
  CAES:
    cost: 73.4693
    lifetime: 23.3633
    annual_cost: 3.144645662213814
    efficiency: 0.600159
    discharge_ratio: 0.1
    depth_of_discharge: 0.4
  Li-ion:
    cost: 200.213
    lifetime: 16.9148
    annual_cost: 11.836557334405372
    efficiency: 0.928006
    discharge_ratio: 2
    depth_of_discharge: 0.9
  Pb-acid:
    cost: 162.653
    lifetime: 13.1401
    annual_cost: 12.378368505566927
    efficiency: 0.686615
    discharge_ratio: 5
    depth_of_discharge: 0.5
  VRBF:
    cost: 359.198
    lifetime: 22.144
    annual_cost: 16.22100794797688
    efficiency: 0.754325
    discharge_ratio: 0.5
    depth_of_discharge: 1.0
