cost_values:
  wind_capex: 5000.0
  wind_opex: 100
  wind_lifetime: 20
  solar_capex: 1000.0
  solar_opex: 10
  solar_lifetime: 20
  carbon_price: 1.0
timeseries_values:
  load_level: 233517.99475067863
  wind_year: 2017
  solar_year: 2013
  price_year: 2023
  carbon_year: 2023
storage_values:
  CAES:
    cost: 74.6312
    lifetime: 23.8642
    annual_cost: 3.1273288021387686
    efficiency: 0.606692
    discharge_ratio: 0.1
    depth_of_discharge: 0.4
  Li-ion:
    cost: 188.695
    lifetime: 17.3545
    annual_cost: 10.872972427900542
    efficiency: 0.93729
    discharge_ratio: 2
    depth_of_discharge: 0.9
  Pb-acid:
    cost: 143.453
    lifetime: 14.8414
    annual_cost: 9.66573234330993
    efficiency: 0.672149
    discharge_ratio: 5
    depth_of_discharge: 0.5
  VRBF:
    cost: 345.861
    lifetime: 23.8066
    annual_cost: 14.527946031772702
    efficiency: 0.777643
    discharge_ratio: 0.5
    depth_of_discharge: 1.0
