cost_values:
  wind_capex: 5000.0
  wind_opex: 100
  wind_lifetime: 20
  solar_capex: 1000.0
  solar_opex: 10
  solar_lifetime: 20
  carbon_price: 1.0
timeseries_values:
  load_level: 233517.99475067863
  wind_year: 2017
  solar_year: 2013
  price_year: 2023
  carbon_year: 2023
storage_values:
  CAES:
    cost: 69.6248
    lifetime: 23.4072
    annual_cost: 2.974503571550634
    efficiency: 0.592425
    discharge_ratio: 0.1
    depth_of_discharge: 0.4
  Li-ion:
    cost: 190.469
    lifetime: 15.7757
    annual_cost: 12.073568843220903
    efficiency: 0.91375
    discharge_ratio: 2
    depth_of_discharge: 0.9
  Pb-acid:
    cost: 168.038
    lifetime: 14.3273
    annual_cost: 11.728518283277381
    efficiency: 0.690393
    discharge_ratio: 5
    depth_of_discharge: 0.5
  VRBF:
    cost: 363.8
    lifetime: 24.5771
    annual_cost: 14.802397353634074
    efficiency: 0.753569
    discharge_ratio: 0.5
    depth_of_discharge: 1.0
