cost_values:
  wind_capex: 5000.0
  wind_opex: 100
  wind_lifetime: 20
  solar_capex: 1000.0
  solar_opex: 10
  solar_lifetime: 20
  carbon_price: 1.0
timeseries_values:
  load_level: 233517.99475067863
  wind_year: 2017
  solar_year: 2013
  price_year: 2023
  carbon_year: 2023
storage_values:
  CAES:
    cost: 70.1424
    lifetime: 23.55
    annual_cost: 2.978445859872611
    efficiency: 0.592482
    discharge_ratio: 0.1
    depth_of_discharge: 0.4
  Li-ion:
    cost: 202.74
    lifetime: 15.8017
    annual_cost: 12.83026509805907
    efficiency: 0.91423
    discharge_ratio: 2
    depth_of_discharge: 0.9
  Pb-acid:
    cost: 159.952
    lifetime: 15.6138
    annual_cost: 10.244271093519835
    efficiency: 0.688674
    discharge_ratio: 5
    depth_of_discharge: 0.5
  VRBF:
    cost: 363.969
    lifetime: 22.9887
    annual_cost: 15.832517715225306
    efficiency: 0.758778
    discharge_ratio: 0.5
    depth_of_discharge: 1.0
