cost_values:
  wind_capex: 5000.0
  wind_opex: 100
  wind_lifetime: 20
  solar_capex: 1000.0
  solar_opex: 10
  solar_lifetime: 20
  carbon_price: 1.0
timeseries_values:
  load_level: 233517.99475067863
  wind_year: 2017
  solar_year: 2013
  price_year: 2023
  carbon_year: 2023
storage_values:
  CAES:
    cost: 78.3678
    lifetime: 22.3657
    annual_cost: 3.503927889580921
    efficiency: 0.591547
    discharge_ratio: 0.1
    depth_of_discharge: 0.4
  Li-ion:
    cost: 173.028
    lifetime: 14.8332
    annual_cost: 11.664913841922175
    efficiency: 0.921807
    discharge_ratio: 2
    depth_of_discharge: 0.9
  Pb-acid:
    cost: 160.843
    lifetime: 14.9592
    annual_cost: 10.752112412428472
    efficiency: 0.688595
    discharge_ratio: 5
    depth_of_discharge: 0.5
  VRBF:
    cost: 354.859
    lifetime: 22.0001
    annual_cost: 16.1298812278126
    efficiency: 0.784942
    discharge_ratio: 0.5
    depth_of_discharge: 1.0
