cost_values:
  wind_capex: 5000.0
  wind_opex: 100
  wind_lifetime: 20
  solar_capex: 1000.0
  solar_opex: 10
  solar_lifetime: 20
  carbon_price: 1.0
timeseries_values:
  load_level: 233517.99475067863
  wind_year: 2017
  solar_year: 2013
  price_year: 2023
  carbon_year: 2023
storage_values:
  CAES:
    cost: 75.1562
    lifetime: 22.5931
    annual_cost: 3.326511191469962
    efficiency: 0.597101
    discharge_ratio: 0.1
    depth_of_discharge: 0.4
  Li-ion:
    cost: 190.283
    lifetime: 18.1164
    annual_cost: 10.50335607515842
    efficiency: 0.945038
    discharge_ratio: 2
    depth_of_discharge: 0.9
  Pb-acid:
    cost: 187.029
    lifetime: 15.5554
    annual_cost: 12.023413091273769
    efficiency: 0.685835
    discharge_ratio: 5
    depth_of_discharge: 0.5
  VRBF:
    cost: 332.132
    lifetime: 21.4839
    annual_cost: 15.459576706277726
    efficiency: 0.784658
    discharge_ratio: 0.5
    depth_of_discharge: 1.0
