cost_values:
  wind_capex: 5000.0
  wind_opex: 100
  wind_lifetime: 20
  solar_capex: 1000.0
  solar_opex: 10
  solar_lifetime: 20
  carbon_price: 1.0
timeseries_values:
  load_level: 233517.99475067863
  wind_year: 2017
  solar_year: 2013
  price_year: 2023
  carbon_year: 2023
storage_values:
  CAES:
    cost: 73.946
    lifetime: 23.3926
    annual_cost: 3.1610851294853926
    efficiency: 0.603834
    discharge_ratio: 0.1
    depth_of_discharge: 0.4
  Li-ion:
    cost: 189.512
    lifetime: 14.7787
    annual_cost: 12.823320048448103
    efficiency: 0.90796
    discharge_ratio: 2
    depth_of_discharge: 0.9
  Pb-acid:
    cost: 146.89
    lifetime: 15.1654
    annual_cost: 9.685863874345548
    efficiency: 0.692613
    discharge_ratio: 5
    depth_of_discharge: 0.5
  VRBF:
    cost: 315.592
    lifetime: 21.6297
    annual_cost: 14.59067855772387
    efficiency: 0.773633
    discharge_ratio: 0.5
    depth_of_discharge: 1.0
