cost_values:
  wind_capex: 5000.0
  wind_opex: 100
  wind_lifetime: 20
  solar_capex: 1000.0
  solar_opex: 10
  solar_lifetime: 20
  carbon_price: 1.0
timeseries_values:
  load_level: 233517.99475067863
  wind_year: 2017
  solar_year: 2013
  price_year: 2023
  carbon_year: 2023
storage_values:
  CAES:
    cost: 71.1456
    lifetime: 23.9506
    annual_cost: 2.970514308618573
    efficiency: 0.592759
    discharge_ratio: 0.1
    depth_of_discharge: 0.4
  Li-ion:
    cost: 184.753
    lifetime: 18.0203
    annual_cost: 10.252493021758793
    efficiency: 0.936435
    discharge_ratio: 2
    depth_of_discharge: 0.9
  Pb-acid:
    cost: 165.569
    lifetime: 14.6416
    annual_cost: 11.308122063162495
    efficiency: 0.672762
    discharge_ratio: 5
    depth_of_discharge: 0.5
  VRBF:
    cost: 345.43
    lifetime: 21.4394
    annual_cost: 16.1119247740142
    efficiency: 0.774838
    discharge_ratio: 0.5
    depth_of_discharge: 1.0
