cost_values:
  wind_capex: 5000.0
  wind_opex: 100
  wind_lifetime: 20
  solar_capex: 1000.0
  solar_opex: 10
  solar_lifetime: 20
  carbon_price: 1.0
timeseries_values:
  load_level: 233517.99475067863
  wind_year: 2017
  solar_year: 2013
  price_year: 2023
  carbon_year: 2023
storage_values:
  CAES:
    cost: 73.2212
    lifetime: 23.4756
    annual_cost: 3.1190342312869532
    efficiency: 0.596274
    discharge_ratio: 0.1
    depth_of_discharge: 0.4
  Li-ion:
    cost: 207.342
    lifetime: 16.5671
    annual_cost: 12.51528632047854
    efficiency: 0.935077
    discharge_ratio: 2
    depth_of_discharge: 0.9
  Pb-acid:
    cost: 166.666
    lifetime: 15.8019
    annual_cost: 10.547212676956569
    efficiency: 0.683961
    discharge_ratio: 5
    depth_of_discharge: 0.5
  VRBF:
    cost: 329.762
    lifetime: 22.4845
    annual_cost: 14.666192265783094
    efficiency: 0.786484
    discharge_ratio: 0.5
    depth_of_discharge: 1.0
