cost_values:
  wind_capex: 5000.0
  wind_opex: 100
  wind_lifetime: 20
  solar_capex: 1000.0
  solar_opex: 10
  solar_lifetime: 20
  carbon_price: 1.0
timeseries_values:
  load_level: 233517.99475067863
  wind_year: 2017
  solar_year: 2013
  price_year: 2023
  carbon_year: 2023
storage_values:
  CAES:
    cost: 72.7994
    lifetime: 24.0518
    annual_cost: 3.026775542786819
    efficiency: 0.590179
    discharge_ratio: 0.1
    depth_of_discharge: 0.4
  Li-ion:
    cost: 199.532
    lifetime: 15.1815
    annual_cost: 13.143101801534764
    efficiency: 0.923751
    discharge_ratio: 2
    depth_of_discharge: 0.9
  Pb-acid:
    cost: 168.903
    lifetime: 15.3064
    annual_cost: 11.034795902367636
    efficiency: 0.676009
    discharge_ratio: 5
    depth_of_discharge: 0.5
  VRBF:
    cost: 366.316
    lifetime: 21.5506
    annual_cost: 16.99794901302052
    efficiency: 0.782421
    discharge_ratio: 0.5
    depth_of_discharge: 1.0
