cost_values:
  wind_capex: 5000.0
  wind_opex: 100
  wind_lifetime: 20
  solar_capex: 1000.0
  solar_opex: 10
  solar_lifetime: 20
  carbon_price: 1.0
timeseries_values:
  load_level: 233517.99475067863
  wind_year: 2017
  solar_year: 2013
  price_year: 2023
  carbon_year: 2023
storage_values:
  CAES:
    cost: 73.705
    lifetime: 24.018
    annual_cost: 3.0687401115829793
    efficiency: 0.5864
    discharge_ratio: 0.1
    depth_of_discharge: 0.4
  Li-ion:
    cost: 172.993
    lifetime: 15.1205
    annual_cost: 11.440957640289673
    efficiency: 0.912705
    discharge_ratio: 2
    depth_of_discharge: 0.9
  Pb-acid:
    cost: 181.648
    lifetime: 14.8326
    annual_cost: 12.246538031093673
    efficiency: 0.676509
    discharge_ratio: 5
    depth_of_discharge: 0.5
  VRBF:
    cost: 331.073
    lifetime: 23.9734
    annual_cost: 13.810014432662866
    efficiency: 0.78768
    discharge_ratio: 0.5
    depth_of_discharge: 1.0
