cost_values:
  wind_capex: 5000.0
  wind_opex: 100
  wind_lifetime: 20
  solar_capex: 1000.0
  solar_opex: 10
  solar_lifetime: 20
  carbon_price: 1.0
timeseries_values:
  load_level: 233517.99475067863
  wind_year: 2017
  solar_year: 2013
  price_year: 2023
  carbon_year: 2023
storage_values:
  CAES:
    cost: 72.6217
    lifetime: 24.751
    annual_cost: 2.9340915518564907
    efficiency: 0.592579
    discharge_ratio: 0.1
    depth_of_discharge: 0.4
  Li-ion:
    cost: 178.167
    lifetime: 16.0142
    annual_cost: 11.125563562338426
    efficiency: 0.91571
    discharge_ratio: 2
    depth_of_discharge: 0.9
  Pb-acid:
    cost: 178.458
    lifetime: 14.9428
    annual_cost: 11.942741654843804
    efficiency: 0.689498
    discharge_ratio: 5
    depth_of_discharge: 0.5
  VRBF:
    cost: 321.175
    lifetime: 21.958
    annual_cost: 14.626787503415613
    efficiency: 0.779416
    discharge_ratio: 0.5
    depth_of_discharge: 1.0
