cost_values:
  wind_capex: 5000.0
  wind_opex: 100
  wind_lifetime: 20
  solar_capex: 1000.0
  solar_opex: 10
  solar_lifetime: 20
  carbon_price: 1.0
timeseries_values:
  load_level: 233517.99475067863
  wind_year: 2017
  solar_year: 2013
  price_year: 2023
  carbon_year: 2023
storage_values:
  CAES:
    cost: 78.4646
    lifetime: 23.761
    annual_cost: 3.302243171583688
    efficiency: 0.597352
    discharge_ratio: 0.1
    depth_of_discharge: 0.4
  Li-ion:
    cost: 171.45
    lifetime: 17.6098
    annual_cost: 9.736056059694034
    efficiency: 0.929873
    discharge_ratio: 2
    depth_of_discharge: 0.9
  Pb-acid:
    cost: 188.282
    lifetime: 15.0374
    annual_cost: 12.520914519797307
    efficiency: 0.692691
    discharge_ratio: 5
    depth_of_discharge: 0.5
  VRBF:
    cost: 337.943
    lifetime: 24.5214
    annual_cost: 13.781554071137863
    efficiency: 0.766968
    discharge_ratio: 0.5
    depth_of_discharge: 1.0
