cost_values:
  wind_capex: 5000.0
  wind_opex: 100
  wind_lifetime: 20
  solar_capex: 1000.0
  solar_opex: 10
  solar_lifetime: 20
  carbon_price: 1.0
timeseries_values:
  load_level: 233517.99475067863
  wind_year: 2017
  solar_year: 2013
  price_year: 2023
  carbon_year: 2023
storage_values:
  CAES:
    cost: 73.0518
    lifetime: 22.7206
    annual_cost: 3.2152231895284453
    efficiency: 0.595128
    discharge_ratio: 0.1
    depth_of_discharge: 0.4
  Li-ion:
    cost: 201.335
    lifetime: 17.236
    annual_cost: 11.681074495242516
    efficiency: 0.937408
    discharge_ratio: 2
    depth_of_discharge: 0.9
  Pb-acid:
    cost: 168.12
    lifetime: 14.711
    annual_cost: 11.428182992318673
    efficiency: 0.696137
    discharge_ratio: 5
    depth_of_discharge: 0.5
  VRBF:
    cost: 336.074
    lifetime: 23.1882
    annual_cost: 14.49331987821392
    efficiency: 0.784086
    discharge_ratio: 0.5
    depth_of_discharge: 1.0
