cost_values:
  wind_capex: 5000.0
  wind_opex: 100
  wind_lifetime: 20
  solar_capex: 1000.0
  solar_opex: 10
  solar_lifetime: 20
  carbon_price: 1.0
timeseries_values:
  load_level: 233517.99475067863
  wind_year: 2017
  solar_year: 2013
  price_year: 2023
  carbon_year: 2023
storage_values:
  CAES:
    cost: 69.9489
    lifetime: 23.0669
    annual_cost: 3.0324360880742534
    efficiency: 0.598998
    discharge_ratio: 0.1
    depth_of_discharge: 0.4
  Li-ion:
    cost: 161.744
    lifetime: 17.7884
    annual_cost: 9.092667131388996
    efficiency: 0.928798
    discharge_ratio: 2
    depth_of_discharge: 0.9
  Pb-acid:
    cost: 182.808
    lifetime: 15.5348
    annual_cost: 11.767644256765454
    efficiency: 0.693351
    discharge_ratio: 5
    depth_of_discharge: 0.5
  VRBF:
    cost: 349.3
    lifetime: 24.0456
    annual_cost: 14.52656619090395
    efficiency: 0.774044
    discharge_ratio: 0.5
    depth_of_discharge: 1.0
