cost_values:
  wind_capex: 5000.0
  wind_opex: 100
  wind_lifetime: 20
  solar_capex: 1000.0
  solar_opex: 10
  solar_lifetime: 20
  carbon_price: 1.0
timeseries_values:
  load_level: 233517.99475067863
  wind_year: 2017
  solar_year: 2013
  price_year: 2023
  carbon_year: 2023
storage_values:
  CAES:
    cost: 65.5993
    lifetime: 23.1406
    annual_cost: 2.83481413619353
    efficiency: 0.601951
    discharge_ratio: 0.1
    depth_of_discharge: 0.4
  Li-ion:
    cost: 218.091
    lifetime: 16.6766
    annual_cost: 13.077665711236103
    efficiency: 0.935286
    discharge_ratio: 2
    depth_of_discharge: 0.9
  Pb-acid:
    cost: 164.515
    lifetime: 15.1197
    annual_cost: 10.880837582756271
    efficiency: 0.673008
    discharge_ratio: 5
    depth_of_discharge: 0.5
  VRBF:
    cost: 349.154
    lifetime: 21.0757
    annual_cost: 16.56666208002581
    efficiency: 0.785303
    discharge_ratio: 0.5
    depth_of_discharge: 1.0
