cost_values:
  wind_capex: 5000.0
  wind_opex: 100
  wind_lifetime: 20
  solar_capex: 1000.0
  solar_opex: 10
  solar_lifetime: 20
  carbon_price: 1.0
timeseries_values:
  load_level: 233517.99475067863
  wind_year: 2017
  solar_year: 2013
  price_year: 2023
  carbon_year: 2023
storage_values:
  CAES:
    cost: 67.7362
    lifetime: 23.5298
    annual_cost: 2.878741000773487
    efficiency: 0.594362
    discharge_ratio: 0.1
    depth_of_discharge: 0.4
  Li-ion:
    cost: 180.183
    lifetime: 18.3926
    annual_cost: 9.796494242249599
    efficiency: 0.93036
    discharge_ratio: 2
    depth_of_discharge: 0.9
  Pb-acid:
    cost: 168.421
    lifetime: 14.6928
    annual_cost: 11.462825329413045
    efficiency: 0.69116
    discharge_ratio: 5
    depth_of_discharge: 0.5
  VRBF:
    cost: 359.197
    lifetime: 23.9745
    annual_cost: 14.982460530980834
    efficiency: 0.78922
    discharge_ratio: 0.5
    depth_of_discharge: 1.0
