cost_values:
  wind_capex: 5000.0
  wind_opex: 100
  wind_lifetime: 20
  solar_capex: 1000.0
  solar_opex: 10
  solar_lifetime: 20
  carbon_price: 1.0
timeseries_values:
  load_level: 257162.56340274966
  wind_year: 2017
  solar_year: 2016
  price_year: 2023
  carbon_year: 2023
storage_values:
  CAES:
    cost: 52.5185
    lifetime: 26.8605
    annual_cost: 1.9552316598723034
    efficiency: 0.618897
    discharge_ratio: 0.1
    depth_of_discharge: 0.4
  Li-ion:
    cost: 189.086
    lifetime: 26.635
    annual_cost: 7.099155246855641
    efficiency: 0.939916
    discharge_ratio: 2
    depth_of_discharge: 0.9
  Pb-acid:
    cost: 122.953
    lifetime: 13.6769
    annual_cost: 8.989829566641564
    efficiency: 0.710477
    discharge_ratio: 5
    depth_of_discharge: 0.5
  VRBF:
    cost: 201.994
    lifetime: 13.9107
    annual_cost: 14.520764591285845
    efficiency: 0.753151
    discharge_ratio: 0.5
    depth_of_discharge: 1.0
