cost_values:
  wind_capex: 5000.0
  wind_opex: 100
  wind_lifetime: 20
  solar_capex: 1000.0
  solar_opex: 10
  solar_lifetime: 20
  carbon_price: 1.0
timeseries_values:
  load_level: 257162.56340274966
  wind_year: 2017
  solar_year: 2016
  price_year: 2023
  carbon_year: 2023
storage_values:
  CAES:
    cost: 55.7623
    lifetime: 25.4751
    annual_cost: 2.1888942536045
    efficiency: 0.614457
    discharge_ratio: 0.1
    depth_of_discharge: 0.4
  Li-ion:
    cost: 198.686
    lifetime: 26.1617
    annual_cost: 7.594537052255779
    efficiency: 0.910384
    discharge_ratio: 2
    depth_of_discharge: 0.9
  Pb-acid:
    cost: 127.405
    lifetime: 15.2915
    annual_cost: 8.33175293463689
    efficiency: 0.7245
    discharge_ratio: 5
    depth_of_discharge: 0.5
  VRBF:
    cost: 157.491
    lifetime: 13.7281
    annual_cost: 11.472162935876051
    efficiency: 0.793558
    discharge_ratio: 0.5
    depth_of_discharge: 1.0
