cost_values:
  wind_capex: 5000.0
  wind_opex: 100
  wind_lifetime: 20
  solar_capex: 1000.0
  solar_opex: 10
  solar_lifetime: 20
  carbon_price: 1.0
timeseries_values:
  load_level: 257162.56340274966
  wind_year: 2017
  solar_year: 2016
  price_year: 2023
  carbon_year: 2023
storage_values:
  CAES:
    cost: 54.7822
    lifetime: 24.7192
    annual_cost: 2.216180135279459
    efficiency: 0.614661
    discharge_ratio: 0.1
    depth_of_discharge: 0.4
  Li-ion:
    cost: 211.255
    lifetime: 24.9596
    annual_cost: 8.463877626244011
    efficiency: 0.91094
    discharge_ratio: 2
    depth_of_discharge: 0.9
  Pb-acid:
    cost: 134.243
    lifetime: 14.9007
    annual_cost: 9.009174065647922
    efficiency: 0.721207
    discharge_ratio: 5
    depth_of_discharge: 0.5
  VRBF:
    cost: 158.756
    lifetime: 14.843
    annual_cost: 10.695681466010914
    efficiency: 0.768738
    discharge_ratio: 0.5
    depth_of_discharge: 1.0
