cost_values:
  wind_capex: 5000.0
  wind_opex: 100
  wind_lifetime: 20
  solar_capex: 1000.0
  solar_opex: 10
  solar_lifetime: 20
  carbon_price: 1.0
timeseries_values:
  load_level: 257162.56340274966
  wind_year: 2017
  solar_year: 2016
  price_year: 2023
  carbon_year: 2023
storage_values:
  CAES:
    cost: 58.5154
    lifetime: 25.2174
    annual_cost: 2.320437475711215
    efficiency: 0.619317
    discharge_ratio: 0.1
    depth_of_discharge: 0.4
  Li-ion:
    cost: 203.967
    lifetime: 24.3465
    annual_cost: 8.377672355369356
    efficiency: 0.926287
    discharge_ratio: 2
    depth_of_discharge: 0.9
  Pb-acid:
    cost: 132.739
    lifetime: 14.7507
    annual_cost: 8.998827174303592
    efficiency: 0.71498
    discharge_ratio: 5
    depth_of_discharge: 0.5
  VRBF:
    cost: 191.068
    lifetime: 12.4028
    annual_cost: 15.405231076853616
    efficiency: 0.807105
    discharge_ratio: 0.5
    depth_of_discharge: 1.0
