cost_values:
  wind_capex: 5000.0
  wind_opex: 100
  wind_lifetime: 20
  solar_capex: 1000.0
  solar_opex: 10
  solar_lifetime: 20
  carbon_price: 1.0
timeseries_values:
  load_level: 257162.56340274966
  wind_year: 2017
  solar_year: 2016
  price_year: 2023
  carbon_year: 2023
storage_values:
  CAES:
    cost: 53.5749
    lifetime: 26.4827
    annual_cost: 2.02301502490305
    efficiency: 0.616902
    discharge_ratio: 0.1
    depth_of_discharge: 0.4
  Li-ion:
    cost: 202.318
    lifetime: 25.7015
    annual_cost: 7.871836274147424
    efficiency: 0.905047
    discharge_ratio: 2
    depth_of_discharge: 0.9
  Pb-acid:
    cost: 150.951
    lifetime: 14.8773
    annual_cost: 10.146397531810207
    efficiency: 0.729703
    discharge_ratio: 5
    depth_of_discharge: 0.5
  VRBF:
    cost: 176.417
    lifetime: 13.4671
    annual_cost: 13.09985074737694
    efficiency: 0.778993
    discharge_ratio: 0.5
    depth_of_discharge: 1.0
