cost_values:
  wind_capex: 5000.0
  wind_opex: 100
  wind_lifetime: 20
  solar_capex: 1000.0
  solar_opex: 10
  solar_lifetime: 20
  carbon_price: 1.0
timeseries_values:
  load_level: 257162.56340274966
  wind_year: 2017
  solar_year: 2016
  price_year: 2023
  carbon_year: 2023
storage_values:
  CAES:
    cost: 50.9844
    lifetime: 25.717
    annual_cost: 1.9825174009410118
    efficiency: 0.609517
    discharge_ratio: 0.1
    depth_of_discharge: 0.4
  Li-ion:
    cost: 207.561
    lifetime: 23.4747
    annual_cost: 8.841902132934607
    efficiency: 0.921203
    discharge_ratio: 2
    depth_of_discharge: 0.9
  Pb-acid:
    cost: 140.689
    lifetime: 16.043
    annual_cost: 8.769494483575391
    efficiency: 0.724843
    discharge_ratio: 5
    depth_of_discharge: 0.5
  VRBF:
    cost: 180.001
    lifetime: 12.5448
    annual_cost: 14.348654422549583
    efficiency: 0.778635
    discharge_ratio: 0.5
    depth_of_discharge: 1.0
