cost_values:
  wind_capex: 5000.0
  wind_opex: 100
  wind_lifetime: 20
  solar_capex: 1000.0
  solar_opex: 10
  solar_lifetime: 20
  carbon_price: 1.0
timeseries_values:
  load_level: 257162.56340274966
  wind_year: 2017
  solar_year: 2016
  price_year: 2023
  carbon_year: 2023
storage_values:
  CAES:
    cost: 58.5816
    lifetime: 25.0821
    annual_cost: 2.335593909600871
    efficiency: 0.600091
    discharge_ratio: 0.1
    depth_of_discharge: 0.4
  Li-ion:
    cost: 200.828
    lifetime: 24.5367
    annual_cost: 8.184800727074139
    efficiency: 0.920986
    discharge_ratio: 2
    depth_of_discharge: 0.9
  Pb-acid:
    cost: 137.433
    lifetime: 15.5366
    annual_cost: 8.845757759097872
    efficiency: 0.724686
    discharge_ratio: 5
    depth_of_discharge: 0.5
  VRBF:
    cost: 188.617
    lifetime: 13.8044
    annual_cost: 13.663542059053635
    efficiency: 0.786607
    discharge_ratio: 0.5
    depth_of_discharge: 1.0
