cost_values:
  wind_capex: 5000.0
  wind_opex: 100
  wind_lifetime: 20
  solar_capex: 1000.0
  solar_opex: 10
  solar_lifetime: 20
  carbon_price: 1.0
timeseries_values:
  load_level: 257162.56340274966
  wind_year: 2017
  solar_year: 2016
  price_year: 2023
  carbon_year: 2023
storage_values:
  CAES:
    cost: 57.4392
    lifetime: 26.3437
    annual_cost: 2.1803770920561654
    efficiency: 0.61657
    discharge_ratio: 0.1
    depth_of_discharge: 0.4
  Li-ion:
    cost: 213.542
    lifetime: 24.3952
    annual_cost: 8.753443300321376
    efficiency: 0.915567
    discharge_ratio: 2
    depth_of_discharge: 0.9
  Pb-acid:
    cost: 128.175
    lifetime: 15.0564
    annual_cost: 8.512991153263728
    efficiency: 0.714943
    discharge_ratio: 5
    depth_of_discharge: 0.5
  VRBF:
    cost: 225.135
    lifetime: 12.4713
    annual_cost: 18.05224796131919
    efficiency: 0.779134
    discharge_ratio: 0.5
    depth_of_discharge: 1.0
