cost_values:
  wind_capex: 5000.0
  wind_opex: 100
  wind_lifetime: 20
  solar_capex: 1000.0
  solar_opex: 10
  solar_lifetime: 20
  carbon_price: 1.0
timeseries_values:
  load_level: 257162.56340274966
  wind_year: 2017
  solar_year: 2016
  price_year: 2023
  carbon_year: 2023
storage_values:
  CAES:
    cost: 58.3938
    lifetime: 25.9399
    annual_cost: 2.251118932609609
    efficiency: 0.608507
    discharge_ratio: 0.1
    depth_of_discharge: 0.4
  Li-ion:
    cost: 198.637
    lifetime: 25.5825
    annual_cost: 7.764565621030001
    efficiency: 0.910567
    discharge_ratio: 2
    depth_of_discharge: 0.9
  Pb-acid:
    cost: 146.02
    lifetime: 16.2517
    annual_cost: 8.984906194428891
    efficiency: 0.715474
    discharge_ratio: 5
    depth_of_discharge: 0.5
  VRBF:
    cost: 184.971
    lifetime: 13.264
    annual_cost: 13.945340772014477
    efficiency: 0.756095
    discharge_ratio: 0.5
    depth_of_discharge: 1.0
