cost_values:
  wind_capex: 5000.0
  wind_opex: 100
  wind_lifetime: 20
  solar_capex: 1000.0
  solar_opex: 10
  solar_lifetime: 20
  carbon_price: 1.0
timeseries_values:
  load_level: 257162.56340274966
  wind_year: 2017
  solar_year: 2016
  price_year: 2023
  carbon_year: 2023
storage_values:
  CAES:
    cost: 53.1242
    lifetime: 26.1508
    annual_cost: 2.0314560166419384
    efficiency: 0.602801
    discharge_ratio: 0.1
    depth_of_discharge: 0.4
  Li-ion:
    cost: 206.571
    lifetime: 25.0506
    annual_cost: 8.246149792819335
    efficiency: 0.919443
    discharge_ratio: 2
    depth_of_discharge: 0.9
  Pb-acid:
    cost: 155.815
    lifetime: 16.4
    annual_cost: 9.500914634146342
    efficiency: 0.714427
    discharge_ratio: 5
    depth_of_discharge: 0.5
  VRBF:
    cost: 168.018
    lifetime: 12.2519
    annual_cost: 13.71362809033701
    efficiency: 0.794921
    discharge_ratio: 0.5
    depth_of_discharge: 1.0
