cost_values:
  wind_capex: 5000.0
  wind_opex: 100
  wind_lifetime: 20
  solar_capex: 1000.0
  solar_opex: 10
  solar_lifetime: 20
  carbon_price: 1.0
timeseries_values:
  load_level: 257162.56340274966
  wind_year: 2017
  solar_year: 2016
  price_year: 2023
  carbon_year: 2023
storage_values:
  CAES:
    cost: 56.9382
    lifetime: 26.2705
    annual_cost: 2.1673816638434746
    efficiency: 0.604795
    discharge_ratio: 0.1
    depth_of_discharge: 0.4
  Li-ion:
    cost: 205.582
    lifetime: 25.489
    annual_cost: 8.065518458943073
    efficiency: 0.917818
    discharge_ratio: 2
    depth_of_discharge: 0.9
  Pb-acid:
    cost: 130.316
    lifetime: 16.4227
    annual_cost: 7.935114201684255
    efficiency: 0.717541
    discharge_ratio: 5
    depth_of_discharge: 0.5
  VRBF:
    cost: 167.298
    lifetime: 11.935
    annual_cost: 14.017427733556765
    efficiency: 0.765723
    discharge_ratio: 0.5
    depth_of_discharge: 1.0
