cost_values:
  wind_capex: 5000.0
  wind_opex: 100
  wind_lifetime: 20
  solar_capex: 1000.0
  solar_opex: 10
  solar_lifetime: 20
  carbon_price: 1.0
timeseries_values:
  load_level: 257162.56340274966
  wind_year: 2017
  solar_year: 2016
  price_year: 2023
  carbon_year: 2023
storage_values:
  CAES:
    cost: 53.066
    lifetime: 25.8757
    annual_cost: 2.050804422682285
    efficiency: 0.613314
    discharge_ratio: 0.1
    depth_of_discharge: 0.4
  Li-ion:
    cost: 203.673
    lifetime: 25.8102
    annual_cost: 7.8911825557337805
    efficiency: 0.924553
    discharge_ratio: 2
    depth_of_discharge: 0.9
  Pb-acid:
    cost: 143.27
    lifetime: 15.5621
    annual_cost: 9.20634104651686
    efficiency: 0.720663
    discharge_ratio: 5
    depth_of_discharge: 0.5
  VRBF:
    cost: 182.024
    lifetime: 14.5664
    annual_cost: 12.49615553602812
    efficiency: 0.792442
    discharge_ratio: 0.5
    depth_of_discharge: 1.0
