cost_values:
  wind_capex: 5000.0
  wind_opex: 100
  wind_lifetime: 20
  solar_capex: 1000.0
  solar_opex: 10
  solar_lifetime: 20
  carbon_price: 1.0
timeseries_values:
  load_level: 257162.56340274966
  wind_year: 2017
  solar_year: 2016
  price_year: 2023
  carbon_year: 2023
storage_values:
  CAES:
    cost: 60.1936
    lifetime: 24.9041
    annual_cost: 2.4170156721182456
    efficiency: 0.616316
    discharge_ratio: 0.1
    depth_of_discharge: 0.4
  Li-ion:
    cost: 209.043
    lifetime: 25.2062
    annual_cost: 8.293316723663226
    efficiency: 0.916186
    discharge_ratio: 2
    depth_of_discharge: 0.9
  Pb-acid:
    cost: 137.081
    lifetime: 15.6092
    annual_cost: 8.782064423545089
    efficiency: 0.72285
    discharge_ratio: 5
    depth_of_discharge: 0.5
  VRBF:
    cost: 197.247
    lifetime: 14.4107
    annual_cost: 13.687537732379413
    efficiency: 0.775499
    discharge_ratio: 0.5
    depth_of_discharge: 1.0
