cost_values:
  wind_capex: 5000.0
  wind_opex: 100
  wind_lifetime: 20
  solar_capex: 1000.0
  solar_opex: 10
  solar_lifetime: 20
  carbon_price: 1.0
timeseries_values:
  load_level: 257162.56340274966
  wind_year: 2017
  solar_year: 2016
  price_year: 2023
  carbon_year: 2023
storage_values:
  CAES:
    cost: 55.8739
    lifetime: 26.0618
    annual_cost: 2.143900267824939
    efficiency: 0.622029
    discharge_ratio: 0.1
    depth_of_discharge: 0.4
  Li-ion:
    cost: 224.635
    lifetime: 25.372
    annual_cost: 8.853657575279836
    efficiency: 0.909367
    discharge_ratio: 2
    depth_of_discharge: 0.9
  Pb-acid:
    cost: 147.203
    lifetime: 15.2533
    annual_cost: 9.65056741819803
    efficiency: 0.717489
    discharge_ratio: 5
    depth_of_discharge: 0.5
  VRBF:
    cost: 182.188
    lifetime: 15.1106
    annual_cost: 12.056966632694929
    efficiency: 0.781063
    discharge_ratio: 0.5
    depth_of_discharge: 1.0
