cost_values:
  wind_capex: 5000.0
  wind_opex: 100
  wind_lifetime: 20
  solar_capex: 1000.0
  solar_opex: 10
  solar_lifetime: 20
  carbon_price: 1.0
timeseries_values:
  load_level: 257162.56340274966
  wind_year: 2017
  solar_year: 2016
  price_year: 2023
  carbon_year: 2023
storage_values:
  CAES:
    cost: 53.2377
    lifetime: 27.2973
    annual_cost: 1.9502917870998229
    efficiency: 0.602833
    discharge_ratio: 0.1
    depth_of_discharge: 0.4
  Li-ion:
    cost: 199.209
    lifetime: 24.2926
    annual_cost: 8.20039847525584
    efficiency: 0.920926
    discharge_ratio: 2
    depth_of_discharge: 0.9
  Pb-acid:
    cost: 147.328
    lifetime: 14.8768
    annual_cost: 9.9032049903205
    efficiency: 0.708691
    discharge_ratio: 5
    depth_of_discharge: 0.5
  VRBF:
    cost: 170.421
    lifetime: 12.2788
    annual_cost: 13.879287878294296
    efficiency: 0.789939
    discharge_ratio: 0.5
    depth_of_discharge: 1.0
