cost_values:
  wind_capex: 5000.0
  wind_opex: 100
  wind_lifetime: 20
  solar_capex: 1000.0
  solar_opex: 10
  solar_lifetime: 20
  carbon_price: 1.0
timeseries_values:
  load_level: 257162.56340274966
  wind_year: 2017
  solar_year: 2016
  price_year: 2023
  carbon_year: 2023
storage_values:
  CAES:
    cost: 47.6607
    lifetime: 25.6798
    annual_cost: 1.8559607162049547
    efficiency: 0.618621
    discharge_ratio: 0.1
    depth_of_discharge: 0.4
  Li-ion:
    cost: 200.56
    lifetime: 23.5692
    annual_cost: 8.509410586697895
    efficiency: 0.921518
    discharge_ratio: 2
    depth_of_discharge: 0.9
  Pb-acid:
    cost: 135.806
    lifetime: 15.0303
    annual_cost: 9.035481660379368
    efficiency: 0.703177
    discharge_ratio: 5
    depth_of_discharge: 0.5
  VRBF:
    cost: 211.04
    lifetime: 11.9292
    annual_cost: 17.691043825235557
    efficiency: 0.766458
    discharge_ratio: 0.5
    depth_of_discharge: 1.0
