cost_values:
  wind_capex: 5000.0
  wind_opex: 100
  wind_lifetime: 20
  solar_capex: 1000.0
  solar_opex: 10
  solar_lifetime: 20
  carbon_price: 1.0
timeseries_values:
  load_level: 257162.56340274966
  wind_year: 2017
  solar_year: 2016
  price_year: 2023
  carbon_year: 2023
storage_values:
  CAES:
    cost: 57.4234
    lifetime: 25.1252
    annual_cost: 2.2854902647541113
    efficiency: 0.607526
    discharge_ratio: 0.1
    depth_of_discharge: 0.4
  Li-ion:
    cost: 228.099
    lifetime: 23.0797
    annual_cost: 9.883100733545064
    efficiency: 0.908586
    discharge_ratio: 2
    depth_of_discharge: 0.9
  Pb-acid:
    cost: 130.658
    lifetime: 14.0409
    annual_cost: 9.305528847865876
    efficiency: 0.723906
    discharge_ratio: 5
    depth_of_discharge: 0.5
  VRBF:
    cost: 200.889
    lifetime: 14.2363
    annual_cost: 14.111040087663229
    efficiency: 0.781717
    discharge_ratio: 0.5
    depth_of_discharge: 1.0
