cost_values:
  wind_capex: 5000.0
  wind_opex: 100
  wind_lifetime: 20
  solar_capex: 1000.0
  solar_opex: 10
  solar_lifetime: 20
  carbon_price: 1.0
timeseries_values:
  load_level: 257162.56340274966
  wind_year: 2017
  solar_year: 2016
  price_year: 2023
  carbon_year: 2023
storage_values:
  CAES:
    cost: 50.5687
    lifetime: 27.6716
    annual_cost: 1.8274584772835687
    efficiency: 0.611377
    discharge_ratio: 0.1
    depth_of_discharge: 0.4
  Li-ion:
    cost: 208.925
    lifetime: 27.9457
    annual_cost: 7.476105447349682
    efficiency: 0.910478
    discharge_ratio: 2
    depth_of_discharge: 0.9
  Pb-acid:
    cost: 114.273
    lifetime: 15.0044
    annual_cost: 7.615965983311561
    efficiency: 0.701542
    discharge_ratio: 5
    depth_of_discharge: 0.5
  VRBF:
    cost: 156.989
    lifetime: 11.5046
    annual_cost: 13.64575908766928
    efficiency: 0.763374
    discharge_ratio: 0.5
    depth_of_discharge: 1.0
