cost_values:
  wind_capex: 5000.0
  wind_opex: 100
  wind_lifetime: 20
  solar_capex: 1000.0
  solar_opex: 10
  solar_lifetime: 20
  carbon_price: 1.0
timeseries_values:
  load_level: 257162.56340274966
  wind_year: 2017
  solar_year: 2016
  price_year: 2023
  carbon_year: 2023
storage_values:
  CAES:
    cost: 62.8632
    lifetime: 25.3764
    annual_cost: 2.4772308128812597
    efficiency: 0.61318
    discharge_ratio: 0.1
    depth_of_discharge: 0.4
  Li-ion:
    cost: 204.931
    lifetime: 22.8919
    annual_cost: 8.952118434904923
    efficiency: 0.919119
    discharge_ratio: 2
    depth_of_discharge: 0.9
  Pb-acid:
    cost: 130.739
    lifetime: 15.242
    annual_cost: 8.577548878099986
    efficiency: 0.69595
    discharge_ratio: 5
    depth_of_discharge: 0.5
  VRBF:
    cost: 157.274
    lifetime: 14.1151
    annual_cost: 11.142251914616262
    efficiency: 0.777697
    discharge_ratio: 0.5
    depth_of_discharge: 1.0
