cost_values:
  wind_capex: 5000.0
  wind_opex: 100
  wind_lifetime: 20
  solar_capex: 1000.0
  solar_opex: 10
  solar_lifetime: 20
  carbon_price: 1.0
timeseries_values:
  load_level: 257162.56340274966
  wind_year: 2017
  solar_year: 2016
  price_year: 2023
  carbon_year: 2023
storage_values:
  CAES:
    cost: 57.5416
    lifetime: 26.2435
    annual_cost: 2.1926038828662335
    efficiency: 0.608196
    discharge_ratio: 0.1
    depth_of_discharge: 0.4
  Li-ion:
    cost: 206.192
    lifetime: 26.6805
    annual_cost: 7.728191000918274
    efficiency: 0.907794
    discharge_ratio: 2
    depth_of_discharge: 0.9
  Pb-acid:
    cost: 165.02
    lifetime: 15.2339
    annual_cost: 10.832419800576346
    efficiency: 0.725542
    discharge_ratio: 5
    depth_of_discharge: 0.5
  VRBF:
    cost: 187.236
    lifetime: 14.0017
    annual_cost: 13.372376211460036
    efficiency: 0.766907
    discharge_ratio: 0.5
    depth_of_discharge: 1.0
