cost_values:
  wind_capex: 5000.0
  wind_opex: 100
  wind_lifetime: 20
  solar_capex: 1000.0
  solar_opex: 10
  solar_lifetime: 20
  carbon_price: 1.0
timeseries_values:
  load_level: 257162.56340274966
  wind_year: 2017
  solar_year: 2016
  price_year: 2023
  carbon_year: 2023
storage_values:
  CAES:
    cost: 54.2185
    lifetime: 26.2951
    annual_cost: 2.061924084715403
    efficiency: 0.606463
    discharge_ratio: 0.1
    depth_of_discharge: 0.4
  Li-ion:
    cost: 203.279
    lifetime: 23.8455
    annual_cost: 8.52483697133631
    efficiency: 0.920299
    discharge_ratio: 2
    depth_of_discharge: 0.9
  Pb-acid:
    cost: 128.921
    lifetime: 17.2342
    annual_cost: 7.480532893897018
    efficiency: 0.72755
    discharge_ratio: 5
    depth_of_discharge: 0.5
  VRBF:
    cost: 173.905
    lifetime: 13.1502
    annual_cost: 13.224513695609193
    efficiency: 0.756291
    discharge_ratio: 0.5
    depth_of_discharge: 1.0
