cost_values:
  wind_capex: 5000.0
  wind_opex: 100
  wind_lifetime: 20
  solar_capex: 1000.0
  solar_opex: 10
  solar_lifetime: 20
  carbon_price: 1.0
timeseries_values:
  load_level: 257162.56340274966
  wind_year: 2017
  solar_year: 2016
  price_year: 2023
  carbon_year: 2023
storage_values:
  CAES:
    cost: 58.99
    lifetime: 25.7335
    annual_cost: 2.292342666174442
    efficiency: 0.621959
    discharge_ratio: 0.1
    depth_of_discharge: 0.4
  Li-ion:
    cost: 203.259
    lifetime: 23.8732
    annual_cost: 8.514107869912705
    efficiency: 0.918992
    discharge_ratio: 2
    depth_of_discharge: 0.9
  Pb-acid:
    cost: 128.795
    lifetime: 14.6426
    annual_cost: 8.795910562331825
    efficiency: 0.705381
    discharge_ratio: 5
    depth_of_discharge: 0.5
  VRBF:
    cost: 161.143
    lifetime: 10.9617
    annual_cost: 14.700548272621948
    efficiency: 0.793754
    discharge_ratio: 0.5
    depth_of_discharge: 1.0
