cost_values:
  wind_capex: 5000.0
  wind_opex: 100
  wind_lifetime: 20
  solar_capex: 1000.0
  solar_opex: 10
  solar_lifetime: 20
  carbon_price: 1.0
timeseries_values:
  load_level: 257162.56340274966
  wind_year: 2017
  solar_year: 2016
  price_year: 2023
  carbon_year: 2023
storage_values:
  CAES:
    cost: 56.2107
    lifetime: 26.8896
    annual_cost: 2.090425294537665
    efficiency: 0.609115
    discharge_ratio: 0.1
    depth_of_discharge: 0.4
  Li-ion:
    cost: 196.288
    lifetime: 25.3833
    annual_cost: 7.7329582835959085
    efficiency: 0.924231
    discharge_ratio: 2
    depth_of_discharge: 0.9
  Pb-acid:
    cost: 152.15
    lifetime: 12.6755
    annual_cost: 12.003471263461009
    efficiency: 0.723201
    discharge_ratio: 5
    depth_of_discharge: 0.5
  VRBF:
    cost: 164.289
    lifetime: 13.4157
    annual_cost: 12.246025179453923
    efficiency: 0.77222
    discharge_ratio: 0.5
    depth_of_discharge: 1.0
