cost_values:
  wind_capex: 5000.0
  wind_opex: 100
  wind_lifetime: 20
  solar_capex: 1000.0
  solar_opex: 10
  solar_lifetime: 20
  carbon_price: 1.0
timeseries_values:
  load_level: 257162.56340274966
  wind_year: 2017
  solar_year: 2016
  price_year: 2023
  carbon_year: 2023
storage_values:
  CAES:
    cost: 60.8036
    lifetime: 25.7772
    annual_cost: 2.358813214778952
    efficiency: 0.597908
    discharge_ratio: 0.1
    depth_of_discharge: 0.4
  Li-ion:
    cost: 199.752
    lifetime: 25.5555
    annual_cost: 7.8163996008686984
    efficiency: 0.903783
    discharge_ratio: 2
    depth_of_discharge: 0.9
  Pb-acid:
    cost: 154.06
    lifetime: 16.5581
    annual_cost: 9.304207608360864
    efficiency: 0.70682
    discharge_ratio: 5
    depth_of_discharge: 0.5
  VRBF:
    cost: 196.262
    lifetime: 15.1378
    annual_cost: 12.96502794329427
    efficiency: 0.777188
    discharge_ratio: 0.5
    depth_of_discharge: 1.0
