cost_values:
  wind_capex: 5000.0
  wind_opex: 100
  wind_lifetime: 20
  solar_capex: 1000.0
  solar_opex: 10
  solar_lifetime: 20
  carbon_price: 1.0
timeseries_values:
  load_level: 257162.56340274966
  wind_year: 2017
  solar_year: 2016
  price_year: 2023
  carbon_year: 2023
storage_values:
  CAES:
    cost: 53.0577
    lifetime: 26.3665
    annual_cost: 2.012314869246961
    efficiency: 0.606844
    discharge_ratio: 0.1
    depth_of_discharge: 0.4
  Li-ion:
    cost: 179.195
    lifetime: 26.5715
    annual_cost: 6.743879720753439
    efficiency: 0.923447
    discharge_ratio: 2
    depth_of_discharge: 0.9
  Pb-acid:
    cost: 129.532
    lifetime: 16.0389
    annual_cost: 8.07611494553866
    efficiency: 0.716769
    discharge_ratio: 5
    depth_of_discharge: 0.5
  VRBF:
    cost: 152.338
    lifetime: 12.7197
    annual_cost: 11.976540327208975
    efficiency: 0.781135
    discharge_ratio: 0.5
    depth_of_discharge: 1.0
