cost_values:
  wind_capex: 5000.0
  wind_opex: 100
  wind_lifetime: 20
  solar_capex: 1000.0
  solar_opex: 10
  solar_lifetime: 20
  carbon_price: 1.0
timeseries_values:
  load_level: 257162.56340274966
  wind_year: 2017
  solar_year: 2016
  price_year: 2023
  carbon_year: 2023
storage_values:
  CAES:
    cost: 50.1161
    lifetime: 25.462
    annual_cost: 1.9682703636792083
    efficiency: 0.6214
    discharge_ratio: 0.1
    depth_of_discharge: 0.4
  Li-ion:
    cost: 205.45
    lifetime: 23.4628
    annual_cost: 8.756414409192423
    efficiency: 0.904107
    discharge_ratio: 2
    depth_of_discharge: 0.9
  Pb-acid:
    cost: 137.885
    lifetime: 15.9314
    annual_cost: 8.654920471521649
    efficiency: 0.718535
    discharge_ratio: 5
    depth_of_discharge: 0.5
  VRBF:
    cost: 213.957
    lifetime: 13.2986
    annual_cost: 16.088686027100596
    efficiency: 0.78038
    discharge_ratio: 0.5
    depth_of_discharge: 1.0
