cost_values:
  wind_capex: 5000.0
  wind_opex: 100
  wind_lifetime: 20
  solar_capex: 1000.0
  solar_opex: 10
  solar_lifetime: 20
  carbon_price: 1.0
timeseries_values:
  load_level: 257162.56340274966
  wind_year: 2017
  solar_year: 2016
  price_year: 2023
  carbon_year: 2023
storage_values:
  CAES:
    cost: 54.4299
    lifetime: 25.9741
    annual_cost: 2.0955451776962435
    efficiency: 0.611287
    discharge_ratio: 0.1
    depth_of_discharge: 0.4
  Li-ion:
    cost: 195.938
    lifetime: 26.1117
    annual_cost: 7.50383927511422
    efficiency: 0.912027
    discharge_ratio: 2
    depth_of_discharge: 0.9
  Pb-acid:
    cost: 147.236
    lifetime: 16.2269
    annual_cost: 9.073575359434026
    efficiency: 0.719514
    discharge_ratio: 5
    depth_of_discharge: 0.5
  VRBF:
    cost: 180.708
    lifetime: 13.935
    annual_cost: 12.967922497308933
    efficiency: 0.785903
    discharge_ratio: 0.5
    depth_of_discharge: 1.0
