cost_values:
  wind_capex: 5000.0
  wind_opex: 100
  wind_lifetime: 20
  solar_capex: 1000.0
  solar_opex: 10
  solar_lifetime: 20
  carbon_price: 1.0
timeseries_values:
  load_level: 257162.56340274966
  wind_year: 2017
  solar_year: 2016
  price_year: 2023
  carbon_year: 2023
storage_values:
  CAES:
    cost: 52.2894
    lifetime: 26.4666
    annual_cost: 1.9756750017002562
    efficiency: 0.626489
    discharge_ratio: 0.1
    depth_of_discharge: 0.4
  Li-ion:
    cost: 214.091
    lifetime: 23.5931
    annual_cost: 9.074305623254258
    efficiency: 0.913347
    discharge_ratio: 2
    depth_of_discharge: 0.9
  Pb-acid:
    cost: 135.44
    lifetime: 15.0938
    annual_cost: 8.973220792643337
    efficiency: 0.731149
    discharge_ratio: 5
    depth_of_discharge: 0.5
  VRBF:
    cost: 164.75
    lifetime: 13.6894
    annual_cost: 12.034859088053532
    efficiency: 0.79738
    discharge_ratio: 0.5
    depth_of_discharge: 1.0
