cost_values:
  wind_capex: 5000.0
  wind_opex: 100
  wind_lifetime: 20
  solar_capex: 1000.0
  solar_opex: 10
  solar_lifetime: 20
  carbon_price: 1.0
timeseries_values:
  load_level: 257162.56340274966
  wind_year: 2017
  solar_year: 2016
  price_year: 2023
  carbon_year: 2023
storage_values:
  CAES:
    cost: 56.4087
    lifetime: 26.1193
    annual_cost: 2.1596558866432103
    efficiency: 0.632901
    discharge_ratio: 0.1
    depth_of_discharge: 0.4
  Li-ion:
    cost: 199.397
    lifetime: 22.3767
    annual_cost: 8.910920734514026
    efficiency: 0.902817
    discharge_ratio: 2
    depth_of_discharge: 0.9
  Pb-acid:
    cost: 124.155
    lifetime: 16.2571
    annual_cost: 7.636970923473435
    efficiency: 0.726947
    discharge_ratio: 5
    depth_of_discharge: 0.5
  VRBF:
    cost: 167.366
    lifetime: 11.2897
    annual_cost: 14.824663188570113
    efficiency: 0.790666
    discharge_ratio: 0.5
    depth_of_discharge: 1.0
