cost_values:
  wind_capex: 5000.0
  wind_opex: 100
  wind_lifetime: 20
  solar_capex: 1000.0
  solar_opex: 10
  solar_lifetime: 20
  carbon_price: 1.0
timeseries_values:
  load_level: 257162.56340274966
  wind_year: 2017
  solar_year: 2016
  price_year: 2023
  carbon_year: 2023
storage_values:
  CAES:
    cost: 60.382
    lifetime: 25.6432
    annual_cost: 2.3546983215823296
    efficiency: 0.610672
    discharge_ratio: 0.1
    depth_of_discharge: 0.4
  Li-ion:
    cost: 208.938
    lifetime: 27.141
    annual_cost: 7.698242511329723
    efficiency: 0.90182
    discharge_ratio: 2
    depth_of_discharge: 0.9
  Pb-acid:
    cost: 149.425
    lifetime: 15.0803
    annual_cost: 9.908622507509799
    efficiency: 0.731268
    discharge_ratio: 5
    depth_of_discharge: 0.5
  VRBF:
    cost: 172.465
    lifetime: 13.0913
    annual_cost: 13.17401633145677
    efficiency: 0.767026
    discharge_ratio: 0.5
    depth_of_discharge: 1.0
