cost_values:
  wind_capex: 5000.0
  wind_opex: 100
  wind_lifetime: 20
  solar_capex: 1000.0
  solar_opex: 10
  solar_lifetime: 20
  carbon_price: 1.0
timeseries_values:
  load_level: 257162.56340274966
  wind_year: 2017
  solar_year: 2016
  price_year: 2023
  carbon_year: 2023
storage_values:
  CAES:
    cost: 51.2532
    lifetime: 25.8376
    annual_cost: 1.9836672136730966
    efficiency: 0.605415
    discharge_ratio: 0.1
    depth_of_discharge: 0.4
  Li-ion:
    cost: 209.713
    lifetime: 24.7961
    annual_cost: 8.457499364819467
    efficiency: 0.92893
    discharge_ratio: 2
    depth_of_discharge: 0.9
  Pb-acid:
    cost: 145.254
    lifetime: 14.5341
    annual_cost: 9.994014077239044
    efficiency: 0.705009
    discharge_ratio: 5
    depth_of_discharge: 0.5
  VRBF:
    cost: 170.685
    lifetime: 13.9575
    annual_cost: 12.228909188608275
    efficiency: 0.777959
    discharge_ratio: 0.5
    depth_of_discharge: 1.0
