cost_values:
  wind_capex: 5000.0
  wind_opex: 100
  wind_lifetime: 20
  solar_capex: 1000.0
  solar_opex: 10
  solar_lifetime: 20
  carbon_price: 1.0
timeseries_values:
  load_level: 257162.56340274966
  wind_year: 2017
  solar_year: 2016
  price_year: 2023
  carbon_year: 2023
storage_values:
  CAES:
    cost: 47.077
    lifetime: 26.2723
    annual_cost: 1.7918872729072064
    efficiency: 0.620986
    discharge_ratio: 0.1
    depth_of_discharge: 0.4
  Li-ion:
    cost: 215.634
    lifetime: 23.5408
    annual_cost: 9.160011554407665
    efficiency: 0.91961
    discharge_ratio: 2
    depth_of_discharge: 0.9
  Pb-acid:
    cost: 144.863
    lifetime: 16.1833
    annual_cost: 8.951388159398887
    efficiency: 0.727612
    discharge_ratio: 5
    depth_of_discharge: 0.5
  VRBF:
    cost: 147.13
    lifetime: 14.6975
    annual_cost: 10.010546011226399
    efficiency: 0.787737
    discharge_ratio: 0.5
    depth_of_discharge: 1.0
