cost_values:
  wind_capex: 5000.0
  wind_opex: 100
  wind_lifetime: 20
  solar_capex: 1000.0
  solar_opex: 10
  solar_lifetime: 20
  carbon_price: 1.0
timeseries_values:
  load_level: 257162.56340274966
  wind_year: 2017
  solar_year: 2016
  price_year: 2023
  carbon_year: 2023
storage_values:
  CAES:
    cost: 54.3718
    lifetime: 25.2602
    annual_cost: 2.1524691015906443
    efficiency: 0.621694
    discharge_ratio: 0.1
    depth_of_discharge: 0.4
  Li-ion:
    cost: 220.327
    lifetime: 24.1454
    annual_cost: 9.125009318545148
    efficiency: 0.917417
    discharge_ratio: 2
    depth_of_discharge: 0.9
  Pb-acid:
    cost: 161.77
    lifetime: 16.1584
    annual_cost: 10.0115110406971
    efficiency: 0.715989
    discharge_ratio: 5
    depth_of_discharge: 0.5
  VRBF:
    cost: 173.34
    lifetime: 12.2966
    annual_cost: 14.09657954231251
    efficiency: 0.769747
    discharge_ratio: 0.5
    depth_of_discharge: 1.0
