cost_values:
  wind_capex: 5000.0
  wind_opex: 100
  wind_lifetime: 20
  solar_capex: 1000.0
  solar_opex: 10
  solar_lifetime: 20
  carbon_price: 1.0
timeseries_values:
  load_level: 257162.56340274966
  wind_year: 2017
  solar_year: 2016
  price_year: 2023
  carbon_year: 2023
storage_values:
  CAES:
    cost: 59.8165
    lifetime: 25.9208
    annual_cost: 2.307664115305083
    efficiency: 0.617393
    discharge_ratio: 0.1
    depth_of_discharge: 0.4
  Li-ion:
    cost: 203.864
    lifetime: 23.0768
    annual_cost: 8.834153782153505
    efficiency: 0.91835
    discharge_ratio: 2
    depth_of_discharge: 0.9
  Pb-acid:
    cost: 113.335
    lifetime: 15.2045
    annual_cost: 7.454043210891513
    efficiency: 0.712248
    discharge_ratio: 5
    depth_of_discharge: 0.5
  VRBF:
    cost: 157.592
    lifetime: 13.0449
    annual_cost: 12.080736533051232
    efficiency: 0.774546
    discharge_ratio: 0.5
    depth_of_discharge: 1.0
