cost_values:
  wind_capex: 5000.0
  wind_opex: 100
  wind_lifetime: 20
  solar_capex: 1000.0
  solar_opex: 10
  solar_lifetime: 20
  carbon_price: 1.0
timeseries_values:
  load_level: 257162.56340274966
  wind_year: 2017
  solar_year: 2016
  price_year: 2023
  carbon_year: 2023
storage_values:
  CAES:
    cost: 58.425
    lifetime: 26.2675
    annual_cost: 2.224231464737794
    efficiency: 0.621034
    discharge_ratio: 0.1
    depth_of_discharge: 0.4
  Li-ion:
    cost: 201.532
    lifetime: 24.0868
    annual_cost: 8.366906355348158
    efficiency: 0.922928
    discharge_ratio: 2
    depth_of_discharge: 0.9
  Pb-acid:
    cost: 105.868
    lifetime: 15.1911
    annual_cost: 6.969080580076492
    efficiency: 0.73352
    discharge_ratio: 5
    depth_of_discharge: 0.5
  VRBF:
    cost: 159.338
    lifetime: 13.0288
    annual_cost: 12.229675795161487
    efficiency: 0.7782
    discharge_ratio: 0.5
    depth_of_discharge: 1.0
