cost_values:
  wind_capex: 5000.0
  wind_opex: 100
  wind_lifetime: 20
  solar_capex: 1000.0
  solar_opex: 10
  solar_lifetime: 20
  carbon_price: 1.0
timeseries_values:
  load_level: 257162.56340274966
  wind_year: 2017
  solar_year: 2016
  price_year: 2023
  carbon_year: 2023
storage_values:
  CAES:
    cost: 51.4419
    lifetime: 25.2526
    annual_cost: 2.0370932102040977
    efficiency: 0.612603
    discharge_ratio: 0.1
    depth_of_discharge: 0.4
  Li-ion:
    cost: 201.49
    lifetime: 23.1749
    annual_cost: 8.694320148091254
    efficiency: 0.916117
    discharge_ratio: 2
    depth_of_discharge: 0.9
  Pb-acid:
    cost: 142.267
    lifetime: 16.3203
    annual_cost: 8.717180443986937
    efficiency: 0.715909
    discharge_ratio: 5
    depth_of_discharge: 0.5
  VRBF:
    cost: 208.205
    lifetime: 11.1061
    annual_cost: 18.746904854089195
    efficiency: 0.76921
    discharge_ratio: 0.5
    depth_of_discharge: 1.0
