cost_values:
  wind_capex: 5000.0
  wind_opex: 100
  wind_lifetime: 20
  solar_capex: 1000.0
  solar_opex: 10
  solar_lifetime: 20
  carbon_price: 1.0
timeseries_values:
  load_level: 257162.56340274966
  wind_year: 2017
  solar_year: 2016
  price_year: 2023
  carbon_year: 2023
storage_values:
  CAES:
    cost: 56.9213
    lifetime: 27.0374
    annual_cost: 2.105280093500115
    efficiency: 0.613314
    discharge_ratio: 0.1
    depth_of_discharge: 0.4
  Li-ion:
    cost: 191.665
    lifetime: 25.4072
    annual_cost: 7.543727762209137
    efficiency: 0.920313
    discharge_ratio: 2
    depth_of_discharge: 0.9
  Pb-acid:
    cost: 156.283
    lifetime: 15.0854
    annual_cost: 10.359884391530883
    efficiency: 0.707273
    discharge_ratio: 5
    depth_of_discharge: 0.5
  VRBF:
    cost: 225.176
    lifetime: 11.8459
    annual_cost: 19.008770967170076
    efficiency: 0.769122
    discharge_ratio: 0.5
    depth_of_discharge: 1.0
