cost_values:
  wind_capex: 5000.0
  wind_opex: 100
  wind_lifetime: 20
  solar_capex: 1000.0
  solar_opex: 10
  solar_lifetime: 20
  carbon_price: 1.0
timeseries_values:
  load_level: 257162.56340274966
  wind_year: 2017
  solar_year: 2016
  price_year: 2023
  carbon_year: 2023
storage_values:
  CAES:
    cost: 55.4289
    lifetime: 25.929
    annual_cost: 2.1377183848200856
    efficiency: 0.611181
    discharge_ratio: 0.1
    depth_of_discharge: 0.4
  Li-ion:
    cost: 216.969
    lifetime: 25.431
    annual_cost: 8.531673941252802
    efficiency: 0.915092
    discharge_ratio: 2
    depth_of_discharge: 0.9
  Pb-acid:
    cost: 152.268
    lifetime: 15.3015
    annual_cost: 9.951181256739535
    efficiency: 0.715673
    discharge_ratio: 5
    depth_of_discharge: 0.5
  VRBF:
    cost: 185.807
    lifetime: 13.992
    annual_cost: 13.279516866781016
    efficiency: 0.795772
    discharge_ratio: 0.5
    depth_of_discharge: 1.0
