cost_values:
  wind_capex: 5000.0
  wind_opex: 100
  wind_lifetime: 20
  solar_capex: 1000.0
  solar_opex: 10
  solar_lifetime: 20
  carbon_price: 1.0
timeseries_values:
  load_level: 257162.56340274966
  wind_year: 2017
  solar_year: 2016
  price_year: 2023
  carbon_year: 2023
storage_values:
  CAES:
    cost: 53.4525
    lifetime: 25.8925
    annual_cost: 2.0644008882881146
    efficiency: 0.609424
    discharge_ratio: 0.1
    depth_of_discharge: 0.4
  Li-ion:
    cost: 199.17
    lifetime: 25.0198
    annual_cost: 7.960495287732115
    efficiency: 0.929365
    discharge_ratio: 2
    depth_of_discharge: 0.9
  Pb-acid:
    cost: 134.289
    lifetime: 14.7998
    annual_cost: 9.07370369869863
    efficiency: 0.70712
    discharge_ratio: 5
    depth_of_discharge: 0.5
  VRBF:
    cost: 173.26
    lifetime: 13.5073
    annual_cost: 12.827137918014701
    efficiency: 0.759391
    discharge_ratio: 0.5
    depth_of_discharge: 1.0
