cost_values:
  wind_capex: 5000.0
  wind_opex: 100
  wind_lifetime: 20
  solar_capex: 1000.0
  solar_opex: 10
  solar_lifetime: 20
  carbon_price: 1.0
timeseries_values:
  load_level: 257162.56340274966
  wind_year: 2017
  solar_year: 2016
  price_year: 2023
  carbon_year: 2023
storage_values:
  CAES:
    cost: 50.6974
    lifetime: 26.3386
    annual_cost: 1.9248327549679938
    efficiency: 0.610067
    discharge_ratio: 0.1
    depth_of_discharge: 0.4
  Li-ion:
    cost: 199.961
    lifetime: 23.7433
    annual_cost: 8.42178635657217
    efficiency: 0.913378
    discharge_ratio: 2
    depth_of_discharge: 0.9
  Pb-acid:
    cost: 124.58
    lifetime: 16.0104
    annual_cost: 7.781192225053715
    efficiency: 0.726461
    discharge_ratio: 5
    depth_of_discharge: 0.5
  VRBF:
    cost: 156.976
    lifetime: 13.4266
    annual_cost: 11.691418527400831
    efficiency: 0.808221
    discharge_ratio: 0.5
    depth_of_discharge: 1.0
