cost_values:
  wind_capex: 5000.0
  wind_opex: 100
  wind_lifetime: 20
  solar_capex: 1000.0
  solar_opex: 10
  solar_lifetime: 20
  carbon_price: 1.0
timeseries_values:
  load_level: 257162.56340274966
  wind_year: 2017
  solar_year: 2016
  price_year: 2023
  carbon_year: 2023
storage_values:
  CAES:
    cost: 55.3511
    lifetime: 26.1276
    annual_cost: 2.1184915568211395
    efficiency: 0.616165
    discharge_ratio: 0.1
    depth_of_discharge: 0.4
  Li-ion:
    cost: 195.67
    lifetime: 21.6229
    annual_cost: 9.049202465904202
    efficiency: 0.909821
    discharge_ratio: 2
    depth_of_discharge: 0.9
  Pb-acid:
    cost: 134.456
    lifetime: 15.6134
    annual_cost: 8.611577234939219
    efficiency: 0.706648
    discharge_ratio: 5
    depth_of_discharge: 0.5
  VRBF:
    cost: 233.461
    lifetime: 13.0982
    annual_cost: 17.82389946710235
    efficiency: 0.777266
    discharge_ratio: 0.5
    depth_of_discharge: 1.0
