cost_values:
  wind_capex: 5000.0
  wind_opex: 100
  wind_lifetime: 20
  solar_capex: 1000.0
  solar_opex: 10
  solar_lifetime: 20
  carbon_price: 1.0
timeseries_values:
  load_level: 257162.56340274966
  wind_year: 2017
  solar_year: 2016
  price_year: 2023
  carbon_year: 2023
storage_values:
  CAES:
    cost: 52.3787
    lifetime: 25.2559
    annual_cost: 2.0739193614165403
    efficiency: 0.619652
    discharge_ratio: 0.1
    depth_of_discharge: 0.4
  Li-ion:
    cost: 212.401
    lifetime: 25.1972
    annual_cost: 8.429547727525282
    efficiency: 0.913791
    discharge_ratio: 2
    depth_of_discharge: 0.9
  Pb-acid:
    cost: 115.042
    lifetime: 16.3776
    annual_cost: 7.024350332161
    efficiency: 0.71338
    discharge_ratio: 5
    depth_of_discharge: 0.5
  VRBF:
    cost: 176.793
    lifetime: 10.7801
    annual_cost: 16.399940631348507
    efficiency: 0.780513
    discharge_ratio: 0.5
    depth_of_discharge: 1.0
