cost_values:
  wind_capex: 5000.0
  wind_opex: 100
  wind_lifetime: 20
  solar_capex: 1000.0
  solar_opex: 10
  solar_lifetime: 20
  carbon_price: 1.0
timeseries_values:
  load_level: 257162.56340274966
  wind_year: 2017
  solar_year: 2016
  price_year: 2023
  carbon_year: 2023
storage_values:
  CAES:
    cost: 55.5489
    lifetime: 25.8365
    annual_cost: 2.1500164495965013
    efficiency: 0.614776
    discharge_ratio: 0.1
    depth_of_discharge: 0.4
  Li-ion:
    cost: 208.678
    lifetime: 21.7343
    annual_cost: 9.601321413618106
    efficiency: 0.901945
    discharge_ratio: 2
    depth_of_discharge: 0.9
  Pb-acid:
    cost: 130.249
    lifetime: 14.6944
    annual_cost: 8.863852896341463
    efficiency: 0.729176
    discharge_ratio: 5
    depth_of_discharge: 0.5
  VRBF:
    cost: 182.648
    lifetime: 15.2534
    annual_cost: 11.974248364299108
    efficiency: 0.786242
    discharge_ratio: 0.5
    depth_of_discharge: 1.0
