cost_values:
  wind_capex: 5000.0
  wind_opex: 100
  wind_lifetime: 20
  solar_capex: 1000.0
  solar_opex: 10
  solar_lifetime: 20
  carbon_price: 1.0
timeseries_values:
  load_level: 257162.56340274966
  wind_year: 2017
  solar_year: 2016
  price_year: 2023
  carbon_year: 2023
storage_values:
  CAES:
    cost: 57.1702
    lifetime: 26.541
    annual_cost: 2.1540333823141555
    efficiency: 0.601154
    discharge_ratio: 0.1
    depth_of_discharge: 0.4
  Li-ion:
    cost: 196.679
    lifetime: 24.9375
    annual_cost: 7.886877192982456
    efficiency: 0.905147
    discharge_ratio: 2
    depth_of_discharge: 0.9
  Pb-acid:
    cost: 118.613
    lifetime: 15.9258
    annual_cost: 7.4478519132476855
    efficiency: 0.728082
    discharge_ratio: 5
    depth_of_discharge: 0.5
  VRBF:
    cost: 232.095
    lifetime: 13.1791
    annual_cost: 17.61083837287827
    efficiency: 0.768959
    discharge_ratio: 0.5
    depth_of_discharge: 1.0
