cost_values:
  wind_capex: 5000.0
  wind_opex: 100
  wind_lifetime: 20
  solar_capex: 1000.0
  solar_opex: 10
  solar_lifetime: 20
  carbon_price: 1.0
timeseries_values:
  load_level: 244759.89362174043
  wind_year: 2015
  solar_year: 2018
  price_year: 2023
  carbon_year: 2023
storage_values:
  CAES:
    cost: 35.7334
    lifetime: 27.2212
    annual_cost: 1.312704803608952
    efficiency: 0.599107
    discharge_ratio: 0.1
    depth_of_discharge: 0.4
  Li-ion:
    cost: 208.394
    lifetime: 18.2682
    annual_cost: 11.407473095324116
    efficiency: 0.92492
    discharge_ratio: 2
    depth_of_discharge: 0.9
  Pb-acid:
    cost: 111.82
    lifetime: 10.9572
    annual_cost: 10.205161902675865
    efficiency: 0.777879
    discharge_ratio: 5
    depth_of_discharge: 0.5
  VRBF:
    cost: 218.499
    lifetime: 23.7493
    annual_cost: 9.200229059382803
    efficiency: 0.745486
    discharge_ratio: 0.5
    depth_of_discharge: 1.0
