cost_values:
  wind_capex: 5000.0
  wind_opex: 100
  wind_lifetime: 20
  solar_capex: 1000.0
  solar_opex: 10
  solar_lifetime: 20
  carbon_price: 1.0
timeseries_values:
  load_level: 244759.89362174043
  wind_year: 2015
  solar_year: 2018
  price_year: 2023
  carbon_year: 2023
storage_values:
  CAES:
    cost: 43.626
    lifetime: 26.8737
    annual_cost: 1.6233715491354
    efficiency: 0.593239
    discharge_ratio: 0.1
    depth_of_discharge: 0.4
  Li-ion:
    cost: 208.903
    lifetime: 18.4183
    annual_cost: 11.342143411715522
    efficiency: 0.940334
    discharge_ratio: 2
    depth_of_discharge: 0.9
  Pb-acid:
    cost: 122.144
    lifetime: 11.0207
    annual_cost: 11.083143538976653
    efficiency: 0.765679
    discharge_ratio: 5
    depth_of_discharge: 0.5
  VRBF:
    cost: 202.832
    lifetime: 24.4382
    annual_cost: 8.299792947107397
    efficiency: 0.753139
    discharge_ratio: 0.5
    depth_of_discharge: 1.0
