cost_values:
  wind_capex: 5000.0
  wind_opex: 100
  wind_lifetime: 20
  solar_capex: 1000.0
  solar_opex: 10
  solar_lifetime: 20
  carbon_price: 1.0
timeseries_values:
  load_level: 244759.89362174043
  wind_year: 2015
  solar_year: 2018
  price_year: 2023
  carbon_year: 2023
storage_values:
  CAES:
    cost: 36.6005
    lifetime: 26.8795
    annual_cost: 1.3616510723785784
    efficiency: 0.598165
    discharge_ratio: 0.1
    depth_of_discharge: 0.4
  Li-ion:
    cost: 202.842
    lifetime: 18.2345
    annual_cost: 11.124077984041241
    efficiency: 0.913186
    discharge_ratio: 2
    depth_of_discharge: 0.9
  Pb-acid:
    cost: 131.138
    lifetime: 9.91606
    annual_cost: 13.224809047141708
    efficiency: 0.774877
    discharge_ratio: 5
    depth_of_discharge: 0.5
  VRBF:
    cost: 231.294
    lifetime: 22.4
    annual_cost: 10.325625
    efficiency: 0.745519
    discharge_ratio: 0.5
    depth_of_discharge: 1.0
