cost_values:
  wind_capex: 5000.0
  wind_opex: 100
  wind_lifetime: 20
  solar_capex: 1000.0
  solar_opex: 10
  solar_lifetime: 20
  carbon_price: 1.0
timeseries_values:
  load_level: 244759.89362174043
  wind_year: 2015
  solar_year: 2018
  price_year: 2023
  carbon_year: 2023
storage_values:
  CAES:
    cost: 45.4407
    lifetime: 25.7812
    annual_cost: 1.7625517819186074
    efficiency: 0.596904
    discharge_ratio: 0.1
    depth_of_discharge: 0.4
  Li-ion:
    cost: 221.556
    lifetime: 20.5106
    annual_cost: 10.802024319132547
    efficiency: 0.942271
    discharge_ratio: 2
    depth_of_discharge: 0.9
  Pb-acid:
    cost: 123.167
    lifetime: 10.9756
    annual_cost: 11.221892197237509
    efficiency: 0.775433
    discharge_ratio: 5
    depth_of_discharge: 0.5
  VRBF:
    cost: 205.111
    lifetime: 21.8809
    annual_cost: 9.373974562289485
    efficiency: 0.739212
    discharge_ratio: 0.5
    depth_of_discharge: 1.0
