cost_values:
  wind_capex: 5000.0
  wind_opex: 100
  wind_lifetime: 20
  solar_capex: 1000.0
  solar_opex: 10
  solar_lifetime: 20
  carbon_price: 1.0
timeseries_values:
  load_level: 244759.89362174043
  wind_year: 2015
  solar_year: 2018
  price_year: 2023
  carbon_year: 2023
storage_values:
  CAES:
    cost: 38.611
    lifetime: 25.2926
    annual_cost: 1.5265729897282208
    efficiency: 0.598894
    discharge_ratio: 0.1
    depth_of_discharge: 0.4
  Li-ion:
    cost: 184.569
    lifetime: 17.9897
    annual_cost: 10.259704164049428
    efficiency: 0.926981
    discharge_ratio: 2
    depth_of_discharge: 0.9
  Pb-acid:
    cost: 117.529
    lifetime: 9.15139
    annual_cost: 12.842748478646413
    efficiency: 0.777977
    discharge_ratio: 5
    depth_of_discharge: 0.5
  VRBF:
    cost: 230.162
    lifetime: 23.7561
    annual_cost: 9.688543153126986
    efficiency: 0.73147
    discharge_ratio: 0.5
    depth_of_discharge: 1.0
