cost_values:
  wind_capex: 5000.0
  wind_opex: 100
  wind_lifetime: 20
  solar_capex: 1000.0
  solar_opex: 10
  solar_lifetime: 20
  carbon_price: 1.0
timeseries_values:
  load_level: 244759.89362174043
  wind_year: 2015
  solar_year: 2018
  price_year: 2023
  carbon_year: 2023
storage_values:
  CAES:
    cost: 44.7071
    lifetime: 26.4635
    annual_cost: 1.6893872692576566
    efficiency: 0.594195
    discharge_ratio: 0.1
    depth_of_discharge: 0.4
  Li-ion:
    cost: 182.572
    lifetime: 20.8964
    annual_cost: 8.737007331406367
    efficiency: 0.922984
    discharge_ratio: 2
    depth_of_discharge: 0.9
  Pb-acid:
    cost: 124.642
    lifetime: 11.5648
    annual_cost: 10.777704759269508
    efficiency: 0.786883
    discharge_ratio: 5
    depth_of_discharge: 0.5
  VRBF:
    cost: 275.212
    lifetime: 23.6617
    annual_cost: 11.631116952712611
    efficiency: 0.759447
    discharge_ratio: 0.5
    depth_of_discharge: 1.0
