cost_values:
  wind_capex: 5000.0
  wind_opex: 100
  wind_lifetime: 20
  solar_capex: 1000.0
  solar_opex: 10
  solar_lifetime: 20
  carbon_price: 1.0
timeseries_values:
  load_level: 244759.89362174043
  wind_year: 2015
  solar_year: 2018
  price_year: 2023
  carbon_year: 2023
storage_values:
  CAES:
    cost: 31.9341
    lifetime: 26.9729
    annual_cost: 1.1839327621427433
    efficiency: 0.600202
    discharge_ratio: 0.1
    depth_of_discharge: 0.4
  Li-ion:
    cost: 195.48
    lifetime: 20.5595
    annual_cost: 9.508013327172353
    efficiency: 0.937122
    discharge_ratio: 2
    depth_of_discharge: 0.9
  Pb-acid:
    cost: 140.624
    lifetime: 11.0546
    annual_cost: 12.720858285238723
    efficiency: 0.781566
    discharge_ratio: 5
    depth_of_discharge: 0.5
  VRBF:
    cost: 212.357
    lifetime: 21.5934
    annual_cost: 9.834347532116295
    efficiency: 0.751316
    discharge_ratio: 0.5
    depth_of_discharge: 1.0
