cost_values:
  wind_capex: 5000.0
  wind_opex: 100
  wind_lifetime: 20
  solar_capex: 1000.0
  solar_opex: 10
  solar_lifetime: 20
  carbon_price: 1.0
timeseries_values:
  load_level: 244759.89362174043
  wind_year: 2015
  solar_year: 2018
  price_year: 2023
  carbon_year: 2023
storage_values:
  CAES:
    cost: 38.3799
    lifetime: 27.3278
    annual_cost: 1.4044269937572729
    efficiency: 0.601891
    discharge_ratio: 0.1
    depth_of_discharge: 0.4
  Li-ion:
    cost: 210.674
    lifetime: 18.9741
    annual_cost: 11.10324073342082
    efficiency: 0.936454
    discharge_ratio: 2
    depth_of_discharge: 0.9
  Pb-acid:
    cost: 115.021
    lifetime: 11.7332
    annual_cost: 9.803037534517438
    efficiency: 0.77336
    discharge_ratio: 5
    depth_of_discharge: 0.5
  VRBF:
    cost: 238.657
    lifetime: 22.5829
    annual_cost: 10.56804041996378
    efficiency: 0.756391
    discharge_ratio: 0.5
    depth_of_discharge: 1.0
