cost_values:
  wind_capex: 5000.0
  wind_opex: 100
  wind_lifetime: 20
  solar_capex: 1000.0
  solar_opex: 10
  solar_lifetime: 20
  carbon_price: 1.0
timeseries_values:
  load_level: 244759.89362174043
  wind_year: 2015
  solar_year: 2018
  price_year: 2023
  carbon_year: 2023
storage_values:
  CAES:
    cost: 37.1844
    lifetime: 26.15
    annual_cost: 1.4219655831739961
    efficiency: 0.607418
    discharge_ratio: 0.1
    depth_of_discharge: 0.4
  Li-ion:
    cost: 224.53
    lifetime: 18.4761
    annual_cost: 12.15245641666802
    efficiency: 0.92122
    discharge_ratio: 2
    depth_of_discharge: 0.9
  Pb-acid:
    cost: 113.446
    lifetime: 11.2121
    annual_cost: 10.118175899251701
    efficiency: 0.76793
    discharge_ratio: 5
    depth_of_discharge: 0.5
  VRBF:
    cost: 190.692
    lifetime: 23.6877
    annual_cost: 8.050253929254424
    efficiency: 0.745697
    discharge_ratio: 0.5
    depth_of_discharge: 1.0
