cost_values:
  wind_capex: 5000.0
  wind_opex: 100
  wind_lifetime: 20
  solar_capex: 1000.0
  solar_opex: 10
  solar_lifetime: 20
  carbon_price: 1.0
timeseries_values:
  load_level: 244759.89362174043
  wind_year: 2015
  solar_year: 2018
  price_year: 2023
  carbon_year: 2023
storage_values:
  CAES:
    cost: 27.5282
    lifetime: 27.1875
    annual_cost: 1.0125314942528736
    efficiency: 0.600665
    discharge_ratio: 0.1
    depth_of_discharge: 0.4
  Li-ion:
    cost: 217.512
    lifetime: 18.2646
    annual_cost: 11.908938602542623
    efficiency: 0.931937
    discharge_ratio: 2
    depth_of_discharge: 0.9
  Pb-acid:
    cost: 123.343
    lifetime: 13.4554
    annual_cost: 9.166802919274048
    efficiency: 0.790805
    discharge_ratio: 5
    depth_of_discharge: 0.5
  VRBF:
    cost: 231.158
    lifetime: 22.7715
    annual_cost: 10.15119776914125
    efficiency: 0.739284
    discharge_ratio: 0.5
    depth_of_discharge: 1.0
