cost_values:
  wind_capex: 5000.0
  wind_opex: 100
  wind_lifetime: 20
  solar_capex: 1000.0
  solar_opex: 10
  solar_lifetime: 20
  carbon_price: 1.0
timeseries_values:
  load_level: 244759.89362174043
  wind_year: 2015
  solar_year: 2018
  price_year: 2023
  carbon_year: 2023
storage_values:
  CAES:
    cost: 42.1819
    lifetime: 26.8815
    annual_cost: 1.5691795472722876
    efficiency: 0.599242
    discharge_ratio: 0.1
    depth_of_discharge: 0.4
  Li-ion:
    cost: 204.299
    lifetime: 16.955
    annual_cost: 12.049483928044825
    efficiency: 0.939733
    discharge_ratio: 2
    depth_of_discharge: 0.9
  Pb-acid:
    cost: 136.25
    lifetime: 11.0536
    annual_cost: 12.326300933632483
    efficiency: 0.777769
    discharge_ratio: 5
    depth_of_discharge: 0.5
  VRBF:
    cost: 246.331
    lifetime: 24.0377
    annual_cost: 10.247694246953742
    efficiency: 0.728888
    discharge_ratio: 0.5
    depth_of_discharge: 1.0
