cost_values:
  wind_capex: 5000.0
  wind_opex: 100
  wind_lifetime: 20
  solar_capex: 1000.0
  solar_opex: 10
  solar_lifetime: 20
  carbon_price: 1.0
timeseries_values:
  load_level: 244759.89362174043
  wind_year: 2015
  solar_year: 2018
  price_year: 2023
  carbon_year: 2023
storage_values:
  CAES:
    cost: 37.6031
    lifetime: 25.7377
    annual_cost: 1.461012444779448
    efficiency: 0.586793
    discharge_ratio: 0.1
    depth_of_discharge: 0.4
  Li-ion:
    cost: 188.022
    lifetime: 16.9883
    annual_cost: 11.067734852810464
    efficiency: 0.920633
    discharge_ratio: 2
    depth_of_discharge: 0.9
  Pb-acid:
    cost: 131.68
    lifetime: 10.5509
    annual_cost: 12.48045190457686
    efficiency: 0.776613
    discharge_ratio: 5
    depth_of_discharge: 0.5
  VRBF:
    cost: 221.681
    lifetime: 23.6841
    annual_cost: 9.35990812401569
    efficiency: 0.7425
    discharge_ratio: 0.5
    depth_of_discharge: 1.0
