cost_values:
  wind_capex: 5000.0
  wind_opex: 100
  wind_lifetime: 20
  solar_capex: 1000.0
  solar_opex: 10
  solar_lifetime: 20
  carbon_price: 1.0
timeseries_values:
  load_level: 244759.89362174043
  wind_year: 2015
  solar_year: 2018
  price_year: 2023
  carbon_year: 2023
storage_values:
  CAES:
    cost: 37.0328
    lifetime: 27.1238
    annual_cost: 1.3653249176000415
    efficiency: 0.596791
    discharge_ratio: 0.1
    depth_of_discharge: 0.4
  Li-ion:
    cost: 209.933
    lifetime: 17.194
    annual_cost: 12.209666162614866
    efficiency: 0.937196
    discharge_ratio: 2
    depth_of_discharge: 0.9
  Pb-acid:
    cost: 113.635
    lifetime: 9.60231
    annual_cost: 11.83413157875553
    efficiency: 0.761482
    discharge_ratio: 5
    depth_of_discharge: 0.5
  VRBF:
    cost: 218.13
    lifetime: 23.7931
    annual_cost: 9.16778393735999
    efficiency: 0.756402
    discharge_ratio: 0.5
    depth_of_discharge: 1.0
