cost_values:
  wind_capex: 5000.0
  wind_opex: 100
  wind_lifetime: 20
  solar_capex: 1000.0
  solar_opex: 10
  solar_lifetime: 20
  carbon_price: 1.0
timeseries_values:
  load_level: 244759.89362174043
  wind_year: 2015
  solar_year: 2018
  price_year: 2023
  carbon_year: 2023
storage_values:
  CAES:
    cost: 49.2476
    lifetime: 27.5625
    annual_cost: 1.7867609977324264
    efficiency: 0.605568
    discharge_ratio: 0.1
    depth_of_discharge: 0.4
  Li-ion:
    cost: 198.165
    lifetime: 20.3335
    annual_cost: 9.745739789018122
    efficiency: 0.933922
    discharge_ratio: 2
    depth_of_discharge: 0.9
  Pb-acid:
    cost: 128.878
    lifetime: 11.5193
    annual_cost: 11.188006215655465
    efficiency: 0.79259
    discharge_ratio: 5
    depth_of_discharge: 0.5
  VRBF:
    cost: 212.576
    lifetime: 23.4619
    annual_cost: 9.060476772980875
    efficiency: 0.742746
    discharge_ratio: 0.5
    depth_of_discharge: 1.0
