cost_values:
  wind_capex: 5000.0
  wind_opex: 100
  wind_lifetime: 20
  solar_capex: 1000.0
  solar_opex: 10
  solar_lifetime: 20
  carbon_price: 1.0
timeseries_values:
  load_level: 244759.89362174043
  wind_year: 2015
  solar_year: 2018
  price_year: 2023
  carbon_year: 2023
storage_values:
  CAES:
    cost: 45.768
    lifetime: 26.6184
    annual_cost: 1.7194121359660985
    efficiency: 0.589562
    discharge_ratio: 0.1
    depth_of_discharge: 0.4
  Li-ion:
    cost: 214.368
    lifetime: 17.7048
    annual_cost: 12.107902941575167
    efficiency: 0.929184
    discharge_ratio: 2
    depth_of_discharge: 0.9
  Pb-acid:
    cost: 84.7705
    lifetime: 11.2005
    annual_cost: 7.568456765322977
    efficiency: 0.791583
    discharge_ratio: 5
    depth_of_discharge: 0.5
  VRBF:
    cost: 183.476
    lifetime: 21.6176
    annual_cost: 8.487343645918141
    efficiency: 0.751089
    discharge_ratio: 0.5
    depth_of_discharge: 1.0
