cost_values:
  wind_capex: 5000.0
  wind_opex: 100
  wind_lifetime: 20
  solar_capex: 1000.0
  solar_opex: 10
  solar_lifetime: 20
  carbon_price: 1.0
timeseries_values:
  load_level: 244759.89362174043
  wind_year: 2015
  solar_year: 2018
  price_year: 2023
  carbon_year: 2023
storage_values:
  CAES:
    cost: 40.9839
    lifetime: 27.4636
    annual_cost: 1.4922988974497153
    efficiency: 0.590997
    discharge_ratio: 0.1
    depth_of_discharge: 0.4
  Li-ion:
    cost: 217.645
    lifetime: 18.1386
    annual_cost: 11.998996614953745
    efficiency: 0.921598
    discharge_ratio: 2
    depth_of_discharge: 0.9
  Pb-acid:
    cost: 138.023
    lifetime: 10.242
    annual_cost: 13.476176528021869
    efficiency: 0.779879
    discharge_ratio: 5
    depth_of_discharge: 0.5
  VRBF:
    cost: 207.732
    lifetime: 22.6485
    annual_cost: 9.171998145572555
    efficiency: 0.75337
    discharge_ratio: 0.5
    depth_of_discharge: 1.0
