cost_values:
  wind_capex: 5000.0
  wind_opex: 100
  wind_lifetime: 20
  solar_capex: 1000.0
  solar_opex: 10
  solar_lifetime: 20
  carbon_price: 1.0
timeseries_values:
  load_level: 244759.89362174043
  wind_year: 2015
  solar_year: 2018
  price_year: 2023
  carbon_year: 2023
storage_values:
  CAES:
    cost: 38.6471
    lifetime: 27.2725
    annual_cost: 1.4170721422678523
    efficiency: 0.586214
    discharge_ratio: 0.1
    depth_of_discharge: 0.4
  Li-ion:
    cost: 208.56
    lifetime: 18.1428
    annual_cost: 11.495469277068588
    efficiency: 0.941432
    discharge_ratio: 2
    depth_of_discharge: 0.9
  Pb-acid:
    cost: 122.263
    lifetime: 11.378
    annual_cost: 10.745561610124803
    efficiency: 0.771939
    discharge_ratio: 5
    depth_of_discharge: 0.5
  VRBF:
    cost: 205.359
    lifetime: 23.5272
    annual_cost: 8.728577986330714
    efficiency: 0.74935
    discharge_ratio: 0.5
    depth_of_discharge: 1.0
