cost_values:
  wind_capex: 5000.0
  wind_opex: 100
  wind_lifetime: 20
  solar_capex: 1000.0
  solar_opex: 10
  solar_lifetime: 20
  carbon_price: 1.0
timeseries_values:
  load_level: 244759.89362174043
  wind_year: 2015
  solar_year: 2018
  price_year: 2023
  carbon_year: 2023
storage_values:
  CAES:
    cost: 30.8385
    lifetime: 26.9525
    annual_cost: 1.1441795751785548
    efficiency: 0.596025
    discharge_ratio: 0.1
    depth_of_discharge: 0.4
  Li-ion:
    cost: 205.485
    lifetime: 19.196
    annual_cost: 10.704573869556157
    efficiency: 0.935674
    discharge_ratio: 2
    depth_of_discharge: 0.9
  Pb-acid:
    cost: 106.529
    lifetime: 11.2592
    annual_cost: 9.461507034247548
    efficiency: 0.783761
    discharge_ratio: 5
    depth_of_discharge: 0.5
  VRBF:
    cost: 224.93
    lifetime: 24.0756
    annual_cost: 9.342653973317383
    efficiency: 0.733155
    discharge_ratio: 0.5
    depth_of_discharge: 1.0
