cost_values:
  wind_capex: 5000.0
  wind_opex: 100
  wind_lifetime: 20
  solar_capex: 1000.0
  solar_opex: 10
  solar_lifetime: 20
  carbon_price: 1.0
timeseries_values:
  load_level: 244759.89362174043
  wind_year: 2015
  solar_year: 2018
  price_year: 2023
  carbon_year: 2023
storage_values:
  CAES:
    cost: 43.8653
    lifetime: 27.727
    annual_cost: 1.5820427741912215
    efficiency: 0.580719
    discharge_ratio: 0.1
    depth_of_discharge: 0.4
  Li-ion:
    cost: 210.067
    lifetime: 20.0703
    annual_cost: 10.466560041454288
    efficiency: 0.934669
    discharge_ratio: 2
    depth_of_discharge: 0.9
  Pb-acid:
    cost: 117.159
    lifetime: 11.8743
    annual_cost: 9.866602662893813
    efficiency: 0.787371
    discharge_ratio: 5
    depth_of_discharge: 0.5
  VRBF:
    cost: 204.414
    lifetime: 24.5123
    annual_cost: 8.339241931601686
    efficiency: 0.745267
    discharge_ratio: 0.5
    depth_of_discharge: 1.0
