cost_values:
  wind_capex: 5000.0
  wind_opex: 100
  wind_lifetime: 20
  solar_capex: 1000.0
  solar_opex: 10
  solar_lifetime: 20
  carbon_price: 1.0
timeseries_values:
  load_level: 244759.89362174043
  wind_year: 2015
  solar_year: 2018
  price_year: 2023
  carbon_year: 2023
storage_values:
  CAES:
    cost: 45.4111
    lifetime: 27.8165
    annual_cost: 1.6325238617367388
    efficiency: 0.591666
    discharge_ratio: 0.1
    depth_of_discharge: 0.4
  Li-ion:
    cost: 223.122
    lifetime: 18.3958
    annual_cost: 12.128964220093717
    efficiency: 0.937139
    discharge_ratio: 2
    depth_of_discharge: 0.9
  Pb-acid:
    cost: 117.583
    lifetime: 13.1121
    annual_cost: 8.967518551566874
    efficiency: 0.779342
    discharge_ratio: 5
    depth_of_discharge: 0.5
  VRBF:
    cost: 241.32
    lifetime: 23.845
    annual_cost: 10.120360662612708
    efficiency: 0.7313
    discharge_ratio: 0.5
    depth_of_discharge: 1.0
