cost_values:
  wind_capex: 5000.0
  wind_opex: 100
  wind_lifetime: 20
  solar_capex: 1000.0
  solar_opex: 10
  solar_lifetime: 20
  carbon_price: 1.0
timeseries_values:
  load_level: 244759.89362174043
  wind_year: 2015
  solar_year: 2018
  price_year: 2023
  carbon_year: 2023
storage_values:
  CAES:
    cost: 44.5798
    lifetime: 25.6984
    annual_cost: 1.7347305668835413
    efficiency: 0.597603
    discharge_ratio: 0.1
    depth_of_discharge: 0.4
  Li-ion:
    cost: 208.004
    lifetime: 17.584
    annual_cost: 11.829162875341218
    efficiency: 0.926281
    discharge_ratio: 2
    depth_of_discharge: 0.9
  Pb-acid:
    cost: 120.858
    lifetime: 10.7955
    annual_cost: 11.19522023065166
    efficiency: 0.785143
    discharge_ratio: 5
    depth_of_discharge: 0.5
  VRBF:
    cost: 217.528
    lifetime: 24.0253
    annual_cost: 9.054122112939275
    efficiency: 0.731572
    discharge_ratio: 0.5
    depth_of_discharge: 1.0
