cost_values:
  wind_capex: 5000.0
  wind_opex: 100
  wind_lifetime: 20
  solar_capex: 1000.0
  solar_opex: 10
  solar_lifetime: 20
  carbon_price: 1.0
timeseries_values:
  load_level: 244759.89362174043
  wind_year: 2015
  solar_year: 2018
  price_year: 2023
  carbon_year: 2023
storage_values:
  CAES:
    cost: 45.5536
    lifetime: 26.8896
    annual_cost: 1.694097346185886
    efficiency: 0.597922
    discharge_ratio: 0.1
    depth_of_discharge: 0.4
  Li-ion:
    cost: 197.782
    lifetime: 17.9148
    annual_cost: 11.04014557795789
    efficiency: 0.946338
    discharge_ratio: 2
    depth_of_discharge: 0.9
  Pb-acid:
    cost: 117.066
    lifetime: 11.9279
    annual_cost: 9.814468598831311
    efficiency: 0.784874
    discharge_ratio: 5
    depth_of_discharge: 0.5
  VRBF:
    cost: 227.219
    lifetime: 21.8942
    annual_cost: 10.378045327072922
    efficiency: 0.74726
    discharge_ratio: 0.5
    depth_of_discharge: 1.0
