cost_values:
  wind_capex: 5000.0
  wind_opex: 100
  wind_lifetime: 20
  solar_capex: 1000.0
  solar_opex: 10
  solar_lifetime: 20
  carbon_price: 1.0
timeseries_values:
  load_level: 244759.89362174043
  wind_year: 2015
  solar_year: 2018
  price_year: 2023
  carbon_year: 2023
storage_values:
  CAES:
    cost: 35.9364
    lifetime: 27.7142
    annual_cost: 1.296678237149187
    efficiency: 0.595751
    discharge_ratio: 0.1
    depth_of_discharge: 0.4
  Li-ion:
    cost: 219.572
    lifetime: 18.263
    annual_cost: 12.022778294913211
    efficiency: 0.919931
    discharge_ratio: 2
    depth_of_discharge: 0.9
  Pb-acid:
    cost: 115.55
    lifetime: 12.4166
    annual_cost: 9.306090234041525
    efficiency: 0.758504
    discharge_ratio: 5
    depth_of_discharge: 0.5
  VRBF:
    cost: 242.727
    lifetime: 21.7814
    annual_cost: 11.143774045745452
    efficiency: 0.743668
    discharge_ratio: 0.5
    depth_of_discharge: 1.0
