cost_values:
  wind_capex: 5000.0
  wind_opex: 100
  wind_lifetime: 20
  solar_capex: 1000.0
  solar_opex: 10
  solar_lifetime: 20
  carbon_price: 1.0
timeseries_values:
  load_level: 244759.89362174043
  wind_year: 2015
  solar_year: 2018
  price_year: 2023
  carbon_year: 2023
storage_values:
  CAES:
    cost: 40.6583
    lifetime: 27.0516
    annual_cost: 1.5029905809637876
    efficiency: 0.597813
    discharge_ratio: 0.1
    depth_of_discharge: 0.4
  Li-ion:
    cost: 208.538
    lifetime: 18.7508
    annual_cost: 11.121552147108389
    efficiency: 0.92413
    discharge_ratio: 2
    depth_of_discharge: 0.9
  Pb-acid:
    cost: 122.975
    lifetime: 12.0508
    annual_cost: 10.20471669930627
    efficiency: 0.782158
    discharge_ratio: 5
    depth_of_discharge: 0.5
  VRBF:
    cost: 240.476
    lifetime: 23.8815
    annual_cost: 10.069551745074639
    efficiency: 0.745278
    discharge_ratio: 0.5
    depth_of_discharge: 1.0
