cost_values:
  wind_capex: 5000.0
  wind_opex: 100
  wind_lifetime: 20
  solar_capex: 1000.0
  solar_opex: 10
  solar_lifetime: 20
  carbon_price: 1.0
timeseries_values:
  load_level: 244759.89362174043
  wind_year: 2015
  solar_year: 2018
  price_year: 2023
  carbon_year: 2023
storage_values:
  CAES:
    cost: 44.5729
    lifetime: 26.2432
    annual_cost: 1.6984552188757467
    efficiency: 0.584453
    discharge_ratio: 0.1
    depth_of_discharge: 0.4
  Li-ion:
    cost: 193.845
    lifetime: 18.058
    annual_cost: 10.734577472588327
    efficiency: 0.929261
    discharge_ratio: 2
    depth_of_discharge: 0.9
  Pb-acid:
    cost: 96.0098
    lifetime: 10.6843
    annual_cost: 8.986063663506267
    efficiency: 0.769341
    discharge_ratio: 5
    depth_of_discharge: 0.5
  VRBF:
    cost: 232.083
    lifetime: 24.0609
    annual_cost: 9.645649165243196
    efficiency: 0.739653
    discharge_ratio: 0.5
    depth_of_discharge: 1.0
