cost_values:
  wind_capex: 5000.0
  wind_opex: 100
  wind_lifetime: 20
  solar_capex: 1000.0
  solar_opex: 10
  solar_lifetime: 20
  carbon_price: 1.0
timeseries_values:
  load_level: 244759.89362174043
  wind_year: 2015
  solar_year: 2018
  price_year: 2023
  carbon_year: 2023
storage_values:
  CAES:
    cost: 37.8768
    lifetime: 26.6396
    annual_cost: 1.4218231504977552
    efficiency: 0.590333
    discharge_ratio: 0.1
    depth_of_discharge: 0.4
  Li-ion:
    cost: 170.194
    lifetime: 18.7253
    annual_cost: 9.08898655829279
    efficiency: 0.922579
    discharge_ratio: 2
    depth_of_discharge: 0.9
  Pb-acid:
    cost: 96.7026
    lifetime: 11.6442
    annual_cost: 8.304786932550112
    efficiency: 0.776077
    discharge_ratio: 5
    depth_of_discharge: 0.5
  VRBF:
    cost: 210.06
    lifetime: 21.6876
    annual_cost: 9.685719028384884
    efficiency: 0.739622
    discharge_ratio: 0.5
    depth_of_discharge: 1.0
