cost_values:
  wind_capex: 5000.0
  wind_opex: 100
  wind_lifetime: 20
  solar_capex: 1000.0
  solar_opex: 10
  solar_lifetime: 20
  carbon_price: 1.0
timeseries_values:
  load_level: 244759.89362174043
  wind_year: 2015
  solar_year: 2018
  price_year: 2023
  carbon_year: 2023
storage_values:
  CAES:
    cost: 37.2946
    lifetime: 26.9572
    annual_cost: 1.3834745448340333
    efficiency: 0.597906
    discharge_ratio: 0.1
    depth_of_discharge: 0.4
  Li-ion:
    cost: 181.998
    lifetime: 19.0273
    annual_cost: 9.565098568898371
    efficiency: 0.930165
    discharge_ratio: 2
    depth_of_discharge: 0.9
  Pb-acid:
    cost: 140.718
    lifetime: 9.69413
    annual_cost: 14.515794609727742
    efficiency: 0.767979
    discharge_ratio: 5
    depth_of_discharge: 0.5
  VRBF:
    cost: 231.799
    lifetime: 22.6113
    annual_cost: 10.251467186760602
    efficiency: 0.718281
    discharge_ratio: 0.5
    depth_of_discharge: 1.0
