cost_values:
  wind_capex: 5000.0
  wind_opex: 100
  wind_lifetime: 20
  solar_capex: 1000.0
  solar_opex: 10
  solar_lifetime: 20
  carbon_price: 1.0
timeseries_values:
  load_level: 244759.89362174043
  wind_year: 2015
  solar_year: 2018
  price_year: 2023
  carbon_year: 2023
storage_values:
  CAES:
    cost: 43.9253
    lifetime: 25.9078
    annual_cost: 1.6954469310400728
    efficiency: 0.593251
    discharge_ratio: 0.1
    depth_of_discharge: 0.4
  Li-ion:
    cost: 196.273
    lifetime: 17.5323
    annual_cost: 11.194937344216104
    efficiency: 0.939058
    discharge_ratio: 2
    depth_of_discharge: 0.9
  Pb-acid:
    cost: 130.538
    lifetime: 12.1484
    annual_cost: 10.74528332949195
    efficiency: 0.77734
    discharge_ratio: 5
    depth_of_discharge: 0.5
  VRBF:
    cost: 197.242
    lifetime: 22.7211
    annual_cost: 8.681005761164732
    efficiency: 0.745535
    discharge_ratio: 0.5
    depth_of_discharge: 1.0
