cost_values:
  wind_capex: 5000.0
  wind_opex: 100
  wind_lifetime: 20
  solar_capex: 1000.0
  solar_opex: 10
  solar_lifetime: 20
  carbon_price: 1.0
timeseries_values:
  load_level: 244759.89362174043
  wind_year: 2015
  solar_year: 2018
  price_year: 2023
  carbon_year: 2023
storage_values:
  CAES:
    cost: 38.9283
    lifetime: 28.4083
    annual_cost: 1.3703143095503778
    efficiency: 0.586212
    discharge_ratio: 0.1
    depth_of_discharge: 0.4
  Li-ion:
    cost: 215.572
    lifetime: 17.4153
    annual_cost: 12.378311025362757
    efficiency: 0.926954
    discharge_ratio: 2
    depth_of_discharge: 0.9
  Pb-acid:
    cost: 106.675
    lifetime: 11.745
    annual_cost: 9.0825883354619
    efficiency: 0.776188
    discharge_ratio: 5
    depth_of_discharge: 0.5
  VRBF:
    cost: 217.314
    lifetime: 23.8185
    annual_cost: 9.123748346873228
    efficiency: 0.743065
    discharge_ratio: 0.5
    depth_of_discharge: 1.0
