cost_values:
  wind_capex: 5000.0
  wind_opex: 100
  wind_lifetime: 20
  solar_capex: 1000.0
  solar_opex: 10
  solar_lifetime: 20
  carbon_price: 1.0
timeseries_values:
  load_level: 244759.89362174043
  wind_year: 2015
  solar_year: 2018
  price_year: 2023
  carbon_year: 2023
storage_values:
  CAES:
    cost: 39.947
    lifetime: 25.789
    annual_cost: 1.5489937570281904
    efficiency: 0.587808
    discharge_ratio: 0.1
    depth_of_discharge: 0.4
  Li-ion:
    cost: 226.992
    lifetime: 20.5763
    annual_cost: 11.031720960522543
    efficiency: 0.945782
    discharge_ratio: 2
    depth_of_discharge: 0.9
  Pb-acid:
    cost: 92.9754
    lifetime: 11.1778
    annual_cost: 8.317862191128844
    efficiency: 0.78828
    discharge_ratio: 5
    depth_of_discharge: 0.5
  VRBF:
    cost: 211.853
    lifetime: 23.3825
    annual_cost: 9.060322891051
    efficiency: 0.746395
    discharge_ratio: 0.5
    depth_of_discharge: 1.0
