cost_values:
  wind_capex: 5000.0
  wind_opex: 100
  wind_lifetime: 20
  solar_capex: 1000.0
  solar_opex: 10
  solar_lifetime: 20
  carbon_price: 1.0
timeseries_values:
  load_level: 244759.89362174043
  wind_year: 2015
  solar_year: 2018
  price_year: 2023
  carbon_year: 2023
storage_values:
  CAES:
    cost: 51.1736
    lifetime: 25.9908
    annual_cost: 1.968912076580944
    efficiency: 0.605352
    discharge_ratio: 0.1
    depth_of_discharge: 0.4
  Li-ion:
    cost: 219.229
    lifetime: 17.9474
    annual_cost: 12.215084079030948
    efficiency: 0.931274
    discharge_ratio: 2
    depth_of_discharge: 0.9
  Pb-acid:
    cost: 105.359
    lifetime: 10.0157
    annual_cost: 10.519384566231016
    efficiency: 0.769744
    discharge_ratio: 5
    depth_of_discharge: 0.5
  VRBF:
    cost: 187.906
    lifetime: 22.5079
    annual_cost: 8.34844654543516
    efficiency: 0.727343
    discharge_ratio: 0.5
    depth_of_discharge: 1.0
