cost_values:
  wind_capex: 5000.0
  wind_opex: 100
  wind_lifetime: 20
  solar_capex: 1000.0
  solar_opex: 10
  solar_lifetime: 20
  carbon_price: 1.0
timeseries_values:
  load_level: 244759.89362174043
  wind_year: 2015
  solar_year: 2018
  price_year: 2023
  carbon_year: 2023
storage_values:
  CAES:
    cost: 42.1664
    lifetime: 27.1987
    annual_cost: 1.5503093897870122
    efficiency: 0.593929
    discharge_ratio: 0.1
    depth_of_discharge: 0.4
  Li-ion:
    cost: 207.703
    lifetime: 17.6019
    annual_cost: 11.800032950988246
    efficiency: 0.941948
    discharge_ratio: 2
    depth_of_discharge: 0.9
  Pb-acid:
    cost: 118.044
    lifetime: 10.8983
    annual_cost: 10.83141407375462
    efficiency: 0.790207
    discharge_ratio: 5
    depth_of_discharge: 0.5
  VRBF:
    cost: 206.95
    lifetime: 24.6502
    annual_cost: 8.39546940795612
    efficiency: 0.734824
    discharge_ratio: 0.5
    depth_of_discharge: 1.0
