cost_values:
  wind_capex: 5000.0
  wind_opex: 100
  wind_lifetime: 20
  solar_capex: 1000.0
  solar_opex: 10
  solar_lifetime: 20
  carbon_price: 1.0
timeseries_values:
  load_level: 244759.89362174043
  wind_year: 2015
  solar_year: 2018
  price_year: 2023
  carbon_year: 2023
storage_values:
  CAES:
    cost: 38.8968
    lifetime: 27.3085
    annual_cost: 1.424347730560082
    efficiency: 0.589323
    discharge_ratio: 0.1
    depth_of_discharge: 0.4
  Li-ion:
    cost: 207.166
    lifetime: 17.4974
    annual_cost: 11.839816201264188
    efficiency: 0.94649
    discharge_ratio: 2
    depth_of_discharge: 0.9
  Pb-acid:
    cost: 109.018
    lifetime: 9.16763
    annual_cost: 11.89162302579838
    efficiency: 0.772084
    discharge_ratio: 5
    depth_of_discharge: 0.5
  VRBF:
    cost: 218.546
    lifetime: 24.017
    annual_cost: 9.099637756589082
    efficiency: 0.743837
    discharge_ratio: 0.5
    depth_of_discharge: 1.0
