cost_values:
  wind_capex: 5000.0
  wind_opex: 100
  wind_lifetime: 20
  solar_capex: 1000.0
  solar_opex: 10
  solar_lifetime: 20
  carbon_price: 1.0
timeseries_values:
  load_level: 244759.89362174043
  wind_year: 2015
  solar_year: 2018
  price_year: 2023
  carbon_year: 2023
storage_values:
  CAES:
    cost: 37.7144
    lifetime: 25.492
    annual_cost: 1.4794602228150007
    efficiency: 0.596264
    discharge_ratio: 0.1
    depth_of_discharge: 0.4
  Li-ion:
    cost: 222.533
    lifetime: 18.2318
    annual_cost: 12.205761362015817
    efficiency: 0.929214
    discharge_ratio: 2
    depth_of_discharge: 0.9
  Pb-acid:
    cost: 135.759
    lifetime: 10.6696
    annual_cost: 12.723907175526728
    efficiency: 0.775408
    discharge_ratio: 5
    depth_of_discharge: 0.5
  VRBF:
    cost: 200.571
    lifetime: 23.3172
    annual_cost: 8.601847563172251
    efficiency: 0.749753
    discharge_ratio: 0.5
    depth_of_discharge: 1.0
