cost_values:
  wind_capex: 5000.0
  wind_opex: 100
  wind_lifetime: 20
  solar_capex: 1000.0
  solar_opex: 10
  solar_lifetime: 20
  carbon_price: 1.0
timeseries_values:
  load_level: 244759.89362174043
  wind_year: 2015
  solar_year: 2018
  price_year: 2023
  carbon_year: 2023
storage_values:
  CAES:
    cost: 47.9979
    lifetime: 26.5913
    annual_cost: 1.805022695392854
    efficiency: 0.592371
    discharge_ratio: 0.1
    depth_of_discharge: 0.4
  Li-ion:
    cost: 225.22
    lifetime: 20.4545
    annual_cost: 11.01078002395561
    efficiency: 0.930525
    discharge_ratio: 2
    depth_of_discharge: 0.9
  Pb-acid:
    cost: 106.944
    lifetime: 11.7477
    annual_cost: 9.103398963201307
    efficiency: 0.782955
    discharge_ratio: 5
    depth_of_discharge: 0.5
  VRBF:
    cost: 228.125
    lifetime: 21.0958
    annual_cost: 10.813763877169864
    efficiency: 0.734794
    discharge_ratio: 0.5
    depth_of_discharge: 1.0
