cost_values:
  wind_capex: 5000.0
  wind_opex: 100
  wind_lifetime: 20
  solar_capex: 1000.0
  solar_opex: 10
  solar_lifetime: 20
  carbon_price: 1.0
timeseries_values:
  load_level: 244759.89362174043
  wind_year: 2015
  solar_year: 2018
  price_year: 2023
  carbon_year: 2023
storage_values:
  CAES:
    cost: 47.6381
    lifetime: 26.6326
    annual_cost: 1.7887138319202782
    efficiency: 0.598468
    discharge_ratio: 0.1
    depth_of_discharge: 0.4
  Li-ion:
    cost: 201.205
    lifetime: 21.529
    annual_cost: 9.345766175855823
    efficiency: 0.935851
    discharge_ratio: 2
    depth_of_discharge: 0.9
  Pb-acid:
    cost: 112.061
    lifetime: 9.99993
    annual_cost: 11.206178443249103
    efficiency: 0.773059
    discharge_ratio: 5
    depth_of_discharge: 0.5
  VRBF:
    cost: 204.321
    lifetime: 23.4593
    annual_cost: 8.70959491544931
    efficiency: 0.737079
    discharge_ratio: 0.5
    depth_of_discharge: 1.0
