cost_values:
  wind_capex: 5000.0
  wind_opex: 100
  wind_lifetime: 20
  solar_capex: 1000.0
  solar_opex: 10
  solar_lifetime: 20
  carbon_price: 1.0
timeseries_values:
  load_level: 244759.89362174043
  wind_year: 2015
  solar_year: 2018
  price_year: 2023
  carbon_year: 2023
storage_values:
  CAES:
    cost: 40.8927
    lifetime: 27.3571
    annual_cost: 1.49477466544334
    efficiency: 0.589855
    discharge_ratio: 0.1
    depth_of_discharge: 0.4
  Li-ion:
    cost: 191.491
    lifetime: 18.542
    annual_cost: 10.327418832919857
    efficiency: 0.944479
    discharge_ratio: 2
    depth_of_discharge: 0.9
  Pb-acid:
    cost: 139.146
    lifetime: 10.6859
    annual_cost: 13.021458183213392
    efficiency: 0.786454
    discharge_ratio: 5
    depth_of_discharge: 0.5
  VRBF:
    cost: 211.324
    lifetime: 21.4273
    annual_cost: 9.862371834062156
    efficiency: 0.723854
    discharge_ratio: 0.5
    depth_of_discharge: 1.0
