cost_values:
  wind_capex: 5000.0
  wind_opex: 100
  wind_lifetime: 20
  solar_capex: 1000.0
  solar_opex: 10
  solar_lifetime: 20
  carbon_price: 1.0
timeseries_values:
  load_level: 244759.89362174043
  wind_year: 2015
  solar_year: 2018
  price_year: 2023
  carbon_year: 2023
storage_values:
  CAES:
    cost: 47.7695
    lifetime: 26.0826
    annual_cost: 1.8314700221603675
    efficiency: 0.590584
    discharge_ratio: 0.1
    depth_of_discharge: 0.4
  Li-ion:
    cost: 205.861
    lifetime: 19.688
    annual_cost: 10.456166192604632
    efficiency: 0.94353
    discharge_ratio: 2
    depth_of_discharge: 0.9
  Pb-acid:
    cost: 114.532
    lifetime: 11.1777
    annual_cost: 10.246472887982321
    efficiency: 0.781298
    discharge_ratio: 5
    depth_of_discharge: 0.5
  VRBF:
    cost: 234.51
    lifetime: 23.9273
    annual_cost: 9.80093867674163
    efficiency: 0.741869
    discharge_ratio: 0.5
    depth_of_discharge: 1.0
