cost_values:
  wind_capex: 5000.0
  wind_opex: 100
  wind_lifetime: 20
  solar_capex: 1000.0
  solar_opex: 10
  solar_lifetime: 20
  carbon_price: 1.0
timeseries_values:
  load_level: 244759.89362174043
  wind_year: 2015
  solar_year: 2018
  price_year: 2023
  carbon_year: 2023
storage_values:
  CAES:
    cost: 44.2452
    lifetime: 26.0842
    annual_cost: 1.6962452365799985
    efficiency: 0.593362
    discharge_ratio: 0.1
    depth_of_discharge: 0.4
  Li-ion:
    cost: 219.599
    lifetime: 19.708
    annual_cost: 11.142632433529531
    efficiency: 0.946183
    discharge_ratio: 2
    depth_of_discharge: 0.9
  Pb-acid:
    cost: 114.45
    lifetime: 10.9277
    annual_cost: 10.473384152200373
    efficiency: 0.779804
    discharge_ratio: 5
    depth_of_discharge: 0.5
  VRBF:
    cost: 206.541
    lifetime: 23.391
    annual_cost: 8.82993459022701
    efficiency: 0.739538
    discharge_ratio: 0.5
    depth_of_discharge: 1.0
