cost_values:
  wind_capex: 5000.0
  wind_opex: 100
  wind_lifetime: 20
  solar_capex: 1000.0
  solar_opex: 10
  solar_lifetime: 20
  carbon_price: 1.0
timeseries_values:
  load_level: 244759.89362174043
  wind_year: 2015
  solar_year: 2018
  price_year: 2023
  carbon_year: 2023
storage_values:
  CAES:
    cost: 33.4485
    lifetime: 27.5232
    annual_cost: 1.2152838332752007
    efficiency: 0.600389
    discharge_ratio: 0.1
    depth_of_discharge: 0.4
  Li-ion:
    cost: 213.496
    lifetime: 17.069
    annual_cost: 12.507821196320817
    efficiency: 0.935
    discharge_ratio: 2
    depth_of_discharge: 0.9
  Pb-acid:
    cost: 129.198
    lifetime: 11.1937
    annual_cost: 11.54202810509483
    efficiency: 0.780081
    discharge_ratio: 5
    depth_of_discharge: 0.5
  VRBF:
    cost: 211.451
    lifetime: 22.918
    annual_cost: 9.226415917619338
    efficiency: 0.731507
    discharge_ratio: 0.5
    depth_of_discharge: 1.0
