cost_values:
  wind_capex: 5000.0
  wind_opex: 100
  wind_lifetime: 20
  solar_capex: 1000.0
  solar_opex: 10
  solar_lifetime: 20
  carbon_price: 1.0
timeseries_values:
  load_level: 244759.89362174043
  wind_year: 2015
  solar_year: 2018
  price_year: 2023
  carbon_year: 2023
storage_values:
  CAES:
    cost: 32.8545
    lifetime: 27.5648
    annual_cost: 1.1919005398188995
    efficiency: 0.592599
    discharge_ratio: 0.1
    depth_of_discharge: 0.4
  Li-ion:
    cost: 204.509
    lifetime: 18.0356
    annual_cost: 11.339184723546763
    efficiency: 0.923238
    discharge_ratio: 2
    depth_of_discharge: 0.9
  Pb-acid:
    cost: 124.418
    lifetime: 10.802
    annual_cost: 11.518052212553233
    efficiency: 0.770179
    discharge_ratio: 5
    depth_of_discharge: 0.5
  VRBF:
    cost: 249.631
    lifetime: 25.798
    annual_cost: 9.676370261260564
    efficiency: 0.746673
    discharge_ratio: 0.5
    depth_of_discharge: 1.0
