cost_values:
  wind_capex: 5000.0
  wind_opex: 100
  wind_lifetime: 20
  solar_capex: 1000.0
  solar_opex: 10
  solar_lifetime: 20
  carbon_price: 1.0
timeseries_values:
  load_level: 244759.89362174043
  wind_year: 2015
  solar_year: 2018
  price_year: 2023
  carbon_year: 2023
storage_values:
  CAES:
    cost: 51.9044
    lifetime: 27.0825
    annual_cost: 1.9165291239730455
    efficiency: 0.589322
    discharge_ratio: 0.1
    depth_of_discharge: 0.4
  Li-ion:
    cost: 214.15
    lifetime: 17.2704
    annual_cost: 12.399828608486198
    efficiency: 0.936869
    discharge_ratio: 2
    depth_of_discharge: 0.9
  Pb-acid:
    cost: 134.995
    lifetime: 10.8409
    annual_cost: 12.45237941499322
    efficiency: 0.760206
    discharge_ratio: 5
    depth_of_discharge: 0.5
  VRBF:
    cost: 238.542
    lifetime: 24.033
    annual_cost: 9.925602296841841
    efficiency: 0.72718
    discharge_ratio: 0.5
    depth_of_discharge: 1.0
