cost_values:
  wind_capex: 5000.0
  wind_opex: 100
  wind_lifetime: 20
  solar_capex: 1000.0
  solar_opex: 10
  solar_lifetime: 20
  carbon_price: 1.0
timeseries_values:
  load_level: 244759.89362174043
  wind_year: 2015
  solar_year: 2018
  price_year: 2023
  carbon_year: 2023
storage_values:
  CAES:
    cost: 44.8357
    lifetime: 25.9584
    annual_cost: 1.7272135416666667
    efficiency: 0.582423
    discharge_ratio: 0.1
    depth_of_discharge: 0.4
  Li-ion:
    cost: 220.271
    lifetime: 19.2686
    annual_cost: 11.431603749104761
    efficiency: 0.933121
    discharge_ratio: 2
    depth_of_discharge: 0.9
  Pb-acid:
    cost: 131.845
    lifetime: 9.51541
    annual_cost: 13.855945250914045
    efficiency: 0.797318
    discharge_ratio: 5
    depth_of_discharge: 0.5
  VRBF:
    cost: 201.675
    lifetime: 22.1731
    annual_cost: 9.095480559777387
    efficiency: 0.756471
    discharge_ratio: 0.5
    depth_of_discharge: 1.0
