cost_values:
  wind_capex: 5000.0
  wind_opex: 100
  wind_lifetime: 20
  solar_capex: 1000.0
  solar_opex: 10
  solar_lifetime: 20
  carbon_price: 1.0
timeseries_values:
  load_level: 244759.89362174043
  wind_year: 2015
  solar_year: 2018
  price_year: 2023
  carbon_year: 2023
storage_values:
  CAES:
    cost: 41.8819
    lifetime: 26.8376
    annual_cost: 1.5605680090619134
    efficiency: 0.596413
    discharge_ratio: 0.1
    depth_of_discharge: 0.4
  Li-ion:
    cost: 199.684
    lifetime: 18.5102
    annual_cost: 10.78778187161673
    efficiency: 0.906972
    discharge_ratio: 2
    depth_of_discharge: 0.9
  Pb-acid:
    cost: 115.2
    lifetime: 12.526
    annual_cost: 9.196870509340572
    efficiency: 0.761413
    discharge_ratio: 5
    depth_of_discharge: 0.5
  VRBF:
    cost: 248.713
    lifetime: 20.9239
    annual_cost: 11.88655078642127
    efficiency: 0.758647
    discharge_ratio: 0.5
    depth_of_discharge: 1.0
