cost_values:
  wind_capex: 5000.0
  wind_opex: 100
  wind_lifetime: 20
  solar_capex: 1000.0
  solar_opex: 10
  solar_lifetime: 20
  carbon_price: 1.0
timeseries_values:
  load_level: 244759.89362174043
  wind_year: 2015
  solar_year: 2018
  price_year: 2023
  carbon_year: 2023
storage_values:
  CAES:
    cost: 35.2426
    lifetime: 27.3503
    annual_cost: 1.2885635623740874
    efficiency: 0.590386
    discharge_ratio: 0.1
    depth_of_discharge: 0.4
  Li-ion:
    cost: 200.801
    lifetime: 17.057
    annual_cost: 11.772351527232221
    efficiency: 0.934431
    discharge_ratio: 2
    depth_of_discharge: 0.9
  Pb-acid:
    cost: 128.486
    lifetime: 10.9837
    annual_cost: 11.697879585203527
    efficiency: 0.763124
    discharge_ratio: 5
    depth_of_discharge: 0.5
  VRBF:
    cost: 214.25
    lifetime: 24.0287
    annual_cost: 8.916420780150403
    efficiency: 0.735419
    discharge_ratio: 0.5
    depth_of_discharge: 1.0
