cost_values:
  wind_capex: 5000.0
  wind_opex: 100
  wind_lifetime: 20
  solar_capex: 1000.0
  solar_opex: 10
  solar_lifetime: 20
  carbon_price: 1.0
timeseries_values:
  load_level: 244759.89362174043
  wind_year: 2015
  solar_year: 2018
  price_year: 2023
  carbon_year: 2023
storage_values:
  CAES:
    cost: 40.1492
    lifetime: 26.5044
    annual_cost: 1.5148126348832647
    efficiency: 0.583367
    discharge_ratio: 0.1
    depth_of_discharge: 0.4
  Li-ion:
    cost: 211.832
    lifetime: 19.8778
    annual_cost: 10.656712513457222
    efficiency: 0.926822
    discharge_ratio: 2
    depth_of_discharge: 0.9
  Pb-acid:
    cost: 124.357
    lifetime: 11.1747
    annual_cost: 11.128441926852624
    efficiency: 0.77146
    discharge_ratio: 5
    depth_of_discharge: 0.5
  VRBF:
    cost: 247.124
    lifetime: 23.9662
    annual_cost: 10.311355158514909
    efficiency: 0.733981
    discharge_ratio: 0.5
    depth_of_discharge: 1.0
