cost_values:
  wind_capex: 5000.0
  wind_opex: 100
  wind_lifetime: 20
  solar_capex: 1000.0
  solar_opex: 10
  solar_lifetime: 20
  carbon_price: 1.0
timeseries_values:
  load_level: 244759.89362174043
  wind_year: 2015
  solar_year: 2018
  price_year: 2023
  carbon_year: 2023
storage_values:
  CAES:
    cost: 39.9915
    lifetime: 26.7515
    annual_cost: 1.4949255181952414
    efficiency: 0.595626
    discharge_ratio: 0.1
    depth_of_discharge: 0.4
  Li-ion:
    cost: 187.399
    lifetime: 17.2085
    annual_cost: 10.88990905657088
    efficiency: 0.92711
    discharge_ratio: 2
    depth_of_discharge: 0.9
  Pb-acid:
    cost: 143.396
    lifetime: 10.5858
    annual_cost: 13.546071151920495
    efficiency: 0.775181
    discharge_ratio: 5
    depth_of_discharge: 0.5
  VRBF:
    cost: 189.243
    lifetime: 21.6889
    annual_cost: 8.725338767756778
    efficiency: 0.742907
    discharge_ratio: 0.5
    depth_of_discharge: 1.0
