cost_values:
  wind_capex: 5000.0
  wind_opex: 100
  wind_lifetime: 20
  solar_capex: 1000.0
  solar_opex: 10
  solar_lifetime: 20
  carbon_price: 1.0
timeseries_values:
  load_level: 244759.89362174043
  wind_year: 2015
  solar_year: 2018
  price_year: 2023
  carbon_year: 2023
storage_values:
  CAES:
    cost: 48.3943
    lifetime: 27.4773
    annual_cost: 1.7612465562482487
    efficiency: 0.604649
    discharge_ratio: 0.1
    depth_of_discharge: 0.4
  Li-ion:
    cost: 174.337
    lifetime: 18.7847
    annual_cost: 9.280797670444564
    efficiency: 0.927818
    discharge_ratio: 2
    depth_of_discharge: 0.9
  Pb-acid:
    cost: 117.668
    lifetime: 12.4875
    annual_cost: 9.422862862862862
    efficiency: 0.775292
    discharge_ratio: 5
    depth_of_discharge: 0.5
  VRBF:
    cost: 241.692
    lifetime: 23.2611
    annual_cost: 10.390394263383934
    efficiency: 0.7303
    discharge_ratio: 0.5
    depth_of_discharge: 1.0
