cost_values:
  wind_capex: 5000.0
  wind_opex: 100
  wind_lifetime: 20
  solar_capex: 1000.0
  solar_opex: 10
  solar_lifetime: 20
  carbon_price: 1.0
timeseries_values:
  load_level: 244759.89362174043
  wind_year: 2015
  solar_year: 2018
  price_year: 2023
  carbon_year: 2023
storage_values:
  CAES:
    cost: 44.884
    lifetime: 26.1692
    annual_cost: 1.715146049554438
    efficiency: 0.596541
    discharge_ratio: 0.1
    depth_of_discharge: 0.4
  Li-ion:
    cost: 217.61
    lifetime: 17.31
    annual_cost: 12.571346042749857
    efficiency: 0.933575
    discharge_ratio: 2
    depth_of_discharge: 0.9
  Pb-acid:
    cost: 124.101
    lifetime: 11.3031
    annual_cost: 10.979377338960107
    efficiency: 0.777705
    discharge_ratio: 5
    depth_of_discharge: 0.5
  VRBF:
    cost: 209.164
    lifetime: 20.1212
    annual_cost: 10.395205057352443
    efficiency: 0.752176
    discharge_ratio: 0.5
    depth_of_discharge: 1.0
