cost_values:
  wind_capex: 5000.0
  wind_opex: 100
  wind_lifetime: 20
  solar_capex: 1000.0
  solar_opex: 10
  solar_lifetime: 20
  carbon_price: 1.0
timeseries_values:
  load_level: 244759.89362174043
  wind_year: 2015
  solar_year: 2018
  price_year: 2023
  carbon_year: 2023
storage_values:
  CAES:
    cost: 34.5569
    lifetime: 26.1949
    annual_cost: 1.319222444063539
    efficiency: 0.594164
    discharge_ratio: 0.1
    depth_of_discharge: 0.4
  Li-ion:
    cost: 202.298
    lifetime: 15.4957
    annual_cost: 13.055105609943404
    efficiency: 0.917014
    discharge_ratio: 2
    depth_of_discharge: 0.9
  Pb-acid:
    cost: 109.006
    lifetime: 11.9251
    annual_cost: 9.140887707440609
    efficiency: 0.793601
    discharge_ratio: 5
    depth_of_discharge: 0.5
  VRBF:
    cost: 248.509
    lifetime: 24.3094
    annual_cost: 10.222753338214845
    efficiency: 0.757072
    discharge_ratio: 0.5
    depth_of_discharge: 1.0
