cost_values:
  wind_capex: 5000.0
  wind_opex: 100
  wind_lifetime: 20
  solar_capex: 1000.0
  solar_opex: 10
  solar_lifetime: 20
  carbon_price: 1.0
timeseries_values:
  load_level: 244759.89362174043
  wind_year: 2015
  solar_year: 2018
  price_year: 2023
  carbon_year: 2023
storage_values:
  CAES:
    cost: 42.6956
    lifetime: 27.1812
    annual_cost: 1.5707768604770944
    efficiency: 0.597444
    discharge_ratio: 0.1
    depth_of_discharge: 0.4
  Li-ion:
    cost: 195.756
    lifetime: 18.7468
    annual_cost: 10.442102118761602
    efficiency: 0.919853
    discharge_ratio: 2
    depth_of_discharge: 0.9
  Pb-acid:
    cost: 126.913
    lifetime: 10.9304
    annual_cost: 11.611011490887797
    efficiency: 0.777336
    discharge_ratio: 5
    depth_of_discharge: 0.5
  VRBF:
    cost: 237.539
    lifetime: 22.216
    annual_cost: 10.692248829672307
    efficiency: 0.742355
    discharge_ratio: 0.5
    depth_of_discharge: 1.0
