cost_values:
  wind_capex: 5000.0
  wind_opex: 100
  wind_lifetime: 20
  solar_capex: 1000.0
  solar_opex: 10
  solar_lifetime: 20
  carbon_price: 1.0
timeseries_values:
  load_level: 244759.89362174043
  wind_year: 2015
  solar_year: 2018
  price_year: 2023
  carbon_year: 2023
storage_values:
  CAES:
    cost: 40.3544
    lifetime: 25.7478
    annual_cost: 1.567295069870047
    efficiency: 0.595992
    discharge_ratio: 0.1
    depth_of_discharge: 0.4
  Li-ion:
    cost: 217.841
    lifetime: 15.65
    annual_cost: 13.919552715654952
    efficiency: 0.923624
    discharge_ratio: 2
    depth_of_discharge: 0.9
  Pb-acid:
    cost: 129.917
    lifetime: 12.9191
    annual_cost: 10.056195865037038
    efficiency: 0.768541
    discharge_ratio: 5
    depth_of_discharge: 0.5
  VRBF:
    cost: 263.016
    lifetime: 25.1388
    annual_cost: 10.462551911785766
    efficiency: 0.743729
    discharge_ratio: 0.5
    depth_of_discharge: 1.0
