cost_values:
  wind_capex: 5000.0
  wind_opex: 100
  wind_lifetime: 20
  solar_capex: 1000.0
  solar_opex: 10
  solar_lifetime: 20
  carbon_price: 1.0
timeseries_values:
  load_level: 244759.89362174043
  wind_year: 2015
  solar_year: 2018
  price_year: 2023
  carbon_year: 2023
storage_values:
  CAES:
    cost: 39.8908
    lifetime: 26.7004
    annual_cost: 1.4940150709352669
    efficiency: 0.601783
    discharge_ratio: 0.1
    depth_of_discharge: 0.4
  Li-ion:
    cost: 204.345
    lifetime: 19.4619
    annual_cost: 10.499745656898863
    efficiency: 0.950009
    discharge_ratio: 2
    depth_of_discharge: 0.9
  Pb-acid:
    cost: 118.93
    lifetime: 10.3173
    annual_cost: 11.527240654047088
    efficiency: 0.764846
    discharge_ratio: 5
    depth_of_discharge: 0.5
  VRBF:
    cost: 203.389
    lifetime: 23.436
    annual_cost: 8.678486089776413
    efficiency: 0.737151
    discharge_ratio: 0.5
    depth_of_discharge: 1.0
