cost_values:
  wind_capex: 5000.0
  wind_opex: 100
  wind_lifetime: 20
  solar_capex: 1000.0
  solar_opex: 10
  solar_lifetime: 20
  carbon_price: 1.0
timeseries_values:
  load_level: 244759.89362174043
  wind_year: 2015
  solar_year: 2018
  price_year: 2023
  carbon_year: 2023
storage_values:
  CAES:
    cost: 49.4083
    lifetime: 27.2003
    annual_cost: 1.8164615831443036
    efficiency: 0.590723
    discharge_ratio: 0.1
    depth_of_discharge: 0.4
  Li-ion:
    cost: 189.775
    lifetime: 18.839
    annual_cost: 10.073517702638146
    efficiency: 0.940291
    discharge_ratio: 2
    depth_of_discharge: 0.9
  Pb-acid:
    cost: 110.307
    lifetime: 11.7102
    annual_cost: 9.419736639852436
    efficiency: 0.777396
    discharge_ratio: 5
    depth_of_discharge: 0.5
  VRBF:
    cost: 240.203
    lifetime: 21.4782
    annual_cost: 11.183572180164074
    efficiency: 0.725777
    discharge_ratio: 0.5
    depth_of_discharge: 1.0
