cost_values:
  wind_capex: 5000.0
  wind_opex: 100
  wind_lifetime: 20
  solar_capex: 1000.0
  solar_opex: 10
  solar_lifetime: 20
  carbon_price: 1.0
timeseries_values:
  load_level: 244759.89362174043
  wind_year: 2015
  solar_year: 2018
  price_year: 2023
  carbon_year: 2023
storage_values:
  CAES:
    cost: 38.6447
    lifetime: 26.6428
    annual_cost: 1.4504744246100258
    efficiency: 0.593747
    discharge_ratio: 0.1
    depth_of_discharge: 0.4
  Li-ion:
    cost: 207.036
    lifetime: 19.9069
    annual_cost: 10.400212991475318
    efficiency: 0.925052
    discharge_ratio: 2
    depth_of_discharge: 0.9
  Pb-acid:
    cost: 113.46
    lifetime: 11.8122
    annual_cost: 9.605323309798344
    efficiency: 0.788289
    discharge_ratio: 5
    depth_of_discharge: 0.5
  VRBF:
    cost: 224.537
    lifetime: 22.6156
    annual_cost: 9.92841224641398
    efficiency: 0.721491
    discharge_ratio: 0.5
    depth_of_discharge: 1.0
