cost_values:
  wind_capex: 5000.0
  wind_opex: 100
  wind_lifetime: 20
  solar_capex: 1000.0
  solar_opex: 10
  solar_lifetime: 20
  carbon_price: 1.0
timeseries_values:
  load_level: 244759.89362174043
  wind_year: 2015
  solar_year: 2018
  price_year: 2023
  carbon_year: 2023
storage_values:
  CAES:
    cost: 38.4032
    lifetime: 26.6795
    annual_cost: 1.439427275623606
    efficiency: 0.596509
    discharge_ratio: 0.1
    depth_of_discharge: 0.4
  Li-ion:
    cost: 227.254
    lifetime: 16.0539
    annual_cost: 14.155688025962538
    efficiency: 0.934549
    discharge_ratio: 2
    depth_of_discharge: 0.9
  Pb-acid:
    cost: 123.064
    lifetime: 10.6224
    annual_cost: 11.585329115830696
    efficiency: 0.770677
    discharge_ratio: 5
    depth_of_discharge: 0.5
  VRBF:
    cost: 195.734
    lifetime: 23.9619
    annual_cost: 8.168550907899624
    efficiency: 0.74461
    discharge_ratio: 0.5
    depth_of_discharge: 1.0
