cost_values:
  wind_capex: 5000.0
  wind_opex: 100
  wind_lifetime: 20
  solar_capex: 1000.0
  solar_opex: 10
  solar_lifetime: 20
  carbon_price: 1.0
timeseries_values:
  load_level: 244759.89362174043
  wind_year: 2015
  solar_year: 2018
  price_year: 2023
  carbon_year: 2023
storage_values:
  CAES:
    cost: 39.2789
    lifetime: 26.4964
    annual_cost: 1.482424027415045
    efficiency: 0.602087
    discharge_ratio: 0.1
    depth_of_discharge: 0.4
  Li-ion:
    cost: 222.17
    lifetime: 19.026
    annual_cost: 11.677178597708398
    efficiency: 0.948343
    discharge_ratio: 2
    depth_of_discharge: 0.9
  Pb-acid:
    cost: 99.0091
    lifetime: 10.2605
    annual_cost: 9.64953949612592
    efficiency: 0.782915
    discharge_ratio: 5
    depth_of_discharge: 0.5
  VRBF:
    cost: 212.629
    lifetime: 24.4248
    annual_cost: 8.705455111198454
    efficiency: 0.746476
    discharge_ratio: 0.5
    depth_of_discharge: 1.0
