cost_values:
  wind_capex: 5000.0
  wind_opex: 100
  wind_lifetime: 20
  solar_capex: 1000.0
  solar_opex: 10
  solar_lifetime: 20
  carbon_price: 1.0
timeseries_values:
  load_level: 244759.89362174043
  wind_year: 2015
  solar_year: 2018
  price_year: 2023
  carbon_year: 2023
storage_values:
  CAES:
    cost: 50.8163
    lifetime: 26.5037
    annual_cost: 1.9173285239419402
    efficiency: 0.588147
    discharge_ratio: 0.1
    depth_of_discharge: 0.4
  Li-ion:
    cost: 236.876
    lifetime: 16.9892
    annual_cost: 13.94274009370659
    efficiency: 0.93246
    discharge_ratio: 2
    depth_of_discharge: 0.9
  Pb-acid:
    cost: 120.06
    lifetime: 9.77069
    annual_cost: 12.287770873909622
    efficiency: 0.783306
    discharge_ratio: 5
    depth_of_discharge: 0.5
  VRBF:
    cost: 216.792
    lifetime: 21.433
    annual_cost: 10.11486959361732
    efficiency: 0.730308
    discharge_ratio: 0.5
    depth_of_discharge: 1.0
