cost_values:
  wind_capex: 5000.0
  wind_opex: 100
  wind_lifetime: 20
  solar_capex: 1000.0
  solar_opex: 10
  solar_lifetime: 20
  carbon_price: 1.0
timeseries_values:
  load_level: 244759.89362174043
  wind_year: 2015
  solar_year: 2018
  price_year: 2023
  carbon_year: 2023
storage_values:
  CAES:
    cost: 50.495
    lifetime: 27.4475
    annual_cost: 1.8396939611986518
    efficiency: 0.595817
    discharge_ratio: 0.1
    depth_of_discharge: 0.4
  Li-ion:
    cost: 212.737
    lifetime: 18.1809
    annual_cost: 11.701125906858294
    efficiency: 0.928369
    discharge_ratio: 2
    depth_of_discharge: 0.9
  Pb-acid:
    cost: 114.48
    lifetime: 11.687
    annual_cost: 9.795499272696158
    efficiency: 0.784501
    discharge_ratio: 5
    depth_of_discharge: 0.5
  VRBF:
    cost: 192.808
    lifetime: 24.8046
    annual_cost: 7.773074349112664
    efficiency: 0.724754
    discharge_ratio: 0.5
    depth_of_discharge: 1.0
