cost_values:
  wind_capex: 5000.0
  wind_opex: 100
  wind_lifetime: 20
  solar_capex: 1000.0
  solar_opex: 10
  solar_lifetime: 20
  carbon_price: 1.0
timeseries_values:
  load_level: 244759.89362174043
  wind_year: 2015
  solar_year: 2018
  price_year: 2023
  carbon_year: 2023
storage_values:
  CAES:
    cost: 44.254
    lifetime: 26.5198
    annual_cost: 1.6687154503427626
    efficiency: 0.603969
    discharge_ratio: 0.1
    depth_of_discharge: 0.4
  Li-ion:
    cost: 218.401
    lifetime: 17.3829
    annual_cost: 12.564129115395016
    efficiency: 0.940376
    discharge_ratio: 2
    depth_of_discharge: 0.9
  Pb-acid:
    cost: 111.62
    lifetime: 10.8364
    annual_cost: 10.300468790373188
    efficiency: 0.779873
    discharge_ratio: 5
    depth_of_discharge: 0.5
  VRBF:
    cost: 220.273
    lifetime: 24.1684
    annual_cost: 9.11409112725708
    efficiency: 0.746984
    discharge_ratio: 0.5
    depth_of_discharge: 1.0
