cost_values:
  wind_capex: 5000.0
  wind_opex: 100
  wind_lifetime: 20
  solar_capex: 1000.0
  solar_opex: 10
  solar_lifetime: 20
  carbon_price: 1.0
timeseries_values:
  load_level: 244759.89362174043
  wind_year: 2015
  solar_year: 2018
  price_year: 2023
  carbon_year: 2023
storage_values:
  CAES:
    cost: 43.2021
    lifetime: 27.0007
    annual_cost: 1.6000362953553058
    efficiency: 0.586519
    discharge_ratio: 0.1
    depth_of_discharge: 0.4
  Li-ion:
    cost: 214.922
    lifetime: 19.0921
    annual_cost: 11.25711681795088
    efficiency: 0.93944
    discharge_ratio: 2
    depth_of_discharge: 0.9
  Pb-acid:
    cost: 115.982
    lifetime: 12.5734
    annual_cost: 9.224394356339575
    efficiency: 0.785794
    discharge_ratio: 5
    depth_of_discharge: 0.5
  VRBF:
    cost: 195.704
    lifetime: 24.1334
    annual_cost: 8.109259366686832
    efficiency: 0.770029
    discharge_ratio: 0.5
    depth_of_discharge: 1.0
