cost_values:
  wind_capex: 5000.0
  wind_opex: 100
  wind_lifetime: 20
  solar_capex: 1000.0
  solar_opex: 10
  solar_lifetime: 20
  carbon_price: 1.0
timeseries_values:
  load_level: 244759.89362174043
  wind_year: 2015
  solar_year: 2018
  price_year: 2023
  carbon_year: 2023
storage_values:
  CAES:
    cost: 47.5724
    lifetime: 27.1222
    annual_cost: 1.7540022564541227
    efficiency: 0.594603
    discharge_ratio: 0.1
    depth_of_discharge: 0.4
  Li-ion:
    cost: 205.899
    lifetime: 18.4691
    annual_cost: 11.14829634362259
    efficiency: 0.932091
    discharge_ratio: 2
    depth_of_discharge: 0.9
  Pb-acid:
    cost: 132.887
    lifetime: 10.4431
    annual_cost: 12.724861391732341
    efficiency: 0.756496
    discharge_ratio: 5
    depth_of_discharge: 0.5
  VRBF:
    cost: 254.809
    lifetime: 20.4736
    annual_cost: 12.445734995311033
    efficiency: 0.738688
    discharge_ratio: 0.5
    depth_of_discharge: 1.0
