cost_values:
  wind_capex: 5000.0
  wind_opex: 100
  wind_lifetime: 20
  solar_capex: 1000.0
  solar_opex: 10
  solar_lifetime: 20
  carbon_price: 1.0
timeseries_values:
  load_level: 244759.89362174043
  wind_year: 2015
  solar_year: 2018
  price_year: 2023
  carbon_year: 2023
storage_values:
  CAES:
    cost: 38.7942
    lifetime: 26.1048
    annual_cost: 1.4860945113542334
    efficiency: 0.589846
    discharge_ratio: 0.1
    depth_of_discharge: 0.4
  Li-ion:
    cost: 219.346
    lifetime: 19.4515
    annual_cost: 11.276559648356168
    efficiency: 0.913829
    discharge_ratio: 2
    depth_of_discharge: 0.9
  Pb-acid:
    cost: 125.662
    lifetime: 11.1963
    annual_cost: 11.223529201611246
    efficiency: 0.793891
    discharge_ratio: 5
    depth_of_discharge: 0.5
  VRBF:
    cost: 239.66
    lifetime: 21.5381
    annual_cost: 11.127258207548484
    efficiency: 0.74714
    discharge_ratio: 0.5
    depth_of_discharge: 1.0
