cost_values:
  wind_capex: 5000.0
  wind_opex: 100
  wind_lifetime: 20
  solar_capex: 1000.0
  solar_opex: 10
  solar_lifetime: 20
  carbon_price: 1.0
timeseries_values:
  load_level: 244759.89362174043
  wind_year: 2015
  solar_year: 2018
  price_year: 2023
  carbon_year: 2023
storage_values:
  CAES:
    cost: 37.7108
    lifetime: 27.3124
    annual_cost: 1.3807208447445116
    efficiency: 0.591581
    discharge_ratio: 0.1
    depth_of_discharge: 0.4
  Li-ion:
    cost: 194.995
    lifetime: 17.3967
    annual_cost: 11.208734989969363
    efficiency: 0.92501
    discharge_ratio: 2
    depth_of_discharge: 0.9
  Pb-acid:
    cost: 113.156
    lifetime: 9.52329
    annual_cost: 11.882028164636383
    efficiency: 0.79493
    discharge_ratio: 5
    depth_of_discharge: 0.5
  VRBF:
    cost: 228.434
    lifetime: 22.3074
    annual_cost: 10.240279010552552
    efficiency: 0.724147
    discharge_ratio: 0.5
    depth_of_discharge: 1.0
