cost_values:
  wind_capex: 5000.0
  wind_opex: 100
  wind_lifetime: 20
  solar_capex: 1000.0
  solar_opex: 10
  solar_lifetime: 20
  carbon_price: 1.0
timeseries_values:
  load_level: 244759.89362174043
  wind_year: 2015
  solar_year: 2018
  price_year: 2023
  carbon_year: 2023
storage_values:
  CAES:
    cost: 29.4695
    lifetime: 26.0822
    annual_cost: 1.1298701796627586
    efficiency: 0.60066
    discharge_ratio: 0.1
    depth_of_discharge: 0.4
  Li-ion:
    cost: 202.48
    lifetime: 19.4176
    annual_cost: 10.427653263019115
    efficiency: 0.943027
    discharge_ratio: 2
    depth_of_discharge: 0.9
  Pb-acid:
    cost: 144.517
    lifetime: 11.3441
    annual_cost: 12.73939757230631
    efficiency: 0.782811
    discharge_ratio: 5
    depth_of_discharge: 0.5
  VRBF:
    cost: 227.844
    lifetime: 23.2374
    annual_cost: 9.805055643058173
    efficiency: 0.73489
    discharge_ratio: 0.5
    depth_of_discharge: 1.0
