cost_values:
  wind_capex: 5000.0
  wind_opex: 100
  wind_lifetime: 20
  solar_capex: 1000.0
  solar_opex: 10
  solar_lifetime: 20
  carbon_price: 1.0
timeseries_values:
  load_level: 244759.89362174043
  wind_year: 2015
  solar_year: 2018
  price_year: 2023
  carbon_year: 2023
storage_values:
  CAES:
    cost: 39.0271
    lifetime: 25.8564
    annual_cost: 1.5093787224826347
    efficiency: 0.582994
    discharge_ratio: 0.1
    depth_of_discharge: 0.4
  Li-ion:
    cost: 194.519
    lifetime: 17.7067
    annual_cost: 10.985615614428436
    efficiency: 0.931921
    discharge_ratio: 2
    depth_of_discharge: 0.9
  Pb-acid:
    cost: 115.693
    lifetime: 10.7159
    annual_cost: 10.796386677740553
    efficiency: 0.764605
    discharge_ratio: 5
    depth_of_discharge: 0.5
  VRBF:
    cost: 225.247
    lifetime: 23.7086
    annual_cost: 9.500645335447897
    efficiency: 0.72378
    discharge_ratio: 0.5
    depth_of_discharge: 1.0
