cost_values:
  wind_capex: 5000.0
  wind_opex: 100
  wind_lifetime: 20
  solar_capex: 1000.0
  solar_opex: 10
  solar_lifetime: 20
  carbon_price: 1.0
timeseries_values:
  load_level: 244759.89362174043
  wind_year: 2015
  solar_year: 2018
  price_year: 2023
  carbon_year: 2023
storage_values:
  CAES:
    cost: 41.7228
    lifetime: 26.9791
    annual_cost: 1.5464859835947085
    efficiency: 0.598783
    discharge_ratio: 0.1
    depth_of_discharge: 0.4
  Li-ion:
    cost: 204.231
    lifetime: 16.8572
    annual_cost: 12.115357236077166
    efficiency: 0.926503
    discharge_ratio: 2
    depth_of_discharge: 0.9
  Pb-acid:
    cost: 126.814
    lifetime: 11.368
    annual_cost: 11.155348346235044
    efficiency: 0.783293
    discharge_ratio: 5
    depth_of_discharge: 0.5
  VRBF:
    cost: 234.325
    lifetime: 21.2625
    annual_cost: 11.020576131687243
    efficiency: 0.734543
    discharge_ratio: 0.5
    depth_of_discharge: 1.0
