cost_values:
  wind_capex: 5000.0
  wind_opex: 100
  wind_lifetime: 20
  solar_capex: 1000.0
  solar_opex: 10
  solar_lifetime: 20
  carbon_price: 1.0
timeseries_values:
  load_level: 244759.89362174043
  wind_year: 2015
  solar_year: 2018
  price_year: 2023
  carbon_year: 2023
storage_values:
  CAES:
    cost: 50.7451
    lifetime: 27.4981
    annual_cost: 1.8454038642669857
    efficiency: 0.599328
    discharge_ratio: 0.1
    depth_of_discharge: 0.4
  Li-ion:
    cost: 238.461
    lifetime: 15.4568
    annual_cost: 15.427578800269139
    efficiency: 0.915086
    discharge_ratio: 2
    depth_of_discharge: 0.9
  Pb-acid:
    cost: 130.993
    lifetime: 11.9828
    annual_cost: 10.931752178121975
    efficiency: 0.786576
    discharge_ratio: 5
    depth_of_discharge: 0.5
  VRBF:
    cost: 198.654
    lifetime: 25.382
    annual_cost: 7.826570010243479
    efficiency: 0.698936
    discharge_ratio: 0.5
    depth_of_discharge: 1.0
