cost_values:
  wind_capex: 5000.0
  wind_opex: 100
  wind_lifetime: 20
  solar_capex: 1000.0
  solar_opex: 10
  solar_lifetime: 20
  carbon_price: 1.0
timeseries_values:
  load_level: 244759.89362174043
  wind_year: 2015
  solar_year: 2018
  price_year: 2023
  carbon_year: 2023
storage_values:
  CAES:
    cost: 41.7354
    lifetime: 27.3785
    annual_cost: 1.524385923260953
    efficiency: 0.591059
    discharge_ratio: 0.1
    depth_of_discharge: 0.4
  Li-ion:
    cost: 222.078
    lifetime: 16.08
    annual_cost: 13.81082089552239
    efficiency: 0.932324
    discharge_ratio: 2
    depth_of_discharge: 0.9
  Pb-acid:
    cost: 124.376
    lifetime: 11.6416
    annual_cost: 10.68375481033535
    efficiency: 0.772187
    discharge_ratio: 5
    depth_of_discharge: 0.5
  VRBF:
    cost: 197.344
    lifetime: 23.1003
    annual_cost: 8.54291935602568
    efficiency: 0.747272
    discharge_ratio: 0.5
    depth_of_discharge: 1.0
