cost_values:
  wind_capex: 5000.0
  wind_opex: 100
  wind_lifetime: 20
  solar_capex: 1000.0
  solar_opex: 10
  solar_lifetime: 20
  carbon_price: 1.0
timeseries_values:
  load_level: 244759.89362174043
  wind_year: 2015
  solar_year: 2018
  price_year: 2023
  carbon_year: 2023
storage_values:
  CAES:
    cost: 47.4831
    lifetime: 26.2472
    annual_cost: 1.8090729677832302
    efficiency: 0.593823
    discharge_ratio: 0.1
    depth_of_discharge: 0.4
  Li-ion:
    cost: 189.225
    lifetime: 18.55
    annual_cost: 10.200808625336926
    efficiency: 0.934239
    discharge_ratio: 2
    depth_of_discharge: 0.9
  Pb-acid:
    cost: 111.974
    lifetime: 12.0108
    annual_cost: 9.322776168115363
    efficiency: 0.782874
    discharge_ratio: 5
    depth_of_discharge: 0.5
  VRBF:
    cost: 211.222
    lifetime: 21.3377
    annual_cost: 9.899005047404358
    efficiency: 0.717325
    discharge_ratio: 0.5
    depth_of_discharge: 1.0
