cost_values:
  wind_capex: 5000.0
  wind_opex: 100
  wind_lifetime: 20
  solar_capex: 1000.0
  solar_opex: 10
  solar_lifetime: 20
  carbon_price: 1.0
timeseries_values:
  load_level: 244759.89362174043
  wind_year: 2015
  solar_year: 2018
  price_year: 2023
  carbon_year: 2023
storage_values:
  CAES:
    cost: 45.509
    lifetime: 26.9868
    annual_cost: 1.6863429528510236
    efficiency: 0.594335
    discharge_ratio: 0.1
    depth_of_discharge: 0.4
  Li-ion:
    cost: 210.95
    lifetime: 19.5288
    annual_cost: 10.801995002253081
    efficiency: 0.935949
    discharge_ratio: 2
    depth_of_discharge: 0.9
  Pb-acid:
    cost: 99.0921
    lifetime: 11.9938
    annual_cost: 8.26194367089663
    efficiency: 0.787321
    discharge_ratio: 5
    depth_of_discharge: 0.5
  VRBF:
    cost: 248.824
    lifetime: 22.8732
    annual_cost: 10.878407918437299
    efficiency: 0.737365
    discharge_ratio: 0.5
    depth_of_discharge: 1.0
