cost_values:
  wind_capex: 5000.0
  wind_opex: 100
  wind_lifetime: 20
  solar_capex: 1000.0
  solar_opex: 10
  solar_lifetime: 20
  carbon_price: 1.0
timeseries_values:
  load_level: 244759.89362174043
  wind_year: 2015
  solar_year: 2018
  price_year: 2023
  carbon_year: 2023
storage_values:
  CAES:
    cost: 39.982
    lifetime: 27.6023
    annual_cost: 1.4485024798658084
    efficiency: 0.59722
    discharge_ratio: 0.1
    depth_of_discharge: 0.4
  Li-ion:
    cost: 203.482
    lifetime: 18.821
    annual_cost: 10.811434036448647
    efficiency: 0.937132
    discharge_ratio: 2
    depth_of_discharge: 0.9
  Pb-acid:
    cost: 125.62
    lifetime: 11.1204
    annual_cost: 11.296356246178195
    efficiency: 0.778538
    discharge_ratio: 5
    depth_of_discharge: 0.5
  VRBF:
    cost: 230.552
    lifetime: 22.1853
    annual_cost: 10.392106484924701
    efficiency: 0.738973
    discharge_ratio: 0.5
    depth_of_discharge: 1.0
