cost_values:
  wind_capex: 5000.0
  wind_opex: 100
  wind_lifetime: 20
  solar_capex: 1000.0
  solar_opex: 10
  solar_lifetime: 20
  carbon_price: 1.0
timeseries_values:
  load_level: 244759.89362174043
  wind_year: 2015
  solar_year: 2018
  price_year: 2023
  carbon_year: 2023
storage_values:
  CAES:
    cost: 40.735
    lifetime: 27.0035
    annual_cost: 1.5085081563501028
    efficiency: 0.593799
    discharge_ratio: 0.1
    depth_of_discharge: 0.4
  Li-ion:
    cost: 190.087
    lifetime: 16.8094
    annual_cost: 11.308375075850416
    efficiency: 0.936047
    discharge_ratio: 2
    depth_of_discharge: 0.9
  Pb-acid:
    cost: 126.429
    lifetime: 11.3136
    annual_cost: 11.174957573186255
    efficiency: 0.78232
    discharge_ratio: 5
    depth_of_discharge: 0.5
  VRBF:
    cost: 258.774
    lifetime: 24.7456
    annual_cost: 10.457374240268978
    efficiency: 0.728864
    discharge_ratio: 0.5
    depth_of_discharge: 1.0
