cost_values:
  wind_capex: 5000.0
  wind_opex: 100
  wind_lifetime: 20
  solar_capex: 1000.0
  solar_opex: 10
  solar_lifetime: 20
  carbon_price: 1.0
timeseries_values:
  load_level: 244759.89362174043
  wind_year: 2015
  solar_year: 2018
  price_year: 2023
  carbon_year: 2023
storage_values:
  CAES:
    cost: 48.5605
    lifetime: 25.5835
    annual_cost: 1.8981179275705042
    efficiency: 0.600604
    discharge_ratio: 0.1
    depth_of_discharge: 0.4
  Li-ion:
    cost: 198.856
    lifetime: 17.5293
    annual_cost: 11.344206557021673
    efficiency: 0.940463
    discharge_ratio: 2
    depth_of_discharge: 0.9
  Pb-acid:
    cost: 147.237
    lifetime: 10.7575
    annual_cost: 13.686916105042993
    efficiency: 0.778945
    discharge_ratio: 5
    depth_of_discharge: 0.5
  VRBF:
    cost: 230.393
    lifetime: 22.7827
    annual_cost: 10.112629319615323
    efficiency: 0.746977
    discharge_ratio: 0.5
    depth_of_discharge: 1.0
