cost_values:
  wind_capex: 5000.0
  wind_opex: 100
  wind_lifetime: 20
  solar_capex: 1000.0
  solar_opex: 10
  solar_lifetime: 20
  carbon_price: 1.0
timeseries_values:
  load_level: 244759.89362174043
  wind_year: 2015
  solar_year: 2018
  price_year: 2023
  carbon_year: 2023
storage_values:
  CAES:
    cost: 32.7043
    lifetime: 25.8024
    annual_cost: 1.2674906210275014
    efficiency: 0.591663
    discharge_ratio: 0.1
    depth_of_discharge: 0.4
  Li-ion:
    cost: 217.776
    lifetime: 15.8945
    annual_cost: 13.701343231935574
    efficiency: 0.928332
    discharge_ratio: 2
    depth_of_discharge: 0.9
  Pb-acid:
    cost: 137.962
    lifetime: 10.9955
    annual_cost: 12.547132918011913
    efficiency: 0.774536
    discharge_ratio: 5
    depth_of_discharge: 0.5
  VRBF:
    cost: 217.185
    lifetime: 23.1461
    annual_cost: 9.383222227502689
    efficiency: 0.742743
    discharge_ratio: 0.5
    depth_of_discharge: 1.0
