cost_values:
  wind_capex: 5000.0
  wind_opex: 100
  wind_lifetime: 20
  solar_capex: 1000.0
  solar_opex: 10
  solar_lifetime: 20
  carbon_price: 1.0
timeseries_values:
  load_level: 244759.89362174043
  wind_year: 2015
  solar_year: 2018
  price_year: 2023
  carbon_year: 2023
storage_values:
  CAES:
    cost: 31.0206
    lifetime: 27.6309
    annual_cost: 1.1226778715134145
    efficiency: 0.600854
    discharge_ratio: 0.1
    depth_of_discharge: 0.4
  Li-ion:
    cost: 201.585
    lifetime: 18.3837
    annual_cost: 10.96542045398913
    efficiency: 0.936911
    discharge_ratio: 2
    depth_of_discharge: 0.9
  Pb-acid:
    cost: 126.701
    lifetime: 10.562
    annual_cost: 11.995928801363378
    efficiency: 0.773645
    discharge_ratio: 5
    depth_of_discharge: 0.5
  VRBF:
    cost: 205.192
    lifetime: 23.6016
    annual_cost: 8.693986848349263
    efficiency: 0.759765
    discharge_ratio: 0.5
    depth_of_discharge: 1.0
