cost_values:
  wind_capex: 5000.0
  wind_opex: 100
  wind_lifetime: 20
  solar_capex: 1000.0
  solar_opex: 10
  solar_lifetime: 20
  carbon_price: 1.0
timeseries_values:
  load_level: 244759.89362174043
  wind_year: 2015
  solar_year: 2018
  price_year: 2023
  carbon_year: 2023
storage_values:
  CAES:
    cost: 37.9307
    lifetime: 26.9188
    annual_cost: 1.4090784135994174
    efficiency: 0.596419
    discharge_ratio: 0.1
    depth_of_discharge: 0.4
  Li-ion:
    cost: 196.777
    lifetime: 21.1908
    annual_cost: 9.28596372010495
    efficiency: 0.934496
    discharge_ratio: 2
    depth_of_discharge: 0.9
  Pb-acid:
    cost: 101.176
    lifetime: 9.48522
    annual_cost: 10.666700403364393
    efficiency: 0.772437
    discharge_ratio: 5
    depth_of_discharge: 0.5
  VRBF:
    cost: 207.824
    lifetime: 23.0297
    annual_cost: 9.024173132954404
    efficiency: 0.730695
    discharge_ratio: 0.5
    depth_of_discharge: 1.0
