cost_values:
  wind_capex: 5000.0
  wind_opex: 100
  wind_lifetime: 20
  solar_capex: 1000.0
  solar_opex: 10
  solar_lifetime: 20
  carbon_price: 1.0
timeseries_values:
  load_level: 244759.89362174043
  wind_year: 2015
  solar_year: 2018
  price_year: 2023
  carbon_year: 2023
storage_values:
  CAES:
    cost: 44.6066
    lifetime: 26.6993
    annual_cost: 1.6707029772316129
    efficiency: 0.588641
    discharge_ratio: 0.1
    depth_of_discharge: 0.4
  Li-ion:
    cost: 198.134
    lifetime: 18.6916
    annual_cost: 10.600162639902415
    efficiency: 0.929586
    discharge_ratio: 2
    depth_of_discharge: 0.9
  Pb-acid:
    cost: 114.585
    lifetime: 11.6706
    annual_cost: 9.81826127191404
    efficiency: 0.782772
    discharge_ratio: 5
    depth_of_discharge: 0.5
  VRBF:
    cost: 232.817
    lifetime: 21.1537
    annual_cost: 11.005970586705871
    efficiency: 0.732952
    discharge_ratio: 0.5
    depth_of_discharge: 1.0
