cost_values:
  wind_capex: 5000.0
  wind_opex: 100
  wind_lifetime: 20
  solar_capex: 1000.0
  solar_opex: 10
  solar_lifetime: 20
  carbon_price: 1.0
timeseries_values:
  load_level: 244759.89362174043
  wind_year: 2015
  solar_year: 2018
  price_year: 2023
  carbon_year: 2023
storage_values:
  CAES:
    cost: 41.118
    lifetime: 28.2977
    annual_cost: 1.4530509546712278
    efficiency: 0.596191
    discharge_ratio: 0.1
    depth_of_discharge: 0.4
  Li-ion:
    cost: 207.46
    lifetime: 16.6702
    annual_cost: 12.444961668126357
    efficiency: 0.929212
    discharge_ratio: 2
    depth_of_discharge: 0.9
  Pb-acid:
    cost: 118.697
    lifetime: 11.3983
    annual_cost: 10.41357044471544
    efficiency: 0.769618
    discharge_ratio: 5
    depth_of_discharge: 0.5
  VRBF:
    cost: 197.441
    lifetime: 26.228
    annual_cost: 7.527870977581211
    efficiency: 0.747947
    discharge_ratio: 0.5
    depth_of_discharge: 1.0
