cost_values:
  wind_capex: 5000.0
  wind_opex: 100
  wind_lifetime: 20
  solar_capex: 1000.0
  solar_opex: 10
  solar_lifetime: 20
  carbon_price: 1.0
timeseries_values:
  load_level: 244759.89362174043
  wind_year: 2015
  solar_year: 2018
  price_year: 2023
  carbon_year: 2023
storage_values:
  CAES:
    cost: 36.0591
    lifetime: 27.3005
    annual_cost: 1.3208219629677114
    efficiency: 0.594694
    discharge_ratio: 0.1
    depth_of_discharge: 0.4
  Li-ion:
    cost: 208.036
    lifetime: 19.9098
    annual_cost: 10.448924650172277
    efficiency: 0.923189
    discharge_ratio: 2
    depth_of_discharge: 0.9
  Pb-acid:
    cost: 132.844
    lifetime: 11.0661
    annual_cost: 12.004590596506446
    efficiency: 0.76692
    discharge_ratio: 5
    depth_of_discharge: 0.5
  VRBF:
    cost: 252.161
    lifetime: 23.2633
    annual_cost: 10.839433786264202
    efficiency: 0.751347
    discharge_ratio: 0.5
    depth_of_discharge: 1.0
