cost_values:
  wind_capex: 5000.0
  wind_opex: 100
  wind_lifetime: 20
  solar_capex: 1000.0
  solar_opex: 10
  solar_lifetime: 20
  carbon_price: 1.0
timeseries_values:
  load_level: 244759.89362174043
  wind_year: 2015
  solar_year: 2018
  price_year: 2023
  carbon_year: 2023
storage_values:
  CAES:
    cost: 40.9483
    lifetime: 26.0765
    annual_cost: 1.5703142676356108
    efficiency: 0.580509
    discharge_ratio: 0.1
    depth_of_discharge: 0.4
  Li-ion:
    cost: 220.781
    lifetime: 18.1295
    annual_cost: 12.177997186905321
    efficiency: 0.919301
    discharge_ratio: 2
    depth_of_discharge: 0.9
  Pb-acid:
    cost: 122.546
    lifetime: 11.129
    annual_cost: 11.01141162728008
    efficiency: 0.785164
    discharge_ratio: 5
    depth_of_discharge: 0.5
  VRBF:
    cost: 227.629
    lifetime: 22.0718
    annual_cost: 10.31311447186002
    efficiency: 0.722989
    discharge_ratio: 0.5
    depth_of_discharge: 1.0
