cost_values:
  wind_capex: 5000.0
  wind_opex: 100
  wind_lifetime: 20
  solar_capex: 1000.0
  solar_opex: 10
  solar_lifetime: 20
  carbon_price: 1.0
timeseries_values:
  load_level: 244759.89362174043
  wind_year: 2015
  solar_year: 2018
  price_year: 2023
  carbon_year: 2023
storage_values:
  CAES:
    cost: 45.3471
    lifetime: 26.4081
    annual_cost: 1.7171663239687822
    efficiency: 0.589564
    discharge_ratio: 0.1
    depth_of_discharge: 0.4
  Li-ion:
    cost: 200.426
    lifetime: 16.9805
    annual_cost: 11.803303789641058
    efficiency: 0.919692
    discharge_ratio: 2
    depth_of_discharge: 0.9
  Pb-acid:
    cost: 126.446
    lifetime: 10.5725
    annual_cost: 11.959895956490897
    efficiency: 0.7799
    discharge_ratio: 5
    depth_of_discharge: 0.5
  VRBF:
    cost: 214.758
    lifetime: 23.7327
    annual_cost: 9.049033611852002
    efficiency: 0.723814
    discharge_ratio: 0.5
    depth_of_discharge: 1.0
