cost_values:
  wind_capex: 5000.0
  wind_opex: 100
  wind_lifetime: 20
  solar_capex: 1000.0
  solar_opex: 10
  solar_lifetime: 20
  carbon_price: 1.0
timeseries_values:
  load_level: 236768.18841863016
  wind_year: 2013
  solar_year: 2010
  price_year: 2023
  carbon_year: 2023
storage_values:
  CAES:
    cost: 50.755
    lifetime: 25.7749
    annual_cost: 1.9691637988896176
    efficiency: 0.61886
    discharge_ratio: 0.1
    depth_of_discharge: 0.4
  Li-ion:
    cost: 195.644
    lifetime: 27.4475
    annual_cost: 7.127935148920667
    efficiency: 0.899385
    discharge_ratio: 2
    depth_of_discharge: 0.9
  Pb-acid:
    cost: 137.66
    lifetime: 10.0533
    annual_cost: 13.693016223528591
    efficiency: 0.74436
    discharge_ratio: 5
    depth_of_discharge: 0.5
  VRBF:
    cost: 169.283
    lifetime: 24.2874
    annual_cost: 6.969992671096946
    efficiency: 0.81865
    discharge_ratio: 0.5
    depth_of_discharge: 1.0
