cost_values:
  wind_capex: 5000.0
  wind_opex: 100
  wind_lifetime: 20
  solar_capex: 1000.0
  solar_opex: 10
  solar_lifetime: 20
  carbon_price: 1.0
timeseries_values:
  load_level: 236768.18841863016
  wind_year: 2013
  solar_year: 2010
  price_year: 2023
  carbon_year: 2023
storage_values:
  CAES:
    cost: 51.3686
    lifetime: 25.2474
    annual_cost: 2.034609504345002
    efficiency: 0.632774
    discharge_ratio: 0.1
    depth_of_discharge: 0.4
  Li-ion:
    cost: 175.615
    lifetime: 27.3105
    annual_cost: 6.43031068636605
    efficiency: 0.88938
    discharge_ratio: 2
    depth_of_discharge: 0.9
  Pb-acid:
    cost: 159.509
    lifetime: 7.95006
    annual_cost: 20.063873731770578
    efficiency: 0.725955
    discharge_ratio: 5
    depth_of_discharge: 0.5
  VRBF:
    cost: 201.908
    lifetime: 25.8117
    annual_cost: 7.822344130762406
    efficiency: 0.813467
    discharge_ratio: 0.5
    depth_of_discharge: 1.0
