cost_values:
  wind_capex: 5000.0
  wind_opex: 100
  wind_lifetime: 20
  solar_capex: 1000.0
  solar_opex: 10
  solar_lifetime: 20
  carbon_price: 1.0
timeseries_values:
  load_level: 236768.18841863016
  wind_year: 2013
  solar_year: 2010
  price_year: 2023
  carbon_year: 2023
storage_values:
  CAES:
    cost: 53.9048
    lifetime: 25.1393
    annual_cost: 2.1442442709224205
    efficiency: 0.626025
    discharge_ratio: 0.1
    depth_of_discharge: 0.4
  Li-ion:
    cost: 163.887
    lifetime: 29.4395
    annual_cost: 5.5669084053737325
    efficiency: 0.903623
    discharge_ratio: 2
    depth_of_discharge: 0.9
  Pb-acid:
    cost: 169.929
    lifetime: 9.25644
    annual_cost: 18.35792161997485
    efficiency: 0.723773
    discharge_ratio: 5
    depth_of_discharge: 0.5
  VRBF:
    cost: 162.882
    lifetime: 25.1802
    annual_cost: 6.468653942383302
    efficiency: 0.821943
    discharge_ratio: 0.5
    depth_of_discharge: 1.0
