cost_values:
  wind_capex: 5000.0
  wind_opex: 100
  wind_lifetime: 20
  solar_capex: 1000.0
  solar_opex: 10
  solar_lifetime: 20
  carbon_price: 1.0
timeseries_values:
  load_level: 236768.18841863016
  wind_year: 2013
  solar_year: 2010
  price_year: 2023
  carbon_year: 2023
storage_values:
  CAES:
    cost: 54.7868
    lifetime: 26.0976
    annual_cost: 2.0993041505732326
    efficiency: 0.624099
    discharge_ratio: 0.1
    depth_of_discharge: 0.4
  Li-ion:
    cost: 156.065
    lifetime: 27.064
    annual_cost: 5.766516405557198
    efficiency: 0.889877
    discharge_ratio: 2
    depth_of_discharge: 0.9
  Pb-acid:
    cost: 157.06
    lifetime: 8.79178
    annual_cost: 17.86441425968348
    efficiency: 0.728334
    discharge_ratio: 5
    depth_of_discharge: 0.5
  VRBF:
    cost: 152.676
    lifetime: 23.8583
    annual_cost: 6.399282430013873
    efficiency: 0.817106
    discharge_ratio: 0.5
    depth_of_discharge: 1.0
