cost_values:
  wind_capex: 5000.0
  wind_opex: 100
  wind_lifetime: 20
  solar_capex: 1000.0
  solar_opex: 10
  solar_lifetime: 20
  carbon_price: 1.0
timeseries_values:
  load_level: 236768.18841863016
  wind_year: 2013
  solar_year: 2010
  price_year: 2023
  carbon_year: 2023
storage_values:
  CAES:
    cost: 54.3694
    lifetime: 27.0407
    annual_cost: 2.0106506118554623
    efficiency: 0.633458
    discharge_ratio: 0.1
    depth_of_discharge: 0.4
  Li-ion:
    cost: 170.537
    lifetime: 24.3407
    annual_cost: 7.006248793173574
    efficiency: 0.902129
    discharge_ratio: 2
    depth_of_discharge: 0.9
  Pb-acid:
    cost: 170.855
    lifetime: 9.44361
    annual_cost: 18.092127904477206
    efficiency: 0.751739
    discharge_ratio: 5
    depth_of_discharge: 0.5
  VRBF:
    cost: 186.1
    lifetime: 24.5442
    annual_cost: 7.58223938853171
    efficiency: 0.820167
    discharge_ratio: 0.5
    depth_of_discharge: 1.0
