cost_values:
  wind_capex: 5000.0
  wind_opex: 100
  wind_lifetime: 20
  solar_capex: 1000.0
  solar_opex: 10
  solar_lifetime: 20
  carbon_price: 1.0
timeseries_values:
  load_level: 236768.18841863016
  wind_year: 2013
  solar_year: 2010
  price_year: 2023
  carbon_year: 2023
storage_values:
  CAES:
    cost: 51.2202
    lifetime: 23.5163
    annual_cost: 2.1780722307505855
    efficiency: 0.618579
    discharge_ratio: 0.1
    depth_of_discharge: 0.4
  Li-ion:
    cost: 177.71
    lifetime: 26.2679
    annual_cost: 6.765291477430629
    efficiency: 0.903426
    discharge_ratio: 2
    depth_of_discharge: 0.9
  Pb-acid:
    cost: 150.617
    lifetime: 9.49886
    annual_cost: 15.856323811488956
    efficiency: 0.74036
    discharge_ratio: 5
    depth_of_discharge: 0.5
  VRBF:
    cost: 153.547
    lifetime: 24.2838
    annual_cost: 6.323021932317018
    efficiency: 0.841956
    discharge_ratio: 0.5
    depth_of_discharge: 1.0
