cost_values:
  wind_capex: 5000.0
  wind_opex: 100
  wind_lifetime: 20
  solar_capex: 1000.0
  solar_opex: 10
  solar_lifetime: 20
  carbon_price: 1.0
timeseries_values:
  load_level: 236768.18841863016
  wind_year: 2013
  solar_year: 2010
  price_year: 2023
  carbon_year: 2023
storage_values:
  CAES:
    cost: 57.1961
    lifetime: 25.1726
    annual_cost: 2.27215702787952
    efficiency: 0.638465
    discharge_ratio: 0.1
    depth_of_discharge: 0.4
  Li-ion:
    cost: 181.434
    lifetime: 25.9815
    annual_cost: 6.983199584319612
    efficiency: 0.890457
    discharge_ratio: 2
    depth_of_discharge: 0.9
  Pb-acid:
    cost: 172.617
    lifetime: 9.40852
    annual_cost: 18.34688133734105
    efficiency: 0.721433
    discharge_ratio: 5
    depth_of_discharge: 0.5
  VRBF:
    cost: 174.338
    lifetime: 26.1028
    annual_cost: 6.678900347855403
    efficiency: 0.837847
    discharge_ratio: 0.5
    depth_of_discharge: 1.0
