cost_values:
  wind_capex: 5000.0
  wind_opex: 100
  wind_lifetime: 20
  solar_capex: 1000.0
  solar_opex: 10
  solar_lifetime: 20
  carbon_price: 1.0
timeseries_values:
  load_level: 236768.18841863016
  wind_year: 2013
  solar_year: 2010
  price_year: 2023
  carbon_year: 2023
storage_values:
  CAES:
    cost: 58.3526
    lifetime: 25.1836
    annual_cost: 2.3170873107895615
    efficiency: 0.627972
    discharge_ratio: 0.1
    depth_of_discharge: 0.4
  Li-ion:
    cost: 187.048
    lifetime: 25.8769
    annual_cost: 7.228377433154667
    efficiency: 0.889924
    discharge_ratio: 2
    depth_of_discharge: 0.9
  Pb-acid:
    cost: 153.544
    lifetime: 7.69067
    annual_cost: 19.964970542228443
    efficiency: 0.719984
    discharge_ratio: 5
    depth_of_discharge: 0.5
  VRBF:
    cost: 143.595
    lifetime: 26.2669
    annual_cost: 5.466766158168646
    efficiency: 0.810441
    discharge_ratio: 0.5
    depth_of_discharge: 1.0
