cost_values:
  wind_capex: 5000.0
  wind_opex: 100
  wind_lifetime: 20
  solar_capex: 1000.0
  solar_opex: 10
  solar_lifetime: 20
  carbon_price: 1.0
timeseries_values:
  load_level: 236768.18841863016
  wind_year: 2013
  solar_year: 2010
  price_year: 2023
  carbon_year: 2023
storage_values:
  CAES:
    cost: 57.4582
    lifetime: 24.382
    annual_cost: 2.3565827249610365
    efficiency: 0.615133
    discharge_ratio: 0.1
    depth_of_discharge: 0.4
  Li-ion:
    cost: 173.926
    lifetime: 26.947
    annual_cost: 6.454373399636323
    efficiency: 0.89628
    discharge_ratio: 2
    depth_of_discharge: 0.9
  Pb-acid:
    cost: 161.707
    lifetime: 8.80185
    annual_cost: 18.371933173139738
    efficiency: 0.711698
    discharge_ratio: 5
    depth_of_discharge: 0.5
  VRBF:
    cost: 143.138
    lifetime: 23.9131
    annual_cost: 5.985756760938565
    efficiency: 0.825329
    discharge_ratio: 0.5
    depth_of_discharge: 1.0
