cost_values:
  wind_capex: 5000.0
  wind_opex: 100
  wind_lifetime: 20
  solar_capex: 1000.0
  solar_opex: 10
  solar_lifetime: 20
  carbon_price: 1.0
timeseries_values:
  load_level: 236768.18841863016
  wind_year: 2013
  solar_year: 2010
  price_year: 2023
  carbon_year: 2023
storage_values:
  CAES:
    cost: 55.6676
    lifetime: 25.1087
    annual_cost: 2.217064204837367
    efficiency: 0.630155
    discharge_ratio: 0.1
    depth_of_discharge: 0.4
  Li-ion:
    cost: 164.381
    lifetime: 25.4003
    annual_cost: 6.471616476970744
    efficiency: 0.877489
    discharge_ratio: 2
    depth_of_discharge: 0.9
  Pb-acid:
    cost: 162.909
    lifetime: 10.2193
    annual_cost: 15.941307134539546
    efficiency: 0.730591
    discharge_ratio: 5
    depth_of_discharge: 0.5
  VRBF:
    cost: 198.885
    lifetime: 22.7708
    annual_cost: 8.734212236724225
    efficiency: 0.835457
    discharge_ratio: 0.5
    depth_of_discharge: 1.0
