cost_values:
  wind_capex: 5000.0
  wind_opex: 100
  wind_lifetime: 20
  solar_capex: 1000.0
  solar_opex: 10
  solar_lifetime: 20
  carbon_price: 1.0
timeseries_values:
  load_level: 236768.18841863016
  wind_year: 2013
  solar_year: 2010
  price_year: 2023
  carbon_year: 2023
storage_values:
  CAES:
    cost: 53.9781
    lifetime: 25.513
    annual_cost: 2.1157096382236507
    efficiency: 0.63162
    discharge_ratio: 0.1
    depth_of_discharge: 0.4
  Li-ion:
    cost: 188.081
    lifetime: 27.3226
    annual_cost: 6.883715312598361
    efficiency: 0.888634
    discharge_ratio: 2
    depth_of_discharge: 0.9
  Pb-acid:
    cost: 164.591
    lifetime: 9.10372
    annual_cost: 18.07953232305036
    efficiency: 0.728784
    discharge_ratio: 5
    depth_of_discharge: 0.5
  VRBF:
    cost: 186.76
    lifetime: 22.5669
    annual_cost: 8.275837620585902
    efficiency: 0.833692
    discharge_ratio: 0.5
    depth_of_discharge: 1.0
