cost_values:
  wind_capex: 5000.0
  wind_opex: 100
  wind_lifetime: 20
  solar_capex: 1000.0
  solar_opex: 10
  solar_lifetime: 20
  carbon_price: 1.0
timeseries_values:
  load_level: 236768.18841863016
  wind_year: 2013
  solar_year: 2010
  price_year: 2023
  carbon_year: 2023
storage_values:
  CAES:
    cost: 55.9955
    lifetime: 24.615
    annual_cost: 2.274852732073939
    efficiency: 0.629768
    discharge_ratio: 0.1
    depth_of_discharge: 0.4
  Li-ion:
    cost: 154.927
    lifetime: 28.6316
    annual_cost: 5.411049330110787
    efficiency: 0.898717
    discharge_ratio: 2
    depth_of_discharge: 0.9
  Pb-acid:
    cost: 152.082
    lifetime: 8.97204
    annual_cost: 16.950660050557065
    efficiency: 0.713248
    discharge_ratio: 5
    depth_of_discharge: 0.5
  VRBF:
    cost: 207.091
    lifetime: 25.5597
    annual_cost: 8.10224689648157
    efficiency: 0.816027
    discharge_ratio: 0.5
    depth_of_discharge: 1.0
