cost_values:
  wind_capex: 5000.0
  wind_opex: 100
  wind_lifetime: 20
  solar_capex: 1000.0
  solar_opex: 10
  solar_lifetime: 20
  carbon_price: 1.0
timeseries_values:
  load_level: 236768.18841863016
  wind_year: 2013
  solar_year: 2010
  price_year: 2023
  carbon_year: 2023
storage_values:
  CAES:
    cost: 58.1994
    lifetime: 25.8226
    annual_cost: 2.253816424372449
    efficiency: 0.631202
    discharge_ratio: 0.1
    depth_of_discharge: 0.4
  Li-ion:
    cost: 175.314
    lifetime: 26.9993
    annual_cost: 6.493279455393287
    efficiency: 0.886768
    discharge_ratio: 2
    depth_of_discharge: 0.9
  Pb-acid:
    cost: 155.139
    lifetime: 9.78767
    annual_cost: 15.850452661358629
    efficiency: 0.742758
    discharge_ratio: 5
    depth_of_discharge: 0.5
  VRBF:
    cost: 170.597
    lifetime: 25.7283
    annual_cost: 6.630714038626726
    efficiency: 0.829187
    discharge_ratio: 0.5
    depth_of_discharge: 1.0
