cost_values:
  wind_capex: 5000.0
  wind_opex: 100
  wind_lifetime: 20
  solar_capex: 1000.0
  solar_opex: 10
  solar_lifetime: 20
  carbon_price: 1.0
timeseries_values:
  load_level: 236768.18841863016
  wind_year: 2013
  solar_year: 2010
  price_year: 2023
  carbon_year: 2023
storage_values:
  CAES:
    cost: 56.144
    lifetime: 25.3224
    annual_cost: 2.217167409092345
    efficiency: 0.63931
    discharge_ratio: 0.1
    depth_of_discharge: 0.4
  Li-ion:
    cost: 208.494
    lifetime: 28.4632
    annual_cost: 7.32503724106917
    efficiency: 0.889754
    discharge_ratio: 2
    depth_of_discharge: 0.9
  Pb-acid:
    cost: 169.007
    lifetime: 9.31623
    annual_cost: 18.141136489760346
    efficiency: 0.730795
    discharge_ratio: 5
    depth_of_discharge: 0.5
  VRBF:
    cost: 179.864
    lifetime: 22.3045
    annual_cost: 8.06402295500908
    efficiency: 0.83149
    discharge_ratio: 0.5
    depth_of_discharge: 1.0
