cost_values:
  wind_capex: 5000.0
  wind_opex: 100
  wind_lifetime: 20
  solar_capex: 1000.0
  solar_opex: 10
  solar_lifetime: 20
  carbon_price: 1.0
timeseries_values:
  load_level: 236768.18841863016
  wind_year: 2013
  solar_year: 2010
  price_year: 2023
  carbon_year: 2023
storage_values:
  CAES:
    cost: 58.9363
    lifetime: 25.9878
    annual_cost: 2.2678449118432495
    efficiency: 0.630032
    discharge_ratio: 0.1
    depth_of_discharge: 0.4
  Li-ion:
    cost: 165.798
    lifetime: 27.2515
    annual_cost: 6.083995376401299
    efficiency: 0.882075
    discharge_ratio: 2
    depth_of_discharge: 0.9
  Pb-acid:
    cost: 164.938
    lifetime: 9.62093
    annual_cost: 17.143664905575655
    efficiency: 0.729428
    discharge_ratio: 5
    depth_of_discharge: 0.5
  VRBF:
    cost: 203.362
    lifetime: 23.4125
    annual_cost: 8.686043780032033
    efficiency: 0.825772
    discharge_ratio: 0.5
    depth_of_discharge: 1.0
