cost_values:
  wind_capex: 5000.0
  wind_opex: 100
  wind_lifetime: 20
  solar_capex: 1000.0
  solar_opex: 10
  solar_lifetime: 20
  carbon_price: 1.0
timeseries_values:
  load_level: 236768.18841863016
  wind_year: 2013
  solar_year: 2010
  price_year: 2023
  carbon_year: 2023
storage_values:
  CAES:
    cost: 51.2227
    lifetime: 23.5305
    annual_cost: 2.176864070036761
    efficiency: 0.62301
    discharge_ratio: 0.1
    depth_of_discharge: 0.4
  Li-ion:
    cost: 194.698
    lifetime: 28.9309
    annual_cost: 6.729759530467424
    efficiency: 0.892198
    discharge_ratio: 2
    depth_of_discharge: 0.9
  Pb-acid:
    cost: 167.045
    lifetime: 8.98785
    annual_cost: 18.585646177895715
    efficiency: 0.714287
    discharge_ratio: 5
    depth_of_discharge: 0.5
  VRBF:
    cost: 166.67
    lifetime: 24.2085
    annual_cost: 6.884771877646281
    efficiency: 0.816777
    discharge_ratio: 0.5
    depth_of_discharge: 1.0
