cost_values:
  wind_capex: 5000.0
  wind_opex: 100
  wind_lifetime: 20
  solar_capex: 1000.0
  solar_opex: 10
  solar_lifetime: 20
  carbon_price: 1.0
timeseries_values:
  load_level: 236768.18841863016
  wind_year: 2013
  solar_year: 2010
  price_year: 2023
  carbon_year: 2023
storage_values:
  CAES:
    cost: 49.4849
    lifetime: 25.5657
    annual_cost: 1.93559730420055
    efficiency: 0.635572
    discharge_ratio: 0.1
    depth_of_discharge: 0.4
  Li-ion:
    cost: 194.829
    lifetime: 28.372
    annual_cost: 6.866946285069788
    efficiency: 0.904106
    discharge_ratio: 2
    depth_of_discharge: 0.9
  Pb-acid:
    cost: 167.244
    lifetime: 7.96777
    annual_cost: 20.990063719208763
    efficiency: 0.72428
    discharge_ratio: 5
    depth_of_discharge: 0.5
  VRBF:
    cost: 150.727
    lifetime: 26.7491
    annual_cost: 5.6348437891368315
    efficiency: 0.813665
    discharge_ratio: 0.5
    depth_of_discharge: 1.0
