cost_values:
  wind_capex: 5000.0
  wind_opex: 100
  wind_lifetime: 20
  solar_capex: 1000.0
  solar_opex: 10
  solar_lifetime: 20
  carbon_price: 1.0
timeseries_values:
  load_level: 236768.18841863016
  wind_year: 2013
  solar_year: 2010
  price_year: 2023
  carbon_year: 2023
storage_values:
  CAES:
    cost: 55.2677
    lifetime: 25.1639
    annual_cost: 2.19630899820775
    efficiency: 0.625115
    discharge_ratio: 0.1
    depth_of_discharge: 0.4
  Li-ion:
    cost: 161.83
    lifetime: 26.5662
    annual_cost: 6.091575008845828
    efficiency: 0.881858
    discharge_ratio: 2
    depth_of_discharge: 0.9
  Pb-acid:
    cost: 155.9
    lifetime: 9.38647
    annual_cost: 16.60901275985541
    efficiency: 0.720317
    discharge_ratio: 5
    depth_of_discharge: 0.5
  VRBF:
    cost: 155.653
    lifetime: 21.7175
    annual_cost: 7.167169333486819
    efficiency: 0.821172
    discharge_ratio: 0.5
    depth_of_discharge: 1.0
