cost_values:
  wind_capex: 5000.0
  wind_opex: 100
  wind_lifetime: 20
  solar_capex: 1000.0
  solar_opex: 10
  solar_lifetime: 20
  carbon_price: 1.0
timeseries_values:
  load_level: 236768.18841863016
  wind_year: 2013
  solar_year: 2010
  price_year: 2023
  carbon_year: 2023
storage_values:
  CAES:
    cost: 56.3444
    lifetime: 26.059
    annual_cost: 2.1621858091254462
    efficiency: 0.631666
    discharge_ratio: 0.1
    depth_of_discharge: 0.4
  Li-ion:
    cost: 158.78
    lifetime: 25.9273
    annual_cost: 6.124046854088162
    efficiency: 0.899733
    discharge_ratio: 2
    depth_of_discharge: 0.9
  Pb-acid:
    cost: 136.681
    lifetime: 8.97142
    annual_cost: 15.235157867985226
    efficiency: 0.746018
    discharge_ratio: 5
    depth_of_discharge: 0.5
  VRBF:
    cost: 177.143
    lifetime: 24.0451
    annual_cost: 7.367114297715543
    efficiency: 0.836358
    discharge_ratio: 0.5
    depth_of_discharge: 1.0
