cost_values:
  wind_capex: 5000.0
  wind_opex: 100
  wind_lifetime: 20
  solar_capex: 1000.0
  solar_opex: 10
  solar_lifetime: 20
  carbon_price: 1.0
timeseries_values:
  load_level: 236768.18841863016
  wind_year: 2013
  solar_year: 2010
  price_year: 2023
  carbon_year: 2023
storage_values:
  CAES:
    cost: 55.8355
    lifetime: 25.3229
    annual_cost: 2.2049409822729626
    efficiency: 0.627563
    discharge_ratio: 0.1
    depth_of_discharge: 0.4
  Li-ion:
    cost: 183.177
    lifetime: 28.1022
    annual_cost: 6.518244123235903
    efficiency: 0.869413
    discharge_ratio: 2
    depth_of_discharge: 0.9
  Pb-acid:
    cost: 164.755
    lifetime: 8.26454
    annual_cost: 19.935168805523354
    efficiency: 0.731312
    discharge_ratio: 5
    depth_of_discharge: 0.5
  VRBF:
    cost: 174.779
    lifetime: 23.4961
    annual_cost: 7.438638752814297
    efficiency: 0.824127
    discharge_ratio: 0.5
    depth_of_discharge: 1.0
