cost_values:
  wind_capex: 5000.0
  wind_opex: 100
  wind_lifetime: 20
  solar_capex: 1000.0
  solar_opex: 10
  solar_lifetime: 20
  carbon_price: 1.0
timeseries_values:
  load_level: 236768.18841863016
  wind_year: 2013
  solar_year: 2010
  price_year: 2023
  carbon_year: 2023
storage_values:
  CAES:
    cost: 47.7973
    lifetime: 25.2198
    annual_cost: 1.8952291453540473
    efficiency: 0.634435
    discharge_ratio: 0.1
    depth_of_discharge: 0.4
  Li-ion:
    cost: 167.377
    lifetime: 27.9582
    annual_cost: 5.986687268851357
    efficiency: 0.895912
    discharge_ratio: 2
    depth_of_discharge: 0.9
  Pb-acid:
    cost: 153.879
    lifetime: 8.65376
    annual_cost: 17.781750360536922
    efficiency: 0.730072
    discharge_ratio: 5
    depth_of_discharge: 0.5
  VRBF:
    cost: 161.223
    lifetime: 23.1544
    annual_cost: 6.962953045641434
    efficiency: 0.821656
    discharge_ratio: 0.5
    depth_of_discharge: 1.0
