cost_values:
  wind_capex: 5000.0
  wind_opex: 100
  wind_lifetime: 20
  solar_capex: 1000.0
  solar_opex: 10
  solar_lifetime: 20
  carbon_price: 1.0
timeseries_values:
  load_level: 236768.18841863016
  wind_year: 2013
  solar_year: 2010
  price_year: 2023
  carbon_year: 2023
storage_values:
  CAES:
    cost: 58.3848
    lifetime: 25.4104
    annual_cost: 2.297673393571136
    efficiency: 0.6251
    discharge_ratio: 0.1
    depth_of_discharge: 0.4
  Li-ion:
    cost: 172.09
    lifetime: 26.6049
    annual_cost: 6.468357332671801
    efficiency: 0.888102
    discharge_ratio: 2
    depth_of_discharge: 0.9
  Pb-acid:
    cost: 156.918
    lifetime: 9.04553
    annual_cost: 17.34757388455956
    efficiency: 0.732262
    discharge_ratio: 5
    depth_of_discharge: 0.5
  VRBF:
    cost: 145.763
    lifetime: 24.5409
    annual_cost: 5.939594717390153
    efficiency: 0.823513
    discharge_ratio: 0.5
    depth_of_discharge: 1.0
