cost_values:
  wind_capex: 5000.0
  wind_opex: 100
  wind_lifetime: 20
  solar_capex: 1000.0
  solar_opex: 10
  solar_lifetime: 20
  carbon_price: 1.0
timeseries_values:
  load_level: 236768.18841863016
  wind_year: 2013
  solar_year: 2010
  price_year: 2023
  carbon_year: 2023
storage_values:
  CAES:
    cost: 55.8681
    lifetime: 24.8142
    annual_cost: 2.2514568271392994
    efficiency: 0.627349
    discharge_ratio: 0.1
    depth_of_discharge: 0.4
  Li-ion:
    cost: 167.19
    lifetime: 28.623
    annual_cost: 5.841106802221989
    efficiency: 0.885403
    discharge_ratio: 2
    depth_of_discharge: 0.9
  Pb-acid:
    cost: 180.63
    lifetime: 7.16517
    annual_cost: 25.209450717847588
    efficiency: 0.729114
    discharge_ratio: 5
    depth_of_discharge: 0.5
  VRBF:
    cost: 160.154
    lifetime: 25.0915
    annual_cost: 6.382798955821692
    efficiency: 0.822876
    discharge_ratio: 0.5
    depth_of_discharge: 1.0
