cost_values:
  wind_capex: 5000.0
  wind_opex: 100
  wind_lifetime: 20
  solar_capex: 1000.0
  solar_opex: 10
  solar_lifetime: 20
  carbon_price: 1.0
timeseries_values:
  load_level: 236768.18841863016
  wind_year: 2013
  solar_year: 2010
  price_year: 2023
  carbon_year: 2023
storage_values:
  CAES:
    cost: 53.3546
    lifetime: 25.8772
    annual_cost: 2.0618382205184487
    efficiency: 0.63466
    discharge_ratio: 0.1
    depth_of_discharge: 0.4
  Li-ion:
    cost: 178.441
    lifetime: 27.0958
    annual_cost: 6.585559385587434
    efficiency: 0.886381
    discharge_ratio: 2
    depth_of_discharge: 0.9
  Pb-acid:
    cost: 136.147
    lifetime: 9.13512
    annual_cost: 14.903690372978131
    efficiency: 0.715831
    discharge_ratio: 5
    depth_of_discharge: 0.5
  VRBF:
    cost: 134.556
    lifetime: 24.1915
    annual_cost: 5.562118926069074
    efficiency: 0.798832
    discharge_ratio: 0.5
    depth_of_discharge: 1.0
