cost_values:
  wind_capex: 5000.0
  wind_opex: 100
  wind_lifetime: 20
  solar_capex: 1000.0
  solar_opex: 10
  solar_lifetime: 20
  carbon_price: 1.0
timeseries_values:
  load_level: 236768.18841863016
  wind_year: 2013
  solar_year: 2010
  price_year: 2023
  carbon_year: 2023
storage_values:
  CAES:
    cost: 52.9052
    lifetime: 25.2724
    annual_cost: 2.093398331776958
    efficiency: 0.633226
    discharge_ratio: 0.1
    depth_of_discharge: 0.4
  Li-ion:
    cost: 146.37
    lifetime: 25.8084
    annual_cost: 5.671409308597202
    efficiency: 0.896763
    discharge_ratio: 2
    depth_of_discharge: 0.9
  Pb-acid:
    cost: 144.022
    lifetime: 9.20704
    annual_cost: 15.642595231475045
    efficiency: 0.718595
    discharge_ratio: 5
    depth_of_discharge: 0.5
  VRBF:
    cost: 170.997
    lifetime: 21.4432
    annual_cost: 7.974416131920609
    efficiency: 0.827922
    discharge_ratio: 0.5
    depth_of_discharge: 1.0
