cost_values:
  wind_capex: 5000.0
  wind_opex: 100
  wind_lifetime: 20
  solar_capex: 1000.0
  solar_opex: 10
  solar_lifetime: 20
  carbon_price: 1.0
timeseries_values:
  load_level: 236768.18841863016
  wind_year: 2013
  solar_year: 2010
  price_year: 2023
  carbon_year: 2023
storage_values:
  CAES:
    cost: 48.1155
    lifetime: 25.8926
    annual_cost: 1.858272247669218
    efficiency: 0.612259
    discharge_ratio: 0.1
    depth_of_discharge: 0.4
  Li-ion:
    cost: 169.706
    lifetime: 25.3484
    annual_cost: 6.694939325559009
    efficiency: 0.890525
    discharge_ratio: 2
    depth_of_discharge: 0.9
  Pb-acid:
    cost: 167.424
    lifetime: 10.0765
    annual_cost: 16.61529300848509
    efficiency: 0.745031
    discharge_ratio: 5
    depth_of_discharge: 0.5
  VRBF:
    cost: 164.223
    lifetime: 24.6615
    annual_cost: 6.659083997323764
    efficiency: 0.83523
    discharge_ratio: 0.5
    depth_of_discharge: 1.0
