cost_values:
  wind_capex: 5000.0
  wind_opex: 100
  wind_lifetime: 20
  solar_capex: 1000.0
  solar_opex: 10
  solar_lifetime: 20
  carbon_price: 1.0
timeseries_values:
  load_level: 236768.18841863016
  wind_year: 2013
  solar_year: 2010
  price_year: 2023
  carbon_year: 2023
storage_values:
  CAES:
    cost: 54.938
    lifetime: 25.1994
    annual_cost: 2.1801312729668165
    efficiency: 0.625785
    discharge_ratio: 0.1
    depth_of_discharge: 0.4
  Li-ion:
    cost: 167.068
    lifetime: 29.5926
    annual_cost: 5.6456005893365235
    efficiency: 0.891578
    discharge_ratio: 2
    depth_of_discharge: 0.9
  Pb-acid:
    cost: 184.764
    lifetime: 9.81391
    annual_cost: 18.82674693368902
    efficiency: 0.723525
    discharge_ratio: 5
    depth_of_discharge: 0.5
  VRBF:
    cost: 186.277
    lifetime: 23.3974
    annual_cost: 7.961440160017779
    efficiency: 0.831002
    discharge_ratio: 0.5
    depth_of_discharge: 1.0
