cost_values:
  wind_capex: 5000.0
  wind_opex: 100
  wind_lifetime: 20
  solar_capex: 1000.0
  solar_opex: 10
  solar_lifetime: 20
  carbon_price: 1.0
timeseries_values:
  load_level: 236768.18841863016
  wind_year: 2013
  solar_year: 2010
  price_year: 2023
  carbon_year: 2023
storage_values:
  CAES:
    cost: 53.361
    lifetime: 25.6643
    annual_cost: 2.0791917176778636
    efficiency: 0.626356
    discharge_ratio: 0.1
    depth_of_discharge: 0.4
  Li-ion:
    cost: 187.02
    lifetime: 27.7796
    annual_cost: 6.732278362539418
    efficiency: 0.895895
    discharge_ratio: 2
    depth_of_discharge: 0.9
  Pb-acid:
    cost: 176.537
    lifetime: 10.121
    annual_cost: 17.442644007509138
    efficiency: 0.723129
    discharge_ratio: 5
    depth_of_discharge: 0.5
  VRBF:
    cost: 149.728
    lifetime: 26.1143
    annual_cost: 5.733563603083368
    efficiency: 0.825141
    discharge_ratio: 0.5
    depth_of_discharge: 1.0
