cost_values:
  wind_capex: 5000.0
  wind_opex: 100
  wind_lifetime: 20
  solar_capex: 1000.0
  solar_opex: 10
  solar_lifetime: 20
  carbon_price: 1.0
timeseries_values:
  load_level: 236768.18841863016
  wind_year: 2013
  solar_year: 2010
  price_year: 2023
  carbon_year: 2023
storage_values:
  CAES:
    cost: 56.9706
    lifetime: 25.213
    annual_cost: 2.2595724427874506
    efficiency: 0.635614
    discharge_ratio: 0.1
    depth_of_discharge: 0.4
  Li-ion:
    cost: 191.512
    lifetime: 24.8827
    annual_cost: 7.696592411595205
    efficiency: 0.894283
    discharge_ratio: 2
    depth_of_discharge: 0.9
  Pb-acid:
    cost: 168.013
    lifetime: 10.7898
    annual_cost: 15.571465643478101
    efficiency: 0.749722
    discharge_ratio: 5
    depth_of_discharge: 0.5
  VRBF:
    cost: 147.245
    lifetime: 22.1155
    annual_cost: 6.658000045217156
    efficiency: 0.81935
    discharge_ratio: 0.5
    depth_of_discharge: 1.0
