cost_values:
  wind_capex: 5000.0
  wind_opex: 100
  wind_lifetime: 20
  solar_capex: 1000.0
  solar_opex: 10
  solar_lifetime: 20
  carbon_price: 1.0
timeseries_values:
  load_level: 236768.18841863016
  wind_year: 2013
  solar_year: 2010
  price_year: 2023
  carbon_year: 2023
storage_values:
  CAES:
    cost: 56.5213
    lifetime: 25.0348
    annual_cost: 2.257709268697972
    efficiency: 0.625747
    discharge_ratio: 0.1
    depth_of_discharge: 0.4
  Li-ion:
    cost: 183.863
    lifetime: 25.9979
    annual_cost: 7.072225064332119
    efficiency: 0.902383
    discharge_ratio: 2
    depth_of_discharge: 0.9
  Pb-acid:
    cost: 159.521
    lifetime: 9.47941
    annual_cost: 16.82815702665039
    efficiency: 0.730104
    discharge_ratio: 5
    depth_of_discharge: 0.5
  VRBF:
    cost: 171.807
    lifetime: 23.5756
    annual_cost: 7.287492152903849
    efficiency: 0.830442
    discharge_ratio: 0.5
    depth_of_discharge: 1.0
