cost_values:
  wind_capex: 5000.0
  wind_opex: 100
  wind_lifetime: 20
  solar_capex: 1000.0
  solar_opex: 10
  solar_lifetime: 20
  carbon_price: 1.0
timeseries_values:
  load_level: 236768.18841863016
  wind_year: 2013
  solar_year: 2010
  price_year: 2023
  carbon_year: 2023
storage_values:
  CAES:
    cost: 51.5283
    lifetime: 25.052
    annual_cost: 2.056853744212039
    efficiency: 0.620286
    discharge_ratio: 0.1
    depth_of_discharge: 0.4
  Li-ion:
    cost: 167.558
    lifetime: 28.2511
    annual_cost: 5.931025694574724
    efficiency: 0.881365
    discharge_ratio: 2
    depth_of_discharge: 0.9
  Pb-acid:
    cost: 158.996
    lifetime: 10.1842
    annual_cost: 15.612026472378783
    efficiency: 0.709853
    discharge_ratio: 5
    depth_of_discharge: 0.5
  VRBF:
    cost: 172.008
    lifetime: 26.8287
    annual_cost: 6.411343076630623
    efficiency: 0.821292
    discharge_ratio: 0.5
    depth_of_discharge: 1.0
