cost_values:
  wind_capex: 5000.0
  wind_opex: 100
  wind_lifetime: 20
  solar_capex: 1000.0
  solar_opex: 10
  solar_lifetime: 20
  carbon_price: 1.0
timeseries_values:
  load_level: 236768.18841863016
  wind_year: 2013
  solar_year: 2010
  price_year: 2023
  carbon_year: 2023
storage_values:
  CAES:
    cost: 54.2574
    lifetime: 24.0699
    annual_cost: 2.254159759699874
    efficiency: 0.630719
    discharge_ratio: 0.1
    depth_of_discharge: 0.4
  Li-ion:
    cost: 188.521
    lifetime: 26.281
    annual_cost: 7.173281077584567
    efficiency: 0.901251
    discharge_ratio: 2
    depth_of_discharge: 0.9
  Pb-acid:
    cost: 157.546
    lifetime: 6.88302
    annual_cost: 22.889080665173136
    efficiency: 0.731964
    discharge_ratio: 5
    depth_of_discharge: 0.5
  VRBF:
    cost: 162.863
    lifetime: 23.8359
    annual_cost: 6.832676760684514
    efficiency: 0.8215
    discharge_ratio: 0.5
    depth_of_discharge: 1.0
