cost_values:
  wind_capex: 5000.0
  wind_opex: 100
  wind_lifetime: 20
  solar_capex: 1000.0
  solar_opex: 10
  solar_lifetime: 20
  carbon_price: 1.0
timeseries_values:
  load_level: 236768.18841863016
  wind_year: 2013
  solar_year: 2010
  price_year: 2023
  carbon_year: 2023
storage_values:
  CAES:
    cost: 55.7062
    lifetime: 25.0861
    annual_cost: 2.2206002527295996
    efficiency: 0.631043
    discharge_ratio: 0.1
    depth_of_discharge: 0.4
  Li-ion:
    cost: 158.41
    lifetime: 27.8256
    annual_cost: 5.692959001782531
    efficiency: 0.891834
    discharge_ratio: 2
    depth_of_discharge: 0.9
  Pb-acid:
    cost: 147.906
    lifetime: 8.94766
    annual_cost: 16.53013190040748
    efficiency: 0.735907
    discharge_ratio: 5
    depth_of_discharge: 0.5
  VRBF:
    cost: 142.813
    lifetime: 24.5693
    annual_cost: 5.812660515358598
    efficiency: 0.81694
    discharge_ratio: 0.5
    depth_of_discharge: 1.0
