cost_values:
  wind_capex: 5000.0
  wind_opex: 100
  wind_lifetime: 20
  solar_capex: 1000.0
  solar_opex: 10
  solar_lifetime: 20
  carbon_price: 1.0
timeseries_values:
  load_level: 236768.18841863016
  wind_year: 2013
  solar_year: 2010
  price_year: 2023
  carbon_year: 2023
storage_values:
  CAES:
    cost: 59.4857
    lifetime: 24.7961
    annual_cost: 2.3989941966680246
    efficiency: 0.637318
    discharge_ratio: 0.1
    depth_of_discharge: 0.4
  Li-ion:
    cost: 198.255
    lifetime: 25.0523
    annual_cost: 7.913644655380943
    efficiency: 0.88821
    discharge_ratio: 2
    depth_of_discharge: 0.9
  Pb-acid:
    cost: 124.387
    lifetime: 8.56555
    annual_cost: 14.521776184833431
    efficiency: 0.725509
    discharge_ratio: 5
    depth_of_discharge: 0.5
  VRBF:
    cost: 128.716
    lifetime: 22.458
    annual_cost: 5.73140974263069
    efficiency: 0.826466
    discharge_ratio: 0.5
    depth_of_discharge: 1.0
