cost_values:
  wind_capex: 5000.0
  wind_opex: 100
  wind_lifetime: 20
  solar_capex: 1000.0
  solar_opex: 10
  solar_lifetime: 20
  carbon_price: 1.0
timeseries_values:
  load_level: 236768.18841863016
  wind_year: 2013
  solar_year: 2010
  price_year: 2023
  carbon_year: 2023
storage_values:
  CAES:
    cost: 54.4095
    lifetime: 24.9928
    annual_cost: 2.177006978009667
    efficiency: 0.626271
    discharge_ratio: 0.1
    depth_of_discharge: 0.4
  Li-ion:
    cost: 181.611
    lifetime: 27.3994
    annual_cost: 6.628283831032796
    efficiency: 0.89098
    discharge_ratio: 2
    depth_of_discharge: 0.9
  Pb-acid:
    cost: 138.151
    lifetime: 7.43948
    annual_cost: 18.56998069757564
    efficiency: 0.73047
    discharge_ratio: 5
    depth_of_discharge: 0.5
  VRBF:
    cost: 118.362
    lifetime: 23.4212
    annual_cost: 5.053626628866155
    efficiency: 0.840782
    discharge_ratio: 0.5
    depth_of_discharge: 1.0
