cost_values:
  wind_capex: 5000.0
  wind_opex: 100
  wind_lifetime: 20
  solar_capex: 1000.0
  solar_opex: 10
  solar_lifetime: 20
  carbon_price: 1.0
timeseries_values:
  load_level: 236768.18841863016
  wind_year: 2013
  solar_year: 2010
  price_year: 2023
  carbon_year: 2023
storage_values:
  CAES:
    cost: 56.0353
    lifetime: 24.1769
    annual_cost: 2.317720634159053
    efficiency: 0.616282
    discharge_ratio: 0.1
    depth_of_discharge: 0.4
  Li-ion:
    cost: 167.217
    lifetime: 28.2293
    annual_cost: 5.923526265263397
    efficiency: 0.890538
    discharge_ratio: 2
    depth_of_discharge: 0.9
  Pb-acid:
    cost: 201.908
    lifetime: 9.60352
    annual_cost: 21.024374396054778
    efficiency: 0.725537
    discharge_ratio: 5
    depth_of_discharge: 0.5
  VRBF:
    cost: 172.834
    lifetime: 25.3816
    annual_cost: 6.8094209978882345
    efficiency: 0.814282
    discharge_ratio: 0.5
    depth_of_discharge: 1.0
