cost_values:
  wind_capex: 5000.0
  wind_opex: 100
  wind_lifetime: 20
  solar_capex: 1000.0
  solar_opex: 10
  solar_lifetime: 20
  carbon_price: 1.0
timeseries_values:
  load_level: 236768.18841863016
  wind_year: 2013
  solar_year: 2010
  price_year: 2023
  carbon_year: 2023
storage_values:
  CAES:
    cost: 53.8899
    lifetime: 25.8541
    annual_cost: 2.084385068519113
    efficiency: 0.63051
    discharge_ratio: 0.1
    depth_of_discharge: 0.4
  Li-ion:
    cost: 175.089
    lifetime: 27.5885
    annual_cost: 6.346448701451692
    efficiency: 0.902229
    discharge_ratio: 2
    depth_of_discharge: 0.9
  Pb-acid:
    cost: 167.15
    lifetime: 7.93531
    annual_cost: 21.06407941214647
    efficiency: 0.718003
    discharge_ratio: 5
    depth_of_discharge: 0.5
  VRBF:
    cost: 171.18
    lifetime: 22.5559
    annual_cost: 7.589145190393644
    efficiency: 0.831876
    discharge_ratio: 0.5
    depth_of_discharge: 1.0
