cost_values:
  wind_capex: 5000.0
  wind_opex: 100
  wind_lifetime: 20
  solar_capex: 1000.0
  solar_opex: 10
  solar_lifetime: 20
  carbon_price: 1.0
timeseries_values:
  load_level: 236768.18841863016
  wind_year: 2013
  solar_year: 2010
  price_year: 2023
  carbon_year: 2023
storage_values:
  CAES:
    cost: 52.491
    lifetime: 26.1035
    annual_cost: 2.0108797670810428
    efficiency: 0.628206
    discharge_ratio: 0.1
    depth_of_discharge: 0.4
  Li-ion:
    cost: 209.162
    lifetime: 26.8169
    annual_cost: 7.799633813005977
    efficiency: 0.897404
    discharge_ratio: 2
    depth_of_discharge: 0.9
  Pb-acid:
    cost: 139.856
    lifetime: 9.17049
    annual_cost: 15.250657271312656
    efficiency: 0.735005
    discharge_ratio: 5
    depth_of_discharge: 0.5
  VRBF:
    cost: 180.869
    lifetime: 23.0433
    annual_cost: 7.849092794868791
    efficiency: 0.823554
    discharge_ratio: 0.5
    depth_of_discharge: 1.0
