cost_values:
  wind_capex: 5000.0
  wind_opex: 100
  wind_lifetime: 20
  solar_capex: 1000.0
  solar_opex: 10
  solar_lifetime: 20
  carbon_price: 1.0
timeseries_values:
  load_level: 236768.18841863016
  wind_year: 2013
  solar_year: 2010
  price_year: 2023
  carbon_year: 2023
storage_values:
  CAES:
    cost: 57.7525
    lifetime: 25.0643
    annual_cost: 2.304173665332764
    efficiency: 0.631584
    discharge_ratio: 0.1
    depth_of_discharge: 0.4
  Li-ion:
    cost: 184.469
    lifetime: 26.0151
    annual_cost: 7.090843394797637
    efficiency: 0.878594
    discharge_ratio: 2
    depth_of_discharge: 0.9
  Pb-acid:
    cost: 173.093
    lifetime: 8.68829
    annual_cost: 19.9225624374877
    efficiency: 0.71676
    discharge_ratio: 5
    depth_of_discharge: 0.5
  VRBF:
    cost: 142.1
    lifetime: 22.8224
    annual_cost: 6.226339035333708
    efficiency: 0.826893
    discharge_ratio: 0.5
    depth_of_discharge: 1.0
