cost_values:
  wind_capex: 5000.0
  wind_opex: 100
  wind_lifetime: 20
  solar_capex: 1000.0
  solar_opex: 10
  solar_lifetime: 20
  carbon_price: 1.0
timeseries_values:
  load_level: 236768.18841863016
  wind_year: 2013
  solar_year: 2010
  price_year: 2023
  carbon_year: 2023
storage_values:
  CAES:
    cost: 59.201
    lifetime: 24.2243
    annual_cost: 2.4438683470729807
    efficiency: 0.620043
    discharge_ratio: 0.1
    depth_of_discharge: 0.4
  Li-ion:
    cost: 161.701
    lifetime: 26.5877
    annual_cost: 6.0817972220237175
    efficiency: 0.894133
    discharge_ratio: 2
    depth_of_discharge: 0.9
  Pb-acid:
    cost: 160.277
    lifetime: 9.9288
    annual_cost: 16.142635565224396
    efficiency: 0.737874
    discharge_ratio: 5
    depth_of_discharge: 0.5
  VRBF:
    cost: 172.722
    lifetime: 25.9494
    annual_cost: 6.65610765566834
    efficiency: 0.832632
    discharge_ratio: 0.5
    depth_of_discharge: 1.0
