cost_values:
  wind_capex: 5000.0
  wind_opex: 100
  wind_lifetime: 20
  solar_capex: 1000.0
  solar_opex: 10
  solar_lifetime: 20
  carbon_price: 1.0
timeseries_values:
  load_level: 236768.18841863016
  wind_year: 2013
  solar_year: 2010
  price_year: 2023
  carbon_year: 2023
storage_values:
  CAES:
    cost: 51.2344
    lifetime: 24.1706
    annual_cost: 2.119699138622955
    efficiency: 0.624579
    discharge_ratio: 0.1
    depth_of_discharge: 0.4
  Li-ion:
    cost: 176.809
    lifetime: 27.7851
    annual_cost: 6.363446595477432
    efficiency: 0.8994
    discharge_ratio: 2
    depth_of_discharge: 0.9
  Pb-acid:
    cost: 164.499
    lifetime: 7.78683
    annual_cost: 21.125284615177165
    efficiency: 0.726896
    discharge_ratio: 5
    depth_of_discharge: 0.5
  VRBF:
    cost: 158.748
    lifetime: 24.6845
    annual_cost: 6.431080232534586
    efficiency: 0.820225
    discharge_ratio: 0.5
    depth_of_discharge: 1.0
