cost_values:
  wind_capex: 5000.0
  wind_opex: 100
  wind_lifetime: 20
  solar_capex: 1000.0
  solar_opex: 10
  solar_lifetime: 20
  carbon_price: 1.0
timeseries_values:
  load_level: 236768.18841863016
  wind_year: 2013
  solar_year: 2010
  price_year: 2023
  carbon_year: 2023
storage_values:
  CAES:
    cost: 60.6971
    lifetime: 25.3225
    annual_cost: 2.3969631750419587
    efficiency: 0.624263
    discharge_ratio: 0.1
    depth_of_discharge: 0.4
  Li-ion:
    cost: 193.258
    lifetime: 27.0538
    annual_cost: 7.143469678936047
    efficiency: 0.893651
    discharge_ratio: 2
    depth_of_discharge: 0.9
  Pb-acid:
    cost: 156.452
    lifetime: 7.14436
    annual_cost: 21.89867251930194
    efficiency: 0.71928
    discharge_ratio: 5
    depth_of_discharge: 0.5
  VRBF:
    cost: 154.392
    lifetime: 23.4166
    annual_cost: 6.5932714399186905
    efficiency: 0.828162
    discharge_ratio: 0.5
    depth_of_discharge: 1.0
