cost_values:
  wind_capex: 5000.0
  wind_opex: 100
  wind_lifetime: 20
  solar_capex: 1000.0
  solar_opex: 10
  solar_lifetime: 20
  carbon_price: 1.0
timeseries_values:
  load_level: 236768.18841863016
  wind_year: 2013
  solar_year: 2010
  price_year: 2023
  carbon_year: 2023
storage_values:
  CAES:
    cost: 50.0596
    lifetime: 25.6363
    annual_cost: 1.9526842797127513
    efficiency: 0.63188
    discharge_ratio: 0.1
    depth_of_discharge: 0.4
  Li-ion:
    cost: 178.261
    lifetime: 25.8875
    annual_cost: 6.885987445678416
    efficiency: 0.896255
    discharge_ratio: 2
    depth_of_discharge: 0.9
  Pb-acid:
    cost: 154.977
    lifetime: 10.2506
    annual_cost: 15.118822312840225
    efficiency: 0.721635
    discharge_ratio: 5
    depth_of_discharge: 0.5
  VRBF:
    cost: 172.607
    lifetime: 24.4774
    annual_cost: 7.051688496327224
    efficiency: 0.821185
    discharge_ratio: 0.5
    depth_of_discharge: 1.0
