cost_values:
  wind_capex: 5000.0
  wind_opex: 100
  wind_lifetime: 20
  solar_capex: 1000.0
  solar_opex: 10
  solar_lifetime: 20
  carbon_price: 1.0
timeseries_values:
  load_level: 236768.18841863016
  wind_year: 2013
  solar_year: 2010
  price_year: 2023
  carbon_year: 2023
storage_values:
  CAES:
    cost: 51.7837
    lifetime: 25.4942
    annual_cost: 2.03119533070267
    efficiency: 0.632621
    discharge_ratio: 0.1
    depth_of_discharge: 0.4
  Li-ion:
    cost: 204.481
    lifetime: 26.4642
    annual_cost: 7.726702488645037
    efficiency: 0.894759
    discharge_ratio: 2
    depth_of_discharge: 0.9
  Pb-acid:
    cost: 147.91
    lifetime: 10.8137
    annual_cost: 13.678019549275454
    efficiency: 0.726013
    discharge_ratio: 5
    depth_of_discharge: 0.5
  VRBF:
    cost: 146.057
    lifetime: 24.1206
    annual_cost: 6.055280548576735
    efficiency: 0.825927
    discharge_ratio: 0.5
    depth_of_discharge: 1.0
