cost_values:
  wind_capex: 5000.0
  wind_opex: 100
  wind_lifetime: 20
  solar_capex: 1000.0
  solar_opex: 10
  solar_lifetime: 20
  carbon_price: 1.0
timeseries_values:
  load_level: 236768.18841863016
  wind_year: 2013
  solar_year: 2010
  price_year: 2023
  carbon_year: 2023
storage_values:
  CAES:
    cost: 56.4883
    lifetime: 26.1758
    annual_cost: 2.1580352844994235
    efficiency: 0.621286
    discharge_ratio: 0.1
    depth_of_discharge: 0.4
  Li-ion:
    cost: 179.864
    lifetime: 29.0347
    annual_cost: 6.194794504506676
    efficiency: 0.885903
    discharge_ratio: 2
    depth_of_discharge: 0.9
  Pb-acid:
    cost: 159.451
    lifetime: 8.7134
    annual_cost: 18.29951568847981
    efficiency: 0.708642
    discharge_ratio: 5
    depth_of_discharge: 0.5
  VRBF:
    cost: 173.579
    lifetime: 24.2219
    annual_cost: 7.166200834781747
    efficiency: 0.832244
    discharge_ratio: 0.5
    depth_of_discharge: 1.0
