cost_values:
  wind_capex: 5000.0
  wind_opex: 100
  wind_lifetime: 20
  solar_capex: 1000.0
  solar_opex: 10
  solar_lifetime: 20
  carbon_price: 1.0
timeseries_values:
  load_level: 253676.44709054328
  wind_year: 2012
  solar_year: 2014
  price_year: 2023
  carbon_year: 2023
storage_values:
  CAES:
    cost: 76.9088
    lifetime: 26.8514
    annual_cost: 2.864237991315164
    efficiency: 0.620453
    discharge_ratio: 0.1
    depth_of_discharge: 0.4
  Li-ion:
    cost: 176.962
    lifetime: 18.0272
    annual_cost: 9.81638856838555
    efficiency: 0.872427
    discharge_ratio: 2
    depth_of_discharge: 0.9
  Pb-acid:
    cost: 182.446
    lifetime: 8.9053
    annual_cost: 20.48735022963853
    efficiency: 0.724282
    discharge_ratio: 5
    depth_of_discharge: 0.5
  VRBF:
    cost: 142.844
    lifetime: 28.7634
    annual_cost: 4.9661722883942785
    efficiency: 0.738668
    discharge_ratio: 0.5
    depth_of_discharge: 1.0
