cost_values:
  wind_capex: 5000.0
  wind_opex: 100
  wind_lifetime: 20
  solar_capex: 1000.0
  solar_opex: 10
  solar_lifetime: 20
  carbon_price: 1.0
timeseries_values:
  load_level: 253676.44709054328
  wind_year: 2012
  solar_year: 2014
  price_year: 2023
  carbon_year: 2023
storage_values:
  CAES:
    cost: 71.3467
    lifetime: 28.5459
    annual_cost: 2.4993676850265714
    efficiency: 0.613303
    discharge_ratio: 0.1
    depth_of_discharge: 0.4
  Li-ion:
    cost: 197.228
    lifetime: 20.8826
    annual_cost: 9.44460938771992
    efficiency: 0.868262
    discharge_ratio: 2
    depth_of_discharge: 0.9
  Pb-acid:
    cost: 179.86
    lifetime: 9.55192
    annual_cost: 18.829722191978156
    efficiency: 0.722016
    discharge_ratio: 5
    depth_of_discharge: 0.5
  VRBF:
    cost: 166.486
    lifetime: 26.8057
    annual_cost: 6.210843216181632
    efficiency: 0.741955
    discharge_ratio: 0.5
    depth_of_discharge: 1.0
