cost_values:
  wind_capex: 5000.0
  wind_opex: 100
  wind_lifetime: 20
  solar_capex: 1000.0
  solar_opex: 10
  solar_lifetime: 20
  carbon_price: 1.0
timeseries_values:
  load_level: 253676.44709054328
  wind_year: 2012
  solar_year: 2014
  price_year: 2023
  carbon_year: 2023
storage_values:
  CAES:
    cost: 73.2849
    lifetime: 27.7659
    annual_cost: 2.639385001026439
    efficiency: 0.611771
    discharge_ratio: 0.1
    depth_of_discharge: 0.4
  Li-ion:
    cost: 190.394
    lifetime: 19.1165
    annual_cost: 9.95966834933173
    efficiency: 0.87239
    discharge_ratio: 2
    depth_of_discharge: 0.9
  Pb-acid:
    cost: 178.809
    lifetime: 8.70175
    annual_cost: 20.548625276524835
    efficiency: 0.732562
    discharge_ratio: 5
    depth_of_discharge: 0.5
  VRBF:
    cost: 172.803
    lifetime: 26.2514
    annual_cost: 6.582620355485802
    efficiency: 0.739548
    discharge_ratio: 0.5
    depth_of_discharge: 1.0
