cost_values:
  wind_capex: 5000.0
  wind_opex: 100
  wind_lifetime: 20
  solar_capex: 1000.0
  solar_opex: 10
  solar_lifetime: 20
  carbon_price: 1.0
timeseries_values:
  load_level: 253676.44709054328
  wind_year: 2012
  solar_year: 2014
  price_year: 2023
  carbon_year: 2023
storage_values:
  CAES:
    cost: 65.1784
    lifetime: 26.6851
    annual_cost: 2.4425016207546535
    efficiency: 0.609246
    discharge_ratio: 0.1
    depth_of_discharge: 0.4
  Li-ion:
    cost: 178.143
    lifetime: 19.2077
    annual_cost: 9.274561764292446
    efficiency: 0.883499
    discharge_ratio: 2
    depth_of_discharge: 0.9
  Pb-acid:
    cost: 155.697
    lifetime: 8.76638
    annual_cost: 17.7606948364091
    efficiency: 0.719541
    discharge_ratio: 5
    depth_of_discharge: 0.5
  VRBF:
    cost: 171.286
    lifetime: 26.2012
    annual_cost: 6.537334167900707
    efficiency: 0.755409
    discharge_ratio: 0.5
    depth_of_discharge: 1.0
