cost_values:
  wind_capex: 5000.0
  wind_opex: 100
  wind_lifetime: 20
  solar_capex: 1000.0
  solar_opex: 10
  solar_lifetime: 20
  carbon_price: 1.0
timeseries_values:
  load_level: 253676.44709054328
  wind_year: 2012
  solar_year: 2014
  price_year: 2023
  carbon_year: 2023
storage_values:
  CAES:
    cost: 71.3392
    lifetime: 27.1187
    annual_cost: 2.630627574330628
    efficiency: 0.611914
    discharge_ratio: 0.1
    depth_of_discharge: 0.4
  Li-ion:
    cost: 168.538
    lifetime: 20.5996
    annual_cost: 8.181615176993729
    efficiency: 0.879188
    discharge_ratio: 2
    depth_of_discharge: 0.9
  Pb-acid:
    cost: 157.972
    lifetime: 8.65139
    annual_cost: 18.259724737874496
    efficiency: 0.728903
    discharge_ratio: 5
    depth_of_discharge: 0.5
  VRBF:
    cost: 168.449
    lifetime: 28.3622
    annual_cost: 5.9392078188574935
    efficiency: 0.728072
    discharge_ratio: 0.5
    depth_of_discharge: 1.0
