cost_values:
  wind_capex: 5000.0
  wind_opex: 100
  wind_lifetime: 20
  solar_capex: 1000.0
  solar_opex: 10
  solar_lifetime: 20
  carbon_price: 1.0
timeseries_values:
  load_level: 253676.44709054328
  wind_year: 2012
  solar_year: 2014
  price_year: 2023
  carbon_year: 2023
storage_values:
  CAES:
    cost: 69.6794
    lifetime: 28.0218
    annual_cost: 2.48661399339086
    efficiency: 0.616677
    discharge_ratio: 0.1
    depth_of_discharge: 0.4
  Li-ion:
    cost: 184.914
    lifetime: 18.2055
    annual_cost: 10.157040454807612
    efficiency: 0.879763
    discharge_ratio: 2
    depth_of_discharge: 0.9
  Pb-acid:
    cost: 146.062
    lifetime: 8.73006
    annual_cost: 16.730927393397067
    efficiency: 0.726427
    discharge_ratio: 5
    depth_of_discharge: 0.5
  VRBF:
    cost: 162.901
    lifetime: 28.9314
    annual_cost: 5.630595131932779
    efficiency: 0.764013
    discharge_ratio: 0.5
    depth_of_discharge: 1.0
