cost_values:
  wind_capex: 5000.0
  wind_opex: 100
  wind_lifetime: 20
  solar_capex: 1000.0
  solar_opex: 10
  solar_lifetime: 20
  carbon_price: 1.0
timeseries_values:
  load_level: 253676.44709054328
  wind_year: 2012
  solar_year: 2014
  price_year: 2023
  carbon_year: 2023
storage_values:
  CAES:
    cost: 68.5164
    lifetime: 26.3845
    annual_cost: 2.59684284333605
    efficiency: 0.608853
    discharge_ratio: 0.1
    depth_of_discharge: 0.4
  Li-ion:
    cost: 193.348
    lifetime: 19.614
    annual_cost: 9.857652697053126
    efficiency: 0.870609
    discharge_ratio: 2
    depth_of_discharge: 0.9
  Pb-acid:
    cost: 169.682
    lifetime: 10.1328
    annual_cost: 16.745815569240484
    efficiency: 0.709739
    discharge_ratio: 5
    depth_of_discharge: 0.5
  VRBF:
    cost: 178.117
    lifetime: 27.0388
    annual_cost: 6.58745950264065
    efficiency: 0.744157
    discharge_ratio: 0.5
    depth_of_discharge: 1.0
