cost_values:
  wind_capex: 5000.0
  wind_opex: 100
  wind_lifetime: 20
  solar_capex: 1000.0
  solar_opex: 10
  solar_lifetime: 20
  carbon_price: 1.0
timeseries_values:
  load_level: 253676.44709054328
  wind_year: 2012
  solar_year: 2014
  price_year: 2023
  carbon_year: 2023
storage_values:
  CAES:
    cost: 71.4045
    lifetime: 27.3493
    annual_cost: 2.610834646590589
    efficiency: 0.613867
    discharge_ratio: 0.1
    depth_of_discharge: 0.4
  Li-ion:
    cost: 144.814
    lifetime: 19.5579
    annual_cost: 7.404373680200839
    efficiency: 0.853762
    discharge_ratio: 2
    depth_of_discharge: 0.9
  Pb-acid:
    cost: 181.828
    lifetime: 9.29803
    annual_cost: 19.555540259603376
    efficiency: 0.715195
    discharge_ratio: 5
    depth_of_discharge: 0.5
  VRBF:
    cost: 163.074
    lifetime: 27.4273
    annual_cost: 5.945681857127753
    efficiency: 0.758478
    discharge_ratio: 0.5
    depth_of_discharge: 1.0
