cost_values:
  wind_capex: 5000.0
  wind_opex: 100
  wind_lifetime: 20
  solar_capex: 1000.0
  solar_opex: 10
  solar_lifetime: 20
  carbon_price: 1.0
timeseries_values:
  load_level: 253676.44709054328
  wind_year: 2012
  solar_year: 2014
  price_year: 2023
  carbon_year: 2023
storage_values:
  CAES:
    cost: 69.1631
    lifetime: 28.9249
    annual_cost: 2.3911266763238594
    efficiency: 0.608786
    discharge_ratio: 0.1
    depth_of_discharge: 0.4
  Li-ion:
    cost: 171.411
    lifetime: 20.0966
    annual_cost: 8.529353223928426
    efficiency: 0.868726
    discharge_ratio: 2
    depth_of_discharge: 0.9
  Pb-acid:
    cost: 172.66
    lifetime: 8.74937
    annual_cost: 19.7339922760153
    efficiency: 0.723503
    discharge_ratio: 5
    depth_of_discharge: 0.5
  VRBF:
    cost: 198.387
    lifetime: 27.7206
    annual_cost: 7.1566632756866735
    efficiency: 0.756759
    discharge_ratio: 0.5
    depth_of_discharge: 1.0
