cost_values:
  wind_capex: 5000.0
  wind_opex: 100
  wind_lifetime: 20
  solar_capex: 1000.0
  solar_opex: 10
  solar_lifetime: 20
  carbon_price: 1.0
timeseries_values:
  load_level: 253676.44709054328
  wind_year: 2012
  solar_year: 2014
  price_year: 2023
  carbon_year: 2023
storage_values:
  CAES:
    cost: 71.0046
    lifetime: 26.3482
    annual_cost: 2.694855815577535
    efficiency: 0.619997
    discharge_ratio: 0.1
    depth_of_discharge: 0.4
  Li-ion:
    cost: 186.107
    lifetime: 17.3366
    annual_cost: 10.734919188306819
    efficiency: 0.871069
    discharge_ratio: 2
    depth_of_discharge: 0.9
  Pb-acid:
    cost: 174.206
    lifetime: 8.54353
    annual_cost: 20.390400689176484
    efficiency: 0.732058
    discharge_ratio: 5
    depth_of_discharge: 0.5
  VRBF:
    cost: 178.889
    lifetime: 26.9897
    annual_cost: 6.62804699570577
    efficiency: 0.751908
    discharge_ratio: 0.5
    depth_of_discharge: 1.0
