cost_values:
  wind_capex: 5000.0
  wind_opex: 100
  wind_lifetime: 20
  solar_capex: 1000.0
  solar_opex: 10
  solar_lifetime: 20
  carbon_price: 1.0
timeseries_values:
  load_level: 253676.44709054328
  wind_year: 2012
  solar_year: 2014
  price_year: 2023
  carbon_year: 2023
storage_values:
  CAES:
    cost: 72.4581
    lifetime: 26.5538
    annual_cost: 2.7287280916478998
    efficiency: 0.622153
    discharge_ratio: 0.1
    depth_of_discharge: 0.4
  Li-ion:
    cost: 162.44
    lifetime: 19.4808
    annual_cost: 8.338466592747732
    efficiency: 0.878219
    discharge_ratio: 2
    depth_of_discharge: 0.9
  Pb-acid:
    cost: 163.718
    lifetime: 9.30341
    annual_cost: 17.597633555868224
    efficiency: 0.715712
    discharge_ratio: 5
    depth_of_discharge: 0.5
  VRBF:
    cost: 162.915
    lifetime: 27.0627
    annual_cost: 6.019909321686306
    efficiency: 0.746089
    discharge_ratio: 0.5
    depth_of_discharge: 1.0
