cost_values:
  wind_capex: 5000.0
  wind_opex: 100
  wind_lifetime: 20
  solar_capex: 1000.0
  solar_opex: 10
  solar_lifetime: 20
  carbon_price: 1.0
timeseries_values:
  load_level: 253676.44709054328
  wind_year: 2012
  solar_year: 2014
  price_year: 2023
  carbon_year: 2023
storage_values:
  CAES:
    cost: 68.7644
    lifetime: 27.7793
    annual_cost: 2.4753827490253535
    efficiency: 0.614424
    discharge_ratio: 0.1
    depth_of_discharge: 0.4
  Li-ion:
    cost: 152.457
    lifetime: 19.8164
    annual_cost: 7.69347611069619
    efficiency: 0.87747
    discharge_ratio: 2
    depth_of_discharge: 0.9
  Pb-acid:
    cost: 200.876
    lifetime: 8.1339
    annual_cost: 24.69614821918145
    efficiency: 0.725222
    discharge_ratio: 5
    depth_of_discharge: 0.5
  VRBF:
    cost: 144.036
    lifetime: 26.7355
    annual_cost: 5.3874436610499155
    efficiency: 0.752909
    discharge_ratio: 0.5
    depth_of_discharge: 1.0
