cost_values:
  wind_capex: 5000.0
  wind_opex: 100
  wind_lifetime: 20
  solar_capex: 1000.0
  solar_opex: 10
  solar_lifetime: 20
  carbon_price: 1.0
timeseries_values:
  load_level: 253676.44709054328
  wind_year: 2012
  solar_year: 2014
  price_year: 2023
  carbon_year: 2023
storage_values:
  CAES:
    cost: 70.8521
    lifetime: 27.802
    annual_cost: 2.548453348679951
    efficiency: 0.617554
    discharge_ratio: 0.1
    depth_of_discharge: 0.4
  Li-ion:
    cost: 177.51
    lifetime: 17.3491
    annual_cost: 10.231654667965485
    efficiency: 0.876356
    discharge_ratio: 2
    depth_of_discharge: 0.9
  Pb-acid:
    cost: 159.298
    lifetime: 8.6287
    annual_cost: 18.461413654432302
    efficiency: 0.737971
    discharge_ratio: 5
    depth_of_discharge: 0.5
  VRBF:
    cost: 171.294
    lifetime: 26.331
    annual_cost: 6.50541187193802
    efficiency: 0.762155
    discharge_ratio: 0.5
    depth_of_discharge: 1.0
