cost_values:
  wind_capex: 5000.0
  wind_opex: 100
  wind_lifetime: 20
  solar_capex: 1000.0
  solar_opex: 10
  solar_lifetime: 20
  carbon_price: 1.0
timeseries_values:
  load_level: 253676.44709054328
  wind_year: 2012
  solar_year: 2014
  price_year: 2023
  carbon_year: 2023
storage_values:
  CAES:
    cost: 75.2039
    lifetime: 28.2843
    annual_cost: 2.6588566802077476
    efficiency: 0.618139
    discharge_ratio: 0.1
    depth_of_discharge: 0.4
  Li-ion:
    cost: 165.724
    lifetime: 18.0263
    annual_cost: 9.193456227844871
    efficiency: 0.865289
    discharge_ratio: 2
    depth_of_discharge: 0.9
  Pb-acid:
    cost: 156.689
    lifetime: 8.00022
    annual_cost: 19.585586396374097
    efficiency: 0.747954
    discharge_ratio: 5
    depth_of_discharge: 0.5
  VRBF:
    cost: 164.238
    lifetime: 29.1725
    annual_cost: 5.629891164624218
    efficiency: 0.756219
    discharge_ratio: 0.5
    depth_of_discharge: 1.0
