cost_values:
  wind_capex: 5000.0
  wind_opex: 100
  wind_lifetime: 20
  solar_capex: 1000.0
  solar_opex: 10
  solar_lifetime: 20
  carbon_price: 1.0
timeseries_values:
  load_level: 253676.44709054328
  wind_year: 2012
  solar_year: 2014
  price_year: 2023
  carbon_year: 2023
storage_values:
  CAES:
    cost: 71.2019
    lifetime: 26.9704
    annual_cost: 2.640001631418147
    efficiency: 0.617054
    discharge_ratio: 0.1
    depth_of_discharge: 0.4
  Li-ion:
    cost: 172.716
    lifetime: 16.7476
    annual_cost: 10.312880651556044
    efficiency: 0.874158
    discharge_ratio: 2
    depth_of_discharge: 0.9
  Pb-acid:
    cost: 169.348
    lifetime: 8.75833
    annual_cost: 19.335649604433723
    efficiency: 0.722943
    discharge_ratio: 5
    depth_of_discharge: 0.5
  VRBF:
    cost: 189.444
    lifetime: 24.2214
    annual_cost: 7.821348064108598
    efficiency: 0.756678
    discharge_ratio: 0.5
    depth_of_discharge: 1.0
