cost_values:
  wind_capex: 5000.0
  wind_opex: 100
  wind_lifetime: 20
  solar_capex: 1000.0
  solar_opex: 10
  solar_lifetime: 20
  carbon_price: 1.0
timeseries_values:
  load_level: 253676.44709054328
  wind_year: 2012
  solar_year: 2014
  price_year: 2023
  carbon_year: 2023
storage_values:
  CAES:
    cost: 71.4138
    lifetime: 26.7003
    annual_cost: 2.674644105122414
    efficiency: 0.613932
    discharge_ratio: 0.1
    depth_of_discharge: 0.4
  Li-ion:
    cost: 167.725
    lifetime: 17.3425
    annual_cost: 9.671327663255008
    efficiency: 0.872184
    discharge_ratio: 2
    depth_of_discharge: 0.9
  Pb-acid:
    cost: 201.15
    lifetime: 8.60092
    annual_cost: 23.387033015072806
    efficiency: 0.721134
    discharge_ratio: 5
    depth_of_discharge: 0.5
  VRBF:
    cost: 196.623
    lifetime: 26.0541
    annual_cost: 7.54672009395834
    efficiency: 0.737028
    discharge_ratio: 0.5
    depth_of_discharge: 1.0
