cost_values:
  wind_capex: 5000.0
  wind_opex: 100
  wind_lifetime: 20
  solar_capex: 1000.0
  solar_opex: 10
  solar_lifetime: 20
  carbon_price: 1.0
timeseries_values:
  load_level: 253676.44709054328
  wind_year: 2012
  solar_year: 2014
  price_year: 2023
  carbon_year: 2023
storage_values:
  CAES:
    cost: 69.469
    lifetime: 26.8088
    annual_cost: 2.5912759989257257
    efficiency: 0.61267
    discharge_ratio: 0.1
    depth_of_discharge: 0.4
  Li-ion:
    cost: 185.937
    lifetime: 18.4561
    annual_cost: 10.074555296080971
    efficiency: 0.881155
    discharge_ratio: 2
    depth_of_discharge: 0.9
  Pb-acid:
    cost: 178.733
    lifetime: 7.95894
    annual_cost: 22.456884962067814
    efficiency: 0.739318
    discharge_ratio: 5
    depth_of_discharge: 0.5
  VRBF:
    cost: 173.551
    lifetime: 27.7334
    annual_cost: 6.2578335148232815
    efficiency: 0.732382
    discharge_ratio: 0.5
    depth_of_discharge: 1.0
