cost_values:
  wind_capex: 5000.0
  wind_opex: 100
  wind_lifetime: 20
  solar_capex: 1000.0
  solar_opex: 10
  solar_lifetime: 20
  carbon_price: 1.0
timeseries_values:
  load_level: 253676.44709054328
  wind_year: 2012
  solar_year: 2014
  price_year: 2023
  carbon_year: 2023
storage_values:
  CAES:
    cost: 71.4635
    lifetime: 27.8341
    annual_cost: 2.567480177192724
    efficiency: 0.615197
    discharge_ratio: 0.1
    depth_of_discharge: 0.4
  Li-ion:
    cost: 161.488
    lifetime: 19.4447
    annual_cost: 8.304987991586396
    efficiency: 0.855412
    discharge_ratio: 2
    depth_of_discharge: 0.9
  Pb-acid:
    cost: 165.985
    lifetime: 7.8166
    annual_cost: 21.23493590563672
    efficiency: 0.729877
    discharge_ratio: 5
    depth_of_discharge: 0.5
  VRBF:
    cost: 151.703
    lifetime: 26.2078
    annual_cost: 5.788467555460588
    efficiency: 0.755598
    discharge_ratio: 0.5
    depth_of_discharge: 1.0
