cost_values:
  wind_capex: 5000.0
  wind_opex: 100
  wind_lifetime: 20
  solar_capex: 1000.0
  solar_opex: 10
  solar_lifetime: 20
  carbon_price: 1.0
timeseries_values:
  load_level: 253676.44709054328
  wind_year: 2012
  solar_year: 2014
  price_year: 2023
  carbon_year: 2023
storage_values:
  CAES:
    cost: 70.7119
    lifetime: 27.0795
    annual_cost: 2.6112705182887423
    efficiency: 0.608254
    discharge_ratio: 0.1
    depth_of_discharge: 0.4
  Li-ion:
    cost: 157.253
    lifetime: 18.1819
    annual_cost: 8.64887608005764
    efficiency: 0.872934
    discharge_ratio: 2
    depth_of_discharge: 0.9
  Pb-acid:
    cost: 163.955
    lifetime: 9.00489
    annual_cost: 18.207329573154144
    efficiency: 0.758169
    discharge_ratio: 5
    depth_of_discharge: 0.5
  VRBF:
    cost: 173.336
    lifetime: 26.321
    annual_cost: 6.585464078112534
    efficiency: 0.742327
    discharge_ratio: 0.5
    depth_of_discharge: 1.0
