cost_values:
  wind_capex: 5000.0
  wind_opex: 100
  wind_lifetime: 20
  solar_capex: 1000.0
  solar_opex: 10
  solar_lifetime: 20
  carbon_price: 1.0
timeseries_values:
  load_level: 253676.44709054328
  wind_year: 2012
  solar_year: 2014
  price_year: 2023
  carbon_year: 2023
storage_values:
  CAES:
    cost: 73.5039
    lifetime: 27.5477
    annual_cost: 2.668240905774348
    efficiency: 0.620614
    discharge_ratio: 0.1
    depth_of_discharge: 0.4
  Li-ion:
    cost: 160.037
    lifetime: 15.8904
    annual_cost: 10.071300911242009
    efficiency: 0.883974
    discharge_ratio: 2
    depth_of_discharge: 0.9
  Pb-acid:
    cost: 179.36
    lifetime: 7.35983
    annual_cost: 24.37012811437221
    efficiency: 0.719283
    discharge_ratio: 5
    depth_of_discharge: 0.5
  VRBF:
    cost: 193.049
    lifetime: 27.2643
    annual_cost: 7.080651254570997
    efficiency: 0.739407
    discharge_ratio: 0.5
    depth_of_discharge: 1.0
