cost_values:
  wind_capex: 5000.0
  wind_opex: 100
  wind_lifetime: 20
  solar_capex: 1000.0
  solar_opex: 10
  solar_lifetime: 20
  carbon_price: 1.0
timeseries_values:
  load_level: 253676.44709054328
  wind_year: 2012
  solar_year: 2014
  price_year: 2023
  carbon_year: 2023
storage_values:
  CAES:
    cost: 69.2843
    lifetime: 27.1155
    annual_cost: 2.555154800759713
    efficiency: 0.614294
    discharge_ratio: 0.1
    depth_of_discharge: 0.4
  Li-ion:
    cost: 158.898
    lifetime: 20.5757
    annual_cost: 7.722604820249128
    efficiency: 0.867856
    discharge_ratio: 2
    depth_of_discharge: 0.9
  Pb-acid:
    cost: 167.111
    lifetime: 9.17582
    annual_cost: 18.21210529413175
    efficiency: 0.725069
    discharge_ratio: 5
    depth_of_discharge: 0.5
  VRBF:
    cost: 178.865
    lifetime: 27.2758
    annual_cost: 6.557644505385727
    efficiency: 0.757163
    discharge_ratio: 0.5
    depth_of_discharge: 1.0
