cost_values:
  wind_capex: 5000.0
  wind_opex: 100
  wind_lifetime: 20
  solar_capex: 1000.0
  solar_opex: 10
  solar_lifetime: 20
  carbon_price: 1.0
timeseries_values:
  load_level: 253676.44709054328
  wind_year: 2012
  solar_year: 2014
  price_year: 2023
  carbon_year: 2023
storage_values:
  CAES:
    cost: 70.7582
    lifetime: 27.3667
    annual_cost: 2.58555836107386
    efficiency: 0.614044
    discharge_ratio: 0.1
    depth_of_discharge: 0.4
  Li-ion:
    cost: 149.572
    lifetime: 20.1631
    annual_cost: 7.418105350863707
    efficiency: 0.87817
    discharge_ratio: 2
    depth_of_discharge: 0.9
  Pb-acid:
    cost: 165.978
    lifetime: 8.17676
    annual_cost: 20.298749137800304
    efficiency: 0.729566
    discharge_ratio: 5
    depth_of_discharge: 0.5
  VRBF:
    cost: 193.539
    lifetime: 26.5138
    annual_cost: 7.299557211716163
    efficiency: 0.752719
    discharge_ratio: 0.5
    depth_of_discharge: 1.0
