cost_values:
  wind_capex: 5000.0
  wind_opex: 100
  wind_lifetime: 20
  solar_capex: 1000.0
  solar_opex: 10
  solar_lifetime: 20
  carbon_price: 1.0
timeseries_values:
  load_level: 253676.44709054328
  wind_year: 2012
  solar_year: 2014
  price_year: 2023
  carbon_year: 2023
storage_values:
  CAES:
    cost: 73.5629
    lifetime: 26.9466
    annual_cost: 2.7299510884490066
    efficiency: 0.612384
    discharge_ratio: 0.1
    depth_of_discharge: 0.4
  Li-ion:
    cost: 172.015
    lifetime: 18.0863
    annual_cost: 9.510789934923118
    efficiency: 0.881393
    discharge_ratio: 2
    depth_of_discharge: 0.9
  Pb-acid:
    cost: 152.973
    lifetime: 9.16863
    annual_cost: 16.684390143347482
    efficiency: 0.736705
    discharge_ratio: 5
    depth_of_discharge: 0.5
  VRBF:
    cost: 166.669
    lifetime: 24.95
    annual_cost: 6.680120240480963
    efficiency: 0.735298
    discharge_ratio: 0.5
    depth_of_discharge: 1.0
