cost_values:
  wind_capex: 5000.0
  wind_opex: 100
  wind_lifetime: 20
  solar_capex: 1000.0
  solar_opex: 10
  solar_lifetime: 20
  carbon_price: 1.0
timeseries_values:
  load_level: 253676.44709054328
  wind_year: 2012
  solar_year: 2014
  price_year: 2023
  carbon_year: 2023
storage_values:
  CAES:
    cost: 75.2259
    lifetime: 28.5189
    annual_cost: 2.6377560144325343
    efficiency: 0.623401
    discharge_ratio: 0.1
    depth_of_discharge: 0.4
  Li-ion:
    cost: 168.936
    lifetime: 19.6297
    annual_cost: 8.606142732695865
    efficiency: 0.858396
    discharge_ratio: 2
    depth_of_discharge: 0.9
  Pb-acid:
    cost: 183.079
    lifetime: 10.0447
    annual_cost: 18.226427867432577
    efficiency: 0.720163
    discharge_ratio: 5
    depth_of_discharge: 0.5
  VRBF:
    cost: 175.996
    lifetime: 28.7004
    annual_cost: 6.13217934244819
    efficiency: 0.740058
    discharge_ratio: 0.5
    depth_of_discharge: 1.0
