cost_values:
  wind_capex: 5000.0
  wind_opex: 100
  wind_lifetime: 20
  solar_capex: 1000.0
  solar_opex: 10
  solar_lifetime: 20
  carbon_price: 1.0
timeseries_values:
  load_level: 253676.44709054328
  wind_year: 2012
  solar_year: 2014
  price_year: 2023
  carbon_year: 2023
storage_values:
  CAES:
    cost: 70.0781
    lifetime: 27.1668
    annual_cost: 2.579549302825508
    efficiency: 0.624688
    discharge_ratio: 0.1
    depth_of_discharge: 0.4
  Li-ion:
    cost: 169.697
    lifetime: 18.8997
    annual_cost: 8.978819769625973
    efficiency: 0.877051
    discharge_ratio: 2
    depth_of_discharge: 0.9
  Pb-acid:
    cost: 161.081
    lifetime: 9.26616
    annual_cost: 17.38379220734371
    efficiency: 0.723556
    discharge_ratio: 5
    depth_of_discharge: 0.5
  VRBF:
    cost: 176.284
    lifetime: 28.0636
    annual_cost: 6.281588962214398
    efficiency: 0.751309
    discharge_ratio: 0.5
    depth_of_discharge: 1.0
