cost_values:
  wind_capex: 5000.0
  wind_opex: 100
  wind_lifetime: 20
  solar_capex: 1000.0
  solar_opex: 10
  solar_lifetime: 20
  carbon_price: 1.0
timeseries_values:
  load_level: 253676.44709054328
  wind_year: 2012
  solar_year: 2014
  price_year: 2023
  carbon_year: 2023
storage_values:
  CAES:
    cost: 74.5863
    lifetime: 27.716
    annual_cost: 2.691091788136816
    efficiency: 0.623295
    discharge_ratio: 0.1
    depth_of_discharge: 0.4
  Li-ion:
    cost: 165.426
    lifetime: 19.503
    annual_cost: 8.482079680049223
    efficiency: 0.868507
    discharge_ratio: 2
    depth_of_discharge: 0.9
  Pb-acid:
    cost: 168.151
    lifetime: 10.7391
    annual_cost: 15.65782979951765
    efficiency: 0.703319
    discharge_ratio: 5
    depth_of_discharge: 0.5
  VRBF:
    cost: 147.955
    lifetime: 27.1626
    annual_cost: 5.447011699910907
    efficiency: 0.752352
    discharge_ratio: 0.5
    depth_of_discharge: 1.0
