cost_values:
  wind_capex: 5000.0
  wind_opex: 100
  wind_lifetime: 20
  solar_capex: 1000.0
  solar_opex: 10
  solar_lifetime: 20
  carbon_price: 1.0
timeseries_values:
  load_level: 253676.44709054328
  wind_year: 2012
  solar_year: 2014
  price_year: 2023
  carbon_year: 2023
storage_values:
  CAES:
    cost: 64.1454
    lifetime: 27.4215
    annual_cost: 2.339237459657568
    efficiency: 0.626598
    discharge_ratio: 0.1
    depth_of_discharge: 0.4
  Li-ion:
    cost: 167.012
    lifetime: 17.8906
    annual_cost: 9.33518160374722
    efficiency: 0.867606
    discharge_ratio: 2
    depth_of_discharge: 0.9
  Pb-acid:
    cost: 177.147
    lifetime: 8.7354
    annual_cost: 20.279208736863794
    efficiency: 0.72823
    discharge_ratio: 5
    depth_of_discharge: 0.5
  VRBF:
    cost: 161.319
    lifetime: 27.5959
    annual_cost: 5.845759696186752
    efficiency: 0.762094
    discharge_ratio: 0.5
    depth_of_discharge: 1.0
