cost_values:
  wind_capex: 5000.0
  wind_opex: 100
  wind_lifetime: 20
  solar_capex: 1000.0
  solar_opex: 10
  solar_lifetime: 20
  carbon_price: 1.0
timeseries_values:
  load_level: 253676.44709054328
  wind_year: 2012
  solar_year: 2014
  price_year: 2023
  carbon_year: 2023
storage_values:
  CAES:
    cost: 72.226
    lifetime: 28.0776
    annual_cost: 2.572370857908083
    efficiency: 0.622135
    discharge_ratio: 0.1
    depth_of_discharge: 0.4
  Li-ion:
    cost: 157.767
    lifetime: 18.4805
    annual_cost: 8.536944346743866
    efficiency: 0.87235
    discharge_ratio: 2
    depth_of_discharge: 0.9
  Pb-acid:
    cost: 168.468
    lifetime: 8.56156
    annual_cost: 19.67725507968174
    efficiency: 0.728131
    discharge_ratio: 5
    depth_of_discharge: 0.5
  VRBF:
    cost: 195.105
    lifetime: 27.9927
    annual_cost: 6.969852854494207
    efficiency: 0.748019
    discharge_ratio: 0.5
    depth_of_discharge: 1.0
