cost_values:
  wind_capex: 5000.0
  wind_opex: 100
  wind_lifetime: 20
  solar_capex: 1000.0
  solar_opex: 10
  solar_lifetime: 20
  carbon_price: 1.0
timeseries_values:
  load_level: 253676.44709054328
  wind_year: 2012
  solar_year: 2014
  price_year: 2023
  carbon_year: 2023
storage_values:
  CAES:
    cost: 69.9974
    lifetime: 27.4883
    annual_cost: 2.546443395917536
    efficiency: 0.612131
    discharge_ratio: 0.1
    depth_of_discharge: 0.4
  Li-ion:
    cost: 177.545
    lifetime: 19.6741
    annual_cost: 9.02430098454313
    efficiency: 0.886404
    discharge_ratio: 2
    depth_of_discharge: 0.9
  Pb-acid:
    cost: 164.414
    lifetime: 9.85426
    annual_cost: 16.68456078893798
    efficiency: 0.708532
    discharge_ratio: 5
    depth_of_discharge: 0.5
  VRBF:
    cost: 158.615
    lifetime: 23.9837
    annual_cost: 6.613449968103337
    efficiency: 0.741141
    discharge_ratio: 0.5
    depth_of_discharge: 1.0
