cost_values:
  wind_capex: 5000.0
  wind_opex: 100
  wind_lifetime: 20
  solar_capex: 1000.0
  solar_opex: 10
  solar_lifetime: 20
  carbon_price: 1.0
timeseries_values:
  load_level: 253676.44709054328
  wind_year: 2012
  solar_year: 2014
  price_year: 2023
  carbon_year: 2023
storage_values:
  CAES:
    cost: 73.2111
    lifetime: 27.6934
    annual_cost: 2.6436298901543327
    efficiency: 0.619157
    discharge_ratio: 0.1
    depth_of_discharge: 0.4
  Li-ion:
    cost: 159.074
    lifetime: 18.8615
    annual_cost: 8.433793706757152
    efficiency: 0.858988
    discharge_ratio: 2
    depth_of_discharge: 0.9
  Pb-acid:
    cost: 171.125
    lifetime: 8.46283
    annual_cost: 20.22077721046033
    efficiency: 0.716845
    discharge_ratio: 5
    depth_of_discharge: 0.5
  VRBF:
    cost: 208.619
    lifetime: 22.9962
    annual_cost: 9.071890138370687
    efficiency: 0.757065
    discharge_ratio: 0.5
    depth_of_discharge: 1.0
