cost_values:
  wind_capex: 5000.0
  wind_opex: 100
  wind_lifetime: 20
  solar_capex: 1000.0
  solar_opex: 10
  solar_lifetime: 20
  carbon_price: 1.0
timeseries_values:
  load_level: 253676.44709054328
  wind_year: 2012
  solar_year: 2014
  price_year: 2023
  carbon_year: 2023
storage_values:
  CAES:
    cost: 75.9105
    lifetime: 27.7593
    annual_cost: 2.7345970539602944
    efficiency: 0.614959
    discharge_ratio: 0.1
    depth_of_discharge: 0.4
  Li-ion:
    cost: 167.359
    lifetime: 17.6464
    annual_cost: 9.48403073714752
    efficiency: 0.867689
    discharge_ratio: 2
    depth_of_discharge: 0.9
  Pb-acid:
    cost: 151.782
    lifetime: 10.5637
    annual_cost: 14.368261120630082
    efficiency: 0.723885
    discharge_ratio: 5
    depth_of_discharge: 0.5
  VRBF:
    cost: 160.466
    lifetime: 29.4978
    annual_cost: 5.43993111350677
    efficiency: 0.733147
    discharge_ratio: 0.5
    depth_of_discharge: 1.0
