cost_values:
  wind_capex: 5000.0
  wind_opex: 100
  wind_lifetime: 20
  solar_capex: 1000.0
  solar_opex: 10
  solar_lifetime: 20
  carbon_price: 1.0
timeseries_values:
  load_level: 253676.44709054328
  wind_year: 2012
  solar_year: 2014
  price_year: 2023
  carbon_year: 2023
storage_values:
  CAES:
    cost: 71.3319
    lifetime: 27.914
    annual_cost: 2.5554166368130686
    efficiency: 0.611336
    discharge_ratio: 0.1
    depth_of_discharge: 0.4
  Li-ion:
    cost: 130.23
    lifetime: 18.7136
    annual_cost: 6.959109952120382
    efficiency: 0.858553
    discharge_ratio: 2
    depth_of_discharge: 0.9
  Pb-acid:
    cost: 189.738
    lifetime: 8.04976
    annual_cost: 23.570640615372387
    efficiency: 0.710372
    discharge_ratio: 5
    depth_of_discharge: 0.5
  VRBF:
    cost: 137.223
    lifetime: 28.1674
    annual_cost: 4.87169564816064
    efficiency: 0.749959
    discharge_ratio: 0.5
    depth_of_discharge: 1.0
