cost_values:
  wind_capex: 5000.0
  wind_opex: 100
  wind_lifetime: 20
  solar_capex: 1000.0
  solar_opex: 10
  solar_lifetime: 20
  carbon_price: 1.0
timeseries_values:
  load_level: 253676.44709054328
  wind_year: 2012
  solar_year: 2014
  price_year: 2023
  carbon_year: 2023
storage_values:
  CAES:
    cost: 74.5156
    lifetime: 26.224
    annual_cost: 2.841503965832825
    efficiency: 0.617433
    discharge_ratio: 0.1
    depth_of_discharge: 0.4
  Li-ion:
    cost: 153.669
    lifetime: 18.233
    annual_cost: 8.428069982997862
    efficiency: 0.866541
    discharge_ratio: 2
    depth_of_discharge: 0.9
  Pb-acid:
    cost: 149.973
    lifetime: 9.76106
    annual_cost: 15.364417389095037
    efficiency: 0.716776
    discharge_ratio: 5
    depth_of_discharge: 0.5
  VRBF:
    cost: 181.548
    lifetime: 26.0556
    annual_cost: 6.967715193662783
    efficiency: 0.743143
    discharge_ratio: 0.5
    depth_of_discharge: 1.0
