cost_values:
  wind_capex: 5000.0
  wind_opex: 100
  wind_lifetime: 20
  solar_capex: 1000.0
  solar_opex: 10
  solar_lifetime: 20
  carbon_price: 1.0
timeseries_values:
  load_level: 253676.44709054328
  wind_year: 2012
  solar_year: 2014
  price_year: 2023
  carbon_year: 2023
storage_values:
  CAES:
    cost: 64.5991
    lifetime: 27.4645
    annual_cost: 2.352094522019334
    efficiency: 0.615328
    discharge_ratio: 0.1
    depth_of_discharge: 0.4
  Li-ion:
    cost: 167.908
    lifetime: 18.7305
    annual_cost: 8.964416326312698
    efficiency: 0.886638
    discharge_ratio: 2
    depth_of_discharge: 0.9
  Pb-acid:
    cost: 164.607
    lifetime: 8.8479
    annual_cost: 18.60407554334927
    efficiency: 0.731931
    discharge_ratio: 5
    depth_of_discharge: 0.5
  VRBF:
    cost: 160.271
    lifetime: 26.889
    annual_cost: 5.960467105507828
    efficiency: 0.736633
    discharge_ratio: 0.5
    depth_of_discharge: 1.0
