cost_values:
  wind_capex: 5000.0
  wind_opex: 100
  wind_lifetime: 20
  solar_capex: 1000.0
  solar_opex: 10
  solar_lifetime: 20
  carbon_price: 1.0
timeseries_values:
  load_level: 253676.44709054328
  wind_year: 2012
  solar_year: 2014
  price_year: 2023
  carbon_year: 2023
storage_values:
  CAES:
    cost: 79.1519
    lifetime: 27.0071
    annual_cost: 2.9307811649529194
    efficiency: 0.604815
    discharge_ratio: 0.1
    depth_of_discharge: 0.4
  Li-ion:
    cost: 160.471
    lifetime: 18.1696
    annual_cost: 8.831839996477633
    efficiency: 0.877593
    discharge_ratio: 2
    depth_of_discharge: 0.9
  Pb-acid:
    cost: 188.842
    lifetime: 9.19766
    annual_cost: 20.531526496956833
    efficiency: 0.708404
    discharge_ratio: 5
    depth_of_discharge: 0.5
  VRBF:
    cost: 179.755
    lifetime: 25.6104
    annual_cost: 7.018828288507794
    efficiency: 0.755897
    discharge_ratio: 0.5
    depth_of_discharge: 1.0
