cost_values:
  wind_capex: 5000.0
  wind_opex: 100
  wind_lifetime: 20
  solar_capex: 1000.0
  solar_opex: 10
  solar_lifetime: 20
  carbon_price: 1.0
timeseries_values:
  load_level: 253676.44709054328
  wind_year: 2012
  solar_year: 2014
  price_year: 2023
  carbon_year: 2023
storage_values:
  CAES:
    cost: 77.5902
    lifetime: 28.5402
    annual_cost: 2.718628460907772
    efficiency: 0.614849
    discharge_ratio: 0.1
    depth_of_discharge: 0.4
  Li-ion:
    cost: 164.725
    lifetime: 18.4761
    annual_cost: 8.915572009244375
    efficiency: 0.88024
    discharge_ratio: 2
    depth_of_discharge: 0.9
  Pb-acid:
    cost: 167.575
    lifetime: 6.75751
    annual_cost: 24.798335481560514
    efficiency: 0.70933
    discharge_ratio: 5
    depth_of_discharge: 0.5
  VRBF:
    cost: 185.977
    lifetime: 25.603
    annual_cost: 7.263875327110104
    efficiency: 0.762056
    discharge_ratio: 0.5
    depth_of_discharge: 1.0
