cost_values:
  wind_capex: 5000.0
  wind_opex: 100
  wind_lifetime: 20
  solar_capex: 1000.0
  solar_opex: 10
  solar_lifetime: 20
  carbon_price: 1.0
timeseries_values:
  load_level: 253676.44709054328
  wind_year: 2012
  solar_year: 2014
  price_year: 2023
  carbon_year: 2023
storage_values:
  CAES:
    cost: 71.4635
    lifetime: 26.9406
    annual_cost: 2.6526320868874484
    efficiency: 0.616939
    discharge_ratio: 0.1
    depth_of_discharge: 0.4
  Li-ion:
    cost: 159.334
    lifetime: 18.9101
    annual_cost: 8.42586765802402
    efficiency: 0.869986
    discharge_ratio: 2
    depth_of_discharge: 0.9
  Pb-acid:
    cost: 186.645
    lifetime: 9.28905
    annual_cost: 20.093012740807726
    efficiency: 0.7176
    discharge_ratio: 5
    depth_of_discharge: 0.5
  VRBF:
    cost: 172.225
    lifetime: 27.0738
    annual_cost: 6.361316106346357
    efficiency: 0.727829
    discharge_ratio: 0.5
    depth_of_discharge: 1.0
