cost_values:
  wind_capex: 5000.0
  wind_opex: 100
  wind_lifetime: 20
  solar_capex: 1000.0
  solar_opex: 10
  solar_lifetime: 20
  carbon_price: 1.0
timeseries_values:
  load_level: 253676.44709054328
  wind_year: 2012
  solar_year: 2014
  price_year: 2023
  carbon_year: 2023
storage_values:
  CAES:
    cost: 69.095
    lifetime: 27.2666
    annual_cost: 2.534052650495478
    efficiency: 0.616171
    discharge_ratio: 0.1
    depth_of_discharge: 0.4
  Li-ion:
    cost: 169.67
    lifetime: 17.8562
    annual_cost: 9.502021706746115
    efficiency: 0.888819
    discharge_ratio: 2
    depth_of_discharge: 0.9
  Pb-acid:
    cost: 176.307
    lifetime: 9.33272
    annual_cost: 18.891277141069267
    efficiency: 0.719222
    discharge_ratio: 5
    depth_of_discharge: 0.5
  VRBF:
    cost: 171.511
    lifetime: 26.1107
    annual_cost: 6.568609803643716
    efficiency: 0.732806
    discharge_ratio: 0.5
    depth_of_discharge: 1.0
