cost_values:
  wind_capex: 5000.0
  wind_opex: 100
  wind_lifetime: 20
  solar_capex: 1000.0
  solar_opex: 10
  solar_lifetime: 20
  carbon_price: 1.0
timeseries_values:
  load_level: 253676.44709054328
  wind_year: 2012
  solar_year: 2014
  price_year: 2023
  carbon_year: 2023
storage_values:
  CAES:
    cost: 67.9558
    lifetime: 26.6859
    annual_cost: 2.546505832668188
    efficiency: 0.620401
    discharge_ratio: 0.1
    depth_of_discharge: 0.4
  Li-ion:
    cost: 154.771
    lifetime: 19.5651
    annual_cost: 7.910565241169223
    efficiency: 0.879849
    discharge_ratio: 2
    depth_of_discharge: 0.9
  Pb-acid:
    cost: 156.149
    lifetime: 8.87446
    annual_cost: 17.595324109861334
    efficiency: 0.730464
    discharge_ratio: 5
    depth_of_discharge: 0.5
  VRBF:
    cost: 194.77
    lifetime: 26.9493
    annual_cost: 7.227274919942262
    efficiency: 0.740694
    discharge_ratio: 0.5
    depth_of_discharge: 1.0
