cost_values:
  wind_capex: 5000.0
  wind_opex: 100
  wind_lifetime: 20
  solar_capex: 1000.0
  solar_opex: 10
  solar_lifetime: 20
  carbon_price: 1.0
timeseries_values:
  load_level: 253676.44709054328
  wind_year: 2012
  solar_year: 2014
  price_year: 2023
  carbon_year: 2023
storage_values:
  CAES:
    cost: 68.3648
    lifetime: 27.577
    annual_cost: 2.4790513833992094
    efficiency: 0.622684
    discharge_ratio: 0.1
    depth_of_discharge: 0.4
  Li-ion:
    cost: 177.598
    lifetime: 17.07
    annual_cost: 10.404100761570007
    efficiency: 0.874369
    discharge_ratio: 2
    depth_of_discharge: 0.9
  Pb-acid:
    cost: 157.361
    lifetime: 7.65644
    annual_cost: 20.552763425299485
    efficiency: 0.706037
    discharge_ratio: 5
    depth_of_discharge: 0.5
  VRBF:
    cost: 182.271
    lifetime: 27.3064
    annual_cost: 6.675028564732077
    efficiency: 0.743641
    discharge_ratio: 0.5
    depth_of_discharge: 1.0
