cost_values:
  wind_capex: 5000.0
  wind_opex: 100
  wind_lifetime: 20
  solar_capex: 1000.0
  solar_opex: 10
  solar_lifetime: 20
  carbon_price: 1.0
timeseries_values:
  load_level: 253676.44709054328
  wind_year: 2012
  solar_year: 2014
  price_year: 2023
  carbon_year: 2023
storage_values:
  CAES:
    cost: 70.5723
    lifetime: 26.6525
    annual_cost: 2.647867929837726
    efficiency: 0.621492
    discharge_ratio: 0.1
    depth_of_discharge: 0.4
  Li-ion:
    cost: 162.635
    lifetime: 19.3128
    annual_cost: 8.421098960275051
    efficiency: 0.871837
    discharge_ratio: 2
    depth_of_discharge: 0.9
  Pb-acid:
    cost: 183.6
    lifetime: 8.35527
    annual_cost: 21.97415523376264
    efficiency: 0.727685
    discharge_ratio: 5
    depth_of_discharge: 0.5
  VRBF:
    cost: 191.931
    lifetime: 27.8454
    annual_cost: 6.892736322696029
    efficiency: 0.740658
    discharge_ratio: 0.5
    depth_of_discharge: 1.0
