cost_values:
  wind_capex: 5000.0
  wind_opex: 100
  wind_lifetime: 20
  solar_capex: 1000.0
  solar_opex: 10
  solar_lifetime: 20
  carbon_price: 1.0
timeseries_values:
  load_level: 253676.44709054328
  wind_year: 2012
  solar_year: 2014
  price_year: 2023
  carbon_year: 2023
storage_values:
  CAES:
    cost: 71.9295
    lifetime: 28.3048
    annual_cost: 2.5412474209321387
    efficiency: 0.614425
    discharge_ratio: 0.1
    depth_of_discharge: 0.4
  Li-ion:
    cost: 167.076
    lifetime: 16.9194
    annual_cost: 9.874818255966524
    efficiency: 0.879873
    discharge_ratio: 2
    depth_of_discharge: 0.9
  Pb-acid:
    cost: 152.185
    lifetime: 8.5762
    annual_cost: 17.745038595182017
    efficiency: 0.727849
    discharge_ratio: 5
    depth_of_discharge: 0.5
  VRBF:
    cost: 155.811
    lifetime: 24.5942
    annual_cost: 6.335274170332843
    efficiency: 0.721354
    discharge_ratio: 0.5
    depth_of_discharge: 1.0
