cost_values:
  wind_capex: 5000.0
  wind_opex: 100
  wind_lifetime: 20
  solar_capex: 1000.0
  solar_opex: 10
  solar_lifetime: 20
  carbon_price: 1.0
timeseries_values:
  load_level: 253676.44709054328
  wind_year: 2012
  solar_year: 2014
  price_year: 2023
  carbon_year: 2023
storage_values:
  CAES:
    cost: 75.9663
    lifetime: 26.8932
    annual_cost: 2.824740082994958
    efficiency: 0.618442
    discharge_ratio: 0.1
    depth_of_discharge: 0.4
  Li-ion:
    cost: 185.229
    lifetime: 18.2604
    annual_cost: 10.143753696523625
    efficiency: 0.881663
    discharge_ratio: 2
    depth_of_discharge: 0.9
  Pb-acid:
    cost: 176.051
    lifetime: 10.2715
    annual_cost: 17.139755634522707
    efficiency: 0.707531
    discharge_ratio: 5
    depth_of_discharge: 0.5
  VRBF:
    cost: 139.691
    lifetime: 26.5289
    annual_cost: 5.265615988601111
    efficiency: 0.740876
    discharge_ratio: 0.5
    depth_of_discharge: 1.0
