cost_values:
  wind_capex: 5000.0
  wind_opex: 100
  wind_lifetime: 20
  solar_capex: 1000.0
  solar_opex: 10
  solar_lifetime: 20
  carbon_price: 1.0
timeseries_values:
  load_level: 253676.44709054328
  wind_year: 2012
  solar_year: 2014
  price_year: 2023
  carbon_year: 2023
storage_values:
  CAES:
    cost: 72.6426
    lifetime: 27.7298
    annual_cost: 2.6196582737704563
    efficiency: 0.6144
    discharge_ratio: 0.1
    depth_of_discharge: 0.4
  Li-ion:
    cost: 173.529
    lifetime: 17.7227
    annual_cost: 9.79134104848584
    efficiency: 0.873557
    discharge_ratio: 2
    depth_of_discharge: 0.9
  Pb-acid:
    cost: 166.594
    lifetime: 7.6603
    annual_cost: 21.74771223059149
    efficiency: 0.716332
    discharge_ratio: 5
    depth_of_discharge: 0.5
  VRBF:
    cost: 176.105
    lifetime: 27.0539
    annual_cost: 6.509412690961377
    efficiency: 0.744679
    discharge_ratio: 0.5
    depth_of_discharge: 1.0
