cost_values:
  wind_capex: 5000.0
  wind_opex: 100
  wind_lifetime: 20
  solar_capex: 1000.0
  solar_opex: 10
  solar_lifetime: 20
  carbon_price: 1.0
timeseries_values:
  load_level: 253676.44709054328
  wind_year: 2012
  solar_year: 2014
  price_year: 2023
  carbon_year: 2023
storage_values:
  CAES:
    cost: 68.6263
    lifetime: 27.2864
    annual_cost: 2.51503679488683
    efficiency: 0.628101
    discharge_ratio: 0.1
    depth_of_discharge: 0.4
  Li-ion:
    cost: 195.125
    lifetime: 18.4213
    annual_cost: 10.592357759767227
    efficiency: 0.874726
    discharge_ratio: 2
    depth_of_discharge: 0.9
  Pb-acid:
    cost: 159.926
    lifetime: 8.93887
    annual_cost: 17.89107571762426
    efficiency: 0.730965
    discharge_ratio: 5
    depth_of_discharge: 0.5
  VRBF:
    cost: 172.917
    lifetime: 29.3705
    annual_cost: 5.8874380756200955
    efficiency: 0.742825
    discharge_ratio: 0.5
    depth_of_discharge: 1.0
