cost_values:
  wind_capex: 5000.0
  wind_opex: 100
  wind_lifetime: 20
  solar_capex: 1000.0
  solar_opex: 10
  solar_lifetime: 20
  carbon_price: 1.0
timeseries_values:
  load_level: 255718.485658553
  wind_year: 2018
  solar_year: 2016
  price_year: 2023
  carbon_year: 2023
storage_values:
  CAES:
    cost: 57.9923
    lifetime: 24.3025
    annual_cost: 2.386268902376299
    efficiency: 0.641057
    discharge_ratio: 0.1
    depth_of_discharge: 0.4
  Li-ion:
    cost: 266.016
    lifetime: 21.1974
    annual_cost: 12.54946361346203
    efficiency: 0.942904
    discharge_ratio: 2
    depth_of_discharge: 0.9
  Pb-acid:
    cost: 183.174
    lifetime: 14.1201
    annual_cost: 12.972571015786007
    efficiency: 0.734281
    discharge_ratio: 5
    depth_of_discharge: 0.5
  VRBF:
    cost: 244.664
    lifetime: 21.5872
    annual_cost: 11.333753335309813
    efficiency: 0.819202
    discharge_ratio: 0.5
    depth_of_discharge: 1.0
