cost_values:
  wind_capex: 5000.0
  wind_opex: 100
  wind_lifetime: 20
  solar_capex: 1000.0
  solar_opex: 10
  solar_lifetime: 20
  carbon_price: 1.0
timeseries_values:
  load_level: 255718.485658553
  wind_year: 2018
  solar_year: 2016
  price_year: 2023
  carbon_year: 2023
storage_values:
  CAES:
    cost: 53.7316
    lifetime: 24.67
    annual_cost: 2.178013781921362
    efficiency: 0.635091
    discharge_ratio: 0.1
    depth_of_discharge: 0.4
  Li-ion:
    cost: 265.575
    lifetime: 18.8439
    annual_cost: 14.093420151879386
    efficiency: 0.959622
    discharge_ratio: 2
    depth_of_discharge: 0.9
  Pb-acid:
    cost: 176.527
    lifetime: 14.5435
    annual_cost: 12.137862275243235
    efficiency: 0.750008
    discharge_ratio: 5
    depth_of_discharge: 0.5
  VRBF:
    cost: 221.963
    lifetime: 20.7236
    annual_cost: 10.710639078152443
    efficiency: 0.809407
    discharge_ratio: 0.5
    depth_of_discharge: 1.0
