cost_values:
  wind_capex: 5000.0
  wind_opex: 100
  wind_lifetime: 20
  solar_capex: 1000.0
  solar_opex: 10
  solar_lifetime: 20
  carbon_price: 1.0
timeseries_values:
  load_level: 255718.485658553
  wind_year: 2018
  solar_year: 2016
  price_year: 2023
  carbon_year: 2023
storage_values:
  CAES:
    cost: 49.3487
    lifetime: 24.1126
    annual_cost: 2.046593896966731
    efficiency: 0.63061
    discharge_ratio: 0.1
    depth_of_discharge: 0.4
  Li-ion:
    cost: 271.684
    lifetime: 19.68
    annual_cost: 13.80508130081301
    efficiency: 0.952634
    discharge_ratio: 2
    depth_of_discharge: 0.9
  Pb-acid:
    cost: 208.471
    lifetime: 13.7532
    annual_cost: 15.157999592822035
    efficiency: 0.739599
    discharge_ratio: 5
    depth_of_discharge: 0.5
  VRBF:
    cost: 266.815
    lifetime: 20.0478
    annual_cost: 13.308941629505483
    efficiency: 0.785788
    discharge_ratio: 0.5
    depth_of_discharge: 1.0
