cost_values:
  wind_capex: 5000.0
  wind_opex: 100
  wind_lifetime: 20
  solar_capex: 1000.0
  solar_opex: 10
  solar_lifetime: 20
  carbon_price: 1.0
timeseries_values:
  load_level: 255718.485658553
  wind_year: 2018
  solar_year: 2016
  price_year: 2023
  carbon_year: 2023
storage_values:
  CAES:
    cost: 51.7396
    lifetime: 24.785
    annual_cost: 2.0875368166229578
    efficiency: 0.635
    discharge_ratio: 0.1
    depth_of_discharge: 0.4
  Li-ion:
    cost: 270.425
    lifetime: 17.5134
    annual_cost: 15.441033722749438
    efficiency: 0.944417
    discharge_ratio: 2
    depth_of_discharge: 0.9
  Pb-acid:
    cost: 182.273
    lifetime: 14.1086
    annual_cost: 12.919283274031443
    efficiency: 0.751489
    discharge_ratio: 5
    depth_of_discharge: 0.5
  VRBF:
    cost: 267.67
    lifetime: 19.675
    annual_cost: 13.604574332909785
    efficiency: 0.795184
    discharge_ratio: 0.5
    depth_of_discharge: 1.0
