cost_values:
  wind_capex: 5000.0
  wind_opex: 100
  wind_lifetime: 20
  solar_capex: 1000.0
  solar_opex: 10
  solar_lifetime: 20
  carbon_price: 1.0
timeseries_values:
  load_level: 255718.485658553
  wind_year: 2018
  solar_year: 2016
  price_year: 2023
  carbon_year: 2023
storage_values:
  CAES:
    cost: 57.2181
    lifetime: 23.6792
    annual_cost: 2.4163865333288284
    efficiency: 0.630024
    discharge_ratio: 0.1
    depth_of_discharge: 0.4
  Li-ion:
    cost: 248.493
    lifetime: 20.1547
    annual_cost: 12.329282996025741
    efficiency: 0.943783
    discharge_ratio: 2
    depth_of_discharge: 0.9
  Pb-acid:
    cost: 198.658
    lifetime: 13.433
    annual_cost: 14.788803692399314
    efficiency: 0.737418
    discharge_ratio: 5
    depth_of_discharge: 0.5
  VRBF:
    cost: 236.759
    lifetime: 20.524
    annual_cost: 11.535714285714285
    efficiency: 0.813025
    discharge_ratio: 0.5
    depth_of_discharge: 1.0
