cost_values:
  wind_capex: 5000.0
  wind_opex: 100
  wind_lifetime: 20
  solar_capex: 1000.0
  solar_opex: 10
  solar_lifetime: 20
  carbon_price: 1.0
timeseries_values:
  load_level: 255718.485658553
  wind_year: 2018
  solar_year: 2016
  price_year: 2023
  carbon_year: 2023
storage_values:
  CAES:
    cost: 54.3428
    lifetime: 25.0744
    annual_cost: 2.1672622276106304
    efficiency: 0.640391
    discharge_ratio: 0.1
    depth_of_discharge: 0.4
  Li-ion:
    cost: 238.174
    lifetime: 19.2729
    annual_cost: 12.357974150231673
    efficiency: 0.95439
    discharge_ratio: 2
    depth_of_discharge: 0.9
  Pb-acid:
    cost: 156.978
    lifetime: 13.1979
    annual_cost: 11.894164980792398
    efficiency: 0.733431
    discharge_ratio: 5
    depth_of_discharge: 0.5
  VRBF:
    cost: 222.502
    lifetime: 20.5762
    annual_cost: 10.813561298976488
    efficiency: 0.801211
    discharge_ratio: 0.5
    depth_of_discharge: 1.0
