cost_values:
  wind_capex: 5000.0
  wind_opex: 100
  wind_lifetime: 20
  solar_capex: 1000.0
  solar_opex: 10
  solar_lifetime: 20
  carbon_price: 1.0
timeseries_values:
  load_level: 255718.485658553
  wind_year: 2018
  solar_year: 2016
  price_year: 2023
  carbon_year: 2023
storage_values:
  CAES:
    cost: 51.7052
    lifetime: 25.0789
    annual_cost: 2.0617012707893885
    efficiency: 0.63178
    discharge_ratio: 0.1
    depth_of_discharge: 0.4
  Li-ion:
    cost: 237.63
    lifetime: 22.1508
    annual_cost: 10.727829243187605
    efficiency: 0.942355
    discharge_ratio: 2
    depth_of_discharge: 0.9
  Pb-acid:
    cost: 177.127
    lifetime: 12.7517
    annual_cost: 13.890461663935007
    efficiency: 0.748547
    discharge_ratio: 5
    depth_of_discharge: 0.5
  VRBF:
    cost: 247.211
    lifetime: 21.1452
    annual_cost: 11.691116660045779
    efficiency: 0.805303
    discharge_ratio: 0.5
    depth_of_discharge: 1.0
