cost_values:
  wind_capex: 5000.0
  wind_opex: 100
  wind_lifetime: 20
  solar_capex: 1000.0
  solar_opex: 10
  solar_lifetime: 20
  carbon_price: 1.0
timeseries_values:
  load_level: 255718.485658553
  wind_year: 2018
  solar_year: 2016
  price_year: 2023
  carbon_year: 2023
storage_values:
  CAES:
    cost: 51.9433
    lifetime: 24.9177
    annual_cost: 2.0845944850447675
    efficiency: 0.625341
    discharge_ratio: 0.1
    depth_of_discharge: 0.4
  Li-ion:
    cost: 253.291
    lifetime: 20.0298
    annual_cost: 12.645707895236097
    efficiency: 0.959144
    discharge_ratio: 2
    depth_of_discharge: 0.9
  Pb-acid:
    cost: 200.143
    lifetime: 13.5352
    annual_cost: 14.78685205981441
    efficiency: 0.738734
    discharge_ratio: 5
    depth_of_discharge: 0.5
  VRBF:
    cost: 249.801
    lifetime: 20.7019
    annual_cost: 12.066573599524682
    efficiency: 0.804168
    discharge_ratio: 0.5
    depth_of_discharge: 1.0
