cost_values:
  wind_capex: 5000.0
  wind_opex: 100
  wind_lifetime: 20
  solar_capex: 1000.0
  solar_opex: 10
  solar_lifetime: 20
  carbon_price: 1.0
timeseries_values:
  load_level: 255718.485658553
  wind_year: 2018
  solar_year: 2016
  price_year: 2023
  carbon_year: 2023
storage_values:
  CAES:
    cost: 54.8502
    lifetime: 24.7862
    annual_cost: 2.212933003042015
    efficiency: 0.627488
    discharge_ratio: 0.1
    depth_of_discharge: 0.4
  Li-ion:
    cost: 243.412
    lifetime: 18.9964
    annual_cost: 12.813585732033438
    efficiency: 0.939591
    discharge_ratio: 2
    depth_of_discharge: 0.9
  Pb-acid:
    cost: 196.585
    lifetime: 12.8327
    annual_cost: 15.319067694249846
    efficiency: 0.72738
    discharge_ratio: 5
    depth_of_discharge: 0.5
  VRBF:
    cost: 212.705
    lifetime: 21.5674
    annual_cost: 9.862338529447221
    efficiency: 0.799511
    discharge_ratio: 0.5
    depth_of_discharge: 1.0
