cost_values:
  wind_capex: 5000.0
  wind_opex: 100
  wind_lifetime: 20
  solar_capex: 1000.0
  solar_opex: 10
  solar_lifetime: 20
  carbon_price: 1.0
timeseries_values:
  load_level: 255718.485658553
  wind_year: 2018
  solar_year: 2016
  price_year: 2023
  carbon_year: 2023
storage_values:
  CAES:
    cost: 49.0433
    lifetime: 24.1895
    annual_cost: 2.0274623286963354
    efficiency: 0.627606
    discharge_ratio: 0.1
    depth_of_discharge: 0.4
  Li-ion:
    cost: 262.742
    lifetime: 20.7081
    annual_cost: 12.687885416817574
    efficiency: 0.959132
    discharge_ratio: 2
    depth_of_discharge: 0.9
  Pb-acid:
    cost: 173.909
    lifetime: 13.5526
    annual_cost: 12.832150288505526
    efficiency: 0.742988
    discharge_ratio: 5
    depth_of_discharge: 0.5
  VRBF:
    cost: 242.958
    lifetime: 21.7357
    annual_cost: 11.177831861867801
    efficiency: 0.807832
    discharge_ratio: 0.5
    depth_of_discharge: 1.0
