cost_values:
  wind_capex: 5000.0
  wind_opex: 100
  wind_lifetime: 20
  solar_capex: 1000.0
  solar_opex: 10
  solar_lifetime: 20
  carbon_price: 1.0
timeseries_values:
  load_level: 255718.485658553
  wind_year: 2018
  solar_year: 2016
  price_year: 2023
  carbon_year: 2023
storage_values:
  CAES:
    cost: 57.1277
    lifetime: 23.5342
    annual_cost: 2.4274332673300982
    efficiency: 0.627017
    discharge_ratio: 0.1
    depth_of_discharge: 0.4
  Li-ion:
    cost: 260.755
    lifetime: 19.5035
    annual_cost: 13.369651600994693
    efficiency: 0.955365
    discharge_ratio: 2
    depth_of_discharge: 0.9
  Pb-acid:
    cost: 188.9
    lifetime: 14.4085
    annual_cost: 13.110316826873026
    efficiency: 0.761989
    discharge_ratio: 5
    depth_of_discharge: 0.5
  VRBF:
    cost: 272.49
    lifetime: 20.2792
    annual_cost: 13.436920588583376
    efficiency: 0.796372
    discharge_ratio: 0.5
    depth_of_discharge: 1.0
