cost_values:
  wind_capex: 5000.0
  wind_opex: 100
  wind_lifetime: 20
  solar_capex: 1000.0
  solar_opex: 10
  solar_lifetime: 20
  carbon_price: 1.0
timeseries_values:
  load_level: 255718.485658553
  wind_year: 2018
  solar_year: 2016
  price_year: 2023
  carbon_year: 2023
storage_values:
  CAES:
    cost: 53.1684
    lifetime: 24.4972
    annual_cost: 2.1703868197181717
    efficiency: 0.636931
    discharge_ratio: 0.1
    depth_of_discharge: 0.4
  Li-ion:
    cost: 237.293
    lifetime: 19.0305
    annual_cost: 12.469089093823074
    efficiency: 0.95157
    discharge_ratio: 2
    depth_of_discharge: 0.9
  Pb-acid:
    cost: 191.52
    lifetime: 12.6537
    annual_cost: 15.135493966191707
    efficiency: 0.754483
    discharge_ratio: 5
    depth_of_discharge: 0.5
  VRBF:
    cost: 263.15
    lifetime: 22.005
    annual_cost: 11.958645762326743
    efficiency: 0.807842
    discharge_ratio: 0.5
    depth_of_discharge: 1.0
