cost_values:
  wind_capex: 5000.0
  wind_opex: 100
  wind_lifetime: 20
  solar_capex: 1000.0
  solar_opex: 10
  solar_lifetime: 20
  carbon_price: 1.0
timeseries_values:
  load_level: 255718.485658553
  wind_year: 2018
  solar_year: 2016
  price_year: 2023
  carbon_year: 2023
storage_values:
  CAES:
    cost: 52.0338
    lifetime: 23.9943
    annual_cost: 2.168590040134532
    efficiency: 0.629954
    discharge_ratio: 0.1
    depth_of_discharge: 0.4
  Li-ion:
    cost: 258.177
    lifetime: 20.7504
    annual_cost: 12.44202521397178
    efficiency: 0.957285
    discharge_ratio: 2
    depth_of_discharge: 0.9
  Pb-acid:
    cost: 166.149
    lifetime: 14.2021
    annual_cost: 11.69890368325811
    efficiency: 0.743176
    discharge_ratio: 5
    depth_of_discharge: 0.5
  VRBF:
    cost: 242.99
    lifetime: 20.7759
    annual_cost: 11.695762879105118
    efficiency: 0.80661
    discharge_ratio: 0.5
    depth_of_discharge: 1.0
