cost_values:
  wind_capex: 5000.0
  wind_opex: 100
  wind_lifetime: 20
  solar_capex: 1000.0
  solar_opex: 10
  solar_lifetime: 20
  carbon_price: 1.0
timeseries_values:
  load_level: 255718.485658553
  wind_year: 2018
  solar_year: 2016
  price_year: 2023
  carbon_year: 2023
storage_values:
  CAES:
    cost: 52.0064
    lifetime: 24.1095
    annual_cost: 2.1570916028951244
    efficiency: 0.633697
    discharge_ratio: 0.1
    depth_of_discharge: 0.4
  Li-ion:
    cost: 268.928
    lifetime: 20.7477
    annual_cost: 12.961822274276185
    efficiency: 0.949592
    discharge_ratio: 2
    depth_of_discharge: 0.9
  Pb-acid:
    cost: 175.264
    lifetime: 13.9354
    annual_cost: 12.57689050906325
    efficiency: 0.729851
    discharge_ratio: 5
    depth_of_discharge: 0.5
  VRBF:
    cost: 234.168
    lifetime: 20.7806
    annual_cost: 11.268587047534721
    efficiency: 0.804609
    discharge_ratio: 0.5
    depth_of_discharge: 1.0
