cost_values:
  wind_capex: 5000.0
  wind_opex: 100
  wind_lifetime: 20
  solar_capex: 1000.0
  solar_opex: 10
  solar_lifetime: 20
  carbon_price: 1.0
timeseries_values:
  load_level: 255718.485658553
  wind_year: 2018
  solar_year: 2016
  price_year: 2023
  carbon_year: 2023
storage_values:
  CAES:
    cost: 59.473
    lifetime: 24.7433
    annual_cost: 2.4036001665097215
    efficiency: 0.634232
    discharge_ratio: 0.1
    depth_of_discharge: 0.4
  Li-ion:
    cost: 277.158
    lifetime: 21.9371
    annual_cost: 12.634213273404416
    efficiency: 0.952086
    discharge_ratio: 2
    depth_of_discharge: 0.9
  Pb-acid:
    cost: 175.074
    lifetime: 12.4437
    annual_cost: 14.06928807348297
    efficiency: 0.751301
    discharge_ratio: 5
    depth_of_discharge: 0.5
  VRBF:
    cost: 266.605
    lifetime: 19.3668
    annual_cost: 13.766084226614618
    efficiency: 0.799872
    discharge_ratio: 0.5
    depth_of_discharge: 1.0
