cost_values:
  wind_capex: 5000.0
  wind_opex: 100
  wind_lifetime: 20
  solar_capex: 1000.0
  solar_opex: 10
  solar_lifetime: 20
  carbon_price: 1.0
timeseries_values:
  load_level: 255718.485658553
  wind_year: 2018
  solar_year: 2016
  price_year: 2023
  carbon_year: 2023
storage_values:
  CAES:
    cost: 47.7341
    lifetime: 24.3674
    annual_cost: 1.9589328364946608
    efficiency: 0.636764
    discharge_ratio: 0.1
    depth_of_discharge: 0.4
  Li-ion:
    cost: 259.503
    lifetime: 19.4401
    annual_cost: 13.348851086156962
    efficiency: 0.970996
    discharge_ratio: 2
    depth_of_discharge: 0.9
  Pb-acid:
    cost: 178.555
    lifetime: 12.4702
    annual_cost: 14.318535388365865
    efficiency: 0.72675
    discharge_ratio: 5
    depth_of_discharge: 0.5
  VRBF:
    cost: 217.577
    lifetime: 22.3186
    annual_cost: 9.748684953357289
    efficiency: 0.799502
    discharge_ratio: 0.5
    depth_of_discharge: 1.0
