cost_values:
  wind_capex: 5000.0
  wind_opex: 100
  wind_lifetime: 20
  solar_capex: 1000.0
  solar_opex: 10
  solar_lifetime: 20
  carbon_price: 1.0
timeseries_values:
  load_level: 255718.485658553
  wind_year: 2018
  solar_year: 2016
  price_year: 2023
  carbon_year: 2023
storage_values:
  CAES:
    cost: 53.985
    lifetime: 23.6221
    annual_cost: 2.2853598960295654
    efficiency: 0.638133
    discharge_ratio: 0.1
    depth_of_discharge: 0.4
  Li-ion:
    cost: 249.551
    lifetime: 19.3146
    annual_cost: 12.920329698777092
    efficiency: 0.952562
    discharge_ratio: 2
    depth_of_discharge: 0.9
  Pb-acid:
    cost: 182.124
    lifetime: 15.5552
    annual_cost: 11.708239045463896
    efficiency: 0.738606
    discharge_ratio: 5
    depth_of_discharge: 0.5
  VRBF:
    cost: 228.601
    lifetime: 22.6276
    annual_cost: 10.102750623132811
    efficiency: 0.790294
    discharge_ratio: 0.5
    depth_of_discharge: 1.0
