cost_values:
  wind_capex: 5000.0
  wind_opex: 100
  wind_lifetime: 20
  solar_capex: 1000.0
  solar_opex: 10
  solar_lifetime: 20
  carbon_price: 1.0
timeseries_values:
  load_level: 255718.485658553
  wind_year: 2018
  solar_year: 2016
  price_year: 2023
  carbon_year: 2023
storage_values:
  CAES:
    cost: 52.3342
    lifetime: 23.9165
    annual_cost: 2.188204795852236
    efficiency: 0.628587
    discharge_ratio: 0.1
    depth_of_discharge: 0.4
  Li-ion:
    cost: 275.476
    lifetime: 21.5929
    annual_cost: 12.757712025712156
    efficiency: 0.949231
    discharge_ratio: 2
    depth_of_discharge: 0.9
  Pb-acid:
    cost: 182.273
    lifetime: 12.566
    annual_cost: 14.505252268024828
    efficiency: 0.74156
    discharge_ratio: 5
    depth_of_discharge: 0.5
  VRBF:
    cost: 220.668
    lifetime: 23.2688
    annual_cost: 9.483428453551538
    efficiency: 0.796885
    discharge_ratio: 0.5
    depth_of_discharge: 1.0
