cost_values:
  wind_capex: 5000.0
  wind_opex: 100
  wind_lifetime: 20
  solar_capex: 1000.0
  solar_opex: 10
  solar_lifetime: 20
  carbon_price: 1.0
timeseries_values:
  load_level: 255718.485658553
  wind_year: 2018
  solar_year: 2016
  price_year: 2023
  carbon_year: 2023
storage_values:
  CAES:
    cost: 54.5664
    lifetime: 23.3788
    annual_cost: 2.3340120108816538
    efficiency: 0.625734
    discharge_ratio: 0.1
    depth_of_discharge: 0.4
  Li-ion:
    cost: 246.128
    lifetime: 19.3483
    annual_cost: 12.720910881059318
    efficiency: 0.949705
    discharge_ratio: 2
    depth_of_discharge: 0.9
  Pb-acid:
    cost: 160.209
    lifetime: 13.6303
    annual_cost: 11.753886561557707
    efficiency: 0.749084
    discharge_ratio: 5
    depth_of_discharge: 0.5
  VRBF:
    cost: 259.535
    lifetime: 18.9048
    annual_cost: 13.728523972747663
    efficiency: 0.813051
    discharge_ratio: 0.5
    depth_of_discharge: 1.0
