cost_values:
  wind_capex: 5000.0
  wind_opex: 100
  wind_lifetime: 20
  solar_capex: 1000.0
  solar_opex: 10
  solar_lifetime: 20
  carbon_price: 1.0
timeseries_values:
  load_level: 255718.485658553
  wind_year: 2018
  solar_year: 2016
  price_year: 2023
  carbon_year: 2023
storage_values:
  CAES:
    cost: 54.0781
    lifetime: 24.4643
    annual_cost: 2.2104903880348097
    efficiency: 0.626778
    discharge_ratio: 0.1
    depth_of_discharge: 0.4
  Li-ion:
    cost: 262.813
    lifetime: 17.7886
    annual_cost: 14.774237432962684
    efficiency: 0.961148
    discharge_ratio: 2
    depth_of_discharge: 0.9
  Pb-acid:
    cost: 170.893
    lifetime: 13.8074
    annual_cost: 12.376913828816432
    efficiency: 0.741212
    discharge_ratio: 5
    depth_of_discharge: 0.5
  VRBF:
    cost: 187.919
    lifetime: 21.0255
    annual_cost: 8.937670923402536
    efficiency: 0.807033
    discharge_ratio: 0.5
    depth_of_discharge: 1.0
