cost_values:
  wind_capex: 5000.0
  wind_opex: 100
  wind_lifetime: 20
  solar_capex: 1000.0
  solar_opex: 10
  solar_lifetime: 20
  carbon_price: 1.0
timeseries_values:
  load_level: 255718.485658553
  wind_year: 2018
  solar_year: 2016
  price_year: 2023
  carbon_year: 2023
storage_values:
  CAES:
    cost: 58.3806
    lifetime: 24.0197
    annual_cost: 2.430529940007577
    efficiency: 0.630965
    discharge_ratio: 0.1
    depth_of_discharge: 0.4
  Li-ion:
    cost: 242.904
    lifetime: 21.732
    annual_cost: 11.17725013804528
    efficiency: 0.948695
    discharge_ratio: 2
    depth_of_discharge: 0.9
  Pb-acid:
    cost: 191.514
    lifetime: 14.6474
    annual_cost: 13.074948455015909
    efficiency: 0.747647
    discharge_ratio: 5
    depth_of_discharge: 0.5
  VRBF:
    cost: 266.371
    lifetime: 21.0896
    annual_cost: 12.630443441317047
    efficiency: 0.805791
    discharge_ratio: 0.5
    depth_of_discharge: 1.0
