cost_values:
  wind_capex: 5000.0
  wind_opex: 100
  wind_lifetime: 20
  solar_capex: 1000.0
  solar_opex: 10
  solar_lifetime: 20
  carbon_price: 1.0
timeseries_values:
  load_level: 255718.485658553
  wind_year: 2018
  solar_year: 2016
  price_year: 2023
  carbon_year: 2023
storage_values:
  CAES:
    cost: 49.5889
    lifetime: 24.3607
    annual_cost: 2.035610635162372
    efficiency: 0.628759
    discharge_ratio: 0.1
    depth_of_discharge: 0.4
  Li-ion:
    cost: 255.861
    lifetime: 19.3005
    annual_cost: 13.256703194217765
    efficiency: 0.944345
    discharge_ratio: 2
    depth_of_discharge: 0.9
  Pb-acid:
    cost: 174.612
    lifetime: 12.0824
    annual_cost: 14.451764550089386
    efficiency: 0.745001
    discharge_ratio: 5
    depth_of_discharge: 0.5
  VRBF:
    cost: 258.61
    lifetime: 20.888
    annual_cost: 12.380792799693603
    efficiency: 0.823397
    discharge_ratio: 0.5
    depth_of_discharge: 1.0
