cost_values:
  wind_capex: 5000.0
  wind_opex: 100
  wind_lifetime: 20
  solar_capex: 1000.0
  solar_opex: 10
  solar_lifetime: 20
  carbon_price: 1.0
timeseries_values:
  load_level: 255718.485658553
  wind_year: 2018
  solar_year: 2016
  price_year: 2023
  carbon_year: 2023
storage_values:
  CAES:
    cost: 52.9601
    lifetime: 23.7985
    annual_cost: 2.225354539151627
    efficiency: 0.637836
    discharge_ratio: 0.1
    depth_of_discharge: 0.4
  Li-ion:
    cost: 243.244
    lifetime: 20.1556
    annual_cost: 12.068308559407807
    efficiency: 0.952143
    discharge_ratio: 2
    depth_of_discharge: 0.9
  Pb-acid:
    cost: 177.902
    lifetime: 15.0136
    annual_cost: 11.849389886502903
    efficiency: 0.739653
    discharge_ratio: 5
    depth_of_discharge: 0.5
  VRBF:
    cost: 243.692
    lifetime: 20.4112
    annual_cost: 11.939131457239162
    efficiency: 0.808499
    discharge_ratio: 0.5
    depth_of_discharge: 1.0
