cost_values:
  wind_capex: 5000.0
  wind_opex: 100
  wind_lifetime: 20
  solar_capex: 1000.0
  solar_opex: 10
  solar_lifetime: 20
  carbon_price: 1.0
timeseries_values:
  load_level: 255718.485658553
  wind_year: 2018
  solar_year: 2016
  price_year: 2023
  carbon_year: 2023
storage_values:
  CAES:
    cost: 55.752
    lifetime: 24.5213
    annual_cost: 2.2736151835343152
    efficiency: 0.632648
    discharge_ratio: 0.1
    depth_of_discharge: 0.4
  Li-ion:
    cost: 257.438
    lifetime: 21.2016
    annual_cost: 12.142385480341106
    efficiency: 0.946717
    discharge_ratio: 2
    depth_of_discharge: 0.9
  Pb-acid:
    cost: 169.55
    lifetime: 13.852
    annual_cost: 12.240109731446722
    efficiency: 0.73516
    discharge_ratio: 5
    depth_of_discharge: 0.5
  VRBF:
    cost: 241.208
    lifetime: 21.1384
    annual_cost: 11.410892025886538
    efficiency: 0.799701
    discharge_ratio: 0.5
    depth_of_discharge: 1.0
