cost_values:
  wind_capex: 5000.0
  wind_opex: 100
  wind_lifetime: 20
  solar_capex: 1000.0
  solar_opex: 10
  solar_lifetime: 20
  carbon_price: 1.0
timeseries_values:
  load_level: 255718.485658553
  wind_year: 2018
  solar_year: 2016
  price_year: 2023
  carbon_year: 2023
storage_values:
  CAES:
    cost: 52.6037
    lifetime: 23.8529
    annual_cost: 2.205337715749448
    efficiency: 0.635693
    discharge_ratio: 0.1
    depth_of_discharge: 0.4
  Li-ion:
    cost: 233.212
    lifetime: 17.8179
    annual_cost: 13.08863558556283
    efficiency: 0.9432
    discharge_ratio: 2
    depth_of_discharge: 0.9
  Pb-acid:
    cost: 189.597
    lifetime: 11.8917
    annual_cost: 15.943641363303817
    efficiency: 0.736486
    discharge_ratio: 5
    depth_of_discharge: 0.5
  VRBF:
    cost: 252.713
    lifetime: 22.0924
    annual_cost: 11.43891111875577
    efficiency: 0.809797
    discharge_ratio: 0.5
    depth_of_discharge: 1.0
