cost_values:
  wind_capex: 5000.0
  wind_opex: 100
  wind_lifetime: 20
  solar_capex: 1000.0
  solar_opex: 10
  solar_lifetime: 20
  carbon_price: 1.0
timeseries_values:
  load_level: 255718.485658553
  wind_year: 2018
  solar_year: 2016
  price_year: 2023
  carbon_year: 2023
storage_values:
  CAES:
    cost: 53.535
    lifetime: 24.5535
    annual_cost: 2.180340888264402
    efficiency: 0.621943
    discharge_ratio: 0.1
    depth_of_discharge: 0.4
  Li-ion:
    cost: 233.946
    lifetime: 21.7982
    annual_cost: 10.732354047581909
    efficiency: 0.93147
    discharge_ratio: 2
    depth_of_discharge: 0.9
  Pb-acid:
    cost: 191.085
    lifetime: 12.2575
    annual_cost: 15.589231083010402
    efficiency: 0.740266
    discharge_ratio: 5
    depth_of_discharge: 0.5
  VRBF:
    cost: 259.618
    lifetime: 19.7027
    annual_cost: 13.176772726580621
    efficiency: 0.819416
    discharge_ratio: 0.5
    depth_of_discharge: 1.0
