cost_values:
  wind_capex: 5000.0
  wind_opex: 100
  wind_lifetime: 20
  solar_capex: 1000.0
  solar_opex: 10
  solar_lifetime: 20
  carbon_price: 1.0
timeseries_values:
  load_level: 255718.485658553
  wind_year: 2018
  solar_year: 2016
  price_year: 2023
  carbon_year: 2023
storage_values:
  CAES:
    cost: 48.778
    lifetime: 23.0579
    annual_cost: 2.115457175198088
    efficiency: 0.635361
    discharge_ratio: 0.1
    depth_of_discharge: 0.4
  Li-ion:
    cost: 263.789
    lifetime: 19.8132
    annual_cost: 13.313800900409829
    efficiency: 0.945909
    discharge_ratio: 2
    depth_of_discharge: 0.9
  Pb-acid:
    cost: 208.476
    lifetime: 13.709
    annual_cost: 15.207236122255454
    efficiency: 0.748231
    discharge_ratio: 5
    depth_of_discharge: 0.5
  VRBF:
    cost: 214.586
    lifetime: 22.7371
    annual_cost: 9.43770313716349
    efficiency: 0.81309
    discharge_ratio: 0.5
    depth_of_discharge: 1.0
