cost_values:
  wind_capex: 5000.0
  wind_opex: 100
  wind_lifetime: 20
  solar_capex: 1000.0
  solar_opex: 10
  solar_lifetime: 20
  carbon_price: 1.0
timeseries_values:
  load_level: 255718.485658553
  wind_year: 2018
  solar_year: 2016
  price_year: 2023
  carbon_year: 2023
storage_values:
  CAES:
    cost: 54.2417
    lifetime: 23.6818
    annual_cost: 2.2904382268239747
    efficiency: 0.627678
    discharge_ratio: 0.1
    depth_of_discharge: 0.4
  Li-ion:
    cost: 247.298
    lifetime: 21.2729
    annual_cost: 11.625025266888859
    efficiency: 0.966909
    discharge_ratio: 2
    depth_of_discharge: 0.9
  Pb-acid:
    cost: 197.087
    lifetime: 12.7774
    annual_cost: 15.42465603330881
    efficiency: 0.743675
    discharge_ratio: 5
    depth_of_discharge: 0.5
  VRBF:
    cost: 235.253
    lifetime: 22.2743
    annual_cost: 10.561633811163537
    efficiency: 0.813445
    discharge_ratio: 0.5
    depth_of_discharge: 1.0
