cost_values:
  wind_capex: 5000.0
  wind_opex: 100
  wind_lifetime: 20
  solar_capex: 1000.0
  solar_opex: 10
  solar_lifetime: 20
  carbon_price: 1.0
timeseries_values:
  load_level: 255718.485658553
  wind_year: 2018
  solar_year: 2016
  price_year: 2023
  carbon_year: 2023
storage_values:
  CAES:
    cost: 49.9599
    lifetime: 24.894
    annual_cost: 2.0069052783803327
    efficiency: 0.622698
    discharge_ratio: 0.1
    depth_of_discharge: 0.4
  Li-ion:
    cost: 236.005
    lifetime: 21.7541
    annual_cost: 10.848759544177879
    efficiency: 0.934218
    discharge_ratio: 2
    depth_of_discharge: 0.9
  Pb-acid:
    cost: 174.784
    lifetime: 13.9546
    annual_cost: 12.525188826623479
    efficiency: 0.731122
    discharge_ratio: 5
    depth_of_discharge: 0.5
  VRBF:
    cost: 247.899
    lifetime: 21.3499
    annual_cost: 11.611248764631215
    efficiency: 0.807256
    discharge_ratio: 0.5
    depth_of_discharge: 1.0
