cost_values:
  wind_capex: 5000.0
  wind_opex: 100
  wind_lifetime: 20
  solar_capex: 1000.0
  solar_opex: 10
  solar_lifetime: 20
  carbon_price: 1.0
timeseries_values:
  load_level: 255718.485658553
  wind_year: 2018
  solar_year: 2016
  price_year: 2023
  carbon_year: 2023
storage_values:
  CAES:
    cost: 55.2295
    lifetime: 23.5574
    annual_cost: 2.3444650088719468
    efficiency: 0.62422
    discharge_ratio: 0.1
    depth_of_discharge: 0.4
  Li-ion:
    cost: 266.62
    lifetime: 20.5822
    annual_cost: 12.953911632381379
    efficiency: 0.935262
    discharge_ratio: 2
    depth_of_discharge: 0.9
  Pb-acid:
    cost: 168.683
    lifetime: 13.7448
    annual_cost: 12.272495780222338
    efficiency: 0.748418
    discharge_ratio: 5
    depth_of_discharge: 0.5
  VRBF:
    cost: 213.986
    lifetime: 22.6172
    annual_cost: 9.461206515395363
    efficiency: 0.780544
    discharge_ratio: 0.5
    depth_of_discharge: 1.0
