cost_values:
  wind_capex: 5000.0
  wind_opex: 100
  wind_lifetime: 20
  solar_capex: 1000.0
  solar_opex: 10
  solar_lifetime: 20
  carbon_price: 1.0
timeseries_values:
  load_level: 255718.485658553
  wind_year: 2018
  solar_year: 2016
  price_year: 2023
  carbon_year: 2023
storage_values:
  CAES:
    cost: 55.106
    lifetime: 25.7785
    annual_cost: 2.137672866923987
    efficiency: 0.628
    discharge_ratio: 0.1
    depth_of_discharge: 0.4
  Li-ion:
    cost: 252.856
    lifetime: 20.6414
    annual_cost: 12.249944286724737
    efficiency: 0.949292
    discharge_ratio: 2
    depth_of_discharge: 0.9
  Pb-acid:
    cost: 196.773
    lifetime: 12.8906
    annual_cost: 15.264844150000776
    efficiency: 0.747242
    discharge_ratio: 5
    depth_of_discharge: 0.5
  VRBF:
    cost: 227.152
    lifetime: 19.0754
    annual_cost: 11.908112018620843
    efficiency: 0.81687
    discharge_ratio: 0.5
    depth_of_discharge: 1.0
