cost_values:
  wind_capex: 5000.0
  wind_opex: 100
  wind_lifetime: 20
  solar_capex: 1000.0
  solar_opex: 10
  solar_lifetime: 20
  carbon_price: 1.0
timeseries_values:
  load_level: 255718.485658553
  wind_year: 2018
  solar_year: 2016
  price_year: 2023
  carbon_year: 2023
storage_values:
  CAES:
    cost: 49.3982
    lifetime: 24.3366
    annual_cost: 2.0297905212724867
    efficiency: 0.625507
    discharge_ratio: 0.1
    depth_of_discharge: 0.4
  Li-ion:
    cost: 265.998
    lifetime: 22.0478
    annual_cost: 12.064605085314636
    efficiency: 0.955163
    discharge_ratio: 2
    depth_of_discharge: 0.9
  Pb-acid:
    cost: 189.443
    lifetime: 12.8768
    annual_cost: 14.71196259940358
    efficiency: 0.752551
    discharge_ratio: 5
    depth_of_discharge: 0.5
  VRBF:
    cost: 234.533
    lifetime: 19.0731
    annual_cost: 12.296532813229103
    efficiency: 0.780609
    discharge_ratio: 0.5
    depth_of_discharge: 1.0
