cost_values:
  wind_capex: 5000.0
  wind_opex: 100
  wind_lifetime: 20
  solar_capex: 1000.0
  solar_opex: 10
  solar_lifetime: 20
  carbon_price: 1.0
timeseries_values:
  load_level: 255718.485658553
  wind_year: 2018
  solar_year: 2016
  price_year: 2023
  carbon_year: 2023
storage_values:
  CAES:
    cost: 54.2529
    lifetime: 24.4309
    annual_cost: 2.22066726972809
    efficiency: 0.638703
    discharge_ratio: 0.1
    depth_of_discharge: 0.4
  Li-ion:
    cost: 256.48
    lifetime: 19.3492
    annual_cost: 13.255328385669692
    efficiency: 0.942002
    discharge_ratio: 2
    depth_of_discharge: 0.9
  Pb-acid:
    cost: 179.725
    lifetime: 12.9798
    annual_cost: 13.846515354627961
    efficiency: 0.730795
    discharge_ratio: 5
    depth_of_discharge: 0.5
  VRBF:
    cost: 230.275
    lifetime: 20.1812
    annual_cost: 11.410372029413514
    efficiency: 0.818132
    discharge_ratio: 0.5
    depth_of_discharge: 1.0
