cost_values:
  wind_capex: 5000.0
  wind_opex: 100
  wind_lifetime: 20
  solar_capex: 1000.0
  solar_opex: 10
  solar_lifetime: 20
  carbon_price: 1.0
timeseries_values:
  load_level: 255718.485658553
  wind_year: 2018
  solar_year: 2016
  price_year: 2023
  carbon_year: 2023
storage_values:
  CAES:
    cost: 52.9148
    lifetime: 24.4964
    annual_cost: 2.160105158308976
    efficiency: 0.633407
    discharge_ratio: 0.1
    depth_of_discharge: 0.4
  Li-ion:
    cost: 254.295
    lifetime: 20.8478
    annual_cost: 12.197689924116693
    efficiency: 0.956255
    discharge_ratio: 2
    depth_of_discharge: 0.9
  Pb-acid:
    cost: 176.416
    lifetime: 12.1215
    annual_cost: 14.553974343109351
    efficiency: 0.740015
    discharge_ratio: 5
    depth_of_discharge: 0.5
  VRBF:
    cost: 229.571
    lifetime: 21.745
    annual_cost: 10.557415497815589
    efficiency: 0.800813
    discharge_ratio: 0.5
    depth_of_discharge: 1.0
