cost_values:
  wind_capex: 5000.0
  wind_opex: 100
  wind_lifetime: 20
  solar_capex: 1000.0
  solar_opex: 10
  solar_lifetime: 20
  carbon_price: 1.0
timeseries_values:
  load_level: 255718.485658553
  wind_year: 2018
  solar_year: 2016
  price_year: 2023
  carbon_year: 2023
storage_values:
  CAES:
    cost: 50.8199
    lifetime: 24.2849
    annual_cost: 2.0926542831141983
    efficiency: 0.643562
    discharge_ratio: 0.1
    depth_of_discharge: 0.4
  Li-ion:
    cost: 262.045
    lifetime: 21.1504
    annual_cost: 12.389600196686587
    efficiency: 0.960773
    discharge_ratio: 2
    depth_of_discharge: 0.9
  Pb-acid:
    cost: 172.795
    lifetime: 12.478
    annual_cost: 13.847972431479404
    efficiency: 0.726401
    discharge_ratio: 5
    depth_of_discharge: 0.5
  VRBF:
    cost: 241.234
    lifetime: 20.9936
    annual_cost: 11.490835302187334
    efficiency: 0.794457
    discharge_ratio: 0.5
    depth_of_discharge: 1.0
