cost_values:
  wind_capex: 5000.0
  wind_opex: 100
  wind_lifetime: 20
  solar_capex: 1000.0
  solar_opex: 10
  solar_lifetime: 20
  carbon_price: 1.0
timeseries_values:
  load_level: 255718.485658553
  wind_year: 2018
  solar_year: 2016
  price_year: 2023
  carbon_year: 2023
storage_values:
  CAES:
    cost: 55.4362
    lifetime: 23.341
    annual_cost: 2.375056767062251
    efficiency: 0.643392
    discharge_ratio: 0.1
    depth_of_discharge: 0.4
  Li-ion:
    cost: 272.661
    lifetime: 20.3617
    annual_cost: 13.390876007406062
    efficiency: 0.949001
    discharge_ratio: 2
    depth_of_discharge: 0.9
  Pb-acid:
    cost: 158.992
    lifetime: 13.7114
    annual_cost: 11.595606575550272
    efficiency: 0.726158
    discharge_ratio: 5
    depth_of_discharge: 0.5
  VRBF:
    cost: 248.448
    lifetime: 20.8364
    annual_cost: 11.923748824173082
    efficiency: 0.801807
    discharge_ratio: 0.5
    depth_of_discharge: 1.0
