cost_values:
  wind_capex: 5000.0
  wind_opex: 100
  wind_lifetime: 20
  solar_capex: 1000.0
  solar_opex: 10
  solar_lifetime: 20
  carbon_price: 1.0
timeseries_values:
  load_level: 255718.485658553
  wind_year: 2018
  solar_year: 2016
  price_year: 2023
  carbon_year: 2023
storage_values:
  CAES:
    cost: 55.969
    lifetime: 24.3836
    annual_cost: 2.2953542544989256
    efficiency: 0.637276
    discharge_ratio: 0.1
    depth_of_discharge: 0.4
  Li-ion:
    cost: 269.129
    lifetime: 19.9463
    annual_cost: 13.492677840000402
    efficiency: 0.951213
    discharge_ratio: 2
    depth_of_discharge: 0.9
  Pb-acid:
    cost: 190.904
    lifetime: 12.916
    annual_cost: 14.78042737689687
    efficiency: 0.749562
    discharge_ratio: 5
    depth_of_discharge: 0.5
  VRBF:
    cost: 264.441
    lifetime: 21.4757
    annual_cost: 12.313498512272009
    efficiency: 0.793544
    discharge_ratio: 0.5
    depth_of_discharge: 1.0
