cost_values:
  wind_capex: 5000.0
  wind_opex: 100
  wind_lifetime: 20
  solar_capex: 1000.0
  solar_opex: 10
  solar_lifetime: 20
  carbon_price: 1.0
timeseries_values:
  load_level: 255718.485658553
  wind_year: 2018
  solar_year: 2016
  price_year: 2023
  carbon_year: 2023
storage_values:
  CAES:
    cost: 50.3182
    lifetime: 23.7769
    annual_cost: 2.116264105076776
    efficiency: 0.630464
    discharge_ratio: 0.1
    depth_of_discharge: 0.4
  Li-ion:
    cost: 258.021
    lifetime: 18.8212
    annual_cost: 13.709062121437528
    efficiency: 0.937994
    discharge_ratio: 2
    depth_of_discharge: 0.9
  Pb-acid:
    cost: 200.387
    lifetime: 12.1797
    annual_cost: 16.452539881934694
    efficiency: 0.745754
    discharge_ratio: 5
    depth_of_discharge: 0.5
  VRBF:
    cost: 243.806
    lifetime: 22.2107
    annual_cost: 10.976961554566044
    efficiency: 0.799553
    discharge_ratio: 0.5
    depth_of_discharge: 1.0
