cost_values:
  wind_capex: 5000.0
  wind_opex: 100
  wind_lifetime: 20
  solar_capex: 1000.0
  solar_opex: 10
  solar_lifetime: 20
  carbon_price: 1.0
timeseries_values:
  load_level: 255718.485658553
  wind_year: 2018
  solar_year: 2016
  price_year: 2023
  carbon_year: 2023
storage_values:
  CAES:
    cost: 50.1886
    lifetime: 23.9659
    annual_cost: 2.0941671291293047
    efficiency: 0.624189
    discharge_ratio: 0.1
    depth_of_discharge: 0.4
  Li-ion:
    cost: 249.877
    lifetime: 19.9133
    annual_cost: 12.548246649224389
    efficiency: 0.945884
    discharge_ratio: 2
    depth_of_discharge: 0.9
  Pb-acid:
    cost: 182.17
    lifetime: 13.3979
    annual_cost: 13.596906977959232
    efficiency: 0.731527
    discharge_ratio: 5
    depth_of_discharge: 0.5
  VRBF:
    cost: 257.196
    lifetime: 21.0756
    annual_cost: 12.203495985879407
    efficiency: 0.805718
    discharge_ratio: 0.5
    depth_of_discharge: 1.0
