cost_values:
  wind_capex: 5000.0
  wind_opex: 100
  wind_lifetime: 20
  solar_capex: 1000.0
  solar_opex: 10
  solar_lifetime: 20
  carbon_price: 1.0
timeseries_values:
  load_level: 255718.485658553
  wind_year: 2018
  solar_year: 2016
  price_year: 2023
  carbon_year: 2023
storage_values:
  CAES:
    cost: 58.7629
    lifetime: 24.2104
    annual_cost: 2.4271759243961273
    efficiency: 0.628513
    discharge_ratio: 0.1
    depth_of_discharge: 0.4
  Li-ion:
    cost: 257.959
    lifetime: 20.3626
    annual_cost: 12.668274188954259
    efficiency: 0.952123
    discharge_ratio: 2
    depth_of_discharge: 0.9
  Pb-acid:
    cost: 179.816
    lifetime: 13.293
    annual_cost: 13.52711953659821
    efficiency: 0.736816
    discharge_ratio: 5
    depth_of_discharge: 0.5
  VRBF:
    cost: 194.71
    lifetime: 21.8474
    annual_cost: 8.912273313987018
    efficiency: 0.809213
    discharge_ratio: 0.5
    depth_of_discharge: 1.0
