cost_values:
  wind_capex: 5000.0
  wind_opex: 100
  wind_lifetime: 20
  solar_capex: 1000.0
  solar_opex: 10
  solar_lifetime: 20
  carbon_price: 1.0
timeseries_values:
  load_level: 255718.485658553
  wind_year: 2018
  solar_year: 2016
  price_year: 2023
  carbon_year: 2023
storage_values:
  CAES:
    cost: 52.4211
    lifetime: 24.9905
    annual_cost: 2.0976411036193756
    efficiency: 0.633586
    discharge_ratio: 0.1
    depth_of_discharge: 0.4
  Li-ion:
    cost: 271.607
    lifetime: 19.9464
    annual_cost: 13.616843139614167
    efficiency: 0.934159
    discharge_ratio: 2
    depth_of_discharge: 0.9
  Pb-acid:
    cost: 142.513
    lifetime: 12.953
    annual_cost: 11.002316065776268
    efficiency: 0.753914
    discharge_ratio: 5
    depth_of_discharge: 0.5
  VRBF:
    cost: 246.83
    lifetime: 21.8944
    annual_cost: 11.273659017831044
    efficiency: 0.811028
    discharge_ratio: 0.5
    depth_of_discharge: 1.0
