cost_values:
  wind_capex: 5000.0
  wind_opex: 100
  wind_lifetime: 20
  solar_capex: 1000.0
  solar_opex: 10
  solar_lifetime: 20
  carbon_price: 1.0
timeseries_values:
  load_level: 255718.485658553
  wind_year: 2018
  solar_year: 2016
  price_year: 2023
  carbon_year: 2023
storage_values:
  CAES:
    cost: 57.5962
    lifetime: 24.4621
    annual_cost: 2.354507585203233
    efficiency: 0.625808
    discharge_ratio: 0.1
    depth_of_discharge: 0.4
  Li-ion:
    cost: 247.936
    lifetime: 21.3994
    annual_cost: 11.586119236987953
    efficiency: 0.955042
    discharge_ratio: 2
    depth_of_discharge: 0.9
  Pb-acid:
    cost: 201.192
    lifetime: 13.9443
    annual_cost: 14.428261009875003
    efficiency: 0.737089
    discharge_ratio: 5
    depth_of_discharge: 0.5
  VRBF:
    cost: 250.279
    lifetime: 20.6487
    annual_cost: 12.120811479657315
    efficiency: 0.817953
    discharge_ratio: 0.5
    depth_of_discharge: 1.0
