cost_values:
  wind_capex: 5000.0
  wind_opex: 100
  wind_lifetime: 20
  solar_capex: 1000.0
  solar_opex: 10
  solar_lifetime: 20
  carbon_price: 1.0
timeseries_values:
  load_level: 251811.87570603524
  wind_year: 2019
  solar_year: 2016
  price_year: 2023
  carbon_year: 2023
storage_values:
  CAES:
    cost: 42.0402
    lifetime: 25.5277
    annual_cost: 1.6468463668877338
    efficiency: 0.614736
    discharge_ratio: 0.1
    depth_of_discharge: 0.4
  Li-ion:
    cost: 229.033
    lifetime: 24.024
    annual_cost: 9.533508158508157
    efficiency: 0.9398
    discharge_ratio: 2
    depth_of_discharge: 0.9
  Pb-acid:
    cost: 159.828
    lifetime: 12.1062
    annual_cost: 13.20216087624523
    efficiency: 0.767542
    discharge_ratio: 5
    depth_of_discharge: 0.5
  VRBF:
    cost: 276.34
    lifetime: 20.0169
    annual_cost: 13.80533449235396
    efficiency: 0.820496
    discharge_ratio: 0.5
    depth_of_discharge: 1.0
