cost_values:
  wind_capex: 5000.0
  wind_opex: 100
  wind_lifetime: 20
  solar_capex: 1000.0
  solar_opex: 10
  solar_lifetime: 20
  carbon_price: 1.0
timeseries_values:
  load_level: 251811.87570603524
  wind_year: 2019
  solar_year: 2016
  price_year: 2023
  carbon_year: 2023
storage_values:
  CAES:
    cost: 37.429
    lifetime: 25.4086
    annual_cost: 1.473083916469227
    efficiency: 0.612516
    discharge_ratio: 0.1
    depth_of_discharge: 0.4
  Li-ion:
    cost: 228.223
    lifetime: 23.6367
    annual_cost: 9.655451057042649
    efficiency: 0.944705
    discharge_ratio: 2
    depth_of_discharge: 0.9
  Pb-acid:
    cost: 151.029
    lifetime: 11.571
    annual_cost: 13.052372310085559
    efficiency: 0.778811
    discharge_ratio: 5
    depth_of_discharge: 0.5
  VRBF:
    cost: 263.023
    lifetime: 20.0065
    annual_cost: 13.146877264888913
    efficiency: 0.844482
    discharge_ratio: 0.5
    depth_of_discharge: 1.0
