cost_values:
  wind_capex: 5000.0
  wind_opex: 100
  wind_lifetime: 20
  solar_capex: 1000.0
  solar_opex: 10
  solar_lifetime: 20
  carbon_price: 1.0
timeseries_values:
  load_level: 251811.87570603524
  wind_year: 2019
  solar_year: 2016
  price_year: 2023
  carbon_year: 2023
storage_values:
  CAES:
    cost: 35.1817
    lifetime: 25.5036
    annual_cost: 1.3794797597201964
    efficiency: 0.601233
    discharge_ratio: 0.1
    depth_of_discharge: 0.4
  Li-ion:
    cost: 219.256
    lifetime: 21.7514
    annual_cost: 10.080086799010639
    efficiency: 0.953368
    discharge_ratio: 2
    depth_of_discharge: 0.9
  Pb-acid:
    cost: 149.29
    lifetime: 11.6993
    annual_cost: 12.76059251408204
    efficiency: 0.766708
    discharge_ratio: 5
    depth_of_discharge: 0.5
  VRBF:
    cost: 259.455
    lifetime: 20.2909
    annual_cost: 12.7867664815262
    efficiency: 0.837273
    discharge_ratio: 0.5
    depth_of_discharge: 1.0
