cost_values:
  wind_capex: 5000.0
  wind_opex: 100
  wind_lifetime: 20
  solar_capex: 1000.0
  solar_opex: 10
  solar_lifetime: 20
  carbon_price: 1.0
timeseries_values:
  load_level: 251811.87570603524
  wind_year: 2019
  solar_year: 2016
  price_year: 2023
  carbon_year: 2023
storage_values:
  CAES:
    cost: 39.1179
    lifetime: 25.1782
    annual_cost: 1.553641642373164
    efficiency: 0.608863
    discharge_ratio: 0.1
    depth_of_discharge: 0.4
  Li-ion:
    cost: 211.408
    lifetime: 24.3678
    annual_cost: 8.675711389620728
    efficiency: 0.947767
    discharge_ratio: 2
    depth_of_discharge: 0.9
  Pb-acid:
    cost: 157.198
    lifetime: 12.1987
    annual_cost: 12.886455114069532
    efficiency: 0.766657
    discharge_ratio: 5
    depth_of_discharge: 0.5
  VRBF:
    cost: 236.513
    lifetime: 19.0379
    annual_cost: 12.423271474269747
    efficiency: 0.844565
    discharge_ratio: 0.5
    depth_of_discharge: 1.0
