cost_values:
  wind_capex: 5000.0
  wind_opex: 100
  wind_lifetime: 20
  solar_capex: 1000.0
  solar_opex: 10
  solar_lifetime: 20
  carbon_price: 1.0
timeseries_values:
  load_level: 251811.87570603524
  wind_year: 2019
  solar_year: 2016
  price_year: 2023
  carbon_year: 2023
storage_values:
  CAES:
    cost: 44.9429
    lifetime: 25.2656
    annual_cost: 1.7788178392755367
    efficiency: 0.607657
    discharge_ratio: 0.1
    depth_of_discharge: 0.4
  Li-ion:
    cost: 182.946
    lifetime: 22.6844
    annual_cost: 8.06483750947788
    efficiency: 0.940172
    discharge_ratio: 2
    depth_of_discharge: 0.9
  Pb-acid:
    cost: 143.258
    lifetime: 11.9175
    annual_cost: 12.020809733585065
    efficiency: 0.767654
    discharge_ratio: 5
    depth_of_discharge: 0.5
  VRBF:
    cost: 248.335
    lifetime: 17.6108
    annual_cost: 14.101290117427942
    efficiency: 0.829893
    discharge_ratio: 0.5
    depth_of_discharge: 1.0
