cost_values:
  wind_capex: 5000.0
  wind_opex: 100
  wind_lifetime: 20
  solar_capex: 1000.0
  solar_opex: 10
  solar_lifetime: 20
  carbon_price: 1.0
timeseries_values:
  load_level: 251811.87570603524
  wind_year: 2019
  solar_year: 2016
  price_year: 2023
  carbon_year: 2023
storage_values:
  CAES:
    cost: 44.1489
    lifetime: 25.0139
    annual_cost: 1.7649746740812107
    efficiency: 0.616419
    discharge_ratio: 0.1
    depth_of_discharge: 0.4
  Li-ion:
    cost: 206.957
    lifetime: 22.9306
    annual_cost: 9.02536348809015
    efficiency: 0.957563
    discharge_ratio: 2
    depth_of_discharge: 0.9
  Pb-acid:
    cost: 152.294
    lifetime: 11.4814
    annual_cost: 13.264410263556709
    efficiency: 0.768603
    discharge_ratio: 5
    depth_of_discharge: 0.5
  VRBF:
    cost: 283.591
    lifetime: 20.2097
    annual_cost: 14.032420075508295
    efficiency: 0.85
    discharge_ratio: 0.5
    depth_of_discharge: 1.0
