cost_values:
  wind_capex: 5000.0
  wind_opex: 100
  wind_lifetime: 20
  solar_capex: 1000.0
  solar_opex: 10
  solar_lifetime: 20
  carbon_price: 1.0
timeseries_values:
  load_level: 251811.87570603524
  wind_year: 2019
  solar_year: 2016
  price_year: 2023
  carbon_year: 2023
storage_values:
  CAES:
    cost: 35.7548
    lifetime: 24.1417
    annual_cost: 1.4810390320482818
    efficiency: 0.61587
    discharge_ratio: 0.1
    depth_of_discharge: 0.4
  Li-ion:
    cost: 214.507
    lifetime: 19.7989
    annual_cost: 10.834288773618736
    efficiency: 0.945482
    discharge_ratio: 2
    depth_of_discharge: 0.9
  Pb-acid:
    cost: 145.912
    lifetime: 13.0249
    annual_cost: 11.202542821825887
    efficiency: 0.777302
    discharge_ratio: 5
    depth_of_discharge: 0.5
  VRBF:
    cost: 246.381
    lifetime: 19.3595
    annual_cost: 12.726620005681964
    efficiency: 0.83905
    discharge_ratio: 0.5
    depth_of_discharge: 1.0
