cost_values:
  wind_capex: 5000.0
  wind_opex: 100
  wind_lifetime: 20
  solar_capex: 1000.0
  solar_opex: 10
  solar_lifetime: 20
  carbon_price: 1.0
timeseries_values:
  load_level: 251811.87570603524
  wind_year: 2019
  solar_year: 2016
  price_year: 2023
  carbon_year: 2023
storage_values:
  CAES:
    cost: 42.0303
    lifetime: 26.2831
    annual_cost: 1.5991378490360724
    efficiency: 0.621161
    discharge_ratio: 0.1
    depth_of_discharge: 0.4
  Li-ion:
    cost: 216.434
    lifetime: 22.7406
    annual_cost: 9.51751492924549
    efficiency: 0.955608
    discharge_ratio: 2
    depth_of_discharge: 0.9
  Pb-acid:
    cost: 132.383
    lifetime: 11.0989
    annual_cost: 11.92757840867113
    efficiency: 0.767507
    discharge_ratio: 5
    depth_of_discharge: 0.5
  VRBF:
    cost: 265.722
    lifetime: 19.3091
    annual_cost: 13.761490696096658
    efficiency: 0.836376
    discharge_ratio: 0.5
    depth_of_discharge: 1.0
