cost_values:
  wind_capex: 5000.0
  wind_opex: 100
  wind_lifetime: 20
  solar_capex: 1000.0
  solar_opex: 10
  solar_lifetime: 20
  carbon_price: 1.0
timeseries_values:
  load_level: 251811.87570603524
  wind_year: 2019
  solar_year: 2016
  price_year: 2023
  carbon_year: 2023
storage_values:
  CAES:
    cost: 40.9587
    lifetime: 25.7612
    annual_cost: 1.58993758054749
    efficiency: 0.619236
    discharge_ratio: 0.1
    depth_of_discharge: 0.4
  Li-ion:
    cost: 192.903
    lifetime: 22.0305
    annual_cost: 8.756178933750936
    efficiency: 0.936834
    discharge_ratio: 2
    depth_of_discharge: 0.9
  Pb-acid:
    cost: 141.581
    lifetime: 10.7229
    annual_cost: 13.203610963452052
    efficiency: 0.769407
    discharge_ratio: 5
    depth_of_discharge: 0.5
  VRBF:
    cost: 222.276
    lifetime: 20.6664
    annual_cost: 10.755429102310998
    efficiency: 0.849326
    discharge_ratio: 0.5
    depth_of_discharge: 1.0
