cost_values:
  wind_capex: 5000.0
  wind_opex: 100
  wind_lifetime: 20
  solar_capex: 1000.0
  solar_opex: 10
  solar_lifetime: 20
  carbon_price: 1.0
timeseries_values:
  load_level: 251811.87570603524
  wind_year: 2019
  solar_year: 2016
  price_year: 2023
  carbon_year: 2023
storage_values:
  CAES:
    cost: 43.3269
    lifetime: 24.2026
    annual_cost: 1.7901754356969912
    efficiency: 0.614829
    discharge_ratio: 0.1
    depth_of_discharge: 0.4
  Li-ion:
    cost: 180.633
    lifetime: 25.1772
    annual_cost: 7.174467375244269
    efficiency: 0.938121
    discharge_ratio: 2
    depth_of_discharge: 0.9
  Pb-acid:
    cost: 159.5
    lifetime: 10.8715
    annual_cost: 14.671388492848275
    efficiency: 0.758599
    discharge_ratio: 5
    depth_of_discharge: 0.5
  VRBF:
    cost: 247.866
    lifetime: 22.4513
    annual_cost: 11.04016248502314
    efficiency: 0.843291
    discharge_ratio: 0.5
    depth_of_discharge: 1.0
