cost_values:
  wind_capex: 5000.0
  wind_opex: 100
  wind_lifetime: 20
  solar_capex: 1000.0
  solar_opex: 10
  solar_lifetime: 20
  carbon_price: 1.0
timeseries_values:
  load_level: 251811.87570603524
  wind_year: 2019
  solar_year: 2016
  price_year: 2023
  carbon_year: 2023
storage_values:
  CAES:
    cost: 50.8189
    lifetime: 24.6136
    annual_cost: 2.0646675008938145
    efficiency: 0.607438
    discharge_ratio: 0.1
    depth_of_discharge: 0.4
  Li-ion:
    cost: 220.942
    lifetime: 20.9334
    annual_cost: 10.554520527004692
    efficiency: 0.950295
    discharge_ratio: 2
    depth_of_discharge: 0.9
  Pb-acid:
    cost: 163.775
    lifetime: 12.4043
    annual_cost: 13.20308280193159
    efficiency: 0.756488
    discharge_ratio: 5
    depth_of_discharge: 0.5
  VRBF:
    cost: 273.107
    lifetime: 19.2632
    annual_cost: 14.177654802940323
    efficiency: 0.846774
    discharge_ratio: 0.5
    depth_of_discharge: 1.0
