cost_values:
  wind_capex: 5000.0
  wind_opex: 100
  wind_lifetime: 20
  solar_capex: 1000.0
  solar_opex: 10
  solar_lifetime: 20
  carbon_price: 1.0
timeseries_values:
  load_level: 251811.87570603524
  wind_year: 2019
  solar_year: 2016
  price_year: 2023
  carbon_year: 2023
storage_values:
  CAES:
    cost: 40.138
    lifetime: 24.5116
    annual_cost: 1.6375104032376506
    efficiency: 0.603672
    discharge_ratio: 0.1
    depth_of_discharge: 0.4
  Li-ion:
    cost: 208.693
    lifetime: 23.1566
    annual_cost: 9.012247048357704
    efficiency: 0.948727
    discharge_ratio: 2
    depth_of_discharge: 0.9
  Pb-acid:
    cost: 161.45
    lifetime: 9.37694
    annual_cost: 17.21777040271133
    efficiency: 0.75978
    discharge_ratio: 5
    depth_of_discharge: 0.5
  VRBF:
    cost: 251.072
    lifetime: 19.2992
    annual_cost: 13.009451168960371
    efficiency: 0.846983
    discharge_ratio: 0.5
    depth_of_discharge: 1.0
