cost_values:
  wind_capex: 5000.0
  wind_opex: 100
  wind_lifetime: 20
  solar_capex: 1000.0
  solar_opex: 10
  solar_lifetime: 20
  carbon_price: 1.0
timeseries_values:
  load_level: 251811.87570603524
  wind_year: 2019
  solar_year: 2016
  price_year: 2023
  carbon_year: 2023
storage_values:
  CAES:
    cost: 47.9237
    lifetime: 25.6995
    annual_cost: 1.8647716881651393
    efficiency: 0.619343
    discharge_ratio: 0.1
    depth_of_discharge: 0.4
  Li-ion:
    cost: 204.536
    lifetime: 23.8458
    annual_cost: 8.577443407224752
    efficiency: 0.952629
    discharge_ratio: 2
    depth_of_discharge: 0.9
  Pb-acid:
    cost: 145.93
    lifetime: 10.8128
    annual_cost: 13.496041728321991
    efficiency: 0.755043
    discharge_ratio: 5
    depth_of_discharge: 0.5
  VRBF:
    cost: 260.581
    lifetime: 20.9971
    annual_cost: 12.41033285548957
    efficiency: 0.845625
    discharge_ratio: 0.5
    depth_of_discharge: 1.0
