cost_values:
  wind_capex: 5000.0
  wind_opex: 100
  wind_lifetime: 20
  solar_capex: 1000.0
  solar_opex: 10
  solar_lifetime: 20
  carbon_price: 1.0
timeseries_values:
  load_level: 251811.87570603524
  wind_year: 2019
  solar_year: 2016
  price_year: 2023
  carbon_year: 2023
storage_values:
  CAES:
    cost: 47.1669
    lifetime: 25.3101
    annual_cost: 1.8635603968376262
    efficiency: 0.611628
    discharge_ratio: 0.1
    depth_of_discharge: 0.4
  Li-ion:
    cost: 209.467
    lifetime: 21.0581
    annual_cost: 9.947098741102
    efficiency: 0.947287
    discharge_ratio: 2
    depth_of_discharge: 0.9
  Pb-acid:
    cost: 160.098
    lifetime: 11.3656
    annual_cost: 14.086189906384178
    efficiency: 0.772208
    discharge_ratio: 5
    depth_of_discharge: 0.5
  VRBF:
    cost: 252.351
    lifetime: 19.6985
    annual_cost: 12.8106708632637
    efficiency: 0.843982
    discharge_ratio: 0.5
    depth_of_discharge: 1.0
