cost_values:
  wind_capex: 5000.0
  wind_opex: 100
  wind_lifetime: 20
  solar_capex: 1000.0
  solar_opex: 10
  solar_lifetime: 20
  carbon_price: 1.0
timeseries_values:
  load_level: 251811.87570603524
  wind_year: 2019
  solar_year: 2016
  price_year: 2023
  carbon_year: 2023
storage_values:
  CAES:
    cost: 41.5196
    lifetime: 26.2248
    annual_cost: 1.5832189377993349
    efficiency: 0.615717
    discharge_ratio: 0.1
    depth_of_discharge: 0.4
  Li-ion:
    cost: 217.034
    lifetime: 22.1442
    annual_cost: 9.800941104216905
    efficiency: 0.94035
    discharge_ratio: 2
    depth_of_discharge: 0.9
  Pb-acid:
    cost: 148.637
    lifetime: 11.8997
    annual_cost: 12.490819096279738
    efficiency: 0.771001
    discharge_ratio: 5
    depth_of_discharge: 0.5
  VRBF:
    cost: 274.701
    lifetime: 20.2229
    annual_cost: 13.58366010809528
    efficiency: 0.847155
    discharge_ratio: 0.5
    depth_of_discharge: 1.0
