cost_values:
  wind_capex: 5000.0
  wind_opex: 100
  wind_lifetime: 20
  solar_capex: 1000.0
  solar_opex: 10
  solar_lifetime: 20
  carbon_price: 1.0
timeseries_values:
  load_level: 251811.87570603524
  wind_year: 2019
  solar_year: 2016
  price_year: 2023
  carbon_year: 2023
storage_values:
  CAES:
    cost: 42.2277
    lifetime: 24.4397
    annual_cost: 1.7278321746993621
    efficiency: 0.618338
    discharge_ratio: 0.1
    depth_of_discharge: 0.4
  Li-ion:
    cost: 227.58
    lifetime: 23.8043
    annual_cost: 9.560457564389628
    efficiency: 0.945157
    discharge_ratio: 2
    depth_of_discharge: 0.9
  Pb-acid:
    cost: 150.527
    lifetime: 13.183
    annual_cost: 11.418265948570127
    efficiency: 0.760021
    discharge_ratio: 5
    depth_of_discharge: 0.5
  VRBF:
    cost: 232.38
    lifetime: 20.7674
    annual_cost: 11.189653013858258
    efficiency: 0.827702
    discharge_ratio: 0.5
    depth_of_discharge: 1.0
