cost_values:
  wind_capex: 5000.0
  wind_opex: 100
  wind_lifetime: 20
  solar_capex: 1000.0
  solar_opex: 10
  solar_lifetime: 20
  carbon_price: 1.0
timeseries_values:
  load_level: 251811.87570603524
  wind_year: 2019
  solar_year: 2016
  price_year: 2023
  carbon_year: 2023
storage_values:
  CAES:
    cost: 42.6979
    lifetime: 25.5703
    annual_cost: 1.6698239754715432
    efficiency: 0.618481
    discharge_ratio: 0.1
    depth_of_discharge: 0.4
  Li-ion:
    cost: 209.682
    lifetime: 22.2408
    annual_cost: 9.427808352217545
    efficiency: 0.943505
    discharge_ratio: 2
    depth_of_discharge: 0.9
  Pb-acid:
    cost: 155.906
    lifetime: 11.1188
    annual_cost: 14.021836888872901
    efficiency: 0.761237
    discharge_ratio: 5
    depth_of_discharge: 0.5
  VRBF:
    cost: 242.576
    lifetime: 19.7884
    annual_cost: 12.258494875785814
    efficiency: 0.840156
    discharge_ratio: 0.5
    depth_of_discharge: 1.0
