cost_values:
  wind_capex: 5000.0
  wind_opex: 100
  wind_lifetime: 20
  solar_capex: 1000.0
  solar_opex: 10
  solar_lifetime: 20
  carbon_price: 1.0
timeseries_values:
  load_level: 251811.87570603524
  wind_year: 2019
  solar_year: 2016
  price_year: 2023
  carbon_year: 2023
storage_values:
  CAES:
    cost: 42.9631
    lifetime: 25.4086
    annual_cost: 1.6908881244932816
    efficiency: 0.622468
    discharge_ratio: 0.1
    depth_of_discharge: 0.4
  Li-ion:
    cost: 198.392
    lifetime: 21.9704
    annual_cost: 9.02996759276117
    efficiency: 0.937163
    discharge_ratio: 2
    depth_of_discharge: 0.9
  Pb-acid:
    cost: 141.067
    lifetime: 12.2142
    annual_cost: 11.549426077843822
    efficiency: 0.770065
    discharge_ratio: 5
    depth_of_discharge: 0.5
  VRBF:
    cost: 275.126
    lifetime: 19.7233
    annual_cost: 13.949288405084342
    efficiency: 0.82768
    discharge_ratio: 0.5
    depth_of_discharge: 1.0
