cost_values:
  wind_capex: 5000.0
  wind_opex: 100
  wind_lifetime: 20
  solar_capex: 1000.0
  solar_opex: 10
  solar_lifetime: 20
  carbon_price: 1.0
timeseries_values:
  load_level: 251811.87570603524
  wind_year: 2019
  solar_year: 2016
  price_year: 2023
  carbon_year: 2023
storage_values:
  CAES:
    cost: 48.0086
    lifetime: 24.6321
    annual_cost: 1.949025864623804
    efficiency: 0.623378
    discharge_ratio: 0.1
    depth_of_discharge: 0.4
  Li-ion:
    cost: 213.078
    lifetime: 21.602
    annual_cost: 9.863808906582724
    efficiency: 0.926413
    discharge_ratio: 2
    depth_of_discharge: 0.9
  Pb-acid:
    cost: 151.902
    lifetime: 11.2407
    annual_cost: 13.513571218874267
    efficiency: 0.764761
    discharge_ratio: 5
    depth_of_discharge: 0.5
  VRBF:
    cost: 242.303
    lifetime: 22.0565
    annual_cost: 10.98555981230023
    efficiency: 0.818291
    discharge_ratio: 0.5
    depth_of_discharge: 1.0
