cost_values:
  wind_capex: 5000.0
  wind_opex: 100
  wind_lifetime: 20
  solar_capex: 1000.0
  solar_opex: 10
  solar_lifetime: 20
  carbon_price: 1.0
timeseries_values:
  load_level: 251811.87570603524
  wind_year: 2019
  solar_year: 2016
  price_year: 2023
  carbon_year: 2023
storage_values:
  CAES:
    cost: 40.2504
    lifetime: 24.1323
    annual_cost: 1.667905669994157
    efficiency: 0.612383
    discharge_ratio: 0.1
    depth_of_discharge: 0.4
  Li-ion:
    cost: 189.977
    lifetime: 22.0071
    annual_cost: 8.632532228235434
    efficiency: 0.934321
    discharge_ratio: 2
    depth_of_discharge: 0.9
  Pb-acid:
    cost: 141.28
    lifetime: 10.5453
    annual_cost: 13.397437721070052
    efficiency: 0.784921
    discharge_ratio: 5
    depth_of_discharge: 0.5
  VRBF:
    cost: 209.228
    lifetime: 18.9578
    annual_cost: 11.036512675521422
    efficiency: 0.830612
    discharge_ratio: 0.5
    depth_of_discharge: 1.0
