cost_values:
  wind_capex: 5000.0
  wind_opex: 100
  wind_lifetime: 20
  solar_capex: 1000.0
  solar_opex: 10
  solar_lifetime: 20
  carbon_price: 1.0
timeseries_values:
  load_level: 251811.87570603524
  wind_year: 2019
  solar_year: 2016
  price_year: 2023
  carbon_year: 2023
storage_values:
  CAES:
    cost: 46.6055
    lifetime: 25.2213
    annual_cost: 1.847862719209557
    efficiency: 0.618574
    discharge_ratio: 0.1
    depth_of_discharge: 0.4
  Li-ion:
    cost: 208.109
    lifetime: 22.2047
    annual_cost: 9.372295054650593
    efficiency: 0.933496
    discharge_ratio: 2
    depth_of_discharge: 0.9
  Pb-acid:
    cost: 156.746
    lifetime: 11.3093
    annual_cost: 13.85992059632338
    efficiency: 0.782629
    discharge_ratio: 5
    depth_of_discharge: 0.5
  VRBF:
    cost: 259.276
    lifetime: 22.2958
    annual_cost: 11.628916656948842
    efficiency: 0.83293
    discharge_ratio: 0.5
    depth_of_discharge: 1.0
