cost_values:
  wind_capex: 5000.0
  wind_opex: 100
  wind_lifetime: 20
  solar_capex: 1000.0
  solar_opex: 10
  solar_lifetime: 20
  carbon_price: 1.0
timeseries_values:
  load_level: 251811.87570603524
  wind_year: 2019
  solar_year: 2016
  price_year: 2023
  carbon_year: 2023
storage_values:
  CAES:
    cost: 48.3735
    lifetime: 24.5265
    annual_cost: 1.9722952724604002
    efficiency: 0.619707
    discharge_ratio: 0.1
    depth_of_discharge: 0.4
  Li-ion:
    cost: 204.053
    lifetime: 23.978
    annual_cost: 8.510009175077153
    efficiency: 0.941663
    discharge_ratio: 2
    depth_of_discharge: 0.9
  Pb-acid:
    cost: 141.255
    lifetime: 11.2188
    annual_cost: 12.590918814846507
    efficiency: 0.790675
    discharge_ratio: 5
    depth_of_discharge: 0.5
  VRBF:
    cost: 232.278
    lifetime: 22.4775
    annual_cost: 10.3338004671338
    efficiency: 0.838079
    discharge_ratio: 0.5
    depth_of_discharge: 1.0
