cost_values:
  wind_capex: 5000.0
  wind_opex: 100
  wind_lifetime: 20
  solar_capex: 1000.0
  solar_opex: 10
  solar_lifetime: 20
  carbon_price: 1.0
timeseries_values:
  load_level: 251811.87570603524
  wind_year: 2019
  solar_year: 2016
  price_year: 2023
  carbon_year: 2023
storage_values:
  CAES:
    cost: 47.2177
    lifetime: 24.9753
    annual_cost: 1.8905758889783106
    efficiency: 0.604787
    discharge_ratio: 0.1
    depth_of_discharge: 0.4
  Li-ion:
    cost: 211.15
    lifetime: 21.9885
    annual_cost: 9.602746890419994
    efficiency: 0.954117
    discharge_ratio: 2
    depth_of_discharge: 0.9
  Pb-acid:
    cost: 156.448
    lifetime: 11.9777
    annual_cost: 13.06160615143141
    efficiency: 0.765419
    discharge_ratio: 5
    depth_of_discharge: 0.5
  VRBF:
    cost: 249.195
    lifetime: 24.1013
    annual_cost: 10.339483762286681
    efficiency: 0.835922
    discharge_ratio: 0.5
    depth_of_discharge: 1.0
