cost_values:
  wind_capex: 5000.0
  wind_opex: 100
  wind_lifetime: 20
  solar_capex: 1000.0
  solar_opex: 10
  solar_lifetime: 20
  carbon_price: 1.0
timeseries_values:
  load_level: 251811.87570603524
  wind_year: 2019
  solar_year: 2016
  price_year: 2023
  carbon_year: 2023
storage_values:
  CAES:
    cost: 38.4389
    lifetime: 25.9859
    annual_cost: 1.479221423926052
    efficiency: 0.622189
    discharge_ratio: 0.1
    depth_of_discharge: 0.4
  Li-ion:
    cost: 216.547
    lifetime: 21.2444
    annual_cost: 10.193133249232739
    efficiency: 0.950756
    discharge_ratio: 2
    depth_of_discharge: 0.9
  Pb-acid:
    cost: 176.304
    lifetime: 11.6832
    annual_cost: 15.09038619556286
    efficiency: 0.763416
    discharge_ratio: 5
    depth_of_discharge: 0.5
  VRBF:
    cost: 262.678
    lifetime: 19.2666
    annual_cost: 13.633853404337039
    efficiency: 0.833072
    discharge_ratio: 0.5
    depth_of_discharge: 1.0
