cost_values:
  wind_capex: 5000.0
  wind_opex: 100
  wind_lifetime: 20
  solar_capex: 1000.0
  solar_opex: 10
  solar_lifetime: 20
  carbon_price: 1.0
timeseries_values:
  load_level: 251811.87570603524
  wind_year: 2019
  solar_year: 2016
  price_year: 2023
  carbon_year: 2023
storage_values:
  CAES:
    cost: 49.116
    lifetime: 24.3847
    annual_cost: 2.0142138308037416
    efficiency: 0.619578
    discharge_ratio: 0.1
    depth_of_discharge: 0.4
  Li-ion:
    cost: 233.443
    lifetime: 22.1714
    annual_cost: 10.52901485697791
    efficiency: 0.95107
    discharge_ratio: 2
    depth_of_discharge: 0.9
  Pb-acid:
    cost: 162.547
    lifetime: 11.6731
    annual_cost: 13.924921400484875
    efficiency: 0.767052
    discharge_ratio: 5
    depth_of_discharge: 0.5
  VRBF:
    cost: 247.044
    lifetime: 20.0322
    annual_cost: 12.33234492467128
    efficiency: 0.837527
    discharge_ratio: 0.5
    depth_of_discharge: 1.0
