cost_values:
  wind_capex: 5000.0
  wind_opex: 100
  wind_lifetime: 20
  solar_capex: 1000.0
  solar_opex: 10
  solar_lifetime: 20
  carbon_price: 1.0
timeseries_values:
  load_level: 251811.87570603524
  wind_year: 2019
  solar_year: 2016
  price_year: 2023
  carbon_year: 2023
storage_values:
  CAES:
    cost: 42.7303
    lifetime: 25.2225
    annual_cost: 1.6941342055704232
    efficiency: 0.609302
    discharge_ratio: 0.1
    depth_of_discharge: 0.4
  Li-ion:
    cost: 212.061
    lifetime: 22.9863
    annual_cost: 9.225538690437348
    efficiency: 0.959852
    discharge_ratio: 2
    depth_of_discharge: 0.9
  Pb-acid:
    cost: 161.976
    lifetime: 12.2093
    annual_cost: 13.266608241258712
    efficiency: 0.782854
    discharge_ratio: 5
    depth_of_discharge: 0.5
  VRBF:
    cost: 273.601
    lifetime: 21.0787
    annual_cost: 12.979975045899414
    efficiency: 0.835364
    discharge_ratio: 0.5
    depth_of_discharge: 1.0
