cost_values:
  wind_capex: 5000.0
  wind_opex: 100
  wind_lifetime: 20
  solar_capex: 1000.0
  solar_opex: 10
  solar_lifetime: 20
  carbon_price: 1.0
timeseries_values:
  load_level: 251811.87570603524
  wind_year: 2019
  solar_year: 2016
  price_year: 2023
  carbon_year: 2023
storage_values:
  CAES:
    cost: 48.5157
    lifetime: 25.0231
    annual_cost: 1.9388365150600846
    efficiency: 0.60711
    discharge_ratio: 0.1
    depth_of_discharge: 0.4
  Li-ion:
    cost: 210.288
    lifetime: 21.8905
    annual_cost: 9.606358922820402
    efficiency: 0.96413
    discharge_ratio: 2
    depth_of_discharge: 0.9
  Pb-acid:
    cost: 170.937
    lifetime: 10.2636
    annual_cost: 16.65468256752017
    efficiency: 0.749927
    discharge_ratio: 5
    depth_of_discharge: 0.5
  VRBF:
    cost: 249.699
    lifetime: 20.5693
    annual_cost: 12.139401924226883
    efficiency: 0.827317
    discharge_ratio: 0.5
    depth_of_discharge: 1.0
