cost_values:
  wind_capex: 5000.0
  wind_opex: 100
  wind_lifetime: 20
  solar_capex: 1000.0
  solar_opex: 10
  solar_lifetime: 20
  carbon_price: 1.0
timeseries_values:
  load_level: 251811.87570603524
  wind_year: 2019
  solar_year: 2016
  price_year: 2023
  carbon_year: 2023
storage_values:
  CAES:
    cost: 44.6994
    lifetime: 24.6882
    annual_cost: 1.8105572702748682
    efficiency: 0.608869
    discharge_ratio: 0.1
    depth_of_discharge: 0.4
  Li-ion:
    cost: 208.175
    lifetime: 23.0812
    annual_cost: 9.01924509990815
    efficiency: 0.957544
    discharge_ratio: 2
    depth_of_discharge: 0.9
  Pb-acid:
    cost: 168.065
    lifetime: 12.4632
    annual_cost: 13.484899544258296
    efficiency: 0.773547
    discharge_ratio: 5
    depth_of_discharge: 0.5
  VRBF:
    cost: 230.643
    lifetime: 18.5358
    annual_cost: 12.443110089664327
    efficiency: 0.830728
    discharge_ratio: 0.5
    depth_of_discharge: 1.0
