cost_values:
  wind_capex: 5000.0
  wind_opex: 100
  wind_lifetime: 20
  solar_capex: 1000.0
  solar_opex: 10
  solar_lifetime: 20
  carbon_price: 1.0
timeseries_values:
  load_level: 251811.87570603524
  wind_year: 2019
  solar_year: 2016
  price_year: 2023
  carbon_year: 2023
storage_values:
  CAES:
    cost: 38.3556
    lifetime: 24.4194
    annual_cost: 1.5707019828497015
    efficiency: 0.613913
    discharge_ratio: 0.1
    depth_of_discharge: 0.4
  Li-ion:
    cost: 204.582
    lifetime: 22.5166
    annual_cost: 9.085830009859393
    efficiency: 0.941014
    discharge_ratio: 2
    depth_of_discharge: 0.9
  Pb-acid:
    cost: 146.087
    lifetime: 11.5165
    annual_cost: 12.685017149307514
    efficiency: 0.773318
    discharge_ratio: 5
    depth_of_discharge: 0.5
  VRBF:
    cost: 245.614
    lifetime: 20.4981
    annual_cost: 11.982281284606866
    efficiency: 0.841191
    discharge_ratio: 0.5
    depth_of_discharge: 1.0
