cost_values:
  wind_capex: 5000.0
  wind_opex: 100
  wind_lifetime: 20
  solar_capex: 1000.0
  solar_opex: 10
  solar_lifetime: 20
  carbon_price: 1.0
timeseries_values:
  load_level: 251811.87570603524
  wind_year: 2019
  solar_year: 2016
  price_year: 2023
  carbon_year: 2023
storage_values:
  CAES:
    cost: 44.7174
    lifetime: 25.234
    annual_cost: 1.7721090592058333
    efficiency: 0.619763
    discharge_ratio: 0.1
    depth_of_discharge: 0.4
  Li-ion:
    cost: 215.754
    lifetime: 21.7984
    annual_cost: 9.897698913681737
    efficiency: 0.949148
    discharge_ratio: 2
    depth_of_discharge: 0.9
  Pb-acid:
    cost: 161.059
    lifetime: 10.3592
    annual_cost: 15.547436095451387
    efficiency: 0.783548
    discharge_ratio: 5
    depth_of_discharge: 0.5
  VRBF:
    cost: 248.009
    lifetime: 22.4263
    annual_cost: 11.058846086960397
    efficiency: 0.844712
    discharge_ratio: 0.5
    depth_of_discharge: 1.0
