cost_values:
  wind_capex: 5000.0
  wind_opex: 100
  wind_lifetime: 20
  solar_capex: 1000.0
  solar_opex: 10
  solar_lifetime: 20
  carbon_price: 1.0
timeseries_values:
  load_level: 251811.87570603524
  wind_year: 2019
  solar_year: 2016
  price_year: 2023
  carbon_year: 2023
storage_values:
  CAES:
    cost: 42.1913
    lifetime: 24.4281
    annual_cost: 1.7271625709735918
    efficiency: 0.619623
    discharge_ratio: 0.1
    depth_of_discharge: 0.4
  Li-ion:
    cost: 218.372
    lifetime: 22.5436
    annual_cost: 9.686651643925549
    efficiency: 0.95808
    discharge_ratio: 2
    depth_of_discharge: 0.9
  Pb-acid:
    cost: 153.427
    lifetime: 12.7863
    annual_cost: 11.999327405113284
    efficiency: 0.769546
    discharge_ratio: 5
    depth_of_discharge: 0.5
  VRBF:
    cost: 241.739
    lifetime: 22.009
    annual_cost: 10.983643055113816
    efficiency: 0.835659
    discharge_ratio: 0.5
    depth_of_discharge: 1.0
