cost_values:
  wind_capex: 5000.0
  wind_opex: 100
  wind_lifetime: 20
  solar_capex: 1000.0
  solar_opex: 10
  solar_lifetime: 20
  carbon_price: 1.0
timeseries_values:
  load_level: 251811.87570603524
  wind_year: 2019
  solar_year: 2016
  price_year: 2023
  carbon_year: 2023
storage_values:
  CAES:
    cost: 46.972
    lifetime: 24.6381
    annual_cost: 1.9064781781062663
    efficiency: 0.623469
    discharge_ratio: 0.1
    depth_of_discharge: 0.4
  Li-ion:
    cost: 203.612
    lifetime: 23.6107
    annual_cost: 8.62371721295853
    efficiency: 0.941737
    discharge_ratio: 2
    depth_of_discharge: 0.9
  Pb-acid:
    cost: 147.195
    lifetime: 10.9744
    annual_cost: 13.412578364193031
    efficiency: 0.763511
    discharge_ratio: 5
    depth_of_discharge: 0.5
  VRBF:
    cost: 267.249
    lifetime: 21.0215
    annual_cost: 12.713127036605382
    efficiency: 0.835402
    discharge_ratio: 0.5
    depth_of_discharge: 1.0
