cost_values:
  wind_capex: 5000.0
  wind_opex: 100
  wind_lifetime: 20
  solar_capex: 1000.0
  solar_opex: 10
  solar_lifetime: 20
  carbon_price: 1.0
timeseries_values:
  load_level: 251811.87570603524
  wind_year: 2019
  solar_year: 2016
  price_year: 2023
  carbon_year: 2023
storage_values:
  CAES:
    cost: 42.0976
    lifetime: 26.4875
    annual_cost: 1.589338367154318
    efficiency: 0.614355
    discharge_ratio: 0.1
    depth_of_discharge: 0.4
  Li-ion:
    cost: 224.383
    lifetime: 22.4854
    annual_cost: 9.979053074439415
    efficiency: 0.960328
    discharge_ratio: 2
    depth_of_discharge: 0.9
  Pb-acid:
    cost: 178.11
    lifetime: 11.3524
    annual_cost: 15.689193474507595
    efficiency: 0.772444
    discharge_ratio: 5
    depth_of_discharge: 0.5
  VRBF:
    cost: 271.467
    lifetime: 20.5796
    annual_cost: 13.191072712783534
    efficiency: 0.849347
    discharge_ratio: 0.5
    depth_of_discharge: 1.0
