cost_values:
  wind_capex: 5000.0
  wind_opex: 100
  wind_lifetime: 20
  solar_capex: 1000.0
  solar_opex: 10
  solar_lifetime: 20
  carbon_price: 1.0
timeseries_values:
  load_level: 251811.87570603524
  wind_year: 2019
  solar_year: 2016
  price_year: 2023
  carbon_year: 2023
storage_values:
  CAES:
    cost: 44.5571
    lifetime: 24.447
    annual_cost: 1.8225999100094081
    efficiency: 0.615631
    discharge_ratio: 0.1
    depth_of_discharge: 0.4
  Li-ion:
    cost: 202.969
    lifetime: 22.7174
    annual_cost: 8.934517154251806
    efficiency: 0.939219
    discharge_ratio: 2
    depth_of_discharge: 0.9
  Pb-acid:
    cost: 163.455
    lifetime: 10.1682
    annual_cost: 16.075116539800554
    efficiency: 0.75953
    discharge_ratio: 5
    depth_of_discharge: 0.5
  VRBF:
    cost: 249.723
    lifetime: 22.0527
    annual_cost: 11.323919520058768
    efficiency: 0.840773
    discharge_ratio: 0.5
    depth_of_discharge: 1.0
