cost_values:
  wind_capex: 5000.0
  wind_opex: 100
  wind_lifetime: 20
  solar_capex: 1000.0
  solar_opex: 10
  solar_lifetime: 20
  carbon_price: 1.0
timeseries_values:
  load_level: 251811.87570603524
  wind_year: 2019
  solar_year: 2016
  price_year: 2023
  carbon_year: 2023
storage_values:
  CAES:
    cost: 49.098
    lifetime: 24.9201
    annual_cost: 1.9702168129341373
    efficiency: 0.610596
    discharge_ratio: 0.1
    depth_of_discharge: 0.4
  Li-ion:
    cost: 218.496
    lifetime: 21.9681
    annual_cost: 9.946058147950893
    efficiency: 0.93912
    discharge_ratio: 2
    depth_of_discharge: 0.9
  Pb-acid:
    cost: 154.193
    lifetime: 10.8021
    annual_cost: 14.274354060784479
    efficiency: 0.768215
    discharge_ratio: 5
    depth_of_discharge: 0.5
  VRBF:
    cost: 233.178
    lifetime: 20.9554
    annual_cost: 11.127346650505359
    efficiency: 0.842707
    discharge_ratio: 0.5
    depth_of_discharge: 1.0
