cost_values:
  wind_capex: 5000.0
  wind_opex: 100
  wind_lifetime: 20
  solar_capex: 1000.0
  solar_opex: 10
  solar_lifetime: 20
  carbon_price: 1.0
timeseries_values:
  load_level: 251811.87570603524
  wind_year: 2019
  solar_year: 2016
  price_year: 2023
  carbon_year: 2023
storage_values:
  CAES:
    cost: 46.2259
    lifetime: 25.0273
    annual_cost: 1.8470190551917307
    efficiency: 0.623425
    discharge_ratio: 0.1
    depth_of_discharge: 0.4
  Li-ion:
    cost: 215.607
    lifetime: 22.7797
    annual_cost: 9.464874427670251
    efficiency: 0.948619
    discharge_ratio: 2
    depth_of_discharge: 0.9
  Pb-acid:
    cost: 136.605
    lifetime: 11.1435
    annual_cost: 12.25871584331673
    efficiency: 0.775791
    discharge_ratio: 5
    depth_of_discharge: 0.5
  VRBF:
    cost: 231.232
    lifetime: 19.7548
    annual_cost: 11.705104582177496
    efficiency: 0.838961
    discharge_ratio: 0.5
    depth_of_discharge: 1.0
