cost_values:
  wind_capex: 5000.0
  wind_opex: 100
  wind_lifetime: 20
  solar_capex: 1000.0
  solar_opex: 10
  solar_lifetime: 20
  carbon_price: 1.0
timeseries_values:
  load_level: 251811.87570603524
  wind_year: 2019
  solar_year: 2016
  price_year: 2023
  carbon_year: 2023
storage_values:
  CAES:
    cost: 40.9674
    lifetime: 24.7178
    annual_cost: 1.6574047852155125
    efficiency: 0.60997
    discharge_ratio: 0.1
    depth_of_discharge: 0.4
  Li-ion:
    cost: 227.127
    lifetime: 22.2078
    annual_cost: 10.227352551806122
    efficiency: 0.933469
    discharge_ratio: 2
    depth_of_discharge: 0.9
  Pb-acid:
    cost: 165.702
    lifetime: 11.7138
    annual_cost: 14.145879219382266
    efficiency: 0.765289
    discharge_ratio: 5
    depth_of_discharge: 0.5
  VRBF:
    cost: 262.238
    lifetime: 20.8343
    annual_cost: 12.586839970625364
    efficiency: 0.836653
    discharge_ratio: 0.5
    depth_of_discharge: 1.0
