cost_values:
  wind_capex: 5000.0
  wind_opex: 100
  wind_lifetime: 20
  solar_capex: 1000.0
  solar_opex: 10
  solar_lifetime: 20
  carbon_price: 1.0
timeseries_values:
  load_level: 232611.98291562518
  wind_year: 2019
  solar_year: 2010
  price_year: 2023
  carbon_year: 2023
storage_values:
  CAES:
    cost: 34.2736
    lifetime: 23.8257
    annual_cost: 1.4385138736742258
    efficiency: 0.648478
    discharge_ratio: 0.1
    depth_of_discharge: 0.4
  Li-ion:
    cost: 189.286
    lifetime: 20.5088
    annual_cost: 9.229501482290528
    efficiency: 0.857435
    discharge_ratio: 2
    depth_of_discharge: 0.9
  Pb-acid:
    cost: 99.7579
    lifetime: 17.6917
    annual_cost: 5.638683676526281
    efficiency: 0.774924
    discharge_ratio: 5
    depth_of_discharge: 0.5
  VRBF:
    cost: 125.345
    lifetime: 28.587
    annual_cost: 4.384685346486165
    efficiency: 0.772414
    discharge_ratio: 0.5
    depth_of_discharge: 1.0
