cost_values:
  wind_capex: 5000.0
  wind_opex: 100
  wind_lifetime: 20
  solar_capex: 1000.0
  solar_opex: 10
  solar_lifetime: 20
  carbon_price: 1.0
timeseries_values:
  load_level: 232611.98291562518
  wind_year: 2019
  solar_year: 2010
  price_year: 2023
  carbon_year: 2023
storage_values:
  CAES:
    cost: 31.6326
    lifetime: 25.3508
    annual_cost: 1.2477949413825205
    efficiency: 0.637813
    discharge_ratio: 0.1
    depth_of_discharge: 0.4
  Li-ion:
    cost: 172.535
    lifetime: 19.6378
    annual_cost: 8.785861960097364
    efficiency: 0.875646
    discharge_ratio: 2
    depth_of_discharge: 0.9
  Pb-acid:
    cost: 134.525
    lifetime: 19.6249
    annual_cost: 6.854811999042034
    efficiency: 0.774555
    discharge_ratio: 5
    depth_of_discharge: 0.5
  VRBF:
    cost: 112.829
    lifetime: 28.5114
    annual_cost: 3.9573293489621695
    efficiency: 0.783603
    discharge_ratio: 0.5
    depth_of_discharge: 1.0
