cost_values:
  wind_capex: 5000.0
  wind_opex: 100
  wind_lifetime: 20
  solar_capex: 1000.0
  solar_opex: 10
  solar_lifetime: 20
  carbon_price: 1.0
timeseries_values:
  load_level: 232611.98291562518
  wind_year: 2019
  solar_year: 2010
  price_year: 2023
  carbon_year: 2023
storage_values:
  CAES:
    cost: 27.1404
    lifetime: 24.6907
    annual_cost: 1.0992154940929175
    efficiency: 0.644806
    discharge_ratio: 0.1
    depth_of_discharge: 0.4
  Li-ion:
    cost: 201.848
    lifetime: 20.4055
    annual_cost: 9.891842885496558
    efficiency: 0.856612
    discharge_ratio: 2
    depth_of_discharge: 0.9
  Pb-acid:
    cost: 123.541
    lifetime: 19.6309
    annual_cost: 6.293190836894895
    efficiency: 0.754611
    discharge_ratio: 5
    depth_of_discharge: 0.5
  VRBF:
    cost: 165.889
    lifetime: 28.9054
    annual_cost: 5.739031461249455
    efficiency: 0.760214
    discharge_ratio: 0.5
    depth_of_discharge: 1.0
