cost_values:
  wind_capex: 5000.0
  wind_opex: 100
  wind_lifetime: 20
  solar_capex: 1000.0
  solar_opex: 10
  solar_lifetime: 20
  carbon_price: 1.0
timeseries_values:
  load_level: 232611.98291562518
  wind_year: 2019
  solar_year: 2010
  price_year: 2023
  carbon_year: 2023
storage_values:
  CAES:
    cost: 29.6545
    lifetime: 24.9217
    annual_cost: 1.1899067880602046
    efficiency: 0.641434
    discharge_ratio: 0.1
    depth_of_discharge: 0.4
  Li-ion:
    cost: 198.252
    lifetime: 21.0474
    annual_cost: 9.41931069870863
    efficiency: 0.851612
    discharge_ratio: 2
    depth_of_discharge: 0.9
  Pb-acid:
    cost: 104.27
    lifetime: 18.3701
    annual_cost: 5.6760714421805
    efficiency: 0.782658
    discharge_ratio: 5
    depth_of_discharge: 0.5
  VRBF:
    cost: 161.261
    lifetime: 28.7309
    annual_cost: 5.6128071170760405
    efficiency: 0.77546
    discharge_ratio: 0.5
    depth_of_discharge: 1.0
