cost_values:
  wind_capex: 5000.0
  wind_opex: 100
  wind_lifetime: 20
  solar_capex: 1000.0
  solar_opex: 10
  solar_lifetime: 20
  carbon_price: 1.0
timeseries_values:
  load_level: 232611.98291562518
  wind_year: 2019
  solar_year: 2010
  price_year: 2023
  carbon_year: 2023
storage_values:
  CAES:
    cost: 35.0318
    lifetime: 25.4817
    annual_cost: 1.374782687183351
    efficiency: 0.648104
    discharge_ratio: 0.1
    depth_of_discharge: 0.4
  Li-ion:
    cost: 177.189
    lifetime: 20.1242
    annual_cost: 8.804772363621908
    efficiency: 0.867954
    discharge_ratio: 2
    depth_of_discharge: 0.9
  Pb-acid:
    cost: 92.2424
    lifetime: 19.546
    annual_cost: 4.719246904737543
    efficiency: 0.767944
    discharge_ratio: 5
    depth_of_discharge: 0.5
  VRBF:
    cost: 137.223
    lifetime: 27.9346
    annual_cost: 4.912295146520803
    efficiency: 0.766989
    discharge_ratio: 0.5
    depth_of_discharge: 1.0
