cost_values:
  wind_capex: 5000.0
  wind_opex: 100
  wind_lifetime: 20
  solar_capex: 1000.0
  solar_opex: 10
  solar_lifetime: 20
  carbon_price: 1.0
timeseries_values:
  load_level: 232611.98291562518
  wind_year: 2019
  solar_year: 2010
  price_year: 2023
  carbon_year: 2023
storage_values:
  CAES:
    cost: 30.1336
    lifetime: 24.3824
    annual_cost: 1.2358750574184658
    efficiency: 0.638972
    discharge_ratio: 0.1
    depth_of_discharge: 0.4
  Li-ion:
    cost: 182.135
    lifetime: 21.0092
    annual_cost: 8.669297260247891
    efficiency: 0.865077
    discharge_ratio: 2
    depth_of_discharge: 0.9
  Pb-acid:
    cost: 113.364
    lifetime: 18.4904
    annual_cost: 6.130965257647212
    efficiency: 0.753697
    discharge_ratio: 5
    depth_of_discharge: 0.5
  VRBF:
    cost: 161.412
    lifetime: 27.4086
    annual_cost: 5.8891005013025115
    efficiency: 0.788741
    discharge_ratio: 0.5
    depth_of_discharge: 1.0
