cost_values:
  wind_capex: 5000.0
  wind_opex: 100
  wind_lifetime: 20
  solar_capex: 1000.0
  solar_opex: 10
  solar_lifetime: 20
  carbon_price: 1.0
timeseries_values:
  load_level: 232611.98291562518
  wind_year: 2019
  solar_year: 2010
  price_year: 2023
  carbon_year: 2023
storage_values:
  CAES:
    cost: 33.3602
    lifetime: 24.9539
    annual_cost: 1.3368731941700496
    efficiency: 0.630704
    discharge_ratio: 0.1
    depth_of_discharge: 0.4
  Li-ion:
    cost: 185.795
    lifetime: 21.688
    annual_cost: 8.566718922906677
    efficiency: 0.859427
    discharge_ratio: 2
    depth_of_discharge: 0.9
  Pb-acid:
    cost: 105.118
    lifetime: 19.493
    annual_cost: 5.392602472682501
    efficiency: 0.769821
    discharge_ratio: 5
    depth_of_discharge: 0.5
  VRBF:
    cost: 122.443
    lifetime: 29.4387
    annual_cost: 4.1592529561427645
    efficiency: 0.762558
    discharge_ratio: 0.5
    depth_of_discharge: 1.0
