cost_values:
  wind_capex: 5000.0
  wind_opex: 100
  wind_lifetime: 20
  solar_capex: 1000.0
  solar_opex: 10
  solar_lifetime: 20
  carbon_price: 1.0
timeseries_values:
  load_level: 232611.98291562518
  wind_year: 2019
  solar_year: 2010
  price_year: 2023
  carbon_year: 2023
storage_values:
  CAES:
    cost: 24.8236
    lifetime: 24.6118
    annual_cost: 1.0086056281946059
    efficiency: 0.637655
    discharge_ratio: 0.1
    depth_of_discharge: 0.4
  Li-ion:
    cost: 172.26
    lifetime: 19.4318
    annual_cost: 8.864850399860023
    efficiency: 0.857359
    discharge_ratio: 2
    depth_of_discharge: 0.9
  Pb-acid:
    cost: 103.295
    lifetime: 19.6721
    annual_cost: 5.250837480492677
    efficiency: 0.765254
    discharge_ratio: 5
    depth_of_discharge: 0.5
  VRBF:
    cost: 145.685
    lifetime: 27.9385
    annual_cost: 5.214488966837876
    efficiency: 0.774139
    discharge_ratio: 0.5
    depth_of_discharge: 1.0
