cost_values:
  wind_capex: 5000.0
  wind_opex: 100
  wind_lifetime: 20
  solar_capex: 1000.0
  solar_opex: 10
  solar_lifetime: 20
  carbon_price: 1.0
timeseries_values:
  load_level: 232611.98291562518
  wind_year: 2019
  solar_year: 2010
  price_year: 2023
  carbon_year: 2023
storage_values:
  CAES:
    cost: 30.556
    lifetime: 24.6427
    annual_cost: 1.2399615301894678
    efficiency: 0.643396
    discharge_ratio: 0.1
    depth_of_discharge: 0.4
  Li-ion:
    cost: 168.752
    lifetime: 20.9035
    annual_cost: 8.072906451072788
    efficiency: 0.862677
    discharge_ratio: 2
    depth_of_discharge: 0.9
  Pb-acid:
    cost: 111.873
    lifetime: 19.4477
    annual_cost: 5.752505437661009
    efficiency: 0.767728
    discharge_ratio: 5
    depth_of_discharge: 0.5
  VRBF:
    cost: 124.129
    lifetime: 28.4992
    annual_cost: 4.355525769144397
    efficiency: 0.76571
    discharge_ratio: 0.5
    depth_of_discharge: 1.0
