cost_values:
  wind_capex: 5000.0
  wind_opex: 100
  wind_lifetime: 20
  solar_capex: 1000.0
  solar_opex: 10
  solar_lifetime: 20
  carbon_price: 1.0
timeseries_values:
  load_level: 232611.98291562518
  wind_year: 2019
  solar_year: 2010
  price_year: 2023
  carbon_year: 2023
storage_values:
  CAES:
    cost: 32.3757
    lifetime: 25.1148
    annual_cost: 1.2891084141621674
    efficiency: 0.646933
    discharge_ratio: 0.1
    depth_of_discharge: 0.4
  Li-ion:
    cost: 153.136
    lifetime: 21.8218
    annual_cost: 7.017569586376926
    efficiency: 0.866233
    discharge_ratio: 2
    depth_of_discharge: 0.9
  Pb-acid:
    cost: 106.753
    lifetime: 18.8839
    annual_cost: 5.653122501178252
    efficiency: 0.783096
    discharge_ratio: 5
    depth_of_discharge: 0.5
  VRBF:
    cost: 109.531
    lifetime: 27.8577
    annual_cost: 3.931803415213747
    efficiency: 0.761628
    discharge_ratio: 0.5
    depth_of_discharge: 1.0
