cost_values:
  wind_capex: 5000.0
  wind_opex: 100
  wind_lifetime: 20
  solar_capex: 1000.0
  solar_opex: 10
  solar_lifetime: 20
  carbon_price: 1.0
timeseries_values:
  load_level: 232611.98291562518
  wind_year: 2019
  solar_year: 2010
  price_year: 2023
  carbon_year: 2023
storage_values:
  CAES:
    cost: 29.2613
    lifetime: 24.2271
    annual_cost: 1.2077921005815802
    efficiency: 0.636954
    discharge_ratio: 0.1
    depth_of_discharge: 0.4
  Li-ion:
    cost: 163.118
    lifetime: 20.2739
    annual_cost: 8.045713947489135
    efficiency: 0.860451
    discharge_ratio: 2
    depth_of_discharge: 0.9
  Pb-acid:
    cost: 117.887
    lifetime: 19.9032
    annual_cost: 5.923017404236505
    efficiency: 0.754994
    discharge_ratio: 5
    depth_of_discharge: 0.5
  VRBF:
    cost: 140.575
    lifetime: 27.8405
    annual_cost: 5.049298683572493
    efficiency: 0.768775
    discharge_ratio: 0.5
    depth_of_discharge: 1.0
