cost_values:
  wind_capex: 5000.0
  wind_opex: 100
  wind_lifetime: 20
  solar_capex: 1000.0
  solar_opex: 10
  solar_lifetime: 20
  carbon_price: 1.0
timeseries_values:
  load_level: 232611.98291562518
  wind_year: 2019
  solar_year: 2010
  price_year: 2023
  carbon_year: 2023
storage_values:
  CAES:
    cost: 26.8232
    lifetime: 24.7405
    annual_cost: 1.0841818071583031
    efficiency: 0.6408
    discharge_ratio: 0.1
    depth_of_discharge: 0.4
  Li-ion:
    cost: 202.676
    lifetime: 21.7661
    annual_cost: 9.311544098391535
    efficiency: 0.864863
    discharge_ratio: 2
    depth_of_discharge: 0.9
  Pb-acid:
    cost: 100.062
    lifetime: 19.4014
    annual_cost: 5.157462863504696
    efficiency: 0.758894
    discharge_ratio: 5
    depth_of_discharge: 0.5
  VRBF:
    cost: 129.853
    lifetime: 27.3343
    annual_cost: 4.750551504885803
    efficiency: 0.783683
    discharge_ratio: 0.5
    depth_of_discharge: 1.0
