cost_values:
  wind_capex: 5000.0
  wind_opex: 100
  wind_lifetime: 20
  solar_capex: 1000.0
  solar_opex: 10
  solar_lifetime: 20
  carbon_price: 1.0
timeseries_values:
  load_level: 232611.98291562518
  wind_year: 2019
  solar_year: 2010
  price_year: 2023
  carbon_year: 2023
storage_values:
  CAES:
    cost: 34.2559
    lifetime: 24.2638
    annual_cost: 1.4118110106413668
    efficiency: 0.636148
    discharge_ratio: 0.1
    depth_of_discharge: 0.4
  Li-ion:
    cost: 194.291
    lifetime: 21.1486
    annual_cost: 9.186943816611976
    efficiency: 0.861554
    discharge_ratio: 2
    depth_of_discharge: 0.9
  Pb-acid:
    cost: 126.76
    lifetime: 19.5244
    annual_cost: 6.492389010673824
    efficiency: 0.769296
    discharge_ratio: 5
    depth_of_discharge: 0.5
  VRBF:
    cost: 120.005
    lifetime: 26.5918
    annual_cost: 4.512857347001707
    efficiency: 0.7921
    discharge_ratio: 0.5
    depth_of_discharge: 1.0
