cost_values:
  wind_capex: 5000.0
  wind_opex: 100
  wind_lifetime: 20
  solar_capex: 1000.0
  solar_opex: 10
  solar_lifetime: 20
  carbon_price: 1.0
timeseries_values:
  load_level: 232611.98291562518
  wind_year: 2019
  solar_year: 2010
  price_year: 2023
  carbon_year: 2023
storage_values:
  CAES:
    cost: 31.9364
    lifetime: 25.302
    annual_cost: 1.2622085210655285
    efficiency: 0.631485
    discharge_ratio: 0.1
    depth_of_discharge: 0.4
  Li-ion:
    cost: 169.478
    lifetime: 20.0698
    annual_cost: 8.444428942988969
    efficiency: 0.859065
    discharge_ratio: 2
    depth_of_discharge: 0.9
  Pb-acid:
    cost: 126.572
    lifetime: 19.2285
    annual_cost: 6.582520737447019
    efficiency: 0.768016
    discharge_ratio: 5
    depth_of_discharge: 0.5
  VRBF:
    cost: 161.588
    lifetime: 28.2819
    annual_cost: 5.713477524494464
    efficiency: 0.77026
    discharge_ratio: 0.5
    depth_of_discharge: 1.0
