cost_values:
  wind_capex: 5000.0
  wind_opex: 100
  wind_lifetime: 20
  solar_capex: 1000.0
  solar_opex: 10
  solar_lifetime: 20
  carbon_price: 1.0
timeseries_values:
  load_level: 232611.98291562518
  wind_year: 2019
  solar_year: 2010
  price_year: 2023
  carbon_year: 2023
storage_values:
  CAES:
    cost: 35.7422
    lifetime: 25.3611
    annual_cost: 1.4093316141650005
    efficiency: 0.635939
    discharge_ratio: 0.1
    depth_of_discharge: 0.4
  Li-ion:
    cost: 183.403
    lifetime: 18.9775
    annual_cost: 9.664233961269925
    efficiency: 0.869791
    discharge_ratio: 2
    depth_of_discharge: 0.9
  Pb-acid:
    cost: 109.818
    lifetime: 19.3141
    annual_cost: 5.685897867361151
    efficiency: 0.756223
    discharge_ratio: 5
    depth_of_discharge: 0.5
  VRBF:
    cost: 100.255
    lifetime: 26.9233
    annual_cost: 3.7237262891250325
    efficiency: 0.778845
    discharge_ratio: 0.5
    depth_of_discharge: 1.0
