cost_values:
  wind_capex: 5000.0
  wind_opex: 100
  wind_lifetime: 20
  solar_capex: 1000.0
  solar_opex: 10
  solar_lifetime: 20
  carbon_price: 1.0
timeseries_values:
  load_level: 232611.98291562518
  wind_year: 2019
  solar_year: 2010
  price_year: 2023
  carbon_year: 2023
storage_values:
  CAES:
    cost: 25.7941
    lifetime: 24.9932
    annual_cost: 1.0320447161627961
    efficiency: 0.642674
    discharge_ratio: 0.1
    depth_of_discharge: 0.4
  Li-ion:
    cost: 190.077
    lifetime: 21.9043
    annual_cost: 8.677611245280607
    efficiency: 0.864764
    discharge_ratio: 2
    depth_of_discharge: 0.9
  Pb-acid:
    cost: 113.35
    lifetime: 17.6975
    annual_cost: 6.404859443424211
    efficiency: 0.756751
    discharge_ratio: 5
    depth_of_discharge: 0.5
  VRBF:
    cost: 134.59
    lifetime: 26.3717
    annual_cost: 5.103576940432357
    efficiency: 0.771303
    discharge_ratio: 0.5
    depth_of_discharge: 1.0
