cost_values:
  wind_capex: 5000.0
  wind_opex: 100
  wind_lifetime: 20
  solar_capex: 1000.0
  solar_opex: 10
  solar_lifetime: 20
  carbon_price: 1.0
timeseries_values:
  load_level: 232611.98291562518
  wind_year: 2019
  solar_year: 2010
  price_year: 2023
  carbon_year: 2023
storage_values:
  CAES:
    cost: 39.5983
    lifetime: 25.0193
    annual_cost: 1.5827101477659247
    efficiency: 0.644181
    discharge_ratio: 0.1
    depth_of_discharge: 0.4
  Li-ion:
    cost: 171.635
    lifetime: 20.7146
    annual_cost: 8.285701872109525
    efficiency: 0.858761
    discharge_ratio: 2
    depth_of_discharge: 0.9
  Pb-acid:
    cost: 93.3511
    lifetime: 18.7859
    annual_cost: 4.969210950766266
    efficiency: 0.771599
    discharge_ratio: 5
    depth_of_discharge: 0.5
  VRBF:
    cost: 134.613
    lifetime: 26.0
    annual_cost: 5.177423076923077
    efficiency: 0.779729
    discharge_ratio: 0.5
    depth_of_discharge: 1.0
