cost_values:
  wind_capex: 5000.0
  wind_opex: 100
  wind_lifetime: 20
  solar_capex: 1000.0
  solar_opex: 10
  solar_lifetime: 20
  carbon_price: 1.0
timeseries_values:
  load_level: 232611.98291562518
  wind_year: 2019
  solar_year: 2010
  price_year: 2023
  carbon_year: 2023
storage_values:
  CAES:
    cost: 27.8209
    lifetime: 25.2255
    annual_cost: 1.102887950684823
    efficiency: 0.644521
    discharge_ratio: 0.1
    depth_of_discharge: 0.4
  Li-ion:
    cost: 182.354
    lifetime: 19.4455
    annual_cost: 9.377696639325295
    efficiency: 0.862196
    discharge_ratio: 2
    depth_of_discharge: 0.9
  Pb-acid:
    cost: 130.66
    lifetime: 19.7525
    annual_cost: 6.614858878622958
    efficiency: 0.766464
    discharge_ratio: 5
    depth_of_discharge: 0.5
  VRBF:
    cost: 112.463
    lifetime: 29.6986
    annual_cost: 3.7868114995319644
    efficiency: 0.761706
    discharge_ratio: 0.5
    depth_of_discharge: 1.0
