cost_values:
  wind_capex: 5000.0
  wind_opex: 100
  wind_lifetime: 20
  solar_capex: 1000.0
  solar_opex: 10
  solar_lifetime: 20
  carbon_price: 1.0
timeseries_values:
  load_level: 232611.98291562518
  wind_year: 2019
  solar_year: 2010
  price_year: 2023
  carbon_year: 2023
storage_values:
  CAES:
    cost: 31.1079
    lifetime: 24.5673
    annual_cost: 1.2662319424600994
    efficiency: 0.642657
    discharge_ratio: 0.1
    depth_of_discharge: 0.4
  Li-ion:
    cost: 175.46
    lifetime: 21.3017
    annual_cost: 8.236901280179517
    efficiency: 0.861013
    discharge_ratio: 2
    depth_of_discharge: 0.9
  Pb-acid:
    cost: 115.293
    lifetime: 19.1442
    annual_cost: 6.022346193625223
    efficiency: 0.775417
    discharge_ratio: 5
    depth_of_discharge: 0.5
  VRBF:
    cost: 126.561
    lifetime: 26.3057
    annual_cost: 4.811162599740741
    efficiency: 0.777366
    discharge_ratio: 0.5
    depth_of_discharge: 1.0
