cost_values:
  wind_capex: 5000.0
  wind_opex: 100
  wind_lifetime: 20
  solar_capex: 1000.0
  solar_opex: 10
  solar_lifetime: 20
  carbon_price: 1.0
timeseries_values:
  load_level: 232611.98291562518
  wind_year: 2019
  solar_year: 2010
  price_year: 2023
  carbon_year: 2023
storage_values:
  CAES:
    cost: 32.7771
    lifetime: 24.879
    annual_cost: 1.3174605088628963
    efficiency: 0.640092
    discharge_ratio: 0.1
    depth_of_discharge: 0.4
  Li-ion:
    cost: 182.271
    lifetime: 21.4972
    annual_cost: 8.478825149321771
    efficiency: 0.8604
    discharge_ratio: 2
    depth_of_discharge: 0.9
  Pb-acid:
    cost: 102.845
    lifetime: 18.9588
    annual_cost: 5.42465767875604
    efficiency: 0.766604
    discharge_ratio: 5
    depth_of_discharge: 0.5
  VRBF:
    cost: 119.912
    lifetime: 27.0813
    annual_cost: 4.427852429536249
    efficiency: 0.753722
    discharge_ratio: 0.5
    depth_of_discharge: 1.0
