cost_values:
  wind_capex: 5000.0
  wind_opex: 100
  wind_lifetime: 20
  solar_capex: 1000.0
  solar_opex: 10
  solar_lifetime: 20
  carbon_price: 1.0
timeseries_values:
  load_level: 232611.98291562518
  wind_year: 2019
  solar_year: 2010
  price_year: 2023
  carbon_year: 2023
storage_values:
  CAES:
    cost: 28.1298
    lifetime: 25.0795
    annual_cost: 1.1216252317629938
    efficiency: 0.643384
    discharge_ratio: 0.1
    depth_of_discharge: 0.4
  Li-ion:
    cost: 172.29
    lifetime: 21.0358
    annual_cost: 8.190323163369113
    efficiency: 0.857849
    discharge_ratio: 2
    depth_of_discharge: 0.9
  Pb-acid:
    cost: 102.762
    lifetime: 17.7122
    annual_cost: 5.8017637560551485
    efficiency: 0.750959
    discharge_ratio: 5
    depth_of_discharge: 0.5
  VRBF:
    cost: 114.71
    lifetime: 27.159
    annual_cost: 4.223645936890165
    efficiency: 0.773428
    discharge_ratio: 0.5
    depth_of_discharge: 1.0
