cost_values:
  wind_capex: 5000.0
  wind_opex: 100
  wind_lifetime: 20
  solar_capex: 1000.0
  solar_opex: 10
  solar_lifetime: 20
  carbon_price: 1.0
timeseries_values:
  load_level: 232611.98291562518
  wind_year: 2019
  solar_year: 2010
  price_year: 2023
  carbon_year: 2023
storage_values:
  CAES:
    cost: 29.9987
    lifetime: 25.2626
    annual_cost: 1.1874747650677286
    efficiency: 0.63756
    discharge_ratio: 0.1
    depth_of_discharge: 0.4
  Li-ion:
    cost: 181.226
    lifetime: 21.1298
    annual_cost: 8.57679675150735
    efficiency: 0.870556
    discharge_ratio: 2
    depth_of_discharge: 0.9
  Pb-acid:
    cost: 137.575
    lifetime: 19.2894
    annual_cost: 7.132155484359284
    efficiency: 0.769115
    discharge_ratio: 5
    depth_of_discharge: 0.5
  VRBF:
    cost: 137.366
    lifetime: 27.974
    annual_cost: 4.910488310574105
    efficiency: 0.770869
    discharge_ratio: 0.5
    depth_of_discharge: 1.0
