cost_values:
  wind_capex: 5000.0
  wind_opex: 100
  wind_lifetime: 20
  solar_capex: 1000.0
  solar_opex: 10
  solar_lifetime: 20
  carbon_price: 1.0
timeseries_values:
  load_level: 232611.98291562518
  wind_year: 2019
  solar_year: 2010
  price_year: 2023
  carbon_year: 2023
storage_values:
  CAES:
    cost: 34.2374
    lifetime: 26.5184
    annual_cost: 1.291080909858815
    efficiency: 0.644567
    discharge_ratio: 0.1
    depth_of_discharge: 0.4
  Li-ion:
    cost: 183.791
    lifetime: 20.0245
    annual_cost: 9.178306574446303
    efficiency: 0.864987
    discharge_ratio: 2
    depth_of_discharge: 0.9
  Pb-acid:
    cost: 110.364
    lifetime: 18.654
    annual_cost: 5.916371823737537
    efficiency: 0.750422
    discharge_ratio: 5
    depth_of_discharge: 0.5
  VRBF:
    cost: 103.178
    lifetime: 25.5232
    annual_cost: 4.042518179538616
    efficiency: 0.771377
    discharge_ratio: 0.5
    depth_of_discharge: 1.0
