cost_values:
  wind_capex: 5000.0
  wind_opex: 100
  wind_lifetime: 20
  solar_capex: 1000.0
  solar_opex: 10
  solar_lifetime: 20
  carbon_price: 1.0
timeseries_values:
  load_level: 232611.98291562518
  wind_year: 2019
  solar_year: 2010
  price_year: 2023
  carbon_year: 2023
storage_values:
  CAES:
    cost: 42.424
    lifetime: 25.2237
    annual_cost: 1.681910266931497
    efficiency: 0.643502
    discharge_ratio: 0.1
    depth_of_discharge: 0.4
  Li-ion:
    cost: 202.997
    lifetime: 19.6885
    annual_cost: 10.310435025522514
    efficiency: 0.857831
    discharge_ratio: 2
    depth_of_discharge: 0.9
  Pb-acid:
    cost: 111.657
    lifetime: 18.9098
    annual_cost: 5.904716073147257
    efficiency: 0.768769
    discharge_ratio: 5
    depth_of_discharge: 0.5
  VRBF:
    cost: 150.939
    lifetime: 29.051
    annual_cost: 5.19565591545902
    efficiency: 0.790552
    discharge_ratio: 0.5
    depth_of_discharge: 1.0
