cost_values:
  wind_capex: 5000.0
  wind_opex: 100
  wind_lifetime: 20
  solar_capex: 1000.0
  solar_opex: 10
  solar_lifetime: 20
  carbon_price: 1.0
timeseries_values:
  load_level: 232611.98291562518
  wind_year: 2019
  solar_year: 2010
  price_year: 2023
  carbon_year: 2023
storage_values:
  CAES:
    cost: 36.7177
    lifetime: 25.0575
    annual_cost: 1.4653377232365559
    efficiency: 0.639656
    discharge_ratio: 0.1
    depth_of_discharge: 0.4
  Li-ion:
    cost: 209.963
    lifetime: 20.631
    annual_cost: 10.177063642091998
    efficiency: 0.865162
    discharge_ratio: 2
    depth_of_discharge: 0.9
  Pb-acid:
    cost: 106.147
    lifetime: 18.0074
    annual_cost: 5.894632206759444
    efficiency: 0.764348
    discharge_ratio: 5
    depth_of_discharge: 0.5
  VRBF:
    cost: 142.988
    lifetime: 26.7469
    annual_cost: 5.345965326822921
    efficiency: 0.798717
    discharge_ratio: 0.5
    depth_of_discharge: 1.0
