cost_values:
  wind_capex: 5000.0
  wind_opex: 100
  wind_lifetime: 20
  solar_capex: 1000.0
  solar_opex: 10
  solar_lifetime: 20
  carbon_price: 1.0
timeseries_values:
  load_level: 232611.98291562518
  wind_year: 2019
  solar_year: 2010
  price_year: 2023
  carbon_year: 2023
storage_values:
  CAES:
    cost: 29.2094
    lifetime: 25.2643
    annual_cost: 1.1561531489097263
    efficiency: 0.64835
    discharge_ratio: 0.1
    depth_of_discharge: 0.4
  Li-ion:
    cost: 201.323
    lifetime: 18.0791
    annual_cost: 11.135676001570875
    efficiency: 0.881118
    discharge_ratio: 2
    depth_of_discharge: 0.9
  Pb-acid:
    cost: 97.9986
    lifetime: 19.8876
    annual_cost: 4.927623242623544
    efficiency: 0.751232
    discharge_ratio: 5
    depth_of_discharge: 0.5
  VRBF:
    cost: 121.133
    lifetime: 26.8402
    annual_cost: 4.5131183821283
    efficiency: 0.762146
    discharge_ratio: 0.5
    depth_of_discharge: 1.0
