cost_values:
  wind_capex: 5000.0
  wind_opex: 100
  wind_lifetime: 20
  solar_capex: 1000.0
  solar_opex: 10
  solar_lifetime: 20
  carbon_price: 1.0
timeseries_values:
  load_level: 232611.98291562518
  wind_year: 2019
  solar_year: 2010
  price_year: 2023
  carbon_year: 2023
storage_values:
  CAES:
    cost: 33.6819
    lifetime: 25.4981
    annual_cost: 1.3209572477949336
    efficiency: 0.64152
    discharge_ratio: 0.1
    depth_of_discharge: 0.4
  Li-ion:
    cost: 197.015
    lifetime: 21.2898
    annual_cost: 9.253961991188268
    efficiency: 0.876464
    discharge_ratio: 2
    depth_of_discharge: 0.9
  Pb-acid:
    cost: 81.176
    lifetime: 18.5852
    annual_cost: 4.367776510341562
    efficiency: 0.774774
    discharge_ratio: 5
    depth_of_discharge: 0.5
  VRBF:
    cost: 121.783
    lifetime: 28.0609
    annual_cost: 4.339953458370901
    efficiency: 0.758193
    discharge_ratio: 0.5
    depth_of_discharge: 1.0
