cost_values:
  wind_capex: 5000.0
  wind_opex: 100
  wind_lifetime: 20
  solar_capex: 1000.0
  solar_opex: 10
  solar_lifetime: 20
  carbon_price: 1.0
timeseries_values:
  load_level: 232611.98291562518
  wind_year: 2019
  solar_year: 2010
  price_year: 2023
  carbon_year: 2023
storage_values:
  CAES:
    cost: 32.7388
    lifetime: 23.7593
    annual_cost: 1.3779362186596407
    efficiency: 0.632583
    discharge_ratio: 0.1
    depth_of_discharge: 0.4
  Li-ion:
    cost: 181.27
    lifetime: 22.5463
    annual_cost: 8.039900116648852
    efficiency: 0.867378
    discharge_ratio: 2
    depth_of_discharge: 0.9
  Pb-acid:
    cost: 89.6248
    lifetime: 19.736
    annual_cost: 4.541183623834616
    efficiency: 0.748278
    discharge_ratio: 5
    depth_of_discharge: 0.5
  VRBF:
    cost: 119.464
    lifetime: 26.8744
    annual_cost: 4.445271336290299
    efficiency: 0.781687
    discharge_ratio: 0.5
    depth_of_discharge: 1.0
