cost_values:
  wind_capex: 5000.0
  wind_opex: 100
  wind_lifetime: 20
  solar_capex: 1000.0
  solar_opex: 10
  solar_lifetime: 20
  carbon_price: 1.0
timeseries_values:
  load_level: 232611.98291562518
  wind_year: 2019
  solar_year: 2010
  price_year: 2023
  carbon_year: 2023
storage_values:
  CAES:
    cost: 34.6625
    lifetime: 24.338
    annual_cost: 1.42421316459857
    efficiency: 0.636147
    discharge_ratio: 0.1
    depth_of_discharge: 0.4
  Li-ion:
    cost: 202.43
    lifetime: 19.9188
    annual_cost: 10.16276080888407
    efficiency: 0.852795
    discharge_ratio: 2
    depth_of_discharge: 0.9
  Pb-acid:
    cost: 119.894
    lifetime: 18.4541
    annual_cost: 6.4968760329682835
    efficiency: 0.768965
    discharge_ratio: 5
    depth_of_discharge: 0.5
  VRBF:
    cost: 133.512
    lifetime: 26.7374
    annual_cost: 4.993454860981247
    efficiency: 0.80609
    discharge_ratio: 0.5
    depth_of_discharge: 1.0
