cost_values:
  wind_capex: 5000.0
  wind_opex: 100
  wind_lifetime: 20
  solar_capex: 1000.0
  solar_opex: 10
  solar_lifetime: 20
  carbon_price: 1.0
timeseries_values:
  load_level: 232611.98291562518
  wind_year: 2019
  solar_year: 2010
  price_year: 2023
  carbon_year: 2023
storage_values:
  CAES:
    cost: 22.679
    lifetime: 23.9194
    annual_cost: 0.948142511935918
    efficiency: 0.646935
    discharge_ratio: 0.1
    depth_of_discharge: 0.4
  Li-ion:
    cost: 202.608
    lifetime: 19.4672
    annual_cost: 10.407660064107834
    efficiency: 0.876095
    discharge_ratio: 2
    depth_of_discharge: 0.9
  Pb-acid:
    cost: 113.698
    lifetime: 17.7697
    annual_cost: 6.398419781988441
    efficiency: 0.771124
    discharge_ratio: 5
    depth_of_discharge: 0.5
  VRBF:
    cost: 121.719
    lifetime: 28.145
    annual_cost: 4.324711316397228
    efficiency: 0.786048
    discharge_ratio: 0.5
    depth_of_discharge: 1.0
