cost_values:
  wind_capex: 5000.0
  wind_opex: 100
  wind_lifetime: 20
  solar_capex: 1000.0
  solar_opex: 10
  solar_lifetime: 20
  carbon_price: 1.0
timeseries_values:
  load_level: 232611.98291562518
  wind_year: 2019
  solar_year: 2010
  price_year: 2023
  carbon_year: 2023
storage_values:
  CAES:
    cost: 28.509
    lifetime: 26.0172
    annual_cost: 1.0957751026244178
    efficiency: 0.64947
    discharge_ratio: 0.1
    depth_of_discharge: 0.4
  Li-ion:
    cost: 184.614
    lifetime: 20.3948
    annual_cost: 9.052013258281523
    efficiency: 0.861354
    discharge_ratio: 2
    depth_of_discharge: 0.9
  Pb-acid:
    cost: 102.427
    lifetime: 18.4805
    annual_cost: 5.542436622385758
    efficiency: 0.765145
    discharge_ratio: 5
    depth_of_discharge: 0.5
  VRBF:
    cost: 133.522
    lifetime: 27.7212
    annual_cost: 4.8166024558821405
    efficiency: 0.769604
    discharge_ratio: 0.5
    depth_of_discharge: 1.0
