cost_values:
  wind_capex: 5000.0
  wind_opex: 100
  wind_lifetime: 20
  solar_capex: 1000.0
  solar_opex: 10
  solar_lifetime: 20
  carbon_price: 1.0
timeseries_values:
  load_level: 232611.98291562518
  wind_year: 2019
  solar_year: 2010
  price_year: 2023
  carbon_year: 2023
storage_values:
  CAES:
    cost: 31.6169
    lifetime: 25.8888
    annual_cost: 1.2212578412286395
    efficiency: 0.637976
    discharge_ratio: 0.1
    depth_of_discharge: 0.4
  Li-ion:
    cost: 192.232
    lifetime: 21.3168
    annual_cost: 9.017863844479471
    efficiency: 0.864027
    discharge_ratio: 2
    depth_of_discharge: 0.9
  Pb-acid:
    cost: 100.552
    lifetime: 18.5091
    annual_cost: 5.432571005613456
    efficiency: 0.787004
    discharge_ratio: 5
    depth_of_discharge: 0.5
  VRBF:
    cost: 108.27
    lifetime: 29.4854
    annual_cost: 3.671986813812938
    efficiency: 0.778031
    discharge_ratio: 0.5
    depth_of_discharge: 1.0
