cost_values:
  wind_capex: 5000.0
  wind_opex: 100
  wind_lifetime: 20
  solar_capex: 1000.0
  solar_opex: 10
  solar_lifetime: 20
  carbon_price: 1.0
timeseries_values:
  load_level: 232611.98291562518
  wind_year: 2019
  solar_year: 2010
  price_year: 2023
  carbon_year: 2023
storage_values:
  CAES:
    cost: 28.8473
    lifetime: 24.8298
    annual_cost: 1.1618015449178005
    efficiency: 0.639423
    discharge_ratio: 0.1
    depth_of_discharge: 0.4
  Li-ion:
    cost: 172.693
    lifetime: 22.3581
    annual_cost: 7.723956865744406
    efficiency: 0.860512
    discharge_ratio: 2
    depth_of_discharge: 0.9
  Pb-acid:
    cost: 113.343
    lifetime: 18.639
    annual_cost: 6.080959278931274
    efficiency: 0.759391
    discharge_ratio: 5
    depth_of_discharge: 0.5
  VRBF:
    cost: 130.467
    lifetime: 27.7356
    annual_cost: 4.703954484489248
    efficiency: 0.780743
    discharge_ratio: 0.5
    depth_of_discharge: 1.0
