cost_values:
  wind_capex: 5000.0
  wind_opex: 100
  wind_lifetime: 20
  solar_capex: 1000.0
  solar_opex: 10
  solar_lifetime: 20
  carbon_price: 1.0
timeseries_values:
  load_level: 232611.98291562518
  wind_year: 2019
  solar_year: 2010
  price_year: 2023
  carbon_year: 2023
storage_values:
  CAES:
    cost: 30.4435
    lifetime: 24.8274
    annual_cost: 1.22620572432071
    efficiency: 0.642835
    discharge_ratio: 0.1
    depth_of_discharge: 0.4
  Li-ion:
    cost: 195.758
    lifetime: 21.8627
    annual_cost: 8.953971833305127
    efficiency: 0.867099
    discharge_ratio: 2
    depth_of_discharge: 0.9
  Pb-acid:
    cost: 112.015
    lifetime: 19.2968
    annual_cost: 5.80484847228556
    efficiency: 0.768041
    discharge_ratio: 5
    depth_of_discharge: 0.5
  VRBF:
    cost: 104.661
    lifetime: 28.7917
    annual_cost: 3.6351101185411077
    efficiency: 0.780338
    discharge_ratio: 0.5
    depth_of_discharge: 1.0
