cost_values:
  wind_capex: 5000.0
  wind_opex: 100
  wind_lifetime: 20
  solar_capex: 1000.0
  solar_opex: 10
  solar_lifetime: 20
  carbon_price: 1.0
timeseries_values:
  load_level: 232611.98291562518
  wind_year: 2019
  solar_year: 2010
  price_year: 2023
  carbon_year: 2023
storage_values:
  CAES:
    cost: 23.5859
    lifetime: 25.8016
    annual_cost: 0.9141254805903509
    efficiency: 0.635105
    discharge_ratio: 0.1
    depth_of_discharge: 0.4
  Li-ion:
    cost: 192.348
    lifetime: 20.4032
    annual_cost: 9.427344730238396
    efficiency: 0.864294
    discharge_ratio: 2
    depth_of_discharge: 0.9
  Pb-acid:
    cost: 109.296
    lifetime: 19.6028
    annual_cost: 5.575530026322771
    efficiency: 0.773728
    discharge_ratio: 5
    depth_of_discharge: 0.5
  VRBF:
    cost: 120.777
    lifetime: 26.4225
    annual_cost: 4.5709906329832535
    efficiency: 0.760124
    discharge_ratio: 0.5
    depth_of_discharge: 1.0
