cost_values:
  wind_capex: 5000.0
  wind_opex: 100
  wind_lifetime: 20
  solar_capex: 1000.0
  solar_opex: 10
  solar_lifetime: 20
  carbon_price: 1.0
timeseries_values:
  load_level: 232611.98291562518
  wind_year: 2019
  solar_year: 2010
  price_year: 2023
  carbon_year: 2023
storage_values:
  CAES:
    cost: 28.5483
    lifetime: 23.9877
    annual_cost: 1.1901224377493467
    efficiency: 0.648022
    discharge_ratio: 0.1
    depth_of_discharge: 0.4
  Li-ion:
    cost: 162.07
    lifetime: 21.0003
    annual_cost: 7.717508797493369
    efficiency: 0.867817
    discharge_ratio: 2
    depth_of_discharge: 0.9
  Pb-acid:
    cost: 113.425
    lifetime: 17.9507
    annual_cost: 6.31869509267048
    efficiency: 0.767149
    discharge_ratio: 5
    depth_of_discharge: 0.5
  VRBF:
    cost: 155.558
    lifetime: 26.2943
    annual_cost: 5.916035034208935
    efficiency: 0.787299
    discharge_ratio: 0.5
    depth_of_discharge: 1.0
