cost_values:
  wind_capex: 5000.0
  wind_opex: 100
  wind_lifetime: 20
  solar_capex: 1000.0
  solar_opex: 10
  solar_lifetime: 20
  carbon_price: 1.0
timeseries_values:
  load_level: 232611.98291562518
  wind_year: 2019
  solar_year: 2010
  price_year: 2023
  carbon_year: 2023
storage_values:
  CAES:
    cost: 31.3235
    lifetime: 24.2493
    annual_cost: 1.2917280086435483
    efficiency: 0.640198
    discharge_ratio: 0.1
    depth_of_discharge: 0.4
  Li-ion:
    cost: 177.839
    lifetime: 21.1466
    annual_cost: 8.409815289455516
    efficiency: 0.873851
    discharge_ratio: 2
    depth_of_discharge: 0.9
  Pb-acid:
    cost: 113.185
    lifetime: 17.7526
    annual_cost: 6.375685815035544
    efficiency: 0.769962
    discharge_ratio: 5
    depth_of_discharge: 0.5
  VRBF:
    cost: 122.049
    lifetime: 29.4883
    annual_cost: 4.138895765439175
    efficiency: 0.76401
    discharge_ratio: 0.5
    depth_of_discharge: 1.0
