cost_values:
  wind_capex: 5000.0
  wind_opex: 100
  wind_lifetime: 20
  solar_capex: 1000.0
  solar_opex: 10
  solar_lifetime: 20
  carbon_price: 1.0
timeseries_values:
  load_level: 232611.98291562518
  wind_year: 2019
  solar_year: 2010
  price_year: 2023
  carbon_year: 2023
storage_values:
  CAES:
    cost: 38.6187
    lifetime: 24.4808
    annual_cost: 1.5775097219045129
    efficiency: 0.640503
    discharge_ratio: 0.1
    depth_of_discharge: 0.4
  Li-ion:
    cost: 192.67
    lifetime: 18.5617
    annual_cost: 10.379975972028424
    efficiency: 0.855747
    discharge_ratio: 2
    depth_of_discharge: 0.9
  Pb-acid:
    cost: 100.828
    lifetime: 19.2509
    annual_cost: 5.237573308260912
    efficiency: 0.760844
    discharge_ratio: 5
    depth_of_discharge: 0.5
  VRBF:
    cost: 140.001
    lifetime: 28.4355
    annual_cost: 4.9234583531149445
    efficiency: 0.758124
    discharge_ratio: 0.5
    depth_of_discharge: 1.0
