cost_values:
  wind_capex: 5000.0
  wind_opex: 100
  wind_lifetime: 20
  solar_capex: 1000.0
  solar_opex: 10
  solar_lifetime: 20
  carbon_price: 1.0
timeseries_values:
  load_level: 232611.98291562518
  wind_year: 2019
  solar_year: 2010
  price_year: 2023
  carbon_year: 2023
storage_values:
  CAES:
    cost: 36.4003
    lifetime: 25.1777
    annual_cost: 1.4457357105692736
    efficiency: 0.636888
    discharge_ratio: 0.1
    depth_of_discharge: 0.4
  Li-ion:
    cost: 187.351
    lifetime: 21.3699
    annual_cost: 8.767050851899166
    efficiency: 0.864769
    discharge_ratio: 2
    depth_of_discharge: 0.9
  Pb-acid:
    cost: 101.537
    lifetime: 17.1928
    annual_cost: 5.905786143036621
    efficiency: 0.777001
    discharge_ratio: 5
    depth_of_discharge: 0.5
  VRBF:
    cost: 159.298
    lifetime: 29.7343
    annual_cost: 5.357381878840262
    efficiency: 0.778258
    discharge_ratio: 0.5
    depth_of_discharge: 1.0
