cost_values:
  wind_capex: 5000.0
  wind_opex: 100
  wind_lifetime: 20
  solar_capex: 1000.0
  solar_opex: 10
  solar_lifetime: 20
  carbon_price: 1.0
timeseries_values:
  load_level: 232611.98291562518
  wind_year: 2019
  solar_year: 2010
  price_year: 2023
  carbon_year: 2023
storage_values:
  CAES:
    cost: 28.4948
    lifetime: 24.5458
    annual_cost: 1.1608829209070393
    efficiency: 0.647461
    discharge_ratio: 0.1
    depth_of_discharge: 0.4
  Li-ion:
    cost: 176.45
    lifetime: 22.0974
    annual_cost: 7.985102319729922
    efficiency: 0.867466
    discharge_ratio: 2
    depth_of_discharge: 0.9
  Pb-acid:
    cost: 99.7659
    lifetime: 18.5117
    annual_cost: 5.389342956076427
    efficiency: 0.760079
    discharge_ratio: 5
    depth_of_discharge: 0.5
  VRBF:
    cost: 143.363
    lifetime: 27.5103
    annual_cost: 5.21124815069265
    efficiency: 0.78525
    discharge_ratio: 0.5
    depth_of_discharge: 1.0
