cost_values:
  wind_capex: 5000.0
  wind_opex: 100
  wind_lifetime: 20
  solar_capex: 1000.0
  solar_opex: 10
  solar_lifetime: 20
  carbon_price: 1.0
timeseries_values:
  load_level: 232611.98291562518
  wind_year: 2019
  solar_year: 2010
  price_year: 2023
  carbon_year: 2023
storage_values:
  CAES:
    cost: 30.3259
    lifetime: 25.9058
    annual_cost: 1.170622022867466
    efficiency: 0.636352
    discharge_ratio: 0.1
    depth_of_discharge: 0.4
  Li-ion:
    cost: 179.73
    lifetime: 21.3404
    annual_cost: 8.422053944630841
    efficiency: 0.862645
    discharge_ratio: 2
    depth_of_discharge: 0.9
  Pb-acid:
    cost: 118.123
    lifetime: 18.9518
    annual_cost: 6.232811659050856
    efficiency: 0.755486
    discharge_ratio: 5
    depth_of_discharge: 0.5
  VRBF:
    cost: 114.304
    lifetime: 28.2418
    annual_cost: 4.04733409343597
    efficiency: 0.790401
    discharge_ratio: 0.5
    depth_of_discharge: 1.0
