cost_values:
  wind_capex: 5000.0
  wind_opex: 100
  wind_lifetime: 20
  solar_capex: 1000.0
  solar_opex: 10
  solar_lifetime: 20
  carbon_price: 1.0
timeseries_values:
  load_level: 232611.98291562518
  wind_year: 2019
  solar_year: 2010
  price_year: 2023
  carbon_year: 2023
storage_values:
  CAES:
    cost: 34.5193
    lifetime: 23.3573
    annual_cost: 1.477880576950247
    efficiency: 0.639093
    discharge_ratio: 0.1
    depth_of_discharge: 0.4
  Li-ion:
    cost: 169.973
    lifetime: 19.2607
    annual_cost: 8.824860986360829
    efficiency: 0.85552
    discharge_ratio: 2
    depth_of_discharge: 0.9
  Pb-acid:
    cost: 98.6428
    lifetime: 18.7147
    annual_cost: 5.270872629537208
    efficiency: 0.76334
    discharge_ratio: 5
    depth_of_discharge: 0.5
  VRBF:
    cost: 128.461
    lifetime: 26.8053
    annual_cost: 4.792373150085991
    efficiency: 0.769554
    discharge_ratio: 0.5
    depth_of_discharge: 1.0
