cost_values:
  wind_capex: 5000.0
  wind_opex: 100
  wind_lifetime: 20
  solar_capex: 1000.0
  solar_opex: 10
  solar_lifetime: 20
  carbon_price: 1.0
timeseries_values:
  load_level: 298689.066470143
  wind_year: 2010
  solar_year: 2016
  price_year: 2023
  carbon_year: 2023
storage_values:
  CAES:
    cost: 50.2899
    lifetime: 21.154
    annual_cost: 2.377323437647726
    efficiency: 0.620085
    discharge_ratio: 0.1
    depth_of_discharge: 0.4
  Li-ion:
    cost: 154.751
    lifetime: 28.0689
    annual_cost: 5.51325488351877
    efficiency: 0.907635
    discharge_ratio: 2
    depth_of_discharge: 0.9
  Pb-acid:
    cost: 126.074
    lifetime: 6.77008
    annual_cost: 18.622231938175027
    efficiency: 0.732089
    discharge_ratio: 5
    depth_of_discharge: 0.5
  VRBF:
    cost: 236.71
    lifetime: 12.7277
    annual_cost: 18.598018495093378
    efficiency: 0.789324
    discharge_ratio: 0.5
    depth_of_discharge: 1.0
