cost_values:
  wind_capex: 5000.0
  wind_opex: 100
  wind_lifetime: 20
  solar_capex: 1000.0
  solar_opex: 10
  solar_lifetime: 20
  carbon_price: 1.0
timeseries_values:
  load_level: 298689.066470143
  wind_year: 2010
  solar_year: 2016
  price_year: 2023
  carbon_year: 2023
storage_values:
  CAES:
    cost: 53.8452
    lifetime: 20.6832
    annual_cost: 2.603330239034579
    efficiency: 0.6229
    discharge_ratio: 0.1
    depth_of_discharge: 0.4
  Li-ion:
    cost: 155.108
    lifetime: 25.444
    annual_cost: 6.096054079547241
    efficiency: 0.912953
    discharge_ratio: 2
    depth_of_discharge: 0.9
  Pb-acid:
    cost: 106.3
    lifetime: 7.21443
    annual_cost: 14.73435877817097
    efficiency: 0.734699
    discharge_ratio: 5
    depth_of_discharge: 0.5
  VRBF:
    cost: 235.577
    lifetime: 11.6775
    annual_cost: 20.17358167415971
    efficiency: 0.769255
    discharge_ratio: 0.5
    depth_of_discharge: 1.0
