cost_values:
  wind_capex: 5000.0
  wind_opex: 100
  wind_lifetime: 20
  solar_capex: 1000.0
  solar_opex: 10
  solar_lifetime: 20
  carbon_price: 1.0
timeseries_values:
  load_level: 298689.066470143
  wind_year: 2010
  solar_year: 2016
  price_year: 2023
  carbon_year: 2023
storage_values:
  CAES:
    cost: 49.2141
    lifetime: 20.3882
    annual_cost: 2.413852130153716
    efficiency: 0.625881
    discharge_ratio: 0.1
    depth_of_discharge: 0.4
  Li-ion:
    cost: 162.918
    lifetime: 26.746
    annual_cost: 6.0913033724669114
    efficiency: 0.895703
    discharge_ratio: 2
    depth_of_discharge: 0.9
  Pb-acid:
    cost: 133.727
    lifetime: 6.25041
    annual_cost: 21.39491649347803
    efficiency: 0.712124
    discharge_ratio: 5
    depth_of_discharge: 0.5
  VRBF:
    cost: 226.124
    lifetime: 12.7865
    annual_cost: 17.68458921518789
    efficiency: 0.783068
    discharge_ratio: 0.5
    depth_of_discharge: 1.0
