cost_values:
  wind_capex: 5000.0
  wind_opex: 100
  wind_lifetime: 20
  solar_capex: 1000.0
  solar_opex: 10
  solar_lifetime: 20
  carbon_price: 1.0
timeseries_values:
  load_level: 298689.066470143
  wind_year: 2010
  solar_year: 2016
  price_year: 2023
  carbon_year: 2023
storage_values:
  CAES:
    cost: 41.181
    lifetime: 20.4957
    annual_cost: 2.0092507208829167
    efficiency: 0.623525
    discharge_ratio: 0.1
    depth_of_discharge: 0.4
  Li-ion:
    cost: 156.519
    lifetime: 27.0514
    annual_cost: 5.78598519854795
    efficiency: 0.916063
    discharge_ratio: 2
    depth_of_discharge: 0.9
  Pb-acid:
    cost: 99.0192
    lifetime: 7.10946
    annual_cost: 13.927808863120404
    efficiency: 0.712329
    discharge_ratio: 5
    depth_of_discharge: 0.5
  VRBF:
    cost: 261.898
    lifetime: 13.9606
    annual_cost: 18.759795424265434
    efficiency: 0.769523
    discharge_ratio: 0.5
    depth_of_discharge: 1.0
