cost_values:
  wind_capex: 5000.0
  wind_opex: 100
  wind_lifetime: 20
  solar_capex: 1000.0
  solar_opex: 10
  solar_lifetime: 20
  carbon_price: 1.0
timeseries_values:
  load_level: 298689.066470143
  wind_year: 2010
  solar_year: 2016
  price_year: 2023
  carbon_year: 2023
storage_values:
  CAES:
    cost: 50.9993
    lifetime: 20.3749
    annual_cost: 2.5030454137198217
    efficiency: 0.626021
    discharge_ratio: 0.1
    depth_of_discharge: 0.4
  Li-ion:
    cost: 166.911
    lifetime: 27.6697
    annual_cost: 6.032266341882998
    efficiency: 0.906289
    discharge_ratio: 2
    depth_of_discharge: 0.9
  Pb-acid:
    cost: 124.631
    lifetime: 6.45356
    annual_cost: 19.311976645448404
    efficiency: 0.727587
    discharge_ratio: 5
    depth_of_discharge: 0.5
  VRBF:
    cost: 264.043
    lifetime: 12.3494
    annual_cost: 21.38103875491927
    efficiency: 0.791184
    discharge_ratio: 0.5
    depth_of_discharge: 1.0
