cost_values:
  wind_capex: 5000.0
  wind_opex: 100
  wind_lifetime: 20
  solar_capex: 1000.0
  solar_opex: 10
  solar_lifetime: 20
  carbon_price: 1.0
timeseries_values:
  load_level: 298689.066470143
  wind_year: 2010
  solar_year: 2016
  price_year: 2023
  carbon_year: 2023
storage_values:
  CAES:
    cost: 47.4085
    lifetime: 21.0467
    annual_cost: 2.252538402694959
    efficiency: 0.613694
    discharge_ratio: 0.1
    depth_of_discharge: 0.4
  Li-ion:
    cost: 151.544
    lifetime: 27.7036
    annual_cost: 5.470191599647699
    efficiency: 0.906601
    discharge_ratio: 2
    depth_of_discharge: 0.9
  Pb-acid:
    cost: 130.759
    lifetime: 6.95668
    annual_cost: 18.796178636936006
    efficiency: 0.724502
    discharge_ratio: 5
    depth_of_discharge: 0.5
  VRBF:
    cost: 236.88
    lifetime: 12.1231
    annual_cost: 19.539556714041787
    efficiency: 0.76181
    discharge_ratio: 0.5
    depth_of_discharge: 1.0
