cost_values:
  wind_capex: 5000.0
  wind_opex: 100
  wind_lifetime: 20
  solar_capex: 1000.0
  solar_opex: 10
  solar_lifetime: 20
  carbon_price: 1.0
timeseries_values:
  load_level: 298689.066470143
  wind_year: 2010
  solar_year: 2016
  price_year: 2023
  carbon_year: 2023
storage_values:
  CAES:
    cost: 48.2958
    lifetime: 20.5427
    annual_cost: 2.35099573084356
    efficiency: 0.629499
    discharge_ratio: 0.1
    depth_of_discharge: 0.4
  Li-ion:
    cost: 155.538
    lifetime: 24.3872
    annual_cost: 6.377853956173731
    efficiency: 0.913454
    discharge_ratio: 2
    depth_of_discharge: 0.9
  Pb-acid:
    cost: 119.877
    lifetime: 6.35089
    annual_cost: 18.875622156894547
    efficiency: 0.718433
    discharge_ratio: 5
    depth_of_discharge: 0.5
  VRBF:
    cost: 254.762
    lifetime: 13.7229
    annual_cost: 18.564734859249867
    efficiency: 0.790812
    discharge_ratio: 0.5
    depth_of_discharge: 1.0
