cost_values:
  wind_capex: 5000.0
  wind_opex: 100
  wind_lifetime: 20
  solar_capex: 1000.0
  solar_opex: 10
  solar_lifetime: 20
  carbon_price: 1.0
timeseries_values:
  load_level: 298689.066470143
  wind_year: 2010
  solar_year: 2016
  price_year: 2023
  carbon_year: 2023
storage_values:
  CAES:
    cost: 46.547
    lifetime: 21.0864
    annual_cost: 2.2074417634114876
    efficiency: 0.629124
    discharge_ratio: 0.1
    depth_of_discharge: 0.4
  Li-ion:
    cost: 169.864
    lifetime: 27.8632
    annual_cost: 6.096356484538747
    efficiency: 0.904724
    discharge_ratio: 2
    depth_of_discharge: 0.9
  Pb-acid:
    cost: 116.494
    lifetime: 6.45602
    annual_cost: 18.044243976939352
    efficiency: 0.708517
    discharge_ratio: 5
    depth_of_discharge: 0.5
  VRBF:
    cost: 267.24
    lifetime: 13.6079
    annual_cost: 19.63859228830312
    efficiency: 0.793497
    discharge_ratio: 0.5
    depth_of_discharge: 1.0
