cost_values:
  wind_capex: 5000.0
  wind_opex: 100
  wind_lifetime: 20
  solar_capex: 1000.0
  solar_opex: 10
  solar_lifetime: 20
  carbon_price: 1.0
timeseries_values:
  load_level: 298689.066470143
  wind_year: 2010
  solar_year: 2016
  price_year: 2023
  carbon_year: 2023
storage_values:
  CAES:
    cost: 44.2009
    lifetime: 20.8998
    annual_cost: 2.1148958363237926
    efficiency: 0.618484
    discharge_ratio: 0.1
    depth_of_discharge: 0.4
  Li-ion:
    cost: 155.595
    lifetime: 24.7748
    annual_cost: 6.2803736054377834
    efficiency: 0.901462
    discharge_ratio: 2
    depth_of_discharge: 0.9
  Pb-acid:
    cost: 115.402
    lifetime: 6.83092
    annual_cost: 16.894064049937636
    efficiency: 0.736556
    discharge_ratio: 5
    depth_of_discharge: 0.5
  VRBF:
    cost: 281.854
    lifetime: 11.5097
    annual_cost: 24.48838805529249
    efficiency: 0.778828
    discharge_ratio: 0.5
    depth_of_discharge: 1.0
