cost_values:
  wind_capex: 5000.0
  wind_opex: 100
  wind_lifetime: 20
  solar_capex: 1000.0
  solar_opex: 10
  solar_lifetime: 20
  carbon_price: 1.0
timeseries_values:
  load_level: 298689.066470143
  wind_year: 2010
  solar_year: 2016
  price_year: 2023
  carbon_year: 2023
storage_values:
  CAES:
    cost: 43.9226
    lifetime: 21.5557
    annual_cost: 2.037632737512584
    efficiency: 0.627723
    discharge_ratio: 0.1
    depth_of_discharge: 0.4
  Li-ion:
    cost: 148.095
    lifetime: 26.5039
    annual_cost: 5.587668229958609
    efficiency: 0.909795
    discharge_ratio: 2
    depth_of_discharge: 0.9
  Pb-acid:
    cost: 125.007
    lifetime: 6.63625
    annual_cost: 18.836993784140137
    efficiency: 0.717657
    discharge_ratio: 5
    depth_of_discharge: 0.5
  VRBF:
    cost: 238.374
    lifetime: 13.1111
    annual_cost: 18.1810832043078
    efficiency: 0.803634
    discharge_ratio: 0.5
    depth_of_discharge: 1.0
