cost_values:
  wind_capex: 5000.0
  wind_opex: 100
  wind_lifetime: 20
  solar_capex: 1000.0
  solar_opex: 10
  solar_lifetime: 20
  carbon_price: 1.0
timeseries_values:
  load_level: 298689.066470143
  wind_year: 2010
  solar_year: 2016
  price_year: 2023
  carbon_year: 2023
storage_values:
  CAES:
    cost: 45.0516
    lifetime: 20.3072
    annual_cost: 2.2185037819098645
    efficiency: 0.62781
    discharge_ratio: 0.1
    depth_of_discharge: 0.4
  Li-ion:
    cost: 159.716
    lifetime: 25.0049
    annual_cost: 6.387388071937901
    efficiency: 0.906814
    discharge_ratio: 2
    depth_of_discharge: 0.9
  Pb-acid:
    cost: 113.257
    lifetime: 7.54842
    annual_cost: 15.004067076288813
    efficiency: 0.723401
    discharge_ratio: 5
    depth_of_discharge: 0.5
  VRBF:
    cost: 279.163
    lifetime: 13.3716
    annual_cost: 20.877307128541087
    efficiency: 0.796217
    discharge_ratio: 0.5
    depth_of_discharge: 1.0
