cost_values:
  wind_capex: 5000.0
  wind_opex: 100
  wind_lifetime: 20
  solar_capex: 1000.0
  solar_opex: 10
  solar_lifetime: 20
  carbon_price: 1.0
timeseries_values:
  load_level: 298689.066470143
  wind_year: 2010
  solar_year: 2016
  price_year: 2023
  carbon_year: 2023
storage_values:
  CAES:
    cost: 48.248
    lifetime: 20.5781
    annual_cost: 2.344628512836462
    efficiency: 0.617955
    discharge_ratio: 0.1
    depth_of_discharge: 0.4
  Li-ion:
    cost: 160.523
    lifetime: 26.1848
    annual_cost: 6.130388622406892
    efficiency: 0.908317
    discharge_ratio: 2
    depth_of_discharge: 0.9
  Pb-acid:
    cost: 121.395
    lifetime: 6.01294
    annual_cost: 20.188959144777762
    efficiency: 0.718947
    discharge_ratio: 5
    depth_of_discharge: 0.5
  VRBF:
    cost: 245.302
    lifetime: 11.4178
    annual_cost: 21.484173833838394
    efficiency: 0.782812
    discharge_ratio: 0.5
    depth_of_discharge: 1.0
