cost_values:
  wind_capex: 5000.0
  wind_opex: 100
  wind_lifetime: 20
  solar_capex: 1000.0
  solar_opex: 10
  solar_lifetime: 20
  carbon_price: 1.0
timeseries_values:
  load_level: 298689.066470143
  wind_year: 2010
  solar_year: 2016
  price_year: 2023
  carbon_year: 2023
storage_values:
  CAES:
    cost: 56.5316
    lifetime: 20.3912
    annual_cost: 2.7723527796304284
    efficiency: 0.624829
    discharge_ratio: 0.1
    depth_of_discharge: 0.4
  Li-ion:
    cost: 173.061
    lifetime: 25.8701
    annual_cost: 6.689614651663503
    efficiency: 0.904032
    discharge_ratio: 2
    depth_of_discharge: 0.9
  Pb-acid:
    cost: 118.737
    lifetime: 6.88756
    annual_cost: 17.239341653648026
    efficiency: 0.724359
    discharge_ratio: 5
    depth_of_discharge: 0.5
  VRBF:
    cost: 245.967
    lifetime: 11.6536
    annual_cost: 21.106525022310702
    efficiency: 0.7838
    discharge_ratio: 0.5
    depth_of_discharge: 1.0
