cost_values:
  wind_capex: 5000.0
  wind_opex: 100
  wind_lifetime: 20
  solar_capex: 1000.0
  solar_opex: 10
  solar_lifetime: 20
  carbon_price: 1.0
timeseries_values:
  load_level: 298689.066470143
  wind_year: 2010
  solar_year: 2016
  price_year: 2023
  carbon_year: 2023
storage_values:
  CAES:
    cost: 56.9375
    lifetime: 20.7868
    annual_cost: 2.73911809417515
    efficiency: 0.611899
    discharge_ratio: 0.1
    depth_of_discharge: 0.4
  Li-ion:
    cost: 149.463
    lifetime: 26.2366
    annual_cost: 5.696736619836412
    efficiency: 0.909795
    discharge_ratio: 2
    depth_of_discharge: 0.9
  Pb-acid:
    cost: 132.899
    lifetime: 5.78769
    annual_cost: 22.962356311412673
    efficiency: 0.726712
    discharge_ratio: 5
    depth_of_discharge: 0.5
  VRBF:
    cost: 233.316
    lifetime: 15.3191
    annual_cost: 15.230398652662362
    efficiency: 0.78458
    discharge_ratio: 0.5
    depth_of_discharge: 1.0
