cost_values:
  wind_capex: 5000.0
  wind_opex: 100
  wind_lifetime: 20
  solar_capex: 1000.0
  solar_opex: 10
  solar_lifetime: 20
  carbon_price: 1.0
timeseries_values:
  load_level: 298689.066470143
  wind_year: 2010
  solar_year: 2016
  price_year: 2023
  carbon_year: 2023
storage_values:
  CAES:
    cost: 48.8889
    lifetime: 21.3428
    annual_cost: 2.290650711246884
    efficiency: 0.626027
    discharge_ratio: 0.1
    depth_of_discharge: 0.4
  Li-ion:
    cost: 163.417
    lifetime: 26.2151
    annual_cost: 6.233697372888145
    efficiency: 0.90723
    discharge_ratio: 2
    depth_of_discharge: 0.9
  Pb-acid:
    cost: 124.631
    lifetime: 5.79522
    annual_cost: 21.505827216223025
    efficiency: 0.726462
    discharge_ratio: 5
    depth_of_discharge: 0.5
  VRBF:
    cost: 204.887
    lifetime: 11.0476
    annual_cost: 18.545838010065538
    efficiency: 0.779068
    discharge_ratio: 0.5
    depth_of_discharge: 1.0
