cost_values:
  wind_capex: 5000.0
  wind_opex: 100
  wind_lifetime: 20
  solar_capex: 1000.0
  solar_opex: 10
  solar_lifetime: 20
  carbon_price: 1.0
timeseries_values:
  load_level: 298689.066470143
  wind_year: 2010
  solar_year: 2016
  price_year: 2023
  carbon_year: 2023
storage_values:
  CAES:
    cost: 52.6129
    lifetime: 21.3329
    annual_cost: 2.4662797838081087
    efficiency: 0.630225
    discharge_ratio: 0.1
    depth_of_discharge: 0.4
  Li-ion:
    cost: 169.721
    lifetime: 25.134
    annual_cost: 6.7526458184133045
    efficiency: 0.900203
    discharge_ratio: 2
    depth_of_discharge: 0.9
  Pb-acid:
    cost: 118.597
    lifetime: 5.81979
    annual_cost: 20.378226705774605
    efficiency: 0.718365
    discharge_ratio: 5
    depth_of_discharge: 0.5
  VRBF:
    cost: 231.936
    lifetime: 11.1699
    annual_cost: 20.764375688233557
    efficiency: 0.778058
    discharge_ratio: 0.5
    depth_of_discharge: 1.0
