cost_values:
  wind_capex: 5000.0
  wind_opex: 100
  wind_lifetime: 20
  solar_capex: 1000.0
  solar_opex: 10
  solar_lifetime: 20
  carbon_price: 1.0
timeseries_values:
  load_level: 298689.066470143
  wind_year: 2010
  solar_year: 2016
  price_year: 2023
  carbon_year: 2023
storage_values:
  CAES:
    cost: 49.8432
    lifetime: 21.0578
    annual_cost: 2.3669709086419286
    efficiency: 0.622131
    discharge_ratio: 0.1
    depth_of_discharge: 0.4
  Li-ion:
    cost: 157.88
    lifetime: 22.7843
    annual_cost: 6.929332917842549
    efficiency: 0.897075
    discharge_ratio: 2
    depth_of_discharge: 0.9
  Pb-acid:
    cost: 123.877
    lifetime: 5.4896
    annual_cost: 22.565760711162923
    efficiency: 0.715618
    discharge_ratio: 5
    depth_of_discharge: 0.5
  VRBF:
    cost: 224.643
    lifetime: 12.2724
    annual_cost: 18.30473257064633
    efficiency: 0.808575
    discharge_ratio: 0.5
    depth_of_discharge: 1.0
