cost_values:
  wind_capex: 5000.0
  wind_opex: 100
  wind_lifetime: 20
  solar_capex: 1000.0
  solar_opex: 10
  solar_lifetime: 20
  carbon_price: 1.0
timeseries_values:
  load_level: 298689.066470143
  wind_year: 2010
  solar_year: 2016
  price_year: 2023
  carbon_year: 2023
storage_values:
  CAES:
    cost: 54.3204
    lifetime: 21.4772
    annual_cost: 2.5292123740524834
    efficiency: 0.617772
    discharge_ratio: 0.1
    depth_of_discharge: 0.4
  Li-ion:
    cost: 172.85
    lifetime: 27.2714
    annual_cost: 6.338141789567092
    efficiency: 0.905651
    discharge_ratio: 2
    depth_of_discharge: 0.9
  Pb-acid:
    cost: 109.079
    lifetime: 6.66661
    annual_cost: 16.36198907690715
    efficiency: 0.717754
    discharge_ratio: 5
    depth_of_discharge: 0.5
  VRBF:
    cost: 237.63
    lifetime: 13.6312
    annual_cost: 17.432801220728916
    efficiency: 0.779969
    discharge_ratio: 0.5
    depth_of_discharge: 1.0
