cost_values:
  wind_capex: 5000.0
  wind_opex: 100
  wind_lifetime: 20
  solar_capex: 1000.0
  solar_opex: 10
  solar_lifetime: 20
  carbon_price: 1.0
timeseries_values:
  load_level: 298689.066470143
  wind_year: 2010
  solar_year: 2016
  price_year: 2023
  carbon_year: 2023
storage_values:
  CAES:
    cost: 51.5773
    lifetime: 20.8148
    annual_cost: 2.477914752964237
    efficiency: 0.628656
    discharge_ratio: 0.1
    depth_of_discharge: 0.4
  Li-ion:
    cost: 164.783
    lifetime: 25.1497
    annual_cost: 6.552086108383002
    efficiency: 0.913874
    discharge_ratio: 2
    depth_of_discharge: 0.9
  Pb-acid:
    cost: 115.903
    lifetime: 6.95865
    annual_cost: 16.655960567064017
    efficiency: 0.724911
    discharge_ratio: 5
    depth_of_discharge: 0.5
  VRBF:
    cost: 256.346
    lifetime: 13.3007
    annual_cost: 19.27312096355831
    efficiency: 0.781047
    discharge_ratio: 0.5
    depth_of_discharge: 1.0
