cost_values:
  wind_capex: 5000.0
  wind_opex: 100
  wind_lifetime: 20
  solar_capex: 1000.0
  solar_opex: 10
  solar_lifetime: 20
  carbon_price: 1.0
timeseries_values:
  load_level: 298689.066470143
  wind_year: 2010
  solar_year: 2016
  price_year: 2023
  carbon_year: 2023
storage_values:
  CAES:
    cost: 48.1651
    lifetime: 20.1398
    annual_cost: 2.391538148343082
    efficiency: 0.619251
    discharge_ratio: 0.1
    depth_of_discharge: 0.4
  Li-ion:
    cost: 170.68
    lifetime: 24.8289
    annual_cost: 6.874247348855568
    efficiency: 0.904721
    discharge_ratio: 2
    depth_of_discharge: 0.9
  Pb-acid:
    cost: 129.759
    lifetime: 8.25576
    annual_cost: 15.71739004040815
    efficiency: 0.718815
    discharge_ratio: 5
    depth_of_discharge: 0.5
  VRBF:
    cost: 254.164
    lifetime: 13.5057
    annual_cost: 18.819017155719436
    efficiency: 0.778342
    discharge_ratio: 0.5
    depth_of_discharge: 1.0
