cost_values:
  wind_capex: 5000.0
  wind_opex: 100
  wind_lifetime: 20
  solar_capex: 1000.0
  solar_opex: 10
  solar_lifetime: 20
  carbon_price: 1.0
timeseries_values:
  load_level: 298689.066470143
  wind_year: 2010
  solar_year: 2016
  price_year: 2023
  carbon_year: 2023
storage_values:
  CAES:
    cost: 46.0602
    lifetime: 21.6026
    annual_cost: 2.132160017775638
    efficiency: 0.628477
    discharge_ratio: 0.1
    depth_of_discharge: 0.4
  Li-ion:
    cost: 177.692
    lifetime: 27.8586
    annual_cost: 6.378353542532648
    efficiency: 0.914409
    discharge_ratio: 2
    depth_of_discharge: 0.9
  Pb-acid:
    cost: 113.186
    lifetime: 5.76426
    annual_cost: 19.635824893394815
    efficiency: 0.714016
    discharge_ratio: 5
    depth_of_discharge: 0.5
  VRBF:
    cost: 237.611
    lifetime: 13.4541
    annual_cost: 17.660861744746953
    efficiency: 0.780874
    discharge_ratio: 0.5
    depth_of_discharge: 1.0
