cost_values:
  wind_capex: 5000.0
  wind_opex: 100
  wind_lifetime: 20
  solar_capex: 1000.0
  solar_opex: 10
  solar_lifetime: 20
  carbon_price: 1.0
timeseries_values:
  load_level: 298689.066470143
  wind_year: 2010
  solar_year: 2016
  price_year: 2023
  carbon_year: 2023
storage_values:
  CAES:
    cost: 47.3219
    lifetime: 21.0424
    annual_cost: 2.248883207238718
    efficiency: 0.61756
    discharge_ratio: 0.1
    depth_of_discharge: 0.4
  Li-ion:
    cost: 155.491
    lifetime: 24.7156
    annual_cost: 6.291208791208792
    efficiency: 0.905897
    discharge_ratio: 2
    depth_of_discharge: 0.9
  Pb-acid:
    cost: 132.918
    lifetime: 5.79839
    annual_cost: 22.923259732442972
    efficiency: 0.730623
    discharge_ratio: 5
    depth_of_discharge: 0.5
  VRBF:
    cost: 256.453
    lifetime: 14.5434
    annual_cost: 17.633634500873246
    efficiency: 0.788936
    discharge_ratio: 0.5
    depth_of_discharge: 1.0
