cost_values:
  wind_capex: 5000.0
  wind_opex: 100
  wind_lifetime: 20
  solar_capex: 1000.0
  solar_opex: 10
  solar_lifetime: 20
  carbon_price: 1.0
timeseries_values:
  load_level: 298689.066470143
  wind_year: 2010
  solar_year: 2016
  price_year: 2023
  carbon_year: 2023
storage_values:
  CAES:
    cost: 44.6447
    lifetime: 20.9926
    annual_cost: 2.126687499404552
    efficiency: 0.61567
    discharge_ratio: 0.1
    depth_of_discharge: 0.4
  Li-ion:
    cost: 150.692
    lifetime: 25.4477
    annual_cost: 5.92163535407915
    efficiency: 0.915218
    discharge_ratio: 2
    depth_of_discharge: 0.9
  Pb-acid:
    cost: 117.838
    lifetime: 5.69912
    annual_cost: 20.67652549867348
    efficiency: 0.720031
    discharge_ratio: 5
    depth_of_discharge: 0.5
  VRBF:
    cost: 256.001
    lifetime: 15.6143
    annual_cost: 16.395291495616195
    efficiency: 0.786779
    discharge_ratio: 0.5
    depth_of_discharge: 1.0
