cost_values:
  wind_capex: 5000.0
  wind_opex: 100
  wind_lifetime: 20
  solar_capex: 1000.0
  solar_opex: 10
  solar_lifetime: 20
  carbon_price: 1.0
timeseries_values:
  load_level: 298689.066470143
  wind_year: 2010
  solar_year: 2016
  price_year: 2023
  carbon_year: 2023
storage_values:
  CAES:
    cost: 45.1309
    lifetime: 20.2428
    annual_cost: 2.229479123441421
    efficiency: 0.6131
    discharge_ratio: 0.1
    depth_of_discharge: 0.4
  Li-ion:
    cost: 159.435
    lifetime: 27.0373
    annual_cost: 5.896853605944381
    efficiency: 0.910092
    discharge_ratio: 2
    depth_of_discharge: 0.9
  Pb-acid:
    cost: 114.753
    lifetime: 6.51939
    annual_cost: 17.601800168420667
    efficiency: 0.723957
    discharge_ratio: 5
    depth_of_discharge: 0.5
  VRBF:
    cost: 258.435
    lifetime: 13.8317
    annual_cost: 18.684254285445753
    efficiency: 0.801817
    discharge_ratio: 0.5
    depth_of_discharge: 1.0
