cost_values:
  wind_capex: 5000.0
  wind_opex: 100
  wind_lifetime: 20
  solar_capex: 1000.0
  solar_opex: 10
  solar_lifetime: 20
  carbon_price: 1.0
timeseries_values:
  load_level: 298689.066470143
  wind_year: 2010
  solar_year: 2016
  price_year: 2023
  carbon_year: 2023
storage_values:
  CAES:
    cost: 49.525
    lifetime: 20.3735
    annual_cost: 2.430853805188112
    efficiency: 0.615183
    discharge_ratio: 0.1
    depth_of_discharge: 0.4
  Li-ion:
    cost: 164.737
    lifetime: 27.8006
    annual_cost: 5.925663474889031
    efficiency: 0.917505
    discharge_ratio: 2
    depth_of_discharge: 0.9
  Pb-acid:
    cost: 112.243
    lifetime: 6.83284
    annual_cost: 16.4269908266548
    efficiency: 0.710915
    discharge_ratio: 5
    depth_of_discharge: 0.5
  VRBF:
    cost: 224.659
    lifetime: 12.8716
    annual_cost: 17.4538518909848
    efficiency: 0.767219
    discharge_ratio: 0.5
    depth_of_discharge: 1.0
