cost_values:
  wind_capex: 5000.0
  wind_opex: 100
  wind_lifetime: 20
  solar_capex: 1000.0
  solar_opex: 10
  solar_lifetime: 20
  carbon_price: 1.0
timeseries_values:
  load_level: 298689.066470143
  wind_year: 2010
  solar_year: 2016
  price_year: 2023
  carbon_year: 2023
storage_values:
  CAES:
    cost: 41.9184
    lifetime: 21.6559
    annual_cost: 1.9356572573755881
    efficiency: 0.611002
    discharge_ratio: 0.1
    depth_of_discharge: 0.4
  Li-ion:
    cost: 175.669
    lifetime: 27.6992
    annual_cost: 6.342024318391867
    efficiency: 0.899337
    discharge_ratio: 2
    depth_of_discharge: 0.9
  Pb-acid:
    cost: 112.363
    lifetime: 5.08508
    annual_cost: 22.096604183218357
    efficiency: 0.710517
    discharge_ratio: 5
    depth_of_discharge: 0.5
  VRBF:
    cost: 267.848
    lifetime: 12.9683
    annual_cost: 20.654056429909858
    efficiency: 0.811317
    discharge_ratio: 0.5
    depth_of_discharge: 1.0
