cost_values:
  wind_capex: 5000.0
  wind_opex: 100
  wind_lifetime: 20
  solar_capex: 1000.0
  solar_opex: 10
  solar_lifetime: 20
  carbon_price: 1.0
timeseries_values:
  load_level: 298689.066470143
  wind_year: 2010
  solar_year: 2016
  price_year: 2023
  carbon_year: 2023
storage_values:
  CAES:
    cost: 47.8194
    lifetime: 21.1405
    annual_cost: 2.2619805586433626
    efficiency: 0.625817
    discharge_ratio: 0.1
    depth_of_discharge: 0.4
  Li-ion:
    cost: 151.382
    lifetime: 26.0823
    annual_cost: 5.80401268293057
    efficiency: 0.909957
    discharge_ratio: 2
    depth_of_discharge: 0.9
  Pb-acid:
    cost: 112.328
    lifetime: 7.89092
    annual_cost: 14.235095527517704
    efficiency: 0.701827
    discharge_ratio: 5
    depth_of_discharge: 0.5
  VRBF:
    cost: 224.276
    lifetime: 13.2856
    annual_cost: 16.881134461371712
    efficiency: 0.776932
    discharge_ratio: 0.5
    depth_of_discharge: 1.0
