cost_values:
  wind_capex: 5000.0
  wind_opex: 100
  wind_lifetime: 20
  solar_capex: 1000.0
  solar_opex: 10
  solar_lifetime: 20
  carbon_price: 1.0
timeseries_values:
  load_level: 298689.066470143
  wind_year: 2010
  solar_year: 2016
  price_year: 2023
  carbon_year: 2023
storage_values:
  CAES:
    cost: 49.876
    lifetime: 20.7792
    annual_cost: 2.4002849002849
    efficiency: 0.631979
    discharge_ratio: 0.1
    depth_of_discharge: 0.4
  Li-ion:
    cost: 164.411
    lifetime: 25.8533
    annual_cost: 6.3593815876503195
    efficiency: 0.914649
    discharge_ratio: 2
    depth_of_discharge: 0.9
  Pb-acid:
    cost: 128.549
    lifetime: 7.63805
    annual_cost: 16.830080976165384
    efficiency: 0.732196
    discharge_ratio: 5
    depth_of_discharge: 0.5
  VRBF:
    cost: 263.709
    lifetime: 13.2604
    annual_cost: 19.886956652891314
    efficiency: 0.789146
    discharge_ratio: 0.5
    depth_of_discharge: 1.0
