cost_values:
  wind_capex: 5000.0
  wind_opex: 100
  wind_lifetime: 20
  solar_capex: 1000.0
  solar_opex: 10
  solar_lifetime: 20
  carbon_price: 1.0
timeseries_values:
  load_level: 298689.066470143
  wind_year: 2010
  solar_year: 2016
  price_year: 2023
  carbon_year: 2023
storage_values:
  CAES:
    cost: 43.1036
    lifetime: 20.3263
    annual_cost: 2.1205826933578664
    efficiency: 0.613817
    discharge_ratio: 0.1
    depth_of_discharge: 0.4
  Li-ion:
    cost: 149.985
    lifetime: 26.5433
    annual_cost: 5.650578488733504
    efficiency: 0.895085
    discharge_ratio: 2
    depth_of_discharge: 0.9
  Pb-acid:
    cost: 128.083
    lifetime: 7.1259
    annual_cost: 17.974290966755078
    efficiency: 0.72566
    discharge_ratio: 5
    depth_of_discharge: 0.5
  VRBF:
    cost: 264.377
    lifetime: 14.2898
    annual_cost: 18.50109868577587
    efficiency: 0.765803
    discharge_ratio: 0.5
    depth_of_discharge: 1.0
