cost_values:
  wind_capex: 5000.0
  wind_opex: 100
  wind_lifetime: 20
  solar_capex: 1000.0
  solar_opex: 10
  solar_lifetime: 20
  carbon_price: 1.0
timeseries_values:
  load_level: 298689.066470143
  wind_year: 2010
  solar_year: 2016
  price_year: 2023
  carbon_year: 2023
storage_values:
  CAES:
    cost: 47.4462
    lifetime: 20.5004
    annual_cost: 2.3144036213927532
    efficiency: 0.622544
    discharge_ratio: 0.1
    depth_of_discharge: 0.4
  Li-ion:
    cost: 153.711
    lifetime: 26.7685
    annual_cost: 5.742234342604181
    efficiency: 0.910754
    discharge_ratio: 2
    depth_of_discharge: 0.9
  Pb-acid:
    cost: 104.552
    lifetime: 8.02439
    annual_cost: 13.029276991771338
    efficiency: 0.72352
    discharge_ratio: 5
    depth_of_discharge: 0.5
  VRBF:
    cost: 250.63
    lifetime: 12.3768
    annual_cost: 20.249983840734277
    efficiency: 0.784356
    discharge_ratio: 0.5
    depth_of_discharge: 1.0
