cost_values:
  wind_capex: 5000.0
  wind_opex: 100
  wind_lifetime: 20
  solar_capex: 1000.0
  solar_opex: 10
  solar_lifetime: 20
  carbon_price: 1.0
timeseries_values:
  load_level: 298689.066470143
  wind_year: 2010
  solar_year: 2016
  price_year: 2023
  carbon_year: 2023
storage_values:
  CAES:
    cost: 50.6848
    lifetime: 21.3296
    annual_cost: 2.376265846523142
    efficiency: 0.611722
    discharge_ratio: 0.1
    depth_of_discharge: 0.4
  Li-ion:
    cost: 168.483
    lifetime: 28.7058
    annual_cost: 5.869301674226115
    efficiency: 0.907103
    discharge_ratio: 2
    depth_of_discharge: 0.9
  Pb-acid:
    cost: 112.053
    lifetime: 7.41291
    annual_cost: 15.115926134271156
    efficiency: 0.729546
    discharge_ratio: 5
    depth_of_discharge: 0.5
  VRBF:
    cost: 190.332
    lifetime: 11.9078
    annual_cost: 15.983808931960564
    efficiency: 0.767541
    discharge_ratio: 0.5
    depth_of_discharge: 1.0
