cost_values:
  wind_capex: 5000.0
  wind_opex: 100
  wind_lifetime: 20
  solar_capex: 1000.0
  solar_opex: 10
  solar_lifetime: 20
  carbon_price: 1.0
timeseries_values:
  load_level: 298689.066470143
  wind_year: 2010
  solar_year: 2016
  price_year: 2023
  carbon_year: 2023
storage_values:
  CAES:
    cost: 44.4396
    lifetime: 21.0061
    annual_cost: 2.115556909659575
    efficiency: 0.628753
    discharge_ratio: 0.1
    depth_of_discharge: 0.4
  Li-ion:
    cost: 185.305
    lifetime: 26.5007
    annual_cost: 6.992456803027845
    efficiency: 0.915182
    discharge_ratio: 2
    depth_of_discharge: 0.9
  Pb-acid:
    cost: 138.998
    lifetime: 5.85986
    annual_cost: 23.720361919909347
    efficiency: 0.728586
    discharge_ratio: 5
    depth_of_discharge: 0.5
  VRBF:
    cost: 275.378
    lifetime: 13.4849
    annual_cost: 20.421211874022053
    efficiency: 0.807752
    discharge_ratio: 0.5
    depth_of_discharge: 1.0
