cost_values:
  wind_capex: 5000.0
  wind_opex: 100
  wind_lifetime: 20
  solar_capex: 1000.0
  solar_opex: 10
  solar_lifetime: 20
  carbon_price: 1.0
timeseries_values:
  load_level: 298689.066470143
  wind_year: 2010
  solar_year: 2016
  price_year: 2023
  carbon_year: 2023
storage_values:
  CAES:
    cost: 51.2275
    lifetime: 20.979
    annual_cost: 2.4418466085132753
    efficiency: 0.617464
    discharge_ratio: 0.1
    depth_of_discharge: 0.4
  Li-ion:
    cost: 174.058
    lifetime: 26.8199
    annual_cost: 6.489882512611904
    efficiency: 0.913673
    discharge_ratio: 2
    depth_of_discharge: 0.9
  Pb-acid:
    cost: 122.675
    lifetime: 6.16165
    annual_cost: 19.90943984160087
    efficiency: 0.705836
    discharge_ratio: 5
    depth_of_discharge: 0.5
  VRBF:
    cost: 235.598
    lifetime: 14.0157
    annual_cost: 16.809577830575712
    efficiency: 0.79622
    discharge_ratio: 0.5
    depth_of_discharge: 1.0
