cost_values:
  wind_capex: 5000.0
  wind_opex: 100
  wind_lifetime: 20
  solar_capex: 1000.0
  solar_opex: 10
  solar_lifetime: 20
  carbon_price: 1.0
timeseries_values:
  load_level: 298689.066470143
  wind_year: 2010
  solar_year: 2016
  price_year: 2023
  carbon_year: 2023
storage_values:
  CAES:
    cost: 47.2354
    lifetime: 21.1071
    annual_cost: 2.2378915151773575
    efficiency: 0.61748
    discharge_ratio: 0.1
    depth_of_discharge: 0.4
  Li-ion:
    cost: 160.701
    lifetime: 24.709
    annual_cost: 6.503743575215508
    efficiency: 0.888937
    discharge_ratio: 2
    depth_of_discharge: 0.9
  Pb-acid:
    cost: 125.599
    lifetime: 6.66377
    annual_cost: 18.848039473151083
    efficiency: 0.722901
    discharge_ratio: 5
    depth_of_discharge: 0.5
  VRBF:
    cost: 242.337
    lifetime: 12.805
    annual_cost: 18.92518547442405
    efficiency: 0.781502
    discharge_ratio: 0.5
    depth_of_discharge: 1.0
