cost_values:
  wind_capex: 5000.0
  wind_opex: 100
  wind_lifetime: 20
  solar_capex: 1000.0
  solar_opex: 10
  solar_lifetime: 20
  carbon_price: 1.0
timeseries_values:
  load_level: 298689.066470143
  wind_year: 2010
  solar_year: 2016
  price_year: 2023
  carbon_year: 2023
storage_values:
  CAES:
    cost: 50.3836
    lifetime: 21.2719
    annual_cost: 2.3685519394130288
    efficiency: 0.628947
    discharge_ratio: 0.1
    depth_of_discharge: 0.4
  Li-ion:
    cost: 151.73
    lifetime: 24.7815
    annual_cost: 6.122712507313923
    efficiency: 0.904749
    discharge_ratio: 2
    depth_of_discharge: 0.9
  Pb-acid:
    cost: 113.424
    lifetime: 7.39336
    annual_cost: 15.341333304478614
    efficiency: 0.720167
    discharge_ratio: 5
    depth_of_discharge: 0.5
  VRBF:
    cost: 274.769
    lifetime: 13.5866
    annual_cost: 20.223529065402676
    efficiency: 0.772766
    discharge_ratio: 0.5
    depth_of_discharge: 1.0
