cost_values:
  wind_capex: 5000.0
  wind_opex: 100
  wind_lifetime: 20
  solar_capex: 1000.0
  solar_opex: 10
  solar_lifetime: 20
  carbon_price: 1.0
timeseries_values:
  load_level: 298689.066470143
  wind_year: 2010
  solar_year: 2016
  price_year: 2023
  carbon_year: 2023
storage_values:
  CAES:
    cost: 51.6311
    lifetime: 20.7494
    annual_cost: 2.488317734488708
    efficiency: 0.627071
    discharge_ratio: 0.1
    depth_of_discharge: 0.4
  Li-ion:
    cost: 153.076
    lifetime: 27.4072
    annual_cost: 5.585247672144546
    efficiency: 0.905935
    discharge_ratio: 2
    depth_of_discharge: 0.9
  Pb-acid:
    cost: 121.231
    lifetime: 5.71309
    annual_cost: 21.219865256804983
    efficiency: 0.720089
    discharge_ratio: 5
    depth_of_discharge: 0.5
  VRBF:
    cost: 219.815
    lifetime: 12.9631
    annual_cost: 16.95697788337666
    efficiency: 0.79272
    discharge_ratio: 0.5
    depth_of_discharge: 1.0
