cost_values:
  wind_capex: 5000.0
  wind_opex: 100
  wind_lifetime: 20
  solar_capex: 1000.0
  solar_opex: 10
  solar_lifetime: 20
  carbon_price: 1.0
timeseries_values:
  load_level: 298689.066470143
  wind_year: 2010
  solar_year: 2016
  price_year: 2023
  carbon_year: 2023
storage_values:
  CAES:
    cost: 45.3094
    lifetime: 21.1193
    annual_cost: 2.1454025464859154
    efficiency: 0.609264
    discharge_ratio: 0.1
    depth_of_discharge: 0.4
  Li-ion:
    cost: 174.86
    lifetime: 25.5962
    annual_cost: 6.831482798227863
    efficiency: 0.919417
    discharge_ratio: 2
    depth_of_discharge: 0.9
  Pb-acid:
    cost: 123.402
    lifetime: 6.98781
    annual_cost: 17.659610092432395
    efficiency: 0.72536
    discharge_ratio: 5
    depth_of_discharge: 0.5
  VRBF:
    cost: 252.019
    lifetime: 13.5519
    annual_cost: 18.59658055328035
    efficiency: 0.800273
    discharge_ratio: 0.5
    depth_of_discharge: 1.0
