cost_values:
  wind_capex: 5000.0
  wind_opex: 100
  wind_lifetime: 20
  solar_capex: 1000.0
  solar_opex: 10
  solar_lifetime: 20
  carbon_price: 1.0
timeseries_values:
  load_level: 298689.066470143
  wind_year: 2010
  solar_year: 2016
  price_year: 2023
  carbon_year: 2023
storage_values:
  CAES:
    cost: 50.5241
    lifetime: 21.0092
    annual_cost: 2.4048559678616988
    efficiency: 0.600166
    discharge_ratio: 0.1
    depth_of_discharge: 0.4
  Li-ion:
    cost: 175.419
    lifetime: 25.4014
    annual_cost: 6.905879203508468
    efficiency: 0.902903
    discharge_ratio: 2
    depth_of_discharge: 0.9
  Pb-acid:
    cost: 141.718
    lifetime: 6.73238
    annual_cost: 21.05020809877042
    efficiency: 0.728842
    discharge_ratio: 5
    depth_of_discharge: 0.5
  VRBF:
    cost: 236.37
    lifetime: 11.5601
    annual_cost: 20.447054956272005
    efficiency: 0.782756
    discharge_ratio: 0.5
    depth_of_discharge: 1.0
