cost_values:
  wind_capex: 5000.0
  wind_opex: 100
  wind_lifetime: 20
  solar_capex: 1000.0
  solar_opex: 10
  solar_lifetime: 20
  carbon_price: 1.0
timeseries_values:
  load_level: 298689.066470143
  wind_year: 2010
  solar_year: 2016
  price_year: 2023
  carbon_year: 2023
storage_values:
  CAES:
    cost: 41.3858
    lifetime: 20.7955
    annual_cost: 1.990132480584742
    efficiency: 0.622649
    discharge_ratio: 0.1
    depth_of_discharge: 0.4
  Li-ion:
    cost: 163.87
    lifetime: 26.1638
    annual_cost: 6.263233933908683
    efficiency: 0.909613
    discharge_ratio: 2
    depth_of_discharge: 0.9
  Pb-acid:
    cost: 137.468
    lifetime: 6.8303
    annual_cost: 20.126202363000157
    efficiency: 0.714696
    discharge_ratio: 5
    depth_of_discharge: 0.5
  VRBF:
    cost: 234.524
    lifetime: 13.1164
    annual_cost: 17.880211033515295
    efficiency: 0.775121
    discharge_ratio: 0.5
    depth_of_discharge: 1.0
