cost_values:
  wind_capex: 5000.0
  wind_opex: 100
  wind_lifetime: 20
  solar_capex: 1000.0
  solar_opex: 10
  solar_lifetime: 20
  carbon_price: 1.0
timeseries_values:
  load_level: 298689.066470143
  wind_year: 2010
  solar_year: 2016
  price_year: 2023
  carbon_year: 2023
storage_values:
  CAES:
    cost: 44.6839
    lifetime: 20.5895
    annual_cost: 2.1702275431652054
    efficiency: 0.607902
    discharge_ratio: 0.1
    depth_of_discharge: 0.4
  Li-ion:
    cost: 181.829
    lifetime: 26.9972
    annual_cost: 6.73510586283022
    efficiency: 0.910129
    discharge_ratio: 2
    depth_of_discharge: 0.9
  Pb-acid:
    cost: 112.029
    lifetime: 7.32778
    annual_cost: 15.288259199921395
    efficiency: 0.723559
    discharge_ratio: 5
    depth_of_discharge: 0.5
  VRBF:
    cost: 225.067
    lifetime: 12.7149
    annual_cost: 17.70104365744127
    efficiency: 0.783368
    discharge_ratio: 0.5
    depth_of_discharge: 1.0
