cost_values:
  wind_capex: 5000.0
  wind_opex: 100
  wind_lifetime: 20
  solar_capex: 1000.0
  solar_opex: 10
  solar_lifetime: 20
  carbon_price: 1.0
timeseries_values:
  load_level: 298689.066470143
  wind_year: 2010
  solar_year: 2016
  price_year: 2023
  carbon_year: 2023
storage_values:
  CAES:
    cost: 50.7283
    lifetime: 20.6731
    annual_cost: 2.4538313073510984
    efficiency: 0.622681
    discharge_ratio: 0.1
    depth_of_discharge: 0.4
  Li-ion:
    cost: 149.61
    lifetime: 25.8816
    annual_cost: 5.780554525222553
    efficiency: 0.912318
    discharge_ratio: 2
    depth_of_discharge: 0.9
  Pb-acid:
    cost: 127.059
    lifetime: 5.58128
    annual_cost: 22.76520798096494
    efficiency: 0.732946
    discharge_ratio: 5
    depth_of_discharge: 0.5
  VRBF:
    cost: 272.237
    lifetime: 13.3883
    annual_cost: 20.333948298140918
    efficiency: 0.78961
    discharge_ratio: 0.5
    depth_of_discharge: 1.0
