cost_values:
  wind_capex: 5000.0
  wind_opex: 100
  wind_lifetime: 20
  solar_capex: 1000.0
  solar_opex: 10
  solar_lifetime: 20
  carbon_price: 1.0
timeseries_values:
  load_level: 298689.066470143
  wind_year: 2010
  solar_year: 2016
  price_year: 2023
  carbon_year: 2023
storage_values:
  CAES:
    cost: 41.5925
    lifetime: 21.2277
    annual_cost: 1.9593502828850984
    efficiency: 0.627673
    discharge_ratio: 0.1
    depth_of_discharge: 0.4
  Li-ion:
    cost: 167.974
    lifetime: 26.1089
    annual_cost: 6.433591610523615
    efficiency: 0.88767
    discharge_ratio: 2
    depth_of_discharge: 0.9
  Pb-acid:
    cost: 141.97
    lifetime: 5.74293
    annual_cost: 24.72083065612849
    efficiency: 0.722257
    discharge_ratio: 5
    depth_of_discharge: 0.5
  VRBF:
    cost: 225.056
    lifetime: 13.031
    annual_cost: 17.27081574706469
    efficiency: 0.820654
    discharge_ratio: 0.5
    depth_of_discharge: 1.0
