cost_values:
  wind_capex: 5000.0
  wind_opex: 100
  wind_lifetime: 20
  solar_capex: 1000.0
  solar_opex: 10
  solar_lifetime: 20
  carbon_price: 1.0
timeseries_values:
  load_level: 298689.066470143
  wind_year: 2010
  solar_year: 2016
  price_year: 2023
  carbon_year: 2023
storage_values:
  CAES:
    cost: 49.4736
    lifetime: 21.3169
    annual_cost: 2.3208627896176273
    efficiency: 0.61147
    discharge_ratio: 0.1
    depth_of_discharge: 0.4
  Li-ion:
    cost: 164.651
    lifetime: 25.7482
    annual_cost: 6.39466059763401
    efficiency: 0.901249
    discharge_ratio: 2
    depth_of_discharge: 0.9
  Pb-acid:
    cost: 116.241
    lifetime: 6.28727
    annual_cost: 18.488310506785933
    efficiency: 0.714857
    discharge_ratio: 5
    depth_of_discharge: 0.5
  VRBF:
    cost: 248.863
    lifetime: 13.1368
    annual_cost: 18.943958954996653
    efficiency: 0.783164
    discharge_ratio: 0.5
    depth_of_discharge: 1.0
