cost_values:
  wind_capex: 5000.0
  wind_opex: 100
  wind_lifetime: 20
  solar_capex: 1000.0
  solar_opex: 10
  solar_lifetime: 20
  carbon_price: 1.0
timeseries_values:
  load_level: 298689.066470143
  wind_year: 2010
  solar_year: 2016
  price_year: 2023
  carbon_year: 2023
storage_values:
  CAES:
    cost: 47.0829
    lifetime: 21.027
    annual_cost: 2.2391639320873162
    efficiency: 0.616786
    discharge_ratio: 0.1
    depth_of_discharge: 0.4
  Li-ion:
    cost: 162.111
    lifetime: 24.4394
    annual_cost: 6.633182484021702
    efficiency: 0.9089
    discharge_ratio: 2
    depth_of_discharge: 0.9
  Pb-acid:
    cost: 111.3
    lifetime: 7.06936
    annual_cost: 15.743999456810801
    efficiency: 0.737905
    discharge_ratio: 5
    depth_of_discharge: 0.5
  VRBF:
    cost: 232.122
    lifetime: 13.1928
    annual_cost: 17.594597052937967
    efficiency: 0.77497
    discharge_ratio: 0.5
    depth_of_discharge: 1.0
