cost_values:
  wind_capex: 5000.0
  wind_opex: 100
  wind_lifetime: 20
  solar_capex: 1000.0
  solar_opex: 10
  solar_lifetime: 20
  carbon_price: 1.0
timeseries_values:
  load_level: 238327.7131929391
  wind_year: 2014
  solar_year: 2016
  price_year: 2023
  carbon_year: 2023
storage_values:
  CAES:
    cost: 27.1761
    lifetime: 24.234
    annual_cost: 1.1214038128249566
    efficiency: 0.604683
    discharge_ratio: 0.1
    depth_of_discharge: 0.4
  Li-ion:
    cost: 215.735
    lifetime: 26.1068
    annual_cost: 8.263555855179494
    efficiency: 0.883519
    discharge_ratio: 2
    depth_of_discharge: 0.9
  Pb-acid:
    cost: 145.997
    lifetime: 12.3041
    annual_cost: 11.86571955689567
    efficiency: 0.725613
    discharge_ratio: 5
    depth_of_discharge: 0.5
  VRBF:
    cost: 271.677
    lifetime: 21.2575
    annual_cost: 12.780289309655416
    efficiency: 0.786098
    discharge_ratio: 0.5
    depth_of_discharge: 1.0
