cost_values:
  wind_capex: 5000.0
  wind_opex: 100
  wind_lifetime: 20
  solar_capex: 1000.0
  solar_opex: 10
  solar_lifetime: 20
  carbon_price: 1.0
timeseries_values:
  load_level: 238327.7131929391
  wind_year: 2014
  solar_year: 2016
  price_year: 2023
  carbon_year: 2023
storage_values:
  CAES:
    cost: 28.3001
    lifetime: 23.81
    annual_cost: 1.1885804283914323
    efficiency: 0.606496
    discharge_ratio: 0.1
    depth_of_discharge: 0.4
  Li-ion:
    cost: 199.569
    lifetime: 23.2743
    annual_cost: 8.57465100991222
    efficiency: 0.885083
    discharge_ratio: 2
    depth_of_discharge: 0.9
  Pb-acid:
    cost: 158.963
    lifetime: 12.4834
    annual_cost: 12.733950686511687
    efficiency: 0.72048
    discharge_ratio: 5
    depth_of_discharge: 0.5
  VRBF:
    cost: 279.815
    lifetime: 20.647
    annual_cost: 13.552332057926092
    efficiency: 0.751142
    discharge_ratio: 0.5
    depth_of_discharge: 1.0
