cost_values:
  wind_capex: 5000.0
  wind_opex: 100
  wind_lifetime: 20
  solar_capex: 1000.0
  solar_opex: 10
  solar_lifetime: 20
  carbon_price: 1.0
timeseries_values:
  load_level: 238327.7131929391
  wind_year: 2014
  solar_year: 2016
  price_year: 2023
  carbon_year: 2023
storage_values:
  CAES:
    cost: 33.9671
    lifetime: 23.2668
    annual_cost: 1.4598956452971616
    efficiency: 0.608591
    discharge_ratio: 0.1
    depth_of_discharge: 0.4
  Li-ion:
    cost: 207.059
    lifetime: 25.3875
    annual_cost: 8.155942885278188
    efficiency: 0.881652
    discharge_ratio: 2
    depth_of_discharge: 0.9
  Pb-acid:
    cost: 179.035
    lifetime: 12.569
    annual_cost: 14.244172169623676
    efficiency: 0.71311
    discharge_ratio: 5
    depth_of_discharge: 0.5
  VRBF:
    cost: 264.924
    lifetime: 21.6308
    annual_cost: 12.247535921001534
    efficiency: 0.744113
    discharge_ratio: 0.5
    depth_of_discharge: 1.0
