cost_values:
  wind_capex: 5000.0
  wind_opex: 100
  wind_lifetime: 20
  solar_capex: 1000.0
  solar_opex: 10
  solar_lifetime: 20
  carbon_price: 1.0
timeseries_values:
  load_level: 238327.7131929391
  wind_year: 2014
  solar_year: 2016
  price_year: 2023
  carbon_year: 2023
storage_values:
  CAES:
    cost: 26.1099
    lifetime: 22.2746
    annual_cost: 1.1721826654575167
    efficiency: 0.604548
    discharge_ratio: 0.1
    depth_of_discharge: 0.4
  Li-ion:
    cost: 192.103
    lifetime: 24.7428
    annual_cost: 7.763995990752866
    efficiency: 0.87121
    discharge_ratio: 2
    depth_of_discharge: 0.9
  Pb-acid:
    cost: 150.531
    lifetime: 12.6981
    annual_cost: 11.85460816972618
    efficiency: 0.729817
    discharge_ratio: 5
    depth_of_discharge: 0.5
  VRBF:
    cost: 209.612
    lifetime: 19.7311
    annual_cost: 10.623432043829284
    efficiency: 0.749725
    discharge_ratio: 0.5
    depth_of_discharge: 1.0
