cost_values:
  wind_capex: 5000.0
  wind_opex: 100
  wind_lifetime: 20
  solar_capex: 1000.0
  solar_opex: 10
  solar_lifetime: 20
  carbon_price: 1.0
timeseries_values:
  load_level: 238327.7131929391
  wind_year: 2014
  solar_year: 2016
  price_year: 2023
  carbon_year: 2023
storage_values:
  CAES:
    cost: 25.5965
    lifetime: 22.8721
    annual_cost: 1.1191145544134558
    efficiency: 0.599131
    discharge_ratio: 0.1
    depth_of_discharge: 0.4
  Li-ion:
    cost: 217.64
    lifetime: 23.4432
    annual_cost: 9.283715533715533
    efficiency: 0.861162
    discharge_ratio: 2
    depth_of_discharge: 0.9
  Pb-acid:
    cost: 170.523
    lifetime: 10.4436
    annual_cost: 16.327990348155808
    efficiency: 0.738028
    discharge_ratio: 5
    depth_of_discharge: 0.5
  VRBF:
    cost: 231.525
    lifetime: 22.4293
    annual_cost: 10.322435385856892
    efficiency: 0.745609
    discharge_ratio: 0.5
    depth_of_discharge: 1.0
