cost_values:
  wind_capex: 5000.0
  wind_opex: 100
  wind_lifetime: 20
  solar_capex: 1000.0
  solar_opex: 10
  solar_lifetime: 20
  carbon_price: 1.0
timeseries_values:
  load_level: 238327.7131929391
  wind_year: 2014
  solar_year: 2016
  price_year: 2023
  carbon_year: 2023
storage_values:
  CAES:
    cost: 22.9199
    lifetime: 21.9015
    annual_cost: 1.0464990982352806
    efficiency: 0.604579
    discharge_ratio: 0.1
    depth_of_discharge: 0.4
  Li-ion:
    cost: 213.853
    lifetime: 23.8448
    annual_cost: 8.96853821378246
    efficiency: 0.87247
    discharge_ratio: 2
    depth_of_discharge: 0.9
  Pb-acid:
    cost: 173.286
    lifetime: 13.3704
    annual_cost: 12.960420032310179
    efficiency: 0.745948
    discharge_ratio: 5
    depth_of_discharge: 0.5
  VRBF:
    cost: 292.313
    lifetime: 19.9186
    annual_cost: 14.675378791682144
    efficiency: 0.748218
    discharge_ratio: 0.5
    depth_of_discharge: 1.0
