cost_values:
  wind_capex: 5000.0
  wind_opex: 100
  wind_lifetime: 20
  solar_capex: 1000.0
  solar_opex: 10
  solar_lifetime: 20
  carbon_price: 1.0
timeseries_values:
  load_level: 238327.7131929391
  wind_year: 2014
  solar_year: 2016
  price_year: 2023
  carbon_year: 2023
storage_values:
  CAES:
    cost: 26.1644
    lifetime: 22.968
    annual_cost: 1.1391675374433996
    efficiency: 0.598974
    discharge_ratio: 0.1
    depth_of_discharge: 0.4
  Li-ion:
    cost: 219.671
    lifetime: 24.7661
    annual_cost: 8.86982609292541
    efficiency: 0.880173
    discharge_ratio: 2
    depth_of_discharge: 0.9
  Pb-acid:
    cost: 157.38
    lifetime: 12.0889
    annual_cost: 13.018554210887674
    efficiency: 0.713396
    discharge_ratio: 5
    depth_of_discharge: 0.5
  VRBF:
    cost: 276.764
    lifetime: 19.9775
    annual_cost: 13.853785508697285
    efficiency: 0.750985
    discharge_ratio: 0.5
    depth_of_discharge: 1.0
