cost_values:
  wind_capex: 5000.0
  wind_opex: 100
  wind_lifetime: 20
  solar_capex: 1000.0
  solar_opex: 10
  solar_lifetime: 20
  carbon_price: 1.0
timeseries_values:
  load_level: 238327.7131929391
  wind_year: 2014
  solar_year: 2016
  price_year: 2023
  carbon_year: 2023
storage_values:
  CAES:
    cost: 30.7236
    lifetime: 23.1696
    annual_cost: 1.3260306608659624
    efficiency: 0.597438
    discharge_ratio: 0.1
    depth_of_discharge: 0.4
  Li-ion:
    cost: 200.702
    lifetime: 22.9782
    annual_cost: 8.734452655125292
    efficiency: 0.871946
    discharge_ratio: 2
    depth_of_discharge: 0.9
  Pb-acid:
    cost: 160.944
    lifetime: 11.4265
    annual_cost: 14.08515293396928
    efficiency: 0.732359
    discharge_ratio: 5
    depth_of_discharge: 0.5
  VRBF:
    cost: 272.436
    lifetime: 19.5692
    annual_cost: 13.921672832818919
    efficiency: 0.740797
    discharge_ratio: 0.5
    depth_of_discharge: 1.0
