cost_values:
  wind_capex: 5000.0
  wind_opex: 100
  wind_lifetime: 20
  solar_capex: 1000.0
  solar_opex: 10
  solar_lifetime: 20
  carbon_price: 1.0
timeseries_values:
  load_level: 238327.7131929391
  wind_year: 2014
  solar_year: 2016
  price_year: 2023
  carbon_year: 2023
storage_values:
  CAES:
    cost: 22.1947
    lifetime: 22.3267
    annual_cost: 0.9940877962260434
    efficiency: 0.599158
    discharge_ratio: 0.1
    depth_of_discharge: 0.4
  Li-ion:
    cost: 184.93
    lifetime: 24.7889
    annual_cost: 7.4601938770982175
    efficiency: 0.881845
    discharge_ratio: 2
    depth_of_discharge: 0.9
  Pb-acid:
    cost: 150.935
    lifetime: 12.0615
    annual_cost: 12.513783526095427
    efficiency: 0.710379
    discharge_ratio: 5
    depth_of_discharge: 0.5
  VRBF:
    cost: 262.76
    lifetime: 21.8595
    annual_cost: 12.020403028431573
    efficiency: 0.738407
    discharge_ratio: 0.5
    depth_of_discharge: 1.0
