cost_values:
  wind_capex: 5000.0
  wind_opex: 100
  wind_lifetime: 20
  solar_capex: 1000.0
  solar_opex: 10
  solar_lifetime: 20
  carbon_price: 1.0
timeseries_values:
  load_level: 238327.7131929391
  wind_year: 2014
  solar_year: 2016
  price_year: 2023
  carbon_year: 2023
storage_values:
  CAES:
    cost: 30.1957
    lifetime: 22.6449
    annual_cost: 1.33344373346758
    efficiency: 0.607795
    discharge_ratio: 0.1
    depth_of_discharge: 0.4
  Li-ion:
    cost: 196.924
    lifetime: 25.1212
    annual_cost: 7.838956737735458
    efficiency: 0.881236
    discharge_ratio: 2
    depth_of_discharge: 0.9
  Pb-acid:
    cost: 160.412
    lifetime: 12.0076
    annual_cost: 13.359205836303675
    efficiency: 0.72894
    discharge_ratio: 5
    depth_of_discharge: 0.5
  VRBF:
    cost: 270.922
    lifetime: 22.2538
    annual_cost: 12.174190475334552
    efficiency: 0.725954
    discharge_ratio: 0.5
    depth_of_discharge: 1.0
