cost_values:
  wind_capex: 5000.0
  wind_opex: 100
  wind_lifetime: 20
  solar_capex: 1000.0
  solar_opex: 10
  solar_lifetime: 20
  carbon_price: 1.0
timeseries_values:
  load_level: 238327.7131929391
  wind_year: 2014
  solar_year: 2016
  price_year: 2023
  carbon_year: 2023
storage_values:
  CAES:
    cost: 25.1546
    lifetime: 23.8056
    annual_cost: 1.0566673387774306
    efficiency: 0.615545
    discharge_ratio: 0.1
    depth_of_discharge: 0.4
  Li-ion:
    cost: 208.506
    lifetime: 22.862
    annual_cost: 9.120199457615257
    efficiency: 0.867339
    discharge_ratio: 2
    depth_of_discharge: 0.9
  Pb-acid:
    cost: 161.322
    lifetime: 11.0051
    annual_cost: 14.658839992367175
    efficiency: 0.722392
    discharge_ratio: 5
    depth_of_discharge: 0.5
  VRBF:
    cost: 219.735
    lifetime: 20.1732
    annual_cost: 10.892421628695496
    efficiency: 0.75036
    discharge_ratio: 0.5
    depth_of_discharge: 1.0
