cost_values:
  wind_capex: 5000.0
  wind_opex: 100
  wind_lifetime: 20
  solar_capex: 1000.0
  solar_opex: 10
  solar_lifetime: 20
  carbon_price: 1.0
timeseries_values:
  load_level: 238327.7131929391
  wind_year: 2014
  solar_year: 2016
  price_year: 2023
  carbon_year: 2023
storage_values:
  CAES:
    cost: 24.8828
    lifetime: 23.591
    annual_cost: 1.0547581704887456
    efficiency: 0.605711
    discharge_ratio: 0.1
    depth_of_discharge: 0.4
  Li-ion:
    cost: 207.35
    lifetime: 23.2099
    annual_cost: 8.933687779783627
    efficiency: 0.863163
    discharge_ratio: 2
    depth_of_discharge: 0.9
  Pb-acid:
    cost: 146.868
    lifetime: 12.7354
    annual_cost: 11.532264396877993
    efficiency: 0.7425
    discharge_ratio: 5
    depth_of_discharge: 0.5
  VRBF:
    cost: 260.358
    lifetime: 21.5166
    annual_cost: 12.100331836814366
    efficiency: 0.741652
    discharge_ratio: 0.5
    depth_of_discharge: 1.0
