cost_values:
  wind_capex: 5000.0
  wind_opex: 100
  wind_lifetime: 20
  solar_capex: 1000.0
  solar_opex: 10
  solar_lifetime: 20
  carbon_price: 1.0
timeseries_values:
  load_level: 238327.7131929391
  wind_year: 2014
  solar_year: 2016
  price_year: 2023
  carbon_year: 2023
storage_values:
  CAES:
    cost: 35.7987
    lifetime: 22.2374
    annual_cost: 1.6098419779290742
    efficiency: 0.600894
    discharge_ratio: 0.1
    depth_of_discharge: 0.4
  Li-ion:
    cost: 212.111
    lifetime: 24.9283
    annual_cost: 8.508843362764408
    efficiency: 0.883619
    discharge_ratio: 2
    depth_of_discharge: 0.9
  Pb-acid:
    cost: 184.906
    lifetime: 12.1762
    annual_cost: 15.185854371643043
    efficiency: 0.740405
    discharge_ratio: 5
    depth_of_discharge: 0.5
  VRBF:
    cost: 273.736
    lifetime: 22.1039
    annual_cost: 12.384058921728744
    efficiency: 0.73818
    discharge_ratio: 0.5
    depth_of_discharge: 1.0
