cost_values:
  wind_capex: 5000.0
  wind_opex: 100
  wind_lifetime: 20
  solar_capex: 1000.0
  solar_opex: 10
  solar_lifetime: 20
  carbon_price: 1.0
timeseries_values:
  load_level: 238327.7131929391
  wind_year: 2014
  solar_year: 2016
  price_year: 2023
  carbon_year: 2023
storage_values:
  CAES:
    cost: 26.7019
    lifetime: 23.1044
    annual_cost: 1.1557062723983311
    efficiency: 0.603007
    discharge_ratio: 0.1
    depth_of_discharge: 0.4
  Li-ion:
    cost: 180.853
    lifetime: 22.6342
    annual_cost: 7.990253686898588
    efficiency: 0.874006
    discharge_ratio: 2
    depth_of_discharge: 0.9
  Pb-acid:
    cost: 174.677
    lifetime: 11.5735
    annual_cost: 15.092841404933685
    efficiency: 0.730968
    discharge_ratio: 5
    depth_of_discharge: 0.5
  VRBF:
    cost: 272.288
    lifetime: 19.098
    annual_cost: 14.257409152790869
    efficiency: 0.740579
    discharge_ratio: 0.5
    depth_of_discharge: 1.0
