cost_values:
  wind_capex: 5000.0
  wind_opex: 100
  wind_lifetime: 20
  solar_capex: 1000.0
  solar_opex: 10
  solar_lifetime: 20
  carbon_price: 1.0
timeseries_values:
  load_level: 238327.7131929391
  wind_year: 2014
  solar_year: 2016
  price_year: 2023
  carbon_year: 2023
storage_values:
  CAES:
    cost: 34.3547
    lifetime: 23.848
    annual_cost: 1.440569439785307
    efficiency: 0.612132
    discharge_ratio: 0.1
    depth_of_discharge: 0.4
  Li-ion:
    cost: 221.393
    lifetime: 24.251
    annual_cost: 9.12923178425632
    efficiency: 0.858513
    discharge_ratio: 2
    depth_of_discharge: 0.9
  Pb-acid:
    cost: 136.436
    lifetime: 13.3756
    annual_cost: 10.200364843446275
    efficiency: 0.718879
    discharge_ratio: 5
    depth_of_discharge: 0.5
  VRBF:
    cost: 275.929
    lifetime: 21.0851
    annual_cost: 13.086444930306234
    efficiency: 0.747307
    discharge_ratio: 0.5
    depth_of_discharge: 1.0
