cost_values:
  wind_capex: 5000.0
  wind_opex: 100
  wind_lifetime: 20
  solar_capex: 1000.0
  solar_opex: 10
  solar_lifetime: 20
  carbon_price: 1.0
timeseries_values:
  load_level: 238327.7131929391
  wind_year: 2014
  solar_year: 2016
  price_year: 2023
  carbon_year: 2023
storage_values:
  CAES:
    cost: 30.374
    lifetime: 22.5195
    annual_cost: 1.348786607162681
    efficiency: 0.59808
    discharge_ratio: 0.1
    depth_of_discharge: 0.4
  Li-ion:
    cost: 194.25
    lifetime: 24.0056
    annual_cost: 8.091861898890258
    efficiency: 0.867289
    discharge_ratio: 2
    depth_of_discharge: 0.9
  Pb-acid:
    cost: 145.322
    lifetime: 12.5718
    annual_cost: 11.5593630188199
    efficiency: 0.734711
    discharge_ratio: 5
    depth_of_discharge: 0.5
  VRBF:
    cost: 270.545
    lifetime: 19.7994
    annual_cost: 13.664302958675517
    efficiency: 0.750776
    discharge_ratio: 0.5
    depth_of_discharge: 1.0
