cost_values:
  wind_capex: 5000.0
  wind_opex: 100
  wind_lifetime: 20
  solar_capex: 1000.0
  solar_opex: 10
  solar_lifetime: 20
  carbon_price: 1.0
timeseries_values:
  load_level: 238327.7131929391
  wind_year: 2014
  solar_year: 2016
  price_year: 2023
  carbon_year: 2023
storage_values:
  CAES:
    cost: 25.2903
    lifetime: 21.8051
    annual_cost: 1.1598341672361052
    efficiency: 0.610802
    discharge_ratio: 0.1
    depth_of_discharge: 0.4
  Li-ion:
    cost: 208.052
    lifetime: 23.6292
    annual_cost: 8.804868552468978
    efficiency: 0.886691
    discharge_ratio: 2
    depth_of_discharge: 0.9
  Pb-acid:
    cost: 156.369
    lifetime: 11.9284
    annual_cost: 13.108966835451527
    efficiency: 0.720956
    discharge_ratio: 5
    depth_of_discharge: 0.5
  VRBF:
    cost: 274.351
    lifetime: 20.7847
    annual_cost: 13.199661289313774
    efficiency: 0.733397
    discharge_ratio: 0.5
    depth_of_discharge: 1.0
