cost_values:
  wind_capex: 5000.0
  wind_opex: 100
  wind_lifetime: 20
  solar_capex: 1000.0
  solar_opex: 10
  solar_lifetime: 20
  carbon_price: 1.0
timeseries_values:
  load_level: 238327.7131929391
  wind_year: 2014
  solar_year: 2016
  price_year: 2023
  carbon_year: 2023
storage_values:
  CAES:
    cost: 27.9098
    lifetime: 23.6432
    annual_cost: 1.1804578060499424
    efficiency: 0.604274
    discharge_ratio: 0.1
    depth_of_discharge: 0.4
  Li-ion:
    cost: 215.41
    lifetime: 24.4582
    annual_cost: 8.807271181035398
    efficiency: 0.884959
    discharge_ratio: 2
    depth_of_discharge: 0.9
  Pb-acid:
    cost: 160.413
    lifetime: 12.0751
    annual_cost: 13.284610479416319
    efficiency: 0.741377
    discharge_ratio: 5
    depth_of_discharge: 0.5
  VRBF:
    cost: 261.971
    lifetime: 19.5703
    annual_cost: 13.38615146420852
    efficiency: 0.767786
    discharge_ratio: 0.5
    depth_of_discharge: 1.0
