cost_values:
  wind_capex: 5000.0
  wind_opex: 100
  wind_lifetime: 20
  solar_capex: 1000.0
  solar_opex: 10
  solar_lifetime: 20
  carbon_price: 1.0
timeseries_values:
  load_level: 238327.7131929391
  wind_year: 2014
  solar_year: 2016
  price_year: 2023
  carbon_year: 2023
storage_values:
  CAES:
    cost: 28.4173
    lifetime: 22.6682
    annual_cost: 1.2536196080853355
    efficiency: 0.595102
    discharge_ratio: 0.1
    depth_of_discharge: 0.4
  Li-ion:
    cost: 230.311
    lifetime: 23.7655
    annual_cost: 9.690980623172246
    efficiency: 0.872767
    discharge_ratio: 2
    depth_of_discharge: 0.9
  Pb-acid:
    cost: 160.46
    lifetime: 12.9655
    annual_cost: 12.375920712660522
    efficiency: 0.716032
    discharge_ratio: 5
    depth_of_discharge: 0.5
  VRBF:
    cost: 272.58
    lifetime: 20.5385
    annual_cost: 13.271660539961536
    efficiency: 0.722387
    discharge_ratio: 0.5
    depth_of_discharge: 1.0
