cost_values:
  wind_capex: 5000.0
  wind_opex: 100
  wind_lifetime: 20
  solar_capex: 1000.0
  solar_opex: 10
  solar_lifetime: 20
  carbon_price: 1.0
timeseries_values:
  load_level: 238327.7131929391
  wind_year: 2014
  solar_year: 2016
  price_year: 2023
  carbon_year: 2023
storage_values:
  CAES:
    cost: 22.521
    lifetime: 23.5666
    annual_cost: 0.9556321234289206
    efficiency: 0.601958
    discharge_ratio: 0.1
    depth_of_discharge: 0.4
  Li-ion:
    cost: 212.604
    lifetime: 24.0514
    annual_cost: 8.839568590601795
    efficiency: 0.873465
    discharge_ratio: 2
    depth_of_discharge: 0.9
  Pb-acid:
    cost: 159.546
    lifetime: 12.721
    annual_cost: 12.541938526845373
    efficiency: 0.726316
    discharge_ratio: 5
    depth_of_discharge: 0.5
  VRBF:
    cost: 246.292
    lifetime: 22.2471
    annual_cost: 11.07074629951769
    efficiency: 0.74274
    discharge_ratio: 0.5
    depth_of_discharge: 1.0
