cost_values:
  wind_capex: 5000.0
  wind_opex: 100
  wind_lifetime: 20
  solar_capex: 1000.0
  solar_opex: 10
  solar_lifetime: 20
  carbon_price: 1.0
timeseries_values:
  load_level: 238327.7131929391
  wind_year: 2014
  solar_year: 2016
  price_year: 2023
  carbon_year: 2023
storage_values:
  CAES:
    cost: 30.663
    lifetime: 23.3822
    annual_cost: 1.311382162499679
    efficiency: 0.604043
    discharge_ratio: 0.1
    depth_of_discharge: 0.4
  Li-ion:
    cost: 211.708
    lifetime: 25.8062
    annual_cost: 8.20376498670862
    efficiency: 0.871348
    discharge_ratio: 2
    depth_of_discharge: 0.9
  Pb-acid:
    cost: 147.396
    lifetime: 13.2731
    annual_cost: 11.104866233208519
    efficiency: 0.73475
    discharge_ratio: 5
    depth_of_discharge: 0.5
  VRBF:
    cost: 282.515
    lifetime: 21.9617
    annual_cost: 12.863985939157715
    efficiency: 0.775409
    discharge_ratio: 0.5
    depth_of_discharge: 1.0
