cost_values:
  wind_capex: 5000.0
  wind_opex: 100
  wind_lifetime: 20
  solar_capex: 1000.0
  solar_opex: 10
  solar_lifetime: 20
  carbon_price: 1.0
timeseries_values:
  load_level: 238327.7131929391
  wind_year: 2014
  solar_year: 2016
  price_year: 2023
  carbon_year: 2023
storage_values:
  CAES:
    cost: 29.2221
    lifetime: 22.3917
    annual_cost: 1.3050416002358016
    efficiency: 0.599502
    discharge_ratio: 0.1
    depth_of_discharge: 0.4
  Li-ion:
    cost: 213.975
    lifetime: 24.4317
    annual_cost: 8.75808887633689
    efficiency: 0.866984
    discharge_ratio: 2
    depth_of_discharge: 0.9
  Pb-acid:
    cost: 153.354
    lifetime: 11.8472
    annual_cost: 12.94432439732595
    efficiency: 0.743585
    discharge_ratio: 5
    depth_of_discharge: 0.5
  VRBF:
    cost: 270.636
    lifetime: 21.0793
    annual_cost: 12.838946264819041
    efficiency: 0.753971
    discharge_ratio: 0.5
    depth_of_discharge: 1.0
