cost_values:
  wind_capex: 5000.0
  wind_opex: 100
  wind_lifetime: 20
  solar_capex: 1000.0
  solar_opex: 10
  solar_lifetime: 20
  carbon_price: 1.0
timeseries_values:
  load_level: 238327.7131929391
  wind_year: 2014
  solar_year: 2016
  price_year: 2023
  carbon_year: 2023
storage_values:
  CAES:
    cost: 27.2663
    lifetime: 22.4204
    annual_cost: 1.216137981481151
    efficiency: 0.604893
    discharge_ratio: 0.1
    depth_of_discharge: 0.4
  Li-ion:
    cost: 208.201
    lifetime: 23.5147
    annual_cost: 8.854078512589997
    efficiency: 0.882929
    discharge_ratio: 2
    depth_of_discharge: 0.9
  Pb-acid:
    cost: 177.523
    lifetime: 12.7836
    annual_cost: 13.886776807784974
    efficiency: 0.725761
    discharge_ratio: 5
    depth_of_discharge: 0.5
  VRBF:
    cost: 288.079
    lifetime: 20.9276
    annual_cost: 13.765505839178882
    efficiency: 0.75195
    discharge_ratio: 0.5
    depth_of_discharge: 1.0
