cost_values:
  wind_capex: 5000.0
  wind_opex: 100
  wind_lifetime: 20
  solar_capex: 1000.0
  solar_opex: 10
  solar_lifetime: 20
  carbon_price: 1.0
timeseries_values:
  load_level: 238327.7131929391
  wind_year: 2014
  solar_year: 2016
  price_year: 2023
  carbon_year: 2023
storage_values:
  CAES:
    cost: 25.0142
    lifetime: 21.725
    annual_cost: 1.1514016110471805
    efficiency: 0.59543
    discharge_ratio: 0.1
    depth_of_discharge: 0.4
  Li-ion:
    cost: 182.336
    lifetime: 24.5213
    annual_cost: 7.435821102470098
    efficiency: 0.853005
    discharge_ratio: 2
    depth_of_discharge: 0.9
  Pb-acid:
    cost: 174.369
    lifetime: 12.7372
    annual_cost: 13.689743428697046
    efficiency: 0.708862
    discharge_ratio: 5
    depth_of_discharge: 0.5
  VRBF:
    cost: 299.233
    lifetime: 23.1371
    annual_cost: 12.933038280510521
    efficiency: 0.738677
    discharge_ratio: 0.5
    depth_of_discharge: 1.0
