cost_values:
  wind_capex: 5000.0
  wind_opex: 100
  wind_lifetime: 20
  solar_capex: 1000.0
  solar_opex: 10
  solar_lifetime: 20
  carbon_price: 1.0
timeseries_values:
  load_level: 238327.7131929391
  wind_year: 2014
  solar_year: 2016
  price_year: 2023
  carbon_year: 2023
storage_values:
  CAES:
    cost: 24.3808
    lifetime: 22.8763
    annual_cost: 1.0657667542391034
    efficiency: 0.603904
    discharge_ratio: 0.1
    depth_of_discharge: 0.4
  Li-ion:
    cost: 204.584
    lifetime: 25.7894
    annual_cost: 7.932871644939394
    efficiency: 0.86713
    discharge_ratio: 2
    depth_of_discharge: 0.9
  Pb-acid:
    cost: 160.883
    lifetime: 11.861
    annual_cost: 13.564033386729617
    efficiency: 0.71937
    discharge_ratio: 5
    depth_of_discharge: 0.5
  VRBF:
    cost: 259.223
    lifetime: 20.6833
    annual_cost: 12.532961374635576
    efficiency: 0.736788
    discharge_ratio: 0.5
    depth_of_discharge: 1.0
