cost_values:
  wind_capex: 5000.0
  wind_opex: 100
  wind_lifetime: 20
  solar_capex: 1000.0
  solar_opex: 10
  solar_lifetime: 20
  carbon_price: 1.0
timeseries_values:
  load_level: 238327.7131929391
  wind_year: 2014
  solar_year: 2016
  price_year: 2023
  carbon_year: 2023
storage_values:
  CAES:
    cost: 24.7489
    lifetime: 22.7036
    annual_cost: 1.0900870346552969
    efficiency: 0.606537
    discharge_ratio: 0.1
    depth_of_discharge: 0.4
  Li-ion:
    cost: 202.704
    lifetime: 21.8075
    annual_cost: 9.295150750888455
    efficiency: 0.869142
    discharge_ratio: 2
    depth_of_discharge: 0.9
  Pb-acid:
    cost: 168.625
    lifetime: 14.1436
    annual_cost: 11.922353573347664
    efficiency: 0.726186
    discharge_ratio: 5
    depth_of_discharge: 0.5
  VRBF:
    cost: 285.58
    lifetime: 20.909
    annual_cost: 13.658233296666507
    efficiency: 0.744234
    discharge_ratio: 0.5
    depth_of_discharge: 1.0
