cost_values:
  wind_capex: 5000.0
  wind_opex: 100
  wind_lifetime: 20
  solar_capex: 1000.0
  solar_opex: 10
  solar_lifetime: 20
  carbon_price: 1.0
timeseries_values:
  load_level: 238327.7131929391
  wind_year: 2014
  solar_year: 2016
  price_year: 2023
  carbon_year: 2023
storage_values:
  CAES:
    cost: 20.1366
    lifetime: 22.7684
    annual_cost: 0.8844099717151843
    efficiency: 0.599276
    discharge_ratio: 0.1
    depth_of_discharge: 0.4
  Li-ion:
    cost: 198.112
    lifetime: 22.346
    annual_cost: 8.865658283361675
    efficiency: 0.879225
    discharge_ratio: 2
    depth_of_discharge: 0.9
  Pb-acid:
    cost: 164.778
    lifetime: 13.4955
    annual_cost: 12.209847727020117
    efficiency: 0.73113
    discharge_ratio: 5
    depth_of_discharge: 0.5
  VRBF:
    cost: 247.864
    lifetime: 21.9644
    annual_cost: 11.28480632295897
    efficiency: 0.716204
    discharge_ratio: 0.5
    depth_of_discharge: 1.0
