cost_values:
  wind_capex: 5000.0
  wind_opex: 100
  wind_lifetime: 20
  solar_capex: 1000.0
  solar_opex: 10
  solar_lifetime: 20
  carbon_price: 1.0
timeseries_values:
  load_level: 238327.7131929391
  wind_year: 2014
  solar_year: 2016
  price_year: 2023
  carbon_year: 2023
storage_values:
  CAES:
    cost: 27.752
    lifetime: 23.0072
    annual_cost: 1.2062310928752737
    efficiency: 0.607559
    discharge_ratio: 0.1
    depth_of_discharge: 0.4
  Li-ion:
    cost: 218.265
    lifetime: 25.6787
    annual_cost: 8.499846176013582
    efficiency: 0.873792
    discharge_ratio: 2
    depth_of_discharge: 0.9
  Pb-acid:
    cost: 179.465
    lifetime: 13.7027
    annual_cost: 13.09705386529662
    efficiency: 0.74203
    discharge_ratio: 5
    depth_of_discharge: 0.5
  VRBF:
    cost: 266.0
    lifetime: 19.5994
    annual_cost: 13.57184403604192
    efficiency: 0.764854
    discharge_ratio: 0.5
    depth_of_discharge: 1.0
