cost_values:
  wind_capex: 5000.0
  wind_opex: 100
  wind_lifetime: 20
  solar_capex: 1000.0
  solar_opex: 10
  solar_lifetime: 20
  carbon_price: 1.0
timeseries_values:
  load_level: 238327.7131929391
  wind_year: 2014
  solar_year: 2016
  price_year: 2023
  carbon_year: 2023
storage_values:
  CAES:
    cost: 35.5071
    lifetime: 24.0435
    annual_cost: 1.4767858256909352
    efficiency: 0.597567
    discharge_ratio: 0.1
    depth_of_discharge: 0.4
  Li-ion:
    cost: 221.628
    lifetime: 23.9029
    annual_cost: 9.272013019340749
    efficiency: 0.866091
    discharge_ratio: 2
    depth_of_discharge: 0.9
  Pb-acid:
    cost: 157.481
    lifetime: 12.7833
    annual_cost: 12.319275930315332
    efficiency: 0.736369
    discharge_ratio: 5
    depth_of_discharge: 0.5
  VRBF:
    cost: 269.508
    lifetime: 22.7887
    annual_cost: 11.826387639487992
    efficiency: 0.735485
    discharge_ratio: 0.5
    depth_of_discharge: 1.0
