cost_values:
  wind_capex: 5000.0
  wind_opex: 100
  wind_lifetime: 20
  solar_capex: 1000.0
  solar_opex: 10
  solar_lifetime: 20
  carbon_price: 1.0
timeseries_values:
  load_level: 238327.7131929391
  wind_year: 2014
  solar_year: 2016
  price_year: 2023
  carbon_year: 2023
storage_values:
  CAES:
    cost: 24.0741
    lifetime: 23.0185
    annual_cost: 1.0458587657753546
    efficiency: 0.596916
    discharge_ratio: 0.1
    depth_of_discharge: 0.4
  Li-ion:
    cost: 198.292
    lifetime: 23.6491
    annual_cost: 8.38475882803151
    efficiency: 0.868379
    discharge_ratio: 2
    depth_of_discharge: 0.9
  Pb-acid:
    cost: 164.037
    lifetime: 12.3788
    annual_cost: 13.251446020615893
    efficiency: 0.726148
    discharge_ratio: 5
    depth_of_discharge: 0.5
  VRBF:
    cost: 266.613
    lifetime: 21.1218
    annual_cost: 12.62264579723319
    efficiency: 0.744041
    discharge_ratio: 0.5
    depth_of_discharge: 1.0
