cost_values:
  wind_capex: 5000.0
  wind_opex: 100
  wind_lifetime: 20
  solar_capex: 1000.0
  solar_opex: 10
  solar_lifetime: 20
  carbon_price: 1.0
timeseries_values:
  load_level: 238327.7131929391
  wind_year: 2014
  solar_year: 2016
  price_year: 2023
  carbon_year: 2023
storage_values:
  CAES:
    cost: 27.2778
    lifetime: 22.9111
    annual_cost: 1.1905932059132909
    efficiency: 0.607878
    discharge_ratio: 0.1
    depth_of_discharge: 0.4
  Li-ion:
    cost: 230.959
    lifetime: 23.4627
    annual_cost: 9.843666756170432
    efficiency: 0.858676
    discharge_ratio: 2
    depth_of_discharge: 0.9
  Pb-acid:
    cost: 150.604
    lifetime: 13.2086
    annual_cost: 11.401965386187788
    efficiency: 0.724663
    discharge_ratio: 5
    depth_of_discharge: 0.5
  VRBF:
    cost: 312.064
    lifetime: 21.3489
    annual_cost: 14.617333914159513
    efficiency: 0.74473
    discharge_ratio: 0.5
    depth_of_discharge: 1.0
