cost_values:
  wind_capex: 5000.0
  wind_opex: 100
  wind_lifetime: 20
  solar_capex: 1000.0
  solar_opex: 10
  solar_lifetime: 20
  carbon_price: 1.0
timeseries_values:
  load_level: 238327.7131929391
  wind_year: 2014
  solar_year: 2016
  price_year: 2023
  carbon_year: 2023
storage_values:
  CAES:
    cost: 25.305
    lifetime: 23.5735
    annual_cost: 1.0734511209620974
    efficiency: 0.598886
    discharge_ratio: 0.1
    depth_of_discharge: 0.4
  Li-ion:
    cost: 191.696
    lifetime: 24.5346
    annual_cost: 7.813292248498039
    efficiency: 0.876981
    discharge_ratio: 2
    depth_of_discharge: 0.9
  Pb-acid:
    cost: 161.587
    lifetime: 11.4531
    annual_cost: 14.108581955976984
    efficiency: 0.734502
    discharge_ratio: 5
    depth_of_discharge: 0.5
  VRBF:
    cost: 275.613
    lifetime: 21.1227
    annual_cost: 13.048189862091496
    efficiency: 0.767797
    discharge_ratio: 0.5
    depth_of_discharge: 1.0
