cost_values:
  wind_capex: 5000.0
  wind_opex: 100
  wind_lifetime: 20
  solar_capex: 1000.0
  solar_opex: 10
  solar_lifetime: 20
  carbon_price: 1.0
timeseries_values:
  load_level: 238327.7131929391
  wind_year: 2014
  solar_year: 2016
  price_year: 2023
  carbon_year: 2023
storage_values:
  CAES:
    cost: 26.1621
    lifetime: 22.3836
    annual_cost: 1.1688066262799548
    efficiency: 0.607473
    discharge_ratio: 0.1
    depth_of_discharge: 0.4
  Li-ion:
    cost: 215.559
    lifetime: 24.4011
    annual_cost: 8.833986992389688
    efficiency: 0.89189
    discharge_ratio: 2
    depth_of_discharge: 0.9
  Pb-acid:
    cost: 170.5
    lifetime: 13.4602
    annual_cost: 12.666973744818057
    efficiency: 0.734224
    discharge_ratio: 5
    depth_of_discharge: 0.5
  VRBF:
    cost: 289.166
    lifetime: 20.5815
    annual_cost: 14.049802006656464
    efficiency: 0.739204
    discharge_ratio: 0.5
    depth_of_discharge: 1.0
