cost_values:
  wind_capex: 5000.0
  wind_opex: 100
  wind_lifetime: 20
  solar_capex: 1000.0
  solar_opex: 10
  solar_lifetime: 20
  carbon_price: 1.0
timeseries_values:
  load_level: 238327.7131929391
  wind_year: 2014
  solar_year: 2016
  price_year: 2023
  carbon_year: 2023
storage_values:
  CAES:
    cost: 31.3529
    lifetime: 22.836
    annual_cost: 1.3729593624102296
    efficiency: 0.59987
    discharge_ratio: 0.1
    depth_of_discharge: 0.4
  Li-ion:
    cost: 209.024
    lifetime: 24.1236
    annual_cost: 8.66471007643967
    efficiency: 0.872471
    discharge_ratio: 2
    depth_of_discharge: 0.9
  Pb-acid:
    cost: 180.349
    lifetime: 13.2707
    annual_cost: 13.59001409119338
    efficiency: 0.728321
    discharge_ratio: 5
    depth_of_discharge: 0.5
  VRBF:
    cost: 254.628
    lifetime: 20.4149
    annual_cost: 12.472654776658224
    efficiency: 0.75369
    discharge_ratio: 0.5
    depth_of_discharge: 1.0
