cost_values:
  wind_capex: 5000.0
  wind_opex: 100
  wind_lifetime: 20
  solar_capex: 1000.0
  solar_opex: 10
  solar_lifetime: 20
  carbon_price: 1.0
timeseries_values:
  load_level: 238327.7131929391
  wind_year: 2014
  solar_year: 2016
  price_year: 2023
  carbon_year: 2023
storage_values:
  CAES:
    cost: 32.3015
    lifetime: 23.0076
    annual_cost: 1.4039491298527442
    efficiency: 0.605297
    discharge_ratio: 0.1
    depth_of_discharge: 0.4
  Li-ion:
    cost: 193.717
    lifetime: 24.4264
    annual_cost: 7.930640618347362
    efficiency: 0.870647
    discharge_ratio: 2
    depth_of_discharge: 0.9
  Pb-acid:
    cost: 159.112
    lifetime: 13.6098
    annual_cost: 11.690987376743228
    efficiency: 0.726347
    discharge_ratio: 5
    depth_of_discharge: 0.5
  VRBF:
    cost: 275.933
    lifetime: 21.5113
    annual_cost: 12.827351206110277
    efficiency: 0.745576
    discharge_ratio: 0.5
    depth_of_discharge: 1.0
