cost_values:
  wind_capex: 5000.0
  wind_opex: 100
  wind_lifetime: 20
  solar_capex: 1000.0
  solar_opex: 10
  solar_lifetime: 20
  carbon_price: 1.0
timeseries_values:
  load_level: 238327.7131929391
  wind_year: 2014
  solar_year: 2016
  price_year: 2023
  carbon_year: 2023
storage_values:
  CAES:
    cost: 28.7716
    lifetime: 23.0347
    annual_cost: 1.249054687059089
    efficiency: 0.60082
    discharge_ratio: 0.1
    depth_of_discharge: 0.4
  Li-ion:
    cost: 195.401
    lifetime: 25.8078
    annual_cost: 7.571393144708189
    efficiency: 0.873788
    discharge_ratio: 2
    depth_of_discharge: 0.9
  Pb-acid:
    cost: 157.259
    lifetime: 13.3042
    annual_cost: 11.820252251168803
    efficiency: 0.737327
    discharge_ratio: 5
    depth_of_discharge: 0.5
  VRBF:
    cost: 249.797
    lifetime: 19.7887
    annual_cost: 12.623214258642559
    efficiency: 0.756774
    discharge_ratio: 0.5
    depth_of_discharge: 1.0
