cost_values:
  wind_capex: 5000.0
  wind_opex: 100
  wind_lifetime: 20
  solar_capex: 1000.0
  solar_opex: 10
  solar_lifetime: 20
  carbon_price: 1.0
timeseries_values:
  load_level: 238327.7131929391
  wind_year: 2014
  solar_year: 2016
  price_year: 2023
  carbon_year: 2023
storage_values:
  CAES:
    cost: 22.1548
    lifetime: 22.9072
    annual_cost: 0.9671544317943704
    efficiency: 0.595233
    discharge_ratio: 0.1
    depth_of_discharge: 0.4
  Li-ion:
    cost: 192.83
    lifetime: 25.704
    annual_cost: 7.501945222533458
    efficiency: 0.868997
    discharge_ratio: 2
    depth_of_discharge: 0.9
  Pb-acid:
    cost: 169.15
    lifetime: 10.4619
    annual_cost: 16.16819124633193
    efficiency: 0.739486
    discharge_ratio: 5
    depth_of_discharge: 0.5
  VRBF:
    cost: 269.109
    lifetime: 18.8473
    annual_cost: 14.278384702318103
    efficiency: 0.751545
    discharge_ratio: 0.5
    depth_of_discharge: 1.0
