cost_values:
  wind_capex: 5000.0
  wind_opex: 100
  wind_lifetime: 20
  solar_capex: 1000.0
  solar_opex: 10
  solar_lifetime: 20
  carbon_price: 1.0
timeseries_values:
  load_level: 238327.7131929391
  wind_year: 2014
  solar_year: 2016
  price_year: 2023
  carbon_year: 2023
storage_values:
  CAES:
    cost: 39.2809
    lifetime: 23.2026
    annual_cost: 1.692952513942403
    efficiency: 0.59917
    discharge_ratio: 0.1
    depth_of_discharge: 0.4
  Li-ion:
    cost: 202.142
    lifetime: 24.5724
    annual_cost: 8.226384073187806
    efficiency: 0.874585
    discharge_ratio: 2
    depth_of_discharge: 0.9
  Pb-acid:
    cost: 158.453
    lifetime: 12.2169
    annual_cost: 12.96998420221169
    efficiency: 0.728314
    discharge_ratio: 5
    depth_of_discharge: 0.5
  VRBF:
    cost: 260.253
    lifetime: 20.7125
    annual_cost: 12.565021122510561
    efficiency: 0.732213
    discharge_ratio: 0.5
    depth_of_discharge: 1.0
