cost_values:
  wind_capex: 5000.0
  wind_opex: 100
  wind_lifetime: 20
  solar_capex: 1000.0
  solar_opex: 10
  solar_lifetime: 20
  carbon_price: 1.0
timeseries_values:
  load_level: 238327.7131929391
  wind_year: 2014
  solar_year: 2016
  price_year: 2023
  carbon_year: 2023
storage_values:
  CAES:
    cost: 31.3605
    lifetime: 22.4339
    annual_cost: 1.3979067393542806
    efficiency: 0.610309
    discharge_ratio: 0.1
    depth_of_discharge: 0.4
  Li-ion:
    cost: 223.901
    lifetime: 23.1334
    annual_cost: 9.678689686773236
    efficiency: 0.869544
    discharge_ratio: 2
    depth_of_discharge: 0.9
  Pb-acid:
    cost: 140.549
    lifetime: 12.5421
    annual_cost: 11.206177593863867
    efficiency: 0.722648
    discharge_ratio: 5
    depth_of_discharge: 0.5
  VRBF:
    cost: 287.734
    lifetime: 20.9389
    annual_cost: 13.741600561634087
    efficiency: 0.737761
    discharge_ratio: 0.5
    depth_of_discharge: 1.0
