cost_values:
  wind_capex: 5000.0
  wind_opex: 100
  wind_lifetime: 20
  solar_capex: 1000.0
  solar_opex: 10
  solar_lifetime: 20
  carbon_price: 1.0
timeseries_values:
  load_level: 238327.7131929391
  wind_year: 2014
  solar_year: 2016
  price_year: 2023
  carbon_year: 2023
storage_values:
  CAES:
    cost: 30.381
    lifetime: 23.3619
    annual_cost: 1.3004507338872267
    efficiency: 0.60753
    discharge_ratio: 0.1
    depth_of_discharge: 0.4
  Li-ion:
    cost: 226.956
    lifetime: 25.1844
    annual_cost: 9.011769190451231
    efficiency: 0.889512
    discharge_ratio: 2
    depth_of_discharge: 0.9
  Pb-acid:
    cost: 158.635
    lifetime: 12.8757
    annual_cost: 12.320495196377673
    efficiency: 0.724378
    discharge_ratio: 5
    depth_of_discharge: 0.5
  VRBF:
    cost: 293.344
    lifetime: 19.8964
    annual_cost: 14.743571701413321
    efficiency: 0.756916
    discharge_ratio: 0.5
    depth_of_discharge: 1.0
