cost_values:
  wind_capex: 5000.0
  wind_opex: 100
  wind_lifetime: 20
  solar_capex: 1000.0
  solar_opex: 10
  solar_lifetime: 20
  carbon_price: 1.0
timeseries_values:
  load_level: 259980.0270870072
  wind_year: 2011
  solar_year: 2015
  price_year: 2023
  carbon_year: 2023
storage_values:
  CAES:
    cost: 35.5145
    lifetime: 25.8413
    annual_cost: 1.3743310127586459
    efficiency: 0.557272
    discharge_ratio: 0.1
    depth_of_discharge: 0.4
  Li-ion:
    cost: 206.502
    lifetime: 19.4993
    annual_cost: 10.590226315816464
    efficiency: 0.896547
    discharge_ratio: 2
    depth_of_discharge: 0.9
  Pb-acid:
    cost: 236.862
    lifetime: 16.6421
    annual_cost: 14.23269899832353
    efficiency: 0.713717
    discharge_ratio: 5
    depth_of_discharge: 0.5
  VRBF:
    cost: 275.033
    lifetime: 16.6746
    annual_cost: 16.494128794693726
    efficiency: 0.84813
    discharge_ratio: 0.5
    depth_of_discharge: 1.0
