cost_values:
  wind_capex: 5000.0
  wind_opex: 100
  wind_lifetime: 20
  solar_capex: 1000.0
  solar_opex: 10
  solar_lifetime: 20
  carbon_price: 1.0
timeseries_values:
  load_level: 259980.0270870072
  wind_year: 2011
  solar_year: 2015
  price_year: 2023
  carbon_year: 2023
storage_values:
  CAES:
    cost: 40.6643
    lifetime: 24.2459
    annual_cost: 1.6771619119108798
    efficiency: 0.561422
    discharge_ratio: 0.1
    depth_of_discharge: 0.4
  Li-ion:
    cost: 212.336
    lifetime: 20.648
    annual_cost: 10.283611003487021
    efficiency: 0.909011
    discharge_ratio: 2
    depth_of_discharge: 0.9
  Pb-acid:
    cost: 249.583
    lifetime: 14.0391
    annual_cost: 17.77770654814055
    efficiency: 0.716414
    discharge_ratio: 5
    depth_of_discharge: 0.5
  VRBF:
    cost: 264.532
    lifetime: 22.5584
    annual_cost: 11.726540889424781
    efficiency: 0.813516
    discharge_ratio: 0.5
    depth_of_discharge: 1.0
