cost_values:
  wind_capex: 5000.0
  wind_opex: 100
  wind_lifetime: 20
  solar_capex: 1000.0
  solar_opex: 10
  solar_lifetime: 20
  carbon_price: 1.0
timeseries_values:
  load_level: 259980.0270870072
  wind_year: 2011
  solar_year: 2015
  price_year: 2023
  carbon_year: 2023
storage_values:
  CAES:
    cost: 33.1713
    lifetime: 25.8374
    annual_cost: 1.2838482200221386
    efficiency: 0.555692
    discharge_ratio: 0.1
    depth_of_discharge: 0.4
  Li-ion:
    cost: 216.103
    lifetime: 20.299
    annual_cost: 10.64599241341938
    efficiency: 0.8985
    discharge_ratio: 2
    depth_of_discharge: 0.9
  Pb-acid:
    cost: 234.527
    lifetime: 14.9635
    annual_cost: 15.673271627627226
    efficiency: 0.720965
    discharge_ratio: 5
    depth_of_discharge: 0.5
  VRBF:
    cost: 250.512
    lifetime: 19.0468
    annual_cost: 13.152445555158872
    efficiency: 0.838719
    discharge_ratio: 0.5
    depth_of_discharge: 1.0
