cost_values:
  wind_capex: 5000.0
  wind_opex: 100
  wind_lifetime: 20
  solar_capex: 1000.0
  solar_opex: 10
  solar_lifetime: 20
  carbon_price: 1.0
timeseries_values:
  load_level: 259980.0270870072
  wind_year: 2011
  solar_year: 2015
  price_year: 2023
  carbon_year: 2023
storage_values:
  CAES:
    cost: 32.4333
    lifetime: 25.0162
    annual_cost: 1.2964918732661237
    efficiency: 0.557811
    discharge_ratio: 0.1
    depth_of_discharge: 0.4
  Li-ion:
    cost: 242.525
    lifetime: 20.9693
    annual_cost: 11.565717501299519
    efficiency: 0.909669
    discharge_ratio: 2
    depth_of_discharge: 0.9
  Pb-acid:
    cost: 245.372
    lifetime: 16.0124
    annual_cost: 15.323873997651821
    efficiency: 0.717174
    discharge_ratio: 5
    depth_of_discharge: 0.5
  VRBF:
    cost: 253.855
    lifetime: 17.4907
    annual_cost: 14.513713001766652
    efficiency: 0.838572
    discharge_ratio: 0.5
    depth_of_discharge: 1.0
