cost_values:
  wind_capex: 5000.0
  wind_opex: 100
  wind_lifetime: 20
  solar_capex: 1000.0
  solar_opex: 10
  solar_lifetime: 20
  carbon_price: 1.0
timeseries_values:
  load_level: 259980.0270870072
  wind_year: 2011
  solar_year: 2015
  price_year: 2023
  carbon_year: 2023
storage_values:
  CAES:
    cost: 31.0959
    lifetime: 24.9843
    annual_cost: 1.2446176198652754
    efficiency: 0.552192
    discharge_ratio: 0.1
    depth_of_discharge: 0.4
  Li-ion:
    cost: 228.077
    lifetime: 19.9723
    annual_cost: 11.419666237739268
    efficiency: 0.909864
    discharge_ratio: 2
    depth_of_discharge: 0.9
  Pb-acid:
    cost: 236.409
    lifetime: 13.9446
    annual_cost: 16.95344434404716
    efficiency: 0.704317
    discharge_ratio: 5
    depth_of_discharge: 0.5
  VRBF:
    cost: 300.206
    lifetime: 20.5549
    annual_cost: 14.60508199991243
    efficiency: 0.821616
    discharge_ratio: 0.5
    depth_of_discharge: 1.0
