cost_values:
  wind_capex: 5000.0
  wind_opex: 100
  wind_lifetime: 20
  solar_capex: 1000.0
  solar_opex: 10
  solar_lifetime: 20
  carbon_price: 1.0
timeseries_values:
  load_level: 259980.0270870072
  wind_year: 2011
  solar_year: 2015
  price_year: 2023
  carbon_year: 2023
storage_values:
  CAES:
    cost: 44.8818
    lifetime: 25.4605
    annual_cost: 1.7628012018617074
    efficiency: 0.550529
    discharge_ratio: 0.1
    depth_of_discharge: 0.4
  Li-ion:
    cost: 244.532
    lifetime: 19.9913
    annual_cost: 12.23192088558523
    efficiency: 0.898507
    discharge_ratio: 2
    depth_of_discharge: 0.9
  Pb-acid:
    cost: 223.32
    lifetime: 17.2636
    annual_cost: 12.935888227252716
    efficiency: 0.722687
    discharge_ratio: 5
    depth_of_discharge: 0.5
  VRBF:
    cost: 243.923
    lifetime: 19.4122
    annual_cost: 12.565448532366245
    efficiency: 0.808395
    discharge_ratio: 0.5
    depth_of_discharge: 1.0
