cost_values:
  wind_capex: 5000.0
  wind_opex: 100
  wind_lifetime: 20
  solar_capex: 1000.0
  solar_opex: 10
  solar_lifetime: 20
  carbon_price: 1.0
timeseries_values:
  load_level: 259980.0270870072
  wind_year: 2011
  solar_year: 2015
  price_year: 2023
  carbon_year: 2023
storage_values:
  CAES:
    cost: 40.8813
    lifetime: 25.3768
    annual_cost: 1.610971438479241
    efficiency: 0.561155
    discharge_ratio: 0.1
    depth_of_discharge: 0.4
  Li-ion:
    cost: 212.629
    lifetime: 19.9506
    annual_cost: 10.657774703517687
    efficiency: 0.894335
    discharge_ratio: 2
    depth_of_discharge: 0.9
  Pb-acid:
    cost: 221.006
    lifetime: 14.2274
    annual_cost: 15.533829090346796
    efficiency: 0.729699
    discharge_ratio: 5
    depth_of_discharge: 0.5
  VRBF:
    cost: 294.639
    lifetime: 20.6419
    annual_cost: 14.273831381801095
    efficiency: 0.826354
    discharge_ratio: 0.5
    depth_of_discharge: 1.0
