cost_values:
  wind_capex: 5000.0
  wind_opex: 100
  wind_lifetime: 20
  solar_capex: 1000.0
  solar_opex: 10
  solar_lifetime: 20
  carbon_price: 1.0
timeseries_values:
  load_level: 259980.0270870072
  wind_year: 2011
  solar_year: 2015
  price_year: 2023
  carbon_year: 2023
storage_values:
  CAES:
    cost: 37.6828
    lifetime: 25.572
    annual_cost: 1.473596120757078
    efficiency: 0.560313
    discharge_ratio: 0.1
    depth_of_discharge: 0.4
  Li-ion:
    cost: 225.009
    lifetime: 20.6577
    annual_cost: 10.892258092624058
    efficiency: 0.895508
    discharge_ratio: 2
    depth_of_discharge: 0.9
  Pb-acid:
    cost: 242.536
    lifetime: 14.9796
    annual_cost: 16.191086544367007
    efficiency: 0.704467
    discharge_ratio: 5
    depth_of_discharge: 0.5
  VRBF:
    cost: 278.657
    lifetime: 18.1611
    annual_cost: 15.343619053911931
    efficiency: 0.835816
    discharge_ratio: 0.5
    depth_of_discharge: 1.0
