cost_values:
  wind_capex: 5000.0
  wind_opex: 100
  wind_lifetime: 20
  solar_capex: 1000.0
  solar_opex: 10
  solar_lifetime: 20
  carbon_price: 1.0
timeseries_values:
  load_level: 259980.0270870072
  wind_year: 2011
  solar_year: 2015
  price_year: 2023
  carbon_year: 2023
storage_values:
  CAES:
    cost: 35.0484
    lifetime: 25.9958
    annual_cost: 1.3482331761284516
    efficiency: 0.558887
    discharge_ratio: 0.1
    depth_of_discharge: 0.4
  Li-ion:
    cost: 228.581
    lifetime: 22.6933
    annual_cost: 10.072620553202928
    efficiency: 0.887615
    discharge_ratio: 2
    depth_of_discharge: 0.9
  Pb-acid:
    cost: 239.913
    lifetime: 14.9314
    annual_cost: 16.067682869657233
    efficiency: 0.733387
    discharge_ratio: 5
    depth_of_discharge: 0.5
  VRBF:
    cost: 309.571
    lifetime: 22.2746
    annual_cost: 13.897937561168328
    efficiency: 0.822999
    discharge_ratio: 0.5
    depth_of_discharge: 1.0
