cost_values:
  wind_capex: 5000.0
  wind_opex: 100
  wind_lifetime: 20
  solar_capex: 1000.0
  solar_opex: 10
  solar_lifetime: 20
  carbon_price: 1.0
timeseries_values:
  load_level: 259980.0270870072
  wind_year: 2011
  solar_year: 2015
  price_year: 2023
  carbon_year: 2023
storage_values:
  CAES:
    cost: 33.7877
    lifetime: 25.1568
    annual_cost: 1.343084176047828
    efficiency: 0.554066
    discharge_ratio: 0.1
    depth_of_discharge: 0.4
  Li-ion:
    cost: 238.074
    lifetime: 19.2012
    annual_cost: 12.398912567964503
    efficiency: 0.908781
    discharge_ratio: 2
    depth_of_discharge: 0.9
  Pb-acid:
    cost: 222.561
    lifetime: 13.9098
    annual_cost: 16.00030194539102
    efficiency: 0.716362
    discharge_ratio: 5
    depth_of_discharge: 0.5
  VRBF:
    cost: 241.829
    lifetime: 20.2701
    annual_cost: 11.930330881446071
    efficiency: 0.840183
    discharge_ratio: 0.5
    depth_of_discharge: 1.0
