cost_values:
  wind_capex: 5000.0
  wind_opex: 100
  wind_lifetime: 20
  solar_capex: 1000.0
  solar_opex: 10
  solar_lifetime: 20
  carbon_price: 1.0
timeseries_values:
  load_level: 259980.0270870072
  wind_year: 2011
  solar_year: 2015
  price_year: 2023
  carbon_year: 2023
storage_values:
  CAES:
    cost: 38.6398
    lifetime: 26.3717
    annual_cost: 1.4651994372755643
    efficiency: 0.556054
    discharge_ratio: 0.1
    depth_of_discharge: 0.4
  Li-ion:
    cost: 226.547
    lifetime: 20.9613
    annual_cost: 10.807869740903474
    efficiency: 0.885692
    discharge_ratio: 2
    depth_of_discharge: 0.9
  Pb-acid:
    cost: 245.306
    lifetime: 15.7988
    annual_cost: 15.526875458895613
    efficiency: 0.712863
    discharge_ratio: 5
    depth_of_discharge: 0.5
  VRBF:
    cost: 257.532
    lifetime: 19.8674
    annual_cost: 12.962541651147104
    efficiency: 0.814288
    discharge_ratio: 0.5
    depth_of_discharge: 1.0
