cost_values:
  wind_capex: 5000.0
  wind_opex: 100
  wind_lifetime: 20
  solar_capex: 1000.0
  solar_opex: 10
  solar_lifetime: 20
  carbon_price: 1.0
timeseries_values:
  load_level: 259980.0270870072
  wind_year: 2011
  solar_year: 2015
  price_year: 2023
  carbon_year: 2023
storage_values:
  CAES:
    cost: 37.7579
    lifetime: 25.6169
    annual_cost: 1.4739449347891431
    efficiency: 0.559809
    discharge_ratio: 0.1
    depth_of_discharge: 0.4
  Li-ion:
    cost: 235.323
    lifetime: 20.9938
    annual_cost: 11.209166515828484
    efficiency: 0.892756
    discharge_ratio: 2
    depth_of_discharge: 0.9
  Pb-acid:
    cost: 247.327
    lifetime: 12.9408
    annual_cost: 19.1121878090999
    efficiency: 0.714885
    discharge_ratio: 5
    depth_of_discharge: 0.5
  VRBF:
    cost: 270.495
    lifetime: 18.8345
    annual_cost: 14.361676710292285
    efficiency: 0.813993
    discharge_ratio: 0.5
    depth_of_discharge: 1.0
