cost_values:
  wind_capex: 5000.0
  wind_opex: 100
  wind_lifetime: 20
  solar_capex: 1000.0
  solar_opex: 10
  solar_lifetime: 20
  carbon_price: 1.0
timeseries_values:
  load_level: 259980.0270870072
  wind_year: 2011
  solar_year: 2015
  price_year: 2023
  carbon_year: 2023
storage_values:
  CAES:
    cost: 38.6489
    lifetime: 24.9707
    annual_cost: 1.5477699864240888
    efficiency: 0.557783
    discharge_ratio: 0.1
    depth_of_discharge: 0.4
  Li-ion:
    cost: 216.311
    lifetime: 22.1716
    annual_cost: 9.756219668404626
    efficiency: 0.900439
    discharge_ratio: 2
    depth_of_discharge: 0.9
  Pb-acid:
    cost: 241.642
    lifetime: 15.8268
    annual_cost: 15.26790001769151
    efficiency: 0.703841
    discharge_ratio: 5
    depth_of_discharge: 0.5
  VRBF:
    cost: 282.144
    lifetime: 20.1068
    annual_cost: 14.032267690532557
    efficiency: 0.826364
    discharge_ratio: 0.5
    depth_of_discharge: 1.0
