cost_values:
  wind_capex: 5000.0
  wind_opex: 100
  wind_lifetime: 20
  solar_capex: 1000.0
  solar_opex: 10
  solar_lifetime: 20
  carbon_price: 1.0
timeseries_values:
  load_level: 259980.0270870072
  wind_year: 2011
  solar_year: 2015
  price_year: 2023
  carbon_year: 2023
storage_values:
  CAES:
    cost: 37.2212
    lifetime: 25.5018
    annual_cost: 1.4595518747696243
    efficiency: 0.567618
    discharge_ratio: 0.1
    depth_of_discharge: 0.4
  Li-ion:
    cost: 220.38
    lifetime: 21.8736
    annual_cost: 10.075159095896423
    efficiency: 0.897546
    discharge_ratio: 2
    depth_of_discharge: 0.9
  Pb-acid:
    cost: 236.489
    lifetime: 14.2867
    annual_cost: 16.553087836939252
    efficiency: 0.718205
    discharge_ratio: 5
    depth_of_discharge: 0.5
  VRBF:
    cost: 269.232
    lifetime: 20.9907
    annual_cost: 12.826251625719962
    efficiency: 0.837613
    discharge_ratio: 0.5
    depth_of_discharge: 1.0
