cost_values:
  wind_capex: 5000.0
  wind_opex: 100
  wind_lifetime: 20
  solar_capex: 1000.0
  solar_opex: 10
  solar_lifetime: 20
  carbon_price: 1.0
timeseries_values:
  load_level: 259980.0270870072
  wind_year: 2011
  solar_year: 2015
  price_year: 2023
  carbon_year: 2023
storage_values:
  CAES:
    cost: 39.4412
    lifetime: 26.3781
    annual_cost: 1.4952252057578068
    efficiency: 0.552179
    discharge_ratio: 0.1
    depth_of_discharge: 0.4
  Li-ion:
    cost: 226.675
    lifetime: 20.432
    annual_cost: 11.094117071260769
    efficiency: 0.898157
    discharge_ratio: 2
    depth_of_discharge: 0.9
  Pb-acid:
    cost: 233.942
    lifetime: 14.9914
    annual_cost: 15.605080246007711
    efficiency: 0.722521
    discharge_ratio: 5
    depth_of_discharge: 0.5
  VRBF:
    cost: 309.7
    lifetime: 21.537
    annual_cost: 14.379904350652366
    efficiency: 0.840916
    discharge_ratio: 0.5
    depth_of_discharge: 1.0
