cost_values:
  wind_capex: 5000.0
  wind_opex: 100
  wind_lifetime: 20
  solar_capex: 1000.0
  solar_opex: 10
  solar_lifetime: 20
  carbon_price: 1.0
timeseries_values:
  load_level: 259980.0270870072
  wind_year: 2011
  solar_year: 2015
  price_year: 2023
  carbon_year: 2023
storage_values:
  CAES:
    cost: 36.5294
    lifetime: 26.1196
    annual_cost: 1.3985436224138197
    efficiency: 0.555132
    discharge_ratio: 0.1
    depth_of_discharge: 0.4
  Li-ion:
    cost: 232.47
    lifetime: 18.0554
    annual_cost: 12.87537246474739
    efficiency: 0.888672
    discharge_ratio: 2
    depth_of_discharge: 0.9
  Pb-acid:
    cost: 238.735
    lifetime: 15.5455
    annual_cost: 15.357177318194976
    efficiency: 0.720352
    discharge_ratio: 5
    depth_of_discharge: 0.5
  VRBF:
    cost: 271.948
    lifetime: 21.2793
    annual_cost: 12.779931670684656
    efficiency: 0.83859
    discharge_ratio: 0.5
    depth_of_discharge: 1.0
