cost_values:
  wind_capex: 5000.0
  wind_opex: 100
  wind_lifetime: 20
  solar_capex: 1000.0
  solar_opex: 10
  solar_lifetime: 20
  carbon_price: 1.0
timeseries_values:
  load_level: 259980.0270870072
  wind_year: 2011
  solar_year: 2015
  price_year: 2023
  carbon_year: 2023
storage_values:
  CAES:
    cost: 42.7586
    lifetime: 25.1951
    annual_cost: 1.697099832904017
    efficiency: 0.556759
    discharge_ratio: 0.1
    depth_of_discharge: 0.4
  Li-ion:
    cost: 233.057
    lifetime: 21.4042
    annual_cost: 10.888377047495352
    efficiency: 0.902797
    discharge_ratio: 2
    depth_of_discharge: 0.9
  Pb-acid:
    cost: 239.993
    lifetime: 14.2672
    annual_cost: 16.82131041830212
    efficiency: 0.731235
    discharge_ratio: 5
    depth_of_discharge: 0.5
  VRBF:
    cost: 275.203
    lifetime: 20.6773
    annual_cost: 13.309426279059645
    efficiency: 0.831449
    discharge_ratio: 0.5
    depth_of_discharge: 1.0
