cost_values:
  wind_capex: 5000.0
  wind_opex: 100
  wind_lifetime: 20
  solar_capex: 1000.0
  solar_opex: 10
  solar_lifetime: 20
  carbon_price: 1.0
timeseries_values:
  load_level: 259980.0270870072
  wind_year: 2011
  solar_year: 2015
  price_year: 2023
  carbon_year: 2023
storage_values:
  CAES:
    cost: 35.7869
    lifetime: 25.4738
    annual_cost: 1.4048512589405586
    efficiency: 0.569608
    discharge_ratio: 0.1
    depth_of_discharge: 0.4
  Li-ion:
    cost: 212.655
    lifetime: 22.9062
    annual_cost: 9.28373104225057
    efficiency: 0.887283
    discharge_ratio: 2
    depth_of_discharge: 0.9
  Pb-acid:
    cost: 245.186
    lifetime: 15.2506
    annual_cost: 16.07713794867087
    efficiency: 0.724994
    discharge_ratio: 5
    depth_of_discharge: 0.5
  VRBF:
    cost: 228.559
    lifetime: 18.7544
    annual_cost: 12.186953461587681
    efficiency: 0.836587
    discharge_ratio: 0.5
    depth_of_discharge: 1.0
