cost_values:
  wind_capex: 5000.0
  wind_opex: 100
  wind_lifetime: 20
  solar_capex: 1000.0
  solar_opex: 10
  solar_lifetime: 20
  carbon_price: 1.0
timeseries_values:
  load_level: 259980.0270870072
  wind_year: 2011
  solar_year: 2015
  price_year: 2023
  carbon_year: 2023
storage_values:
  CAES:
    cost: 41.2184
    lifetime: 25.0741
    annual_cost: 1.643863588324207
    efficiency: 0.561548
    discharge_ratio: 0.1
    depth_of_discharge: 0.4
  Li-ion:
    cost: 238.097
    lifetime: 21.256
    annual_cost: 11.201401957094468
    efficiency: 0.893673
    discharge_ratio: 2
    depth_of_discharge: 0.9
  Pb-acid:
    cost: 220.276
    lifetime: 14.9611
    annual_cost: 14.723248958966922
    efficiency: 0.714197
    discharge_ratio: 5
    depth_of_discharge: 0.5
  VRBF:
    cost: 258.511
    lifetime: 20.2104
    annual_cost: 12.790988797846655
    efficiency: 0.81198
    discharge_ratio: 0.5
    depth_of_discharge: 1.0
