cost_values:
  wind_capex: 5000.0
  wind_opex: 100
  wind_lifetime: 20
  solar_capex: 1000.0
  solar_opex: 10
  solar_lifetime: 20
  carbon_price: 1.0
timeseries_values:
  load_level: 259980.0270870072
  wind_year: 2011
  solar_year: 2015
  price_year: 2023
  carbon_year: 2023
storage_values:
  CAES:
    cost: 36.3271
    lifetime: 25.7598
    annual_cost: 1.4102244582644277
    efficiency: 0.562509
    discharge_ratio: 0.1
    depth_of_discharge: 0.4
  Li-ion:
    cost: 231.839
    lifetime: 21.5413
    annual_cost: 10.762535223036679
    efficiency: 0.879898
    discharge_ratio: 2
    depth_of_discharge: 0.9
  Pb-acid:
    cost: 239.898
    lifetime: 14.8623
    annual_cost: 16.141377848650613
    efficiency: 0.720223
    discharge_ratio: 5
    depth_of_discharge: 0.5
  VRBF:
    cost: 307.132
    lifetime: 18.2933
    annual_cost: 16.789316307063242
    efficiency: 0.816222
    discharge_ratio: 0.5
    depth_of_discharge: 1.0
