cost_values:
  wind_capex: 5000.0
  wind_opex: 100
  wind_lifetime: 20
  solar_capex: 1000.0
  solar_opex: 10
  solar_lifetime: 20
  carbon_price: 1.0
timeseries_values:
  load_level: 259980.0270870072
  wind_year: 2011
  solar_year: 2015
  price_year: 2023
  carbon_year: 2023
storage_values:
  CAES:
    cost: 40.0574
    lifetime: 25.4308
    annual_cost: 1.5751529641222455
    efficiency: 0.550517
    discharge_ratio: 0.1
    depth_of_discharge: 0.4
  Li-ion:
    cost: 218.184
    lifetime: 21.3965
    annual_cost: 10.19718178206716
    efficiency: 0.897935
    discharge_ratio: 2
    depth_of_discharge: 0.9
  Pb-acid:
    cost: 236.796
    lifetime: 14.0159
    annual_cost: 16.89481232029338
    efficiency: 0.709401
    discharge_ratio: 5
    depth_of_discharge: 0.5
  VRBF:
    cost: 288.589
    lifetime: 20.3478
    annual_cost: 14.182810918133656
    efficiency: 0.826677
    discharge_ratio: 0.5
    depth_of_discharge: 1.0
