cost_values:
  wind_capex: 5000.0
  wind_opex: 100
  wind_lifetime: 20
  solar_capex: 1000.0
  solar_opex: 10
  solar_lifetime: 20
  carbon_price: 1.0
timeseries_values:
  load_level: 259980.0270870072
  wind_year: 2011
  solar_year: 2015
  price_year: 2023
  carbon_year: 2023
storage_values:
  CAES:
    cost: 36.3746
    lifetime: 25.6412
    annual_cost: 1.418599753521676
    efficiency: 0.556205
    discharge_ratio: 0.1
    depth_of_discharge: 0.4
  Li-ion:
    cost: 203.025
    lifetime: 21.283
    annual_cost: 9.539303669595451
    efficiency: 0.900355
    discharge_ratio: 2
    depth_of_discharge: 0.9
  Pb-acid:
    cost: 220.191
    lifetime: 14.0351
    annual_cost: 15.688595022479356
    efficiency: 0.722174
    discharge_ratio: 5
    depth_of_discharge: 0.5
  VRBF:
    cost: 288.3
    lifetime: 21.4137
    annual_cost: 13.46334356043094
    efficiency: 0.83238
    discharge_ratio: 0.5
    depth_of_discharge: 1.0
