cost_values:
  wind_capex: 5000.0
  wind_opex: 100
  wind_lifetime: 20
  solar_capex: 1000.0
  solar_opex: 10
  solar_lifetime: 20
  carbon_price: 1.0
timeseries_values:
  load_level: 259980.0270870072
  wind_year: 2011
  solar_year: 2015
  price_year: 2023
  carbon_year: 2023
storage_values:
  CAES:
    cost: 36.5193
    lifetime: 25.569
    annual_cost: 1.4282646955297431
    efficiency: 0.560576
    discharge_ratio: 0.1
    depth_of_discharge: 0.4
  Li-ion:
    cost: 208.286
    lifetime: 20.0658
    annual_cost: 10.380149308774133
    efficiency: 0.876462
    discharge_ratio: 2
    depth_of_discharge: 0.9
  Pb-acid:
    cost: 225.376
    lifetime: 15.3932
    annual_cost: 14.641270171244445
    efficiency: 0.695585
    discharge_ratio: 5
    depth_of_discharge: 0.5
  VRBF:
    cost: 282.131
    lifetime: 18.6916
    annual_cost: 15.093999443600332
    efficiency: 0.842164
    discharge_ratio: 0.5
    depth_of_discharge: 1.0
