cost_values:
  wind_capex: 5000.0
  wind_opex: 100
  wind_lifetime: 20
  solar_capex: 1000.0
  solar_opex: 10
  solar_lifetime: 20
  carbon_price: 1.0
timeseries_values:
  load_level: 259980.0270870072
  wind_year: 2011
  solar_year: 2015
  price_year: 2023
  carbon_year: 2023
storage_values:
  CAES:
    cost: 41.2747
    lifetime: 24.9366
    annual_cost: 1.6551855505562107
    efficiency: 0.553915
    discharge_ratio: 0.1
    depth_of_discharge: 0.4
  Li-ion:
    cost: 207.636
    lifetime: 20.3449
    annual_cost: 10.205800962403355
    efficiency: 0.885301
    discharge_ratio: 2
    depth_of_discharge: 0.9
  Pb-acid:
    cost: 246.159
    lifetime: 15.4797
    annual_cost: 15.902052365355917
    efficiency: 0.709456
    discharge_ratio: 5
    depth_of_discharge: 0.5
  VRBF:
    cost: 275.092
    lifetime: 21.9053
    annual_cost: 12.558239330207757
    efficiency: 0.828847
    discharge_ratio: 0.5
    depth_of_discharge: 1.0
