cost_values:
  wind_capex: 5000.0
  wind_opex: 100
  wind_lifetime: 20
  solar_capex: 1000.0
  solar_opex: 10
  solar_lifetime: 20
  carbon_price: 1.0
timeseries_values:
  load_level: 259980.0270870072
  wind_year: 2011
  solar_year: 2015
  price_year: 2023
  carbon_year: 2023
storage_values:
  CAES:
    cost: 33.7021
    lifetime: 26.1995
    annual_cost: 1.286364243592435
    efficiency: 0.553467
    discharge_ratio: 0.1
    depth_of_discharge: 0.4
  Li-ion:
    cost: 234.032
    lifetime: 21.5982
    annual_cost: 10.835717791297425
    efficiency: 0.908155
    discharge_ratio: 2
    depth_of_discharge: 0.9
  Pb-acid:
    cost: 226.408
    lifetime: 15.8385
    annual_cost: 14.29478801654197
    efficiency: 0.710034
    discharge_ratio: 5
    depth_of_discharge: 0.5
  VRBF:
    cost: 288.59
    lifetime: 23.1874
    annual_cost: 12.445983594538411
    efficiency: 0.846769
    discharge_ratio: 0.5
    depth_of_discharge: 1.0
