cost_values:
  wind_capex: 5000.0
  wind_opex: 100
  wind_lifetime: 20
  solar_capex: 1000.0
  solar_opex: 10
  solar_lifetime: 20
  carbon_price: 1.0
timeseries_values:
  load_level: 259980.0270870072
  wind_year: 2011
  solar_year: 2015
  price_year: 2023
  carbon_year: 2023
storage_values:
  CAES:
    cost: 42.2832
    lifetime: 24.4928
    annual_cost: 1.7263522341259474
    efficiency: 0.551694
    discharge_ratio: 0.1
    depth_of_discharge: 0.4
  Li-ion:
    cost: 217.865
    lifetime: 22.9514
    annual_cost: 9.492449262354366
    efficiency: 0.893776
    discharge_ratio: 2
    depth_of_discharge: 0.9
  Pb-acid:
    cost: 239.881
    lifetime: 14.5064
    annual_cost: 16.536218496663544
    efficiency: 0.717683
    discharge_ratio: 5
    depth_of_discharge: 0.5
  VRBF:
    cost: 272.648
    lifetime: 20.4099
    annual_cost: 13.358615181848025
    efficiency: 0.819352
    discharge_ratio: 0.5
    depth_of_discharge: 1.0
