cost_values:
  wind_capex: 5000.0
  wind_opex: 100
  wind_lifetime: 20
  solar_capex: 1000.0
  solar_opex: 10
  solar_lifetime: 20
  carbon_price: 1.0
timeseries_values:
  load_level: 259980.0270870072
  wind_year: 2011
  solar_year: 2015
  price_year: 2023
  carbon_year: 2023
storage_values:
  CAES:
    cost: 36.6798
    lifetime: 25.3347
    annual_cost: 1.4478087366339447
    efficiency: 0.554205
    discharge_ratio: 0.1
    depth_of_discharge: 0.4
  Li-ion:
    cost: 226.647
    lifetime: 20.4406
    annual_cost: 11.088079606273789
    efficiency: 0.901832
    discharge_ratio: 2
    depth_of_discharge: 0.9
  Pb-acid:
    cost: 229.007
    lifetime: 16.5939
    annual_cost: 13.80067374155563
    efficiency: 0.720893
    discharge_ratio: 5
    depth_of_discharge: 0.5
  VRBF:
    cost: 271.565
    lifetime: 20.5695
    annual_cost: 13.20231410583631
    efficiency: 0.812985
    discharge_ratio: 0.5
    depth_of_discharge: 1.0
