cost_values:
  wind_capex: 5000.0
  wind_opex: 100
  wind_lifetime: 20
  solar_capex: 1000.0
  solar_opex: 10
  solar_lifetime: 20
  carbon_price: 1.0
timeseries_values:
  load_level: 259980.0270870072
  wind_year: 2011
  solar_year: 2015
  price_year: 2023
  carbon_year: 2023
storage_values:
  CAES:
    cost: 41.121
    lifetime: 24.451
    annual_cost: 1.6817717066786635
    efficiency: 0.561623
    discharge_ratio: 0.1
    depth_of_discharge: 0.4
  Li-ion:
    cost: 197.143
    lifetime: 21.1291
    annual_cost: 9.330402146802276
    efficiency: 0.90014
    discharge_ratio: 2
    depth_of_discharge: 0.9
  Pb-acid:
    cost: 234.079
    lifetime: 15.0543
    annual_cost: 15.548979361378478
    efficiency: 0.72186
    discharge_ratio: 5
    depth_of_discharge: 0.5
  VRBF:
    cost: 299.729
    lifetime: 17.99
    annual_cost: 16.660867148415786
    efficiency: 0.825069
    discharge_ratio: 0.5
    depth_of_discharge: 1.0
