cost_values:
  wind_capex: 5000.0
  wind_opex: 100
  wind_lifetime: 20
  solar_capex: 1000.0
  solar_opex: 10
  solar_lifetime: 20
  carbon_price: 1.0
timeseries_values:
  load_level: 259980.0270870072
  wind_year: 2011
  solar_year: 2015
  price_year: 2023
  carbon_year: 2023
storage_values:
  CAES:
    cost: 39.8433
    lifetime: 26.0553
    annual_cost: 1.5291821625542596
    efficiency: 0.563436
    discharge_ratio: 0.1
    depth_of_discharge: 0.4
  Li-ion:
    cost: 208.489
    lifetime: 22.3695
    annual_cost: 9.320235141599053
    efficiency: 0.884091
    discharge_ratio: 2
    depth_of_discharge: 0.9
  Pb-acid:
    cost: 206.474
    lifetime: 15.4889
    annual_cost: 13.33044954774064
    efficiency: 0.715604
    discharge_ratio: 5
    depth_of_discharge: 0.5
  VRBF:
    cost: 264.304
    lifetime: 21.4204
    annual_cost: 12.338891897443556
    efficiency: 0.846809
    discharge_ratio: 0.5
    depth_of_discharge: 1.0
