cost_values:
  wind_capex: 5000.0
  wind_opex: 100
  wind_lifetime: 20
  solar_capex: 1000.0
  solar_opex: 10
  solar_lifetime: 20
  carbon_price: 1.0
timeseries_values:
  load_level: 259980.0270870072
  wind_year: 2011
  solar_year: 2015
  price_year: 2023
  carbon_year: 2023
storage_values:
  CAES:
    cost: 40.4703
    lifetime: 25.2221
    annual_cost: 1.6045571145939475
    efficiency: 0.557889
    discharge_ratio: 0.1
    depth_of_discharge: 0.4
  Li-ion:
    cost: 202.114
    lifetime: 21.7186
    annual_cost: 9.306032617203687
    efficiency: 0.898633
    discharge_ratio: 2
    depth_of_discharge: 0.9
  Pb-acid:
    cost: 245.667
    lifetime: 15.1753
    annual_cost: 16.188609121401225
    efficiency: 0.723812
    discharge_ratio: 5
    depth_of_discharge: 0.5
  VRBF:
    cost: 282.431
    lifetime: 19.147
    annual_cost: 14.75066590066329
    efficiency: 0.848458
    discharge_ratio: 0.5
    depth_of_discharge: 1.0
