cost_values:
  wind_capex: 5000.0
  wind_opex: 100
  wind_lifetime: 20
  solar_capex: 1000.0
  solar_opex: 10
  solar_lifetime: 20
  carbon_price: 1.0
timeseries_values:
  load_level: 259980.0270870072
  wind_year: 2011
  solar_year: 2015
  price_year: 2023
  carbon_year: 2023
storage_values:
  CAES:
    cost: 40.2367
    lifetime: 26.2477
    annual_cost: 1.5329609832480562
    efficiency: 0.550659
    discharge_ratio: 0.1
    depth_of_discharge: 0.4
  Li-ion:
    cost: 216.505
    lifetime: 21.398
    annual_cost: 10.118001682400225
    efficiency: 0.900919
    discharge_ratio: 2
    depth_of_discharge: 0.9
  Pb-acid:
    cost: 218.105
    lifetime: 15.3896
    annual_cost: 14.17223319644435
    efficiency: 0.731494
    discharge_ratio: 5
    depth_of_discharge: 0.5
  VRBF:
    cost: 298.957
    lifetime: 19.1257
    annual_cost: 15.631166440966867
    efficiency: 0.807811
    discharge_ratio: 0.5
    depth_of_discharge: 1.0
