cost_values:
  wind_capex: 5000.0
  wind_opex: 100
  wind_lifetime: 20
  solar_capex: 1000.0
  solar_opex: 10
  solar_lifetime: 20
  carbon_price: 1.0
timeseries_values:
  load_level: 259980.0270870072
  wind_year: 2011
  solar_year: 2015
  price_year: 2023
  carbon_year: 2023
storage_values:
  CAES:
    cost: 46.2206
    lifetime: 25.7436
    annual_cost: 1.7954209978402398
    efficiency: 0.555102
    discharge_ratio: 0.1
    depth_of_discharge: 0.4
  Li-ion:
    cost: 230.67
    lifetime: 22.5022
    annual_cost: 10.250997680226822
    efficiency: 0.906834
    discharge_ratio: 2
    depth_of_discharge: 0.9
  Pb-acid:
    cost: 221.58
    lifetime: 16.2129
    annual_cost: 13.66689488000296
    efficiency: 0.707029
    discharge_ratio: 5
    depth_of_discharge: 0.5
  VRBF:
    cost: 272.379
    lifetime: 18.3659
    annual_cost: 14.830691662265394
    efficiency: 0.809328
    discharge_ratio: 0.5
    depth_of_discharge: 1.0
