cost_values:
  wind_capex: 5000.0
  wind_opex: 100
  wind_lifetime: 20
  solar_capex: 1000.0
  solar_opex: 10
  solar_lifetime: 20
  carbon_price: 1.0
timeseries_values:
  load_level: 259980.0270870072
  wind_year: 2011
  solar_year: 2015
  price_year: 2023
  carbon_year: 2023
storage_values:
  CAES:
    cost: 35.5778
    lifetime: 25.6601
    annual_cost: 1.3865027805815255
    efficiency: 0.557636
    discharge_ratio: 0.1
    depth_of_discharge: 0.4
  Li-ion:
    cost: 243.261
    lifetime: 19.7636
    annual_cost: 12.308536906231657
    efficiency: 0.892642
    discharge_ratio: 2
    depth_of_discharge: 0.9
  Pb-acid:
    cost: 238.169
    lifetime: 13.9192
    annual_cost: 17.110825334789357
    efficiency: 0.705695
    discharge_ratio: 5
    depth_of_discharge: 0.5
  VRBF:
    cost: 279.377
    lifetime: 19.0399
    annual_cost: 14.673238830035872
    efficiency: 0.825899
    discharge_ratio: 0.5
    depth_of_discharge: 1.0
