cost_values:
  wind_capex: 5000.0
  wind_opex: 100
  wind_lifetime: 20
  solar_capex: 1000.0
  solar_opex: 10
  solar_lifetime: 20
  carbon_price: 1.0
timeseries_values:
  load_level: 259980.0270870072
  wind_year: 2011
  solar_year: 2015
  price_year: 2023
  carbon_year: 2023
storage_values:
  CAES:
    cost: 37.0677
    lifetime: 24.4796
    annual_cost: 1.5142281736629684
    efficiency: 0.554797
    discharge_ratio: 0.1
    depth_of_discharge: 0.4
  Li-ion:
    cost: 241.259
    lifetime: 20.0151
    annual_cost: 12.05384934374547
    efficiency: 0.912747
    discharge_ratio: 2
    depth_of_discharge: 0.9
  Pb-acid:
    cost: 226.128
    lifetime: 14.4824
    annual_cost: 15.613986632049935
    efficiency: 0.693076
    discharge_ratio: 5
    depth_of_discharge: 0.5
  VRBF:
    cost: 269.567
    lifetime: 19.3118
    annual_cost: 13.958667757536842
    efficiency: 0.817901
    discharge_ratio: 0.5
    depth_of_discharge: 1.0
