cost_values:
  wind_capex: 5000.0
  wind_opex: 100
  wind_lifetime: 20
  solar_capex: 1000.0
  solar_opex: 10
  solar_lifetime: 20
  carbon_price: 1.0
timeseries_values:
  load_level: 259980.0270870072
  wind_year: 2011
  solar_year: 2015
  price_year: 2023
  carbon_year: 2023
storage_values:
  CAES:
    cost: 32.1512
    lifetime: 25.394
    annual_cost: 1.266094352996771
    efficiency: 0.560599
    discharge_ratio: 0.1
    depth_of_discharge: 0.4
  Li-ion:
    cost: 211.987
    lifetime: 19.5941
    annual_cost: 10.818919981014693
    efficiency: 0.901403
    discharge_ratio: 2
    depth_of_discharge: 0.9
  Pb-acid:
    cost: 219.848
    lifetime: 13.3098
    annual_cost: 16.517753835519695
    efficiency: 0.715784
    discharge_ratio: 5
    depth_of_discharge: 0.5
  VRBF:
    cost: 241.38
    lifetime: 20.6076
    annual_cost: 11.71315437023234
    efficiency: 0.83019
    discharge_ratio: 0.5
    depth_of_discharge: 1.0
