cost_values:
  wind_capex: 5000.0
  wind_opex: 100
  wind_lifetime: 20
  solar_capex: 1000.0
  solar_opex: 10
  solar_lifetime: 20
  carbon_price: 1.0
timeseries_values:
  load_level: 221803.70241160263
  wind_year: 2011
  solar_year: 2013
  price_year: 2023
  carbon_year: 2023
storage_values:
  CAES:
    cost: 74.0807
    lifetime: 28.322
    annual_cost: 2.6156592048584137
    efficiency: 0.615701
    discharge_ratio: 0.1
    depth_of_discharge: 0.4
  Li-ion:
    cost: 158.655
    lifetime: 18.4977
    annual_cost: 8.577012277202032
    efficiency: 0.951486
    discharge_ratio: 2
    depth_of_discharge: 0.9
  Pb-acid:
    cost: 190.84
    lifetime: 10.7484
    annual_cost: 17.755200774068697
    efficiency: 0.737944
    discharge_ratio: 5
    depth_of_discharge: 0.5
  VRBF:
    cost: 225.162
    lifetime: 22.3324
    annual_cost: 10.082301946947037
    efficiency: 0.655973
    discharge_ratio: 0.5
    depth_of_discharge: 1.0
