cost_values:
  wind_capex: 5000.0
  wind_opex: 100
  wind_lifetime: 20
  solar_capex: 1000.0
  solar_opex: 10
  solar_lifetime: 20
  carbon_price: 1.0
timeseries_values:
  load_level: 221803.70241160263
  wind_year: 2011
  solar_year: 2013
  price_year: 2023
  carbon_year: 2023
storage_values:
  CAES:
    cost: 64.4434
    lifetime: 27.3805
    annual_cost: 2.353623929438834
    efficiency: 0.613252
    discharge_ratio: 0.1
    depth_of_discharge: 0.4
  Li-ion:
    cost: 181.991
    lifetime: 18.7187
    annual_cost: 9.722416620812345
    efficiency: 0.926283
    discharge_ratio: 2
    depth_of_discharge: 0.9
  Pb-acid:
    cost: 212.317
    lifetime: 11.5221
    annual_cost: 18.426936062002586
    efficiency: 0.721624
    discharge_ratio: 5
    depth_of_discharge: 0.5
  VRBF:
    cost: 265.561
    lifetime: 24.964
    annual_cost: 10.63775837205576
    efficiency: 0.70216
    discharge_ratio: 0.5
    depth_of_discharge: 1.0
