cost_values:
  wind_capex: 5000.0
  wind_opex: 100
  wind_lifetime: 20
  solar_capex: 1000.0
  solar_opex: 10
  solar_lifetime: 20
  carbon_price: 1.0
timeseries_values:
  load_level: 221803.70241160263
  wind_year: 2011
  solar_year: 2013
  price_year: 2023
  carbon_year: 2023
storage_values:
  CAES:
    cost: 66.939
    lifetime: 27.5026
    annual_cost: 2.4339153389134114
    efficiency: 0.617242
    discharge_ratio: 0.1
    depth_of_discharge: 0.4
  Li-ion:
    cost: 181.864
    lifetime: 17.41
    annual_cost: 10.445950603101666
    efficiency: 0.946206
    discharge_ratio: 2
    depth_of_discharge: 0.9
  Pb-acid:
    cost: 212.962
    lifetime: 10.5826
    annual_cost: 20.12378810500255
    efficiency: 0.731833
    discharge_ratio: 5
    depth_of_discharge: 0.5
  VRBF:
    cost: 238.107
    lifetime: 23.8598
    annual_cost: 9.979421453658455
    efficiency: 0.682425
    discharge_ratio: 0.5
    depth_of_discharge: 1.0
