cost_values:
  wind_capex: 5000.0
  wind_opex: 100
  wind_lifetime: 20
  solar_capex: 1000.0
  solar_opex: 10
  solar_lifetime: 20
  carbon_price: 1.0
timeseries_values:
  load_level: 221803.70241160263
  wind_year: 2011
  solar_year: 2013
  price_year: 2023
  carbon_year: 2023
storage_values:
  CAES:
    cost: 68.7162
    lifetime: 27.8176
    annual_cost: 2.4702418612676866
    efficiency: 0.618623
    discharge_ratio: 0.1
    depth_of_discharge: 0.4
  Li-ion:
    cost: 205.746
    lifetime: 18.1516
    annual_cost: 11.334868551532649
    efficiency: 0.947167
    discharge_ratio: 2
    depth_of_discharge: 0.9
  Pb-acid:
    cost: 211.857
    lifetime: 11.288
    annual_cost: 18.76833805811481
    efficiency: 0.720657
    discharge_ratio: 5
    depth_of_discharge: 0.5
  VRBF:
    cost: 245.584
    lifetime: 25.5801
    annual_cost: 9.600587957044734
    efficiency: 0.668336
    discharge_ratio: 0.5
    depth_of_discharge: 1.0
