cost_values:
  wind_capex: 5000.0
  wind_opex: 100
  wind_lifetime: 20
  solar_capex: 1000.0
  solar_opex: 10
  solar_lifetime: 20
  carbon_price: 1.0
timeseries_values:
  load_level: 221803.70241160263
  wind_year: 2011
  solar_year: 2013
  price_year: 2023
  carbon_year: 2023
storage_values:
  CAES:
    cost: 68.0596
    lifetime: 28.2249
    annual_cost: 2.411331838199604
    efficiency: 0.621569
    discharge_ratio: 0.1
    depth_of_discharge: 0.4
  Li-ion:
    cost: 181.705
    lifetime: 16.9036
    annual_cost: 10.749485316737264
    efficiency: 0.92666
    discharge_ratio: 2
    depth_of_discharge: 0.9
  Pb-acid:
    cost: 215.293
    lifetime: 11.1205
    annual_cost: 19.360010790881706
    efficiency: 0.736851
    discharge_ratio: 5
    depth_of_discharge: 0.5
  VRBF:
    cost: 240.098
    lifetime: 24.0363
    annual_cost: 9.988975008632776
    efficiency: 0.679277
    discharge_ratio: 0.5
    depth_of_discharge: 1.0
