cost_values:
  wind_capex: 5000.0
  wind_opex: 100
  wind_lifetime: 20
  solar_capex: 1000.0
  solar_opex: 10
  solar_lifetime: 20
  carbon_price: 1.0
timeseries_values:
  load_level: 221803.70241160263
  wind_year: 2011
  solar_year: 2013
  price_year: 2023
  carbon_year: 2023
storage_values:
  CAES:
    cost: 71.2384
    lifetime: 28.3089
    annual_cost: 2.516466552921519
    efficiency: 0.61853
    discharge_ratio: 0.1
    depth_of_discharge: 0.4
  Li-ion:
    cost: 195.33
    lifetime: 15.5699
    annual_cost: 12.545359957353613
    efficiency: 0.925836
    discharge_ratio: 2
    depth_of_discharge: 0.9
  Pb-acid:
    cost: 190.799
    lifetime: 12.1309
    annual_cost: 15.728346618964792
    efficiency: 0.730778
    discharge_ratio: 5
    depth_of_discharge: 0.5
  VRBF:
    cost: 228.184
    lifetime: 23.6604
    annual_cost: 9.644131122043584
    efficiency: 0.6761
    discharge_ratio: 0.5
    depth_of_discharge: 1.0
