cost_values:
  wind_capex: 5000.0
  wind_opex: 100
  wind_lifetime: 20
  solar_capex: 1000.0
  solar_opex: 10
  solar_lifetime: 20
  carbon_price: 1.0
timeseries_values:
  load_level: 221803.70241160263
  wind_year: 2011
  solar_year: 2013
  price_year: 2023
  carbon_year: 2023
storage_values:
  CAES:
    cost: 71.9708
    lifetime: 27.5703
    annual_cost: 2.6104467488565595
    efficiency: 0.627775
    discharge_ratio: 0.1
    depth_of_discharge: 0.4
  Li-ion:
    cost: 166.139
    lifetime: 18.3958
    annual_cost: 9.031354983202688
    efficiency: 0.941146
    discharge_ratio: 2
    depth_of_discharge: 0.9
  Pb-acid:
    cost: 215.672
    lifetime: 11.7342
    annual_cost: 18.379778766341122
    efficiency: 0.732484
    discharge_ratio: 5
    depth_of_discharge: 0.5
  VRBF:
    cost: 240.824
    lifetime: 23.0857
    annual_cost: 10.431739128551442
    efficiency: 0.675594
    discharge_ratio: 0.5
    depth_of_discharge: 1.0
