cost_values:
  wind_capex: 5000.0
  wind_opex: 100
  wind_lifetime: 20
  solar_capex: 1000.0
  solar_opex: 10
  solar_lifetime: 20
  carbon_price: 1.0
timeseries_values:
  load_level: 221803.70241160263
  wind_year: 2011
  solar_year: 2013
  price_year: 2023
  carbon_year: 2023
storage_values:
  CAES:
    cost: 72.3738
    lifetime: 28.1186
    annual_cost: 2.5738763665331845
    efficiency: 0.613739
    discharge_ratio: 0.1
    depth_of_discharge: 0.4
  Li-ion:
    cost: 172.547
    lifetime: 18.4815
    annual_cost: 9.336201065930796
    efficiency: 0.932996
    discharge_ratio: 2
    depth_of_discharge: 0.9
  Pb-acid:
    cost: 207.03
    lifetime: 12.3668
    annual_cost: 16.740789856713135
    efficiency: 0.72782
    discharge_ratio: 5
    depth_of_discharge: 0.5
  VRBF:
    cost: 262.487
    lifetime: 25.0371
    annual_cost: 10.483921859959821
    efficiency: 0.693407
    discharge_ratio: 0.5
    depth_of_discharge: 1.0
