cost_values:
  wind_capex: 5000.0
  wind_opex: 100
  wind_lifetime: 20
  solar_capex: 1000.0
  solar_opex: 10
  solar_lifetime: 20
  carbon_price: 1.0
timeseries_values:
  load_level: 221803.70241160263
  wind_year: 2011
  solar_year: 2013
  price_year: 2023
  carbon_year: 2023
storage_values:
  CAES:
    cost: 68.1826
    lifetime: 27.567
    annual_cost: 2.4733413138897955
    efficiency: 0.62473
    discharge_ratio: 0.1
    depth_of_discharge: 0.4
  Li-ion:
    cost: 171.554
    lifetime: 17.0615
    annual_cost: 10.055036192597369
    efficiency: 0.923329
    discharge_ratio: 2
    depth_of_discharge: 0.9
  Pb-acid:
    cost: 219.002
    lifetime: 11.7834
    annual_cost: 18.585637422136227
    efficiency: 0.730582
    discharge_ratio: 5
    depth_of_discharge: 0.5
  VRBF:
    cost: 197.105
    lifetime: 25.8137
    annual_cost: 7.635674080042767
    efficiency: 0.677415
    discharge_ratio: 0.5
    depth_of_discharge: 1.0
