cost_values:
  wind_capex: 5000.0
  wind_opex: 100
  wind_lifetime: 20
  solar_capex: 1000.0
  solar_opex: 10
  solar_lifetime: 20
  carbon_price: 1.0
timeseries_values:
  load_level: 221803.70241160263
  wind_year: 2011
  solar_year: 2013
  price_year: 2023
  carbon_year: 2023
storage_values:
  CAES:
    cost: 68.4766
    lifetime: 26.8954
    annual_cost: 2.546033894271883
    efficiency: 0.619936
    discharge_ratio: 0.1
    depth_of_discharge: 0.4
  Li-ion:
    cost: 192.603
    lifetime: 17.9655
    annual_cost: 10.720714703181098
    efficiency: 0.944668
    discharge_ratio: 2
    depth_of_discharge: 0.9
  Pb-acid:
    cost: 197.136
    lifetime: 13.4524
    annual_cost: 14.654336772620498
    efficiency: 0.726061
    discharge_ratio: 5
    depth_of_discharge: 0.5
  VRBF:
    cost: 232.841
    lifetime: 24.0921
    annual_cost: 9.664620352729735
    efficiency: 0.669038
    discharge_ratio: 0.5
    depth_of_discharge: 1.0
