cost_values:
  wind_capex: 5000.0
  wind_opex: 100
  wind_lifetime: 20
  solar_capex: 1000.0
  solar_opex: 10
  solar_lifetime: 20
  carbon_price: 1.0
timeseries_values:
  load_level: 221803.70241160263
  wind_year: 2011
  solar_year: 2013
  price_year: 2023
  carbon_year: 2023
storage_values:
  CAES:
    cost: 66.5372
    lifetime: 28.0101
    annual_cost: 2.375471704849322
    efficiency: 0.623487
    discharge_ratio: 0.1
    depth_of_discharge: 0.4
  Li-ion:
    cost: 181.759
    lifetime: 16.2981
    annual_cost: 11.15215884060105
    efficiency: 0.937994
    discharge_ratio: 2
    depth_of_discharge: 0.9
  Pb-acid:
    cost: 217.465
    lifetime: 11.083
    annual_cost: 19.62149237571055
    efficiency: 0.72532
    discharge_ratio: 5
    depth_of_discharge: 0.5
  VRBF:
    cost: 223.335
    lifetime: 22.3602
    annual_cost: 9.988059140794807
    efficiency: 0.706649
    discharge_ratio: 0.5
    depth_of_discharge: 1.0
