cost_values:
  wind_capex: 5000.0
  wind_opex: 100
  wind_lifetime: 20
  solar_capex: 1000.0
  solar_opex: 10
  solar_lifetime: 20
  carbon_price: 1.0
timeseries_values:
  load_level: 221803.70241160263
  wind_year: 2011
  solar_year: 2013
  price_year: 2023
  carbon_year: 2023
storage_values:
  CAES:
    cost: 71.6628
    lifetime: 27.9379
    annual_cost: 2.5650746834944647
    efficiency: 0.612938
    discharge_ratio: 0.1
    depth_of_discharge: 0.4
  Li-ion:
    cost: 143.95
    lifetime: 15.7674
    annual_cost: 9.129596509253268
    efficiency: 0.93426
    discharge_ratio: 2
    depth_of_discharge: 0.9
  Pb-acid:
    cost: 206.249
    lifetime: 10.4926
    annual_cost: 19.656615138287936
    efficiency: 0.730855
    discharge_ratio: 5
    depth_of_discharge: 0.5
  VRBF:
    cost: 213.904
    lifetime: 22.9053
    annual_cost: 9.338624685116544
    efficiency: 0.672591
    discharge_ratio: 0.5
    depth_of_discharge: 1.0
