cost_values:
  wind_capex: 5000.0
  wind_opex: 100
  wind_lifetime: 20
  solar_capex: 1000.0
  solar_opex: 10
  solar_lifetime: 20
  carbon_price: 1.0
timeseries_values:
  load_level: 221803.70241160263
  wind_year: 2011
  solar_year: 2013
  price_year: 2023
  carbon_year: 2023
storage_values:
  CAES:
    cost: 68.5972
    lifetime: 27.9947
    annual_cost: 2.4503638188657137
    efficiency: 0.626944
    discharge_ratio: 0.1
    depth_of_discharge: 0.4
  Li-ion:
    cost: 166.509
    lifetime: 17.4828
    annual_cost: 9.524160889560024
    efficiency: 0.933308
    discharge_ratio: 2
    depth_of_discharge: 0.9
  Pb-acid:
    cost: 221.794
    lifetime: 11.7477
    annual_cost: 18.879780723035147
    efficiency: 0.743223
    discharge_ratio: 5
    depth_of_discharge: 0.5
  VRBF:
    cost: 227.108
    lifetime: 23.7427
    annual_cost: 9.565382201687257
    efficiency: 0.689846
    discharge_ratio: 0.5
    depth_of_discharge: 1.0
