cost_values:
  wind_capex: 5000.0
  wind_opex: 100
  wind_lifetime: 20
  solar_capex: 1000.0
  solar_opex: 10
  solar_lifetime: 20
  carbon_price: 1.0
timeseries_values:
  load_level: 221803.70241160263
  wind_year: 2011
  solar_year: 2013
  price_year: 2023
  carbon_year: 2023
storage_values:
  CAES:
    cost: 67.8808
    lifetime: 29.2793
    annual_cost: 2.3183887592941086
    efficiency: 0.618995
    discharge_ratio: 0.1
    depth_of_discharge: 0.4
  Li-ion:
    cost: 164.544
    lifetime: 19.8087
    annual_cost: 8.306653137257872
    efficiency: 0.93933
    discharge_ratio: 2
    depth_of_discharge: 0.9
  Pb-acid:
    cost: 203.138
    lifetime: 11.5737
    annual_cost: 17.55169047063601
    efficiency: 0.747462
    discharge_ratio: 5
    depth_of_discharge: 0.5
  VRBF:
    cost: 222.051
    lifetime: 23.4958
    annual_cost: 9.45066777892219
    efficiency: 0.679246
    discharge_ratio: 0.5
    depth_of_discharge: 1.0
