cost_values:
  wind_capex: 5000.0
  wind_opex: 100
  wind_lifetime: 20
  solar_capex: 1000.0
  solar_opex: 10
  solar_lifetime: 20
  carbon_price: 1.0
timeseries_values:
  load_level: 221803.70241160263
  wind_year: 2011
  solar_year: 2013
  price_year: 2023
  carbon_year: 2023
storage_values:
  CAES:
    cost: 65.59
    lifetime: 28.0821
    annual_cost: 2.3356515360318495
    efficiency: 0.615368
    discharge_ratio: 0.1
    depth_of_discharge: 0.4
  Li-ion:
    cost: 173.198
    lifetime: 19.4751
    annual_cost: 8.893304784057591
    efficiency: 0.948939
    discharge_ratio: 2
    depth_of_discharge: 0.9
  Pb-acid:
    cost: 206.774
    lifetime: 9.45863
    annual_cost: 21.860882601391534
    efficiency: 0.732281
    discharge_ratio: 5
    depth_of_discharge: 0.5
  VRBF:
    cost: 260.592
    lifetime: 22.1825
    annual_cost: 11.747638904541867
    efficiency: 0.71136
    discharge_ratio: 0.5
    depth_of_discharge: 1.0
