cost_values:
  wind_capex: 5000.0
  wind_opex: 100
  wind_lifetime: 20
  solar_capex: 1000.0
  solar_opex: 10
  solar_lifetime: 20
  carbon_price: 1.0
timeseries_values:
  load_level: 221803.70241160263
  wind_year: 2011
  solar_year: 2013
  price_year: 2023
  carbon_year: 2023
storage_values:
  CAES:
    cost: 65.4144
    lifetime: 27.8176
    annual_cost: 2.3515472219026803
    efficiency: 0.621019
    discharge_ratio: 0.1
    depth_of_discharge: 0.4
  Li-ion:
    cost: 173.28
    lifetime: 15.8579
    annual_cost: 10.927045825739851
    efficiency: 0.939585
    discharge_ratio: 2
    depth_of_discharge: 0.9
  Pb-acid:
    cost: 211.565
    lifetime: 11.7148
    annual_cost: 18.05963396728924
    efficiency: 0.731138
    discharge_ratio: 5
    depth_of_discharge: 0.5
  VRBF:
    cost: 234.717
    lifetime: 22.6742
    annual_cost: 10.351721339672403
    efficiency: 0.68603
    discharge_ratio: 0.5
    depth_of_discharge: 1.0
