cost_values:
  wind_capex: 5000.0
  wind_opex: 100
  wind_lifetime: 20
  solar_capex: 1000.0
  solar_opex: 10
  solar_lifetime: 20
  carbon_price: 1.0
timeseries_values:
  load_level: 221803.70241160263
  wind_year: 2011
  solar_year: 2013
  price_year: 2023
  carbon_year: 2023
storage_values:
  CAES:
    cost: 59.9022
    lifetime: 27.5162
    annual_cost: 2.1769793794201235
    efficiency: 0.6192
    discharge_ratio: 0.1
    depth_of_discharge: 0.4
  Li-ion:
    cost: 182.299
    lifetime: 16.6596
    annual_cost: 10.9425796537732
    efficiency: 0.943338
    discharge_ratio: 2
    depth_of_discharge: 0.9
  Pb-acid:
    cost: 196.996
    lifetime: 10.9432
    annual_cost: 18.001681409459756
    efficiency: 0.7143
    discharge_ratio: 5
    depth_of_discharge: 0.5
  VRBF:
    cost: 213.607
    lifetime: 20.7113
    annual_cost: 10.313548642528474
    efficiency: 0.681406
    discharge_ratio: 0.5
    depth_of_discharge: 1.0
