cost_values:
  wind_capex: 5000.0
  wind_opex: 100
  wind_lifetime: 20
  solar_capex: 1000.0
  solar_opex: 10
  solar_lifetime: 20
  carbon_price: 1.0
timeseries_values:
  load_level: 221803.70241160263
  wind_year: 2011
  solar_year: 2013
  price_year: 2023
  carbon_year: 2023
storage_values:
  CAES:
    cost: 69.176
    lifetime: 27.6863
    annual_cost: 2.49856427186009
    efficiency: 0.62347
    discharge_ratio: 0.1
    depth_of_discharge: 0.4
  Li-ion:
    cost: 176.979
    lifetime: 17.6787
    annual_cost: 10.010860527074955
    efficiency: 0.944925
    discharge_ratio: 2
    depth_of_discharge: 0.9
  Pb-acid:
    cost: 203.123
    lifetime: 10.6942
    annual_cost: 18.993753623459444
    efficiency: 0.733159
    discharge_ratio: 5
    depth_of_discharge: 0.5
  VRBF:
    cost: 228.059
    lifetime: 23.2059
    annual_cost: 9.827630042359917
    efficiency: 0.675108
    discharge_ratio: 0.5
    depth_of_discharge: 1.0
