cost_values:
  wind_capex: 5000.0
  wind_opex: 100
  wind_lifetime: 20
  solar_capex: 1000.0
  solar_opex: 10
  solar_lifetime: 20
  carbon_price: 1.0
timeseries_values:
  load_level: 221803.70241160263
  wind_year: 2011
  solar_year: 2013
  price_year: 2023
  carbon_year: 2023
storage_values:
  CAES:
    cost: 67.3499
    lifetime: 28.2563
    annual_cost: 2.383535707081253
    efficiency: 0.612759
    discharge_ratio: 0.1
    depth_of_discharge: 0.4
  Li-ion:
    cost: 180.117
    lifetime: 18.585
    annual_cost: 9.691525423728812
    efficiency: 0.948238
    discharge_ratio: 2
    depth_of_discharge: 0.9
  Pb-acid:
    cost: 201.861
    lifetime: 11.9097
    annual_cost: 16.949293433083955
    efficiency: 0.723528
    discharge_ratio: 5
    depth_of_discharge: 0.5
  VRBF:
    cost: 206.119
    lifetime: 23.8267
    annual_cost: 8.65075734365229
    efficiency: 0.697363
    discharge_ratio: 0.5
    depth_of_discharge: 1.0
