cost_values:
  wind_capex: 5000.0
  wind_opex: 100
  wind_lifetime: 20
  solar_capex: 1000.0
  solar_opex: 10
  solar_lifetime: 20
  carbon_price: 1.0
timeseries_values:
  load_level: 221803.70241160263
  wind_year: 2011
  solar_year: 2013
  price_year: 2023
  carbon_year: 2023
storage_values:
  CAES:
    cost: 65.1689
    lifetime: 28.1753
    annual_cost: 2.3129798085557205
    efficiency: 0.615955
    discharge_ratio: 0.1
    depth_of_discharge: 0.4
  Li-ion:
    cost: 181.216
    lifetime: 19.231
    annual_cost: 9.423118922572929
    efficiency: 0.928033
    discharge_ratio: 2
    depth_of_discharge: 0.9
  Pb-acid:
    cost: 232.346
    lifetime: 11.51
    annual_cost: 20.186446568201564
    efficiency: 0.739806
    discharge_ratio: 5
    depth_of_discharge: 0.5
  VRBF:
    cost: 244.555
    lifetime: 20.4767
    annual_cost: 11.943086532497912
    efficiency: 0.689625
    discharge_ratio: 0.5
    depth_of_discharge: 1.0
