cost_values:
  wind_capex: 5000.0
  wind_opex: 100
  wind_lifetime: 20
  solar_capex: 1000.0
  solar_opex: 10
  solar_lifetime: 20
  carbon_price: 1.0
timeseries_values:
  load_level: 221803.70241160263
  wind_year: 2011
  solar_year: 2013
  price_year: 2023
  carbon_year: 2023
storage_values:
  CAES:
    cost: 65.0339
    lifetime: 28.1392
    annual_cost: 2.311149570705635
    efficiency: 0.623704
    discharge_ratio: 0.1
    depth_of_discharge: 0.4
  Li-ion:
    cost: 182.927
    lifetime: 17.2445
    annual_cost: 10.607845979877643
    efficiency: 0.940178
    discharge_ratio: 2
    depth_of_discharge: 0.9
  Pb-acid:
    cost: 209.669
    lifetime: 10.7851
    annual_cost: 19.440617147731594
    efficiency: 0.729279
    discharge_ratio: 5
    depth_of_discharge: 0.5
  VRBF:
    cost: 257.109
    lifetime: 24.1842
    annual_cost: 10.631279926563623
    efficiency: 0.704157
    discharge_ratio: 0.5
    depth_of_discharge: 1.0
