cost_values:
  wind_capex: 5000.0
  wind_opex: 100
  wind_lifetime: 20
  solar_capex: 1000.0
  solar_opex: 10
  solar_lifetime: 20
  carbon_price: 1.0
timeseries_values:
  load_level: 221803.70241160263
  wind_year: 2011
  solar_year: 2013
  price_year: 2023
  carbon_year: 2023
storage_values:
  CAES:
    cost: 69.3878
    lifetime: 27.2267
    annual_cost: 2.548520386238508
    efficiency: 0.623599
    discharge_ratio: 0.1
    depth_of_discharge: 0.4
  Li-ion:
    cost: 131.891
    lifetime: 20.3079
    annual_cost: 6.494566154058273
    efficiency: 0.934946
    discharge_ratio: 2
    depth_of_discharge: 0.9
  Pb-acid:
    cost: 213.5
    lifetime: 11.3575
    annual_cost: 18.79815100154083
    efficiency: 0.713418
    discharge_ratio: 5
    depth_of_discharge: 0.5
  VRBF:
    cost: 256.77
    lifetime: 20.5219
    annual_cost: 12.511999376276076
    efficiency: 0.69103
    discharge_ratio: 0.5
    depth_of_discharge: 1.0
