cost_values:
  wind_capex: 5000.0
  wind_opex: 100
  wind_lifetime: 20
  solar_capex: 1000.0
  solar_opex: 10
  solar_lifetime: 20
  carbon_price: 1.0
timeseries_values:
  load_level: 221803.70241160263
  wind_year: 2011
  solar_year: 2013
  price_year: 2023
  carbon_year: 2023
storage_values:
  CAES:
    cost: 68.1181
    lifetime: 28.2521
    annual_cost: 2.4110809461951503
    efficiency: 0.616136
    discharge_ratio: 0.1
    depth_of_discharge: 0.4
  Li-ion:
    cost: 186.253
    lifetime: 15.8703
    annual_cost: 11.735947020535212
    efficiency: 0.933505
    discharge_ratio: 2
    depth_of_discharge: 0.9
  Pb-acid:
    cost: 212.604
    lifetime: 11.215
    annual_cost: 18.95711101203745
    efficiency: 0.724595
    discharge_ratio: 5
    depth_of_discharge: 0.5
  VRBF:
    cost: 245.321
    lifetime: 22.4152
    annual_cost: 10.944403797423178
    efficiency: 0.691226
    discharge_ratio: 0.5
    depth_of_discharge: 1.0
