cost_values:
  wind_capex: 5000.0
  wind_opex: 100
  wind_lifetime: 20
  solar_capex: 1000.0
  solar_opex: 10
  solar_lifetime: 20
  carbon_price: 1.0
timeseries_values:
  load_level: 221803.70241160263
  wind_year: 2011
  solar_year: 2013
  price_year: 2023
  carbon_year: 2023
storage_values:
  CAES:
    cost: 70.0629
    lifetime: 27.4277
    annual_cost: 2.554457719750471
    efficiency: 0.616899
    discharge_ratio: 0.1
    depth_of_discharge: 0.4
  Li-ion:
    cost: 178.785
    lifetime: 17.3418
    annual_cost: 10.309483444625126
    efficiency: 0.93687
    discharge_ratio: 2
    depth_of_discharge: 0.9
  Pb-acid:
    cost: 202.649
    lifetime: 11.9222
    annual_cost: 16.99761788931573
    efficiency: 0.731719
    discharge_ratio: 5
    depth_of_discharge: 0.5
  VRBF:
    cost: 231.832
    lifetime: 22.6736
    annual_cost: 10.224754780890551
    efficiency: 0.699646
    discharge_ratio: 0.5
    depth_of_discharge: 1.0
