cost_values:
  wind_capex: 5000.0
  wind_opex: 100
  wind_lifetime: 20
  solar_capex: 1000.0
  solar_opex: 10
  solar_lifetime: 20
  carbon_price: 1.0
timeseries_values:
  load_level: 221803.70241160263
  wind_year: 2011
  solar_year: 2013
  price_year: 2023
  carbon_year: 2023
storage_values:
  CAES:
    cost: 70.0123
    lifetime: 28.267
    annual_cost: 2.4768210280539145
    efficiency: 0.618514
    discharge_ratio: 0.1
    depth_of_discharge: 0.4
  Li-ion:
    cost: 180.381
    lifetime: 19.4864
    annual_cost: 9.256763691600296
    efficiency: 0.945567
    discharge_ratio: 2
    depth_of_discharge: 0.9
  Pb-acid:
    cost: 189.432
    lifetime: 11.3617
    annual_cost: 16.672857054842144
    efficiency: 0.739612
    discharge_ratio: 5
    depth_of_discharge: 0.5
  VRBF:
    cost: 211.188
    lifetime: 23.1522
    annual_cost: 9.12172493326768
    efficiency: 0.674005
    discharge_ratio: 0.5
    depth_of_discharge: 1.0
