cost_values:
  wind_capex: 5000.0
  wind_opex: 100
  wind_lifetime: 20
  solar_capex: 1000.0
  solar_opex: 10
  solar_lifetime: 20
  carbon_price: 1.0
timeseries_values:
  load_level: 221803.70241160263
  wind_year: 2011
  solar_year: 2013
  price_year: 2023
  carbon_year: 2023
storage_values:
  CAES:
    cost: 72.7499
    lifetime: 27.5717
    annual_cost: 2.6385714337527246
    efficiency: 0.617359
    discharge_ratio: 0.1
    depth_of_discharge: 0.4
  Li-ion:
    cost: 160.729
    lifetime: 17.8553
    annual_cost: 9.00175298090763
    efficiency: 0.941157
    discharge_ratio: 2
    depth_of_discharge: 0.9
  Pb-acid:
    cost: 206.84
    lifetime: 10.4562
    annual_cost: 19.78156500449494
    efficiency: 0.725095
    discharge_ratio: 5
    depth_of_discharge: 0.5
  VRBF:
    cost: 235.174
    lifetime: 22.3533
    annual_cost: 10.520773219166745
    efficiency: 0.698078
    discharge_ratio: 0.5
    depth_of_discharge: 1.0
