cost_values:
  wind_capex: 5000.0
  wind_opex: 100
  wind_lifetime: 20
  solar_capex: 1000.0
  solar_opex: 10
  solar_lifetime: 20
  carbon_price: 1.0
timeseries_values:
  load_level: 221803.70241160263
  wind_year: 2011
  solar_year: 2013
  price_year: 2023
  carbon_year: 2023
storage_values:
  CAES:
    cost: 71.8107
    lifetime: 27.8572
    annual_cost: 2.5778147121749493
    efficiency: 0.63366
    discharge_ratio: 0.1
    depth_of_discharge: 0.4
  Li-ion:
    cost: 163.785
    lifetime: 16.1854
    annual_cost: 10.119305052701817
    efficiency: 0.945282
    discharge_ratio: 2
    depth_of_discharge: 0.9
  Pb-acid:
    cost: 201.309
    lifetime: 10.2388
    annual_cost: 19.661386099933587
    efficiency: 0.735676
    discharge_ratio: 5
    depth_of_discharge: 0.5
  VRBF:
    cost: 213.675
    lifetime: 25.3135
    annual_cost: 8.44114800402947
    efficiency: 0.694484
    discharge_ratio: 0.5
    depth_of_discharge: 1.0
