cost_values:
  wind_capex: 5000.0
  wind_opex: 100
  wind_lifetime: 20
  solar_capex: 1000.0
  solar_opex: 10
  solar_lifetime: 20
  carbon_price: 1.0
timeseries_values:
  load_level: 221803.70241160263
  wind_year: 2011
  solar_year: 2013
  price_year: 2023
  carbon_year: 2023
storage_values:
  CAES:
    cost: 72.5103
    lifetime: 27.9796
    annual_cost: 2.5915416946632543
    efficiency: 0.624754
    discharge_ratio: 0.1
    depth_of_discharge: 0.4
  Li-ion:
    cost: 198.461
    lifetime: 15.7336
    annual_cost: 12.613832816392945
    efficiency: 0.93137
    discharge_ratio: 2
    depth_of_discharge: 0.9
  Pb-acid:
    cost: 207.358
    lifetime: 12.8649
    annual_cost: 16.11811984547101
    efficiency: 0.728468
    discharge_ratio: 5
    depth_of_discharge: 0.5
  VRBF:
    cost: 199.915
    lifetime: 23.3699
    annual_cost: 8.554379779117582
    efficiency: 0.69156
    discharge_ratio: 0.5
    depth_of_discharge: 1.0
