cost_values:
  wind_capex: 5000.0
  wind_opex: 100
  wind_lifetime: 20
  solar_capex: 1000.0
  solar_opex: 10
  solar_lifetime: 20
  carbon_price: 1.0
timeseries_values:
  load_level: 221803.70241160263
  wind_year: 2011
  solar_year: 2013
  price_year: 2023
  carbon_year: 2023
storage_values:
  CAES:
    cost: 71.9669
    lifetime: 26.3401
    annual_cost: 2.7322181768482277
    efficiency: 0.6167
    discharge_ratio: 0.1
    depth_of_discharge: 0.4
  Li-ion:
    cost: 173.059
    lifetime: 18.1799
    annual_cost: 9.519249280799125
    efficiency: 0.934631
    discharge_ratio: 2
    depth_of_discharge: 0.9
  Pb-acid:
    cost: 219.798
    lifetime: 10.7932
    annual_cost: 20.364488752177294
    efficiency: 0.743491
    discharge_ratio: 5
    depth_of_discharge: 0.5
  VRBF:
    cost: 246.455
    lifetime: 23.5206
    annual_cost: 10.47826160897256
    efficiency: 0.666289
    discharge_ratio: 0.5
    depth_of_discharge: 1.0
