cost_values:
  wind_capex: 5000.0
  wind_opex: 100
  wind_lifetime: 20
  solar_capex: 1000.0
  solar_opex: 10
  solar_lifetime: 20
  carbon_price: 1.0
timeseries_values:
  load_level: 221803.70241160263
  wind_year: 2011
  solar_year: 2013
  price_year: 2023
  carbon_year: 2023
storage_values:
  CAES:
    cost: 68.5566
    lifetime: 27.225
    annual_cost: 2.5181487603305786
    efficiency: 0.623436
    discharge_ratio: 0.1
    depth_of_discharge: 0.4
  Li-ion:
    cost: 181.425
    lifetime: 20.2084
    annual_cost: 8.977702341600523
    efficiency: 0.93763
    discharge_ratio: 2
    depth_of_discharge: 0.9
  Pb-acid:
    cost: 206.27
    lifetime: 10.9248
    annual_cost: 18.880894844756885
    efficiency: 0.723516
    discharge_ratio: 5
    depth_of_discharge: 0.5
  VRBF:
    cost: 209.986
    lifetime: 22.8628
    annual_cost: 9.18461430795878
    efficiency: 0.693532
    discharge_ratio: 0.5
    depth_of_discharge: 1.0
