cost_values:
  wind_capex: 5000.0
  wind_opex: 100
  wind_lifetime: 20
  solar_capex: 1000.0
  solar_opex: 10
  solar_lifetime: 20
  carbon_price: 1.0
timeseries_values:
  load_level: 221803.70241160263
  wind_year: 2011
  solar_year: 2013
  price_year: 2023
  carbon_year: 2023
storage_values:
  CAES:
    cost: 71.9913
    lifetime: 28.1603
    annual_cost: 2.55648199770599
    efficiency: 0.618852
    discharge_ratio: 0.1
    depth_of_discharge: 0.4
  Li-ion:
    cost: 167.352
    lifetime: 15.7996
    annual_cost: 10.592166890301021
    efficiency: 0.931407
    discharge_ratio: 2
    depth_of_discharge: 0.9
  Pb-acid:
    cost: 226.498
    lifetime: 11.9134
    annual_cost: 19.012036866049993
    efficiency: 0.727069
    discharge_ratio: 5
    depth_of_discharge: 0.5
  VRBF:
    cost: 238.068
    lifetime: 24.3119
    annual_cost: 9.79224165943427
    efficiency: 0.700344
    discharge_ratio: 0.5
    depth_of_discharge: 1.0
