cost_values:
  wind_capex: 5000.0
  wind_opex: 100
  wind_lifetime: 20
  solar_capex: 1000.0
  solar_opex: 10
  solar_lifetime: 20
  carbon_price: 1.0
timeseries_values:
  load_level: 221803.70241160263
  wind_year: 2011
  solar_year: 2013
  price_year: 2023
  carbon_year: 2023
storage_values:
  CAES:
    cost: 71.1419
    lifetime: 27.684
    annual_cost: 2.5697839907527817
    efficiency: 0.62247
    discharge_ratio: 0.1
    depth_of_discharge: 0.4
  Li-ion:
    cost: 183.234
    lifetime: 18.2392
    annual_cost: 10.046164305451994
    efficiency: 0.947816
    discharge_ratio: 2
    depth_of_discharge: 0.9
  Pb-acid:
    cost: 221.638
    lifetime: 12.1422
    annual_cost: 18.253529014511372
    efficiency: 0.741224
    discharge_ratio: 5
    depth_of_discharge: 0.5
  VRBF:
    cost: 244.761
    lifetime: 24.4152
    annual_cost: 10.024943477833482
    efficiency: 0.686777
    discharge_ratio: 0.5
    depth_of_discharge: 1.0
