cost_values:
  wind_capex: 5000.0
  wind_opex: 100
  wind_lifetime: 20
  solar_capex: 1000.0
  solar_opex: 10
  solar_lifetime: 20
  carbon_price: 1.0
timeseries_values:
  load_level: 221803.70241160263
  wind_year: 2011
  solar_year: 2013
  price_year: 2023
  carbon_year: 2023
storage_values:
  CAES:
    cost: 72.6465
    lifetime: 29.003
    annual_cost: 2.5047926076612765
    efficiency: 0.616847
    discharge_ratio: 0.1
    depth_of_discharge: 0.4
  Li-ion:
    cost: 168.753
    lifetime: 15.7081
    annual_cost: 10.743056130276736
    efficiency: 0.931338
    discharge_ratio: 2
    depth_of_discharge: 0.9
  Pb-acid:
    cost: 206.959
    lifetime: 10.8572
    annual_cost: 19.061912832037724
    efficiency: 0.730345
    discharge_ratio: 5
    depth_of_discharge: 0.5
  VRBF:
    cost: 251.522
    lifetime: 23.3828
    annual_cost: 10.756710060386267
    efficiency: 0.676803
    discharge_ratio: 0.5
    depth_of_discharge: 1.0
