cost_values:
  wind_capex: 5000.0
  wind_opex: 100
  wind_lifetime: 20
  solar_capex: 1000.0
  solar_opex: 10
  solar_lifetime: 20
  carbon_price: 1.0
timeseries_values:
  load_level: 221803.70241160263
  wind_year: 2011
  solar_year: 2013
  price_year: 2023
  carbon_year: 2023
storage_values:
  CAES:
    cost: 61.2005
    lifetime: 27.5886
    annual_cost: 2.2183256852468047
    efficiency: 0.618013
    discharge_ratio: 0.1
    depth_of_discharge: 0.4
  Li-ion:
    cost: 177.951
    lifetime: 21.1803
    annual_cost: 8.401722355207433
    efficiency: 0.94514
    discharge_ratio: 2
    depth_of_discharge: 0.9
  Pb-acid:
    cost: 199.282
    lifetime: 10.7374
    annual_cost: 18.55961405926947
    efficiency: 0.731594
    discharge_ratio: 5
    depth_of_discharge: 0.5
  VRBF:
    cost: 250.182
    lifetime: 20.7891
    annual_cost: 12.034287198580024
    efficiency: 0.688644
    discharge_ratio: 0.5
    depth_of_discharge: 1.0
