cost_values:
  wind_capex: 5000.0
  wind_opex: 100
  wind_lifetime: 20
  solar_capex: 1000.0
  solar_opex: 10
  solar_lifetime: 20
  carbon_price: 1.0
timeseries_values:
  load_level: 221803.70241160263
  wind_year: 2011
  solar_year: 2013
  price_year: 2023
  carbon_year: 2023
storage_values:
  CAES:
    cost: 64.1144
    lifetime: 27.1087
    annual_cost: 2.3650857473799927
    efficiency: 0.624085
    discharge_ratio: 0.1
    depth_of_discharge: 0.4
  Li-ion:
    cost: 166.249
    lifetime: 19.0643
    annual_cost: 8.720435578542093
    efficiency: 0.937285
    discharge_ratio: 2
    depth_of_discharge: 0.9
  Pb-acid:
    cost: 217.088
    lifetime: 12.8478
    annual_cost: 16.89690063668488
    efficiency: 0.736084
    discharge_ratio: 5
    depth_of_discharge: 0.5
  VRBF:
    cost: 265.452
    lifetime: 23.8291
    annual_cost: 11.139824836019825
    efficiency: 0.696675
    discharge_ratio: 0.5
    depth_of_discharge: 1.0
