cost_values:
  wind_capex: 5000.0
  wind_opex: 100
  wind_lifetime: 20
  solar_capex: 1000.0
  solar_opex: 10
  solar_lifetime: 20
  carbon_price: 1.0
timeseries_values:
  load_level: 221803.70241160263
  wind_year: 2011
  solar_year: 2013
  price_year: 2023
  carbon_year: 2023
storage_values:
  CAES:
    cost: 65.6074
    lifetime: 26.9566
    annual_cost: 2.433815837308859
    efficiency: 0.619422
    discharge_ratio: 0.1
    depth_of_discharge: 0.4
  Li-ion:
    cost: 168.58
    lifetime: 20.0387
    annual_cost: 8.412721384121726
    efficiency: 0.930846
    discharge_ratio: 2
    depth_of_discharge: 0.9
  Pb-acid:
    cost: 213.675
    lifetime: 10.0747
    annual_cost: 21.209068260097077
    efficiency: 0.722277
    discharge_ratio: 5
    depth_of_discharge: 0.5
  VRBF:
    cost: 220.814
    lifetime: 23.2767
    annual_cost: 9.48648219034485
    efficiency: 0.701552
    discharge_ratio: 0.5
    depth_of_discharge: 1.0
