cost_values:
  wind_capex: 5000.0
  wind_opex: 100
  wind_lifetime: 20
  solar_capex: 1000.0
  solar_opex: 10
  solar_lifetime: 20
  carbon_price: 1.0
timeseries_values:
  load_level: 221803.70241160263
  wind_year: 2011
  solar_year: 2013
  price_year: 2023
  carbon_year: 2023
storage_values:
  CAES:
    cost: 69.4647
    lifetime: 26.7941
    annual_cost: 2.59253716303216
    efficiency: 0.602261
    discharge_ratio: 0.1
    depth_of_discharge: 0.4
  Li-ion:
    cost: 171.935
    lifetime: 17.712
    annual_cost: 9.70726061427281
    efficiency: 0.914027
    discharge_ratio: 2
    depth_of_discharge: 0.9
  Pb-acid:
    cost: 218.898
    lifetime: 11.6129
    annual_cost: 18.849555235987566
    efficiency: 0.733085
    discharge_ratio: 5
    depth_of_discharge: 0.5
  VRBF:
    cost: 259.105
    lifetime: 22.446
    annual_cost: 11.543482134901542
    efficiency: 0.714223
    discharge_ratio: 0.5
    depth_of_discharge: 1.0
