cost_values:
  wind_capex: 5000.0
  wind_opex: 100
  wind_lifetime: 20
  solar_capex: 1000.0
  solar_opex: 10
  solar_lifetime: 20
  carbon_price: 1.0
timeseries_values:
  load_level: 221803.70241160263
  wind_year: 2011
  solar_year: 2013
  price_year: 2023
  carbon_year: 2023
storage_values:
  CAES:
    cost: 69.4613
    lifetime: 27.7609
    annual_cost: 2.5021270924213552
    efficiency: 0.623646
    discharge_ratio: 0.1
    depth_of_discharge: 0.4
  Li-ion:
    cost: 159.772
    lifetime: 17.3141
    annual_cost: 9.22785475421766
    efficiency: 0.93752
    discharge_ratio: 2
    depth_of_discharge: 0.9
  Pb-acid:
    cost: 212.293
    lifetime: 12.2042
    annual_cost: 17.395077104603335
    efficiency: 0.703145
    discharge_ratio: 5
    depth_of_discharge: 0.5
  VRBF:
    cost: 234.815
    lifetime: 23.3775
    annual_cost: 10.044487220618116
    efficiency: 0.680143
    discharge_ratio: 0.5
    depth_of_discharge: 1.0
