cost_values:
  wind_capex: 5000.0
  wind_opex: 100
  wind_lifetime: 20
  solar_capex: 1000.0
  solar_opex: 10
  solar_lifetime: 20
  carbon_price: 1.0
timeseries_values:
  load_level: 221803.70241160263
  wind_year: 2011
  solar_year: 2013
  price_year: 2023
  carbon_year: 2023
storage_values:
  CAES:
    cost: 71.3191
    lifetime: 27.479
    annual_cost: 2.595403762873467
    efficiency: 0.621827
    discharge_ratio: 0.1
    depth_of_discharge: 0.4
  Li-ion:
    cost: 174.729
    lifetime: 17.805
    annual_cost: 9.813479359730414
    efficiency: 0.955567
    discharge_ratio: 2
    depth_of_discharge: 0.9
  Pb-acid:
    cost: 208.606
    lifetime: 11.4185
    annual_cost: 18.26912466611201
    efficiency: 0.717762
    discharge_ratio: 5
    depth_of_discharge: 0.5
  VRBF:
    cost: 233.5
    lifetime: 23.4163
    annual_cost: 9.97168638939542
    efficiency: 0.673613
    discharge_ratio: 0.5
    depth_of_discharge: 1.0
