cost_values:
  wind_capex: 5000.0
  wind_opex: 100
  wind_lifetime: 20
  solar_capex: 1000.0
  solar_opex: 10
  solar_lifetime: 20
  carbon_price: 1.0
timeseries_values:
  load_level: 266971.0706409207
  wind_year: 2014
  solar_year: 2016
  price_year: 2023
  carbon_year: 2023
storage_values:
  CAES:
    cost: 48.033
    lifetime: 23.9444
    annual_cost: 2.0060222849601574
    efficiency: 0.611206
    discharge_ratio: 0.1
    depth_of_discharge: 0.4
  Li-ion:
    cost: 144.078
    lifetime: 27.0956
    annual_cost: 5.3173947061515525
    efficiency: 0.953588
    discharge_ratio: 2
    depth_of_discharge: 0.9
  Pb-acid:
    cost: 137.292
    lifetime: 7.89405
    annual_cost: 17.391833089478784
    efficiency: 0.770077
    discharge_ratio: 5
    depth_of_discharge: 0.5
  VRBF:
    cost: 266.525
    lifetime: 19.5335
    annual_cost: 13.644508152660812
    efficiency: 0.770307
    discharge_ratio: 0.5
    depth_of_discharge: 1.0
