cost_values:
  wind_capex: 5000.0
  wind_opex: 100
  wind_lifetime: 20
  solar_capex: 1000.0
  solar_opex: 10
  solar_lifetime: 20
  carbon_price: 1.0
timeseries_values:
  load_level: 266971.0706409207
  wind_year: 2014
  solar_year: 2016
  price_year: 2023
  carbon_year: 2023
storage_values:
  CAES:
    cost: 36.564
    lifetime: 24.4728
    annual_cost: 1.494066882416397
    efficiency: 0.60491
    discharge_ratio: 0.1
    depth_of_discharge: 0.4
  Li-ion:
    cost: 134.298
    lifetime: 27.1517
    annual_cost: 4.94620962959962
    efficiency: 0.950872
    discharge_ratio: 2
    depth_of_discharge: 0.9
  Pb-acid:
    cost: 129.604
    lifetime: 6.13268
    annual_cost: 21.133338116451537
    efficiency: 0.77131
    discharge_ratio: 5
    depth_of_discharge: 0.5
  VRBF:
    cost: 276.843
    lifetime: 22.0219
    annual_cost: 12.571258610746577
    efficiency: 0.784787
    discharge_ratio: 0.5
    depth_of_discharge: 1.0
