cost_values:
  wind_capex: 5000.0
  wind_opex: 100
  wind_lifetime: 20
  solar_capex: 1000.0
  solar_opex: 10
  solar_lifetime: 20
  carbon_price: 1.0
timeseries_values:
  load_level: 266971.0706409207
  wind_year: 2014
  solar_year: 2016
  price_year: 2023
  carbon_year: 2023
storage_values:
  CAES:
    cost: 45.1172
    lifetime: 23.4917
    annual_cost: 1.9205591762196859
    efficiency: 0.613719
    discharge_ratio: 0.1
    depth_of_discharge: 0.4
  Li-ion:
    cost: 140.612
    lifetime: 26.8306
    annual_cost: 5.240732596363853
    efficiency: 0.953281
    discharge_ratio: 2
    depth_of_discharge: 0.9
  Pb-acid:
    cost: 135.943
    lifetime: 5.10131
    annual_cost: 26.648645151931568
    efficiency: 0.775261
    discharge_ratio: 5
    depth_of_discharge: 0.5
  VRBF:
    cost: 262.391
    lifetime: 21.3524
    annual_cost: 12.288595193046216
    efficiency: 0.789926
    discharge_ratio: 0.5
    depth_of_discharge: 1.0
