cost_values:
  wind_capex: 5000.0
  wind_opex: 100
  wind_lifetime: 20
  solar_capex: 1000.0
  solar_opex: 10
  solar_lifetime: 20
  carbon_price: 1.0
timeseries_values:
  load_level: 266971.0706409207
  wind_year: 2014
  solar_year: 2016
  price_year: 2023
  carbon_year: 2023
storage_values:
  CAES:
    cost: 40.4098
    lifetime: 23.7626
    annual_cost: 1.7005630696977603
    efficiency: 0.608827
    discharge_ratio: 0.1
    depth_of_discharge: 0.4
  Li-ion:
    cost: 146.576
    lifetime: 26.2123
    annual_cost: 5.59187862186836
    efficiency: 0.9559
    discharge_ratio: 2
    depth_of_discharge: 0.9
  Pb-acid:
    cost: 131.342
    lifetime: 6.12853
    annual_cost: 21.43124044428273
    efficiency: 0.772903
    discharge_ratio: 5
    depth_of_discharge: 0.5
  VRBF:
    cost: 255.238
    lifetime: 19.3283
    annual_cost: 13.205403475732476
    efficiency: 0.796436
    discharge_ratio: 0.5
    depth_of_discharge: 1.0
