cost_values:
  wind_capex: 5000.0
  wind_opex: 100
  wind_lifetime: 20
  solar_capex: 1000.0
  solar_opex: 10
  solar_lifetime: 20
  carbon_price: 1.0
timeseries_values:
  load_level: 266971.0706409207
  wind_year: 2014
  solar_year: 2016
  price_year: 2023
  carbon_year: 2023
storage_values:
  CAES:
    cost: 44.0737
    lifetime: 24.5839
    annual_cost: 1.7927871493131684
    efficiency: 0.606556
    discharge_ratio: 0.1
    depth_of_discharge: 0.4
  Li-ion:
    cost: 141.058
    lifetime: 25.5352
    annual_cost: 5.524060904163664
    efficiency: 0.97883
    discharge_ratio: 2
    depth_of_discharge: 0.9
  Pb-acid:
    cost: 119.084
    lifetime: 5.24591
    annual_cost: 22.700351321315082
    efficiency: 0.773111
    discharge_ratio: 5
    depth_of_discharge: 0.5
  VRBF:
    cost: 246.238
    lifetime: 20.5851
    annual_cost: 11.9619530631379
    efficiency: 0.790664
    discharge_ratio: 0.5
    depth_of_discharge: 1.0
