cost_values:
  wind_capex: 5000.0
  wind_opex: 100
  wind_lifetime: 20
  solar_capex: 1000.0
  solar_opex: 10
  solar_lifetime: 20
  carbon_price: 1.0
timeseries_values:
  load_level: 266971.0706409207
  wind_year: 2014
  solar_year: 2016
  price_year: 2023
  carbon_year: 2023
storage_values:
  CAES:
    cost: 39.4736
    lifetime: 24.8296
    annual_cost: 1.5897799400715276
    efficiency: 0.607344
    discharge_ratio: 0.1
    depth_of_discharge: 0.4
  Li-ion:
    cost: 156.879
    lifetime: 25.5825
    annual_cost: 6.132277924362357
    efficiency: 0.954781
    discharge_ratio: 2
    depth_of_discharge: 0.9
  Pb-acid:
    cost: 139.139
    lifetime: 5.08385
    annual_cost: 27.368824807970338
    efficiency: 0.775238
    discharge_ratio: 5
    depth_of_discharge: 0.5
  VRBF:
    cost: 272.745
    lifetime: 22.9421
    annual_cost: 11.888406030834144
    efficiency: 0.794763
    discharge_ratio: 0.5
    depth_of_discharge: 1.0
