cost_values:
  wind_capex: 5000.0
  wind_opex: 100
  wind_lifetime: 20
  solar_capex: 1000.0
  solar_opex: 10
  solar_lifetime: 20
  carbon_price: 1.0
timeseries_values:
  load_level: 266971.0706409207
  wind_year: 2014
  solar_year: 2016
  price_year: 2023
  carbon_year: 2023
storage_values:
  CAES:
    cost: 47.793
    lifetime: 24.0461
    annual_cost: 1.9875572338133836
    efficiency: 0.618496
    discharge_ratio: 0.1
    depth_of_discharge: 0.4
  Li-ion:
    cost: 137.82
    lifetime: 25.421
    annual_cost: 5.421501907871445
    efficiency: 0.954189
    discharge_ratio: 2
    depth_of_discharge: 0.9
  Pb-acid:
    cost: 121.659
    lifetime: 7.31708
    annual_cost: 16.626714481733153
    efficiency: 0.772604
    discharge_ratio: 5
    depth_of_discharge: 0.5
  VRBF:
    cost: 271.386
    lifetime: 21.9891
    annual_cost: 12.341842094492272
    efficiency: 0.773838
    discharge_ratio: 0.5
    depth_of_discharge: 1.0
