cost_values:
  wind_capex: 5000.0
  wind_opex: 100
  wind_lifetime: 20
  solar_capex: 1000.0
  solar_opex: 10
  solar_lifetime: 20
  carbon_price: 1.0
timeseries_values:
  load_level: 266971.0706409207
  wind_year: 2014
  solar_year: 2016
  price_year: 2023
  carbon_year: 2023
storage_values:
  CAES:
    cost: 42.8741
    lifetime: 24.7396
    annual_cost: 1.7330150851266795
    efficiency: 0.603057
    discharge_ratio: 0.1
    depth_of_discharge: 0.4
  Li-ion:
    cost: 143.951
    lifetime: 27.839
    annual_cost: 5.170839469808542
    efficiency: 0.964247
    discharge_ratio: 2
    depth_of_discharge: 0.9
  Pb-acid:
    cost: 111.322
    lifetime: 6.08313
    annual_cost: 18.30011852450959
    efficiency: 0.767638
    discharge_ratio: 5
    depth_of_discharge: 0.5
  VRBF:
    cost: 258.599
    lifetime: 22.3183
    annual_cost: 11.58685921418746
    efficiency: 0.779962
    discharge_ratio: 0.5
    depth_of_discharge: 1.0
