cost_values:
  wind_capex: 5000.0
  wind_opex: 100
  wind_lifetime: 20
  solar_capex: 1000.0
  solar_opex: 10
  solar_lifetime: 20
  carbon_price: 1.0
timeseries_values:
  load_level: 266971.0706409207
  wind_year: 2014
  solar_year: 2016
  price_year: 2023
  carbon_year: 2023
storage_values:
  CAES:
    cost: 51.0866
    lifetime: 23.4257
    annual_cost: 2.1807928898602817
    efficiency: 0.620018
    discharge_ratio: 0.1
    depth_of_discharge: 0.4
  Li-ion:
    cost: 134.239
    lifetime: 25.9363
    annual_cost: 5.1757189730223665
    efficiency: 0.972081
    discharge_ratio: 2
    depth_of_discharge: 0.9
  Pb-acid:
    cost: 123.152
    lifetime: 5.45403
    annual_cost: 22.580000476711714
    efficiency: 0.777758
    discharge_ratio: 5
    depth_of_discharge: 0.5
  VRBF:
    cost: 276.194
    lifetime: 20.7153
    annual_cost: 13.332850598350014
    efficiency: 0.799063
    discharge_ratio: 0.5
    depth_of_discharge: 1.0
