cost_values:
  wind_capex: 5000.0
  wind_opex: 100
  wind_lifetime: 20
  solar_capex: 1000.0
  solar_opex: 10
  solar_lifetime: 20
  carbon_price: 1.0
timeseries_values:
  load_level: 266971.0706409207
  wind_year: 2014
  solar_year: 2016
  price_year: 2023
  carbon_year: 2023
storage_values:
  CAES:
    cost: 53.6992
    lifetime: 24.168
    annual_cost: 2.2219132737504137
    efficiency: 0.615558
    discharge_ratio: 0.1
    depth_of_discharge: 0.4
  Li-ion:
    cost: 136.146
    lifetime: 26.2887
    annual_cost: 5.178879138184847
    efficiency: 0.968604
    discharge_ratio: 2
    depth_of_discharge: 0.9
  Pb-acid:
    cost: 136.792
    lifetime: 6.31527
    annual_cost: 21.66051491068474
    efficiency: 0.768603
    discharge_ratio: 5
    depth_of_discharge: 0.5
  VRBF:
    cost: 241.821
    lifetime: 21.2365
    annual_cost: 11.38704588797589
    efficiency: 0.774001
    discharge_ratio: 0.5
    depth_of_discharge: 1.0
