cost_values:
  wind_capex: 5000.0
  wind_opex: 100
  wind_lifetime: 20
  solar_capex: 1000.0
  solar_opex: 10
  solar_lifetime: 20
  carbon_price: 1.0
timeseries_values:
  load_level: 266971.0706409207
  wind_year: 2014
  solar_year: 2016
  price_year: 2023
  carbon_year: 2023
storage_values:
  CAES:
    cost: 42.4207
    lifetime: 23.2336
    annual_cost: 1.8258341367674402
    efficiency: 0.611174
    discharge_ratio: 0.1
    depth_of_discharge: 0.4
  Li-ion:
    cost: 141.132
    lifetime: 23.9793
    annual_cost: 5.885576309567002
    efficiency: 0.956377
    discharge_ratio: 2
    depth_of_discharge: 0.9
  Pb-acid:
    cost: 125.119
    lifetime: 6.73219
    annual_cost: 18.58518550427127
    efficiency: 0.772517
    discharge_ratio: 5
    depth_of_discharge: 0.5
  VRBF:
    cost: 286.709
    lifetime: 21.5837
    annual_cost: 13.283589004665558
    efficiency: 0.806795
    discharge_ratio: 0.5
    depth_of_discharge: 1.0
