cost_values:
  wind_capex: 5000.0
  wind_opex: 100
  wind_lifetime: 20
  solar_capex: 1000.0
  solar_opex: 10
  solar_lifetime: 20
  carbon_price: 1.0
timeseries_values:
  load_level: 266971.0706409207
  wind_year: 2014
  solar_year: 2016
  price_year: 2023
  carbon_year: 2023
storage_values:
  CAES:
    cost: 52.1805
    lifetime: 23.5287
    annual_cost: 2.2177383365846817
    efficiency: 0.609666
    discharge_ratio: 0.1
    depth_of_discharge: 0.4
  Li-ion:
    cost: 140.896
    lifetime: 27.2565
    annual_cost: 5.169262377781446
    efficiency: 0.954416
    discharge_ratio: 2
    depth_of_discharge: 0.9
  Pb-acid:
    cost: 138.845
    lifetime: 5.90756
    annual_cost: 23.502935221986743
    efficiency: 0.747119
    discharge_ratio: 5
    depth_of_discharge: 0.5
  VRBF:
    cost: 281.029
    lifetime: 21.1565
    annual_cost: 13.283340817242927
    efficiency: 0.794124
    discharge_ratio: 0.5
    depth_of_discharge: 1.0
