cost_values:
  wind_capex: 5000.0
  wind_opex: 100
  wind_lifetime: 20
  solar_capex: 1000.0
  solar_opex: 10
  solar_lifetime: 20
  carbon_price: 1.0
timeseries_values:
  load_level: 266971.0706409207
  wind_year: 2014
  solar_year: 2016
  price_year: 2023
  carbon_year: 2023
storage_values:
  CAES:
    cost: 43.9877
    lifetime: 24.0206
    annual_cost: 1.8312490112653304
    efficiency: 0.605897
    discharge_ratio: 0.1
    depth_of_discharge: 0.4
  Li-ion:
    cost: 171.771
    lifetime: 26.6575
    annual_cost: 6.443627496952077
    efficiency: 0.949372
    discharge_ratio: 2
    depth_of_discharge: 0.9
  Pb-acid:
    cost: 109.81
    lifetime: 6.42162
    annual_cost: 17.100046405735625
    efficiency: 0.766428
    discharge_ratio: 5
    depth_of_discharge: 0.5
  VRBF:
    cost: 283.628
    lifetime: 22.4726
    annual_cost: 12.621058533503021
    efficiency: 0.781172
    discharge_ratio: 0.5
    depth_of_discharge: 1.0
