cost_values:
  wind_capex: 5000.0
  wind_opex: 100
  wind_lifetime: 20
  solar_capex: 1000.0
  solar_opex: 10
  solar_lifetime: 20
  carbon_price: 1.0
timeseries_values:
  load_level: 266971.0706409207
  wind_year: 2014
  solar_year: 2016
  price_year: 2023
  carbon_year: 2023
storage_values:
  CAES:
    cost: 41.6937
    lifetime: 24.8092
    annual_cost: 1.6805741418506037
    efficiency: 0.612579
    discharge_ratio: 0.1
    depth_of_discharge: 0.4
  Li-ion:
    cost: 160.177
    lifetime: 26.4811
    annual_cost: 6.048729093579949
    efficiency: 0.957631
    discharge_ratio: 2
    depth_of_discharge: 0.9
  Pb-acid:
    cost: 125.371
    lifetime: 5.38327
    annual_cost: 23.28900463844466
    efficiency: 0.774176
    discharge_ratio: 5
    depth_of_discharge: 0.5
  VRBF:
    cost: 274.351
    lifetime: 21.3216
    annual_cost: 12.86728012907099
    efficiency: 0.795855
    discharge_ratio: 0.5
    depth_of_discharge: 1.0
