cost_values:
  wind_capex: 5000.0
  wind_opex: 100
  wind_lifetime: 20
  solar_capex: 1000.0
  solar_opex: 10
  solar_lifetime: 20
  carbon_price: 1.0
timeseries_values:
  load_level: 266971.0706409207
  wind_year: 2014
  solar_year: 2016
  price_year: 2023
  carbon_year: 2023
storage_values:
  CAES:
    cost: 45.784
    lifetime: 24.2616
    annual_cost: 1.8870973060309293
    efficiency: 0.615619
    discharge_ratio: 0.1
    depth_of_discharge: 0.4
  Li-ion:
    cost: 144.467
    lifetime: 27.7693
    annual_cost: 5.20239977241054
    efficiency: 0.945248
    discharge_ratio: 2
    depth_of_discharge: 0.9
  Pb-acid:
    cost: 129.205
    lifetime: 6.23467
    annual_cost: 20.7236309219253
    efficiency: 0.764995
    discharge_ratio: 5
    depth_of_discharge: 0.5
  VRBF:
    cost: 270.988
    lifetime: 19.9429
    annual_cost: 13.5881942947114
    efficiency: 0.787598
    discharge_ratio: 0.5
    depth_of_discharge: 1.0
