cost_values:
  wind_capex: 5000.0
  wind_opex: 100
  wind_lifetime: 20
  solar_capex: 1000.0
  solar_opex: 10
  solar_lifetime: 20
  carbon_price: 1.0
timeseries_values:
  load_level: 266971.0706409207
  wind_year: 2014
  solar_year: 2016
  price_year: 2023
  carbon_year: 2023
storage_values:
  CAES:
    cost: 39.1778
    lifetime: 23.3225
    annual_cost: 1.679828491799764
    efficiency: 0.609251
    discharge_ratio: 0.1
    depth_of_discharge: 0.4
  Li-ion:
    cost: 165.77
    lifetime: 26.4372
    annual_cost: 6.270331199975792
    efficiency: 0.948067
    discharge_ratio: 2
    depth_of_discharge: 0.9
  Pb-acid:
    cost: 139.985
    lifetime: 6.51537
    annual_cost: 21.485349258752766
    efficiency: 0.766946
    discharge_ratio: 5
    depth_of_discharge: 0.5
  VRBF:
    cost: 285.595
    lifetime: 21.6173
    annual_cost: 13.211409380449918
    efficiency: 0.784177
    discharge_ratio: 0.5
    depth_of_discharge: 1.0
