cost_values:
  wind_capex: 5000.0
  wind_opex: 100
  wind_lifetime: 20
  solar_capex: 1000.0
  solar_opex: 10
  solar_lifetime: 20
  carbon_price: 1.0
timeseries_values:
  load_level: 266971.0706409207
  wind_year: 2014
  solar_year: 2016
  price_year: 2023
  carbon_year: 2023
storage_values:
  CAES:
    cost: 41.7889
    lifetime: 24.023
    annual_cost: 1.7395371102693251
    efficiency: 0.613752
    discharge_ratio: 0.1
    depth_of_discharge: 0.4
  Li-ion:
    cost: 147.821
    lifetime: 26.4031
    annual_cost: 5.598622888978946
    efficiency: 0.959687
    discharge_ratio: 2
    depth_of_discharge: 0.9
  Pb-acid:
    cost: 125.389
    lifetime: 5.85048
    annual_cost: 21.432258549725834
    efficiency: 0.76037
    discharge_ratio: 5
    depth_of_discharge: 0.5
  VRBF:
    cost: 270.664
    lifetime: 21.5191
    annual_cost: 12.577849445376431
    efficiency: 0.798168
    discharge_ratio: 0.5
    depth_of_discharge: 1.0
