cost_values:
  wind_capex: 5000.0
  wind_opex: 100
  wind_lifetime: 20
  solar_capex: 1000.0
  solar_opex: 10
  solar_lifetime: 20
  carbon_price: 1.0
timeseries_values:
  load_level: 266971.0706409207
  wind_year: 2014
  solar_year: 2016
  price_year: 2023
  carbon_year: 2023
storage_values:
  CAES:
    cost: 44.739
    lifetime: 25.0409
    annual_cost: 1.7866370617669491
    efficiency: 0.60489
    discharge_ratio: 0.1
    depth_of_discharge: 0.4
  Li-ion:
    cost: 137.437
    lifetime: 26.1611
    annual_cost: 5.253487047562985
    efficiency: 0.954369
    discharge_ratio: 2
    depth_of_discharge: 0.9
  Pb-acid:
    cost: 116.519
    lifetime: 7.75832
    annual_cost: 15.018586498107839
    efficiency: 0.774263
    discharge_ratio: 5
    depth_of_discharge: 0.5
  VRBF:
    cost: 274.635
    lifetime: 21.3766
    annual_cost: 12.847459371462254
    efficiency: 0.818196
    discharge_ratio: 0.5
    depth_of_discharge: 1.0
