cost_values:
  wind_capex: 5000.0
  wind_opex: 100
  wind_lifetime: 20
  solar_capex: 1000.0
  solar_opex: 10
  solar_lifetime: 20
  carbon_price: 1.0
timeseries_values:
  load_level: 266971.0706409207
  wind_year: 2014
  solar_year: 2016
  price_year: 2023
  carbon_year: 2023
storage_values:
  CAES:
    cost: 44.2871
    lifetime: 23.669
    annual_cost: 1.8711014407030293
    efficiency: 0.61549
    discharge_ratio: 0.1
    depth_of_discharge: 0.4
  Li-ion:
    cost: 141.391
    lifetime: 28.2827
    annual_cost: 4.999204460677375
    efficiency: 0.954464
    discharge_ratio: 2
    depth_of_discharge: 0.9
  Pb-acid:
    cost: 123.802
    lifetime: 6.90275
    annual_cost: 17.93517076527471
    efficiency: 0.772811
    discharge_ratio: 5
    depth_of_discharge: 0.5
  VRBF:
    cost: 265.269
    lifetime: 21.3618
    annual_cost: 12.417914220711738
    efficiency: 0.782557
    discharge_ratio: 0.5
    depth_of_discharge: 1.0
