cost_values:
  wind_capex: 5000.0
  wind_opex: 100
  wind_lifetime: 20
  solar_capex: 1000.0
  solar_opex: 10
  solar_lifetime: 20
  carbon_price: 1.0
timeseries_values:
  load_level: 266971.0706409207
  wind_year: 2014
  solar_year: 2016
  price_year: 2023
  carbon_year: 2023
storage_values:
  CAES:
    cost: 44.2019
    lifetime: 23.4771
    annual_cost: 1.8827666108676115
    efficiency: 0.610032
    discharge_ratio: 0.1
    depth_of_discharge: 0.4
  Li-ion:
    cost: 149.809
    lifetime: 26.2908
    annual_cost: 5.698152966056567
    efficiency: 0.947769
    discharge_ratio: 2
    depth_of_discharge: 0.9
  Pb-acid:
    cost: 139.158
    lifetime: 6.24918
    annual_cost: 22.26820158804835
    efficiency: 0.763594
    discharge_ratio: 5
    depth_of_discharge: 0.5
  VRBF:
    cost: 245.544
    lifetime: 19.6433
    annual_cost: 12.500139996843709
    efficiency: 0.785404
    discharge_ratio: 0.5
    depth_of_discharge: 1.0
