cost_values:
  wind_capex: 5000.0
  wind_opex: 100
  wind_lifetime: 20
  solar_capex: 1000.0
  solar_opex: 10
  solar_lifetime: 20
  carbon_price: 1.0
timeseries_values:
  load_level: 266971.0706409207
  wind_year: 2014
  solar_year: 2016
  price_year: 2023
  carbon_year: 2023
storage_values:
  CAES:
    cost: 47.7301
    lifetime: 24.4519
    annual_cost: 1.9519996401097666
    efficiency: 0.616242
    discharge_ratio: 0.1
    depth_of_discharge: 0.4
  Li-ion:
    cost: 141.164
    lifetime: 28.2376
    annual_cost: 4.999150069410997
    efficiency: 0.949858
    discharge_ratio: 2
    depth_of_discharge: 0.9
  Pb-acid:
    cost: 128.644
    lifetime: 5.22446
    annual_cost: 24.62340605536266
    efficiency: 0.77117
    discharge_ratio: 5
    depth_of_discharge: 0.5
  VRBF:
    cost: 265.348
    lifetime: 23.2692
    annual_cost: 11.403400202843244
    efficiency: 0.780536
    discharge_ratio: 0.5
    depth_of_discharge: 1.0
