cost_values:
  wind_capex: 5000.0
  wind_opex: 100
  wind_lifetime: 20
  solar_capex: 1000.0
  solar_opex: 10
  solar_lifetime: 20
  carbon_price: 1.0
timeseries_values:
  load_level: 266971.0706409207
  wind_year: 2014
  solar_year: 2016
  price_year: 2023
  carbon_year: 2023
storage_values:
  CAES:
    cost: 37.1041
    lifetime: 23.7661
    annual_cost: 1.5612195522193377
    efficiency: 0.602911
    discharge_ratio: 0.1
    depth_of_discharge: 0.4
  Li-ion:
    cost: 146.133
    lifetime: 28.6145
    annual_cost: 5.106956263432876
    efficiency: 0.955284
    discharge_ratio: 2
    depth_of_discharge: 0.9
  Pb-acid:
    cost: 127.544
    lifetime: 5.53597
    annual_cost: 23.039142191883265
    efficiency: 0.77531
    discharge_ratio: 5
    depth_of_discharge: 0.5
  VRBF:
    cost: 271.499
    lifetime: 21.4585
    annual_cost: 12.65228231237039
    efficiency: 0.785287
    discharge_ratio: 0.5
    depth_of_discharge: 1.0
