cost_values:
  wind_capex: 5000.0
  wind_opex: 100
  wind_lifetime: 20
  solar_capex: 1000.0
  solar_opex: 10
  solar_lifetime: 20
  carbon_price: 1.0
timeseries_values:
  load_level: 266971.0706409207
  wind_year: 2014
  solar_year: 2016
  price_year: 2023
  carbon_year: 2023
storage_values:
  CAES:
    cost: 36.2291
    lifetime: 24.8668
    annual_cost: 1.456926504415526
    efficiency: 0.608839
    discharge_ratio: 0.1
    depth_of_discharge: 0.4
  Li-ion:
    cost: 147.663
    lifetime: 28.2531
    annual_cost: 5.226435329220511
    efficiency: 0.95334
    discharge_ratio: 2
    depth_of_discharge: 0.9
  Pb-acid:
    cost: 119.599
    lifetime: 5.63536
    annual_cost: 21.222956474830355
    efficiency: 0.769727
    discharge_ratio: 5
    depth_of_discharge: 0.5
  VRBF:
    cost: 252.26
    lifetime: 22.4841
    annual_cost: 11.21948399090913
    efficiency: 0.798065
    discharge_ratio: 0.5
    depth_of_discharge: 1.0
