cost_values:
  wind_capex: 5000.0
  wind_opex: 100
  wind_lifetime: 20
  solar_capex: 1000.0
  solar_opex: 10
  solar_lifetime: 20
  carbon_price: 1.0
timeseries_values:
  load_level: 266971.0706409207
  wind_year: 2014
  solar_year: 2016
  price_year: 2023
  carbon_year: 2023
storage_values:
  CAES:
    cost: 47.9679
    lifetime: 24.3636
    annual_cost: 1.9688346549770968
    efficiency: 0.60935
    discharge_ratio: 0.1
    depth_of_discharge: 0.4
  Li-ion:
    cost: 150.461
    lifetime: 24.252
    annual_cost: 6.204065644070593
    efficiency: 0.959749
    discharge_ratio: 2
    depth_of_discharge: 0.9
  Pb-acid:
    cost: 114.056
    lifetime: 6.07344
    annual_cost: 18.77947258884586
    efficiency: 0.790508
    discharge_ratio: 5
    depth_of_discharge: 0.5
  VRBF:
    cost: 264.595
    lifetime: 21.8201
    annual_cost: 12.126204737833467
    efficiency: 0.792284
    discharge_ratio: 0.5
    depth_of_discharge: 1.0
