cost_values:
  wind_capex: 5000.0
  wind_opex: 100
  wind_lifetime: 20
  solar_capex: 1000.0
  solar_opex: 10
  solar_lifetime: 20
  carbon_price: 1.0
timeseries_values:
  load_level: 266971.0706409207
  wind_year: 2014
  solar_year: 2016
  price_year: 2023
  carbon_year: 2023
storage_values:
  CAES:
    cost: 44.7082
    lifetime: 24.526
    annual_cost: 1.822889994291772
    efficiency: 0.619026
    discharge_ratio: 0.1
    depth_of_discharge: 0.4
  Li-ion:
    cost: 141.674
    lifetime: 27.1395
    annual_cost: 5.220214079109785
    efficiency: 0.971246
    discharge_ratio: 2
    depth_of_discharge: 0.9
  Pb-acid:
    cost: 124.082
    lifetime: 6.50208
    annual_cost: 19.08343176337418
    efficiency: 0.75873
    discharge_ratio: 5
    depth_of_discharge: 0.5
  VRBF:
    cost: 283.745
    lifetime: 21.3486
    annual_cost: 13.291035477736244
    efficiency: 0.802169
    discharge_ratio: 0.5
    depth_of_discharge: 1.0
