cost_values:
  wind_capex: 5000.0
  wind_opex: 100
  wind_lifetime: 20
  solar_capex: 1000.0
  solar_opex: 10
  solar_lifetime: 20
  carbon_price: 1.0
timeseries_values:
  load_level: 266971.0706409207
  wind_year: 2014
  solar_year: 2016
  price_year: 2023
  carbon_year: 2023
storage_values:
  CAES:
    cost: 43.8014
    lifetime: 23.1334
    annual_cost: 1.8934268200956192
    efficiency: 0.604331
    discharge_ratio: 0.1
    depth_of_discharge: 0.4
  Li-ion:
    cost: 142.782
    lifetime: 24.2989
    annual_cost: 5.876068464004544
    efficiency: 0.952628
    discharge_ratio: 2
    depth_of_discharge: 0.9
  Pb-acid:
    cost: 135.693
    lifetime: 5.96012
    annual_cost: 22.766823486775436
    efficiency: 0.75573
    discharge_ratio: 5
    depth_of_discharge: 0.5
  VRBF:
    cost: 244.503
    lifetime: 22.2313
    annual_cost: 10.998142258887244
    efficiency: 0.797941
    discharge_ratio: 0.5
    depth_of_discharge: 1.0
