cost_values:
  wind_capex: 5000.0
  wind_opex: 100
  wind_lifetime: 20
  solar_capex: 1000.0
  solar_opex: 10
  solar_lifetime: 20
  carbon_price: 1.0
timeseries_values:
  load_level: 266971.0706409207
  wind_year: 2014
  solar_year: 2016
  price_year: 2023
  carbon_year: 2023
storage_values:
  CAES:
    cost: 46.3371
    lifetime: 24.2598
    annual_cost: 1.9100363564415206
    efficiency: 0.607978
    discharge_ratio: 0.1
    depth_of_discharge: 0.4
  Li-ion:
    cost: 124.959
    lifetime: 25.5084
    annual_cost: 4.898739238838971
    efficiency: 0.934588
    discharge_ratio: 2
    depth_of_discharge: 0.9
  Pb-acid:
    cost: 138.922
    lifetime: 6.11165
    annual_cost: 22.73068647582895
    efficiency: 0.766954
    discharge_ratio: 5
    depth_of_discharge: 0.5
  VRBF:
    cost: 228.978
    lifetime: 21.8404
    annual_cost: 10.484148641966264
    efficiency: 0.790975
    discharge_ratio: 0.5
    depth_of_discharge: 1.0
