cost_values:
  wind_capex: 5000.0
  wind_opex: 100
  wind_lifetime: 20
  solar_capex: 1000.0
  solar_opex: 10
  solar_lifetime: 20
  carbon_price: 1.0
timeseries_values:
  load_level: 266971.0706409207
  wind_year: 2014
  solar_year: 2016
  price_year: 2023
  carbon_year: 2023
storage_values:
  CAES:
    cost: 50.4653
    lifetime: 24.6626
    annual_cost: 2.0462278916253758
    efficiency: 0.62081
    discharge_ratio: 0.1
    depth_of_discharge: 0.4
  Li-ion:
    cost: 147.523
    lifetime: 22.9371
    annual_cost: 6.431632595227819
    efficiency: 0.943797
    discharge_ratio: 2
    depth_of_discharge: 0.9
  Pb-acid:
    cost: 118.089
    lifetime: 5.41985
    annual_cost: 21.78824137199369
    efficiency: 0.770405
    discharge_ratio: 5
    depth_of_discharge: 0.5
  VRBF:
    cost: 247.827
    lifetime: 18.7959
    annual_cost: 13.185162721657383
    efficiency: 0.773071
    discharge_ratio: 0.5
    depth_of_discharge: 1.0
