cost_values:
  wind_capex: 5000.0
  wind_opex: 100
  wind_lifetime: 20
  solar_capex: 1000.0
  solar_opex: 10
  solar_lifetime: 20
  carbon_price: 1.0
timeseries_values:
  load_level: 266971.0706409207
  wind_year: 2014
  solar_year: 2016
  price_year: 2023
  carbon_year: 2023
storage_values:
  CAES:
    cost: 36.0456
    lifetime: 24.4039
    annual_cost: 1.4770426038461066
    efficiency: 0.622834
    discharge_ratio: 0.1
    depth_of_discharge: 0.4
  Li-ion:
    cost: 161.743
    lifetime: 25.8551
    annual_cost: 6.255748382330759
    efficiency: 0.953513
    discharge_ratio: 2
    depth_of_discharge: 0.9
  Pb-acid:
    cost: 154.103
    lifetime: 6.67278
    annual_cost: 23.094272552069754
    efficiency: 0.757439
    discharge_ratio: 5
    depth_of_discharge: 0.5
  VRBF:
    cost: 264.741
    lifetime: 21.7433
    annual_cost: 12.17575069101746
    efficiency: 0.773331
    discharge_ratio: 0.5
    depth_of_discharge: 1.0
