cost_values:
  wind_capex: 5000.0
  wind_opex: 100
  wind_lifetime: 20
  solar_capex: 1000.0
  solar_opex: 10
  solar_lifetime: 20
  carbon_price: 1.0
timeseries_values:
  load_level: 266971.0706409207
  wind_year: 2014
  solar_year: 2016
  price_year: 2023
  carbon_year: 2023
storage_values:
  CAES:
    cost: 46.0791
    lifetime: 25.1147
    annual_cost: 1.8347461845054887
    efficiency: 0.607345
    discharge_ratio: 0.1
    depth_of_discharge: 0.4
  Li-ion:
    cost: 130.788
    lifetime: 26.3171
    annual_cost: 4.969696509113847
    efficiency: 0.949075
    discharge_ratio: 2
    depth_of_discharge: 0.9
  Pb-acid:
    cost: 119.193
    lifetime: 5.31509
    annual_cost: 22.425396371463137
    efficiency: 0.760601
    discharge_ratio: 5
    depth_of_discharge: 0.5
  VRBF:
    cost: 276.025
    lifetime: 19.0678
    annual_cost: 14.475975204271075
    efficiency: 0.766297
    discharge_ratio: 0.5
    depth_of_discharge: 1.0
