cost_values:
  wind_capex: 5000.0
  wind_opex: 100
  wind_lifetime: 20
  solar_capex: 1000.0
  solar_opex: 10
  solar_lifetime: 20
  carbon_price: 1.0
timeseries_values:
  load_level: 266971.0706409207
  wind_year: 2014
  solar_year: 2016
  price_year: 2023
  carbon_year: 2023
storage_values:
  CAES:
    cost: 44.4319
    lifetime: 23.4353
    annual_cost: 1.895939032143817
    efficiency: 0.609453
    discharge_ratio: 0.1
    depth_of_discharge: 0.4
  Li-ion:
    cost: 154.536
    lifetime: 25.1516
    annual_cost: 6.144181682278663
    efficiency: 0.965686
    discharge_ratio: 2
    depth_of_discharge: 0.9
  Pb-acid:
    cost: 128.598
    lifetime: 5.82832
    annual_cost: 22.06433414774755
    efficiency: 0.75598
    discharge_ratio: 5
    depth_of_discharge: 0.5
  VRBF:
    cost: 258.107
    lifetime: 18.4405
    annual_cost: 13.99674629212874
    efficiency: 0.786918
    discharge_ratio: 0.5
    depth_of_discharge: 1.0
