cost_values:
  wind_capex: 5000.0
  wind_opex: 100
  wind_lifetime: 20
  solar_capex: 1000.0
  solar_opex: 10
  solar_lifetime: 20
  carbon_price: 1.0
timeseries_values:
  load_level: 266971.0706409207
  wind_year: 2014
  solar_year: 2016
  price_year: 2023
  carbon_year: 2023
storage_values:
  CAES:
    cost: 41.8574
    lifetime: 23.7131
    annual_cost: 1.7651593423044645
    efficiency: 0.597629
    discharge_ratio: 0.1
    depth_of_discharge: 0.4
  Li-ion:
    cost: 163.651
    lifetime: 26.55
    annual_cost: 6.163879472693032
    efficiency: 0.960655
    discharge_ratio: 2
    depth_of_discharge: 0.9
  Pb-acid:
    cost: 132.423
    lifetime: 6.77611
    annual_cost: 19.54262844021127
    efficiency: 0.752614
    discharge_ratio: 5
    depth_of_discharge: 0.5
  VRBF:
    cost: 270.311
    lifetime: 20.4912
    annual_cost: 13.1915651596783
    efficiency: 0.775833
    discharge_ratio: 0.5
    depth_of_discharge: 1.0
