cost_values:
  wind_capex: 5000.0
  wind_opex: 100
  wind_lifetime: 20
  solar_capex: 1000.0
  solar_opex: 10
  solar_lifetime: 20
  carbon_price: 1.0
timeseries_values:
  load_level: 266971.0706409207
  wind_year: 2014
  solar_year: 2016
  price_year: 2023
  carbon_year: 2023
storage_values:
  CAES:
    cost: 34.7892
    lifetime: 23.8189
    annual_cost: 1.4605712270507876
    efficiency: 0.611782
    discharge_ratio: 0.1
    depth_of_discharge: 0.4
  Li-ion:
    cost: 132.484
    lifetime: 25.2286
    annual_cost: 5.251341731209818
    efficiency: 0.951359
    discharge_ratio: 2
    depth_of_discharge: 0.9
  Pb-acid:
    cost: 132.227
    lifetime: 5.26282
    annual_cost: 25.12474300850115
    efficiency: 0.750144
    discharge_ratio: 5
    depth_of_discharge: 0.5
  VRBF:
    cost: 277.593
    lifetime: 23.3557
    annual_cost: 11.885449804544502
    efficiency: 0.77714
    discharge_ratio: 0.5
    depth_of_discharge: 1.0
