cost_values:
  wind_capex: 5000.0
  wind_opex: 100
  wind_lifetime: 20
  solar_capex: 1000.0
  solar_opex: 10
  solar_lifetime: 20
  carbon_price: 1.0
timeseries_values:
  load_level: 266971.0706409207
  wind_year: 2014
  solar_year: 2016
  price_year: 2023
  carbon_year: 2023
storage_values:
  CAES:
    cost: 46.9437
    lifetime: 23.9598
    annual_cost: 1.9592692760373625
    efficiency: 0.610785
    discharge_ratio: 0.1
    depth_of_discharge: 0.4
  Li-ion:
    cost: 136.163
    lifetime: 24.2085
    annual_cost: 5.624594667162361
    efficiency: 0.955013
    discharge_ratio: 2
    depth_of_discharge: 0.9
  Pb-acid:
    cost: 119.965
    lifetime: 5.51463
    annual_cost: 21.75395266772204
    efficiency: 0.762761
    discharge_ratio: 5
    depth_of_discharge: 0.5
  VRBF:
    cost: 260.324
    lifetime: 22.6987
    annual_cost: 11.468674417477654
    efficiency: 0.787288
    discharge_ratio: 0.5
    depth_of_discharge: 1.0
