cost_values:
  wind_capex: 5000.0
  wind_opex: 100
  wind_lifetime: 20
  solar_capex: 1000.0
  solar_opex: 10
  solar_lifetime: 20
  carbon_price: 1.0
timeseries_values:
  load_level: 266971.0706409207
  wind_year: 2014
  solar_year: 2016
  price_year: 2023
  carbon_year: 2023
storage_values:
  CAES:
    cost: 38.3055
    lifetime: 24.25
    annual_cost: 1.5796082474226805
    efficiency: 0.613758
    discharge_ratio: 0.1
    depth_of_discharge: 0.4
  Li-ion:
    cost: 149.028
    lifetime: 26.2208
    annual_cost: 5.683579448376861
    efficiency: 0.945427
    discharge_ratio: 2
    depth_of_discharge: 0.9
  Pb-acid:
    cost: 122.415
    lifetime: 5.72514
    annual_cost: 21.382009872247668
    efficiency: 0.768612
    discharge_ratio: 5
    depth_of_discharge: 0.5
  VRBF:
    cost: 290.898
    lifetime: 23.6783
    annual_cost: 12.285425896284785
    efficiency: 0.786016
    discharge_ratio: 0.5
    depth_of_discharge: 1.0
