cost_values:
  wind_capex: 5000.0
  wind_opex: 100
  wind_lifetime: 20
  solar_capex: 1000.0
  solar_opex: 10
  solar_lifetime: 20
  carbon_price: 1.0
timeseries_values:
  load_level: 266971.0706409207
  wind_year: 2014
  solar_year: 2016
  price_year: 2023
  carbon_year: 2023
storage_values:
  CAES:
    cost: 43.1967
    lifetime: 24.3491
    annual_cost: 1.774057357356124
    efficiency: 0.611953
    discharge_ratio: 0.1
    depth_of_discharge: 0.4
  Li-ion:
    cost: 132.433
    lifetime: 26.8515
    annual_cost: 4.932052213097964
    efficiency: 0.953056
    discharge_ratio: 2
    depth_of_discharge: 0.9
  Pb-acid:
    cost: 125.556
    lifetime: 6.04684
    annual_cost: 20.7639031295685
    efficiency: 0.764082
    discharge_ratio: 5
    depth_of_discharge: 0.5
  VRBF:
    cost: 248.685
    lifetime: 19.955
    annual_cost: 12.4622901528439
    efficiency: 0.787004
    discharge_ratio: 0.5
    depth_of_discharge: 1.0
