cost_values:
  wind_capex: 5000.0
  wind_opex: 100
  wind_lifetime: 20
  solar_capex: 1000.0
  solar_opex: 10
  solar_lifetime: 20
  carbon_price: 1.0
timeseries_values:
  load_level: 266971.0706409207
  wind_year: 2014
  solar_year: 2016
  price_year: 2023
  carbon_year: 2023
storage_values:
  CAES:
    cost: 40.7403
    lifetime: 24.145
    annual_cost: 1.6873182853592876
    efficiency: 0.604303
    discharge_ratio: 0.1
    depth_of_discharge: 0.4
  Li-ion:
    cost: 131.532
    lifetime: 24.6789
    annual_cost: 5.329735117853714
    efficiency: 0.953993
    discharge_ratio: 2
    depth_of_discharge: 0.9
  Pb-acid:
    cost: 116.077
    lifetime: 6.30883
    annual_cost: 18.399132644246237
    efficiency: 0.763133
    discharge_ratio: 5
    depth_of_discharge: 0.5
  VRBF:
    cost: 280.677
    lifetime: 21.1559
    annual_cost: 13.267079159950654
    efficiency: 0.786977
    discharge_ratio: 0.5
    depth_of_discharge: 1.0
