cost_values:
  wind_capex: 5000.0
  wind_opex: 100
  wind_lifetime: 20
  solar_capex: 1000.0
  solar_opex: 10
  solar_lifetime: 20
  carbon_price: 1.0
timeseries_values:
  load_level: 266971.0706409207
  wind_year: 2014
  solar_year: 2016
  price_year: 2023
  carbon_year: 2023
storage_values:
  CAES:
    cost: 45.603
    lifetime: 24.2525
    annual_cost: 1.8803422327595094
    efficiency: 0.60229
    discharge_ratio: 0.1
    depth_of_discharge: 0.4
  Li-ion:
    cost: 165.902
    lifetime: 24.5801
    annual_cost: 6.749443655640131
    efficiency: 0.946085
    discharge_ratio: 2
    depth_of_discharge: 0.9
  Pb-acid:
    cost: 110.62
    lifetime: 6.09809
    annual_cost: 18.140106164389177
    efficiency: 0.767238
    discharge_ratio: 5
    depth_of_discharge: 0.5
  VRBF:
    cost: 276.201
    lifetime: 21.5227
    annual_cost: 12.83300886970501
    efficiency: 0.778455
    discharge_ratio: 0.5
    depth_of_discharge: 1.0
