cost_values:
  wind_capex: 5000.0
  wind_opex: 100
  wind_lifetime: 20
  solar_capex: 1000.0
  solar_opex: 10
  solar_lifetime: 20
  carbon_price: 1.0
timeseries_values:
  load_level: 266971.0706409207
  wind_year: 2014
  solar_year: 2016
  price_year: 2023
  carbon_year: 2023
storage_values:
  CAES:
    cost: 42.844
    lifetime: 22.9342
    annual_cost: 1.8681270765930358
    efficiency: 0.610031
    discharge_ratio: 0.1
    depth_of_discharge: 0.4
  Li-ion:
    cost: 161.847
    lifetime: 28.2664
    annual_cost: 5.725773356352419
    efficiency: 0.957681
    discharge_ratio: 2
    depth_of_discharge: 0.9
  Pb-acid:
    cost: 116.875
    lifetime: 7.3808
    annual_cost: 15.83500433557338
    efficiency: 0.776536
    discharge_ratio: 5
    depth_of_discharge: 0.5
  VRBF:
    cost: 266.935
    lifetime: 22.2239
    annual_cost: 12.01116815680416
    efficiency: 0.785913
    discharge_ratio: 0.5
    depth_of_discharge: 1.0
