cost_values:
  wind_capex: 5000.0
  wind_opex: 100
  wind_lifetime: 20
  solar_capex: 1000.0
  solar_opex: 10
  solar_lifetime: 20
  carbon_price: 1.0
timeseries_values:
  load_level: 266971.0706409207
  wind_year: 2014
  solar_year: 2016
  price_year: 2023
  carbon_year: 2023
storage_values:
  CAES:
    cost: 46.6544
    lifetime: 24.3926
    annual_cost: 1.9126456384313275
    efficiency: 0.621201
    discharge_ratio: 0.1
    depth_of_discharge: 0.4
  Li-ion:
    cost: 139.176
    lifetime: 24.1135
    annual_cost: 5.771704646774628
    efficiency: 0.962908
    discharge_ratio: 2
    depth_of_discharge: 0.9
  Pb-acid:
    cost: 129.174
    lifetime: 5.45441
    annual_cost: 23.682488115121526
    efficiency: 0.770104
    discharge_ratio: 5
    depth_of_discharge: 0.5
  VRBF:
    cost: 267.741
    lifetime: 22.2508
    annual_cost: 12.032870728243477
    efficiency: 0.796687
    discharge_ratio: 0.5
    depth_of_discharge: 1.0
