cost_values:
  wind_capex: 5000.0
  wind_opex: 100
  wind_lifetime: 20
  solar_capex: 1000.0
  solar_opex: 10
  solar_lifetime: 20
  carbon_price: 1.0
timeseries_values:
  load_level: 266971.0706409207
  wind_year: 2014
  solar_year: 2016
  price_year: 2023
  carbon_year: 2023
storage_values:
  CAES:
    cost: 39.1968
    lifetime: 24.3632
    annual_cost: 1.60885269586918
    efficiency: 0.613696
    discharge_ratio: 0.1
    depth_of_discharge: 0.4
  Li-ion:
    cost: 153.927
    lifetime: 24.7564
    annual_cost: 6.217664927049167
    efficiency: 0.948986
    discharge_ratio: 2
    depth_of_discharge: 0.9
  Pb-acid:
    cost: 123.518
    lifetime: 5.70079
    annual_cost: 21.666821615951473
    efficiency: 0.765363
    discharge_ratio: 5
    depth_of_discharge: 0.5
  VRBF:
    cost: 243.601
    lifetime: 22.4175
    annual_cost: 10.866555146648823
    efficiency: 0.774896
    discharge_ratio: 0.5
    depth_of_discharge: 1.0
