cost_values:
  wind_capex: 5000.0
  wind_opex: 100
  wind_lifetime: 20
  solar_capex: 1000.0
  solar_opex: 10
  solar_lifetime: 20
  carbon_price: 1.0
timeseries_values:
  load_level: 266971.0706409207
  wind_year: 2014
  solar_year: 2016
  price_year: 2023
  carbon_year: 2023
storage_values:
  CAES:
    cost: 49.2176
    lifetime: 23.4812
    annual_cost: 2.0960427916801523
    efficiency: 0.617171
    discharge_ratio: 0.1
    depth_of_discharge: 0.4
  Li-ion:
    cost: 141.723
    lifetime: 26.8087
    annual_cost: 5.286455516306273
    efficiency: 0.946696
    discharge_ratio: 2
    depth_of_discharge: 0.9
  Pb-acid:
    cost: 119.703
    lifetime: 6.14427
    annual_cost: 19.482054011298334
    efficiency: 0.766213
    discharge_ratio: 5
    depth_of_discharge: 0.5
  VRBF:
    cost: 244.399
    lifetime: 22.3999
    annual_cost: 10.910718351421213
    efficiency: 0.77161
    discharge_ratio: 0.5
    depth_of_discharge: 1.0
