cost_values:
  wind_capex: 5000.0
  wind_opex: 100
  wind_lifetime: 20
  solar_capex: 1000.0
  solar_opex: 10
  solar_lifetime: 20
  carbon_price: 1.0
timeseries_values:
  load_level: 266971.0706409207
  wind_year: 2014
  solar_year: 2016
  price_year: 2023
  carbon_year: 2023
storage_values:
  CAES:
    cost: 42.941
    lifetime: 23.7188
    annual_cost: 1.810420425991197
    efficiency: 0.617796
    discharge_ratio: 0.1
    depth_of_discharge: 0.4
  Li-ion:
    cost: 135.836
    lifetime: 26.4709
    annual_cost: 5.131521784298985
    efficiency: 0.969818
    discharge_ratio: 2
    depth_of_discharge: 0.9
  Pb-acid:
    cost: 109.084
    lifetime: 5.82832
    annual_cost: 18.71619952233234
    efficiency: 0.76701
    discharge_ratio: 5
    depth_of_discharge: 0.5
  VRBF:
    cost: 264.13
    lifetime: 20.6201
    annual_cost: 12.8093462204354
    efficiency: 0.78147
    discharge_ratio: 0.5
    depth_of_discharge: 1.0
