cost_values:
  wind_capex: 5000.0
  wind_opex: 100
  wind_lifetime: 20
  solar_capex: 1000.0
  solar_opex: 10
  solar_lifetime: 20
  carbon_price: 1.0
timeseries_values:
  load_level: 266971.0706409207
  wind_year: 2014
  solar_year: 2016
  price_year: 2023
  carbon_year: 2023
storage_values:
  CAES:
    cost: 49.8031
    lifetime: 23.4705
    annual_cost: 2.1219445687139173
    efficiency: 0.617409
    discharge_ratio: 0.1
    depth_of_discharge: 0.4
  Li-ion:
    cost: 130.789
    lifetime: 26.6402
    annual_cost: 4.909460139188144
    efficiency: 0.93147
    discharge_ratio: 2
    depth_of_discharge: 0.9
  Pb-acid:
    cost: 114.795
    lifetime: 6.39765
    annual_cost: 17.943307308152214
    efficiency: 0.76594
    discharge_ratio: 5
    depth_of_discharge: 0.5
  VRBF:
    cost: 278.662
    lifetime: 21.4708
    annual_cost: 12.978650073588314
    efficiency: 0.788185
    discharge_ratio: 0.5
    depth_of_discharge: 1.0
