cost_values:
  wind_capex: 5000.0
  wind_opex: 100
  wind_lifetime: 20
  solar_capex: 1000.0
  solar_opex: 10
  solar_lifetime: 20
  carbon_price: 1.0
timeseries_values:
  load_level: 266971.0706409207
  wind_year: 2014
  solar_year: 2016
  price_year: 2023
  carbon_year: 2023
storage_values:
  CAES:
    cost: 40.9364
    lifetime: 24.5139
    annual_cost: 1.6699260419598676
    efficiency: 0.617091
    discharge_ratio: 0.1
    depth_of_discharge: 0.4
  Li-ion:
    cost: 138.186
    lifetime: 28.1646
    annual_cost: 4.906371828465521
    efficiency: 0.95787
    discharge_ratio: 2
    depth_of_discharge: 0.9
  Pb-acid:
    cost: 134.553
    lifetime: 6.04405
    annual_cost: 22.26205938071326
    efficiency: 0.75954
    discharge_ratio: 5
    depth_of_discharge: 0.5
  VRBF:
    cost: 237.87
    lifetime: 20.1308
    annual_cost: 11.81622190871699
    efficiency: 0.781969
    discharge_ratio: 0.5
    depth_of_discharge: 1.0
