cost_values:
  wind_capex: 5000.0
  wind_opex: 100
  wind_lifetime: 20
  solar_capex: 1000.0
  solar_opex: 10
  solar_lifetime: 20
  carbon_price: 1.0
timeseries_values:
  load_level: 266971.0706409207
  wind_year: 2014
  solar_year: 2016
  price_year: 2023
  carbon_year: 2023
storage_values:
  CAES:
    cost: 39.3691
    lifetime: 23.7307
    annual_cost: 1.6589944670827244
    efficiency: 0.611972
    discharge_ratio: 0.1
    depth_of_discharge: 0.4
  Li-ion:
    cost: 135.723
    lifetime: 26.2783
    annual_cost: 5.164831819409931
    efficiency: 0.959882
    discharge_ratio: 2
    depth_of_discharge: 0.9
  Pb-acid:
    cost: 126.27
    lifetime: 5.48226
    annual_cost: 23.032472009718617
    efficiency: 0.772456
    discharge_ratio: 5
    depth_of_discharge: 0.5
  VRBF:
    cost: 275.619
    lifetime: 22.1918
    annual_cost: 12.419857785308087
    efficiency: 0.769796
    discharge_ratio: 0.5
    depth_of_discharge: 1.0
