cost_values:
  wind_capex: 5000.0
  wind_opex: 100
  wind_lifetime: 20
  solar_capex: 1000.0
  solar_opex: 10
  solar_lifetime: 20
  carbon_price: 1.0
timeseries_values:
  load_level: 266971.0706409207
  wind_year: 2014
  solar_year: 2016
  price_year: 2023
  carbon_year: 2023
storage_values:
  CAES:
    cost: 44.4061
    lifetime: 23.5862
    annual_cost: 1.8827153165834258
    efficiency: 0.610117
    discharge_ratio: 0.1
    depth_of_discharge: 0.4
  Li-ion:
    cost: 147.633
    lifetime: 25.1718
    annual_cost: 5.865015612709461
    efficiency: 0.951007
    discharge_ratio: 2
    depth_of_discharge: 0.9
  Pb-acid:
    cost: 102.094
    lifetime: 6.70501
    annual_cost: 15.226524643512835
    efficiency: 0.755025
    discharge_ratio: 5
    depth_of_discharge: 0.5
  VRBF:
    cost: 246.108
    lifetime: 19.0171
    annual_cost: 12.941405366748874
    efficiency: 0.808323
    discharge_ratio: 0.5
    depth_of_discharge: 1.0
