cost_values:
  wind_capex: 5000.0
  wind_opex: 100
  wind_lifetime: 20
  solar_capex: 1000.0
  solar_opex: 10
  solar_lifetime: 20
  carbon_price: 1.0
timeseries_values:
  load_level: 266971.0706409207
  wind_year: 2014
  solar_year: 2016
  price_year: 2023
  carbon_year: 2023
storage_values:
  CAES:
    cost: 42.5435
    lifetime: 23.8795
    annual_cost: 1.7815909043321678
    efficiency: 0.61507
    discharge_ratio: 0.1
    depth_of_discharge: 0.4
  Li-ion:
    cost: 146.273
    lifetime: 26.9369
    annual_cost: 5.430209118346951
    efficiency: 0.95093
    discharge_ratio: 2
    depth_of_discharge: 0.9
  Pb-acid:
    cost: 124.666
    lifetime: 6.44439
    annual_cost: 19.344887568877734
    efficiency: 0.766567
    discharge_ratio: 5
    depth_of_discharge: 0.5
  VRBF:
    cost: 249.297
    lifetime: 20.3607
    annual_cost: 12.24402893810134
    efficiency: 0.765405
    discharge_ratio: 0.5
    depth_of_discharge: 1.0
