cost_values:
  wind_capex: 5000.0
  wind_opex: 100
  wind_lifetime: 20
  solar_capex: 1000.0
  solar_opex: 10
  solar_lifetime: 20
  carbon_price: 1.0
timeseries_values:
  load_level: 266971.0706409207
  wind_year: 2014
  solar_year: 2016
  price_year: 2023
  carbon_year: 2023
storage_values:
  CAES:
    cost: 42.3229
    lifetime: 23.8331
    annual_cost: 1.7758033994738407
    efficiency: 0.602493
    discharge_ratio: 0.1
    depth_of_discharge: 0.4
  Li-ion:
    cost: 126.279
    lifetime: 24.9362
    annual_cost: 5.064083541197135
    efficiency: 0.960095
    discharge_ratio: 2
    depth_of_discharge: 0.9
  Pb-acid:
    cost: 119.513
    lifetime: 6.68024
    annual_cost: 17.89052489132127
    efficiency: 0.777578
    discharge_ratio: 5
    depth_of_discharge: 0.5
  VRBF:
    cost: 270.3
    lifetime: 20.8161
    annual_cost: 12.985141308890716
    efficiency: 0.770802
    discharge_ratio: 0.5
    depth_of_discharge: 1.0
