cost_values:
  wind_capex: 5000.0
  wind_opex: 100
  wind_lifetime: 20
  solar_capex: 1000.0
  solar_opex: 10
  solar_lifetime: 20
  carbon_price: 1.0
timeseries_values:
  load_level: 266971.0706409207
  wind_year: 2014
  solar_year: 2016
  price_year: 2023
  carbon_year: 2023
storage_values:
  CAES:
    cost: 33.1093
    lifetime: 24.3455
    annual_cost: 1.3599761762954137
    efficiency: 0.611694
    discharge_ratio: 0.1
    depth_of_discharge: 0.4
  Li-ion:
    cost: 125.974
    lifetime: 28.8831
    annual_cost: 4.361512441531553
    efficiency: 0.962684
    discharge_ratio: 2
    depth_of_discharge: 0.9
  Pb-acid:
    cost: 135.122
    lifetime: 6.84416
    annual_cost: 19.742671123994768
    efficiency: 0.781443
    discharge_ratio: 5
    depth_of_discharge: 0.5
  VRBF:
    cost: 267.499
    lifetime: 20.9047
    annual_cost: 12.796117619482702
    efficiency: 0.792867
    discharge_ratio: 0.5
    depth_of_discharge: 1.0
