cost_values:
  wind_capex: 5000.0
  wind_opex: 100
  wind_lifetime: 20
  solar_capex: 1000.0
  solar_opex: 10
  solar_lifetime: 20
  carbon_price: 1.0
timeseries_values:
  load_level: 266971.0706409207
  wind_year: 2014
  solar_year: 2016
  price_year: 2023
  carbon_year: 2023
storage_values:
  CAES:
    cost: 44.0894
    lifetime: 23.762
    annual_cost: 1.8554582947563336
    efficiency: 0.622777
    discharge_ratio: 0.1
    depth_of_discharge: 0.4
  Li-ion:
    cost: 124.354
    lifetime: 25.4741
    annual_cost: 4.881585610482804
    efficiency: 0.959594
    discharge_ratio: 2
    depth_of_discharge: 0.9
  Pb-acid:
    cost: 109.327
    lifetime: 5.32219
    annual_cost: 20.541731881048968
    efficiency: 0.765866
    discharge_ratio: 5
    depth_of_discharge: 0.5
  VRBF:
    cost: 272.75
    lifetime: 19.4127
    annual_cost: 14.050080617327831
    efficiency: 0.78035
    discharge_ratio: 0.5
    depth_of_discharge: 1.0
