cost_values:
  wind_capex: 5000.0
  wind_opex: 100
  wind_lifetime: 20
  solar_capex: 1000.0
  solar_opex: 10
  solar_lifetime: 20
  carbon_price: 1.0
timeseries_values:
  load_level: 266971.0706409207
  wind_year: 2014
  solar_year: 2016
  price_year: 2023
  carbon_year: 2023
storage_values:
  CAES:
    cost: 45.4811
    lifetime: 23.4954
    annual_cost: 1.9357448692084407
    efficiency: 0.612125
    discharge_ratio: 0.1
    depth_of_discharge: 0.4
  Li-ion:
    cost: 149.537
    lifetime: 25.0877
    annual_cost: 5.960570319319826
    efficiency: 0.956538
    discharge_ratio: 2
    depth_of_discharge: 0.9
  Pb-acid:
    cost: 111.441
    lifetime: 5.58652
    annual_cost: 19.94819673070176
    efficiency: 0.749401
    discharge_ratio: 5
    depth_of_discharge: 0.5
  VRBF:
    cost: 286.255
    lifetime: 22.8296
    annual_cost: 12.538765462382171
    efficiency: 0.790504
    discharge_ratio: 0.5
    depth_of_discharge: 1.0
