cost_values:
  wind_capex: 5000.0
  wind_opex: 100
  wind_lifetime: 20
  solar_capex: 1000.0
  solar_opex: 10
  solar_lifetime: 20
  carbon_price: 1.0
timeseries_values:
  load_level: 266971.0706409207
  wind_year: 2014
  solar_year: 2016
  price_year: 2023
  carbon_year: 2023
storage_values:
  CAES:
    cost: 40.6073
    lifetime: 24.6405
    annual_cost: 1.647990097603539
    efficiency: 0.627117
    discharge_ratio: 0.1
    depth_of_discharge: 0.4
  Li-ion:
    cost: 147.303
    lifetime: 26.0137
    annual_cost: 5.662516289493613
    efficiency: 0.955611
    discharge_ratio: 2
    depth_of_discharge: 0.9
  Pb-acid:
    cost: 121.737
    lifetime: 5.44453
    annual_cost: 22.359505779194897
    efficiency: 0.768074
    discharge_ratio: 5
    depth_of_discharge: 0.5
  VRBF:
    cost: 272.291
    lifetime: 21.5628
    annual_cost: 12.62781271448977
    efficiency: 0.789726
    discharge_ratio: 0.5
    depth_of_discharge: 1.0
