cost_values:
  wind_capex: 5000.0
  wind_opex: 100
  wind_lifetime: 20
  solar_capex: 1000.0
  solar_opex: 10
  solar_lifetime: 20
  carbon_price: 1.0
timeseries_values:
  load_level: 266971.0706409207
  wind_year: 2014
  solar_year: 2016
  price_year: 2023
  carbon_year: 2023
storage_values:
  CAES:
    cost: 39.0936
    lifetime: 22.9102
    annual_cost: 1.706384056009987
    efficiency: 0.615528
    discharge_ratio: 0.1
    depth_of_discharge: 0.4
  Li-ion:
    cost: 136.89
    lifetime: 25.8945
    annual_cost: 5.286450790708451
    efficiency: 0.95865
    discharge_ratio: 2
    depth_of_discharge: 0.9
  Pb-acid:
    cost: 134.452
    lifetime: 6.63379
    annual_cost: 20.267750411152598
    efficiency: 0.788205
    discharge_ratio: 5
    depth_of_discharge: 0.5
  VRBF:
    cost: 255.791
    lifetime: 19.4641
    annual_cost: 13.141681351822074
    efficiency: 0.770879
    discharge_ratio: 0.5
    depth_of_discharge: 1.0
