cost_values:
  wind_capex: 5000.0
  wind_opex: 100
  wind_lifetime: 20
  solar_capex: 1000.0
  solar_opex: 10
  solar_lifetime: 20
  carbon_price: 1.0
timeseries_values:
  load_level: 266971.0706409207
  wind_year: 2014
  solar_year: 2016
  price_year: 2023
  carbon_year: 2023
storage_values:
  CAES:
    cost: 38.1067
    lifetime: 23.4155
    annual_cost: 1.6274134654395591
    efficiency: 0.605207
    discharge_ratio: 0.1
    depth_of_discharge: 0.4
  Li-ion:
    cost: 125.346
    lifetime: 27.1385
    annual_cost: 4.618751957551081
    efficiency: 0.945716
    discharge_ratio: 2
    depth_of_discharge: 0.9
  Pb-acid:
    cost: 113.861
    lifetime: 6.40029
    annual_cost: 17.78997514175139
    efficiency: 0.763216
    discharge_ratio: 5
    depth_of_discharge: 0.5
  VRBF:
    cost: 246.558
    lifetime: 22.5516
    annual_cost: 10.933060181982652
    efficiency: 0.755967
    discharge_ratio: 0.5
    depth_of_discharge: 1.0
