cost_values:
  wind_capex: 5000.0
  wind_opex: 100
  wind_lifetime: 20
  solar_capex: 1000.0
  solar_opex: 10
  solar_lifetime: 20
  carbon_price: 1.0
timeseries_values:
  load_level: 266971.0706409207
  wind_year: 2014
  solar_year: 2016
  price_year: 2023
  carbon_year: 2023
storage_values:
  CAES:
    cost: 46.32
    lifetime: 23.5117
    annual_cost: 1.9700829799631672
    efficiency: 0.616841
    discharge_ratio: 0.1
    depth_of_discharge: 0.4
  Li-ion:
    cost: 159.237
    lifetime: 24.8496
    annual_cost: 6.408030712768013
    efficiency: 0.946517
    discharge_ratio: 2
    depth_of_discharge: 0.9
  Pb-acid:
    cost: 124.384
    lifetime: 6.66755
    annual_cost: 18.655128195514095
    efficiency: 0.772133
    discharge_ratio: 5
    depth_of_discharge: 0.5
  VRBF:
    cost: 260.685
    lifetime: 21.2256
    annual_cost: 12.281631614654003
    efficiency: 0.745009
    discharge_ratio: 0.5
    depth_of_discharge: 1.0
