cost_values:
  wind_capex: 5000.0
  wind_opex: 100
  wind_lifetime: 20
  solar_capex: 1000.0
  solar_opex: 10
  solar_lifetime: 20
  carbon_price: 1.0
timeseries_values:
  load_level: 266971.0706409207
  wind_year: 2014
  solar_year: 2016
  price_year: 2023
  carbon_year: 2023
storage_values:
  CAES:
    cost: 36.431
    lifetime: 25.5017
    annual_cost: 1.4285714285714284
    efficiency: 0.623417
    discharge_ratio: 0.1
    depth_of_discharge: 0.4
  Li-ion:
    cost: 131.331
    lifetime: 27.8072
    annual_cost: 4.722913490031358
    efficiency: 0.959876
    discharge_ratio: 2
    depth_of_discharge: 0.9
  Pb-acid:
    cost: 124.301
    lifetime: 5.32659
    annual_cost: 23.335942882782415
    efficiency: 0.76722
    discharge_ratio: 5
    depth_of_discharge: 0.5
  VRBF:
    cost: 264.185
    lifetime: 22.3652
    annual_cost: 11.81232450414036
    efficiency: 0.80576
    discharge_ratio: 0.5
    depth_of_discharge: 1.0
