cost_values:
  wind_capex: 5000.0
  wind_opex: 100
  wind_lifetime: 20
  solar_capex: 1000.0
  solar_opex: 10
  solar_lifetime: 20
  carbon_price: 1.0
timeseries_values:
  load_level: 266971.0706409207
  wind_year: 2014
  solar_year: 2016
  price_year: 2023
  carbon_year: 2023
storage_values:
  CAES:
    cost: 46.903
    lifetime: 23.7888
    annual_cost: 1.971642117298897
    efficiency: 0.609412
    discharge_ratio: 0.1
    depth_of_discharge: 0.4
  Li-ion:
    cost: 124.254
    lifetime: 26.3098
    annual_cost: 4.7227268926407655
    efficiency: 0.946388
    discharge_ratio: 2
    depth_of_discharge: 0.9
  Pb-acid:
    cost: 127.759
    lifetime: 6.97438
    annual_cost: 18.318330805032133
    efficiency: 0.768446
    discharge_ratio: 5
    depth_of_discharge: 0.5
  VRBF:
    cost: 263.079
    lifetime: 21.6489
    annual_cost: 12.152072391668861
    efficiency: 0.783137
    discharge_ratio: 0.5
    depth_of_discharge: 1.0
