cost_values:
  wind_capex: 5000.0
  wind_opex: 100
  wind_lifetime: 20
  solar_capex: 1000.0
  solar_opex: 10
  solar_lifetime: 20
  carbon_price: 1.0
timeseries_values:
  load_level: 266971.0706409207
  wind_year: 2014
  solar_year: 2016
  price_year: 2023
  carbon_year: 2023
storage_values:
  CAES:
    cost: 42.6872
    lifetime: 24.1973
    annual_cost: 1.764130708798089
    efficiency: 0.616342
    discharge_ratio: 0.1
    depth_of_discharge: 0.4
  Li-ion:
    cost: 136.099
    lifetime: 28.4702
    annual_cost: 4.780401964159015
    efficiency: 0.940261
    discharge_ratio: 2
    depth_of_discharge: 0.9
  Pb-acid:
    cost: 125.109
    lifetime: 5.90557
    annual_cost: 21.184915257968324
    efficiency: 0.765428
    discharge_ratio: 5
    depth_of_discharge: 0.5
  VRBF:
    cost: 295.294
    lifetime: 22.9222
    annual_cost: 12.882445838532076
    efficiency: 0.785254
    discharge_ratio: 0.5
    depth_of_discharge: 1.0
