cost_values:
  wind_capex: 5000.0
  wind_opex: 100
  wind_lifetime: 20
  solar_capex: 1000.0
  solar_opex: 10
  solar_lifetime: 20
  carbon_price: 1.0
timeseries_values:
  load_level: 266971.0706409207
  wind_year: 2014
  solar_year: 2016
  price_year: 2023
  carbon_year: 2023
storage_values:
  CAES:
    cost: 49.2547
    lifetime: 23.8175
    annual_cost: 2.0680046184528185
    efficiency: 0.613027
    discharge_ratio: 0.1
    depth_of_discharge: 0.4
  Li-ion:
    cost: 146.066
    lifetime: 26.3788
    annual_cost: 5.53724960953493
    efficiency: 0.960188
    discharge_ratio: 2
    depth_of_discharge: 0.9
  Pb-acid:
    cost: 124.752
    lifetime: 7.47995
    annual_cost: 16.678186351513045
    efficiency: 0.75012
    discharge_ratio: 5
    depth_of_discharge: 0.5
  VRBF:
    cost: 280.668
    lifetime: 20.553
    annual_cost: 13.655816669099401
    efficiency: 0.772105
    discharge_ratio: 0.5
    depth_of_discharge: 1.0
