cost_values:
  wind_capex: 5000.0
  wind_opex: 100
  wind_lifetime: 20
  solar_capex: 1000.0
  solar_opex: 10
  solar_lifetime: 20
  carbon_price: 1.0
timeseries_values:
  load_level: 266971.0706409207
  wind_year: 2014
  solar_year: 2016
  price_year: 2023
  carbon_year: 2023
storage_values:
  CAES:
    cost: 46.486
    lifetime: 23.2124
    annual_cost: 2.0026365218590065
    efficiency: 0.613741
    discharge_ratio: 0.1
    depth_of_discharge: 0.4
  Li-ion:
    cost: 124.192
    lifetime: 28.2233
    annual_cost: 4.400335892684414
    efficiency: 0.954998
    discharge_ratio: 2
    depth_of_discharge: 0.9
  Pb-acid:
    cost: 134.276
    lifetime: 5.91265
    annual_cost: 22.7099523902142
    efficiency: 0.764885
    discharge_ratio: 5
    depth_of_discharge: 0.5
  VRBF:
    cost: 236.331
    lifetime: 22.7339
    annual_cost: 10.395532662675564
    efficiency: 0.78058
    discharge_ratio: 0.5
    depth_of_discharge: 1.0
