cost_values:
  wind_capex: 5000.0
  wind_opex: 100
  wind_lifetime: 20
  solar_capex: 1000.0
  solar_opex: 10
  solar_lifetime: 20
  carbon_price: 1.0
timeseries_values:
  load_level: 266971.0706409207
  wind_year: 2014
  solar_year: 2016
  price_year: 2023
  carbon_year: 2023
storage_values:
  CAES:
    cost: 41.2204
    lifetime: 24.1374
    annual_cost: 1.7077398559911174
    efficiency: 0.61579
    discharge_ratio: 0.1
    depth_of_discharge: 0.4
  Li-ion:
    cost: 158.034
    lifetime: 26.6393
    annual_cost: 5.932363087618668
    efficiency: 0.95188
    discharge_ratio: 2
    depth_of_discharge: 0.9
  Pb-acid:
    cost: 141.756
    lifetime: 5.3246
    annual_cost: 26.62284490853773
    efficiency: 0.765796
    discharge_ratio: 5
    depth_of_discharge: 0.5
  VRBF:
    cost: 263.554
    lifetime: 22.6272
    annual_cost: 11.647662989676142
    efficiency: 0.765279
    discharge_ratio: 0.5
    depth_of_discharge: 1.0
