cost_values:
  wind_capex: 5000.0
  wind_opex: 100
  wind_lifetime: 20
  solar_capex: 1000.0
  solar_opex: 10
  solar_lifetime: 20
  carbon_price: 1.0
timeseries_values:
  load_level: 266971.0706409207
  wind_year: 2014
  solar_year: 2016
  price_year: 2023
  carbon_year: 2023
storage_values:
  CAES:
    cost: 51.5655
    lifetime: 24.9763
    annual_cost: 2.064577219203805
    efficiency: 0.606375
    discharge_ratio: 0.1
    depth_of_discharge: 0.4
  Li-ion:
    cost: 126.284
    lifetime: 26.4571
    annual_cost: 4.773161079634578
    efficiency: 0.946382
    discharge_ratio: 2
    depth_of_discharge: 0.9
  Pb-acid:
    cost: 118.928
    lifetime: 6.63864
    annual_cost: 17.914512611016715
    efficiency: 0.766287
    discharge_ratio: 5
    depth_of_discharge: 0.5
  VRBF:
    cost: 263.013
    lifetime: 24.0015
    annual_cost: 10.95819011311793
    efficiency: 0.774115
    discharge_ratio: 0.5
    depth_of_discharge: 1.0
