cost_values:
  wind_capex: 5000.0
  wind_opex: 100
  wind_lifetime: 20
  solar_capex: 1000.0
  solar_opex: 10
  solar_lifetime: 20
  carbon_price: 1.0
timeseries_values:
  load_level: 266971.0706409207
  wind_year: 2014
  solar_year: 2016
  price_year: 2023
  carbon_year: 2023
storage_values:
  CAES:
    cost: 47.0438
    lifetime: 23.9743
    annual_cost: 1.9622595863070036
    efficiency: 0.61163
    discharge_ratio: 0.1
    depth_of_discharge: 0.4
  Li-ion:
    cost: 153.198
    lifetime: 25.5994
    annual_cost: 5.984437135245358
    efficiency: 0.942499
    discharge_ratio: 2
    depth_of_discharge: 0.9
  Pb-acid:
    cost: 153.013
    lifetime: 5.39511
    annual_cost: 28.361423585431996
    efficiency: 0.752728
    discharge_ratio: 5
    depth_of_discharge: 0.5
  VRBF:
    cost: 277.831
    lifetime: 20.9059
    annual_cost: 13.28959767338407
    efficiency: 0.792246
    discharge_ratio: 0.5
    depth_of_discharge: 1.0
