cost_values:
  wind_capex: 5000.0
  wind_opex: 100
  wind_lifetime: 20
  solar_capex: 1000.0
  solar_opex: 10
  solar_lifetime: 20
  carbon_price: 1.0
timeseries_values:
  load_level: 266971.0706409207
  wind_year: 2014
  solar_year: 2016
  price_year: 2023
  carbon_year: 2023
storage_values:
  CAES:
    cost: 43.6269
    lifetime: 24.2922
    annual_cost: 1.795922147849927
    efficiency: 0.604115
    discharge_ratio: 0.1
    depth_of_discharge: 0.4
  Li-ion:
    cost: 152.618
    lifetime: 23.1064
    annual_cost: 6.605009867396046
    efficiency: 0.956686
    discharge_ratio: 2
    depth_of_discharge: 0.9
  Pb-acid:
    cost: 130.442
    lifetime: 6.14583
    annual_cost: 21.224472528527475
    efficiency: 0.776683
    discharge_ratio: 5
    depth_of_discharge: 0.5
  VRBF:
    cost: 216.218
    lifetime: 21.8398
    annual_cost: 9.900182236101063
    efficiency: 0.777913
    discharge_ratio: 0.5
    depth_of_discharge: 1.0
