cost_values:
  wind_capex: 5000.0
  wind_opex: 100
  wind_lifetime: 20
  solar_capex: 1000.0
  solar_opex: 10
  solar_lifetime: 20
  carbon_price: 1.0
timeseries_values:
  load_level: 266971.0706409207
  wind_year: 2014
  solar_year: 2016
  price_year: 2023
  carbon_year: 2023
storage_values:
  CAES:
    cost: 42.3588
    lifetime: 24.6791
    annual_cost: 1.716383498587874
    efficiency: 0.607457
    discharge_ratio: 0.1
    depth_of_discharge: 0.4
  Li-ion:
    cost: 161.635
    lifetime: 26.132
    annual_cost: 6.185328333078218
    efficiency: 0.95779
    discharge_ratio: 2
    depth_of_discharge: 0.9
  Pb-acid:
    cost: 107.64
    lifetime: 6.78176
    annual_cost: 15.871986033124145
    efficiency: 0.749932
    discharge_ratio: 5
    depth_of_discharge: 0.5
  VRBF:
    cost: 256.498
    lifetime: 20.1016
    annual_cost: 12.760078799697535
    efficiency: 0.796461
    discharge_ratio: 0.5
    depth_of_discharge: 1.0
