cost_values:
  wind_capex: 5000.0
  wind_opex: 100
  wind_lifetime: 20
  solar_capex: 1000.0
  solar_opex: 10
  solar_lifetime: 20
  carbon_price: 1.0
timeseries_values:
  load_level: 266971.0706409207
  wind_year: 2014
  solar_year: 2016
  price_year: 2023
  carbon_year: 2023
storage_values:
  CAES:
    cost: 42.8433
    lifetime: 23.3245
    annual_cost: 1.8368368025038049
    efficiency: 0.615359
    discharge_ratio: 0.1
    depth_of_discharge: 0.4
  Li-ion:
    cost: 106.995
    lifetime: 26.3205
    annual_cost: 4.065082350259304
    efficiency: 0.94854
    discharge_ratio: 2
    depth_of_discharge: 0.9
  Pb-acid:
    cost: 137.472
    lifetime: 6.57173
    annual_cost: 20.918692642576616
    efficiency: 0.766516
    discharge_ratio: 5
    depth_of_discharge: 0.5
  VRBF:
    cost: 275.605
    lifetime: 20.5909
    annual_cost: 13.384796196378012
    efficiency: 0.778007
    discharge_ratio: 0.5
    depth_of_discharge: 1.0
