cost_values:
  wind_capex: 5000.0
  wind_opex: 100
  wind_lifetime: 20
  solar_capex: 1000.0
  solar_opex: 10
  solar_lifetime: 20
  carbon_price: 1.0
timeseries_values:
  load_level: 266971.0706409207
  wind_year: 2014
  solar_year: 2016
  price_year: 2023
  carbon_year: 2023
storage_values:
  CAES:
    cost: 41.5388
    lifetime: 22.8807
    annual_cost: 1.815451450348984
    efficiency: 0.616574
    discharge_ratio: 0.1
    depth_of_discharge: 0.4
  Li-ion:
    cost: 163.523
    lifetime: 28.5251
    annual_cost: 5.732600411567357
    efficiency: 0.945946
    discharge_ratio: 2
    depth_of_discharge: 0.9
  Pb-acid:
    cost: 121.119
    lifetime: 5.56293
    annual_cost: 21.772519158069578
    efficiency: 0.767943
    discharge_ratio: 5
    depth_of_discharge: 0.5
  VRBF:
    cost: 278.681
    lifetime: 21.0412
    annual_cost: 13.244539284831664
    efficiency: 0.791311
    discharge_ratio: 0.5
    depth_of_discharge: 1.0
