cost_values:
  wind_capex: 5000.0
  wind_opex: 100
  wind_lifetime: 20
  solar_capex: 1000.0
  solar_opex: 10
  solar_lifetime: 20
  carbon_price: 1.0
timeseries_values:
  load_level: 266971.0706409207
  wind_year: 2014
  solar_year: 2016
  price_year: 2023
  carbon_year: 2023
storage_values:
  CAES:
    cost: 46.8639
    lifetime: 23.4936
    annual_cost: 1.994751762182041
    efficiency: 0.611008
    discharge_ratio: 0.1
    depth_of_discharge: 0.4
  Li-ion:
    cost: 152.797
    lifetime: 27.6703
    annual_cost: 5.522057946607012
    efficiency: 0.94973
    discharge_ratio: 2
    depth_of_discharge: 0.9
  Pb-acid:
    cost: 133.606
    lifetime: 6.41869
    annual_cost: 20.81515075506061
    efficiency: 0.779162
    discharge_ratio: 5
    depth_of_discharge: 0.5
  VRBF:
    cost: 264.089
    lifetime: 19.6738
    annual_cost: 13.423385416137197
    efficiency: 0.74881
    discharge_ratio: 0.5
    depth_of_discharge: 1.0
