cost_values:
  wind_capex: 5000.0
  wind_opex: 100
  wind_lifetime: 20
  solar_capex: 1000.0
  solar_opex: 10
  solar_lifetime: 20
  carbon_price: 1.0
timeseries_values:
  load_level: 266971.0706409207
  wind_year: 2014
  solar_year: 2016
  price_year: 2023
  carbon_year: 2023
storage_values:
  CAES:
    cost: 34.0264
    lifetime: 23.7235
    annual_cost: 1.434290892996396
    efficiency: 0.608538
    discharge_ratio: 0.1
    depth_of_discharge: 0.4
  Li-ion:
    cost: 140.146
    lifetime: 27.4153
    annual_cost: 5.11196302794425
    efficiency: 0.958943
    discharge_ratio: 2
    depth_of_discharge: 0.9
  Pb-acid:
    cost: 138.367
    lifetime: 6.52513
    annual_cost: 21.20524801804715
    efficiency: 0.750494
    discharge_ratio: 5
    depth_of_discharge: 0.5
  VRBF:
    cost: 276.176
    lifetime: 18.3284
    annual_cost: 15.068200170227625
    efficiency: 0.800704
    discharge_ratio: 0.5
    depth_of_discharge: 1.0
