cost_values:
  wind_capex: 5000.0
  wind_opex: 100
  wind_lifetime: 20
  solar_capex: 1000.0
  solar_opex: 10
  solar_lifetime: 20
  carbon_price: 1.0
timeseries_values:
  load_level: 266971.0706409207
  wind_year: 2014
  solar_year: 2016
  price_year: 2023
  carbon_year: 2023
storage_values:
  CAES:
    cost: 37.5566
    lifetime: 23.8723
    annual_cost: 1.573229223828454
    efficiency: 0.604333
    discharge_ratio: 0.1
    depth_of_discharge: 0.4
  Li-ion:
    cost: 148.471
    lifetime: 27.3008
    annual_cost: 5.438338803258513
    efficiency: 0.953566
    discharge_ratio: 2
    depth_of_discharge: 0.9
  Pb-acid:
    cost: 127.681
    lifetime: 5.71596
    annual_cost: 22.337630074388205
    efficiency: 0.763968
    discharge_ratio: 5
    depth_of_discharge: 0.5
  VRBF:
    cost: 256.145
    lifetime: 21.0154
    annual_cost: 12.188442761022868
    efficiency: 0.79126
    discharge_ratio: 0.5
    depth_of_discharge: 1.0
