cost_values:
  wind_capex: 5000.0
  wind_opex: 100
  wind_lifetime: 20
  solar_capex: 1000.0
  solar_opex: 10
  solar_lifetime: 20
  carbon_price: 1.0
timeseries_values:
  load_level: 266971.0706409207
  wind_year: 2014
  solar_year: 2016
  price_year: 2023
  carbon_year: 2023
storage_values:
  CAES:
    cost: 34.5447
    lifetime: 23.7647
    annual_cost: 1.453613973666825
    efficiency: 0.612384
    discharge_ratio: 0.1
    depth_of_discharge: 0.4
  Li-ion:
    cost: 141.903
    lifetime: 29.463
    annual_cost: 4.816311984522961
    efficiency: 0.955019
    discharge_ratio: 2
    depth_of_discharge: 0.9
  Pb-acid:
    cost: 116.781
    lifetime: 5.4895
    annual_cost: 21.273522178704802
    efficiency: 0.76498
    discharge_ratio: 5
    depth_of_discharge: 0.5
  VRBF:
    cost: 282.856
    lifetime: 19.8602
    annual_cost: 14.242354054843355
    efficiency: 0.764455
    discharge_ratio: 0.5
    depth_of_discharge: 1.0
