cost_values:
  wind_capex: 5000.0
  wind_opex: 100
  wind_lifetime: 20
  solar_capex: 1000.0
  solar_opex: 10
  solar_lifetime: 20
  carbon_price: 1.0
timeseries_values:
  load_level: 266971.0706409207
  wind_year: 2014
  solar_year: 2016
  price_year: 2023
  carbon_year: 2023
storage_values:
  CAES:
    cost: 47.4162
    lifetime: 23.9255
    annual_cost: 1.9818269210674806
    efficiency: 0.611784
    discharge_ratio: 0.1
    depth_of_discharge: 0.4
  Li-ion:
    cost: 152.528
    lifetime: 26.2452
    annual_cost: 5.811653178485971
    efficiency: 0.948988
    discharge_ratio: 2
    depth_of_discharge: 0.9
  Pb-acid:
    cost: 120.512
    lifetime: 5.45264
    annual_cost: 22.101587487895774
    efficiency: 0.762897
    discharge_ratio: 5
    depth_of_discharge: 0.5
  VRBF:
    cost: 261.006
    lifetime: 20.1737
    annual_cost: 12.93793404283795
    efficiency: 0.775071
    discharge_ratio: 0.5
    depth_of_discharge: 1.0
