cost_values:
  wind_capex: 5000.0
  wind_opex: 100
  wind_lifetime: 20
  solar_capex: 1000.0
  solar_opex: 10
  solar_lifetime: 20
  carbon_price: 1.0
timeseries_values:
  load_level: 266971.0706409207
  wind_year: 2014
  solar_year: 2016
  price_year: 2023
  carbon_year: 2023
storage_values:
  CAES:
    cost: 38.9369
    lifetime: 24.2836
    annual_cost: 1.6034237098288557
    efficiency: 0.620218
    discharge_ratio: 0.1
    depth_of_discharge: 0.4
  Li-ion:
    cost: 134.752
    lifetime: 24.1902
    annual_cost: 5.570520293341932
    efficiency: 0.960284
    discharge_ratio: 2
    depth_of_discharge: 0.9
  Pb-acid:
    cost: 113.611
    lifetime: 5.29238
    annual_cost: 21.466901469660154
    efficiency: 0.755138
    discharge_ratio: 5
    depth_of_discharge: 0.5
  VRBF:
    cost: 267.575
    lifetime: 20.3004
    annual_cost: 13.180774763058855
    efficiency: 0.764266
    discharge_ratio: 0.5
    depth_of_discharge: 1.0
