cost_values:
  wind_capex: 5000.0
  wind_opex: 100
  wind_lifetime: 20
  solar_capex: 1000.0
  solar_opex: 10
  solar_lifetime: 20
  carbon_price: 1.0
timeseries_values:
  load_level: 266971.0706409207
  wind_year: 2014
  solar_year: 2016
  price_year: 2023
  carbon_year: 2023
storage_values:
  CAES:
    cost: 43.5789
    lifetime: 23.1416
    annual_cost: 1.8831411829778406
    efficiency: 0.611946
    discharge_ratio: 0.1
    depth_of_discharge: 0.4
  Li-ion:
    cost: 146.112
    lifetime: 26.7691
    annual_cost: 5.458233560336358
    efficiency: 0.945084
    discharge_ratio: 2
    depth_of_discharge: 0.9
  Pb-acid:
    cost: 137.849
    lifetime: 6.35688
    annual_cost: 21.685008998124864
    efficiency: 0.769448
    discharge_ratio: 5
    depth_of_discharge: 0.5
  VRBF:
    cost: 256.166
    lifetime: 22.3054
    annual_cost: 11.484483577967668
    efficiency: 0.775067
    discharge_ratio: 0.5
    depth_of_discharge: 1.0
