cost_values:
  wind_capex: 5000.0
  wind_opex: 100
  wind_lifetime: 20
  solar_capex: 1000.0
  solar_opex: 10
  solar_lifetime: 20
  carbon_price: 1.0
timeseries_values:
  load_level: 266971.0706409207
  wind_year: 2014
  solar_year: 2016
  price_year: 2023
  carbon_year: 2023
storage_values:
  CAES:
    cost: 38.9042
    lifetime: 24.1434
    annual_cost: 1.6113803358267684
    efficiency: 0.608709
    discharge_ratio: 0.1
    depth_of_discharge: 0.4
  Li-ion:
    cost: 134.05
    lifetime: 26.0596
    annual_cost: 5.143977651230258
    efficiency: 0.948071
    discharge_ratio: 2
    depth_of_discharge: 0.9
  Pb-acid:
    cost: 105.501
    lifetime: 5.39527
    annual_cost: 19.55435038468881
    efficiency: 0.765776
    discharge_ratio: 5
    depth_of_discharge: 0.5
  VRBF:
    cost: 272.345
    lifetime: 21.657
    annual_cost: 12.575379784827078
    efficiency: 0.780411
    discharge_ratio: 0.5
    depth_of_discharge: 1.0
