cost_values:
  wind_capex: 5000.0
  wind_opex: 100
  wind_lifetime: 20
  solar_capex: 1000.0
  solar_opex: 10
  solar_lifetime: 20
  carbon_price: 1.0
timeseries_values:
  load_level: 266971.0706409207
  wind_year: 2014
  solar_year: 2016
  price_year: 2023
  carbon_year: 2023
storage_values:
  CAES:
    cost: 47.6809
    lifetime: 23.6245
    annual_cost: 2.018281868399331
    efficiency: 0.606553
    discharge_ratio: 0.1
    depth_of_discharge: 0.4
  Li-ion:
    cost: 161.001
    lifetime: 25.537
    annual_cost: 6.304616830481263
    efficiency: 0.949913
    discharge_ratio: 2
    depth_of_discharge: 0.9
  Pb-acid:
    cost: 140.454
    lifetime: 5.78344
    annual_cost: 24.28554631845407
    efficiency: 0.764206
    discharge_ratio: 5
    depth_of_discharge: 0.5
  VRBF:
    cost: 301.944
    lifetime: 22.7611
    annual_cost: 13.265791196383304
    efficiency: 0.774214
    discharge_ratio: 0.5
    depth_of_discharge: 1.0
