cost_values:
  wind_capex: 5000.0
  wind_opex: 100
  wind_lifetime: 20
  solar_capex: 1000.0
  solar_opex: 10
  solar_lifetime: 20
  carbon_price: 1.0
timeseries_values:
  load_level: 266971.0706409207
  wind_year: 2014
  solar_year: 2016
  price_year: 2023
  carbon_year: 2023
storage_values:
  CAES:
    cost: 48.4188
    lifetime: 24.8741
    annual_cost: 1.9465548502257368
    efficiency: 0.615712
    discharge_ratio: 0.1
    depth_of_discharge: 0.4
  Li-ion:
    cost: 152.601
    lifetime: 25.8547
    annual_cost: 5.902253748834834
    efficiency: 0.960288
    discharge_ratio: 2
    depth_of_discharge: 0.9
  Pb-acid:
    cost: 132.133
    lifetime: 5.94131
    annual_cost: 22.239708077848153
    efficiency: 0.760754
    discharge_ratio: 5
    depth_of_discharge: 0.5
  VRBF:
    cost: 274.288
    lifetime: 20.5843
    annual_cost: 13.325106999023529
    efficiency: 0.773609
    discharge_ratio: 0.5
    depth_of_discharge: 1.0
