cost_values:
  wind_capex: 5000.0
  wind_opex: 100
  wind_lifetime: 20
  solar_capex: 1000.0
  solar_opex: 10
  solar_lifetime: 20
  carbon_price: 1.0
timeseries_values:
  load_level: 266971.0706409207
  wind_year: 2014
  solar_year: 2016
  price_year: 2023
  carbon_year: 2023
storage_values:
  CAES:
    cost: 44.5874
    lifetime: 23.4321
    annual_cost: 1.9028341463206457
    efficiency: 0.620234
    discharge_ratio: 0.1
    depth_of_discharge: 0.4
  Li-ion:
    cost: 152.328
    lifetime: 25.9081
    annual_cost: 5.879551182834712
    efficiency: 0.942241
    discharge_ratio: 2
    depth_of_discharge: 0.9
  Pb-acid:
    cost: 124.051
    lifetime: 5.49188
    annual_cost: 22.588075485990224
    efficiency: 0.775419
    discharge_ratio: 5
    depth_of_discharge: 0.5
  VRBF:
    cost: 285.487
    lifetime: 21.3424
    annual_cost: 13.376518104805458
    efficiency: 0.78972
    discharge_ratio: 0.5
    depth_of_discharge: 1.0
