cost_values:
  wind_capex: 5000.0
  wind_opex: 100
  wind_lifetime: 20
  solar_capex: 1000.0
  solar_opex: 10
  solar_lifetime: 20
  carbon_price: 1.0
timeseries_values:
  load_level: 266971.0706409207
  wind_year: 2014
  solar_year: 2016
  price_year: 2023
  carbon_year: 2023
storage_values:
  CAES:
    cost: 40.9168
    lifetime: 25.4866
    annual_cost: 1.6054240267434654
    efficiency: 0.610672
    discharge_ratio: 0.1
    depth_of_discharge: 0.4
  Li-ion:
    cost: 145.258
    lifetime: 24.8073
    annual_cost: 5.855453838184728
    efficiency: 0.937059
    discharge_ratio: 2
    depth_of_discharge: 0.9
  Pb-acid:
    cost: 140.275
    lifetime: 7.07255
    annual_cost: 19.833723338824047
    efficiency: 0.778934
    discharge_ratio: 5
    depth_of_discharge: 0.5
  VRBF:
    cost: 254.625
    lifetime: 21.6383
    annual_cost: 11.76732922641797
    efficiency: 0.775159
    discharge_ratio: 0.5
    depth_of_discharge: 1.0
