cost_values:
  wind_capex: 5000.0
  wind_opex: 100
  wind_lifetime: 20
  solar_capex: 1000.0
  solar_opex: 10
  solar_lifetime: 20
  carbon_price: 1.0
timeseries_values:
  load_level: 222050.78499184462
  wind_year: 2017
  solar_year: 2016
  price_year: 2023
  carbon_year: 2023
storage_values:
  CAES:
    cost: 63.4211
    lifetime: 24.961
    annual_cost: 2.5408076599495213
    efficiency: 0.554393
    discharge_ratio: 0.1
    depth_of_discharge: 0.4
  Li-ion:
    cost: 178.303
    lifetime: 21.8122
    annual_cost: 8.174461998331209
    efficiency: 0.92393
    discharge_ratio: 2
    depth_of_discharge: 0.9
  Pb-acid:
    cost: 135.58
    lifetime: 8.5635
    annual_cost: 15.83231155485491
    efficiency: 0.738895
    discharge_ratio: 5
    depth_of_discharge: 0.5
  VRBF:
    cost: 367.885
    lifetime: 20.832
    annual_cost: 17.659610215053764
    efficiency: 0.684203
    discharge_ratio: 0.5
    depth_of_discharge: 1.0
