cost_values:
  wind_capex: 5000.0
  wind_opex: 100
  wind_lifetime: 20
  solar_capex: 1000.0
  solar_opex: 10
  solar_lifetime: 20
  carbon_price: 1.0
timeseries_values:
  load_level: 222050.78499184462
  wind_year: 2017
  solar_year: 2016
  price_year: 2023
  carbon_year: 2023
storage_values:
  CAES:
    cost: 62.6511
    lifetime: 25.0266
    annual_cost: 2.503380403250941
    efficiency: 0.55282
    discharge_ratio: 0.1
    depth_of_discharge: 0.4
  Li-ion:
    cost: 183.319
    lifetime: 19.9316
    annual_cost: 9.19740512552931
    efficiency: 0.925775
    discharge_ratio: 2
    depth_of_discharge: 0.9
  Pb-acid:
    cost: 122.51
    lifetime: 8.14946
    annual_cost: 15.032897885258656
    efficiency: 0.720783
    discharge_ratio: 5
    depth_of_discharge: 0.5
  VRBF:
    cost: 398.14
    lifetime: 22.9065
    annual_cost: 17.381092702944578
    efficiency: 0.696072
    discharge_ratio: 0.5
    depth_of_discharge: 1.0
