cost_values:
  wind_capex: 5000.0
  wind_opex: 100
  wind_lifetime: 20
  solar_capex: 1000.0
  solar_opex: 10
  solar_lifetime: 20
  carbon_price: 1.0
timeseries_values:
  load_level: 222050.78499184462
  wind_year: 2017
  solar_year: 2016
  price_year: 2023
  carbon_year: 2023
storage_values:
  CAES:
    cost: 64.8913
    lifetime: 24.527
    annual_cost: 2.645708810698414
    efficiency: 0.559651
    discharge_ratio: 0.1
    depth_of_discharge: 0.4
  Li-ion:
    cost: 183.862
    lifetime: 19.7845
    annual_cost: 9.293234602845661
    efficiency: 0.923963
    discharge_ratio: 2
    depth_of_discharge: 0.9
  Pb-acid:
    cost: 156.885
    lifetime: 9.02932
    annual_cost: 17.37506257392583
    efficiency: 0.753022
    discharge_ratio: 5
    depth_of_discharge: 0.5
  VRBF:
    cost: 376.345
    lifetime: 23.7013
    annual_cost: 15.87866488336083
    efficiency: 0.726355
    discharge_ratio: 0.5
    depth_of_discharge: 1.0
