cost_values:
  wind_capex: 5000.0
  wind_opex: 100
  wind_lifetime: 20
  solar_capex: 1000.0
  solar_opex: 10
  solar_lifetime: 20
  carbon_price: 1.0
timeseries_values:
  load_level: 222050.78499184462
  wind_year: 2017
  solar_year: 2016
  price_year: 2023
  carbon_year: 2023
storage_values:
  CAES:
    cost: 59.3065
    lifetime: 23.8652
    annual_cost: 2.485061931180128
    efficiency: 0.550393
    discharge_ratio: 0.1
    depth_of_discharge: 0.4
  Li-ion:
    cost: 172.801
    lifetime: 20.3808
    annual_cost: 8.478617129847699
    efficiency: 0.926136
    discharge_ratio: 2
    depth_of_discharge: 0.9
  Pb-acid:
    cost: 117.938
    lifetime: 9.36088
    annual_cost: 12.599029151105452
    efficiency: 0.746951
    discharge_ratio: 5
    depth_of_discharge: 0.5
  VRBF:
    cost: 357.376
    lifetime: 23.5452
    annual_cost: 15.17829536381088
    efficiency: 0.693176
    discharge_ratio: 0.5
    depth_of_discharge: 1.0
