cost_values:
  wind_capex: 5000.0
  wind_opex: 100
  wind_lifetime: 20
  solar_capex: 1000.0
  solar_opex: 10
  solar_lifetime: 20
  carbon_price: 1.0
timeseries_values:
  load_level: 222050.78499184462
  wind_year: 2017
  solar_year: 2016
  price_year: 2023
  carbon_year: 2023
storage_values:
  CAES:
    cost: 69.7862
    lifetime: 24.0303
    annual_cost: 2.904091917287757
    efficiency: 0.551546
    discharge_ratio: 0.1
    depth_of_discharge: 0.4
  Li-ion:
    cost: 200.569
    lifetime: 21.9659
    annual_cost: 9.130925662048902
    efficiency: 0.920845
    discharge_ratio: 2
    depth_of_discharge: 0.9
  Pb-acid:
    cost: 126.721
    lifetime: 8.71314
    annual_cost: 14.543666232839138
    efficiency: 0.743565
    discharge_ratio: 5
    depth_of_discharge: 0.5
  VRBF:
    cost: 376.197
    lifetime: 20.7465
    annual_cost: 18.13303448774492
    efficiency: 0.698192
    discharge_ratio: 0.5
    depth_of_discharge: 1.0
