cost_values:
  wind_capex: 5000.0
  wind_opex: 100
  wind_lifetime: 20
  solar_capex: 1000.0
  solar_opex: 10
  solar_lifetime: 20
  carbon_price: 1.0
timeseries_values:
  load_level: 222050.78499184462
  wind_year: 2017
  solar_year: 2016
  price_year: 2023
  carbon_year: 2023
storage_values:
  CAES:
    cost: 59.1296
    lifetime: 25.6134
    annual_cost: 2.308541622744345
    efficiency: 0.554797
    discharge_ratio: 0.1
    depth_of_discharge: 0.4
  Li-ion:
    cost: 182.838
    lifetime: 20.1566
    annual_cost: 9.070875048371253
    efficiency: 0.907387
    discharge_ratio: 2
    depth_of_discharge: 0.9
  Pb-acid:
    cost: 155.217
    lifetime: 6.20132
    annual_cost: 25.02967110228145
    efficiency: 0.745627
    discharge_ratio: 5
    depth_of_discharge: 0.5
  VRBF:
    cost: 389.082
    lifetime: 22.3308
    annual_cost: 17.423558493202215
    efficiency: 0.695454
    discharge_ratio: 0.5
    depth_of_discharge: 1.0
