cost_values:
  wind_capex: 5000.0
  wind_opex: 100
  wind_lifetime: 20
  solar_capex: 1000.0
  solar_opex: 10
  solar_lifetime: 20
  carbon_price: 1.0
timeseries_values:
  load_level: 222050.78499184462
  wind_year: 2017
  solar_year: 2016
  price_year: 2023
  carbon_year: 2023
storage_values:
  CAES:
    cost: 65.0697
    lifetime: 24.7808
    annual_cost: 2.6258111118285123
    efficiency: 0.562729
    discharge_ratio: 0.1
    depth_of_discharge: 0.4
  Li-ion:
    cost: 207.249
    lifetime: 18.5468
    annual_cost: 11.174380486121594
    efficiency: 0.938865
    discharge_ratio: 2
    depth_of_discharge: 0.9
  Pb-acid:
    cost: 142.53
    lifetime: 9.60365
    annual_cost: 14.841232239825484
    efficiency: 0.763935
    discharge_ratio: 5
    depth_of_discharge: 0.5
  VRBF:
    cost: 393.809
    lifetime: 24.0403
    annual_cost: 16.381201565704256
    efficiency: 0.689133
    discharge_ratio: 0.5
    depth_of_discharge: 1.0
