cost_values:
  wind_capex: 5000.0
  wind_opex: 100
  wind_lifetime: 20
  solar_capex: 1000.0
  solar_opex: 10
  solar_lifetime: 20
  carbon_price: 1.0
timeseries_values:
  load_level: 222050.78499184462
  wind_year: 2017
  solar_year: 2016
  price_year: 2023
  carbon_year: 2023
storage_values:
  CAES:
    cost: 59.8338
    lifetime: 24.5352
    annual_cost: 2.438692164726597
    efficiency: 0.550987
    discharge_ratio: 0.1
    depth_of_discharge: 0.4
  Li-ion:
    cost: 177.144
    lifetime: 21.485
    annual_cost: 8.245008145217595
    efficiency: 0.924505
    discharge_ratio: 2
    depth_of_discharge: 0.9
  Pb-acid:
    cost: 149.928
    lifetime: 8.90523
    annual_cost: 16.835949211867632
    efficiency: 0.765006
    discharge_ratio: 5
    depth_of_discharge: 0.5
  VRBF:
    cost: 391.207
    lifetime: 22.8391
    annual_cost: 17.128827318064197
    efficiency: 0.70006
    discharge_ratio: 0.5
    depth_of_discharge: 1.0
