cost_values:
  wind_capex: 5000.0
  wind_opex: 100
  wind_lifetime: 20
  solar_capex: 1000.0
  solar_opex: 10
  solar_lifetime: 20
  carbon_price: 1.0
timeseries_values:
  load_level: 222050.78499184462
  wind_year: 2017
  solar_year: 2016
  price_year: 2023
  carbon_year: 2023
storage_values:
  CAES:
    cost: 64.8711
    lifetime: 24.6006
    annual_cost: 2.6369722689690493
    efficiency: 0.557095
    discharge_ratio: 0.1
    depth_of_discharge: 0.4
  Li-ion:
    cost: 184.67
    lifetime: 19.4024
    annual_cost: 9.517894693439986
    efficiency: 0.914511
    discharge_ratio: 2
    depth_of_discharge: 0.9
  Pb-acid:
    cost: 143.712
    lifetime: 7.06164
    annual_cost: 20.351079919112273
    efficiency: 0.750263
    discharge_ratio: 5
    depth_of_discharge: 0.5
  VRBF:
    cost: 383.57
    lifetime: 19.6386
    annual_cost: 19.53143299420529
    efficiency: 0.704454
    discharge_ratio: 0.5
    depth_of_discharge: 1.0
