cost_values:
  wind_capex: 5000.0
  wind_opex: 100
  wind_lifetime: 20
  solar_capex: 1000.0
  solar_opex: 10
  solar_lifetime: 20
  carbon_price: 1.0
timeseries_values:
  load_level: 222050.78499184462
  wind_year: 2017
  solar_year: 2016
  price_year: 2023
  carbon_year: 2023
storage_values:
  CAES:
    cost: 68.8426
    lifetime: 25.1336
    annual_cost: 2.739066429003406
    efficiency: 0.551476
    discharge_ratio: 0.1
    depth_of_discharge: 0.4
  Li-ion:
    cost: 157.526
    lifetime: 21.2646
    annual_cost: 7.407898573215579
    efficiency: 0.926041
    discharge_ratio: 2
    depth_of_discharge: 0.9
  Pb-acid:
    cost: 121.978
    lifetime: 7.05269
    annual_cost: 17.295244793121487
    efficiency: 0.746855
    discharge_ratio: 5
    depth_of_discharge: 0.5
  VRBF:
    cost: 393.167
    lifetime: 23.4004
    annual_cost: 16.801721338096783
    efficiency: 0.703852
    discharge_ratio: 0.5
    depth_of_discharge: 1.0
