cost_values:
  wind_capex: 5000.0
  wind_opex: 100
  wind_lifetime: 20
  solar_capex: 1000.0
  solar_opex: 10
  solar_lifetime: 20
  carbon_price: 1.0
timeseries_values:
  load_level: 222050.78499184462
  wind_year: 2017
  solar_year: 2016
  price_year: 2023
  carbon_year: 2023
storage_values:
  CAES:
    cost: 60.8745
    lifetime: 23.8959
    annual_cost: 2.5474872258420898
    efficiency: 0.553481
    discharge_ratio: 0.1
    depth_of_discharge: 0.4
  Li-ion:
    cost: 184.897
    lifetime: 20.0996
    annual_cost: 9.199038786841529
    efficiency: 0.923903
    discharge_ratio: 2
    depth_of_discharge: 0.9
  Pb-acid:
    cost: 128.352
    lifetime: 7.14067
    annual_cost: 17.974783878823697
    efficiency: 0.743837
    discharge_ratio: 5
    depth_of_discharge: 0.5
  VRBF:
    cost: 391.368
    lifetime: 21.958
    annual_cost: 17.823481191365335
    efficiency: 0.706222
    discharge_ratio: 0.5
    depth_of_discharge: 1.0
