cost_values:
  wind_capex: 5000.0
  wind_opex: 100
  wind_lifetime: 20
  solar_capex: 1000.0
  solar_opex: 10
  solar_lifetime: 20
  carbon_price: 1.0
timeseries_values:
  load_level: 222050.78499184462
  wind_year: 2017
  solar_year: 2016
  price_year: 2023
  carbon_year: 2023
storage_values:
  CAES:
    cost: 61.9537
    lifetime: 24.7484
    annual_cost: 2.5033416301659903
    efficiency: 0.555218
    discharge_ratio: 0.1
    depth_of_discharge: 0.4
  Li-ion:
    cost: 165.88
    lifetime: 21.9923
    annual_cost: 7.542639923973391
    efficiency: 0.923842
    discharge_ratio: 2
    depth_of_discharge: 0.9
  Pb-acid:
    cost: 124.439
    lifetime: 7.57169
    annual_cost: 16.434772157867002
    efficiency: 0.734912
    discharge_ratio: 5
    depth_of_discharge: 0.5
  VRBF:
    cost: 390.414
    lifetime: 21.3914
    annual_cost: 18.250979365539422
    efficiency: 0.723362
    discharge_ratio: 0.5
    depth_of_discharge: 1.0
