cost_values:
  wind_capex: 5000.0
  wind_opex: 100
  wind_lifetime: 20
  solar_capex: 1000.0
  solar_opex: 10
  solar_lifetime: 20
  carbon_price: 1.0
timeseries_values:
  load_level: 222050.78499184462
  wind_year: 2017
  solar_year: 2016
  price_year: 2023
  carbon_year: 2023
storage_values:
  CAES:
    cost: 70.5183
    lifetime: 24.3334
    annual_cost: 2.898004389029071
    efficiency: 0.551757
    discharge_ratio: 0.1
    depth_of_discharge: 0.4
  Li-ion:
    cost: 158.496
    lifetime: 21.3645
    annual_cost: 7.418661798778348
    efficiency: 0.917324
    discharge_ratio: 2
    depth_of_discharge: 0.9
  Pb-acid:
    cost: 122.389
    lifetime: 8.33647
    annual_cost: 14.68115401362927
    efficiency: 0.74505
    discharge_ratio: 5
    depth_of_discharge: 0.5
  VRBF:
    cost: 371.296
    lifetime: 21.4688
    annual_cost: 17.294678789685495
    efficiency: 0.710262
    discharge_ratio: 0.5
    depth_of_discharge: 1.0
