cost_values:
  wind_capex: 5000.0
  wind_opex: 100
  wind_lifetime: 20
  solar_capex: 1000.0
  solar_opex: 10
  solar_lifetime: 20
  carbon_price: 1.0
timeseries_values:
  load_level: 222050.78499184462
  wind_year: 2017
  solar_year: 2016
  price_year: 2023
  carbon_year: 2023
storage_values:
  CAES:
    cost: 57.5803
    lifetime: 24.6046
    annual_cost: 2.3402249985775017
    efficiency: 0.552532
    discharge_ratio: 0.1
    depth_of_discharge: 0.4
  Li-ion:
    cost: 184.146
    lifetime: 19.6888
    annual_cost: 9.352830035350046
    efficiency: 0.924925
    discharge_ratio: 2
    depth_of_discharge: 0.9
  Pb-acid:
    cost: 152.901
    lifetime: 7.81552
    annual_cost: 19.56376543083506
    efficiency: 0.733805
    discharge_ratio: 5
    depth_of_discharge: 0.5
  VRBF:
    cost: 393.918
    lifetime: 20.9341
    annual_cost: 18.817049694039866
    efficiency: 0.712179
    discharge_ratio: 0.5
    depth_of_discharge: 1.0
