cost_values:
  wind_capex: 5000.0
  wind_opex: 100
  wind_lifetime: 20
  solar_capex: 1000.0
  solar_opex: 10
  solar_lifetime: 20
  carbon_price: 1.0
timeseries_values:
  load_level: 222050.78499184462
  wind_year: 2017
  solar_year: 2016
  price_year: 2023
  carbon_year: 2023
storage_values:
  CAES:
    cost: 67.367
    lifetime: 23.331
    annual_cost: 2.8874458874458875
    efficiency: 0.555918
    discharge_ratio: 0.1
    depth_of_discharge: 0.4
  Li-ion:
    cost: 198.694
    lifetime: 20.2784
    annual_cost: 9.798307558781756
    efficiency: 0.924862
    discharge_ratio: 2
    depth_of_discharge: 0.9
  Pb-acid:
    cost: 127.177
    lifetime: 8.52832
    annual_cost: 14.912315672957861
    efficiency: 0.736836
    discharge_ratio: 5
    depth_of_discharge: 0.5
  VRBF:
    cost: 396.853
    lifetime: 24.9985
    annual_cost: 15.87507250435026
    efficiency: 0.692961
    discharge_ratio: 0.5
    depth_of_discharge: 1.0
