cost_values:
  wind_capex: 5000.0
  wind_opex: 100
  wind_lifetime: 20
  solar_capex: 1000.0
  solar_opex: 10
  solar_lifetime: 20
  carbon_price: 1.0
timeseries_values:
  load_level: 222050.78499184462
  wind_year: 2017
  solar_year: 2016
  price_year: 2023
  carbon_year: 2023
storage_values:
  CAES:
    cost: 50.8441
    lifetime: 24.1055
    annual_cost: 2.109232332870092
    efficiency: 0.560854
    discharge_ratio: 0.1
    depth_of_discharge: 0.4
  Li-ion:
    cost: 175.017
    lifetime: 20.5911
    annual_cost: 8.499643049667089
    efficiency: 0.920399
    discharge_ratio: 2
    depth_of_discharge: 0.9
  Pb-acid:
    cost: 162.841
    lifetime: 8.77371
    annual_cost: 18.56010741180185
    efficiency: 0.738796
    discharge_ratio: 5
    depth_of_discharge: 0.5
  VRBF:
    cost: 396.485
    lifetime: 22.1233
    annual_cost: 17.921603015824946
    efficiency: 0.699409
    discharge_ratio: 0.5
    depth_of_discharge: 1.0
