cost_values:
  wind_capex: 5000.0
  wind_opex: 100
  wind_lifetime: 20
  solar_capex: 1000.0
  solar_opex: 10
  solar_lifetime: 20
  carbon_price: 1.0
timeseries_values:
  load_level: 222050.78499184462
  wind_year: 2017
  solar_year: 2016
  price_year: 2023
  carbon_year: 2023
storage_values:
  CAES:
    cost: 57.3249
    lifetime: 22.7861
    annual_cost: 2.515783745353527
    efficiency: 0.551492
    discharge_ratio: 0.1
    depth_of_discharge: 0.4
  Li-ion:
    cost: 185.967
    lifetime: 21.1802
    annual_cost: 8.7802287041671
    efficiency: 0.900414
    discharge_ratio: 2
    depth_of_discharge: 0.9
  Pb-acid:
    cost: 134.872
    lifetime: 8.14569
    annual_cost: 16.557467814267422
    efficiency: 0.735354
    discharge_ratio: 5
    depth_of_discharge: 0.5
  VRBF:
    cost: 388.772
    lifetime: 21.4759
    annual_cost: 18.102710480119576
    efficiency: 0.695209
    discharge_ratio: 0.5
    depth_of_discharge: 1.0
