cost_values:
  wind_capex: 5000.0
  wind_opex: 100
  wind_lifetime: 20
  solar_capex: 1000.0
  solar_opex: 10
  solar_lifetime: 20
  carbon_price: 1.0
timeseries_values:
  load_level: 222050.78499184462
  wind_year: 2017
  solar_year: 2016
  price_year: 2023
  carbon_year: 2023
storage_values:
  CAES:
    cost: 59.752
    lifetime: 25.3606
    annual_cost: 2.3560956759698115
    efficiency: 0.554894
    discharge_ratio: 0.1
    depth_of_discharge: 0.4
  Li-ion:
    cost: 188.955
    lifetime: 20.6819
    annual_cost: 9.13624957088082
    efficiency: 0.922876
    discharge_ratio: 2
    depth_of_discharge: 0.9
  Pb-acid:
    cost: 124.408
    lifetime: 9.14479
    annual_cost: 13.604248976739761
    efficiency: 0.744181
    discharge_ratio: 5
    depth_of_discharge: 0.5
  VRBF:
    cost: 392.621
    lifetime: 21.7007
    annual_cost: 18.092550009907512
    efficiency: 0.701244
    discharge_ratio: 0.5
    depth_of_discharge: 1.0
