cost_values:
  wind_capex: 5000.0
  wind_opex: 100
  wind_lifetime: 20
  solar_capex: 1000.0
  solar_opex: 10
  solar_lifetime: 20
  carbon_price: 1.0
timeseries_values:
  load_level: 222050.78499184462
  wind_year: 2017
  solar_year: 2016
  price_year: 2023
  carbon_year: 2023
storage_values:
  CAES:
    cost: 70.7863
    lifetime: 24.3574
    annual_cost: 2.906151723911419
    efficiency: 0.554243
    discharge_ratio: 0.1
    depth_of_discharge: 0.4
  Li-ion:
    cost: 175.903
    lifetime: 20.7578
    annual_cost: 8.47406757941593
    efficiency: 0.920136
    discharge_ratio: 2
    depth_of_discharge: 0.9
  Pb-acid:
    cost: 138.574
    lifetime: 9.40954
    annual_cost: 14.726968587199801
    efficiency: 0.734017
    discharge_ratio: 5
    depth_of_discharge: 0.5
  VRBF:
    cost: 389.219
    lifetime: 24.6112
    annual_cost: 15.81471037576388
    efficiency: 0.700037
    discharge_ratio: 0.5
    depth_of_discharge: 1.0
