cost_values:
  wind_capex: 5000.0
  wind_opex: 100
  wind_lifetime: 20
  solar_capex: 1000.0
  solar_opex: 10
  solar_lifetime: 20
  carbon_price: 1.0
timeseries_values:
  load_level: 222050.78499184462
  wind_year: 2017
  solar_year: 2016
  price_year: 2023
  carbon_year: 2023
storage_values:
  CAES:
    cost: 61.143
    lifetime: 23.7293
    annual_cost: 2.5766878921839247
    efficiency: 0.550076
    discharge_ratio: 0.1
    depth_of_discharge: 0.4
  Li-ion:
    cost: 191.076
    lifetime: 19.9017
    annual_cost: 9.600988860248119
    efficiency: 0.925801
    discharge_ratio: 2
    depth_of_discharge: 0.9
  Pb-acid:
    cost: 120.978
    lifetime: 7.62859
    annual_cost: 15.85850071900574
    efficiency: 0.749913
    discharge_ratio: 5
    depth_of_discharge: 0.5
  VRBF:
    cost: 370.21
    lifetime: 22.4831
    annual_cost: 16.46614568275727
    efficiency: 0.694449
    discharge_ratio: 0.5
    depth_of_discharge: 1.0
