cost_values:
  wind_capex: 5000.0
  wind_opex: 100
  wind_lifetime: 20
  solar_capex: 1000.0
  solar_opex: 10
  solar_lifetime: 20
  carbon_price: 1.0
timeseries_values:
  load_level: 222050.78499184462
  wind_year: 2017
  solar_year: 2016
  price_year: 2023
  carbon_year: 2023
storage_values:
  CAES:
    cost: 58.9455
    lifetime: 25.3905
    annual_cost: 2.3215572753588942
    efficiency: 0.556332
    discharge_ratio: 0.1
    depth_of_discharge: 0.4
  Li-ion:
    cost: 175.337
    lifetime: 21.2239
    annual_cost: 8.26129976111836
    efficiency: 0.924321
    discharge_ratio: 2
    depth_of_discharge: 0.9
  Pb-acid:
    cost: 138.668
    lifetime: 7.37707
    annual_cost: 18.797164728001768
    efficiency: 0.752967
    discharge_ratio: 5
    depth_of_discharge: 0.5
  VRBF:
    cost: 383.384
    lifetime: 23.5974
    annual_cost: 16.246874655682404
    efficiency: 0.70251
    discharge_ratio: 0.5
    depth_of_discharge: 1.0
