cost_values:
  wind_capex: 5000.0
  wind_opex: 100
  wind_lifetime: 20
  solar_capex: 1000.0
  solar_opex: 10
  solar_lifetime: 20
  carbon_price: 1.0
timeseries_values:
  load_level: 222050.78499184462
  wind_year: 2017
  solar_year: 2016
  price_year: 2023
  carbon_year: 2023
storage_values:
  CAES:
    cost: 68.9711
    lifetime: 23.2477
    annual_cost: 2.966792413873201
    efficiency: 0.557526
    discharge_ratio: 0.1
    depth_of_discharge: 0.4
  Li-ion:
    cost: 193.584
    lifetime: 22.2236
    annual_cost: 8.710739934124083
    efficiency: 0.916338
    discharge_ratio: 2
    depth_of_discharge: 0.9
  Pb-acid:
    cost: 144.161
    lifetime: 7.95255
    annual_cost: 18.12764459198622
    efficiency: 0.729764
    discharge_ratio: 5
    depth_of_discharge: 0.5
  VRBF:
    cost: 374.084
    lifetime: 23.4328
    annual_cost: 15.964118671264211
    efficiency: 0.68726
    discharge_ratio: 0.5
    depth_of_discharge: 1.0
