cost_values:
  wind_capex: 5000.0
  wind_opex: 100
  wind_lifetime: 20
  solar_capex: 1000.0
  solar_opex: 10
  solar_lifetime: 20
  carbon_price: 1.0
timeseries_values:
  load_level: 222050.78499184462
  wind_year: 2017
  solar_year: 2016
  price_year: 2023
  carbon_year: 2023
storage_values:
  CAES:
    cost: 57.0336
    lifetime: 25.3302
    annual_cost: 2.251604803752043
    efficiency: 0.56421
    discharge_ratio: 0.1
    depth_of_discharge: 0.4
  Li-ion:
    cost: 181.612
    lifetime: 17.9885
    annual_cost: 10.096005781471495
    efficiency: 0.922819
    discharge_ratio: 2
    depth_of_discharge: 0.9
  Pb-acid:
    cost: 126.767
    lifetime: 7.11467
    annual_cost: 17.817692176868356
    efficiency: 0.737743
    discharge_ratio: 5
    depth_of_discharge: 0.5
  VRBF:
    cost: 387.384
    lifetime: 22.2098
    annual_cost: 17.442030094823007
    efficiency: 0.702053
    discharge_ratio: 0.5
    depth_of_discharge: 1.0
