cost_values:
  wind_capex: 5000.0
  wind_opex: 100
  wind_lifetime: 20
  solar_capex: 1000.0
  solar_opex: 10
  solar_lifetime: 20
  carbon_price: 1.0
timeseries_values:
  load_level: 222050.78499184462
  wind_year: 2017
  solar_year: 2016
  price_year: 2023
  carbon_year: 2023
storage_values:
  CAES:
    cost: 66.6717
    lifetime: 23.839
    annual_cost: 2.7967490247074123
    efficiency: 0.551069
    discharge_ratio: 0.1
    depth_of_discharge: 0.4
  Li-ion:
    cost: 189.221
    lifetime: 22.1167
    annual_cost: 8.55557112950847
    efficiency: 0.920085
    discharge_ratio: 2
    depth_of_discharge: 0.9
  Pb-acid:
    cost: 131.316
    lifetime: 7.31452
    annual_cost: 17.952784324877094
    efficiency: 0.734912
    discharge_ratio: 5
    depth_of_discharge: 0.5
  VRBF:
    cost: 383.246
    lifetime: 21.9519
    annual_cost: 17.45844323270423
    efficiency: 0.702809
    discharge_ratio: 0.5
    depth_of_discharge: 1.0
