cost_values:
  wind_capex: 5000.0
  wind_opex: 100
  wind_lifetime: 20
  solar_capex: 1000.0
  solar_opex: 10
  solar_lifetime: 20
  carbon_price: 1.0
timeseries_values:
  load_level: 222050.78499184462
  wind_year: 2017
  solar_year: 2016
  price_year: 2023
  carbon_year: 2023
storage_values:
  CAES:
    cost: 62.6141
    lifetime: 23.776
    annual_cost: 2.6335001682368775
    efficiency: 0.560262
    discharge_ratio: 0.1
    depth_of_discharge: 0.4
  Li-ion:
    cost: 178.431
    lifetime: 20.5221
    annual_cost: 8.694578040259039
    efficiency: 0.918096
    discharge_ratio: 2
    depth_of_discharge: 0.9
  Pb-acid:
    cost: 118.837
    lifetime: 7.562
    annual_cost: 15.715022480825178
    efficiency: 0.748527
    discharge_ratio: 5
    depth_of_discharge: 0.5
  VRBF:
    cost: 398.709
    lifetime: 23.7724
    annual_cost: 16.771928791371504
    efficiency: 0.707153
    discharge_ratio: 0.5
    depth_of_discharge: 1.0
