cost_values:
  wind_capex: 5000.0
  wind_opex: 100
  wind_lifetime: 20
  solar_capex: 1000.0
  solar_opex: 10
  solar_lifetime: 20
  carbon_price: 1.0
timeseries_values:
  load_level: 222050.78499184462
  wind_year: 2017
  solar_year: 2016
  price_year: 2023
  carbon_year: 2023
storage_values:
  CAES:
    cost: 60.9028
    lifetime: 24.269
    annual_cost: 2.509489472166138
    efficiency: 0.554433
    discharge_ratio: 0.1
    depth_of_discharge: 0.4
  Li-ion:
    cost: 179.623
    lifetime: 20.9348
    annual_cost: 8.580115405926973
    efficiency: 0.911357
    discharge_ratio: 2
    depth_of_discharge: 0.9
  Pb-acid:
    cost: 153.766
    lifetime: 6.03708
    annual_cost: 25.470260457042148
    efficiency: 0.736741
    discharge_ratio: 5
    depth_of_discharge: 0.5
  VRBF:
    cost: 355.938
    lifetime: 22.5874
    annual_cost: 15.758254602123309
    efficiency: 0.713097
    discharge_ratio: 0.5
    depth_of_discharge: 1.0
