cost_values:
  wind_capex: 5000.0
  wind_opex: 100
  wind_lifetime: 20
  solar_capex: 1000.0
  solar_opex: 10
  solar_lifetime: 20
  carbon_price: 1.0
timeseries_values:
  load_level: 222050.78499184462
  wind_year: 2017
  solar_year: 2016
  price_year: 2023
  carbon_year: 2023
storage_values:
  CAES:
    cost: 57.3423
    lifetime: 25.3279
    annual_cost: 2.263997409970823
    efficiency: 0.553245
    discharge_ratio: 0.1
    depth_of_discharge: 0.4
  Li-ion:
    cost: 187.416
    lifetime: 21.0711
    annual_cost: 8.894457337300851
    efficiency: 0.942069
    discharge_ratio: 2
    depth_of_discharge: 0.9
  Pb-acid:
    cost: 105.597
    lifetime: 7.76404
    annual_cost: 13.600780006285387
    efficiency: 0.748058
    discharge_ratio: 5
    depth_of_discharge: 0.5
  VRBF:
    cost: 392.197
    lifetime: 21.2087
    annual_cost: 18.492269681781533
    efficiency: 0.689412
    discharge_ratio: 0.5
    depth_of_discharge: 1.0
