cost_values:
  wind_capex: 5000.0
  wind_opex: 100
  wind_lifetime: 20
  solar_capex: 1000.0
  solar_opex: 10
  solar_lifetime: 20
  carbon_price: 1.0
timeseries_values:
  load_level: 222050.78499184462
  wind_year: 2017
  solar_year: 2016
  price_year: 2023
  carbon_year: 2023
storage_values:
  CAES:
    cost: 62.1946
    lifetime: 23.3256
    annual_cost: 2.666366567205131
    efficiency: 0.552991
    discharge_ratio: 0.1
    depth_of_discharge: 0.4
  Li-ion:
    cost: 181.426
    lifetime: 20.979
    annual_cost: 8.64798131464798
    efficiency: 0.920231
    discharge_ratio: 2
    depth_of_discharge: 0.9
  Pb-acid:
    cost: 146.291
    lifetime: 6.6897
    annual_cost: 21.868095729255423
    efficiency: 0.741224
    discharge_ratio: 5
    depth_of_discharge: 0.5
  VRBF:
    cost: 397.56
    lifetime: 22.2379
    annual_cost: 17.877587362116028
    efficiency: 0.704985
    discharge_ratio: 0.5
    depth_of_discharge: 1.0
