cost_values:
  wind_capex: 5000.0
  wind_opex: 100
  wind_lifetime: 20
  solar_capex: 1000.0
  solar_opex: 10
  solar_lifetime: 20
  carbon_price: 1.0
timeseries_values:
  load_level: 222050.78499184462
  wind_year: 2017
  solar_year: 2016
  price_year: 2023
  carbon_year: 2023
storage_values:
  CAES:
    cost: 67.9218
    lifetime: 24.5324
    annual_cost: 2.768656959775644
    efficiency: 0.554375
    discharge_ratio: 0.1
    depth_of_discharge: 0.4
  Li-ion:
    cost: 175.812
    lifetime: 21.773
    annual_cost: 8.074771505993663
    efficiency: 0.926894
    discharge_ratio: 2
    depth_of_discharge: 0.9
  Pb-acid:
    cost: 133.983
    lifetime: 7.68442
    annual_cost: 17.43566853451529
    efficiency: 0.739445
    discharge_ratio: 5
    depth_of_discharge: 0.5
  VRBF:
    cost: 393.618
    lifetime: 20.703
    annual_cost: 19.012606868569772
    efficiency: 0.706678
    discharge_ratio: 0.5
    depth_of_discharge: 1.0
