cost_values:
  wind_capex: 5000.0
  wind_opex: 100
  wind_lifetime: 20
  solar_capex: 1000.0
  solar_opex: 10
  solar_lifetime: 20
  carbon_price: 1.0
timeseries_values:
  load_level: 222050.78499184462
  wind_year: 2017
  solar_year: 2016
  price_year: 2023
  carbon_year: 2023
storage_values:
  CAES:
    cost: 60.2879
    lifetime: 25.104
    annual_cost: 2.4015256532823455
    efficiency: 0.555975
    discharge_ratio: 0.1
    depth_of_discharge: 0.4
  Li-ion:
    cost: 203.29
    lifetime: 19.7499
    annual_cost: 10.293216674514808
    efficiency: 0.92462
    discharge_ratio: 2
    depth_of_discharge: 0.9
  Pb-acid:
    cost: 128.983
    lifetime: 8.01802
    annual_cost: 16.08663984375195
    efficiency: 0.757518
    discharge_ratio: 5
    depth_of_discharge: 0.5
  VRBF:
    cost: 385.34
    lifetime: 23.2705
    annual_cost: 16.559162888635825
    efficiency: 0.718929
    discharge_ratio: 0.5
    depth_of_discharge: 1.0
