cost_values:
  wind_capex: 5000.0
  wind_opex: 100
  wind_lifetime: 20
  solar_capex: 1000.0
  solar_opex: 10
  solar_lifetime: 20
  carbon_price: 1.0
timeseries_values:
  load_level: 222050.78499184462
  wind_year: 2017
  solar_year: 2016
  price_year: 2023
  carbon_year: 2023
storage_values:
  CAES:
    cost: 60.6982
    lifetime: 23.7085
    annual_cost: 2.560187274606154
    efficiency: 0.550619
    discharge_ratio: 0.1
    depth_of_discharge: 0.4
  Li-ion:
    cost: 181.824
    lifetime: 20.6864
    annual_cost: 8.789542888081058
    efficiency: 0.929892
    discharge_ratio: 2
    depth_of_discharge: 0.9
  Pb-acid:
    cost: 132.008
    lifetime: 8.44882
    annual_cost: 15.624430393830146
    efficiency: 0.749123
    discharge_ratio: 5
    depth_of_discharge: 0.5
  VRBF:
    cost: 384.425
    lifetime: 25.1823
    annual_cost: 15.265682642173273
    efficiency: 0.699845
    discharge_ratio: 0.5
    depth_of_discharge: 1.0
