cost_values:
  wind_capex: 5000.0
  wind_opex: 100
  wind_lifetime: 20
  solar_capex: 1000.0
  solar_opex: 10
  solar_lifetime: 20
  carbon_price: 1.0
timeseries_values:
  load_level: 222050.78499184462
  wind_year: 2017
  solar_year: 2016
  price_year: 2023
  carbon_year: 2023
storage_values:
  CAES:
    cost: 64.3903
    lifetime: 24.9235
    annual_cost: 2.5835175637450596
    efficiency: 0.550871
    discharge_ratio: 0.1
    depth_of_discharge: 0.4
  Li-ion:
    cost: 160.957
    lifetime: 17.9934
    annual_cost: 8.94533551190992
    efficiency: 0.920407
    discharge_ratio: 2
    depth_of_discharge: 0.9
  Pb-acid:
    cost: 127.118
    lifetime: 7.2656
    annual_cost: 17.495870953534464
    efficiency: 0.739697
    discharge_ratio: 5
    depth_of_discharge: 0.5
  VRBF:
    cost: 395.217
    lifetime: 24.2318
    annual_cost: 16.309849041342368
    efficiency: 0.69266
    discharge_ratio: 0.5
    depth_of_discharge: 1.0
