cost_values:
  wind_capex: 5000.0
  wind_opex: 100
  wind_lifetime: 20
  solar_capex: 1000.0
  solar_opex: 10
  solar_lifetime: 20
  carbon_price: 1.0
timeseries_values:
  load_level: 222050.78499184462
  wind_year: 2017
  solar_year: 2016
  price_year: 2023
  carbon_year: 2023
storage_values:
  CAES:
    cost: 62.8334
    lifetime: 24.4535
    annual_cost: 2.569505387776801
    efficiency: 0.551616
    discharge_ratio: 0.1
    depth_of_discharge: 0.4
  Li-ion:
    cost: 197.27
    lifetime: 20.5379
    annual_cost: 9.605168980275492
    efficiency: 0.9342
    discharge_ratio: 2
    depth_of_discharge: 0.9
  Pb-acid:
    cost: 121.896
    lifetime: 6.79885
    annual_cost: 17.92891444876707
    efficiency: 0.740823
    discharge_ratio: 5
    depth_of_discharge: 0.5
  VRBF:
    cost: 398.015
    lifetime: 23.841
    annual_cost: 16.694559791955033
    efficiency: 0.719039
    discharge_ratio: 0.5
    depth_of_discharge: 1.0
