cost_values:
  wind_capex: 5000.0
  wind_opex: 100
  wind_lifetime: 20
  solar_capex: 1000.0
  solar_opex: 10
  solar_lifetime: 20
  carbon_price: 1.0
timeseries_values:
  load_level: 222050.78499184462
  wind_year: 2017
  solar_year: 2016
  price_year: 2023
  carbon_year: 2023
storage_values:
  CAES:
    cost: 58.4991
    lifetime: 24.4744
    annual_cost: 2.390215899061877
    efficiency: 0.557265
    discharge_ratio: 0.1
    depth_of_discharge: 0.4
  Li-ion:
    cost: 178.68
    lifetime: 19.1696
    annual_cost: 9.321008263083217
    efficiency: 0.928917
    discharge_ratio: 2
    depth_of_discharge: 0.9
  Pb-acid:
    cost: 138.043
    lifetime: 6.47223
    annual_cost: 21.32850655801787
    efficiency: 0.744545
    discharge_ratio: 5
    depth_of_discharge: 0.5
  VRBF:
    cost: 390.389
    lifetime: 23.2162
    annual_cost: 16.815370301772038
    efficiency: 0.692764
    discharge_ratio: 0.5
    depth_of_discharge: 1.0
