cost_values:
  wind_capex: 5000.0
  wind_opex: 100
  wind_lifetime: 20
  solar_capex: 1000.0
  solar_opex: 10
  solar_lifetime: 20
  carbon_price: 1.0
timeseries_values:
  load_level: 222050.78499184462
  wind_year: 2017
  solar_year: 2016
  price_year: 2023
  carbon_year: 2023
storage_values:
  CAES:
    cost: 65.4071
    lifetime: 23.9598
    annual_cost: 2.729868362841092
    efficiency: 0.55446
    discharge_ratio: 0.1
    depth_of_discharge: 0.4
  Li-ion:
    cost: 188.732
    lifetime: 19.9627
    annual_cost: 9.454232142946594
    efficiency: 0.916857
    discharge_ratio: 2
    depth_of_discharge: 0.9
  Pb-acid:
    cost: 99.7812
    lifetime: 8.14852
    annual_cost: 12.24531571377379
    efficiency: 0.756365
    discharge_ratio: 5
    depth_of_discharge: 0.5
  VRBF:
    cost: 373.026
    lifetime: 22.6796
    annual_cost: 16.447644579269475
    efficiency: 0.708312
    discharge_ratio: 0.5
    depth_of_discharge: 1.0
