cost_values:
  wind_capex: 5000.0
  wind_opex: 100
  wind_lifetime: 20
  solar_capex: 1000.0
  solar_opex: 10
  solar_lifetime: 20
  carbon_price: 1.0
timeseries_values:
  load_level: 222050.78499184462
  wind_year: 2017
  solar_year: 2016
  price_year: 2023
  carbon_year: 2023
storage_values:
  CAES:
    cost: 68.7568
    lifetime: 24.9883
    annual_cost: 2.7515597299536183
    efficiency: 0.55554
    discharge_ratio: 0.1
    depth_of_discharge: 0.4
  Li-ion:
    cost: 173.068
    lifetime: 21.9792
    annual_cost: 7.874171944383782
    efficiency: 0.928397
    discharge_ratio: 2
    depth_of_discharge: 0.9
  Pb-acid:
    cost: 148.047
    lifetime: 9.35848
    annual_cost: 15.819556167240833
    efficiency: 0.744229
    discharge_ratio: 5
    depth_of_discharge: 0.5
  VRBF:
    cost: 391.666
    lifetime: 21.7617
    annual_cost: 17.997950527762075
    efficiency: 0.696028
    discharge_ratio: 0.5
    depth_of_discharge: 1.0
