cost_values:
  wind_capex: 5000.0
  wind_opex: 100
  wind_lifetime: 20
  solar_capex: 1000.0
  solar_opex: 10
  solar_lifetime: 20
  carbon_price: 1.0
timeseries_values:
  load_level: 222050.78499184462
  wind_year: 2017
  solar_year: 2016
  price_year: 2023
  carbon_year: 2023
storage_values:
  CAES:
    cost: 59.8986
    lifetime: 25.0415
    annual_cost: 2.3919733242816927
    efficiency: 0.555738
    discharge_ratio: 0.1
    depth_of_discharge: 0.4
  Li-ion:
    cost: 175.026
    lifetime: 21.9279
    annual_cost: 7.981886090323287
    efficiency: 0.91737
    discharge_ratio: 2
    depth_of_discharge: 0.9
  Pb-acid:
    cost: 153.055
    lifetime: 7.85105
    annual_cost: 19.49484463861522
    efficiency: 0.730765
    discharge_ratio: 5
    depth_of_discharge: 0.5
  VRBF:
    cost: 389.402
    lifetime: 22.2642
    annual_cost: 17.49005129310732
    efficiency: 0.708247
    discharge_ratio: 0.5
    depth_of_discharge: 1.0
