cost_values:
  wind_capex: 5000.0
  wind_opex: 100
  wind_lifetime: 20
  solar_capex: 1000.0
  solar_opex: 10
  solar_lifetime: 20
  carbon_price: 1.0
timeseries_values:
  load_level: 222050.78499184462
  wind_year: 2017
  solar_year: 2016
  price_year: 2023
  carbon_year: 2023
storage_values:
  CAES:
    cost: 67.1372
    lifetime: 23.954
    annual_cost: 2.8027552809551644
    efficiency: 0.552876
    discharge_ratio: 0.1
    depth_of_discharge: 0.4
  Li-ion:
    cost: 199.518
    lifetime: 21.022
    annual_cost: 9.490914280277805
    efficiency: 0.912572
    discharge_ratio: 2
    depth_of_discharge: 0.9
  Pb-acid:
    cost: 148.829
    lifetime: 9.43223
    annual_cost: 15.778771297985736
    efficiency: 0.737735
    discharge_ratio: 5
    depth_of_discharge: 0.5
  VRBF:
    cost: 385.929
    lifetime: 22.1747
    annual_cost: 17.404023504263865
    efficiency: 0.696723
    discharge_ratio: 0.5
    depth_of_discharge: 1.0
