cost_values:
  wind_capex: 5000.0
  wind_opex: 100
  wind_lifetime: 20
  solar_capex: 1000.0
  solar_opex: 10
  solar_lifetime: 20
  carbon_price: 1.0
timeseries_values:
  load_level: 222050.78499184462
  wind_year: 2017
  solar_year: 2016
  price_year: 2023
  carbon_year: 2023
storage_values:
  CAES:
    cost: 64.2653
    lifetime: 24.0989
    annual_cost: 2.666731676549552
    efficiency: 0.558645
    discharge_ratio: 0.1
    depth_of_discharge: 0.4
  Li-ion:
    cost: 172.974
    lifetime: 20.5028
    annual_cost: 8.436603780946992
    efficiency: 0.938058
    discharge_ratio: 2
    depth_of_discharge: 0.9
  Pb-acid:
    cost: 151.749
    lifetime: 8.06112
    annual_cost: 18.824803501250443
    efficiency: 0.73072
    discharge_ratio: 5
    depth_of_discharge: 0.5
  VRBF:
    cost: 399.318
    lifetime: 21.5666
    annual_cost: 18.515575009505437
    efficiency: 0.679294
    discharge_ratio: 0.5
    depth_of_discharge: 1.0
