cost_values:
  wind_capex: 5000.0
  wind_opex: 100
  wind_lifetime: 20
  solar_capex: 1000.0
  solar_opex: 10
  solar_lifetime: 20
  carbon_price: 1.0
timeseries_values:
  load_level: 222050.78499184462
  wind_year: 2017
  solar_year: 2016
  price_year: 2023
  carbon_year: 2023
storage_values:
  CAES:
    cost: 76.9804
    lifetime: 24.4479
    annual_cost: 3.1487530626352367
    efficiency: 0.553105
    discharge_ratio: 0.1
    depth_of_discharge: 0.4
  Li-ion:
    cost: 188.995
    lifetime: 21.7703
    annual_cost: 8.681322719484804
    efficiency: 0.9224
    discharge_ratio: 2
    depth_of_discharge: 0.9
  Pb-acid:
    cost: 130.41
    lifetime: 9.57406
    annual_cost: 13.62118056498497
    efficiency: 0.751024
    discharge_ratio: 5
    depth_of_discharge: 0.5
  VRBF:
    cost: 376.52
    lifetime: 20.6378
    annual_cost: 18.244192694957796
    efficiency: 0.710015
    discharge_ratio: 0.5
    depth_of_discharge: 1.0
