cost_values:
  wind_capex: 5000.0
  wind_opex: 100
  wind_lifetime: 20
  solar_capex: 1000.0
  solar_opex: 10
  solar_lifetime: 20
  carbon_price: 1.0
timeseries_values:
  load_level: 222050.78499184462
  wind_year: 2017
  solar_year: 2016
  price_year: 2023
  carbon_year: 2023
storage_values:
  CAES:
    cost: 67.6635
    lifetime: 24.0208
    annual_cost: 2.816871211616599
    efficiency: 0.556388
    discharge_ratio: 0.1
    depth_of_discharge: 0.4
  Li-ion:
    cost: 184.775
    lifetime: 19.9634
    annual_cost: 9.255687908873238
    efficiency: 0.909815
    discharge_ratio: 2
    depth_of_discharge: 0.9
  Pb-acid:
    cost: 141.328
    lifetime: 6.87435
    annual_cost: 20.558743735771383
    efficiency: 0.736207
    discharge_ratio: 5
    depth_of_discharge: 0.5
  VRBF:
    cost: 386.855
    lifetime: 22.5689
    annual_cost: 17.141065802941217
    efficiency: 0.697782
    discharge_ratio: 0.5
    depth_of_discharge: 1.0
