cost_values:
  wind_capex: 5000.0
  wind_opex: 100
  wind_lifetime: 20
  solar_capex: 1000.0
  solar_opex: 10
  solar_lifetime: 20
  carbon_price: 1.0
timeseries_values:
  load_level: 222050.78499184462
  wind_year: 2017
  solar_year: 2016
  price_year: 2023
  carbon_year: 2023
storage_values:
  CAES:
    cost: 69.1549
    lifetime: 24.1986
    annual_cost: 2.857805823477391
    efficiency: 0.554213
    discharge_ratio: 0.1
    depth_of_discharge: 0.4
  Li-ion:
    cost: 180.826
    lifetime: 21.8973
    annual_cost: 8.257913076041337
    efficiency: 0.935971
    discharge_ratio: 2
    depth_of_discharge: 0.9
  Pb-acid:
    cost: 127.521
    lifetime: 8.72895
    annual_cost: 14.60897358788858
    efficiency: 0.740121
    discharge_ratio: 5
    depth_of_discharge: 0.5
  VRBF:
    cost: 384.495
    lifetime: 21.7965
    annual_cost: 17.640217466106943
    efficiency: 0.707004
    discharge_ratio: 0.5
    depth_of_discharge: 1.0
