cost_values:
  wind_capex: 5000.0
  wind_opex: 100
  wind_lifetime: 20
  solar_capex: 1000.0
  solar_opex: 10
  solar_lifetime: 20
  carbon_price: 1.0
timeseries_values:
  load_level: 222050.78499184462
  wind_year: 2017
  solar_year: 2016
  price_year: 2023
  carbon_year: 2023
storage_values:
  CAES:
    cost: 60.8417
    lifetime: 24.2548
    annual_cost: 2.5084395666012504
    efficiency: 0.560498
    discharge_ratio: 0.1
    depth_of_discharge: 0.4
  Li-ion:
    cost: 172.317
    lifetime: 20.1737
    annual_cost: 8.54166563396898
    efficiency: 0.918161
    discharge_ratio: 2
    depth_of_discharge: 0.9
  Pb-acid:
    cost: 139.159
    lifetime: 7.08375
    annual_cost: 19.644820892888653
    efficiency: 0.725296
    discharge_ratio: 5
    depth_of_discharge: 0.5
  VRBF:
    cost: 378.927
    lifetime: 22.9661
    annual_cost: 16.499405645712596
    efficiency: 0.704308
    discharge_ratio: 0.5
    depth_of_discharge: 1.0
