cost_values:
  wind_capex: 5000.0
  wind_opex: 100
  wind_lifetime: 20
  solar_capex: 1000.0
  solar_opex: 10
  solar_lifetime: 20
  carbon_price: 1.0
timeseries_values:
  load_level: 222050.78499184462
  wind_year: 2017
  solar_year: 2016
  price_year: 2023
  carbon_year: 2023
storage_values:
  CAES:
    cost: 61.1903
    lifetime: 23.9703
    annual_cost: 2.552754867481842
    efficiency: 0.556639
    discharge_ratio: 0.1
    depth_of_discharge: 0.4
  Li-ion:
    cost: 173.313
    lifetime: 21.4059
    annual_cost: 8.096506103457457
    efficiency: 0.921489
    discharge_ratio: 2
    depth_of_discharge: 0.9
  Pb-acid:
    cost: 124.822
    lifetime: 9.88739
    annual_cost: 12.624362951193389
    efficiency: 0.757394
    discharge_ratio: 5
    depth_of_discharge: 0.5
  VRBF:
    cost: 395.135
    lifetime: 22.4831
    annual_cost: 17.57475615017502
    efficiency: 0.692349
    discharge_ratio: 0.5
    depth_of_discharge: 1.0
