cost_values:
  wind_capex: 5000.0
  wind_opex: 100
  wind_lifetime: 20
  solar_capex: 1000.0
  solar_opex: 10
  solar_lifetime: 20
  carbon_price: 1.0
timeseries_values:
  load_level: 222050.78499184462
  wind_year: 2017
  solar_year: 2016
  price_year: 2023
  carbon_year: 2023
storage_values:
  CAES:
    cost: 57.5991
    lifetime: 23.649
    annual_cost: 2.4355828999112012
    efficiency: 0.553896
    discharge_ratio: 0.1
    depth_of_discharge: 0.4
  Li-ion:
    cost: 160.141
    lifetime: 19.6158
    annual_cost: 8.163878098267723
    efficiency: 0.931496
    discharge_ratio: 2
    depth_of_discharge: 0.9
  Pb-acid:
    cost: 129.084
    lifetime: 8.18016
    annual_cost: 15.780131439971834
    efficiency: 0.75501
    discharge_ratio: 5
    depth_of_discharge: 0.5
  VRBF:
    cost: 393.761
    lifetime: 22.9675
    annual_cost: 17.144269075868074
    efficiency: 0.703215
    discharge_ratio: 0.5
    depth_of_discharge: 1.0
