cost_values:
  wind_capex: 5000.0
  wind_opex: 100
  wind_lifetime: 20
  solar_capex: 1000.0
  solar_opex: 10
  solar_lifetime: 20
  carbon_price: 1.0
timeseries_values:
  load_level: 222050.78499184462
  wind_year: 2017
  solar_year: 2016
  price_year: 2023
  carbon_year: 2023
storage_values:
  CAES:
    cost: 69.0215
    lifetime: 24.7428
    annual_cost: 2.789558982815203
    efficiency: 0.551211
    discharge_ratio: 0.1
    depth_of_discharge: 0.4
  Li-ion:
    cost: 186.401
    lifetime: 19.7389
    annual_cost: 9.443332708509592
    efficiency: 0.921281
    discharge_ratio: 2
    depth_of_discharge: 0.9
  Pb-acid:
    cost: 133.646
    lifetime: 7.32375
    annual_cost: 18.248301757979174
    efficiency: 0.740242
    discharge_ratio: 5
    depth_of_discharge: 0.5
  VRBF:
    cost: 396.89
    lifetime: 21.4137
    annual_cost: 18.534396204299117
    efficiency: 0.686049
    discharge_ratio: 0.5
    depth_of_discharge: 1.0
