cost_values:
  wind_capex: 5000.0
  wind_opex: 100
  wind_lifetime: 20
  solar_capex: 1000.0
  solar_opex: 10
  solar_lifetime: 20
  carbon_price: 1.0
timeseries_values:
  load_level: 222050.78499184462
  wind_year: 2017
  solar_year: 2016
  price_year: 2023
  carbon_year: 2023
storage_values:
  CAES:
    cost: 73.5667
    lifetime: 23.81
    annual_cost: 3.089739605207896
    efficiency: 0.552901
    discharge_ratio: 0.1
    depth_of_discharge: 0.4
  Li-ion:
    cost: 164.809
    lifetime: 19.3953
    annual_cost: 8.49736791903193
    efficiency: 0.937329
    discharge_ratio: 2
    depth_of_discharge: 0.9
  Pb-acid:
    cost: 110.985
    lifetime: 8.4317
    annual_cost: 13.162826001873881
    efficiency: 0.729688
    discharge_ratio: 5
    depth_of_discharge: 0.5
  VRBF:
    cost: 383.591
    lifetime: 24.2674
    annual_cost: 15.80684374922736
    efficiency: 0.696515
    discharge_ratio: 0.5
    depth_of_discharge: 1.0
