cost_values:
  wind_capex: 5000.0
  wind_opex: 100
  wind_lifetime: 20
  solar_capex: 1000.0
  solar_opex: 10
  solar_lifetime: 20
  carbon_price: 1.0
timeseries_values:
  load_level: 222050.78499184462
  wind_year: 2017
  solar_year: 2016
  price_year: 2023
  carbon_year: 2023
storage_values:
  CAES:
    cost: 65.9496
    lifetime: 24.3241
    annual_cost: 2.711286337418445
    efficiency: 0.55316
    discharge_ratio: 0.1
    depth_of_discharge: 0.4
  Li-ion:
    cost: 188.706
    lifetime: 21.2393
    annual_cost: 8.884756088948317
    efficiency: 0.938832
    discharge_ratio: 2
    depth_of_discharge: 0.9
  Pb-acid:
    cost: 136.435
    lifetime: 8.29617
    annual_cost: 16.445540532559
    efficiency: 0.747831
    discharge_ratio: 5
    depth_of_discharge: 0.5
  VRBF:
    cost: 392.325
    lifetime: 22.2767
    annual_cost: 17.611450529028087
    efficiency: 0.713875
    discharge_ratio: 0.5
    depth_of_discharge: 1.0
