cost_values:
  wind_capex: 5000.0
  wind_opex: 100
  wind_lifetime: 20
  solar_capex: 1000.0
  solar_opex: 10
  solar_lifetime: 20
  carbon_price: 1.0
timeseries_values:
  load_level: 222050.78499184462
  wind_year: 2017
  solar_year: 2016
  price_year: 2023
  carbon_year: 2023
storage_values:
  CAES:
    cost: 69.2293
    lifetime: 24.112
    annual_cost: 2.8711554412740545
    efficiency: 0.55039
    discharge_ratio: 0.1
    depth_of_discharge: 0.4
  Li-ion:
    cost: 190.765
    lifetime: 19.9116
    annual_cost: 9.580596235360291
    efficiency: 0.923086
    discharge_ratio: 2
    depth_of_discharge: 0.9
  Pb-acid:
    cost: 134.38
    lifetime: 7.73511
    annual_cost: 17.372732902311668
    efficiency: 0.724098
    discharge_ratio: 5
    depth_of_discharge: 0.5
  VRBF:
    cost: 386.732
    lifetime: 24.1321
    annual_cost: 16.025625618988816
    efficiency: 0.72058
    discharge_ratio: 0.5
    depth_of_discharge: 1.0
