cost_values:
  wind_capex: 5000.0
  wind_opex: 100
  wind_lifetime: 20
  solar_capex: 1000.0
  solar_opex: 10
  solar_lifetime: 20
  carbon_price: 1.0
timeseries_values:
  load_level: 222050.78499184462
  wind_year: 2017
  solar_year: 2016
  price_year: 2023
  carbon_year: 2023
storage_values:
  CAES:
    cost: 65.5971
    lifetime: 25.4656
    annual_cost: 2.575910247549636
    efficiency: 0.551367
    discharge_ratio: 0.1
    depth_of_discharge: 0.4
  Li-ion:
    cost: 196.325
    lifetime: 19.8455
    annual_cost: 9.892670882567835
    efficiency: 0.920389
    discharge_ratio: 2
    depth_of_discharge: 0.9
  Pb-acid:
    cost: 126.177
    lifetime: 7.73286
    annual_cost: 16.31699009163492
    efficiency: 0.734016
    discharge_ratio: 5
    depth_of_discharge: 0.5
  VRBF:
    cost: 380.12
    lifetime: 21.698
    annual_cost: 17.518665314775554
    efficiency: 0.708562
    discharge_ratio: 0.5
    depth_of_discharge: 1.0
