cost_values:
  wind_capex: 5000.0
  wind_opex: 100
  wind_lifetime: 20
  solar_capex: 1000.0
  solar_opex: 10
  solar_lifetime: 20
  carbon_price: 1.0
timeseries_values:
  load_level: 222050.78499184462
  wind_year: 2017
  solar_year: 2016
  price_year: 2023
  carbon_year: 2023
storage_values:
  CAES:
    cost: 64.7055
    lifetime: 23.2418
    annual_cost: 2.7840141469249367
    efficiency: 0.556006
    discharge_ratio: 0.1
    depth_of_discharge: 0.4
  Li-ion:
    cost: 187.557
    lifetime: 20.2148
    annual_cost: 9.278202109345628
    efficiency: 0.913017
    discharge_ratio: 2
    depth_of_discharge: 0.9
  Pb-acid:
    cost: 105.698
    lifetime: 7.84941
    annual_cost: 13.465725449428684
    efficiency: 0.733733
    discharge_ratio: 5
    depth_of_discharge: 0.5
  VRBF:
    cost: 373.269
    lifetime: 20.7881
    annual_cost: 17.955897845401935
    efficiency: 0.701834
    discharge_ratio: 0.5
    depth_of_discharge: 1.0
