cost_values:
  wind_capex: 5000.0
  wind_opex: 100
  wind_lifetime: 20
  solar_capex: 1000.0
  solar_opex: 10
  solar_lifetime: 20
  carbon_price: 1.0
timeseries_values:
  load_level: 222050.78499184462
  wind_year: 2017
  solar_year: 2016
  price_year: 2023
  carbon_year: 2023
storage_values:
  CAES:
    cost: 70.0541
    lifetime: 25.1064
    annual_cost: 2.790288532007775
    efficiency: 0.550979
    discharge_ratio: 0.1
    depth_of_discharge: 0.4
  Li-ion:
    cost: 189.617
    lifetime: 20.3901
    annual_cost: 9.299463955547054
    efficiency: 0.909607
    discharge_ratio: 2
    depth_of_discharge: 0.9
  Pb-acid:
    cost: 94.9922
    lifetime: 8.51195
    annual_cost: 11.159863486040212
    efficiency: 0.742837
    discharge_ratio: 5
    depth_of_discharge: 0.5
  VRBF:
    cost: 378.56
    lifetime: 23.6485
    annual_cost: 16.00778062033533
    efficiency: 0.684929
    discharge_ratio: 0.5
    depth_of_discharge: 1.0
