cost_values:
  wind_capex: 5000.0
  wind_opex: 100
  wind_lifetime: 20
  solar_capex: 1000.0
  solar_opex: 10
  solar_lifetime: 20
  carbon_price: 1.0
timeseries_values:
  load_level: 222050.78499184462
  wind_year: 2017
  solar_year: 2016
  price_year: 2023
  carbon_year: 2023
storage_values:
  CAES:
    cost: 54.0728
    lifetime: 25.7499
    annual_cost: 2.099922718146478
    efficiency: 0.561103
    discharge_ratio: 0.1
    depth_of_discharge: 0.4
  Li-ion:
    cost: 203.975
    lifetime: 21.3343
    annual_cost: 9.560894896949982
    efficiency: 0.899214
    discharge_ratio: 2
    depth_of_discharge: 0.9
  Pb-acid:
    cost: 132.358
    lifetime: 6.37385
    annual_cost: 20.765785200467537
    efficiency: 0.752375
    discharge_ratio: 5
    depth_of_discharge: 0.5
  VRBF:
    cost: 379.575
    lifetime: 21.7777
    annual_cost: 17.429526534023335
    efficiency: 0.690279
    discharge_ratio: 0.5
    depth_of_discharge: 1.0
