cost_values:
  wind_capex: 5000.0
  wind_opex: 100
  wind_lifetime: 20
  solar_capex: 1000.0
  solar_opex: 10
  solar_lifetime: 20
  carbon_price: 1.0
timeseries_values:
  load_level: 222050.78499184462
  wind_year: 2017
  solar_year: 2016
  price_year: 2023
  carbon_year: 2023
storage_values:
  CAES:
    cost: 68.1463
    lifetime: 24.1488
    annual_cost: 2.8219331809448085
    efficiency: 0.554277
    discharge_ratio: 0.1
    depth_of_discharge: 0.4
  Li-ion:
    cost: 223.792
    lifetime: 18.0168
    annual_cost: 12.42129567958794
    efficiency: 0.932403
    discharge_ratio: 2
    depth_of_discharge: 0.9
  Pb-acid:
    cost: 142.379
    lifetime: 8.969
    annual_cost: 15.874567956293902
    efficiency: 0.740022
    discharge_ratio: 5
    depth_of_discharge: 0.5
  VRBF:
    cost: 397.41
    lifetime: 22.9149
    annual_cost: 17.34286424989854
    efficiency: 0.692409
    discharge_ratio: 0.5
    depth_of_discharge: 1.0
