cost_values:
  wind_capex: 5000.0
  wind_opex: 100
  wind_lifetime: 20
  solar_capex: 1000.0
  solar_opex: 10
  solar_lifetime: 20
  carbon_price: 1.0
timeseries_values:
  load_level: 222050.78499184462
  wind_year: 2017
  solar_year: 2016
  price_year: 2023
  carbon_year: 2023
storage_values:
  CAES:
    cost: 63.0701
    lifetime: 24.2471
    annual_cost: 2.6011399301359748
    efficiency: 0.563757
    discharge_ratio: 0.1
    depth_of_discharge: 0.4
  Li-ion:
    cost: 171.192
    lifetime: 18.6461
    annual_cost: 9.181115622033563
    efficiency: 0.914726
    discharge_ratio: 2
    depth_of_discharge: 0.9
  Pb-acid:
    cost: 130.534
    lifetime: 7.91506
    annual_cost: 16.491852241170626
    efficiency: 0.74909
    discharge_ratio: 5
    depth_of_discharge: 0.5
  VRBF:
    cost: 377.902
    lifetime: 22.3324
    annual_cost: 16.921692249825366
    efficiency: 0.687822
    discharge_ratio: 0.5
    depth_of_discharge: 1.0
