cost_values:
  wind_capex: 5000.0
  wind_opex: 100
  wind_lifetime: 20
  solar_capex: 1000.0
  solar_opex: 10
  solar_lifetime: 20
  carbon_price: 1.0
timeseries_values:
  load_level: 222050.78499184462
  wind_year: 2017
  solar_year: 2016
  price_year: 2023
  carbon_year: 2023
storage_values:
  CAES:
    cost: 68.0132
    lifetime: 24.3616
    annual_cost: 2.791819913306187
    efficiency: 0.551672
    discharge_ratio: 0.1
    depth_of_discharge: 0.4
  Li-ion:
    cost: 179.028
    lifetime: 20.191
    annual_cost: 8.86672279728592
    efficiency: 0.91477
    discharge_ratio: 2
    depth_of_discharge: 0.9
  Pb-acid:
    cost: 122.557
    lifetime: 6.82512
    annual_cost: 17.956753873924562
    efficiency: 0.755346
    discharge_ratio: 5
    depth_of_discharge: 0.5
  VRBF:
    cost: 381.251
    lifetime: 21.2975
    annual_cost: 17.90120906209649
    efficiency: 0.687943
    discharge_ratio: 0.5
    depth_of_discharge: 1.0
