cost_values:
  wind_capex: 5000.0
  wind_opex: 100
  wind_lifetime: 20
  solar_capex: 1000.0
  solar_opex: 10
  solar_lifetime: 20
  carbon_price: 1.0
timeseries_values:
  load_level: 222050.78499184462
  wind_year: 2017
  solar_year: 2016
  price_year: 2023
  carbon_year: 2023
storage_values:
  CAES:
    cost: 59.8478
    lifetime: 24.6263
    annual_cost: 2.430239215797745
    efficiency: 0.553801
    discharge_ratio: 0.1
    depth_of_discharge: 0.4
  Li-ion:
    cost: 200.394
    lifetime: 19.6278
    annual_cost: 10.209702564729618
    efficiency: 0.922083
    discharge_ratio: 2
    depth_of_discharge: 0.9
  Pb-acid:
    cost: 133.178
    lifetime: 8.07657
    annual_cost: 16.489425585366064
    efficiency: 0.752471
    discharge_ratio: 5
    depth_of_discharge: 0.5
  VRBF:
    cost: 386.842
    lifetime: 21.7963
    annual_cost: 17.748058156659617
    efficiency: 0.668842
    discharge_ratio: 0.5
    depth_of_discharge: 1.0
