cost_values:
  wind_capex: 5000.0
  wind_opex: 100
  wind_lifetime: 20
  solar_capex: 1000.0
  solar_opex: 10
  solar_lifetime: 20
  carbon_price: 1.0
timeseries_values:
  load_level: 222050.78499184462
  wind_year: 2017
  solar_year: 2016
  price_year: 2023
  carbon_year: 2023
storage_values:
  CAES:
    cost: 72.0989
    lifetime: 24.5265
    annual_cost: 2.9396326422441037
    efficiency: 0.562036
    discharge_ratio: 0.1
    depth_of_discharge: 0.4
  Li-ion:
    cost: 179.283
    lifetime: 20.5521
    annual_cost: 8.723342140219247
    efficiency: 0.916694
    discharge_ratio: 2
    depth_of_discharge: 0.9
  Pb-acid:
    cost: 136.535
    lifetime: 5.97431
    annual_cost: 22.853685195445163
    efficiency: 0.751601
    discharge_ratio: 5
    depth_of_discharge: 0.5
  VRBF:
    cost: 362.745
    lifetime: 24.8975
    annual_cost: 14.569535093884928
    efficiency: 0.697155
    discharge_ratio: 0.5
    depth_of_discharge: 1.0
