cost_values:
  wind_capex: 5000.0
  wind_opex: 100
  wind_lifetime: 20
  solar_capex: 1000.0
  solar_opex: 10
  solar_lifetime: 20
  carbon_price: 1.0
timeseries_values:
  load_level: 222050.78499184462
  wind_year: 2017
  solar_year: 2016
  price_year: 2023
  carbon_year: 2023
storage_values:
  CAES:
    cost: 64.9358
    lifetime: 24.8742
    annual_cost: 2.610568380088606
    efficiency: 0.557225
    discharge_ratio: 0.1
    depth_of_discharge: 0.4
  Li-ion:
    cost: 177.8
    lifetime: 21.2364
    annual_cost: 8.372417170518544
    efficiency: 0.920186
    discharge_ratio: 2
    depth_of_discharge: 0.9
  Pb-acid:
    cost: 138.719
    lifetime: 7.33606
    annual_cost: 18.90919648966884
    efficiency: 0.741159
    discharge_ratio: 5
    depth_of_discharge: 0.5
  VRBF:
    cost: 373.806
    lifetime: 21.4836
    annual_cost: 17.39959783276546
    efficiency: 0.68827
    discharge_ratio: 0.5
    depth_of_discharge: 1.0
