cost_values:
  wind_capex: 5000.0
  wind_opex: 100
  wind_lifetime: 20
  solar_capex: 1000.0
  solar_opex: 10
  solar_lifetime: 20
  carbon_price: 1.0
timeseries_values:
  load_level: 222050.78499184462
  wind_year: 2017
  solar_year: 2016
  price_year: 2023
  carbon_year: 2023
storage_values:
  CAES:
    cost: 66.4369
    lifetime: 23.807
    annual_cost: 2.790645608434494
    efficiency: 0.554779
    discharge_ratio: 0.1
    depth_of_discharge: 0.4
  Li-ion:
    cost: 194.013
    lifetime: 20.5777
    annual_cost: 9.42831317396988
    efficiency: 0.92441
    discharge_ratio: 2
    depth_of_discharge: 0.9
  Pb-acid:
    cost: 132.447
    lifetime: 7.63495
    annual_cost: 17.34746134552289
    efficiency: 0.73651
    discharge_ratio: 5
    depth_of_discharge: 0.5
  VRBF:
    cost: 361.942
    lifetime: 21.0477
    annual_cost: 17.196273227003427
    efficiency: 0.68761
    discharge_ratio: 0.5
    depth_of_discharge: 1.0
