cost_values:
  wind_capex: 5000.0
  wind_opex: 100
  wind_lifetime: 20
  solar_capex: 1000.0
  solar_opex: 10
  solar_lifetime: 20
  carbon_price: 1.0
timeseries_values:
  load_level: 222050.78499184462
  wind_year: 2017
  solar_year: 2016
  price_year: 2023
  carbon_year: 2023
storage_values:
  CAES:
    cost: 68.3519
    lifetime: 24.4273
    annual_cost: 2.798176630245668
    efficiency: 0.554287
    discharge_ratio: 0.1
    depth_of_discharge: 0.4
  Li-ion:
    cost: 188.669
    lifetime: 19.7424
    annual_cost: 9.556538212172786
    efficiency: 0.933718
    discharge_ratio: 2
    depth_of_discharge: 0.9
  Pb-acid:
    cost: 132.718
    lifetime: 8.45394
    annual_cost: 15.698952204534217
    efficiency: 0.748893
    discharge_ratio: 5
    depth_of_discharge: 0.5
  VRBF:
    cost: 382.285
    lifetime: 24.0945
    annual_cost: 15.866069019900808
    efficiency: 0.714056
    discharge_ratio: 0.5
    depth_of_discharge: 1.0
