cost_values:
  wind_capex: 5000.0
  wind_opex: 100
  wind_lifetime: 20
  solar_capex: 1000.0
  solar_opex: 10
  solar_lifetime: 20
  carbon_price: 1.0
timeseries_values:
  load_level: 222050.78499184462
  wind_year: 2017
  solar_year: 2016
  price_year: 2023
  carbon_year: 2023
storage_values:
  CAES:
    cost: 59.2572
    lifetime: 24.1769
    annual_cost: 2.4509842039301977
    efficiency: 0.559967
    discharge_ratio: 0.1
    depth_of_discharge: 0.4
  Li-ion:
    cost: 190.683
    lifetime: 21.4103
    annual_cost: 8.906133963559595
    efficiency: 0.924532
    discharge_ratio: 2
    depth_of_discharge: 0.9
  Pb-acid:
    cost: 144.033
    lifetime: 7.76447
    annual_cost: 18.550268080113643
    efficiency: 0.743914
    discharge_ratio: 5
    depth_of_discharge: 0.5
  VRBF:
    cost: 387.197
    lifetime: 23.0832
    annual_cost: 16.773974145699036
    efficiency: 0.709485
    discharge_ratio: 0.5
    depth_of_discharge: 1.0
