cost_values:
  wind_capex: 5000.0
  wind_opex: 100
  wind_lifetime: 20
  solar_capex: 1000.0
  solar_opex: 10
  solar_lifetime: 20
  carbon_price: 1.0
timeseries_values:
  load_level: 222050.78499184462
  wind_year: 2017
  solar_year: 2016
  price_year: 2023
  carbon_year: 2023
storage_values:
  CAES:
    cost: 59.9999
    lifetime: 24.0393
    annual_cost: 2.495908782701659
    efficiency: 0.553203
    discharge_ratio: 0.1
    depth_of_discharge: 0.4
  Li-ion:
    cost: 180.774
    lifetime: 21.585
    annual_cost: 8.374982626824183
    efficiency: 0.937927
    discharge_ratio: 2
    depth_of_discharge: 0.9
  Pb-acid:
    cost: 110.903
    lifetime: 8.67407
    annual_cost: 12.78557816572843
    efficiency: 0.74606
    discharge_ratio: 5
    depth_of_discharge: 0.5
  VRBF:
    cost: 393.046
    lifetime: 21.2431
    annual_cost: 18.502290155391634
    efficiency: 0.691829
    discharge_ratio: 0.5
    depth_of_discharge: 1.0
