cost_values:
  wind_capex: 5000.0
  wind_opex: 100
  wind_lifetime: 20
  solar_capex: 1000.0
  solar_opex: 10
  solar_lifetime: 20
  carbon_price: 1.0
timeseries_values:
  load_level: 222050.78499184462
  wind_year: 2017
  solar_year: 2016
  price_year: 2023
  carbon_year: 2023
storage_values:
  CAES:
    cost: 64.8387
    lifetime: 24.9135
    annual_cost: 2.6025528328014933
    efficiency: 0.550811
    discharge_ratio: 0.1
    depth_of_discharge: 0.4
  Li-ion:
    cost: 178.395
    lifetime: 20.9547
    annual_cost: 8.513364543515298
    efficiency: 0.935637
    discharge_ratio: 2
    depth_of_discharge: 0.9
  Pb-acid:
    cost: 123.692
    lifetime: 9.09097
    annual_cost: 13.606028839606774
    efficiency: 0.745051
    discharge_ratio: 5
    depth_of_discharge: 0.5
  VRBF:
    cost: 376.105
    lifetime: 23.0284
    annual_cost: 16.332224557502908
    efficiency: 0.715839
    discharge_ratio: 0.5
    depth_of_discharge: 1.0
