cost_values:
  wind_capex: 5000.0
  wind_opex: 100
  wind_lifetime: 20
  solar_capex: 1000.0
  solar_opex: 10
  solar_lifetime: 20
  carbon_price: 1.0
timeseries_values:
  load_level: 222050.78499184462
  wind_year: 2017
  solar_year: 2016
  price_year: 2023
  carbon_year: 2023
storage_values:
  CAES:
    cost: 66.7867
    lifetime: 24.8866
    annual_cost: 2.683640995555841
    efficiency: 0.55049
    discharge_ratio: 0.1
    depth_of_discharge: 0.4
  Li-ion:
    cost: 181.908
    lifetime: 19.5149
    annual_cost: 9.321492808059482
    efficiency: 0.916667
    discharge_ratio: 2
    depth_of_discharge: 0.9
  Pb-acid:
    cost: 117.953
    lifetime: 8.78326
    annual_cost: 13.429296183877057
    efficiency: 0.751422
    discharge_ratio: 5
    depth_of_discharge: 0.5
  VRBF:
    cost: 393.004
    lifetime: 23.5223
    annual_cost: 16.707719908342295
    efficiency: 0.702071
    discharge_ratio: 0.5
    depth_of_discharge: 1.0
