cost_values:
  wind_capex: 5000.0
  wind_opex: 100
  wind_lifetime: 20
  solar_capex: 1000.0
  solar_opex: 10
  solar_lifetime: 20
  carbon_price: 1.0
timeseries_values:
  load_level: 222050.78499184462
  wind_year: 2017
  solar_year: 2016
  price_year: 2023
  carbon_year: 2023
storage_values:
  CAES:
    cost: 65.2069
    lifetime: 24.7606
    annual_cost: 2.6334943418172423
    efficiency: 0.552754
    discharge_ratio: 0.1
    depth_of_discharge: 0.4
  Li-ion:
    cost: 178.635
    lifetime: 21.1753
    annual_cost: 8.436007990441693
    efficiency: 0.915131
    discharge_ratio: 2
    depth_of_discharge: 0.9
  Pb-acid:
    cost: 124.289
    lifetime: 7.8454
    annual_cost: 15.842277003084611
    efficiency: 0.754846
    discharge_ratio: 5
    depth_of_discharge: 0.5
  VRBF:
    cost: 398.481
    lifetime: 22.1659
    annual_cost: 17.977208234269757
    efficiency: 0.711514
    discharge_ratio: 0.5
    depth_of_discharge: 1.0
