cost_values:
  wind_capex: 5000.0
  wind_opex: 100
  wind_lifetime: 20
  solar_capex: 1000.0
  solar_opex: 10
  solar_lifetime: 20
  carbon_price: 1.0
timeseries_values:
  load_level: 222050.78499184462
  wind_year: 2017
  solar_year: 2016
  price_year: 2023
  carbon_year: 2023
storage_values:
  CAES:
    cost: 60.2615
    lifetime: 24.0093
    annual_cost: 2.509923238078578
    efficiency: 0.56016
    discharge_ratio: 0.1
    depth_of_discharge: 0.4
  Li-ion:
    cost: 181.551
    lifetime: 21.3498
    annual_cost: 8.503639378354832
    efficiency: 0.916408
    discharge_ratio: 2
    depth_of_discharge: 0.9
  Pb-acid:
    cost: 117.458
    lifetime: 7.40429
    annual_cost: 15.863506156565991
    efficiency: 0.742347
    discharge_ratio: 5
    depth_of_discharge: 0.5
  VRBF:
    cost: 395.487
    lifetime: 21.7446
    annual_cost: 18.187825942992745
    efficiency: 0.69124
    discharge_ratio: 0.5
    depth_of_discharge: 1.0
