cost_values:
  wind_capex: 5000.0
  wind_opex: 100
  wind_lifetime: 20
  solar_capex: 1000.0
  solar_opex: 10
  solar_lifetime: 20
  carbon_price: 1.0
timeseries_values:
  load_level: 222050.78499184462
  wind_year: 2017
  solar_year: 2016
  price_year: 2023
  carbon_year: 2023
storage_values:
  CAES:
    cost: 69.1123
    lifetime: 24.4584
    annual_cost: 2.8257081411703138
    efficiency: 0.554026
    discharge_ratio: 0.1
    depth_of_discharge: 0.4
  Li-ion:
    cost: 170.634
    lifetime: 20.934
    annual_cost: 8.151046145027227
    efficiency: 0.938332
    discharge_ratio: 2
    depth_of_discharge: 0.9
  Pb-acid:
    cost: 138.358
    lifetime: 7.28275
    annual_cost: 18.99804332154749
    efficiency: 0.758669
    discharge_ratio: 5
    depth_of_discharge: 0.5
  VRBF:
    cost: 378.095
    lifetime: 22.3156
    annual_cost: 16.943080177095844
    efficiency: 0.689005
    discharge_ratio: 0.5
    depth_of_discharge: 1.0
