cost_values:
  wind_capex: 5000.0
  wind_opex: 100
  wind_lifetime: 20
  solar_capex: 1000.0
  solar_opex: 10
  solar_lifetime: 20
  carbon_price: 1.0
timeseries_values:
  load_level: 222050.78499184462
  wind_year: 2017
  solar_year: 2016
  price_year: 2023
  carbon_year: 2023
storage_values:
  CAES:
    cost: 64.9535
    lifetime: 25.5649
    annual_cost: 2.5407296723241632
    efficiency: 0.553693
    discharge_ratio: 0.1
    depth_of_discharge: 0.4
  Li-ion:
    cost: 198.679
    lifetime: 21.8952
    annual_cost: 9.074089298111002
    efficiency: 0.931668
    discharge_ratio: 2
    depth_of_discharge: 0.9
  Pb-acid:
    cost: 158.537
    lifetime: 8.98365
    annual_cost: 17.647281450190068
    efficiency: 0.738286
    discharge_ratio: 5
    depth_of_discharge: 0.5
  VRBF:
    cost: 369.623
    lifetime: 22.8861
    annual_cost: 16.150545527634677
    efficiency: 0.712204
    discharge_ratio: 0.5
    depth_of_discharge: 1.0
