cost_values:
  wind_capex: 5000.0
  wind_opex: 100
  wind_lifetime: 20
  solar_capex: 1000.0
  solar_opex: 10
  solar_lifetime: 20
  carbon_price: 1.0
timeseries_values:
  load_level: 222050.78499184462
  wind_year: 2017
  solar_year: 2016
  price_year: 2023
  carbon_year: 2023
storage_values:
  CAES:
    cost: 62.8987
    lifetime: 24.7145
    annual_cost: 2.545012037467883
    efficiency: 0.556031
    discharge_ratio: 0.1
    depth_of_discharge: 0.4
  Li-ion:
    cost: 198.723
    lifetime: 20.3337
    annual_cost: 9.773086059103854
    efficiency: 0.933585
    discharge_ratio: 2
    depth_of_discharge: 0.9
  Pb-acid:
    cost: 151.827
    lifetime: 7.15337
    annual_cost: 21.224541719497246
    efficiency: 0.748879
    discharge_ratio: 5
    depth_of_discharge: 0.5
  VRBF:
    cost: 396.564
    lifetime: 19.9162
    annual_cost: 19.91162972856268
    efficiency: 0.707508
    discharge_ratio: 0.5
    depth_of_discharge: 1.0
