cost_values:
  wind_capex: 5000.0
  wind_opex: 100
  wind_lifetime: 20
  solar_capex: 1000.0
  solar_opex: 10
  solar_lifetime: 20
  carbon_price: 1.0
timeseries_values:
  load_level: 222050.78499184462
  wind_year: 2017
  solar_year: 2016
  price_year: 2023
  carbon_year: 2023
storage_values:
  CAES:
    cost: 64.7549
    lifetime: 23.6281
    annual_cost: 2.7405885365306566
    efficiency: 0.557495
    discharge_ratio: 0.1
    depth_of_discharge: 0.4
  Li-ion:
    cost: 193.623
    lifetime: 20.4486
    annual_cost: 9.468765587864207
    efficiency: 0.92359
    discharge_ratio: 2
    depth_of_discharge: 0.9
  Pb-acid:
    cost: 127.123
    lifetime: 8.92712
    annual_cost: 14.240090869171693
    efficiency: 0.746363
    discharge_ratio: 5
    depth_of_discharge: 0.5
  VRBF:
    cost: 383.901
    lifetime: 22.132
    annual_cost: 17.345969636725105
    efficiency: 0.702555
    discharge_ratio: 0.5
    depth_of_discharge: 1.0
