cost_values:
  wind_capex: 5000.0
  wind_opex: 100
  wind_lifetime: 20
  solar_capex: 1000.0
  solar_opex: 10
  solar_lifetime: 20
  carbon_price: 1.0
timeseries_values:
  load_level: 222050.78499184462
  wind_year: 2017
  solar_year: 2016
  price_year: 2023
  carbon_year: 2023
storage_values:
  CAES:
    cost: 56.4812
    lifetime: 24.7441
    annual_cost: 2.2826128248754247
    efficiency: 0.559532
    discharge_ratio: 0.1
    depth_of_discharge: 0.4
  Li-ion:
    cost: 188.65
    lifetime: 21.2887
    annual_cost: 8.861508687707564
    efficiency: 0.932244
    discharge_ratio: 2
    depth_of_discharge: 0.9
  Pb-acid:
    cost: 137.07
    lifetime: 7.3264
    annual_cost: 18.709052194802357
    efficiency: 0.730095
    discharge_ratio: 5
    depth_of_discharge: 0.5
  VRBF:
    cost: 376.708
    lifetime: 21.7535
    annual_cost: 17.317121382765993
    efficiency: 0.695069
    discharge_ratio: 0.5
    depth_of_discharge: 1.0
