cost_values:
  wind_capex: 5000.0
  wind_opex: 100
  wind_lifetime: 20
  solar_capex: 1000.0
  solar_opex: 10
  solar_lifetime: 20
  carbon_price: 1.0
timeseries_values:
  load_level: 222050.78499184462
  wind_year: 2017
  solar_year: 2016
  price_year: 2023
  carbon_year: 2023
storage_values:
  CAES:
    cost: 62.9846
    lifetime: 24.4858
    annual_cost: 2.5722908787950565
    efficiency: 0.561956
    discharge_ratio: 0.1
    depth_of_discharge: 0.4
  Li-ion:
    cost: 187.916
    lifetime: 20.6555
    annual_cost: 9.097625329815303
    efficiency: 0.916994
    discharge_ratio: 2
    depth_of_discharge: 0.9
  Pb-acid:
    cost: 127.949
    lifetime: 9.80992
    annual_cost: 13.042817882306888
    efficiency: 0.741357
    discharge_ratio: 5
    depth_of_discharge: 0.5
  VRBF:
    cost: 386.42
    lifetime: 21.5265
    annual_cost: 17.950897730704018
    efficiency: 0.674614
    discharge_ratio: 0.5
    depth_of_discharge: 1.0
