cost_values:
  wind_capex: 5000.0
  wind_opex: 100
  wind_lifetime: 20
  solar_capex: 1000.0
  solar_opex: 10
  solar_lifetime: 20
  carbon_price: 1.0
timeseries_values:
  load_level: 222050.78499184462
  wind_year: 2017
  solar_year: 2016
  price_year: 2023
  carbon_year: 2023
storage_values:
  CAES:
    cost: 66.6059
    lifetime: 24.1121
    annual_cost: 2.7623433877596724
    efficiency: 0.557615
    discharge_ratio: 0.1
    depth_of_discharge: 0.4
  Li-ion:
    cost: 185.213
    lifetime: 20.9058
    annual_cost: 8.859407437170546
    efficiency: 0.931675
    discharge_ratio: 2
    depth_of_discharge: 0.9
  Pb-acid:
    cost: 154.233
    lifetime: 7.77123
    annual_cost: 19.84666519971742
    efficiency: 0.745119
    discharge_ratio: 5
    depth_of_discharge: 0.5
  VRBF:
    cost: 396.19
    lifetime: 24.122
    annual_cost: 16.424425835337036
    efficiency: 0.714368
    discharge_ratio: 0.5
    depth_of_discharge: 1.0
