cost_values:
  wind_capex: 5000.0
  wind_opex: 100
  wind_lifetime: 20
  solar_capex: 1000.0
  solar_opex: 10
  solar_lifetime: 20
  carbon_price: 1.0
timeseries_values:
  load_level: 222050.78499184462
  wind_year: 2017
  solar_year: 2016
  price_year: 2023
  carbon_year: 2023
storage_values:
  CAES:
    cost: 67.6351
    lifetime: 25.1532
    annual_cost: 2.6889262598794588
    efficiency: 0.556354
    discharge_ratio: 0.1
    depth_of_discharge: 0.4
  Li-ion:
    cost: 171.803
    lifetime: 19.8091
    annual_cost: 8.672933146887036
    efficiency: 0.940233
    discharge_ratio: 2
    depth_of_discharge: 0.9
  Pb-acid:
    cost: 116.919
    lifetime: 7.60619
    annual_cost: 15.371559216900971
    efficiency: 0.744993
    discharge_ratio: 5
    depth_of_discharge: 0.5
  VRBF:
    cost: 397.309
    lifetime: 21.9791
    annual_cost: 18.07667283919724
    efficiency: 0.714709
    discharge_ratio: 0.5
    depth_of_discharge: 1.0
