cost_values:
  wind_capex: 5000.0
  wind_opex: 100
  wind_lifetime: 20
  solar_capex: 1000.0
  solar_opex: 10
  solar_lifetime: 20
  carbon_price: 1.0
timeseries_values:
  load_level: 222050.78499184462
  wind_year: 2017
  solar_year: 2016
  price_year: 2023
  carbon_year: 2023
storage_values:
  CAES:
    cost: 69.9646
    lifetime: 24.59
    annual_cost: 2.8452460349735667
    efficiency: 0.552661
    discharge_ratio: 0.1
    depth_of_discharge: 0.4
  Li-ion:
    cost: 177.505
    lifetime: 22.6404
    annual_cost: 7.840188335895125
    efficiency: 0.92676
    discharge_ratio: 2
    depth_of_discharge: 0.9
  Pb-acid:
    cost: 138.333
    lifetime: 7.21946
    annual_cost: 19.161128394644475
    efficiency: 0.743589
    discharge_ratio: 5
    depth_of_discharge: 0.5
  VRBF:
    cost: 377.577
    lifetime: 23.0024
    annual_cost: 16.414678468333737
    efficiency: 0.694278
    discharge_ratio: 0.5
    depth_of_discharge: 1.0
