cost_values:
  wind_capex: 5000.0
  wind_opex: 100
  wind_lifetime: 20
  solar_capex: 1000.0
  solar_opex: 10
  solar_lifetime: 20
  carbon_price: 1.0
timeseries_values:
  load_level: 222050.78499184462
  wind_year: 2017
  solar_year: 2016
  price_year: 2023
  carbon_year: 2023
storage_values:
  CAES:
    cost: 62.0135
    lifetime: 24.7588
    annual_cost: 2.5047053976767857
    efficiency: 0.55963
    discharge_ratio: 0.1
    depth_of_discharge: 0.4
  Li-ion:
    cost: 188.852
    lifetime: 19.7224
    annual_cost: 9.575508051758407
    efficiency: 0.919226
    discharge_ratio: 2
    depth_of_discharge: 0.9
  Pb-acid:
    cost: 115.727
    lifetime: 6.98339
    annual_cost: 16.571750969085215
    efficiency: 0.742152
    discharge_ratio: 5
    depth_of_discharge: 0.5
  VRBF:
    cost: 367.43
    lifetime: 21.4525
    annual_cost: 17.127607504952802
    efficiency: 0.690631
    discharge_ratio: 0.5
    depth_of_discharge: 1.0
