cost_values:
  wind_capex: 5000.0
  wind_opex: 100
  wind_lifetime: 20
  solar_capex: 1000.0
  solar_opex: 10
  solar_lifetime: 20
  carbon_price: 1.0
timeseries_values:
  load_level: 222050.78499184462
  wind_year: 2017
  solar_year: 2016
  price_year: 2023
  carbon_year: 2023
storage_values:
  CAES:
    cost: 68.1659
    lifetime: 24.7119
    annual_cost: 2.758424079087403
    efficiency: 0.555331
    discharge_ratio: 0.1
    depth_of_discharge: 0.4
  Li-ion:
    cost: 182.857
    lifetime: 20.2133
    annual_cost: 9.046370459054186
    efficiency: 0.918238
    discharge_ratio: 2
    depth_of_discharge: 0.9
  Pb-acid:
    cost: 134.025
    lifetime: 7.41794
    annual_cost: 18.067684559325098
    efficiency: 0.725553
    discharge_ratio: 5
    depth_of_discharge: 0.5
  VRBF:
    cost: 368.335
    lifetime: 21.2244
    annual_cost: 17.35431861442491
    efficiency: 0.70139
    discharge_ratio: 0.5
    depth_of_discharge: 1.0
