cost_values:
  wind_capex: 5000.0
  wind_opex: 100
  wind_lifetime: 20
  solar_capex: 1000.0
  solar_opex: 10
  solar_lifetime: 20
  carbon_price: 1.0
timeseries_values:
  load_level: 222050.78499184462
  wind_year: 2017
  solar_year: 2016
  price_year: 2023
  carbon_year: 2023
storage_values:
  CAES:
    cost: 61.5603
    lifetime: 25.4223
    annual_cost: 2.4215078887433474
    efficiency: 0.55698
    discharge_ratio: 0.1
    depth_of_discharge: 0.4
  Li-ion:
    cost: 169.086
    lifetime: 20.4343
    annual_cost: 8.274616698394366
    efficiency: 0.918883
    discharge_ratio: 2
    depth_of_discharge: 0.9
  Pb-acid:
    cost: 117.582
    lifetime: 7.03742
    annual_cost: 16.708111779601047
    efficiency: 0.72651
    discharge_ratio: 5
    depth_of_discharge: 0.5
  VRBF:
    cost: 398.027
    lifetime: 22.7977
    annual_cost: 17.45908578496954
    efficiency: 0.701391
    discharge_ratio: 0.5
    depth_of_discharge: 1.0
