cost_values:
  wind_capex: 5000.0
  wind_opex: 100
  wind_lifetime: 20
  solar_capex: 1000.0
  solar_opex: 10
  solar_lifetime: 20
  carbon_price: 1.0
timeseries_values:
  load_level: 222050.78499184462
  wind_year: 2017
  solar_year: 2016
  price_year: 2023
  carbon_year: 2023
storage_values:
  CAES:
    cost: 66.5101
    lifetime: 24.3786
    annual_cost: 2.7282165505812475
    efficiency: 0.551811
    discharge_ratio: 0.1
    depth_of_discharge: 0.4
  Li-ion:
    cost: 164.26
    lifetime: 20.0919
    annual_cost: 8.175433881315357
    efficiency: 0.916724
    discharge_ratio: 2
    depth_of_discharge: 0.9
  Pb-acid:
    cost: 114.304
    lifetime: 7.67531
    annual_cost: 14.892427797704588
    efficiency: 0.736271
    discharge_ratio: 5
    depth_of_discharge: 0.5
  VRBF:
    cost: 377.67
    lifetime: 22.8085
    annual_cost: 16.558300633535744
    efficiency: 0.698898
    discharge_ratio: 0.5
    depth_of_discharge: 1.0
