cost_values:
  wind_capex: 5000.0
  wind_opex: 100
  wind_lifetime: 20
  solar_capex: 1000.0
  solar_opex: 10
  solar_lifetime: 20
  carbon_price: 1.0
timeseries_values:
  load_level: 222050.78499184462
  wind_year: 2017
  solar_year: 2016
  price_year: 2023
  carbon_year: 2023
storage_values:
  CAES:
    cost: 61.6894
    lifetime: 24.1186
    annual_cost: 2.557752108331329
    efficiency: 0.551381
    discharge_ratio: 0.1
    depth_of_discharge: 0.4
  Li-ion:
    cost: 207.984
    lifetime: 20.8562
    annual_cost: 9.972286418427133
    efficiency: 0.923808
    discharge_ratio: 2
    depth_of_discharge: 0.9
  Pb-acid:
    cost: 133.463
    lifetime: 6.89774
    annual_cost: 19.348801201552973
    efficiency: 0.760055
    discharge_ratio: 5
    depth_of_discharge: 0.5
  VRBF:
    cost: 388.55
    lifetime: 22.0449
    annual_cost: 17.625391813979654
    efficiency: 0.723416
    discharge_ratio: 0.5
    depth_of_discharge: 1.0
