cost_values:
  wind_capex: 5000.0
  wind_opex: 100
  wind_lifetime: 20
  solar_capex: 1000.0
  solar_opex: 10
  solar_lifetime: 20
  carbon_price: 1.0
timeseries_values:
  load_level: 222050.78499184462
  wind_year: 2017
  solar_year: 2016
  price_year: 2023
  carbon_year: 2023
storage_values:
  CAES:
    cost: 66.0981
    lifetime: 23.8419
    annual_cost: 2.7723503579832145
    efficiency: 0.552029
    discharge_ratio: 0.1
    depth_of_discharge: 0.4
  Li-ion:
    cost: 177.264
    lifetime: 20.5946
    annual_cost: 8.607304827479048
    efficiency: 0.920498
    discharge_ratio: 2
    depth_of_discharge: 0.9
  Pb-acid:
    cost: 132.464
    lifetime: 8.78856
    annual_cost: 15.072321290404798
    efficiency: 0.747821
    discharge_ratio: 5
    depth_of_discharge: 0.5
  VRBF:
    cost: 396.576
    lifetime: 24.2243
    annual_cost: 16.370999368402803
    efficiency: 0.698247
    discharge_ratio: 0.5
    depth_of_discharge: 1.0
