cost_values:
  wind_capex: 5000.0
  wind_opex: 100
  wind_lifetime: 20
  solar_capex: 1000.0
  solar_opex: 10
  solar_lifetime: 20
  carbon_price: 1.0
timeseries_values:
  load_level: 222050.78499184462
  wind_year: 2017
  solar_year: 2016
  price_year: 2023
  carbon_year: 2023
storage_values:
  CAES:
    cost: 63.2037
    lifetime: 24.9055
    annual_cost: 2.537740659693642
    efficiency: 0.557669
    discharge_ratio: 0.1
    depth_of_discharge: 0.4
  Li-ion:
    cost: 194.963
    lifetime: 19.7144
    annual_cost: 9.889370206549525
    efficiency: 0.912729
    discharge_ratio: 2
    depth_of_discharge: 0.9
  Pb-acid:
    cost: 123.853
    lifetime: 7.68235
    annual_cost: 16.121759617825276
    efficiency: 0.742248
    discharge_ratio: 5
    depth_of_discharge: 0.5
  VRBF:
    cost: 383.428
    lifetime: 22.3073
    annual_cost: 17.188454003846275
    efficiency: 0.703468
    discharge_ratio: 0.5
    depth_of_discharge: 1.0
