cost_values:
  wind_capex: 5000.0
  wind_opex: 100
  wind_lifetime: 20
  solar_capex: 1000.0
  solar_opex: 10
  solar_lifetime: 20
  carbon_price: 1.0
timeseries_values:
  load_level: 252920.5061241066
  wind_year: 2014
  solar_year: 2018
  price_year: 2023
  carbon_year: 2023
storage_values:
  CAES:
    cost: 40.8086
    lifetime: 29.2739
    annual_cost: 1.3940267610396975
    efficiency: 0.570375
    discharge_ratio: 0.1
    depth_of_discharge: 0.4
  Li-ion:
    cost: 181.33
    lifetime: 20.7551
    annual_cost: 8.73664786004404
    efficiency: 0.891063
    discharge_ratio: 2
    depth_of_discharge: 0.9
  Pb-acid:
    cost: 119.684
    lifetime: 13.6878
    annual_cost: 8.743844883765105
    efficiency: 0.727254
    discharge_ratio: 5
    depth_of_discharge: 0.5
  VRBF:
    cost: 191.908
    lifetime: 18.7272
    annual_cost: 10.247554359434405
    efficiency: 0.674064
    discharge_ratio: 0.5
    depth_of_discharge: 1.0
