cost_values:
  wind_capex: 5000.0
  wind_opex: 100
  wind_lifetime: 20
  solar_capex: 1000.0
  solar_opex: 10
  solar_lifetime: 20
  carbon_price: 1.0
timeseries_values:
  load_level: 252920.5061241066
  wind_year: 2014
  solar_year: 2018
  price_year: 2023
  carbon_year: 2023
storage_values:
  CAES:
    cost: 34.3646
    lifetime: 27.9407
    annual_cost: 1.2299119206032778
    efficiency: 0.581095
    discharge_ratio: 0.1
    depth_of_discharge: 0.4
  Li-ion:
    cost: 193.022
    lifetime: 19.1582
    annual_cost: 10.07516363750248
    efficiency: 0.864813
    discharge_ratio: 2
    depth_of_discharge: 0.9
  Pb-acid:
    cost: 105.693
    lifetime: 14.7796
    annual_cost: 7.1512760832498845
    efficiency: 0.719748
    discharge_ratio: 5
    depth_of_discharge: 0.5
  VRBF:
    cost: 173.024
    lifetime: 18.463
    annual_cost: 9.371391431511672
    efficiency: 0.662778
    discharge_ratio: 0.5
    depth_of_discharge: 1.0
