cost_values:
  wind_capex: 5000.0
  wind_opex: 100
  wind_lifetime: 20
  solar_capex: 1000.0
  solar_opex: 10
  solar_lifetime: 20
  carbon_price: 1.0
timeseries_values:
  load_level: 252920.5061241066
  wind_year: 2014
  solar_year: 2018
  price_year: 2023
  carbon_year: 2023
storage_values:
  CAES:
    cost: 41.2822
    lifetime: 28.0789
    annual_cost: 1.4702214118074426
    efficiency: 0.566088
    discharge_ratio: 0.1
    depth_of_discharge: 0.4
  Li-ion:
    cost: 173.654
    lifetime: 21.5287
    annual_cost: 8.066162843088527
    efficiency: 0.872482
    discharge_ratio: 2
    depth_of_discharge: 0.9
  Pb-acid:
    cost: 121.159
    lifetime: 11.4663
    annual_cost: 10.566529743683665
    efficiency: 0.711216
    discharge_ratio: 5
    depth_of_discharge: 0.5
  VRBF:
    cost: 173.978
    lifetime: 18.9227
    annual_cost: 9.194142484951938
    efficiency: 0.660131
    discharge_ratio: 0.5
    depth_of_discharge: 1.0
