cost_values:
  wind_capex: 5000.0
  wind_opex: 100
  wind_lifetime: 20
  solar_capex: 1000.0
  solar_opex: 10
  solar_lifetime: 20
  carbon_price: 1.0
timeseries_values:
  load_level: 252920.5061241066
  wind_year: 2014
  solar_year: 2018
  price_year: 2023
  carbon_year: 2023
storage_values:
  CAES:
    cost: 41.7668
    lifetime: 28.6785
    annual_cost: 1.456380215143749
    efficiency: 0.562594
    discharge_ratio: 0.1
    depth_of_discharge: 0.4
  Li-ion:
    cost: 167.3
    lifetime: 19.3189
    annual_cost: 8.659913349103729
    efficiency: 0.884187
    discharge_ratio: 2
    depth_of_discharge: 0.9
  Pb-acid:
    cost: 137.756
    lifetime: 15.0913
    annual_cost: 9.128173185875305
    efficiency: 0.719573
    discharge_ratio: 5
    depth_of_discharge: 0.5
  VRBF:
    cost: 209.586
    lifetime: 20.6308
    annual_cost: 10.158888651918492
    efficiency: 0.682796
    discharge_ratio: 0.5
    depth_of_discharge: 1.0
