cost_values:
  wind_capex: 5000.0
  wind_opex: 100
  wind_lifetime: 20
  solar_capex: 1000.0
  solar_opex: 10
  solar_lifetime: 20
  carbon_price: 1.0
timeseries_values:
  load_level: 252920.5061241066
  wind_year: 2014
  solar_year: 2018
  price_year: 2023
  carbon_year: 2023
storage_values:
  CAES:
    cost: 40.473
    lifetime: 28.3627
    annual_cost: 1.426979800935736
    efficiency: 0.571409
    discharge_ratio: 0.1
    depth_of_discharge: 0.4
  Li-ion:
    cost: 153.466
    lifetime: 19.8712
    annual_cost: 7.723036354120536
    efficiency: 0.884646
    discharge_ratio: 2
    depth_of_discharge: 0.9
  Pb-acid:
    cost: 147.85
    lifetime: 13.9614
    annual_cost: 10.589912186456946
    efficiency: 0.718775
    discharge_ratio: 5
    depth_of_discharge: 0.5
  VRBF:
    cost: 174.093
    lifetime: 19.4221
    annual_cost: 8.963654805608044
    efficiency: 0.667929
    discharge_ratio: 0.5
    depth_of_discharge: 1.0
