cost_values:
  wind_capex: 5000.0
  wind_opex: 100
  wind_lifetime: 20
  solar_capex: 1000.0
  solar_opex: 10
  solar_lifetime: 20
  carbon_price: 1.0
timeseries_values:
  load_level: 252920.5061241066
  wind_year: 2014
  solar_year: 2018
  price_year: 2023
  carbon_year: 2023
storage_values:
  CAES:
    cost: 31.9713
    lifetime: 28.6682
    annual_cost: 1.1152182557677148
    efficiency: 0.567246
    discharge_ratio: 0.1
    depth_of_discharge: 0.4
  Li-ion:
    cost: 199.844
    lifetime: 20.3898
    annual_cost: 9.801175097352598
    efficiency: 0.884513
    discharge_ratio: 2
    depth_of_discharge: 0.9
  Pb-acid:
    cost: 146.657
    lifetime: 14.9841
    annual_cost: 9.787508091910759
    efficiency: 0.720372
    discharge_ratio: 5
    depth_of_discharge: 0.5
  VRBF:
    cost: 185.559
    lifetime: 18.1965
    annual_cost: 10.197510510262962
    efficiency: 0.660822
    discharge_ratio: 0.5
    depth_of_discharge: 1.0
