cost_values:
  wind_capex: 5000.0
  wind_opex: 100
  wind_lifetime: 20
  solar_capex: 1000.0
  solar_opex: 10
  solar_lifetime: 20
  carbon_price: 1.0
timeseries_values:
  load_level: 252920.5061241066
  wind_year: 2014
  solar_year: 2018
  price_year: 2023
  carbon_year: 2023
storage_values:
  CAES:
    cost: 39.7822
    lifetime: 28.4078
    annual_cost: 1.4003970740430445
    efficiency: 0.565071
    discharge_ratio: 0.1
    depth_of_discharge: 0.4
  Li-ion:
    cost: 168.552
    lifetime: 20.8662
    annual_cost: 8.077752537596687
    efficiency: 0.878414
    discharge_ratio: 2
    depth_of_discharge: 0.9
  Pb-acid:
    cost: 118.502
    lifetime: 15.1442
    annual_cost: 7.824909866483538
    efficiency: 0.72449
    discharge_ratio: 5
    depth_of_discharge: 0.5
  VRBF:
    cost: 180.502
    lifetime: 19.0644
    annual_cost: 9.468013679947967
    efficiency: 0.661111
    discharge_ratio: 0.5
    depth_of_discharge: 1.0
