cost_values:
  wind_capex: 5000.0
  wind_opex: 100
  wind_lifetime: 20
  solar_capex: 1000.0
  solar_opex: 10
  solar_lifetime: 20
  carbon_price: 1.0
timeseries_values:
  load_level: 252920.5061241066
  wind_year: 2014
  solar_year: 2018
  price_year: 2023
  carbon_year: 2023
storage_values:
  CAES:
    cost: 39.1034
    lifetime: 27.3151
    annual_cost: 1.4315671551632614
    efficiency: 0.568608
    discharge_ratio: 0.1
    depth_of_discharge: 0.4
  Li-ion:
    cost: 171.722
    lifetime: 19.3078
    annual_cost: 8.893918519976383
    efficiency: 0.881168
    discharge_ratio: 2
    depth_of_discharge: 0.9
  Pb-acid:
    cost: 129.229
    lifetime: 14.3648
    annual_cost: 8.99622688794832
    efficiency: 0.731077
    discharge_ratio: 5
    depth_of_discharge: 0.5
  VRBF:
    cost: 204.878
    lifetime: 16.8923
    annual_cost: 12.128484575812648
    efficiency: 0.664537
    discharge_ratio: 0.5
    depth_of_discharge: 1.0
