cost_values:
  wind_capex: 5000.0
  wind_opex: 100
  wind_lifetime: 20
  solar_capex: 1000.0
  solar_opex: 10
  solar_lifetime: 20
  carbon_price: 1.0
timeseries_values:
  load_level: 252920.5061241066
  wind_year: 2014
  solar_year: 2018
  price_year: 2023
  carbon_year: 2023
storage_values:
  CAES:
    cost: 39.471
    lifetime: 28.0611
    annual_cost: 1.4066091493205897
    efficiency: 0.573209
    discharge_ratio: 0.1
    depth_of_discharge: 0.4
  Li-ion:
    cost: 206.398
    lifetime: 20.0844
    annual_cost: 10.276533030610823
    efficiency: 0.88235
    discharge_ratio: 2
    depth_of_discharge: 0.9
  Pb-acid:
    cost: 144.651
    lifetime: 14.095
    annual_cost: 10.262575381340902
    efficiency: 0.735304
    discharge_ratio: 5
    depth_of_discharge: 0.5
  VRBF:
    cost: 206.105
    lifetime: 19.654
    annual_cost: 10.486669380278823
    efficiency: 0.660613
    discharge_ratio: 0.5
    depth_of_discharge: 1.0
