cost_values:
  wind_capex: 5000.0
  wind_opex: 100
  wind_lifetime: 20
  solar_capex: 1000.0
  solar_opex: 10
  solar_lifetime: 20
  carbon_price: 1.0
timeseries_values:
  load_level: 252920.5061241066
  wind_year: 2014
  solar_year: 2018
  price_year: 2023
  carbon_year: 2023
storage_values:
  CAES:
    cost: 46.0208
    lifetime: 26.3654
    annual_cost: 1.7454997838075659
    efficiency: 0.580484
    discharge_ratio: 0.1
    depth_of_discharge: 0.4
  Li-ion:
    cost: 164.462
    lifetime: 18.4437
    annual_cost: 8.916974359808497
    efficiency: 0.880851
    discharge_ratio: 2
    depth_of_discharge: 0.9
  Pb-acid:
    cost: 138.91
    lifetime: 15.2382
    annual_cost: 9.115906078145713
    efficiency: 0.722428
    discharge_ratio: 5
    depth_of_discharge: 0.5
  VRBF:
    cost: 176.039
    lifetime: 20.0686
    annual_cost: 8.771862511585262
    efficiency: 0.655324
    discharge_ratio: 0.5
    depth_of_discharge: 1.0
