cost_values:
  wind_capex: 5000.0
  wind_opex: 100
  wind_lifetime: 20
  solar_capex: 1000.0
  solar_opex: 10
  solar_lifetime: 20
  carbon_price: 1.0
timeseries_values:
  load_level: 252920.5061241066
  wind_year: 2014
  solar_year: 2018
  price_year: 2023
  carbon_year: 2023
storage_values:
  CAES:
    cost: 41.8886
    lifetime: 28.1553
    annual_cost: 1.4877696206398083
    efficiency: 0.567753
    discharge_ratio: 0.1
    depth_of_discharge: 0.4
  Li-ion:
    cost: 167.582
    lifetime: 19.7062
    annual_cost: 8.504024114238158
    efficiency: 0.875319
    discharge_ratio: 2
    depth_of_discharge: 0.9
  Pb-acid:
    cost: 128.999
    lifetime: 14.2041
    annual_cost: 9.081814405699761
    efficiency: 0.710882
    discharge_ratio: 5
    depth_of_discharge: 0.5
  VRBF:
    cost: 175.073
    lifetime: 20.9337
    annual_cost: 8.363213383205071
    efficiency: 0.668077
    discharge_ratio: 0.5
    depth_of_discharge: 1.0
