cost_values:
  wind_capex: 5000.0
  wind_opex: 100
  wind_lifetime: 20
  solar_capex: 1000.0
  solar_opex: 10
  solar_lifetime: 20
  carbon_price: 1.0
timeseries_values:
  load_level: 252920.5061241066
  wind_year: 2014
  solar_year: 2018
  price_year: 2023
  carbon_year: 2023
storage_values:
  CAES:
    cost: 42.3741
    lifetime: 28.9203
    annual_cost: 1.4652026431261085
    efficiency: 0.562078
    discharge_ratio: 0.1
    depth_of_discharge: 0.4
  Li-ion:
    cost: 165.51
    lifetime: 17.0639
    annual_cost: 9.699423930051159
    efficiency: 0.877101
    discharge_ratio: 2
    depth_of_discharge: 0.9
  Pb-acid:
    cost: 143.463
    lifetime: 13.0728
    annual_cost: 10.9741600881219
    efficiency: 0.706246
    discharge_ratio: 5
    depth_of_discharge: 0.5
  VRBF:
    cost: 167.066
    lifetime: 19.4656
    annual_cost: 8.582627815222752
    efficiency: 0.65851
    discharge_ratio: 0.5
    depth_of_discharge: 1.0
