cost_values:
  wind_capex: 5000.0
  wind_opex: 100
  wind_lifetime: 20
  solar_capex: 1000.0
  solar_opex: 10
  solar_lifetime: 20
  carbon_price: 1.0
timeseries_values:
  load_level: 252920.5061241066
  wind_year: 2014
  solar_year: 2018
  price_year: 2023
  carbon_year: 2023
storage_values:
  CAES:
    cost: 41.7169
    lifetime: 27.2929
    annual_cost: 1.528489094233299
    efficiency: 0.564779
    discharge_ratio: 0.1
    depth_of_discharge: 0.4
  Li-ion:
    cost: 167.954
    lifetime: 18.0624
    annual_cost: 9.298542829302862
    efficiency: 0.874323
    discharge_ratio: 2
    depth_of_discharge: 0.9
  Pb-acid:
    cost: 143.928
    lifetime: 13.6406
    annual_cost: 10.55144201867953
    efficiency: 0.735073
    discharge_ratio: 5
    depth_of_discharge: 0.5
  VRBF:
    cost: 208.204
    lifetime: 18.1666
    annual_cost: 11.460812700230093
    efficiency: 0.652653
    discharge_ratio: 0.5
    depth_of_discharge: 1.0
