cost_values:
  wind_capex: 5000.0
  wind_opex: 100
  wind_lifetime: 20
  solar_capex: 1000.0
  solar_opex: 10
  solar_lifetime: 20
  carbon_price: 1.0
timeseries_values:
  load_level: 252920.5061241066
  wind_year: 2014
  solar_year: 2018
  price_year: 2023
  carbon_year: 2023
storage_values:
  CAES:
    cost: 46.073
    lifetime: 27.5099
    annual_cost: 1.674778897778618
    efficiency: 0.576539
    discharge_ratio: 0.1
    depth_of_discharge: 0.4
  Li-ion:
    cost: 155.048
    lifetime: 19.1192
    annual_cost: 8.109544332398846
    efficiency: 0.856472
    discharge_ratio: 2
    depth_of_discharge: 0.9
  Pb-acid:
    cost: 138.513
    lifetime: 14.1354
    annual_cost: 9.79901523833779
    efficiency: 0.706218
    discharge_ratio: 5
    depth_of_discharge: 0.5
  VRBF:
    cost: 202.551
    lifetime: 15.7136
    annual_cost: 12.890171571123103
    efficiency: 0.657431
    discharge_ratio: 0.5
    depth_of_discharge: 1.0
