cost_values:
  wind_capex: 5000.0
  wind_opex: 100
  wind_lifetime: 20
  solar_capex: 1000.0
  solar_opex: 10
  solar_lifetime: 20
  carbon_price: 1.0
timeseries_values:
  load_level: 252920.5061241066
  wind_year: 2014
  solar_year: 2018
  price_year: 2023
  carbon_year: 2023
storage_values:
  CAES:
    cost: 43.4223
    lifetime: 28.027
    annual_cost: 1.5493024583437398
    efficiency: 0.576709
    discharge_ratio: 0.1
    depth_of_discharge: 0.4
  Li-ion:
    cost: 180.802
    lifetime: 18.8148
    annual_cost: 9.609562684695026
    efficiency: 0.882769
    discharge_ratio: 2
    depth_of_discharge: 0.9
  Pb-acid:
    cost: 149.502
    lifetime: 13.9817
    annual_cost: 10.692691160588485
    efficiency: 0.718621
    discharge_ratio: 5
    depth_of_discharge: 0.5
  VRBF:
    cost: 169.22
    lifetime: 17.9405
    annual_cost: 9.432290069953456
    efficiency: 0.65698
    discharge_ratio: 0.5
    depth_of_discharge: 1.0
