cost_values:
  wind_capex: 5000.0
  wind_opex: 100
  wind_lifetime: 20
  solar_capex: 1000.0
  solar_opex: 10
  solar_lifetime: 20
  carbon_price: 1.0
timeseries_values:
  load_level: 252920.5061241066
  wind_year: 2014
  solar_year: 2018
  price_year: 2023
  carbon_year: 2023
storage_values:
  CAES:
    cost: 40.9368
    lifetime: 27.5549
    annual_cost: 1.485645021393654
    efficiency: 0.571306
    discharge_ratio: 0.1
    depth_of_discharge: 0.4
  Li-ion:
    cost: 194.265
    lifetime: 18.9256
    annual_cost: 10.26466796297079
    efficiency: 0.867406
    discharge_ratio: 2
    depth_of_discharge: 0.9
  Pb-acid:
    cost: 141.972
    lifetime: 14.543
    annual_cost: 9.762222375025786
    efficiency: 0.717174
    discharge_ratio: 5
    depth_of_discharge: 0.5
  VRBF:
    cost: 205.533
    lifetime: 17.7117
    annual_cost: 11.604363217534171
    efficiency: 0.662568
    discharge_ratio: 0.5
    depth_of_discharge: 1.0
