cost_values:
  wind_capex: 5000.0
  wind_opex: 100
  wind_lifetime: 20
  solar_capex: 1000.0
  solar_opex: 10
  solar_lifetime: 20
  carbon_price: 1.0
timeseries_values:
  load_level: 252920.5061241066
  wind_year: 2014
  solar_year: 2018
  price_year: 2023
  carbon_year: 2023
storage_values:
  CAES:
    cost: 45.1774
    lifetime: 27.8926
    annual_cost: 1.6196912442726743
    efficiency: 0.563266
    discharge_ratio: 0.1
    depth_of_discharge: 0.4
  Li-ion:
    cost: 158.691
    lifetime: 19.4172
    annual_cost: 8.172702552376244
    efficiency: 0.87103
    discharge_ratio: 2
    depth_of_discharge: 0.9
  Pb-acid:
    cost: 127.038
    lifetime: 14.315
    annual_cost: 8.874467341949005
    efficiency: 0.716824
    discharge_ratio: 5
    depth_of_discharge: 0.5
  VRBF:
    cost: 178.181
    lifetime: 20.7562
    annual_cost: 8.584471145970843
    efficiency: 0.653041
    discharge_ratio: 0.5
    depth_of_discharge: 1.0
