cost_values:
  wind_capex: 5000.0
  wind_opex: 100
  wind_lifetime: 20
  solar_capex: 1000.0
  solar_opex: 10
  solar_lifetime: 20
  carbon_price: 1.0
timeseries_values:
  load_level: 252920.5061241066
  wind_year: 2014
  solar_year: 2018
  price_year: 2023
  carbon_year: 2023
storage_values:
  CAES:
    cost: 41.17
    lifetime: 28.8372
    annual_cost: 1.42766981537736
    efficiency: 0.56555
    discharge_ratio: 0.1
    depth_of_discharge: 0.4
  Li-ion:
    cost: 163.571
    lifetime: 18.9653
    annual_cost: 8.624751519881046
    efficiency: 0.856496
    discharge_ratio: 2
    depth_of_discharge: 0.9
  Pb-acid:
    cost: 114.987
    lifetime: 12.5503
    annual_cost: 9.162091742826865
    efficiency: 0.733623
    discharge_ratio: 5
    depth_of_discharge: 0.5
  VRBF:
    cost: 208.541
    lifetime: 17.8066
    annual_cost: 11.711444071299406
    efficiency: 0.650211
    discharge_ratio: 0.5
    depth_of_discharge: 1.0
