cost_values:
  wind_capex: 5000.0
  wind_opex: 100
  wind_lifetime: 20
  solar_capex: 1000.0
  solar_opex: 10
  solar_lifetime: 20
  carbon_price: 1.0
timeseries_values:
  load_level: 252920.5061241066
  wind_year: 2014
  solar_year: 2018
  price_year: 2023
  carbon_year: 2023
storage_values:
  CAES:
    cost: 41.1108
    lifetime: 27.957
    annual_cost: 1.4705011267303358
    efficiency: 0.567438
    discharge_ratio: 0.1
    depth_of_discharge: 0.4
  Li-ion:
    cost: 183.18
    lifetime: 18.7795
    annual_cost: 9.754253308128545
    efficiency: 0.863595
    discharge_ratio: 2
    depth_of_discharge: 0.9
  Pb-acid:
    cost: 129.539
    lifetime: 12.5785
    annual_cost: 10.298445760623284
    efficiency: 0.726164
    discharge_ratio: 5
    depth_of_discharge: 0.5
  VRBF:
    cost: 198.16
    lifetime: 19.4797
    annual_cost: 10.17264126244244
    efficiency: 0.667512
    discharge_ratio: 0.5
    depth_of_discharge: 1.0
