cost_values:
  wind_capex: 5000.0
  wind_opex: 100
  wind_lifetime: 20
  solar_capex: 1000.0
  solar_opex: 10
  solar_lifetime: 20
  carbon_price: 1.0
timeseries_values:
  load_level: 252920.5061241066
  wind_year: 2014
  solar_year: 2018
  price_year: 2023
  carbon_year: 2023
storage_values:
  CAES:
    cost: 43.3607
    lifetime: 28.3863
    annual_cost: 1.527522079312908
    efficiency: 0.571623
    discharge_ratio: 0.1
    depth_of_discharge: 0.4
  Li-ion:
    cost: 164.692
    lifetime: 22.2749
    annual_cost: 7.39361343934204
    efficiency: 0.901199
    discharge_ratio: 2
    depth_of_discharge: 0.9
  Pb-acid:
    cost: 140.082
    lifetime: 14.7591
    annual_cost: 9.49122913998821
    efficiency: 0.724285
    discharge_ratio: 5
    depth_of_discharge: 0.5
  VRBF:
    cost: 199.33
    lifetime: 18.3904
    annual_cost: 10.838807203758483
    efficiency: 0.669727
    discharge_ratio: 0.5
    depth_of_discharge: 1.0
