cost_values:
  wind_capex: 5000.0
  wind_opex: 100
  wind_lifetime: 20
  solar_capex: 1000.0
  solar_opex: 10
  solar_lifetime: 20
  carbon_price: 1.0
timeseries_values:
  load_level: 252920.5061241066
  wind_year: 2014
  solar_year: 2018
  price_year: 2023
  carbon_year: 2023
storage_values:
  CAES:
    cost: 45.1809
    lifetime: 28.8361
    annual_cost: 1.5668172880521292
    efficiency: 0.576293
    discharge_ratio: 0.1
    depth_of_discharge: 0.4
  Li-ion:
    cost: 147.031
    lifetime: 19.7465
    annual_cost: 7.445927126326184
    efficiency: 0.88079
    discharge_ratio: 2
    depth_of_discharge: 0.9
  Pb-acid:
    cost: 122.812
    lifetime: 12.4899
    annual_cost: 9.83290498722968
    efficiency: 0.714829
    discharge_ratio: 5
    depth_of_discharge: 0.5
  VRBF:
    cost: 169.373
    lifetime: 18.7578
    annual_cost: 9.029470406977364
    efficiency: 0.655579
    discharge_ratio: 0.5
    depth_of_discharge: 1.0
