cost_values:
  wind_capex: 5000.0
  wind_opex: 100
  wind_lifetime: 20
  solar_capex: 1000.0
  solar_opex: 10
  solar_lifetime: 20
  carbon_price: 1.0
timeseries_values:
  load_level: 252920.5061241066
  wind_year: 2014
  solar_year: 2018
  price_year: 2023
  carbon_year: 2023
storage_values:
  CAES:
    cost: 46.9255
    lifetime: 27.4585
    annual_cost: 1.708960795382122
    efficiency: 0.565498
    discharge_ratio: 0.1
    depth_of_discharge: 0.4
  Li-ion:
    cost: 192.18
    lifetime: 19.0887
    annual_cost: 10.067736409498814
    efficiency: 0.865595
    discharge_ratio: 2
    depth_of_discharge: 0.9
  Pb-acid:
    cost: 144.575
    lifetime: 14.6712
    annual_cost: 9.854340476579965
    efficiency: 0.722745
    discharge_ratio: 5
    depth_of_discharge: 0.5
  VRBF:
    cost: 156.943
    lifetime: 19.4323
    annual_cost: 8.076398573509055
    efficiency: 0.689821
    discharge_ratio: 0.5
    depth_of_discharge: 1.0
