cost_values:
  wind_capex: 5000.0
  wind_opex: 100
  wind_lifetime: 20
  solar_capex: 1000.0
  solar_opex: 10
  solar_lifetime: 20
  carbon_price: 1.0
timeseries_values:
  load_level: 252920.5061241066
  wind_year: 2014
  solar_year: 2018
  price_year: 2023
  carbon_year: 2023
storage_values:
  CAES:
    cost: 41.3675
    lifetime: 28.103
    annual_cost: 1.4719958723267978
    efficiency: 0.568779
    discharge_ratio: 0.1
    depth_of_discharge: 0.4
  Li-ion:
    cost: 207.444
    lifetime: 19.6024
    annual_cost: 10.582581724686772
    efficiency: 0.884843
    discharge_ratio: 2
    depth_of_discharge: 0.9
  Pb-acid:
    cost: 132.742
    lifetime: 14.1882
    annual_cost: 9.355802709293638
    efficiency: 0.71527
    discharge_ratio: 5
    depth_of_discharge: 0.5
  VRBF:
    cost: 206.615
    lifetime: 18.5149
    annual_cost: 11.159390544912476
    efficiency: 0.667018
    discharge_ratio: 0.5
    depth_of_discharge: 1.0
