cost_values:
  wind_capex: 5000.0
  wind_opex: 100
  wind_lifetime: 20
  solar_capex: 1000.0
  solar_opex: 10
  solar_lifetime: 20
  carbon_price: 1.0
timeseries_values:
  load_level: 252920.5061241066
  wind_year: 2014
  solar_year: 2018
  price_year: 2023
  carbon_year: 2023
storage_values:
  CAES:
    cost: 37.6767
    lifetime: 27.6014
    annual_cost: 1.365028585506532
    efficiency: 0.56363
    discharge_ratio: 0.1
    depth_of_discharge: 0.4
  Li-ion:
    cost: 180.596
    lifetime: 18.6438
    annual_cost: 9.686651862817667
    efficiency: 0.862998
    discharge_ratio: 2
    depth_of_discharge: 0.9
  Pb-acid:
    cost: 143.082
    lifetime: 14.0101
    annual_cost: 10.212775069414208
    efficiency: 0.725206
    discharge_ratio: 5
    depth_of_discharge: 0.5
  VRBF:
    cost: 215.98
    lifetime: 20.3669
    annual_cost: 10.604461160019442
    efficiency: 0.679013
    discharge_ratio: 0.5
    depth_of_discharge: 1.0
