cost_values:
  wind_capex: 5000.0
  wind_opex: 100
  wind_lifetime: 20
  solar_capex: 1000.0
  solar_opex: 10
  solar_lifetime: 20
  carbon_price: 1.0
timeseries_values:
  load_level: 252920.5061241066
  wind_year: 2014
  solar_year: 2018
  price_year: 2023
  carbon_year: 2023
storage_values:
  CAES:
    cost: 45.894
    lifetime: 29.0809
    annual_cost: 1.5781492319701247
    efficiency: 0.57422
    discharge_ratio: 0.1
    depth_of_discharge: 0.4
  Li-ion:
    cost: 172.296
    lifetime: 19.1555
    annual_cost: 8.994596852079036
    efficiency: 0.868984
    discharge_ratio: 2
    depth_of_discharge: 0.9
  Pb-acid:
    cost: 128.209
    lifetime: 14.3978
    annual_cost: 8.904763227715346
    efficiency: 0.722569
    discharge_ratio: 5
    depth_of_discharge: 0.5
  VRBF:
    cost: 195.015
    lifetime: 19.5357
    annual_cost: 9.982493588660759
    efficiency: 0.654515
    discharge_ratio: 0.5
    depth_of_discharge: 1.0
