cost_values:
  wind_capex: 5000.0
  wind_opex: 100
  wind_lifetime: 20
  solar_capex: 1000.0
  solar_opex: 10
  solar_lifetime: 20
  carbon_price: 1.0
timeseries_values:
  load_level: 252920.5061241066
  wind_year: 2014
  solar_year: 2018
  price_year: 2023
  carbon_year: 2023
storage_values:
  CAES:
    cost: 46.3075
    lifetime: 27.4915
    annual_cost: 1.68442973282651
    efficiency: 0.573799
    discharge_ratio: 0.1
    depth_of_discharge: 0.4
  Li-ion:
    cost: 172.089
    lifetime: 20.3873
    annual_cost: 8.440990224306308
    efficiency: 0.86568
    discharge_ratio: 2
    depth_of_discharge: 0.9
  Pb-acid:
    cost: 111.403
    lifetime: 14.0771
    annual_cost: 7.913774854195822
    efficiency: 0.737335
    discharge_ratio: 5
    depth_of_discharge: 0.5
  VRBF:
    cost: 203.272
    lifetime: 17.6251
    annual_cost: 11.533097684552144
    efficiency: 0.675638
    discharge_ratio: 0.5
    depth_of_discharge: 1.0
