cost_values:
  wind_capex: 5000.0
  wind_opex: 100
  wind_lifetime: 20
  solar_capex: 1000.0
  solar_opex: 10
  solar_lifetime: 20
  carbon_price: 1.0
timeseries_values:
  load_level: 252920.5061241066
  wind_year: 2014
  solar_year: 2018
  price_year: 2023
  carbon_year: 2023
storage_values:
  CAES:
    cost: 40.9146
    lifetime: 28.2115
    annual_cost: 1.4502809138117434
    efficiency: 0.578135
    discharge_ratio: 0.1
    depth_of_discharge: 0.4
  Li-ion:
    cost: 171.204
    lifetime: 20.906
    annual_cost: 8.189227972830768
    efficiency: 0.876715
    discharge_ratio: 2
    depth_of_discharge: 0.9
  Pb-acid:
    cost: 113.444
    lifetime: 13.7261
    annual_cost: 8.264838519317212
    efficiency: 0.736241
    discharge_ratio: 5
    depth_of_discharge: 0.5
  VRBF:
    cost: 200.882
    lifetime: 19.2342
    annual_cost: 10.444000790259018
    efficiency: 0.650477
    discharge_ratio: 0.5
    depth_of_discharge: 1.0
