cost_values:
  wind_capex: 5000.0
  wind_opex: 100
  wind_lifetime: 20
  solar_capex: 1000.0
  solar_opex: 10
  solar_lifetime: 20
  carbon_price: 1.0
timeseries_values:
  load_level: 252920.5061241066
  wind_year: 2014
  solar_year: 2018
  price_year: 2023
  carbon_year: 2023
storage_values:
  CAES:
    cost: 39.1058
    lifetime: 28.0318
    annual_cost: 1.3950513345557547
    efficiency: 0.562532
    discharge_ratio: 0.1
    depth_of_discharge: 0.4
  Li-ion:
    cost: 171.101
    lifetime: 18.5502
    annual_cost: 9.223674138284224
    efficiency: 0.874408
    discharge_ratio: 2
    depth_of_discharge: 0.9
  Pb-acid:
    cost: 103.202
    lifetime: 14.409
    annual_cost: 7.1623290998681375
    efficiency: 0.73095
    discharge_ratio: 5
    depth_of_discharge: 0.5
  VRBF:
    cost: 194.21
    lifetime: 17.95
    annual_cost: 10.819498607242341
    efficiency: 0.660198
    discharge_ratio: 0.5
    depth_of_discharge: 1.0
