cost_values:
  wind_capex: 5000.0
  wind_opex: 100
  wind_lifetime: 20
  solar_capex: 1000.0
  solar_opex: 10
  solar_lifetime: 20
  carbon_price: 1.0
timeseries_values:
  load_level: 252920.5061241066
  wind_year: 2014
  solar_year: 2018
  price_year: 2023
  carbon_year: 2023
storage_values:
  CAES:
    cost: 38.7622
    lifetime: 28.8723
    annual_cost: 1.3425393889645092
    efficiency: 0.566429
    discharge_ratio: 0.1
    depth_of_discharge: 0.4
  Li-ion:
    cost: 189.721
    lifetime: 20.3055
    annual_cost: 9.343330624707592
    efficiency: 0.873381
    discharge_ratio: 2
    depth_of_discharge: 0.9
  Pb-acid:
    cost: 136.376
    lifetime: 14.8399
    annual_cost: 9.189819338405245
    efficiency: 0.717413
    discharge_ratio: 5
    depth_of_discharge: 0.5
  VRBF:
    cost: 161.823
    lifetime: 19.8147
    annual_cost: 8.166815546034005
    efficiency: 0.66032
    discharge_ratio: 0.5
    depth_of_discharge: 1.0
