cost_values:
  wind_capex: 5000.0
  wind_opex: 100
  wind_lifetime: 20
  solar_capex: 1000.0
  solar_opex: 10
  solar_lifetime: 20
  carbon_price: 1.0
timeseries_values:
  load_level: 252920.5061241066
  wind_year: 2014
  solar_year: 2018
  price_year: 2023
  carbon_year: 2023
storage_values:
  CAES:
    cost: 39.5678
    lifetime: 27.5536
    annual_cost: 1.43603013762267
    efficiency: 0.576832
    discharge_ratio: 0.1
    depth_of_discharge: 0.4
  Li-ion:
    cost: 169.296
    lifetime: 19.7742
    annual_cost: 8.561458870649634
    efficiency: 0.882382
    discharge_ratio: 2
    depth_of_discharge: 0.9
  Pb-acid:
    cost: 145.429
    lifetime: 13.9612
    annual_cost: 10.416654728819873
    efficiency: 0.728828
    discharge_ratio: 5
    depth_of_discharge: 0.5
  VRBF:
    cost: 211.43
    lifetime: 19.7431
    annual_cost: 10.70905784805831
    efficiency: 0.668772
    discharge_ratio: 0.5
    depth_of_discharge: 1.0
