cost_values:
  wind_capex: 5000.0
  wind_opex: 100
  wind_lifetime: 20
  solar_capex: 1000.0
  solar_opex: 10
  solar_lifetime: 20
  carbon_price: 1.0
timeseries_values:
  load_level: 252920.5061241066
  wind_year: 2014
  solar_year: 2018
  price_year: 2023
  carbon_year: 2023
storage_values:
  CAES:
    cost: 43.5894
    lifetime: 28.9595
    annual_cost: 1.505184827086103
    efficiency: 0.565081
    discharge_ratio: 0.1
    depth_of_discharge: 0.4
  Li-ion:
    cost: 160.797
    lifetime: 17.7007
    annual_cost: 9.0842170083669
    efficiency: 0.883434
    discharge_ratio: 2
    depth_of_discharge: 0.9
  Pb-acid:
    cost: 124.71
    lifetime: 12.9175
    annual_cost: 9.65434488097542
    efficiency: 0.717546
    discharge_ratio: 5
    depth_of_discharge: 0.5
  VRBF:
    cost: 195.705
    lifetime: 19.0671
    annual_cost: 10.264014978680555
    efficiency: 0.692274
    discharge_ratio: 0.5
    depth_of_discharge: 1.0
