cost_values:
  wind_capex: 5000.0
  wind_opex: 100
  wind_lifetime: 20
  solar_capex: 1000.0
  solar_opex: 10
  solar_lifetime: 20
  carbon_price: 1.0
timeseries_values:
  load_level: 252920.5061241066
  wind_year: 2014
  solar_year: 2018
  price_year: 2023
  carbon_year: 2023
storage_values:
  CAES:
    cost: 47.5799
    lifetime: 28.0268
    annual_cost: 1.697657242353747
    efficiency: 0.573463
    discharge_ratio: 0.1
    depth_of_discharge: 0.4
  Li-ion:
    cost: 191.793
    lifetime: 17.4858
    annual_cost: 10.968500154411007
    efficiency: 0.876015
    discharge_ratio: 2
    depth_of_discharge: 0.9
  Pb-acid:
    cost: 120.309
    lifetime: 13.3895
    annual_cost: 8.985324321296538
    efficiency: 0.729197
    discharge_ratio: 5
    depth_of_discharge: 0.5
  VRBF:
    cost: 195.391
    lifetime: 17.9066
    annual_cost: 10.91167502485117
    efficiency: 0.662902
    discharge_ratio: 0.5
    depth_of_discharge: 1.0
