cost_values:
  wind_capex: 5000.0
  wind_opex: 100
  wind_lifetime: 20
  solar_capex: 1000.0
  solar_opex: 10
  solar_lifetime: 20
  carbon_price: 1.0
timeseries_values:
  load_level: 252920.5061241066
  wind_year: 2014
  solar_year: 2018
  price_year: 2023
  carbon_year: 2023
storage_values:
  CAES:
    cost: 41.5491
    lifetime: 28.9111
    annual_cost: 1.437133142633798
    efficiency: 0.570348
    discharge_ratio: 0.1
    depth_of_discharge: 0.4
  Li-ion:
    cost: 187.5
    lifetime: 19.683
    annual_cost: 9.525986892242036
    efficiency: 0.869422
    discharge_ratio: 2
    depth_of_discharge: 0.9
  Pb-acid:
    cost: 153.613
    lifetime: 14.1492
    annual_cost: 10.856656206711333
    efficiency: 0.725066
    discharge_ratio: 5
    depth_of_discharge: 0.5
  VRBF:
    cost: 215.694
    lifetime: 20.8177
    annual_cost: 10.361086959654525
    efficiency: 0.669553
    discharge_ratio: 0.5
    depth_of_discharge: 1.0
