cost_values:
  wind_capex: 5000.0
  wind_opex: 100
  wind_lifetime: 20
  solar_capex: 1000.0
  solar_opex: 10
  solar_lifetime: 20
  carbon_price: 1.0
timeseries_values:
  load_level: 252920.5061241066
  wind_year: 2014
  solar_year: 2018
  price_year: 2023
  carbon_year: 2023
storage_values:
  CAES:
    cost: 42.319
    lifetime: 29.0338
    annual_cost: 1.457577030908803
    efficiency: 0.573292
    discharge_ratio: 0.1
    depth_of_discharge: 0.4
  Li-ion:
    cost: 173.527
    lifetime: 19.1488
    annual_cost: 9.062029996657753
    efficiency: 0.87592
    discharge_ratio: 2
    depth_of_discharge: 0.9
  Pb-acid:
    cost: 138.724
    lifetime: 14.2992
    annual_cost: 9.701521763455297
    efficiency: 0.72134
    discharge_ratio: 5
    depth_of_discharge: 0.5
  VRBF:
    cost: 171.908
    lifetime: 17.724
    annual_cost: 9.69916497404649
    efficiency: 0.653032
    discharge_ratio: 0.5
    depth_of_discharge: 1.0
