cost_values:
  wind_capex: 5000.0
  wind_opex: 100
  wind_lifetime: 20
  solar_capex: 1000.0
  solar_opex: 10
  solar_lifetime: 20
  carbon_price: 1.0
timeseries_values:
  load_level: 252920.5061241066
  wind_year: 2014
  solar_year: 2018
  price_year: 2023
  carbon_year: 2023
storage_values:
  CAES:
    cost: 36.7874
    lifetime: 27.193
    annual_cost: 1.3528260949509063
    efficiency: 0.565749
    discharge_ratio: 0.1
    depth_of_discharge: 0.4
  Li-ion:
    cost: 171.828
    lifetime: 19.6176
    annual_cost: 8.758869586493761
    efficiency: 0.866404
    discharge_ratio: 2
    depth_of_discharge: 0.9
  Pb-acid:
    cost: 141.373
    lifetime: 13.9877
    annual_cost: 10.106951107044045
    efficiency: 0.724739
    discharge_ratio: 5
    depth_of_discharge: 0.5
  VRBF:
    cost: 180.403
    lifetime: 17.7895
    annual_cost: 10.140982039967396
    efficiency: 0.658951
    discharge_ratio: 0.5
    depth_of_discharge: 1.0
