cost_values:
  wind_capex: 5000.0
  wind_opex: 100
  wind_lifetime: 20
  solar_capex: 1000.0
  solar_opex: 10
  solar_lifetime: 20
  carbon_price: 1.0
timeseries_values:
  load_level: 252920.5061241066
  wind_year: 2014
  solar_year: 2018
  price_year: 2023
  carbon_year: 2023
storage_values:
  CAES:
    cost: 39.4074
    lifetime: 27.0563
    annual_cost: 1.456496268891164
    efficiency: 0.561283
    discharge_ratio: 0.1
    depth_of_discharge: 0.4
  Li-ion:
    cost: 175.03
    lifetime: 19.1319
    annual_cost: 9.148594755356237
    efficiency: 0.881845
    discharge_ratio: 2
    depth_of_discharge: 0.9
  Pb-acid:
    cost: 133.155
    lifetime: 14.2512
    annual_cost: 9.343423711687436
    efficiency: 0.71888
    discharge_ratio: 5
    depth_of_discharge: 0.5
  VRBF:
    cost: 175.477
    lifetime: 18.3675
    annual_cost: 9.553668163876413
    efficiency: 0.6542
    discharge_ratio: 0.5
    depth_of_discharge: 1.0
