cost_values:
  wind_capex: 5000.0
  wind_opex: 100
  wind_lifetime: 20
  solar_capex: 1000.0
  solar_opex: 10
  solar_lifetime: 20
  carbon_price: 1.0
timeseries_values:
  load_level: 252920.5061241066
  wind_year: 2014
  solar_year: 2018
  price_year: 2023
  carbon_year: 2023
storage_values:
  CAES:
    cost: 41.3271
    lifetime: 27.963
    annual_cost: 1.4779208239459285
    efficiency: 0.572742
    discharge_ratio: 0.1
    depth_of_discharge: 0.4
  Li-ion:
    cost: 175.712
    lifetime: 19.4781
    annual_cost: 9.021003075248611
    efficiency: 0.889241
    discharge_ratio: 2
    depth_of_discharge: 0.9
  Pb-acid:
    cost: 140.351
    lifetime: 14.8815
    annual_cost: 9.431240130363202
    efficiency: 0.726518
    discharge_ratio: 5
    depth_of_discharge: 0.5
  VRBF:
    cost: 189.415
    lifetime: 18.3187
    annual_cost: 10.339980457128508
    efficiency: 0.654562
    discharge_ratio: 0.5
    depth_of_discharge: 1.0
