cost_values:
  wind_capex: 5000.0
  wind_opex: 100
  wind_lifetime: 20
  solar_capex: 1000.0
  solar_opex: 10
  solar_lifetime: 20
  carbon_price: 1.0
timeseries_values:
  load_level: 252920.5061241066
  wind_year: 2014
  solar_year: 2018
  price_year: 2023
  carbon_year: 2023
storage_values:
  CAES:
    cost: 48.7698
    lifetime: 28.0408
    annual_cost: 1.739244244101452
    efficiency: 0.575127
    discharge_ratio: 0.1
    depth_of_discharge: 0.4
  Li-ion:
    cost: 172.502
    lifetime: 19.6457
    annual_cost: 8.780649200588424
    efficiency: 0.880484
    discharge_ratio: 2
    depth_of_discharge: 0.9
  Pb-acid:
    cost: 126.84
    lifetime: 13.236
    annual_cost: 9.582955575702629
    efficiency: 0.712105
    discharge_ratio: 5
    depth_of_discharge: 0.5
  VRBF:
    cost: 160.944
    lifetime: 17.5276
    annual_cost: 9.182318172482256
    efficiency: 0.661986
    discharge_ratio: 0.5
    depth_of_discharge: 1.0
