cost_values:
  wind_capex: 5000.0
  wind_opex: 100
  wind_lifetime: 20
  solar_capex: 1000.0
  solar_opex: 10
  solar_lifetime: 20
  carbon_price: 1.0
timeseries_values:
  load_level: 252920.5061241066
  wind_year: 2014
  solar_year: 2018
  price_year: 2023
  carbon_year: 2023
storage_values:
  CAES:
    cost: 38.8846
    lifetime: 28.7044
    annual_cost: 1.3546564289795293
    efficiency: 0.572949
    discharge_ratio: 0.1
    depth_of_discharge: 0.4
  Li-ion:
    cost: 165.378
    lifetime: 17.7096
    annual_cost: 9.33832497628405
    efficiency: 0.883002
    discharge_ratio: 2
    depth_of_discharge: 0.9
  Pb-acid:
    cost: 139.315
    lifetime: 13.1893
    annual_cost: 10.56272887871229
    efficiency: 0.736546
    discharge_ratio: 5
    depth_of_discharge: 0.5
  VRBF:
    cost: 194.678
    lifetime: 18.7329
    annual_cost: 10.392304448323538
    efficiency: 0.687339
    discharge_ratio: 0.5
    depth_of_discharge: 1.0
