cost_values:
  wind_capex: 5000.0
  wind_opex: 100
  wind_lifetime: 20
  solar_capex: 1000.0
  solar_opex: 10
  solar_lifetime: 20
  carbon_price: 1.0
timeseries_values:
  load_level: 252920.5061241066
  wind_year: 2014
  solar_year: 2018
  price_year: 2023
  carbon_year: 2023
storage_values:
  CAES:
    cost: 41.0737
    lifetime: 27.1422
    annual_cost: 1.5132782162094451
    efficiency: 0.573936
    discharge_ratio: 0.1
    depth_of_discharge: 0.4
  Li-ion:
    cost: 179.617
    lifetime: 20.7861
    annual_cost: 8.641207345293248
    efficiency: 0.885463
    discharge_ratio: 2
    depth_of_discharge: 0.9
  Pb-acid:
    cost: 130.722
    lifetime: 15.1914
    annual_cost: 8.605000197480154
    efficiency: 0.717799
    discharge_ratio: 5
    depth_of_discharge: 0.5
  VRBF:
    cost: 212.432
    lifetime: 20.1582
    annual_cost: 10.538242501810677
    efficiency: 0.654465
    discharge_ratio: 0.5
    depth_of_discharge: 1.0
