cost_values:
  wind_capex: 5000.0
  wind_opex: 100
  wind_lifetime: 20
  solar_capex: 1000.0
  solar_opex: 10
  solar_lifetime: 20
  carbon_price: 1.0
timeseries_values:
  load_level: 252920.5061241066
  wind_year: 2014
  solar_year: 2018
  price_year: 2023
  carbon_year: 2023
storage_values:
  CAES:
    cost: 36.8954
    lifetime: 29.6361
    annual_cost: 1.2449478845057211
    efficiency: 0.565932
    discharge_ratio: 0.1
    depth_of_discharge: 0.4
  Li-ion:
    cost: 196.872
    lifetime: 18.3329
    annual_cost: 10.738726551718496
    efficiency: 0.864624
    discharge_ratio: 2
    depth_of_discharge: 0.9
  Pb-acid:
    cost: 114.768
    lifetime: 15.3761
    annual_cost: 7.464051352423567
    efficiency: 0.714011
    discharge_ratio: 5
    depth_of_discharge: 0.5
  VRBF:
    cost: 167.548
    lifetime: 19.123
    annual_cost: 8.76159598389374
    efficiency: 0.671268
    discharge_ratio: 0.5
    depth_of_discharge: 1.0
