cost_values:
  wind_capex: 5000.0
  wind_opex: 100
  wind_lifetime: 20
  solar_capex: 1000.0
  solar_opex: 10
  solar_lifetime: 20
  carbon_price: 1.0
timeseries_values:
  load_level: 252920.5061241066
  wind_year: 2014
  solar_year: 2018
  price_year: 2023
  carbon_year: 2023
storage_values:
  CAES:
    cost: 36.9369
    lifetime: 27.9169
    annual_cost: 1.323101777059774
    efficiency: 0.574829
    discharge_ratio: 0.1
    depth_of_discharge: 0.4
  Li-ion:
    cost: 204.007
    lifetime: 18.7807
    annual_cost: 10.862587656477128
    efficiency: 0.882143
    discharge_ratio: 2
    depth_of_discharge: 0.9
  Pb-acid:
    cost: 139.208
    lifetime: 13.6464
    annual_cost: 10.201078672763513
    efficiency: 0.708357
    discharge_ratio: 5
    depth_of_discharge: 0.5
  VRBF:
    cost: 159.602
    lifetime: 18.4116
    annual_cost: 8.66855677942167
    efficiency: 0.662181
    discharge_ratio: 0.5
    depth_of_discharge: 1.0
