cost_values:
  wind_capex: 5000.0
  wind_opex: 100
  wind_lifetime: 20
  solar_capex: 1000.0
  solar_opex: 10
  solar_lifetime: 20
  carbon_price: 1.0
timeseries_values:
  load_level: 252920.5061241066
  wind_year: 2014
  solar_year: 2018
  price_year: 2023
  carbon_year: 2023
storage_values:
  CAES:
    cost: 39.5037
    lifetime: 27.6244
    annual_cost: 1.4300292495040616
    efficiency: 0.564323
    discharge_ratio: 0.1
    depth_of_discharge: 0.4
  Li-ion:
    cost: 178.129
    lifetime: 20.559
    annual_cost: 8.66428328226081
    efficiency: 0.879375
    discharge_ratio: 2
    depth_of_discharge: 0.9
  Pb-acid:
    cost: 149.318
    lifetime: 13.1339
    annual_cost: 11.368900326635654
    efficiency: 0.720739
    discharge_ratio: 5
    depth_of_discharge: 0.5
  VRBF:
    cost: 198.708
    lifetime: 21.4211
    annual_cost: 9.276274327648908
    efficiency: 0.6573
    discharge_ratio: 0.5
    depth_of_discharge: 1.0
