cost_values:
  wind_capex: 5000.0
  wind_opex: 100
  wind_lifetime: 20
  solar_capex: 1000.0
  solar_opex: 10
  solar_lifetime: 20
  carbon_price: 1.0
timeseries_values:
  load_level: 244759.89362174043
  wind_year: 2015
  solar_year: 2018
  price_year: 2023
  carbon_year: 2023
storage_values:
  CAES:
    cost: 39.867
    lifetime: 26.8061
    annual_cost: 1.4872361141680437
    efficiency: 0.593127
    discharge_ratio: 0.1
    depth_of_discharge: 0.4
  Li-ion:
    cost: 205.236
    lifetime: 19.4308
    annual_cost: 10.562406076949996
    efficiency: 0.937365
    discharge_ratio: 2
    depth_of_discharge: 0.9
  Pb-acid:
    cost: 128.33
    lifetime: 9.75637
    annual_cost: 13.153457689694015
    efficiency: 0.767184
    discharge_ratio: 5
    depth_of_discharge: 0.5
  VRBF:
    cost: 240.128
    lifetime: 22.5132
    annual_cost: 10.66609811133024
    efficiency: 0.74319
    discharge_ratio: 0.5
    depth_of_discharge: 1.0
