cost_values:
  wind_capex: 5000.0
  wind_opex: 100
  wind_lifetime: 20
  solar_capex: 1000.0
  solar_opex: 10
  solar_lifetime: 20
  carbon_price: 1.0
timeseries_values:
  load_level: 244759.89362174043
  wind_year: 2015
  solar_year: 2018
  price_year: 2023
  carbon_year: 2023
storage_values:
  CAES:
    cost: 43.9938
    lifetime: 28.0025
    annual_cost: 1.5710668690295508
    efficiency: 0.603162
    discharge_ratio: 0.1
    depth_of_discharge: 0.4
  Li-ion:
    cost: 196.188
    lifetime: 17.3308
    annual_cost: 11.320192951277495
    efficiency: 0.930106
    discharge_ratio: 2
    depth_of_discharge: 0.9
  Pb-acid:
    cost: 109.416
    lifetime: 9.01779
    annual_cost: 12.133349745336718
    efficiency: 0.771976
    discharge_ratio: 5
    depth_of_discharge: 0.5
  VRBF:
    cost: 271.436
    lifetime: 22.0554
    annual_cost: 12.307008714419144
    efficiency: 0.737119
    discharge_ratio: 0.5
    depth_of_discharge: 1.0
