cost_values:
  wind_capex: 5000.0
  wind_opex: 100
  wind_lifetime: 20
  solar_capex: 1000.0
  solar_opex: 10
  solar_lifetime: 20
  carbon_price: 1.0
timeseries_values:
  load_level: 244759.89362174043
  wind_year: 2015
  solar_year: 2018
  price_year: 2023
  carbon_year: 2023
storage_values:
  CAES:
    cost: 35.9586
    lifetime: 26.212
    annual_cost: 1.3718373264153823
    efficiency: 0.594421
    discharge_ratio: 0.1
    depth_of_discharge: 0.4
  Li-ion:
    cost: 200.749
    lifetime: 19.3185
    annual_cost: 10.391541786370578
    efficiency: 0.933843
    discharge_ratio: 2
    depth_of_discharge: 0.9
  Pb-acid:
    cost: 129.603
    lifetime: 11.2372
    annual_cost: 11.533389100487668
    efficiency: 0.773688
    discharge_ratio: 5
    depth_of_discharge: 0.5
  VRBF:
    cost: 227.065
    lifetime: 23.7659
    annual_cost: 9.55423526986144
    efficiency: 0.732725
    discharge_ratio: 0.5
    depth_of_discharge: 1.0
