cost_values:
  wind_capex: 5000.0
  wind_opex: 100
  wind_lifetime: 20
  solar_capex: 1000.0
  solar_opex: 10
  solar_lifetime: 20
  carbon_price: 1.0
timeseries_values:
  load_level: 244759.89362174043
  wind_year: 2015
  solar_year: 2018
  price_year: 2023
  carbon_year: 2023
storage_values:
  CAES:
    cost: 42.0451
    lifetime: 26.426
    annual_cost: 1.5910504805873005
    efficiency: 0.607422
    discharge_ratio: 0.1
    depth_of_discharge: 0.4
  Li-ion:
    cost: 208.524
    lifetime: 18.2313
    annual_cost: 11.437692320350166
    efficiency: 0.930633
    discharge_ratio: 2
    depth_of_discharge: 0.9
  Pb-acid:
    cost: 127.346
    lifetime: 9.59355
    annual_cost: 13.274126887335761
    efficiency: 0.782452
    discharge_ratio: 5
    depth_of_discharge: 0.5
  VRBF:
    cost: 248.739
    lifetime: 22.434
    annual_cost: 11.087590264776678
    efficiency: 0.751597
    discharge_ratio: 0.5
    depth_of_discharge: 1.0
