cost_values:
  wind_capex: 5000.0
  wind_opex: 100
  wind_lifetime: 20
  solar_capex: 1000.0
  solar_opex: 10
  solar_lifetime: 20
  carbon_price: 1.0
timeseries_values:
  load_level: 244759.89362174043
  wind_year: 2015
  solar_year: 2018
  price_year: 2023
  carbon_year: 2023
storage_values:
  CAES:
    cost: 33.8339
    lifetime: 27.0211
    annual_cost: 1.252128891865986
    efficiency: 0.591588
    discharge_ratio: 0.1
    depth_of_discharge: 0.4
  Li-ion:
    cost: 196.18
    lifetime: 17.2281
    annual_cost: 11.387210429472779
    efficiency: 0.936145
    discharge_ratio: 2
    depth_of_discharge: 0.9
  Pb-acid:
    cost: 122.547
    lifetime: 12.528
    annual_cost: 9.781848659003831
    efficiency: 0.767483
    discharge_ratio: 5
    depth_of_discharge: 0.5
  VRBF:
    cost: 231.46
    lifetime: 20.5025
    annual_cost: 11.289354956712597
    efficiency: 0.736763
    discharge_ratio: 0.5
    depth_of_discharge: 1.0
