cost_values:
  wind_capex: 5000.0
  wind_opex: 100
  wind_lifetime: 20
  solar_capex: 1000.0
  solar_opex: 10
  solar_lifetime: 20
  carbon_price: 1.0
timeseries_values:
  load_level: 244759.89362174043
  wind_year: 2015
  solar_year: 2018
  price_year: 2023
  carbon_year: 2023
storage_values:
  CAES:
    cost: 39.3606
    lifetime: 26.1929
    annual_cost: 1.5027202028030495
    efficiency: 0.59425
    discharge_ratio: 0.1
    depth_of_discharge: 0.4
  Li-ion:
    cost: 185.852
    lifetime: 17.3906
    annual_cost: 10.686922820374226
    efficiency: 0.942491
    discharge_ratio: 2
    depth_of_discharge: 0.9
  Pb-acid:
    cost: 111.251
    lifetime: 9.61865
    annual_cost: 11.566176126587411
    efficiency: 0.779796
    discharge_ratio: 5
    depth_of_discharge: 0.5
  VRBF:
    cost: 252.869
    lifetime: 23.5059
    annual_cost: 10.757682113852267
    efficiency: 0.73467
    discharge_ratio: 0.5
    depth_of_discharge: 1.0
