cost_values:
  wind_capex: 5000.0
  wind_opex: 100
  wind_lifetime: 20
  solar_capex: 1000.0
  solar_opex: 10
  solar_lifetime: 20
  carbon_price: 1.0
timeseries_values:
  load_level: 244759.89362174043
  wind_year: 2015
  solar_year: 2018
  price_year: 2023
  carbon_year: 2023
storage_values:
  CAES:
    cost: 43.3637
    lifetime: 25.9902
    annual_cost: 1.6684634977799324
    efficiency: 0.600768
    discharge_ratio: 0.1
    depth_of_discharge: 0.4
  Li-ion:
    cost: 196.443
    lifetime: 17.9307
    annual_cost: 10.955679365557396
    efficiency: 0.9316
    discharge_ratio: 2
    depth_of_discharge: 0.9
  Pb-acid:
    cost: 127.619
    lifetime: 10.6334
    annual_cost: 12.001711588015123
    efficiency: 0.775008
    discharge_ratio: 5
    depth_of_discharge: 0.5
  VRBF:
    cost: 221.1
    lifetime: 21.4934
    annual_cost: 10.286878762782994
    efficiency: 0.720556
    discharge_ratio: 0.5
    depth_of_discharge: 1.0
