cost_values:
  wind_capex: 5000.0
  wind_opex: 100
  wind_lifetime: 20
  solar_capex: 1000.0
  solar_opex: 10
  solar_lifetime: 20
  carbon_price: 1.0
timeseries_values:
  load_level: 244759.89362174043
  wind_year: 2015
  solar_year: 2018
  price_year: 2023
  carbon_year: 2023
storage_values:
  CAES:
    cost: 40.8772
    lifetime: 26.1943
    annual_cost: 1.5605379796367913
    efficiency: 0.591783
    discharge_ratio: 0.1
    depth_of_discharge: 0.4
  Li-ion:
    cost: 211.499
    lifetime: 18.9835
    annual_cost: 11.141201569784286
    efficiency: 0.935402
    discharge_ratio: 2
    depth_of_discharge: 0.9
  Pb-acid:
    cost: 92.325
    lifetime: 11.1569
    annual_cost: 8.275148114619652
    efficiency: 0.78474
    discharge_ratio: 5
    depth_of_discharge: 0.5
  VRBF:
    cost: 245.863
    lifetime: 22.845
    annual_cost: 10.762223681330708
    efficiency: 0.748203
    discharge_ratio: 0.5
    depth_of_discharge: 1.0
