cost_values:
  wind_capex: 5000.0
  wind_opex: 100
  wind_lifetime: 20
  solar_capex: 1000.0
  solar_opex: 10
  solar_lifetime: 20
  carbon_price: 1.0
timeseries_values:
  load_level: 244759.89362174043
  wind_year: 2015
  solar_year: 2018
  price_year: 2023
  carbon_year: 2023
storage_values:
  CAES:
    cost: 34.6413
    lifetime: 27.0012
    annual_cost: 1.282954090929292
    efficiency: 0.59369
    discharge_ratio: 0.1
    depth_of_discharge: 0.4
  Li-ion:
    cost: 229.923
    lifetime: 17.1736
    annual_cost: 13.388165556435458
    efficiency: 0.936067
    discharge_ratio: 2
    depth_of_discharge: 0.9
  Pb-acid:
    cost: 119.581
    lifetime: 10.2709
    annual_cost: 11.64269927659699
    efficiency: 0.790036
    discharge_ratio: 5
    depth_of_discharge: 0.5
  VRBF:
    cost: 186.356
    lifetime: 24.5462
    annual_cost: 7.592050908083532
    efficiency: 0.725032
    discharge_ratio: 0.5
    depth_of_discharge: 1.0
