cost_values:
  wind_capex: 5000.0
  wind_opex: 100
  wind_lifetime: 20
  solar_capex: 1000.0
  solar_opex: 10
  solar_lifetime: 20
  carbon_price: 1.0
timeseries_values:
  load_level: 244759.89362174043
  wind_year: 2015
  solar_year: 2018
  price_year: 2023
  carbon_year: 2023
storage_values:
  CAES:
    cost: 46.863
    lifetime: 27.3264
    annual_cost: 1.714935007904444
    efficiency: 0.599787
    discharge_ratio: 0.1
    depth_of_discharge: 0.4
  Li-ion:
    cost: 190.675
    lifetime: 17.5281
    annual_cost: 10.878246929216516
    efficiency: 0.941468
    discharge_ratio: 2
    depth_of_discharge: 0.9
  Pb-acid:
    cost: 131.806
    lifetime: 10.856
    annual_cost: 12.141304347826088
    efficiency: 0.775922
    discharge_ratio: 5
    depth_of_discharge: 0.5
  VRBF:
    cost: 237.201
    lifetime: 21.8447
    annual_cost: 10.858514880039552
    efficiency: 0.749528
    discharge_ratio: 0.5
    depth_of_discharge: 1.0
