cost_values:
  wind_capex: 5000.0
  wind_opex: 100
  wind_lifetime: 20
  solar_capex: 1000.0
  solar_opex: 10
  solar_lifetime: 20
  carbon_price: 1.0
timeseries_values:
  load_level: 244759.89362174043
  wind_year: 2015
  solar_year: 2018
  price_year: 2023
  carbon_year: 2023
storage_values:
  CAES:
    cost: 53.3376
    lifetime: 27.6502
    annual_cost: 1.9290131716949606
    efficiency: 0.585529
    discharge_ratio: 0.1
    depth_of_discharge: 0.4
  Li-ion:
    cost: 184.002
    lifetime: 17.8445
    annual_cost: 10.311412480035866
    efficiency: 0.943147
    discharge_ratio: 2
    depth_of_discharge: 0.9
  Pb-acid:
    cost: 110.923
    lifetime: 11.0794
    annual_cost: 10.011643229777786
    efficiency: 0.774462
    discharge_ratio: 5
    depth_of_discharge: 0.5
  VRBF:
    cost: 244.2
    lifetime: 24.5711
    annual_cost: 9.938504991636515
    efficiency: 0.734858
    discharge_ratio: 0.5
    depth_of_discharge: 1.0
