cost_values:
  wind_capex: 5000.0
  wind_opex: 100
  wind_lifetime: 20
  solar_capex: 1000.0
  solar_opex: 10
  solar_lifetime: 20
  carbon_price: 1.0
timeseries_values:
  load_level: 244759.89362174043
  wind_year: 2015
  solar_year: 2018
  price_year: 2023
  carbon_year: 2023
storage_values:
  CAES:
    cost: 39.219
    lifetime: 27.4548
    annual_cost: 1.4284933782070897
    efficiency: 0.583397
    discharge_ratio: 0.1
    depth_of_discharge: 0.4
  Li-ion:
    cost: 220.819
    lifetime: 18.2231
    annual_cost: 12.117532143268708
    efficiency: 0.924206
    discharge_ratio: 2
    depth_of_discharge: 0.9
  Pb-acid:
    cost: 111.582
    lifetime: 13.1066
    annual_cost: 8.513420719332244
    efficiency: 0.783002
    discharge_ratio: 5
    depth_of_discharge: 0.5
  VRBF:
    cost: 216.833
    lifetime: 21.5456
    annual_cost: 10.06391096093866
    efficiency: 0.761647
    discharge_ratio: 0.5
    depth_of_discharge: 1.0
