cost_values:
  wind_capex: 5000.0
  wind_opex: 100
  wind_lifetime: 20
  solar_capex: 1000.0
  solar_opex: 10
  solar_lifetime: 20
  carbon_price: 1.0
timeseries_values:
  load_level: 244759.89362174043
  wind_year: 2015
  solar_year: 2018
  price_year: 2023
  carbon_year: 2023
storage_values:
  CAES:
    cost: 42.5975
    lifetime: 27.72
    annual_cost: 1.536706349206349
    efficiency: 0.589429
    discharge_ratio: 0.1
    depth_of_discharge: 0.4
  Li-ion:
    cost: 219.965
    lifetime: 19.8601
    annual_cost: 11.075724694236182
    efficiency: 0.941706
    discharge_ratio: 2
    depth_of_discharge: 0.9
  Pb-acid:
    cost: 127.538
    lifetime: 9.35764
    annual_cost: 13.629291146058193
    efficiency: 0.784897
    discharge_ratio: 5
    depth_of_discharge: 0.5
  VRBF:
    cost: 198.992
    lifetime: 21.6673
    annual_cost: 9.18397769911341
    efficiency: 0.750027
    discharge_ratio: 0.5
    depth_of_discharge: 1.0
