cost_values:
  wind_capex: 5000.0
  wind_opex: 100
  wind_lifetime: 20
  solar_capex: 1000.0
  solar_opex: 10
  solar_lifetime: 20
  carbon_price: 1.0
timeseries_values:
  load_level: 244759.89362174043
  wind_year: 2015
  solar_year: 2018
  price_year: 2023
  carbon_year: 2023
storage_values:
  CAES:
    cost: 35.3819
    lifetime: 27.8723
    annual_cost: 1.2694287877211425
    efficiency: 0.594393
    discharge_ratio: 0.1
    depth_of_discharge: 0.4
  Li-ion:
    cost: 221.608
    lifetime: 17.1341
    annual_cost: 12.933740319012962
    efficiency: 0.929572
    discharge_ratio: 2
    depth_of_discharge: 0.9
  Pb-acid:
    cost: 118.957
    lifetime: 11.7718
    annual_cost: 10.105251533325404
    efficiency: 0.766087
    discharge_ratio: 5
    depth_of_discharge: 0.5
  VRBF:
    cost: 239.015
    lifetime: 23.2026
    annual_cost: 10.301216243007248
    efficiency: 0.725322
    discharge_ratio: 0.5
    depth_of_discharge: 1.0
