cost_values:
  wind_capex: 5000.0
  wind_opex: 100
  wind_lifetime: 20
  solar_capex: 1000.0
  solar_opex: 10
  solar_lifetime: 20
  carbon_price: 1.0
timeseries_values:
  load_level: 244759.89362174043
  wind_year: 2015
  solar_year: 2018
  price_year: 2023
  carbon_year: 2023
storage_values:
  CAES:
    cost: 35.5642
    lifetime: 26.6756
    annual_cost: 1.3332108743570903
    efficiency: 0.579462
    discharge_ratio: 0.1
    depth_of_discharge: 0.4
  Li-ion:
    cost: 204.168
    lifetime: 19.8995
    annual_cost: 10.25995628030855
    efficiency: 0.933214
    discharge_ratio: 2
    depth_of_discharge: 0.9
  Pb-acid:
    cost: 118.789
    lifetime: 9.88792
    annual_cost: 12.013547844238223
    efficiency: 0.771161
    discharge_ratio: 5
    depth_of_discharge: 0.5
  VRBF:
    cost: 225.649
    lifetime: 23.3508
    annual_cost: 9.663437655240934
    efficiency: 0.752898
    discharge_ratio: 0.5
    depth_of_discharge: 1.0
