cost_values:
  wind_capex: 5000.0
  wind_opex: 100
  wind_lifetime: 20
  solar_capex: 1000.0
  solar_opex: 10
  solar_lifetime: 20
  carbon_price: 1.0
timeseries_values:
  load_level: 244759.89362174043
  wind_year: 2015
  solar_year: 2018
  price_year: 2023
  carbon_year: 2023
storage_values:
  CAES:
    cost: 32.5281
    lifetime: 27.3948
    annual_cost: 1.1873822769284683
    efficiency: 0.593537
    discharge_ratio: 0.1
    depth_of_discharge: 0.4
  Li-ion:
    cost: 201.386
    lifetime: 17.7958
    annual_cost: 11.316490407849043
    efficiency: 0.929837
    discharge_ratio: 2
    depth_of_discharge: 0.9
  Pb-acid:
    cost: 132.299
    lifetime: 11.8671
    annual_cost: 11.148385030883704
    efficiency: 0.77117
    discharge_ratio: 5
    depth_of_discharge: 0.5
  VRBF:
    cost: 231.119
    lifetime: 22.7145
    annual_cost: 10.174954324330272
    efficiency: 0.731367
    discharge_ratio: 0.5
    depth_of_discharge: 1.0
