cost_values:
  wind_capex: 5000.0
  wind_opex: 100
  wind_lifetime: 20
  solar_capex: 1000.0
  solar_opex: 10
  solar_lifetime: 20
  carbon_price: 1.0
timeseries_values:
  load_level: 244759.89362174043
  wind_year: 2015
  solar_year: 2018
  price_year: 2023
  carbon_year: 2023
storage_values:
  CAES:
    cost: 41.4286
    lifetime: 26.8871
    annual_cost: 1.5408355679861347
    efficiency: 0.597781
    discharge_ratio: 0.1
    depth_of_discharge: 0.4
  Li-ion:
    cost: 224.837
    lifetime: 19.9957
    annual_cost: 11.244267517516265
    efficiency: 0.923809
    discharge_ratio: 2
    depth_of_discharge: 0.9
  Pb-acid:
    cost: 116.162
    lifetime: 11.222
    annual_cost: 10.351274282659064
    efficiency: 0.775844
    discharge_ratio: 5
    depth_of_discharge: 0.5
  VRBF:
    cost: 239.494
    lifetime: 22.5406
    annual_cost: 10.62500554554892
    efficiency: 0.740166
    discharge_ratio: 0.5
    depth_of_discharge: 1.0
