cost_values:
  wind_capex: 5000.0
  wind_opex: 100
  wind_lifetime: 20
  solar_capex: 1000.0
  solar_opex: 10
  solar_lifetime: 20
  carbon_price: 1.0
timeseries_values:
  load_level: 244759.89362174043
  wind_year: 2015
  solar_year: 2018
  price_year: 2023
  carbon_year: 2023
storage_values:
  CAES:
    cost: 35.1636
    lifetime: 27.343
    annual_cost: 1.286018359360714
    efficiency: 0.586823
    discharge_ratio: 0.1
    depth_of_discharge: 0.4
  Li-ion:
    cost: 233.448
    lifetime: 18.1249
    annual_cost: 12.879960717024646
    efficiency: 0.935149
    discharge_ratio: 2
    depth_of_discharge: 0.9
  Pb-acid:
    cost: 106.951
    lifetime: 9.67619
    annual_cost: 11.053007433710995
    efficiency: 0.775927
    discharge_ratio: 5
    depth_of_discharge: 0.5
  VRBF:
    cost: 205.156
    lifetime: 21.637
    annual_cost: 9.48172112584924
    efficiency: 0.733939
    discharge_ratio: 0.5
    depth_of_discharge: 1.0
