cost_values:
  wind_capex: 5000.0
  wind_opex: 100
  wind_lifetime: 20
  solar_capex: 1000.0
  solar_opex: 10
  solar_lifetime: 20
  carbon_price: 1.0
timeseries_values:
  load_level: 244759.89362174043
  wind_year: 2015
  solar_year: 2018
  price_year: 2023
  carbon_year: 2023
storage_values:
  CAES:
    cost: 42.5488
    lifetime: 27.2964
    annual_cost: 1.5587696546064684
    efficiency: 0.598463
    discharge_ratio: 0.1
    depth_of_discharge: 0.4
  Li-ion:
    cost: 198.042
    lifetime: 17.6551
    annual_cost: 11.217268664578507
    efficiency: 0.938791
    discharge_ratio: 2
    depth_of_discharge: 0.9
  Pb-acid:
    cost: 119.655
    lifetime: 9.65227
    annual_cost: 12.396565781935234
    efficiency: 0.775187
    discharge_ratio: 5
    depth_of_discharge: 0.5
  VRBF:
    cost: 222.302
    lifetime: 26.5877
    annual_cost: 8.361084260767196
    efficiency: 0.752747
    discharge_ratio: 0.5
    depth_of_discharge: 1.0
