cost_values:
  wind_capex: 5000.0
  wind_opex: 100
  wind_lifetime: 20
  solar_capex: 1000.0
  solar_opex: 10
  solar_lifetime: 20
  carbon_price: 1.0
timeseries_values:
  load_level: 244759.89362174043
  wind_year: 2015
  solar_year: 2018
  price_year: 2023
  carbon_year: 2023
storage_values:
  CAES:
    cost: 40.456
    lifetime: 27.0637
    annual_cost: 1.4948436466558528
    efficiency: 0.599273
    discharge_ratio: 0.1
    depth_of_discharge: 0.4
  Li-ion:
    cost: 218.128
    lifetime: 17.8979
    annual_cost: 12.187351588733874
    efficiency: 0.927163
    discharge_ratio: 2
    depth_of_discharge: 0.9
  Pb-acid:
    cost: 130.138
    lifetime: 12.1928
    annual_cost: 10.673348205498327
    efficiency: 0.788247
    discharge_ratio: 5
    depth_of_discharge: 0.5
  VRBF:
    cost: 227.917
    lifetime: 20.97
    annual_cost: 10.868717215069147
    efficiency: 0.722642
    discharge_ratio: 0.5
    depth_of_discharge: 1.0
