cost_values:
  wind_capex: 5000.0
  wind_opex: 100
  wind_lifetime: 20
  solar_capex: 1000.0
  solar_opex: 10
  solar_lifetime: 20
  carbon_price: 1.0
timeseries_values:
  load_level: 244759.89362174043
  wind_year: 2015
  solar_year: 2018
  price_year: 2023
  carbon_year: 2023
storage_values:
  CAES:
    cost: 41.6742
    lifetime: 25.6924
    annual_cost: 1.622043872896265
    efficiency: 0.595714
    discharge_ratio: 0.1
    depth_of_discharge: 0.4
  Li-ion:
    cost: 220.287
    lifetime: 19.5647
    annual_cost: 11.259411082204174
    efficiency: 0.931155
    discharge_ratio: 2
    depth_of_discharge: 0.9
  Pb-acid:
    cost: 125.291
    lifetime: 10.4754
    annual_cost: 11.960497928480057
    efficiency: 0.775393
    discharge_ratio: 5
    depth_of_discharge: 0.5
  VRBF:
    cost: 236.729
    lifetime: 24.1258
    annual_cost: 9.81227565510781
    efficiency: 0.746075
    discharge_ratio: 0.5
    depth_of_discharge: 1.0
