cost_values:
  wind_capex: 5000.0
  wind_opex: 100
  wind_lifetime: 20
  solar_capex: 1000.0
  solar_opex: 10
  solar_lifetime: 20
  carbon_price: 1.0
timeseries_values:
  load_level: 244759.89362174043
  wind_year: 2015
  solar_year: 2018
  price_year: 2023
  carbon_year: 2023
storage_values:
  CAES:
    cost: 35.526
    lifetime: 26.8415
    annual_cost: 1.3235474917571672
    efficiency: 0.59189
    discharge_ratio: 0.1
    depth_of_discharge: 0.4
  Li-ion:
    cost: 212.392
    lifetime: 19.5334
    annual_cost: 10.873273470056416
    efficiency: 0.925362
    discharge_ratio: 2
    depth_of_discharge: 0.9
  Pb-acid:
    cost: 115.974
    lifetime: 12.0841
    annual_cost: 9.597239347572431
    efficiency: 0.790811
    discharge_ratio: 5
    depth_of_discharge: 0.5
  VRBF:
    cost: 256.838
    lifetime: 24.6468
    annual_cost: 10.420744275118881
    efficiency: 0.739164
    discharge_ratio: 0.5
    depth_of_discharge: 1.0
