cost_values:
  wind_capex: 5000.0
  wind_opex: 100
  wind_lifetime: 20
  solar_capex: 1000.0
  solar_opex: 10
  solar_lifetime: 20
  carbon_price: 1.0
timeseries_values:
  load_level: 244759.89362174043
  wind_year: 2015
  solar_year: 2018
  price_year: 2023
  carbon_year: 2023
storage_values:
  CAES:
    cost: 40.7635
    lifetime: 26.3204
    annual_cost: 1.5487416604610873
    efficiency: 0.589645
    discharge_ratio: 0.1
    depth_of_discharge: 0.4
  Li-ion:
    cost: 197.835
    lifetime: 17.8762
    annual_cost: 11.066949351651918
    efficiency: 0.934942
    discharge_ratio: 2
    depth_of_discharge: 0.9
  Pb-acid:
    cost: 119.214
    lifetime: 10.9239
    annual_cost: 10.913135418669157
    efficiency: 0.76938
    discharge_ratio: 5
    depth_of_discharge: 0.5
  VRBF:
    cost: 242.47
    lifetime: 22.6171
    annual_cost: 10.720649420129018
    efficiency: 0.722725
    discharge_ratio: 0.5
    depth_of_discharge: 1.0
