cost_values:
  wind_capex: 5000.0
  wind_opex: 100
  wind_lifetime: 20
  solar_capex: 1000.0
  solar_opex: 10
  solar_lifetime: 20
  carbon_price: 1.0
timeseries_values:
  load_level: 244759.89362174043
  wind_year: 2015
  solar_year: 2018
  price_year: 2023
  carbon_year: 2023
storage_values:
  CAES:
    cost: 35.7679
    lifetime: 25.8819
    annual_cost: 1.3819657753101586
    efficiency: 0.598291
    discharge_ratio: 0.1
    depth_of_discharge: 0.4
  Li-ion:
    cost: 219.194
    lifetime: 18.0721
    annual_cost: 12.128861615418241
    efficiency: 0.934604
    discharge_ratio: 2
    depth_of_discharge: 0.9
  Pb-acid:
    cost: 117.288
    lifetime: 10.149
    annual_cost: 11.55660656222288
    efficiency: 0.780962
    discharge_ratio: 5
    depth_of_discharge: 0.5
  VRBF:
    cost: 246.678
    lifetime: 24.5908
    annual_cost: 10.031312523382727
    efficiency: 0.737543
    discharge_ratio: 0.5
    depth_of_discharge: 1.0
