cost_values:
  wind_capex: 5000.0
  wind_opex: 100
  wind_lifetime: 20
  solar_capex: 1000.0
  solar_opex: 10
  solar_lifetime: 20
  carbon_price: 1.0
timeseries_values:
  load_level: 244759.89362174043
  wind_year: 2015
  solar_year: 2018
  price_year: 2023
  carbon_year: 2023
storage_values:
  CAES:
    cost: 38.3125
    lifetime: 26.4734
    annual_cost: 1.4472073855266039
    efficiency: 0.590008
    discharge_ratio: 0.1
    depth_of_discharge: 0.4
  Li-ion:
    cost: 198.747
    lifetime: 19.0094
    annual_cost: 10.455195850473977
    efficiency: 0.951232
    discharge_ratio: 2
    depth_of_discharge: 0.9
  Pb-acid:
    cost: 113.566
    lifetime: 9.72814
    annual_cost: 11.673968507854534
    efficiency: 0.783449
    discharge_ratio: 5
    depth_of_discharge: 0.5
  VRBF:
    cost: 247.27
    lifetime: 23.1527
    annual_cost: 10.679963891900297
    efficiency: 0.734724
    discharge_ratio: 0.5
    depth_of_discharge: 1.0
