cost_values:
  wind_capex: 5000.0
  wind_opex: 100
  wind_lifetime: 20
  solar_capex: 1000.0
  solar_opex: 10
  solar_lifetime: 20
  carbon_price: 1.0
timeseries_values:
  load_level: 244759.89362174043
  wind_year: 2015
  solar_year: 2018
  price_year: 2023
  carbon_year: 2023
storage_values:
  CAES:
    cost: 39.6242
    lifetime: 25.9576
    annual_cost: 1.5264970567386817
    efficiency: 0.59783
    discharge_ratio: 0.1
    depth_of_discharge: 0.4
  Li-ion:
    cost: 178.284
    lifetime: 17.7514
    annual_cost: 10.043376860416643
    efficiency: 0.923032
    discharge_ratio: 2
    depth_of_discharge: 0.9
  Pb-acid:
    cost: 121.427
    lifetime: 11.2798
    annual_cost: 10.764995833259455
    efficiency: 0.76496
    discharge_ratio: 5
    depth_of_discharge: 0.5
  VRBF:
    cost: 217.97
    lifetime: 20.7457
    annual_cost: 10.50675561682662
    efficiency: 0.741957
    discharge_ratio: 0.5
    depth_of_discharge: 1.0
