cost_values:
  wind_capex: 5000.0
  wind_opex: 100
  wind_lifetime: 20
  solar_capex: 1000.0
  solar_opex: 10
  solar_lifetime: 20
  carbon_price: 1.0
timeseries_values:
  load_level: 244759.89362174043
  wind_year: 2015
  solar_year: 2018
  price_year: 2023
  carbon_year: 2023
storage_values:
  CAES:
    cost: 39.0594
    lifetime: 27.1621
    annual_cost: 1.438011052164597
    efficiency: 0.585551
    discharge_ratio: 0.1
    depth_of_discharge: 0.4
  Li-ion:
    cost: 194.728
    lifetime: 18.9972
    annual_cost: 10.250352683553366
    efficiency: 0.936452
    discharge_ratio: 2
    depth_of_discharge: 0.9
  Pb-acid:
    cost: 121.407
    lifetime: 11.4738
    annual_cost: 10.581237253569
    efficiency: 0.768953
    discharge_ratio: 5
    depth_of_discharge: 0.5
  VRBF:
    cost: 212.452
    lifetime: 23.6871
    annual_cost: 8.969101325193881
    efficiency: 0.72992
    discharge_ratio: 0.5
    depth_of_discharge: 1.0
