cost_values:
  wind_capex: 5000.0
  wind_opex: 100
  wind_lifetime: 20
  solar_capex: 1000.0
  solar_opex: 10
  solar_lifetime: 20
  carbon_price: 1.0
timeseries_values:
  load_level: 244759.89362174043
  wind_year: 2015
  solar_year: 2018
  price_year: 2023
  carbon_year: 2023
storage_values:
  CAES:
    cost: 38.2685
    lifetime: 27.5573
    annual_cost: 1.3886882967489558
    efficiency: 0.58865
    discharge_ratio: 0.1
    depth_of_discharge: 0.4
  Li-ion:
    cost: 193.921
    lifetime: 19.1893
    annual_cost: 10.105683896754963
    efficiency: 0.927614
    discharge_ratio: 2
    depth_of_discharge: 0.9
  Pb-acid:
    cost: 118.04
    lifetime: 10.8341
    annual_cost: 10.89522895302794
    efficiency: 0.777418
    discharge_ratio: 5
    depth_of_discharge: 0.5
  VRBF:
    cost: 257.614
    lifetime: 24.0729
    annual_cost: 10.701411130358203
    efficiency: 0.7411
    discharge_ratio: 0.5
    depth_of_discharge: 1.0
