cost_values:
  wind_capex: 5000.0
  wind_opex: 100
  wind_lifetime: 20
  solar_capex: 1000.0
  solar_opex: 10
  solar_lifetime: 20
  carbon_price: 1.0
timeseries_values:
  load_level: 244759.89362174043
  wind_year: 2015
  solar_year: 2018
  price_year: 2023
  carbon_year: 2023
storage_values:
  CAES:
    cost: 35.7681
    lifetime: 27.2653
    annual_cost: 1.3118542616439208
    efficiency: 0.583739
    discharge_ratio: 0.1
    depth_of_discharge: 0.4
  Li-ion:
    cost: 196.969
    lifetime: 18.1014
    annual_cost: 10.881423536301059
    efficiency: 0.926359
    discharge_ratio: 2
    depth_of_discharge: 0.9
  Pb-acid:
    cost: 104.44
    lifetime: 11.3821
    annual_cost: 9.175811142056387
    efficiency: 0.782224
    discharge_ratio: 5
    depth_of_discharge: 0.5
  VRBF:
    cost: 240.666
    lifetime: 21.3814
    annual_cost: 11.255857895179924
    efficiency: 0.738162
    discharge_ratio: 0.5
    depth_of_discharge: 1.0
