cost_values:
  wind_capex: 5000.0
  wind_opex: 100
  wind_lifetime: 20
  solar_capex: 1000.0
  solar_opex: 10
  solar_lifetime: 20
  carbon_price: 1.0
timeseries_values:
  load_level: 244759.89362174043
  wind_year: 2015
  solar_year: 2018
  price_year: 2023
  carbon_year: 2023
storage_values:
  CAES:
    cost: 35.8605
    lifetime: 26.3082
    annual_cost: 1.363092115766187
    efficiency: 0.593757
    discharge_ratio: 0.1
    depth_of_discharge: 0.4
  Li-ion:
    cost: 186.008
    lifetime: 16.74
    annual_cost: 11.111589008363204
    efficiency: 0.920319
    discharge_ratio: 2
    depth_of_discharge: 0.9
  Pb-acid:
    cost: 140.961
    lifetime: 9.89361
    annual_cost: 14.247681078999475
    efficiency: 0.779449
    discharge_ratio: 5
    depth_of_discharge: 0.5
  VRBF:
    cost: 212.013
    lifetime: 21.5592
    annual_cost: 9.833991984860292
    efficiency: 0.726514
    discharge_ratio: 0.5
    depth_of_discharge: 1.0
