cost_values:
  wind_capex: 5000.0
  wind_opex: 100
  wind_lifetime: 20
  solar_capex: 1000.0
  solar_opex: 10
  solar_lifetime: 20
  carbon_price: 1.0
timeseries_values:
  load_level: 244759.89362174043
  wind_year: 2015
  solar_year: 2018
  price_year: 2023
  carbon_year: 2023
storage_values:
  CAES:
    cost: 32.5088
    lifetime: 26.9189
    annual_cost: 1.2076570736545698
    efficiency: 0.589809
    discharge_ratio: 0.1
    depth_of_discharge: 0.4
  Li-ion:
    cost: 222.009
    lifetime: 18.4818
    annual_cost: 12.01230399636399
    efficiency: 0.937516
    discharge_ratio: 2
    depth_of_discharge: 0.9
  Pb-acid:
    cost: 138.348
    lifetime: 9.70919
    annual_cost: 14.249180415668045
    efficiency: 0.78646
    discharge_ratio: 5
    depth_of_discharge: 0.5
  VRBF:
    cost: 263.725
    lifetime: 25.2287
    annual_cost: 10.453372547931524
    efficiency: 0.739265
    discharge_ratio: 0.5
    depth_of_discharge: 1.0
