cost_values:
  wind_capex: 5000.0
  wind_opex: 100
  wind_lifetime: 20
  solar_capex: 1000.0
  solar_opex: 10
  solar_lifetime: 20
  carbon_price: 1.0
timeseries_values:
  load_level: 244759.89362174043
  wind_year: 2015
  solar_year: 2018
  price_year: 2023
  carbon_year: 2023
storage_values:
  CAES:
    cost: 39.7882
    lifetime: 27.1359
    annual_cost: 1.4662568774206863
    efficiency: 0.583371
    discharge_ratio: 0.1
    depth_of_discharge: 0.4
  Li-ion:
    cost: 204.453
    lifetime: 18.7637
    annual_cost: 10.896198510954662
    efficiency: 0.928903
    discharge_ratio: 2
    depth_of_discharge: 0.9
  Pb-acid:
    cost: 116.317
    lifetime: 11.2563
    annual_cost: 10.333502127697377
    efficiency: 0.789513
    discharge_ratio: 5
    depth_of_discharge: 0.5
  VRBF:
    cost: 193.471
    lifetime: 22.8973
    annual_cost: 8.449511514458036
    efficiency: 0.768001
    discharge_ratio: 0.5
    depth_of_discharge: 1.0
