cost_values:
  wind_capex: 5000.0
  wind_opex: 100
  wind_lifetime: 20
  solar_capex: 1000.0
  solar_opex: 10
  solar_lifetime: 20
  carbon_price: 1.0
timeseries_values:
  load_level: 244759.89362174043
  wind_year: 2015
  solar_year: 2018
  price_year: 2023
  carbon_year: 2023
storage_values:
  CAES:
    cost: 41.7766
    lifetime: 26.4718
    annual_cost: 1.578154866688325
    efficiency: 0.59195
    discharge_ratio: 0.1
    depth_of_discharge: 0.4
  Li-ion:
    cost: 201.155
    lifetime: 18.0746
    annual_cost: 11.129153618890598
    efficiency: 0.936812
    discharge_ratio: 2
    depth_of_discharge: 0.9
  Pb-acid:
    cost: 121.662
    lifetime: 12.2986
    annual_cost: 9.892345470216123
    efficiency: 0.772195
    discharge_ratio: 5
    depth_of_discharge: 0.5
  VRBF:
    cost: 206.527
    lifetime: 21.5777
    annual_cost: 9.571316683427797
    efficiency: 0.732976
    discharge_ratio: 0.5
    depth_of_discharge: 1.0
