cost_values:
  wind_capex: 5000.0
  wind_opex: 100
  wind_lifetime: 20
  solar_capex: 1000.0
  solar_opex: 10
  solar_lifetime: 20
  carbon_price: 1.0
timeseries_values:
  load_level: 244759.89362174043
  wind_year: 2015
  solar_year: 2018
  price_year: 2023
  carbon_year: 2023
storage_values:
  CAES:
    cost: 39.6855
    lifetime: 26.6091
    annual_cost: 1.4914258655873365
    efficiency: 0.596032
    discharge_ratio: 0.1
    depth_of_discharge: 0.4
  Li-ion:
    cost: 195.995
    lifetime: 19.8881
    annual_cost: 9.85488809891342
    efficiency: 0.93356
    discharge_ratio: 2
    depth_of_discharge: 0.9
  Pb-acid:
    cost: 113.443
    lifetime: 11.3215
    annual_cost: 10.020138674203947
    efficiency: 0.78519
    discharge_ratio: 5
    depth_of_discharge: 0.5
  VRBF:
    cost: 215.499
    lifetime: 23.6338
    annual_cost: 9.118254364511843
    efficiency: 0.726191
    discharge_ratio: 0.5
    depth_of_discharge: 1.0
