cost_values:
  wind_capex: 5000.0
  wind_opex: 100
  wind_lifetime: 20
  solar_capex: 1000.0
  solar_opex: 10
  solar_lifetime: 20
  carbon_price: 1.0
timeseries_values:
  load_level: 244759.89362174043
  wind_year: 2015
  solar_year: 2018
  price_year: 2023
  carbon_year: 2023
storage_values:
  CAES:
    cost: 34.6288
    lifetime: 26.4559
    annual_cost: 1.3089254192826552
    efficiency: 0.586789
    discharge_ratio: 0.1
    depth_of_discharge: 0.4
  Li-ion:
    cost: 216.071
    lifetime: 20.6429
    annual_cost: 10.467085535462555
    efficiency: 0.941878
    discharge_ratio: 2
    depth_of_discharge: 0.9
  Pb-acid:
    cost: 124.252
    lifetime: 10.2497
    annual_cost: 12.122501146375015
    efficiency: 0.764022
    discharge_ratio: 5
    depth_of_discharge: 0.5
  VRBF:
    cost: 209.249
    lifetime: 22.0489
    annual_cost: 9.490224002104414
    efficiency: 0.714152
    discharge_ratio: 0.5
    depth_of_discharge: 1.0
