cost_values:
  wind_capex: 5000.0
  wind_opex: 100
  wind_lifetime: 20
  solar_capex: 1000.0
  solar_opex: 10
  solar_lifetime: 20
  carbon_price: 1.0
timeseries_values:
  load_level: 244759.89362174043
  wind_year: 2015
  solar_year: 2018
  price_year: 2023
  carbon_year: 2023
storage_values:
  CAES:
    cost: 36.1052
    lifetime: 27.1153
    annual_cost: 1.331543445951179
    efficiency: 0.589436
    discharge_ratio: 0.1
    depth_of_discharge: 0.4
  Li-ion:
    cost: 209.849
    lifetime: 17.7673
    annual_cost: 11.81096733887535
    efficiency: 0.929103
    discharge_ratio: 2
    depth_of_discharge: 0.9
  Pb-acid:
    cost: 136.515
    lifetime: 11.7105
    annual_cost: 11.657486870757012
    efficiency: 0.783057
    discharge_ratio: 5
    depth_of_discharge: 0.5
  VRBF:
    cost: 208.967
    lifetime: 22.2197
    annual_cost: 9.404582420104683
    efficiency: 0.730313
    discharge_ratio: 0.5
    depth_of_discharge: 1.0
