cost_values:
  wind_capex: 5000.0
  wind_opex: 100
  wind_lifetime: 20
  solar_capex: 1000.0
  solar_opex: 10
  solar_lifetime: 20
  carbon_price: 1.0
timeseries_values:
  load_level: 244759.89362174043
  wind_year: 2015
  solar_year: 2018
  price_year: 2023
  carbon_year: 2023
storage_values:
  CAES:
    cost: 35.9357
    lifetime: 27.6094
    annual_cost: 1.3015748259650697
    efficiency: 0.601554
    discharge_ratio: 0.1
    depth_of_discharge: 0.4
  Li-ion:
    cost: 203.081
    lifetime: 17.0444
    annual_cost: 11.914822463683086
    efficiency: 0.926013
    discharge_ratio: 2
    depth_of_discharge: 0.9
  Pb-acid:
    cost: 126.93
    lifetime: 11.4529
    annual_cost: 11.082782526696295
    efficiency: 0.764557
    discharge_ratio: 5
    depth_of_discharge: 0.5
  VRBF:
    cost: 217.077
    lifetime: 21.1954
    annual_cost: 10.241703388471084
    efficiency: 0.726135
    discharge_ratio: 0.5
    depth_of_discharge: 1.0
