cost_values:
  wind_capex: 5000.0
  wind_opex: 100
  wind_lifetime: 20
  solar_capex: 1000.0
  solar_opex: 10
  solar_lifetime: 20
  carbon_price: 1.0
timeseries_values:
  load_level: 244759.89362174043
  wind_year: 2015
  solar_year: 2018
  price_year: 2023
  carbon_year: 2023
storage_values:
  CAES:
    cost: 37.4904
    lifetime: 27.8033
    annual_cost: 1.3484154758607791
    efficiency: 0.606535
    discharge_ratio: 0.1
    depth_of_discharge: 0.4
  Li-ion:
    cost: 207.139
    lifetime: 17.7097
    annual_cost: 11.696358492803379
    efficiency: 0.94712
    discharge_ratio: 2
    depth_of_discharge: 0.9
  Pb-acid:
    cost: 117.968
    lifetime: 10.921
    annual_cost: 10.801941214174526
    efficiency: 0.784948
    discharge_ratio: 5
    depth_of_discharge: 0.5
  VRBF:
    cost: 262.609
    lifetime: 22.563
    annual_cost: 11.638922129149492
    efficiency: 0.739435
    discharge_ratio: 0.5
    depth_of_discharge: 1.0
