cost_values:
  wind_capex: 5000.0
  wind_opex: 100
  wind_lifetime: 20
  solar_capex: 1000.0
  solar_opex: 10
  solar_lifetime: 20
  carbon_price: 1.0
timeseries_values:
  load_level: 244759.89362174043
  wind_year: 2015
  solar_year: 2018
  price_year: 2023
  carbon_year: 2023
storage_values:
  CAES:
    cost: 39.5656
    lifetime: 26.4057
    annual_cost: 1.4983734572459735
    efficiency: 0.598486
    discharge_ratio: 0.1
    depth_of_discharge: 0.4
  Li-ion:
    cost: 208.677
    lifetime: 17.6346
    annual_cost: 11.833384369364772
    efficiency: 0.934572
    discharge_ratio: 2
    depth_of_discharge: 0.9
  Pb-acid:
    cost: 117.296
    lifetime: 11.4593
    annual_cost: 10.235878282268551
    efficiency: 0.790431
    discharge_ratio: 5
    depth_of_discharge: 0.5
  VRBF:
    cost: 221.677
    lifetime: 25.1322
    annual_cost: 8.820437526360605
    efficiency: 0.749685
    discharge_ratio: 0.5
    depth_of_discharge: 1.0
