cost_values:
  wind_capex: 5000.0
  wind_opex: 100
  wind_lifetime: 20
  solar_capex: 1000.0
  solar_opex: 10
  solar_lifetime: 20
  carbon_price: 1.0
timeseries_values:
  load_level: 244759.89362174043
  wind_year: 2015
  solar_year: 2018
  price_year: 2023
  carbon_year: 2023
storage_values:
  CAES:
    cost: 36.1018
    lifetime: 27.1565
    annual_cost: 1.3293981183142156
    efficiency: 0.59188
    discharge_ratio: 0.1
    depth_of_discharge: 0.4
  Li-ion:
    cost: 188.695
    lifetime: 18.1699
    annual_cost: 10.385032388730814
    efficiency: 0.936083
    discharge_ratio: 2
    depth_of_discharge: 0.9
  Pb-acid:
    cost: 136.062
    lifetime: 10.8862
    annual_cost: 12.498576179015634
    efficiency: 0.784925
    discharge_ratio: 5
    depth_of_discharge: 0.5
  VRBF:
    cost: 201.992
    lifetime: 24.2582
    annual_cost: 8.32675136654822
    efficiency: 0.746979
    discharge_ratio: 0.5
    depth_of_discharge: 1.0
