cost_values:
  wind_capex: 5000.0
  wind_opex: 100
  wind_lifetime: 20
  solar_capex: 1000.0
  solar_opex: 10
  solar_lifetime: 20
  carbon_price: 1.0
timeseries_values:
  load_level: 244759.89362174043
  wind_year: 2015
  solar_year: 2018
  price_year: 2023
  carbon_year: 2023
storage_values:
  CAES:
    cost: 42.1501
    lifetime: 27.0523
    annual_cost: 1.558096723753618
    efficiency: 0.589435
    discharge_ratio: 0.1
    depth_of_discharge: 0.4
  Li-ion:
    cost: 216.635
    lifetime: 20.6181
    annual_cost: 10.50703023071961
    efficiency: 0.935188
    discharge_ratio: 2
    depth_of_discharge: 0.9
  Pb-acid:
    cost: 136.032
    lifetime: 12.8676
    annual_cost: 10.571668376387207
    efficiency: 0.788854
    discharge_ratio: 5
    depth_of_discharge: 0.5
  VRBF:
    cost: 235.592
    lifetime: 22.8152
    annual_cost: 10.326098390546653
    efficiency: 0.748537
    discharge_ratio: 0.5
    depth_of_discharge: 1.0
