cost_values:
  wind_capex: 5000.0
  wind_opex: 100
  wind_lifetime: 20
  solar_capex: 1000.0
  solar_opex: 10
  solar_lifetime: 20
  carbon_price: 1.0
timeseries_values:
  load_level: 289351.7636873103
  wind_year: 2011
  solar_year: 2010
  price_year: 2023
  carbon_year: 2023
storage_values:
  CAES:
    cost: 56.7737
    lifetime: 28.2879
    annual_cost: 2.006995924052333
    efficiency: 0.607636
    discharge_ratio: 0.1
    depth_of_discharge: 0.4
  Li-ion:
    cost: 202.713
    lifetime: 22.765
    annual_cost: 8.904590379969251
    efficiency: 0.956375
    discharge_ratio: 2
    depth_of_discharge: 0.9
  Pb-acid:
    cost: 163.96
    lifetime: 5.56347
    annual_cost: 29.470815875703476
    efficiency: 0.753921
    discharge_ratio: 5
    depth_of_discharge: 0.5
  VRBF:
    cost: 283.039
    lifetime: 26.5785
    annual_cost: 10.64917132268563
    efficiency: 0.722442
    discharge_ratio: 0.5
    depth_of_discharge: 1.0
