cost_values:
  wind_capex: 5000.0
  wind_opex: 100
  wind_lifetime: 20
  solar_capex: 1000.0
  solar_opex: 10
  solar_lifetime: 20
  carbon_price: 1.0
timeseries_values:
  load_level: 289351.7636873103
  wind_year: 2011
  solar_year: 2010
  price_year: 2023
  carbon_year: 2023
storage_values:
  CAES:
    cost: 63.0962
    lifetime: 28.0936
    annual_cost: 2.2459278981689783
    efficiency: 0.606759
    discharge_ratio: 0.1
    depth_of_discharge: 0.4
  Li-ion:
    cost: 187.267
    lifetime: 23.2406
    annual_cost: 8.057752381608047
    efficiency: 0.953679
    discharge_ratio: 2
    depth_of_discharge: 0.9
  Pb-acid:
    cost: 163.187
    lifetime: 7.51511
    annual_cost: 21.714519148754977
    efficiency: 0.747082
    discharge_ratio: 5
    depth_of_discharge: 0.5
  VRBF:
    cost: 247.536
    lifetime: 23.0973
    annual_cost: 10.71709680352249
    efficiency: 0.701695
    discharge_ratio: 0.5
    depth_of_discharge: 1.0
