cost_values:
  wind_capex: 5000.0
  wind_opex: 100
  wind_lifetime: 20
  solar_capex: 1000.0
  solar_opex: 10
  solar_lifetime: 20
  carbon_price: 1.0
timeseries_values:
  load_level: 289351.7636873103
  wind_year: 2011
  solar_year: 2010
  price_year: 2023
  carbon_year: 2023
storage_values:
  CAES:
    cost: 63.7511
    lifetime: 29.291
    annual_cost: 2.176474002253252
    efficiency: 0.594233
    discharge_ratio: 0.1
    depth_of_discharge: 0.4
  Li-ion:
    cost: 164.202
    lifetime: 23.1269
    annual_cost: 7.100043672087483
    efficiency: 0.971167
    discharge_ratio: 2
    depth_of_discharge: 0.9
  Pb-acid:
    cost: 164.03
    lifetime: 6.86721
    annual_cost: 23.885974070983703
    efficiency: 0.753034
    discharge_ratio: 5
    depth_of_discharge: 0.5
  VRBF:
    cost: 275.76
    lifetime: 23.4436
    annual_cost: 11.762698561654354
    efficiency: 0.74903
    discharge_ratio: 0.5
    depth_of_discharge: 1.0
