cost_values:
  wind_capex: 5000.0
  wind_opex: 100
  wind_lifetime: 20
  solar_capex: 1000.0
  solar_opex: 10
  solar_lifetime: 20
  carbon_price: 1.0
timeseries_values:
  load_level: 289351.7636873103
  wind_year: 2011
  solar_year: 2010
  price_year: 2023
  carbon_year: 2023
storage_values:
  CAES:
    cost: 56.0592
    lifetime: 28.8636
    annual_cost: 1.9422109508169456
    efficiency: 0.600159
    discharge_ratio: 0.1
    depth_of_discharge: 0.4
  Li-ion:
    cost: 172.037
    lifetime: 23.3354
    annual_cost: 7.372361305141545
    efficiency: 0.955629
    discharge_ratio: 2
    depth_of_discharge: 0.9
  Pb-acid:
    cost: 168.667
    lifetime: 7.52125
    annual_cost: 22.42539471497424
    efficiency: 0.731091
    discharge_ratio: 5
    depth_of_discharge: 0.5
  VRBF:
    cost: 298.834
    lifetime: 24.9288
    annual_cost: 11.987500401142455
    efficiency: 0.711832
    discharge_ratio: 0.5
    depth_of_discharge: 1.0
