cost_values:
  wind_capex: 5000.0
  wind_opex: 100
  wind_lifetime: 20
  solar_capex: 1000.0
  solar_opex: 10
  solar_lifetime: 20
  carbon_price: 1.0
timeseries_values:
  load_level: 289351.7636873103
  wind_year: 2011
  solar_year: 2010
  price_year: 2023
  carbon_year: 2023
storage_values:
  CAES:
    cost: 64.9328
    lifetime: 28.1488
    annual_cost: 2.306769737963963
    efficiency: 0.604575
    discharge_ratio: 0.1
    depth_of_discharge: 0.4
  Li-ion:
    cost: 184.546
    lifetime: 24.595
    annual_cost: 7.503394998983533
    efficiency: 0.967688
    discharge_ratio: 2
    depth_of_discharge: 0.9
  Pb-acid:
    cost: 175.693
    lifetime: 7.6085
    annual_cost: 23.091673785897353
    efficiency: 0.74939
    discharge_ratio: 5
    depth_of_discharge: 0.5
  VRBF:
    cost: 286.858
    lifetime: 22.9716
    annual_cost: 12.48750631214195
    efficiency: 0.716392
    discharge_ratio: 0.5
    depth_of_discharge: 1.0
