cost_values:
  wind_capex: 5000.0
  wind_opex: 100
  wind_lifetime: 20
  solar_capex: 1000.0
  solar_opex: 10
  solar_lifetime: 20
  carbon_price: 1.0
timeseries_values:
  load_level: 289351.7636873103
  wind_year: 2011
  solar_year: 2010
  price_year: 2023
  carbon_year: 2023
storage_values:
  CAES:
    cost: 62.5492
    lifetime: 28.7124
    annual_cost: 2.1784734121842826
    efficiency: 0.60162
    discharge_ratio: 0.1
    depth_of_discharge: 0.4
  Li-ion:
    cost: 178.42
    lifetime: 23.2066
    annual_cost: 7.688330044039195
    efficiency: 0.957811
    discharge_ratio: 2
    depth_of_discharge: 0.9
  Pb-acid:
    cost: 168.333
    lifetime: 8.27192
    annual_cost: 20.349930850395072
    efficiency: 0.742206
    discharge_ratio: 5
    depth_of_discharge: 0.5
  VRBF:
    cost: 307.93
    lifetime: 24.3493
    annual_cost: 12.646359443597968
    efficiency: 0.702691
    discharge_ratio: 0.5
    depth_of_discharge: 1.0
