cost_values:
  wind_capex: 5000.0
  wind_opex: 100
  wind_lifetime: 20
  solar_capex: 1000.0
  solar_opex: 10
  solar_lifetime: 20
  carbon_price: 1.0
timeseries_values:
  load_level: 289351.7636873103
  wind_year: 2011
  solar_year: 2010
  price_year: 2023
  carbon_year: 2023
storage_values:
  CAES:
    cost: 66.7229
    lifetime: 29.0118
    annual_cost: 2.299853852570333
    efficiency: 0.609811
    discharge_ratio: 0.1
    depth_of_discharge: 0.4
  Li-ion:
    cost: 198.714
    lifetime: 22.8434
    annual_cost: 8.698967754362311
    efficiency: 0.967514
    discharge_ratio: 2
    depth_of_discharge: 0.9
  Pb-acid:
    cost: 158.141
    lifetime: 6.94442
    annual_cost: 22.77238415879224
    efficiency: 0.753184
    discharge_ratio: 5
    depth_of_discharge: 0.5
  VRBF:
    cost: 288.827
    lifetime: 22.0748
    annual_cost: 13.0840143512059
    efficiency: 0.703357
    discharge_ratio: 0.5
    depth_of_discharge: 1.0
