cost_values:
  wind_capex: 5000.0
  wind_opex: 100
  wind_lifetime: 20
  solar_capex: 1000.0
  solar_opex: 10
  solar_lifetime: 20
  carbon_price: 1.0
timeseries_values:
  load_level: 289351.7636873103
  wind_year: 2011
  solar_year: 2010
  price_year: 2023
  carbon_year: 2023
storage_values:
  CAES:
    cost: 52.4625
    lifetime: 29.4333
    annual_cost: 1.7824199121403308
    efficiency: 0.601701
    discharge_ratio: 0.1
    depth_of_discharge: 0.4
  Li-ion:
    cost: 196.065
    lifetime: 23.608
    annual_cost: 8.305023720772619
    efficiency: 0.972928
    discharge_ratio: 2
    depth_of_discharge: 0.9
  Pb-acid:
    cost: 172.858
    lifetime: 7.63193
    annual_cost: 22.64931675211906
    efficiency: 0.752159
    discharge_ratio: 5
    depth_of_discharge: 0.5
  VRBF:
    cost: 281.166
    lifetime: 22.9625
    annual_cost: 12.244572672836146
    efficiency: 0.704977
    discharge_ratio: 0.5
    depth_of_discharge: 1.0
