cost_values:
  wind_capex: 5000.0
  wind_opex: 100
  wind_lifetime: 20
  solar_capex: 1000.0
  solar_opex: 10
  solar_lifetime: 20
  carbon_price: 1.0
timeseries_values:
  load_level: 289351.7636873103
  wind_year: 2011
  solar_year: 2010
  price_year: 2023
  carbon_year: 2023
storage_values:
  CAES:
    cost: 66.2886
    lifetime: 28.9011
    annual_cost: 2.2936358823712593
    efficiency: 0.60976
    discharge_ratio: 0.1
    depth_of_discharge: 0.4
  Li-ion:
    cost: 188.378
    lifetime: 22.9952
    annual_cost: 8.192057472863901
    efficiency: 0.974938
    discharge_ratio: 2
    depth_of_discharge: 0.9
  Pb-acid:
    cost: 174.436
    lifetime: 6.14347
    annual_cost: 28.393725370189813
    efficiency: 0.766671
    discharge_ratio: 5
    depth_of_discharge: 0.5
  VRBF:
    cost: 216.862
    lifetime: 22.8784
    annual_cost: 9.478897125673123
    efficiency: 0.702037
    discharge_ratio: 0.5
    depth_of_discharge: 1.0
