cost_values:
  wind_capex: 5000.0
  wind_opex: 100
  wind_lifetime: 20
  solar_capex: 1000.0
  solar_opex: 10
  solar_lifetime: 20
  carbon_price: 1.0
timeseries_values:
  load_level: 289351.7636873103
  wind_year: 2011
  solar_year: 2010
  price_year: 2023
  carbon_year: 2023
storage_values:
  CAES:
    cost: 68.165
    lifetime: 28.9866
    annual_cost: 2.3516038445350613
    efficiency: 0.606301
    discharge_ratio: 0.1
    depth_of_discharge: 0.4
  Li-ion:
    cost: 176.406
    lifetime: 22.0713
    annual_cost: 7.992551412920852
    efficiency: 0.965883
    discharge_ratio: 2
    depth_of_discharge: 0.9
  Pb-acid:
    cost: 175.425
    lifetime: 7.50119
    annual_cost: 23.3862893754191
    efficiency: 0.734258
    discharge_ratio: 5
    depth_of_discharge: 0.5
  VRBF:
    cost: 300.768
    lifetime: 21.7955
    annual_cost: 13.799545777798167
    efficiency: 0.700583
    discharge_ratio: 0.5
    depth_of_discharge: 1.0
