cost_values:
  wind_capex: 5000.0
  wind_opex: 100
  wind_lifetime: 20
  solar_capex: 1000.0
  solar_opex: 10
  solar_lifetime: 20
  carbon_price: 1.0
timeseries_values:
  load_level: 289351.7636873103
  wind_year: 2011
  solar_year: 2010
  price_year: 2023
  carbon_year: 2023
storage_values:
  CAES:
    cost: 59.388
    lifetime: 28.7544
    annual_cost: 2.0653534763375343
    efficiency: 0.601798
    discharge_ratio: 0.1
    depth_of_discharge: 0.4
  Li-ion:
    cost: 192.484
    lifetime: 21.1387
    annual_cost: 9.105763362931496
    efficiency: 0.961683
    discharge_ratio: 2
    depth_of_discharge: 0.9
  Pb-acid:
    cost: 168.199
    lifetime: 7.57048
    annual_cost: 22.217745770413504
    efficiency: 0.746575
    discharge_ratio: 5
    depth_of_discharge: 0.5
  VRBF:
    cost: 263.482
    lifetime: 22.2188
    annual_cost: 11.858516211496571
    efficiency: 0.719017
    discharge_ratio: 0.5
    depth_of_discharge: 1.0
