cost_values:
  wind_capex: 5000.0
  wind_opex: 100
  wind_lifetime: 20
  solar_capex: 1000.0
  solar_opex: 10
  solar_lifetime: 20
  carbon_price: 1.0
timeseries_values:
  load_level: 289351.7636873103
  wind_year: 2011
  solar_year: 2010
  price_year: 2023
  carbon_year: 2023
storage_values:
  CAES:
    cost: 63.4782
    lifetime: 28.841
    annual_cost: 2.200970840123435
    efficiency: 0.595582
    discharge_ratio: 0.1
    depth_of_discharge: 0.4
  Li-ion:
    cost: 173.15
    lifetime: 25.2909
    annual_cost: 6.84633603390943
    efficiency: 0.967351
    discharge_ratio: 2
    depth_of_discharge: 0.9
  Pb-acid:
    cost: 158.602
    lifetime: 7.75054
    annual_cost: 20.463348360243288
    efficiency: 0.742848
    discharge_ratio: 5
    depth_of_discharge: 0.5
  VRBF:
    cost: 300.597
    lifetime: 25.0611
    annual_cost: 11.994565282449692
    efficiency: 0.697076
    discharge_ratio: 0.5
    depth_of_discharge: 1.0
