cost_values:
  wind_capex: 5000.0
  wind_opex: 100
  wind_lifetime: 20
  solar_capex: 1000.0
  solar_opex: 10
  solar_lifetime: 20
  carbon_price: 1.0
timeseries_values:
  load_level: 289351.7636873103
  wind_year: 2011
  solar_year: 2010
  price_year: 2023
  carbon_year: 2023
storage_values:
  CAES:
    cost: 59.472
    lifetime: 28.3901
    annual_cost: 2.094814741758571
    efficiency: 0.597416
    discharge_ratio: 0.1
    depth_of_discharge: 0.4
  Li-ion:
    cost: 207.068
    lifetime: 22.5982
    annual_cost: 9.163030683859777
    efficiency: 0.967195
    discharge_ratio: 2
    depth_of_discharge: 0.9
  Pb-acid:
    cost: 174.373
    lifetime: 6.28627
    annual_cost: 27.73870673706347
    efficiency: 0.755996
    discharge_ratio: 5
    depth_of_discharge: 0.5
  VRBF:
    cost: 287.553
    lifetime: 20.3455
    annual_cost: 14.13349389299845
    efficiency: 0.719775
    discharge_ratio: 0.5
    depth_of_discharge: 1.0
