cost_values:
  wind_capex: 5000.0
  wind_opex: 100
  wind_lifetime: 20
  solar_capex: 1000.0
  solar_opex: 10
  solar_lifetime: 20
  carbon_price: 1.0
timeseries_values:
  load_level: 289351.7636873103
  wind_year: 2011
  solar_year: 2010
  price_year: 2023
  carbon_year: 2023
storage_values:
  CAES:
    cost: 63.3904
    lifetime: 28.2933
    annual_cost: 2.2404738931125037
    efficiency: 0.61411
    discharge_ratio: 0.1
    depth_of_discharge: 0.4
  Li-ion:
    cost: 155.674
    lifetime: 24.5814
    annual_cost: 6.332999747776775
    efficiency: 0.962162
    discharge_ratio: 2
    depth_of_discharge: 0.9
  Pb-acid:
    cost: 161.796
    lifetime: 7.48482
    annual_cost: 21.61655190104772
    efficiency: 0.742391
    discharge_ratio: 5
    depth_of_discharge: 0.5
  VRBF:
    cost: 274.077
    lifetime: 23.6093
    annual_cost: 11.608857526483208
    efficiency: 0.719816
    discharge_ratio: 0.5
    depth_of_discharge: 1.0
