cost_values:
  wind_capex: 5000.0
  wind_opex: 100
  wind_lifetime: 20
  solar_capex: 1000.0
  solar_opex: 10
  solar_lifetime: 20
  carbon_price: 1.0
timeseries_values:
  load_level: 289351.7636873103
  wind_year: 2011
  solar_year: 2010
  price_year: 2023
  carbon_year: 2023
storage_values:
  CAES:
    cost: 59.3427
    lifetime: 29.449
    annual_cost: 2.0151006825359095
    efficiency: 0.59671
    discharge_ratio: 0.1
    depth_of_discharge: 0.4
  Li-ion:
    cost: 194.01
    lifetime: 23.9826
    annual_cost: 8.089614970853868
    efficiency: 0.955224
    discharge_ratio: 2
    depth_of_discharge: 0.9
  Pb-acid:
    cost: 174.987
    lifetime: 6.00428
    annual_cost: 29.143710819615343
    efficiency: 0.781278
    discharge_ratio: 5
    depth_of_discharge: 0.5
  VRBF:
    cost: 294.288
    lifetime: 23.0532
    annual_cost: 12.765603039925043
    efficiency: 0.710607
    discharge_ratio: 0.5
    depth_of_discharge: 1.0
