cost_values:
  wind_capex: 5000.0
  wind_opex: 100
  wind_lifetime: 20
  solar_capex: 1000.0
  solar_opex: 10
  solar_lifetime: 20
  carbon_price: 1.0
timeseries_values:
  load_level: 289351.7636873103
  wind_year: 2011
  solar_year: 2010
  price_year: 2023
  carbon_year: 2023
storage_values:
  CAES:
    cost: 56.1201
    lifetime: 27.1987
    annual_cost: 2.063337585987566
    efficiency: 0.602919
    discharge_ratio: 0.1
    depth_of_discharge: 0.4
  Li-ion:
    cost: 197.444
    lifetime: 24.2377
    annual_cost: 8.146152481464824
    efficiency: 0.974048
    discharge_ratio: 2
    depth_of_discharge: 0.9
  Pb-acid:
    cost: 160.7
    lifetime: 6.71934
    annual_cost: 23.9160393729146
    efficiency: 0.741394
    discharge_ratio: 5
    depth_of_discharge: 0.5
  VRBF:
    cost: 269.458
    lifetime: 21.9144
    annual_cost: 12.295933267623116
    efficiency: 0.724982
    discharge_ratio: 0.5
    depth_of_discharge: 1.0
