cost_values:
  wind_capex: 5000.0
  wind_opex: 100
  wind_lifetime: 20
  solar_capex: 1000.0
  solar_opex: 10
  solar_lifetime: 20
  carbon_price: 1.0
timeseries_values:
  load_level: 289351.7636873103
  wind_year: 2011
  solar_year: 2010
  price_year: 2023
  carbon_year: 2023
storage_values:
  CAES:
    cost: 57.8648
    lifetime: 28.7888
    annual_cost: 2.0099761018173736
    efficiency: 0.598919
    discharge_ratio: 0.1
    depth_of_discharge: 0.4
  Li-ion:
    cost: 180.201
    lifetime: 24.3814
    annual_cost: 7.390920947935721
    efficiency: 0.95595
    discharge_ratio: 2
    depth_of_discharge: 0.9
  Pb-acid:
    cost: 172.024
    lifetime: 6.71422
    annual_cost: 25.620846501901934
    efficiency: 0.73342
    discharge_ratio: 5
    depth_of_discharge: 0.5
  VRBF:
    cost: 278.376
    lifetime: 22.0593
    annual_cost: 12.619439420108524
    efficiency: 0.701233
    discharge_ratio: 0.5
    depth_of_discharge: 1.0
