cost_values:
  wind_capex: 5000.0
  wind_opex: 100
  wind_lifetime: 20
  solar_capex: 1000.0
  solar_opex: 10
  solar_lifetime: 20
  carbon_price: 1.0
timeseries_values:
  load_level: 289351.7636873103
  wind_year: 2011
  solar_year: 2010
  price_year: 2023
  carbon_year: 2023
storage_values:
  CAES:
    cost: 61.5885
    lifetime: 29.1422
    annual_cost: 2.1133785369670104
    efficiency: 0.594009
    discharge_ratio: 0.1
    depth_of_discharge: 0.4
  Li-ion:
    cost: 176.939
    lifetime: 24.2511
    annual_cost: 7.296122650106592
    efficiency: 0.961885
    discharge_ratio: 2
    depth_of_discharge: 0.9
  Pb-acid:
    cost: 168.724
    lifetime: 6.5393
    annual_cost: 25.801538390959276
    efficiency: 0.741511
    discharge_ratio: 5
    depth_of_discharge: 0.5
  VRBF:
    cost: 274.668
    lifetime: 25.1374
    annual_cost: 10.926667037959376
    efficiency: 0.702689
    discharge_ratio: 0.5
    depth_of_discharge: 1.0
