cost_values:
  wind_capex: 5000.0
  wind_opex: 100
  wind_lifetime: 20
  solar_capex: 1000.0
  solar_opex: 10
  solar_lifetime: 20
  carbon_price: 1.0
timeseries_values:
  load_level: 289351.7636873103
  wind_year: 2011
  solar_year: 2010
  price_year: 2023
  carbon_year: 2023
storage_values:
  CAES:
    cost: 64.6727
    lifetime: 28.4121
    annual_cost: 2.276237940877303
    efficiency: 0.600042
    discharge_ratio: 0.1
    depth_of_discharge: 0.4
  Li-ion:
    cost: 172.539
    lifetime: 22.4007
    annual_cost: 7.702393228783029
    efficiency: 0.96767
    discharge_ratio: 2
    depth_of_discharge: 0.9
  Pb-acid:
    cost: 158.293
    lifetime: 7.84994
    annual_cost: 20.16486750217199
    efficiency: 0.75316
    discharge_ratio: 5
    depth_of_discharge: 0.5
  VRBF:
    cost: 286.481
    lifetime: 22.8401
    annual_cost: 12.542896046864943
    efficiency: 0.697893
    discharge_ratio: 0.5
    depth_of_discharge: 1.0
