cost_values:
  wind_capex: 5000.0
  wind_opex: 100
  wind_lifetime: 20
  solar_capex: 1000.0
  solar_opex: 10
  solar_lifetime: 20
  carbon_price: 1.0
timeseries_values:
  load_level: 289351.7636873103
  wind_year: 2011
  solar_year: 2010
  price_year: 2023
  carbon_year: 2023
storage_values:
  CAES:
    cost: 65.5896
    lifetime: 27.389
    annual_cost: 2.394742414838074
    efficiency: 0.602798
    discharge_ratio: 0.1
    depth_of_discharge: 0.4
  Li-ion:
    cost: 180.729
    lifetime: 22.7146
    annual_cost: 7.95651255139866
    efficiency: 0.952399
    discharge_ratio: 2
    depth_of_discharge: 0.9
  Pb-acid:
    cost: 150.495
    lifetime: 6.51106
    annual_cost: 23.113747991878437
    efficiency: 0.743829
    discharge_ratio: 5
    depth_of_discharge: 0.5
  VRBF:
    cost: 298.561
    lifetime: 23.3763
    annual_cost: 12.771952789791369
    efficiency: 0.711221
    discharge_ratio: 0.5
    depth_of_discharge: 1.0
