cost_values:
  wind_capex: 5000.0
  wind_opex: 100
  wind_lifetime: 20
  solar_capex: 1000.0
  solar_opex: 10
  solar_lifetime: 20
  carbon_price: 1.0
timeseries_values:
  load_level: 289351.7636873103
  wind_year: 2011
  solar_year: 2010
  price_year: 2023
  carbon_year: 2023
storage_values:
  CAES:
    cost: 60.0782
    lifetime: 28.1284
    annual_cost: 2.1358555765702993
    efficiency: 0.580897
    discharge_ratio: 0.1
    depth_of_discharge: 0.4
  Li-ion:
    cost: 193.18
    lifetime: 25.3958
    annual_cost: 7.606769623323542
    efficiency: 0.964937
    discharge_ratio: 2
    depth_of_discharge: 0.9
  Pb-acid:
    cost: 166.705
    lifetime: 7.34774
    annual_cost: 22.687928533127195
    efficiency: 0.753257
    discharge_ratio: 5
    depth_of_discharge: 0.5
  VRBF:
    cost: 279.431
    lifetime: 22.8344
    annual_cost: 12.237282345934204
    efficiency: 0.720697
    discharge_ratio: 0.5
    depth_of_discharge: 1.0
