cost_values:
  wind_capex: 5000.0
  wind_opex: 100
  wind_lifetime: 20
  solar_capex: 1000.0
  solar_opex: 10
  solar_lifetime: 20
  carbon_price: 1.0
timeseries_values:
  load_level: 289351.7636873103
  wind_year: 2011
  solar_year: 2010
  price_year: 2023
  carbon_year: 2023
storage_values:
  CAES:
    cost: 60.4866
    lifetime: 28.1607
    annual_cost: 2.147908255121499
    efficiency: 0.600395
    discharge_ratio: 0.1
    depth_of_discharge: 0.4
  Li-ion:
    cost: 184.393
    lifetime: 23.4718
    annual_cost: 7.855937763614209
    efficiency: 0.956767
    discharge_ratio: 2
    depth_of_discharge: 0.9
  Pb-acid:
    cost: 168.551
    lifetime: 6.5356
    annual_cost: 25.78967501071057
    efficiency: 0.746703
    discharge_ratio: 5
    depth_of_discharge: 0.5
  VRBF:
    cost: 288.965
    lifetime: 22.2217
    annual_cost: 13.00373058766881
    efficiency: 0.7133
    discharge_ratio: 0.5
    depth_of_discharge: 1.0
