cost_values:
  wind_capex: 5000.0
  wind_opex: 100
  wind_lifetime: 20
  solar_capex: 1000.0
  solar_opex: 10
  solar_lifetime: 20
  carbon_price: 1.0
timeseries_values:
  load_level: 289351.7636873103
  wind_year: 2011
  solar_year: 2010
  price_year: 2023
  carbon_year: 2023
storage_values:
  CAES:
    cost: 62.2392
    lifetime: 28.6871
    annual_cost: 2.1695884212764622
    efficiency: 0.610253
    discharge_ratio: 0.1
    depth_of_discharge: 0.4
  Li-ion:
    cost: 197.872
    lifetime: 23.8736
    annual_cost: 8.288318477313855
    efficiency: 0.954709
    discharge_ratio: 2
    depth_of_discharge: 0.9
  Pb-acid:
    cost: 178.903
    lifetime: 8.74593
    annual_cost: 20.455571906018
    efficiency: 0.751275
    discharge_ratio: 5
    depth_of_discharge: 0.5
  VRBF:
    cost: 289.387
    lifetime: 22.3888
    annual_cost: 12.925525262631316
    efficiency: 0.722846
    discharge_ratio: 0.5
    depth_of_discharge: 1.0
