cost_values:
  wind_capex: 5000.0
  wind_opex: 100
  wind_lifetime: 20
  solar_capex: 1000.0
  solar_opex: 10
  solar_lifetime: 20
  carbon_price: 1.0
timeseries_values:
  load_level: 289351.7636873103
  wind_year: 2011
  solar_year: 2010
  price_year: 2023
  carbon_year: 2023
storage_values:
  CAES:
    cost: 62.8832
    lifetime: 28.9316
    annual_cost: 2.1735126989174467
    efficiency: 0.601185
    discharge_ratio: 0.1
    depth_of_discharge: 0.4
  Li-ion:
    cost: 180.743
    lifetime: 22.0534
    annual_cost: 8.195697715544995
    efficiency: 0.966434
    discharge_ratio: 2
    depth_of_discharge: 0.9
  Pb-acid:
    cost: 163.987
    lifetime: 5.02764
    annual_cost: 32.617092711490876
    efficiency: 0.73423
    discharge_ratio: 5
    depth_of_discharge: 0.5
  VRBF:
    cost: 291.63
    lifetime: 23.9946
    annual_cost: 12.153984646545473
    efficiency: 0.676833
    discharge_ratio: 0.5
    depth_of_discharge: 1.0
