cost_values:
  wind_capex: 5000.0
  wind_opex: 100
  wind_lifetime: 20
  solar_capex: 1000.0
  solar_opex: 10
  solar_lifetime: 20
  carbon_price: 1.0
timeseries_values:
  load_level: 289351.7636873103
  wind_year: 2011
  solar_year: 2010
  price_year: 2023
  carbon_year: 2023
storage_values:
  CAES:
    cost: 56.2686
    lifetime: 29.0848
    annual_cost: 1.9346393992738473
    efficiency: 0.596834
    discharge_ratio: 0.1
    depth_of_discharge: 0.4
  Li-ion:
    cost: 184.496
    lifetime: 23.7398
    annual_cost: 7.771590325108047
    efficiency: 0.977559
    discharge_ratio: 2
    depth_of_discharge: 0.9
  Pb-acid:
    cost: 181.919
    lifetime: 7.24121
    annual_cost: 25.12273501251863
    efficiency: 0.737738
    discharge_ratio: 5
    depth_of_discharge: 0.5
  VRBF:
    cost: 272.846
    lifetime: 20.9052
    annual_cost: 13.05158525151637
    efficiency: 0.714092
    discharge_ratio: 0.5
    depth_of_discharge: 1.0
