cost_values:
  wind_capex: 5000.0
  wind_opex: 100
  wind_lifetime: 20
  solar_capex: 1000.0
  solar_opex: 10
  solar_lifetime: 20
  carbon_price: 1.0
timeseries_values:
  load_level: 289351.7636873103
  wind_year: 2011
  solar_year: 2010
  price_year: 2023
  carbon_year: 2023
storage_values:
  CAES:
    cost: 57.746
    lifetime: 28.2793
    annual_cost: 2.041988309470178
    efficiency: 0.601508
    discharge_ratio: 0.1
    depth_of_discharge: 0.4
  Li-ion:
    cost: 194.613
    lifetime: 23.3048
    annual_cost: 8.350768940304143
    efficiency: 0.953241
    discharge_ratio: 2
    depth_of_discharge: 0.9
  Pb-acid:
    cost: 180.982
    lifetime: 6.85036
    annual_cost: 26.419341465266058
    efficiency: 0.747325
    discharge_ratio: 5
    depth_of_discharge: 0.5
  VRBF:
    cost: 265.495
    lifetime: 22.7459
    annual_cost: 11.672213453853223
    efficiency: 0.717405
    discharge_ratio: 0.5
    depth_of_discharge: 1.0
