cost_values:
  wind_capex: 5000.0
  wind_opex: 100
  wind_lifetime: 20
  solar_capex: 1000.0
  solar_opex: 10
  solar_lifetime: 20
  carbon_price: 1.0
timeseries_values:
  load_level: 289351.7636873103
  wind_year: 2011
  solar_year: 2010
  price_year: 2023
  carbon_year: 2023
storage_values:
  CAES:
    cost: 60.58
    lifetime: 29.0813
    annual_cost: 2.0831255824189427
    efficiency: 0.606762
    discharge_ratio: 0.1
    depth_of_discharge: 0.4
  Li-ion:
    cost: 195.736
    lifetime: 20.9286
    annual_cost: 9.352560610838756
    efficiency: 0.960684
    discharge_ratio: 2
    depth_of_discharge: 0.9
  Pb-acid:
    cost: 162.881
    lifetime: 6.80973
    annual_cost: 23.918863156101636
    efficiency: 0.74449
    discharge_ratio: 5
    depth_of_discharge: 0.5
  VRBF:
    cost: 304.698
    lifetime: 23.8481
    annual_cost: 12.776615327845825
    efficiency: 0.712806
    discharge_ratio: 0.5
    depth_of_discharge: 1.0
