cost_values:
  wind_capex: 5000.0
  wind_opex: 100
  wind_lifetime: 20
  solar_capex: 1000.0
  solar_opex: 10
  solar_lifetime: 20
  carbon_price: 1.0
timeseries_values:
  load_level: 289351.7636873103
  wind_year: 2011
  solar_year: 2010
  price_year: 2023
  carbon_year: 2023
storage_values:
  CAES:
    cost: 56.5224
    lifetime: 27.5035
    annual_cost: 2.0550984420164706
    efficiency: 0.60704
    discharge_ratio: 0.1
    depth_of_discharge: 0.4
  Li-ion:
    cost: 188.349
    lifetime: 22.8803
    annual_cost: 8.231928777157643
    efficiency: 0.961567
    discharge_ratio: 2
    depth_of_discharge: 0.9
  Pb-acid:
    cost: 168.187
    lifetime: 8.17827
    annual_cost: 20.56510729041717
    efficiency: 0.746309
    discharge_ratio: 5
    depth_of_discharge: 0.5
  VRBF:
    cost: 307.269
    lifetime: 22.7688
    annual_cost: 13.495177611468327
    efficiency: 0.698435
    discharge_ratio: 0.5
    depth_of_discharge: 1.0
