cost_values:
  wind_capex: 5000.0
  wind_opex: 100
  wind_lifetime: 20
  solar_capex: 1000.0
  solar_opex: 10
  solar_lifetime: 20
  carbon_price: 1.0
timeseries_values:
  load_level: 289351.7636873103
  wind_year: 2011
  solar_year: 2010
  price_year: 2023
  carbon_year: 2023
storage_values:
  CAES:
    cost: 62.6283
    lifetime: 29.5775
    annual_cost: 2.1174304792494296
    efficiency: 0.603823
    discharge_ratio: 0.1
    depth_of_discharge: 0.4
  Li-ion:
    cost: 164.898
    lifetime: 23.1882
    annual_cost: 7.111289362693094
    efficiency: 0.961439
    discharge_ratio: 2
    depth_of_discharge: 0.9
  Pb-acid:
    cost: 169.891
    lifetime: 6.73625
    annual_cost: 25.220411950269064
    efficiency: 0.748909
    discharge_ratio: 5
    depth_of_discharge: 0.5
  VRBF:
    cost: 276.198
    lifetime: 22.3209
    annual_cost: 12.373963415453677
    efficiency: 0.68802
    discharge_ratio: 0.5
    depth_of_discharge: 1.0
