cost_values:
  wind_capex: 5000.0
  wind_opex: 100
  wind_lifetime: 20
  solar_capex: 1000.0
  solar_opex: 10
  solar_lifetime: 20
  carbon_price: 1.0
timeseries_values:
  load_level: 289351.7636873103
  wind_year: 2011
  solar_year: 2010
  price_year: 2023
  carbon_year: 2023
storage_values:
  CAES:
    cost: 60.6305
    lifetime: 28.2879
    annual_cost: 2.143336903764507
    efficiency: 0.593427
    discharge_ratio: 0.1
    depth_of_discharge: 0.4
  Li-ion:
    cost: 174.885
    lifetime: 24.1312
    annual_cost: 7.24725666357247
    efficiency: 0.954881
    discharge_ratio: 2
    depth_of_discharge: 0.9
  Pb-acid:
    cost: 147.454
    lifetime: 7.61663
    annual_cost: 19.359480505157794
    efficiency: 0.761674
    discharge_ratio: 5
    depth_of_discharge: 0.5
  VRBF:
    cost: 262.761
    lifetime: 21.2082
    annual_cost: 12.389594590771495
    efficiency: 0.679924
    discharge_ratio: 0.5
    depth_of_discharge: 1.0
