cost_values:
  wind_capex: 5000.0
  wind_opex: 100
  wind_lifetime: 20
  solar_capex: 1000.0
  solar_opex: 10
  solar_lifetime: 20
  carbon_price: 1.0
timeseries_values:
  load_level: 289351.7636873103
  wind_year: 2011
  solar_year: 2010
  price_year: 2023
  carbon_year: 2023
storage_values:
  CAES:
    cost: 57.3726
    lifetime: 29.001
    annual_cost: 1.9782973000931001
    efficiency: 0.600225
    discharge_ratio: 0.1
    depth_of_discharge: 0.4
  Li-ion:
    cost: 191.035
    lifetime: 22.2736
    annual_cost: 8.576745564255441
    efficiency: 0.956602
    discharge_ratio: 2
    depth_of_discharge: 0.9
  Pb-acid:
    cost: 169.781
    lifetime: 6.89626
    annual_cost: 24.619286395814544
    efficiency: 0.763466
    discharge_ratio: 5
    depth_of_discharge: 0.5
  VRBF:
    cost: 274.986
    lifetime: 22.9411
    annual_cost: 11.986609186133185
    efficiency: 0.699375
    discharge_ratio: 0.5
    depth_of_discharge: 1.0
