cost_values:
  wind_capex: 5000.0
  wind_opex: 100
  wind_lifetime: 20
  solar_capex: 1000.0
  solar_opex: 10
  solar_lifetime: 20
  carbon_price: 1.0
timeseries_values:
  load_level: 289351.7636873103
  wind_year: 2011
  solar_year: 2010
  price_year: 2023
  carbon_year: 2023
storage_values:
  CAES:
    cost: 63.4403
    lifetime: 29.5793
    annual_cost: 2.144753256500323
    efficiency: 0.596984
    discharge_ratio: 0.1
    depth_of_discharge: 0.4
  Li-ion:
    cost: 186.761
    lifetime: 23.2947
    annual_cost: 8.017317243836581
    efficiency: 0.962748
    discharge_ratio: 2
    depth_of_discharge: 0.9
  Pb-acid:
    cost: 169.051
    lifetime: 6.54377
    annual_cost: 25.833884748394272
    efficiency: 0.761396
    discharge_ratio: 5
    depth_of_discharge: 0.5
  VRBF:
    cost: 281.695
    lifetime: 22.0546
    annual_cost: 12.772618864091845
    efficiency: 0.679244
    discharge_ratio: 0.5
    depth_of_discharge: 1.0
