cost_values:
  wind_capex: 5000.0
  wind_opex: 100
  wind_lifetime: 20
  solar_capex: 1000.0
  solar_opex: 10
  solar_lifetime: 20
  carbon_price: 1.0
timeseries_values:
  load_level: 289351.7636873103
  wind_year: 2011
  solar_year: 2010
  price_year: 2023
  carbon_year: 2023
storage_values:
  CAES:
    cost: 59.7902
    lifetime: 28.4523
    annual_cost: 2.101418865961627
    efficiency: 0.60106
    discharge_ratio: 0.1
    depth_of_discharge: 0.4
  Li-ion:
    cost: 172.479
    lifetime: 20.5414
    annual_cost: 8.3966526137459
    efficiency: 0.970508
    discharge_ratio: 2
    depth_of_discharge: 0.9
  Pb-acid:
    cost: 152.7
    lifetime: 6.17345
    annual_cost: 24.734953713077775
    efficiency: 0.753808
    discharge_ratio: 5
    depth_of_discharge: 0.5
  VRBF:
    cost: 238.745
    lifetime: 19.4028
    annual_cost: 12.30466736759643
    efficiency: 0.727161
    discharge_ratio: 0.5
    depth_of_discharge: 1.0
