cost_values:
  wind_capex: 5000.0
  wind_opex: 100
  wind_lifetime: 20
  solar_capex: 1000.0
  solar_opex: 10
  solar_lifetime: 20
  carbon_price: 1.0
timeseries_values:
  load_level: 289351.7636873103
  wind_year: 2011
  solar_year: 2010
  price_year: 2023
  carbon_year: 2023
storage_values:
  CAES:
    cost: 53.299
    lifetime: 28.3922
    annual_cost: 1.8772409323687491
    efficiency: 0.609174
    discharge_ratio: 0.1
    depth_of_discharge: 0.4
  Li-ion:
    cost: 169.3
    lifetime: 21.6206
    annual_cost: 7.830494990888321
    efficiency: 0.967234
    discharge_ratio: 2
    depth_of_discharge: 0.9
  Pb-acid:
    cost: 158.975
    lifetime: 6.60835
    annual_cost: 24.05668585955647
    efficiency: 0.746415
    discharge_ratio: 5
    depth_of_discharge: 0.5
  VRBF:
    cost: 289.506
    lifetime: 21.1648
    annual_cost: 13.67865512549138
    efficiency: 0.706444
    discharge_ratio: 0.5
    depth_of_discharge: 1.0
