cost_values:
  wind_capex: 5000.0
  wind_opex: 100
  wind_lifetime: 20
  solar_capex: 1000.0
  solar_opex: 10
  solar_lifetime: 20
  carbon_price: 1.0
timeseries_values:
  load_level: 289351.7636873103
  wind_year: 2011
  solar_year: 2010
  price_year: 2023
  carbon_year: 2023
storage_values:
  CAES:
    cost: 61.1837
    lifetime: 27.8394
    annual_cost: 2.197737738600688
    efficiency: 0.608046
    discharge_ratio: 0.1
    depth_of_discharge: 0.4
  Li-ion:
    cost: 193.126
    lifetime: 20.7457
    annual_cost: 9.309206245149598
    efficiency: 0.978744
    discharge_ratio: 2
    depth_of_discharge: 0.9
  Pb-acid:
    cost: 149.414
    lifetime: 7.24385
    annual_cost: 20.62632439931804
    efficiency: 0.738628
    discharge_ratio: 5
    depth_of_discharge: 0.5
  VRBF:
    cost: 297.97
    lifetime: 21.3474
    annual_cost: 13.95814010137066
    efficiency: 0.712415
    discharge_ratio: 0.5
    depth_of_discharge: 1.0
