cost_values:
  wind_capex: 5000.0
  wind_opex: 100
  wind_lifetime: 20
  solar_capex: 1000.0
  solar_opex: 10
  solar_lifetime: 20
  carbon_price: 1.0
timeseries_values:
  load_level: 289351.7636873103
  wind_year: 2011
  solar_year: 2010
  price_year: 2023
  carbon_year: 2023
storage_values:
  CAES:
    cost: 64.1689
    lifetime: 28.45
    annual_cost: 2.2554973637961333
    efficiency: 0.610966
    discharge_ratio: 0.1
    depth_of_discharge: 0.4
  Li-ion:
    cost: 204.811
    lifetime: 24.0354
    annual_cost: 8.521222862943825
    efficiency: 0.940703
    discharge_ratio: 2
    depth_of_discharge: 0.9
  Pb-acid:
    cost: 172.872
    lifetime: 5.92965
    annual_cost: 29.153828640813543
    efficiency: 0.741471
    discharge_ratio: 5
    depth_of_discharge: 0.5
  VRBF:
    cost: 280.125
    lifetime: 23.2369
    annual_cost: 12.055179477469027
    efficiency: 0.722457
    discharge_ratio: 0.5
    depth_of_discharge: 1.0
