cost_values:
  wind_capex: 5000.0
  wind_opex: 100
  wind_lifetime: 20
  solar_capex: 1000.0
  solar_opex: 10
  solar_lifetime: 20
  carbon_price: 1.0
timeseries_values:
  load_level: 289351.7636873103
  wind_year: 2011
  solar_year: 2010
  price_year: 2023
  carbon_year: 2023
storage_values:
  CAES:
    cost: 58.6977
    lifetime: 28.8712
    annual_cost: 2.033088337166449
    efficiency: 0.602454
    discharge_ratio: 0.1
    depth_of_discharge: 0.4
  Li-ion:
    cost: 177.976
    lifetime: 22.2229
    annual_cost: 8.00867573539007
    efficiency: 0.954073
    discharge_ratio: 2
    depth_of_discharge: 0.9
  Pb-acid:
    cost: 178.951
    lifetime: 7.97477
    annual_cost: 22.439644027351257
    efficiency: 0.754741
    discharge_ratio: 5
    depth_of_discharge: 0.5
  VRBF:
    cost: 265.559
    lifetime: 21.7999
    annual_cost: 12.181661383767816
    efficiency: 0.719085
    discharge_ratio: 0.5
    depth_of_discharge: 1.0
