cost_values:
  wind_capex: 5000.0
  wind_opex: 100
  wind_lifetime: 20
  solar_capex: 1000.0
  solar_opex: 10
  solar_lifetime: 20
  carbon_price: 1.0
timeseries_values:
  load_level: 289351.7636873103
  wind_year: 2011
  solar_year: 2010
  price_year: 2023
  carbon_year: 2023
storage_values:
  CAES:
    cost: 64.6728
    lifetime: 28.5745
    annual_cost: 2.263304694745315
    efficiency: 0.602186
    discharge_ratio: 0.1
    depth_of_discharge: 0.4
  Li-ion:
    cost: 198.876
    lifetime: 22.9193
    annual_cost: 8.677228362122753
    efficiency: 0.95498
    discharge_ratio: 2
    depth_of_discharge: 0.9
  Pb-acid:
    cost: 152.866
    lifetime: 8.09451
    annual_cost: 18.885145611037608
    efficiency: 0.755624
    discharge_ratio: 5
    depth_of_discharge: 0.5
  VRBF:
    cost: 253.467
    lifetime: 23.0793
    annual_cost: 10.982438808802694
    efficiency: 0.706887
    discharge_ratio: 0.5
    depth_of_discharge: 1.0
