cost_values:
  wind_capex: 5000.0
  wind_opex: 100
  wind_lifetime: 20
  solar_capex: 1000.0
  solar_opex: 10
  solar_lifetime: 20
  carbon_price: 1.0
timeseries_values:
  load_level: 289351.7636873103
  wind_year: 2011
  solar_year: 2010
  price_year: 2023
  carbon_year: 2023
storage_values:
  CAES:
    cost: 66.3864
    lifetime: 29.1145
    annual_cost: 2.2801834137629013
    efficiency: 0.597901
    discharge_ratio: 0.1
    depth_of_discharge: 0.4
  Li-ion:
    cost: 176.18
    lifetime: 23.7039
    annual_cost: 7.432532199342724
    efficiency: 0.958691
    discharge_ratio: 2
    depth_of_discharge: 0.9
  Pb-acid:
    cost: 177.375
    lifetime: 6.73089
    annual_cost: 26.35238430579017
    efficiency: 0.734262
    discharge_ratio: 5
    depth_of_discharge: 0.5
  VRBF:
    cost: 287.602
    lifetime: 22.0592
    annual_cost: 13.037734822659026
    efficiency: 0.706174
    discharge_ratio: 0.5
    depth_of_discharge: 1.0
