cost_values:
  wind_capex: 5000.0
  wind_opex: 100
  wind_lifetime: 20
  solar_capex: 1000.0
  solar_opex: 10
  solar_lifetime: 20
  carbon_price: 1.0
timeseries_values:
  load_level: 236071.66236818826
  wind_year: 2010
  solar_year: 2010
  price_year: 2023
  carbon_year: 2023
storage_values:
  CAES:
    cost: 37.4219
    lifetime: 22.6886
    annual_cost: 1.6493701682783424
    efficiency: 0.596052
    discharge_ratio: 0.1
    depth_of_discharge: 0.4
  Li-ion:
    cost: 291.252
    lifetime: 16.7603
    annual_cost: 17.377493242961044
    efficiency: 0.937914
    discharge_ratio: 2
    depth_of_discharge: 0.9
  Pb-acid:
    cost: 194.413
    lifetime: 10.9412
    annual_cost: 17.76889189485614
    efficiency: 0.736904
    discharge_ratio: 5
    depth_of_discharge: 0.5
  VRBF:
    cost: 252.412
    lifetime: 22.1463
    annual_cost: 11.397479488673051
    efficiency: 0.770364
    discharge_ratio: 0.5
    depth_of_discharge: 1.0
