cost_values:
  wind_capex: 5000.0
  wind_opex: 100
  wind_lifetime: 20
  solar_capex: 1000.0
  solar_opex: 10
  solar_lifetime: 20
  carbon_price: 1.0
timeseries_values:
  load_level: 236071.66236818826
  wind_year: 2010
  solar_year: 2010
  price_year: 2023
  carbon_year: 2023
storage_values:
  CAES:
    cost: 41.4785
    lifetime: 23.0005
    annual_cost: 1.803373839699137
    efficiency: 0.584862
    discharge_ratio: 0.1
    depth_of_discharge: 0.4
  Li-ion:
    cost: 282.292
    lifetime: 16.0904
    annual_cost: 17.544125689852333
    efficiency: 0.938192
    discharge_ratio: 2
    depth_of_discharge: 0.9
  Pb-acid:
    cost: 183.123
    lifetime: 9.49665
    annual_cost: 19.28290502440334
    efficiency: 0.747806
    discharge_ratio: 5
    depth_of_discharge: 0.5
  VRBF:
    cost: 268.796
    lifetime: 18.0708
    annual_cost: 14.874604334063795
    efficiency: 0.744475
    discharge_ratio: 0.5
    depth_of_discharge: 1.0
