cost_values:
  wind_capex: 5000.0
  wind_opex: 100
  wind_lifetime: 20
  solar_capex: 1000.0
  solar_opex: 10
  solar_lifetime: 20
  carbon_price: 1.0
timeseries_values:
  load_level: 236071.66236818826
  wind_year: 2010
  solar_year: 2010
  price_year: 2023
  carbon_year: 2023
storage_values:
  CAES:
    cost: 41.0087
    lifetime: 22.229
    annual_cost: 1.8448288272077016
    efficiency: 0.597687
    discharge_ratio: 0.1
    depth_of_discharge: 0.4
  Li-ion:
    cost: 282.438
    lifetime: 18.918
    annual_cost: 14.929590865842055
    efficiency: 0.953449
    discharge_ratio: 2
    depth_of_discharge: 0.9
  Pb-acid:
    cost: 219.772
    lifetime: 11.0347
    annual_cost: 19.916445394981285
    efficiency: 0.742103
    discharge_ratio: 5
    depth_of_discharge: 0.5
  VRBF:
    cost: 232.337
    lifetime: 18.5011
    annual_cost: 12.558010064266448
    efficiency: 0.745165
    discharge_ratio: 0.5
    depth_of_discharge: 1.0
