cost_values:
  wind_capex: 5000.0
  wind_opex: 100
  wind_lifetime: 20
  solar_capex: 1000.0
  solar_opex: 10
  solar_lifetime: 20
  carbon_price: 1.0
timeseries_values:
  load_level: 236071.66236818826
  wind_year: 2010
  solar_year: 2010
  price_year: 2023
  carbon_year: 2023
storage_values:
  CAES:
    cost: 36.9546
    lifetime: 21.4778
    annual_cost: 1.7205952192496439
    efficiency: 0.598695
    discharge_ratio: 0.1
    depth_of_discharge: 0.4
  Li-ion:
    cost: 292.027
    lifetime: 15.7573
    annual_cost: 18.53280701643048
    efficiency: 0.938636
    discharge_ratio: 2
    depth_of_discharge: 0.9
  Pb-acid:
    cost: 171.988
    lifetime: 10.9834
    annual_cost: 15.658903436094471
    efficiency: 0.749511
    discharge_ratio: 5
    depth_of_discharge: 0.5
  VRBF:
    cost: 271.286
    lifetime: 19.6012
    annual_cost: 13.840275085198867
    efficiency: 0.742421
    discharge_ratio: 0.5
    depth_of_discharge: 1.0
