cost_values:
  wind_capex: 5000.0
  wind_opex: 100
  wind_lifetime: 20
  solar_capex: 1000.0
  solar_opex: 10
  solar_lifetime: 20
  carbon_price: 1.0
timeseries_values:
  load_level: 236071.66236818826
  wind_year: 2010
  solar_year: 2010
  price_year: 2023
  carbon_year: 2023
storage_values:
  CAES:
    cost: 45.5508
    lifetime: 21.7949
    annual_cost: 2.089975177679182
    efficiency: 0.595875
    discharge_ratio: 0.1
    depth_of_discharge: 0.4
  Li-ion:
    cost: 289.252
    lifetime: 15.1855
    annual_cost: 19.047907543380198
    efficiency: 0.930283
    discharge_ratio: 2
    depth_of_discharge: 0.9
  Pb-acid:
    cost: 205.547
    lifetime: 9.11424
    annual_cost: 22.552291798328767
    efficiency: 0.754093
    discharge_ratio: 5
    depth_of_discharge: 0.5
  VRBF:
    cost: 298.264
    lifetime: 20.9603
    annual_cost: 14.229948998821582
    efficiency: 0.725065
    discharge_ratio: 0.5
    depth_of_discharge: 1.0
