cost_values:
  wind_capex: 5000.0
  wind_opex: 100
  wind_lifetime: 20
  solar_capex: 1000.0
  solar_opex: 10
  solar_lifetime: 20
  carbon_price: 1.0
timeseries_values:
  load_level: 236071.66236818826
  wind_year: 2010
  solar_year: 2010
  price_year: 2023
  carbon_year: 2023
storage_values:
  CAES:
    cost: 39.8217
    lifetime: 22.5146
    annual_cost: 1.7687056398958896
    efficiency: 0.596338
    discharge_ratio: 0.1
    depth_of_discharge: 0.4
  Li-ion:
    cost: 274.449
    lifetime: 15.8672
    annual_cost: 17.29662448321065
    efficiency: 0.945726
    discharge_ratio: 2
    depth_of_discharge: 0.9
  Pb-acid:
    cost: 168.143
    lifetime: 10.0383
    annual_cost: 16.750146937230408
    efficiency: 0.765503
    discharge_ratio: 5
    depth_of_discharge: 0.5
  VRBF:
    cost: 268.011
    lifetime: 20.2345
    annual_cost: 13.245249450196447
    efficiency: 0.753197
    discharge_ratio: 0.5
    depth_of_discharge: 1.0
