cost_values:
  wind_capex: 5000.0
  wind_opex: 100
  wind_lifetime: 20
  solar_capex: 1000.0
  solar_opex: 10
  solar_lifetime: 20
  carbon_price: 1.0
timeseries_values:
  load_level: 236071.66236818826
  wind_year: 2010
  solar_year: 2010
  price_year: 2023
  carbon_year: 2023
storage_values:
  CAES:
    cost: 39.5338
    lifetime: 22.4696
    annual_cost: 1.7594349699149072
    efficiency: 0.602821
    discharge_ratio: 0.1
    depth_of_discharge: 0.4
  Li-ion:
    cost: 285.991
    lifetime: 15.0816
    annual_cost: 18.96290844472735
    efficiency: 0.939924
    discharge_ratio: 2
    depth_of_discharge: 0.9
  Pb-acid:
    cost: 178.785
    lifetime: 9.56308
    annual_cost: 18.69533664886208
    efficiency: 0.757654
    discharge_ratio: 5
    depth_of_discharge: 0.5
  VRBF:
    cost: 262.833
    lifetime: 19.0033
    annual_cost: 13.830913578168005
    efficiency: 0.743863
    discharge_ratio: 0.5
    depth_of_discharge: 1.0
