cost_values:
  wind_capex: 5000.0
  wind_opex: 100
  wind_lifetime: 20
  solar_capex: 1000.0
  solar_opex: 10
  solar_lifetime: 20
  carbon_price: 1.0
timeseries_values:
  load_level: 236071.66236818826
  wind_year: 2010
  solar_year: 2010
  price_year: 2023
  carbon_year: 2023
storage_values:
  CAES:
    cost: 38.3904
    lifetime: 22.5938
    annual_cost: 1.6991564057396276
    efficiency: 0.599535
    discharge_ratio: 0.1
    depth_of_discharge: 0.4
  Li-ion:
    cost: 294.948
    lifetime: 15.3824
    annual_cost: 19.174381110879963
    efficiency: 0.927129
    discharge_ratio: 2
    depth_of_discharge: 0.9
  Pb-acid:
    cost: 198.284
    lifetime: 10.2112
    annual_cost: 19.418285803823252
    efficiency: 0.752375
    discharge_ratio: 5
    depth_of_discharge: 0.5
  VRBF:
    cost: 237.735
    lifetime: 21.3733
    annual_cost: 11.12298989861182
    efficiency: 0.762881
    discharge_ratio: 0.5
    depth_of_discharge: 1.0
