cost_values:
  wind_capex: 5000.0
  wind_opex: 100
  wind_lifetime: 20
  solar_capex: 1000.0
  solar_opex: 10
  solar_lifetime: 20
  carbon_price: 1.0
timeseries_values:
  load_level: 236071.66236818826
  wind_year: 2010
  solar_year: 2010
  price_year: 2023
  carbon_year: 2023
storage_values:
  CAES:
    cost: 40.9809
    lifetime: 22.4146
    annual_cost: 1.828312796123955
    efficiency: 0.590436
    discharge_ratio: 0.1
    depth_of_discharge: 0.4
  Li-ion:
    cost: 285.405
    lifetime: 13.7466
    annual_cost: 20.76186111474837
    efficiency: 0.948663
    discharge_ratio: 2
    depth_of_discharge: 0.9
  Pb-acid:
    cost: 212.418
    lifetime: 10.6527
    annual_cost: 19.94029682615675
    efficiency: 0.75007
    discharge_ratio: 5
    depth_of_discharge: 0.5
  VRBF:
    cost: 268.896
    lifetime: 19.9942
    annual_cost: 13.448700123035682
    efficiency: 0.760081
    discharge_ratio: 0.5
    depth_of_discharge: 1.0
