cost_values:
  wind_capex: 5000.0
  wind_opex: 100
  wind_lifetime: 20
  solar_capex: 1000.0
  solar_opex: 10
  solar_lifetime: 20
  carbon_price: 1.0
timeseries_values:
  load_level: 236071.66236818826
  wind_year: 2010
  solar_year: 2010
  price_year: 2023
  carbon_year: 2023
storage_values:
  CAES:
    cost: 40.6294
    lifetime: 22.3806
    annual_cost: 1.8153847528663214
    efficiency: 0.598975
    discharge_ratio: 0.1
    depth_of_discharge: 0.4
  Li-ion:
    cost: 261.76
    lifetime: 15.931
    annual_cost: 16.43085807545038
    efficiency: 0.943757
    discharge_ratio: 2
    depth_of_discharge: 0.9
  Pb-acid:
    cost: 174.008
    lifetime: 10.6195
    annual_cost: 16.38570554169217
    efficiency: 0.761395
    discharge_ratio: 5
    depth_of_discharge: 0.5
  VRBF:
    cost: 270.588
    lifetime: 20.5131
    annual_cost: 13.190985272825658
    efficiency: 0.750942
    discharge_ratio: 0.5
    depth_of_discharge: 1.0
