cost_values:
  wind_capex: 5000.0
  wind_opex: 100
  wind_lifetime: 20
  solar_capex: 1000.0
  solar_opex: 10
  solar_lifetime: 20
  carbon_price: 1.0
timeseries_values:
  load_level: 236071.66236818826
  wind_year: 2010
  solar_year: 2010
  price_year: 2023
  carbon_year: 2023
storage_values:
  CAES:
    cost: 38.484
    lifetime: 22.6132
    annual_cost: 1.701837864610051
    efficiency: 0.593827
    discharge_ratio: 0.1
    depth_of_discharge: 0.4
  Li-ion:
    cost: 293.332
    lifetime: 17.0556
    annual_cost: 17.198574075377003
    efficiency: 0.945774
    discharge_ratio: 2
    depth_of_discharge: 0.9
  Pb-acid:
    cost: 195.814
    lifetime: 10.5138
    annual_cost: 18.624474500180714
    efficiency: 0.768229
    discharge_ratio: 5
    depth_of_discharge: 0.5
  VRBF:
    cost: 276.927
    lifetime: 20.7041
    annual_cost: 13.375466695002439
    efficiency: 0.747194
    discharge_ratio: 0.5
    depth_of_discharge: 1.0
