cost_values:
  wind_capex: 5000.0
  wind_opex: 100
  wind_lifetime: 20
  solar_capex: 1000.0
  solar_opex: 10
  solar_lifetime: 20
  carbon_price: 1.0
timeseries_values:
  load_level: 236071.66236818826
  wind_year: 2010
  solar_year: 2010
  price_year: 2023
  carbon_year: 2023
storage_values:
  CAES:
    cost: 43.9848
    lifetime: 22.3315
    annual_cost: 1.9696303427893336
    efficiency: 0.596329
    discharge_ratio: 0.1
    depth_of_discharge: 0.4
  Li-ion:
    cost: 289.566
    lifetime: 17.8165
    annual_cost: 16.25268711587573
    efficiency: 0.933457
    discharge_ratio: 2
    depth_of_discharge: 0.9
  Pb-acid:
    cost: 183.397
    lifetime: 10.5235
    annual_cost: 17.427376823300232
    efficiency: 0.739087
    discharge_ratio: 5
    depth_of_discharge: 0.5
  VRBF:
    cost: 271.514
    lifetime: 20.3146
    annual_cost: 13.365461293847776
    efficiency: 0.7756
    discharge_ratio: 0.5
    depth_of_discharge: 1.0
