cost_values:
  wind_capex: 5000.0
  wind_opex: 100
  wind_lifetime: 20
  solar_capex: 1000.0
  solar_opex: 10
  solar_lifetime: 20
  carbon_price: 1.0
timeseries_values:
  load_level: 236071.66236818826
  wind_year: 2010
  solar_year: 2010
  price_year: 2023
  carbon_year: 2023
storage_values:
  CAES:
    cost: 41.0285
    lifetime: 22.7258
    annual_cost: 1.805370988040025
    efficiency: 0.593416
    discharge_ratio: 0.1
    depth_of_discharge: 0.4
  Li-ion:
    cost: 297.639
    lifetime: 14.6424
    annual_cost: 20.327200458941157
    efficiency: 0.938705
    discharge_ratio: 2
    depth_of_discharge: 0.9
  Pb-acid:
    cost: 193.383
    lifetime: 10.4017
    annual_cost: 18.59148023880712
    efficiency: 0.751228
    discharge_ratio: 5
    depth_of_discharge: 0.5
  VRBF:
    cost: 229.482
    lifetime: 19.6701
    annual_cost: 11.666539570210624
    efficiency: 0.754293
    discharge_ratio: 0.5
    depth_of_discharge: 1.0
