cost_values:
  wind_capex: 5000.0
  wind_opex: 100
  wind_lifetime: 20
  solar_capex: 1000.0
  solar_opex: 10
  solar_lifetime: 20
  carbon_price: 1.0
timeseries_values:
  load_level: 236071.66236818826
  wind_year: 2010
  solar_year: 2010
  price_year: 2023
  carbon_year: 2023
storage_values:
  CAES:
    cost: 39.6709
    lifetime: 22.7359
    annual_cost: 1.7448572521870698
    efficiency: 0.589414
    discharge_ratio: 0.1
    depth_of_discharge: 0.4
  Li-ion:
    cost: 290.329
    lifetime: 18.4524
    annual_cost: 15.73394246818842
    efficiency: 0.934872
    discharge_ratio: 2
    depth_of_discharge: 0.9
  Pb-acid:
    cost: 190.243
    lifetime: 9.66816
    annual_cost: 19.677270545791547
    efficiency: 0.752222
    discharge_ratio: 5
    depth_of_discharge: 0.5
  VRBF:
    cost: 241.29
    lifetime: 22.1279
    annual_cost: 10.904333443300086
    efficiency: 0.736701
    discharge_ratio: 0.5
    depth_of_discharge: 1.0
