cost_values:
  wind_capex: 5000.0
  wind_opex: 100
  wind_lifetime: 20
  solar_capex: 1000.0
  solar_opex: 10
  solar_lifetime: 20
  carbon_price: 1.0
timeseries_values:
  load_level: 236071.66236818826
  wind_year: 2010
  solar_year: 2010
  price_year: 2023
  carbon_year: 2023
storage_values:
  CAES:
    cost: 35.0971
    lifetime: 22.7749
    annual_cost: 1.5410429903095073
    efficiency: 0.601798
    discharge_ratio: 0.1
    depth_of_discharge: 0.4
  Li-ion:
    cost: 293.424
    lifetime: 14.4428
    annual_cost: 20.31628216135375
    efficiency: 0.940677
    discharge_ratio: 2
    depth_of_discharge: 0.9
  Pb-acid:
    cost: 191.027
    lifetime: 10.9949
    annual_cost: 17.37414619505407
    efficiency: 0.736497
    discharge_ratio: 5
    depth_of_discharge: 0.5
  VRBF:
    cost: 270.362
    lifetime: 21.5976
    annual_cost: 12.51815016483313
    efficiency: 0.754347
    discharge_ratio: 0.5
    depth_of_discharge: 1.0
