cost_values:
  wind_capex: 5000.0
  wind_opex: 100
  wind_lifetime: 20
  solar_capex: 1000.0
  solar_opex: 10
  solar_lifetime: 20
  carbon_price: 1.0
timeseries_values:
  load_level: 236071.66236818826
  wind_year: 2010
  solar_year: 2010
  price_year: 2023
  carbon_year: 2023
storage_values:
  CAES:
    cost: 38.9173
    lifetime: 22.1506
    annual_cost: 1.7569411212337362
    efficiency: 0.595721
    discharge_ratio: 0.1
    depth_of_discharge: 0.4
  Li-ion:
    cost: 268.605
    lifetime: 16.0239
    annual_cost: 16.762773107670416
    efficiency: 0.939409
    discharge_ratio: 2
    depth_of_discharge: 0.9
  Pb-acid:
    cost: 220.861
    lifetime: 9.92147
    annual_cost: 22.26091496522189
    efficiency: 0.727784
    discharge_ratio: 5
    depth_of_discharge: 0.5
  VRBF:
    cost: 250.165
    lifetime: 19.1813
    annual_cost: 13.042129574116457
    efficiency: 0.758749
    discharge_ratio: 0.5
    depth_of_discharge: 1.0
