cost_values:
  wind_capex: 5000.0
  wind_opex: 100
  wind_lifetime: 20
  solar_capex: 1000.0
  solar_opex: 10
  solar_lifetime: 20
  carbon_price: 1.0
timeseries_values:
  load_level: 236071.66236818826
  wind_year: 2010
  solar_year: 2010
  price_year: 2023
  carbon_year: 2023
storage_values:
  CAES:
    cost: 36.5405
    lifetime: 23.7365
    annual_cost: 1.5394224085269523
    efficiency: 0.6049
    discharge_ratio: 0.1
    depth_of_discharge: 0.4
  Li-ion:
    cost: 267.538
    lifetime: 15.0929
    annual_cost: 17.726083125178064
    efficiency: 0.933919
    discharge_ratio: 2
    depth_of_discharge: 0.9
  Pb-acid:
    cost: 188.446
    lifetime: 11.146
    annual_cost: 16.90705185716849
    efficiency: 0.740903
    discharge_ratio: 5
    depth_of_discharge: 0.5
  VRBF:
    cost: 257.605
    lifetime: 20.0412
    annual_cost: 12.853771231263599
    efficiency: 0.757486
    discharge_ratio: 0.5
    depth_of_discharge: 1.0
