cost_values:
  wind_capex: 5000.0
  wind_opex: 100
  wind_lifetime: 20
  solar_capex: 1000.0
  solar_opex: 10
  solar_lifetime: 20
  carbon_price: 1.0
timeseries_values:
  load_level: 236071.66236818826
  wind_year: 2010
  solar_year: 2010
  price_year: 2023
  carbon_year: 2023
storage_values:
  CAES:
    cost: 40.0042
    lifetime: 23.1823
    annual_cost: 1.7256355063992785
    efficiency: 0.593646
    discharge_ratio: 0.1
    depth_of_discharge: 0.4
  Li-ion:
    cost: 295.188
    lifetime: 16.0996
    annual_cost: 18.335113915873688
    efficiency: 0.934158
    discharge_ratio: 2
    depth_of_discharge: 0.9
  Pb-acid:
    cost: 178.899
    lifetime: 10.0608
    annual_cost: 17.78178673664122
    efficiency: 0.750479
    discharge_ratio: 5
    depth_of_discharge: 0.5
  VRBF:
    cost: 263.087
    lifetime: 19.8639
    annual_cost: 13.244478677399703
    efficiency: 0.730424
    discharge_ratio: 0.5
    depth_of_discharge: 1.0
