cost_values:
  wind_capex: 5000.0
  wind_opex: 100
  wind_lifetime: 20
  solar_capex: 1000.0
  solar_opex: 10
  solar_lifetime: 20
  carbon_price: 1.0
timeseries_values:
  load_level: 236071.66236818826
  wind_year: 2010
  solar_year: 2010
  price_year: 2023
  carbon_year: 2023
storage_values:
  CAES:
    cost: 38.4597
    lifetime: 21.9262
    annual_cost: 1.7540522297525334
    efficiency: 0.600505
    discharge_ratio: 0.1
    depth_of_discharge: 0.4
  Li-ion:
    cost: 281.532
    lifetime: 15.3113
    annual_cost: 18.3872042217186
    efficiency: 0.93147
    discharge_ratio: 2
    depth_of_discharge: 0.9
  Pb-acid:
    cost: 177.459
    lifetime: 10.2786
    annual_cost: 17.264899889089953
    efficiency: 0.743628
    discharge_ratio: 5
    depth_of_discharge: 0.5
  VRBF:
    cost: 266.282
    lifetime: 19.6258
    annual_cost: 13.56795646546892
    efficiency: 0.758129
    discharge_ratio: 0.5
    depth_of_discharge: 1.0
