cost_values:
  wind_capex: 5000.0
  wind_opex: 100
  wind_lifetime: 20
  solar_capex: 1000.0
  solar_opex: 10
  solar_lifetime: 20
  carbon_price: 1.0
timeseries_values:
  load_level: 236071.66236818826
  wind_year: 2010
  solar_year: 2010
  price_year: 2023
  carbon_year: 2023
storage_values:
  CAES:
    cost: 37.9244
    lifetime: 22.7572
    annual_cost: 1.6664791802154921
    efficiency: 0.593082
    discharge_ratio: 0.1
    depth_of_discharge: 0.4
  Li-ion:
    cost: 286.132
    lifetime: 14.5969
    annual_cost: 19.60224431214847
    efficiency: 0.924209
    discharge_ratio: 2
    depth_of_discharge: 0.9
  Pb-acid:
    cost: 197.082
    lifetime: 9.31218
    annual_cost: 21.163895027802297
    efficiency: 0.749339
    discharge_ratio: 5
    depth_of_discharge: 0.5
  VRBF:
    cost: 244.347
    lifetime: 19.509
    annual_cost: 12.524834691680763
    efficiency: 0.740024
    discharge_ratio: 0.5
    depth_of_discharge: 1.0
