cost_values:
  wind_capex: 5000.0
  wind_opex: 100
  wind_lifetime: 20
  solar_capex: 1000.0
  solar_opex: 10
  solar_lifetime: 20
  carbon_price: 1.0
timeseries_values:
  load_level: 236071.66236818826
  wind_year: 2010
  solar_year: 2010
  price_year: 2023
  carbon_year: 2023
storage_values:
  CAES:
    cost: 41.0192
    lifetime: 22.7452
    annual_cost: 1.803422260520901
    efficiency: 0.590435
    discharge_ratio: 0.1
    depth_of_discharge: 0.4
  Li-ion:
    cost: 278.666
    lifetime: 16.3465
    annual_cost: 17.04744134830086
    efficiency: 0.945227
    discharge_ratio: 2
    depth_of_discharge: 0.9
  Pb-acid:
    cost: 208.522
    lifetime: 9.63503
    annual_cost: 21.64207065260824
    efficiency: 0.763393
    discharge_ratio: 5
    depth_of_discharge: 0.5
  VRBF:
    cost: 270.563
    lifetime: 20.6159
    annual_cost: 13.123996526952498
    efficiency: 0.764159
    discharge_ratio: 0.5
    depth_of_discharge: 1.0
