cost_values:
  wind_capex: 5000.0
  wind_opex: 100
  wind_lifetime: 20
  solar_capex: 1000.0
  solar_opex: 10
  solar_lifetime: 20
  carbon_price: 1.0
timeseries_values:
  load_level: 236071.66236818826
  wind_year: 2010
  solar_year: 2010
  price_year: 2023
  carbon_year: 2023
storage_values:
  CAES:
    cost: 42.2893
    lifetime: 23.0063
    annual_cost: 1.838161720919922
    efficiency: 0.601948
    discharge_ratio: 0.1
    depth_of_discharge: 0.4
  Li-ion:
    cost: 280.989
    lifetime: 15.8495
    annual_cost: 17.72857187923909
    efficiency: 0.946699
    discharge_ratio: 2
    depth_of_discharge: 0.9
  Pb-acid:
    cost: 186.991
    lifetime: 10.9694
    annual_cost: 17.046602366583407
    efficiency: 0.744493
    discharge_ratio: 5
    depth_of_discharge: 0.5
  VRBF:
    cost: 230.085
    lifetime: 19.6693
    annual_cost: 11.697670989816618
    efficiency: 0.757136
    discharge_ratio: 0.5
    depth_of_discharge: 1.0
