cost_values:
  wind_capex: 5000.0
  wind_opex: 100
  wind_lifetime: 20
  solar_capex: 1000.0
  solar_opex: 10
  solar_lifetime: 20
  carbon_price: 1.0
timeseries_values:
  load_level: 236071.66236818826
  wind_year: 2010
  solar_year: 2010
  price_year: 2023
  carbon_year: 2023
storage_values:
  CAES:
    cost: 33.1535
    lifetime: 23.0254
    annual_cost: 1.439866408401157
    efficiency: 0.590162
    discharge_ratio: 0.1
    depth_of_discharge: 0.4
  Li-ion:
    cost: 279.418
    lifetime: 15.9738
    annual_cost: 17.492268589815822
    efficiency: 0.946939
    discharge_ratio: 2
    depth_of_discharge: 0.9
  Pb-acid:
    cost: 191.699
    lifetime: 11.0277
    annual_cost: 17.383407238136694
    efficiency: 0.76644
    discharge_ratio: 5
    depth_of_discharge: 0.5
  VRBF:
    cost: 251.988
    lifetime: 19.8691
    annual_cost: 12.682406349557857
    efficiency: 0.744256
    discharge_ratio: 0.5
    depth_of_discharge: 1.0
