cost_values:
  wind_capex: 5000.0
  wind_opex: 100
  wind_lifetime: 20
  solar_capex: 1000.0
  solar_opex: 10
  solar_lifetime: 20
  carbon_price: 1.0
timeseries_values:
  load_level: 236071.66236818826
  wind_year: 2010
  solar_year: 2010
  price_year: 2023
  carbon_year: 2023
storage_values:
  CAES:
    cost: 39.289
    lifetime: 23.3985
    annual_cost: 1.6791247302177492
    efficiency: 0.59231
    discharge_ratio: 0.1
    depth_of_discharge: 0.4
  Li-ion:
    cost: 271.782
    lifetime: 14.7339
    annual_cost: 18.446032618654936
    efficiency: 0.926423
    discharge_ratio: 2
    depth_of_discharge: 0.9
  Pb-acid:
    cost: 205.539
    lifetime: 11.1197
    annual_cost: 18.484221696628506
    efficiency: 0.755595
    discharge_ratio: 5
    depth_of_discharge: 0.5
  VRBF:
    cost: 290.402
    lifetime: 20.6469
    annual_cost: 14.065162324610474
    efficiency: 0.731985
    discharge_ratio: 0.5
    depth_of_discharge: 1.0
