cost_values:
  wind_capex: 5000.0
  wind_opex: 100
  wind_lifetime: 20
  solar_capex: 1000.0
  solar_opex: 10
  solar_lifetime: 20
  carbon_price: 1.0
timeseries_values:
  load_level: 236071.66236818826
  wind_year: 2010
  solar_year: 2010
  price_year: 2023
  carbon_year: 2023
storage_values:
  CAES:
    cost: 44.2729
    lifetime: 22.7742
    annual_cost: 1.9439936419281467
    efficiency: 0.597079
    discharge_ratio: 0.1
    depth_of_discharge: 0.4
  Li-ion:
    cost: 280.639
    lifetime: 15.8717
    annual_cost: 17.68172281482135
    efficiency: 0.944949
    discharge_ratio: 2
    depth_of_discharge: 0.9
  Pb-acid:
    cost: 184.904
    lifetime: 10.374
    annual_cost: 17.823790244842876
    efficiency: 0.75107
    discharge_ratio: 5
    depth_of_discharge: 0.5
  VRBF:
    cost: 254.213
    lifetime: 20.3215
    annual_cost: 12.509558841620942
    efficiency: 0.747856
    discharge_ratio: 0.5
    depth_of_discharge: 1.0
