cost_values:
  wind_capex: 5000.0
  wind_opex: 100
  wind_lifetime: 20
  solar_capex: 1000.0
  solar_opex: 10
  solar_lifetime: 20
  carbon_price: 1.0
timeseries_values:
  load_level: 236071.66236818826
  wind_year: 2010
  solar_year: 2010
  price_year: 2023
  carbon_year: 2023
storage_values:
  CAES:
    cost: 31.9687
    lifetime: 21.5826
    annual_cost: 1.4812256169321583
    efficiency: 0.594987
    discharge_ratio: 0.1
    depth_of_discharge: 0.4
  Li-ion:
    cost: 277.649
    lifetime: 16.3967
    annual_cost: 16.933224368318015
    efficiency: 0.947568
    discharge_ratio: 2
    depth_of_discharge: 0.9
  Pb-acid:
    cost: 182.839
    lifetime: 11.0427
    annual_cost: 16.557454245791337
    efficiency: 0.748734
    discharge_ratio: 5
    depth_of_discharge: 0.5
  VRBF:
    cost: 299.416
    lifetime: 21.1259
    annual_cost: 14.172934644204506
    efficiency: 0.762808
    discharge_ratio: 0.5
    depth_of_discharge: 1.0
