cost_values:
  wind_capex: 5000.0
  wind_opex: 100
  wind_lifetime: 20
  solar_capex: 1000.0
  solar_opex: 10
  solar_lifetime: 20
  carbon_price: 1.0
timeseries_values:
  load_level: 236071.66236818826
  wind_year: 2010
  solar_year: 2010
  price_year: 2023
  carbon_year: 2023
storage_values:
  CAES:
    cost: 31.2887
    lifetime: 22.241
    annual_cost: 1.4068027516748347
    efficiency: 0.605014
    discharge_ratio: 0.1
    depth_of_discharge: 0.4
  Li-ion:
    cost: 272.419
    lifetime: 15.5742
    annual_cost: 17.491684966161987
    efficiency: 0.950687
    discharge_ratio: 2
    depth_of_discharge: 0.9
  Pb-acid:
    cost: 209.758
    lifetime: 9.90142
    annual_cost: 21.184638163010963
    efficiency: 0.759945
    discharge_ratio: 5
    depth_of_discharge: 0.5
  VRBF:
    cost: 277.907
    lifetime: 19.8471
    annual_cost: 14.002398335273162
    efficiency: 0.745028
    discharge_ratio: 0.5
    depth_of_discharge: 1.0
