cost_values:
  wind_capex: 5000.0
  wind_opex: 100
  wind_lifetime: 20
  solar_capex: 1000.0
  solar_opex: 10
  solar_lifetime: 20
  carbon_price: 1.0
timeseries_values:
  load_level: 236071.66236818826
  wind_year: 2010
  solar_year: 2010
  price_year: 2023
  carbon_year: 2023
storage_values:
  CAES:
    cost: 41.4387
    lifetime: 23.3944
    annual_cost: 1.7713085182778783
    efficiency: 0.594316
    discharge_ratio: 0.1
    depth_of_discharge: 0.4
  Li-ion:
    cost: 261.046
    lifetime: 16.3223
    annual_cost: 15.993211740992386
    efficiency: 0.936798
    discharge_ratio: 2
    depth_of_discharge: 0.9
  Pb-acid:
    cost: 200.761
    lifetime: 12.3064
    annual_cost: 16.313544172138073
    efficiency: 0.746792
    discharge_ratio: 5
    depth_of_discharge: 0.5
  VRBF:
    cost: 292.391
    lifetime: 21.4818
    annual_cost: 13.611103352605463
    efficiency: 0.739567
    discharge_ratio: 0.5
    depth_of_discharge: 1.0
