cost_values:
  wind_capex: 5000.0
  wind_opex: 100
  wind_lifetime: 20
  solar_capex: 1000.0
  solar_opex: 10
  solar_lifetime: 20
  carbon_price: 1.0
timeseries_values:
  load_level: 236071.66236818826
  wind_year: 2010
  solar_year: 2010
  price_year: 2023
  carbon_year: 2023
storage_values:
  CAES:
    cost: 37.5188
    lifetime: 23.1558
    annual_cost: 1.6202765613798702
    efficiency: 0.600882
    discharge_ratio: 0.1
    depth_of_discharge: 0.4
  Li-ion:
    cost: 279.459
    lifetime: 16.6158
    annual_cost: 16.818871194886796
    efficiency: 0.949618
    discharge_ratio: 2
    depth_of_discharge: 0.9
  Pb-acid:
    cost: 187.698
    lifetime: 9.0776
    annual_cost: 20.677051202961135
    efficiency: 0.765745
    discharge_ratio: 5
    depth_of_discharge: 0.5
  VRBF:
    cost: 257.029
    lifetime: 21.2717
    annual_cost: 12.083143331280528
    efficiency: 0.750975
    discharge_ratio: 0.5
    depth_of_discharge: 1.0
