cost_values:
  wind_capex: 5000.0
  wind_opex: 100
  wind_lifetime: 20
  solar_capex: 1000.0
  solar_opex: 10
  solar_lifetime: 20
  carbon_price: 1.0
timeseries_values:
  load_level: 236071.66236818826
  wind_year: 2010
  solar_year: 2010
  price_year: 2023
  carbon_year: 2023
storage_values:
  CAES:
    cost: 42.1433
    lifetime: 23.1542
    annual_cost: 1.8201147092104242
    efficiency: 0.584523
    discharge_ratio: 0.1
    depth_of_discharge: 0.4
  Li-ion:
    cost: 296.653
    lifetime: 15.5803
    annual_cost: 19.040262382624213
    efficiency: 0.938076
    discharge_ratio: 2
    depth_of_discharge: 0.9
  Pb-acid:
    cost: 188.226
    lifetime: 9.65851
    annual_cost: 19.48809909603034
    efficiency: 0.744111
    discharge_ratio: 5
    depth_of_discharge: 0.5
  VRBF:
    cost: 276.999
    lifetime: 20.088
    annual_cost: 13.789277180406213
    efficiency: 0.735333
    discharge_ratio: 0.5
    depth_of_discharge: 1.0
