cost_values:
  wind_capex: 5000.0
  wind_opex: 100
  wind_lifetime: 20
  solar_capex: 1000.0
  solar_opex: 10
  solar_lifetime: 20
  carbon_price: 1.0
timeseries_values:
  load_level: 236071.66236818826
  wind_year: 2010
  solar_year: 2010
  price_year: 2023
  carbon_year: 2023
storage_values:
  CAES:
    cost: 33.6772
    lifetime: 22.9157
    annual_cost: 1.4696125363833528
    efficiency: 0.596455
    discharge_ratio: 0.1
    depth_of_discharge: 0.4
  Li-ion:
    cost: 273.327
    lifetime: 15.9837
    annual_cost: 17.100358490211903
    efficiency: 0.93662
    discharge_ratio: 2
    depth_of_discharge: 0.9
  Pb-acid:
    cost: 184.867
    lifetime: 11.4314
    annual_cost: 16.171859964658747
    efficiency: 0.764061
    discharge_ratio: 5
    depth_of_discharge: 0.5
  VRBF:
    cost: 205.9
    lifetime: 18.2986
    annual_cost: 11.252226946323763
    efficiency: 0.754907
    discharge_ratio: 0.5
    depth_of_discharge: 1.0
