cost_values:
  wind_capex: 5000.0
  wind_opex: 100
  wind_lifetime: 20
  solar_capex: 1000.0
  solar_opex: 10
  solar_lifetime: 20
  carbon_price: 1.0
timeseries_values:
  load_level: 236071.66236818826
  wind_year: 2010
  solar_year: 2010
  price_year: 2023
  carbon_year: 2023
storage_values:
  CAES:
    cost: 34.7651
    lifetime: 23.105
    annual_cost: 1.50465700064921
    efficiency: 0.592036
    discharge_ratio: 0.1
    depth_of_discharge: 0.4
  Li-ion:
    cost: 292.116
    lifetime: 18.3154
    annual_cost: 15.949201218646602
    efficiency: 0.928598
    discharge_ratio: 2
    depth_of_discharge: 0.9
  Pb-acid:
    cost: 201.173
    lifetime: 11.1903
    annual_cost: 17.977444751257785
    efficiency: 0.751232
    discharge_ratio: 5
    depth_of_discharge: 0.5
  VRBF:
    cost: 252.823
    lifetime: 18.9643
    annual_cost: 13.331522914107031
    efficiency: 0.736343
    discharge_ratio: 0.5
    depth_of_discharge: 1.0
