cost_values:
  wind_capex: 5000.0
  wind_opex: 100
  wind_lifetime: 20
  solar_capex: 1000.0
  solar_opex: 10
  solar_lifetime: 20
  carbon_price: 1.0
timeseries_values:
  load_level: 236071.66236818826
  wind_year: 2010
  solar_year: 2010
  price_year: 2023
  carbon_year: 2023
storage_values:
  CAES:
    cost: 44.431
    lifetime: 23.7503
    annual_cost: 1.870755316774946
    efficiency: 0.599563
    discharge_ratio: 0.1
    depth_of_discharge: 0.4
  Li-ion:
    cost: 279.496
    lifetime: 16.1548
    annual_cost: 17.30111174387798
    efficiency: 0.933957
    discharge_ratio: 2
    depth_of_discharge: 0.9
  Pb-acid:
    cost: 202.384
    lifetime: 11.2819
    annual_cost: 17.938822361481662
    efficiency: 0.750933
    discharge_ratio: 5
    depth_of_discharge: 0.5
  VRBF:
    cost: 232.344
    lifetime: 19.2261
    annual_cost: 12.084822194828904
    efficiency: 0.758242
    discharge_ratio: 0.5
    depth_of_discharge: 1.0
