cost_values:
  wind_capex: 5000.0
  wind_opex: 100
  wind_lifetime: 20
  solar_capex: 1000.0
  solar_opex: 10
  solar_lifetime: 20
  carbon_price: 1.0
timeseries_values:
  load_level: 236071.66236818826
  wind_year: 2010
  solar_year: 2010
  price_year: 2023
  carbon_year: 2023
storage_values:
  CAES:
    cost: 30.813
    lifetime: 21.6117
    annual_cost: 1.4257554935521037
    efficiency: 0.603379
    discharge_ratio: 0.1
    depth_of_discharge: 0.4
  Li-ion:
    cost: 285.638
    lifetime: 15.1669
    annual_cost: 18.832984987044153
    efficiency: 0.933553
    discharge_ratio: 2
    depth_of_discharge: 0.9
  Pb-acid:
    cost: 183.398
    lifetime: 11.0894
    annual_cost: 16.538135516799827
    efficiency: 0.747758
    discharge_ratio: 5
    depth_of_discharge: 0.5
  VRBF:
    cost: 283.304
    lifetime: 18.2622
    annual_cost: 15.513136423870069
    efficiency: 0.765843
    discharge_ratio: 0.5
    depth_of_discharge: 1.0
