cost_values:
  wind_capex: 5000.0
  wind_opex: 100
  wind_lifetime: 20
  solar_capex: 1000.0
  solar_opex: 10
  solar_lifetime: 20
  carbon_price: 1.0
timeseries_values:
  load_level: 236071.66236818826
  wind_year: 2010
  solar_year: 2010
  price_year: 2023
  carbon_year: 2023
storage_values:
  CAES:
    cost: 37.1123
    lifetime: 22.3447
    annual_cost: 1.6608994526666279
    efficiency: 0.616203
    discharge_ratio: 0.1
    depth_of_discharge: 0.4
  Li-ion:
    cost: 280.138
    lifetime: 18.4955
    annual_cost: 15.14627882457895
    efficiency: 0.928698
    discharge_ratio: 2
    depth_of_discharge: 0.9
  Pb-acid:
    cost: 217.943
    lifetime: 10.2018
    annual_cost: 21.363190809464996
    efficiency: 0.750755
    discharge_ratio: 5
    depth_of_discharge: 0.5
  VRBF:
    cost: 283.122
    lifetime: 19.497
    annual_cost: 14.521310970918604
    efficiency: 0.752842
    discharge_ratio: 0.5
    depth_of_discharge: 1.0
