cost_values:
  wind_capex: 5000.0
  wind_opex: 100
  wind_lifetime: 20
  solar_capex: 1000.0
  solar_opex: 10
  solar_lifetime: 20
  carbon_price: 1.0
timeseries_values:
  load_level: 236071.66236818826
  wind_year: 2010
  solar_year: 2010
  price_year: 2023
  carbon_year: 2023
storage_values:
  CAES:
    cost: 36.7246
    lifetime: 22.124
    annual_cost: 1.6599439522690294
    efficiency: 0.59331
    discharge_ratio: 0.1
    depth_of_discharge: 0.4
  Li-ion:
    cost: 278.778
    lifetime: 15.8757
    annual_cost: 17.56004459645874
    efficiency: 0.957073
    discharge_ratio: 2
    depth_of_discharge: 0.9
  Pb-acid:
    cost: 204.127
    lifetime: 9.52439
    annual_cost: 21.432028717849647
    efficiency: 0.750884
    discharge_ratio: 5
    depth_of_discharge: 0.5
  VRBF:
    cost: 283.755
    lifetime: 20.7113
    annual_cost: 13.700492001950625
    efficiency: 0.745346
    discharge_ratio: 0.5
    depth_of_discharge: 1.0
