cost_values:
  wind_capex: 5000.0
  wind_opex: 100
  wind_lifetime: 20
  solar_capex: 1000.0
  solar_opex: 10
  solar_lifetime: 20
  carbon_price: 1.0
timeseries_values:
  load_level: 236071.66236818826
  wind_year: 2010
  solar_year: 2010
  price_year: 2023
  carbon_year: 2023
storage_values:
  CAES:
    cost: 35.2377
    lifetime: 22.6935
    annual_cost: 1.552766210588935
    efficiency: 0.579754
    discharge_ratio: 0.1
    depth_of_discharge: 0.4
  Li-ion:
    cost: 272.23
    lifetime: 14.3563
    annual_cost: 18.962406748256864
    efficiency: 0.946407
    discharge_ratio: 2
    depth_of_discharge: 0.9
  Pb-acid:
    cost: 206.099
    lifetime: 9.9754
    annual_cost: 20.660725384445733
    efficiency: 0.734217
    discharge_ratio: 5
    depth_of_discharge: 0.5
  VRBF:
    cost: 251.246
    lifetime: 19.6707
    annual_cost: 12.772600873380206
    efficiency: 0.74895
    discharge_ratio: 0.5
    depth_of_discharge: 1.0
