cost_values:
  wind_capex: 5000.0
  wind_opex: 100
  wind_lifetime: 20
  solar_capex: 1000.0
  solar_opex: 10
  solar_lifetime: 20
  carbon_price: 1.0
timeseries_values:
  load_level: 236071.66236818826
  wind_year: 2010
  solar_year: 2010
  price_year: 2023
  carbon_year: 2023
storage_values:
  CAES:
    cost: 39.7318
    lifetime: 23.2085
    annual_cost: 1.711950363013551
    efficiency: 0.591724
    discharge_ratio: 0.1
    depth_of_discharge: 0.4
  Li-ion:
    cost: 280.413
    lifetime: 16.4763
    annual_cost: 17.01917299393675
    efficiency: 0.949388
    discharge_ratio: 2
    depth_of_discharge: 0.9
  Pb-acid:
    cost: 194.624
    lifetime: 8.83721
    annual_cost: 22.023240366586286
    efficiency: 0.754935
    discharge_ratio: 5
    depth_of_discharge: 0.5
  VRBF:
    cost: 270.868
    lifetime: 20.4318
    annual_cost: 13.257177536976673
    efficiency: 0.758238
    discharge_ratio: 0.5
    depth_of_discharge: 1.0
