cost_values:
  wind_capex: 5000.0
  wind_opex: 100
  wind_lifetime: 20
  solar_capex: 1000.0
  solar_opex: 10
  solar_lifetime: 20
  carbon_price: 1.0
timeseries_values:
  load_level: 236071.66236818826
  wind_year: 2010
  solar_year: 2010
  price_year: 2023
  carbon_year: 2023
storage_values:
  CAES:
    cost: 41.4528
    lifetime: 22.7133
    annual_cost: 1.825045237812207
    efficiency: 0.589719
    discharge_ratio: 0.1
    depth_of_discharge: 0.4
  Li-ion:
    cost: 292.071
    lifetime: 15.4856
    annual_cost: 18.86081262592344
    efficiency: 0.940843
    discharge_ratio: 2
    depth_of_discharge: 0.9
  Pb-acid:
    cost: 183.728
    lifetime: 9.32215
    annual_cost: 19.70875817273912
    efficiency: 0.75815
    discharge_ratio: 5
    depth_of_discharge: 0.5
  VRBF:
    cost: 278.538
    lifetime: 21.0233
    annual_cost: 13.249014189018851
    efficiency: 0.734235
    discharge_ratio: 0.5
    depth_of_discharge: 1.0
