cost_values:
  wind_capex: 5000.0
  wind_opex: 100
  wind_lifetime: 20
  solar_capex: 1000.0
  solar_opex: 10
  solar_lifetime: 20
  carbon_price: 1.0
timeseries_values:
  load_level: 236071.66236818826
  wind_year: 2010
  solar_year: 2010
  price_year: 2023
  carbon_year: 2023
storage_values:
  CAES:
    cost: 34.8871
    lifetime: 22.5726
    annual_cost: 1.5455508005280736
    efficiency: 0.602304
    discharge_ratio: 0.1
    depth_of_discharge: 0.4
  Li-ion:
    cost: 289.737
    lifetime: 15.9244
    annual_cost: 18.19453166210344
    efficiency: 0.952965
    discharge_ratio: 2
    depth_of_discharge: 0.9
  Pb-acid:
    cost: 209.131
    lifetime: 11.2332
    annual_cost: 18.6172239433109
    efficiency: 0.746097
    discharge_ratio: 5
    depth_of_discharge: 0.5
  VRBF:
    cost: 232.396
    lifetime: 20.2791
    annual_cost: 11.459877410733217
    efficiency: 0.743648
    discharge_ratio: 0.5
    depth_of_discharge: 1.0
