cost_values:
  wind_capex: 5000.0
  wind_opex: 100
  wind_lifetime: 20
  solar_capex: 1000.0
  solar_opex: 10
  solar_lifetime: 20
  carbon_price: 1.0
timeseries_values:
  load_level: 236071.66236818826
  wind_year: 2010
  solar_year: 2010
  price_year: 2023
  carbon_year: 2023
storage_values:
  CAES:
    cost: 44.7505
    lifetime: 22.5415
    annual_cost: 1.985249428831267
    efficiency: 0.583285
    discharge_ratio: 0.1
    depth_of_discharge: 0.4
  Li-ion:
    cost: 297.826
    lifetime: 13.9814
    annual_cost: 21.301586393351165
    efficiency: 0.943958
    discharge_ratio: 2
    depth_of_discharge: 0.9
  Pb-acid:
    cost: 206.264
    lifetime: 10.3269
    annual_cost: 19.97346735225479
    efficiency: 0.744516
    discharge_ratio: 5
    depth_of_discharge: 0.5
  VRBF:
    cost: 253.488
    lifetime: 19.8424
    annual_cost: 12.775067532153368
    efficiency: 0.743816
    discharge_ratio: 0.5
    depth_of_discharge: 1.0
