cost_values:
  wind_capex: 5000.0
  wind_opex: 100
  wind_lifetime: 20
  solar_capex: 1000.0
  solar_opex: 10
  solar_lifetime: 20
  carbon_price: 1.0
timeseries_values:
  load_level: 236071.66236818826
  wind_year: 2010
  solar_year: 2010
  price_year: 2023
  carbon_year: 2023
storage_values:
  CAES:
    cost: 34.7563
    lifetime: 22.3466
    annual_cost: 1.5553283273518121
    efficiency: 0.607365
    discharge_ratio: 0.1
    depth_of_discharge: 0.4
  Li-ion:
    cost: 263.071
    lifetime: 15.4131
    annual_cost: 17.068013572869834
    efficiency: 0.950696
    discharge_ratio: 2
    depth_of_discharge: 0.9
  Pb-acid:
    cost: 192.833
    lifetime: 11.378
    annual_cost: 16.947881877307083
    efficiency: 0.733173
    discharge_ratio: 5
    depth_of_discharge: 0.5
  VRBF:
    cost: 268.497
    lifetime: 20.1821
    annual_cost: 13.303719632743869
    efficiency: 0.748879
    discharge_ratio: 0.5
    depth_of_discharge: 1.0
