cost_values:
  wind_capex: 5000.0
  wind_opex: 100
  wind_lifetime: 20
  solar_capex: 1000.0
  solar_opex: 10
  solar_lifetime: 20
  carbon_price: 1.0
timeseries_values:
  load_level: 236071.66236818826
  wind_year: 2010
  solar_year: 2010
  price_year: 2023
  carbon_year: 2023
storage_values:
  CAES:
    cost: 35.3506
    lifetime: 21.8336
    annual_cost: 1.6190916752161806
    efficiency: 0.595171
    discharge_ratio: 0.1
    depth_of_discharge: 0.4
  Li-ion:
    cost: 273.933
    lifetime: 16.2663
    annual_cost: 16.840523044576823
    efficiency: 0.954361
    discharge_ratio: 2
    depth_of_discharge: 0.9
  Pb-acid:
    cost: 182.991
    lifetime: 10.1911
    annual_cost: 17.955961574314845
    efficiency: 0.759419
    discharge_ratio: 5
    depth_of_discharge: 0.5
  VRBF:
    cost: 268.872
    lifetime: 22.2618
    annual_cost: 12.077729563647145
    efficiency: 0.754704
    discharge_ratio: 0.5
    depth_of_discharge: 1.0
