cost_values:
  wind_capex: 5000.0
  wind_opex: 100
  wind_lifetime: 20
  solar_capex: 1000.0
  solar_opex: 10
  solar_lifetime: 20
  carbon_price: 1.0
timeseries_values:
  load_level: 236071.66236818826
  wind_year: 2010
  solar_year: 2010
  price_year: 2023
  carbon_year: 2023
storage_values:
  CAES:
    cost: 37.6841
    lifetime: 22.7567
    annual_cost: 1.655956267824421
    efficiency: 0.587908
    discharge_ratio: 0.1
    depth_of_discharge: 0.4
  Li-ion:
    cost: 275.418
    lifetime: 16.2294
    annual_cost: 16.970313135420906
    efficiency: 0.928598
    discharge_ratio: 2
    depth_of_discharge: 0.9
  Pb-acid:
    cost: 192.627
    lifetime: 11.6701
    annual_cost: 16.506028225979215
    efficiency: 0.756444
    discharge_ratio: 5
    depth_of_discharge: 0.5
  VRBF:
    cost: 252.716
    lifetime: 20.3614
    annual_cost: 12.411523765556396
    efficiency: 0.754062
    discharge_ratio: 0.5
    depth_of_discharge: 1.0
