cost_values:
  wind_capex: 5000.0
  wind_opex: 100
  wind_lifetime: 20
  solar_capex: 1000.0
  solar_opex: 10
  solar_lifetime: 20
  carbon_price: 1.0
timeseries_values:
  load_level: 236071.66236818826
  wind_year: 2010
  solar_year: 2010
  price_year: 2023
  carbon_year: 2023
storage_values:
  CAES:
    cost: 46.8775
    lifetime: 23.3448
    annual_cost: 2.0080489016826015
    efficiency: 0.588428
    discharge_ratio: 0.1
    depth_of_discharge: 0.4
  Li-ion:
    cost: 276.125
    lifetime: 15.593
    annual_cost: 17.70826652985314
    efficiency: 0.925409
    discharge_ratio: 2
    depth_of_discharge: 0.9
  Pb-acid:
    cost: 185.132
    lifetime: 10.9149
    annual_cost: 16.961401387094707
    efficiency: 0.758263
    discharge_ratio: 5
    depth_of_discharge: 0.5
  VRBF:
    cost: 225.399
    lifetime: 21.0873
    annual_cost: 10.688850635216458
    efficiency: 0.758781
    discharge_ratio: 0.5
    depth_of_discharge: 1.0
