cost_values:
  wind_capex: 5000.0
  wind_opex: 100
  wind_lifetime: 20
  solar_capex: 1000.0
  solar_opex: 10
  solar_lifetime: 20
  carbon_price: 1.0
timeseries_values:
  load_level: 249709.68589743457
  wind_year: 2012
  solar_year: 2019
  price_year: 2023
  carbon_year: 2023
storage_values:
  CAES:
    cost: 47.8116
    lifetime: 26.1222
    annual_cost: 1.8303052575969865
    efficiency: 0.613249
    discharge_ratio: 0.1
    depth_of_discharge: 0.4
  Li-ion:
    cost: 244.233
    lifetime: 22.5758
    annual_cost: 10.818354166851229
    efficiency: 0.91769
    discharge_ratio: 2
    depth_of_discharge: 0.9
  Pb-acid:
    cost: 189.086
    lifetime: 10.4353
    annual_cost: 18.119843224440125
    efficiency: 0.698393
    discharge_ratio: 5
    depth_of_discharge: 0.5
  VRBF:
    cost: 214.859
    lifetime: 18.376
    annual_cost: 11.692370483239007
    efficiency: 0.711039
    discharge_ratio: 0.5
    depth_of_discharge: 1.0
