cost_values:
  wind_capex: 5000.0
  wind_opex: 100
  wind_lifetime: 20
  solar_capex: 1000.0
  solar_opex: 10
  solar_lifetime: 20
  carbon_price: 1.0
timeseries_values:
  load_level: 249709.68589743457
  wind_year: 2012
  solar_year: 2019
  price_year: 2023
  carbon_year: 2023
storage_values:
  CAES:
    cost: 49.8417
    lifetime: 27.4494
    annual_cost: 1.8157664648407617
    efficiency: 0.617676
    discharge_ratio: 0.1
    depth_of_discharge: 0.4
  Li-ion:
    cost: 238.296
    lifetime: 26.0459
    annual_cost: 9.149079125697327
    efficiency: 0.924184
    discharge_ratio: 2
    depth_of_discharge: 0.9
  Pb-acid:
    cost: 207.923
    lifetime: 10.0041
    annual_cost: 20.78377865075319
    efficiency: 0.661848
    discharge_ratio: 5
    depth_of_discharge: 0.5
  VRBF:
    cost: 185.797
    lifetime: 17.9373
    annual_cost: 10.35813639733962
    efficiency: 0.707831
    discharge_ratio: 0.5
    depth_of_discharge: 1.0
