cost_values:
  wind_capex: 5000.0
  wind_opex: 100
  wind_lifetime: 20
  solar_capex: 1000.0
  solar_opex: 10
  solar_lifetime: 20
  carbon_price: 1.0
timeseries_values:
  load_level: 249709.68589743457
  wind_year: 2012
  solar_year: 2019
  price_year: 2023
  carbon_year: 2023
storage_values:
  CAES:
    cost: 49.0655
    lifetime: 27.1451
    annual_cost: 1.8075269569830283
    efficiency: 0.602816
    discharge_ratio: 0.1
    depth_of_discharge: 0.4
  Li-ion:
    cost: 228.73
    lifetime: 25.6959
    annual_cost: 8.901420070906253
    efficiency: 0.911941
    discharge_ratio: 2
    depth_of_discharge: 0.9
  Pb-acid:
    cost: 185.312
    lifetime: 9.2757
    annual_cost: 19.978222667830998
    efficiency: 0.675549
    discharge_ratio: 5
    depth_of_discharge: 0.5
  VRBF:
    cost: 203.846
    lifetime: 17.0508
    annual_cost: 11.955216177540057
    efficiency: 0.72025
    discharge_ratio: 0.5
    depth_of_discharge: 1.0
