cost_values:
  wind_capex: 5000.0
  wind_opex: 100
  wind_lifetime: 20
  solar_capex: 1000.0
  solar_opex: 10
  solar_lifetime: 20
  carbon_price: 1.0
timeseries_values:
  load_level: 249709.68589743457
  wind_year: 2012
  solar_year: 2019
  price_year: 2023
  carbon_year: 2023
storage_values:
  CAES:
    cost: 50.4441
    lifetime: 26.254
    annual_cost: 1.9213872171859525
    efficiency: 0.614587
    discharge_ratio: 0.1
    depth_of_discharge: 0.4
  Li-ion:
    cost: 242.215
    lifetime: 25.4171
    annual_cost: 9.529608019797696
    efficiency: 0.921819
    discharge_ratio: 2
    depth_of_discharge: 0.9
  Pb-acid:
    cost: 196.495
    lifetime: 10.2441
    annual_cost: 19.181284837125762
    efficiency: 0.663219
    discharge_ratio: 5
    depth_of_discharge: 0.5
  VRBF:
    cost: 225.062
    lifetime: 18.463
    annual_cost: 12.189893300113742
    efficiency: 0.691478
    discharge_ratio: 0.5
    depth_of_discharge: 1.0
