cost_values:
  wind_capex: 5000.0
  wind_opex: 100
  wind_lifetime: 20
  solar_capex: 1000.0
  solar_opex: 10
  solar_lifetime: 20
  carbon_price: 1.0
timeseries_values:
  load_level: 249709.68589743457
  wind_year: 2012
  solar_year: 2019
  price_year: 2023
  carbon_year: 2023
storage_values:
  CAES:
    cost: 51.9689
    lifetime: 26.9077
    annual_cost: 1.9313765204755518
    efficiency: 0.610902
    discharge_ratio: 0.1
    depth_of_discharge: 0.4
  Li-ion:
    cost: 257.41
    lifetime: 22.0406
    annual_cost: 11.678901663294104
    efficiency: 0.929324
    discharge_ratio: 2
    depth_of_discharge: 0.9
  Pb-acid:
    cost: 185.32
    lifetime: 9.72466
    annual_cost: 19.05670738102926
    efficiency: 0.691684
    discharge_ratio: 5
    depth_of_discharge: 0.5
  VRBF:
    cost: 180.388
    lifetime: 16.0841
    annual_cost: 11.215299581574351
    efficiency: 0.69902
    discharge_ratio: 0.5
    depth_of_discharge: 1.0
