cost_values:
  wind_capex: 5000.0
  wind_opex: 100
  wind_lifetime: 20
  solar_capex: 1000.0
  solar_opex: 10
  solar_lifetime: 20
  carbon_price: 1.0
timeseries_values:
  load_level: 249709.68589743457
  wind_year: 2012
  solar_year: 2019
  price_year: 2023
  carbon_year: 2023
storage_values:
  CAES:
    cost: 47.7726
    lifetime: 26.4401
    annual_cost: 1.8068237260827302
    efficiency: 0.604748
    discharge_ratio: 0.1
    depth_of_discharge: 0.4
  Li-ion:
    cost: 238.146
    lifetime: 21.7668
    annual_cost: 10.940790561772975
    efficiency: 0.909262
    discharge_ratio: 2
    depth_of_discharge: 0.9
  Pb-acid:
    cost: 206.206
    lifetime: 9.78024
    annual_cost: 21.083940680392303
    efficiency: 0.679725
    discharge_ratio: 5
    depth_of_discharge: 0.5
  VRBF:
    cost: 218.438
    lifetime: 20.0776
    annual_cost: 10.87968681515719
    efficiency: 0.723833
    discharge_ratio: 0.5
    depth_of_discharge: 1.0
