cost_values:
  wind_capex: 5000.0
  wind_opex: 100
  wind_lifetime: 20
  solar_capex: 1000.0
  solar_opex: 10
  solar_lifetime: 20
  carbon_price: 1.0
timeseries_values:
  load_level: 249709.68589743457
  wind_year: 2012
  solar_year: 2019
  price_year: 2023
  carbon_year: 2023
storage_values:
  CAES:
    cost: 54.9416
    lifetime: 27.0879
    annual_cost: 2.0282709253947333
    efficiency: 0.602642
    discharge_ratio: 0.1
    depth_of_discharge: 0.4
  Li-ion:
    cost: 227.642
    lifetime: 22.9903
    annual_cost: 9.90165417589157
    efficiency: 0.921065
    discharge_ratio: 2
    depth_of_discharge: 0.9
  Pb-acid:
    cost: 191.572
    lifetime: 9.48682
    annual_cost: 20.193489493845146
    efficiency: 0.682459
    discharge_ratio: 5
    depth_of_discharge: 0.5
  VRBF:
    cost: 208.633
    lifetime: 19.3536
    annual_cost: 10.780061590608467
    efficiency: 0.712992
    discharge_ratio: 0.5
    depth_of_discharge: 1.0
