cost_values:
  wind_capex: 5000.0
  wind_opex: 100
  wind_lifetime: 20
  solar_capex: 1000.0
  solar_opex: 10
  solar_lifetime: 20
  carbon_price: 1.0
timeseries_values:
  load_level: 249709.68589743457
  wind_year: 2012
  solar_year: 2019
  price_year: 2023
  carbon_year: 2023
storage_values:
  CAES:
    cost: 56.0061
    lifetime: 27.3079
    annual_cost: 2.050912007148115
    efficiency: 0.612577
    discharge_ratio: 0.1
    depth_of_discharge: 0.4
  Li-ion:
    cost: 235.031
    lifetime: 23.3888
    annual_cost: 10.048869544397318
    efficiency: 0.911624
    discharge_ratio: 2
    depth_of_discharge: 0.9
  Pb-acid:
    cost: 206.344
    lifetime: 9.28476
    annual_cost: 22.223945476242786
    efficiency: 0.679342
    discharge_ratio: 5
    depth_of_discharge: 0.5
  VRBF:
    cost: 201.248
    lifetime: 16.9599
    annual_cost: 11.866107701106728
    efficiency: 0.692163
    discharge_ratio: 0.5
    depth_of_discharge: 1.0
