cost_values:
  wind_capex: 5000.0
  wind_opex: 100
  wind_lifetime: 20
  solar_capex: 1000.0
  solar_opex: 10
  solar_lifetime: 20
  carbon_price: 1.0
timeseries_values:
  load_level: 249709.68589743457
  wind_year: 2012
  solar_year: 2019
  price_year: 2023
  carbon_year: 2023
storage_values:
  CAES:
    cost: 54.9898
    lifetime: 27.2104
    annual_cost: 2.0209111222179756
    efficiency: 0.613554
    discharge_ratio: 0.1
    depth_of_discharge: 0.4
  Li-ion:
    cost: 236.541
    lifetime: 21.7078
    annual_cost: 10.896590165746876
    efficiency: 0.911067
    discharge_ratio: 2
    depth_of_discharge: 0.9
  Pb-acid:
    cost: 207.382
    lifetime: 10.4499
    annual_cost: 19.84535737184088
    efficiency: 0.679104
    discharge_ratio: 5
    depth_of_discharge: 0.5
  VRBF:
    cost: 224.222
    lifetime: 19.8576
    annual_cost: 11.291495447586819
    efficiency: 0.708807
    discharge_ratio: 0.5
    depth_of_discharge: 1.0
