cost_values:
  wind_capex: 5000.0
  wind_opex: 100
  wind_lifetime: 20
  solar_capex: 1000.0
  solar_opex: 10
  solar_lifetime: 20
  carbon_price: 1.0
timeseries_values:
  load_level: 249709.68589743457
  wind_year: 2012
  solar_year: 2019
  price_year: 2023
  carbon_year: 2023
storage_values:
  CAES:
    cost: 54.7101
    lifetime: 26.3069
    annual_cost: 2.0796863180382332
    efficiency: 0.60515
    discharge_ratio: 0.1
    depth_of_discharge: 0.4
  Li-ion:
    cost: 230.534
    lifetime: 22.065
    annual_cost: 10.44794924087922
    efficiency: 0.908793
    discharge_ratio: 2
    depth_of_discharge: 0.9
  Pb-acid:
    cost: 199.064
    lifetime: 11.1324
    annual_cost: 17.881499047824366
    efficiency: 0.681427
    discharge_ratio: 5
    depth_of_discharge: 0.5
  VRBF:
    cost: 212.971
    lifetime: 17.7576
    annual_cost: 11.993231067261341
    efficiency: 0.733876
    discharge_ratio: 0.5
    depth_of_discharge: 1.0
