cost_values:
  wind_capex: 5000.0
  wind_opex: 100
  wind_lifetime: 20
  solar_capex: 1000.0
  solar_opex: 10
  solar_lifetime: 20
  carbon_price: 1.0
timeseries_values:
  load_level: 249709.68589743457
  wind_year: 2012
  solar_year: 2019
  price_year: 2023
  carbon_year: 2023
storage_values:
  CAES:
    cost: 49.8243
    lifetime: 26.4901
    annual_cost: 1.8808649268972182
    efficiency: 0.613991
    discharge_ratio: 0.1
    depth_of_discharge: 0.4
  Li-ion:
    cost: 229.757
    lifetime: 21.8969
    annual_cost: 10.4926724787527
    efficiency: 0.915562
    discharge_ratio: 2
    depth_of_discharge: 0.9
  Pb-acid:
    cost: 197.906
    lifetime: 9.88114
    annual_cost: 20.028660660612033
    efficiency: 0.680669
    discharge_ratio: 5
    depth_of_discharge: 0.5
  VRBF:
    cost: 230.217
    lifetime: 16.0652
    annual_cost: 14.330167069193038
    efficiency: 0.72074
    discharge_ratio: 0.5
    depth_of_discharge: 1.0
