cost_values:
  wind_capex: 5000.0
  wind_opex: 100
  wind_lifetime: 20
  solar_capex: 1000.0
  solar_opex: 10
  solar_lifetime: 20
  carbon_price: 1.0
timeseries_values:
  load_level: 249709.68589743457
  wind_year: 2012
  solar_year: 2019
  price_year: 2023
  carbon_year: 2023
storage_values:
  CAES:
    cost: 55.6324
    lifetime: 27.0857
    annual_cost: 2.053939901867037
    efficiency: 0.608787
    discharge_ratio: 0.1
    depth_of_discharge: 0.4
  Li-ion:
    cost: 242.359
    lifetime: 24.9438
    annual_cost: 9.716202022145785
    efficiency: 0.927893
    discharge_ratio: 2
    depth_of_discharge: 0.9
  Pb-acid:
    cost: 188.395
    lifetime: 9.10797
    annual_cost: 20.6846311527157
    efficiency: 0.682586
    discharge_ratio: 5
    depth_of_discharge: 0.5
  VRBF:
    cost: 179.126
    lifetime: 17.2971
    annual_cost: 10.355839996299958
    efficiency: 0.681629
    discharge_ratio: 0.5
    depth_of_discharge: 1.0
