cost_values:
  wind_capex: 5000.0
  wind_opex: 100
  wind_lifetime: 20
  solar_capex: 1000.0
  solar_opex: 10
  solar_lifetime: 20
  carbon_price: 1.0
timeseries_values:
  load_level: 249709.68589743457
  wind_year: 2012
  solar_year: 2019
  price_year: 2023
  carbon_year: 2023
storage_values:
  CAES:
    cost: 55.3928
    lifetime: 26.3774
    annual_cost: 2.1000098569229717
    efficiency: 0.605049
    discharge_ratio: 0.1
    depth_of_discharge: 0.4
  Li-ion:
    cost: 246.462
    lifetime: 23.5121
    annual_cost: 10.482347387090051
    efficiency: 0.918099
    discharge_ratio: 2
    depth_of_discharge: 0.9
  Pb-acid:
    cost: 203.71
    lifetime: 9.64711
    annual_cost: 21.116168469106295
    efficiency: 0.687831
    discharge_ratio: 5
    depth_of_discharge: 0.5
  VRBF:
    cost: 168.814
    lifetime: 18.7275
    annual_cost: 9.014230409825123
    efficiency: 0.710142
    discharge_ratio: 0.5
    depth_of_discharge: 1.0
