cost_values:
  wind_capex: 5000.0
  wind_opex: 100
  wind_lifetime: 20
  solar_capex: 1000.0
  solar_opex: 10
  solar_lifetime: 20
  carbon_price: 1.0
timeseries_values:
  load_level: 249709.68589743457
  wind_year: 2012
  solar_year: 2019
  price_year: 2023
  carbon_year: 2023
storage_values:
  CAES:
    cost: 54.635
    lifetime: 27.7539
    annual_cost: 1.9685521674431339
    efficiency: 0.609757
    discharge_ratio: 0.1
    depth_of_discharge: 0.4
  Li-ion:
    cost: 230.475
    lifetime: 26.2404
    annual_cost: 8.783212146156307
    efficiency: 0.906364
    discharge_ratio: 2
    depth_of_discharge: 0.9
  Pb-acid:
    cost: 195.708
    lifetime: 9.20921
    annual_cost: 21.251334262113687
    efficiency: 0.67183
    discharge_ratio: 5
    depth_of_discharge: 0.5
  VRBF:
    cost: 181.357
    lifetime: 18.3249
    annual_cost: 9.896752506152831
    efficiency: 0.732358
    discharge_ratio: 0.5
    depth_of_discharge: 1.0
