cost_values:
  wind_capex: 5000.0
  wind_opex: 100
  wind_lifetime: 20
  solar_capex: 1000.0
  solar_opex: 10
  solar_lifetime: 20
  carbon_price: 1.0
timeseries_values:
  load_level: 249709.68589743457
  wind_year: 2012
  solar_year: 2019
  price_year: 2023
  carbon_year: 2023
storage_values:
  CAES:
    cost: 54.3858
    lifetime: 27.0267
    annual_cost: 2.0122989488172807
    efficiency: 0.614645
    discharge_ratio: 0.1
    depth_of_discharge: 0.4
  Li-ion:
    cost: 239.092
    lifetime: 23.6766
    annual_cost: 10.098240456822348
    efficiency: 0.904205
    discharge_ratio: 2
    depth_of_discharge: 0.9
  Pb-acid:
    cost: 221.71
    lifetime: 10.9287
    annual_cost: 20.286950872473398
    efficiency: 0.687746
    discharge_ratio: 5
    depth_of_discharge: 0.5
  VRBF:
    cost: 195.902
    lifetime: 18.3508
    annual_cost: 10.675392898402249
    efficiency: 0.708687
    discharge_ratio: 0.5
    depth_of_discharge: 1.0
