cost_values:
  wind_capex: 5000.0
  wind_opex: 100
  wind_lifetime: 20
  solar_capex: 1000.0
  solar_opex: 10
  solar_lifetime: 20
  carbon_price: 1.0
timeseries_values:
  load_level: 249709.68589743457
  wind_year: 2012
  solar_year: 2019
  price_year: 2023
  carbon_year: 2023
storage_values:
  CAES:
    cost: 52.7352
    lifetime: 27.4479
    annual_cost: 1.9212835954663197
    efficiency: 0.612442
    discharge_ratio: 0.1
    depth_of_discharge: 0.4
  Li-ion:
    cost: 250.302
    lifetime: 23.6109
    annual_cost: 10.601120668843627
    efficiency: 0.902543
    discharge_ratio: 2
    depth_of_discharge: 0.9
  Pb-acid:
    cost: 214.232
    lifetime: 9.38402
    annual_cost: 22.829448360084484
    efficiency: 0.687238
    discharge_ratio: 5
    depth_of_discharge: 0.5
  VRBF:
    cost: 242.904
    lifetime: 18.226
    annual_cost: 13.327334576977943
    efficiency: 0.71028
    discharge_ratio: 0.5
    depth_of_discharge: 1.0
