cost_values:
  wind_capex: 5000.0
  wind_opex: 100
  wind_lifetime: 20
  solar_capex: 1000.0
  solar_opex: 10
  solar_lifetime: 20
  carbon_price: 1.0
timeseries_values:
  load_level: 249709.68589743457
  wind_year: 2012
  solar_year: 2019
  price_year: 2023
  carbon_year: 2023
storage_values:
  CAES:
    cost: 47.043
    lifetime: 26.7741
    annual_cost: 1.7570338498773068
    efficiency: 0.621536
    discharge_ratio: 0.1
    depth_of_discharge: 0.4
  Li-ion:
    cost: 222.599
    lifetime: 21.8484
    annual_cost: 10.188343311180681
    efficiency: 0.895558
    discharge_ratio: 2
    depth_of_discharge: 0.9
  Pb-acid:
    cost: 187.452
    lifetime: 9.66068
    annual_cost: 19.40360305899792
    efficiency: 0.683776
    discharge_ratio: 5
    depth_of_discharge: 0.5
  VRBF:
    cost: 191.768
    lifetime: 19.4299
    annual_cost: 9.869736848877245
    efficiency: 0.714119
    discharge_ratio: 0.5
    depth_of_discharge: 1.0
