cost_values:
  wind_capex: 5000.0
  wind_opex: 100
  wind_lifetime: 20
  solar_capex: 1000.0
  solar_opex: 10
  solar_lifetime: 20
  carbon_price: 1.0
timeseries_values:
  load_level: 249709.68589743457
  wind_year: 2012
  solar_year: 2019
  price_year: 2023
  carbon_year: 2023
storage_values:
  CAES:
    cost: 51.4025
    lifetime: 26.6382
    annual_cost: 1.9296536552770083
    efficiency: 0.603881
    discharge_ratio: 0.1
    depth_of_discharge: 0.4
  Li-ion:
    cost: 228.959
    lifetime: 25.0728
    annual_cost: 9.131768290737373
    efficiency: 0.89637
    discharge_ratio: 2
    depth_of_discharge: 0.9
  Pb-acid:
    cost: 179.566
    lifetime: 9.97358
    annual_cost: 18.004167009238408
    efficiency: 0.662101
    discharge_ratio: 5
    depth_of_discharge: 0.5
  VRBF:
    cost: 216.706
    lifetime: 19.0487
    annual_cost: 11.37641938819972
    efficiency: 0.706506
    discharge_ratio: 0.5
    depth_of_discharge: 1.0
