cost_values:
  wind_capex: 5000.0
  wind_opex: 100
  wind_lifetime: 20
  solar_capex: 1000.0
  solar_opex: 10
  solar_lifetime: 20
  carbon_price: 1.0
timeseries_values:
  load_level: 249709.68589743457
  wind_year: 2012
  solar_year: 2019
  price_year: 2023
  carbon_year: 2023
storage_values:
  CAES:
    cost: 54.5709
    lifetime: 26.6776
    annual_cost: 2.0455700662728282
    efficiency: 0.60685
    discharge_ratio: 0.1
    depth_of_discharge: 0.4
  Li-ion:
    cost: 228.153
    lifetime: 25.0118
    annual_cost: 9.121814503554322
    efficiency: 0.918518
    discharge_ratio: 2
    depth_of_discharge: 0.9
  Pb-acid:
    cost: 197.123
    lifetime: 10.3771
    annual_cost: 18.995962263060004
    efficiency: 0.682034
    discharge_ratio: 5
    depth_of_discharge: 0.5
  VRBF:
    cost: 209.05
    lifetime: 17.3771
    annual_cost: 12.030200666394279
    efficiency: 0.712499
    discharge_ratio: 0.5
    depth_of_discharge: 1.0
