cost_values:
  wind_capex: 5000.0
  wind_opex: 100
  wind_lifetime: 20
  solar_capex: 1000.0
  solar_opex: 10
  solar_lifetime: 20
  carbon_price: 1.0
timeseries_values:
  load_level: 249709.68589743457
  wind_year: 2012
  solar_year: 2019
  price_year: 2023
  carbon_year: 2023
storage_values:
  CAES:
    cost: 55.914
    lifetime: 26.6171
    annual_cost: 2.1006796382776485
    efficiency: 0.600484
    discharge_ratio: 0.1
    depth_of_discharge: 0.4
  Li-ion:
    cost: 216.172
    lifetime: 25.3941
    annual_cost: 8.512686017618265
    efficiency: 0.912987
    discharge_ratio: 2
    depth_of_discharge: 0.9
  Pb-acid:
    cost: 202.793
    lifetime: 10.2782
    annual_cost: 19.730400264637776
    efficiency: 0.680244
    discharge_ratio: 5
    depth_of_discharge: 0.5
  VRBF:
    cost: 192.069
    lifetime: 20.4786
    annual_cost: 9.379010283906126
    efficiency: 0.705105
    discharge_ratio: 0.5
    depth_of_discharge: 1.0
