cost_values:
  wind_capex: 5000.0
  wind_opex: 100
  wind_lifetime: 20
  solar_capex: 1000.0
  solar_opex: 10
  solar_lifetime: 20
  carbon_price: 1.0
timeseries_values:
  load_level: 249709.68589743457
  wind_year: 2012
  solar_year: 2019
  price_year: 2023
  carbon_year: 2023
storage_values:
  CAES:
    cost: 58.9569
    lifetime: 27.5488
    annual_cost: 2.1400895864792657
    efficiency: 0.612675
    discharge_ratio: 0.1
    depth_of_discharge: 0.4
  Li-ion:
    cost: 235.188
    lifetime: 23.0581
    annual_cost: 10.199799636570228
    efficiency: 0.918049
    discharge_ratio: 2
    depth_of_discharge: 0.9
  Pb-acid:
    cost: 202.239
    lifetime: 9.69669
    annual_cost: 20.8564984546273
    efficiency: 0.670404
    discharge_ratio: 5
    depth_of_discharge: 0.5
  VRBF:
    cost: 211.25
    lifetime: 18.4793
    annual_cost: 11.431710075598103
    efficiency: 0.714618
    discharge_ratio: 0.5
    depth_of_discharge: 1.0
