cost_values:
  wind_capex: 5000.0
  wind_opex: 100
  wind_lifetime: 20
  solar_capex: 1000.0
  solar_opex: 10
  solar_lifetime: 20
  carbon_price: 1.0
timeseries_values:
  load_level: 249709.68589743457
  wind_year: 2012
  solar_year: 2019
  price_year: 2023
  carbon_year: 2023
storage_values:
  CAES:
    cost: 51.3577
    lifetime: 27.8722
    annual_cost: 1.8426137872145005
    efficiency: 0.616412
    discharge_ratio: 0.1
    depth_of_discharge: 0.4
  Li-ion:
    cost: 200.419
    lifetime: 23.8964
    annual_cost: 8.386995530707555
    efficiency: 0.917032
    discharge_ratio: 2
    depth_of_discharge: 0.9
  Pb-acid:
    cost: 209.688
    lifetime: 10.5982
    annual_cost: 19.785246551301164
    efficiency: 0.678109
    discharge_ratio: 5
    depth_of_discharge: 0.5
  VRBF:
    cost: 202.136
    lifetime: 19.1344
    annual_cost: 10.56401036875993
    efficiency: 0.727671
    discharge_ratio: 0.5
    depth_of_discharge: 1.0
