cost_values:
  wind_capex: 5000.0
  wind_opex: 100
  wind_lifetime: 20
  solar_capex: 1000.0
  solar_opex: 10
  solar_lifetime: 20
  carbon_price: 1.0
timeseries_values:
  load_level: 249709.68589743457
  wind_year: 2012
  solar_year: 2019
  price_year: 2023
  carbon_year: 2023
storage_values:
  CAES:
    cost: 50.3555
    lifetime: 27.5122
    annual_cost: 1.830297104557251
    efficiency: 0.597424
    discharge_ratio: 0.1
    depth_of_discharge: 0.4
  Li-ion:
    cost: 235.263
    lifetime: 21.9354
    annual_cost: 10.725266008370031
    efficiency: 0.909309
    discharge_ratio: 2
    depth_of_discharge: 0.9
  Pb-acid:
    cost: 216.376
    lifetime: 9.38763
    annual_cost: 23.049054979797884
    efficiency: 0.685393
    discharge_ratio: 5
    depth_of_discharge: 0.5
  VRBF:
    cost: 196.774
    lifetime: 18.9458
    annual_cost: 10.386154187207719
    efficiency: 0.715522
    discharge_ratio: 0.5
    depth_of_discharge: 1.0
