cost_values:
  wind_capex: 5000.0
  wind_opex: 100
  wind_lifetime: 20
  solar_capex: 1000.0
  solar_opex: 10
  solar_lifetime: 20
  carbon_price: 1.0
timeseries_values:
  load_level: 249709.68589743457
  wind_year: 2012
  solar_year: 2019
  price_year: 2023
  carbon_year: 2023
storage_values:
  CAES:
    cost: 53.2847
    lifetime: 25.9761
    annual_cost: 2.0512971539222593
    efficiency: 0.618988
    discharge_ratio: 0.1
    depth_of_discharge: 0.4
  Li-ion:
    cost: 224.77
    lifetime: 23.3234
    annual_cost: 9.637102652271968
    efficiency: 0.913171
    discharge_ratio: 2
    depth_of_discharge: 0.9
  Pb-acid:
    cost: 188.667
    lifetime: 7.89894
    annual_cost: 23.885103570858877
    efficiency: 0.680943
    discharge_ratio: 5
    depth_of_discharge: 0.5
  VRBF:
    cost: 211.822
    lifetime: 16.946
    annual_cost: 12.499822967071875
    efficiency: 0.711948
    discharge_ratio: 0.5
    depth_of_discharge: 1.0
