cost_values:
  wind_capex: 5000.0
  wind_opex: 100
  wind_lifetime: 20
  solar_capex: 1000.0
  solar_opex: 10
  solar_lifetime: 20
  carbon_price: 1.0
timeseries_values:
  load_level: 249709.68589743457
  wind_year: 2012
  solar_year: 2019
  price_year: 2023
  carbon_year: 2023
storage_values:
  CAES:
    cost: 54.39
    lifetime: 26.6135
    annual_cost: 2.043699626129596
    efficiency: 0.619374
    discharge_ratio: 0.1
    depth_of_discharge: 0.4
  Li-ion:
    cost: 217.185
    lifetime: 24.0747
    annual_cost: 9.021296215529166
    efficiency: 0.916445
    discharge_ratio: 2
    depth_of_discharge: 0.9
  Pb-acid:
    cost: 182.058
    lifetime: 9.30804
    annual_cost: 19.559219771294494
    efficiency: 0.667341
    discharge_ratio: 5
    depth_of_discharge: 0.5
  VRBF:
    cost: 210.842
    lifetime: 18.9614
    annual_cost: 11.119537586887045
    efficiency: 0.711972
    discharge_ratio: 0.5
    depth_of_discharge: 1.0
