cost_values:
  wind_capex: 5000.0
  wind_opex: 100
  wind_lifetime: 20
  solar_capex: 1000.0
  solar_opex: 10
  solar_lifetime: 20
  carbon_price: 1.0
timeseries_values:
  load_level: 249709.68589743457
  wind_year: 2012
  solar_year: 2019
  price_year: 2023
  carbon_year: 2023
storage_values:
  CAES:
    cost: 42.7761
    lifetime: 27.5506
    annual_cost: 1.5526376921010794
    efficiency: 0.610686
    discharge_ratio: 0.1
    depth_of_discharge: 0.4
  Li-ion:
    cost: 223.711
    lifetime: 25.1807
    annual_cost: 8.884224822979505
    efficiency: 0.909475
    discharge_ratio: 2
    depth_of_discharge: 0.9
  Pb-acid:
    cost: 194.119
    lifetime: 11.8906
    annual_cost: 16.325416715725027
    efficiency: 0.684972
    discharge_ratio: 5
    depth_of_discharge: 0.5
  VRBF:
    cost: 214.79
    lifetime: 20.9626
    annual_cost: 10.246343487926117
    efficiency: 0.720812
    discharge_ratio: 0.5
    depth_of_discharge: 1.0
