cost_values:
  wind_capex: 5000.0
  wind_opex: 100
  wind_lifetime: 20
  solar_capex: 1000.0
  solar_opex: 10
  solar_lifetime: 20
  carbon_price: 1.0
timeseries_values:
  load_level: 249709.68589743457
  wind_year: 2012
  solar_year: 2019
  price_year: 2023
  carbon_year: 2023
storage_values:
  CAES:
    cost: 56.6006
    lifetime: 27.1857
    annual_cost: 2.081998992117179
    efficiency: 0.618922
    discharge_ratio: 0.1
    depth_of_discharge: 0.4
  Li-ion:
    cost: 224.554
    lifetime: 25.1768
    annual_cost: 8.919084236281021
    efficiency: 0.903824
    discharge_ratio: 2
    depth_of_discharge: 0.9
  Pb-acid:
    cost: 195.663
    lifetime: 9.90901
    annual_cost: 19.745968568000233
    efficiency: 0.682275
    discharge_ratio: 5
    depth_of_discharge: 0.5
  VRBF:
    cost: 203.057
    lifetime: 15.5324
    annual_cost: 13.07312456542453
    efficiency: 0.715828
    discharge_ratio: 0.5
    depth_of_discharge: 1.0
