cost_values:
  wind_capex: 5000.0
  wind_opex: 100
  wind_lifetime: 20
  solar_capex: 1000.0
  solar_opex: 10
  solar_lifetime: 20
  carbon_price: 1.0
timeseries_values:
  load_level: 249709.68589743457
  wind_year: 2012
  solar_year: 2019
  price_year: 2023
  carbon_year: 2023
storage_values:
  CAES:
    cost: 50.9892
    lifetime: 27.5621
    annual_cost: 1.8499751470316121
    efficiency: 0.60695
    discharge_ratio: 0.1
    depth_of_discharge: 0.4
  Li-ion:
    cost: 208.741
    lifetime: 23.9899
    annual_cost: 8.701203423107225
    efficiency: 0.906531
    discharge_ratio: 2
    depth_of_discharge: 0.9
  Pb-acid:
    cost: 193.224
    lifetime: 11.3725
    annual_cost: 16.990459441635522
    efficiency: 0.685491
    discharge_ratio: 5
    depth_of_discharge: 0.5
  VRBF:
    cost: 211.219
    lifetime: 15.9345
    annual_cost: 13.255452006652233
    efficiency: 0.704358
    discharge_ratio: 0.5
    depth_of_discharge: 1.0
