cost_values:
  wind_capex: 5000.0
  wind_opex: 100
  wind_lifetime: 20
  solar_capex: 1000.0
  solar_opex: 10
  solar_lifetime: 20
  carbon_price: 1.0
timeseries_values:
  load_level: 249709.68589743457
  wind_year: 2012
  solar_year: 2019
  price_year: 2023
  carbon_year: 2023
storage_values:
  CAES:
    cost: 56.1011
    lifetime: 27.2522
    annual_cost: 2.0585897652299634
    efficiency: 0.617177
    discharge_ratio: 0.1
    depth_of_discharge: 0.4
  Li-ion:
    cost: 231.703
    lifetime: 22.9226
    annual_cost: 10.10805929519339
    efficiency: 0.914712
    discharge_ratio: 2
    depth_of_discharge: 0.9
  Pb-acid:
    cost: 202.953
    lifetime: 11.3247
    annual_cost: 17.921269437600998
    efficiency: 0.66452
    discharge_ratio: 5
    depth_of_discharge: 0.5
  VRBF:
    cost: 203.825
    lifetime: 17.3106
    annual_cost: 11.774577426547895
    efficiency: 0.709735
    discharge_ratio: 0.5
    depth_of_discharge: 1.0
