cost_values:
  wind_capex: 5000.0
  wind_opex: 100
  wind_lifetime: 20
  solar_capex: 1000.0
  solar_opex: 10
  solar_lifetime: 20
  carbon_price: 1.0
timeseries_values:
  load_level: 249709.68589743457
  wind_year: 2012
  solar_year: 2019
  price_year: 2023
  carbon_year: 2023
storage_values:
  CAES:
    cost: 53.9169
    lifetime: 26.7735
    annual_cost: 2.013815900050423
    efficiency: 0.611753
    discharge_ratio: 0.1
    depth_of_discharge: 0.4
  Li-ion:
    cost: 226.182
    lifetime: 26.5578
    annual_cost: 8.516593994984524
    efficiency: 0.903445
    discharge_ratio: 2
    depth_of_discharge: 0.9
  Pb-acid:
    cost: 194.504
    lifetime: 10.0113
    annual_cost: 19.428445856182513
    efficiency: 0.681575
    discharge_ratio: 5
    depth_of_discharge: 0.5
  VRBF:
    cost: 229.629
    lifetime: 18.6153
    annual_cost: 12.33549821920678
    efficiency: 0.688865
    discharge_ratio: 0.5
    depth_of_discharge: 1.0
