cost_values:
  wind_capex: 5000.0
  wind_opex: 100
  wind_lifetime: 20
  solar_capex: 1000.0
  solar_opex: 10
  solar_lifetime: 20
  carbon_price: 1.0
timeseries_values:
  load_level: 249709.68589743457
  wind_year: 2012
  solar_year: 2019
  price_year: 2023
  carbon_year: 2023
storage_values:
  CAES:
    cost: 55.7176
    lifetime: 26.9635
    annual_cost: 2.0664082926919725
    efficiency: 0.616537
    discharge_ratio: 0.1
    depth_of_discharge: 0.4
  Li-ion:
    cost: 223.974
    lifetime: 21.9381
    annual_cost: 10.209361795232951
    efficiency: 0.924637
    discharge_ratio: 2
    depth_of_discharge: 0.9
  Pb-acid:
    cost: 205.797
    lifetime: 10.8059
    annual_cost: 19.044873633848177
    efficiency: 0.685615
    discharge_ratio: 5
    depth_of_discharge: 0.5
  VRBF:
    cost: 202.632
    lifetime: 18.2352
    annual_cost: 11.112134772308503
    efficiency: 0.717338
    discharge_ratio: 0.5
    depth_of_discharge: 1.0
