cost_values:
  wind_capex: 5000.0
  wind_opex: 100
  wind_lifetime: 20
  solar_capex: 1000.0
  solar_opex: 10
  solar_lifetime: 20
  carbon_price: 1.0
timeseries_values:
  load_level: 249709.68589743457
  wind_year: 2012
  solar_year: 2019
  price_year: 2023
  carbon_year: 2023
storage_values:
  CAES:
    cost: 54.251
    lifetime: 26.9882
    annual_cost: 2.010174817142307
    efficiency: 0.608477
    discharge_ratio: 0.1
    depth_of_discharge: 0.4
  Li-ion:
    cost: 221.311
    lifetime: 23.654
    annual_cost: 9.356176545193202
    efficiency: 0.917059
    discharge_ratio: 2
    depth_of_discharge: 0.9
  Pb-acid:
    cost: 197.398
    lifetime: 10.5831
    annual_cost: 18.65219075696157
    efficiency: 0.677393
    discharge_ratio: 5
    depth_of_discharge: 0.5
  VRBF:
    cost: 212.186
    lifetime: 19.2841
    annual_cost: 11.003158042117601
    efficiency: 0.704986
    discharge_ratio: 0.5
    depth_of_discharge: 1.0
