cost_values:
  wind_capex: 5000.0
  wind_opex: 100
  wind_lifetime: 20
  solar_capex: 1000.0
  solar_opex: 10
  solar_lifetime: 20
  carbon_price: 1.0
timeseries_values:
  load_level: 249709.68589743457
  wind_year: 2012
  solar_year: 2019
  price_year: 2023
  carbon_year: 2023
storage_values:
  CAES:
    cost: 48.1011
    lifetime: 26.4256
    annual_cost: 1.8202462763380964
    efficiency: 0.608328
    discharge_ratio: 0.1
    depth_of_discharge: 0.4
  Li-ion:
    cost: 256.7
    lifetime: 24.3215
    annual_cost: 10.554447710873095
    efficiency: 0.924571
    discharge_ratio: 2
    depth_of_discharge: 0.9
  Pb-acid:
    cost: 197.924
    lifetime: 10.3698
    annual_cost: 19.0865783332369
    efficiency: 0.703586
    discharge_ratio: 5
    depth_of_discharge: 0.5
  VRBF:
    cost: 179.618
    lifetime: 16.8232
    annual_cost: 10.676803461885967
    efficiency: 0.711261
    discharge_ratio: 0.5
    depth_of_discharge: 1.0
