cost_values:
  wind_capex: 5000.0
  wind_opex: 100
  wind_lifetime: 20
  solar_capex: 1000.0
  solar_opex: 10
  solar_lifetime: 20
  carbon_price: 1.0
timeseries_values:
  load_level: 249709.68589743457
  wind_year: 2012
  solar_year: 2019
  price_year: 2023
  carbon_year: 2023
storage_values:
  CAES:
    cost: 47.4478
    lifetime: 27.0067
    annual_cost: 1.756889956936612
    efficiency: 0.614888
    discharge_ratio: 0.1
    depth_of_discharge: 0.4
  Li-ion:
    cost: 216.165
    lifetime: 22.3835
    annual_cost: 9.657336877610739
    efficiency: 0.918891
    discharge_ratio: 2
    depth_of_discharge: 0.9
  Pb-acid:
    cost: 212.881
    lifetime: 10.3323
    annual_cost: 20.603447441518345
    efficiency: 0.694628
    discharge_ratio: 5
    depth_of_discharge: 0.5
  VRBF:
    cost: 181.359
    lifetime: 17.0116
    annual_cost: 10.660901972771521
    efficiency: 0.697896
    discharge_ratio: 0.5
    depth_of_discharge: 1.0
