cost_values:
  wind_capex: 5000.0
  wind_opex: 100
  wind_lifetime: 20
  solar_capex: 1000.0
  solar_opex: 10
  solar_lifetime: 20
  carbon_price: 1.0
timeseries_values:
  load_level: 249709.68589743457
  wind_year: 2012
  solar_year: 2019
  price_year: 2023
  carbon_year: 2023
storage_values:
  CAES:
    cost: 54.6917
    lifetime: 26.9309
    annual_cost: 2.030815902921922
    efficiency: 0.613558
    discharge_ratio: 0.1
    depth_of_discharge: 0.4
  Li-ion:
    cost: 249.726
    lifetime: 22.3384
    annual_cost: 11.17922501163915
    efficiency: 0.931793
    discharge_ratio: 2
    depth_of_discharge: 0.9
  Pb-acid:
    cost: 222.519
    lifetime: 10.0459
    annual_cost: 22.150230442269983
    efficiency: 0.687846
    discharge_ratio: 5
    depth_of_discharge: 0.5
  VRBF:
    cost: 177.342
    lifetime: 16.7521
    annual_cost: 10.586254857599945
    efficiency: 0.70358
    discharge_ratio: 0.5
    depth_of_discharge: 1.0
