cost_values:
  wind_capex: 5000.0
  wind_opex: 100
  wind_lifetime: 20
  solar_capex: 1000.0
  solar_opex: 10
  solar_lifetime: 20
  carbon_price: 1.0
timeseries_values:
  load_level: 249709.68589743457
  wind_year: 2012
  solar_year: 2019
  price_year: 2023
  carbon_year: 2023
storage_values:
  CAES:
    cost: 48.9472
    lifetime: 27.8743
    annual_cost: 1.755997460025902
    efficiency: 0.615953
    discharge_ratio: 0.1
    depth_of_discharge: 0.4
  Li-ion:
    cost: 228.136
    lifetime: 23.9875
    annual_cost: 9.510620114643043
    efficiency: 0.905066
    discharge_ratio: 2
    depth_of_discharge: 0.9
  Pb-acid:
    cost: 196.893
    lifetime: 11.4617
    annual_cost: 17.17834178176012
    efficiency: 0.683568
    discharge_ratio: 5
    depth_of_discharge: 0.5
  VRBF:
    cost: 205.754
    lifetime: 18.3515
    annual_cost: 11.211835544778355
    efficiency: 0.714033
    discharge_ratio: 0.5
    depth_of_discharge: 1.0
