cost_values:
  wind_capex: 5000.0
  wind_opex: 100
  wind_lifetime: 20
  solar_capex: 1000.0
  solar_opex: 10
  solar_lifetime: 20
  carbon_price: 1.0
timeseries_values:
  load_level: 249709.68589743457
  wind_year: 2012
  solar_year: 2019
  price_year: 2023
  carbon_year: 2023
storage_values:
  CAES:
    cost: 51.0254
    lifetime: 27.5444
    annual_cost: 1.8524781806828248
    efficiency: 0.612321
    discharge_ratio: 0.1
    depth_of_discharge: 0.4
  Li-ion:
    cost: 250.186
    lifetime: 22.7804
    annual_cost: 10.982511281628067
    efficiency: 0.911617
    discharge_ratio: 2
    depth_of_discharge: 0.9
  Pb-acid:
    cost: 200.001
    lifetime: 10.9385
    annual_cost: 18.284134022032273
    efficiency: 0.679215
    discharge_ratio: 5
    depth_of_discharge: 0.5
  VRBF:
    cost: 224.206
    lifetime: 18.3538
    annual_cost: 12.215780928200154
    efficiency: 0.723691
    discharge_ratio: 0.5
    depth_of_discharge: 1.0
