cost_values:
  wind_capex: 5000.0
  wind_opex: 100
  wind_lifetime: 20
  solar_capex: 1000.0
  solar_opex: 10
  solar_lifetime: 20
  carbon_price: 1.0
timeseries_values:
  load_level: 249709.68589743457
  wind_year: 2012
  solar_year: 2019
  price_year: 2023
  carbon_year: 2023
storage_values:
  CAES:
    cost: 52.7341
    lifetime: 27.0766
    annual_cost: 1.9475894314648072
    efficiency: 0.611475
    discharge_ratio: 0.1
    depth_of_discharge: 0.4
  Li-ion:
    cost: 248.643
    lifetime: 20.87
    annual_cost: 11.913895543842836
    efficiency: 0.907725
    discharge_ratio: 2
    depth_of_discharge: 0.9
  Pb-acid:
    cost: 204.267
    lifetime: 10.9876
    annual_cost: 18.590684043831228
    efficiency: 0.682144
    discharge_ratio: 5
    depth_of_discharge: 0.5
  VRBF:
    cost: 184.791
    lifetime: 17.8138
    annual_cost: 10.373474497299846
    efficiency: 0.723876
    discharge_ratio: 0.5
    depth_of_discharge: 1.0
