cost_values:
  wind_capex: 5000.0
  wind_opex: 100
  wind_lifetime: 20
  solar_capex: 1000.0
  solar_opex: 10
  solar_lifetime: 20
  carbon_price: 1.0
timeseries_values:
  load_level: 249709.68589743457
  wind_year: 2012
  solar_year: 2019
  price_year: 2023
  carbon_year: 2023
storage_values:
  CAES:
    cost: 48.0266
    lifetime: 27.8932
    annual_cost: 1.7218031634950455
    efficiency: 0.61373
    discharge_ratio: 0.1
    depth_of_discharge: 0.4
  Li-ion:
    cost: 260.89
    lifetime: 23.1613
    annual_cost: 11.264048218364254
    efficiency: 0.924485
    discharge_ratio: 2
    depth_of_discharge: 0.9
  Pb-acid:
    cost: 193.6
    lifetime: 10.4851
    annual_cost: 18.46429695472623
    efficiency: 0.66968
    discharge_ratio: 5
    depth_of_discharge: 0.5
  VRBF:
    cost: 194.091
    lifetime: 16.6008
    annual_cost: 11.691665461905451
    efficiency: 0.714115
    discharge_ratio: 0.5
    depth_of_discharge: 1.0
