cost_values:
  wind_capex: 5000.0
  wind_opex: 100
  wind_lifetime: 20
  solar_capex: 1000.0
  solar_opex: 10
  solar_lifetime: 20
  carbon_price: 1.0
timeseries_values:
  load_level: 249709.68589743457
  wind_year: 2012
  solar_year: 2019
  price_year: 2023
  carbon_year: 2023
storage_values:
  CAES:
    cost: 51.4549
    lifetime: 26.8396
    annual_cost: 1.9171261866793843
    efficiency: 0.612389
    discharge_ratio: 0.1
    depth_of_discharge: 0.4
  Li-ion:
    cost: 249.222
    lifetime: 23.9609
    annual_cost: 10.401195280644718
    efficiency: 0.91394
    discharge_ratio: 2
    depth_of_discharge: 0.9
  Pb-acid:
    cost: 194.959
    lifetime: 10.4691
    annual_cost: 18.622326656541635
    efficiency: 0.687993
    discharge_ratio: 5
    depth_of_discharge: 0.5
  VRBF:
    cost: 205.914
    lifetime: 15.8986
    annual_cost: 12.951706439560715
    efficiency: 0.732256
    discharge_ratio: 0.5
    depth_of_discharge: 1.0
