cost_values:
  wind_capex: 5000.0
  wind_opex: 100
  wind_lifetime: 20
  solar_capex: 1000.0
  solar_opex: 10
  solar_lifetime: 20
  carbon_price: 1.0
timeseries_values:
  load_level: 249709.68589743457
  wind_year: 2012
  solar_year: 2019
  price_year: 2023
  carbon_year: 2023
storage_values:
  CAES:
    cost: 47.3282
    lifetime: 26.8041
    annual_cost: 1.7657074850489294
    efficiency: 0.596738
    discharge_ratio: 0.1
    depth_of_discharge: 0.4
  Li-ion:
    cost: 220.308
    lifetime: 24.2259
    annual_cost: 9.093903632063205
    efficiency: 0.91966
    discharge_ratio: 2
    depth_of_discharge: 0.9
  Pb-acid:
    cost: 175.189
    lifetime: 9.50901
    annual_cost: 18.423474157667307
    efficiency: 0.68146
    discharge_ratio: 5
    depth_of_discharge: 0.5
  VRBF:
    cost: 189.781
    lifetime: 17.5629
    annual_cost: 10.805789476680959
    efficiency: 0.713587
    discharge_ratio: 0.5
    depth_of_discharge: 1.0
