cost_values:
  wind_capex: 5000.0
  wind_opex: 100
  wind_lifetime: 20
  solar_capex: 1000.0
  solar_opex: 10
  solar_lifetime: 20
  carbon_price: 1.0
timeseries_values:
  load_level: 249709.68589743457
  wind_year: 2012
  solar_year: 2019
  price_year: 2023
  carbon_year: 2023
storage_values:
  CAES:
    cost: 54.6
    lifetime: 26.4023
    annual_cost: 2.068001651371282
    efficiency: 0.616164
    discharge_ratio: 0.1
    depth_of_discharge: 0.4
  Li-ion:
    cost: 231.818
    lifetime: 24.1232
    annual_cost: 9.609753266564967
    efficiency: 0.925509
    discharge_ratio: 2
    depth_of_discharge: 0.9
  Pb-acid:
    cost: 187.628
    lifetime: 10.596
    annual_cost: 17.70743676859192
    efficiency: 0.691169
    discharge_ratio: 5
    depth_of_discharge: 0.5
  VRBF:
    cost: 198.743
    lifetime: 17.4232
    annual_cost: 11.406802424353733
    efficiency: 0.732516
    discharge_ratio: 0.5
    depth_of_discharge: 1.0
