cost_values:
  wind_capex: 5000.0
  wind_opex: 100
  wind_lifetime: 20
  solar_capex: 1000.0
  solar_opex: 10
  solar_lifetime: 20
  carbon_price: 1.0
timeseries_values:
  load_level: 249709.68589743457
  wind_year: 2012
  solar_year: 2019
  price_year: 2023
  carbon_year: 2023
storage_values:
  CAES:
    cost: 46.0617
    lifetime: 27.3132
    annual_cost: 1.6864263433065332
    efficiency: 0.618124
    discharge_ratio: 0.1
    depth_of_discharge: 0.4
  Li-ion:
    cost: 228.176
    lifetime: 22.1642
    annual_cost: 10.294799722074336
    efficiency: 0.929235
    discharge_ratio: 2
    depth_of_discharge: 0.9
  Pb-acid:
    cost: 217.273
    lifetime: 10.2849
    annual_cost: 21.125436319264164
    efficiency: 0.667684
    discharge_ratio: 5
    depth_of_discharge: 0.5
  VRBF:
    cost: 185.822
    lifetime: 18.7406
    annual_cost: 9.91547762611656
    efficiency: 0.719521
    discharge_ratio: 0.5
    depth_of_discharge: 1.0
