cost_values:
  wind_capex: 5000.0
  wind_opex: 100
  wind_lifetime: 20
  solar_capex: 1000.0
  solar_opex: 10
  solar_lifetime: 20
  carbon_price: 1.0
timeseries_values:
  load_level: 290761.82491803396
  wind_year: 2014
  solar_year: 2015
  price_year: 2023
  carbon_year: 2023
storage_values:
  CAES:
    cost: 61.4428
    lifetime: 28.6736
    annual_cost: 2.142835221248814
    efficiency: 0.586874
    discharge_ratio: 0.1
    depth_of_discharge: 0.4
  Li-ion:
    cost: 249.544
    lifetime: 14.0714
    annual_cost: 17.73412737893884
    efficiency: 0.891602
    discharge_ratio: 2
    depth_of_discharge: 0.9
  Pb-acid:
    cost: 130.583
    lifetime: 11.6135
    annual_cost: 11.244069401989064
    efficiency: 0.773976
    discharge_ratio: 5
    depth_of_discharge: 0.5
  VRBF:
    cost: 331.385
    lifetime: 18.2671
    annual_cost: 18.141084244351866
    efficiency: 0.780326
    discharge_ratio: 0.5
    depth_of_discharge: 1.0
