cost_values:
  wind_capex: 5000.0
  wind_opex: 100
  wind_lifetime: 20
  solar_capex: 1000.0
  solar_opex: 10
  solar_lifetime: 20
  carbon_price: 1.0
timeseries_values:
  load_level: 290761.82491803396
  wind_year: 2014
  solar_year: 2015
  price_year: 2023
  carbon_year: 2023
storage_values:
  CAES:
    cost: 62.9083
    lifetime: 28.1275
    annual_cost: 2.2365407519331613
    efficiency: 0.588864
    discharge_ratio: 0.1
    depth_of_discharge: 0.4
  Li-ion:
    cost: 206.863
    lifetime: 14.8121
    annual_cost: 13.96581173500044
    efficiency: 0.885561
    discharge_ratio: 2
    depth_of_discharge: 0.9
  Pb-acid:
    cost: 105.967
    lifetime: 13.2535
    annual_cost: 7.995397442185083
    efficiency: 0.772028
    discharge_ratio: 5
    depth_of_discharge: 0.5
  VRBF:
    cost: 293.05
    lifetime: 17.6094
    annual_cost: 16.64168001181187
    efficiency: 0.785687
    discharge_ratio: 0.5
    depth_of_discharge: 1.0
