cost_values:
  wind_capex: 5000.0
  wind_opex: 100
  wind_lifetime: 20
  solar_capex: 1000.0
  solar_opex: 10
  solar_lifetime: 20
  carbon_price: 1.0
timeseries_values:
  load_level: 290761.82491803396
  wind_year: 2014
  solar_year: 2015
  price_year: 2023
  carbon_year: 2023
storage_values:
  CAES:
    cost: 63.787
    lifetime: 28.5543
    annual_cost: 2.2338842135860446
    efficiency: 0.598274
    discharge_ratio: 0.1
    depth_of_discharge: 0.4
  Li-ion:
    cost: 240.567
    lifetime: 16.2474
    annual_cost: 14.806492115661584
    efficiency: 0.894689
    discharge_ratio: 2
    depth_of_discharge: 0.9
  Pb-acid:
    cost: 131.806
    lifetime: 11.2263
    annual_cost: 11.740822889108612
    efficiency: 0.777557
    discharge_ratio: 5
    depth_of_discharge: 0.5
  VRBF:
    cost: 277.187
    lifetime: 18.0008
    annual_cost: 15.398593395849073
    efficiency: 0.768764
    discharge_ratio: 0.5
    depth_of_discharge: 1.0
