cost_values:
  wind_capex: 5000.0
  wind_opex: 100
  wind_lifetime: 20
  solar_capex: 1000.0
  solar_opex: 10
  solar_lifetime: 20
  carbon_price: 1.0
timeseries_values:
  load_level: 290761.82491803396
  wind_year: 2014
  solar_year: 2015
  price_year: 2023
  carbon_year: 2023
storage_values:
  CAES:
    cost: 61.6561
    lifetime: 29.5747
    annual_cost: 2.0847582562122353
    efficiency: 0.58437
    discharge_ratio: 0.1
    depth_of_discharge: 0.4
  Li-ion:
    cost: 246.744
    lifetime: 15.9591
    annual_cost: 15.461022238096135
    efficiency: 0.878278
    discharge_ratio: 2
    depth_of_discharge: 0.9
  Pb-acid:
    cost: 132.039
    lifetime: 11.9418
    annual_cost: 11.05687584786213
    efficiency: 0.774543
    discharge_ratio: 5
    depth_of_discharge: 0.5
  VRBF:
    cost: 275.941
    lifetime: 19.191
    annual_cost: 14.378667083528736
    efficiency: 0.739755
    discharge_ratio: 0.5
    depth_of_discharge: 1.0
