cost_values:
  wind_capex: 5000.0
  wind_opex: 100
  wind_lifetime: 20
  solar_capex: 1000.0
  solar_opex: 10
  solar_lifetime: 20
  carbon_price: 1.0
timeseries_values:
  load_level: 290761.82491803396
  wind_year: 2014
  solar_year: 2015
  price_year: 2023
  carbon_year: 2023
storage_values:
  CAES:
    cost: 70.6093
    lifetime: 29.0593
    annual_cost: 2.429834854934565
    efficiency: 0.576849
    discharge_ratio: 0.1
    depth_of_discharge: 0.4
  Li-ion:
    cost: 237.187
    lifetime: 16.3329
    annual_cost: 14.52203833979269
    efficiency: 0.877595
    discharge_ratio: 2
    depth_of_discharge: 0.9
  Pb-acid:
    cost: 123.144
    lifetime: 9.81638
    annual_cost: 12.544746637762596
    efficiency: 0.762297
    discharge_ratio: 5
    depth_of_discharge: 0.5
  VRBF:
    cost: 293.699
    lifetime: 18.3533
    annual_cost: 16.002517258476676
    efficiency: 0.777088
    discharge_ratio: 0.5
    depth_of_discharge: 1.0
