cost_values:
  wind_capex: 5000.0
  wind_opex: 100
  wind_lifetime: 20
  solar_capex: 1000.0
  solar_opex: 10
  solar_lifetime: 20
  carbon_price: 1.0
timeseries_values:
  load_level: 290761.82491803396
  wind_year: 2014
  solar_year: 2015
  price_year: 2023
  carbon_year: 2023
storage_values:
  CAES:
    cost: 66.9953
    lifetime: 28.4115
    annual_cost: 2.358034598666033
    efficiency: 0.594798
    discharge_ratio: 0.1
    depth_of_discharge: 0.4
  Li-ion:
    cost: 262.409
    lifetime: 16.1378
    annual_cost: 16.26051878199011
    efficiency: 0.902371
    discharge_ratio: 2
    depth_of_discharge: 0.9
  Pb-acid:
    cost: 129.602
    lifetime: 9.92593
    annual_cost: 13.056912551267239
    efficiency: 0.762783
    discharge_ratio: 5
    depth_of_discharge: 0.5
  VRBF:
    cost: 280.558
    lifetime: 19.0464
    annual_cost: 14.730237735215054
    efficiency: 0.769869
    discharge_ratio: 0.5
    depth_of_discharge: 1.0
