cost_values:
  wind_capex: 5000.0
  wind_opex: 100
  wind_lifetime: 20
  solar_capex: 1000.0
  solar_opex: 10
  solar_lifetime: 20
  carbon_price: 1.0
timeseries_values:
  load_level: 290761.82491803396
  wind_year: 2014
  solar_year: 2015
  price_year: 2023
  carbon_year: 2023
storage_values:
  CAES:
    cost: 62.4848
    lifetime: 27.8162
    annual_cost: 2.2463456546904323
    efficiency: 0.574884
    discharge_ratio: 0.1
    depth_of_discharge: 0.4
  Li-ion:
    cost: 243.734
    lifetime: 16.0358
    annual_cost: 15.199366417640531
    efficiency: 0.89863
    discharge_ratio: 2
    depth_of_discharge: 0.9
  Pb-acid:
    cost: 136.448
    lifetime: 11.7018
    annual_cost: 11.660428310174503
    efficiency: 0.765571
    discharge_ratio: 5
    depth_of_discharge: 0.5
  VRBF:
    cost: 300.246
    lifetime: 17.3846
    annual_cost: 17.270802894515835
    efficiency: 0.778828
    discharge_ratio: 0.5
    depth_of_discharge: 1.0
