cost_values:
  wind_capex: 5000.0
  wind_opex: 100
  wind_lifetime: 20
  solar_capex: 1000.0
  solar_opex: 10
  solar_lifetime: 20
  carbon_price: 1.0
timeseries_values:
  load_level: 290761.82491803396
  wind_year: 2014
  solar_year: 2015
  price_year: 2023
  carbon_year: 2023
storage_values:
  CAES:
    cost: 71.1524
    lifetime: 27.3933
    annual_cost: 2.5974380596715254
    efficiency: 0.590984
    discharge_ratio: 0.1
    depth_of_discharge: 0.4
  Li-ion:
    cost: 222.682
    lifetime: 15.1879
    annual_cost: 14.661803145925374
    efficiency: 0.894971
    discharge_ratio: 2
    depth_of_discharge: 0.9
  Pb-acid:
    cost: 115.587
    lifetime: 10.2837
    annual_cost: 11.239826132617639
    efficiency: 0.766671
    discharge_ratio: 5
    depth_of_discharge: 0.5
  VRBF:
    cost: 321.617
    lifetime: 19.5903
    annual_cost: 16.417155428962293
    efficiency: 0.761558
    discharge_ratio: 0.5
    depth_of_discharge: 1.0
