cost_values:
  wind_capex: 5000.0
  wind_opex: 100
  wind_lifetime: 20
  solar_capex: 1000.0
  solar_opex: 10
  solar_lifetime: 20
  carbon_price: 1.0
timeseries_values:
  load_level: 290761.82491803396
  wind_year: 2014
  solar_year: 2015
  price_year: 2023
  carbon_year: 2023
storage_values:
  CAES:
    cost: 71.8295
    lifetime: 28.5509
    annual_cost: 2.51584013113422
    efficiency: 0.581913
    discharge_ratio: 0.1
    depth_of_discharge: 0.4
  Li-ion:
    cost: 248.126
    lifetime: 14.8442
    annual_cost: 16.71535010307056
    efficiency: 0.88941
    discharge_ratio: 2
    depth_of_discharge: 0.9
  Pb-acid:
    cost: 126.444
    lifetime: 10.9425
    annual_cost: 11.5553118574366
    efficiency: 0.768554
    discharge_ratio: 5
    depth_of_discharge: 0.5
  VRBF:
    cost: 290.105
    lifetime: 19.1394
    annual_cost: 15.15747620092584
    efficiency: 0.790715
    discharge_ratio: 0.5
    depth_of_discharge: 1.0
