cost_values:
  wind_capex: 5000.0
  wind_opex: 100
  wind_lifetime: 20
  solar_capex: 1000.0
  solar_opex: 10
  solar_lifetime: 20
  carbon_price: 1.0
timeseries_values:
  load_level: 290761.82491803396
  wind_year: 2014
  solar_year: 2015
  price_year: 2023
  carbon_year: 2023
storage_values:
  CAES:
    cost: 63.441
    lifetime: 28.452
    annual_cost: 2.2297553774778573
    efficiency: 0.587621
    discharge_ratio: 0.1
    depth_of_discharge: 0.4
  Li-ion:
    cost: 241.802
    lifetime: 17.2175
    annual_cost: 14.043966894148394
    efficiency: 0.871992
    discharge_ratio: 2
    depth_of_discharge: 0.9
  Pb-acid:
    cost: 133.99
    lifetime: 11.8344
    annual_cost: 11.322078009869534
    efficiency: 0.765
    discharge_ratio: 5
    depth_of_discharge: 0.5
  VRBF:
    cost: 318.615
    lifetime: 18.0113
    annual_cost: 17.68972811512773
    efficiency: 0.760201
    discharge_ratio: 0.5
    depth_of_discharge: 1.0
