cost_values:
  wind_capex: 5000.0
  wind_opex: 100
  wind_lifetime: 20
  solar_capex: 1000.0
  solar_opex: 10
  solar_lifetime: 20
  carbon_price: 1.0
timeseries_values:
  load_level: 290761.82491803396
  wind_year: 2014
  solar_year: 2015
  price_year: 2023
  carbon_year: 2023
storage_values:
  CAES:
    cost: 64.0226
    lifetime: 29.7192
    annual_cost: 2.1542504508869684
    efficiency: 0.591551
    discharge_ratio: 0.1
    depth_of_discharge: 0.4
  Li-ion:
    cost: 224.505
    lifetime: 14.4803
    annual_cost: 15.504167731331533
    efficiency: 0.89039
    discharge_ratio: 2
    depth_of_discharge: 0.9
  Pb-acid:
    cost: 122.486
    lifetime: 11.8104
    annual_cost: 10.371028923660504
    efficiency: 0.77936
    discharge_ratio: 5
    depth_of_discharge: 0.5
  VRBF:
    cost: 296.291
    lifetime: 17.7403
    annual_cost: 16.701577763622936
    efficiency: 0.784475
    discharge_ratio: 0.5
    depth_of_discharge: 1.0
