cost_values:
  wind_capex: 5000.0
  wind_opex: 100
  wind_lifetime: 20
  solar_capex: 1000.0
  solar_opex: 10
  solar_lifetime: 20
  carbon_price: 1.0
timeseries_values:
  load_level: 290761.82491803396
  wind_year: 2014
  solar_year: 2015
  price_year: 2023
  carbon_year: 2023
storage_values:
  CAES:
    cost: 66.062
    lifetime: 27.891
    annual_cost: 2.3685776773869707
    efficiency: 0.586716
    discharge_ratio: 0.1
    depth_of_discharge: 0.4
  Li-ion:
    cost: 229.477
    lifetime: 13.5827
    annual_cost: 16.894800002944923
    efficiency: 0.888046
    discharge_ratio: 2
    depth_of_discharge: 0.9
  Pb-acid:
    cost: 142.395
    lifetime: 12.7383
    annual_cost: 11.178493205529781
    efficiency: 0.777006
    discharge_ratio: 5
    depth_of_discharge: 0.5
  VRBF:
    cost: 305.223
    lifetime: 17.5701
    annual_cost: 17.37172810627145
    efficiency: 0.777556
    discharge_ratio: 0.5
    depth_of_discharge: 1.0
