cost_values:
  wind_capex: 5000.0
  wind_opex: 100
  wind_lifetime: 20
  solar_capex: 1000.0
  solar_opex: 10
  solar_lifetime: 20
  carbon_price: 1.0
timeseries_values:
  load_level: 290761.82491803396
  wind_year: 2014
  solar_year: 2015
  price_year: 2023
  carbon_year: 2023
storage_values:
  CAES:
    cost: 62.9684
    lifetime: 28.7547
    annual_cost: 2.1898472249753955
    efficiency: 0.578681
    discharge_ratio: 0.1
    depth_of_discharge: 0.4
  Li-ion:
    cost: 257.448
    lifetime: 13.5034
    annual_cost: 19.065420560747665
    efficiency: 0.88531
    discharge_ratio: 2
    depth_of_discharge: 0.9
  Pb-acid:
    cost: 114.477
    lifetime: 11.8943
    annual_cost: 9.624526033478222
    efficiency: 0.762726
    discharge_ratio: 5
    depth_of_discharge: 0.5
  VRBF:
    cost: 321.962
    lifetime: 18.0547
    annual_cost: 17.832586528715513
    efficiency: 0.75013
    discharge_ratio: 0.5
    depth_of_discharge: 1.0
