cost_values:
  wind_capex: 5000.0
  wind_opex: 100
  wind_lifetime: 20
  solar_capex: 1000.0
  solar_opex: 10
  solar_lifetime: 20
  carbon_price: 1.0
timeseries_values:
  load_level: 290761.82491803396
  wind_year: 2014
  solar_year: 2015
  price_year: 2023
  carbon_year: 2023
storage_values:
  CAES:
    cost: 68.5182
    lifetime: 28.2211
    annual_cost: 2.427906778970345
    efficiency: 0.594913
    discharge_ratio: 0.1
    depth_of_discharge: 0.4
  Li-ion:
    cost: 265.185
    lifetime: 16.7366
    annual_cost: 15.844615991300504
    efficiency: 0.888309
    discharge_ratio: 2
    depth_of_discharge: 0.9
  Pb-acid:
    cost: 138.37
    lifetime: 11.4713
    annual_cost: 12.062277161263328
    efficiency: 0.754849
    discharge_ratio: 5
    depth_of_discharge: 0.5
  VRBF:
    cost: 287.137
    lifetime: 19.4091
    annual_cost: 14.793936864666575
    efficiency: 0.76335
    discharge_ratio: 0.5
    depth_of_discharge: 1.0
