cost_values:
  wind_capex: 5000.0
  wind_opex: 100
  wind_lifetime: 20
  solar_capex: 1000.0
  solar_opex: 10
  solar_lifetime: 20
  carbon_price: 1.0
timeseries_values:
  load_level: 290761.82491803396
  wind_year: 2014
  solar_year: 2015
  price_year: 2023
  carbon_year: 2023
storage_values:
  CAES:
    cost: 70.3723
    lifetime: 28.7474
    annual_cost: 2.447953554060541
    efficiency: 0.578222
    discharge_ratio: 0.1
    depth_of_discharge: 0.4
  Li-ion:
    cost: 232.648
    lifetime: 14.8799
    annual_cost: 15.635051310828702
    efficiency: 0.888899
    discharge_ratio: 2
    depth_of_discharge: 0.9
  Pb-acid:
    cost: 128.215
    lifetime: 10.501
    annual_cost: 12.209789543852967
    efficiency: 0.749482
    discharge_ratio: 5
    depth_of_discharge: 0.5
  VRBF:
    cost: 277.137
    lifetime: 17.742
    annual_cost: 15.620392289482583
    efficiency: 0.755278
    discharge_ratio: 0.5
    depth_of_discharge: 1.0
