cost_values:
  wind_capex: 5000.0
  wind_opex: 100
  wind_lifetime: 20
  solar_capex: 1000.0
  solar_opex: 10
  solar_lifetime: 20
  carbon_price: 1.0
timeseries_values:
  load_level: 290761.82491803396
  wind_year: 2014
  solar_year: 2015
  price_year: 2023
  carbon_year: 2023
storage_values:
  CAES:
    cost: 69.8551
    lifetime: 28.6643
    annual_cost: 2.4370070087181612
    efficiency: 0.588963
    discharge_ratio: 0.1
    depth_of_discharge: 0.4
  Li-ion:
    cost: 239.97
    lifetime: 15.2064
    annual_cost: 15.780855429292929
    efficiency: 0.884898
    discharge_ratio: 2
    depth_of_discharge: 0.9
  Pb-acid:
    cost: 121.322
    lifetime: 11.4861
    annual_cost: 10.562505985495513
    efficiency: 0.783027
    discharge_ratio: 5
    depth_of_discharge: 0.5
  VRBF:
    cost: 305.791
    lifetime: 19.4924
    annual_cost: 15.687703925632555
    efficiency: 0.762416
    discharge_ratio: 0.5
    depth_of_discharge: 1.0
