cost_values:
  wind_capex: 5000.0
  wind_opex: 100
  wind_lifetime: 20
  solar_capex: 1000.0
  solar_opex: 10
  solar_lifetime: 20
  carbon_price: 1.0
timeseries_values:
  load_level: 290761.82491803396
  wind_year: 2014
  solar_year: 2015
  price_year: 2023
  carbon_year: 2023
storage_values:
  CAES:
    cost: 67.4298
    lifetime: 29.6503
    annual_cost: 2.274169232689045
    efficiency: 0.59114
    discharge_ratio: 0.1
    depth_of_discharge: 0.4
  Li-ion:
    cost: 237.954
    lifetime: 16.0285
    annual_cost: 14.845681130486321
    efficiency: 0.880924
    discharge_ratio: 2
    depth_of_discharge: 0.9
  Pb-acid:
    cost: 134.994
    lifetime: 8.3985
    annual_cost: 16.073584568672977
    efficiency: 0.783629
    discharge_ratio: 5
    depth_of_discharge: 0.5
  VRBF:
    cost: 292.395
    lifetime: 16.3552
    annual_cost: 17.877800332615926
    efficiency: 0.768791
    discharge_ratio: 0.5
    depth_of_discharge: 1.0
