cost_values:
  wind_capex: 5000.0
  wind_opex: 100
  wind_lifetime: 20
  solar_capex: 1000.0
  solar_opex: 10
  solar_lifetime: 20
  carbon_price: 1.0
timeseries_values:
  load_level: 290761.82491803396
  wind_year: 2014
  solar_year: 2015
  price_year: 2023
  carbon_year: 2023
storage_values:
  CAES:
    cost: 66.4468
    lifetime: 29.0354
    annual_cost: 2.2884754472127127
    efficiency: 0.585688
    discharge_ratio: 0.1
    depth_of_discharge: 0.4
  Li-ion:
    cost: 257.658
    lifetime: 18.0602
    annual_cost: 14.266619417282202
    efficiency: 0.876949
    discharge_ratio: 2
    depth_of_discharge: 0.9
  Pb-acid:
    cost: 128.534
    lifetime: 11.7634
    annual_cost: 10.926602852916673
    efficiency: 0.751841
    discharge_ratio: 5
    depth_of_discharge: 0.5
  VRBF:
    cost: 273.414
    lifetime: 18.3693
    annual_cost: 14.884290637095589
    efficiency: 0.756436
    discharge_ratio: 0.5
    depth_of_discharge: 1.0
