cost_values:
  wind_capex: 5000.0
  wind_opex: 100
  wind_lifetime: 20
  solar_capex: 1000.0
  solar_opex: 10
  solar_lifetime: 20
  carbon_price: 1.0
timeseries_values:
  load_level: 290761.82491803396
  wind_year: 2014
  solar_year: 2015
  price_year: 2023
  carbon_year: 2023
storage_values:
  CAES:
    cost: 65.9585
    lifetime: 28.4394
    annual_cost: 2.3192648227459087
    efficiency: 0.586341
    discharge_ratio: 0.1
    depth_of_discharge: 0.4
  Li-ion:
    cost: 233.567
    lifetime: 13.3258
    annual_cost: 17.527427996818204
    efficiency: 0.891519
    discharge_ratio: 2
    depth_of_discharge: 0.9
  Pb-acid:
    cost: 138.039
    lifetime: 11.0926
    annual_cost: 12.444242107350846
    efficiency: 0.771265
    discharge_ratio: 5
    depth_of_discharge: 0.5
  VRBF:
    cost: 298.053
    lifetime: 15.5014
    annual_cost: 19.227489130014064
    efficiency: 0.753676
    discharge_ratio: 0.5
    depth_of_discharge: 1.0
