cost_values:
  wind_capex: 5000.0
  wind_opex: 100
  wind_lifetime: 20
  solar_capex: 1000.0
  solar_opex: 10
  solar_lifetime: 20
  carbon_price: 1.0
timeseries_values:
  load_level: 290761.82491803396
  wind_year: 2014
  solar_year: 2015
  price_year: 2023
  carbon_year: 2023
storage_values:
  CAES:
    cost: 67.174
    lifetime: 29.3094
    annual_cost: 2.291892703364791
    efficiency: 0.592716
    discharge_ratio: 0.1
    depth_of_discharge: 0.4
  Li-ion:
    cost: 238.525
    lifetime: 15.7138
    annual_cost: 15.179332815741576
    efficiency: 0.892653
    discharge_ratio: 2
    depth_of_discharge: 0.9
  Pb-acid:
    cost: 119.088
    lifetime: 10.4993
    annual_cost: 11.34247045041098
    efficiency: 0.769149
    discharge_ratio: 5
    depth_of_discharge: 0.5
  VRBF:
    cost: 273.359
    lifetime: 16.7341
    annual_cost: 16.335446782318737
    efficiency: 0.779238
    discharge_ratio: 0.5
    depth_of_discharge: 1.0
