cost_values:
  wind_capex: 5000.0
  wind_opex: 100
  wind_lifetime: 20
  solar_capex: 1000.0
  solar_opex: 10
  solar_lifetime: 20
  carbon_price: 1.0
timeseries_values:
  load_level: 290761.82491803396
  wind_year: 2014
  solar_year: 2015
  price_year: 2023
  carbon_year: 2023
storage_values:
  CAES:
    cost: 69.9899
    lifetime: 28.8609
    annual_cost: 2.4250768340557642
    efficiency: 0.585387
    discharge_ratio: 0.1
    depth_of_discharge: 0.4
  Li-ion:
    cost: 259.949
    lifetime: 16.2018
    annual_cost: 16.0444518510289
    efficiency: 0.889923
    discharge_ratio: 2
    depth_of_discharge: 0.9
  Pb-acid:
    cost: 133.332
    lifetime: 12.2026
    annual_cost: 10.926523855571762
    efficiency: 0.7665
    discharge_ratio: 5
    depth_of_discharge: 0.5
  VRBF:
    cost: 287.95
    lifetime: 19.1383
    annual_cost: 15.045745964897613
    efficiency: 0.766948
    discharge_ratio: 0.5
    depth_of_discharge: 1.0
