cost_values:
  wind_capex: 5000.0
  wind_opex: 100
  wind_lifetime: 20
  solar_capex: 1000.0
  solar_opex: 10
  solar_lifetime: 20
  carbon_price: 1.0
timeseries_values:
  load_level: 290761.82491803396
  wind_year: 2014
  solar_year: 2015
  price_year: 2023
  carbon_year: 2023
storage_values:
  CAES:
    cost: 64.0538
    lifetime: 28.0588
    annual_cost: 2.282841746617817
    efficiency: 0.587874
    discharge_ratio: 0.1
    depth_of_discharge: 0.4
  Li-ion:
    cost: 240.3
    lifetime: 14.8917
    annual_cost: 16.13650557021697
    efficiency: 0.885805
    discharge_ratio: 2
    depth_of_discharge: 0.9
  Pb-acid:
    cost: 121.053
    lifetime: 12.5034
    annual_cost: 9.681606603003983
    efficiency: 0.774051
    discharge_ratio: 5
    depth_of_discharge: 0.5
  VRBF:
    cost: 289.715
    lifetime: 19.5497
    annual_cost: 14.81940899348839
    efficiency: 0.77141
    discharge_ratio: 0.5
    depth_of_discharge: 1.0
