cost_values:
  wind_capex: 5000.0
  wind_opex: 100
  wind_lifetime: 20
  solar_capex: 1000.0
  solar_opex: 10
  solar_lifetime: 20
  carbon_price: 1.0
timeseries_values:
  load_level: 290761.82491803396
  wind_year: 2014
  solar_year: 2015
  price_year: 2023
  carbon_year: 2023
storage_values:
  CAES:
    cost: 72.2946
    lifetime: 28.2434
    annual_cost: 2.5596989031065664
    efficiency: 0.588302
    discharge_ratio: 0.1
    depth_of_discharge: 0.4
  Li-ion:
    cost: 231.744
    lifetime: 14.9935
    annual_cost: 15.456297729015908
    efficiency: 0.884325
    discharge_ratio: 2
    depth_of_discharge: 0.9
  Pb-acid:
    cost: 113.323
    lifetime: 9.49758
    annual_cost: 11.931776305121936
    efficiency: 0.762336
    discharge_ratio: 5
    depth_of_discharge: 0.5
  VRBF:
    cost: 318.214
    lifetime: 16.6708
    annual_cost: 19.088106149674882
    efficiency: 0.778788
    discharge_ratio: 0.5
    depth_of_discharge: 1.0
