cost_values:
  wind_capex: 5000.0
  wind_opex: 100
  wind_lifetime: 20
  solar_capex: 1000.0
  solar_opex: 10
  solar_lifetime: 20
  carbon_price: 1.0
timeseries_values:
  load_level: 290761.82491803396
  wind_year: 2014
  solar_year: 2015
  price_year: 2023
  carbon_year: 2023
storage_values:
  CAES:
    cost: 71.5708
    lifetime: 27.7415
    annual_cost: 2.5799181731341134
    efficiency: 0.576305
    discharge_ratio: 0.1
    depth_of_discharge: 0.4
  Li-ion:
    cost: 234.249
    lifetime: 11.969
    annual_cost: 19.571309215473306
    efficiency: 0.886052
    discharge_ratio: 2
    depth_of_discharge: 0.9
  Pb-acid:
    cost: 116.262
    lifetime: 12.4465
    annual_cost: 9.340939219861005
    efficiency: 0.765918
    discharge_ratio: 5
    depth_of_discharge: 0.5
  VRBF:
    cost: 289.416
    lifetime: 18.8833
    annual_cost: 15.326558387569971
    efficiency: 0.777144
    discharge_ratio: 0.5
    depth_of_discharge: 1.0
