cost_values:
  wind_capex: 5000.0
  wind_opex: 100
  wind_lifetime: 20
  solar_capex: 1000.0
  solar_opex: 10
  solar_lifetime: 20
  carbon_price: 1.0
timeseries_values:
  load_level: 290761.82491803396
  wind_year: 2014
  solar_year: 2015
  price_year: 2023
  carbon_year: 2023
storage_values:
  CAES:
    cost: 75.5394
    lifetime: 28.5655
    annual_cost: 2.644427718751641
    efficiency: 0.584976
    discharge_ratio: 0.1
    depth_of_discharge: 0.4
  Li-ion:
    cost: 235.441
    lifetime: 14.5355
    annual_cost: 16.197654019469574
    efficiency: 0.896866
    discharge_ratio: 2
    depth_of_discharge: 0.9
  Pb-acid:
    cost: 121.307
    lifetime: 10.7421
    annual_cost: 11.292670893028365
    efficiency: 0.766331
    discharge_ratio: 5
    depth_of_discharge: 0.5
  VRBF:
    cost: 292.958
    lifetime: 17.9241
    annual_cost: 16.344363175835888
    efficiency: 0.757734
    discharge_ratio: 0.5
    depth_of_discharge: 1.0
