cost_values:
  wind_capex: 5000.0
  wind_opex: 100
  wind_lifetime: 20
  solar_capex: 1000.0
  solar_opex: 10
  solar_lifetime: 20
  carbon_price: 1.0
timeseries_values:
  load_level: 290761.82491803396
  wind_year: 2014
  solar_year: 2015
  price_year: 2023
  carbon_year: 2023
storage_values:
  CAES:
    cost: 67.458
    lifetime: 27.9978
    annual_cost: 2.409403595996828
    efficiency: 0.593644
    discharge_ratio: 0.1
    depth_of_discharge: 0.4
  Li-ion:
    cost: 228.233
    lifetime: 14.1766
    annual_cost: 16.09927627216681
    efficiency: 0.883757
    discharge_ratio: 2
    depth_of_discharge: 0.9
  Pb-acid:
    cost: 141.957
    lifetime: 11.474
    annual_cost: 12.372058567195397
    efficiency: 0.774445
    discharge_ratio: 5
    depth_of_discharge: 0.5
  VRBF:
    cost: 301.028
    lifetime: 18.6953
    annual_cost: 16.10180098741395
    efficiency: 0.781707
    discharge_ratio: 0.5
    depth_of_discharge: 1.0
