cost_values:
  wind_capex: 5000.0
  wind_opex: 100
  wind_lifetime: 20
  solar_capex: 1000.0
  solar_opex: 10
  solar_lifetime: 20
  carbon_price: 1.0
timeseries_values:
  load_level: 290761.82491803396
  wind_year: 2014
  solar_year: 2015
  price_year: 2023
  carbon_year: 2023
storage_values:
  CAES:
    cost: 67.2846
    lifetime: 27.7691
    annual_cost: 2.423002545995369
    efficiency: 0.59365
    discharge_ratio: 0.1
    depth_of_discharge: 0.4
  Li-ion:
    cost: 237.12
    lifetime: 16.5276
    annual_cost: 14.346910622231903
    efficiency: 0.897832
    discharge_ratio: 2
    depth_of_discharge: 0.9
  Pb-acid:
    cost: 135.676
    lifetime: 11.109
    annual_cost: 12.213160500495093
    efficiency: 0.772681
    discharge_ratio: 5
    depth_of_discharge: 0.5
  VRBF:
    cost: 286.084
    lifetime: 19.1078
    annual_cost: 14.97210563225489
    efficiency: 0.755903
    discharge_ratio: 0.5
    depth_of_discharge: 1.0
