cost_values:
  wind_capex: 5000.0
  wind_opex: 100
  wind_lifetime: 20
  solar_capex: 1000.0
  solar_opex: 10
  solar_lifetime: 20
  carbon_price: 1.0
timeseries_values:
  load_level: 290761.82491803396
  wind_year: 2014
  solar_year: 2015
  price_year: 2023
  carbon_year: 2023
storage_values:
  CAES:
    cost: 62.6342
    lifetime: 27.1398
    annual_cost: 2.307835724655303
    efficiency: 0.593943
    discharge_ratio: 0.1
    depth_of_discharge: 0.4
  Li-ion:
    cost: 224.423
    lifetime: 14.9599
    annual_cost: 15.00163771148203
    efficiency: 0.875945
    discharge_ratio: 2
    depth_of_discharge: 0.9
  Pb-acid:
    cost: 134.844
    lifetime: 12.1865
    annual_cost: 11.065030976900667
    efficiency: 0.756271
    discharge_ratio: 5
    depth_of_discharge: 0.5
  VRBF:
    cost: 296.896
    lifetime: 17.7026
    annual_cost: 16.771321726752003
    efficiency: 0.76749
    discharge_ratio: 0.5
    depth_of_discharge: 1.0
