cost_values:
  wind_capex: 5000.0
  wind_opex: 100
  wind_lifetime: 20
  solar_capex: 1000.0
  solar_opex: 10
  solar_lifetime: 20
  carbon_price: 1.0
timeseries_values:
  load_level: 290761.82491803396
  wind_year: 2014
  solar_year: 2015
  price_year: 2023
  carbon_year: 2023
storage_values:
  CAES:
    cost: 68.8308
    lifetime: 28.0349
    annual_cost: 2.455182647343133
    efficiency: 0.578905
    discharge_ratio: 0.1
    depth_of_discharge: 0.4
  Li-ion:
    cost: 216.064
    lifetime: 15.4555
    annual_cost: 13.979748309663226
    efficiency: 0.877359
    discharge_ratio: 2
    depth_of_discharge: 0.9
  Pb-acid:
    cost: 125.393
    lifetime: 10.2081
    annual_cost: 12.283676688120218
    efficiency: 0.769599
    discharge_ratio: 5
    depth_of_discharge: 0.5
  VRBF:
    cost: 280.467
    lifetime: 18.1722
    annual_cost: 15.433849506388878
    efficiency: 0.755398
    discharge_ratio: 0.5
    depth_of_discharge: 1.0
