cost_values:
  wind_capex: 5000.0
  wind_opex: 100
  wind_lifetime: 20
  solar_capex: 1000.0
  solar_opex: 10
  solar_lifetime: 20
  carbon_price: 1.0
timeseries_values:
  load_level: 290761.82491803396
  wind_year: 2014
  solar_year: 2015
  price_year: 2023
  carbon_year: 2023
storage_values:
  CAES:
    cost: 63.2109
    lifetime: 28.6968
    annual_cost: 2.2027159822698
    efficiency: 0.586951
    discharge_ratio: 0.1
    depth_of_discharge: 0.4
  Li-ion:
    cost: 222.612
    lifetime: 14.6128
    annual_cost: 15.234041388371837
    efficiency: 0.877035
    discharge_ratio: 2
    depth_of_discharge: 0.9
  Pb-acid:
    cost: 123.71
    lifetime: 8.821
    annual_cost: 14.02448701961229
    efficiency: 0.766669
    discharge_ratio: 5
    depth_of_discharge: 0.5
  VRBF:
    cost: 297.932
    lifetime: 19.895
    annual_cost: 14.97521990449862
    efficiency: 0.759773
    discharge_ratio: 0.5
    depth_of_discharge: 1.0
