cost_values:
  wind_capex: 5000.0
  wind_opex: 100
  wind_lifetime: 20
  solar_capex: 1000.0
  solar_opex: 10
  solar_lifetime: 20
  carbon_price: 1.0
timeseries_values:
  load_level: 290761.82491803396
  wind_year: 2014
  solar_year: 2015
  price_year: 2023
  carbon_year: 2023
storage_values:
  CAES:
    cost: 62.2121
    lifetime: 28.6681
    annual_cost: 2.170081030832179
    efficiency: 0.579077
    discharge_ratio: 0.1
    depth_of_discharge: 0.4
  Li-ion:
    cost: 206.793
    lifetime: 14.9603
    annual_cost: 13.822784302453828
    efficiency: 0.884497
    discharge_ratio: 2
    depth_of_discharge: 0.9
  Pb-acid:
    cost: 128.669
    lifetime: 9.49942
    annual_cost: 13.544932216914296
    efficiency: 0.789346
    discharge_ratio: 5
    depth_of_discharge: 0.5
  VRBF:
    cost: 296.765
    lifetime: 17.1688
    annual_cost: 17.285133497973067
    efficiency: 0.764891
    discharge_ratio: 0.5
    depth_of_discharge: 1.0
