cost_values:
  wind_capex: 5000.0
  wind_opex: 100
  wind_lifetime: 20
  solar_capex: 1000.0
  solar_opex: 10
  solar_lifetime: 20
  carbon_price: 1.0
timeseries_values:
  load_level: 290761.82491803396
  wind_year: 2014
  solar_year: 2015
  price_year: 2023
  carbon_year: 2023
storage_values:
  CAES:
    cost: 65.6518
    lifetime: 28.4577
    annual_cost: 2.3069959975683205
    efficiency: 0.579641
    discharge_ratio: 0.1
    depth_of_discharge: 0.4
  Li-ion:
    cost: 247.136
    lifetime: 15.1799
    annual_cost: 16.280476155969406
    efficiency: 0.889275
    discharge_ratio: 2
    depth_of_discharge: 0.9
  Pb-acid:
    cost: 117.341
    lifetime: 9.92686
    annual_cost: 11.820555543243282
    efficiency: 0.767417
    discharge_ratio: 5
    depth_of_discharge: 0.5
  VRBF:
    cost: 282.379
    lifetime: 17.586
    annual_cost: 16.057034004321622
    efficiency: 0.760262
    discharge_ratio: 0.5
    depth_of_discharge: 1.0
