cost_values:
  wind_capex: 5000.0
  wind_opex: 100
  wind_lifetime: 20
  solar_capex: 1000.0
  solar_opex: 10
  solar_lifetime: 20
  carbon_price: 1.0
timeseries_values:
  load_level: 290761.82491803396
  wind_year: 2014
  solar_year: 2015
  price_year: 2023
  carbon_year: 2023
storage_values:
  CAES:
    cost: 67.395
    lifetime: 28.6207
    annual_cost: 2.3547642091213703
    efficiency: 0.581075
    discharge_ratio: 0.1
    depth_of_discharge: 0.4
  Li-ion:
    cost: 257.222
    lifetime: 17.538
    annual_cost: 14.666552628577943
    efficiency: 0.890371
    discharge_ratio: 2
    depth_of_discharge: 0.9
  Pb-acid:
    cost: 112.722
    lifetime: 11.6652
    annual_cost: 9.663100504063367
    efficiency: 0.767108
    discharge_ratio: 5
    depth_of_discharge: 0.5
  VRBF:
    cost: 310.095
    lifetime: 17.9826
    annual_cost: 17.24416936371826
    efficiency: 0.730961
    discharge_ratio: 0.5
    depth_of_discharge: 1.0
