cost_values:
  wind_capex: 5000.0
  wind_opex: 100
  wind_lifetime: 20
  solar_capex: 1000.0
  solar_opex: 10
  solar_lifetime: 20
  carbon_price: 1.0
timeseries_values:
  load_level: 290761.82491803396
  wind_year: 2014
  solar_year: 2015
  price_year: 2023
  carbon_year: 2023
storage_values:
  CAES:
    cost: 63.2783
    lifetime: 28.4259
    annual_cost: 2.2260790335574248
    efficiency: 0.581156
    discharge_ratio: 0.1
    depth_of_discharge: 0.4
  Li-ion:
    cost: 240.392
    lifetime: 14.93
    annual_cost: 16.101272605492298
    efficiency: 0.903635
    discharge_ratio: 2
    depth_of_discharge: 0.9
  Pb-acid:
    cost: 120.829
    lifetime: 10.5042
    annual_cost: 11.50292264046762
    efficiency: 0.774989
    discharge_ratio: 5
    depth_of_discharge: 0.5
  VRBF:
    cost: 274.336
    lifetime: 19.1521
    annual_cost: 14.324068901060459
    efficiency: 0.763592
    discharge_ratio: 0.5
    depth_of_discharge: 1.0
