cost_values:
  wind_capex: 5000.0
  wind_opex: 100
  wind_lifetime: 20
  solar_capex: 1000.0
  solar_opex: 10
  solar_lifetime: 20
  carbon_price: 1.0
timeseries_values:
  load_level: 290761.82491803396
  wind_year: 2014
  solar_year: 2015
  price_year: 2023
  carbon_year: 2023
storage_values:
  CAES:
    cost: 65.7439
    lifetime: 28.0927
    annual_cost: 2.340248534316744
    efficiency: 0.591673
    discharge_ratio: 0.1
    depth_of_discharge: 0.4
  Li-ion:
    cost: 241.015
    lifetime: 15.4861
    annual_cost: 15.563311614932099
    efficiency: 0.880979
    discharge_ratio: 2
    depth_of_discharge: 0.9
  Pb-acid:
    cost: 119.85
    lifetime: 13.1253
    annual_cost: 9.131219857831821
    efficiency: 0.767793
    discharge_ratio: 5
    depth_of_discharge: 0.5
  VRBF:
    cost: 283.943
    lifetime: 18.5831
    annual_cost: 15.279635798117642
    efficiency: 0.771307
    discharge_ratio: 0.5
    depth_of_discharge: 1.0
