cost_values:
  wind_capex: 5000.0
  wind_opex: 100
  wind_lifetime: 20
  solar_capex: 1000.0
  solar_opex: 10
  solar_lifetime: 20
  carbon_price: 1.0
timeseries_values:
  load_level: 290761.82491803396
  wind_year: 2014
  solar_year: 2015
  price_year: 2023
  carbon_year: 2023
storage_values:
  CAES:
    cost: 68.9807
    lifetime: 28.0262
    annual_cost: 2.4612933612120087
    efficiency: 0.579047
    discharge_ratio: 0.1
    depth_of_discharge: 0.4
  Li-ion:
    cost: 228.923
    lifetime: 14.2704
    annual_cost: 16.041806816907723
    efficiency: 0.879603
    discharge_ratio: 2
    depth_of_discharge: 0.9
  Pb-acid:
    cost: 112.381
    lifetime: 11.9818
    annual_cost: 9.379308618070741
    efficiency: 0.75856
    discharge_ratio: 5
    depth_of_discharge: 0.5
  VRBF:
    cost: 317.99
    lifetime: 16.4409
    annual_cost: 19.341398585235602
    efficiency: 0.768789
    discharge_ratio: 0.5
    depth_of_discharge: 1.0
