cost_values:
  wind_capex: 5000.0
  wind_opex: 100
  wind_lifetime: 20
  solar_capex: 1000.0
  solar_opex: 10
  solar_lifetime: 20
  carbon_price: 1.0
timeseries_values:
  load_level: 290761.82491803396
  wind_year: 2014
  solar_year: 2015
  price_year: 2023
  carbon_year: 2023
storage_values:
  CAES:
    cost: 63.8055
    lifetime: 28.0557
    annual_cost: 2.2742437365669006
    efficiency: 0.593555
    discharge_ratio: 0.1
    depth_of_discharge: 0.4
  Li-ion:
    cost: 243.219
    lifetime: 14.5424
    annual_cost: 16.724818461876993
    efficiency: 0.889364
    discharge_ratio: 2
    depth_of_discharge: 0.9
  Pb-acid:
    cost: 138.631
    lifetime: 11.4562
    annual_cost: 12.10095843298825
    efficiency: 0.767573
    discharge_ratio: 5
    depth_of_discharge: 0.5
  VRBF:
    cost: 300.715
    lifetime: 18.8417
    annual_cost: 15.960077912290291
    efficiency: 0.762499
    discharge_ratio: 0.5
    depth_of_discharge: 1.0
