cost_values:
  wind_capex: 5000.0
  wind_opex: 100
  wind_lifetime: 20
  solar_capex: 1000.0
  solar_opex: 10
  solar_lifetime: 20
  carbon_price: 1.0
timeseries_values:
  load_level: 290761.82491803396
  wind_year: 2014
  solar_year: 2015
  price_year: 2023
  carbon_year: 2023
storage_values:
  CAES:
    cost: 66.309
    lifetime: 29.312
    annual_cost: 2.262179312227074
    efficiency: 0.577545
    discharge_ratio: 0.1
    depth_of_discharge: 0.4
  Li-ion:
    cost: 226.577
    lifetime: 14.1678
    annual_cost: 15.99239119693954
    efficiency: 0.88484
    discharge_ratio: 2
    depth_of_discharge: 0.9
  Pb-acid:
    cost: 119.965
    lifetime: 10.58
    annual_cost: 11.338846880907372
    efficiency: 0.764812
    discharge_ratio: 5
    depth_of_discharge: 0.5
  VRBF:
    cost: 333.249
    lifetime: 15.6761
    annual_cost: 21.2584124877999
    efficiency: 0.75446
    discharge_ratio: 0.5
    depth_of_discharge: 1.0
