cost_values:
  wind_capex: 5000.0
  wind_opex: 100
  wind_lifetime: 20
  solar_capex: 1000.0
  solar_opex: 10
  solar_lifetime: 20
  carbon_price: 1.0
timeseries_values:
  load_level: 290761.82491803396
  wind_year: 2014
  solar_year: 2015
  price_year: 2023
  carbon_year: 2023
storage_values:
  CAES:
    cost: 71.0162
    lifetime: 27.771
    annual_cost: 2.557207158546685
    efficiency: 0.581844
    discharge_ratio: 0.1
    depth_of_discharge: 0.4
  Li-ion:
    cost: 238.597
    lifetime: 16.3676
    annual_cost: 14.57739680832865
    efficiency: 0.889934
    discharge_ratio: 2
    depth_of_discharge: 0.9
  Pb-acid:
    cost: 126.306
    lifetime: 12.9351
    annual_cost: 9.764594011642739
    efficiency: 0.751786
    discharge_ratio: 5
    depth_of_discharge: 0.5
  VRBF:
    cost: 288.891
    lifetime: 19.3079
    annual_cost: 14.96232112244211
    efficiency: 0.758965
    discharge_ratio: 0.5
    depth_of_discharge: 1.0
