cost_values:
  wind_capex: 5000.0
  wind_opex: 100
  wind_lifetime: 20
  solar_capex: 1000.0
  solar_opex: 10
  solar_lifetime: 20
  carbon_price: 1.0
timeseries_values:
  load_level: 290761.82491803396
  wind_year: 2014
  solar_year: 2015
  price_year: 2023
  carbon_year: 2023
storage_values:
  CAES:
    cost: 68.3365
    lifetime: 28.5056
    annual_cost: 2.3973008812303545
    efficiency: 0.583078
    discharge_ratio: 0.1
    depth_of_discharge: 0.4
  Li-ion:
    cost: 235.062
    lifetime: 14.76
    annual_cost: 15.925609756097561
    efficiency: 0.890397
    discharge_ratio: 2
    depth_of_discharge: 0.9
  Pb-acid:
    cost: 123.531
    lifetime: 11.9454
    annual_cost: 10.341302928323875
    efficiency: 0.7692
    discharge_ratio: 5
    depth_of_discharge: 0.5
  VRBF:
    cost: 276.464
    lifetime: 18.6934
    annual_cost: 14.789390908021012
    efficiency: 0.784372
    discharge_ratio: 0.5
    depth_of_discharge: 1.0
