cost_values:
  wind_capex: 5000.0
  wind_opex: 100
  wind_lifetime: 20
  solar_capex: 1000.0
  solar_opex: 10
  solar_lifetime: 20
  carbon_price: 1.0
timeseries_values:
  load_level: 290761.82491803396
  wind_year: 2014
  solar_year: 2015
  price_year: 2023
  carbon_year: 2023
storage_values:
  CAES:
    cost: 68.3795
    lifetime: 28.786
    annual_cost: 2.3754429236434373
    efficiency: 0.583974
    discharge_ratio: 0.1
    depth_of_discharge: 0.4
  Li-ion:
    cost: 270.728
    lifetime: 15.2648
    annual_cost: 17.73544363502961
    efficiency: 0.895092
    discharge_ratio: 2
    depth_of_discharge: 0.9
  Pb-acid:
    cost: 119.092
    lifetime: 12.2048
    annual_cost: 9.757800209753539
    efficiency: 0.764128
    discharge_ratio: 5
    depth_of_discharge: 0.5
  VRBF:
    cost: 303.497
    lifetime: 18.9434
    annual_cost: 16.021252784611
    efficiency: 0.77721
    discharge_ratio: 0.5
    depth_of_discharge: 1.0
