cost_values:
  wind_capex: 5000.0
  wind_opex: 100
  wind_lifetime: 20
  solar_capex: 1000.0
  solar_opex: 10
  solar_lifetime: 20
  carbon_price: 1.0
timeseries_values:
  load_level: 228154.8048203709
  wind_year: 2016
  solar_year: 2013
  price_year: 2023
  carbon_year: 2023
storage_values:
  CAES:
    cost: 50.2614
    lifetime: 26.8797
    annual_cost: 1.869864619024766
    efficiency: 0.591557
    discharge_ratio: 0.1
    depth_of_discharge: 0.4
  Li-ion:
    cost: 198.017
    lifetime: 21.6109
    annual_cost: 9.162829868260923
    efficiency: 0.853235
    discharge_ratio: 2
    depth_of_discharge: 0.9
  Pb-acid:
    cost: 173.887
    lifetime: 7.1059
    annual_cost: 24.47079187717249
    efficiency: 0.782573
    discharge_ratio: 5
    depth_of_discharge: 0.5
  VRBF:
    cost: 198.381
    lifetime: 18.1507
    annual_cost: 10.92966111499832
    efficiency: 0.677293
    discharge_ratio: 0.5
    depth_of_discharge: 1.0
