cost_values:
  wind_capex: 5000.0
  wind_opex: 100
  wind_lifetime: 20
  solar_capex: 1000.0
  solar_opex: 10
  solar_lifetime: 20
  carbon_price: 1.0
timeseries_values:
  load_level: 228154.8048203709
  wind_year: 2016
  solar_year: 2013
  price_year: 2023
  carbon_year: 2023
storage_values:
  CAES:
    cost: 44.0715
    lifetime: 27.0618
    annual_cost: 1.6285502073032836
    efficiency: 0.585955
    discharge_ratio: 0.1
    depth_of_discharge: 0.4
  Li-ion:
    cost: 197.859
    lifetime: 19.3959
    annual_cost: 10.201073422733671
    efficiency: 0.872819
    discharge_ratio: 2
    depth_of_discharge: 0.9
  Pb-acid:
    cost: 170.22
    lifetime: 7.37675
    annual_cost: 23.07520249432338
    efficiency: 0.775603
    discharge_ratio: 5
    depth_of_discharge: 0.5
  VRBF:
    cost: 186.624
    lifetime: 20.0293
    annual_cost: 9.317549789558297
    efficiency: 0.693317
    discharge_ratio: 0.5
    depth_of_discharge: 1.0
