cost_values:
  wind_capex: 5000.0
  wind_opex: 100
  wind_lifetime: 20
  solar_capex: 1000.0
  solar_opex: 10
  solar_lifetime: 20
  carbon_price: 1.0
timeseries_values:
  load_level: 228154.8048203709
  wind_year: 2016
  solar_year: 2013
  price_year: 2023
  carbon_year: 2023
storage_values:
  CAES:
    cost: 47.8576
    lifetime: 27.6832
    annual_cost: 1.7287596809617385
    efficiency: 0.580608
    discharge_ratio: 0.1
    depth_of_discharge: 0.4
  Li-ion:
    cost: 217.608
    lifetime: 20.8855
    annual_cost: 10.419094587153767
    efficiency: 0.855853
    discharge_ratio: 2
    depth_of_discharge: 0.9
  Pb-acid:
    cost: 168.489
    lifetime: 7.81746
    annual_cost: 21.552908489458215
    efficiency: 0.768242
    discharge_ratio: 5
    depth_of_discharge: 0.5
  VRBF:
    cost: 166.003
    lifetime: 18.1799
    annual_cost: 9.131128334039241
    efficiency: 0.681393
    discharge_ratio: 0.5
    depth_of_discharge: 1.0
