cost_values:
  wind_capex: 5000.0
  wind_opex: 100
  wind_lifetime: 20
  solar_capex: 1000.0
  solar_opex: 10
  solar_lifetime: 20
  carbon_price: 1.0
timeseries_values:
  load_level: 228154.8048203709
  wind_year: 2016
  solar_year: 2013
  price_year: 2023
  carbon_year: 2023
storage_values:
  CAES:
    cost: 49.6302
    lifetime: 27.8715
    annual_cost: 1.7806791884182767
    efficiency: 0.590348
    discharge_ratio: 0.1
    depth_of_discharge: 0.4
  Li-ion:
    cost: 196.891
    lifetime: 22.4265
    annual_cost: 8.77939045325842
    efficiency: 0.863454
    discharge_ratio: 2
    depth_of_discharge: 0.9
  Pb-acid:
    cost: 167.5
    lifetime: 7.95594
    annual_cost: 21.0534518862636
    efficiency: 0.793172
    discharge_ratio: 5
    depth_of_discharge: 0.5
  VRBF:
    cost: 195.828
    lifetime: 17.7502
    annual_cost: 11.032439071109058
    efficiency: 0.675493
    discharge_ratio: 0.5
    depth_of_discharge: 1.0
