cost_values:
  wind_capex: 5000.0
  wind_opex: 100
  wind_lifetime: 20
  solar_capex: 1000.0
  solar_opex: 10
  solar_lifetime: 20
  carbon_price: 1.0
timeseries_values:
  load_level: 228154.8048203709
  wind_year: 2016
  solar_year: 2013
  price_year: 2023
  carbon_year: 2023
storage_values:
  CAES:
    cost: 49.9522
    lifetime: 27.939
    annual_cost: 1.787902215541
    efficiency: 0.588021
    discharge_ratio: 0.1
    depth_of_discharge: 0.4
  Li-ion:
    cost: 226.946
    lifetime: 20.0431
    annual_cost: 11.322899152326736
    efficiency: 0.866082
    discharge_ratio: 2
    depth_of_discharge: 0.9
  Pb-acid:
    cost: 158.981
    lifetime: 7.48448
    annual_cost: 21.241422249775535
    efficiency: 0.76848
    discharge_ratio: 5
    depth_of_discharge: 0.5
  VRBF:
    cost: 189.311
    lifetime: 18.0343
    annual_cost: 10.497274637773575
    efficiency: 0.684799
    discharge_ratio: 0.5
    depth_of_discharge: 1.0
