cost_values:
  wind_capex: 5000.0
  wind_opex: 100
  wind_lifetime: 20
  solar_capex: 1000.0
  solar_opex: 10
  solar_lifetime: 20
  carbon_price: 1.0
timeseries_values:
  load_level: 228154.8048203709
  wind_year: 2016
  solar_year: 2013
  price_year: 2023
  carbon_year: 2023
storage_values:
  CAES:
    cost: 45.9131
    lifetime: 29.2625
    annual_cost: 1.5690081161896625
    efficiency: 0.578376
    discharge_ratio: 0.1
    depth_of_discharge: 0.4
  Li-ion:
    cost: 201.654
    lifetime: 18.9168
    annual_cost: 10.660048211113931
    efficiency: 0.860297
    discharge_ratio: 2
    depth_of_discharge: 0.9
  Pb-acid:
    cost: 180.289
    lifetime: 7.24325
    annual_cost: 24.89062230352397
    efficiency: 0.789381
    discharge_ratio: 5
    depth_of_discharge: 0.5
  VRBF:
    cost: 203.685
    lifetime: 17.4577
    annual_cost: 11.667344495552106
    efficiency: 0.688769
    discharge_ratio: 0.5
    depth_of_discharge: 1.0
