cost_values:
  wind_capex: 5000.0
  wind_opex: 100
  wind_lifetime: 20
  solar_capex: 1000.0
  solar_opex: 10
  solar_lifetime: 20
  carbon_price: 1.0
timeseries_values:
  load_level: 228154.8048203709
  wind_year: 2016
  solar_year: 2013
  price_year: 2023
  carbon_year: 2023
storage_values:
  CAES:
    cost: 48.0435
    lifetime: 27.6268
    annual_cost: 1.7390179101452214
    efficiency: 0.590281
    discharge_ratio: 0.1
    depth_of_discharge: 0.4
  Li-ion:
    cost: 195.634
    lifetime: 20.7613
    annual_cost: 9.423013009782624
    efficiency: 0.858875
    discharge_ratio: 2
    depth_of_discharge: 0.9
  Pb-acid:
    cost: 151.375
    lifetime: 8.41732
    annual_cost: 17.983752548317042
    efficiency: 0.786873
    discharge_ratio: 5
    depth_of_discharge: 0.5
  VRBF:
    cost: 219.948
    lifetime: 18.4374
    annual_cost: 11.929447752936966
    efficiency: 0.677576
    discharge_ratio: 0.5
    depth_of_discharge: 1.0
