cost_values:
  wind_capex: 5000.0
  wind_opex: 100
  wind_lifetime: 20
  solar_capex: 1000.0
  solar_opex: 10
  solar_lifetime: 20
  carbon_price: 1.0
timeseries_values:
  load_level: 228154.8048203709
  wind_year: 2016
  solar_year: 2013
  price_year: 2023
  carbon_year: 2023
storage_values:
  CAES:
    cost: 52.0303
    lifetime: 27.7425
    annual_cost: 1.8754726502658374
    efficiency: 0.583684
    discharge_ratio: 0.1
    depth_of_discharge: 0.4
  Li-ion:
    cost: 204.822
    lifetime: 21.8037
    annual_cost: 9.393910207900495
    efficiency: 0.854945
    discharge_ratio: 2
    depth_of_discharge: 0.9
  Pb-acid:
    cost: 175.943
    lifetime: 6.32184
    annual_cost: 27.830979588221155
    efficiency: 0.787859
    discharge_ratio: 5
    depth_of_discharge: 0.5
  VRBF:
    cost: 172.58
    lifetime: 19.4181
    annual_cost: 8.887584264165907
    efficiency: 0.672824
    discharge_ratio: 0.5
    depth_of_discharge: 1.0
