cost_values:
  wind_capex: 5000.0
  wind_opex: 100
  wind_lifetime: 20
  solar_capex: 1000.0
  solar_opex: 10
  solar_lifetime: 20
  carbon_price: 1.0
timeseries_values:
  load_level: 228154.8048203709
  wind_year: 2016
  solar_year: 2013
  price_year: 2023
  carbon_year: 2023
storage_values:
  CAES:
    cost: 51.8869
    lifetime: 28.2681
    annual_cost: 1.8355283871218793
    efficiency: 0.58752
    discharge_ratio: 0.1
    depth_of_discharge: 0.4
  Li-ion:
    cost: 205.851
    lifetime: 19.8943
    annual_cost: 10.347235137702759
    efficiency: 0.869494
    discharge_ratio: 2
    depth_of_discharge: 0.9
  Pb-acid:
    cost: 157.079
    lifetime: 7.2195
    annual_cost: 21.757600941893482
    efficiency: 0.769789
    discharge_ratio: 5
    depth_of_discharge: 0.5
  VRBF:
    cost: 164.544
    lifetime: 18.5712
    annual_cost: 8.860170586714913
    efficiency: 0.691803
    discharge_ratio: 0.5
    depth_of_discharge: 1.0
