cost_values:
  wind_capex: 5000.0
  wind_opex: 100
  wind_lifetime: 20
  solar_capex: 1000.0
  solar_opex: 10
  solar_lifetime: 20
  carbon_price: 1.0
timeseries_values:
  load_level: 228154.8048203709
  wind_year: 2016
  solar_year: 2013
  price_year: 2023
  carbon_year: 2023
storage_values:
  CAES:
    cost: 47.3893
    lifetime: 26.9345
    annual_cost: 1.7594275000464088
    efficiency: 0.589796
    discharge_ratio: 0.1
    depth_of_discharge: 0.4
  Li-ion:
    cost: 214.861
    lifetime: 18.6692
    annual_cost: 11.50884879909155
    efficiency: 0.867069
    discharge_ratio: 2
    depth_of_discharge: 0.9
  Pb-acid:
    cost: 190.797
    lifetime: 7.99058
    annual_cost: 23.87774104007469
    efficiency: 0.776289
    discharge_ratio: 5
    depth_of_discharge: 0.5
  VRBF:
    cost: 200.098
    lifetime: 18.8835
    annual_cost: 10.596446633304208
    efficiency: 0.702952
    discharge_ratio: 0.5
    depth_of_discharge: 1.0
