cost_values:
  wind_capex: 5000.0
  wind_opex: 100
  wind_lifetime: 20
  solar_capex: 1000.0
  solar_opex: 10
  solar_lifetime: 20
  carbon_price: 1.0
timeseries_values:
  load_level: 228154.8048203709
  wind_year: 2016
  solar_year: 2013
  price_year: 2023
  carbon_year: 2023
storage_values:
  CAES:
    cost: 38.7535
    lifetime: 27.3672
    annual_cost: 1.4160564471337953
    efficiency: 0.586095
    discharge_ratio: 0.1
    depth_of_discharge: 0.4
  Li-ion:
    cost: 215.547
    lifetime: 24.2796
    annual_cost: 8.877699797360748
    efficiency: 0.865295
    discharge_ratio: 2
    depth_of_discharge: 0.9
  Pb-acid:
    cost: 160.892
    lifetime: 8.15488
    annual_cost: 19.729536179563645
    efficiency: 0.789647
    discharge_ratio: 5
    depth_of_discharge: 0.5
  VRBF:
    cost: 195.471
    lifetime: 17.7792
    annual_cost: 10.99436420086393
    efficiency: 0.698943
    discharge_ratio: 0.5
    depth_of_discharge: 1.0
