cost_values:
  wind_capex: 5000.0
  wind_opex: 100
  wind_lifetime: 20
  solar_capex: 1000.0
  solar_opex: 10
  solar_lifetime: 20
  carbon_price: 1.0
timeseries_values:
  load_level: 228154.8048203709
  wind_year: 2016
  solar_year: 2013
  price_year: 2023
  carbon_year: 2023
storage_values:
  CAES:
    cost: 53.1767
    lifetime: 27.7932
    annual_cost: 1.9132989364304938
    efficiency: 0.588081
    discharge_ratio: 0.1
    depth_of_discharge: 0.4
  Li-ion:
    cost: 199.978
    lifetime: 22.6444
    annual_cost: 8.831234212432213
    efficiency: 0.857205
    discharge_ratio: 2
    depth_of_discharge: 0.9
  Pb-acid:
    cost: 187.151
    lifetime: 7.08565
    annual_cost: 26.41267914729065
    efficiency: 0.793364
    discharge_ratio: 5
    depth_of_discharge: 0.5
  VRBF:
    cost: 196.911
    lifetime: 17.7918
    annual_cost: 11.067514248136783
    efficiency: 0.670187
    discharge_ratio: 0.5
    depth_of_discharge: 1.0
