cost_values:
  wind_capex: 5000.0
  wind_opex: 100
  wind_lifetime: 20
  solar_capex: 1000.0
  solar_opex: 10
  solar_lifetime: 20
  carbon_price: 1.0
timeseries_values:
  load_level: 228154.8048203709
  wind_year: 2016
  solar_year: 2013
  price_year: 2023
  carbon_year: 2023
storage_values:
  CAES:
    cost: 46.8717
    lifetime: 27.0291
    annual_cost: 1.7341198930042065
    efficiency: 0.586936
    discharge_ratio: 0.1
    depth_of_discharge: 0.4
  Li-ion:
    cost: 214.531
    lifetime: 19.7951
    annual_cost: 10.837581017524538
    efficiency: 0.850957
    discharge_ratio: 2
    depth_of_discharge: 0.9
  Pb-acid:
    cost: 166.183
    lifetime: 7.4691
    annual_cost: 22.249400864896707
    efficiency: 0.756237
    discharge_ratio: 5
    depth_of_discharge: 0.5
  VRBF:
    cost: 228.741
    lifetime: 18.658
    annual_cost: 12.259674134419551
    efficiency: 0.67279
    discharge_ratio: 0.5
    depth_of_discharge: 1.0
