cost_values:
  wind_capex: 5000.0
  wind_opex: 100
  wind_lifetime: 20
  solar_capex: 1000.0
  solar_opex: 10
  solar_lifetime: 20
  carbon_price: 1.0
timeseries_values:
  load_level: 228154.8048203709
  wind_year: 2016
  solar_year: 2013
  price_year: 2023
  carbon_year: 2023
storage_values:
  CAES:
    cost: 49.5226
    lifetime: 27.4881
    annual_cost: 1.801601420250945
    efficiency: 0.590025
    discharge_ratio: 0.1
    depth_of_discharge: 0.4
  Li-ion:
    cost: 204.019
    lifetime: 21.1246
    annual_cost: 9.65788701324522
    efficiency: 0.86533
    discharge_ratio: 2
    depth_of_discharge: 0.9
  Pb-acid:
    cost: 185.909
    lifetime: 7.50372
    annual_cost: 24.77557797998859
    efficiency: 0.771566
    discharge_ratio: 5
    depth_of_discharge: 0.5
  VRBF:
    cost: 199.775
    lifetime: 19.0524
    annual_cost: 10.485555625537991
    efficiency: 0.674957
    discharge_ratio: 0.5
    depth_of_discharge: 1.0
