cost_values:
  wind_capex: 5000.0
  wind_opex: 100
  wind_lifetime: 20
  solar_capex: 1000.0
  solar_opex: 10
  solar_lifetime: 20
  carbon_price: 1.0
timeseries_values:
  load_level: 228154.8048203709
  wind_year: 2016
  solar_year: 2013
  price_year: 2023
  carbon_year: 2023
storage_values:
  CAES:
    cost: 47.199
    lifetime: 27.2752
    annual_cost: 1.7304731037719245
    efficiency: 0.593328
    discharge_ratio: 0.1
    depth_of_discharge: 0.4
  Li-ion:
    cost: 203.819
    lifetime: 21.4306
    annual_cost: 9.510652991516803
    efficiency: 0.853857
    discharge_ratio: 2
    depth_of_discharge: 0.9
  Pb-acid:
    cost: 163.325
    lifetime: 6.29252
    annual_cost: 25.955420086070443
    efficiency: 0.76224
    discharge_ratio: 5
    depth_of_discharge: 0.5
  VRBF:
    cost: 198.072
    lifetime: 17.8252
    annual_cost: 11.111908982788412
    efficiency: 0.692476
    discharge_ratio: 0.5
    depth_of_discharge: 1.0
