cost_values:
  wind_capex: 5000.0
  wind_opex: 100
  wind_lifetime: 20
  solar_capex: 1000.0
  solar_opex: 10
  solar_lifetime: 20
  carbon_price: 1.0
timeseries_values:
  load_level: 228154.8048203709
  wind_year: 2016
  solar_year: 2013
  price_year: 2023
  carbon_year: 2023
storage_values:
  CAES:
    cost: 49.4323
    lifetime: 27.7513
    annual_cost: 1.7812606976970446
    efficiency: 0.589491
    discharge_ratio: 0.1
    depth_of_discharge: 0.4
  Li-ion:
    cost: 213.494
    lifetime: 21.3745
    annual_cost: 9.988257035252285
    efficiency: 0.871599
    discharge_ratio: 2
    depth_of_discharge: 0.9
  Pb-acid:
    cost: 182.754
    lifetime: 9.73216
    annual_cost: 18.778359583073026
    efficiency: 0.76898
    discharge_ratio: 5
    depth_of_discharge: 0.5
  VRBF:
    cost: 209.335
    lifetime: 20.6823
    annual_cost: 10.121456511123037
    efficiency: 0.67948
    discharge_ratio: 0.5
    depth_of_discharge: 1.0
