cost_values:
  wind_capex: 5000.0
  wind_opex: 100
  wind_lifetime: 20
  solar_capex: 1000.0
  solar_opex: 10
  solar_lifetime: 20
  carbon_price: 1.0
timeseries_values:
  load_level: 228154.8048203709
  wind_year: 2016
  solar_year: 2013
  price_year: 2023
  carbon_year: 2023
storage_values:
  CAES:
    cost: 48.4903
    lifetime: 28.2224
    annual_cost: 1.7181494132320425
    efficiency: 0.587978
    discharge_ratio: 0.1
    depth_of_discharge: 0.4
  Li-ion:
    cost: 211.474
    lifetime: 19.7706
    annual_cost: 10.696387565374849
    efficiency: 0.877048
    discharge_ratio: 2
    depth_of_discharge: 0.9
  Pb-acid:
    cost: 167.881
    lifetime: 6.01611
    annual_cost: 27.905241094328392
    efficiency: 0.783007
    discharge_ratio: 5
    depth_of_discharge: 0.5
  VRBF:
    cost: 192.921
    lifetime: 17.7483
    annual_cost: 10.869829786514764
    efficiency: 0.6851
    discharge_ratio: 0.5
    depth_of_discharge: 1.0
