cost_values:
  wind_capex: 5000.0
  wind_opex: 100
  wind_lifetime: 20
  solar_capex: 1000.0
  solar_opex: 10
  solar_lifetime: 20
  carbon_price: 1.0
timeseries_values:
  load_level: 228154.8048203709
  wind_year: 2016
  solar_year: 2013
  price_year: 2023
  carbon_year: 2023
storage_values:
  CAES:
    cost: 56.2916
    lifetime: 27.6752
    annual_cost: 2.0340087876510378
    efficiency: 0.587712
    discharge_ratio: 0.1
    depth_of_discharge: 0.4
  Li-ion:
    cost: 211.87
    lifetime: 21.1036
    annual_cost: 10.03951932371728
    efficiency: 0.853964
    discharge_ratio: 2
    depth_of_discharge: 0.9
  Pb-acid:
    cost: 151.828
    lifetime: 7.38357
    annual_cost: 20.56295260964547
    efficiency: 0.791961
    discharge_ratio: 5
    depth_of_discharge: 0.5
  VRBF:
    cost: 214.262
    lifetime: 19.3757
    annual_cost: 11.058284345855892
    efficiency: 0.684185
    discharge_ratio: 0.5
    depth_of_discharge: 1.0
