cost_values:
  wind_capex: 5000.0
  wind_opex: 100
  wind_lifetime: 20
  solar_capex: 1000.0
  solar_opex: 10
  solar_lifetime: 20
  carbon_price: 1.0
timeseries_values:
  load_level: 228154.8048203709
  wind_year: 2016
  solar_year: 2013
  price_year: 2023
  carbon_year: 2023
storage_values:
  CAES:
    cost: 44.0058
    lifetime: 26.6317
    annual_cost: 1.6523841887675215
    efficiency: 0.594954
    discharge_ratio: 0.1
    depth_of_discharge: 0.4
  Li-ion:
    cost: 206.375
    lifetime: 20.0003
    annual_cost: 10.318595221071684
    efficiency: 0.868694
    discharge_ratio: 2
    depth_of_discharge: 0.9
  Pb-acid:
    cost: 166.38
    lifetime: 7.18797
    annual_cost: 23.14700812607732
    efficiency: 0.784848
    discharge_ratio: 5
    depth_of_discharge: 0.5
  VRBF:
    cost: 197.679
    lifetime: 20.6667
    annual_cost: 9.565097475649234
    efficiency: 0.671917
    discharge_ratio: 0.5
    depth_of_discharge: 1.0
