cost_values:
  wind_capex: 5000.0
  wind_opex: 100
  wind_lifetime: 20
  solar_capex: 1000.0
  solar_opex: 10
  solar_lifetime: 20
  carbon_price: 1.0
timeseries_values:
  load_level: 228154.8048203709
  wind_year: 2016
  solar_year: 2013
  price_year: 2023
  carbon_year: 2023
storage_values:
  CAES:
    cost: 41.4757
    lifetime: 27.4754
    annual_cost: 1.5095576406530935
    efficiency: 0.590541
    discharge_ratio: 0.1
    depth_of_discharge: 0.4
  Li-ion:
    cost: 217.505
    lifetime: 20.818
    annual_cost: 10.447929676241714
    efficiency: 0.856278
    discharge_ratio: 2
    depth_of_discharge: 0.9
  Pb-acid:
    cost: 165.356
    lifetime: 10.0973
    annual_cost: 16.376258999930673
    efficiency: 0.788959
    discharge_ratio: 5
    depth_of_discharge: 0.5
  VRBF:
    cost: 179.774
    lifetime: 19.0051
    annual_cost: 9.459250411731588
    efficiency: 0.677242
    discharge_ratio: 0.5
    depth_of_discharge: 1.0
