cost_values:
  wind_capex: 5000.0
  wind_opex: 100
  wind_lifetime: 20
  solar_capex: 1000.0
  solar_opex: 10
  solar_lifetime: 20
  carbon_price: 1.0
timeseries_values:
  load_level: 228154.8048203709
  wind_year: 2016
  solar_year: 2013
  price_year: 2023
  carbon_year: 2023
storage_values:
  CAES:
    cost: 44.4785
    lifetime: 27.8305
    annual_cost: 1.5981926303875242
    efficiency: 0.576225
    discharge_ratio: 0.1
    depth_of_discharge: 0.4
  Li-ion:
    cost: 209.413
    lifetime: 20.948
    annual_cost: 9.99680160397174
    efficiency: 0.87278
    discharge_ratio: 2
    depth_of_discharge: 0.9
  Pb-acid:
    cost: 157.319
    lifetime: 6.69505
    annual_cost: 23.497808082090497
    efficiency: 0.786862
    discharge_ratio: 5
    depth_of_discharge: 0.5
  VRBF:
    cost: 219.703
    lifetime: 20.5699
    annual_cost: 10.680800587265859
    efficiency: 0.691835
    discharge_ratio: 0.5
    depth_of_discharge: 1.0
