cost_values:
  wind_capex: 5000.0
  wind_opex: 100
  wind_lifetime: 20
  solar_capex: 1000.0
  solar_opex: 10
  solar_lifetime: 20
  carbon_price: 1.0
timeseries_values:
  load_level: 228154.8048203709
  wind_year: 2016
  solar_year: 2013
  price_year: 2023
  carbon_year: 2023
storage_values:
  CAES:
    cost: 47.5829
    lifetime: 28.3042
    annual_cost: 1.681125062711541
    efficiency: 0.594043
    discharge_ratio: 0.1
    depth_of_discharge: 0.4
  Li-ion:
    cost: 235.285
    lifetime: 21.5772
    annual_cost: 10.904334204623398
    efficiency: 0.861453
    discharge_ratio: 2
    depth_of_discharge: 0.9
  Pb-acid:
    cost: 159.925
    lifetime: 7.76479
    annual_cost: 20.596178389885626
    efficiency: 0.780973
    discharge_ratio: 5
    depth_of_discharge: 0.5
  VRBF:
    cost: 206.949
    lifetime: 19.9038
    annual_cost: 10.397461791215749
    efficiency: 0.707086
    discharge_ratio: 0.5
    depth_of_discharge: 1.0
