cost_values:
  wind_capex: 5000.0
  wind_opex: 100
  wind_lifetime: 20
  solar_capex: 1000.0
  solar_opex: 10
  solar_lifetime: 20
  carbon_price: 1.0
timeseries_values:
  load_level: 228154.8048203709
  wind_year: 2016
  solar_year: 2013
  price_year: 2023
  carbon_year: 2023
storage_values:
  CAES:
    cost: 53.0478
    lifetime: 27.3055
    annual_cost: 1.9427514603285054
    efficiency: 0.584508
    discharge_ratio: 0.1
    depth_of_discharge: 0.4
  Li-ion:
    cost: 187.985
    lifetime: 20.9767
    annual_cost: 8.961609786096002
    efficiency: 0.865183
    discharge_ratio: 2
    depth_of_discharge: 0.9
  Pb-acid:
    cost: 163.214
    lifetime: 7.59147
    annual_cost: 21.499656851703293
    efficiency: 0.789705
    discharge_ratio: 5
    depth_of_discharge: 0.5
  VRBF:
    cost: 233.533
    lifetime: 16.9848
    annual_cost: 13.749528990626914
    efficiency: 0.672848
    discharge_ratio: 0.5
    depth_of_discharge: 1.0
