cost_values:
  wind_capex: 5000.0
  wind_opex: 100
  wind_lifetime: 20
  solar_capex: 1000.0
  solar_opex: 10
  solar_lifetime: 20
  carbon_price: 1.0
timeseries_values:
  load_level: 228154.8048203709
  wind_year: 2016
  solar_year: 2013
  price_year: 2023
  carbon_year: 2023
storage_values:
  CAES:
    cost: 56.5071
    lifetime: 27.6495
    annual_cost: 2.0436933760104163
    efficiency: 0.583959
    discharge_ratio: 0.1
    depth_of_discharge: 0.4
  Li-ion:
    cost: 203.716
    lifetime: 21.8825
    annual_cost: 9.30953958642751
    efficiency: 0.86067
    discharge_ratio: 2
    depth_of_discharge: 0.9
  Pb-acid:
    cost: 170.603
    lifetime: 8.84186
    annual_cost: 19.29492210914898
    efficiency: 0.777733
    discharge_ratio: 5
    depth_of_discharge: 0.5
  VRBF:
    cost: 180.248
    lifetime: 18.5445
    annual_cost: 9.71975518347758
    efficiency: 0.675492
    discharge_ratio: 0.5
    depth_of_discharge: 1.0
