cost_values:
  wind_capex: 5000.0
  wind_opex: 100
  wind_lifetime: 20
  solar_capex: 1000.0
  solar_opex: 10
  solar_lifetime: 20
  carbon_price: 1.0
timeseries_values:
  load_level: 228154.8048203709
  wind_year: 2016
  solar_year: 2013
  price_year: 2023
  carbon_year: 2023
storage_values:
  CAES:
    cost: 49.5368
    lifetime: 28.0136
    annual_cost: 1.7683125339120997
    efficiency: 0.593804
    discharge_ratio: 0.1
    depth_of_discharge: 0.4
  Li-ion:
    cost: 220.923
    lifetime: 22.8847
    annual_cost: 9.65374245675058
    efficiency: 0.87977
    discharge_ratio: 2
    depth_of_discharge: 0.9
  Pb-acid:
    cost: 172.79
    lifetime: 6.52315
    annual_cost: 26.488736270053575
    efficiency: 0.778626
    discharge_ratio: 5
    depth_of_discharge: 0.5
  VRBF:
    cost: 199.592
    lifetime: 18.5446
    annual_cost: 10.76280965887644
    efficiency: 0.688348
    discharge_ratio: 0.5
    depth_of_discharge: 1.0
