cost_values:
  wind_capex: 5000.0
  wind_opex: 100
  wind_lifetime: 20
  solar_capex: 1000.0
  solar_opex: 10
  solar_lifetime: 20
  carbon_price: 1.0
timeseries_values:
  load_level: 228154.8048203709
  wind_year: 2016
  solar_year: 2013
  price_year: 2023
  carbon_year: 2023
storage_values:
  CAES:
    cost: 48.251
    lifetime: 27.7888
    annual_cost: 1.7363470175034545
    efficiency: 0.591118
    discharge_ratio: 0.1
    depth_of_discharge: 0.4
  Li-ion:
    cost: 227.513
    lifetime: 20.2918
    annual_cost: 11.212065957677487
    efficiency: 0.867123
    discharge_ratio: 2
    depth_of_discharge: 0.9
  Pb-acid:
    cost: 173.296
    lifetime: 8.96703
    annual_cost: 19.325908355386343
    efficiency: 0.782428
    discharge_ratio: 5
    depth_of_discharge: 0.5
  VRBF:
    cost: 216.191
    lifetime: 19.4489
    annual_cost: 11.11584716873448
    efficiency: 0.677964
    discharge_ratio: 0.5
    depth_of_discharge: 1.0
