cost_values:
  wind_capex: 5000.0
  wind_opex: 100
  wind_lifetime: 20
  solar_capex: 1000.0
  solar_opex: 10
  solar_lifetime: 20
  carbon_price: 1.0
timeseries_values:
  load_level: 228154.8048203709
  wind_year: 2016
  solar_year: 2013
  price_year: 2023
  carbon_year: 2023
storage_values:
  CAES:
    cost: 45.094
    lifetime: 28.5676
    annual_cost: 1.5785015192035734
    efficiency: 0.595101
    discharge_ratio: 0.1
    depth_of_discharge: 0.4
  Li-ion:
    cost: 235.112
    lifetime: 18.6637
    annual_cost: 12.597287783236979
    efficiency: 0.879027
    discharge_ratio: 2
    depth_of_discharge: 0.9
  Pb-acid:
    cost: 181.781
    lifetime: 7.65422
    annual_cost: 23.74912139969847
    efficiency: 0.780429
    discharge_ratio: 5
    depth_of_discharge: 0.5
  VRBF:
    cost: 183.266
    lifetime: 17.7026
    annual_cost: 10.352490594601923
    efficiency: 0.670294
    discharge_ratio: 0.5
    depth_of_discharge: 1.0
