cost_values:
  wind_capex: 5000.0
  wind_opex: 100
  wind_lifetime: 20
  solar_capex: 1000.0
  solar_opex: 10
  solar_lifetime: 20
  carbon_price: 1.0
timeseries_values:
  load_level: 228154.8048203709
  wind_year: 2016
  solar_year: 2013
  price_year: 2023
  carbon_year: 2023
storage_values:
  CAES:
    cost: 45.5641
    lifetime: 28.5858
    annual_cost: 1.5939417473011077
    efficiency: 0.58689
    discharge_ratio: 0.1
    depth_of_discharge: 0.4
  Li-ion:
    cost: 209.329
    lifetime: 20.2971
    annual_cost: 10.313246719974774
    efficiency: 0.860805
    discharge_ratio: 2
    depth_of_discharge: 0.9
  Pb-acid:
    cost: 162.076
    lifetime: 6.90049
    annual_cost: 23.487607401793205
    efficiency: 0.767274
    discharge_ratio: 5
    depth_of_discharge: 0.5
  VRBF:
    cost: 231.938
    lifetime: 18.2339
    annual_cost: 12.720153121383797
    efficiency: 0.661972
    discharge_ratio: 0.5
    depth_of_discharge: 1.0
