cost_values:
  wind_capex: 5000.0
  wind_opex: 100
  wind_lifetime: 20
  solar_capex: 1000.0
  solar_opex: 10
  solar_lifetime: 20
  carbon_price: 1.0
timeseries_values:
  load_level: 228154.8048203709
  wind_year: 2016
  solar_year: 2013
  price_year: 2023
  carbon_year: 2023
storage_values:
  CAES:
    cost: 48.6385
    lifetime: 26.6559
    annual_cost: 1.824680464737638
    efficiency: 0.583407
    discharge_ratio: 0.1
    depth_of_discharge: 0.4
  Li-ion:
    cost: 208.953
    lifetime: 18.9785
    annual_cost: 11.009984983007087
    efficiency: 0.862604
    discharge_ratio: 2
    depth_of_discharge: 0.9
  Pb-acid:
    cost: 169.945
    lifetime: 7.37613
    annual_cost: 23.03985965540195
    efficiency: 0.794244
    discharge_ratio: 5
    depth_of_discharge: 0.5
  VRBF:
    cost: 217.545
    lifetime: 19.915
    annual_cost: 10.923675621390911
    efficiency: 0.702813
    discharge_ratio: 0.5
    depth_of_discharge: 1.0
