cost_values:
  wind_capex: 5000.0
  wind_opex: 100
  wind_lifetime: 20
  solar_capex: 1000.0
  solar_opex: 10
  solar_lifetime: 20
  carbon_price: 1.0
timeseries_values:
  load_level: 228154.8048203709
  wind_year: 2016
  solar_year: 2013
  price_year: 2023
  carbon_year: 2023
storage_values:
  CAES:
    cost: 56.0082
    lifetime: 27.4746
    annual_cost: 2.0385446921884216
    efficiency: 0.574945
    discharge_ratio: 0.1
    depth_of_discharge: 0.4
  Li-ion:
    cost: 225.117
    lifetime: 20.7049
    annual_cost: 10.872643673719748
    efficiency: 0.859312
    discharge_ratio: 2
    depth_of_discharge: 0.9
  Pb-acid:
    cost: 168.267
    lifetime: 8.09606
    annual_cost: 20.78381336106699
    efficiency: 0.779792
    discharge_ratio: 5
    depth_of_discharge: 0.5
  VRBF:
    cost: 218.869
    lifetime: 18.3566
    annual_cost: 11.923177494743035
    efficiency: 0.680518
    discharge_ratio: 0.5
    depth_of_discharge: 1.0
