cost_values:
  wind_capex: 5000.0
  wind_opex: 100
  wind_lifetime: 20
  solar_capex: 1000.0
  solar_opex: 10
  solar_lifetime: 20
  carbon_price: 1.0
timeseries_values:
  load_level: 228154.8048203709
  wind_year: 2016
  solar_year: 2013
  price_year: 2023
  carbon_year: 2023
storage_values:
  CAES:
    cost: 53.0783
    lifetime: 28.1471
    annual_cost: 1.8857466666192966
    efficiency: 0.58108
    discharge_ratio: 0.1
    depth_of_discharge: 0.4
  Li-ion:
    cost: 203.214
    lifetime: 21.308
    annual_cost: 9.536981415430825
    efficiency: 0.875819
    discharge_ratio: 2
    depth_of_discharge: 0.9
  Pb-acid:
    cost: 153.458
    lifetime: 7.77333
    annual_cost: 19.741603662780303
    efficiency: 0.77505
    discharge_ratio: 5
    depth_of_discharge: 0.5
  VRBF:
    cost: 195.313
    lifetime: 16.7603
    annual_cost: 11.653311694898061
    efficiency: 0.686906
    discharge_ratio: 0.5
    depth_of_discharge: 1.0
