cost_values:
  wind_capex: 5000.0
  wind_opex: 100
  wind_lifetime: 20
  solar_capex: 1000.0
  solar_opex: 10
  solar_lifetime: 20
  carbon_price: 1.0
timeseries_values:
  load_level: 228154.8048203709
  wind_year: 2016
  solar_year: 2013
  price_year: 2023
  carbon_year: 2023
storage_values:
  CAES:
    cost: 46.8686
    lifetime: 27.8852
    annual_cost: 1.6807697273105446
    efficiency: 0.587351
    discharge_ratio: 0.1
    depth_of_discharge: 0.4
  Li-ion:
    cost: 225.091
    lifetime: 21.6384
    annual_cost: 10.402386498077492
    efficiency: 0.872768
    discharge_ratio: 2
    depth_of_discharge: 0.9
  Pb-acid:
    cost: 174.173
    lifetime: 7.604
    annual_cost: 22.905444502893214
    efficiency: 0.773131
    discharge_ratio: 5
    depth_of_discharge: 0.5
  VRBF:
    cost: 183.494
    lifetime: 17.2039
    annual_cost: 10.665837397334325
    efficiency: 0.694033
    discharge_ratio: 0.5
    depth_of_discharge: 1.0
