cost_values:
  wind_capex: 5000.0
  wind_opex: 100
  wind_lifetime: 20
  solar_capex: 1000.0
  solar_opex: 10
  solar_lifetime: 20
  carbon_price: 1.0
timeseries_values:
  load_level: 228154.8048203709
  wind_year: 2016
  solar_year: 2013
  price_year: 2023
  carbon_year: 2023
storage_values:
  CAES:
    cost: 47.3504
    lifetime: 29.1234
    annual_cost: 1.625854124175062
    efficiency: 0.584063
    discharge_ratio: 0.1
    depth_of_discharge: 0.4
  Li-ion:
    cost: 209.619
    lifetime: 20.3324
    annual_cost: 10.3096043752828
    efficiency: 0.869241
    discharge_ratio: 2
    depth_of_discharge: 0.9
  Pb-acid:
    cost: 169.981
    lifetime: 8.41604
    annual_cost: 20.19726617268929
    efficiency: 0.785945
    discharge_ratio: 5
    depth_of_discharge: 0.5
  VRBF:
    cost: 190.805
    lifetime: 19.781
    annual_cost: 9.645872301703657
    efficiency: 0.68596
    discharge_ratio: 0.5
    depth_of_discharge: 1.0
