cost_values:
  wind_capex: 5000.0
  wind_opex: 100
  wind_lifetime: 20
  solar_capex: 1000.0
  solar_opex: 10
  solar_lifetime: 20
  carbon_price: 1.0
timeseries_values:
  load_level: 228154.8048203709
  wind_year: 2016
  solar_year: 2013
  price_year: 2023
  carbon_year: 2023
storage_values:
  CAES:
    cost: 41.5238
    lifetime: 27.2975
    annual_cost: 1.521157615166224
    efficiency: 0.584606
    discharge_ratio: 0.1
    depth_of_discharge: 0.4
  Li-ion:
    cost: 211.447
    lifetime: 20.1201
    annual_cost: 10.509242001779315
    efficiency: 0.850653
    discharge_ratio: 2
    depth_of_discharge: 0.9
  Pb-acid:
    cost: 164.948
    lifetime: 6.82903
    annual_cost: 24.15394280007556
    efficiency: 0.772275
    discharge_ratio: 5
    depth_of_discharge: 0.5
  VRBF:
    cost: 162.183
    lifetime: 18.7921
    annual_cost: 8.630381915805044
    efficiency: 0.696654
    discharge_ratio: 0.5
    depth_of_discharge: 1.0
