cost_values:
  wind_capex: 5000.0
  wind_opex: 100
  wind_lifetime: 20
  solar_capex: 1000.0
  solar_opex: 10
  solar_lifetime: 20
  carbon_price: 1.0
timeseries_values:
  load_level: 228154.8048203709
  wind_year: 2016
  solar_year: 2013
  price_year: 2023
  carbon_year: 2023
storage_values:
  CAES:
    cost: 50.6093
    lifetime: 26.3836
    annual_cost: 1.9182105550417683
    efficiency: 0.58025
    discharge_ratio: 0.1
    depth_of_discharge: 0.4
  Li-ion:
    cost: 187.063
    lifetime: 20.5946
    annual_cost: 9.083109164538277
    efficiency: 0.852023
    discharge_ratio: 2
    depth_of_discharge: 0.9
  Pb-acid:
    cost: 195.438
    lifetime: 8.31542
    annual_cost: 23.503082225552046
    efficiency: 0.775111
    discharge_ratio: 5
    depth_of_discharge: 0.5
  VRBF:
    cost: 188.868
    lifetime: 18.6847
    annual_cost: 10.108163363607657
    efficiency: 0.686496
    discharge_ratio: 0.5
    depth_of_discharge: 1.0
