cost_values:
  wind_capex: 5000.0
  wind_opex: 100
  wind_lifetime: 20
  solar_capex: 1000.0
  solar_opex: 10
  solar_lifetime: 20
  carbon_price: 1.0
timeseries_values:
  load_level: 228154.8048203709
  wind_year: 2016
  solar_year: 2013
  price_year: 2023
  carbon_year: 2023
storage_values:
  CAES:
    cost: 46.8602
    lifetime: 28.0521
    annual_cost: 1.6704703034710413
    efficiency: 0.592164
    discharge_ratio: 0.1
    depth_of_discharge: 0.4
  Li-ion:
    cost: 181.099
    lifetime: 18.5863
    annual_cost: 9.743682174504876
    efficiency: 0.875785
    discharge_ratio: 2
    depth_of_discharge: 0.9
  Pb-acid:
    cost: 167.61
    lifetime: 7.98275
    annual_cost: 20.996523754345308
    efficiency: 0.795105
    discharge_ratio: 5
    depth_of_discharge: 0.5
  VRBF:
    cost: 203.057
    lifetime: 19.0708
    annual_cost: 10.647534450573652
    efficiency: 0.687439
    discharge_ratio: 0.5
    depth_of_discharge: 1.0
