cost_values:
  wind_capex: 5000.0
  wind_opex: 100
  wind_lifetime: 20
  solar_capex: 1000.0
  solar_opex: 10
  solar_lifetime: 20
  carbon_price: 1.0
timeseries_values:
  load_level: 228154.8048203709
  wind_year: 2016
  solar_year: 2013
  price_year: 2023
  carbon_year: 2023
storage_values:
  CAES:
    cost: 51.3274
    lifetime: 27.2919
    annual_cost: 1.8806825468362407
    efficiency: 0.594853
    discharge_ratio: 0.1
    depth_of_discharge: 0.4
  Li-ion:
    cost: 229.934
    lifetime: 21.3676
    annual_cost: 10.760871599992512
    efficiency: 0.865826
    discharge_ratio: 2
    depth_of_discharge: 0.9
  Pb-acid:
    cost: 171.389
    lifetime: 6.68618
    annual_cost: 25.63332126864667
    efficiency: 0.78363
    discharge_ratio: 5
    depth_of_discharge: 0.5
  VRBF:
    cost: 196.758
    lifetime: 17.1798
    annual_cost: 11.45286906716027
    efficiency: 0.677603
    discharge_ratio: 0.5
    depth_of_discharge: 1.0
