cost_values:
  wind_capex: 5000.0
  wind_opex: 100
  wind_lifetime: 20
  solar_capex: 1000.0
  solar_opex: 10
  solar_lifetime: 20
  carbon_price: 1.0
timeseries_values:
  load_level: 228154.8048203709
  wind_year: 2016
  solar_year: 2013
  price_year: 2023
  carbon_year: 2023
storage_values:
  CAES:
    cost: 47.4217
    lifetime: 27.578
    annual_cost: 1.7195481905866996
    efficiency: 0.583394
    discharge_ratio: 0.1
    depth_of_discharge: 0.4
  Li-ion:
    cost: 203.69
    lifetime: 18.1772
    annual_cost: 11.205796272253153
    efficiency: 0.855028
    discharge_ratio: 2
    depth_of_discharge: 0.9
  Pb-acid:
    cost: 166.074
    lifetime: 9.14689
    annual_cost: 18.15633510406269
    efficiency: 0.78285
    discharge_ratio: 5
    depth_of_discharge: 0.5
  VRBF:
    cost: 194.846
    lifetime: 17.6737
    annual_cost: 11.024629817185989
    efficiency: 0.695915
    discharge_ratio: 0.5
    depth_of_discharge: 1.0
