cost_values:
  wind_capex: 5000.0
  wind_opex: 100
  wind_lifetime: 20
  solar_capex: 1000.0
  solar_opex: 10
  solar_lifetime: 20
  carbon_price: 1.0
timeseries_values:
  load_level: 254328.41611324367
  wind_year: 2010
  solar_year: 2010
  price_year: 2023
  carbon_year: 2023
storage_values:
  CAES:
    cost: 70.6708
    lifetime: 25.8234
    annual_cost: 2.7366961747872085
    efficiency: 0.583831
    discharge_ratio: 0.1
    depth_of_discharge: 0.4
  Li-ion:
    cost: 212.774
    lifetime: 24.2854
    annual_cost: 8.761395735709522
    efficiency: 0.980624
    discharge_ratio: 2
    depth_of_discharge: 0.9
  Pb-acid:
    cost: 77.4791
    lifetime: 13.3692
    annual_cost: 5.79534302725668
    efficiency: 0.714054
    discharge_ratio: 5
    depth_of_discharge: 0.5
  VRBF:
    cost: 385.412
    lifetime: 14.8334
    annual_cost: 25.982714684428384
    efficiency: 0.741661
    discharge_ratio: 0.5
    depth_of_discharge: 1.0
