cost_values:
  wind_capex: 5000.0
  wind_opex: 100
  wind_lifetime: 20
  solar_capex: 1000.0
  solar_opex: 10
  solar_lifetime: 20
  carbon_price: 1.0
timeseries_values:
  load_level: 254328.41611324367
  wind_year: 2010
  solar_year: 2010
  price_year: 2023
  carbon_year: 2023
storage_values:
  CAES:
    cost: 72.5298
    lifetime: 24.5571
    annual_cost: 2.953516498283592
    efficiency: 0.584724
    discharge_ratio: 0.1
    depth_of_discharge: 0.4
  Li-ion:
    cost: 221.67
    lifetime: 24.6138
    annual_cost: 9.005923506325718
    efficiency: 0.98735
    discharge_ratio: 2
    depth_of_discharge: 0.9
  Pb-acid:
    cost: 118.114
    lifetime: 11.807
    annual_cost: 10.00372660286271
    efficiency: 0.698307
    discharge_ratio: 5
    depth_of_discharge: 0.5
  VRBF:
    cost: 373.782
    lifetime: 12.8994
    annual_cost: 28.976696590539092
    efficiency: 0.724421
    discharge_ratio: 0.5
    depth_of_discharge: 1.0
