cost_values:
  wind_capex: 5000.0
  wind_opex: 100
  wind_lifetime: 20
  solar_capex: 1000.0
  solar_opex: 10
  solar_lifetime: 20
  carbon_price: 1.0
timeseries_values:
  load_level: 254328.41611324367
  wind_year: 2010
  solar_year: 2010
  price_year: 2023
  carbon_year: 2023
storage_values:
  CAES:
    cost: 62.2438
    lifetime: 24.9099
    annual_cost: 2.4987575221096834
    efficiency: 0.584138
    discharge_ratio: 0.1
    depth_of_discharge: 0.4
  Li-ion:
    cost: 245.532
    lifetime: 25.153
    annual_cost: 9.761539379000517
    efficiency: 0.977762
    discharge_ratio: 2
    depth_of_discharge: 0.9
  Pb-acid:
    cost: 104.086
    lifetime: 13.8787
    annual_cost: 7.499693775353599
    efficiency: 0.714421
    discharge_ratio: 5
    depth_of_discharge: 0.5
  VRBF:
    cost: 394.317
    lifetime: 14.1232
    annual_cost: 27.91980570975416
    efficiency: 0.706581
    discharge_ratio: 0.5
    depth_of_discharge: 1.0
