cost_values:
  wind_capex: 5000.0
  wind_opex: 100
  wind_lifetime: 20
  solar_capex: 1000.0
  solar_opex: 10
  solar_lifetime: 20
  carbon_price: 1.0
timeseries_values:
  load_level: 254328.41611324367
  wind_year: 2010
  solar_year: 2010
  price_year: 2023
  carbon_year: 2023
storage_values:
  CAES:
    cost: 61.7144
    lifetime: 24.451
    annual_cost: 2.5240031082573307
    efficiency: 0.585045
    discharge_ratio: 0.1
    depth_of_discharge: 0.4
  Li-ion:
    cost: 242.822
    lifetime: 23.1544
    annual_cost: 10.487078049960267
    efficiency: 0.973244
    discharge_ratio: 2
    depth_of_discharge: 0.9
  Pb-acid:
    cost: 93.6613
    lifetime: 12.5349
    annual_cost: 7.472042058572465
    efficiency: 0.70345
    discharge_ratio: 5
    depth_of_discharge: 0.5
  VRBF:
    cost: 397.414
    lifetime: 13.0135
    annual_cost: 30.538594536442922
    efficiency: 0.708226
    discharge_ratio: 0.5
    depth_of_discharge: 1.0
