cost_values:
  wind_capex: 5000.0
  wind_opex: 100
  wind_lifetime: 20
  solar_capex: 1000.0
  solar_opex: 10
  solar_lifetime: 20
  carbon_price: 1.0
timeseries_values:
  load_level: 254328.41611324367
  wind_year: 2010
  solar_year: 2010
  price_year: 2023
  carbon_year: 2023
storage_values:
  CAES:
    cost: 67.9643
    lifetime: 24.9667
    annual_cost: 2.722197967692967
    efficiency: 0.587459
    discharge_ratio: 0.1
    depth_of_discharge: 0.4
  Li-ion:
    cost: 231.695
    lifetime: 26.4841
    annual_cost: 8.748456621142497
    efficiency: 0.980787
    discharge_ratio: 2
    depth_of_discharge: 0.9
  Pb-acid:
    cost: 87.9816
    lifetime: 13.538
    annual_cost: 6.498862461220269
    efficiency: 0.698313
    discharge_ratio: 5
    depth_of_discharge: 0.5
  VRBF:
    cost: 370.558
    lifetime: 14.7371
    annual_cost: 25.144567112932666
    efficiency: 0.717499
    discharge_ratio: 0.5
    depth_of_discharge: 1.0
