cost_values:
  wind_capex: 5000.0
  wind_opex: 100
  wind_lifetime: 20
  solar_capex: 1000.0
  solar_opex: 10
  solar_lifetime: 20
  carbon_price: 1.0
timeseries_values:
  load_level: 254328.41611324367
  wind_year: 2010
  solar_year: 2010
  price_year: 2023
  carbon_year: 2023
storage_values:
  CAES:
    cost: 73.1604
    lifetime: 25.6662
    annual_cost: 2.850457021296491
    efficiency: 0.582364
    discharge_ratio: 0.1
    depth_of_discharge: 0.4
  Li-ion:
    cost: 242.831
    lifetime: 24.4738
    annual_cost: 9.922079938546526
    efficiency: 0.975249
    discharge_ratio: 2
    depth_of_discharge: 0.9
  Pb-acid:
    cost: 131.965
    lifetime: 11.9744
    annual_cost: 11.020593933725282
    efficiency: 0.701203
    discharge_ratio: 5
    depth_of_discharge: 0.5
  VRBF:
    cost: 365.741
    lifetime: 13.8122
    annual_cost: 26.479561547038124
    efficiency: 0.729514
    discharge_ratio: 0.5
    depth_of_discharge: 1.0
