cost_values:
  wind_capex: 5000.0
  wind_opex: 100
  wind_lifetime: 20
  solar_capex: 1000.0
  solar_opex: 10
  solar_lifetime: 20
  carbon_price: 1.0
timeseries_values:
  load_level: 254328.41611324367
  wind_year: 2010
  solar_year: 2010
  price_year: 2023
  carbon_year: 2023
storage_values:
  CAES:
    cost: 65.1522
    lifetime: 25.0812
    annual_cost: 2.597650830103823
    efficiency: 0.587164
    discharge_ratio: 0.1
    depth_of_discharge: 0.4
  Li-ion:
    cost: 242.828
    lifetime: 23.8468
    annual_cost: 10.182833755472432
    efficiency: 0.968389
    discharge_ratio: 2
    depth_of_discharge: 0.9
  Pb-acid:
    cost: 128.497
    lifetime: 12.6154
    annual_cost: 10.18572538326173
    efficiency: 0.695815
    discharge_ratio: 5
    depth_of_discharge: 0.5
  VRBF:
    cost: 360.935
    lifetime: 14.6208
    annual_cost: 24.686405668636464
    efficiency: 0.713189
    discharge_ratio: 0.5
    depth_of_discharge: 1.0
