cost_values:
  wind_capex: 5000.0
  wind_opex: 100
  wind_lifetime: 20
  solar_capex: 1000.0
  solar_opex: 10
  solar_lifetime: 20
  carbon_price: 1.0
timeseries_values:
  load_level: 254328.41611324367
  wind_year: 2010
  solar_year: 2010
  price_year: 2023
  carbon_year: 2023
storage_values:
  CAES:
    cost: 66.0427
    lifetime: 26.6678
    annual_cost: 2.4764959989200457
    efficiency: 0.592969
    discharge_ratio: 0.1
    depth_of_discharge: 0.4
  Li-ion:
    cost: 239.942
    lifetime: 24.7996
    annual_cost: 9.675236697366087
    efficiency: 0.974008
    discharge_ratio: 2
    depth_of_discharge: 0.9
  Pb-acid:
    cost: 95.8889
    lifetime: 12.7535
    annual_cost: 7.518634100443016
    efficiency: 0.703446
    discharge_ratio: 5
    depth_of_discharge: 0.5
  VRBF:
    cost: 360.303
    lifetime: 14.5784
    annual_cost: 24.714852109970916
    efficiency: 0.723102
    discharge_ratio: 0.5
    depth_of_discharge: 1.0
