cost_values:
  wind_capex: 5000.0
  wind_opex: 100
  wind_lifetime: 20
  solar_capex: 1000.0
  solar_opex: 10
  solar_lifetime: 20
  carbon_price: 1.0
timeseries_values:
  load_level: 254328.41611324367
  wind_year: 2010
  solar_year: 2010
  price_year: 2023
  carbon_year: 2023
storage_values:
  CAES:
    cost: 60.3144
    lifetime: 24.4959
    annual_cost: 2.462224290595569
    efficiency: 0.587049
    discharge_ratio: 0.1
    depth_of_discharge: 0.4
  Li-ion:
    cost: 242.249
    lifetime: 24.9815
    annual_cost: 9.697135880551608
    efficiency: 0.966122
    discharge_ratio: 2
    depth_of_discharge: 0.9
  Pb-acid:
    cost: 119.426
    lifetime: 14.1677
    annual_cost: 8.429455733817063
    efficiency: 0.6983
    discharge_ratio: 5
    depth_of_discharge: 0.5
  VRBF:
    cost: 362.007
    lifetime: 13.5557
    annual_cost: 26.705149863157196
    efficiency: 0.71422
    discharge_ratio: 0.5
    depth_of_discharge: 1.0
