cost_values:
  wind_capex: 5000.0
  wind_opex: 100
  wind_lifetime: 20
  solar_capex: 1000.0
  solar_opex: 10
  solar_lifetime: 20
  carbon_price: 1.0
timeseries_values:
  load_level: 254328.41611324367
  wind_year: 2010
  solar_year: 2010
  price_year: 2023
  carbon_year: 2023
storage_values:
  CAES:
    cost: 67.3142
    lifetime: 25.2381
    annual_cost: 2.6671659118554882
    efficiency: 0.582008
    discharge_ratio: 0.1
    depth_of_discharge: 0.4
  Li-ion:
    cost: 228.773
    lifetime: 23.0199
    annual_cost: 9.938053597105114
    efficiency: 0.9709
    discharge_ratio: 2
    depth_of_discharge: 0.9
  Pb-acid:
    cost: 102.194
    lifetime: 11.6023
    annual_cost: 8.808081156322453
    efficiency: 0.714487
    discharge_ratio: 5
    depth_of_discharge: 0.5
  VRBF:
    cost: 364.698
    lifetime: 16.1373
    annual_cost: 22.599691398189286
    efficiency: 0.741403
    discharge_ratio: 0.5
    depth_of_discharge: 1.0
