cost_values:
  wind_capex: 5000.0
  wind_opex: 100
  wind_lifetime: 20
  solar_capex: 1000.0
  solar_opex: 10
  solar_lifetime: 20
  carbon_price: 1.0
timeseries_values:
  load_level: 254328.41611324367
  wind_year: 2010
  solar_year: 2010
  price_year: 2023
  carbon_year: 2023
storage_values:
  CAES:
    cost: 77.5388
    lifetime: 26.6582
    annual_cost: 2.90862848954543
    efficiency: 0.589303
    discharge_ratio: 0.1
    depth_of_discharge: 0.4
  Li-ion:
    cost: 266.907
    lifetime: 22.6611
    annual_cost: 11.778201411228933
    efficiency: 0.978114
    discharge_ratio: 2
    depth_of_discharge: 0.9
  Pb-acid:
    cost: 73.034
    lifetime: 11.8948
    annual_cost: 6.139993946934796
    efficiency: 0.723169
    discharge_ratio: 5
    depth_of_discharge: 0.5
  VRBF:
    cost: 397.927
    lifetime: 13.9399
    annual_cost: 28.545900616216763
    efficiency: 0.693448
    discharge_ratio: 0.5
    depth_of_discharge: 1.0
