cost_values:
  wind_capex: 5000.0
  wind_opex: 100
  wind_lifetime: 20
  solar_capex: 1000.0
  solar_opex: 10
  solar_lifetime: 20
  carbon_price: 1.0
timeseries_values:
  load_level: 254328.41611324367
  wind_year: 2010
  solar_year: 2010
  price_year: 2023
  carbon_year: 2023
storage_values:
  CAES:
    cost: 62.729
    lifetime: 25.4866
    annual_cost: 2.461254149239208
    efficiency: 0.580643
    discharge_ratio: 0.1
    depth_of_discharge: 0.4
  Li-ion:
    cost: 247.761
    lifetime: 22.7986
    annual_cost: 10.867377821445176
    efficiency: 0.976684
    discharge_ratio: 2
    depth_of_discharge: 0.9
  Pb-acid:
    cost: 94.5853
    lifetime: 12.6532
    annual_cost: 7.475207852559037
    efficiency: 0.699226
    discharge_ratio: 5
    depth_of_discharge: 0.5
  VRBF:
    cost: 348.194
    lifetime: 13.3922
    annual_cost: 25.99976105494243
    efficiency: 0.733015
    discharge_ratio: 0.5
    depth_of_discharge: 1.0
