cost_values:
  wind_capex: 5000.0
  wind_opex: 100
  wind_lifetime: 20
  solar_capex: 1000.0
  solar_opex: 10
  solar_lifetime: 20
  carbon_price: 1.0
timeseries_values:
  load_level: 254328.41611324367
  wind_year: 2010
  solar_year: 2010
  price_year: 2023
  carbon_year: 2023
storage_values:
  CAES:
    cost: 64.1411
    lifetime: 24.7023
    annual_cost: 2.5965638827153743
    efficiency: 0.588127
    discharge_ratio: 0.1
    depth_of_discharge: 0.4
  Li-ion:
    cost: 241.707
    lifetime: 26.5751
    annual_cost: 9.095243291652713
    efficiency: 0.979364
    discharge_ratio: 2
    depth_of_discharge: 0.9
  Pb-acid:
    cost: 93.8974
    lifetime: 12.7166
    annual_cost: 7.383844738373465
    efficiency: 0.694905
    discharge_ratio: 5
    depth_of_discharge: 0.5
  VRBF:
    cost: 379.236
    lifetime: 16.6747
    annual_cost: 22.743197778670677
    efficiency: 0.695921
    discharge_ratio: 0.5
    depth_of_discharge: 1.0
