cost_values:
  wind_capex: 5000.0
  wind_opex: 100
  wind_lifetime: 20
  solar_capex: 1000.0
  solar_opex: 10
  solar_lifetime: 20
  carbon_price: 1.0
timeseries_values:
  load_level: 254328.41611324367
  wind_year: 2010
  solar_year: 2010
  price_year: 2023
  carbon_year: 2023
storage_values:
  CAES:
    cost: 73.9084
    lifetime: 24.6903
    annual_cost: 2.993418467981353
    efficiency: 0.587402
    discharge_ratio: 0.1
    depth_of_discharge: 0.4
  Li-ion:
    cost: 236.3
    lifetime: 22.7537
    annual_cost: 10.385124177606281
    efficiency: 0.963457
    discharge_ratio: 2
    depth_of_discharge: 0.9
  Pb-acid:
    cost: 105.542
    lifetime: 12.3165
    annual_cost: 8.56915519831121
    efficiency: 0.695944
    discharge_ratio: 5
    depth_of_discharge: 0.5
  VRBF:
    cost: 375.542
    lifetime: 11.5669
    annual_cost: 32.46695311621956
    efficiency: 0.701866
    discharge_ratio: 0.5
    depth_of_discharge: 1.0
