cost_values:
  wind_capex: 5000.0
  wind_opex: 100
  wind_lifetime: 20
  solar_capex: 1000.0
  solar_opex: 10
  solar_lifetime: 20
  carbon_price: 1.0
timeseries_values:
  load_level: 254328.41611324367
  wind_year: 2010
  solar_year: 2010
  price_year: 2023
  carbon_year: 2023
storage_values:
  CAES:
    cost: 67.4969
    lifetime: 24.138
    annual_cost: 2.79629215345099
    efficiency: 0.581278
    discharge_ratio: 0.1
    depth_of_discharge: 0.4
  Li-ion:
    cost: 252.052
    lifetime: 23.2215
    annual_cost: 10.85425144801154
    efficiency: 0.973107
    discharge_ratio: 2
    depth_of_discharge: 0.9
  Pb-acid:
    cost: 126.238
    lifetime: 13.1808
    annual_cost: 9.577415634862831
    efficiency: 0.717596
    discharge_ratio: 5
    depth_of_discharge: 0.5
  VRBF:
    cost: 369.002
    lifetime: 12.647
    annual_cost: 29.177038032735037
    efficiency: 0.723265
    discharge_ratio: 0.5
    depth_of_discharge: 1.0
