cost_values:
  wind_capex: 5000.0
  wind_opex: 100
  wind_lifetime: 20
  solar_capex: 1000.0
  solar_opex: 10
  solar_lifetime: 20
  carbon_price: 1.0
timeseries_values:
  load_level: 254328.41611324367
  wind_year: 2010
  solar_year: 2010
  price_year: 2023
  carbon_year: 2023
storage_values:
  CAES:
    cost: 70.4406
    lifetime: 23.9256
    annual_cost: 2.9441518707994785
    efficiency: 0.59542
    discharge_ratio: 0.1
    depth_of_discharge: 0.4
  Li-ion:
    cost: 223.074
    lifetime: 25.4935
    annual_cost: 8.750230450899249
    efficiency: 0.950881
    discharge_ratio: 2
    depth_of_discharge: 0.9
  Pb-acid:
    cost: 87.527
    lifetime: 13.5637
    annual_cost: 6.45303272705825
    efficiency: 0.717114
    discharge_ratio: 5
    depth_of_discharge: 0.5
  VRBF:
    cost: 366.631
    lifetime: 13.6012
    annual_cost: 26.955783313237063
    efficiency: 0.690822
    discharge_ratio: 0.5
    depth_of_discharge: 1.0
