cost_values:
  wind_capex: 5000.0
  wind_opex: 100
  wind_lifetime: 20
  solar_capex: 1000.0
  solar_opex: 10
  solar_lifetime: 20
  carbon_price: 1.0
timeseries_values:
  load_level: 254328.41611324367
  wind_year: 2010
  solar_year: 2010
  price_year: 2023
  carbon_year: 2023
storage_values:
  CAES:
    cost: 75.4786
    lifetime: 24.3868
    annual_cost: 3.0950596224186855
    efficiency: 0.586844
    discharge_ratio: 0.1
    depth_of_discharge: 0.4
  Li-ion:
    cost: 245.513
    lifetime: 22.7506
    annual_cost: 10.791495608907018
    efficiency: 0.961868
    discharge_ratio: 2
    depth_of_discharge: 0.9
  Pb-acid:
    cost: 107.857
    lifetime: 12.467
    annual_cost: 8.651399695195316
    efficiency: 0.687802
    discharge_ratio: 5
    depth_of_discharge: 0.5
  VRBF:
    cost: 381.709
    lifetime: 13.4524
    annual_cost: 28.374788141892896
    efficiency: 0.715581
    discharge_ratio: 0.5
    depth_of_discharge: 1.0
