cost_values:
  wind_capex: 5000.0
  wind_opex: 100
  wind_lifetime: 20
  solar_capex: 1000.0
  solar_opex: 10
  solar_lifetime: 20
  carbon_price: 1.0
timeseries_values:
  load_level: 254328.41611324367
  wind_year: 2010
  solar_year: 2010
  price_year: 2023
  carbon_year: 2023
storage_values:
  CAES:
    cost: 63.9523
    lifetime: 24.7494
    annual_cost: 2.58399395540902
    efficiency: 0.586912
    discharge_ratio: 0.1
    depth_of_discharge: 0.4
  Li-ion:
    cost: 244.901
    lifetime: 22.3312
    annual_cost: 10.966763989396004
    efficiency: 0.965045
    discharge_ratio: 2
    depth_of_discharge: 0.9
  Pb-acid:
    cost: 107.959
    lifetime: 11.9259
    annual_cost: 9.052482412228846
    efficiency: 0.70825
    discharge_ratio: 5
    depth_of_discharge: 0.5
  VRBF:
    cost: 358.821
    lifetime: 13.2867
    annual_cost: 27.006028584975954
    efficiency: 0.703428
    discharge_ratio: 0.5
    depth_of_discharge: 1.0
