cost_values:
  wind_capex: 5000.0
  wind_opex: 100
  wind_lifetime: 20
  solar_capex: 1000.0
  solar_opex: 10
  solar_lifetime: 20
  carbon_price: 1.0
timeseries_values:
  load_level: 254328.41611324367
  wind_year: 2010
  solar_year: 2010
  price_year: 2023
  carbon_year: 2023
storage_values:
  CAES:
    cost: 70.7308
    lifetime: 25.4842
    annual_cost: 2.7754765697961874
    efficiency: 0.596493
    discharge_ratio: 0.1
    depth_of_discharge: 0.4
  Li-ion:
    cost: 245.894
    lifetime: 22.8632
    annual_cost: 10.755012421708248
    efficiency: 0.968005
    discharge_ratio: 2
    depth_of_discharge: 0.9
  Pb-acid:
    cost: 115.075
    lifetime: 13.1148
    annual_cost: 8.774438039466862
    efficiency: 0.702144
    discharge_ratio: 5
    depth_of_discharge: 0.5
  VRBF:
    cost: 367.765
    lifetime: 14.6843
    annual_cost: 25.044775712836156
    efficiency: 0.72042
    discharge_ratio: 0.5
    depth_of_discharge: 1.0
