cost_values:
  wind_capex: 5000.0
  wind_opex: 100
  wind_lifetime: 20
  solar_capex: 1000.0
  solar_opex: 10
  solar_lifetime: 20
  carbon_price: 1.0
timeseries_values:
  load_level: 254328.41611324367
  wind_year: 2010
  solar_year: 2010
  price_year: 2023
  carbon_year: 2023
storage_values:
  CAES:
    cost: 74.7022
    lifetime: 25.579
    annual_cost: 2.9204503694436843
    efficiency: 0.589018
    discharge_ratio: 0.1
    depth_of_discharge: 0.4
  Li-ion:
    cost: 223.446
    lifetime: 22.3092
    annual_cost: 10.015867893066536
    efficiency: 0.972605
    discharge_ratio: 2
    depth_of_discharge: 0.9
  Pb-acid:
    cost: 83.5761
    lifetime: 12.8874
    annual_cost: 6.4851017272684945
    efficiency: 0.715143
    discharge_ratio: 5
    depth_of_discharge: 0.5
  VRBF:
    cost: 392.638
    lifetime: 13.9338
    annual_cost: 28.178816977421807
    efficiency: 0.718205
    discharge_ratio: 0.5
    depth_of_discharge: 1.0
