cost_values:
  wind_capex: 5000.0
  wind_opex: 100
  wind_lifetime: 20
  solar_capex: 1000.0
  solar_opex: 10
  solar_lifetime: 20
  carbon_price: 1.0
timeseries_values:
  load_level: 254328.41611324367
  wind_year: 2010
  solar_year: 2010
  price_year: 2023
  carbon_year: 2023
storage_values:
  CAES:
    cost: 68.4989
    lifetime: 24.3761
    annual_cost: 2.8100844679829833
    efficiency: 0.584404
    discharge_ratio: 0.1
    depth_of_discharge: 0.4
  Li-ion:
    cost: 228.858
    lifetime: 23.1153
    annual_cost: 9.900715110770788
    efficiency: 0.961133
    discharge_ratio: 2
    depth_of_discharge: 0.9
  Pb-acid:
    cost: 109.53
    lifetime: 13.0238
    annual_cost: 8.409987868364071
    efficiency: 0.711728
    discharge_ratio: 5
    depth_of_discharge: 0.5
  VRBF:
    cost: 391.994
    lifetime: 15.6352
    annual_cost: 25.07124948833402
    efficiency: 0.724995
    discharge_ratio: 0.5
    depth_of_discharge: 1.0
