cost_values:
  wind_capex: 5000.0
  wind_opex: 100
  wind_lifetime: 20
  solar_capex: 1000.0
  solar_opex: 10
  solar_lifetime: 20
  carbon_price: 1.0
timeseries_values:
  load_level: 254328.41611324367
  wind_year: 2010
  solar_year: 2010
  price_year: 2023
  carbon_year: 2023
storage_values:
  CAES:
    cost: 70.3995
    lifetime: 24.8711
    annual_cost: 2.830574441822035
    efficiency: 0.590416
    discharge_ratio: 0.1
    depth_of_discharge: 0.4
  Li-ion:
    cost: 226.785
    lifetime: 25.2707
    annual_cost: 8.974227069293688
    efficiency: 0.954336
    discharge_ratio: 2
    depth_of_discharge: 0.9
  Pb-acid:
    cost: 116.798
    lifetime: 12.7974
    annual_cost: 9.126697610452123
    efficiency: 0.692191
    discharge_ratio: 5
    depth_of_discharge: 0.5
  VRBF:
    cost: 392.406
    lifetime: 15.0783
    annual_cost: 26.02455183939834
    efficiency: 0.686908
    discharge_ratio: 0.5
    depth_of_discharge: 1.0
