cost_values:
  wind_capex: 5000.0
  wind_opex: 100
  wind_lifetime: 20
  solar_capex: 1000.0
  solar_opex: 10
  solar_lifetime: 20
  carbon_price: 1.0
timeseries_values:
  load_level: 254328.41611324367
  wind_year: 2010
  solar_year: 2010
  price_year: 2023
  carbon_year: 2023
storage_values:
  CAES:
    cost: 65.4068
    lifetime: 25.3341
    annual_cost: 2.5817692359310183
    efficiency: 0.58154
    discharge_ratio: 0.1
    depth_of_discharge: 0.4
  Li-ion:
    cost: 245.494
    lifetime: 25.2147
    annual_cost: 9.736145978338033
    efficiency: 0.980338
    discharge_ratio: 2
    depth_of_discharge: 0.9
  Pb-acid:
    cost: 103.05
    lifetime: 11.615
    annual_cost: 8.872148084373654
    efficiency: 0.711389
    discharge_ratio: 5
    depth_of_discharge: 0.5
  VRBF:
    cost: 393.966
    lifetime: 15.1577
    annual_cost: 25.991146414033793
    efficiency: 0.711867
    discharge_ratio: 0.5
    depth_of_discharge: 1.0
