cost_values:
  wind_capex: 5000.0
  wind_opex: 100
  wind_lifetime: 20
  solar_capex: 1000.0
  solar_opex: 10
  solar_lifetime: 20
  carbon_price: 1.0
timeseries_values:
  load_level: 254328.41611324367
  wind_year: 2010
  solar_year: 2010
  price_year: 2023
  carbon_year: 2023
storage_values:
  CAES:
    cost: 71.4456
    lifetime: 25.1835
    annual_cost: 2.837000416939663
    efficiency: 0.576869
    discharge_ratio: 0.1
    depth_of_discharge: 0.4
  Li-ion:
    cost: 244.764
    lifetime: 24.1968
    annual_cost: 10.115552469748067
    efficiency: 0.966994
    discharge_ratio: 2
    depth_of_discharge: 0.9
  Pb-acid:
    cost: 108.772
    lifetime: 13.2427
    annual_cost: 8.21373284904136
    efficiency: 0.700774
    discharge_ratio: 5
    depth_of_discharge: 0.5
  VRBF:
    cost: 361.965
    lifetime: 13.0831
    annual_cost: 27.66660806689546
    efficiency: 0.701754
    discharge_ratio: 0.5
    depth_of_discharge: 1.0
