cost_values:
  wind_capex: 5000.0
  wind_opex: 100
  wind_lifetime: 20
  solar_capex: 1000.0
  solar_opex: 10
  solar_lifetime: 20
  carbon_price: 1.0
timeseries_values:
  load_level: 254328.41611324367
  wind_year: 2010
  solar_year: 2010
  price_year: 2023
  carbon_year: 2023
storage_values:
  CAES:
    cost: 76.1744
    lifetime: 25.7665
    annual_cost: 2.9563347757747462
    efficiency: 0.587331
    discharge_ratio: 0.1
    depth_of_discharge: 0.4
  Li-ion:
    cost: 220.599
    lifetime: 24.8023
    annual_cost: 8.894296093507457
    efficiency: 0.975897
    discharge_ratio: 2
    depth_of_discharge: 0.9
  Pb-acid:
    cost: 118.022
    lifetime: 13.0509
    annual_cost: 9.043207748124651
    efficiency: 0.702763
    discharge_ratio: 5
    depth_of_discharge: 0.5
  VRBF:
    cost: 383.588
    lifetime: 15.1587
    annual_cost: 25.30480845982835
    efficiency: 0.692685
    discharge_ratio: 0.5
    depth_of_discharge: 1.0
