cost_values:
  wind_capex: 5000.0
  wind_opex: 100
  wind_lifetime: 20
  solar_capex: 1000.0
  solar_opex: 10
  solar_lifetime: 20
  carbon_price: 1.0
timeseries_values:
  load_level: 254328.41611324367
  wind_year: 2010
  solar_year: 2010
  price_year: 2023
  carbon_year: 2023
storage_values:
  CAES:
    cost: 63.0332
    lifetime: 24.7979
    annual_cost: 2.541876529867449
    efficiency: 0.588265
    discharge_ratio: 0.1
    depth_of_discharge: 0.4
  Li-ion:
    cost: 238.268
    lifetime: 22.0095
    annual_cost: 10.82568890706286
    efficiency: 0.958247
    discharge_ratio: 2
    depth_of_discharge: 0.9
  Pb-acid:
    cost: 125.044
    lifetime: 12.0833
    annual_cost: 10.348497513096587
    efficiency: 0.712695
    discharge_ratio: 5
    depth_of_discharge: 0.5
  VRBF:
    cost: 366.424
    lifetime: 16.4089
    annual_cost: 22.330808280871967
    efficiency: 0.742263
    discharge_ratio: 0.5
    depth_of_discharge: 1.0
