cost_values:
  wind_capex: 5000.0
  wind_opex: 100
  wind_lifetime: 20
  solar_capex: 1000.0
  solar_opex: 10
  solar_lifetime: 20
  carbon_price: 1.0
timeseries_values:
  load_level: 254328.41611324367
  wind_year: 2010
  solar_year: 2010
  price_year: 2023
  carbon_year: 2023
storage_values:
  CAES:
    cost: 71.6855
    lifetime: 24.4791
    annual_cost: 2.928436911487759
    efficiency: 0.591073
    discharge_ratio: 0.1
    depth_of_discharge: 0.4
  Li-ion:
    cost: 236.008
    lifetime: 23.5045
    annual_cost: 10.040970877916996
    efficiency: 0.962504
    discharge_ratio: 2
    depth_of_discharge: 0.9
  Pb-acid:
    cost: 132.098
    lifetime: 14.4434
    annual_cost: 9.14590747330961
    efficiency: 0.695313
    discharge_ratio: 5
    depth_of_discharge: 0.5
  VRBF:
    cost: 376.206
    lifetime: 13.9331
    annual_cost: 27.000882789903184
    efficiency: 0.714283
    discharge_ratio: 0.5
    depth_of_discharge: 1.0
