cost_values:
  wind_capex: 5000.0
  wind_opex: 100
  wind_lifetime: 20
  solar_capex: 1000.0
  solar_opex: 10
  solar_lifetime: 20
  carbon_price: 1.0
timeseries_values:
  load_level: 254328.41611324367
  wind_year: 2010
  solar_year: 2010
  price_year: 2023
  carbon_year: 2023
storage_values:
  CAES:
    cost: 65.7096
    lifetime: 24.8261
    annual_cost: 2.6467951067626405
    efficiency: 0.582435
    discharge_ratio: 0.1
    depth_of_discharge: 0.4
  Li-ion:
    cost: 217.926
    lifetime: 22.4567
    annual_cost: 9.70427533876304
    efficiency: 0.966612
    discharge_ratio: 2
    depth_of_discharge: 0.9
  Pb-acid:
    cost: 98.3881
    lifetime: 11.6689
    annual_cost: 8.431651655254564
    efficiency: 0.707315
    discharge_ratio: 5
    depth_of_discharge: 0.5
  VRBF:
    cost: 343.448
    lifetime: 14.4215
    annual_cost: 23.81499843982942
    efficiency: 0.729604
    discharge_ratio: 0.5
    depth_of_discharge: 1.0
