cost_values:
  wind_capex: 5000.0
  wind_opex: 100
  wind_lifetime: 20
  solar_capex: 1000.0
  solar_opex: 10
  solar_lifetime: 20
  carbon_price: 1.0
timeseries_values:
  load_level: 254328.41611324367
  wind_year: 2010
  solar_year: 2010
  price_year: 2023
  carbon_year: 2023
storage_values:
  CAES:
    cost: 65.3747
    lifetime: 24.0141
    annual_cost: 2.722346454791144
    efficiency: 0.574533
    discharge_ratio: 0.1
    depth_of_discharge: 0.4
  Li-ion:
    cost: 229.443
    lifetime: 22.8543
    annual_cost: 10.039379897874799
    efficiency: 0.96584
    discharge_ratio: 2
    depth_of_discharge: 0.9
  Pb-acid:
    cost: 105.574
    lifetime: 14.2177
    annual_cost: 7.425532962434149
    efficiency: 0.704832
    discharge_ratio: 5
    depth_of_discharge: 0.5
  VRBF:
    cost: 358.711
    lifetime: 13.8249
    annual_cost: 25.946733791926164
    efficiency: 0.693482
    discharge_ratio: 0.5
    depth_of_discharge: 1.0
