cost_values:
  wind_capex: 5000.0
  wind_opex: 100
  wind_lifetime: 20
  solar_capex: 1000.0
  solar_opex: 10
  solar_lifetime: 20
  carbon_price: 1.0
timeseries_values:
  load_level: 254328.41611324367
  wind_year: 2010
  solar_year: 2010
  price_year: 2023
  carbon_year: 2023
storage_values:
  CAES:
    cost: 76.2557
    lifetime: 24.4551
    annual_cost: 3.1181921153460834
    efficiency: 0.589431
    discharge_ratio: 0.1
    depth_of_discharge: 0.4
  Li-ion:
    cost: 238.59
    lifetime: 24.1439
    annual_cost: 9.88199917991708
    efficiency: 0.981482
    discharge_ratio: 2
    depth_of_discharge: 0.9
  Pb-acid:
    cost: 140.804
    lifetime: 13.5563
    annual_cost: 10.386609915684959
    efficiency: 0.689554
    discharge_ratio: 5
    depth_of_discharge: 0.5
  VRBF:
    cost: 388.807
    lifetime: 15.5507
    annual_cost: 25.00254007858167
    efficiency: 0.727128
    discharge_ratio: 0.5
    depth_of_discharge: 1.0
