cost_values:
  wind_capex: 5000.0
  wind_opex: 100
  wind_lifetime: 20
  solar_capex: 1000.0
  solar_opex: 10
  solar_lifetime: 20
  carbon_price: 1.0
timeseries_values:
  load_level: 254328.41611324367
  wind_year: 2010
  solar_year: 2010
  price_year: 2023
  carbon_year: 2023
storage_values:
  CAES:
    cost: 66.5168
    lifetime: 24.943
    annual_cost: 2.6667521950046105
    efficiency: 0.57098
    discharge_ratio: 0.1
    depth_of_discharge: 0.4
  Li-ion:
    cost: 249.424
    lifetime: 24.0123
    annual_cost: 10.3873431533006
    efficiency: 0.967951
    discharge_ratio: 2
    depth_of_discharge: 0.9
  Pb-acid:
    cost: 111.356
    lifetime: 11.324
    annual_cost: 9.83362769339456
    efficiency: 0.693062
    discharge_ratio: 5
    depth_of_discharge: 0.5
  VRBF:
    cost: 374.537
    lifetime: 12.051
    annual_cost: 31.079329516222717
    efficiency: 0.701864
    discharge_ratio: 0.5
    depth_of_discharge: 1.0
