cost_values:
  wind_capex: 5000.0
  wind_opex: 100
  wind_lifetime: 20
  solar_capex: 1000.0
  solar_opex: 10
  solar_lifetime: 20
  carbon_price: 1.0
timeseries_values:
  load_level: 254328.41611324367
  wind_year: 2010
  solar_year: 2010
  price_year: 2023
  carbon_year: 2023
storage_values:
  CAES:
    cost: 70.3594
    lifetime: 24.4916
    annual_cost: 2.8727972039393097
    efficiency: 0.586692
    discharge_ratio: 0.1
    depth_of_discharge: 0.4
  Li-ion:
    cost: 239.239
    lifetime: 23.9697
    annual_cost: 9.98089254350284
    efficiency: 0.954516
    discharge_ratio: 2
    depth_of_discharge: 0.9
  Pb-acid:
    cost: 111.088
    lifetime: 12.0787
    annual_cost: 9.197016235190873
    efficiency: 0.710582
    discharge_ratio: 5
    depth_of_discharge: 0.5
  VRBF:
    cost: 348.683
    lifetime: 12.2749
    annual_cost: 28.406178461738993
    efficiency: 0.730385
    discharge_ratio: 0.5
    depth_of_discharge: 1.0
