cost_values:
  wind_capex: 5000.0
  wind_opex: 100
  wind_lifetime: 20
  solar_capex: 1000.0
  solar_opex: 10
  solar_lifetime: 20
  carbon_price: 1.0
timeseries_values:
  load_level: 254328.41611324367
  wind_year: 2010
  solar_year: 2010
  price_year: 2023
  carbon_year: 2023
storage_values:
  CAES:
    cost: 67.1833
    lifetime: 24.4685
    annual_cost: 2.745705703251119
    efficiency: 0.585134
    discharge_ratio: 0.1
    depth_of_discharge: 0.4
  Li-ion:
    cost: 228.414
    lifetime: 22.2074
    annual_cost: 10.285490422111549
    efficiency: 0.989723
    discharge_ratio: 2
    depth_of_discharge: 0.9
  Pb-acid:
    cost: 107.053
    lifetime: 12.4567
    annual_cost: 8.59400964942561
    efficiency: 0.693898
    discharge_ratio: 5
    depth_of_discharge: 0.5
  VRBF:
    cost: 390.584
    lifetime: 12.6637
    annual_cost: 30.84280265641163
    efficiency: 0.713762
    discharge_ratio: 0.5
    depth_of_discharge: 1.0
