cost_values:
  wind_capex: 5000.0
  wind_opex: 100
  wind_lifetime: 20
  solar_capex: 1000.0
  solar_opex: 10
  solar_lifetime: 20
  carbon_price: 1.0
timeseries_values:
  load_level: 254328.41611324367
  wind_year: 2010
  solar_year: 2010
  price_year: 2023
  carbon_year: 2023
storage_values:
  CAES:
    cost: 66.7485
    lifetime: 24.9743
    annual_cost: 2.6726875227734115
    efficiency: 0.582653
    discharge_ratio: 0.1
    depth_of_discharge: 0.4
  Li-ion:
    cost: 246.702
    lifetime: 24.1588
    annual_cost: 10.211682699471828
    efficiency: 0.968764
    discharge_ratio: 2
    depth_of_discharge: 0.9
  Pb-acid:
    cost: 132.404
    lifetime: 11.0512
    annual_cost: 11.9809613435645
    efficiency: 0.715288
    discharge_ratio: 5
    depth_of_discharge: 0.5
  VRBF:
    cost: 365.044
    lifetime: 13.6195
    annual_cost: 26.803039759168836
    efficiency: 0.707351
    discharge_ratio: 0.5
    depth_of_discharge: 1.0
