cost_values:
  wind_capex: 5000.0
  wind_opex: 100
  wind_lifetime: 20
  solar_capex: 1000.0
  solar_opex: 10
  solar_lifetime: 20
  carbon_price: 1.0
timeseries_values:
  load_level: 254328.41611324367
  wind_year: 2010
  solar_year: 2010
  price_year: 2023
  carbon_year: 2023
storage_values:
  CAES:
    cost: 69.6338
    lifetime: 25.0379
    annual_cost: 2.7811357981300344
    efficiency: 0.58203
    discharge_ratio: 0.1
    depth_of_discharge: 0.4
  Li-ion:
    cost: 237.4
    lifetime: 23.2132
    annual_cost: 10.226939844571191
    efficiency: 0.969245
    discharge_ratio: 2
    depth_of_discharge: 0.9
  Pb-acid:
    cost: 89.2774
    lifetime: 13.4139
    annual_cost: 6.6555886058491565
    efficiency: 0.700389
    discharge_ratio: 5
    depth_of_discharge: 0.5
  VRBF:
    cost: 398.656
    lifetime: 15.6836
    annual_cost: 25.418653880486623
    efficiency: 0.713918
    discharge_ratio: 0.5
    depth_of_discharge: 1.0
