cost_values:
  wind_capex: 5000.0
  wind_opex: 100
  wind_lifetime: 20
  solar_capex: 1000.0
  solar_opex: 10
  solar_lifetime: 20
  carbon_price: 1.0
timeseries_values:
  load_level: 254328.41611324367
  wind_year: 2010
  solar_year: 2010
  price_year: 2023
  carbon_year: 2023
storage_values:
  CAES:
    cost: 70.0389
    lifetime: 24.2442
    annual_cost: 2.8888930135867548
    efficiency: 0.58437
    discharge_ratio: 0.1
    depth_of_discharge: 0.4
  Li-ion:
    cost: 240.878
    lifetime: 23.9224
    annual_cost: 10.069140220044812
    efficiency: 0.976991
    discharge_ratio: 2
    depth_of_discharge: 0.9
  Pb-acid:
    cost: 114.448
    lifetime: 13.7718
    annual_cost: 8.310315281952976
    efficiency: 0.706893
    discharge_ratio: 5
    depth_of_discharge: 0.5
  VRBF:
    cost: 375.723
    lifetime: 14.4187
    annual_cost: 26.058035745247494
    efficiency: 0.71987
    discharge_ratio: 0.5
    depth_of_discharge: 1.0
