cost_values:
  wind_capex: 5000.0
  wind_opex: 100
  wind_lifetime: 20
  solar_capex: 1000.0
  solar_opex: 10
  solar_lifetime: 20
  carbon_price: 1.0
timeseries_values:
  load_level: 222050.78499184464
  wind_year: 2017
  solar_year: 2016
  price_year: 2023
  carbon_year: 2023
storage_values:
  CAES:
    cost: 60.1741
    lifetime: 23.7367
    annual_cost: 2.5350659527229986
    efficiency: 0.555635
    discharge_ratio: 0.1
    depth_of_discharge: 0.4
  Li-ion:
    cost: 191.634
    lifetime: 20.2673
    annual_cost: 9.45532952095247
    efficiency: 0.920389
    discharge_ratio: 2
    depth_of_discharge: 0.9
  Pb-acid:
    cost: 151.698
    lifetime: 7.60325
    annual_cost: 19.951731167592808
    efficiency: 0.73072
    discharge_ratio: 5
    depth_of_discharge: 0.5
  VRBF:
    cost: 398.534
    lifetime: 22.4904
    annual_cost: 17.720182833564543
    efficiency: 0.692866
    discharge_ratio: 0.5
    depth_of_discharge: 1.0
