cost_values:
  wind_capex: 5000.0
  wind_opex: 100
  wind_lifetime: 20
  solar_capex: 1000.0
  solar_opex: 10
  solar_lifetime: 20
  carbon_price: 1.0
timeseries_values:
  load_level: 222050.78499184464
  wind_year: 2017
  solar_year: 2016
  price_year: 2023
  carbon_year: 2023
storage_values:
  CAES:
    cost: 59.6042
    lifetime: 24.6452
    annual_cost: 2.41849122750069
    efficiency: 0.555456
    discharge_ratio: 0.1
    depth_of_discharge: 0.4
  Li-ion:
    cost: 191.521
    lifetime: 21.3145
    annual_cost: 8.985479368505008
    efficiency: 0.933421
    discharge_ratio: 2
    depth_of_discharge: 0.9
  Pb-acid:
    cost: 138.014
    lifetime: 7.25607
    annual_cost: 19.020489052613883
    efficiency: 0.740213
    discharge_ratio: 5
    depth_of_discharge: 0.5
  VRBF:
    cost: 384.929
    lifetime: 21.5352
    annual_cost: 17.874410267840556
    efficiency: 0.711593
    discharge_ratio: 0.5
    depth_of_discharge: 1.0
