cost_values:
  wind_capex: 5000.0
  wind_opex: 100
  wind_lifetime: 20
  solar_capex: 1000.0
  solar_opex: 10
  solar_lifetime: 20
  carbon_price: 1.0
timeseries_values:
  load_level: 222050.78499184464
  wind_year: 2017
  solar_year: 2016
  price_year: 2023
  carbon_year: 2023
storage_values:
  CAES:
    cost: 63.2448
    lifetime: 24.0641
    annual_cost: 2.628180567733678
    efficiency: 0.553676
    discharge_ratio: 0.1
    depth_of_discharge: 0.4
  Li-ion:
    cost: 189.33
    lifetime: 16.7817
    annual_cost: 11.281932104613954
    efficiency: 0.93219
    discharge_ratio: 2
    depth_of_discharge: 0.9
  Pb-acid:
    cost: 124.831
    lifetime: 8.8192
    annual_cost: 14.154458454281567
    efficiency: 0.741007
    discharge_ratio: 5
    depth_of_discharge: 0.5
  VRBF:
    cost: 378.098
    lifetime: 24.4573
    annual_cost: 15.459515154984402
    efficiency: 0.691889
    discharge_ratio: 0.5
    depth_of_discharge: 1.0
