cost_values:
  wind_capex: 5000.0
  wind_opex: 100
  wind_lifetime: 20
  solar_capex: 1000.0
  solar_opex: 10
  solar_lifetime: 20
  carbon_price: 1.0
timeseries_values:
  load_level: 222050.78499184464
  wind_year: 2017
  solar_year: 2016
  price_year: 2023
  carbon_year: 2023
storage_values:
  CAES:
    cost: 63.2918
    lifetime: 24.955
    annual_cost: 2.5362372270086158
    efficiency: 0.556043
    discharge_ratio: 0.1
    depth_of_discharge: 0.4
  Li-ion:
    cost: 188.591
    lifetime: 21.1014
    annual_cost: 8.93736908451572
    efficiency: 0.926367
    discharge_ratio: 2
    depth_of_discharge: 0.9
  Pb-acid:
    cost: 142.289
    lifetime: 7.91084
    annual_cost: 17.986585495345626
    efficiency: 0.745557
    discharge_ratio: 5
    depth_of_discharge: 0.5
  VRBF:
    cost: 385.895
    lifetime: 22.1546
    annual_cost: 17.418278822456735
    efficiency: 0.721506
    discharge_ratio: 0.5
    depth_of_discharge: 1.0
