cost_values:
  wind_capex: 5000.0
  wind_opex: 100
  wind_lifetime: 20
  solar_capex: 1000.0
  solar_opex: 10
  solar_lifetime: 20
  carbon_price: 1.0
timeseries_values:
  load_level: 222050.78499184464
  wind_year: 2017
  solar_year: 2016
  price_year: 2023
  carbon_year: 2023
storage_values:
  CAES:
    cost: 60.868
    lifetime: 23.2501
    annual_cost: 2.617967234549529
    efficiency: 0.552388
    discharge_ratio: 0.1
    depth_of_discharge: 0.4
  Li-ion:
    cost: 188.623
    lifetime: 19.8628
    annual_cost: 9.496294580824456
    efficiency: 0.933487
    discharge_ratio: 2
    depth_of_discharge: 0.9
  Pb-acid:
    cost: 139.625
    lifetime: 8.11998
    annual_cost: 17.19523939714137
    efficiency: 0.744742
    discharge_ratio: 5
    depth_of_discharge: 0.5
  VRBF:
    cost: 399.905
    lifetime: 23.3071
    annual_cost: 17.158076294348074
    efficiency: 0.691798
    discharge_ratio: 0.5
    depth_of_discharge: 1.0
