cost_values:
  wind_capex: 5000.0
  wind_opex: 100
  wind_lifetime: 20
  solar_capex: 1000.0
  solar_opex: 10
  solar_lifetime: 20
  carbon_price: 1.0
timeseries_values:
  load_level: 222050.78499184464
  wind_year: 2017
  solar_year: 2016
  price_year: 2023
  carbon_year: 2023
storage_values:
  CAES:
    cost: 66.0534
    lifetime: 23.9996
    annual_cost: 2.752270871181186
    efficiency: 0.557417
    discharge_ratio: 0.1
    depth_of_discharge: 0.4
  Li-ion:
    cost: 185.794
    lifetime: 21.237
    annual_cost: 8.748599143005134
    efficiency: 0.933818
    discharge_ratio: 2
    depth_of_discharge: 0.9
  Pb-acid:
    cost: 145.797
    lifetime: 9.09485
    annual_cost: 16.0307206825841
    efficiency: 0.735011
    discharge_ratio: 5
    depth_of_discharge: 0.5
  VRBF:
    cost: 360.743
    lifetime: 20.5424
    annual_cost: 17.56089843445751
    efficiency: 0.691974
    discharge_ratio: 0.5
    depth_of_discharge: 1.0
