cost_values:
  wind_capex: 5000.0
  wind_opex: 100
  wind_lifetime: 20
  solar_capex: 1000.0
  solar_opex: 10
  solar_lifetime: 20
  carbon_price: 1.0
timeseries_values:
  load_level: 222050.78499184464
  wind_year: 2017
  solar_year: 2016
  price_year: 2023
  carbon_year: 2023
storage_values:
  CAES:
    cost: 60.3
    lifetime: 25.2361
    annual_cost: 2.389434183570361
    efficiency: 0.553987
    discharge_ratio: 0.1
    depth_of_discharge: 0.4
  Li-ion:
    cost: 203.982
    lifetime: 21.5232
    annual_cost: 9.477308206958073
    efficiency: 0.938198
    discharge_ratio: 2
    depth_of_discharge: 0.9
  Pb-acid:
    cost: 155.333
    lifetime: 8.86152
    annual_cost: 17.528934088057127
    efficiency: 0.735679
    discharge_ratio: 5
    depth_of_discharge: 0.5
  VRBF:
    cost: 387.485
    lifetime: 22.8273
    annual_cost: 16.974631252929605
    efficiency: 0.711684
    discharge_ratio: 0.5
    depth_of_discharge: 1.0
