cost_values:
  wind_capex: 5000.0
  wind_opex: 100
  wind_lifetime: 20
  solar_capex: 1000.0
  solar_opex: 10
  solar_lifetime: 20
  carbon_price: 1.0
timeseries_values:
  load_level: 222050.78499184464
  wind_year: 2017
  solar_year: 2016
  price_year: 2023
  carbon_year: 2023
storage_values:
  CAES:
    cost: 64.3262
    lifetime: 24.0961
    annual_cost: 2.6695689343918727
    efficiency: 0.561534
    discharge_ratio: 0.1
    depth_of_discharge: 0.4
  Li-ion:
    cost: 166.797
    lifetime: 22.3515
    annual_cost: 7.4624521844171525
    efficiency: 0.940896
    discharge_ratio: 2
    depth_of_discharge: 0.9
  Pb-acid:
    cost: 152.171
    lifetime: 8.34432
    annual_cost: 18.236477028685382
    efficiency: 0.742458
    discharge_ratio: 5
    depth_of_discharge: 0.5
  VRBF:
    cost: 380.574
    lifetime: 21.1626
    annual_cost: 17.983329080547758
    efficiency: 0.695382
    discharge_ratio: 0.5
    depth_of_discharge: 1.0
