cost_values:
  wind_capex: 5000.0
  wind_opex: 100
  wind_lifetime: 20
  solar_capex: 1000.0
  solar_opex: 10
  solar_lifetime: 20
  carbon_price: 1.0
timeseries_values:
  load_level: 222050.78499184464
  wind_year: 2017
  solar_year: 2016
  price_year: 2023
  carbon_year: 2023
storage_values:
  CAES:
    cost: 60.0329
    lifetime: 26.1587
    annual_cost: 2.294949672575472
    efficiency: 0.55244
    discharge_ratio: 0.1
    depth_of_discharge: 0.4
  Li-ion:
    cost: 191.948
    lifetime: 21.091
    annual_cost: 9.100943530415817
    efficiency: 0.940105
    discharge_ratio: 2
    depth_of_discharge: 0.9
  Pb-acid:
    cost: 142.028
    lifetime: 6.09132
    annual_cost: 23.31645685992527
    efficiency: 0.728963
    discharge_ratio: 5
    depth_of_discharge: 0.5
  VRBF:
    cost: 396.622
    lifetime: 22.6856
    annual_cost: 17.483425609197024
    efficiency: 0.708466
    discharge_ratio: 0.5
    depth_of_discharge: 1.0
