cost_values:
  wind_capex: 5000.0
  wind_opex: 100
  wind_lifetime: 20
  solar_capex: 1000.0
  solar_opex: 10
  solar_lifetime: 20
  carbon_price: 1.0
timeseries_values:
  load_level: 222050.78499184464
  wind_year: 2017
  solar_year: 2016
  price_year: 2023
  carbon_year: 2023
storage_values:
  CAES:
    cost: 57.5876
    lifetime: 24.4919
    annual_cost: 2.3512916515256066
    efficiency: 0.550667
    discharge_ratio: 0.1
    depth_of_discharge: 0.4
  Li-ion:
    cost: 189.731
    lifetime: 21.9302
    annual_cost: 8.651585484856499
    efficiency: 0.93674
    discharge_ratio: 2
    depth_of_discharge: 0.9
  Pb-acid:
    cost: 124.993
    lifetime: 5.88122
    annual_cost: 21.25290330917735
    efficiency: 0.734502
    discharge_ratio: 5
    depth_of_discharge: 0.5
  VRBF:
    cost: 384.519
    lifetime: 22.3848
    annual_cost: 17.17768307065509
    efficiency: 0.695763
    discharge_ratio: 0.5
    depth_of_discharge: 1.0
