cost_values:
  wind_capex: 5000.0
  wind_opex: 100
  wind_lifetime: 20
  solar_capex: 1000.0
  solar_opex: 10
  solar_lifetime: 20
  carbon_price: 1.0
timeseries_values:
  load_level: 222050.78499184464
  wind_year: 2017
  solar_year: 2016
  price_year: 2023
  carbon_year: 2023
storage_values:
  CAES:
    cost: 57.4517
    lifetime: 24.5614
    annual_cost: 2.3391052627293236
    efficiency: 0.557086
    discharge_ratio: 0.1
    depth_of_discharge: 0.4
  Li-ion:
    cost: 190.728
    lifetime: 19.8551
    annual_cost: 9.605995436940635
    efficiency: 0.934354
    discharge_ratio: 2
    depth_of_discharge: 0.9
  Pb-acid:
    cost: 149.906
    lifetime: 7.8217
    annual_cost: 19.165398826342102
    efficiency: 0.752727
    discharge_ratio: 5
    depth_of_discharge: 0.5
  VRBF:
    cost: 392.873
    lifetime: 22.1072
    annual_cost: 17.77126908880365
    efficiency: 0.69828
    discharge_ratio: 0.5
    depth_of_discharge: 1.0
