cost_values:
  wind_capex: 5000.0
  wind_opex: 100
  wind_lifetime: 20
  solar_capex: 1000.0
  solar_opex: 10
  solar_lifetime: 20
  carbon_price: 1.0
timeseries_values:
  load_level: 222050.78499184464
  wind_year: 2017
  solar_year: 2016
  price_year: 2023
  carbon_year: 2023
storage_values:
  CAES:
    cost: 57.5086
    lifetime: 24.6693
    annual_cost: 2.3311808604216577
    efficiency: 0.561215
    discharge_ratio: 0.1
    depth_of_discharge: 0.4
  Li-ion:
    cost: 193.733
    lifetime: 20.4354
    annual_cost: 9.48026463881304
    efficiency: 0.895523
    discharge_ratio: 2
    depth_of_discharge: 0.9
  Pb-acid:
    cost: 134.417
    lifetime: 10.5454
    annual_cost: 12.746505585373717
    efficiency: 0.745414
    discharge_ratio: 5
    depth_of_discharge: 0.5
  VRBF:
    cost: 392.055
    lifetime: 22.9407
    annual_cost: 17.089931867815718
    efficiency: 0.688783
    discharge_ratio: 0.5
    depth_of_discharge: 1.0
