cost_values:
  wind_capex: 5000.0
  wind_opex: 100
  wind_lifetime: 20
  solar_capex: 1000.0
  solar_opex: 10
  solar_lifetime: 20
  carbon_price: 1.0
timeseries_values:
  load_level: 222050.78499184464
  wind_year: 2017
  solar_year: 2016
  price_year: 2023
  carbon_year: 2023
storage_values:
  CAES:
    cost: 62.9033
    lifetime: 24.8345
    annual_cost: 2.5328997966538487
    efficiency: 0.55429
    discharge_ratio: 0.1
    depth_of_discharge: 0.4
  Li-ion:
    cost: 174.887
    lifetime: 20.6067
    annual_cost: 8.48689989178277
    efficiency: 0.940302
    discharge_ratio: 2
    depth_of_discharge: 0.9
  Pb-acid:
    cost: 136.754
    lifetime: 7.16773
    annual_cost: 19.07912267900716
    efficiency: 0.754497
    discharge_ratio: 5
    depth_of_discharge: 0.5
  VRBF:
    cost: 399.995
    lifetime: 21.1669
    annual_cost: 18.897193259286908
    efficiency: 0.725276
    discharge_ratio: 0.5
    depth_of_discharge: 1.0
