cost_values:
  wind_capex: 5000.0
  wind_opex: 100
  wind_lifetime: 20
  solar_capex: 1000.0
  solar_opex: 10
  solar_lifetime: 20
  carbon_price: 1.0
timeseries_values:
  load_level: 222050.78499184464
  wind_year: 2017
  solar_year: 2016
  price_year: 2023
  carbon_year: 2023
storage_values:
  CAES:
    cost: 62.4083
    lifetime: 24.8941
    annual_cost: 2.5069514463266396
    efficiency: 0.550217
    discharge_ratio: 0.1
    depth_of_discharge: 0.4
  Li-ion:
    cost: 175.073
    lifetime: 21.7273
    annual_cost: 8.057743023753527
    efficiency: 0.929288
    discharge_ratio: 2
    depth_of_discharge: 0.9
  Pb-acid:
    cost: 119.282
    lifetime: 7.51047
    annual_cost: 15.882095261681359
    efficiency: 0.736974
    discharge_ratio: 5
    depth_of_discharge: 0.5
  VRBF:
    cost: 386.309
    lifetime: 21.2669
    annual_cost: 18.164800699678846
    efficiency: 0.715109
    discharge_ratio: 0.5
    depth_of_discharge: 1.0
