cost_values:
  wind_capex: 5000.0
  wind_opex: 100
  wind_lifetime: 20
  solar_capex: 1000.0
  solar_opex: 10
  solar_lifetime: 20
  carbon_price: 1.0
timeseries_values:
  load_level: 222050.78499184464
  wind_year: 2017
  solar_year: 2016
  price_year: 2023
  carbon_year: 2023
storage_values:
  CAES:
    cost: 54.4961
    lifetime: 23.7705
    annual_cost: 2.2925937611745653
    efficiency: 0.555818
    discharge_ratio: 0.1
    depth_of_discharge: 0.4
  Li-ion:
    cost: 174.973
    lifetime: 21.7295
    annual_cost: 8.052325180054764
    efficiency: 0.911823
    discharge_ratio: 2
    depth_of_discharge: 0.9
  Pb-acid:
    cost: 141.918
    lifetime: 7.59464
    annual_cost: 18.68660002317424
    efficiency: 0.742146
    discharge_ratio: 5
    depth_of_discharge: 0.5
  VRBF:
    cost: 372.224
    lifetime: 22.4606
    annual_cost: 16.5723088430407
    efficiency: 0.707515
    discharge_ratio: 0.5
    depth_of_discharge: 1.0
