cost_values:
  wind_capex: 5000.0
  wind_opex: 100
  wind_lifetime: 20
  solar_capex: 1000.0
  solar_opex: 10
  solar_lifetime: 20
  carbon_price: 1.0
timeseries_values:
  load_level: 222050.78499184464
  wind_year: 2017
  solar_year: 2016
  price_year: 2023
  carbon_year: 2023
storage_values:
  CAES:
    cost: 61.3478
    lifetime: 25.5283
    annual_cost: 2.403129076358394
    efficiency: 0.550604
    discharge_ratio: 0.1
    depth_of_discharge: 0.4
  Li-ion:
    cost: 191.57
    lifetime: 19.1956
    annual_cost: 9.979891225072413
    efficiency: 0.922727
    discharge_ratio: 2
    depth_of_discharge: 0.9
  Pb-acid:
    cost: 134.549
    lifetime: 7.3664
    annual_cost: 18.265231320590793
    efficiency: 0.732823
    discharge_ratio: 5
    depth_of_discharge: 0.5
  VRBF:
    cost: 394.545
    lifetime: 20.7555
    annual_cost: 19.009178290091782
    efficiency: 0.695276
    discharge_ratio: 0.5
    depth_of_discharge: 1.0
