cost_values:
  wind_capex: 5000.0
  wind_opex: 100
  wind_lifetime: 20
  solar_capex: 1000.0
  solar_opex: 10
  solar_lifetime: 20
  carbon_price: 1.0
timeseries_values:
  load_level: 222050.78499184464
  wind_year: 2017
  solar_year: 2016
  price_year: 2023
  carbon_year: 2023
storage_values:
  CAES:
    cost: 57.9981
    lifetime: 24.94
    annual_cost: 2.325505212510024
    efficiency: 0.554907
    discharge_ratio: 0.1
    depth_of_discharge: 0.4
  Li-ion:
    cost: 188.871
    lifetime: 21.9924
    annual_cost: 8.588012222404103
    efficiency: 0.925841
    discharge_ratio: 2
    depth_of_discharge: 0.9
  Pb-acid:
    cost: 141.069
    lifetime: 8.01163
    annual_cost: 17.60802733026862
    efficiency: 0.739705
    discharge_ratio: 5
    depth_of_discharge: 0.5
  VRBF:
    cost: 385.393
    lifetime: 23.1185
    annual_cost: 16.670328957328543
    efficiency: 0.697341
    discharge_ratio: 0.5
    depth_of_discharge: 1.0
