cost_values:
  wind_capex: 5000.0
  wind_opex: 100
  wind_lifetime: 20
  solar_capex: 1000.0
  solar_opex: 10
  solar_lifetime: 20
  carbon_price: 1.0
timeseries_values:
  load_level: 222050.78499184464
  wind_year: 2017
  solar_year: 2016
  price_year: 2023
  carbon_year: 2023
storage_values:
  CAES:
    cost: 55.2916
    lifetime: 23.4182
    annual_cost: 2.3610525147107806
    efficiency: 0.557782
    discharge_ratio: 0.1
    depth_of_discharge: 0.4
  Li-ion:
    cost: 170.691
    lifetime: 19.6014
    annual_cost: 8.708102482475741
    efficiency: 0.942981
    discharge_ratio: 2
    depth_of_discharge: 0.9
  Pb-acid:
    cost: 125.066
    lifetime: 8.63702
    annual_cost: 14.48022581862726
    efficiency: 0.729721
    discharge_ratio: 5
    depth_of_discharge: 0.5
  VRBF:
    cost: 392.435
    lifetime: 22.2146
    annual_cost: 17.66563431256921
    efficiency: 0.700686
    discharge_ratio: 0.5
    depth_of_discharge: 1.0
