cost_values:
  wind_capex: 5000.0
  wind_opex: 100
  wind_lifetime: 20
  solar_capex: 1000.0
  solar_opex: 10
  solar_lifetime: 20
  carbon_price: 1.0
timeseries_values:
  load_level: 222050.78499184464
  wind_year: 2017
  solar_year: 2016
  price_year: 2023
  carbon_year: 2023
storage_values:
  CAES:
    cost: 65.6641
    lifetime: 24.1465
    annual_cost: 2.7194044685565197
    efficiency: 0.550834
    discharge_ratio: 0.1
    depth_of_discharge: 0.4
  Li-ion:
    cost: 191.017
    lifetime: 21.2896
    annual_cost: 8.972315120998045
    efficiency: 0.930316
    discharge_ratio: 2
    depth_of_discharge: 0.9
  Pb-acid:
    cost: 132.481
    lifetime: 8.30122
    annual_cost: 15.95922045193357
    efficiency: 0.742067
    discharge_ratio: 5
    depth_of_discharge: 0.5
  VRBF:
    cost: 376.271
    lifetime: 23.4525
    annual_cost: 16.043961198166507
    efficiency: 0.703284
    discharge_ratio: 0.5
    depth_of_discharge: 1.0
