cost_values:
  wind_capex: 5000.0
  wind_opex: 100
  wind_lifetime: 20
  solar_capex: 1000.0
  solar_opex: 10
  solar_lifetime: 20
  carbon_price: 1.0
timeseries_values:
  load_level: 222050.78499184464
  wind_year: 2017
  solar_year: 2016
  price_year: 2023
  carbon_year: 2023
storage_values:
  CAES:
    cost: 54.8533
    lifetime: 25.0761
    annual_cost: 2.187473331179888
    efficiency: 0.55326
    discharge_ratio: 0.1
    depth_of_discharge: 0.4
  Li-ion:
    cost: 180.528
    lifetime: 18.7171
    annual_cost: 9.64508390722922
    efficiency: 0.933155
    discharge_ratio: 2
    depth_of_discharge: 0.9
  Pb-acid:
    cost: 137.756
    lifetime: 9.00879
    annual_cost: 15.291287731204747
    efficiency: 0.723434
    discharge_ratio: 5
    depth_of_discharge: 0.5
  VRBF:
    cost: 368.16
    lifetime: 19.6956
    annual_cost: 18.692499847681717
    efficiency: 0.670407
    discharge_ratio: 0.5
    depth_of_discharge: 1.0
