cost_values:
  wind_capex: 5000.0
  wind_opex: 100
  wind_lifetime: 20
  solar_capex: 1000.0
  solar_opex: 10
  solar_lifetime: 20
  carbon_price: 1.0
timeseries_values:
  load_level: 222050.78499184464
  wind_year: 2017
  solar_year: 2016
  price_year: 2023
  carbon_year: 2023
storage_values:
  CAES:
    cost: 59.6998
    lifetime: 24.6038
    annual_cost: 2.426446321299962
    efficiency: 0.552591
    discharge_ratio: 0.1
    depth_of_discharge: 0.4
  Li-ion:
    cost: 184.388
    lifetime: 20.9307
    annual_cost: 8.809452144457662
    efficiency: 0.90197
    discharge_ratio: 2
    depth_of_discharge: 0.9
  Pb-acid:
    cost: 137.026
    lifetime: 8.63218
    annual_cost: 15.873858052079546
    efficiency: 0.730307
    discharge_ratio: 5
    depth_of_discharge: 0.5
  VRBF:
    cost: 395.952
    lifetime: 22.4486
    annual_cost: 17.6381600634338
    efficiency: 0.716699
    discharge_ratio: 0.5
    depth_of_discharge: 1.0
