cost_values:
  wind_capex: 5000.0
  wind_opex: 100
  wind_lifetime: 20
  solar_capex: 1000.0
  solar_opex: 10
  solar_lifetime: 20
  carbon_price: 1.0
timeseries_values:
  load_level: 222050.78499184464
  wind_year: 2017
  solar_year: 2016
  price_year: 2023
  carbon_year: 2023
storage_values:
  CAES:
    cost: 62.285
    lifetime: 24.3243
    annual_cost: 2.5606081161636713
    efficiency: 0.555662
    discharge_ratio: 0.1
    depth_of_discharge: 0.4
  Li-ion:
    cost: 179.942
    lifetime: 19.5561
    annual_cost: 9.201323372247023
    efficiency: 0.935428
    discharge_ratio: 2
    depth_of_discharge: 0.9
  Pb-acid:
    cost: 136.525
    lifetime: 8.01893
    annual_cost: 17.025338792083236
    efficiency: 0.743792
    discharge_ratio: 5
    depth_of_discharge: 0.5
  VRBF:
    cost: 386.547
    lifetime: 19.9131
    annual_cost: 19.411693809602724
    efficiency: 0.709644
    discharge_ratio: 0.5
    depth_of_discharge: 1.0
