cost_values:
  wind_capex: 5000.0
  wind_opex: 100
  wind_lifetime: 20
  solar_capex: 1000.0
  solar_opex: 10
  solar_lifetime: 20
  carbon_price: 1.0
timeseries_values:
  load_level: 222050.78499184464
  wind_year: 2017
  solar_year: 2016
  price_year: 2023
  carbon_year: 2023
storage_values:
  CAES:
    cost: 62.2434
    lifetime: 25.1065
    annual_cost: 2.479174715711071
    efficiency: 0.558338
    discharge_ratio: 0.1
    depth_of_discharge: 0.4
  Li-ion:
    cost: 182.505
    lifetime: 22.3795
    annual_cost: 8.155007931365759
    efficiency: 0.937447
    discharge_ratio: 2
    depth_of_discharge: 0.9
  Pb-acid:
    cost: 150.537
    lifetime: 8.22403
    annual_cost: 18.304529531142272
    efficiency: 0.741442
    discharge_ratio: 5
    depth_of_discharge: 0.5
  VRBF:
    cost: 370.449
    lifetime: 24.4395
    annual_cost: 15.157797827287794
    efficiency: 0.70405
    discharge_ratio: 0.5
    depth_of_discharge: 1.0
