cost_values:
  wind_capex: 5000.0
  wind_opex: 100
  wind_lifetime: 20
  solar_capex: 1000.0
  solar_opex: 10
  solar_lifetime: 20
  carbon_price: 1.0
timeseries_values:
  load_level: 222050.78499184464
  wind_year: 2017
  solar_year: 2016
  price_year: 2023
  carbon_year: 2023
storage_values:
  CAES:
    cost: 61.2752
    lifetime: 23.4114
    annual_cost: 2.617323184431516
    efficiency: 0.55382
    discharge_ratio: 0.1
    depth_of_discharge: 0.4
  Li-ion:
    cost: 183.356
    lifetime: 20.3442
    annual_cost: 9.01269157794359
    efficiency: 0.921666
    discharge_ratio: 2
    depth_of_discharge: 0.9
  Pb-acid:
    cost: 133.556
    lifetime: 7.48122
    annual_cost: 17.85216849658211
    efficiency: 0.737662
    discharge_ratio: 5
    depth_of_discharge: 0.5
  VRBF:
    cost: 353.643
    lifetime: 21.8976
    annual_cost: 16.149852038579567
    efficiency: 0.701923
    discharge_ratio: 0.5
    depth_of_discharge: 1.0
