cost_values:
  wind_capex: 5000.0
  wind_opex: 100
  wind_lifetime: 20
  solar_capex: 1000.0
  solar_opex: 10
  solar_lifetime: 20
  carbon_price: 1.0
timeseries_values:
  load_level: 222050.78499184464
  wind_year: 2017
  solar_year: 2016
  price_year: 2023
  carbon_year: 2023
storage_values:
  CAES:
    cost: 60.992
    lifetime: 24.7692
    annual_cost: 2.4624129967863313
    efficiency: 0.550632
    discharge_ratio: 0.1
    depth_of_discharge: 0.4
  Li-ion:
    cost: 178.579
    lifetime: 19.2332
    annual_cost: 9.284934384293825
    efficiency: 0.926255
    discharge_ratio: 2
    depth_of_discharge: 0.9
  Pb-acid:
    cost: 103.005
    lifetime: 8.41058
    annual_cost: 12.247074518047507
    efficiency: 0.746203
    discharge_ratio: 5
    depth_of_discharge: 0.5
  VRBF:
    cost: 381.282
    lifetime: 23.2463
    annual_cost: 16.401835991103958
    efficiency: 0.682162
    discharge_ratio: 0.5
    depth_of_discharge: 1.0
