cost_values:
  wind_capex: 5000.0
  wind_opex: 100
  wind_lifetime: 20
  solar_capex: 1000.0
  solar_opex: 10
  solar_lifetime: 20
  carbon_price: 1.0
timeseries_values:
  load_level: 222050.78499184464
  wind_year: 2017
  solar_year: 2016
  price_year: 2023
  carbon_year: 2023
storage_values:
  CAES:
    cost: 65.2023
    lifetime: 25.6357
    annual_cost: 2.543417967911935
    efficiency: 0.565675
    discharge_ratio: 0.1
    depth_of_discharge: 0.4
  Li-ion:
    cost: 171.01
    lifetime: 20.5221
    annual_cost: 8.332967873658154
    efficiency: 0.914282
    discharge_ratio: 2
    depth_of_discharge: 0.9
  Pb-acid:
    cost: 115.735
    lifetime: 8.84412
    annual_cost: 13.086095620593117
    efficiency: 0.752294
    discharge_ratio: 5
    depth_of_discharge: 0.5
  VRBF:
    cost: 394.987
    lifetime: 23.7204
    annual_cost: 16.651784961467765
    efficiency: 0.723107
    discharge_ratio: 0.5
    depth_of_discharge: 1.0
