cost_values:
  wind_capex: 5000.0
  wind_opex: 100
  wind_lifetime: 20
  solar_capex: 1000.0
  solar_opex: 10
  solar_lifetime: 20
  carbon_price: 1.0
timeseries_values:
  load_level: 222050.78499184464
  wind_year: 2017
  solar_year: 2016
  price_year: 2023
  carbon_year: 2023
storage_values:
  CAES:
    cost: 62.2617
    lifetime: 24.7897
    annual_cost: 2.511595541696753
    efficiency: 0.550413
    discharge_ratio: 0.1
    depth_of_discharge: 0.4
  Li-ion:
    cost: 184.494
    lifetime: 21.8949
    annual_cost: 8.426345861364975
    efficiency: 0.925328
    discharge_ratio: 2
    depth_of_discharge: 0.9
  Pb-acid:
    cost: 143.571
    lifetime: 6.42862
    annual_cost: 22.333097927704546
    efficiency: 0.74822
    discharge_ratio: 5
    depth_of_discharge: 0.5
  VRBF:
    cost: 365.712
    lifetime: 24.1974
    annual_cost: 15.113689900567831
    efficiency: 0.688092
    discharge_ratio: 0.5
    depth_of_discharge: 1.0
