cost_values:
  wind_capex: 5000.0
  wind_opex: 100
  wind_lifetime: 20
  solar_capex: 1000.0
  solar_opex: 10
  solar_lifetime: 20
  carbon_price: 1.0
timeseries_values:
  load_level: 222050.78499184464
  wind_year: 2017
  solar_year: 2016
  price_year: 2023
  carbon_year: 2023
storage_values:
  CAES:
    cost: 61.327
    lifetime: 24.969
    annual_cost: 2.456125595738716
    efficiency: 0.561154
    discharge_ratio: 0.1
    depth_of_discharge: 0.4
  Li-ion:
    cost: 177.785
    lifetime: 18.8696
    annual_cost: 9.42176834697079
    efficiency: 0.92293
    discharge_ratio: 2
    depth_of_discharge: 0.9
  Pb-acid:
    cost: 138.234
    lifetime: 7.61552
    annual_cost: 18.15161669853142
    efficiency: 0.762932
    discharge_ratio: 5
    depth_of_discharge: 0.5
  VRBF:
    cost: 398.929
    lifetime: 20.7124
    annual_cost: 19.26039473938317
    efficiency: 0.710833
    discharge_ratio: 0.5
    depth_of_discharge: 1.0
