cost_values:
  wind_capex: 5000.0
  wind_opex: 100
  wind_lifetime: 20
  solar_capex: 1000.0
  solar_opex: 10
  solar_lifetime: 20
  carbon_price: 1.0
timeseries_values:
  load_level: 222050.78499184464
  wind_year: 2017
  solar_year: 2016
  price_year: 2023
  carbon_year: 2023
storage_values:
  CAES:
    cost: 59.4465
    lifetime: 25.0039
    annual_cost: 2.377489111698575
    efficiency: 0.553486
    discharge_ratio: 0.1
    depth_of_discharge: 0.4
  Li-ion:
    cost: 179.658
    lifetime: 19.4644
    annual_cost: 9.23008158484207
    efficiency: 0.930213
    discharge_ratio: 2
    depth_of_discharge: 0.9
  Pb-acid:
    cost: 125.736
    lifetime: 7.18158
    annual_cost: 17.50812495300477
    efficiency: 0.744931
    discharge_ratio: 5
    depth_of_discharge: 0.5
  VRBF:
    cost: 389.082
    lifetime: 21.4735
    annual_cost: 18.119170139939925
    efficiency: 0.681311
    discharge_ratio: 0.5
    depth_of_discharge: 1.0
