cost_values:
  wind_capex: 5000.0
  wind_opex: 100
  wind_lifetime: 20
  solar_capex: 1000.0
  solar_opex: 10
  solar_lifetime: 20
  carbon_price: 1.0
timeseries_values:
  load_level: 222050.78499184464
  wind_year: 2017
  solar_year: 2016
  price_year: 2023
  carbon_year: 2023
storage_values:
  CAES:
    cost: 56.9074
    lifetime: 22.6224
    annual_cost: 2.5155332767522456
    efficiency: 0.553053
    discharge_ratio: 0.1
    depth_of_discharge: 0.4
  Li-ion:
    cost: 180.951
    lifetime: 20.8612
    annual_cost: 8.674045596609973
    efficiency: 0.932282
    discharge_ratio: 2
    depth_of_discharge: 0.9
  Pb-acid:
    cost: 143.788
    lifetime: 6.78206
    annual_cost: 21.20122794549149
    efficiency: 0.739432
    discharge_ratio: 5
    depth_of_discharge: 0.5
  VRBF:
    cost: 396.275
    lifetime: 22.2033
    annual_cost: 17.847572207734885
    efficiency: 0.69103
    discharge_ratio: 0.5
    depth_of_discharge: 1.0
