cost_values:
  wind_capex: 5000.0
  wind_opex: 100
  wind_lifetime: 20
  solar_capex: 1000.0
  solar_opex: 10
  solar_lifetime: 20
  carbon_price: 1.0
timeseries_values:
  load_level: 222050.78499184464
  wind_year: 2017
  solar_year: 2016
  price_year: 2023
  carbon_year: 2023
storage_values:
  CAES:
    cost: 65.9778
    lifetime: 24.45
    annual_cost: 2.698478527607362
    efficiency: 0.551674
    discharge_ratio: 0.1
    depth_of_discharge: 0.4
  Li-ion:
    cost: 176.544
    lifetime: 18.0005
    annual_cost: 9.807727563123247
    efficiency: 0.934767
    discharge_ratio: 2
    depth_of_discharge: 0.9
  Pb-acid:
    cost: 115.43
    lifetime: 9.7589
    annual_cost: 11.828177356054473
    efficiency: 0.741735
    discharge_ratio: 5
    depth_of_discharge: 0.5
  VRBF:
    cost: 397.738
    lifetime: 22.3682
    annual_cost: 17.781403957403814
    efficiency: 0.697644
    discharge_ratio: 0.5
    depth_of_discharge: 1.0
