cost_values:
  wind_capex: 5000.0
  wind_opex: 100
  wind_lifetime: 20
  solar_capex: 1000.0
  solar_opex: 10
  solar_lifetime: 20
  carbon_price: 1.0
timeseries_values:
  load_level: 222050.78499184464
  wind_year: 2017
  solar_year: 2016
  price_year: 2023
  carbon_year: 2023
storage_values:
  CAES:
    cost: 65.2046
    lifetime: 25.0325
    annual_cost: 2.6047977629082193
    efficiency: 0.552941
    discharge_ratio: 0.1
    depth_of_discharge: 0.4
  Li-ion:
    cost: 185.401
    lifetime: 20.4794
    annual_cost: 9.053048429153199
    efficiency: 0.90214
    discharge_ratio: 2
    depth_of_discharge: 0.9
  Pb-acid:
    cost: 129.047
    lifetime: 7.23809
    annual_cost: 17.828874744580407
    efficiency: 0.738642
    discharge_ratio: 5
    depth_of_discharge: 0.5
  VRBF:
    cost: 393.374
    lifetime: 23.1351
    annual_cost: 17.003341243392075
    efficiency: 0.704095
    discharge_ratio: 0.5
    depth_of_discharge: 1.0
