cost_values:
  wind_capex: 5000.0
  wind_opex: 100
  wind_lifetime: 20
  solar_capex: 1000.0
  solar_opex: 10
  solar_lifetime: 20
  carbon_price: 1.0
timeseries_values:
  load_level: 222050.78499184464
  wind_year: 2017
  solar_year: 2016
  price_year: 2023
  carbon_year: 2023
storage_values:
  CAES:
    cost: 63.0068
    lifetime: 24.4736
    annual_cost: 2.5744802562761504
    efficiency: 0.553468
    discharge_ratio: 0.1
    depth_of_discharge: 0.4
  Li-ion:
    cost: 200.456
    lifetime: 20.3269
    annual_cost: 9.861611952634194
    efficiency: 0.931948
    discharge_ratio: 2
    depth_of_discharge: 0.9
  Pb-acid:
    cost: 118.935
    lifetime: 8.31044
    annual_cost: 14.311516598399123
    efficiency: 0.742148
    discharge_ratio: 5
    depth_of_discharge: 0.5
  VRBF:
    cost: 368.29
    lifetime: 22.5699
    annual_cost: 16.31775063247954
    efficiency: 0.681104
    discharge_ratio: 0.5
    depth_of_discharge: 1.0
