cost_values:
  wind_capex: 5000.0
  wind_opex: 100
  wind_lifetime: 20
  solar_capex: 1000.0
  solar_opex: 10
  solar_lifetime: 20
  carbon_price: 1.0
timeseries_values:
  load_level: 222050.78499184464
  wind_year: 2017
  solar_year: 2016
  price_year: 2023
  carbon_year: 2023
storage_values:
  CAES:
    cost: 63.7409
    lifetime: 24.69
    annual_cost: 2.5816484406642366
    efficiency: 0.553432
    discharge_ratio: 0.1
    depth_of_discharge: 0.4
  Li-ion:
    cost: 191.494
    lifetime: 20.7006
    annual_cost: 9.250649739621073
    efficiency: 0.911525
    discharge_ratio: 2
    depth_of_discharge: 0.9
  Pb-acid:
    cost: 128.274
    lifetime: 7.27058
    annual_cost: 17.642884061519165
    efficiency: 0.732984
    discharge_ratio: 5
    depth_of_discharge: 0.5
  VRBF:
    cost: 382.76
    lifetime: 21.6188
    annual_cost: 17.704960497344903
    efficiency: 0.687632
    discharge_ratio: 0.5
    depth_of_discharge: 1.0
