cost_values:
  wind_capex: 5000.0
  wind_opex: 100
  wind_lifetime: 20
  solar_capex: 1000.0
  solar_opex: 10
  solar_lifetime: 20
  carbon_price: 1.0
timeseries_values:
  load_level: 222050.78499184464
  wind_year: 2017
  solar_year: 2016
  price_year: 2023
  carbon_year: 2023
storage_values:
  CAES:
    cost: 65.5115
    lifetime: 23.8802
    annual_cost: 2.7433396705220225
    efficiency: 0.555012
    discharge_ratio: 0.1
    depth_of_discharge: 0.4
  Li-ion:
    cost: 197.47
    lifetime: 19.7553
    annual_cost: 9.995798595819856
    efficiency: 0.93799
    discharge_ratio: 2
    depth_of_discharge: 0.9
  Pb-acid:
    cost: 125.073
    lifetime: 9.54154
    annual_cost: 13.108261349844994
    efficiency: 0.756691
    discharge_ratio: 5
    depth_of_discharge: 0.5
  VRBF:
    cost: 376.475
    lifetime: 22.5491
    annual_cost: 16.695788301972144
    efficiency: 0.695735
    discharge_ratio: 0.5
    depth_of_discharge: 1.0
