cost_values:
  wind_capex: 5000.0
  wind_opex: 100
  wind_lifetime: 20
  solar_capex: 1000.0
  solar_opex: 10
  solar_lifetime: 20
  carbon_price: 1.0
timeseries_values:
  load_level: 222050.78499184464
  wind_year: 2017
  solar_year: 2016
  price_year: 2023
  carbon_year: 2023
storage_values:
  CAES:
    cost: 62.3291
    lifetime: 24.1402
    annual_cost: 2.581962866919081
    efficiency: 0.55133
    discharge_ratio: 0.1
    depth_of_discharge: 0.4
  Li-ion:
    cost: 196.27
    lifetime: 21.7448
    annual_cost: 9.026066001986681
    efficiency: 0.927846
    discharge_ratio: 2
    depth_of_discharge: 0.9
  Pb-acid:
    cost: 141.206
    lifetime: 7.66781
    annual_cost: 18.415427612316943
    efficiency: 0.739841
    discharge_ratio: 5
    depth_of_discharge: 0.5
  VRBF:
    cost: 396.844
    lifetime: 22.6715
    annual_cost: 17.504091039410714
    efficiency: 0.703378
    discharge_ratio: 0.5
    depth_of_discharge: 1.0
