cost_values:
  wind_capex: 5000.0
  wind_opex: 100
  wind_lifetime: 20
  solar_capex: 1000.0
  solar_opex: 10
  solar_lifetime: 20
  carbon_price: 1.0
timeseries_values:
  load_level: 222050.78499184464
  wind_year: 2017
  solar_year: 2016
  price_year: 2023
  carbon_year: 2023
storage_values:
  CAES:
    cost: 57.3371
    lifetime: 24.8394
    annual_cost: 2.3083126001433207
    efficiency: 0.554713
    discharge_ratio: 0.1
    depth_of_discharge: 0.4
  Li-ion:
    cost: 191.554
    lifetime: 20.7986
    annual_cost: 9.209946823343879
    efficiency: 0.930483
    discharge_ratio: 2
    depth_of_discharge: 0.9
  Pb-acid:
    cost: 148.247
    lifetime: 8.24088
    annual_cost: 17.98921959790702
    efficiency: 0.731352
    discharge_ratio: 5
    depth_of_discharge: 0.5
  VRBF:
    cost: 371.331
    lifetime: 24.3711
    annual_cost: 15.236530152516712
    efficiency: 0.697466
    discharge_ratio: 0.5
    depth_of_discharge: 1.0
