cost_values:
  wind_capex: 5000.0
  wind_opex: 100
  wind_lifetime: 20
  solar_capex: 1000.0
  solar_opex: 10
  solar_lifetime: 20
  carbon_price: 1.0
timeseries_values:
  load_level: 222050.78499184464
  wind_year: 2017
  solar_year: 2016
  price_year: 2023
  carbon_year: 2023
storage_values:
  CAES:
    cost: 59.08
    lifetime: 24.5969
    annual_cost: 2.4019286983319033
    efficiency: 0.560918
    discharge_ratio: 0.1
    depth_of_discharge: 0.4
  Li-ion:
    cost: 198.87
    lifetime: 20.9045
    annual_cost: 9.513262694635127
    efficiency: 0.92041
    discharge_ratio: 2
    depth_of_discharge: 0.9
  Pb-acid:
    cost: 137.844
    lifetime: 8.73695
    annual_cost: 15.777130463147893
    efficiency: 0.729802
    discharge_ratio: 5
    depth_of_discharge: 0.5
  VRBF:
    cost: 377.721
    lifetime: 23.3842
    annual_cost: 16.1528296884221
    efficiency: 0.70313
    discharge_ratio: 0.5
    depth_of_discharge: 1.0
