cost_values:
  wind_capex: 5000.0
  wind_opex: 100
  wind_lifetime: 20
  solar_capex: 1000.0
  solar_opex: 10
  solar_lifetime: 20
  carbon_price: 1.0
timeseries_values:
  load_level: 222050.78499184464
  wind_year: 2017
  solar_year: 2016
  price_year: 2023
  carbon_year: 2023
storage_values:
  CAES:
    cost: 65.7474
    lifetime: 24.8582
    annual_cost: 2.644897860665696
    efficiency: 0.550179
    discharge_ratio: 0.1
    depth_of_discharge: 0.4
  Li-ion:
    cost: 171.592
    lifetime: 22.8152
    annual_cost: 7.520950944984046
    efficiency: 0.934159
    discharge_ratio: 2
    depth_of_discharge: 0.9
  Pb-acid:
    cost: 145.409
    lifetime: 8.88586
    annual_cost: 16.364088563177905
    efficiency: 0.740508
    discharge_ratio: 5
    depth_of_discharge: 0.5
  VRBF:
    cost: 372.242
    lifetime: 19.6481
    annual_cost: 18.945445106651537
    efficiency: 0.724035
    discharge_ratio: 0.5
    depth_of_discharge: 1.0
