cost_values:
  wind_capex: 5000.0
  wind_opex: 100
  wind_lifetime: 20
  solar_capex: 1000.0
  solar_opex: 10
  solar_lifetime: 20
  carbon_price: 1.0
timeseries_values:
  load_level: 222050.78499184464
  wind_year: 2017
  solar_year: 2016
  price_year: 2023
  carbon_year: 2023
storage_values:
  CAES:
    cost: 59.9733
    lifetime: 24.251
    annual_cost: 2.473023792833285
    efficiency: 0.557391
    discharge_ratio: 0.1
    depth_of_discharge: 0.4
  Li-ion:
    cost: 184.779
    lifetime: 19.9151
    annual_cost: 9.278336538606384
    efficiency: 0.92107
    discharge_ratio: 2
    depth_of_discharge: 0.9
  Pb-acid:
    cost: 119.207
    lifetime: 7.93694
    annual_cost: 15.019264351248717
    efficiency: 0.759168
    discharge_ratio: 5
    depth_of_discharge: 0.5
  VRBF:
    cost: 384.257
    lifetime: 22.595
    annual_cost: 17.006284576233682
    efficiency: 0.701139
    discharge_ratio: 0.5
    depth_of_discharge: 1.0
