cost_values:
  wind_capex: 5000.0
  wind_opex: 100
  wind_lifetime: 20
  solar_capex: 1000.0
  solar_opex: 10
  solar_lifetime: 20
  carbon_price: 1.0
timeseries_values:
  load_level: 222050.78499184464
  wind_year: 2017
  solar_year: 2016
  price_year: 2023
  carbon_year: 2023
storage_values:
  CAES:
    cost: 68.4548
    lifetime: 23.4108
    annual_cost: 2.9240692330035714
    efficiency: 0.554631
    discharge_ratio: 0.1
    depth_of_discharge: 0.4
  Li-ion:
    cost: 189.211
    lifetime: 21.0764
    annual_cost: 8.977387030043083
    efficiency: 0.921133
    discharge_ratio: 2
    depth_of_discharge: 0.9
  Pb-acid:
    cost: 142.92
    lifetime: 7.80027
    annual_cost: 18.322442684676297
    efficiency: 0.752941
    discharge_ratio: 5
    depth_of_discharge: 0.5
  VRBF:
    cost: 396.335
    lifetime: 22.2482
    annual_cost: 17.814250141584488
    efficiency: 0.679803
    discharge_ratio: 0.5
    depth_of_discharge: 1.0
