cost_values:
  wind_capex: 5000.0
  wind_opex: 100
  wind_lifetime: 20
  solar_capex: 1000.0
  solar_opex: 10
  solar_lifetime: 20
  carbon_price: 1.0
timeseries_values:
  load_level: 248123.69508581646
  wind_year: 2019
  solar_year: 2013
  price_year: 2023
  carbon_year: 2023
storage_values:
  CAES:
    cost: 29.7456
    lifetime: 22.6165
    annual_cost: 1.3152167665200187
    efficiency: 0.603851
    discharge_ratio: 0.1
    depth_of_discharge: 0.4
  Li-ion:
    cost: 211.779
    lifetime: 24.2271
    annual_cost: 8.741409413425462
    efficiency: 0.982726
    discharge_ratio: 2
    depth_of_discharge: 0.9
  Pb-acid:
    cost: 124.467
    lifetime: 12.6047
    annual_cost: 9.87464993216816
    efficiency: 0.770441
    discharge_ratio: 5
    depth_of_discharge: 0.5
  VRBF:
    cost: 247.301
    lifetime: 28.7586
    annual_cost: 8.599201630121076
    efficiency: 0.683381
    discharge_ratio: 0.5
    depth_of_discharge: 1.0
