cost_values:
  wind_capex: 5000.0
  wind_opex: 100
  wind_lifetime: 20
  solar_capex: 1000.0
  solar_opex: 10
  solar_lifetime: 20
  carbon_price: 1.0
timeseries_values:
  load_level: 248123.69508581646
  wind_year: 2019
  solar_year: 2013
  price_year: 2023
  carbon_year: 2023
storage_values:
  CAES:
    cost: 37.7222
    lifetime: 22.2894
    annual_cost: 1.6923829264134522
    efficiency: 0.614308
    discharge_ratio: 0.1
    depth_of_discharge: 0.4
  Li-ion:
    cost: 209.944
    lifetime: 23.2087
    annual_cost: 9.04591812553051
    efficiency: 0.959039
    discharge_ratio: 2
    depth_of_discharge: 0.9
  Pb-acid:
    cost: 142.836
    lifetime: 11.1641
    annual_cost: 12.794224344102975
    efficiency: 0.775235
    discharge_ratio: 5
    depth_of_discharge: 0.5
  VRBF:
    cost: 224.355
    lifetime: 29.4726
    annual_cost: 7.612324667657417
    efficiency: 0.683767
    discharge_ratio: 0.5
    depth_of_discharge: 1.0
