cost_values:
  wind_capex: 5000.0
  wind_opex: 100
  wind_lifetime: 20
  solar_capex: 1000.0
  solar_opex: 10
  solar_lifetime: 20
  carbon_price: 1.0
timeseries_values:
  load_level: 248123.69508581646
  wind_year: 2019
  solar_year: 2013
  price_year: 2023
  carbon_year: 2023
storage_values:
  CAES:
    cost: 45.5228
    lifetime: 22.3058
    annual_cost: 2.0408503617893103
    efficiency: 0.604856
    discharge_ratio: 0.1
    depth_of_discharge: 0.4
  Li-ion:
    cost: 227.843
    lifetime: 24.2184
    annual_cost: 9.407846926303968
    efficiency: 0.971489
    discharge_ratio: 2
    depth_of_discharge: 0.9
  Pb-acid:
    cost: 134.768
    lifetime: 10.917
    annual_cost: 12.344783365393424
    efficiency: 0.782211
    discharge_ratio: 5
    depth_of_discharge: 0.5
  VRBF:
    cost: 254.228
    lifetime: 29.27
    annual_cost: 8.68561667236078
    efficiency: 0.666733
    discharge_ratio: 0.5
    depth_of_discharge: 1.0
