cost_values:
  wind_capex: 5000.0
  wind_opex: 100
  wind_lifetime: 20
  solar_capex: 1000.0
  solar_opex: 10
  solar_lifetime: 20
  carbon_price: 1.0
timeseries_values:
  load_level: 248123.69508581646
  wind_year: 2019
  solar_year: 2013
  price_year: 2023
  carbon_year: 2023
storage_values:
  CAES:
    cost: 40.9779
    lifetime: 22.0244
    annual_cost: 1.860568278818038
    efficiency: 0.603655
    discharge_ratio: 0.1
    depth_of_discharge: 0.4
  Li-ion:
    cost: 221.69
    lifetime: 23.9794
    annual_cost: 9.245018641000192
    efficiency: 0.978049
    discharge_ratio: 2
    depth_of_discharge: 0.9
  Pb-acid:
    cost: 126.561
    lifetime: 11.3627
    annual_cost: 11.138285794749487
    efficiency: 0.774442
    discharge_ratio: 5
    depth_of_discharge: 0.5
  VRBF:
    cost: 263.937
    lifetime: 29.1438
    annual_cost: 9.056368764539972
    efficiency: 0.674338
    discharge_ratio: 0.5
    depth_of_discharge: 1.0
