cost_values:
  wind_capex: 5000.0
  wind_opex: 100
  wind_lifetime: 20
  solar_capex: 1000.0
  solar_opex: 10
  solar_lifetime: 20
  carbon_price: 1.0
timeseries_values:
  load_level: 248123.69508581646
  wind_year: 2019
  solar_year: 2013
  price_year: 2023
  carbon_year: 2023
storage_values:
  CAES:
    cost: 41.3639
    lifetime: 22.3631
    annual_cost: 1.8496496460687473
    efficiency: 0.605434
    discharge_ratio: 0.1
    depth_of_discharge: 0.4
  Li-ion:
    cost: 212.584
    lifetime: 24.7566
    annual_cost: 8.586962668540915
    efficiency: 0.97376
    discharge_ratio: 2
    depth_of_discharge: 0.9
  Pb-acid:
    cost: 117.618
    lifetime: 8.75639
    annual_cost: 13.432247764204199
    efficiency: 0.772176
    discharge_ratio: 5
    depth_of_discharge: 0.5
  VRBF:
    cost: 230.086
    lifetime: 28.3227
    annual_cost: 8.123731141451909
    efficiency: 0.663056
    discharge_ratio: 0.5
    depth_of_discharge: 1.0
