cost_values:
  wind_capex: 5000.0
  wind_opex: 100
  wind_lifetime: 20
  solar_capex: 1000.0
  solar_opex: 10
  solar_lifetime: 20
  carbon_price: 1.0
timeseries_values:
  load_level: 248123.69508581646
  wind_year: 2019
  solar_year: 2013
  price_year: 2023
  carbon_year: 2023
storage_values:
  CAES:
    cost: 41.0055
    lifetime: 21.5866
    annual_cost: 1.8995812216838222
    efficiency: 0.610114
    discharge_ratio: 0.1
    depth_of_discharge: 0.4
  Li-ion:
    cost: 207.589
    lifetime: 22.9221
    annual_cost: 9.05628192879361
    efficiency: 0.969219
    discharge_ratio: 2
    depth_of_discharge: 0.9
  Pb-acid:
    cost: 130.186
    lifetime: 9.05442
    annual_cost: 14.37817110317392
    efficiency: 0.788422
    discharge_ratio: 5
    depth_of_discharge: 0.5
  VRBF:
    cost: 240.368
    lifetime: 28.1768
    annual_cost: 8.530706112830414
    efficiency: 0.693216
    discharge_ratio: 0.5
    depth_of_discharge: 1.0
