cost_values:
  wind_capex: 5000.0
  wind_opex: 100
  wind_lifetime: 20
  solar_capex: 1000.0
  solar_opex: 10
  solar_lifetime: 20
  carbon_price: 1.0
timeseries_values:
  load_level: 248123.69508581646
  wind_year: 2019
  solar_year: 2013
  price_year: 2023
  carbon_year: 2023
storage_values:
  CAES:
    cost: 34.4944
    lifetime: 21.8904
    annual_cost: 1.5757775097759747
    efficiency: 0.610541
    discharge_ratio: 0.1
    depth_of_discharge: 0.4
  Li-ion:
    cost: 221.348
    lifetime: 23.4245
    annual_cost: 9.449422613076054
    efficiency: 0.976259
    discharge_ratio: 2
    depth_of_discharge: 0.9
  Pb-acid:
    cost: 119.882
    lifetime: 9.74263
    annual_cost: 12.304890979129866
    efficiency: 0.787495
    discharge_ratio: 5
    depth_of_discharge: 0.5
  VRBF:
    cost: 268.76
    lifetime: 28.5497
    annual_cost: 9.413759163844103
    efficiency: 0.663912
    discharge_ratio: 0.5
    depth_of_discharge: 1.0
