cost_values:
  wind_capex: 5000.0
  wind_opex: 100
  wind_lifetime: 20
  solar_capex: 1000.0
  solar_opex: 10
  solar_lifetime: 20
  carbon_price: 1.0
timeseries_values:
  load_level: 248123.69508581646
  wind_year: 2019
  solar_year: 2013
  price_year: 2023
  carbon_year: 2023
storage_values:
  CAES:
    cost: 38.5621
    lifetime: 22.3894
    annual_cost: 1.7223373560702835
    efficiency: 0.614949
    discharge_ratio: 0.1
    depth_of_discharge: 0.4
  Li-ion:
    cost: 222.412
    lifetime: 24.365
    annual_cost: 9.128339831725837
    efficiency: 0.976096
    discharge_ratio: 2
    depth_of_discharge: 0.9
  Pb-acid:
    cost: 140.404
    lifetime: 9.99819
    annual_cost: 14.042941772460816
    efficiency: 0.767754
    discharge_ratio: 5
    depth_of_discharge: 0.5
  VRBF:
    cost: 209.951
    lifetime: 28.7642
    annual_cost: 7.29903838799619
    efficiency: 0.689431
    discharge_ratio: 0.5
    depth_of_discharge: 1.0
