cost_values:
  wind_capex: 5000.0
  wind_opex: 100
  wind_lifetime: 20
  solar_capex: 1000.0
  solar_opex: 10
  solar_lifetime: 20
  carbon_price: 1.0
timeseries_values:
  load_level: 248123.69508581646
  wind_year: 2019
  solar_year: 2013
  price_year: 2023
  carbon_year: 2023
storage_values:
  CAES:
    cost: 40.0189
    lifetime: 22.685
    annual_cost: 1.7641128499008156
    efficiency: 0.618609
    discharge_ratio: 0.1
    depth_of_discharge: 0.4
  Li-ion:
    cost: 234.629
    lifetime: 24.3882
    annual_cost: 9.620595205878251
    efficiency: 0.971415
    discharge_ratio: 2
    depth_of_discharge: 0.9
  Pb-acid:
    cost: 158.435
    lifetime: 9.37296
    annual_cost: 16.903411515679142
    efficiency: 0.774634
    discharge_ratio: 5
    depth_of_discharge: 0.5
  VRBF:
    cost: 238.135
    lifetime: 27.327
    annual_cost: 8.714275258901452
    efficiency: 0.672788
    discharge_ratio: 0.5
    depth_of_discharge: 1.0
