cost_values:
  wind_capex: 5000.0
  wind_opex: 100
  wind_lifetime: 20
  solar_capex: 1000.0
  solar_opex: 10
  solar_lifetime: 20
  carbon_price: 1.0
timeseries_values:
  load_level: 248123.69508581646
  wind_year: 2019
  solar_year: 2013
  price_year: 2023
  carbon_year: 2023
storage_values:
  CAES:
    cost: 40.1902
    lifetime: 22.2828
    annual_cost: 1.8036422711687936
    efficiency: 0.610992
    discharge_ratio: 0.1
    depth_of_discharge: 0.4
  Li-ion:
    cost: 195.338
    lifetime: 24.9345
    annual_cost: 7.83404519841986
    efficiency: 0.974572
    discharge_ratio: 2
    depth_of_discharge: 0.9
  Pb-acid:
    cost: 141.451
    lifetime: 10.793
    annual_cost: 13.10580932085611
    efficiency: 0.771615
    discharge_ratio: 5
    depth_of_discharge: 0.5
  VRBF:
    cost: 238.116
    lifetime: 29.8414
    annual_cost: 7.979384345238494
    efficiency: 0.669407
    discharge_ratio: 0.5
    depth_of_discharge: 1.0
