cost_values:
  wind_capex: 5000.0
  wind_opex: 100
  wind_lifetime: 20
  solar_capex: 1000.0
  solar_opex: 10
  solar_lifetime: 20
  carbon_price: 1.0
timeseries_values:
  load_level: 248123.69508581646
  wind_year: 2019
  solar_year: 2013
  price_year: 2023
  carbon_year: 2023
storage_values:
  CAES:
    cost: 40.769
    lifetime: 21.5338
    annual_cost: 1.893256183302529
    efficiency: 0.613837
    discharge_ratio: 0.1
    depth_of_discharge: 0.4
  Li-ion:
    cost: 227.041
    lifetime: 26.67
    annual_cost: 8.512973378327708
    efficiency: 0.969801
    discharge_ratio: 2
    depth_of_discharge: 0.9
  Pb-acid:
    cost: 120.779
    lifetime: 11.7091
    annual_cost: 10.314968699558463
    efficiency: 0.778338
    discharge_ratio: 5
    depth_of_discharge: 0.5
  VRBF:
    cost: 229.723
    lifetime: 29.44
    annual_cost: 7.8030910326086955
    efficiency: 0.686744
    discharge_ratio: 0.5
    depth_of_discharge: 1.0
