cost_values:
  wind_capex: 5000.0
  wind_opex: 100
  wind_lifetime: 20
  solar_capex: 1000.0
  solar_opex: 10
  solar_lifetime: 20
  carbon_price: 1.0
timeseries_values:
  load_level: 248123.69508581646
  wind_year: 2019
  solar_year: 2013
  price_year: 2023
  carbon_year: 2023
storage_values:
  CAES:
    cost: 43.7869
    lifetime: 22.4801
    annual_cost: 1.9478071716762826
    efficiency: 0.603356
    discharge_ratio: 0.1
    depth_of_discharge: 0.4
  Li-ion:
    cost: 231.073
    lifetime: 22.4127
    annual_cost: 10.309913575785158
    efficiency: 0.969921
    discharge_ratio: 2
    depth_of_discharge: 0.9
  Pb-acid:
    cost: 141.262
    lifetime: 9.93872
    annual_cost: 14.213299096865592
    efficiency: 0.794523
    discharge_ratio: 5
    depth_of_discharge: 0.5
  VRBF:
    cost: 202.164
    lifetime: 29.658
    annual_cost: 6.816508193404814
    efficiency: 0.67038
    discharge_ratio: 0.5
    depth_of_discharge: 1.0
