cost_values:
  wind_capex: 5000.0
  wind_opex: 100
  wind_lifetime: 20
  solar_capex: 1000.0
  solar_opex: 10
  solar_lifetime: 20
  carbon_price: 1.0
timeseries_values:
  load_level: 248123.69508581646
  wind_year: 2019
  solar_year: 2013
  price_year: 2023
  carbon_year: 2023
storage_values:
  CAES:
    cost: 36.5096
    lifetime: 23.0494
    annual_cost: 1.5839718170538062
    efficiency: 0.608563
    discharge_ratio: 0.1
    depth_of_discharge: 0.4
  Li-ion:
    cost: 209.221
    lifetime: 24.1338
    annual_cost: 8.66921081636543
    efficiency: 0.966125
    discharge_ratio: 2
    depth_of_discharge: 0.9
  Pb-acid:
    cost: 121.806
    lifetime: 10.0092
    annual_cost: 12.169404148183672
    efficiency: 0.764159
    discharge_ratio: 5
    depth_of_discharge: 0.5
  VRBF:
    cost: 227.172
    lifetime: 29.5941
    annual_cost: 7.676259795026711
    efficiency: 0.68577
    discharge_ratio: 0.5
    depth_of_discharge: 1.0
