cost_values:
  wind_capex: 5000.0
  wind_opex: 100
  wind_lifetime: 20
  solar_capex: 1000.0
  solar_opex: 10
  solar_lifetime: 20
  carbon_price: 1.0
timeseries_values:
  load_level: 248123.69508581646
  wind_year: 2019
  solar_year: 2013
  price_year: 2023
  carbon_year: 2023
storage_values:
  CAES:
    cost: 38.6204
    lifetime: 22.1047
    annual_cost: 1.7471578442593654
    efficiency: 0.604393
    discharge_ratio: 0.1
    depth_of_discharge: 0.4
  Li-ion:
    cost: 231.741
    lifetime: 23.3179
    annual_cost: 9.938330638693879
    efficiency: 0.972785
    discharge_ratio: 2
    depth_of_discharge: 0.9
  Pb-acid:
    cost: 164.271
    lifetime: 8.62543
    annual_cost: 19.044963555440134
    efficiency: 0.775018
    discharge_ratio: 5
    depth_of_discharge: 0.5
  VRBF:
    cost: 232.311
    lifetime: 29.2909
    annual_cost: 7.93116633493679
    efficiency: 0.68306
    discharge_ratio: 0.5
    depth_of_discharge: 1.0
