cost_values:
  wind_capex: 5000.0
  wind_opex: 100
  wind_lifetime: 20
  solar_capex: 1000.0
  solar_opex: 10
  solar_lifetime: 20
  carbon_price: 1.0
timeseries_values:
  load_level: 248123.69508581646
  wind_year: 2019
  solar_year: 2013
  price_year: 2023
  carbon_year: 2023
storage_values:
  CAES:
    cost: 36.3186
    lifetime: 21.2404
    annual_cost: 1.7098830530498486
    efficiency: 0.608954
    discharge_ratio: 0.1
    depth_of_discharge: 0.4
  Li-ion:
    cost: 221.3
    lifetime: 22.8027
    annual_cost: 9.704991075618238
    efficiency: 0.953889
    discharge_ratio: 2
    depth_of_discharge: 0.9
  Pb-acid:
    cost: 149.881
    lifetime: 10.0254
    annual_cost: 14.950126678237279
    efficiency: 0.764332
    discharge_ratio: 5
    depth_of_discharge: 0.5
  VRBF:
    cost: 220.812
    lifetime: 29.9288
    annual_cost: 7.377910240303654
    efficiency: 0.677968
    discharge_ratio: 0.5
    depth_of_discharge: 1.0
