cost_values:
  wind_capex: 5000.0
  wind_opex: 100
  wind_lifetime: 20
  solar_capex: 1000.0
  solar_opex: 10
  solar_lifetime: 20
  carbon_price: 1.0
timeseries_values:
  load_level: 248123.69508581646
  wind_year: 2019
  solar_year: 2013
  price_year: 2023
  carbon_year: 2023
storage_values:
  CAES:
    cost: 43.5616
    lifetime: 22.1883
    annual_cost: 1.963268930021678
    efficiency: 0.619938
    discharge_ratio: 0.1
    depth_of_discharge: 0.4
  Li-ion:
    cost: 232.002
    lifetime: 22.8141
    annual_cost: 10.169237445264114
    efficiency: 0.969237
    discharge_ratio: 2
    depth_of_discharge: 0.9
  Pb-acid:
    cost: 139.747
    lifetime: 10.7628
    annual_cost: 12.98426060133051
    efficiency: 0.780556
    discharge_ratio: 5
    depth_of_discharge: 0.5
  VRBF:
    cost: 227.311
    lifetime: 27.6424
    annual_cost: 8.223272943015079
    efficiency: 0.695163
    discharge_ratio: 0.5
    depth_of_discharge: 1.0
