cost_values:
  wind_capex: 5000.0
  wind_opex: 100
  wind_lifetime: 20
  solar_capex: 1000.0
  solar_opex: 10
  solar_lifetime: 20
  carbon_price: 1.0
timeseries_values:
  load_level: 248123.69508581646
  wind_year: 2019
  solar_year: 2013
  price_year: 2023
  carbon_year: 2023
storage_values:
  CAES:
    cost: 36.9196
    lifetime: 22.1542
    annual_cost: 1.6664831047837432
    efficiency: 0.603899
    discharge_ratio: 0.1
    depth_of_discharge: 0.4
  Li-ion:
    cost: 244.156
    lifetime: 23.3042
    annual_cost: 10.476909741591644
    efficiency: 0.974472
    discharge_ratio: 2
    depth_of_discharge: 0.9
  Pb-acid:
    cost: 135.842
    lifetime: 9.67968
    annual_cost: 14.033728387715298
    efficiency: 0.78161
    discharge_ratio: 5
    depth_of_discharge: 0.5
  VRBF:
    cost: 218.735
    lifetime: 29.2215
    annual_cost: 7.485413137587051
    efficiency: 0.700216
    discharge_ratio: 0.5
    depth_of_discharge: 1.0
