cost_values:
  wind_capex: 5000.0
  wind_opex: 100
  wind_lifetime: 20
  solar_capex: 1000.0
  solar_opex: 10
  solar_lifetime: 20
  carbon_price: 1.0
timeseries_values:
  load_level: 248123.69508581646
  wind_year: 2019
  solar_year: 2013
  price_year: 2023
  carbon_year: 2023
storage_values:
  CAES:
    cost: 35.6697
    lifetime: 21.0885
    annual_cost: 1.6914289778789386
    efficiency: 0.61309
    discharge_ratio: 0.1
    depth_of_discharge: 0.4
  Li-ion:
    cost: 222.927
    lifetime: 21.5457
    annual_cost: 10.34670491095671
    efficiency: 0.958446
    discharge_ratio: 2
    depth_of_discharge: 0.9
  Pb-acid:
    cost: 141.863
    lifetime: 10.6407
    annual_cost: 13.332111609198641
    efficiency: 0.76257
    discharge_ratio: 5
    depth_of_discharge: 0.5
  VRBF:
    cost: 211.551
    lifetime: 27.6423
    annual_cost: 7.6531620017147635
    efficiency: 0.699006
    discharge_ratio: 0.5
    depth_of_discharge: 1.0
