cost_values:
  wind_capex: 5000.0
  wind_opex: 100
  wind_lifetime: 20
  solar_capex: 1000.0
  solar_opex: 10
  solar_lifetime: 20
  carbon_price: 1.0
timeseries_values:
  load_level: 248123.69508581646
  wind_year: 2019
  solar_year: 2013
  price_year: 2023
  carbon_year: 2023
storage_values:
  CAES:
    cost: 37.0985
    lifetime: 21.6392
    annual_cost: 1.7144118081999336
    efficiency: 0.61691
    discharge_ratio: 0.1
    depth_of_discharge: 0.4
  Li-ion:
    cost: 234.226
    lifetime: 24.3494
    annual_cost: 9.619374604713054
    efficiency: 0.969711
    discharge_ratio: 2
    depth_of_discharge: 0.9
  Pb-acid:
    cost: 148.382
    lifetime: 7.89702
    annual_cost: 18.789619375409963
    efficiency: 0.791513
    discharge_ratio: 5
    depth_of_discharge: 0.5
  VRBF:
    cost: 226.789
    lifetime: 29.8415
    annual_cost: 7.5997855335690225
    efficiency: 0.666959
    discharge_ratio: 0.5
    depth_of_discharge: 1.0
