cost_values:
  wind_capex: 5000.0
  wind_opex: 100
  wind_lifetime: 20
  solar_capex: 1000.0
  solar_opex: 10
  solar_lifetime: 20
  carbon_price: 1.0
timeseries_values:
  load_level: 248123.69508581646
  wind_year: 2019
  solar_year: 2013
  price_year: 2023
  carbon_year: 2023
storage_values:
  CAES:
    cost: 43.2777
    lifetime: 22.0606
    annual_cost: 1.9617644125726408
    efficiency: 0.607505
    discharge_ratio: 0.1
    depth_of_discharge: 0.4
  Li-ion:
    cost: 216.718
    lifetime: 21.7396
    annual_cost: 9.96881267364625
    efficiency: 0.972461
    discharge_ratio: 2
    depth_of_discharge: 0.9
  Pb-acid:
    cost: 137.695
    lifetime: 8.94531
    annual_cost: 15.392982467907764
    efficiency: 0.776954
    discharge_ratio: 5
    depth_of_discharge: 0.5
  VRBF:
    cost: 210.647
    lifetime: 27.4406
    annual_cost: 7.676472088802723
    efficiency: 0.681968
    discharge_ratio: 0.5
    depth_of_discharge: 1.0
