cost_values:
  wind_capex: 5000.0
  wind_opex: 100
  wind_lifetime: 20
  solar_capex: 1000.0
  solar_opex: 10
  solar_lifetime: 20
  carbon_price: 1.0
timeseries_values:
  load_level: 248123.69508581646
  wind_year: 2019
  solar_year: 2013
  price_year: 2023
  carbon_year: 2023
storage_values:
  CAES:
    cost: 42.957
    lifetime: 21.1687
    annual_cost: 2.0292696292167207
    efficiency: 0.606954
    discharge_ratio: 0.1
    depth_of_discharge: 0.4
  Li-ion:
    cost: 207.161
    lifetime: 22.9841
    annual_cost: 9.013230885699244
    efficiency: 0.957253
    discharge_ratio: 2
    depth_of_discharge: 0.9
  Pb-acid:
    cost: 138.454
    lifetime: 9.93692
    annual_cost: 13.933291200895248
    efficiency: 0.771521
    discharge_ratio: 5
    depth_of_discharge: 0.5
  VRBF:
    cost: 250.342
    lifetime: 27.8885
    annual_cost: 8.976531545260592
    efficiency: 0.659103
    discharge_ratio: 0.5
    depth_of_discharge: 1.0
