cost_values:
  wind_capex: 5000.0
  wind_opex: 100
  wind_lifetime: 20
  solar_capex: 1000.0
  solar_opex: 10
  solar_lifetime: 20
  carbon_price: 1.0
timeseries_values:
  load_level: 248123.69508581646
  wind_year: 2019
  solar_year: 2013
  price_year: 2023
  carbon_year: 2023
storage_values:
  CAES:
    cost: 38.0668
    lifetime: 21.8787
    annual_cost: 1.739902279385887
    efficiency: 0.607307
    discharge_ratio: 0.1
    depth_of_discharge: 0.4
  Li-ion:
    cost: 228.398
    lifetime: 23.3108
    annual_cost: 9.797947732381557
    efficiency: 0.968604
    discharge_ratio: 2
    depth_of_discharge: 0.9
  Pb-acid:
    cost: 138.701
    lifetime: 10.5651
    annual_cost: 13.128224058456617
    efficiency: 0.783136
    discharge_ratio: 5
    depth_of_discharge: 0.5
  VRBF:
    cost: 230.213
    lifetime: 28.9754
    annual_cost: 7.9451189629823915
    efficiency: 0.697882
    discharge_ratio: 0.5
    depth_of_discharge: 1.0
