cost_values:
  wind_capex: 5000.0
  wind_opex: 100
  wind_lifetime: 20
  solar_capex: 1000.0
  solar_opex: 10
  solar_lifetime: 20
  carbon_price: 1.0
timeseries_values:
  load_level: 248123.69508581646
  wind_year: 2019
  solar_year: 2013
  price_year: 2023
  carbon_year: 2023
storage_values:
  CAES:
    cost: 42.3886
    lifetime: 22.5235
    annual_cost: 1.8819721624081516
    efficiency: 0.613322
    discharge_ratio: 0.1
    depth_of_discharge: 0.4
  Li-ion:
    cost: 232.143
    lifetime: 25.1784
    annual_cost: 9.2199266037556
    efficiency: 0.969493
    discharge_ratio: 2
    depth_of_discharge: 0.9
  Pb-acid:
    cost: 113.98
    lifetime: 9.81411
    annual_cost: 11.613890612597578
    efficiency: 0.782274
    discharge_ratio: 5
    depth_of_discharge: 0.5
  VRBF:
    cost: 228.397
    lifetime: 27.0554
    annual_cost: 8.441826770256585
    efficiency: 0.687149
    discharge_ratio: 0.5
    depth_of_discharge: 1.0
