cost_values:
  wind_capex: 5000.0
  wind_opex: 100
  wind_lifetime: 20
  solar_capex: 1000.0
  solar_opex: 10
  solar_lifetime: 20
  carbon_price: 1.0
timeseries_values:
  load_level: 248123.69508581646
  wind_year: 2019
  solar_year: 2013
  price_year: 2023
  carbon_year: 2023
storage_values:
  CAES:
    cost: 35.4616
    lifetime: 21.8811
    annual_cost: 1.6206497845172316
    efficiency: 0.616755
    discharge_ratio: 0.1
    depth_of_discharge: 0.4
  Li-ion:
    cost: 237.99
    lifetime: 22.916
    annual_cost: 10.385320300226915
    efficiency: 0.966579
    discharge_ratio: 2
    depth_of_discharge: 0.9
  Pb-acid:
    cost: 133.181
    lifetime: 9.67188
    annual_cost: 13.769918568055022
    efficiency: 0.787787
    discharge_ratio: 5
    depth_of_discharge: 0.5
  VRBF:
    cost: 241.578
    lifetime: 29.9321
    annual_cost: 8.070867062451349
    efficiency: 0.67704
    discharge_ratio: 0.5
    depth_of_discharge: 1.0
