cost_values:
  wind_capex: 5000.0
  wind_opex: 100
  wind_lifetime: 20
  solar_capex: 1000.0
  solar_opex: 10
  solar_lifetime: 20
  carbon_price: 1.0
timeseries_values:
  load_level: 248123.69508581646
  wind_year: 2019
  solar_year: 2013
  price_year: 2023
  carbon_year: 2023
storage_values:
  CAES:
    cost: 40.291
    lifetime: 21.2028
    annual_cost: 1.9002678891467164
    efficiency: 0.614828
    discharge_ratio: 0.1
    depth_of_discharge: 0.4
  Li-ion:
    cost: 220.358
    lifetime: 24.4645
    annual_cost: 9.00725541090151
    efficiency: 0.958907
    discharge_ratio: 2
    depth_of_discharge: 0.9
  Pb-acid:
    cost: 132.253
    lifetime: 10.5723
    annual_cost: 12.509387739659296
    efficiency: 0.774747
    discharge_ratio: 5
    depth_of_discharge: 0.5
  VRBF:
    cost: 208.195
    lifetime: 28.6288
    annual_cost: 7.272222377466048
    efficiency: 0.688388
    discharge_ratio: 0.5
    depth_of_discharge: 1.0
