cost_values:
  wind_capex: 5000.0
  wind_opex: 100
  wind_lifetime: 20
  solar_capex: 1000.0
  solar_opex: 10
  solar_lifetime: 20
  carbon_price: 1.0
timeseries_values:
  load_level: 248123.69508581646
  wind_year: 2019
  solar_year: 2013
  price_year: 2023
  carbon_year: 2023
storage_values:
  CAES:
    cost: 38.7088
    lifetime: 22.6725
    annual_cost: 1.707301797331569
    efficiency: 0.606865
    discharge_ratio: 0.1
    depth_of_discharge: 0.4
  Li-ion:
    cost: 214.808
    lifetime: 23.1292
    annual_cost: 9.287307818688065
    efficiency: 0.97267
    discharge_ratio: 2
    depth_of_discharge: 0.9
  Pb-acid:
    cost: 140.622
    lifetime: 9.92883
    annual_cost: 14.162998057172901
    efficiency: 0.786123
    discharge_ratio: 5
    depth_of_discharge: 0.5
  VRBF:
    cost: 236.017
    lifetime: 29.5712
    annual_cost: 7.9813128990369
    efficiency: 0.684329
    discharge_ratio: 0.5
    depth_of_discharge: 1.0
