cost_values:
  wind_capex: 5000.0
  wind_opex: 100
  wind_lifetime: 20
  solar_capex: 1000.0
  solar_opex: 10
  solar_lifetime: 20
  carbon_price: 1.0
timeseries_values:
  load_level: 248123.69508581646
  wind_year: 2019
  solar_year: 2013
  price_year: 2023
  carbon_year: 2023
storage_values:
  CAES:
    cost: 40.6002
    lifetime: 20.6681
    annual_cost: 1.9643895665300635
    efficiency: 0.598535
    discharge_ratio: 0.1
    depth_of_discharge: 0.4
  Li-ion:
    cost: 229.28
    lifetime: 21.0457
    annual_cost: 10.894386976912148
    efficiency: 0.983344
    discharge_ratio: 2
    depth_of_discharge: 0.9
  Pb-acid:
    cost: 141.716
    lifetime: 9.09043
    annual_cost: 15.589581570948791
    efficiency: 0.786457
    discharge_ratio: 5
    depth_of_discharge: 0.5
  VRBF:
    cost: 227.164
    lifetime: 26.8673
    annual_cost: 8.455036419737004
    efficiency: 0.687211
    discharge_ratio: 0.5
    depth_of_discharge: 1.0
