cost_values:
  wind_capex: 5000.0
  wind_opex: 100
  wind_lifetime: 20
  solar_capex: 1000.0
  solar_opex: 10
  solar_lifetime: 20
  carbon_price: 1.0
timeseries_values:
  load_level: 248123.69508581646
  wind_year: 2019
  solar_year: 2013
  price_year: 2023
  carbon_year: 2023
storage_values:
  CAES:
    cost: 44.3696
    lifetime: 22.2297
    annual_cost: 1.9959603593390822
    efficiency: 0.608854
    discharge_ratio: 0.1
    depth_of_discharge: 0.4
  Li-ion:
    cost: 202.991
    lifetime: 23.7469
    annual_cost: 8.54810522636639
    efficiency: 0.955862
    discharge_ratio: 2
    depth_of_discharge: 0.9
  Pb-acid:
    cost: 137.135
    lifetime: 9.68651
    annual_cost: 14.157317754278887
    efficiency: 0.780201
    discharge_ratio: 5
    depth_of_discharge: 0.5
  VRBF:
    cost: 236.118
    lifetime: 28.6426
    annual_cost: 8.243595204345974
    efficiency: 0.671321
    discharge_ratio: 0.5
    depth_of_discharge: 1.0
