cost_values:
  wind_capex: 5000.0
  wind_opex: 100
  wind_lifetime: 20
  solar_capex: 1000.0
  solar_opex: 10
  solar_lifetime: 20
  carbon_price: 1.0
timeseries_values:
  load_level: 248123.69508581646
  wind_year: 2019
  solar_year: 2013
  price_year: 2023
  carbon_year: 2023
storage_values:
  CAES:
    cost: 37.3918
    lifetime: 21.2831
    annual_cost: 1.756877522541359
    efficiency: 0.613514
    discharge_ratio: 0.1
    depth_of_discharge: 0.4
  Li-ion:
    cost: 243.69
    lifetime: 22.2908
    annual_cost: 10.932312882444775
    efficiency: 0.969166
    discharge_ratio: 2
    depth_of_discharge: 0.9
  Pb-acid:
    cost: 134.868
    lifetime: 9.57334
    annual_cost: 14.08787319785989
    efficiency: 0.786391
    discharge_ratio: 5
    depth_of_discharge: 0.5
  VRBF:
    cost: 242.052
    lifetime: 28.149
    annual_cost: 8.598955557923905
    efficiency: 0.669649
    discharge_ratio: 0.5
    depth_of_discharge: 1.0
