cost_values:
  wind_capex: 5000.0
  wind_opex: 100
  wind_lifetime: 20
  solar_capex: 1000.0
  solar_opex: 10
  solar_lifetime: 20
  carbon_price: 1.0
timeseries_values:
  load_level: 248123.69508581646
  wind_year: 2019
  solar_year: 2013
  price_year: 2023
  carbon_year: 2023
storage_values:
  CAES:
    cost: 40.0852
    lifetime: 21.1917
    annual_cost: 1.8915518811610206
    efficiency: 0.608488
    discharge_ratio: 0.1
    depth_of_discharge: 0.4
  Li-ion:
    cost: 206.914
    lifetime: 24.0584
    annual_cost: 8.600488810560968
    efficiency: 0.957741
    discharge_ratio: 2
    depth_of_discharge: 0.9
  Pb-acid:
    cost: 127.705
    lifetime: 9.09527
    annual_cost: 14.040814621226199
    efficiency: 0.791315
    discharge_ratio: 5
    depth_of_discharge: 0.5
  VRBF:
    cost: 224.173
    lifetime: 28.6147
    annual_cost: 7.834190119064677
    efficiency: 0.67768
    discharge_ratio: 0.5
    depth_of_discharge: 1.0
