cost_values:
  wind_capex: 5000.0
  wind_opex: 100
  wind_lifetime: 20
  solar_capex: 1000.0
  solar_opex: 10
  solar_lifetime: 20
  carbon_price: 1.0
timeseries_values:
  load_level: 248123.69508581646
  wind_year: 2019
  solar_year: 2013
  price_year: 2023
  carbon_year: 2023
storage_values:
  CAES:
    cost: 37.5484
    lifetime: 21.5558
    annual_cost: 1.7419163287839003
    efficiency: 0.616632
    discharge_ratio: 0.1
    depth_of_discharge: 0.4
  Li-ion:
    cost: 219.641
    lifetime: 23.1343
    annual_cost: 9.494170992854766
    efficiency: 0.972725
    discharge_ratio: 2
    depth_of_discharge: 0.9
  Pb-acid:
    cost: 140.222
    lifetime: 10.7548
    annual_cost: 13.038085320043145
    efficiency: 0.776954
    discharge_ratio: 5
    depth_of_discharge: 0.5
  VRBF:
    cost: 234.243
    lifetime: 29.4419
    annual_cost: 7.95611016952031
    efficiency: 0.671831
    discharge_ratio: 0.5
    depth_of_discharge: 1.0
