cost_values:
  wind_capex: 5000.0
  wind_opex: 100
  wind_lifetime: 20
  solar_capex: 1000.0
  solar_opex: 10
  solar_lifetime: 20
  carbon_price: 1.0
timeseries_values:
  load_level: 248123.69508581646
  wind_year: 2019
  solar_year: 2013
  price_year: 2023
  carbon_year: 2023
storage_values:
  CAES:
    cost: 38.3822
    lifetime: 21.5572
    annual_cost: 1.7804816952108806
    efficiency: 0.613152
    discharge_ratio: 0.1
    depth_of_discharge: 0.4
  Li-ion:
    cost: 209.849
    lifetime: 24.0034
    annual_cost: 8.742469816775957
    efficiency: 0.984286
    discharge_ratio: 2
    depth_of_discharge: 0.9
  Pb-acid:
    cost: 145.431
    lifetime: 8.91182
    annual_cost: 16.318888846498247
    efficiency: 0.777349
    discharge_ratio: 5
    depth_of_discharge: 0.5
  VRBF:
    cost: 248.904
    lifetime: 29.3824
    annual_cost: 8.471193639729906
    efficiency: 0.664082
    discharge_ratio: 0.5
    depth_of_discharge: 1.0
