cost_values:
  wind_capex: 5000.0
  wind_opex: 100
  wind_lifetime: 20
  solar_capex: 1000.0
  solar_opex: 10
  solar_lifetime: 20
  carbon_price: 1.0
timeseries_values:
  load_level: 248123.69508581646
  wind_year: 2019
  solar_year: 2013
  price_year: 2023
  carbon_year: 2023
storage_values:
  CAES:
    cost: 37.8724
    lifetime: 22.4166
    annual_cost: 1.6894801174129885
    efficiency: 0.614564
    discharge_ratio: 0.1
    depth_of_discharge: 0.4
  Li-ion:
    cost: 214.704
    lifetime: 22.943
    annual_cost: 9.358148454866408
    efficiency: 0.971035
    discharge_ratio: 2
    depth_of_discharge: 0.9
  Pb-acid:
    cost: 158.17
    lifetime: 9.03787
    annual_cost: 17.500804946298185
    efficiency: 0.778682
    discharge_ratio: 5
    depth_of_discharge: 0.5
  VRBF:
    cost: 253.768
    lifetime: 27.3558
    annual_cost: 9.276570233734711
    efficiency: 0.689834
    discharge_ratio: 0.5
    depth_of_discharge: 1.0
