cost_values:
  wind_capex: 5000.0
  wind_opex: 100
  wind_lifetime: 20
  solar_capex: 1000.0
  solar_opex: 10
  solar_lifetime: 20
  carbon_price: 1.0
timeseries_values:
  load_level: 248123.69508581646
  wind_year: 2019
  solar_year: 2013
  price_year: 2023
  carbon_year: 2023
storage_values:
  CAES:
    cost: 30.227
    lifetime: 21.1489
    annual_cost: 1.4292469111868702
    efficiency: 0.611651
    discharge_ratio: 0.1
    depth_of_discharge: 0.4
  Li-ion:
    cost: 214.953
    lifetime: 24.6441
    annual_cost: 8.72229052795598
    efficiency: 0.949634
    discharge_ratio: 2
    depth_of_discharge: 0.9
  Pb-acid:
    cost: 121.998
    lifetime: 9.35138
    annual_cost: 13.045988934253554
    efficiency: 0.784054
    discharge_ratio: 5
    depth_of_discharge: 0.5
  VRBF:
    cost: 235.999
    lifetime: 28.9789
    annual_cost: 8.143821884198504
    efficiency: 0.677082
    discharge_ratio: 0.5
    depth_of_discharge: 1.0
