cost_values:
  wind_capex: 5000.0
  wind_opex: 100
  wind_lifetime: 20
  solar_capex: 1000.0
  solar_opex: 10
  solar_lifetime: 20
  carbon_price: 1.0
timeseries_values:
  load_level: 248123.69508581646
  wind_year: 2019
  solar_year: 2013
  price_year: 2023
  carbon_year: 2023
storage_values:
  CAES:
    cost: 42.656
    lifetime: 22.7417
    annual_cost: 1.8756733225748292
    efficiency: 0.611994
    discharge_ratio: 0.1
    depth_of_discharge: 0.4
  Li-ion:
    cost: 244.588
    lifetime: 23.5957
    annual_cost: 10.365786986611967
    efficiency: 0.978448
    discharge_ratio: 2
    depth_of_discharge: 0.9
  Pb-acid:
    cost: 143.482
    lifetime: 10.299
    annual_cost: 13.931643848917371
    efficiency: 0.774529
    discharge_ratio: 5
    depth_of_discharge: 0.5
  VRBF:
    cost: 244.415
    lifetime: 28.4811
    annual_cost: 8.581655905144112
    efficiency: 0.659288
    discharge_ratio: 0.5
    depth_of_discharge: 1.0
