cost_values:
  wind_capex: 5000.0
  wind_opex: 100
  wind_lifetime: 20
  solar_capex: 1000.0
  solar_opex: 10
  solar_lifetime: 20
  carbon_price: 1.0
timeseries_values:
  load_level: 248123.69508581646
  wind_year: 2019
  solar_year: 2013
  price_year: 2023
  carbon_year: 2023
storage_values:
  CAES:
    cost: 41.4899
    lifetime: 21.6341
    annual_cost: 1.9178010640609038
    efficiency: 0.612458
    discharge_ratio: 0.1
    depth_of_discharge: 0.4
  Li-ion:
    cost: 212.418
    lifetime: 22.364
    annual_cost: 9.498211411196566
    efficiency: 0.95887
    discharge_ratio: 2
    depth_of_discharge: 0.9
  Pb-acid:
    cost: 136.268
    lifetime: 9.54926
    annual_cost: 14.270006262265348
    efficiency: 0.778726
    discharge_ratio: 5
    depth_of_discharge: 0.5
  VRBF:
    cost: 244.909
    lifetime: 29.4076
    annual_cost: 8.328085256872374
    efficiency: 0.68092
    discharge_ratio: 0.5
    depth_of_discharge: 1.0
