cost_values:
  wind_capex: 5000.0
  wind_opex: 100
  wind_lifetime: 20
  solar_capex: 1000.0
  solar_opex: 10
  solar_lifetime: 20
  carbon_price: 1.0
timeseries_values:
  load_level: 248123.69508581646
  wind_year: 2019
  solar_year: 2013
  price_year: 2023
  carbon_year: 2023
storage_values:
  CAES:
    cost: 37.7844
    lifetime: 21.8309
    annual_cost: 1.7307761017640133
    efficiency: 0.618286
    discharge_ratio: 0.1
    depth_of_discharge: 0.4
  Li-ion:
    cost: 231.184
    lifetime: 22.0899
    annual_cost: 10.465597399716613
    efficiency: 0.978829
    discharge_ratio: 2
    depth_of_discharge: 0.9
  Pb-acid:
    cost: 126.444
    lifetime: 10.5509
    annual_cost: 11.984190922101432
    efficiency: 0.774578
    discharge_ratio: 5
    depth_of_discharge: 0.5
  VRBF:
    cost: 235.152
    lifetime: 28.1584
    annual_cost: 8.35104267287914
    efficiency: 0.692804
    discharge_ratio: 0.5
    depth_of_discharge: 1.0
