cost_values:
  wind_capex: 5000.0
  wind_opex: 100
  wind_lifetime: 20
  solar_capex: 1000.0
  solar_opex: 10
  solar_lifetime: 20
  carbon_price: 1.0
timeseries_values:
  load_level: 248123.69508581646
  wind_year: 2019
  solar_year: 2013
  price_year: 2023
  carbon_year: 2023
storage_values:
  CAES:
    cost: 38.3177
    lifetime: 23.09
    annual_cost: 1.659493287137289
    efficiency: 0.604608
    discharge_ratio: 0.1
    depth_of_discharge: 0.4
  Li-ion:
    cost: 227.563
    lifetime: 21.6187
    annual_cost: 10.526211104275465
    efficiency: 0.953269
    discharge_ratio: 2
    depth_of_discharge: 0.9
  Pb-acid:
    cost: 160.827
    lifetime: 10.0275
    annual_cost: 16.03859386686612
    efficiency: 0.779576
    discharge_ratio: 5
    depth_of_discharge: 0.5
  VRBF:
    cost: 223.022
    lifetime: 28.0433
    annual_cost: 7.952773033130908
    efficiency: 0.683913
    discharge_ratio: 0.5
    depth_of_discharge: 1.0
