cost_values:
  wind_capex: 5000.0
  wind_opex: 100
  wind_lifetime: 20
  solar_capex: 1000.0
  solar_opex: 10
  solar_lifetime: 20
  carbon_price: 1.0
timeseries_values:
  load_level: 248123.69508581646
  wind_year: 2019
  solar_year: 2013
  price_year: 2023
  carbon_year: 2023
storage_values:
  CAES:
    cost: 41.0267
    lifetime: 22.082
    annual_cost: 1.8579250067928628
    efficiency: 0.612191
    discharge_ratio: 0.1
    depth_of_discharge: 0.4
  Li-ion:
    cost: 246.64
    lifetime: 23.551
    annual_cost: 10.472591397392891
    efficiency: 0.972953
    discharge_ratio: 2
    depth_of_discharge: 0.9
  Pb-acid:
    cost: 134.131
    lifetime: 10.9942
    annual_cost: 12.200160084408143
    efficiency: 0.783633
    discharge_ratio: 5
    depth_of_discharge: 0.5
  VRBF:
    cost: 219.629
    lifetime: 27.488
    annual_cost: 7.989995634458673
    efficiency: 0.673615
    discharge_ratio: 0.5
    depth_of_discharge: 1.0
