cost_values:
  wind_capex: 5000.0
  wind_opex: 100
  wind_lifetime: 20
  solar_capex: 1000.0
  solar_opex: 10
  solar_lifetime: 20
  carbon_price: 1.0
timeseries_values:
  load_level: 248123.69508581646
  wind_year: 2019
  solar_year: 2013
  price_year: 2023
  carbon_year: 2023
storage_values:
  CAES:
    cost: 35.4292
    lifetime: 23.1166
    annual_cost: 1.5326302310893472
    efficiency: 0.609709
    discharge_ratio: 0.1
    depth_of_discharge: 0.4
  Li-ion:
    cost: 213.113
    lifetime: 22.5837
    annual_cost: 9.436584793457229
    efficiency: 0.975649
    discharge_ratio: 2
    depth_of_discharge: 0.9
  Pb-acid:
    cost: 146.827
    lifetime: 7.35553
    annual_cost: 19.961443974805352
    efficiency: 0.787004
    discharge_ratio: 5
    depth_of_discharge: 0.5
  VRBF:
    cost: 246.627
    lifetime: 29.168
    annual_cost: 8.455396324739441
    efficiency: 0.662944
    discharge_ratio: 0.5
    depth_of_discharge: 1.0
