cost_values:
  wind_capex: 5000.0
  wind_opex: 100
  wind_lifetime: 20
  solar_capex: 1000.0
  solar_opex: 10
  solar_lifetime: 20
  carbon_price: 1.0
timeseries_values:
  load_level: 248123.69508581646
  wind_year: 2019
  solar_year: 2013
  price_year: 2023
  carbon_year: 2023
storage_values:
  CAES:
    cost: 36.8169
    lifetime: 22.2205
    annual_cost: 1.6568889088904388
    efficiency: 0.61217
    discharge_ratio: 0.1
    depth_of_discharge: 0.4
  Li-ion:
    cost: 216.967
    lifetime: 22.3307
    annual_cost: 9.71608592654955
    efficiency: 0.960158
    discharge_ratio: 2
    depth_of_discharge: 0.9
  Pb-acid:
    cost: 138.715
    lifetime: 9.50407
    annual_cost: 14.595326002438954
    efficiency: 0.790085
    discharge_ratio: 5
    depth_of_discharge: 0.5
  VRBF:
    cost: 227.606
    lifetime: 29.8506
    annual_cost: 7.6248383617079725
    efficiency: 0.66226
    discharge_ratio: 0.5
    depth_of_discharge: 1.0
