cost_values:
  wind_capex: 5000.0
  wind_opex: 100
  wind_lifetime: 20
  solar_capex: 1000.0
  solar_opex: 10
  solar_lifetime: 20
  carbon_price: 1.0
timeseries_values:
  load_level: 248123.69508581646
  wind_year: 2019
  solar_year: 2013
  price_year: 2023
  carbon_year: 2023
storage_values:
  CAES:
    cost: 39.8929
    lifetime: 22.0604
    annual_cost: 1.8083488966655181
    efficiency: 0.610853
    discharge_ratio: 0.1
    depth_of_discharge: 0.4
  Li-ion:
    cost: 209.476
    lifetime: 24.4201
    annual_cost: 8.578015651041559
    efficiency: 0.974928
    discharge_ratio: 2
    depth_of_discharge: 0.9
  Pb-acid:
    cost: 132.652
    lifetime: 9.87031
    annual_cost: 13.439496834445928
    efficiency: 0.779569
    discharge_ratio: 5
    depth_of_discharge: 0.5
  VRBF:
    cost: 215.011
    lifetime: 28.623
    annual_cost: 7.511826153792405
    efficiency: 0.687094
    discharge_ratio: 0.5
    depth_of_discharge: 1.0
