cost_values:
  wind_capex: 5000.0
  wind_opex: 100
  wind_lifetime: 20
  solar_capex: 1000.0
  solar_opex: 10
  solar_lifetime: 20
  carbon_price: 1.0
timeseries_values:
  load_level: 248123.69508581646
  wind_year: 2019
  solar_year: 2013
  price_year: 2023
  carbon_year: 2023
storage_values:
  CAES:
    cost: 33.0924
    lifetime: 22.3512
    annual_cost: 1.4805648018898314
    efficiency: 0.59739
    discharge_ratio: 0.1
    depth_of_discharge: 0.4
  Li-ion:
    cost: 205.534
    lifetime: 24.3009
    annual_cost: 8.457876045743163
    efficiency: 0.968507
    discharge_ratio: 2
    depth_of_discharge: 0.9
  Pb-acid:
    cost: 149.863
    lifetime: 11.4971
    annual_cost: 13.034852267093441
    efficiency: 0.770557
    discharge_ratio: 5
    depth_of_discharge: 0.5
  VRBF:
    cost: 231.399
    lifetime: 29.4359
    annual_cost: 7.861115168892407
    efficiency: 0.663585
    discharge_ratio: 0.5
    depth_of_discharge: 1.0
