cost_values:
  wind_capex: 5000.0
  wind_opex: 100
  wind_lifetime: 20
  solar_capex: 1000.0
  solar_opex: 10
  solar_lifetime: 20
  carbon_price: 1.0
timeseries_values:
  load_level: 234654.57078171597
  wind_year: 2011
  solar_year: 2010
  price_year: 2023
  carbon_year: 2023
storage_values:
  CAES:
    cost: 47.5575
    lifetime: 22.8321
    annual_cost: 2.0829227272130026
    efficiency: 0.594122
    discharge_ratio: 0.1
    depth_of_discharge: 0.4
  Li-ion:
    cost: 143.807
    lifetime: 24.6081
    annual_cost: 5.843888800841999
    efficiency: 0.866927
    discharge_ratio: 2
    depth_of_discharge: 0.9
  Pb-acid:
    cost: 151.079
    lifetime: 7.44217
    annual_cost: 20.300396255393252
    efficiency: 0.718653
    discharge_ratio: 5
    depth_of_discharge: 0.5
  VRBF:
    cost: 307.694
    lifetime: 20.9349
    annual_cost: 14.697657977826502
    efficiency: 0.722149
    discharge_ratio: 0.5
    depth_of_discharge: 1.0
