cost_values:
  wind_capex: 5000.0
  wind_opex: 100
  wind_lifetime: 20
  solar_capex: 1000.0
  solar_opex: 10
  solar_lifetime: 20
  carbon_price: 1.0
timeseries_values:
  load_level: 234654.57078171597
  wind_year: 2011
  solar_year: 2010
  price_year: 2023
  carbon_year: 2023
storage_values:
  CAES:
    cost: 48.4813
    lifetime: 23.1509
    annual_cost: 2.0941432082554026
    efficiency: 0.585847
    discharge_ratio: 0.1
    depth_of_discharge: 0.4
  Li-ion:
    cost: 119.673
    lifetime: 22.1951
    annual_cost: 5.391865772174939
    efficiency: 0.893669
    discharge_ratio: 2
    depth_of_discharge: 0.9
  Pb-acid:
    cost: 120.256
    lifetime: 7.49684
    annual_cost: 16.040891895785425
    efficiency: 0.726774
    discharge_ratio: 5
    depth_of_discharge: 0.5
  VRBF:
    cost: 297.976
    lifetime: 21.1985
    annual_cost: 14.056466259405147
    efficiency: 0.726942
    discharge_ratio: 0.5
    depth_of_discharge: 1.0
