cost_values:
  wind_capex: 5000.0
  wind_opex: 100
  wind_lifetime: 20
  solar_capex: 1000.0
  solar_opex: 10
  solar_lifetime: 20
  carbon_price: 1.0
timeseries_values:
  load_level: 234654.57078171597
  wind_year: 2011
  solar_year: 2010
  price_year: 2023
  carbon_year: 2023
storage_values:
  CAES:
    cost: 48.4424
    lifetime: 22.9702
    annual_cost: 2.108923735970954
    efficiency: 0.584606
    discharge_ratio: 0.1
    depth_of_discharge: 0.4
  Li-ion:
    cost: 151.392
    lifetime: 20.666
    annual_cost: 7.325655666311816
    efficiency: 0.881362
    discharge_ratio: 2
    depth_of_discharge: 0.9
  Pb-acid:
    cost: 142.086
    lifetime: 6.3911
    annual_cost: 22.23185367151195
    efficiency: 0.707922
    discharge_ratio: 5
    depth_of_discharge: 0.5
  VRBF:
    cost: 335.261
    lifetime: 22.6097
    annual_cost: 14.828193209109365
    efficiency: 0.692624
    discharge_ratio: 0.5
    depth_of_discharge: 1.0
