cost_values:
  wind_capex: 5000.0
  wind_opex: 100
  wind_lifetime: 20
  solar_capex: 1000.0
  solar_opex: 10
  solar_lifetime: 20
  carbon_price: 1.0
timeseries_values:
  load_level: 234654.57078171597
  wind_year: 2011
  solar_year: 2010
  price_year: 2023
  carbon_year: 2023
storage_values:
  CAES:
    cost: 49.3593
    lifetime: 23.1095
    annual_cost: 2.1358878383348836
    efficiency: 0.581035
    discharge_ratio: 0.1
    depth_of_discharge: 0.4
  Li-ion:
    cost: 113.177
    lifetime: 22.4817
    annual_cost: 5.034183358020079
    efficiency: 0.889287
    discharge_ratio: 2
    depth_of_discharge: 0.9
  Pb-acid:
    cost: 126.86
    lifetime: 7.62231
    annual_cost: 16.64324856900336
    efficiency: 0.708307
    discharge_ratio: 5
    depth_of_discharge: 0.5
  VRBF:
    cost: 323.95
    lifetime: 18.9521
    annual_cost: 17.09309258604587
    efficiency: 0.719365
    discharge_ratio: 0.5
    depth_of_discharge: 1.0
