cost_values:
  wind_capex: 5000.0
  wind_opex: 100
  wind_lifetime: 20
  solar_capex: 1000.0
  solar_opex: 10
  solar_lifetime: 20
  carbon_price: 1.0
timeseries_values:
  load_level: 234654.57078171597
  wind_year: 2011
  solar_year: 2010
  price_year: 2023
  carbon_year: 2023
storage_values:
  CAES:
    cost: 53.9083
    lifetime: 22.8381
    annual_cost: 2.3604546788042784
    efficiency: 0.593508
    discharge_ratio: 0.1
    depth_of_discharge: 0.4
  Li-ion:
    cost: 140.552
    lifetime: 23.6976
    annual_cost: 5.931064749172911
    efficiency: 0.879704
    discharge_ratio: 2
    depth_of_discharge: 0.9
  Pb-acid:
    cost: 138.113
    lifetime: 6.81525
    annual_cost: 20.265287406918308
    efficiency: 0.715823
    discharge_ratio: 5
    depth_of_discharge: 0.5
  VRBF:
    cost: 319.211
    lifetime: 20.3137
    annual_cost: 15.71407473773857
    efficiency: 0.723029
    discharge_ratio: 0.5
    depth_of_discharge: 1.0
