cost_values:
  wind_capex: 5000.0
  wind_opex: 100
  wind_lifetime: 20
  solar_capex: 1000.0
  solar_opex: 10
  solar_lifetime: 20
  carbon_price: 1.0
timeseries_values:
  load_level: 234654.57078171597
  wind_year: 2011
  solar_year: 2010
  price_year: 2023
  carbon_year: 2023
storage_values:
  CAES:
    cost: 55.4764
    lifetime: 22.427
    annual_cost: 2.4736433762875105
    efficiency: 0.59166
    discharge_ratio: 0.1
    depth_of_discharge: 0.4
  Li-ion:
    cost: 110.12
    lifetime: 22.4928
    annual_cost: 4.895788874662115
    efficiency: 0.892333
    discharge_ratio: 2
    depth_of_discharge: 0.9
  Pb-acid:
    cost: 151.535
    lifetime: 7.82482
    annual_cost: 19.365940686175527
    efficiency: 0.714907
    discharge_ratio: 5
    depth_of_discharge: 0.5
  VRBF:
    cost: 306.322
    lifetime: 21.3442
    annual_cost: 14.351533437655194
    efficiency: 0.7282
    discharge_ratio: 0.5
    depth_of_discharge: 1.0
