cost_values:
  wind_capex: 5000.0
  wind_opex: 100
  wind_lifetime: 20
  solar_capex: 1000.0
  solar_opex: 10
  solar_lifetime: 20
  carbon_price: 1.0
timeseries_values:
  load_level: 234654.57078171597
  wind_year: 2011
  solar_year: 2010
  price_year: 2023
  carbon_year: 2023
storage_values:
  CAES:
    cost: 56.9006
    lifetime: 24.1382
    annual_cost: 2.3572843045463205
    efficiency: 0.59508
    discharge_ratio: 0.1
    depth_of_discharge: 0.4
  Li-ion:
    cost: 149.129
    lifetime: 23.123
    annual_cost: 6.449379405786446
    efficiency: 0.881879
    discharge_ratio: 2
    depth_of_discharge: 0.9
  Pb-acid:
    cost: 112.834
    lifetime: 7.78493
    annual_cost: 14.493900394737011
    efficiency: 0.715798
    discharge_ratio: 5
    depth_of_discharge: 0.5
  VRBF:
    cost: 319.163
    lifetime: 21.2401
    annual_cost: 15.026435845405624
    efficiency: 0.726181
    discharge_ratio: 0.5
    depth_of_discharge: 1.0
