cost_values:
  wind_capex: 5000.0
  wind_opex: 100
  wind_lifetime: 20
  solar_capex: 1000.0
  solar_opex: 10
  solar_lifetime: 20
  carbon_price: 1.0
timeseries_values:
  load_level: 234654.57078171597
  wind_year: 2011
  solar_year: 2010
  price_year: 2023
  carbon_year: 2023
storage_values:
  CAES:
    cost: 50.777
    lifetime: 22.1675
    annual_cost: 2.2906056163302133
    efficiency: 0.569285
    discharge_ratio: 0.1
    depth_of_discharge: 0.4
  Li-ion:
    cost: 122.134
    lifetime: 22.4438
    annual_cost: 5.4417701102308875
    efficiency: 0.891364
    discharge_ratio: 2
    depth_of_discharge: 0.9
  Pb-acid:
    cost: 132.148
    lifetime: 7.41385
    annual_cost: 17.82447716098923
    efficiency: 0.711152
    discharge_ratio: 5
    depth_of_discharge: 0.5
  VRBF:
    cost: 290.997
    lifetime: 19.8739
    annual_cost: 14.642168874755335
    efficiency: 0.721394
    discharge_ratio: 0.5
    depth_of_discharge: 1.0
