cost_values:
  wind_capex: 5000.0
  wind_opex: 100
  wind_lifetime: 20
  solar_capex: 1000.0
  solar_opex: 10
  solar_lifetime: 20
  carbon_price: 1.0
timeseries_values:
  load_level: 234654.57078171597
  wind_year: 2011
  solar_year: 2010
  price_year: 2023
  carbon_year: 2023
storage_values:
  CAES:
    cost: 56.358
    lifetime: 22.5267
    annual_cost: 2.5018311603563768
    efficiency: 0.588937
    discharge_ratio: 0.1
    depth_of_discharge: 0.4
  Li-ion:
    cost: 114.51
    lifetime: 25.2044
    annual_cost: 4.543254352414658
    efficiency: 0.894983
    discharge_ratio: 2
    depth_of_discharge: 0.9
  Pb-acid:
    cost: 121.098
    lifetime: 8.19773
    annual_cost: 14.772138140680408
    efficiency: 0.70701
    discharge_ratio: 5
    depth_of_discharge: 0.5
  VRBF:
    cost: 310.022
    lifetime: 20.1772
    annual_cost: 15.364966397716234
    efficiency: 0.744787
    discharge_ratio: 0.5
    depth_of_discharge: 1.0
