cost_values:
  wind_capex: 5000.0
  wind_opex: 100
  wind_lifetime: 20
  solar_capex: 1000.0
  solar_opex: 10
  solar_lifetime: 20
  carbon_price: 1.0
timeseries_values:
  load_level: 234654.57078171597
  wind_year: 2011
  solar_year: 2010
  price_year: 2023
  carbon_year: 2023
storage_values:
  CAES:
    cost: 57.8439
    lifetime: 22.4575
    annual_cost: 2.575705220972949
    efficiency: 0.589479
    discharge_ratio: 0.1
    depth_of_discharge: 0.4
  Li-ion:
    cost: 128.405
    lifetime: 24.2731
    annual_cost: 5.290012400558643
    efficiency: 0.886253
    discharge_ratio: 2
    depth_of_discharge: 0.9
  Pb-acid:
    cost: 143.741
    lifetime: 7.41995
    annual_cost: 19.372232966529428
    efficiency: 0.705409
    discharge_ratio: 5
    depth_of_discharge: 0.5
  VRBF:
    cost: 293.343
    lifetime: 20.6526
    annual_cost: 14.203683797681649
    efficiency: 0.728525
    discharge_ratio: 0.5
    depth_of_discharge: 1.0
