cost_values:
  wind_capex: 5000.0
  wind_opex: 100
  wind_lifetime: 20
  solar_capex: 1000.0
  solar_opex: 10
  solar_lifetime: 20
  carbon_price: 1.0
timeseries_values:
  load_level: 234654.57078171597
  wind_year: 2011
  solar_year: 2010
  price_year: 2023
  carbon_year: 2023
storage_values:
  CAES:
    cost: 51.5539
    lifetime: 23.0938
    annual_cost: 2.232369726939698
    efficiency: 0.592631
    discharge_ratio: 0.1
    depth_of_discharge: 0.4
  Li-ion:
    cost: 132.564
    lifetime: 24.3891
    annual_cost: 5.435378919271313
    efficiency: 0.887487
    discharge_ratio: 2
    depth_of_discharge: 0.9
  Pb-acid:
    cost: 119.906
    lifetime: 8.20662
    annual_cost: 14.610887308051307
    efficiency: 0.70094
    discharge_ratio: 5
    depth_of_discharge: 0.5
  VRBF:
    cost: 297.909
    lifetime: 20.5089
    annual_cost: 14.525840001170224
    efficiency: 0.713755
    discharge_ratio: 0.5
    depth_of_discharge: 1.0
