cost_values:
  wind_capex: 5000.0
  wind_opex: 100
  wind_lifetime: 20
  solar_capex: 1000.0
  solar_opex: 10
  solar_lifetime: 20
  carbon_price: 1.0
timeseries_values:
  load_level: 234654.57078171597
  wind_year: 2011
  solar_year: 2010
  price_year: 2023
  carbon_year: 2023
storage_values:
  CAES:
    cost: 50.8417
    lifetime: 23.1592
    annual_cost: 2.1953133096134585
    efficiency: 0.600006
    discharge_ratio: 0.1
    depth_of_discharge: 0.4
  Li-ion:
    cost: 138.305
    lifetime: 20.9562
    annual_cost: 6.5997175060364
    efficiency: 0.893294
    discharge_ratio: 2
    depth_of_discharge: 0.9
  Pb-acid:
    cost: 136.604
    lifetime: 7.08756
    annual_cost: 19.273769816410727
    efficiency: 0.692652
    discharge_ratio: 5
    depth_of_discharge: 0.5
  VRBF:
    cost: 298.854
    lifetime: 20.0265
    annual_cost: 14.922927121563928
    efficiency: 0.754794
    discharge_ratio: 0.5
    depth_of_discharge: 1.0
