cost_values:
  wind_capex: 5000.0
  wind_opex: 100
  wind_lifetime: 20
  solar_capex: 1000.0
  solar_opex: 10
  solar_lifetime: 20
  carbon_price: 1.0
timeseries_values:
  load_level: 234654.57078171597
  wind_year: 2011
  solar_year: 2010
  price_year: 2023
  carbon_year: 2023
storage_values:
  CAES:
    cost: 51.0781
    lifetime: 22.8287
    annual_cost: 2.237451103216565
    efficiency: 0.591603
    discharge_ratio: 0.1
    depth_of_discharge: 0.4
  Li-ion:
    cost: 153.61
    lifetime: 23.9657
    annual_cost: 6.4095770204917875
    efficiency: 0.879116
    discharge_ratio: 2
    depth_of_discharge: 0.9
  Pb-acid:
    cost: 143.0
    lifetime: 8.20012
    annual_cost: 17.438769188743578
    efficiency: 0.716731
    discharge_ratio: 5
    depth_of_discharge: 0.5
  VRBF:
    cost: 296.576
    lifetime: 20.7603
    annual_cost: 14.28572804824593
    efficiency: 0.721119
    discharge_ratio: 0.5
    depth_of_discharge: 1.0
