cost_values:
  wind_capex: 5000.0
  wind_opex: 100
  wind_lifetime: 20
  solar_capex: 1000.0
  solar_opex: 10
  solar_lifetime: 20
  carbon_price: 1.0
timeseries_values:
  load_level: 234654.57078171597
  wind_year: 2011
  solar_year: 2010
  price_year: 2023
  carbon_year: 2023
storage_values:
  CAES:
    cost: 45.2096
    lifetime: 22.1472
    annual_cost: 2.04132350816356
    efficiency: 0.591997
    discharge_ratio: 0.1
    depth_of_discharge: 0.4
  Li-ion:
    cost: 124.826
    lifetime: 24.6744
    annual_cost: 5.058927471387348
    efficiency: 0.890247
    discharge_ratio: 2
    depth_of_discharge: 0.9
  Pb-acid:
    cost: 129.852
    lifetime: 5.35964
    annual_cost: 24.227746639699685
    efficiency: 0.705802
    discharge_ratio: 5
    depth_of_discharge: 0.5
  VRBF:
    cost: 309.279
    lifetime: 23.2787
    annual_cost: 13.285922323841108
    efficiency: 0.726709
    discharge_ratio: 0.5
    depth_of_discharge: 1.0
