cost_values:
  wind_capex: 5000.0
  wind_opex: 100
  wind_lifetime: 20
  solar_capex: 1000.0
  solar_opex: 10
  solar_lifetime: 20
  carbon_price: 1.0
timeseries_values:
  load_level: 234654.57078171597
  wind_year: 2011
  solar_year: 2010
  price_year: 2023
  carbon_year: 2023
storage_values:
  CAES:
    cost: 52.8036
    lifetime: 23.0519
    annual_cost: 2.2906398171083513
    efficiency: 0.596218
    discharge_ratio: 0.1
    depth_of_discharge: 0.4
  Li-ion:
    cost: 143.697
    lifetime: 24.0524
    annual_cost: 5.974331043887513
    efficiency: 0.898443
    discharge_ratio: 2
    depth_of_discharge: 0.9
  Pb-acid:
    cost: 130.599
    lifetime: 5.72076
    annual_cost: 22.82895978855956
    efficiency: 0.712795
    discharge_ratio: 5
    depth_of_discharge: 0.5
  VRBF:
    cost: 320.479
    lifetime: 17.7277
    annual_cost: 18.077866841158187
    efficiency: 0.697209
    discharge_ratio: 0.5
    depth_of_discharge: 1.0
