cost_values:
  wind_capex: 5000.0
  wind_opex: 100
  wind_lifetime: 20
  solar_capex: 1000.0
  solar_opex: 10
  solar_lifetime: 20
  carbon_price: 1.0
timeseries_values:
  load_level: 234654.57078171597
  wind_year: 2011
  solar_year: 2010
  price_year: 2023
  carbon_year: 2023
storage_values:
  CAES:
    cost: 49.538
    lifetime: 22.265
    annual_cost: 2.2249270154951715
    efficiency: 0.595361
    discharge_ratio: 0.1
    depth_of_discharge: 0.4
  Li-ion:
    cost: 136.985
    lifetime: 25.296
    annual_cost: 5.415283048703353
    efficiency: 0.888246
    discharge_ratio: 2
    depth_of_discharge: 0.9
  Pb-acid:
    cost: 152.707
    lifetime: 9.77618
    annual_cost: 15.620313864924745
    efficiency: 0.714368
    discharge_ratio: 5
    depth_of_discharge: 0.5
  VRBF:
    cost: 287.948
    lifetime: 20.534
    annual_cost: 14.022986266679652
    efficiency: 0.710204
    discharge_ratio: 0.5
    depth_of_discharge: 1.0
