cost_values:
  wind_capex: 5000.0
  wind_opex: 100
  wind_lifetime: 20
  solar_capex: 1000.0
  solar_opex: 10
  solar_lifetime: 20
  carbon_price: 1.0
timeseries_values:
  load_level: 234654.57078171597
  wind_year: 2011
  solar_year: 2010
  price_year: 2023
  carbon_year: 2023
storage_values:
  CAES:
    cost: 53.2579
    lifetime: 23.549
    annual_cost: 2.261577986326383
    efficiency: 0.592374
    discharge_ratio: 0.1
    depth_of_discharge: 0.4
  Li-ion:
    cost: 121.854
    lifetime: 23.9831
    annual_cost: 5.080827749540301
    efficiency: 0.888161
    discharge_ratio: 2
    depth_of_discharge: 0.9
  Pb-acid:
    cost: 132.151
    lifetime: 7.75013
    annual_cost: 17.05145591106214
    efficiency: 0.699399
    discharge_ratio: 5
    depth_of_discharge: 0.5
  VRBF:
    cost: 305.682
    lifetime: 19.4197
    annual_cost: 15.740819889081708
    efficiency: 0.706464
    discharge_ratio: 0.5
    depth_of_discharge: 1.0
