cost_values:
  wind_capex: 5000.0
  wind_opex: 100
  wind_lifetime: 20
  solar_capex: 1000.0
  solar_opex: 10
  solar_lifetime: 20
  carbon_price: 1.0
timeseries_values:
  load_level: 234654.57078171597
  wind_year: 2011
  solar_year: 2010
  price_year: 2023
  carbon_year: 2023
storage_values:
  CAES:
    cost: 46.1061
    lifetime: 21.9609
    annual_cost: 2.0994631367566905
    efficiency: 0.590776
    discharge_ratio: 0.1
    depth_of_discharge: 0.4
  Li-ion:
    cost: 140.102
    lifetime: 24.2296
    annual_cost: 5.782266318882689
    efficiency: 0.892573
    discharge_ratio: 2
    depth_of_discharge: 0.9
  Pb-acid:
    cost: 122.965
    lifetime: 9.0472
    annual_cost: 13.591497922009019
    efficiency: 0.702175
    discharge_ratio: 5
    depth_of_discharge: 0.5
  VRBF:
    cost: 310.673
    lifetime: 20.7823
    annual_cost: 14.9489228814905
    efficiency: 0.712634
    discharge_ratio: 0.5
    depth_of_discharge: 1.0
