cost_values:
  wind_capex: 5000.0
  wind_opex: 100
  wind_lifetime: 20
  solar_capex: 1000.0
  solar_opex: 10
  solar_lifetime: 20
  carbon_price: 1.0
timeseries_values:
  load_level: 234654.57078171597
  wind_year: 2011
  solar_year: 2010
  price_year: 2023
  carbon_year: 2023
storage_values:
  CAES:
    cost: 54.913
    lifetime: 22.1583
    annual_cost: 2.4782135813668016
    efficiency: 0.598464
    discharge_ratio: 0.1
    depth_of_discharge: 0.4
  Li-ion:
    cost: 142.96
    lifetime: 22.7035
    annual_cost: 6.296826480498602
    efficiency: 0.893242
    discharge_ratio: 2
    depth_of_discharge: 0.9
  Pb-acid:
    cost: 139.135
    lifetime: 7.76169
    annual_cost: 17.925864083724033
    efficiency: 0.717098
    discharge_ratio: 5
    depth_of_discharge: 0.5
  VRBF:
    cost: 330.035
    lifetime: 21.7416
    annual_cost: 15.179885564999818
    efficiency: 0.730186
    discharge_ratio: 0.5
    depth_of_discharge: 1.0
