cost_values:
  wind_capex: 5000.0
  wind_opex: 100
  wind_lifetime: 20
  solar_capex: 1000.0
  solar_opex: 10
  solar_lifetime: 20
  carbon_price: 1.0
timeseries_values:
  load_level: 234654.57078171597
  wind_year: 2011
  solar_year: 2010
  price_year: 2023
  carbon_year: 2023
storage_values:
  CAES:
    cost: 51.7053
    lifetime: 21.2382
    annual_cost: 2.4345424753510185
    efficiency: 0.593429
    discharge_ratio: 0.1
    depth_of_discharge: 0.4
  Li-ion:
    cost: 139.078
    lifetime: 25.4972
    annual_cost: 5.454638156346579
    efficiency: 0.883669
    discharge_ratio: 2
    depth_of_discharge: 0.9
  Pb-acid:
    cost: 118.057
    lifetime: 7.65368
    annual_cost: 15.424867514711877
    efficiency: 0.71475
    discharge_ratio: 5
    depth_of_discharge: 0.5
  VRBF:
    cost: 343.567
    lifetime: 20.6224
    annual_cost: 16.659894095740555
    efficiency: 0.728019
    discharge_ratio: 0.5
    depth_of_discharge: 1.0
