cost_values:
  wind_capex: 5000.0
  wind_opex: 100
  wind_lifetime: 20
  solar_capex: 1000.0
  solar_opex: 10
  solar_lifetime: 20
  carbon_price: 1.0
timeseries_values:
  load_level: 234654.57078171597
  wind_year: 2011
  solar_year: 2010
  price_year: 2023
  carbon_year: 2023
storage_values:
  CAES:
    cost: 50.0576
    lifetime: 23.4199
    annual_cost: 2.137395975217657
    efficiency: 0.597683
    discharge_ratio: 0.1
    depth_of_discharge: 0.4
  Li-ion:
    cost: 151.825
    lifetime: 22.7146
    annual_cost: 6.684027013462706
    efficiency: 0.900854
    discharge_ratio: 2
    depth_of_discharge: 0.9
  Pb-acid:
    cost: 139.482
    lifetime: 6.7298
    annual_cost: 20.726024547534845
    efficiency: 0.710902
    discharge_ratio: 5
    depth_of_discharge: 0.5
  VRBF:
    cost: 318.257
    lifetime: 21.7592
    annual_cost: 14.626318982315526
    efficiency: 0.719911
    discharge_ratio: 0.5
    depth_of_discharge: 1.0
