cost_values:
  wind_capex: 5000.0
  wind_opex: 100
  wind_lifetime: 20
  solar_capex: 1000.0
  solar_opex: 10
  solar_lifetime: 20
  carbon_price: 1.0
timeseries_values:
  load_level: 234654.57078171597
  wind_year: 2011
  solar_year: 2010
  price_year: 2023
  carbon_year: 2023
storage_values:
  CAES:
    cost: 47.7875
    lifetime: 22.4458
    annual_cost: 2.129017455381408
    efficiency: 0.596995
    discharge_ratio: 0.1
    depth_of_discharge: 0.4
  Li-ion:
    cost: 122.819
    lifetime: 21.994
    annual_cost: 5.58420478312267
    efficiency: 0.887537
    discharge_ratio: 2
    depth_of_discharge: 0.9
  Pb-acid:
    cost: 149.102
    lifetime: 7.11085
    annual_cost: 20.96823867751394
    efficiency: 0.72522
    discharge_ratio: 5
    depth_of_discharge: 0.5
  VRBF:
    cost: 287.397
    lifetime: 19.2999
    annual_cost: 14.891113425458162
    efficiency: 0.716772
    discharge_ratio: 0.5
    depth_of_discharge: 1.0
