cost_values:
  wind_capex: 5000.0
  wind_opex: 100
  wind_lifetime: 20
  solar_capex: 1000.0
  solar_opex: 10
  solar_lifetime: 20
  carbon_price: 1.0
timeseries_values:
  load_level: 234654.57078171597
  wind_year: 2011
  solar_year: 2010
  price_year: 2023
  carbon_year: 2023
storage_values:
  CAES:
    cost: 55.7639
    lifetime: 22.6812
    annual_cost: 2.458595665132356
    efficiency: 0.585133
    discharge_ratio: 0.1
    depth_of_discharge: 0.4
  Li-ion:
    cost: 140.407
    lifetime: 23.9297
    annual_cost: 5.867478489074247
    efficiency: 0.879722
    discharge_ratio: 2
    depth_of_discharge: 0.9
  Pb-acid:
    cost: 142.404
    lifetime: 7.65579
    annual_cost: 18.600823690304985
    efficiency: 0.729958
    discharge_ratio: 5
    depth_of_discharge: 0.5
  VRBF:
    cost: 275.649
    lifetime: 20.9866
    annual_cost: 13.134523934319995
    efficiency: 0.711442
    discharge_ratio: 0.5
    depth_of_discharge: 1.0
