cost_values:
  wind_capex: 5000.0
  wind_opex: 100
  wind_lifetime: 20
  solar_capex: 1000.0
  solar_opex: 10
  solar_lifetime: 20
  carbon_price: 1.0
timeseries_values:
  load_level: 234654.57078171597
  wind_year: 2011
  solar_year: 2010
  price_year: 2023
  carbon_year: 2023
storage_values:
  CAES:
    cost: 54.0756
    lifetime: 22.7665
    annual_cost: 2.375226758614631
    efficiency: 0.585482
    discharge_ratio: 0.1
    depth_of_discharge: 0.4
  Li-ion:
    cost: 138.364
    lifetime: 24.3416
    annual_cost: 5.684260689519177
    efficiency: 0.884667
    discharge_ratio: 2
    depth_of_discharge: 0.9
  Pb-acid:
    cost: 149.868
    lifetime: 7.8596
    annual_cost: 19.068145961626545
    efficiency: 0.702165
    discharge_ratio: 5
    depth_of_discharge: 0.5
  VRBF:
    cost: 326.677
    lifetime: 18.7463
    annual_cost: 17.426212105855555
    efficiency: 0.730677
    discharge_ratio: 0.5
    depth_of_discharge: 1.0
