cost_values:
  wind_capex: 5000.0
  wind_opex: 100
  wind_lifetime: 20
  solar_capex: 1000.0
  solar_opex: 10
  solar_lifetime: 20
  carbon_price: 1.0
timeseries_values:
  load_level: 234654.57078171597
  wind_year: 2011
  solar_year: 2010
  price_year: 2023
  carbon_year: 2023
storage_values:
  CAES:
    cost: 45.4192
    lifetime: 22.4615
    annual_cost: 2.0220911337176943
    efficiency: 0.59397
    discharge_ratio: 0.1
    depth_of_discharge: 0.4
  Li-ion:
    cost: 106.559
    lifetime: 23.7615
    annual_cost: 4.484523283462744
    efficiency: 0.888207
    discharge_ratio: 2
    depth_of_discharge: 0.9
  Pb-acid:
    cost: 145.344
    lifetime: 6.70748
    annual_cost: 21.668942732591077
    efficiency: 0.716526
    discharge_ratio: 5
    depth_of_discharge: 0.5
  VRBF:
    cost: 315.033
    lifetime: 20.4716
    annual_cost: 15.388782508450733
    efficiency: 0.730929
    discharge_ratio: 0.5
    depth_of_discharge: 1.0
