cost_values:
  wind_capex: 5000.0
  wind_opex: 100
  wind_lifetime: 20
  solar_capex: 1000.0
  solar_opex: 10
  solar_lifetime: 20
  carbon_price: 1.0
timeseries_values:
  load_level: 234654.57078171597
  wind_year: 2011
  solar_year: 2010
  price_year: 2023
  carbon_year: 2023
storage_values:
  CAES:
    cost: 55.1165
    lifetime: 22.5856
    annual_cost: 2.440338091527345
    efficiency: 0.598349
    discharge_ratio: 0.1
    depth_of_discharge: 0.4
  Li-ion:
    cost: 132.154
    lifetime: 24.162
    annual_cost: 5.46949755814916
    efficiency: 0.886902
    discharge_ratio: 2
    depth_of_discharge: 0.9
  Pb-acid:
    cost: 144.16
    lifetime: 7.42728
    annual_cost: 19.409528117965124
    efficiency: 0.724449
    discharge_ratio: 5
    depth_of_discharge: 0.5
  VRBF:
    cost: 323.343
    lifetime: 19.787
    annual_cost: 16.341183605397486
    efficiency: 0.720241
    discharge_ratio: 0.5
    depth_of_discharge: 1.0
