cost_values:
  wind_capex: 5000.0
  wind_opex: 100
  wind_lifetime: 20
  solar_capex: 1000.0
  solar_opex: 10
  solar_lifetime: 20
  carbon_price: 1.0
timeseries_values:
  load_level: 234654.57078171597
  wind_year: 2011
  solar_year: 2010
  price_year: 2023
  carbon_year: 2023
storage_values:
  CAES:
    cost: 50.1621
    lifetime: 22.2667
    annual_cost: 2.252785549722231
    efficiency: 0.600255
    discharge_ratio: 0.1
    depth_of_discharge: 0.4
  Li-ion:
    cost: 132.744
    lifetime: 24.2221
    annual_cost: 5.480284533545811
    efficiency: 0.872823
    discharge_ratio: 2
    depth_of_discharge: 0.9
  Pb-acid:
    cost: 138.121
    lifetime: 7.79273
    annual_cost: 17.724340507113684
    efficiency: 0.708051
    discharge_ratio: 5
    depth_of_discharge: 0.5
  VRBF:
    cost: 319.76
    lifetime: 20.4988
    annual_cost: 15.598961890452124
    efficiency: 0.721574
    discharge_ratio: 0.5
    depth_of_discharge: 1.0
