cost_values:
  wind_capex: 5000.0
  wind_opex: 100
  wind_lifetime: 20
  solar_capex: 1000.0
  solar_opex: 10
  solar_lifetime: 20
  carbon_price: 1.0
timeseries_values:
  load_level: 234654.57078171597
  wind_year: 2011
  solar_year: 2010
  price_year: 2023
  carbon_year: 2023
storage_values:
  CAES:
    cost: 51.236
    lifetime: 21.7844
    annual_cost: 2.35195828207341
    efficiency: 0.585707
    discharge_ratio: 0.1
    depth_of_discharge: 0.4
  Li-ion:
    cost: 120.146
    lifetime: 23.4363
    annual_cost: 5.126491809713991
    efficiency: 0.877406
    discharge_ratio: 2
    depth_of_discharge: 0.9
  Pb-acid:
    cost: 129.977
    lifetime: 7.447
    annual_cost: 17.453605478716263
    efficiency: 0.718108
    discharge_ratio: 5
    depth_of_discharge: 0.5
  VRBF:
    cost: 283.392
    lifetime: 18.2911
    annual_cost: 15.493436698722329
    efficiency: 0.713157
    discharge_ratio: 0.5
    depth_of_discharge: 1.0
