cost_values:
  wind_capex: 5000.0
  wind_opex: 100
  wind_lifetime: 20
  solar_capex: 1000.0
  solar_opex: 10
  solar_lifetime: 20
  carbon_price: 1.0
timeseries_values:
  load_level: 234654.57078171597
  wind_year: 2011
  solar_year: 2010
  price_year: 2023
  carbon_year: 2023
storage_values:
  CAES:
    cost: 57.857
    lifetime: 22.7711
    annual_cost: 2.5408083052641284
    efficiency: 0.585837
    discharge_ratio: 0.1
    depth_of_discharge: 0.4
  Li-ion:
    cost: 123.821
    lifetime: 24.6542
    annual_cost: 5.022308572170259
    efficiency: 0.894311
    discharge_ratio: 2
    depth_of_discharge: 0.9
  Pb-acid:
    cost: 136.42
    lifetime: 6.88344
    annual_cost: 19.818579082551746
    efficiency: 0.717686
    discharge_ratio: 5
    depth_of_discharge: 0.5
  VRBF:
    cost: 273.939
    lifetime: 18.5723
    annual_cost: 14.74986942920371
    efficiency: 0.720656
    discharge_ratio: 0.5
    depth_of_discharge: 1.0
