cost_values:
  wind_capex: 5000.0
  wind_opex: 100
  wind_lifetime: 20
  solar_capex: 1000.0
  solar_opex: 10
  solar_lifetime: 20
  carbon_price: 1.0
timeseries_values:
  load_level: 234654.57078171597
  wind_year: 2011
  solar_year: 2010
  price_year: 2023
  carbon_year: 2023
storage_values:
  CAES:
    cost: 55.0455
    lifetime: 22.2885
    annual_cost: 2.469681674406084
    efficiency: 0.593935
    discharge_ratio: 0.1
    depth_of_discharge: 0.4
  Li-ion:
    cost: 140.038
    lifetime: 21.9893
    annual_cost: 6.368461024225419
    efficiency: 0.888746
    discharge_ratio: 2
    depth_of_discharge: 0.9
  Pb-acid:
    cost: 130.694
    lifetime: 7.32125
    annual_cost: 17.85132320300495
    efficiency: 0.72445
    discharge_ratio: 5
    depth_of_discharge: 0.5
  VRBF:
    cost: 302.915
    lifetime: 22.7158
    annual_cost: 13.334991503711073
    efficiency: 0.723749
    discharge_ratio: 0.5
    depth_of_discharge: 1.0
