cost_values:
  wind_capex: 5000.0
  wind_opex: 100
  wind_lifetime: 20
  solar_capex: 1000.0
  solar_opex: 10
  solar_lifetime: 20
  carbon_price: 1.0
timeseries_values:
  load_level: 234654.57078171597
  wind_year: 2011
  solar_year: 2010
  price_year: 2023
  carbon_year: 2023
storage_values:
  CAES:
    cost: 49.1501
    lifetime: 22.909
    annual_cost: 2.1454493867039157
    efficiency: 0.592722
    discharge_ratio: 0.1
    depth_of_discharge: 0.4
  Li-ion:
    cost: 140.748
    lifetime: 24.2199
    annual_cost: 5.811254381727422
    efficiency: 0.892396
    discharge_ratio: 2
    depth_of_discharge: 0.9
  Pb-acid:
    cost: 133.961
    lifetime: 8.63662
    annual_cost: 15.510813257964342
    efficiency: 0.706206
    discharge_ratio: 5
    depth_of_discharge: 0.5
  VRBF:
    cost: 323.189
    lifetime: 19.5755
    annual_cost: 16.50987203391995
    efficiency: 0.734135
    discharge_ratio: 0.5
    depth_of_discharge: 1.0
