cost_values:
  wind_capex: 5000.0
  wind_opex: 100
  wind_lifetime: 20
  solar_capex: 1000.0
  solar_opex: 10
  solar_lifetime: 20
  carbon_price: 1.0
timeseries_values:
  load_level: 234654.57078171597
  wind_year: 2011
  solar_year: 2010
  price_year: 2023
  carbon_year: 2023
storage_values:
  CAES:
    cost: 49.033
    lifetime: 22.822
    annual_cost: 2.1484970642362633
    efficiency: 0.584487
    discharge_ratio: 0.1
    depth_of_discharge: 0.4
  Li-ion:
    cost: 123.619
    lifetime: 21.3686
    annual_cost: 5.785077169304493
    efficiency: 0.899209
    discharge_ratio: 2
    depth_of_discharge: 0.9
  Pb-acid:
    cost: 133.183
    lifetime: 7.86713
    annual_cost: 16.92904528080761
    efficiency: 0.719073
    discharge_ratio: 5
    depth_of_discharge: 0.5
  VRBF:
    cost: 266.131
    lifetime: 19.6439
    annual_cost: 13.5477680094075
    efficiency: 0.717788
    discharge_ratio: 0.5
    depth_of_discharge: 1.0
