cost_values:
  wind_capex: 5000.0
  wind_opex: 100
  wind_lifetime: 20
  solar_capex: 1000.0
  solar_opex: 10
  solar_lifetime: 20
  carbon_price: 1.0
timeseries_values:
  load_level: 234654.57078171597
  wind_year: 2011
  solar_year: 2010
  price_year: 2023
  carbon_year: 2023
storage_values:
  CAES:
    cost: 46.4778
    lifetime: 22.6229
    annual_cost: 2.0544580933478906
    efficiency: 0.590014
    discharge_ratio: 0.1
    depth_of_discharge: 0.4
  Li-ion:
    cost: 121.006
    lifetime: 23.4365
    annual_cost: 5.163142960766327
    efficiency: 0.872207
    discharge_ratio: 2
    depth_of_discharge: 0.9
  Pb-acid:
    cost: 138.391
    lifetime: 8.69927
    annual_cost: 15.908346332508359
    efficiency: 0.713223
    discharge_ratio: 5
    depth_of_discharge: 0.5
  VRBF:
    cost: 286.84
    lifetime: 21.864
    annual_cost: 13.119282839370653
    efficiency: 0.724773
    discharge_ratio: 0.5
    depth_of_discharge: 1.0
