cost_values:
  wind_capex: 5000.0
  wind_opex: 100
  wind_lifetime: 20
  solar_capex: 1000.0
  solar_opex: 10
  solar_lifetime: 20
  carbon_price: 1.0
timeseries_values:
  load_level: 234654.57078171597
  wind_year: 2011
  solar_year: 2010
  price_year: 2023
  carbon_year: 2023
storage_values:
  CAES:
    cost: 56.8613
    lifetime: 22.4876
    annual_cost: 2.528562407726925
    efficiency: 0.589178
    discharge_ratio: 0.1
    depth_of_discharge: 0.4
  Li-ion:
    cost: 126.075
    lifetime: 23.4921
    annual_cost: 5.3666977409426995
    efficiency: 0.900459
    discharge_ratio: 2
    depth_of_discharge: 0.9
  Pb-acid:
    cost: 141.756
    lifetime: 7.25433
    annual_cost: 19.540881101356018
    efficiency: 0.718026
    discharge_ratio: 5
    depth_of_discharge: 0.5
  VRBF:
    cost: 305.478
    lifetime: 19.6346
    annual_cost: 15.558147352123294
    efficiency: 0.735547
    discharge_ratio: 0.5
    depth_of_discharge: 1.0
