cost_values:
  wind_capex: 5000.0
  wind_opex: 100
  wind_lifetime: 20
  solar_capex: 1000.0
  solar_opex: 10
  solar_lifetime: 20
  carbon_price: 1.0
timeseries_values:
  load_level: 234654.57078171597
  wind_year: 2011
  solar_year: 2010
  price_year: 2023
  carbon_year: 2023
storage_values:
  CAES:
    cost: 50.7966
    lifetime: 22.539
    annual_cost: 2.2537202182883
    efficiency: 0.588727
    discharge_ratio: 0.1
    depth_of_discharge: 0.4
  Li-ion:
    cost: 133.013
    lifetime: 24.1912
    annual_cost: 5.498404378451669
    efficiency: 0.88801
    discharge_ratio: 2
    depth_of_discharge: 0.9
  Pb-acid:
    cost: 147.606
    lifetime: 6.2253
    annual_cost: 23.710664546286925
    efficiency: 0.723548
    discharge_ratio: 5
    depth_of_discharge: 0.5
  VRBF:
    cost: 327.842
    lifetime: 20.1145
    annual_cost: 16.29878943051033
    efficiency: 0.730778
    discharge_ratio: 0.5
    depth_of_discharge: 1.0
