cost_values:
  wind_capex: 5000.0
  wind_opex: 100
  wind_lifetime: 20
  solar_capex: 1000.0
  solar_opex: 10
  solar_lifetime: 20
  carbon_price: 1.0
timeseries_values:
  load_level: 234654.57078171597
  wind_year: 2011
  solar_year: 2010
  price_year: 2023
  carbon_year: 2023
storage_values:
  CAES:
    cost: 48.1371
    lifetime: 23.7418
    annual_cost: 2.0275252929432477
    efficiency: 0.586253
    discharge_ratio: 0.1
    depth_of_discharge: 0.4
  Li-ion:
    cost: 162.487
    lifetime: 24.0411
    annual_cost: 6.758717363182217
    efficiency: 0.887669
    discharge_ratio: 2
    depth_of_discharge: 0.9
  Pb-acid:
    cost: 128.348
    lifetime: 6.40567
    annual_cost: 20.036623803599003
    efficiency: 0.707458
    discharge_ratio: 5
    depth_of_discharge: 0.5
  VRBF:
    cost: 302.155
    lifetime: 20.073
    annual_cost: 15.052807253524634
    efficiency: 0.727242
    discharge_ratio: 0.5
    depth_of_discharge: 1.0
