cost_values:
  wind_capex: 5000.0
  wind_opex: 100
  wind_lifetime: 20
  solar_capex: 1000.0
  solar_opex: 10
  solar_lifetime: 20
  carbon_price: 1.0
timeseries_values:
  load_level: 234654.57078171597
  wind_year: 2011
  solar_year: 2010
  price_year: 2023
  carbon_year: 2023
storage_values:
  CAES:
    cost: 46.8999
    lifetime: 23.1311
    annual_cost: 2.0275689439758593
    efficiency: 0.596609
    discharge_ratio: 0.1
    depth_of_discharge: 0.4
  Li-ion:
    cost: 137.703
    lifetime: 22.339
    annual_cost: 6.164241908769418
    efficiency: 0.884727
    discharge_ratio: 2
    depth_of_discharge: 0.9
  Pb-acid:
    cost: 112.778
    lifetime: 7.20413
    annual_cost: 15.654631440576448
    efficiency: 0.716517
    discharge_ratio: 5
    depth_of_discharge: 0.5
  VRBF:
    cost: 313.804
    lifetime: 19.5295
    annual_cost: 16.068204511124197
    efficiency: 0.719148
    discharge_ratio: 0.5
    depth_of_discharge: 1.0
