cost_values:
  wind_capex: 5000.0
  wind_opex: 100
  wind_lifetime: 20
  solar_capex: 1000.0
  solar_opex: 10
  solar_lifetime: 20
  carbon_price: 1.0
timeseries_values:
  load_level: 234654.57078171597
  wind_year: 2011
  solar_year: 2010
  price_year: 2023
  carbon_year: 2023
storage_values:
  CAES:
    cost: 52.3726
    lifetime: 22.3604
    annual_cost: 2.342203180622887
    efficiency: 0.593604
    discharge_ratio: 0.1
    depth_of_discharge: 0.4
  Li-ion:
    cost: 154.877
    lifetime: 25.7316
    annual_cost: 6.018941690372927
    efficiency: 0.894294
    discharge_ratio: 2
    depth_of_discharge: 0.9
  Pb-acid:
    cost: 125.509
    lifetime: 7.15865
    annual_cost: 17.532495652113177
    efficiency: 0.706504
    discharge_ratio: 5
    depth_of_discharge: 0.5
  VRBF:
    cost: 288.863
    lifetime: 18.7821
    annual_cost: 15.37969662604288
    efficiency: 0.715355
    discharge_ratio: 0.5
    depth_of_discharge: 1.0
