cost_values:
  wind_capex: 5000.0
  wind_opex: 100
  wind_lifetime: 20
  solar_capex: 1000.0
  solar_opex: 10
  solar_lifetime: 20
  carbon_price: 1.0
timeseries_values:
  load_level: 244935.6241813471
  wind_year: 2017
  solar_year: 2013
  price_year: 2023
  carbon_year: 2023
storage_values:
  CAES:
    cost: 48.0477
    lifetime: 24.7861
    annual_cost: 1.9384937525467902
    efficiency: 0.620125
    discharge_ratio: 0.1
    depth_of_discharge: 0.4
  Li-ion:
    cost: 188.792
    lifetime: 18.2192
    annual_cost: 10.362255203302011
    efficiency: 0.913269
    discharge_ratio: 2
    depth_of_discharge: 0.9
  Pb-acid:
    cost: 142.636
    lifetime: 5.32358
    annual_cost: 26.79324815255899
    efficiency: 0.718308
    discharge_ratio: 5
    depth_of_discharge: 0.5
  VRBF:
    cost: 280.231
    lifetime: 17.4375
    annual_cost: 16.070594982078852
    efficiency: 0.811436
    discharge_ratio: 0.5
    depth_of_discharge: 1.0
