cost_values:
  wind_capex: 5000.0
  wind_opex: 100
  wind_lifetime: 20
  solar_capex: 1000.0
  solar_opex: 10
  solar_lifetime: 20
  carbon_price: 1.0
timeseries_values:
  load_level: 244935.6241813471
  wind_year: 2017
  solar_year: 2013
  price_year: 2023
  carbon_year: 2023
storage_values:
  CAES:
    cost: 51.0844
    lifetime: 24.9357
    annual_cost: 2.048645115236388
    efficiency: 0.623896
    discharge_ratio: 0.1
    depth_of_discharge: 0.4
  Li-ion:
    cost: 168.734
    lifetime: 19.883
    annual_cost: 8.486345118945835
    efficiency: 0.922097
    discharge_ratio: 2
    depth_of_discharge: 0.9
  Pb-acid:
    cost: 119.462
    lifetime: 7.61621
    annual_cost: 15.685229267575343
    efficiency: 0.719992
    discharge_ratio: 5
    depth_of_discharge: 0.5
  VRBF:
    cost: 267.056
    lifetime: 18.887
    annual_cost: 14.139672790808492
    efficiency: 0.806355
    discharge_ratio: 0.5
    depth_of_discharge: 1.0
