cost_values:
  wind_capex: 5000.0
  wind_opex: 100
  wind_lifetime: 20
  solar_capex: 1000.0
  solar_opex: 10
  solar_lifetime: 20
  carbon_price: 1.0
timeseries_values:
  load_level: 244935.6241813471
  wind_year: 2017
  solar_year: 2013
  price_year: 2023
  carbon_year: 2023
storage_values:
  CAES:
    cost: 57.1906
    lifetime: 26.5258
    annual_cost: 2.1560367642069234
    efficiency: 0.622277
    discharge_ratio: 0.1
    depth_of_discharge: 0.4
  Li-ion:
    cost: 184.852
    lifetime: 20.2225
    annual_cost: 9.140907405118062
    efficiency: 0.905167
    discharge_ratio: 2
    depth_of_discharge: 0.9
  Pb-acid:
    cost: 134.316
    lifetime: 7.03548
    annual_cost: 19.091234713196542
    efficiency: 0.725539
    discharge_ratio: 5
    depth_of_discharge: 0.5
  VRBF:
    cost: 256.205
    lifetime: 20.5488
    annual_cost: 12.468124659347504
    efficiency: 0.80852
    discharge_ratio: 0.5
    depth_of_discharge: 1.0
