cost_values:
  wind_capex: 5000.0
  wind_opex: 100
  wind_lifetime: 20
  solar_capex: 1000.0
  solar_opex: 10
  solar_lifetime: 20
  carbon_price: 1.0
timeseries_values:
  load_level: 244935.6241813471
  wind_year: 2017
  solar_year: 2013
  price_year: 2023
  carbon_year: 2023
storage_values:
  CAES:
    cost: 53.9482
    lifetime: 25.2394
    annual_cost: 2.1374596860464194
    efficiency: 0.62426
    discharge_ratio: 0.1
    depth_of_discharge: 0.4
  Li-ion:
    cost: 180.84
    lifetime: 17.3598
    annual_cost: 10.417170704731621
    efficiency: 0.918826
    discharge_ratio: 2
    depth_of_discharge: 0.9
  Pb-acid:
    cost: 159.464
    lifetime: 6.72621
    annual_cost: 23.70785330817801
    efficiency: 0.721675
    discharge_ratio: 5
    depth_of_discharge: 0.5
  VRBF:
    cost: 274.778
    lifetime: 19.3608
    annual_cost: 14.192492045783233
    efficiency: 0.802927
    discharge_ratio: 0.5
    depth_of_discharge: 1.0
