cost_values:
  wind_capex: 5000.0
  wind_opex: 100
  wind_lifetime: 20
  solar_capex: 1000.0
  solar_opex: 10
  solar_lifetime: 20
  carbon_price: 1.0
timeseries_values:
  load_level: 244935.6241813471
  wind_year: 2017
  solar_year: 2013
  price_year: 2023
  carbon_year: 2023
storage_values:
  CAES:
    cost: 56.9215
    lifetime: 26.4047
    annual_cost: 2.15573363832954
    efficiency: 0.624718
    discharge_ratio: 0.1
    depth_of_discharge: 0.4
  Li-ion:
    cost: 179.259
    lifetime: 21.7692
    annual_cost: 8.234524006394354
    efficiency: 0.922989
    discharge_ratio: 2
    depth_of_discharge: 0.9
  Pb-acid:
    cost: 159.223
    lifetime: 6.11719
    annual_cost: 26.028781188748432
    efficiency: 0.715534
    discharge_ratio: 5
    depth_of_discharge: 0.5
  VRBF:
    cost: 274.667
    lifetime: 21.6942
    annual_cost: 12.660849443630095
    efficiency: 0.79973
    discharge_ratio: 0.5
    depth_of_discharge: 1.0
