cost_values:
  wind_capex: 5000.0
  wind_opex: 100
  wind_lifetime: 20
  solar_capex: 1000.0
  solar_opex: 10
  solar_lifetime: 20
  carbon_price: 1.0
timeseries_values:
  load_level: 244935.6241813471
  wind_year: 2017
  solar_year: 2013
  price_year: 2023
  carbon_year: 2023
storage_values:
  CAES:
    cost: 55.2025
    lifetime: 25.8978
    annual_cost: 2.131551714817475
    efficiency: 0.617012
    discharge_ratio: 0.1
    depth_of_discharge: 0.4
  Li-ion:
    cost: 197.698
    lifetime: 19.3619
    annual_cost: 10.210671473357472
    efficiency: 0.917959
    discharge_ratio: 2
    depth_of_discharge: 0.9
  Pb-acid:
    cost: 160.38
    lifetime: 7.28744
    annual_cost: 22.00772836551656
    efficiency: 0.691398
    discharge_ratio: 5
    depth_of_discharge: 0.5
  VRBF:
    cost: 275.411
    lifetime: 19.0092
    annual_cost: 14.488300401910655
    efficiency: 0.810157
    discharge_ratio: 0.5
    depth_of_discharge: 1.0
