cost_values:
  wind_capex: 5000.0
  wind_opex: 100
  wind_lifetime: 20
  solar_capex: 1000.0
  solar_opex: 10
  solar_lifetime: 20
  carbon_price: 1.0
timeseries_values:
  load_level: 244935.6241813471
  wind_year: 2017
  solar_year: 2013
  price_year: 2023
  carbon_year: 2023
storage_values:
  CAES:
    cost: 59.2346
    lifetime: 24.2438
    annual_cost: 2.4432885933723263
    efficiency: 0.637573
    discharge_ratio: 0.1
    depth_of_discharge: 0.4
  Li-ion:
    cost: 178.786
    lifetime: 20.2371
    annual_cost: 8.834566217491636
    efficiency: 0.905303
    discharge_ratio: 2
    depth_of_discharge: 0.9
  Pb-acid:
    cost: 136.922
    lifetime: 6.04553
    annual_cost: 22.648469199557358
    efficiency: 0.70456
    discharge_ratio: 5
    depth_of_discharge: 0.5
  VRBF:
    cost: 276.928
    lifetime: 18.0634
    annual_cost: 15.330890087137526
    efficiency: 0.824727
    discharge_ratio: 0.5
    depth_of_discharge: 1.0
