cost_values:
  wind_capex: 5000.0
  wind_opex: 100
  wind_lifetime: 20
  solar_capex: 1000.0
  solar_opex: 10
  solar_lifetime: 20
  carbon_price: 1.0
timeseries_values:
  load_level: 244935.6241813471
  wind_year: 2017
  solar_year: 2013
  price_year: 2023
  carbon_year: 2023
storage_values:
  CAES:
    cost: 53.5689
    lifetime: 25.6959
    annual_cost: 2.084725578788834
    efficiency: 0.620365
    discharge_ratio: 0.1
    depth_of_discharge: 0.4
  Li-ion:
    cost: 194.597
    lifetime: 19.0201
    annual_cost: 10.231123916278044
    efficiency: 0.926917
    discharge_ratio: 2
    depth_of_discharge: 0.9
  Pb-acid:
    cost: 165.571
    lifetime: 6.95387
    annual_cost: 23.809907289034737
    efficiency: 0.729844
    discharge_ratio: 5
    depth_of_discharge: 0.5
  VRBF:
    cost: 233.921
    lifetime: 20.0821
    annual_cost: 11.64823399943233
    efficiency: 0.798813
    discharge_ratio: 0.5
    depth_of_discharge: 1.0
