cost_values:
  wind_capex: 5000.0
  wind_opex: 100
  wind_lifetime: 20
  solar_capex: 1000.0
  solar_opex: 10
  solar_lifetime: 20
  carbon_price: 1.0
timeseries_values:
  load_level: 244935.6241813471
  wind_year: 2017
  solar_year: 2013
  price_year: 2023
  carbon_year: 2023
storage_values:
  CAES:
    cost: 61.6505
    lifetime: 25.6535
    annual_cost: 2.4032003430331144
    efficiency: 0.630372
    discharge_ratio: 0.1
    depth_of_discharge: 0.4
  Li-ion:
    cost: 194.316
    lifetime: 18.479
    annual_cost: 10.515504085718925
    efficiency: 0.91338
    discharge_ratio: 2
    depth_of_discharge: 0.9
  Pb-acid:
    cost: 121.044
    lifetime: 6.47101
    annual_cost: 18.705580736237465
    efficiency: 0.714883
    discharge_ratio: 5
    depth_of_discharge: 0.5
  VRBF:
    cost: 257.198
    lifetime: 20.3729
    annual_cost: 12.62451590102538
    efficiency: 0.798708
    discharge_ratio: 0.5
    depth_of_discharge: 1.0
