cost_values:
  wind_capex: 5000.0
  wind_opex: 100
  wind_lifetime: 20
  solar_capex: 1000.0
  solar_opex: 10
  solar_lifetime: 20
  carbon_price: 1.0
timeseries_values:
  load_level: 244935.6241813471
  wind_year: 2017
  solar_year: 2013
  price_year: 2023
  carbon_year: 2023
storage_values:
  CAES:
    cost: 54.4353
    lifetime: 25.5836
    annual_cost: 2.1277419909629605
    efficiency: 0.614303
    discharge_ratio: 0.1
    depth_of_discharge: 0.4
  Li-ion:
    cost: 176.143
    lifetime: 19.4675
    annual_cost: 9.048054449723898
    efficiency: 0.908771
    discharge_ratio: 2
    depth_of_discharge: 0.9
  Pb-acid:
    cost: 141.288
    lifetime: 5.93962
    annual_cost: 23.787380337462668
    efficiency: 0.711434
    discharge_ratio: 5
    depth_of_discharge: 0.5
  VRBF:
    cost: 281.259
    lifetime: 19.2351
    annual_cost: 14.622175086170596
    efficiency: 0.819247
    discharge_ratio: 0.5
    depth_of_discharge: 1.0
