cost_values:
  wind_capex: 5000.0
  wind_opex: 100
  wind_lifetime: 20
  solar_capex: 1000.0
  solar_opex: 10
  solar_lifetime: 20
  carbon_price: 1.0
timeseries_values:
  load_level: 244935.6241813471
  wind_year: 2017
  solar_year: 2013
  price_year: 2023
  carbon_year: 2023
storage_values:
  CAES:
    cost: 51.3059
    lifetime: 26.3257
    annual_cost: 1.9488902479326284
    efficiency: 0.62366
    discharge_ratio: 0.1
    depth_of_discharge: 0.4
  Li-ion:
    cost: 189.298
    lifetime: 23.1425
    annual_cost: 8.1796694393432
    efficiency: 0.921677
    discharge_ratio: 2
    depth_of_discharge: 0.9
  Pb-acid:
    cost: 138.208
    lifetime: 7.09056
    annual_cost: 19.491831392724976
    efficiency: 0.742152
    discharge_ratio: 5
    depth_of_discharge: 0.5
  VRBF:
    cost: 282.208
    lifetime: 18.5797
    annual_cost: 15.189050415238139
    efficiency: 0.811616
    discharge_ratio: 0.5
    depth_of_discharge: 1.0
