cost_values:
  wind_capex: 5000.0
  wind_opex: 100
  wind_lifetime: 20
  solar_capex: 1000.0
  solar_opex: 10
  solar_lifetime: 20
  carbon_price: 1.0
timeseries_values:
  load_level: 244935.6241813471
  wind_year: 2017
  solar_year: 2013
  price_year: 2023
  carbon_year: 2023
storage_values:
  CAES:
    cost: 52.7222
    lifetime: 25.4816
    annual_cost: 2.069030202185106
    efficiency: 0.631608
    discharge_ratio: 0.1
    depth_of_discharge: 0.4
  Li-ion:
    cost: 192.513
    lifetime: 18.3567
    annual_cost: 10.487342496200299
    efficiency: 0.903273
    discharge_ratio: 2
    depth_of_discharge: 0.9
  Pb-acid:
    cost: 133.018
    lifetime: 6.54611
    annual_cost: 20.320159606239432
    efficiency: 0.716753
    discharge_ratio: 5
    depth_of_discharge: 0.5
  VRBF:
    cost: 265.348
    lifetime: 20.7897
    annual_cost: 12.763435739813467
    efficiency: 0.803158
    discharge_ratio: 0.5
    depth_of_discharge: 1.0
