cost_values:
  wind_capex: 5000.0
  wind_opex: 100
  wind_lifetime: 20
  solar_capex: 1000.0
  solar_opex: 10
  solar_lifetime: 20
  carbon_price: 1.0
timeseries_values:
  load_level: 244935.6241813471
  wind_year: 2017
  solar_year: 2013
  price_year: 2023
  carbon_year: 2023
storage_values:
  CAES:
    cost: 60.4065
    lifetime: 26.2037
    annual_cost: 2.3052660502142825
    efficiency: 0.62219
    discharge_ratio: 0.1
    depth_of_discharge: 0.4
  Li-ion:
    cost: 191.31
    lifetime: 18.6662
    annual_cost: 10.249006225155629
    efficiency: 0.904858
    discharge_ratio: 2
    depth_of_discharge: 0.9
  Pb-acid:
    cost: 147.519
    lifetime: 6.44426
    annual_cost: 22.891534481848964
    efficiency: 0.707244
    discharge_ratio: 5
    depth_of_discharge: 0.5
  VRBF:
    cost: 251.398
    lifetime: 18.6948
    annual_cost: 13.44748272246828
    efficiency: 0.800277
    discharge_ratio: 0.5
    depth_of_discharge: 1.0
