cost_values:
  wind_capex: 5000.0
  wind_opex: 100
  wind_lifetime: 20
  solar_capex: 1000.0
  solar_opex: 10
  solar_lifetime: 20
  carbon_price: 1.0
timeseries_values:
  load_level: 244935.6241813471
  wind_year: 2017
  solar_year: 2013
  price_year: 2023
  carbon_year: 2023
storage_values:
  CAES:
    cost: 57.3763
    lifetime: 24.1857
    annual_cost: 2.372323315016725
    efficiency: 0.621671
    discharge_ratio: 0.1
    depth_of_discharge: 0.4
  Li-ion:
    cost: 194.627
    lifetime: 22.7758
    annual_cost: 8.545341985791937
    efficiency: 0.921297
    discharge_ratio: 2
    depth_of_discharge: 0.9
  Pb-acid:
    cost: 152.972
    lifetime: 6.40437
    annual_cost: 23.88556563721334
    efficiency: 0.731423
    discharge_ratio: 5
    depth_of_discharge: 0.5
  VRBF:
    cost: 262.319
    lifetime: 18.211
    annual_cost: 14.404425896436223
    efficiency: 0.79218
    discharge_ratio: 0.5
    depth_of_discharge: 1.0
