cost_values:
  wind_capex: 5000.0
  wind_opex: 100
  wind_lifetime: 20
  solar_capex: 1000.0
  solar_opex: 10
  solar_lifetime: 20
  carbon_price: 1.0
timeseries_values:
  load_level: 244935.6241813471
  wind_year: 2017
  solar_year: 2013
  price_year: 2023
  carbon_year: 2023
storage_values:
  CAES:
    cost: 57.1743
    lifetime: 25.2519
    annual_cost: 2.2641583405605124
    efficiency: 0.62128
    discharge_ratio: 0.1
    depth_of_discharge: 0.4
  Li-ion:
    cost: 177.943
    lifetime: 17.5332
    annual_cost: 10.148917482262222
    efficiency: 0.915359
    discharge_ratio: 2
    depth_of_discharge: 0.9
  Pb-acid:
    cost: 140.117
    lifetime: 5.92347
    annual_cost: 23.65454708135603
    efficiency: 0.732144
    discharge_ratio: 5
    depth_of_discharge: 0.5
  VRBF:
    cost: 304.655
    lifetime: 20.6802
    annual_cost: 14.731724064564172
    efficiency: 0.819838
    discharge_ratio: 0.5
    depth_of_discharge: 1.0
