cost_values:
  wind_capex: 5000.0
  wind_opex: 100
  wind_lifetime: 20
  solar_capex: 1000.0
  solar_opex: 10
  solar_lifetime: 20
  carbon_price: 1.0
timeseries_values:
  load_level: 244935.6241813471
  wind_year: 2017
  solar_year: 2013
  price_year: 2023
  carbon_year: 2023
storage_values:
  CAES:
    cost: 56.9529
    lifetime: 24.9951
    annual_cost: 2.2785625982692608
    efficiency: 0.623717
    discharge_ratio: 0.1
    depth_of_discharge: 0.4
  Li-ion:
    cost: 182.851
    lifetime: 19.7205
    annual_cost: 9.27212798864126
    efficiency: 0.925554
    discharge_ratio: 2
    depth_of_discharge: 0.9
  Pb-acid:
    cost: 149.071
    lifetime: 7.16598
    annual_cost: 20.80259783030374
    efficiency: 0.702997
    discharge_ratio: 5
    depth_of_discharge: 0.5
  VRBF:
    cost: 303.581
    lifetime: 18.8511
    annual_cost: 16.10415307329546
    efficiency: 0.796187
    discharge_ratio: 0.5
    depth_of_discharge: 1.0
