cost_values:
  wind_capex: 5000.0
  wind_opex: 100
  wind_lifetime: 20
  solar_capex: 1000.0
  solar_opex: 10
  solar_lifetime: 20
  carbon_price: 1.0
timeseries_values:
  load_level: 244935.6241813471
  wind_year: 2017
  solar_year: 2013
  price_year: 2023
  carbon_year: 2023
storage_values:
  CAES:
    cost: 53.673
    lifetime: 25.7708
    annual_cost: 2.082706008350536
    efficiency: 0.629098
    discharge_ratio: 0.1
    depth_of_discharge: 0.4
  Li-ion:
    cost: 189.244
    lifetime: 21.4327
    annual_cost: 8.829685480597405
    efficiency: 0.906086
    discharge_ratio: 2
    depth_of_discharge: 0.9
  Pb-acid:
    cost: 142.825
    lifetime: 8.37567
    annual_cost: 17.05236715391127
    efficiency: 0.726623
    discharge_ratio: 5
    depth_of_discharge: 0.5
  VRBF:
    cost: 236.171
    lifetime: 20.281
    annual_cost: 11.644938612494453
    efficiency: 0.803845
    discharge_ratio: 0.5
    depth_of_discharge: 1.0
