cost_values:
  wind_capex: 5000.0
  wind_opex: 100
  wind_lifetime: 20
  solar_capex: 1000.0
  solar_opex: 10
  solar_lifetime: 20
  carbon_price: 1.0
timeseries_values:
  load_level: 244935.6241813471
  wind_year: 2017
  solar_year: 2013
  price_year: 2023
  carbon_year: 2023
storage_values:
  CAES:
    cost: 53.5649
    lifetime: 25.8896
    annual_cost: 2.0689736419257154
    efficiency: 0.623103
    discharge_ratio: 0.1
    depth_of_discharge: 0.4
  Li-ion:
    cost: 177.826
    lifetime: 20.3732
    annual_cost: 8.728427542065065
    efficiency: 0.903362
    discharge_ratio: 2
    depth_of_discharge: 0.9
  Pb-acid:
    cost: 144.071
    lifetime: 5.43187
    annual_cost: 26.523278355336192
    efficiency: 0.705619
    discharge_ratio: 5
    depth_of_discharge: 0.5
  VRBF:
    cost: 270.637
    lifetime: 18.5252
    annual_cost: 14.609127026968668
    efficiency: 0.802926
    discharge_ratio: 0.5
    depth_of_discharge: 1.0
