cost_values:
  wind_capex: 5000.0
  wind_opex: 100
  wind_lifetime: 20
  solar_capex: 1000.0
  solar_opex: 10
  solar_lifetime: 20
  carbon_price: 1.0
timeseries_values:
  load_level: 244935.6241813471
  wind_year: 2017
  solar_year: 2013
  price_year: 2023
  carbon_year: 2023
storage_values:
  CAES:
    cost: 53.9037
    lifetime: 26.3958
    annual_cost: 2.042131702770895
    efficiency: 0.625881
    discharge_ratio: 0.1
    depth_of_discharge: 0.4
  Li-ion:
    cost: 202.839
    lifetime: 18.1361
    annual_cost: 11.18426784148742
    efficiency: 0.909887
    discharge_ratio: 2
    depth_of_discharge: 0.9
  Pb-acid:
    cost: 137.252
    lifetime: 7.13261
    annual_cost: 19.24288584403185
    efficiency: 0.733359
    discharge_ratio: 5
    depth_of_discharge: 0.5
  VRBF:
    cost: 285.23
    lifetime: 19.6694
    annual_cost: 14.501204917282683
    efficiency: 0.815204
    discharge_ratio: 0.5
    depth_of_discharge: 1.0
