cost_values:
  wind_capex: 5000.0
  wind_opex: 100
  wind_lifetime: 20
  solar_capex: 1000.0
  solar_opex: 10
  solar_lifetime: 20
  carbon_price: 1.0
timeseries_values:
  load_level: 244935.6241813471
  wind_year: 2017
  solar_year: 2013
  price_year: 2023
  carbon_year: 2023
storage_values:
  CAES:
    cost: 54.7357
    lifetime: 25.3278
    annual_cost: 2.161091764780202
    efficiency: 0.614229
    discharge_ratio: 0.1
    depth_of_discharge: 0.4
  Li-ion:
    cost: 167.065
    lifetime: 21.0056
    annual_cost: 7.9533552957306615
    efficiency: 0.931081
    discharge_ratio: 2
    depth_of_discharge: 0.9
  Pb-acid:
    cost: 124.156
    lifetime: 7.46538
    annual_cost: 16.630901575003552
    efficiency: 0.71643
    discharge_ratio: 5
    depth_of_discharge: 0.5
  VRBF:
    cost: 308.439
    lifetime: 18.425
    annual_cost: 16.74024423337856
    efficiency: 0.788774
    discharge_ratio: 0.5
    depth_of_discharge: 1.0
