cost_values:
  wind_capex: 5000.0
  wind_opex: 100
  wind_lifetime: 20
  solar_capex: 1000.0
  solar_opex: 10
  solar_lifetime: 20
  carbon_price: 1.0
timeseries_values:
  load_level: 244935.6241813471
  wind_year: 2017
  solar_year: 2013
  price_year: 2023
  carbon_year: 2023
storage_values:
  CAES:
    cost: 58.9242
    lifetime: 25.6855
    annual_cost: 2.294064744700317
    efficiency: 0.618363
    discharge_ratio: 0.1
    depth_of_discharge: 0.4
  Li-ion:
    cost: 175.609
    lifetime: 20.0333
    annual_cost: 8.765854851671966
    efficiency: 0.912842
    discharge_ratio: 2
    depth_of_discharge: 0.9
  Pb-acid:
    cost: 127.86
    lifetime: 5.67983
    annual_cost: 22.511237132097264
    efficiency: 0.731806
    discharge_ratio: 5
    depth_of_discharge: 0.5
  VRBF:
    cost: 251.395
    lifetime: 19.0674
    annual_cost: 13.184545349654385
    efficiency: 0.811331
    discharge_ratio: 0.5
    depth_of_discharge: 1.0
