cost_values:
  wind_capex: 5000.0
  wind_opex: 100
  wind_lifetime: 20
  solar_capex: 1000.0
  solar_opex: 10
  solar_lifetime: 20
  carbon_price: 1.0
timeseries_values:
  load_level: 244935.6241813471
  wind_year: 2017
  solar_year: 2013
  price_year: 2023
  carbon_year: 2023
storage_values:
  CAES:
    cost: 57.425
    lifetime: 25.6784
    annual_cost: 2.236315346750576
    efficiency: 0.627151
    discharge_ratio: 0.1
    depth_of_discharge: 0.4
  Li-ion:
    cost: 176.948
    lifetime: 18.0865
    annual_cost: 9.783429629834407
    efficiency: 0.906291
    discharge_ratio: 2
    depth_of_discharge: 0.9
  Pb-acid:
    cost: 148.434
    lifetime: 8.06123
    annual_cost: 18.413319059250263
    efficiency: 0.71456
    discharge_ratio: 5
    depth_of_discharge: 0.5
  VRBF:
    cost: 278.003
    lifetime: 19.5948
    annual_cost: 14.187590585257313
    efficiency: 0.815384
    discharge_ratio: 0.5
    depth_of_discharge: 1.0
