cost_values:
  wind_capex: 5000.0
  wind_opex: 100
  wind_lifetime: 20
  solar_capex: 1000.0
  solar_opex: 10
  solar_lifetime: 20
  carbon_price: 1.0
timeseries_values:
  load_level: 244935.6241813471
  wind_year: 2017
  solar_year: 2013
  price_year: 2023
  carbon_year: 2023
storage_values:
  CAES:
    cost: 63.821
    lifetime: 25.263
    annual_cost: 2.5262637058148276
    efficiency: 0.627652
    discharge_ratio: 0.1
    depth_of_discharge: 0.4
  Li-ion:
    cost: 203.576
    lifetime: 20.9324
    annual_cost: 9.725401769505646
    efficiency: 0.917208
    discharge_ratio: 2
    depth_of_discharge: 0.9
  Pb-acid:
    cost: 137.349
    lifetime: 6.77462
    annual_cost: 20.27405227156652
    efficiency: 0.708388
    discharge_ratio: 5
    depth_of_discharge: 0.5
  VRBF:
    cost: 253.784
    lifetime: 20.3751
    annual_cost: 12.45559530996167
    efficiency: 0.805817
    discharge_ratio: 0.5
    depth_of_discharge: 1.0
