cost_values:
  wind_capex: 5000.0
  wind_opex: 100
  wind_lifetime: 20
  solar_capex: 1000.0
  solar_opex: 10
  solar_lifetime: 20
  carbon_price: 1.0
timeseries_values:
  load_level: 244935.6241813471
  wind_year: 2017
  solar_year: 2013
  price_year: 2023
  carbon_year: 2023
storage_values:
  CAES:
    cost: 57.4804
    lifetime: 24.4569
    annual_cost: 2.3502733379945946
    efficiency: 0.621011
    discharge_ratio: 0.1
    depth_of_discharge: 0.4
  Li-ion:
    cost: 182.114
    lifetime: 20.6265
    annual_cost: 8.829127578600344
    efficiency: 0.924734
    discharge_ratio: 2
    depth_of_discharge: 0.9
  Pb-acid:
    cost: 154.685
    lifetime: 6.79761
    annual_cost: 22.75579210928547
    efficiency: 0.716075
    discharge_ratio: 5
    depth_of_discharge: 0.5
  VRBF:
    cost: 287.846
    lifetime: 18.9723
    annual_cost: 15.171908519262292
    efficiency: 0.822848
    discharge_ratio: 0.5
    depth_of_discharge: 1.0
