cost_values:
  wind_capex: 5000.0
  wind_opex: 100
  wind_lifetime: 20
  solar_capex: 1000.0
  solar_opex: 10
  solar_lifetime: 20
  carbon_price: 1.0
timeseries_values:
  load_level: 244935.6241813471
  wind_year: 2017
  solar_year: 2013
  price_year: 2023
  carbon_year: 2023
storage_values:
  CAES:
    cost: 53.7097
    lifetime: 25.3989
    annual_cost: 2.114646697297914
    efficiency: 0.626015
    discharge_ratio: 0.1
    depth_of_discharge: 0.4
  Li-ion:
    cost: 156.269
    lifetime: 19.7349
    annual_cost: 7.918408504730199
    efficiency: 0.912298
    discharge_ratio: 2
    depth_of_discharge: 0.9
  Pb-acid:
    cost: 153.473
    lifetime: 7.20218
    annual_cost: 21.309242479360417
    efficiency: 0.724443
    discharge_ratio: 5
    depth_of_discharge: 0.5
  VRBF:
    cost: 247.76
    lifetime: 19.6286
    annual_cost: 12.622397929551777
    efficiency: 0.785836
    discharge_ratio: 0.5
    depth_of_discharge: 1.0
