cost_values:
  wind_capex: 5000.0
  wind_opex: 100
  wind_lifetime: 20
  solar_capex: 1000.0
  solar_opex: 10
  solar_lifetime: 20
  carbon_price: 1.0
timeseries_values:
  load_level: 244935.6241813471
  wind_year: 2017
  solar_year: 2013
  price_year: 2023
  carbon_year: 2023
storage_values:
  CAES:
    cost: 56.4907
    lifetime: 25.9507
    annual_cost: 2.1768468673292047
    efficiency: 0.618577
    discharge_ratio: 0.1
    depth_of_discharge: 0.4
  Li-ion:
    cost: 193.651
    lifetime: 18.1077
    annual_cost: 10.694400724553644
    efficiency: 0.920281
    discharge_ratio: 2
    depth_of_discharge: 0.9
  Pb-acid:
    cost: 128.465
    lifetime: 7.34344
    annual_cost: 17.49384484655693
    efficiency: 0.705054
    discharge_ratio: 5
    depth_of_discharge: 0.5
  VRBF:
    cost: 256.632
    lifetime: 20.0375
    annual_cost: 12.807585776668745
    efficiency: 0.807459
    discharge_ratio: 0.5
    depth_of_discharge: 1.0
