cost_values:
  wind_capex: 5000.0
  wind_opex: 100
  wind_lifetime: 20
  solar_capex: 1000.0
  solar_opex: 10
  solar_lifetime: 20
  carbon_price: 1.0
timeseries_values:
  load_level: 244935.6241813471
  wind_year: 2017
  solar_year: 2013
  price_year: 2023
  carbon_year: 2023
storage_values:
  CAES:
    cost: 53.9007
    lifetime: 25.5938
    annual_cost: 2.106006142112543
    efficiency: 0.621596
    discharge_ratio: 0.1
    depth_of_discharge: 0.4
  Li-ion:
    cost: 213.804
    lifetime: 18.9822
    annual_cost: 11.263394127129628
    efficiency: 0.924619
    discharge_ratio: 2
    depth_of_discharge: 0.9
  Pb-acid:
    cost: 140.569
    lifetime: 5.81332
    annual_cost: 24.180502707575016
    efficiency: 0.722214
    discharge_ratio: 5
    depth_of_discharge: 0.5
  VRBF:
    cost: 269.35
    lifetime: 21.8289
    annual_cost: 12.339146727503447
    efficiency: 0.806214
    discharge_ratio: 0.5
    depth_of_discharge: 1.0
