cost_values:
  wind_capex: 5000.0
  wind_opex: 100
  wind_lifetime: 20
  solar_capex: 1000.0
  solar_opex: 10
  solar_lifetime: 20
  carbon_price: 1.0
timeseries_values:
  load_level: 244935.6241813471
  wind_year: 2017
  solar_year: 2013
  price_year: 2023
  carbon_year: 2023
storage_values:
  CAES:
    cost: 57.9555
    lifetime: 24.6469
    annual_cost: 2.351431620203758
    efficiency: 0.636661
    discharge_ratio: 0.1
    depth_of_discharge: 0.4
  Li-ion:
    cost: 187.796
    lifetime: 19.0456
    annual_cost: 9.860335195530725
    efficiency: 0.911391
    discharge_ratio: 2
    depth_of_discharge: 0.9
  Pb-acid:
    cost: 149.162
    lifetime: 7.06368
    annual_cost: 21.11675500588928
    efficiency: 0.719972
    discharge_ratio: 5
    depth_of_discharge: 0.5
  VRBF:
    cost: 252.861
    lifetime: 18.5817
    annual_cost: 13.608066000419766
    efficiency: 0.82199
    discharge_ratio: 0.5
    depth_of_discharge: 1.0
