cost_values:
  wind_capex: 5000.0
  wind_opex: 100
  wind_lifetime: 20
  solar_capex: 1000.0
  solar_opex: 10
  solar_lifetime: 20
  carbon_price: 1.0
timeseries_values:
  load_level: 244935.6241813471
  wind_year: 2017
  solar_year: 2013
  price_year: 2023
  carbon_year: 2023
storage_values:
  CAES:
    cost: 49.1242
    lifetime: 25.7313
    annual_cost: 1.9091223529320323
    efficiency: 0.62722
    discharge_ratio: 0.1
    depth_of_discharge: 0.4
  Li-ion:
    cost: 187.851
    lifetime: 21.1701
    annual_cost: 8.873411084501253
    efficiency: 0.92149
    discharge_ratio: 2
    depth_of_discharge: 0.9
  Pb-acid:
    cost: 162.891
    lifetime: 7.76898
    annual_cost: 20.966845068464586
    efficiency: 0.709262
    discharge_ratio: 5
    depth_of_discharge: 0.5
  VRBF:
    cost: 267.632
    lifetime: 19.427
    annual_cost: 13.776290729397232
    efficiency: 0.822414
    discharge_ratio: 0.5
    depth_of_discharge: 1.0
