cost_values:
  wind_capex: 5000.0
  wind_opex: 100
  wind_lifetime: 20
  solar_capex: 1000.0
  solar_opex: 10
  solar_lifetime: 20
  carbon_price: 1.0
timeseries_values:
  load_level: 244935.6241813471
  wind_year: 2017
  solar_year: 2013
  price_year: 2023
  carbon_year: 2023
storage_values:
  CAES:
    cost: 57.9594
    lifetime: 25.7217
    annual_cost: 2.2533269573939516
    efficiency: 0.62988
    discharge_ratio: 0.1
    depth_of_discharge: 0.4
  Li-ion:
    cost: 199.57
    lifetime: 19.9197
    annual_cost: 10.018725181604141
    efficiency: 0.916396
    discharge_ratio: 2
    depth_of_discharge: 0.9
  Pb-acid:
    cost: 137.822
    lifetime: 6.20011
    annual_cost: 22.22896045392743
    efficiency: 0.722889
    discharge_ratio: 5
    depth_of_discharge: 0.5
  VRBF:
    cost: 264.791
    lifetime: 20.2003
    annual_cost: 13.108270669247487
    efficiency: 0.802276
    discharge_ratio: 0.5
    depth_of_discharge: 1.0
