cost_values:
  wind_capex: 5000.0
  wind_opex: 100
  wind_lifetime: 20
  solar_capex: 1000.0
  solar_opex: 10
  solar_lifetime: 20
  carbon_price: 1.0
timeseries_values:
  load_level: 244935.6241813471
  wind_year: 2017
  solar_year: 2013
  price_year: 2023
  carbon_year: 2023
storage_values:
  CAES:
    cost: 59.1776
    lifetime: 26.4554
    annual_cost: 2.2368816952304633
    efficiency: 0.626473
    discharge_ratio: 0.1
    depth_of_discharge: 0.4
  Li-ion:
    cost: 205.084
    lifetime: 21.0461
    annual_cost: 9.744513235231231
    efficiency: 0.930624
    discharge_ratio: 2
    depth_of_discharge: 0.9
  Pb-acid:
    cost: 158.441
    lifetime: 6.46717
    annual_cost: 24.499278664392616
    efficiency: 0.727945
    discharge_ratio: 5
    depth_of_discharge: 0.5
  VRBF:
    cost: 266.337
    lifetime: 17.8058
    annual_cost: 14.957878893394286
    efficiency: 0.799722
    discharge_ratio: 0.5
    depth_of_discharge: 1.0
