cost_values:
  wind_capex: 5000.0
  wind_opex: 100
  wind_lifetime: 20
  solar_capex: 1000.0
  solar_opex: 10
  solar_lifetime: 20
  carbon_price: 1.0
timeseries_values:
  load_level: 244935.6241813471
  wind_year: 2017
  solar_year: 2013
  price_year: 2023
  carbon_year: 2023
storage_values:
  CAES:
    cost: 54.9519
    lifetime: 25.3671
    annual_cost: 2.1662665420958644
    efficiency: 0.628428
    discharge_ratio: 0.1
    depth_of_discharge: 0.4
  Li-ion:
    cost: 186.792
    lifetime: 20.0344
    annual_cost: 9.323563470830171
    efficiency: 0.916626
    discharge_ratio: 2
    depth_of_discharge: 0.9
  Pb-acid:
    cost: 120.158
    lifetime: 5.77621
    annual_cost: 20.80222152587943
    efficiency: 0.719138
    discharge_ratio: 5
    depth_of_discharge: 0.5
  VRBF:
    cost: 264.298
    lifetime: 20.3424
    annual_cost: 12.992468931886108
    efficiency: 0.814252
    discharge_ratio: 0.5
    depth_of_discharge: 1.0
