cost_values:
  wind_capex: 5000.0
  wind_opex: 100
  wind_lifetime: 20
  solar_capex: 1000.0
  solar_opex: 10
  solar_lifetime: 20
  carbon_price: 1.0
timeseries_values:
  load_level: 244935.6241813471
  wind_year: 2017
  solar_year: 2013
  price_year: 2023
  carbon_year: 2023
storage_values:
  CAES:
    cost: 54.8305
    lifetime: 26.2848
    annual_cost: 2.0860154918431943
    efficiency: 0.619257
    discharge_ratio: 0.1
    depth_of_discharge: 0.4
  Li-ion:
    cost: 164.285
    lifetime: 19.697
    annual_cost: 8.340610245215007
    efficiency: 0.918645
    discharge_ratio: 2
    depth_of_discharge: 0.9
  Pb-acid:
    cost: 125.207
    lifetime: 7.62142
    annual_cost: 16.428303387032862
    efficiency: 0.704548
    discharge_ratio: 5
    depth_of_discharge: 0.5
  VRBF:
    cost: 279.696
    lifetime: 17.2858
    annual_cost: 16.180680095801183
    efficiency: 0.806828
    discharge_ratio: 0.5
    depth_of_discharge: 1.0
