cost_values:
  wind_capex: 5000.0
  wind_opex: 100
  wind_lifetime: 20
  solar_capex: 1000.0
  solar_opex: 10
  solar_lifetime: 20
  carbon_price: 1.0
timeseries_values:
  load_level: 244935.6241813471
  wind_year: 2017
  solar_year: 2013
  price_year: 2023
  carbon_year: 2023
storage_values:
  CAES:
    cost: 57.6135
    lifetime: 25.2945
    annual_cost: 2.277708592777086
    efficiency: 0.635319
    discharge_ratio: 0.1
    depth_of_discharge: 0.4
  Li-ion:
    cost: 178.249
    lifetime: 20.3217
    annual_cost: 8.771362632063262
    efficiency: 0.892091
    discharge_ratio: 2
    depth_of_discharge: 0.9
  Pb-acid:
    cost: 135.708
    lifetime: 6.68066
    annual_cost: 20.31356183371104
    efficiency: 0.716249
    discharge_ratio: 5
    depth_of_discharge: 0.5
  VRBF:
    cost: 239.939
    lifetime: 20.4806
    annual_cost: 11.715428258937727
    efficiency: 0.797024
    discharge_ratio: 0.5
    depth_of_discharge: 1.0
