cost_values:
  wind_capex: 5000.0
  wind_opex: 100
  wind_lifetime: 20
  solar_capex: 1000.0
  solar_opex: 10
  solar_lifetime: 20
  carbon_price: 1.0
timeseries_values:
  load_level: 244935.6241813471
  wind_year: 2017
  solar_year: 2013
  price_year: 2023
  carbon_year: 2023
storage_values:
  CAES:
    cost: 61.8874
    lifetime: 25.5682
    annual_cost: 2.4204832565452397
    efficiency: 0.629361
    discharge_ratio: 0.1
    depth_of_discharge: 0.4
  Li-ion:
    cost: 186.193
    lifetime: 19.8419
    annual_cost: 9.383829169585574
    efficiency: 0.90377
    discharge_ratio: 2
    depth_of_discharge: 0.9
  Pb-acid:
    cost: 144.963
    lifetime: 7.25042
    annual_cost: 19.9937382937816
    efficiency: 0.7136
    discharge_ratio: 5
    depth_of_discharge: 0.5
  VRBF:
    cost: 248.216
    lifetime: 19.9407
    annual_cost: 12.447707452596951
    efficiency: 0.817309
    discharge_ratio: 0.5
    depth_of_discharge: 1.0
