cost_values:
  wind_capex: 5000.0
  wind_opex: 100
  wind_lifetime: 20
  solar_capex: 1000.0
  solar_opex: 10
  solar_lifetime: 20
  carbon_price: 1.0
timeseries_values:
  load_level: 244935.6241813471
  wind_year: 2017
  solar_year: 2013
  price_year: 2023
  carbon_year: 2023
storage_values:
  CAES:
    cost: 56.7543
    lifetime: 25.9526
    annual_cost: 2.1868444780099106
    efficiency: 0.631886
    discharge_ratio: 0.1
    depth_of_discharge: 0.4
  Li-ion:
    cost: 172.73
    lifetime: 20.832
    annual_cost: 8.291570660522273
    efficiency: 0.913936
    discharge_ratio: 2
    depth_of_discharge: 0.9
  Pb-acid:
    cost: 147.018
    lifetime: 6.92744
    annual_cost: 21.22255840541383
    efficiency: 0.713761
    discharge_ratio: 5
    depth_of_discharge: 0.5
  VRBF:
    cost: 263.686
    lifetime: 19.2082
    annual_cost: 13.727782926042
    efficiency: 0.803846
    discharge_ratio: 0.5
    depth_of_discharge: 1.0
