cost_values:
  wind_capex: 5000.0
  wind_opex: 100
  wind_lifetime: 20
  solar_capex: 1000.0
  solar_opex: 10
  solar_lifetime: 20
  carbon_price: 1.0
timeseries_values:
  load_level: 244935.6241813471
  wind_year: 2017
  solar_year: 2013
  price_year: 2023
  carbon_year: 2023
storage_values:
  CAES:
    cost: 59.6722
    lifetime: 25.7846
    annual_cost: 2.314257347408918
    efficiency: 0.627234
    discharge_ratio: 0.1
    depth_of_discharge: 0.4
  Li-ion:
    cost: 175.853
    lifetime: 20.0954
    annual_cost: 8.750908168038457
    efficiency: 0.929739
    discharge_ratio: 2
    depth_of_discharge: 0.9
  Pb-acid:
    cost: 145.625
    lifetime: 5.97965
    annual_cost: 24.353432057060193
    efficiency: 0.731573
    discharge_ratio: 5
    depth_of_discharge: 0.5
  VRBF:
    cost: 277.715
    lifetime: 20.2133
    annual_cost: 13.739221205839717
    efficiency: 0.81384
    discharge_ratio: 0.5
    depth_of_discharge: 1.0
