cost_values:
  wind_capex: 5000.0
  wind_opex: 100
  wind_lifetime: 20
  solar_capex: 1000.0
  solar_opex: 10
  solar_lifetime: 20
  carbon_price: 1.0
timeseries_values:
  load_level: 244935.6241813471
  wind_year: 2017
  solar_year: 2013
  price_year: 2023
  carbon_year: 2023
storage_values:
  CAES:
    cost: 54.1795
    lifetime: 25.6641
    annual_cost: 2.1111007204616565
    efficiency: 0.622204
    discharge_ratio: 0.1
    depth_of_discharge: 0.4
  Li-ion:
    cost: 180.698
    lifetime: 18.4222
    annual_cost: 9.80870905755013
    efficiency: 0.924199
    discharge_ratio: 2
    depth_of_discharge: 0.9
  Pb-acid:
    cost: 150.527
    lifetime: 7.39842
    annual_cost: 20.345830596262445
    efficiency: 0.719656
    discharge_ratio: 5
    depth_of_discharge: 0.5
  VRBF:
    cost: 295.115
    lifetime: 20.4937
    annual_cost: 14.400279110165563
    efficiency: 0.810463
    discharge_ratio: 0.5
    depth_of_discharge: 1.0
