cost_values:
  wind_capex: 5000.0
  wind_opex: 100
  wind_lifetime: 20
  solar_capex: 1000.0
  solar_opex: 10
  solar_lifetime: 20
  carbon_price: 1.0
timeseries_values:
  load_level: 244935.6241813471
  wind_year: 2017
  solar_year: 2013
  price_year: 2023
  carbon_year: 2023
storage_values:
  CAES:
    cost: 52.0032
    lifetime: 25.237
    annual_cost: 2.0605935729286364
    efficiency: 0.632813
    discharge_ratio: 0.1
    depth_of_discharge: 0.4
  Li-ion:
    cost: 179.02
    lifetime: 19.793
    annual_cost: 9.0446117314202
    efficiency: 0.901971
    discharge_ratio: 2
    depth_of_discharge: 0.9
  Pb-acid:
    cost: 130.426
    lifetime: 5.75893
    annual_cost: 22.64760988586421
    efficiency: 0.728951
    discharge_ratio: 5
    depth_of_discharge: 0.5
  VRBF:
    cost: 270.757
    lifetime: 18.7785
    annual_cost: 14.418457278270361
    efficiency: 0.814631
    discharge_ratio: 0.5
    depth_of_discharge: 1.0
