cost_values:
  wind_capex: 5000.0
  wind_opex: 100
  wind_lifetime: 20
  solar_capex: 1000.0
  solar_opex: 10
  solar_lifetime: 20
  carbon_price: 1.0
timeseries_values:
  load_level: 244935.6241813471
  wind_year: 2017
  solar_year: 2013
  price_year: 2023
  carbon_year: 2023
storage_values:
  CAES:
    cost: 54.2564
    lifetime: 25.2155
    annual_cost: 2.1517082746723246
    efficiency: 0.619206
    discharge_ratio: 0.1
    depth_of_discharge: 0.4
  Li-ion:
    cost: 197.708
    lifetime: 20.7151
    annual_cost: 9.54414895414456
    efficiency: 0.928035
    discharge_ratio: 2
    depth_of_discharge: 0.9
  Pb-acid:
    cost: 123.735
    lifetime: 6.49723
    annual_cost: 19.04426963490595
    efficiency: 0.718948
    discharge_ratio: 5
    depth_of_discharge: 0.5
  VRBF:
    cost: 266.668
    lifetime: 18.8803
    annual_cost: 14.124139976589356
    efficiency: 0.808928
    discharge_ratio: 0.5
    depth_of_discharge: 1.0
