cost_values:
  wind_capex: 5000.0
  wind_opex: 100
  wind_lifetime: 20
  solar_capex: 1000.0
  solar_opex: 10
  solar_lifetime: 20
  carbon_price: 1.0
timeseries_values:
  load_level: 244935.6241813471
  wind_year: 2017
  solar_year: 2013
  price_year: 2023
  carbon_year: 2023
storage_values:
  CAES:
    cost: 51.6373
    lifetime: 25.5782
    annual_cost: 2.0188011666184487
    efficiency: 0.621461
    discharge_ratio: 0.1
    depth_of_discharge: 0.4
  Li-ion:
    cost: 185.606
    lifetime: 20.8628
    annual_cost: 8.896504783634027
    efficiency: 0.914915
    discharge_ratio: 2
    depth_of_discharge: 0.9
  Pb-acid:
    cost: 137.358
    lifetime: 7.46204
    annual_cost: 18.40756683159029
    efficiency: 0.705713
    discharge_ratio: 5
    depth_of_discharge: 0.5
  VRBF:
    cost: 259.884
    lifetime: 19.2898
    annual_cost: 13.472612468765877
    efficiency: 0.818791
    discharge_ratio: 0.5
    depth_of_discharge: 1.0
