cost_values:
  wind_capex: 5000.0
  wind_opex: 100
  wind_lifetime: 20
  solar_capex: 1000.0
  solar_opex: 10
  solar_lifetime: 20
  carbon_price: 1.0
timeseries_values:
  load_level: 244935.6241813471
  wind_year: 2017
  solar_year: 2013
  price_year: 2023
  carbon_year: 2023
storage_values:
  CAES:
    cost: 59.3899
    lifetime: 25.4481
    annual_cost: 2.333765585642936
    efficiency: 0.624355
    discharge_ratio: 0.1
    depth_of_discharge: 0.4
  Li-ion:
    cost: 184.232
    lifetime: 21.4734
    annual_cost: 8.579544925349502
    efficiency: 0.929786
    discharge_ratio: 2
    depth_of_discharge: 0.9
  Pb-acid:
    cost: 134.333
    lifetime: 7.12732
    annual_cost: 18.847617337231945
    efficiency: 0.723217
    discharge_ratio: 5
    depth_of_discharge: 0.5
  VRBF:
    cost: 275.748
    lifetime: 19.0196
    annual_cost: 14.49809670024606
    efficiency: 0.798433
    discharge_ratio: 0.5
    depth_of_discharge: 1.0
