cost_values:
  wind_capex: 5000.0
  wind_opex: 100
  wind_lifetime: 20
  solar_capex: 1000.0
  solar_opex: 10
  solar_lifetime: 20
  carbon_price: 1.0
timeseries_values:
  load_level: 284606.18761491956
  wind_year: 2010
  solar_year: 2018
  price_year: 2023
  carbon_year: 2023
storage_values:
  CAES:
    cost: 48.5087
    lifetime: 27.3924
    annual_cost: 1.7708817044143632
    efficiency: 0.620104
    discharge_ratio: 0.1
    depth_of_discharge: 0.4
  Li-ion:
    cost: 159.986
    lifetime: 23.2767
    annual_cost: 6.873225156486958
    efficiency: 0.957411
    discharge_ratio: 2
    depth_of_discharge: 0.9
  Pb-acid:
    cost: 156.528
    lifetime: 13.2818
    annual_cost: 11.78514960321643
    efficiency: 0.710137
    discharge_ratio: 5
    depth_of_discharge: 0.5
  VRBF:
    cost: 164.775
    lifetime: 25.427
    annual_cost: 6.480316199315689
    efficiency: 0.803185
    discharge_ratio: 0.5
    depth_of_discharge: 1.0
