cost_values:
  wind_capex: 5000.0
  wind_opex: 100
  wind_lifetime: 20
  solar_capex: 1000.0
  solar_opex: 10
  solar_lifetime: 20
  carbon_price: 1.0
timeseries_values:
  load_level: 284606.18761491956
  wind_year: 2010
  solar_year: 2018
  price_year: 2023
  carbon_year: 2023
storage_values:
  CAES:
    cost: 37.4101
    lifetime: 27.1868
    annual_cost: 1.3760391072137947
    efficiency: 0.628532
    discharge_ratio: 0.1
    depth_of_discharge: 0.4
  Li-ion:
    cost: 154.652
    lifetime: 21.3018
    annual_cost: 7.260043752171177
    efficiency: 0.961645
    discharge_ratio: 2
    depth_of_discharge: 0.9
  Pb-acid:
    cost: 166.755
    lifetime: 15.0378
    annual_cost: 11.089055579938554
    efficiency: 0.698355
    discharge_ratio: 5
    depth_of_discharge: 0.5
  VRBF:
    cost: 183.419
    lifetime: 24.3497
    annual_cost: 7.532700608221047
    efficiency: 0.815425
    discharge_ratio: 0.5
    depth_of_discharge: 1.0
