cost_values:
  wind_capex: 5000.0
  wind_opex: 100
  wind_lifetime: 20
  solar_capex: 1000.0
  solar_opex: 10
  solar_lifetime: 20
  carbon_price: 1.0
timeseries_values:
  load_level: 284606.18761491956
  wind_year: 2010
  solar_year: 2018
  price_year: 2023
  carbon_year: 2023
storage_values:
  CAES:
    cost: 46.903
    lifetime: 27.1642
    annual_cost: 1.7266475729084603
    efficiency: 0.613783
    discharge_ratio: 0.1
    depth_of_discharge: 0.4
  Li-ion:
    cost: 140.997
    lifetime: 17.4443
    annual_cost: 8.082697500042995
    efficiency: 0.944761
    discharge_ratio: 2
    depth_of_discharge: 0.9
  Pb-acid:
    cost: 153.4
    lifetime: 13.8898
    annual_cost: 11.044075508646634
    efficiency: 0.702444
    discharge_ratio: 5
    depth_of_discharge: 0.5
  VRBF:
    cost: 172.009
    lifetime: 25.0187
    annual_cost: 6.875217337431601
    efficiency: 0.81242
    discharge_ratio: 0.5
    depth_of_discharge: 1.0
