cost_values:
  wind_capex: 5000.0
  wind_opex: 100
  wind_lifetime: 20
  solar_capex: 1000.0
  solar_opex: 10
  solar_lifetime: 20
  carbon_price: 1.0
timeseries_values:
  load_level: 284606.18761491956
  wind_year: 2010
  solar_year: 2018
  price_year: 2023
  carbon_year: 2023
storage_values:
  CAES:
    cost: 38.1702
    lifetime: 28.1929
    annual_cost: 1.3538940655271363
    efficiency: 0.632555
    discharge_ratio: 0.1
    depth_of_discharge: 0.4
  Li-ion:
    cost: 161.281
    lifetime: 21.9463
    annual_cost: 7.348892524024551
    efficiency: 0.953905
    discharge_ratio: 2
    depth_of_discharge: 0.9
  Pb-acid:
    cost: 157.271
    lifetime: 13.3436
    annual_cost: 11.786249587817379
    efficiency: 0.699775
    discharge_ratio: 5
    depth_of_discharge: 0.5
  VRBF:
    cost: 149.434
    lifetime: 26.1067
    annual_cost: 5.723971241099028
    efficiency: 0.818822
    discharge_ratio: 0.5
    depth_of_discharge: 1.0
