cost_values:
  wind_capex: 5000.0
  wind_opex: 100
  wind_lifetime: 20
  solar_capex: 1000.0
  solar_opex: 10
  solar_lifetime: 20
  carbon_price: 1.0
timeseries_values:
  load_level: 284606.18761491956
  wind_year: 2010
  solar_year: 2018
  price_year: 2023
  carbon_year: 2023
storage_values:
  CAES:
    cost: 42.2884
    lifetime: 28.0423
    annual_cost: 1.5080218099086025
    efficiency: 0.615419
    discharge_ratio: 0.1
    depth_of_discharge: 0.4
  Li-ion:
    cost: 141.773
    lifetime: 23.1142
    annual_cost: 6.133588876102136
    efficiency: 0.955388
    discharge_ratio: 2
    depth_of_discharge: 0.9
  Pb-acid:
    cost: 134.417
    lifetime: 14.2764
    annual_cost: 9.41532879437393
    efficiency: 0.692265
    discharge_ratio: 5
    depth_of_discharge: 0.5
  VRBF:
    cost: 188.556
    lifetime: 24.5095
    annual_cost: 7.693180195434424
    efficiency: 0.822589
    discharge_ratio: 0.5
    depth_of_discharge: 1.0
