cost_values:
  wind_capex: 5000.0
  wind_opex: 100
  wind_lifetime: 20
  solar_capex: 1000.0
  solar_opex: 10
  solar_lifetime: 20
  carbon_price: 1.0
timeseries_values:
  load_level: 284606.18761491956
  wind_year: 2010
  solar_year: 2018
  price_year: 2023
  carbon_year: 2023
storage_values:
  CAES:
    cost: 38.9773
    lifetime: 28.0054
    annual_cost: 1.3917780142401108
    efficiency: 0.634277
    discharge_ratio: 0.1
    depth_of_discharge: 0.4
  Li-ion:
    cost: 152.696
    lifetime: 22.908
    annual_cost: 6.66561899773005
    efficiency: 0.949072
    discharge_ratio: 2
    depth_of_discharge: 0.9
  Pb-acid:
    cost: 133.369
    lifetime: 13.6112
    annual_cost: 9.79847478547079
    efficiency: 0.705566
    discharge_ratio: 5
    depth_of_discharge: 0.5
  VRBF:
    cost: 167.197
    lifetime: 24.5409
    annual_cost: 6.812993818482615
    efficiency: 0.811939
    discharge_ratio: 0.5
    depth_of_discharge: 1.0
