cost_values:
  wind_capex: 5000.0
  wind_opex: 100
  wind_lifetime: 20
  solar_capex: 1000.0
  solar_opex: 10
  solar_lifetime: 20
  carbon_price: 1.0
timeseries_values:
  load_level: 284606.18761491956
  wind_year: 2010
  solar_year: 2018
  price_year: 2023
  carbon_year: 2023
storage_values:
  CAES:
    cost: 45.7493
    lifetime: 28.7773
    annual_cost: 1.5897704093156757
    efficiency: 0.621238
    discharge_ratio: 0.1
    depth_of_discharge: 0.4
  Li-ion:
    cost: 146.37
    lifetime: 19.8794
    annual_cost: 7.362898276607946
    efficiency: 0.961343
    discharge_ratio: 2
    depth_of_discharge: 0.9
  Pb-acid:
    cost: 151.121
    lifetime: 13.0685
    annual_cost: 11.563760186708498
    efficiency: 0.68847
    discharge_ratio: 5
    depth_of_discharge: 0.5
  VRBF:
    cost: 173.331
    lifetime: 24.755
    annual_cost: 7.001858210462533
    efficiency: 0.798492
    discharge_ratio: 0.5
    depth_of_discharge: 1.0
