cost_values:
  wind_capex: 5000.0
  wind_opex: 100
  wind_lifetime: 20
  solar_capex: 1000.0
  solar_opex: 10
  solar_lifetime: 20
  carbon_price: 1.0
timeseries_values:
  load_level: 284606.18761491956
  wind_year: 2010
  solar_year: 2018
  price_year: 2023
  carbon_year: 2023
storage_values:
  CAES:
    cost: 42.4929
    lifetime: 27.4997
    annual_cost: 1.54521322050786
    efficiency: 0.623831
    discharge_ratio: 0.1
    depth_of_discharge: 0.4
  Li-ion:
    cost: 165.276
    lifetime: 21.6894
    annual_cost: 7.620127804365267
    efficiency: 0.958114
    discharge_ratio: 2
    depth_of_discharge: 0.9
  Pb-acid:
    cost: 163.298
    lifetime: 14.0309
    annual_cost: 11.638455124047637
    efficiency: 0.690963
    discharge_ratio: 5
    depth_of_discharge: 0.5
  VRBF:
    cost: 189.173
    lifetime: 25.7291
    annual_cost: 7.352491925485151
    efficiency: 0.806748
    discharge_ratio: 0.5
    depth_of_discharge: 1.0
