cost_values:
  wind_capex: 5000.0
  wind_opex: 100
  wind_lifetime: 20
  solar_capex: 1000.0
  solar_opex: 10
  solar_lifetime: 20
  carbon_price: 1.0
timeseries_values:
  load_level: 284606.18761491956
  wind_year: 2010
  solar_year: 2018
  price_year: 2023
  carbon_year: 2023
storage_values:
  CAES:
    cost: 40.9425
    lifetime: 28.2676
    annual_cost: 1.4483896758125911
    efficiency: 0.623034
    discharge_ratio: 0.1
    depth_of_discharge: 0.4
  Li-ion:
    cost: 147.365
    lifetime: 20.6565
    annual_cost: 7.134074020284172
    efficiency: 0.95247
    discharge_ratio: 2
    depth_of_discharge: 0.9
  Pb-acid:
    cost: 172.256
    lifetime: 15.1173
    annual_cost: 11.39462734747607
    efficiency: 0.684154
    discharge_ratio: 5
    depth_of_discharge: 0.5
  VRBF:
    cost: 213.884
    lifetime: 24.0026
    annual_cost: 8.910867989301158
    efficiency: 0.811344
    discharge_ratio: 0.5
    depth_of_discharge: 1.0
