cost_values:
  wind_capex: 5000.0
  wind_opex: 100
  wind_lifetime: 20
  solar_capex: 1000.0
  solar_opex: 10
  solar_lifetime: 20
  carbon_price: 1.0
timeseries_values:
  load_level: 284606.18761491956
  wind_year: 2010
  solar_year: 2018
  price_year: 2023
  carbon_year: 2023
storage_values:
  CAES:
    cost: 44.8365
    lifetime: 26.6502
    annual_cost: 1.682407636715672
    efficiency: 0.626661
    discharge_ratio: 0.1
    depth_of_discharge: 0.4
  Li-ion:
    cost: 160.748
    lifetime: 22.9881
    annual_cost: 6.992661420474072
    efficiency: 0.94994
    discharge_ratio: 2
    depth_of_discharge: 0.9
  Pb-acid:
    cost: 155.574
    lifetime: 10.9549
    annual_cost: 14.201316305945285
    efficiency: 0.685209
    discharge_ratio: 5
    depth_of_discharge: 0.5
  VRBF:
    cost: 169.552
    lifetime: 25.6677
    annual_cost: 6.605656135921801
    efficiency: 0.814429
    discharge_ratio: 0.5
    depth_of_discharge: 1.0
