cost_values:
  wind_capex: 5000.0
  wind_opex: 100
  wind_lifetime: 20
  solar_capex: 1000.0
  solar_opex: 10
  solar_lifetime: 20
  carbon_price: 1.0
timeseries_values:
  load_level: 284606.18761491956
  wind_year: 2010
  solar_year: 2018
  price_year: 2023
  carbon_year: 2023
storage_values:
  CAES:
    cost: 42.0841
    lifetime: 27.6947
    annual_cost: 1.519572336945336
    efficiency: 0.62821
    discharge_ratio: 0.1
    depth_of_discharge: 0.4
  Li-ion:
    cost: 165.722
    lifetime: 20.8166
    annual_cost: 7.961050315613501
    efficiency: 0.947532
    discharge_ratio: 2
    depth_of_discharge: 0.9
  Pb-acid:
    cost: 131.064
    lifetime: 13.6646
    annual_cost: 9.5914992023184
    efficiency: 0.671919
    discharge_ratio: 5
    depth_of_discharge: 0.5
  VRBF:
    cost: 180.272
    lifetime: 25.0268
    annual_cost: 7.203158214394168
    efficiency: 0.822729
    discharge_ratio: 0.5
    depth_of_discharge: 1.0
