cost_values:
  wind_capex: 5000.0
  wind_opex: 100
  wind_lifetime: 20
  solar_capex: 1000.0
  solar_opex: 10
  solar_lifetime: 20
  carbon_price: 1.0
timeseries_values:
  load_level: 284606.18761491956
  wind_year: 2010
  solar_year: 2018
  price_year: 2023
  carbon_year: 2023
storage_values:
  CAES:
    cost: 43.0738
    lifetime: 27.0336
    annual_cost: 1.5933430989583333
    efficiency: 0.61617
    discharge_ratio: 0.1
    depth_of_discharge: 0.4
  Li-ion:
    cost: 135.054
    lifetime: 21.7268
    annual_cost: 6.216009720713589
    efficiency: 0.947235
    discharge_ratio: 2
    depth_of_discharge: 0.9
  Pb-acid:
    cost: 172.969
    lifetime: 15.5448
    annual_cost: 11.127129329422058
    efficiency: 0.705823
    discharge_ratio: 5
    depth_of_discharge: 0.5
  VRBF:
    cost: 167.001
    lifetime: 25.3915
    annual_cost: 6.577043498808656
    efficiency: 0.817597
    discharge_ratio: 0.5
    depth_of_discharge: 1.0
