cost_values:
  wind_capex: 5000.0
  wind_opex: 100
  wind_lifetime: 20
  solar_capex: 1000.0
  solar_opex: 10
  solar_lifetime: 20
  carbon_price: 1.0
timeseries_values:
  load_level: 284606.18761491956
  wind_year: 2010
  solar_year: 2018
  price_year: 2023
  carbon_year: 2023
storage_values:
  CAES:
    cost: 39.4807
    lifetime: 27.9628
    annual_cost: 1.4119008110775744
    efficiency: 0.630922
    discharge_ratio: 0.1
    depth_of_discharge: 0.4
  Li-ion:
    cost: 171.669
    lifetime: 20.6316
    annual_cost: 8.320682836037923
    efficiency: 0.948346
    discharge_ratio: 2
    depth_of_discharge: 0.9
  Pb-acid:
    cost: 173.113
    lifetime: 11.8359
    annual_cost: 14.626095184988044
    efficiency: 0.69292
    discharge_ratio: 5
    depth_of_discharge: 0.5
  VRBF:
    cost: 157.917
    lifetime: 24.0984
    annual_cost: 6.553007668558908
    efficiency: 0.818563
    discharge_ratio: 0.5
    depth_of_discharge: 1.0
