cost_values:
  wind_capex: 5000.0
  wind_opex: 100
  wind_lifetime: 20
  solar_capex: 1000.0
  solar_opex: 10
  solar_lifetime: 20
  carbon_price: 1.0
timeseries_values:
  load_level: 284606.18761491956
  wind_year: 2010
  solar_year: 2018
  price_year: 2023
  carbon_year: 2023
storage_values:
  CAES:
    cost: 37.3938
    lifetime: 28.5898
    annual_cost: 1.3079419932983092
    efficiency: 0.625867
    discharge_ratio: 0.1
    depth_of_discharge: 0.4
  Li-ion:
    cost: 168.159
    lifetime: 21.8411
    annual_cost: 7.69920013186149
    efficiency: 0.941742
    discharge_ratio: 2
    depth_of_discharge: 0.9
  Pb-acid:
    cost: 145.266
    lifetime: 13.0557
    annual_cost: 11.126634343620028
    efficiency: 0.707653
    discharge_ratio: 5
    depth_of_discharge: 0.5
  VRBF:
    cost: 185.298
    lifetime: 24.164
    annual_cost: 7.668349610991557
    efficiency: 0.829952
    discharge_ratio: 0.5
    depth_of_discharge: 1.0
