cost_values:
  wind_capex: 5000.0
  wind_opex: 100
  wind_lifetime: 20
  solar_capex: 1000.0
  solar_opex: 10
  solar_lifetime: 20
  carbon_price: 1.0
timeseries_values:
  load_level: 284606.18761491956
  wind_year: 2010
  solar_year: 2018
  price_year: 2023
  carbon_year: 2023
storage_values:
  CAES:
    cost: 41.5538
    lifetime: 26.8089
    annual_cost: 1.5500001865052278
    efficiency: 0.615725
    discharge_ratio: 0.1
    depth_of_discharge: 0.4
  Li-ion:
    cost: 144.829
    lifetime: 22.6742
    annual_cost: 6.387391837418741
    efficiency: 0.96203
    discharge_ratio: 2
    depth_of_discharge: 0.9
  Pb-acid:
    cost: 148.257
    lifetime: 14.1638
    annual_cost: 10.467318092602268
    efficiency: 0.70288
    discharge_ratio: 5
    depth_of_discharge: 0.5
  VRBF:
    cost: 152.656
    lifetime: 23.6953
    annual_cost: 6.442459053061156
    efficiency: 0.813557
    discharge_ratio: 0.5
    depth_of_discharge: 1.0
