cost_values:
  wind_capex: 5000.0
  wind_opex: 100
  wind_lifetime: 20
  solar_capex: 1000.0
  solar_opex: 10
  solar_lifetime: 20
  carbon_price: 1.0
timeseries_values:
  load_level: 284606.18761491956
  wind_year: 2010
  solar_year: 2018
  price_year: 2023
  carbon_year: 2023
storage_values:
  CAES:
    cost: 42.8867
    lifetime: 29.0208
    annual_cost: 1.4777917907156246
    efficiency: 0.621281
    discharge_ratio: 0.1
    depth_of_discharge: 0.4
  Li-ion:
    cost: 155.454
    lifetime: 24.1546
    annual_cost: 6.435792768251183
    efficiency: 0.963856
    discharge_ratio: 2
    depth_of_discharge: 0.9
  Pb-acid:
    cost: 162.55
    lifetime: 14.3587
    annual_cost: 11.320662734091526
    efficiency: 0.703309
    discharge_ratio: 5
    depth_of_discharge: 0.5
  VRBF:
    cost: 166.445
    lifetime: 25.8715
    annual_cost: 6.433527240399667
    efficiency: 0.804313
    discharge_ratio: 0.5
    depth_of_discharge: 1.0
