cost_values:
  wind_capex: 5000.0
  wind_opex: 100
  wind_lifetime: 20
  solar_capex: 1000.0
  solar_opex: 10
  solar_lifetime: 20
  carbon_price: 1.0
timeseries_values:
  load_level: 284606.18761491956
  wind_year: 2010
  solar_year: 2018
  price_year: 2023
  carbon_year: 2023
storage_values:
  CAES:
    cost: 33.8583
    lifetime: 27.3541
    annual_cost: 1.2377778833885962
    efficiency: 0.616373
    discharge_ratio: 0.1
    depth_of_discharge: 0.4
  Li-ion:
    cost: 133.172
    lifetime: 23.3065
    annual_cost: 5.7139424624031925
    efficiency: 0.94956
    discharge_ratio: 2
    depth_of_discharge: 0.9
  Pb-acid:
    cost: 159.69
    lifetime: 13.2579
    annual_cost: 12.044893987735614
    efficiency: 0.68998
    discharge_ratio: 5
    depth_of_discharge: 0.5
  VRBF:
    cost: 182.214
    lifetime: 25.2869
    annual_cost: 7.205865487663573
    efficiency: 0.815107
    discharge_ratio: 0.5
    depth_of_discharge: 1.0
