cost_values:
  wind_capex: 5000.0
  wind_opex: 100
  wind_lifetime: 20
  solar_capex: 1000.0
  solar_opex: 10
  solar_lifetime: 20
  carbon_price: 1.0
timeseries_values:
  load_level: 284606.18761491956
  wind_year: 2010
  solar_year: 2018
  price_year: 2023
  carbon_year: 2023
storage_values:
  CAES:
    cost: 30.8566
    lifetime: 28.5368
    annual_cost: 1.0812915253286983
    efficiency: 0.623019
    discharge_ratio: 0.1
    depth_of_discharge: 0.4
  Li-ion:
    cost: 159.86
    lifetime: 22.5084
    annual_cost: 7.102237386931101
    efficiency: 0.963493
    discharge_ratio: 2
    depth_of_discharge: 0.9
  Pb-acid:
    cost: 146.44
    lifetime: 14.978
    annual_cost: 9.777006275871278
    efficiency: 0.713707
    discharge_ratio: 5
    depth_of_discharge: 0.5
  VRBF:
    cost: 188.105
    lifetime: 24.9141
    annual_cost: 7.550142288904675
    efficiency: 0.778863
    discharge_ratio: 0.5
    depth_of_discharge: 1.0
