cost_values:
  wind_capex: 5000.0
  wind_opex: 100
  wind_lifetime: 20
  solar_capex: 1000.0
  solar_opex: 10
  solar_lifetime: 20
  carbon_price: 1.0
timeseries_values:
  load_level: 284606.18761491956
  wind_year: 2010
  solar_year: 2018
  price_year: 2023
  carbon_year: 2023
storage_values:
  CAES:
    cost: 45.3798
    lifetime: 27.6808
    annual_cost: 1.639396260223693
    efficiency: 0.62528
    discharge_ratio: 0.1
    depth_of_discharge: 0.4
  Li-ion:
    cost: 145.123
    lifetime: 22.3843
    annual_cost: 6.483249420352657
    efficiency: 0.960197
    discharge_ratio: 2
    depth_of_discharge: 0.9
  Pb-acid:
    cost: 151.283
    lifetime: 15.141
    annual_cost: 9.991612178852122
    efficiency: 0.695279
    discharge_ratio: 5
    depth_of_discharge: 0.5
  VRBF:
    cost: 177.01
    lifetime: 23.6151
    annual_cost: 7.495627797468568
    efficiency: 0.807806
    discharge_ratio: 0.5
    depth_of_discharge: 1.0
