cost_values:
  wind_capex: 5000.0
  wind_opex: 100
  wind_lifetime: 20
  solar_capex: 1000.0
  solar_opex: 10
  solar_lifetime: 20
  carbon_price: 1.0
timeseries_values:
  load_level: 284606.18761491956
  wind_year: 2010
  solar_year: 2018
  price_year: 2023
  carbon_year: 2023
storage_values:
  CAES:
    cost: 41.4758
    lifetime: 27.7308
    annual_cost: 1.4956582572446522
    efficiency: 0.61733
    discharge_ratio: 0.1
    depth_of_discharge: 0.4
  Li-ion:
    cost: 155.391
    lifetime: 21.5817
    annual_cost: 7.2001278861257445
    efficiency: 0.946666
    discharge_ratio: 2
    depth_of_discharge: 0.9
  Pb-acid:
    cost: 155.461
    lifetime: 12.9416
    annual_cost: 12.012502318105955
    efficiency: 0.686477
    discharge_ratio: 5
    depth_of_discharge: 0.5
  VRBF:
    cost: 118.009
    lifetime: 22.769
    annual_cost: 5.182880231894242
    efficiency: 0.806596
    discharge_ratio: 0.5
    depth_of_discharge: 1.0
