cost_values:
  wind_capex: 5000.0
  wind_opex: 100
  wind_lifetime: 20
  solar_capex: 1000.0
  solar_opex: 10
  solar_lifetime: 20
  carbon_price: 1.0
timeseries_values:
  load_level: 284606.18761491956
  wind_year: 2010
  solar_year: 2018
  price_year: 2023
  carbon_year: 2023
storage_values:
  CAES:
    cost: 36.8849
    lifetime: 27.1031
    annual_cost: 1.3609107445273787
    efficiency: 0.615433
    discharge_ratio: 0.1
    depth_of_discharge: 0.4
  Li-ion:
    cost: 171.289
    lifetime: 22.33
    annual_cost: 7.670801612180923
    efficiency: 0.95305
    discharge_ratio: 2
    depth_of_discharge: 0.9
  Pb-acid:
    cost: 158.913
    lifetime: 12.8258
    annual_cost: 12.39010432097803
    efficiency: 0.70271
    discharge_ratio: 5
    depth_of_discharge: 0.5
  VRBF:
    cost: 163.16
    lifetime: 24.9032
    annual_cost: 6.551768447428444
    efficiency: 0.807425
    discharge_ratio: 0.5
    depth_of_discharge: 1.0
