cost_values:
  wind_capex: 5000.0
  wind_opex: 100
  wind_lifetime: 20
  solar_capex: 1000.0
  solar_opex: 10
  solar_lifetime: 20
  carbon_price: 1.0
timeseries_values:
  load_level: 284606.18761491956
  wind_year: 2010
  solar_year: 2018
  price_year: 2023
  carbon_year: 2023
storage_values:
  CAES:
    cost: 38.24
    lifetime: 26.865
    annual_cost: 1.4234133631118557
    efficiency: 0.614843
    discharge_ratio: 0.1
    depth_of_discharge: 0.4
  Li-ion:
    cost: 145.158
    lifetime: 21.5999
    annual_cost: 6.720308890318935
    efficiency: 0.960296
    discharge_ratio: 2
    depth_of_discharge: 0.9
  Pb-acid:
    cost: 150.42
    lifetime: 14.1194
    annual_cost: 10.653427199456067
    efficiency: 0.701223
    discharge_ratio: 5
    depth_of_discharge: 0.5
  VRBF:
    cost: 167.414
    lifetime: 23.6607
    annual_cost: 7.075614838107072
    efficiency: 0.797836
    discharge_ratio: 0.5
    depth_of_discharge: 1.0
