cost_values:
  wind_capex: 5000.0
  wind_opex: 100
  wind_lifetime: 20
  solar_capex: 1000.0
  solar_opex: 10
  solar_lifetime: 20
  carbon_price: 1.0
timeseries_values:
  load_level: 284606.18761491956
  wind_year: 2010
  solar_year: 2018
  price_year: 2023
  carbon_year: 2023
storage_values:
  CAES:
    cost: 39.2349
    lifetime: 26.5593
    annual_cost: 1.4772565542013534
    efficiency: 0.62641
    discharge_ratio: 0.1
    depth_of_discharge: 0.4
  Li-ion:
    cost: 142.036
    lifetime: 19.6067
    annual_cost: 7.244258340261237
    efficiency: 0.958533
    discharge_ratio: 2
    depth_of_discharge: 0.9
  Pb-acid:
    cost: 165.233
    lifetime: 13.475
    annual_cost: 12.262189239332097
    efficiency: 0.69699
    discharge_ratio: 5
    depth_of_discharge: 0.5
  VRBF:
    cost: 155.61
    lifetime: 24.5801
    annual_cost: 6.330730957156399
    efficiency: 0.814394
    discharge_ratio: 0.5
    depth_of_discharge: 1.0
