cost_values:
  wind_capex: 5000.0
  wind_opex: 100
  wind_lifetime: 20
  solar_capex: 1000.0
  solar_opex: 10
  solar_lifetime: 20
  carbon_price: 1.0
timeseries_values:
  load_level: 284606.18761491956
  wind_year: 2010
  solar_year: 2018
  price_year: 2023
  carbon_year: 2023
storage_values:
  CAES:
    cost: 46.1278
    lifetime: 26.721
    annual_cost: 1.7262752142509636
    efficiency: 0.62576
    discharge_ratio: 0.1
    depth_of_discharge: 0.4
  Li-ion:
    cost: 148.237
    lifetime: 21.0244
    annual_cost: 7.050712505469835
    efficiency: 0.963665
    discharge_ratio: 2
    depth_of_discharge: 0.9
  Pb-acid:
    cost: 167.24
    lifetime: 12.967
    annual_cost: 12.89735482378345
    efficiency: 0.689926
    discharge_ratio: 5
    depth_of_discharge: 0.5
  VRBF:
    cost: 152.659
    lifetime: 23.5145
    annual_cost: 6.492121882242871
    efficiency: 0.815773
    discharge_ratio: 0.5
    depth_of_discharge: 1.0
