cost_values:
  wind_capex: 5000.0
  wind_opex: 100
  wind_lifetime: 20
  solar_capex: 1000.0
  solar_opex: 10
  solar_lifetime: 20
  carbon_price: 1.0
timeseries_values:
  load_level: 284606.18761491956
  wind_year: 2010
  solar_year: 2018
  price_year: 2023
  carbon_year: 2023
storage_values:
  CAES:
    cost: 40.5459
    lifetime: 27.3476
    annual_cost: 1.482612733841361
    efficiency: 0.625334
    discharge_ratio: 0.1
    depth_of_discharge: 0.4
  Li-ion:
    cost: 144.572
    lifetime: 23.0377
    annual_cost: 6.275452844685016
    efficiency: 0.95134
    discharge_ratio: 2
    depth_of_discharge: 0.9
  Pb-acid:
    cost: 172.114
    lifetime: 13.3196
    annual_cost: 12.92185951530076
    efficiency: 0.683078
    discharge_ratio: 5
    depth_of_discharge: 0.5
  VRBF:
    cost: 142.991
    lifetime: 23.822
    annual_cost: 6.002476702208043
    efficiency: 0.83238
    discharge_ratio: 0.5
    depth_of_discharge: 1.0
