cost_values:
  wind_capex: 5000.0
  wind_opex: 100
  wind_lifetime: 20
  solar_capex: 1000.0
  solar_opex: 10
  solar_lifetime: 20
  carbon_price: 1.0
timeseries_values:
  load_level: 284606.18761491956
  wind_year: 2010
  solar_year: 2018
  price_year: 2023
  carbon_year: 2023
storage_values:
  CAES:
    cost: 38.001
    lifetime: 26.6253
    annual_cost: 1.427251523926491
    efficiency: 0.6246
    discharge_ratio: 0.1
    depth_of_discharge: 0.4
  Li-ion:
    cost: 152.794
    lifetime: 19.882
    annual_cost: 7.685041746303189
    efficiency: 0.958696
    discharge_ratio: 2
    depth_of_discharge: 0.9
  Pb-acid:
    cost: 149.703
    lifetime: 13.1003
    annual_cost: 11.427448226376494
    efficiency: 0.702913
    discharge_ratio: 5
    depth_of_discharge: 0.5
  VRBF:
    cost: 172.352
    lifetime: 23.9636
    annual_cost: 7.19224156637567
    efficiency: 0.788828
    discharge_ratio: 0.5
    depth_of_discharge: 1.0
