cost_values:
  wind_capex: 5000.0
  wind_opex: 100
  wind_lifetime: 20
  solar_capex: 1000.0
  solar_opex: 10
  solar_lifetime: 20
  carbon_price: 1.0
timeseries_values:
  load_level: 284606.18761491956
  wind_year: 2010
  solar_year: 2018
  price_year: 2023
  carbon_year: 2023
storage_values:
  CAES:
    cost: 41.1154
    lifetime: 27.4234
    annual_cost: 1.4992816353916727
    efficiency: 0.627833
    discharge_ratio: 0.1
    depth_of_discharge: 0.4
  Li-ion:
    cost: 138.424
    lifetime: 21.8721
    annual_cost: 6.328793302883582
    efficiency: 0.954515
    discharge_ratio: 2
    depth_of_discharge: 0.9
  Pb-acid:
    cost: 155.552
    lifetime: 15.2197
    annual_cost: 10.220437984979993
    efficiency: 0.69823
    discharge_ratio: 5
    depth_of_discharge: 0.5
  VRBF:
    cost: 160.559
    lifetime: 26.0352
    annual_cost: 6.166996988692232
    efficiency: 0.802378
    discharge_ratio: 0.5
    depth_of_discharge: 1.0
