cost_values:
  wind_capex: 5000.0
  wind_opex: 100
  wind_lifetime: 20
  solar_capex: 1000.0
  solar_opex: 10
  solar_lifetime: 20
  carbon_price: 1.0
timeseries_values:
  load_level: 284606.18761491956
  wind_year: 2010
  solar_year: 2018
  price_year: 2023
  carbon_year: 2023
storage_values:
  CAES:
    cost: 38.5767
    lifetime: 27.6467
    annual_cost: 1.3953455566125434
    efficiency: 0.620761
    discharge_ratio: 0.1
    depth_of_discharge: 0.4
  Li-ion:
    cost: 164.448
    lifetime: 21.6243
    annual_cost: 7.604777958130437
    efficiency: 0.954952
    discharge_ratio: 2
    depth_of_discharge: 0.9
  Pb-acid:
    cost: 147.633
    lifetime: 14.0981
    annual_cost: 10.471836630467935
    efficiency: 0.701392
    discharge_ratio: 5
    depth_of_discharge: 0.5
  VRBF:
    cost: 148.443
    lifetime: 23.9756
    annual_cost: 6.191419609936769
    efficiency: 0.803273
    discharge_ratio: 0.5
    depth_of_discharge: 1.0
