cost_values:
  wind_capex: 5000.0
  wind_opex: 100
  wind_lifetime: 20
  solar_capex: 1000.0
  solar_opex: 10
  solar_lifetime: 20
  carbon_price: 1.0
timeseries_values:
  load_level: 284606.18761491956
  wind_year: 2010
  solar_year: 2018
  price_year: 2023
  carbon_year: 2023
storage_values:
  CAES:
    cost: 39.8598
    lifetime: 28.3319
    annual_cost: 1.406887642551329
    efficiency: 0.620317
    discharge_ratio: 0.1
    depth_of_discharge: 0.4
  Li-ion:
    cost: 145.018
    lifetime: 24.0922
    annual_cost: 6.01929255111613
    efficiency: 0.950667
    discharge_ratio: 2
    depth_of_discharge: 0.9
  Pb-acid:
    cost: 141.759
    lifetime: 14.4029
    annual_cost: 9.842392851439639
    efficiency: 0.697426
    discharge_ratio: 5
    depth_of_discharge: 0.5
  VRBF:
    cost: 157.906
    lifetime: 22.3535
    annual_cost: 7.064039188493972
    efficiency: 0.796038
    discharge_ratio: 0.5
    depth_of_discharge: 1.0
