cost_values:
  wind_capex: 5000.0
  wind_opex: 100
  wind_lifetime: 20
  solar_capex: 1000.0
  solar_opex: 10
  solar_lifetime: 20
  carbon_price: 1.0
timeseries_values:
  load_level: 284606.18761491956
  wind_year: 2010
  solar_year: 2018
  price_year: 2023
  carbon_year: 2023
storage_values:
  CAES:
    cost: 42.738
    lifetime: 27.1007
    annual_cost: 1.5770072359754546
    efficiency: 0.625553
    discharge_ratio: 0.1
    depth_of_discharge: 0.4
  Li-ion:
    cost: 166.192
    lifetime: 23.6517
    annual_cost: 7.026640791148205
    efficiency: 0.946041
    discharge_ratio: 2
    depth_of_discharge: 0.9
  Pb-acid:
    cost: 158.6
    lifetime: 12.5415
    annual_cost: 12.646015229438266
    efficiency: 0.688152
    discharge_ratio: 5
    depth_of_discharge: 0.5
  VRBF:
    cost: 170.466
    lifetime: 25.31
    annual_cost: 6.735124456736468
    efficiency: 0.809375
    discharge_ratio: 0.5
    depth_of_discharge: 1.0
