cost_values:
  wind_capex: 5000.0
  wind_opex: 100
  wind_lifetime: 20
  solar_capex: 1000.0
  solar_opex: 10
  solar_lifetime: 20
  carbon_price: 1.0
timeseries_values:
  load_level: 284606.18761491956
  wind_year: 2010
  solar_year: 2018
  price_year: 2023
  carbon_year: 2023
storage_values:
  CAES:
    cost: 36.5501
    lifetime: 26.9758
    annual_cost: 1.3549218188153827
    efficiency: 0.6226
    discharge_ratio: 0.1
    depth_of_discharge: 0.4
  Li-ion:
    cost: 133.8
    lifetime: 24.383
    annual_cost: 5.487429766640693
    efficiency: 0.948687
    discharge_ratio: 2
    depth_of_discharge: 0.9
  Pb-acid:
    cost: 176.959
    lifetime: 14.2042
    annual_cost: 12.45821658382732
    efficiency: 0.695774
    discharge_ratio: 5
    depth_of_discharge: 0.5
  VRBF:
    cost: 159.304
    lifetime: 23.5706
    annual_cost: 6.758589089798308
    efficiency: 0.792991
    discharge_ratio: 0.5
    depth_of_discharge: 1.0
