cost_values:
  wind_capex: 5000.0
  wind_opex: 100
  wind_lifetime: 20
  solar_capex: 1000.0
  solar_opex: 10
  solar_lifetime: 20
  carbon_price: 1.0
timeseries_values:
  load_level: 284606.18761491956
  wind_year: 2010
  solar_year: 2018
  price_year: 2023
  carbon_year: 2023
storage_values:
  CAES:
    cost: 40.3045
    lifetime: 27.6492
    annual_cost: 1.4577094454812434
    efficiency: 0.628011
    discharge_ratio: 0.1
    depth_of_discharge: 0.4
  Li-ion:
    cost: 146.881
    lifetime: 23.701
    annual_cost: 6.197249061221045
    efficiency: 0.948413
    discharge_ratio: 2
    depth_of_discharge: 0.9
  Pb-acid:
    cost: 147.488
    lifetime: 12.5194
    annual_cost: 11.780756266274743
    efficiency: 0.681862
    discharge_ratio: 5
    depth_of_discharge: 0.5
  VRBF:
    cost: 156.718
    lifetime: 23.6996
    annual_cost: 6.612685446167867
    efficiency: 0.816797
    discharge_ratio: 0.5
    depth_of_discharge: 1.0
