cost_values:
  wind_capex: 5000.0
  wind_opex: 100
  wind_lifetime: 20
  solar_capex: 1000.0
  solar_opex: 10
  solar_lifetime: 20
  carbon_price: 1.0
timeseries_values:
  load_level: 284606.18761491956
  wind_year: 2010
  solar_year: 2018
  price_year: 2023
  carbon_year: 2023
storage_values:
  CAES:
    cost: 40.3309
    lifetime: 27.1012
    annual_cost: 1.4881591959027645
    efficiency: 0.621364
    discharge_ratio: 0.1
    depth_of_discharge: 0.4
  Li-ion:
    cost: 132.517
    lifetime: 23.2178
    annual_cost: 5.707560578521651
    efficiency: 0.964997
    discharge_ratio: 2
    depth_of_discharge: 0.9
  Pb-acid:
    cost: 150.384
    lifetime: 14.7404
    annual_cost: 10.202165477191935
    efficiency: 0.700423
    discharge_ratio: 5
    depth_of_discharge: 0.5
  VRBF:
    cost: 191.905
    lifetime: 24.9249
    annual_cost: 7.699328783666132
    efficiency: 0.785114
    discharge_ratio: 0.5
    depth_of_discharge: 1.0
