cost_values:
  wind_capex: 5000.0
  wind_opex: 100
  wind_lifetime: 20
  solar_capex: 1000.0
  solar_opex: 10
  solar_lifetime: 20
  carbon_price: 1.0
timeseries_values:
  load_level: 284606.18761491956
  wind_year: 2010
  solar_year: 2018
  price_year: 2023
  carbon_year: 2023
storage_values:
  CAES:
    cost: 48.2157
    lifetime: 28.3188
    annual_cost: 1.7026039238950803
    efficiency: 0.622403
    discharge_ratio: 0.1
    depth_of_discharge: 0.4
  Li-ion:
    cost: 160.237
    lifetime: 20.9518
    annual_cost: 7.647887055050163
    efficiency: 0.957835
    discharge_ratio: 2
    depth_of_discharge: 0.9
  Pb-acid:
    cost: 176.7
    lifetime: 13.8942
    annual_cost: 12.717536813922356
    efficiency: 0.683551
    discharge_ratio: 5
    depth_of_discharge: 0.5
  VRBF:
    cost: 144.853
    lifetime: 25.3662
    annual_cost: 5.710472991618769
    efficiency: 0.815553
    discharge_ratio: 0.5
    depth_of_discharge: 1.0
