cost_values:
  wind_capex: 5000.0
  wind_opex: 100
  wind_lifetime: 20
  solar_capex: 1000.0
  solar_opex: 10
  solar_lifetime: 20
  carbon_price: 1.0
timeseries_values:
  load_level: 284606.18761491956
  wind_year: 2010
  solar_year: 2018
  price_year: 2023
  carbon_year: 2023
storage_values:
  CAES:
    cost: 42.0109
    lifetime: 27.0297
    annual_cost: 1.5542495847160716
    efficiency: 0.617762
    discharge_ratio: 0.1
    depth_of_discharge: 0.4
  Li-ion:
    cost: 147.867
    lifetime: 21.2388
    annual_cost: 6.962116503757273
    efficiency: 0.954872
    discharge_ratio: 2
    depth_of_discharge: 0.9
  Pb-acid:
    cost: 158.864
    lifetime: 12.7843
    annual_cost: 12.426491868932988
    efficiency: 0.714334
    discharge_ratio: 5
    depth_of_discharge: 0.5
  VRBF:
    cost: 182.765
    lifetime: 23.1447
    annual_cost: 7.89662428115292
    efficiency: 0.79307
    discharge_ratio: 0.5
    depth_of_discharge: 1.0
