cost_values:
  wind_capex: 5000.0
  wind_opex: 100
  wind_lifetime: 20
  solar_capex: 1000.0
  solar_opex: 10
  solar_lifetime: 20
  carbon_price: 1.0
timeseries_values:
  load_level: 284606.18761491956
  wind_year: 2010
  solar_year: 2018
  price_year: 2023
  carbon_year: 2023
storage_values:
  CAES:
    cost: 47.4773
    lifetime: 26.0918
    annual_cost: 1.8196253228983819
    efficiency: 0.623214
    discharge_ratio: 0.1
    depth_of_discharge: 0.4
  Li-ion:
    cost: 148.471
    lifetime: 19.9072
    annual_cost: 7.45815584311204
    efficiency: 0.960816
    discharge_ratio: 2
    depth_of_discharge: 0.9
  Pb-acid:
    cost: 169.944
    lifetime: 13.8322
    annual_cost: 12.286115007012622
    efficiency: 0.689567
    discharge_ratio: 5
    depth_of_discharge: 0.5
  VRBF:
    cost: 141.46
    lifetime: 24.5805
    annual_cost: 5.754968369235777
    efficiency: 0.812388
    discharge_ratio: 0.5
    depth_of_discharge: 1.0
