cost_values:
  wind_capex: 5000.0
  wind_opex: 100
  wind_lifetime: 20
  solar_capex: 1000.0
  solar_opex: 10
  solar_lifetime: 20
  carbon_price: 1.0
timeseries_values:
  load_level: 284606.18761491956
  wind_year: 2010
  solar_year: 2018
  price_year: 2023
  carbon_year: 2023
storage_values:
  CAES:
    cost: 37.6419
    lifetime: 27.1509
    annual_cost: 1.3863960310707932
    efficiency: 0.620585
    discharge_ratio: 0.1
    depth_of_discharge: 0.4
  Li-ion:
    cost: 153.486
    lifetime: 24.7117
    annual_cost: 6.211066013264971
    efficiency: 0.939419
    discharge_ratio: 2
    depth_of_discharge: 0.9
  Pb-acid:
    cost: 160.316
    lifetime: 15.6064
    annual_cost: 10.272452327250358
    efficiency: 0.681879
    discharge_ratio: 5
    depth_of_discharge: 0.5
  VRBF:
    cost: 184.191
    lifetime: 24.9661
    annual_cost: 7.3776440853797745
    efficiency: 0.808588
    discharge_ratio: 0.5
    depth_of_discharge: 1.0
