cost_values:
  wind_capex: 5000.0
  wind_opex: 100
  wind_lifetime: 20
  solar_capex: 1000.0
  solar_opex: 10
  solar_lifetime: 20
  carbon_price: 1.0
timeseries_values:
  load_level: 284606.18761491956
  wind_year: 2010
  solar_year: 2018
  price_year: 2023
  carbon_year: 2023
storage_values:
  CAES:
    cost: 43.5486
    lifetime: 28.1112
    annual_cost: 1.5491547852813115
    efficiency: 0.629537
    discharge_ratio: 0.1
    depth_of_discharge: 0.4
  Li-ion:
    cost: 133.944
    lifetime: 21.5274
    annual_cost: 6.222024025195797
    efficiency: 0.961892
    discharge_ratio: 2
    depth_of_discharge: 0.9
  Pb-acid:
    cost: 181.996
    lifetime: 13.9407
    annual_cost: 13.055011584784122
    efficiency: 0.690223
    discharge_ratio: 5
    depth_of_discharge: 0.5
  VRBF:
    cost: 163.608
    lifetime: 22.7458
    annual_cost: 7.192888357411039
    efficiency: 0.820431
    discharge_ratio: 0.5
    depth_of_discharge: 1.0
