cost_values:
  wind_capex: 5000.0
  wind_opex: 100
  wind_lifetime: 20
  solar_capex: 1000.0
  solar_opex: 10
  solar_lifetime: 20
  carbon_price: 1.0
timeseries_values:
  load_level: 284606.18761491956
  wind_year: 2010
  solar_year: 2018
  price_year: 2023
  carbon_year: 2023
storage_values:
  CAES:
    cost: 36.2081
    lifetime: 27.7726
    annual_cost: 1.303734616132447
    efficiency: 0.6176
    discharge_ratio: 0.1
    depth_of_discharge: 0.4
  Li-ion:
    cost: 165.332
    lifetime: 20.1509
    annual_cost: 8.204695571909939
    efficiency: 0.969324
    discharge_ratio: 2
    depth_of_discharge: 0.9
  Pb-acid:
    cost: 164.062
    lifetime: 14.8003
    annual_cost: 11.08504557340054
    efficiency: 0.675444
    discharge_ratio: 5
    depth_of_discharge: 0.5
  VRBF:
    cost: 189.192
    lifetime: 24.6241
    annual_cost: 7.683204665348176
    efficiency: 0.821843
    discharge_ratio: 0.5
    depth_of_discharge: 1.0
