cost_values:
  wind_capex: 5000.0
  wind_opex: 100
  wind_lifetime: 20
  solar_capex: 1000.0
  solar_opex: 10
  solar_lifetime: 20
  carbon_price: 1.0
timeseries_values:
  load_level: 284606.18761491956
  wind_year: 2010
  solar_year: 2018
  price_year: 2023
  carbon_year: 2023
storage_values:
  CAES:
    cost: 41.3067
    lifetime: 27.174
    annual_cost: 1.5200816957385737
    efficiency: 0.617073
    discharge_ratio: 0.1
    depth_of_discharge: 0.4
  Li-ion:
    cost: 154.668
    lifetime: 22.7568
    annual_cost: 6.796561906770724
    efficiency: 0.965089
    discharge_ratio: 2
    depth_of_discharge: 0.9
  Pb-acid:
    cost: 161.476
    lifetime: 14.1845
    annual_cost: 11.383975466177871
    efficiency: 0.705842
    discharge_ratio: 5
    depth_of_discharge: 0.5
  VRBF:
    cost: 189.486
    lifetime: 25.8811
    annual_cost: 7.3214044225322725
    efficiency: 0.824414
    discharge_ratio: 0.5
    depth_of_discharge: 1.0
