cost_values:
  wind_capex: 5000.0
  wind_opex: 100
  wind_lifetime: 20
  solar_capex: 1000.0
  solar_opex: 10
  solar_lifetime: 20
  carbon_price: 1.0
timeseries_values:
  load_level: 284606.18761491956
  wind_year: 2010
  solar_year: 2018
  price_year: 2023
  carbon_year: 2023
storage_values:
  CAES:
    cost: 45.9713
    lifetime: 26.8371
    annual_cost: 1.7129756940951146
    efficiency: 0.619652
    discharge_ratio: 0.1
    depth_of_discharge: 0.4
  Li-ion:
    cost: 152.759
    lifetime: 23.3576
    annual_cost: 6.540012672534848
    efficiency: 0.952921
    discharge_ratio: 2
    depth_of_discharge: 0.9
  Pb-acid:
    cost: 148.775
    lifetime: 14.295
    annual_cost: 10.407485134662469
    efficiency: 0.694148
    discharge_ratio: 5
    depth_of_discharge: 0.5
  VRBF:
    cost: 164.883
    lifetime: 23.0713
    annual_cost: 7.1466714055991645
    efficiency: 0.771058
    discharge_ratio: 0.5
    depth_of_discharge: 1.0
