cost_values:
  wind_capex: 5000.0
  wind_opex: 100
  wind_lifetime: 20
  solar_capex: 1000.0
  solar_opex: 10
  solar_lifetime: 20
  carbon_price: 1.0
timeseries_values:
  load_level: 284606.18761491956
  wind_year: 2010
  solar_year: 2018
  price_year: 2023
  carbon_year: 2023
storage_values:
  CAES:
    cost: 40.267
    lifetime: 27.3147
    annual_cost: 1.4741878915016458
    efficiency: 0.618016
    discharge_ratio: 0.1
    depth_of_discharge: 0.4
  Li-ion:
    cost: 158.995
    lifetime: 21.7595
    annual_cost: 7.306923412762242
    efficiency: 0.948932
    discharge_ratio: 2
    depth_of_discharge: 0.9
  Pb-acid:
    cost: 169.798
    lifetime: 13.9532
    annual_cost: 12.169108161568673
    efficiency: 0.703839
    discharge_ratio: 5
    depth_of_discharge: 0.5
  VRBF:
    cost: 155.629
    lifetime: 26.2477
    annual_cost: 5.9292433241769755
    efficiency: 0.83484
    discharge_ratio: 0.5
    depth_of_discharge: 1.0
