cost_values:
  wind_capex: 5000.0
  wind_opex: 100
  wind_lifetime: 20
  solar_capex: 1000.0
  solar_opex: 10
  solar_lifetime: 20
  carbon_price: 1.0
timeseries_values:
  load_level: 284606.18761491956
  wind_year: 2010
  solar_year: 2018
  price_year: 2023
  carbon_year: 2023
storage_values:
  CAES:
    cost: 38.2949
    lifetime: 27.8595
    annual_cost: 1.3745724079757353
    efficiency: 0.632553
    discharge_ratio: 0.1
    depth_of_discharge: 0.4
  Li-ion:
    cost: 161.136
    lifetime: 20.6235
    annual_cost: 7.813222779838534
    efficiency: 0.957843
    discharge_ratio: 2
    depth_of_discharge: 0.9
  Pb-acid:
    cost: 174.501
    lifetime: 14.7761
    annual_cost: 11.80967914402312
    efficiency: 0.701566
    discharge_ratio: 5
    depth_of_discharge: 0.5
  VRBF:
    cost: 184.784
    lifetime: 24.6401
    annual_cost: 7.499320213797833
    efficiency: 0.820422
    discharge_ratio: 0.5
    depth_of_discharge: 1.0
