cost_values:
  wind_capex: 5000.0
  wind_opex: 100
  wind_lifetime: 20
  solar_capex: 1000.0
  solar_opex: 10
  solar_lifetime: 20
  carbon_price: 1.0
timeseries_values:
  load_level: 284606.18761491956
  wind_year: 2010
  solar_year: 2018
  price_year: 2023
  carbon_year: 2023
storage_values:
  CAES:
    cost: 47.3498
    lifetime: 26.5972
    annual_cost: 1.7802550644428736
    efficiency: 0.630605
    discharge_ratio: 0.1
    depth_of_discharge: 0.4
  Li-ion:
    cost: 181.468
    lifetime: 22.3342
    annual_cost: 8.12511753275246
    efficiency: 0.945998
    discharge_ratio: 2
    depth_of_discharge: 0.9
  Pb-acid:
    cost: 162.512
    lifetime: 13.5564
    annual_cost: 11.987843380248444
    efficiency: 0.698868
    discharge_ratio: 5
    depth_of_discharge: 0.5
  VRBF:
    cost: 182.468
    lifetime: 24.8521
    annual_cost: 7.342156196055866
    efficiency: 0.811869
    discharge_ratio: 0.5
    depth_of_discharge: 1.0
