cost_values:
  wind_capex: 5000.0
  wind_opex: 100
  wind_lifetime: 20
  solar_capex: 1000.0
  solar_opex: 10
  solar_lifetime: 20
  carbon_price: 1.0
timeseries_values:
  load_level: 284606.18761491956
  wind_year: 2010
  solar_year: 2018
  price_year: 2023
  carbon_year: 2023
storage_values:
  CAES:
    cost: 45.2937
    lifetime: 27.355
    annual_cost: 1.6557740815207458
    efficiency: 0.626221
    discharge_ratio: 0.1
    depth_of_discharge: 0.4
  Li-ion:
    cost: 143.222
    lifetime: 21.3147
    annual_cost: 6.719400226135016
    efficiency: 0.957802
    discharge_ratio: 2
    depth_of_discharge: 0.9
  Pb-acid:
    cost: 140.738
    lifetime: 15.0278
    annual_cost: 9.365176539480164
    efficiency: 0.694161
    discharge_ratio: 5
    depth_of_discharge: 0.5
  VRBF:
    cost: 147.479
    lifetime: 24.7015
    annual_cost: 5.970447138837723
    efficiency: 0.801091
    discharge_ratio: 0.5
    depth_of_discharge: 1.0
