cost_values:
  wind_capex: 5000.0
  wind_opex: 100
  wind_lifetime: 20
  solar_capex: 1000.0
  solar_opex: 10
  solar_lifetime: 20
  carbon_price: 1.0
timeseries_values:
  load_level: 284606.18761491956
  wind_year: 2010
  solar_year: 2018
  price_year: 2023
  carbon_year: 2023
storage_values:
  CAES:
    cost: 37.8766
    lifetime: 28.7386
    annual_cost: 1.3179695601038326
    efficiency: 0.621896
    discharge_ratio: 0.1
    depth_of_discharge: 0.4
  Li-ion:
    cost: 141.461
    lifetime: 22.9317
    annual_cost: 6.168796905593568
    efficiency: 0.95258
    discharge_ratio: 2
    depth_of_discharge: 0.9
  Pb-acid:
    cost: 168.245
    lifetime: 14.235
    annual_cost: 11.819107832806464
    efficiency: 0.677462
    discharge_ratio: 5
    depth_of_discharge: 0.5
  VRBF:
    cost: 131.57
    lifetime: 24.3077
    annual_cost: 5.4126881605417205
    efficiency: 0.815892
    discharge_ratio: 0.5
    depth_of_discharge: 1.0
