cost_values:
  wind_capex: 5000.0
  wind_opex: 100
  wind_lifetime: 20
  solar_capex: 1000.0
  solar_opex: 10
  solar_lifetime: 20
  carbon_price: 1.0
timeseries_values:
  load_level: 284606.18761491956
  wind_year: 2010
  solar_year: 2018
  price_year: 2023
  carbon_year: 2023
storage_values:
  CAES:
    cost: 48.5187
    lifetime: 26.8753
    annual_cost: 1.8053268242587062
    efficiency: 0.625949
    discharge_ratio: 0.1
    depth_of_discharge: 0.4
  Li-ion:
    cost: 140.274
    lifetime: 23.6201
    annual_cost: 5.938755551415955
    efficiency: 0.950592
    discharge_ratio: 2
    depth_of_discharge: 0.9
  Pb-acid:
    cost: 149.371
    lifetime: 13.7005
    annual_cost: 10.902594795810373
    efficiency: 0.674117
    discharge_ratio: 5
    depth_of_discharge: 0.5
  VRBF:
    cost: 148.521
    lifetime: 24.6171
    annual_cost: 6.033245183226293
    efficiency: 0.794111
    discharge_ratio: 0.5
    depth_of_discharge: 1.0
