cost_values:
  wind_capex: 5000.0
  wind_opex: 100
  wind_lifetime: 20
  solar_capex: 1000.0
  solar_opex: 10
  solar_lifetime: 20
  carbon_price: 1.0
timeseries_values:
  load_level: 284606.18761491956
  wind_year: 2010
  solar_year: 2018
  price_year: 2023
  carbon_year: 2023
storage_values:
  CAES:
    cost: 49.2677
    lifetime: 26.908
    annual_cost: 1.8309684852088597
    efficiency: 0.619018
    discharge_ratio: 0.1
    depth_of_discharge: 0.4
  Li-ion:
    cost: 146.374
    lifetime: 19.1376
    annual_cost: 7.648503469609564
    efficiency: 0.93512
    discharge_ratio: 2
    depth_of_discharge: 0.9
  Pb-acid:
    cost: 168.237
    lifetime: 14.4607
    annual_cost: 11.634084103812402
    efficiency: 0.700555
    discharge_ratio: 5
    depth_of_discharge: 0.5
  VRBF:
    cost: 194.144
    lifetime: 23.6294
    annual_cost: 8.216205235850255
    efficiency: 0.812113
    discharge_ratio: 0.5
    depth_of_discharge: 1.0
