cost_values:
  wind_capex: 5000.0
  wind_opex: 100
  wind_lifetime: 20
  solar_capex: 1000.0
  solar_opex: 10
  solar_lifetime: 20
  carbon_price: 1.0
timeseries_values:
  load_level: 284606.18761491956
  wind_year: 2010
  solar_year: 2018
  price_year: 2023
  carbon_year: 2023
storage_values:
  CAES:
    cost: 44.004
    lifetime: 26.8294
    annual_cost: 1.6401410393076252
    efficiency: 0.628224
    discharge_ratio: 0.1
    depth_of_discharge: 0.4
  Li-ion:
    cost: 154.887
    lifetime: 22.7972
    annual_cost: 6.794123839769796
    efficiency: 0.949293
    discharge_ratio: 2
    depth_of_discharge: 0.9
  Pb-acid:
    cost: 174.376
    lifetime: 14.9783
    annual_cost: 11.641908627814905
    efficiency: 0.688945
    discharge_ratio: 5
    depth_of_discharge: 0.5
  VRBF:
    cost: 168.688
    lifetime: 24.2496
    annual_cost: 6.956320929005014
    efficiency: 0.815422
    discharge_ratio: 0.5
    depth_of_discharge: 1.0
