cost_values:
  wind_capex: 5000.0
  wind_opex: 100
  wind_lifetime: 20
  solar_capex: 1000.0
  solar_opex: 10
  solar_lifetime: 20
  carbon_price: 1.0
timeseries_values:
  load_level: 284606.18761491956
  wind_year: 2010
  solar_year: 2018
  price_year: 2023
  carbon_year: 2023
storage_values:
  CAES:
    cost: 39.678
    lifetime: 27.0508
    annual_cost: 1.4667958064086828
    efficiency: 0.620531
    discharge_ratio: 0.1
    depth_of_discharge: 0.4
  Li-ion:
    cost: 151.612
    lifetime: 24.1797
    annual_cost: 6.2702184063491275
    efficiency: 0.943461
    discharge_ratio: 2
    depth_of_discharge: 0.9
  Pb-acid:
    cost: 148.821
    lifetime: 13.8249
    annual_cost: 10.764707158822125
    efficiency: 0.691581
    discharge_ratio: 5
    depth_of_discharge: 0.5
  VRBF:
    cost: 141.016
    lifetime: 26.789
    annual_cost: 5.263951621934376
    efficiency: 0.815606
    discharge_ratio: 0.5
    depth_of_discharge: 1.0
