cost_values:
  wind_capex: 5000.0
  wind_opex: 100
  wind_lifetime: 20
  solar_capex: 1000.0
  solar_opex: 10
  solar_lifetime: 20
  carbon_price: 1.0
timeseries_values:
  load_level: 284606.18761491956
  wind_year: 2010
  solar_year: 2018
  price_year: 2023
  carbon_year: 2023
storage_values:
  CAES:
    cost: 43.6541
    lifetime: 27.7043
    annual_cost: 1.5757156831250023
    efficiency: 0.620932
    discharge_ratio: 0.1
    depth_of_discharge: 0.4
  Li-ion:
    cost: 164.153
    lifetime: 21.1299
    annual_cost: 7.7687542297881205
    efficiency: 0.949253
    discharge_ratio: 2
    depth_of_discharge: 0.9
  Pb-acid:
    cost: 152.918
    lifetime: 13.7919
    annual_cost: 11.087522386328208
    efficiency: 0.676846
    discharge_ratio: 5
    depth_of_discharge: 0.5
  VRBF:
    cost: 208.065
    lifetime: 23.6951
    annual_cost: 8.780929390464696
    efficiency: 0.78279
    discharge_ratio: 0.5
    depth_of_discharge: 1.0
