cost_values:
  wind_capex: 5000.0
  wind_opex: 100
  wind_lifetime: 20
  solar_capex: 1000.0
  solar_opex: 10
  solar_lifetime: 20
  carbon_price: 1.0
timeseries_values:
  load_level: 284606.18761491956
  wind_year: 2010
  solar_year: 2018
  price_year: 2023
  carbon_year: 2023
storage_values:
  CAES:
    cost: 36.0941
    lifetime: 27.7383
    annual_cost: 1.3012369179077303
    efficiency: 0.628532
    discharge_ratio: 0.1
    depth_of_discharge: 0.4
  Li-ion:
    cost: 140.854
    lifetime: 22.2955
    annual_cost: 6.317597721513311
    efficiency: 0.947148
    discharge_ratio: 2
    depth_of_discharge: 0.9
  Pb-acid:
    cost: 155.411
    lifetime: 13.2713
    annual_cost: 11.710307204267856
    efficiency: 0.687522
    discharge_ratio: 5
    depth_of_discharge: 0.5
  VRBF:
    cost: 154.485
    lifetime: 24.7244
    annual_cost: 6.248281050298491
    efficiency: 0.812747
    discharge_ratio: 0.5
    depth_of_discharge: 1.0
