cost_values:
  wind_capex: 5000.0
  wind_opex: 100
  wind_lifetime: 20
  solar_capex: 1000.0
  solar_opex: 10
  solar_lifetime: 20
  carbon_price: 1.0
timeseries_values:
  load_level: 284606.18761491956
  wind_year: 2010
  solar_year: 2018
  price_year: 2023
  carbon_year: 2023
storage_values:
  CAES:
    cost: 41.027
    lifetime: 26.9429
    annual_cost: 1.522738829153506
    efficiency: 0.622492
    discharge_ratio: 0.1
    depth_of_discharge: 0.4
  Li-ion:
    cost: 154.266
    lifetime: 23.3171
    annual_cost: 6.6160028476954675
    efficiency: 0.944479
    discharge_ratio: 2
    depth_of_discharge: 0.9
  Pb-acid:
    cost: 147.919
    lifetime: 12.4933
    annual_cost: 11.839866168266193
    efficiency: 0.696397
    discharge_ratio: 5
    depth_of_discharge: 0.5
  VRBF:
    cost: 175.616
    lifetime: 27.4045
    annual_cost: 6.408290609206518
    efficiency: 0.812147
    discharge_ratio: 0.5
    depth_of_discharge: 1.0
