cost_values:
  wind_capex: 5000.0
  wind_opex: 100
  wind_lifetime: 20
  solar_capex: 1000.0
  solar_opex: 10
  solar_lifetime: 20
  carbon_price: 1.0
timeseries_values:
  load_level: 284606.18761491956
  wind_year: 2010
  solar_year: 2018
  price_year: 2023
  carbon_year: 2023
storage_values:
  CAES:
    cost: 37.8585
    lifetime: 28.094
    annual_cost: 1.3475653164376735
    efficiency: 0.616655
    discharge_ratio: 0.1
    depth_of_discharge: 0.4
  Li-ion:
    cost: 123.414
    lifetime: 20.5172
    annual_cost: 6.015148265845243
    efficiency: 0.949863
    discharge_ratio: 2
    depth_of_discharge: 0.9
  Pb-acid:
    cost: 180.642
    lifetime: 13.613
    annual_cost: 13.269815617424522
    efficiency: 0.704552
    discharge_ratio: 5
    depth_of_discharge: 0.5
  VRBF:
    cost: 152.342
    lifetime: 25.5387
    annual_cost: 5.965143096555424
    efficiency: 0.805314
    discharge_ratio: 0.5
    depth_of_discharge: 1.0
