cost_values:
  wind_capex: 5000.0
  wind_opex: 100
  wind_lifetime: 20
  solar_capex: 1000.0
  solar_opex: 10
  solar_lifetime: 20
  carbon_price: 1.0
timeseries_values:
  load_level: 284606.18761491956
  wind_year: 2010
  solar_year: 2018
  price_year: 2023
  carbon_year: 2023
storage_values:
  CAES:
    cost: 36.6988
    lifetime: 27.7542
    annual_cost: 1.3222791505429807
    efficiency: 0.615199
    discharge_ratio: 0.1
    depth_of_discharge: 0.4
  Li-ion:
    cost: 156.512
    lifetime: 19.9672
    annual_cost: 7.838455066308747
    efficiency: 0.957563
    discharge_ratio: 2
    depth_of_discharge: 0.9
  Pb-acid:
    cost: 173.717
    lifetime: 11.456
    annual_cost: 15.163844273743019
    efficiency: 0.690571
    discharge_ratio: 5
    depth_of_discharge: 0.5
  VRBF:
    cost: 187.521
    lifetime: 26.4078
    annual_cost: 7.100970167904936
    efficiency: 0.8073
    discharge_ratio: 0.5
    depth_of_discharge: 1.0
