cost_values:
  wind_capex: 5000.0
  wind_opex: 100
  wind_lifetime: 20
  solar_capex: 1000.0
  solar_opex: 10
  solar_lifetime: 20
  carbon_price: 1.0
timeseries_values:
  load_level: 284606.18761491956
  wind_year: 2010
  solar_year: 2018
  price_year: 2023
  carbon_year: 2023
storage_values:
  CAES:
    cost: 36.5807
    lifetime: 28.6694
    annual_cost: 1.2759492699533301
    efficiency: 0.619145
    discharge_ratio: 0.1
    depth_of_discharge: 0.4
  Li-ion:
    cost: 163.006
    lifetime: 22.8278
    annual_cost: 7.140679347111855
    efficiency: 0.955127
    discharge_ratio: 2
    depth_of_discharge: 0.9
  Pb-acid:
    cost: 164.259
    lifetime: 14.9245
    annual_cost: 11.005996850815771
    efficiency: 0.676687
    discharge_ratio: 5
    depth_of_discharge: 0.5
  VRBF:
    cost: 159.511
    lifetime: 23.8937
    annual_cost: 6.675860163976278
    efficiency: 0.833044
    discharge_ratio: 0.5
    depth_of_discharge: 1.0
