cost_values:
  wind_capex: 5000.0
  wind_opex: 100
  wind_lifetime: 20
  solar_capex: 1000.0
  solar_opex: 10
  solar_lifetime: 20
  carbon_price: 1.0
timeseries_values:
  load_level: 284606.18761491956
  wind_year: 2010
  solar_year: 2018
  price_year: 2023
  carbon_year: 2023
storage_values:
  CAES:
    cost: 39.2999
    lifetime: 28.2876
    annual_cost: 1.3892977841881249
    efficiency: 0.620975
    discharge_ratio: 0.1
    depth_of_discharge: 0.4
  Li-ion:
    cost: 160.722
    lifetime: 19.9648
    annual_cost: 8.05026847251162
    efficiency: 0.96435
    discharge_ratio: 2
    depth_of_discharge: 0.9
  Pb-acid:
    cost: 154.82
    lifetime: 13.8629
    annual_cost: 11.167937444546235
    efficiency: 0.693703
    discharge_ratio: 5
    depth_of_discharge: 0.5
  VRBF:
    cost: 143.669
    lifetime: 25.5294
    annual_cost: 5.627590150963204
    efficiency: 0.802074
    discharge_ratio: 0.5
    depth_of_discharge: 1.0
