cost_values:
  wind_capex: 5000.0
  wind_opex: 100
  wind_lifetime: 20
  solar_capex: 1000.0
  solar_opex: 10
  solar_lifetime: 20
  carbon_price: 1.0
timeseries_values:
  load_level: 284606.18761491956
  wind_year: 2010
  solar_year: 2018
  price_year: 2023
  carbon_year: 2023
storage_values:
  CAES:
    cost: 40.8103
    lifetime: 28.0119
    annual_cost: 1.4568915353831764
    efficiency: 0.615127
    discharge_ratio: 0.1
    depth_of_discharge: 0.4
  Li-ion:
    cost: 166.326
    lifetime: 22.8007
    annual_cost: 7.294776037577794
    efficiency: 0.958247
    discharge_ratio: 2
    depth_of_discharge: 0.9
  Pb-acid:
    cost: 159.936
    lifetime: 15.9595
    annual_cost: 10.02136658416617
    efficiency: 0.701258
    discharge_ratio: 5
    depth_of_discharge: 0.5
  VRBF:
    cost: 165.283
    lifetime: 25.4971
    annual_cost: 6.48242349129901
    efficiency: 0.792452
    discharge_ratio: 0.5
    depth_of_discharge: 1.0
