cost_values:
  wind_capex: 5000.0
  wind_opex: 100
  wind_lifetime: 20
  solar_capex: 1000.0
  solar_opex: 10
  solar_lifetime: 20
  carbon_price: 1.0
timeseries_values:
  load_level: 284606.18761491956
  wind_year: 2010
  solar_year: 2018
  price_year: 2023
  carbon_year: 2023
storage_values:
  CAES:
    cost: 46.0822
    lifetime: 27.1371
    annual_cost: 1.698125444502176
    efficiency: 0.616254
    discharge_ratio: 0.1
    depth_of_discharge: 0.4
  Li-ion:
    cost: 151.272
    lifetime: 20.8395
    annual_cost: 7.258907363420427
    efficiency: 0.953624
    discharge_ratio: 2
    depth_of_discharge: 0.9
  Pb-acid:
    cost: 154.222
    lifetime: 13.1649
    annual_cost: 11.714635128257717
    efficiency: 0.687075
    discharge_ratio: 5
    depth_of_discharge: 0.5
  VRBF:
    cost: 166.631
    lifetime: 27.3827
    annual_cost: 6.085265514357605
    efficiency: 0.795697
    discharge_ratio: 0.5
    depth_of_discharge: 1.0
