cost_values:
  wind_capex: 5000.0
  wind_opex: 100
  wind_lifetime: 20
  solar_capex: 1000.0
  solar_opex: 10
  solar_lifetime: 20
  carbon_price: 1.0
timeseries_values:
  load_level: 284606.18761491956
  wind_year: 2010
  solar_year: 2018
  price_year: 2023
  carbon_year: 2023
storage_values:
  CAES:
    cost: 44.5737
    lifetime: 27.969
    annual_cost: 1.5936822911080124
    efficiency: 0.614777
    discharge_ratio: 0.1
    depth_of_discharge: 0.4
  Li-ion:
    cost: 167.198
    lifetime: 22.8921
    annual_cost: 7.3037423390602
    efficiency: 0.947527
    discharge_ratio: 2
    depth_of_discharge: 0.9
  Pb-acid:
    cost: 150.54
    lifetime: 13.261
    annual_cost: 11.352085061458412
    efficiency: 0.703009
    discharge_ratio: 5
    depth_of_discharge: 0.5
  VRBF:
    cost: 149.57
    lifetime: 23.0481
    annual_cost: 6.489472017216169
    efficiency: 0.803239
    discharge_ratio: 0.5
    depth_of_discharge: 1.0
