cost_values:
  wind_capex: 5000.0
  wind_opex: 100
  wind_lifetime: 20
  solar_capex: 1000.0
  solar_opex: 10
  solar_lifetime: 20
  carbon_price: 1.0
timeseries_values:
  load_level: 284606.18761491956
  wind_year: 2010
  solar_year: 2018
  price_year: 2023
  carbon_year: 2023
storage_values:
  CAES:
    cost: 40.5808
    lifetime: 26.9285
    annual_cost: 1.506983307648031
    efficiency: 0.6264
    discharge_ratio: 0.1
    depth_of_discharge: 0.4
  Li-ion:
    cost: 155.325
    lifetime: 21.8312
    annual_cost: 7.114817325662354
    efficiency: 0.952155
    discharge_ratio: 2
    depth_of_discharge: 0.9
  Pb-acid:
    cost: 162.905
    lifetime: 14.3475
    annual_cost: 11.354242899459836
    efficiency: 0.712952
    discharge_ratio: 5
    depth_of_discharge: 0.5
  VRBF:
    cost: 162.881
    lifetime: 26.5374
    annual_cost: 6.137790439153798
    efficiency: 0.817589
    discharge_ratio: 0.5
    depth_of_discharge: 1.0
