cost_values:
  wind_capex: 5000.0
  wind_opex: 100
  wind_lifetime: 20
  solar_capex: 1000.0
  solar_opex: 10
  solar_lifetime: 20
  carbon_price: 1.0
timeseries_values:
  load_level: 284606.18761491956
  wind_year: 2010
  solar_year: 2018
  price_year: 2023
  carbon_year: 2023
storage_values:
  CAES:
    cost: 42.0644
    lifetime: 27.3006
    annual_cost: 1.5407866493776694
    efficiency: 0.620271
    discharge_ratio: 0.1
    depth_of_discharge: 0.4
  Li-ion:
    cost: 145.764
    lifetime: 21.678
    annual_cost: 6.7240520343205095
    efficiency: 0.955629
    discharge_ratio: 2
    depth_of_discharge: 0.9
  Pb-acid:
    cost: 152.851
    lifetime: 14.4719
    annual_cost: 10.56191654171187
    efficiency: 0.69425
    discharge_ratio: 5
    depth_of_discharge: 0.5
  VRBF:
    cost: 157.217
    lifetime: 23.4412
    annual_cost: 6.7068665426684655
    efficiency: 0.787912
    discharge_ratio: 0.5
    depth_of_discharge: 1.0
