cost_values:
  wind_capex: 5000.0
  wind_opex: 100
  wind_lifetime: 20
  solar_capex: 1000.0
  solar_opex: 10
  solar_lifetime: 20
  carbon_price: 1.0
timeseries_values:
  load_level: 284606.18761491956
  wind_year: 2010
  solar_year: 2018
  price_year: 2023
  carbon_year: 2023
storage_values:
  CAES:
    cost: 31.9221
    lifetime: 26.4901
    annual_cost: 1.2050577385513832
    efficiency: 0.625968
    discharge_ratio: 0.1
    depth_of_discharge: 0.4
  Li-ion:
    cost: 137.043
    lifetime: 21.2198
    annual_cost: 6.458260681062027
    efficiency: 0.967455
    discharge_ratio: 2
    depth_of_discharge: 0.9
  Pb-acid:
    cost: 152.055
    lifetime: 14.5669
    annual_cost: 10.438391147052565
    efficiency: 0.70098
    discharge_ratio: 5
    depth_of_discharge: 0.5
  VRBF:
    cost: 165.174
    lifetime: 26.0156
    annual_cost: 6.34903673180707
    efficiency: 0.814278
    discharge_ratio: 0.5
    depth_of_discharge: 1.0
