cost_values:
  wind_capex: 5000.0
  wind_opex: 100
  wind_lifetime: 20
  solar_capex: 1000.0
  solar_opex: 10
  solar_lifetime: 20
  carbon_price: 1.0
timeseries_values:
  load_level: 284606.18761491956
  wind_year: 2010
  solar_year: 2018
  price_year: 2023
  carbon_year: 2023
storage_values:
  CAES:
    cost: 37.8665
    lifetime: 27.5503
    annual_cost: 1.3744496430165916
    efficiency: 0.629284
    discharge_ratio: 0.1
    depth_of_discharge: 0.4
  Li-ion:
    cost: 145.763
    lifetime: 22.8175
    annual_cost: 6.388210803111647
    efficiency: 0.960065
    discharge_ratio: 2
    depth_of_discharge: 0.9
  Pb-acid:
    cost: 160.385
    lifetime: 13.3992
    annual_cost: 11.96974446235596
    efficiency: 0.704587
    discharge_ratio: 5
    depth_of_discharge: 0.5
  VRBF:
    cost: 198.254
    lifetime: 27.0527
    annual_cost: 7.3284367179616074
    efficiency: 0.807585
    discharge_ratio: 0.5
    depth_of_discharge: 1.0
