cost_values:
  wind_capex: 5000.0
  wind_opex: 100
  wind_lifetime: 20
  solar_capex: 1000.0
  solar_opex: 10
  solar_lifetime: 20
  carbon_price: 1.0
timeseries_values:
  load_level: 284606.18761491956
  wind_year: 2010
  solar_year: 2018
  price_year: 2023
  carbon_year: 2023
storage_values:
  CAES:
    cost: 43.8327
    lifetime: 27.4086
    annual_cost: 1.5992316280291587
    efficiency: 0.626788
    discharge_ratio: 0.1
    depth_of_discharge: 0.4
  Li-ion:
    cost: 149.061
    lifetime: 21.3748
    annual_cost: 6.973679285888055
    efficiency: 0.95572
    discharge_ratio: 2
    depth_of_discharge: 0.9
  Pb-acid:
    cost: 156.5
    lifetime: 14.69
    annual_cost: 10.65350578624915
    efficiency: 0.704444
    discharge_ratio: 5
    depth_of_discharge: 0.5
  VRBF:
    cost: 178.129
    lifetime: 22.9196
    annual_cost: 7.771907014084015
    efficiency: 0.830271
    discharge_ratio: 0.5
    depth_of_discharge: 1.0
