cost_values:
  wind_capex: 5000.0
  wind_opex: 100
  wind_lifetime: 20
  solar_capex: 1000.0
  solar_opex: 10
  solar_lifetime: 20
  carbon_price: 1.0
timeseries_values:
  load_level: 284606.18761491956
  wind_year: 2010
  solar_year: 2018
  price_year: 2023
  carbon_year: 2023
storage_values:
  CAES:
    cost: 42.3601
    lifetime: 27.5493
    annual_cost: 1.5376107559901706
    efficiency: 0.623925
    discharge_ratio: 0.1
    depth_of_discharge: 0.4
  Li-ion:
    cost: 161.77
    lifetime: 21.4523
    annual_cost: 7.540916358618889
    efficiency: 0.9592
    discharge_ratio: 2
    depth_of_discharge: 0.9
  Pb-acid:
    cost: 146.59
    lifetime: 13.8881
    annual_cost: 10.55507952851722
    efficiency: 0.705273
    discharge_ratio: 5
    depth_of_discharge: 0.5
  VRBF:
    cost: 153.526
    lifetime: 24.9724
    annual_cost: 6.147827201230158
    efficiency: 0.817566
    discharge_ratio: 0.5
    depth_of_discharge: 1.0
