cost_values:
  wind_capex: 5000.0
  wind_opex: 100
  wind_lifetime: 20
  solar_capex: 1000.0
  solar_opex: 10
  solar_lifetime: 20
  carbon_price: 1.0
timeseries_values:
  load_level: 284606.18761491956
  wind_year: 2010
  solar_year: 2018
  price_year: 2023
  carbon_year: 2023
storage_values:
  CAES:
    cost: 35.5115
    lifetime: 27.5756
    annual_cost: 1.2877870291126936
    efficiency: 0.626894
    discharge_ratio: 0.1
    depth_of_discharge: 0.4
  Li-ion:
    cost: 160.964
    lifetime: 21.8052
    annual_cost: 7.381908902463633
    efficiency: 0.963082
    discharge_ratio: 2
    depth_of_discharge: 0.9
  Pb-acid:
    cost: 150.152
    lifetime: 13.4667
    annual_cost: 11.149873391402496
    efficiency: 0.691476
    discharge_ratio: 5
    depth_of_discharge: 0.5
  VRBF:
    cost: 186.048
    lifetime: 24.6244
    annual_cost: 7.555432822728675
    efficiency: 0.814124
    discharge_ratio: 0.5
    depth_of_discharge: 1.0
