cost_values:
  wind_capex: 5000.0
  wind_opex: 100
  wind_lifetime: 20
  solar_capex: 1000.0
  solar_opex: 10
  solar_lifetime: 20
  carbon_price: 1.0
timeseries_values:
  load_level: 284606.18761491956
  wind_year: 2010
  solar_year: 2018
  price_year: 2023
  carbon_year: 2023
storage_values:
  CAES:
    cost: 35.5067
    lifetime: 28.6936
    annual_cost: 1.2374431929071292
    efficiency: 0.616594
    discharge_ratio: 0.1
    depth_of_discharge: 0.4
  Li-ion:
    cost: 158.546
    lifetime: 22.5561
    annual_cost: 7.028963340293756
    efficiency: 0.966284
    discharge_ratio: 2
    depth_of_discharge: 0.9
  Pb-acid:
    cost: 152.08
    lifetime: 14.4358
    annual_cost: 10.53492012912343
    efficiency: 0.69546
    discharge_ratio: 5
    depth_of_discharge: 0.5
  VRBF:
    cost: 170.53
    lifetime: 23.9282
    annual_cost: 7.126737489656556
    efficiency: 0.815944
    discharge_ratio: 0.5
    depth_of_discharge: 1.0
