cost_values:
  wind_capex: 5000.0
  wind_opex: 100
  wind_lifetime: 20
  solar_capex: 1000.0
  solar_opex: 10
  solar_lifetime: 20
  carbon_price: 1.0
timeseries_values:
  load_level: 284606.18761491956
  wind_year: 2010
  solar_year: 2018
  price_year: 2023
  carbon_year: 2023
storage_values:
  CAES:
    cost: 40.2159
    lifetime: 27.6038
    annual_cost: 1.4568972387859642
    efficiency: 0.629788
    discharge_ratio: 0.1
    depth_of_discharge: 0.4
  Li-ion:
    cost: 168.797
    lifetime: 21.7758
    annual_cost: 7.751586623683171
    efficiency: 0.949667
    discharge_ratio: 2
    depth_of_discharge: 0.9
  Pb-acid:
    cost: 164.575
    lifetime: 14.4568
    annual_cost: 11.38391621935698
    efficiency: 0.671578
    discharge_ratio: 5
    depth_of_discharge: 0.5
  VRBF:
    cost: 201.48
    lifetime: 27.4954
    annual_cost: 7.327771190817373
    efficiency: 0.796332
    discharge_ratio: 0.5
    depth_of_discharge: 1.0
