cost_values:
  wind_capex: 5000.0
  wind_opex: 100
  wind_lifetime: 20
  solar_capex: 1000.0
  solar_opex: 10
  solar_lifetime: 20
  carbon_price: 1.0
timeseries_values:
  load_level: 284606.18761491956
  wind_year: 2010
  solar_year: 2018
  price_year: 2023
  carbon_year: 2023
storage_values:
  CAES:
    cost: 38.2946
    lifetime: 27.9835
    annual_cost: 1.3684707059517216
    efficiency: 0.614563
    discharge_ratio: 0.1
    depth_of_discharge: 0.4
  Li-ion:
    cost: 177.635
    lifetime: 20.9528
    annual_cost: 8.477864533618417
    efficiency: 0.95965
    discharge_ratio: 2
    depth_of_discharge: 0.9
  Pb-acid:
    cost: 161.29
    lifetime: 14.6426
    annual_cost: 11.015120265526614
    efficiency: 0.673967
    discharge_ratio: 5
    depth_of_discharge: 0.5
  VRBF:
    cost: 168.731
    lifetime: 25.1223
    annual_cost: 6.716383452152072
    efficiency: 0.833515
    discharge_ratio: 0.5
    depth_of_discharge: 1.0
