cost_values:
  wind_capex: 5000.0
  wind_opex: 100
  wind_lifetime: 20
  solar_capex: 1000.0
  solar_opex: 10
  solar_lifetime: 20
  carbon_price: 1.0
timeseries_values:
  load_level: 284606.18761491956
  wind_year: 2010
  solar_year: 2018
  price_year: 2023
  carbon_year: 2023
storage_values:
  CAES:
    cost: 47.5602
    lifetime: 26.6676
    annual_cost: 1.7834450794222203
    efficiency: 0.621719
    discharge_ratio: 0.1
    depth_of_discharge: 0.4
  Li-ion:
    cost: 171.316
    lifetime: 20.9066
    annual_cost: 8.194350109534788
    efficiency: 0.962936
    discharge_ratio: 2
    depth_of_discharge: 0.9
  Pb-acid:
    cost: 159.806
    lifetime: 14.7408
    annual_cost: 10.841066970585043
    efficiency: 0.692044
    discharge_ratio: 5
    depth_of_discharge: 0.5
  VRBF:
    cost: 137.499
    lifetime: 23.4535
    annual_cost: 5.862621783529111
    efficiency: 0.816259
    discharge_ratio: 0.5
    depth_of_discharge: 1.0
