cost_values:
  wind_capex: 5000.0
  wind_opex: 100
  wind_lifetime: 20
  solar_capex: 1000.0
  solar_opex: 10
  solar_lifetime: 20
  carbon_price: 1.0
timeseries_values:
  load_level: 284606.18761491956
  wind_year: 2010
  solar_year: 2018
  price_year: 2023
  carbon_year: 2023
storage_values:
  CAES:
    cost: 47.9287
    lifetime: 27.0551
    annual_cost: 1.7715218202852696
    efficiency: 0.624463
    discharge_ratio: 0.1
    depth_of_discharge: 0.4
  Li-ion:
    cost: 140.698
    lifetime: 22.2878
    annual_cost: 6.312780983318228
    efficiency: 0.947416
    discharge_ratio: 2
    depth_of_discharge: 0.9
  Pb-acid:
    cost: 150.554
    lifetime: 13.279
    annual_cost: 11.33775133669704
    efficiency: 0.697996
    discharge_ratio: 5
    depth_of_discharge: 0.5
  VRBF:
    cost: 162.822
    lifetime: 22.6727
    annual_cost: 7.181412006510032
    efficiency: 0.812089
    discharge_ratio: 0.5
    depth_of_discharge: 1.0
