cost_values:
  wind_capex: 5000.0
  wind_opex: 100
  wind_lifetime: 20
  solar_capex: 1000.0
  solar_opex: 10
  solar_lifetime: 20
  carbon_price: 1.0
timeseries_values:
  load_level: 284606.18761491956
  wind_year: 2010
  solar_year: 2018
  price_year: 2023
  carbon_year: 2023
storage_values:
  CAES:
    cost: 49.6253
    lifetime: 27.0113
    annual_cost: 1.8372051696882419
    efficiency: 0.619016
    discharge_ratio: 0.1
    depth_of_discharge: 0.4
  Li-ion:
    cost: 153.915
    lifetime: 21.2226
    annual_cost: 7.252410166520596
    efficiency: 0.957693
    discharge_ratio: 2
    depth_of_discharge: 0.9
  Pb-acid:
    cost: 142.982
    lifetime: 14.4887
    annual_cost: 9.868518224547406
    efficiency: 0.688435
    discharge_ratio: 5
    depth_of_discharge: 0.5
  VRBF:
    cost: 199.273
    lifetime: 25.9757
    annual_cost: 7.671516070789237
    efficiency: 0.810718
    discharge_ratio: 0.5
    depth_of_discharge: 1.0
