cost_values:
  wind_capex: 5000.0
  wind_opex: 100
  wind_lifetime: 20
  solar_capex: 1000.0
  solar_opex: 10
  solar_lifetime: 20
  carbon_price: 1.0
timeseries_values:
  load_level: 284606.18761491956
  wind_year: 2010
  solar_year: 2018
  price_year: 2023
  carbon_year: 2023
storage_values:
  CAES:
    cost: 44.7641
    lifetime: 26.6668
    annual_cost: 1.6786453567732162
    efficiency: 0.617187
    discharge_ratio: 0.1
    depth_of_discharge: 0.4
  Li-ion:
    cost: 158.032
    lifetime: 23.8042
    annual_cost: 6.63882844203964
    efficiency: 0.939177
    discharge_ratio: 2
    depth_of_discharge: 0.9
  Pb-acid:
    cost: 164.382
    lifetime: 12.9247
    annual_cost: 12.71843833899433
    efficiency: 0.709236
    discharge_ratio: 5
    depth_of_discharge: 0.5
  VRBF:
    cost: 157.676
    lifetime: 27.9457
    annual_cost: 5.642227605678154
    efficiency: 0.801307
    discharge_ratio: 0.5
    depth_of_discharge: 1.0
