cost_values:
  wind_capex: 5000.0
  wind_opex: 100
  wind_lifetime: 20
  solar_capex: 1000.0
  solar_opex: 10
  solar_lifetime: 20
  carbon_price: 1.0
timeseries_values:
  load_level: 284606.18761491956
  wind_year: 2010
  solar_year: 2018
  price_year: 2023
  carbon_year: 2023
storage_values:
  CAES:
    cost: 41.8779
    lifetime: 27.4521
    annual_cost: 1.5254898532352714
    efficiency: 0.61992
    discharge_ratio: 0.1
    depth_of_discharge: 0.4
  Li-ion:
    cost: 154.427
    lifetime: 22.484
    annual_cost: 6.868306351183063
    efficiency: 0.952096
    discharge_ratio: 2
    depth_of_discharge: 0.9
  Pb-acid:
    cost: 165.347
    lifetime: 11.7029
    annual_cost: 14.128720231737434
    efficiency: 0.680655
    discharge_ratio: 5
    depth_of_discharge: 0.5
  VRBF:
    cost: 204.29
    lifetime: 26.2555
    annual_cost: 7.780845917998133
    efficiency: 0.802593
    discharge_ratio: 0.5
    depth_of_discharge: 1.0
