cost_values:
  wind_capex: 5000.0
  wind_opex: 100
  wind_lifetime: 20
  solar_capex: 1000.0
  solar_opex: 10
  solar_lifetime: 20
  carbon_price: 1.0
timeseries_values:
  load_level: 284606.18761491956
  wind_year: 2010
  solar_year: 2018
  price_year: 2023
  carbon_year: 2023
storage_values:
  CAES:
    cost: 41.6232
    lifetime: 27.7566
    annual_cost: 1.4995784786321091
    efficiency: 0.620205
    discharge_ratio: 0.1
    depth_of_discharge: 0.4
  Li-ion:
    cost: 146.555
    lifetime: 21.4262
    annual_cost: 6.83999029225901
    efficiency: 0.961793
    discharge_ratio: 2
    depth_of_discharge: 0.9
  Pb-acid:
    cost: 163.101
    lifetime: 12.956
    annual_cost: 12.58883914788515
    efficiency: 0.700634
    discharge_ratio: 5
    depth_of_discharge: 0.5
  VRBF:
    cost: 161.498
    lifetime: 24.7249
    annual_cost: 6.531795881884253
    efficiency: 0.789454
    discharge_ratio: 0.5
    depth_of_discharge: 1.0
