cost_values:
  wind_capex: 5000.0
  wind_opex: 100
  wind_lifetime: 20
  solar_capex: 1000.0
  solar_opex: 10
  solar_lifetime: 20
  carbon_price: 1.0
timeseries_values:
  load_level: 284606.18761491956
  wind_year: 2010
  solar_year: 2018
  price_year: 2023
  carbon_year: 2023
storage_values:
  CAES:
    cost: 46.8222
    lifetime: 27.5268
    annual_cost: 1.700967784123109
    efficiency: 0.621533
    discharge_ratio: 0.1
    depth_of_discharge: 0.4
  Li-ion:
    cost: 136.863
    lifetime: 23.3592
    annual_cost: 5.8590619541765125
    efficiency: 0.960873
    discharge_ratio: 2
    depth_of_discharge: 0.9
  Pb-acid:
    cost: 155.516
    lifetime: 12.4179
    annual_cost: 12.523534575089185
    efficiency: 0.693932
    discharge_ratio: 5
    depth_of_discharge: 0.5
  VRBF:
    cost: 173.983
    lifetime: 24.7898
    annual_cost: 7.0183301196459835
    efficiency: 0.826024
    discharge_ratio: 0.5
    depth_of_discharge: 1.0
