cost_values:
  wind_capex: 5000.0
  wind_opex: 100
  wind_lifetime: 20
  solar_capex: 1000.0
  solar_opex: 10
  solar_lifetime: 20
  carbon_price: 1.0
timeseries_values:
  load_level: 284606.18761491956
  wind_year: 2010
  solar_year: 2018
  price_year: 2023
  carbon_year: 2023
storage_values:
  CAES:
    cost: 31.1869
    lifetime: 28.2115
    annual_cost: 1.1054676284493912
    efficiency: 0.618812
    discharge_ratio: 0.1
    depth_of_discharge: 0.4
  Li-ion:
    cost: 153.836
    lifetime: 23.1002
    annual_cost: 6.659509441476698
    efficiency: 0.95843
    discharge_ratio: 2
    depth_of_discharge: 0.9
  Pb-acid:
    cost: 144.76
    lifetime: 13.8769
    annual_cost: 10.431724664730595
    efficiency: 0.679456
    discharge_ratio: 5
    depth_of_discharge: 0.5
  VRBF:
    cost: 117.7
    lifetime: 23.0147
    annual_cost: 5.114122712874814
    efficiency: 0.814145
    discharge_ratio: 0.5
    depth_of_discharge: 1.0
