cost_values:
  wind_capex: 5000.0
  wind_opex: 100
  wind_lifetime: 20
  solar_capex: 1000.0
  solar_opex: 10
  solar_lifetime: 20
  carbon_price: 1.0
timeseries_values:
  load_level: 284606.18761491956
  wind_year: 2010
  solar_year: 2018
  price_year: 2023
  carbon_year: 2023
storage_values:
  CAES:
    cost: 40.9355
    lifetime: 27.3199
    annual_cost: 1.4983766412029325
    efficiency: 0.621183
    discharge_ratio: 0.1
    depth_of_discharge: 0.4
  Li-ion:
    cost: 156.675
    lifetime: 20.7214
    annual_cost: 7.5610238690435985
    efficiency: 0.956626
    discharge_ratio: 2
    depth_of_discharge: 0.9
  Pb-acid:
    cost: 170.082
    lifetime: 14.6968
    annual_cost: 11.572723313918676
    efficiency: 0.702301
    discharge_ratio: 5
    depth_of_discharge: 0.5
  VRBF:
    cost: 133.383
    lifetime: 24.9604
    annual_cost: 5.3437845547347
    efficiency: 0.822799
    discharge_ratio: 0.5
    depth_of_discharge: 1.0
