cost_values:
  wind_capex: 5000.0
  wind_opex: 100
  wind_lifetime: 20
  solar_capex: 1000.0
  solar_opex: 10
  solar_lifetime: 20
  carbon_price: 1.0
timeseries_values:
  load_level: 284606.18761491956
  wind_year: 2010
  solar_year: 2018
  price_year: 2023
  carbon_year: 2023
storage_values:
  CAES:
    cost: 41.644
    lifetime: 27.4569
    annual_cost: 1.5167043621093421
    efficiency: 0.61655
    discharge_ratio: 0.1
    depth_of_discharge: 0.4
  Li-ion:
    cost: 169.27
    lifetime: 20.009
    annual_cost: 8.45969313808786
    efficiency: 0.948954
    discharge_ratio: 2
    depth_of_discharge: 0.9
  Pb-acid:
    cost: 143.173
    lifetime: 14.3518
    annual_cost: 9.975961203472735
    efficiency: 0.698022
    discharge_ratio: 5
    depth_of_discharge: 0.5
  VRBF:
    cost: 168.561
    lifetime: 24.9113
    annual_cost: 6.766447355216307
    efficiency: 0.802683
    discharge_ratio: 0.5
    depth_of_discharge: 1.0
