cost_values:
  wind_capex: 5000.0
  wind_opex: 100
  wind_lifetime: 20
  solar_capex: 1000.0
  solar_opex: 10
  solar_lifetime: 20
  carbon_price: 1.0
timeseries_values:
  load_level: 284606.18761491956
  wind_year: 2010
  solar_year: 2018
  price_year: 2023
  carbon_year: 2023
storage_values:
  CAES:
    cost: 35.0301
    lifetime: 27.3039
    annual_cost: 1.2829705646446112
    efficiency: 0.630207
    discharge_ratio: 0.1
    depth_of_discharge: 0.4
  Li-ion:
    cost: 137.307
    lifetime: 24.2047
    annual_cost: 5.672741244469049
    efficiency: 0.95283
    discharge_ratio: 2
    depth_of_discharge: 0.9
  Pb-acid:
    cost: 154.751
    lifetime: 12.6476
    annual_cost: 12.235602011448812
    efficiency: 0.704924
    discharge_ratio: 5
    depth_of_discharge: 0.5
  VRBF:
    cost: 138.866
    lifetime: 25.1713
    annual_cost: 5.516838621763676
    efficiency: 0.821076
    discharge_ratio: 0.5
    depth_of_discharge: 1.0
