cost_values:
  wind_capex: 5000.0
  wind_opex: 100
  wind_lifetime: 20
  solar_capex: 1000.0
  solar_opex: 10
  solar_lifetime: 20
  carbon_price: 1.0
timeseries_values:
  load_level: 284606.18761491956
  wind_year: 2010
  solar_year: 2018
  price_year: 2023
  carbon_year: 2023
storage_values:
  CAES:
    cost: 36.7371
    lifetime: 27.643
    annual_cost: 1.3289838295409324
    efficiency: 0.621079
    discharge_ratio: 0.1
    depth_of_discharge: 0.4
  Li-ion:
    cost: 165.304
    lifetime: 22.5094
    annual_cost: 7.343776377868802
    efficiency: 0.960241
    discharge_ratio: 2
    depth_of_discharge: 0.9
  Pb-acid:
    cost: 168.48
    lifetime: 14.5878
    annual_cost: 11.549376876568092
    efficiency: 0.697825
    discharge_ratio: 5
    depth_of_discharge: 0.5
  VRBF:
    cost: 198.573
    lifetime: 24.6948
    annual_cost: 8.04108557267117
    efficiency: 0.808129
    discharge_ratio: 0.5
    depth_of_discharge: 1.0
