cost_values:
  wind_capex: 5000.0
  wind_opex: 100
  wind_lifetime: 20
  solar_capex: 1000.0
  solar_opex: 10
  solar_lifetime: 20
  carbon_price: 1.0
timeseries_values:
  load_level: 261902.00238367714
  wind_year: 2014
  solar_year: 2014
  price_year: 2023
  carbon_year: 2023
storage_values:
  CAES:
    cost: 71.8125
    lifetime: 26.1965
    annual_cost: 2.741301318878476
    efficiency: 0.610949
    discharge_ratio: 0.1
    depth_of_discharge: 0.4
  Li-ion:
    cost: 243.71
    lifetime: 24.2948
    annual_cost: 10.031364736486822
    efficiency: 0.907292
    discharge_ratio: 2
    depth_of_discharge: 0.9
  Pb-acid:
    cost: 118.584
    lifetime: 6.08201
    annual_cost: 19.497501648303768
    efficiency: 0.773994
    discharge_ratio: 5
    depth_of_discharge: 0.5
  VRBF:
    cost: 251.899
    lifetime: 14.5542
    annual_cost: 17.307650025422216
    efficiency: 0.773566
    discharge_ratio: 0.5
    depth_of_discharge: 1.0
