cost_values:
  wind_capex: 5000.0
  wind_opex: 100
  wind_lifetime: 20
  solar_capex: 1000.0
  solar_opex: 10
  solar_lifetime: 20
  carbon_price: 1.0
timeseries_values:
  load_level: 261902.00238367714
  wind_year: 2014
  solar_year: 2014
  price_year: 2023
  carbon_year: 2023
storage_values:
  CAES:
    cost: 75.0154
    lifetime: 24.1041
    annual_cost: 3.112142747499388
    efficiency: 0.617105
    discharge_ratio: 0.1
    depth_of_discharge: 0.4
  Li-ion:
    cost: 280.973
    lifetime: 24.1816
    annual_cost: 11.61928904621696
    efficiency: 0.896596
    discharge_ratio: 2
    depth_of_discharge: 0.9
  Pb-acid:
    cost: 118.885
    lifetime: 7.28931
    annual_cost: 16.309499801764503
    efficiency: 0.78791
    discharge_ratio: 5
    depth_of_discharge: 0.5
  VRBF:
    cost: 282.402
    lifetime: 16.2307
    annual_cost: 17.39924957025883
    efficiency: 0.736534
    discharge_ratio: 0.5
    depth_of_discharge: 1.0
