cost_values:
  wind_capex: 5000.0
  wind_opex: 100
  wind_lifetime: 20
  solar_capex: 1000.0
  solar_opex: 10
  solar_lifetime: 20
  carbon_price: 1.0
timeseries_values:
  load_level: 261902.00238367714
  wind_year: 2014
  solar_year: 2014
  price_year: 2023
  carbon_year: 2023
storage_values:
  CAES:
    cost: 77.4892
    lifetime: 24.7913
    annual_cost: 3.1256610181797644
    efficiency: 0.621027
    discharge_ratio: 0.1
    depth_of_discharge: 0.4
  Li-ion:
    cost: 278.202
    lifetime: 25.7916
    annual_cost: 10.78653515097939
    efficiency: 0.890035
    discharge_ratio: 2
    depth_of_discharge: 0.9
  Pb-acid:
    cost: 144.195
    lifetime: 8.31651
    annual_cost: 17.338402767507045
    efficiency: 0.782626
    discharge_ratio: 5
    depth_of_discharge: 0.5
  VRBF:
    cost: 276.286
    lifetime: 14.9039
    annual_cost: 18.537832379444307
    efficiency: 0.755028
    discharge_ratio: 0.5
    depth_of_discharge: 1.0
