cost_values:
  wind_capex: 5000.0
  wind_opex: 100
  wind_lifetime: 20
  solar_capex: 1000.0
  solar_opex: 10
  solar_lifetime: 20
  carbon_price: 1.0
timeseries_values:
  load_level: 261902.00238367714
  wind_year: 2014
  solar_year: 2014
  price_year: 2023
  carbon_year: 2023
storage_values:
  CAES:
    cost: 77.6951
    lifetime: 24.482
    annual_cost: 3.173560166653051
    efficiency: 0.618751
    discharge_ratio: 0.1
    depth_of_discharge: 0.4
  Li-ion:
    cost: 263.572
    lifetime: 24.6592
    annual_cost: 10.688586815468467
    efficiency: 0.889916
    discharge_ratio: 2
    depth_of_discharge: 0.9
  Pb-acid:
    cost: 130.318
    lifetime: 8.6019
    annual_cost: 15.149908741092085
    efficiency: 0.783108
    discharge_ratio: 5
    depth_of_discharge: 0.5
  VRBF:
    cost: 308.872
    lifetime: 15.4627
    annual_cost: 19.975295388256903
    efficiency: 0.756057
    discharge_ratio: 0.5
    depth_of_discharge: 1.0
