cost_values:
  wind_capex: 5000.0
  wind_opex: 100
  wind_lifetime: 20
  solar_capex: 1000.0
  solar_opex: 10
  solar_lifetime: 20
  carbon_price: 1.0
timeseries_values:
  load_level: 261902.00238367714
  wind_year: 2014
  solar_year: 2014
  price_year: 2023
  carbon_year: 2023
storage_values:
  CAES:
    cost: 78.8403
    lifetime: 23.1794
    annual_cost: 3.4013089208521357
    efficiency: 0.619741
    discharge_ratio: 0.1
    depth_of_discharge: 0.4
  Li-ion:
    cost: 253.362
    lifetime: 26.1841
    annual_cost: 9.676177527583533
    efficiency: 0.905834
    discharge_ratio: 2
    depth_of_discharge: 0.9
  Pb-acid:
    cost: 134.552
    lifetime: 7.52223
    annual_cost: 17.887248861042533
    efficiency: 0.776275
    discharge_ratio: 5
    depth_of_discharge: 0.5
  VRBF:
    cost: 243.153
    lifetime: 15.2345
    annual_cost: 15.960681348255603
    efficiency: 0.768711
    discharge_ratio: 0.5
    depth_of_discharge: 1.0
