cost_values:
  wind_capex: 5000.0
  wind_opex: 100
  wind_lifetime: 20
  solar_capex: 1000.0
  solar_opex: 10
  solar_lifetime: 20
  carbon_price: 1.0
timeseries_values:
  load_level: 261902.00238367714
  wind_year: 2014
  solar_year: 2014
  price_year: 2023
  carbon_year: 2023
storage_values:
  CAES:
    cost: 77.8205
    lifetime: 24.4896
    annual_cost: 3.1776958382333724
    efficiency: 0.616171
    discharge_ratio: 0.1
    depth_of_discharge: 0.4
  Li-ion:
    cost: 266.237
    lifetime: 24.7259
    annual_cost: 10.767535256552847
    efficiency: 0.885129
    discharge_ratio: 2
    depth_of_discharge: 0.9
  Pb-acid:
    cost: 160.118
    lifetime: 9.97156
    annual_cost: 16.057467437391942
    efficiency: 0.78536
    discharge_ratio: 5
    depth_of_discharge: 0.5
  VRBF:
    cost: 279.468
    lifetime: 16.7338
    annual_cost: 16.700809140780937
    efficiency: 0.757395
    discharge_ratio: 0.5
    depth_of_discharge: 1.0
