cost_values:
  wind_capex: 5000.0
  wind_opex: 100
  wind_lifetime: 20
  solar_capex: 1000.0
  solar_opex: 10
  solar_lifetime: 20
  carbon_price: 1.0
timeseries_values:
  load_level: 261902.00238367714
  wind_year: 2014
  solar_year: 2014
  price_year: 2023
  carbon_year: 2023
storage_values:
  CAES:
    cost: 75.2799
    lifetime: 24.5882
    annual_cost: 3.0616271219528066
    efficiency: 0.605171
    discharge_ratio: 0.1
    depth_of_discharge: 0.4
  Li-ion:
    cost: 257.666
    lifetime: 25.8759
    annual_cost: 9.957759923326337
    efficiency: 0.916027
    discharge_ratio: 2
    depth_of_discharge: 0.9
  Pb-acid:
    cost: 138.587
    lifetime: 8.51185
    annual_cost: 16.281654399454876
    efficiency: 0.779294
    discharge_ratio: 5
    depth_of_discharge: 0.5
  VRBF:
    cost: 249.773
    lifetime: 13.5534
    annual_cost: 18.428807531689465
    efficiency: 0.757604
    discharge_ratio: 0.5
    depth_of_discharge: 1.0
