cost_values:
  wind_capex: 5000.0
  wind_opex: 100
  wind_lifetime: 20
  solar_capex: 1000.0
  solar_opex: 10
  solar_lifetime: 20
  carbon_price: 1.0
timeseries_values:
  load_level: 261902.00238367714
  wind_year: 2014
  solar_year: 2014
  price_year: 2023
  carbon_year: 2023
storage_values:
  CAES:
    cost: 78.1693
    lifetime: 23.6693
    annual_cost: 3.302560700992425
    efficiency: 0.613062
    discharge_ratio: 0.1
    depth_of_discharge: 0.4
  Li-ion:
    cost: 276.629
    lifetime: 24.6476
    annual_cost: 11.223364546649574
    efficiency: 0.901763
    discharge_ratio: 2
    depth_of_discharge: 0.9
  Pb-acid:
    cost: 143.434
    lifetime: 9.87289
    annual_cost: 14.528066250105086
    efficiency: 0.775896
    discharge_ratio: 5
    depth_of_discharge: 0.5
  VRBF:
    cost: 259.143
    lifetime: 17.1991
    annual_cost: 15.067241890564038
    efficiency: 0.746913
    discharge_ratio: 0.5
    depth_of_discharge: 1.0
