cost_values:
  wind_capex: 5000.0
  wind_opex: 100
  wind_lifetime: 20
  solar_capex: 1000.0
  solar_opex: 10
  solar_lifetime: 20
  carbon_price: 1.0
timeseries_values:
  load_level: 261902.00238367714
  wind_year: 2014
  solar_year: 2014
  price_year: 2023
  carbon_year: 2023
storage_values:
  CAES:
    cost: 77.5469
    lifetime: 25.1102
    annual_cost: 3.0882629369738193
    efficiency: 0.6221
    discharge_ratio: 0.1
    depth_of_discharge: 0.4
  Li-ion:
    cost: 263.574
    lifetime: 25.785
    annual_cost: 10.221989528795811
    efficiency: 0.904894
    discharge_ratio: 2
    depth_of_discharge: 0.9
  Pb-acid:
    cost: 142.017
    lifetime: 8.73937
    annual_cost: 16.250256025319903
    efficiency: 0.789399
    discharge_ratio: 5
    depth_of_discharge: 0.5
  VRBF:
    cost: 287.957
    lifetime: 16.2964
    annual_cost: 17.669976191060602
    efficiency: 0.754813
    discharge_ratio: 0.5
    depth_of_discharge: 1.0
