cost_values:
  wind_capex: 5000.0
  wind_opex: 100
  wind_lifetime: 20
  solar_capex: 1000.0
  solar_opex: 10
  solar_lifetime: 20
  carbon_price: 1.0
timeseries_values:
  load_level: 261902.00238367714
  wind_year: 2014
  solar_year: 2014
  price_year: 2023
  carbon_year: 2023
storage_values:
  CAES:
    cost: 77.5808
    lifetime: 25.3866
    annual_cost: 3.0559744116975094
    efficiency: 0.617613
    discharge_ratio: 0.1
    depth_of_discharge: 0.4
  Li-ion:
    cost: 244.351
    lifetime: 25.8665
    annual_cost: 9.446620145748362
    efficiency: 0.901131
    discharge_ratio: 2
    depth_of_discharge: 0.9
  Pb-acid:
    cost: 131.808
    lifetime: 6.99979
    annual_cost: 18.830279194090107
    efficiency: 0.774229
    discharge_ratio: 5
    depth_of_discharge: 0.5
  VRBF:
    cost: 250.657
    lifetime: 13.943
    annual_cost: 17.9772645772072
    efficiency: 0.765562
    discharge_ratio: 0.5
    depth_of_discharge: 1.0
