cost_values:
  wind_capex: 5000.0
  wind_opex: 100
  wind_lifetime: 20
  solar_capex: 1000.0
  solar_opex: 10
  solar_lifetime: 20
  carbon_price: 1.0
timeseries_values:
  load_level: 261902.00238367714
  wind_year: 2014
  solar_year: 2014
  price_year: 2023
  carbon_year: 2023
storage_values:
  CAES:
    cost: 78.9788
    lifetime: 25.6943
    annual_cost: 3.073786793179811
    efficiency: 0.619249
    discharge_ratio: 0.1
    depth_of_discharge: 0.4
  Li-ion:
    cost: 283.132
    lifetime: 24.474
    annual_cost: 11.568685135245566
    efficiency: 0.902026
    discharge_ratio: 2
    depth_of_discharge: 0.9
  Pb-acid:
    cost: 113.661
    lifetime: 7.67796
    annual_cost: 14.803541565728397
    efficiency: 0.787776
    discharge_ratio: 5
    depth_of_discharge: 0.5
  VRBF:
    cost: 252.38
    lifetime: 16.4509
    annual_cost: 15.341409892467889
    efficiency: 0.763035
    discharge_ratio: 0.5
    depth_of_discharge: 1.0
