cost_values:
  wind_capex: 5000.0
  wind_opex: 100
  wind_lifetime: 20
  solar_capex: 1000.0
  solar_opex: 10
  solar_lifetime: 20
  carbon_price: 1.0
timeseries_values:
  load_level: 261902.00238367714
  wind_year: 2014
  solar_year: 2014
  price_year: 2023
  carbon_year: 2023
storage_values:
  CAES:
    cost: 78.4263
    lifetime: 24.2806
    annual_cost: 3.2299984349645396
    efficiency: 0.611837
    discharge_ratio: 0.1
    depth_of_discharge: 0.4
  Li-ion:
    cost: 271.156
    lifetime: 24.5011
    annual_cost: 11.067094946757493
    efficiency: 0.903312
    discharge_ratio: 2
    depth_of_discharge: 0.9
  Pb-acid:
    cost: 146.214
    lifetime: 10.2069
    annual_cost: 14.32501543073803
    efficiency: 0.770459
    discharge_ratio: 5
    depth_of_discharge: 0.5
  VRBF:
    cost: 263.973
    lifetime: 16.2242
    annual_cost: 16.270324576866656
    efficiency: 0.754724
    discharge_ratio: 0.5
    depth_of_discharge: 1.0
