cost_values:
  wind_capex: 5000.0
  wind_opex: 100
  wind_lifetime: 20
  solar_capex: 1000.0
  solar_opex: 10
  solar_lifetime: 20
  carbon_price: 1.0
timeseries_values:
  load_level: 261902.00238367714
  wind_year: 2014
  solar_year: 2014
  price_year: 2023
  carbon_year: 2023
storage_values:
  CAES:
    cost: 74.74
    lifetime: 23.6163
    annual_cost: 3.16476332024915
    efficiency: 0.630541
    discharge_ratio: 0.1
    depth_of_discharge: 0.4
  Li-ion:
    cost: 253.809
    lifetime: 26.6872
    annual_cost: 9.51051440390899
    efficiency: 0.906271
    discharge_ratio: 2
    depth_of_discharge: 0.9
  Pb-acid:
    cost: 137.803
    lifetime: 8.38786
    annual_cost: 16.428862665805102
    efficiency: 0.771561
    discharge_ratio: 5
    depth_of_discharge: 0.5
  VRBF:
    cost: 239.719
    lifetime: 18.2676
    annual_cost: 13.1226324202413
    efficiency: 0.768324
    discharge_ratio: 0.5
    depth_of_discharge: 1.0
