cost_values:
  wind_capex: 5000.0
  wind_opex: 100
  wind_lifetime: 20
  solar_capex: 1000.0
  solar_opex: 10
  solar_lifetime: 20
  carbon_price: 1.0
timeseries_values:
  load_level: 261902.00238367714
  wind_year: 2014
  solar_year: 2014
  price_year: 2023
  carbon_year: 2023
storage_values:
  CAES:
    cost: 76.5934
    lifetime: 24.2545
    annual_cost: 3.1579047187119915
    efficiency: 0.617532
    discharge_ratio: 0.1
    depth_of_discharge: 0.4
  Li-ion:
    cost: 274.958
    lifetime: 25.8255
    annual_cost: 10.646763857427736
    efficiency: 0.901146
    discharge_ratio: 2
    depth_of_discharge: 0.9
  Pb-acid:
    cost: 134.069
    lifetime: 9.19641
    annual_cost: 14.57840613891725
    efficiency: 0.794859
    discharge_ratio: 5
    depth_of_discharge: 0.5
  VRBF:
    cost: 277.429
    lifetime: 15.3917
    annual_cost: 18.02458467875543
    efficiency: 0.785073
    discharge_ratio: 0.5
    depth_of_discharge: 1.0
