cost_values:
  wind_capex: 5000.0
  wind_opex: 100
  wind_lifetime: 20
  solar_capex: 1000.0
  solar_opex: 10
  solar_lifetime: 20
  carbon_price: 1.0
timeseries_values:
  load_level: 261902.00238367714
  wind_year: 2014
  solar_year: 2014
  price_year: 2023
  carbon_year: 2023
storage_values:
  CAES:
    cost: 79.6271
    lifetime: 25.3258
    annual_cost: 3.144109959014128
    efficiency: 0.619473
    discharge_ratio: 0.1
    depth_of_discharge: 0.4
  Li-ion:
    cost: 250.164
    lifetime: 25.9998
    annual_cost: 9.621766321279393
    efficiency: 0.901268
    discharge_ratio: 2
    depth_of_discharge: 0.9
  Pb-acid:
    cost: 113.695
    lifetime: 8.04968
    annual_cost: 14.12416394192067
    efficiency: 0.765527
    discharge_ratio: 5
    depth_of_discharge: 0.5
  VRBF:
    cost: 243.591
    lifetime: 17.2504
    annual_cost: 14.120889950377963
    efficiency: 0.752368
    discharge_ratio: 0.5
    depth_of_discharge: 1.0
