cost_values:
  wind_capex: 5000.0
  wind_opex: 100
  wind_lifetime: 20
  solar_capex: 1000.0
  solar_opex: 10
  solar_lifetime: 20
  carbon_price: 1.0
timeseries_values:
  load_level: 261902.00238367714
  wind_year: 2014
  solar_year: 2014
  price_year: 2023
  carbon_year: 2023
storage_values:
  CAES:
    cost: 78.3877
    lifetime: 23.4321
    annual_cost: 3.3453126266958573
    efficiency: 0.627899
    discharge_ratio: 0.1
    depth_of_discharge: 0.4
  Li-ion:
    cost: 262.962
    lifetime: 25.792
    annual_cost: 10.195486972704714
    efficiency: 0.912064
    discharge_ratio: 2
    depth_of_discharge: 0.9
  Pb-acid:
    cost: 136.496
    lifetime: 7.14483
    annual_cost: 19.10416343006062
    efficiency: 0.787068
    discharge_ratio: 5
    depth_of_discharge: 0.5
  VRBF:
    cost: 273.822
    lifetime: 16.5795
    annual_cost: 16.515697095811092
    efficiency: 0.765201
    discharge_ratio: 0.5
    depth_of_discharge: 1.0
