cost_values:
  wind_capex: 5000.0
  wind_opex: 100
  wind_lifetime: 20
  solar_capex: 1000.0
  solar_opex: 10
  solar_lifetime: 20
  carbon_price: 1.0
timeseries_values:
  load_level: 261902.00238367714
  wind_year: 2014
  solar_year: 2014
  price_year: 2023
  carbon_year: 2023
storage_values:
  CAES:
    cost: 78.1146
    lifetime: 23.5595
    annual_cost: 3.3156306373225237
    efficiency: 0.61882
    discharge_ratio: 0.1
    depth_of_discharge: 0.4
  Li-ion:
    cost: 264.469
    lifetime: 23.4697
    annual_cost: 11.268529210002685
    efficiency: 0.899733
    discharge_ratio: 2
    depth_of_discharge: 0.9
  Pb-acid:
    cost: 153.943
    lifetime: 6.30054
    annual_cost: 24.433302542321773
    efficiency: 0.77737
    discharge_ratio: 5
    depth_of_discharge: 0.5
  VRBF:
    cost: 241.024
    lifetime: 15.1289
    annual_cost: 15.931363152641634
    efficiency: 0.7749
    discharge_ratio: 0.5
    depth_of_discharge: 1.0
