cost_values:
  wind_capex: 5000.0
  wind_opex: 100
  wind_lifetime: 20
  solar_capex: 1000.0
  solar_opex: 10
  solar_lifetime: 20
  carbon_price: 1.0
timeseries_values:
  load_level: 261902.00238367714
  wind_year: 2014
  solar_year: 2014
  price_year: 2023
  carbon_year: 2023
storage_values:
  CAES:
    cost: 71.7793
    lifetime: 24.5029
    annual_cost: 2.929420599194381
    efficiency: 0.618487
    discharge_ratio: 0.1
    depth_of_discharge: 0.4
  Li-ion:
    cost: 286.9
    lifetime: 25.1028
    annual_cost: 11.429003935815924
    efficiency: 0.910684
    discharge_ratio: 2
    depth_of_discharge: 0.9
  Pb-acid:
    cost: 125.412
    lifetime: 7.84647
    annual_cost: 15.983238322455831
    efficiency: 0.764444
    discharge_ratio: 5
    depth_of_discharge: 0.5
  VRBF:
    cost: 275.767
    lifetime: 16.0786
    annual_cost: 17.151182316868383
    efficiency: 0.746742
    discharge_ratio: 0.5
    depth_of_discharge: 1.0
