cost_values:
  wind_capex: 5000.0
  wind_opex: 100
  wind_lifetime: 20
  solar_capex: 1000.0
  solar_opex: 10
  solar_lifetime: 20
  carbon_price: 1.0
timeseries_values:
  load_level: 261902.00238367714
  wind_year: 2014
  solar_year: 2014
  price_year: 2023
  carbon_year: 2023
storage_values:
  CAES:
    cost: 76.7097
    lifetime: 24.5073
    annual_cost: 3.130075528515993
    efficiency: 0.624656
    discharge_ratio: 0.1
    depth_of_discharge: 0.4
  Li-ion:
    cost: 260.564
    lifetime: 25.2305
    annual_cost: 10.327341907611821
    efficiency: 0.912887
    discharge_ratio: 2
    depth_of_discharge: 0.9
  Pb-acid:
    cost: 138.43
    lifetime: 7.06408
    annual_cost: 19.596323937441255
    efficiency: 0.783212
    discharge_ratio: 5
    depth_of_discharge: 0.5
  VRBF:
    cost: 252.052
    lifetime: 14.1858
    annual_cost: 17.767908753824244
    efficiency: 0.762627
    discharge_ratio: 0.5
    depth_of_discharge: 1.0
