cost_values:
  wind_capex: 5000.0
  wind_opex: 100
  wind_lifetime: 20
  solar_capex: 1000.0
  solar_opex: 10
  solar_lifetime: 20
  carbon_price: 1.0
timeseries_values:
  load_level: 261902.00238367714
  wind_year: 2014
  solar_year: 2014
  price_year: 2023
  carbon_year: 2023
storage_values:
  CAES:
    cost: 75.138
    lifetime: 23.2408
    annual_cost: 3.2330212385115833
    efficiency: 0.622014
    discharge_ratio: 0.1
    depth_of_discharge: 0.4
  Li-ion:
    cost: 245.893
    lifetime: 27.2572
    annual_cost: 9.021212743788796
    efficiency: 0.911989
    discharge_ratio: 2
    depth_of_discharge: 0.9
  Pb-acid:
    cost: 131.379
    lifetime: 6.95855
    annual_cost: 18.880226483965767
    efficiency: 0.778905
    discharge_ratio: 5
    depth_of_discharge: 0.5
  VRBF:
    cost: 263.592
    lifetime: 14.1535
    annual_cost: 18.623803299537215
    efficiency: 0.750753
    discharge_ratio: 0.5
    depth_of_discharge: 1.0
