cost_values:
  wind_capex: 5000.0
  wind_opex: 100
  wind_lifetime: 20
  solar_capex: 1000.0
  solar_opex: 10
  solar_lifetime: 20
  carbon_price: 1.0
timeseries_values:
  load_level: 261902.00238367714
  wind_year: 2014
  solar_year: 2014
  price_year: 2023
  carbon_year: 2023
storage_values:
  CAES:
    cost: 71.1037
    lifetime: 25.669
    annual_cost: 2.7700222057735013
    efficiency: 0.613711
    discharge_ratio: 0.1
    depth_of_discharge: 0.4
  Li-ion:
    cost: 259.373
    lifetime: 24.9385
    annual_cost: 10.400505242897527
    efficiency: 0.880311
    discharge_ratio: 2
    depth_of_discharge: 0.9
  Pb-acid:
    cost: 145.799
    lifetime: 7.66767
    annual_cost: 19.014772414566615
    efficiency: 0.781713
    discharge_ratio: 5
    depth_of_discharge: 0.5
  VRBF:
    cost: 283.337
    lifetime: 16.1986
    annual_cost: 17.491449878384554
    efficiency: 0.758491
    discharge_ratio: 0.5
    depth_of_discharge: 1.0
