cost_values:
  wind_capex: 5000.0
  wind_opex: 100
  wind_lifetime: 20
  solar_capex: 1000.0
  solar_opex: 10
  solar_lifetime: 20
  carbon_price: 1.0
timeseries_values:
  load_level: 261902.00238367714
  wind_year: 2014
  solar_year: 2014
  price_year: 2023
  carbon_year: 2023
storage_values:
  CAES:
    cost: 77.584
    lifetime: 25.5892
    annual_cost: 3.0319040845356633
    efficiency: 0.610911
    discharge_ratio: 0.1
    depth_of_discharge: 0.4
  Li-ion:
    cost: 265.85
    lifetime: 27.4109
    annual_cost: 9.698696503945511
    efficiency: 0.887499
    discharge_ratio: 2
    depth_of_discharge: 0.9
  Pb-acid:
    cost: 114.194
    lifetime: 7.69436
    annual_cost: 14.841260351738157
    efficiency: 0.780706
    discharge_ratio: 5
    depth_of_discharge: 0.5
  VRBF:
    cost: 251.061
    lifetime: 13.5173
    annual_cost: 18.57330975860564
    efficiency: 0.74663
    discharge_ratio: 0.5
    depth_of_discharge: 1.0
