cost_values:
  wind_capex: 5000.0
  wind_opex: 100
  wind_lifetime: 20
  solar_capex: 1000.0
  solar_opex: 10
  solar_lifetime: 20
  carbon_price: 1.0
timeseries_values:
  load_level: 261902.00238367714
  wind_year: 2014
  solar_year: 2014
  price_year: 2023
  carbon_year: 2023
storage_values:
  CAES:
    cost: 78.27
    lifetime: 25.1412
    annual_cost: 3.1132165529091687
    efficiency: 0.61187
    discharge_ratio: 0.1
    depth_of_discharge: 0.4
  Li-ion:
    cost: 260.579
    lifetime: 28.0899
    annual_cost: 9.27660831829234
    efficiency: 0.892914
    discharge_ratio: 2
    depth_of_discharge: 0.9
  Pb-acid:
    cost: 142.722
    lifetime: 7.38909
    annual_cost: 19.315233675594694
    efficiency: 0.775978
    discharge_ratio: 5
    depth_of_discharge: 0.5
  VRBF:
    cost: 282.111
    lifetime: 14.8168
    annual_cost: 19.039941147886182
    efficiency: 0.766181
    discharge_ratio: 0.5
    depth_of_discharge: 1.0
