cost_values:
  wind_capex: 5000.0
  wind_opex: 100
  wind_lifetime: 20
  solar_capex: 1000.0
  solar_opex: 10
  solar_lifetime: 20
  carbon_price: 1.0
timeseries_values:
  load_level: 261902.00238367714
  wind_year: 2014
  solar_year: 2014
  price_year: 2023
  carbon_year: 2023
storage_values:
  CAES:
    cost: 78.0674
    lifetime: 24.4983
    annual_cost: 3.1866456039806845
    efficiency: 0.617351
    discharge_ratio: 0.1
    depth_of_discharge: 0.4
  Li-ion:
    cost: 225.91
    lifetime: 26.4735
    annual_cost: 8.533439099476835
    efficiency: 0.901098
    discharge_ratio: 2
    depth_of_discharge: 0.9
  Pb-acid:
    cost: 111.304
    lifetime: 8.54797
    annual_cost: 13.021103256094722
    efficiency: 0.780244
    discharge_ratio: 5
    depth_of_discharge: 0.5
  VRBF:
    cost: 238.527
    lifetime: 14.7379
    annual_cost: 16.184598891293874
    efficiency: 0.749985
    discharge_ratio: 0.5
    depth_of_discharge: 1.0
