cost_values:
  wind_capex: 5000.0
  wind_opex: 100
  wind_lifetime: 20
  solar_capex: 1000.0
  solar_opex: 10
  solar_lifetime: 20
  carbon_price: 1.0
timeseries_values:
  load_level: 261902.00238367714
  wind_year: 2014
  solar_year: 2014
  price_year: 2023
  carbon_year: 2023
storage_values:
  CAES:
    cost: 78.6617
    lifetime: 23.7358
    annual_cost: 3.314053033813901
    efficiency: 0.606391
    discharge_ratio: 0.1
    depth_of_discharge: 0.4
  Li-ion:
    cost: 248.679
    lifetime: 28.0168
    annual_cost: 8.87606721681277
    efficiency: 0.89885
    discharge_ratio: 2
    depth_of_discharge: 0.9
  Pb-acid:
    cost: 125.41
    lifetime: 7.73838
    annual_cost: 16.20623437980559
    efficiency: 0.770647
    discharge_ratio: 5
    depth_of_discharge: 0.5
  VRBF:
    cost: 278.578
    lifetime: 14.4841
    annual_cost: 19.233366242983685
    efficiency: 0.736119
    discharge_ratio: 0.5
    depth_of_discharge: 1.0
