cost_values:
  wind_capex: 5000.0
  wind_opex: 100
  wind_lifetime: 20
  solar_capex: 1000.0
  solar_opex: 10
  solar_lifetime: 20
  carbon_price: 1.0
timeseries_values:
  load_level: 261902.00238367714
  wind_year: 2014
  solar_year: 2014
  price_year: 2023
  carbon_year: 2023
storage_values:
  CAES:
    cost: 76.1531
    lifetime: 24.4324
    annual_cost: 3.116889867552921
    efficiency: 0.611631
    discharge_ratio: 0.1
    depth_of_discharge: 0.4
  Li-ion:
    cost: 275.356
    lifetime: 24.9889
    annual_cost: 11.019132494827703
    efficiency: 0.896696
    discharge_ratio: 2
    depth_of_discharge: 0.9
  Pb-acid:
    cost: 149.292
    lifetime: 7.77981
    annual_cost: 19.189671727201564
    efficiency: 0.790947
    discharge_ratio: 5
    depth_of_discharge: 0.5
  VRBF:
    cost: 251.072
    lifetime: 15.0714
    annual_cost: 16.658837267937948
    efficiency: 0.749899
    discharge_ratio: 0.5
    depth_of_discharge: 1.0
