cost_values:
  wind_capex: 5000.0
  wind_opex: 100
  wind_lifetime: 20
  solar_capex: 1000.0
  solar_opex: 10
  solar_lifetime: 20
  carbon_price: 1.0
timeseries_values:
  load_level: 261902.00238367714
  wind_year: 2014
  solar_year: 2014
  price_year: 2023
  carbon_year: 2023
storage_values:
  CAES:
    cost: 79.2241
    lifetime: 23.9675
    annual_cost: 3.305480337957651
    efficiency: 0.616975
    discharge_ratio: 0.1
    depth_of_discharge: 0.4
  Li-ion:
    cost: 268.784
    lifetime: 25.6686
    annual_cost: 10.471315147690174
    efficiency: 0.891252
    discharge_ratio: 2
    depth_of_discharge: 0.9
  Pb-acid:
    cost: 130.748
    lifetime: 7.65006
    annual_cost: 17.091107782161185
    efficiency: 0.769968
    discharge_ratio: 5
    depth_of_discharge: 0.5
  VRBF:
    cost: 256.863
    lifetime: 15.143
    annual_cost: 16.962490919896982
    efficiency: 0.744508
    discharge_ratio: 0.5
    depth_of_discharge: 1.0
