cost_values:
  wind_capex: 5000.0
  wind_opex: 100
  wind_lifetime: 20
  solar_capex: 1000.0
  solar_opex: 10
  solar_lifetime: 20
  carbon_price: 1.0
timeseries_values:
  load_level: 261902.00238367714
  wind_year: 2014
  solar_year: 2014
  price_year: 2023
  carbon_year: 2023
storage_values:
  CAES:
    cost: 67.2921
    lifetime: 23.2926
    annual_cost: 2.88899049483527
    efficiency: 0.617049
    discharge_ratio: 0.1
    depth_of_discharge: 0.4
  Li-ion:
    cost: 271.627
    lifetime: 24.0096
    annual_cost: 11.313266360122618
    efficiency: 0.909206
    discharge_ratio: 2
    depth_of_discharge: 0.9
  Pb-acid:
    cost: 164.16
    lifetime: 8.37029
    annual_cost: 19.612223710289605
    efficiency: 0.784047
    discharge_ratio: 5
    depth_of_discharge: 0.5
  VRBF:
    cost: 260.7
    lifetime: 14.8657
    annual_cost: 17.537014738626503
    efficiency: 0.74836
    discharge_ratio: 0.5
    depth_of_discharge: 1.0
