cost_values:
  wind_capex: 5000.0
  wind_opex: 100
  wind_lifetime: 20
  solar_capex: 1000.0
  solar_opex: 10
  solar_lifetime: 20
  carbon_price: 1.0
timeseries_values:
  load_level: 261902.00238367714
  wind_year: 2014
  solar_year: 2014
  price_year: 2023
  carbon_year: 2023
storage_values:
  CAES:
    cost: 78.8261
    lifetime: 24.7868
    annual_cost: 3.180164442364484
    efficiency: 0.616145
    discharge_ratio: 0.1
    depth_of_discharge: 0.4
  Li-ion:
    cost: 254.039
    lifetime: 23.7756
    annual_cost: 10.68486179107993
    efficiency: 0.887835
    discharge_ratio: 2
    depth_of_discharge: 0.9
  Pb-acid:
    cost: 133.376
    lifetime: 8.28454
    annual_cost: 16.09938511975318
    efficiency: 0.776447
    discharge_ratio: 5
    depth_of_discharge: 0.5
  VRBF:
    cost: 228.589
    lifetime: 16.6216
    annual_cost: 13.752526832555228
    efficiency: 0.761119
    discharge_ratio: 0.5
    depth_of_discharge: 1.0
