cost_values:
  wind_capex: 5000.0
  wind_opex: 100
  wind_lifetime: 20
  solar_capex: 1000.0
  solar_opex: 10
  solar_lifetime: 20
  carbon_price: 1.0
timeseries_values:
  load_level: 261902.00238367714
  wind_year: 2014
  solar_year: 2014
  price_year: 2023
  carbon_year: 2023
storage_values:
  CAES:
    cost: 78.349
    lifetime: 25.1408
    annual_cost: 3.116408387959015
    efficiency: 0.608012
    discharge_ratio: 0.1
    depth_of_discharge: 0.4
  Li-ion:
    cost: 263.436
    lifetime: 25.6526
    annual_cost: 10.269368407101034
    efficiency: 0.897104
    discharge_ratio: 2
    depth_of_discharge: 0.9
  Pb-acid:
    cost: 168.883
    lifetime: 8.43804
    annual_cost: 20.01448203611265
    efficiency: 0.767684
    discharge_ratio: 5
    depth_of_discharge: 0.5
  VRBF:
    cost: 287.332
    lifetime: 17.0991
    annual_cost: 16.803925352796345
    efficiency: 0.749371
    discharge_ratio: 0.5
    depth_of_discharge: 1.0
