cost_values:
  wind_capex: 5000.0
  wind_opex: 100
  wind_lifetime: 20
  solar_capex: 1000.0
  solar_opex: 10
  solar_lifetime: 20
  carbon_price: 1.0
timeseries_values:
  load_level: 261902.00238367714
  wind_year: 2014
  solar_year: 2014
  price_year: 2023
  carbon_year: 2023
storage_values:
  CAES:
    cost: 73.7959
    lifetime: 24.6665
    annual_cost: 2.9917458901749336
    efficiency: 0.611116
    discharge_ratio: 0.1
    depth_of_discharge: 0.4
  Li-ion:
    cost: 263.484
    lifetime: 25.2656
    annual_cost: 10.428566905199164
    efficiency: 0.888451
    discharge_ratio: 2
    depth_of_discharge: 0.9
  Pb-acid:
    cost: 140.502
    lifetime: 6.22404
    annual_cost: 22.574083714114952
    efficiency: 0.755178
    discharge_ratio: 5
    depth_of_discharge: 0.5
  VRBF:
    cost: 256.467
    lifetime: 16.5103
    annual_cost: 15.533757714881013
    efficiency: 0.776327
    discharge_ratio: 0.5
    depth_of_discharge: 1.0
