cost_values:
  wind_capex: 5000.0
  wind_opex: 100
  wind_lifetime: 20
  solar_capex: 1000.0
  solar_opex: 10
  solar_lifetime: 20
  carbon_price: 1.0
timeseries_values:
  load_level: 261902.00238367714
  wind_year: 2014
  solar_year: 2014
  price_year: 2023
  carbon_year: 2023
storage_values:
  CAES:
    cost: 78.5857
    lifetime: 24.9024
    annual_cost: 3.1557480403495246
    efficiency: 0.615516
    discharge_ratio: 0.1
    depth_of_discharge: 0.4
  Li-ion:
    cost: 258.219
    lifetime: 25.8706
    annual_cost: 9.98117554289425
    efficiency: 0.921244
    discharge_ratio: 2
    depth_of_discharge: 0.9
  Pb-acid:
    cost: 136.896
    lifetime: 8.63973
    annual_cost: 15.844939598806905
    efficiency: 0.776459
    discharge_ratio: 5
    depth_of_discharge: 0.5
  VRBF:
    cost: 253.951
    lifetime: 15.696
    annual_cost: 16.17934505606524
    efficiency: 0.75575
    discharge_ratio: 0.5
    depth_of_discharge: 1.0
