cost_values:
  wind_capex: 5000.0
  wind_opex: 100
  wind_lifetime: 20
  solar_capex: 1000.0
  solar_opex: 10
  solar_lifetime: 20
  carbon_price: 1.0
timeseries_values:
  load_level: 261902.00238367714
  wind_year: 2014
  solar_year: 2014
  price_year: 2023
  carbon_year: 2023
storage_values:
  CAES:
    cost: 79.5892
    lifetime: 24.955
    annual_cost: 3.189308755760369
    efficiency: 0.626988
    discharge_ratio: 0.1
    depth_of_discharge: 0.4
  Li-ion:
    cost: 260.256
    lifetime: 25.7741
    annual_cost: 10.09757857694352
    efficiency: 0.888615
    discharge_ratio: 2
    depth_of_discharge: 0.9
  Pb-acid:
    cost: 143.278
    lifetime: 7.82939
    annual_cost: 18.300020818991005
    efficiency: 0.784978
    discharge_ratio: 5
    depth_of_discharge: 0.5
  VRBF:
    cost: 244.651
    lifetime: 15.6537
    annual_cost: 15.628956732274158
    efficiency: 0.738308
    discharge_ratio: 0.5
    depth_of_discharge: 1.0
