cost_values:
  wind_capex: 5000.0
  wind_opex: 100
  wind_lifetime: 20
  solar_capex: 1000.0
  solar_opex: 10
  solar_lifetime: 20
  carbon_price: 1.0
timeseries_values:
  load_level: 261902.00238367714
  wind_year: 2014
  solar_year: 2014
  price_year: 2023
  carbon_year: 2023
storage_values:
  CAES:
    cost: 71.2286
    lifetime: 24.8424
    annual_cost: 2.8672189482497665
    efficiency: 0.617223
    discharge_ratio: 0.1
    depth_of_discharge: 0.4
  Li-ion:
    cost: 246.284
    lifetime: 24.4804
    annual_cost: 10.060456528488096
    efficiency: 0.912795
    discharge_ratio: 2
    depth_of_discharge: 0.9
  Pb-acid:
    cost: 134.895
    lifetime: 8.75813
    annual_cost: 15.402260528217784
    efficiency: 0.786643
    discharge_ratio: 5
    depth_of_discharge: 0.5
  VRBF:
    cost: 245.252
    lifetime: 15.9192
    annual_cost: 15.406050555304287
    efficiency: 0.764656
    discharge_ratio: 0.5
    depth_of_discharge: 1.0
