cost_values:
  wind_capex: 5000.0
  wind_opex: 100
  wind_lifetime: 20
  solar_capex: 1000.0
  solar_opex: 10
  solar_lifetime: 20
  carbon_price: 1.0
timeseries_values:
  load_level: 261902.00238367714
  wind_year: 2014
  solar_year: 2014
  price_year: 2023
  carbon_year: 2023
storage_values:
  CAES:
    cost: 77.1782
    lifetime: 24.5415
    annual_cost: 3.1448036998553475
    efficiency: 0.613967
    discharge_ratio: 0.1
    depth_of_discharge: 0.4
  Li-ion:
    cost: 262.234
    lifetime: 27.1157
    annual_cost: 9.670928650191586
    efficiency: 0.894731
    discharge_ratio: 2
    depth_of_discharge: 0.9
  Pb-acid:
    cost: 125.301
    lifetime: 9.42585
    annual_cost: 13.29333694043508
    efficiency: 0.771758
    discharge_ratio: 5
    depth_of_discharge: 0.5
  VRBF:
    cost: 253.638
    lifetime: 17.0313
    annual_cost: 14.89246270102693
    efficiency: 0.761916
    discharge_ratio: 0.5
    depth_of_discharge: 1.0
