cost_values:
  wind_capex: 5000.0
  wind_opex: 100
  wind_lifetime: 20
  solar_capex: 1000.0
  solar_opex: 10
  solar_lifetime: 20
  carbon_price: 1.0
timeseries_values:
  load_level: 261902.00238367714
  wind_year: 2014
  solar_year: 2014
  price_year: 2023
  carbon_year: 2023
storage_values:
  CAES:
    cost: 79.4319
    lifetime: 24.9446
    annual_cost: 3.1843324807774027
    efficiency: 0.619314
    discharge_ratio: 0.1
    depth_of_discharge: 0.4
  Li-ion:
    cost: 254.901
    lifetime: 23.4408
    annual_cost: 10.874244906317191
    efficiency: 0.91227
    discharge_ratio: 2
    depth_of_discharge: 0.9
  Pb-acid:
    cost: 113.418
    lifetime: 7.25017
    annual_cost: 15.64349525597331
    efficiency: 0.793236
    discharge_ratio: 5
    depth_of_discharge: 0.5
  VRBF:
    cost: 245.755
    lifetime: 13.1844
    annual_cost: 18.639831922575166
    efficiency: 0.76751
    discharge_ratio: 0.5
    depth_of_discharge: 1.0
