cost_values:
  wind_capex: 5000.0
  wind_opex: 100
  wind_lifetime: 20
  solar_capex: 1000.0
  solar_opex: 10
  solar_lifetime: 20
  carbon_price: 1.0
timeseries_values:
  load_level: 261902.00238367714
  wind_year: 2014
  solar_year: 2014
  price_year: 2023
  carbon_year: 2023
storage_values:
  CAES:
    cost: 79.3974
    lifetime: 26.0026
    annual_cost: 3.0534408097651773
    efficiency: 0.613795
    discharge_ratio: 0.1
    depth_of_discharge: 0.4
  Li-ion:
    cost: 267.705
    lifetime: 26.6721
    annual_cost: 10.036892483156556
    efficiency: 0.908787
    discharge_ratio: 2
    depth_of_discharge: 0.9
  Pb-acid:
    cost: 138.833
    lifetime: 9.16499
    annual_cost: 15.14818892328306
    efficiency: 0.77276
    discharge_ratio: 5
    depth_of_discharge: 0.5
  VRBF:
    cost: 290.946
    lifetime: 15.4396
    annual_cost: 18.844141039923315
    efficiency: 0.750695
    discharge_ratio: 0.5
    depth_of_discharge: 1.0
