cost_values:
  wind_capex: 5000.0
  wind_opex: 100
  wind_lifetime: 20
  solar_capex: 1000.0
  solar_opex: 10
  solar_lifetime: 20
  carbon_price: 1.0
timeseries_values:
  load_level: 261902.00238367714
  wind_year: 2014
  solar_year: 2014
  price_year: 2023
  carbon_year: 2023
storage_values:
  CAES:
    cost: 72.6159
    lifetime: 24.9184
    annual_cost: 2.9141477783485294
    efficiency: 0.62249
    discharge_ratio: 0.1
    depth_of_discharge: 0.4
  Li-ion:
    cost: 243.083
    lifetime: 24.2196
    annual_cost: 10.036623230771772
    efficiency: 0.905331
    discharge_ratio: 2
    depth_of_discharge: 0.9
  Pb-acid:
    cost: 140.717
    lifetime: 8.1358
    annual_cost: 17.296024976031863
    efficiency: 0.779276
    discharge_ratio: 5
    depth_of_discharge: 0.5
  VRBF:
    cost: 290.14
    lifetime: 15.4094
    annual_cost: 18.828766856594026
    efficiency: 0.769692
    discharge_ratio: 0.5
    depth_of_discharge: 1.0
