cost_values:
  wind_capex: 5000.0
  wind_opex: 100
  wind_lifetime: 20
  solar_capex: 1000.0
  solar_opex: 10
  solar_lifetime: 20
  carbon_price: 1.0
timeseries_values:
  load_level: 261902.00238367714
  wind_year: 2014
  solar_year: 2014
  price_year: 2023
  carbon_year: 2023
storage_values:
  CAES:
    cost: 76.1589
    lifetime: 25.457
    annual_cost: 2.9916683034135994
    efficiency: 0.613145
    discharge_ratio: 0.1
    depth_of_discharge: 0.4
  Li-ion:
    cost: 266.813
    lifetime: 25.3205
    annual_cost: 10.53743014553425
    efficiency: 0.897697
    discharge_ratio: 2
    depth_of_discharge: 0.9
  Pb-acid:
    cost: 105.459
    lifetime: 6.27136
    annual_cost: 16.81596974181039
    efficiency: 0.775599
    discharge_ratio: 5
    depth_of_discharge: 0.5
  VRBF:
    cost: 272.25
    lifetime: 15.7454
    annual_cost: 17.29076428671231
    efficiency: 0.754004
    discharge_ratio: 0.5
    depth_of_discharge: 1.0
