cost_values:
  wind_capex: 5000.0
  wind_opex: 100
  wind_lifetime: 20
  solar_capex: 1000.0
  solar_opex: 10
  solar_lifetime: 20
  carbon_price: 1.0
timeseries_values:
  load_level: 261902.00238367714
  wind_year: 2014
  solar_year: 2014
  price_year: 2023
  carbon_year: 2023
storage_values:
  CAES:
    cost: 75.1879
    lifetime: 24.7176
    annual_cost: 3.0418770430786157
    efficiency: 0.623233
    discharge_ratio: 0.1
    depth_of_discharge: 0.4
  Li-ion:
    cost: 257.986
    lifetime: 24.6476
    annual_cost: 10.466982586539865
    efficiency: 0.903909
    discharge_ratio: 2
    depth_of_discharge: 0.9
  Pb-acid:
    cost: 135.919
    lifetime: 6.26879
    annual_cost: 21.68185566911637
    efficiency: 0.771817
    discharge_ratio: 5
    depth_of_discharge: 0.5
  VRBF:
    cost: 227.264
    lifetime: 17.4206
    annual_cost: 13.045704510751639
    efficiency: 0.759988
    discharge_ratio: 0.5
    depth_of_discharge: 1.0
