cost_values:
  wind_capex: 5000.0
  wind_opex: 100
  wind_lifetime: 20
  solar_capex: 1000.0
  solar_opex: 10
  solar_lifetime: 20
  carbon_price: 1.0
timeseries_values:
  load_level: 261902.00238367714
  wind_year: 2014
  solar_year: 2014
  price_year: 2023
  carbon_year: 2023
storage_values:
  CAES:
    cost: 79.8606
    lifetime: 25.314
    annual_cost: 3.154799715572411
    efficiency: 0.618007
    discharge_ratio: 0.1
    depth_of_discharge: 0.4
  Li-ion:
    cost: 263.447
    lifetime: 24.8611
    annual_cost: 10.596755573968972
    efficiency: 0.896154
    discharge_ratio: 2
    depth_of_discharge: 0.9
  Pb-acid:
    cost: 121.17
    lifetime: 8.65337
    annual_cost: 14.002637122878138
    efficiency: 0.77084
    discharge_ratio: 5
    depth_of_discharge: 0.5
  VRBF:
    cost: 262.282
    lifetime: 17.0223
    annual_cost: 15.408141085517231
    efficiency: 0.7675
    discharge_ratio: 0.5
    depth_of_discharge: 1.0
