cost_values:
  wind_capex: 5000.0
  wind_opex: 100
  wind_lifetime: 20
  solar_capex: 1000.0
  solar_opex: 10
  solar_lifetime: 20
  carbon_price: 1.0
timeseries_values:
  load_level: 261902.00238367714
  wind_year: 2014
  solar_year: 2014
  price_year: 2023
  carbon_year: 2023
storage_values:
  CAES:
    cost: 73.5692
    lifetime: 23.2341
    annual_cost: 3.166432097649575
    efficiency: 0.61159
    discharge_ratio: 0.1
    depth_of_discharge: 0.4
  Li-ion:
    cost: 261.186
    lifetime: 23.8698
    annual_cost: 10.942110951914133
    efficiency: 0.897654
    discharge_ratio: 2
    depth_of_discharge: 0.9
  Pb-acid:
    cost: 140.669
    lifetime: 7.60993
    annual_cost: 18.48492693099674
    efficiency: 0.787374
    discharge_ratio: 5
    depth_of_discharge: 0.5
  VRBF:
    cost: 253.763
    lifetime: 13.7015
    annual_cost: 18.52081888844287
    efficiency: 0.760661
    discharge_ratio: 0.5
    depth_of_discharge: 1.0
