cost_values:
  wind_capex: 5000.0
  wind_opex: 100
  wind_lifetime: 20
  solar_capex: 1000.0
  solar_opex: 10
  solar_lifetime: 20
  carbon_price: 1.0
timeseries_values:
  load_level: 261902.00238367714
  wind_year: 2014
  solar_year: 2014
  price_year: 2023
  carbon_year: 2023
storage_values:
  CAES:
    cost: 73.8378
    lifetime: 25.026
    annual_cost: 2.9504435387197314
    efficiency: 0.623526
    discharge_ratio: 0.1
    depth_of_discharge: 0.4
  Li-ion:
    cost: 258.982
    lifetime: 26.4989
    annual_cost: 9.773311344999227
    efficiency: 0.897232
    discharge_ratio: 2
    depth_of_discharge: 0.9
  Pb-acid:
    cost: 146.408
    lifetime: 7.17241
    annual_cost: 20.41266464131303
    efficiency: 0.774
    discharge_ratio: 5
    depth_of_discharge: 0.5
  VRBF:
    cost: 263.9
    lifetime: 12.7958
    annual_cost: 20.623954735147468
    efficiency: 0.762617
    discharge_ratio: 0.5
    depth_of_discharge: 1.0
