cost_values:
  wind_capex: 5000.0
  wind_opex: 100
  wind_lifetime: 20
  solar_capex: 1000.0
  solar_opex: 10
  solar_lifetime: 20
  carbon_price: 1.0
timeseries_values:
  load_level: 251412.50715474554
  wind_year: 2010
  solar_year: 2014
  price_year: 2023
  carbon_year: 2023
storage_values:
  CAES:
    cost: 52.453
    lifetime: 24.6989
    annual_cost: 2.1236978165019496
    efficiency: 0.629435
    discharge_ratio: 0.1
    depth_of_discharge: 0.4
  Li-ion:
    cost: 241.721
    lifetime: 16.2146
    annual_cost: 14.907614125541178
    efficiency: 0.893561
    discharge_ratio: 2
    depth_of_discharge: 0.9
  Pb-acid:
    cost: 173.798
    lifetime: 8.63019
    annual_cost: 20.138374705539505
    efficiency: 0.693528
    discharge_ratio: 5
    depth_of_discharge: 0.5
  VRBF:
    cost: 297.189
    lifetime: 19.6569
    annual_cost: 15.118813241151964
    efficiency: 0.745175
    discharge_ratio: 0.5
    depth_of_discharge: 1.0
