cost_values:
  wind_capex: 5000.0
  wind_opex: 100
  wind_lifetime: 20
  solar_capex: 1000.0
  solar_opex: 10
  solar_lifetime: 20
  carbon_price: 1.0
timeseries_values:
  load_level: 251412.50715474554
  wind_year: 2010
  solar_year: 2014
  price_year: 2023
  carbon_year: 2023
storage_values:
  CAES:
    cost: 57.4266
    lifetime: 23.0138
    annual_cost: 2.495311508746926
    efficiency: 0.627547
    discharge_ratio: 0.1
    depth_of_discharge: 0.4
  Li-ion:
    cost: 246.847
    lifetime: 13.505
    annual_cost: 18.278193261754904
    efficiency: 0.892697
    discharge_ratio: 2
    depth_of_discharge: 0.9
  Pb-acid:
    cost: 167.554
    lifetime: 10.9561
    annual_cost: 15.293215651554842
    efficiency: 0.721673
    discharge_ratio: 5
    depth_of_discharge: 0.5
  VRBF:
    cost: 268.615
    lifetime: 19.2598
    annual_cost: 13.946925720931683
    efficiency: 0.749457
    discharge_ratio: 0.5
    depth_of_discharge: 1.0
