cost_values:
  wind_capex: 5000.0
  wind_opex: 100
  wind_lifetime: 20
  solar_capex: 1000.0
  solar_opex: 10
  solar_lifetime: 20
  carbon_price: 1.0
timeseries_values:
  load_level: 251412.50715474554
  wind_year: 2010
  solar_year: 2014
  price_year: 2023
  carbon_year: 2023
storage_values:
  CAES:
    cost: 53.8009
    lifetime: 24.8373
    annual_cost: 2.1661331948319664
    efficiency: 0.622749
    discharge_ratio: 0.1
    depth_of_discharge: 0.4
  Li-ion:
    cost: 241.524
    lifetime: 14.8715
    annual_cost: 16.240728911004272
    efficiency: 0.87662
    discharge_ratio: 2
    depth_of_discharge: 0.9
  Pb-acid:
    cost: 166.738
    lifetime: 9.57126
    annual_cost: 17.420694871939535
    efficiency: 0.690995
    discharge_ratio: 5
    depth_of_discharge: 0.5
  VRBF:
    cost: 309.954
    lifetime: 18.4891
    annual_cost: 16.76414752475783
    efficiency: 0.720354
    discharge_ratio: 0.5
    depth_of_discharge: 1.0
