cost_values:
  wind_capex: 5000.0
  wind_opex: 100
  wind_lifetime: 20
  solar_capex: 1000.0
  solar_opex: 10
  solar_lifetime: 20
  carbon_price: 1.0
timeseries_values:
  load_level: 251412.50715474554
  wind_year: 2010
  solar_year: 2014
  price_year: 2023
  carbon_year: 2023
storage_values:
  CAES:
    cost: 60.2962
    lifetime: 24.7264
    annual_cost: 2.4385353306587287
    efficiency: 0.617729
    discharge_ratio: 0.1
    depth_of_discharge: 0.4
  Li-ion:
    cost: 204.525
    lifetime: 15.5096
    annual_cost: 13.186993861866199
    efficiency: 0.892846
    discharge_ratio: 2
    depth_of_discharge: 0.9
  Pb-acid:
    cost: 159.913
    lifetime: 11.47
    annual_cost: 13.941848299912817
    efficiency: 0.688764
    discharge_ratio: 5
    depth_of_discharge: 0.5
  VRBF:
    cost: 273.618
    lifetime: 18.8486
    annual_cost: 14.51662192417474
    efficiency: 0.729618
    discharge_ratio: 0.5
    depth_of_discharge: 1.0
