cost_values:
  wind_capex: 5000.0
  wind_opex: 100
  wind_lifetime: 20
  solar_capex: 1000.0
  solar_opex: 10
  solar_lifetime: 20
  carbon_price: 1.0
timeseries_values:
  load_level: 251412.50715474554
  wind_year: 2010
  solar_year: 2014
  price_year: 2023
  carbon_year: 2023
storage_values:
  CAES:
    cost: 59.4055
    lifetime: 24.1991
    annual_cost: 2.454864023868656
    efficiency: 0.62019
    discharge_ratio: 0.1
    depth_of_discharge: 0.4
  Li-ion:
    cost: 218.43
    lifetime: 14.8071
    annual_cost: 14.751706951394938
    efficiency: 0.898276
    discharge_ratio: 2
    depth_of_discharge: 0.9
  Pb-acid:
    cost: 135.643
    lifetime: 11.812
    annual_cost: 11.483491364713851
    efficiency: 0.703668
    discharge_ratio: 5
    depth_of_discharge: 0.5
  VRBF:
    cost: 281.939
    lifetime: 17.7699
    annual_cost: 15.866099415303408
    efficiency: 0.748803
    discharge_ratio: 0.5
    depth_of_discharge: 1.0
