cost_values:
  wind_capex: 5000.0
  wind_opex: 100
  wind_lifetime: 20
  solar_capex: 1000.0
  solar_opex: 10
  solar_lifetime: 20
  carbon_price: 1.0
timeseries_values:
  load_level: 251412.50715474554
  wind_year: 2010
  solar_year: 2014
  price_year: 2023
  carbon_year: 2023
storage_values:
  CAES:
    cost: 57.798
    lifetime: 24.6612
    annual_cost: 2.3436815726728626
    efficiency: 0.624499
    discharge_ratio: 0.1
    depth_of_discharge: 0.4
  Li-ion:
    cost: 223.037
    lifetime: 12.9815
    annual_cost: 17.181142394946654
    efficiency: 0.878406
    discharge_ratio: 2
    depth_of_discharge: 0.9
  Pb-acid:
    cost: 144.039
    lifetime: 11.4018
    annual_cost: 12.633005314950271
    efficiency: 0.714069
    discharge_ratio: 5
    depth_of_discharge: 0.5
  VRBF:
    cost: 319.495
    lifetime: 16.023
    annual_cost: 19.939774074767524
    efficiency: 0.763114
    discharge_ratio: 0.5
    depth_of_discharge: 1.0
