cost_values:
  wind_capex: 5000.0
  wind_opex: 100
  wind_lifetime: 20
  solar_capex: 1000.0
  solar_opex: 10
  solar_lifetime: 20
  carbon_price: 1.0
timeseries_values:
  load_level: 251412.50715474554
  wind_year: 2010
  solar_year: 2014
  price_year: 2023
  carbon_year: 2023
storage_values:
  CAES:
    cost: 55.8661
    lifetime: 24.9546
    annual_cost: 2.238709496445545
    efficiency: 0.630004
    discharge_ratio: 0.1
    depth_of_discharge: 0.4
  Li-ion:
    cost: 207.191
    lifetime: 13.5751
    annual_cost: 15.262576334612636
    efficiency: 0.895569
    discharge_ratio: 2
    depth_of_discharge: 0.9
  Pb-acid:
    cost: 152.318
    lifetime: 10.5657
    annual_cost: 14.41627152010752
    efficiency: 0.71608
    discharge_ratio: 5
    depth_of_discharge: 0.5
  VRBF:
    cost: 277.701
    lifetime: 19.429
    annual_cost: 14.293118534149984
    efficiency: 0.731894
    discharge_ratio: 0.5
    depth_of_discharge: 1.0
