cost_values:
  wind_capex: 5000.0
  wind_opex: 100
  wind_lifetime: 20
  solar_capex: 1000.0
  solar_opex: 10
  solar_lifetime: 20
  carbon_price: 1.0
timeseries_values:
  load_level: 251412.50715474554
  wind_year: 2010
  solar_year: 2014
  price_year: 2023
  carbon_year: 2023
storage_values:
  CAES:
    cost: 61.0375
    lifetime: 24.1496
    annual_cost: 2.5274745751482426
    efficiency: 0.63248
    discharge_ratio: 0.1
    depth_of_discharge: 0.4
  Li-ion:
    cost: 231.909
    lifetime: 13.6506
    annual_cost: 16.988923563799393
    efficiency: 0.906001
    discharge_ratio: 2
    depth_of_discharge: 0.9
  Pb-acid:
    cost: 148.666
    lifetime: 11.5522
    annual_cost: 12.869063901248248
    efficiency: 0.699
    discharge_ratio: 5
    depth_of_discharge: 0.5
  VRBF:
    cost: 313.205
    lifetime: 16.9573
    annual_cost: 18.470216366992386
    efficiency: 0.734904
    discharge_ratio: 0.5
    depth_of_discharge: 1.0
