cost_values:
  wind_capex: 5000.0
  wind_opex: 100
  wind_lifetime: 20
  solar_capex: 1000.0
  solar_opex: 10
  solar_lifetime: 20
  carbon_price: 1.0
timeseries_values:
  load_level: 251412.50715474554
  wind_year: 2010
  solar_year: 2014
  price_year: 2023
  carbon_year: 2023
storage_values:
  CAES:
    cost: 52.774
    lifetime: 24.458
    annual_cost: 2.157739798838826
    efficiency: 0.615885
    discharge_ratio: 0.1
    depth_of_discharge: 0.4
  Li-ion:
    cost: 221.859
    lifetime: 13.9065
    annual_cost: 15.953618811347212
    efficiency: 0.895175
    discharge_ratio: 2
    depth_of_discharge: 0.9
  Pb-acid:
    cost: 173.294
    lifetime: 11.644
    annual_cost: 14.882686362074889
    efficiency: 0.695679
    discharge_ratio: 5
    depth_of_discharge: 0.5
  VRBF:
    cost: 279.452
    lifetime: 18.3684
    annual_cost: 15.213736634655168
    efficiency: 0.767189
    discharge_ratio: 0.5
    depth_of_discharge: 1.0
