cost_values:
  wind_capex: 5000.0
  wind_opex: 100
  wind_lifetime: 20
  solar_capex: 1000.0
  solar_opex: 10
  solar_lifetime: 20
  carbon_price: 1.0
timeseries_values:
  load_level: 251412.50715474554
  wind_year: 2010
  solar_year: 2014
  price_year: 2023
  carbon_year: 2023
storage_values:
  CAES:
    cost: 58.533
    lifetime: 24.4169
    annual_cost: 2.3972330639843715
    efficiency: 0.622516
    discharge_ratio: 0.1
    depth_of_discharge: 0.4
  Li-ion:
    cost: 212.991
    lifetime: 14.5825
    annual_cost: 14.605931767529574
    efficiency: 0.913789
    discharge_ratio: 2
    depth_of_discharge: 0.9
  Pb-acid:
    cost: 156.374
    lifetime: 12.188
    annual_cost: 12.830160813915326
    efficiency: 0.681712
    discharge_ratio: 5
    depth_of_discharge: 0.5
  VRBF:
    cost: 316.358
    lifetime: 17.6715
    annual_cost: 17.90215884333531
    efficiency: 0.732521
    discharge_ratio: 0.5
    depth_of_discharge: 1.0
