cost_values:
  wind_capex: 5000.0
  wind_opex: 100
  wind_lifetime: 20
  solar_capex: 1000.0
  solar_opex: 10
  solar_lifetime: 20
  carbon_price: 1.0
timeseries_values:
  load_level: 251412.50715474554
  wind_year: 2010
  solar_year: 2014
  price_year: 2023
  carbon_year: 2023
storage_values:
  CAES:
    cost: 59.3974
    lifetime: 24.3926
    annual_cost: 2.435058173380451
    efficiency: 0.62502
    discharge_ratio: 0.1
    depth_of_discharge: 0.4
  Li-ion:
    cost: 229.546
    lifetime: 13.6596
    annual_cost: 16.80473805967964
    efficiency: 0.895491
    discharge_ratio: 2
    depth_of_discharge: 0.9
  Pb-acid:
    cost: 175.148
    lifetime: 11.1861
    annual_cost: 15.657646543478066
    efficiency: 0.692933
    discharge_ratio: 5
    depth_of_discharge: 0.5
  VRBF:
    cost: 254.686
    lifetime: 18.5382
    annual_cost: 13.738442783010218
    efficiency: 0.769157
    discharge_ratio: 0.5
    depth_of_discharge: 1.0
