cost_values:
  wind_capex: 5000.0
  wind_opex: 100
  wind_lifetime: 20
  solar_capex: 1000.0
  solar_opex: 10
  solar_lifetime: 20
  carbon_price: 1.0
timeseries_values:
  load_level: 251412.50715474554
  wind_year: 2010
  solar_year: 2014
  price_year: 2023
  carbon_year: 2023
storage_values:
  CAES:
    cost: 66.3447
    lifetime: 24.1946
    annual_cost: 2.7421284088184965
    efficiency: 0.634503
    discharge_ratio: 0.1
    depth_of_discharge: 0.4
  Li-ion:
    cost: 224.062
    lifetime: 14.357
    annual_cost: 15.606463745907922
    efficiency: 0.89446
    discharge_ratio: 2
    depth_of_discharge: 0.9
  Pb-acid:
    cost: 164.855
    lifetime: 10.8397
    annual_cost: 15.208446728230484
    efficiency: 0.701124
    discharge_ratio: 5
    depth_of_discharge: 0.5
  VRBF:
    cost: 314.522
    lifetime: 16.3719
    annual_cost: 19.211087289807537
    efficiency: 0.738654
    discharge_ratio: 0.5
    depth_of_discharge: 1.0
