cost_values:
  wind_capex: 5000.0
  wind_opex: 100
  wind_lifetime: 20
  solar_capex: 1000.0
  solar_opex: 10
  solar_lifetime: 20
  carbon_price: 1.0
timeseries_values:
  load_level: 251412.50715474554
  wind_year: 2010
  solar_year: 2014
  price_year: 2023
  carbon_year: 2023
storage_values:
  CAES:
    cost: 59.4686
    lifetime: 24.9299
    annual_cost: 2.385432753440648
    efficiency: 0.615944
    discharge_ratio: 0.1
    depth_of_discharge: 0.4
  Li-ion:
    cost: 213.603
    lifetime: 13.9065
    annual_cost: 15.359939596591524
    efficiency: 0.892969
    discharge_ratio: 2
    depth_of_discharge: 0.9
  Pb-acid:
    cost: 159.219
    lifetime: 10.954
    annual_cost: 14.535238269125433
    efficiency: 0.697139
    discharge_ratio: 5
    depth_of_discharge: 0.5
  VRBF:
    cost: 305.556
    lifetime: 18.7716
    annual_cost: 16.27756824138592
    efficiency: 0.760708
    discharge_ratio: 0.5
    depth_of_discharge: 1.0
