cost_values:
  wind_capex: 5000.0
  wind_opex: 100
  wind_lifetime: 20
  solar_capex: 1000.0
  solar_opex: 10
  solar_lifetime: 20
  carbon_price: 1.0
timeseries_values:
  load_level: 251412.50715474554
  wind_year: 2010
  solar_year: 2014
  price_year: 2023
  carbon_year: 2023
storage_values:
  CAES:
    cost: 60.3099
    lifetime: 24.5095
    annual_cost: 2.4606744323629615
    efficiency: 0.633901
    discharge_ratio: 0.1
    depth_of_discharge: 0.4
  Li-ion:
    cost: 239.321
    lifetime: 14.6191
    annual_cost: 16.370433200402214
    efficiency: 0.904531
    discharge_ratio: 2
    depth_of_discharge: 0.9
  Pb-acid:
    cost: 147.266
    lifetime: 11.226
    annual_cost: 13.118296810974522
    efficiency: 0.707685
    discharge_ratio: 5
    depth_of_discharge: 0.5
  VRBF:
    cost: 278.019
    lifetime: 18.9898
    annual_cost: 14.640438551222235
    efficiency: 0.755918
    discharge_ratio: 0.5
    depth_of_discharge: 1.0
