cost_values:
  wind_capex: 5000.0
  wind_opex: 100
  wind_lifetime: 20
  solar_capex: 1000.0
  solar_opex: 10
  solar_lifetime: 20
  carbon_price: 1.0
timeseries_values:
  load_level: 251412.50715474554
  wind_year: 2010
  solar_year: 2014
  price_year: 2023
  carbon_year: 2023
storage_values:
  CAES:
    cost: 62.8083
    lifetime: 24.1302
    annual_cost: 2.6028918119203324
    efficiency: 0.620411
    discharge_ratio: 0.1
    depth_of_discharge: 0.4
  Li-ion:
    cost: 207.992
    lifetime: 15.0823
    annual_cost: 13.79046962333331
    efficiency: 0.891976
    discharge_ratio: 2
    depth_of_discharge: 0.9
  Pb-acid:
    cost: 167.487
    lifetime: 11.0588
    annual_cost: 15.145133287517632
    efficiency: 0.699963
    discharge_ratio: 5
    depth_of_discharge: 0.5
  VRBF:
    cost: 266.926
    lifetime: 19.8366
    annual_cost: 13.456237460048596
    efficiency: 0.755992
    discharge_ratio: 0.5
    depth_of_discharge: 1.0
