cost_values:
  wind_capex: 5000.0
  wind_opex: 100
  wind_lifetime: 20
  solar_capex: 1000.0
  solar_opex: 10
  solar_lifetime: 20
  carbon_price: 1.0
timeseries_values:
  load_level: 251412.50715474554
  wind_year: 2010
  solar_year: 2014
  price_year: 2023
  carbon_year: 2023
storage_values:
  CAES:
    cost: 60.6333
    lifetime: 23.9926
    annual_cost: 2.5271667097355017
    efficiency: 0.624855
    discharge_ratio: 0.1
    depth_of_discharge: 0.4
  Li-ion:
    cost: 246.556
    lifetime: 14.3761
    annual_cost: 17.150409359979413
    efficiency: 0.897068
    discharge_ratio: 2
    depth_of_discharge: 0.9
  Pb-acid:
    cost: 141.356
    lifetime: 11.7608
    annual_cost: 12.019250391129855
    efficiency: 0.717532
    discharge_ratio: 5
    depth_of_discharge: 0.5
  VRBF:
    cost: 328.182
    lifetime: 17.1166
    annual_cost: 19.173317130738585
    efficiency: 0.742676
    discharge_ratio: 0.5
    depth_of_discharge: 1.0
