cost_values:
  wind_capex: 5000.0
  wind_opex: 100
  wind_lifetime: 20
  solar_capex: 1000.0
  solar_opex: 10
  solar_lifetime: 20
  carbon_price: 1.0
timeseries_values:
  load_level: 251412.50715474554
  wind_year: 2010
  solar_year: 2014
  price_year: 2023
  carbon_year: 2023
storage_values:
  CAES:
    cost: 62.968
    lifetime: 23.0898
    annual_cost: 2.7270916162114873
    efficiency: 0.626951
    discharge_ratio: 0.1
    depth_of_discharge: 0.4
  Li-ion:
    cost: 252.454
    lifetime: 16.3833
    annual_cost: 15.409227689171292
    efficiency: 0.88651
    discharge_ratio: 2
    depth_of_discharge: 0.9
  Pb-acid:
    cost: 171.82
    lifetime: 10.4896
    annual_cost: 16.380033557046982
    efficiency: 0.706054
    discharge_ratio: 5
    depth_of_discharge: 0.5
  VRBF:
    cost: 289.183
    lifetime: 19.839
    annual_cost: 14.576490750541863
    efficiency: 0.738381
    discharge_ratio: 0.5
    depth_of_discharge: 1.0
