cost_values:
  wind_capex: 5000.0
  wind_opex: 100
  wind_lifetime: 20
  solar_capex: 1000.0
  solar_opex: 10
  solar_lifetime: 20
  carbon_price: 1.0
timeseries_values:
  load_level: 251412.50715474554
  wind_year: 2010
  solar_year: 2014
  price_year: 2023
  carbon_year: 2023
storage_values:
  CAES:
    cost: 57.4523
    lifetime: 24.4528
    annual_cost: 2.3495182555780936
    efficiency: 0.632698
    discharge_ratio: 0.1
    depth_of_discharge: 0.4
  Li-ion:
    cost: 246.433
    lifetime: 14.5993
    annual_cost: 16.879781907351724
    efficiency: 0.894022
    discharge_ratio: 2
    depth_of_discharge: 0.9
  Pb-acid:
    cost: 123.571
    lifetime: 11.4691
    annual_cost: 10.774254300686191
    efficiency: 0.701173
    discharge_ratio: 5
    depth_of_discharge: 0.5
  VRBF:
    cost: 291.973
    lifetime: 19.3628
    annual_cost: 15.079069142892557
    efficiency: 0.742554
    discharge_ratio: 0.5
    depth_of_discharge: 1.0
