cost_values:
  wind_capex: 5000.0
  wind_opex: 100
  wind_lifetime: 20
  solar_capex: 1000.0
  solar_opex: 10
  solar_lifetime: 20
  carbon_price: 1.0
timeseries_values:
  load_level: 251412.50715474554
  wind_year: 2010
  solar_year: 2014
  price_year: 2023
  carbon_year: 2023
storage_values:
  CAES:
    cost: 57.3637
    lifetime: 25.1529
    annual_cost: 2.280599851309392
    efficiency: 0.634649
    discharge_ratio: 0.1
    depth_of_discharge: 0.4
  Li-ion:
    cost: 224.199
    lifetime: 15.7706
    annual_cost: 14.216263173246421
    efficiency: 0.888558
    discharge_ratio: 2
    depth_of_discharge: 0.9
  Pb-acid:
    cost: 165.951
    lifetime: 10.0086
    annual_cost: 16.580840477189618
    efficiency: 0.695022
    discharge_ratio: 5
    depth_of_discharge: 0.5
  VRBF:
    cost: 305.09
    lifetime: 19.5254
    annual_cost: 15.625288086287602
    efficiency: 0.730395
    discharge_ratio: 0.5
    depth_of_discharge: 1.0
