cost_values:
  wind_capex: 5000.0
  wind_opex: 100
  wind_lifetime: 20
  solar_capex: 1000.0
  solar_opex: 10
  solar_lifetime: 20
  carbon_price: 1.0
timeseries_values:
  load_level: 251412.50715474554
  wind_year: 2010
  solar_year: 2014
  price_year: 2023
  carbon_year: 2023
storage_values:
  CAES:
    cost: 59.7887
    lifetime: 24.2509
    annual_cost: 2.4654219018675594
    efficiency: 0.623885
    discharge_ratio: 0.1
    depth_of_discharge: 0.4
  Li-ion:
    cost: 220.729
    lifetime: 15.068
    annual_cost: 14.64885850809663
    efficiency: 0.896709
    discharge_ratio: 2
    depth_of_discharge: 0.9
  Pb-acid:
    cost: 152.257
    lifetime: 11.7354
    annual_cost: 12.974163641631304
    efficiency: 0.703711
    discharge_ratio: 5
    depth_of_discharge: 0.5
  VRBF:
    cost: 273.48
    lifetime: 18.4376
    annual_cost: 14.83273311060008
    efficiency: 0.737461
    discharge_ratio: 0.5
    depth_of_discharge: 1.0
