cost_values:
  wind_capex: 5000.0
  wind_opex: 100
  wind_lifetime: 20
  solar_capex: 1000.0
  solar_opex: 10
  solar_lifetime: 20
  carbon_price: 1.0
timeseries_values:
  load_level: 251412.50715474554
  wind_year: 2010
  solar_year: 2014
  price_year: 2023
  carbon_year: 2023
storage_values:
  CAES:
    cost: 59.1256
    lifetime: 25.2529
    annual_cost: 2.3413390145290243
    efficiency: 0.631581
    discharge_ratio: 0.1
    depth_of_discharge: 0.4
  Li-ion:
    cost: 218.046
    lifetime: 14.9549
    annual_cost: 14.580237915332098
    efficiency: 0.88873
    discharge_ratio: 2
    depth_of_discharge: 0.9
  Pb-acid:
    cost: 154.343
    lifetime: 13.2322
    annual_cost: 11.664197941385407
    efficiency: 0.713522
    discharge_ratio: 5
    depth_of_discharge: 0.5
  VRBF:
    cost: 323.529
    lifetime: 16.3419
    annual_cost: 19.79751436491473
    efficiency: 0.751138
    discharge_ratio: 0.5
    depth_of_discharge: 1.0
