cost_values:
  wind_capex: 5000.0
  wind_opex: 100
  wind_lifetime: 20
  solar_capex: 1000.0
  solar_opex: 10
  solar_lifetime: 20
  carbon_price: 1.0
timeseries_values:
  load_level: 251412.50715474554
  wind_year: 2010
  solar_year: 2014
  price_year: 2023
  carbon_year: 2023
storage_values:
  CAES:
    cost: 57.4701
    lifetime: 24.7192
    annual_cost: 2.3249174730573805
    efficiency: 0.633071
    discharge_ratio: 0.1
    depth_of_discharge: 0.4
  Li-ion:
    cost: 236.36
    lifetime: 15.0302
    annual_cost: 15.72567231307634
    efficiency: 0.883995
    discharge_ratio: 2
    depth_of_discharge: 0.9
  Pb-acid:
    cost: 159.028
    lifetime: 10.7763
    annual_cost: 14.757198667446152
    efficiency: 0.68856
    discharge_ratio: 5
    depth_of_discharge: 0.5
  VRBF:
    cost: 268.351
    lifetime: 17.9814
    annual_cost: 14.923810159386921
    efficiency: 0.749787
    discharge_ratio: 0.5
    depth_of_discharge: 1.0
