cost_values:
  wind_capex: 5000.0
  wind_opex: 100
  wind_lifetime: 20
  solar_capex: 1000.0
  solar_opex: 10
  solar_lifetime: 20
  carbon_price: 1.0
timeseries_values:
  load_level: 251412.50715474554
  wind_year: 2010
  solar_year: 2014
  price_year: 2023
  carbon_year: 2023
storage_values:
  CAES:
    cost: 57.6097
    lifetime: 23.7915
    annual_cost: 2.4214404304058172
    efficiency: 0.630478
    discharge_ratio: 0.1
    depth_of_discharge: 0.4
  Li-ion:
    cost: 228.067
    lifetime: 17.5298
    annual_cost: 13.010245410672113
    efficiency: 0.882794
    discharge_ratio: 2
    depth_of_discharge: 0.9
  Pb-acid:
    cost: 172.448
    lifetime: 13.299
    annual_cost: 12.966989999248066
    efficiency: 0.701675
    discharge_ratio: 5
    depth_of_discharge: 0.5
  VRBF:
    cost: 304.579
    lifetime: 19.3429
    annual_cost: 15.746294505994447
    efficiency: 0.740074
    discharge_ratio: 0.5
    depth_of_discharge: 1.0
