cost_values:
  wind_capex: 5000.0
  wind_opex: 100
  wind_lifetime: 20
  solar_capex: 1000.0
  solar_opex: 10
  solar_lifetime: 20
  carbon_price: 1.0
timeseries_values:
  load_level: 251412.50715474554
  wind_year: 2010
  solar_year: 2014
  price_year: 2023
  carbon_year: 2023
storage_values:
  CAES:
    cost: 60.5864
    lifetime: 25.3321
    annual_cost: 2.3916848583417876
    efficiency: 0.614611
    discharge_ratio: 0.1
    depth_of_discharge: 0.4
  Li-ion:
    cost: 228.153
    lifetime: 14.6654
    annual_cost: 15.55722994258595
    efficiency: 0.876416
    discharge_ratio: 2
    depth_of_discharge: 0.9
  Pb-acid:
    cost: 158.893
    lifetime: 12.0648
    annual_cost: 13.169965519527883
    efficiency: 0.692696
    discharge_ratio: 5
    depth_of_discharge: 0.5
  VRBF:
    cost: 320.242
    lifetime: 19.2209
    annual_cost: 16.661134494222434
    efficiency: 0.740712
    discharge_ratio: 0.5
    depth_of_discharge: 1.0
