cost_values:
  wind_capex: 5000.0
  wind_opex: 100
  wind_lifetime: 20
  solar_capex: 1000.0
  solar_opex: 10
  solar_lifetime: 20
  carbon_price: 1.0
timeseries_values:
  load_level: 251412.50715474554
  wind_year: 2010
  solar_year: 2014
  price_year: 2023
  carbon_year: 2023
storage_values:
  CAES:
    cost: 62.0815
    lifetime: 25.7473
    annual_cost: 2.4111848621020457
    efficiency: 0.628266
    discharge_ratio: 0.1
    depth_of_discharge: 0.4
  Li-ion:
    cost: 230.767
    lifetime: 15.8238
    annual_cost: 14.583538720155714
    efficiency: 0.887644
    discharge_ratio: 2
    depth_of_discharge: 0.9
  Pb-acid:
    cost: 186.362
    lifetime: 10.1707
    annual_cost: 18.323419233681065
    efficiency: 0.69231
    discharge_ratio: 5
    depth_of_discharge: 0.5
  VRBF:
    cost: 290.612
    lifetime: 15.2365
    annual_cost: 19.073409247530602
    efficiency: 0.759864
    discharge_ratio: 0.5
    depth_of_discharge: 1.0
