cost_values:
  wind_capex: 5000.0
  wind_opex: 100
  wind_lifetime: 20
  solar_capex: 1000.0
  solar_opex: 10
  solar_lifetime: 20
  carbon_price: 1.0
timeseries_values:
  load_level: 251412.50715474554
  wind_year: 2010
  solar_year: 2014
  price_year: 2023
  carbon_year: 2023
storage_values:
  CAES:
    cost: 59.5376
    lifetime: 23.9164
    annual_cost: 2.4894047599136995
    efficiency: 0.6199
    discharge_ratio: 0.1
    depth_of_discharge: 0.4
  Li-ion:
    cost: 234.27
    lifetime: 14.7847
    annual_cost: 15.845434807605159
    efficiency: 0.888745
    discharge_ratio: 2
    depth_of_discharge: 0.9
  Pb-acid:
    cost: 165.317
    lifetime: 10.646
    annual_cost: 15.528555325944016
    efficiency: 0.716892
    discharge_ratio: 5
    depth_of_discharge: 0.5
  VRBF:
    cost: 332.241
    lifetime: 15.4735
    annual_cost: 21.47161275729473
    efficiency: 0.740976
    discharge_ratio: 0.5
    depth_of_discharge: 1.0
