cost_values:
  wind_capex: 5000.0
  wind_opex: 100
  wind_lifetime: 20
  solar_capex: 1000.0
  solar_opex: 10
  solar_lifetime: 20
  carbon_price: 1.0
timeseries_values:
  load_level: 251412.50715474554
  wind_year: 2010
  solar_year: 2014
  price_year: 2023
  carbon_year: 2023
storage_values:
  CAES:
    cost: 65.1121
    lifetime: 24.3366
    annual_cost: 2.6754805519259057
    efficiency: 0.618601
    discharge_ratio: 0.1
    depth_of_discharge: 0.4
  Li-ion:
    cost: 203.29
    lifetime: 13.4541
    annual_cost: 15.109892151834755
    efficiency: 0.889739
    discharge_ratio: 2
    depth_of_discharge: 0.9
  Pb-acid:
    cost: 159.461
    lifetime: 12.3162
    annual_cost: 12.947256458972737
    efficiency: 0.693877
    discharge_ratio: 5
    depth_of_discharge: 0.5
  VRBF:
    cost: 312.677
    lifetime: 16.2962
    annual_cost: 19.187111105656538
    efficiency: 0.732286
    discharge_ratio: 0.5
    depth_of_discharge: 1.0
