cost_values:
  wind_capex: 5000.0
  wind_opex: 100
  wind_lifetime: 20
  solar_capex: 1000.0
  solar_opex: 10
  solar_lifetime: 20
  carbon_price: 1.0
timeseries_values:
  load_level: 251412.50715474554
  wind_year: 2010
  solar_year: 2014
  price_year: 2023
  carbon_year: 2023
storage_values:
  CAES:
    cost: 54.544
    lifetime: 25.2289
    annual_cost: 2.161965048020326
    efficiency: 0.627817
    discharge_ratio: 0.1
    depth_of_discharge: 0.4
  Li-ion:
    cost: 242.363
    lifetime: 13.8394
    annual_cost: 17.512536670664915
    efficiency: 0.87206
    discharge_ratio: 2
    depth_of_discharge: 0.9
  Pb-acid:
    cost: 162.45
    lifetime: 9.89827
    annual_cost: 16.41195885745691
    efficiency: 0.690495
    discharge_ratio: 5
    depth_of_discharge: 0.5
  VRBF:
    cost: 283.607
    lifetime: 19.8985
    annual_cost: 14.252682362992187
    efficiency: 0.738839
    discharge_ratio: 0.5
    depth_of_discharge: 1.0
