cost_values:
  wind_capex: 5000.0
  wind_opex: 100
  wind_lifetime: 20
  solar_capex: 1000.0
  solar_opex: 10
  solar_lifetime: 20
  carbon_price: 1.0
timeseries_values:
  load_level: 251412.50715474554
  wind_year: 2010
  solar_year: 2014
  price_year: 2023
  carbon_year: 2023
storage_values:
  CAES:
    cost: 56.1954
    lifetime: 24.1616
    annual_cost: 2.3258145155949936
    efficiency: 0.613934
    discharge_ratio: 0.1
    depth_of_discharge: 0.4
  Li-ion:
    cost: 234.01
    lifetime: 13.3397
    annual_cost: 17.5423735166458
    efficiency: 0.884329
    discharge_ratio: 2
    depth_of_discharge: 0.9
  Pb-acid:
    cost: 167.479
    lifetime: 12.1611
    annual_cost: 13.771698283872349
    efficiency: 0.682024
    discharge_ratio: 5
    depth_of_discharge: 0.5
  VRBF:
    cost: 264.666
    lifetime: 17.3512
    annual_cost: 15.253469500668542
    efficiency: 0.759897
    discharge_ratio: 0.5
    depth_of_discharge: 1.0
