cost_values:
  wind_capex: 5000.0
  wind_opex: 100
  wind_lifetime: 20
  solar_capex: 1000.0
  solar_opex: 10
  solar_lifetime: 20
  carbon_price: 1.0
timeseries_values:
  load_level: 251412.50715474554
  wind_year: 2010
  solar_year: 2014
  price_year: 2023
  carbon_year: 2023
storage_values:
  CAES:
    cost: 60.317
    lifetime: 24.0461
    annual_cost: 2.508390133951036
    efficiency: 0.621989
    discharge_ratio: 0.1
    depth_of_discharge: 0.4
  Li-ion:
    cost: 232.084
    lifetime: 15.5919
    annual_cost: 14.884908189508655
    efficiency: 0.914228
    discharge_ratio: 2
    depth_of_discharge: 0.9
  Pb-acid:
    cost: 150.603
    lifetime: 13.7719
    annual_cost: 10.93552814063419
    efficiency: 0.723945
    discharge_ratio: 5
    depth_of_discharge: 0.5
  VRBF:
    cost: 282.348
    lifetime: 17.4288
    annual_cost: 16.200082621867256
    efficiency: 0.759827
    discharge_ratio: 0.5
    depth_of_discharge: 1.0
