cost_values:
  wind_capex: 5000.0
  wind_opex: 100
  wind_lifetime: 20
  solar_capex: 1000.0
  solar_opex: 10
  solar_lifetime: 20
  carbon_price: 1.0
timeseries_values:
  load_level: 251412.50715474554
  wind_year: 2010
  solar_year: 2014
  price_year: 2023
  carbon_year: 2023
storage_values:
  CAES:
    cost: 53.8537
    lifetime: 23.6834
    annual_cost: 2.273900706824189
    efficiency: 0.621481
    discharge_ratio: 0.1
    depth_of_discharge: 0.4
  Li-ion:
    cost: 234.753
    lifetime: 14.8054
    annual_cost: 15.855903926945572
    efficiency: 0.89745
    discharge_ratio: 2
    depth_of_discharge: 0.9
  Pb-acid:
    cost: 147.524
    lifetime: 10.0392
    annual_cost: 14.694796398119374
    efficiency: 0.695166
    discharge_ratio: 5
    depth_of_discharge: 0.5
  VRBF:
    cost: 302.49
    lifetime: 17.3696
    annual_cost: 17.414908806190127
    efficiency: 0.748898
    discharge_ratio: 0.5
    depth_of_discharge: 1.0
