cost_values:
  wind_capex: 5000.0
  wind_opex: 100
  wind_lifetime: 20
  solar_capex: 1000.0
  solar_opex: 10
  solar_lifetime: 20
  carbon_price: 1.0
timeseries_values:
  load_level: 251412.50715474554
  wind_year: 2010
  solar_year: 2014
  price_year: 2023
  carbon_year: 2023
storage_values:
  CAES:
    cost: 61.9691
    lifetime: 24.1819
    annual_cost: 2.5626232843573087
    efficiency: 0.625417
    discharge_ratio: 0.1
    depth_of_discharge: 0.4
  Li-ion:
    cost: 222.464
    lifetime: 15.9699
    annual_cost: 13.93020620041453
    efficiency: 0.892546
    discharge_ratio: 2
    depth_of_discharge: 0.9
  Pb-acid:
    cost: 182.873
    lifetime: 11.6515
    annual_cost: 15.695232373514138
    efficiency: 0.703249
    discharge_ratio: 5
    depth_of_discharge: 0.5
  VRBF:
    cost: 274.999
    lifetime: 16.3519
    annual_cost: 16.817556369596193
    efficiency: 0.753035
    discharge_ratio: 0.5
    depth_of_discharge: 1.0
