cost_values:
  wind_capex: 5000.0
  wind_opex: 100
  wind_lifetime: 20
  solar_capex: 1000.0
  solar_opex: 10
  solar_lifetime: 20
  carbon_price: 1.0
timeseries_values:
  load_level: 251412.50715474554
  wind_year: 2010
  solar_year: 2014
  price_year: 2023
  carbon_year: 2023
storage_values:
  CAES:
    cost: 58.2678
    lifetime: 24.2687
    annual_cost: 2.4009444263598794
    efficiency: 0.639844
    discharge_ratio: 0.1
    depth_of_discharge: 0.4
  Li-ion:
    cost: 226.578
    lifetime: 13.4812
    annual_cost: 16.80696080467614
    efficiency: 0.892823
    discharge_ratio: 2
    depth_of_discharge: 0.9
  Pb-acid:
    cost: 166.776
    lifetime: 10.8316
    annual_cost: 15.397171239706047
    efficiency: 0.713554
    discharge_ratio: 5
    depth_of_discharge: 0.5
  VRBF:
    cost: 296.74
    lifetime: 20.1816
    annual_cost: 14.70349229000674
    efficiency: 0.738811
    discharge_ratio: 0.5
    depth_of_discharge: 1.0
