cost_values:
  wind_capex: 5000.0
  wind_opex: 100
  wind_lifetime: 20
  solar_capex: 1000.0
  solar_opex: 10
  solar_lifetime: 20
  carbon_price: 1.0
timeseries_values:
  load_level: 251412.50715474554
  wind_year: 2010
  solar_year: 2014
  price_year: 2023
  carbon_year: 2023
storage_values:
  CAES:
    cost: 61.0869
    lifetime: 23.9909
    annual_cost: 2.5462529542451513
    efficiency: 0.624149
    discharge_ratio: 0.1
    depth_of_discharge: 0.4
  Li-ion:
    cost: 239.97
    lifetime: 13.6318
    annual_cost: 17.603691368711395
    efficiency: 0.891634
    discharge_ratio: 2
    depth_of_discharge: 0.9
  Pb-acid:
    cost: 157.864
    lifetime: 11.8883
    annual_cost: 13.27893811562629
    efficiency: 0.698365
    discharge_ratio: 5
    depth_of_discharge: 0.5
  VRBF:
    cost: 246.508
    lifetime: 19.5287
    annual_cost: 12.622857640293518
    efficiency: 0.729156
    discharge_ratio: 0.5
    depth_of_discharge: 1.0
