cost_values:
  wind_capex: 5000.0
  wind_opex: 100
  wind_lifetime: 20
  solar_capex: 1000.0
  solar_opex: 10
  solar_lifetime: 20
  carbon_price: 1.0
timeseries_values:
  load_level: 240028.87604351828
  wind_year: 2015
  solar_year: 2017
  price_year: 2023
  carbon_year: 2023
storage_values:
  CAES:
    cost: 57.6693
    lifetime: 23.0331
    annual_cost: 2.5037576357502895
    efficiency: 0.628086
    discharge_ratio: 0.1
    depth_of_discharge: 0.4
  Li-ion:
    cost: 249.996
    lifetime: 19.359
    annual_cost: 12.913683558035022
    efficiency: 0.933706
    discharge_ratio: 2
    depth_of_discharge: 0.9
  Pb-acid:
    cost: 118.004
    lifetime: 9.47407
    annual_cost: 12.455470563337617
    efficiency: 0.652865
    discharge_ratio: 5
    depth_of_discharge: 0.5
  VRBF:
    cost: 293.083
    lifetime: 17.5852
    annual_cost: 16.666458157996498
    efficiency: 0.659567
    discharge_ratio: 0.5
    depth_of_discharge: 1.0
