cost_values:
  wind_capex: 5000.0
  wind_opex: 100
  wind_lifetime: 20
  solar_capex: 1000.0
  solar_opex: 10
  solar_lifetime: 20
  carbon_price: 1.0
timeseries_values:
  load_level: 240028.87604351828
  wind_year: 2015
  solar_year: 2017
  price_year: 2023
  carbon_year: 2023
storage_values:
  CAES:
    cost: 69.7362
    lifetime: 23.652
    annual_cost: 2.948427194317605
    efficiency: 0.630187
    discharge_ratio: 0.1
    depth_of_discharge: 0.4
  Li-ion:
    cost: 243.782
    lifetime: 18.2482
    annual_cost: 13.359235431439814
    efficiency: 0.932338
    discharge_ratio: 2
    depth_of_discharge: 0.9
  Pb-acid:
    cost: 112.781
    lifetime: 10.5323
    annual_cost: 10.708107440919838
    efficiency: 0.673056
    discharge_ratio: 5
    depth_of_discharge: 0.5
  VRBF:
    cost: 293.532
    lifetime: 19.2389
    annual_cost: 15.257213250237799
    efficiency: 0.669356
    discharge_ratio: 0.5
    depth_of_discharge: 1.0
