cost_values:
  wind_capex: 5000.0
  wind_opex: 100
  wind_lifetime: 20
  solar_capex: 1000.0
  solar_opex: 10
  solar_lifetime: 20
  carbon_price: 1.0
timeseries_values:
  load_level: 240028.87604351828
  wind_year: 2015
  solar_year: 2017
  price_year: 2023
  carbon_year: 2023
storage_values:
  CAES:
    cost: 56.8548
    lifetime: 24.3779
    annual_cost: 2.3322271401556325
    efficiency: 0.628016
    discharge_ratio: 0.1
    depth_of_discharge: 0.4
  Li-ion:
    cost: 237.04
    lifetime: 18.3019
    annual_cost: 12.951660756533474
    efficiency: 0.932355
    discharge_ratio: 2
    depth_of_discharge: 0.9
  Pb-acid:
    cost: 118.598
    lifetime: 10.302
    annual_cost: 11.512133566297807
    efficiency: 0.659303
    discharge_ratio: 5
    depth_of_discharge: 0.5
  VRBF:
    cost: 276.936
    lifetime: 18.2572
    annual_cost: 15.168591021624344
    efficiency: 0.700964
    discharge_ratio: 0.5
    depth_of_discharge: 1.0
