cost_values:
  wind_capex: 5000.0
  wind_opex: 100
  wind_lifetime: 20
  solar_capex: 1000.0
  solar_opex: 10
  solar_lifetime: 20
  carbon_price: 1.0
timeseries_values:
  load_level: 240028.87604351828
  wind_year: 2015
  solar_year: 2017
  price_year: 2023
  carbon_year: 2023
storage_values:
  CAES:
    cost: 63.1784
    lifetime: 23.5507
    annual_cost: 2.6826548680081697
    efficiency: 0.634719
    discharge_ratio: 0.1
    depth_of_discharge: 0.4
  Li-ion:
    cost: 237.841
    lifetime: 16.3684
    annual_cost: 14.530497788421592
    efficiency: 0.932775
    discharge_ratio: 2
    depth_of_discharge: 0.9
  Pb-acid:
    cost: 139.076
    lifetime: 9.78239
    annual_cost: 14.216975606165773
    efficiency: 0.661538
    discharge_ratio: 5
    depth_of_discharge: 0.5
  VRBF:
    cost: 261.982
    lifetime: 17.7678
    annual_cost: 14.744762998232758
    efficiency: 0.669242
    discharge_ratio: 0.5
    depth_of_discharge: 1.0
