cost_values:
  wind_capex: 5000.0
  wind_opex: 100
  wind_lifetime: 20
  solar_capex: 1000.0
  solar_opex: 10
  solar_lifetime: 20
  carbon_price: 1.0
timeseries_values:
  load_level: 240028.87604351828
  wind_year: 2015
  solar_year: 2017
  price_year: 2023
  carbon_year: 2023
storage_values:
  CAES:
    cost: 62.6256
    lifetime: 23.5574
    annual_cost: 2.658425802507917
    efficiency: 0.622176
    discharge_ratio: 0.1
    depth_of_discharge: 0.4
  Li-ion:
    cost: 265.471
    lifetime: 17.9998
    annual_cost: 14.748552761697352
    efficiency: 0.934566
    discharge_ratio: 2
    depth_of_discharge: 0.9
  Pb-acid:
    cost: 124.545
    lifetime: 9.72125
    annual_cost: 12.811624019544812
    efficiency: 0.657832
    discharge_ratio: 5
    depth_of_discharge: 0.5
  VRBF:
    cost: 264.793
    lifetime: 20.0614
    annual_cost: 13.19912867496785
    efficiency: 0.681983
    discharge_ratio: 0.5
    depth_of_discharge: 1.0
