cost_values:
  wind_capex: 5000.0
  wind_opex: 100
  wind_lifetime: 20
  solar_capex: 1000.0
  solar_opex: 10
  solar_lifetime: 20
  carbon_price: 1.0
timeseries_values:
  load_level: 240028.87604351828
  wind_year: 2015
  solar_year: 2017
  price_year: 2023
  carbon_year: 2023
storage_values:
  CAES:
    cost: 56.4135
    lifetime: 23.5691
    annual_cost: 2.393536452388933
    efficiency: 0.639411
    discharge_ratio: 0.1
    depth_of_discharge: 0.4
  Li-ion:
    cost: 250.802
    lifetime: 20.3118
    annual_cost: 12.347600901938772
    efficiency: 0.924495
    discharge_ratio: 2
    depth_of_discharge: 0.9
  Pb-acid:
    cost: 140.223
    lifetime: 8.57041
    annual_cost: 16.36129426713541
    efficiency: 0.662474
    discharge_ratio: 5
    depth_of_discharge: 0.5
  VRBF:
    cost: 283.106
    lifetime: 18.2967
    annual_cost: 15.47306344860002
    efficiency: 0.670246
    discharge_ratio: 0.5
    depth_of_discharge: 1.0
