cost_values:
  wind_capex: 5000.0
  wind_opex: 100
  wind_lifetime: 20
  solar_capex: 1000.0
  solar_opex: 10
  solar_lifetime: 20
  carbon_price: 1.0
timeseries_values:
  load_level: 240028.87604351828
  wind_year: 2015
  solar_year: 2017
  price_year: 2023
  carbon_year: 2023
storage_values:
  CAES:
    cost: 58.223
    lifetime: 24.2395
    annual_cost: 2.4019884898615897
    efficiency: 0.623607
    discharge_ratio: 0.1
    depth_of_discharge: 0.4
  Li-ion:
    cost: 252.815
    lifetime: 20.5267
    annual_cost: 12.316397667428275
    efficiency: 0.925829
    discharge_ratio: 2
    depth_of_discharge: 0.9
  Pb-acid:
    cost: 155.571
    lifetime: 9.78021
    annual_cost: 15.906713659522648
    efficiency: 0.671226
    discharge_ratio: 5
    depth_of_discharge: 0.5
  VRBF:
    cost: 273.708
    lifetime: 19.8822
    annual_cost: 13.766484594260193
    efficiency: 0.668121
    discharge_ratio: 0.5
    depth_of_discharge: 1.0
