cost_values:
  wind_capex: 5000.0
  wind_opex: 100
  wind_lifetime: 20
  solar_capex: 1000.0
  solar_opex: 10
  solar_lifetime: 20
  carbon_price: 1.0
timeseries_values:
  load_level: 240028.87604351828
  wind_year: 2015
  solar_year: 2017
  price_year: 2023
  carbon_year: 2023
storage_values:
  CAES:
    cost: 59.9773
    lifetime: 23.0175
    annual_cost: 2.6057260779841425
    efficiency: 0.62869
    discharge_ratio: 0.1
    depth_of_discharge: 0.4
  Li-ion:
    cost: 266.405
    lifetime: 15.821
    annual_cost: 16.838695404841665
    efficiency: 0.933856
    discharge_ratio: 2
    depth_of_discharge: 0.9
  Pb-acid:
    cost: 107.438
    lifetime: 10.4528
    annual_cost: 10.278394305831931
    efficiency: 0.657268
    discharge_ratio: 5
    depth_of_discharge: 0.5
  VRBF:
    cost: 289.233
    lifetime: 18.5498
    annual_cost: 15.592243582141046
    efficiency: 0.674249
    discharge_ratio: 0.5
    depth_of_discharge: 1.0
