cost_values:
  wind_capex: 5000.0
  wind_opex: 100
  wind_lifetime: 20
  solar_capex: 1000.0
  solar_opex: 10
  solar_lifetime: 20
  carbon_price: 1.0
timeseries_values:
  load_level: 240028.87604351828
  wind_year: 2015
  solar_year: 2017
  price_year: 2023
  carbon_year: 2023
storage_values:
  CAES:
    cost: 63.7726
    lifetime: 24.1698
    annual_cost: 2.6385241085983333
    efficiency: 0.633564
    discharge_ratio: 0.1
    depth_of_discharge: 0.4
  Li-ion:
    cost: 257.372
    lifetime: 18.327
    annual_cost: 14.043324057401648
    efficiency: 0.918097
    discharge_ratio: 2
    depth_of_discharge: 0.9
  Pb-acid:
    cost: 148.177
    lifetime: 9.81363
    annual_cost: 15.099101963289833
    efficiency: 0.653994
    discharge_ratio: 5
    depth_of_discharge: 0.5
  VRBF:
    cost: 300.811
    lifetime: 19.2626
    annual_cost: 15.616323860745693
    efficiency: 0.681285
    discharge_ratio: 0.5
    depth_of_discharge: 1.0
