cost_values:
  wind_capex: 5000.0
  wind_opex: 100
  wind_lifetime: 20
  solar_capex: 1000.0
  solar_opex: 10
  solar_lifetime: 20
  carbon_price: 1.0
timeseries_values:
  load_level: 240028.87604351828
  wind_year: 2015
  solar_year: 2017
  price_year: 2023
  carbon_year: 2023
storage_values:
  CAES:
    cost: 64.3127
    lifetime: 23.0737
    annual_cost: 2.787272955789492
    efficiency: 0.632035
    discharge_ratio: 0.1
    depth_of_discharge: 0.4
  Li-ion:
    cost: 258.283
    lifetime: 18.4689
    annual_cost: 13.984752746508995
    efficiency: 0.922664
    discharge_ratio: 2
    depth_of_discharge: 0.9
  Pb-acid:
    cost: 118.614
    lifetime: 9.6148
    annual_cost: 12.336606065648791
    efficiency: 0.671438
    discharge_ratio: 5
    depth_of_discharge: 0.5
  VRBF:
    cost: 268.476
    lifetime: 19.2599
    annual_cost: 13.939636239025125
    efficiency: 0.669127
    discharge_ratio: 0.5
    depth_of_discharge: 1.0
