cost_values:
  wind_capex: 5000.0
  wind_opex: 100
  wind_lifetime: 20
  solar_capex: 1000.0
  solar_opex: 10
  solar_lifetime: 20
  carbon_price: 1.0
timeseries_values:
  load_level: 240028.87604351828
  wind_year: 2015
  solar_year: 2017
  price_year: 2023
  carbon_year: 2023
storage_values:
  CAES:
    cost: 62.3218
    lifetime: 24.168
    annual_cost: 2.5786908308507117
    efficiency: 0.636164
    discharge_ratio: 0.1
    depth_of_discharge: 0.4
  Li-ion:
    cost: 255.61
    lifetime: 16.1055
    annual_cost: 15.87097575362454
    efficiency: 0.933749
    discharge_ratio: 2
    depth_of_discharge: 0.9
  Pb-acid:
    cost: 110.797
    lifetime: 9.26596
    annual_cost: 11.957422652374929
    efficiency: 0.659602
    discharge_ratio: 5
    depth_of_discharge: 0.5
  VRBF:
    cost: 256.588
    lifetime: 19.3017
    annual_cost: 13.293544091971174
    efficiency: 0.678958
    discharge_ratio: 0.5
    depth_of_discharge: 1.0
