cost_values:
  wind_capex: 5000.0
  wind_opex: 100
  wind_lifetime: 20
  solar_capex: 1000.0
  solar_opex: 10
  solar_lifetime: 20
  carbon_price: 1.0
timeseries_values:
  load_level: 240028.87604351828
  wind_year: 2015
  solar_year: 2017
  price_year: 2023
  carbon_year: 2023
storage_values:
  CAES:
    cost: 54.3166
    lifetime: 23.4438
    annual_cost: 2.3168854878475336
    efficiency: 0.637559
    discharge_ratio: 0.1
    depth_of_discharge: 0.4
  Li-ion:
    cost: 268.39
    lifetime: 17.461
    annual_cost: 15.370826413149304
    efficiency: 0.927713
    discharge_ratio: 2
    depth_of_discharge: 0.9
  Pb-acid:
    cost: 122.355
    lifetime: 11.2457
    annual_cost: 10.880158638412906
    efficiency: 0.664794
    discharge_ratio: 5
    depth_of_discharge: 0.5
  VRBF:
    cost: 291.815
    lifetime: 17.8686
    annual_cost: 16.331161926507953
    efficiency: 0.681919
    discharge_ratio: 0.5
    depth_of_discharge: 1.0
