cost_values:
  wind_capex: 5000.0
  wind_opex: 100
  wind_lifetime: 20
  solar_capex: 1000.0
  solar_opex: 10
  solar_lifetime: 20
  carbon_price: 1.0
timeseries_values:
  load_level: 240028.87604351828
  wind_year: 2015
  solar_year: 2017
  price_year: 2023
  carbon_year: 2023
storage_values:
  CAES:
    cost: 60.7219
    lifetime: 24.8061
    annual_cost: 2.447861614683485
    efficiency: 0.629471
    discharge_ratio: 0.1
    depth_of_discharge: 0.4
  Li-ion:
    cost: 243.773
    lifetime: 17.9098
    annual_cost: 13.611151436643624
    efficiency: 0.919522
    discharge_ratio: 2
    depth_of_discharge: 0.9
  Pb-acid:
    cost: 122.995
    lifetime: 9.15209
    annual_cost: 13.43900682794859
    efficiency: 0.664377
    discharge_ratio: 5
    depth_of_discharge: 0.5
  VRBF:
    cost: 271.999
    lifetime: 17.4532
    annual_cost: 15.58447734512869
    efficiency: 0.671157
    discharge_ratio: 0.5
    depth_of_discharge: 1.0
