cost_values:
  wind_capex: 5000.0
  wind_opex: 100
  wind_lifetime: 20
  solar_capex: 1000.0
  solar_opex: 10
  solar_lifetime: 20
  carbon_price: 1.0
timeseries_values:
  load_level: 240028.87604351828
  wind_year: 2015
  solar_year: 2017
  price_year: 2023
  carbon_year: 2023
storage_values:
  CAES:
    cost: 61.3282
    lifetime: 23.643
    annual_cost: 2.593926320686884
    efficiency: 0.635398
    discharge_ratio: 0.1
    depth_of_discharge: 0.4
  Li-ion:
    cost: 270.571
    lifetime: 18.6644
    annual_cost: 14.496635305715696
    efficiency: 0.935285
    discharge_ratio: 2
    depth_of_discharge: 0.9
  Pb-acid:
    cost: 129.76
    lifetime: 10.4956
    annual_cost: 12.363276039483212
    efficiency: 0.654096
    discharge_ratio: 5
    depth_of_discharge: 0.5
  VRBF:
    cost: 237.314
    lifetime: 18.1125
    annual_cost: 13.10222222222222
    efficiency: 0.672605
    discharge_ratio: 0.5
    depth_of_discharge: 1.0
