cost_values:
  wind_capex: 5000.0
  wind_opex: 100
  wind_lifetime: 20
  solar_capex: 1000.0
  solar_opex: 10
  solar_lifetime: 20
  carbon_price: 1.0
timeseries_values:
  load_level: 240028.87604351828
  wind_year: 2015
  solar_year: 2017
  price_year: 2023
  carbon_year: 2023
storage_values:
  CAES:
    cost: 59.7008
    lifetime: 23.389
    annual_cost: 2.552516140065843
    efficiency: 0.632993
    discharge_ratio: 0.1
    depth_of_discharge: 0.4
  Li-ion:
    cost: 255.034
    lifetime: 17.0032
    annual_cost: 14.999176625576363
    efficiency: 0.921141
    discharge_ratio: 2
    depth_of_discharge: 0.9
  Pb-acid:
    cost: 105.53
    lifetime: 9.9245
    annual_cost: 10.633281273615799
    efficiency: 0.661175
    discharge_ratio: 5
    depth_of_discharge: 0.5
  VRBF:
    cost: 273.122
    lifetime: 18.3911
    annual_cost: 14.850770209503509
    efficiency: 0.678404
    discharge_ratio: 0.5
    depth_of_discharge: 1.0
