cost_values:
  wind_capex: 5000.0
  wind_opex: 100
  wind_lifetime: 20
  solar_capex: 1000.0
  solar_opex: 10
  solar_lifetime: 20
  carbon_price: 1.0
timeseries_values:
  load_level: 240028.87604351828
  wind_year: 2015
  solar_year: 2017
  price_year: 2023
  carbon_year: 2023
storage_values:
  CAES:
    cost: 65.2187
    lifetime: 23.3292
    annual_cost: 2.795582360303825
    efficiency: 0.624907
    discharge_ratio: 0.1
    depth_of_discharge: 0.4
  Li-ion:
    cost: 239.331
    lifetime: 17.9672
    annual_cost: 13.320439467474065
    efficiency: 0.935106
    discharge_ratio: 2
    depth_of_discharge: 0.9
  Pb-acid:
    cost: 125.782
    lifetime: 9.22356
    annual_cost: 13.637033856775473
    efficiency: 0.653913
    discharge_ratio: 5
    depth_of_discharge: 0.5
  VRBF:
    cost: 279.557
    lifetime: 18.7242
    annual_cost: 14.930250691618335
    efficiency: 0.684418
    discharge_ratio: 0.5
    depth_of_discharge: 1.0
