cost_values:
  wind_capex: 5000.0
  wind_opex: 100
  wind_lifetime: 20
  solar_capex: 1000.0
  solar_opex: 10
  solar_lifetime: 20
  carbon_price: 1.0
timeseries_values:
  load_level: 240028.87604351828
  wind_year: 2015
  solar_year: 2017
  price_year: 2023
  carbon_year: 2023
storage_values:
  CAES:
    cost: 59.7844
    lifetime: 24.6008
    annual_cost: 2.4301811323209
    efficiency: 0.638943
    discharge_ratio: 0.1
    depth_of_discharge: 0.4
  Li-ion:
    cost: 237.04
    lifetime: 19.6226
    annual_cost: 12.079948630660565
    efficiency: 0.932841
    discharge_ratio: 2
    depth_of_discharge: 0.9
  Pb-acid:
    cost: 132.952
    lifetime: 10.6074
    annual_cost: 12.533891434281728
    efficiency: 0.665106
    discharge_ratio: 5
    depth_of_discharge: 0.5
  VRBF:
    cost: 257.313
    lifetime: 17.4515
    annual_cost: 14.744463226656734
    efficiency: 0.669091
    discharge_ratio: 0.5
    depth_of_discharge: 1.0
