cost_values:
  wind_capex: 5000.0
  wind_opex: 100
  wind_lifetime: 20
  solar_capex: 1000.0
  solar_opex: 10
  solar_lifetime: 20
  carbon_price: 1.0
timeseries_values:
  load_level: 240028.87604351828
  wind_year: 2015
  solar_year: 2017
  price_year: 2023
  carbon_year: 2023
storage_values:
  CAES:
    cost: 63.1224
    lifetime: 23.6989
    annual_cost: 2.663516028170084
    efficiency: 0.639024
    discharge_ratio: 0.1
    depth_of_discharge: 0.4
  Li-ion:
    cost: 261.85
    lifetime: 18.5147
    annual_cost: 14.142816248710485
    efficiency: 0.924361
    discharge_ratio: 2
    depth_of_discharge: 0.9
  Pb-acid:
    cost: 123.203
    lifetime: 9.14221
    annual_cost: 13.476281993084823
    efficiency: 0.665052
    discharge_ratio: 5
    depth_of_discharge: 0.5
  VRBF:
    cost: 279.084
    lifetime: 18.032
    annual_cost: 15.47715173025732
    efficiency: 0.682553
    discharge_ratio: 0.5
    depth_of_discharge: 1.0
