cost_values:
  wind_capex: 5000.0
  wind_opex: 100
  wind_lifetime: 20
  solar_capex: 1000.0
  solar_opex: 10
  solar_lifetime: 20
  carbon_price: 1.0
timeseries_values:
  load_level: 240028.87604351828
  wind_year: 2015
  solar_year: 2017
  price_year: 2023
  carbon_year: 2023
storage_values:
  CAES:
    cost: 61.0454
    lifetime: 23.753
    annual_cost: 2.570007998989601
    efficiency: 0.627699
    discharge_ratio: 0.1
    depth_of_discharge: 0.4
  Li-ion:
    cost: 241.293
    lifetime: 19.2299
    annual_cost: 12.547803160702864
    efficiency: 0.92297
    discharge_ratio: 2
    depth_of_discharge: 0.9
  Pb-acid:
    cost: 138.389
    lifetime: 9.50232
    annual_cost: 14.563706547453677
    efficiency: 0.671854
    discharge_ratio: 5
    depth_of_discharge: 0.5
  VRBF:
    cost: 254.693
    lifetime: 17.7011
    annual_cost: 14.38854082514646
    efficiency: 0.6702
    discharge_ratio: 0.5
    depth_of_discharge: 1.0
