cost_values:
  wind_capex: 5000.0
  wind_opex: 100
  wind_lifetime: 20
  solar_capex: 1000.0
  solar_opex: 10
  solar_lifetime: 20
  carbon_price: 1.0
timeseries_values:
  load_level: 240028.87604351828
  wind_year: 2015
  solar_year: 2017
  price_year: 2023
  carbon_year: 2023
storage_values:
  CAES:
    cost: 60.3775
    lifetime: 23.4833
    annual_cost: 2.5710824287898206
    efficiency: 0.633244
    discharge_ratio: 0.1
    depth_of_discharge: 0.4
  Li-ion:
    cost: 251.9
    lifetime: 19.6077
    annual_cost: 12.846993783054616
    efficiency: 0.923875
    discharge_ratio: 2
    depth_of_discharge: 0.9
  Pb-acid:
    cost: 117.259
    lifetime: 11.1833
    annual_cost: 10.485187735283862
    efficiency: 0.653983
    discharge_ratio: 5
    depth_of_discharge: 0.5
  VRBF:
    cost: 286.825
    lifetime: 20.4161
    annual_cost: 14.048961358927512
    efficiency: 0.698756
    discharge_ratio: 0.5
    depth_of_discharge: 1.0
