cost_values:
  wind_capex: 5000.0
  wind_opex: 100
  wind_lifetime: 20
  solar_capex: 1000.0
  solar_opex: 10
  solar_lifetime: 20
  carbon_price: 1.0
timeseries_values:
  load_level: 240028.87604351828
  wind_year: 2015
  solar_year: 2017
  price_year: 2023
  carbon_year: 2023
storage_values:
  CAES:
    cost: 52.3029
    lifetime: 24.6213
    annual_cost: 2.124294817901573
    efficiency: 0.61873
    discharge_ratio: 0.1
    depth_of_discharge: 0.4
  Li-ion:
    cost: 248.479
    lifetime: 17.3176
    annual_cost: 14.3483508107359
    efficiency: 0.923898
    discharge_ratio: 2
    depth_of_discharge: 0.9
  Pb-acid:
    cost: 137.217
    lifetime: 10.3123
    annual_cost: 13.306148967737556
    efficiency: 0.67533
    discharge_ratio: 5
    depth_of_discharge: 0.5
  VRBF:
    cost: 283.099
    lifetime: 19.3117
    annual_cost: 14.659455148951155
    efficiency: 0.68931
    discharge_ratio: 0.5
    depth_of_discharge: 1.0
