cost_values:
  wind_capex: 5000.0
  wind_opex: 100
  wind_lifetime: 20
  solar_capex: 1000.0
  solar_opex: 10
  solar_lifetime: 20
  carbon_price: 1.0
timeseries_values:
  load_level: 240028.87604351828
  wind_year: 2015
  solar_year: 2017
  price_year: 2023
  carbon_year: 2023
storage_values:
  CAES:
    cost: 61.4579
    lifetime: 23.5675
    annual_cost: 2.607739471730137
    efficiency: 0.635052
    discharge_ratio: 0.1
    depth_of_discharge: 0.4
  Li-ion:
    cost: 270.106
    lifetime: 18.4647
    annual_cost: 14.628236581152144
    efficiency: 0.936991
    discharge_ratio: 2
    depth_of_discharge: 0.9
  Pb-acid:
    cost: 111.352
    lifetime: 12.1123
    annual_cost: 9.193299373364267
    efficiency: 0.657988
    discharge_ratio: 5
    depth_of_discharge: 0.5
  VRBF:
    cost: 283.13
    lifetime: 17.9763
    annual_cost: 15.750182184320467
    efficiency: 0.653417
    discharge_ratio: 0.5
    depth_of_discharge: 1.0
