cost_values:
  wind_capex: 5000.0
  wind_opex: 100
  wind_lifetime: 20
  solar_capex: 1000.0
  solar_opex: 10
  solar_lifetime: 20
  carbon_price: 1.0
timeseries_values:
  load_level: 240028.87604351828
  wind_year: 2015
  solar_year: 2017
  price_year: 2023
  carbon_year: 2023
storage_values:
  CAES:
    cost: 61.2197
    lifetime: 23.389
    annual_cost: 2.617456924195135
    efficiency: 0.634006
    discharge_ratio: 0.1
    depth_of_discharge: 0.4
  Li-ion:
    cost: 239.054
    lifetime: 17.3443
    annual_cost: 13.782856615718131
    efficiency: 0.923247
    discharge_ratio: 2
    depth_of_discharge: 0.9
  Pb-acid:
    cost: 119.659
    lifetime: 9.21441
    annual_cost: 12.986072901032188
    efficiency: 0.658375
    discharge_ratio: 5
    depth_of_discharge: 0.5
  VRBF:
    cost: 256.354
    lifetime: 18.1107
    annual_cost: 14.154836643531171
    efficiency: 0.674127
    discharge_ratio: 0.5
    depth_of_discharge: 1.0
