cost_values:
  wind_capex: 5000.0
  wind_opex: 100
  wind_lifetime: 20
  solar_capex: 1000.0
  solar_opex: 10
  solar_lifetime: 20
  carbon_price: 1.0
timeseries_values:
  load_level: 240028.87604351828
  wind_year: 2015
  solar_year: 2017
  price_year: 2023
  carbon_year: 2023
storage_values:
  CAES:
    cost: 60.6737
    lifetime: 22.939
    annual_cost: 2.645001961724574
    efficiency: 0.624601
    discharge_ratio: 0.1
    depth_of_discharge: 0.4
  Li-ion:
    cost: 251.497
    lifetime: 18.6046
    annual_cost: 13.518000924502543
    efficiency: 0.917736
    discharge_ratio: 2
    depth_of_discharge: 0.9
  Pb-acid:
    cost: 141.382
    lifetime: 9.64891
    annual_cost: 14.652639520940706
    efficiency: 0.666529
    discharge_ratio: 5
    depth_of_discharge: 0.5
  VRBF:
    cost: 276.199
    lifetime: 17.8789
    annual_cost: 15.448321764761813
    efficiency: 0.659691
    discharge_ratio: 0.5
    depth_of_discharge: 1.0
