cost_values:
  wind_capex: 5000.0
  wind_opex: 100
  wind_lifetime: 20
  solar_capex: 1000.0
  solar_opex: 10
  solar_lifetime: 20
  carbon_price: 1.0
timeseries_values:
  load_level: 240028.87604351828
  wind_year: 2015
  solar_year: 2017
  price_year: 2023
  carbon_year: 2023
storage_values:
  CAES:
    cost: 68.9905
    lifetime: 23.6625
    annual_cost: 2.915604860010565
    efficiency: 0.61937
    discharge_ratio: 0.1
    depth_of_discharge: 0.4
  Li-ion:
    cost: 241.141
    lifetime: 16.5488
    annual_cost: 14.57150971671662
    efficiency: 0.936845
    discharge_ratio: 2
    depth_of_discharge: 0.9
  Pb-acid:
    cost: 116.165
    lifetime: 11.2275
    annual_cost: 10.346470719216212
    efficiency: 0.655185
    discharge_ratio: 5
    depth_of_discharge: 0.5
  VRBF:
    cost: 271.853
    lifetime: 18.2758
    annual_cost: 14.875025990654308
    efficiency: 0.681105
    discharge_ratio: 0.5
    depth_of_discharge: 1.0
