cost_values:
  wind_capex: 5000.0
  wind_opex: 100
  wind_lifetime: 20
  solar_capex: 1000.0
  solar_opex: 10
  solar_lifetime: 20
  carbon_price: 1.0
timeseries_values:
  load_level: 240028.87604351828
  wind_year: 2015
  solar_year: 2017
  price_year: 2023
  carbon_year: 2023
storage_values:
  CAES:
    cost: 63.69
    lifetime: 23.5706
    annual_cost: 2.7020949827327265
    efficiency: 0.625164
    discharge_ratio: 0.1
    depth_of_discharge: 0.4
  Li-ion:
    cost: 269.631
    lifetime: 18.0902
    annual_cost: 14.90481033929973
    efficiency: 0.925549
    discharge_ratio: 2
    depth_of_discharge: 0.9
  Pb-acid:
    cost: 133.786
    lifetime: 9.10955
    annual_cost: 14.686345648248267
    efficiency: 0.651752
    discharge_ratio: 5
    depth_of_discharge: 0.5
  VRBF:
    cost: 304.518
    lifetime: 20.2579
    annual_cost: 15.032061566105074
    efficiency: 0.694165
    discharge_ratio: 0.5
    depth_of_discharge: 1.0
