cost_values:
  wind_capex: 5000.0
  wind_opex: 100
  wind_lifetime: 20
  solar_capex: 1000.0
  solar_opex: 10
  solar_lifetime: 20
  carbon_price: 1.0
timeseries_values:
  load_level: 240028.87604351828
  wind_year: 2015
  solar_year: 2017
  price_year: 2023
  carbon_year: 2023
storage_values:
  CAES:
    cost: 54.2785
    lifetime: 24.5944
    annual_cost: 2.206945483524705
    efficiency: 0.636289
    discharge_ratio: 0.1
    depth_of_discharge: 0.4
  Li-ion:
    cost: 248.536
    lifetime: 17.725
    annual_cost: 14.021777150916783
    efficiency: 0.931035
    discharge_ratio: 2
    depth_of_discharge: 0.9
  Pb-acid:
    cost: 144.622
    lifetime: 8.99638
    annual_cost: 16.07557706544188
    efficiency: 0.657587
    discharge_ratio: 5
    depth_of_discharge: 0.5
  VRBF:
    cost: 285.778
    lifetime: 19.932
    annual_cost: 14.33764800321092
    efficiency: 0.674663
    discharge_ratio: 0.5
    depth_of_discharge: 1.0
