cost_values:
  wind_capex: 5000.0
  wind_opex: 100
  wind_lifetime: 20
  solar_capex: 1000.0
  solar_opex: 10
  solar_lifetime: 20
  carbon_price: 1.0
timeseries_values:
  load_level: 240028.87604351828
  wind_year: 2015
  solar_year: 2017
  price_year: 2023
  carbon_year: 2023
storage_values:
  CAES:
    cost: 59.0278
    lifetime: 24.45
    annual_cost: 2.4142249488752556
    efficiency: 0.627192
    discharge_ratio: 0.1
    depth_of_discharge: 0.4
  Li-ion:
    cost: 248.471
    lifetime: 21.1338
    annual_cost: 11.757043219865807
    efficiency: 0.917325
    discharge_ratio: 2
    depth_of_discharge: 0.9
  Pb-acid:
    cost: 136.602
    lifetime: 10.0917
    annual_cost: 13.536074199589763
    efficiency: 0.658143
    discharge_ratio: 5
    depth_of_discharge: 0.5
  VRBF:
    cost: 276.999
    lifetime: 19.242
    annual_cost: 14.395541004053634
    efficiency: 0.666505
    discharge_ratio: 0.5
    depth_of_discharge: 1.0
