cost_values:
  wind_capex: 5000.0
  wind_opex: 100
  wind_lifetime: 20
  solar_capex: 1000.0
  solar_opex: 10
  solar_lifetime: 20
  carbon_price: 1.0
timeseries_values:
  load_level: 240028.87604351828
  wind_year: 2015
  solar_year: 2017
  price_year: 2023
  carbon_year: 2023
storage_values:
  CAES:
    cost: 62.7869
    lifetime: 24.2063
    annual_cost: 2.593824748102767
    efficiency: 0.632021
    discharge_ratio: 0.1
    depth_of_discharge: 0.4
  Li-ion:
    cost: 233.134
    lifetime: 20.0049
    annual_cost: 11.653844808022034
    efficiency: 0.925087
    discharge_ratio: 2
    depth_of_discharge: 0.9
  Pb-acid:
    cost: 134.645
    lifetime: 10.3238
    annual_cost: 13.042193765861409
    efficiency: 0.659237
    discharge_ratio: 5
    depth_of_discharge: 0.5
  VRBF:
    cost: 257.725
    lifetime: 18.636
    annual_cost: 13.829416183730416
    efficiency: 0.67406
    discharge_ratio: 0.5
    depth_of_discharge: 1.0
