cost_values:
  wind_capex: 5000.0
  wind_opex: 100
  wind_lifetime: 20
  solar_capex: 1000.0
  solar_opex: 10
  solar_lifetime: 20
  carbon_price: 1.0
timeseries_values:
  load_level: 240028.87604351828
  wind_year: 2015
  solar_year: 2017
  price_year: 2023
  carbon_year: 2023
storage_values:
  CAES:
    cost: 53.8494
    lifetime: 23.8977
    annual_cost: 2.25332981835072
    efficiency: 0.623519
    discharge_ratio: 0.1
    depth_of_discharge: 0.4
  Li-ion:
    cost: 261.052
    lifetime: 17.0434
    annual_cost: 15.316896863301926
    efficiency: 0.928872
    discharge_ratio: 2
    depth_of_discharge: 0.9
  Pb-acid:
    cost: 141.263
    lifetime: 9.37302
    annual_cost: 15.071236378456463
    efficiency: 0.652734
    discharge_ratio: 5
    depth_of_discharge: 0.5
  VRBF:
    cost: 272.668
    lifetime: 17.0835
    annual_cost: 15.960897942459098
    efficiency: 0.661829
    discharge_ratio: 0.5
    depth_of_discharge: 1.0
