cost_values:
  wind_capex: 5000.0
  wind_opex: 100
  wind_lifetime: 20
  solar_capex: 1000.0
  solar_opex: 10
  solar_lifetime: 20
  carbon_price: 1.0
timeseries_values:
  load_level: 240028.87604351828
  wind_year: 2015
  solar_year: 2017
  price_year: 2023
  carbon_year: 2023
storage_values:
  CAES:
    cost: 58.5669
    lifetime: 23.5955
    annual_cost: 2.482121590981331
    efficiency: 0.640179
    discharge_ratio: 0.1
    depth_of_discharge: 0.4
  Li-ion:
    cost: 263.997
    lifetime: 18.9492
    annual_cost: 13.931828256601861
    efficiency: 0.935334
    discharge_ratio: 2
    depth_of_discharge: 0.9
  Pb-acid:
    cost: 152.805
    lifetime: 9.4532
    annual_cost: 16.16436762154614
    efficiency: 0.658092
    discharge_ratio: 5
    depth_of_discharge: 0.5
  VRBF:
    cost: 275.313
    lifetime: 18.1387
    annual_cost: 15.178210125312177
    efficiency: 0.672547
    discharge_ratio: 0.5
    depth_of_discharge: 1.0
