cost_values:
  wind_capex: 5000.0
  wind_opex: 100
  wind_lifetime: 20
  solar_capex: 1000.0
  solar_opex: 10
  solar_lifetime: 20
  carbon_price: 1.0
timeseries_values:
  load_level: 240028.87604351828
  wind_year: 2015
  solar_year: 2017
  price_year: 2023
  carbon_year: 2023
storage_values:
  CAES:
    cost: 58.4289
    lifetime: 24.3506
    annual_cost: 2.399485022956313
    efficiency: 0.643222
    discharge_ratio: 0.1
    depth_of_discharge: 0.4
  Li-ion:
    cost: 257.921
    lifetime: 18.5507
    annual_cost: 13.903572371932057
    efficiency: 0.934374
    discharge_ratio: 2
    depth_of_discharge: 0.9
  Pb-acid:
    cost: 147.713
    lifetime: 10.1141
    annual_cost: 14.604660820043305
    efficiency: 0.658123
    discharge_ratio: 5
    depth_of_discharge: 0.5
  VRBF:
    cost: 255.0
    lifetime: 20.5349
    annual_cost: 12.417883700431947
    efficiency: 0.679801
    discharge_ratio: 0.5
    depth_of_discharge: 1.0
