cost_values:
  wind_capex: 5000.0
  wind_opex: 100
  wind_lifetime: 20
  solar_capex: 1000.0
  solar_opex: 10
  solar_lifetime: 20
  carbon_price: 1.0
timeseries_values:
  load_level: 240028.87604351828
  wind_year: 2015
  solar_year: 2017
  price_year: 2023
  carbon_year: 2023
storage_values:
  CAES:
    cost: 59.0331
    lifetime: 23.3667
    annual_cost: 2.5263772804889006
    efficiency: 0.62907
    discharge_ratio: 0.1
    depth_of_discharge: 0.4
  Li-ion:
    cost: 253.264
    lifetime: 15.7102
    annual_cost: 16.120991457779024
    efficiency: 0.926283
    discharge_ratio: 2
    depth_of_discharge: 0.9
  Pb-acid:
    cost: 121.925
    lifetime: 11.542
    annual_cost: 10.563593831225091
    efficiency: 0.657003
    discharge_ratio: 5
    depth_of_discharge: 0.5
  VRBF:
    cost: 283.275
    lifetime: 19.2761
    annual_cost: 14.695659391681927
    efficiency: 0.655334
    discharge_ratio: 0.5
    depth_of_discharge: 1.0
