cost_values:
  wind_capex: 5000.0
  wind_opex: 100
  wind_lifetime: 20
  solar_capex: 1000.0
  solar_opex: 10
  solar_lifetime: 20
  carbon_price: 1.0
timeseries_values:
  load_level: 240028.87604351828
  wind_year: 2015
  solar_year: 2017
  price_year: 2023
  carbon_year: 2023
storage_values:
  CAES:
    cost: 61.8362
    lifetime: 23.3678
    annual_cost: 2.646214021003261
    efficiency: 0.626015
    discharge_ratio: 0.1
    depth_of_discharge: 0.4
  Li-ion:
    cost: 268.722
    lifetime: 16.9865
    annual_cost: 15.819739204662525
    efficiency: 0.923281
    discharge_ratio: 2
    depth_of_discharge: 0.9
  Pb-acid:
    cost: 150.473
    lifetime: 10.2118
    annual_cost: 14.735208288450616
    efficiency: 0.662337
    discharge_ratio: 5
    depth_of_discharge: 0.5
  VRBF:
    cost: 264.14
    lifetime: 17.7651
    annual_cost: 14.868478083433248
    efficiency: 0.673186
    discharge_ratio: 0.5
    depth_of_discharge: 1.0
