cost_values:
  wind_capex: 5000.0
  wind_opex: 100
  wind_lifetime: 20
  solar_capex: 1000.0
  solar_opex: 10
  solar_lifetime: 20
  carbon_price: 1.0
timeseries_values:
  load_level: 240028.87604351828
  wind_year: 2015
  solar_year: 2017
  price_year: 2023
  carbon_year: 2023
storage_values:
  CAES:
    cost: 64.3939
    lifetime: 23.5248
    annual_cost: 2.737277256342243
    efficiency: 0.632727
    discharge_ratio: 0.1
    depth_of_discharge: 0.4
  Li-ion:
    cost: 236.727
    lifetime: 16.7773
    annual_cost: 14.109958098144517
    efficiency: 0.925963
    discharge_ratio: 2
    depth_of_discharge: 0.9
  Pb-acid:
    cost: 141.902
    lifetime: 8.48257
    annual_cost: 16.72865652744392
    efficiency: 0.654582
    discharge_ratio: 5
    depth_of_discharge: 0.5
  VRBF:
    cost: 312.604
    lifetime: 18.3901
    annual_cost: 16.99849375479198
    efficiency: 0.661879
    discharge_ratio: 0.5
    depth_of_discharge: 1.0
