cost_values:
  wind_capex: 5000.0
  wind_opex: 100
  wind_lifetime: 20
  solar_capex: 1000.0
  solar_opex: 10
  solar_lifetime: 20
  carbon_price: 1.0
timeseries_values:
  load_level: 240028.87604351828
  wind_year: 2015
  solar_year: 2017
  price_year: 2023
  carbon_year: 2023
storage_values:
  CAES:
    cost: 52.7803
    lifetime: 22.7184
    annual_cost: 2.323240192971336
    efficiency: 0.627371
    discharge_ratio: 0.1
    depth_of_discharge: 0.4
  Li-ion:
    cost: 240.111
    lifetime: 16.404
    annual_cost: 14.637344550109729
    efficiency: 0.937398
    discharge_ratio: 2
    depth_of_discharge: 0.9
  Pb-acid:
    cost: 143.446
    lifetime: 10.6457
    annual_cost: 13.474548409216867
    efficiency: 0.65098
    discharge_ratio: 5
    depth_of_discharge: 0.5
  VRBF:
    cost: 288.915
    lifetime: 18.5877
    annual_cost: 15.54334317855356
    efficiency: 0.663729
    discharge_ratio: 0.5
    depth_of_discharge: 1.0
