cost_values:
  wind_capex: 5000.0
  wind_opex: 100
  wind_lifetime: 20
  solar_capex: 1000.0
  solar_opex: 10
  solar_lifetime: 20
  carbon_price: 1.0
timeseries_values:
  load_level: 240028.87604351828
  wind_year: 2015
  solar_year: 2017
  price_year: 2023
  carbon_year: 2023
storage_values:
  CAES:
    cost: 68.1316
    lifetime: 23.8698
    annual_cost: 2.854301250953087
    efficiency: 0.631903
    discharge_ratio: 0.1
    depth_of_discharge: 0.4
  Li-ion:
    cost: 261.571
    lifetime: 19.1303
    annual_cost: 13.673125878841422
    efficiency: 0.936321
    discharge_ratio: 2
    depth_of_discharge: 0.9
  Pb-acid:
    cost: 122.0
    lifetime: 10.1647
    annual_cost: 12.002321760602872
    efficiency: 0.663484
    discharge_ratio: 5
    depth_of_discharge: 0.5
  VRBF:
    cost: 269.273
    lifetime: 17.6897
    annual_cost: 15.222021854525517
    efficiency: 0.676297
    discharge_ratio: 0.5
    depth_of_discharge: 1.0
