cost_values:
  wind_capex: 5000.0
  wind_opex: 100
  wind_lifetime: 20
  solar_capex: 1000.0
  solar_opex: 10
  solar_lifetime: 20
  carbon_price: 1.0
timeseries_values:
  load_level: 240028.87604351828
  wind_year: 2015
  solar_year: 2017
  price_year: 2023
  carbon_year: 2023
storage_values:
  CAES:
    cost: 66.7922
    lifetime: 24.1299
    annual_cost: 2.7680263904947804
    efficiency: 0.632032
    discharge_ratio: 0.1
    depth_of_discharge: 0.4
  Li-ion:
    cost: 269.831
    lifetime: 19.4574
    annual_cost: 13.867782951473476
    efficiency: 0.929478
    discharge_ratio: 2
    depth_of_discharge: 0.9
  Pb-acid:
    cost: 129.765
    lifetime: 9.90295
    annual_cost: 13.103671128300151
    efficiency: 0.659062
    discharge_ratio: 5
    depth_of_discharge: 0.5
  VRBF:
    cost: 293.548
    lifetime: 18.607
    annual_cost: 15.776213253076799
    efficiency: 0.668612
    discharge_ratio: 0.5
    depth_of_discharge: 1.0
