cost_values:
  wind_capex: 5000.0
  wind_opex: 100
  wind_lifetime: 20
  solar_capex: 1000.0
  solar_opex: 10
  solar_lifetime: 20
  carbon_price: 1.0
timeseries_values:
  load_level: 240028.87604351828
  wind_year: 2015
  solar_year: 2017
  price_year: 2023
  carbon_year: 2023
storage_values:
  CAES:
    cost: 52.1276
    lifetime: 24.4258
    annual_cost: 2.134120479165473
    efficiency: 0.630789
    discharge_ratio: 0.1
    depth_of_discharge: 0.4
  Li-ion:
    cost: 248.919
    lifetime: 18.0987
    annual_cost: 13.753418753833149
    efficiency: 0.932227
    discharge_ratio: 2
    depth_of_discharge: 0.9
  Pb-acid:
    cost: 129.123
    lifetime: 10.5902
    annual_cost: 12.192687579082548
    efficiency: 0.651525
    discharge_ratio: 5
    depth_of_discharge: 0.5
  VRBF:
    cost: 255.087
    lifetime: 19.0017
    annual_cost: 13.424430445696963
    efficiency: 0.669015
    discharge_ratio: 0.5
    depth_of_discharge: 1.0
