cost_values:
  wind_capex: 5000.0
  wind_opex: 100
  wind_lifetime: 20
  solar_capex: 1000.0
  solar_opex: 10
  solar_lifetime: 20
  carbon_price: 1.0
timeseries_values:
  load_level: 240028.87604351828
  wind_year: 2015
  solar_year: 2017
  price_year: 2023
  carbon_year: 2023
storage_values:
  CAES:
    cost: 71.0711
    lifetime: 24.2761
    annual_cost: 2.927616050354052
    efficiency: 0.626575
    discharge_ratio: 0.1
    depth_of_discharge: 0.4
  Li-ion:
    cost: 255.754
    lifetime: 16.9272
    annual_cost: 15.109055248357674
    efficiency: 0.923193
    discharge_ratio: 2
    depth_of_discharge: 0.9
  Pb-acid:
    cost: 118.571
    lifetime: 9.27646
    annual_cost: 12.781923276767214
    efficiency: 0.651894
    discharge_ratio: 5
    depth_of_discharge: 0.5
  VRBF:
    cost: 297.212
    lifetime: 19.7551
    annual_cost: 15.04482386826693
    efficiency: 0.655994
    discharge_ratio: 0.5
    depth_of_discharge: 1.0
