cost_values:
  wind_capex: 5000.0
  wind_opex: 100
  wind_lifetime: 20
  solar_capex: 1000.0
  solar_opex: 10
  solar_lifetime: 20
  carbon_price: 1.0
timeseries_values:
  load_level: 240028.87604351828
  wind_year: 2015
  solar_year: 2017
  price_year: 2023
  carbon_year: 2023
storage_values:
  CAES:
    cost: 63.1297
    lifetime: 24.7251
    annual_cost: 2.553263687507836
    efficiency: 0.63928
    discharge_ratio: 0.1
    depth_of_discharge: 0.4
  Li-ion:
    cost: 271.444
    lifetime: 19.9492
    annual_cost: 13.606761173380386
    efficiency: 0.924988
    discharge_ratio: 2
    depth_of_discharge: 0.9
  Pb-acid:
    cost: 114.823
    lifetime: 11.0703
    annual_cost: 10.372166969278158
    efficiency: 0.652719
    discharge_ratio: 5
    depth_of_discharge: 0.5
  VRBF:
    cost: 330.814
    lifetime: 19.5408
    annual_cost: 16.92939900106444
    efficiency: 0.693548
    discharge_ratio: 0.5
    depth_of_discharge: 1.0
