cost_values:
  wind_capex: 5000.0
  wind_opex: 100
  wind_lifetime: 20
  solar_capex: 1000.0
  solar_opex: 10
  solar_lifetime: 20
  carbon_price: 1.0
timeseries_values:
  load_level: 240028.87604351828
  wind_year: 2015
  solar_year: 2017
  price_year: 2023
  carbon_year: 2023
storage_values:
  CAES:
    cost: 59.1807
    lifetime: 23.7713
    annual_cost: 2.4895861816560307
    efficiency: 0.630242
    discharge_ratio: 0.1
    depth_of_discharge: 0.4
  Li-ion:
    cost: 240.502
    lifetime: 18.076
    annual_cost: 13.305045364018588
    efficiency: 0.93477
    discharge_ratio: 2
    depth_of_discharge: 0.9
  Pb-acid:
    cost: 111.879
    lifetime: 8.96375
    annual_cost: 12.481271789150748
    efficiency: 0.666912
    discharge_ratio: 5
    depth_of_discharge: 0.5
  VRBF:
    cost: 277.166
    lifetime: 18.7832
    annual_cost: 14.756058605562417
    efficiency: 0.669433
    discharge_ratio: 0.5
    depth_of_discharge: 1.0
