cost_values:
  wind_capex: 5000.0
  wind_opex: 100
  wind_lifetime: 20
  solar_capex: 1000.0
  solar_opex: 10
  solar_lifetime: 20
  carbon_price: 1.0
timeseries_values:
  load_level: 240028.87604351828
  wind_year: 2015
  solar_year: 2017
  price_year: 2023
  carbon_year: 2023
storage_values:
  CAES:
    cost: 60.9124
    lifetime: 23.4968
    annual_cost: 2.592370024854448
    efficiency: 0.63716
    discharge_ratio: 0.1
    depth_of_discharge: 0.4
  Li-ion:
    cost: 247.635
    lifetime: 19.7593
    annual_cost: 12.532579595431011
    efficiency: 0.935002
    discharge_ratio: 2
    depth_of_discharge: 0.9
  Pb-acid:
    cost: 109.929
    lifetime: 9.7048
    annual_cost: 11.32728134531366
    efficiency: 0.652281
    discharge_ratio: 5
    depth_of_discharge: 0.5
  VRBF:
    cost: 274.411
    lifetime: 18.146
    annual_cost: 15.122396120357102
    efficiency: 0.658797
    discharge_ratio: 0.5
    depth_of_discharge: 1.0
