cost_values:
  wind_capex: 5000.0
  wind_opex: 100
  wind_lifetime: 20
  solar_capex: 1000.0
  solar_opex: 10
  solar_lifetime: 20
  carbon_price: 1.0
timeseries_values:
  load_level: 240028.87604351828
  wind_year: 2015
  solar_year: 2017
  price_year: 2023
  carbon_year: 2023
storage_values:
  CAES:
    cost: 65.6004
    lifetime: 24.4091
    annual_cost: 2.6875386638589704
    efficiency: 0.628599
    discharge_ratio: 0.1
    depth_of_discharge: 0.4
  Li-ion:
    cost: 245.426
    lifetime: 18.6409
    annual_cost: 13.165995204094223
    efficiency: 0.92345
    discharge_ratio: 2
    depth_of_discharge: 0.9
  Pb-acid:
    cost: 120.95
    lifetime: 9.43361
    annual_cost: 12.821178742814258
    efficiency: 0.653358
    discharge_ratio: 5
    depth_of_discharge: 0.5
  VRBF:
    cost: 261.644
    lifetime: 16.9809
    annual_cost: 15.40813502228975
    efficiency: 0.651125
    discharge_ratio: 0.5
    depth_of_discharge: 1.0
