cost_values:
  wind_capex: 5000.0
  wind_opex: 100
  wind_lifetime: 20
  solar_capex: 1000.0
  solar_opex: 10
  solar_lifetime: 20
  carbon_price: 1.0
timeseries_values:
  load_level: 240028.87604351828
  wind_year: 2015
  solar_year: 2017
  price_year: 2023
  carbon_year: 2023
storage_values:
  CAES:
    cost: 71.1237
    lifetime: 23.215
    annual_cost: 3.063695886280422
    efficiency: 0.629237
    discharge_ratio: 0.1
    depth_of_discharge: 0.4
  Li-ion:
    cost: 239.096
    lifetime: 18.0204
    annual_cost: 13.268073960622408
    efficiency: 0.913974
    discharge_ratio: 2
    depth_of_discharge: 0.9
  Pb-acid:
    cost: 143.769
    lifetime: 9.30273
    annual_cost: 15.454495615803102
    efficiency: 0.658191
    discharge_ratio: 5
    depth_of_discharge: 0.5
  VRBF:
    cost: 299.33
    lifetime: 19.5141
    annual_cost: 15.339165014015506
    efficiency: 0.673942
    discharge_ratio: 0.5
    depth_of_discharge: 1.0
