cost_values:
  wind_capex: 5000.0
  wind_opex: 100
  wind_lifetime: 20
  solar_capex: 1000.0
  solar_opex: 10
  solar_lifetime: 20
  carbon_price: 1.0
timeseries_values:
  load_level: 240028.87604351828
  wind_year: 2015
  solar_year: 2017
  price_year: 2023
  carbon_year: 2023
storage_values:
  CAES:
    cost: 64.4774
    lifetime: 23.7876
    annual_cost: 2.710546671375002
    efficiency: 0.634345
    discharge_ratio: 0.1
    depth_of_discharge: 0.4
  Li-ion:
    cost: 254.53
    lifetime: 17.0349
    annual_cost: 14.94167855402732
    efficiency: 0.947155
    discharge_ratio: 2
    depth_of_discharge: 0.9
  Pb-acid:
    cost: 146.128
    lifetime: 9.23287
    annual_cost: 15.826931387531719
    efficiency: 0.658897
    discharge_ratio: 5
    depth_of_discharge: 0.5
  VRBF:
    cost: 282.826
    lifetime: 15.9361
    annual_cost: 17.74750409447732
    efficiency: 0.685119
    discharge_ratio: 0.5
    depth_of_discharge: 1.0
