cost_values:
  wind_capex: 5000.0
  wind_opex: 100
  wind_lifetime: 20
  solar_capex: 1000.0
  solar_opex: 10
  solar_lifetime: 20
  carbon_price: 1.0
timeseries_values:
  load_level: 240028.87604351828
  wind_year: 2015
  solar_year: 2017
  price_year: 2023
  carbon_year: 2023
storage_values:
  CAES:
    cost: 55.6649
    lifetime: 23.1165
    annual_cost: 2.408015919364956
    efficiency: 0.632521
    discharge_ratio: 0.1
    depth_of_discharge: 0.4
  Li-ion:
    cost: 259.015
    lifetime: 18.1446
    annual_cost: 14.275046019201303
    efficiency: 0.911161
    discharge_ratio: 2
    depth_of_discharge: 0.9
  Pb-acid:
    cost: 148.006
    lifetime: 10.9951
    annual_cost: 13.461087211576064
    efficiency: 0.652535
    discharge_ratio: 5
    depth_of_discharge: 0.5
  VRBF:
    cost: 300.209
    lifetime: 19.6876
    annual_cost: 15.248633657733802
    efficiency: 0.654329
    discharge_ratio: 0.5
    depth_of_discharge: 1.0
