cost_values:
  wind_capex: 5000.0
  wind_opex: 100
  wind_lifetime: 20
  solar_capex: 1000.0
  solar_opex: 10
  solar_lifetime: 20
  carbon_price: 1.0
timeseries_values:
  load_level: 240028.87604351828
  wind_year: 2015
  solar_year: 2017
  price_year: 2023
  carbon_year: 2023
storage_values:
  CAES:
    cost: 61.0589
    lifetime: 23.5703
    annual_cost: 2.5905016058344614
    efficiency: 0.633024
    discharge_ratio: 0.1
    depth_of_discharge: 0.4
  Li-ion:
    cost: 244.629
    lifetime: 20.6135
    annual_cost: 11.86741698401533
    efficiency: 0.923644
    discharge_ratio: 2
    depth_of_discharge: 0.9
  Pb-acid:
    cost: 116.74
    lifetime: 11.185
    annual_cost: 10.437192668752793
    efficiency: 0.658071
    discharge_ratio: 5
    depth_of_discharge: 0.5
  VRBF:
    cost: 251.855
    lifetime: 17.6735
    annual_cost: 14.250431436897047
    efficiency: 0.684889
    discharge_ratio: 0.5
    depth_of_discharge: 1.0
