cost_values:
  wind_capex: 5000.0
  wind_opex: 100
  wind_lifetime: 20
  solar_capex: 1000.0
  solar_opex: 10
  solar_lifetime: 20
  carbon_price: 1.0
timeseries_values:
  load_level: 240028.87604351828
  wind_year: 2015
  solar_year: 2017
  price_year: 2023
  carbon_year: 2023
storage_values:
  CAES:
    cost: 59.4872
    lifetime: 22.6975
    annual_cost: 2.620870139883247
    efficiency: 0.63234
    discharge_ratio: 0.1
    depth_of_discharge: 0.4
  Li-ion:
    cost: 256.807
    lifetime: 18.0668
    annual_cost: 14.214304691478292
    efficiency: 0.933859
    discharge_ratio: 2
    depth_of_discharge: 0.9
  Pb-acid:
    cost: 152.397
    lifetime: 11.9518
    annual_cost: 12.75096638163289
    efficiency: 0.656087
    discharge_ratio: 5
    depth_of_discharge: 0.5
  VRBF:
    cost: 315.205
    lifetime: 20.1336
    annual_cost: 15.65567012357452
    efficiency: 0.667802
    discharge_ratio: 0.5
    depth_of_discharge: 1.0
