cost_values:
  wind_capex: 5000.0
  wind_opex: 100
  wind_lifetime: 20
  solar_capex: 1000.0
  solar_opex: 10
  solar_lifetime: 20
  carbon_price: 1.0
timeseries_values:
  load_level: 240028.87604351828
  wind_year: 2015
  solar_year: 2017
  price_year: 2023
  carbon_year: 2023
storage_values:
  CAES:
    cost: 55.5182
    lifetime: 23.4808
    annual_cost: 2.3644083676876426
    efficiency: 0.622649
    discharge_ratio: 0.1
    depth_of_discharge: 0.4
  Li-ion:
    cost: 237.97
    lifetime: 18.0645
    annual_cost: 13.173351047634865
    efficiency: 0.933916
    discharge_ratio: 2
    depth_of_discharge: 0.9
  Pb-acid:
    cost: 154.702
    lifetime: 10.9775
    annual_cost: 14.092644044636758
    efficiency: 0.661568
    discharge_ratio: 5
    depth_of_discharge: 0.5
  VRBF:
    cost: 273.768
    lifetime: 17.7093
    annual_cost: 15.458996120682352
    efficiency: 0.666809
    discharge_ratio: 0.5
    depth_of_discharge: 1.0
