cost_values:
  wind_capex: 5000.0
  wind_opex: 100
  wind_lifetime: 20
  solar_capex: 1000.0
  solar_opex: 10
  solar_lifetime: 20
  carbon_price: 1.0
timeseries_values:
  load_level: 240028.87604351828
  wind_year: 2015
  solar_year: 2017
  price_year: 2023
  carbon_year: 2023
storage_values:
  CAES:
    cost: 65.843
    lifetime: 23.4451
    annual_cost: 2.8083906658534192
    efficiency: 0.64071
    discharge_ratio: 0.1
    depth_of_discharge: 0.4
  Li-ion:
    cost: 253.75
    lifetime: 16.9553
    annual_cost: 14.965821896398175
    efficiency: 0.938667
    discharge_ratio: 2
    depth_of_discharge: 0.9
  Pb-acid:
    cost: 114.32
    lifetime: 10.8246
    annual_cost: 10.561129279603865
    efficiency: 0.657504
    discharge_ratio: 5
    depth_of_discharge: 0.5
  VRBF:
    cost: 265.923
    lifetime: 18.8799
    annual_cost: 14.084979263661355
    efficiency: 0.656139
    discharge_ratio: 0.5
    depth_of_discharge: 1.0
