cost_values:
  wind_capex: 5000.0
  wind_opex: 100
  wind_lifetime: 20
  solar_capex: 1000.0
  solar_opex: 10
  solar_lifetime: 20
  carbon_price: 1.0
timeseries_values:
  load_level: 240028.87604351828
  wind_year: 2015
  solar_year: 2017
  price_year: 2023
  carbon_year: 2023
storage_values:
  CAES:
    cost: 66.257
    lifetime: 24.0819
    annual_cost: 2.7513194556907887
    efficiency: 0.628411
    discharge_ratio: 0.1
    depth_of_discharge: 0.4
  Li-ion:
    cost: 234.071
    lifetime: 17.145
    annual_cost: 13.652435112277633
    efficiency: 0.935374
    discharge_ratio: 2
    depth_of_discharge: 0.9
  Pb-acid:
    cost: 137.213
    lifetime: 9.23439
    annual_cost: 14.85891325794124
    efficiency: 0.660728
    discharge_ratio: 5
    depth_of_discharge: 0.5
  VRBF:
    cost: 296.777
    lifetime: 19.3648
    annual_cost: 15.325590762620838
    efficiency: 0.688279
    discharge_ratio: 0.5
    depth_of_discharge: 1.0
