cost_values:
  wind_capex: 5000.0
  wind_opex: 100
  wind_lifetime: 20
  solar_capex: 1000.0
  solar_opex: 10
  solar_lifetime: 20
  carbon_price: 1.0
timeseries_values:
  load_level: 240028.87604351828
  wind_year: 2015
  solar_year: 2017
  price_year: 2023
  carbon_year: 2023
storage_values:
  CAES:
    cost: 64.937
    lifetime: 23.6586
    annual_cost: 2.7447524367460456
    efficiency: 0.63523
    discharge_ratio: 0.1
    depth_of_discharge: 0.4
  Li-ion:
    cost: 244.009
    lifetime: 20.4558
    annual_cost: 11.928597268256436
    efficiency: 0.925418
    discharge_ratio: 2
    depth_of_discharge: 0.9
  Pb-acid:
    cost: 127.821
    lifetime: 9.49743
    annual_cost: 13.458482979079603
    efficiency: 0.661991
    discharge_ratio: 5
    depth_of_discharge: 0.5
  VRBF:
    cost: 267.112
    lifetime: 19.9165
    annual_cost: 13.411593402455253
    efficiency: 0.676404
    discharge_ratio: 0.5
    depth_of_discharge: 1.0
