cost_values:
  wind_capex: 5000.0
  wind_opex: 100
  wind_lifetime: 20
  solar_capex: 1000.0
  solar_opex: 10
  solar_lifetime: 20
  carbon_price: 1.0
timeseries_values:
  load_level: 240028.87604351828
  wind_year: 2015
  solar_year: 2017
  price_year: 2023
  carbon_year: 2023
storage_values:
  CAES:
    cost: 62.1725
    lifetime: 24.1738
    annual_cost: 2.571896019657646
    efficiency: 0.623216
    discharge_ratio: 0.1
    depth_of_discharge: 0.4
  Li-ion:
    cost: 253.222
    lifetime: 18.6182
    annual_cost: 13.600777733615494
    efficiency: 0.94586
    discharge_ratio: 2
    depth_of_discharge: 0.9
  Pb-acid:
    cost: 135.554
    lifetime: 9.74351
    annual_cost: 13.912234913291
    efficiency: 0.657617
    discharge_ratio: 5
    depth_of_discharge: 0.5
  VRBF:
    cost: 271.577
    lifetime: 20.4621
    annual_cost: 13.272195913420422
    efficiency: 0.668038
    discharge_ratio: 0.5
    depth_of_discharge: 1.0
