cost_values:
  wind_capex: 5000.0
  wind_opex: 100
  wind_lifetime: 20
  solar_capex: 1000.0
  solar_opex: 10
  solar_lifetime: 20
  carbon_price: 1.0
timeseries_values:
  load_level: 240028.87604351828
  wind_year: 2015
  solar_year: 2017
  price_year: 2023
  carbon_year: 2023
storage_values:
  CAES:
    cost: 68.3754
    lifetime: 24.641
    annual_cost: 2.774863033156122
    efficiency: 0.631739
    discharge_ratio: 0.1
    depth_of_discharge: 0.4
  Li-ion:
    cost: 230.579
    lifetime: 17.2247
    annual_cost: 13.386532131183708
    efficiency: 0.938974
    discharge_ratio: 2
    depth_of_discharge: 0.9
  Pb-acid:
    cost: 134.074
    lifetime: 10.8046
    annual_cost: 12.408973955537457
    efficiency: 0.653415
    discharge_ratio: 5
    depth_of_discharge: 0.5
  VRBF:
    cost: 295.687
    lifetime: 18.5179
    annual_cost: 15.96763131888605
    efficiency: 0.697861
    discharge_ratio: 0.5
    depth_of_discharge: 1.0
