cost_values:
  wind_capex: 5000.0
  wind_opex: 100
  wind_lifetime: 20
  solar_capex: 1000.0
  solar_opex: 10
  solar_lifetime: 20
  carbon_price: 1.0
timeseries_values:
  load_level: 240028.87604351828
  wind_year: 2015
  solar_year: 2017
  price_year: 2023
  carbon_year: 2023
storage_values:
  CAES:
    cost: 60.314
    lifetime: 22.7941
    annual_cost: 2.6460355969307847
    efficiency: 0.641225
    discharge_ratio: 0.1
    depth_of_discharge: 0.4
  Li-ion:
    cost: 262.266
    lifetime: 16.7581
    annual_cost: 15.650103532023323
    efficiency: 0.925809
    discharge_ratio: 2
    depth_of_discharge: 0.9
  Pb-acid:
    cost: 130.263
    lifetime: 12.2293
    annual_cost: 10.651713507723255
    efficiency: 0.666123
    discharge_ratio: 5
    depth_of_discharge: 0.5
  VRBF:
    cost: 267.11
    lifetime: 18.7003
    annual_cost: 14.283728068533662
    efficiency: 0.684749
    discharge_ratio: 0.5
    depth_of_discharge: 1.0
