cost_values:
  wind_capex: 5000.0
  wind_opex: 100
  wind_lifetime: 20
  solar_capex: 1000.0
  solar_opex: 10
  solar_lifetime: 20
  carbon_price: 1.0
timeseries_values:
  load_level: 240028.87604351828
  wind_year: 2015
  solar_year: 2017
  price_year: 2023
  carbon_year: 2023
storage_values:
  CAES:
    cost: 58.9112
    lifetime: 24.4615
    annual_cost: 2.4083232835271753
    efficiency: 0.637532
    discharge_ratio: 0.1
    depth_of_discharge: 0.4
  Li-ion:
    cost: 241.136
    lifetime: 19.6639
    annual_cost: 12.26287765906051
    efficiency: 0.92342
    discharge_ratio: 2
    depth_of_discharge: 0.9
  Pb-acid:
    cost: 126.364
    lifetime: 10.6827
    annual_cost: 11.828844767708539
    efficiency: 0.655642
    discharge_ratio: 5
    depth_of_discharge: 0.5
  VRBF:
    cost: 280.976
    lifetime: 19.7167
    annual_cost: 14.250660607505313
    efficiency: 0.682665
    discharge_ratio: 0.5
    depth_of_discharge: 1.0
