cost_values:
  wind_capex: 5000.0
  wind_opex: 100
  wind_lifetime: 20
  solar_capex: 1000.0
  solar_opex: 10
  solar_lifetime: 20
  carbon_price: 1.0
timeseries_values:
  load_level: 240028.87604351828
  wind_year: 2015
  solar_year: 2017
  price_year: 2023
  carbon_year: 2023
storage_values:
  CAES:
    cost: 57.8308
    lifetime: 24.6199
    annual_cost: 2.3489453653345467
    efficiency: 0.626482
    discharge_ratio: 0.1
    depth_of_discharge: 0.4
  Li-ion:
    cost: 258.893
    lifetime: 18.9151
    annual_cost: 13.68710712605273
    efficiency: 0.94066
    discharge_ratio: 2
    depth_of_discharge: 0.9
  Pb-acid:
    cost: 144.836
    lifetime: 10.1857
    annual_cost: 14.219543084913163
    efficiency: 0.664116
    discharge_ratio: 5
    depth_of_discharge: 0.5
  VRBF:
    cost: 286.688
    lifetime: 18.822
    annual_cost: 15.231537562426947
    efficiency: 0.664173
    discharge_ratio: 0.5
    depth_of_discharge: 1.0
