cost_values:
  wind_capex: 5000.0
  wind_opex: 100
  wind_lifetime: 20
  solar_capex: 1000.0
  solar_opex: 10
  solar_lifetime: 20
  carbon_price: 1.0
timeseries_values:
  load_level: 240028.87604351828
  wind_year: 2015
  solar_year: 2017
  price_year: 2023
  carbon_year: 2023
storage_values:
  CAES:
    cost: 58.0655
    lifetime: 23.9501
    annual_cost: 2.4244366411831266
    efficiency: 0.63078
    discharge_ratio: 0.1
    depth_of_discharge: 0.4
  Li-ion:
    cost: 242.943
    lifetime: 18.7568
    annual_cost: 12.952262646080356
    efficiency: 0.918601
    discharge_ratio: 2
    depth_of_discharge: 0.9
  Pb-acid:
    cost: 132.259
    lifetime: 12.4494
    annual_cost: 10.623724838144808
    efficiency: 0.661587
    discharge_ratio: 5
    depth_of_discharge: 0.5
  VRBF:
    cost: 279.928
    lifetime: 19.1628
    annual_cost: 14.607886112676644
    efficiency: 0.677334
    discharge_ratio: 0.5
    depth_of_discharge: 1.0
