cost_values:
  wind_capex: 5000.0
  wind_opex: 100
  wind_lifetime: 20
  solar_capex: 1000.0
  solar_opex: 10
  solar_lifetime: 20
  carbon_price: 1.0
timeseries_values:
  load_level: 240028.87604351828
  wind_year: 2015
  solar_year: 2017
  price_year: 2023
  carbon_year: 2023
storage_values:
  CAES:
    cost: 54.3848
    lifetime: 23.5383
    annual_cost: 2.3104812157207615
    efficiency: 0.627003
    discharge_ratio: 0.1
    depth_of_discharge: 0.4
  Li-ion:
    cost: 258.539
    lifetime: 17.471
    annual_cost: 14.79817984087917
    efficiency: 0.924481
    discharge_ratio: 2
    depth_of_discharge: 0.9
  Pb-acid:
    cost: 132.522
    lifetime: 10.7237
    annual_cost: 12.357861558976845
    efficiency: 0.656048
    discharge_ratio: 5
    depth_of_discharge: 0.5
  VRBF:
    cost: 298.308
    lifetime: 16.0304
    annual_cost: 18.6088931031041
    efficiency: 0.670583
    discharge_ratio: 0.5
    depth_of_discharge: 1.0
