cost_values:
  wind_capex: 5000.0
  wind_opex: 100
  wind_lifetime: 20
  solar_capex: 1000.0
  solar_opex: 10
  solar_lifetime: 20
  carbon_price: 1.0
timeseries_values:
  load_level: 240028.87604351828
  wind_year: 2015
  solar_year: 2017
  price_year: 2023
  carbon_year: 2023
storage_values:
  CAES:
    cost: 55.2354
    lifetime: 24.0543
    annual_cost: 2.2962796672528403
    efficiency: 0.617798
    discharge_ratio: 0.1
    depth_of_discharge: 0.4
  Li-ion:
    cost: 241.179
    lifetime: 19.1694
    annual_cost: 12.58145794860559
    efficiency: 0.921798
    discharge_ratio: 2
    depth_of_discharge: 0.9
  Pb-acid:
    cost: 128.909
    lifetime: 10.8838
    annual_cost: 11.844116944449548
    efficiency: 0.668841
    discharge_ratio: 5
    depth_of_discharge: 0.5
  VRBF:
    cost: 287.966
    lifetime: 19.6609
    annual_cost: 14.64663367394168
    efficiency: 0.688381
    discharge_ratio: 0.5
    depth_of_discharge: 1.0
