cost_values:
  wind_capex: 5000.0
  wind_opex: 100
  wind_lifetime: 20
  solar_capex: 1000.0
  solar_opex: 10
  solar_lifetime: 20
  carbon_price: 1.0
timeseries_values:
  load_level: 240028.87604351828
  wind_year: 2015
  solar_year: 2017
  price_year: 2023
  carbon_year: 2023
storage_values:
  CAES:
    cost: 59.3514
    lifetime: 24.1374
    annual_cost: 2.458897810037535
    efficiency: 0.625019
    discharge_ratio: 0.1
    depth_of_discharge: 0.4
  Li-ion:
    cost: 252.997
    lifetime: 18.0895
    annual_cost: 13.98584814395091
    efficiency: 0.929584
    discharge_ratio: 2
    depth_of_discharge: 0.9
  Pb-acid:
    cost: 126.51
    lifetime: 9.81481
    annual_cost: 12.889704436458782
    efficiency: 0.6651
    discharge_ratio: 5
    depth_of_discharge: 0.5
  VRBF:
    cost: 283.75
    lifetime: 15.652
    annual_cost: 18.128673651929468
    efficiency: 0.674066
    discharge_ratio: 0.5
    depth_of_discharge: 1.0
