cost_values:
  wind_capex: 5000.0
  wind_opex: 100
  wind_lifetime: 20
  solar_capex: 1000.0
  solar_opex: 10
  solar_lifetime: 20
  carbon_price: 1.0
timeseries_values:
  load_level: 240028.87604351828
  wind_year: 2015
  solar_year: 2017
  price_year: 2023
  carbon_year: 2023
storage_values:
  CAES:
    cost: 65.5342
    lifetime: 23.9615
    annual_cost: 2.734979028858794
    efficiency: 0.631091
    discharge_ratio: 0.1
    depth_of_discharge: 0.4
  Li-ion:
    cost: 252.929
    lifetime: 16.2426
    annual_cost: 15.571952766182754
    efficiency: 0.927195
    discharge_ratio: 2
    depth_of_discharge: 0.9
  Pb-acid:
    cost: 137.244
    lifetime: 11.1334
    annual_cost: 12.327231573463632
    efficiency: 0.659303
    discharge_ratio: 5
    depth_of_discharge: 0.5
  VRBF:
    cost: 293.561
    lifetime: 18.8116
    annual_cost: 15.605317995279508
    efficiency: 0.664756
    discharge_ratio: 0.5
    depth_of_discharge: 1.0
