cost_values:
  wind_capex: 5000.0
  wind_opex: 100
  wind_lifetime: 20
  solar_capex: 1000.0
  solar_opex: 10
  solar_lifetime: 20
  carbon_price: 1.0
timeseries_values:
  load_level: 240028.87604351828
  wind_year: 2015
  solar_year: 2017
  price_year: 2023
  carbon_year: 2023
storage_values:
  CAES:
    cost: 50.0129
    lifetime: 23.9933
    annual_cost: 2.0844527430574367
    efficiency: 0.640596
    discharge_ratio: 0.1
    depth_of_discharge: 0.4
  Li-ion:
    cost: 246.494
    lifetime: 18.4972
    annual_cost: 13.32601691066756
    efficiency: 0.926554
    discharge_ratio: 2
    depth_of_discharge: 0.9
  Pb-acid:
    cost: 131.228
    lifetime: 10.8897
    annual_cost: 12.050653369697972
    efficiency: 0.659658
    discharge_ratio: 5
    depth_of_discharge: 0.5
  VRBF:
    cost: 254.408
    lifetime: 20.2165
    annual_cost: 12.584176291642965
    efficiency: 0.675427
    discharge_ratio: 0.5
    depth_of_discharge: 1.0
