cost_values:
  wind_capex: 5000.0
  wind_opex: 100
  wind_lifetime: 20
  solar_capex: 1000.0
  solar_opex: 10
  solar_lifetime: 20
  carbon_price: 1.0
timeseries_values:
  load_level: 240028.87604351828
  wind_year: 2015
  solar_year: 2017
  price_year: 2023
  carbon_year: 2023
storage_values:
  CAES:
    cost: 64.5061
    lifetime: 23.6484
    annual_cost: 2.7277151942626143
    efficiency: 0.626209
    discharge_ratio: 0.1
    depth_of_discharge: 0.4
  Li-ion:
    cost: 269.166
    lifetime: 17.7378
    annual_cost: 15.174711632784224
    efficiency: 0.933192
    discharge_ratio: 2
    depth_of_discharge: 0.9
  Pb-acid:
    cost: 135.799
    lifetime: 9.15737
    annual_cost: 14.829476148719555
    efficiency: 0.652467
    discharge_ratio: 5
    depth_of_discharge: 0.5
  VRBF:
    cost: 304.716
    lifetime: 18.6344
    annual_cost: 16.35233761215816
    efficiency: 0.694357
    discharge_ratio: 0.5
    depth_of_discharge: 1.0
