cost_values:
  wind_capex: 5000.0
  wind_opex: 100
  wind_lifetime: 20
  solar_capex: 1000.0
  solar_opex: 10
  solar_lifetime: 20
  carbon_price: 1.0
timeseries_values:
  load_level: 240028.87604351828
  wind_year: 2015
  solar_year: 2017
  price_year: 2023
  carbon_year: 2023
storage_values:
  CAES:
    cost: 60.679
    lifetime: 23.1203
    annual_cost: 2.624490166650087
    efficiency: 0.621659
    discharge_ratio: 0.1
    depth_of_discharge: 0.4
  Li-ion:
    cost: 235.465
    lifetime: 16.9454
    annual_cost: 13.895511466238625
    efficiency: 0.925085
    discharge_ratio: 2
    depth_of_discharge: 0.9
  Pb-acid:
    cost: 137.838
    lifetime: 10.5157
    annual_cost: 13.107829245794383
    efficiency: 0.654756
    discharge_ratio: 5
    depth_of_discharge: 0.5
  VRBF:
    cost: 278.309
    lifetime: 18.602
    annual_cost: 14.96124072680357
    efficiency: 0.663612
    discharge_ratio: 0.5
    depth_of_discharge: 1.0
