cost_values:
  wind_capex: 5000.0
  wind_opex: 100
  wind_lifetime: 20
  solar_capex: 1000.0
  solar_opex: 10
  solar_lifetime: 20
  carbon_price: 1.0
timeseries_values:
  load_level: 240028.87604351828
  wind_year: 2015
  solar_year: 2017
  price_year: 2023
  carbon_year: 2023
storage_values:
  CAES:
    cost: 58.126
    lifetime: 23.5541
    annual_cost: 2.467765696842588
    efficiency: 0.626261
    discharge_ratio: 0.1
    depth_of_discharge: 0.4
  Li-ion:
    cost: 247.491
    lifetime: 20.1826
    annual_cost: 12.262592530199282
    efficiency: 0.930603
    discharge_ratio: 2
    depth_of_discharge: 0.9
  Pb-acid:
    cost: 119.079
    lifetime: 9.98635
    annual_cost: 11.92417650092376
    efficiency: 0.658422
    discharge_ratio: 5
    depth_of_discharge: 0.5
  VRBF:
    cost: 257.753
    lifetime: 17.3777
    annual_cost: 14.832400145013436
    efficiency: 0.661161
    discharge_ratio: 0.5
    depth_of_discharge: 1.0
