cost_values:
  wind_capex: 5000.0
  wind_opex: 100
  wind_lifetime: 20
  solar_capex: 1000.0
  solar_opex: 10
  solar_lifetime: 20
  carbon_price: 1.0
timeseries_values:
  load_level: 240028.87604351828
  wind_year: 2015
  solar_year: 2017
  price_year: 2023
  carbon_year: 2023
storage_values:
  CAES:
    cost: 55.4512
    lifetime: 24.2702
    annual_cost: 2.2847442542706693
    efficiency: 0.63368
    discharge_ratio: 0.1
    depth_of_discharge: 0.4
  Li-ion:
    cost: 244.351
    lifetime: 22.8161
    annual_cost: 10.709586651531156
    efficiency: 0.936725
    discharge_ratio: 2
    depth_of_discharge: 0.9
  Pb-acid:
    cost: 116.566
    lifetime: 10.1022
    annual_cost: 11.538674744115143
    efficiency: 0.658994
    discharge_ratio: 5
    depth_of_discharge: 0.5
  VRBF:
    cost: 277.72
    lifetime: 16.8505
    annual_cost: 16.48141004717961
    efficiency: 0.665142
    discharge_ratio: 0.5
    depth_of_discharge: 1.0
