cost_values:
  wind_capex: 5000.0
  wind_opex: 100
  wind_lifetime: 20
  solar_capex: 1000.0
  solar_opex: 10
  solar_lifetime: 20
  carbon_price: 1.0
timeseries_values:
  load_level: 240028.87604351828
  wind_year: 2015
  solar_year: 2017
  price_year: 2023
  carbon_year: 2023
storage_values:
  CAES:
    cost: 60.686
    lifetime: 23.8428
    annual_cost: 2.5452547519586624
    efficiency: 0.637045
    discharge_ratio: 0.1
    depth_of_discharge: 0.4
  Li-ion:
    cost: 248.872
    lifetime: 17.8344
    annual_cost: 13.954604584398693
    efficiency: 0.93379
    discharge_ratio: 2
    depth_of_discharge: 0.9
  Pb-acid:
    cost: 136.501
    lifetime: 10.8254
    annual_cost: 12.609326214273837
    efficiency: 0.66168
    discharge_ratio: 5
    depth_of_discharge: 0.5
  VRBF:
    cost: 289.228
    lifetime: 16.2931
    annual_cost: 17.751563545304457
    efficiency: 0.662969
    discharge_ratio: 0.5
    depth_of_discharge: 1.0
