cost_values:
  wind_capex: 5000.0
  wind_opex: 100
  wind_lifetime: 20
  solar_capex: 1000.0
  solar_opex: 10
  solar_lifetime: 20
  carbon_price: 1.0
timeseries_values:
  load_level: 240028.87604351828
  wind_year: 2015
  solar_year: 2017
  price_year: 2023
  carbon_year: 2023
storage_values:
  CAES:
    cost: 52.4527
    lifetime: 23.8041
    annual_cost: 2.2035153607991904
    efficiency: 0.634857
    discharge_ratio: 0.1
    depth_of_discharge: 0.4
  Li-ion:
    cost: 265.631
    lifetime: 17.6729
    annual_cost: 15.030413797396013
    efficiency: 0.917415
    discharge_ratio: 2
    depth_of_discharge: 0.9
  Pb-acid:
    cost: 134.89
    lifetime: 8.26748
    annual_cost: 16.315733452031328
    efficiency: 0.651171
    discharge_ratio: 5
    depth_of_discharge: 0.5
  VRBF:
    cost: 263.961
    lifetime: 18.3388
    annual_cost: 14.393580823172728
    efficiency: 0.675399
    discharge_ratio: 0.5
    depth_of_discharge: 1.0
