cost_values:
  wind_capex: 5000.0
  wind_opex: 100
  wind_lifetime: 20
  solar_capex: 1000.0
  solar_opex: 10
  solar_lifetime: 20
  carbon_price: 1.0
timeseries_values:
  load_level: 240028.87604351828
  wind_year: 2015
  solar_year: 2017
  price_year: 2023
  carbon_year: 2023
storage_values:
  CAES:
    cost: 65.6134
    lifetime: 24.4526
    annual_cost: 2.683289302569052
    efficiency: 0.635552
    discharge_ratio: 0.1
    depth_of_discharge: 0.4
  Li-ion:
    cost: 250.07
    lifetime: 18.2447
    annual_cost: 13.70644625562492
    efficiency: 0.941062
    discharge_ratio: 2
    depth_of_discharge: 0.9
  Pb-acid:
    cost: 144.056
    lifetime: 11.1874
    annual_cost: 12.876629064840804
    efficiency: 0.653052
    discharge_ratio: 5
    depth_of_discharge: 0.5
  VRBF:
    cost: 264.292
    lifetime: 18.4068
    annual_cost: 14.358389290914225
    efficiency: 0.674901
    discharge_ratio: 0.5
    depth_of_discharge: 1.0
