cost_values:
  wind_capex: 5000.0
  wind_opex: 100
  wind_lifetime: 20
  solar_capex: 1000.0
  solar_opex: 10
  solar_lifetime: 20
  carbon_price: 1.0
timeseries_values:
  load_level: 240028.87604351828
  wind_year: 2015
  solar_year: 2017
  price_year: 2023
  carbon_year: 2023
storage_values:
  CAES:
    cost: 62.7017
    lifetime: 23.4983
    annual_cost: 2.668350476417443
    efficiency: 0.630396
    discharge_ratio: 0.1
    depth_of_discharge: 0.4
  Li-ion:
    cost: 248.446
    lifetime: 18.4761
    annual_cost: 13.446885435779196
    efficiency: 0.920643
    discharge_ratio: 2
    depth_of_discharge: 0.9
  Pb-acid:
    cost: 111.556
    lifetime: 10.4725
    annual_cost: 10.652279780377178
    efficiency: 0.658589
    discharge_ratio: 5
    depth_of_discharge: 0.5
  VRBF:
    cost: 304.655
    lifetime: 18.8417
    annual_cost: 16.169188555172834
    efficiency: 0.68727
    discharge_ratio: 0.5
    depth_of_discharge: 1.0
