cost_values:
  wind_capex: 5000.0
  wind_opex: 100
  wind_lifetime: 20
  solar_capex: 1000.0
  solar_opex: 10
  solar_lifetime: 20
  carbon_price: 1.0
timeseries_values:
  load_level: 240028.87604351828
  wind_year: 2015
  solar_year: 2017
  price_year: 2023
  carbon_year: 2023
storage_values:
  CAES:
    cost: 54.1839
    lifetime: 22.6781
    annual_cost: 2.3892610051106575
    efficiency: 0.62563
    discharge_ratio: 0.1
    depth_of_discharge: 0.4
  Li-ion:
    cost: 252.616
    lifetime: 15.9056
    annual_cost: 15.882205009556383
    efficiency: 0.923112
    discharge_ratio: 2
    depth_of_discharge: 0.9
  Pb-acid:
    cost: 148.229
    lifetime: 9.37787
    annual_cost: 15.806254511952076
    efficiency: 0.656357
    discharge_ratio: 5
    depth_of_discharge: 0.5
  VRBF:
    cost: 254.35
    lifetime: 19.3652
    annual_cost: 13.134385392353293
    efficiency: 0.671462
    discharge_ratio: 0.5
    depth_of_discharge: 1.0
