cost_values:
  wind_capex: 5000.0
  wind_opex: 100
  wind_lifetime: 20
  solar_capex: 1000.0
  solar_opex: 10
  solar_lifetime: 20
  carbon_price: 1.0
timeseries_values:
  load_level: 240028.87604351828
  wind_year: 2015
  solar_year: 2017
  price_year: 2023
  carbon_year: 2023
storage_values:
  CAES:
    cost: 59.0549
    lifetime: 23.8002
    annual_cost: 2.4812774682565695
    efficiency: 0.635671
    discharge_ratio: 0.1
    depth_of_discharge: 0.4
  Li-ion:
    cost: 264.918
    lifetime: 18.2078
    annual_cost: 14.549698480870838
    efficiency: 0.923564
    discharge_ratio: 2
    depth_of_discharge: 0.9
  Pb-acid:
    cost: 140.765
    lifetime: 11.0664
    annual_cost: 12.7200354225403
    efficiency: 0.666464
    discharge_ratio: 5
    depth_of_discharge: 0.5
  VRBF:
    cost: 253.449
    lifetime: 18.2566
    annual_cost: 13.882595883132677
    efficiency: 0.662932
    discharge_ratio: 0.5
    depth_of_discharge: 1.0
