cost_values:
  wind_capex: 5000.0
  wind_opex: 100
  wind_lifetime: 20
  solar_capex: 1000.0
  solar_opex: 10
  solar_lifetime: 20
  carbon_price: 1.0
timeseries_values:
  load_level: 240028.87604351828
  wind_year: 2015
  solar_year: 2017
  price_year: 2023
  carbon_year: 2023
storage_values:
  CAES:
    cost: 61.7764
    lifetime: 24.5141
    annual_cost: 2.520035408193652
    efficiency: 0.628789
    discharge_ratio: 0.1
    depth_of_discharge: 0.4
  Li-ion:
    cost: 268.142
    lifetime: 17.6179
    annual_cost: 15.219861618013498
    efficiency: 0.945107
    discharge_ratio: 2
    depth_of_discharge: 0.9
  Pb-acid:
    cost: 107.102
    lifetime: 10.9312
    annual_cost: 9.797826405152225
    efficiency: 0.665907
    discharge_ratio: 5
    depth_of_discharge: 0.5
  VRBF:
    cost: 272.875
    lifetime: 19.2457
    annual_cost: 14.178491818951766
    efficiency: 0.664923
    discharge_ratio: 0.5
    depth_of_discharge: 1.0
