cost_values:
  wind_capex: 5000.0
  wind_opex: 100
  wind_lifetime: 20
  solar_capex: 1000.0
  solar_opex: 10
  solar_lifetime: 20
  carbon_price: 1.0
timeseries_values:
  load_level: 240028.87604351828
  wind_year: 2015
  solar_year: 2017
  price_year: 2023
  carbon_year: 2023
storage_values:
  CAES:
    cost: 59.1241
    lifetime: 22.6202
    annual_cost: 2.6137744140193275
    efficiency: 0.628005
    discharge_ratio: 0.1
    depth_of_discharge: 0.4
  Li-ion:
    cost: 242.685
    lifetime: 18.342
    annual_cost: 13.231108930323847
    efficiency: 0.937835
    discharge_ratio: 2
    depth_of_discharge: 0.9
  Pb-acid:
    cost: 146.816
    lifetime: 12.2699
    annual_cost: 11.965541691456329
    efficiency: 0.665005
    discharge_ratio: 5
    depth_of_discharge: 0.5
  VRBF:
    cost: 281.374
    lifetime: 17.8076
    annual_cost: 15.800781688717178
    efficiency: 0.674219
    discharge_ratio: 0.5
    depth_of_discharge: 1.0
