cost_values:
  wind_capex: 5000.0
  wind_opex: 100
  wind_lifetime: 20
  solar_capex: 1000.0
  solar_opex: 10
  solar_lifetime: 20
  carbon_price: 1.0
timeseries_values:
  load_level: 240028.87604351828
  wind_year: 2015
  solar_year: 2017
  price_year: 2023
  carbon_year: 2023
storage_values:
  CAES:
    cost: 65.0681
    lifetime: 22.8048
    annual_cost: 2.8532633480670735
    efficiency: 0.625803
    discharge_ratio: 0.1
    depth_of_discharge: 0.4
  Li-ion:
    cost: 248.234
    lifetime: 16.685
    annual_cost: 14.877674557986216
    efficiency: 0.926103
    discharge_ratio: 2
    depth_of_discharge: 0.9
  Pb-acid:
    cost: 136.965
    lifetime: 9.58715
    annual_cost: 14.28631032162843
    efficiency: 0.655693
    discharge_ratio: 5
    depth_of_discharge: 0.5
  VRBF:
    cost: 276.25
    lifetime: 20.8181
    annual_cost: 13.269702806692253
    efficiency: 0.672899
    discharge_ratio: 0.5
    depth_of_discharge: 1.0
