cost_values:
  wind_capex: 5000.0
  wind_opex: 100
  wind_lifetime: 20
  solar_capex: 1000.0
  solar_opex: 10
  solar_lifetime: 20
  carbon_price: 1.0
timeseries_values:
  load_level: 240028.87604351828
  wind_year: 2015
  solar_year: 2017
  price_year: 2023
  carbon_year: 2023
storage_values:
  CAES:
    cost: 59.1629
    lifetime: 23.0663
    annual_cost: 2.5649063785696016
    efficiency: 0.62085
    discharge_ratio: 0.1
    depth_of_discharge: 0.4
  Li-ion:
    cost: 260.464
    lifetime: 18.9838
    annual_cost: 13.720329965549574
    efficiency: 0.929458
    discharge_ratio: 2
    depth_of_discharge: 0.9
  Pb-acid:
    cost: 131.786
    lifetime: 9.63124
    annual_cost: 13.683180981888105
    efficiency: 0.661929
    discharge_ratio: 5
    depth_of_discharge: 0.5
  VRBF:
    cost: 270.873
    lifetime: 18.7252
    annual_cost: 14.465693290325335
    efficiency: 0.691224
    discharge_ratio: 0.5
    depth_of_discharge: 1.0
