cost_values:
  wind_capex: 5000.0
  wind_opex: 100
  wind_lifetime: 20
  solar_capex: 1000.0
  solar_opex: 10
  solar_lifetime: 20
  carbon_price: 1.0
timeseries_values:
  load_level: 240028.87604351828
  wind_year: 2015
  solar_year: 2017
  price_year: 2023
  carbon_year: 2023
storage_values:
  CAES:
    cost: 60.9749
    lifetime: 24.2873
    annual_cost: 2.510567251197128
    efficiency: 0.624842
    discharge_ratio: 0.1
    depth_of_discharge: 0.4
  Li-ion:
    cost: 230.282
    lifetime: 17.9907
    annual_cost: 12.80005780764506
    efficiency: 0.929327
    discharge_ratio: 2
    depth_of_discharge: 0.9
  Pb-acid:
    cost: 126.635
    lifetime: 10.6955
    annual_cost: 11.84002617923426
    efficiency: 0.657954
    discharge_ratio: 5
    depth_of_discharge: 0.5
  VRBF:
    cost: 234.779
    lifetime: 19.1938
    annual_cost: 12.232022840708979
    efficiency: 0.663483
    discharge_ratio: 0.5
    depth_of_discharge: 1.0
