cost_values:
  wind_capex: 5000.0
  wind_opex: 100
  wind_lifetime: 20
  solar_capex: 1000.0
  solar_opex: 10
  solar_lifetime: 20
  carbon_price: 1.0
timeseries_values:
  load_level: 240028.87604351828
  wind_year: 2015
  solar_year: 2017
  price_year: 2023
  carbon_year: 2023
storage_values:
  CAES:
    cost: 54.252
    lifetime: 22.6553
    annual_cost: 2.3946714455337164
    efficiency: 0.623967
    discharge_ratio: 0.1
    depth_of_discharge: 0.4
  Li-ion:
    cost: 244.064
    lifetime: 18.1037
    annual_cost: 13.481443019935151
    efficiency: 0.928346
    discharge_ratio: 2
    depth_of_discharge: 0.9
  Pb-acid:
    cost: 133.965
    lifetime: 9.54635
    annual_cost: 14.033112131861916
    efficiency: 0.67275
    discharge_ratio: 5
    depth_of_discharge: 0.5
  VRBF:
    cost: 307.676
    lifetime: 16.9053
    annual_cost: 18.199972789598526
    efficiency: 0.693283
    discharge_ratio: 0.5
    depth_of_discharge: 1.0
