cost_values:
  wind_capex: 5000.0
  wind_opex: 100
  wind_lifetime: 20
  solar_capex: 1000.0
  solar_opex: 10
  solar_lifetime: 20
  carbon_price: 1.0
timeseries_values:
  load_level: 240028.87604351828
  wind_year: 2015
  solar_year: 2017
  price_year: 2023
  carbon_year: 2023
storage_values:
  CAES:
    cost: 63.0864
    lifetime: 23.5696
    annual_cost: 2.6766003665738913
    efficiency: 0.63465
    discharge_ratio: 0.1
    depth_of_discharge: 0.4
  Li-ion:
    cost: 256.544
    lifetime: 19.35
    annual_cost: 13.258087855297155
    efficiency: 0.92925
    discharge_ratio: 2
    depth_of_discharge: 0.9
  Pb-acid:
    cost: 123.247
    lifetime: 9.49311
    annual_cost: 12.9827843562331
    efficiency: 0.653637
    discharge_ratio: 5
    depth_of_discharge: 0.5
  VRBF:
    cost: 297.397
    lifetime: 17.7953
    annual_cost: 16.7121093771951
    efficiency: 0.674361
    discharge_ratio: 0.5
    depth_of_discharge: 1.0
