cost_values:
  wind_capex: 5000.0
  wind_opex: 100
  wind_lifetime: 20
  solar_capex: 1000.0
  solar_opex: 10
  solar_lifetime: 20
  carbon_price: 1.0
timeseries_values:
  load_level: 240028.87604351828
  wind_year: 2015
  solar_year: 2017
  price_year: 2023
  carbon_year: 2023
storage_values:
  CAES:
    cost: 62.3484
    lifetime: 23.2591
    annual_cost: 2.680602430876517
    efficiency: 0.61931
    discharge_ratio: 0.1
    depth_of_discharge: 0.4
  Li-ion:
    cost: 253.11
    lifetime: 17.8576
    annual_cost: 14.17379715079294
    efficiency: 0.935368
    discharge_ratio: 2
    depth_of_discharge: 0.9
  Pb-acid:
    cost: 132.524
    lifetime: 10.5679
    annual_cost: 12.540239782738293
    efficiency: 0.659973
    discharge_ratio: 5
    depth_of_discharge: 0.5
  VRBF:
    cost: 276.516
    lifetime: 18.5962
    annual_cost: 14.869489465589746
    efficiency: 0.677959
    discharge_ratio: 0.5
    depth_of_discharge: 1.0
