cost_values:
  wind_capex: 5000.0
  wind_opex: 100
  wind_lifetime: 20
  solar_capex: 1000.0
  solar_opex: 10
  solar_lifetime: 20
  carbon_price: 1.0
timeseries_values:
  load_level: 242134.68881215857
  wind_year: 2013
  solar_year: 2010
  price_year: 2023
  carbon_year: 2023
storage_values:
  CAES:
    cost: 66.4565
    lifetime: 28.7641
    annual_cost: 2.3103973355676
    efficiency: 0.604088
    discharge_ratio: 0.1
    depth_of_discharge: 0.4
  Li-ion:
    cost: 187.588
    lifetime: 12.4824
    annual_cost: 15.0281997051849
    efficiency: 0.936154
    discharge_ratio: 2
    depth_of_discharge: 0.9
  Pb-acid:
    cost: 169.336
    lifetime: 11.9422
    annual_cost: 14.179631893620943
    efficiency: 0.74763
    discharge_ratio: 5
    depth_of_discharge: 0.5
  VRBF:
    cost: 197.983
    lifetime: 21.3996
    annual_cost: 9.25171498532683
    efficiency: 0.652725
    discharge_ratio: 0.5
    depth_of_discharge: 1.0
