cost_values:
  wind_capex: 5000.0
  wind_opex: 100
  wind_lifetime: 20
  solar_capex: 1000.0
  solar_opex: 10
  solar_lifetime: 20
  carbon_price: 1.0
timeseries_values:
  load_level: 242134.68881215857
  wind_year: 2013
  solar_year: 2010
  price_year: 2023
  carbon_year: 2023
storage_values:
  CAES:
    cost: 66.5401
    lifetime: 28.0995
    annual_cost: 2.368017224505774
    efficiency: 0.604753
    discharge_ratio: 0.1
    depth_of_discharge: 0.4
  Li-ion:
    cost: 151.584
    lifetime: 13.1889
    annual_cost: 11.49330118508746
    efficiency: 0.936759
    discharge_ratio: 2
    depth_of_discharge: 0.9
  Pb-acid:
    cost: 150.685
    lifetime: 12.4333
    annual_cost: 12.119469489194342
    efficiency: 0.753272
    discharge_ratio: 5
    depth_of_discharge: 0.5
  VRBF:
    cost: 213.874
    lifetime: 23.1254
    annual_cost: 9.248445432295226
    efficiency: 0.681178
    discharge_ratio: 0.5
    depth_of_discharge: 1.0
