cost_values:
  wind_capex: 5000.0
  wind_opex: 100
  wind_lifetime: 20
  solar_capex: 1000.0
  solar_opex: 10
  solar_lifetime: 20
  carbon_price: 1.0
timeseries_values:
  load_level: 242134.68881215857
  wind_year: 2013
  solar_year: 2010
  price_year: 2023
  carbon_year: 2023
storage_values:
  CAES:
    cost: 67.882
    lifetime: 28.6883
    annual_cost: 2.366191095324575
    efficiency: 0.604775
    discharge_ratio: 0.1
    depth_of_discharge: 0.4
  Li-ion:
    cost: 197.731
    lifetime: 11.5864
    annual_cost: 17.065784022647243
    efficiency: 0.935584
    discharge_ratio: 2
    depth_of_discharge: 0.9
  Pb-acid:
    cost: 171.142
    lifetime: 10.5569
    annual_cost: 16.211387812710168
    efficiency: 0.755681
    discharge_ratio: 5
    depth_of_discharge: 0.5
  VRBF:
    cost: 182.536
    lifetime: 22.3565
    annual_cost: 8.164784290922103
    efficiency: 0.658275
    discharge_ratio: 0.5
    depth_of_discharge: 1.0
