cost_values:
  wind_capex: 5000.0
  wind_opex: 100
  wind_lifetime: 20
  solar_capex: 1000.0
  solar_opex: 10
  solar_lifetime: 20
  carbon_price: 1.0
timeseries_values:
  load_level: 242134.68881215857
  wind_year: 2013
  solar_year: 2010
  price_year: 2023
  carbon_year: 2023
storage_values:
  CAES:
    cost: 67.9662
    lifetime: 28.2912
    annual_cost: 2.4023795385137428
    efficiency: 0.617053
    discharge_ratio: 0.1
    depth_of_discharge: 0.4
  Li-ion:
    cost: 200.751
    lifetime: 13.6342
    annual_cost: 14.724076220093588
    efficiency: 0.917938
    discharge_ratio: 2
    depth_of_discharge: 0.9
  Pb-acid:
    cost: 189.352
    lifetime: 11.8107
    annual_cost: 16.0322419500961
    efficiency: 0.734908
    discharge_ratio: 5
    depth_of_discharge: 0.5
  VRBF:
    cost: 205.426
    lifetime: 20.4009
    annual_cost: 10.069457720002548
    efficiency: 0.652001
    discharge_ratio: 0.5
    depth_of_discharge: 1.0
