cost_values:
  wind_capex: 5000.0
  wind_opex: 100
  wind_lifetime: 20
  solar_capex: 1000.0
  solar_opex: 10
  solar_lifetime: 20
  carbon_price: 1.0
timeseries_values:
  load_level: 242134.68881215857
  wind_year: 2013
  solar_year: 2010
  price_year: 2023
  carbon_year: 2023
storage_values:
  CAES:
    cost: 62.6062
    lifetime: 28.3632
    annual_cost: 2.2073038303153383
    efficiency: 0.621238
    discharge_ratio: 0.1
    depth_of_discharge: 0.4
  Li-ion:
    cost: 168.513
    lifetime: 14.9832
    annual_cost: 11.24679641198142
    efficiency: 0.919336
    discharge_ratio: 2
    depth_of_discharge: 0.9
  Pb-acid:
    cost: 181.419
    lifetime: 12.702
    annual_cost: 14.28271138403401
    efficiency: 0.750042
    discharge_ratio: 5
    depth_of_discharge: 0.5
  VRBF:
    cost: 190.546
    lifetime: 19.9946
    annual_cost: 9.529873065727747
    efficiency: 0.655958
    discharge_ratio: 0.5
    depth_of_discharge: 1.0
