cost_values:
  wind_capex: 5000.0
  wind_opex: 100
  wind_lifetime: 20
  solar_capex: 1000.0
  solar_opex: 10
  solar_lifetime: 20
  carbon_price: 1.0
timeseries_values:
  load_level: 242134.68881215857
  wind_year: 2013
  solar_year: 2010
  price_year: 2023
  carbon_year: 2023
storage_values:
  CAES:
    cost: 63.7685
    lifetime: 28.4044
    annual_cost: 2.2450218980158008
    efficiency: 0.602541
    discharge_ratio: 0.1
    depth_of_discharge: 0.4
  Li-ion:
    cost: 180.532
    lifetime: 13.1618
    annual_cost: 13.716360984059932
    efficiency: 0.89779
    discharge_ratio: 2
    depth_of_discharge: 0.9
  Pb-acid:
    cost: 141.76
    lifetime: 14.0059
    annual_cost: 10.121448817998129
    efficiency: 0.745304
    discharge_ratio: 5
    depth_of_discharge: 0.5
  VRBF:
    cost: 171.852
    lifetime: 22.4213
    annual_cost: 7.664676000053521
    efficiency: 0.654703
    discharge_ratio: 0.5
    depth_of_discharge: 1.0
