cost_values:
  wind_capex: 5000.0
  wind_opex: 100
  wind_lifetime: 20
  solar_capex: 1000.0
  solar_opex: 10
  solar_lifetime: 20
  carbon_price: 1.0
timeseries_values:
  load_level: 242134.68881215857
  wind_year: 2013
  solar_year: 2010
  price_year: 2023
  carbon_year: 2023
storage_values:
  CAES:
    cost: 71.842
    lifetime: 28.4143
    annual_cost: 2.528374797197186
    efficiency: 0.614072
    discharge_ratio: 0.1
    depth_of_discharge: 0.4
  Li-ion:
    cost: 175.21
    lifetime: 11.4117
    annual_cost: 15.35354066440583
    efficiency: 0.915062
    discharge_ratio: 2
    depth_of_discharge: 0.9
  Pb-acid:
    cost: 169.149
    lifetime: 11.7445
    annual_cost: 14.40240112393035
    efficiency: 0.755029
    discharge_ratio: 5
    depth_of_discharge: 0.5
  VRBF:
    cost: 175.541
    lifetime: 25.1224
    annual_cost: 6.987429544947935
    efficiency: 0.659813
    discharge_ratio: 0.5
    depth_of_discharge: 1.0
