cost_values:
  wind_capex: 5000.0
  wind_opex: 100
  wind_lifetime: 20
  solar_capex: 1000.0
  solar_opex: 10
  solar_lifetime: 20
  carbon_price: 1.0
timeseries_values:
  load_level: 242134.68881215857
  wind_year: 2013
  solar_year: 2010
  price_year: 2023
  carbon_year: 2023
storage_values:
  CAES:
    cost: 67.1753
    lifetime: 28.4098
    annual_cost: 2.3645115417919165
    efficiency: 0.604858
    discharge_ratio: 0.1
    depth_of_discharge: 0.4
  Li-ion:
    cost: 171.889
    lifetime: 15.2242
    annual_cost: 11.290511159863902
    efficiency: 0.924287
    discharge_ratio: 2
    depth_of_discharge: 0.9
  Pb-acid:
    cost: 163.756
    lifetime: 12.1334
    annual_cost: 13.496299470882029
    efficiency: 0.753384
    discharge_ratio: 5
    depth_of_discharge: 0.5
  VRBF:
    cost: 201.663
    lifetime: 22.457
    annual_cost: 8.979961704590997
    efficiency: 0.672599
    discharge_ratio: 0.5
    depth_of_discharge: 1.0
