cost_values:
  wind_capex: 5000.0
  wind_opex: 100
  wind_lifetime: 20
  solar_capex: 1000.0
  solar_opex: 10
  solar_lifetime: 20
  carbon_price: 1.0
timeseries_values:
  load_level: 242134.68881215857
  wind_year: 2013
  solar_year: 2010
  price_year: 2023
  carbon_year: 2023
storage_values:
  CAES:
    cost: 71.051
    lifetime: 28.8124
    annual_cost: 2.4659868667656983
    efficiency: 0.601452
    discharge_ratio: 0.1
    depth_of_discharge: 0.4
  Li-ion:
    cost: 168.652
    lifetime: 12.3846
    annual_cost: 13.61788027065872
    efficiency: 0.911532
    discharge_ratio: 2
    depth_of_discharge: 0.9
  Pb-acid:
    cost: 180.244
    lifetime: 11.5296
    annual_cost: 15.633152928115459
    efficiency: 0.737947
    discharge_ratio: 5
    depth_of_discharge: 0.5
  VRBF:
    cost: 196.655
    lifetime: 21.6038
    annual_cost: 9.102796730204872
    efficiency: 0.653054
    discharge_ratio: 0.5
    depth_of_discharge: 1.0
