cost_values:
  wind_capex: 5000.0
  wind_opex: 100
  wind_lifetime: 20
  solar_capex: 1000.0
  solar_opex: 10
  solar_lifetime: 20
  carbon_price: 1.0
timeseries_values:
  load_level: 242134.68881215857
  wind_year: 2013
  solar_year: 2010
  price_year: 2023
  carbon_year: 2023
storage_values:
  CAES:
    cost: 58.4731
    lifetime: 29.4676
    annual_cost: 1.98431837000638
    efficiency: 0.623076
    discharge_ratio: 0.1
    depth_of_discharge: 0.4
  Li-ion:
    cost: 172.39
    lifetime: 12.7521
    annual_cost: 13.518557727746801
    efficiency: 0.945452
    discharge_ratio: 2
    depth_of_discharge: 0.9
  Pb-acid:
    cost: 154.891
    lifetime: 12.5504
    annual_cost: 12.341518995410505
    efficiency: 0.740126
    discharge_ratio: 5
    depth_of_discharge: 0.5
  VRBF:
    cost: 186.883
    lifetime: 22.6525
    annual_cost: 8.249994481845272
    efficiency: 0.656332
    discharge_ratio: 0.5
    depth_of_discharge: 1.0
