cost_values:
  wind_capex: 5000.0
  wind_opex: 100
  wind_lifetime: 20
  solar_capex: 1000.0
  solar_opex: 10
  solar_lifetime: 20
  carbon_price: 1.0
timeseries_values:
  load_level: 242134.68881215857
  wind_year: 2013
  solar_year: 2010
  price_year: 2023
  carbon_year: 2023
storage_values:
  CAES:
    cost: 59.5095
    lifetime: 28.5095
    annual_cost: 2.0873568459636265
    efficiency: 0.613686
    discharge_ratio: 0.1
    depth_of_discharge: 0.4
  Li-ion:
    cost: 162.278
    lifetime: 16.0368
    annual_cost: 10.119101067544648
    efficiency: 0.92358
    discharge_ratio: 2
    depth_of_discharge: 0.9
  Pb-acid:
    cost: 164.678
    lifetime: 11.7995
    annual_cost: 13.956354082800118
    efficiency: 0.7641
    discharge_ratio: 5
    depth_of_discharge: 0.5
  VRBF:
    cost: 162.605
    lifetime: 21.9503
    annual_cost: 7.407871418613869
    efficiency: 0.653658
    discharge_ratio: 0.5
    depth_of_discharge: 1.0
