cost_values:
  wind_capex: 5000.0
  wind_opex: 100
  wind_lifetime: 20
  solar_capex: 1000.0
  solar_opex: 10
  solar_lifetime: 20
  carbon_price: 1.0
timeseries_values:
  load_level: 242134.68881215857
  wind_year: 2013
  solar_year: 2010
  price_year: 2023
  carbon_year: 2023
storage_values:
  CAES:
    cost: 68.8238
    lifetime: 27.4452
    annual_cost: 2.5076807602057922
    efficiency: 0.61288
    discharge_ratio: 0.1
    depth_of_discharge: 0.4
  Li-ion:
    cost: 185.436
    lifetime: 12.9018
    annual_cost: 14.372878203041436
    efficiency: 0.924796
    discharge_ratio: 2
    depth_of_discharge: 0.9
  Pb-acid:
    cost: 153.442
    lifetime: 11.7504
    annual_cost: 13.058449074074074
    efficiency: 0.738977
    discharge_ratio: 5
    depth_of_discharge: 0.5
  VRBF:
    cost: 202.672
    lifetime: 20.1459
    annual_cost: 10.060210762487651
    efficiency: 0.673613
    discharge_ratio: 0.5
    depth_of_discharge: 1.0
