cost_values:
  wind_capex: 5000.0
  wind_opex: 100
  wind_lifetime: 20
  solar_capex: 1000.0
  solar_opex: 10
  solar_lifetime: 20
  carbon_price: 1.0
timeseries_values:
  load_level: 242134.68881215857
  wind_year: 2013
  solar_year: 2010
  price_year: 2023
  carbon_year: 2023
storage_values:
  CAES:
    cost: 64.6264
    lifetime: 28.1155
    annual_cost: 2.2986039728975123
    efficiency: 0.606871
    discharge_ratio: 0.1
    depth_of_discharge: 0.4
  Li-ion:
    cost: 185.151
    lifetime: 11.601
    annual_cost: 15.959917248513058
    efficiency: 0.928649
    discharge_ratio: 2
    depth_of_discharge: 0.9
  Pb-acid:
    cost: 167.32
    lifetime: 11.0577
    annual_cost: 15.131537299800138
    efficiency: 0.74248
    discharge_ratio: 5
    depth_of_discharge: 0.5
  VRBF:
    cost: 214.304
    lifetime: 20.8185
    annual_cost: 10.293921271945626
    efficiency: 0.677091
    discharge_ratio: 0.5
    depth_of_discharge: 1.0
