cost_values:
  wind_capex: 5000.0
  wind_opex: 100
  wind_lifetime: 20
  solar_capex: 1000.0
  solar_opex: 10
  solar_lifetime: 20
  carbon_price: 1.0
timeseries_values:
  load_level: 242134.68881215857
  wind_year: 2013
  solar_year: 2010
  price_year: 2023
  carbon_year: 2023
storage_values:
  CAES:
    cost: 61.373
    lifetime: 28.9841
    annual_cost: 2.117471303231772
    efficiency: 0.617392
    discharge_ratio: 0.1
    depth_of_discharge: 0.4
  Li-ion:
    cost: 165.484
    lifetime: 11.9188
    annual_cost: 13.884283652716718
    efficiency: 0.922927
    discharge_ratio: 2
    depth_of_discharge: 0.9
  Pb-acid:
    cost: 169.655
    lifetime: 12.6808
    annual_cost: 13.37888776733329
    efficiency: 0.756107
    discharge_ratio: 5
    depth_of_discharge: 0.5
  VRBF:
    cost: 195.523
    lifetime: 19.2968
    annual_cost: 10.13240537291157
    efficiency: 0.69182
    discharge_ratio: 0.5
    depth_of_discharge: 1.0
