cost_values:
  wind_capex: 5000.0
  wind_opex: 100
  wind_lifetime: 20
  solar_capex: 1000.0
  solar_opex: 10
  solar_lifetime: 20
  carbon_price: 1.0
timeseries_values:
  load_level: 242134.68881215857
  wind_year: 2013
  solar_year: 2010
  price_year: 2023
  carbon_year: 2023
storage_values:
  CAES:
    cost: 71.9203
    lifetime: 29.494
    annual_cost: 2.4384722316403336
    efficiency: 0.615839
    discharge_ratio: 0.1
    depth_of_discharge: 0.4
  Li-ion:
    cost: 158.97
    lifetime: 13.621
    annual_cost: 11.670949269510315
    efficiency: 0.934592
    discharge_ratio: 2
    depth_of_discharge: 0.9
  Pb-acid:
    cost: 148.802
    lifetime: 12.8307
    annual_cost: 11.597340753037635
    efficiency: 0.741617
    discharge_ratio: 5
    depth_of_discharge: 0.5
  VRBF:
    cost: 194.218
    lifetime: 21.671
    annual_cost: 8.962115269253841
    efficiency: 0.669763
    discharge_ratio: 0.5
    depth_of_discharge: 1.0
