cost_values:
  wind_capex: 5000.0
  wind_opex: 100
  wind_lifetime: 20
  solar_capex: 1000.0
  solar_opex: 10
  solar_lifetime: 20
  carbon_price: 1.0
timeseries_values:
  load_level: 242134.68881215857
  wind_year: 2013
  solar_year: 2010
  price_year: 2023
  carbon_year: 2023
storage_values:
  CAES:
    cost: 69.0465
    lifetime: 27.8562
    annual_cost: 2.478676201348353
    efficiency: 0.614276
    discharge_ratio: 0.1
    depth_of_discharge: 0.4
  Li-ion:
    cost: 177.295
    lifetime: 12.2257
    annual_cost: 14.501828116181485
    efficiency: 0.932024
    discharge_ratio: 2
    depth_of_discharge: 0.9
  Pb-acid:
    cost: 159.841
    lifetime: 12.1883
    annual_cost: 13.11429813837861
    efficiency: 0.757899
    discharge_ratio: 5
    depth_of_discharge: 0.5
  VRBF:
    cost: 201.008
    lifetime: 21.6776
    annual_cost: 9.272613204413773
    efficiency: 0.653074
    discharge_ratio: 0.5
    depth_of_discharge: 1.0
