cost_values:
  wind_capex: 5000.0
  wind_opex: 100
  wind_lifetime: 20
  solar_capex: 1000.0
  solar_opex: 10
  solar_lifetime: 20
  carbon_price: 1.0
timeseries_values:
  load_level: 242134.68881215857
  wind_year: 2013
  solar_year: 2010
  price_year: 2023
  carbon_year: 2023
storage_values:
  CAES:
    cost: 68.9749
    lifetime: 28.5097
    annual_cost: 2.419348502439521
    efficiency: 0.60405
    discharge_ratio: 0.1
    depth_of_discharge: 0.4
  Li-ion:
    cost: 185.5
    lifetime: 11.7352
    annual_cost: 15.807144317949415
    efficiency: 0.929136
    discharge_ratio: 2
    depth_of_discharge: 0.9
  Pb-acid:
    cost: 165.932
    lifetime: 11.3929
    annual_cost: 14.564509475199467
    efficiency: 0.748911
    discharge_ratio: 5
    depth_of_discharge: 0.5
  VRBF:
    cost: 187.221
    lifetime: 22.5842
    annual_cost: 8.289910645495524
    efficiency: 0.668618
    discharge_ratio: 0.5
    depth_of_discharge: 1.0
