cost_values:
  wind_capex: 5000.0
  wind_opex: 100
  wind_lifetime: 20
  solar_capex: 1000.0
  solar_opex: 10
  solar_lifetime: 20
  carbon_price: 1.0
timeseries_values:
  load_level: 242134.68881215857
  wind_year: 2013
  solar_year: 2010
  price_year: 2023
  carbon_year: 2023
storage_values:
  CAES:
    cost: 71.736
    lifetime: 29.6683
    annual_cost: 2.4179342935051893
    efficiency: 0.600633
    discharge_ratio: 0.1
    depth_of_discharge: 0.4
  Li-ion:
    cost: 181.034
    lifetime: 11.1508
    annual_cost: 16.23506833590415
    efficiency: 0.937338
    discharge_ratio: 2
    depth_of_discharge: 0.9
  Pb-acid:
    cost: 166.682
    lifetime: 13.4704
    annual_cost: 12.373945836797718
    efficiency: 0.742569
    discharge_ratio: 5
    depth_of_discharge: 0.5
  VRBF:
    cost: 194.7
    lifetime: 19.8526
    annual_cost: 9.807279651028077
    efficiency: 0.656151
    discharge_ratio: 0.5
    depth_of_discharge: 1.0
