cost_values:
  wind_capex: 5000.0
  wind_opex: 100
  wind_lifetime: 20
  solar_capex: 1000.0
  solar_opex: 10
  solar_lifetime: 20
  carbon_price: 1.0
timeseries_values:
  load_level: 242134.68881215857
  wind_year: 2013
  solar_year: 2010
  price_year: 2023
  carbon_year: 2023
storage_values:
  CAES:
    cost: 69.8981
    lifetime: 29.526
    annual_cost: 2.3673406489195963
    efficiency: 0.624157
    discharge_ratio: 0.1
    depth_of_discharge: 0.4
  Li-ion:
    cost: 186.179
    lifetime: 13.3541
    annual_cost: 13.941710785451658
    efficiency: 0.909709
    discharge_ratio: 2
    depth_of_discharge: 0.9
  Pb-acid:
    cost: 154.071
    lifetime: 11.6161
    annual_cost: 13.263573832869897
    efficiency: 0.743373
    discharge_ratio: 5
    depth_of_discharge: 0.5
  VRBF:
    cost: 208.756
    lifetime: 20.5627
    annual_cost: 10.152168732705336
    efficiency: 0.65118
    discharge_ratio: 0.5
    depth_of_discharge: 1.0
