cost_values:
  wind_capex: 5000.0
  wind_opex: 100
  wind_lifetime: 20
  solar_capex: 1000.0
  solar_opex: 10
  solar_lifetime: 20
  carbon_price: 1.0
timeseries_values:
  load_level: 242134.68881215857
  wind_year: 2013
  solar_year: 2010
  price_year: 2023
  carbon_year: 2023
storage_values:
  CAES:
    cost: 61.0967
    lifetime: 27.713
    annual_cost: 2.2046223793887343
    efficiency: 0.611062
    discharge_ratio: 0.1
    depth_of_discharge: 0.4
  Li-ion:
    cost: 182.876
    lifetime: 13.7339
    annual_cost: 13.315664159488565
    efficiency: 0.919301
    discharge_ratio: 2
    depth_of_discharge: 0.9
  Pb-acid:
    cost: 160.531
    lifetime: 12.0124
    annual_cost: 13.363774100096569
    efficiency: 0.746747
    discharge_ratio: 5
    depth_of_discharge: 0.5
  VRBF:
    cost: 226.65
    lifetime: 22.5704
    annual_cost: 10.041913302378337
    efficiency: 0.66835
    discharge_ratio: 0.5
    depth_of_discharge: 1.0
