cost_values:
  wind_capex: 5000.0
  wind_opex: 100
  wind_lifetime: 20
  solar_capex: 1000.0
  solar_opex: 10
  solar_lifetime: 20
  carbon_price: 1.0
timeseries_values:
  load_level: 242134.68881215857
  wind_year: 2013
  solar_year: 2010
  price_year: 2023
  carbon_year: 2023
storage_values:
  CAES:
    cost: 61.4967
    lifetime: 29.3319
    annual_cost: 2.096580855655447
    efficiency: 0.615002
    discharge_ratio: 0.1
    depth_of_discharge: 0.4
  Li-ion:
    cost: 153.385
    lifetime: 11.2192
    annual_cost: 13.671652167712491
    efficiency: 0.917525
    discharge_ratio: 2
    depth_of_discharge: 0.9
  Pb-acid:
    cost: 179.19
    lifetime: 12.467
    annual_cost: 14.37314510307211
    efficiency: 0.751419
    discharge_ratio: 5
    depth_of_discharge: 0.5
  VRBF:
    cost: 197.046
    lifetime: 21.2151
    annual_cost: 9.288007126999165
    efficiency: 0.67409
    discharge_ratio: 0.5
    depth_of_discharge: 1.0
