cost_values:
  wind_capex: 5000.0
  wind_opex: 100
  wind_lifetime: 20
  solar_capex: 1000.0
  solar_opex: 10
  solar_lifetime: 20
  carbon_price: 1.0
timeseries_values:
  load_level: 242134.68881215857
  wind_year: 2013
  solar_year: 2010
  price_year: 2023
  carbon_year: 2023
storage_values:
  CAES:
    cost: 61.5789
    lifetime: 29.4501
    annual_cost: 2.09095724632514
    efficiency: 0.619936
    discharge_ratio: 0.1
    depth_of_discharge: 0.4
  Li-ion:
    cost: 183.566
    lifetime: 10.8715
    annual_cost: 16.885066458170446
    efficiency: 0.922975
    discharge_ratio: 2
    depth_of_discharge: 0.9
  Pb-acid:
    cost: 158.536
    lifetime: 12.2048
    annual_cost: 12.989643418982695
    efficiency: 0.768892
    discharge_ratio: 5
    depth_of_discharge: 0.5
  VRBF:
    cost: 214.172
    lifetime: 22.9268
    annual_cost: 9.341556606242476
    efficiency: 0.66324
    discharge_ratio: 0.5
    depth_of_discharge: 1.0
