cost_values:
  wind_capex: 5000.0
  wind_opex: 100
  wind_lifetime: 20
  solar_capex: 1000.0
  solar_opex: 10
  solar_lifetime: 20
  carbon_price: 1.0
timeseries_values:
  load_level: 242134.68881215857
  wind_year: 2013
  solar_year: 2010
  price_year: 2023
  carbon_year: 2023
storage_values:
  CAES:
    cost: 64.5461
    lifetime: 28.4965
    annual_cost: 2.2650536030740613
    efficiency: 0.608034
    discharge_ratio: 0.1
    depth_of_discharge: 0.4
  Li-ion:
    cost: 191.365
    lifetime: 13.2537
    annual_cost: 14.438609595810982
    efficiency: 0.931541
    discharge_ratio: 2
    depth_of_discharge: 0.9
  Pb-acid:
    cost: 171.328
    lifetime: 11.5197
    annual_cost: 14.872609529762059
    efficiency: 0.774735
    discharge_ratio: 5
    depth_of_discharge: 0.5
  VRBF:
    cost: 213.269
    lifetime: 22.695
    annual_cost: 9.397179995593744
    efficiency: 0.652549
    discharge_ratio: 0.5
    depth_of_discharge: 1.0
