cost_values:
  wind_capex: 5000.0
  wind_opex: 100
  wind_lifetime: 20
  solar_capex: 1000.0
  solar_opex: 10
  solar_lifetime: 20
  carbon_price: 1.0
timeseries_values:
  load_level: 242134.68881215857
  wind_year: 2013
  solar_year: 2010
  price_year: 2023
  carbon_year: 2023
storage_values:
  CAES:
    cost: 58.7198
    lifetime: 29.3054
    annual_cost: 2.0037194510226786
    efficiency: 0.60935
    discharge_ratio: 0.1
    depth_of_discharge: 0.4
  Li-ion:
    cost: 178.559
    lifetime: 10.2038
    annual_cost: 17.49926497971344
    efficiency: 0.907963
    discharge_ratio: 2
    depth_of_discharge: 0.9
  Pb-acid:
    cost: 163.287
    lifetime: 12.3538
    annual_cost: 13.217552493969468
    efficiency: 0.755381
    discharge_ratio: 5
    depth_of_discharge: 0.5
  VRBF:
    cost: 192.41
    lifetime: 21.1148
    annual_cost: 9.112565593801504
    efficiency: 0.658846
    discharge_ratio: 0.5
    depth_of_discharge: 1.0
