cost_values:
  wind_capex: 5000.0
  wind_opex: 100
  wind_lifetime: 20
  solar_capex: 1000.0
  solar_opex: 10
  solar_lifetime: 20
  carbon_price: 1.0
timeseries_values:
  load_level: 242134.68881215857
  wind_year: 2013
  solar_year: 2010
  price_year: 2023
  carbon_year: 2023
storage_values:
  CAES:
    cost: 62.3135
    lifetime: 29.1028
    annual_cost: 2.1411513668787885
    efficiency: 0.615003
    discharge_ratio: 0.1
    depth_of_discharge: 0.4
  Li-ion:
    cost: 192.792
    lifetime: 14.3319
    annual_cost: 13.451949846147407
    efficiency: 0.926127
    discharge_ratio: 2
    depth_of_discharge: 0.9
  Pb-acid:
    cost: 135.625
    lifetime: 12.4536
    annual_cost: 10.890425258559775
    efficiency: 0.735312
    discharge_ratio: 5
    depth_of_discharge: 0.5
  VRBF:
    cost: 211.917
    lifetime: 22.7191
    annual_cost: 9.327702241726124
    efficiency: 0.660805
    discharge_ratio: 0.5
    depth_of_discharge: 1.0
