cost_values:
  wind_capex: 5000.0
  wind_opex: 100
  wind_lifetime: 20
  solar_capex: 1000.0
  solar_opex: 10
  solar_lifetime: 20
  carbon_price: 1.0
timeseries_values:
  load_level: 242134.68881215857
  wind_year: 2013
  solar_year: 2010
  price_year: 2023
  carbon_year: 2023
storage_values:
  CAES:
    cost: 65.1678
    lifetime: 28.9896
    annual_cost: 2.2479716863978805
    efficiency: 0.618375
    discharge_ratio: 0.1
    depth_of_discharge: 0.4
  Li-ion:
    cost: 166.255
    lifetime: 12.2397
    annual_cost: 13.583257759585612
    efficiency: 0.921883
    discharge_ratio: 2
    depth_of_discharge: 0.9
  Pb-acid:
    cost: 161.035
    lifetime: 12.9857
    annual_cost: 12.4009487359172
    efficiency: 0.741492
    discharge_ratio: 5
    depth_of_discharge: 0.5
  VRBF:
    cost: 183.123
    lifetime: 20.4617
    annual_cost: 8.949549646412565
    efficiency: 0.663463
    discharge_ratio: 0.5
    depth_of_discharge: 1.0
