cost_values:
  wind_capex: 5000.0
  wind_opex: 100
  wind_lifetime: 20
  solar_capex: 1000.0
  solar_opex: 10
  solar_lifetime: 20
  carbon_price: 1.0
timeseries_values:
  load_level: 242134.68881215857
  wind_year: 2013
  solar_year: 2010
  price_year: 2023
  carbon_year: 2023
storage_values:
  CAES:
    cost: 71.8874
    lifetime: 28.9034
    annual_cost: 2.4871606800584014
    efficiency: 0.615669
    discharge_ratio: 0.1
    depth_of_discharge: 0.4
  Li-ion:
    cost: 188.041
    lifetime: 14.5357
    annual_cost: 12.93649428648087
    efficiency: 0.91767
    discharge_ratio: 2
    depth_of_discharge: 0.9
  Pb-acid:
    cost: 158.716
    lifetime: 13.181
    annual_cost: 12.04127152719824
    efficiency: 0.745455
    discharge_ratio: 5
    depth_of_discharge: 0.5
  VRBF:
    cost: 195.779
    lifetime: 21.8774
    annual_cost: 8.948915319005
    efficiency: 0.668189
    discharge_ratio: 0.5
    depth_of_discharge: 1.0
