cost_values:
  wind_capex: 5000.0
  wind_opex: 100
  wind_lifetime: 20
  solar_capex: 1000.0
  solar_opex: 10
  solar_lifetime: 20
  carbon_price: 1.0
timeseries_values:
  load_level: 242134.68881215857
  wind_year: 2013
  solar_year: 2010
  price_year: 2023
  carbon_year: 2023
storage_values:
  CAES:
    cost: 61.3517
    lifetime: 28.8971
    annual_cost: 2.1231092393354354
    efficiency: 0.615635
    discharge_ratio: 0.1
    depth_of_discharge: 0.4
  Li-ion:
    cost: 169.448
    lifetime: 14.3999
    annual_cost: 11.767303939610692
    efficiency: 0.935063
    discharge_ratio: 2
    depth_of_discharge: 0.9
  Pb-acid:
    cost: 157.565
    lifetime: 13.0115
    annual_cost: 12.109672213042309
    efficiency: 0.756959
    discharge_ratio: 5
    depth_of_discharge: 0.5
  VRBF:
    cost: 168.104
    lifetime: 22.0845
    annual_cost: 7.6118544680658395
    efficiency: 0.657476
    discharge_ratio: 0.5
    depth_of_discharge: 1.0
