cost_values:
  wind_capex: 5000.0
  wind_opex: 100
  wind_lifetime: 20
  solar_capex: 1000.0
  solar_opex: 10
  solar_lifetime: 20
  carbon_price: 1.0
timeseries_values:
  load_level: 242134.68881215857
  wind_year: 2013
  solar_year: 2010
  price_year: 2023
  carbon_year: 2023
storage_values:
  CAES:
    cost: 67.7194
    lifetime: 28.6981
    annual_cost: 2.3597171938211936
    efficiency: 0.621976
    discharge_ratio: 0.1
    depth_of_discharge: 0.4
  Li-ion:
    cost: 174.148
    lifetime: 13.6336
    annual_cost: 12.773442084262411
    efficiency: 0.934491
    discharge_ratio: 2
    depth_of_discharge: 0.9
  Pb-acid:
    cost: 170.484
    lifetime: 12.6252
    annual_cost: 13.503469251972247
    efficiency: 0.755149
    discharge_ratio: 5
    depth_of_discharge: 0.5
  VRBF:
    cost: 181.525
    lifetime: 20.9506
    annual_cost: 8.66442965833914
    efficiency: 0.663955
    discharge_ratio: 0.5
    depth_of_discharge: 1.0
