cost_values:
  wind_capex: 5000.0
  wind_opex: 100
  wind_lifetime: 20
  solar_capex: 1000.0
  solar_opex: 10
  solar_lifetime: 20
  carbon_price: 1.0
timeseries_values:
  load_level: 242134.68881215857
  wind_year: 2013
  solar_year: 2010
  price_year: 2023
  carbon_year: 2023
storage_values:
  CAES:
    cost: 65.1767
    lifetime: 29.4342
    annual_cost: 2.214318717682152
    efficiency: 0.612928
    discharge_ratio: 0.1
    depth_of_discharge: 0.4
  Li-ion:
    cost: 171.563
    lifetime: 13.8202
    annual_cost: 12.413930333859133
    efficiency: 0.920764
    discharge_ratio: 2
    depth_of_discharge: 0.9
  Pb-acid:
    cost: 160.548
    lifetime: 11.7627
    annual_cost: 13.648907138667143
    efficiency: 0.748152
    discharge_ratio: 5
    depth_of_discharge: 0.5
  VRBF:
    cost: 209.17
    lifetime: 22.0323
    annual_cost: 9.493788664823917
    efficiency: 0.661617
    discharge_ratio: 0.5
    depth_of_discharge: 1.0
