cost_values:
  wind_capex: 5000.0
  wind_opex: 100
  wind_lifetime: 20
  solar_capex: 1000.0
  solar_opex: 10
  solar_lifetime: 20
  carbon_price: 1.0
timeseries_values:
  load_level: 242134.68881215857
  wind_year: 2013
  solar_year: 2010
  price_year: 2023
  carbon_year: 2023
storage_values:
  CAES:
    cost: 67.5107
    lifetime: 28.9941
    annual_cost: 2.328428887256373
    efficiency: 0.611275
    discharge_ratio: 0.1
    depth_of_discharge: 0.4
  Li-ion:
    cost: 191.03
    lifetime: 10.6798
    annual_cost: 17.887039083128897
    efficiency: 0.935731
    discharge_ratio: 2
    depth_of_discharge: 0.9
  Pb-acid:
    cost: 161.613
    lifetime: 11.55
    annual_cost: 13.992467532467531
    efficiency: 0.754161
    discharge_ratio: 5
    depth_of_discharge: 0.5
  VRBF:
    cost: 175.842
    lifetime: 20.7886
    annual_cost: 8.458578259238237
    efficiency: 0.658114
    discharge_ratio: 0.5
    depth_of_discharge: 1.0
