cost_values:
  wind_capex: 5000.0
  wind_opex: 100
  wind_lifetime: 20
  solar_capex: 1000.0
  solar_opex: 10
  solar_lifetime: 20
  carbon_price: 1.0
timeseries_values:
  load_level: 242134.68881215857
  wind_year: 2013
  solar_year: 2010
  price_year: 2023
  carbon_year: 2023
storage_values:
  CAES:
    cost: 61.3439
    lifetime: 28.8502
    annual_cost: 2.126290285682595
    efficiency: 0.611461
    discharge_ratio: 0.1
    depth_of_discharge: 0.4
  Li-ion:
    cost: 170.835
    lifetime: 12.5023
    annual_cost: 13.66428577141806
    efficiency: 0.917962
    discharge_ratio: 2
    depth_of_discharge: 0.9
  Pb-acid:
    cost: 175.287
    lifetime: 11.7262
    annual_cost: 14.948320854155652
    efficiency: 0.74535
    discharge_ratio: 5
    depth_of_discharge: 0.5
  VRBF:
    cost: 200.058
    lifetime: 21.6757
    annual_cost: 9.229598121398617
    efficiency: 0.655808
    discharge_ratio: 0.5
    depth_of_discharge: 1.0
