cost_values:
  wind_capex: 5000.0
  wind_opex: 100
  wind_lifetime: 20
  solar_capex: 1000.0
  solar_opex: 10
  solar_lifetime: 20
  carbon_price: 1.0
timeseries_values:
  load_level: 242134.68881215857
  wind_year: 2013
  solar_year: 2010
  price_year: 2023
  carbon_year: 2023
storage_values:
  CAES:
    cost: 63.9283
    lifetime: 29.0445
    annual_cost: 2.20104666976536
    efficiency: 0.608119
    discharge_ratio: 0.1
    depth_of_discharge: 0.4
  Li-ion:
    cost: 161.884
    lifetime: 12.6933
    annual_cost: 12.753499877888332
    efficiency: 0.925887
    discharge_ratio: 2
    depth_of_discharge: 0.9
  Pb-acid:
    cost: 158.705
    lifetime: 10.0321
    annual_cost: 15.819718702963488
    efficiency: 0.764718
    discharge_ratio: 5
    depth_of_discharge: 0.5
  VRBF:
    cost: 236.773
    lifetime: 23.4981
    annual_cost: 10.076261484971125
    efficiency: 0.677356
    discharge_ratio: 0.5
    depth_of_discharge: 1.0
