cost_values:
  wind_capex: 5000.0
  wind_opex: 100
  wind_lifetime: 20
  solar_capex: 1000.0
  solar_opex: 10
  solar_lifetime: 20
  carbon_price: 1.0
timeseries_values:
  load_level: 242134.68881215857
  wind_year: 2013
  solar_year: 2010
  price_year: 2023
  carbon_year: 2023
storage_values:
  CAES:
    cost: 59.0513
    lifetime: 27.9748
    annual_cost: 2.110874787308578
    efficiency: 0.614137
    discharge_ratio: 0.1
    depth_of_discharge: 0.4
  Li-ion:
    cost: 177.881
    lifetime: 13.0918
    annual_cost: 13.58720725950595
    efficiency: 0.923144
    discharge_ratio: 2
    depth_of_discharge: 0.9
  Pb-acid:
    cost: 186.006
    lifetime: 12.4107
    annual_cost: 14.987551064806981
    efficiency: 0.765184
    discharge_ratio: 5
    depth_of_discharge: 0.5
  VRBF:
    cost: 193.527
    lifetime: 24.5485
    annual_cost: 7.883455200928773
    efficiency: 0.66027
    discharge_ratio: 0.5
    depth_of_discharge: 1.0
