cost_values:
  wind_capex: 5000.0
  wind_opex: 100
  wind_lifetime: 20
  solar_capex: 1000.0
  solar_opex: 10
  solar_lifetime: 20
  carbon_price: 1.0
timeseries_values:
  load_level: 242134.68881215857
  wind_year: 2013
  solar_year: 2010
  price_year: 2023
  carbon_year: 2023
storage_values:
  CAES:
    cost: 67.4311
    lifetime: 28.26
    annual_cost: 2.386096956829441
    efficiency: 0.614398
    discharge_ratio: 0.1
    depth_of_discharge: 0.4
  Li-ion:
    cost: 168.108
    lifetime: 11.7673
    annual_cost: 14.286029930400346
    efficiency: 0.917637
    discharge_ratio: 2
    depth_of_discharge: 0.9
  Pb-acid:
    cost: 155.644
    lifetime: 12.0669
    annual_cost: 12.898424616098584
    efficiency: 0.758898
    discharge_ratio: 5
    depth_of_discharge: 0.5
  VRBF:
    cost: 196.562
    lifetime: 19.5243
    annual_cost: 10.067556839425741
    efficiency: 0.656984
    discharge_ratio: 0.5
    depth_of_discharge: 1.0
