cost_values:
  wind_capex: 5000.0
  wind_opex: 100
  wind_lifetime: 20
  solar_capex: 1000.0
  solar_opex: 10
  solar_lifetime: 20
  carbon_price: 1.0
timeseries_values:
  load_level: 242134.68881215857
  wind_year: 2013
  solar_year: 2010
  price_year: 2023
  carbon_year: 2023
storage_values:
  CAES:
    cost: 61.0544
    lifetime: 29.2053
    annual_cost: 2.0905246650436737
    efficiency: 0.618691
    discharge_ratio: 0.1
    depth_of_discharge: 0.4
  Li-ion:
    cost: 165.062
    lifetime: 14.5894
    annual_cost: 11.313830589331982
    efficiency: 0.932323
    discharge_ratio: 2
    depth_of_discharge: 0.9
  Pb-acid:
    cost: 159.423
    lifetime: 13.1187
    annual_cost: 12.152347412472272
    efficiency: 0.752236
    discharge_ratio: 5
    depth_of_discharge: 0.5
  VRBF:
    cost: 171.324
    lifetime: 22.5236
    annual_cost: 7.606421708785453
    efficiency: 0.673529
    discharge_ratio: 0.5
    depth_of_discharge: 1.0
