cost_values:
  wind_capex: 5000.0
  wind_opex: 100
  wind_lifetime: 20
  solar_capex: 1000.0
  solar_opex: 10
  solar_lifetime: 20
  carbon_price: 1.0
timeseries_values:
  load_level: 242134.68881215857
  wind_year: 2013
  solar_year: 2010
  price_year: 2023
  carbon_year: 2023
storage_values:
  CAES:
    cost: 70.7699
    lifetime: 28.2715
    annual_cost: 2.503224094936597
    efficiency: 0.610477
    discharge_ratio: 0.1
    depth_of_discharge: 0.4
  Li-ion:
    cost: 170.887
    lifetime: 13.2808
    annual_cost: 12.867221854105175
    efficiency: 0.893703
    discharge_ratio: 2
    depth_of_discharge: 0.9
  Pb-acid:
    cost: 153.545
    lifetime: 15.1241
    annual_cost: 10.152339643350677
    efficiency: 0.752508
    discharge_ratio: 5
    depth_of_discharge: 0.5
  VRBF:
    cost: 230.62
    lifetime: 20.0688
    annual_cost: 11.491469345451646
    efficiency: 0.662545
    discharge_ratio: 0.5
    depth_of_discharge: 1.0
