cost_values:
  wind_capex: 5000.0
  wind_opex: 100
  wind_lifetime: 20
  solar_capex: 1000.0
  solar_opex: 10
  solar_lifetime: 20
  carbon_price: 1.0
timeseries_values:
  load_level: 242134.68881215857
  wind_year: 2013
  solar_year: 2010
  price_year: 2023
  carbon_year: 2023
storage_values:
  CAES:
    cost: 65.3738
    lifetime: 27.9491
    annual_cost: 2.339030594902877
    efficiency: 0.61326
    discharge_ratio: 0.1
    depth_of_discharge: 0.4
  Li-ion:
    cost: 163.593
    lifetime: 12.5715
    annual_cost: 13.01300560792268
    efficiency: 0.924718
    discharge_ratio: 2
    depth_of_discharge: 0.9
  Pb-acid:
    cost: 149.099
    lifetime: 12.1948
    annual_cost: 12.226440778036539
    efficiency: 0.766472
    discharge_ratio: 5
    depth_of_discharge: 0.5
  VRBF:
    cost: 184.97
    lifetime: 22.0452
    annual_cost: 8.390488632446065
    efficiency: 0.675712
    discharge_ratio: 0.5
    depth_of_discharge: 1.0
