cost_values:
  wind_capex: 5000.0
  wind_opex: 100
  wind_lifetime: 20
  solar_capex: 1000.0
  solar_opex: 10
  solar_lifetime: 20
  carbon_price: 1.0
timeseries_values:
  load_level: 242134.68881215857
  wind_year: 2013
  solar_year: 2010
  price_year: 2023
  carbon_year: 2023
storage_values:
  CAES:
    cost: 66.773
    lifetime: 29.4613
    annual_cost: 2.2664648199502397
    efficiency: 0.609096
    discharge_ratio: 0.1
    depth_of_discharge: 0.4
  Li-ion:
    cost: 175.86
    lifetime: 12.9935
    annual_cost: 13.53445953746104
    efficiency: 0.920507
    discharge_ratio: 2
    depth_of_discharge: 0.9
  Pb-acid:
    cost: 170.0
    lifetime: 12.2942
    annual_cost: 13.827658570708138
    efficiency: 0.759405
    discharge_ratio: 5
    depth_of_discharge: 0.5
  VRBF:
    cost: 195.807
    lifetime: 22.3278
    annual_cost: 8.769650390992394
    efficiency: 0.655763
    discharge_ratio: 0.5
    depth_of_discharge: 1.0
