cost_values:
  wind_capex: 5000.0
  wind_opex: 100
  wind_lifetime: 20
  solar_capex: 1000.0
  solar_opex: 10
  solar_lifetime: 20
  carbon_price: 1.0
timeseries_values:
  load_level: 242134.68881215857
  wind_year: 2013
  solar_year: 2010
  price_year: 2023
  carbon_year: 2023
storage_values:
  CAES:
    cost: 61.8147
    lifetime: 28.5833
    annual_cost: 2.162615933079805
    efficiency: 0.609146
    discharge_ratio: 0.1
    depth_of_discharge: 0.4
  Li-ion:
    cost: 196.189
    lifetime: 11.744
    annual_cost: 16.705466621253407
    efficiency: 0.929727
    discharge_ratio: 2
    depth_of_discharge: 0.9
  Pb-acid:
    cost: 192.959
    lifetime: 10.3402
    annual_cost: 18.661051043500127
    efficiency: 0.736089
    discharge_ratio: 5
    depth_of_discharge: 0.5
  VRBF:
    cost: 205.299
    lifetime: 21.6788
    annual_cost: 9.470035241803053
    efficiency: 0.662149
    discharge_ratio: 0.5
    depth_of_discharge: 1.0
