cost_values:
  wind_capex: 5000.0
  wind_opex: 100
  wind_lifetime: 20
  solar_capex: 1000.0
  solar_opex: 10
  solar_lifetime: 20
  carbon_price: 1.0
timeseries_values:
  load_level: 263234.26734779973
  wind_year: 2012
  solar_year: 2010
  price_year: 2023
  carbon_year: 2023
storage_values:
  CAES:
    cost: 50.0653
    lifetime: 28.037
    annual_cost: 1.7856867710525377
    efficiency: 0.603284
    discharge_ratio: 0.1
    depth_of_discharge: 0.4
  Li-ion:
    cost: 257.644
    lifetime: 23.5608
    annual_cost: 10.935282333367288
    efficiency: 0.91096
    discharge_ratio: 2
    depth_of_discharge: 0.9
  Pb-acid:
    cost: 111.027
    lifetime: 12.5698
    annual_cost: 8.832837435758723
    efficiency: 0.726411
    discharge_ratio: 5
    depth_of_discharge: 0.5
  VRBF:
    cost: 257.837
    lifetime: 20.9551
    annual_cost: 12.304260060796654
    efficiency: 0.745959
    discharge_ratio: 0.5
    depth_of_discharge: 1.0
