cost_values:
  wind_capex: 5000.0
  wind_opex: 100
  wind_lifetime: 20
  solar_capex: 1000.0
  solar_opex: 10
  solar_lifetime: 20
  carbon_price: 1.0
timeseries_values:
  load_level: 263234.26734779973
  wind_year: 2012
  solar_year: 2010
  price_year: 2023
  carbon_year: 2023
storage_values:
  CAES:
    cost: 53.0239
    lifetime: 26.5029
    annual_cost: 2.0006829441306424
    efficiency: 0.60419
    discharge_ratio: 0.1
    depth_of_discharge: 0.4
  Li-ion:
    cost: 267.79
    lifetime: 23.7526
    annual_cost: 11.274134200045468
    efficiency: 0.921204
    discharge_ratio: 2
    depth_of_discharge: 0.9
  Pb-acid:
    cost: 106.677
    lifetime: 12.23
    annual_cost: 8.722567457072772
    efficiency: 0.752211
    discharge_ratio: 5
    depth_of_discharge: 0.5
  VRBF:
    cost: 230.292
    lifetime: 24.8207
    annual_cost: 9.278223418356452
    efficiency: 0.711352
    discharge_ratio: 0.5
    depth_of_discharge: 1.0
