cost_values:
  wind_capex: 5000.0
  wind_opex: 100
  wind_lifetime: 20
  solar_capex: 1000.0
  solar_opex: 10
  solar_lifetime: 20
  carbon_price: 1.0
timeseries_values:
  load_level: 263234.26734779973
  wind_year: 2012
  solar_year: 2010
  price_year: 2023
  carbon_year: 2023
storage_values:
  CAES:
    cost: 55.5125
    lifetime: 27.6627
    annual_cost: 2.006763620326288
    efficiency: 0.604373
    discharge_ratio: 0.1
    depth_of_discharge: 0.4
  Li-ion:
    cost: 251.248
    lifetime: 22.886
    annual_cost: 10.978239972035306
    efficiency: 0.923325
    discharge_ratio: 2
    depth_of_discharge: 0.9
  Pb-acid:
    cost: 111.75
    lifetime: 12.0427
    annual_cost: 9.279480515166865
    efficiency: 0.748746
    discharge_ratio: 5
    depth_of_discharge: 0.5
  VRBF:
    cost: 275.452
    lifetime: 24.2107
    annual_cost: 11.377283597748104
    efficiency: 0.723857
    discharge_ratio: 0.5
    depth_of_discharge: 1.0
