cost_values:
  wind_capex: 5000.0
  wind_opex: 100
  wind_lifetime: 20
  solar_capex: 1000.0
  solar_opex: 10
  solar_lifetime: 20
  carbon_price: 1.0
timeseries_values:
  load_level: 263234.26734779973
  wind_year: 2012
  solar_year: 2010
  price_year: 2023
  carbon_year: 2023
storage_values:
  CAES:
    cost: 60.3564
    lifetime: 27.0668
    annual_cost: 2.229905271402604
    efficiency: 0.604736
    discharge_ratio: 0.1
    depth_of_discharge: 0.4
  Li-ion:
    cost: 284.093
    lifetime: 25.8573
    annual_cost: 10.9869553278958
    efficiency: 0.915619
    discharge_ratio: 2
    depth_of_discharge: 0.9
  Pb-acid:
    cost: 120.94
    lifetime: 10.6883
    annual_cost: 11.315176407847833
    efficiency: 0.735573
    discharge_ratio: 5
    depth_of_discharge: 0.5
  VRBF:
    cost: 241.417
    lifetime: 23.2119
    annual_cost: 10.400570397080807
    efficiency: 0.737173
    discharge_ratio: 0.5
    depth_of_discharge: 1.0
