cost_values:
  wind_capex: 5000.0
  wind_opex: 100
  wind_lifetime: 20
  solar_capex: 1000.0
  solar_opex: 10
  solar_lifetime: 20
  carbon_price: 1.0
timeseries_values:
  load_level: 263234.26734779973
  wind_year: 2012
  solar_year: 2010
  price_year: 2023
  carbon_year: 2023
storage_values:
  CAES:
    cost: 42.8968
    lifetime: 27.8252
    annual_cost: 1.5416528901858746
    efficiency: 0.60262
    discharge_ratio: 0.1
    depth_of_discharge: 0.4
  Li-ion:
    cost: 250.514
    lifetime: 21.9664
    annual_cost: 11.404417656056523
    efficiency: 0.905863
    discharge_ratio: 2
    depth_of_discharge: 0.9
  Pb-acid:
    cost: 110.566
    lifetime: 11.7173
    annual_cost: 9.43613289751052
    efficiency: 0.7326
    discharge_ratio: 5
    depth_of_discharge: 0.5
  VRBF:
    cost: 253.744
    lifetime: 21.9353
    annual_cost: 11.567838142172661
    efficiency: 0.713624
    discharge_ratio: 0.5
    depth_of_discharge: 1.0
