cost_values:
  wind_capex: 5000.0
  wind_opex: 100
  wind_lifetime: 20
  solar_capex: 1000.0
  solar_opex: 10
  solar_lifetime: 20
  carbon_price: 1.0
timeseries_values:
  load_level: 263234.26734779973
  wind_year: 2012
  solar_year: 2010
  price_year: 2023
  carbon_year: 2023
storage_values:
  CAES:
    cost: 48.4247
    lifetime: 26.601
    annual_cost: 1.8204090071801813
    efficiency: 0.608603
    discharge_ratio: 0.1
    depth_of_discharge: 0.4
  Li-ion:
    cost: 253.277
    lifetime: 21.8363
    annual_cost: 11.598897249076078
    efficiency: 0.92038
    discharge_ratio: 2
    depth_of_discharge: 0.9
  Pb-acid:
    cost: 106.347
    lifetime: 11.0393
    annual_cost: 9.633491253974436
    efficiency: 0.72869
    discharge_ratio: 5
    depth_of_discharge: 0.5
  VRBF:
    cost: 275.476
    lifetime: 20.9815
    annual_cost: 13.12947120081977
    efficiency: 0.701367
    discharge_ratio: 0.5
    depth_of_discharge: 1.0
