cost_values:
  wind_capex: 5000.0
  wind_opex: 100
  wind_lifetime: 20
  solar_capex: 1000.0
  solar_opex: 10
  solar_lifetime: 20
  carbon_price: 1.0
timeseries_values:
  load_level: 263234.26734779973
  wind_year: 2012
  solar_year: 2010
  price_year: 2023
  carbon_year: 2023
storage_values:
  CAES:
    cost: 53.3365
    lifetime: 27.0206
    annual_cost: 1.9739198981517805
    efficiency: 0.606451
    discharge_ratio: 0.1
    depth_of_discharge: 0.4
  Li-ion:
    cost: 248.969
    lifetime: 21.9681
    annual_cost: 11.333205875792627
    efficiency: 0.902898
    discharge_ratio: 2
    depth_of_discharge: 0.9
  Pb-acid:
    cost: 96.247
    lifetime: 11.68
    annual_cost: 8.240325342465754
    efficiency: 0.745154
    discharge_ratio: 5
    depth_of_discharge: 0.5
  VRBF:
    cost: 255.445
    lifetime: 22.2785
    annual_cost: 11.465987386942567
    efficiency: 0.744041
    discharge_ratio: 0.5
    depth_of_discharge: 1.0
