cost_values:
  wind_capex: 5000.0
  wind_opex: 100
  wind_lifetime: 20
  solar_capex: 1000.0
  solar_opex: 10
  solar_lifetime: 20
  carbon_price: 1.0
timeseries_values:
  load_level: 263234.26734779973
  wind_year: 2012
  solar_year: 2010
  price_year: 2023
  carbon_year: 2023
storage_values:
  CAES:
    cost: 52.5386
    lifetime: 26.774
    annual_cost: 1.9622992455367148
    efficiency: 0.605243
    discharge_ratio: 0.1
    depth_of_discharge: 0.4
  Li-ion:
    cost: 250.202
    lifetime: 24.1955
    annual_cost: 10.340848504887273
    efficiency: 0.923107
    discharge_ratio: 2
    depth_of_discharge: 0.9
  Pb-acid:
    cost: 135.32
    lifetime: 9.65729
    annual_cost: 14.012212535814912
    efficiency: 0.755451
    discharge_ratio: 5
    depth_of_discharge: 0.5
  VRBF:
    cost: 269.725
    lifetime: 23.1902
    annual_cost: 11.63099067709636
    efficiency: 0.723498
    discharge_ratio: 0.5
    depth_of_discharge: 1.0
