cost_values:
  wind_capex: 5000.0
  wind_opex: 100
  wind_lifetime: 20
  solar_capex: 1000.0
  solar_opex: 10
  solar_lifetime: 20
  carbon_price: 1.0
timeseries_values:
  load_level: 263234.26734779973
  wind_year: 2012
  solar_year: 2010
  price_year: 2023
  carbon_year: 2023
storage_values:
  CAES:
    cost: 49.7755
    lifetime: 27.9905
    annual_cost: 1.778299780282596
    efficiency: 0.600426
    discharge_ratio: 0.1
    depth_of_discharge: 0.4
  Li-ion:
    cost: 263.354
    lifetime: 23.2187
    annual_cost: 11.342323213616611
    efficiency: 0.924213
    discharge_ratio: 2
    depth_of_discharge: 0.9
  Pb-acid:
    cost: 104.29
    lifetime: 9.44347
    annual_cost: 11.043610028940634
    efficiency: 0.74323
    discharge_ratio: 5
    depth_of_discharge: 0.5
  VRBF:
    cost: 293.504
    lifetime: 24.3614
    annual_cost: 12.047911860566307
    efficiency: 0.722011
    discharge_ratio: 0.5
    depth_of_discharge: 1.0
