cost_values:
  wind_capex: 5000.0
  wind_opex: 100
  wind_lifetime: 20
  solar_capex: 1000.0
  solar_opex: 10
  solar_lifetime: 20
  carbon_price: 1.0
timeseries_values:
  load_level: 263234.26734779973
  wind_year: 2012
  solar_year: 2010
  price_year: 2023
  carbon_year: 2023
storage_values:
  CAES:
    cost: 46.074
    lifetime: 27.801
    annual_cost: 1.6572785151613252
    efficiency: 0.608949
    discharge_ratio: 0.1
    depth_of_discharge: 0.4
  Li-ion:
    cost: 245.173
    lifetime: 24.116
    annual_cost: 10.166404047105656
    efficiency: 0.917727
    discharge_ratio: 2
    depth_of_discharge: 0.9
  Pb-acid:
    cost: 109.759
    lifetime: 11.5984
    annual_cost: 9.463288039729617
    efficiency: 0.748197
    discharge_ratio: 5
    depth_of_discharge: 0.5
  VRBF:
    cost: 245.116
    lifetime: 23.5495
    annual_cost: 10.408543705811166
    efficiency: 0.726602
    discharge_ratio: 0.5
    depth_of_discharge: 1.0
