cost_values:
  wind_capex: 5000.0
  wind_opex: 100
  wind_lifetime: 20
  solar_capex: 1000.0
  solar_opex: 10
  solar_lifetime: 20
  carbon_price: 1.0
timeseries_values:
  load_level: 263234.26734779973
  wind_year: 2012
  solar_year: 2010
  price_year: 2023
  carbon_year: 2023
storage_values:
  CAES:
    cost: 54.1066
    lifetime: 28.0432
    annual_cost: 1.9294017801106864
    efficiency: 0.609768
    discharge_ratio: 0.1
    depth_of_discharge: 0.4
  Li-ion:
    cost: 266.634
    lifetime: 24.9917
    annual_cost: 10.668902075489063
    efficiency: 0.922852
    discharge_ratio: 2
    depth_of_discharge: 0.9
  Pb-acid:
    cost: 106.221
    lifetime: 11.7467
    annual_cost: 9.042624737160224
    efficiency: 0.732622
    discharge_ratio: 5
    depth_of_discharge: 0.5
  VRBF:
    cost: 277.766
    lifetime: 21.6039
    annual_cost: 12.857215595332326
    efficiency: 0.70354
    discharge_ratio: 0.5
    depth_of_discharge: 1.0
