cost_values:
  wind_capex: 5000.0
  wind_opex: 100
  wind_lifetime: 20
  solar_capex: 1000.0
  solar_opex: 10
  solar_lifetime: 20
  carbon_price: 1.0
timeseries_values:
  load_level: 263234.26734779973
  wind_year: 2012
  solar_year: 2010
  price_year: 2023
  carbon_year: 2023
storage_values:
  CAES:
    cost: 56.103
    lifetime: 26.9679
    annual_cost: 2.080362208403324
    efficiency: 0.604579
    discharge_ratio: 0.1
    depth_of_discharge: 0.4
  Li-ion:
    cost: 274.744
    lifetime: 25.4202
    annual_cost: 10.808097497265955
    efficiency: 0.933788
    discharge_ratio: 2
    depth_of_discharge: 0.9
  Pb-acid:
    cost: 126.844
    lifetime: 11.1026
    annual_cost: 11.424711328877919
    efficiency: 0.727399
    discharge_ratio: 5
    depth_of_discharge: 0.5
  VRBF:
    cost: 276.705
    lifetime: 22.3727
    annual_cost: 12.367975255556996
    efficiency: 0.743437
    discharge_ratio: 0.5
    depth_of_discharge: 1.0
