cost_values:
  wind_capex: 5000.0
  wind_opex: 100
  wind_lifetime: 20
  solar_capex: 1000.0
  solar_opex: 10
  solar_lifetime: 20
  carbon_price: 1.0
timeseries_values:
  load_level: 263234.26734779973
  wind_year: 2012
  solar_year: 2010
  price_year: 2023
  carbon_year: 2023
storage_values:
  CAES:
    cost: 47.0954
    lifetime: 26.887
    annual_cost: 1.7516048648045524
    efficiency: 0.606351
    discharge_ratio: 0.1
    depth_of_discharge: 0.4
  Li-ion:
    cost: 273.08
    lifetime: 21.4289
    annual_cost: 12.74353793241837
    efficiency: 0.901859
    discharge_ratio: 2
    depth_of_discharge: 0.9
  Pb-acid:
    cost: 116.367
    lifetime: 11.3735
    annual_cost: 10.231415131665715
    efficiency: 0.75607
    discharge_ratio: 5
    depth_of_discharge: 0.5
  VRBF:
    cost: 244.873
    lifetime: 23.4104
    annual_cost: 10.46000922666849
    efficiency: 0.708912
    discharge_ratio: 0.5
    depth_of_discharge: 1.0
