cost_values:
  wind_capex: 5000.0
  wind_opex: 100
  wind_lifetime: 20
  solar_capex: 1000.0
  solar_opex: 10
  solar_lifetime: 20
  carbon_price: 1.0
timeseries_values:
  load_level: 263234.26734779973
  wind_year: 2012
  solar_year: 2010
  price_year: 2023
  carbon_year: 2023
storage_values:
  CAES:
    cost: 49.6998
    lifetime: 27.3663
    annual_cost: 1.816094978130036
    efficiency: 0.6101
    discharge_ratio: 0.1
    depth_of_discharge: 0.4
  Li-ion:
    cost: 250.811
    lifetime: 24.1386
    annual_cost: 10.39045346457541
    efficiency: 0.920894
    discharge_ratio: 2
    depth_of_discharge: 0.9
  Pb-acid:
    cost: 128.463
    lifetime: 11.5819
    annual_cost: 11.091703433806197
    efficiency: 0.734111
    discharge_ratio: 5
    depth_of_discharge: 0.5
  VRBF:
    cost: 274.793
    lifetime: 24.7207
    annual_cost: 11.1159069120211
    efficiency: 0.722072
    discharge_ratio: 0.5
    depth_of_discharge: 1.0
