cost_values:
  wind_capex: 5000.0
  wind_opex: 100
  wind_lifetime: 20
  solar_capex: 1000.0
  solar_opex: 10
  solar_lifetime: 20
  carbon_price: 1.0
timeseries_values:
  load_level: 263234.26734779973
  wind_year: 2012
  solar_year: 2010
  price_year: 2023
  carbon_year: 2023
storage_values:
  CAES:
    cost: 52.7993
    lifetime: 27.2293
    annual_cost: 1.939061966337732
    efficiency: 0.609001
    discharge_ratio: 0.1
    depth_of_discharge: 0.4
  Li-ion:
    cost: 276.428
    lifetime: 24.7018
    annual_cost: 11.190601494627922
    efficiency: 0.922312
    discharge_ratio: 2
    depth_of_discharge: 0.9
  Pb-acid:
    cost: 111.542
    lifetime: 10.2196
    annual_cost: 10.914517202238835
    efficiency: 0.743165
    discharge_ratio: 5
    depth_of_discharge: 0.5
  VRBF:
    cost: 273.372
    lifetime: 23.1985
    annual_cost: 11.78403776106214
    efficiency: 0.738187
    discharge_ratio: 0.5
    depth_of_discharge: 1.0
