cost_values:
  wind_capex: 5000.0
  wind_opex: 100
  wind_lifetime: 20
  solar_capex: 1000.0
  solar_opex: 10
  solar_lifetime: 20
  carbon_price: 1.0
timeseries_values:
  load_level: 263234.26734779973
  wind_year: 2012
  solar_year: 2010
  price_year: 2023
  carbon_year: 2023
storage_values:
  CAES:
    cost: 55.5572
    lifetime: 27.1569
    annual_cost: 2.045785785564626
    efficiency: 0.606003
    discharge_ratio: 0.1
    depth_of_discharge: 0.4
  Li-ion:
    cost: 247.677
    lifetime: 24.1588
    annual_cost: 10.252040664271405
    efficiency: 0.926786
    discharge_ratio: 2
    depth_of_discharge: 0.9
  Pb-acid:
    cost: 127.933
    lifetime: 12.887
    annual_cost: 9.927291068518663
    efficiency: 0.732033
    discharge_ratio: 5
    depth_of_discharge: 0.5
  VRBF:
    cost: 265.743
    lifetime: 23.0458
    annual_cost: 11.531081585364795
    efficiency: 0.718107
    discharge_ratio: 0.5
    depth_of_discharge: 1.0
