cost_values:
  wind_capex: 5000.0
  wind_opex: 100
  wind_lifetime: 20
  solar_capex: 1000.0
  solar_opex: 10
  solar_lifetime: 20
  carbon_price: 1.0
timeseries_values:
  load_level: 263234.26734779973
  wind_year: 2012
  solar_year: 2010
  price_year: 2023
  carbon_year: 2023
storage_values:
  CAES:
    cost: 48.2939
    lifetime: 27.378
    annual_cost: 1.7639674190956243
    efficiency: 0.617387
    discharge_ratio: 0.1
    depth_of_discharge: 0.4
  Li-ion:
    cost: 257.613
    lifetime: 24.3522
    annual_cost: 10.57863355261537
    efficiency: 0.903996
    discharge_ratio: 2
    depth_of_discharge: 0.9
  Pb-acid:
    cost: 127.504
    lifetime: 11.2233
    annual_cost: 11.360651501786462
    efficiency: 0.745686
    discharge_ratio: 5
    depth_of_discharge: 0.5
  VRBF:
    cost: 235.228
    lifetime: 22.5494
    annual_cost: 10.43167445697003
    efficiency: 0.726868
    discharge_ratio: 0.5
    depth_of_discharge: 1.0
