cost_values:
  wind_capex: 5000.0
  wind_opex: 100
  wind_lifetime: 20
  solar_capex: 1000.0
  solar_opex: 10
  solar_lifetime: 20
  carbon_price: 1.0
timeseries_values:
  load_level: 263234.26734779973
  wind_year: 2012
  solar_year: 2010
  price_year: 2023
  carbon_year: 2023
storage_values:
  CAES:
    cost: 52.0309
    lifetime: 27.4481
    annual_cost: 1.8956102608195105
    efficiency: 0.593257
    discharge_ratio: 0.1
    depth_of_discharge: 0.4
  Li-ion:
    cost: 252.322
    lifetime: 23.5065
    annual_cost: 10.734137366260397
    efficiency: 0.928177
    discharge_ratio: 2
    depth_of_discharge: 0.9
  Pb-acid:
    cost: 89.1227
    lifetime: 11.6772
    annual_cost: 7.632197787140753
    efficiency: 0.74082
    discharge_ratio: 5
    depth_of_discharge: 0.5
  VRBF:
    cost: 236.617
    lifetime: 24.0017
    annual_cost: 9.858343367344812
    efficiency: 0.696015
    discharge_ratio: 0.5
    depth_of_discharge: 1.0
