cost_values:
  wind_capex: 5000.0
  wind_opex: 100
  wind_lifetime: 20
  solar_capex: 1000.0
  solar_opex: 10
  solar_lifetime: 20
  carbon_price: 1.0
timeseries_values:
  load_level: 263234.26734779973
  wind_year: 2012
  solar_year: 2010
  price_year: 2023
  carbon_year: 2023
storage_values:
  CAES:
    cost: 56.3171
    lifetime: 27.4664
    annual_cost: 2.05039976116273
    efficiency: 0.596559
    discharge_ratio: 0.1
    depth_of_discharge: 0.4
  Li-ion:
    cost: 260.89
    lifetime: 23.5705
    annual_cost: 11.068496637746335
    efficiency: 0.932004
    discharge_ratio: 2
    depth_of_discharge: 0.9
  Pb-acid:
    cost: 106.83
    lifetime: 13.8742
    annual_cost: 7.699903417854723
    efficiency: 0.739594
    discharge_ratio: 5
    depth_of_discharge: 0.5
  VRBF:
    cost: 236.287
    lifetime: 22.7099
    annual_cost: 10.40458126191661
    efficiency: 0.731773
    discharge_ratio: 0.5
    depth_of_discharge: 1.0
