cost_values:
  wind_capex: 5000.0
  wind_opex: 100
  wind_lifetime: 20
  solar_capex: 1000.0
  solar_opex: 10
  solar_lifetime: 20
  carbon_price: 1.0
timeseries_values:
  load_level: 263234.26734779973
  wind_year: 2012
  solar_year: 2010
  price_year: 2023
  carbon_year: 2023
storage_values:
  CAES:
    cost: 55.0408
    lifetime: 27.3453
    annual_cost: 2.0128065883351067
    efficiency: 0.62015
    discharge_ratio: 0.1
    depth_of_discharge: 0.4
  Li-ion:
    cost: 244.339
    lifetime: 22.9561
    annual_cost: 10.643750462839943
    efficiency: 0.924328
    discharge_ratio: 2
    depth_of_discharge: 0.9
  Pb-acid:
    cost: 110.108
    lifetime: 10.4517
    annual_cost: 10.53493690021719
    efficiency: 0.770279
    discharge_ratio: 5
    depth_of_discharge: 0.5
  VRBF:
    cost: 262.998
    lifetime: 22.5464
    annual_cost: 11.664744704254337
    efficiency: 0.711511
    discharge_ratio: 0.5
    depth_of_discharge: 1.0
