cost_values:
  wind_capex: 5000.0
  wind_opex: 100
  wind_lifetime: 20
  solar_capex: 1000.0
  solar_opex: 10
  solar_lifetime: 20
  carbon_price: 1.0
timeseries_values:
  load_level: 263234.26734779973
  wind_year: 2012
  solar_year: 2010
  price_year: 2023
  carbon_year: 2023
storage_values:
  CAES:
    cost: 49.2366
    lifetime: 28.1539
    annual_cost: 1.748837638835117
    efficiency: 0.607121
    discharge_ratio: 0.1
    depth_of_discharge: 0.4
  Li-ion:
    cost: 263.31
    lifetime: 23.8552
    annual_cost: 11.037844998155538
    efficiency: 0.923158
    discharge_ratio: 2
    depth_of_discharge: 0.9
  Pb-acid:
    cost: 125.87
    lifetime: 10.6399
    annual_cost: 11.829998402240623
    efficiency: 0.729284
    discharge_ratio: 5
    depth_of_discharge: 0.5
  VRBF:
    cost: 220.484
    lifetime: 22.2769
    annual_cost: 9.897427379931678
    efficiency: 0.717609
    discharge_ratio: 0.5
    depth_of_discharge: 1.0
