cost_values:
  wind_capex: 5000.0
  wind_opex: 100
  wind_lifetime: 20
  solar_capex: 1000.0
  solar_opex: 10
  solar_lifetime: 20
  carbon_price: 1.0
timeseries_values:
  load_level: 263234.26734779973
  wind_year: 2012
  solar_year: 2010
  price_year: 2023
  carbon_year: 2023
storage_values:
  CAES:
    cost: 52.8515
    lifetime: 26.3904
    annual_cost: 2.00267900448648
    efficiency: 0.608323
    discharge_ratio: 0.1
    depth_of_discharge: 0.4
  Li-ion:
    cost: 264.569
    lifetime: 24.2009
    annual_cost: 10.932196736485007
    efficiency: 0.910261
    discharge_ratio: 2
    depth_of_discharge: 0.9
  Pb-acid:
    cost: 111.072
    lifetime: 12.4216
    annual_cost: 8.941843240806337
    efficiency: 0.732771
    discharge_ratio: 5
    depth_of_discharge: 0.5
  VRBF:
    cost: 294.642
    lifetime: 20.5278
    annual_cost: 14.353315990997574
    efficiency: 0.712028
    discharge_ratio: 0.5
    depth_of_discharge: 1.0
