cost_values:
  wind_capex: 5000.0
  wind_opex: 100
  wind_lifetime: 20
  solar_capex: 1000.0
  solar_opex: 10
  solar_lifetime: 20
  carbon_price: 1.0
timeseries_values:
  load_level: 263234.26734779973
  wind_year: 2012
  solar_year: 2010
  price_year: 2023
  carbon_year: 2023
storage_values:
  CAES:
    cost: 48.2476
    lifetime: 27.3317
    annual_cost: 1.765261582704332
    efficiency: 0.606777
    discharge_ratio: 0.1
    depth_of_discharge: 0.4
  Li-ion:
    cost: 265.695
    lifetime: 22.7458
    annual_cost: 11.681057601842978
    efficiency: 0.920071
    discharge_ratio: 2
    depth_of_discharge: 0.9
  Pb-acid:
    cost: 119.194
    lifetime: 10.9325
    annual_cost: 10.902721243997258
    efficiency: 0.752178
    discharge_ratio: 5
    depth_of_discharge: 0.5
  VRBF:
    cost: 248.27
    lifetime: 27.1961
    annual_cost: 9.128882450057178
    efficiency: 0.726446
    discharge_ratio: 0.5
    depth_of_discharge: 1.0
