cost_values:
  wind_capex: 5000.0
  wind_opex: 100
  wind_lifetime: 20
  solar_capex: 1000.0
  solar_opex: 10
  solar_lifetime: 20
  carbon_price: 1.0
timeseries_values:
  load_level: 263234.26734779973
  wind_year: 2012
  solar_year: 2010
  price_year: 2023
  carbon_year: 2023
storage_values:
  CAES:
    cost: 51.2926
    lifetime: 27.8786
    annual_cost: 1.8398556598968385
    efficiency: 0.607073
    discharge_ratio: 0.1
    depth_of_discharge: 0.4
  Li-ion:
    cost: 246.336
    lifetime: 23.5135
    annual_cost: 10.476364641588875
    efficiency: 0.912515
    discharge_ratio: 2
    depth_of_discharge: 0.9
  Pb-acid:
    cost: 108.062
    lifetime: 11.6781
    annual_cost: 9.253388821811766
    efficiency: 0.747586
    discharge_ratio: 5
    depth_of_discharge: 0.5
  VRBF:
    cost: 279.868
    lifetime: 21.3803
    annual_cost: 13.089994059952387
    efficiency: 0.729153
    discharge_ratio: 0.5
    depth_of_discharge: 1.0
