cost_values:
  wind_capex: 5000.0
  wind_opex: 100
  wind_lifetime: 20
  solar_capex: 1000.0
  solar_opex: 10
  solar_lifetime: 20
  carbon_price: 1.0
timeseries_values:
  load_level: 263234.26734779973
  wind_year: 2012
  solar_year: 2010
  price_year: 2023
  carbon_year: 2023
storage_values:
  CAES:
    cost: 53.7603
    lifetime: 26.5082
    annual_cost: 2.028063014463449
    efficiency: 0.612273
    discharge_ratio: 0.1
    depth_of_discharge: 0.4
  Li-ion:
    cost: 269.876
    lifetime: 26.4777
    annual_cost: 10.192577149827969
    efficiency: 0.927071
    discharge_ratio: 2
    depth_of_discharge: 0.9
  Pb-acid:
    cost: 106.387
    lifetime: 11.775
    annual_cost: 9.034989384288748
    efficiency: 0.753805
    discharge_ratio: 5
    depth_of_discharge: 0.5
  VRBF:
    cost: 246.624
    lifetime: 22.3924
    annual_cost: 11.01373680355835
    efficiency: 0.7072
    discharge_ratio: 0.5
    depth_of_discharge: 1.0
