cost_values:
  wind_capex: 5000.0
  wind_opex: 100
  wind_lifetime: 20
  solar_capex: 1000.0
  solar_opex: 10
  solar_lifetime: 20
  carbon_price: 1.0
timeseries_values:
  load_level: 263234.26734779973
  wind_year: 2012
  solar_year: 2010
  price_year: 2023
  carbon_year: 2023
storage_values:
  CAES:
    cost: 49.0853
    lifetime: 25.9801
    annual_cost: 1.889342227320141
    efficiency: 0.617917
    discharge_ratio: 0.1
    depth_of_discharge: 0.4
  Li-ion:
    cost: 257.145
    lifetime: 24.8308
    annual_cost: 10.355888654413066
    efficiency: 0.919432
    discharge_ratio: 2
    depth_of_discharge: 0.9
  Pb-acid:
    cost: 104.667
    lifetime: 11.3213
    annual_cost: 9.245139692438148
    efficiency: 0.741565
    discharge_ratio: 5
    depth_of_discharge: 0.5
  VRBF:
    cost: 283.585
    lifetime: 21.3133
    annual_cost: 13.305541610168296
    efficiency: 0.692513
    discharge_ratio: 0.5
    depth_of_discharge: 1.0
