cost_values:
  wind_capex: 5000.0
  wind_opex: 100
  wind_lifetime: 20
  solar_capex: 1000.0
  solar_opex: 10
  solar_lifetime: 20
  carbon_price: 1.0
timeseries_values:
  load_level: 263234.26734779973
  wind_year: 2012
  solar_year: 2010
  price_year: 2023
  carbon_year: 2023
storage_values:
  CAES:
    cost: 54.6567
    lifetime: 26.6246
    annual_cost: 2.0528646439758718
    efficiency: 0.611191
    discharge_ratio: 0.1
    depth_of_discharge: 0.4
  Li-ion:
    cost: 259.532
    lifetime: 22.3572
    annual_cost: 11.608430393788131
    efficiency: 0.916006
    discharge_ratio: 2
    depth_of_discharge: 0.9
  Pb-acid:
    cost: 117.099
    lifetime: 10.2461
    annual_cost: 11.4286411415075
    efficiency: 0.744257
    discharge_ratio: 5
    depth_of_discharge: 0.5
  VRBF:
    cost: 243.071
    lifetime: 22.3921
    annual_cost: 10.855212329348298
    efficiency: 0.733354
    discharge_ratio: 0.5
    depth_of_discharge: 1.0
