cost_values:
  wind_capex: 5000.0
  wind_opex: 100
  wind_lifetime: 20
  solar_capex: 1000.0
  solar_opex: 10
  solar_lifetime: 20
  carbon_price: 1.0
timeseries_values:
  load_level: 263234.26734779973
  wind_year: 2012
  solar_year: 2010
  price_year: 2023
  carbon_year: 2023
storage_values:
  CAES:
    cost: 50.1216
    lifetime: 27.3947
    annual_cost: 1.8296093769962802
    efficiency: 0.605319
    discharge_ratio: 0.1
    depth_of_discharge: 0.4
  Li-ion:
    cost: 260.891
    lifetime: 25.3293
    annual_cost: 10.29996881082383
    efficiency: 0.91025
    discharge_ratio: 2
    depth_of_discharge: 0.9
  Pb-acid:
    cost: 108.854
    lifetime: 12.81
    annual_cost: 8.497580015612803
    efficiency: 0.755675
    discharge_ratio: 5
    depth_of_discharge: 0.5
  VRBF:
    cost: 239.73
    lifetime: 20.6649
    annual_cost: 11.600830393565902
    efficiency: 0.708707
    discharge_ratio: 0.5
    depth_of_discharge: 1.0
