cost_values:
  wind_capex: 5000.0
  wind_opex: 100
  wind_lifetime: 20
  solar_capex: 1000.0
  solar_opex: 10
  solar_lifetime: 20
  carbon_price: 1.0
timeseries_values:
  load_level: 263234.26734779973
  wind_year: 2012
  solar_year: 2010
  price_year: 2023
  carbon_year: 2023
storage_values:
  CAES:
    cost: 49.7823
    lifetime: 26.5737
    annual_cost: 1.873367276668285
    efficiency: 0.605459
    discharge_ratio: 0.1
    depth_of_discharge: 0.4
  Li-ion:
    cost: 261.761
    lifetime: 23.5816
    annual_cost: 11.100222207144554
    efficiency: 0.921533
    discharge_ratio: 2
    depth_of_discharge: 0.9
  Pb-acid:
    cost: 122.693
    lifetime: 11.0783
    annual_cost: 11.075074695576035
    efficiency: 0.742323
    discharge_ratio: 5
    depth_of_discharge: 0.5
  VRBF:
    cost: 246.671
    lifetime: 22.0077
    annual_cost: 11.208395243482963
    efficiency: 0.723386
    discharge_ratio: 0.5
    depth_of_discharge: 1.0
