cost_values:
  wind_capex: 5000.0
  wind_opex: 100
  wind_lifetime: 20
  solar_capex: 1000.0
  solar_opex: 10
  solar_lifetime: 20
  carbon_price: 1.0
timeseries_values:
  load_level: 263234.26734779973
  wind_year: 2012
  solar_year: 2010
  price_year: 2023
  carbon_year: 2023
storage_values:
  CAES:
    cost: 56.9979
    lifetime: 27.3901
    annual_cost: 2.0809672107805377
    efficiency: 0.609559
    discharge_ratio: 0.1
    depth_of_discharge: 0.4
  Li-ion:
    cost: 248.25
    lifetime: 25.2959
    annual_cost: 9.81384335010812
    efficiency: 0.931781
    discharge_ratio: 2
    depth_of_discharge: 0.9
  Pb-acid:
    cost: 103.931
    lifetime: 11.7817
    annual_cost: 8.821392498535864
    efficiency: 0.759093
    discharge_ratio: 5
    depth_of_discharge: 0.5
  VRBF:
    cost: 294.522
    lifetime: 21.6586
    annual_cost: 13.598385860581939
    efficiency: 0.70972
    discharge_ratio: 0.5
    depth_of_discharge: 1.0
