cost_values:
  wind_capex: 5000.0
  wind_opex: 100
  wind_lifetime: 20
  solar_capex: 1000.0
  solar_opex: 10
  solar_lifetime: 20
  carbon_price: 1.0
timeseries_values:
  load_level: 263234.26734779973
  wind_year: 2012
  solar_year: 2010
  price_year: 2023
  carbon_year: 2023
storage_values:
  CAES:
    cost: 49.7263
    lifetime: 27.0941
    annual_cost: 1.8353183903506667
    efficiency: 0.604494
    discharge_ratio: 0.1
    depth_of_discharge: 0.4
  Li-ion:
    cost: 277.081
    lifetime: 23.3153
    annual_cost: 11.884084699746518
    efficiency: 0.921731
    discharge_ratio: 2
    depth_of_discharge: 0.9
  Pb-acid:
    cost: 103.553
    lifetime: 12.5304
    annual_cost: 8.264141607610291
    efficiency: 0.738611
    discharge_ratio: 5
    depth_of_discharge: 0.5
  VRBF:
    cost: 267.691
    lifetime: 21.4693
    annual_cost: 12.468548112886772
    efficiency: 0.694982
    discharge_ratio: 0.5
    depth_of_discharge: 1.0
