cost_values:
  wind_capex: 5000.0
  wind_opex: 100
  wind_lifetime: 20
  solar_capex: 1000.0
  solar_opex: 10
  solar_lifetime: 20
  carbon_price: 1.0
timeseries_values:
  load_level: 263234.26734779973
  wind_year: 2012
  solar_year: 2010
  price_year: 2023
  carbon_year: 2023
storage_values:
  CAES:
    cost: 53.1184
    lifetime: 27.3943
    annual_cost: 1.9390311123116852
    efficiency: 0.603253
    discharge_ratio: 0.1
    depth_of_discharge: 0.4
  Li-ion:
    cost: 274.366
    lifetime: 23.6891
    annual_cost: 11.581951192742654
    efficiency: 0.911053
    discharge_ratio: 2
    depth_of_discharge: 0.9
  Pb-acid:
    cost: 116.079
    lifetime: 12.7563
    annual_cost: 9.09973895251758
    efficiency: 0.746988
    discharge_ratio: 5
    depth_of_discharge: 0.5
  VRBF:
    cost: 291.843
    lifetime: 22.1422
    annual_cost: 13.180397611800094
    efficiency: 0.728636
    discharge_ratio: 0.5
    depth_of_discharge: 1.0
