cost_values:
  wind_capex: 5000.0
  wind_opex: 100
  wind_lifetime: 20
  solar_capex: 1000.0
  solar_opex: 10
  solar_lifetime: 20
  carbon_price: 1.0
timeseries_values:
  load_level: 263234.26734779973
  wind_year: 2012
  solar_year: 2010
  price_year: 2023
  carbon_year: 2023
storage_values:
  CAES:
    cost: 54.914
    lifetime: 26.4229
    annual_cost: 2.078273013181748
    efficiency: 0.607548
    discharge_ratio: 0.1
    depth_of_discharge: 0.4
  Li-ion:
    cost: 266.673
    lifetime: 24.7765
    annual_cost: 10.763142493895426
    efficiency: 0.901284
    discharge_ratio: 2
    depth_of_discharge: 0.9
  Pb-acid:
    cost: 134.276
    lifetime: 10.4051
    annual_cost: 12.904825518255473
    efficiency: 0.737975
    discharge_ratio: 5
    depth_of_discharge: 0.5
  VRBF:
    cost: 288.385
    lifetime: 24.136
    annual_cost: 11.948334438183625
    efficiency: 0.728914
    discharge_ratio: 0.5
    depth_of_discharge: 1.0
