cost_values:
  wind_capex: 5000.0
  wind_opex: 100
  wind_lifetime: 20
  solar_capex: 1000.0
  solar_opex: 10
  solar_lifetime: 20
  carbon_price: 1.0
timeseries_values:
  load_level: 263234.26734779973
  wind_year: 2012
  solar_year: 2010
  price_year: 2023
  carbon_year: 2023
storage_values:
  CAES:
    cost: 52.052
    lifetime: 27.0958
    annual_cost: 1.9210357324751437
    efficiency: 0.606093
    discharge_ratio: 0.1
    depth_of_discharge: 0.4
  Li-ion:
    cost: 251.684
    lifetime: 24.4944
    annual_cost: 10.275164935658763
    efficiency: 0.908851
    discharge_ratio: 2
    depth_of_discharge: 0.9
  Pb-acid:
    cost: 106.855
    lifetime: 12.8261
    annual_cost: 8.33105932434645
    efficiency: 0.756058
    discharge_ratio: 5
    depth_of_discharge: 0.5
  VRBF:
    cost: 230.015
    lifetime: 21.7856
    annual_cost: 10.558120960634547
    efficiency: 0.757241
    discharge_ratio: 0.5
    depth_of_discharge: 1.0
