cost_values:
  wind_capex: 5000.0
  wind_opex: 100
  wind_lifetime: 20
  solar_capex: 1000.0
  solar_opex: 10
  solar_lifetime: 20
  carbon_price: 1.0
timeseries_values:
  load_level: 263234.26734779973
  wind_year: 2012
  solar_year: 2010
  price_year: 2023
  carbon_year: 2023
storage_values:
  CAES:
    cost: 58.5942
    lifetime: 27.5283
    annual_cost: 2.1285077538387767
    efficiency: 0.609169
    discharge_ratio: 0.1
    depth_of_discharge: 0.4
  Li-ion:
    cost: 262.41
    lifetime: 24.7252
    annual_cost: 10.613058741688642
    efficiency: 0.915141
    discharge_ratio: 2
    depth_of_discharge: 0.9
  Pb-acid:
    cost: 130.717
    lifetime: 13.0434
    annual_cost: 10.021696796847449
    efficiency: 0.744616
    discharge_ratio: 5
    depth_of_discharge: 0.5
  VRBF:
    cost: 251.735
    lifetime: 23.1154
    annual_cost: 10.890358808413438
    efficiency: 0.714354
    discharge_ratio: 0.5
    depth_of_discharge: 1.0
