cost_values:
  wind_capex: 5000.0
  wind_opex: 100
  wind_lifetime: 20
  solar_capex: 1000.0
  solar_opex: 10
  solar_lifetime: 20
  carbon_price: 1.0
timeseries_values:
  load_level: 263234.26734779973
  wind_year: 2012
  solar_year: 2010
  price_year: 2023
  carbon_year: 2023
storage_values:
  CAES:
    cost: 49.1343
    lifetime: 26.8074
    annual_cost: 1.8328633138610981
    efficiency: 0.606486
    discharge_ratio: 0.1
    depth_of_discharge: 0.4
  Li-ion:
    cost: 253.569
    lifetime: 22.9374
    annual_cost: 11.05482748698632
    efficiency: 0.915185
    discharge_ratio: 2
    depth_of_discharge: 0.9
  Pb-acid:
    cost: 135.887
    lifetime: 11.8139
    annual_cost: 11.502298140326225
    efficiency: 0.749423
    discharge_ratio: 5
    depth_of_discharge: 0.5
  VRBF:
    cost: 268.225
    lifetime: 22.2771
    annual_cost: 12.040391253798745
    efficiency: 0.731614
    discharge_ratio: 0.5
    depth_of_discharge: 1.0
