cost_values:
  wind_capex: 5000.0
  wind_opex: 100
  wind_lifetime: 20
  solar_capex: 1000.0
  solar_opex: 10
  solar_lifetime: 20
  carbon_price: 1.0
timeseries_values:
  load_level: 263234.26734779973
  wind_year: 2012
  solar_year: 2010
  price_year: 2023
  carbon_year: 2023
storage_values:
  CAES:
    cost: 57.6173
    lifetime: 25.1997
    annual_cost: 2.2864280130319012
    efficiency: 0.599963
    discharge_ratio: 0.1
    depth_of_discharge: 0.4
  Li-ion:
    cost: 254.971
    lifetime: 23.6534
    annual_cost: 10.779465108610179
    efficiency: 0.907916
    discharge_ratio: 2
    depth_of_discharge: 0.9
  Pb-acid:
    cost: 95.2325
    lifetime: 12.4033
    annual_cost: 7.677996984673434
    efficiency: 0.736776
    discharge_ratio: 5
    depth_of_discharge: 0.5
  VRBF:
    cost: 280.113
    lifetime: 20.7431
    annual_cost: 13.503912144279303
    efficiency: 0.724263
    discharge_ratio: 0.5
    depth_of_discharge: 1.0
