cost_values:
  wind_capex: 5000.0
  wind_opex: 100
  wind_lifetime: 20
  solar_capex: 1000.0
  solar_opex: 10
  solar_lifetime: 20
  carbon_price: 1.0
timeseries_values:
  load_level: 263234.26734779973
  wind_year: 2012
  solar_year: 2010
  price_year: 2023
  carbon_year: 2023
storage_values:
  CAES:
    cost: 47.1404
    lifetime: 27.203
    annual_cost: 1.7329118111972945
    efficiency: 0.609035
    discharge_ratio: 0.1
    depth_of_discharge: 0.4
  Li-ion:
    cost: 260.492
    lifetime: 22.7276
    annual_cost: 11.461482954645454
    efficiency: 0.907288
    discharge_ratio: 2
    depth_of_discharge: 0.9
  Pb-acid:
    cost: 112.088
    lifetime: 11.0706
    annual_cost: 10.124835148953082
    efficiency: 0.742919
    discharge_ratio: 5
    depth_of_discharge: 0.5
  VRBF:
    cost: 285.174
    lifetime: 22.2208
    annual_cost: 12.833651353686635
    efficiency: 0.732104
    discharge_ratio: 0.5
    depth_of_discharge: 1.0
