cost_values:
  wind_capex: 5000.0
  wind_opex: 100
  wind_lifetime: 20
  solar_capex: 1000.0
  solar_opex: 10
  solar_lifetime: 20
  carbon_price: 1.0
timeseries_values:
  load_level: 263234.26734779973
  wind_year: 2012
  solar_year: 2010
  price_year: 2023
  carbon_year: 2023
storage_values:
  CAES:
    cost: 51.4386
    lifetime: 27.7248
    annual_cost: 1.8553280817174516
    efficiency: 0.609934
    discharge_ratio: 0.1
    depth_of_discharge: 0.4
  Li-ion:
    cost: 260.481
    lifetime: 24.3707
    annual_cost: 10.688285523189732
    efficiency: 0.923385
    discharge_ratio: 2
    depth_of_discharge: 0.9
  Pb-acid:
    cost: 118.911
    lifetime: 10.9214
    annual_cost: 10.887889830974052
    efficiency: 0.737405
    discharge_ratio: 5
    depth_of_discharge: 0.5
  VRBF:
    cost: 285.797
    lifetime: 24.2877
    annual_cost: 11.767149627177544
    efficiency: 0.717439
    discharge_ratio: 0.5
    depth_of_discharge: 1.0
