cost_values:
  wind_capex: 5000.0
  wind_opex: 100
  wind_lifetime: 20
  solar_capex: 1000.0
  solar_opex: 10
  solar_lifetime: 20
  carbon_price: 1.0
timeseries_values:
  load_level: 263234.26734779973
  wind_year: 2012
  solar_year: 2010
  price_year: 2023
  carbon_year: 2023
storage_values:
  CAES:
    cost: 62.3455
    lifetime: 27.242
    annual_cost: 2.288580133617209
    efficiency: 0.614257
    discharge_ratio: 0.1
    depth_of_discharge: 0.4
  Li-ion:
    cost: 255.766
    lifetime: 24.2837
    annual_cost: 10.532414747340809
    efficiency: 0.925359
    discharge_ratio: 2
    depth_of_discharge: 0.9
  Pb-acid:
    cost: 103.7
    lifetime: 11.7015
    annual_cost: 8.862111695081827
    efficiency: 0.762662
    discharge_ratio: 5
    depth_of_discharge: 0.5
  VRBF:
    cost: 276.805
    lifetime: 21.9786
    annual_cost: 12.5942962700081
    efficiency: 0.745569
    discharge_ratio: 0.5
    depth_of_discharge: 1.0
