cost_values:
  wind_capex: 5000.0
  wind_opex: 100
  wind_lifetime: 20
  solar_capex: 1000.0
  solar_opex: 10
  solar_lifetime: 20
  carbon_price: 1.0
timeseries_values:
  load_level: 263234.26734779973
  wind_year: 2012
  solar_year: 2010
  price_year: 2023
  carbon_year: 2023
storage_values:
  CAES:
    cost: 54.0805
    lifetime: 27.4739
    annual_cost: 1.968431857144417
    efficiency: 0.598731
    discharge_ratio: 0.1
    depth_of_discharge: 0.4
  Li-ion:
    cost: 242.986
    lifetime: 23.3988
    annual_cost: 10.384549635024017
    efficiency: 0.924913
    discharge_ratio: 2
    depth_of_discharge: 0.9
  Pb-acid:
    cost: 128.058
    lifetime: 11.6262
    annual_cost: 11.014604944005779
    efficiency: 0.736979
    discharge_ratio: 5
    depth_of_discharge: 0.5
  VRBF:
    cost: 264.92
    lifetime: 21.9716
    annual_cost: 12.057383167361504
    efficiency: 0.715925
    discharge_ratio: 0.5
    depth_of_discharge: 1.0
