cost_values:
  wind_capex: 5000.0
  wind_opex: 100
  wind_lifetime: 20
  solar_capex: 1000.0
  solar_opex: 10
  solar_lifetime: 20
  carbon_price: 1.0
timeseries_values:
  load_level: 263234.26734779973
  wind_year: 2012
  solar_year: 2010
  price_year: 2023
  carbon_year: 2023
storage_values:
  CAES:
    cost: 47.9308
    lifetime: 27.3025
    annual_cost: 1.7555461954033513
    efficiency: 0.613357
    discharge_ratio: 0.1
    depth_of_discharge: 0.4
  Li-ion:
    cost: 277.039
    lifetime: 23.3299
    annual_cost: 11.874847298959704
    efficiency: 0.905403
    discharge_ratio: 2
    depth_of_discharge: 0.9
  Pb-acid:
    cost: 110.908
    lifetime: 10.3311
    annual_cost: 10.73535247940684
    efficiency: 0.753253
    discharge_ratio: 5
    depth_of_discharge: 0.5
  VRBF:
    cost: 257.581
    lifetime: 23.1191
    annual_cost: 11.141480420950643
    efficiency: 0.693061
    discharge_ratio: 0.5
    depth_of_discharge: 1.0
