cost_values:
  wind_capex: 5000.0
  wind_opex: 100
  wind_lifetime: 20
  solar_capex: 1000.0
  solar_opex: 10
  solar_lifetime: 20
  carbon_price: 1.0
timeseries_values:
  load_level: 263234.26734779973
  wind_year: 2012
  solar_year: 2010
  price_year: 2023
  carbon_year: 2023
storage_values:
  CAES:
    cost: 52.7019
    lifetime: 27.9301
    annual_cost: 1.8869212784773417
    efficiency: 0.611246
    discharge_ratio: 0.1
    depth_of_discharge: 0.4
  Li-ion:
    cost: 262.368
    lifetime: 23.0185
    annual_cost: 11.398136281686469
    efficiency: 0.907803
    discharge_ratio: 2
    depth_of_discharge: 0.9
  Pb-acid:
    cost: 105.98
    lifetime: 12.8018
    annual_cost: 8.278523332656345
    efficiency: 0.750426
    discharge_ratio: 5
    depth_of_discharge: 0.5
  VRBF:
    cost: 276.386
    lifetime: 22.134
    annual_cost: 12.48694316436252
    efficiency: 0.719476
    discharge_ratio: 0.5
    depth_of_discharge: 1.0
