cost_values:
  wind_capex: 5000.0
  wind_opex: 100
  wind_lifetime: 20
  solar_capex: 1000.0
  solar_opex: 10
  solar_lifetime: 20
  carbon_price: 1.0
timeseries_values:
  load_level: 232183.50414871398
  wind_year: 2015
  solar_year: 2015
  price_year: 2023
  carbon_year: 2023
storage_values:
  CAES:
    cost: 34.2466
    lifetime: 26.2291
    annual_cost: 1.3056719445196368
    efficiency: 0.593133
    discharge_ratio: 0.1
    depth_of_discharge: 0.4
  Li-ion:
    cost: 268.967
    lifetime: 14.2997
    annual_cost: 18.809275719071028
    efficiency: 0.903737
    discharge_ratio: 2
    depth_of_discharge: 0.9
  Pb-acid:
    cost: 179.665
    lifetime: 11.8214
    annual_cost: 15.198284467152789
    efficiency: 0.760293
    discharge_ratio: 5
    depth_of_discharge: 0.5
  VRBF:
    cost: 303.81
    lifetime: 21.7672
    annual_cost: 13.957238413760154
    efficiency: 0.790337
    discharge_ratio: 0.5
    depth_of_discharge: 1.0
