cost_values:
  wind_capex: 5000.0
  wind_opex: 100
  wind_lifetime: 20
  solar_capex: 1000.0
  solar_opex: 10
  solar_lifetime: 20
  carbon_price: 1.0
timeseries_values:
  load_level: 232183.50414871398
  wind_year: 2015
  solar_year: 2015
  price_year: 2023
  carbon_year: 2023
storage_values:
  CAES:
    cost: 36.6971
    lifetime: 26.2242
    annual_cost: 1.3993601330069172
    efficiency: 0.602275
    discharge_ratio: 0.1
    depth_of_discharge: 0.4
  Li-ion:
    cost: 268.894
    lifetime: 14.3823
    annual_cost: 18.696175159744964
    efficiency: 0.901517
    discharge_ratio: 2
    depth_of_discharge: 0.9
  Pb-acid:
    cost: 188.315
    lifetime: 12.5865
    annual_cost: 14.961665276288088
    efficiency: 0.787239
    discharge_ratio: 5
    depth_of_discharge: 0.5
  VRBF:
    cost: 264.889
    lifetime: 22.7894
    annual_cost: 11.623342431130263
    efficiency: 0.784484
    discharge_ratio: 0.5
    depth_of_discharge: 1.0
