cost_values:
  wind_capex: 5000.0
  wind_opex: 100
  wind_lifetime: 20
  solar_capex: 1000.0
  solar_opex: 10
  solar_lifetime: 20
  carbon_price: 1.0
timeseries_values:
  load_level: 232183.50414871398
  wind_year: 2015
  solar_year: 2015
  price_year: 2023
  carbon_year: 2023
storage_values:
  CAES:
    cost: 43.8239
    lifetime: 26.1839
    annual_cost: 1.6736964317767788
    efficiency: 0.606141
    discharge_ratio: 0.1
    depth_of_discharge: 0.4
  Li-ion:
    cost: 290.822
    lifetime: 14.8934
    annual_cost: 19.52690453489465
    efficiency: 0.900018
    discharge_ratio: 2
    depth_of_discharge: 0.9
  Pb-acid:
    cost: 170.814
    lifetime: 12.9981
    annual_cost: 13.141459136335309
    efficiency: 0.764999
    discharge_ratio: 5
    depth_of_discharge: 0.5
  VRBF:
    cost: 253.154
    lifetime: 22.913
    annual_cost: 11.048487758041286
    efficiency: 0.778001
    discharge_ratio: 0.5
    depth_of_discharge: 1.0
