cost_values:
  wind_capex: 5000.0
  wind_opex: 100
  wind_lifetime: 20
  solar_capex: 1000.0
  solar_opex: 10
  solar_lifetime: 20
  carbon_price: 1.0
timeseries_values:
  load_level: 232183.50414871398
  wind_year: 2015
  solar_year: 2015
  price_year: 2023
  carbon_year: 2023
storage_values:
  CAES:
    cost: 40.1457
    lifetime: 26.7071
    annual_cost: 1.5031845464314733
    efficiency: 0.605995
    discharge_ratio: 0.1
    depth_of_discharge: 0.4
  Li-ion:
    cost: 277.547
    lifetime: 15.1873
    annual_cost: 18.2749402461267
    efficiency: 0.888301
    discharge_ratio: 2
    depth_of_discharge: 0.9
  Pb-acid:
    cost: 205.043
    lifetime: 13.5059
    annual_cost: 15.181735389718567
    efficiency: 0.774615
    discharge_ratio: 5
    depth_of_discharge: 0.5
  VRBF:
    cost: 294.088
    lifetime: 22.2795
    annual_cost: 13.199937161965037
    efficiency: 0.782622
    discharge_ratio: 0.5
    depth_of_discharge: 1.0
