cost_values:
  wind_capex: 5000.0
  wind_opex: 100
  wind_lifetime: 20
  solar_capex: 1000.0
  solar_opex: 10
  solar_lifetime: 20
  carbon_price: 1.0
timeseries_values:
  load_level: 232183.50414871398
  wind_year: 2015
  solar_year: 2015
  price_year: 2023
  carbon_year: 2023
storage_values:
  CAES:
    cost: 38.6968
    lifetime: 26.932
    annual_cost: 1.4368335066092384
    efficiency: 0.595237
    discharge_ratio: 0.1
    depth_of_discharge: 0.4
  Li-ion:
    cost: 281.477
    lifetime: 13.8182
    annual_cost: 20.37001924997467
    efficiency: 0.904911
    discharge_ratio: 2
    depth_of_discharge: 0.9
  Pb-acid:
    cost: 190.408
    lifetime: 12.7605
    annual_cost: 14.921672348262215
    efficiency: 0.777296
    discharge_ratio: 5
    depth_of_discharge: 0.5
  VRBF:
    cost: 291.564
    lifetime: 20.7552
    annual_cost: 14.047756706753008
    efficiency: 0.795453
    discharge_ratio: 0.5
    depth_of_discharge: 1.0
