cost_values:
  wind_capex: 5000.0
  wind_opex: 100
  wind_lifetime: 20
  solar_capex: 1000.0
  solar_opex: 10
  solar_lifetime: 20
  carbon_price: 1.0
timeseries_values:
  load_level: 232183.50414871398
  wind_year: 2015
  solar_year: 2015
  price_year: 2023
  carbon_year: 2023
storage_values:
  CAES:
    cost: 44.386
    lifetime: 26.1301
    annual_cost: 1.698654042655788
    efficiency: 0.587416
    discharge_ratio: 0.1
    depth_of_discharge: 0.4
  Li-ion:
    cost: 273.29
    lifetime: 14.8315
    annual_cost: 18.426322354448303
    efficiency: 0.908362
    discharge_ratio: 2
    depth_of_discharge: 0.9
  Pb-acid:
    cost: 171.439
    lifetime: 11.3836
    annual_cost: 15.06017428581468
    efficiency: 0.757183
    discharge_ratio: 5
    depth_of_discharge: 0.5
  VRBF:
    cost: 289.252
    lifetime: 22.641
    annual_cost: 12.775584117309307
    efficiency: 0.765361
    discharge_ratio: 0.5
    depth_of_discharge: 1.0
