cost_values:
  wind_capex: 5000.0
  wind_opex: 100
  wind_lifetime: 20
  solar_capex: 1000.0
  solar_opex: 10
  solar_lifetime: 20
  carbon_price: 1.0
timeseries_values:
  load_level: 232183.50414871398
  wind_year: 2015
  solar_year: 2015
  price_year: 2023
  carbon_year: 2023
storage_values:
  CAES:
    cost: 41.8807
    lifetime: 26.1576
    annual_cost: 1.6010910786922348
    efficiency: 0.601825
    discharge_ratio: 0.1
    depth_of_discharge: 0.4
  Li-ion:
    cost: 276.551
    lifetime: 15.9251
    annual_cost: 17.365730827435932
    efficiency: 0.921576
    discharge_ratio: 2
    depth_of_discharge: 0.9
  Pb-acid:
    cost: 164.034
    lifetime: 12.122
    annual_cost: 13.531925424847385
    efficiency: 0.767543
    discharge_ratio: 5
    depth_of_discharge: 0.5
  VRBF:
    cost: 298.91
    lifetime: 22.6524
    annual_cost: 13.195511292401688
    efficiency: 0.786665
    discharge_ratio: 0.5
    depth_of_discharge: 1.0
