cost_values:
  wind_capex: 5000.0
  wind_opex: 100
  wind_lifetime: 20
  solar_capex: 1000.0
  solar_opex: 10
  solar_lifetime: 20
  carbon_price: 1.0
timeseries_values:
  load_level: 232183.50414871398
  wind_year: 2015
  solar_year: 2015
  price_year: 2023
  carbon_year: 2023
storage_values:
  CAES:
    cost: 34.453
    lifetime: 26.1964
    annual_cost: 1.3151807118535372
    efficiency: 0.596376
    discharge_ratio: 0.1
    depth_of_discharge: 0.4
  Li-ion:
    cost: 291.99
    lifetime: 15.0898
    annual_cost: 19.350157059735714
    efficiency: 0.906783
    discharge_ratio: 2
    depth_of_discharge: 0.9
  Pb-acid:
    cost: 147.939
    lifetime: 13.2777
    annual_cost: 11.14191463883052
    efficiency: 0.768036
    discharge_ratio: 5
    depth_of_discharge: 0.5
  VRBF:
    cost: 293.901
    lifetime: 22.5659
    annual_cost: 13.024120464949327
    efficiency: 0.785624
    discharge_ratio: 0.5
    depth_of_discharge: 1.0
