cost_values:
  wind_capex: 5000.0
  wind_opex: 100
  wind_lifetime: 20
  solar_capex: 1000.0
  solar_opex: 10
  solar_lifetime: 20
  carbon_price: 1.0
timeseries_values:
  load_level: 232183.50414871398
  wind_year: 2015
  solar_year: 2015
  price_year: 2023
  carbon_year: 2023
storage_values:
  CAES:
    cost: 36.8687
    lifetime: 26.4176
    annual_cost: 1.3956112591605594
    efficiency: 0.59865
    discharge_ratio: 0.1
    depth_of_discharge: 0.4
  Li-ion:
    cost: 273.214
    lifetime: 15.6885
    annual_cost: 17.414921757975588
    efficiency: 0.907803
    discharge_ratio: 2
    depth_of_discharge: 0.9
  Pb-acid:
    cost: 178.772
    lifetime: 10.6753
    annual_cost: 16.746320946483937
    efficiency: 0.766764
    discharge_ratio: 5
    depth_of_discharge: 0.5
  VRBF:
    cost: 311.905
    lifetime: 20.8159
    annual_cost: 14.983978593286862
    efficiency: 0.790755
    discharge_ratio: 0.5
    depth_of_discharge: 1.0
