cost_values:
  wind_capex: 5000.0
  wind_opex: 100
  wind_lifetime: 20
  solar_capex: 1000.0
  solar_opex: 10
  solar_lifetime: 20
  carbon_price: 1.0
timeseries_values:
  load_level: 232183.50414871398
  wind_year: 2015
  solar_year: 2015
  price_year: 2023
  carbon_year: 2023
storage_values:
  CAES:
    cost: 32.538
    lifetime: 26.4122
    annual_cost: 1.231930698692271
    efficiency: 0.597663
    discharge_ratio: 0.1
    depth_of_discharge: 0.4
  Li-ion:
    cost: 292.629
    lifetime: 15.7387
    annual_cost: 18.592958757711884
    efficiency: 0.914819
    discharge_ratio: 2
    depth_of_discharge: 0.9
  Pb-acid:
    cost: 172.286
    lifetime: 12.2573
    annual_cost: 14.055787163567832
    efficiency: 0.77246
    discharge_ratio: 5
    depth_of_discharge: 0.5
  VRBF:
    cost: 274.828
    lifetime: 22.5593
    annual_cost: 12.182470200759774
    efficiency: 0.782206
    discharge_ratio: 0.5
    depth_of_discharge: 1.0
