cost_values:
  wind_capex: 5000.0
  wind_opex: 100
  wind_lifetime: 20
  solar_capex: 1000.0
  solar_opex: 10
  solar_lifetime: 20
  carbon_price: 1.0
timeseries_values:
  load_level: 232183.50414871398
  wind_year: 2015
  solar_year: 2015
  price_year: 2023
  carbon_year: 2023
storage_values:
  CAES:
    cost: 40.0144
    lifetime: 25.1392
    annual_cost: 1.5917133401221997
    efficiency: 0.593616
    discharge_ratio: 0.1
    depth_of_discharge: 0.4
  Li-ion:
    cost: 296.075
    lifetime: 14.3855
    annual_cost: 20.581488304195194
    efficiency: 0.901811
    discharge_ratio: 2
    depth_of_discharge: 0.9
  Pb-acid:
    cost: 169.937
    lifetime: 12.6568
    annual_cost: 13.426537513431516
    efficiency: 0.77257
    discharge_ratio: 5
    depth_of_discharge: 0.5
  VRBF:
    cost: 287.861
    lifetime: 21.2605
    annual_cost: 13.53970979045648
    efficiency: 0.802105
    discharge_ratio: 0.5
    depth_of_discharge: 1.0
