cost_values:
  wind_capex: 5000.0
  wind_opex: 100
  wind_lifetime: 20
  solar_capex: 1000.0
  solar_opex: 10
  solar_lifetime: 20
  carbon_price: 1.0
timeseries_values:
  load_level: 232183.50414871398
  wind_year: 2015
  solar_year: 2015
  price_year: 2023
  carbon_year: 2023
storage_values:
  CAES:
    cost: 42.8839
    lifetime: 27.2028
    annual_cost: 1.5764516887967415
    efficiency: 0.604471
    discharge_ratio: 0.1
    depth_of_discharge: 0.4
  Li-ion:
    cost: 282.497
    lifetime: 13.7192
    annual_cost: 20.591361012303924
    efficiency: 0.907066
    discharge_ratio: 2
    depth_of_discharge: 0.9
  Pb-acid:
    cost: 175.634
    lifetime: 13.7319
    annual_cost: 12.790218396580226
    efficiency: 0.768348
    discharge_ratio: 5
    depth_of_discharge: 0.5
  VRBF:
    cost: 277.425
    lifetime: 23.0456
    annual_cost: 12.038089700420038
    efficiency: 0.773073
    discharge_ratio: 0.5
    depth_of_discharge: 1.0
