cost_values:
  wind_capex: 5000.0
  wind_opex: 100
  wind_lifetime: 20
  solar_capex: 1000.0
  solar_opex: 10
  solar_lifetime: 20
  carbon_price: 1.0
timeseries_values:
  load_level: 232183.50414871398
  wind_year: 2015
  solar_year: 2015
  price_year: 2023
  carbon_year: 2023
storage_values:
  CAES:
    cost: 31.7936
    lifetime: 25.9021
    annual_cost: 1.22745260036831
    efficiency: 0.598012
    discharge_ratio: 0.1
    depth_of_discharge: 0.4
  Li-ion:
    cost: 285.447
    lifetime: 15.3203
    annual_cost: 18.631945849624355
    efficiency: 0.891357
    discharge_ratio: 2
    depth_of_discharge: 0.9
  Pb-acid:
    cost: 182.883
    lifetime: 11.4859
    annual_cost: 15.922391802122602
    efficiency: 0.774417
    discharge_ratio: 5
    depth_of_discharge: 0.5
  VRBF:
    cost: 280.664
    lifetime: 20.6517
    annual_cost: 13.590358178745573
    efficiency: 0.784481
    discharge_ratio: 0.5
    depth_of_discharge: 1.0
