cost_values:
  wind_capex: 5000.0
  wind_opex: 100
  wind_lifetime: 20
  solar_capex: 1000.0
  solar_opex: 10
  solar_lifetime: 20
  carbon_price: 1.0
timeseries_values:
  load_level: 232183.50414871398
  wind_year: 2015
  solar_year: 2015
  price_year: 2023
  carbon_year: 2023
storage_values:
  CAES:
    cost: 41.8001
    lifetime: 25.7035
    annual_cost: 1.626241562433132
    efficiency: 0.598165
    discharge_ratio: 0.1
    depth_of_discharge: 0.4
  Li-ion:
    cost: 269.546
    lifetime: 13.0753
    annual_cost: 20.61489984933424
    efficiency: 0.905876
    discharge_ratio: 2
    depth_of_discharge: 0.9
  Pb-acid:
    cost: 171.304
    lifetime: 13.2494
    annual_cost: 12.929189246305494
    efficiency: 0.778785
    discharge_ratio: 5
    depth_of_discharge: 0.5
  VRBF:
    cost: 276.648
    lifetime: 23.2852
    annual_cost: 11.880851356226273
    efficiency: 0.794109
    discharge_ratio: 0.5
    depth_of_discharge: 1.0
