cost_values:
  wind_capex: 5000.0
  wind_opex: 100
  wind_lifetime: 20
  solar_capex: 1000.0
  solar_opex: 10
  solar_lifetime: 20
  carbon_price: 1.0
timeseries_values:
  load_level: 232183.50414871398
  wind_year: 2015
  solar_year: 2015
  price_year: 2023
  carbon_year: 2023
storage_values:
  CAES:
    cost: 39.5838
    lifetime: 24.5965
    annual_cost: 1.6093265301973858
    efficiency: 0.599712
    discharge_ratio: 0.1
    depth_of_discharge: 0.4
  Li-ion:
    cost: 284.126
    lifetime: 15.3634
    annual_cost: 18.493692802374472
    efficiency: 0.913649
    discharge_ratio: 2
    depth_of_discharge: 0.9
  Pb-acid:
    cost: 178.097
    lifetime: 11.7293
    annual_cost: 15.183941070652129
    efficiency: 0.774596
    discharge_ratio: 5
    depth_of_discharge: 0.5
  VRBF:
    cost: 318.645
    lifetime: 19.2125
    annual_cost: 16.585296031229667
    efficiency: 0.784388
    discharge_ratio: 0.5
    depth_of_discharge: 1.0
