cost_values:
  wind_capex: 5000.0
  wind_opex: 100
  wind_lifetime: 20
  solar_capex: 1000.0
  solar_opex: 10
  solar_lifetime: 20
  carbon_price: 1.0
timeseries_values:
  load_level: 232183.50414871398
  wind_year: 2015
  solar_year: 2015
  price_year: 2023
  carbon_year: 2023
storage_values:
  CAES:
    cost: 37.9846
    lifetime: 26.4883
    annual_cost: 1.434014262900979
    efficiency: 0.597116
    discharge_ratio: 0.1
    depth_of_discharge: 0.4
  Li-ion:
    cost: 274.62
    lifetime: 14.8672
    annual_cost: 18.471534653465348
    efficiency: 0.909915
    discharge_ratio: 2
    depth_of_discharge: 0.9
  Pb-acid:
    cost: 177.501
    lifetime: 11.5828
    annual_cost: 15.32453292813482
    efficiency: 0.787121
    discharge_ratio: 5
    depth_of_discharge: 0.5
  VRBF:
    cost: 305.257
    lifetime: 21.719
    annual_cost: 14.05483677885722
    efficiency: 0.803763
    discharge_ratio: 0.5
    depth_of_discharge: 1.0
