cost_values:
  wind_capex: 5000.0
  wind_opex: 100
  wind_lifetime: 20
  solar_capex: 1000.0
  solar_opex: 10
  solar_lifetime: 20
  carbon_price: 1.0
timeseries_values:
  load_level: 232183.50414871398
  wind_year: 2015
  solar_year: 2015
  price_year: 2023
  carbon_year: 2023
storage_values:
  CAES:
    cost: 36.9276
    lifetime: 25.1405
    annual_cost: 1.4688490682365107
    efficiency: 0.598158
    discharge_ratio: 0.1
    depth_of_discharge: 0.4
  Li-ion:
    cost: 279.574
    lifetime: 15.0162
    annual_cost: 18.61815905488739
    efficiency: 0.916446
    discharge_ratio: 2
    depth_of_discharge: 0.9
  Pb-acid:
    cost: 169.463
    lifetime: 11.479
    annual_cost: 14.76287133025525
    efficiency: 0.774891
    discharge_ratio: 5
    depth_of_discharge: 0.5
  VRBF:
    cost: 280.466
    lifetime: 22.1182
    annual_cost: 12.680326608856054
    efficiency: 0.777322
    discharge_ratio: 0.5
    depth_of_discharge: 1.0
