cost_values:
  wind_capex: 5000.0
  wind_opex: 100
  wind_lifetime: 20
  solar_capex: 1000.0
  solar_opex: 10
  solar_lifetime: 20
  carbon_price: 1.0
timeseries_values:
  load_level: 232183.50414871398
  wind_year: 2015
  solar_year: 2015
  price_year: 2023
  carbon_year: 2023
storage_values:
  CAES:
    cost: 42.886
    lifetime: 26.5598
    annual_cost: 1.6146958937943812
    efficiency: 0.609874
    discharge_ratio: 0.1
    depth_of_discharge: 0.4
  Li-ion:
    cost: 272.293
    lifetime: 13.3666
    annual_cost: 20.3711489832867
    efficiency: 0.898598
    discharge_ratio: 2
    depth_of_discharge: 0.9
  Pb-acid:
    cost: 194.545
    lifetime: 12.7364
    annual_cost: 15.274724411921735
    efficiency: 0.75885
    discharge_ratio: 5
    depth_of_discharge: 0.5
  VRBF:
    cost: 319.197
    lifetime: 22.0515
    annual_cost: 14.475069723148085
    efficiency: 0.784757
    discharge_ratio: 0.5
    depth_of_discharge: 1.0
