cost_values:
  wind_capex: 5000.0
  wind_opex: 100
  wind_lifetime: 20
  solar_capex: 1000.0
  solar_opex: 10
  solar_lifetime: 20
  carbon_price: 1.0
timeseries_values:
  load_level: 232183.50414871398
  wind_year: 2015
  solar_year: 2015
  price_year: 2023
  carbon_year: 2023
storage_values:
  CAES:
    cost: 34.5015
    lifetime: 26.443
    annual_cost: 1.3047498392769352
    efficiency: 0.604567
    discharge_ratio: 0.1
    depth_of_discharge: 0.4
  Li-ion:
    cost: 262.927
    lifetime: 16.0883
    annual_cost: 16.342745970674343
    efficiency: 0.904906
    discharge_ratio: 2
    depth_of_discharge: 0.9
  Pb-acid:
    cost: 186.216
    lifetime: 11.0256
    annual_cost: 16.889420983892034
    efficiency: 0.783205
    discharge_ratio: 5
    depth_of_discharge: 0.5
  VRBF:
    cost: 281.598
    lifetime: 19.74
    annual_cost: 14.26534954407295
    efficiency: 0.815268
    discharge_ratio: 0.5
    depth_of_discharge: 1.0
