cost_values:
  wind_capex: 5000.0
  wind_opex: 100
  wind_lifetime: 20
  solar_capex: 1000.0
  solar_opex: 10
  solar_lifetime: 20
  carbon_price: 1.0
timeseries_values:
  load_level: 232183.50414871398
  wind_year: 2015
  solar_year: 2015
  price_year: 2023
  carbon_year: 2023
storage_values:
  CAES:
    cost: 42.0464
    lifetime: 26.736
    annual_cost: 1.5726511071214841
    efficiency: 0.593674
    discharge_ratio: 0.1
    depth_of_discharge: 0.4
  Li-ion:
    cost: 275.796
    lifetime: 15.2044
    annual_cost: 18.139222856541526
    efficiency: 0.890258
    discharge_ratio: 2
    depth_of_discharge: 0.9
  Pb-acid:
    cost: 173.592
    lifetime: 11.6463
    annual_cost: 14.905334741505888
    efficiency: 0.76645
    discharge_ratio: 5
    depth_of_discharge: 0.5
  VRBF:
    cost: 312.658
    lifetime: 21.8317
    annual_cost: 14.321285103771121
    efficiency: 0.792045
    discharge_ratio: 0.5
    depth_of_discharge: 1.0
