cost_values:
  wind_capex: 5000.0
  wind_opex: 100
  wind_lifetime: 20
  solar_capex: 1000.0
  solar_opex: 10
  solar_lifetime: 20
  carbon_price: 1.0
timeseries_values:
  load_level: 232183.50414871398
  wind_year: 2015
  solar_year: 2015
  price_year: 2023
  carbon_year: 2023
storage_values:
  CAES:
    cost: 35.5766
    lifetime: 26.4152
    annual_cost: 1.3468230412792634
    efficiency: 0.596116
    discharge_ratio: 0.1
    depth_of_discharge: 0.4
  Li-ion:
    cost: 279.157
    lifetime: 16.1747
    annual_cost: 17.258867243287355
    efficiency: 0.910785
    discharge_ratio: 2
    depth_of_discharge: 0.9
  Pb-acid:
    cost: 192.626
    lifetime: 12.0634
    annual_cost: 15.967803438499926
    efficiency: 0.769178
    discharge_ratio: 5
    depth_of_discharge: 0.5
  VRBF:
    cost: 280.053
    lifetime: 21.057
    annual_cost: 13.299757800256447
    efficiency: 0.801559
    discharge_ratio: 0.5
    depth_of_discharge: 1.0
