cost_values:
  wind_capex: 5000.0
  wind_opex: 100
  wind_lifetime: 20
  solar_capex: 1000.0
  solar_opex: 10
  solar_lifetime: 20
  carbon_price: 1.0
timeseries_values:
  load_level: 232183.50414871398
  wind_year: 2015
  solar_year: 2015
  price_year: 2023
  carbon_year: 2023
storage_values:
  CAES:
    cost: 30.5473
    lifetime: 26.6612
    annual_cost: 1.1457586305192564
    efficiency: 0.604562
    discharge_ratio: 0.1
    depth_of_discharge: 0.4
  Li-ion:
    cost: 290.478
    lifetime: 16.5052
    annual_cost: 17.599180864212492
    efficiency: 0.908288
    discharge_ratio: 2
    depth_of_discharge: 0.9
  Pb-acid:
    cost: 196.641
    lifetime: 13.1689
    annual_cost: 14.932226685600163
    efficiency: 0.764729
    discharge_ratio: 5
    depth_of_discharge: 0.5
  VRBF:
    cost: 319.426
    lifetime: 22.2611
    annual_cost: 14.349066308493292
    efficiency: 0.799881
    discharge_ratio: 0.5
    depth_of_discharge: 1.0
