cost_values:
  wind_capex: 5000.0
  wind_opex: 100
  wind_lifetime: 20
  solar_capex: 1000.0
  solar_opex: 10
  solar_lifetime: 20
  carbon_price: 1.0
timeseries_values:
  load_level: 232183.50414871398
  wind_year: 2015
  solar_year: 2015
  price_year: 2023
  carbon_year: 2023
storage_values:
  CAES:
    cost: 35.9901
    lifetime: 26.621
    annual_cost: 1.3519439540212614
    efficiency: 0.588026
    discharge_ratio: 0.1
    depth_of_discharge: 0.4
  Li-ion:
    cost: 285.568
    lifetime: 15.6798
    annual_cost: 18.212477199964283
    efficiency: 0.901377
    discharge_ratio: 2
    depth_of_discharge: 0.9
  Pb-acid:
    cost: 171.286
    lifetime: 11.1446
    annual_cost: 15.369416578432604
    efficiency: 0.780388
    discharge_ratio: 5
    depth_of_discharge: 0.5
  VRBF:
    cost: 326.265
    lifetime: 22.7848
    annual_cost: 14.319414697517642
    efficiency: 0.781661
    discharge_ratio: 0.5
    depth_of_discharge: 1.0
