cost_values:
  wind_capex: 5000.0
  wind_opex: 100
  wind_lifetime: 20
  solar_capex: 1000.0
  solar_opex: 10
  solar_lifetime: 20
  carbon_price: 1.0
timeseries_values:
  load_level: 232183.50414871398
  wind_year: 2015
  solar_year: 2015
  price_year: 2023
  carbon_year: 2023
storage_values:
  CAES:
    cost: 38.9548
    lifetime: 26.2616
    annual_cost: 1.4833368873183659
    efficiency: 0.591877
    discharge_ratio: 0.1
    depth_of_discharge: 0.4
  Li-ion:
    cost: 280.078
    lifetime: 15.6087
    annual_cost: 17.94371087918917
    efficiency: 0.903776
    discharge_ratio: 2
    depth_of_discharge: 0.9
  Pb-acid:
    cost: 158.268
    lifetime: 11.281
    annual_cost: 14.029607304316993
    efficiency: 0.762711
    discharge_ratio: 5
    depth_of_discharge: 0.5
  VRBF:
    cost: 259.887
    lifetime: 24.1506
    annual_cost: 10.761099103127872
    efficiency: 0.803597
    discharge_ratio: 0.5
    depth_of_discharge: 1.0
