cost_values:
  wind_capex: 5000.0
  wind_opex: 100
  wind_lifetime: 20
  solar_capex: 1000.0
  solar_opex: 10
  solar_lifetime: 20
  carbon_price: 1.0
timeseries_values:
  load_level: 232183.50414871398
  wind_year: 2015
  solar_year: 2015
  price_year: 2023
  carbon_year: 2023
storage_values:
  CAES:
    cost: 36.9756
    lifetime: 26.2619
    annual_cost: 1.407956012322033
    efficiency: 0.607087
    discharge_ratio: 0.1
    depth_of_discharge: 0.4
  Li-ion:
    cost: 290.441
    lifetime: 14.5187
    annual_cost: 20.004614738234135
    efficiency: 0.919912
    discharge_ratio: 2
    depth_of_discharge: 0.9
  Pb-acid:
    cost: 161.462
    lifetime: 13.0387
    annual_cost: 12.383289745143303
    efficiency: 0.777063
    discharge_ratio: 5
    depth_of_discharge: 0.5
  VRBF:
    cost: 333.629
    lifetime: 21.2888
    annual_cost: 15.671573785276767
    efficiency: 0.791967
    discharge_ratio: 0.5
    depth_of_discharge: 1.0
