cost_values:
  wind_capex: 5000.0
  wind_opex: 100
  wind_lifetime: 20
  solar_capex: 1000.0
  solar_opex: 10
  solar_lifetime: 20
  carbon_price: 1.0
timeseries_values:
  load_level: 232183.50414871398
  wind_year: 2015
  solar_year: 2015
  price_year: 2023
  carbon_year: 2023
storage_values:
  CAES:
    cost: 41.6749
    lifetime: 26.993
    annual_cost: 1.5439150890971736
    efficiency: 0.594094
    discharge_ratio: 0.1
    depth_of_discharge: 0.4
  Li-ion:
    cost: 276.935
    lifetime: 15.2836
    annual_cost: 18.11974927373132
    efficiency: 0.900814
    discharge_ratio: 2
    depth_of_discharge: 0.9
  Pb-acid:
    cost: 176.412
    lifetime: 13.9285
    annual_cost: 12.665541874573716
    efficiency: 0.754718
    discharge_ratio: 5
    depth_of_discharge: 0.5
  VRBF:
    cost: 281.269
    lifetime: 21.9088
    annual_cost: 12.83817461476667
    efficiency: 0.787956
    discharge_ratio: 0.5
    depth_of_discharge: 1.0
