cost_values:
  wind_capex: 5000.0
  wind_opex: 100
  wind_lifetime: 20
  solar_capex: 1000.0
  solar_opex: 10
  solar_lifetime: 20
  carbon_price: 1.0
timeseries_values:
  load_level: 232183.50414871398
  wind_year: 2015
  solar_year: 2015
  price_year: 2023
  carbon_year: 2023
storage_values:
  CAES:
    cost: 44.2324
    lifetime: 25.1782
    annual_cost: 1.7567737169456117
    efficiency: 0.598221
    discharge_ratio: 0.1
    depth_of_discharge: 0.4
  Li-ion:
    cost: 279.97
    lifetime: 14.6845
    annual_cost: 19.065681500902315
    efficiency: 0.90409
    discharge_ratio: 2
    depth_of_discharge: 0.9
  Pb-acid:
    cost: 179.261
    lifetime: 12.2535
    annual_cost: 14.629371200065286
    efficiency: 0.752831
    discharge_ratio: 5
    depth_of_discharge: 0.5
  VRBF:
    cost: 299.577
    lifetime: 21.2515
    annual_cost: 14.09674611203915
    efficiency: 0.792553
    discharge_ratio: 0.5
    depth_of_discharge: 1.0
