cost_values:
  wind_capex: 5000.0
  wind_opex: 100
  wind_lifetime: 20
  solar_capex: 1000.0
  solar_opex: 10
  solar_lifetime: 20
  carbon_price: 1.0
timeseries_values:
  load_level: 232183.50414871398
  wind_year: 2015
  solar_year: 2015
  price_year: 2023
  carbon_year: 2023
storage_values:
  CAES:
    cost: 37.6124
    lifetime: 25.8201
    annual_cost: 1.4567100824551416
    efficiency: 0.596843
    discharge_ratio: 0.1
    depth_of_discharge: 0.4
  Li-ion:
    cost: 295.572
    lifetime: 16.106
    annual_cost: 18.35167018502421
    efficiency: 0.890785
    discharge_ratio: 2
    depth_of_discharge: 0.9
  Pb-acid:
    cost: 177.615
    lifetime: 11.6986
    annual_cost: 15.18258595045561
    efficiency: 0.762322
    discharge_ratio: 5
    depth_of_discharge: 0.5
  VRBF:
    cost: 300.713
    lifetime: 21.4396
    annual_cost: 14.026054590570721
    efficiency: 0.781409
    discharge_ratio: 0.5
    depth_of_discharge: 1.0
