cost_values:
  wind_capex: 5000.0
  wind_opex: 100
  wind_lifetime: 20
  solar_capex: 1000.0
  solar_opex: 10
  solar_lifetime: 20
  carbon_price: 1.0
timeseries_values:
  load_level: 232183.50414871398
  wind_year: 2015
  solar_year: 2015
  price_year: 2023
  carbon_year: 2023
storage_values:
  CAES:
    cost: 44.1123
    lifetime: 26.058
    annual_cost: 1.69285056412618
    efficiency: 0.595767
    discharge_ratio: 0.1
    depth_of_discharge: 0.4
  Li-ion:
    cost: 281.531
    lifetime: 16.6637
    annual_cost: 16.894867286376975
    efficiency: 0.908291
    discharge_ratio: 2
    depth_of_discharge: 0.9
  Pb-acid:
    cost: 152.288
    lifetime: 11.0319
    annual_cost: 13.804331076242534
    efficiency: 0.797188
    discharge_ratio: 5
    depth_of_discharge: 0.5
  VRBF:
    cost: 280.868
    lifetime: 23.1006
    annual_cost: 12.158472074318416
    efficiency: 0.769819
    discharge_ratio: 0.5
    depth_of_discharge: 1.0
