cost_values:
  wind_capex: 5000.0
  wind_opex: 100
  wind_lifetime: 20
  solar_capex: 1000.0
  solar_opex: 10
  solar_lifetime: 20
  carbon_price: 1.0
timeseries_values:
  load_level: 232183.50414871398
  wind_year: 2015
  solar_year: 2015
  price_year: 2023
  carbon_year: 2023
storage_values:
  CAES:
    cost: 43.0247
    lifetime: 26.3991
    annual_cost: 1.6297790454977632
    efficiency: 0.594444
    discharge_ratio: 0.1
    depth_of_discharge: 0.4
  Li-ion:
    cost: 296.865
    lifetime: 13.8458
    annual_cost: 21.440797931502694
    efficiency: 0.907986
    discharge_ratio: 2
    depth_of_discharge: 0.9
  Pb-acid:
    cost: 209.931
    lifetime: 12.0284
    annual_cost: 17.452944697549135
    efficiency: 0.764249
    discharge_ratio: 5
    depth_of_discharge: 0.5
  VRBF:
    cost: 269.751
    lifetime: 22.1347
    annual_cost: 12.186792682981924
    efficiency: 0.782851
    discharge_ratio: 0.5
    depth_of_discharge: 1.0
