cost_values:
  wind_capex: 5000.0
  wind_opex: 100
  wind_lifetime: 20
  solar_capex: 1000.0
  solar_opex: 10
  solar_lifetime: 20
  carbon_price: 1.0
timeseries_values:
  load_level: 232183.50414871398
  wind_year: 2015
  solar_year: 2015
  price_year: 2023
  carbon_year: 2023
storage_values:
  CAES:
    cost: 35.7797
    lifetime: 27.2427
    annual_cost: 1.3133683518887629
    efficiency: 0.598504
    discharge_ratio: 0.1
    depth_of_discharge: 0.4
  Li-ion:
    cost: 295.222
    lifetime: 16.9048
    annual_cost: 17.463797264682217
    efficiency: 0.894637
    discharge_ratio: 2
    depth_of_discharge: 0.9
  Pb-acid:
    cost: 149.494
    lifetime: 12.2688
    annual_cost: 12.184891757955137
    efficiency: 0.758804
    discharge_ratio: 5
    depth_of_discharge: 0.5
  VRBF:
    cost: 296.957
    lifetime: 22.4653
    annual_cost: 13.218474714337223
    efficiency: 0.786274
    discharge_ratio: 0.5
    depth_of_discharge: 1.0
