cost_values:
  wind_capex: 5000.0
  wind_opex: 100
  wind_lifetime: 20
  solar_capex: 1000.0
  solar_opex: 10
  solar_lifetime: 20
  carbon_price: 1.0
timeseries_values:
  load_level: 232183.50414871398
  wind_year: 2015
  solar_year: 2015
  price_year: 2023
  carbon_year: 2023
storage_values:
  CAES:
    cost: 38.8363
    lifetime: 26.3861
    annual_cost: 1.4718469194007453
    efficiency: 0.607373
    discharge_ratio: 0.1
    depth_of_discharge: 0.4
  Li-ion:
    cost: 277.883
    lifetime: 15.3349
    annual_cost: 18.12095285916439
    efficiency: 0.898539
    discharge_ratio: 2
    depth_of_discharge: 0.9
  Pb-acid:
    cost: 164.456
    lifetime: 12.7982
    annual_cost: 12.84993202169055
    efficiency: 0.777849
    discharge_ratio: 5
    depth_of_discharge: 0.5
  VRBF:
    cost: 305.744
    lifetime: 22.252
    annual_cost: 13.740068308466657
    efficiency: 0.794798
    discharge_ratio: 0.5
    depth_of_discharge: 1.0
