cost_values:
  wind_capex: 5000.0
  wind_opex: 100
  wind_lifetime: 20
  solar_capex: 1000.0
  solar_opex: 10
  solar_lifetime: 20
  carbon_price: 1.0
timeseries_values:
  load_level: 232183.50414871398
  wind_year: 2015
  solar_year: 2015
  price_year: 2023
  carbon_year: 2023
storage_values:
  CAES:
    cost: 34.1762
    lifetime: 26.1294
    annual_cost: 1.3079596163708314
    efficiency: 0.608751
    discharge_ratio: 0.1
    depth_of_discharge: 0.4
  Li-ion:
    cost: 294.029
    lifetime: 14.9225
    annual_cost: 19.703735969174065
    efficiency: 0.908729
    discharge_ratio: 2
    depth_of_discharge: 0.9
  Pb-acid:
    cost: 172.965
    lifetime: 11.7612
    annual_cost: 14.706407509437811
    efficiency: 0.781219
    discharge_ratio: 5
    depth_of_discharge: 0.5
  VRBF:
    cost: 287.29
    lifetime: 19.7878
    annual_cost: 14.518541727731229
    efficiency: 0.789195
    discharge_ratio: 0.5
    depth_of_discharge: 1.0
