cost_values:
  wind_capex: 5000.0
  wind_opex: 100
  wind_lifetime: 20
  solar_capex: 1000.0
  solar_opex: 10
  solar_lifetime: 20
  carbon_price: 1.0
timeseries_values:
  load_level: 232183.50414871398
  wind_year: 2015
  solar_year: 2015
  price_year: 2023
  carbon_year: 2023
storage_values:
  CAES:
    cost: 45.409
    lifetime: 26.1249
    annual_cost: 1.7381501938763402
    efficiency: 0.610219
    discharge_ratio: 0.1
    depth_of_discharge: 0.4
  Li-ion:
    cost: 288.215
    lifetime: 17.1173
    annual_cost: 16.837643787279536
    efficiency: 0.90699
    discharge_ratio: 2
    depth_of_discharge: 0.9
  Pb-acid:
    cost: 198.977
    lifetime: 11.5944
    annual_cost: 17.161474504933416
    efficiency: 0.775814
    discharge_ratio: 5
    depth_of_discharge: 0.5
  VRBF:
    cost: 288.306
    lifetime: 22.0005
    annual_cost: 13.104520351810185
    efficiency: 0.768423
    discharge_ratio: 0.5
    depth_of_discharge: 1.0
