cost_values:
  wind_capex: 5000.0
  wind_opex: 100
  wind_lifetime: 20
  solar_capex: 1000.0
  solar_opex: 10
  solar_lifetime: 20
  carbon_price: 1.0
timeseries_values:
  load_level: 232183.50414871398
  wind_year: 2015
  solar_year: 2015
  price_year: 2023
  carbon_year: 2023
storage_values:
  CAES:
    cost: 32.899
    lifetime: 26.121
    annual_cost: 1.2594847057922745
    efficiency: 0.597055
    discharge_ratio: 0.1
    depth_of_discharge: 0.4
  Li-ion:
    cost: 295.516
    lifetime: 15.1869
    annual_cost: 19.458612356702158
    efficiency: 0.891093
    discharge_ratio: 2
    depth_of_discharge: 0.9
  Pb-acid:
    cost: 165.7
    lifetime: 10.9739
    annual_cost: 15.09946327194525
    efficiency: 0.764871
    discharge_ratio: 5
    depth_of_discharge: 0.5
  VRBF:
    cost: 277.202
    lifetime: 21.8026
    annual_cost: 12.714171704292147
    efficiency: 0.786978
    discharge_ratio: 0.5
    depth_of_discharge: 1.0
