cost_values:
  wind_capex: 5000.0
  wind_opex: 100
  wind_lifetime: 20
  solar_capex: 1000.0
  solar_opex: 10
  solar_lifetime: 20
  carbon_price: 1.0
timeseries_values:
  load_level: 232183.50414871398
  wind_year: 2015
  solar_year: 2015
  price_year: 2023
  carbon_year: 2023
storage_values:
  CAES:
    cost: 41.0392
    lifetime: 26.3038
    annual_cost: 1.5602004273146848
    efficiency: 0.598611
    discharge_ratio: 0.1
    depth_of_discharge: 0.4
  Li-ion:
    cost: 280.14
    lifetime: 15.1805
    annual_cost: 18.45393761733803
    efficiency: 0.895018
    discharge_ratio: 2
    depth_of_discharge: 0.9
  Pb-acid:
    cost: 160.96
    lifetime: 13.018
    annual_cost: 12.364418497465048
    efficiency: 0.774465
    discharge_ratio: 5
    depth_of_discharge: 0.5
  VRBF:
    cost: 313.721
    lifetime: 22.0533
    annual_cost: 14.225580752086989
    efficiency: 0.794763
    discharge_ratio: 0.5
    depth_of_discharge: 1.0
