cost_values:
  wind_capex: 5000.0
  wind_opex: 100
  wind_lifetime: 20
  solar_capex: 1000.0
  solar_opex: 10
  solar_lifetime: 20
  carbon_price: 1.0
timeseries_values:
  load_level: 232183.50414871398
  wind_year: 2015
  solar_year: 2015
  price_year: 2023
  carbon_year: 2023
storage_values:
  CAES:
    cost: 38.3996
    lifetime: 25.8694
    annual_cost: 1.484363765684554
    efficiency: 0.598664
    discharge_ratio: 0.1
    depth_of_discharge: 0.4
  Li-ion:
    cost: 289.755
    lifetime: 16.2458
    annual_cost: 17.83568676211698
    efficiency: 0.919171
    discharge_ratio: 2
    depth_of_discharge: 0.9
  Pb-acid:
    cost: 162.698
    lifetime: 12.8266
    annual_cost: 12.684421436701856
    efficiency: 0.778889
    discharge_ratio: 5
    depth_of_discharge: 0.5
  VRBF:
    cost: 282.695
    lifetime: 23.659
    annual_cost: 11.948729870239655
    efficiency: 0.793007
    discharge_ratio: 0.5
    depth_of_discharge: 1.0
