cost_values:
  wind_capex: 5000.0
  wind_opex: 100
  wind_lifetime: 20
  solar_capex: 1000.0
  solar_opex: 10
  solar_lifetime: 20
  carbon_price: 1.0
timeseries_values:
  load_level: 232183.50414871398
  wind_year: 2015
  solar_year: 2015
  price_year: 2023
  carbon_year: 2023
storage_values:
  CAES:
    cost: 38.3874
    lifetime: 25.4935
    annual_cost: 1.5057720595445898
    efficiency: 0.602028
    discharge_ratio: 0.1
    depth_of_discharge: 0.4
  Li-ion:
    cost: 285.765
    lifetime: 14.2071
    annual_cost: 20.114238655320225
    efficiency: 0.884487
    discharge_ratio: 2
    depth_of_discharge: 0.9
  Pb-acid:
    cost: 188.322
    lifetime: 12.6036
    annual_cost: 14.941921355803103
    efficiency: 0.759845
    discharge_ratio: 5
    depth_of_discharge: 0.5
  VRBF:
    cost: 278.848
    lifetime: 24.1468
    annual_cost: 11.548031209104312
    efficiency: 0.810685
    discharge_ratio: 0.5
    depth_of_discharge: 1.0
