cost_values:
  wind_capex: 5000.0
  wind_opex: 100
  wind_lifetime: 20
  solar_capex: 1000.0
  solar_opex: 10
  solar_lifetime: 20
  carbon_price: 1.0
timeseries_values:
  load_level: 232183.50414871398
  wind_year: 2015
  solar_year: 2015
  price_year: 2023
  carbon_year: 2023
storage_values:
  CAES:
    cost: 34.4166
    lifetime: 26.0723
    annual_cost: 1.320044645083096
    efficiency: 0.603537
    discharge_ratio: 0.1
    depth_of_discharge: 0.4
  Li-ion:
    cost: 283.683
    lifetime: 16.239
    annual_cost: 17.469240716792903
    efficiency: 0.901805
    discharge_ratio: 2
    depth_of_discharge: 0.9
  Pb-acid:
    cost: 166.818
    lifetime: 12.0822
    annual_cost: 13.806922580324777
    efficiency: 0.778997
    discharge_ratio: 5
    depth_of_discharge: 0.5
  VRBF:
    cost: 286.292
    lifetime: 21.5339
    annual_cost: 13.294944250693092
    efficiency: 0.785673
    discharge_ratio: 0.5
    depth_of_discharge: 1.0
