cost_values:
  wind_capex: 5000.0
  wind_opex: 100
  wind_lifetime: 20
  solar_capex: 1000.0
  solar_opex: 10
  solar_lifetime: 20
  carbon_price: 1.0
timeseries_values:
  load_level: 232183.50414871398
  wind_year: 2015
  solar_year: 2015
  price_year: 2023
  carbon_year: 2023
storage_values:
  CAES:
    cost: 37.1114
    lifetime: 26.3294
    annual_cost: 1.4095042044254713
    efficiency: 0.59813
    discharge_ratio: 0.1
    depth_of_discharge: 0.4
  Li-ion:
    cost: 276.648
    lifetime: 14.7028
    annual_cost: 18.816007835242267
    efficiency: 0.911731
    discharge_ratio: 2
    depth_of_discharge: 0.9
  Pb-acid:
    cost: 189.72
    lifetime: 11.3612
    annual_cost: 16.698940252790198
    efficiency: 0.78125
    discharge_ratio: 5
    depth_of_discharge: 0.5
  VRBF:
    cost: 270.729
    lifetime: 22.3114
    annual_cost: 12.134110813306203
    efficiency: 0.80328
    discharge_ratio: 0.5
    depth_of_discharge: 1.0
