cost_values:
  wind_capex: 5000.0
  wind_opex: 100
  wind_lifetime: 20
  solar_capex: 1000.0
  solar_opex: 10
  solar_lifetime: 20
  carbon_price: 1.0
timeseries_values:
  load_level: 232183.50414871398
  wind_year: 2015
  solar_year: 2015
  price_year: 2023
  carbon_year: 2023
storage_values:
  CAES:
    cost: 40.8964
    lifetime: 26.2153
    annual_cost: 1.5600202934927314
    efficiency: 0.606903
    discharge_ratio: 0.1
    depth_of_discharge: 0.4
  Li-ion:
    cost: 262.486
    lifetime: 15.3858
    annual_cost: 17.06027635872038
    efficiency: 0.913268
    discharge_ratio: 2
    depth_of_discharge: 0.9
  Pb-acid:
    cost: 169.529
    lifetime: 12.1837
    annual_cost: 13.914410236627624
    efficiency: 0.782385
    discharge_ratio: 5
    depth_of_discharge: 0.5
  VRBF:
    cost: 244.361
    lifetime: 23.2957
    annual_cost: 10.489532402975655
    efficiency: 0.786504
    discharge_ratio: 0.5
    depth_of_discharge: 1.0
