cost_values:
  wind_capex: 5000.0
  wind_opex: 100
  wind_lifetime: 20
  solar_capex: 1000.0
  solar_opex: 10
  solar_lifetime: 20
  carbon_price: 1.0
timeseries_values:
  load_level: 232183.50414871398
  wind_year: 2015
  solar_year: 2015
  price_year: 2023
  carbon_year: 2023
storage_values:
  CAES:
    cost: 39.9237
    lifetime: 25.1926
    annual_cost: 1.5847391694386446
    efficiency: 0.600775
    discharge_ratio: 0.1
    depth_of_discharge: 0.4
  Li-ion:
    cost: 282.033
    lifetime: 15.996
    annual_cost: 17.6314703675919
    efficiency: 0.907872
    discharge_ratio: 2
    depth_of_discharge: 0.9
  Pb-acid:
    cost: 177.673
    lifetime: 11.78
    annual_cost: 15.082597623089985
    efficiency: 0.783439
    discharge_ratio: 5
    depth_of_discharge: 0.5
  VRBF:
    cost: 259.492
    lifetime: 19.8798
    annual_cost: 13.053048823428808
    efficiency: 0.766217
    discharge_ratio: 0.5
    depth_of_discharge: 1.0
