cost_values:
  wind_capex: 5000.0
  wind_opex: 100
  wind_lifetime: 20
  solar_capex: 1000.0
  solar_opex: 10
  solar_lifetime: 20
  carbon_price: 1.0
timeseries_values:
  load_level: 252142.46085170782
  wind_year: 2010
  solar_year: 2018
  price_year: 2023
  carbon_year: 2023
storage_values:
  CAES:
    cost: 46.9609
    lifetime: 24.5385
    annual_cost: 1.9137640850092714
    efficiency: 0.5586
    discharge_ratio: 0.1
    depth_of_discharge: 0.4
  Li-ion:
    cost: 236.487
    lifetime: 21.7068
    annual_cost: 10.894604455746585
    efficiency: 0.862769
    discharge_ratio: 2
    depth_of_discharge: 0.9
  Pb-acid:
    cost: 153.172
    lifetime: 10.0944
    annual_cost: 15.173957838009192
    efficiency: 0.720345
    discharge_ratio: 5
    depth_of_discharge: 0.5
  VRBF:
    cost: 178.554
    lifetime: 25.8979
    annual_cost: 6.894535850397136
    efficiency: 0.727293
    discharge_ratio: 0.5
    depth_of_discharge: 1.0
