cost_values:
  wind_capex: 5000.0
  wind_opex: 100
  wind_lifetime: 20
  solar_capex: 1000.0
  solar_opex: 10
  solar_lifetime: 20
  carbon_price: 1.0
timeseries_values:
  load_level: 252142.46085170782
  wind_year: 2010
  solar_year: 2018
  price_year: 2023
  carbon_year: 2023
storage_values:
  CAES:
    cost: 44.4958
    lifetime: 24.5325
    annual_cost: 1.8137491083256907
    efficiency: 0.56382
    discharge_ratio: 0.1
    depth_of_discharge: 0.4
  Li-ion:
    cost: 248.785
    lifetime: 20.6607
    annual_cost: 12.0414603571031
    efficiency: 0.85165
    discharge_ratio: 2
    depth_of_discharge: 0.9
  Pb-acid:
    cost: 140.77
    lifetime: 11.2826
    annual_cost: 12.476734086114902
    efficiency: 0.734917
    discharge_ratio: 5
    depth_of_discharge: 0.5
  VRBF:
    cost: 189.912
    lifetime: 23.4321
    annual_cost: 8.104779341160205
    efficiency: 0.727883
    discharge_ratio: 0.5
    depth_of_discharge: 1.0
