cost_values:
  wind_capex: 5000.0
  wind_opex: 100
  wind_lifetime: 20
  solar_capex: 1000.0
  solar_opex: 10
  solar_lifetime: 20
  carbon_price: 1.0
timeseries_values:
  load_level: 252142.46085170782
  wind_year: 2010
  solar_year: 2018
  price_year: 2023
  carbon_year: 2023
storage_values:
  CAES:
    cost: 46.2696
    lifetime: 23.8348
    annual_cost: 1.9412623558829945
    efficiency: 0.558308
    discharge_ratio: 0.1
    depth_of_discharge: 0.4
  Li-ion:
    cost: 213.934
    lifetime: 21.5876
    annual_cost: 9.910040949433935
    efficiency: 0.854883
    discharge_ratio: 2
    depth_of_discharge: 0.9
  Pb-acid:
    cost: 137.561
    lifetime: 8.94654
    annual_cost: 15.375888332249115
    efficiency: 0.713814
    discharge_ratio: 5
    depth_of_discharge: 0.5
  VRBF:
    cost: 156.13
    lifetime: 23.9025
    annual_cost: 6.531952724610396
    efficiency: 0.733911
    discharge_ratio: 0.5
    depth_of_discharge: 1.0
