cost_values:
  wind_capex: 5000.0
  wind_opex: 100
  wind_lifetime: 20
  solar_capex: 1000.0
  solar_opex: 10
  solar_lifetime: 20
  carbon_price: 1.0
timeseries_values:
  load_level: 252142.46085170782
  wind_year: 2010
  solar_year: 2018
  price_year: 2023
  carbon_year: 2023
storage_values:
  CAES:
    cost: 52.2216
    lifetime: 23.6894
    annual_cost: 2.204428985115706
    efficiency: 0.566547
    discharge_ratio: 0.1
    depth_of_discharge: 0.4
  Li-ion:
    cost: 236.915
    lifetime: 21.445
    annual_cost: 11.047563534623455
    efficiency: 0.850406
    discharge_ratio: 2
    depth_of_discharge: 0.9
  Pb-acid:
    cost: 142.374
    lifetime: 11.638
    annual_cost: 12.233545282694621
    efficiency: 0.719869
    discharge_ratio: 5
    depth_of_discharge: 0.5
  VRBF:
    cost: 201.865
    lifetime: 25.283
    annual_cost: 7.984218644939287
    efficiency: 0.731447
    discharge_ratio: 0.5
    depth_of_discharge: 1.0
