cost_values:
  wind_capex: 5000.0
  wind_opex: 100
  wind_lifetime: 20
  solar_capex: 1000.0
  solar_opex: 10
  solar_lifetime: 20
  carbon_price: 1.0
timeseries_values:
  load_level: 252142.46085170782
  wind_year: 2010
  solar_year: 2018
  price_year: 2023
  carbon_year: 2023
storage_values:
  CAES:
    cost: 54.0261
    lifetime: 24.4721
    annual_cost: 2.2076609690218656
    efficiency: 0.565926
    discharge_ratio: 0.1
    depth_of_discharge: 0.4
  Li-ion:
    cost: 234.131
    lifetime: 21.4763
    annual_cost: 10.90183132103761
    efficiency: 0.858419
    discharge_ratio: 2
    depth_of_discharge: 0.9
  Pb-acid:
    cost: 126.09
    lifetime: 9.16772
    annual_cost: 13.753692302993548
    efficiency: 0.72408
    discharge_ratio: 5
    depth_of_discharge: 0.5
  VRBF:
    cost: 218.899
    lifetime: 25.1407
    annual_cost: 8.706957244627239
    efficiency: 0.756586
    discharge_ratio: 0.5
    depth_of_discharge: 1.0
