cost_values:
  wind_capex: 5000.0
  wind_opex: 100
  wind_lifetime: 20
  solar_capex: 1000.0
  solar_opex: 10
  solar_lifetime: 20
  carbon_price: 1.0
timeseries_values:
  load_level: 252142.46085170782
  wind_year: 2010
  solar_year: 2018
  price_year: 2023
  carbon_year: 2023
storage_values:
  CAES:
    cost: 43.7048
    lifetime: 25.7931
    annual_cost: 1.694437659684179
    efficiency: 0.560631
    discharge_ratio: 0.1
    depth_of_discharge: 0.4
  Li-ion:
    cost: 230.901
    lifetime: 19.7317
    annual_cost: 11.70203276960424
    efficiency: 0.853856
    discharge_ratio: 2
    depth_of_discharge: 0.9
  Pb-acid:
    cost: 141.248
    lifetime: 10.1464
    annual_cost: 13.920996609634944
    efficiency: 0.749451
    discharge_ratio: 5
    depth_of_discharge: 0.5
  VRBF:
    cost: 179.933
    lifetime: 23.8987
    annual_cost: 7.528986932343599
    efficiency: 0.752902
    discharge_ratio: 0.5
    depth_of_discharge: 1.0
