cost_values:
  wind_capex: 5000.0
  wind_opex: 100
  wind_lifetime: 20
  solar_capex: 1000.0
  solar_opex: 10
  solar_lifetime: 20
  carbon_price: 1.0
timeseries_values:
  load_level: 252142.46085170782
  wind_year: 2010
  solar_year: 2018
  price_year: 2023
  carbon_year: 2023
storage_values:
  CAES:
    cost: 47.071
    lifetime: 23.9335
    annual_cost: 1.9667411786825997
    efficiency: 0.58487
    discharge_ratio: 0.1
    depth_of_discharge: 0.4
  Li-ion:
    cost: 247.784
    lifetime: 21.5514
    annual_cost: 11.497350520151823
    efficiency: 0.851939
    discharge_ratio: 2
    depth_of_discharge: 0.9
  Pb-acid:
    cost: 131.43
    lifetime: 9.22039
    annual_cost: 14.254277747470553
    efficiency: 0.734804
    discharge_ratio: 5
    depth_of_discharge: 0.5
  VRBF:
    cost: 224.269
    lifetime: 23.078
    annual_cost: 9.717869832741139
    efficiency: 0.732613
    discharge_ratio: 0.5
    depth_of_discharge: 1.0
