cost_values:
  wind_capex: 5000.0
  wind_opex: 100
  wind_lifetime: 20
  solar_capex: 1000.0
  solar_opex: 10
  solar_lifetime: 20
  carbon_price: 1.0
timeseries_values:
  load_level: 252142.46085170782
  wind_year: 2010
  solar_year: 2018
  price_year: 2023
  carbon_year: 2023
storage_values:
  CAES:
    cost: 44.9952
    lifetime: 24.1453
    annual_cost: 1.8635179517338778
    efficiency: 0.569065
    discharge_ratio: 0.1
    depth_of_discharge: 0.4
  Li-ion:
    cost: 225.974
    lifetime: 22.5716
    annual_cost: 10.011430292934483
    efficiency: 0.857281
    discharge_ratio: 2
    depth_of_discharge: 0.9
  Pb-acid:
    cost: 154.933
    lifetime: 9.9448
    annual_cost: 15.579297723433351
    efficiency: 0.744401
    discharge_ratio: 5
    depth_of_discharge: 0.5
  VRBF:
    cost: 177.656
    lifetime: 25.5339
    annual_cost: 6.957652375861111
    efficiency: 0.733781
    discharge_ratio: 0.5
    depth_of_discharge: 1.0
