cost_values:
  wind_capex: 5000.0
  wind_opex: 100
  wind_lifetime: 20
  solar_capex: 1000.0
  solar_opex: 10
  solar_lifetime: 20
  carbon_price: 1.0
timeseries_values:
  load_level: 252142.46085170782
  wind_year: 2010
  solar_year: 2018
  price_year: 2023
  carbon_year: 2023
storage_values:
  CAES:
    cost: 48.5373
    lifetime: 23.4106
    annual_cost: 2.0733044005706818
    efficiency: 0.560306
    discharge_ratio: 0.1
    depth_of_discharge: 0.4
  Li-ion:
    cost: 232.588
    lifetime: 22.6128
    annual_cost: 10.285678907521403
    efficiency: 0.85848
    discharge_ratio: 2
    depth_of_discharge: 0.9
  Pb-acid:
    cost: 136.238
    lifetime: 10.2024
    annual_cost: 13.353524660864108
    efficiency: 0.738115
    discharge_ratio: 5
    depth_of_discharge: 0.5
  VRBF:
    cost: 159.617
    lifetime: 24.3212
    annual_cost: 6.562875187079584
    efficiency: 0.718302
    discharge_ratio: 0.5
    depth_of_discharge: 1.0
