cost_values:
  wind_capex: 5000.0
  wind_opex: 100
  wind_lifetime: 20
  solar_capex: 1000.0
  solar_opex: 10
  solar_lifetime: 20
  carbon_price: 1.0
timeseries_values:
  load_level: 252142.46085170782
  wind_year: 2010
  solar_year: 2018
  price_year: 2023
  carbon_year: 2023
storage_values:
  CAES:
    cost: 43.7518
    lifetime: 24.9099
    annual_cost: 1.7564020730713492
    efficiency: 0.552029
    discharge_ratio: 0.1
    depth_of_discharge: 0.4
  Li-ion:
    cost: 232.553
    lifetime: 23.1625
    annual_cost: 10.040064759848892
    efficiency: 0.87015
    discharge_ratio: 2
    depth_of_discharge: 0.9
  Pb-acid:
    cost: 172.286
    lifetime: 10.7666
    annual_cost: 16.001894748574294
    efficiency: 0.739161
    discharge_ratio: 5
    depth_of_discharge: 0.5
  VRBF:
    cost: 186.164
    lifetime: 25.2775
    annual_cost: 7.364810602314311
    efficiency: 0.750161
    discharge_ratio: 0.5
    depth_of_discharge: 1.0
