cost_values:
  wind_capex: 5000.0
  wind_opex: 100
  wind_lifetime: 20
  solar_capex: 1000.0
  solar_opex: 10
  solar_lifetime: 20
  carbon_price: 1.0
timeseries_values:
  load_level: 252142.46085170782
  wind_year: 2010
  solar_year: 2018
  price_year: 2023
  carbon_year: 2023
storage_values:
  CAES:
    cost: 44.4983
    lifetime: 24.422
    annual_cost: 1.8220579805093768
    efficiency: 0.552683
    discharge_ratio: 0.1
    depth_of_discharge: 0.4
  Li-ion:
    cost: 227.951
    lifetime: 19.8684
    annual_cost: 11.473042620442511
    efficiency: 0.850755
    discharge_ratio: 2
    depth_of_discharge: 0.9
  Pb-acid:
    cost: 134.25
    lifetime: 9.33054
    annual_cost: 14.388234764547391
    efficiency: 0.729579
    discharge_ratio: 5
    depth_of_discharge: 0.5
  VRBF:
    cost: 183.482
    lifetime: 23.5082
    annual_cost: 7.805021226635812
    efficiency: 0.733254
    discharge_ratio: 0.5
    depth_of_discharge: 1.0
