cost_values:
  wind_capex: 5000.0
  wind_opex: 100
  wind_lifetime: 20
  solar_capex: 1000.0
  solar_opex: 10
  solar_lifetime: 20
  carbon_price: 1.0
timeseries_values:
  load_level: 252142.46085170782
  wind_year: 2010
  solar_year: 2018
  price_year: 2023
  carbon_year: 2023
storage_values:
  CAES:
    cost: 51.5739
    lifetime: 23.8597
    annual_cost: 2.1615485525802924
    efficiency: 0.565171
    discharge_ratio: 0.1
    depth_of_discharge: 0.4
  Li-ion:
    cost: 231.511
    lifetime: 22.1845
    annual_cost: 10.435709617074984
    efficiency: 0.857032
    discharge_ratio: 2
    depth_of_discharge: 0.9
  Pb-acid:
    cost: 142.242
    lifetime: 9.99943
    annual_cost: 14.225010825617058
    efficiency: 0.73266
    discharge_ratio: 5
    depth_of_discharge: 0.5
  VRBF:
    cost: 182.75
    lifetime: 23.468
    annual_cost: 7.7871995909323335
    efficiency: 0.747658
    discharge_ratio: 0.5
    depth_of_discharge: 1.0
