cost_values:
  wind_capex: 5000.0
  wind_opex: 100
  wind_lifetime: 20
  solar_capex: 1000.0
  solar_opex: 10
  solar_lifetime: 20
  carbon_price: 1.0
timeseries_values:
  load_level: 252142.46085170782
  wind_year: 2010
  solar_year: 2018
  price_year: 2023
  carbon_year: 2023
storage_values:
  CAES:
    cost: 47.8309
    lifetime: 24.2827
    annual_cost: 1.9697521280582473
    efficiency: 0.566271
    discharge_ratio: 0.1
    depth_of_discharge: 0.4
  Li-ion:
    cost: 229.651
    lifetime: 21.1895
    annual_cost: 10.837962198258573
    efficiency: 0.863024
    discharge_ratio: 2
    depth_of_discharge: 0.9
  Pb-acid:
    cost: 124.177
    lifetime: 11.3606
    annual_cost: 10.930496628699188
    efficiency: 0.73174
    discharge_ratio: 5
    depth_of_discharge: 0.5
  VRBF:
    cost: 219.418
    lifetime: 23.7873
    annual_cost: 9.22416583639169
    efficiency: 0.744953
    discharge_ratio: 0.5
    depth_of_discharge: 1.0
