cost_values:
  wind_capex: 5000.0
  wind_opex: 100
  wind_lifetime: 20
  solar_capex: 1000.0
  solar_opex: 10
  solar_lifetime: 20
  carbon_price: 1.0
timeseries_values:
  load_level: 252142.46085170782
  wind_year: 2010
  solar_year: 2018
  price_year: 2023
  carbon_year: 2023
storage_values:
  CAES:
    cost: 43.3356
    lifetime: 24.5045
    annual_cost: 1.7684751780285253
    efficiency: 0.56224
    discharge_ratio: 0.1
    depth_of_discharge: 0.4
  Li-ion:
    cost: 217.717
    lifetime: 20.4105
    annual_cost: 10.66691163861738
    efficiency: 0.863833
    discharge_ratio: 2
    depth_of_discharge: 0.9
  Pb-acid:
    cost: 135.04
    lifetime: 10.1469
    annual_cost: 13.308498162000216
    efficiency: 0.75015
    discharge_ratio: 5
    depth_of_discharge: 0.5
  VRBF:
    cost: 201.912
    lifetime: 24.7746
    annual_cost: 8.1499600397181
    efficiency: 0.729733
    discharge_ratio: 0.5
    depth_of_discharge: 1.0
