cost_values:
  wind_capex: 5000.0
  wind_opex: 100
  wind_lifetime: 20
  solar_capex: 1000.0
  solar_opex: 10
  solar_lifetime: 20
  carbon_price: 1.0
timeseries_values:
  load_level: 252142.46085170782
  wind_year: 2010
  solar_year: 2018
  price_year: 2023
  carbon_year: 2023
storage_values:
  CAES:
    cost: 46.8659
    lifetime: 24.7107
    annual_cost: 1.8965832615021025
    efficiency: 0.556165
    discharge_ratio: 0.1
    depth_of_discharge: 0.4
  Li-ion:
    cost: 233.613
    lifetime: 20.0424
    annual_cost: 11.655939408454078
    efficiency: 0.86729
    discharge_ratio: 2
    depth_of_discharge: 0.9
  Pb-acid:
    cost: 119.181
    lifetime: 11.0747
    annual_cost: 10.761555617759397
    efficiency: 0.712658
    discharge_ratio: 5
    depth_of_discharge: 0.5
  VRBF:
    cost: 207.451
    lifetime: 24.4434
    annual_cost: 8.486994444308074
    efficiency: 0.727819
    discharge_ratio: 0.5
    depth_of_discharge: 1.0
