cost_values:
  wind_capex: 5000.0
  wind_opex: 100
  wind_lifetime: 20
  solar_capex: 1000.0
  solar_opex: 10
  solar_lifetime: 20
  carbon_price: 1.0
timeseries_values:
  load_level: 252142.46085170782
  wind_year: 2010
  solar_year: 2018
  price_year: 2023
  carbon_year: 2023
storage_values:
  CAES:
    cost: 44.8585
    lifetime: 24.7374
    annual_cost: 1.8133878257213774
    efficiency: 0.563009
    discharge_ratio: 0.1
    depth_of_discharge: 0.4
  Li-ion:
    cost: 238.249
    lifetime: 22.2588
    annual_cost: 10.703586895969234
    efficiency: 0.8656
    discharge_ratio: 2
    depth_of_discharge: 0.9
  Pb-acid:
    cost: 132.16
    lifetime: 8.4069
    annual_cost: 15.7204201310828
    efficiency: 0.737531
    discharge_ratio: 5
    depth_of_discharge: 0.5
  VRBF:
    cost: 190.999
    lifetime: 25.7151
    annual_cost: 7.427503684605543
    efficiency: 0.726129
    discharge_ratio: 0.5
    depth_of_discharge: 1.0
