cost_values:
  wind_capex: 5000.0
  wind_opex: 100
  wind_lifetime: 20
  solar_capex: 1000.0
  solar_opex: 10
  solar_lifetime: 20
  carbon_price: 1.0
timeseries_values:
  load_level: 252142.46085170782
  wind_year: 2010
  solar_year: 2018
  price_year: 2023
  carbon_year: 2023
storage_values:
  CAES:
    cost: 51.8384
    lifetime: 24.1381
    annual_cost: 2.147575824112088
    efficiency: 0.554723
    discharge_ratio: 0.1
    depth_of_discharge: 0.4
  Li-ion:
    cost: 248.789
    lifetime: 22.5838
    annual_cost: 11.016259442609304
    efficiency: 0.866368
    discharge_ratio: 2
    depth_of_discharge: 0.9
  Pb-acid:
    cost: 134.799
    lifetime: 10.2271
    annual_cost: 13.18056927183659
    efficiency: 0.726473
    discharge_ratio: 5
    depth_of_discharge: 0.5
  VRBF:
    cost: 168.456
    lifetime: 25.8678
    annual_cost: 6.5121888989399945
    efficiency: 0.748545
    discharge_ratio: 0.5
    depth_of_discharge: 1.0
