cost_values:
  wind_capex: 5000.0
  wind_opex: 100
  wind_lifetime: 20
  solar_capex: 1000.0
  solar_opex: 10
  solar_lifetime: 20
  carbon_price: 1.0
timeseries_values:
  load_level: 252142.46085170782
  wind_year: 2010
  solar_year: 2018
  price_year: 2023
  carbon_year: 2023
storage_values:
  CAES:
    cost: 42.9549
    lifetime: 22.8905
    annual_cost: 1.876538301915642
    efficiency: 0.561347
    discharge_ratio: 0.1
    depth_of_discharge: 0.4
  Li-ion:
    cost: 214.183
    lifetime: 23.1853
    annual_cost: 9.237879173441792
    efficiency: 0.875752
    discharge_ratio: 2
    depth_of_discharge: 0.9
  Pb-acid:
    cost: 151.987
    lifetime: 10.6257
    annual_cost: 14.303716461033154
    efficiency: 0.730489
    discharge_ratio: 5
    depth_of_discharge: 0.5
  VRBF:
    cost: 202.355
    lifetime: 22.6658
    annual_cost: 8.927767826416892
    efficiency: 0.736579
    discharge_ratio: 0.5
    depth_of_discharge: 1.0
