cost_values:
  wind_capex: 5000.0
  wind_opex: 100
  wind_lifetime: 20
  solar_capex: 1000.0
  solar_opex: 10
  solar_lifetime: 20
  carbon_price: 1.0
timeseries_values:
  load_level: 252142.46085170782
  wind_year: 2010
  solar_year: 2018
  price_year: 2023
  carbon_year: 2023
storage_values:
  CAES:
    cost: 49.92
    lifetime: 24.3273
    annual_cost: 2.0520156367537705
    efficiency: 0.565396
    discharge_ratio: 0.1
    depth_of_discharge: 0.4
  Li-ion:
    cost: 216.698
    lifetime: 21.457
    annual_cost: 10.099175094374797
    efficiency: 0.851053
    discharge_ratio: 2
    depth_of_discharge: 0.9
  Pb-acid:
    cost: 138.069
    lifetime: 10.9737
    annual_cost: 12.581809234806856
    efficiency: 0.719068
    discharge_ratio: 5
    depth_of_discharge: 0.5
  VRBF:
    cost: 205.393
    lifetime: 25.4138
    annual_cost: 8.081947603270665
    efficiency: 0.737986
    discharge_ratio: 0.5
    depth_of_discharge: 1.0
