cost_values:
  wind_capex: 5000.0
  wind_opex: 100
  wind_lifetime: 20
  solar_capex: 1000.0
  solar_opex: 10
  solar_lifetime: 20
  carbon_price: 1.0
timeseries_values:
  load_level: 252142.46085170782
  wind_year: 2010
  solar_year: 2018
  price_year: 2023
  carbon_year: 2023
storage_values:
  CAES:
    cost: 47.9998
    lifetime: 24.4301
    annual_cost: 1.9647811511209534
    efficiency: 0.562198
    discharge_ratio: 0.1
    depth_of_discharge: 0.4
  Li-ion:
    cost: 221.561
    lifetime: 20.7629
    annual_cost: 10.6710045321222
    efficiency: 0.869662
    discharge_ratio: 2
    depth_of_discharge: 0.9
  Pb-acid:
    cost: 132.609
    lifetime: 9.14307
    annual_cost: 14.5037717090649
    efficiency: 0.735503
    discharge_ratio: 5
    depth_of_discharge: 0.5
  VRBF:
    cost: 203.403
    lifetime: 25.6225
    annual_cost: 7.938452531954337
    efficiency: 0.739789
    discharge_ratio: 0.5
    depth_of_discharge: 1.0
