cost_values:
  wind_capex: 5000.0
  wind_opex: 100
  wind_lifetime: 20
  solar_capex: 1000.0
  solar_opex: 10
  solar_lifetime: 20
  carbon_price: 1.0
timeseries_values:
  load_level: 252142.46085170782
  wind_year: 2010
  solar_year: 2018
  price_year: 2023
  carbon_year: 2023
storage_values:
  CAES:
    cost: 46.626
    lifetime: 24.5831
    annual_cost: 1.8966688497382347
    efficiency: 0.563729
    discharge_ratio: 0.1
    depth_of_discharge: 0.4
  Li-ion:
    cost: 223.744
    lifetime: 22.6336
    annual_cost: 9.88547999434469
    efficiency: 0.863562
    discharge_ratio: 2
    depth_of_discharge: 0.9
  Pb-acid:
    cost: 139.011
    lifetime: 9.28537
    annual_cost: 14.970970462135595
    efficiency: 0.725808
    discharge_ratio: 5
    depth_of_discharge: 0.5
  VRBF:
    cost: 170.24
    lifetime: 25.3291
    annual_cost: 6.7211231350502
    efficiency: 0.735788
    discharge_ratio: 0.5
    depth_of_discharge: 1.0
