cost_values:
  wind_capex: 5000.0
  wind_opex: 100
  wind_lifetime: 20
  solar_capex: 1000.0
  solar_opex: 10
  solar_lifetime: 20
  carbon_price: 1.0
timeseries_values:
  load_level: 252142.46085170782
  wind_year: 2010
  solar_year: 2018
  price_year: 2023
  carbon_year: 2023
storage_values:
  CAES:
    cost: 47.5945
    lifetime: 23.2671
    annual_cost: 2.045570784498283
    efficiency: 0.55207
    discharge_ratio: 0.1
    depth_of_discharge: 0.4
  Li-ion:
    cost: 196.354
    lifetime: 20.8397
    annual_cost: 9.42211260238871
    efficiency: 0.855954
    discharge_ratio: 2
    depth_of_discharge: 0.9
  Pb-acid:
    cost: 132.078
    lifetime: 12.2725
    annual_cost: 10.762110409452026
    efficiency: 0.725832
    discharge_ratio: 5
    depth_of_discharge: 0.5
  VRBF:
    cost: 191.696
    lifetime: 26.3882
    annual_cost: 7.264459114301089
    efficiency: 0.760366
    discharge_ratio: 0.5
    depth_of_discharge: 1.0
