cost_values:
  wind_capex: 5000.0
  wind_opex: 100
  wind_lifetime: 20
  solar_capex: 1000.0
  solar_opex: 10
  solar_lifetime: 20
  carbon_price: 1.0
timeseries_values:
  load_level: 252142.46085170782
  wind_year: 2010
  solar_year: 2018
  price_year: 2023
  carbon_year: 2023
storage_values:
  CAES:
    cost: 47.9441
    lifetime: 24.6466
    annual_cost: 1.9452622268385904
    efficiency: 0.567887
    discharge_ratio: 0.1
    depth_of_discharge: 0.4
  Li-ion:
    cost: 220.987
    lifetime: 21.2404
    annual_cost: 10.40408843524604
    efficiency: 0.851692
    discharge_ratio: 2
    depth_of_discharge: 0.9
  Pb-acid:
    cost: 149.688
    lifetime: 10.3571
    annual_cost: 14.452694287010841
    efficiency: 0.709883
    discharge_ratio: 5
    depth_of_discharge: 0.5
  VRBF:
    cost: 172.413
    lifetime: 24.4524
    annual_cost: 7.050964322520489
    efficiency: 0.748057
    discharge_ratio: 0.5
    depth_of_discharge: 1.0
