cost_values:
  wind_capex: 5000.0
  wind_opex: 100
  wind_lifetime: 20
  solar_capex: 1000.0
  solar_opex: 10
  solar_lifetime: 20
  carbon_price: 1.0
timeseries_values:
  load_level: 252142.46085170782
  wind_year: 2010
  solar_year: 2018
  price_year: 2023
  carbon_year: 2023
storage_values:
  CAES:
    cost: 47.5951
    lifetime: 22.9984
    annual_cost: 2.069496138861834
    efficiency: 0.566393
    discharge_ratio: 0.1
    depth_of_discharge: 0.4
  Li-ion:
    cost: 225.641
    lifetime: 22.1463
    annual_cost: 10.188654538229862
    efficiency: 0.852484
    discharge_ratio: 2
    depth_of_discharge: 0.9
  Pb-acid:
    cost: 162.503
    lifetime: 11.4492
    annual_cost: 14.193393424868113
    efficiency: 0.726503
    discharge_ratio: 5
    depth_of_discharge: 0.5
  VRBF:
    cost: 183.782
    lifetime: 23.1473
    annual_cost: 7.939673309630065
    efficiency: 0.726381
    discharge_ratio: 0.5
    depth_of_discharge: 1.0
