cost_values:
  wind_capex: 5000.0
  wind_opex: 100
  wind_lifetime: 20
  solar_capex: 1000.0
  solar_opex: 10
  solar_lifetime: 20
  carbon_price: 1.0
timeseries_values:
  load_level: 252142.46085170782
  wind_year: 2010
  solar_year: 2018
  price_year: 2023
  carbon_year: 2023
storage_values:
  CAES:
    cost: 45.3908
    lifetime: 23.2833
    annual_cost: 1.9495002856124346
    efficiency: 0.563755
    discharge_ratio: 0.1
    depth_of_discharge: 0.4
  Li-ion:
    cost: 223.797
    lifetime: 21.1577
    annual_cost: 10.57756750497455
    efficiency: 0.875935
    discharge_ratio: 2
    depth_of_discharge: 0.9
  Pb-acid:
    cost: 126.732
    lifetime: 10.616
    annual_cost: 11.937829691032404
    efficiency: 0.721945
    discharge_ratio: 5
    depth_of_discharge: 0.5
  VRBF:
    cost: 203.697
    lifetime: 22.2528
    annual_cost: 9.153769413287316
    efficiency: 0.74957
    discharge_ratio: 0.5
    depth_of_discharge: 1.0
