cost_values:
  wind_capex: 5000.0
  wind_opex: 100
  wind_lifetime: 20
  solar_capex: 1000.0
  solar_opex: 10
  solar_lifetime: 20
  carbon_price: 1.0
timeseries_values:
  load_level: 252142.46085170782
  wind_year: 2010
  solar_year: 2018
  price_year: 2023
  carbon_year: 2023
storage_values:
  CAES:
    cost: 43.4319
    lifetime: 23.6568
    annual_cost: 1.8359161002333366
    efficiency: 0.559261
    discharge_ratio: 0.1
    depth_of_discharge: 0.4
  Li-ion:
    cost: 231.611
    lifetime: 22.0062
    annual_cost: 10.524806645399932
    efficiency: 0.85605
    discharge_ratio: 2
    depth_of_discharge: 0.9
  Pb-acid:
    cost: 132.378
    lifetime: 9.89537
    annual_cost: 13.377771624507218
    efficiency: 0.725819
    discharge_ratio: 5
    depth_of_discharge: 0.5
  VRBF:
    cost: 164.215
    lifetime: 24.2053
    annual_cost: 6.784257993084159
    efficiency: 0.743049
    discharge_ratio: 0.5
    depth_of_discharge: 1.0
