cost_values:
  wind_capex: 5000.0
  wind_opex: 100
  wind_lifetime: 20
  solar_capex: 1000.0
  solar_opex: 10
  solar_lifetime: 20
  carbon_price: 1.0
timeseries_values:
  load_level: 252142.46085170782
  wind_year: 2010
  solar_year: 2018
  price_year: 2023
  carbon_year: 2023
storage_values:
  CAES:
    cost: 54.1542
    lifetime: 24.0414
    annual_cost: 2.2525393695874616
    efficiency: 0.565437
    discharge_ratio: 0.1
    depth_of_discharge: 0.4
  Li-ion:
    cost: 237.243
    lifetime: 24.0993
    annual_cost: 9.844393820567403
    efficiency: 0.854456
    discharge_ratio: 2
    depth_of_discharge: 0.9
  Pb-acid:
    cost: 162.162
    lifetime: 10.7913
    annual_cost: 15.027105168052042
    efficiency: 0.73351
    discharge_ratio: 5
    depth_of_discharge: 0.5
  VRBF:
    cost: 219.871
    lifetime: 24.9446
    annual_cost: 8.814372649791938
    efficiency: 0.748512
    discharge_ratio: 0.5
    depth_of_discharge: 1.0
