cost_values:
  wind_capex: 5000.0
  wind_opex: 100
  wind_lifetime: 20
  solar_capex: 1000.0
  solar_opex: 10
  solar_lifetime: 20
  carbon_price: 1.0
timeseries_values:
  load_level: 252142.46085170782
  wind_year: 2010
  solar_year: 2018
  price_year: 2023
  carbon_year: 2023
storage_values:
  CAES:
    cost: 43.9669
    lifetime: 24.4611
    annual_cost: 1.7974212116380706
    efficiency: 0.56729
    discharge_ratio: 0.1
    depth_of_discharge: 0.4
  Li-ion:
    cost: 217.636
    lifetime: 22.2145
    annual_cost: 9.797024466001934
    efficiency: 0.867111
    discharge_ratio: 2
    depth_of_discharge: 0.9
  Pb-acid:
    cost: 131.247
    lifetime: 9.806
    annual_cost: 13.384356516418523
    efficiency: 0.73156
    discharge_ratio: 5
    depth_of_discharge: 0.5
  VRBF:
    cost: 196.067
    lifetime: 22.0478
    annual_cost: 8.892814702600713
    efficiency: 0.721765
    discharge_ratio: 0.5
    depth_of_discharge: 1.0
