cost_values:
  wind_capex: 5000.0
  wind_opex: 100
  wind_lifetime: 20
  solar_capex: 1000.0
  solar_opex: 10
  solar_lifetime: 20
  carbon_price: 1.0
timeseries_values:
  load_level: 252142.46085170782
  wind_year: 2010
  solar_year: 2018
  price_year: 2023
  carbon_year: 2023
storage_values:
  CAES:
    cost: 40.3303
    lifetime: 23.9041
    annual_cost: 1.6871708200685238
    efficiency: 0.560293
    discharge_ratio: 0.1
    depth_of_discharge: 0.4
  Li-ion:
    cost: 223.251
    lifetime: 23.0275
    annual_cost: 9.69497340136793
    efficiency: 0.873282
    discharge_ratio: 2
    depth_of_discharge: 0.9
  Pb-acid:
    cost: 157.229
    lifetime: 12.315
    annual_cost: 12.767275680064962
    efficiency: 0.729021
    discharge_ratio: 5
    depth_of_discharge: 0.5
  VRBF:
    cost: 206.439
    lifetime: 23.3063
    annual_cost: 8.857647932104195
    efficiency: 0.732344
    discharge_ratio: 0.5
    depth_of_discharge: 1.0
