cost_values:
  wind_capex: 5000.0
  wind_opex: 100
  wind_lifetime: 20
  solar_capex: 1000.0
  solar_opex: 10
  solar_lifetime: 20
  carbon_price: 1.0
timeseries_values:
  load_level: 252142.46085170782
  wind_year: 2010
  solar_year: 2018
  price_year: 2023
  carbon_year: 2023
storage_values:
  CAES:
    cost: 44.6202
    lifetime: 22.7966
    annual_cost: 1.957318196573173
    efficiency: 0.572026
    discharge_ratio: 0.1
    depth_of_discharge: 0.4
  Li-ion:
    cost: 251.874
    lifetime: 22.6274
    annual_cost: 11.13137169979759
    efficiency: 0.870579
    discharge_ratio: 2
    depth_of_discharge: 0.9
  Pb-acid:
    cost: 134.463
    lifetime: 10.6241
    annual_cost: 12.656413249122277
    efficiency: 0.74272
    discharge_ratio: 5
    depth_of_discharge: 0.5
  VRBF:
    cost: 182.715
    lifetime: 24.8493
    annual_cost: 7.352923422390168
    efficiency: 0.757231
    discharge_ratio: 0.5
    depth_of_discharge: 1.0
