cost_values:
  wind_capex: 5000.0
  wind_opex: 100
  wind_lifetime: 20
  solar_capex: 1000.0
  solar_opex: 10
  solar_lifetime: 20
  carbon_price: 1.0
timeseries_values:
  load_level: 252142.46085170782
  wind_year: 2010
  solar_year: 2018
  price_year: 2023
  carbon_year: 2023
storage_values:
  CAES:
    cost: 50.4163
    lifetime: 23.555
    annual_cost: 2.1403651029505415
    efficiency: 0.557177
    discharge_ratio: 0.1
    depth_of_discharge: 0.4
  Li-ion:
    cost: 229.093
    lifetime: 24.1909
    annual_cost: 9.470214006093201
    efficiency: 0.858475
    discharge_ratio: 2
    depth_of_discharge: 0.9
  Pb-acid:
    cost: 135.785
    lifetime: 10.4107
    annual_cost: 13.042830933558742
    efficiency: 0.727271
    discharge_ratio: 5
    depth_of_discharge: 0.5
  VRBF:
    cost: 207.526
    lifetime: 24.8477
    annual_cost: 8.351919896006471
    efficiency: 0.731265
    discharge_ratio: 0.5
    depth_of_discharge: 1.0
