cost_values:
  wind_capex: 5000.0
  wind_opex: 100
  wind_lifetime: 20
  solar_capex: 1000.0
  solar_opex: 10
  solar_lifetime: 20
  carbon_price: 1.0
timeseries_values:
  load_level: 252142.46085170782
  wind_year: 2010
  solar_year: 2018
  price_year: 2023
  carbon_year: 2023
storage_values:
  CAES:
    cost: 48.2969
    lifetime: 24.2035
    annual_cost: 1.995451071126077
    efficiency: 0.568875
    discharge_ratio: 0.1
    depth_of_discharge: 0.4
  Li-ion:
    cost: 216.408
    lifetime: 19.7095
    annual_cost: 10.979882797635659
    efficiency: 0.85884
    discharge_ratio: 2
    depth_of_discharge: 0.9
  Pb-acid:
    cost: 152.171
    lifetime: 12.4754
    annual_cost: 12.197685044166919
    efficiency: 0.726878
    discharge_ratio: 5
    depth_of_discharge: 0.5
  VRBF:
    cost: 177.779
    lifetime: 25.0679
    annual_cost: 7.091898403934912
    efficiency: 0.747034
    discharge_ratio: 0.5
    depth_of_discharge: 1.0
