cost_values:
  wind_capex: 5000.0
  wind_opex: 100
  wind_lifetime: 20
  solar_capex: 1000.0
  solar_opex: 10
  solar_lifetime: 20
  carbon_price: 1.0
timeseries_values:
  load_level: 252142.46085170782
  wind_year: 2010
  solar_year: 2018
  price_year: 2023
  carbon_year: 2023
storage_values:
  CAES:
    cost: 55.3463
    lifetime: 24.2136
    annual_cost: 2.2857526348828756
    efficiency: 0.567704
    discharge_ratio: 0.1
    depth_of_discharge: 0.4
  Li-ion:
    cost: 214.57
    lifetime: 23.155
    annual_cost: 9.266681062405528
    efficiency: 0.866421
    discharge_ratio: 2
    depth_of_discharge: 0.9
  Pb-acid:
    cost: 133.739
    lifetime: 10.2972
    annual_cost: 12.98789962319854
    efficiency: 0.733611
    discharge_ratio: 5
    depth_of_discharge: 0.5
  VRBF:
    cost: 194.157
    lifetime: 23.0757
    annual_cost: 8.41391593754469
    efficiency: 0.745875
    discharge_ratio: 0.5
    depth_of_discharge: 1.0
