cost_values:
  wind_capex: 5000.0
  wind_opex: 100
  wind_lifetime: 20
  solar_capex: 1000.0
  solar_opex: 10
  solar_lifetime: 20
  carbon_price: 1.0
timeseries_values:
  load_level: 252142.46085170782
  wind_year: 2010
  solar_year: 2018
  price_year: 2023
  carbon_year: 2023
storage_values:
  CAES:
    cost: 60.8075
    lifetime: 23.8007
    annual_cost: 2.554861831794863
    efficiency: 0.564377
    discharge_ratio: 0.1
    depth_of_discharge: 0.4
  Li-ion:
    cost: 229.056
    lifetime: 21.746
    annual_cost: 10.533247493791963
    efficiency: 0.864692
    discharge_ratio: 2
    depth_of_discharge: 0.9
  Pb-acid:
    cost: 138.134
    lifetime: 11.1786
    annual_cost: 12.357003560374286
    efficiency: 0.736651
    discharge_ratio: 5
    depth_of_discharge: 0.5
  VRBF:
    cost: 183.377
    lifetime: 23.0748
    annual_cost: 7.9470677969039825
    efficiency: 0.766273
    discharge_ratio: 0.5
    depth_of_discharge: 1.0
