cost_values:
  wind_capex: 5000.0
  wind_opex: 100
  wind_lifetime: 20
  solar_capex: 1000.0
  solar_opex: 10
  solar_lifetime: 20
  carbon_price: 1.0
timeseries_values:
  load_level: 252142.46085170782
  wind_year: 2010
  solar_year: 2018
  price_year: 2023
  carbon_year: 2023
storage_values:
  CAES:
    cost: 42.8396
    lifetime: 24.7277
    annual_cost: 1.732453887745322
    efficiency: 0.56169
    discharge_ratio: 0.1
    depth_of_discharge: 0.4
  Li-ion:
    cost: 252.349
    lifetime: 23.7078
    annual_cost: 10.644133998093455
    efficiency: 0.874301
    discharge_ratio: 2
    depth_of_discharge: 0.9
  Pb-acid:
    cost: 136.453
    lifetime: 12.0179
    annual_cost: 11.354146731126072
    efficiency: 0.73038
    discharge_ratio: 5
    depth_of_discharge: 0.5
  VRBF:
    cost: 161.173
    lifetime: 23.5347
    annual_cost: 6.84831334157648
    efficiency: 0.724226
    discharge_ratio: 0.5
    depth_of_discharge: 1.0
