cost_values:
  wind_capex: 5000.0
  wind_opex: 100
  wind_lifetime: 20
  solar_capex: 1000.0
  solar_opex: 10
  solar_lifetime: 20
  carbon_price: 1.0
timeseries_values:
  load_level: 252142.46085170782
  wind_year: 2010
  solar_year: 2018
  price_year: 2023
  carbon_year: 2023
storage_values:
  CAES:
    cost: 49.9712
    lifetime: 25.0341
    annual_cost: 1.9961252851111086
    efficiency: 0.567201
    discharge_ratio: 0.1
    depth_of_discharge: 0.4
  Li-ion:
    cost: 223.979
    lifetime: 21.3061
    annual_cost: 10.512435405822746
    efficiency: 0.866453
    discharge_ratio: 2
    depth_of_discharge: 0.9
  Pb-acid:
    cost: 151.798
    lifetime: 11.4484
    annual_cost: 13.259320079661787
    efficiency: 0.743708
    discharge_ratio: 5
    depth_of_discharge: 0.5
  VRBF:
    cost: 204.392
    lifetime: 23.4714
    annual_cost: 8.708129894254284
    efficiency: 0.745014
    discharge_ratio: 0.5
    depth_of_discharge: 1.0
