cost_values:
  wind_capex: 5000.0
  wind_opex: 100
  wind_lifetime: 20
  solar_capex: 1000.0
  solar_opex: 10
  solar_lifetime: 20
  carbon_price: 1.0
timeseries_values:
  load_level: 252142.46085170782
  wind_year: 2010
  solar_year: 2018
  price_year: 2023
  carbon_year: 2023
storage_values:
  CAES:
    cost: 47.5095
    lifetime: 24.0932
    annual_cost: 1.9719049358325171
    efficiency: 0.559656
    discharge_ratio: 0.1
    depth_of_discharge: 0.4
  Li-ion:
    cost: 247.308
    lifetime: 21.4967
    annual_cost: 11.504463475789306
    efficiency: 0.860313
    discharge_ratio: 2
    depth_of_discharge: 0.9
  Pb-acid:
    cost: 137.232
    lifetime: 10.3622
    annual_cost: 13.243519715890448
    efficiency: 0.720455
    discharge_ratio: 5
    depth_of_discharge: 0.5
  VRBF:
    cost: 209.642
    lifetime: 23.9791
    annual_cost: 8.742696765099607
    efficiency: 0.746511
    discharge_ratio: 0.5
    depth_of_discharge: 1.0
