cost_values:
  wind_capex: 5000.0
  wind_opex: 100
  wind_lifetime: 20
  solar_capex: 1000.0
  solar_opex: 10
  solar_lifetime: 20
  carbon_price: 1.0
timeseries_values:
  load_level: 252142.46085170782
  wind_year: 2010
  solar_year: 2018
  price_year: 2023
  carbon_year: 2023
storage_values:
  CAES:
    cost: 45.5212
    lifetime: 25.1329
    annual_cost: 1.8112195568358607
    efficiency: 0.564623
    discharge_ratio: 0.1
    depth_of_discharge: 0.4
  Li-ion:
    cost: 227.407
    lifetime: 21.1049
    annual_cost: 10.775080668470356
    efficiency: 0.857372
    discharge_ratio: 2
    depth_of_discharge: 0.9
  Pb-acid:
    cost: 139.286
    lifetime: 9.9509
    annual_cost: 13.997326874956034
    efficiency: 0.721505
    discharge_ratio: 5
    depth_of_discharge: 0.5
  VRBF:
    cost: 165.88
    lifetime: 25.4779
    annual_cost: 6.51074068113934
    efficiency: 0.73171
    discharge_ratio: 0.5
    depth_of_discharge: 1.0
