cost_values:
  wind_capex: 5000.0
  wind_opex: 100
  wind_lifetime: 20
  solar_capex: 1000.0
  solar_opex: 10
  solar_lifetime: 20
  carbon_price: 1.0
timeseries_values:
  load_level: 252142.46085170782
  wind_year: 2010
  solar_year: 2018
  price_year: 2023
  carbon_year: 2023
storage_values:
  CAES:
    cost: 49.2733
    lifetime: 24.3005
    annual_cost: 2.0276660974054033
    efficiency: 0.562131
    discharge_ratio: 0.1
    depth_of_discharge: 0.4
  Li-ion:
    cost: 227.965
    lifetime: 23.2508
    annual_cost: 9.804608873673164
    efficiency: 0.850706
    discharge_ratio: 2
    depth_of_discharge: 0.9
  Pb-acid:
    cost: 107.366
    lifetime: 9.55919
    annual_cost: 11.23170477833373
    efficiency: 0.730333
    discharge_ratio: 5
    depth_of_discharge: 0.5
  VRBF:
    cost: 163.342
    lifetime: 21.9579
    annual_cost: 7.438871658947351
    efficiency: 0.742991
    discharge_ratio: 0.5
    depth_of_discharge: 1.0
