cost_values:
  wind_capex: 5000.0
  wind_opex: 100
  wind_lifetime: 20
  solar_capex: 1000.0
  solar_opex: 10
  solar_lifetime: 20
  carbon_price: 1.0
timeseries_values:
  load_level: 252142.46085170782
  wind_year: 2010
  solar_year: 2018
  price_year: 2023
  carbon_year: 2023
storage_values:
  CAES:
    cost: 48.8246
    lifetime: 23.4603
    annual_cost: 2.0811583824588773
    efficiency: 0.561044
    discharge_ratio: 0.1
    depth_of_discharge: 0.4
  Li-ion:
    cost: 224.336
    lifetime: 23.9698
    annual_cost: 9.359110213685556
    efficiency: 0.860279
    discharge_ratio: 2
    depth_of_discharge: 0.9
  Pb-acid:
    cost: 136.87
    lifetime: 9.83356
    annual_cost: 13.91866221388795
    efficiency: 0.722551
    discharge_ratio: 5
    depth_of_discharge: 0.5
  VRBF:
    cost: 172.709
    lifetime: 22.4288
    annual_cost: 7.700322799258097
    efficiency: 0.730783
    discharge_ratio: 0.5
    depth_of_discharge: 1.0
