cost_values:
  wind_capex: 5000.0
  wind_opex: 100
  wind_lifetime: 20
  solar_capex: 1000.0
  solar_opex: 10
  solar_lifetime: 20
  carbon_price: 1.0
timeseries_values:
  load_level: 239872.07875022164
  wind_year: 2013
  solar_year: 2018
  price_year: 2023
  carbon_year: 2023
storage_values:
  CAES:
    cost: 29.0122
    lifetime: 23.0723
    annual_cost: 1.2574472419308003
    efficiency: 0.595618
    discharge_ratio: 0.1
    depth_of_discharge: 0.4
  Li-ion:
    cost: 188.071
    lifetime: 23.7193
    annual_cost: 7.929028259687259
    efficiency: 0.888672
    discharge_ratio: 2
    depth_of_discharge: 0.9
  Pb-acid:
    cost: 109.02
    lifetime: 15.25
    annual_cost: 7.1488524590163935
    efficiency: 0.73468
    discharge_ratio: 5
    depth_of_discharge: 0.5
  VRBF:
    cost: 208.794
    lifetime: 21.8509
    annual_cost: 9.555395887583579
    efficiency: 0.746316
    discharge_ratio: 0.5
    depth_of_discharge: 1.0
