cost_values:
  wind_capex: 5000.0
  wind_opex: 100
  wind_lifetime: 20
  solar_capex: 1000.0
  solar_opex: 10
  solar_lifetime: 20
  carbon_price: 1.0
timeseries_values:
  load_level: 239872.07875022164
  wind_year: 2013
  solar_year: 2018
  price_year: 2023
  carbon_year: 2023
storage_values:
  CAES:
    cost: 25.6799
    lifetime: 22.6466
    annual_cost: 1.1339406356804111
    efficiency: 0.590893
    discharge_ratio: 0.1
    depth_of_discharge: 0.4
  Li-ion:
    cost: 204.894
    lifetime: 23.9691
    annual_cost: 8.548255879444785
    efficiency: 0.896259
    discharge_ratio: 2
    depth_of_discharge: 0.9
  Pb-acid:
    cost: 139.687
    lifetime: 14.0131
    annual_cost: 9.96831536205408
    efficiency: 0.722047
    discharge_ratio: 5
    depth_of_discharge: 0.5
  VRBF:
    cost: 189.588
    lifetime: 20.9224
    annual_cost: 9.061484342140481
    efficiency: 0.744525
    discharge_ratio: 0.5
    depth_of_discharge: 1.0
