cost_values:
  wind_capex: 5000.0
  wind_opex: 100
  wind_lifetime: 20
  solar_capex: 1000.0
  solar_opex: 10
  solar_lifetime: 20
  carbon_price: 1.0
timeseries_values:
  load_level: 239872.07875022164
  wind_year: 2013
  solar_year: 2018
  price_year: 2023
  carbon_year: 2023
storage_values:
  CAES:
    cost: 25.9157
    lifetime: 22.6272
    annual_cost: 1.1453339343798616
    efficiency: 0.608922
    discharge_ratio: 0.1
    depth_of_discharge: 0.4
  Li-ion:
    cost: 193.871
    lifetime: 24.9245
    annual_cost: 7.778330558286025
    efficiency: 0.907906
    discharge_ratio: 2
    depth_of_discharge: 0.9
  Pb-acid:
    cost: 130.864
    lifetime: 13.6441
    annual_cost: 9.591251896424096
    efficiency: 0.731975
    discharge_ratio: 5
    depth_of_discharge: 0.5
  VRBF:
    cost: 216.075
    lifetime: 21.6252
    annual_cost: 9.991815104600189
    efficiency: 0.724913
    discharge_ratio: 0.5
    depth_of_discharge: 1.0
