cost_values:
  wind_capex: 5000.0
  wind_opex: 100
  wind_lifetime: 20
  solar_capex: 1000.0
  solar_opex: 10
  solar_lifetime: 20
  carbon_price: 1.0
timeseries_values:
  load_level: 239872.07875022164
  wind_year: 2013
  solar_year: 2018
  price_year: 2023
  carbon_year: 2023
storage_values:
  CAES:
    cost: 25.8311
    lifetime: 22.3167
    annual_cost: 1.1574784802412543
    efficiency: 0.596894
    discharge_ratio: 0.1
    depth_of_discharge: 0.4
  Li-ion:
    cost: 175.695
    lifetime: 23.7916
    annual_cost: 7.384749239227291
    efficiency: 0.903046
    discharge_ratio: 2
    depth_of_discharge: 0.9
  Pb-acid:
    cost: 106.115
    lifetime: 13.9074
    annual_cost: 7.630110588607503
    efficiency: 0.737775
    discharge_ratio: 5
    depth_of_discharge: 0.5
  VRBF:
    cost: 194.431
    lifetime: 18.5996
    annual_cost: 10.453504376438204
    efficiency: 0.762308
    discharge_ratio: 0.5
    depth_of_discharge: 1.0
