cost_values:
  wind_capex: 5000.0
  wind_opex: 100
  wind_lifetime: 20
  solar_capex: 1000.0
  solar_opex: 10
  solar_lifetime: 20
  carbon_price: 1.0
timeseries_values:
  load_level: 239872.07875022164
  wind_year: 2013
  solar_year: 2018
  price_year: 2023
  carbon_year: 2023
storage_values:
  CAES:
    cost: 23.9092
    lifetime: 23.1187
    annual_cost: 1.034193099092942
    efficiency: 0.589367
    discharge_ratio: 0.1
    depth_of_discharge: 0.4
  Li-ion:
    cost: 209.923
    lifetime: 25.7951
    annual_cost: 8.138095994975789
    efficiency: 0.899395
    discharge_ratio: 2
    depth_of_discharge: 0.9
  Pb-acid:
    cost: 119.8
    lifetime: 13.7486
    annual_cost: 8.713614477110397
    efficiency: 0.727655
    discharge_ratio: 5
    depth_of_discharge: 0.5
  VRBF:
    cost: 198.665
    lifetime: 19.1152
    annual_cost: 10.39303800117184
    efficiency: 0.737144
    discharge_ratio: 0.5
    depth_of_discharge: 1.0
