cost_values:
  wind_capex: 5000.0
  wind_opex: 100
  wind_lifetime: 20
  solar_capex: 1000.0
  solar_opex: 10
  solar_lifetime: 20
  carbon_price: 1.0
timeseries_values:
  load_level: 239872.07875022164
  wind_year: 2013
  solar_year: 2018
  price_year: 2023
  carbon_year: 2023
storage_values:
  CAES:
    cost: 27.9989
    lifetime: 22.8387
    annual_cost: 1.225941056189713
    efficiency: 0.601912
    discharge_ratio: 0.1
    depth_of_discharge: 0.4
  Li-ion:
    cost: 213.53
    lifetime: 24.9665
    annual_cost: 8.55266056515731
    efficiency: 0.891506
    discharge_ratio: 2
    depth_of_discharge: 0.9
  Pb-acid:
    cost: 129.0
    lifetime: 13.9573
    annual_cost: 9.242475263840428
    efficiency: 0.736991
    discharge_ratio: 5
    depth_of_discharge: 0.5
  VRBF:
    cost: 171.376
    lifetime: 20.0442
    annual_cost: 8.549904710589598
    efficiency: 0.739705
    discharge_ratio: 0.5
    depth_of_discharge: 1.0
