cost_values:
  wind_capex: 5000.0
  wind_opex: 100
  wind_lifetime: 20
  solar_capex: 1000.0
  solar_opex: 10
  solar_lifetime: 20
  carbon_price: 1.0
timeseries_values:
  load_level: 239872.07875022164
  wind_year: 2013
  solar_year: 2018
  price_year: 2023
  carbon_year: 2023
storage_values:
  CAES:
    cost: 26.8902
    lifetime: 22.3604
    annual_cost: 1.2025813491708557
    efficiency: 0.592137
    discharge_ratio: 0.1
    depth_of_discharge: 0.4
  Li-ion:
    cost: 188.914
    lifetime: 26.3221
    annual_cost: 7.177010952773525
    efficiency: 0.901268
    discharge_ratio: 2
    depth_of_discharge: 0.9
  Pb-acid:
    cost: 136.583
    lifetime: 13.6061
    annual_cost: 10.038365145045237
    efficiency: 0.720972
    discharge_ratio: 5
    depth_of_discharge: 0.5
  VRBF:
    cost: 225.873
    lifetime: 21.0272
    annual_cost: 10.74194376807183
    efficiency: 0.710362
    discharge_ratio: 0.5
    depth_of_discharge: 1.0
