cost_values:
  wind_capex: 5000.0
  wind_opex: 100
  wind_lifetime: 20
  solar_capex: 1000.0
  solar_opex: 10
  solar_lifetime: 20
  carbon_price: 1.0
timeseries_values:
  load_level: 239872.07875022164
  wind_year: 2013
  solar_year: 2018
  price_year: 2023
  carbon_year: 2023
storage_values:
  CAES:
    cost: 26.2618
    lifetime: 23.0717
    annual_cost: 1.138268961541629
    efficiency: 0.607908
    discharge_ratio: 0.1
    depth_of_discharge: 0.4
  Li-ion:
    cost: 189.616
    lifetime: 25.3814
    annual_cost: 7.470667496670791
    efficiency: 0.888668
    discharge_ratio: 2
    depth_of_discharge: 0.9
  Pb-acid:
    cost: 122.442
    lifetime: 13.0481
    annual_cost: 9.38389497321449
    efficiency: 0.728112
    discharge_ratio: 5
    depth_of_discharge: 0.5
  VRBF:
    cost: 208.075
    lifetime: 19.5
    annual_cost: 10.67051282051282
    efficiency: 0.735815
    discharge_ratio: 0.5
    depth_of_discharge: 1.0
