cost_values:
  wind_capex: 5000.0
  wind_opex: 100
  wind_lifetime: 20
  solar_capex: 1000.0
  solar_opex: 10
  solar_lifetime: 20
  carbon_price: 1.0
timeseries_values:
  load_level: 239872.07875022164
  wind_year: 2013
  solar_year: 2018
  price_year: 2023
  carbon_year: 2023
storage_values:
  CAES:
    cost: 24.5284
    lifetime: 21.6063
    annual_cost: 1.135242961543624
    efficiency: 0.586696
    discharge_ratio: 0.1
    depth_of_discharge: 0.4
  Li-ion:
    cost: 203.141
    lifetime: 23.7195
    annual_cost: 8.564303632032715
    efficiency: 0.897581
    discharge_ratio: 2
    depth_of_discharge: 0.9
  Pb-acid:
    cost: 142.903
    lifetime: 15.0175
    annual_cost: 9.51576494090228
    efficiency: 0.714167
    discharge_ratio: 5
    depth_of_discharge: 0.5
  VRBF:
    cost: 187.254
    lifetime: 18.9222
    annual_cost: 9.895995180264451
    efficiency: 0.74238
    discharge_ratio: 0.5
    depth_of_discharge: 1.0
