cost_values:
  wind_capex: 5000.0
  wind_opex: 100
  wind_lifetime: 20
  solar_capex: 1000.0
  solar_opex: 10
  solar_lifetime: 20
  carbon_price: 1.0
timeseries_values:
  load_level: 239872.07875022164
  wind_year: 2013
  solar_year: 2018
  price_year: 2023
  carbon_year: 2023
storage_values:
  CAES:
    cost: 27.2881
    lifetime: 22.1318
    annual_cost: 1.2329815017305417
    efficiency: 0.602393
    discharge_ratio: 0.1
    depth_of_discharge: 0.4
  Li-ion:
    cost: 195.756
    lifetime: 25.7101
    annual_cost: 7.613972718892575
    efficiency: 0.903728
    discharge_ratio: 2
    depth_of_discharge: 0.9
  Pb-acid:
    cost: 140.71
    lifetime: 14.3455
    annual_cost: 9.808650796416996
    efficiency: 0.740715
    discharge_ratio: 5
    depth_of_discharge: 0.5
  VRBF:
    cost: 168.1
    lifetime: 19.7403
    annual_cost: 8.515574737972573
    efficiency: 0.742618
    discharge_ratio: 0.5
    depth_of_discharge: 1.0
