cost_values:
  wind_capex: 5000.0
  wind_opex: 100
  wind_lifetime: 20
  solar_capex: 1000.0
  solar_opex: 10
  solar_lifetime: 20
  carbon_price: 1.0
timeseries_values:
  load_level: 239872.07875022164
  wind_year: 2013
  solar_year: 2018
  price_year: 2023
  carbon_year: 2023
storage_values:
  CAES:
    cost: 27.7759
    lifetime: 22.9355
    annual_cost: 1.2110440147369796
    efficiency: 0.602788
    discharge_ratio: 0.1
    depth_of_discharge: 0.4
  Li-ion:
    cost: 197.433
    lifetime: 23.2197
    annual_cost: 8.502823033889326
    efficiency: 0.905711
    discharge_ratio: 2
    depth_of_discharge: 0.9
  Pb-acid:
    cost: 140.284
    lifetime: 15.1026
    annual_cost: 9.288731741554434
    efficiency: 0.719466
    discharge_ratio: 5
    depth_of_discharge: 0.5
  VRBF:
    cost: 203.126
    lifetime: 20.0685
    annual_cost: 10.121633405585868
    efficiency: 0.74959
    discharge_ratio: 0.5
    depth_of_discharge: 1.0
