cost_values:
  wind_capex: 5000.0
  wind_opex: 100
  wind_lifetime: 20
  solar_capex: 1000.0
  solar_opex: 10
  solar_lifetime: 20
  carbon_price: 1.0
timeseries_values:
  load_level: 239872.07875022164
  wind_year: 2013
  solar_year: 2018
  price_year: 2023
  carbon_year: 2023
storage_values:
  CAES:
    cost: 25.1131
    lifetime: 22.5772
    annual_cost: 1.1123212798752724
    efficiency: 0.595654
    discharge_ratio: 0.1
    depth_of_discharge: 0.4
  Li-ion:
    cost: 177.2
    lifetime: 24.8263
    annual_cost: 7.137591989140548
    efficiency: 0.893227
    discharge_ratio: 2
    depth_of_discharge: 0.9
  Pb-acid:
    cost: 115.121
    lifetime: 13.8266
    annual_cost: 8.326052681064036
    efficiency: 0.730113
    discharge_ratio: 5
    depth_of_discharge: 0.5
  VRBF:
    cost: 214.069
    lifetime: 19.2573
    annual_cost: 11.11625201871498
    efficiency: 0.713852
    discharge_ratio: 0.5
    depth_of_discharge: 1.0
