cost_values:
  wind_capex: 5000.0
  wind_opex: 100
  wind_lifetime: 20
  solar_capex: 1000.0
  solar_opex: 10
  solar_lifetime: 20
  carbon_price: 1.0
timeseries_values:
  load_level: 239872.07875022164
  wind_year: 2013
  solar_year: 2018
  price_year: 2023
  carbon_year: 2023
storage_values:
  CAES:
    cost: 30.0668
    lifetime: 22.9274
    annual_cost: 1.3113916100386438
    efficiency: 0.595421
    discharge_ratio: 0.1
    depth_of_discharge: 0.4
  Li-ion:
    cost: 174.873
    lifetime: 23.5005
    annual_cost: 7.441245930937639
    efficiency: 0.894787
    discharge_ratio: 2
    depth_of_discharge: 0.9
  Pb-acid:
    cost: 138.515
    lifetime: 15.0514
    annual_cost: 9.202798410779064
    efficiency: 0.729353
    discharge_ratio: 5
    depth_of_discharge: 0.5
  VRBF:
    cost: 184.356
    lifetime: 19.9529
    annual_cost: 9.2395591618261
    efficiency: 0.734879
    discharge_ratio: 0.5
    depth_of_discharge: 1.0
