cost_values:
  wind_capex: 5000.0
  wind_opex: 100
  wind_lifetime: 20
  solar_capex: 1000.0
  solar_opex: 10
  solar_lifetime: 20
  carbon_price: 1.0
timeseries_values:
  load_level: 239872.07875022164
  wind_year: 2013
  solar_year: 2018
  price_year: 2023
  carbon_year: 2023
storage_values:
  CAES:
    cost: 25.2909
    lifetime: 23.5188
    annual_cost: 1.0753482320526557
    efficiency: 0.606272
    discharge_ratio: 0.1
    depth_of_discharge: 0.4
  Li-ion:
    cost: 181.808
    lifetime: 23.7364
    annual_cost: 7.659459732731164
    efficiency: 0.894858
    discharge_ratio: 2
    depth_of_discharge: 0.9
  Pb-acid:
    cost: 132.998
    lifetime: 14.3185
    annual_cost: 9.28854279428711
    efficiency: 0.742156
    discharge_ratio: 5
    depth_of_discharge: 0.5
  VRBF:
    cost: 177.973
    lifetime: 21.0806
    annual_cost: 8.442501636575809
    efficiency: 0.745325
    discharge_ratio: 0.5
    depth_of_discharge: 1.0
