cost_values:
  wind_capex: 5000.0
  wind_opex: 100
  wind_lifetime: 20
  solar_capex: 1000.0
  solar_opex: 10
  solar_lifetime: 20
  carbon_price: 1.0
timeseries_values:
  load_level: 239872.07875022164
  wind_year: 2013
  solar_year: 2018
  price_year: 2023
  carbon_year: 2023
storage_values:
  CAES:
    cost: 25.5833
    lifetime: 21.9899
    annual_cost: 1.163411384317346
    efficiency: 0.595129
    discharge_ratio: 0.1
    depth_of_discharge: 0.4
  Li-ion:
    cost: 182.711
    lifetime: 22.7497
    annual_cost: 8.031358655278972
    efficiency: 0.922128
    discharge_ratio: 2
    depth_of_discharge: 0.9
  Pb-acid:
    cost: 128.293
    lifetime: 15.2124
    annual_cost: 8.43344902842418
    efficiency: 0.731569
    discharge_ratio: 5
    depth_of_discharge: 0.5
  VRBF:
    cost: 175.786
    lifetime: 19.5947
    annual_cost: 8.971099327879477
    efficiency: 0.738481
    discharge_ratio: 0.5
    depth_of_discharge: 1.0
