cost_values:
  wind_capex: 5000.0
  wind_opex: 100
  wind_lifetime: 20
  solar_capex: 1000.0
  solar_opex: 10
  solar_lifetime: 20
  carbon_price: 1.0
timeseries_values:
  load_level: 239872.07875022164
  wind_year: 2013
  solar_year: 2018
  price_year: 2023
  carbon_year: 2023
storage_values:
  CAES:
    cost: 26.9799
    lifetime: 22.7207
    annual_cost: 1.187459013146602
    efficiency: 0.603537
    discharge_ratio: 0.1
    depth_of_discharge: 0.4
  Li-ion:
    cost: 176.781
    lifetime: 24.7038
    annual_cost: 7.156024579214534
    efficiency: 0.896721
    discharge_ratio: 2
    depth_of_discharge: 0.9
  Pb-acid:
    cost: 132.973
    lifetime: 15.5104
    annual_cost: 8.573150918093667
    efficiency: 0.735002
    discharge_ratio: 5
    depth_of_discharge: 0.5
  VRBF:
    cost: 233.508
    lifetime: 21.2903
    annual_cost: 10.967811632527491
    efficiency: 0.737755
    discharge_ratio: 0.5
    depth_of_discharge: 1.0
