cost_values:
  wind_capex: 5000.0
  wind_opex: 100
  wind_lifetime: 20
  solar_capex: 1000.0
  solar_opex: 10
  solar_lifetime: 20
  carbon_price: 1.0
timeseries_values:
  load_level: 239872.07875022164
  wind_year: 2013
  solar_year: 2018
  price_year: 2023
  carbon_year: 2023
storage_values:
  CAES:
    cost: 26.6332
    lifetime: 23.0723
    annual_cost: 1.154336585429281
    efficiency: 0.606474
    discharge_ratio: 0.1
    depth_of_discharge: 0.4
  Li-ion:
    cost: 204.846
    lifetime: 25.8034
    annual_cost: 7.938721253788261
    efficiency: 0.903123
    discharge_ratio: 2
    depth_of_discharge: 0.9
  Pb-acid:
    cost: 109.377
    lifetime: 14.0899
    annual_cost: 7.762794625937728
    efficiency: 0.725258
    discharge_ratio: 5
    depth_of_discharge: 0.5
  VRBF:
    cost: 192.437
    lifetime: 20.1648
    annual_cost: 9.543213917321273
    efficiency: 0.754297
    discharge_ratio: 0.5
    depth_of_discharge: 1.0
