cost_values:
  wind_capex: 5000.0
  wind_opex: 100
  wind_lifetime: 20
  solar_capex: 1000.0
  solar_opex: 10
  solar_lifetime: 20
  carbon_price: 1.0
timeseries_values:
  load_level: 239872.07875022164
  wind_year: 2013
  solar_year: 2018
  price_year: 2023
  carbon_year: 2023
storage_values:
  CAES:
    cost: 25.7011
    lifetime: 23.0525
    annual_cost: 1.114894263095109
    efficiency: 0.606393
    discharge_ratio: 0.1
    depth_of_discharge: 0.4
  Li-ion:
    cost: 179.498
    lifetime: 24.2818
    annual_cost: 7.392285580146447
    efficiency: 0.897406
    discharge_ratio: 2
    depth_of_discharge: 0.9
  Pb-acid:
    cost: 122.822
    lifetime: 14.179
    annual_cost: 8.662246984977784
    efficiency: 0.733592
    discharge_ratio: 5
    depth_of_discharge: 0.5
  VRBF:
    cost: 173.366
    lifetime: 21.3966
    annual_cost: 8.102502266715273
    efficiency: 0.746859
    discharge_ratio: 0.5
    depth_of_discharge: 1.0
