cost_values:
  wind_capex: 5000.0
  wind_opex: 100
  wind_lifetime: 20
  solar_capex: 1000.0
  solar_opex: 10
  solar_lifetime: 20
  carbon_price: 1.0
timeseries_values:
  load_level: 239872.07875022164
  wind_year: 2013
  solar_year: 2018
  price_year: 2023
  carbon_year: 2023
storage_values:
  CAES:
    cost: 31.0215
    lifetime: 23.0846
    annual_cost: 1.3438179565597845
    efficiency: 0.591455
    discharge_ratio: 0.1
    depth_of_discharge: 0.4
  Li-ion:
    cost: 197.058
    lifetime: 23.6333
    annual_cost: 8.338149983286295
    efficiency: 0.912523
    discharge_ratio: 2
    depth_of_discharge: 0.9
  Pb-acid:
    cost: 138.359
    lifetime: 14.9512
    annual_cost: 9.254039809513618
    efficiency: 0.73495
    discharge_ratio: 5
    depth_of_discharge: 0.5
  VRBF:
    cost: 174.338
    lifetime: 18.3801
    annual_cost: 9.485149699947225
    efficiency: 0.724603
    discharge_ratio: 0.5
    depth_of_discharge: 1.0
