cost_values:
  wind_capex: 5000.0
  wind_opex: 100
  wind_lifetime: 20
  solar_capex: 1000.0
  solar_opex: 10
  solar_lifetime: 20
  carbon_price: 1.0
timeseries_values:
  load_level: 239872.07875022164
  wind_year: 2013
  solar_year: 2018
  price_year: 2023
  carbon_year: 2023
storage_values:
  CAES:
    cost: 29.8647
    lifetime: 22.3973
    annual_cost: 1.3334062587901219
    efficiency: 0.59615
    discharge_ratio: 0.1
    depth_of_discharge: 0.4
  Li-ion:
    cost: 200.274
    lifetime: 24.2224
    annual_cost: 8.268131977013013
    efficiency: 0.897413
    discharge_ratio: 2
    depth_of_discharge: 0.9
  Pb-acid:
    cost: 128.508
    lifetime: 13.5434
    annual_cost: 9.488606996765952
    efficiency: 0.72559
    discharge_ratio: 5
    depth_of_discharge: 0.5
  VRBF:
    cost: 154.157
    lifetime: 18.4441
    annual_cost: 8.358065722914104
    efficiency: 0.728665
    discharge_ratio: 0.5
    depth_of_discharge: 1.0
