cost_values:
  wind_capex: 5000.0
  wind_opex: 100
  wind_lifetime: 20
  solar_capex: 1000.0
  solar_opex: 10
  solar_lifetime: 20
  carbon_price: 1.0
timeseries_values:
  load_level: 239872.07875022164
  wind_year: 2013
  solar_year: 2018
  price_year: 2023
  carbon_year: 2023
storage_values:
  CAES:
    cost: 26.2289
    lifetime: 23.2695
    annual_cost: 1.127179354949612
    efficiency: 0.585014
    discharge_ratio: 0.1
    depth_of_discharge: 0.4
  Li-ion:
    cost: 184.334
    lifetime: 23.0467
    annual_cost: 7.998281749664811
    efficiency: 0.891324
    discharge_ratio: 2
    depth_of_discharge: 0.9
  Pb-acid:
    cost: 125.83
    lifetime: 14.6154
    annual_cost: 8.609411990092642
    efficiency: 0.73455
    discharge_ratio: 5
    depth_of_discharge: 0.5
  VRBF:
    cost: 180.323
    lifetime: 20.4764
    annual_cost: 8.806381981207634
    efficiency: 0.747109
    discharge_ratio: 0.5
    depth_of_discharge: 1.0
