cost_values:
  wind_capex: 5000.0
  wind_opex: 100
  wind_lifetime: 20
  solar_capex: 1000.0
  solar_opex: 10
  solar_lifetime: 20
  carbon_price: 1.0
timeseries_values:
  load_level: 239872.07875022164
  wind_year: 2013
  solar_year: 2018
  price_year: 2023
  carbon_year: 2023
storage_values:
  CAES:
    cost: 27.4948
    lifetime: 23.0789
    annual_cost: 1.191339275268752
    efficiency: 0.591491
    discharge_ratio: 0.1
    depth_of_discharge: 0.4
  Li-ion:
    cost: 190.355
    lifetime: 24.5091
    annual_cost: 7.766707059826758
    efficiency: 0.91103
    discharge_ratio: 2
    depth_of_discharge: 0.9
  Pb-acid:
    cost: 118.311
    lifetime: 13.7275
    annual_cost: 8.618539428155165
    efficiency: 0.712131
    discharge_ratio: 5
    depth_of_discharge: 0.5
  VRBF:
    cost: 206.237
    lifetime: 19.7094
    annual_cost: 10.46389032644322
    efficiency: 0.735447
    discharge_ratio: 0.5
    depth_of_discharge: 1.0
