cost_values:
  wind_capex: 5000.0
  wind_opex: 100
  wind_lifetime: 20
  solar_capex: 1000.0
  solar_opex: 10
  solar_lifetime: 20
  carbon_price: 1.0
timeseries_values:
  load_level: 239872.07875022164
  wind_year: 2013
  solar_year: 2018
  price_year: 2023
  carbon_year: 2023
storage_values:
  CAES:
    cost: 30.531
    lifetime: 23.1679
    annual_cost: 1.3178147350428826
    efficiency: 0.594741
    discharge_ratio: 0.1
    depth_of_discharge: 0.4
  Li-ion:
    cost: 189.419
    lifetime: 26.4537
    annual_cost: 7.160397222316727
    efficiency: 0.902725
    discharge_ratio: 2
    depth_of_discharge: 0.9
  Pb-acid:
    cost: 127.832
    lifetime: 13.5034
    annual_cost: 9.466652842987692
    efficiency: 0.726517
    discharge_ratio: 5
    depth_of_discharge: 0.5
  VRBF:
    cost: 187.001
    lifetime: 20.1929
    annual_cost: 9.260730256674375
    efficiency: 0.721428
    discharge_ratio: 0.5
    depth_of_discharge: 1.0
