cost_values:
  wind_capex: 5000.0
  wind_opex: 100
  wind_lifetime: 20
  solar_capex: 1000.0
  solar_opex: 10
  solar_lifetime: 20
  carbon_price: 1.0
timeseries_values:
  load_level: 239872.07875022164
  wind_year: 2013
  solar_year: 2018
  price_year: 2023
  carbon_year: 2023
storage_values:
  CAES:
    cost: 20.9747
    lifetime: 23.2351
    annual_cost: 0.9027161492741584
    efficiency: 0.604206
    discharge_ratio: 0.1
    depth_of_discharge: 0.4
  Li-ion:
    cost: 189.548
    lifetime: 25.879
    annual_cost: 7.324394296533868
    efficiency: 0.907256
    discharge_ratio: 2
    depth_of_discharge: 0.9
  Pb-acid:
    cost: 130.517
    lifetime: 13.7099
    annual_cost: 9.519908970889649
    efficiency: 0.721776
    discharge_ratio: 5
    depth_of_discharge: 0.5
  VRBF:
    cost: 204.097
    lifetime: 20.2594
    annual_cost: 10.074187784435868
    efficiency: 0.724864
    discharge_ratio: 0.5
    depth_of_discharge: 1.0
