cost_values:
  wind_capex: 5000.0
  wind_opex: 100
  wind_lifetime: 20
  solar_capex: 1000.0
  solar_opex: 10
  solar_lifetime: 20
  carbon_price: 1.0
timeseries_values:
  load_level: 239872.07875022164
  wind_year: 2013
  solar_year: 2018
  price_year: 2023
  carbon_year: 2023
storage_values:
  CAES:
    cost: 27.9694
    lifetime: 23.452
    annual_cost: 1.1926232304281084
    efficiency: 0.603472
    discharge_ratio: 0.1
    depth_of_discharge: 0.4
  Li-ion:
    cost: 200.815
    lifetime: 25.4069
    annual_cost: 7.903955224761777
    efficiency: 0.893272
    discharge_ratio: 2
    depth_of_discharge: 0.9
  Pb-acid:
    cost: 130.533
    lifetime: 13.48
    annual_cost: 9.683456973293767
    efficiency: 0.728493
    discharge_ratio: 5
    depth_of_discharge: 0.5
  VRBF:
    cost: 197.572
    lifetime: 19.6692
    annual_cost: 10.044739999593272
    efficiency: 0.732799
    discharge_ratio: 0.5
    depth_of_discharge: 1.0
