cost_values:
  wind_capex: 5000.0
  wind_opex: 100
  wind_lifetime: 20
  solar_capex: 1000.0
  solar_opex: 10
  solar_lifetime: 20
  carbon_price: 1.0
timeseries_values:
  load_level: 239872.07875022164
  wind_year: 2013
  solar_year: 2018
  price_year: 2023
  carbon_year: 2023
storage_values:
  CAES:
    cost: 27.117
    lifetime: 23.4322
    annual_cost: 1.157253693635254
    efficiency: 0.597136
    discharge_ratio: 0.1
    depth_of_discharge: 0.4
  Li-ion:
    cost: 182.969
    lifetime: 23.8613
    annual_cost: 7.668023116929924
    efficiency: 0.896718
    discharge_ratio: 2
    depth_of_discharge: 0.9
  Pb-acid:
    cost: 132.689
    lifetime: 14.5073
    annual_cost: 9.14636079766738
    efficiency: 0.72581
    discharge_ratio: 5
    depth_of_discharge: 0.5
  VRBF:
    cost: 171.941
    lifetime: 18.3306
    annual_cost: 9.379998472499537
    efficiency: 0.757782
    discharge_ratio: 0.5
    depth_of_discharge: 1.0
