cost_values:
  wind_capex: 5000.0
  wind_opex: 100
  wind_lifetime: 20
  solar_capex: 1000.0
  solar_opex: 10
  solar_lifetime: 20
  carbon_price: 1.0
timeseries_values:
  load_level: 239872.07875022164
  wind_year: 2013
  solar_year: 2018
  price_year: 2023
  carbon_year: 2023
storage_values:
  CAES:
    cost: 27.3665
    lifetime: 22.4346
    annual_cost: 1.219834541288902
    efficiency: 0.593266
    discharge_ratio: 0.1
    depth_of_discharge: 0.4
  Li-ion:
    cost: 174.643
    lifetime: 23.279
    annual_cost: 7.502169337170841
    efficiency: 0.899879
    discharge_ratio: 2
    depth_of_discharge: 0.9
  Pb-acid:
    cost: 126.586
    lifetime: 15.4721
    annual_cost: 8.181565527627148
    efficiency: 0.743694
    discharge_ratio: 5
    depth_of_discharge: 0.5
  VRBF:
    cost: 197.916
    lifetime: 20.2164
    annual_cost: 9.789873567994302
    efficiency: 0.712957
    discharge_ratio: 0.5
    depth_of_discharge: 1.0
