cost_values:
  wind_capex: 5000.0
  wind_opex: 100
  wind_lifetime: 20
  solar_capex: 1000.0
  solar_opex: 10
  solar_lifetime: 20
  carbon_price: 1.0
timeseries_values:
  load_level: 239872.07875022164
  wind_year: 2013
  solar_year: 2018
  price_year: 2023
  carbon_year: 2023
storage_values:
  CAES:
    cost: 22.8274
    lifetime: 22.5384
    annual_cost: 1.0128225606076742
    efficiency: 0.595896
    discharge_ratio: 0.1
    depth_of_discharge: 0.4
  Li-ion:
    cost: 189.324
    lifetime: 24.7155
    annual_cost: 7.660132305638164
    efficiency: 0.899267
    discharge_ratio: 2
    depth_of_discharge: 0.9
  Pb-acid:
    cost: 137.092
    lifetime: 14.1598
    annual_cost: 9.681775166315909
    efficiency: 0.738202
    discharge_ratio: 5
    depth_of_discharge: 0.5
  VRBF:
    cost: 192.262
    lifetime: 21.2828
    annual_cost: 9.033679778976449
    efficiency: 0.746073
    discharge_ratio: 0.5
    depth_of_discharge: 1.0
