cost_values:
  wind_capex: 5000.0
  wind_opex: 100
  wind_lifetime: 20
  solar_capex: 1000.0
  solar_opex: 10
  solar_lifetime: 20
  carbon_price: 1.0
timeseries_values:
  load_level: 239872.07875022164
  wind_year: 2013
  solar_year: 2018
  price_year: 2023
  carbon_year: 2023
storage_values:
  CAES:
    cost: 23.0087
    lifetime: 22.3454
    annual_cost: 1.029683961799744
    efficiency: 0.592951
    discharge_ratio: 0.1
    depth_of_discharge: 0.4
  Li-ion:
    cost: 179.12
    lifetime: 25.4527
    annual_cost: 7.037367351990162
    efficiency: 0.899766
    discharge_ratio: 2
    depth_of_discharge: 0.9
  Pb-acid:
    cost: 142.189
    lifetime: 14.1109
    annual_cost: 10.076536578106285
    efficiency: 0.725158
    discharge_ratio: 5
    depth_of_discharge: 0.5
  VRBF:
    cost: 220.674
    lifetime: 19.592
    annual_cost: 11.26347488770927
    efficiency: 0.742071
    discharge_ratio: 0.5
    depth_of_discharge: 1.0
