cost_values:
  wind_capex: 5000.0
  wind_opex: 100
  wind_lifetime: 20
  solar_capex: 1000.0
  solar_opex: 10
  solar_lifetime: 20
  carbon_price: 1.0
timeseries_values:
  load_level: 239872.07875022164
  wind_year: 2013
  solar_year: 2018
  price_year: 2023
  carbon_year: 2023
storage_values:
  CAES:
    cost: 23.1572
    lifetime: 21.9998
    annual_cost: 1.0526095691779016
    efficiency: 0.591793
    discharge_ratio: 0.1
    depth_of_discharge: 0.4
  Li-ion:
    cost: 181.262
    lifetime: 25.4497
    annual_cost: 7.122362935515939
    efficiency: 0.888309
    discharge_ratio: 2
    depth_of_discharge: 0.9
  Pb-acid:
    cost: 134.289
    lifetime: 15.4657
    annual_cost: 8.68302113709693
    efficiency: 0.732347
    discharge_ratio: 5
    depth_of_discharge: 0.5
  VRBF:
    cost: 194.121
    lifetime: 19.7537
    annual_cost: 9.827070371626583
    efficiency: 0.716439
    discharge_ratio: 0.5
    depth_of_discharge: 1.0
