cost_values:
  wind_capex: 5000.0
  wind_opex: 100
  wind_lifetime: 20
  solar_capex: 1000.0
  solar_opex: 10
  solar_lifetime: 20
  carbon_price: 1.0
timeseries_values:
  load_level: 239872.07875022164
  wind_year: 2013
  solar_year: 2018
  price_year: 2023
  carbon_year: 2023
storage_values:
  CAES:
    cost: 20.2448
    lifetime: 23.1206
    annual_cost: 0.8756174147729731
    efficiency: 0.60255
    discharge_ratio: 0.1
    depth_of_discharge: 0.4
  Li-ion:
    cost: 183.521
    lifetime: 24.9069
    annual_cost: 7.368279472756544
    efficiency: 0.908634
    discharge_ratio: 2
    depth_of_discharge: 0.9
  Pb-acid:
    cost: 131.91
    lifetime: 14.7017
    annual_cost: 8.972431759592428
    efficiency: 0.728838
    discharge_ratio: 5
    depth_of_discharge: 0.5
  VRBF:
    cost: 215.975
    lifetime: 19.643
    annual_cost: 10.995010945374942
    efficiency: 0.737121
    discharge_ratio: 0.5
    depth_of_discharge: 1.0
