cost_values:
  wind_capex: 5000.0
  wind_opex: 100
  wind_lifetime: 20
  solar_capex: 1000.0
  solar_opex: 10
  solar_lifetime: 20
  carbon_price: 1.0
timeseries_values:
  load_level: 239872.07875022164
  wind_year: 2013
  solar_year: 2018
  price_year: 2023
  carbon_year: 2023
storage_values:
  CAES:
    cost: 22.7586
    lifetime: 24.063
    annual_cost: 0.9457922952250344
    efficiency: 0.600499
    discharge_ratio: 0.1
    depth_of_discharge: 0.4
  Li-ion:
    cost: 170.368
    lifetime: 27.3519
    annual_cost: 6.228744621031811
    efficiency: 0.891386
    discharge_ratio: 2
    depth_of_discharge: 0.9
  Pb-acid:
    cost: 131.18
    lifetime: 13.6345
    annual_cost: 9.62118156148007
    efficiency: 0.735451
    discharge_ratio: 5
    depth_of_discharge: 0.5
  VRBF:
    cost: 190.527
    lifetime: 22.0263
    annual_cost: 8.64997752686561
    efficiency: 0.729834
    discharge_ratio: 0.5
    depth_of_discharge: 1.0
