cost_values:
  wind_capex: 5000.0
  wind_opex: 100
  wind_lifetime: 20
  solar_capex: 1000.0
  solar_opex: 10
  solar_lifetime: 20
  carbon_price: 1.0
timeseries_values:
  load_level: 239872.07875022164
  wind_year: 2013
  solar_year: 2018
  price_year: 2023
  carbon_year: 2023
storage_values:
  CAES:
    cost: 25.2041
    lifetime: 22.876
    annual_cost: 1.1017704144081133
    efficiency: 0.599628
    discharge_ratio: 0.1
    depth_of_discharge: 0.4
  Li-ion:
    cost: 193.036
    lifetime: 24.7299
    annual_cost: 7.805773577733836
    efficiency: 0.905048
    discharge_ratio: 2
    depth_of_discharge: 0.9
  Pb-acid:
    cost: 125.015
    lifetime: 14.5402
    annual_cost: 8.597887236764281
    efficiency: 0.731242
    discharge_ratio: 5
    depth_of_discharge: 0.5
  VRBF:
    cost: 184.122
    lifetime: 21.822
    annual_cost: 8.43744844652186
    efficiency: 0.758141
    discharge_ratio: 0.5
    depth_of_discharge: 1.0
