cost_values:
  wind_capex: 5000.0
  wind_opex: 100
  wind_lifetime: 20
  solar_capex: 1000.0
  solar_opex: 10
  solar_lifetime: 20
  carbon_price: 1.0
timeseries_values:
  load_level: 239872.07875022164
  wind_year: 2013
  solar_year: 2018
  price_year: 2023
  carbon_year: 2023
storage_values:
  CAES:
    cost: 25.5399
    lifetime: 22.6227
    annual_cost: 1.1289501253166068
    efficiency: 0.593371
    discharge_ratio: 0.1
    depth_of_discharge: 0.4
  Li-ion:
    cost: 181.68
    lifetime: 24.7249
    annual_cost: 7.3480580305683745
    efficiency: 0.906735
    discharge_ratio: 2
    depth_of_discharge: 0.9
  Pb-acid:
    cost: 132.036
    lifetime: 13.8161
    annual_cost: 9.556676630887154
    efficiency: 0.731149
    discharge_ratio: 5
    depth_of_discharge: 0.5
  VRBF:
    cost: 181.953
    lifetime: 21.6203
    annual_cost: 8.415840668260847
    efficiency: 0.742908
    discharge_ratio: 0.5
    depth_of_discharge: 1.0
