cost_values:
  wind_capex: 5000.0
  wind_opex: 100
  wind_lifetime: 20
  solar_capex: 1000.0
  solar_opex: 10
  solar_lifetime: 20
  carbon_price: 1.0
timeseries_values:
  load_level: 239872.07875022164
  wind_year: 2013
  solar_year: 2018
  price_year: 2023
  carbon_year: 2023
storage_values:
  CAES:
    cost: 27.066
    lifetime: 22.534
    annual_cost: 1.2011183101091685
    efficiency: 0.594735
    discharge_ratio: 0.1
    depth_of_discharge: 0.4
  Li-ion:
    cost: 179.589
    lifetime: 25.7956
    annual_cost: 6.96200127153468
    efficiency: 0.905465
    discharge_ratio: 2
    depth_of_discharge: 0.9
  Pb-acid:
    cost: 122.02
    lifetime: 15.1565
    annual_cost: 8.050671329132715
    efficiency: 0.739433
    discharge_ratio: 5
    depth_of_discharge: 0.5
  VRBF:
    cost: 156.298
    lifetime: 20.1019
    annual_cost: 7.775284923315707
    efficiency: 0.747344
    discharge_ratio: 0.5
    depth_of_discharge: 1.0
