cost_values:
  wind_capex: 5000.0
  wind_opex: 100
  wind_lifetime: 20
  solar_capex: 1000.0
  solar_opex: 10
  solar_lifetime: 20
  carbon_price: 1.0
timeseries_values:
  load_level: 239872.07875022164
  wind_year: 2013
  solar_year: 2018
  price_year: 2023
  carbon_year: 2023
storage_values:
  CAES:
    cost: 22.8529
    lifetime: 24.5918
    annual_cost: 0.929289437942729
    efficiency: 0.595066
    discharge_ratio: 0.1
    depth_of_discharge: 0.4
  Li-ion:
    cost: 183.738
    lifetime: 24.5683
    annual_cost: 7.478661527252598
    efficiency: 0.904606
    discharge_ratio: 2
    depth_of_discharge: 0.9
  Pb-acid:
    cost: 140.761
    lifetime: 16.2353
    annual_cost: 8.670058452877372
    efficiency: 0.743779
    discharge_ratio: 5
    depth_of_discharge: 0.5
  VRBF:
    cost: 192.507
    lifetime: 20.2437
    annual_cost: 9.509477022481068
    efficiency: 0.748294
    discharge_ratio: 0.5
    depth_of_discharge: 1.0
