cost_values:
  wind_capex: 5000.0
  wind_opex: 100
  wind_lifetime: 20
  solar_capex: 1000.0
  solar_opex: 10
  solar_lifetime: 20
  carbon_price: 1.0
timeseries_values:
  load_level: 239872.07875022164
  wind_year: 2013
  solar_year: 2018
  price_year: 2023
  carbon_year: 2023
storage_values:
  CAES:
    cost: 27.5415
    lifetime: 23.1755
    annual_cost: 1.1883886000302042
    efficiency: 0.600617
    discharge_ratio: 0.1
    depth_of_discharge: 0.4
  Li-ion:
    cost: 181.331
    lifetime: 25.725
    annual_cost: 7.048824101068998
    efficiency: 0.894369
    discharge_ratio: 2
    depth_of_discharge: 0.9
  Pb-acid:
    cost: 133.546
    lifetime: 13.961
    annual_cost: 9.565647159945561
    efficiency: 0.725491
    discharge_ratio: 5
    depth_of_discharge: 0.5
  VRBF:
    cost: 194.098
    lifetime: 17.9293
    annual_cost: 10.825743336326571
    efficiency: 0.729628
    discharge_ratio: 0.5
    depth_of_discharge: 1.0
