cost_values:
  wind_capex: 5000.0
  wind_opex: 100
  wind_lifetime: 20
  solar_capex: 1000.0
  solar_opex: 10
  solar_lifetime: 20
  carbon_price: 1.0
timeseries_values:
  load_level: 239872.07875022164
  wind_year: 2013
  solar_year: 2018
  price_year: 2023
  carbon_year: 2023
storage_values:
  CAES:
    cost: 20.7011
    lifetime: 22.43
    annual_cost: 0.9229201961658493
    efficiency: 0.607126
    discharge_ratio: 0.1
    depth_of_discharge: 0.4
  Li-ion:
    cost: 178.547
    lifetime: 25.8732
    annual_cost: 6.900847208694711
    efficiency: 0.900805
    discharge_ratio: 2
    depth_of_discharge: 0.9
  Pb-acid:
    cost: 141.144
    lifetime: 15.3487
    annual_cost: 9.195827659671505
    efficiency: 0.718244
    discharge_ratio: 5
    depth_of_discharge: 0.5
  VRBF:
    cost: 172.571
    lifetime: 21.0722
    annual_cost: 8.189510350129556
    efficiency: 0.734032
    discharge_ratio: 0.5
    depth_of_discharge: 1.0
