cost_values:
  wind_capex: 5000.0
  wind_opex: 100
  wind_lifetime: 20
  solar_capex: 1000.0
  solar_opex: 10
  solar_lifetime: 20
  carbon_price: 1.0
timeseries_values:
  load_level: 239872.07875022164
  wind_year: 2013
  solar_year: 2018
  price_year: 2023
  carbon_year: 2023
storage_values:
  CAES:
    cost: 29.7465
    lifetime: 23.0715
    annual_cost: 1.289317989727586
    efficiency: 0.600701
    discharge_ratio: 0.1
    depth_of_discharge: 0.4
  Li-ion:
    cost: 185.525
    lifetime: 25.8635
    annual_cost: 7.173236414251745
    efficiency: 0.892612
    discharge_ratio: 2
    depth_of_discharge: 0.9
  Pb-acid:
    cost: 126.042
    lifetime: 14.6059
    annual_cost: 8.629526424253212
    efficiency: 0.728774
    discharge_ratio: 5
    depth_of_discharge: 0.5
  VRBF:
    cost: 203.262
    lifetime: 21.2895
    annual_cost: 9.547523427041499
    efficiency: 0.733861
    discharge_ratio: 0.5
    depth_of_discharge: 1.0
