cost_values:
  wind_capex: 5000.0
  wind_opex: 100
  wind_lifetime: 20
  solar_capex: 1000.0
  solar_opex: 10
  solar_lifetime: 20
  carbon_price: 1.0
timeseries_values:
  load_level: 239872.07875022164
  wind_year: 2013
  solar_year: 2018
  price_year: 2023
  carbon_year: 2023
storage_values:
  CAES:
    cost: 21.6546
    lifetime: 22.7278
    annual_cost: 0.9527802954971445
    efficiency: 0.593275
    discharge_ratio: 0.1
    depth_of_discharge: 0.4
  Li-ion:
    cost: 183.305
    lifetime: 24.201
    annual_cost: 7.574273790339242
    efficiency: 0.905864
    discharge_ratio: 2
    depth_of_discharge: 0.9
  Pb-acid:
    cost: 133.212
    lifetime: 14.5454
    annual_cost: 9.158359343847538
    efficiency: 0.732014
    discharge_ratio: 5
    depth_of_discharge: 0.5
  VRBF:
    cost: 207.802
    lifetime: 20.8529
    annual_cost: 9.965136743570438
    efficiency: 0.731334
    discharge_ratio: 0.5
    depth_of_discharge: 1.0
