cost_values:
  wind_capex: 5000.0
  wind_opex: 100
  wind_lifetime: 20
  solar_capex: 1000.0
  solar_opex: 10
  solar_lifetime: 20
  carbon_price: 1.0
timeseries_values:
  load_level: 239872.07875022164
  wind_year: 2013
  solar_year: 2018
  price_year: 2023
  carbon_year: 2023
storage_values:
  CAES:
    cost: 27.2405
    lifetime: 22.7736
    annual_cost: 1.1961437805177926
    efficiency: 0.601602
    discharge_ratio: 0.1
    depth_of_discharge: 0.4
  Li-ion:
    cost: 190.707
    lifetime: 24.5855
    annual_cost: 7.75688922332269
    efficiency: 0.905671
    discharge_ratio: 2
    depth_of_discharge: 0.9
  Pb-acid:
    cost: 130.859
    lifetime: 12.8781
    annual_cost: 10.161359206715277
    efficiency: 0.714716
    discharge_ratio: 5
    depth_of_discharge: 0.5
  VRBF:
    cost: 183.788
    lifetime: 19.5187
    annual_cost: 9.415995942352719
    efficiency: 0.751847
    discharge_ratio: 0.5
    depth_of_discharge: 1.0
