cost_values:
  wind_capex: 5000.0
  wind_opex: 100
  wind_lifetime: 20
  solar_capex: 1000.0
  solar_opex: 10
  solar_lifetime: 20
  carbon_price: 1.0
timeseries_values:
  load_level: 239872.07875022164
  wind_year: 2013
  solar_year: 2018
  price_year: 2023
  carbon_year: 2023
storage_values:
  CAES:
    cost: 21.6084
    lifetime: 22.2689
    annual_cost: 0.9703398012474798
    efficiency: 0.602705
    discharge_ratio: 0.1
    depth_of_discharge: 0.4
  Li-ion:
    cost: 200.772
    lifetime: 23.506
    annual_cost: 8.541308602059049
    efficiency: 0.912945
    discharge_ratio: 2
    depth_of_discharge: 0.9
  Pb-acid:
    cost: 126.77
    lifetime: 15.0617
    annual_cost: 8.416712588884389
    efficiency: 0.720962
    discharge_ratio: 5
    depth_of_discharge: 0.5
  VRBF:
    cost: 178.718
    lifetime: 18.5265
    annual_cost: 9.64661430923272
    efficiency: 0.739452
    discharge_ratio: 0.5
    depth_of_discharge: 1.0
