cost_values:
  wind_capex: 5000.0
  wind_opex: 100
  wind_lifetime: 20
  solar_capex: 1000.0
  solar_opex: 10
  solar_lifetime: 20
  carbon_price: 1.0
timeseries_values:
  load_level: 239872.07875022164
  wind_year: 2013
  solar_year: 2018
  price_year: 2023
  carbon_year: 2023
storage_values:
  CAES:
    cost: 26.4096
    lifetime: 23.4458
    annual_cost: 1.1264107004239567
    efficiency: 0.609994
    discharge_ratio: 0.1
    depth_of_discharge: 0.4
  Li-ion:
    cost: 207.357
    lifetime: 25.0464
    annual_cost: 8.278914334994251
    efficiency: 0.907176
    discharge_ratio: 2
    depth_of_discharge: 0.9
  Pb-acid:
    cost: 127.656
    lifetime: 13.8472
    annual_cost: 9.21890346062742
    efficiency: 0.748975
    discharge_ratio: 5
    depth_of_discharge: 0.5
  VRBF:
    cost: 219.118
    lifetime: 18.8722
    annual_cost: 11.610623032820763
    efficiency: 0.733122
    discharge_ratio: 0.5
    depth_of_discharge: 1.0
