cost_values:
  wind_capex: 5000.0
  wind_opex: 100
  wind_lifetime: 20
  solar_capex: 1000.0
  solar_opex: 10
  solar_lifetime: 20
  carbon_price: 1.0
timeseries_values:
  load_level: 239872.07875022164
  wind_year: 2013
  solar_year: 2018
  price_year: 2023
  carbon_year: 2023
storage_values:
  CAES:
    cost: 21.5191
    lifetime: 23.7397
    annual_cost: 0.9064604860213061
    efficiency: 0.589248
    discharge_ratio: 0.1
    depth_of_discharge: 0.4
  Li-ion:
    cost: 196.918
    lifetime: 22.5724
    annual_cost: 8.723839733479826
    efficiency: 0.913896
    discharge_ratio: 2
    depth_of_discharge: 0.9
  Pb-acid:
    cost: 119.958
    lifetime: 15.6926
    annual_cost: 7.6442399602360345
    efficiency: 0.725553
    discharge_ratio: 5
    depth_of_discharge: 0.5
  VRBF:
    cost: 206.495
    lifetime: 20.0447
    annual_cost: 10.301725643187476
    efficiency: 0.736646
    discharge_ratio: 0.5
    depth_of_discharge: 1.0
