cost_values:
  wind_capex: 5000.0
  wind_opex: 100
  wind_lifetime: 20
  solar_capex: 1000.0
  solar_opex: 10
  solar_lifetime: 20
  carbon_price: 1.0
timeseries_values:
  load_level: 239872.07875022164
  wind_year: 2013
  solar_year: 2018
  price_year: 2023
  carbon_year: 2023
storage_values:
  CAES:
    cost: 26.8657
    lifetime: 22.9127
    annual_cost: 1.1725244078611425
    efficiency: 0.59846
    discharge_ratio: 0.1
    depth_of_discharge: 0.4
  Li-ion:
    cost: 191.125
    lifetime: 25.973
    annual_cost: 7.358603164825011
    efficiency: 0.901403
    discharge_ratio: 2
    depth_of_discharge: 0.9
  Pb-acid:
    cost: 148.383
    lifetime: 13.7735
    annual_cost: 10.773078738156606
    efficiency: 0.747214
    discharge_ratio: 5
    depth_of_discharge: 0.5
  VRBF:
    cost: 191.754
    lifetime: 20.8942
    annual_cost: 9.177379368437173
    efficiency: 0.760134
    discharge_ratio: 0.5
    depth_of_discharge: 1.0
