cost_values:
  wind_capex: 5000.0
  wind_opex: 100
  wind_lifetime: 20
  solar_capex: 1000.0
  solar_opex: 10
  solar_lifetime: 20
  carbon_price: 1.0
timeseries_values:
  load_level: 239872.07875022164
  wind_year: 2013
  solar_year: 2018
  price_year: 2023
  carbon_year: 2023
storage_values:
  CAES:
    cost: 21.5251
    lifetime: 22.6996
    annual_cost: 0.948259000158593
    efficiency: 0.594315
    discharge_ratio: 0.1
    depth_of_discharge: 0.4
  Li-ion:
    cost: 188.252
    lifetime: 23.8298
    annual_cost: 7.899856482219742
    efficiency: 0.907001
    discharge_ratio: 2
    depth_of_discharge: 0.9
  Pb-acid:
    cost: 131.42
    lifetime: 14.2897
    annual_cost: 9.196834083290762
    efficiency: 0.719529
    discharge_ratio: 5
    depth_of_discharge: 0.5
  VRBF:
    cost: 184.565
    lifetime: 19.0159
    annual_cost: 9.70582512528989
    efficiency: 0.739096
    discharge_ratio: 0.5
    depth_of_discharge: 1.0
