cost_values:
  wind_capex: 5000.0
  wind_opex: 100
  wind_lifetime: 20
  solar_capex: 1000.0
  solar_opex: 10
  solar_lifetime: 20
  carbon_price: 1.0
timeseries_values:
  load_level: 239872.07875022164
  wind_year: 2013
  solar_year: 2018
  price_year: 2023
  carbon_year: 2023
storage_values:
  CAES:
    cost: 26.357
    lifetime: 22.8276
    annual_cost: 1.154611084827139
    efficiency: 0.59305
    discharge_ratio: 0.1
    depth_of_discharge: 0.4
  Li-ion:
    cost: 189.374
    lifetime: 24.5287
    annual_cost: 7.720506997924879
    efficiency: 0.894921
    discharge_ratio: 2
    depth_of_discharge: 0.9
  Pb-acid:
    cost: 100.318
    lifetime: 12.8622
    annual_cost: 7.799443330067951
    efficiency: 0.715456
    discharge_ratio: 5
    depth_of_discharge: 0.5
  VRBF:
    cost: 197.423
    lifetime: 20.6251
    annual_cost: 9.571977832834751
    efficiency: 0.738844
    discharge_ratio: 0.5
    depth_of_discharge: 1.0
