cost_values:
  wind_capex: 5000.0
  wind_opex: 100
  wind_lifetime: 20
  solar_capex: 1000.0
  solar_opex: 10
  solar_lifetime: 20
  carbon_price: 1.0
timeseries_values:
  load_level: 239872.07875022164
  wind_year: 2013
  solar_year: 2018
  price_year: 2023
  carbon_year: 2023
storage_values:
  CAES:
    cost: 21.5053
    lifetime: 23.216
    annual_cost: 0.926313749138525
    efficiency: 0.606066
    discharge_ratio: 0.1
    depth_of_discharge: 0.4
  Li-ion:
    cost: 174.592
    lifetime: 24.6935
    annual_cost: 7.070362646040456
    efficiency: 0.895089
    discharge_ratio: 2
    depth_of_discharge: 0.9
  Pb-acid:
    cost: 131.141
    lifetime: 16.0001
    annual_cost: 8.19626127336704
    efficiency: 0.723398
    discharge_ratio: 5
    depth_of_discharge: 0.5
  VRBF:
    cost: 195.808
    lifetime: 21.4712
    annual_cost: 9.119564812399865
    efficiency: 0.741534
    discharge_ratio: 0.5
    depth_of_discharge: 1.0
