cost_values:
  wind_capex: 5000.0
  wind_opex: 100
  wind_lifetime: 20
  solar_capex: 1000.0
  solar_opex: 10
  solar_lifetime: 20
  carbon_price: 1.0
timeseries_values:
  load_level: 239872.07875022164
  wind_year: 2013
  solar_year: 2018
  price_year: 2023
  carbon_year: 2023
storage_values:
  CAES:
    cost: 26.8936
    lifetime: 22.4167
    annual_cost: 1.1997127141818378
    efficiency: 0.590579
    discharge_ratio: 0.1
    depth_of_discharge: 0.4
  Li-ion:
    cost: 195.024
    lifetime: 26.6166
    annual_cost: 7.327156736773293
    efficiency: 0.911599
    discharge_ratio: 2
    depth_of_discharge: 0.9
  Pb-acid:
    cost: 114.412
    lifetime: 14.0913
    annual_cost: 8.11933604422587
    efficiency: 0.742207
    discharge_ratio: 5
    depth_of_discharge: 0.5
  VRBF:
    cost: 221.006
    lifetime: 18.3858
    annual_cost: 12.020472321030361
    efficiency: 0.734038
    discharge_ratio: 0.5
    depth_of_discharge: 1.0
