cost_values:
  wind_capex: 5000.0
  wind_opex: 100
  wind_lifetime: 20
  solar_capex: 1000.0
  solar_opex: 10
  solar_lifetime: 20
  carbon_price: 1.0
timeseries_values:
  load_level: 239872.07875022164
  wind_year: 2013
  solar_year: 2018
  price_year: 2023
  carbon_year: 2023
storage_values:
  CAES:
    cost: 24.1396
    lifetime: 22.4432
    annual_cost: 1.0755863691452199
    efficiency: 0.597608
    discharge_ratio: 0.1
    depth_of_discharge: 0.4
  Li-ion:
    cost: 189.202
    lifetime: 25.7836
    annual_cost: 7.338075365736359
    efficiency: 0.910648
    discharge_ratio: 2
    depth_of_discharge: 0.9
  Pb-acid:
    cost: 127.548
    lifetime: 14.8609
    annual_cost: 8.582791082639678
    efficiency: 0.730507
    discharge_ratio: 5
    depth_of_discharge: 0.5
  VRBF:
    cost: 194.651
    lifetime: 20.5878
    annual_cost: 9.454677041743167
    efficiency: 0.708581
    discharge_ratio: 0.5
    depth_of_discharge: 1.0
