cost_values:
  wind_capex: 5000.0
  wind_opex: 100
  wind_lifetime: 20
  solar_capex: 1000.0
  solar_opex: 10
  solar_lifetime: 20
  carbon_price: 1.0
timeseries_values:
  load_level: 239872.07875022164
  wind_year: 2013
  solar_year: 2018
  price_year: 2023
  carbon_year: 2023
storage_values:
  CAES:
    cost: 34.0432
    lifetime: 23.528
    annual_cost: 1.4469228153689222
    efficiency: 0.605337
    discharge_ratio: 0.1
    depth_of_discharge: 0.4
  Li-ion:
    cost: 186.951
    lifetime: 24.9456
    annual_cost: 7.4943477005964985
    efficiency: 0.901147
    discharge_ratio: 2
    depth_of_discharge: 0.9
  Pb-acid:
    cost: 130.171
    lifetime: 17.0756
    annual_cost: 7.6232167537304685
    efficiency: 0.734335
    discharge_ratio: 5
    depth_of_discharge: 0.5
  VRBF:
    cost: 180.955
    lifetime: 17.4967
    annual_cost: 10.342235964496162
    efficiency: 0.720803
    discharge_ratio: 0.5
    depth_of_discharge: 1.0
