cost_values:
  wind_capex: 5000.0
  wind_opex: 100
  wind_lifetime: 20
  solar_capex: 1000.0
  solar_opex: 10
  solar_lifetime: 20
  carbon_price: 1.0
timeseries_values:
  load_level: 239872.07875022164
  wind_year: 2013
  solar_year: 2018
  price_year: 2023
  carbon_year: 2023
storage_values:
  CAES:
    cost: 26.9743
    lifetime: 21.4967
    annual_cost: 1.2548112035800842
    efficiency: 0.605044
    discharge_ratio: 0.1
    depth_of_discharge: 0.4
  Li-ion:
    cost: 185.771
    lifetime: 23.8772
    annual_cost: 7.780267368033103
    efficiency: 0.915441
    discharge_ratio: 2
    depth_of_discharge: 0.9
  Pb-acid:
    cost: 125.335
    lifetime: 15.6534
    annual_cost: 8.006886682765405
    efficiency: 0.727333
    discharge_ratio: 5
    depth_of_discharge: 0.5
  VRBF:
    cost: 211.973
    lifetime: 18.6909
    annual_cost: 11.340973414870339
    efficiency: 0.755835
    discharge_ratio: 0.5
    depth_of_discharge: 1.0
