cost_values:
  wind_capex: 5000.0
  wind_opex: 100
  wind_lifetime: 20
  solar_capex: 1000.0
  solar_opex: 10
  solar_lifetime: 20
  carbon_price: 1.0
timeseries_values:
  load_level: 239872.07875022164
  wind_year: 2013
  solar_year: 2018
  price_year: 2023
  carbon_year: 2023
storage_values:
  CAES:
    cost: 20.994
    lifetime: 24.2191
    annual_cost: 0.8668365050724428
    efficiency: 0.584358
    discharge_ratio: 0.1
    depth_of_discharge: 0.4
  Li-ion:
    cost: 193.362
    lifetime: 24.1186
    annual_cost: 8.017132006003665
    efficiency: 0.916047
    discharge_ratio: 2
    depth_of_discharge: 0.9
  Pb-acid:
    cost: 131.99
    lifetime: 15.3686
    annual_cost: 8.588290410317141
    efficiency: 0.741629
    discharge_ratio: 5
    depth_of_discharge: 0.5
  VRBF:
    cost: 180.264
    lifetime: 19.4462
    annual_cost: 9.269883061986404
    efficiency: 0.723503
    discharge_ratio: 0.5
    depth_of_discharge: 1.0
