cost_values:
  wind_capex: 5000.0
  wind_opex: 100
  wind_lifetime: 20
  solar_capex: 1000.0
  solar_opex: 10
  solar_lifetime: 20
  carbon_price: 1.0
timeseries_values:
  load_level: 239872.07875022164
  wind_year: 2013
  solar_year: 2018
  price_year: 2023
  carbon_year: 2023
storage_values:
  CAES:
    cost: 21.1085
    lifetime: 22.706
    annual_cost: 0.9296441469215185
    efficiency: 0.596885
    discharge_ratio: 0.1
    depth_of_discharge: 0.4
  Li-ion:
    cost: 180.127
    lifetime: 24.6045
    annual_cost: 7.320896583958219
    efficiency: 0.894332
    discharge_ratio: 2
    depth_of_discharge: 0.9
  Pb-acid:
    cost: 119.689
    lifetime: 13.1736
    annual_cost: 9.085519523896277
    efficiency: 0.73496
    discharge_ratio: 5
    depth_of_discharge: 0.5
  VRBF:
    cost: 193.752
    lifetime: 19.9219
    annual_cost: 9.72557838358791
    efficiency: 0.730438
    discharge_ratio: 0.5
    depth_of_discharge: 1.0
