cost_values:
  wind_capex: 5000.0
  wind_opex: 100
  wind_lifetime: 20
  solar_capex: 1000.0
  solar_opex: 10
  solar_lifetime: 20
  carbon_price: 1.0
timeseries_values:
  load_level: 239872.07875022164
  wind_year: 2013
  solar_year: 2018
  price_year: 2023
  carbon_year: 2023
storage_values:
  CAES:
    cost: 27.2144
    lifetime: 22.8666
    annual_cost: 1.1901375805760368
    efficiency: 0.597558
    discharge_ratio: 0.1
    depth_of_discharge: 0.4
  Li-ion:
    cost: 185.382
    lifetime: 26.3692
    annual_cost: 7.030247409856955
    efficiency: 0.915142
    discharge_ratio: 2
    depth_of_discharge: 0.9
  Pb-acid:
    cost: 127.019
    lifetime: 14.6571
    annual_cost: 8.666038984519448
    efficiency: 0.746916
    discharge_ratio: 5
    depth_of_discharge: 0.5
  VRBF:
    cost: 214.299
    lifetime: 20.9034
    annual_cost: 10.251872901059157
    efficiency: 0.72285
    discharge_ratio: 0.5
    depth_of_discharge: 1.0
