cost_values:
  wind_capex: 5000.0
  wind_opex: 100
  wind_lifetime: 20
  solar_capex: 1000.0
  solar_opex: 10
  solar_lifetime: 20
  carbon_price: 1.0
timeseries_values:
  load_level: 239872.07875022164
  wind_year: 2013
  solar_year: 2018
  price_year: 2023
  carbon_year: 2023
storage_values:
  CAES:
    cost: 24.1464
    lifetime: 23.2847
    annual_cost: 1.0370071334395548
    efficiency: 0.589256
    discharge_ratio: 0.1
    depth_of_discharge: 0.4
  Li-ion:
    cost: 165.523
    lifetime: 25.7583
    annual_cost: 6.42600637464429
    efficiency: 0.899249
    discharge_ratio: 2
    depth_of_discharge: 0.9
  Pb-acid:
    cost: 116.193
    lifetime: 15.6222
    annual_cost: 7.437684833122096
    efficiency: 0.737567
    discharge_ratio: 5
    depth_of_discharge: 0.5
  VRBF:
    cost: 185.425
    lifetime: 20.3346
    annual_cost: 9.118694245276526
    efficiency: 0.730864
    discharge_ratio: 0.5
    depth_of_discharge: 1.0
