cost_values:
  wind_capex: 5000.0
  wind_opex: 100
  wind_lifetime: 20
  solar_capex: 1000.0
  solar_opex: 10
  solar_lifetime: 20
  carbon_price: 1.0
timeseries_values:
  load_level: 239872.07875022164
  wind_year: 2013
  solar_year: 2018
  price_year: 2023
  carbon_year: 2023
storage_values:
  CAES:
    cost: 25.3818
    lifetime: 21.9399
    annual_cost: 1.1568785637126877
    efficiency: 0.603244
    discharge_ratio: 0.1
    depth_of_discharge: 0.4
  Li-ion:
    cost: 170.886
    lifetime: 26.6911
    annual_cost: 6.402358838714028
    efficiency: 0.891627
    discharge_ratio: 2
    depth_of_discharge: 0.9
  Pb-acid:
    cost: 139.736
    lifetime: 14.0435
    annual_cost: 9.950226083241356
    efficiency: 0.731533
    discharge_ratio: 5
    depth_of_discharge: 0.5
  VRBF:
    cost: 171.246
    lifetime: 18.8401
    annual_cost: 9.08944220041295
    efficiency: 0.744885
    discharge_ratio: 0.5
    depth_of_discharge: 1.0
