cost_values:
  wind_capex: 5000.0
  wind_opex: 100
  wind_lifetime: 20
  solar_capex: 1000.0
  solar_opex: 10
  solar_lifetime: 20
  carbon_price: 1.0
timeseries_values:
  load_level: 239872.07875022164
  wind_year: 2013
  solar_year: 2018
  price_year: 2023
  carbon_year: 2023
storage_values:
  CAES:
    cost: 26.9498
    lifetime: 22.8271
    annual_cost: 1.1806055083650573
    efficiency: 0.593111
    discharge_ratio: 0.1
    depth_of_discharge: 0.4
  Li-ion:
    cost: 185.671
    lifetime: 24.433
    annual_cost: 7.599189620595096
    efficiency: 0.881137
    discharge_ratio: 2
    depth_of_discharge: 0.9
  Pb-acid:
    cost: 132.154
    lifetime: 14.6564
    annual_cost: 9.016811768237766
    efficiency: 0.730214
    discharge_ratio: 5
    depth_of_discharge: 0.5
  VRBF:
    cost: 196.729
    lifetime: 20.804
    annual_cost: 9.45630647952317
    efficiency: 0.744204
    discharge_ratio: 0.5
    depth_of_discharge: 1.0
