cost_values:
  wind_capex: 5000.0
  wind_opex: 100
  wind_lifetime: 20
  solar_capex: 1000.0
  solar_opex: 10
  solar_lifetime: 20
  carbon_price: 1.0
timeseries_values:
  load_level: 239872.07875022164
  wind_year: 2013
  solar_year: 2018
  price_year: 2023
  carbon_year: 2023
storage_values:
  CAES:
    cost: 28.6437
    lifetime: 22.9745
    annual_cost: 1.2467605388582994
    efficiency: 0.594257
    discharge_ratio: 0.1
    depth_of_discharge: 0.4
  Li-ion:
    cost: 195.601
    lifetime: 24.6852
    annual_cost: 7.923816699884952
    efficiency: 0.888863
    discharge_ratio: 2
    depth_of_discharge: 0.9
  Pb-acid:
    cost: 134.997
    lifetime: 13.5594
    annual_cost: 9.955971503163857
    efficiency: 0.738053
    discharge_ratio: 5
    depth_of_discharge: 0.5
  VRBF:
    cost: 172.606
    lifetime: 18.0505
    annual_cost: 9.562394393507105
    efficiency: 0.741734
    discharge_ratio: 0.5
    depth_of_discharge: 1.0
