cost_values:
  wind_capex: 5000.0
  wind_opex: 100
  wind_lifetime: 20
  solar_capex: 1000.0
  solar_opex: 10
  solar_lifetime: 20
  carbon_price: 1.0
timeseries_values:
  load_level: 239872.07875022164
  wind_year: 2013
  solar_year: 2018
  price_year: 2023
  carbon_year: 2023
storage_values:
  CAES:
    cost: 27.4859
    lifetime: 23.2995
    annual_cost: 1.1796776754865985
    efficiency: 0.599899
    discharge_ratio: 0.1
    depth_of_discharge: 0.4
  Li-ion:
    cost: 192.914
    lifetime: 27.7489
    annual_cost: 6.9521314358407
    efficiency: 0.895586
    discharge_ratio: 2
    depth_of_discharge: 0.9
  Pb-acid:
    cost: 105.474
    lifetime: 14.8527
    annual_cost: 7.101335110787938
    efficiency: 0.733739
    discharge_ratio: 5
    depth_of_discharge: 0.5
  VRBF:
    cost: 201.238
    lifetime: 19.854
    annual_cost: 10.135892011685304
    efficiency: 0.732575
    discharge_ratio: 0.5
    depth_of_discharge: 1.0
