cost_values:
  wind_capex: 5000.0
  wind_opex: 100
  wind_lifetime: 20
  solar_capex: 1000.0
  solar_opex: 10
  solar_lifetime: 20
  carbon_price: 1.0
timeseries_values:
  load_level: 239872.07875022164
  wind_year: 2013
  solar_year: 2018
  price_year: 2023
  carbon_year: 2023
storage_values:
  CAES:
    cost: 31.4995
    lifetime: 22.6668
    annual_cost: 1.389675648966771
    efficiency: 0.594666
    discharge_ratio: 0.1
    depth_of_discharge: 0.4
  Li-ion:
    cost: 189.062
    lifetime: 25.4492
    annual_cost: 7.42899580340443
    efficiency: 0.893321
    discharge_ratio: 2
    depth_of_discharge: 0.9
  Pb-acid:
    cost: 124.677
    lifetime: 15.0376
    annual_cost: 8.291017183593127
    efficiency: 0.742301
    discharge_ratio: 5
    depth_of_discharge: 0.5
  VRBF:
    cost: 158.331
    lifetime: 20.759
    annual_cost: 7.627101498145382
    efficiency: 0.741514
    discharge_ratio: 0.5
    depth_of_discharge: 1.0
