cost_values:
  wind_capex: 5000.0
  wind_opex: 100
  wind_lifetime: 20
  solar_capex: 1000.0
  solar_opex: 10
  solar_lifetime: 20
  carbon_price: 1.0
timeseries_values:
  load_level: 239872.07875022164
  wind_year: 2013
  solar_year: 2018
  price_year: 2023
  carbon_year: 2023
storage_values:
  CAES:
    cost: 23.0194
    lifetime: 23.634
    annual_cost: 0.973995091816874
    efficiency: 0.598072
    discharge_ratio: 0.1
    depth_of_discharge: 0.4
  Li-ion:
    cost: 206.764
    lifetime: 23.7857
    annual_cost: 8.692786001673275
    efficiency: 0.891275
    discharge_ratio: 2
    depth_of_discharge: 0.9
  Pb-acid:
    cost: 128.604
    lifetime: 14.1243
    annual_cost: 9.105159193729955
    efficiency: 0.739136
    discharge_ratio: 5
    depth_of_discharge: 0.5
  VRBF:
    cost: 160.357
    lifetime: 19.1217
    annual_cost: 8.386126756512235
    efficiency: 0.735142
    discharge_ratio: 0.5
    depth_of_discharge: 1.0
