cost_values:
  wind_capex: 5000.0
  wind_opex: 100
  wind_lifetime: 20
  solar_capex: 1000.0
  solar_opex: 10
  solar_lifetime: 20
  carbon_price: 1.0
timeseries_values:
  load_level: 239872.07875022164
  wind_year: 2013
  solar_year: 2018
  price_year: 2023
  carbon_year: 2023
storage_values:
  CAES:
    cost: 24.6328
    lifetime: 23.4153
    annual_cost: 1.051995917199438
    efficiency: 0.608369
    discharge_ratio: 0.1
    depth_of_discharge: 0.4
  Li-ion:
    cost: 195.982
    lifetime: 24.4756
    annual_cost: 8.007239863374135
    efficiency: 0.918758
    discharge_ratio: 2
    depth_of_discharge: 0.9
  Pb-acid:
    cost: 124.86
    lifetime: 15.3969
    annual_cost: 8.109424624437386
    efficiency: 0.722773
    discharge_ratio: 5
    depth_of_discharge: 0.5
  VRBF:
    cost: 205.489
    lifetime: 19.0601
    annual_cost: 10.7811081788658
    efficiency: 0.73038
    discharge_ratio: 0.5
    depth_of_discharge: 1.0
