cost_values:
  wind_capex: 5000.0
  wind_opex: 100
  wind_lifetime: 20
  solar_capex: 1000.0
  solar_opex: 10
  solar_lifetime: 20
  carbon_price: 1.0
timeseries_values:
  load_level: 239872.07875022164
  wind_year: 2013
  solar_year: 2018
  price_year: 2023
  carbon_year: 2023
storage_values:
  CAES:
    cost: 31.5037
    lifetime: 22.5727
    annual_cost: 1.3956549282983426
    efficiency: 0.599801
    discharge_ratio: 0.1
    depth_of_discharge: 0.4
  Li-ion:
    cost: 176.307
    lifetime: 26.3146
    annual_cost: 6.699968838591504
    efficiency: 0.904905
    discharge_ratio: 2
    depth_of_discharge: 0.9
  Pb-acid:
    cost: 134.905
    lifetime: 14.4775
    annual_cost: 9.318252460714904
    efficiency: 0.733102
    discharge_ratio: 5
    depth_of_discharge: 0.5
  VRBF:
    cost: 192.581
    lifetime: 18.2278
    annual_cost: 10.56523551937151
    efficiency: 0.754829
    discharge_ratio: 0.5
    depth_of_discharge: 1.0
