cost_values:
  wind_capex: 5000.0
  wind_opex: 100
  wind_lifetime: 20
  solar_capex: 1000.0
  solar_opex: 10
  solar_lifetime: 20
  carbon_price: 1.0
timeseries_values:
  load_level: 239872.07875022164
  wind_year: 2013
  solar_year: 2018
  price_year: 2023
  carbon_year: 2023
storage_values:
  CAES:
    cost: 26.0445
    lifetime: 23.1682
    annual_cost: 1.1241486175015754
    efficiency: 0.598503
    discharge_ratio: 0.1
    depth_of_discharge: 0.4
  Li-ion:
    cost: 164.388
    lifetime: 23.9714
    annual_cost: 6.857672059203885
    efficiency: 0.902864
    discharge_ratio: 2
    depth_of_discharge: 0.9
  Pb-acid:
    cost: 110.187
    lifetime: 13.8168
    annual_cost: 7.974856696195935
    efficiency: 0.707227
    discharge_ratio: 5
    depth_of_discharge: 0.5
  VRBF:
    cost: 236.895
    lifetime: 20.5669
    annual_cost: 11.518264784678294
    efficiency: 0.728507
    discharge_ratio: 0.5
    depth_of_discharge: 1.0
