cost_values:
  wind_capex: 5000.0
  wind_opex: 100
  wind_lifetime: 20
  solar_capex: 1000.0
  solar_opex: 10
  solar_lifetime: 20
  carbon_price: 1.0
timeseries_values:
  load_level: 239872.07875022164
  wind_year: 2013
  solar_year: 2018
  price_year: 2023
  carbon_year: 2023
storage_values:
  CAES:
    cost: 26.0573
    lifetime: 22.4138
    annual_cost: 1.1625561038288912
    efficiency: 0.609872
    discharge_ratio: 0.1
    depth_of_discharge: 0.4
  Li-ion:
    cost: 213.314
    lifetime: 24.1888
    annual_cost: 8.818709485381664
    efficiency: 0.902642
    discharge_ratio: 2
    depth_of_discharge: 0.9
  Pb-acid:
    cost: 125.093
    lifetime: 13.6591
    annual_cost: 9.158216866411403
    efficiency: 0.740699
    discharge_ratio: 5
    depth_of_discharge: 0.5
  VRBF:
    cost: 204.804
    lifetime: 21.6453
    annual_cost: 9.461823120954666
    efficiency: 0.734789
    discharge_ratio: 0.5
    depth_of_discharge: 1.0
