cost_values:
  wind_capex: 5000.0
  wind_opex: 100
  wind_lifetime: 20
  solar_capex: 1000.0
  solar_opex: 10
  solar_lifetime: 20
  carbon_price: 1.0
timeseries_values:
  load_level: 239872.07875022164
  wind_year: 2013
  solar_year: 2018
  price_year: 2023
  carbon_year: 2023
storage_values:
  CAES:
    cost: 24.9928
    lifetime: 22.5998
    annual_cost: 1.1058858927955115
    efficiency: 0.599099
    discharge_ratio: 0.1
    depth_of_discharge: 0.4
  Li-ion:
    cost: 170.392
    lifetime: 22.6346
    annual_cost: 7.52794394422698
    efficiency: 0.905623
    discharge_ratio: 2
    depth_of_discharge: 0.9
  Pb-acid:
    cost: 128.038
    lifetime: 15.621
    annual_cost: 8.196530311759812
    efficiency: 0.73063
    discharge_ratio: 5
    depth_of_discharge: 0.5
  VRBF:
    cost: 168.523
    lifetime: 18.3644
    annual_cost: 9.176613447757617
    efficiency: 0.739443
    discharge_ratio: 0.5
    depth_of_discharge: 1.0
