cost_values:
  wind_capex: 5000.0
  wind_opex: 100
  wind_lifetime: 20
  solar_capex: 1000.0
  solar_opex: 10
  solar_lifetime: 20
  carbon_price: 1.0
timeseries_values:
  load_level: 239872.07875022164
  wind_year: 2013
  solar_year: 2018
  price_year: 2023
  carbon_year: 2023
storage_values:
  CAES:
    cost: 26.859
    lifetime: 23.5259
    annual_cost: 1.1416778954258924
    efficiency: 0.601992
    discharge_ratio: 0.1
    depth_of_discharge: 0.4
  Li-ion:
    cost: 194.918
    lifetime: 22.8346
    annual_cost: 8.536081210093455
    efficiency: 0.907031
    discharge_ratio: 2
    depth_of_discharge: 0.9
  Pb-acid:
    cost: 113.58
    lifetime: 14.7886
    annual_cost: 7.68024018500737
    efficiency: 0.745651
    discharge_ratio: 5
    depth_of_discharge: 0.5
  VRBF:
    cost: 176.184
    lifetime: 20.258
    annual_cost: 8.69700858919933
    efficiency: 0.73076
    discharge_ratio: 0.5
    depth_of_discharge: 1.0
