cost_values:
  wind_capex: 5000.0
  wind_opex: 100
  wind_lifetime: 20
  solar_capex: 1000.0
  solar_opex: 10
  solar_lifetime: 20
  carbon_price: 1.0
timeseries_values:
  load_level: 239872.07875022164
  wind_year: 2013
  solar_year: 2018
  price_year: 2023
  carbon_year: 2023
storage_values:
  CAES:
    cost: 20.6926
    lifetime: 23.034
    annual_cost: 0.8983502648259095
    efficiency: 0.601247
    discharge_ratio: 0.1
    depth_of_discharge: 0.4
  Li-ion:
    cost: 212.018
    lifetime: 26.0257
    annual_cost: 8.14648597348006
    efficiency: 0.899984
    discharge_ratio: 2
    depth_of_discharge: 0.9
  Pb-acid:
    cost: 125.62
    lifetime: 14.8061
    annual_cost: 8.484340913542392
    efficiency: 0.717638
    discharge_ratio: 5
    depth_of_discharge: 0.5
  VRBF:
    cost: 197.527
    lifetime: 18.8465
    annual_cost: 10.480831984718648
    efficiency: 0.725037
    discharge_ratio: 0.5
    depth_of_discharge: 1.0
