cost_values:
  wind_capex: 5000.0
  wind_opex: 100
  wind_lifetime: 20
  solar_capex: 1000.0
  solar_opex: 10
  solar_lifetime: 20
  carbon_price: 1.0
timeseries_values:
  load_level: 239872.07875022164
  wind_year: 2013
  solar_year: 2018
  price_year: 2023
  carbon_year: 2023
storage_values:
  CAES:
    cost: 28.8431
    lifetime: 22.5434
    annual_cost: 1.2794476432126476
    efficiency: 0.599152
    discharge_ratio: 0.1
    depth_of_discharge: 0.4
  Li-ion:
    cost: 192.033
    lifetime: 27.7924
    annual_cost: 6.909550812452324
    efficiency: 0.897925
    discharge_ratio: 2
    depth_of_discharge: 0.9
  Pb-acid:
    cost: 110.192
    lifetime: 16.6536
    annual_cost: 6.616707498678964
    efficiency: 0.734534
    discharge_ratio: 5
    depth_of_discharge: 0.5
  VRBF:
    cost: 188.151
    lifetime: 20.7306
    annual_cost: 9.076003588897573
    efficiency: 0.729724
    discharge_ratio: 0.5
    depth_of_discharge: 1.0
