cost_values:
  wind_capex: 5000.0
  wind_opex: 100
  wind_lifetime: 20
  solar_capex: 1000.0
  solar_opex: 10
  solar_lifetime: 20
  carbon_price: 1.0
timeseries_values:
  load_level: 239872.07875022164
  wind_year: 2013
  solar_year: 2018
  price_year: 2023
  carbon_year: 2023
storage_values:
  CAES:
    cost: 23.7108
    lifetime: 22.7069
    annual_cost: 1.0442112309474212
    efficiency: 0.594952
    discharge_ratio: 0.1
    depth_of_discharge: 0.4
  Li-ion:
    cost: 202.065
    lifetime: 24.2786
    annual_cost: 8.322761608988985
    efficiency: 0.889447
    discharge_ratio: 2
    depth_of_discharge: 0.9
  Pb-acid:
    cost: 118.479
    lifetime: 13.9076
    annual_cost: 8.519011188127354
    efficiency: 0.725769
    discharge_ratio: 5
    depth_of_discharge: 0.5
  VRBF:
    cost: 150.693
    lifetime: 20.4786
    annual_cost: 7.358559667164748
    efficiency: 0.713935
    discharge_ratio: 0.5
    depth_of_discharge: 1.0
