cost_values:
  wind_capex: 5000.0
  wind_opex: 100
  wind_lifetime: 20
  solar_capex: 1000.0
  solar_opex: 10
  solar_lifetime: 20
  carbon_price: 1.0
timeseries_values:
  load_level: 239872.07875022164
  wind_year: 2013
  solar_year: 2018
  price_year: 2023
  carbon_year: 2023
storage_values:
  CAES:
    cost: 26.3709
    lifetime: 22.1036
    annual_cost: 1.1930590492046544
    efficiency: 0.601747
    discharge_ratio: 0.1
    depth_of_discharge: 0.4
  Li-ion:
    cost: 177.581
    lifetime: 23.0035
    annual_cost: 7.719738300693373
    efficiency: 0.893044
    discharge_ratio: 2
    depth_of_discharge: 0.9
  Pb-acid:
    cost: 123.641
    lifetime: 14.4119
    annual_cost: 8.579090890167155
    efficiency: 0.73026
    discharge_ratio: 5
    depth_of_discharge: 0.5
  VRBF:
    cost: 160.832
    lifetime: 20.4029
    annual_cost: 7.882800974371291
    efficiency: 0.744719
    discharge_ratio: 0.5
    depth_of_discharge: 1.0
