cost_values:
  wind_capex: 5000.0
  wind_opex: 100
  wind_lifetime: 20
  solar_capex: 1000.0
  solar_opex: 10
  solar_lifetime: 20
  carbon_price: 1.0
timeseries_values:
  load_level: 239872.07875022164
  wind_year: 2013
  solar_year: 2018
  price_year: 2023
  carbon_year: 2023
storage_values:
  CAES:
    cost: 26.1481
    lifetime: 22.5561
    annual_cost: 1.1592473876246336
    efficiency: 0.594918
    discharge_ratio: 0.1
    depth_of_discharge: 0.4
  Li-ion:
    cost: 193.688
    lifetime: 25.6731
    annual_cost: 7.544394716648943
    efficiency: 0.901819
    discharge_ratio: 2
    depth_of_discharge: 0.9
  Pb-acid:
    cost: 131.359
    lifetime: 12.7897
    annual_cost: 10.270686568097767
    efficiency: 0.737324
    discharge_ratio: 5
    depth_of_discharge: 0.5
  VRBF:
    cost: 220.581
    lifetime: 22.246
    annual_cost: 9.915535377146453
    efficiency: 0.723119
    discharge_ratio: 0.5
    depth_of_discharge: 1.0
