cost_values:
  wind_capex: 5000.0
  wind_opex: 100
  wind_lifetime: 20
  solar_capex: 1000.0
  solar_opex: 10
  solar_lifetime: 20
  carbon_price: 1.0
timeseries_values:
  load_level: 239872.07875022164
  wind_year: 2013
  solar_year: 2018
  price_year: 2023
  carbon_year: 2023
storage_values:
  CAES:
    cost: 30.9016
    lifetime: 22.5638
    annual_cost: 1.3695210913055424
    efficiency: 0.60554
    discharge_ratio: 0.1
    depth_of_discharge: 0.4
  Li-ion:
    cost: 198.774
    lifetime: 27.4293
    annual_cost: 7.24677625750566
    efficiency: 0.893875
    discharge_ratio: 2
    depth_of_discharge: 0.9
  Pb-acid:
    cost: 132.122
    lifetime: 14.7331
    annual_cost: 8.967698583461729
    efficiency: 0.7248
    discharge_ratio: 5
    depth_of_discharge: 0.5
  VRBF:
    cost: 188.119
    lifetime: 19.4343
    annual_cost: 9.679741487987734
    efficiency: 0.736905
    discharge_ratio: 0.5
    depth_of_discharge: 1.0
