cost_values:
  wind_capex: 5000.0
  wind_opex: 100
  wind_lifetime: 20
  solar_capex: 1000.0
  solar_opex: 10
  solar_lifetime: 20
  carbon_price: 1.0
timeseries_values:
  load_level: 239872.07875022164
  wind_year: 2013
  solar_year: 2018
  price_year: 2023
  carbon_year: 2023
storage_values:
  CAES:
    cost: 30.1088
    lifetime: 21.728
    annual_cost: 1.3857142857142855
    efficiency: 0.592302
    discharge_ratio: 0.1
    depth_of_discharge: 0.4
  Li-ion:
    cost: 198.04
    lifetime: 25.3423
    annual_cost: 7.814602463075569
    efficiency: 0.89215
    discharge_ratio: 2
    depth_of_discharge: 0.9
  Pb-acid:
    cost: 114.698
    lifetime: 14.569
    annual_cost: 7.872743496465096
    efficiency: 0.725316
    discharge_ratio: 5
    depth_of_discharge: 0.5
  VRBF:
    cost: 196.057
    lifetime: 21.0564
    annual_cost: 9.311040823692558
    efficiency: 0.710501
    discharge_ratio: 0.5
    depth_of_discharge: 1.0
