cost_values:
  wind_capex: 5000.0
  wind_opex: 100
  wind_lifetime: 20
  solar_capex: 1000.0
  solar_opex: 10
  solar_lifetime: 20
  carbon_price: 1.0
timeseries_values:
  load_level: 239872.07875022164
  wind_year: 2013
  solar_year: 2018
  price_year: 2023
  carbon_year: 2023
storage_values:
  CAES:
    cost: 23.9382
    lifetime: 24.5704
    annual_cost: 0.9742698531566437
    efficiency: 0.587766
    discharge_ratio: 0.1
    depth_of_discharge: 0.4
  Li-ion:
    cost: 184.801
    lifetime: 23.915
    annual_cost: 7.72740957558018
    efficiency: 0.896758
    discharge_ratio: 2
    depth_of_discharge: 0.9
  Pb-acid:
    cost: 123.5
    lifetime: 16.2381
    annual_cost: 7.60556961713501
    efficiency: 0.71572
    discharge_ratio: 5
    depth_of_discharge: 0.5
  VRBF:
    cost: 204.624
    lifetime: 18.7316
    annual_cost: 10.924000085417156
    efficiency: 0.737109
    discharge_ratio: 0.5
    depth_of_discharge: 1.0
