cost_values:
  wind_capex: 5000.0
  wind_opex: 100
  wind_lifetime: 20
  solar_capex: 1000.0
  solar_opex: 10
  solar_lifetime: 20
  carbon_price: 1.0
timeseries_values:
  load_level: 239872.07875022164
  wind_year: 2013
  solar_year: 2018
  price_year: 2023
  carbon_year: 2023
storage_values:
  CAES:
    cost: 22.5457
    lifetime: 23.1075
    annual_cost: 0.9756875473331169
    efficiency: 0.597015
    discharge_ratio: 0.1
    depth_of_discharge: 0.4
  Li-ion:
    cost: 189.982
    lifetime: 25.2088
    annual_cost: 7.53633651740662
    efficiency: 0.897859
    discharge_ratio: 2
    depth_of_discharge: 0.9
  Pb-acid:
    cost: 132.546
    lifetime: 14.3749
    annual_cost: 9.220655448037899
    efficiency: 0.738416
    discharge_ratio: 5
    depth_of_discharge: 0.5
  VRBF:
    cost: 198.828
    lifetime: 20.9391
    annual_cost: 9.495537057466654
    efficiency: 0.743027
    discharge_ratio: 0.5
    depth_of_discharge: 1.0
