cost_values:
  wind_capex: 5000.0
  wind_opex: 100
  wind_lifetime: 20
  solar_capex: 1000.0
  solar_opex: 10
  solar_lifetime: 20
  carbon_price: 1.0
timeseries_values:
  load_level: 239872.07875022164
  wind_year: 2013
  solar_year: 2018
  price_year: 2023
  carbon_year: 2023
storage_values:
  CAES:
    cost: 21.7875
    lifetime: 22.9674
    annual_cost: 0.948627184618198
    efficiency: 0.59919
    discharge_ratio: 0.1
    depth_of_discharge: 0.4
  Li-ion:
    cost: 171.324
    lifetime: 26.4857
    annual_cost: 6.468547178288661
    efficiency: 0.907281
    discharge_ratio: 2
    depth_of_discharge: 0.9
  Pb-acid:
    cost: 156.585
    lifetime: 15.3711
    annual_cost: 10.186974256884673
    efficiency: 0.739005
    discharge_ratio: 5
    depth_of_discharge: 0.5
  VRBF:
    cost: 180.009
    lifetime: 20.4248
    annual_cost: 8.813256433355527
    efficiency: 0.740133
    discharge_ratio: 0.5
    depth_of_discharge: 1.0
