cost_values:
  wind_capex: 5000.0
  wind_opex: 100
  wind_lifetime: 20
  solar_capex: 1000.0
  solar_opex: 10
  solar_lifetime: 20
  carbon_price: 1.0
timeseries_values:
  load_level: 239872.07875022164
  wind_year: 2013
  solar_year: 2018
  price_year: 2023
  carbon_year: 2023
storage_values:
  CAES:
    cost: 21.1125
    lifetime: 22.848
    annual_cost: 0.9240414915966387
    efficiency: 0.5917
    discharge_ratio: 0.1
    depth_of_discharge: 0.4
  Li-ion:
    cost: 183.837
    lifetime: 27.1782
    annual_cost: 6.764134490142834
    efficiency: 0.906111
    discharge_ratio: 2
    depth_of_discharge: 0.9
  Pb-acid:
    cost: 146.317
    lifetime: 15.3709
    annual_cost: 9.519091269867086
    efficiency: 0.719343
    discharge_ratio: 5
    depth_of_discharge: 0.5
  VRBF:
    cost: 199.252
    lifetime: 19.9832
    annual_cost: 9.970975619520397
    efficiency: 0.738721
    discharge_ratio: 0.5
    depth_of_discharge: 1.0
