cost_values:
  wind_capex: 5000.0
  wind_opex: 100
  wind_lifetime: 20
  solar_capex: 1000.0
  solar_opex: 10
  solar_lifetime: 20
  carbon_price: 1.0
timeseries_values:
  load_level: 239872.07875022164
  wind_year: 2013
  solar_year: 2018
  price_year: 2023
  carbon_year: 2023
storage_values:
  CAES:
    cost: 24.5491
    lifetime: 23.2451
    annual_cost: 1.0560978442768583
    efficiency: 0.59229
    discharge_ratio: 0.1
    depth_of_discharge: 0.4
  Li-ion:
    cost: 175.805
    lifetime: 27.9907
    annual_cost: 6.280836134859078
    efficiency: 0.904252
    discharge_ratio: 2
    depth_of_discharge: 0.9
  Pb-acid:
    cost: 135.326
    lifetime: 13.3825
    annual_cost: 10.112161404819727
    efficiency: 0.744843
    discharge_ratio: 5
    depth_of_discharge: 0.5
  VRBF:
    cost: 201.47
    lifetime: 20.1986
    annual_cost: 9.97445367500718
    efficiency: 0.738835
    discharge_ratio: 0.5
    depth_of_discharge: 1.0
