cost_values:
  wind_capex: 5000.0
  wind_opex: 100
  wind_lifetime: 20
  solar_capex: 1000.0
  solar_opex: 10
  solar_lifetime: 20
  carbon_price: 1.0
timeseries_values:
  load_level: 239872.07875022164
  wind_year: 2013
  solar_year: 2018
  price_year: 2023
  carbon_year: 2023
storage_values:
  CAES:
    cost: 20.2374
    lifetime: 22.0238
    annual_cost: 0.9188877487082157
    efficiency: 0.596007
    discharge_ratio: 0.1
    depth_of_discharge: 0.4
  Li-ion:
    cost: 206.965
    lifetime: 26.297
    annual_cost: 7.870289386622048
    efficiency: 0.900615
    discharge_ratio: 2
    depth_of_discharge: 0.9
  Pb-acid:
    cost: 138.182
    lifetime: 15.0283
    annual_cost: 9.194785837386796
    efficiency: 0.747414
    discharge_ratio: 5
    depth_of_discharge: 0.5
  VRBF:
    cost: 151.605
    lifetime: 19.1523
    annual_cost: 7.9157594649206615
    efficiency: 0.719875
    discharge_ratio: 0.5
    depth_of_discharge: 1.0
