cost_values:
  wind_capex: 5000.0
  wind_opex: 100
  wind_lifetime: 20
  solar_capex: 1000.0
  solar_opex: 10
  solar_lifetime: 20
  carbon_price: 1.0
timeseries_values:
  load_level: 276076.88456654234
  wind_year: 2017
  solar_year: 2010
  price_year: 2023
  carbon_year: 2023
storage_values:
  CAES:
    cost: 47.8006
    lifetime: 29.4261
    annual_cost: 1.6244286534742967
    efficiency: 0.602279
    discharge_ratio: 0.1
    depth_of_discharge: 0.4
  Li-ion:
    cost: 278.461
    lifetime: 14.8245
    annual_cost: 18.783837566191103
    efficiency: 0.949364
    discharge_ratio: 2
    depth_of_discharge: 0.9
  Pb-acid:
    cost: 166.831
    lifetime: 17.1836
    annual_cost: 9.708733909076097
    efficiency: 0.671029
    discharge_ratio: 5
    depth_of_discharge: 0.5
  VRBF:
    cost: 175.239
    lifetime: 11.9799
    annual_cost: 14.627751483735256
    efficiency: 0.770082
    discharge_ratio: 0.5
    depth_of_discharge: 1.0
