cost_values:
  wind_capex: 5000.0
  wind_opex: 100
  wind_lifetime: 20
  solar_capex: 1000.0
  solar_opex: 10
  solar_lifetime: 20
  carbon_price: 1.0
timeseries_values:
  load_level: 276076.88456654234
  wind_year: 2017
  solar_year: 2010
  price_year: 2023
  carbon_year: 2023
storage_values:
  CAES:
    cost: 53.4135
    lifetime: 28.1374
    annual_cost: 1.8983097230021253
    efficiency: 0.612895
    discharge_ratio: 0.1
    depth_of_discharge: 0.4
  Li-ion:
    cost: 270.902
    lifetime: 16.0526
    annual_cost: 16.875895493564904
    efficiency: 0.949686
    discharge_ratio: 2
    depth_of_discharge: 0.9
  Pb-acid:
    cost: 184.009
    lifetime: 15.9444
    annual_cost: 11.540666315446174
    efficiency: 0.68744
    discharge_ratio: 5
    depth_of_discharge: 0.5
  VRBF:
    cost: 180.207
    lifetime: 14.3215
    annual_cost: 12.582969660999197
    efficiency: 0.773248
    discharge_ratio: 0.5
    depth_of_discharge: 1.0
