cost_values:
  wind_capex: 5000.0
  wind_opex: 100
  wind_lifetime: 20
  solar_capex: 1000.0
  solar_opex: 10
  solar_lifetime: 20
  carbon_price: 1.0
timeseries_values:
  load_level: 276076.88456654234
  wind_year: 2017
  solar_year: 2010
  price_year: 2023
  carbon_year: 2023
storage_values:
  CAES:
    cost: 59.8878
    lifetime: 29.2449
    annual_cost: 2.047803206712965
    efficiency: 0.606687
    discharge_ratio: 0.1
    depth_of_discharge: 0.4
  Li-ion:
    cost: 270.803
    lifetime: 14.9291
    annual_cost: 18.13927162387552
    efficiency: 0.94237
    discharge_ratio: 2
    depth_of_discharge: 0.9
  Pb-acid:
    cost: 175.09
    lifetime: 16.0276
    annual_cost: 10.924280615937509
    efficiency: 0.689828
    discharge_ratio: 5
    depth_of_discharge: 0.5
  VRBF:
    cost: 164.216
    lifetime: 11.8707
    annual_cost: 13.833725054124864
    efficiency: 0.778501
    discharge_ratio: 0.5
    depth_of_discharge: 1.0
