cost_values:
  wind_capex: 5000.0
  wind_opex: 100
  wind_lifetime: 20
  solar_capex: 1000.0
  solar_opex: 10
  solar_lifetime: 20
  carbon_price: 1.0
timeseries_values:
  load_level: 276076.88456654234
  wind_year: 2017
  solar_year: 2010
  price_year: 2023
  carbon_year: 2023
storage_values:
  CAES:
    cost: 52.4532
    lifetime: 27.4972
    annual_cost: 1.9075833175741532
    efficiency: 0.613109
    discharge_ratio: 0.1
    depth_of_discharge: 0.4
  Li-ion:
    cost: 285.43
    lifetime: 17.4257
    annual_cost: 16.379829791629607
    efficiency: 0.931309
    discharge_ratio: 2
    depth_of_discharge: 0.9
  Pb-acid:
    cost: 169.843
    lifetime: 15.4597
    annual_cost: 10.986176963330465
    efficiency: 0.685017
    discharge_ratio: 5
    depth_of_discharge: 0.5
  VRBF:
    cost: 180.131
    lifetime: 14.6008
    annual_cost: 12.337063722535753
    efficiency: 0.767549
    discharge_ratio: 0.5
    depth_of_discharge: 1.0
