cost_values:
  wind_capex: 5000.0
  wind_opex: 100
  wind_lifetime: 20
  solar_capex: 1000.0
  solar_opex: 10
  solar_lifetime: 20
  carbon_price: 1.0
timeseries_values:
  load_level: 276076.88456654234
  wind_year: 2017
  solar_year: 2010
  price_year: 2023
  carbon_year: 2023
storage_values:
  CAES:
    cost: 56.3636
    lifetime: 28.3387
    annual_cost: 1.9889268032760854
    efficiency: 0.600731
    discharge_ratio: 0.1
    depth_of_discharge: 0.4
  Li-ion:
    cost: 255.977
    lifetime: 17.8084
    annual_cost: 14.373947126075336
    efficiency: 0.938108
    discharge_ratio: 2
    depth_of_discharge: 0.9
  Pb-acid:
    cost: 169.841
    lifetime: 15.3382
    annual_cost: 11.073072459610646
    efficiency: 0.682223
    discharge_ratio: 5
    depth_of_discharge: 0.5
  VRBF:
    cost: 192.475
    lifetime: 12.0539
    annual_cost: 15.96786102423282
    efficiency: 0.778847
    discharge_ratio: 0.5
    depth_of_discharge: 1.0
