cost_values:
  wind_capex: 5000.0
  wind_opex: 100
  wind_lifetime: 20
  solar_capex: 1000.0
  solar_opex: 10
  solar_lifetime: 20
  carbon_price: 1.0
timeseries_values:
  load_level: 276076.88456654234
  wind_year: 2017
  solar_year: 2010
  price_year: 2023
  carbon_year: 2023
storage_values:
  CAES:
    cost: 57.8642
    lifetime: 28.7424
    annual_cost: 2.0132000111333777
    efficiency: 0.60467
    discharge_ratio: 0.1
    depth_of_discharge: 0.4
  Li-ion:
    cost: 269.639
    lifetime: 15.999
    annual_cost: 16.8534908431777
    efficiency: 0.943178
    discharge_ratio: 2
    depth_of_discharge: 0.9
  Pb-acid:
    cost: 166.447
    lifetime: 16.056
    annual_cost: 10.366654210264075
    efficiency: 0.687988
    discharge_ratio: 5
    depth_of_discharge: 0.5
  VRBF:
    cost: 165.314
    lifetime: 12.6779
    annual_cost: 13.039541248945016
    efficiency: 0.779319
    discharge_ratio: 0.5
    depth_of_discharge: 1.0
