cost_values:
  wind_capex: 5000.0
  wind_opex: 100
  wind_lifetime: 20
  solar_capex: 1000.0
  solar_opex: 10
  solar_lifetime: 20
  carbon_price: 1.0
timeseries_values:
  load_level: 276076.88456654234
  wind_year: 2017
  solar_year: 2010
  price_year: 2023
  carbon_year: 2023
storage_values:
  CAES:
    cost: 53.7174
    lifetime: 28.802
    annual_cost: 1.8650579820845774
    efficiency: 0.595183
    discharge_ratio: 0.1
    depth_of_discharge: 0.4
  Li-ion:
    cost: 298.524
    lifetime: 16.3039
    annual_cost: 18.309974913977637
    efficiency: 0.951526
    discharge_ratio: 2
    depth_of_discharge: 0.9
  Pb-acid:
    cost: 146.138
    lifetime: 13.5259
    annual_cost: 10.804308770580885
    efficiency: 0.68986
    discharge_ratio: 5
    depth_of_discharge: 0.5
  VRBF:
    cost: 195.675
    lifetime: 13.0337
    annual_cost: 15.013004749227004
    efficiency: 0.761357
    discharge_ratio: 0.5
    depth_of_discharge: 1.0
