cost_values:
  wind_capex: 5000.0
  wind_opex: 100
  wind_lifetime: 20
  solar_capex: 1000.0
  solar_opex: 10
  solar_lifetime: 20
  carbon_price: 1.0
timeseries_values:
  load_level: 276076.88456654234
  wind_year: 2017
  solar_year: 2010
  price_year: 2023
  carbon_year: 2023
storage_values:
  CAES:
    cost: 56.1311
    lifetime: 28.3009
    annual_cost: 1.983368020098301
    efficiency: 0.60107
    discharge_ratio: 0.1
    depth_of_discharge: 0.4
  Li-ion:
    cost: 276.702
    lifetime: 18.479
    annual_cost: 14.97386222198171
    efficiency: 0.935429
    discharge_ratio: 2
    depth_of_discharge: 0.9
  Pb-acid:
    cost: 163.134
    lifetime: 14.6213
    annual_cost: 11.157284236011845
    efficiency: 0.683049
    discharge_ratio: 5
    depth_of_discharge: 0.5
  VRBF:
    cost: 150.885
    lifetime: 13.4989
    annual_cost: 11.177577432235218
    efficiency: 0.778379
    discharge_ratio: 0.5
    depth_of_discharge: 1.0
