cost_values:
  wind_capex: 5000.0
  wind_opex: 100
  wind_lifetime: 20
  solar_capex: 1000.0
  solar_opex: 10
  solar_lifetime: 20
  carbon_price: 1.0
timeseries_values:
  load_level: 276076.88456654234
  wind_year: 2017
  solar_year: 2010
  price_year: 2023
  carbon_year: 2023
storage_values:
  CAES:
    cost: 52.2947
    lifetime: 28.9936
    annual_cost: 1.8036635671320567
    efficiency: 0.609729
    discharge_ratio: 0.1
    depth_of_discharge: 0.4
  Li-ion:
    cost: 266.83
    lifetime: 14.6053
    annual_cost: 18.26939535648018
    efficiency: 0.938734
    discharge_ratio: 2
    depth_of_discharge: 0.9
  Pb-acid:
    cost: 187.013
    lifetime: 14.9802
    annual_cost: 12.484012229476242
    efficiency: 0.679047
    discharge_ratio: 5
    depth_of_discharge: 0.5
  VRBF:
    cost: 172.68
    lifetime: 12.6068
    annual_cost: 13.697369673509534
    efficiency: 0.779628
    discharge_ratio: 0.5
    depth_of_discharge: 1.0
