cost_values:
  wind_capex: 5000.0
  wind_opex: 100
  wind_lifetime: 20
  solar_capex: 1000.0
  solar_opex: 10
  solar_lifetime: 20
  carbon_price: 1.0
timeseries_values:
  load_level: 276076.88456654234
  wind_year: 2017
  solar_year: 2010
  price_year: 2023
  carbon_year: 2023
storage_values:
  CAES:
    cost: 58.122
    lifetime: 28.2467
    annual_cost: 2.057656292593471
    efficiency: 0.606526
    discharge_ratio: 0.1
    depth_of_discharge: 0.4
  Li-ion:
    cost: 249.968
    lifetime: 17.3432
    annual_cost: 14.413026431108445
    efficiency: 0.937575
    discharge_ratio: 2
    depth_of_discharge: 0.9
  Pb-acid:
    cost: 169.547
    lifetime: 15.2134
    annual_cost: 11.144583064929602
    efficiency: 0.697255
    discharge_ratio: 5
    depth_of_discharge: 0.5
  VRBF:
    cost: 175.033
    lifetime: 13.3865
    annual_cost: 13.075337093340305
    efficiency: 0.776924
    discharge_ratio: 0.5
    depth_of_discharge: 1.0
