cost_values:
  wind_capex: 5000.0
  wind_opex: 100
  wind_lifetime: 20
  solar_capex: 1000.0
  solar_opex: 10
  solar_lifetime: 20
  carbon_price: 1.0
timeseries_values:
  load_level: 276076.88456654234
  wind_year: 2017
  solar_year: 2010
  price_year: 2023
  carbon_year: 2023
storage_values:
  CAES:
    cost: 51.163
    lifetime: 29.352
    annual_cost: 1.7430839465794492
    efficiency: 0.602698
    discharge_ratio: 0.1
    depth_of_discharge: 0.4
  Li-ion:
    cost: 284.801
    lifetime: 15.0983
    annual_cost: 18.863117039666715
    efficiency: 0.959008
    discharge_ratio: 2
    depth_of_discharge: 0.9
  Pb-acid:
    cost: 156.528
    lifetime: 15.8382
    annual_cost: 9.882941243323105
    efficiency: 0.697436
    discharge_ratio: 5
    depth_of_discharge: 0.5
  VRBF:
    cost: 186.147
    lifetime: 12.4649
    annual_cost: 14.933693812224726
    efficiency: 0.793309
    discharge_ratio: 0.5
    depth_of_discharge: 1.0
