cost_values:
  wind_capex: 5000.0
  wind_opex: 100
  wind_lifetime: 20
  solar_capex: 1000.0
  solar_opex: 10
  solar_lifetime: 20
  carbon_price: 1.0
timeseries_values:
  load_level: 276076.88456654234
  wind_year: 2017
  solar_year: 2010
  price_year: 2023
  carbon_year: 2023
storage_values:
  CAES:
    cost: 56.5695
    lifetime: 29.1482
    annual_cost: 1.9407544891279735
    efficiency: 0.597467
    discharge_ratio: 0.1
    depth_of_discharge: 0.4
  Li-ion:
    cost: 258.795
    lifetime: 16.6101
    annual_cost: 15.580580490183685
    efficiency: 0.928848
    discharge_ratio: 2
    depth_of_discharge: 0.9
  Pb-acid:
    cost: 154.016
    lifetime: 15.828
    annual_cost: 9.730603992923932
    efficiency: 0.694533
    discharge_ratio: 5
    depth_of_discharge: 0.5
  VRBF:
    cost: 146.168
    lifetime: 11.8678
    annual_cost: 12.316351809096883
    efficiency: 0.784679
    discharge_ratio: 0.5
    depth_of_discharge: 1.0
