cost_values:
  wind_capex: 5000.0
  wind_opex: 100
  wind_lifetime: 20
  solar_capex: 1000.0
  solar_opex: 10
  solar_lifetime: 20
  carbon_price: 1.0
timeseries_values:
  load_level: 276076.88456654234
  wind_year: 2017
  solar_year: 2010
  price_year: 2023
  carbon_year: 2023
storage_values:
  CAES:
    cost: 53.808
    lifetime: 27.9139
    annual_cost: 1.9276417842007028
    efficiency: 0.606667
    discharge_ratio: 0.1
    depth_of_discharge: 0.4
  Li-ion:
    cost: 275.454
    lifetime: 13.6691
    annual_cost: 20.15158276697076
    efficiency: 0.932083
    discharge_ratio: 2
    depth_of_discharge: 0.9
  Pb-acid:
    cost: 190.669
    lifetime: 15.575
    annual_cost: 12.241990369181382
    efficiency: 0.663319
    discharge_ratio: 5
    depth_of_discharge: 0.5
  VRBF:
    cost: 149.405
    lifetime: 13.9533
    annual_cost: 10.707502884622276
    efficiency: 0.776281
    discharge_ratio: 0.5
    depth_of_discharge: 1.0
