cost_values:
  wind_capex: 5000.0
  wind_opex: 100
  wind_lifetime: 20
  solar_capex: 1000.0
  solar_opex: 10
  solar_lifetime: 20
  carbon_price: 1.0
timeseries_values:
  load_level: 276076.88456654234
  wind_year: 2017
  solar_year: 2010
  price_year: 2023
  carbon_year: 2023
storage_values:
  CAES:
    cost: 59.2071
    lifetime: 28.1002
    annual_cost: 2.1069992384395837
    efficiency: 0.598482
    discharge_ratio: 0.1
    depth_of_discharge: 0.4
  Li-ion:
    cost: 257.956
    lifetime: 15.1169
    annual_cost: 17.064080598535416
    efficiency: 0.944835
    discharge_ratio: 2
    depth_of_discharge: 0.9
  Pb-acid:
    cost: 189.742
    lifetime: 12.6436
    annual_cost: 15.006960043025721
    efficiency: 0.689695
    discharge_ratio: 5
    depth_of_discharge: 0.5
  VRBF:
    cost: 184.048
    lifetime: 13.5534
    annual_cost: 13.5794708338867
    efficiency: 0.77073
    discharge_ratio: 0.5
    depth_of_discharge: 1.0
