cost_values:
  wind_capex: 5000.0
  wind_opex: 100
  wind_lifetime: 20
  solar_capex: 1000.0
  solar_opex: 10
  solar_lifetime: 20
  carbon_price: 1.0
timeseries_values:
  load_level: 276076.88456654234
  wind_year: 2017
  solar_year: 2010
  price_year: 2023
  carbon_year: 2023
storage_values:
  CAES:
    cost: 54.6209
    lifetime: 28.9589
    annual_cost: 1.8861524436356354
    efficiency: 0.604496
    discharge_ratio: 0.1
    depth_of_discharge: 0.4
  Li-ion:
    cost: 285.993
    lifetime: 16.8437
    annual_cost: 16.979226654476157
    efficiency: 0.959037
    discharge_ratio: 2
    depth_of_discharge: 0.9
  Pb-acid:
    cost: 167.031
    lifetime: 15.1251
    annual_cost: 11.043298887280084
    efficiency: 0.686306
    discharge_ratio: 5
    depth_of_discharge: 0.5
  VRBF:
    cost: 181.463
    lifetime: 13.0716
    annual_cost: 13.882233238471189
    efficiency: 0.768769
    discharge_ratio: 0.5
    depth_of_discharge: 1.0
