cost_values:
  wind_capex: 5000.0
  wind_opex: 100
  wind_lifetime: 20
  solar_capex: 1000.0
  solar_opex: 10
  solar_lifetime: 20
  carbon_price: 1.0
timeseries_values:
  load_level: 276076.88456654234
  wind_year: 2017
  solar_year: 2010
  price_year: 2023
  carbon_year: 2023
storage_values:
  CAES:
    cost: 56.7028
    lifetime: 28.5585
    annual_cost: 1.985496437137805
    efficiency: 0.610966
    discharge_ratio: 0.1
    depth_of_discharge: 0.4
  Li-ion:
    cost: 256.44
    lifetime: 14.9072
    annual_cost: 17.202425673500056
    efficiency: 0.943914
    discharge_ratio: 2
    depth_of_discharge: 0.9
  Pb-acid:
    cost: 141.926
    lifetime: 15.223
    annual_cost: 9.323129475136305
    efficiency: 0.69106
    discharge_ratio: 5
    depth_of_discharge: 0.5
  VRBF:
    cost: 172.614
    lifetime: 12.4245
    annual_cost: 13.893033924906435
    efficiency: 0.773429
    discharge_ratio: 0.5
    depth_of_discharge: 1.0
