cost_values:
  wind_capex: 5000.0
  wind_opex: 100
  wind_lifetime: 20
  solar_capex: 1000.0
  solar_opex: 10
  solar_lifetime: 20
  carbon_price: 1.0
timeseries_values:
  load_level: 276076.88456654234
  wind_year: 2017
  solar_year: 2010
  price_year: 2023
  carbon_year: 2023
storage_values:
  CAES:
    cost: 55.5237
    lifetime: 29.8969
    annual_cost: 1.8571724827657716
    efficiency: 0.59541
    discharge_ratio: 0.1
    depth_of_discharge: 0.4
  Li-ion:
    cost: 273.593
    lifetime: 16.0895
    annual_cost: 17.004443891979243
    efficiency: 0.948756
    discharge_ratio: 2
    depth_of_discharge: 0.9
  Pb-acid:
    cost: 180.248
    lifetime: 15.0095
    annual_cost: 12.008927679136546
    efficiency: 0.690044
    discharge_ratio: 5
    depth_of_discharge: 0.5
  VRBF:
    cost: 178.648
    lifetime: 13.4817
    annual_cost: 13.251147852273823
    efficiency: 0.786268
    discharge_ratio: 0.5
    depth_of_discharge: 1.0
