cost_values:
  wind_capex: 5000.0
  wind_opex: 100
  wind_lifetime: 20
  solar_capex: 1000.0
  solar_opex: 10
  solar_lifetime: 20
  carbon_price: 1.0
timeseries_values:
  load_level: 276076.88456654234
  wind_year: 2017
  solar_year: 2010
  price_year: 2023
  carbon_year: 2023
storage_values:
  CAES:
    cost: 52.7396
    lifetime: 29.1037
    annual_cost: 1.8121269804182973
    efficiency: 0.607709
    discharge_ratio: 0.1
    depth_of_discharge: 0.4
  Li-ion:
    cost: 267.075
    lifetime: 15.8659
    annual_cost: 16.833271355548693
    efficiency: 0.934037
    discharge_ratio: 2
    depth_of_discharge: 0.9
  Pb-acid:
    cost: 181.925
    lifetime: 14.7924
    annual_cost: 12.298545198885915
    efficiency: 0.695527
    discharge_ratio: 5
    depth_of_discharge: 0.5
  VRBF:
    cost: 196.278
    lifetime: 13.3021
    annual_cost: 14.75541455860353
    efficiency: 0.784202
    discharge_ratio: 0.5
    depth_of_discharge: 1.0
