cost_values:
  wind_capex: 5000.0
  wind_opex: 100
  wind_lifetime: 20
  solar_capex: 1000.0
  solar_opex: 10
  solar_lifetime: 20
  carbon_price: 1.0
timeseries_values:
  load_level: 276076.88456654234
  wind_year: 2017
  solar_year: 2010
  price_year: 2023
  carbon_year: 2023
storage_values:
  CAES:
    cost: 55.2132
    lifetime: 28.102
    annual_cost: 1.9647427229378691
    efficiency: 0.602884
    discharge_ratio: 0.1
    depth_of_discharge: 0.4
  Li-ion:
    cost: 264.208
    lifetime: 15.0101
    annual_cost: 17.602014643473396
    efficiency: 0.946414
    discharge_ratio: 2
    depth_of_discharge: 0.9
  Pb-acid:
    cost: 166.995
    lifetime: 13.9524
    annual_cost: 11.96890857486884
    efficiency: 0.686864
    discharge_ratio: 5
    depth_of_discharge: 0.5
  VRBF:
    cost: 171.167
    lifetime: 14.0932
    annual_cost: 12.145360883262851
    efficiency: 0.762935
    discharge_ratio: 0.5
    depth_of_discharge: 1.0
