cost_values:
  wind_capex: 5000.0
  wind_opex: 100
  wind_lifetime: 20
  solar_capex: 1000.0
  solar_opex: 10
  solar_lifetime: 20
  carbon_price: 1.0
timeseries_values:
  load_level: 276076.88456654234
  wind_year: 2017
  solar_year: 2010
  price_year: 2023
  carbon_year: 2023
storage_values:
  CAES:
    cost: 54.4077
    lifetime: 28.4303
    annual_cost: 1.913722331456228
    efficiency: 0.606546
    discharge_ratio: 0.1
    depth_of_discharge: 0.4
  Li-ion:
    cost: 290.436
    lifetime: 17.0276
    annual_cost: 17.056778406821866
    efficiency: 0.954411
    discharge_ratio: 2
    depth_of_discharge: 0.9
  Pb-acid:
    cost: 184.023
    lifetime: 15.2568
    annual_cost: 12.061703633789524
    efficiency: 0.691645
    discharge_ratio: 5
    depth_of_discharge: 0.5
  VRBF:
    cost: 169.353
    lifetime: 12.7459
    annual_cost: 13.28686087290815
    efficiency: 0.772479
    discharge_ratio: 0.5
    depth_of_discharge: 1.0
