cost_values:
  wind_capex: 5000.0
  wind_opex: 100
  wind_lifetime: 20
  solar_capex: 1000.0
  solar_opex: 10
  solar_lifetime: 20
  carbon_price: 1.0
timeseries_values:
  load_level: 276076.88456654234
  wind_year: 2017
  solar_year: 2010
  price_year: 2023
  carbon_year: 2023
storage_values:
  CAES:
    cost: 58.5691
    lifetime: 27.5206
    annual_cost: 2.1281912458303958
    efficiency: 0.601116
    discharge_ratio: 0.1
    depth_of_discharge: 0.4
  Li-ion:
    cost: 264.812
    lifetime: 15.6837
    annual_cost: 16.88453617449964
    efficiency: 0.932403
    discharge_ratio: 2
    depth_of_discharge: 0.9
  Pb-acid:
    cost: 172.252
    lifetime: 15.1799
    annual_cost: 11.347373829867127
    efficiency: 0.669329
    discharge_ratio: 5
    depth_of_discharge: 0.5
  VRBF:
    cost: 173.595
    lifetime: 12.6474
    annual_cost: 13.725746003131079
    efficiency: 0.794576
    discharge_ratio: 0.5
    depth_of_discharge: 1.0
