cost_values:
  wind_capex: 5000.0
  wind_opex: 100
  wind_lifetime: 20
  solar_capex: 1000.0
  solar_opex: 10
  solar_lifetime: 20
  carbon_price: 1.0
timeseries_values:
  load_level: 276076.88456654234
  wind_year: 2017
  solar_year: 2010
  price_year: 2023
  carbon_year: 2023
storage_values:
  CAES:
    cost: 54.1075
    lifetime: 28.0692
    annual_cost: 1.9276466732218946
    efficiency: 0.608379
    discharge_ratio: 0.1
    depth_of_discharge: 0.4
  Li-ion:
    cost: 279.0
    lifetime: 15.1633
    annual_cost: 18.399688722111943
    efficiency: 0.944167
    discharge_ratio: 2
    depth_of_discharge: 0.9
  Pb-acid:
    cost: 174.544
    lifetime: 14.8048
    annual_cost: 11.789689830325301
    efficiency: 0.680907
    discharge_ratio: 5
    depth_of_discharge: 0.5
  VRBF:
    cost: 117.946
    lifetime: 13.8618
    annual_cost: 8.508707382879567
    efficiency: 0.781232
    discharge_ratio: 0.5
    depth_of_discharge: 1.0
