cost_values:
  wind_capex: 5000.0
  wind_opex: 100
  wind_lifetime: 20
  solar_capex: 1000.0
  solar_opex: 10
  solar_lifetime: 20
  carbon_price: 1.0
timeseries_values:
  load_level: 276076.88456654234
  wind_year: 2017
  solar_year: 2010
  price_year: 2023
  carbon_year: 2023
storage_values:
  CAES:
    cost: 55.3749
    lifetime: 28.7516
    annual_cost: 1.9259762934932316
    efficiency: 0.604567
    discharge_ratio: 0.1
    depth_of_discharge: 0.4
  Li-ion:
    cost: 273.817
    lifetime: 18.0194
    annual_cost: 15.195677991498052
    efficiency: 0.931048
    discharge_ratio: 2
    depth_of_discharge: 0.9
  Pb-acid:
    cost: 165.067
    lifetime: 13.7215
    annual_cost: 12.029807236818131
    efficiency: 0.696135
    discharge_ratio: 5
    depth_of_discharge: 0.5
  VRBF:
    cost: 153.174
    lifetime: 13.423
    annual_cost: 11.41130894732921
    efficiency: 0.767811
    discharge_ratio: 0.5
    depth_of_discharge: 1.0
