cost_values:
  wind_capex: 5000.0
  wind_opex: 100
  wind_lifetime: 20
  solar_capex: 1000.0
  solar_opex: 10
  solar_lifetime: 20
  carbon_price: 1.0
timeseries_values:
  load_level: 276076.88456654234
  wind_year: 2017
  solar_year: 2010
  price_year: 2023
  carbon_year: 2023
storage_values:
  CAES:
    cost: 52.8573
    lifetime: 29.269
    annual_cost: 1.8059141070757458
    efficiency: 0.601825
    discharge_ratio: 0.1
    depth_of_discharge: 0.4
  Li-ion:
    cost: 273.801
    lifetime: 17.3899
    annual_cost: 15.744828894933265
    efficiency: 0.948638
    discharge_ratio: 2
    depth_of_discharge: 0.9
  Pb-acid:
    cost: 170.744
    lifetime: 14.17
    annual_cost: 12.049682427664079
    efficiency: 0.682527
    discharge_ratio: 5
    depth_of_discharge: 0.5
  VRBF:
    cost: 210.036
    lifetime: 11.3472
    annual_cost: 18.509940778341793
    efficiency: 0.761023
    discharge_ratio: 0.5
    depth_of_discharge: 1.0
