cost_values:
  wind_capex: 5000.0
  wind_opex: 100
  wind_lifetime: 20
  solar_capex: 1000.0
  solar_opex: 10
  solar_lifetime: 20
  carbon_price: 1.0
timeseries_values:
  load_level: 276076.88456654234
  wind_year: 2017
  solar_year: 2010
  price_year: 2023
  carbon_year: 2023
storage_values:
  CAES:
    cost: 48.3377
    lifetime: 29.4884
    annual_cost: 1.6392106726712876
    efficiency: 0.600939
    discharge_ratio: 0.1
    depth_of_discharge: 0.4
  Li-ion:
    cost: 283.371
    lifetime: 13.5181
    annual_cost: 20.96233938201374
    efficiency: 0.947052
    discharge_ratio: 2
    depth_of_discharge: 0.9
  Pb-acid:
    cost: 176.365
    lifetime: 14.9277
    annual_cost: 11.814613101817427
    efficiency: 0.686737
    discharge_ratio: 5
    depth_of_discharge: 0.5
  VRBF:
    cost: 171.467
    lifetime: 13.06
    annual_cost: 13.1291730474732
    efficiency: 0.77032
    discharge_ratio: 0.5
    depth_of_discharge: 1.0
