cost_values:
  wind_capex: 5000.0
  wind_opex: 100
  wind_lifetime: 20
  solar_capex: 1000.0
  solar_opex: 10
  solar_lifetime: 20
  carbon_price: 1.0
timeseries_values:
  load_level: 276076.88456654234
  wind_year: 2017
  solar_year: 2010
  price_year: 2023
  carbon_year: 2023
storage_values:
  CAES:
    cost: 50.4045
    lifetime: 28.7903
    annual_cost: 1.7507459109491739
    efficiency: 0.603431
    discharge_ratio: 0.1
    depth_of_discharge: 0.4
  Li-ion:
    cost: 271.171
    lifetime: 16.1062
    annual_cost: 16.836435658317914
    efficiency: 0.932336
    discharge_ratio: 2
    depth_of_discharge: 0.9
  Pb-acid:
    cost: 162.451
    lifetime: 13.4856
    annual_cost: 12.046256747938541
    efficiency: 0.697589
    discharge_ratio: 5
    depth_of_discharge: 0.5
  VRBF:
    cost: 172.138
    lifetime: 12.2696
    annual_cost: 14.029634217904414
    efficiency: 0.78606
    discharge_ratio: 0.5
    depth_of_discharge: 1.0
