cost_values:
  wind_capex: 5000.0
  wind_opex: 100
  wind_lifetime: 20
  solar_capex: 1000.0
  solar_opex: 10
  solar_lifetime: 20
  carbon_price: 1.0
timeseries_values:
  load_level: 276076.88456654234
  wind_year: 2017
  solar_year: 2010
  price_year: 2023
  carbon_year: 2023
storage_values:
  CAES:
    cost: 51.8157
    lifetime: 28.6159
    annual_cost: 1.8107310970474457
    efficiency: 0.600835
    discharge_ratio: 0.1
    depth_of_discharge: 0.4
  Li-ion:
    cost: 263.944
    lifetime: 16.2457
    annual_cost: 16.247006900287463
    efficiency: 0.957833
    discharge_ratio: 2
    depth_of_discharge: 0.9
  Pb-acid:
    cost: 153.066
    lifetime: 13.9999
    annual_cost: 10.933363809741499
    efficiency: 0.68839
    discharge_ratio: 5
    depth_of_discharge: 0.5
  VRBF:
    cost: 199.675
    lifetime: 13.9889
    annual_cost: 14.273817097841862
    efficiency: 0.760335
    discharge_ratio: 0.5
    depth_of_discharge: 1.0
