cost_values:
  wind_capex: 5000.0
  wind_opex: 100
  wind_lifetime: 20
  solar_capex: 1000.0
  solar_opex: 10
  solar_lifetime: 20
  carbon_price: 1.0
timeseries_values:
  load_level: 276076.88456654234
  wind_year: 2017
  solar_year: 2010
  price_year: 2023
  carbon_year: 2023
storage_values:
  CAES:
    cost: 55.0335
    lifetime: 28.0354
    annual_cost: 1.9630003495580586
    efficiency: 0.603565
    discharge_ratio: 0.1
    depth_of_discharge: 0.4
  Li-ion:
    cost: 285.99
    lifetime: 15.0428
    annual_cost: 19.011753131066026
    efficiency: 0.945287
    discharge_ratio: 2
    depth_of_discharge: 0.9
  Pb-acid:
    cost: 156.672
    lifetime: 13.5587
    annual_cost: 11.555090089757867
    efficiency: 0.671633
    discharge_ratio: 5
    depth_of_discharge: 0.5
  VRBF:
    cost: 175.516
    lifetime: 15.2276
    annual_cost: 11.526176153825947
    efficiency: 0.774735
    discharge_ratio: 0.5
    depth_of_discharge: 1.0
