cost_values:
  wind_capex: 5000.0
  wind_opex: 100
  wind_lifetime: 20
  solar_capex: 1000.0
  solar_opex: 10
  solar_lifetime: 20
  carbon_price: 1.0
timeseries_values:
  load_level: 276076.88456654234
  wind_year: 2017
  solar_year: 2010
  price_year: 2023
  carbon_year: 2023
storage_values:
  CAES:
    cost: 51.0656
    lifetime: 28.4457
    annual_cost: 1.7951957589372034
    efficiency: 0.605037
    discharge_ratio: 0.1
    depth_of_discharge: 0.4
  Li-ion:
    cost: 265.157
    lifetime: 14.3959
    annual_cost: 18.418924832764883
    efficiency: 0.944966
    discharge_ratio: 2
    depth_of_discharge: 0.9
  Pb-acid:
    cost: 155.499
    lifetime: 14.8382
    annual_cost: 10.479640387648097
    efficiency: 0.69497
    discharge_ratio: 5
    depth_of_discharge: 0.5
  VRBF:
    cost: 196.132
    lifetime: 14.3611
    annual_cost: 13.657171108062753
    efficiency: 0.76693
    discharge_ratio: 0.5
    depth_of_discharge: 1.0
