cost_values:
  wind_capex: 5000.0
  wind_opex: 100
  wind_lifetime: 20
  solar_capex: 1000.0
  solar_opex: 10
  solar_lifetime: 20
  carbon_price: 1.0
timeseries_values:
  load_level: 276076.88456654234
  wind_year: 2017
  solar_year: 2010
  price_year: 2023
  carbon_year: 2023
storage_values:
  CAES:
    cost: 54.1942
    lifetime: 29.5068
    annual_cost: 1.8366681578483606
    efficiency: 0.601042
    discharge_ratio: 0.1
    depth_of_discharge: 0.4
  Li-ion:
    cost: 282.894
    lifetime: 13.8877
    annual_cost: 20.37011168155994
    efficiency: 0.937422
    discharge_ratio: 2
    depth_of_discharge: 0.9
  Pb-acid:
    cost: 172.225
    lifetime: 16.1633
    annual_cost: 10.655311724709682
    efficiency: 0.679218
    discharge_ratio: 5
    depth_of_discharge: 0.5
  VRBF:
    cost: 160.45
    lifetime: 14.097
    annual_cost: 11.381854295240121
    efficiency: 0.770079
    discharge_ratio: 0.5
    depth_of_discharge: 1.0
