cost_values:
  wind_capex: 5000.0
  wind_opex: 100
  wind_lifetime: 20
  solar_capex: 1000.0
  solar_opex: 10
  solar_lifetime: 20
  carbon_price: 1.0
timeseries_values:
  load_level: 276076.88456654234
  wind_year: 2017
  solar_year: 2010
  price_year: 2023
  carbon_year: 2023
storage_values:
  CAES:
    cost: 59.0479
    lifetime: 28.3284
    annual_cost: 2.0844064613603313
    efficiency: 0.601859
    discharge_ratio: 0.1
    depth_of_discharge: 0.4
  Li-ion:
    cost: 261.896
    lifetime: 15.5944
    annual_cost: 16.79423382752783
    efficiency: 0.945359
    discharge_ratio: 2
    depth_of_discharge: 0.9
  Pb-acid:
    cost: 191.13
    lifetime: 15.0808
    annual_cost: 12.673730836560395
    efficiency: 0.703562
    discharge_ratio: 5
    depth_of_discharge: 0.5
  VRBF:
    cost: 160.433
    lifetime: 12.5316
    annual_cost: 12.802275846659645
    efficiency: 0.774272
    discharge_ratio: 0.5
    depth_of_discharge: 1.0
