cost_values:
  wind_capex: 5000.0
  wind_opex: 100
  wind_lifetime: 20
  solar_capex: 1000.0
  solar_opex: 10
  solar_lifetime: 20
  carbon_price: 1.0
timeseries_values:
  load_level: 276076.88456654234
  wind_year: 2017
  solar_year: 2010
  price_year: 2023
  carbon_year: 2023
storage_values:
  CAES:
    cost: 51.5568
    lifetime: 28.8738
    annual_cost: 1.7855910894998235
    efficiency: 0.608811
    discharge_ratio: 0.1
    depth_of_discharge: 0.4
  Li-ion:
    cost: 256.279
    lifetime: 13.0921
    annual_cost: 19.57508726636674
    efficiency: 0.943544
    discharge_ratio: 2
    depth_of_discharge: 0.9
  Pb-acid:
    cost: 164.804
    lifetime: 14.0891
    annual_cost: 11.697269520409394
    efficiency: 0.684535
    discharge_ratio: 5
    depth_of_discharge: 0.5
  VRBF:
    cost: 191.985
    lifetime: 11.4511
    annual_cost: 16.765638235628018
    efficiency: 0.747974
    discharge_ratio: 0.5
    depth_of_discharge: 1.0
