cost_values:
  wind_capex: 5000.0
  wind_opex: 100
  wind_lifetime: 20
  solar_capex: 1000.0
  solar_opex: 10
  solar_lifetime: 20
  carbon_price: 1.0
timeseries_values:
  load_level: 276076.88456654234
  wind_year: 2017
  solar_year: 2010
  price_year: 2023
  carbon_year: 2023
storage_values:
  CAES:
    cost: 50.2977
    lifetime: 28.4977
    annual_cost: 1.7649740154468607
    efficiency: 0.600643
    discharge_ratio: 0.1
    depth_of_discharge: 0.4
  Li-ion:
    cost: 286.652
    lifetime: 16.674
    annual_cost: 17.191555715485187
    efficiency: 0.945112
    discharge_ratio: 2
    depth_of_discharge: 0.9
  Pb-acid:
    cost: 176.963
    lifetime: 15.4683
    annual_cost: 11.4403651338544
    efficiency: 0.687731
    discharge_ratio: 5
    depth_of_discharge: 0.5
  VRBF:
    cost: 166.115
    lifetime: 11.2013
    annual_cost: 14.829975092176802
    efficiency: 0.764723
    discharge_ratio: 0.5
    depth_of_discharge: 1.0
