cost_values:
  wind_capex: 5000.0
  wind_opex: 100
  wind_lifetime: 20
  solar_capex: 1000.0
  solar_opex: 10
  solar_lifetime: 20
  carbon_price: 1.0
timeseries_values:
  load_level: 276076.88456654234
  wind_year: 2017
  solar_year: 2010
  price_year: 2023
  carbon_year: 2023
storage_values:
  CAES:
    cost: 50.4371
    lifetime: 28.9714
    annual_cost: 1.7409272592971
    efficiency: 0.601027
    discharge_ratio: 0.1
    depth_of_discharge: 0.4
  Li-ion:
    cost: 267.873
    lifetime: 16.6139
    annual_cost: 16.12342676915113
    efficiency: 0.951659
    discharge_ratio: 2
    depth_of_discharge: 0.9
  Pb-acid:
    cost: 172.116
    lifetime: 14.3721
    annual_cost: 11.975702924416057
    efficiency: 0.687902
    discharge_ratio: 5
    depth_of_discharge: 0.5
  VRBF:
    cost: 187.406
    lifetime: 13.9367
    annual_cost: 13.446942246012327
    efficiency: 0.769661
    discharge_ratio: 0.5
    depth_of_discharge: 1.0
