cost_values:
  wind_capex: 5000.0
  wind_opex: 100
  wind_lifetime: 20
  solar_capex: 1000.0
  solar_opex: 10
  solar_lifetime: 20
  carbon_price: 1.0
timeseries_values:
  load_level: 276076.88456654234
  wind_year: 2017
  solar_year: 2010
  price_year: 2023
  carbon_year: 2023
storage_values:
  CAES:
    cost: 51.9344
    lifetime: 29.0672
    annual_cost: 1.7867011614465789
    efficiency: 0.597822
    discharge_ratio: 0.1
    depth_of_discharge: 0.4
  Li-ion:
    cost: 298.154
    lifetime: 18.5694
    annual_cost: 16.056199984921427
    efficiency: 0.935178
    discharge_ratio: 2
    depth_of_discharge: 0.9
  Pb-acid:
    cost: 159.128
    lifetime: 14.8549
    annual_cost: 10.712155585025815
    efficiency: 0.685694
    discharge_ratio: 5
    depth_of_discharge: 0.5
  VRBF:
    cost: 182.39
    lifetime: 12.2747
    annual_cost: 14.859018957693467
    efficiency: 0.772687
    discharge_ratio: 0.5
    depth_of_discharge: 1.0
