cost_values:
  wind_capex: 5000.0
  wind_opex: 100
  wind_lifetime: 20
  solar_capex: 1000.0
  solar_opex: 10
  solar_lifetime: 20
  carbon_price: 1.0
timeseries_values:
  load_level: 276076.88456654234
  wind_year: 2017
  solar_year: 2010
  price_year: 2023
  carbon_year: 2023
storage_values:
  CAES:
    cost: 51.2811
    lifetime: 28.7887
    annual_cost: 1.781292659967279
    efficiency: 0.608234
    discharge_ratio: 0.1
    depth_of_discharge: 0.4
  Li-ion:
    cost: 278.236
    lifetime: 14.4955
    annual_cost: 19.194646614466556
    efficiency: 0.938258
    discharge_ratio: 2
    depth_of_discharge: 0.9
  Pb-acid:
    cost: 162.623
    lifetime: 16.125
    annual_cost: 10.085147286821705
    efficiency: 0.67212
    discharge_ratio: 5
    depth_of_discharge: 0.5
  VRBF:
    cost: 175.781
    lifetime: 12.5707
    annual_cost: 13.983389946462806
    efficiency: 0.768632
    discharge_ratio: 0.5
    depth_of_discharge: 1.0
