cost_values:
  wind_capex: 5000.0
  wind_opex: 100
  wind_lifetime: 20
  solar_capex: 1000.0
  solar_opex: 10
  solar_lifetime: 20
  carbon_price: 1.0
timeseries_values:
  load_level: 276076.88456654234
  wind_year: 2017
  solar_year: 2010
  price_year: 2023
  carbon_year: 2023
storage_values:
  CAES:
    cost: 52.5203
    lifetime: 28.5793
    annual_cost: 1.8377042124894591
    efficiency: 0.604449
    discharge_ratio: 0.1
    depth_of_discharge: 0.4
  Li-ion:
    cost: 259.936
    lifetime: 17.5569
    annual_cost: 14.805347185437064
    efficiency: 0.942841
    discharge_ratio: 2
    depth_of_discharge: 0.9
  Pb-acid:
    cost: 155.01
    lifetime: 13.4449
    annual_cost: 11.5292787599759
    efficiency: 0.684141
    discharge_ratio: 5
    depth_of_discharge: 0.5
  VRBF:
    cost: 166.238
    lifetime: 12.5242
    annual_cost: 13.273342808323086
    efficiency: 0.757782
    discharge_ratio: 0.5
    depth_of_discharge: 1.0
