cost_values:
  wind_capex: 5000.0
  wind_opex: 100
  wind_lifetime: 20
  solar_capex: 1000.0
  solar_opex: 10
  solar_lifetime: 20
  carbon_price: 1.0
timeseries_values:
  load_level: 276076.88456654234
  wind_year: 2017
  solar_year: 2010
  price_year: 2023
  carbon_year: 2023
storage_values:
  CAES:
    cost: 53.5406
    lifetime: 29.2401
    annual_cost: 1.8310676092079026
    efficiency: 0.593972
    discharge_ratio: 0.1
    depth_of_discharge: 0.4
  Li-ion:
    cost: 254.832
    lifetime: 15.5664
    annual_cost: 16.37064446500154
    efficiency: 0.95635
    discharge_ratio: 2
    depth_of_discharge: 0.9
  Pb-acid:
    cost: 167.335
    lifetime: 14.2299
    annual_cost: 11.759393952171132
    efficiency: 0.690256
    discharge_ratio: 5
    depth_of_discharge: 0.5
  VRBF:
    cost: 158.848
    lifetime: 12.6898
    annual_cost: 12.517770177622975
    efficiency: 0.797024
    discharge_ratio: 0.5
    depth_of_discharge: 1.0
