cost_values:
  wind_capex: 5000.0
  wind_opex: 100
  wind_lifetime: 20
  solar_capex: 1000.0
  solar_opex: 10
  solar_lifetime: 20
  carbon_price: 1.0
timeseries_values:
  load_level: 276076.88456654234
  wind_year: 2017
  solar_year: 2010
  price_year: 2023
  carbon_year: 2023
storage_values:
  CAES:
    cost: 57.3407
    lifetime: 28.2753
    annual_cost: 2.027943116430241
    efficiency: 0.611406
    discharge_ratio: 0.1
    depth_of_discharge: 0.4
  Li-ion:
    cost: 256.467
    lifetime: 16.4603
    annual_cost: 15.58094323918762
    efficiency: 0.938242
    discharge_ratio: 2
    depth_of_discharge: 0.9
  Pb-acid:
    cost: 170.183
    lifetime: 14.5639
    annual_cost: 11.685262876015353
    efficiency: 0.694908
    discharge_ratio: 5
    depth_of_discharge: 0.5
  VRBF:
    cost: 213.709
    lifetime: 13.7859
    annual_cost: 15.501998418674154
    efficiency: 0.781339
    discharge_ratio: 0.5
    depth_of_discharge: 1.0
