cost_values:
  wind_capex: 5000.0
  wind_opex: 100
  wind_lifetime: 20
  solar_capex: 1000.0
  solar_opex: 10
  solar_lifetime: 20
  carbon_price: 1.0
timeseries_values:
  load_level: 259980.0270870072
  wind_year: 2011
  solar_year: 2015
  price_year: 2023
  carbon_year: 2023
storage_values:
  CAES:
    cost: 42.8481
    lifetime: 25.0166
    annual_cost: 1.7127867096248093
    efficiency: 0.556568
    discharge_ratio: 0.1
    depth_of_discharge: 0.4
  Li-ion:
    cost: 228.16
    lifetime: 19.3059
    annual_cost: 11.818148856049186
    efficiency: 0.899959
    discharge_ratio: 2
    depth_of_discharge: 0.9
  Pb-acid:
    cost: 243.787
    lifetime: 13.6493
    annual_cost: 17.860769416746646
    efficiency: 0.71332
    discharge_ratio: 5
    depth_of_discharge: 0.5
  VRBF:
    cost: 278.256
    lifetime: 21.0468
    annual_cost: 13.220822167740462
    efficiency: 0.841516
    discharge_ratio: 0.5
    depth_of_discharge: 1.0
