cost_values:
  wind_capex: 5000.0
  wind_opex: 100
  wind_lifetime: 20
  solar_capex: 1000.0
  solar_opex: 10
  solar_lifetime: 20
  carbon_price: 1.0
timeseries_values:
  load_level: 259980.0270870072
  wind_year: 2011
  solar_year: 2015
  price_year: 2023
  carbon_year: 2023
storage_values:
  CAES:
    cost: 36.1716
    lifetime: 26.166
    annual_cost: 1.3823893602384774
    efficiency: 0.556718
    discharge_ratio: 0.1
    depth_of_discharge: 0.4
  Li-ion:
    cost: 224.375
    lifetime: 22.5148
    annual_cost: 9.965667027910529
    efficiency: 0.903031
    discharge_ratio: 2
    depth_of_discharge: 0.9
  Pb-acid:
    cost: 244.232
    lifetime: 15.1811
    annual_cost: 16.087898768863916
    efficiency: 0.712705
    discharge_ratio: 5
    depth_of_discharge: 0.5
  VRBF:
    cost: 279.947
    lifetime: 19.0889
    annual_cost: 14.665433838513483
    efficiency: 0.831297
    discharge_ratio: 0.5
    depth_of_discharge: 1.0
