cost_values:
  wind_capex: 5000.0
  wind_opex: 100
  wind_lifetime: 20
  solar_capex: 1000.0
  solar_opex: 10
  solar_lifetime: 20
  carbon_price: 1.0
timeseries_values:
  load_level: 259980.0270870072
  wind_year: 2011
  solar_year: 2015
  price_year: 2023
  carbon_year: 2023
storage_values:
  CAES:
    cost: 36.9381
    lifetime: 25.1616
    annual_cost: 1.4680346241892408
    efficiency: 0.551593
    discharge_ratio: 0.1
    depth_of_discharge: 0.4
  Li-ion:
    cost: 233.944
    lifetime: 20.782
    annual_cost: 11.25704936964681
    efficiency: 0.882609
    discharge_ratio: 2
    depth_of_discharge: 0.9
  Pb-acid:
    cost: 220.599
    lifetime: 15.1414
    annual_cost: 14.569260438268586
    efficiency: 0.71454
    discharge_ratio: 5
    depth_of_discharge: 0.5
  VRBF:
    cost: 283.838
    lifetime: 18.9454
    annual_cost: 14.981895341349354
    efficiency: 0.828167
    discharge_ratio: 0.5
    depth_of_discharge: 1.0
