cost_values:
  wind_capex: 5000.0
  wind_opex: 100
  wind_lifetime: 20
  solar_capex: 1000.0
  solar_opex: 10
  solar_lifetime: 20
  carbon_price: 1.0
timeseries_values:
  load_level: 259980.0270870072
  wind_year: 2011
  solar_year: 2015
  price_year: 2023
  carbon_year: 2023
storage_values:
  CAES:
    cost: 40.0099
    lifetime: 26.4959
    annual_cost: 1.5100411761819754
    efficiency: 0.551206
    discharge_ratio: 0.1
    depth_of_discharge: 0.4
  Li-ion:
    cost: 243.497
    lifetime: 21.9228
    annual_cost: 11.10702100096703
    efficiency: 0.896444
    discharge_ratio: 2
    depth_of_discharge: 0.9
  Pb-acid:
    cost: 248.126
    lifetime: 15.0722
    annual_cost: 16.46249386287337
    efficiency: 0.703809
    discharge_ratio: 5
    depth_of_discharge: 0.5
  VRBF:
    cost: 291.442
    lifetime: 21.1406
    annual_cost: 13.785890655894347
    efficiency: 0.832784
    discharge_ratio: 0.5
    depth_of_discharge: 1.0
