cost_values:
  wind_capex: 5000.0
  wind_opex: 100
  wind_lifetime: 20
  solar_capex: 1000.0
  solar_opex: 10
  solar_lifetime: 20
  carbon_price: 1.0
timeseries_values:
  load_level: 259980.0270870072
  wind_year: 2011
  solar_year: 2015
  price_year: 2023
  carbon_year: 2023
storage_values:
  CAES:
    cost: 30.7748
    lifetime: 25.4528
    annual_cost: 1.2090929092280613
    efficiency: 0.56629
    discharge_ratio: 0.1
    depth_of_discharge: 0.4
  Li-ion:
    cost: 236.211
    lifetime: 21.039
    annual_cost: 11.227292171681164
    efficiency: 0.893558
    discharge_ratio: 2
    depth_of_discharge: 0.9
  Pb-acid:
    cost: 238.334
    lifetime: 15.099
    annual_cost: 15.78475395721571
    efficiency: 0.708028
    discharge_ratio: 5
    depth_of_discharge: 0.5
  VRBF:
    cost: 295.869
    lifetime: 17.3627
    annual_cost: 17.04049485391097
    efficiency: 0.840209
    discharge_ratio: 0.5
    depth_of_discharge: 1.0
