cost_values:
  wind_capex: 5000.0
  wind_opex: 100
  wind_lifetime: 20
  solar_capex: 1000.0
  solar_opex: 10
  solar_lifetime: 20
  carbon_price: 1.0
timeseries_values:
  load_level: 259980.0270870072
  wind_year: 2011
  solar_year: 2015
  price_year: 2023
  carbon_year: 2023
storage_values:
  CAES:
    cost: 33.325
    lifetime: 24.9927
    annual_cost: 1.3333893496901097
    efficiency: 0.552145
    discharge_ratio: 0.1
    depth_of_discharge: 0.4
  Li-ion:
    cost: 247.752
    lifetime: 19.2527
    annual_cost: 12.86842884374659
    efficiency: 0.899224
    discharge_ratio: 2
    depth_of_discharge: 0.9
  Pb-acid:
    cost: 234.819
    lifetime: 13.1119
    annual_cost: 17.908846162646146
    efficiency: 0.725019
    discharge_ratio: 5
    depth_of_discharge: 0.5
  VRBF:
    cost: 275.279
    lifetime: 20.4805
    annual_cost: 13.441029271746295
    efficiency: 0.826573
    discharge_ratio: 0.5
    depth_of_discharge: 1.0
