cost_values:
  wind_capex: 5000.0
  wind_opex: 100
  wind_lifetime: 20
  solar_capex: 1000.0
  solar_opex: 10
  solar_lifetime: 20
  carbon_price: 1.0
timeseries_values:
  load_level: 259980.0270870072
  wind_year: 2011
  solar_year: 2015
  price_year: 2023
  carbon_year: 2023
storage_values:
  CAES:
    cost: 36.6819
    lifetime: 26.0063
    annual_cost: 1.4105005325632636
    efficiency: 0.556109
    discharge_ratio: 0.1
    depth_of_discharge: 0.4
  Li-ion:
    cost: 246.318
    lifetime: 21.017
    annual_cost: 11.719941000142743
    efficiency: 0.877743
    discharge_ratio: 2
    depth_of_discharge: 0.9
  Pb-acid:
    cost: 249.104
    lifetime: 15.002
    annual_cost: 16.604719370750566
    efficiency: 0.701642
    discharge_ratio: 5
    depth_of_discharge: 0.5
  VRBF:
    cost: 268.267
    lifetime: 19.2284
    annual_cost: 13.951602837469576
    efficiency: 0.81393
    discharge_ratio: 0.5
    depth_of_discharge: 1.0
