cost_values:
  wind_capex: 5000.0
  wind_opex: 100
  wind_lifetime: 20
  solar_capex: 1000.0
  solar_opex: 10
  solar_lifetime: 20
  carbon_price: 1.0
timeseries_values:
  load_level: 259980.0270870072
  wind_year: 2011
  solar_year: 2015
  price_year: 2023
  carbon_year: 2023
storage_values:
  CAES:
    cost: 36.0232
    lifetime: 24.4691
    annual_cost: 1.472191457797794
    efficiency: 0.553514
    discharge_ratio: 0.1
    depth_of_discharge: 0.4
  Li-ion:
    cost: 231.65
    lifetime: 21.6043
    annual_cost: 10.722402484690548
    efficiency: 0.890919
    discharge_ratio: 2
    depth_of_discharge: 0.9
  Pb-acid:
    cost: 234.156
    lifetime: 15.0577
    annual_cost: 15.550582094210935
    efficiency: 0.723604
    discharge_ratio: 5
    depth_of_discharge: 0.5
  VRBF:
    cost: 266.79
    lifetime: 19.4557
    annual_cost: 13.712690882363525
    efficiency: 0.845917
    discharge_ratio: 0.5
    depth_of_discharge: 1.0
