cost_values:
  wind_capex: 5000.0
  wind_opex: 100
  wind_lifetime: 20
  solar_capex: 1000.0
  solar_opex: 10
  solar_lifetime: 20
  carbon_price: 1.0
timeseries_values:
  load_level: 259980.0270870072
  wind_year: 2011
  solar_year: 2015
  price_year: 2023
  carbon_year: 2023
storage_values:
  CAES:
    cost: 37.2013
    lifetime: 26.6874
    annual_cost: 1.393964942257395
    efficiency: 0.559583
    discharge_ratio: 0.1
    depth_of_discharge: 0.4
  Li-ion:
    cost: 220.152
    lifetime: 21.4164
    annual_cost: 10.279598812125286
    efficiency: 0.904341
    discharge_ratio: 2
    depth_of_discharge: 0.9
  Pb-acid:
    cost: 248.691
    lifetime: 14.0076
    annual_cost: 17.75400496873126
    efficiency: 0.716146
    discharge_ratio: 5
    depth_of_discharge: 0.5
  VRBF:
    cost: 290.463
    lifetime: 20.2083
    annual_cost: 14.373450512908063
    efficiency: 0.820378
    discharge_ratio: 0.5
    depth_of_discharge: 1.0
