cost_values:
  wind_capex: 5000.0
  wind_opex: 100
  wind_lifetime: 20
  solar_capex: 1000.0
  solar_opex: 10
  solar_lifetime: 20
  carbon_price: 1.0
timeseries_values:
  load_level: 259980.0270870072
  wind_year: 2011
  solar_year: 2015
  price_year: 2023
  carbon_year: 2023
storage_values:
  CAES:
    cost: 38.02
    lifetime: 24.6233
    annual_cost: 1.5440659862812864
    efficiency: 0.553615
    discharge_ratio: 0.1
    depth_of_discharge: 0.4
  Li-ion:
    cost: 209.759
    lifetime: 20.8607
    annual_cost: 10.055223458464958
    efficiency: 0.894852
    discharge_ratio: 2
    depth_of_discharge: 0.9
  Pb-acid:
    cost: 228.997
    lifetime: 16.2393
    annual_cost: 14.101408311934629
    efficiency: 0.727798
    discharge_ratio: 5
    depth_of_discharge: 0.5
  VRBF:
    cost: 270.147
    lifetime: 19.3602
    annual_cost: 13.953729816840735
    efficiency: 0.813616
    discharge_ratio: 0.5
    depth_of_discharge: 1.0
