cost_values:
  wind_capex: 5000.0
  wind_opex: 100
  wind_lifetime: 20
  solar_capex: 1000.0
  solar_opex: 10
  solar_lifetime: 20
  carbon_price: 1.0
timeseries_values:
  load_level: 259980.0270870072
  wind_year: 2011
  solar_year: 2015
  price_year: 2023
  carbon_year: 2023
storage_values:
  CAES:
    cost: 32.0409
    lifetime: 24.2361
    annual_cost: 1.322032010100635
    efficiency: 0.556692
    discharge_ratio: 0.1
    depth_of_discharge: 0.4
  Li-ion:
    cost: 221.025
    lifetime: 20.7734
    annual_cost: 10.639808601384464
    efficiency: 0.890318
    discharge_ratio: 2
    depth_of_discharge: 0.9
  Pb-acid:
    cost: 237.923
    lifetime: 13.8265
    annual_cost: 17.20775322749792
    efficiency: 0.722451
    discharge_ratio: 5
    depth_of_discharge: 0.5
  VRBF:
    cost: 215.121
    lifetime: 18.1534
    annual_cost: 11.85017682637963
    efficiency: 0.812057
    discharge_ratio: 0.5
    depth_of_discharge: 1.0
