cost_values:
  wind_capex: 5000.0
  wind_opex: 100
  wind_lifetime: 20
  solar_capex: 1000.0
  solar_opex: 10
  solar_lifetime: 20
  carbon_price: 1.0
timeseries_values:
  load_level: 259980.0270870072
  wind_year: 2011
  solar_year: 2015
  price_year: 2023
  carbon_year: 2023
storage_values:
  CAES:
    cost: 36.7404
    lifetime: 24.9455
    annual_cost: 1.4728267623419053
    efficiency: 0.554758
    discharge_ratio: 0.1
    depth_of_discharge: 0.4
  Li-ion:
    cost: 240.801
    lifetime: 23.0114
    annual_cost: 10.464421982147979
    efficiency: 0.906791
    discharge_ratio: 2
    depth_of_discharge: 0.9
  Pb-acid:
    cost: 227.842
    lifetime: 14.6889
    annual_cost: 15.511168297149549
    efficiency: 0.701163
    discharge_ratio: 5
    depth_of_discharge: 0.5
  VRBF:
    cost: 270.515
    lifetime: 19.2327
    annual_cost: 14.065367837069157
    efficiency: 0.809284
    discharge_ratio: 0.5
    depth_of_discharge: 1.0
