cost_values:
  wind_capex: 5000.0
  wind_opex: 100
  wind_lifetime: 20
  solar_capex: 1000.0
  solar_opex: 10
  solar_lifetime: 20
  carbon_price: 1.0
timeseries_values:
  load_level: 259980.0270870072
  wind_year: 2011
  solar_year: 2015
  price_year: 2023
  carbon_year: 2023
storage_values:
  CAES:
    cost: 37.6079
    lifetime: 25.2914
    annual_cost: 1.4869837177854923
    efficiency: 0.556311
    discharge_ratio: 0.1
    depth_of_discharge: 0.4
  Li-ion:
    cost: 219.247
    lifetime: 23.7395
    annual_cost: 9.235535710524653
    efficiency: 0.865641
    discharge_ratio: 2
    depth_of_discharge: 0.9
  Pb-acid:
    cost: 245.636
    lifetime: 14.3502
    annual_cost: 17.11725272121643
    efficiency: 0.72756
    discharge_ratio: 5
    depth_of_discharge: 0.5
  VRBF:
    cost: 261.171
    lifetime: 19.3019
    annual_cost: 13.530844113791906
    efficiency: 0.810949
    discharge_ratio: 0.5
    depth_of_discharge: 1.0
