cost_values:
  wind_capex: 5000.0
  wind_opex: 100
  wind_lifetime: 20
  solar_capex: 1000.0
  solar_opex: 10
  solar_lifetime: 20
  carbon_price: 1.0
timeseries_values:
  load_level: 259980.0270870072
  wind_year: 2011
  solar_year: 2015
  price_year: 2023
  carbon_year: 2023
storage_values:
  CAES:
    cost: 40.6314
    lifetime: 24.445
    annual_cost: 1.6621558600940887
    efficiency: 0.554103
    discharge_ratio: 0.1
    depth_of_discharge: 0.4
  Li-ion:
    cost: 236.25
    lifetime: 22.8554
    annual_cost: 10.336725675332744
    efficiency: 0.904374
    discharge_ratio: 2
    depth_of_discharge: 0.9
  Pb-acid:
    cost: 238.194
    lifetime: 15.3717
    annual_cost: 15.495618571791017
    efficiency: 0.71246
    discharge_ratio: 5
    depth_of_discharge: 0.5
  VRBF:
    cost: 274.928
    lifetime: 21.0325
    annual_cost: 13.071579698086296
    efficiency: 0.820218
    discharge_ratio: 0.5
    depth_of_discharge: 1.0
