cost_values:
  wind_capex: 5000.0
  wind_opex: 100
  wind_lifetime: 20
  solar_capex: 1000.0
  solar_opex: 10
  solar_lifetime: 20
  carbon_price: 1.0
timeseries_values:
  load_level: 259980.0270870072
  wind_year: 2011
  solar_year: 2015
  price_year: 2023
  carbon_year: 2023
storage_values:
  CAES:
    cost: 27.6208
    lifetime: 25.1904
    annual_cost: 1.0964811991869918
    efficiency: 0.56237
    discharge_ratio: 0.1
    depth_of_discharge: 0.4
  Li-ion:
    cost: 237.585
    lifetime: 22.405
    annual_cost: 10.604106226288774
    efficiency: 0.89628
    discharge_ratio: 2
    depth_of_discharge: 0.9
  Pb-acid:
    cost: 236.201
    lifetime: 16.9639
    annual_cost: 13.923743950388767
    efficiency: 0.72605
    discharge_ratio: 5
    depth_of_discharge: 0.5
  VRBF:
    cost: 270.539
    lifetime: 19.8714
    annual_cost: 13.614491178276316
    efficiency: 0.823106
    discharge_ratio: 0.5
    depth_of_discharge: 1.0
