cost_values:
  wind_capex: 5000.0
  wind_opex: 100
  wind_lifetime: 20
  solar_capex: 1000.0
  solar_opex: 10
  solar_lifetime: 20
  carbon_price: 1.0
timeseries_values:
  load_level: 259980.0270870072
  wind_year: 2011
  solar_year: 2015
  price_year: 2023
  carbon_year: 2023
storage_values:
  CAES:
    cost: 34.863
    lifetime: 23.856
    annual_cost: 1.4613933601609657
    efficiency: 0.564494
    discharge_ratio: 0.1
    depth_of_discharge: 0.4
  Li-ion:
    cost: 231.791
    lifetime: 21.4773
    annual_cost: 10.79237148058648
    efficiency: 0.900171
    discharge_ratio: 2
    depth_of_discharge: 0.9
  Pb-acid:
    cost: 234.362
    lifetime: 16.294
    annual_cost: 14.383331287590524
    efficiency: 0.706822
    discharge_ratio: 5
    depth_of_discharge: 0.5
  VRBF:
    cost: 289.346
    lifetime: 17.724
    annual_cost: 16.325095915143308
    efficiency: 0.838732
    discharge_ratio: 0.5
    depth_of_discharge: 1.0
