cost_values:
  wind_capex: 5000.0
  wind_opex: 100
  wind_lifetime: 20
  solar_capex: 1000.0
  solar_opex: 10
  solar_lifetime: 20
  carbon_price: 1.0
timeseries_values:
  load_level: 259980.0270870072
  wind_year: 2011
  solar_year: 2015
  price_year: 2023
  carbon_year: 2023
storage_values:
  CAES:
    cost: 39.8155
    lifetime: 25.3839
    annual_cost: 1.5685335980680668
    efficiency: 0.555375
    discharge_ratio: 0.1
    depth_of_discharge: 0.4
  Li-ion:
    cost: 235.014
    lifetime: 22.5953
    annual_cost: 10.40101259996548
    efficiency: 0.886962
    discharge_ratio: 2
    depth_of_discharge: 0.9
  Pb-acid:
    cost: 228.003
    lifetime: 15.9099
    annual_cost: 14.330888314822845
    efficiency: 0.725813
    discharge_ratio: 5
    depth_of_discharge: 0.5
  VRBF:
    cost: 272.411
    lifetime: 19.2679
    annual_cost: 14.138074206322433
    efficiency: 0.826344
    discharge_ratio: 0.5
    depth_of_discharge: 1.0
