cost_values:
  wind_capex: 5000.0
  wind_opex: 100
  wind_lifetime: 20
  solar_capex: 1000.0
  solar_opex: 10
  solar_lifetime: 20
  carbon_price: 1.0
timeseries_values:
  load_level: 259980.0270870072
  wind_year: 2011
  solar_year: 2015
  price_year: 2023
  carbon_year: 2023
storage_values:
  CAES:
    cost: 41.0354
    lifetime: 24.3622
    annual_cost: 1.6843881094482436
    efficiency: 0.557631
    discharge_ratio: 0.1
    depth_of_discharge: 0.4
  Li-ion:
    cost: 218.795
    lifetime: 22.7271
    annual_cost: 9.627053165604059
    efficiency: 0.889075
    discharge_ratio: 2
    depth_of_discharge: 0.9
  Pb-acid:
    cost: 241.755
    lifetime: 13.7838
    annual_cost: 17.53906760109694
    efficiency: 0.714451
    discharge_ratio: 5
    depth_of_discharge: 0.5
  VRBF:
    cost: 251.468
    lifetime: 19.7175
    annual_cost: 12.75354380626347
    efficiency: 0.832651
    discharge_ratio: 0.5
    depth_of_discharge: 1.0
