cost_values:
  wind_capex: 5000.0
  wind_opex: 100
  wind_lifetime: 20
  solar_capex: 1000.0
  solar_opex: 10
  solar_lifetime: 20
  carbon_price: 1.0
timeseries_values:
  load_level: 259980.0270870072
  wind_year: 2011
  solar_year: 2015
  price_year: 2023
  carbon_year: 2023
storage_values:
  CAES:
    cost: 34.5283
    lifetime: 26.202
    annual_cost: 1.317773452408213
    efficiency: 0.556429
    discharge_ratio: 0.1
    depth_of_discharge: 0.4
  Li-ion:
    cost: 235.883
    lifetime: 19.9087
    annual_cost: 11.848237202830925
    efficiency: 0.898799
    discharge_ratio: 2
    depth_of_discharge: 0.9
  Pb-acid:
    cost: 233.584
    lifetime: 15.5746
    annual_cost: 14.997752751274511
    efficiency: 0.725058
    discharge_ratio: 5
    depth_of_discharge: 0.5
  VRBF:
    cost: 277.42
    lifetime: 20.876
    annual_cost: 13.288944242191992
    efficiency: 0.808637
    discharge_ratio: 0.5
    depth_of_discharge: 1.0
