cost_values:
  wind_capex: 5000.0
  wind_opex: 100
  wind_lifetime: 20
  solar_capex: 1000.0
  solar_opex: 10
  solar_lifetime: 20
  carbon_price: 1.0
timeseries_values:
  load_level: 259980.0270870072
  wind_year: 2011
  solar_year: 2015
  price_year: 2023
  carbon_year: 2023
storage_values:
  CAES:
    cost: 35.4186
    lifetime: 25.7665
    annual_cost: 1.3745988007684395
    efficiency: 0.559624
    discharge_ratio: 0.1
    depth_of_discharge: 0.4
  Li-ion:
    cost: 236.011
    lifetime: 20.8752
    annual_cost: 11.305807848547559
    efficiency: 0.884262
    discharge_ratio: 2
    depth_of_discharge: 0.9
  Pb-acid:
    cost: 232.834
    lifetime: 14.82
    annual_cost: 15.710796221322537
    efficiency: 0.722521
    discharge_ratio: 5
    depth_of_discharge: 0.5
  VRBF:
    cost: 283.901
    lifetime: 20.85
    annual_cost: 13.616354916067145
    efficiency: 0.818614
    discharge_ratio: 0.5
    depth_of_discharge: 1.0
