cost_values:
  wind_capex: 5000.0
  wind_opex: 100
  wind_lifetime: 20
  solar_capex: 1000.0
  solar_opex: 10
  solar_lifetime: 20
  carbon_price: 1.0
timeseries_values:
  load_level: 259980.0270870072
  wind_year: 2011
  solar_year: 2015
  price_year: 2023
  carbon_year: 2023
storage_values:
  CAES:
    cost: 39.6371
    lifetime: 26.469
    annual_cost: 1.4974914050398578
    efficiency: 0.562329
    discharge_ratio: 0.1
    depth_of_discharge: 0.4
  Li-ion:
    cost: 227.135
    lifetime: 19.8224
    annual_cost: 11.458501493260151
    efficiency: 0.905442
    discharge_ratio: 2
    depth_of_discharge: 0.9
  Pb-acid:
    cost: 248.107
    lifetime: 14.5687
    annual_cost: 17.030139957580293
    efficiency: 0.708626
    discharge_ratio: 5
    depth_of_discharge: 0.5
  VRBF:
    cost: 288.142
    lifetime: 19.3276
    annual_cost: 14.908317639023986
    efficiency: 0.806287
    discharge_ratio: 0.5
    depth_of_discharge: 1.0
