cost_values:
  wind_capex: 5000.0
  wind_opex: 100
  wind_lifetime: 20
  solar_capex: 1000.0
  solar_opex: 10
  solar_lifetime: 20
  carbon_price: 1.0
timeseries_values:
  load_level: 259980.0270870072
  wind_year: 2011
  solar_year: 2015
  price_year: 2023
  carbon_year: 2023
storage_values:
  CAES:
    cost: 32.4632
    lifetime: 25.3444
    annual_cost: 1.280882561828254
    efficiency: 0.55878
    discharge_ratio: 0.1
    depth_of_discharge: 0.4
  Li-ion:
    cost: 236.179
    lifetime: 19.2795
    annual_cost: 12.250265826395914
    efficiency: 0.888397
    discharge_ratio: 2
    depth_of_discharge: 0.9
  Pb-acid:
    cost: 244.382
    lifetime: 14.6325
    annual_cost: 16.70131556466769
    efficiency: 0.719241
    discharge_ratio: 5
    depth_of_discharge: 0.5
  VRBF:
    cost: 262.788
    lifetime: 19.3604
    annual_cost: 13.5734798867792
    efficiency: 0.819164
    discharge_ratio: 0.5
    depth_of_discharge: 1.0
