cost_values:
  wind_capex: 5000.0
  wind_opex: 100
  wind_lifetime: 20
  solar_capex: 1000.0
  solar_opex: 10
  solar_lifetime: 20
  carbon_price: 1.0
timeseries_values:
  load_level: 259980.0270870072
  wind_year: 2011
  solar_year: 2015
  price_year: 2023
  carbon_year: 2023
storage_values:
  CAES:
    cost: 36.4393
    lifetime: 25.3496
    annual_cost: 1.4374704137343393
    efficiency: 0.552421
    discharge_ratio: 0.1
    depth_of_discharge: 0.4
  Li-ion:
    cost: 218.833
    lifetime: 21.7801
    annual_cost: 10.047382702558757
    efficiency: 0.897183
    discharge_ratio: 2
    depth_of_discharge: 0.9
  Pb-acid:
    cost: 243.444
    lifetime: 15.3998
    annual_cost: 15.808257250094156
    efficiency: 0.724084
    discharge_ratio: 5
    depth_of_discharge: 0.5
  VRBF:
    cost: 279.273
    lifetime: 22.2291
    annual_cost: 12.563396628743405
    efficiency: 0.825849
    discharge_ratio: 0.5
    depth_of_discharge: 1.0
