cost_values:
  wind_capex: 5000.0
  wind_opex: 100
  wind_lifetime: 20
  solar_capex: 1000.0
  solar_opex: 10
  solar_lifetime: 20
  carbon_price: 1.0
timeseries_values:
  load_level: 259980.0270870072
  wind_year: 2011
  solar_year: 2015
  price_year: 2023
  carbon_year: 2023
storage_values:
  CAES:
    cost: 34.9357
    lifetime: 25.9312
    annual_cost: 1.3472457888566667
    efficiency: 0.555776
    discharge_ratio: 0.1
    depth_of_discharge: 0.4
  Li-ion:
    cost: 243.958
    lifetime: 20.6418
    annual_cost: 11.818639847300139
    efficiency: 0.902256
    discharge_ratio: 2
    depth_of_discharge: 0.9
  Pb-acid:
    cost: 246.82
    lifetime: 15.9075
    annual_cost: 15.515951595159516
    efficiency: 0.710104
    discharge_ratio: 5
    depth_of_discharge: 0.5
  VRBF:
    cost: 229.492
    lifetime: 22.4699
    annual_cost: 10.213307580363063
    efficiency: 0.825729
    discharge_ratio: 0.5
    depth_of_discharge: 1.0
