cost_values:
  wind_capex: 5000.0
  wind_opex: 100
  wind_lifetime: 20
  solar_capex: 1000.0
  solar_opex: 10
  solar_lifetime: 20
  carbon_price: 1.0
timeseries_values:
  load_level: 259980.0270870072
  wind_year: 2011
  solar_year: 2015
  price_year: 2023
  carbon_year: 2023
storage_values:
  CAES:
    cost: 34.7213
    lifetime: 25.5054
    annual_cost: 1.3613313259152962
    efficiency: 0.560135
    discharge_ratio: 0.1
    depth_of_discharge: 0.4
  Li-ion:
    cost: 218.459
    lifetime: 22.0532
    annual_cost: 9.906000036275914
    efficiency: 0.891052
    discharge_ratio: 2
    depth_of_discharge: 0.9
  Pb-acid:
    cost: 230.069
    lifetime: 13.7606
    annual_cost: 16.719401770271645
    efficiency: 0.716525
    discharge_ratio: 5
    depth_of_discharge: 0.5
  VRBF:
    cost: 260.795
    lifetime: 21.8451
    annual_cost: 11.938375196268272
    efficiency: 0.835756
    discharge_ratio: 0.5
    depth_of_discharge: 1.0
