cost_values:
  wind_capex: 5000.0
  wind_opex: 100
  wind_lifetime: 20
  solar_capex: 1000.0
  solar_opex: 10
  solar_lifetime: 20
  carbon_price: 1.0
timeseries_values:
  load_level: 259980.0270870072
  wind_year: 2011
  solar_year: 2015
  price_year: 2023
  carbon_year: 2023
storage_values:
  CAES:
    cost: 41.4852
    lifetime: 24.9941
    annual_cost: 1.6597997127322048
    efficiency: 0.566338
    discharge_ratio: 0.1
    depth_of_discharge: 0.4
  Li-ion:
    cost: 228.459
    lifetime: 22.3263
    annual_cost: 10.232730009002836
    efficiency: 0.888834
    discharge_ratio: 2
    depth_of_discharge: 0.9
  Pb-acid:
    cost: 241.432
    lifetime: 16.9536
    annual_cost: 14.240751226878066
    efficiency: 0.697709
    discharge_ratio: 5
    depth_of_discharge: 0.5
  VRBF:
    cost: 286.432
    lifetime: 19.8063
    annual_cost: 14.461661188611705
    efficiency: 0.819624
    discharge_ratio: 0.5
    depth_of_discharge: 1.0
