cost_values:
  wind_capex: 5000.0
  wind_opex: 100
  wind_lifetime: 20
  solar_capex: 1000.0
  solar_opex: 10
  solar_lifetime: 20
  carbon_price: 1.0
timeseries_values:
  load_level: 259980.0270870072
  wind_year: 2011
  solar_year: 2015
  price_year: 2023
  carbon_year: 2023
storage_values:
  CAES:
    cost: 38.7346
    lifetime: 25.9003
    annual_cost: 1.4955270788369246
    efficiency: 0.556593
    discharge_ratio: 0.1
    depth_of_discharge: 0.4
  Li-ion:
    cost: 237.527
    lifetime: 21.8953
    annual_cost: 10.848309911259493
    efficiency: 0.901597
    discharge_ratio: 2
    depth_of_discharge: 0.9
  Pb-acid:
    cost: 246.625
    lifetime: 14.2441
    annual_cost: 17.314186224471886
    efficiency: 0.71304
    discharge_ratio: 5
    depth_of_discharge: 0.5
  VRBF:
    cost: 270.811
    lifetime: 18.4802
    annual_cost: 14.654116297442668
    efficiency: 0.846296
    discharge_ratio: 0.5
    depth_of_discharge: 1.0
