cost_values:
  wind_capex: 5000.0
  wind_opex: 100
  wind_lifetime: 20
  solar_capex: 1000.0
  solar_opex: 10
  solar_lifetime: 20
  carbon_price: 1.0
timeseries_values:
  load_level: 259980.0270870072
  wind_year: 2011
  solar_year: 2015
  price_year: 2023
  carbon_year: 2023
storage_values:
  CAES:
    cost: 38.2252
    lifetime: 26.1178
    annual_cost: 1.4635689070289228
    efficiency: 0.563415
    discharge_ratio: 0.1
    depth_of_discharge: 0.4
  Li-ion:
    cost: 231.822
    lifetime: 21.5731
    annual_cost: 10.745882603798249
    efficiency: 0.891399
    discharge_ratio: 2
    depth_of_discharge: 0.9
  Pb-acid:
    cost: 239.84
    lifetime: 15.6981
    annual_cost: 15.278282085093101
    efficiency: 0.719146
    discharge_ratio: 5
    depth_of_discharge: 0.5
  VRBF:
    cost: 297.251
    lifetime: 21.8477
    annual_cost: 13.605596927823065
    efficiency: 0.823044
    discharge_ratio: 0.5
    depth_of_discharge: 1.0
