cost_values:
  wind_capex: 5000.0
  wind_opex: 100
  wind_lifetime: 20
  solar_capex: 1000.0
  solar_opex: 10
  solar_lifetime: 20
  carbon_price: 1.0
timeseries_values:
  load_level: 259980.0270870072
  wind_year: 2011
  solar_year: 2015
  price_year: 2023
  carbon_year: 2023
storage_values:
  CAES:
    cost: 38.3001
    lifetime: 25.1341
    annual_cost: 1.5238301749416132
    efficiency: 0.556063
    discharge_ratio: 0.1
    depth_of_discharge: 0.4
  Li-ion:
    cost: 235.638
    lifetime: 20.6927
    annual_cost: 11.387494140445666
    efficiency: 0.883735
    discharge_ratio: 2
    depth_of_discharge: 0.9
  Pb-acid:
    cost: 244.402
    lifetime: 15.1722
    annual_cost: 16.108540620345103
    efficiency: 0.706584
    discharge_ratio: 5
    depth_of_discharge: 0.5
  VRBF:
    cost: 254.853
    lifetime: 21.45
    annual_cost: 11.881258741258742
    efficiency: 0.841464
    discharge_ratio: 0.5
    depth_of_discharge: 1.0
