cost_values:
  wind_capex: 5000.0
  wind_opex: 100
  wind_lifetime: 20
  solar_capex: 1000.0
  solar_opex: 10
  solar_lifetime: 20
  carbon_price: 1.0
timeseries_values:
  load_level: 259980.0270870072
  wind_year: 2011
  solar_year: 2015
  price_year: 2023
  carbon_year: 2023
storage_values:
  CAES:
    cost: 38.1331
    lifetime: 25.8711
    annual_cost: 1.4739651580334814
    efficiency: 0.558384
    discharge_ratio: 0.1
    depth_of_discharge: 0.4
  Li-ion:
    cost: 223.864
    lifetime: 23.5232
    annual_cost: 9.516732417358183
    efficiency: 0.902211
    discharge_ratio: 2
    depth_of_discharge: 0.9
  Pb-acid:
    cost: 219.147
    lifetime: 13.9519
    annual_cost: 15.70732301693676
    efficiency: 0.720215
    discharge_ratio: 5
    depth_of_discharge: 0.5
  VRBF:
    cost: 247.273
    lifetime: 20.3282
    annual_cost: 12.164038134217492
    efficiency: 0.812583
    discharge_ratio: 0.5
    depth_of_discharge: 1.0
