cost_values:
  wind_capex: 5000.0
  wind_opex: 100
  wind_lifetime: 20
  solar_capex: 1000.0
  solar_opex: 10
  solar_lifetime: 20
  carbon_price: 1.0
timeseries_values:
  load_level: 259980.0270870072
  wind_year: 2011
  solar_year: 2015
  price_year: 2023
  carbon_year: 2023
storage_values:
  CAES:
    cost: 35.2413
    lifetime: 25.1367
    annual_cost: 1.401985940875294
    efficiency: 0.550257
    discharge_ratio: 0.1
    depth_of_discharge: 0.4
  Li-ion:
    cost: 207.897
    lifetime: 22.3162
    annual_cost: 9.315967772290982
    efficiency: 0.904832
    discharge_ratio: 2
    depth_of_discharge: 0.9
  Pb-acid:
    cost: 233.005
    lifetime: 14.8448
    annual_cost: 15.696068657038156
    efficiency: 0.706641
    discharge_ratio: 5
    depth_of_discharge: 0.5
  VRBF:
    cost: 283.129
    lifetime: 19.9012
    annual_cost: 14.226730046429363
    efficiency: 0.829008
    discharge_ratio: 0.5
    depth_of_discharge: 1.0
