cost_values:
  wind_capex: 5000.0
  wind_opex: 100
  wind_lifetime: 20
  solar_capex: 1000.0
  solar_opex: 10
  solar_lifetime: 20
  carbon_price: 1.0
timeseries_values:
  load_level: 259980.0270870072
  wind_year: 2011
  solar_year: 2015
  price_year: 2023
  carbon_year: 2023
storage_values:
  CAES:
    cost: 37.0121
    lifetime: 25.6131
    annual_cost: 1.445045699271076
    efficiency: 0.565135
    discharge_ratio: 0.1
    depth_of_discharge: 0.4
  Li-ion:
    cost: 228.285
    lifetime: 19.4061
    annual_cost: 11.76356918700821
    efficiency: 0.884143
    discharge_ratio: 2
    depth_of_discharge: 0.9
  Pb-acid:
    cost: 241.349
    lifetime: 16.1669
    annual_cost: 14.92858865954512
    efficiency: 0.721125
    discharge_ratio: 5
    depth_of_discharge: 0.5
  VRBF:
    cost: 274.186
    lifetime: 21.2681
    annual_cost: 12.891889731569815
    efficiency: 0.825688
    discharge_ratio: 0.5
    depth_of_discharge: 1.0
