cost_values:
  wind_capex: 5000.0
  wind_opex: 100
  wind_lifetime: 20
  solar_capex: 1000.0
  solar_opex: 10
  solar_lifetime: 20
  carbon_price: 1.0
timeseries_values:
  load_level: 259980.0270870072
  wind_year: 2011
  solar_year: 2015
  price_year: 2023
  carbon_year: 2023
storage_values:
  CAES:
    cost: 43.0118
    lifetime: 27.1827
    annual_cost: 1.5823225801704761
    efficiency: 0.555543
    discharge_ratio: 0.1
    depth_of_discharge: 0.4
  Li-ion:
    cost: 226.432
    lifetime: 20.2561
    annual_cost: 11.178459821979551
    efficiency: 0.886118
    discharge_ratio: 2
    depth_of_discharge: 0.9
  Pb-acid:
    cost: 245.244
    lifetime: 15.4144
    annual_cost: 15.910058127465227
    efficiency: 0.716686
    discharge_ratio: 5
    depth_of_discharge: 0.5
  VRBF:
    cost: 280.007
    lifetime: 19.2598
    annual_cost: 14.53841680598968
    efficiency: 0.82724
    discharge_ratio: 0.5
    depth_of_discharge: 1.0
