cost_values:
  wind_capex: 5000.0
  wind_opex: 100
  wind_lifetime: 20
  solar_capex: 1000.0
  solar_opex: 10
  solar_lifetime: 20
  carbon_price: 1.0
timeseries_values:
  load_level: 259980.0270870072
  wind_year: 2011
  solar_year: 2015
  price_year: 2023
  carbon_year: 2023
storage_values:
  CAES:
    cost: 40.632
    lifetime: 25.8183
    annual_cost: 1.573767444022263
    efficiency: 0.552581
    discharge_ratio: 0.1
    depth_of_discharge: 0.4
  Li-ion:
    cost: 257.118
    lifetime: 21.662
    annual_cost: 11.86954113193611
    efficiency: 0.876678
    discharge_ratio: 2
    depth_of_discharge: 0.9
  Pb-acid:
    cost: 241.358
    lifetime: 15.1675
    annual_cost: 15.912839953848689
    efficiency: 0.730935
    discharge_ratio: 5
    depth_of_discharge: 0.5
  VRBF:
    cost: 253.657
    lifetime: 19.0749
    annual_cost: 13.297946516102312
    efficiency: 0.826781
    discharge_ratio: 0.5
    depth_of_discharge: 1.0
