cost_values:
  wind_capex: 5000.0
  wind_opex: 100
  wind_lifetime: 20
  solar_capex: 1000.0
  solar_opex: 10
  solar_lifetime: 20
  carbon_price: 1.0
timeseries_values:
  load_level: 259980.0270870072
  wind_year: 2011
  solar_year: 2015
  price_year: 2023
  carbon_year: 2023
storage_values:
  CAES:
    cost: 39.0343
    lifetime: 25.5933
    annual_cost: 1.5251765110399989
    efficiency: 0.556174
    discharge_ratio: 0.1
    depth_of_discharge: 0.4
  Li-ion:
    cost: 197.751
    lifetime: 22.3938
    annual_cost: 8.830613830613832
    efficiency: 0.892865
    discharge_ratio: 2
    depth_of_discharge: 0.9
  Pb-acid:
    cost: 238.87
    lifetime: 14.8614
    annual_cost: 16.07318287644502
    efficiency: 0.723184
    discharge_ratio: 5
    depth_of_discharge: 0.5
  VRBF:
    cost: 263.706
    lifetime: 19.9259
    annual_cost: 13.234333204522759
    efficiency: 0.823005
    discharge_ratio: 0.5
    depth_of_discharge: 1.0
