cost_values:
  wind_capex: 5000.0
  wind_opex: 100
  wind_lifetime: 20
  solar_capex: 1000.0
  solar_opex: 10
  solar_lifetime: 20
  carbon_price: 1.0
timeseries_values:
  load_level: 259980.0270870072
  wind_year: 2011
  solar_year: 2015
  price_year: 2023
  carbon_year: 2023
storage_values:
  CAES:
    cost: 39.9951
    lifetime: 25.8325
    annual_cost: 1.5482473628181554
    efficiency: 0.562342
    discharge_ratio: 0.1
    depth_of_discharge: 0.4
  Li-ion:
    cost: 214.321
    lifetime: 21.8553
    annual_cost: 9.806362758690112
    efficiency: 0.890899
    discharge_ratio: 2
    depth_of_discharge: 0.9
  Pb-acid:
    cost: 245.564
    lifetime: 15.4406
    annual_cost: 15.903786122300946
    efficiency: 0.701214
    discharge_ratio: 5
    depth_of_discharge: 0.5
  VRBF:
    cost: 263.077
    lifetime: 18.9879
    annual_cost: 13.854981330215558
    efficiency: 0.833285
    discharge_ratio: 0.5
    depth_of_discharge: 1.0
