cost_values:
  wind_capex: 5000.0
  wind_opex: 100
  wind_lifetime: 20
  solar_capex: 1000.0
  solar_opex: 10
  solar_lifetime: 20
  carbon_price: 1.0
timeseries_values:
  load_level: 259980.0270870072
  wind_year: 2011
  solar_year: 2015
  price_year: 2023
  carbon_year: 2023
storage_values:
  CAES:
    cost: 44.4433
    lifetime: 25.006
    annual_cost: 1.7773054466927938
    efficiency: 0.560013
    discharge_ratio: 0.1
    depth_of_discharge: 0.4
  Li-ion:
    cost: 253.984
    lifetime: 21.0502
    annual_cost: 12.065633580678568
    efficiency: 0.907066
    discharge_ratio: 2
    depth_of_discharge: 0.9
  Pb-acid:
    cost: 231.331
    lifetime: 15.6981
    annual_cost: 14.736241965588192
    efficiency: 0.717185
    discharge_ratio: 5
    depth_of_discharge: 0.5
  VRBF:
    cost: 265.269
    lifetime: 20.3675
    annual_cost: 13.024131582177489
    efficiency: 0.827283
    discharge_ratio: 0.5
    depth_of_discharge: 1.0
