cost_values:
  wind_capex: 5000.0
  wind_opex: 100
  wind_lifetime: 20
  solar_capex: 1000.0
  solar_opex: 10
  solar_lifetime: 20
  carbon_price: 1.0
timeseries_values:
  load_level: 259980.0270870072
  wind_year: 2011
  solar_year: 2015
  price_year: 2023
  carbon_year: 2023
storage_values:
  CAES:
    cost: 34.4738
    lifetime: 25.8343
    annual_cost: 1.3344197442934393
    efficiency: 0.555575
    discharge_ratio: 0.1
    depth_of_discharge: 0.4
  Li-ion:
    cost: 210.616
    lifetime: 20.1822
    annual_cost: 10.43573049518883
    efficiency: 0.900902
    discharge_ratio: 2
    depth_of_discharge: 0.9
  Pb-acid:
    cost: 245.942
    lifetime: 15.8615
    annual_cost: 15.505595309396968
    efficiency: 0.712138
    discharge_ratio: 5
    depth_of_discharge: 0.5
  VRBF:
    cost: 296.551
    lifetime: 19.9082
    annual_cost: 14.895922283280255
    efficiency: 0.813471
    discharge_ratio: 0.5
    depth_of_discharge: 1.0
