cost_values:
  wind_capex: 5000.0
  wind_opex: 100
  wind_lifetime: 20
  solar_capex: 1000.0
  solar_opex: 10
  solar_lifetime: 20
  carbon_price: 1.0
timeseries_values:
  load_level: 259980.0270870072
  wind_year: 2011
  solar_year: 2015
  price_year: 2023
  carbon_year: 2023
storage_values:
  CAES:
    cost: 37.3846
    lifetime: 25.352
    annual_cost: 1.474621331650363
    efficiency: 0.554579
    discharge_ratio: 0.1
    depth_of_discharge: 0.4
  Li-ion:
    cost: 231.842
    lifetime: 21.0416
    annual_cost: 11.018268572732113
    efficiency: 0.898041
    discharge_ratio: 2
    depth_of_discharge: 0.9
  Pb-acid:
    cost: 235.312
    lifetime: 14.5
    annual_cost: 16.22841379310345
    efficiency: 0.693486
    discharge_ratio: 5
    depth_of_discharge: 0.5
  VRBF:
    cost: 277.677
    lifetime: 22.4793
    annual_cost: 12.352564359210476
    efficiency: 0.824895
    discharge_ratio: 0.5
    depth_of_discharge: 1.0
