cost_values:
  wind_capex: 5000.0
  wind_opex: 100
  wind_lifetime: 20
  solar_capex: 1000.0
  solar_opex: 10
  solar_lifetime: 20
  carbon_price: 1.0
timeseries_values:
  load_level: 259980.0270870072
  wind_year: 2011
  solar_year: 2015
  price_year: 2023
  carbon_year: 2023
storage_values:
  CAES:
    cost: 38.0754
    lifetime: 25.3561
    annual_cost: 1.5016268274695241
    efficiency: 0.557469
    discharge_ratio: 0.1
    depth_of_discharge: 0.4
  Li-ion:
    cost: 232.467
    lifetime: 22.9608
    annual_cost: 10.124516567366992
    efficiency: 0.892844
    discharge_ratio: 2
    depth_of_discharge: 0.9
  Pb-acid:
    cost: 232.235
    lifetime: 14.4844
    annual_cost: 16.033456684432906
    efficiency: 0.708356
    discharge_ratio: 5
    depth_of_discharge: 0.5
  VRBF:
    cost: 287.138
    lifetime: 18.9485
    annual_cost: 15.15360054885611
    efficiency: 0.836022
    discharge_ratio: 0.5
    depth_of_discharge: 1.0
