cost_values:
  wind_capex: 5000.0
  wind_opex: 100
  wind_lifetime: 20
  solar_capex: 1000.0
  solar_opex: 10
  solar_lifetime: 20
  carbon_price: 1.0
timeseries_values:
  load_level: 259980.0270870072
  wind_year: 2011
  solar_year: 2015
  price_year: 2023
  carbon_year: 2023
storage_values:
  CAES:
    cost: 38.6277
    lifetime: 25.193
    annual_cost: 1.533271146747112
    efficiency: 0.557724
    discharge_ratio: 0.1
    depth_of_discharge: 0.4
  Li-ion:
    cost: 218.774
    lifetime: 20.5723
    annual_cost: 10.634396737360433
    efficiency: 0.920715
    discharge_ratio: 2
    depth_of_discharge: 0.9
  Pb-acid:
    cost: 242.219
    lifetime: 15.4878
    annual_cost: 15.639341933651002
    efficiency: 0.730497
    discharge_ratio: 5
    depth_of_discharge: 0.5
  VRBF:
    cost: 277.136
    lifetime: 19.1126
    annual_cost: 14.500172660967111
    efficiency: 0.828809
    discharge_ratio: 0.5
    depth_of_discharge: 1.0
