cost_values:
  wind_capex: 5000.0
  wind_opex: 100
  wind_lifetime: 20
  solar_capex: 1000.0
  solar_opex: 10
  solar_lifetime: 20
  carbon_price: 1.0
timeseries_values:
  load_level: 259980.0270870072
  wind_year: 2011
  solar_year: 2015
  price_year: 2023
  carbon_year: 2023
storage_values:
  CAES:
    cost: 37.5751
    lifetime: 26.4769
    annual_cost: 1.4191653856758155
    efficiency: 0.555769
    discharge_ratio: 0.1
    depth_of_discharge: 0.4
  Li-ion:
    cost: 210.054
    lifetime: 20.1664
    annual_cost: 10.41603855918756
    efficiency: 0.896144
    discharge_ratio: 2
    depth_of_discharge: 0.9
  Pb-acid:
    cost: 238.637
    lifetime: 15.6495
    annual_cost: 15.248857790983738
    efficiency: 0.724274
    discharge_ratio: 5
    depth_of_discharge: 0.5
  VRBF:
    cost: 270.217
    lifetime: 20.2648
    annual_cost: 13.33430381745687
    efficiency: 0.829628
    discharge_ratio: 0.5
    depth_of_discharge: 1.0
