cost_values:
  wind_capex: 5000.0
  wind_opex: 100
  wind_lifetime: 20
  solar_capex: 1000.0
  solar_opex: 10
  solar_lifetime: 20
  carbon_price: 1.0
timeseries_values:
  load_level: 259980.0270870072
  wind_year: 2011
  solar_year: 2015
  price_year: 2023
  carbon_year: 2023
storage_values:
  CAES:
    cost: 35.8883
    lifetime: 25.214
    annual_cost: 1.4233481399222656
    efficiency: 0.558347
    discharge_ratio: 0.1
    depth_of_discharge: 0.4
  Li-ion:
    cost: 222.688
    lifetime: 22.8388
    annual_cost: 9.750424715834457
    efficiency: 0.894384
    discharge_ratio: 2
    depth_of_discharge: 0.9
  Pb-acid:
    cost: 242.64
    lifetime: 16.2742
    annual_cost: 14.909488638458418
    efficiency: 0.711868
    discharge_ratio: 5
    depth_of_discharge: 0.5
  VRBF:
    cost: 277.188
    lifetime: 18.7171
    annual_cost: 14.80934546484231
    efficiency: 0.825681
    discharge_ratio: 0.5
    depth_of_discharge: 1.0
