cost_values:
  wind_capex: 5000.0
  wind_opex: 100
  wind_lifetime: 20
  solar_capex: 1000.0
  solar_opex: 10
  solar_lifetime: 20
  carbon_price: 1.0
timeseries_values:
  load_level: 259980.0270870072
  wind_year: 2011
  solar_year: 2015
  price_year: 2023
  carbon_year: 2023
storage_values:
  CAES:
    cost: 39.4223
    lifetime: 25.9666
    annual_cost: 1.5181926012647016
    efficiency: 0.559697
    discharge_ratio: 0.1
    depth_of_discharge: 0.4
  Li-ion:
    cost: 224.877
    lifetime: 21.1356
    annual_cost: 10.639726338499973
    efficiency: 0.893042
    discharge_ratio: 2
    depth_of_discharge: 0.9
  Pb-acid:
    cost: 232.039
    lifetime: 15.2685
    annual_cost: 15.197236139764875
    efficiency: 0.707608
    discharge_ratio: 5
    depth_of_discharge: 0.5
  VRBF:
    cost: 253.83
    lifetime: 20.8641
    annual_cost: 12.165873438106605
    efficiency: 0.830586
    discharge_ratio: 0.5
    depth_of_discharge: 1.0
