cost_values:
  wind_capex: 5000.0
  wind_opex: 100
  wind_lifetime: 20
  solar_capex: 1000.0
  solar_opex: 10
  solar_lifetime: 20
  carbon_price: 1.0
timeseries_values:
  load_level: 259980.0270870072
  wind_year: 2011
  solar_year: 2015
  price_year: 2023
  carbon_year: 2023
storage_values:
  CAES:
    cost: 39.0058
    lifetime: 26.081
    annual_cost: 1.4955638204056594
    efficiency: 0.553459
    discharge_ratio: 0.1
    depth_of_discharge: 0.4
  Li-ion:
    cost: 226.527
    lifetime: 20.8371
    annual_cost: 10.871330463452207
    efficiency: 0.911221
    discharge_ratio: 2
    depth_of_discharge: 0.9
  Pb-acid:
    cost: 241.875
    lifetime: 14.7739
    annual_cost: 16.371777255836307
    efficiency: 0.716301
    discharge_ratio: 5
    depth_of_discharge: 0.5
  VRBF:
    cost: 297.553
    lifetime: 20.599
    annual_cost: 14.445021602990437
    efficiency: 0.821448
    discharge_ratio: 0.5
    depth_of_discharge: 1.0
