cost_values:
  wind_capex: 5000.0
  wind_opex: 100
  wind_lifetime: 20
  solar_capex: 1000.0
  solar_opex: 10
  solar_lifetime: 20
  carbon_price: 1.0
timeseries_values:
  load_level: 237826.41864515425
  wind_year: 2015
  solar_year: 2018
  price_year: 2023
  carbon_year: 2023
storage_values:
  CAES:
    cost: 44.1468
    lifetime: 25.4789
    annual_cost: 1.7326807672230748
    efficiency: 0.577325
    discharge_ratio: 0.1
    depth_of_discharge: 0.4
  Li-ion:
    cost: 188.205
    lifetime: 18.6553
    annual_cost: 10.088553923013835
    efficiency: 0.919821
    discharge_ratio: 2
    depth_of_discharge: 0.9
  Pb-acid:
    cost: 167.428
    lifetime: 7.71801
    annual_cost: 21.69315665566642
    efficiency: 0.711936
    discharge_ratio: 5
    depth_of_discharge: 0.5
  VRBF:
    cost: 247.428
    lifetime: 12.3889
    annual_cost: 19.971748904261073
    efficiency: 0.771907
    discharge_ratio: 0.5
    depth_of_discharge: 1.0
