cost_values:
  wind_capex: 5000.0
  wind_opex: 100
  wind_lifetime: 20
  solar_capex: 1000.0
  solar_opex: 10
  solar_lifetime: 20
  carbon_price: 1.0
timeseries_values:
  load_level: 237826.41864515425
  wind_year: 2015
  solar_year: 2018
  price_year: 2023
  carbon_year: 2023
storage_values:
  CAES:
    cost: 46.7195
    lifetime: 26.6016
    annual_cost: 1.7562665403584745
    efficiency: 0.584963
    discharge_ratio: 0.1
    depth_of_discharge: 0.4
  Li-ion:
    cost: 184.678
    lifetime: 17.2962
    annual_cost: 10.67737422092714
    efficiency: 0.908125
    discharge_ratio: 2
    depth_of_discharge: 0.9
  Pb-acid:
    cost: 188.042
    lifetime: 9.36452
    annual_cost: 20.080260387078035
    efficiency: 0.725207
    discharge_ratio: 5
    depth_of_discharge: 0.5
  VRBF:
    cost: 246.783
    lifetime: 11.6098
    annual_cost: 21.2564385260728
    efficiency: 0.792569
    discharge_ratio: 0.5
    depth_of_discharge: 1.0
