cost_values:
  wind_capex: 5000.0
  wind_opex: 100
  wind_lifetime: 20
  solar_capex: 1000.0
  solar_opex: 10
  solar_lifetime: 20
  carbon_price: 1.0
timeseries_values:
  load_level: 237826.41864515425
  wind_year: 2015
  solar_year: 2018
  price_year: 2023
  carbon_year: 2023
storage_values:
  CAES:
    cost: 44.2232
    lifetime: 25.3916
    annual_cost: 1.7416468438381196
    efficiency: 0.584361
    discharge_ratio: 0.1
    depth_of_discharge: 0.4
  Li-ion:
    cost: 158.663
    lifetime: 20.0576
    annual_cost: 7.910368139757499
    efficiency: 0.906381
    discharge_ratio: 2
    depth_of_discharge: 0.9
  Pb-acid:
    cost: 175.636
    lifetime: 8.54443
    annual_cost: 20.55561342301359
    efficiency: 0.71056
    discharge_ratio: 5
    depth_of_discharge: 0.5
  VRBF:
    cost: 245.295
    lifetime: 13.8483
    annual_cost: 17.713004484304932
    efficiency: 0.791199
    discharge_ratio: 0.5
    depth_of_discharge: 1.0
