cost_values:
  wind_capex: 5000.0
  wind_opex: 100
  wind_lifetime: 20
  solar_capex: 1000.0
  solar_opex: 10
  solar_lifetime: 20
  carbon_price: 1.0
timeseries_values:
  load_level: 237826.41864515425
  wind_year: 2015
  solar_year: 2018
  price_year: 2023
  carbon_year: 2023
storage_values:
  CAES:
    cost: 45.1802
    lifetime: 26.0658
    annual_cost: 1.7333133838209456
    efficiency: 0.575188
    discharge_ratio: 0.1
    depth_of_discharge: 0.4
  Li-ion:
    cost: 177.206
    lifetime: 19.4287
    annual_cost: 9.120836700345365
    efficiency: 0.914124
    discharge_ratio: 2
    depth_of_discharge: 0.9
  Pb-acid:
    cost: 170.949
    lifetime: 8.60451
    annual_cost: 19.86737187823595
    efficiency: 0.718391
    discharge_ratio: 5
    depth_of_discharge: 0.5
  VRBF:
    cost: 231.063
    lifetime: 11.7535
    annual_cost: 19.659080273960946
    efficiency: 0.785172
    discharge_ratio: 0.5
    depth_of_discharge: 1.0
