cost_values:
  wind_capex: 5000.0
  wind_opex: 100
  wind_lifetime: 20
  solar_capex: 1000.0
  solar_opex: 10
  solar_lifetime: 20
  carbon_price: 1.0
timeseries_values:
  load_level: 237826.41864515425
  wind_year: 2015
  solar_year: 2018
  price_year: 2023
  carbon_year: 2023
storage_values:
  CAES:
    cost: 46.8032
    lifetime: 26.8528
    annual_cost: 1.7429541798248227
    efficiency: 0.574723
    discharge_ratio: 0.1
    depth_of_discharge: 0.4
  Li-ion:
    cost: 203.911
    lifetime: 21.9802
    annual_cost: 9.27703114621341
    efficiency: 0.909229
    discharge_ratio: 2
    depth_of_discharge: 0.9
  Pb-acid:
    cost: 177.978
    lifetime: 9.00254
    annual_cost: 19.769753869463507
    efficiency: 0.719399
    discharge_ratio: 5
    depth_of_discharge: 0.5
  VRBF:
    cost: 232.596
    lifetime: 11.5294
    annual_cost: 20.17416344302392
    efficiency: 0.795129
    discharge_ratio: 0.5
    depth_of_discharge: 1.0
