cost_values:
  wind_capex: 5000.0
  wind_opex: 100
  wind_lifetime: 20
  solar_capex: 1000.0
  solar_opex: 10
  solar_lifetime: 20
  carbon_price: 1.0
timeseries_values:
  load_level: 237826.41864515425
  wind_year: 2015
  solar_year: 2018
  price_year: 2023
  carbon_year: 2023
storage_values:
  CAES:
    cost: 45.9883
    lifetime: 25.5757
    annual_cost: 1.7981247825083966
    efficiency: 0.584219
    discharge_ratio: 0.1
    depth_of_discharge: 0.4
  Li-ion:
    cost: 198.573
    lifetime: 21.3053
    annual_cost: 9.320356906497445
    efficiency: 0.919014
    discharge_ratio: 2
    depth_of_discharge: 0.9
  Pb-acid:
    cost: 179.126
    lifetime: 8.50423
    annual_cost: 21.063165036693505
    efficiency: 0.71636
    discharge_ratio: 5
    depth_of_discharge: 0.5
  VRBF:
    cost: 219.93
    lifetime: 12.0774
    annual_cost: 18.21004520840578
    efficiency: 0.783698
    discharge_ratio: 0.5
    depth_of_discharge: 1.0
