cost_values:
  wind_capex: 5000.0
  wind_opex: 100
  wind_lifetime: 20
  solar_capex: 1000.0
  solar_opex: 10
  solar_lifetime: 20
  carbon_price: 1.0
timeseries_values:
  load_level: 237826.41864515425
  wind_year: 2015
  solar_year: 2018
  price_year: 2023
  carbon_year: 2023
storage_values:
  CAES:
    cost: 46.2639
    lifetime: 26.5493
    annual_cost: 1.7425657173635463
    efficiency: 0.578854
    discharge_ratio: 0.1
    depth_of_discharge: 0.4
  Li-ion:
    cost: 170.065
    lifetime: 18.894
    annual_cost: 9.00100561024664
    efficiency: 0.916592
    discharge_ratio: 2
    depth_of_discharge: 0.9
  Pb-acid:
    cost: 185.164
    lifetime: 6.54507
    annual_cost: 28.290606517577352
    efficiency: 0.72262
    discharge_ratio: 5
    depth_of_discharge: 0.5
  VRBF:
    cost: 242.421
    lifetime: 11.5123
    annual_cost: 21.057564517950365
    efficiency: 0.783782
    discharge_ratio: 0.5
    depth_of_discharge: 1.0
