cost_values:
  wind_capex: 5000.0
  wind_opex: 100
  wind_lifetime: 20
  solar_capex: 1000.0
  solar_opex: 10
  solar_lifetime: 20
  carbon_price: 1.0
timeseries_values:
  load_level: 237826.41864515425
  wind_year: 2015
  solar_year: 2018
  price_year: 2023
  carbon_year: 2023
storage_values:
  CAES:
    cost: 44.6899
    lifetime: 25.8293
    annual_cost: 1.7302017476276943
    efficiency: 0.582178
    discharge_ratio: 0.1
    depth_of_discharge: 0.4
  Li-ion:
    cost: 180.702
    lifetime: 21.8539
    annual_cost: 8.268638549641025
    efficiency: 0.898344
    discharge_ratio: 2
    depth_of_discharge: 0.9
  Pb-acid:
    cost: 171.969
    lifetime: 9.27952
    annual_cost: 18.532100798317153
    efficiency: 0.718952
    discharge_ratio: 5
    depth_of_discharge: 0.5
  VRBF:
    cost: 225.511
    lifetime: 12.3741
    annual_cost: 18.22443652467654
    efficiency: 0.770583
    discharge_ratio: 0.5
    depth_of_discharge: 1.0
