cost_values:
  wind_capex: 5000.0
  wind_opex: 100
  wind_lifetime: 20
  solar_capex: 1000.0
  solar_opex: 10
  solar_lifetime: 20
  carbon_price: 1.0
timeseries_values:
  load_level: 237826.41864515425
  wind_year: 2015
  solar_year: 2018
  price_year: 2023
  carbon_year: 2023
storage_values:
  CAES:
    cost: 47.1407
    lifetime: 25.5915
    annual_cost: 1.8420452103237404
    efficiency: 0.586981
    discharge_ratio: 0.1
    depth_of_discharge: 0.4
  Li-ion:
    cost: 191.044
    lifetime: 18.7329
    annual_cost: 10.198314195879975
    efficiency: 0.91015
    discharge_ratio: 2
    depth_of_discharge: 0.9
  Pb-acid:
    cost: 185.571
    lifetime: 9.44284
    annual_cost: 19.65203265119392
    efficiency: 0.724309
    discharge_ratio: 5
    depth_of_discharge: 0.5
  VRBF:
    cost: 228.167
    lifetime: 11.544
    annual_cost: 19.76498613998614
    efficiency: 0.778053
    discharge_ratio: 0.5
    depth_of_discharge: 1.0
