cost_values:
  wind_capex: 5000.0
  wind_opex: 100
  wind_lifetime: 20
  solar_capex: 1000.0
  solar_opex: 10
  solar_lifetime: 20
  carbon_price: 1.0
timeseries_values:
  load_level: 237826.41864515425
  wind_year: 2015
  solar_year: 2018
  price_year: 2023
  carbon_year: 2023
storage_values:
  CAES:
    cost: 40.7846
    lifetime: 24.9824
    annual_cost: 1.6325333034456257
    efficiency: 0.587795
    discharge_ratio: 0.1
    depth_of_discharge: 0.4
  Li-ion:
    cost: 161.224
    lifetime: 19.7751
    annual_cost: 8.152879125769276
    efficiency: 0.920329
    discharge_ratio: 2
    depth_of_discharge: 0.9
  Pb-acid:
    cost: 184.415
    lifetime: 9.84517
    annual_cost: 18.731520126112603
    efficiency: 0.711845
    discharge_ratio: 5
    depth_of_discharge: 0.5
  VRBF:
    cost: 256.898
    lifetime: 14.6478
    annual_cost: 17.538333401602973
    efficiency: 0.761269
    discharge_ratio: 0.5
    depth_of_discharge: 1.0
