cost_values:
  wind_capex: 5000.0
  wind_opex: 100
  wind_lifetime: 20
  solar_capex: 1000.0
  solar_opex: 10
  solar_lifetime: 20
  carbon_price: 1.0
timeseries_values:
  load_level: 237826.41864515425
  wind_year: 2015
  solar_year: 2018
  price_year: 2023
  carbon_year: 2023
storage_values:
  CAES:
    cost: 47.22
    lifetime: 26.2784
    annual_cost: 1.7969130540672185
    efficiency: 0.579548
    discharge_ratio: 0.1
    depth_of_discharge: 0.4
  Li-ion:
    cost: 175.205
    lifetime: 21.1293
    annual_cost: 8.29203996346306
    efficiency: 0.910132
    discharge_ratio: 2
    depth_of_discharge: 0.9
  Pb-acid:
    cost: 184.431
    lifetime: 9.12689
    annual_cost: 20.207431008810232
    efficiency: 0.707751
    discharge_ratio: 5
    depth_of_discharge: 0.5
  VRBF:
    cost: 243.866
    lifetime: 11.1143
    annual_cost: 21.941642748531173
    efficiency: 0.798839
    discharge_ratio: 0.5
    depth_of_discharge: 1.0
