cost_values:
  wind_capex: 5000.0
  wind_opex: 100
  wind_lifetime: 20
  solar_capex: 1000.0
  solar_opex: 10
  solar_lifetime: 20
  carbon_price: 1.0
timeseries_values:
  load_level: 237826.41864515425
  wind_year: 2015
  solar_year: 2018
  price_year: 2023
  carbon_year: 2023
storage_values:
  CAES:
    cost: 47.3
    lifetime: 26.8624
    annual_cost: 1.7608255405324913
    efficiency: 0.588794
    discharge_ratio: 0.1
    depth_of_discharge: 0.4
  Li-ion:
    cost: 172.957
    lifetime: 21.6234
    annual_cost: 7.998603364873238
    efficiency: 0.911979
    discharge_ratio: 2
    depth_of_discharge: 0.9
  Pb-acid:
    cost: 181.602
    lifetime: 7.7473
    annual_cost: 23.440682560375873
    efficiency: 0.721026
    discharge_ratio: 5
    depth_of_discharge: 0.5
  VRBF:
    cost: 216.488
    lifetime: 10.9159
    annual_cost: 19.832354638646375
    efficiency: 0.774057
    discharge_ratio: 0.5
    depth_of_discharge: 1.0
