cost_values:
  wind_capex: 5000.0
  wind_opex: 100
  wind_lifetime: 20
  solar_capex: 1000.0
  solar_opex: 10
  solar_lifetime: 20
  carbon_price: 1.0
timeseries_values:
  load_level: 237826.41864515425
  wind_year: 2015
  solar_year: 2018
  price_year: 2023
  carbon_year: 2023
storage_values:
  CAES:
    cost: 43.1131
    lifetime: 24.4188
    annual_cost: 1.7655699706783299
    efficiency: 0.575831
    discharge_ratio: 0.1
    depth_of_discharge: 0.4
  Li-ion:
    cost: 177.281
    lifetime: 18.9102
    annual_cost: 9.37488762678343
    efficiency: 0.919019
    discharge_ratio: 2
    depth_of_discharge: 0.9
  Pb-acid:
    cost: 185.309
    lifetime: 9.4038
    annual_cost: 19.70575724707033
    efficiency: 0.71143
    discharge_ratio: 5
    depth_of_discharge: 0.5
  VRBF:
    cost: 267.659
    lifetime: 15.0195
    annual_cost: 17.820766337095108
    efficiency: 0.78304
    discharge_ratio: 0.5
    depth_of_discharge: 1.0
