cost_values:
  wind_capex: 5000.0
  wind_opex: 100
  wind_lifetime: 20
  solar_capex: 1000.0
  solar_opex: 10
  solar_lifetime: 20
  carbon_price: 1.0
timeseries_values:
  load_level: 237826.41864515425
  wind_year: 2015
  solar_year: 2018
  price_year: 2023
  carbon_year: 2023
storage_values:
  CAES:
    cost: 45.8052
    lifetime: 26.1757
    annual_cost: 1.7499130873290878
    efficiency: 0.579638
    discharge_ratio: 0.1
    depth_of_discharge: 0.4
  Li-ion:
    cost: 178.188
    lifetime: 20.4149
    annual_cost: 8.728330778010179
    efficiency: 0.907638
    discharge_ratio: 2
    depth_of_discharge: 0.9
  Pb-acid:
    cost: 193.823
    lifetime: 7.67013
    annual_cost: 25.26984549153665
    efficiency: 0.705568
    discharge_ratio: 5
    depth_of_discharge: 0.5
  VRBF:
    cost: 238.146
    lifetime: 11.8393
    annual_cost: 20.11487165626346
    efficiency: 0.771064
    discharge_ratio: 0.5
    depth_of_discharge: 1.0
