cost_values:
  wind_capex: 5000.0
  wind_opex: 100
  wind_lifetime: 20
  solar_capex: 1000.0
  solar_opex: 10
  solar_lifetime: 20
  carbon_price: 1.0
timeseries_values:
  load_level: 237826.41864515425
  wind_year: 2015
  solar_year: 2018
  price_year: 2023
  carbon_year: 2023
storage_values:
  CAES:
    cost: 46.6539
    lifetime: 25.0341
    annual_cost: 1.8636140304624493
    efficiency: 0.576536
    discharge_ratio: 0.1
    depth_of_discharge: 0.4
  Li-ion:
    cost: 189.273
    lifetime: 19.2671
    annual_cost: 9.823637184630796
    efficiency: 0.917743
    discharge_ratio: 2
    depth_of_discharge: 0.9
  Pb-acid:
    cost: 179.326
    lifetime: 8.25087
    annual_cost: 21.734192879053964
    efficiency: 0.712601
    discharge_ratio: 5
    depth_of_discharge: 0.5
  VRBF:
    cost: 224.77
    lifetime: 12.9962
    annual_cost: 17.295055477755035
    efficiency: 0.789242
    discharge_ratio: 0.5
    depth_of_discharge: 1.0
