cost_values:
  wind_capex: 5000.0
  wind_opex: 100
  wind_lifetime: 20
  solar_capex: 1000.0
  solar_opex: 10
  solar_lifetime: 20
  carbon_price: 1.0
timeseries_values:
  load_level: 237826.41864515425
  wind_year: 2015
  solar_year: 2018
  price_year: 2023
  carbon_year: 2023
storage_values:
  CAES:
    cost: 40.2291
    lifetime: 25.7491
    annual_cost: 1.5623497520301681
    efficiency: 0.582002
    discharge_ratio: 0.1
    depth_of_discharge: 0.4
  Li-ion:
    cost: 173.39
    lifetime: 21.3979
    annual_cost: 8.103131615719299
    efficiency: 0.911603
    discharge_ratio: 2
    depth_of_discharge: 0.9
  Pb-acid:
    cost: 177.605
    lifetime: 11.2106
    annual_cost: 15.842595400781404
    efficiency: 0.718047
    discharge_ratio: 5
    depth_of_discharge: 0.5
  VRBF:
    cost: 231.809
    lifetime: 11.0156
    annual_cost: 21.04370165946476
    efficiency: 0.781379
    discharge_ratio: 0.5
    depth_of_discharge: 1.0
