cost_values:
  wind_capex: 5000.0
  wind_opex: 100
  wind_lifetime: 20
  solar_capex: 1000.0
  solar_opex: 10
  solar_lifetime: 20
  carbon_price: 1.0
timeseries_values:
  load_level: 237826.41864515425
  wind_year: 2015
  solar_year: 2018
  price_year: 2023
  carbon_year: 2023
storage_values:
  CAES:
    cost: 49.0862
    lifetime: 26.5366
    annual_cost: 1.849754678444111
    efficiency: 0.582366
    discharge_ratio: 0.1
    depth_of_discharge: 0.4
  Li-ion:
    cost: 180.427
    lifetime: 19.8509
    annual_cost: 9.089109309905345
    efficiency: 0.905734
    discharge_ratio: 2
    depth_of_discharge: 0.9
  Pb-acid:
    cost: 183.854
    lifetime: 8.81036
    annual_cost: 20.867932751896635
    efficiency: 0.711271
    discharge_ratio: 5
    depth_of_discharge: 0.5
  VRBF:
    cost: 207.808
    lifetime: 13.0276
    annual_cost: 15.951364794743467
    efficiency: 0.770539
    discharge_ratio: 0.5
    depth_of_discharge: 1.0
