cost_values:
  wind_capex: 5000.0
  wind_opex: 100
  wind_lifetime: 20
  solar_capex: 1000.0
  solar_opex: 10
  solar_lifetime: 20
  carbon_price: 1.0
timeseries_values:
  load_level: 237826.41864515425
  wind_year: 2015
  solar_year: 2018
  price_year: 2023
  carbon_year: 2023
storage_values:
  CAES:
    cost: 52.7255
    lifetime: 26.1507
    annual_cost: 2.0162175391098516
    efficiency: 0.57526
    discharge_ratio: 0.1
    depth_of_discharge: 0.4
  Li-ion:
    cost: 185.109
    lifetime: 20.8205
    annual_cost: 8.890708676544753
    efficiency: 0.907346
    discharge_ratio: 2
    depth_of_discharge: 0.9
  Pb-acid:
    cost: 175.638
    lifetime: 7.90949
    annual_cost: 22.20598293948156
    efficiency: 0.716089
    discharge_ratio: 5
    depth_of_discharge: 0.5
  VRBF:
    cost: 235.578
    lifetime: 12.2264
    annual_cost: 19.267977491330235
    efficiency: 0.776486
    discharge_ratio: 0.5
    depth_of_discharge: 1.0
