cost_values:
  wind_capex: 5000.0
  wind_opex: 100
  wind_lifetime: 20
  solar_capex: 1000.0
  solar_opex: 10
  solar_lifetime: 20
  carbon_price: 1.0
timeseries_values:
  load_level: 237826.41864515425
  wind_year: 2015
  solar_year: 2018
  price_year: 2023
  carbon_year: 2023
storage_values:
  CAES:
    cost: 44.0926
    lifetime: 26.0182
    annual_cost: 1.694682952702339
    efficiency: 0.582343
    discharge_ratio: 0.1
    depth_of_discharge: 0.4
  Li-ion:
    cost: 174.006
    lifetime: 20.4871
    annual_cost: 8.493442214857154
    efficiency: 0.925001
    discharge_ratio: 2
    depth_of_discharge: 0.9
  Pb-acid:
    cost: 177.482
    lifetime: 8.64917
    annual_cost: 20.520119271560162
    efficiency: 0.720056
    discharge_ratio: 5
    depth_of_discharge: 0.5
  VRBF:
    cost: 259.48
    lifetime: 10.7758
    annual_cost: 24.079882700124354
    efficiency: 0.781745
    discharge_ratio: 0.5
    depth_of_discharge: 1.0
