cost_values:
  wind_capex: 5000.0
  wind_opex: 100
  wind_lifetime: 20
  solar_capex: 1000.0
  solar_opex: 10
  solar_lifetime: 20
  carbon_price: 1.0
timeseries_values:
  load_level: 237826.41864515425
  wind_year: 2015
  solar_year: 2018
  price_year: 2023
  carbon_year: 2023
storage_values:
  CAES:
    cost: 47.3146
    lifetime: 25.5042
    annual_cost: 1.8551689525646755
    efficiency: 0.589228
    discharge_ratio: 0.1
    depth_of_discharge: 0.4
  Li-ion:
    cost: 199.425
    lifetime: 21.2337
    annual_cost: 9.391910029811104
    efficiency: 0.92326
    discharge_ratio: 2
    depth_of_discharge: 0.9
  Pb-acid:
    cost: 190.98
    lifetime: 7.10712
    annual_cost: 26.871644210313036
    efficiency: 0.711389
    discharge_ratio: 5
    depth_of_discharge: 0.5
  VRBF:
    cost: 229.557
    lifetime: 10.1449
    annual_cost: 22.627822846947726
    efficiency: 0.793234
    discharge_ratio: 0.5
    depth_of_discharge: 1.0
