cost_values:
  wind_capex: 5000.0
  wind_opex: 100
  wind_lifetime: 20
  solar_capex: 1000.0
  solar_opex: 10
  solar_lifetime: 20
  carbon_price: 1.0
timeseries_values:
  load_level: 237826.41864515425
  wind_year: 2015
  solar_year: 2018
  price_year: 2023
  carbon_year: 2023
storage_values:
  CAES:
    cost: 44.3136
    lifetime: 26.4095
    annual_cost: 1.6779416497851152
    efficiency: 0.580424
    discharge_ratio: 0.1
    depth_of_discharge: 0.4
  Li-ion:
    cost: 175.735
    lifetime: 20.5737
    annual_cost: 8.541730461705965
    efficiency: 0.907431
    discharge_ratio: 2
    depth_of_discharge: 0.9
  Pb-acid:
    cost: 202.95
    lifetime: 8.53609
    annual_cost: 23.775522516749472
    efficiency: 0.707878
    discharge_ratio: 5
    depth_of_discharge: 0.5
  VRBF:
    cost: 226.323
    lifetime: 12.4531
    annual_cost: 18.174028956645333
    efficiency: 0.778488
    discharge_ratio: 0.5
    depth_of_discharge: 1.0
