cost_values:
  wind_capex: 5000.0
  wind_opex: 100
  wind_lifetime: 20
  solar_capex: 1000.0
  solar_opex: 10
  solar_lifetime: 20
  carbon_price: 1.0
timeseries_values:
  load_level: 237826.41864515425
  wind_year: 2015
  solar_year: 2018
  price_year: 2023
  carbon_year: 2023
storage_values:
  CAES:
    cost: 51.8279
    lifetime: 27.0321
    annual_cost: 1.9172724279652709
    efficiency: 0.578863
    discharge_ratio: 0.1
    depth_of_discharge: 0.4
  Li-ion:
    cost: 201.502
    lifetime: 20.8784
    annual_cost: 9.651218484175033
    efficiency: 0.922071
    discharge_ratio: 2
    depth_of_discharge: 0.9
  Pb-acid:
    cost: 193.171
    lifetime: 8.65164
    annual_cost: 22.327674290654716
    efficiency: 0.726243
    discharge_ratio: 5
    depth_of_discharge: 0.5
  VRBF:
    cost: 231.672
    lifetime: 12.4499
    annual_cost: 18.60834223568061
    efficiency: 0.774498
    discharge_ratio: 0.5
    depth_of_discharge: 1.0
