cost_values:
  wind_capex: 5000.0
  wind_opex: 100
  wind_lifetime: 20
  solar_capex: 1000.0
  solar_opex: 10
  solar_lifetime: 20
  carbon_price: 1.0
timeseries_values:
  load_level: 237826.41864515425
  wind_year: 2015
  solar_year: 2018
  price_year: 2023
  carbon_year: 2023
storage_values:
  CAES:
    cost: 48.0775
    lifetime: 26.674
    annual_cost: 1.8024105870885507
    efficiency: 0.56787
    discharge_ratio: 0.1
    depth_of_discharge: 0.4
  Li-ion:
    cost: 196.504
    lifetime: 20.7011
    annual_cost: 9.492442430595474
    efficiency: 0.921587
    discharge_ratio: 2
    depth_of_discharge: 0.9
  Pb-acid:
    cost: 180.943
    lifetime: 8.36707
    annual_cost: 21.625610876925855
    efficiency: 0.707259
    discharge_ratio: 5
    depth_of_discharge: 0.5
  VRBF:
    cost: 221.714
    lifetime: 11.6516
    annual_cost: 19.028631260942703
    efficiency: 0.796999
    discharge_ratio: 0.5
    depth_of_discharge: 1.0
