cost_values:
  wind_capex: 5000.0
  wind_opex: 100
  wind_lifetime: 20
  solar_capex: 1000.0
  solar_opex: 10
  solar_lifetime: 20
  carbon_price: 1.0
timeseries_values:
  load_level: 237826.41864515425
  wind_year: 2015
  solar_year: 2018
  price_year: 2023
  carbon_year: 2023
storage_values:
  CAES:
    cost: 51.711
    lifetime: 26.2819
    annual_cost: 1.9675518132250711
    efficiency: 0.58133
    discharge_ratio: 0.1
    depth_of_discharge: 0.4
  Li-ion:
    cost: 179.93
    lifetime: 19.498
    annual_cost: 9.22812596163709
    efficiency: 0.918234
    discharge_ratio: 2
    depth_of_discharge: 0.9
  Pb-acid:
    cost: 179.945
    lifetime: 8.23608
    annual_cost: 21.84837932608717
    efficiency: 0.718005
    discharge_ratio: 5
    depth_of_discharge: 0.5
  VRBF:
    cost: 252.064
    lifetime: 12.6219
    annual_cost: 19.97036896188371
    efficiency: 0.798284
    discharge_ratio: 0.5
    depth_of_discharge: 1.0
