cost_values:
  wind_capex: 5000.0
  wind_opex: 100
  wind_lifetime: 20
  solar_capex: 1000.0
  solar_opex: 10
  solar_lifetime: 20
  carbon_price: 1.0
timeseries_values:
  load_level: 237826.41864515425
  wind_year: 2015
  solar_year: 2018
  price_year: 2023
  carbon_year: 2023
storage_values:
  CAES:
    cost: 42.3122
    lifetime: 25.8202
    annual_cost: 1.6387247194057364
    efficiency: 0.568813
    discharge_ratio: 0.1
    depth_of_discharge: 0.4
  Li-ion:
    cost: 182.352
    lifetime: 21.6901
    annual_cost: 8.407153493990345
    efficiency: 0.914038
    discharge_ratio: 2
    depth_of_discharge: 0.9
  Pb-acid:
    cost: 170.586
    lifetime: 9.89125
    annual_cost: 17.24615190193353
    efficiency: 0.712665
    discharge_ratio: 5
    depth_of_discharge: 0.5
  VRBF:
    cost: 275.323
    lifetime: 12.0548
    annual_cost: 22.839283936689117
    efficiency: 0.773324
    discharge_ratio: 0.5
    depth_of_discharge: 1.0
