cost_values:
  wind_capex: 5000.0
  wind_opex: 100
  wind_lifetime: 20
  solar_capex: 1000.0
  solar_opex: 10
  solar_lifetime: 20
  carbon_price: 1.0
timeseries_values:
  load_level: 237826.41864515425
  wind_year: 2015
  solar_year: 2018
  price_year: 2023
  carbon_year: 2023
storage_values:
  CAES:
    cost: 51.0395
    lifetime: 26.0679
    annual_cost: 1.9579444450838002
    efficiency: 0.581768
    discharge_ratio: 0.1
    depth_of_discharge: 0.4
  Li-ion:
    cost: 176.236
    lifetime: 23.4894
    annual_cost: 7.502788491830358
    efficiency: 0.907713
    discharge_ratio: 2
    depth_of_discharge: 0.9
  Pb-acid:
    cost: 187.197
    lifetime: 8.76821
    annual_cost: 21.349511473835594
    efficiency: 0.70605
    discharge_ratio: 5
    depth_of_discharge: 0.5
  VRBF:
    cost: 238.935
    lifetime: 11.0485
    annual_cost: 21.626012580893335
    efficiency: 0.776917
    discharge_ratio: 0.5
    depth_of_discharge: 1.0
