cost_values:
  wind_capex: 5000.0
  wind_opex: 100
  wind_lifetime: 20
  solar_capex: 1000.0
  solar_opex: 10
  solar_lifetime: 20
  carbon_price: 1.0
timeseries_values:
  load_level: 237826.41864515425
  wind_year: 2015
  solar_year: 2018
  price_year: 2023
  carbon_year: 2023
storage_values:
  CAES:
    cost: 47.9749
    lifetime: 26.6012
    annual_cost: 1.8034863088883208
    efficiency: 0.575223
    discharge_ratio: 0.1
    depth_of_discharge: 0.4
  Li-ion:
    cost: 176.219
    lifetime: 19.4454
    annual_cost: 9.062246083906734
    efficiency: 0.903392
    discharge_ratio: 2
    depth_of_discharge: 0.9
  Pb-acid:
    cost: 205.746
    lifetime: 8.11542
    annual_cost: 25.352477136118647
    efficiency: 0.723167
    discharge_ratio: 5
    depth_of_discharge: 0.5
  VRBF:
    cost: 235.346
    lifetime: 12.9459
    annual_cost: 18.179191867695565
    efficiency: 0.779432
    discharge_ratio: 0.5
    depth_of_discharge: 1.0
