cost_values:
  wind_capex: 5000.0
  wind_opex: 100
  wind_lifetime: 20
  solar_capex: 1000.0
  solar_opex: 10
  solar_lifetime: 20
  carbon_price: 1.0
timeseries_values:
  load_level: 237826.41864515425
  wind_year: 2015
  solar_year: 2018
  price_year: 2023
  carbon_year: 2023
storage_values:
  CAES:
    cost: 48.4789
    lifetime: 26.1145
    annual_cost: 1.8563977866702408
    efficiency: 0.581852
    discharge_ratio: 0.1
    depth_of_discharge: 0.4
  Li-ion:
    cost: 173.961
    lifetime: 19.7939
    annual_cost: 8.788616695042412
    efficiency: 0.921223
    discharge_ratio: 2
    depth_of_discharge: 0.9
  Pb-acid:
    cost: 163.584
    lifetime: 7.68774
    annual_cost: 21.27855520608137
    efficiency: 0.713556
    discharge_ratio: 5
    depth_of_discharge: 0.5
  VRBF:
    cost: 240.396
    lifetime: 12.3963
    annual_cost: 19.392560683429732
    efficiency: 0.777072
    discharge_ratio: 0.5
    depth_of_discharge: 1.0
