cost_values:
  wind_capex: 5000.0
  wind_opex: 100
  wind_lifetime: 20
  solar_capex: 1000.0
  solar_opex: 10
  solar_lifetime: 20
  carbon_price: 1.0
timeseries_values:
  load_level: 237826.41864515425
  wind_year: 2015
  solar_year: 2018
  price_year: 2023
  carbon_year: 2023
storage_values:
  CAES:
    cost: 42.3268
    lifetime: 25.0333
    annual_cost: 1.6908198279891185
    efficiency: 0.570748
    discharge_ratio: 0.1
    depth_of_discharge: 0.4
  Li-ion:
    cost: 187.026
    lifetime: 19.8269
    annual_cost: 9.432942113996642
    efficiency: 0.906139
    discharge_ratio: 2
    depth_of_discharge: 0.9
  Pb-acid:
    cost: 167.197
    lifetime: 7.74425
    annual_cost: 21.58982470865481
    efficiency: 0.72642
    discharge_ratio: 5
    depth_of_discharge: 0.5
  VRBF:
    cost: 227.025
    lifetime: 12.5149
    annual_cost: 18.14037667100816
    efficiency: 0.781074
    discharge_ratio: 0.5
    depth_of_discharge: 1.0
