cost_values:
  wind_capex: 5000.0
  wind_opex: 100
  wind_lifetime: 20
  solar_capex: 1000.0
  solar_opex: 10
  solar_lifetime: 20
  carbon_price: 1.0
timeseries_values:
  load_level: 237826.41864515425
  wind_year: 2015
  solar_year: 2018
  price_year: 2023
  carbon_year: 2023
storage_values:
  CAES:
    cost: 51.3564
    lifetime: 25.8802
    annual_cost: 1.9843896105903356
    efficiency: 0.567529
    discharge_ratio: 0.1
    depth_of_discharge: 0.4
  Li-ion:
    cost: 183.569
    lifetime: 20.1452
    annual_cost: 9.112294740186247
    efficiency: 0.912931
    discharge_ratio: 2
    depth_of_discharge: 0.9
  Pb-acid:
    cost: 177.542
    lifetime: 7.83987
    annual_cost: 22.64603877360211
    efficiency: 0.702578
    discharge_ratio: 5
    depth_of_discharge: 0.5
  VRBF:
    cost: 250.468
    lifetime: 13.5213
    annual_cost: 18.523958495115114
    efficiency: 0.765258
    discharge_ratio: 0.5
    depth_of_discharge: 1.0
