cost_values:
  wind_capex: 5000.0
  wind_opex: 100
  wind_lifetime: 20
  solar_capex: 1000.0
  solar_opex: 10
  solar_lifetime: 20
  carbon_price: 1.0
timeseries_values:
  load_level: 237826.41864515425
  wind_year: 2015
  solar_year: 2018
  price_year: 2023
  carbon_year: 2023
storage_values:
  CAES:
    cost: 46.4586
    lifetime: 26.2351
    annual_cost: 1.770856600508479
    efficiency: 0.573563
    discharge_ratio: 0.1
    depth_of_discharge: 0.4
  Li-ion:
    cost: 187.48
    lifetime: 20.8628
    annual_cost: 8.986329735222501
    efficiency: 0.91316
    discharge_ratio: 2
    depth_of_discharge: 0.9
  Pb-acid:
    cost: 178.253
    lifetime: 6.50786
    annual_cost: 27.39041712636719
    efficiency: 0.715992
    discharge_ratio: 5
    depth_of_discharge: 0.5
  VRBF:
    cost: 258.803
    lifetime: 12.491
    annual_cost: 20.7191577936114
    efficiency: 0.769886
    discharge_ratio: 0.5
    depth_of_discharge: 1.0
