cost_values:
  wind_capex: 5000.0
  wind_opex: 100
  wind_lifetime: 20
  solar_capex: 1000.0
  solar_opex: 10
  solar_lifetime: 20
  carbon_price: 1.0
timeseries_values:
  load_level: 237826.41864515425
  wind_year: 2015
  solar_year: 2018
  price_year: 2023
  carbon_year: 2023
storage_values:
  CAES:
    cost: 43.4192
    lifetime: 25.918
    annual_cost: 1.6752527201172929
    efficiency: 0.574883
    discharge_ratio: 0.1
    depth_of_discharge: 0.4
  Li-ion:
    cost: 183.984
    lifetime: 18.5815
    annual_cost: 9.901461130694509
    efficiency: 0.902779
    discharge_ratio: 2
    depth_of_discharge: 0.9
  Pb-acid:
    cost: 202.904
    lifetime: 8.75361
    annual_cost: 23.17946538628063
    efficiency: 0.715048
    discharge_ratio: 5
    depth_of_discharge: 0.5
  VRBF:
    cost: 238.793
    lifetime: 12.1712
    annual_cost: 19.619511634021297
    efficiency: 0.779317
    discharge_ratio: 0.5
    depth_of_discharge: 1.0
