cost_values:
  wind_capex: 5000.0
  wind_opex: 100
  wind_lifetime: 20
  solar_capex: 1000.0
  solar_opex: 10
  solar_lifetime: 20
  carbon_price: 1.0
timeseries_values:
  load_level: 237826.41864515425
  wind_year: 2015
  solar_year: 2018
  price_year: 2023
  carbon_year: 2023
storage_values:
  CAES:
    cost: 47.7197
    lifetime: 25.916
    annual_cost: 1.8413219632659361
    efficiency: 0.584217
    discharge_ratio: 0.1
    depth_of_discharge: 0.4
  Li-ion:
    cost: 172.15
    lifetime: 18.6951
    annual_cost: 9.208295221742596
    efficiency: 0.905904
    discharge_ratio: 2
    depth_of_discharge: 0.9
  Pb-acid:
    cost: 186.848
    lifetime: 8.92957
    annual_cost: 20.92463578873339
    efficiency: 0.716804
    discharge_ratio: 5
    depth_of_discharge: 0.5
  VRBF:
    cost: 235.378
    lifetime: 13.186
    annual_cost: 17.85059912027908
    efficiency: 0.806093
    discharge_ratio: 0.5
    depth_of_discharge: 1.0
