cost_values:
  wind_capex: 5000.0
  wind_opex: 100
  wind_lifetime: 20
  solar_capex: 1000.0
  solar_opex: 10
  solar_lifetime: 20
  carbon_price: 1.0
timeseries_values:
  load_level: 237826.41864515425
  wind_year: 2015
  solar_year: 2018
  price_year: 2023
  carbon_year: 2023
storage_values:
  CAES:
    cost: 45.4493
    lifetime: 26.9023
    annual_cost: 1.6894206071599827
    efficiency: 0.565136
    discharge_ratio: 0.1
    depth_of_discharge: 0.4
  Li-ion:
    cost: 176.122
    lifetime: 19.2369
    annual_cost: 9.155425250430165
    efficiency: 0.914432
    discharge_ratio: 2
    depth_of_discharge: 0.9
  Pb-acid:
    cost: 201.501
    lifetime: 9.98987
    annual_cost: 20.170532749675424
    efficiency: 0.715995
    discharge_ratio: 5
    depth_of_discharge: 0.5
  VRBF:
    cost: 224.515
    lifetime: 12.0567
    annual_cost: 18.621596290859024
    efficiency: 0.780679
    discharge_ratio: 0.5
    depth_of_discharge: 1.0
