cost_values:
  wind_capex: 5000.0
  wind_opex: 100
  wind_lifetime: 20
  solar_capex: 1000.0
  solar_opex: 10
  solar_lifetime: 20
  carbon_price: 1.0
timeseries_values:
  load_level: 237826.41864515425
  wind_year: 2015
  solar_year: 2018
  price_year: 2023
  carbon_year: 2023
storage_values:
  CAES:
    cost: 44.4282
    lifetime: 26.0224
    annual_cost: 1.7073060132808655
    efficiency: 0.577997
    discharge_ratio: 0.1
    depth_of_discharge: 0.4
  Li-ion:
    cost: 168.691
    lifetime: 18.8475
    annual_cost: 8.950311712428704
    efficiency: 0.9046
    discharge_ratio: 2
    depth_of_discharge: 0.9
  Pb-acid:
    cost: 180.82
    lifetime: 8.5582
    annual_cost: 21.128274637190064
    efficiency: 0.711719
    discharge_ratio: 5
    depth_of_discharge: 0.5
  VRBF:
    cost: 233.026
    lifetime: 12.2641
    annual_cost: 19.000660464281932
    efficiency: 0.784305
    discharge_ratio: 0.5
    depth_of_discharge: 1.0
