cost_values:
  wind_capex: 5000.0
  wind_opex: 100
  wind_lifetime: 20
  solar_capex: 1000.0
  solar_opex: 10
  solar_lifetime: 20
  carbon_price: 1.0
timeseries_values:
  load_level: 237826.41864515425
  wind_year: 2015
  solar_year: 2018
  price_year: 2023
  carbon_year: 2023
storage_values:
  CAES:
    cost: 48.1994
    lifetime: 26.2489
    annual_cost: 1.8362445664389746
    efficiency: 0.583771
    discharge_ratio: 0.1
    depth_of_discharge: 0.4
  Li-ion:
    cost: 207.985
    lifetime: 18.9217
    annual_cost: 10.991877051216328
    efficiency: 0.914873
    discharge_ratio: 2
    depth_of_discharge: 0.9
  Pb-acid:
    cost: 174.999
    lifetime: 9.25467
    annual_cost: 18.90926418770199
    efficiency: 0.726758
    discharge_ratio: 5
    depth_of_discharge: 0.5
  VRBF:
    cost: 237.568
    lifetime: 13.4476
    annual_cost: 17.66620066034088
    efficiency: 0.789435
    discharge_ratio: 0.5
    depth_of_discharge: 1.0
