cost_values:
  wind_capex: 5000.0
  wind_opex: 100
  wind_lifetime: 20
  solar_capex: 1000.0
  solar_opex: 10
  solar_lifetime: 20
  carbon_price: 1.0
timeseries_values:
  load_level: 237826.41864515425
  wind_year: 2015
  solar_year: 2018
  price_year: 2023
  carbon_year: 2023
storage_values:
  CAES:
    cost: 46.3032
    lifetime: 25.6043
    annual_cost: 1.808414992794179
    efficiency: 0.579814
    discharge_ratio: 0.1
    depth_of_discharge: 0.4
  Li-ion:
    cost: 193.812
    lifetime: 22.4429
    annual_cost: 8.635782363241827
    efficiency: 0.904222
    discharge_ratio: 2
    depth_of_discharge: 0.9
  Pb-acid:
    cost: 194.067
    lifetime: 9.14582
    annual_cost: 21.219201777424004
    efficiency: 0.714138
    discharge_ratio: 5
    depth_of_discharge: 0.5
  VRBF:
    cost: 237.889
    lifetime: 11.6179
    annual_cost: 20.476075710756678
    efficiency: 0.76584
    discharge_ratio: 0.5
    depth_of_discharge: 1.0
