cost_values:
  wind_capex: 5000.0
  wind_opex: 100
  wind_lifetime: 20
  solar_capex: 1000.0
  solar_opex: 10
  solar_lifetime: 20
  carbon_price: 1.0
timeseries_values:
  load_level: 237826.41864515425
  wind_year: 2015
  solar_year: 2018
  price_year: 2023
  carbon_year: 2023
storage_values:
  CAES:
    cost: 42.5494
    lifetime: 26.323
    annual_cost: 1.6164342970026213
    efficiency: 0.574314
    discharge_ratio: 0.1
    depth_of_discharge: 0.4
  Li-ion:
    cost: 171.596
    lifetime: 19.6882
    annual_cost: 8.715677410834918
    efficiency: 0.901299
    discharge_ratio: 2
    depth_of_discharge: 0.9
  Pb-acid:
    cost: 189.662
    lifetime: 9.24103
    annual_cost: 20.52390263855869
    efficiency: 0.709095
    discharge_ratio: 5
    depth_of_discharge: 0.5
  VRBF:
    cost: 231.141
    lifetime: 11.4215
    annual_cost: 20.23735936610778
    efficiency: 0.782663
    discharge_ratio: 0.5
    depth_of_discharge: 1.0
