cost_values:
  wind_capex: 5000.0
  wind_opex: 100
  wind_lifetime: 20
  solar_capex: 1000.0
  solar_opex: 10
  solar_lifetime: 20
  carbon_price: 1.0
timeseries_values:
  load_level: 237826.41864515425
  wind_year: 2015
  solar_year: 2018
  price_year: 2023
  carbon_year: 2023
storage_values:
  CAES:
    cost: 41.0446
    lifetime: 26.247
    annual_cost: 1.5637825275269557
    efficiency: 0.578524
    discharge_ratio: 0.1
    depth_of_discharge: 0.4
  Li-ion:
    cost: 185.435
    lifetime: 20.9339
    annual_cost: 8.858120082736614
    efficiency: 0.895497
    discharge_ratio: 2
    depth_of_discharge: 0.9
  Pb-acid:
    cost: 181.422
    lifetime: 9.85105
    annual_cost: 18.416513975667566
    efficiency: 0.70931
    discharge_ratio: 5
    depth_of_discharge: 0.5
  VRBF:
    cost: 195.338
    lifetime: 11.62
    annual_cost: 16.8104991394148
    efficiency: 0.789527
    discharge_ratio: 0.5
    depth_of_discharge: 1.0
