cost_values:
  wind_capex: 5000.0
  wind_opex: 100
  wind_lifetime: 20
  solar_capex: 1000.0
  solar_opex: 10
  solar_lifetime: 20
  carbon_price: 1.0
timeseries_values:
  load_level: 237826.41864515425
  wind_year: 2015
  solar_year: 2018
  price_year: 2023
  carbon_year: 2023
storage_values:
  CAES:
    cost: 43.2723
    lifetime: 25.5965
    annual_cost: 1.690555349364171
    efficiency: 0.582388
    discharge_ratio: 0.1
    depth_of_discharge: 0.4
  Li-ion:
    cost: 167.156
    lifetime: 20.4245
    annual_cost: 8.184092633846607
    efficiency: 0.930554
    discharge_ratio: 2
    depth_of_discharge: 0.9
  Pb-acid:
    cost: 181.302
    lifetime: 9.3523
    annual_cost: 19.385819531024453
    efficiency: 0.728173
    discharge_ratio: 5
    depth_of_discharge: 0.5
  VRBF:
    cost: 242.846
    lifetime: 12.4625
    annual_cost: 19.486138415245737
    efficiency: 0.767361
    discharge_ratio: 0.5
    depth_of_discharge: 1.0
