cost_values:
  wind_capex: 5000.0
  wind_opex: 100
  wind_lifetime: 20
  solar_capex: 1000.0
  solar_opex: 10
  solar_lifetime: 20
  carbon_price: 1.0
timeseries_values:
  load_level: 237826.41864515425
  wind_year: 2015
  solar_year: 2018
  price_year: 2023
  carbon_year: 2023
storage_values:
  CAES:
    cost: 49.3426
    lifetime: 25.5799
    annual_cost: 1.9289598473801697
    efficiency: 0.580073
    discharge_ratio: 0.1
    depth_of_discharge: 0.4
  Li-ion:
    cost: 176.637
    lifetime: 18.4848
    annual_cost: 9.555797195533628
    efficiency: 0.925498
    discharge_ratio: 2
    depth_of_discharge: 0.9
  Pb-acid:
    cost: 188.195
    lifetime: 9.46666
    annual_cost: 19.879767520963043
    efficiency: 0.705067
    discharge_ratio: 5
    depth_of_discharge: 0.5
  VRBF:
    cost: 222.447
    lifetime: 13.0297
    annual_cost: 17.072304043838308
    efficiency: 0.76058
    discharge_ratio: 0.5
    depth_of_discharge: 1.0
