cost_values:
  wind_capex: 5000.0
  wind_opex: 100
  wind_lifetime: 20
  solar_capex: 1000.0
  solar_opex: 10
  solar_lifetime: 20
  carbon_price: 1.0
timeseries_values:
  load_level: 237826.41864515425
  wind_year: 2015
  solar_year: 2018
  price_year: 2023
  carbon_year: 2023
storage_values:
  CAES:
    cost: 54.0798
    lifetime: 25.7167
    annual_cost: 2.102905893835523
    efficiency: 0.585152
    discharge_ratio: 0.1
    depth_of_discharge: 0.4
  Li-ion:
    cost: 186.866
    lifetime: 21.3923
    annual_cost: 8.73519911369979
    efficiency: 0.913142
    discharge_ratio: 2
    depth_of_discharge: 0.9
  Pb-acid:
    cost: 190.024
    lifetime: 9.26203
    annual_cost: 20.51645265670701
    efficiency: 0.712743
    discharge_ratio: 5
    depth_of_discharge: 0.5
  VRBF:
    cost: 258.071
    lifetime: 13.2531
    annual_cost: 19.47250077340396
    efficiency: 0.786252
    discharge_ratio: 0.5
    depth_of_discharge: 1.0
