cost_values:
  wind_capex: 5000.0
  wind_opex: 100
  wind_lifetime: 20
  solar_capex: 1000.0
  solar_opex: 10
  solar_lifetime: 20
  carbon_price: 1.0
timeseries_values:
  load_level: 237826.41864515425
  wind_year: 2015
  solar_year: 2018
  price_year: 2023
  carbon_year: 2023
storage_values:
  CAES:
    cost: 45.2324
    lifetime: 26.4648
    annual_cost: 1.7091532904083915
    efficiency: 0.570476
    discharge_ratio: 0.1
    depth_of_discharge: 0.4
  Li-ion:
    cost: 189.313
    lifetime: 19.8254
    annual_cost: 9.54901288246391
    efficiency: 0.923215
    discharge_ratio: 2
    depth_of_discharge: 0.9
  Pb-acid:
    cost: 199.107
    lifetime: 9.33286
    annual_cost: 21.333974794436003
    efficiency: 0.712972
    discharge_ratio: 5
    depth_of_discharge: 0.5
  VRBF:
    cost: 233.739
    lifetime: 12.6891
    annual_cost: 18.420455351443366
    efficiency: 0.780762
    discharge_ratio: 0.5
    depth_of_discharge: 1.0
