cost_values:
  wind_capex: 5000.0
  wind_opex: 100
  wind_lifetime: 20
  solar_capex: 1000.0
  solar_opex: 10
  solar_lifetime: 20
  carbon_price: 1.0
timeseries_values:
  load_level: 228154.8048203709
  wind_year: 2016
  solar_year: 2013
  price_year: 2023
  carbon_year: 2023
storage_values:
  CAES:
    cost: 48.48691849056558
    lifetime: 28.034492741872437
    annual_cost: 1.7295450621136195
    efficiency: 0.586744859946645
    discharge_ratio: 0.1
    depth_of_discharge: 0.4
  Li-ion:
    cost: 207.27206895449055
    lifetime: 20.501862566398703
    annual_cost: 10.10991407649941
    efficiency: 0.8590462765888672
    discharge_ratio: 2
    depth_of_discharge: 0.9
  Pb-acid:
    cost: 171.38593073327368
    lifetime: 7.21775848727367
    annual_cost: 23.7450353922843
    efficiency: 0.7831588488286239
    discharge_ratio: 5
    depth_of_discharge: 0.5
  VRBF:
    cost: 197.01297894143056
    lifetime: 18.472560508004932
    annual_cost: 10.665168959985628
    efficiency: 0.6789444554681305
    discharge_ratio: 0.5
    depth_of_discharge: 1.0
