cost_values:
  wind_capex: 5000.0
  wind_opex: 100
  wind_lifetime: 20
  solar_capex: 1000.0
  solar_opex: 10
  solar_lifetime: 20
  carbon_price: 1.0
timeseries_values:
  load_level: 240884.55874430586
  wind_year: 2011
  solar_year: 2018
  price_year: 2023
  carbon_year: 2023
storage_values:
  CAES:
    cost: 63.205735397988
    lifetime: 25.13762044853176
    annual_cost: 2.5143881668274504
    efficiency: 0.578584006093581
    discharge_ratio: 0.1
    depth_of_discharge: 0.4
  Li-ion:
    cost: 131.49117353231057
    lifetime: 22.83097836818086
    annual_cost: 5.759331528059593
    efficiency: 0.8612895621750316
    discharge_ratio: 2
    depth_of_discharge: 0.9
  Pb-acid:
    cost: 202.3819863076079
    lifetime: 15.788792880745834
    annual_cost: 12.818078483657183
    efficiency: 0.6722018701136016
    discharge_ratio: 5
    depth_of_discharge: 0.5
  VRBF:
    cost: 134.63881431420265
    lifetime: 29.37469658126854
    annual_cost: 4.58349634154377
    efficiency: 0.7529099784667356
    discharge_ratio: 0.5
    depth_of_discharge: 1.0
