cost_values:
  wind_capex: 5000.0
  wind_opex: 100
  wind_lifetime: 20
  solar_capex: 1000.0
  solar_opex: 10
  solar_lifetime: 20
  carbon_price: 1.0
timeseries_values:
  load_level: 251380.34558391193
  wind_year: 2013
  solar_year: 2018
  price_year: 2023
  carbon_year: 2023
storage_values:
  CAES:
    cost: 62.583667458928026
    lifetime: 24.44323220582158
    annual_cost: 2.5603679141919145
    efficiency: 0.6105816176848612
    discharge_ratio: 0.1
    depth_of_discharge: 0.4
  Li-ion:
    cost: 164.23046439508929
    lifetime: 18.681998378143057
    annual_cost: 8.790840308991259
    efficiency: 0.9265008638246474
    discharge_ratio: 2
    depth_of_discharge: 0.9
  Pb-acid:
    cost: 128.42802499681244
    lifetime: 14.810938571907329
    annual_cost: 8.671160465171903
    efficiency: 0.72348594710229
    discharge_ratio: 5
    depth_of_discharge: 0.5
  VRBF:
    cost: 180.40980116859532
    lifetime: 25.632590077541238
    annual_cost: 7.038297753868688
    efficiency: 0.7411974559712504
    discharge_ratio: 0.5
    depth_of_discharge: 1.0
