cost_values:
  wind_capex: 5000.0
  wind_opex: 100
  wind_lifetime: 20
  solar_capex: 1000.0
  solar_opex: 10
  solar_lifetime: 20
  carbon_price: 1.0
timeseries_values:
  load_level: 269681.1214960883
  wind_year: 2014
  solar_year: 2015
  price_year: 2023
  carbon_year: 2023
storage_values:
  CAES:
    cost: 75.74648909732547
    lifetime: 28.215483385961015
    annual_cost: 2.6845717318107023
    efficiency: 0.6043489193597854
    discharge_ratio: 0.1
    depth_of_discharge: 0.4
  Li-ion:
    cost: 268.02635677232524
    lifetime: 27.261164665608593
    annual_cost: 9.831801394400978
    efficiency: 0.94053081493436
    discharge_ratio: 2
    depth_of_discharge: 0.9
  Pb-acid:
    cost: 82.305136933933
    lifetime: 11.630331764736367
    annual_cost: 7.076766045787746
    efficiency: 0.7441823808597381
    discharge_ratio: 5
    depth_of_discharge: 0.5
  VRBF:
    cost: 220.2658567851133
    lifetime: 23.42524204963196
    annual_cost: 9.402927675984204
    efficiency: 0.6996327383992729
    discharge_ratio: 0.5
    depth_of_discharge: 1.0
