cost_values:
  wind_capex: 5000.0
  wind_opex: 100
  wind_lifetime: 20
  solar_capex: 1000.0
  solar_opex: 10
  solar_lifetime: 20
  carbon_price: 1.0
timeseries_values:
  load_level: 274182.9201170437
  wind_year: 2018
  solar_year: 2011
  price_year: 2023
  carbon_year: 2023
storage_values:
  CAES:
    cost: 52.01963831486231
    lifetime: 22.7315037998388
    annual_cost: 2.28843805376533
    efficiency: 0.6469565610724158
    discharge_ratio: 0.1
    depth_of_discharge: 0.4
  Li-ion:
    cost: 241.32748818230166
    lifetime: 15.637101591130907
    annual_cost: 15.433006351968604
    efficiency: 0.9356146903482624
    discharge_ratio: 2
    depth_of_discharge: 0.9
  Pb-acid:
    cost: 230.72040985951705
    lifetime: 8.962078878235282
    annual_cost: 25.744072663746525
    efficiency: 0.7350110554099635
    discharge_ratio: 5
    depth_of_discharge: 0.5
  VRBF:
    cost: 372.64761923903285
    lifetime: 13.473096588835011
    annual_cost: 27.65864675443961
    efficiency: 0.772015638543467
    discharge_ratio: 0.5
    depth_of_discharge: 1.0
