cost_values:
  wind_capex: 5000.0
  wind_opex: 100
  wind_lifetime: 20
  solar_capex: 1000.0
  solar_opex: 10
  solar_lifetime: 20
  carbon_price: 1.0
timeseries_values:
  load_level: 237826.41864515425
  wind_year: 2015
  solar_year: 2018
  price_year: 2023
  carbon_year: 2023
storage_values:
  CAES:
    cost: 46.09134424336806
    lifetime: 26.03345289046992
    annual_cost: 1.770466039879049
    efficiency: 0.5792225415975021
    discharge_ratio: 0.1
    depth_of_discharge: 0.4
  Li-ion:
    cost: 181.95255234898246
    lifetime: 19.985238435058346
    annual_cost: 9.104347338173314
    efficiency: 0.9140272444847777
    discharge_ratio: 2
    depth_of_discharge: 0.9
  Pb-acid:
    cost: 188.8118925902553
    lifetime: 8.554779777151456
    annual_cost: 22.070923800346534
    efficiency: 0.7142959218713811
    discharge_ratio: 5
    depth_of_discharge: 0.5
  VRBF:
    cost: 235.9005126241365
    lifetime: 11.404331229927847
    annual_cost: 20.685168456443456
    efficiency: 0.7824178375109602
    discharge_ratio: 0.5
    depth_of_discharge: 1.0
