cost_values:
  wind_capex: 5000.0
  wind_opex: 100
  wind_lifetime: 20
  solar_capex: 1000.0
  solar_opex: 10
  solar_lifetime: 20
  carbon_price: 1.0
timeseries_values:
  load_level: 289351.7636873103
  wind_year: 2011
  solar_year: 2010
  price_year: 2023
  carbon_year: 2023
storage_values:
  CAES:
    cost: 61.877494793561894
    lifetime: 28.925501313844574
    annual_cost: 2.139202156677767
    efficiency: 0.6032183381169602
    discharge_ratio: 0.1
    depth_of_discharge: 0.4
  Li-ion:
    cost: 184.3843702225628
    lifetime: 22.751769432496374
    annual_cost: 8.104177161676333
    efficiency: 0.9647985273293676
    discharge_ratio: 2
    depth_of_discharge: 0.9
  Pb-acid:
    cost: 166.4076899930916
    lifetime: 6.477192367971664
    annual_cost: 25.691330524000207
    efficiency: 0.7531713802412148
    discharge_ratio: 5
    depth_of_discharge: 0.5
  VRBF:
    cost: 283.8630290964816
    lifetime: 22.746355511167582
    annual_cost: 12.479494966000853
    efficiency: 0.706144551592361
    discharge_ratio: 0.5
    depth_of_discharge: 1.0
