cost_values:
  wind_capex: 5000.0
  wind_opex: 100
  wind_lifetime: 20
  solar_capex: 1000.0
  solar_opex: 10
  solar_lifetime: 20
  carbon_price: 1.0
timeseries_values:
  load_level: 298476.246754379
  wind_year: 2012
  solar_year: 2012
  price_year: 2023
  carbon_year: 2023
storage_values:
  CAES:
    cost: 34.92557479217722
    lifetime: 23.24583594750136
    annual_cost: 1.5024443462069297
    efficiency: 0.597596977574417
    discharge_ratio: 0.1
    depth_of_discharge: 0.4
  Li-ion:
    cost: 222.3354944917702
    lifetime: 18.67232438695573
    annual_cost: 11.90722107672311
    efficiency: 0.8768396073578942
    discharge_ratio: 2
    depth_of_discharge: 0.9
  Pb-acid:
    cost: 208.27080887846918
    lifetime: 9.384329802242009
    annual_cost: 22.193466477351556
    efficiency: 0.6796749425368118
    discharge_ratio: 5
    depth_of_discharge: 0.5
  VRBF:
    cost: 335.14454156500005
    lifetime: 28.76119655172982
    annual_cost: 11.652663371018305
    efficiency: 0.7879869658849853
    discharge_ratio: 0.5
    depth_of_discharge: 1.0
