cost_values:
  wind_capex: 5000.0
  wind_opex: 100
  wind_lifetime: 20
  solar_capex: 1000.0
  solar_opex: 10
  solar_lifetime: 20
  carbon_price: 1.0
timeseries_values:
  load_level: 260043.50591541393
  wind_year: 2011
  solar_year: 2011
  price_year: 2023
  carbon_year: 2023
storage_values:
  CAES:
    cost: 52.61980914645229
    lifetime: 24.71025676594416
    annual_cost: 2.129472374361292
    efficiency: 0.6493308091034706
    discharge_ratio: 0.1
    depth_of_discharge: 0.4
  Li-ion:
    cost: 156.20925619919348
    lifetime: 10.76569493548918
    annual_cost: 14.509909219538509
    efficiency: 0.9235483980104581
    discharge_ratio: 2
    depth_of_discharge: 0.9
  Pb-acid:
    cost: 101.25252967243671
    lifetime: 12.374202520486358
    annual_cost: 8.182549906129793
    efficiency: 0.7536577426845563
    discharge_ratio: 5
    depth_of_discharge: 0.5
  VRBF:
    cost: 302.9407498485917
    lifetime: 16.982683160487376
    annual_cost: 17.838214785365974
    efficiency: 0.7521434210689498
    discharge_ratio: 0.5
    depth_of_discharge: 1.0
