cost_values:
  wind_capex: 5000.0
  wind_opex: 100
  wind_lifetime: 20
  solar_capex: 1000.0
  solar_opex: 10
  solar_lifetime: 20
  carbon_price: 1.0
timeseries_values:
  load_level: 247200.15776392038
  wind_year: 2011
  solar_year: 2015
  price_year: 2023
  carbon_year: 2023
storage_values:
  CAES:
    cost: 44.74578557720322
    lifetime: 23.020010570046335
    annual_cost: 1.9437778032746211
    efficiency: 0.5980286195184125
    discharge_ratio: 0.1
    depth_of_discharge: 0.4
  Li-ion:
    cost: 148.63854828376208
    lifetime: 17.629004000321036
    annual_cost: 8.431477369966862
    efficiency: 0.9512847320464309
    discharge_ratio: 2
    depth_of_discharge: 0.9
  Pb-acid:
    cost: 228.66544372638162
    lifetime: 11.18753244193135
    annual_cost: 20.43931000095551
    efficiency: 0.7147718491647715
    discharge_ratio: 5
    depth_of_discharge: 0.5
  VRBF:
    cost: 298.06888871327584
    lifetime: 20.36959244144342
    annual_cost: 14.633031542979376
    efficiency: 0.6445824861640335
    discharge_ratio: 0.5
    depth_of_discharge: 1.0
