cost_values:
  wind_capex: 5000.0
  wind_opex: 100
  wind_lifetime: 20
  solar_capex: 1000.0
  solar_opex: 10
  solar_lifetime: 20
  carbon_price: 1.0
timeseries_values:
  load_level: 272220.5735139393
  wind_year: 2014
  solar_year: 2016
  price_year: 2023
  carbon_year: 2023
storage_values:
  CAES:
    cost: 27.403626750047884
    lifetime: 21.329485356210103
    annual_cost: 1.2847767441359896
    efficiency: 0.5896262335192259
    discharge_ratio: 0.1
    depth_of_discharge: 0.4
  Li-ion:
    cost: 230.62579713084452
    lifetime: 20.183533846293077
    annual_cost: 11.426432996677706
    efficiency: 0.9396139825250617
    discharge_ratio: 2
    depth_of_discharge: 0.9
  Pb-acid:
    cost: 248.95394902213002
    lifetime: 11.837312673182254
    annual_cost: 21.031289440055243
    efficiency: 0.6870201990072918
    discharge_ratio: 5
    depth_of_discharge: 0.5
  VRBF:
    cost: 300.01735651893244
    lifetime: 16.010953690527163
    annual_cost: 18.738256466036553
    efficiency: 0.714218417227896
    discharge_ratio: 0.5
    depth_of_discharge: 1.0
