cost_values:
  wind_capex: 5000.0
  wind_opex: 100
  wind_lifetime: 20
  solar_capex: 1000.0
  solar_opex: 10
  solar_lifetime: 20
  carbon_price: 1.0
timeseries_values:
  load_level: 255439.71381292492
  wind_year: 2012
  solar_year: 2014
  price_year: 2023
  carbon_year: 2023
storage_values:
  CAES:
    cost: 30.258637698301698
    lifetime: 28.3552483661111
    annual_cost: 1.0671265265468612
    efficiency: 0.5702857535268465
    discharge_ratio: 0.1
    depth_of_discharge: 0.4
  Li-ion:
    cost: 284.61173253834613
    lifetime: 19.19649409100255
    annual_cost: 14.826234998386735
    efficiency: 0.8802154490098255
    discharge_ratio: 2
    depth_of_discharge: 0.9
  Pb-acid:
    cost: 154.85258829420573
    lifetime: 16.850177507241423
    annual_cost: 9.189967774977877
    efficiency: 0.7494347791160556
    discharge_ratio: 5
    depth_of_discharge: 0.5
  VRBF:
    cost: 330.77453597299024
    lifetime: 20.137589581309996
    annual_cost: 16.42572635803379
    efficiency: 0.7633450708253735
    discharge_ratio: 0.5
    depth_of_discharge: 1.0
