cost_values:
  wind_capex: 5000.0
  wind_opex: 100
  wind_lifetime: 20
  solar_capex: 1000.0
  solar_opex: 10
  solar_lifetime: 20
  carbon_price: 1.0
timeseries_values:
  load_level: 229400.42958230426
  wind_year: 2010
  solar_year: 2012
  price_year: 2023
  carbon_year: 2023
storage_values:
  CAES:
    cost: 38.55194129711211
    lifetime: 24.539244351041255
    annual_cost: 1.5710321290099654
    efficiency: 0.6284759928374312
    discharge_ratio: 0.1
    depth_of_discharge: 0.4
  Li-ion:
    cost: 229.59869014608063
    lifetime: 19.981264089083698
    annual_cost: 11.490698942892035
    efficiency: 0.8775301224865742
    discharge_ratio: 2
    depth_of_discharge: 0.9
  Pb-acid:
    cost: 156.8909375125025
    lifetime: 19.04773227401089
    annual_cost: 8.236725257135603
    efficiency: 0.683715545719835
    discharge_ratio: 5
    depth_of_discharge: 0.5
  VRBF:
    cost: 240.03849733803574
    lifetime: 25.78421002343751
    annual_cost: 9.30951528551171
    efficiency: 0.7727633583416187
    discharge_ratio: 0.5
    depth_of_discharge: 1.0
