cost_values:
  wind_capex: 5000.0
  wind_opex: 100
  wind_lifetime: 20
  solar_capex: 1000.0
  solar_opex: 10
  solar_lifetime: 20
  carbon_price: 1.0
timeseries_values:
  load_level: 245060.03140897164
  wind_year: 2018
  solar_year: 2013
  price_year: 2023
  carbon_year: 2023
storage_values:
  CAES:
    cost: 37.73739399169218
    lifetime: 26.499440729874333
    annual_cost: 1.4240826580595967
    efficiency: 0.6120323625661942
    discharge_ratio: 0.1
    depth_of_discharge: 0.4
  Li-ion:
    cost: 304.15209998546595
    lifetime: 19.327079412349445
    annual_cost: 15.737095786501584
    efficiency: 0.9114361776019819
    discharge_ratio: 2
    depth_of_discharge: 0.9
  Pb-acid:
    cost: 196.40436986371967
    lifetime: 10.272463143272873
    annual_cost: 19.1195010509567
    efficiency: 0.7869256881475125
    discharge_ratio: 5
    depth_of_discharge: 0.5
  VRBF:
    cost: 322.6101740470337
    lifetime: 20.25718484269088
    annual_cost: 15.925716063327362
    efficiency: 0.7912641289272463
    discharge_ratio: 0.5
    depth_of_discharge: 1.0
