cost_values:
  wind_capex: 5000.0
  wind_opex: 100
  wind_lifetime: 20
  solar_capex: 1000.0
  solar_opex: 10
  solar_lifetime: 20
  carbon_price: 1.0
timeseries_values:
  load_level: 284606.18761491956
  wind_year: 2010
  solar_year: 2018
  price_year: 2023
  carbon_year: 2023
storage_values:
  CAES:
    cost: 38.10665962380614
    lifetime: 27.5228379519138
    annual_cost: 1.384546887584185
    efficiency: 0.6236901892721664
    discharge_ratio: 0.1
    depth_of_discharge: 0.4
  Li-ion:
    cost: 151.61192506712212
    lifetime: 22.05441109347823
    annual_cost: 6.874449035365796
    efficiency: 0.956632513190518
    discharge_ratio: 2
    depth_of_discharge: 0.9
  Pb-acid:
    cost: 157.56276145465048
    lifetime: 13.916612700848091
    annual_cost: 11.321918978534804
    efficiency: 0.6931060749927503
    discharge_ratio: 5
    depth_of_discharge: 0.5
  VRBF:
    cost: 162.87703689265518
    lifetime: 25.194213800140766
    annual_cost: 6.46485888326252
    efficiency: 0.813823509767635
    discharge_ratio: 0.5
    depth_of_discharge: 1.0
