cost_values:
  wind_capex: 5000.0
  wind_opex: 100
  wind_lifetime: 20
  solar_capex: 1000.0
  solar_opex: 10
  solar_lifetime: 20
  carbon_price: 1.0
timeseries_values:
  load_level: 248857.37643537179
  wind_year: 2018
  solar_year: 2019
  price_year: 2023
  carbon_year: 2023
storage_values:
  CAES:
    cost: 50.10804451002617
    lifetime: 26.287487904481523
    annual_cost: 1.906155684867997
    efficiency: 0.6095554555396925
    discharge_ratio: 0.1
    depth_of_discharge: 0.4
  Li-ion:
    cost: 202.51812728678348
    lifetime: 18.88242545295592
    annual_cost: 10.725217890643417
    efficiency: 0.9203328960518856
    discharge_ratio: 2
    depth_of_discharge: 0.9
  Pb-acid:
    cost: 134.8086434657354
    lifetime: 12.901718146402947
    annual_cost: 10.448890755168188
    efficiency: 0.7468983081268499
    discharge_ratio: 5
    depth_of_discharge: 0.5
  VRBF:
    cost: 312.9634916464499
    lifetime: 19.17827763862504
    annual_cost: 16.318644329986213
    efficiency: 0.667985197167986
    discharge_ratio: 0.5
    depth_of_discharge: 1.0
