cost_values:
  wind_capex: 5000.0
  wind_opex: 100
  wind_lifetime: 20
  solar_capex: 1000.0
  solar_opex: 10
  solar_lifetime: 20
  carbon_price: 1.0
timeseries_values:
  load_level: 212644.5764580515
  wind_year: 2018
  solar_year: 2019
  price_year: 2023
  carbon_year: 2023
storage_values:
  CAES:
    cost: 26.428560489828637
    lifetime: 29.44170175939447
    annual_cost: 0.8976573672884117
    efficiency: 0.6357450826940161
    discharge_ratio: 0.1
    depth_of_discharge: 0.4
  Li-ion:
    cost: 223.68775509672705
    lifetime: 20.767200971116885
    annual_cost: 10.771203852066195
    efficiency: 0.8957062386568169
    discharge_ratio: 2
    depth_of_discharge: 0.9
  Pb-acid:
    cost: 138.36824470808605
    lifetime: 14.114086657759275
    annual_cost: 9.80355640880365
    efficiency: 0.7351538289264264
    discharge_ratio: 5
    depth_of_discharge: 0.5
  VRBF:
    cost: 214.78764537500533
    lifetime: 20.478176760389303
    annual_cost: 10.488611749385157
    efficiency: 0.7660669140931808
    discharge_ratio: 0.5
    depth_of_discharge: 1.0
