cost_values:
  wind_capex: 5000.0
  wind_opex: 100
  wind_lifetime: 20
  solar_capex: 1000.0
  solar_opex: 10
  solar_lifetime: 20
  carbon_price: 1.0
timeseries_values:
  load_level: 257020.76969209855
  wind_year: 2016
  solar_year: 2011
  price_year: 2023
  carbon_year: 2023
storage_values:
  CAES:
    cost: 20.34263450192949
    lifetime: 25.202677965735106
    annual_cost: 0.8071616250299589
    efficiency: 0.6369177664034891
    discharge_ratio: 0.1
    depth_of_discharge: 0.4
  Li-ion:
    cost: 197.50826229462265
    lifetime: 19.44792460205559
    annual_cost: 10.155750103728117
    efficiency: 0.9429596963403696
    discharge_ratio: 2
    depth_of_discharge: 0.9
  Pb-acid:
    cost: 137.70553540456143
    lifetime: 12.946277038591454
    annual_cost: 10.636689991576429
    efficiency: 0.7916864989615928
    discharge_ratio: 5
    depth_of_discharge: 0.5
  VRBF:
    cost: 263.038483385733
    lifetime: 28.714789138437904
    annual_cost: 9.160383595978669
    efficiency: 0.8179299917396206
    discharge_ratio: 0.5
    depth_of_discharge: 1.0
