cost_values:
  wind_capex: 5000.0
  wind_opex: 100
  wind_lifetime: 20
  solar_capex: 1000.0
  solar_opex: 10
  solar_lifetime: 20
  carbon_price: 1.0
timeseries_values:
  load_level: 249582.81453812067
  wind_year: 2014
  solar_year: 2014
  price_year: 2023
  carbon_year: 2023
storage_values:
  CAES:
    cost: 50.87332799009683
    lifetime: 24.61678838415183
    annual_cost: 2.0666110946807685
    efficiency: 0.5987611259392386
    discharge_ratio: 0.1
    depth_of_discharge: 0.4
  Li-ion:
    cost: 233.28516974233582
    lifetime: 26.09674478215438
    annual_cost: 8.939244020268083
    efficiency: 0.9520639852138636
    discharge_ratio: 2
    depth_of_discharge: 0.9
  Pb-acid:
    cost: 92.73021606437322
    lifetime: 13.293900961130808
    annual_cost: 6.975395434004
    efficiency: 0.6658858486353736
    discharge_ratio: 5
    depth_of_discharge: 0.5
  VRBF:
    cost: 267.87271246568315
    lifetime: 18.98515417385834
    annual_cost: 14.109588471740262
    efficiency: 0.8060892835246246
    discharge_ratio: 0.5
    depth_of_discharge: 1.0
