cost_values:
  wind_capex: 5000.0
  wind_opex: 100
  wind_lifetime: 20
  solar_capex: 1000.0
  solar_opex: 10
  solar_lifetime: 20
  carbon_price: 1.0
timeseries_values:
  load_level: 229033.60141853383
  wind_year: 2019
  solar_year: 2016
  price_year: 2023
  carbon_year: 2023
storage_values:
  CAES:
    cost: 69.44718234054353
    lifetime: 23.415189637042424
    annual_cost: 2.965903049133512
    efficiency: 0.5693648796050722
    discharge_ratio: 0.1
    depth_of_discharge: 0.4
  Li-ion:
    cost: 170.40460933368615
    lifetime: 20.65426169804357
    annual_cost: 8.25033650802572
    efficiency: 0.9641070401384947
    discharge_ratio: 2
    depth_of_discharge: 0.9
  Pb-acid:
    cost: 181.40619751512284
    lifetime: 5.663906962807581
    annual_cost: 32.028456453529095
    efficiency: 0.7396471240114377
    discharge_ratio: 5
    depth_of_discharge: 0.5
  VRBF:
    cost: 203.482601500791
    lifetime: 16.77654745198135
    annual_cost: 12.128991503359602
    efficiency: 0.6953159104825529
    discharge_ratio: 0.5
    depth_of_discharge: 1.0
