cost_values:
  wind_capex: 5000.0
  wind_opex: 100
  wind_lifetime: 20
  solar_capex: 1000.0
  solar_opex: 10
  solar_lifetime: 20
  carbon_price: 1.0
timeseries_values:
  load_level: 259495.22321838085
  wind_year: 2012
  solar_year: 2012
  price_year: 2023
  carbon_year: 2023
storage_values:
  CAES:
    cost: 43.92003109483307
    lifetime: 25.78729659161947
    annual_cost: 1.7031653914860738
    efficiency: 0.5879285247603356
    discharge_ratio: 0.1
    depth_of_discharge: 0.4
  Li-ion:
    cost: 207.8791837895383
    lifetime: 25.5644647669146
    annual_cost: 8.131568006014914
    efficiency: 0.8936089560629641
    discharge_ratio: 2
    depth_of_discharge: 0.9
  Pb-acid:
    cost: 203.50907402577303
    lifetime: 11.262954864026357
    annual_cost: 18.06888835857602
    efficiency: 0.730847655150541
    discharge_ratio: 5
    depth_of_discharge: 0.5
  VRBF:
    cost: 209.1074720491528
    lifetime: 18.96593399098264
    annual_cost: 11.025424434598001
    efficiency: 0.7349404971933587
    discharge_ratio: 0.5
    depth_of_discharge: 1.0
