cost_values:
  wind_capex: 5000.0
  wind_opex: 100
  wind_lifetime: 20
  solar_capex: 1000.0
  solar_opex: 10
  solar_lifetime: 20
  carbon_price: 1.0
timeseries_values:
  load_level: 251811.87570603524
  wind_year: 2019
  solar_year: 2016
  price_year: 2023
  carbon_year: 2023
storage_values:
  CAES:
    cost: 43.18790613716977
    lifetime: 25.007938910772307
    annual_cost: 1.7269678357446059
    efficiency: 0.6168256105258835
    discharge_ratio: 0.1
    depth_of_discharge: 0.4
  Li-ion:
    cost: 215.30812062605753
    lifetime: 22.628580299544275
    annual_cost: 9.51487533799872
    efficiency: 0.9473972811448347
    discharge_ratio: 2
    depth_of_discharge: 0.9
  Pb-acid:
    cost: 157.68087150505386
    lifetime: 11.283274166902583
    annual_cost: 13.974744313807582
    efficiency: 0.7719677148403953
    discharge_ratio: 5
    depth_of_discharge: 0.5
  VRBF:
    cost: 257.27059293120544
    lifetime: 20.274724963893213
    annual_cost: 12.689227271362382
    efficiency: 0.8482510546818383
    discharge_ratio: 0.5
    depth_of_discharge: 1.0
