cost_values:
  wind_capex: 5000.0
  wind_opex: 100
  wind_lifetime: 20
  solar_capex: 1000.0
  solar_opex: 10
  solar_lifetime: 20
  carbon_price: 1.0
timeseries_values:
  load_level: 252050.47366953324
  wind_year: 2018
  solar_year: 2010
  price_year: 2023
  carbon_year: 2023
storage_values:
  CAES:
    cost: 63.4679
    lifetime: 25.288
    annual_cost: 2.5098030686491617
    efficiency: 0.591978
    discharge_ratio: 0.1
    depth_of_discharge: 0.4
  Li-ion:
    cost: 291.979
    lifetime: 16.2364
    annual_cost: 17.982988839890616
    efficiency: 0.916721
    discharge_ratio: 2
    depth_of_discharge: 0.9
  Pb-acid:
    cost: 202.71
    lifetime: 6.02833
    annual_cost: 33.62622815937415
    efficiency: 0.745435
    discharge_ratio: 5
    depth_of_discharge: 0.5
  VRBF:
    cost: 334.41
    lifetime: 16.2296
    annual_cost: 20.60494405284172
    efficiency: 0.79599
    discharge_ratio: 0.5
    depth_of_discharge: 1.0
