cost_values:
  wind_capex: 5000.0
  wind_opex: 100
  wind_lifetime: 20
  solar_capex: 1000.0
  solar_opex: 10
  solar_lifetime: 20
  carbon_price: 1.0
timeseries_values:
  load_level: 252050.47366953324
  wind_year: 2018
  solar_year: 2010
  price_year: 2023
  carbon_year: 2023
storage_values:
  CAES:
    cost: 69.1344
    lifetime: 24.686
    annual_cost: 2.800550919549542
    efficiency: 0.591652
    discharge_ratio: 0.1
    depth_of_discharge: 0.4
  Li-ion:
    cost: 270.189
    lifetime: 16.1574
    annual_cost: 16.72230680678822
    efficiency: 0.913435
    discharge_ratio: 2
    depth_of_discharge: 0.9
  Pb-acid:
    cost: 195.184
    lifetime: 6.8544
    annual_cost: 28.475723622782446
    efficiency: 0.755053
    discharge_ratio: 5
    depth_of_discharge: 0.5
  VRBF:
    cost: 347.356
    lifetime: 14.7035
    annual_cost: 23.624035093685176
    efficiency: 0.787929
    discharge_ratio: 0.5
    depth_of_discharge: 1.0
