cost_values:
  wind_capex: 5000.0
  wind_opex: 100
  wind_lifetime: 20
  solar_capex: 1000.0
  solar_opex: 10
  solar_lifetime: 20
  carbon_price: 1.0
timeseries_values:
  load_level: 252050.47366953324
  wind_year: 2018
  solar_year: 2010
  price_year: 2023
  carbon_year: 2023
storage_values:
  CAES:
    cost: 71.0349
    lifetime: 24.2366
    annual_cost: 2.9308937722287776
    efficiency: 0.580805
    discharge_ratio: 0.1
    depth_of_discharge: 0.4
  Li-ion:
    cost: 259.088
    lifetime: 14.0177
    annual_cost: 18.482918025068308
    efficiency: 0.924747
    discharge_ratio: 2
    depth_of_discharge: 0.9
  Pb-acid:
    cost: 156.527
    lifetime: 7.43632
    annual_cost: 21.04898659552036
    efficiency: 0.747614
    discharge_ratio: 5
    depth_of_discharge: 0.5
  VRBF:
    cost: 354.025
    lifetime: 15.092
    annual_cost: 23.457792207792206
    efficiency: 0.827589
    discharge_ratio: 0.5
    depth_of_discharge: 1.0
