cost_values:
  wind_capex: 5000.0
  wind_opex: 100
  wind_lifetime: 20
  solar_capex: 1000.0
  solar_opex: 10
  solar_lifetime: 20
  carbon_price: 1.0
timeseries_values:
  load_level: 252050.47366953324
  wind_year: 2018
  solar_year: 2010
  price_year: 2023
  carbon_year: 2023
storage_values:
  CAES:
    cost: 70.4702
    lifetime: 24.0904
    annual_cost: 2.9252399295985128
    efficiency: 0.589962
    discharge_ratio: 0.1
    depth_of_discharge: 0.4
  Li-ion:
    cost: 278.262
    lifetime: 16.7204
    annual_cost: 16.64206597928279
    efficiency: 0.922225
    discharge_ratio: 2
    depth_of_discharge: 0.9
  Pb-acid:
    cost: 176.58
    lifetime: 7.85457
    annual_cost: 22.481179746313295
    efficiency: 0.744431
    discharge_ratio: 5
    depth_of_discharge: 0.5
  VRBF:
    cost: 366.546
    lifetime: 16.8685
    annual_cost: 21.729614369979547
    efficiency: 0.796
    discharge_ratio: 0.5
    depth_of_discharge: 1.0
