cost_values:
  wind_capex: 5000.0
  wind_opex: 100
  wind_lifetime: 20
  solar_capex: 1000.0
  solar_opex: 10
  solar_lifetime: 20
  carbon_price: 1.0
timeseries_values:
  load_level: 252050.47366953324
  wind_year: 2018
  solar_year: 2010
  price_year: 2023
  carbon_year: 2023
storage_values:
  CAES:
    cost: 65.0245
    lifetime: 23.8049
    annual_cost: 2.7315594688488507
    efficiency: 0.595986
    discharge_ratio: 0.1
    depth_of_discharge: 0.4
  Li-ion:
    cost: 288.481
    lifetime: 16.8057
    annual_cost: 17.165664030656263
    efficiency: 0.917669
    discharge_ratio: 2
    depth_of_discharge: 0.9
  Pb-acid:
    cost: 144.251
    lifetime: 6.96032
    annual_cost: 20.7247655280217
    efficiency: 0.730152
    discharge_ratio: 5
    depth_of_discharge: 0.5
  VRBF:
    cost: 356.709
    lifetime: 14.5896
    annual_cost: 24.44953939792729
    efficiency: 0.797823
    discharge_ratio: 0.5
    depth_of_discharge: 1.0
