cost_values:
  wind_capex: 5000.0
  wind_opex: 100
  wind_lifetime: 20
  solar_capex: 1000.0
  solar_opex: 10
  solar_lifetime: 20
  carbon_price: 1.0
timeseries_values:
  load_level: 252050.47366953324
  wind_year: 2018
  solar_year: 2010
  price_year: 2023
  carbon_year: 2023
storage_values:
  CAES:
    cost: 63.5507
    lifetime: 25.0089
    annual_cost: 2.54112336008381
    efficiency: 0.590905
    discharge_ratio: 0.1
    depth_of_discharge: 0.4
  Li-ion:
    cost: 273.427
    lifetime: 14.5546
    annual_cost: 18.786294367416488
    efficiency: 0.924546
    discharge_ratio: 2
    depth_of_discharge: 0.9
  Pb-acid:
    cost: 173.27
    lifetime: 6.84393
    annual_cost: 25.317324987251478
    efficiency: 0.76898
    discharge_ratio: 5
    depth_of_discharge: 0.5
  VRBF:
    cost: 379.33
    lifetime: 18.4627
    annual_cost: 20.545748996625626
    efficiency: 0.808674
    discharge_ratio: 0.5
    depth_of_discharge: 1.0
