cost_values:
  wind_capex: 5000.0
  wind_opex: 100
  wind_lifetime: 20
  solar_capex: 1000.0
  solar_opex: 10
  solar_lifetime: 20
  carbon_price: 1.0
timeseries_values:
  load_level: 252050.47366953324
  wind_year: 2018
  solar_year: 2010
  price_year: 2023
  carbon_year: 2023
storage_values:
  CAES:
    cost: 63.7528
    lifetime: 23.489
    annual_cost: 2.714155562178041
    efficiency: 0.59996
    discharge_ratio: 0.1
    depth_of_discharge: 0.4
  Li-ion:
    cost: 285.374
    lifetime: 15.3924
    annual_cost: 18.539928796029212
    efficiency: 0.910881
    discharge_ratio: 2
    depth_of_discharge: 0.9
  Pb-acid:
    cost: 186.946
    lifetime: 5.30259
    annual_cost: 35.255601507942345
    efficiency: 0.757757
    discharge_ratio: 5
    depth_of_discharge: 0.5
  VRBF:
    cost: 347.075
    lifetime: 16.4884
    annual_cost: 21.049647024574853
    efficiency: 0.806875
    discharge_ratio: 0.5
    depth_of_discharge: 1.0
