cost_values:
  wind_capex: 5000.0
  wind_opex: 100
  wind_lifetime: 20
  solar_capex: 1000.0
  solar_opex: 10
  solar_lifetime: 20
  carbon_price: 1.0
timeseries_values:
  load_level: 252050.47366953324
  wind_year: 2018
  solar_year: 2010
  price_year: 2023
  carbon_year: 2023
storage_values:
  CAES:
    cost: 69.5794
    lifetime: 24.4392
    annual_cost: 2.8470408196667654
    efficiency: 0.586103
    discharge_ratio: 0.1
    depth_of_discharge: 0.4
  Li-ion:
    cost: 266.008
    lifetime: 15.8518
    annual_cost: 16.780933395576525
    efficiency: 0.922402
    discharge_ratio: 2
    depth_of_discharge: 0.9
  Pb-acid:
    cost: 186.331
    lifetime: 7.72225
    annual_cost: 24.12910744925378
    efficiency: 0.75564
    discharge_ratio: 5
    depth_of_discharge: 0.5
  VRBF:
    cost: 342.547
    lifetime: 15.4399
    annual_cost: 22.18583021910764
    efficiency: 0.796722
    discharge_ratio: 0.5
    depth_of_discharge: 1.0
