cost_values:
  wind_capex: 5000.0
  wind_opex: 100
  wind_lifetime: 20
  solar_capex: 1000.0
  solar_opex: 10
  solar_lifetime: 20
  carbon_price: 1.0
timeseries_values:
  load_level: 252050.47366953324
  wind_year: 2018
  solar_year: 2010
  price_year: 2023
  carbon_year: 2023
storage_values:
  CAES:
    cost: 69.0275
    lifetime: 24.9251
    annual_cost: 2.7693971137528033
    efficiency: 0.588589
    discharge_ratio: 0.1
    depth_of_discharge: 0.4
  Li-ion:
    cost: 288.546
    lifetime: 16.2616
    annual_cost: 17.74401042947803
    efficiency: 0.926715
    discharge_ratio: 2
    depth_of_discharge: 0.9
  Pb-acid:
    cost: 170.889
    lifetime: 6.42365
    annual_cost: 26.60309948393826
    efficiency: 0.734865
    discharge_ratio: 5
    depth_of_discharge: 0.5
  VRBF:
    cost: 341.501
    lifetime: 16.8387
    annual_cost: 20.280722383556924
    efficiency: 0.801212
    discharge_ratio: 0.5
    depth_of_discharge: 1.0
