cost_values:
  wind_capex: 5000.0
  wind_opex: 100
  wind_lifetime: 20
  solar_capex: 1000.0
  solar_opex: 10
  solar_lifetime: 20
  carbon_price: 1.0
timeseries_values:
  load_level: 252050.47366953324
  wind_year: 2018
  solar_year: 2010
  price_year: 2023
  carbon_year: 2023
storage_values:
  CAES:
    cost: 69.8557
    lifetime: 25.1128
    annual_cost: 2.7816770730464144
    efficiency: 0.591686
    discharge_ratio: 0.1
    depth_of_discharge: 0.4
  Li-ion:
    cost: 290.769
    lifetime: 15.7857
    annual_cost: 18.419772325585814
    efficiency: 0.913294
    discharge_ratio: 2
    depth_of_discharge: 0.9
  Pb-acid:
    cost: 182.381
    lifetime: 7.12994
    annual_cost: 25.579598145285935
    efficiency: 0.743835
    discharge_ratio: 5
    depth_of_discharge: 0.5
  VRBF:
    cost: 343.922
    lifetime: 17.3031
    annual_cost: 19.876322739855866
    efficiency: 0.800024
    discharge_ratio: 0.5
    depth_of_discharge: 1.0
