cost_values:
  wind_capex: 5000.0
  wind_opex: 100
  wind_lifetime: 20
  solar_capex: 1000.0
  solar_opex: 10
  solar_lifetime: 20
  carbon_price: 1.0
timeseries_values:
  load_level: 252050.47366953324
  wind_year: 2018
  solar_year: 2010
  price_year: 2023
  carbon_year: 2023
storage_values:
  CAES:
    cost: 63.865
    lifetime: 24.3062
    annual_cost: 2.6275189046416143
    efficiency: 0.591399
    discharge_ratio: 0.1
    depth_of_discharge: 0.4
  Li-ion:
    cost: 276.167
    lifetime: 16.4871
    annual_cost: 16.75048977685584
    efficiency: 0.944539
    discharge_ratio: 2
    depth_of_discharge: 0.9
  Pb-acid:
    cost: 186.208
    lifetime: 6.10594
    annual_cost: 30.496205334477573
    efficiency: 0.738372
    discharge_ratio: 5
    depth_of_discharge: 0.5
  VRBF:
    cost: 325.081
    lifetime: 14.4921
    annual_cost: 22.43160066519
    efficiency: 0.802732
    discharge_ratio: 0.5
    depth_of_discharge: 1.0
