cost_values:
  wind_capex: 5000.0
  wind_opex: 100
  wind_lifetime: 20
  solar_capex: 1000.0
  solar_opex: 10
  solar_lifetime: 20
  carbon_price: 1.0
timeseries_values:
  load_level: 252050.47366953324
  wind_year: 2018
  solar_year: 2010
  price_year: 2023
  carbon_year: 2023
storage_values:
  CAES:
    cost: 64.2744
    lifetime: 24.5412
    annual_cost: 2.619040633709843
    efficiency: 0.590462
    discharge_ratio: 0.1
    depth_of_discharge: 0.4
  Li-ion:
    cost: 266.614
    lifetime: 13.9023
    annual_cost: 19.17769002251426
    efficiency: 0.920985
    discharge_ratio: 2
    depth_of_discharge: 0.9
  Pb-acid:
    cost: 171.152
    lifetime: 6.29869
    annual_cost: 27.172634309673917
    efficiency: 0.737012
    discharge_ratio: 5
    depth_of_discharge: 0.5
  VRBF:
    cost: 366.114
    lifetime: 14.3344
    annual_cost: 25.540936488447368
    efficiency: 0.801134
    discharge_ratio: 0.5
    depth_of_discharge: 1.0
