cost_values:
  wind_capex: 5000.0
  wind_opex: 100
  wind_lifetime: 20
  solar_capex: 1000.0
  solar_opex: 10
  solar_lifetime: 20
  carbon_price: 1.0
timeseries_values:
  load_level: 252050.47366953324
  wind_year: 2018
  solar_year: 2010
  price_year: 2023
  carbon_year: 2023
storage_values:
  CAES:
    cost: 62.4525
    lifetime: 24.5149
    annual_cost: 2.5475323170806323
    efficiency: 0.600411
    discharge_ratio: 0.1
    depth_of_discharge: 0.4
  Li-ion:
    cost: 282.319
    lifetime: 16.1881
    annual_cost: 17.43990956319766
    efficiency: 0.923818
    discharge_ratio: 2
    depth_of_discharge: 0.9
  Pb-acid:
    cost: 175.767
    lifetime: 6.13461
    annual_cost: 28.65169913001804
    efficiency: 0.730748
    discharge_ratio: 5
    depth_of_discharge: 0.5
  VRBF:
    cost: 334.063
    lifetime: 17.1423
    annual_cost: 19.48764168168799
    efficiency: 0.810553
    discharge_ratio: 0.5
    depth_of_discharge: 1.0
