cost_values:
  wind_capex: 5000.0
  wind_opex: 100
  wind_lifetime: 20
  solar_capex: 1000.0
  solar_opex: 10
  solar_lifetime: 20
  carbon_price: 1.0
timeseries_values:
  load_level: 252050.47366953324
  wind_year: 2018
  solar_year: 2010
  price_year: 2023
  carbon_year: 2023
storage_values:
  CAES:
    cost: 68.0166
    lifetime: 24.2734
    annual_cost: 2.802104361152537
    efficiency: 0.585853
    discharge_ratio: 0.1
    depth_of_discharge: 0.4
  Li-ion:
    cost: 297.714
    lifetime: 15.5323
    annual_cost: 19.167412424431667
    efficiency: 0.922017
    discharge_ratio: 2
    depth_of_discharge: 0.9
  Pb-acid:
    cost: 204.572
    lifetime: 6.21848
    annual_cost: 32.89742831045529
    efficiency: 0.744695
    discharge_ratio: 5
    depth_of_discharge: 0.5
  VRBF:
    cost: 352.062
    lifetime: 17.2441
    annual_cost: 20.41637429613607
    efficiency: 0.791347
    discharge_ratio: 0.5
    depth_of_discharge: 1.0
