cost_values:
  wind_capex: 5000.0
  wind_opex: 100
  wind_lifetime: 20
  solar_capex: 1000.0
  solar_opex: 10
  solar_lifetime: 20
  carbon_price: 1.0
timeseries_values:
  load_level: 252050.47366953324
  wind_year: 2018
  solar_year: 2010
  price_year: 2023
  carbon_year: 2023
storage_values:
  CAES:
    cost: 62.4589
    lifetime: 24.6412
    annual_cost: 2.53473450968297
    efficiency: 0.586635
    discharge_ratio: 0.1
    depth_of_discharge: 0.4
  Li-ion:
    cost: 267.973
    lifetime: 17.0065
    annual_cost: 15.757092876253198
    efficiency: 0.922421
    discharge_ratio: 2
    depth_of_discharge: 0.9
  Pb-acid:
    cost: 185.985
    lifetime: 5.39641
    annual_cost: 34.464579229524816
    efficiency: 0.741563
    discharge_ratio: 5
    depth_of_discharge: 0.5
  VRBF:
    cost: 348.707
    lifetime: 14.9718
    annual_cost: 23.29092026342858
    efficiency: 0.806078
    discharge_ratio: 0.5
    depth_of_discharge: 1.0
