cost_values:
  wind_capex: 5000.0
  wind_opex: 100
  wind_lifetime: 20
  solar_capex: 1000.0
  solar_opex: 10
  solar_lifetime: 20
  carbon_price: 1.0
timeseries_values:
  load_level: 252050.47366953324
  wind_year: 2018
  solar_year: 2010
  price_year: 2023
  carbon_year: 2023
storage_values:
  CAES:
    cost: 65.9464
    lifetime: 23.8882
    annual_cost: 2.760626585510838
    efficiency: 0.598101
    discharge_ratio: 0.1
    depth_of_discharge: 0.4
  Li-ion:
    cost: 270.862
    lifetime: 14.2317
    annual_cost: 19.032301130574705
    efficiency: 0.935598
    discharge_ratio: 2
    depth_of_discharge: 0.9
  Pb-acid:
    cost: 149.938
    lifetime: 7.60451
    annual_cost: 19.716983737282217
    efficiency: 0.720599
    discharge_ratio: 5
    depth_of_discharge: 0.5
  VRBF:
    cost: 341.965
    lifetime: 14.0016
    annual_cost: 24.423280196548966
    efficiency: 0.798117
    discharge_ratio: 0.5
    depth_of_discharge: 1.0
