cost_values:
  wind_capex: 5000.0
  wind_opex: 100
  wind_lifetime: 20
  solar_capex: 1000.0
  solar_opex: 10
  solar_lifetime: 20
  carbon_price: 1.0
timeseries_values:
  load_level: 252050.47366953324
  wind_year: 2018
  solar_year: 2010
  price_year: 2023
  carbon_year: 2023
storage_values:
  CAES:
    cost: 65.3068
    lifetime: 24.4136
    annual_cost: 2.6750172035259037
    efficiency: 0.59703
    discharge_ratio: 0.1
    depth_of_discharge: 0.4
  Li-ion:
    cost: 270.371
    lifetime: 16.3877
    annual_cost: 16.498410393160725
    efficiency: 0.920411
    discharge_ratio: 2
    depth_of_discharge: 0.9
  Pb-acid:
    cost: 197.949
    lifetime: 8.11876
    annual_cost: 24.381678975607112
    efficiency: 0.731817
    discharge_ratio: 5
    depth_of_discharge: 0.5
  VRBF:
    cost: 379.351
    lifetime: 15.977
    annual_cost: 23.743568880265382
    efficiency: 0.794828
    discharge_ratio: 0.5
    depth_of_discharge: 1.0
