cost_values:
  wind_capex: 5000.0
  wind_opex: 100
  wind_lifetime: 20
  solar_capex: 1000.0
  solar_opex: 10
  solar_lifetime: 20
  carbon_price: 1.0
timeseries_values:
  load_level: 252050.47366953324
  wind_year: 2018
  solar_year: 2010
  price_year: 2023
  carbon_year: 2023
storage_values:
  CAES:
    cost: 62.9693
    lifetime: 25.3592
    annual_cost: 2.483094892583362
    efficiency: 0.580777
    discharge_ratio: 0.1
    depth_of_discharge: 0.4
  Li-ion:
    cost: 282.716
    lifetime: 16.2015
    annual_cost: 17.449989198531
    efficiency: 0.91824
    discharge_ratio: 2
    depth_of_discharge: 0.9
  Pb-acid:
    cost: 196.932
    lifetime: 8.75529
    annual_cost: 22.492915711529825
    efficiency: 0.749973
    discharge_ratio: 5
    depth_of_discharge: 0.5
  VRBF:
    cost: 335.12
    lifetime: 16.2429
    annual_cost: 20.631783733200354
    efficiency: 0.790172
    discharge_ratio: 0.5
    depth_of_discharge: 1.0
