cost_values:
  wind_capex: 5000.0
  wind_opex: 100
  wind_lifetime: 20
  solar_capex: 1000.0
  solar_opex: 10
  solar_lifetime: 20
  carbon_price: 1.0
timeseries_values:
  load_level: 252050.47366953324
  wind_year: 2018
  solar_year: 2010
  price_year: 2023
  carbon_year: 2023
storage_values:
  CAES:
    cost: 64.8601
    lifetime: 24.0911
    annual_cost: 2.692284702649526
    efficiency: 0.590163
    discharge_ratio: 0.1
    depth_of_discharge: 0.4
  Li-ion:
    cost: 289.206
    lifetime: 17.9371
    annual_cost: 16.123342123308674
    efficiency: 0.903615
    discharge_ratio: 2
    depth_of_discharge: 0.9
  Pb-acid:
    cost: 181.954
    lifetime: 7.66485
    annual_cost: 23.738755487713394
    efficiency: 0.742103
    discharge_ratio: 5
    depth_of_discharge: 0.5
  VRBF:
    cost: 335.315
    lifetime: 14.6647
    annual_cost: 22.865452412937188
    efficiency: 0.775686
    discharge_ratio: 0.5
    depth_of_discharge: 1.0
