cost_values:
  wind_capex: 5000.0
  wind_opex: 100
  wind_lifetime: 20
  solar_capex: 1000.0
  solar_opex: 10
  solar_lifetime: 20
  carbon_price: 1.0
timeseries_values:
  load_level: 252050.47366953324
  wind_year: 2018
  solar_year: 2010
  price_year: 2023
  carbon_year: 2023
storage_values:
  CAES:
    cost: 66.2998
    lifetime: 24.4661
    annual_cost: 2.70986385243255
    efficiency: 0.591535
    discharge_ratio: 0.1
    depth_of_discharge: 0.4
  Li-ion:
    cost: 277.062
    lifetime: 16.5879
    annual_cost: 16.70265675582804
    efficiency: 0.917242
    discharge_ratio: 2
    depth_of_discharge: 0.9
  Pb-acid:
    cost: 166.451
    lifetime: 7.20634
    annual_cost: 23.097855499462973
    efficiency: 0.746273
    discharge_ratio: 5
    depth_of_discharge: 0.5
  VRBF:
    cost: 335.887
    lifetime: 15.1955
    annual_cost: 22.104373005166003
    efficiency: 0.793972
    discharge_ratio: 0.5
    depth_of_discharge: 1.0
