cost_values:
  wind_capex: 5000.0
  wind_opex: 100
  wind_lifetime: 20
  solar_capex: 1000.0
  solar_opex: 10
  solar_lifetime: 20
  carbon_price: 1.0
timeseries_values:
  load_level: 252050.47366953324
  wind_year: 2018
  solar_year: 2010
  price_year: 2023
  carbon_year: 2023
storage_values:
  CAES:
    cost: 70.1034
    lifetime: 24.1676
    annual_cost: 2.9007183170856847
    efficiency: 0.587313
    discharge_ratio: 0.1
    depth_of_discharge: 0.4
  Li-ion:
    cost: 280.902
    lifetime: 16.1024
    annual_cost: 17.44472873608903
    efficiency: 0.935186
    discharge_ratio: 2
    depth_of_discharge: 0.9
  Pb-acid:
    cost: 179.841
    lifetime: 7.18594
    annual_cost: 25.026788422948144
    efficiency: 0.744313
    discharge_ratio: 5
    depth_of_discharge: 0.5
  VRBF:
    cost: 350.736
    lifetime: 16.275
    annual_cost: 21.550599078341016
    efficiency: 0.794771
    discharge_ratio: 0.5
    depth_of_discharge: 1.0
