cost_values:
  wind_capex: 5000.0
  wind_opex: 100
  wind_lifetime: 20
  solar_capex: 1000.0
  solar_opex: 10
  solar_lifetime: 20
  carbon_price: 1.0
timeseries_values:
  load_level: 252050.47366953324
  wind_year: 2018
  solar_year: 2010
  price_year: 2023
  carbon_year: 2023
storage_values:
  CAES:
    cost: 69.8518
    lifetime: 23.792
    annual_cost: 2.9359364492266304
    efficiency: 0.590045
    discharge_ratio: 0.1
    depth_of_discharge: 0.4
  Li-ion:
    cost: 293.718
    lifetime: 16.0164
    annual_cost: 18.33857795759347
    efficiency: 0.918975
    discharge_ratio: 2
    depth_of_discharge: 0.9
  Pb-acid:
    cost: 195.347
    lifetime: 7.48615
    annual_cost: 26.094454425839718
    efficiency: 0.747763
    discharge_ratio: 5
    depth_of_discharge: 0.5
  VRBF:
    cost: 347.294
    lifetime: 16.06
    annual_cost: 21.62478206724782
    efficiency: 0.801571
    discharge_ratio: 0.5
    depth_of_discharge: 1.0
