cost_values:
  wind_capex: 5000.0
  wind_opex: 100
  wind_lifetime: 20
  solar_capex: 1000.0
  solar_opex: 10
  solar_lifetime: 20
  carbon_price: 1.0
timeseries_values:
  load_level: 252050.47366953324
  wind_year: 2018
  solar_year: 2010
  price_year: 2023
  carbon_year: 2023
storage_values:
  CAES:
    cost: 61.9893
    lifetime: 24.4466
    annual_cost: 2.535702306251176
    efficiency: 0.583531
    discharge_ratio: 0.1
    depth_of_discharge: 0.4
  Li-ion:
    cost: 281.666
    lifetime: 14.8255
    annual_cost: 18.998752150011804
    efficiency: 0.915582
    discharge_ratio: 2
    depth_of_discharge: 0.9
  Pb-acid:
    cost: 176.05
    lifetime: 8.8332
    annual_cost: 19.9304895168229
    efficiency: 0.749521
    discharge_ratio: 5
    depth_of_discharge: 0.5
  VRBF:
    cost: 333.263
    lifetime: 17.1434
    annual_cost: 19.439726075340946
    efficiency: 0.779885
    discharge_ratio: 0.5
    depth_of_discharge: 1.0
