cost_values:
  wind_capex: 5000.0
  wind_opex: 100
  wind_lifetime: 20
  solar_capex: 1000.0
  solar_opex: 10
  solar_lifetime: 20
  carbon_price: 1.0
timeseries_values:
  load_level: 252050.47366953324
  wind_year: 2018
  solar_year: 2010
  price_year: 2023
  carbon_year: 2023
storage_values:
  CAES:
    cost: 61.5081
    lifetime: 23.8816
    annual_cost: 2.575543514672384
    efficiency: 0.593093
    discharge_ratio: 0.1
    depth_of_discharge: 0.4
  Li-ion:
    cost: 292.598
    lifetime: 14.1941
    annual_cost: 20.6140579536568
    efficiency: 0.907847
    discharge_ratio: 2
    depth_of_discharge: 0.9
  Pb-acid:
    cost: 194.461
    lifetime: 7.50639
    annual_cost: 25.90606136904691
    efficiency: 0.741491
    discharge_ratio: 5
    depth_of_discharge: 0.5
  VRBF:
    cost: 369.897
    lifetime: 15.9467
    annual_cost: 23.19583362074912
    efficiency: 0.804672
    discharge_ratio: 0.5
    depth_of_discharge: 1.0
