cost_values:
  wind_capex: 5000.0
  wind_opex: 100
  wind_lifetime: 20
  solar_capex: 1000.0
  solar_opex: 10
  solar_lifetime: 20
  carbon_price: 1.0
timeseries_values:
  load_level: 252050.47366953324
  wind_year: 2018
  solar_year: 2010
  price_year: 2023
  carbon_year: 2023
storage_values:
  CAES:
    cost: 68.0446
    lifetime: 24.3144
    annual_cost: 2.7985309117230943
    efficiency: 0.592101
    discharge_ratio: 0.1
    depth_of_discharge: 0.4
  Li-ion:
    cost: 280.288
    lifetime: 17.3032
    annual_cost: 16.19862222016737
    efficiency: 0.93292
    discharge_ratio: 2
    depth_of_discharge: 0.9
  Pb-acid:
    cost: 184.189
    lifetime: 7.51158
    annual_cost: 24.52067341358276
    efficiency: 0.735826
    discharge_ratio: 5
    depth_of_discharge: 0.5
  VRBF:
    cost: 329.852
    lifetime: 14.7668
    annual_cost: 22.33740553132703
    efficiency: 0.79784
    discharge_ratio: 0.5
    depth_of_discharge: 1.0
