cost_values:
  wind_capex: 5000.0
  wind_opex: 100
  wind_lifetime: 20
  solar_capex: 1000.0
  solar_opex: 10
  solar_lifetime: 20
  carbon_price: 1.0
timeseries_values:
  load_level: 252050.47366953324
  wind_year: 2018
  solar_year: 2010
  price_year: 2023
  carbon_year: 2023
storage_values:
  CAES:
    cost: 67.877
    lifetime: 23.9167
    annual_cost: 2.838058762287439
    efficiency: 0.597931
    discharge_ratio: 0.1
    depth_of_discharge: 0.4
  Li-ion:
    cost: 288.39
    lifetime: 15.3258
    annual_cost: 18.817288493912226
    efficiency: 0.944926
    discharge_ratio: 2
    depth_of_discharge: 0.9
  Pb-acid:
    cost: 190.378
    lifetime: 7.38426
    annual_cost: 25.781594905921512
    efficiency: 0.739119
    discharge_ratio: 5
    depth_of_discharge: 0.5
  VRBF:
    cost: 343.269
    lifetime: 16.8388
    annual_cost: 20.3855975485189
    efficiency: 0.787929
    discharge_ratio: 0.5
    depth_of_discharge: 1.0
