cost_values:
  wind_capex: 5000.0
  wind_opex: 100
  wind_lifetime: 20
  solar_capex: 1000.0
  solar_opex: 10
  solar_lifetime: 20
  carbon_price: 1.0
timeseries_values:
  load_level: 252050.47366953324
  wind_year: 2018
  solar_year: 2010
  price_year: 2023
  carbon_year: 2023
storage_values:
  CAES:
    cost: 73.8972
    lifetime: 24.1151
    annual_cost: 3.0643538695672
    efficiency: 0.586423
    discharge_ratio: 0.1
    depth_of_discharge: 0.4
  Li-ion:
    cost: 256.85
    lifetime: 15.9604
    annual_cost: 16.092955063782863
    efficiency: 0.909635
    discharge_ratio: 2
    depth_of_discharge: 0.9
  Pb-acid:
    cost: 188.438
    lifetime: 6.41417
    annual_cost: 29.37839190417466
    efficiency: 0.747966
    discharge_ratio: 5
    depth_of_discharge: 0.5
  VRBF:
    cost: 351.226
    lifetime: 15.6761
    annual_cost: 22.405190066406824
    efficiency: 0.787881
    discharge_ratio: 0.5
    depth_of_discharge: 1.0
