cost_values:
  wind_capex: 5000.0
  wind_opex: 100
  wind_lifetime: 20
  solar_capex: 1000.0
  solar_opex: 10
  solar_lifetime: 20
  carbon_price: 1.0
timeseries_values:
  load_level: 252050.47366953324
  wind_year: 2018
  solar_year: 2010
  price_year: 2023
  carbon_year: 2023
storage_values:
  CAES:
    cost: 67.2421
    lifetime: 23.6797
    annual_cost: 2.8396516847764115
    efficiency: 0.592268
    discharge_ratio: 0.1
    depth_of_discharge: 0.4
  Li-ion:
    cost: 295.681
    lifetime: 14.1289
    annual_cost: 20.927389959586378
    efficiency: 0.914397
    discharge_ratio: 2
    depth_of_discharge: 0.9
  Pb-acid:
    cost: 186.083
    lifetime: 8.51952
    annual_cost: 21.84195823238868
    efficiency: 0.746391
    discharge_ratio: 5
    depth_of_discharge: 0.5
  VRBF:
    cost: 335.584
    lifetime: 14.7742
    annual_cost: 22.714190954501767
    efficiency: 0.792684
    discharge_ratio: 0.5
    depth_of_discharge: 1.0
