cost_values:
  wind_capex: 5000.0
  wind_opex: 100
  wind_lifetime: 20
  solar_capex: 1000.0
  solar_opex: 10
  solar_lifetime: 20
  carbon_price: 1.0
timeseries_values:
  load_level: 252050.47366953324
  wind_year: 2018
  solar_year: 2010
  price_year: 2023
  carbon_year: 2023
storage_values:
  CAES:
    cost: 70.0267
    lifetime: 24.1328
    annual_cost: 2.901722966253398
    efficiency: 0.58579
    discharge_ratio: 0.1
    depth_of_discharge: 0.4
  Li-ion:
    cost: 285.356
    lifetime: 15.5382
    annual_cost: 18.364804160070022
    efficiency: 0.925944
    discharge_ratio: 2
    depth_of_discharge: 0.9
  Pb-acid:
    cost: 174.099
    lifetime: 7.19812
    annual_cost: 24.186732091157133
    efficiency: 0.733948
    discharge_ratio: 5
    depth_of_discharge: 0.5
  VRBF:
    cost: 363.922
    lifetime: 14.2929
    annual_cost: 25.461732748427544
    efficiency: 0.80509
    discharge_ratio: 0.5
    depth_of_discharge: 1.0
