cost_values:
  wind_capex: 5000.0
  wind_opex: 100
  wind_lifetime: 20
  solar_capex: 1000.0
  solar_opex: 10
  solar_lifetime: 20
  carbon_price: 1.0
timeseries_values:
  load_level: 252050.47366953324
  wind_year: 2018
  solar_year: 2010
  price_year: 2023
  carbon_year: 2023
storage_values:
  CAES:
    cost: 68.4817
    lifetime: 24.0059
    annual_cost: 2.852702877209353
    efficiency: 0.587572
    discharge_ratio: 0.1
    depth_of_discharge: 0.4
  Li-ion:
    cost: 295.418
    lifetime: 15.3731
    annual_cost: 19.216553590362384
    efficiency: 0.923278
    discharge_ratio: 2
    depth_of_discharge: 0.9
  Pb-acid:
    cost: 171.993
    lifetime: 7.89221
    annual_cost: 21.79275513449338
    efficiency: 0.758672
    discharge_ratio: 5
    depth_of_discharge: 0.5
  VRBF:
    cost: 354.525
    lifetime: 15.7099
    annual_cost: 22.56698005716141
    efficiency: 0.801984
    discharge_ratio: 0.5
    depth_of_discharge: 1.0
