cost_values:
  wind_capex: 5000.0
  wind_opex: 100
  wind_lifetime: 20
  solar_capex: 1000.0
  solar_opex: 10
  solar_lifetime: 20
  carbon_price: 1.0
timeseries_values:
  load_level: 252050.47366953324
  wind_year: 2018
  solar_year: 2010
  price_year: 2023
  carbon_year: 2023
storage_values:
  CAES:
    cost: 66.8678
    lifetime: 24.5913
    annual_cost: 2.7191649079145876
    efficiency: 0.590792
    discharge_ratio: 0.1
    depth_of_discharge: 0.4
  Li-ion:
    cost: 274.29
    lifetime: 15.2065
    annual_cost: 18.0376812547266
    efficiency: 0.903989
    discharge_ratio: 2
    depth_of_discharge: 0.9
  Pb-acid:
    cost: 181.724
    lifetime: 8.30307
    annual_cost: 21.886362514106228
    efficiency: 0.74215
    discharge_ratio: 5
    depth_of_discharge: 0.5
  VRBF:
    cost: 346.031
    lifetime: 14.3535
    annual_cost: 24.10777859058766
    efficiency: 0.803602
    discharge_ratio: 0.5
    depth_of_discharge: 1.0
