cost_values:
  wind_capex: 5000.0
  wind_opex: 100
  wind_lifetime: 20
  solar_capex: 1000.0
  solar_opex: 10
  solar_lifetime: 20
  carbon_price: 1.0
timeseries_values:
  load_level: 252050.47366953324
  wind_year: 2018
  solar_year: 2010
  price_year: 2023
  carbon_year: 2023
storage_values:
  CAES:
    cost: 65.8158
    lifetime: 24.7938
    annual_cost: 2.6545265348595213
    efficiency: 0.584237
    discharge_ratio: 0.1
    depth_of_discharge: 0.4
  Li-ion:
    cost: 296.831
    lifetime: 15.7629
    annual_cost: 18.830989221526497
    efficiency: 0.913465
    discharge_ratio: 2
    depth_of_discharge: 0.9
  Pb-acid:
    cost: 185.472
    lifetime: 7.48354
    annual_cost: 24.78399260243147
    efficiency: 0.751989
    discharge_ratio: 5
    depth_of_discharge: 0.5
  VRBF:
    cost: 332.413
    lifetime: 17.1494
    annual_cost: 19.383360350799446
    efficiency: 0.788328
    discharge_ratio: 0.5
    depth_of_discharge: 1.0
