cost_values:
  wind_capex: 5000.0
  wind_opex: 100
  wind_lifetime: 20
  solar_capex: 1000.0
  solar_opex: 10
  solar_lifetime: 20
  carbon_price: 1.0
timeseries_values:
  load_level: 252050.47366953324
  wind_year: 2018
  solar_year: 2010
  price_year: 2023
  carbon_year: 2023
storage_values:
  CAES:
    cost: 60.9029
    lifetime: 24.4523
    annual_cost: 2.490681858148313
    efficiency: 0.586322
    discharge_ratio: 0.1
    depth_of_discharge: 0.4
  Li-ion:
    cost: 271.299
    lifetime: 14.5299
    annual_cost: 18.67177337765573
    efficiency: 0.901221
    discharge_ratio: 2
    depth_of_discharge: 0.9
  Pb-acid:
    cost: 176.7
    lifetime: 7.57475
    annual_cost: 23.32750255784019
    efficiency: 0.742524
    discharge_ratio: 5
    depth_of_discharge: 0.5
  VRBF:
    cost: 361.421
    lifetime: 17.7182
    annual_cost: 20.398291022790126
    efficiency: 0.806541
    discharge_ratio: 0.5
    depth_of_discharge: 1.0
