cost_values:
  wind_capex: 5000.0
  wind_opex: 100
  wind_lifetime: 20
  solar_capex: 1000.0
  solar_opex: 10
  solar_lifetime: 20
  carbon_price: 1.0
timeseries_values:
  load_level: 252050.47366953324
  wind_year: 2018
  solar_year: 2010
  price_year: 2023
  carbon_year: 2023
storage_values:
  CAES:
    cost: 57.7457
    lifetime: 24.4708
    annual_cost: 2.3597798192131028
    efficiency: 0.59218
    discharge_ratio: 0.1
    depth_of_discharge: 0.4
  Li-ion:
    cost: 294.587
    lifetime: 15.3551
    annual_cost: 19.184961348346803
    efficiency: 0.916543
    discharge_ratio: 2
    depth_of_discharge: 0.9
  Pb-acid:
    cost: 195.973
    lifetime: 8.51817
    annual_cost: 23.00646735155556
    efficiency: 0.73087
    discharge_ratio: 5
    depth_of_discharge: 0.5
  VRBF:
    cost: 348.256
    lifetime: 16.5607
    annual_cost: 21.02906278116263
    efficiency: 0.803981
    discharge_ratio: 0.5
    depth_of_discharge: 1.0
