cost_values:
  wind_capex: 5000.0
  wind_opex: 100
  wind_lifetime: 20
  solar_capex: 1000.0
  solar_opex: 10
  solar_lifetime: 20
  carbon_price: 1.0
timeseries_values:
  load_level: 252050.47366953324
  wind_year: 2018
  solar_year: 2010
  price_year: 2023
  carbon_year: 2023
storage_values:
  CAES:
    cost: 67.9176
    lifetime: 24.7495
    annual_cost: 2.744200892947332
    efficiency: 0.582377
    discharge_ratio: 0.1
    depth_of_discharge: 0.4
  Li-ion:
    cost: 288.157
    lifetime: 15.7803
    annual_cost: 18.260552714460434
    efficiency: 0.91271
    discharge_ratio: 2
    depth_of_discharge: 0.9
  Pb-acid:
    cost: 189.434
    lifetime: 6.19833
    annual_cost: 30.562103018070996
    efficiency: 0.732241
    discharge_ratio: 5
    depth_of_discharge: 0.5
  VRBF:
    cost: 323.827
    lifetime: 15.3926
    annual_cost: 21.037836362927642
    efficiency: 0.795837
    discharge_ratio: 0.5
    depth_of_discharge: 1.0
