cost_values:
  wind_capex: 5000.0
  wind_opex: 100
  wind_lifetime: 20
  solar_capex: 1000.0
  solar_opex: 10
  solar_lifetime: 20
  carbon_price: 1.0
timeseries_values:
  load_level: 252050.47366953324
  wind_year: 2018
  solar_year: 2010
  price_year: 2023
  carbon_year: 2023
storage_values:
  CAES:
    cost: 55.4458
    lifetime: 24.3463
    annual_cost: 2.2773809572707147
    efficiency: 0.591899
    discharge_ratio: 0.1
    depth_of_discharge: 0.4
  Li-ion:
    cost: 285.96
    lifetime: 15.4757
    annual_cost: 18.47800099510846
    efficiency: 0.916159
    discharge_ratio: 2
    depth_of_discharge: 0.9
  Pb-acid:
    cost: 194.998
    lifetime: 6.48336
    annual_cost: 30.076688630586606
    efficiency: 0.745617
    discharge_ratio: 5
    depth_of_discharge: 0.5
  VRBF:
    cost: 383.156
    lifetime: 12.8353
    annual_cost: 29.85173700653666
    efficiency: 0.788113
    discharge_ratio: 0.5
    depth_of_discharge: 1.0
