cost_values:
  wind_capex: 5000.0
  wind_opex: 100
  wind_lifetime: 20
  solar_capex: 1000.0
  solar_opex: 10
  solar_lifetime: 20
  carbon_price: 1.0
timeseries_values:
  load_level: 252050.47366953324
  wind_year: 2018
  solar_year: 2010
  price_year: 2023
  carbon_year: 2023
storage_values:
  CAES:
    cost: 67.4547
    lifetime: 24.5879
    annual_cost: 2.7434103766486766
    efficiency: 0.599062
    discharge_ratio: 0.1
    depth_of_discharge: 0.4
  Li-ion:
    cost: 275.996
    lifetime: 14.9339
    annual_cost: 18.48117370546207
    efficiency: 0.931055
    discharge_ratio: 2
    depth_of_discharge: 0.9
  Pb-acid:
    cost: 189.397
    lifetime: 6.74212
    annual_cost: 28.09160916744288
    efficiency: 0.752501
    discharge_ratio: 5
    depth_of_discharge: 0.5
  VRBF:
    cost: 345.482
    lifetime: 14.1617
    annual_cost: 24.395517487307316
    efficiency: 0.801653
    discharge_ratio: 0.5
    depth_of_discharge: 1.0
