cost_values:
  wind_capex: 5000.0
  wind_opex: 100
  wind_lifetime: 20
  solar_capex: 1000.0
  solar_opex: 10
  solar_lifetime: 20
  carbon_price: 1.0
timeseries_values:
  load_level: 252050.47366953324
  wind_year: 2018
  solar_year: 2010
  price_year: 2023
  carbon_year: 2023
storage_values:
  CAES:
    cost: 61.9615
    lifetime: 24.3612
    annual_cost: 2.5434502405464428
    efficiency: 0.594429
    discharge_ratio: 0.1
    depth_of_discharge: 0.4
  Li-ion:
    cost: 270.066
    lifetime: 14.0121
    annual_cost: 19.273770526901746
    efficiency: 0.925805
    discharge_ratio: 2
    depth_of_discharge: 0.9
  Pb-acid:
    cost: 160.87
    lifetime: 7.23769
    annual_cost: 22.226704929335188
    efficiency: 0.74877
    discharge_ratio: 5
    depth_of_discharge: 0.5
  VRBF:
    cost: 386.773
    lifetime: 15.248
    annual_cost: 25.365490556138514
    efficiency: 0.808944
    discharge_ratio: 0.5
    depth_of_discharge: 1.0
