cost_values:
  wind_capex: 5000.0
  wind_opex: 100
  wind_lifetime: 20
  solar_capex: 1000.0
  solar_opex: 10
  solar_lifetime: 20
  carbon_price: 1.0
timeseries_values:
  load_level: 252050.47366953324
  wind_year: 2018
  solar_year: 2010
  price_year: 2023
  carbon_year: 2023
storage_values:
  CAES:
    cost: 68.4302
    lifetime: 23.7524
    annual_cost: 2.880980448291541
    efficiency: 0.59818
    discharge_ratio: 0.1
    depth_of_discharge: 0.4
  Li-ion:
    cost: 288.302
    lifetime: 15.5721
    annual_cost: 18.514009028968477
    efficiency: 0.935188
    discharge_ratio: 2
    depth_of_discharge: 0.9
  Pb-acid:
    cost: 171.432
    lifetime: 5.9165
    annual_cost: 28.97523873911941
    efficiency: 0.738342
    discharge_ratio: 5
    depth_of_discharge: 0.5
  VRBF:
    cost: 354.378
    lifetime: 17.87
    annual_cost: 19.83088975937325
    efficiency: 0.77777
    discharge_ratio: 0.5
    depth_of_discharge: 1.0
