cost_values:
  wind_capex: 5000.0
  wind_opex: 100
  wind_lifetime: 20
  solar_capex: 1000.0
  solar_opex: 10
  solar_lifetime: 20
  carbon_price: 1.0
timeseries_values:
  load_level: 252050.47366953324
  wind_year: 2018
  solar_year: 2010
  price_year: 2023
  carbon_year: 2023
storage_values:
  CAES:
    cost: 66.0958
    lifetime: 23.7126
    annual_cost: 2.7873704275364153
    efficiency: 0.590756
    discharge_ratio: 0.1
    depth_of_discharge: 0.4
  Li-ion:
    cost: 272.606
    lifetime: 15.0811
    annual_cost: 18.076002413617044
    efficiency: 0.917018
    discharge_ratio: 2
    depth_of_discharge: 0.9
  Pb-acid:
    cost: 205.966
    lifetime: 7.57816
    annual_cost: 27.178893029442506
    efficiency: 0.752121
    discharge_ratio: 5
    depth_of_discharge: 0.5
  VRBF:
    cost: 384.725
    lifetime: 15.8362
    annual_cost: 24.294022555916193
    efficiency: 0.784958
    discharge_ratio: 0.5
    depth_of_discharge: 1.0
