cost_values:
  wind_capex: 5000.0
  wind_opex: 100
  wind_lifetime: 20
  solar_capex: 1000.0
  solar_opex: 10
  solar_lifetime: 20
  carbon_price: 1.0
timeseries_values:
  load_level: 252050.47366953324
  wind_year: 2018
  solar_year: 2010
  price_year: 2023
  carbon_year: 2023
storage_values:
  CAES:
    cost: 55.3071
    lifetime: 24.7566
    annual_cost: 2.2340345604808416
    efficiency: 0.584897
    discharge_ratio: 0.1
    depth_of_discharge: 0.4
  Li-ion:
    cost: 273.988
    lifetime: 13.9761
    annual_cost: 19.60403832256495
    efficiency: 0.920397
    discharge_ratio: 2
    depth_of_discharge: 0.9
  Pb-acid:
    cost: 187.903
    lifetime: 6.0068
    annual_cost: 31.281714057401608
    efficiency: 0.735606
    discharge_ratio: 5
    depth_of_discharge: 0.5
  VRBF:
    cost: 330.133
    lifetime: 14.912
    annual_cost: 22.138747317596565
    efficiency: 0.815859
    discharge_ratio: 0.5
    depth_of_discharge: 1.0
