cost_values:
  wind_capex: 5000.0
  wind_opex: 100
  wind_lifetime: 20
  solar_capex: 1000.0
  solar_opex: 10
  solar_lifetime: 20
  carbon_price: 1.0
timeseries_values:
  load_level: 252050.47366953324
  wind_year: 2018
  solar_year: 2010
  price_year: 2023
  carbon_year: 2023
storage_values:
  CAES:
    cost: 61.2027
    lifetime: 24.4719
    annual_cost: 2.50093781030488
    efficiency: 0.578275
    discharge_ratio: 0.1
    depth_of_discharge: 0.4
  Li-ion:
    cost: 284.68
    lifetime: 15.1384
    annual_cost: 18.805157744543678
    efficiency: 0.92755
    discharge_ratio: 2
    depth_of_discharge: 0.9
  Pb-acid:
    cost: 190.34
    lifetime: 8.07161
    annual_cost: 23.581416842488675
    efficiency: 0.753793
    discharge_ratio: 5
    depth_of_discharge: 0.5
  VRBF:
    cost: 382.692
    lifetime: 17.5015
    annual_cost: 21.866240036568293
    efficiency: 0.805561
    discharge_ratio: 0.5
    depth_of_discharge: 1.0
