cost_values:
  wind_capex: 5000.0
  wind_opex: 100
  wind_lifetime: 20
  solar_capex: 1000.0
  solar_opex: 10
  solar_lifetime: 20
  carbon_price: 1.0
timeseries_values:
  load_level: 252050.47366953324
  wind_year: 2018
  solar_year: 2010
  price_year: 2023
  carbon_year: 2023
storage_values:
  CAES:
    cost: 68.0158
    lifetime: 23.8462
    annual_cost: 2.852269963348458
    efficiency: 0.582454
    discharge_ratio: 0.1
    depth_of_discharge: 0.4
  Li-ion:
    cost: 286.55
    lifetime: 16.3653
    annual_cost: 17.509608745333114
    efficiency: 0.909856
    discharge_ratio: 2
    depth_of_discharge: 0.9
  Pb-acid:
    cost: 199.313
    lifetime: 7.85122
    annual_cost: 25.386245704489237
    efficiency: 0.747113
    discharge_ratio: 5
    depth_of_discharge: 0.5
  VRBF:
    cost: 355.387
    lifetime: 17.0206
    annual_cost: 20.87981622269485
    efficiency: 0.806453
    discharge_ratio: 0.5
    depth_of_discharge: 1.0
