cost_values:
  wind_capex: 5000.0
  wind_opex: 100
  wind_lifetime: 20
  solar_capex: 1000.0
  solar_opex: 10
  solar_lifetime: 20
  carbon_price: 1.0
timeseries_values:
  load_level: 252050.47366953324
  wind_year: 2018
  solar_year: 2010
  price_year: 2023
  carbon_year: 2023
storage_values:
  CAES:
    cost: 70.6204
    lifetime: 24.5783
    annual_cost: 2.8732825297111684
    efficiency: 0.598167
    discharge_ratio: 0.1
    depth_of_discharge: 0.4
  Li-ion:
    cost: 268.769
    lifetime: 17.675
    annual_cost: 15.206166902404526
    efficiency: 0.901653
    discharge_ratio: 2
    depth_of_discharge: 0.9
  Pb-acid:
    cost: 185.295
    lifetime: 6.29398
    annual_cost: 29.440036352196856
    efficiency: 0.752088
    discharge_ratio: 5
    depth_of_discharge: 0.5
  VRBF:
    cost: 391.052
    lifetime: 14.8681
    annual_cost: 26.301410402136117
    efficiency: 0.800837
    discharge_ratio: 0.5
    depth_of_discharge: 1.0
