cost_values:
  wind_capex: 5000.0
  wind_opex: 100
  wind_lifetime: 20
  solar_capex: 1000.0
  solar_opex: 10
  solar_lifetime: 20
  carbon_price: 1.0
timeseries_values:
  load_level: 252050.47366953324
  wind_year: 2018
  solar_year: 2010
  price_year: 2023
  carbon_year: 2023
storage_values:
  CAES:
    cost: 62.1789
    lifetime: 24.1058
    annual_cost: 2.579416571945341
    efficiency: 0.587447
    discharge_ratio: 0.1
    depth_of_discharge: 0.4
  Li-ion:
    cost: 268.741
    lifetime: 14.3045
    annual_cost: 18.787164878185184
    efficiency: 0.927361
    discharge_ratio: 2
    depth_of_discharge: 0.9
  Pb-acid:
    cost: 199.726
    lifetime: 7.71482
    annual_cost: 25.88861438115212
    efficiency: 0.741842
    discharge_ratio: 5
    depth_of_discharge: 0.5
  VRBF:
    cost: 352.495
    lifetime: 15.9294
    annual_cost: 22.12857985862619
    efficiency: 0.798928
    discharge_ratio: 0.5
    depth_of_discharge: 1.0
