cost_values:
  wind_capex: 5000.0
  wind_opex: 100
  wind_lifetime: 20
  solar_capex: 1000.0
  solar_opex: 10
  solar_lifetime: 20
  carbon_price: 1.0
timeseries_values:
  load_level: 252050.47366953324
  wind_year: 2018
  solar_year: 2010
  price_year: 2023
  carbon_year: 2023
storage_values:
  CAES:
    cost: 73.3414
    lifetime: 23.3357
    annual_cost: 3.1428840789005683
    efficiency: 0.590061
    discharge_ratio: 0.1
    depth_of_discharge: 0.4
  Li-ion:
    cost: 269.357
    lifetime: 16.1931
    annual_cost: 16.63406018612866
    efficiency: 0.913576
    discharge_ratio: 2
    depth_of_discharge: 0.9
  Pb-acid:
    cost: 184.524
    lifetime: 6.35975
    annual_cost: 29.01434804827234
    efficiency: 0.749479
    discharge_ratio: 5
    depth_of_discharge: 0.5
  VRBF:
    cost: 382.664
    lifetime: 16.0322
    annual_cost: 23.868464714761544
    efficiency: 0.792982
    discharge_ratio: 0.5
    depth_of_discharge: 1.0
