cost_values:
  wind_capex: 5000.0
  wind_opex: 100
  wind_lifetime: 20
  solar_capex: 1000.0
  solar_opex: 10
  solar_lifetime: 20
  carbon_price: 1.0
timeseries_values:
  load_level: 252050.47366953324
  wind_year: 2018
  solar_year: 2010
  price_year: 2023
  carbon_year: 2023
storage_values:
  CAES:
    cost: 65.7943
    lifetime: 24.7446
    annual_cost: 2.6589356869781695
    efficiency: 0.591547
    discharge_ratio: 0.1
    depth_of_discharge: 0.4
  Li-ion:
    cost: 280.002
    lifetime: 17.3674
    annual_cost: 16.122275067079702
    efficiency: 0.909655
    discharge_ratio: 2
    depth_of_discharge: 0.9
  Pb-acid:
    cost: 179.998
    lifetime: 7.54703
    annual_cost: 23.850176824525672
    efficiency: 0.747952
    discharge_ratio: 5
    depth_of_discharge: 0.5
  VRBF:
    cost: 361.084
    lifetime: 15.4398
    annual_cost: 23.38657236492701
    efficiency: 0.806903
    discharge_ratio: 0.5
    depth_of_discharge: 1.0
