cost_values:
  wind_capex: 5000.0
  wind_opex: 100
  wind_lifetime: 20
  solar_capex: 1000.0
  solar_opex: 10
  solar_lifetime: 20
  carbon_price: 1.0
timeseries_values:
  load_level: 252050.47366953324
  wind_year: 2018
  solar_year: 2010
  price_year: 2023
  carbon_year: 2023
storage_values:
  CAES:
    cost: 60.3285
    lifetime: 24.9043
    annual_cost: 2.4224129969523336
    efficiency: 0.581282
    discharge_ratio: 0.1
    depth_of_discharge: 0.4
  Li-ion:
    cost: 273.54
    lifetime: 15.4503
    annual_cost: 17.70451059202734
    efficiency: 0.923605
    discharge_ratio: 2
    depth_of_discharge: 0.9
  Pb-acid:
    cost: 161.078
    lifetime: 7.10393
    annual_cost: 22.674491443468614
    efficiency: 0.734706
    discharge_ratio: 5
    depth_of_discharge: 0.5
  VRBF:
    cost: 324.246
    lifetime: 16.1378
    annual_cost: 20.092329809515547
    efficiency: 0.804379
    discharge_ratio: 0.5
    depth_of_discharge: 1.0
