cost_values:
  wind_capex: 5000.0
  wind_opex: 100
  wind_lifetime: 20
  solar_capex: 1000.0
  solar_opex: 10
  solar_lifetime: 20
  carbon_price: 1.0
timeseries_values:
  load_level: 252050.47366953324
  wind_year: 2018
  solar_year: 2010
  price_year: 2023
  carbon_year: 2023
storage_values:
  CAES:
    cost: 75.0038
    lifetime: 24.2569
    annual_cost: 3.0920604034316006
    efficiency: 0.602535
    discharge_ratio: 0.1
    depth_of_discharge: 0.4
  Li-ion:
    cost: 289.059
    lifetime: 14.105
    annual_cost: 20.49337114498405
    efficiency: 0.927352
    discharge_ratio: 2
    depth_of_discharge: 0.9
  Pb-acid:
    cost: 181.501
    lifetime: 6.61663
    annual_cost: 27.43103362285635
    efficiency: 0.734501
    discharge_ratio: 5
    depth_of_discharge: 0.5
  VRBF:
    cost: 341.497
    lifetime: 15.711
    annual_cost: 21.736172108713642
    efficiency: 0.805241
    discharge_ratio: 0.5
    depth_of_discharge: 1.0
