cost_values:
  wind_capex: 5000.0
  wind_opex: 100
  wind_lifetime: 20
  solar_capex: 1000.0
  solar_opex: 10
  solar_lifetime: 20
  carbon_price: 1.0
timeseries_values:
  load_level: 252050.47366953324
  wind_year: 2018
  solar_year: 2010
  price_year: 2023
  carbon_year: 2023
storage_values:
  CAES:
    cost: 67.2001
    lifetime: 24.4435
    annual_cost: 2.7492012191380124
    efficiency: 0.607118
    discharge_ratio: 0.1
    depth_of_discharge: 0.4
  Li-ion:
    cost: 282.367
    lifetime: 13.7096
    annual_cost: 20.596297484974034
    efficiency: 0.918562
    discharge_ratio: 2
    depth_of_discharge: 0.9
  Pb-acid:
    cost: 200.466
    lifetime: 6.41249
    annual_cost: 31.261803137314836
    efficiency: 0.731569
    discharge_ratio: 5
    depth_of_discharge: 0.5
  VRBF:
    cost: 361.328
    lifetime: 15.3708
    annual_cost: 23.507429671845316
    efficiency: 0.799364
    discharge_ratio: 0.5
    depth_of_discharge: 1.0
