cost_values:
  wind_capex: 5000.0
  wind_opex: 100
  wind_lifetime: 20
  solar_capex: 1000.0
  solar_opex: 10
  solar_lifetime: 20
  carbon_price: 1.0
timeseries_values:
  load_level: 252050.47366953324
  wind_year: 2018
  solar_year: 2010
  price_year: 2023
  carbon_year: 2023
storage_values:
  CAES:
    cost: 71.0302
    lifetime: 24.694
    annual_cost: 2.876415323560379
    efficiency: 0.598871
    discharge_ratio: 0.1
    depth_of_discharge: 0.4
  Li-ion:
    cost: 270.031
    lifetime: 15.0709
    annual_cost: 17.91737719711497
    efficiency: 0.924806
    discharge_ratio: 2
    depth_of_discharge: 0.9
  Pb-acid:
    cost: 171.478
    lifetime: 8.06527
    annual_cost: 21.2612844951254
    efficiency: 0.736823
    discharge_ratio: 5
    depth_of_discharge: 0.5
  VRBF:
    cost: 370.62
    lifetime: 18.1939
    annual_cost: 20.370563760381227
    efficiency: 0.781342
    discharge_ratio: 0.5
    depth_of_discharge: 1.0
