cost_values:
  wind_capex: 5000.0
  wind_opex: 100
  wind_lifetime: 20
  solar_capex: 1000.0
  solar_opex: 10
  solar_lifetime: 20
  carbon_price: 1.0
timeseries_values:
  load_level: 252050.47366953324
  wind_year: 2018
  solar_year: 2010
  price_year: 2023
  carbon_year: 2023
storage_values:
  CAES:
    cost: 66.3826
    lifetime: 23.2114
    annual_cost: 2.8599136631138147
    efficiency: 0.59248
    discharge_ratio: 0.1
    depth_of_discharge: 0.4
  Li-ion:
    cost: 273.477
    lifetime: 15.4638
    annual_cost: 17.684980405851082
    efficiency: 0.919035
    discharge_ratio: 2
    depth_of_discharge: 0.9
  Pb-acid:
    cost: 188.258
    lifetime: 7.10062
    annual_cost: 26.512896056964042
    efficiency: 0.757436
    discharge_ratio: 5
    depth_of_discharge: 0.5
  VRBF:
    cost: 360.719
    lifetime: 16.2386
    annual_cost: 22.21367605581762
    efficiency: 0.803745
    discharge_ratio: 0.5
    depth_of_discharge: 1.0
