cost_values:
  wind_capex: 5000.0
  wind_opex: 100
  wind_lifetime: 20
  solar_capex: 1000.0
  solar_opex: 10
  solar_lifetime: 20
  carbon_price: 1.0
timeseries_values:
  load_level: 252050.47366953324
  wind_year: 2018
  solar_year: 2010
  price_year: 2023
  carbon_year: 2023
storage_values:
  CAES:
    cost: 77.4755
    lifetime: 22.3352
    annual_cost: 3.4687623124037392
    efficiency: 0.582938
    discharge_ratio: 0.1
    depth_of_discharge: 0.4
  Li-ion:
    cost: 291.634
    lifetime: 16.8415
    annual_cost: 17.316391057803642
    efficiency: 0.923368
    discharge_ratio: 2
    depth_of_discharge: 0.9
  Pb-acid:
    cost: 198.259
    lifetime: 7.7411
    annual_cost: 25.61121804394724
    efficiency: 0.732232
    discharge_ratio: 5
    depth_of_discharge: 0.5
  VRBF:
    cost: 361.411
    lifetime: 16.0443
    annual_cost: 22.52581913826094
    efficiency: 0.788519
    discharge_ratio: 0.5
    depth_of_discharge: 1.0
