cost_values:
  wind_capex: 5000.0
  wind_opex: 100
  wind_lifetime: 20
  solar_capex: 1000.0
  solar_opex: 10
  solar_lifetime: 20
  carbon_price: 1.0
timeseries_values:
  load_level: 252050.47366953324
  wind_year: 2018
  solar_year: 2010
  price_year: 2023
  carbon_year: 2023
storage_values:
  CAES:
    cost: 69.9381
    lifetime: 25.0285
    annual_cost: 2.794338454162255
    efficiency: 0.595274
    discharge_ratio: 0.1
    depth_of_discharge: 0.4
  Li-ion:
    cost: 285.947
    lifetime: 15.8023
    annual_cost: 18.095277269764527
    efficiency: 0.924812
    discharge_ratio: 2
    depth_of_discharge: 0.9
  Pb-acid:
    cost: 195.112
    lifetime: 7.37419
    annual_cost: 26.458770386984877
    efficiency: 0.740278
    discharge_ratio: 5
    depth_of_discharge: 0.5
  VRBF:
    cost: 342.253
    lifetime: 16.133
    annual_cost: 21.2144672410587
    efficiency: 0.787699
    discharge_ratio: 0.5
    depth_of_discharge: 1.0
