cost_values:
  wind_capex: 5000.0
  wind_opex: 100
  wind_lifetime: 20
  solar_capex: 1000.0
  solar_opex: 10
  solar_lifetime: 20
  carbon_price: 1.0
timeseries_values:
  load_level: 252050.47366953324
  wind_year: 2018
  solar_year: 2010
  price_year: 2023
  carbon_year: 2023
storage_values:
  CAES:
    cost: 71.3643
    lifetime: 24.2183
    annual_cost: 2.9467097195096272
    efficiency: 0.595211
    discharge_ratio: 0.1
    depth_of_discharge: 0.4
  Li-ion:
    cost: 272.824
    lifetime: 15.7406
    annual_cost: 17.33250320826398
    efficiency: 0.932107
    discharge_ratio: 2
    depth_of_discharge: 0.9
  Pb-acid:
    cost: 176.844
    lifetime: 7.01693
    annual_cost: 25.202474586464447
    efficiency: 0.750936
    discharge_ratio: 5
    depth_of_discharge: 0.5
  VRBF:
    cost: 363.19
    lifetime: 15.5296
    annual_cost: 23.386951370286422
    efficiency: 0.793969
    discharge_ratio: 0.5
    depth_of_discharge: 1.0
