cost_values:
  wind_capex: 5000.0
  wind_opex: 100
  wind_lifetime: 20
  solar_capex: 1000.0
  solar_opex: 10
  solar_lifetime: 20
  carbon_price: 1.0
timeseries_values:
  load_level: 252050.47366953324
  wind_year: 2018
  solar_year: 2010
  price_year: 2023
  carbon_year: 2023
storage_values:
  CAES:
    cost: 69.2485
    lifetime: 23.9596
    annual_cost: 2.8902193692716076
    efficiency: 0.588082
    discharge_ratio: 0.1
    depth_of_discharge: 0.4
  Li-ion:
    cost: 298.055
    lifetime: 17.6673
    annual_cost: 16.870432946743417
    efficiency: 0.925103
    discharge_ratio: 2
    depth_of_discharge: 0.9
  Pb-acid:
    cost: 193.196
    lifetime: 8.16534
    annual_cost: 23.660496684767566
    efficiency: 0.738597
    discharge_ratio: 5
    depth_of_discharge: 0.5
  VRBF:
    cost: 332.934
    lifetime: 16.9446
    annual_cost: 19.648383555823095
    efficiency: 0.798269
    discharge_ratio: 0.5
    depth_of_discharge: 1.0
