cost_values:
  wind_capex: 5000.0
  wind_opex: 100
  wind_lifetime: 20
  solar_capex: 1000.0
  solar_opex: 10
  solar_lifetime: 20
  carbon_price: 1.0
timeseries_values:
  load_level: 252050.47366953324
  wind_year: 2018
  solar_year: 2010
  price_year: 2023
  carbon_year: 2023
storage_values:
  CAES:
    cost: 69.0253
    lifetime: 24.5867
    annual_cost: 2.8074243391752454
    efficiency: 0.601045
    discharge_ratio: 0.1
    depth_of_discharge: 0.4
  Li-ion:
    cost: 287.43
    lifetime: 17.9627
    annual_cost: 16.00149198060425
    efficiency: 0.916202
    discharge_ratio: 2
    depth_of_discharge: 0.9
  Pb-acid:
    cost: 180.888
    lifetime: 6.84807
    annual_cost: 26.41444961865168
    efficiency: 0.748565
    discharge_ratio: 5
    depth_of_discharge: 0.5
  VRBF:
    cost: 376.255
    lifetime: 17.9677
    annual_cost: 20.94063235695164
    efficiency: 0.790769
    discharge_ratio: 0.5
    depth_of_discharge: 1.0
