cost_values:
  wind_capex: 5000.0
  wind_opex: 100
  wind_lifetime: 20
  solar_capex: 1000.0
  solar_opex: 10
  solar_lifetime: 20
  carbon_price: 1.0
timeseries_values:
  load_level: 252050.47366953324
  wind_year: 2018
  solar_year: 2010
  price_year: 2023
  carbon_year: 2023
storage_values:
  CAES:
    cost: 62.8007
    lifetime: 23.5663
    annual_cost: 2.6648519283892678
    efficiency: 0.581116
    discharge_ratio: 0.1
    depth_of_discharge: 0.4
  Li-ion:
    cost: 275.353
    lifetime: 14.1321
    annual_cost: 19.484223859157524
    efficiency: 0.92028
    discharge_ratio: 2
    depth_of_discharge: 0.9
  Pb-acid:
    cost: 172.724
    lifetime: 6.7124
    annual_cost: 25.732077945295273
    efficiency: 0.745927
    discharge_ratio: 5
    depth_of_discharge: 0.5
  VRBF:
    cost: 330.074
    lifetime: 17.0501
    annual_cost: 19.359065342725263
    efficiency: 0.793315
    discharge_ratio: 0.5
    depth_of_discharge: 1.0
