cost_values:
  wind_capex: 5000.0
  wind_opex: 100
  wind_lifetime: 20
  solar_capex: 1000.0
  solar_opex: 10
  solar_lifetime: 20
  carbon_price: 1.0
timeseries_values:
  load_level: 252050.47366953324
  wind_year: 2018
  solar_year: 2010
  price_year: 2023
  carbon_year: 2023
storage_values:
  CAES:
    cost: 68.4239
    lifetime: 24.8917
    annual_cost: 2.7488640791910557
    efficiency: 0.587929
    discharge_ratio: 0.1
    depth_of_discharge: 0.4
  Li-ion:
    cost: 277.38
    lifetime: 16.4252
    annual_cost: 16.88746560163651
    efficiency: 0.923612
    discharge_ratio: 2
    depth_of_discharge: 0.9
  Pb-acid:
    cost: 190.395
    lifetime: 7.55148
    annual_cost: 25.21293839088497
    efficiency: 0.740087
    discharge_ratio: 5
    depth_of_discharge: 0.5
  VRBF:
    cost: 361.863
    lifetime: 13.6416
    annual_cost: 26.52643384940183
    efficiency: 0.811445
    discharge_ratio: 0.5
    depth_of_discharge: 1.0
