cost_values:
  wind_capex: 5000.0
  wind_opex: 100
  wind_lifetime: 20
  solar_capex: 1000.0
  solar_opex: 10
  solar_lifetime: 20
  carbon_price: 1.0
timeseries_values:
  load_level: 252050.47366953324
  wind_year: 2018
  solar_year: 2010
  price_year: 2023
  carbon_year: 2023
storage_values:
  CAES:
    cost: 65.2258
    lifetime: 25.2896
    annual_cost: 2.579155067695812
    efficiency: 0.590991
    discharge_ratio: 0.1
    depth_of_discharge: 0.4
  Li-ion:
    cost: 296.236
    lifetime: 15.5687
    annual_cost: 19.027664480656703
    efficiency: 0.922838
    discharge_ratio: 2
    depth_of_discharge: 0.9
  Pb-acid:
    cost: 165.485
    lifetime: 6.69952
    annual_cost: 24.701023356897213
    efficiency: 0.756243
    discharge_ratio: 5
    depth_of_discharge: 0.5
  VRBF:
    cost: 348.704
    lifetime: 17.5271
    annual_cost: 19.895133821339524
    efficiency: 0.807569
    discharge_ratio: 0.5
    depth_of_discharge: 1.0
