cost_values:
  wind_capex: 5000.0
  wind_opex: 100
  wind_lifetime: 20
  solar_capex: 1000.0
  solar_opex: 10
  solar_lifetime: 20
  carbon_price: 1.0
timeseries_values:
  load_level: 252050.47366953324
  wind_year: 2018
  solar_year: 2010
  price_year: 2023
  carbon_year: 2023
storage_values:
  CAES:
    cost: 62.445
    lifetime: 25.1392
    annual_cost: 2.4839692591649696
    efficiency: 0.595829
    discharge_ratio: 0.1
    depth_of_discharge: 0.4
  Li-ion:
    cost: 295.6
    lifetime: 17.7302
    annual_cost: 16.672118757825633
    efficiency: 0.919819
    discharge_ratio: 2
    depth_of_discharge: 0.9
  Pb-acid:
    cost: 175.335
    lifetime: 8.05897
    annual_cost: 21.756502381818024
    efficiency: 0.734229
    discharge_ratio: 5
    depth_of_discharge: 0.5
  VRBF:
    cost: 355.838
    lifetime: 15.3495
    annual_cost: 23.182383791002966
    efficiency: 0.810669
    discharge_ratio: 0.5
    depth_of_discharge: 1.0
