cost_values:
  wind_capex: 5000.0
  wind_opex: 100
  wind_lifetime: 20
  solar_capex: 1000.0
  solar_opex: 10
  solar_lifetime: 20
  carbon_price: 1.0
timeseries_values:
  load_level: 252050.47366953324
  wind_year: 2018
  solar_year: 2010
  price_year: 2023
  carbon_year: 2023
storage_values:
  CAES:
    cost: 61.7611
    lifetime: 24.1856
    annual_cost: 2.5536310862662077
    efficiency: 0.583696
    discharge_ratio: 0.1
    depth_of_discharge: 0.4
  Li-ion:
    cost: 264.687
    lifetime: 17.7455
    annual_cost: 14.915725113409033
    efficiency: 0.918446
    discharge_ratio: 2
    depth_of_discharge: 0.9
  Pb-acid:
    cost: 186.209
    lifetime: 7.64104
    annual_cost: 24.36958843298818
    efficiency: 0.732198
    discharge_ratio: 5
    depth_of_discharge: 0.5
  VRBF:
    cost: 332.308
    lifetime: 15.6264
    annual_cost: 21.265806583730097
    efficiency: 0.789437
    discharge_ratio: 0.5
    depth_of_discharge: 1.0
