cost_values:
  wind_capex: 5000.0
  wind_opex: 100
  wind_lifetime: 20
  solar_capex: 1000.0
  solar_opex: 10
  solar_lifetime: 20
  carbon_price: 1.0
timeseries_values:
  load_level: 252050.47366953324
  wind_year: 2018
  solar_year: 2010
  price_year: 2023
  carbon_year: 2023
storage_values:
  CAES:
    cost: 69.3648
    lifetime: 23.5764
    annual_cost: 2.9421285692472137
    efficiency: 0.596357
    discharge_ratio: 0.1
    depth_of_discharge: 0.4
  Li-ion:
    cost: 286.545
    lifetime: 14.8296
    annual_cost: 19.32250364136592
    efficiency: 0.931964
    discharge_ratio: 2
    depth_of_discharge: 0.9
  Pb-acid:
    cost: 177.685
    lifetime: 7.25008
    annual_cost: 24.508005428905612
    efficiency: 0.73337
    discharge_ratio: 5
    depth_of_discharge: 0.5
  VRBF:
    cost: 361.517
    lifetime: 13.2963
    annual_cost: 27.189293262035303
    efficiency: 0.811799
    discharge_ratio: 0.5
    depth_of_discharge: 1.0
