cost_values:
  wind_capex: 5000.0
  wind_opex: 100
  wind_lifetime: 20
  solar_capex: 1000.0
  solar_opex: 10
  solar_lifetime: 20
  carbon_price: 1.0
timeseries_values:
  load_level: 252050.47366953324
  wind_year: 2018
  solar_year: 2010
  price_year: 2023
  carbon_year: 2023
storage_values:
  CAES:
    cost: 67.6206
    lifetime: 25.0959
    annual_cost: 2.6944879442458727
    efficiency: 0.589301
    discharge_ratio: 0.1
    depth_of_discharge: 0.4
  Li-ion:
    cost: 283.288
    lifetime: 15.8781
    annual_cost: 17.84142939016633
    efficiency: 0.929715
    discharge_ratio: 2
    depth_of_discharge: 0.9
  Pb-acid:
    cost: 185.577
    lifetime: 6.0288
    annual_cost: 30.781747611464965
    efficiency: 0.742236
    discharge_ratio: 5
    depth_of_discharge: 0.5
  VRBF:
    cost: 359.785
    lifetime: 15.8683
    annual_cost: 22.673191205107038
    efficiency: 0.780897
    discharge_ratio: 0.5
    depth_of_discharge: 1.0
