cost_values:
  wind_capex: 5000.0
  wind_opex: 100
  wind_lifetime: 20
  solar_capex: 1000.0
  solar_opex: 10
  solar_lifetime: 20
  carbon_price: 1.0
timeseries_values:
  load_level: 252050.47366953324
  wind_year: 2018
  solar_year: 2010
  price_year: 2023
  carbon_year: 2023
storage_values:
  CAES:
    cost: 68.3942
    lifetime: 24.4283
    annual_cost: 2.799793681918103
    efficiency: 0.591286
    discharge_ratio: 0.1
    depth_of_discharge: 0.4
  Li-ion:
    cost: 270.787
    lifetime: 15.664
    annual_cost: 17.287219101123593
    efficiency: 0.917097
    discharge_ratio: 2
    depth_of_discharge: 0.9
  Pb-acid:
    cost: 178.984
    lifetime: 7.21217
    annual_cost: 24.81694136438825
    efficiency: 0.736803
    discharge_ratio: 5
    depth_of_discharge: 0.5
  VRBF:
    cost: 347.923
    lifetime: 14.5458
    annual_cost: 23.91913817046845
    efficiency: 0.787604
    discharge_ratio: 0.5
    depth_of_discharge: 1.0
