cost_values:
  wind_capex: 5000.0
  wind_opex: 100
  wind_lifetime: 20
  solar_capex: 1000.0
  solar_opex: 10
  solar_lifetime: 20
  carbon_price: 1.0
timeseries_values:
  load_level: 252050.47366953324
  wind_year: 2018
  solar_year: 2010
  price_year: 2023
  carbon_year: 2023
storage_values:
  CAES:
    cost: 73.016
    lifetime: 25.0847
    annual_cost: 2.910778283176598
    efficiency: 0.585351
    discharge_ratio: 0.1
    depth_of_discharge: 0.4
  Li-ion:
    cost: 275.179
    lifetime: 14.1984
    annual_cost: 19.38098659003831
    efficiency: 0.922812
    discharge_ratio: 2
    depth_of_discharge: 0.9
  Pb-acid:
    cost: 177.513
    lifetime: 5.87737
    annual_cost: 30.202794787464462
    efficiency: 0.742648
    discharge_ratio: 5
    depth_of_discharge: 0.5
  VRBF:
    cost: 351.713
    lifetime: 16.3157
    annual_cost: 21.55672144008532
    efficiency: 0.808846
    discharge_ratio: 0.5
    depth_of_discharge: 1.0
