cost_values:
  wind_capex: 5000.0
  wind_opex: 100
  wind_lifetime: 20
  solar_capex: 1000.0
  solar_opex: 10
  solar_lifetime: 20
  carbon_price: 1.0
timeseries_values:
  load_level: 252050.47366953324
  wind_year: 2018
  solar_year: 2010
  price_year: 2023
  carbon_year: 2023
storage_values:
  CAES:
    cost: 64.513
    lifetime: 23.8758
    annual_cost: 2.702024644200404
    efficiency: 0.585298
    discharge_ratio: 0.1
    depth_of_discharge: 0.4
  Li-ion:
    cost: 273.665
    lifetime: 16.7257
    annual_cost: 16.36194598731294
    efficiency: 0.932193
    discharge_ratio: 2
    depth_of_discharge: 0.9
  Pb-acid:
    cost: 153.691
    lifetime: 6.49138
    annual_cost: 23.67616747132351
    efficiency: 0.741565
    discharge_ratio: 5
    depth_of_discharge: 0.5
  VRBF:
    cost: 350.389
    lifetime: 15.6877
    annual_cost: 22.33526903242668
    efficiency: 0.794477
    discharge_ratio: 0.5
    depth_of_discharge: 1.0
