cost_values:
  wind_capex: 5000.0
  wind_opex: 100
  wind_lifetime: 20
  solar_capex: 1000.0
  solar_opex: 10
  solar_lifetime: 20
  carbon_price: 1.0
timeseries_values:
  load_level: 252050.47366953324
  wind_year: 2018
  solar_year: 2010
  price_year: 2023
  carbon_year: 2023
storage_values:
  CAES:
    cost: 62.6429
    lifetime: 24.1953
    annual_cost: 2.5890524192715114
    efficiency: 0.587173
    discharge_ratio: 0.1
    depth_of_discharge: 0.4
  Li-ion:
    cost: 271.921
    lifetime: 13.7228
    annual_cost: 19.81527093596059
    efficiency: 0.917249
    discharge_ratio: 2
    depth_of_discharge: 0.9
  Pb-acid:
    cost: 177.099
    lifetime: 6.79359
    annual_cost: 26.068544024587883
    efficiency: 0.749452
    discharge_ratio: 5
    depth_of_discharge: 0.5
  VRBF:
    cost: 354.503
    lifetime: 12.3566
    annual_cost: 28.689364388262142
    efficiency: 0.798091
    discharge_ratio: 0.5
    depth_of_discharge: 1.0
