cost_values:
  wind_capex: 5000.0
  wind_opex: 100
  wind_lifetime: 20
  solar_capex: 1000.0
  solar_opex: 10
  solar_lifetime: 20
  carbon_price: 1.0
timeseries_values:
  load_level: 252050.47366953324
  wind_year: 2018
  solar_year: 2010
  price_year: 2023
  carbon_year: 2023
storage_values:
  CAES:
    cost: 61.9545
    lifetime: 24.0115
    annual_cost: 2.5802011536138934
    efficiency: 0.592102
    discharge_ratio: 0.1
    depth_of_discharge: 0.4
  Li-ion:
    cost: 282.523
    lifetime: 16.1469
    annual_cost: 17.497042776012737
    efficiency: 0.925764
    discharge_ratio: 2
    depth_of_discharge: 0.9
  Pb-acid:
    cost: 175.221
    lifetime: 7.41517
    annual_cost: 23.63007186618783
    efficiency: 0.724825
    discharge_ratio: 5
    depth_of_discharge: 0.5
  VRBF:
    cost: 366.209
    lifetime: 14.176
    annual_cost: 25.833027652370202
    efficiency: 0.787353
    discharge_ratio: 0.5
    depth_of_discharge: 1.0
