cost_values:
  wind_capex: 5000.0
  wind_opex: 100
  wind_lifetime: 20
  solar_capex: 1000.0
  solar_opex: 10
  solar_lifetime: 20
  carbon_price: 1.0
timeseries_values:
  load_level: 252050.47366953324
  wind_year: 2018
  solar_year: 2010
  price_year: 2023
  carbon_year: 2023
storage_values:
  CAES:
    cost: 65.0694
    lifetime: 24.598
    annual_cost: 2.6453126270428493
    efficiency: 0.594804
    discharge_ratio: 0.1
    depth_of_discharge: 0.4
  Li-ion:
    cost: 286.6
    lifetime: 17.3762
    annual_cost: 16.493824886914286
    efficiency: 0.915988
    discharge_ratio: 2
    depth_of_discharge: 0.9
  Pb-acid:
    cost: 167.679
    lifetime: 6.67297
    annual_cost: 25.12809138959114
    efficiency: 0.751987
    discharge_ratio: 5
    depth_of_discharge: 0.5
  VRBF:
    cost: 386.607
    lifetime: 16.3295
    annual_cost: 23.675372791573537
    efficiency: 0.791303
    discharge_ratio: 0.5
    depth_of_discharge: 1.0
