cost_values:
  wind_capex: 5000.0
  wind_opex: 100
  wind_lifetime: 20
  solar_capex: 1000.0
  solar_opex: 10
  solar_lifetime: 20
  carbon_price: 1.0
timeseries_values:
  load_level: 252050.47366953324
  wind_year: 2018
  solar_year: 2010
  price_year: 2023
  carbon_year: 2023
storage_values:
  CAES:
    cost: 66.6035
    lifetime: 24.2891
    annual_cost: 2.7421147757636137
    efficiency: 0.604048
    discharge_ratio: 0.1
    depth_of_discharge: 0.4
  Li-ion:
    cost: 290.344
    lifetime: 14.9445
    annual_cost: 19.428150824718124
    efficiency: 0.924206
    discharge_ratio: 2
    depth_of_discharge: 0.9
  Pb-acid:
    cost: 157.153
    lifetime: 5.95573
    annual_cost: 26.38685769838458
    efficiency: 0.742295
    discharge_ratio: 5
    depth_of_discharge: 0.5
  VRBF:
    cost: 363.282
    lifetime: 17.1638
    annual_cost: 21.16559270091705
    efficiency: 0.815521
    discharge_ratio: 0.5
    depth_of_discharge: 1.0
