cost_values:
  wind_capex: 5000.0
  wind_opex: 100
  wind_lifetime: 20
  solar_capex: 1000.0
  solar_opex: 10
  solar_lifetime: 20
  carbon_price: 1.0
timeseries_values:
  load_level: 252050.47366953324
  wind_year: 2018
  solar_year: 2010
  price_year: 2023
  carbon_year: 2023
storage_values:
  CAES:
    cost: 75.9125
    lifetime: 24.3282
    annual_cost: 3.120350046448155
    efficiency: 0.580417
    discharge_ratio: 0.1
    depth_of_discharge: 0.4
  Li-ion:
    cost: 294.786
    lifetime: 17.7772
    annual_cost: 16.582251423171254
    efficiency: 0.932462
    discharge_ratio: 2
    depth_of_discharge: 0.9
  Pb-acid:
    cost: 183.599
    lifetime: 7.82351
    annual_cost: 23.467599581262117
    efficiency: 0.735635
    discharge_ratio: 5
    depth_of_discharge: 0.5
  VRBF:
    cost: 352.756
    lifetime: 15.9383
    annual_cost: 22.132598834254594
    efficiency: 0.81526
    discharge_ratio: 0.5
    depth_of_discharge: 1.0
