cost_values:
  wind_capex: 5000.0
  wind_opex: 100
  wind_lifetime: 20
  solar_capex: 1000.0
  solar_opex: 10
  solar_lifetime: 20
  carbon_price: 1.0
timeseries_values:
  load_level: 252050.47366953324
  wind_year: 2018
  solar_year: 2010
  price_year: 2023
  carbon_year: 2023
storage_values:
  CAES:
    cost: 68.9922
    lifetime: 24.5542
    annual_cost: 2.809792214773847
    efficiency: 0.576643
    discharge_ratio: 0.1
    depth_of_discharge: 0.4
  Li-ion:
    cost: 264.596
    lifetime: 17.1493
    annual_cost: 15.428967946213549
    efficiency: 0.929622
    discharge_ratio: 2
    depth_of_discharge: 0.9
  Pb-acid:
    cost: 169.864
    lifetime: 8.78865
    annual_cost: 19.327655555745192
    efficiency: 0.735101
    discharge_ratio: 5
    depth_of_discharge: 0.5
  VRBF:
    cost: 350.747
    lifetime: 16.0608
    annual_cost: 21.838700438334328
    efficiency: 0.803588
    discharge_ratio: 0.5
    depth_of_discharge: 1.0
