cost_values:
  wind_capex: 5000.0
  wind_opex: 100
  wind_lifetime: 20
  solar_capex: 1000.0
  solar_opex: 10
  solar_lifetime: 20
  carbon_price: 1.0
timeseries_values:
  load_level: 252050.47366953324
  wind_year: 2018
  solar_year: 2010
  price_year: 2023
  carbon_year: 2023
storage_values:
  CAES:
    cost: 68.2257
    lifetime: 23.6458
    annual_cost: 2.885320014548038
    efficiency: 0.590049
    discharge_ratio: 0.1
    depth_of_discharge: 0.4
  Li-ion:
    cost: 282.915
    lifetime: 15.2107
    annual_cost: 18.59973571236038
    efficiency: 0.928411
    discharge_ratio: 2
    depth_of_discharge: 0.9
  Pb-acid:
    cost: 177.103
    lifetime: 7.39848
    annual_cost: 23.937754782063344
    efficiency: 0.757361
    discharge_ratio: 5
    depth_of_discharge: 0.5
  VRBF:
    cost: 387.6
    lifetime: 17.164
    annual_cost: 22.582148683290608
    efficiency: 0.781912
    discharge_ratio: 0.5
    depth_of_discharge: 1.0
