cost_values:
  wind_capex: 5000.0
  wind_opex: 100
  wind_lifetime: 20
  solar_capex: 1000.0
  solar_opex: 10
  solar_lifetime: 20
  carbon_price: 1.0
timeseries_values:
  load_level: 252050.47366953324
  wind_year: 2018
  solar_year: 2010
  price_year: 2023
  carbon_year: 2023
storage_values:
  CAES:
    cost: 63.3824
    lifetime: 25.1397
    annual_cost: 2.5212074925317323
    efficiency: 0.593615
    discharge_ratio: 0.1
    depth_of_discharge: 0.4
  Li-ion:
    cost: 241.074
    lifetime: 14.3522
    annual_cost: 16.797006730675438
    efficiency: 0.929885
    discharge_ratio: 2
    depth_of_discharge: 0.9
  Pb-acid:
    cost: 174.805
    lifetime: 6.81658
    annual_cost: 25.64409131852043
    efficiency: 0.740269
    discharge_ratio: 5
    depth_of_discharge: 0.5
  VRBF:
    cost: 348.469
    lifetime: 16.3348
    annual_cost: 21.332921125449957
    efficiency: 0.773902
    discharge_ratio: 0.5
    depth_of_discharge: 1.0
