cost_values:
  wind_capex: 5000.0
  wind_opex: 100
  wind_lifetime: 20
  solar_capex: 1000.0
  solar_opex: 10
  solar_lifetime: 20
  carbon_price: 1.0
timeseries_values:
  load_level: 252050.47366953324
  wind_year: 2018
  solar_year: 2010
  price_year: 2023
  carbon_year: 2023
storage_values:
  CAES:
    cost: 60.4325
    lifetime: 24.0635
    annual_cost: 2.5113761506015333
    efficiency: 0.588952
    discharge_ratio: 0.1
    depth_of_discharge: 0.4
  Li-ion:
    cost: 269.68
    lifetime: 15.6167
    annual_cost: 17.268693129790545
    efficiency: 0.912686
    discharge_ratio: 2
    depth_of_discharge: 0.9
  Pb-acid:
    cost: 168.216
    lifetime: 7.43113
    annual_cost: 22.636664948668642
    efficiency: 0.741031
    discharge_ratio: 5
    depth_of_discharge: 0.5
  VRBF:
    cost: 357.181
    lifetime: 16.5631
    annual_cost: 21.564864065301787
    efficiency: 0.802279
    discharge_ratio: 0.5
    depth_of_discharge: 1.0
