cost_values:
  wind_capex: 5000.0
  wind_opex: 100
  wind_lifetime: 20
  solar_capex: 1000.0
  solar_opex: 10
  solar_lifetime: 20
  carbon_price: 1.0
timeseries_values:
  load_level: 252050.47366953324
  wind_year: 2018
  solar_year: 2010
  price_year: 2023
  carbon_year: 2023
storage_values:
  CAES:
    cost: 65.8609
    lifetime: 23.9812
    annual_cost: 2.7463554784581254
    efficiency: 0.582918
    discharge_ratio: 0.1
    depth_of_discharge: 0.4
  Li-ion:
    cost: 289.948
    lifetime: 16.7255
    annual_cost: 17.335685031837613
    efficiency: 0.927956
    discharge_ratio: 2
    depth_of_discharge: 0.9
  Pb-acid:
    cost: 167.538
    lifetime: 6.61501
    annual_cost: 25.326945839840004
    efficiency: 0.741447
    discharge_ratio: 5
    depth_of_discharge: 0.5
  VRBF:
    cost: 341.065
    lifetime: 15.6837
    annual_cost: 21.74646288822153
    efficiency: 0.799278
    discharge_ratio: 0.5
    depth_of_discharge: 1.0
