cost_values:
  wind_capex: 5000.0
  wind_opex: 100
  wind_lifetime: 20
  solar_capex: 1000.0
  solar_opex: 10
  solar_lifetime: 20
  carbon_price: 1.0
timeseries_values:
  load_level: 252050.47366953324
  wind_year: 2018
  solar_year: 2010
  price_year: 2023
  carbon_year: 2023
storage_values:
  CAES:
    cost: 62.4438
    lifetime: 23.8099
    annual_cost: 2.622598162949026
    efficiency: 0.595861
    discharge_ratio: 0.1
    depth_of_discharge: 0.4
  Li-ion:
    cost: 275.412
    lifetime: 14.6305
    annual_cost: 18.824510440518093
    efficiency: 0.926777
    discharge_ratio: 2
    depth_of_discharge: 0.9
  Pb-acid:
    cost: 194.062
    lifetime: 6.64892
    annual_cost: 29.186995782773742
    efficiency: 0.732847
    discharge_ratio: 5
    depth_of_discharge: 0.5
  VRBF:
    cost: 327.584
    lifetime: 14.7845
    annual_cost: 22.1572592918259
    efficiency: 0.830991
    discharge_ratio: 0.5
    depth_of_discharge: 1.0
