cost_values:
  wind_capex: 5000.0
  wind_opex: 100
  wind_lifetime: 20
  solar_capex: 1000.0
  solar_opex: 10
  solar_lifetime: 20
  carbon_price: 1.0
timeseries_values:
  load_level: 252050.47366953324
  wind_year: 2018
  solar_year: 2010
  price_year: 2023
  carbon_year: 2023
storage_values:
  CAES:
    cost: 64.3784
    lifetime: 24.8136
    annual_cost: 2.594480446206919
    efficiency: 0.59251
    discharge_ratio: 0.1
    depth_of_discharge: 0.4
  Li-ion:
    cost: 272.763
    lifetime: 18.1111
    annual_cost: 15.060542981928208
    efficiency: 0.931665
    discharge_ratio: 2
    depth_of_discharge: 0.9
  Pb-acid:
    cost: 189.082
    lifetime: 7.09047
    annual_cost: 26.66706156291473
    efficiency: 0.737193
    discharge_ratio: 5
    depth_of_discharge: 0.5
  VRBF:
    cost: 346.953
    lifetime: 17.0323
    annual_cost: 20.370296436770136
    efficiency: 0.802825
    discharge_ratio: 0.5
    depth_of_discharge: 1.0
