cost_values:
  wind_capex: 5000.0
  wind_opex: 100
  wind_lifetime: 20
  solar_capex: 1000.0
  solar_opex: 10
  solar_lifetime: 20
  carbon_price: 1.0
timeseries_values:
  load_level: 252050.47366953324
  wind_year: 2018
  solar_year: 2010
  price_year: 2023
  carbon_year: 2023
storage_values:
  CAES:
    cost: 63.8358
    lifetime: 24.2077
    annual_cost: 2.637003928502088
    efficiency: 0.588521
    discharge_ratio: 0.1
    depth_of_discharge: 0.4
  Li-ion:
    cost: 280.309
    lifetime: 16.7189
    annual_cost: 16.765995370508826
    efficiency: 0.92199
    discharge_ratio: 2
    depth_of_discharge: 0.9
  Pb-acid:
    cost: 173.345
    lifetime: 7.80158
    annual_cost: 22.219217132939736
    efficiency: 0.740232
    discharge_ratio: 5
    depth_of_discharge: 0.5
  VRBF:
    cost: 339.491
    lifetime: 15.2662
    annual_cost: 22.238081513408705
    efficiency: 0.800313
    discharge_ratio: 0.5
    depth_of_discharge: 1.0
