cost_values:
  wind_capex: 5000.0
  wind_opex: 100
  wind_lifetime: 20
  solar_capex: 1000.0
  solar_opex: 10
  solar_lifetime: 20
  carbon_price: 1.0
timeseries_values:
  load_level: 252050.47366953324
  wind_year: 2018
  solar_year: 2010
  price_year: 2023
  carbon_year: 2023
storage_values:
  CAES:
    cost: 70.2685
    lifetime: 23.3436
    annual_cost: 3.0101826624856494
    efficiency: 0.586554
    discharge_ratio: 0.1
    depth_of_discharge: 0.4
  Li-ion:
    cost: 287.978
    lifetime: 17.1447
    annual_cost: 16.796910998734305
    efficiency: 0.924453
    discharge_ratio: 2
    depth_of_discharge: 0.9
  Pb-acid:
    cost: 184.437
    lifetime: 6.80711
    annual_cost: 27.094758274803848
    efficiency: 0.751988
    discharge_ratio: 5
    depth_of_discharge: 0.5
  VRBF:
    cost: 359.642
    lifetime: 13.4067
    annual_cost: 26.82554245265427
    efficiency: 0.79552
    discharge_ratio: 0.5
    depth_of_discharge: 1.0
