cost_values:
  wind_capex: 5000.0
  wind_opex: 100
  wind_lifetime: 20
  solar_capex: 1000.0
  solar_opex: 10
  solar_lifetime: 20
  carbon_price: 1.0
timeseries_values:
  load_level: 252050.47366953324
  wind_year: 2018
  solar_year: 2010
  price_year: 2023
  carbon_year: 2023
storage_values:
  CAES:
    cost: 69.4544
    lifetime: 24.2701
    annual_cost: 2.86172698093539
    efficiency: 0.582578
    discharge_ratio: 0.1
    depth_of_discharge: 0.4
  Li-ion:
    cost: 288.796
    lifetime: 16.9037
    annual_cost: 17.084780255210397
    efficiency: 0.937916
    discharge_ratio: 2
    depth_of_discharge: 0.9
  Pb-acid:
    cost: 174.413
    lifetime: 7.96757
    annual_cost: 21.89036305925144
    efficiency: 0.718135
    discharge_ratio: 5
    depth_of_discharge: 0.5
  VRBF:
    cost: 350.02
    lifetime: 15.6681
    annual_cost: 22.33965828658229
    efficiency: 0.804703
    discharge_ratio: 0.5
    depth_of_discharge: 1.0
