cost_values:
  wind_capex: 5000.0
  wind_opex: 100
  wind_lifetime: 20
  solar_capex: 1000.0
  solar_opex: 10
  solar_lifetime: 20
  carbon_price: 1.0
timeseries_values:
  load_level: 252050.47366953324
  wind_year: 2018
  solar_year: 2010
  price_year: 2023
  carbon_year: 2023
storage_values:
  CAES:
    cost: 69.5307
    lifetime: 24.502
    annual_cost: 2.8377561015427313
    efficiency: 0.586461
    discharge_ratio: 0.1
    depth_of_discharge: 0.4
  Li-ion:
    cost: 285.694
    lifetime: 15.8444
    annual_cost: 18.031228699098737
    efficiency: 0.911557
    discharge_ratio: 2
    depth_of_discharge: 0.9
  Pb-acid:
    cost: 176.132
    lifetime: 6.9784
    annual_cost: 25.23959646910467
    efficiency: 0.738638
    discharge_ratio: 5
    depth_of_discharge: 0.5
  VRBF:
    cost: 354.03
    lifetime: 16.6654
    annual_cost: 21.24341449950196
    efficiency: 0.778101
    discharge_ratio: 0.5
    depth_of_discharge: 1.0
