cost_values:
  wind_capex: 5000.0
  wind_opex: 100
  wind_lifetime: 20
  solar_capex: 1000.0
  solar_opex: 10
  solar_lifetime: 20
  carbon_price: 1.0
timeseries_values:
  load_level: 252050.47366953324
  wind_year: 2018
  solar_year: 2010
  price_year: 2023
  carbon_year: 2023
storage_values:
  CAES:
    cost: 60.3242
    lifetime: 23.6715
    annual_cost: 2.548389413429651
    efficiency: 0.582718
    discharge_ratio: 0.1
    depth_of_discharge: 0.4
  Li-ion:
    cost: 299.964
    lifetime: 16.331
    annual_cost: 18.36776682383198
    efficiency: 0.923311
    discharge_ratio: 2
    depth_of_discharge: 0.9
  Pb-acid:
    cost: 172.317
    lifetime: 5.14931
    annual_cost: 33.46409518945257
    efficiency: 0.741001
    discharge_ratio: 5
    depth_of_discharge: 0.5
  VRBF:
    cost: 370.21
    lifetime: 15.013
    annual_cost: 24.659295277426228
    efficiency: 0.773731
    discharge_ratio: 0.5
    depth_of_discharge: 1.0
