cost_values:
  wind_capex: 5000.0
  wind_opex: 100
  wind_lifetime: 20
  solar_capex: 1000.0
  solar_opex: 10
  solar_lifetime: 20
  carbon_price: 1.0
timeseries_values:
  load_level: 227323.88336307099
  wind_year: 2013
  solar_year: 2018
  price_year: 2023
  carbon_year: 2023
storage_values:
  CAES:
    cost: 60.6599
    lifetime: 24.4844
    annual_cost: 2.4774917906912157
    efficiency: 0.613096
    discharge_ratio: 0.1
    depth_of_discharge: 0.4
  Li-ion:
    cost: 225.131
    lifetime: 19.4926
    annual_cost: 11.54956239803823
    efficiency: 0.914963
    discharge_ratio: 2
    depth_of_discharge: 0.9
  Pb-acid:
    cost: 197.099
    lifetime: 14.1463
    annual_cost: 13.932901182641396
    efficiency: 0.728624
    discharge_ratio: 5
    depth_of_discharge: 0.5
  VRBF:
    cost: 111.863
    lifetime: 29.6511
    annual_cost: 3.7726424989292133
    efficiency: 0.674868
    discharge_ratio: 0.5
    depth_of_discharge: 1.0
