cost_values:
  wind_capex: 5000.0
  wind_opex: 100
  wind_lifetime: 20
  solar_capex: 1000.0
  solar_opex: 10
  solar_lifetime: 20
  carbon_price: 1.0
timeseries_values:
  load_level: 227323.88336307099
  wind_year: 2013
  solar_year: 2018
  price_year: 2023
  carbon_year: 2023
storage_values:
  CAES:
    cost: 54.304
    lifetime: 24.8651
    annual_cost: 2.1839445648720495
    efficiency: 0.602224
    discharge_ratio: 0.1
    depth_of_discharge: 0.4
  Li-ion:
    cost: 244.144
    lifetime: 20.9537
    annual_cost: 11.651593751938798
    efficiency: 0.925277
    discharge_ratio: 2
    depth_of_discharge: 0.9
  Pb-acid:
    cost: 196.433
    lifetime: 14.4294
    annual_cost: 13.61338655799964
    efficiency: 0.717027
    discharge_ratio: 5
    depth_of_discharge: 0.5
  VRBF:
    cost: 137.168
    lifetime: 28.9918
    annual_cost: 4.731268841534503
    efficiency: 0.681147
    discharge_ratio: 0.5
    depth_of_discharge: 1.0
