cost_values:
  wind_capex: 5000.0
  wind_opex: 100
  wind_lifetime: 20
  solar_capex: 1000.0
  solar_opex: 10
  solar_lifetime: 20
  carbon_price: 1.0
timeseries_values:
  load_level: 227323.88336307099
  wind_year: 2013
  solar_year: 2018
  price_year: 2023
  carbon_year: 2023
storage_values:
  CAES:
    cost: 60.2834
    lifetime: 24.7109
    annual_cost: 2.4395469205896996
    efficiency: 0.601505
    discharge_ratio: 0.1
    depth_of_discharge: 0.4
  Li-ion:
    cost: 242.237
    lifetime: 21.9117
    annual_cost: 11.055144055458955
    efficiency: 0.903689
    discharge_ratio: 2
    depth_of_discharge: 0.9
  Pb-acid:
    cost: 200.562
    lifetime: 15.1262
    annual_cost: 13.259245547460697
    efficiency: 0.726997
    discharge_ratio: 5
    depth_of_discharge: 0.5
  VRBF:
    cost: 106.654
    lifetime: 29.9779
    annual_cost: 3.557754212269705
    efficiency: 0.681511
    discharge_ratio: 0.5
    depth_of_discharge: 1.0
