cost_values:
  wind_capex: 5000.0
  wind_opex: 100
  wind_lifetime: 20
  solar_capex: 1000.0
  solar_opex: 10
  solar_lifetime: 20
  carbon_price: 1.0
timeseries_values:
  load_level: 227323.88336307099
  wind_year: 2013
  solar_year: 2018
  price_year: 2023
  carbon_year: 2023
storage_values:
  CAES:
    cost: 53.3432
    lifetime: 24.6216
    annual_cost: 2.16652045358547
    efficiency: 0.602338
    discharge_ratio: 0.1
    depth_of_discharge: 0.4
  Li-ion:
    cost: 213.324
    lifetime: 21.2424
    annual_cost: 10.042368094000679
    efficiency: 0.89751
    discharge_ratio: 2
    depth_of_discharge: 0.9
  Pb-acid:
    cost: 211.2
    lifetime: 13.099
    annual_cost: 16.123368196045497
    efficiency: 0.732131
    discharge_ratio: 5
    depth_of_discharge: 0.5
  VRBF:
    cost: 129.073
    lifetime: 29.9647
    annual_cost: 4.307501827149947
    efficiency: 0.687781
    discharge_ratio: 0.5
    depth_of_discharge: 1.0
