cost_values:
  wind_capex: 5000.0
  wind_opex: 100
  wind_lifetime: 20
  solar_capex: 1000.0
  solar_opex: 10
  solar_lifetime: 20
  carbon_price: 1.0
timeseries_values:
  load_level: 227323.88336307099
  wind_year: 2013
  solar_year: 2018
  price_year: 2023
  carbon_year: 2023
storage_values:
  CAES:
    cost: 49.852
    lifetime: 23.8405
    annual_cost: 2.0910635263522157
    efficiency: 0.597666
    discharge_ratio: 0.1
    depth_of_discharge: 0.4
  Li-ion:
    cost: 241.877
    lifetime: 23.124
    annual_cost: 10.459998270195468
    efficiency: 0.90021
    discharge_ratio: 2
    depth_of_discharge: 0.9
  Pb-acid:
    cost: 220.877
    lifetime: 13.3816
    annual_cost: 16.50602319603037
    efficiency: 0.72225
    discharge_ratio: 5
    depth_of_discharge: 0.5
  VRBF:
    cost: 123.795
    lifetime: 29.6968
    annual_cost: 4.168630963605507
    efficiency: 0.680324
    discharge_ratio: 0.5
    depth_of_discharge: 1.0
