cost_values:
  wind_capex: 5000.0
  wind_opex: 100
  wind_lifetime: 20
  solar_capex: 1000.0
  solar_opex: 10
  solar_lifetime: 20
  carbon_price: 1.0
timeseries_values:
  load_level: 227323.88336307099
  wind_year: 2013
  solar_year: 2018
  price_year: 2023
  carbon_year: 2023
storage_values:
  CAES:
    cost: 59.4202
    lifetime: 24.3584
    annual_cost: 2.43941309774041
    efficiency: 0.600484
    discharge_ratio: 0.1
    depth_of_discharge: 0.4
  Li-ion:
    cost: 246.844
    lifetime: 22.9293
    annual_cost: 10.765439852067004
    efficiency: 0.912681
    discharge_ratio: 2
    depth_of_discharge: 0.9
  Pb-acid:
    cost: 204.883
    lifetime: 14.3929
    annual_cost: 14.23500475929104
    efficiency: 0.716752
    discharge_ratio: 5
    depth_of_discharge: 0.5
  VRBF:
    cost: 134.146
    lifetime: 29.0649
    annual_cost: 4.615395201772584
    efficiency: 0.673204
    discharge_ratio: 0.5
    depth_of_discharge: 1.0
