cost_values:
  wind_capex: 5000.0
  wind_opex: 100
  wind_lifetime: 20
  solar_capex: 1000.0
  solar_opex: 10
  solar_lifetime: 20
  carbon_price: 1.0
timeseries_values:
  load_level: 227323.88336307099
  wind_year: 2013
  solar_year: 2018
  price_year: 2023
  carbon_year: 2023
storage_values:
  CAES:
    cost: 58.7267
    lifetime: 24.6731
    annual_cost: 2.3801913825178027
    efficiency: 0.597191
    discharge_ratio: 0.1
    depth_of_discharge: 0.4
  Li-ion:
    cost: 258.878
    lifetime: 20.4027
    annual_cost: 12.688418689683228
    efficiency: 0.924404
    discharge_ratio: 2
    depth_of_discharge: 0.9
  Pb-acid:
    cost: 185.465
    lifetime: 13.8305
    annual_cost: 13.409855030548425
    efficiency: 0.738849
    discharge_ratio: 5
    depth_of_discharge: 0.5
  VRBF:
    cost: 117.81
    lifetime: 29.4942
    annual_cost: 3.9943446508127023
    efficiency: 0.68322
    discharge_ratio: 0.5
    depth_of_discharge: 1.0
