cost_values:
  wind_capex: 5000.0
  wind_opex: 100
  wind_lifetime: 20
  solar_capex: 1000.0
  solar_opex: 10
  solar_lifetime: 20
  carbon_price: 1.0
timeseries_values:
  load_level: 227323.88336307099
  wind_year: 2013
  solar_year: 2018
  price_year: 2023
  carbon_year: 2023
storage_values:
  CAES:
    cost: 52.7093
    lifetime: 24.9118
    annual_cost: 2.115836671778033
    efficiency: 0.613688
    discharge_ratio: 0.1
    depth_of_discharge: 0.4
  Li-ion:
    cost: 234.821
    lifetime: 20.5426
    annual_cost: 11.430928898970919
    efficiency: 0.904039
    discharge_ratio: 2
    depth_of_discharge: 0.9
  Pb-acid:
    cost: 203.569
    lifetime: 13.2606
    annual_cost: 15.351416979623847
    efficiency: 0.729504
    discharge_ratio: 5
    depth_of_discharge: 0.5
  VRBF:
    cost: 129.396
    lifetime: 29.5017
    annual_cost: 4.386052329187809
    efficiency: 0.66982
    discharge_ratio: 0.5
    depth_of_discharge: 1.0
