cost_values:
  wind_capex: 5000.0
  wind_opex: 100
  wind_lifetime: 20
  solar_capex: 1000.0
  solar_opex: 10
  solar_lifetime: 20
  carbon_price: 1.0
timeseries_values:
  load_level: 227323.88336307099
  wind_year: 2013
  solar_year: 2018
  price_year: 2023
  carbon_year: 2023
storage_values:
  CAES:
    cost: 55.909
    lifetime: 24.9863
    annual_cost: 2.2375861972360855
    efficiency: 0.605992
    discharge_ratio: 0.1
    depth_of_discharge: 0.4
  Li-ion:
    cost: 257.698
    lifetime: 20.3514
    annual_cost: 12.662421258488358
    efficiency: 0.906204
    discharge_ratio: 2
    depth_of_discharge: 0.9
  Pb-acid:
    cost: 231.015
    lifetime: 13.198
    annual_cost: 17.503788452795877
    efficiency: 0.723319
    discharge_ratio: 5
    depth_of_discharge: 0.5
  VRBF:
    cost: 103.094
    lifetime: 29.2394
    annual_cost: 3.525858943753976
    efficiency: 0.670957
    discharge_ratio: 0.5
    depth_of_discharge: 1.0
