cost_values:
  wind_capex: 5000.0
  wind_opex: 100
  wind_lifetime: 20
  solar_capex: 1000.0
  solar_opex: 10
  solar_lifetime: 20
  carbon_price: 1.0
timeseries_values:
  load_level: 227323.88336307099
  wind_year: 2013
  solar_year: 2018
  price_year: 2023
  carbon_year: 2023
storage_values:
  CAES:
    cost: 61.9806
    lifetime: 25.8827
    annual_cost: 2.394672889613526
    efficiency: 0.608243
    discharge_ratio: 0.1
    depth_of_discharge: 0.4
  Li-ion:
    cost: 272.904
    lifetime: 21.4241
    annual_cost: 12.738178033149584
    efficiency: 0.919971
    discharge_ratio: 2
    depth_of_discharge: 0.9
  Pb-acid:
    cost: 232.02
    lifetime: 13.6149
    annual_cost: 17.04162351541326
    efficiency: 0.714267
    discharge_ratio: 5
    depth_of_discharge: 0.5
  VRBF:
    cost: 123.22
    lifetime: 27.7076
    annual_cost: 4.44715529313257
    efficiency: 0.710946
    discharge_ratio: 0.5
    depth_of_discharge: 1.0
