cost_values:
  wind_capex: 5000.0
  wind_opex: 100
  wind_lifetime: 20
  solar_capex: 1000.0
  solar_opex: 10
  solar_lifetime: 20
  carbon_price: 1.0
timeseries_values:
  load_level: 227323.88336307099
  wind_year: 2013
  solar_year: 2018
  price_year: 2023
  carbon_year: 2023
storage_values:
  CAES:
    cost: 59.3899
    lifetime: 23.6186
    annual_cost: 2.5145393884480876
    efficiency: 0.597639
    discharge_ratio: 0.1
    depth_of_discharge: 0.4
  Li-ion:
    cost: 238.661
    lifetime: 19.0708
    annual_cost: 12.514472387104895
    efficiency: 0.906878
    discharge_ratio: 2
    depth_of_discharge: 0.9
  Pb-acid:
    cost: 217.644
    lifetime: 12.794
    annual_cost: 17.01141159918712
    efficiency: 0.730856
    discharge_ratio: 5
    depth_of_discharge: 0.5
  VRBF:
    cost: 116.861
    lifetime: 27.9673
    annual_cost: 4.178487018768347
    efficiency: 0.674985
    discharge_ratio: 0.5
    depth_of_discharge: 1.0
