cost_values:
  wind_capex: 5000.0
  wind_opex: 100
  wind_lifetime: 20
  solar_capex: 1000.0
  solar_opex: 10
  solar_lifetime: 20
  carbon_price: 1.0
timeseries_values:
  load_level: 227323.88336307099
  wind_year: 2013
  solar_year: 2018
  price_year: 2023
  carbon_year: 2023
storage_values:
  CAES:
    cost: 51.4228
    lifetime: 24.3661
    annual_cost: 2.1104239086271503
    efficiency: 0.600268
    discharge_ratio: 0.1
    depth_of_discharge: 0.4
  Li-ion:
    cost: 232.082
    lifetime: 19.2222
    annual_cost: 12.073644015773429
    efficiency: 0.905065
    discharge_ratio: 2
    depth_of_discharge: 0.9
  Pb-acid:
    cost: 230.081
    lifetime: 14.2441
    annual_cost: 16.15272288175455
    efficiency: 0.706015
    discharge_ratio: 5
    depth_of_discharge: 0.5
  VRBF:
    cost: 119.673
    lifetime: 29.5305
    annual_cost: 4.052521968811907
    efficiency: 0.704052
    discharge_ratio: 0.5
    depth_of_discharge: 1.0
