cost_values:
  wind_capex: 5000.0
  wind_opex: 100
  wind_lifetime: 20
  solar_capex: 1000.0
  solar_opex: 10
  solar_lifetime: 20
  carbon_price: 1.0
timeseries_values:
  load_level: 227323.88336307099
  wind_year: 2013
  solar_year: 2018
  price_year: 2023
  carbon_year: 2023
storage_values:
  CAES:
    cost: 52.5582
    lifetime: 24.5152
    annual_cost: 2.14390255841274
    efficiency: 0.595701
    discharge_ratio: 0.1
    depth_of_discharge: 0.4
  Li-ion:
    cost: 262.96
    lifetime: 21.4299
    annual_cost: 12.270705882901925
    efficiency: 0.90751
    discharge_ratio: 2
    depth_of_discharge: 0.9
  Pb-acid:
    cost: 209.743
    lifetime: 15.2122
    annual_cost: 13.78781504318902
    efficiency: 0.729462
    discharge_ratio: 5
    depth_of_discharge: 0.5
  VRBF:
    cost: 173.922
    lifetime: 28.8402
    annual_cost: 6.030540703601224
    efficiency: 0.69516
    discharge_ratio: 0.5
    depth_of_discharge: 1.0
