cost_values:
  wind_capex: 5000.0
  wind_opex: 100
  wind_lifetime: 20
  solar_capex: 1000.0
  solar_opex: 10
  solar_lifetime: 20
  carbon_price: 1.0
timeseries_values:
  load_level: 227323.88336307099
  wind_year: 2013
  solar_year: 2018
  price_year: 2023
  carbon_year: 2023
storage_values:
  CAES:
    cost: 57.2075
    lifetime: 25.1481
    annual_cost: 2.274823942961894
    efficiency: 0.611197
    discharge_ratio: 0.1
    depth_of_discharge: 0.4
  Li-ion:
    cost: 243.865
    lifetime: 20.3755
    annual_cost: 11.96854064930922
    efficiency: 0.904924
    discharge_ratio: 2
    depth_of_discharge: 0.9
  Pb-acid:
    cost: 237.521
    lifetime: 14.2783
    annual_cost: 16.635103618778146
    efficiency: 0.722962
    discharge_ratio: 5
    depth_of_discharge: 0.5
  VRBF:
    cost: 127.656
    lifetime: 28.427
    annual_cost: 4.4906602877546
    efficiency: 0.685579
    discharge_ratio: 0.5
    depth_of_discharge: 1.0
