cost_values:
  wind_capex: 5000.0
  wind_opex: 100
  wind_lifetime: 20
  solar_capex: 1000.0
  solar_opex: 10
  solar_lifetime: 20
  carbon_price: 1.0
timeseries_values:
  load_level: 227323.88336307099
  wind_year: 2013
  solar_year: 2018
  price_year: 2023
  carbon_year: 2023
storage_values:
  CAES:
    cost: 52.1139
    lifetime: 25.6654
    annual_cost: 2.03051189539224
    efficiency: 0.606441
    discharge_ratio: 0.1
    depth_of_discharge: 0.4
  Li-ion:
    cost: 245.556
    lifetime: 19.7624
    annual_cost: 12.425413917337975
    efficiency: 0.924729
    discharge_ratio: 2
    depth_of_discharge: 0.9
  Pb-acid:
    cost: 182.341
    lifetime: 12.9984
    annual_cost: 14.027957287050715
    efficiency: 0.721518
    discharge_ratio: 5
    depth_of_discharge: 0.5
  VRBF:
    cost: 130.219
    lifetime: 28.0818
    annual_cost: 4.637131522908075
    efficiency: 0.661927
    discharge_ratio: 0.5
    depth_of_discharge: 1.0
