cost_values:
  wind_capex: 5000.0
  wind_opex: 100
  wind_lifetime: 20
  solar_capex: 1000.0
  solar_opex: 10
  solar_lifetime: 20
  carbon_price: 1.0
timeseries_values:
  load_level: 227323.88336307099
  wind_year: 2013
  solar_year: 2018
  price_year: 2023
  carbon_year: 2023
storage_values:
  CAES:
    cost: 56.5199
    lifetime: 25.1662
    annual_cost: 2.245865486247427
    efficiency: 0.604766
    discharge_ratio: 0.1
    depth_of_discharge: 0.4
  Li-ion:
    cost: 247.305
    lifetime: 21.1021
    annual_cost: 11.71944972301335
    efficiency: 0.905963
    discharge_ratio: 2
    depth_of_discharge: 0.9
  Pb-acid:
    cost: 218.371
    lifetime: 13.2281
    annual_cost: 16.508115300005294
    efficiency: 0.708468
    discharge_ratio: 5
    depth_of_discharge: 0.5
  VRBF:
    cost: 125.58
    lifetime: 29.4378
    annual_cost: 4.265943786560137
    efficiency: 0.653535
    discharge_ratio: 0.5
    depth_of_discharge: 1.0
