cost_values:
  wind_capex: 5000.0
  wind_opex: 100
  wind_lifetime: 20
  solar_capex: 1000.0
  solar_opex: 10
  solar_lifetime: 20
  carbon_price: 1.0
timeseries_values:
  load_level: 227323.88336307099
  wind_year: 2013
  solar_year: 2018
  price_year: 2023
  carbon_year: 2023
storage_values:
  CAES:
    cost: 59.7317
    lifetime: 25.0964
    annual_cost: 2.3800903715273902
    efficiency: 0.606984
    discharge_ratio: 0.1
    depth_of_discharge: 0.4
  Li-ion:
    cost: 246.415
    lifetime: 22.4705
    annual_cost: 10.966155626265547
    efficiency: 0.897067
    discharge_ratio: 2
    depth_of_discharge: 0.9
  Pb-acid:
    cost: 186.751
    lifetime: 13.1222
    annual_cost: 14.231683711572755
    efficiency: 0.722744
    discharge_ratio: 5
    depth_of_discharge: 0.5
  VRBF:
    cost: 131.231
    lifetime: 29.6169
    annual_cost: 4.430949896849434
    efficiency: 0.671121
    discharge_ratio: 0.5
    depth_of_discharge: 1.0
