cost_values:
  wind_capex: 5000.0
  wind_opex: 100
  wind_lifetime: 20
  solar_capex: 1000.0
  solar_opex: 10
  solar_lifetime: 20
  carbon_price: 1.0
timeseries_values:
  load_level: 227323.88336307099
  wind_year: 2013
  solar_year: 2018
  price_year: 2023
  carbon_year: 2023
storage_values:
  CAES:
    cost: 60.6201
    lifetime: 25.1217
    annual_cost: 2.41305723736849
    efficiency: 0.601451
    discharge_ratio: 0.1
    depth_of_discharge: 0.4
  Li-ion:
    cost: 242.016
    lifetime: 22.6493
    annual_cost: 10.685363344562525
    efficiency: 0.892126
    discharge_ratio: 2
    depth_of_discharge: 0.9
  Pb-acid:
    cost: 223.739
    lifetime: 12.9277
    annual_cost: 17.306945551026093
    efficiency: 0.716767
    discharge_ratio: 5
    depth_of_discharge: 0.5
  VRBF:
    cost: 100.186
    lifetime: 29.2144
    annual_cost: 3.4293362177556275
    efficiency: 0.693309
    discharge_ratio: 0.5
    depth_of_discharge: 1.0
