cost_values:
  wind_capex: 5000.0
  wind_opex: 100
  wind_lifetime: 20
  solar_capex: 1000.0
  solar_opex: 10
  solar_lifetime: 20
  carbon_price: 1.0
timeseries_values:
  load_level: 227323.88336307099
  wind_year: 2013
  solar_year: 2018
  price_year: 2023
  carbon_year: 2023
storage_values:
  CAES:
    cost: 52.9596
    lifetime: 24.8679
    annual_cost: 2.1296370019181357
    efficiency: 0.599183
    discharge_ratio: 0.1
    depth_of_discharge: 0.4
  Li-ion:
    cost: 245.718
    lifetime: 22.8137
    annual_cost: 10.770633435172725
    efficiency: 0.889977
    discharge_ratio: 2
    depth_of_discharge: 0.9
  Pb-acid:
    cost: 197.87
    lifetime: 13.6938
    annual_cost: 14.449604930698564
    efficiency: 0.73333
    discharge_ratio: 5
    depth_of_discharge: 0.5
  VRBF:
    cost: 138.353
    lifetime: 29.0379
    annual_cost: 4.764566308169668
    efficiency: 0.659395
    discharge_ratio: 0.5
    depth_of_discharge: 1.0
