cost_values:
  wind_capex: 5000.0
  wind_opex: 100
  wind_lifetime: 20
  solar_capex: 1000.0
  solar_opex: 10
  solar_lifetime: 20
  carbon_price: 1.0
timeseries_values:
  load_level: 227323.88336307099
  wind_year: 2013
  solar_year: 2018
  price_year: 2023
  carbon_year: 2023
storage_values:
  CAES:
    cost: 58.6172
    lifetime: 25.1216
    annual_cost: 2.333338640850901
    efficiency: 0.596593
    discharge_ratio: 0.1
    depth_of_discharge: 0.4
  Li-ion:
    cost: 256.242
    lifetime: 22.9574
    annual_cost: 11.161629801284118
    efficiency: 0.902361
    discharge_ratio: 2
    depth_of_discharge: 0.9
  Pb-acid:
    cost: 200.52
    lifetime: 12.7768
    annual_cost: 15.694070502786301
    efficiency: 0.710138
    discharge_ratio: 5
    depth_of_discharge: 0.5
  VRBF:
    cost: 136.988
    lifetime: 29.5137
    annual_cost: 4.641505470340893
    efficiency: 0.669762
    discharge_ratio: 0.5
    depth_of_discharge: 1.0
