cost_values:
  wind_capex: 5000.0
  wind_opex: 100
  wind_lifetime: 20
  solar_capex: 1000.0
  solar_opex: 10
  solar_lifetime: 20
  carbon_price: 1.0
timeseries_values:
  load_level: 227323.88336307099
  wind_year: 2013
  solar_year: 2018
  price_year: 2023
  carbon_year: 2023
storage_values:
  CAES:
    cost: 54.4566
    lifetime: 24.1279
    annual_cost: 2.2569970863606033
    efficiency: 0.598408
    discharge_ratio: 0.1
    depth_of_discharge: 0.4
  Li-ion:
    cost: 263.005
    lifetime: 19.2883
    annual_cost: 13.635468133531727
    efficiency: 0.905815
    discharge_ratio: 2
    depth_of_discharge: 0.9
  Pb-acid:
    cost: 201.131
    lifetime: 14.1936
    annual_cost: 14.170541652575809
    efficiency: 0.742412
    discharge_ratio: 5
    depth_of_discharge: 0.5
  VRBF:
    cost: 115.219
    lifetime: 29.9605
    annual_cost: 3.8456968341649835
    efficiency: 0.667706
    discharge_ratio: 0.5
    depth_of_discharge: 1.0
