cost_values:
  wind_capex: 5000.0
  wind_opex: 100
  wind_lifetime: 20
  solar_capex: 1000.0
  solar_opex: 10
  solar_lifetime: 20
  carbon_price: 1.0
timeseries_values:
  load_level: 227323.88336307099
  wind_year: 2013
  solar_year: 2018
  price_year: 2023
  carbon_year: 2023
storage_values:
  CAES:
    cost: 62.6758
    lifetime: 24.4447
    annual_cost: 2.563983194721146
    efficiency: 0.614164
    discharge_ratio: 0.1
    depth_of_discharge: 0.4
  Li-ion:
    cost: 258.85
    lifetime: 22.2268
    annual_cost: 11.64585095470333
    efficiency: 0.898107
    discharge_ratio: 2
    depth_of_discharge: 0.9
  Pb-acid:
    cost: 206.592
    lifetime: 11.8926
    annual_cost: 17.371474698552042
    efficiency: 0.715945
    discharge_ratio: 5
    depth_of_discharge: 0.5
  VRBF:
    cost: 115.532
    lifetime: 28.8422
    annual_cost: 4.005658375574679
    efficiency: 0.680984
    discharge_ratio: 0.5
    depth_of_discharge: 1.0
