cost_values:
  wind_capex: 5000.0
  wind_opex: 100
  wind_lifetime: 20
  solar_capex: 1000.0
  solar_opex: 10
  solar_lifetime: 20
  carbon_price: 1.0
timeseries_values:
  load_level: 227323.88336307099
  wind_year: 2013
  solar_year: 2018
  price_year: 2023
  carbon_year: 2023
storage_values:
  CAES:
    cost: 53.3792
    lifetime: 24.6428
    annual_cost: 2.1661174866492443
    efficiency: 0.589113
    discharge_ratio: 0.1
    depth_of_discharge: 0.4
  Li-ion:
    cost: 239.263
    lifetime: 20.9765
    annual_cost: 11.406240316544704
    efficiency: 0.900031
    discharge_ratio: 2
    depth_of_discharge: 0.9
  Pb-acid:
    cost: 212.111
    lifetime: 13.6882
    annual_cost: 15.495901579462602
    efficiency: 0.719043
    discharge_ratio: 5
    depth_of_discharge: 0.5
  VRBF:
    cost: 117.711
    lifetime: 29.4841
    annual_cost: 3.9923552016171424
    efficiency: 0.677145
    discharge_ratio: 0.5
    depth_of_discharge: 1.0
