cost_values:
  wind_capex: 5000.0
  wind_opex: 100
  wind_lifetime: 20
  solar_capex: 1000.0
  solar_opex: 10
  solar_lifetime: 20
  carbon_price: 1.0
timeseries_values:
  load_level: 227323.88336307099
  wind_year: 2013
  solar_year: 2018
  price_year: 2023
  carbon_year: 2023
storage_values:
  CAES:
    cost: 52.0477
    lifetime: 24.6485
    annual_cost: 2.1115970545875005
    efficiency: 0.590959
    discharge_ratio: 0.1
    depth_of_discharge: 0.4
  Li-ion:
    cost: 220.673
    lifetime: 20.907
    annual_cost: 10.554981585115033
    efficiency: 0.909639
    discharge_ratio: 2
    depth_of_discharge: 0.9
  Pb-acid:
    cost: 220.654
    lifetime: 14.682
    annual_cost: 15.028878899332515
    efficiency: 0.736184
    discharge_ratio: 5
    depth_of_discharge: 0.5
  VRBF:
    cost: 122.486
    lifetime: 27.9745
    annual_cost: 4.378487551162666
    efficiency: 0.695774
    discharge_ratio: 0.5
    depth_of_discharge: 1.0
