cost_values:
  wind_capex: 5000.0
  wind_opex: 100
  wind_lifetime: 20
  solar_capex: 1000.0
  solar_opex: 10
  solar_lifetime: 20
  carbon_price: 1.0
timeseries_values:
  load_level: 227323.88336307099
  wind_year: 2013
  solar_year: 2018
  price_year: 2023
  carbon_year: 2023
storage_values:
  CAES:
    cost: 57.6877
    lifetime: 23.6292
    annual_cost: 2.4413733854722124
    efficiency: 0.605913
    discharge_ratio: 0.1
    depth_of_discharge: 0.4
  Li-ion:
    cost: 259.935
    lifetime: 22.8141
    annual_cost: 11.393611845306193
    efficiency: 0.903531
    discharge_ratio: 2
    depth_of_discharge: 0.9
  Pb-acid:
    cost: 210.258
    lifetime: 13.6784
    annual_cost: 15.371534682418996
    efficiency: 0.733651
    discharge_ratio: 5
    depth_of_discharge: 0.5
  VRBF:
    cost: 124.441
    lifetime: 29.3019
    annual_cost: 4.24685771229852
    efficiency: 0.685635
    discharge_ratio: 0.5
    depth_of_discharge: 1.0
