cost_values:
  wind_capex: 5000.0
  wind_opex: 100
  wind_lifetime: 20
  solar_capex: 1000.0
  solar_opex: 10
  solar_lifetime: 20
  carbon_price: 1.0
timeseries_values:
  load_level: 227323.88336307099
  wind_year: 2013
  solar_year: 2018
  price_year: 2023
  carbon_year: 2023
storage_values:
  CAES:
    cost: 60.0964
    lifetime: 24.1907
    annual_cost: 2.4842770155472973
    efficiency: 0.607138
    discharge_ratio: 0.1
    depth_of_discharge: 0.4
  Li-ion:
    cost: 256.587
    lifetime: 19.7967
    annual_cost: 12.96109957720226
    efficiency: 0.902072
    discharge_ratio: 2
    depth_of_discharge: 0.9
  Pb-acid:
    cost: 188.355
    lifetime: 11.7328
    annual_cost: 16.053712668757672
    efficiency: 0.729719
    discharge_ratio: 5
    depth_of_discharge: 0.5
  VRBF:
    cost: 131.485
    lifetime: 28.3162
    annual_cost: 4.6434549833664125
    efficiency: 0.692525
    discharge_ratio: 0.5
    depth_of_discharge: 1.0
