cost_values:
  wind_capex: 5000.0
  wind_opex: 100
  wind_lifetime: 20
  solar_capex: 1000.0
  solar_opex: 10
  solar_lifetime: 20
  carbon_price: 1.0
timeseries_values:
  load_level: 227323.88336307099
  wind_year: 2013
  solar_year: 2018
  price_year: 2023
  carbon_year: 2023
storage_values:
  CAES:
    cost: 58.6654
    lifetime: 23.7122
    annual_cost: 2.4740597667023727
    efficiency: 0.598752
    discharge_ratio: 0.1
    depth_of_discharge: 0.4
  Li-ion:
    cost: 234.134
    lifetime: 22.7242
    annual_cost: 10.303289004673431
    efficiency: 0.886521
    discharge_ratio: 2
    depth_of_discharge: 0.9
  Pb-acid:
    cost: 214.135
    lifetime: 13.0556
    annual_cost: 16.401773951407826
    efficiency: 0.729828
    discharge_ratio: 5
    depth_of_discharge: 0.5
  VRBF:
    cost: 107.563
    lifetime: 29.7161
    annual_cost: 3.6196876440717323
    efficiency: 0.696223
    discharge_ratio: 0.5
    depth_of_discharge: 1.0
