cost_values:
  wind_capex: 5000.0
  wind_opex: 100
  wind_lifetime: 20
  solar_capex: 1000.0
  solar_opex: 10
  solar_lifetime: 20
  carbon_price: 1.0
timeseries_values:
  load_level: 227323.88336307099
  wind_year: 2013
  solar_year: 2018
  price_year: 2023
  carbon_year: 2023
storage_values:
  CAES:
    cost: 53.2928
    lifetime: 23.2373
    annual_cost: 2.2934161886277664
    efficiency: 0.604676
    discharge_ratio: 0.1
    depth_of_discharge: 0.4
  Li-ion:
    cost: 239.614
    lifetime: 21.2618
    annual_cost: 11.269694945865355
    efficiency: 0.891775
    discharge_ratio: 2
    depth_of_discharge: 0.9
  Pb-acid:
    cost: 197.465
    lifetime: 13.4212
    annual_cost: 14.71291687777546
    efficiency: 0.711394
    discharge_ratio: 5
    depth_of_discharge: 0.5
  VRBF:
    cost: 134.53
    lifetime: 28.9859
    annual_cost: 4.64122211144039
    efficiency: 0.680141
    discharge_ratio: 0.5
    depth_of_discharge: 1.0
