cost_values:
  wind_capex: 5000.0
  wind_opex: 100
  wind_lifetime: 20
  solar_capex: 1000.0
  solar_opex: 10
  solar_lifetime: 20
  carbon_price: 1.0
timeseries_values:
  load_level: 227323.88336307099
  wind_year: 2013
  solar_year: 2018
  price_year: 2023
  carbon_year: 2023
storage_values:
  CAES:
    cost: 62.4478
    lifetime: 24.0464
    annual_cost: 2.596970856344401
    efficiency: 0.590939
    discharge_ratio: 0.1
    depth_of_discharge: 0.4
  Li-ion:
    cost: 263.701
    lifetime: 22.8839
    annual_cost: 11.523429135767943
    efficiency: 0.899653
    discharge_ratio: 2
    depth_of_discharge: 0.9
  Pb-acid:
    cost: 210.498
    lifetime: 13.9331
    annual_cost: 15.107764962571144
    efficiency: 0.726306
    discharge_ratio: 5
    depth_of_discharge: 0.5
  VRBF:
    cost: 103.851
    lifetime: 29.9282
    annual_cost: 3.4700048783421655
    efficiency: 0.683475
    discharge_ratio: 0.5
    depth_of_discharge: 1.0
