cost_values:
  wind_capex: 5000.0
  wind_opex: 100
  wind_lifetime: 20
  solar_capex: 1000.0
  solar_opex: 10
  solar_lifetime: 20
  carbon_price: 1.0
timeseries_values:
  load_level: 227323.88336307099
  wind_year: 2013
  solar_year: 2018
  price_year: 2023
  carbon_year: 2023
storage_values:
  CAES:
    cost: 59.4377
    lifetime: 25.6347
    annual_cost: 2.3186423090576445
    efficiency: 0.598472
    discharge_ratio: 0.1
    depth_of_discharge: 0.4
  Li-ion:
    cost: 255.063
    lifetime: 20.8408
    annual_cost: 12.23863767225826
    efficiency: 0.909053
    discharge_ratio: 2
    depth_of_discharge: 0.9
  Pb-acid:
    cost: 189.805
    lifetime: 14.1196
    annual_cost: 13.44266126519165
    efficiency: 0.745631
    discharge_ratio: 5
    depth_of_discharge: 0.5
  VRBF:
    cost: 119.944
    lifetime: 29.7858
    annual_cost: 4.0268852943348845
    efficiency: 0.686681
    discharge_ratio: 0.5
    depth_of_discharge: 1.0
