cost_values:
  wind_capex: 5000.0
  wind_opex: 100
  wind_lifetime: 20
  solar_capex: 1000.0
  solar_opex: 10
  solar_lifetime: 20
  carbon_price: 1.0
timeseries_values:
  load_level: 227323.88336307099
  wind_year: 2013
  solar_year: 2018
  price_year: 2023
  carbon_year: 2023
storage_values:
  CAES:
    cost: 62.2124
    lifetime: 25.024
    annual_cost: 2.486109335038363
    efficiency: 0.601075
    discharge_ratio: 0.1
    depth_of_discharge: 0.4
  Li-ion:
    cost: 237.017
    lifetime: 22.0024
    annual_cost: 10.772324837290476
    efficiency: 0.910077
    discharge_ratio: 2
    depth_of_discharge: 0.9
  Pb-acid:
    cost: 196.581
    lifetime: 15.0507
    annual_cost: 13.061252964978372
    efficiency: 0.720071
    discharge_ratio: 5
    depth_of_discharge: 0.5
  VRBF:
    cost: 108.333
    lifetime: 28.9188
    annual_cost: 3.746109797087016
    efficiency: 0.685508
    discharge_ratio: 0.5
    depth_of_discharge: 1.0
