cost_values:
  wind_capex: 5000.0
  wind_opex: 100
  wind_lifetime: 20
  solar_capex: 1000.0
  solar_opex: 10
  solar_lifetime: 20
  carbon_price: 1.0
timeseries_values:
  load_level: 227323.88336307099
  wind_year: 2013
  solar_year: 2018
  price_year: 2023
  carbon_year: 2023
storage_values:
  CAES:
    cost: 52.466
    lifetime: 24.5883
    annual_cost: 2.1337790737871263
    efficiency: 0.588922
    discharge_ratio: 0.1
    depth_of_discharge: 0.4
  Li-ion:
    cost: 257.098
    lifetime: 18.769
    annual_cost: 13.698012680483778
    efficiency: 0.910907
    discharge_ratio: 2
    depth_of_discharge: 0.9
  Pb-acid:
    cost: 227.014
    lifetime: 13.5938
    annual_cost: 16.699819035148376
    efficiency: 0.724854
    discharge_ratio: 5
    depth_of_discharge: 0.5
  VRBF:
    cost: 118.019
    lifetime: 28.8837
    annual_cost: 4.086006986639523
    efficiency: 0.677025
    discharge_ratio: 0.5
    depth_of_discharge: 1.0
