cost_values:
  wind_capex: 5000.0
  wind_opex: 100
  wind_lifetime: 20
  solar_capex: 1000.0
  solar_opex: 10
  solar_lifetime: 20
  carbon_price: 1.0
timeseries_values:
  load_level: 227323.88336307099
  wind_year: 2013
  solar_year: 2018
  price_year: 2023
  carbon_year: 2023
storage_values:
  CAES:
    cost: 54.6439
    lifetime: 23.6473
    annual_cost: 2.3107881238027175
    efficiency: 0.6048
    discharge_ratio: 0.1
    depth_of_discharge: 0.4
  Li-ion:
    cost: 250.975
    lifetime: 22.1023
    annual_cost: 11.355153083615733
    efficiency: 0.912908
    discharge_ratio: 2
    depth_of_discharge: 0.9
  Pb-acid:
    cost: 195.278
    lifetime: 13.3753
    annual_cost: 14.599896824744118
    efficiency: 0.724763
    discharge_ratio: 5
    depth_of_discharge: 0.5
  VRBF:
    cost: 109.39
    lifetime: 29.0913
    annual_cost: 3.7602307218996742
    efficiency: 0.677436
    discharge_ratio: 0.5
    depth_of_discharge: 1.0
