cost_values:
  wind_capex: 5000.0
  wind_opex: 100
  wind_lifetime: 20
  solar_capex: 1000.0
  solar_opex: 10
  solar_lifetime: 20
  carbon_price: 1.0
timeseries_values:
  load_level: 227323.88336307099
  wind_year: 2013
  solar_year: 2018
  price_year: 2023
  carbon_year: 2023
storage_values:
  CAES:
    cost: 58.0574
    lifetime: 24.0327
    annual_cost: 2.4157668509988475
    efficiency: 0.61075
    discharge_ratio: 0.1
    depth_of_discharge: 0.4
  Li-ion:
    cost: 243.8
    lifetime: 20.5748
    annual_cost: 11.849446896203123
    efficiency: 0.918778
    discharge_ratio: 2
    depth_of_discharge: 0.9
  Pb-acid:
    cost: 199.709
    lifetime: 12.137
    annual_cost: 16.45456043503337
    efficiency: 0.734394
    discharge_ratio: 5
    depth_of_discharge: 0.5
  VRBF:
    cost: 141.155
    lifetime: 29.9341
    annual_cost: 4.715525103477305
    efficiency: 0.682929
    discharge_ratio: 0.5
    depth_of_discharge: 1.0
