cost_values:
  wind_capex: 5000.0
  wind_opex: 100
  wind_lifetime: 20
  solar_capex: 1000.0
  solar_opex: 10
  solar_lifetime: 20
  carbon_price: 1.0
timeseries_values:
  load_level: 227323.88336307099
  wind_year: 2013
  solar_year: 2018
  price_year: 2023
  carbon_year: 2023
storage_values:
  CAES:
    cost: 52.5463
    lifetime: 24.7085
    annual_cost: 2.1266487241232777
    efficiency: 0.591782
    discharge_ratio: 0.1
    depth_of_discharge: 0.4
  Li-ion:
    cost: 257.156
    lifetime: 19.8002
    annual_cost: 12.987545580347673
    efficiency: 0.901861
    discharge_ratio: 2
    depth_of_discharge: 0.9
  Pb-acid:
    cost: 225.02
    lifetime: 14.0243
    annual_cost: 16.04500759396191
    efficiency: 0.712211
    discharge_ratio: 5
    depth_of_discharge: 0.5
  VRBF:
    cost: 102.259
    lifetime: 28.0406
    annual_cost: 3.6468192549374834
    efficiency: 0.687083
    discharge_ratio: 0.5
    depth_of_discharge: 1.0
