cost_values:
  wind_capex: 5000.0
  wind_opex: 100
  wind_lifetime: 20
  solar_capex: 1000.0
  solar_opex: 10
  solar_lifetime: 20
  carbon_price: 1.0
timeseries_values:
  load_level: 227323.88336307099
  wind_year: 2013
  solar_year: 2018
  price_year: 2023
  carbon_year: 2023
storage_values:
  CAES:
    cost: 57.7713
    lifetime: 24.1294
    annual_cost: 2.3942286173713394
    efficiency: 0.597161
    discharge_ratio: 0.1
    depth_of_discharge: 0.4
  Li-ion:
    cost: 238.71
    lifetime: 21.365
    annual_cost: 11.172946407676108
    efficiency: 0.914809
    discharge_ratio: 2
    depth_of_discharge: 0.9
  Pb-acid:
    cost: 217.552
    lifetime: 13.8793
    annual_cost: 15.674565720173206
    efficiency: 0.710018
    discharge_ratio: 5
    depth_of_discharge: 0.5
  VRBF:
    cost: 116.258
    lifetime: 28.1047
    annual_cost: 4.136603486249631
    efficiency: 0.677864
    discharge_ratio: 0.5
    depth_of_discharge: 1.0
