cost_values:
  wind_capex: 5000.0
  wind_opex: 100
  wind_lifetime: 20
  solar_capex: 1000.0
  solar_opex: 10
  solar_lifetime: 20
  carbon_price: 1.0
timeseries_values:
  load_level: 227323.88336307099
  wind_year: 2013
  solar_year: 2018
  price_year: 2023
  carbon_year: 2023
storage_values:
  CAES:
    cost: 59.808
    lifetime: 23.9349
    annual_cost: 2.498777935149092
    efficiency: 0.590322
    discharge_ratio: 0.1
    depth_of_discharge: 0.4
  Li-ion:
    cost: 229.567
    lifetime: 18.7281
    annual_cost: 12.257890549495142
    efficiency: 0.894961
    discharge_ratio: 2
    depth_of_discharge: 0.9
  Pb-acid:
    cost: 209.53
    lifetime: 13.9416
    annual_cost: 15.029121478166065
    efficiency: 0.726807
    discharge_ratio: 5
    depth_of_discharge: 0.5
  VRBF:
    cost: 130.946
    lifetime: 29.3065
    annual_cost: 4.468155528636991
    efficiency: 0.659991
    discharge_ratio: 0.5
    depth_of_discharge: 1.0
