cost_values:
  wind_capex: 5000.0
  wind_opex: 100
  wind_lifetime: 20
  solar_capex: 1000.0
  solar_opex: 10
  solar_lifetime: 20
  carbon_price: 1.0
timeseries_values:
  load_level: 227323.88336307099
  wind_year: 2013
  solar_year: 2018
  price_year: 2023
  carbon_year: 2023
storage_values:
  CAES:
    cost: 56.471
    lifetime: 26.3723
    annual_cost: 2.1412997728677436
    efficiency: 0.601344
    discharge_ratio: 0.1
    depth_of_discharge: 0.4
  Li-ion:
    cost: 245.407
    lifetime: 22.6475
    annual_cost: 10.835942156970969
    efficiency: 0.891479
    discharge_ratio: 2
    depth_of_discharge: 0.9
  Pb-acid:
    cost: 213.12
    lifetime: 12.9376
    annual_cost: 16.472916151372743
    efficiency: 0.712405
    discharge_ratio: 5
    depth_of_discharge: 0.5
  VRBF:
    cost: 116.77
    lifetime: 29.4386
    annual_cost: 3.9665609098258745
    efficiency: 0.676834
    discharge_ratio: 0.5
    depth_of_discharge: 1.0
