cost_values:
  wind_capex: 5000.0
  wind_opex: 100
  wind_lifetime: 20
  solar_capex: 1000.0
  solar_opex: 10
  solar_lifetime: 20
  carbon_price: 1.0
timeseries_values:
  load_level: 227323.88336307099
  wind_year: 2013
  solar_year: 2018
  price_year: 2023
  carbon_year: 2023
storage_values:
  CAES:
    cost: 55.3244
    lifetime: 24.8513
    annual_cost: 2.226217541939456
    efficiency: 0.612208
    discharge_ratio: 0.1
    depth_of_discharge: 0.4
  Li-ion:
    cost: 237.5
    lifetime: 21.9733
    annual_cost: 10.808572221741843
    efficiency: 0.893001
    discharge_ratio: 2
    depth_of_discharge: 0.9
  Pb-acid:
    cost: 209.174
    lifetime: 14.0008
    annual_cost: 14.94014627735558
    efficiency: 0.721924
    discharge_ratio: 5
    depth_of_discharge: 0.5
  VRBF:
    cost: 116.583
    lifetime: 28.8011
    annual_cost: 4.047866227331594
    efficiency: 0.671924
    discharge_ratio: 0.5
    depth_of_discharge: 1.0
