cost_values:
  wind_capex: 5000.0
  wind_opex: 100
  wind_lifetime: 20
  solar_capex: 1000.0
  solar_opex: 10
  solar_lifetime: 20
  carbon_price: 1.0
timeseries_values:
  load_level: 227323.88336307099
  wind_year: 2013
  solar_year: 2018
  price_year: 2023
  carbon_year: 2023
storage_values:
  CAES:
    cost: 52.5536
    lifetime: 24.4084
    annual_cost: 2.15309483620393
    efficiency: 0.594247
    discharge_ratio: 0.1
    depth_of_discharge: 0.4
  Li-ion:
    cost: 236.755
    lifetime: 22.1203
    annual_cost: 10.703064605814568
    efficiency: 0.906813
    discharge_ratio: 2
    depth_of_discharge: 0.9
  Pb-acid:
    cost: 231.25
    lifetime: 13.4647
    annual_cost: 17.174537865678403
    efficiency: 0.718619
    discharge_ratio: 5
    depth_of_discharge: 0.5
  VRBF:
    cost: 119.503
    lifetime: 29.0181
    annual_cost: 4.118222764412557
    efficiency: 0.672677
    discharge_ratio: 0.5
    depth_of_discharge: 1.0
