cost_values:
  wind_capex: 5000.0
  wind_opex: 100
  wind_lifetime: 20
  solar_capex: 1000.0
  solar_opex: 10
  solar_lifetime: 20
  carbon_price: 1.0
timeseries_values:
  load_level: 227323.88336307099
  wind_year: 2013
  solar_year: 2018
  price_year: 2023
  carbon_year: 2023
storage_values:
  CAES:
    cost: 56.6903
    lifetime: 23.72
    annual_cost: 2.38997892074199
    efficiency: 0.599934
    discharge_ratio: 0.1
    depth_of_discharge: 0.4
  Li-ion:
    cost: 231.042
    lifetime: 23.4529
    annual_cost: 9.851319026644893
    efficiency: 0.914269
    discharge_ratio: 2
    depth_of_discharge: 0.9
  Pb-acid:
    cost: 206.803
    lifetime: 14.0947
    annual_cost: 14.672394588036639
    efficiency: 0.700527
    discharge_ratio: 5
    depth_of_discharge: 0.5
  VRBF:
    cost: 121.69
    lifetime: 27.8701
    annual_cost: 4.366328072019835
    efficiency: 0.684637
    discharge_ratio: 0.5
    depth_of_discharge: 1.0
