cost_values:
  wind_capex: 5000.0
  wind_opex: 100
  wind_lifetime: 20
  solar_capex: 1000.0
  solar_opex: 10
  solar_lifetime: 20
  carbon_price: 1.0
timeseries_values:
  load_level: 227323.88336307099
  wind_year: 2013
  solar_year: 2018
  price_year: 2023
  carbon_year: 2023
storage_values:
  CAES:
    cost: 58.426
    lifetime: 24.6262
    annual_cost: 2.3725138267373773
    efficiency: 0.595831
    discharge_ratio: 0.1
    depth_of_discharge: 0.4
  Li-ion:
    cost: 275.32
    lifetime: 20.6875
    annual_cost: 13.308519637462235
    efficiency: 0.90916
    discharge_ratio: 2
    depth_of_discharge: 0.9
  Pb-acid:
    cost: 206.066
    lifetime: 14.1709
    annual_cost: 14.541489954766458
    efficiency: 0.721912
    discharge_ratio: 5
    depth_of_discharge: 0.5
  VRBF:
    cost: 114.125
    lifetime: 29.5246
    annual_cost: 3.865420700026419
    efficiency: 0.699303
    discharge_ratio: 0.5
    depth_of_discharge: 1.0
