cost_values:
  wind_capex: 5000.0
  wind_opex: 100
  wind_lifetime: 20
  solar_capex: 1000.0
  solar_opex: 10
  solar_lifetime: 20
  carbon_price: 1.0
timeseries_values:
  load_level: 227323.88336307099
  wind_year: 2013
  solar_year: 2018
  price_year: 2023
  carbon_year: 2023
storage_values:
  CAES:
    cost: 52.2994
    lifetime: 24.8905
    annual_cost: 2.101179164741568
    efficiency: 0.589576
    discharge_ratio: 0.1
    depth_of_discharge: 0.4
  Li-ion:
    cost: 246.92
    lifetime: 21.9681
    annual_cost: 11.239934268325435
    efficiency: 0.903429
    discharge_ratio: 2
    depth_of_discharge: 0.9
  Pb-acid:
    cost: 214.765
    lifetime: 13.7289
    annual_cost: 15.643278048496237
    efficiency: 0.722356
    discharge_ratio: 5
    depth_of_discharge: 0.5
  VRBF:
    cost: 115.469
    lifetime: 28.3673
    annual_cost: 4.0704966634117445
    efficiency: 0.673237
    discharge_ratio: 0.5
    depth_of_discharge: 1.0
