cost_values:
  wind_capex: 5000.0
  wind_opex: 100
  wind_lifetime: 20
  solar_capex: 1000.0
  solar_opex: 10
  solar_lifetime: 20
  carbon_price: 1.0
timeseries_values:
  load_level: 227323.88336307099
  wind_year: 2013
  solar_year: 2018
  price_year: 2023
  carbon_year: 2023
storage_values:
  CAES:
    cost: 53.1501
    lifetime: 24.4253
    annual_cost: 2.1760264971156955
    efficiency: 0.605177
    discharge_ratio: 0.1
    depth_of_discharge: 0.4
  Li-ion:
    cost: 246.262
    lifetime: 20.3869
    annual_cost: 12.079423551398202
    efficiency: 0.904364
    discharge_ratio: 2
    depth_of_discharge: 0.9
  Pb-acid:
    cost: 213.032
    lifetime: 13.9215
    annual_cost: 15.302374025787453
    efficiency: 0.730949
    discharge_ratio: 5
    depth_of_discharge: 0.5
  VRBF:
    cost: 124.052
    lifetime: 29.7803
    annual_cost: 4.16557254292267
    efficiency: 0.696265
    discharge_ratio: 0.5
    depth_of_discharge: 1.0
