cost_values:
  wind_capex: 5000.0
  wind_opex: 100
  wind_lifetime: 20
  solar_capex: 1000.0
  solar_opex: 10
  solar_lifetime: 20
  carbon_price: 1.0
timeseries_values:
  load_level: 234654.57078171597
  wind_year: 2011
  solar_year: 2010
  price_year: 2023
  carbon_year: 2023
storage_values:
  CAES:
    cost: 53.7179
    lifetime: 22.3272
    annual_cost: 2.405939840194919
    efficiency: 0.593071
    discharge_ratio: 0.1
    depth_of_discharge: 0.4
  Li-ion:
    cost: 152.007
    lifetime: 24.7186
    annual_cost: 6.149498758020277
    efficiency: 0.88131
    discharge_ratio: 2
    depth_of_discharge: 0.9
  Pb-acid:
    cost: 141.708
    lifetime: 7.68756
    annual_cost: 18.43341710503723
    efficiency: 0.715628
    discharge_ratio: 5
    depth_of_discharge: 0.5
  VRBF:
    cost: 306.974
    lifetime: 20.0507
    annual_cost: 15.309889430294204
    efficiency: 0.73389
    discharge_ratio: 0.5
    depth_of_discharge: 1.0
