cost_values:
  wind_capex: 5000.0
  wind_opex: 100
  wind_lifetime: 20
  solar_capex: 1000.0
  solar_opex: 10
  solar_lifetime: 20
  carbon_price: 1.0
timeseries_values:
  load_level: 234654.57078171597
  wind_year: 2011
  solar_year: 2010
  price_year: 2023
  carbon_year: 2023
storage_values:
  CAES:
    cost: 44.0187
    lifetime: 23.1889
    annual_cost: 1.8982659807062863
    efficiency: 0.589848
    discharge_ratio: 0.1
    depth_of_discharge: 0.4
  Li-ion:
    cost: 125.621
    lifetime: 22.4019
    annual_cost: 5.607604712100312
    efficiency: 0.869819
    discharge_ratio: 2
    depth_of_discharge: 0.9
  Pb-acid:
    cost: 141.427
    lifetime: 8.36377
    annual_cost: 16.90947981592033
    efficiency: 0.702994
    discharge_ratio: 5
    depth_of_discharge: 0.5
  VRBF:
    cost: 339.31
    lifetime: 22.4777
    annual_cost: 15.095405668729454
    efficiency: 0.724312
    discharge_ratio: 0.5
    depth_of_discharge: 1.0
