cost_values:
  wind_capex: 5000.0
  wind_opex: 100
  wind_lifetime: 20
  solar_capex: 1000.0
  solar_opex: 10
  solar_lifetime: 20
  carbon_price: 1.0
timeseries_values:
  load_level: 234654.57078171597
  wind_year: 2011
  solar_year: 2010
  price_year: 2023
  carbon_year: 2023
storage_values:
  CAES:
    cost: 56.4032
    lifetime: 21.7218
    annual_cost: 2.596617223250375
    efficiency: 0.593331
    discharge_ratio: 0.1
    depth_of_discharge: 0.4
  Li-ion:
    cost: 141.811
    lifetime: 23.293
    annual_cost: 6.088138067230499
    efficiency: 0.869949
    discharge_ratio: 2
    depth_of_discharge: 0.9
  Pb-acid:
    cost: 130.687
    lifetime: 8.25172
    annual_cost: 15.837546596345975
    efficiency: 0.71378
    discharge_ratio: 5
    depth_of_discharge: 0.5
  VRBF:
    cost: 315.758
    lifetime: 22.9317
    annual_cost: 13.769498118325288
    efficiency: 0.712603
    discharge_ratio: 0.5
    depth_of_discharge: 1.0
