cost_values:
  wind_capex: 5000.0
  wind_opex: 100
  wind_lifetime: 20
  solar_capex: 1000.0
  solar_opex: 10
  solar_lifetime: 20
  carbon_price: 1.0
timeseries_values:
  load_level: 234654.57078171597
  wind_year: 2011
  solar_year: 2010
  price_year: 2023
  carbon_year: 2023
storage_values:
  CAES:
    cost: 56.7571
    lifetime: 21.9018
    annual_cost: 2.5914354071354864
    efficiency: 0.590255
    discharge_ratio: 0.1
    depth_of_discharge: 0.4
  Li-ion:
    cost: 141.573
    lifetime: 23.4072
    annual_cost: 6.048267199835949
    efficiency: 0.899076
    discharge_ratio: 2
    depth_of_discharge: 0.9
  Pb-acid:
    cost: 135.522
    lifetime: 7.89847
    annual_cost: 17.158006550635754
    efficiency: 0.702178
    discharge_ratio: 5
    depth_of_discharge: 0.5
  VRBF:
    cost: 283.882
    lifetime: 19.1225
    annual_cost: 14.845443848869134
    efficiency: 0.715382
    discharge_ratio: 0.5
    depth_of_discharge: 1.0
