cost_values:
  wind_capex: 5000.0
  wind_opex: 100
  wind_lifetime: 20
  solar_capex: 1000.0
  solar_opex: 10
  solar_lifetime: 20
  carbon_price: 1.0
timeseries_values:
  load_level: 234654.57078171597
  wind_year: 2011
  solar_year: 2010
  price_year: 2023
  carbon_year: 2023
storage_values:
  CAES:
    cost: 53.724
    lifetime: 24.4789
    annual_cost: 2.194706461483155
    efficiency: 0.591566
    discharge_ratio: 0.1
    depth_of_discharge: 0.4
  Li-ion:
    cost: 154.7
    lifetime: 22.8097
    annual_cost: 6.7822023086669265
    efficiency: 0.876194
    discharge_ratio: 2
    depth_of_discharge: 0.9
  Pb-acid:
    cost: 150.598
    lifetime: 7.19587
    annual_cost: 20.928393648023103
    efficiency: 0.719848
    discharge_ratio: 5
    depth_of_discharge: 0.5
  VRBF:
    cost: 351.375
    lifetime: 19.6108
    annual_cost: 17.917423052603667
    efficiency: 0.721442
    discharge_ratio: 0.5
    depth_of_discharge: 1.0
