cost_values:
  wind_capex: 5000.0
  wind_opex: 100
  wind_lifetime: 20
  solar_capex: 1000.0
  solar_opex: 10
  solar_lifetime: 20
  carbon_price: 1.0
timeseries_values:
  load_level: 234654.57078171597
  wind_year: 2011
  solar_year: 2010
  price_year: 2023
  carbon_year: 2023
storage_values:
  CAES:
    cost: 58.7081
    lifetime: 22.781
    annual_cost: 2.5770642201834866
    efficiency: 0.590226
    discharge_ratio: 0.1
    depth_of_discharge: 0.4
  Li-ion:
    cost: 148.288
    lifetime: 21.7226
    annual_cost: 6.826438824081833
    efficiency: 0.888246
    discharge_ratio: 2
    depth_of_discharge: 0.9
  Pb-acid:
    cost: 130.393
    lifetime: 7.45121
    annual_cost: 17.49957389470972
    efficiency: 0.706213
    discharge_ratio: 5
    depth_of_discharge: 0.5
  VRBF:
    cost: 308.657
    lifetime: 18.5588
    annual_cost: 16.631301592775394
    efficiency: 0.729436
    discharge_ratio: 0.5
    depth_of_discharge: 1.0
