cost_values:
  wind_capex: 5000.0
  wind_opex: 100
  wind_lifetime: 20
  solar_capex: 1000.0
  solar_opex: 10
  solar_lifetime: 20
  carbon_price: 1.0
timeseries_values:
  load_level: 234654.57078171597
  wind_year: 2011
  solar_year: 2010
  price_year: 2023
  carbon_year: 2023
storage_values:
  CAES:
    cost: 50.353
    lifetime: 23.0124
    annual_cost: 2.1880812083919974
    efficiency: 0.590707
    discharge_ratio: 0.1
    depth_of_discharge: 0.4
  Li-ion:
    cost: 131.867
    lifetime: 24.014
    annual_cost: 5.491255101190972
    efficiency: 0.896105
    discharge_ratio: 2
    depth_of_discharge: 0.9
  Pb-acid:
    cost: 138.148
    lifetime: 7.62608
    annual_cost: 18.115204666093195
    efficiency: 0.729291
    discharge_ratio: 5
    depth_of_discharge: 0.5
  VRBF:
    cost: 294.69
    lifetime: 18.8015
    annual_cost: 15.673749434885513
    efficiency: 0.717988
    discharge_ratio: 0.5
    depth_of_discharge: 1.0
