cost_values:
  wind_capex: 5000.0
  wind_opex: 100
  wind_lifetime: 20
  solar_capex: 1000.0
  solar_opex: 10
  solar_lifetime: 20
  carbon_price: 1.0
timeseries_values:
  load_level: 234654.57078171597
  wind_year: 2011
  solar_year: 2010
  price_year: 2023
  carbon_year: 2023
storage_values:
  CAES:
    cost: 57.9454
    lifetime: 22.5108
    annual_cost: 2.574115535653997
    efficiency: 0.579345
    discharge_ratio: 0.1
    depth_of_discharge: 0.4
  Li-ion:
    cost: 118.272
    lifetime: 20.7168
    annual_cost: 5.708989805375348
    efficiency: 0.881315
    discharge_ratio: 2
    depth_of_discharge: 0.9
  Pb-acid:
    cost: 135.695
    lifetime: 7.56485
    annual_cost: 17.93756650825859
    efficiency: 0.713407
    discharge_ratio: 5
    depth_of_discharge: 0.5
  VRBF:
    cost: 299.917
    lifetime: 20.1557
    annual_cost: 14.880009128931269
    efficiency: 0.701979
    discharge_ratio: 0.5
    depth_of_discharge: 1.0
