cost_values:
  wind_capex: 5000.0
  wind_opex: 100
  wind_lifetime: 20
  solar_capex: 1000.0
  solar_opex: 10
  solar_lifetime: 20
  carbon_price: 1.0
timeseries_values:
  load_level: 234654.57078171597
  wind_year: 2011
  solar_year: 2010
  price_year: 2023
  carbon_year: 2023
storage_values:
  CAES:
    cost: 49.7617
    lifetime: 23.2329
    annual_cost: 2.141863478084957
    efficiency: 0.590247
    discharge_ratio: 0.1
    depth_of_discharge: 0.4
  Li-ion:
    cost: 123.129
    lifetime: 22.6535
    annual_cost: 5.435319045622089
    efficiency: 0.877156
    discharge_ratio: 2
    depth_of_discharge: 0.9
  Pb-acid:
    cost: 126.529
    lifetime: 9.15663
    annual_cost: 13.818293411440672
    efficiency: 0.715384
    discharge_ratio: 5
    depth_of_discharge: 0.5
  VRBF:
    cost: 310.67
    lifetime: 21.5584
    annual_cost: 14.410624165058634
    efficiency: 0.718595
    discharge_ratio: 0.5
    depth_of_discharge: 1.0
