cost_values:
  wind_capex: 5000.0
  wind_opex: 100
  wind_lifetime: 20
  solar_capex: 1000.0
  solar_opex: 10
  solar_lifetime: 20
  carbon_price: 1.0
timeseries_values:
  load_level: 234654.57078171597
  wind_year: 2011
  solar_year: 2010
  price_year: 2023
  carbon_year: 2023
storage_values:
  CAES:
    cost: 53.6119
    lifetime: 23.3279
    annual_cost: 2.2981880066358307
    efficiency: 0.5892
    discharge_ratio: 0.1
    depth_of_discharge: 0.4
  Li-ion:
    cost: 135.983
    lifetime: 23.1151
    annual_cost: 5.882864447914999
    efficiency: 0.882154
    discharge_ratio: 2
    depth_of_discharge: 0.9
  Pb-acid:
    cost: 151.448
    lifetime: 6.46184
    annual_cost: 23.43728721231105
    efficiency: 0.724429
    discharge_ratio: 5
    depth_of_discharge: 0.5
  VRBF:
    cost: 294.759
    lifetime: 20.1005
    annual_cost: 14.66426208303276
    efficiency: 0.708938
    discharge_ratio: 0.5
    depth_of_discharge: 1.0
