cost_values:
  wind_capex: 5000.0
  wind_opex: 100
  wind_lifetime: 20
  solar_capex: 1000.0
  solar_opex: 10
  solar_lifetime: 20
  carbon_price: 1.0
timeseries_values:
  load_level: 234654.57078171597
  wind_year: 2011
  solar_year: 2010
  price_year: 2023
  carbon_year: 2023
storage_values:
  CAES:
    cost: 61.5241
    lifetime: 23.8652
    annual_cost: 2.577983842582505
    efficiency: 0.588926
    discharge_ratio: 0.1
    depth_of_discharge: 0.4
  Li-ion:
    cost: 123.951
    lifetime: 23.0514
    annual_cost: 5.377157135792186
    efficiency: 0.891504
    discharge_ratio: 2
    depth_of_discharge: 0.9
  Pb-acid:
    cost: 120.983
    lifetime: 9.20646
    annual_cost: 13.141098750225385
    efficiency: 0.71644
    discharge_ratio: 5
    depth_of_discharge: 0.5
  VRBF:
    cost: 327.188
    lifetime: 20.0919
    annual_cost: 16.284572389868554
    efficiency: 0.71109
    discharge_ratio: 0.5
    depth_of_discharge: 1.0
