cost_values:
  wind_capex: 5000.0
  wind_opex: 100
  wind_lifetime: 20
  solar_capex: 1000.0
  solar_opex: 10
  solar_lifetime: 20
  carbon_price: 1.0
timeseries_values:
  load_level: 234654.57078171597
  wind_year: 2011
  solar_year: 2010
  price_year: 2023
  carbon_year: 2023
storage_values:
  CAES:
    cost: 57.8536
    lifetime: 22.1059
    annual_cost: 2.6171112689372524
    efficiency: 0.598527
    discharge_ratio: 0.1
    depth_of_discharge: 0.4
  Li-ion:
    cost: 137.125
    lifetime: 24.703
    annual_cost: 5.550945229324373
    efficiency: 0.88522
    discharge_ratio: 2
    depth_of_discharge: 0.9
  Pb-acid:
    cost: 127.709
    lifetime: 8.82678
    annual_cost: 14.46835652412318
    efficiency: 0.708677
    discharge_ratio: 5
    depth_of_discharge: 0.5
  VRBF:
    cost: 361.659
    lifetime: 20.4935
    annual_cost: 17.647497987166663
    efficiency: 0.72292
    discharge_ratio: 0.5
    depth_of_discharge: 1.0
