cost_values:
  wind_capex: 5000.0
  wind_opex: 100
  wind_lifetime: 20
  solar_capex: 1000.0
  solar_opex: 10
  solar_lifetime: 20
  carbon_price: 1.0
timeseries_values:
  load_level: 234654.57078171597
  wind_year: 2011
  solar_year: 2010
  price_year: 2023
  carbon_year: 2023
storage_values:
  CAES:
    cost: 51.3877
    lifetime: 23.1869
    annual_cost: 2.2162384794862615
    efficiency: 0.590446
    discharge_ratio: 0.1
    depth_of_discharge: 0.4
  Li-ion:
    cost: 131.331
    lifetime: 22.2833
    annual_cost: 5.893696176060098
    efficiency: 0.871109
    discharge_ratio: 2
    depth_of_discharge: 0.9
  Pb-acid:
    cost: 133.05
    lifetime: 9.02052
    annual_cost: 14.749704008194652
    efficiency: 0.716989
    discharge_ratio: 5
    depth_of_discharge: 0.5
  VRBF:
    cost: 325.625
    lifetime: 20.6758
    annual_cost: 15.749088306135677
    efficiency: 0.728726
    discharge_ratio: 0.5
    depth_of_discharge: 1.0
