cost_values:
  wind_capex: 5000.0
  wind_opex: 100
  wind_lifetime: 20
  solar_capex: 1000.0
  solar_opex: 10
  solar_lifetime: 20
  carbon_price: 1.0
timeseries_values:
  load_level: 234654.57078171597
  wind_year: 2011
  solar_year: 2010
  price_year: 2023
  carbon_year: 2023
storage_values:
  CAES:
    cost: 45.8669
    lifetime: 23.0939
    annual_cost: 1.9861045557484875
    efficiency: 0.592246
    discharge_ratio: 0.1
    depth_of_discharge: 0.4
  Li-ion:
    cost: 144.759
    lifetime: 24.6549
    annual_cost: 5.871408928853898
    efficiency: 0.893701
    discharge_ratio: 2
    depth_of_discharge: 0.9
  Pb-acid:
    cost: 140.961
    lifetime: 9.17258
    annual_cost: 15.36765010498682
    efficiency: 0.695943
    discharge_ratio: 5
    depth_of_discharge: 0.5
  VRBF:
    cost: 302.67
    lifetime: 19.9495
    annual_cost: 15.17180881726359
    efficiency: 0.708405
    discharge_ratio: 0.5
    depth_of_discharge: 1.0
