cost_values:
  wind_capex: 5000.0
  wind_opex: 100
  wind_lifetime: 20
  solar_capex: 1000.0
  solar_opex: 10
  solar_lifetime: 20
  carbon_price: 1.0
timeseries_values:
  load_level: 234654.57078171597
  wind_year: 2011
  solar_year: 2010
  price_year: 2023
  carbon_year: 2023
storage_values:
  CAES:
    cost: 48.4911
    lifetime: 22.5628
    annual_cost: 2.1491614515928874
    efficiency: 0.589982
    discharge_ratio: 0.1
    depth_of_discharge: 0.4
  Li-ion:
    cost: 142.054
    lifetime: 22.857
    annual_cost: 6.214901343133395
    efficiency: 0.879418
    discharge_ratio: 2
    depth_of_discharge: 0.9
  Pb-acid:
    cost: 147.666
    lifetime: 8.35643
    annual_cost: 17.670943213788664
    efficiency: 0.712214
    discharge_ratio: 5
    depth_of_discharge: 0.5
  VRBF:
    cost: 324.19
    lifetime: 21.3787
    annual_cost: 15.164158718724712
    efficiency: 0.717505
    discharge_ratio: 0.5
    depth_of_discharge: 1.0
