cost_values:
  wind_capex: 5000.0
  wind_opex: 100
  wind_lifetime: 20
  solar_capex: 1000.0
  solar_opex: 10
  solar_lifetime: 20
  carbon_price: 1.0
timeseries_values:
  load_level: 234654.57078171597
  wind_year: 2011
  solar_year: 2010
  price_year: 2023
  carbon_year: 2023
storage_values:
  CAES:
    cost: 57.6297
    lifetime: 23.2721
    annual_cost: 2.4763429170551863
    efficiency: 0.584393
    discharge_ratio: 0.1
    depth_of_discharge: 0.4
  Li-ion:
    cost: 166.871
    lifetime: 22.191
    annual_cost: 7.519760263169754
    efficiency: 0.896773
    discharge_ratio: 2
    depth_of_discharge: 0.9
  Pb-acid:
    cost: 129.565
    lifetime: 8.15369
    annual_cost: 15.890351485033158
    efficiency: 0.70716
    discharge_ratio: 5
    depth_of_discharge: 0.5
  VRBF:
    cost: 295.392
    lifetime: 19.6448
    annual_cost: 15.036650920345332
    efficiency: 0.725689
    discharge_ratio: 0.5
    depth_of_discharge: 1.0
