cost_values:
  wind_capex: 5000.0
  wind_opex: 100
  wind_lifetime: 20
  solar_capex: 1000.0
  solar_opex: 10
  solar_lifetime: 20
  carbon_price: 1.0
timeseries_values:
  load_level: 234654.57078171597
  wind_year: 2011
  solar_year: 2010
  price_year: 2023
  carbon_year: 2023
storage_values:
  CAES:
    cost: 44.0409
    lifetime: 22.8558
    annual_cost: 1.926902580526606
    efficiency: 0.605602
    discharge_ratio: 0.1
    depth_of_discharge: 0.4
  Li-ion:
    cost: 127.733
    lifetime: 24.4062
    annual_cost: 5.233629159803657
    efficiency: 0.889976
    discharge_ratio: 2
    depth_of_discharge: 0.9
  Pb-acid:
    cost: 129.077
    lifetime: 8.78846
    annual_cost: 14.687101039317467
    efficiency: 0.721357
    discharge_ratio: 5
    depth_of_discharge: 0.5
  VRBF:
    cost: 301.332
    lifetime: 20.6441
    annual_cost: 14.596519102310102
    efficiency: 0.732136
    discharge_ratio: 0.5
    depth_of_discharge: 1.0
