cost_values:
  wind_capex: 5000.0
  wind_opex: 100
  wind_lifetime: 20
  solar_capex: 1000.0
  solar_opex: 10
  solar_lifetime: 20
  carbon_price: 1.0
timeseries_values:
  load_level: 234654.57078171597
  wind_year: 2011
  solar_year: 2010
  price_year: 2023
  carbon_year: 2023
storage_values:
  CAES:
    cost: 52.5098
    lifetime: 22.7558
    annual_cost: 2.307534782341205
    efficiency: 0.593754
    discharge_ratio: 0.1
    depth_of_discharge: 0.4
  Li-ion:
    cost: 142.028
    lifetime: 22.9982
    annual_cost: 6.175613743684288
    efficiency: 0.889987
    discharge_ratio: 2
    depth_of_discharge: 0.9
  Pb-acid:
    cost: 132.677
    lifetime: 8.1361
    annual_cost: 16.307198780742613
    efficiency: 0.706557
    discharge_ratio: 5
    depth_of_discharge: 0.5
  VRBF:
    cost: 301.637
    lifetime: 20.1984
    annual_cost: 14.933707620405578
    efficiency: 0.70677
    discharge_ratio: 0.5
    depth_of_discharge: 1.0
