cost_values:
  wind_capex: 5000.0
  wind_opex: 100
  wind_lifetime: 20
  solar_capex: 1000.0
  solar_opex: 10
  solar_lifetime: 20
  carbon_price: 1.0
timeseries_values:
  load_level: 234654.57078171597
  wind_year: 2011
  solar_year: 2010
  price_year: 2023
  carbon_year: 2023
storage_values:
  CAES:
    cost: 55.2132
    lifetime: 22.3206
    annual_cost: 2.4736431816349023
    efficiency: 0.584756
    discharge_ratio: 0.1
    depth_of_discharge: 0.4
  Li-ion:
    cost: 172.306
    lifetime: 23.2516
    annual_cost: 7.410500782741833
    efficiency: 0.87229
    discharge_ratio: 2
    depth_of_discharge: 0.9
  Pb-acid:
    cost: 145.005
    lifetime: 7.60855
    annual_cost: 19.058164827726703
    efficiency: 0.715884
    discharge_ratio: 5
    depth_of_discharge: 0.5
  VRBF:
    cost: 328.947
    lifetime: 21.5413
    annual_cost: 15.270526848426048
    efficiency: 0.710751
    discharge_ratio: 0.5
    depth_of_discharge: 1.0
