cost_values:
  wind_capex: 5000.0
  wind_opex: 100
  wind_lifetime: 20
  solar_capex: 1000.0
  solar_opex: 10
  solar_lifetime: 20
  carbon_price: 1.0
timeseries_values:
  load_level: 234654.57078171597
  wind_year: 2011
  solar_year: 2010
  price_year: 2023
  carbon_year: 2023
storage_values:
  CAES:
    cost: 52.5467
    lifetime: 23.1149
    annual_cost: 2.2732826012658505
    efficiency: 0.589368
    discharge_ratio: 0.1
    depth_of_discharge: 0.4
  Li-ion:
    cost: 133.867
    lifetime: 23.6485
    annual_cost: 5.660697295811573
    efficiency: 0.87941
    discharge_ratio: 2
    depth_of_discharge: 0.9
  Pb-acid:
    cost: 133.914
    lifetime: 6.33101
    annual_cost: 21.15207526129322
    efficiency: 0.726127
    discharge_ratio: 5
    depth_of_discharge: 0.5
  VRBF:
    cost: 320.378
    lifetime: 19.9807
    annual_cost: 16.034373170109156
    efficiency: 0.719049
    discharge_ratio: 0.5
    depth_of_discharge: 1.0
