cost_values:
  wind_capex: 5000.0
  wind_opex: 100
  wind_lifetime: 20
  solar_capex: 1000.0
  solar_opex: 10
  solar_lifetime: 20
  carbon_price: 1.0
timeseries_values:
  load_level: 234654.57078171597
  wind_year: 2011
  solar_year: 2010
  price_year: 2023
  carbon_year: 2023
storage_values:
  CAES:
    cost: 58.3188
    lifetime: 22.7769
    annual_cost: 2.5604362314450166
    efficiency: 0.5921
    discharge_ratio: 0.1
    depth_of_discharge: 0.4
  Li-ion:
    cost: 110.891
    lifetime: 23.4093
    annual_cost: 4.737048950630732
    efficiency: 0.882919
    discharge_ratio: 2
    depth_of_discharge: 0.9
  Pb-acid:
    cost: 126.373
    lifetime: 8.06555
    annual_cost: 15.66824333120494
    efficiency: 0.716911
    discharge_ratio: 5
    depth_of_discharge: 0.5
  VRBF:
    cost: 282.735
    lifetime: 20.7299
    annual_cost: 13.638994881789106
    efficiency: 0.709816
    discharge_ratio: 0.5
    depth_of_discharge: 1.0
