cost_values:
  wind_capex: 5000.0
  wind_opex: 100
  wind_lifetime: 20
  solar_capex: 1000.0
  solar_opex: 10
  solar_lifetime: 20
  carbon_price: 1.0
timeseries_values:
  load_level: 234654.57078171597
  wind_year: 2011
  solar_year: 2010
  price_year: 2023
  carbon_year: 2023
storage_values:
  CAES:
    cost: 52.5034
    lifetime: 22.4452
    annual_cost: 2.339181651310748
    efficiency: 0.58907
    discharge_ratio: 0.1
    depth_of_discharge: 0.4
  Li-ion:
    cost: 122.821
    lifetime: 22.6282
    annual_cost: 5.427784799497972
    efficiency: 0.866853
    discharge_ratio: 2
    depth_of_discharge: 0.9
  Pb-acid:
    cost: 136.941
    lifetime: 7.38986
    annual_cost: 18.5309329270108
    efficiency: 0.709923
    discharge_ratio: 5
    depth_of_discharge: 0.5
  VRBF:
    cost: 285.403
    lifetime: 19.5256
    annual_cost: 14.616861965829475
    efficiency: 0.70917
    discharge_ratio: 0.5
    depth_of_discharge: 1.0
