cost_values:
  wind_capex: 5000.0
  wind_opex: 100
  wind_lifetime: 20
  solar_capex: 1000.0
  solar_opex: 10
  solar_lifetime: 20
  carbon_price: 1.0
timeseries_values:
  load_level: 234654.57078171597
  wind_year: 2011
  solar_year: 2010
  price_year: 2023
  carbon_year: 2023
storage_values:
  CAES:
    cost: 56.614
    lifetime: 22.0302
    annual_cost: 2.569835952465252
    efficiency: 0.591537
    discharge_ratio: 0.1
    depth_of_discharge: 0.4
  Li-ion:
    cost: 142.853
    lifetime: 22.8204
    annual_cost: 6.259881509526564
    efficiency: 0.891565
    discharge_ratio: 2
    depth_of_discharge: 0.9
  Pb-acid:
    cost: 129.155
    lifetime: 7.12403
    annual_cost: 18.12948569840385
    efficiency: 0.717806
    discharge_ratio: 5
    depth_of_discharge: 0.5
  VRBF:
    cost: 314.026
    lifetime: 20.6197
    annual_cost: 15.229416528853474
    efficiency: 0.710483
    discharge_ratio: 0.5
    depth_of_discharge: 1.0
