cost_values:
  wind_capex: 5000.0
  wind_opex: 100
  wind_lifetime: 20
  solar_capex: 1000.0
  solar_opex: 10
  solar_lifetime: 20
  carbon_price: 1.0
timeseries_values:
  load_level: 234654.57078171597
  wind_year: 2011
  solar_year: 2010
  price_year: 2023
  carbon_year: 2023
storage_values:
  CAES:
    cost: 53.8292
    lifetime: 22.6698
    annual_cost: 2.3744894088170168
    efficiency: 0.586304
    discharge_ratio: 0.1
    depth_of_discharge: 0.4
  Li-ion:
    cost: 134.872
    lifetime: 24.3472
    annual_cost: 5.539528159295525
    efficiency: 0.881055
    discharge_ratio: 2
    depth_of_discharge: 0.9
  Pb-acid:
    cost: 147.782
    lifetime: 7.05285
    annual_cost: 20.953515245609932
    efficiency: 0.715949
    discharge_ratio: 5
    depth_of_discharge: 0.5
  VRBF:
    cost: 340.753
    lifetime: 21.9962
    annual_cost: 15.491448522926685
    efficiency: 0.734433
    discharge_ratio: 0.5
    depth_of_discharge: 1.0
