cost_values:
  wind_capex: 5000.0
  wind_opex: 100
  wind_lifetime: 20
  solar_capex: 1000.0
  solar_opex: 10
  solar_lifetime: 20
  carbon_price: 1.0
timeseries_values:
  load_level: 234654.57078171597
  wind_year: 2011
  solar_year: 2010
  price_year: 2023
  carbon_year: 2023
storage_values:
  CAES:
    cost: 44.4553
    lifetime: 23.3414
    annual_cost: 1.904568706247269
    efficiency: 0.593804
    discharge_ratio: 0.1
    depth_of_discharge: 0.4
  Li-ion:
    cost: 125.043
    lifetime: 21.2571
    annual_cost: 5.8824110532480915
    efficiency: 0.867085
    discharge_ratio: 2
    depth_of_discharge: 0.9
  Pb-acid:
    cost: 137.009
    lifetime: 9.41702
    annual_cost: 14.549082406111484
    efficiency: 0.719905
    discharge_ratio: 5
    depth_of_discharge: 0.5
  VRBF:
    cost: 312.731
    lifetime: 21.4827
    annual_cost: 14.557341488732794
    efficiency: 0.702768
    discharge_ratio: 0.5
    depth_of_discharge: 1.0
