cost_values:
  wind_capex: 5000.0
  wind_opex: 100
  wind_lifetime: 20
  solar_capex: 1000.0
  solar_opex: 10
  solar_lifetime: 20
  carbon_price: 1.0
timeseries_values:
  load_level: 234654.57078171597
  wind_year: 2011
  solar_year: 2010
  price_year: 2023
  carbon_year: 2023
storage_values:
  CAES:
    cost: 55.2257
    lifetime: 22.5039
    annual_cost: 2.4540501868565006
    efficiency: 0.601672
    discharge_ratio: 0.1
    depth_of_discharge: 0.4
  Li-ion:
    cost: 123.08
    lifetime: 23.7483
    annual_cost: 5.182686760736558
    efficiency: 0.893557
    discharge_ratio: 2
    depth_of_discharge: 0.9
  Pb-acid:
    cost: 150.699
    lifetime: 9.94625
    annual_cost: 15.15133844413724
    efficiency: 0.706182
    discharge_ratio: 5
    depth_of_discharge: 0.5
  VRBF:
    cost: 337.057
    lifetime: 19.6114
    annual_cost: 17.186789316418004
    efficiency: 0.71805
    discharge_ratio: 0.5
    depth_of_discharge: 1.0
