cost_values:
  wind_capex: 5000.0
  wind_opex: 100
  wind_lifetime: 20
  solar_capex: 1000.0
  solar_opex: 10
  solar_lifetime: 20
  carbon_price: 1.0
timeseries_values:
  load_level: 234654.57078171597
  wind_year: 2011
  solar_year: 2010
  price_year: 2023
  carbon_year: 2023
storage_values:
  CAES:
    cost: 50.1409
    lifetime: 23.3128
    annual_cost: 2.150788408084829
    efficiency: 0.589889
    discharge_ratio: 0.1
    depth_of_discharge: 0.4
  Li-ion:
    cost: 117.508
    lifetime: 25.8267
    annual_cost: 4.54986506212563
    efficiency: 0.889114
    discharge_ratio: 2
    depth_of_discharge: 0.9
  Pb-acid:
    cost: 131.483
    lifetime: 6.73019
    annual_cost: 19.536298380877806
    efficiency: 0.705438
    discharge_ratio: 5
    depth_of_discharge: 0.5
  VRBF:
    cost: 294.876
    lifetime: 20.0431
    annual_cost: 14.712095434338998
    efficiency: 0.718379
    discharge_ratio: 0.5
    depth_of_discharge: 1.0
