cost_values:
  wind_capex: 5000.0
  wind_opex: 100
  wind_lifetime: 20
  solar_capex: 1000.0
  solar_opex: 10
  solar_lifetime: 20
  carbon_price: 1.0
timeseries_values:
  load_level: 234654.57078171597
  wind_year: 2011
  solar_year: 2010
  price_year: 2023
  carbon_year: 2023
storage_values:
  CAES:
    cost: 53.2894
    lifetime: 23.6947
    annual_cost: 2.2490008314095555
    efficiency: 0.602367
    discharge_ratio: 0.1
    depth_of_discharge: 0.4
  Li-ion:
    cost: 137.881
    lifetime: 23.6557
    annual_cost: 5.828658631957626
    efficiency: 0.895766
    discharge_ratio: 2
    depth_of_discharge: 0.9
  Pb-acid:
    cost: 126.194
    lifetime: 7.19412
    annual_cost: 17.541269814793193
    efficiency: 0.706868
    discharge_ratio: 5
    depth_of_discharge: 0.5
  VRBF:
    cost: 290.79
    lifetime: 20.2881
    annual_cost: 14.333032664468334
    efficiency: 0.714135
    discharge_ratio: 0.5
    depth_of_discharge: 1.0
