cost_values:
  wind_capex: 5000.0
  wind_opex: 100
  wind_lifetime: 20
  solar_capex: 1000.0
  solar_opex: 10
  solar_lifetime: 20
  carbon_price: 1.0
timeseries_values:
  load_level: 234654.57078171597
  wind_year: 2011
  solar_year: 2010
  price_year: 2023
  carbon_year: 2023
storage_values:
  CAES:
    cost: 49.4374
    lifetime: 23.448
    annual_cost: 2.1083845104060046
    efficiency: 0.584486
    discharge_ratio: 0.1
    depth_of_discharge: 0.4
  Li-ion:
    cost: 118.029
    lifetime: 24.7296
    annual_cost: 4.772782414596273
    efficiency: 0.883864
    discharge_ratio: 2
    depth_of_discharge: 0.9
  Pb-acid:
    cost: 133.466
    lifetime: 7.54497
    annual_cost: 17.68940101816177
    efficiency: 0.715458
    discharge_ratio: 5
    depth_of_discharge: 0.5
  VRBF:
    cost: 288.214
    lifetime: 19.4767
    annual_cost: 14.79788670565342
    efficiency: 0.702613
    discharge_ratio: 0.5
    depth_of_discharge: 1.0
