cost_values:
  wind_capex: 5000.0
  wind_opex: 100
  wind_lifetime: 20
  solar_capex: 1000.0
  solar_opex: 10
  solar_lifetime: 20
  carbon_price: 1.0
timeseries_values:
  load_level: 234654.57078171597
  wind_year: 2011
  solar_year: 2010
  price_year: 2023
  carbon_year: 2023
storage_values:
  CAES:
    cost: 59.6999
    lifetime: 22.3108
    annual_cost: 2.675829643042831
    efficiency: 0.591797
    discharge_ratio: 0.1
    depth_of_discharge: 0.4
  Li-ion:
    cost: 140.646
    lifetime: 22.0895
    annual_cost: 6.367097489757576
    efficiency: 0.892292
    discharge_ratio: 2
    depth_of_discharge: 0.9
  Pb-acid:
    cost: 123.541
    lifetime: 7.57178
    annual_cost: 16.31597854137336
    efficiency: 0.719184
    discharge_ratio: 5
    depth_of_discharge: 0.5
  VRBF:
    cost: 299.898
    lifetime: 19.1616
    annual_cost: 15.650989478957918
    efficiency: 0.72258
    discharge_ratio: 0.5
    depth_of_discharge: 1.0
