cost_values:
  wind_capex: 5000.0
  wind_opex: 100
  wind_lifetime: 20
  solar_capex: 1000.0
  solar_opex: 10
  solar_lifetime: 20
  carbon_price: 1.0
timeseries_values:
  load_level: 234654.57078171597
  wind_year: 2011
  solar_year: 2010
  price_year: 2023
  carbon_year: 2023
storage_values:
  CAES:
    cost: 51.367
    lifetime: 21.3553
    annual_cost: 2.4053513647665916
    efficiency: 0.579753
    discharge_ratio: 0.1
    depth_of_discharge: 0.4
  Li-ion:
    cost: 156.182
    lifetime: 21.1337
    annual_cost: 7.390187236499051
    efficiency: 0.885754
    discharge_ratio: 2
    depth_of_discharge: 0.9
  Pb-acid:
    cost: 147.009
    lifetime: 7.88268
    annual_cost: 18.649621702263698
    efficiency: 0.703785
    discharge_ratio: 5
    depth_of_discharge: 0.5
  VRBF:
    cost: 326.714
    lifetime: 20.6157
    annual_cost: 15.847824716114417
    efficiency: 0.722064
    discharge_ratio: 0.5
    depth_of_discharge: 1.0
