cost_values:
  wind_capex: 5000.0
  wind_opex: 100
  wind_lifetime: 20
  solar_capex: 1000.0
  solar_opex: 10
  solar_lifetime: 20
  carbon_price: 1.0
timeseries_values:
  load_level: 234654.57078171597
  wind_year: 2011
  solar_year: 2010
  price_year: 2023
  carbon_year: 2023
storage_values:
  CAES:
    cost: 48.9103
    lifetime: 22.698
    annual_cost: 2.154828619261609
    efficiency: 0.583703
    discharge_ratio: 0.1
    depth_of_discharge: 0.4
  Li-ion:
    cost: 130.073
    lifetime: 24.5113
    annual_cost: 5.306654481810431
    efficiency: 0.891152
    discharge_ratio: 2
    depth_of_discharge: 0.9
  Pb-acid:
    cost: 98.1252
    lifetime: 7.1632
    annual_cost: 13.698514630332813
    efficiency: 0.712297
    discharge_ratio: 5
    depth_of_discharge: 0.5
  VRBF:
    cost: 307.375
    lifetime: 20.8937
    annual_cost: 14.71137232754371
    efficiency: 0.72848
    discharge_ratio: 0.5
    depth_of_discharge: 1.0
