cost_values:
  wind_capex: 5000.0
  wind_opex: 100
  wind_lifetime: 20
  solar_capex: 1000.0
  solar_opex: 10
  solar_lifetime: 20
  carbon_price: 1.0
timeseries_values:
  load_level: 234654.57078171597
  wind_year: 2011
  solar_year: 2010
  price_year: 2023
  carbon_year: 2023
storage_values:
  CAES:
    cost: 56.9575
    lifetime: 21.6611
    annual_cost: 2.6294832672394293
    efficiency: 0.583903
    discharge_ratio: 0.1
    depth_of_discharge: 0.4
  Li-ion:
    cost: 146.28
    lifetime: 23.6394
    annual_cost: 6.187974314068885
    efficiency: 0.881164
    discharge_ratio: 2
    depth_of_discharge: 0.9
  Pb-acid:
    cost: 137.841
    lifetime: 7.58494
    annual_cost: 18.17298488847638
    efficiency: 0.720759
    discharge_ratio: 5
    depth_of_discharge: 0.5
  VRBF:
    cost: 321.844
    lifetime: 20.2787
    annual_cost: 15.871037098038828
    efficiency: 0.709291
    discharge_ratio: 0.5
    depth_of_discharge: 1.0
