cost_values:
  wind_capex: 5000.0
  wind_opex: 100
  wind_lifetime: 20
  solar_capex: 1000.0
  solar_opex: 10
  solar_lifetime: 20
  carbon_price: 1.0
timeseries_values:
  load_level: 234654.57078171597
  wind_year: 2011
  solar_year: 2010
  price_year: 2023
  carbon_year: 2023
storage_values:
  CAES:
    cost: 59.5666
    lifetime: 22.5738
    annual_cost: 2.638749346587637
    efficiency: 0.587929
    discharge_ratio: 0.1
    depth_of_discharge: 0.4
  Li-ion:
    cost: 154.055
    lifetime: 22.6183
    annual_cost: 6.81107775562266
    efficiency: 0.886494
    discharge_ratio: 2
    depth_of_discharge: 0.9
  Pb-acid:
    cost: 149.97
    lifetime: 7.7849
    annual_cost: 19.264216624491002
    efficiency: 0.725075
    discharge_ratio: 5
    depth_of_discharge: 0.5
  VRBF:
    cost: 324.643
    lifetime: 19.5039
    annual_cost: 16.6450299683653
    efficiency: 0.71605
    discharge_ratio: 0.5
    depth_of_discharge: 1.0
