cost_values:
  wind_capex: 5000.0
  wind_opex: 100
  wind_lifetime: 20
  solar_capex: 1000.0
  solar_opex: 10
  solar_lifetime: 20
  carbon_price: 1.0
timeseries_values:
  load_level: 234654.57078171597
  wind_year: 2011
  solar_year: 2010
  price_year: 2023
  carbon_year: 2023
storage_values:
  CAES:
    cost: 58.8482
    lifetime: 22.8459
    annual_cost: 2.575875758888903
    efficiency: 0.596887
    discharge_ratio: 0.1
    depth_of_discharge: 0.4
  Li-ion:
    cost: 124.349
    lifetime: 23.1765
    annual_cost: 5.365305373977952
    efficiency: 0.90109
    discharge_ratio: 2
    depth_of_discharge: 0.9
  Pb-acid:
    cost: 140.476
    lifetime: 8.28872
    annual_cost: 16.947852020577365
    efficiency: 0.721881
    discharge_ratio: 5
    depth_of_discharge: 0.5
  VRBF:
    cost: 326.263
    lifetime: 19.696
    annual_cost: 16.564937043054424
    efficiency: 0.716884
    discharge_ratio: 0.5
    depth_of_discharge: 1.0
