cost_values:
  wind_capex: 5000.0
  wind_opex: 100
  wind_lifetime: 20
  solar_capex: 1000.0
  solar_opex: 10
  solar_lifetime: 20
  carbon_price: 1.0
timeseries_values:
  load_level: 234654.57078171597
  wind_year: 2011
  solar_year: 2010
  price_year: 2023
  carbon_year: 2023
storage_values:
  CAES:
    cost: 54.1425
    lifetime: 22.6934
    annual_cost: 2.385825834824222
    efficiency: 0.593276
    discharge_ratio: 0.1
    depth_of_discharge: 0.4
  Li-ion:
    cost: 149.058
    lifetime: 23.8008
    annual_cost: 6.2627306645154786
    efficiency: 0.882399
    discharge_ratio: 2
    depth_of_discharge: 0.9
  Pb-acid:
    cost: 148.667
    lifetime: 7.80433
    annual_cost: 19.049296992823216
    efficiency: 0.707562
    discharge_ratio: 5
    depth_of_discharge: 0.5
  VRBF:
    cost: 313.723
    lifetime: 19.0013
    annual_cost: 16.510607168983174
    efficiency: 0.718155
    discharge_ratio: 0.5
    depth_of_discharge: 1.0
