cost_values:
  wind_capex: 5000.0
  wind_opex: 100
  wind_lifetime: 20
  solar_capex: 1000.0
  solar_opex: 10
  solar_lifetime: 20
  carbon_price: 1.0
timeseries_values:
  load_level: 234654.57078171597
  wind_year: 2011
  solar_year: 2010
  price_year: 2023
  carbon_year: 2023
storage_values:
  CAES:
    cost: 50.6805
    lifetime: 22.4405
    annual_cost: 2.2584389830886122
    efficiency: 0.596012
    discharge_ratio: 0.1
    depth_of_discharge: 0.4
  Li-ion:
    cost: 144.73
    lifetime: 24.6287
    annual_cost: 5.8764774429831865
    efficiency: 0.873959
    discharge_ratio: 2
    depth_of_discharge: 0.9
  Pb-acid:
    cost: 160.558
    lifetime: 7.15439
    annual_cost: 22.441885331943045
    efficiency: 0.691024
    discharge_ratio: 5
    depth_of_discharge: 0.5
  VRBF:
    cost: 346.05
    lifetime: 18.5572
    annual_cost: 18.64774858276033
    efficiency: 0.73127
    discharge_ratio: 0.5
    depth_of_discharge: 1.0
