cost_values:
  wind_capex: 5000.0
  wind_opex: 100
  wind_lifetime: 20
  solar_capex: 1000.0
  solar_opex: 10
  solar_lifetime: 20
  carbon_price: 1.0
timeseries_values:
  load_level: 234654.57078171597
  wind_year: 2011
  solar_year: 2010
  price_year: 2023
  carbon_year: 2023
storage_values:
  CAES:
    cost: 46.2657
    lifetime: 23.4795
    annual_cost: 1.9704721139717625
    efficiency: 0.592385
    discharge_ratio: 0.1
    depth_of_discharge: 0.4
  Li-ion:
    cost: 128.15
    lifetime: 23.3335
    annual_cost: 5.49210362783123
    efficiency: 0.882643
    discharge_ratio: 2
    depth_of_discharge: 0.9
  Pb-acid:
    cost: 135.352
    lifetime: 8.71459
    annual_cost: 15.531654386494374
    efficiency: 0.713489
    discharge_ratio: 5
    depth_of_discharge: 0.5
  VRBF:
    cost: 304.229
    lifetime: 20.5944
    annual_cost: 14.772413860078467
    efficiency: 0.728312
    discharge_ratio: 0.5
    depth_of_discharge: 1.0
