cost_values:
  wind_capex: 5000.0
  wind_opex: 100
  wind_lifetime: 20
  solar_capex: 1000.0
  solar_opex: 10
  solar_lifetime: 20
  carbon_price: 1.0
timeseries_values:
  load_level: 234654.57078171597
  wind_year: 2011
  solar_year: 2010
  price_year: 2023
  carbon_year: 2023
storage_values:
  CAES:
    cost: 43.6931
    lifetime: 22.1151
    annual_cost: 1.975713426572794
    efficiency: 0.583365
    discharge_ratio: 0.1
    depth_of_discharge: 0.4
  Li-ion:
    cost: 113.155
    lifetime: 22.8754
    annual_cost: 4.946580169089939
    efficiency: 0.890824
    discharge_ratio: 2
    depth_of_discharge: 0.9
  Pb-acid:
    cost: 124.292
    lifetime: 7.49233
    annual_cost: 16.589231921178058
    efficiency: 0.718372
    discharge_ratio: 5
    depth_of_discharge: 0.5
  VRBF:
    cost: 283.714
    lifetime: 17.3379
    annual_cost: 16.36380415159852
    efficiency: 0.727023
    discharge_ratio: 0.5
    depth_of_discharge: 1.0
