cost_values:
  wind_capex: 5000.0
  wind_opex: 100
  wind_lifetime: 20
  solar_capex: 1000.0
  solar_opex: 10
  solar_lifetime: 20
  carbon_price: 1.0
timeseries_values:
  load_level: 234654.57078171597
  wind_year: 2011
  solar_year: 2010
  price_year: 2023
  carbon_year: 2023
storage_values:
  CAES:
    cost: 51.1113
    lifetime: 22.1436
    annual_cost: 2.308174822522083
    efficiency: 0.581082
    discharge_ratio: 0.1
    depth_of_discharge: 0.4
  Li-ion:
    cost: 140.507
    lifetime: 22.9179
    annual_cost: 6.130884592392846
    efficiency: 0.889217
    discharge_ratio: 2
    depth_of_discharge: 0.9
  Pb-acid:
    cost: 116.544
    lifetime: 10.2817
    annual_cost: 11.335090500598149
    efficiency: 0.696638
    discharge_ratio: 5
    depth_of_discharge: 0.5
  VRBF:
    cost: 297.543
    lifetime: 21.0462
    annual_cost: 14.13761154032557
    efficiency: 0.715084
    discharge_ratio: 0.5
    depth_of_discharge: 1.0
