cost_values:
  wind_capex: 5000.0
  wind_opex: 100
  wind_lifetime: 20
  solar_capex: 1000.0
  solar_opex: 10
  solar_lifetime: 20
  carbon_price: 1.0
timeseries_values:
  load_level: 234654.57078171597
  wind_year: 2011
  solar_year: 2010
  price_year: 2023
  carbon_year: 2023
storage_values:
  CAES:
    cost: 58.9013
    lifetime: 22.5425
    annual_cost: 2.6129000776311413
    efficiency: 0.596169
    discharge_ratio: 0.1
    depth_of_discharge: 0.4
  Li-ion:
    cost: 138.084
    lifetime: 23.2616
    annual_cost: 5.93613508958971
    efficiency: 0.876529
    discharge_ratio: 2
    depth_of_discharge: 0.9
  Pb-acid:
    cost: 138.206
    lifetime: 8.73352
    annual_cost: 15.82477626432412
    efficiency: 0.713486
    discharge_ratio: 5
    depth_of_discharge: 0.5
  VRBF:
    cost: 320.921
    lifetime: 21.2403
    annual_cost: 15.109061548094894
    efficiency: 0.710353
    discharge_ratio: 0.5
    depth_of_discharge: 1.0
