cost_values:
  wind_capex: 5000.0
  wind_opex: 100
  wind_lifetime: 20
  solar_capex: 1000.0
  solar_opex: 10
  solar_lifetime: 20
  carbon_price: 1.0
timeseries_values:
  load_level: 234654.57078171597
  wind_year: 2011
  solar_year: 2010
  price_year: 2023
  carbon_year: 2023
storage_values:
  CAES:
    cost: 52.2111
    lifetime: 22.2713
    annual_cost: 2.3443220647200658
    efficiency: 0.590988
    discharge_ratio: 0.1
    depth_of_discharge: 0.4
  Li-ion:
    cost: 143.528
    lifetime: 22.9715
    annual_cost: 6.248090024595695
    efficiency: 0.882113
    discharge_ratio: 2
    depth_of_discharge: 0.9
  Pb-acid:
    cost: 137.56
    lifetime: 8.53903
    annual_cost: 16.109558111401412
    efficiency: 0.714374
    discharge_ratio: 5
    depth_of_discharge: 0.5
  VRBF:
    cost: 324.431
    lifetime: 20.1692
    annual_cost: 16.085466949606328
    efficiency: 0.742872
    discharge_ratio: 0.5
    depth_of_discharge: 1.0
