cost_values:
  wind_capex: 5000.0
  wind_opex: 100
  wind_lifetime: 20
  solar_capex: 1000.0
  solar_opex: 10
  solar_lifetime: 20
  carbon_price: 1.0
timeseries_values:
  load_level: 234654.57078171597
  wind_year: 2011
  solar_year: 2010
  price_year: 2023
  carbon_year: 2023
storage_values:
  CAES:
    cost: 54.9197
    lifetime: 21.8212
    annual_cost: 2.51680475867505
    efficiency: 0.591739
    discharge_ratio: 0.1
    depth_of_discharge: 0.4
  Li-ion:
    cost: 131.99
    lifetime: 24.619
    annual_cost: 5.361306308135993
    efficiency: 0.882432
    discharge_ratio: 2
    depth_of_discharge: 0.9
  Pb-acid:
    cost: 155.155
    lifetime: 8.15962
    annual_cost: 19.014978638711117
    efficiency: 0.714466
    discharge_ratio: 5
    depth_of_discharge: 0.5
  VRBF:
    cost: 294.227
    lifetime: 19.7632
    annual_cost: 14.8876194138601
    efficiency: 0.726469
    discharge_ratio: 0.5
    depth_of_discharge: 1.0
