cost_values:
  wind_capex: 5000.0
  wind_opex: 100
  wind_lifetime: 20
  solar_capex: 1000.0
  solar_opex: 10
  solar_lifetime: 20
  carbon_price: 1.0
timeseries_values:
  load_level: 234654.57078171597
  wind_year: 2011
  solar_year: 2010
  price_year: 2023
  carbon_year: 2023
storage_values:
  CAES:
    cost: 54.7478
    lifetime: 22.4428
    annual_cost: 2.4394371468800684
    efficiency: 0.589393
    discharge_ratio: 0.1
    depth_of_discharge: 0.4
  Li-ion:
    cost: 139.82
    lifetime: 20.9128
    annual_cost: 6.6858574652844185
    efficiency: 0.898256
    discharge_ratio: 2
    depth_of_discharge: 0.9
  Pb-acid:
    cost: 148.068
    lifetime: 8.1468
    annual_cost: 18.17498895271763
    efficiency: 0.706158
    discharge_ratio: 5
    depth_of_discharge: 0.5
  VRBF:
    cost: 289.396
    lifetime: 19.6326
    annual_cost: 14.74058453796237
    efficiency: 0.71161
    discharge_ratio: 0.5
    depth_of_discharge: 1.0
