cost_values:
  wind_capex: 5000.0
  wind_opex: 100
  wind_lifetime: 20
  solar_capex: 1000.0
  solar_opex: 10
  solar_lifetime: 20
  carbon_price: 1.0
timeseries_values:
  load_level: 234654.57078171597
  wind_year: 2011
  solar_year: 2010
  price_year: 2023
  carbon_year: 2023
storage_values:
  CAES:
    cost: 49.8189
    lifetime: 23.0703
    annual_cost: 2.159438758923811
    efficiency: 0.591667
    discharge_ratio: 0.1
    depth_of_discharge: 0.4
  Li-ion:
    cost: 129.914
    lifetime: 23.1659
    annual_cost: 5.607984149115725
    efficiency: 0.885763
    discharge_ratio: 2
    depth_of_discharge: 0.9
  Pb-acid:
    cost: 140.666
    lifetime: 7.73538
    annual_cost: 18.18475627570979
    efficiency: 0.717812
    discharge_ratio: 5
    depth_of_discharge: 0.5
  VRBF:
    cost: 302.614
    lifetime: 19.5258
    annual_cost: 15.498161406958996
    efficiency: 0.714231
    discharge_ratio: 0.5
    depth_of_discharge: 1.0
