cost_values:
  wind_capex: 5000.0
  wind_opex: 100
  wind_lifetime: 20
  solar_capex: 1000.0
  solar_opex: 10
  solar_lifetime: 20
  carbon_price: 1.0
timeseries_values:
  load_level: 234654.57078171597
  wind_year: 2011
  solar_year: 2010
  price_year: 2023
  carbon_year: 2023
storage_values:
  CAES:
    cost: 55.4038
    lifetime: 22.1892
    annual_cost: 2.496881365709444
    efficiency: 0.589079
    discharge_ratio: 0.1
    depth_of_discharge: 0.4
  Li-ion:
    cost: 124.541
    lifetime: 26.4174
    annual_cost: 4.714354932733729
    efficiency: 0.887005
    discharge_ratio: 2
    depth_of_discharge: 0.9
  Pb-acid:
    cost: 153.585
    lifetime: 8.41089
    annual_cost: 18.260255454535727
    efficiency: 0.695115
    discharge_ratio: 5
    depth_of_discharge: 0.5
  VRBF:
    cost: 312.245
    lifetime: 20.1714
    annual_cost: 15.479589914433308
    efficiency: 0.711022
    discharge_ratio: 0.5
    depth_of_discharge: 1.0
