cost_values:
  wind_capex: 5000.0
  wind_opex: 100
  wind_lifetime: 20
  solar_capex: 1000.0
  solar_opex: 10
  solar_lifetime: 20
  carbon_price: 1.0
timeseries_values:
  load_level: 234654.57078171597
  wind_year: 2011
  solar_year: 2010
  price_year: 2023
  carbon_year: 2023
storage_values:
  CAES:
    cost: 55.0608
    lifetime: 23.2291
    annual_cost: 2.370337206348933
    efficiency: 0.584436
    discharge_ratio: 0.1
    depth_of_discharge: 0.4
  Li-ion:
    cost: 144.255
    lifetime: 24.1745
    annual_cost: 5.967238205547168
    efficiency: 0.897127
    discharge_ratio: 2
    depth_of_discharge: 0.9
  Pb-acid:
    cost: 139.158
    lifetime: 8.07039
    annual_cost: 17.24303286458275
    efficiency: 0.704517
    discharge_ratio: 5
    depth_of_discharge: 0.5
  VRBF:
    cost: 320.19
    lifetime: 21.532
    annual_cost: 14.870425413338287
    efficiency: 0.711358
    discharge_ratio: 0.5
    depth_of_discharge: 1.0
