cost_values:
  wind_capex: 5000.0
  wind_opex: 100
  wind_lifetime: 20
  solar_capex: 1000.0
  solar_opex: 10
  solar_lifetime: 20
  carbon_price: 1.0
timeseries_values:
  load_level: 234654.57078171597
  wind_year: 2011
  solar_year: 2010
  price_year: 2023
  carbon_year: 2023
storage_values:
  CAES:
    cost: 51.0555
    lifetime: 22.1405
    annual_cost: 2.305977733113525
    efficiency: 0.589456
    discharge_ratio: 0.1
    depth_of_discharge: 0.4
  Li-ion:
    cost: 137.438
    lifetime: 24.9309
    annual_cost: 5.512757261069596
    efficiency: 0.891608
    discharge_ratio: 2
    depth_of_discharge: 0.9
  Pb-acid:
    cost: 143.3
    lifetime: 7.22496
    annual_cost: 19.834019842324388
    efficiency: 0.709995
    discharge_ratio: 5
    depth_of_discharge: 0.5
  VRBF:
    cost: 308.282
    lifetime: 20.1782
    annual_cost: 15.277973258268824
    efficiency: 0.727794
    discharge_ratio: 0.5
    depth_of_discharge: 1.0
