cost_values:
  wind_capex: 5000.0
  wind_opex: 100
  wind_lifetime: 20
  solar_capex: 1000.0
  solar_opex: 10
  solar_lifetime: 20
  carbon_price: 1.0
timeseries_values:
  load_level: 234654.57078171597
  wind_year: 2011
  solar_year: 2010
  price_year: 2023
  carbon_year: 2023
storage_values:
  CAES:
    cost: 54.9182
    lifetime: 23.0924
    annual_cost: 2.3781936914309467
    efficiency: 0.591097
    discharge_ratio: 0.1
    depth_of_discharge: 0.4
  Li-ion:
    cost: 151.197
    lifetime: 22.7948
    annual_cost: 6.632960148805869
    efficiency: 0.891312
    discharge_ratio: 2
    depth_of_discharge: 0.9
  Pb-acid:
    cost: 138.384
    lifetime: 7.80848
    annual_cost: 17.722271171854185
    efficiency: 0.713877
    discharge_ratio: 5
    depth_of_discharge: 0.5
  VRBF:
    cost: 334.068
    lifetime: 19.0322
    annual_cost: 17.552778974579923
    efficiency: 0.736785
    discharge_ratio: 0.5
    depth_of_discharge: 1.0
