cost_values:
  wind_capex: 5000.0
  wind_opex: 100
  wind_lifetime: 20
  solar_capex: 1000.0
  solar_opex: 10
  solar_lifetime: 20
  carbon_price: 1.0
timeseries_values:
  load_level: 234654.57078171597
  wind_year: 2011
  solar_year: 2010
  price_year: 2023
  carbon_year: 2023
storage_values:
  CAES:
    cost: 60.6157
    lifetime: 23.0904
    annual_cost: 2.625147247340886
    efficiency: 0.587239
    discharge_ratio: 0.1
    depth_of_discharge: 0.4
  Li-ion:
    cost: 139.42
    lifetime: 23.7099
    annual_cost: 5.880244117436176
    efficiency: 0.899721
    discharge_ratio: 2
    depth_of_discharge: 0.9
  Pb-acid:
    cost: 129.465
    lifetime: 7.42583
    annual_cost: 17.434414738823808
    efficiency: 0.725975
    discharge_ratio: 5
    depth_of_discharge: 0.5
  VRBF:
    cost: 341.978
    lifetime: 21.9787
    annual_cost: 15.559518988839194
    efficiency: 0.717806
    discharge_ratio: 0.5
    depth_of_discharge: 1.0
