cost_values:
  wind_capex: 5000.0
  wind_opex: 100
  wind_lifetime: 20
  solar_capex: 1000.0
  solar_opex: 10
  solar_lifetime: 20
  carbon_price: 1.0
timeseries_values:
  load_level: 234654.57078171597
  wind_year: 2011
  solar_year: 2010
  price_year: 2023
  carbon_year: 2023
storage_values:
  CAES:
    cost: 58.4901
    lifetime: 22.3742
    annual_cost: 2.614176149314836
    efficiency: 0.589861
    discharge_ratio: 0.1
    depth_of_discharge: 0.4
  Li-ion:
    cost: 124.26
    lifetime: 23.8355
    annual_cost: 5.213232363491431
    efficiency: 0.880856
    discharge_ratio: 2
    depth_of_discharge: 0.9
  Pb-acid:
    cost: 148.786
    lifetime: 7.84831
    annual_cost: 18.957711915049227
    efficiency: 0.724652
    discharge_ratio: 5
    depth_of_discharge: 0.5
  VRBF:
    cost: 302.537
    lifetime: 20.8963
    annual_cost: 14.478017639486415
    efficiency: 0.743855
    discharge_ratio: 0.5
    depth_of_discharge: 1.0
