cost_values:
  wind_capex: 5000.0
  wind_opex: 100
  wind_lifetime: 20
  solar_capex: 1000.0
  solar_opex: 10
  solar_lifetime: 20
  carbon_price: 1.0
timeseries_values:
  load_level: 234654.57078171597
  wind_year: 2011
  solar_year: 2010
  price_year: 2023
  carbon_year: 2023
storage_values:
  CAES:
    cost: 51.3944
    lifetime: 22.0462
    annual_cost: 2.331213542469904
    efficiency: 0.602769
    discharge_ratio: 0.1
    depth_of_discharge: 0.4
  Li-ion:
    cost: 137.608
    lifetime: 23.9204
    annual_cost: 5.752746609588469
    efficiency: 0.889352
    discharge_ratio: 2
    depth_of_discharge: 0.9
  Pb-acid:
    cost: 159.569
    lifetime: 8.66869
    annual_cost: 18.407510246646265
    efficiency: 0.702707
    discharge_ratio: 5
    depth_of_discharge: 0.5
  VRBF:
    cost: 296.508
    lifetime: 20.1476
    annual_cost: 14.71679008914213
    efficiency: 0.702751
    discharge_ratio: 0.5
    depth_of_discharge: 1.0
