cost_values:
  wind_capex: 5000.0
  wind_opex: 100
  wind_lifetime: 20
  solar_capex: 1000.0
  solar_opex: 10
  solar_lifetime: 20
  carbon_price: 1.0
timeseries_values:
  load_level: 234654.57078171597
  wind_year: 2011
  solar_year: 2010
  price_year: 2023
  carbon_year: 2023
storage_values:
  CAES:
    cost: 48.1056
    lifetime: 22.0278
    annual_cost: 2.1838585787050913
    efficiency: 0.585419
    discharge_ratio: 0.1
    depth_of_discharge: 0.4
  Li-ion:
    cost: 135.578
    lifetime: 22.9706
    annual_cost: 5.9022402549345685
    efficiency: 0.884316
    discharge_ratio: 2
    depth_of_discharge: 0.9
  Pb-acid:
    cost: 117.672
    lifetime: 8.13545
    annual_cost: 14.464104628508563
    efficiency: 0.714397
    discharge_ratio: 5
    depth_of_discharge: 0.5
  VRBF:
    cost: 289.071
    lifetime: 20.3927
    annual_cost: 14.17521956386354
    efficiency: 0.731638
    discharge_ratio: 0.5
    depth_of_discharge: 1.0
