cost_values:
  wind_capex: 5000.0
  wind_opex: 100
  wind_lifetime: 20
  solar_capex: 1000.0
  solar_opex: 10
  solar_lifetime: 20
  carbon_price: 1.0
timeseries_values:
  load_level: 234654.57078171597
  wind_year: 2011
  solar_year: 2010
  price_year: 2023
  carbon_year: 2023
storage_values:
  CAES:
    cost: 56.622
    lifetime: 22.3761
    annual_cost: 2.530467775885878
    efficiency: 0.595112
    discharge_ratio: 0.1
    depth_of_discharge: 0.4
  Li-ion:
    cost: 126.074
    lifetime: 23.7829
    annual_cost: 5.301035618028078
    efficiency: 0.895587
    discharge_ratio: 2
    depth_of_discharge: 0.9
  Pb-acid:
    cost: 109.921
    lifetime: 7.07705
    annual_cost: 15.53203665369045
    efficiency: 0.693421
    discharge_ratio: 5
    depth_of_discharge: 0.5
  VRBF:
    cost: 283.34
    lifetime: 21.188
    annual_cost: 13.372663771946383
    efficiency: 0.726059
    discharge_ratio: 0.5
    depth_of_discharge: 1.0
