cost_values:
  wind_capex: 5000.0
  wind_opex: 100
  wind_lifetime: 20
  solar_capex: 1000.0
  solar_opex: 10
  solar_lifetime: 20
  carbon_price: 1.0
timeseries_values:
  load_level: 234654.57078171597
  wind_year: 2011
  solar_year: 2010
  price_year: 2023
  carbon_year: 2023
storage_values:
  CAES:
    cost: 48.917
    lifetime: 22.4615
    annual_cost: 2.177815372971529
    efficiency: 0.595599
    discharge_ratio: 0.1
    depth_of_discharge: 0.4
  Li-ion:
    cost: 126.405
    lifetime: 23.9289
    annual_cost: 5.282524478768352
    efficiency: 0.905046
    discharge_ratio: 2
    depth_of_discharge: 0.9
  Pb-acid:
    cost: 121.171
    lifetime: 8.39651
    annual_cost: 14.43111483223387
    efficiency: 0.713894
    discharge_ratio: 5
    depth_of_discharge: 0.5
  VRBF:
    cost: 287.319
    lifetime: 21.1335
    annual_cost: 13.595429058130456
    efficiency: 0.719009
    discharge_ratio: 0.5
    depth_of_discharge: 1.0
