cost_values:
  wind_capex: 5000.0
  wind_opex: 100
  wind_lifetime: 20
  solar_capex: 1000.0
  solar_opex: 10
  solar_lifetime: 20
  carbon_price: 1.0
timeseries_values:
  load_level: 234654.57078171597
  wind_year: 2011
  solar_year: 2010
  price_year: 2023
  carbon_year: 2023
storage_values:
  CAES:
    cost: 54.8293
    lifetime: 22.7561
    annual_cost: 2.409433075087559
    efficiency: 0.589609
    discharge_ratio: 0.1
    depth_of_discharge: 0.4
  Li-ion:
    cost: 149.951
    lifetime: 24.7597
    annual_cost: 6.056252700961643
    efficiency: 0.872178
    discharge_ratio: 2
    depth_of_discharge: 0.9
  Pb-acid:
    cost: 154.132
    lifetime: 8.08474
    annual_cost: 19.06455866236886
    efficiency: 0.713603
    discharge_ratio: 5
    depth_of_discharge: 0.5
  VRBF:
    cost: 301.697
    lifetime: 22.2908
    annual_cost: 13.534597232939149
    efficiency: 0.719801
    discharge_ratio: 0.5
    depth_of_discharge: 1.0
