cost_values:
  wind_capex: 5000.0
  wind_opex: 100
  wind_lifetime: 20
  solar_capex: 1000.0
  solar_opex: 10
  solar_lifetime: 20
  carbon_price: 1.0
timeseries_values:
  load_level: 234654.57078171597
  wind_year: 2011
  solar_year: 2010
  price_year: 2023
  carbon_year: 2023
storage_values:
  CAES:
    cost: 50.9542
    lifetime: 23.6159
    annual_cost: 2.1576226186594627
    efficiency: 0.587681
    discharge_ratio: 0.1
    depth_of_discharge: 0.4
  Li-ion:
    cost: 144.601
    lifetime: 22.5505
    annual_cost: 6.4123190173166895
    efficiency: 0.893047
    discharge_ratio: 2
    depth_of_discharge: 0.9
  Pb-acid:
    cost: 149.708
    lifetime: 6.44052
    annual_cost: 23.24470694912833
    efficiency: 0.728228
    discharge_ratio: 5
    depth_of_discharge: 0.5
  VRBF:
    cost: 286.91
    lifetime: 21.5218
    annual_cost: 13.331134012954308
    efficiency: 0.711253
    discharge_ratio: 0.5
    depth_of_discharge: 1.0
