cost_values:
  wind_capex: 5000.0
  wind_opex: 100
  wind_lifetime: 20
  solar_capex: 1000.0
  solar_opex: 10
  solar_lifetime: 20
  carbon_price: 1.0
timeseries_values:
  load_level: 234654.57078171597
  wind_year: 2011
  solar_year: 2010
  price_year: 2023
  carbon_year: 2023
storage_values:
  CAES:
    cost: 53.3555
    lifetime: 23.4267
    annual_cost: 2.2775508287552237
    efficiency: 0.600429
    discharge_ratio: 0.1
    depth_of_discharge: 0.4
  Li-ion:
    cost: 149.358
    lifetime: 22.8685
    annual_cost: 6.531167326234777
    efficiency: 0.88146
    discharge_ratio: 2
    depth_of_discharge: 0.9
  Pb-acid:
    cost: 127.976
    lifetime: 8.97889
    annual_cost: 14.252986727758108
    efficiency: 0.711048
    discharge_ratio: 5
    depth_of_discharge: 0.5
  VRBF:
    cost: 300.415
    lifetime: 20.8283
    annual_cost: 14.423404694574211
    efficiency: 0.71318
    discharge_ratio: 0.5
    depth_of_discharge: 1.0
