cost_values:
  wind_capex: 5000.0
  wind_opex: 100
  wind_lifetime: 20
  solar_capex: 1000.0
  solar_opex: 10
  solar_lifetime: 20
  carbon_price: 1.0
timeseries_values:
  load_level: 234654.57078171597
  wind_year: 2011
  solar_year: 2010
  price_year: 2023
  carbon_year: 2023
storage_values:
  CAES:
    cost: 47.4937
    lifetime: 22.9883
    annual_cost: 2.0659944406502437
    efficiency: 0.574364
    discharge_ratio: 0.1
    depth_of_discharge: 0.4
  Li-ion:
    cost: 132.389
    lifetime: 22.5145
    annual_cost: 5.880166115170224
    efficiency: 0.894485
    discharge_ratio: 2
    depth_of_discharge: 0.9
  Pb-acid:
    cost: 157.333
    lifetime: 7.66233
    annual_cost: 20.53331036381884
    efficiency: 0.709447
    discharge_ratio: 5
    depth_of_discharge: 0.5
  VRBF:
    cost: 327.689
    lifetime: 19.7158
    annual_cost: 16.620629140080545
    efficiency: 0.736952
    discharge_ratio: 0.5
    depth_of_discharge: 1.0
