cost_values:
  wind_capex: 5000.0
  wind_opex: 100
  wind_lifetime: 20
  solar_capex: 1000.0
  solar_opex: 10
  solar_lifetime: 20
  carbon_price: 1.0
timeseries_values:
  load_level: 234654.57078171597
  wind_year: 2011
  solar_year: 2010
  price_year: 2023
  carbon_year: 2023
storage_values:
  CAES:
    cost: 51.9239
    lifetime: 23.5922
    annual_cost: 2.2008926679156673
    efficiency: 0.594526
    discharge_ratio: 0.1
    depth_of_discharge: 0.4
  Li-ion:
    cost: 144.636
    lifetime: 24.678
    annual_cost: 5.860928762460491
    efficiency: 0.890587
    discharge_ratio: 2
    depth_of_discharge: 0.9
  Pb-acid:
    cost: 154.992
    lifetime: 8.27362
    annual_cost: 18.73327515646114
    efficiency: 0.71614
    discharge_ratio: 5
    depth_of_discharge: 0.5
  VRBF:
    cost: 322.057
    lifetime: 20.3436
    annual_cost: 15.830875557915022
    efficiency: 0.714108
    discharge_ratio: 0.5
    depth_of_discharge: 1.0
