cost_values:
  wind_capex: 5000.0
  wind_opex: 100
  wind_lifetime: 20
  solar_capex: 1000.0
  solar_opex: 10
  solar_lifetime: 20
  carbon_price: 1.0
timeseries_values:
  load_level: 234654.57078171597
  wind_year: 2011
  solar_year: 2010
  price_year: 2023
  carbon_year: 2023
storage_values:
  CAES:
    cost: 51.5292
    lifetime: 23.0435
    annual_cost: 2.23617072059366
    efficiency: 0.582162
    discharge_ratio: 0.1
    depth_of_discharge: 0.4
  Li-ion:
    cost: 127.331
    lifetime: 21.9936
    annual_cost: 5.789456932925942
    efficiency: 0.890779
    discharge_ratio: 2
    depth_of_discharge: 0.9
  Pb-acid:
    cost: 142.944
    lifetime: 8.73817
    annual_cost: 16.358573934817013
    efficiency: 0.718628
    discharge_ratio: 5
    depth_of_discharge: 0.5
  VRBF:
    cost: 333.604
    lifetime: 17.8856
    annual_cost: 18.652100013418615
    efficiency: 0.71811
    discharge_ratio: 0.5
    depth_of_discharge: 1.0
