cost_values:
  wind_capex: 5000.0
  wind_opex: 100
  wind_lifetime: 20
  solar_capex: 1000.0
  solar_opex: 10
  solar_lifetime: 20
  carbon_price: 1.0
timeseries_values:
  load_level: 234654.57078171597
  wind_year: 2011
  solar_year: 2010
  price_year: 2023
  carbon_year: 2023
storage_values:
  CAES:
    cost: 49.3731
    lifetime: 22.2963
    annual_cost: 2.2144077716930615
    efficiency: 0.601203
    discharge_ratio: 0.1
    depth_of_discharge: 0.4
  Li-ion:
    cost: 139.044
    lifetime: 23.188
    annual_cost: 5.996377436605141
    efficiency: 0.891739
    discharge_ratio: 2
    depth_of_discharge: 0.9
  Pb-acid:
    cost: 143.276
    lifetime: 8.06513
    annual_cost: 17.764871737963308
    efficiency: 0.711115
    discharge_ratio: 5
    depth_of_discharge: 0.5
  VRBF:
    cost: 274.812
    lifetime: 20.4289
    annual_cost: 13.45211930157767
    efficiency: 0.723145
    discharge_ratio: 0.5
    depth_of_discharge: 1.0
