cost_values:
  wind_capex: 5000.0
  wind_opex: 100
  wind_lifetime: 20
  solar_capex: 1000.0
  solar_opex: 10
  solar_lifetime: 20
  carbon_price: 1.0
timeseries_values:
  load_level: 234654.57078171597
  wind_year: 2011
  solar_year: 2010
  price_year: 2023
  carbon_year: 2023
storage_values:
  CAES:
    cost: 56.5999
    lifetime: 22.3355
    annual_cost: 2.5340780372053455
    efficiency: 0.596414
    discharge_ratio: 0.1
    depth_of_discharge: 0.4
  Li-ion:
    cost: 136.088
    lifetime: 23.0362
    annual_cost: 5.9075715612818085
    efficiency: 0.885563
    discharge_ratio: 2
    depth_of_discharge: 0.9
  Pb-acid:
    cost: 144.046
    lifetime: 6.64198
    annual_cost: 21.687207730225023
    efficiency: 0.699185
    discharge_ratio: 5
    depth_of_discharge: 0.5
  VRBF:
    cost: 326.141
    lifetime: 18.5693
    annual_cost: 17.563451503287688
    efficiency: 0.730732
    discharge_ratio: 0.5
    depth_of_discharge: 1.0
