cost_values:
  wind_capex: 5000.0
  wind_opex: 100
  wind_lifetime: 20
  solar_capex: 1000.0
  solar_opex: 10
  solar_lifetime: 20
  carbon_price: 1.0
timeseries_values:
  load_level: 234654.57078171597
  wind_year: 2011
  solar_year: 2010
  price_year: 2023
  carbon_year: 2023
storage_values:
  CAES:
    cost: 50.2949
    lifetime: 22.1114
    annual_cost: 2.27461400001809
    efficiency: 0.589132
    discharge_ratio: 0.1
    depth_of_discharge: 0.4
  Li-ion:
    cost: 126.915
    lifetime: 26.1404
    annual_cost: 4.855128460161283
    efficiency: 0.884509
    discharge_ratio: 2
    depth_of_discharge: 0.9
  Pb-acid:
    cost: 163.91
    lifetime: 8.93375
    annual_cost: 18.347278578424515
    efficiency: 0.70659
    discharge_ratio: 5
    depth_of_discharge: 0.5
  VRBF:
    cost: 313.837
    lifetime: 20.4702
    annual_cost: 15.331408584185793
    efficiency: 0.732208
    discharge_ratio: 0.5
    depth_of_discharge: 1.0
