cost_values:
  wind_capex: 5000.0
  wind_opex: 100
  wind_lifetime: 20
  solar_capex: 1000.0
  solar_opex: 10
  solar_lifetime: 20
  carbon_price: 1.0
timeseries_values:
  load_level: 234654.57078171597
  wind_year: 2011
  solar_year: 2010
  price_year: 2023
  carbon_year: 2023
storage_values:
  CAES:
    cost: 66.312
    lifetime: 22.423
    annual_cost: 2.9573206083039736
    efficiency: 0.590621
    discharge_ratio: 0.1
    depth_of_discharge: 0.4
  Li-ion:
    cost: 138.943
    lifetime: 25.7011
    annual_cost: 5.406111022485419
    efficiency: 0.883418
    discharge_ratio: 2
    depth_of_discharge: 0.9
  Pb-acid:
    cost: 118.607
    lifetime: 9.09585
    annual_cost: 13.03968293232628
    efficiency: 0.70589
    discharge_ratio: 5
    depth_of_discharge: 0.5
  VRBF:
    cost: 299.695
    lifetime: 19.6761
    annual_cost: 15.231422893764515
    efficiency: 0.720054
    discharge_ratio: 0.5
    depth_of_discharge: 1.0
