cost_values:
  wind_capex: 5000.0
  wind_opex: 100
  wind_lifetime: 20
  solar_capex: 1000.0
  solar_opex: 10
  solar_lifetime: 20
  carbon_price: 1.0
timeseries_values:
  load_level: 234654.57078171597
  wind_year: 2011
  solar_year: 2010
  price_year: 2023
  carbon_year: 2023
storage_values:
  CAES:
    cost: 55.1766
    lifetime: 23.1538
    annual_cost: 2.383047275177293
    efficiency: 0.593873
    discharge_ratio: 0.1
    depth_of_discharge: 0.4
  Li-ion:
    cost: 137.739
    lifetime: 23.6049
    annual_cost: 5.835186762070587
    efficiency: 0.889691
    discharge_ratio: 2
    depth_of_discharge: 0.9
  Pb-acid:
    cost: 142.526
    lifetime: 7.83946
    annual_cost: 18.18058896913818
    efficiency: 0.717719
    discharge_ratio: 5
    depth_of_discharge: 0.5
  VRBF:
    cost: 320.517
    lifetime: 22.569
    annual_cost: 14.201648278612256
    efficiency: 0.704056
    discharge_ratio: 0.5
    depth_of_discharge: 1.0
