cost_values:
  wind_capex: 5000.0
  wind_opex: 100
  wind_lifetime: 20
  solar_capex: 1000.0
  solar_opex: 10
  solar_lifetime: 20
  carbon_price: 1.0
timeseries_values:
  load_level: 234654.57078171597
  wind_year: 2011
  solar_year: 2010
  price_year: 2023
  carbon_year: 2023
storage_values:
  CAES:
    cost: 50.5189
    lifetime: 21.8899
    annual_cost: 2.3078634438713745
    efficiency: 0.590491
    discharge_ratio: 0.1
    depth_of_discharge: 0.4
  Li-ion:
    cost: 147.762
    lifetime: 23.738
    annual_cost: 6.224703007835538
    efficiency: 0.889309
    discharge_ratio: 2
    depth_of_discharge: 0.9
  Pb-acid:
    cost: 128.607
    lifetime: 8.07593
    annual_cost: 15.924729411968654
    efficiency: 0.714156
    discharge_ratio: 5
    depth_of_discharge: 0.5
  VRBF:
    cost: 297.144
    lifetime: 20.7331
    annual_cost: 14.33186547115482
    efficiency: 0.714236
    discharge_ratio: 0.5
    depth_of_discharge: 1.0
