cost_values:
  wind_capex: 5000.0
  wind_opex: 100
  wind_lifetime: 20
  solar_capex: 1000.0
  solar_opex: 10
  solar_lifetime: 20
  carbon_price: 1.0
timeseries_values:
  load_level: 234654.57078171597
  wind_year: 2011
  solar_year: 2010
  price_year: 2023
  carbon_year: 2023
storage_values:
  CAES:
    cost: 47.6199
    lifetime: 22.151
    annual_cost: 2.149785562728545
    efficiency: 0.59526
    discharge_ratio: 0.1
    depth_of_discharge: 0.4
  Li-ion:
    cost: 134.153
    lifetime: 25.5231
    annual_cost: 5.256140515846429
    efficiency: 0.897084
    discharge_ratio: 2
    depth_of_discharge: 0.9
  Pb-acid:
    cost: 140.943
    lifetime: 8.76625
    annual_cost: 16.077912448310283
    efficiency: 0.734857
    discharge_ratio: 5
    depth_of_discharge: 0.5
  VRBF:
    cost: 331.365
    lifetime: 22.4617
    annual_cost: 14.75244527351002
    efficiency: 0.715771
    discharge_ratio: 0.5
    depth_of_discharge: 1.0
