cost_values:
  wind_capex: 5000.0
  wind_opex: 100
  wind_lifetime: 20
  solar_capex: 1000.0
  solar_opex: 10
  solar_lifetime: 20
  carbon_price: 1.0
timeseries_values:
  load_level: 234654.57078171597
  wind_year: 2011
  solar_year: 2010
  price_year: 2023
  carbon_year: 2023
storage_values:
  CAES:
    cost: 66.3549
    lifetime: 21.826
    annual_cost: 3.0401768532942364
    efficiency: 0.593682
    discharge_ratio: 0.1
    depth_of_discharge: 0.4
  Li-ion:
    cost: 147.979
    lifetime: 25.3663
    annual_cost: 5.833684849583897
    efficiency: 0.892959
    discharge_ratio: 2
    depth_of_discharge: 0.9
  Pb-acid:
    cost: 131.96
    lifetime: 7.05266
    annual_cost: 18.710670867445756
    efficiency: 0.701423
    discharge_ratio: 5
    depth_of_discharge: 0.5
  VRBF:
    cost: 311.017
    lifetime: 21.6241
    annual_cost: 14.382887611507531
    efficiency: 0.742739
    discharge_ratio: 0.5
    depth_of_discharge: 1.0
