cost_values:
  wind_capex: 5000.0
  wind_opex: 100
  wind_lifetime: 20
  solar_capex: 1000.0
  solar_opex: 10
  solar_lifetime: 20
  carbon_price: 1.0
timeseries_values:
  load_level: 234654.57078171597
  wind_year: 2011
  solar_year: 2010
  price_year: 2023
  carbon_year: 2023
storage_values:
  CAES:
    cost: 49.2552
    lifetime: 23.0765
    annual_cost: 2.134431131237406
    efficiency: 0.592429
    discharge_ratio: 0.1
    depth_of_discharge: 0.4
  Li-ion:
    cost: 139.331
    lifetime: 22.5819
    annual_cost: 6.170029979762552
    efficiency: 0.885124
    discharge_ratio: 2
    depth_of_discharge: 0.9
  Pb-acid:
    cost: 138.21
    lifetime: 6.75219
    annual_cost: 20.468914529952507
    efficiency: 0.699961
    discharge_ratio: 5
    depth_of_discharge: 0.5
  VRBF:
    cost: 313.835
    lifetime: 20.9983
    annual_cost: 14.945733702252086
    efficiency: 0.727109
    discharge_ratio: 0.5
    depth_of_discharge: 1.0
