cost_values:
  wind_capex: 5000.0
  wind_opex: 100
  wind_lifetime: 20
  solar_capex: 1000.0
  solar_opex: 10
  solar_lifetime: 20
  carbon_price: 1.0
timeseries_values:
  load_level: 234654.57078171597
  wind_year: 2011
  solar_year: 2010
  price_year: 2023
  carbon_year: 2023
storage_values:
  CAES:
    cost: 54.1438
    lifetime: 22.4603
    annual_cost: 2.4106445595116717
    efficiency: 0.592901
    discharge_ratio: 0.1
    depth_of_discharge: 0.4
  Li-ion:
    cost: 121.083
    lifetime: 24.6786
    annual_cost: 4.906396635141378
    efficiency: 0.87905
    discharge_ratio: 2
    depth_of_discharge: 0.9
  Pb-acid:
    cost: 155.659
    lifetime: 7.89282
    annual_cost: 19.721595069949647
    efficiency: 0.711391
    discharge_ratio: 5
    depth_of_discharge: 0.5
  VRBF:
    cost: 307.593
    lifetime: 19.8601
    annual_cost: 15.487988479413499
    efficiency: 0.702605
    discharge_ratio: 0.5
    depth_of_discharge: 1.0
