cost_values:
  wind_capex: 5000.0
  wind_opex: 100
  wind_lifetime: 20
  solar_capex: 1000.0
  solar_opex: 10
  solar_lifetime: 20
  carbon_price: 1.0
timeseries_values:
  load_level: 234654.57078171597
  wind_year: 2011
  solar_year: 2010
  price_year: 2023
  carbon_year: 2023
storage_values:
  CAES:
    cost: 48.6209
    lifetime: 23.1701
    annual_cost: 2.09843289411785
    efficiency: 0.586607
    discharge_ratio: 0.1
    depth_of_discharge: 0.4
  Li-ion:
    cost: 127.696
    lifetime: 25.6507
    annual_cost: 4.978265700351257
    efficiency: 0.87125
    discharge_ratio: 2
    depth_of_discharge: 0.9
  Pb-acid:
    cost: 138.101
    lifetime: 8.02881
    annual_cost: 17.20068104737813
    efficiency: 0.731025
    discharge_ratio: 5
    depth_of_discharge: 0.5
  VRBF:
    cost: 321.676
    lifetime: 21.3646
    annual_cost: 15.056495324040704
    efficiency: 0.706392
    discharge_ratio: 0.5
    depth_of_discharge: 1.0
