cost_values:
  wind_capex: 5000.0
  wind_opex: 100
  wind_lifetime: 20
  solar_capex: 1000.0
  solar_opex: 10
  solar_lifetime: 20
  carbon_price: 1.0
timeseries_values:
  load_level: 234654.57078171597
  wind_year: 2011
  solar_year: 2010
  price_year: 2023
  carbon_year: 2023
storage_values:
  CAES:
    cost: 59.382
    lifetime: 22.6869
    annual_cost: 2.6174576517726087
    efficiency: 0.588853
    discharge_ratio: 0.1
    depth_of_discharge: 0.4
  Li-ion:
    cost: 136.838
    lifetime: 20.831
    annual_cost: 6.568959723489031
    efficiency: 0.896031
    discharge_ratio: 2
    depth_of_discharge: 0.9
  Pb-acid:
    cost: 132.412
    lifetime: 7.61907
    annual_cost: 17.37902394911715
    efficiency: 0.684511
    discharge_ratio: 5
    depth_of_discharge: 0.5
  VRBF:
    cost: 288.122
    lifetime: 20.9923
    annual_cost: 13.72512778494972
    efficiency: 0.707421
    discharge_ratio: 0.5
    depth_of_discharge: 1.0
