cost_values:
  wind_capex: 5000.0
  wind_opex: 100
  wind_lifetime: 20
  solar_capex: 1000.0
  solar_opex: 10
  solar_lifetime: 20
  carbon_price: 1.0
timeseries_values:
  load_level: 234654.57078171597
  wind_year: 2011
  solar_year: 2010
  price_year: 2023
  carbon_year: 2023
storage_values:
  CAES:
    cost: 45.9076
    lifetime: 22.1794
    annual_cost: 2.0698305634958567
    efficiency: 0.59421
    discharge_ratio: 0.1
    depth_of_discharge: 0.4
  Li-ion:
    cost: 131.473
    lifetime: 23.5674
    annual_cost: 5.578595856988892
    efficiency: 0.888634
    discharge_ratio: 2
    depth_of_discharge: 0.9
  Pb-acid:
    cost: 151.656
    lifetime: 6.01826
    annual_cost: 25.199310099596897
    efficiency: 0.717984
    discharge_ratio: 5
    depth_of_discharge: 0.5
  VRBF:
    cost: 341.09
    lifetime: 18.7528
    annual_cost: 18.188750479928327
    efficiency: 0.710207
    discharge_ratio: 0.5
    depth_of_discharge: 1.0
