cost_values:
  wind_capex: 5000.0
  wind_opex: 100
  wind_lifetime: 20
  solar_capex: 1000.0
  solar_opex: 10
  solar_lifetime: 20
  carbon_price: 1.0
timeseries_values:
  load_level: 234654.57078171597
  wind_year: 2011
  solar_year: 2010
  price_year: 2023
  carbon_year: 2023
storage_values:
  CAES:
    cost: 63.8324
    lifetime: 22.8807
    annual_cost: 2.7897922703413793
    efficiency: 0.58702
    discharge_ratio: 0.1
    depth_of_discharge: 0.4
  Li-ion:
    cost: 111.687
    lifetime: 23.9751
    annual_cost: 4.658458150330968
    efficiency: 0.88453
    discharge_ratio: 2
    depth_of_discharge: 0.9
  Pb-acid:
    cost: 134.691
    lifetime: 7.77607
    annual_cost: 17.321217530191987
    efficiency: 0.704869
    discharge_ratio: 5
    depth_of_discharge: 0.5
  VRBF:
    cost: 318.281
    lifetime: 22.8096
    annual_cost: 13.953817690796859
    efficiency: 0.72045
    discharge_ratio: 0.5
    depth_of_discharge: 1.0
