cost_values:
  wind_capex: 5000.0
  wind_opex: 100
  wind_lifetime: 20
  solar_capex: 1000.0
  solar_opex: 10
  solar_lifetime: 20
  carbon_price: 1.0
timeseries_values:
  load_level: 234654.57078171597
  wind_year: 2011
  solar_year: 2010
  price_year: 2023
  carbon_year: 2023
storage_values:
  CAES:
    cost: 54.2615
    lifetime: 22.6629
    annual_cost: 2.394287580141994
    efficiency: 0.603237
    discharge_ratio: 0.1
    depth_of_discharge: 0.4
  Li-ion:
    cost: 127.062
    lifetime: 25.812
    annual_cost: 4.922594142259414
    efficiency: 0.881708
    discharge_ratio: 2
    depth_of_discharge: 0.9
  Pb-acid:
    cost: 134.624
    lifetime: 7.00231
    annual_cost: 19.225655533673887
    efficiency: 0.726519
    discharge_ratio: 5
    depth_of_discharge: 0.5
  VRBF:
    cost: 276.701
    lifetime: 20.8711
    annual_cost: 13.257614596259902
    efficiency: 0.72646
    discharge_ratio: 0.5
    depth_of_discharge: 1.0
