cost_values:
  wind_capex: 5000.0
  wind_opex: 100
  wind_lifetime: 20
  solar_capex: 1000.0
  solar_opex: 10
  solar_lifetime: 20
  carbon_price: 1.0
timeseries_values:
  load_level: 234654.57078171597
  wind_year: 2011
  solar_year: 2010
  price_year: 2023
  carbon_year: 2023
storage_values:
  CAES:
    cost: 53.6732
    lifetime: 21.9023
    annual_cost: 2.450573684042315
    efficiency: 0.579852
    discharge_ratio: 0.1
    depth_of_discharge: 0.4
  Li-ion:
    cost: 145.911
    lifetime: 25.4572
    annual_cost: 5.731620131043477
    efficiency: 0.882922
    discharge_ratio: 2
    depth_of_discharge: 0.9
  Pb-acid:
    cost: 130.881
    lifetime: 8.03294
    annual_cost: 16.293038414329
    efficiency: 0.706764
    discharge_ratio: 5
    depth_of_discharge: 0.5
  VRBF:
    cost: 321.601
    lifetime: 18.3858
    annual_cost: 17.491814334975906
    efficiency: 0.724109
    discharge_ratio: 0.5
    depth_of_discharge: 1.0
