cost_values:
  wind_capex: 5000.0
  wind_opex: 100
  wind_lifetime: 20
  solar_capex: 1000.0
  solar_opex: 10
  solar_lifetime: 20
  carbon_price: 1.0
timeseries_values:
  load_level: 234654.57078171597
  wind_year: 2011
  solar_year: 2010
  price_year: 2023
  carbon_year: 2023
storage_values:
  CAES:
    cost: 55.4923
    lifetime: 23.3664
    annual_cost: 2.3748758901670777
    efficiency: 0.585361
    discharge_ratio: 0.1
    depth_of_discharge: 0.4
  Li-ion:
    cost: 145.875
    lifetime: 24.8881
    annual_cost: 5.8612348873558044
    efficiency: 0.886166
    discharge_ratio: 2
    depth_of_discharge: 0.9
  Pb-acid:
    cost: 143.787
    lifetime: 7.1139
    annual_cost: 20.2121199342133
    efficiency: 0.714543
    discharge_ratio: 5
    depth_of_discharge: 0.5
  VRBF:
    cost: 312.569
    lifetime: 22.3639
    annual_cost: 13.976497838033616
    efficiency: 0.70779
    discharge_ratio: 0.5
    depth_of_discharge: 1.0
