cost_values:
  wind_capex: 5000.0
  wind_opex: 100
  wind_lifetime: 20
  solar_capex: 1000.0
  solar_opex: 10
  solar_lifetime: 20
  carbon_price: 1.0
timeseries_values:
  load_level: 234654.57078171597
  wind_year: 2011
  solar_year: 2010
  price_year: 2023
  carbon_year: 2023
storage_values:
  CAES:
    cost: 54.4376
    lifetime: 22.7499
    annual_cost: 2.3928720565804684
    efficiency: 0.582679
    discharge_ratio: 0.1
    depth_of_discharge: 0.4
  Li-ion:
    cost: 126.214
    lifetime: 23.7654
    annual_cost: 5.310830030211989
    efficiency: 0.902562
    discharge_ratio: 2
    depth_of_discharge: 0.9
  Pb-acid:
    cost: 140.346
    lifetime: 7.90035
    annual_cost: 17.764529419582676
    efficiency: 0.71912
    discharge_ratio: 5
    depth_of_discharge: 0.5
  VRBF:
    cost: 325.131
    lifetime: 21.212
    annual_cost: 15.327691872524985
    efficiency: 0.705598
    discharge_ratio: 0.5
    depth_of_discharge: 1.0
