cost_values:
  wind_capex: 5000.0
  wind_opex: 100
  wind_lifetime: 20
  solar_capex: 1000.0
  solar_opex: 10
  solar_lifetime: 20
  carbon_price: 1.0
timeseries_values:
  load_level: 234654.57078171597
  wind_year: 2011
  solar_year: 2010
  price_year: 2023
  carbon_year: 2023
storage_values:
  CAES:
    cost: 47.7557
    lifetime: 22.9479
    annual_cost: 2.081048810566544
    efficiency: 0.590998
    discharge_ratio: 0.1
    depth_of_discharge: 0.4
  Li-ion:
    cost: 138.818
    lifetime: 22.9555
    annual_cost: 6.047265361242404
    efficiency: 0.890512
    discharge_ratio: 2
    depth_of_discharge: 0.9
  Pb-acid:
    cost: 127.673
    lifetime: 6.84195
    annual_cost: 18.66032344580127
    efficiency: 0.709077
    discharge_ratio: 5
    depth_of_discharge: 0.5
  VRBF:
    cost: 330.048
    lifetime: 19.0951
    annual_cost: 17.28443422658169
    efficiency: 0.711964
    discharge_ratio: 0.5
    depth_of_discharge: 1.0
