cost_values:
  wind_capex: 5000.0
  wind_opex: 100
  wind_lifetime: 20
  solar_capex: 1000.0
  solar_opex: 10
  solar_lifetime: 20
  carbon_price: 1.0
timeseries_values:
  load_level: 234654.57078171597
  wind_year: 2011
  solar_year: 2010
  price_year: 2023
  carbon_year: 2023
storage_values:
  CAES:
    cost: 50.6216
    lifetime: 22.5608
    annual_cost: 2.243785681358817
    efficiency: 0.585455
    discharge_ratio: 0.1
    depth_of_discharge: 0.4
  Li-ion:
    cost: 134.944
    lifetime: 21.3089
    annual_cost: 6.332752981148721
    efficiency: 0.878423
    discharge_ratio: 2
    depth_of_discharge: 0.9
  Pb-acid:
    cost: 127.571
    lifetime: 7.06283
    annual_cost: 18.062306469219845
    efficiency: 0.721895
    discharge_ratio: 5
    depth_of_discharge: 0.5
  VRBF:
    cost: 288.923
    lifetime: 18.8101
    annual_cost: 15.359992769841735
    efficiency: 0.701715
    discharge_ratio: 0.5
    depth_of_discharge: 1.0
