cost_values:
  wind_capex: 5000.0
  wind_opex: 100
  wind_lifetime: 20
  solar_capex: 1000.0
  solar_opex: 10
  solar_lifetime: 20
  carbon_price: 1.0
timeseries_values:
  load_level: 234654.57078171597
  wind_year: 2011
  solar_year: 2010
  price_year: 2023
  carbon_year: 2023
storage_values:
  CAES:
    cost: 56.671
    lifetime: 22.4328
    annual_cost: 2.5262561962840127
    efficiency: 0.592225
    discharge_ratio: 0.1
    depth_of_discharge: 0.4
  Li-ion:
    cost: 136.284
    lifetime: 23.0835
    annual_cost: 5.903957372148937
    efficiency: 0.883938
    discharge_ratio: 2
    depth_of_discharge: 0.9
  Pb-acid:
    cost: 142.116
    lifetime: 8.94174
    annual_cost: 15.893550919619674
    efficiency: 0.709017
    discharge_ratio: 5
    depth_of_discharge: 0.5
  VRBF:
    cost: 303.951
    lifetime: 21.8486
    annual_cost: 13.911692282343033
    efficiency: 0.700664
    discharge_ratio: 0.5
    depth_of_discharge: 1.0
