cost_values:
  wind_capex: 5000.0
  wind_opex: 100
  wind_lifetime: 20
  solar_capex: 1000.0
  solar_opex: 10
  solar_lifetime: 20
  carbon_price: 1.0
timeseries_values:
  load_level: 234654.57078171597
  wind_year: 2011
  solar_year: 2010
  price_year: 2023
  carbon_year: 2023
storage_values:
  CAES:
    cost: 56.0751
    lifetime: 22.7524
    annual_cost: 2.464579560837538
    efficiency: 0.585577
    discharge_ratio: 0.1
    depth_of_discharge: 0.4
  Li-ion:
    cost: 132.546
    lifetime: 25.7363
    annual_cost: 5.150157559555957
    efficiency: 0.88191
    discharge_ratio: 2
    depth_of_discharge: 0.9
  Pb-acid:
    cost: 125.387
    lifetime: 8.04637
    annual_cost: 15.583051736373049
    efficiency: 0.703218
    discharge_ratio: 5
    depth_of_discharge: 0.5
  VRBF:
    cost: 304.885
    lifetime: 19.3074
    annual_cost: 15.791095642085416
    efficiency: 0.714488
    discharge_ratio: 0.5
    depth_of_discharge: 1.0
