cost_values:
  wind_capex: 5000.0
  wind_opex: 100
  wind_lifetime: 20
  solar_capex: 1000.0
  solar_opex: 10
  solar_lifetime: 20
  carbon_price: 1.0
timeseries_values:
  load_level: 234654.57078171597
  wind_year: 2011
  solar_year: 2010
  price_year: 2023
  carbon_year: 2023
storage_values:
  CAES:
    cost: 47.9706
    lifetime: 23.1412
    annual_cost: 2.072952137313536
    efficiency: 0.582987
    discharge_ratio: 0.1
    depth_of_discharge: 0.4
  Li-ion:
    cost: 134.418
    lifetime: 22.6445
    annual_cost: 5.936010951886772
    efficiency: 0.890815
    discharge_ratio: 2
    depth_of_discharge: 0.9
  Pb-acid:
    cost: 124.769
    lifetime: 6.70711
    annual_cost: 18.602497946209322
    efficiency: 0.709415
    discharge_ratio: 5
    depth_of_discharge: 0.5
  VRBF:
    cost: 331.766
    lifetime: 18.5156
    annual_cost: 17.91818790641405
    efficiency: 0.728463
    discharge_ratio: 0.5
    depth_of_discharge: 1.0
