cost_values:
  wind_capex: 5000.0
  wind_opex: 100
  wind_lifetime: 20
  solar_capex: 1000.0
  solar_opex: 10
  solar_lifetime: 20
  carbon_price: 1.0
timeseries_values:
  load_level: 234654.57078171597
  wind_year: 2011
  solar_year: 2010
  price_year: 2023
  carbon_year: 2023
storage_values:
  CAES:
    cost: 57.7859
    lifetime: 23.1597
    annual_cost: 2.495105722440273
    efficiency: 0.585966
    discharge_ratio: 0.1
    depth_of_discharge: 0.4
  Li-ion:
    cost: 149.173
    lifetime: 22.0791
    annual_cost: 6.756298943344611
    efficiency: 0.87923
    discharge_ratio: 2
    depth_of_discharge: 0.9
  Pb-acid:
    cost: 131.4
    lifetime: 8.43136
    annual_cost: 15.584674358585094
    efficiency: 0.712565
    discharge_ratio: 5
    depth_of_discharge: 0.5
  VRBF:
    cost: 313.845
    lifetime: 19.3689
    annual_cost: 16.203553118659297
    efficiency: 0.714987
    discharge_ratio: 0.5
    depth_of_discharge: 1.0
