cost_values:
  wind_capex: 5000.0
  wind_opex: 100
  wind_lifetime: 20
  solar_capex: 1000.0
  solar_opex: 10
  solar_lifetime: 20
  carbon_price: 1.0
timeseries_values:
  load_level: 234654.57078171597
  wind_year: 2011
  solar_year: 2010
  price_year: 2023
  carbon_year: 2023
storage_values:
  CAES:
    cost: 52.488
    lifetime: 22.5789
    annual_cost: 2.3246482335277627
    efficiency: 0.587529
    discharge_ratio: 0.1
    depth_of_discharge: 0.4
  Li-ion:
    cost: 162.17
    lifetime: 22.5359
    annual_cost: 7.196073819993876
    efficiency: 0.883004
    discharge_ratio: 2
    depth_of_discharge: 0.9
  Pb-acid:
    cost: 144.709
    lifetime: 9.80718
    annual_cost: 14.755413890639307
    efficiency: 0.705933
    discharge_ratio: 5
    depth_of_discharge: 0.5
  VRBF:
    cost: 295.55
    lifetime: 20.3935
    annual_cost: 14.49236276264496
    efficiency: 0.705531
    discharge_ratio: 0.5
    depth_of_discharge: 1.0
