cost_values:
  wind_capex: 5000.0
  wind_opex: 100
  wind_lifetime: 20
  solar_capex: 1000.0
  solar_opex: 10
  solar_lifetime: 20
  carbon_price: 1.0
timeseries_values:
  load_level: 234654.57078171597
  wind_year: 2011
  solar_year: 2010
  price_year: 2023
  carbon_year: 2023
storage_values:
  CAES:
    cost: 54.9568
    lifetime: 22.2613
    annual_cost: 2.4687147650855974
    efficiency: 0.583604
    discharge_ratio: 0.1
    depth_of_discharge: 0.4
  Li-ion:
    cost: 132.36
    lifetime: 23.0016
    annual_cost: 5.7543823038397335
    efficiency: 0.892638
    discharge_ratio: 2
    depth_of_discharge: 0.9
  Pb-acid:
    cost: 149.568
    lifetime: 8.37852
    annual_cost: 17.85136277051317
    efficiency: 0.698169
    discharge_ratio: 5
    depth_of_discharge: 0.5
  VRBF:
    cost: 285.899
    lifetime: 21.3699
    annual_cost: 13.378583896040691
    efficiency: 0.713706
    discharge_ratio: 0.5
    depth_of_discharge: 1.0
