cost_values:
  wind_capex: 5000.0
  wind_opex: 100
  wind_lifetime: 20
  solar_capex: 1000.0
  solar_opex: 10
  solar_lifetime: 20
  carbon_price: 1.0
timeseries_values:
  load_level: 234654.57078171597
  wind_year: 2011
  solar_year: 2010
  price_year: 2023
  carbon_year: 2023
storage_values:
  CAES:
    cost: 49.8768
    lifetime: 22.6991
    annual_cost: 2.197302976770004
    efficiency: 0.588761
    discharge_ratio: 0.1
    depth_of_discharge: 0.4
  Li-ion:
    cost: 123.136
    lifetime: 24.7566
    annual_cost: 4.973865555043908
    efficiency: 0.886268
    discharge_ratio: 2
    depth_of_discharge: 0.9
  Pb-acid:
    cost: 140.573
    lifetime: 6.04031
    annual_cost: 23.272481048158127
    efficiency: 0.708792
    discharge_ratio: 5
    depth_of_discharge: 0.5
  VRBF:
    cost: 291.174
    lifetime: 20.0611
    annual_cost: 14.514358634371993
    efficiency: 0.717135
    discharge_ratio: 0.5
    depth_of_discharge: 1.0
