cost_values:
  wind_capex: 5000.0
  wind_opex: 100
  wind_lifetime: 20
  solar_capex: 1000.0
  solar_opex: 10
  solar_lifetime: 20
  carbon_price: 1.0
timeseries_values:
  load_level: 234654.57078171597
  wind_year: 2011
  solar_year: 2010
  price_year: 2023
  carbon_year: 2023
storage_values:
  CAES:
    cost: 49.0946
    lifetime: 23.1979
    annual_cost: 2.1163381168122974
    efficiency: 0.594088
    discharge_ratio: 0.1
    depth_of_discharge: 0.4
  Li-ion:
    cost: 145.242
    lifetime: 25.3822
    annual_cost: 5.722199021361426
    efficiency: 0.881359
    discharge_ratio: 2
    depth_of_discharge: 0.9
  Pb-acid:
    cost: 141.982
    lifetime: 7.00468
    annual_cost: 20.269591187606
    efficiency: 0.706147
    discharge_ratio: 5
    depth_of_discharge: 0.5
  VRBF:
    cost: 289.412
    lifetime: 20.406
    annual_cost: 14.18269136528472
    efficiency: 0.704541
    discharge_ratio: 0.5
    depth_of_discharge: 1.0
