cost_values:
  wind_capex: 5000.0
  wind_opex: 100
  wind_lifetime: 20
  solar_capex: 1000.0
  solar_opex: 10
  solar_lifetime: 20
  carbon_price: 1.0
timeseries_values:
  load_level: 234654.57078171597
  wind_year: 2011
  solar_year: 2010
  price_year: 2023
  carbon_year: 2023
storage_values:
  CAES:
    cost: 53.5354
    lifetime: 23.4035
    annual_cost: 2.2874954600807573
    efficiency: 0.599877
    discharge_ratio: 0.1
    depth_of_discharge: 0.4
  Li-ion:
    cost: 143.743
    lifetime: 24.085
    annual_cost: 5.968154452979032
    efficiency: 0.876383
    discharge_ratio: 2
    depth_of_discharge: 0.9
  Pb-acid:
    cost: 121.377
    lifetime: 6.93806
    annual_cost: 17.494371625497617
    efficiency: 0.706545
    discharge_ratio: 5
    depth_of_discharge: 0.5
  VRBF:
    cost: 310.079
    lifetime: 22.2687
    annual_cost: 13.92443205036666
    efficiency: 0.716358
    discharge_ratio: 0.5
    depth_of_discharge: 1.0
