cost_values:
  wind_capex: 5000.0
  wind_opex: 100
  wind_lifetime: 20
  solar_capex: 1000.0
  solar_opex: 10
  solar_lifetime: 20
  carbon_price: 1.0
timeseries_values:
  load_level: 234654.57078171597
  wind_year: 2011
  solar_year: 2010
  price_year: 2023
  carbon_year: 2023
storage_values:
  CAES:
    cost: 61.2137
    lifetime: 21.2416
    annual_cost: 2.8817838580897863
    efficiency: 0.588893
    discharge_ratio: 0.1
    depth_of_discharge: 0.4
  Li-ion:
    cost: 143.008
    lifetime: 26.7362
    annual_cost: 5.3488528661515105
    efficiency: 0.881787
    discharge_ratio: 2
    depth_of_discharge: 0.9
  Pb-acid:
    cost: 143.084
    lifetime: 6.59882
    annual_cost: 21.68327064535781
    efficiency: 0.712766
    discharge_ratio: 5
    depth_of_discharge: 0.5
  VRBF:
    cost: 280.942
    lifetime: 20.9498
    annual_cost: 13.41024735319669
    efficiency: 0.703764
    discharge_ratio: 0.5
    depth_of_discharge: 1.0
