cost_values:
  wind_capex: 5000.0
  wind_opex: 100
  wind_lifetime: 20
  solar_capex: 1000.0
  solar_opex: 10
  solar_lifetime: 20
  carbon_price: 1.0
timeseries_values:
  load_level: 248123.69508581646
  wind_year: 2019
  solar_year: 2013
  price_year: 2023
  carbon_year: 2023
storage_values:
  CAES:
    cost: 39.1695
    lifetime: 22.1372
    annual_cost: 1.7693972137397682
    efficiency: 0.608523
    discharge_ratio: 0.1
    depth_of_discharge: 0.4
  Li-ion:
    cost: 213.253
    lifetime: 24.2854
    annual_cost: 8.781119520370263
    efficiency: 0.951588
    discharge_ratio: 2
    depth_of_discharge: 0.9
  Pb-acid:
    cost: 129.299
    lifetime: 10.5131
    annual_cost: 12.298846201405865
    efficiency: 0.778342
    discharge_ratio: 5
    depth_of_discharge: 0.5
  VRBF:
    cost: 220.569
    lifetime: 28.7061
    annual_cost: 7.683697889995506
    efficiency: 0.677098
    discharge_ratio: 0.5
    depth_of_discharge: 1.0
