cost_values:
  wind_capex: 5000.0
  wind_opex: 100
  wind_lifetime: 20
  solar_capex: 1000.0
  solar_opex: 10
  solar_lifetime: 20
  carbon_price: 1.0
timeseries_values:
  load_level: 248123.69508581646
  wind_year: 2019
  solar_year: 2013
  price_year: 2023
  carbon_year: 2023
storage_values:
  CAES:
    cost: 38.1235
    lifetime: 22.1305
    annual_cost: 1.7226678113915184
    efficiency: 0.610349
    discharge_ratio: 0.1
    depth_of_discharge: 0.4
  Li-ion:
    cost: 214.986
    lifetime: 21.9009
    annual_cost: 9.816308918811556
    efficiency: 0.971378
    discharge_ratio: 2
    depth_of_discharge: 0.9
  Pb-acid:
    cost: 145.265
    lifetime: 12.1354
    annual_cost: 11.970351203915815
    efficiency: 0.782603
    discharge_ratio: 5
    depth_of_discharge: 0.5
  VRBF:
    cost: 238.869
    lifetime: 28.7986
    annual_cost: 8.294465703193906
    efficiency: 0.675105
    discharge_ratio: 0.5
    depth_of_discharge: 1.0
