cost_values:
  wind_capex: 5000.0
  wind_opex: 100
  wind_lifetime: 20
  solar_capex: 1000.0
  solar_opex: 10
  solar_lifetime: 20
  carbon_price: 1.0
timeseries_values:
  load_level: 248123.69508581646
  wind_year: 2019
  solar_year: 2013
  price_year: 2023
  carbon_year: 2023
storage_values:
  CAES:
    cost: 41.8585
    lifetime: 21.721
    annual_cost: 1.9270981998987156
    efficiency: 0.61035
    discharge_ratio: 0.1
    depth_of_discharge: 0.4
  Li-ion:
    cost: 223.083
    lifetime: 22.1863
    annual_cost: 10.054988889539942
    efficiency: 0.976572
    discharge_ratio: 2
    depth_of_discharge: 0.9
  Pb-acid:
    cost: 127.427
    lifetime: 9.29184
    annual_cost: 13.713860763853015
    efficiency: 0.76073
    discharge_ratio: 5
    depth_of_discharge: 0.5
  VRBF:
    cost: 208.037
    lifetime: 28.7393
    annual_cost: 7.238763644208453
    efficiency: 0.672367
    discharge_ratio: 0.5
    depth_of_discharge: 1.0
