cost_values:
  wind_capex: 5000.0
  wind_opex: 100
  wind_lifetime: 20
  solar_capex: 1000.0
  solar_opex: 10
  solar_lifetime: 20
  carbon_price: 1.0
timeseries_values:
  load_level: 248123.69508581646
  wind_year: 2019
  solar_year: 2013
  price_year: 2023
  carbon_year: 2023
storage_values:
  CAES:
    cost: 39.0036
    lifetime: 21.5632
    annual_cost: 1.8088038881056616
    efficiency: 0.607911
    discharge_ratio: 0.1
    depth_of_discharge: 0.4
  Li-ion:
    cost: 216.572
    lifetime: 22.3988
    annual_cost: 9.66891083450899
    efficiency: 0.968076
    discharge_ratio: 2
    depth_of_discharge: 0.9
  Pb-acid:
    cost: 129.031
    lifetime: 11.2746
    annual_cost: 11.44439714047505
    efficiency: 0.782697
    discharge_ratio: 5
    depth_of_discharge: 0.5
  VRBF:
    cost: 217.184
    lifetime: 27.8527
    annual_cost: 7.797592333956852
    efficiency: 0.689492
    discharge_ratio: 0.5
    depth_of_discharge: 1.0
