cost_values:
  wind_capex: 5000.0
  wind_opex: 100
  wind_lifetime: 20
  solar_capex: 1000.0
  solar_opex: 10
  solar_lifetime: 20
  carbon_price: 1.0
timeseries_values:
  load_level: 248123.69508581646
  wind_year: 2019
  solar_year: 2013
  price_year: 2023
  carbon_year: 2023
storage_values:
  CAES:
    cost: 36.4954
    lifetime: 21.2616
    annual_cost: 1.716493584678481
    efficiency: 0.606442
    discharge_ratio: 0.1
    depth_of_discharge: 0.4
  Li-ion:
    cost: 198.483
    lifetime: 21.912
    annual_cost: 9.058187294633079
    efficiency: 0.964736
    discharge_ratio: 2
    depth_of_discharge: 0.9
  Pb-acid:
    cost: 144.743
    lifetime: 10.3595
    annual_cost: 13.972006370963848
    efficiency: 0.775448
    discharge_ratio: 5
    depth_of_discharge: 0.5
  VRBF:
    cost: 208.356
    lifetime: 29.6143
    annual_cost: 7.035655072042898
    efficiency: 0.67576
    discharge_ratio: 0.5
    depth_of_discharge: 1.0
