cost_values:
  wind_capex: 5000.0
  wind_opex: 100
  wind_lifetime: 20
  solar_capex: 1000.0
  solar_opex: 10
  solar_lifetime: 20
  carbon_price: 1.0
timeseries_values:
  load_level: 248123.69508581646
  wind_year: 2019
  solar_year: 2013
  price_year: 2023
  carbon_year: 2023
storage_values:
  CAES:
    cost: 45.7595
    lifetime: 21.0586
    annual_cost: 2.172960215778827
    efficiency: 0.603458
    discharge_ratio: 0.1
    depth_of_discharge: 0.4
  Li-ion:
    cost: 218.208
    lifetime: 24.7149
    annual_cost: 8.829005984244322
    efficiency: 0.971358
    discharge_ratio: 2
    depth_of_discharge: 0.9
  Pb-acid:
    cost: 151.199
    lifetime: 10.9597
    annual_cost: 13.795906822267034
    efficiency: 0.787912
    discharge_ratio: 5
    depth_of_discharge: 0.5
  VRBF:
    cost: 216.452
    lifetime: 28.936
    annual_cost: 7.480370472767487
    efficiency: 0.672632
    discharge_ratio: 0.5
    depth_of_discharge: 1.0
