cost_values:
  wind_capex: 5000.0
  wind_opex: 100
  wind_lifetime: 20
  solar_capex: 1000.0
  solar_opex: 10
  solar_lifetime: 20
  carbon_price: 1.0
timeseries_values:
  load_level: 248123.69508581646
  wind_year: 2019
  solar_year: 2013
  price_year: 2023
  carbon_year: 2023
storage_values:
  CAES:
    cost: 32.1468
    lifetime: 22.268
    annual_cost: 1.443632117837255
    efficiency: 0.616076
    discharge_ratio: 0.1
    depth_of_discharge: 0.4
  Li-ion:
    cost: 213.5
    lifetime: 25.1462
    annual_cost: 8.490348442309374
    efficiency: 0.975983
    discharge_ratio: 2
    depth_of_discharge: 0.9
  Pb-acid:
    cost: 136.496
    lifetime: 11.811
    annual_cost: 11.556684446702228
    efficiency: 0.757716
    discharge_ratio: 5
    depth_of_discharge: 0.5
  VRBF:
    cost: 231.861
    lifetime: 29.9038
    annual_cost: 7.753563092316027
    efficiency: 0.653894
    discharge_ratio: 0.5
    depth_of_discharge: 1.0
