cost_values:
  wind_capex: 5000.0
  wind_opex: 100
  wind_lifetime: 20
  solar_capex: 1000.0
  solar_opex: 10
  solar_lifetime: 20
  carbon_price: 1.0
timeseries_values:
  load_level: 248123.69508581646
  wind_year: 2019
  solar_year: 2013
  price_year: 2023
  carbon_year: 2023
storage_values:
  CAES:
    cost: 28.6154
    lifetime: 22.1198
    annual_cost: 1.2936554580059494
    efficiency: 0.610648
    discharge_ratio: 0.1
    depth_of_discharge: 0.4
  Li-ion:
    cost: 210.478
    lifetime: 22.3087
    annual_cost: 9.43479449721409
    efficiency: 0.968573
    discharge_ratio: 2
    depth_of_discharge: 0.9
  Pb-acid:
    cost: 126.918
    lifetime: 10.8642
    annual_cost: 11.682222344949468
    efficiency: 0.777184
    discharge_ratio: 5
    depth_of_discharge: 0.5
  VRBF:
    cost: 229.801
    lifetime: 29.3061
    annual_cost: 7.8414050317169455
    efficiency: 0.69099
    discharge_ratio: 0.5
    depth_of_discharge: 1.0
