cost_values:
  wind_capex: 5000.0
  wind_opex: 100
  wind_lifetime: 20
  solar_capex: 1000.0
  solar_opex: 10
  solar_lifetime: 20
  carbon_price: 1.0
timeseries_values:
  load_level: 248123.69508581646
  wind_year: 2019
  solar_year: 2013
  price_year: 2023
  carbon_year: 2023
storage_values:
  CAES:
    cost: 32.343
    lifetime: 21.4285
    annual_cost: 1.509345031150104
    efficiency: 0.599636
    discharge_ratio: 0.1
    depth_of_discharge: 0.4
  Li-ion:
    cost: 202.176
    lifetime: 23.0116
    annual_cost: 8.785829755427697
    efficiency: 0.965933
    discharge_ratio: 2
    depth_of_discharge: 0.9
  Pb-acid:
    cost: 131.401
    lifetime: 8.74581
    annual_cost: 15.02445170887545
    efficiency: 0.786694
    discharge_ratio: 5
    depth_of_discharge: 0.5
  VRBF:
    cost: 218.846
    lifetime: 29.4926
    annual_cost: 7.420369855489174
    efficiency: 0.695595
    discharge_ratio: 0.5
    depth_of_discharge: 1.0
