cost_values:
  wind_capex: 5000.0
  wind_opex: 100
  wind_lifetime: 20
  solar_capex: 1000.0
  solar_opex: 10
  solar_lifetime: 20
  carbon_price: 1.0
timeseries_values:
  load_level: 248123.69508581646
  wind_year: 2019
  solar_year: 2013
  price_year: 2023
  carbon_year: 2023
storage_values:
  CAES:
    cost: 44.9956
    lifetime: 22.4077
    annual_cost: 2.0080418784614222
    efficiency: 0.61079
    discharge_ratio: 0.1
    depth_of_discharge: 0.4
  Li-ion:
    cost: 224.625
    lifetime: 24.0579
    annual_cost: 9.336849849737508
    efficiency: 0.986524
    discharge_ratio: 2
    depth_of_discharge: 0.9
  Pb-acid:
    cost: 129.234
    lifetime: 7.98362
    annual_cost: 16.187393688577362
    efficiency: 0.790967
    discharge_ratio: 5
    depth_of_discharge: 0.5
  VRBF:
    cost: 226.069
    lifetime: 28.7613
    annual_cost: 7.860180172662571
    efficiency: 0.672045
    discharge_ratio: 0.5
    depth_of_discharge: 1.0
