cost_values:
  wind_capex: 5000.0
  wind_opex: 100
  wind_lifetime: 20
  solar_capex: 1000.0
  solar_opex: 10
  solar_lifetime: 20
  carbon_price: 1.0
timeseries_values:
  load_level: 248123.69508581646
  wind_year: 2019
  solar_year: 2013
  price_year: 2023
  carbon_year: 2023
storage_values:
  CAES:
    cost: 38.3759
    lifetime: 22.7847
    annual_cost: 1.6842837518159115
    efficiency: 0.610021
    discharge_ratio: 0.1
    depth_of_discharge: 0.4
  Li-ion:
    cost: 212.111
    lifetime: 23.7835
    annual_cost: 8.918409821935375
    efficiency: 0.968498
    discharge_ratio: 2
    depth_of_discharge: 0.9
  Pb-acid:
    cost: 130.76
    lifetime: 9.21047
    annual_cost: 14.196886803822169
    efficiency: 0.780911
    discharge_ratio: 5
    depth_of_discharge: 0.5
  VRBF:
    cost: 218.763
    lifetime: 29.3735
    annual_cost: 7.447631368410302
    efficiency: 0.659237
    discharge_ratio: 0.5
    depth_of_discharge: 1.0
