cost_values:
  wind_capex: 5000.0
  wind_opex: 100
  wind_lifetime: 20
  solar_capex: 1000.0
  solar_opex: 10
  solar_lifetime: 20
  carbon_price: 1.0
timeseries_values:
  load_level: 248123.69508581646
  wind_year: 2019
  solar_year: 2013
  price_year: 2023
  carbon_year: 2023
storage_values:
  CAES:
    cost: 37.1988
    lifetime: 20.918
    annual_cost: 1.778315326513051
    efficiency: 0.606003
    discharge_ratio: 0.1
    depth_of_discharge: 0.4
  Li-ion:
    cost: 223.809
    lifetime: 21.544
    annual_cost: 10.38846082435945
    efficiency: 0.962873
    discharge_ratio: 2
    depth_of_discharge: 0.9
  Pb-acid:
    cost: 107.625
    lifetime: 11.5295
    annual_cost: 9.334749989158245
    efficiency: 0.778316
    discharge_ratio: 5
    depth_of_discharge: 0.5
  VRBF:
    cost: 242.993
    lifetime: 29.6044
    annual_cost: 8.20800286443907
    efficiency: 0.68192
    discharge_ratio: 0.5
    depth_of_discharge: 1.0
