cost_values:
  wind_capex: 5000.0
  wind_opex: 100
  wind_lifetime: 20
  solar_capex: 1000.0
  solar_opex: 10
  solar_lifetime: 20
  carbon_price: 1.0
timeseries_values:
  load_level: 248123.69508581646
  wind_year: 2019
  solar_year: 2013
  price_year: 2023
  carbon_year: 2023
storage_values:
  CAES:
    cost: 37.7694
    lifetime: 21.2097
    annual_cost: 1.7807606896844366
    efficiency: 0.615819
    discharge_ratio: 0.1
    depth_of_discharge: 0.4
  Li-ion:
    cost: 203.505
    lifetime: 24.5634
    annual_cost: 8.284887271306088
    efficiency: 0.979747
    discharge_ratio: 2
    depth_of_discharge: 0.9
  Pb-acid:
    cost: 149.9
    lifetime: 9.9793
    annual_cost: 15.02109366388424
    efficiency: 0.76316
    discharge_ratio: 5
    depth_of_discharge: 0.5
  VRBF:
    cost: 253.534
    lifetime: 28.5377
    annual_cost: 8.88417777185968
    efficiency: 0.669061
    discharge_ratio: 0.5
    depth_of_discharge: 1.0
