cost_values:
  wind_capex: 5000.0
  wind_opex: 100
  wind_lifetime: 20
  solar_capex: 1000.0
  solar_opex: 10
  solar_lifetime: 20
  carbon_price: 1.0
timeseries_values:
  load_level: 248123.69508581646
  wind_year: 2019
  solar_year: 2013
  price_year: 2023
  carbon_year: 2023
storage_values:
  CAES:
    cost: 39.4898
    lifetime: 21.2075
    annual_cost: 1.8620676647412473
    efficiency: 0.608879
    discharge_ratio: 0.1
    depth_of_discharge: 0.4
  Li-ion:
    cost: 224.457
    lifetime: 23.1243
    annual_cost: 9.706542468312554
    efficiency: 0.965788
    discharge_ratio: 2
    depth_of_discharge: 0.9
  Pb-acid:
    cost: 127.748
    lifetime: 9.43984
    annual_cost: 13.532856489093035
    efficiency: 0.787158
    discharge_ratio: 5
    depth_of_discharge: 0.5
  VRBF:
    cost: 230.904
    lifetime: 27.9161
    annual_cost: 8.27135595588209
    efficiency: 0.659974
    discharge_ratio: 0.5
    depth_of_discharge: 1.0
