cost_values:
  wind_capex: 5000.0
  wind_opex: 100
  wind_lifetime: 20
  solar_capex: 1000.0
  solar_opex: 10
  solar_lifetime: 20
  carbon_price: 1.0
timeseries_values:
  load_level: 248123.69508581646
  wind_year: 2019
  solar_year: 2013
  price_year: 2023
  carbon_year: 2023
storage_values:
  CAES:
    cost: 35.6873
    lifetime: 21.1607
    annual_cost: 1.68648957737693
    efficiency: 0.604916
    discharge_ratio: 0.1
    depth_of_discharge: 0.4
  Li-ion:
    cost: 214.988
    lifetime: 23.1173
    annual_cost: 9.299874985400544
    efficiency: 0.971845
    discharge_ratio: 2
    depth_of_discharge: 0.9
  Pb-acid:
    cost: 131.932
    lifetime: 9.01002
    annual_cost: 14.642808783998257
    efficiency: 0.772734
    discharge_ratio: 5
    depth_of_discharge: 0.5
  VRBF:
    cost: 252.92
    lifetime: 28.8165
    annual_cost: 8.7769160029844
    efficiency: 0.673409
    discharge_ratio: 0.5
    depth_of_discharge: 1.0
