cost_values:
  wind_capex: 5000.0
  wind_opex: 100
  wind_lifetime: 20
  solar_capex: 1000.0
  solar_opex: 10
  solar_lifetime: 20
  carbon_price: 1.0
timeseries_values:
  load_level: 248123.69508581646
  wind_year: 2019
  solar_year: 2013
  price_year: 2023
  carbon_year: 2023
storage_values:
  CAES:
    cost: 39.9758
    lifetime: 22.0101
    annual_cost: 1.8162479952385495
    efficiency: 0.589471
    discharge_ratio: 0.1
    depth_of_discharge: 0.4
  Li-ion:
    cost: 222.595
    lifetime: 25.3182
    annual_cost: 8.79189673831473
    efficiency: 0.958272
    discharge_ratio: 2
    depth_of_discharge: 0.9
  Pb-acid:
    cost: 123.691
    lifetime: 10.3507
    annual_cost: 11.950013042596153
    efficiency: 0.785849
    discharge_ratio: 5
    depth_of_discharge: 0.5
  VRBF:
    cost: 221.796
    lifetime: 27.1616
    annual_cost: 8.16579288407163
    efficiency: 0.669764
    discharge_ratio: 0.5
    depth_of_discharge: 1.0
