cost_values:
  wind_capex: 5000.0
  wind_opex: 100
  wind_lifetime: 20
  solar_capex: 1000.0
  solar_opex: 10
  solar_lifetime: 20
  carbon_price: 1.0
timeseries_values:
  load_level: 248123.69508581646
  wind_year: 2019
  solar_year: 2013
  price_year: 2023
  carbon_year: 2023
storage_values:
  CAES:
    cost: 35.3372
    lifetime: 23.0754
    annual_cost: 1.531379737729357
    efficiency: 0.603137
    discharge_ratio: 0.1
    depth_of_discharge: 0.4
  Li-ion:
    cost: 243.433
    lifetime: 23.0812
    annual_cost: 10.546808658128693
    efficiency: 0.980284
    discharge_ratio: 2
    depth_of_discharge: 0.9
  Pb-acid:
    cost: 160.223
    lifetime: 10.3409
    annual_cost: 15.494105928884336
    efficiency: 0.779244
    discharge_ratio: 5
    depth_of_discharge: 0.5
  VRBF:
    cost: 221.154
    lifetime: 27.8731
    annual_cost: 7.934316599158328
    efficiency: 0.672929
    discharge_ratio: 0.5
    depth_of_discharge: 1.0
