cost_values:
  wind_capex: 5000.0
  wind_opex: 100
  wind_lifetime: 20
  solar_capex: 1000.0
  solar_opex: 10
  solar_lifetime: 20
  carbon_price: 1.0
timeseries_values:
  load_level: 248123.69508581646
  wind_year: 2019
  solar_year: 2013
  price_year: 2023
  carbon_year: 2023
storage_values:
  CAES:
    cost: 36.5019
    lifetime: 21.6162
    annual_cost: 1.6886363005523635
    efficiency: 0.61241
    discharge_ratio: 0.1
    depth_of_discharge: 0.4
  Li-ion:
    cost: 225.439
    lifetime: 23.5201
    annual_cost: 9.58495074425704
    efficiency: 0.977601
    discharge_ratio: 2
    depth_of_discharge: 0.9
  Pb-acid:
    cost: 137.941
    lifetime: 9.79379
    annual_cost: 14.084537242477122
    efficiency: 0.774334
    discharge_ratio: 5
    depth_of_discharge: 0.5
  VRBF:
    cost: 241.001
    lifetime: 28.4371
    annual_cost: 8.474879646658765
    efficiency: 0.66642
    discharge_ratio: 0.5
    depth_of_discharge: 1.0
