cost_values:
  wind_capex: 5000.0
  wind_opex: 100
  wind_lifetime: 20
  solar_capex: 1000.0
  solar_opex: 10
  solar_lifetime: 20
  carbon_price: 1.0
timeseries_values:
  load_level: 248123.69508581646
  wind_year: 2019
  solar_year: 2013
  price_year: 2023
  carbon_year: 2023
storage_values:
  CAES:
    cost: 37.1865
    lifetime: 21.4216
    annual_cost: 1.7359347574410875
    efficiency: 0.610023
    discharge_ratio: 0.1
    depth_of_discharge: 0.4
  Li-ion:
    cost: 228.746
    lifetime: 21.6492
    annual_cost: 10.566025534430834
    efficiency: 0.978011
    discharge_ratio: 2
    depth_of_discharge: 0.9
  Pb-acid:
    cost: 128.776
    lifetime: 9.43619
    annual_cost: 13.647033389535396
    efficiency: 0.782625
    discharge_ratio: 5
    depth_of_discharge: 0.5
  VRBF:
    cost: 212.607
    lifetime: 28.3481
    annual_cost: 7.4998677160021305
    efficiency: 0.688063
    discharge_ratio: 0.5
    depth_of_discharge: 1.0
