cost_values:
  wind_capex: 5000.0
  wind_opex: 100
  wind_lifetime: 20
  solar_capex: 1000.0
  solar_opex: 10
  solar_lifetime: 20
  carbon_price: 1.0
timeseries_values:
  load_level: 248123.69508581646
  wind_year: 2019
  solar_year: 2013
  price_year: 2023
  carbon_year: 2023
storage_values:
  CAES:
    cost: 35.0486
    lifetime: 22.2943
    annual_cost: 1.5720879327899957
    efficiency: 0.608615
    discharge_ratio: 0.1
    depth_of_discharge: 0.4
  Li-ion:
    cost: 188.696
    lifetime: 24.3969
    annual_cost: 7.7344252753423595
    efficiency: 0.973254
    discharge_ratio: 2
    depth_of_discharge: 0.9
  Pb-acid:
    cost: 138.758
    lifetime: 11.1745
    annual_cost: 12.417378853639985
    efficiency: 0.764796
    discharge_ratio: 5
    depth_of_discharge: 0.5
  VRBF:
    cost: 282.022
    lifetime: 29.0811
    annual_cost: 9.697776218918817
    efficiency: 0.655234
    discharge_ratio: 0.5
    depth_of_discharge: 1.0
