cost_values:
  wind_capex: 5000.0
  wind_opex: 100
  wind_lifetime: 20
  solar_capex: 1000.0
  solar_opex: 10
  solar_lifetime: 20
  carbon_price: 1.0
timeseries_values:
  load_level: 248123.69508581646
  wind_year: 2019
  solar_year: 2013
  price_year: 2023
  carbon_year: 2023
storage_values:
  CAES:
    cost: 37.1413
    lifetime: 23.0058
    annual_cost: 1.614432012796773
    efficiency: 0.602028
    discharge_ratio: 0.1
    depth_of_discharge: 0.4
  Li-ion:
    cost: 228.217
    lifetime: 24.989
    annual_cost: 9.132698387290407
    efficiency: 0.966546
    discharge_ratio: 2
    depth_of_discharge: 0.9
  Pb-acid:
    cost: 136.603
    lifetime: 10.3837
    annual_cost: 13.155522597917892
    efficiency: 0.777082
    discharge_ratio: 5
    depth_of_discharge: 0.5
  VRBF:
    cost: 251.68
    lifetime: 29.5795
    annual_cost: 8.508595479977688
    efficiency: 0.693432
    discharge_ratio: 0.5
    depth_of_discharge: 1.0
