cost_values:
  wind_capex: 5000.0
  wind_opex: 100
  wind_lifetime: 20
  solar_capex: 1000.0
  solar_opex: 10
  solar_lifetime: 20
  carbon_price: 1.0
timeseries_values:
  load_level: 248123.69508581646
  wind_year: 2019
  solar_year: 2013
  price_year: 2023
  carbon_year: 2023
storage_values:
  CAES:
    cost: 36.1233
    lifetime: 22.4261
    annual_cost: 1.610770486174591
    efficiency: 0.609211
    discharge_ratio: 0.1
    depth_of_discharge: 0.4
  Li-ion:
    cost: 213.908
    lifetime: 23.0206
    annual_cost: 9.292025403334403
    efficiency: 0.971609
    discharge_ratio: 2
    depth_of_discharge: 0.9
  Pb-acid:
    cost: 129.157
    lifetime: 10.9542
    annual_cost: 11.790637381095836
    efficiency: 0.758857
    discharge_ratio: 5
    depth_of_discharge: 0.5
  VRBF:
    cost: 241.188
    lifetime: 29.6548
    annual_cost: 8.133185858613107
    efficiency: 0.677536
    discharge_ratio: 0.5
    depth_of_discharge: 1.0
