cost_values:
  wind_capex: 5000.0
  wind_opex: 100
  wind_lifetime: 20
  solar_capex: 1000.0
  solar_opex: 10
  solar_lifetime: 20
  carbon_price: 1.0
timeseries_values:
  load_level: 248123.69508581646
  wind_year: 2019
  solar_year: 2013
  price_year: 2023
  carbon_year: 2023
storage_values:
  CAES:
    cost: 36.1675
    lifetime: 21.9504
    annual_cost: 1.6476920693928128
    efficiency: 0.617554
    discharge_ratio: 0.1
    depth_of_discharge: 0.4
  Li-ion:
    cost: 224.622
    lifetime: 23.5339
    annual_cost: 9.544614364809913
    efficiency: 0.977111
    discharge_ratio: 2
    depth_of_discharge: 0.9
  Pb-acid:
    cost: 169.998
    lifetime: 9.73794
    annual_cost: 17.45728562714496
    efficiency: 0.77626
    discharge_ratio: 5
    depth_of_discharge: 0.5
  VRBF:
    cost: 233.418
    lifetime: 28.016
    annual_cost: 8.331596230725301
    efficiency: 0.689237
    discharge_ratio: 0.5
    depth_of_discharge: 1.0
