cost_values:
  wind_capex: 5000.0
  wind_opex: 100
  wind_lifetime: 20
  solar_capex: 1000.0
  solar_opex: 10
  solar_lifetime: 20
  carbon_price: 1.0
timeseries_values:
  load_level: 248123.69508581646
  wind_year: 2019
  solar_year: 2013
  price_year: 2023
  carbon_year: 2023
storage_values:
  CAES:
    cost: 42.4475
    lifetime: 21.7997
    annual_cost: 1.9471598233003204
    efficiency: 0.602022
    discharge_ratio: 0.1
    depth_of_discharge: 0.4
  Li-ion:
    cost: 224.251
    lifetime: 23.7477
    annual_cost: 9.443061854411164
    efficiency: 0.962515
    discharge_ratio: 2
    depth_of_discharge: 0.9
  Pb-acid:
    cost: 147.07
    lifetime: 9.0459
    annual_cost: 16.258194320078708
    efficiency: 0.786288
    discharge_ratio: 5
    depth_of_discharge: 0.5
  VRBF:
    cost: 261.763
    lifetime: 29.1875
    annual_cost: 8.968325481798715
    efficiency: 0.663078
    discharge_ratio: 0.5
    depth_of_discharge: 1.0
