cost_values:
  wind_capex: 5000.0
  wind_opex: 100
  wind_lifetime: 20
  solar_capex: 1000.0
  solar_opex: 10
  solar_lifetime: 20
  carbon_price: 1.0
timeseries_values:
  load_level: 248123.69508581646
  wind_year: 2019
  solar_year: 2013
  price_year: 2023
  carbon_year: 2023
storage_values:
  CAES:
    cost: 39.6832
    lifetime: 21.9803
    annual_cost: 1.805398470448538
    efficiency: 0.599763
    discharge_ratio: 0.1
    depth_of_discharge: 0.4
  Li-ion:
    cost: 222.771
    lifetime: 24.0494
    annual_cost: 9.263058537842939
    efficiency: 0.969165
    discharge_ratio: 2
    depth_of_discharge: 0.9
  Pb-acid:
    cost: 146.065
    lifetime: 10.2653
    annual_cost: 14.229004510340662
    efficiency: 0.768
    discharge_ratio: 5
    depth_of_discharge: 0.5
  VRBF:
    cost: 227.762
    lifetime: 29.0243
    annual_cost: 7.847286584000303
    efficiency: 0.684629
    discharge_ratio: 0.5
    depth_of_discharge: 1.0
