cost_values:
  wind_capex: 5000.0
  wind_opex: 100
  wind_lifetime: 20
  solar_capex: 1000.0
  solar_opex: 10
  solar_lifetime: 20
  carbon_price: 1.0
timeseries_values:
  load_level: 248123.69508581646
  wind_year: 2019
  solar_year: 2013
  price_year: 2023
  carbon_year: 2023
storage_values:
  CAES:
    cost: 40.4604
    lifetime: 21.2589
    annual_cost: 1.9032217094957875
    efficiency: 0.601591
    discharge_ratio: 0.1
    depth_of_discharge: 0.4
  Li-ion:
    cost: 211.022
    lifetime: 24.1427
    annual_cost: 8.740613104582337
    efficiency: 0.974091
    discharge_ratio: 2
    depth_of_discharge: 0.9
  Pb-acid:
    cost: 124.136
    lifetime: 9.46476
    annual_cost: 13.115599339021802
    efficiency: 0.79449
    discharge_ratio: 5
    depth_of_discharge: 0.5
  VRBF:
    cost: 207.329
    lifetime: 29.1882
    annual_cost: 7.103178681796069
    efficiency: 0.68778
    discharge_ratio: 0.5
    depth_of_discharge: 1.0
