cost_values:
  wind_capex: 5000.0
  wind_opex: 100
  wind_lifetime: 20
  solar_capex: 1000.0
  solar_opex: 10
  solar_lifetime: 20
  carbon_price: 1.0
timeseries_values:
  load_level: 248123.69508581646
  wind_year: 2019
  solar_year: 2013
  price_year: 2023
  carbon_year: 2023
storage_values:
  CAES:
    cost: 45.3826
    lifetime: 22.1026
    annual_cost: 2.05326975107001
    efficiency: 0.61086
    discharge_ratio: 0.1
    depth_of_discharge: 0.4
  Li-ion:
    cost: 197.981
    lifetime: 24.7418
    annual_cost: 8.001883452295305
    efficiency: 0.97674
    discharge_ratio: 2
    depth_of_discharge: 0.9
  Pb-acid:
    cost: 143.01
    lifetime: 10.8929
    annual_cost: 13.128735231205647
    efficiency: 0.796363
    discharge_ratio: 5
    depth_of_discharge: 0.5
  VRBF:
    cost: 203.654
    lifetime: 29.4089
    annual_cost: 6.924910486281364
    efficiency: 0.669047
    discharge_ratio: 0.5
    depth_of_discharge: 1.0
