cost_values:
  wind_capex: 5000.0
  wind_opex: 100
  wind_lifetime: 20
  solar_capex: 1000.0
  solar_opex: 10
  solar_lifetime: 20
  carbon_price: 1.0
timeseries_values:
  load_level: 248123.69508581646
  wind_year: 2019
  solar_year: 2013
  price_year: 2023
  carbon_year: 2023
storage_values:
  CAES:
    cost: 36.166
    lifetime: 22.6149
    annual_cost: 1.5992111395584327
    efficiency: 0.603239
    discharge_ratio: 0.1
    depth_of_discharge: 0.4
  Li-ion:
    cost: 216.661
    lifetime: 25.7314
    annual_cost: 8.420101510217089
    efficiency: 0.954367
    discharge_ratio: 2
    depth_of_discharge: 0.9
  Pb-acid:
    cost: 117.024
    lifetime: 10.0734
    annual_cost: 11.617130263863244
    efficiency: 0.775429
    discharge_ratio: 5
    depth_of_discharge: 0.5
  VRBF:
    cost: 229.871
    lifetime: 28.1134
    annual_cost: 8.17656348929692
    efficiency: 0.674453
    discharge_ratio: 0.5
    depth_of_discharge: 1.0
