cost_values:
  wind_capex: 5000.0
  wind_opex: 100
  wind_lifetime: 20
  solar_capex: 1000.0
  solar_opex: 10
  solar_lifetime: 20
  carbon_price: 1.0
timeseries_values:
  load_level: 248123.69508581646
  wind_year: 2019
  solar_year: 2013
  price_year: 2023
  carbon_year: 2023
storage_values:
  CAES:
    cost: 40.1438
    lifetime: 22.8697
    annual_cost: 1.755326917274822
    efficiency: 0.616749
    discharge_ratio: 0.1
    depth_of_discharge: 0.4
  Li-ion:
    cost: 232.944
    lifetime: 24.0186
    annual_cost: 9.698483675151758
    efficiency: 0.969465
    discharge_ratio: 2
    depth_of_discharge: 0.9
  Pb-acid:
    cost: 142.743
    lifetime: 10.721
    annual_cost: 13.314336349221154
    efficiency: 0.764219
    discharge_ratio: 5
    depth_of_discharge: 0.5
  VRBF:
    cost: 220.588
    lifetime: 29.0087
    annual_cost: 7.604201498171237
    efficiency: 0.681827
    discharge_ratio: 0.5
    depth_of_discharge: 1.0
