cost_values:
  wind_capex: 5000.0
  wind_opex: 100
  wind_lifetime: 20
  solar_capex: 1000.0
  solar_opex: 10
  solar_lifetime: 20
  carbon_price: 1.0
timeseries_values:
  load_level: 248123.69508581646
  wind_year: 2019
  solar_year: 2013
  price_year: 2023
  carbon_year: 2023
storage_values:
  CAES:
    cost: 33.4539
    lifetime: 21.7392
    annual_cost: 1.538874475601678
    efficiency: 0.611297
    discharge_ratio: 0.1
    depth_of_discharge: 0.4
  Li-ion:
    cost: 221.549
    lifetime: 22.2486
    annual_cost: 9.957884990516257
    efficiency: 0.977782
    discharge_ratio: 2
    depth_of_discharge: 0.9
  Pb-acid:
    cost: 153.889
    lifetime: 9.31886
    annual_cost: 16.51371519692323
    efficiency: 0.784523
    discharge_ratio: 5
    depth_of_discharge: 0.5
  VRBF:
    cost: 211.5
    lifetime: 28.8208
    annual_cost: 7.338450008327319
    efficiency: 0.695374
    discharge_ratio: 0.5
    depth_of_discharge: 1.0
