cost_values:
  wind_capex: 5000.0
  wind_opex: 100
  wind_lifetime: 20
  solar_capex: 1000.0
  solar_opex: 10
  solar_lifetime: 20
  carbon_price: 1.0
timeseries_values:
  load_level: 248123.69508581646
  wind_year: 2019
  solar_year: 2013
  price_year: 2023
  carbon_year: 2023
storage_values:
  CAES:
    cost: 37.1574
    lifetime: 22.3935
    annual_cost: 1.659293991560051
    efficiency: 0.607192
    discharge_ratio: 0.1
    depth_of_discharge: 0.4
  Li-ion:
    cost: 203.352
    lifetime: 24.3804
    annual_cost: 8.34079834621253
    efficiency: 0.966587
    discharge_ratio: 2
    depth_of_discharge: 0.9
  Pb-acid:
    cost: 151.431
    lifetime: 9.36458
    annual_cost: 16.170613097437364
    efficiency: 0.769936
    discharge_ratio: 5
    depth_of_discharge: 0.5
  VRBF:
    cost: 254.383
    lifetime: 28.177
    annual_cost: 9.028037051495902
    efficiency: 0.675945
    discharge_ratio: 0.5
    depth_of_discharge: 1.0
