cost_values:
  wind_capex: 5000.0
  wind_opex: 100
  wind_lifetime: 20
  solar_capex: 1000.0
  solar_opex: 10
  solar_lifetime: 20
  carbon_price: 1.0
timeseries_values:
  load_level: 248123.69508581646
  wind_year: 2019
  solar_year: 2013
  price_year: 2023
  carbon_year: 2023
storage_values:
  CAES:
    cost: 37.8679
    lifetime: 20.5961
    annual_cost: 1.8385956564592325
    efficiency: 0.604147
    discharge_ratio: 0.1
    depth_of_discharge: 0.4
  Li-ion:
    cost: 219.301
    lifetime: 23.4845
    annual_cost: 9.338116630117737
    efficiency: 0.963943
    discharge_ratio: 2
    depth_of_discharge: 0.9
  Pb-acid:
    cost: 153.02
    lifetime: 10.5286
    annual_cost: 14.533746177079573
    efficiency: 0.789215
    discharge_ratio: 5
    depth_of_discharge: 0.5
  VRBF:
    cost: 237.51
    lifetime: 29.0688
    annual_cost: 8.170615918097754
    efficiency: 0.681799
    discharge_ratio: 0.5
    depth_of_discharge: 1.0
