cost_values:
  wind_capex: 5000.0
  wind_opex: 100
  wind_lifetime: 20
  solar_capex: 1000.0
  solar_opex: 10
  solar_lifetime: 20
  carbon_price: 1.0
timeseries_values:
  load_level: 248123.69508581646
  wind_year: 2019
  solar_year: 2013
  price_year: 2023
  carbon_year: 2023
storage_values:
  CAES:
    cost: 40.5499
    lifetime: 22.3429
    annual_cost: 1.814889741260087
    efficiency: 0.600182
    discharge_ratio: 0.1
    depth_of_discharge: 0.4
  Li-ion:
    cost: 212.099
    lifetime: 26.0511
    annual_cost: 8.14165236784627
    efficiency: 0.966897
    discharge_ratio: 2
    depth_of_discharge: 0.9
  Pb-acid:
    cost: 143.952
    lifetime: 9.83296
    annual_cost: 14.639742254621192
    efficiency: 0.785399
    discharge_ratio: 5
    depth_of_discharge: 0.5
  VRBF:
    cost: 219.956
    lifetime: 29.1731
    annual_cost: 7.53968553221975
    efficiency: 0.686985
    discharge_ratio: 0.5
    depth_of_discharge: 1.0
