cost_values:
  wind_capex: 5000.0
  wind_opex: 100
  wind_lifetime: 20
  solar_capex: 1000.0
  solar_opex: 10
  solar_lifetime: 20
  carbon_price: 1.0
timeseries_values:
  load_level: 248123.69508581646
  wind_year: 2019
  solar_year: 2013
  price_year: 2023
  carbon_year: 2023
storage_values:
  CAES:
    cost: 39.0416
    lifetime: 22.6165
    annual_cost: 1.7262441138107136
    efficiency: 0.611435
    discharge_ratio: 0.1
    depth_of_discharge: 0.4
  Li-ion:
    cost: 240.88
    lifetime: 25.9199
    annual_cost: 9.2932457301147
    efficiency: 0.955904
    discharge_ratio: 2
    depth_of_discharge: 0.9
  Pb-acid:
    cost: 147.018
    lifetime: 10.6153
    annual_cost: 13.849632134748902
    efficiency: 0.774251
    discharge_ratio: 5
    depth_of_discharge: 0.5
  VRBF:
    cost: 239.484
    lifetime: 29.1742
    annual_cost: 8.20875979461305
    efficiency: 0.685462
    discharge_ratio: 0.5
    depth_of_discharge: 1.0
