cost_values:
  wind_capex: 5000.0
  wind_opex: 100
  wind_lifetime: 20
  solar_capex: 1000.0
  solar_opex: 10
  solar_lifetime: 20
  carbon_price: 1.0
timeseries_values:
  load_level: 248123.69508581646
  wind_year: 2019
  solar_year: 2013
  price_year: 2023
  carbon_year: 2023
storage_values:
  CAES:
    cost: 41.6255
    lifetime: 22.1397
    annual_cost: 1.8801293603797702
    efficiency: 0.607098
    discharge_ratio: 0.1
    depth_of_discharge: 0.4
  Li-ion:
    cost: 217.64
    lifetime: 24.7945
    annual_cost: 8.777753130734638
    efficiency: 0.967721
    discharge_ratio: 2
    depth_of_discharge: 0.9
  Pb-acid:
    cost: 152.105
    lifetime: 8.55198
    annual_cost: 17.785939630354605
    efficiency: 0.774573
    discharge_ratio: 5
    depth_of_discharge: 0.5
  VRBF:
    cost: 220.004
    lifetime: 27.5692
    annual_cost: 7.980064709893649
    efficiency: 0.678578
    discharge_ratio: 0.5
    depth_of_discharge: 1.0
