cost_values:
  wind_capex: 5000.0
  wind_opex: 100
  wind_lifetime: 20
  solar_capex: 1000.0
  solar_opex: 10
  solar_lifetime: 20
  carbon_price: 1.0
timeseries_values:
  load_level: 248123.69508581646
  wind_year: 2019
  solar_year: 2013
  price_year: 2023
  carbon_year: 2023
storage_values:
  CAES:
    cost: 39.1491
    lifetime: 22.5429
    annual_cost: 1.7366487896410843
    efficiency: 0.606414
    discharge_ratio: 0.1
    depth_of_discharge: 0.4
  Li-ion:
    cost: 206.549
    lifetime: 23.9718
    annual_cost: 8.61633252404909
    efficiency: 0.961756
    discharge_ratio: 2
    depth_of_discharge: 0.9
  Pb-acid:
    cost: 123.772
    lifetime: 11.0111
    annual_cost: 11.240657155052629
    efficiency: 0.789851
    discharge_ratio: 5
    depth_of_discharge: 0.5
  VRBF:
    cost: 233.589
    lifetime: 25.3024
    annual_cost: 9.23189104590869
    efficiency: 0.684818
    discharge_ratio: 0.5
    depth_of_discharge: 1.0
