cost_values:
  wind_capex: 5000.0
  wind_opex: 100
  wind_lifetime: 20
  solar_capex: 1000.0
  solar_opex: 10
  solar_lifetime: 20
  carbon_price: 1.0
timeseries_values:
  load_level: 248123.69508581646
  wind_year: 2019
  solar_year: 2013
  price_year: 2023
  carbon_year: 2023
storage_values:
  CAES:
    cost: 39.0834
    lifetime: 21.5796
    annual_cost: 1.8111271756659066
    efficiency: 0.60853
    discharge_ratio: 0.1
    depth_of_discharge: 0.4
  Li-ion:
    cost: 228.364
    lifetime: 24.7466
    annual_cost: 9.228095980862017
    efficiency: 0.988041
    discharge_ratio: 2
    depth_of_discharge: 0.9
  Pb-acid:
    cost: 150.29
    lifetime: 9.41267
    annual_cost: 15.966776695666583
    efficiency: 0.780065
    discharge_ratio: 5
    depth_of_discharge: 0.5
  VRBF:
    cost: 225.904
    lifetime: 27.9923
    annual_cost: 8.070219310310335
    efficiency: 0.680937
    discharge_ratio: 0.5
    depth_of_discharge: 1.0
