cost_values:
  wind_capex: 5000.0
  wind_opex: 100
  wind_lifetime: 20
  solar_capex: 1000.0
  solar_opex: 10
  solar_lifetime: 20
  carbon_price: 1.0
timeseries_values:
  load_level: 248123.69508581646
  wind_year: 2019
  solar_year: 2013
  price_year: 2023
  carbon_year: 2023
storage_values:
  CAES:
    cost: 34.1548
    lifetime: 21.5094
    annual_cost: 1.5879011037034971
    efficiency: 0.610193
    discharge_ratio: 0.1
    depth_of_discharge: 0.4
  Li-ion:
    cost: 229.369
    lifetime: 24.6445
    annual_cost: 9.307107062427722
    efficiency: 0.974455
    discharge_ratio: 2
    depth_of_discharge: 0.9
  Pb-acid:
    cost: 145.017
    lifetime: 10.8811
    annual_cost: 13.32742094089752
    efficiency: 0.785044
    discharge_ratio: 5
    depth_of_discharge: 0.5
  VRBF:
    cost: 209.517
    lifetime: 29.1961
    annual_cost: 7.176198190854257
    efficiency: 0.690258
    discharge_ratio: 0.5
    depth_of_discharge: 1.0
