cost_values:
  wind_capex: 5000.0
  wind_opex: 100
  wind_lifetime: 20
  solar_capex: 1000.0
  solar_opex: 10
  solar_lifetime: 20
  carbon_price: 1.0
timeseries_values:
  load_level: 248123.69508581646
  wind_year: 2019
  solar_year: 2013
  price_year: 2023
  carbon_year: 2023
storage_values:
  CAES:
    cost: 34.6351
    lifetime: 22.5224
    annual_cost: 1.5378068056690228
    efficiency: 0.611362
    discharge_ratio: 0.1
    depth_of_discharge: 0.4
  Li-ion:
    cost: 213.65
    lifetime: 24.5469
    annual_cost: 8.703746705286614
    efficiency: 0.958221
    discharge_ratio: 2
    depth_of_discharge: 0.9
  Pb-acid:
    cost: 141.515
    lifetime: 7.37164
    annual_cost: 19.197220699871398
    efficiency: 0.780315
    discharge_ratio: 5
    depth_of_discharge: 0.5
  VRBF:
    cost: 255.645
    lifetime: 29.6378
    annual_cost: 8.62564022970666
    efficiency: 0.678563
    discharge_ratio: 0.5
    depth_of_discharge: 1.0
