cost_values:
  wind_capex: 5000.0
  wind_opex: 100
  wind_lifetime: 20
  solar_capex: 1000.0
  solar_opex: 10
  solar_lifetime: 20
  carbon_price: 1.0
timeseries_values:
  load_level: 248123.69508581646
  wind_year: 2019
  solar_year: 2013
  price_year: 2023
  carbon_year: 2023
storage_values:
  CAES:
    cost: 45.9485
    lifetime: 21.7632
    annual_cost: 2.1112933759741215
    efficiency: 0.595634
    discharge_ratio: 0.1
    depth_of_discharge: 0.4
  Li-ion:
    cost: 227.962
    lifetime: 22.7822
    annual_cost: 10.006145148405334
    efficiency: 0.967488
    discharge_ratio: 2
    depth_of_discharge: 0.9
  Pb-acid:
    cost: 169.843
    lifetime: 11.3063
    annual_cost: 15.021978896721295
    efficiency: 0.787272
    discharge_ratio: 5
    depth_of_discharge: 0.5
  VRBF:
    cost: 213.638
    lifetime: 28.0562
    annual_cost: 7.614644891325269
    efficiency: 0.657868
    discharge_ratio: 0.5
    depth_of_discharge: 1.0
