cost_values:
  wind_capex: 5000.0
  wind_opex: 100
  wind_lifetime: 20
  solar_capex: 1000.0
  solar_opex: 10
  solar_lifetime: 20
  carbon_price: 1.0
timeseries_values:
  load_level: 248123.69508581646
  wind_year: 2019
  solar_year: 2013
  price_year: 2023
  carbon_year: 2023
storage_values:
  CAES:
    cost: 38.2273
    lifetime: 23.3895
    annual_cost: 1.6343786741914106
    efficiency: 0.603085
    discharge_ratio: 0.1
    depth_of_discharge: 0.4
  Li-ion:
    cost: 221.722
    lifetime: 22.3826
    annual_cost: 9.905998409478793
    efficiency: 0.973945
    discharge_ratio: 2
    depth_of_discharge: 0.9
  Pb-acid:
    cost: 152.498
    lifetime: 10.6077
    annual_cost: 14.376160713444008
    efficiency: 0.786162
    discharge_ratio: 5
    depth_of_discharge: 0.5
  VRBF:
    cost: 234.41
    lifetime: 29.8724
    annual_cost: 7.847042755185389
    efficiency: 0.662851
    discharge_ratio: 0.5
    depth_of_discharge: 1.0
