cost_values:
  wind_capex: 5000.0
  wind_opex: 100
  wind_lifetime: 20
  solar_capex: 1000.0
  solar_opex: 10
  solar_lifetime: 20
  carbon_price: 1.0
timeseries_values:
  load_level: 248123.69508581646
  wind_year: 2019
  solar_year: 2013
  price_year: 2023
  carbon_year: 2023
storage_values:
  CAES:
    cost: 38.748
    lifetime: 22.6395
    annual_cost: 1.711521897568409
    efficiency: 0.61864
    discharge_ratio: 0.1
    depth_of_discharge: 0.4
  Li-ion:
    cost: 204.159
    lifetime: 21.715
    annual_cost: 9.401749942436103
    efficiency: 0.962387
    discharge_ratio: 2
    depth_of_discharge: 0.9
  Pb-acid:
    cost: 132.724
    lifetime: 8.74268
    annual_cost: 15.181157265277923
    efficiency: 0.782085
    discharge_ratio: 5
    depth_of_discharge: 0.5
  VRBF:
    cost: 241.015
    lifetime: 29.8651
    annual_cost: 8.070121981845029
    efficiency: 0.669562
    discharge_ratio: 0.5
    depth_of_discharge: 1.0
