cost_values:
  wind_capex: 5000.0
  wind_opex: 100
  wind_lifetime: 20
  solar_capex: 1000.0
  solar_opex: 10
  solar_lifetime: 20
  carbon_price: 1.0
timeseries_values:
  load_level: 255718.485658553
  wind_year: 2018
  solar_year: 2016
  price_year: 2023
  carbon_year: 2023
storage_values:
  CAES:
    cost: 60.0893
    lifetime: 24.5053
    annual_cost: 2.4520940368002027
    efficiency: 0.620472
    discharge_ratio: 0.1
    depth_of_discharge: 0.4
  Li-ion:
    cost: 254.225
    lifetime: 19.4599
    annual_cost: 13.064044522325396
    efficiency: 0.954099
    discharge_ratio: 2
    depth_of_discharge: 0.9
  Pb-acid:
    cost: 184.318
    lifetime: 12.363
    annual_cost: 14.908840896222602
    efficiency: 0.750092
    discharge_ratio: 5
    depth_of_discharge: 0.5
  VRBF:
    cost: 241.17
    lifetime: 20.7837
    annual_cost: 11.603804904805207
    efficiency: 0.809347
    discharge_ratio: 0.5
    depth_of_discharge: 1.0
