cost_values:
  wind_capex: 5000.0
  wind_opex: 100
  wind_lifetime: 20
  solar_capex: 1000.0
  solar_opex: 10
  solar_lifetime: 20
  carbon_price: 1.0
timeseries_values:
  load_level: 255718.485658553
  wind_year: 2018
  solar_year: 2016
  price_year: 2023
  carbon_year: 2023
storage_values:
  CAES:
    cost: 49.7948
    lifetime: 23.7897
    annual_cost: 2.0931243353215887
    efficiency: 0.630863
    discharge_ratio: 0.1
    depth_of_discharge: 0.4
  Li-ion:
    cost: 265.766
    lifetime: 19.9911
    annual_cost: 13.29421592608711
    efficiency: 0.950506
    discharge_ratio: 2
    depth_of_discharge: 0.9
  Pb-acid:
    cost: 179.889
    lifetime: 14.2558
    annual_cost: 12.618653460345964
    efficiency: 0.739628
    discharge_ratio: 5
    depth_of_discharge: 0.5
  VRBF:
    cost: 218.836
    lifetime: 19.9072
    annual_cost: 10.992806622729466
    efficiency: 0.783244
    discharge_ratio: 0.5
    depth_of_discharge: 1.0
