cost_values:
  wind_capex: 5000.0
  wind_opex: 100
  wind_lifetime: 20
  solar_capex: 1000.0
  solar_opex: 10
  solar_lifetime: 20
  carbon_price: 1.0
timeseries_values:
  load_level: 255718.485658553
  wind_year: 2018
  solar_year: 2016
  price_year: 2023
  carbon_year: 2023
storage_values:
  CAES:
    cost: 52.8275
    lifetime: 24.1329
    annual_cost: 2.189024112311409
    efficiency: 0.635644
    discharge_ratio: 0.1
    depth_of_discharge: 0.4
  Li-ion:
    cost: 241.624
    lifetime: 20.1973
    annual_cost: 11.963183197754155
    efficiency: 0.943467
    discharge_ratio: 2
    depth_of_discharge: 0.9
  Pb-acid:
    cost: 184.476
    lifetime: 12.8398
    annual_cost: 14.367513512671536
    efficiency: 0.740893
    discharge_ratio: 5
    depth_of_discharge: 0.5
  VRBF:
    cost: 239.889
    lifetime: 24.6683
    annual_cost: 9.72458580445349
    efficiency: 0.796462
    discharge_ratio: 0.5
    depth_of_discharge: 1.0
