cost_values:
  wind_capex: 5000.0
  wind_opex: 100
  wind_lifetime: 20
  solar_capex: 1000.0
  solar_opex: 10
  solar_lifetime: 20
  carbon_price: 1.0
timeseries_values:
  load_level: 255718.485658553
  wind_year: 2018
  solar_year: 2016
  price_year: 2023
  carbon_year: 2023
storage_values:
  CAES:
    cost: 58.5379
    lifetime: 23.5182
    annual_cost: 2.489046780791047
    efficiency: 0.626425
    discharge_ratio: 0.1
    depth_of_discharge: 0.4
  Li-ion:
    cost: 242.627
    lifetime: 18.2079
    annual_cost: 13.325369757083465
    efficiency: 0.948108
    discharge_ratio: 2
    depth_of_discharge: 0.9
  Pb-acid:
    cost: 186.083
    lifetime: 14.4576
    annual_cost: 12.87094676848163
    efficiency: 0.736026
    discharge_ratio: 5
    depth_of_discharge: 0.5
  VRBF:
    cost: 236.736
    lifetime: 21.2513
    annual_cost: 11.13983615120016
    efficiency: 0.807643
    discharge_ratio: 0.5
    depth_of_discharge: 1.0
