cost_values:
  wind_capex: 5000.0
  wind_opex: 100
  wind_lifetime: 20
  solar_capex: 1000.0
  solar_opex: 10
  solar_lifetime: 20
  carbon_price: 1.0
timeseries_values:
  load_level: 255718.485658553
  wind_year: 2018
  solar_year: 2016
  price_year: 2023
  carbon_year: 2023
storage_values:
  CAES:
    cost: 54.7838
    lifetime: 23.7084
    annual_cost: 2.310733748376103
    efficiency: 0.629519
    discharge_ratio: 0.1
    depth_of_discharge: 0.4
  Li-ion:
    cost: 262.775
    lifetime: 20.1582
    annual_cost: 13.035638102608367
    efficiency: 0.96213
    discharge_ratio: 2
    depth_of_discharge: 0.9
  Pb-acid:
    cost: 182.122
    lifetime: 12.7652
    annual_cost: 14.267069846144205
    efficiency: 0.732957
    discharge_ratio: 5
    depth_of_discharge: 0.5
  VRBF:
    cost: 261.934
    lifetime: 20.4236
    annual_cost: 12.825065120742671
    efficiency: 0.809734
    discharge_ratio: 0.5
    depth_of_discharge: 1.0
