cost_values:
  wind_capex: 5000.0
  wind_opex: 100
  wind_lifetime: 20
  solar_capex: 1000.0
  solar_opex: 10
  solar_lifetime: 20
  carbon_price: 1.0
timeseries_values:
  load_level: 255718.485658553
  wind_year: 2018
  solar_year: 2016
  price_year: 2023
  carbon_year: 2023
storage_values:
  CAES:
    cost: 51.4905
    lifetime: 24.5412
    annual_cost: 2.0981247860740306
    efficiency: 0.6317
    discharge_ratio: 0.1
    depth_of_discharge: 0.4
  Li-ion:
    cost: 246.917
    lifetime: 21.9791
    annual_cost: 11.234172463840649
    efficiency: 0.948503
    discharge_ratio: 2
    depth_of_discharge: 0.9
  Pb-acid:
    cost: 158.365
    lifetime: 13.5111
    annual_cost: 11.721103389065288
    efficiency: 0.740465
    discharge_ratio: 5
    depth_of_discharge: 0.5
  VRBF:
    cost: 233.455
    lifetime: 21.9456
    annual_cost: 10.637895523476233
    efficiency: 0.807357
    discharge_ratio: 0.5
    depth_of_discharge: 1.0
