cost_values:
  wind_capex: 5000.0
  wind_opex: 100
  wind_lifetime: 20
  solar_capex: 1000.0
  solar_opex: 10
  solar_lifetime: 20
  carbon_price: 1.0
timeseries_values:
  load_level: 255718.485658553
  wind_year: 2018
  solar_year: 2016
  price_year: 2023
  carbon_year: 2023
storage_values:
  CAES:
    cost: 51.8447
    lifetime: 23.9725
    annual_cost: 2.1626738971738453
    efficiency: 0.627672
    discharge_ratio: 0.1
    depth_of_discharge: 0.4
  Li-ion:
    cost: 260.349
    lifetime: 20.973
    annual_cost: 12.413531683593192
    efficiency: 0.95101
    discharge_ratio: 2
    depth_of_discharge: 0.9
  Pb-acid:
    cost: 158.187
    lifetime: 13.9417
    annual_cost: 11.346320749980276
    efficiency: 0.74365
    discharge_ratio: 5
    depth_of_discharge: 0.5
  VRBF:
    cost: 264.653
    lifetime: 22.3338
    annual_cost: 11.849886718784981
    efficiency: 0.78439
    discharge_ratio: 0.5
    depth_of_discharge: 1.0
