cost_values:
  wind_capex: 5000.0
  wind_opex: 100
  wind_lifetime: 20
  solar_capex: 1000.0
  solar_opex: 10
  solar_lifetime: 20
  carbon_price: 1.0
timeseries_values:
  load_level: 255718.485658553
  wind_year: 2018
  solar_year: 2016
  price_year: 2023
  carbon_year: 2023
storage_values:
  CAES:
    cost: 50.3367
    lifetime: 24.8078
    annual_cost: 2.029067470714856
    efficiency: 0.627651
    discharge_ratio: 0.1
    depth_of_discharge: 0.4
  Li-ion:
    cost: 231.342
    lifetime: 20.7156
    annual_cost: 11.167525922493194
    efficiency: 0.949217
    discharge_ratio: 2
    depth_of_discharge: 0.9
  Pb-acid:
    cost: 191.639
    lifetime: 13.9879
    annual_cost: 13.700341009014934
    efficiency: 0.750401
    discharge_ratio: 5
    depth_of_discharge: 0.5
  VRBF:
    cost: 224.409
    lifetime: 18.9452
    annual_cost: 11.845163946540548
    efficiency: 0.798886
    discharge_ratio: 0.5
    depth_of_discharge: 1.0
