cost_values:
  wind_capex: 5000.0
  wind_opex: 100
  wind_lifetime: 20
  solar_capex: 1000.0
  solar_opex: 10
  solar_lifetime: 20
  carbon_price: 1.0
timeseries_values:
  load_level: 255718.485658553
  wind_year: 2018
  solar_year: 2016
  price_year: 2023
  carbon_year: 2023
storage_values:
  CAES:
    cost: 50.3768
    lifetime: 24.9043
    annual_cost: 2.022815337110459
    efficiency: 0.637348
    discharge_ratio: 0.1
    depth_of_discharge: 0.4
  Li-ion:
    cost: 254.303
    lifetime: 19.3483
    annual_cost: 13.14342862163601
    efficiency: 0.950621
    discharge_ratio: 2
    depth_of_discharge: 0.9
  Pb-acid:
    cost: 197.692
    lifetime: 13.048
    annual_cost: 15.15113427345187
    efficiency: 0.730631
    discharge_ratio: 5
    depth_of_discharge: 0.5
  VRBF:
    cost: 228.838
    lifetime: 19.8003
    annual_cost: 11.557299636874188
    efficiency: 0.81489
    discharge_ratio: 0.5
    depth_of_discharge: 1.0
