cost_values:
  wind_capex: 5000.0
  wind_opex: 100
  wind_lifetime: 20
  solar_capex: 1000.0
  solar_opex: 10
  solar_lifetime: 20
  carbon_price: 1.0
timeseries_values:
  load_level: 255718.485658553
  wind_year: 2018
  solar_year: 2016
  price_year: 2023
  carbon_year: 2023
storage_values:
  CAES:
    cost: 53.4081
    lifetime: 24.2831
    annual_cost: 2.1993938170991347
    efficiency: 0.630497
    discharge_ratio: 0.1
    depth_of_discharge: 0.4
  Li-ion:
    cost: 236.594
    lifetime: 19.6373
    annual_cost: 12.048193998156568
    efficiency: 0.962542
    discharge_ratio: 2
    depth_of_discharge: 0.9
  Pb-acid:
    cost: 169.009
    lifetime: 13.1646
    annual_cost: 12.838141682998343
    efficiency: 0.737348
    discharge_ratio: 5
    depth_of_discharge: 0.5
  VRBF:
    cost: 247.694
    lifetime: 20.5688
    annual_cost: 12.042219283575124
    efficiency: 0.807663
    discharge_ratio: 0.5
    depth_of_discharge: 1.0
