cost_values:
  wind_capex: 5000.0
  wind_opex: 100
  wind_lifetime: 20
  solar_capex: 1000.0
  solar_opex: 10
  solar_lifetime: 20
  carbon_price: 1.0
timeseries_values:
  load_level: 255718.485658553
  wind_year: 2018
  solar_year: 2016
  price_year: 2023
  carbon_year: 2023
storage_values:
  CAES:
    cost: 53.7861
    lifetime: 23.6498
    annual_cost: 2.2742729325406557
    efficiency: 0.634834
    discharge_ratio: 0.1
    depth_of_discharge: 0.4
  Li-ion:
    cost: 242.958
    lifetime: 18.3893
    annual_cost: 13.211922150380929
    efficiency: 0.953228
    discharge_ratio: 2
    depth_of_discharge: 0.9
  Pb-acid:
    cost: 181.802
    lifetime: 14.3448
    annual_cost: 12.673721487925938
    efficiency: 0.734848
    discharge_ratio: 5
    depth_of_discharge: 0.5
  VRBF:
    cost: 235.158
    lifetime: 20.5163
    annual_cost: 11.462008256849431
    efficiency: 0.78063
    discharge_ratio: 0.5
    depth_of_discharge: 1.0
