cost_values:
  wind_capex: 5000.0
  wind_opex: 100
  wind_lifetime: 20
  solar_capex: 1000.0
  solar_opex: 10
  solar_lifetime: 20
  carbon_price: 1.0
timeseries_values:
  load_level: 255718.485658553
  wind_year: 2018
  solar_year: 2016
  price_year: 2023
  carbon_year: 2023
storage_values:
  CAES:
    cost: 57.4923
    lifetime: 23.9787
    annual_cost: 2.397640405860201
    efficiency: 0.629335
    discharge_ratio: 0.1
    depth_of_discharge: 0.4
  Li-ion:
    cost: 266.059
    lifetime: 21.8059
    annual_cost: 12.201239114184693
    efficiency: 0.954747
    discharge_ratio: 2
    depth_of_discharge: 0.9
  Pb-acid:
    cost: 194.605
    lifetime: 14.235
    annual_cost: 13.67088162978574
    efficiency: 0.743797
    discharge_ratio: 5
    depth_of_discharge: 0.5
  VRBF:
    cost: 263.139
    lifetime: 22.624
    annual_cost: 11.6309671145686
    efficiency: 0.804874
    discharge_ratio: 0.5
    depth_of_discharge: 1.0
