cost_values:
  wind_capex: 5000.0
  wind_opex: 100
  wind_lifetime: 20
  solar_capex: 1000.0
  solar_opex: 10
  solar_lifetime: 20
  carbon_price: 1.0
timeseries_values:
  load_level: 255718.485658553
  wind_year: 2018
  solar_year: 2016
  price_year: 2023
  carbon_year: 2023
storage_values:
  CAES:
    cost: 46.1942
    lifetime: 23.3605
    annual_cost: 1.977449112818647
    efficiency: 0.632548
    discharge_ratio: 0.1
    depth_of_discharge: 0.4
  Li-ion:
    cost: 237.262
    lifetime: 18.3394
    annual_cost: 12.937282571948918
    efficiency: 0.947539
    discharge_ratio: 2
    depth_of_discharge: 0.9
  Pb-acid:
    cost: 181.42
    lifetime: 14.25
    annual_cost: 12.731228070175439
    efficiency: 0.74159
    discharge_ratio: 5
    depth_of_discharge: 0.5
  VRBF:
    cost: 243.016
    lifetime: 21.4313
    annual_cost: 11.339302795444047
    efficiency: 0.810133
    discharge_ratio: 0.5
    depth_of_discharge: 1.0
