cost_values:
  wind_capex: 5000.0
  wind_opex: 100
  wind_lifetime: 20
  solar_capex: 1000.0
  solar_opex: 10
  solar_lifetime: 20
  carbon_price: 1.0
timeseries_values:
  load_level: 255718.485658553
  wind_year: 2018
  solar_year: 2016
  price_year: 2023
  carbon_year: 2023
storage_values:
  CAES:
    cost: 56.6547
    lifetime: 23.8193
    annual_cost: 2.3785207793679914
    efficiency: 0.6409
    discharge_ratio: 0.1
    depth_of_discharge: 0.4
  Li-ion:
    cost: 249.536
    lifetime: 21.5521
    annual_cost: 11.578268474997797
    efficiency: 0.949711
    discharge_ratio: 2
    depth_of_discharge: 0.9
  Pb-acid:
    cost: 184.149
    lifetime: 13.9568
    annual_cost: 13.194213573311934
    efficiency: 0.743962
    discharge_ratio: 5
    depth_of_discharge: 0.5
  VRBF:
    cost: 212.362
    lifetime: 20.7096
    annual_cost: 10.254278209139724
    efficiency: 0.786826
    discharge_ratio: 0.5
    depth_of_discharge: 1.0
