cost_values:
  wind_capex: 5000.0
  wind_opex: 100
  wind_lifetime: 20
  solar_capex: 1000.0
  solar_opex: 10
  solar_lifetime: 20
  carbon_price: 1.0
timeseries_values:
  load_level: 255718.485658553
  wind_year: 2018
  solar_year: 2016
  price_year: 2023
  carbon_year: 2023
storage_values:
  CAES:
    cost: 52.1674
    lifetime: 24.6125
    annual_cost: 2.1195490096495684
    efficiency: 0.648385
    discharge_ratio: 0.1
    depth_of_discharge: 0.4
  Li-ion:
    cost: 275.791
    lifetime: 19.9538
    annual_cost: 13.82147761328669
    efficiency: 0.957041
    discharge_ratio: 2
    depth_of_discharge: 0.9
  Pb-acid:
    cost: 175.043
    lifetime: 13.7593
    annual_cost: 12.72179544017501
    efficiency: 0.731394
    discharge_ratio: 5
    depth_of_discharge: 0.5
  VRBF:
    cost: 233.39
    lifetime: 19.7033
    annual_cost: 11.845223896504647
    efficiency: 0.79637
    discharge_ratio: 0.5
    depth_of_discharge: 1.0
