cost_values:
  wind_capex: 5000.0
  wind_opex: 100
  wind_lifetime: 20
  solar_capex: 1000.0
  solar_opex: 10
  solar_lifetime: 20
  carbon_price: 1.0
timeseries_values:
  load_level: 255718.485658553
  wind_year: 2018
  solar_year: 2016
  price_year: 2023
  carbon_year: 2023
storage_values:
  CAES:
    cost: 57.9736
    lifetime: 24.0644
    annual_cost: 2.4091022423164508
    efficiency: 0.636061
    discharge_ratio: 0.1
    depth_of_discharge: 0.4
  Li-ion:
    cost: 257.572
    lifetime: 19.99
    annual_cost: 12.885042521260631
    efficiency: 0.959861
    discharge_ratio: 2
    depth_of_discharge: 0.9
  Pb-acid:
    cost: 196.82
    lifetime: 13.3058
    annual_cost: 14.792045574110539
    efficiency: 0.734207
    discharge_ratio: 5
    depth_of_discharge: 0.5
  VRBF:
    cost: 244.369
    lifetime: 21.62
    annual_cost: 11.30291396854764
    efficiency: 0.801653
    discharge_ratio: 0.5
    depth_of_discharge: 1.0
