cost_values:
  wind_capex: 5000.0
  wind_opex: 100
  wind_lifetime: 20
  solar_capex: 1000.0
  solar_opex: 10
  solar_lifetime: 20
  carbon_price: 1.0
timeseries_values:
  load_level: 255718.485658553
  wind_year: 2018
  solar_year: 2016
  price_year: 2023
  carbon_year: 2023
storage_values:
  CAES:
    cost: 56.1141
    lifetime: 24.3443
    annual_cost: 2.305020066298887
    efficiency: 0.626905
    discharge_ratio: 0.1
    depth_of_discharge: 0.4
  Li-ion:
    cost: 251.49
    lifetime: 21.5494
    annual_cost: 11.670394535346693
    efficiency: 0.961242
    discharge_ratio: 2
    depth_of_discharge: 0.9
  Pb-acid:
    cost: 173.101
    lifetime: 13.6814
    annual_cost: 12.652287046647272
    efficiency: 0.724843
    discharge_ratio: 5
    depth_of_discharge: 0.5
  VRBF:
    cost: 233.597
    lifetime: 18.9826
    annual_cost: 12.305848513902205
    efficiency: 0.801802
    discharge_ratio: 0.5
    depth_of_discharge: 1.0
