cost_values:
  wind_capex: 5000.0
  wind_opex: 100
  wind_lifetime: 20
  solar_capex: 1000.0
  solar_opex: 10
  solar_lifetime: 20
  carbon_price: 1.0
timeseries_values:
  load_level: 255718.485658553
  wind_year: 2018
  solar_year: 2016
  price_year: 2023
  carbon_year: 2023
storage_values:
  CAES:
    cost: 58.2818
    lifetime: 24.2962
    annual_cost: 2.3988031050123064
    efficiency: 0.638719
    discharge_ratio: 0.1
    depth_of_discharge: 0.4
  Li-ion:
    cost: 256.672
    lifetime: 20.9139
    annual_cost: 12.272794648535186
    efficiency: 0.949519
    discharge_ratio: 2
    depth_of_discharge: 0.9
  Pb-acid:
    cost: 195.484
    lifetime: 13.512
    annual_cost: 14.467436352871522
    efficiency: 0.717045
    discharge_ratio: 5
    depth_of_discharge: 0.5
  VRBF:
    cost: 243.719
    lifetime: 22.7846
    annual_cost: 10.696654758038324
    efficiency: 0.781693
    discharge_ratio: 0.5
    depth_of_discharge: 1.0
