cost_values:
  wind_capex: 5000.0
  wind_opex: 100
  wind_lifetime: 20
  solar_capex: 1000.0
  solar_opex: 10
  solar_lifetime: 20
  carbon_price: 1.0
timeseries_values:
  load_level: 255718.485658553
  wind_year: 2018
  solar_year: 2016
  price_year: 2023
  carbon_year: 2023
storage_values:
  CAES:
    cost: 57.9831
    lifetime: 24.5563
    annual_cost: 2.361231130096961
    efficiency: 0.638359
    discharge_ratio: 0.1
    depth_of_discharge: 0.4
  Li-ion:
    cost: 243.785
    lifetime: 21.7118
    annual_cost: 11.228226125885463
    efficiency: 0.94763
    discharge_ratio: 2
    depth_of_discharge: 0.9
  Pb-acid:
    cost: 162.278
    lifetime: 13.0418
    annual_cost: 12.442914321642718
    efficiency: 0.727122
    discharge_ratio: 5
    depth_of_discharge: 0.5
  VRBF:
    cost: 229.051
    lifetime: 21.2818
    annual_cost: 10.762764427820954
    efficiency: 0.802758
    discharge_ratio: 0.5
    depth_of_discharge: 1.0
