cost_values:
  wind_capex: 5000.0
  wind_opex: 100
  wind_lifetime: 20
  solar_capex: 1000.0
  solar_opex: 10
  solar_lifetime: 20
  carbon_price: 1.0
timeseries_values:
  load_level: 255718.485658553
  wind_year: 2018
  solar_year: 2016
  price_year: 2023
  carbon_year: 2023
storage_values:
  CAES:
    cost: 53.4711
    lifetime: 23.661
    annual_cost: 2.2598833523519715
    efficiency: 0.633652
    discharge_ratio: 0.1
    depth_of_discharge: 0.4
  Li-ion:
    cost: 272.995
    lifetime: 21.5794
    annual_cost: 12.650722448260842
    efficiency: 0.959641
    discharge_ratio: 2
    depth_of_discharge: 0.9
  Pb-acid:
    cost: 191.964
    lifetime: 12.905
    annual_cost: 14.875164664858582
    efficiency: 0.751038
    discharge_ratio: 5
    depth_of_discharge: 0.5
  VRBF:
    cost: 237.59
    lifetime: 20.2375
    annual_cost: 11.740086473131562
    efficiency: 0.782803
    discharge_ratio: 0.5
    depth_of_discharge: 1.0
