cost_values:
  wind_capex: 5000.0
  wind_opex: 100
  wind_lifetime: 20
  solar_capex: 1000.0
  solar_opex: 10
  solar_lifetime: 20
  carbon_price: 1.0
timeseries_values:
  load_level: 255718.485658553
  wind_year: 2018
  solar_year: 2016
  price_year: 2023
  carbon_year: 2023
storage_values:
  CAES:
    cost: 56.3649
    lifetime: 24.1119
    annual_cost: 2.3376382616052656
    efficiency: 0.633094
    discharge_ratio: 0.1
    depth_of_discharge: 0.4
  Li-ion:
    cost: 231.522
    lifetime: 21.7686
    annual_cost: 10.635594388247291
    efficiency: 0.954388
    discharge_ratio: 2
    depth_of_discharge: 0.9
  Pb-acid:
    cost: 177.384
    lifetime: 12.7078
    annual_cost: 13.958671052424494
    efficiency: 0.744507
    discharge_ratio: 5
    depth_of_discharge: 0.5
  VRBF:
    cost: 252.425
    lifetime: 20.1995
    annual_cost: 12.49659645040719
    efficiency: 0.818299
    discharge_ratio: 0.5
    depth_of_discharge: 1.0
