cost_values:
  wind_capex: 5000.0
  wind_opex: 100
  wind_lifetime: 20
  solar_capex: 1000.0
  solar_opex: 10
  solar_lifetime: 20
  carbon_price: 1.0
timeseries_values:
  load_level: 255718.485658553
  wind_year: 2018
  solar_year: 2016
  price_year: 2023
  carbon_year: 2023
storage_values:
  CAES:
    cost: 50.3898
    lifetime: 24.3045
    annual_cost: 2.0732703820280194
    efficiency: 0.625153
    discharge_ratio: 0.1
    depth_of_discharge: 0.4
  Li-ion:
    cost: 263.07
    lifetime: 19.656
    annual_cost: 13.383699633699635
    efficiency: 0.955024
    discharge_ratio: 2
    depth_of_discharge: 0.9
  Pb-acid:
    cost: 183.457
    lifetime: 12.7749
    annual_cost: 14.360738635918871
    efficiency: 0.741236
    discharge_ratio: 5
    depth_of_discharge: 0.5
  VRBF:
    cost: 227.321
    lifetime: 21.5509
    annual_cost: 10.548097759258315
    efficiency: 0.834152
    discharge_ratio: 0.5
    depth_of_discharge: 1.0
