cost_values:
  wind_capex: 5000.0
  wind_opex: 100
  wind_lifetime: 20
  solar_capex: 1000.0
  solar_opex: 10
  solar_lifetime: 20
  carbon_price: 1.0
timeseries_values:
  load_level: 255718.485658553
  wind_year: 2018
  solar_year: 2016
  price_year: 2023
  carbon_year: 2023
storage_values:
  CAES:
    cost: 57.9458
    lifetime: 24.8418
    annual_cost: 2.3325926462655686
    efficiency: 0.626308
    discharge_ratio: 0.1
    depth_of_discharge: 0.4
  Li-ion:
    cost: 248.378
    lifetime: 20.7881
    annual_cost: 11.948085683636311
    efficiency: 0.966894
    discharge_ratio: 2
    depth_of_discharge: 0.9
  Pb-acid:
    cost: 185.24
    lifetime: 14.2867
    annual_cost: 12.965905352530676
    efficiency: 0.739814
    discharge_ratio: 5
    depth_of_discharge: 0.5
  VRBF:
    cost: 244.108
    lifetime: 18.8457
    annual_cost: 12.952981316692933
    efficiency: 0.816965
    discharge_ratio: 0.5
    depth_of_discharge: 1.0
