cost_values:
  wind_capex: 5000.0
  wind_opex: 100
  wind_lifetime: 20
  solar_capex: 1000.0
  solar_opex: 10
  solar_lifetime: 20
  carbon_price: 1.0
timeseries_values:
  load_level: 255718.485658553
  wind_year: 2018
  solar_year: 2016
  price_year: 2023
  carbon_year: 2023
storage_values:
  CAES:
    cost: 62.4019
    lifetime: 23.9795
    annual_cost: 2.602301966262849
    efficiency: 0.637601
    discharge_ratio: 0.1
    depth_of_discharge: 0.4
  Li-ion:
    cost: 259.451
    lifetime: 21.514
    annual_cost: 12.059635586129962
    efficiency: 0.939778
    discharge_ratio: 2
    depth_of_discharge: 0.9
  Pb-acid:
    cost: 185.109
    lifetime: 12.7531
    annual_cost: 14.514823846750987
    efficiency: 0.722498
    discharge_ratio: 5
    depth_of_discharge: 0.5
  VRBF:
    cost: 237.362
    lifetime: 21.1358
    annual_cost: 11.230329582982428
    efficiency: 0.796271
    discharge_ratio: 0.5
    depth_of_discharge: 1.0
