cost_values:
  wind_capex: 5000.0
  wind_opex: 100
  wind_lifetime: 20
  solar_capex: 1000.0
  solar_opex: 10
  solar_lifetime: 20
  carbon_price: 1.0
timeseries_values:
  load_level: 255718.485658553
  wind_year: 2018
  solar_year: 2016
  price_year: 2023
  carbon_year: 2023
storage_values:
  CAES:
    cost: 50.6637
    lifetime: 25.0555
    annual_cost: 2.0220590289557183
    efficiency: 0.636838
    discharge_ratio: 0.1
    depth_of_discharge: 0.4
  Li-ion:
    cost: 251.862
    lifetime: 19.8186
    annual_cost: 12.708364869365141
    efficiency: 0.951555
    discharge_ratio: 2
    depth_of_discharge: 0.9
  Pb-acid:
    cost: 185.577
    lifetime: 13.4349
    annual_cost: 13.813054060692673
    efficiency: 0.753147
    discharge_ratio: 5
    depth_of_discharge: 0.5
  VRBF:
    cost: 226.826
    lifetime: 20.7762
    annual_cost: 10.917588394412839
    efficiency: 0.809299
    discharge_ratio: 0.5
    depth_of_discharge: 1.0
