cost_values:
  wind_capex: 5000.0
  wind_opex: 100
  wind_lifetime: 20
  solar_capex: 1000.0
  solar_opex: 10
  solar_lifetime: 20
  carbon_price: 1.0
timeseries_values:
  load_level: 255718.485658553
  wind_year: 2018
  solar_year: 2016
  price_year: 2023
  carbon_year: 2023
storage_values:
  CAES:
    cost: 59.0299
    lifetime: 24.0562
    annual_cost: 2.4538331074733333
    efficiency: 0.631659
    discharge_ratio: 0.1
    depth_of_discharge: 0.4
  Li-ion:
    cost: 248.125
    lifetime: 20.1692
    annual_cost: 12.302173611248834
    efficiency: 0.960339
    discharge_ratio: 2
    depth_of_discharge: 0.9
  Pb-acid:
    cost: 187.219
    lifetime: 14.6165
    annual_cost: 12.80874354325591
    efficiency: 0.72242
    discharge_ratio: 5
    depth_of_discharge: 0.5
  VRBF:
    cost: 231.705
    lifetime: 19.8738
    annual_cost: 11.658817136128976
    efficiency: 0.799571
    discharge_ratio: 0.5
    depth_of_discharge: 1.0
