cost_values:
  wind_capex: 5000.0
  wind_opex: 100
  wind_lifetime: 20
  solar_capex: 1000.0
  solar_opex: 10
  solar_lifetime: 20
  carbon_price: 1.0
timeseries_values:
  load_level: 255718.485658553
  wind_year: 2018
  solar_year: 2016
  price_year: 2023
  carbon_year: 2023
storage_values:
  CAES:
    cost: 51.3434
    lifetime: 23.8179
    annual_cost: 2.1556644372509752
    efficiency: 0.631741
    discharge_ratio: 0.1
    depth_of_discharge: 0.4
  Li-ion:
    cost: 250.001
    lifetime: 21.5108
    annual_cost: 11.62211540249549
    efficiency: 0.949723
    discharge_ratio: 2
    depth_of_discharge: 0.9
  Pb-acid:
    cost: 183.348
    lifetime: 12.9671
    annual_cost: 14.139476058640714
    efficiency: 0.737203
    discharge_ratio: 5
    depth_of_discharge: 0.5
  VRBF:
    cost: 235.597
    lifetime: 19.825
    annual_cost: 11.883833543505675
    efficiency: 0.786379
    discharge_ratio: 0.5
    depth_of_discharge: 1.0
