cost_values:
  wind_capex: 5000.0
  wind_opex: 100
  wind_lifetime: 20
  solar_capex: 1000.0
  solar_opex: 10
  solar_lifetime: 20
  carbon_price: 1.0
timeseries_values:
  load_level: 255718.485658553
  wind_year: 2018
  solar_year: 2016
  price_year: 2023
  carbon_year: 2023
storage_values:
  CAES:
    cost: 43.8866
    lifetime: 23.3668
    annual_cost: 1.8781604669873495
    efficiency: 0.624568
    discharge_ratio: 0.1
    depth_of_discharge: 0.4
  Li-ion:
    cost: 252.673
    lifetime: 18.9907
    annual_cost: 13.305091439494069
    efficiency: 0.951041
    discharge_ratio: 2
    depth_of_discharge: 0.9
  Pb-acid:
    cost: 177.892
    lifetime: 13.9057
    annual_cost: 12.792739667905966
    efficiency: 0.753675
    discharge_ratio: 5
    depth_of_discharge: 0.5
  VRBF:
    cost: 249.694
    lifetime: 22.1477
    annual_cost: 11.274037484704957
    efficiency: 0.801074
    discharge_ratio: 0.5
    depth_of_discharge: 1.0
