cost_values:
  wind_capex: 5000.0
  wind_opex: 100
  wind_lifetime: 20
  solar_capex: 1000.0
  solar_opex: 10
  solar_lifetime: 20
  carbon_price: 1.0
timeseries_values:
  load_level: 255718.485658553
  wind_year: 2018
  solar_year: 2016
  price_year: 2023
  carbon_year: 2023
storage_values:
  CAES:
    cost: 53.515
    lifetime: 24.4345
    annual_cost: 2.1901409891751418
    efficiency: 0.631661
    discharge_ratio: 0.1
    depth_of_discharge: 0.4
  Li-ion:
    cost: 254.493
    lifetime: 18.1222
    annual_cost: 14.043162529935659
    efficiency: 0.952292
    discharge_ratio: 2
    depth_of_discharge: 0.9
  Pb-acid:
    cost: 180.719
    lifetime: 13.1033
    annual_cost: 13.791869223783321
    efficiency: 0.739741
    discharge_ratio: 5
    depth_of_discharge: 0.5
  VRBF:
    cost: 236.956
    lifetime: 20.1984
    annual_cost: 11.731424271229404
    efficiency: 0.787395
    discharge_ratio: 0.5
    depth_of_discharge: 1.0
