cost_values:
  wind_capex: 5000.0
  wind_opex: 100
  wind_lifetime: 20
  solar_capex: 1000.0
  solar_opex: 10
  solar_lifetime: 20
  carbon_price: 1.0
timeseries_values:
  load_level: 255718.485658553
  wind_year: 2018
  solar_year: 2016
  price_year: 2023
  carbon_year: 2023
storage_values:
  CAES:
    cost: 48.8737
    lifetime: 23.7285
    annual_cost: 2.059704574667594
    efficiency: 0.628149
    discharge_ratio: 0.1
    depth_of_discharge: 0.4
  Li-ion:
    cost: 248.006
    lifetime: 19.0732
    annual_cost: 13.002852169536313
    efficiency: 0.955719
    discharge_ratio: 2
    depth_of_discharge: 0.9
  Pb-acid:
    cost: 191.947
    lifetime: 13.7667
    annual_cost: 13.942847596010663
    efficiency: 0.747101
    discharge_ratio: 5
    depth_of_discharge: 0.5
  VRBF:
    cost: 257.364
    lifetime: 20.0266
    annual_cost: 12.851108026324988
    efficiency: 0.795462
    discharge_ratio: 0.5
    depth_of_discharge: 1.0
