cost_values:
  wind_capex: 5000.0
  wind_opex: 100
  wind_lifetime: 20
  solar_capex: 1000.0
  solar_opex: 10
  solar_lifetime: 20
  carbon_price: 1.0
timeseries_values:
  load_level: 255718.485658553
  wind_year: 2018
  solar_year: 2016
  price_year: 2023
  carbon_year: 2023
storage_values:
  CAES:
    cost: 55.3073
    lifetime: 22.8734
    annual_cost: 2.4179745905724555
    efficiency: 0.618065
    discharge_ratio: 0.1
    depth_of_discharge: 0.4
  Li-ion:
    cost: 246.81
    lifetime: 21.1381
    annual_cost: 11.676073062384981
    efficiency: 0.959239
    discharge_ratio: 2
    depth_of_discharge: 0.9
  Pb-acid:
    cost: 181.704
    lifetime: 13.8111
    annual_cost: 13.156374220735497
    efficiency: 0.744264
    discharge_ratio: 5
    depth_of_discharge: 0.5
  VRBF:
    cost: 232.746
    lifetime: 18.8356
    annual_cost: 12.356707511308374
    efficiency: 0.804066
    discharge_ratio: 0.5
    depth_of_discharge: 1.0
