cost_values:
  wind_capex: 5000.0
  wind_opex: 100
  wind_lifetime: 20
  solar_capex: 1000.0
  solar_opex: 10
  solar_lifetime: 20
  carbon_price: 1.0
timeseries_values:
  load_level: 255718.485658553
  wind_year: 2018
  solar_year: 2016
  price_year: 2023
  carbon_year: 2023
storage_values:
  CAES:
    cost: 52.9601
    lifetime: 22.8414
    annual_cost: 2.318601311653401
    efficiency: 0.631707
    discharge_ratio: 0.1
    depth_of_discharge: 0.4
  Li-ion:
    cost: 246.15
    lifetime: 19.48
    annual_cost: 12.636036960985626
    efficiency: 0.953498
    discharge_ratio: 2
    depth_of_discharge: 0.9
  Pb-acid:
    cost: 176.22
    lifetime: 13.8436
    annual_cost: 12.729347857493716
    efficiency: 0.724172
    discharge_ratio: 5
    depth_of_discharge: 0.5
  VRBF:
    cost: 238.731
    lifetime: 23.7379
    annual_cost: 10.05695533303283
    efficiency: 0.784301
    discharge_ratio: 0.5
    depth_of_discharge: 1.0
