cost_values:
  wind_capex: 5000.0
  wind_opex: 100
  wind_lifetime: 20
  solar_capex: 1000.0
  solar_opex: 10
  solar_lifetime: 20
  carbon_price: 1.0
timeseries_values:
  load_level: 255718.485658553
  wind_year: 2018
  solar_year: 2016
  price_year: 2023
  carbon_year: 2023
storage_values:
  CAES:
    cost: 55.7586
    lifetime: 23.136
    annual_cost: 2.410036307053942
    efficiency: 0.625884
    discharge_ratio: 0.1
    depth_of_discharge: 0.4
  Li-ion:
    cost: 267.288
    lifetime: 18.6144
    annual_cost: 14.359205776173287
    efficiency: 0.949321
    discharge_ratio: 2
    depth_of_discharge: 0.9
  Pb-acid:
    cost: 185.682
    lifetime: 14.0391
    annual_cost: 13.226061499668782
    efficiency: 0.727753
    discharge_ratio: 5
    depth_of_discharge: 0.5
  VRBF:
    cost: 231.253
    lifetime: 21.5029
    annual_cost: 10.754502881006747
    efficiency: 0.83008
    discharge_ratio: 0.5
    depth_of_discharge: 1.0
