cost_values:
  wind_capex: 5000.0
  wind_opex: 100
  wind_lifetime: 20
  solar_capex: 1000.0
  solar_opex: 10
  solar_lifetime: 20
  carbon_price: 1.0
timeseries_values:
  load_level: 255718.485658553
  wind_year: 2018
  solar_year: 2016
  price_year: 2023
  carbon_year: 2023
storage_values:
  CAES:
    cost: 54.3813
    lifetime: 24.0907
    annual_cost: 2.2573565732834666
    efficiency: 0.629029
    discharge_ratio: 0.1
    depth_of_discharge: 0.4
  Li-ion:
    cost: 267.24
    lifetime: 20.1914
    annual_cost: 13.235337817090445
    efficiency: 0.947988
    discharge_ratio: 2
    depth_of_discharge: 0.9
  Pb-acid:
    cost: 179.925
    lifetime: 12.5727
    annual_cost: 14.310768569996899
    efficiency: 0.759948
    discharge_ratio: 5
    depth_of_discharge: 0.5
  VRBF:
    cost: 241.428
    lifetime: 21.2907
    annual_cost: 11.339598979836266
    efficiency: 0.802492
    discharge_ratio: 0.5
    depth_of_discharge: 1.0
