cost_values:
  wind_capex: 5000.0
  wind_opex: 100
  wind_lifetime: 20
  solar_capex: 1000.0
  solar_opex: 10
  solar_lifetime: 20
  carbon_price: 1.0
timeseries_values:
  load_level: 255718.485658553
  wind_year: 2018
  solar_year: 2016
  price_year: 2023
  carbon_year: 2023
storage_values:
  CAES:
    cost: 62.6913
    lifetime: 24.6899
    annual_cost: 2.5391475866649924
    efficiency: 0.630696
    discharge_ratio: 0.1
    depth_of_discharge: 0.4
  Li-ion:
    cost: 248.727
    lifetime: 19.9642
    annual_cost: 12.45865098526362
    efficiency: 0.947494
    discharge_ratio: 2
    depth_of_discharge: 0.9
  Pb-acid:
    cost: 197.769
    lifetime: 12.8822
    annual_cost: 15.352113769387218
    efficiency: 0.746067
    discharge_ratio: 5
    depth_of_discharge: 0.5
  VRBF:
    cost: 235.37
    lifetime: 22.014
    annual_cost: 10.691832470246208
    efficiency: 0.788686
    discharge_ratio: 0.5
    depth_of_discharge: 1.0
