cost_values:
  wind_capex: 5000.0
  wind_opex: 100
  wind_lifetime: 20
  solar_capex: 1000.0
  solar_opex: 10
  solar_lifetime: 20
  carbon_price: 1.0
timeseries_values:
  load_level: 255718.485658553
  wind_year: 2018
  solar_year: 2016
  price_year: 2023
  carbon_year: 2023
storage_values:
  CAES:
    cost: 48.7495
    lifetime: 24.546
    annual_cost: 1.9860466063717102
    efficiency: 0.633911
    discharge_ratio: 0.1
    depth_of_discharge: 0.4
  Li-ion:
    cost: 252.521
    lifetime: 21.5604
    annual_cost: 11.712259512810522
    efficiency: 0.95202
    discharge_ratio: 2
    depth_of_discharge: 0.9
  Pb-acid:
    cost: 185.242
    lifetime: 13.5122
    annual_cost: 13.70924053818031
    efficiency: 0.74229
    discharge_ratio: 5
    depth_of_discharge: 0.5
  VRBF:
    cost: 253.158
    lifetime: 20.6785
    annual_cost: 12.242570786082162
    efficiency: 0.806225
    discharge_ratio: 0.5
    depth_of_discharge: 1.0
