cost_values:
  wind_capex: 5000.0
  wind_opex: 100
  wind_lifetime: 20
  solar_capex: 1000.0
  solar_opex: 10
  solar_lifetime: 20
  carbon_price: 1.0
timeseries_values:
  load_level: 255718.485658553
  wind_year: 2018
  solar_year: 2016
  price_year: 2023
  carbon_year: 2023
storage_values:
  CAES:
    cost: 55.0881
    lifetime: 23.9901
    annual_cost: 2.296284717445946
    efficiency: 0.632821
    discharge_ratio: 0.1
    depth_of_discharge: 0.4
  Li-ion:
    cost: 253.637
    lifetime: 20.8754
    annual_cost: 12.150042633913602
    efficiency: 0.948437
    discharge_ratio: 2
    depth_of_discharge: 0.9
  Pb-acid:
    cost: 178.494
    lifetime: 12.2082
    annual_cost: 14.620828623384282
    efficiency: 0.729072
    discharge_ratio: 5
    depth_of_discharge: 0.5
  VRBF:
    cost: 243.684
    lifetime: 20.8833
    annual_cost: 11.668845441094081
    efficiency: 0.799268
    discharge_ratio: 0.5
    depth_of_discharge: 1.0
