cost_values:
  wind_capex: 5000.0
  wind_opex: 100
  wind_lifetime: 20
  solar_capex: 1000.0
  solar_opex: 10
  solar_lifetime: 20
  carbon_price: 1.0
timeseries_values:
  load_level: 255718.485658553
  wind_year: 2018
  solar_year: 2016
  price_year: 2023
  carbon_year: 2023
storage_values:
  CAES:
    cost: 53.7363
    lifetime: 23.9733
    annual_cost: 2.241506175620378
    efficiency: 0.624583
    discharge_ratio: 0.1
    depth_of_discharge: 0.4
  Li-ion:
    cost: 247.279
    lifetime: 20.0592
    annual_cost: 12.32746071627981
    efficiency: 0.953503
    discharge_ratio: 2
    depth_of_discharge: 0.9
  Pb-acid:
    cost: 188.848
    lifetime: 15.5153
    annual_cost: 12.171727262766431
    efficiency: 0.751843
    discharge_ratio: 5
    depth_of_discharge: 0.5
  VRBF:
    cost: 209.793
    lifetime: 20.9788
    annual_cost: 10.000238335843804
    efficiency: 0.797422
    discharge_ratio: 0.5
    depth_of_discharge: 1.0
