cost_values:
  wind_capex: 5000.0
  wind_opex: 100
  wind_lifetime: 20
  solar_capex: 1000.0
  solar_opex: 10
  solar_lifetime: 20
  carbon_price: 1.0
timeseries_values:
  load_level: 255718.485658553
  wind_year: 2018
  solar_year: 2016
  price_year: 2023
  carbon_year: 2023
storage_values:
  CAES:
    cost: 57.843
    lifetime: 24.1207
    annual_cost: 2.3980647327813873
    efficiency: 0.634735
    discharge_ratio: 0.1
    depth_of_discharge: 0.4
  Li-ion:
    cost: 213.195
    lifetime: 21.0035
    annual_cost: 10.15045111529031
    efficiency: 0.942106
    discharge_ratio: 2
    depth_of_discharge: 0.9
  Pb-acid:
    cost: 186.992
    lifetime: 14.4411
    annual_cost: 12.948598098482801
    efficiency: 0.739686
    discharge_ratio: 5
    depth_of_discharge: 0.5
  VRBF:
    cost: 220.611
    lifetime: 21.9082
    annual_cost: 10.069791219725946
    efficiency: 0.799492
    discharge_ratio: 0.5
    depth_of_discharge: 1.0
