cost_values:
  wind_capex: 5000.0
  wind_opex: 100
  wind_lifetime: 20
  solar_capex: 1000.0
  solar_opex: 10
  solar_lifetime: 20
  carbon_price: 1.0
timeseries_values:
  load_level: 255718.485658553
  wind_year: 2018
  solar_year: 2016
  price_year: 2023
  carbon_year: 2023
storage_values:
  CAES:
    cost: 54.6156
    lifetime: 24.6045
    annual_cost: 2.219740291410108
    efficiency: 0.637366
    discharge_ratio: 0.1
    depth_of_discharge: 0.4
  Li-ion:
    cost: 236.789
    lifetime: 20.2069
    annual_cost: 11.718224962760244
    efficiency: 0.967787
    discharge_ratio: 2
    depth_of_discharge: 0.9
  Pb-acid:
    cost: 183.372
    lifetime: 13.2809
    annual_cost: 13.80719680142159
    efficiency: 0.744643
    discharge_ratio: 5
    depth_of_discharge: 0.5
  VRBF:
    cost: 219.872
    lifetime: 22.6913
    annual_cost: 9.689704864860103
    efficiency: 0.817088
    discharge_ratio: 0.5
    depth_of_discharge: 1.0
