cost_values:
  wind_capex: 5000.0
  wind_opex: 100
  wind_lifetime: 20
  solar_capex: 1000.0
  solar_opex: 10
  solar_lifetime: 20
  carbon_price: 1.0
timeseries_values:
  load_level: 255718.485658553
  wind_year: 2018
  solar_year: 2016
  price_year: 2023
  carbon_year: 2023
storage_values:
  CAES:
    cost: 52.7396
    lifetime: 24.6332
    annual_cost: 2.140996703635744
    efficiency: 0.62648
    discharge_ratio: 0.1
    depth_of_discharge: 0.4
  Li-ion:
    cost: 251.603
    lifetime: 19.8623
    annual_cost: 12.667364806694088
    efficiency: 0.95498
    discharge_ratio: 2
    depth_of_discharge: 0.9
  Pb-acid:
    cost: 173.421
    lifetime: 12.5822
    annual_cost: 13.783042711131598
    efficiency: 0.752637
    discharge_ratio: 5
    depth_of_discharge: 0.5
  VRBF:
    cost: 231.92
    lifetime: 18.9076
    annual_cost: 12.265967124330958
    efficiency: 0.800015
    discharge_ratio: 0.5
    depth_of_discharge: 1.0
