cost_values:
  wind_capex: 5000.0
  wind_opex: 100
  wind_lifetime: 20
  solar_capex: 1000.0
  solar_opex: 10
  solar_lifetime: 20
  carbon_price: 1.0
timeseries_values:
  load_level: 255718.485658553
  wind_year: 2018
  solar_year: 2016
  price_year: 2023
  carbon_year: 2023
storage_values:
  CAES:
    cost: 62.8549
    lifetime: 22.7643
    annual_cost: 2.76111718787751
    efficiency: 0.63587
    discharge_ratio: 0.1
    depth_of_discharge: 0.4
  Li-ion:
    cost: 226.832
    lifetime: 19.6826
    annual_cost: 11.524493715261194
    efficiency: 0.94503
    discharge_ratio: 2
    depth_of_discharge: 0.9
  Pb-acid:
    cost: 164.854
    lifetime: 12.9841
    annual_cost: 12.696605848691863
    efficiency: 0.745153
    discharge_ratio: 5
    depth_of_discharge: 0.5
  VRBF:
    cost: 253.159
    lifetime: 22.413
    annual_cost: 11.295185829652434
    efficiency: 0.780583
    discharge_ratio: 0.5
    depth_of_discharge: 1.0
