cost_values:
  wind_capex: 5000.0
  wind_opex: 100
  wind_lifetime: 20
  solar_capex: 1000.0
  solar_opex: 10
  solar_lifetime: 20
  carbon_price: 1.0
timeseries_values:
  load_level: 265099.57624196995
  wind_year: 2014
  solar_year: 2015
  price_year: 2023
  carbon_year: 2023
storage_values:
  CAES:
    cost: 56.905
    lifetime: 20.7434
    annual_cost: 2.7432822006035655
    efficiency: 0.601691
    discharge_ratio: 0.1
    depth_of_discharge: 0.4
  Li-ion:
    cost: 156.704
    lifetime: 13.2544
    annual_cost: 11.822790922259777
    efficiency: 0.915057
    discharge_ratio: 2
    depth_of_discharge: 0.9
  Pb-acid:
    cost: 81.1164
    lifetime: 9.07852
    annual_cost: 8.934980591550165
    efficiency: 0.713785
    discharge_ratio: 5
    depth_of_discharge: 0.5
  VRBF:
    cost: 351.17
    lifetime: 15.2108
    annual_cost: 23.086885633891708
    efficiency: 0.682701
    discharge_ratio: 0.5
    depth_of_discharge: 1.0
