cost_values:
  wind_capex: 5000.0
  wind_opex: 100
  wind_lifetime: 20
  solar_capex: 1000.0
  solar_opex: 10
  solar_lifetime: 20
  carbon_price: 1.0
timeseries_values:
  load_level: 265099.57624196995
  wind_year: 2014
  solar_year: 2015
  price_year: 2023
  carbon_year: 2023
storage_values:
  CAES:
    cost: 55.3632
    lifetime: 21.9427
    annual_cost: 2.5230805689363662
    efficiency: 0.603007
    discharge_ratio: 0.1
    depth_of_discharge: 0.4
  Li-ion:
    cost: 187.352
    lifetime: 15.7198
    annual_cost: 11.918217789030395
    efficiency: 0.912865
    discharge_ratio: 2
    depth_of_discharge: 0.9
  Pb-acid:
    cost: 91.6982
    lifetime: 8.52865
    annual_cost: 10.751783693785065
    efficiency: 0.710641
    discharge_ratio: 5
    depth_of_discharge: 0.5
  VRBF:
    cost: 357.611
    lifetime: 13.9967
    annual_cost: 25.549665278244156
    efficiency: 0.697031
    discharge_ratio: 0.5
    depth_of_discharge: 1.0
