cost_values:
  wind_capex: 5000.0
  wind_opex: 100
  wind_lifetime: 20
  solar_capex: 1000.0
  solar_opex: 10
  solar_lifetime: 20
  carbon_price: 1.0
timeseries_values:
  load_level: 265099.57624196995
  wind_year: 2014
  solar_year: 2015
  price_year: 2023
  carbon_year: 2023
storage_values:
  CAES:
    cost: 50.5949
    lifetime: 22.0387
    annual_cost: 2.2957297844246716
    efficiency: 0.587328
    discharge_ratio: 0.1
    depth_of_discharge: 0.4
  Li-ion:
    cost: 152.498
    lifetime: 14.6505
    annual_cost: 10.409064537046516
    efficiency: 0.927892
    discharge_ratio: 2
    depth_of_discharge: 0.9
  Pb-acid:
    cost: 97.0774
    lifetime: 7.46215
    annual_cost: 13.009306969171083
    efficiency: 0.707538
    discharge_ratio: 5
    depth_of_discharge: 0.5
  VRBF:
    cost: 365.681
    lifetime: 13.5204
    annual_cost: 27.04661104701044
    efficiency: 0.688857
    discharge_ratio: 0.5
    depth_of_discharge: 1.0
