cost_values:
  wind_capex: 5000.0
  wind_opex: 100
  wind_lifetime: 20
  solar_capex: 1000.0
  solar_opex: 10
  solar_lifetime: 20
  carbon_price: 1.0
timeseries_values:
  load_level: 265099.57624196995
  wind_year: 2014
  solar_year: 2015
  price_year: 2023
  carbon_year: 2023
storage_values:
  CAES:
    cost: 57.5591
    lifetime: 22.4581
    annual_cost: 2.562955014003856
    efficiency: 0.609167
    discharge_ratio: 0.1
    depth_of_discharge: 0.4
  Li-ion:
    cost: 154.796
    lifetime: 16.3523
    annual_cost: 9.46631360726014
    efficiency: 0.903954
    discharge_ratio: 2
    depth_of_discharge: 0.9
  Pb-acid:
    cost: 102.643
    lifetime: 7.52857
    annual_cost: 13.63379765347204
    efficiency: 0.720457
    discharge_ratio: 5
    depth_of_discharge: 0.5
  VRBF:
    cost: 336.901
    lifetime: 14.9688
    annual_cost: 22.5068809791032
    efficiency: 0.673887
    discharge_ratio: 0.5
    depth_of_discharge: 1.0
