cost_values:
  wind_capex: 5000.0
  wind_opex: 100
  wind_lifetime: 20
  solar_capex: 1000.0
  solar_opex: 10
  solar_lifetime: 20
  carbon_price: 1.0
timeseries_values:
  load_level: 265099.57624196995
  wind_year: 2014
  solar_year: 2015
  price_year: 2023
  carbon_year: 2023
storage_values:
  CAES:
    cost: 51.431
    lifetime: 21.0536
    annual_cost: 2.442860128434092
    efficiency: 0.598697
    discharge_ratio: 0.1
    depth_of_discharge: 0.4
  Li-ion:
    cost: 158.908
    lifetime: 13.5314
    annual_cost: 11.743648107365091
    efficiency: 0.909437
    discharge_ratio: 2
    depth_of_discharge: 0.9
  Pb-acid:
    cost: 87.6632
    lifetime: 6.46612
    annual_cost: 13.557311030417004
    efficiency: 0.722774
    discharge_ratio: 5
    depth_of_discharge: 0.5
  VRBF:
    cost: 351.308
    lifetime: 13.9204
    annual_cost: 25.23691847935404
    efficiency: 0.682208
    discharge_ratio: 0.5
    depth_of_discharge: 1.0
