cost_values:
  wind_capex: 5000.0
  wind_opex: 100
  wind_lifetime: 20
  solar_capex: 1000.0
  solar_opex: 10
  solar_lifetime: 20
  carbon_price: 1.0
timeseries_values:
  load_level: 265099.57624196995
  wind_year: 2014
  solar_year: 2015
  price_year: 2023
  carbon_year: 2023
storage_values:
  CAES:
    cost: 58.7426
    lifetime: 21.4156
    annual_cost: 2.7429817516203143
    efficiency: 0.597998
    discharge_ratio: 0.1
    depth_of_discharge: 0.4
  Li-ion:
    cost: 150.61
    lifetime: 15.8591
    annual_cost: 9.496755805814958
    efficiency: 0.928835
    discharge_ratio: 2
    depth_of_discharge: 0.9
  Pb-acid:
    cost: 86.8406
    lifetime: 8.37963
    annual_cost: 10.363297663500655
    efficiency: 0.72626
    discharge_ratio: 5
    depth_of_discharge: 0.5
  VRBF:
    cost: 357.333
    lifetime: 13.8946
    annual_cost: 25.717401004706865
    efficiency: 0.685447
    discharge_ratio: 0.5
    depth_of_discharge: 1.0
