cost_values:
  wind_capex: 5000.0
  wind_opex: 100
  wind_lifetime: 20
  solar_capex: 1000.0
  solar_opex: 10
  solar_lifetime: 20
  carbon_price: 1.0
timeseries_values:
  load_level: 265099.57624196995
  wind_year: 2014
  solar_year: 2015
  price_year: 2023
  carbon_year: 2023
storage_values:
  CAES:
    cost: 52.5388
    lifetime: 22.0291
    annual_cost: 2.3849726044187007
    efficiency: 0.594961
    discharge_ratio: 0.1
    depth_of_discharge: 0.4
  Li-ion:
    cost: 166.632
    lifetime: 15.6776
    annual_cost: 10.628667653212228
    efficiency: 0.921256
    discharge_ratio: 2
    depth_of_discharge: 0.9
  Pb-acid:
    cost: 92.7992
    lifetime: 9.15874
    annual_cost: 10.132310776373169
    efficiency: 0.711336
    discharge_ratio: 5
    depth_of_discharge: 0.5
  VRBF:
    cost: 360.056
    lifetime: 16.0853
    annual_cost: 22.384164423417655
    efficiency: 0.69005
    discharge_ratio: 0.5
    depth_of_discharge: 1.0
