cost_values:
  wind_capex: 5000.0
  wind_opex: 100
  wind_lifetime: 20
  solar_capex: 1000.0
  solar_opex: 10
  solar_lifetime: 20
  carbon_price: 1.0
timeseries_values:
  load_level: 265099.57624196995
  wind_year: 2014
  solar_year: 2015
  price_year: 2023
  carbon_year: 2023
storage_values:
  CAES:
    cost: 60.0874
    lifetime: 22.0812
    annual_cost: 2.7212017462819054
    efficiency: 0.600311
    discharge_ratio: 0.1
    depth_of_discharge: 0.4
  Li-ion:
    cost: 147.581
    lifetime: 12.3601
    annual_cost: 11.940113753124974
    efficiency: 0.91219
    discharge_ratio: 2
    depth_of_discharge: 0.9
  Pb-acid:
    cost: 91.6311
    lifetime: 7.82453
    annual_cost: 11.710748121612417
    efficiency: 0.702246
    discharge_ratio: 5
    depth_of_discharge: 0.5
  VRBF:
    cost: 326.384
    lifetime: 15.4043
    annual_cost: 21.18785014573853
    efficiency: 0.700281
    discharge_ratio: 0.5
    depth_of_discharge: 1.0
