cost_values:
  wind_capex: 5000.0
  wind_opex: 100
  wind_lifetime: 20
  solar_capex: 1000.0
  solar_opex: 10
  solar_lifetime: 20
  carbon_price: 1.0
timeseries_values:
  load_level: 265099.57624196995
  wind_year: 2014
  solar_year: 2015
  price_year: 2023
  carbon_year: 2023
storage_values:
  CAES:
    cost: 54.5852
    lifetime: 22.1682
    annual_cost: 2.4623198996761126
    efficiency: 0.603685
    discharge_ratio: 0.1
    depth_of_discharge: 0.4
  Li-ion:
    cost: 158.838
    lifetime: 17.2003
    annual_cost: 9.234606373144654
    efficiency: 0.922377
    discharge_ratio: 2
    depth_of_discharge: 0.9
  Pb-acid:
    cost: 88.342
    lifetime: 8.11395
    annual_cost: 10.887668767985998
    efficiency: 0.711374
    discharge_ratio: 5
    depth_of_discharge: 0.5
  VRBF:
    cost: 362.009
    lifetime: 12.7281
    annual_cost: 28.441715574201965
    efficiency: 0.671232
    discharge_ratio: 0.5
    depth_of_discharge: 1.0
