cost_values:
  wind_capex: 5000.0
  wind_opex: 100
  wind_lifetime: 20
  solar_capex: 1000.0
  solar_opex: 10
  solar_lifetime: 20
  carbon_price: 1.0
timeseries_values:
  load_level: 265099.57624196995
  wind_year: 2014
  solar_year: 2015
  price_year: 2023
  carbon_year: 2023
storage_values:
  CAES:
    cost: 57.1671
    lifetime: 21.9212
    annual_cost: 2.607845373428462
    efficiency: 0.588345
    discharge_ratio: 0.1
    depth_of_discharge: 0.4
  Li-ion:
    cost: 146.817
    lifetime: 14.9073
    annual_cost: 9.848664748143529
    efficiency: 0.93549
    discharge_ratio: 2
    depth_of_discharge: 0.9
  Pb-acid:
    cost: 76.2129
    lifetime: 7.93612
    annual_cost: 9.603294809050267
    efficiency: 0.719688
    discharge_ratio: 5
    depth_of_discharge: 0.5
  VRBF:
    cost: 339.883
    lifetime: 15.285
    annual_cost: 22.236375531566893
    efficiency: 0.697411
    discharge_ratio: 0.5
    depth_of_discharge: 1.0
