cost_values:
  wind_capex: 5000.0
  wind_opex: 100
  wind_lifetime: 20
  solar_capex: 1000.0
  solar_opex: 10
  solar_lifetime: 20
  carbon_price: 1.0
timeseries_values:
  load_level: 265099.57624196995
  wind_year: 2014
  solar_year: 2015
  price_year: 2023
  carbon_year: 2023
storage_values:
  CAES:
    cost: 59.3237
    lifetime: 20.6367
    annual_cost: 2.874669884235367
    efficiency: 0.61027
    discharge_ratio: 0.1
    depth_of_discharge: 0.4
  Li-ion:
    cost: 137.134
    lifetime: 15.1823
    annual_cost: 9.032491783194903
    efficiency: 0.921521
    discharge_ratio: 2
    depth_of_discharge: 0.9
  Pb-acid:
    cost: 74.3865
    lifetime: 7.8434
    annual_cost: 9.48396103730525
    efficiency: 0.707085
    discharge_ratio: 5
    depth_of_discharge: 0.5
  VRBF:
    cost: 354.263
    lifetime: 14.8816
    annual_cost: 23.805437587356195
    efficiency: 0.691813
    discharge_ratio: 0.5
    depth_of_discharge: 1.0
