cost_values:
  wind_capex: 5000.0
  wind_opex: 100
  wind_lifetime: 20
  solar_capex: 1000.0
  solar_opex: 10
  solar_lifetime: 20
  carbon_price: 1.0
timeseries_values:
  load_level: 265099.57624196995
  wind_year: 2014
  solar_year: 2015
  price_year: 2023
  carbon_year: 2023
storage_values:
  CAES:
    cost: 57.2367
    lifetime: 21.0651
    annual_cost: 2.7171340273722886
    efficiency: 0.598612
    discharge_ratio: 0.1
    depth_of_discharge: 0.4
  Li-ion:
    cost: 147.439
    lifetime: 13.5637
    annual_cost: 10.87011656111533
    efficiency: 0.946536
    discharge_ratio: 2
    depth_of_discharge: 0.9
  Pb-acid:
    cost: 126.606
    lifetime: 10.6159
    annual_cost: 11.926073154419313
    efficiency: 0.736025
    discharge_ratio: 5
    depth_of_discharge: 0.5
  VRBF:
    cost: 330.634
    lifetime: 14.728
    annual_cost: 22.449348180336774
    efficiency: 0.682322
    discharge_ratio: 0.5
    depth_of_discharge: 1.0
