cost_values:
  wind_capex: 5000.0
  wind_opex: 100
  wind_lifetime: 20
  solar_capex: 1000.0
  solar_opex: 10
  solar_lifetime: 20
  carbon_price: 1.0
timeseries_values:
  load_level: 265099.57624196995
  wind_year: 2014
  solar_year: 2015
  price_year: 2023
  carbon_year: 2023
storage_values:
  CAES:
    cost: 55.4285
    lifetime: 21.4528
    annual_cost: 2.583741982398568
    efficiency: 0.592146
    discharge_ratio: 0.1
    depth_of_discharge: 0.4
  Li-ion:
    cost: 139.565
    lifetime: 15.08
    annual_cost: 9.25497347480106
    efficiency: 0.920055
    discharge_ratio: 2
    depth_of_discharge: 0.9
  Pb-acid:
    cost: 94.4688
    lifetime: 5.86713
    annual_cost: 16.10136472176345
    efficiency: 0.716208
    discharge_ratio: 5
    depth_of_discharge: 0.5
  VRBF:
    cost: 358.732
    lifetime: 15.4515
    annual_cost: 23.21664563311006
    efficiency: 0.713945
    discharge_ratio: 0.5
    depth_of_discharge: 1.0
