cost_values:
  wind_capex: 5000.0
  wind_opex: 100
  wind_lifetime: 20
  solar_capex: 1000.0
  solar_opex: 10
  solar_lifetime: 20
  carbon_price: 1.0
timeseries_values:
  load_level: 265099.57624196995
  wind_year: 2014
  solar_year: 2015
  price_year: 2023
  carbon_year: 2023
storage_values:
  CAES:
    cost: 56.1898
    lifetime: 20.6733
    annual_cost: 2.7179889035615985
    efficiency: 0.602121
    discharge_ratio: 0.1
    depth_of_discharge: 0.4
  Li-ion:
    cost: 125.823
    lifetime: 16.1369
    annual_cost: 7.797222514857252
    efficiency: 0.926745
    discharge_ratio: 2
    depth_of_discharge: 0.9
  Pb-acid:
    cost: 80.8857
    lifetime: 7.51405
    annual_cost: 10.764594326628117
    efficiency: 0.718194
    discharge_ratio: 5
    depth_of_discharge: 0.5
  VRBF:
    cost: 352.973
    lifetime: 14.1213
    annual_cost: 24.995786506908004
    efficiency: 0.668869
    discharge_ratio: 0.5
    depth_of_discharge: 1.0
