cost_values:
  wind_capex: 5000.0
  wind_opex: 100
  wind_lifetime: 20
  solar_capex: 1000.0
  solar_opex: 10
  solar_lifetime: 20
  carbon_price: 1.0
timeseries_values:
  load_level: 265099.57624196995
  wind_year: 2014
  solar_year: 2015
  price_year: 2023
  carbon_year: 2023
storage_values:
  CAES:
    cost: 54.4396
    lifetime: 20.8999
    annual_cost: 2.60477801329193
    efficiency: 0.59266
    discharge_ratio: 0.1
    depth_of_discharge: 0.4
  Li-ion:
    cost: 174.092
    lifetime: 13.3866
    annual_cost: 13.004945243751216
    efficiency: 0.921847
    discharge_ratio: 2
    depth_of_discharge: 0.9
  Pb-acid:
    cost: 75.7247
    lifetime: 8.78943
    annual_cost: 8.615427849132423
    efficiency: 0.714369
    discharge_ratio: 5
    depth_of_discharge: 0.5
  VRBF:
    cost: 369.731
    lifetime: 14.3755
    annual_cost: 25.71952279920698
    efficiency: 0.666417
    discharge_ratio: 0.5
    depth_of_discharge: 1.0
