cost_values:
  wind_capex: 5000.0
  wind_opex: 100
  wind_lifetime: 20
  solar_capex: 1000.0
  solar_opex: 10
  solar_lifetime: 20
  carbon_price: 1.0
timeseries_values:
  load_level: 265099.57624196995
  wind_year: 2014
  solar_year: 2015
  price_year: 2023
  carbon_year: 2023
storage_values:
  CAES:
    cost: 55.1068
    lifetime: 21.4909
    annual_cost: 2.564192286037346
    efficiency: 0.599488
    discharge_ratio: 0.1
    depth_of_discharge: 0.4
  Li-ion:
    cost: 144.204
    lifetime: 15.4548
    annual_cost: 9.33069337681497
    efficiency: 0.923903
    discharge_ratio: 2
    depth_of_discharge: 0.9
  Pb-acid:
    cost: 92.6445
    lifetime: 7.54075
    annual_cost: 12.28584689851805
    efficiency: 0.710199
    discharge_ratio: 5
    depth_of_discharge: 0.5
  VRBF:
    cost: 372.166
    lifetime: 15.4614
    annual_cost: 24.070653369035146
    efficiency: 0.687193
    discharge_ratio: 0.5
    depth_of_discharge: 1.0
