cost_values:
  wind_capex: 5000.0
  wind_opex: 100
  wind_lifetime: 20
  solar_capex: 1000.0
  solar_opex: 10
  solar_lifetime: 20
  carbon_price: 1.0
timeseries_values:
  load_level: 265099.57624196995
  wind_year: 2014
  solar_year: 2015
  price_year: 2023
  carbon_year: 2023
storage_values:
  CAES:
    cost: 48.0067
    lifetime: 21.7988
    annual_cost: 2.2022634273446244
    efficiency: 0.594915
    discharge_ratio: 0.1
    depth_of_discharge: 0.4
  Li-ion:
    cost: 165.475
    lifetime: 14.2643
    annual_cost: 11.600639358398238
    efficiency: 0.928919
    discharge_ratio: 2
    depth_of_discharge: 0.9
  Pb-acid:
    cost: 99.1708
    lifetime: 6.96261
    annual_cost: 14.24333690957845
    efficiency: 0.703612
    discharge_ratio: 5
    depth_of_discharge: 0.5
  VRBF:
    cost: 322.678
    lifetime: 15.1662
    annual_cost: 21.27612717753953
    efficiency: 0.669171
    discharge_ratio: 0.5
    depth_of_discharge: 1.0
