cost_values:
  wind_capex: 5000.0
  wind_opex: 100
  wind_lifetime: 20
  solar_capex: 1000.0
  solar_opex: 10
  solar_lifetime: 20
  carbon_price: 1.0
timeseries_values:
  load_level: 265099.57624196995
  wind_year: 2014
  solar_year: 2015
  price_year: 2023
  carbon_year: 2023
storage_values:
  CAES:
    cost: 58.2814
    lifetime: 21.4994
    annual_cost: 2.7108384420030323
    efficiency: 0.585823
    discharge_ratio: 0.1
    depth_of_discharge: 0.4
  Li-ion:
    cost: 161.831
    lifetime: 15.0605
    annual_cost: 10.745393579230438
    efficiency: 0.921002
    discharge_ratio: 2
    depth_of_discharge: 0.9
  Pb-acid:
    cost: 63.7679
    lifetime: 8.22796
    annual_cost: 7.750147059538452
    efficiency: 0.715423
    discharge_ratio: 5
    depth_of_discharge: 0.5
  VRBF:
    cost: 368.561
    lifetime: 13.7126
    annual_cost: 26.877543281361664
    efficiency: 0.687072
    discharge_ratio: 0.5
    depth_of_discharge: 1.0
