cost_values:
  wind_capex: 5000.0
  wind_opex: 100
  wind_lifetime: 20
  solar_capex: 1000.0
  solar_opex: 10
  solar_lifetime: 20
  carbon_price: 1.0
timeseries_values:
  load_level: 265099.57624196995
  wind_year: 2014
  solar_year: 2015
  price_year: 2023
  carbon_year: 2023
storage_values:
  CAES:
    cost: 58.5107
    lifetime: 20.9231
    annual_cost: 2.7964641950762554
    efficiency: 0.59338
    discharge_ratio: 0.1
    depth_of_discharge: 0.4
  Li-ion:
    cost: 162.186
    lifetime: 16.5791
    annual_cost: 9.782557557406614
    efficiency: 0.929444
    discharge_ratio: 2
    depth_of_discharge: 0.9
  Pb-acid:
    cost: 104.989
    lifetime: 7.63536
    annual_cost: 13.750366714863477
    efficiency: 0.705585
    discharge_ratio: 5
    depth_of_discharge: 0.5
  VRBF:
    cost: 390.624
    lifetime: 14.0146
    annual_cost: 27.872647096599263
    efficiency: 0.6916
    discharge_ratio: 0.5
    depth_of_discharge: 1.0
