cost_values:
  wind_capex: 5000.0
  wind_opex: 100
  wind_lifetime: 20
  solar_capex: 1000.0
  solar_opex: 10
  solar_lifetime: 20
  carbon_price: 1.0
timeseries_values:
  load_level: 265099.57624196995
  wind_year: 2014
  solar_year: 2015
  price_year: 2023
  carbon_year: 2023
storage_values:
  CAES:
    cost: 59.3048
    lifetime: 21.7494
    annual_cost: 2.7267326914765464
    efficiency: 0.607564
    discharge_ratio: 0.1
    depth_of_discharge: 0.4
  Li-ion:
    cost: 165.665
    lifetime: 13.6032
    annual_cost: 12.178384497765231
    efficiency: 0.92276
    discharge_ratio: 2
    depth_of_discharge: 0.9
  Pb-acid:
    cost: 98.0614
    lifetime: 6.0895
    annual_cost: 16.103358239592744
    efficiency: 0.730494
    discharge_ratio: 5
    depth_of_discharge: 0.5
  VRBF:
    cost: 373.197
    lifetime: 15.3623
    annual_cost: 24.29304205750441
    efficiency: 0.68437
    discharge_ratio: 0.5
    depth_of_discharge: 1.0
