cost_values:
  wind_capex: 5000.0
  wind_opex: 100
  wind_lifetime: 20
  solar_capex: 1000.0
  solar_opex: 10
  solar_lifetime: 20
  carbon_price: 1.0
timeseries_values:
  load_level: 265099.57624196995
  wind_year: 2014
  solar_year: 2015
  price_year: 2023
  carbon_year: 2023
storage_values:
  CAES:
    cost: 53.5345
    lifetime: 21.5966
    annual_cost: 2.4788392617356436
    efficiency: 0.606371
    discharge_ratio: 0.1
    depth_of_discharge: 0.4
  Li-ion:
    cost: 160.246
    lifetime: 14.9626
    annual_cost: 10.709769692433134
    efficiency: 0.905358
    discharge_ratio: 2
    depth_of_discharge: 0.9
  Pb-acid:
    cost: 78.5592
    lifetime: 7.57612
    annual_cost: 10.369318331811007
    efficiency: 0.729604
    discharge_ratio: 5
    depth_of_discharge: 0.5
  VRBF:
    cost: 364.755
    lifetime: 14.7181
    annual_cost: 24.782750490892166
    efficiency: 0.683743
    discharge_ratio: 0.5
    depth_of_discharge: 1.0
