cost_values:
  wind_capex: 5000.0
  wind_opex: 100
  wind_lifetime: 20
  solar_capex: 1000.0
  solar_opex: 10
  solar_lifetime: 20
  carbon_price: 1.0
timeseries_values:
  load_level: 265099.57624196995
  wind_year: 2014
  solar_year: 2015
  price_year: 2023
  carbon_year: 2023
storage_values:
  CAES:
    cost: 52.5107
    lifetime: 22.2398
    annual_cost: 2.3611138589375806
    efficiency: 0.598589
    discharge_ratio: 0.1
    depth_of_discharge: 0.4
  Li-ion:
    cost: 149.182
    lifetime: 15.9735
    annual_cost: 9.339343287319622
    efficiency: 0.934806
    discharge_ratio: 2
    depth_of_discharge: 0.9
  Pb-acid:
    cost: 96.7342
    lifetime: 6.12038
    annual_cost: 15.805260457684
    efficiency: 0.700628
    discharge_ratio: 5
    depth_of_discharge: 0.5
  VRBF:
    cost: 368.496
    lifetime: 15.1093
    annual_cost: 24.388687761842043
    efficiency: 0.669908
    discharge_ratio: 0.5
    depth_of_discharge: 1.0
