cost_values:
  wind_capex: 5000.0
  wind_opex: 100
  wind_lifetime: 20
  solar_capex: 1000.0
  solar_opex: 10
  solar_lifetime: 20
  carbon_price: 1.0
timeseries_values:
  load_level: 265099.57624196995
  wind_year: 2014
  solar_year: 2015
  price_year: 2023
  carbon_year: 2023
storage_values:
  CAES:
    cost: 52.4949
    lifetime: 21.145
    annual_cost: 2.4826152754788366
    efficiency: 0.594871
    discharge_ratio: 0.1
    depth_of_discharge: 0.4
  Li-ion:
    cost: 164.832
    lifetime: 14.4612
    annual_cost: 11.398224213758194
    efficiency: 0.920885
    discharge_ratio: 2
    depth_of_discharge: 0.9
  Pb-acid:
    cost: 67.7722
    lifetime: 7.59649
    annual_cost: 8.921515068143313
    efficiency: 0.712557
    discharge_ratio: 5
    depth_of_discharge: 0.5
  VRBF:
    cost: 362.723
    lifetime: 14.741
    annual_cost: 24.606403907468966
    efficiency: 0.672088
    discharge_ratio: 0.5
    depth_of_discharge: 1.0
