cost_values:
  wind_capex: 5000.0
  wind_opex: 100
  wind_lifetime: 20
  solar_capex: 1000.0
  solar_opex: 10
  solar_lifetime: 20
  carbon_price: 1.0
timeseries_values:
  load_level: 265099.57624196995
  wind_year: 2014
  solar_year: 2015
  price_year: 2023
  carbon_year: 2023
storage_values:
  CAES:
    cost: 56.8595
    lifetime: 21.8164
    annual_cost: 2.606273262316422
    efficiency: 0.595283
    discharge_ratio: 0.1
    depth_of_discharge: 0.4
  Li-ion:
    cost: 156.597
    lifetime: 15.1898
    annual_cost: 10.309352328536255
    efficiency: 0.924798
    discharge_ratio: 2
    depth_of_discharge: 0.9
  Pb-acid:
    cost: 81.7334
    lifetime: 9.26731
    annual_cost: 8.819538787415118
    efficiency: 0.724583
    discharge_ratio: 5
    depth_of_discharge: 0.5
  VRBF:
    cost: 369.474
    lifetime: 13.3146
    annual_cost: 27.74953810103195
    efficiency: 0.682861
    discharge_ratio: 0.5
    depth_of_discharge: 1.0
