cost_values:
  wind_capex: 5000.0
  wind_opex: 100
  wind_lifetime: 20
  solar_capex: 1000.0
  solar_opex: 10
  solar_lifetime: 20
  carbon_price: 1.0
timeseries_values:
  load_level: 265099.57624196995
  wind_year: 2014
  solar_year: 2015
  price_year: 2023
  carbon_year: 2023
storage_values:
  CAES:
    cost: 62.1399
    lifetime: 20.9314
    annual_cost: 2.9687407435718582
    efficiency: 0.591164
    discharge_ratio: 0.1
    depth_of_discharge: 0.4
  Li-ion:
    cost: 156.202
    lifetime: 13.8501
    annual_cost: 11.278041313781129
    efficiency: 0.925588
    discharge_ratio: 2
    depth_of_discharge: 0.9
  Pb-acid:
    cost: 71.0449
    lifetime: 10.14
    annual_cost: 7.006400394477317
    efficiency: 0.708497
    discharge_ratio: 5
    depth_of_discharge: 0.5
  VRBF:
    cost: 360.395
    lifetime: 15.8626
    annual_cost: 22.719793728644735
    efficiency: 0.681412
    discharge_ratio: 0.5
    depth_of_discharge: 1.0
