cost_values:
  wind_capex: 5000.0
  wind_opex: 100
  wind_lifetime: 20
  solar_capex: 1000.0
  solar_opex: 10
  solar_lifetime: 20
  carbon_price: 1.0
timeseries_values:
  load_level: 265099.57624196995
  wind_year: 2014
  solar_year: 2015
  price_year: 2023
  carbon_year: 2023
storage_values:
  CAES:
    cost: 58.7516
    lifetime: 20.4311
    annual_cost: 2.87559651707446
    efficiency: 0.591257
    discharge_ratio: 0.1
    depth_of_discharge: 0.4
  Li-ion:
    cost: 171.416
    lifetime: 15.2853
    annual_cost: 11.214434783746476
    efficiency: 0.908451
    discharge_ratio: 2
    depth_of_discharge: 0.9
  Pb-acid:
    cost: 96.7208
    lifetime: 8.82626
    annual_cost: 10.95829943826717
    efficiency: 0.709059
    discharge_ratio: 5
    depth_of_discharge: 0.5
  VRBF:
    cost: 388.664
    lifetime: 14.1624
    annual_cost: 27.443371180025984
    efficiency: 0.684799
    discharge_ratio: 0.5
    depth_of_discharge: 1.0
