cost_values:
  wind_capex: 5000.0
  wind_opex: 100
  wind_lifetime: 20
  solar_capex: 1000.0
  solar_opex: 10
  solar_lifetime: 20
  carbon_price: 1.0
timeseries_values:
  load_level: 265099.57624196995
  wind_year: 2014
  solar_year: 2015
  price_year: 2023
  carbon_year: 2023
storage_values:
  CAES:
    cost: 59.6467
    lifetime: 21.1676
    annual_cost: 2.8178300799334832
    efficiency: 0.586469
    discharge_ratio: 0.1
    depth_of_discharge: 0.4
  Li-ion:
    cost: 163.165
    lifetime: 15.5499
    annual_cost: 10.49299352407411
    efficiency: 0.917272
    discharge_ratio: 2
    depth_of_discharge: 0.9
  Pb-acid:
    cost: 84.8945
    lifetime: 9.04428
    annual_cost: 9.386540443241472
    efficiency: 0.705381
    discharge_ratio: 5
    depth_of_discharge: 0.5
  VRBF:
    cost: 373.024
    lifetime: 15.1213
    annual_cost: 24.66877847804091
    efficiency: 0.686063
    discharge_ratio: 0.5
    depth_of_discharge: 1.0
