cost_values:
  wind_capex: 5000.0
  wind_opex: 100
  wind_lifetime: 20
  solar_capex: 1000.0
  solar_opex: 10
  solar_lifetime: 20
  carbon_price: 1.0
timeseries_values:
  load_level: 265099.57624196995
  wind_year: 2014
  solar_year: 2015
  price_year: 2023
  carbon_year: 2023
storage_values:
  CAES:
    cost: 53.7474
    lifetime: 21.7119
    annual_cost: 2.475481187735758
    efficiency: 0.602823
    discharge_ratio: 0.1
    depth_of_discharge: 0.4
  Li-ion:
    cost: 162.001
    lifetime: 11.236
    annual_cost: 14.418031327874688
    efficiency: 0.91574
    discharge_ratio: 2
    depth_of_discharge: 0.9
  Pb-acid:
    cost: 83.9683
    lifetime: 8.00979
    annual_cost: 10.483208673385944
    efficiency: 0.717381
    discharge_ratio: 5
    depth_of_discharge: 0.5
  VRBF:
    cost: 353.372
    lifetime: 14.9738
    annual_cost: 23.599353537512187
    efficiency: 0.677301
    discharge_ratio: 0.5
    depth_of_discharge: 1.0
