cost_values:
  wind_capex: 5000.0
  wind_opex: 100
  wind_lifetime: 20
  solar_capex: 1000.0
  solar_opex: 10
  solar_lifetime: 20
  carbon_price: 1.0
timeseries_values:
  load_level: 265099.57624196995
  wind_year: 2014
  solar_year: 2015
  price_year: 2023
  carbon_year: 2023
storage_values:
  CAES:
    cost: 51.287
    lifetime: 22.831
    annual_cost: 2.2463755420261924
    efficiency: 0.609153
    discharge_ratio: 0.1
    depth_of_discharge: 0.4
  Li-ion:
    cost: 164.802
    lifetime: 12.0675
    annual_cost: 13.656681168427593
    efficiency: 0.927256
    discharge_ratio: 2
    depth_of_discharge: 0.9
  Pb-acid:
    cost: 108.195
    lifetime: 8.43955
    annual_cost: 12.819996326818371
    efficiency: 0.697113
    discharge_ratio: 5
    depth_of_discharge: 0.5
  VRBF:
    cost: 334.276
    lifetime: 13.7426
    annual_cost: 24.32407259179486
    efficiency: 0.675632
    discharge_ratio: 0.5
    depth_of_discharge: 1.0
