cost_values:
  wind_capex: 5000.0
  wind_opex: 100
  wind_lifetime: 20
  solar_capex: 1000.0
  solar_opex: 10
  solar_lifetime: 20
  carbon_price: 1.0
timeseries_values:
  load_level: 265099.57624196995
  wind_year: 2014
  solar_year: 2015
  price_year: 2023
  carbon_year: 2023
storage_values:
  CAES:
    cost: 54.1578
    lifetime: 21.9919
    annual_cost: 2.4626248755223514
    efficiency: 0.587999
    discharge_ratio: 0.1
    depth_of_discharge: 0.4
  Li-ion:
    cost: 158.219
    lifetime: 14.5629
    annual_cost: 10.864525609596988
    efficiency: 0.916541
    discharge_ratio: 2
    depth_of_discharge: 0.9
  Pb-acid:
    cost: 82.8878
    lifetime: 6.64548
    annual_cost: 12.472808585685307
    efficiency: 0.697983
    discharge_ratio: 5
    depth_of_discharge: 0.5
  VRBF:
    cost: 357.738
    lifetime: 16.0763
    annual_cost: 22.252508350802113
    efficiency: 0.694388
    discharge_ratio: 0.5
    depth_of_discharge: 1.0
