cost_values:
  wind_capex: 5000.0
  wind_opex: 100
  wind_lifetime: 20
  solar_capex: 1000.0
  solar_opex: 10
  solar_lifetime: 20
  carbon_price: 1.0
timeseries_values:
  load_level: 265099.57624196995
  wind_year: 2014
  solar_year: 2015
  price_year: 2023
  carbon_year: 2023
storage_values:
  CAES:
    cost: 57.8444
    lifetime: 21.8656
    annual_cost: 2.645452217181326
    efficiency: 0.596844
    discharge_ratio: 0.1
    depth_of_discharge: 0.4
  Li-ion:
    cost: 154.948
    lifetime: 15.7784
    annual_cost: 9.820260609440755
    efficiency: 0.910792
    discharge_ratio: 2
    depth_of_discharge: 0.9
  Pb-acid:
    cost: 88.6239
    lifetime: 8.40631
    annual_cost: 10.54254482644585
    efficiency: 0.708426
    discharge_ratio: 5
    depth_of_discharge: 0.5
  VRBF:
    cost: 386.658
    lifetime: 15.8616
    annual_cost: 24.37698592827962
    efficiency: 0.688933
    discharge_ratio: 0.5
    depth_of_discharge: 1.0
