cost_values:
  wind_capex: 5000.0
  wind_opex: 100
  wind_lifetime: 20
  solar_capex: 1000.0
  solar_opex: 10
  solar_lifetime: 20
  carbon_price: 1.0
timeseries_values:
  load_level: 265099.57624196995
  wind_year: 2014
  solar_year: 2015
  price_year: 2023
  carbon_year: 2023
storage_values:
  CAES:
    cost: 57.328
    lifetime: 22.9686
    annual_cost: 2.4959292251160283
    efficiency: 0.594162
    discharge_ratio: 0.1
    depth_of_discharge: 0.4
  Li-ion:
    cost: 158.985
    lifetime: 14.1748
    annual_cost: 11.216031266755088
    efficiency: 0.926626
    discharge_ratio: 2
    depth_of_discharge: 0.9
  Pb-acid:
    cost: 105.695
    lifetime: 8.12592
    annual_cost: 13.007142575856024
    efficiency: 0.700848
    discharge_ratio: 5
    depth_of_discharge: 0.5
  VRBF:
    cost: 356.733
    lifetime: 17.6798
    annual_cost: 20.177434133870292
    efficiency: 0.695071
    discharge_ratio: 0.5
    depth_of_discharge: 1.0
