cost_values:
  wind_capex: 5000.0
  wind_opex: 100
  wind_lifetime: 20
  solar_capex: 1000.0
  solar_opex: 10
  solar_lifetime: 20
  carbon_price: 1.0
timeseries_values:
  load_level: 265099.57624196995
  wind_year: 2014
  solar_year: 2015
  price_year: 2023
  carbon_year: 2023
storage_values:
  CAES:
    cost: 61.8973
    lifetime: 22.4048
    annual_cost: 2.7626803185031776
    efficiency: 0.596434
    discharge_ratio: 0.1
    depth_of_discharge: 0.4
  Li-ion:
    cost: 144.792
    lifetime: 16.5224
    annual_cost: 8.763375780758244
    efficiency: 0.927707
    discharge_ratio: 2
    depth_of_discharge: 0.9
  Pb-acid:
    cost: 76.2238
    lifetime: 7.88704
    annual_cost: 9.664436848297967
    efficiency: 0.704607
    discharge_ratio: 5
    depth_of_discharge: 0.5
  VRBF:
    cost: 381.348
    lifetime: 14.7877
    annual_cost: 25.78818883261089
    efficiency: 0.670565
    discharge_ratio: 0.5
    depth_of_discharge: 1.0
