cost_values:
  wind_capex: 5000.0
  wind_opex: 100
  wind_lifetime: 20
  solar_capex: 1000.0
  solar_opex: 10
  solar_lifetime: 20
  carbon_price: 1.0
timeseries_values:
  load_level: 265099.57624196995
  wind_year: 2014
  solar_year: 2015
  price_year: 2023
  carbon_year: 2023
storage_values:
  CAES:
    cost: 54.9154
    lifetime: 21.0113
    annual_cost: 2.6136126750843593
    efficiency: 0.587132
    discharge_ratio: 0.1
    depth_of_discharge: 0.4
  Li-ion:
    cost: 186.769
    lifetime: 14.6642
    annual_cost: 12.736392029568611
    efficiency: 0.924136
    discharge_ratio: 2
    depth_of_discharge: 0.9
  Pb-acid:
    cost: 97.4176
    lifetime: 8.30917
    annual_cost: 11.724107221298878
    efficiency: 0.705618
    discharge_ratio: 5
    depth_of_discharge: 0.5
  VRBF:
    cost: 359.694
    lifetime: 14.9043
    annual_cost: 24.133572190575876
    efficiency: 0.668088
    discharge_ratio: 0.5
    depth_of_discharge: 1.0
