cost_values:
  wind_capex: 5000.0
  wind_opex: 100
  wind_lifetime: 20
  solar_capex: 1000.0
  solar_opex: 10
  solar_lifetime: 20
  carbon_price: 1.0
timeseries_values:
  load_level: 265099.57624196995
  wind_year: 2014
  solar_year: 2015
  price_year: 2023
  carbon_year: 2023
storage_values:
  CAES:
    cost: 48.2186
    lifetime: 21.6078
    annual_cost: 2.2315367598737494
    efficiency: 0.596278
    discharge_ratio: 0.1
    depth_of_discharge: 0.4
  Li-ion:
    cost: 169.58
    lifetime: 16.6808
    annual_cost: 10.166179080140042
    efficiency: 0.913143
    discharge_ratio: 2
    depth_of_discharge: 0.9
  Pb-acid:
    cost: 86.473
    lifetime: 7.73143
    annual_cost: 11.184606211270102
    efficiency: 0.705081
    discharge_ratio: 5
    depth_of_discharge: 0.5
  VRBF:
    cost: 339.132
    lifetime: 11.9571
    annual_cost: 28.362395564141806
    efficiency: 0.682682
    discharge_ratio: 0.5
    depth_of_discharge: 1.0
