cost_values:
  wind_capex: 5000.0
  wind_opex: 100
  wind_lifetime: 20
  solar_capex: 1000.0
  solar_opex: 10
  solar_lifetime: 20
  carbon_price: 1.0
timeseries_values:
  load_level: 265099.57624196995
  wind_year: 2014
  solar_year: 2015
  price_year: 2023
  carbon_year: 2023
storage_values:
  CAES:
    cost: 59.2286
    lifetime: 22.0121
    annual_cost: 2.690729189854671
    efficiency: 0.594213
    discharge_ratio: 0.1
    depth_of_discharge: 0.4
  Li-ion:
    cost: 160.385
    lifetime: 15.105
    annual_cost: 10.618007282356835
    efficiency: 0.910656
    discharge_ratio: 2
    depth_of_discharge: 0.9
  Pb-acid:
    cost: 82.8497
    lifetime: 7.75746
    annual_cost: 10.68000350630232
    efficiency: 0.714287
    discharge_ratio: 5
    depth_of_discharge: 0.5
  VRBF:
    cost: 388.002
    lifetime: 14.9747
    annual_cost: 25.910502380682082
    efficiency: 0.692407
    discharge_ratio: 0.5
    depth_of_discharge: 1.0
