cost_values:
  wind_capex: 5000.0
  wind_opex: 100
  wind_lifetime: 20
  solar_capex: 1000.0
  solar_opex: 10
  solar_lifetime: 20
  carbon_price: 1.0
timeseries_values:
  load_level: 265099.57624196995
  wind_year: 2014
  solar_year: 2015
  price_year: 2023
  carbon_year: 2023
storage_values:
  CAES:
    cost: 52.7847
    lifetime: 22.2971
    annual_cost: 2.3673347655076222
    efficiency: 0.594261
    discharge_ratio: 0.1
    depth_of_discharge: 0.4
  Li-ion:
    cost: 175.173
    lifetime: 16.084
    annual_cost: 10.89113404625715
    efficiency: 0.923168
    discharge_ratio: 2
    depth_of_discharge: 0.9
  Pb-acid:
    cost: 121.323
    lifetime: 7.42416
    annual_cost: 16.34164673175147
    efficiency: 0.70405
    discharge_ratio: 5
    depth_of_discharge: 0.5
  VRBF:
    cost: 391.509
    lifetime: 14.4023
    annual_cost: 27.183783145747554
    efficiency: 0.680182
    discharge_ratio: 0.5
    depth_of_discharge: 1.0
