cost_values:
  wind_capex: 5000.0
  wind_opex: 100
  wind_lifetime: 20
  solar_capex: 1000.0
  solar_opex: 10
  solar_lifetime: 20
  carbon_price: 1.0
timeseries_values:
  load_level: 265099.57624196995
  wind_year: 2014
  solar_year: 2015
  price_year: 2023
  carbon_year: 2023
storage_values:
  CAES:
    cost: 55.3358
    lifetime: 21.5323
    annual_cost: 2.5698973170539143
    efficiency: 0.591625
    discharge_ratio: 0.1
    depth_of_discharge: 0.4
  Li-ion:
    cost: 162.836
    lifetime: 13.4097
    annual_cost: 12.143150107757817
    efficiency: 0.908239
    discharge_ratio: 2
    depth_of_discharge: 0.9
  Pb-acid:
    cost: 104.149
    lifetime: 9.55344
    annual_cost: 10.901727545261183
    efficiency: 0.718988
    discharge_ratio: 5
    depth_of_discharge: 0.5
  VRBF:
    cost: 385.698
    lifetime: 15.6183
    annual_cost: 24.69526132805747
    efficiency: 0.689126
    discharge_ratio: 0.5
    depth_of_discharge: 1.0
