cost_values:
  wind_capex: 5000.0
  wind_opex: 100
  wind_lifetime: 20
  solar_capex: 1000.0
  solar_opex: 10
  solar_lifetime: 20
  carbon_price: 1.0
timeseries_values:
  load_level: 265099.57624196995
  wind_year: 2014
  solar_year: 2015
  price_year: 2023
  carbon_year: 2023
storage_values:
  CAES:
    cost: 56.3277
    lifetime: 21.8257
    annual_cost: 2.58079695038418
    efficiency: 0.602047
    discharge_ratio: 0.1
    depth_of_discharge: 0.4
  Li-ion:
    cost: 145.217
    lifetime: 12.48
    annual_cost: 11.635977564102564
    efficiency: 0.903899
    discharge_ratio: 2
    depth_of_discharge: 0.9
  Pb-acid:
    cost: 90.1464
    lifetime: 8.32865
    annual_cost: 10.823650891801194
    efficiency: 0.722078
    discharge_ratio: 5
    depth_of_discharge: 0.5
  VRBF:
    cost: 394.438
    lifetime: 13.927
    annual_cost: 28.321820923386227
    efficiency: 0.681536
    discharge_ratio: 0.5
    depth_of_discharge: 1.0
