cost_values:
  wind_capex: 5000.0
  wind_opex: 100
  wind_lifetime: 20
  solar_capex: 1000.0
  solar_opex: 10
  solar_lifetime: 20
  carbon_price: 1.0
timeseries_values:
  load_level: 265099.57624196995
  wind_year: 2014
  solar_year: 2015
  price_year: 2023
  carbon_year: 2023
storage_values:
  CAES:
    cost: 57.1249
    lifetime: 20.7475
    annual_cost: 2.7533389565007833
    efficiency: 0.596734
    discharge_ratio: 0.1
    depth_of_discharge: 0.4
  Li-ion:
    cost: 131.222
    lifetime: 15.7011
    annual_cost: 8.357503614396444
    efficiency: 0.926047
    discharge_ratio: 2
    depth_of_discharge: 0.9
  Pb-acid:
    cost: 106.258
    lifetime: 9.71344
    annual_cost: 10.939275889901003
    efficiency: 0.690461
    discharge_ratio: 5
    depth_of_discharge: 0.5
  VRBF:
    cost: 323.285
    lifetime: 13.1246
    annual_cost: 24.6319887844201
    efficiency: 0.674982
    discharge_ratio: 0.5
    depth_of_discharge: 1.0
