cost_values:
  wind_capex: 5000.0
  wind_opex: 100
  wind_lifetime: 20
  solar_capex: 1000.0
  solar_opex: 10
  solar_lifetime: 20
  carbon_price: 1.0
timeseries_values:
  load_level: 241151.84499764987
  wind_year: 2018
  solar_year: 2011
  price_year: 2023
  carbon_year: 2023
storage_values:
  CAES:
    cost: 28.9893
    lifetime: 25.8574
    annual_cost: 1.121121999891714
    efficiency: 0.605195
    discharge_ratio: 0.1
    depth_of_discharge: 0.4
  Li-ion:
    cost: 218.581
    lifetime: 19.361
    annual_cost: 11.289757760446257
    efficiency: 0.879818
    discharge_ratio: 2
    depth_of_discharge: 0.9
  Pb-acid:
    cost: 142.247
    lifetime: 9.7587
    annual_cost: 14.5764292375009
    efficiency: 0.736138
    discharge_ratio: 5
    depth_of_discharge: 0.5
  VRBF:
    cost: 259.943
    lifetime: 18.3609
    annual_cost: 14.157421477160703
    efficiency: 0.848162
    discharge_ratio: 0.5
    depth_of_discharge: 1.0
