cost_values:
  wind_capex: 5000.0
  wind_opex: 100
  wind_lifetime: 20
  solar_capex: 1000.0
  solar_opex: 10
  solar_lifetime: 20
  carbon_price: 1.0
timeseries_values:
  load_level: 241151.84499764987
  wind_year: 2018
  solar_year: 2011
  price_year: 2023
  carbon_year: 2023
storage_values:
  CAES:
    cost: 36.018
    lifetime: 25.9246
    annual_cost: 1.3893367689376113
    efficiency: 0.604713
    discharge_ratio: 0.1
    depth_of_discharge: 0.4
  Li-ion:
    cost: 221.387
    lifetime: 20.5629
    annual_cost: 10.766331597196894
    efficiency: 0.899968
    discharge_ratio: 2
    depth_of_discharge: 0.9
  Pb-acid:
    cost: 119.154
    lifetime: 10.6009
    annual_cost: 11.239989057532851
    efficiency: 0.737415
    discharge_ratio: 5
    depth_of_discharge: 0.5
  VRBF:
    cost: 247.575
    lifetime: 18.8636
    annual_cost: 13.124483131533745
    efficiency: 0.847057
    discharge_ratio: 0.5
    depth_of_discharge: 1.0
