cost_values:
  wind_capex: 5000.0
  wind_opex: 100
  wind_lifetime: 20
  solar_capex: 1000.0
  solar_opex: 10
  solar_lifetime: 20
  carbon_price: 1.0
timeseries_values:
  load_level: 241151.84499764987
  wind_year: 2018
  solar_year: 2011
  price_year: 2023
  carbon_year: 2023
storage_values:
  CAES:
    cost: 28.7477
    lifetime: 25.1248
    annual_cost: 1.1441961727058523
    efficiency: 0.601162
    discharge_ratio: 0.1
    depth_of_discharge: 0.4
  Li-ion:
    cost: 219.677
    lifetime: 18.1303
    annual_cost: 12.116567293425923
    efficiency: 0.887559
    discharge_ratio: 2
    depth_of_discharge: 0.9
  Pb-acid:
    cost: 112.346
    lifetime: 10.3308
    annual_cost: 10.874859643009254
    efficiency: 0.719802
    discharge_ratio: 5
    depth_of_discharge: 0.5
  VRBF:
    cost: 257.672
    lifetime: 18.9023
    annual_cost: 13.631780259545137
    efficiency: 0.841421
    discharge_ratio: 0.5
    depth_of_discharge: 1.0
