cost_values:
  wind_capex: 5000.0
  wind_opex: 100
  wind_lifetime: 20
  solar_capex: 1000.0
  solar_opex: 10
  solar_lifetime: 20
  carbon_price: 1.0
timeseries_values:
  load_level: 241151.84499764987
  wind_year: 2018
  solar_year: 2011
  price_year: 2023
  carbon_year: 2023
storage_values:
  CAES:
    cost: 35.4335
    lifetime: 24.4739
    annual_cost: 1.4478076644915605
    efficiency: 0.604423
    discharge_ratio: 0.1
    depth_of_discharge: 0.4
  Li-ion:
    cost: 214.858
    lifetime: 20.3334
    annual_cost: 10.566752240156589
    efficiency: 0.873979
    discharge_ratio: 2
    depth_of_discharge: 0.9
  Pb-acid:
    cost: 128.85
    lifetime: 9.27662
    annual_cost: 13.889757260726428
    efficiency: 0.738437
    discharge_ratio: 5
    depth_of_discharge: 0.5
  VRBF:
    cost: 284.626
    lifetime: 17.8111
    annual_cost: 15.98025950109763
    efficiency: 0.826861
    discharge_ratio: 0.5
    depth_of_discharge: 1.0
