cost_values:
  wind_capex: 5000.0
  wind_opex: 100
  wind_lifetime: 20
  solar_capex: 1000.0
  solar_opex: 10
  solar_lifetime: 20
  carbon_price: 1.0
timeseries_values:
  load_level: 241151.84499764987
  wind_year: 2018
  solar_year: 2011
  price_year: 2023
  carbon_year: 2023
storage_values:
  CAES:
    cost: 26.2211
    lifetime: 24.8191
    annual_cost: 1.0564887526139144
    efficiency: 0.605944
    discharge_ratio: 0.1
    depth_of_discharge: 0.4
  Li-ion:
    cost: 252.966
    lifetime: 18.7701
    annual_cost: 13.477072578196175
    efficiency: 0.887294
    discharge_ratio: 2
    depth_of_discharge: 0.9
  Pb-acid:
    cost: 134.256
    lifetime: 10.6766
    annual_cost: 12.574789727066669
    efficiency: 0.728146
    discharge_ratio: 5
    depth_of_discharge: 0.5
  VRBF:
    cost: 274.774
    lifetime: 19.6032
    annual_cost: 14.016793176624224
    efficiency: 0.839283
    discharge_ratio: 0.5
    depth_of_discharge: 1.0
