cost_values:
  wind_capex: 5000.0
  wind_opex: 100
  wind_lifetime: 20
  solar_capex: 1000.0
  solar_opex: 10
  solar_lifetime: 20
  carbon_price: 1.0
timeseries_values:
  load_level: 241151.84499764987
  wind_year: 2018
  solar_year: 2011
  price_year: 2023
  carbon_year: 2023
storage_values:
  CAES:
    cost: 24.8669
    lifetime: 25.5617
    annual_cost: 0.9728187092407783
    efficiency: 0.603891
    discharge_ratio: 0.1
    depth_of_discharge: 0.4
  Li-ion:
    cost: 206.022
    lifetime: 19.0384
    annual_cost: 10.821392553996134
    efficiency: 0.891905
    discharge_ratio: 2
    depth_of_discharge: 0.9
  Pb-acid:
    cost: 128.569
    lifetime: 12.2279
    annual_cost: 10.514397402661126
    efficiency: 0.734187
    discharge_ratio: 5
    depth_of_discharge: 0.5
  VRBF:
    cost: 259.74
    lifetime: 17.7835
    annual_cost: 14.605673798746029
    efficiency: 0.835209
    discharge_ratio: 0.5
    depth_of_discharge: 1.0
