cost_values:
  wind_capex: 5000.0
  wind_opex: 100
  wind_lifetime: 20
  solar_capex: 1000.0
  solar_opex: 10
  solar_lifetime: 20
  carbon_price: 1.0
timeseries_values:
  load_level: 241151.84499764987
  wind_year: 2018
  solar_year: 2011
  price_year: 2023
  carbon_year: 2023
storage_values:
  CAES:
    cost: 36.5316
    lifetime: 25.3656
    annual_cost: 1.4402024789478662
    efficiency: 0.59278
    discharge_ratio: 0.1
    depth_of_discharge: 0.4
  Li-ion:
    cost: 204.547
    lifetime: 18.4579
    annual_cost: 11.08181320735295
    efficiency: 0.903096
    discharge_ratio: 2
    depth_of_discharge: 0.9
  Pb-acid:
    cost: 141.904
    lifetime: 9.93213
    annual_cost: 14.287368369121225
    efficiency: 0.73823
    discharge_ratio: 5
    depth_of_discharge: 0.5
  VRBF:
    cost: 274.825
    lifetime: 17.1735
    annual_cost: 16.002853233179025
    efficiency: 0.844459
    discharge_ratio: 0.5
    depth_of_discharge: 1.0
