cost_values:
  wind_capex: 5000.0
  wind_opex: 100
  wind_lifetime: 20
  solar_capex: 1000.0
  solar_opex: 10
  solar_lifetime: 20
  carbon_price: 1.0
timeseries_values:
  load_level: 241151.84499764987
  wind_year: 2018
  solar_year: 2011
  price_year: 2023
  carbon_year: 2023
storage_values:
  CAES:
    cost: 38.8672
    lifetime: 26.574
    annual_cost: 1.4626025438398433
    efficiency: 0.603496
    discharge_ratio: 0.1
    depth_of_discharge: 0.4
  Li-ion:
    cost: 236.654
    lifetime: 17.9055
    annual_cost: 13.216832816732289
    efficiency: 0.882287
    discharge_ratio: 2
    depth_of_discharge: 0.9
  Pb-acid:
    cost: 154.742
    lifetime: 10.9146
    annual_cost: 14.177523683872977
    efficiency: 0.726862
    discharge_ratio: 5
    depth_of_discharge: 0.5
  VRBF:
    cost: 281.9
    lifetime: 20.7716
    annual_cost: 13.571414816383909
    efficiency: 0.813651
    discharge_ratio: 0.5
    depth_of_discharge: 1.0
