cost_values:
  wind_capex: 5000.0
  wind_opex: 100
  wind_lifetime: 20
  solar_capex: 1000.0
  solar_opex: 10
  solar_lifetime: 20
  carbon_price: 1.0
timeseries_values:
  load_level: 241151.84499764987
  wind_year: 2018
  solar_year: 2011
  price_year: 2023
  carbon_year: 2023
storage_values:
  CAES:
    cost: 29.8148
    lifetime: 24.1332
    annual_cost: 1.2354267150647242
    efficiency: 0.605937
    discharge_ratio: 0.1
    depth_of_discharge: 0.4
  Li-ion:
    cost: 202.908
    lifetime: 20.9603
    annual_cost: 9.68058663282491
    efficiency: 0.888414
    discharge_ratio: 2
    depth_of_discharge: 0.9
  Pb-acid:
    cost: 134.06
    lifetime: 9.64084
    annual_cost: 13.905427327909186
    efficiency: 0.734558
    discharge_ratio: 5
    depth_of_discharge: 0.5
  VRBF:
    cost: 276.826
    lifetime: 17.3702
    annual_cost: 15.936834348481884
    efficiency: 0.827684
    discharge_ratio: 0.5
    depth_of_discharge: 1.0
