cost_values:
  wind_capex: 5000.0
  wind_opex: 100
  wind_lifetime: 20
  solar_capex: 1000.0
  solar_opex: 10
  solar_lifetime: 20
  carbon_price: 1.0
timeseries_values:
  load_level: 241151.84499764987
  wind_year: 2018
  solar_year: 2011
  price_year: 2023
  carbon_year: 2023
storage_values:
  CAES:
    cost: 32.8915
    lifetime: 26.0335
    annual_cost: 1.2634298115889142
    efficiency: 0.593783
    discharge_ratio: 0.1
    depth_of_discharge: 0.4
  Li-ion:
    cost: 232.145
    lifetime: 18.9266
    annual_cost: 12.265541618674247
    efficiency: 0.907256
    discharge_ratio: 2
    depth_of_discharge: 0.9
  Pb-acid:
    cost: 106.094
    lifetime: 10.7733
    annual_cost: 9.847864628294023
    efficiency: 0.744039
    discharge_ratio: 5
    depth_of_discharge: 0.5
  VRBF:
    cost: 263.692
    lifetime: 18.7788
    annual_cost: 14.042004813939123
    efficiency: 0.838198
    discharge_ratio: 0.5
    depth_of_discharge: 1.0
