cost_values:
  wind_capex: 5000.0
  wind_opex: 100
  wind_lifetime: 20
  solar_capex: 1000.0
  solar_opex: 10
  solar_lifetime: 20
  carbon_price: 1.0
timeseries_values:
  load_level: 241151.84499764987
  wind_year: 2018
  solar_year: 2011
  price_year: 2023
  carbon_year: 2023
storage_values:
  CAES:
    cost: 31.7958
    lifetime: 24.9531
    annual_cost: 1.2742224412998786
    efficiency: 0.60053
    discharge_ratio: 0.1
    depth_of_discharge: 0.4
  Li-ion:
    cost: 230.765
    lifetime: 20.2191
    annual_cost: 11.41321819467731
    efficiency: 0.886831
    discharge_ratio: 2
    depth_of_discharge: 0.9
  Pb-acid:
    cost: 114.532
    lifetime: 10.2992
    annual_cost: 11.120475376728288
    efficiency: 0.727452
    discharge_ratio: 5
    depth_of_discharge: 0.5
  VRBF:
    cost: 237.532
    lifetime: 21.4436
    annual_cost: 11.077057956686378
    efficiency: 0.835473
    discharge_ratio: 0.5
    depth_of_discharge: 1.0
