cost_values:
  wind_capex: 5000.0
  wind_opex: 100
  wind_lifetime: 20
  solar_capex: 1000.0
  solar_opex: 10
  solar_lifetime: 20
  carbon_price: 1.0
timeseries_values:
  load_level: 241151.84499764987
  wind_year: 2018
  solar_year: 2011
  price_year: 2023
  carbon_year: 2023
storage_values:
  CAES:
    cost: 32.4483
    lifetime: 25.3112
    annual_cost: 1.2819739877998675
    efficiency: 0.602945
    discharge_ratio: 0.1
    depth_of_discharge: 0.4
  Li-ion:
    cost: 221.138
    lifetime: 20.4817
    annual_cost: 10.796857682711885
    efficiency: 0.898239
    discharge_ratio: 2
    depth_of_discharge: 0.9
  Pb-acid:
    cost: 105.642
    lifetime: 9.95692
    annual_cost: 10.60990748143
    efficiency: 0.730223
    discharge_ratio: 5
    depth_of_discharge: 0.5
  VRBF:
    cost: 270.276
    lifetime: 16.8016
    annual_cost: 16.086325111894105
    efficiency: 0.826166
    discharge_ratio: 0.5
    depth_of_discharge: 1.0
