cost_values:
  wind_capex: 5000.0
  wind_opex: 100
  wind_lifetime: 20
  solar_capex: 1000.0
  solar_opex: 10
  solar_lifetime: 20
  carbon_price: 1.0
timeseries_values:
  load_level: 241151.84499764987
  wind_year: 2018
  solar_year: 2011
  price_year: 2023
  carbon_year: 2023
storage_values:
  CAES:
    cost: 33.1761
    lifetime: 25.5124
    annual_cost: 1.3003911823270253
    efficiency: 0.603552
    discharge_ratio: 0.1
    depth_of_discharge: 0.4
  Li-ion:
    cost: 213.758
    lifetime: 19.1078
    annual_cost: 11.186949832005778
    efficiency: 0.874887
    discharge_ratio: 2
    depth_of_discharge: 0.9
  Pb-acid:
    cost: 111.371
    lifetime: 10.2164
    annual_cost: 10.901198073685446
    efficiency: 0.731046
    discharge_ratio: 5
    depth_of_discharge: 0.5
  VRBF:
    cost: 278.003
    lifetime: 18.7508
    annual_cost: 14.826194082385816
    efficiency: 0.837304
    discharge_ratio: 0.5
    depth_of_discharge: 1.0
