cost_values:
  wind_capex: 5000.0
  wind_opex: 100
  wind_lifetime: 20
  solar_capex: 1000.0
  solar_opex: 10
  solar_lifetime: 20
  carbon_price: 1.0
timeseries_values:
  load_level: 241151.84499764987
  wind_year: 2018
  solar_year: 2011
  price_year: 2023
  carbon_year: 2023
storage_values:
  CAES:
    cost: 31.2845
    lifetime: 26.0375
    annual_cost: 1.2015170427268362
    efficiency: 0.60766
    discharge_ratio: 0.1
    depth_of_discharge: 0.4
  Li-ion:
    cost: 210.421
    lifetime: 18.9788
    annual_cost: 11.087160410563365
    efficiency: 0.892822
    discharge_ratio: 2
    depth_of_discharge: 0.9
  Pb-acid:
    cost: 102.641
    lifetime: 9.22059
    annual_cost: 11.131717167773429
    efficiency: 0.722955
    discharge_ratio: 5
    depth_of_discharge: 0.5
  VRBF:
    cost: 262.423
    lifetime: 20.0304
    annual_cost: 13.101236121095933
    efficiency: 0.816251
    discharge_ratio: 0.5
    depth_of_discharge: 1.0
