cost_values:
  wind_capex: 5000.0
  wind_opex: 100
  wind_lifetime: 20
  solar_capex: 1000.0
  solar_opex: 10
  solar_lifetime: 20
  carbon_price: 1.0
timeseries_values:
  load_level: 241151.84499764987
  wind_year: 2018
  solar_year: 2011
  price_year: 2023
  carbon_year: 2023
storage_values:
  CAES:
    cost: 25.2366
    lifetime: 25.3157
    annual_cost: 0.9968754567323834
    efficiency: 0.601287
    discharge_ratio: 0.1
    depth_of_discharge: 0.4
  Li-ion:
    cost: 237.321
    lifetime: 19.3743
    annual_cost: 12.249268360663352
    efficiency: 0.901598
    discharge_ratio: 2
    depth_of_discharge: 0.9
  Pb-acid:
    cost: 119.022
    lifetime: 10.1359
    annual_cost: 11.7426178237749
    efficiency: 0.727922
    discharge_ratio: 5
    depth_of_discharge: 0.5
  VRBF:
    cost: 248.028
    lifetime: 18.5774
    annual_cost: 13.351060966550754
    efficiency: 0.837826
    discharge_ratio: 0.5
    depth_of_discharge: 1.0
