cost_values:
  wind_capex: 5000.0
  wind_opex: 100
  wind_lifetime: 20
  solar_capex: 1000.0
  solar_opex: 10
  solar_lifetime: 20
  carbon_price: 1.0
timeseries_values:
  load_level: 241151.84499764987
  wind_year: 2018
  solar_year: 2011
  price_year: 2023
  carbon_year: 2023
storage_values:
  CAES:
    cost: 28.9955
    lifetime: 24.5355
    annual_cost: 1.1817774245481039
    efficiency: 0.601749
    discharge_ratio: 0.1
    depth_of_discharge: 0.4
  Li-ion:
    cost: 247.612
    lifetime: 20.7573
    annual_cost: 11.92891175634596
    efficiency: 0.888061
    discharge_ratio: 2
    depth_of_discharge: 0.9
  Pb-acid:
    cost: 113.944
    lifetime: 9.89162
    annual_cost: 11.519245583635442
    efficiency: 0.729867
    discharge_ratio: 5
    depth_of_discharge: 0.5
  VRBF:
    cost: 273.712
    lifetime: 17.4189
    annual_cost: 15.713506593412902
    efficiency: 0.828902
    discharge_ratio: 0.5
    depth_of_discharge: 1.0
