cost_values:
  wind_capex: 5000.0
  wind_opex: 100
  wind_lifetime: 20
  solar_capex: 1000.0
  solar_opex: 10
  solar_lifetime: 20
  carbon_price: 1.0
timeseries_values:
  load_level: 241151.84499764987
  wind_year: 2018
  solar_year: 2011
  price_year: 2023
  carbon_year: 2023
storage_values:
  CAES:
    cost: 32.4464
    lifetime: 26.4688
    annual_cost: 1.2258357009006828
    efficiency: 0.595185
    discharge_ratio: 0.1
    depth_of_discharge: 0.4
  Li-ion:
    cost: 223.639
    lifetime: 23.0465
    annual_cost: 9.703816197687285
    efficiency: 0.895453
    discharge_ratio: 2
    depth_of_discharge: 0.9
  Pb-acid:
    cost: 124.829
    lifetime: 10.7435
    annual_cost: 11.619025457253223
    efficiency: 0.720612
    discharge_ratio: 5
    depth_of_discharge: 0.5
  VRBF:
    cost: 267.162
    lifetime: 18.8078
    annual_cost: 14.204851178766255
    efficiency: 0.826114
    discharge_ratio: 0.5
    depth_of_discharge: 1.0
