cost_values:
  wind_capex: 5000.0
  wind_opex: 100
  wind_lifetime: 20
  solar_capex: 1000.0
  solar_opex: 10
  solar_lifetime: 20
  carbon_price: 1.0
timeseries_values:
  load_level: 241151.84499764987
  wind_year: 2018
  solar_year: 2011
  price_year: 2023
  carbon_year: 2023
storage_values:
  CAES:
    cost: 35.4946
    lifetime: 25.2026
    annual_cost: 1.4083705649417122
    efficiency: 0.602735
    discharge_ratio: 0.1
    depth_of_discharge: 0.4
  Li-ion:
    cost: 218.648
    lifetime: 20.4544
    annual_cost: 10.6895337922403
    efficiency: 0.895467
    discharge_ratio: 2
    depth_of_discharge: 0.9
  Pb-acid:
    cost: 118.958
    lifetime: 12.189
    annual_cost: 9.75945524653376
    efficiency: 0.7178
    discharge_ratio: 5
    depth_of_discharge: 0.5
  VRBF:
    cost: 263.591
    lifetime: 16.4012
    annual_cost: 16.0714459917567
    efficiency: 0.83485
    discharge_ratio: 0.5
    depth_of_discharge: 1.0
