cost_values:
  wind_capex: 5000.0
  wind_opex: 100
  wind_lifetime: 20
  solar_capex: 1000.0
  solar_opex: 10
  solar_lifetime: 20
  carbon_price: 1.0
timeseries_values:
  load_level: 241151.84499764987
  wind_year: 2018
  solar_year: 2011
  price_year: 2023
  carbon_year: 2023
storage_values:
  CAES:
    cost: 26.5478
    lifetime: 25.6892
    annual_cost: 1.0334226056085825
    efficiency: 0.605474
    discharge_ratio: 0.1
    depth_of_discharge: 0.4
  Li-ion:
    cost: 207.63
    lifetime: 20.1102
    annual_cost: 10.3246113912343
    efficiency: 0.902766
    discharge_ratio: 2
    depth_of_discharge: 0.9
  Pb-acid:
    cost: 122.477
    lifetime: 10.9238
    annual_cost: 11.211940899686923
    efficiency: 0.735413
    discharge_ratio: 5
    depth_of_discharge: 0.5
  VRBF:
    cost: 286.922
    lifetime: 16.8566
    annual_cost: 17.021344755170084
    efficiency: 0.823272
    discharge_ratio: 0.5
    depth_of_discharge: 1.0
