cost_values:
  wind_capex: 5000.0
  wind_opex: 100
  wind_lifetime: 20
  solar_capex: 1000.0
  solar_opex: 10
  solar_lifetime: 20
  carbon_price: 1.0
timeseries_values:
  load_level: 241151.84499764987
  wind_year: 2018
  solar_year: 2011
  price_year: 2023
  carbon_year: 2023
storage_values:
  CAES:
    cost: 30.2825
    lifetime: 25.3669
    annual_cost: 1.1937800834946326
    efficiency: 0.599854
    discharge_ratio: 0.1
    depth_of_discharge: 0.4
  Li-ion:
    cost: 222.859
    lifetime: 19.15
    annual_cost: 11.637545691906007
    efficiency: 0.871365
    discharge_ratio: 2
    depth_of_discharge: 0.9
  Pb-acid:
    cost: 116.837
    lifetime: 12.0604
    annual_cost: 9.687655467480349
    efficiency: 0.734562
    discharge_ratio: 5
    depth_of_discharge: 0.5
  VRBF:
    cost: 278.631
    lifetime: 18.3882
    annual_cost: 15.152706627076057
    efficiency: 0.836558
    discharge_ratio: 0.5
    depth_of_discharge: 1.0
