cost_values:
  wind_capex: 5000.0
  wind_opex: 100
  wind_lifetime: 20
  solar_capex: 1000.0
  solar_opex: 10
  solar_lifetime: 20
  carbon_price: 1.0
timeseries_values:
  load_level: 241151.84499764987
  wind_year: 2018
  solar_year: 2011
  price_year: 2023
  carbon_year: 2023
storage_values:
  CAES:
    cost: 31.9545
    lifetime: 24.856
    annual_cost: 1.2855849694238815
    efficiency: 0.603995
    discharge_ratio: 0.1
    depth_of_discharge: 0.4
  Li-ion:
    cost: 219.099
    lifetime: 18.6359
    annual_cost: 11.75682419416288
    efficiency: 0.896079
    discharge_ratio: 2
    depth_of_discharge: 0.9
  Pb-acid:
    cost: 122.827
    lifetime: 8.91055
    annual_cost: 13.784446526869832
    efficiency: 0.725529
    discharge_ratio: 5
    depth_of_discharge: 0.5
  VRBF:
    cost: 280.202
    lifetime: 18.8904
    annual_cost: 14.833036886460848
    efficiency: 0.841101
    discharge_ratio: 0.5
    depth_of_discharge: 1.0
