cost_values:
  wind_capex: 5000.0
  wind_opex: 100
  wind_lifetime: 20
  solar_capex: 1000.0
  solar_opex: 10
  solar_lifetime: 20
  carbon_price: 1.0
timeseries_values:
  load_level: 241151.84499764987
  wind_year: 2018
  solar_year: 2011
  price_year: 2023
  carbon_year: 2023
storage_values:
  CAES:
    cost: 33.6929
    lifetime: 26.3996
    annual_cost: 1.2762655494780224
    efficiency: 0.61064
    discharge_ratio: 0.1
    depth_of_discharge: 0.4
  Li-ion:
    cost: 203.467
    lifetime: 19.5249
    annual_cost: 10.420898442501628
    efficiency: 0.887473
    discharge_ratio: 2
    depth_of_discharge: 0.9
  Pb-acid:
    cost: 124.884
    lifetime: 9.19381
    annual_cost: 13.583487150593715
    efficiency: 0.726379
    discharge_ratio: 5
    depth_of_discharge: 0.5
  VRBF:
    cost: 254.905
    lifetime: 18.0042
    annual_cost: 14.158085335643905
    efficiency: 0.824063
    discharge_ratio: 0.5
    depth_of_discharge: 1.0
