cost_values:
  wind_capex: 5000.0
  wind_opex: 100
  wind_lifetime: 20
  solar_capex: 1000.0
  solar_opex: 10
  solar_lifetime: 20
  carbon_price: 1.0
timeseries_values:
  load_level: 241151.84499764987
  wind_year: 2018
  solar_year: 2011
  price_year: 2023
  carbon_year: 2023
storage_values:
  CAES:
    cost: 32.2403
    lifetime: 25.5101
    annual_cost: 1.2638249164056587
    efficiency: 0.600978
    discharge_ratio: 0.1
    depth_of_discharge: 0.4
  Li-ion:
    cost: 220.548
    lifetime: 19.2541
    annual_cost: 11.454599280153317
    efficiency: 0.889798
    discharge_ratio: 2
    depth_of_discharge: 0.9
  Pb-acid:
    cost: 130.282
    lifetime: 10.6134
    annual_cost: 12.275236964591931
    efficiency: 0.729915
    discharge_ratio: 5
    depth_of_discharge: 0.5
  VRBF:
    cost: 262.952
    lifetime: 17.545
    annual_cost: 14.987289826161298
    efficiency: 0.845703
    discharge_ratio: 0.5
    depth_of_discharge: 1.0
