cost_values:
  wind_capex: 5000.0
  wind_opex: 100
  wind_lifetime: 20
  solar_capex: 1000.0
  solar_opex: 10
  solar_lifetime: 20
  carbon_price: 1.0
timeseries_values:
  load_level: 241151.84499764987
  wind_year: 2018
  solar_year: 2011
  price_year: 2023
  carbon_year: 2023
storage_values:
  CAES:
    cost: 29.889
    lifetime: 25.1421
    annual_cost: 1.1888028446311167
    efficiency: 0.592803
    discharge_ratio: 0.1
    depth_of_discharge: 0.4
  Li-ion:
    cost: 234.67
    lifetime: 18.8108
    annual_cost: 12.475280158206987
    efficiency: 0.8938
    discharge_ratio: 2
    depth_of_discharge: 0.9
  Pb-acid:
    cost: 101.982
    lifetime: 9.68743
    annual_cost: 10.527250261421242
    efficiency: 0.738681
    discharge_ratio: 5
    depth_of_discharge: 0.5
  VRBF:
    cost: 268.25
    lifetime: 20.8895
    annual_cost: 12.84137964048924
    efficiency: 0.846344
    discharge_ratio: 0.5
    depth_of_discharge: 1.0
