cost_values:
  wind_capex: 5000.0
  wind_opex: 100
  wind_lifetime: 20
  solar_capex: 1000.0
  solar_opex: 10
  solar_lifetime: 20
  carbon_price: 1.0
timeseries_values:
  load_level: 241151.84499764987
  wind_year: 2018
  solar_year: 2011
  price_year: 2023
  carbon_year: 2023
storage_values:
  CAES:
    cost: 29.714
    lifetime: 25.044
    annual_cost: 1.1864718096150775
    efficiency: 0.609739
    discharge_ratio: 0.1
    depth_of_discharge: 0.4
  Li-ion:
    cost: 226.214
    lifetime: 20.9945
    annual_cost: 10.774917240229584
    efficiency: 0.901348
    discharge_ratio: 2
    depth_of_discharge: 0.9
  Pb-acid:
    cost: 113.738
    lifetime: 9.47099
    annual_cost: 12.009093030401257
    efficiency: 0.735643
    discharge_ratio: 5
    depth_of_discharge: 0.5
  VRBF:
    cost: 246.209
    lifetime: 18.776
    annual_cost: 13.112963357477632
    efficiency: 0.836771
    discharge_ratio: 0.5
    depth_of_discharge: 1.0
