cost_values:
  wind_capex: 5000.0
  wind_opex: 100
  wind_lifetime: 20
  solar_capex: 1000.0
  solar_opex: 10
  solar_lifetime: 20
  carbon_price: 1.0
timeseries_values:
  load_level: 241151.84499764987
  wind_year: 2018
  solar_year: 2011
  price_year: 2023
  carbon_year: 2023
storage_values:
  CAES:
    cost: 27.3758
    lifetime: 26.4161
    annual_cost: 1.036330116860551
    efficiency: 0.594718
    discharge_ratio: 0.1
    depth_of_discharge: 0.4
  Li-ion:
    cost: 214.688
    lifetime: 19.5774
    annual_cost: 10.966113988578666
    efficiency: 0.892356
    discharge_ratio: 2
    depth_of_discharge: 0.9
  Pb-acid:
    cost: 114.238
    lifetime: 9.65224
    annual_cost: 11.835387433383337
    efficiency: 0.709418
    discharge_ratio: 5
    depth_of_discharge: 0.5
  VRBF:
    cost: 252.827
    lifetime: 19.0257
    annual_cost: 13.288709482436914
    efficiency: 0.839769
    discharge_ratio: 0.5
    depth_of_discharge: 1.0
