cost_values:
  wind_capex: 5000.0
  wind_opex: 100
  wind_lifetime: 20
  solar_capex: 1000.0
  solar_opex: 10
  solar_lifetime: 20
  carbon_price: 1.0
timeseries_values:
  load_level: 241151.84499764987
  wind_year: 2018
  solar_year: 2011
  price_year: 2023
  carbon_year: 2023
storage_values:
  CAES:
    cost: 30.1575
    lifetime: 25.4232
    annual_cost: 1.1862196733692059
    efficiency: 0.601637
    discharge_ratio: 0.1
    depth_of_discharge: 0.4
  Li-ion:
    cost: 216.116
    lifetime: 18.3053
    annual_cost: 11.806198204891482
    efficiency: 0.890507
    discharge_ratio: 2
    depth_of_discharge: 0.9
  Pb-acid:
    cost: 123.065
    lifetime: 8.45362
    annual_cost: 14.55766878567998
    efficiency: 0.736277
    discharge_ratio: 5
    depth_of_discharge: 0.5
  VRBF:
    cost: 272.148
    lifetime: 19.2066
    annual_cost: 14.169504232919934
    efficiency: 0.832764
    discharge_ratio: 0.5
    depth_of_discharge: 1.0
