cost_values:
  wind_capex: 5000.0
  wind_opex: 100
  wind_lifetime: 20
  solar_capex: 1000.0
  solar_opex: 10
  solar_lifetime: 20
  carbon_price: 1.0
timeseries_values:
  load_level: 241151.84499764987
  wind_year: 2018
  solar_year: 2011
  price_year: 2023
  carbon_year: 2023
storage_values:
  CAES:
    cost: 28.063
    lifetime: 25.7611
    annual_cost: 1.08935565639666
    efficiency: 0.609593
    discharge_ratio: 0.1
    depth_of_discharge: 0.4
  Li-ion:
    cost: 228.751
    lifetime: 21.4894
    annual_cost: 10.64482954386814
    efficiency: 0.891494
    discharge_ratio: 2
    depth_of_discharge: 0.9
  Pb-acid:
    cost: 141.723
    lifetime: 8.49623
    annual_cost: 16.68069249537736
    efficiency: 0.733452
    discharge_ratio: 5
    depth_of_discharge: 0.5
  VRBF:
    cost: 296.004
    lifetime: 20.3602
    annual_cost: 14.538364063221385
    efficiency: 0.818956
    discharge_ratio: 0.5
    depth_of_discharge: 1.0
