cost_values:
  wind_capex: 5000.0
  wind_opex: 100
  wind_lifetime: 20
  solar_capex: 1000.0
  solar_opex: 10
  solar_lifetime: 20
  carbon_price: 1.0
timeseries_values:
  load_level: 241151.84499764987
  wind_year: 2018
  solar_year: 2011
  price_year: 2023
  carbon_year: 2023
storage_values:
  CAES:
    cost: 29.7465
    lifetime: 24.8862
    annual_cost: 1.1953010101984234
    efficiency: 0.600503
    discharge_ratio: 0.1
    depth_of_discharge: 0.4
  Li-ion:
    cost: 236.911
    lifetime: 20.158
    annual_cost: 11.752703641234248
    efficiency: 0.882409
    discharge_ratio: 2
    depth_of_discharge: 0.9
  Pb-acid:
    cost: 124.146
    lifetime: 10.8962
    annual_cost: 11.393513334924101
    efficiency: 0.732969
    discharge_ratio: 5
    depth_of_discharge: 0.5
  VRBF:
    cost: 284.402
    lifetime: 19.1607
    annual_cost: 14.842985903437766
    efficiency: 0.837936
    discharge_ratio: 0.5
    depth_of_discharge: 1.0
