cost_values:
  wind_capex: 5000.0
  wind_opex: 100
  wind_lifetime: 20
  solar_capex: 1000.0
  solar_opex: 10
  solar_lifetime: 20
  carbon_price: 1.0
timeseries_values:
  load_level: 241151.84499764987
  wind_year: 2018
  solar_year: 2011
  price_year: 2023
  carbon_year: 2023
storage_values:
  CAES:
    cost: 32.714
    lifetime: 25.2041
    annual_cost: 1.297963426585357
    efficiency: 0.603138
    discharge_ratio: 0.1
    depth_of_discharge: 0.4
  Li-ion:
    cost: 220.326
    lifetime: 19.2064
    annual_cost: 11.471488670443186
    efficiency: 0.884179
    discharge_ratio: 2
    depth_of_discharge: 0.9
  Pb-acid:
    cost: 90.8879
    lifetime: 12.4188
    annual_cost: 7.318573453151674
    efficiency: 0.730628
    discharge_ratio: 5
    depth_of_discharge: 0.5
  VRBF:
    cost: 297.775
    lifetime: 18.4308
    annual_cost: 16.15637953859843
    efficiency: 0.836752
    discharge_ratio: 0.5
    depth_of_discharge: 1.0
