cost_values:
  wind_capex: 5000.0
  wind_opex: 100
  wind_lifetime: 20
  solar_capex: 1000.0
  solar_opex: 10
  solar_lifetime: 20
  carbon_price: 1.0
timeseries_values:
  load_level: 241151.84499764987
  wind_year: 2018
  solar_year: 2011
  price_year: 2023
  carbon_year: 2023
storage_values:
  CAES:
    cost: 34.1381
    lifetime: 26.0958
    annual_cost: 1.3081836923949448
    efficiency: 0.610991
    discharge_ratio: 0.1
    depth_of_discharge: 0.4
  Li-ion:
    cost: 222.757
    lifetime: 17.3936
    annual_cost: 12.806836997516328
    efficiency: 0.89618
    discharge_ratio: 2
    depth_of_discharge: 0.9
  Pb-acid:
    cost: 125.865
    lifetime: 10.28
    annual_cost: 12.243677042801556
    efficiency: 0.71677
    discharge_ratio: 5
    depth_of_discharge: 0.5
  VRBF:
    cost: 254.178
    lifetime: 16.243
    annual_cost: 15.648463953703136
    efficiency: 0.82018
    discharge_ratio: 0.5
    depth_of_discharge: 1.0
