cost_values:
  wind_capex: 5000.0
  wind_opex: 100
  wind_lifetime: 20
  solar_capex: 1000.0
  solar_opex: 10
  solar_lifetime: 20
  carbon_price: 1.0
timeseries_values:
  load_level: 241151.84499764987
  wind_year: 2018
  solar_year: 2011
  price_year: 2023
  carbon_year: 2023
storage_values:
  CAES:
    cost: 30.954
    lifetime: 25.7642
    annual_cost: 1.2014345487148834
    efficiency: 0.60314
    discharge_ratio: 0.1
    depth_of_discharge: 0.4
  Li-ion:
    cost: 234.395
    lifetime: 21.8884
    annual_cost: 10.70864019297893
    efficiency: 0.888993
    discharge_ratio: 2
    depth_of_discharge: 0.9
  Pb-acid:
    cost: 110.751
    lifetime: 9.14195
    annual_cost: 12.11459261973649
    efficiency: 0.727927
    discharge_ratio: 5
    depth_of_discharge: 0.5
  VRBF:
    cost: 258.071
    lifetime: 18.3531
    annual_cost: 14.061439211904256
    efficiency: 0.841356
    discharge_ratio: 0.5
    depth_of_discharge: 1.0
