cost_values:
  wind_capex: 5000.0
  wind_opex: 100
  wind_lifetime: 20
  solar_capex: 1000.0
  solar_opex: 10
  solar_lifetime: 20
  carbon_price: 1.0
timeseries_values:
  load_level: 241151.84499764987
  wind_year: 2018
  solar_year: 2011
  price_year: 2023
  carbon_year: 2023
storage_values:
  CAES:
    cost: 35.414
    lifetime: 25.7242
    annual_cost: 1.3766803243638286
    efficiency: 0.597683
    discharge_ratio: 0.1
    depth_of_discharge: 0.4
  Li-ion:
    cost: 228.821
    lifetime: 19.4379
    annual_cost: 11.771899227797242
    efficiency: 0.898273
    discharge_ratio: 2
    depth_of_discharge: 0.9
  Pb-acid:
    cost: 118.41
    lifetime: 10.9352
    annual_cost: 10.828334186846147
    efficiency: 0.745966
    discharge_ratio: 5
    depth_of_discharge: 0.5
  VRBF:
    cost: 295.038
    lifetime: 21.0842
    annual_cost: 13.993322013640547
    efficiency: 0.843487
    discharge_ratio: 0.5
    depth_of_discharge: 1.0
