cost_values:
  wind_capex: 5000.0
  wind_opex: 100
  wind_lifetime: 20
  solar_capex: 1000.0
  solar_opex: 10
  solar_lifetime: 20
  carbon_price: 1.0
timeseries_values:
  load_level: 241151.84499764987
  wind_year: 2018
  solar_year: 2011
  price_year: 2023
  carbon_year: 2023
storage_values:
  CAES:
    cost: 24.1292
    lifetime: 26.7689
    annual_cost: 0.9013892987758183
    efficiency: 0.604822
    discharge_ratio: 0.1
    depth_of_discharge: 0.4
  Li-ion:
    cost: 217.062
    lifetime: 20.7976
    annual_cost: 10.436877331999847
    efficiency: 0.898889
    discharge_ratio: 2
    depth_of_discharge: 0.9
  Pb-acid:
    cost: 132.919
    lifetime: 9.67517
    annual_cost: 13.738156538851515
    efficiency: 0.74076
    discharge_ratio: 5
    depth_of_discharge: 0.5
  VRBF:
    cost: 264.788
    lifetime: 16.8836
    annual_cost: 15.683148143760809
    efficiency: 0.814371
    discharge_ratio: 0.5
    depth_of_discharge: 1.0
