cost_values:
  wind_capex: 5000.0
  wind_opex: 100
  wind_lifetime: 20
  solar_capex: 1000.0
  solar_opex: 10
  solar_lifetime: 20
  carbon_price: 1.0
timeseries_values:
  load_level: 241151.84499764987
  wind_year: 2018
  solar_year: 2011
  price_year: 2023
  carbon_year: 2023
storage_values:
  CAES:
    cost: 29.8584
    lifetime: 25.6273
    annual_cost: 1.1651012787144959
    efficiency: 0.596958
    discharge_ratio: 0.1
    depth_of_discharge: 0.4
  Li-ion:
    cost: 221.49
    lifetime: 23.2486
    annual_cost: 9.527025283242862
    efficiency: 0.895415
    discharge_ratio: 2
    depth_of_discharge: 0.9
  Pb-acid:
    cost: 108.546
    lifetime: 10.9241
    annual_cost: 9.936379198286359
    efficiency: 0.719789
    discharge_ratio: 5
    depth_of_discharge: 0.5
  VRBF:
    cost: 296.607
    lifetime: 18.7903
    annual_cost: 15.785112531465705
    efficiency: 0.828711
    discharge_ratio: 0.5
    depth_of_discharge: 1.0
