cost_values:
  wind_capex: 5000.0
  wind_opex: 100
  wind_lifetime: 20
  solar_capex: 1000.0
  solar_opex: 10
  solar_lifetime: 20
  carbon_price: 1.0
timeseries_values:
  load_level: 241151.84499764987
  wind_year: 2018
  solar_year: 2011
  price_year: 2023
  carbon_year: 2023
storage_values:
  CAES:
    cost: 24.3835
    lifetime: 24.4247
    annual_cost: 0.9983131829664234
    efficiency: 0.614981
    discharge_ratio: 0.1
    depth_of_discharge: 0.4
  Li-ion:
    cost: 219.964
    lifetime: 16.4512
    annual_cost: 13.370696362575375
    efficiency: 0.876479
    discharge_ratio: 2
    depth_of_discharge: 0.9
  Pb-acid:
    cost: 117.533
    lifetime: 10.363
    annual_cost: 11.341599922802278
    efficiency: 0.734071
    discharge_ratio: 5
    depth_of_discharge: 0.5
  VRBF:
    cost: 262.798
    lifetime: 17.9194
    annual_cost: 14.665557998593703
    efficiency: 0.843328
    discharge_ratio: 0.5
    depth_of_discharge: 1.0
