cost_values:
  wind_capex: 5000.0
  wind_opex: 100
  wind_lifetime: 20
  solar_capex: 1000.0
  solar_opex: 10
  solar_lifetime: 20
  carbon_price: 1.0
timeseries_values:
  load_level: 241151.84499764987
  wind_year: 2018
  solar_year: 2011
  price_year: 2023
  carbon_year: 2023
storage_values:
  CAES:
    cost: 26.1345
    lifetime: 26.1243
    annual_cost: 1.0003904410835887
    efficiency: 0.590049
    discharge_ratio: 0.1
    depth_of_discharge: 0.4
  Li-ion:
    cost: 205.218
    lifetime: 20.2975
    annual_cost: 10.110506219977829
    efficiency: 0.885744
    discharge_ratio: 2
    depth_of_discharge: 0.9
  Pb-acid:
    cost: 120.78
    lifetime: 11.8701
    annual_cost: 10.175145954962469
    efficiency: 0.74484
    discharge_ratio: 5
    depth_of_discharge: 0.5
  VRBF:
    cost: 282.955
    lifetime: 18.7908
    annual_cost: 15.058166762458223
    efficiency: 0.829887
    discharge_ratio: 0.5
    depth_of_discharge: 1.0
