cost_values:
  wind_capex: 5000.0
  wind_opex: 100
  wind_lifetime: 20
  solar_capex: 1000.0
  solar_opex: 10
  solar_lifetime: 20
  carbon_price: 1.0
timeseries_values:
  load_level: 241151.84499764987
  wind_year: 2018
  solar_year: 2011
  price_year: 2023
  carbon_year: 2023
storage_values:
  CAES:
    cost: 29.8203
    lifetime: 25.804
    annual_cost: 1.1556464114090839
    efficiency: 0.602256
    discharge_ratio: 0.1
    depth_of_discharge: 0.4
  Li-ion:
    cost: 230.65
    lifetime: 19.8599
    annual_cost: 11.61385505465788
    efficiency: 0.874741
    discharge_ratio: 2
    depth_of_discharge: 0.9
  Pb-acid:
    cost: 126.511
    lifetime: 9.63901
    annual_cost: 13.124895606499006
    efficiency: 0.731157
    discharge_ratio: 5
    depth_of_discharge: 0.5
  VRBF:
    cost: 251.374
    lifetime: 18.2386
    annual_cost: 13.782527167655411
    efficiency: 0.828812
    discharge_ratio: 0.5
    depth_of_discharge: 1.0
