cost_values:
  wind_capex: 5000.0
  wind_opex: 100
  wind_lifetime: 20
  solar_capex: 1000.0
  solar_opex: 10
  solar_lifetime: 20
  carbon_price: 1.0
timeseries_values:
  load_level: 241151.84499764987
  wind_year: 2018
  solar_year: 2011
  price_year: 2023
  carbon_year: 2023
storage_values:
  CAES:
    cost: 29.1069
    lifetime: 25.3584
    annual_cost: 1.147820840431573
    efficiency: 0.595688
    discharge_ratio: 0.1
    depth_of_discharge: 0.4
  Li-ion:
    cost: 226.073
    lifetime: 18.9082
    annual_cost: 11.956346981732793
    efficiency: 0.897018
    discharge_ratio: 2
    depth_of_discharge: 0.9
  Pb-acid:
    cost: 113.408
    lifetime: 11.621
    annual_cost: 9.758884777557869
    efficiency: 0.745396
    discharge_ratio: 5
    depth_of_discharge: 0.5
  VRBF:
    cost: 267.091
    lifetime: 17.7947
    annual_cost: 15.009581504605306
    efficiency: 0.824892
    discharge_ratio: 0.5
    depth_of_discharge: 1.0
