cost_values:
  wind_capex: 5000.0
  wind_opex: 100
  wind_lifetime: 20
  solar_capex: 1000.0
  solar_opex: 10
  solar_lifetime: 20
  carbon_price: 1.0
timeseries_values:
  load_level: 241151.84499764987
  wind_year: 2018
  solar_year: 2011
  price_year: 2023
  carbon_year: 2023
storage_values:
  CAES:
    cost: 24.1555
    lifetime: 25.7128
    annual_cost: 0.9394348340126318
    efficiency: 0.590421
    discharge_ratio: 0.1
    depth_of_discharge: 0.4
  Li-ion:
    cost: 228.655
    lifetime: 20.7776
    annual_cost: 11.004880255659941
    efficiency: 0.905558
    discharge_ratio: 2
    depth_of_discharge: 0.9
  Pb-acid:
    cost: 119.258
    lifetime: 9.11847
    annual_cost: 13.07872921663393
    efficiency: 0.730102
    discharge_ratio: 5
    depth_of_discharge: 0.5
  VRBF:
    cost: 248.646
    lifetime: 16.1864
    annual_cost: 15.361414520832303
    efficiency: 0.84
    discharge_ratio: 0.5
    depth_of_discharge: 1.0
