cost_values:
  wind_capex: 5000.0
  wind_opex: 100
  wind_lifetime: 20
  solar_capex: 1000.0
  solar_opex: 10
  solar_lifetime: 20
  carbon_price: 1.0
timeseries_values:
  load_level: 241151.84499764987
  wind_year: 2018
  solar_year: 2011
  price_year: 2023
  carbon_year: 2023
storage_values:
  CAES:
    cost: 25.7286
    lifetime: 24.9742
    annual_cost: 1.0302071738033651
    efficiency: 0.592605
    discharge_ratio: 0.1
    depth_of_discharge: 0.4
  Li-ion:
    cost: 225.281
    lifetime: 19.9806
    annual_cost: 11.274986737135022
    efficiency: 0.907926
    discharge_ratio: 2
    depth_of_discharge: 0.9
  Pb-acid:
    cost: 121.135
    lifetime: 10.9096
    annual_cost: 11.103523502236563
    efficiency: 0.721238
    discharge_ratio: 5
    depth_of_discharge: 0.5
  VRBF:
    cost: 299.157
    lifetime: 18.7383
    annual_cost: 15.965002161348682
    efficiency: 0.831599
    discharge_ratio: 0.5
    depth_of_discharge: 1.0
