cost_values:
  wind_capex: 5000.0
  wind_opex: 100
  wind_lifetime: 20
  solar_capex: 1000.0
  solar_opex: 10
  solar_lifetime: 20
  carbon_price: 1.0
timeseries_values:
  load_level: 241151.84499764987
  wind_year: 2018
  solar_year: 2011
  price_year: 2023
  carbon_year: 2023
storage_values:
  CAES:
    cost: 27.6333
    lifetime: 25.6347
    annual_cost: 1.077964633875177
    efficiency: 0.601666
    discharge_ratio: 0.1
    depth_of_discharge: 0.4
  Li-ion:
    cost: 222.654
    lifetime: 20.9834
    annual_cost: 10.610959139129026
    efficiency: 0.90245
    discharge_ratio: 2
    depth_of_discharge: 0.9
  Pb-acid:
    cost: 129.275
    lifetime: 11.2833
    annual_cost: 11.457197805606516
    efficiency: 0.712039
    discharge_ratio: 5
    depth_of_discharge: 0.5
  VRBF:
    cost: 236.851
    lifetime: 18.8227
    annual_cost: 12.583263825062291
    efficiency: 0.844296
    discharge_ratio: 0.5
    depth_of_discharge: 1.0
