cost_values:
  wind_capex: 5000.0
  wind_opex: 100
  wind_lifetime: 20
  solar_capex: 1000.0
  solar_opex: 10
  solar_lifetime: 20
  carbon_price: 1.0
timeseries_values:
  load_level: 241151.84499764987
  wind_year: 2018
  solar_year: 2011
  price_year: 2023
  carbon_year: 2023
storage_values:
  CAES:
    cost: 30.1552
    lifetime: 24.7134
    annual_cost: 1.2201963307355523
    efficiency: 0.606295
    discharge_ratio: 0.1
    depth_of_discharge: 0.4
  Li-ion:
    cost: 237.038
    lifetime: 19.3717
    annual_cost: 12.236303473623895
    efficiency: 0.898322
    discharge_ratio: 2
    depth_of_discharge: 0.9
  Pb-acid:
    cost: 138.097
    lifetime: 12.0284
    annual_cost: 11.480911841973995
    efficiency: 0.733598
    discharge_ratio: 5
    depth_of_discharge: 0.5
  VRBF:
    cost: 243.386
    lifetime: 16.6609
    annual_cost: 14.608214442197
    efficiency: 0.828161
    discharge_ratio: 0.5
    depth_of_discharge: 1.0
