cost_values:
  wind_capex: 5000.0
  wind_opex: 100
  wind_lifetime: 20
  solar_capex: 1000.0
  solar_opex: 10
  solar_lifetime: 20
  carbon_price: 1.0
timeseries_values:
  load_level: 227636.39191827484
  wind_year: 2016
  solar_year: 2011
  price_year: 2023
  carbon_year: 2023
storage_values:
  CAES:
    cost: 65.6518
    lifetime: 28.5993
    annual_cost: 2.295573667886976
    efficiency: 0.608922
    discharge_ratio: 0.1
    depth_of_discharge: 0.4
  Li-ion:
    cost: 174.028
    lifetime: 11.9576
    annual_cost: 14.553756606676926
    efficiency: 0.9237
    discharge_ratio: 2
    depth_of_discharge: 0.9
  Pb-acid:
    cost: 134.129
    lifetime: 9.1651
    annual_cost: 14.634755758256864
    efficiency: 0.690454
    discharge_ratio: 5
    depth_of_discharge: 0.5
  VRBF:
    cost: 125.696
    lifetime: 25.2092
    annual_cost: 4.986116179807372
    efficiency: 0.763629
    discharge_ratio: 0.5
    depth_of_discharge: 1.0
