cost_values:
  wind_capex: 5000.0
  wind_opex: 100
  wind_lifetime: 20
  solar_capex: 1000.0
  solar_opex: 10
  solar_lifetime: 20
  carbon_price: 1.0
timeseries_values:
  load_level: 227636.39191827484
  wind_year: 2016
  solar_year: 2011
  price_year: 2023
  carbon_year: 2023
storage_values:
  CAES:
    cost: 65.0051
    lifetime: 28.9433
    annual_cost: 2.2459463848282675
    efficiency: 0.603678
    discharge_ratio: 0.1
    depth_of_discharge: 0.4
  Li-ion:
    cost: 181.615
    lifetime: 15.625
    annual_cost: 11.62336
    efficiency: 0.92742
    discharge_ratio: 2
    depth_of_discharge: 0.9
  Pb-acid:
    cost: 144.597
    lifetime: 8.6457
    annual_cost: 16.724730212706895
    efficiency: 0.697748
    discharge_ratio: 5
    depth_of_discharge: 0.5
  VRBF:
    cost: 118.059
    lifetime: 25.5404
    annual_cost: 4.622441308671751
    efficiency: 0.717759
    discharge_ratio: 0.5
    depth_of_discharge: 1.0
