cost_values:
  wind_capex: 5000.0
  wind_opex: 100
  wind_lifetime: 20
  solar_capex: 1000.0
  solar_opex: 10
  solar_lifetime: 20
  carbon_price: 1.0
timeseries_values:
  load_level: 227636.39191827484
  wind_year: 2016
  solar_year: 2011
  price_year: 2023
  carbon_year: 2023
storage_values:
  CAES:
    cost: 61.434
    lifetime: 28.5695
    annual_cost: 2.150335147622464
    efficiency: 0.614325
    discharge_ratio: 0.1
    depth_of_discharge: 0.4
  Li-ion:
    cost: 185.482
    lifetime: 14.1399
    annual_cost: 13.11763166641914
    efficiency: 0.924327
    discharge_ratio: 2
    depth_of_discharge: 0.9
  Pb-acid:
    cost: 149.944
    lifetime: 9.53358
    annual_cost: 15.727984660536753
    efficiency: 0.697527
    discharge_ratio: 5
    depth_of_discharge: 0.5
  VRBF:
    cost: 122.396
    lifetime: 24.6569
    annual_cost: 4.963965462000495
    efficiency: 0.746724
    discharge_ratio: 0.5
    depth_of_discharge: 1.0
