cost_values:
  wind_capex: 5000.0
  wind_opex: 100
  wind_lifetime: 20
  solar_capex: 1000.0
  solar_opex: 10
  solar_lifetime: 20
  carbon_price: 1.0
timeseries_values:
  load_level: 227636.39191827484
  wind_year: 2016
  solar_year: 2011
  price_year: 2023
  carbon_year: 2023
storage_values:
  CAES:
    cost: 63.8959
    lifetime: 28.9524
    annual_cost: 2.2069293046517733
    efficiency: 0.615156
    discharge_ratio: 0.1
    depth_of_discharge: 0.4
  Li-ion:
    cost: 170.486
    lifetime: 14.0904
    annual_cost: 12.099443592800771
    efficiency: 0.925183
    discharge_ratio: 2
    depth_of_discharge: 0.9
  Pb-acid:
    cost: 161.937
    lifetime: 8.79242
    annual_cost: 18.417796238123294
    efficiency: 0.696851
    discharge_ratio: 5
    depth_of_discharge: 0.5
  VRBF:
    cost: 143.448
    lifetime: 24.7978
    annual_cost: 5.7847067078531165
    efficiency: 0.739475
    discharge_ratio: 0.5
    depth_of_discharge: 1.0
