cost_values:
  wind_capex: 5000.0
  wind_opex: 100
  wind_lifetime: 20
  solar_capex: 1000.0
  solar_opex: 10
  solar_lifetime: 20
  carbon_price: 1.0
timeseries_values:
  load_level: 227636.39191827484
  wind_year: 2016
  solar_year: 2011
  price_year: 2023
  carbon_year: 2023
storage_values:
  CAES:
    cost: 63.6962
    lifetime: 28.7247
    annual_cost: 2.2174713748098327
    efficiency: 0.619946
    discharge_ratio: 0.1
    depth_of_discharge: 0.4
  Li-ion:
    cost: 178.658
    lifetime: 13.8054
    annual_cost: 12.941167948773666
    efficiency: 0.929228
    discharge_ratio: 2
    depth_of_discharge: 0.9
  Pb-acid:
    cost: 157.937
    lifetime: 10.3987
    annual_cost: 15.188148518564821
    efficiency: 0.715056
    discharge_ratio: 5
    depth_of_discharge: 0.5
  VRBF:
    cost: 124.889
    lifetime: 25.6491
    annual_cost: 4.869137708535582
    efficiency: 0.752075
    discharge_ratio: 0.5
    depth_of_discharge: 1.0
