cost_values:
  wind_capex: 5000.0
  wind_opex: 100
  wind_lifetime: 20
  solar_capex: 1000.0
  solar_opex: 10
  solar_lifetime: 20
  carbon_price: 1.0
timeseries_values:
  load_level: 227636.39191827484
  wind_year: 2016
  solar_year: 2011
  price_year: 2023
  carbon_year: 2023
storage_values:
  CAES:
    cost: 62.3909
    lifetime: 29.4457
    annual_cost: 2.1188458756286996
    efficiency: 0.611531
    discharge_ratio: 0.1
    depth_of_discharge: 0.4
  Li-ion:
    cost: 182.5
    lifetime: 12.9116
    annual_cost: 14.134576659747824
    efficiency: 0.922932
    discharge_ratio: 2
    depth_of_discharge: 0.9
  Pb-acid:
    cost: 140.187
    lifetime: 9.86756
    annual_cost: 14.206855595506896
    efficiency: 0.706972
    discharge_ratio: 5
    depth_of_discharge: 0.5
  VRBF:
    cost: 123.927
    lifetime: 25.7501
    annual_cost: 4.812680339105479
    efficiency: 0.724373
    discharge_ratio: 0.5
    depth_of_discharge: 1.0
