cost_values:
  wind_capex: 5000.0
  wind_opex: 100
  wind_lifetime: 20
  solar_capex: 1000.0
  solar_opex: 10
  solar_lifetime: 20
  carbon_price: 1.0
timeseries_values:
  load_level: 227636.39191827484
  wind_year: 2016
  solar_year: 2011
  price_year: 2023
  carbon_year: 2023
storage_values:
  CAES:
    cost: 66.3543
    lifetime: 28.9675
    annual_cost: 2.29064641408475
    efficiency: 0.606756
    discharge_ratio: 0.1
    depth_of_discharge: 0.4
  Li-ion:
    cost: 178.013
    lifetime: 15.2178
    annual_cost: 11.697682976514345
    efficiency: 0.937679
    discharge_ratio: 2
    depth_of_discharge: 0.9
  Pb-acid:
    cost: 145.108
    lifetime: 9.68166
    annual_cost: 14.987925624324753
    efficiency: 0.715368
    discharge_ratio: 5
    depth_of_discharge: 0.5
  VRBF:
    cost: 117.426
    lifetime: 26.0908
    annual_cost: 4.500666901743143
    efficiency: 0.726711
    discharge_ratio: 0.5
    depth_of_discharge: 1.0
