cost_values:
  wind_capex: 5000.0
  wind_opex: 100
  wind_lifetime: 20
  solar_capex: 1000.0
  solar_opex: 10
  solar_lifetime: 20
  carbon_price: 1.0
timeseries_values:
  load_level: 227636.39191827484
  wind_year: 2016
  solar_year: 2011
  price_year: 2023
  carbon_year: 2023
storage_values:
  CAES:
    cost: 62.337
    lifetime: 29.0779
    annual_cost: 2.143793052455645
    efficiency: 0.613858
    discharge_ratio: 0.1
    depth_of_discharge: 0.4
  Li-ion:
    cost: 163.528
    lifetime: 13.0247
    annual_cost: 12.555222001274501
    efficiency: 0.932796
    discharge_ratio: 2
    depth_of_discharge: 0.9
  Pb-acid:
    cost: 166.822
    lifetime: 10.6573
    annual_cost: 15.65330806114119
    efficiency: 0.701483
    discharge_ratio: 5
    depth_of_discharge: 0.5
  VRBF:
    cost: 119.466
    lifetime: 26.5598
    annual_cost: 4.498000737957364
    efficiency: 0.72183
    discharge_ratio: 0.5
    depth_of_discharge: 1.0
