cost_values:
  wind_capex: 5000.0
  wind_opex: 100
  wind_lifetime: 20
  solar_capex: 1000.0
  solar_opex: 10
  solar_lifetime: 20
  carbon_price: 1.0
timeseries_values:
  load_level: 227636.39191827484
  wind_year: 2016
  solar_year: 2011
  price_year: 2023
  carbon_year: 2023
storage_values:
  CAES:
    cost: 63.7723
    lifetime: 27.7619
    annual_cost: 2.2971158314092337
    efficiency: 0.602877
    discharge_ratio: 0.1
    depth_of_discharge: 0.4
  Li-ion:
    cost: 166.83
    lifetime: 13.5101
    annual_cost: 12.348539241012281
    efficiency: 0.931484
    discharge_ratio: 2
    depth_of_discharge: 0.9
  Pb-acid:
    cost: 147.431
    lifetime: 9.75028
    annual_cost: 15.120693969814202
    efficiency: 0.702213
    discharge_ratio: 5
    depth_of_discharge: 0.5
  VRBF:
    cost: 120.745
    lifetime: 26.6723
    annual_cost: 4.526981175226734
    efficiency: 0.745724
    discharge_ratio: 0.5
    depth_of_discharge: 1.0
