cost_values:
  wind_capex: 5000.0
  wind_opex: 100
  wind_lifetime: 20
  solar_capex: 1000.0
  solar_opex: 10
  solar_lifetime: 20
  carbon_price: 1.0
timeseries_values:
  load_level: 227636.39191827484
  wind_year: 2016
  solar_year: 2011
  price_year: 2023
  carbon_year: 2023
storage_values:
  CAES:
    cost: 62.7119
    lifetime: 28.764
    annual_cost: 2.1802218050340705
    efficiency: 0.610871
    discharge_ratio: 0.1
    depth_of_discharge: 0.4
  Li-ion:
    cost: 176.609
    lifetime: 16.0782
    annual_cost: 10.984376360537873
    efficiency: 0.916663
    discharge_ratio: 2
    depth_of_discharge: 0.9
  Pb-acid:
    cost: 164.802
    lifetime: 9.32057
    annual_cost: 17.68153664421811
    efficiency: 0.728538
    discharge_ratio: 5
    depth_of_discharge: 0.5
  VRBF:
    cost: 168.145
    lifetime: 26.114
    annual_cost: 6.438883357585969
    efficiency: 0.750004
    discharge_ratio: 0.5
    depth_of_discharge: 1.0
