cost_values:
  wind_capex: 5000.0
  wind_opex: 100
  wind_lifetime: 20
  solar_capex: 1000.0
  solar_opex: 10
  solar_lifetime: 20
  carbon_price: 1.0
timeseries_values:
  load_level: 227636.39191827484
  wind_year: 2016
  solar_year: 2011
  price_year: 2023
  carbon_year: 2023
storage_values:
  CAES:
    cost: 70.3392
    lifetime: 28.1272
    annual_cost: 2.500753718820217
    efficiency: 0.605395
    discharge_ratio: 0.1
    depth_of_discharge: 0.4
  Li-ion:
    cost: 162.471
    lifetime: 14.8784
    annual_cost: 10.91992418539628
    efficiency: 0.924205
    discharge_ratio: 2
    depth_of_discharge: 0.9
  Pb-acid:
    cost: 158.158
    lifetime: 10.8783
    annual_cost: 14.538852578068264
    efficiency: 0.689003
    discharge_ratio: 5
    depth_of_discharge: 0.5
  VRBF:
    cost: 121.923
    lifetime: 25.4862
    annual_cost: 4.783883042587753
    efficiency: 0.761266
    discharge_ratio: 0.5
    depth_of_discharge: 1.0
