cost_values:
  wind_capex: 5000.0
  wind_opex: 100
  wind_lifetime: 20
  solar_capex: 1000.0
  solar_opex: 10
  solar_lifetime: 20
  carbon_price: 1.0
timeseries_values:
  load_level: 227636.39191827484
  wind_year: 2016
  solar_year: 2011
  price_year: 2023
  carbon_year: 2023
storage_values:
  CAES:
    cost: 60.0119
    lifetime: 29.6679
    annual_cost: 2.0227889402350687
    efficiency: 0.611478
    discharge_ratio: 0.1
    depth_of_discharge: 0.4
  Li-ion:
    cost: 192.357
    lifetime: 16.8383
    annual_cost: 11.42377793482715
    efficiency: 0.931448
    discharge_ratio: 2
    depth_of_discharge: 0.9
  Pb-acid:
    cost: 152.546
    lifetime: 9.89261
    annual_cost: 15.42019750096284
    efficiency: 0.689729
    discharge_ratio: 5
    depth_of_discharge: 0.5
  VRBF:
    cost: 119.863
    lifetime: 24.224
    annual_cost: 4.948109313077939
    efficiency: 0.708013
    discharge_ratio: 0.5
    depth_of_discharge: 1.0
