cost_values:
  wind_capex: 5000.0
  wind_opex: 100
  wind_lifetime: 20
  solar_capex: 1000.0
  solar_opex: 10
  solar_lifetime: 20
  carbon_price: 1.0
timeseries_values:
  load_level: 227636.39191827484
  wind_year: 2016
  solar_year: 2011
  price_year: 2023
  carbon_year: 2023
storage_values:
  CAES:
    cost: 63.8978
    lifetime: 29.0861
    annual_cost: 2.1968500417725307
    efficiency: 0.618735
    discharge_ratio: 0.1
    depth_of_discharge: 0.4
  Li-ion:
    cost: 178.58
    lifetime: 14.9724
    annual_cost: 11.927279527664236
    efficiency: 0.924099
    discharge_ratio: 2
    depth_of_discharge: 0.9
  Pb-acid:
    cost: 158.3
    lifetime: 9.859
    annual_cost: 16.05639517192413
    efficiency: 0.699602
    discharge_ratio: 5
    depth_of_discharge: 0.5
  VRBF:
    cost: 129.024
    lifetime: 25.9861
    annual_cost: 4.965115965843277
    efficiency: 0.712599
    discharge_ratio: 0.5
    depth_of_discharge: 1.0
