cost_values:
  wind_capex: 5000.0
  wind_opex: 100
  wind_lifetime: 20
  solar_capex: 1000.0
  solar_opex: 10
  solar_lifetime: 20
  carbon_price: 1.0
timeseries_values:
  load_level: 227636.39191827484
  wind_year: 2016
  solar_year: 2011
  price_year: 2023
  carbon_year: 2023
storage_values:
  CAES:
    cost: 62.6368
    lifetime: 28.5562
    annual_cost: 2.193457112641038
    efficiency: 0.614942
    discharge_ratio: 0.1
    depth_of_discharge: 0.4
  Li-ion:
    cost: 177.06
    lifetime: 13.1824
    annual_cost: 13.431545090423596
    efficiency: 0.922531
    discharge_ratio: 2
    depth_of_discharge: 0.9
  Pb-acid:
    cost: 158.809
    lifetime: 9.16573
    annual_cost: 17.326388623710276
    efficiency: 0.710291
    discharge_ratio: 5
    depth_of_discharge: 0.5
  VRBF:
    cost: 102.171
    lifetime: 25.6346
    annual_cost: 3.9856678083527735
    efficiency: 0.754498
    discharge_ratio: 0.5
    depth_of_discharge: 1.0
