cost_values:
  wind_capex: 5000.0
  wind_opex: 100
  wind_lifetime: 20
  solar_capex: 1000.0
  solar_opex: 10
  solar_lifetime: 20
  carbon_price: 1.0
timeseries_values:
  load_level: 227636.39191827484
  wind_year: 2016
  solar_year: 2011
  price_year: 2023
  carbon_year: 2023
storage_values:
  CAES:
    cost: 70.9811
    lifetime: 28.5984
    annual_cost: 2.4819954962515385
    efficiency: 0.618235
    discharge_ratio: 0.1
    depth_of_discharge: 0.4
  Li-ion:
    cost: 184.013
    lifetime: 14.5469
    annual_cost: 12.649636692353697
    efficiency: 0.926228
    discharge_ratio: 2
    depth_of_discharge: 0.9
  Pb-acid:
    cost: 157.249
    lifetime: 10.0251
    annual_cost: 15.685529321403276
    efficiency: 0.705986
    discharge_ratio: 5
    depth_of_discharge: 0.5
  VRBF:
    cost: 125.643
    lifetime: 26.7837
    annual_cost: 4.691024765062333
    efficiency: 0.738742
    discharge_ratio: 0.5
    depth_of_discharge: 1.0
