cost_values:
  wind_capex: 5000.0
  wind_opex: 100
  wind_lifetime: 20
  solar_capex: 1000.0
  solar_opex: 10
  solar_lifetime: 20
  carbon_price: 1.0
timeseries_values:
  load_level: 227636.39191827484
  wind_year: 2016
  solar_year: 2011
  price_year: 2023
  carbon_year: 2023
storage_values:
  CAES:
    cost: 62.6341
    lifetime: 27.9901
    annual_cost: 2.2377233378944696
    efficiency: 0.606687
    discharge_ratio: 0.1
    depth_of_discharge: 0.4
  Li-ion:
    cost: 178.128
    lifetime: 16.9424
    annual_cost: 10.513740674284634
    efficiency: 0.933519
    discharge_ratio: 2
    depth_of_discharge: 0.9
  Pb-acid:
    cost: 135.153
    lifetime: 8.42303
    annual_cost: 16.04565103056738
    efficiency: 0.708627
    discharge_ratio: 5
    depth_of_discharge: 0.5
  VRBF:
    cost: 118.702
    lifetime: 24.5853
    annual_cost: 4.8281696786290995
    efficiency: 0.726006
    discharge_ratio: 0.5
    depth_of_discharge: 1.0
