cost_values:
  wind_capex: 5000.0
  wind_opex: 100
  wind_lifetime: 20
  solar_capex: 1000.0
  solar_opex: 10
  solar_lifetime: 20
  carbon_price: 1.0
timeseries_values:
  load_level: 227636.39191827484
  wind_year: 2016
  solar_year: 2011
  price_year: 2023
  carbon_year: 2023
storage_values:
  CAES:
    cost: 64.3808
    lifetime: 28.4611
    annual_cost: 2.2620629561049994
    efficiency: 0.611973
    discharge_ratio: 0.1
    depth_of_discharge: 0.4
  Li-ion:
    cost: 172.326
    lifetime: 16.2232
    annual_cost: 10.622195374525372
    efficiency: 0.930405
    discharge_ratio: 2
    depth_of_discharge: 0.9
  Pb-acid:
    cost: 160.243
    lifetime: 9.74701
    annual_cost: 16.440221155000355
    efficiency: 0.699703
    discharge_ratio: 5
    depth_of_discharge: 0.5
  VRBF:
    cost: 140.558
    lifetime: 23.4934
    annual_cost: 5.982871785267351
    efficiency: 0.718749
    discharge_ratio: 0.5
    depth_of_discharge: 1.0
