cost_values:
  wind_capex: 5000.0
  wind_opex: 100
  wind_lifetime: 20
  solar_capex: 1000.0
  solar_opex: 10
  solar_lifetime: 20
  carbon_price: 1.0
timeseries_values:
  load_level: 227636.39191827484
  wind_year: 2016
  solar_year: 2011
  price_year: 2023
  carbon_year: 2023
storage_values:
  CAES:
    cost: 68.5991
    lifetime: 28.5476
    annual_cost: 2.4029725791309957
    efficiency: 0.621051
    discharge_ratio: 0.1
    depth_of_discharge: 0.4
  Li-ion:
    cost: 181.504
    lifetime: 12.8849
    annual_cost: 14.086566445994924
    efficiency: 0.943595
    discharge_ratio: 2
    depth_of_discharge: 0.9
  Pb-acid:
    cost: 144.527
    lifetime: 9.78431
    annual_cost: 14.771302217529902
    efficiency: 0.72731
    discharge_ratio: 5
    depth_of_discharge: 0.5
  VRBF:
    cost: 112.695
    lifetime: 27.8309
    annual_cost: 4.049276164263462
    efficiency: 0.726457
    discharge_ratio: 0.5
    depth_of_discharge: 1.0
