cost_values:
  wind_capex: 5000.0
  wind_opex: 100
  wind_lifetime: 20
  solar_capex: 1000.0
  solar_opex: 10
  solar_lifetime: 20
  carbon_price: 1.0
timeseries_values:
  load_level: 227636.39191827484
  wind_year: 2016
  solar_year: 2011
  price_year: 2023
  carbon_year: 2023
storage_values:
  CAES:
    cost: 65.3479
    lifetime: 28.4031
    annual_cost: 2.3007312582077306
    efficiency: 0.609897
    discharge_ratio: 0.1
    depth_of_discharge: 0.4
  Li-ion:
    cost: 146.642
    lifetime: 14.976
    annual_cost: 9.791800213675213
    efficiency: 0.931539
    discharge_ratio: 2
    depth_of_discharge: 0.9
  Pb-acid:
    cost: 174.214
    lifetime: 10.9405
    annual_cost: 15.923769480371098
    efficiency: 0.71885
    discharge_ratio: 5
    depth_of_discharge: 0.5
  VRBF:
    cost: 125.249
    lifetime: 25.5054
    annual_cost: 4.910685580308483
    efficiency: 0.73302
    discharge_ratio: 0.5
    depth_of_discharge: 1.0
