cost_values:
  wind_capex: 5000.0
  wind_opex: 100
  wind_lifetime: 20
  solar_capex: 1000.0
  solar_opex: 10
  solar_lifetime: 20
  carbon_price: 1.0
timeseries_values:
  load_level: 227636.39191827484
  wind_year: 2016
  solar_year: 2011
  price_year: 2023
  carbon_year: 2023
storage_values:
  CAES:
    cost: 62.2782
    lifetime: 28.6929
    annual_cost: 2.1705090806436433
    efficiency: 0.616447
    discharge_ratio: 0.1
    depth_of_discharge: 0.4
  Li-ion:
    cost: 167.277
    lifetime: 16.4866
    annual_cost: 10.146239976708356
    efficiency: 0.938802
    discharge_ratio: 2
    depth_of_discharge: 0.9
  Pb-acid:
    cost: 182.811
    lifetime: 10.2047
    annual_cost: 17.914392387821298
    efficiency: 0.704679
    discharge_ratio: 5
    depth_of_discharge: 0.5
  VRBF:
    cost: 126.313
    lifetime: 26.5304
    annual_cost: 4.761066550070862
    efficiency: 0.74373
    discharge_ratio: 0.5
    depth_of_discharge: 1.0
