cost_values:
  wind_capex: 5000.0
  wind_opex: 100
  wind_lifetime: 20
  solar_capex: 1000.0
  solar_opex: 10
  solar_lifetime: 20
  carbon_price: 1.0
timeseries_values:
  load_level: 227636.39191827484
  wind_year: 2016
  solar_year: 2011
  price_year: 2023
  carbon_year: 2023
storage_values:
  CAES:
    cost: 69.1568
    lifetime: 29.2577
    annual_cost: 2.363712800391008
    efficiency: 0.619384
    discharge_ratio: 0.1
    depth_of_discharge: 0.4
  Li-ion:
    cost: 134.607
    lifetime: 14.4191
    annual_cost: 9.335326060572434
    efficiency: 0.927842
    discharge_ratio: 2
    depth_of_discharge: 0.9
  Pb-acid:
    cost: 149.765
    lifetime: 10.0589
    annual_cost: 14.888804938909821
    efficiency: 0.69989
    discharge_ratio: 5
    depth_of_discharge: 0.5
  VRBF:
    cost: 129.335
    lifetime: 25.467
    annual_cost: 5.078533003494719
    efficiency: 0.735272
    discharge_ratio: 0.5
    depth_of_discharge: 1.0
