cost_values:
  wind_capex: 5000.0
  wind_opex: 100
  wind_lifetime: 20
  solar_capex: 1000.0
  solar_opex: 10
  solar_lifetime: 20
  carbon_price: 1.0
timeseries_values:
  load_level: 227636.39191827484
  wind_year: 2016
  solar_year: 2011
  price_year: 2023
  carbon_year: 2023
storage_values:
  CAES:
    cost: 64.6152
    lifetime: 28.1002
    annual_cost: 2.299456943366951
    efficiency: 0.616132
    discharge_ratio: 0.1
    depth_of_discharge: 0.4
  Li-ion:
    cost: 186.915
    lifetime: 13.5143
    annual_cost: 13.830905041326593
    efficiency: 0.9248
    discharge_ratio: 2
    depth_of_discharge: 0.9
  Pb-acid:
    cost: 158.653
    lifetime: 9.69011
    annual_cost: 16.372672756036824
    efficiency: 0.70341
    discharge_ratio: 5
    depth_of_discharge: 0.5
  VRBF:
    cost: 108.274
    lifetime: 26.5281
    annual_cost: 4.08148340815965
    efficiency: 0.743493
    discharge_ratio: 0.5
    depth_of_discharge: 1.0
