cost_values:
  wind_capex: 5000.0
  wind_opex: 100
  wind_lifetime: 20
  solar_capex: 1000.0
  solar_opex: 10
  solar_lifetime: 20
  carbon_price: 1.0
timeseries_values:
  load_level: 227636.39191827484
  wind_year: 2016
  solar_year: 2011
  price_year: 2023
  carbon_year: 2023
storage_values:
  CAES:
    cost: 62.5076
    lifetime: 29.0512
    annual_cost: 2.151635732775238
    efficiency: 0.598777
    discharge_ratio: 0.1
    depth_of_discharge: 0.4
  Li-ion:
    cost: 167.684
    lifetime: 14.7144
    annual_cost: 11.395911488066112
    efficiency: 0.93046
    discharge_ratio: 2
    depth_of_discharge: 0.9
  Pb-acid:
    cost: 163.314
    lifetime: 10.1419
    annual_cost: 16.10289985111271
    efficiency: 0.681608
    discharge_ratio: 5
    depth_of_discharge: 0.5
  VRBF:
    cost: 123.06
    lifetime: 25.918
    annual_cost: 4.748051547187283
    efficiency: 0.73041
    discharge_ratio: 0.5
    depth_of_discharge: 1.0
