cost_values:
  wind_capex: 5000.0
  wind_opex: 100
  wind_lifetime: 20
  solar_capex: 1000.0
  solar_opex: 10
  solar_lifetime: 20
  carbon_price: 1.0
timeseries_values:
  load_level: 227636.39191827484
  wind_year: 2016
  solar_year: 2011
  price_year: 2023
  carbon_year: 2023
storage_values:
  CAES:
    cost: 70.1141
    lifetime: 29.4719
    annual_cost: 2.3790152653883867
    efficiency: 0.616498
    discharge_ratio: 0.1
    depth_of_discharge: 0.4
  Li-ion:
    cost: 169.154
    lifetime: 14.9538
    annual_cost: 11.311773596009042
    efficiency: 0.928444
    discharge_ratio: 2
    depth_of_discharge: 0.9
  Pb-acid:
    cost: 162.389
    lifetime: 11.2141
    annual_cost: 14.480787579921707
    efficiency: 0.703904
    discharge_ratio: 5
    depth_of_discharge: 0.5
  VRBF:
    cost: 138.763
    lifetime: 26.6447
    annual_cost: 5.207902509692359
    efficiency: 0.740424
    discharge_ratio: 0.5
    depth_of_discharge: 1.0
