cost_values:
  wind_capex: 5000.0
  wind_opex: 100
  wind_lifetime: 20
  solar_capex: 1000.0
  solar_opex: 10
  solar_lifetime: 20
  carbon_price: 1.0
timeseries_values:
  load_level: 227636.39191827484
  wind_year: 2016
  solar_year: 2011
  price_year: 2023
  carbon_year: 2023
storage_values:
  CAES:
    cost: 70.0226
    lifetime: 28.8038
    annual_cost: 2.4310195182580077
    efficiency: 0.620311
    discharge_ratio: 0.1
    depth_of_discharge: 0.4
  Li-ion:
    cost: 165.146
    lifetime: 16.5753
    annual_cost: 9.963379245021207
    efficiency: 0.922656
    discharge_ratio: 2
    depth_of_discharge: 0.9
  Pb-acid:
    cost: 152.158
    lifetime: 10.1328
    annual_cost: 15.016382441181115
    efficiency: 0.708036
    discharge_ratio: 5
    depth_of_discharge: 0.5
  VRBF:
    cost: 120.23
    lifetime: 25.0649
    annual_cost: 4.796747643118464
    efficiency: 0.738181
    discharge_ratio: 0.5
    depth_of_discharge: 1.0
