cost_values:
  wind_capex: 5000.0
  wind_opex: 100
  wind_lifetime: 20
  solar_capex: 1000.0
  solar_opex: 10
  solar_lifetime: 20
  carbon_price: 1.0
timeseries_values:
  load_level: 227636.39191827484
  wind_year: 2016
  solar_year: 2011
  price_year: 2023
  carbon_year: 2023
storage_values:
  CAES:
    cost: 55.2857
    lifetime: 26.8405
    annual_cost: 2.059786516644623
    efficiency: 0.619542
    discharge_ratio: 0.1
    depth_of_discharge: 0.4
  Li-ion:
    cost: 172.68
    lifetime: 14.4932
    annual_cost: 11.914553031766623
    efficiency: 0.924855
    discharge_ratio: 2
    depth_of_discharge: 0.9
  Pb-acid:
    cost: 147.53
    lifetime: 10.761
    annual_cost: 13.709692407768795
    efficiency: 0.722935
    discharge_ratio: 5
    depth_of_discharge: 0.5
  VRBF:
    cost: 111.401
    lifetime: 23.8828
    annual_cost: 4.664486576113354
    efficiency: 0.733816
    discharge_ratio: 0.5
    depth_of_discharge: 1.0
