cost_values:
  wind_capex: 5000.0
  wind_opex: 100
  wind_lifetime: 20
  solar_capex: 1000.0
  solar_opex: 10
  solar_lifetime: 20
  carbon_price: 1.0
timeseries_values:
  load_level: 227636.39191827484
  wind_year: 2016
  solar_year: 2011
  price_year: 2023
  carbon_year: 2023
storage_values:
  CAES:
    cost: 61.5625
    lifetime: 29.1691
    annual_cost: 2.11053820652677
    efficiency: 0.622813
    discharge_ratio: 0.1
    depth_of_discharge: 0.4
  Li-ion:
    cost: 172.171
    lifetime: 14.4397
    annual_cost: 11.923447163029703
    efficiency: 0.923741
    discharge_ratio: 2
    depth_of_discharge: 0.9
  Pb-acid:
    cost: 174.985
    lifetime: 10.7671
    annual_cost: 16.251822682059238
    efficiency: 0.705133
    discharge_ratio: 5
    depth_of_discharge: 0.5
  VRBF:
    cost: 112.968
    lifetime: 27.1592
    annual_cost: 4.159474505876462
    efficiency: 0.749438
    discharge_ratio: 0.5
    depth_of_discharge: 1.0
