cost_values:
  wind_capex: 5000.0
  wind_opex: 100
  wind_lifetime: 20
  solar_capex: 1000.0
  solar_opex: 10
  solar_lifetime: 20
  carbon_price: 1.0
timeseries_values:
  load_level: 227636.39191827484
  wind_year: 2016
  solar_year: 2011
  price_year: 2023
  carbon_year: 2023
storage_values:
  CAES:
    cost: 60.4937
    lifetime: 28.5269
    annual_cost: 2.1205844308354567
    efficiency: 0.612772
    discharge_ratio: 0.1
    depth_of_discharge: 0.4
  Li-ion:
    cost: 179.347
    lifetime: 15.1691
    annual_cost: 11.823180017271955
    efficiency: 0.932532
    discharge_ratio: 2
    depth_of_discharge: 0.9
  Pb-acid:
    cost: 154.799
    lifetime: 7.8073
    annual_cost: 19.82746916347521
    efficiency: 0.699198
    discharge_ratio: 5
    depth_of_discharge: 0.5
  VRBF:
    cost: 111.728
    lifetime: 23.2686
    annual_cost: 4.801664045108
    efficiency: 0.724326
    discharge_ratio: 0.5
    depth_of_discharge: 1.0
