cost_values:
  wind_capex: 5000.0
  wind_opex: 100
  wind_lifetime: 20
  solar_capex: 1000.0
  solar_opex: 10
  solar_lifetime: 20
  carbon_price: 1.0
timeseries_values:
  load_level: 227636.39191827484
  wind_year: 2016
  solar_year: 2011
  price_year: 2023
  carbon_year: 2023
storage_values:
  CAES:
    cost: 73.0878
    lifetime: 28.3699
    annual_cost: 2.5762445408690198
    efficiency: 0.60829
    discharge_ratio: 0.1
    depth_of_discharge: 0.4
  Li-ion:
    cost: 160.663
    lifetime: 14.0842
    annual_cost: 11.407321679612616
    efficiency: 0.939586
    discharge_ratio: 2
    depth_of_discharge: 0.9
  Pb-acid:
    cost: 145.614
    lifetime: 10.4795
    annual_cost: 13.895128584379027
    efficiency: 0.704994
    discharge_ratio: 5
    depth_of_discharge: 0.5
  VRBF:
    cost: 119.808
    lifetime: 24.7652
    annual_cost: 4.837756206289471
    efficiency: 0.733045
    discharge_ratio: 0.5
    depth_of_discharge: 1.0
