cost_values:
  wind_capex: 5000.0
  wind_opex: 100
  wind_lifetime: 20
  solar_capex: 1000.0
  solar_opex: 10
  solar_lifetime: 20
  carbon_price: 1.0
timeseries_values:
  load_level: 227636.39191827484
  wind_year: 2016
  solar_year: 2011
  price_year: 2023
  carbon_year: 2023
storage_values:
  CAES:
    cost: 61.8071
    lifetime: 29.1996
    annual_cost: 2.116710502883601
    efficiency: 0.61275
    discharge_ratio: 0.1
    depth_of_discharge: 0.4
  Li-ion:
    cost: 166.462
    lifetime: 17.4408
    annual_cost: 9.544401632952617
    efficiency: 0.946246
    discharge_ratio: 2
    depth_of_discharge: 0.9
  Pb-acid:
    cost: 156.976
    lifetime: 10.8661
    annual_cost: 14.446397511526675
    efficiency: 0.677428
    discharge_ratio: 5
    depth_of_discharge: 0.5
  VRBF:
    cost: 129.548
    lifetime: 24.6461
    annual_cost: 5.25632858748443
    efficiency: 0.743407
    discharge_ratio: 0.5
    depth_of_discharge: 1.0
