cost_values:
  wind_capex: 5000.0
  wind_opex: 100
  wind_lifetime: 20
  solar_capex: 1000.0
  solar_opex: 10
  solar_lifetime: 20
  carbon_price: 1.0
timeseries_values:
  load_level: 227636.39191827484
  wind_year: 2016
  solar_year: 2011
  price_year: 2023
  carbon_year: 2023
storage_values:
  CAES:
    cost: 63.6973
    lifetime: 28.5185
    annual_cost: 2.2335431386643756
    efficiency: 0.608499
    discharge_ratio: 0.1
    depth_of_discharge: 0.4
  Li-ion:
    cost: 173.787
    lifetime: 14.4687
    annual_cost: 12.011238051794564
    efficiency: 0.923899
    discharge_ratio: 2
    depth_of_discharge: 0.9
  Pb-acid:
    cost: 159.593
    lifetime: 10.1276
    annual_cost: 15.758225048382638
    efficiency: 0.710898
    discharge_ratio: 5
    depth_of_discharge: 0.5
  VRBF:
    cost: 141.827
    lifetime: 27.1689
    annual_cost: 5.220196621872803
    efficiency: 0.710856
    discharge_ratio: 0.5
    depth_of_discharge: 1.0
