cost_values:
  wind_capex: 5000.0
  wind_opex: 100
  wind_lifetime: 20
  solar_capex: 1000.0
  solar_opex: 10
  solar_lifetime: 20
  carbon_price: 1.0
timeseries_values:
  load_level: 227636.39191827484
  wind_year: 2016
  solar_year: 2011
  price_year: 2023
  carbon_year: 2023
storage_values:
  CAES:
    cost: 64.5902
    lifetime: 28.2753
    annual_cost: 2.2843329690577994
    efficiency: 0.615764
    discharge_ratio: 0.1
    depth_of_discharge: 0.4
  Li-ion:
    cost: 166.915
    lifetime: 14.5749
    annual_cost: 11.452222656759222
    efficiency: 0.930396
    discharge_ratio: 2
    depth_of_discharge: 0.9
  Pb-acid:
    cost: 156.868
    lifetime: 11.6465
    annual_cost: 13.469110891684197
    efficiency: 0.709149
    discharge_ratio: 5
    depth_of_discharge: 0.5
  VRBF:
    cost: 140.314
    lifetime: 25.1632
    annual_cost: 5.576158835124308
    efficiency: 0.736512
    discharge_ratio: 0.5
    depth_of_discharge: 1.0
