cost_values:
  wind_capex: 5000.0
  wind_opex: 100
  wind_lifetime: 20
  solar_capex: 1000.0
  solar_opex: 10
  solar_lifetime: 20
  carbon_price: 1.0
timeseries_values:
  load_level: 227636.39191827484
  wind_year: 2016
  solar_year: 2011
  price_year: 2023
  carbon_year: 2023
storage_values:
  CAES:
    cost: 71.3429
    lifetime: 28.245
    annual_cost: 2.525859444149407
    efficiency: 0.610303
    discharge_ratio: 0.1
    depth_of_discharge: 0.4
  Li-ion:
    cost: 157.259
    lifetime: 13.741
    annual_cost: 11.444509133250854
    efficiency: 0.943855
    discharge_ratio: 2
    depth_of_discharge: 0.9
  Pb-acid:
    cost: 145.696
    lifetime: 12.2407
    annual_cost: 11.902587270335847
    efficiency: 0.734142
    discharge_ratio: 5
    depth_of_discharge: 0.5
  VRBF:
    cost: 120.487
    lifetime: 25.0699
    annual_cost: 4.806042305713225
    efficiency: 0.71239
    discharge_ratio: 0.5
    depth_of_discharge: 1.0
