cost_values:
  wind_capex: 5000.0
  wind_opex: 100
  wind_lifetime: 20
  solar_capex: 1000.0
  solar_opex: 10
  solar_lifetime: 20
  carbon_price: 1.0
timeseries_values:
  load_level: 227636.39191827484
  wind_year: 2016
  solar_year: 2011
  price_year: 2023
  carbon_year: 2023
storage_values:
  CAES:
    cost: 69.4347
    lifetime: 28.6299
    annual_cost: 2.425251223371371
    efficiency: 0.613069
    discharge_ratio: 0.1
    depth_of_discharge: 0.4
  Li-ion:
    cost: 155.224
    lifetime: 16.4432
    annual_cost: 9.440011676559307
    efficiency: 0.926349
    discharge_ratio: 2
    depth_of_discharge: 0.9
  Pb-acid:
    cost: 153.401
    lifetime: 11.3533
    annual_cost: 13.511578131468383
    efficiency: 0.717349
    discharge_ratio: 5
    depth_of_discharge: 0.5
  VRBF:
    cost: 128.638
    lifetime: 25.9201
    annual_cost: 4.962866655607039
    efficiency: 0.752823
    discharge_ratio: 0.5
    depth_of_discharge: 1.0
