cost_values:
  wind_capex: 5000.0
  wind_opex: 100
  wind_lifetime: 20
  solar_capex: 1000.0
  solar_opex: 10
  solar_lifetime: 20
  carbon_price: 1.0
timeseries_values:
  load_level: 227636.39191827484
  wind_year: 2016
  solar_year: 2011
  price_year: 2023
  carbon_year: 2023
storage_values:
  CAES:
    cost: 61.4024
    lifetime: 28.1813
    annual_cost: 2.17883490115786
    efficiency: 0.613789
    discharge_ratio: 0.1
    depth_of_discharge: 0.4
  Li-ion:
    cost: 183.856
    lifetime: 14.5539
    annual_cost: 12.632765100763368
    efficiency: 0.934622
    discharge_ratio: 2
    depth_of_discharge: 0.9
  Pb-acid:
    cost: 146.341
    lifetime: 10.265
    annual_cost: 14.256307842182173
    efficiency: 0.699177
    discharge_ratio: 5
    depth_of_discharge: 0.5
  VRBF:
    cost: 154.076
    lifetime: 26.25
    annual_cost: 5.8695619047619045
    efficiency: 0.720383
    discharge_ratio: 0.5
    depth_of_discharge: 1.0
