cost_values:
  wind_capex: 5000.0
  wind_opex: 100
  wind_lifetime: 20
  solar_capex: 1000.0
  solar_opex: 10
  solar_lifetime: 20
  carbon_price: 1.0
timeseries_values:
  load_level: 227636.39191827484
  wind_year: 2016
  solar_year: 2011
  price_year: 2023
  carbon_year: 2023
storage_values:
  CAES:
    cost: 62.9815
    lifetime: 29.3624
    annual_cost: 2.144971119527014
    efficiency: 0.609378
    discharge_ratio: 0.1
    depth_of_discharge: 0.4
  Li-ion:
    cost: 186.017
    lifetime: 14.6588
    annual_cost: 12.689783611209648
    efficiency: 0.934466
    discharge_ratio: 2
    depth_of_discharge: 0.9
  Pb-acid:
    cost: 146.185
    lifetime: 8.46153
    annual_cost: 17.27642636733546
    efficiency: 0.700542
    discharge_ratio: 5
    depth_of_discharge: 0.5
  VRBF:
    cost: 128.693
    lifetime: 25.9119
    annual_cost: 4.966559765976251
    efficiency: 0.705895
    discharge_ratio: 0.5
    depth_of_discharge: 1.0
