cost_values:
  wind_capex: 5000.0
  wind_opex: 100
  wind_lifetime: 20
  solar_capex: 1000.0
  solar_opex: 10
  solar_lifetime: 20
  carbon_price: 1.0
timeseries_values:
  load_level: 227636.39191827484
  wind_year: 2016
  solar_year: 2011
  price_year: 2023
  carbon_year: 2023
storage_values:
  CAES:
    cost: 62.6972
    lifetime: 29.0609
    annual_cost: 2.1574417860424147
    efficiency: 0.614825
    discharge_ratio: 0.1
    depth_of_discharge: 0.4
  Li-ion:
    cost: 157.272
    lifetime: 15.1037
    annual_cost: 10.412812754490622
    efficiency: 0.941386
    discharge_ratio: 2
    depth_of_discharge: 0.9
  Pb-acid:
    cost: 190.454
    lifetime: 10.6797
    annual_cost: 17.833272470200473
    efficiency: 0.701834
    discharge_ratio: 5
    depth_of_discharge: 0.5
  VRBF:
    cost: 136.677
    lifetime: 25.0111
    annual_cost: 5.464653693759971
    efficiency: 0.697258
    discharge_ratio: 0.5
    depth_of_discharge: 1.0
