cost_values:
  wind_capex: 5000.0
  wind_opex: 100
  wind_lifetime: 20
  solar_capex: 1000.0
  solar_opex: 10
  solar_lifetime: 20
  carbon_price: 1.0
timeseries_values:
  load_level: 227636.39191827484
  wind_year: 2016
  solar_year: 2011
  price_year: 2023
  carbon_year: 2023
storage_values:
  CAES:
    cost: 66.6506
    lifetime: 29.4956
    annual_cost: 2.2596794098102766
    efficiency: 0.605842
    discharge_ratio: 0.1
    depth_of_discharge: 0.4
  Li-ion:
    cost: 161.388
    lifetime: 14.3667
    annual_cost: 11.233477416525716
    efficiency: 0.911259
    discharge_ratio: 2
    depth_of_discharge: 0.9
  Pb-acid:
    cost: 157.599
    lifetime: 10.0463
    annual_cost: 15.687267949394302
    efficiency: 0.712239
    discharge_ratio: 5
    depth_of_discharge: 0.5
  VRBF:
    cost: 154.218
    lifetime: 24.1853
    annual_cost: 6.376517967525728
    efficiency: 0.74186
    discharge_ratio: 0.5
    depth_of_discharge: 1.0
