cost_values:
  wind_capex: 5000.0
  wind_opex: 100
  wind_lifetime: 20
  solar_capex: 1000.0
  solar_opex: 10
  solar_lifetime: 20
  carbon_price: 1.0
timeseries_values:
  load_level: 227636.39191827484
  wind_year: 2016
  solar_year: 2011
  price_year: 2023
  carbon_year: 2023
storage_values:
  CAES:
    cost: 66.3943
    lifetime: 27.8642
    annual_cost: 2.382781490227604
    efficiency: 0.611425
    discharge_ratio: 0.1
    depth_of_discharge: 0.4
  Li-ion:
    cost: 163.392
    lifetime: 15.9113
    annual_cost: 10.268928371660392
    efficiency: 0.937728
    discharge_ratio: 2
    depth_of_discharge: 0.9
  Pb-acid:
    cost: 162.871
    lifetime: 11.1943
    annual_cost: 14.54945820640862
    efficiency: 0.707551
    discharge_ratio: 5
    depth_of_discharge: 0.5
  VRBF:
    cost: 154.869
    lifetime: 25.8682
    annual_cost: 5.986848717730649
    efficiency: 0.745258
    discharge_ratio: 0.5
    depth_of_discharge: 1.0
