cost_values:
  wind_capex: 5000.0
  wind_opex: 100
  wind_lifetime: 20
  solar_capex: 1000.0
  solar_opex: 10
  solar_lifetime: 20
  carbon_price: 1.0
timeseries_values:
  load_level: 227636.39191827484
  wind_year: 2016
  solar_year: 2011
  price_year: 2023
  carbon_year: 2023
storage_values:
  CAES:
    cost: 59.1989
    lifetime: 28.9206
    annual_cost: 2.04694577567547
    efficiency: 0.614884
    discharge_ratio: 0.1
    depth_of_discharge: 0.4
  Li-ion:
    cost: 175.402
    lifetime: 16.957
    annual_cost: 10.343928760983664
    efficiency: 0.93456
    discharge_ratio: 2
    depth_of_discharge: 0.9
  Pb-acid:
    cost: 137.041
    lifetime: 9.91534
    annual_cost: 13.821109513138227
    efficiency: 0.713043
    discharge_ratio: 5
    depth_of_discharge: 0.5
  VRBF:
    cost: 141.081
    lifetime: 27.2143
    annual_cost: 5.184076018857732
    efficiency: 0.744175
    discharge_ratio: 0.5
    depth_of_discharge: 1.0
