cost_values:
  wind_capex: 5000.0
  wind_opex: 100
  wind_lifetime: 20
  solar_capex: 1000.0
  solar_opex: 10
  solar_lifetime: 20
  carbon_price: 1.0
timeseries_values:
  load_level: 227636.39191827484
  wind_year: 2016
  solar_year: 2011
  price_year: 2023
  carbon_year: 2023
storage_values:
  CAES:
    cost: 72.7436
    lifetime: 29.3402
    annual_cost: 2.4793150694269297
    efficiency: 0.615151
    discharge_ratio: 0.1
    depth_of_discharge: 0.4
  Li-ion:
    cost: 183.856
    lifetime: 12.901
    annual_cost: 14.251298348965197
    efficiency: 0.921274
    discharge_ratio: 2
    depth_of_discharge: 0.9
  Pb-acid:
    cost: 162.231
    lifetime: 9.70913
    annual_cost: 16.709118118719186
    efficiency: 0.708132
    discharge_ratio: 5
    depth_of_discharge: 0.5
  VRBF:
    cost: 103.889
    lifetime: 26.5724
    annual_cost: 3.9096581415303095
    efficiency: 0.744762
    discharge_ratio: 0.5
    depth_of_discharge: 1.0
