cost_values:
  wind_capex: 5000.0
  wind_opex: 100
  wind_lifetime: 20
  solar_capex: 1000.0
  solar_opex: 10
  solar_lifetime: 20
  carbon_price: 1.0
timeseries_values:
  load_level: 227636.39191827484
  wind_year: 2016
  solar_year: 2011
  price_year: 2023
  carbon_year: 2023
storage_values:
  CAES:
    cost: 57.6738
    lifetime: 28.3717
    annual_cost: 2.032793241152275
    efficiency: 0.612943
    discharge_ratio: 0.1
    depth_of_discharge: 0.4
  Li-ion:
    cost: 168.997
    lifetime: 14.4252
    annual_cost: 11.715400826331699
    efficiency: 0.922779
    discharge_ratio: 2
    depth_of_discharge: 0.9
  Pb-acid:
    cost: 158.925
    lifetime: 10.107
    annual_cost: 15.724250519441973
    efficiency: 0.709062
    discharge_ratio: 5
    depth_of_discharge: 0.5
  VRBF:
    cost: 130.982
    lifetime: 27.4807
    annual_cost: 4.7663269130699
    efficiency: 0.749401
    discharge_ratio: 0.5
    depth_of_discharge: 1.0
