cost_values:
  wind_capex: 5000.0
  wind_opex: 100
  wind_lifetime: 20
  solar_capex: 1000.0
  solar_opex: 10
  solar_lifetime: 20
  carbon_price: 1.0
timeseries_values:
  load_level: 227636.39191827484
  wind_year: 2016
  solar_year: 2011
  price_year: 2023
  carbon_year: 2023
storage_values:
  CAES:
    cost: 65.7321
    lifetime: 27.7233
    annual_cost: 2.37100561621452
    efficiency: 0.616603
    discharge_ratio: 0.1
    depth_of_discharge: 0.4
  Li-ion:
    cost: 176.712
    lifetime: 13.918
    annual_cost: 12.696651817789911
    efficiency: 0.944359
    discharge_ratio: 2
    depth_of_discharge: 0.9
  Pb-acid:
    cost: 148.665
    lifetime: 10.4798
    annual_cost: 14.1858623256169
    efficiency: 0.679849
    discharge_ratio: 5
    depth_of_discharge: 0.5
  VRBF:
    cost: 154.707
    lifetime: 25.7197
    annual_cost: 6.015116817070183
    efficiency: 0.736364
    discharge_ratio: 0.5
    depth_of_discharge: 1.0
