cost_values:
  wind_capex: 5000.0
  wind_opex: 100
  wind_lifetime: 20
  solar_capex: 1000.0
  solar_opex: 10
  solar_lifetime: 20
  carbon_price: 1.0
timeseries_values:
  load_level: 273741.498817583
  wind_year: 2011
  solar_year: 2014
  price_year: 2023
  carbon_year: 2023
storage_values:
  CAES:
    cost: 51.8908
    lifetime: 29.3695
    annual_cost: 1.766826129147585
    efficiency: 0.601179
    discharge_ratio: 0.1
    depth_of_discharge: 0.4
  Li-ion:
    cost: 143.168
    lifetime: 17.1473
    annual_cost: 8.349302805689526
    efficiency: 0.887383
    discharge_ratio: 2
    depth_of_discharge: 0.9
  Pb-acid:
    cost: 77.574
    lifetime: 11.368
    annual_cost: 6.823891625615763
    efficiency: 0.713454
    discharge_ratio: 5
    depth_of_discharge: 0.5
  VRBF:
    cost: 223.293
    lifetime: 13.6009
    annual_cost: 16.417516487879478
    efficiency: 0.720645
    discharge_ratio: 0.5
    depth_of_discharge: 1.0
