cost_values:
  wind_capex: 5000.0
  wind_opex: 100
  wind_lifetime: 20
  solar_capex: 1000.0
  solar_opex: 10
  solar_lifetime: 20
  carbon_price: 1.0
timeseries_values:
  load_level: 273741.498817583
  wind_year: 2011
  solar_year: 2014
  price_year: 2023
  carbon_year: 2023
storage_values:
  CAES:
    cost: 56.1728
    lifetime: 29.3298
    annual_cost: 1.9152125142346694
    efficiency: 0.611667
    discharge_ratio: 0.1
    depth_of_discharge: 0.4
  Li-ion:
    cost: 171.031
    lifetime: 15.4373
    annual_cost: 11.079074708660194
    efficiency: 0.893588
    discharge_ratio: 2
    depth_of_discharge: 0.9
  Pb-acid:
    cost: 62.3969
    lifetime: 11.1516
    annual_cost: 5.595331611607303
    efficiency: 0.703768
    discharge_ratio: 5
    depth_of_discharge: 0.5
  VRBF:
    cost: 205.944
    lifetime: 13.7173
    annual_cost: 15.01345016876499
    efficiency: 0.716382
    discharge_ratio: 0.5
    depth_of_discharge: 1.0
