cost_values:
  wind_capex: 5000.0
  wind_opex: 100
  wind_lifetime: 20
  solar_capex: 1000.0
  solar_opex: 10
  solar_lifetime: 20
  carbon_price: 1.0
timeseries_values:
  load_level: 273741.498817583
  wind_year: 2011
  solar_year: 2014
  price_year: 2023
  carbon_year: 2023
storage_values:
  CAES:
    cost: 46.584
    lifetime: 28.7978
    annual_cost: 1.617623568467036
    efficiency: 0.605204
    discharge_ratio: 0.1
    depth_of_discharge: 0.4
  Li-ion:
    cost: 169.04
    lifetime: 18.2644
    annual_cost: 9.255163049429491
    efficiency: 0.898466
    discharge_ratio: 2
    depth_of_discharge: 0.9
  Pb-acid:
    cost: 76.6677
    lifetime: 10.8948
    annual_cost: 7.037091089327018
    efficiency: 0.682943
    discharge_ratio: 5
    depth_of_discharge: 0.5
  VRBF:
    cost: 191.365
    lifetime: 12.7018
    annual_cost: 15.065974901195107
    efficiency: 0.720386
    discharge_ratio: 0.5
    depth_of_discharge: 1.0
