cost_values:
  wind_capex: 5000.0
  wind_opex: 100
  wind_lifetime: 20
  solar_capex: 1000.0
  solar_opex: 10
  solar_lifetime: 20
  carbon_price: 1.0
timeseries_values:
  load_level: 273741.498817583
  wind_year: 2011
  solar_year: 2014
  price_year: 2023
  carbon_year: 2023
storage_values:
  CAES:
    cost: 53.4873
    lifetime: 28.4563
    annual_cost: 1.8796294669370228
    efficiency: 0.605709
    discharge_ratio: 0.1
    depth_of_discharge: 0.4
  Li-ion:
    cost: 147.445
    lifetime: 16.8756
    annual_cost: 8.737170826518762
    efficiency: 0.88422
    discharge_ratio: 2
    depth_of_discharge: 0.9
  Pb-acid:
    cost: 73.4892
    lifetime: 12.6191
    annual_cost: 5.823648279195822
    efficiency: 0.693697
    discharge_ratio: 5
    depth_of_discharge: 0.5
  VRBF:
    cost: 190.071
    lifetime: 10.8244
    annual_cost: 17.55949521451535
    efficiency: 0.71524
    discharge_ratio: 0.5
    depth_of_discharge: 1.0
