cost_values:
  wind_capex: 5000.0
  wind_opex: 100
  wind_lifetime: 20
  solar_capex: 1000.0
  solar_opex: 10
  solar_lifetime: 20
  carbon_price: 1.0
timeseries_values:
  load_level: 273741.498817583
  wind_year: 2011
  solar_year: 2014
  price_year: 2023
  carbon_year: 2023
storage_values:
  CAES:
    cost: 54.7342
    lifetime: 29.1608
    annual_cost: 1.8769786837123812
    efficiency: 0.611451
    discharge_ratio: 0.1
    depth_of_discharge: 0.4
  Li-ion:
    cost: 153.628
    lifetime: 15.4146
    annual_cost: 9.966395495179894
    efficiency: 0.871283
    discharge_ratio: 2
    depth_of_discharge: 0.9
  Pb-acid:
    cost: 73.5469
    lifetime: 12.4828
    annual_cost: 5.891859198256801
    efficiency: 0.69607
    discharge_ratio: 5
    depth_of_discharge: 0.5
  VRBF:
    cost: 191.696
    lifetime: 13.0736
    annual_cost: 14.66283196671154
    efficiency: 0.715574
    discharge_ratio: 0.5
    depth_of_discharge: 1.0
