cost_values:
  wind_capex: 5000.0
  wind_opex: 100
  wind_lifetime: 20
  solar_capex: 1000.0
  solar_opex: 10
  solar_lifetime: 20
  carbon_price: 1.0
timeseries_values:
  load_level: 273741.498817583
  wind_year: 2011
  solar_year: 2014
  price_year: 2023
  carbon_year: 2023
storage_values:
  CAES:
    cost: 53.9606
    lifetime: 29.3595
    annual_cost: 1.837926395204278
    efficiency: 0.602603
    discharge_ratio: 0.1
    depth_of_discharge: 0.4
  Li-ion:
    cost: 163.603
    lifetime: 16.9508
    annual_cost: 9.65163886070274
    efficiency: 0.871093
    discharge_ratio: 2
    depth_of_discharge: 0.9
  Pb-acid:
    cost: 57.4651
    lifetime: 11.6129
    annual_cost: 4.948384985662496
    efficiency: 0.698565
    discharge_ratio: 5
    depth_of_discharge: 0.5
  VRBF:
    cost: 252.878
    lifetime: 14.5647
    annual_cost: 17.362389887879598
    efficiency: 0.729341
    discharge_ratio: 0.5
    depth_of_discharge: 1.0
