cost_values:
  wind_capex: 5000.0
  wind_opex: 100
  wind_lifetime: 20
  solar_capex: 1000.0
  solar_opex: 10
  solar_lifetime: 20
  carbon_price: 1.0
timeseries_values:
  load_level: 273741.498817583
  wind_year: 2011
  solar_year: 2014
  price_year: 2023
  carbon_year: 2023
storage_values:
  CAES:
    cost: 55.6115
    lifetime: 29.9333
    annual_cost: 1.8578472804535417
    efficiency: 0.608574
    discharge_ratio: 0.1
    depth_of_discharge: 0.4
  Li-ion:
    cost: 185.873
    lifetime: 17.5565
    annual_cost: 10.587132970694615
    efficiency: 0.871173
    discharge_ratio: 2
    depth_of_discharge: 0.9
  Pb-acid:
    cost: 52.3416
    lifetime: 11.2766
    annual_cost: 4.641611833354025
    efficiency: 0.682294
    discharge_ratio: 5
    depth_of_discharge: 0.5
  VRBF:
    cost: 227.393
    lifetime: 13.1559
    annual_cost: 17.28448832843059
    efficiency: 0.710206
    discharge_ratio: 0.5
    depth_of_discharge: 1.0
