cost_values:
  wind_capex: 5000.0
  wind_opex: 100
  wind_lifetime: 20
  solar_capex: 1000.0
  solar_opex: 10
  solar_lifetime: 20
  carbon_price: 1.0
timeseries_values:
  load_level: 273741.498817583
  wind_year: 2011
  solar_year: 2014
  price_year: 2023
  carbon_year: 2023
storage_values:
  CAES:
    cost: 49.5739
    lifetime: 29.403
    annual_cost: 1.686015032479679
    efficiency: 0.598516
    discharge_ratio: 0.1
    depth_of_discharge: 0.4
  Li-ion:
    cost: 150.704
    lifetime: 18.1734
    annual_cost: 8.292559455027678
    efficiency: 0.895334
    discharge_ratio: 2
    depth_of_discharge: 0.9
  Pb-acid:
    cost: 82.5617
    lifetime: 10.1067
    annual_cost: 8.16900669852672
    efficiency: 0.685663
    discharge_ratio: 5
    depth_of_discharge: 0.5
  VRBF:
    cost: 218.685
    lifetime: 14.747
    annual_cost: 14.829117786668474
    efficiency: 0.70466
    discharge_ratio: 0.5
    depth_of_discharge: 1.0
