cost_values:
  wind_capex: 5000.0
  wind_opex: 100
  wind_lifetime: 20
  solar_capex: 1000.0
  solar_opex: 10
  solar_lifetime: 20
  carbon_price: 1.0
timeseries_values:
  load_level: 273741.498817583
  wind_year: 2011
  solar_year: 2014
  price_year: 2023
  carbon_year: 2023
storage_values:
  CAES:
    cost: 54.3359
    lifetime: 28.6373
    annual_cost: 1.8973820856016455
    efficiency: 0.597024
    discharge_ratio: 0.1
    depth_of_discharge: 0.4
  Li-ion:
    cost: 158.768
    lifetime: 15.9579
    annual_cost: 9.949178776656076
    efficiency: 0.872522
    discharge_ratio: 2
    depth_of_discharge: 0.9
  Pb-acid:
    cost: 83.7416
    lifetime: 11.2353
    annual_cost: 7.4534369353733325
    efficiency: 0.679004
    discharge_ratio: 5
    depth_of_discharge: 0.5
  VRBF:
    cost: 191.26
    lifetime: 10.5732
    annual_cost: 18.089131010479324
    efficiency: 0.724887
    discharge_ratio: 0.5
    depth_of_discharge: 1.0
