cost_values:
  wind_capex: 5000.0
  wind_opex: 100
  wind_lifetime: 20
  solar_capex: 1000.0
  solar_opex: 10
  solar_lifetime: 20
  carbon_price: 1.0
timeseries_values:
  load_level: 273741.498817583
  wind_year: 2011
  solar_year: 2014
  price_year: 2023
  carbon_year: 2023
storage_values:
  CAES:
    cost: 52.0644
    lifetime: 29.2789
    annual_cost: 1.7782225425135507
    efficiency: 0.604792
    discharge_ratio: 0.1
    depth_of_discharge: 0.4
  Li-ion:
    cost: 163.749
    lifetime: 17.0704
    annual_cost: 9.59256959415128
    efficiency: 0.87051
    discharge_ratio: 2
    depth_of_discharge: 0.9
  Pb-acid:
    cost: 89.5665
    lifetime: 11.1104
    annual_cost: 8.061500936059907
    efficiency: 0.701911
    discharge_ratio: 5
    depth_of_discharge: 0.5
  VRBF:
    cost: 225.851
    lifetime: 15.1164
    annual_cost: 14.940792781350057
    efficiency: 0.704931
    discharge_ratio: 0.5
    depth_of_discharge: 1.0
