cost_values:
  wind_capex: 5000.0
  wind_opex: 100
  wind_lifetime: 20
  solar_capex: 1000.0
  solar_opex: 10
  solar_lifetime: 20
  carbon_price: 1.0
timeseries_values:
  load_level: 273741.498817583
  wind_year: 2011
  solar_year: 2014
  price_year: 2023
  carbon_year: 2023
storage_values:
  CAES:
    cost: 54.5337
    lifetime: 28.9585
    annual_cost: 1.8831672911235044
    efficiency: 0.604731
    discharge_ratio: 0.1
    depth_of_discharge: 0.4
  Li-ion:
    cost: 157.463
    lifetime: 14.8088
    annual_cost: 10.633069526227649
    efficiency: 0.878683
    discharge_ratio: 2
    depth_of_discharge: 0.9
  Pb-acid:
    cost: 87.2009
    lifetime: 11.9729
    annual_cost: 7.283189536369636
    efficiency: 0.700639
    discharge_ratio: 5
    depth_of_discharge: 0.5
  VRBF:
    cost: 199.709
    lifetime: 14.3668
    annual_cost: 13.900729459587383
    efficiency: 0.729681
    discharge_ratio: 0.5
    depth_of_discharge: 1.0
