cost_values:
  wind_capex: 5000.0
  wind_opex: 100
  wind_lifetime: 20
  solar_capex: 1000.0
  solar_opex: 10
  solar_lifetime: 20
  carbon_price: 1.0
timeseries_values:
  load_level: 273741.498817583
  wind_year: 2011
  solar_year: 2014
  price_year: 2023
  carbon_year: 2023
storage_values:
  CAES:
    cost: 59.2376
    lifetime: 28.9077
    annual_cost: 2.0491979645561567
    efficiency: 0.597746
    discharge_ratio: 0.1
    depth_of_discharge: 0.4
  Li-ion:
    cost: 173.425
    lifetime: 16.7403
    annual_cost: 10.359730709724436
    efficiency: 0.887401
    discharge_ratio: 2
    depth_of_discharge: 0.9
  Pb-acid:
    cost: 92.5488
    lifetime: 12.8683
    annual_cost: 7.1919989431393425
    efficiency: 0.705244
    discharge_ratio: 5
    depth_of_discharge: 0.5
  VRBF:
    cost: 254.16
    lifetime: 13.2888
    annual_cost: 19.125880440671843
    efficiency: 0.72671
    discharge_ratio: 0.5
    depth_of_discharge: 1.0
