cost_values:
  wind_capex: 5000.0
  wind_opex: 100
  wind_lifetime: 20
  solar_capex: 1000.0
  solar_opex: 10
  solar_lifetime: 20
  carbon_price: 1.0
timeseries_values:
  load_level: 273741.498817583
  wind_year: 2011
  solar_year: 2014
  price_year: 2023
  carbon_year: 2023
storage_values:
  CAES:
    cost: 59.2757
    lifetime: 28.7484
    annual_cost: 2.061878226266505
    efficiency: 0.610551
    discharge_ratio: 0.1
    depth_of_discharge: 0.4
  Li-ion:
    cost: 137.336
    lifetime: 16.5932
    annual_cost: 8.276643444302486
    efficiency: 0.883035
    discharge_ratio: 2
    depth_of_discharge: 0.9
  Pb-acid:
    cost: 60.2401
    lifetime: 8.78669
    annual_cost: 6.855835360073019
    efficiency: 0.701489
    discharge_ratio: 5
    depth_of_discharge: 0.5
  VRBF:
    cost: 234.94
    lifetime: 12.7984
    annual_cost: 18.356982122765345
    efficiency: 0.712145
    discharge_ratio: 0.5
    depth_of_discharge: 1.0
