cost_values:
  wind_capex: 5000.0
  wind_opex: 100
  wind_lifetime: 20
  solar_capex: 1000.0
  solar_opex: 10
  solar_lifetime: 20
  carbon_price: 1.0
timeseries_values:
  load_level: 273741.498817583
  wind_year: 2011
  solar_year: 2014
  price_year: 2023
  carbon_year: 2023
storage_values:
  CAES:
    cost: 55.5136
    lifetime: 29.3697
    annual_cost: 1.8901657150056008
    efficiency: 0.610134
    discharge_ratio: 0.1
    depth_of_discharge: 0.4
  Li-ion:
    cost: 163.846
    lifetime: 15.9171
    annual_cost: 10.293709281213287
    efficiency: 0.892881
    discharge_ratio: 2
    depth_of_discharge: 0.9
  Pb-acid:
    cost: 56.9199
    lifetime: 10.597
    annual_cost: 5.371322072284609
    efficiency: 0.697506
    discharge_ratio: 5
    depth_of_discharge: 0.5
  VRBF:
    cost: 231.049
    lifetime: 14.5009
    annual_cost: 15.933424821907607
    efficiency: 0.712871
    discharge_ratio: 0.5
    depth_of_discharge: 1.0
