cost_values:
  wind_capex: 5000.0
  wind_opex: 100
  wind_lifetime: 20
  solar_capex: 1000.0
  solar_opex: 10
  solar_lifetime: 20
  carbon_price: 1.0
timeseries_values:
  load_level: 273741.498817583
  wind_year: 2011
  solar_year: 2014
  price_year: 2023
  carbon_year: 2023
storage_values:
  CAES:
    cost: 47.7698
    lifetime: 28.3069
    annual_cost: 1.6875673422381114
    efficiency: 0.602438
    discharge_ratio: 0.1
    depth_of_discharge: 0.4
  Li-ion:
    cost: 152.828
    lifetime: 17.0142
    annual_cost: 8.98237942424563
    efficiency: 0.872256
    discharge_ratio: 2
    depth_of_discharge: 0.9
  Pb-acid:
    cost: 81.6158
    lifetime: 10.6548
    annual_cost: 7.660003003341217
    efficiency: 0.69558
    discharge_ratio: 5
    depth_of_discharge: 0.5
  VRBF:
    cost: 220.923
    lifetime: 13.5137
    annual_cost: 16.34807639654573
    efficiency: 0.694755
    discharge_ratio: 0.5
    depth_of_discharge: 1.0
