cost_values:
  wind_capex: 5000.0
  wind_opex: 100
  wind_lifetime: 20
  solar_capex: 1000.0
  solar_opex: 10
  solar_lifetime: 20
  carbon_price: 1.0
timeseries_values:
  load_level: 273741.498817583
  wind_year: 2011
  solar_year: 2014
  price_year: 2023
  carbon_year: 2023
storage_values:
  CAES:
    cost: 52.2487
    lifetime: 28.5077
    annual_cost: 1.8327925437688766
    efficiency: 0.604704
    discharge_ratio: 0.1
    depth_of_discharge: 0.4
  Li-ion:
    cost: 174.54
    lifetime: 15.2562
    annual_cost: 11.440594643489204
    efficiency: 0.898032
    discharge_ratio: 2
    depth_of_discharge: 0.9
  Pb-acid:
    cost: 67.7589
    lifetime: 12.2543
    annual_cost: 5.529397844022098
    efficiency: 0.689689
    discharge_ratio: 5
    depth_of_discharge: 0.5
  VRBF:
    cost: 221.342
    lifetime: 15.1884
    annual_cost: 14.573095256906587
    efficiency: 0.719762
    discharge_ratio: 0.5
    depth_of_discharge: 1.0
