cost_values:
  wind_capex: 5000.0
  wind_opex: 100
  wind_lifetime: 20
  solar_capex: 1000.0
  solar_opex: 10
  solar_lifetime: 20
  carbon_price: 1.0
timeseries_values:
  load_level: 273741.498817583
  wind_year: 2011
  solar_year: 2014
  price_year: 2023
  carbon_year: 2023
storage_values:
  CAES:
    cost: 51.9738
    lifetime: 28.3486
    annual_cost: 1.833381542651136
    efficiency: 0.607465
    discharge_ratio: 0.1
    depth_of_discharge: 0.4
  Li-ion:
    cost: 153.557
    lifetime: 16.1215
    annual_cost: 9.524982166671835
    efficiency: 0.886836
    discharge_ratio: 2
    depth_of_discharge: 0.9
  Pb-acid:
    cost: 64.0683
    lifetime: 12.1756
    annual_cost: 5.262024048096192
    efficiency: 0.696506
    discharge_ratio: 5
    depth_of_discharge: 0.5
  VRBF:
    cost: 219.291
    lifetime: 12.2581
    annual_cost: 17.889477162039793
    efficiency: 0.712782
    discharge_ratio: 0.5
    depth_of_discharge: 1.0
