cost_values:
  wind_capex: 5000.0
  wind_opex: 100
  wind_lifetime: 20
  solar_capex: 1000.0
  solar_opex: 10
  solar_lifetime: 20
  carbon_price: 1.0
timeseries_values:
  load_level: 273741.498817583
  wind_year: 2011
  solar_year: 2014
  price_year: 2023
  carbon_year: 2023
storage_values:
  CAES:
    cost: 54.3543
    lifetime: 29.8645
    annual_cost: 1.820030470960505
    efficiency: 0.603218
    discharge_ratio: 0.1
    depth_of_discharge: 0.4
  Li-ion:
    cost: 168.305
    lifetime: 19.5084
    annual_cost: 8.62730926165139
    efficiency: 0.882674
    discharge_ratio: 2
    depth_of_discharge: 0.9
  Pb-acid:
    cost: 71.8586
    lifetime: 9.66295
    annual_cost: 7.436507484774317
    efficiency: 0.698526
    discharge_ratio: 5
    depth_of_discharge: 0.5
  VRBF:
    cost: 220.166
    lifetime: 13.1089
    annual_cost: 16.795154437061843
    efficiency: 0.699531
    discharge_ratio: 0.5
    depth_of_discharge: 1.0
