cost_values:
  wind_capex: 5000.0
  wind_opex: 100
  wind_lifetime: 20
  solar_capex: 1000.0
  solar_opex: 10
  solar_lifetime: 20
  carbon_price: 1.0
timeseries_values:
  load_level: 273741.498817583
  wind_year: 2011
  solar_year: 2014
  price_year: 2023
  carbon_year: 2023
storage_values:
  CAES:
    cost: 49.5137
    lifetime: 28.9808
    annual_cost: 1.708500110417932
    efficiency: 0.600208
    discharge_ratio: 0.1
    depth_of_discharge: 0.4
  Li-ion:
    cost: 192.91
    lifetime: 15.4712
    annual_cost: 12.468974610889912
    efficiency: 0.88515
    discharge_ratio: 2
    depth_of_discharge: 0.9
  Pb-acid:
    cost: 79.6308
    lifetime: 11.8944
    annual_cost: 6.694814366424536
    efficiency: 0.708217
    discharge_ratio: 5
    depth_of_discharge: 0.5
  VRBF:
    cost: 238.849
    lifetime: 11.7628
    annual_cost: 20.305454483626345
    efficiency: 0.714333
    discharge_ratio: 0.5
    depth_of_discharge: 1.0
