cost_values:
  wind_capex: 5000.0
  wind_opex: 100
  wind_lifetime: 20
  solar_capex: 1000.0
  solar_opex: 10
  solar_lifetime: 20
  carbon_price: 1.0
timeseries_values:
  load_level: 273741.498817583
  wind_year: 2011
  solar_year: 2014
  price_year: 2023
  carbon_year: 2023
storage_values:
  CAES:
    cost: 52.7774
    lifetime: 28.3933
    annual_cost: 1.8587976740991712
    efficiency: 0.614154
    discharge_ratio: 0.1
    depth_of_discharge: 0.4
  Li-ion:
    cost: 146.774
    lifetime: 14.9126
    annual_cost: 9.842281024100426
    efficiency: 0.870073
    discharge_ratio: 2
    depth_of_discharge: 0.9
  Pb-acid:
    cost: 58.3413
    lifetime: 10.089
    annual_cost: 5.782664287838239
    efficiency: 0.714358
    discharge_ratio: 5
    depth_of_discharge: 0.5
  VRBF:
    cost: 224.201
    lifetime: 13.1422
    annual_cost: 17.05962472036645
    efficiency: 0.709681
    discharge_ratio: 0.5
    depth_of_discharge: 1.0
