cost_values:
  wind_capex: 5000.0
  wind_opex: 100
  wind_lifetime: 20
  solar_capex: 1000.0
  solar_opex: 10
  solar_lifetime: 20
  carbon_price: 1.0
timeseries_values:
  load_level: 273741.498817583
  wind_year: 2011
  solar_year: 2014
  price_year: 2023
  carbon_year: 2023
storage_values:
  CAES:
    cost: 56.0997
    lifetime: 28.7595
    annual_cost: 1.9506493506493507
    efficiency: 0.606743
    discharge_ratio: 0.1
    depth_of_discharge: 0.4
  Li-ion:
    cost: 142.313
    lifetime: 15.3775
    annual_cost: 9.254625264184686
    efficiency: 0.879814
    discharge_ratio: 2
    depth_of_discharge: 0.9
  Pb-acid:
    cost: 54.19
    lifetime: 11.2027
    annual_cost: 4.837226739982325
    efficiency: 0.701395
    discharge_ratio: 5
    depth_of_discharge: 0.5
  VRBF:
    cost: 235.7
    lifetime: 14.4143
    annual_cost: 16.351817292549757
    efficiency: 0.744836
    discharge_ratio: 0.5
    depth_of_discharge: 1.0
