cost_values:
  wind_capex: 5000.0
  wind_opex: 100
  wind_lifetime: 20
  solar_capex: 1000.0
  solar_opex: 10
  solar_lifetime: 20
  carbon_price: 1.0
timeseries_values:
  load_level: 273741.498817583
  wind_year: 2011
  solar_year: 2014
  price_year: 2023
  carbon_year: 2023
storage_values:
  CAES:
    cost: 50.2626
    lifetime: 29.7493
    annual_cost: 1.6895389135206542
    efficiency: 0.599008
    discharge_ratio: 0.1
    depth_of_discharge: 0.4
  Li-ion:
    cost: 154.51
    lifetime: 18.8388
    annual_cost: 8.201690128882944
    efficiency: 0.894123
    discharge_ratio: 2
    depth_of_discharge: 0.9
  Pb-acid:
    cost: 100.157
    lifetime: 11.6191
    annual_cost: 8.620030811336507
    efficiency: 0.705554
    discharge_ratio: 5
    depth_of_discharge: 0.5
  VRBF:
    cost: 246.077
    lifetime: 12.2351
    annual_cost: 20.112381590669468
    efficiency: 0.740543
    discharge_ratio: 0.5
    depth_of_discharge: 1.0
