cost_values:
  wind_capex: 5000.0
  wind_opex: 100
  wind_lifetime: 20
  solar_capex: 1000.0
  solar_opex: 10
  solar_lifetime: 20
  carbon_price: 1.0
timeseries_values:
  load_level: 273741.498817583
  wind_year: 2011
  solar_year: 2014
  price_year: 2023
  carbon_year: 2023
storage_values:
  CAES:
    cost: 51.3845
    lifetime: 29.6908
    annual_cost: 1.730653939940992
    efficiency: 0.604543
    discharge_ratio: 0.1
    depth_of_discharge: 0.4
  Li-ion:
    cost: 176.983
    lifetime: 16.4443
    annual_cost: 10.76257426585504
    efficiency: 0.88482
    discharge_ratio: 2
    depth_of_discharge: 0.9
  Pb-acid:
    cost: 85.4446
    lifetime: 11.4291
    annual_cost: 7.476056732376127
    efficiency: 0.719747
    discharge_ratio: 5
    depth_of_discharge: 0.5
  VRBF:
    cost: 254.475
    lifetime: 13.9921
    annual_cost: 18.187048405886177
    efficiency: 0.70863
    discharge_ratio: 0.5
    depth_of_discharge: 1.0
