cost_values:
  wind_capex: 5000.0
  wind_opex: 100
  wind_lifetime: 20
  solar_capex: 1000.0
  solar_opex: 10
  solar_lifetime: 20
  carbon_price: 1.0
timeseries_values:
  load_level: 273741.498817583
  wind_year: 2011
  solar_year: 2014
  price_year: 2023
  carbon_year: 2023
storage_values:
  CAES:
    cost: 53.5382
    lifetime: 28.8699
    annual_cost: 1.854464338290053
    efficiency: 0.608794
    discharge_ratio: 0.1
    depth_of_discharge: 0.4
  Li-ion:
    cost: 164.052
    lifetime: 18.7486
    annual_cost: 8.750093340302742
    efficiency: 0.87422
    discharge_ratio: 2
    depth_of_discharge: 0.9
  Pb-acid:
    cost: 75.4634
    lifetime: 10.7214
    annual_cost: 7.038577051504467
    efficiency: 0.705274
    discharge_ratio: 5
    depth_of_discharge: 0.5
  VRBF:
    cost: 220.281
    lifetime: 11.9814
    annual_cost: 18.385247133056236
    efficiency: 0.712405
    discharge_ratio: 0.5
    depth_of_discharge: 1.0
