cost_values:
  wind_capex: 5000.0
  wind_opex: 100
  wind_lifetime: 20
  solar_capex: 1000.0
  solar_opex: 10
  solar_lifetime: 20
  carbon_price: 1.0
timeseries_values:
  load_level: 273741.498817583
  wind_year: 2011
  solar_year: 2014
  price_year: 2023
  carbon_year: 2023
storage_values:
  CAES:
    cost: 51.4278
    lifetime: 29.1787
    annual_cost: 1.762511695174905
    efficiency: 0.606534
    discharge_ratio: 0.1
    depth_of_discharge: 0.4
  Li-ion:
    cost: 180.023
    lifetime: 18.2954
    annual_cost: 9.839795795664484
    efficiency: 0.879364
    discharge_ratio: 2
    depth_of_discharge: 0.9
  Pb-acid:
    cost: 87.5999
    lifetime: 11.8619
    annual_cost: 7.384980483733635
    efficiency: 0.690329
    discharge_ratio: 5
    depth_of_discharge: 0.5
  VRBF:
    cost: 251.119
    lifetime: 12.8596
    annual_cost: 19.527745808578803
    efficiency: 0.724563
    discharge_ratio: 0.5
    depth_of_discharge: 1.0
