cost_values:
  wind_capex: 5000.0
  wind_opex: 100
  wind_lifetime: 20
  solar_capex: 1000.0
  solar_opex: 10
  solar_lifetime: 20
  carbon_price: 1.0
timeseries_values:
  load_level: 273741.498817583
  wind_year: 2011
  solar_year: 2014
  price_year: 2023
  carbon_year: 2023
storage_values:
  CAES:
    cost: 51.1828
    lifetime: 28.9073
    annual_cost: 1.7705839009523547
    efficiency: 0.599823
    discharge_ratio: 0.1
    depth_of_discharge: 0.4
  Li-ion:
    cost: 168.016
    lifetime: 16.1295
    annual_cost: 10.416689915992436
    efficiency: 0.884734
    discharge_ratio: 2
    depth_of_discharge: 0.9
  Pb-acid:
    cost: 87.3279
    lifetime: 9.77506
    annual_cost: 8.933745675218361
    efficiency: 0.706501
    discharge_ratio: 5
    depth_of_discharge: 0.5
  VRBF:
    cost: 196.384
    lifetime: 13.8019
    annual_cost: 14.228765604735578
    efficiency: 0.725185
    discharge_ratio: 0.5
    depth_of_discharge: 1.0
