cost_values:
  wind_capex: 5000.0
  wind_opex: 100
  wind_lifetime: 20
  solar_capex: 1000.0
  solar_opex: 10
  solar_lifetime: 20
  carbon_price: 1.0
timeseries_values:
  load_level: 273741.498817583
  wind_year: 2011
  solar_year: 2014
  price_year: 2023
  carbon_year: 2023
storage_values:
  CAES:
    cost: 52.4624
    lifetime: 28.6892
    annual_cost: 1.828646319869498
    efficiency: 0.60098
    discharge_ratio: 0.1
    depth_of_discharge: 0.4
  Li-ion:
    cost: 157.909
    lifetime: 17.8718
    annual_cost: 8.83565169708703
    efficiency: 0.880016
    discharge_ratio: 2
    depth_of_discharge: 0.9
  Pb-acid:
    cost: 66.0569
    lifetime: 10.9815
    annual_cost: 6.01528935027091
    efficiency: 0.708788
    discharge_ratio: 5
    depth_of_discharge: 0.5
  VRBF:
    cost: 213.018
    lifetime: 14.5259
    annual_cost: 14.664702359234196
    efficiency: 0.729874
    discharge_ratio: 0.5
    depth_of_discharge: 1.0
