cost_values:
  wind_capex: 5000.0
  wind_opex: 100
  wind_lifetime: 20
  solar_capex: 1000.0
  solar_opex: 10
  solar_lifetime: 20
  carbon_price: 1.0
timeseries_values:
  load_level: 273741.498817583
  wind_year: 2011
  solar_year: 2014
  price_year: 2023
  carbon_year: 2023
storage_values:
  CAES:
    cost: 55.1422
    lifetime: 28.1403
    annual_cost: 1.9595455627694092
    efficiency: 0.600189
    discharge_ratio: 0.1
    depth_of_discharge: 0.4
  Li-ion:
    cost: 176.262
    lifetime: 14.2437
    annual_cost: 12.374734092967417
    efficiency: 0.876762
    discharge_ratio: 2
    depth_of_discharge: 0.9
  Pb-acid:
    cost: 101.135
    lifetime: 11.9719
    annual_cost: 8.4476983603271
    efficiency: 0.712827
    discharge_ratio: 5
    depth_of_discharge: 0.5
  VRBF:
    cost: 225.566
    lifetime: 14.4915
    annual_cost: 15.565400407135217
    efficiency: 0.731698
    discharge_ratio: 0.5
    depth_of_discharge: 1.0
