cost_values:
  wind_capex: 5000.0
  wind_opex: 100
  wind_lifetime: 20
  solar_capex: 1000.0
  solar_opex: 10
  solar_lifetime: 20
  carbon_price: 1.0
timeseries_values:
  load_level: 273741.498817583
  wind_year: 2011
  solar_year: 2014
  price_year: 2023
  carbon_year: 2023
storage_values:
  CAES:
    cost: 55.7946
    lifetime: 29.2886
    annual_cost: 1.9049937518351852
    efficiency: 0.596786
    discharge_ratio: 0.1
    depth_of_discharge: 0.4
  Li-ion:
    cost: 165.366
    lifetime: 15.1493
    annual_cost: 10.915751882925285
    efficiency: 0.884463
    discharge_ratio: 2
    depth_of_discharge: 0.9
  Pb-acid:
    cost: 81.5685
    lifetime: 11.0797
    annual_cost: 7.36197730985496
    efficiency: 0.701088
    discharge_ratio: 5
    depth_of_discharge: 0.5
  VRBF:
    cost: 233.493
    lifetime: 13.2417
    annual_cost: 17.633158884433268
    efficiency: 0.731356
    discharge_ratio: 0.5
    depth_of_discharge: 1.0
