cost_values:
  wind_capex: 5000.0
  wind_opex: 100
  wind_lifetime: 20
  solar_capex: 1000.0
  solar_opex: 10
  solar_lifetime: 20
  carbon_price: 1.0
timeseries_values:
  load_level: 273741.498817583
  wind_year: 2011
  solar_year: 2014
  price_year: 2023
  carbon_year: 2023
storage_values:
  CAES:
    cost: 51.8557
    lifetime: 29.0553
    annual_cost: 1.7847243015904155
    efficiency: 0.603413
    discharge_ratio: 0.1
    depth_of_discharge: 0.4
  Li-ion:
    cost: 192.058
    lifetime: 16.1265
    annual_cost: 11.909465786128422
    efficiency: 0.876927
    discharge_ratio: 2
    depth_of_discharge: 0.9
  Pb-acid:
    cost: 83.261
    lifetime: 12.6468
    annual_cost: 6.583562640351709
    efficiency: 0.686402
    discharge_ratio: 5
    depth_of_discharge: 0.5
  VRBF:
    cost: 240.184
    lifetime: 14.2758
    annual_cost: 16.82455624203197
    efficiency: 0.732282
    discharge_ratio: 0.5
    depth_of_discharge: 1.0
