cost_values:
  wind_capex: 5000.0
  wind_opex: 100
  wind_lifetime: 20
  solar_capex: 1000.0
  solar_opex: 10
  solar_lifetime: 20
  carbon_price: 1.0
timeseries_values:
  load_level: 273741.498817583
  wind_year: 2011
  solar_year: 2014
  price_year: 2023
  carbon_year: 2023
storage_values:
  CAES:
    cost: 53.8958
    lifetime: 28.3713
    annual_cost: 1.899659162604463
    efficiency: 0.600649
    discharge_ratio: 0.1
    depth_of_discharge: 0.4
  Li-ion:
    cost: 154.778
    lifetime: 16.3322
    annual_cost: 9.476861659788637
    efficiency: 0.886056
    discharge_ratio: 2
    depth_of_discharge: 0.9
  Pb-acid:
    cost: 91.0426
    lifetime: 11.3841
    annual_cost: 7.997347177203292
    efficiency: 0.710652
    discharge_ratio: 5
    depth_of_discharge: 0.5
  VRBF:
    cost: 175.88
    lifetime: 15.5038
    annual_cost: 11.344315587146376
    efficiency: 0.725866
    discharge_ratio: 0.5
    depth_of_discharge: 1.0
