cost_values:
  wind_capex: 5000.0
  wind_opex: 100
  wind_lifetime: 20
  solar_capex: 1000.0
  solar_opex: 10
  solar_lifetime: 20
  carbon_price: 1.0
timeseries_values:
  load_level: 273741.498817583
  wind_year: 2011
  solar_year: 2014
  price_year: 2023
  carbon_year: 2023
storage_values:
  CAES:
    cost: 55.962
    lifetime: 28.8694
    annual_cost: 1.938453864645611
    efficiency: 0.605528
    discharge_ratio: 0.1
    depth_of_discharge: 0.4
  Li-ion:
    cost: 173.04
    lifetime: 17.0519
    annual_cost: 10.147842762390114
    efficiency: 0.882073
    discharge_ratio: 2
    depth_of_discharge: 0.9
  Pb-acid:
    cost: 70.8409
    lifetime: 11.7586
    annual_cost: 6.024603269096662
    efficiency: 0.709819
    discharge_ratio: 5
    depth_of_discharge: 0.5
  VRBF:
    cost: 227.151
    lifetime: 12.257
    annual_cost: 18.532348861874848
    efficiency: 0.707785
    discharge_ratio: 0.5
    depth_of_discharge: 1.0
