cost_values:
  wind_capex: 5000.0
  wind_opex: 100
  wind_lifetime: 20
  solar_capex: 1000.0
  solar_opex: 10
  solar_lifetime: 20
  carbon_price: 1.0
timeseries_values:
  load_level: 273741.498817583
  wind_year: 2011
  solar_year: 2014
  price_year: 2023
  carbon_year: 2023
storage_values:
  CAES:
    cost: 54.3798
    lifetime: 28.5868
    annual_cost: 1.902269578966516
    efficiency: 0.608016
    discharge_ratio: 0.1
    depth_of_discharge: 0.4
  Li-ion:
    cost: 167.065
    lifetime: 17.7084
    annual_cost: 9.434223306453434
    efficiency: 0.883131
    discharge_ratio: 2
    depth_of_discharge: 0.9
  Pb-acid:
    cost: 51.0198
    lifetime: 10.8681
    annual_cost: 4.694454412454799
    efficiency: 0.701227
    discharge_ratio: 5
    depth_of_discharge: 0.5
  VRBF:
    cost: 217.363
    lifetime: 14.5639
    annual_cost: 14.924779763662206
    efficiency: 0.714092
    discharge_ratio: 0.5
    depth_of_discharge: 1.0
