cost_values:
  wind_capex: 5000.0
  wind_opex: 100
  wind_lifetime: 20
  solar_capex: 1000.0
  solar_opex: 10
  solar_lifetime: 20
  carbon_price: 1.0
timeseries_values:
  load_level: 273741.498817583
  wind_year: 2011
  solar_year: 2014
  price_year: 2023
  carbon_year: 2023
storage_values:
  CAES:
    cost: 52.1107
    lifetime: 29.3613
    annual_cost: 1.7748090173119038
    efficiency: 0.615173
    discharge_ratio: 0.1
    depth_of_discharge: 0.4
  Li-ion:
    cost: 169.133
    lifetime: 17.7434
    annual_cost: 9.532164072274762
    efficiency: 0.871832
    discharge_ratio: 2
    depth_of_discharge: 0.9
  Pb-acid:
    cost: 71.2689
    lifetime: 11.8847
    annual_cost: 5.99669322742686
    efficiency: 0.69311
    discharge_ratio: 5
    depth_of_discharge: 0.5
  VRBF:
    cost: 206.218
    lifetime: 12.4251
    annual_cost: 16.596888556228922
    efficiency: 0.720097
    discharge_ratio: 0.5
    depth_of_discharge: 1.0
