cost_values:
  wind_capex: 5000.0
  wind_opex: 100
  wind_lifetime: 20
  solar_capex: 1000.0
  solar_opex: 10
  solar_lifetime: 20
  carbon_price: 1.0
timeseries_values:
  load_level: 273741.498817583
  wind_year: 2011
  solar_year: 2014
  price_year: 2023
  carbon_year: 2023
storage_values:
  CAES:
    cost: 55.4828
    lifetime: 28.2873
    annual_cost: 1.9614031738624753
    efficiency: 0.607324
    discharge_ratio: 0.1
    depth_of_discharge: 0.4
  Li-ion:
    cost: 181.367
    lifetime: 16.3973
    annual_cost: 11.060784397431282
    efficiency: 0.885159
    discharge_ratio: 2
    depth_of_discharge: 0.9
  Pb-acid:
    cost: 62.2129
    lifetime: 12.8055
    annual_cost: 4.858295263753855
    efficiency: 0.696321
    discharge_ratio: 5
    depth_of_discharge: 0.5
  VRBF:
    cost: 205.522
    lifetime: 10.6057
    annual_cost: 19.378447438641484
    efficiency: 0.696485
    discharge_ratio: 0.5
    depth_of_discharge: 1.0
