cost_values:
  wind_capex: 5000.0
  wind_opex: 100
  wind_lifetime: 20
  solar_capex: 1000.0
  solar_opex: 10
  solar_lifetime: 20
  carbon_price: 1.0
timeseries_values:
  load_level: 273741.498817583
  wind_year: 2011
  solar_year: 2014
  price_year: 2023
  carbon_year: 2023
storage_values:
  CAES:
    cost: 50.0031
    lifetime: 29.1523
    annual_cost: 1.715236876678684
    efficiency: 0.612392
    discharge_ratio: 0.1
    depth_of_discharge: 0.4
  Li-ion:
    cost: 155.598
    lifetime: 15.8919
    annual_cost: 9.791025616823665
    efficiency: 0.893902
    discharge_ratio: 2
    depth_of_discharge: 0.9
  Pb-acid:
    cost: 77.2888
    lifetime: 11.0935
    annual_cost: 6.9670347500788745
    efficiency: 0.714717
    discharge_ratio: 5
    depth_of_discharge: 0.5
  VRBF:
    cost: 208.279
    lifetime: 12.1292
    annual_cost: 17.171701348811133
    efficiency: 0.728694
    discharge_ratio: 0.5
    depth_of_discharge: 1.0
