cost_values:
  wind_capex: 5000.0
  wind_opex: 100
  wind_lifetime: 20
  solar_capex: 1000.0
  solar_opex: 10
  solar_lifetime: 20
  carbon_price: 1.0
timeseries_values:
  load_level: 273741.498817583
  wind_year: 2011
  solar_year: 2014
  price_year: 2023
  carbon_year: 2023
storage_values:
  CAES:
    cost: 53.8301
    lifetime: 28.1591
    annual_cost: 1.9116413521738977
    efficiency: 0.592936
    discharge_ratio: 0.1
    depth_of_discharge: 0.4
  Li-ion:
    cost: 140.787
    lifetime: 16.4075
    annual_cost: 8.580649093402409
    efficiency: 0.87144
    discharge_ratio: 2
    depth_of_discharge: 0.9
  Pb-acid:
    cost: 64.1132
    lifetime: 11.7865
    annual_cost: 5.439545242438383
    efficiency: 0.692891
    discharge_ratio: 5
    depth_of_discharge: 0.5
  VRBF:
    cost: 258.182
    lifetime: 15.1526
    annual_cost: 17.03879202249119
    efficiency: 0.710462
    discharge_ratio: 0.5
    depth_of_discharge: 1.0
