cost_values:
  wind_capex: 5000.0
  wind_opex: 100
  wind_lifetime: 20
  solar_capex: 1000.0
  solar_opex: 10
  solar_lifetime: 20
  carbon_price: 1.0
timeseries_values:
  load_level: 273741.498817583
  wind_year: 2011
  solar_year: 2014
  price_year: 2023
  carbon_year: 2023
storage_values:
  CAES:
    cost: 54.4293
    lifetime: 29.4424
    annual_cost: 1.8486706246773361
    efficiency: 0.604156
    discharge_ratio: 0.1
    depth_of_discharge: 0.4
  Li-ion:
    cost: 163.877
    lifetime: 17.638
    annual_cost: 9.2911327814945
    efficiency: 0.877369
    discharge_ratio: 2
    depth_of_discharge: 0.9
  Pb-acid:
    cost: 74.4431
    lifetime: 12.472
    annual_cost: 5.968818152661963
    efficiency: 0.690272
    discharge_ratio: 5
    depth_of_discharge: 0.5
  VRBF:
    cost: 202.007
    lifetime: 14.5352
    annual_cost: 13.89777918432495
    efficiency: 0.738753
    discharge_ratio: 0.5
    depth_of_discharge: 1.0
