cost_values:
  wind_capex: 5000.0
  wind_opex: 100
  wind_lifetime: 20
  solar_capex: 1000.0
  solar_opex: 10
  solar_lifetime: 20
  carbon_price: 1.0
timeseries_values:
  load_level: 273741.498817583
  wind_year: 2011
  solar_year: 2014
  price_year: 2023
  carbon_year: 2023
storage_values:
  CAES:
    cost: 55.6868
    lifetime: 28.5573
    annual_cost: 1.950002276125544
    efficiency: 0.606507
    discharge_ratio: 0.1
    depth_of_discharge: 0.4
  Li-ion:
    cost: 161.231
    lifetime: 15.3807
    annual_cost: 10.482682842783488
    efficiency: 0.873595
    discharge_ratio: 2
    depth_of_discharge: 0.9
  Pb-acid:
    cost: 63.228
    lifetime: 12.3384
    annual_cost: 5.1244893989496205
    efficiency: 0.703099
    discharge_ratio: 5
    depth_of_discharge: 0.5
  VRBF:
    cost: 207.443
    lifetime: 14.3555
    annual_cost: 14.450419699766641
    efficiency: 0.715379
    discharge_ratio: 0.5
    depth_of_discharge: 1.0
