cost_values:
  wind_capex: 5000.0
  wind_opex: 100
  wind_lifetime: 20
  solar_capex: 1000.0
  solar_opex: 10
  solar_lifetime: 20
  carbon_price: 1.0
timeseries_values:
  load_level: 273741.498817583
  wind_year: 2011
  solar_year: 2014
  price_year: 2023
  carbon_year: 2023
storage_values:
  CAES:
    cost: 53.3286
    lifetime: 28.912
    annual_cost: 1.8445143884892088
    efficiency: 0.609392
    discharge_ratio: 0.1
    depth_of_discharge: 0.4
  Li-ion:
    cost: 165.169
    lifetime: 18.7471
    annual_cost: 8.81037600482208
    efficiency: 0.873452
    discharge_ratio: 2
    depth_of_discharge: 0.9
  Pb-acid:
    cost: 72.5932
    lifetime: 11.6123
    annual_cost: 6.251405836914306
    efficiency: 0.704924
    discharge_ratio: 5
    depth_of_discharge: 0.5
  VRBF:
    cost: 215.487
    lifetime: 14.0919
    annual_cost: 15.291550465160835
    efficiency: 0.71923
    discharge_ratio: 0.5
    depth_of_discharge: 1.0
