cost_values:
  wind_capex: 5000.0
  wind_opex: 100
  wind_lifetime: 20
  solar_capex: 1000.0
  solar_opex: 10
  solar_lifetime: 20
  carbon_price: 1.0
timeseries_values:
  load_level: 273741.498817583
  wind_year: 2011
  solar_year: 2014
  price_year: 2023
  carbon_year: 2023
storage_values:
  CAES:
    cost: 49.7103
    lifetime: 29.2862
    annual_cost: 1.6973967261030791
    efficiency: 0.609149
    discharge_ratio: 0.1
    depth_of_discharge: 0.4
  Li-ion:
    cost: 166.542
    lifetime: 17.7594
    annual_cost: 9.377681678435083
    efficiency: 0.87138
    discharge_ratio: 2
    depth_of_discharge: 0.9
  Pb-acid:
    cost: 88.5214
    lifetime: 11.7429
    annual_cost: 7.538291222781425
    efficiency: 0.708804
    discharge_ratio: 5
    depth_of_discharge: 0.5
  VRBF:
    cost: 221.717
    lifetime: 11.4783
    annual_cost: 19.31618793723809
    efficiency: 0.701144
    discharge_ratio: 0.5
    depth_of_discharge: 1.0
