cost_values:
  wind_capex: 5000.0
  wind_opex: 100
  wind_lifetime: 20
  solar_capex: 1000.0
  solar_opex: 10
  solar_lifetime: 20
  carbon_price: 1.0
timeseries_values:
  load_level: 273741.498817583
  wind_year: 2011
  solar_year: 2014
  price_year: 2023
  carbon_year: 2023
storage_values:
  CAES:
    cost: 56.4035
    lifetime: 28.6099
    annual_cost: 1.97146791844781
    efficiency: 0.595337
    discharge_ratio: 0.1
    depth_of_discharge: 0.4
  Li-ion:
    cost: 176.898
    lifetime: 17.7255
    annual_cost: 9.97985952441398
    efficiency: 0.869968
    discharge_ratio: 2
    depth_of_discharge: 0.9
  Pb-acid:
    cost: 81.9918
    lifetime: 11.6535
    annual_cost: 7.03580898442528
    efficiency: 0.711681
    discharge_ratio: 5
    depth_of_discharge: 0.5
  VRBF:
    cost: 213.702
    lifetime: 12.9312
    annual_cost: 16.52607646622123
    efficiency: 0.726262
    discharge_ratio: 0.5
    depth_of_discharge: 1.0
