cost_values:
  wind_capex: 5000.0
  wind_opex: 100
  wind_lifetime: 20
  solar_capex: 1000.0
  solar_opex: 10
  solar_lifetime: 20
  carbon_price: 1.0
timeseries_values:
  load_level: 273741.498817583
  wind_year: 2011
  solar_year: 2014
  price_year: 2023
  carbon_year: 2023
storage_values:
  CAES:
    cost: 56.8587
    lifetime: 29.2113
    annual_cost: 1.946462499101375
    efficiency: 0.610513
    discharge_ratio: 0.1
    depth_of_discharge: 0.4
  Li-ion:
    cost: 177.306
    lifetime: 16.5048
    annual_cost: 10.742693034753527
    efficiency: 0.883429
    discharge_ratio: 2
    depth_of_discharge: 0.9
  Pb-acid:
    cost: 87.8269
    lifetime: 12.5752
    annual_cost: 6.984135441185825
    efficiency: 0.696196
    discharge_ratio: 5
    depth_of_discharge: 0.5
  VRBF:
    cost: 218.077
    lifetime: 14.1387
    annual_cost: 15.424119614957528
    efficiency: 0.710052
    discharge_ratio: 0.5
    depth_of_discharge: 1.0
