cost_values:
  wind_capex: 5000.0
  wind_opex: 100
  wind_lifetime: 20
  solar_capex: 1000.0
  solar_opex: 10
  solar_lifetime: 20
  carbon_price: 1.0
timeseries_values:
  load_level: 273741.498817583
  wind_year: 2011
  solar_year: 2014
  price_year: 2023
  carbon_year: 2023
storage_values:
  CAES:
    cost: 52.9845
    lifetime: 28.7486
    annual_cost: 1.8430288779279687
    efficiency: 0.602278
    discharge_ratio: 0.1
    depth_of_discharge: 0.4
  Li-ion:
    cost: 171.514
    lifetime: 17.312
    annual_cost: 9.907231977818855
    efficiency: 0.87721
    discharge_ratio: 2
    depth_of_discharge: 0.9
  Pb-acid:
    cost: 64.2718
    lifetime: 10.1974
    annual_cost: 6.302763449506737
    efficiency: 0.683512
    discharge_ratio: 5
    depth_of_discharge: 0.5
  VRBF:
    cost: 203.348
    lifetime: 13.6788
    annual_cost: 14.865923911454221
    efficiency: 0.728881
    discharge_ratio: 0.5
    depth_of_discharge: 1.0
