cost_values:
  wind_capex: 5000.0
  wind_opex: 100
  wind_lifetime: 20
  solar_capex: 1000.0
  solar_opex: 10
  solar_lifetime: 20
  carbon_price: 1.0
timeseries_values:
  load_level: 266312.53431341436
  wind_year: 2018
  solar_year: 2010
  price_year: 2023
  carbon_year: 2023
storage_values:
  CAES:
    cost: 50.0536
    lifetime: 25.1455
    annual_cost: 1.9905589469288743
    efficiency: 0.596829
    discharge_ratio: 0.1
    depth_of_discharge: 0.4
  Li-ion:
    cost: 175.739
    lifetime: 14.4207
    annual_cost: 12.18657901488832
    efficiency: 0.869936
    discharge_ratio: 2
    depth_of_discharge: 0.9
  Pb-acid:
    cost: 229.178
    lifetime: 17.8162
    annual_cost: 12.863461344169913
    efficiency: 0.713535
    discharge_ratio: 5
    depth_of_discharge: 0.5
  VRBF:
    cost: 317.835
    lifetime: 23.7533
    annual_cost: 13.380667107307195
    efficiency: 0.800143
    discharge_ratio: 0.5
    depth_of_discharge: 1.0
