cost_values:
  wind_capex: 5000.0
  wind_opex: 100
  wind_lifetime: 20
  solar_capex: 1000.0
  solar_opex: 10
  solar_lifetime: 20
  carbon_price: 1.0
timeseries_values:
  load_level: 266312.53431341436
  wind_year: 2018
  solar_year: 2010
  price_year: 2023
  carbon_year: 2023
storage_values:
  CAES:
    cost: 50.6309
    lifetime: 25.4985
    annual_cost: 1.9856422926838833
    efficiency: 0.601571
    discharge_ratio: 0.1
    depth_of_discharge: 0.4
  Li-ion:
    cost: 183.835
    lifetime: 13.215
    annual_cost: 13.911085887249339
    efficiency: 0.866083
    discharge_ratio: 2
    depth_of_discharge: 0.9
  Pb-acid:
    cost: 242.384
    lifetime: 17.4192
    annual_cost: 13.914760723799025
    efficiency: 0.707481
    discharge_ratio: 5
    depth_of_discharge: 0.5
  VRBF:
    cost: 342.958
    lifetime: 21.1299
    annual_cost: 16.230933416627625
    efficiency: 0.765805
    discharge_ratio: 0.5
    depth_of_discharge: 1.0
