cost_values:
  wind_capex: 5000.0
  wind_opex: 100
  wind_lifetime: 20
  solar_capex: 1000.0
  solar_opex: 10
  solar_lifetime: 20
  carbon_price: 1.0
timeseries_values:
  load_level: 266312.53431341436
  wind_year: 2018
  solar_year: 2010
  price_year: 2023
  carbon_year: 2023
storage_values:
  CAES:
    cost: 49.6986
    lifetime: 24.6806
    annual_cost: 2.013670656304952
    efficiency: 0.600085
    discharge_ratio: 0.1
    depth_of_discharge: 0.4
  Li-ion:
    cost: 184.863
    lifetime: 14.8662
    annual_cost: 12.43512128183396
    efficiency: 0.863637
    discharge_ratio: 2
    depth_of_discharge: 0.9
  Pb-acid:
    cost: 232.303
    lifetime: 16.8131
    annual_cost: 13.816785720658297
    efficiency: 0.702648
    discharge_ratio: 5
    depth_of_discharge: 0.5
  VRBF:
    cost: 338.062
    lifetime: 21.6109
    annual_cost: 15.643124534378485
    efficiency: 0.753298
    discharge_ratio: 0.5
    depth_of_discharge: 1.0
