cost_values:
  wind_capex: 5000.0
  wind_opex: 100
  wind_lifetime: 20
  solar_capex: 1000.0
  solar_opex: 10
  solar_lifetime: 20
  carbon_price: 1.0
timeseries_values:
  load_level: 266312.53431341436
  wind_year: 2018
  solar_year: 2010
  price_year: 2023
  carbon_year: 2023
storage_values:
  CAES:
    cost: 53.7553
    lifetime: 25.3819
    annual_cost: 2.1178595771002167
    efficiency: 0.589235
    discharge_ratio: 0.1
    depth_of_discharge: 0.4
  Li-ion:
    cost: 175.928
    lifetime: 12.2055
    annual_cost: 14.413829830813976
    efficiency: 0.860249
    discharge_ratio: 2
    depth_of_discharge: 0.9
  Pb-acid:
    cost: 223.419
    lifetime: 16.3022
    annual_cost: 13.704837383911375
    efficiency: 0.714638
    discharge_ratio: 5
    depth_of_discharge: 0.5
  VRBF:
    cost: 330.412
    lifetime: 21.4558
    annual_cost: 15.399658833508887
    efficiency: 0.753038
    discharge_ratio: 0.5
    depth_of_discharge: 1.0
