cost_values:
  wind_capex: 5000.0
  wind_opex: 100
  wind_lifetime: 20
  solar_capex: 1000.0
  solar_opex: 10
  solar_lifetime: 20
  carbon_price: 1.0
timeseries_values:
  load_level: 266312.53431341436
  wind_year: 2018
  solar_year: 2010
  price_year: 2023
  carbon_year: 2023
storage_values:
  CAES:
    cost: 50.1186
    lifetime: 25.4262
    annual_cost: 1.9711400051914953
    efficiency: 0.598049
    discharge_ratio: 0.1
    depth_of_discharge: 0.4
  Li-ion:
    cost: 189.314
    lifetime: 12.8519
    annual_cost: 14.730428963810796
    efficiency: 0.872059
    discharge_ratio: 2
    depth_of_discharge: 0.9
  Pb-acid:
    cost: 221.565
    lifetime: 15.5858
    annual_cost: 14.215824660909288
    efficiency: 0.721012
    discharge_ratio: 5
    depth_of_discharge: 0.5
  VRBF:
    cost: 368.028
    lifetime: 24.8197
    annual_cost: 14.82805996849277
    efficiency: 0.747533
    discharge_ratio: 0.5
    depth_of_discharge: 1.0
