cost_values:
  wind_capex: 5000.0
  wind_opex: 100
  wind_lifetime: 20
  solar_capex: 1000.0
  solar_opex: 10
  solar_lifetime: 20
  carbon_price: 1.0
timeseries_values:
  load_level: 266312.53431341436
  wind_year: 2018
  solar_year: 2010
  price_year: 2023
  carbon_year: 2023
storage_values:
  CAES:
    cost: 51.428
    lifetime: 25.8427
    annual_cost: 1.9900397404295989
    efficiency: 0.602424
    discharge_ratio: 0.1
    depth_of_discharge: 0.4
  Li-ion:
    cost: 184.143
    lifetime: 14.4193
    annual_cost: 12.770592192408786
    efficiency: 0.864138
    discharge_ratio: 2
    depth_of_discharge: 0.9
  Pb-acid:
    cost: 229.161
    lifetime: 16.0434
    annual_cost: 14.28381764463892
    efficiency: 0.719797
    discharge_ratio: 5
    depth_of_discharge: 0.5
  VRBF:
    cost: 323.283
    lifetime: 23.4342
    annual_cost: 13.795350385334256
    efficiency: 0.744007
    discharge_ratio: 0.5
    depth_of_discharge: 1.0
