cost_values:
  wind_capex: 5000.0
  wind_opex: 100
  wind_lifetime: 20
  solar_capex: 1000.0
  solar_opex: 10
  solar_lifetime: 20
  carbon_price: 1.0
timeseries_values:
  load_level: 266312.53431341436
  wind_year: 2018
  solar_year: 2010
  price_year: 2023
  carbon_year: 2023
storage_values:
  CAES:
    cost: 39.3512
    lifetime: 25.7745
    annual_cost: 1.5267493064850919
    efficiency: 0.594565
    discharge_ratio: 0.1
    depth_of_discharge: 0.4
  Li-ion:
    cost: 168.652
    lifetime: 16.555
    annual_cost: 10.187375415282391
    efficiency: 0.863093
    discharge_ratio: 2
    depth_of_discharge: 0.9
  Pb-acid:
    cost: 218.097
    lifetime: 16.3171
    annual_cost: 13.366161879255506
    efficiency: 0.716447
    discharge_ratio: 5
    depth_of_discharge: 0.5
  VRBF:
    cost: 330.332
    lifetime: 24.2085
    annual_cost: 13.645289877522357
    efficiency: 0.768933
    discharge_ratio: 0.5
    depth_of_discharge: 1.0
