cost_values:
  wind_capex: 5000.0
  wind_opex: 100
  wind_lifetime: 20
  solar_capex: 1000.0
  solar_opex: 10
  solar_lifetime: 20
  carbon_price: 1.0
timeseries_values:
  load_level: 266312.53431341436
  wind_year: 2018
  solar_year: 2010
  price_year: 2023
  carbon_year: 2023
storage_values:
  CAES:
    cost: 54.0513
    lifetime: 25.2611
    annual_cost: 2.1397049217967545
    efficiency: 0.595329
    discharge_ratio: 0.1
    depth_of_discharge: 0.4
  Li-ion:
    cost: 179.483
    lifetime: 14.5976
    annual_cost: 12.295377322299556
    efficiency: 0.862697
    discharge_ratio: 2
    depth_of_discharge: 0.9
  Pb-acid:
    cost: 214.495
    lifetime: 16.789
    annual_cost: 12.775924712609445
    efficiency: 0.704096
    discharge_ratio: 5
    depth_of_discharge: 0.5
  VRBF:
    cost: 324.831
    lifetime: 22.3193
    annual_cost: 14.553816651955932
    efficiency: 0.743576
    discharge_ratio: 0.5
    depth_of_discharge: 1.0
