cost_values:
  wind_capex: 5000.0
  wind_opex: 100
  wind_lifetime: 20
  solar_capex: 1000.0
  solar_opex: 10
  solar_lifetime: 20
  carbon_price: 1.0
timeseries_values:
  load_level: 266312.53431341436
  wind_year: 2018
  solar_year: 2010
  price_year: 2023
  carbon_year: 2023
storage_values:
  CAES:
    cost: 52.219
    lifetime: 25.3542
    annual_cost: 2.0595798723682863
    efficiency: 0.600304
    discharge_ratio: 0.1
    depth_of_discharge: 0.4
  Li-ion:
    cost: 171.575
    lifetime: 15.1056
    annual_cost: 11.358370405677363
    efficiency: 0.869663
    discharge_ratio: 2
    depth_of_discharge: 0.9
  Pb-acid:
    cost: 236.464
    lifetime: 16.7823
    annual_cost: 14.090083004117433
    efficiency: 0.729198
    discharge_ratio: 5
    depth_of_discharge: 0.5
  VRBF:
    cost: 300.989
    lifetime: 20.3363
    annual_cost: 14.800578276284277
    efficiency: 0.77538
    discharge_ratio: 0.5
    depth_of_discharge: 1.0
