cost_values:
  wind_capex: 5000.0
  wind_opex: 100
  wind_lifetime: 20
  solar_capex: 1000.0
  solar_opex: 10
  solar_lifetime: 20
  carbon_price: 1.0
timeseries_values:
  load_level: 266312.53431341436
  wind_year: 2018
  solar_year: 2010
  price_year: 2023
  carbon_year: 2023
storage_values:
  CAES:
    cost: 55.9026
    lifetime: 25.71
    annual_cost: 2.174352392065344
    efficiency: 0.590826
    discharge_ratio: 0.1
    depth_of_discharge: 0.4
  Li-ion:
    cost: 166.56
    lifetime: 14.4371
    annual_cost: 11.536943014871408
    efficiency: 0.872438
    discharge_ratio: 2
    depth_of_discharge: 0.9
  Pb-acid:
    cost: 236.303
    lifetime: 17.3642
    annual_cost: 13.608631552274218
    efficiency: 0.706189
    discharge_ratio: 5
    depth_of_discharge: 0.5
  VRBF:
    cost: 325.34
    lifetime: 23.757
    annual_cost: 13.694490045039355
    efficiency: 0.743155
    discharge_ratio: 0.5
    depth_of_discharge: 1.0
