cost_values:
  wind_capex: 5000.0
  wind_opex: 100
  wind_lifetime: 20
  solar_capex: 1000.0
  solar_opex: 10
  solar_lifetime: 20
  carbon_price: 1.0
timeseries_values:
  load_level: 266312.53431341436
  wind_year: 2018
  solar_year: 2010
  price_year: 2023
  carbon_year: 2023
storage_values:
  CAES:
    cost: 50.8636
    lifetime: 24.3355
    annual_cost: 2.0900988268167904
    efficiency: 0.589946
    discharge_ratio: 0.1
    depth_of_discharge: 0.4
  Li-ion:
    cost: 168.774
    lifetime: 14.9539
    annual_cost: 11.286286520573228
    efficiency: 0.877342
    discharge_ratio: 2
    depth_of_discharge: 0.9
  Pb-acid:
    cost: 248.473
    lifetime: 16.0431
    annual_cost: 15.487842125275042
    efficiency: 0.727888
    discharge_ratio: 5
    depth_of_discharge: 0.5
  VRBF:
    cost: 348.782
    lifetime: 21.9139
    annual_cost: 15.916016774741143
    efficiency: 0.759496
    discharge_ratio: 0.5
    depth_of_discharge: 1.0
