cost_values:
  wind_capex: 5000.0
  wind_opex: 100
  wind_lifetime: 20
  solar_capex: 1000.0
  solar_opex: 10
  solar_lifetime: 20
  carbon_price: 1.0
timeseries_values:
  load_level: 266312.53431341436
  wind_year: 2018
  solar_year: 2010
  price_year: 2023
  carbon_year: 2023
storage_values:
  CAES:
    cost: 46.6032
    lifetime: 25.2189
    annual_cost: 1.8479473728037306
    efficiency: 0.606295
    discharge_ratio: 0.1
    depth_of_discharge: 0.4
  Li-ion:
    cost: 152.535
    lifetime: 15.1163
    annual_cost: 10.090762951251298
    efficiency: 0.871412
    discharge_ratio: 2
    depth_of_discharge: 0.9
  Pb-acid:
    cost: 219.809
    lifetime: 15.4421
    annual_cost: 14.234398171233186
    efficiency: 0.713682
    discharge_ratio: 5
    depth_of_discharge: 0.5
  VRBF:
    cost: 302.469
    lifetime: 23.0276
    annual_cost: 13.13506401014435
    efficiency: 0.756813
    discharge_ratio: 0.5
    depth_of_discharge: 1.0
