cost_values:
  wind_capex: 5000.0
  wind_opex: 100
  wind_lifetime: 20
  solar_capex: 1000.0
  solar_opex: 10
  solar_lifetime: 20
  carbon_price: 1.0
timeseries_values:
  load_level: 266312.53431341436
  wind_year: 2018
  solar_year: 2010
  price_year: 2023
  carbon_year: 2023
storage_values:
  CAES:
    cost: 43.6009
    lifetime: 24.9087
    annual_cost: 1.7504285651198177
    efficiency: 0.600375
    discharge_ratio: 0.1
    depth_of_discharge: 0.4
  Li-ion:
    cost: 158.638
    lifetime: 13.8857
    annual_cost: 11.424559078764485
    efficiency: 0.871741
    discharge_ratio: 2
    depth_of_discharge: 0.9
  Pb-acid:
    cost: 238.988
    lifetime: 16.5406
    annual_cost: 14.448568975732439
    efficiency: 0.711443
    discharge_ratio: 5
    depth_of_discharge: 0.5
  VRBF:
    cost: 345.958
    lifetime: 21.0534
    annual_cost: 16.432405217209574
    efficiency: 0.746001
    discharge_ratio: 0.5
    depth_of_discharge: 1.0
