cost_values:
  wind_capex: 5000.0
  wind_opex: 100
  wind_lifetime: 20
  solar_capex: 1000.0
  solar_opex: 10
  solar_lifetime: 20
  carbon_price: 1.0
timeseries_values:
  load_level: 266312.53431341436
  wind_year: 2018
  solar_year: 2010
  price_year: 2023
  carbon_year: 2023
storage_values:
  CAES:
    cost: 56.1015
    lifetime: 25.5916
    annual_cost: 2.192184154175589
    efficiency: 0.597325
    discharge_ratio: 0.1
    depth_of_discharge: 0.4
  Li-ion:
    cost: 159.194
    lifetime: 15.4224
    annual_cost: 10.322258533042847
    efficiency: 0.872186
    discharge_ratio: 2
    depth_of_discharge: 0.9
  Pb-acid:
    cost: 227.797
    lifetime: 15.4745
    annual_cost: 14.720798733400109
    efficiency: 0.712635
    discharge_ratio: 5
    depth_of_discharge: 0.5
  VRBF:
    cost: 291.368
    lifetime: 21.9465
    annual_cost: 13.276285512496298
    efficiency: 0.767046
    discharge_ratio: 0.5
    depth_of_discharge: 1.0
