cost_values:
  wind_capex: 5000.0
  wind_opex: 100
  wind_lifetime: 20
  solar_capex: 1000.0
  solar_opex: 10
  solar_lifetime: 20
  carbon_price: 1.0
timeseries_values:
  load_level: 266312.53431341436
  wind_year: 2018
  solar_year: 2010
  price_year: 2023
  carbon_year: 2023
storage_values:
  CAES:
    cost: 46.3596
    lifetime: 25.9394
    annual_cost: 1.7872271525170205
    efficiency: 0.595241
    discharge_ratio: 0.1
    depth_of_discharge: 0.4
  Li-ion:
    cost: 154.074
    lifetime: 15.2671
    annual_cost: 10.091896954889927
    efficiency: 0.880337
    discharge_ratio: 2
    depth_of_discharge: 0.9
  Pb-acid:
    cost: 209.933
    lifetime: 16.0032
    annual_cost: 13.118188862227555
    efficiency: 0.712096
    discharge_ratio: 5
    depth_of_discharge: 0.5
  VRBF:
    cost: 311.269
    lifetime: 22.6612
    annual_cost: 13.73576862655111
    efficiency: 0.7633
    discharge_ratio: 0.5
    depth_of_discharge: 1.0
