cost_values:
  wind_capex: 5000.0
  wind_opex: 100
  wind_lifetime: 20
  solar_capex: 1000.0
  solar_opex: 10
  solar_lifetime: 20
  carbon_price: 1.0
timeseries_values:
  load_level: 266312.53431341436
  wind_year: 2018
  solar_year: 2010
  price_year: 2023
  carbon_year: 2023
storage_values:
  CAES:
    cost: 48.7026
    lifetime: 24.8234
    annual_cost: 1.9619633088134583
    efficiency: 0.600129
    discharge_ratio: 0.1
    depth_of_discharge: 0.4
  Li-ion:
    cost: 181.745
    lifetime: 13.1545
    annual_cost: 13.81618457562051
    efficiency: 0.873688
    discharge_ratio: 2
    depth_of_discharge: 0.9
  Pb-acid:
    cost: 219.862
    lifetime: 17.2451
    annual_cost: 12.749244712990937
    efficiency: 0.720861
    discharge_ratio: 5
    depth_of_discharge: 0.5
  VRBF:
    cost: 328.901
    lifetime: 23.0001
    annual_cost: 14.299981304429112
    efficiency: 0.755677
    discharge_ratio: 0.5
    depth_of_discharge: 1.0
