cost_values:
  wind_capex: 5000.0
  wind_opex: 100
  wind_lifetime: 20
  solar_capex: 1000.0
  solar_opex: 10
  solar_lifetime: 20
  carbon_price: 1.0
timeseries_values:
  load_level: 266312.53431341436
  wind_year: 2018
  solar_year: 2010
  price_year: 2023
  carbon_year: 2023
storage_values:
  CAES:
    cost: 47.5074
    lifetime: 25.2839
    annual_cost: 1.8789585467431844
    efficiency: 0.5868
    discharge_ratio: 0.1
    depth_of_discharge: 0.4
  Li-ion:
    cost: 195.13
    lifetime: 12.8397
    annual_cost: 15.197395577778297
    efficiency: 0.888295
    discharge_ratio: 2
    depth_of_discharge: 0.9
  Pb-acid:
    cost: 223.784
    lifetime: 15.4319
    annual_cost: 14.501389977902914
    efficiency: 0.72703
    discharge_ratio: 5
    depth_of_discharge: 0.5
  VRBF:
    cost: 317.583
    lifetime: 23.6789
    annual_cost: 13.41206728353091
    efficiency: 0.740095
    discharge_ratio: 0.5
    depth_of_discharge: 1.0
