cost_values:
  wind_capex: 5000.0
  wind_opex: 100
  wind_lifetime: 20
  solar_capex: 1000.0
  solar_opex: 10
  solar_lifetime: 20
  carbon_price: 1.0
timeseries_values:
  load_level: 266312.53431341436
  wind_year: 2018
  solar_year: 2010
  price_year: 2023
  carbon_year: 2023
storage_values:
  CAES:
    cost: 53.5532
    lifetime: 26.0576
    annual_cost: 2.0551854353432395
    efficiency: 0.59449
    discharge_ratio: 0.1
    depth_of_discharge: 0.4
  Li-ion:
    cost: 197.846
    lifetime: 13.9218
    annual_cost: 14.211237052679971
    efficiency: 0.863925
    discharge_ratio: 2
    depth_of_discharge: 0.9
  Pb-acid:
    cost: 249.765
    lifetime: 16.1607
    annual_cost: 15.45508548515844
    efficiency: 0.718962
    discharge_ratio: 5
    depth_of_discharge: 0.5
  VRBF:
    cost: 310.339
    lifetime: 22.0701
    annual_cost: 14.061513087842828
    efficiency: 0.758783
    discharge_ratio: 0.5
    depth_of_discharge: 1.0
