cost_values:
  wind_capex: 5000.0
  wind_opex: 100
  wind_lifetime: 20
  solar_capex: 1000.0
  solar_opex: 10
  solar_lifetime: 20
  carbon_price: 1.0
timeseries_values:
  load_level: 266312.53431341436
  wind_year: 2018
  solar_year: 2010
  price_year: 2023
  carbon_year: 2023
storage_values:
  CAES:
    cost: 48.9614
    lifetime: 26.0646
    annual_cost: 1.8784635098946463
    efficiency: 0.592369
    discharge_ratio: 0.1
    depth_of_discharge: 0.4
  Li-ion:
    cost: 158.616
    lifetime: 13.6492
    annual_cost: 11.620900858658384
    efficiency: 0.865711
    discharge_ratio: 2
    depth_of_discharge: 0.9
  Pb-acid:
    cost: 240.499
    lifetime: 15.8024
    annual_cost: 15.219143927504682
    efficiency: 0.727021
    discharge_ratio: 5
    depth_of_discharge: 0.5
  VRBF:
    cost: 327.938
    lifetime: 19.3342
    annual_cost: 16.96154999948278
    efficiency: 0.795811
    discharge_ratio: 0.5
    depth_of_discharge: 1.0
