cost_values:
  wind_capex: 5000.0
  wind_opex: 100
  wind_lifetime: 20
  solar_capex: 1000.0
  solar_opex: 10
  solar_lifetime: 20
  carbon_price: 1.0
timeseries_values:
  load_level: 266312.53431341436
  wind_year: 2018
  solar_year: 2010
  price_year: 2023
  carbon_year: 2023
storage_values:
  CAES:
    cost: 51.5464
    lifetime: 25.4663
    annual_cost: 2.0241024412655153
    efficiency: 0.595863
    discharge_ratio: 0.1
    depth_of_discharge: 0.4
  Li-ion:
    cost: 190.921
    lifetime: 14.4163
    annual_cost: 13.24341197117152
    efficiency: 0.867599
    discharge_ratio: 2
    depth_of_discharge: 0.9
  Pb-acid:
    cost: 244.641
    lifetime: 17.6123
    annual_cost: 13.89034935811904
    efficiency: 0.705274
    discharge_ratio: 5
    depth_of_discharge: 0.5
  VRBF:
    cost: 341.305
    lifetime: 23.0671
    annual_cost: 14.7961815746236
    efficiency: 0.74852
    discharge_ratio: 0.5
    depth_of_discharge: 1.0
