cost_values:
  wind_capex: 5000.0
  wind_opex: 100
  wind_lifetime: 20
  solar_capex: 1000.0
  solar_opex: 10
  solar_lifetime: 20
  carbon_price: 1.0
timeseries_values:
  load_level: 266312.53431341436
  wind_year: 2018
  solar_year: 2010
  price_year: 2023
  carbon_year: 2023
storage_values:
  CAES:
    cost: 51.2014
    lifetime: 25.4991
    annual_cost: 2.007968908706582
    efficiency: 0.597738
    discharge_ratio: 0.1
    depth_of_discharge: 0.4
  Li-ion:
    cost: 188.101
    lifetime: 16.6246
    annual_cost: 11.314618096074492
    efficiency: 0.865742
    discharge_ratio: 2
    depth_of_discharge: 0.9
  Pb-acid:
    cost: 243.903
    lifetime: 17.8432
    annual_cost: 13.669240943328552
    efficiency: 0.722301
    discharge_ratio: 5
    depth_of_discharge: 0.5
  VRBF:
    cost: 336.494
    lifetime: 22.7352
    annual_cost: 14.800573559942293
    efficiency: 0.750292
    discharge_ratio: 0.5
    depth_of_discharge: 1.0
