cost_values:
  wind_capex: 5000.0
  wind_opex: 100
  wind_lifetime: 20
  solar_capex: 1000.0
  solar_opex: 10
  solar_lifetime: 20
  carbon_price: 1.0
timeseries_values:
  load_level: 266312.53431341436
  wind_year: 2018
  solar_year: 2010
  price_year: 2023
  carbon_year: 2023
storage_values:
  CAES:
    cost: 48.7177
    lifetime: 25.8834
    annual_cost: 1.8821986292372717
    efficiency: 0.597696
    discharge_ratio: 0.1
    depth_of_discharge: 0.4
  Li-ion:
    cost: 170.863
    lifetime: 10.2586
    annual_cost: 16.65558653227536
    efficiency: 0.884492
    discharge_ratio: 2
    depth_of_discharge: 0.9
  Pb-acid:
    cost: 225.343
    lifetime: 17.5246
    annual_cost: 12.858667244901453
    efficiency: 0.705125
    discharge_ratio: 5
    depth_of_discharge: 0.5
  VRBF:
    cost: 317.668
    lifetime: 22.7067
    annual_cost: 13.99005579850881
    efficiency: 0.75777
    discharge_ratio: 0.5
    depth_of_discharge: 1.0
