cost_values:
  wind_capex: 5000.0
  wind_opex: 100
  wind_lifetime: 20
  solar_capex: 1000.0
  solar_opex: 10
  solar_lifetime: 20
  carbon_price: 1.0
timeseries_values:
  load_level: 266312.53431341436
  wind_year: 2018
  solar_year: 2010
  price_year: 2023
  carbon_year: 2023
storage_values:
  CAES:
    cost: 53.6872
    lifetime: 26.0674
    annual_cost: 2.0595533117994123
    efficiency: 0.593662
    discharge_ratio: 0.1
    depth_of_discharge: 0.4
  Li-ion:
    cost: 181.133
    lifetime: 16.698
    annual_cost: 10.847586537309859
    efficiency: 0.866832
    discharge_ratio: 2
    depth_of_discharge: 0.9
  Pb-acid:
    cost: 227.468
    lifetime: 17.7008
    annual_cost: 12.850718611588176
    efficiency: 0.702539
    discharge_ratio: 5
    depth_of_discharge: 0.5
  VRBF:
    cost: 303.992
    lifetime: 25.2189
    annual_cost: 12.0541340026726
    efficiency: 0.764767
    discharge_ratio: 0.5
    depth_of_discharge: 1.0
