cost_values:
  wind_capex: 5000.0
  wind_opex: 100
  wind_lifetime: 20
  solar_capex: 1000.0
  solar_opex: 10
  solar_lifetime: 20
  carbon_price: 1.0
timeseries_values:
  load_level: 266312.53431341436
  wind_year: 2018
  solar_year: 2010
  price_year: 2023
  carbon_year: 2023
storage_values:
  CAES:
    cost: 44.9795
    lifetime: 25.1496
    annual_cost: 1.788477749149092
    efficiency: 0.600791
    discharge_ratio: 0.1
    depth_of_discharge: 0.4
  Li-ion:
    cost: 189.055
    lifetime: 17.3999
    annual_cost: 10.86529232926626
    efficiency: 0.874071
    discharge_ratio: 2
    depth_of_discharge: 0.9
  Pb-acid:
    cost: 248.879
    lifetime: 15.564
    annual_cost: 15.990683628887174
    efficiency: 0.710172
    discharge_ratio: 5
    depth_of_discharge: 0.5
  VRBF:
    cost: 329.374
    lifetime: 22.4933
    annual_cost: 14.643204865448823
    efficiency: 0.74299
    discharge_ratio: 0.5
    depth_of_discharge: 1.0
