cost_values:
  wind_capex: 5000.0
  wind_opex: 100
  wind_lifetime: 20
  solar_capex: 1000.0
  solar_opex: 10
  solar_lifetime: 20
  carbon_price: 1.0
timeseries_values:
  load_level: 266312.53431341436
  wind_year: 2018
  solar_year: 2010
  price_year: 2023
  carbon_year: 2023
storage_values:
  CAES:
    cost: 57.9345
    lifetime: 25.6927
    annual_cost: 2.254901197616444
    efficiency: 0.594474
    discharge_ratio: 0.1
    depth_of_discharge: 0.4
  Li-ion:
    cost: 174.273
    lifetime: 16.6037
    annual_cost: 10.496034016514391
    efficiency: 0.868219
    discharge_ratio: 2
    depth_of_discharge: 0.9
  Pb-acid:
    cost: 226.769
    lifetime: 15.7096
    annual_cost: 14.435058817538321
    efficiency: 0.723002
    discharge_ratio: 5
    depth_of_discharge: 0.5
  VRBF:
    cost: 335.397
    lifetime: 23.1784
    annual_cost: 14.470239533358644
    efficiency: 0.748266
    discharge_ratio: 0.5
    depth_of_discharge: 1.0
