cost_values:
  wind_capex: 5000.0
  wind_opex: 100
  wind_lifetime: 20
  solar_capex: 1000.0
  solar_opex: 10
  solar_lifetime: 20
  carbon_price: 1.0
timeseries_values:
  load_level: 266312.53431341436
  wind_year: 2018
  solar_year: 2010
  price_year: 2023
  carbon_year: 2023
storage_values:
  CAES:
    cost: 54.6938
    lifetime: 25.113
    annual_cost: 2.1779078564886714
    efficiency: 0.598721
    discharge_ratio: 0.1
    depth_of_discharge: 0.4
  Li-ion:
    cost: 198.871
    lifetime: 14.7288
    annual_cost: 13.502186193036772
    efficiency: 0.892172
    discharge_ratio: 2
    depth_of_discharge: 0.9
  Pb-acid:
    cost: 229.298
    lifetime: 16.911
    annual_cost: 13.559103542073206
    efficiency: 0.721027
    discharge_ratio: 5
    depth_of_discharge: 0.5
  VRBF:
    cost: 307.306
    lifetime: 21.9689
    annual_cost: 13.988228814369402
    efficiency: 0.745862
    discharge_ratio: 0.5
    depth_of_discharge: 1.0
