cost_values:
  wind_capex: 5000.0
  wind_opex: 100
  wind_lifetime: 20
  solar_capex: 1000.0
  solar_opex: 10
  solar_lifetime: 20
  carbon_price: 1.0
timeseries_values:
  load_level: 266312.53431341436
  wind_year: 2018
  solar_year: 2010
  price_year: 2023
  carbon_year: 2023
storage_values:
  CAES:
    cost: 51.9016
    lifetime: 25.5993
    annual_cost: 2.0274616884055425
    efficiency: 0.595657
    discharge_ratio: 0.1
    depth_of_discharge: 0.4
  Li-ion:
    cost: 169.477
    lifetime: 16.1545
    annual_cost: 10.491008697267016
    efficiency: 0.872892
    discharge_ratio: 2
    depth_of_discharge: 0.9
  Pb-acid:
    cost: 231.558
    lifetime: 16.9749
    annual_cost: 13.641199653606206
    efficiency: 0.708382
    discharge_ratio: 5
    depth_of_discharge: 0.5
  VRBF:
    cost: 314.032
    lifetime: 22.3152
    annual_cost: 14.07256040725604
    efficiency: 0.758887
    discharge_ratio: 0.5
    depth_of_discharge: 1.0
