cost_values:
  wind_capex: 5000.0
  wind_opex: 100
  wind_lifetime: 20
  solar_capex: 1000.0
  solar_opex: 10
  solar_lifetime: 20
  carbon_price: 1.0
timeseries_values:
  load_level: 266312.53431341436
  wind_year: 2018
  solar_year: 2010
  price_year: 2023
  carbon_year: 2023
storage_values:
  CAES:
    cost: 52.2458
    lifetime: 24.5203
    annual_cost: 2.130716182102177
    efficiency: 0.602733
    discharge_ratio: 0.1
    depth_of_discharge: 0.4
  Li-ion:
    cost: 201.616
    lifetime: 15.9146
    annual_cost: 12.66861875259196
    efficiency: 0.868113
    discharge_ratio: 2
    depth_of_discharge: 0.9
  Pb-acid:
    cost: 218.423
    lifetime: 15.5405
    annual_cost: 14.055081882822304
    efficiency: 0.698547
    discharge_ratio: 5
    depth_of_discharge: 0.5
  VRBF:
    cost: 299.556
    lifetime: 22.0133
    annual_cost: 13.607955190725605
    efficiency: 0.765172
    discharge_ratio: 0.5
    depth_of_discharge: 1.0
