cost_values:
  wind_capex: 5000.0
  wind_opex: 100
  wind_lifetime: 20
  solar_capex: 1000.0
  solar_opex: 10
  solar_lifetime: 20
  carbon_price: 1.0
timeseries_values:
  load_level: 266312.53431341436
  wind_year: 2018
  solar_year: 2010
  price_year: 2023
  carbon_year: 2023
storage_values:
  CAES:
    cost: 45.1369
    lifetime: 26.3935
    annual_cost: 1.710152120787315
    efficiency: 0.591246
    discharge_ratio: 0.1
    depth_of_discharge: 0.4
  Li-ion:
    cost: 175.021
    lifetime: 13.4045
    annual_cost: 13.056883882278338
    efficiency: 0.871842
    discharge_ratio: 2
    depth_of_discharge: 0.9
  Pb-acid:
    cost: 209.844
    lifetime: 16.8771
    annual_cost: 12.433652700997209
    efficiency: 0.726733
    discharge_ratio: 5
    depth_of_discharge: 0.5
  VRBF:
    cost: 325.363
    lifetime: 20.5043
    annual_cost: 15.868037436049999
    efficiency: 0.767533
    discharge_ratio: 0.5
    depth_of_discharge: 1.0
