cost_values:
  wind_capex: 5000.0
  wind_opex: 100
  wind_lifetime: 20
  solar_capex: 1000.0
  solar_opex: 10
  solar_lifetime: 20
  carbon_price: 1.0
timeseries_values:
  load_level: 266312.53431341436
  wind_year: 2018
  solar_year: 2010
  price_year: 2023
  carbon_year: 2023
storage_values:
  CAES:
    cost: 53.7859
    lifetime: 25.4828
    annual_cost: 2.1106746511372374
    efficiency: 0.591809
    discharge_ratio: 0.1
    depth_of_discharge: 0.4
  Li-ion:
    cost: 181.11
    lifetime: 13.3376
    annual_cost: 13.578904750479847
    efficiency: 0.870239
    discharge_ratio: 2
    depth_of_discharge: 0.9
  Pb-acid:
    cost: 224.532
    lifetime: 14.9341
    annual_cost: 15.034853121379928
    efficiency: 0.704285
    discharge_ratio: 5
    depth_of_discharge: 0.5
  VRBF:
    cost: 342.133
    lifetime: 20.1144
    annual_cost: 17.009356480929085
    efficiency: 0.765745
    discharge_ratio: 0.5
    depth_of_discharge: 1.0
