cost_values:
  wind_capex: 5000.0
  wind_opex: 100
  wind_lifetime: 20
  solar_capex: 1000.0
  solar_opex: 10
  solar_lifetime: 20
  carbon_price: 1.0
timeseries_values:
  load_level: 266312.53431341436
  wind_year: 2018
  solar_year: 2010
  price_year: 2023
  carbon_year: 2023
storage_values:
  CAES:
    cost: 54.7175
    lifetime: 24.5468
    annual_cost: 2.229109293268369
    efficiency: 0.604555
    discharge_ratio: 0.1
    depth_of_discharge: 0.4
  Li-ion:
    cost: 179.369
    lifetime: 14.8535
    annual_cost: 12.07587437304339
    efficiency: 0.874976
    discharge_ratio: 2
    depth_of_discharge: 0.9
  Pb-acid:
    cost: 220.225
    lifetime: 16.9047
    annual_cost: 13.027442072323083
    efficiency: 0.708157
    discharge_ratio: 5
    depth_of_discharge: 0.5
  VRBF:
    cost: 331.114
    lifetime: 22.278
    annual_cost: 14.862824310979441
    efficiency: 0.76637
    discharge_ratio: 0.5
    depth_of_discharge: 1.0
