cost_values:
  wind_capex: 5000.0
  wind_opex: 100
  wind_lifetime: 20
  solar_capex: 1000.0
  solar_opex: 10
  solar_lifetime: 20
  carbon_price: 1.0
timeseries_values:
  load_level: 266312.53431341436
  wind_year: 2018
  solar_year: 2010
  price_year: 2023
  carbon_year: 2023
storage_values:
  CAES:
    cost: 46.1535
    lifetime: 24.9504
    annual_cost: 1.8498100230858023
    efficiency: 0.59391
    discharge_ratio: 0.1
    depth_of_discharge: 0.4
  Li-ion:
    cost: 179.182
    lifetime: 13.3074
    annual_cost: 13.464839112072982
    efficiency: 0.860836
    discharge_ratio: 2
    depth_of_discharge: 0.9
  Pb-acid:
    cost: 219.122
    lifetime: 16.0139
    annual_cost: 13.683237687259195
    efficiency: 0.717831
    discharge_ratio: 5
    depth_of_discharge: 0.5
  VRBF:
    cost: 295.177
    lifetime: 24.867
    annual_cost: 11.870229621586843
    efficiency: 0.749122
    discharge_ratio: 0.5
    depth_of_discharge: 1.0
