cost_values:
  wind_capex: 5000.0
  wind_opex: 100
  wind_lifetime: 20
  solar_capex: 1000.0
  solar_opex: 10
  solar_lifetime: 20
  carbon_price: 1.0
timeseries_values:
  load_level: 266312.53431341436
  wind_year: 2018
  solar_year: 2010
  price_year: 2023
  carbon_year: 2023
storage_values:
  CAES:
    cost: 46.8769
    lifetime: 25.0644
    annual_cost: 1.8702582148385758
    efficiency: 0.599881
    discharge_ratio: 0.1
    depth_of_discharge: 0.4
  Li-ion:
    cost: 174.103
    lifetime: 13.1973
    annual_cost: 13.192319641138718
    efficiency: 0.883582
    discharge_ratio: 2
    depth_of_discharge: 0.9
  Pb-acid:
    cost: 226.004
    lifetime: 17.7015
    annual_cost: 12.76750557862328
    efficiency: 0.715601
    discharge_ratio: 5
    depth_of_discharge: 0.5
  VRBF:
    cost: 342.678
    lifetime: 24.2691
    annual_cost: 14.119930281716256
    efficiency: 0.756894
    discharge_ratio: 0.5
    depth_of_discharge: 1.0
