cost_values:
  wind_capex: 5000.0
  wind_opex: 100
  wind_lifetime: 20
  solar_capex: 1000.0
  solar_opex: 10
  solar_lifetime: 20
  carbon_price: 1.0
timeseries_values:
  load_level: 266312.53431341436
  wind_year: 2018
  solar_year: 2010
  price_year: 2023
  carbon_year: 2023
storage_values:
  CAES:
    cost: 54.9687
    lifetime: 25.4756
    annual_cost: 2.157699916783118
    efficiency: 0.597599
    discharge_ratio: 0.1
    depth_of_discharge: 0.4
  Li-ion:
    cost: 171.455
    lifetime: 12.9163
    annual_cost: 13.274312303058927
    efficiency: 0.863787
    discharge_ratio: 2
    depth_of_discharge: 0.9
  Pb-acid:
    cost: 216.705
    lifetime: 16.6101
    annual_cost: 13.046580092835084
    efficiency: 0.71813
    discharge_ratio: 5
    depth_of_discharge: 0.5
  VRBF:
    cost: 343.672
    lifetime: 23.4222
    annual_cost: 14.672917146980216
    efficiency: 0.774177
    discharge_ratio: 0.5
    depth_of_discharge: 1.0
