cost_values:
  wind_capex: 5000.0
  wind_opex: 100
  wind_lifetime: 20
  solar_capex: 1000.0
  solar_opex: 10
  solar_lifetime: 20
  carbon_price: 1.0
timeseries_values:
  load_level: 266312.53431341436
  wind_year: 2018
  solar_year: 2010
  price_year: 2023
  carbon_year: 2023
storage_values:
  CAES:
    cost: 56.1225
    lifetime: 25.7358
    annual_cost: 2.180717133331779
    efficiency: 0.589853
    discharge_ratio: 0.1
    depth_of_discharge: 0.4
  Li-ion:
    cost: 189.944
    lifetime: 14.4464
    annual_cost: 13.148189168235684
    efficiency: 0.867861
    discharge_ratio: 2
    depth_of_discharge: 0.9
  Pb-acid:
    cost: 223.316
    lifetime: 17.6355
    annual_cost: 12.6628675115534
    efficiency: 0.709576
    discharge_ratio: 5
    depth_of_discharge: 0.5
  VRBF:
    cost: 321.011
    lifetime: 25.3768
    annual_cost: 12.649782478484287
    efficiency: 0.758461
    discharge_ratio: 0.5
    depth_of_discharge: 1.0
