cost_values:
  wind_capex: 5000.0
  wind_opex: 100
  wind_lifetime: 20
  solar_capex: 1000.0
  solar_opex: 10
  solar_lifetime: 20
  carbon_price: 1.0
timeseries_values:
  load_level: 266312.53431341436
  wind_year: 2018
  solar_year: 2010
  price_year: 2023
  carbon_year: 2023
storage_values:
  CAES:
    cost: 51.6818
    lifetime: 24.9089
    annual_cost: 2.074832690323539
    efficiency: 0.594753
    discharge_ratio: 0.1
    depth_of_discharge: 0.4
  Li-ion:
    cost: 174.939
    lifetime: 15.0527
    annual_cost: 11.621768852099622
    efficiency: 0.877512
    discharge_ratio: 2
    depth_of_discharge: 0.9
  Pb-acid:
    cost: 245.097
    lifetime: 16.2999
    annual_cost: 15.036718016674948
    efficiency: 0.699753
    discharge_ratio: 5
    depth_of_discharge: 0.5
  VRBF:
    cost: 324.929
    lifetime: 22.6015
    annual_cost: 14.376435192354487
    efficiency: 0.753595
    discharge_ratio: 0.5
    depth_of_discharge: 1.0
