cost_values:
  wind_capex: 5000.0
  wind_opex: 100
  wind_lifetime: 20
  solar_capex: 1000.0
  solar_opex: 10
  solar_lifetime: 20
  carbon_price: 1.0
timeseries_values:
  load_level: 266312.53431341436
  wind_year: 2018
  solar_year: 2010
  price_year: 2023
  carbon_year: 2023
storage_values:
  CAES:
    cost: 51.1101
    lifetime: 26.0327
    annual_cost: 1.9633038447798348
    efficiency: 0.579106
    discharge_ratio: 0.1
    depth_of_discharge: 0.4
  Li-ion:
    cost: 171.69
    lifetime: 12.4256
    annual_cost: 13.817441411279939
    efficiency: 0.879028
    discharge_ratio: 2
    depth_of_discharge: 0.9
  Pb-acid:
    cost: 235.33
    lifetime: 17.304
    annual_cost: 13.599745723532132
    efficiency: 0.701884
    discharge_ratio: 5
    depth_of_discharge: 0.5
  VRBF:
    cost: 304.502
    lifetime: 22.0792
    annual_cost: 13.791351135910721
    efficiency: 0.749848
    discharge_ratio: 0.5
    depth_of_discharge: 1.0
