cost_values:
  wind_capex: 5000.0
  wind_opex: 100
  wind_lifetime: 20
  solar_capex: 1000.0
  solar_opex: 10
  solar_lifetime: 20
  carbon_price: 1.0
timeseries_values:
  load_level: 266312.53431341436
  wind_year: 2018
  solar_year: 2010
  price_year: 2023
  carbon_year: 2023
storage_values:
  CAES:
    cost: 51.2924
    lifetime: 23.6102
    annual_cost: 2.1724678316998585
    efficiency: 0.59562
    discharge_ratio: 0.1
    depth_of_discharge: 0.4
  Li-ion:
    cost: 178.642
    lifetime: 15.4472
    annual_cost: 11.564684861981458
    efficiency: 0.872354
    discharge_ratio: 2
    depth_of_discharge: 0.9
  Pb-acid:
    cost: 230.043
    lifetime: 16.5302
    annual_cost: 13.916528535649901
    efficiency: 0.721015
    discharge_ratio: 5
    depth_of_discharge: 0.5
  VRBF:
    cost: 329.612
    lifetime: 20.6733
    annual_cost: 15.943850280313255
    efficiency: 0.740801
    discharge_ratio: 0.5
    depth_of_discharge: 1.0
