cost_values:
  wind_capex: 5000.0
  wind_opex: 100
  wind_lifetime: 20
  solar_capex: 1000.0
  solar_opex: 10
  solar_lifetime: 20
  carbon_price: 1.0
timeseries_values:
  load_level: 266312.53431341436
  wind_year: 2018
  solar_year: 2010
  price_year: 2023
  carbon_year: 2023
storage_values:
  CAES:
    cost: 52.6843
    lifetime: 25.1543
    annual_cost: 2.0944450849357765
    efficiency: 0.599542
    discharge_ratio: 0.1
    depth_of_discharge: 0.4
  Li-ion:
    cost: 186.587
    lifetime: 15.1861
    annual_cost: 12.286696386827428
    efficiency: 0.859876
    discharge_ratio: 2
    depth_of_discharge: 0.9
  Pb-acid:
    cost: 229.086
    lifetime: 17.3495
    annual_cost: 13.204184558632814
    efficiency: 0.722762
    discharge_ratio: 5
    depth_of_discharge: 0.5
  VRBF:
    cost: 359.607
    lifetime: 23.5022
    annual_cost: 15.300993098518438
    efficiency: 0.761098
    discharge_ratio: 0.5
    depth_of_discharge: 1.0
