cost_values:
  wind_capex: 5000.0
  wind_opex: 100
  wind_lifetime: 20
  solar_capex: 1000.0
  solar_opex: 10
  solar_lifetime: 20
  carbon_price: 1.0
timeseries_values:
  load_level: 266312.53431341436
  wind_year: 2018
  solar_year: 2010
  price_year: 2023
  carbon_year: 2023
storage_values:
  CAES:
    cost: 50.9448
    lifetime: 24.7234
    annual_cost: 2.0605903718744183
    efficiency: 0.582964
    discharge_ratio: 0.1
    depth_of_discharge: 0.4
  Li-ion:
    cost: 191.189
    lifetime: 16.197
    annual_cost: 11.803976044946594
    efficiency: 0.867299
    discharge_ratio: 2
    depth_of_discharge: 0.9
  Pb-acid:
    cost: 236.125
    lifetime: 16.7261
    annual_cost: 14.117158213809557
    efficiency: 0.707069
    discharge_ratio: 5
    depth_of_discharge: 0.5
  VRBF:
    cost: 323.074
    lifetime: 22.3612
    annual_cost: 14.44797238073091
    efficiency: 0.759402
    discharge_ratio: 0.5
    depth_of_discharge: 1.0
