cost_values:
  wind_capex: 5000.0
  wind_opex: 100
  wind_lifetime: 20
  solar_capex: 1000.0
  solar_opex: 10
  solar_lifetime: 20
  carbon_price: 1.0
timeseries_values:
  load_level: 266312.53431341436
  wind_year: 2018
  solar_year: 2010
  price_year: 2023
  carbon_year: 2023
storage_values:
  CAES:
    cost: 53.5721
    lifetime: 25.5107
    annual_cost: 2.099985496281952
    efficiency: 0.591964
    discharge_ratio: 0.1
    depth_of_discharge: 0.4
  Li-ion:
    cost: 160.116
    lifetime: 16.7358
    annual_cost: 9.56727494353422
    efficiency: 0.882156
    discharge_ratio: 2
    depth_of_discharge: 0.9
  Pb-acid:
    cost: 233.899
    lifetime: 17.1835
    annual_cost: 13.611836936596154
    efficiency: 0.713993
    discharge_ratio: 5
    depth_of_discharge: 0.5
  VRBF:
    cost: 382.523
    lifetime: 22.4788
    annual_cost: 17.017056070608753
    efficiency: 0.772892
    discharge_ratio: 0.5
    depth_of_discharge: 1.0
