cost_values:
  wind_capex: 5000.0
  wind_opex: 100
  wind_lifetime: 20
  solar_capex: 1000.0
  solar_opex: 10
  solar_lifetime: 20
  carbon_price: 1.0
timeseries_values:
  load_level: 266312.53431341436
  wind_year: 2018
  solar_year: 2010
  price_year: 2023
  carbon_year: 2023
storage_values:
  CAES:
    cost: 49.4382
    lifetime: 25.5051
    annual_cost: 1.9383652681228463
    efficiency: 0.599616
    discharge_ratio: 0.1
    depth_of_discharge: 0.4
  Li-ion:
    cost: 174.558
    lifetime: 13.4958
    annual_cost: 12.93424620993198
    efficiency: 0.870181
    discharge_ratio: 2
    depth_of_discharge: 0.9
  Pb-acid:
    cost: 219.071
    lifetime: 15.9483
    annual_cost: 13.736322993673307
    efficiency: 0.735704
    discharge_ratio: 5
    depth_of_discharge: 0.5
  VRBF:
    cost: 353.421
    lifetime: 23.8039
    annual_cost: 14.847188906019602
    efficiency: 0.755526
    discharge_ratio: 0.5
    depth_of_discharge: 1.0
