cost_values:
  wind_capex: 5000.0
  wind_opex: 100
  wind_lifetime: 20
  solar_capex: 1000.0
  solar_opex: 10
  solar_lifetime: 20
  carbon_price: 1.0
timeseries_values:
  load_level: 266312.53431341436
  wind_year: 2018
  solar_year: 2010
  price_year: 2023
  carbon_year: 2023
storage_values:
  CAES:
    cost: 46.4319
    lifetime: 26.1161
    annual_cost: 1.7779032857126447
    efficiency: 0.594143
    discharge_ratio: 0.1
    depth_of_discharge: 0.4
  Li-ion:
    cost: 173.257
    lifetime: 11.9802
    annual_cost: 14.461945543480075
    efficiency: 0.874032
    discharge_ratio: 2
    depth_of_discharge: 0.9
  Pb-acid:
    cost: 221.715
    lifetime: 15.7784
    annual_cost: 14.051804999239467
    efficiency: 0.71416
    discharge_ratio: 5
    depth_of_discharge: 0.5
  VRBF:
    cost: 330.837
    lifetime: 20.3623
    annual_cost: 16.247526065326607
    efficiency: 0.747415
    discharge_ratio: 0.5
    depth_of_discharge: 1.0
