cost_values:
  wind_capex: 5000.0
  wind_opex: 100
  wind_lifetime: 20
  solar_capex: 1000.0
  solar_opex: 10
  solar_lifetime: 20
  carbon_price: 1.0
timeseries_values:
  load_level: 266312.53431341436
  wind_year: 2018
  solar_year: 2010
  price_year: 2023
  carbon_year: 2023
storage_values:
  CAES:
    cost: 55.8452
    lifetime: 24.5989
    annual_cost: 2.27023159572176
    efficiency: 0.586601
    discharge_ratio: 0.1
    depth_of_discharge: 0.4
  Li-ion:
    cost: 175.41
    lifetime: 16.1916
    annual_cost: 10.833395093752316
    efficiency: 0.862318
    discharge_ratio: 2
    depth_of_discharge: 0.9
  Pb-acid:
    cost: 227.484
    lifetime: 17.7602
    annual_cost: 12.808639542347496
    efficiency: 0.709816
    discharge_ratio: 5
    depth_of_discharge: 0.5
  VRBF:
    cost: 334.57
    lifetime: 22.5667
    annual_cost: 14.825827436000832
    efficiency: 0.769465
    discharge_ratio: 0.5
    depth_of_discharge: 1.0
