cost_values:
  wind_capex: 5000.0
  wind_opex: 100
  wind_lifetime: 20
  solar_capex: 1000.0
  solar_opex: 10
  solar_lifetime: 20
  carbon_price: 1.0
timeseries_values:
  load_level: 266312.53431341436
  wind_year: 2018
  solar_year: 2010
  price_year: 2023
  carbon_year: 2023
storage_values:
  CAES:
    cost: 37.8532
    lifetime: 25.6653
    annual_cost: 1.4748785324932887
    efficiency: 0.596954
    discharge_ratio: 0.1
    depth_of_discharge: 0.4
  Li-ion:
    cost: 162.41
    lifetime: 15.8773
    annual_cost: 10.229069174229876
    efficiency: 0.874265
    discharge_ratio: 2
    depth_of_discharge: 0.9
  Pb-acid:
    cost: 241.703
    lifetime: 15.117
    annual_cost: 15.988820533174572
    efficiency: 0.708728
    discharge_ratio: 5
    depth_of_discharge: 0.5
  VRBF:
    cost: 317.979
    lifetime: 22.9028
    annual_cost: 13.88384826309447
    efficiency: 0.759171
    discharge_ratio: 0.5
    depth_of_discharge: 1.0
