cost_values:
  wind_capex: 5000.0
  wind_opex: 100
  wind_lifetime: 20
  solar_capex: 1000.0
  solar_opex: 10
  solar_lifetime: 20
  carbon_price: 1.0
timeseries_values:
  load_level: 266312.53431341436
  wind_year: 2018
  solar_year: 2010
  price_year: 2023
  carbon_year: 2023
storage_values:
  CAES:
    cost: 47.599
    lifetime: 25.1588
    annual_cost: 1.891942381989602
    efficiency: 0.593515
    discharge_ratio: 0.1
    depth_of_discharge: 0.4
  Li-ion:
    cost: 181.092
    lifetime: 14.877
    annual_cost: 12.172615446662634
    efficiency: 0.868846
    discharge_ratio: 2
    depth_of_discharge: 0.9
  Pb-acid:
    cost: 232.753
    lifetime: 14.3261
    annual_cost: 16.24678035194505
    efficiency: 0.721973
    discharge_ratio: 5
    depth_of_discharge: 0.5
  VRBF:
    cost: 345.573
    lifetime: 22.3441
    annual_cost: 15.465961931785122
    efficiency: 0.7569
    discharge_ratio: 0.5
    depth_of_discharge: 1.0
