cost_values:
  wind_capex: 5000.0
  wind_opex: 100
  wind_lifetime: 20
  solar_capex: 1000.0
  solar_opex: 10
  solar_lifetime: 20
  carbon_price: 1.0
timeseries_values:
  load_level: 266312.53431341436
  wind_year: 2018
  solar_year: 2010
  price_year: 2023
  carbon_year: 2023
storage_values:
  CAES:
    cost: 49.2153
    lifetime: 24.8131
    annual_cost: 1.9834401989271797
    efficiency: 0.591443
    discharge_ratio: 0.1
    depth_of_discharge: 0.4
  Li-ion:
    cost: 165.053
    lifetime: 13.7364
    annual_cost: 12.015739203867097
    efficiency: 0.868154
    discharge_ratio: 2
    depth_of_discharge: 0.9
  Pb-acid:
    cost: 238.511
    lifetime: 17.4303
    annual_cost: 13.683700223174588
    efficiency: 0.714684
    discharge_ratio: 5
    depth_of_discharge: 0.5
  VRBF:
    cost: 340.27
    lifetime: 23.6036
    annual_cost: 14.416021284888744
    efficiency: 0.766344
    discharge_ratio: 0.5
    depth_of_discharge: 1.0
