cost_values:
  wind_capex: 5000.0
  wind_opex: 100
  wind_lifetime: 20
  solar_capex: 1000.0
  solar_opex: 10
  solar_lifetime: 20
  carbon_price: 1.0
timeseries_values:
  load_level: 266312.53431341436
  wind_year: 2018
  solar_year: 2010
  price_year: 2023
  carbon_year: 2023
storage_values:
  CAES:
    cost: 47.2123
    lifetime: 26.0345
    annual_cost: 1.8134513818202769
    efficiency: 0.591463
    discharge_ratio: 0.1
    depth_of_discharge: 0.4
  Li-ion:
    cost: 181.017
    lifetime: 12.5193
    annual_cost: 14.459035249574658
    efficiency: 0.8757
    discharge_ratio: 2
    depth_of_discharge: 0.9
  Pb-acid:
    cost: 224.87
    lifetime: 17.6078
    annual_cost: 12.771044650666182
    efficiency: 0.69731
    discharge_ratio: 5
    depth_of_discharge: 0.5
  VRBF:
    cost: 345.135
    lifetime: 21.9473
    annual_cost: 15.725624564297204
    efficiency: 0.75948
    discharge_ratio: 0.5
    depth_of_discharge: 1.0
