cost_values:
  wind_capex: 5000.0
  wind_opex: 100
  wind_lifetime: 20
  solar_capex: 1000.0
  solar_opex: 10
  solar_lifetime: 20
  carbon_price: 1.0
timeseries_values:
  load_level: 266312.53431341436
  wind_year: 2018
  solar_year: 2010
  price_year: 2023
  carbon_year: 2023
storage_values:
  CAES:
    cost: 56.3176
    lifetime: 24.4929
    annual_cost: 2.2993438914950866
    efficiency: 0.59164
    discharge_ratio: 0.1
    depth_of_discharge: 0.4
  Li-ion:
    cost: 167.301
    lifetime: 14.9136
    annual_cost: 11.218015770840037
    efficiency: 0.859188
    discharge_ratio: 2
    depth_of_discharge: 0.9
  Pb-acid:
    cost: 240.59
    lifetime: 16.0833
    annual_cost: 14.958994733667842
    efficiency: 0.718643
    discharge_ratio: 5
    depth_of_discharge: 0.5
  VRBF:
    cost: 341.561
    lifetime: 23.4732
    annual_cost: 14.551105090060153
    efficiency: 0.73526
    discharge_ratio: 0.5
    depth_of_discharge: 1.0
