cost_values:
  wind_capex: 5000.0
  wind_opex: 100
  wind_lifetime: 20
  solar_capex: 1000.0
  solar_opex: 10
  solar_lifetime: 20
  carbon_price: 1.0
timeseries_values:
  load_level: 266312.53431341436
  wind_year: 2018
  solar_year: 2010
  price_year: 2023
  carbon_year: 2023
storage_values:
  CAES:
    cost: 51.8892
    lifetime: 24.5716
    annual_cost: 2.111755034267203
    efficiency: 0.592391
    discharge_ratio: 0.1
    depth_of_discharge: 0.4
  Li-ion:
    cost: 174.428
    lifetime: 14.5502
    annual_cost: 11.988013910461712
    efficiency: 0.864416
    discharge_ratio: 2
    depth_of_discharge: 0.9
  Pb-acid:
    cost: 220.675
    lifetime: 16.2867
    annual_cost: 13.549399203030696
    efficiency: 0.7124
    discharge_ratio: 5
    depth_of_discharge: 0.5
  VRBF:
    cost: 351.162
    lifetime: 22.0147
    annual_cost: 15.95125075517722
    efficiency: 0.753656
    discharge_ratio: 0.5
    depth_of_discharge: 1.0
