cost_values:
  wind_capex: 5000.0
  wind_opex: 100
  wind_lifetime: 20
  solar_capex: 1000.0
  solar_opex: 10
  solar_lifetime: 20
  carbon_price: 1.0
timeseries_values:
  load_level: 266312.53431341436
  wind_year: 2018
  solar_year: 2010
  price_year: 2023
  carbon_year: 2023
storage_values:
  CAES:
    cost: 50.7725
    lifetime: 24.6527
    annual_cost: 2.0595107229634078
    efficiency: 0.596388
    discharge_ratio: 0.1
    depth_of_discharge: 0.4
  Li-ion:
    cost: 165.965
    lifetime: 13.0369
    annual_cost: 12.73040370026617
    efficiency: 0.890318
    discharge_ratio: 2
    depth_of_discharge: 0.9
  Pb-acid:
    cost: 247.867
    lifetime: 16.3862
    annual_cost: 15.126569918590034
    efficiency: 0.735518
    discharge_ratio: 5
    depth_of_discharge: 0.5
  VRBF:
    cost: 319.074
    lifetime: 22.0485
    annual_cost: 14.471460643581196
    efficiency: 0.72788
    discharge_ratio: 0.5
    depth_of_discharge: 1.0
