cost_values:
  wind_capex: 5000.0
  wind_opex: 100
  wind_lifetime: 20
  solar_capex: 1000.0
  solar_opex: 10
  solar_lifetime: 20
  carbon_price: 1.0
timeseries_values:
  load_level: 266312.53431341436
  wind_year: 2018
  solar_year: 2010
  price_year: 2023
  carbon_year: 2023
storage_values:
  CAES:
    cost: 51.9642
    lifetime: 24.9867
    annual_cost: 2.0796743867737635
    efficiency: 0.587665
    discharge_ratio: 0.1
    depth_of_discharge: 0.4
  Li-ion:
    cost: 164.384
    lifetime: 14.9118
    annual_cost: 11.02375300097909
    efficiency: 0.870393
    discharge_ratio: 2
    depth_of_discharge: 0.9
  Pb-acid:
    cost: 238.089
    lifetime: 16.7342
    annual_cost: 14.227689402540904
    efficiency: 0.720215
    discharge_ratio: 5
    depth_of_discharge: 0.5
  VRBF:
    cost: 313.646
    lifetime: 24.0962
    annual_cost: 13.016409226351044
    efficiency: 0.761103
    discharge_ratio: 0.5
    depth_of_discharge: 1.0
