cost_values:
  wind_capex: 5000.0
  wind_opex: 100
  wind_lifetime: 20
  solar_capex: 1000.0
  solar_opex: 10
  solar_lifetime: 20
  carbon_price: 1.0
timeseries_values:
  load_level: 266312.53431341436
  wind_year: 2018
  solar_year: 2010
  price_year: 2023
  carbon_year: 2023
storage_values:
  CAES:
    cost: 43.7069
    lifetime: 24.8374
    annual_cost: 1.7597212268594942
    efficiency: 0.596674
    discharge_ratio: 0.1
    depth_of_discharge: 0.4
  Li-ion:
    cost: 158.742
    lifetime: 17.5011
    annual_cost: 9.070401289061829
    efficiency: 0.882513
    discharge_ratio: 2
    depth_of_discharge: 0.9
  Pb-acid:
    cost: 227.581
    lifetime: 16.4283
    annual_cost: 13.85298539715004
    efficiency: 0.714025
    discharge_ratio: 5
    depth_of_discharge: 0.5
  VRBF:
    cost: 326.523
    lifetime: 23.9846
    annual_cost: 13.613860560526339
    efficiency: 0.754092
    discharge_ratio: 0.5
    depth_of_discharge: 1.0
