cost_values:
  wind_capex: 5000.0
  wind_opex: 100
  wind_lifetime: 20
  solar_capex: 1000.0
  solar_opex: 10
  solar_lifetime: 20
  carbon_price: 1.0
timeseries_values:
  load_level: 266312.53431341436
  wind_year: 2018
  solar_year: 2010
  price_year: 2023
  carbon_year: 2023
storage_values:
  CAES:
    cost: 47.9902
    lifetime: 25.031
    annual_cost: 1.917230634013823
    efficiency: 0.591717
    discharge_ratio: 0.1
    depth_of_discharge: 0.4
  Li-ion:
    cost: 189.982
    lifetime: 15.1239
    annual_cost: 12.561706967118269
    efficiency: 0.865078
    discharge_ratio: 2
    depth_of_discharge: 0.9
  Pb-acid:
    cost: 223.972
    lifetime: 15.2477
    annual_cost: 14.688903900260367
    efficiency: 0.698043
    discharge_ratio: 5
    depth_of_discharge: 0.5
  VRBF:
    cost: 317.774
    lifetime: 22.6418
    annual_cost: 14.034838219576182
    efficiency: 0.75319
    discharge_ratio: 0.5
    depth_of_discharge: 1.0
