cost_values:
  wind_capex: 5000.0
  wind_opex: 100
  wind_lifetime: 20
  solar_capex: 1000.0
  solar_opex: 10
  solar_lifetime: 20
  carbon_price: 1.0
timeseries_values:
  load_level: 266312.53431341436
  wind_year: 2018
  solar_year: 2010
  price_year: 2023
  carbon_year: 2023
storage_values:
  CAES:
    cost: 51.1503
    lifetime: 25.4646
    annual_cost: 2.0086826417850663
    efficiency: 0.586503
    discharge_ratio: 0.1
    depth_of_discharge: 0.4
  Li-ion:
    cost: 171.295
    lifetime: 14.8106
    annual_cost: 11.565702942487135
    efficiency: 0.88174
    discharge_ratio: 2
    depth_of_discharge: 0.9
  Pb-acid:
    cost: 247.11
    lifetime: 16.9008
    annual_cost: 14.621201363249078
    efficiency: 0.702647
    discharge_ratio: 5
    depth_of_discharge: 0.5
  VRBF:
    cost: 341.153
    lifetime: 20.9993
    annual_cost: 16.24592248313039
    efficiency: 0.766241
    discharge_ratio: 0.5
    depth_of_discharge: 1.0
