cost_values:
  wind_capex: 5000.0
  wind_opex: 100
  wind_lifetime: 20
  solar_capex: 1000.0
  solar_opex: 10
  solar_lifetime: 20
  carbon_price: 1.0
timeseries_values:
  load_level: 266312.53431341436
  wind_year: 2018
  solar_year: 2010
  price_year: 2023
  carbon_year: 2023
storage_values:
  CAES:
    cost: 50.6085
    lifetime: 25.7726
    annual_cost: 1.9636551997082172
    efficiency: 0.593799
    discharge_ratio: 0.1
    depth_of_discharge: 0.4
  Li-ion:
    cost: 176.125
    lifetime: 13.0268
    annual_cost: 13.520204501489237
    efficiency: 0.882147
    discharge_ratio: 2
    depth_of_discharge: 0.9
  Pb-acid:
    cost: 244.52
    lifetime: 15.5617
    annual_cost: 15.712936247325164
    efficiency: 0.713251
    discharge_ratio: 5
    depth_of_discharge: 0.5
  VRBF:
    cost: 328.038
    lifetime: 20.6488
    annual_cost: 15.886540622215334
    efficiency: 0.747424
    discharge_ratio: 0.5
    depth_of_discharge: 1.0
