cost_values:
  wind_capex: 5000.0
  wind_opex: 100
  wind_lifetime: 20
  solar_capex: 1000.0
  solar_opex: 10
  solar_lifetime: 20
  carbon_price: 1.0
timeseries_values:
  load_level: 266312.53431341436
  wind_year: 2018
  solar_year: 2010
  price_year: 2023
  carbon_year: 2023
storage_values:
  CAES:
    cost: 50.7983
    lifetime: 25.5251
    annual_cost: 1.9901312825414983
    efficiency: 0.599313
    discharge_ratio: 0.1
    depth_of_discharge: 0.4
  Li-ion:
    cost: 200.384
    lifetime: 14.2803
    annual_cost: 14.03219820311898
    efficiency: 0.866148
    discharge_ratio: 2
    depth_of_discharge: 0.9
  Pb-acid:
    cost: 236.477
    lifetime: 16.3269
    annual_cost: 14.483888552021511
    efficiency: 0.725739
    discharge_ratio: 5
    depth_of_discharge: 0.5
  VRBF:
    cost: 332.933
    lifetime: 22.2447
    annual_cost: 14.966846035235358
    efficiency: 0.762548
    discharge_ratio: 0.5
    depth_of_discharge: 1.0
