cost_values:
  wind_capex: 5000.0
  wind_opex: 100
  wind_lifetime: 20
  solar_capex: 1000.0
  solar_opex: 10
  solar_lifetime: 20
  carbon_price: 1.0
timeseries_values:
  load_level: 266312.53431341436
  wind_year: 2018
  solar_year: 2010
  price_year: 2023
  carbon_year: 2023
storage_values:
  CAES:
    cost: 55.7463
    lifetime: 25.9637
    annual_cost: 2.147086124088631
    efficiency: 0.599227
    discharge_ratio: 0.1
    depth_of_discharge: 0.4
  Li-ion:
    cost: 188.233
    lifetime: 12.3013
    annual_cost: 15.301878663230717
    efficiency: 0.879733
    discharge_ratio: 2
    depth_of_discharge: 0.9
  Pb-acid:
    cost: 245.94
    lifetime: 17.3614
    annual_cost: 14.165908279286233
    efficiency: 0.712093
    discharge_ratio: 5
    depth_of_discharge: 0.5
  VRBF:
    cost: 334.413
    lifetime: 22.3536
    annual_cost: 14.960140648486151
    efficiency: 0.761045
    discharge_ratio: 0.5
    depth_of_discharge: 1.0
