cost_values:
  wind_capex: 5000.0
  wind_opex: 100
  wind_lifetime: 20
  solar_capex: 1000.0
  solar_opex: 10
  solar_lifetime: 20
  carbon_price: 1.0
timeseries_values:
  load_level: 266312.53431341436
  wind_year: 2018
  solar_year: 2010
  price_year: 2023
  carbon_year: 2023
storage_values:
  CAES:
    cost: 50.7752
    lifetime: 24.9553
    annual_cost: 2.034645946953152
    efficiency: 0.603712
    discharge_ratio: 0.1
    depth_of_discharge: 0.4
  Li-ion:
    cost: 179.667
    lifetime: 14.9458
    annual_cost: 12.021236735403926
    efficiency: 0.85417
    discharge_ratio: 2
    depth_of_discharge: 0.9
  Pb-acid:
    cost: 222.978
    lifetime: 17.0189
    annual_cost: 13.101786836987117
    efficiency: 0.705922
    discharge_ratio: 5
    depth_of_discharge: 0.5
  VRBF:
    cost: 343.874
    lifetime: 24.3172
    annual_cost: 14.141184017896798
    efficiency: 0.770485
    discharge_ratio: 0.5
    depth_of_discharge: 1.0
