cost_values:
  wind_capex: 5000.0
  wind_opex: 100
  wind_lifetime: 20
  solar_capex: 1000.0
  solar_opex: 10
  solar_lifetime: 20
  carbon_price: 1.0
timeseries_values:
  load_level: 266312.53431341436
  wind_year: 2018
  solar_year: 2010
  price_year: 2023
  carbon_year: 2023
storage_values:
  CAES:
    cost: 47.2113
    lifetime: 26.207
    annual_cost: 1.8014767046972182
    efficiency: 0.592899
    discharge_ratio: 0.1
    depth_of_discharge: 0.4
  Li-ion:
    cost: 171.935
    lifetime: 15.4478
    annual_cost: 11.130063827858983
    efficiency: 0.873812
    discharge_ratio: 2
    depth_of_discharge: 0.9
  Pb-acid:
    cost: 233.88
    lifetime: 15.3826
    annual_cost: 15.204191749119135
    efficiency: 0.714963
    discharge_ratio: 5
    depth_of_discharge: 0.5
  VRBF:
    cost: 333.145
    lifetime: 24.3029
    annual_cost: 13.708034843578337
    efficiency: 0.740308
    discharge_ratio: 0.5
    depth_of_discharge: 1.0
