cost_values:
  wind_capex: 5000.0
  wind_opex: 100
  wind_lifetime: 20
  solar_capex: 1000.0
  solar_opex: 10
  solar_lifetime: 20
  carbon_price: 1.0
timeseries_values:
  load_level: 266312.53431341436
  wind_year: 2018
  solar_year: 2010
  price_year: 2023
  carbon_year: 2023
storage_values:
  CAES:
    cost: 50.6359
    lifetime: 25.8524
    annual_cost: 1.958653742012347
    efficiency: 0.600449
    discharge_ratio: 0.1
    depth_of_discharge: 0.4
  Li-ion:
    cost: 188.751
    lifetime: 14.3327
    annual_cost: 13.169256315976751
    efficiency: 0.874666
    discharge_ratio: 2
    depth_of_discharge: 0.9
  Pb-acid:
    cost: 248.447
    lifetime: 15.9393
    annual_cost: 15.58707095041815
    efficiency: 0.720804
    discharge_ratio: 5
    depth_of_discharge: 0.5
  VRBF:
    cost: 309.334
    lifetime: 23.2064
    annual_cost: 13.329684914506345
    efficiency: 0.74767
    discharge_ratio: 0.5
    depth_of_discharge: 1.0
