cost_values:
  wind_capex: 5000.0
  wind_opex: 100
  wind_lifetime: 20
  solar_capex: 1000.0
  solar_opex: 10
  solar_lifetime: 20
  carbon_price: 1.0
timeseries_values:
  load_level: 266312.53431341436
  wind_year: 2018
  solar_year: 2010
  price_year: 2023
  carbon_year: 2023
storage_values:
  CAES:
    cost: 45.5533
    lifetime: 25.3639
    annual_cost: 1.7959895757355926
    efficiency: 0.602103
    discharge_ratio: 0.1
    depth_of_discharge: 0.4
  Li-ion:
    cost: 186.867
    lifetime: 12.1692
    annual_cost: 15.355734148506064
    efficiency: 0.865899
    discharge_ratio: 2
    depth_of_discharge: 0.9
  Pb-acid:
    cost: 221.441
    lifetime: 14.5866
    annual_cost: 15.18112514225385
    efficiency: 0.709506
    discharge_ratio: 5
    depth_of_discharge: 0.5
  VRBF:
    cost: 336.308
    lifetime: 21.2664
    annual_cost: 15.81405409472219
    efficiency: 0.769353
    discharge_ratio: 0.5
    depth_of_discharge: 1.0
