cost_values:
  wind_capex: 5000.0
  wind_opex: 100
  wind_lifetime: 20
  solar_capex: 1000.0
  solar_opex: 10
  solar_lifetime: 20
  carbon_price: 1.0
timeseries_values:
  load_level: 266312.53431341436
  wind_year: 2018
  solar_year: 2010
  price_year: 2023
  carbon_year: 2023
storage_values:
  CAES:
    cost: 44.6918
    lifetime: 25.4678
    annual_cost: 1.754835517791093
    efficiency: 0.600819
    discharge_ratio: 0.1
    depth_of_discharge: 0.4
  Li-ion:
    cost: 210.144
    lifetime: 13.4065
    annual_cost: 15.674784619401038
    efficiency: 0.868388
    discharge_ratio: 2
    depth_of_discharge: 0.9
  Pb-acid:
    cost: 228.879
    lifetime: 16.3618
    annual_cost: 13.988619834003595
    efficiency: 0.721164
    discharge_ratio: 5
    depth_of_discharge: 0.5
  VRBF:
    cost: 340.328
    lifetime: 23.0042
    annual_cost: 14.794168021491727
    efficiency: 0.752099
    discharge_ratio: 0.5
    depth_of_discharge: 1.0
