cost_values:
  wind_capex: 5000.0
  wind_opex: 100
  wind_lifetime: 20
  solar_capex: 1000.0
  solar_opex: 10
  solar_lifetime: 20
  carbon_price: 1.0
timeseries_values:
  load_level: 266312.53431341436
  wind_year: 2018
  solar_year: 2010
  price_year: 2023
  carbon_year: 2023
storage_values:
  CAES:
    cost: 44.8372
    lifetime: 24.8091
    annual_cost: 1.8072884546396282
    efficiency: 0.590281
    discharge_ratio: 0.1
    depth_of_discharge: 0.4
  Li-ion:
    cost: 182.923
    lifetime: 14.5412
    annual_cost: 12.57963579346959
    efficiency: 0.869765
    discharge_ratio: 2
    depth_of_discharge: 0.9
  Pb-acid:
    cost: 232.55
    lifetime: 16.706
    annual_cost: 13.920148449658805
    efficiency: 0.727364
    discharge_ratio: 5
    depth_of_discharge: 0.5
  VRBF:
    cost: 339.445
    lifetime: 22.118
    annual_cost: 15.347002441450403
    efficiency: 0.77617
    discharge_ratio: 0.5
    depth_of_discharge: 1.0
