cost_values:
  wind_capex: 5000.0
  wind_opex: 100
  wind_lifetime: 20
  solar_capex: 1000.0
  solar_opex: 10
  solar_lifetime: 20
  carbon_price: 1.0
timeseries_values:
  load_level: 266312.53431341436
  wind_year: 2018
  solar_year: 2010
  price_year: 2023
  carbon_year: 2023
storage_values:
  CAES:
    cost: 49.643
    lifetime: 25.1521
    annual_cost: 1.9737119365778604
    efficiency: 0.596306
    discharge_ratio: 0.1
    depth_of_discharge: 0.4
  Li-ion:
    cost: 185.141
    lifetime: 14.7419
    annual_cost: 12.558828916218397
    efficiency: 0.878142
    discharge_ratio: 2
    depth_of_discharge: 0.9
  Pb-acid:
    cost: 246.75
    lifetime: 16.9118
    annual_cost: 14.590404333069218
    efficiency: 0.699928
    discharge_ratio: 5
    depth_of_discharge: 0.5
  VRBF:
    cost: 312.266
    lifetime: 21.7107
    annual_cost: 14.383046147752031
    efficiency: 0.752569
    discharge_ratio: 0.5
    depth_of_discharge: 1.0
