cost_values:
  wind_capex: 5000.0
  wind_opex: 100
  wind_lifetime: 20
  solar_capex: 1000.0
  solar_opex: 10
  solar_lifetime: 20
  carbon_price: 1.0
timeseries_values:
  load_level: 266312.53431341436
  wind_year: 2018
  solar_year: 2010
  price_year: 2023
  carbon_year: 2023
storage_values:
  CAES:
    cost: 57.2963
    lifetime: 25.7562
    annual_cost: 2.2245634060925137
    efficiency: 0.594348
    discharge_ratio: 0.1
    depth_of_discharge: 0.4
  Li-ion:
    cost: 175.898
    lifetime: 14.8125
    annual_cost: 11.874970464135021
    efficiency: 0.860228
    discharge_ratio: 2
    depth_of_discharge: 0.9
  Pb-acid:
    cost: 233.159
    lifetime: 17.3318
    annual_cost: 13.45267081318732
    efficiency: 0.723153
    discharge_ratio: 5
    depth_of_discharge: 0.5
  VRBF:
    cost: 357.06
    lifetime: 22.7492
    annual_cost: 15.695496984509347
    efficiency: 0.768065
    discharge_ratio: 0.5
    depth_of_discharge: 1.0
