cost_values:
  wind_capex: 5000.0
  wind_opex: 100
  wind_lifetime: 20
  solar_capex: 1000.0
  solar_opex: 10
  solar_lifetime: 20
  carbon_price: 1.0
timeseries_values:
  load_level: 266312.53431341436
  wind_year: 2018
  solar_year: 2010
  price_year: 2023
  carbon_year: 2023
storage_values:
  CAES:
    cost: 55.129
    lifetime: 24.8642
    annual_cost: 2.217203851320372
    efficiency: 0.601685
    discharge_ratio: 0.1
    depth_of_discharge: 0.4
  Li-ion:
    cost: 179.034
    lifetime: 15.5935
    annual_cost: 11.48132234584923
    efficiency: 0.875782
    discharge_ratio: 2
    depth_of_discharge: 0.9
  Pb-acid:
    cost: 244.539
    lifetime: 16.9489
    annual_cost: 14.428015977438065
    efficiency: 0.716401
    discharge_ratio: 5
    depth_of_discharge: 0.5
  VRBF:
    cost: 338.376
    lifetime: 25.0358
    annual_cost: 13.51568553830914
    efficiency: 0.743474
    discharge_ratio: 0.5
    depth_of_discharge: 1.0
