cost_values:
  wind_capex: 5000.0
  wind_opex: 100
  wind_lifetime: 20
  solar_capex: 1000.0
  solar_opex: 10
  solar_lifetime: 20
  carbon_price: 1.0
timeseries_values:
  load_level: 266312.53431341436
  wind_year: 2018
  solar_year: 2010
  price_year: 2023
  carbon_year: 2023
storage_values:
  CAES:
    cost: 46.7844
    lifetime: 25.8234
    annual_cost: 1.8117056623062804
    efficiency: 0.59322
    discharge_ratio: 0.1
    depth_of_discharge: 0.4
  Li-ion:
    cost: 157.835
    lifetime: 14.1183
    annual_cost: 11.179462116543778
    efficiency: 0.877357
    discharge_ratio: 2
    depth_of_discharge: 0.9
  Pb-acid:
    cost: 220.843
    lifetime: 16.5751
    annual_cost: 13.323780852000892
    efficiency: 0.720888
    discharge_ratio: 5
    depth_of_discharge: 0.5
  VRBF:
    cost: 296.507
    lifetime: 22.0562
    annual_cost: 13.443249517142572
    efficiency: 0.742594
    discharge_ratio: 0.5
    depth_of_discharge: 1.0
