cost_values:
  wind_capex: 5000.0
  wind_opex: 100
  wind_lifetime: 20
  solar_capex: 1000.0
  solar_opex: 10
  solar_lifetime: 20
  carbon_price: 1.0
timeseries_values:
  load_level: 266312.53431341436
  wind_year: 2018
  solar_year: 2010
  price_year: 2023
  carbon_year: 2023
storage_values:
  CAES:
    cost: 50.2601
    lifetime: 26.4556
    annual_cost: 1.8997905925399539
    efficiency: 0.603103
    discharge_ratio: 0.1
    depth_of_discharge: 0.4
  Li-ion:
    cost: 176.436
    lifetime: 13.7509
    annual_cost: 12.830869252194402
    efficiency: 0.865387
    discharge_ratio: 2
    depth_of_discharge: 0.9
  Pb-acid:
    cost: 249.036
    lifetime: 16.646
    annual_cost: 14.960711281989667
    efficiency: 0.730795
    discharge_ratio: 5
    depth_of_discharge: 0.5
  VRBF:
    cost: 373.992
    lifetime: 23.41
    annual_cost: 15.975736864587784
    efficiency: 0.740379
    discharge_ratio: 0.5
    depth_of_discharge: 1.0
