cost_values:
  wind_capex: 5000.0
  wind_opex: 100
  wind_lifetime: 20
  solar_capex: 1000.0
  solar_opex: 10
  solar_lifetime: 20
  carbon_price: 1.0
timeseries_values:
  load_level: 266312.53431341436
  wind_year: 2018
  solar_year: 2010
  price_year: 2023
  carbon_year: 2023
storage_values:
  CAES:
    cost: 47.2053
    lifetime: 26.3596
    annual_cost: 1.7908200427927585
    efficiency: 0.598985
    discharge_ratio: 0.1
    depth_of_discharge: 0.4
  Li-ion:
    cost: 183.723
    lifetime: 15.4171
    annual_cost: 11.916832607948319
    efficiency: 0.868126
    discharge_ratio: 2
    depth_of_discharge: 0.9
  Pb-acid:
    cost: 238.859
    lifetime: 16.2251
    annual_cost: 14.721573364725025
    efficiency: 0.717583
    discharge_ratio: 5
    depth_of_discharge: 0.5
  VRBF:
    cost: 333.97
    lifetime: 24.931
    annual_cost: 13.395772331635314
    efficiency: 0.759745
    discharge_ratio: 0.5
    depth_of_discharge: 1.0
