cost_values:
  wind_capex: 5000.0
  wind_opex: 100
  wind_lifetime: 20
  solar_capex: 1000.0
  solar_opex: 10
  solar_lifetime: 20
  carbon_price: 1.0
timeseries_values:
  load_level: 266312.53431341436
  wind_year: 2018
  solar_year: 2010
  price_year: 2023
  carbon_year: 2023
storage_values:
  CAES:
    cost: 53.6176
    lifetime: 25.5857
    annual_cost: 2.0956080935835253
    efficiency: 0.597975
    discharge_ratio: 0.1
    depth_of_discharge: 0.4
  Li-ion:
    cost: 182.123
    lifetime: 14.4385
    annual_cost: 12.613706409945632
    efficiency: 0.866491
    discharge_ratio: 2
    depth_of_discharge: 0.9
  Pb-acid:
    cost: 242.055
    lifetime: 18.0282
    annual_cost: 13.426465204512931
    efficiency: 0.705037
    discharge_ratio: 5
    depth_of_discharge: 0.5
  VRBF:
    cost: 321.22
    lifetime: 24.5774
    annual_cost: 13.06973072823
    efficiency: 0.750515
    discharge_ratio: 0.5
    depth_of_discharge: 1.0
