cost_values:
  wind_capex: 5000.0
  wind_opex: 100
  wind_lifetime: 20
  solar_capex: 1000.0
  solar_opex: 10
  solar_lifetime: 20
  carbon_price: 1.0
timeseries_values:
  load_level: 266312.53431341436
  wind_year: 2018
  solar_year: 2010
  price_year: 2023
  carbon_year: 2023
storage_values:
  CAES:
    cost: 52.6522
    lifetime: 24.8474
    annual_cost: 2.1190225134219274
    efficiency: 0.590691
    discharge_ratio: 0.1
    depth_of_discharge: 0.4
  Li-ion:
    cost: 187.01
    lifetime: 16.261
    annual_cost: 11.500522723079762
    efficiency: 0.876666
    discharge_ratio: 2
    depth_of_discharge: 0.9
  Pb-acid:
    cost: 234.071
    lifetime: 17.0672
    annual_cost: 13.714669072841474
    efficiency: 0.715471
    discharge_ratio: 5
    depth_of_discharge: 0.5
  VRBF:
    cost: 338.292
    lifetime: 22.7237
    annual_cost: 14.887188265995412
    efficiency: 0.762873
    discharge_ratio: 0.5
    depth_of_discharge: 1.0
