cost_values:
  wind_capex: 5000.0
  wind_opex: 100
  wind_lifetime: 20
  solar_capex: 1000.0
  solar_opex: 10
  solar_lifetime: 20
  carbon_price: 1.0
timeseries_values:
  load_level: 266312.53431341436
  wind_year: 2018
  solar_year: 2010
  price_year: 2023
  carbon_year: 2023
storage_values:
  CAES:
    cost: 51.5402
    lifetime: 24.4952
    annual_cost: 2.1040938632875013
    efficiency: 0.596642
    discharge_ratio: 0.1
    depth_of_discharge: 0.4
  Li-ion:
    cost: 165.146
    lifetime: 14.3806
    annual_cost: 11.483943646301267
    efficiency: 0.871821
    discharge_ratio: 2
    depth_of_discharge: 0.9
  Pb-acid:
    cost: 242.817
    lifetime: 16.692
    annual_cost: 14.546908698777857
    efficiency: 0.70953
    discharge_ratio: 5
    depth_of_discharge: 0.5
  VRBF:
    cost: 347.619
    lifetime: 22.638
    annual_cost: 15.355552610654652
    efficiency: 0.759593
    discharge_ratio: 0.5
    depth_of_discharge: 1.0
