cost_values:
  wind_capex: 5000.0
  wind_opex: 100
  wind_lifetime: 20
  solar_capex: 1000.0
  solar_opex: 10
  solar_lifetime: 20
  carbon_price: 1.0
timeseries_values:
  load_level: 266312.53431341436
  wind_year: 2018
  solar_year: 2010
  price_year: 2023
  carbon_year: 2023
storage_values:
  CAES:
    cost: 49.1684
    lifetime: 25.021
    annual_cost: 1.9650853283242076
    efficiency: 0.601717
    discharge_ratio: 0.1
    depth_of_discharge: 0.4
  Li-ion:
    cost: 175.691
    lifetime: 12.7936
    annual_cost: 13.732725737868934
    efficiency: 0.873093
    discharge_ratio: 2
    depth_of_discharge: 0.9
  Pb-acid:
    cost: 233.187
    lifetime: 18.4585
    annual_cost: 12.633041688111168
    efficiency: 0.722605
    discharge_ratio: 5
    depth_of_discharge: 0.5
  VRBF:
    cost: 334.175
    lifetime: 23.8361
    annual_cost: 14.019701209509947
    efficiency: 0.737179
    discharge_ratio: 0.5
    depth_of_discharge: 1.0
