cost_values:
  wind_capex: 5000.0
  wind_opex: 100
  wind_lifetime: 20
  solar_capex: 1000.0
  solar_opex: 10
  solar_lifetime: 20
  carbon_price: 1.0
timeseries_values:
  load_level: 266312.53431341436
  wind_year: 2018
  solar_year: 2010
  price_year: 2023
  carbon_year: 2023
storage_values:
  CAES:
    cost: 43.6364
    lifetime: 25.7932
    annual_cost: 1.6917792286339037
    efficiency: 0.596921
    discharge_ratio: 0.1
    depth_of_discharge: 0.4
  Li-ion:
    cost: 176.221
    lifetime: 14.0092
    annual_cost: 12.578948119806984
    efficiency: 0.864852
    discharge_ratio: 2
    depth_of_discharge: 0.9
  Pb-acid:
    cost: 221.707
    lifetime: 17.2307
    annual_cost: 12.866975804813501
    efficiency: 0.715631
    discharge_ratio: 5
    depth_of_discharge: 0.5
  VRBF:
    cost: 326.806
    lifetime: 22.502
    annual_cost: 14.523420140431961
    efficiency: 0.740976
    discharge_ratio: 0.5
    depth_of_discharge: 1.0
