cost_values:
  wind_capex: 5000.0
  wind_opex: 100
  wind_lifetime: 20
  solar_capex: 1000.0
  solar_opex: 10
  solar_lifetime: 20
  carbon_price: 1.0
timeseries_values:
  load_level: 240884.55874430586
  wind_year: 2011
  solar_year: 2018
  price_year: 2023
  carbon_year: 2023
storage_values:
  CAES:
    cost: 61.5575
    lifetime: 23.7885
    annual_cost: 2.587699939046178
    efficiency: 0.578735
    discharge_ratio: 0.1
    depth_of_discharge: 0.4
  Li-ion:
    cost: 129.95
    lifetime: 22.4342
    annual_cost: 5.792495386508098
    efficiency: 0.866049
    discharge_ratio: 2
    depth_of_discharge: 0.9
  Pb-acid:
    cost: 181.069
    lifetime: 14.6185
    annual_cost: 12.386291343161062
    efficiency: 0.681658
    discharge_ratio: 5
    depth_of_discharge: 0.5
  VRBF:
    cost: 126.176
    lifetime: 29.2896
    annual_cost: 4.307877198732656
    efficiency: 0.759753
    discharge_ratio: 0.5
    depth_of_discharge: 1.0
