cost_values:
  wind_capex: 5000.0
  wind_opex: 100
  wind_lifetime: 20
  solar_capex: 1000.0
  solar_opex: 10
  solar_lifetime: 20
  carbon_price: 1.0
timeseries_values:
  load_level: 240884.55874430586
  wind_year: 2011
  solar_year: 2018
  price_year: 2023
  carbon_year: 2023
storage_values:
  CAES:
    cost: 62.6674
    lifetime: 24.4508
    annual_cost: 2.562999983640617
    efficiency: 0.583789
    discharge_ratio: 0.1
    depth_of_discharge: 0.4
  Li-ion:
    cost: 131.194
    lifetime: 23.984
    annual_cost: 5.470063375583722
    efficiency: 0.861281
    discharge_ratio: 2
    depth_of_discharge: 0.9
  Pb-acid:
    cost: 165.214
    lifetime: 16.0975
    annual_cost: 10.263332815654605
    efficiency: 0.674039
    discharge_ratio: 5
    depth_of_discharge: 0.5
  VRBF:
    cost: 134.236
    lifetime: 26.9999
    annual_cost: 4.971722117489324
    efficiency: 0.743301
    discharge_ratio: 0.5
    depth_of_discharge: 1.0
