cost_values:
  wind_capex: 5000.0
  wind_opex: 100
  wind_lifetime: 20
  solar_capex: 1000.0
  solar_opex: 10
  solar_lifetime: 20
  carbon_price: 1.0
timeseries_values:
  load_level: 240884.55874430586
  wind_year: 2011
  solar_year: 2018
  price_year: 2023
  carbon_year: 2023
storage_values:
  CAES:
    cost: 63.2748
    lifetime: 24.8107
    annual_cost: 2.550302893509655
    efficiency: 0.574495
    discharge_ratio: 0.1
    depth_of_discharge: 0.4
  Li-ion:
    cost: 121.664
    lifetime: 21.141
    annual_cost: 5.754883874934961
    efficiency: 0.86128
    discharge_ratio: 2
    depth_of_discharge: 0.9
  Pb-acid:
    cost: 188.274
    lifetime: 16.5261
    annual_cost: 11.392524552072176
    efficiency: 0.666751
    discharge_ratio: 5
    depth_of_discharge: 0.5
  VRBF:
    cost: 139.432
    lifetime: 28.4257
    annual_cost: 4.905138659733973
    efficiency: 0.734247
    discharge_ratio: 0.5
    depth_of_discharge: 1.0
