cost_values:
  wind_capex: 5000.0
  wind_opex: 100
  wind_lifetime: 20
  solar_capex: 1000.0
  solar_opex: 10
  solar_lifetime: 20
  carbon_price: 1.0
timeseries_values:
  load_level: 240884.55874430586
  wind_year: 2011
  solar_year: 2018
  price_year: 2023
  carbon_year: 2023
storage_values:
  CAES:
    cost: 58.8624
    lifetime: 25.7649
    annual_cost: 2.284596485916887
    efficiency: 0.583361
    discharge_ratio: 0.1
    depth_of_discharge: 0.4
  Li-ion:
    cost: 140.08
    lifetime: 23.1533
    annual_cost: 6.050109487632433
    efficiency: 0.871358
    discharge_ratio: 2
    depth_of_discharge: 0.9
  Pb-acid:
    cost: 207.458
    lifetime: 17.7689
    annual_cost: 11.675342874347878
    efficiency: 0.695174
    discharge_ratio: 5
    depth_of_discharge: 0.5
  VRBF:
    cost: 148.912
    lifetime: 27.9813
    annual_cost: 5.32183994310486
    efficiency: 0.748519
    discharge_ratio: 0.5
    depth_of_discharge: 1.0
