cost_values:
  wind_capex: 5000.0
  wind_opex: 100
  wind_lifetime: 20
  solar_capex: 1000.0
  solar_opex: 10
  solar_lifetime: 20
  carbon_price: 1.0
timeseries_values:
  load_level: 240884.55874430586
  wind_year: 2011
  solar_year: 2018
  price_year: 2023
  carbon_year: 2023
storage_values:
  CAES:
    cost: 59.2262
    lifetime: 25.8364
    annual_cost: 2.29235497205493
    efficiency: 0.578245
    discharge_ratio: 0.1
    depth_of_discharge: 0.4
  Li-ion:
    cost: 128.239
    lifetime: 20.8502
    annual_cost: 6.150492561222435
    efficiency: 0.859998
    discharge_ratio: 2
    depth_of_discharge: 0.9
  Pb-acid:
    cost: 215.059
    lifetime: 16.3088
    annual_cost: 13.18668448935544
    efficiency: 0.670189
    discharge_ratio: 5
    depth_of_discharge: 0.5
  VRBF:
    cost: 112.945
    lifetime: 26.2613
    annual_cost: 4.300815268094116
    efficiency: 0.759375
    discharge_ratio: 0.5
    depth_of_discharge: 1.0
