cost_values:
  wind_capex: 5000.0
  wind_opex: 100
  wind_lifetime: 20
  solar_capex: 1000.0
  solar_opex: 10
  solar_lifetime: 20
  carbon_price: 1.0
timeseries_values:
  load_level: 240884.55874430586
  wind_year: 2011
  solar_year: 2018
  price_year: 2023
  carbon_year: 2023
storage_values:
  CAES:
    cost: 67.7844
    lifetime: 25.4658
    annual_cost: 2.6617816836698633
    efficiency: 0.58219
    discharge_ratio: 0.1
    depth_of_discharge: 0.4
  Li-ion:
    cost: 157.007
    lifetime: 22.4793
    annual_cost: 6.98451464235986
    efficiency: 0.858154
    discharge_ratio: 2
    depth_of_discharge: 0.9
  Pb-acid:
    cost: 183.862
    lifetime: 15.2295
    annual_cost: 12.072753537542269
    efficiency: 0.667132
    discharge_ratio: 5
    depth_of_discharge: 0.5
  VRBF:
    cost: 143.127
    lifetime: 29.5495
    annual_cost: 4.8436352560957046
    efficiency: 0.760504
    discharge_ratio: 0.5
    depth_of_discharge: 1.0
