cost_values:
  wind_capex: 5000.0
  wind_opex: 100
  wind_lifetime: 20
  solar_capex: 1000.0
  solar_opex: 10
  solar_lifetime: 20
  carbon_price: 1.0
timeseries_values:
  load_level: 240884.55874430586
  wind_year: 2011
  solar_year: 2018
  price_year: 2023
  carbon_year: 2023
storage_values:
  CAES:
    cost: 59.7057
    lifetime: 26.2311
    annual_cost: 2.2761416791518463
    efficiency: 0.575944
    discharge_ratio: 0.1
    depth_of_discharge: 0.4
  Li-ion:
    cost: 144.091
    lifetime: 22.9754
    annual_cost: 6.271533901477232
    efficiency: 0.866675
    discharge_ratio: 2
    depth_of_discharge: 0.9
  Pb-acid:
    cost: 180.024
    lifetime: 16.1675
    annual_cost: 11.134931189113964
    efficiency: 0.68101
    discharge_ratio: 5
    depth_of_discharge: 0.5
  VRBF:
    cost: 123.178
    lifetime: 29.3627
    annual_cost: 4.195050182714804
    efficiency: 0.77297
    discharge_ratio: 0.5
    depth_of_discharge: 1.0
