cost_values:
  wind_capex: 5000.0
  wind_opex: 100
  wind_lifetime: 20
  solar_capex: 1000.0
  solar_opex: 10
  solar_lifetime: 20
  carbon_price: 1.0
timeseries_values:
  load_level: 240884.55874430586
  wind_year: 2011
  solar_year: 2018
  price_year: 2023
  carbon_year: 2023
storage_values:
  CAES:
    cost: 58.0567
    lifetime: 25.4618
    annual_cost: 2.280149086081895
    efficiency: 0.583966
    discharge_ratio: 0.1
    depth_of_discharge: 0.4
  Li-ion:
    cost: 144.117
    lifetime: 22.8651
    annual_cost: 6.302924544392982
    efficiency: 0.870829
    discharge_ratio: 2
    depth_of_discharge: 0.9
  Pb-acid:
    cost: 196.644
    lifetime: 15.6655
    annual_cost: 12.552679454853022
    efficiency: 0.667235
    discharge_ratio: 5
    depth_of_discharge: 0.5
  VRBF:
    cost: 118.595
    lifetime: 28.3989
    annual_cost: 4.176042029796928
    efficiency: 0.758642
    discharge_ratio: 0.5
    depth_of_discharge: 1.0
