cost_values:
  wind_capex: 5000.0
  wind_opex: 100
  wind_lifetime: 20
  solar_capex: 1000.0
  solar_opex: 10
  solar_lifetime: 20
  carbon_price: 1.0
timeseries_values:
  load_level: 240884.55874430586
  wind_year: 2011
  solar_year: 2018
  price_year: 2023
  carbon_year: 2023
storage_values:
  CAES:
    cost: 64.9276
    lifetime: 25.5429
    annual_cost: 2.5419040124653036
    efficiency: 0.568389
    discharge_ratio: 0.1
    depth_of_discharge: 0.4
  Li-ion:
    cost: 164.285
    lifetime: 23.4816
    annual_cost: 6.9963290406105205
    efficiency: 0.86186
    discharge_ratio: 2
    depth_of_discharge: 0.9
  Pb-acid:
    cost: 195.686
    lifetime: 16.4138
    annual_cost: 11.922041209226384
    efficiency: 0.660054
    discharge_ratio: 5
    depth_of_discharge: 0.5
  VRBF:
    cost: 139.243
    lifetime: 26.7873
    annual_cost: 5.198097605955061
    efficiency: 0.749831
    discharge_ratio: 0.5
    depth_of_discharge: 1.0
