cost_values:
  wind_capex: 5000.0
  wind_opex: 100
  wind_lifetime: 20
  solar_capex: 1000.0
  solar_opex: 10
  solar_lifetime: 20
  carbon_price: 1.0
timeseries_values:
  load_level: 240884.55874430586
  wind_year: 2011
  solar_year: 2018
  price_year: 2023
  carbon_year: 2023
storage_values:
  CAES:
    cost: 57.8401
    lifetime: 24.793
    annual_cost: 2.332920582422458
    efficiency: 0.580242
    discharge_ratio: 0.1
    depth_of_discharge: 0.4
  Li-ion:
    cost: 131.632
    lifetime: 21.7518
    annual_cost: 6.051545159481055
    efficiency: 0.876738
    discharge_ratio: 2
    depth_of_discharge: 0.9
  Pb-acid:
    cost: 216.786
    lifetime: 15.7039
    annual_cost: 13.804596310470647
    efficiency: 0.679877
    discharge_ratio: 5
    depth_of_discharge: 0.5
  VRBF:
    cost: 149.132
    lifetime: 29.4276
    annual_cost: 5.06775951827536
    efficiency: 0.762957
    discharge_ratio: 0.5
    depth_of_discharge: 1.0
