cost_values:
  wind_capex: 5000.0
  wind_opex: 100
  wind_lifetime: 20
  solar_capex: 1000.0
  solar_opex: 10
  solar_lifetime: 20
  carbon_price: 1.0
timeseries_values:
  load_level: 240884.55874430586
  wind_year: 2011
  solar_year: 2018
  price_year: 2023
  carbon_year: 2023
storage_values:
  CAES:
    cost: 60.8535
    lifetime: 26.3524
    annual_cost: 2.3092204125620435
    efficiency: 0.573875
    discharge_ratio: 0.1
    depth_of_discharge: 0.4
  Li-ion:
    cost: 118.973
    lifetime: 23.1316
    annual_cost: 5.143310449774335
    efficiency: 0.861989
    discharge_ratio: 2
    depth_of_discharge: 0.9
  Pb-acid:
    cost: 224.539
    lifetime: 14.5976
    annual_cost: 15.381912095138926
    efficiency: 0.658777
    discharge_ratio: 5
    depth_of_discharge: 0.5
  VRBF:
    cost: 144.545
    lifetime: 29.3026
    annual_cost: 4.932838724208772
    efficiency: 0.761861
    discharge_ratio: 0.5
    depth_of_discharge: 1.0
