cost_values:
  wind_capex: 5000.0
  wind_opex: 100
  wind_lifetime: 20
  solar_capex: 1000.0
  solar_opex: 10
  solar_lifetime: 20
  carbon_price: 1.0
timeseries_values:
  load_level: 240884.55874430586
  wind_year: 2011
  solar_year: 2018
  price_year: 2023
  carbon_year: 2023
storage_values:
  CAES:
    cost: 59.2846
    lifetime: 24.8319
    annual_cost: 2.3874371272435857
    efficiency: 0.583244
    discharge_ratio: 0.1
    depth_of_discharge: 0.4
  Li-ion:
    cost: 123.386
    lifetime: 22.2316
    annual_cost: 5.550027888231166
    efficiency: 0.876849
    discharge_ratio: 2
    depth_of_discharge: 0.9
  Pb-acid:
    cost: 193.244
    lifetime: 16.5001
    annual_cost: 11.711686595838813
    efficiency: 0.656309
    discharge_ratio: 5
    depth_of_discharge: 0.5
  VRBF:
    cost: 140.421
    lifetime: 28.6145
    annual_cost: 4.9073371891873
    efficiency: 0.753433
    discharge_ratio: 0.5
    depth_of_discharge: 1.0
