cost_values:
  wind_capex: 5000.0
  wind_opex: 100
  wind_lifetime: 20
  solar_capex: 1000.0
  solar_opex: 10
  solar_lifetime: 20
  carbon_price: 1.0
timeseries_values:
  load_level: 240884.55874430586
  wind_year: 2011
  solar_year: 2018
  price_year: 2023
  carbon_year: 2023
storage_values:
  CAES:
    cost: 60.5756
    lifetime: 25.4368
    annual_cost: 2.3814159013712417
    efficiency: 0.578302
    discharge_ratio: 0.1
    depth_of_discharge: 0.4
  Li-ion:
    cost: 138.2
    lifetime: 22.9528
    annual_cost: 6.021051897807674
    efficiency: 0.874449
    discharge_ratio: 2
    depth_of_discharge: 0.9
  Pb-acid:
    cost: 201.584
    lifetime: 17.9773
    annual_cost: 11.213252268138152
    efficiency: 0.671701
    discharge_ratio: 5
    depth_of_discharge: 0.5
  VRBF:
    cost: 142.505
    lifetime: 29.5594
    annual_cost: 4.820970655696665
    efficiency: 0.74995
    discharge_ratio: 0.5
    depth_of_discharge: 1.0
