cost_values:
  wind_capex: 5000.0
  wind_opex: 100
  wind_lifetime: 20
  solar_capex: 1000.0
  solar_opex: 10
  solar_lifetime: 20
  carbon_price: 1.0
timeseries_values:
  load_level: 240884.55874430586
  wind_year: 2011
  solar_year: 2018
  price_year: 2023
  carbon_year: 2023
storage_values:
  CAES:
    cost: 55.9731
    lifetime: 24.9915
    annual_cost: 2.2396854930676433
    efficiency: 0.595165
    discharge_ratio: 0.1
    depth_of_discharge: 0.4
  Li-ion:
    cost: 136.511
    lifetime: 22.0339
    annual_cost: 6.195498754192403
    efficiency: 0.860575
    discharge_ratio: 2
    depth_of_discharge: 0.9
  Pb-acid:
    cost: 195.923
    lifetime: 15.6154
    annual_cost: 12.54678074208794
    efficiency: 0.672749
    discharge_ratio: 5
    depth_of_discharge: 0.5
  VRBF:
    cost: 148.841
    lifetime: 28.383
    annual_cost: 5.244019307331854
    efficiency: 0.723706
    discharge_ratio: 0.5
    depth_of_discharge: 1.0
