cost_values:
  wind_capex: 5000.0
  wind_opex: 100
  wind_lifetime: 20
  solar_capex: 1000.0
  solar_opex: 10
  solar_lifetime: 20
  carbon_price: 1.0
timeseries_values:
  load_level: 240884.55874430586
  wind_year: 2011
  solar_year: 2018
  price_year: 2023
  carbon_year: 2023
storage_values:
  CAES:
    cost: 61.3456
    lifetime: 25.3269
    annual_cost: 2.4221519412166512
    efficiency: 0.571432
    discharge_ratio: 0.1
    depth_of_discharge: 0.4
  Li-ion:
    cost: 115.808
    lifetime: 23.4038
    annual_cost: 4.9482562660764495
    efficiency: 0.881004
    discharge_ratio: 2
    depth_of_discharge: 0.9
  Pb-acid:
    cost: 211.518
    lifetime: 16.3779
    annual_cost: 12.914842562233254
    efficiency: 0.694435
    discharge_ratio: 5
    depth_of_discharge: 0.5
  VRBF:
    cost: 156.294
    lifetime: 28.2424
    annual_cost: 5.534019771690792
    efficiency: 0.766429
    discharge_ratio: 0.5
    depth_of_discharge: 1.0
