cost_values:
  wind_capex: 5000.0
  wind_opex: 100
  wind_lifetime: 20
  solar_capex: 1000.0
  solar_opex: 10
  solar_lifetime: 20
  carbon_price: 1.0
timeseries_values:
  load_level: 240884.55874430586
  wind_year: 2011
  solar_year: 2018
  price_year: 2023
  carbon_year: 2023
storage_values:
  CAES:
    cost: 63.1137
    lifetime: 24.3433
    annual_cost: 2.5926517768749515
    efficiency: 0.585484
    discharge_ratio: 0.1
    depth_of_discharge: 0.4
  Li-ion:
    cost: 141.791
    lifetime: 20.436
    annual_cost: 6.938295165394402
    efficiency: 0.876191
    discharge_ratio: 2
    depth_of_discharge: 0.9
  Pb-acid:
    cost: 213.306
    lifetime: 14.5384
    annual_cost: 14.671903373135972
    efficiency: 0.676785
    discharge_ratio: 5
    depth_of_discharge: 0.5
  VRBF:
    cost: 140.439
    lifetime: 29.9086
    annual_cost: 4.695605946115832
    efficiency: 0.748658
    discharge_ratio: 0.5
    depth_of_discharge: 1.0
