cost_values:
  wind_capex: 5000.0
  wind_opex: 100
  wind_lifetime: 20
  solar_capex: 1000.0
  solar_opex: 10
  solar_lifetime: 20
  carbon_price: 1.0
timeseries_values:
  load_level: 240884.55874430586
  wind_year: 2011
  solar_year: 2018
  price_year: 2023
  carbon_year: 2023
storage_values:
  CAES:
    cost: 59.1726
    lifetime: 25.6473
    annual_cost: 2.3071668362751634
    efficiency: 0.575935
    discharge_ratio: 0.1
    depth_of_discharge: 0.4
  Li-ion:
    cost: 126.756
    lifetime: 22.7491
    annual_cost: 5.571912735009297
    efficiency: 0.874546
    discharge_ratio: 2
    depth_of_discharge: 0.9
  Pb-acid:
    cost: 211.652
    lifetime: 17.1719
    annual_cost: 12.32548524042185
    efficiency: 0.683773
    discharge_ratio: 5
    depth_of_discharge: 0.5
  VRBF:
    cost: 132.564
    lifetime: 28.4585
    annual_cost: 4.658151343183934
    efficiency: 0.760462
    discharge_ratio: 0.5
    depth_of_discharge: 1.0
