cost_values:
  wind_capex: 5000.0
  wind_opex: 100
  wind_lifetime: 20
  solar_capex: 1000.0
  solar_opex: 10
  solar_lifetime: 20
  carbon_price: 1.0
timeseries_values:
  load_level: 240884.55874430586
  wind_year: 2011
  solar_year: 2018
  price_year: 2023
  carbon_year: 2023
storage_values:
  CAES:
    cost: 66.1675
    lifetime: 24.9586
    annual_cost: 2.6510902053801098
    efficiency: 0.585727
    discharge_ratio: 0.1
    depth_of_discharge: 0.4
  Li-ion:
    cost: 129.017
    lifetime: 23.1547
    annual_cost: 5.571957313202072
    efficiency: 0.857098
    discharge_ratio: 2
    depth_of_discharge: 0.9
  Pb-acid:
    cost: 193.081
    lifetime: 14.8974
    annual_cost: 12.960717977633681
    efficiency: 0.68591
    discharge_ratio: 5
    depth_of_discharge: 0.5
  VRBF:
    cost: 150.754
    lifetime: 29.7601
    annual_cost: 5.065641580505441
    efficiency: 0.75399
    discharge_ratio: 0.5
    depth_of_discharge: 1.0
