cost_values:
  wind_capex: 5000.0
  wind_opex: 100
  wind_lifetime: 20
  solar_capex: 1000.0
  solar_opex: 10
  solar_lifetime: 20
  carbon_price: 1.0
timeseries_values:
  load_level: 240884.55874430586
  wind_year: 2011
  solar_year: 2018
  price_year: 2023
  carbon_year: 2023
storage_values:
  CAES:
    cost: 60.772
    lifetime: 26.2264
    annual_cost: 2.317207089040051
    efficiency: 0.57764
    discharge_ratio: 0.1
    depth_of_discharge: 0.4
  Li-ion:
    cost: 140.627
    lifetime: 23.7206
    annual_cost: 5.9284756709358115
    efficiency: 0.85505
    discharge_ratio: 2
    depth_of_discharge: 0.9
  Pb-acid:
    cost: 203.617
    lifetime: 15.2201
    annual_cost: 13.378164401022332
    efficiency: 0.681218
    discharge_ratio: 5
    depth_of_discharge: 0.5
  VRBF:
    cost: 142.601
    lifetime: 29.3927
    annual_cost: 4.851578793373864
    efficiency: 0.752949
    discharge_ratio: 0.5
    depth_of_discharge: 1.0
