cost_values:
  wind_capex: 5000.0
  wind_opex: 100
  wind_lifetime: 20
  solar_capex: 1000.0
  solar_opex: 10
  solar_lifetime: 20
  carbon_price: 1.0
timeseries_values:
  load_level: 240884.55874430586
  wind_year: 2011
  solar_year: 2018
  price_year: 2023
  carbon_year: 2023
storage_values:
  CAES:
    cost: 63.2566
    lifetime: 25.3755
    annual_cost: 2.4928218163188904
    efficiency: 0.587976
    discharge_ratio: 0.1
    depth_of_discharge: 0.4
  Li-ion:
    cost: 136.503
    lifetime: 24.4078
    annual_cost: 5.592597448356672
    efficiency: 0.863317
    discharge_ratio: 2
    depth_of_discharge: 0.9
  Pb-acid:
    cost: 187.053
    lifetime: 15.6459
    annual_cost: 11.955400456349587
    efficiency: 0.668208
    discharge_ratio: 5
    depth_of_discharge: 0.5
  VRBF:
    cost: 136.802
    lifetime: 28.2945
    annual_cost: 4.834932584071109
    efficiency: 0.739499
    discharge_ratio: 0.5
    depth_of_discharge: 1.0
