cost_values:
  wind_capex: 5000.0
  wind_opex: 100
  wind_lifetime: 20
  solar_capex: 1000.0
  solar_opex: 10
  solar_lifetime: 20
  carbon_price: 1.0
timeseries_values:
  load_level: 240884.55874430586
  wind_year: 2011
  solar_year: 2018
  price_year: 2023
  carbon_year: 2023
storage_values:
  CAES:
    cost: 61.5438
    lifetime: 24.976
    annual_cost: 2.4641175528507366
    efficiency: 0.581569
    discharge_ratio: 0.1
    depth_of_discharge: 0.4
  Li-ion:
    cost: 122.419
    lifetime: 21.7623
    annual_cost: 5.6252785780914705
    efficiency: 0.853357
    discharge_ratio: 2
    depth_of_discharge: 0.9
  Pb-acid:
    cost: 176.322
    lifetime: 16.392
    annual_cost: 10.756588579795023
    efficiency: 0.680759
    discharge_ratio: 5
    depth_of_discharge: 0.5
  VRBF:
    cost: 138.926
    lifetime: 29.4021
    annual_cost: 4.725036647042217
    efficiency: 0.742972
    discharge_ratio: 0.5
    depth_of_discharge: 1.0
