cost_values:
  wind_capex: 5000.0
  wind_opex: 100
  wind_lifetime: 20
  solar_capex: 1000.0
  solar_opex: 10
  solar_lifetime: 20
  carbon_price: 1.0
timeseries_values:
  load_level: 240884.55874430586
  wind_year: 2011
  solar_year: 2018
  price_year: 2023
  carbon_year: 2023
storage_values:
  CAES:
    cost: 60.3734
    lifetime: 23.8716
    annual_cost: 2.529088959265403
    efficiency: 0.581493
    discharge_ratio: 0.1
    depth_of_discharge: 0.4
  Li-ion:
    cost: 145.462
    lifetime: 22.6527
    annual_cost: 6.421397890759159
    efficiency: 0.86204
    discharge_ratio: 2
    depth_of_discharge: 0.9
  Pb-acid:
    cost: 185.964
    lifetime: 16.3813
    annual_cost: 11.352212583860865
    efficiency: 0.690441
    discharge_ratio: 5
    depth_of_discharge: 0.5
  VRBF:
    cost: 146.693
    lifetime: 27.797
    annual_cost: 5.277296111091125
    efficiency: 0.742587
    discharge_ratio: 0.5
    depth_of_discharge: 1.0
