cost_values:
  wind_capex: 5000.0
  wind_opex: 100
  wind_lifetime: 20
  solar_capex: 1000.0
  solar_opex: 10
  solar_lifetime: 20
  carbon_price: 1.0
timeseries_values:
  load_level: 240884.55874430586
  wind_year: 2011
  solar_year: 2018
  price_year: 2023
  carbon_year: 2023
storage_values:
  CAES:
    cost: 64.5163
    lifetime: 25.3646
    annual_cost: 2.5435567680941156
    efficiency: 0.58308
    discharge_ratio: 0.1
    depth_of_discharge: 0.4
  Li-ion:
    cost: 148.266
    lifetime: 21.3505
    annual_cost: 6.94438069366057
    efficiency: 0.856783
    discharge_ratio: 2
    depth_of_discharge: 0.9
  Pb-acid:
    cost: 226.495
    lifetime: 15.7706
    annual_cost: 14.361850532002588
    efficiency: 0.667497
    discharge_ratio: 5
    depth_of_discharge: 0.5
  VRBF:
    cost: 157.241
    lifetime: 28.796
    annual_cost: 5.460515349354077
    efficiency: 0.755235
    discharge_ratio: 0.5
    depth_of_discharge: 1.0
