cost_values:
  wind_capex: 5000.0
  wind_opex: 100
  wind_lifetime: 20
  solar_capex: 1000.0
  solar_opex: 10
  solar_lifetime: 20
  carbon_price: 1.0
timeseries_values:
  load_level: 240884.55874430586
  wind_year: 2011
  solar_year: 2018
  price_year: 2023
  carbon_year: 2023
storage_values:
  CAES:
    cost: 60.1
    lifetime: 23.9811
    annual_cost: 2.506140252115207
    efficiency: 0.5873
    discharge_ratio: 0.1
    depth_of_discharge: 0.4
  Li-ion:
    cost: 149.03
    lifetime: 23.6779
    annual_cost: 6.294054793710591
    efficiency: 0.866191
    discharge_ratio: 2
    depth_of_discharge: 0.9
  Pb-acid:
    cost: 188.344
    lifetime: 15.919
    annual_cost: 11.831396444500282
    efficiency: 0.679108
    discharge_ratio: 5
    depth_of_discharge: 0.5
  VRBF:
    cost: 126.381
    lifetime: 26.484
    annual_cost: 4.771975532396919
    efficiency: 0.754344
    discharge_ratio: 0.5
    depth_of_discharge: 1.0
