cost_values:
  wind_capex: 5000.0
  wind_opex: 100
  wind_lifetime: 20
  solar_capex: 1000.0
  solar_opex: 10
  solar_lifetime: 20
  carbon_price: 1.0
timeseries_values:
  load_level: 240884.55874430586
  wind_year: 2011
  solar_year: 2018
  price_year: 2023
  carbon_year: 2023
storage_values:
  CAES:
    cost: 73.1807
    lifetime: 26.2215
    annual_cost: 2.790866273859238
    efficiency: 0.578641
    discharge_ratio: 0.1
    depth_of_discharge: 0.4
  Li-ion:
    cost: 144.081
    lifetime: 20.9874
    annual_cost: 6.865119071442865
    efficiency: 0.877835
    discharge_ratio: 2
    depth_of_discharge: 0.9
  Pb-acid:
    cost: 216.1
    lifetime: 16.1726
    annual_cost: 13.36210627852046
    efficiency: 0.674062
    discharge_ratio: 5
    depth_of_discharge: 0.5
  VRBF:
    cost: 130.484
    lifetime: 27.7634
    annual_cost: 4.6998566457998665
    efficiency: 0.756823
    discharge_ratio: 0.5
    depth_of_discharge: 1.0
