cost_values:
  wind_capex: 5000.0
  wind_opex: 100
  wind_lifetime: 20
  solar_capex: 1000.0
  solar_opex: 10
  solar_lifetime: 20
  carbon_price: 1.0
timeseries_values:
  load_level: 240884.55874430586
  wind_year: 2011
  solar_year: 2018
  price_year: 2023
  carbon_year: 2023
storage_values:
  CAES:
    cost: 61.6086
    lifetime: 24.689
    annual_cost: 2.4953866094211996
    efficiency: 0.571749
    discharge_ratio: 0.1
    depth_of_discharge: 0.4
  Li-ion:
    cost: 149.179
    lifetime: 21.4081
    annual_cost: 6.968343757736557
    efficiency: 0.866136
    discharge_ratio: 2
    depth_of_discharge: 0.9
  Pb-acid:
    cost: 220.933
    lifetime: 15.0697
    annual_cost: 14.660743080486009
    efficiency: 0.673734
    discharge_ratio: 5
    depth_of_discharge: 0.5
  VRBF:
    cost: 142.022
    lifetime: 29.0198
    annual_cost: 4.893968945340767
    efficiency: 0.765615
    discharge_ratio: 0.5
    depth_of_discharge: 1.0
