cost_values:
  wind_capex: 5000.0
  wind_opex: 100
  wind_lifetime: 20
  solar_capex: 1000.0
  solar_opex: 10
  solar_lifetime: 20
  carbon_price: 1.0
timeseries_values:
  load_level: 240884.55874430586
  wind_year: 2011
  solar_year: 2018
  price_year: 2023
  carbon_year: 2023
storage_values:
  CAES:
    cost: 60.0679
    lifetime: 25.9863
    annual_cost: 2.3115218403543407
    efficiency: 0.584584
    discharge_ratio: 0.1
    depth_of_discharge: 0.4
  Li-ion:
    cost: 135.811
    lifetime: 23.7166
    annual_cost: 5.726411036995185
    efficiency: 0.858052
    discharge_ratio: 2
    depth_of_discharge: 0.9
  Pb-acid:
    cost: 166.464
    lifetime: 15.6058
    annual_cost: 10.666803367978572
    efficiency: 0.67296
    discharge_ratio: 5
    depth_of_discharge: 0.5
  VRBF:
    cost: 176.591
    lifetime: 27.332
    annual_cost: 6.460961510317577
    efficiency: 0.74934
    discharge_ratio: 0.5
    depth_of_discharge: 1.0
