cost_values:
  wind_capex: 5000.0
  wind_opex: 100
  wind_lifetime: 20
  solar_capex: 1000.0
  solar_opex: 10
  solar_lifetime: 20
  carbon_price: 1.0
timeseries_values:
  load_level: 240884.55874430586
  wind_year: 2011
  solar_year: 2018
  price_year: 2023
  carbon_year: 2023
storage_values:
  CAES:
    cost: 56.229
    lifetime: 23.8041
    annual_cost: 2.362156099159389
    efficiency: 0.583894
    discharge_ratio: 0.1
    depth_of_discharge: 0.4
  Li-ion:
    cost: 121.194
    lifetime: 22.9323
    annual_cost: 5.284860218992425
    efficiency: 0.868279
    discharge_ratio: 2
    depth_of_discharge: 0.9
  Pb-acid:
    cost: 207.119
    lifetime: 15.8875
    annual_cost: 13.036601101494886
    efficiency: 0.675719
    discharge_ratio: 5
    depth_of_discharge: 0.5
  VRBF:
    cost: 133.899
    lifetime: 29.3244
    annual_cost: 4.566129230265581
    efficiency: 0.738039
    discharge_ratio: 0.5
    depth_of_discharge: 1.0
