cost_values:
  wind_capex: 5000.0
  wind_opex: 100
  wind_lifetime: 20
  solar_capex: 1000.0
  solar_opex: 10
  solar_lifetime: 20
  carbon_price: 1.0
timeseries_values:
  load_level: 240884.55874430586
  wind_year: 2011
  solar_year: 2018
  price_year: 2023
  carbon_year: 2023
storage_values:
  CAES:
    cost: 55.7342
    lifetime: 24.3037
    annual_cost: 2.29323930101178
    efficiency: 0.573585
    discharge_ratio: 0.1
    depth_of_discharge: 0.4
  Li-ion:
    cost: 131.251
    lifetime: 21.2072
    annual_cost: 6.188982986910106
    efficiency: 0.88315
    discharge_ratio: 2
    depth_of_discharge: 0.9
  Pb-acid:
    cost: 185.426
    lifetime: 15.4961
    annual_cost: 11.965978536534998
    efficiency: 0.686317
    discharge_ratio: 5
    depth_of_discharge: 0.5
  VRBF:
    cost: 109.047
    lifetime: 28.9802
    annual_cost: 3.762810470597166
    efficiency: 0.771353
    discharge_ratio: 0.5
    depth_of_discharge: 1.0
