cost_values:
  wind_capex: 5000.0
  wind_opex: 100
  wind_lifetime: 20
  solar_capex: 1000.0
  solar_opex: 10
  solar_lifetime: 20
  carbon_price: 1.0
timeseries_values:
  load_level: 240884.55874430586
  wind_year: 2011
  solar_year: 2018
  price_year: 2023
  carbon_year: 2023
storage_values:
  CAES:
    cost: 65.0246
    lifetime: 25.4691
    annual_cost: 2.553078043590076
    efficiency: 0.582169
    discharge_ratio: 0.1
    depth_of_discharge: 0.4
  Li-ion:
    cost: 148.878
    lifetime: 22.9972
    annual_cost: 6.473744629781017
    efficiency: 0.871609
    discharge_ratio: 2
    depth_of_discharge: 0.9
  Pb-acid:
    cost: 212.72
    lifetime: 16.0967
    annual_cost: 13.215131051706251
    efficiency: 0.674167
    discharge_ratio: 5
    depth_of_discharge: 0.5
  VRBF:
    cost: 129.661
    lifetime: 29.4434
    annual_cost: 4.403737340116971
    efficiency: 0.759365
    discharge_ratio: 0.5
    depth_of_discharge: 1.0
