cost_values:
  wind_capex: 5000.0
  wind_opex: 100
  wind_lifetime: 20
  solar_capex: 1000.0
  solar_opex: 10
  solar_lifetime: 20
  carbon_price: 1.0
timeseries_values:
  load_level: 240884.55874430586
  wind_year: 2011
  solar_year: 2018
  price_year: 2023
  carbon_year: 2023
storage_values:
  CAES:
    cost: 66.9395
    lifetime: 25.5897
    annual_cost: 2.6158767003911727
    efficiency: 0.585504
    discharge_ratio: 0.1
    depth_of_discharge: 0.4
  Li-ion:
    cost: 143.035
    lifetime: 23.404
    annual_cost: 6.111562126132285
    efficiency: 0.855845
    discharge_ratio: 2
    depth_of_discharge: 0.9
  Pb-acid:
    cost: 227.639
    lifetime: 14.8817
    annual_cost: 15.296572300207638
    efficiency: 0.676594
    discharge_ratio: 5
    depth_of_discharge: 0.5
  VRBF:
    cost: 146.832
    lifetime: 28.3628
    annual_cost: 5.176921883594003
    efficiency: 0.757751
    discharge_ratio: 0.5
    depth_of_discharge: 1.0
