cost_values:
  wind_capex: 5000.0
  wind_opex: 100
  wind_lifetime: 20
  solar_capex: 1000.0
  solar_opex: 10
  solar_lifetime: 20
  carbon_price: 1.0
timeseries_values:
  load_level: 240884.55874430586
  wind_year: 2011
  solar_year: 2018
  price_year: 2023
  carbon_year: 2023
storage_values:
  CAES:
    cost: 59.524
    lifetime: 25.9516
    annual_cost: 2.293654341158156
    efficiency: 0.574502
    discharge_ratio: 0.1
    depth_of_discharge: 0.4
  Li-ion:
    cost: 157.995
    lifetime: 23.4632
    annual_cost: 6.733736233761806
    efficiency: 0.87588
    discharge_ratio: 2
    depth_of_discharge: 0.9
  Pb-acid:
    cost: 194.618
    lifetime: 15.3693
    annual_cost: 12.662775793302231
    efficiency: 0.679483
    discharge_ratio: 5
    depth_of_discharge: 0.5
  VRBF:
    cost: 101.047
    lifetime: 29.51
    annual_cost: 3.424161301253812
    efficiency: 0.744575
    discharge_ratio: 0.5
    depth_of_discharge: 1.0
