cost_values:
  wind_capex: 5000.0
  wind_opex: 100
  wind_lifetime: 20
  solar_capex: 1000.0
  solar_opex: 10
  solar_lifetime: 20
  carbon_price: 1.0
timeseries_values:
  load_level: 240884.55874430586
  wind_year: 2011
  solar_year: 2018
  price_year: 2023
  carbon_year: 2023
storage_values:
  CAES:
    cost: 67.7067
    lifetime: 25.3435
    annual_cost: 2.6715607552232328
    efficiency: 0.583053
    discharge_ratio: 0.1
    depth_of_discharge: 0.4
  Li-ion:
    cost: 143.548
    lifetime: 23.893
    annual_cost: 6.007952119867744
    efficiency: 0.865393
    discharge_ratio: 2
    depth_of_discharge: 0.9
  Pb-acid:
    cost: 174.691
    lifetime: 17.0383
    annual_cost: 10.252842126268467
    efficiency: 0.675244
    discharge_ratio: 5
    depth_of_discharge: 0.5
  VRBF:
    cost: 137.851
    lifetime: 28.9215
    annual_cost: 4.766384869387825
    efficiency: 0.753308
    discharge_ratio: 0.5
    depth_of_discharge: 1.0
