cost_values:
  wind_capex: 5000.0
  wind_opex: 100
  wind_lifetime: 20
  solar_capex: 1000.0
  solar_opex: 10
  solar_lifetime: 20
  carbon_price: 1.0
timeseries_values:
  load_level: 240884.55874430586
  wind_year: 2011
  solar_year: 2018
  price_year: 2023
  carbon_year: 2023
storage_values:
  CAES:
    cost: 59.3474
    lifetime: 26.2041
    annual_cost: 2.2648135215481546
    efficiency: 0.583851
    discharge_ratio: 0.1
    depth_of_discharge: 0.4
  Li-ion:
    cost: 142.836
    lifetime: 25.178
    annual_cost: 5.6730478989594095
    efficiency: 0.87224
    discharge_ratio: 2
    depth_of_discharge: 0.9
  Pb-acid:
    cost: 209.768
    lifetime: 13.6823
    annual_cost: 15.33134049099932
    efficiency: 0.670751
    discharge_ratio: 5
    depth_of_discharge: 0.5
  VRBF:
    cost: 181.119
    lifetime: 28.3855
    annual_cost: 6.380687322752814
    efficiency: 0.738597
    discharge_ratio: 0.5
    depth_of_discharge: 1.0
