cost_values:
  wind_capex: 5000.0
  wind_opex: 100
  wind_lifetime: 20
  solar_capex: 1000.0
  solar_opex: 10
  solar_lifetime: 20
  carbon_price: 1.0
timeseries_values:
  load_level: 240884.55874430586
  wind_year: 2011
  solar_year: 2018
  price_year: 2023
  carbon_year: 2023
storage_values:
  CAES:
    cost: 60.478
    lifetime: 25.092
    annual_cost: 2.410250278973378
    efficiency: 0.577284
    discharge_ratio: 0.1
    depth_of_discharge: 0.4
  Li-ion:
    cost: 132.495
    lifetime: 22.6733
    annual_cost: 5.843657517873446
    efficiency: 0.865254
    discharge_ratio: 2
    depth_of_discharge: 0.9
  Pb-acid:
    cost: 195.523
    lifetime: 15.9708
    annual_cost: 12.242530117464371
    efficiency: 0.674007
    discharge_ratio: 5
    depth_of_discharge: 0.5
  VRBF:
    cost: 141.912
    lifetime: 29.7578
    annual_cost: 4.768900926815827
    efficiency: 0.750884
    discharge_ratio: 0.5
    depth_of_discharge: 1.0
