cost_values:
  wind_capex: 5000.0
  wind_opex: 100
  wind_lifetime: 20
  solar_capex: 1000.0
  solar_opex: 10
  solar_lifetime: 20
  carbon_price: 1.0
timeseries_values:
  load_level: 240884.55874430586
  wind_year: 2011
  solar_year: 2018
  price_year: 2023
  carbon_year: 2023
storage_values:
  CAES:
    cost: 59.5379
    lifetime: 24.6793
    annual_cost: 2.4124630763433323
    efficiency: 0.582535
    discharge_ratio: 0.1
    depth_of_discharge: 0.4
  Li-ion:
    cost: 143.728
    lifetime: 20.5244
    annual_cost: 7.002786926779833
    efficiency: 0.85475
    discharge_ratio: 2
    depth_of_discharge: 0.9
  Pb-acid:
    cost: 200.289
    lifetime: 16.0803
    annual_cost: 12.455551202402939
    efficiency: 0.665214
    discharge_ratio: 5
    depth_of_discharge: 0.5
  VRBF:
    cost: 138.617
    lifetime: 29.519
    annual_cost: 4.6958569057217385
    efficiency: 0.762702
    discharge_ratio: 0.5
    depth_of_discharge: 1.0
