cost_values:
  wind_capex: 5000.0
  wind_opex: 100
  wind_lifetime: 20
  solar_capex: 1000.0
  solar_opex: 10
  solar_lifetime: 20
  carbon_price: 1.0
timeseries_values:
  load_level: 240884.55874430586
  wind_year: 2011
  solar_year: 2018
  price_year: 2023
  carbon_year: 2023
storage_values:
  CAES:
    cost: 59.287
    lifetime: 24.8595
    annual_cost: 2.3848830426999736
    efficiency: 0.5751
    discharge_ratio: 0.1
    depth_of_discharge: 0.4
  Li-ion:
    cost: 139.537
    lifetime: 23.0566
    annual_cost: 6.051933069056149
    efficiency: 0.85428
    discharge_ratio: 2
    depth_of_discharge: 0.9
  Pb-acid:
    cost: 213.409
    lifetime: 16.1859
    annual_cost: 13.184870782594727
    efficiency: 0.672596
    discharge_ratio: 5
    depth_of_discharge: 0.5
  VRBF:
    cost: 152.852
    lifetime: 28.1136
    annual_cost: 5.436941551419953
    efficiency: 0.768467
    discharge_ratio: 0.5
    depth_of_discharge: 1.0
