cost_values:
  wind_capex: 5000.0
  wind_opex: 100
  wind_lifetime: 20
  solar_capex: 1000.0
  solar_opex: 10
  solar_lifetime: 20
  carbon_price: 1.0
timeseries_values:
  load_level: 240884.55874430586
  wind_year: 2011
  solar_year: 2018
  price_year: 2023
  carbon_year: 2023
storage_values:
  CAES:
    cost: 64.2532
    lifetime: 25.0233
    annual_cost: 2.567734871100135
    efficiency: 0.582123
    discharge_ratio: 0.1
    depth_of_discharge: 0.4
  Li-ion:
    cost: 139.494
    lifetime: 23.2098
    annual_cost: 6.010133650440761
    efficiency: 0.880448
    discharge_ratio: 2
    depth_of_discharge: 0.9
  Pb-acid:
    cost: 216.329
    lifetime: 16.5637
    annual_cost: 13.060427319982853
    efficiency: 0.67486
    discharge_ratio: 5
    depth_of_discharge: 0.5
  VRBF:
    cost: 148.905
    lifetime: 29.4404
    annual_cost: 5.057845681444546
    efficiency: 0.75299
    discharge_ratio: 0.5
    depth_of_discharge: 1.0
