cost_values:
  wind_capex: 5000.0
  wind_opex: 100
  wind_lifetime: 20
  solar_capex: 1000.0
  solar_opex: 10
  solar_lifetime: 20
  carbon_price: 1.0
timeseries_values:
  load_level: 240884.55874430586
  wind_year: 2011
  solar_year: 2018
  price_year: 2023
  carbon_year: 2023
storage_values:
  CAES:
    cost: 62.7307
    lifetime: 24.4171
    annual_cost: 2.5691298311429285
    efficiency: 0.571847
    discharge_ratio: 0.1
    depth_of_discharge: 0.4
  Li-ion:
    cost: 120.315
    lifetime: 22.8766
    annual_cost: 5.25930426724251
    efficiency: 0.873102
    discharge_ratio: 2
    depth_of_discharge: 0.9
  Pb-acid:
    cost: 200.293
    lifetime: 15.4611
    annual_cost: 12.954641002257278
    efficiency: 0.667759
    discharge_ratio: 5
    depth_of_discharge: 0.5
  VRBF:
    cost: 147.689
    lifetime: 29.4561
    annual_cost: 5.013868095233246
    efficiency: 0.757773
    discharge_ratio: 0.5
    depth_of_discharge: 1.0
