cost_values:
  wind_capex: 5000.0
  wind_opex: 100
  wind_lifetime: 20
  solar_capex: 1000.0
  solar_opex: 10
  solar_lifetime: 20
  carbon_price: 1.0
timeseries_values:
  load_level: 240884.55874430586
  wind_year: 2011
  solar_year: 2018
  price_year: 2023
  carbon_year: 2023
storage_values:
  CAES:
    cost: 65.8962
    lifetime: 25.66
    annual_cost: 2.5680514419329694
    efficiency: 0.584993
    discharge_ratio: 0.1
    depth_of_discharge: 0.4
  Li-ion:
    cost: 154.898
    lifetime: 23.8608
    annual_cost: 6.491735398645477
    efficiency: 0.85544
    discharge_ratio: 2
    depth_of_discharge: 0.9
  Pb-acid:
    cost: 219.223
    lifetime: 16.8652
    annual_cost: 12.99854137513934
    efficiency: 0.684847
    discharge_ratio: 5
    depth_of_discharge: 0.5
  VRBF:
    cost: 122.782
    lifetime: 29.4347
    annual_cost: 4.171335192816642
    efficiency: 0.758165
    discharge_ratio: 0.5
    depth_of_discharge: 1.0
