cost_values:
  wind_capex: 5000.0
  wind_opex: 100
  wind_lifetime: 20
  solar_capex: 1000.0
  solar_opex: 10
  solar_lifetime: 20
  carbon_price: 1.0
timeseries_values:
  load_level: 240884.55874430586
  wind_year: 2011
  solar_year: 2018
  price_year: 2023
  carbon_year: 2023
storage_values:
  CAES:
    cost: 68.0878
    lifetime: 26.8953
    annual_cost: 2.5315873033578358
    efficiency: 0.578362
    discharge_ratio: 0.1
    depth_of_discharge: 0.4
  Li-ion:
    cost: 122.722
    lifetime: 20.9028
    annual_cost: 5.8710794726065405
    efficiency: 0.859238
    discharge_ratio: 2
    depth_of_discharge: 0.9
  Pb-acid:
    cost: 201.527
    lifetime: 15.8012
    annual_cost: 12.753904766726578
    efficiency: 0.656861
    discharge_ratio: 5
    depth_of_discharge: 0.5
  VRBF:
    cost: 139.957
    lifetime: 29.2166
    annual_cost: 4.790324678436232
    efficiency: 0.738557
    discharge_ratio: 0.5
    depth_of_discharge: 1.0
