cost_values:
  wind_capex: 5000.0
  wind_opex: 100
  wind_lifetime: 20
  solar_capex: 1000.0
  solar_opex: 10
  solar_lifetime: 20
  carbon_price: 1.0
timeseries_values:
  load_level: 240884.55874430586
  wind_year: 2011
  solar_year: 2018
  price_year: 2023
  carbon_year: 2023
storage_values:
  CAES:
    cost: 64.8509
    lifetime: 26.0973
    annual_cost: 2.48496587769616
    efficiency: 0.588269
    discharge_ratio: 0.1
    depth_of_discharge: 0.4
  Li-ion:
    cost: 134.744
    lifetime: 23.9391
    annual_cost: 5.628615946297062
    efficiency: 0.855261
    discharge_ratio: 2
    depth_of_discharge: 0.9
  Pb-acid:
    cost: 193.56
    lifetime: 13.8135
    annual_cost: 14.01237919426648
    efficiency: 0.681159
    discharge_ratio: 5
    depth_of_discharge: 0.5
  VRBF:
    cost: 141.487
    lifetime: 28.9987
    annual_cost: 4.879080786380079
    efficiency: 0.77967
    discharge_ratio: 0.5
    depth_of_discharge: 1.0
