cost_values:
  wind_capex: 5000.0
  wind_opex: 100
  wind_lifetime: 20
  solar_capex: 1000.0
  solar_opex: 10
  solar_lifetime: 20
  carbon_price: 1.0
timeseries_values:
  load_level: 240884.55874430586
  wind_year: 2011
  solar_year: 2018
  price_year: 2023
  carbon_year: 2023
storage_values:
  CAES:
    cost: 67.2863
    lifetime: 26.1037
    annual_cost: 2.577653742572892
    efficiency: 0.579733
    discharge_ratio: 0.1
    depth_of_discharge: 0.4
  Li-ion:
    cost: 127.441
    lifetime: 21.2487
    annual_cost: 5.9975904408269685
    efficiency: 0.855434
    discharge_ratio: 2
    depth_of_discharge: 0.9
  Pb-acid:
    cost: 210.794
    lifetime: 15.6898
    annual_cost: 13.435097961733101
    efficiency: 0.671362
    discharge_ratio: 5
    depth_of_discharge: 0.5
  VRBF:
    cost: 177.768
    lifetime: 26.8767
    annual_cost: 6.614204868901316
    efficiency: 0.754386
    discharge_ratio: 0.5
    depth_of_discharge: 1.0
