cost_values:
  wind_capex: 5000.0
  wind_opex: 100
  wind_lifetime: 20
  solar_capex: 1000.0
  solar_opex: 10
  solar_lifetime: 20
  carbon_price: 1.0
timeseries_values:
  load_level: 240884.55874430586
  wind_year: 2011
  solar_year: 2018
  price_year: 2023
  carbon_year: 2023
storage_values:
  CAES:
    cost: 64.441
    lifetime: 24.5341
    annual_cost: 2.6265891147423384
    efficiency: 0.59
    discharge_ratio: 0.1
    depth_of_discharge: 0.4
  Li-ion:
    cost: 135.928
    lifetime: 21.7085
    annual_cost: 6.261510468249764
    efficiency: 0.867965
    discharge_ratio: 2
    depth_of_discharge: 0.9
  Pb-acid:
    cost: 207.887
    lifetime: 15.6843
    annual_cost: 13.254464655738541
    efficiency: 0.681464
    discharge_ratio: 5
    depth_of_discharge: 0.5
  VRBF:
    cost: 163.691
    lifetime: 28.0536
    annual_cost: 5.83493740553797
    efficiency: 0.762849
    discharge_ratio: 0.5
    depth_of_discharge: 1.0
