cost_values:
  wind_capex: 5000.0
  wind_opex: 100
  wind_lifetime: 20
  solar_capex: 1000.0
  solar_opex: 10
  solar_lifetime: 20
  carbon_price: 1.0
timeseries_values:
  load_level: 234075.77217045467
  wind_year: 2018
  solar_year: 2014
  price_year: 2023
  carbon_year: 2023
storage_values:
  CAES:
    cost: 43.4771
    lifetime: 29.0302
    annual_cost: 1.4976507223512066
    efficiency: 0.585125
    discharge_ratio: 0.1
    depth_of_discharge: 0.4
  Li-ion:
    cost: 175.482
    lifetime: 20.7414
    annual_cost: 8.460470363620585
    efficiency: 0.862428
    discharge_ratio: 2
    depth_of_discharge: 0.9
  Pb-acid:
    cost: 112.603
    lifetime: 14.3651
    annual_cost: 7.838650618512923
    efficiency: 0.696281
    discharge_ratio: 5
    depth_of_discharge: 0.5
  VRBF:
    cost: 273.477
    lifetime: 16.0503
    annual_cost: 17.038746939309544
    efficiency: 0.739549
    discharge_ratio: 0.5
    depth_of_discharge: 1.0
