cost_values:
  wind_capex: 5000.0
  wind_opex: 100
  wind_lifetime: 20
  solar_capex: 1000.0
  solar_opex: 10
  solar_lifetime: 20
  carbon_price: 1.0
timeseries_values:
  load_level: 234075.77217045467
  wind_year: 2018
  solar_year: 2014
  price_year: 2023
  carbon_year: 2023
storage_values:
  CAES:
    cost: 33.3177
    lifetime: 29.2864
    annual_cost: 1.1376509232954546
    efficiency: 0.58909
    discharge_ratio: 0.1
    depth_of_discharge: 0.4
  Li-ion:
    cost: 165.986
    lifetime: 21.8926
    annual_cost: 7.581831303728199
    efficiency: 0.858572
    discharge_ratio: 2
    depth_of_discharge: 0.9
  Pb-acid:
    cost: 119.402
    lifetime: 12.8849
    annual_cost: 9.266816195701946
    efficiency: 0.698575
    discharge_ratio: 5
    depth_of_discharge: 0.5
  VRBF:
    cost: 239.48
    lifetime: 14.7692
    annual_cost: 16.214825447553014
    efficiency: 0.745812
    discharge_ratio: 0.5
    depth_of_discharge: 1.0
