cost_values:
  wind_capex: 5000.0
  wind_opex: 100
  wind_lifetime: 20
  solar_capex: 1000.0
  solar_opex: 10
  solar_lifetime: 20
  carbon_price: 1.0
timeseries_values:
  load_level: 234075.77217045467
  wind_year: 2018
  solar_year: 2014
  price_year: 2023
  carbon_year: 2023
storage_values:
  CAES:
    cost: 51.6164
    lifetime: 29.3993
    annual_cost: 1.755701666366206
    efficiency: 0.580382
    discharge_ratio: 0.1
    depth_of_discharge: 0.4
  Li-ion:
    cost: 164.611
    lifetime: 21.0634
    annual_cost: 7.815025114653854
    efficiency: 0.856013
    discharge_ratio: 2
    depth_of_discharge: 0.9
  Pb-acid:
    cost: 124.876
    lifetime: 13.438
    annual_cost: 9.29275189760381
    efficiency: 0.711071
    discharge_ratio: 5
    depth_of_discharge: 0.5
  VRBF:
    cost: 279.693
    lifetime: 16.3338
    annual_cost: 17.12357197957609
    efficiency: 0.753905
    discharge_ratio: 0.5
    depth_of_discharge: 1.0
