cost_values:
  wind_capex: 5000.0
  wind_opex: 100
  wind_lifetime: 20
  solar_capex: 1000.0
  solar_opex: 10
  solar_lifetime: 20
  carbon_price: 1.0
timeseries_values:
  load_level: 234075.77217045467
  wind_year: 2018
  solar_year: 2014
  price_year: 2023
  carbon_year: 2023
storage_values:
  CAES:
    cost: 33.8892
    lifetime: 28.4056
    annual_cost: 1.1930464415467374
    efficiency: 0.579134
    discharge_ratio: 0.1
    depth_of_discharge: 0.4
  Li-ion:
    cost: 175.69
    lifetime: 20.1417
    annual_cost: 8.722699672818084
    efficiency: 0.856029
    discharge_ratio: 2
    depth_of_discharge: 0.9
  Pb-acid:
    cost: 104.204
    lifetime: 13.3651
    annual_cost: 7.796724304344898
    efficiency: 0.692337
    discharge_ratio: 5
    depth_of_discharge: 0.5
  VRBF:
    cost: 315.108
    lifetime: 18.9302
    annual_cost: 16.64578292886499
    efficiency: 0.766361
    discharge_ratio: 0.5
    depth_of_discharge: 1.0
