cost_values:
  wind_capex: 5000.0
  wind_opex: 100
  wind_lifetime: 20
  solar_capex: 1000.0
  solar_opex: 10
  solar_lifetime: 20
  carbon_price: 1.0
timeseries_values:
  load_level: 234075.77217045467
  wind_year: 2018
  solar_year: 2014
  price_year: 2023
  carbon_year: 2023
storage_values:
  CAES:
    cost: 39.9849
    lifetime: 28.3353
    annual_cost: 1.4111338154175181
    efficiency: 0.577737
    discharge_ratio: 0.1
    depth_of_discharge: 0.4
  Li-ion:
    cost: 180.992
    lifetime: 20.9145
    annual_cost: 8.653900404025915
    efficiency: 0.858493
    discharge_ratio: 2
    depth_of_discharge: 0.9
  Pb-acid:
    cost: 117.319
    lifetime: 13.537
    annual_cost: 8.666543547314767
    efficiency: 0.694686
    discharge_ratio: 5
    depth_of_discharge: 0.5
  VRBF:
    cost: 253.29
    lifetime: 16.3876
    annual_cost: 15.456198589177184
    efficiency: 0.759635
    discharge_ratio: 0.5
    depth_of_discharge: 1.0
