cost_values:
  wind_capex: 5000.0
  wind_opex: 100
  wind_lifetime: 20
  solar_capex: 1000.0
  solar_opex: 10
  solar_lifetime: 20
  carbon_price: 1.0
timeseries_values:
  load_level: 234075.77217045467
  wind_year: 2018
  solar_year: 2014
  price_year: 2023
  carbon_year: 2023
storage_values:
  CAES:
    cost: 31.9371
    lifetime: 27.2288
    annual_cost: 1.1729161769890704
    efficiency: 0.591906
    discharge_ratio: 0.1
    depth_of_discharge: 0.4
  Li-ion:
    cost: 185.258
    lifetime: 21.1319
    annual_cost: 8.7667460095874
    efficiency: 0.857632
    discharge_ratio: 2
    depth_of_discharge: 0.9
  Pb-acid:
    cost: 116.718
    lifetime: 12.8058
    annual_cost: 9.11446375860938
    efficiency: 0.704145
    discharge_ratio: 5
    depth_of_discharge: 0.5
  VRBF:
    cost: 265.853
    lifetime: 17.1487
    annual_cost: 15.502807793010549
    efficiency: 0.75418
    discharge_ratio: 0.5
    depth_of_discharge: 1.0
