cost_values:
  wind_capex: 5000.0
  wind_opex: 100
  wind_lifetime: 20
  solar_capex: 1000.0
  solar_opex: 10
  solar_lifetime: 20
  carbon_price: 1.0
timeseries_values:
  load_level: 234075.77217045467
  wind_year: 2018
  solar_year: 2014
  price_year: 2023
  carbon_year: 2023
storage_values:
  CAES:
    cost: 40.2121
    lifetime: 28.3639
    annual_cost: 1.4177211173357682
    efficiency: 0.587082
    discharge_ratio: 0.1
    depth_of_discharge: 0.4
  Li-ion:
    cost: 161.297
    lifetime: 21.8015
    annual_cost: 7.3984358874389375
    efficiency: 0.853206
    discharge_ratio: 2
    depth_of_discharge: 0.9
  Pb-acid:
    cost: 104.444
    lifetime: 14.6871
    annual_cost: 7.11127451981671
    efficiency: 0.706774
    discharge_ratio: 5
    depth_of_discharge: 0.5
  VRBF:
    cost: 323.552
    lifetime: 15.4416
    annual_cost: 20.95326909128588
    efficiency: 0.752077
    discharge_ratio: 0.5
    depth_of_discharge: 1.0
