cost_values:
  wind_capex: 5000.0
  wind_opex: 100
  wind_lifetime: 20
  solar_capex: 1000.0
  solar_opex: 10
  solar_lifetime: 20
  carbon_price: 1.0
timeseries_values:
  load_level: 234075.77217045467
  wind_year: 2018
  solar_year: 2014
  price_year: 2023
  carbon_year: 2023
storage_values:
  CAES:
    cost: 41.805
    lifetime: 27.9586
    annual_cost: 1.4952465431030166
    efficiency: 0.578156
    discharge_ratio: 0.1
    depth_of_discharge: 0.4
  Li-ion:
    cost: 174.918
    lifetime: 20.8581
    annual_cost: 8.386094610726769
    efficiency: 0.867508
    discharge_ratio: 2
    depth_of_discharge: 0.9
  Pb-acid:
    cost: 105.261
    lifetime: 14.1874
    annual_cost: 7.419329827875439
    efficiency: 0.696427
    discharge_ratio: 5
    depth_of_discharge: 0.5
  VRBF:
    cost: 261.191
    lifetime: 18.074
    annual_cost: 14.451200619674667
    efficiency: 0.761917
    discharge_ratio: 0.5
    depth_of_discharge: 1.0
