cost_values:
  wind_capex: 5000.0
  wind_opex: 100
  wind_lifetime: 20
  solar_capex: 1000.0
  solar_opex: 10
  solar_lifetime: 20
  carbon_price: 1.0
timeseries_values:
  load_level: 234075.77217045467
  wind_year: 2018
  solar_year: 2014
  price_year: 2023
  carbon_year: 2023
storage_values:
  CAES:
    cost: 42.6261
    lifetime: 29.8541
    annual_cost: 1.427813935104391
    efficiency: 0.588109
    discharge_ratio: 0.1
    depth_of_discharge: 0.4
  Li-ion:
    cost: 170.363
    lifetime: 21.2157
    annual_cost: 8.03004378832657
    efficiency: 0.858473
    discharge_ratio: 2
    depth_of_discharge: 0.9
  Pb-acid:
    cost: 122.524
    lifetime: 12.9477
    annual_cost: 9.462993427404095
    efficiency: 0.701129
    discharge_ratio: 5
    depth_of_discharge: 0.5
  VRBF:
    cost: 237.816
    lifetime: 16.1297
    annual_cost: 14.743981599161796
    efficiency: 0.760264
    discharge_ratio: 0.5
    depth_of_discharge: 1.0
