cost_values:
  wind_capex: 5000.0
  wind_opex: 100
  wind_lifetime: 20
  solar_capex: 1000.0
  solar_opex: 10
  solar_lifetime: 20
  carbon_price: 1.0
timeseries_values:
  load_level: 234075.77217045467
  wind_year: 2018
  solar_year: 2014
  price_year: 2023
  carbon_year: 2023
storage_values:
  CAES:
    cost: 45.7633
    lifetime: 29.1661
    annual_cost: 1.5690579131251694
    efficiency: 0.585531
    discharge_ratio: 0.1
    depth_of_discharge: 0.4
  Li-ion:
    cost: 140.394
    lifetime: 22.2689
    annual_cost: 6.304487424165541
    efficiency: 0.853537
    discharge_ratio: 2
    depth_of_discharge: 0.9
  Pb-acid:
    cost: 104.757
    lifetime: 14.0991
    annual_cost: 7.430048726514459
    efficiency: 0.688403
    discharge_ratio: 5
    depth_of_discharge: 0.5
  VRBF:
    cost: 263.171
    lifetime: 16.775
    annual_cost: 15.688286140089419
    efficiency: 0.745376
    discharge_ratio: 0.5
    depth_of_discharge: 1.0
