cost_values:
  wind_capex: 5000.0
  wind_opex: 100
  wind_lifetime: 20
  solar_capex: 1000.0
  solar_opex: 10
  solar_lifetime: 20
  carbon_price: 1.0
timeseries_values:
  load_level: 234075.77217045467
  wind_year: 2018
  solar_year: 2014
  price_year: 2023
  carbon_year: 2023
storage_values:
  CAES:
    cost: 41.7469
    lifetime: 28.1127
    annual_cost: 1.4849836550740412
    efficiency: 0.589455
    discharge_ratio: 0.1
    depth_of_discharge: 0.4
  Li-ion:
    cost: 179.542
    lifetime: 20.5332
    annual_cost: 8.743985350554224
    efficiency: 0.859899
    discharge_ratio: 2
    depth_of_discharge: 0.9
  Pb-acid:
    cost: 124.384
    lifetime: 13.3769
    annual_cost: 9.298417421076632
    efficiency: 0.705281
    discharge_ratio: 5
    depth_of_discharge: 0.5
  VRBF:
    cost: 296.227
    lifetime: 17.6795
    annual_cost: 16.755394666138745
    efficiency: 0.763711
    discharge_ratio: 0.5
    depth_of_discharge: 1.0
