cost_values:
  wind_capex: 5000.0
  wind_opex: 100
  wind_lifetime: 20
  solar_capex: 1000.0
  solar_opex: 10
  solar_lifetime: 20
  carbon_price: 1.0
timeseries_values:
  load_level: 234075.77217045467
  wind_year: 2018
  solar_year: 2014
  price_year: 2023
  carbon_year: 2023
storage_values:
  CAES:
    cost: 40.0166
    lifetime: 28.2329
    annual_cost: 1.4173747649019406
    efficiency: 0.58114
    discharge_ratio: 0.1
    depth_of_discharge: 0.4
  Li-ion:
    cost: 144.605
    lifetime: 21.0451
    annual_cost: 6.871195670251032
    efficiency: 0.874981
    discharge_ratio: 2
    depth_of_discharge: 0.9
  Pb-acid:
    cost: 109.802
    lifetime: 13.9266
    annual_cost: 7.884336449671851
    efficiency: 0.701562
    discharge_ratio: 5
    depth_of_discharge: 0.5
  VRBF:
    cost: 230.255
    lifetime: 16.2127
    annual_cost: 14.202137830219517
    efficiency: 0.747805
    discharge_ratio: 0.5
    depth_of_discharge: 1.0
