cost_values:
  wind_capex: 5000.0
  wind_opex: 100
  wind_lifetime: 20
  solar_capex: 1000.0
  solar_opex: 10
  solar_lifetime: 20
  carbon_price: 1.0
timeseries_values:
  load_level: 234075.77217045467
  wind_year: 2018
  solar_year: 2014
  price_year: 2023
  carbon_year: 2023
storage_values:
  CAES:
    cost: 42.0474
    lifetime: 29.2854
    annual_cost: 1.4357802864225861
    efficiency: 0.586733
    discharge_ratio: 0.1
    depth_of_discharge: 0.4
  Li-ion:
    cost: 138.092
    lifetime: 21.1196
    annual_cost: 6.538570806265271
    efficiency: 0.852355
    discharge_ratio: 2
    depth_of_discharge: 0.9
  Pb-acid:
    cost: 108.457
    lifetime: 12.3874
    annual_cost: 8.755428903563297
    efficiency: 0.696617
    discharge_ratio: 5
    depth_of_discharge: 0.5
  VRBF:
    cost: 280.383
    lifetime: 18.205
    annual_cost: 15.401428179071685
    efficiency: 0.747509
    discharge_ratio: 0.5
    depth_of_discharge: 1.0
