cost_values:
  wind_capex: 5000.0
  wind_opex: 100
  wind_lifetime: 20
  solar_capex: 1000.0
  solar_opex: 10
  solar_lifetime: 20
  carbon_price: 1.0
timeseries_values:
  load_level: 234075.77217045467
  wind_year: 2018
  solar_year: 2014
  price_year: 2023
  carbon_year: 2023
storage_values:
  CAES:
    cost: 42.6713
    lifetime: 28.9588
    annual_cost: 1.473517549069713
    efficiency: 0.598544
    discharge_ratio: 0.1
    depth_of_discharge: 0.4
  Li-ion:
    cost: 170.593
    lifetime: 23.1757
    annual_cost: 7.360856414261489
    efficiency: 0.863917
    discharge_ratio: 2
    depth_of_discharge: 0.9
  Pb-acid:
    cost: 104.472
    lifetime: 13.7074
    annual_cost: 7.621576666618031
    efficiency: 0.690906
    discharge_ratio: 5
    depth_of_discharge: 0.5
  VRBF:
    cost: 278.016
    lifetime: 14.6427
    annual_cost: 18.986662295888056
    efficiency: 0.76058
    discharge_ratio: 0.5
    depth_of_discharge: 1.0
