cost_values:
  wind_capex: 5000.0
  wind_opex: 100
  wind_lifetime: 20
  solar_capex: 1000.0
  solar_opex: 10
  solar_lifetime: 20
  carbon_price: 1.0
timeseries_values:
  load_level: 234075.77217045467
  wind_year: 2018
  solar_year: 2014
  price_year: 2023
  carbon_year: 2023
storage_values:
  CAES:
    cost: 47.5063
    lifetime: 27.8803
    annual_cost: 1.7039379059766218
    efficiency: 0.595835
    discharge_ratio: 0.1
    depth_of_discharge: 0.4
  Li-ion:
    cost: 172.218
    lifetime: 23.1375
    annual_cost: 7.4432414910858995
    efficiency: 0.855597
    discharge_ratio: 2
    depth_of_discharge: 0.9
  Pb-acid:
    cost: 84.2554
    lifetime: 12.6774
    annual_cost: 6.6461104011863625
    efficiency: 0.682134
    discharge_ratio: 5
    depth_of_discharge: 0.5
  VRBF:
    cost: 300.844
    lifetime: 16.534
    annual_cost: 18.19547598887142
    efficiency: 0.743585
    discharge_ratio: 0.5
    depth_of_discharge: 1.0
