cost_values:
  wind_capex: 5000.0
  wind_opex: 100
  wind_lifetime: 20
  solar_capex: 1000.0
  solar_opex: 10
  solar_lifetime: 20
  carbon_price: 1.0
timeseries_values:
  load_level: 234075.77217045467
  wind_year: 2018
  solar_year: 2014
  price_year: 2023
  carbon_year: 2023
storage_values:
  CAES:
    cost: 42.9415
    lifetime: 28.4294
    annual_cost: 1.510461001639148
    efficiency: 0.583702
    discharge_ratio: 0.1
    depth_of_discharge: 0.4
  Li-ion:
    cost: 174.043
    lifetime: 21.6337
    annual_cost: 8.044994614883262
    efficiency: 0.851542
    discharge_ratio: 2
    depth_of_discharge: 0.9
  Pb-acid:
    cost: 97.2533
    lifetime: 14.0366
    annual_cost: 6.928551073621817
    efficiency: 0.697923
    discharge_ratio: 5
    depth_of_discharge: 0.5
  VRBF:
    cost: 277.126
    lifetime: 15.7426
    annual_cost: 17.603572472145643
    efficiency: 0.774829
    discharge_ratio: 0.5
    depth_of_discharge: 1.0
