cost_values:
  wind_capex: 5000.0
  wind_opex: 100
  wind_lifetime: 20
  solar_capex: 1000.0
  solar_opex: 10
  solar_lifetime: 20
  carbon_price: 1.0
timeseries_values:
  load_level: 234075.77217045467
  wind_year: 2018
  solar_year: 2014
  price_year: 2023
  carbon_year: 2023
storage_values:
  CAES:
    cost: 39.5505
    lifetime: 29.2917
    annual_cost: 1.3502289044336793
    efficiency: 0.583629
    discharge_ratio: 0.1
    depth_of_discharge: 0.4
  Li-ion:
    cost: 170.212
    lifetime: 20.9296
    annual_cost: 8.132596896261752
    efficiency: 0.855962
    discharge_ratio: 2
    depth_of_discharge: 0.9
  Pb-acid:
    cost: 111.841
    lifetime: 12.1945
    annual_cost: 9.171429742916889
    efficiency: 0.678319
    discharge_ratio: 5
    depth_of_discharge: 0.5
  VRBF:
    cost: 264.697
    lifetime: 16.851
    annual_cost: 15.708088540739423
    efficiency: 0.760161
    discharge_ratio: 0.5
    depth_of_discharge: 1.0
