cost_values:
  wind_capex: 5000.0
  wind_opex: 100
  wind_lifetime: 20
  solar_capex: 1000.0
  solar_opex: 10
  solar_lifetime: 20
  carbon_price: 1.0
timeseries_values:
  load_level: 234075.77217045467
  wind_year: 2018
  solar_year: 2014
  price_year: 2023
  carbon_year: 2023
storage_values:
  CAES:
    cost: 38.6948
    lifetime: 29.6667
    annual_cost: 1.3043176355981623
    efficiency: 0.580205
    discharge_ratio: 0.1
    depth_of_discharge: 0.4
  Li-ion:
    cost: 187.49
    lifetime: 19.7845
    annual_cost: 9.476610477899365
    efficiency: 0.855979
    discharge_ratio: 2
    depth_of_discharge: 0.9
  Pb-acid:
    cost: 96.1006
    lifetime: 15.7853
    annual_cost: 6.087980589535834
    efficiency: 0.708927
    discharge_ratio: 5
    depth_of_discharge: 0.5
  VRBF:
    cost: 312.24
    lifetime: 19.535
    annual_cost: 15.983619145124136
    efficiency: 0.750146
    discharge_ratio: 0.5
    depth_of_discharge: 1.0
