cost_values:
  wind_capex: 5000.0
  wind_opex: 100
  wind_lifetime: 20
  solar_capex: 1000.0
  solar_opex: 10
  solar_lifetime: 20
  carbon_price: 1.0
timeseries_values:
  load_level: 234075.77217045467
  wind_year: 2018
  solar_year: 2014
  price_year: 2023
  carbon_year: 2023
storage_values:
  CAES:
    cost: 41.5801
    lifetime: 29.1458
    annual_cost: 1.4266240761962272
    efficiency: 0.585785
    discharge_ratio: 0.1
    depth_of_discharge: 0.4
  Li-ion:
    cost: 177.27
    lifetime: 16.2074
    annual_cost: 10.937596406579711
    efficiency: 0.857477
    discharge_ratio: 2
    depth_of_discharge: 0.9
  Pb-acid:
    cost: 93.3896
    lifetime: 14.2053
    annual_cost: 6.574278614320008
    efficiency: 0.693917
    discharge_ratio: 5
    depth_of_discharge: 0.5
  VRBF:
    cost: 256.264
    lifetime: 16.9126
    annual_cost: 15.15225334957369
    efficiency: 0.778329
    discharge_ratio: 0.5
    depth_of_discharge: 1.0
