cost_values:
  wind_capex: 5000.0
  wind_opex: 100
  wind_lifetime: 20
  solar_capex: 1000.0
  solar_opex: 10
  solar_lifetime: 20
  carbon_price: 1.0
timeseries_values:
  load_level: 234075.77217045467
  wind_year: 2018
  solar_year: 2014
  price_year: 2023
  carbon_year: 2023
storage_values:
  CAES:
    cost: 36.8507
    lifetime: 28.8908
    annual_cost: 1.2755167735057529
    efficiency: 0.599893
    discharge_ratio: 0.1
    depth_of_discharge: 0.4
  Li-ion:
    cost: 167.843
    lifetime: 22.3689
    annual_cost: 7.503408750542047
    efficiency: 0.854377
    discharge_ratio: 2
    depth_of_discharge: 0.9
  Pb-acid:
    cost: 96.0789
    lifetime: 14.5731
    annual_cost: 6.5928937563044245
    efficiency: 0.68272
    discharge_ratio: 5
    depth_of_discharge: 0.5
  VRBF:
    cost: 294.91
    lifetime: 15.5982
    annual_cost: 18.906668718185433
    efficiency: 0.736027
    discharge_ratio: 0.5
    depth_of_discharge: 1.0
