cost_values:
  wind_capex: 5000.0
  wind_opex: 100
  wind_lifetime: 20
  solar_capex: 1000.0
  solar_opex: 10
  solar_lifetime: 20
  carbon_price: 1.0
timeseries_values:
  load_level: 234075.77217045467
  wind_year: 2018
  solar_year: 2014
  price_year: 2023
  carbon_year: 2023
storage_values:
  CAES:
    cost: 37.9179
    lifetime: 28.7163
    annual_cost: 1.3204312533299905
    efficiency: 0.586703
    discharge_ratio: 0.1
    depth_of_discharge: 0.4
  Li-ion:
    cost: 170.159
    lifetime: 20.733
    annual_cost: 8.207157671345199
    efficiency: 0.850278
    discharge_ratio: 2
    depth_of_discharge: 0.9
  Pb-acid:
    cost: 108.028
    lifetime: 13.3405
    annual_cost: 8.097747460739852
    efficiency: 0.690354
    discharge_ratio: 5
    depth_of_discharge: 0.5
  VRBF:
    cost: 275.137
    lifetime: 16.8088
    annual_cost: 16.36862833753748
    efficiency: 0.756612
    discharge_ratio: 0.5
    depth_of_discharge: 1.0
