cost_values:
  wind_capex: 5000.0
  wind_opex: 100
  wind_lifetime: 20
  solar_capex: 1000.0
  solar_opex: 10
  solar_lifetime: 20
  carbon_price: 1.0
timeseries_values:
  load_level: 234075.77217045467
  wind_year: 2018
  solar_year: 2014
  price_year: 2023
  carbon_year: 2023
storage_values:
  CAES:
    cost: 41.0589
    lifetime: 28.4493
    annual_cost: 1.443230589153336
    efficiency: 0.584762
    discharge_ratio: 0.1
    depth_of_discharge: 0.4
  Li-ion:
    cost: 165.679
    lifetime: 20.6407
    annual_cost: 8.026811106212485
    efficiency: 0.857918
    discharge_ratio: 2
    depth_of_discharge: 0.9
  Pb-acid:
    cost: 106.854
    lifetime: 14.6966
    annual_cost: 7.2706612413755565
    efficiency: 0.706356
    discharge_ratio: 5
    depth_of_discharge: 0.5
  VRBF:
    cost: 251.068
    lifetime: 16.0692
    annual_cost: 15.624175441216739
    efficiency: 0.764157
    discharge_ratio: 0.5
    depth_of_discharge: 1.0
