cost_values:
  wind_capex: 5000.0
  wind_opex: 100
  wind_lifetime: 20
  solar_capex: 1000.0
  solar_opex: 10
  solar_lifetime: 20
  carbon_price: 1.0
timeseries_values:
  load_level: 234075.77217045467
  wind_year: 2018
  solar_year: 2014
  price_year: 2023
  carbon_year: 2023
storage_values:
  CAES:
    cost: 36.7755
    lifetime: 29.851
    annual_cost: 1.2319687782653848
    efficiency: 0.589976
    discharge_ratio: 0.1
    depth_of_discharge: 0.4
  Li-ion:
    cost: 175.291
    lifetime: 19.9239
    annual_cost: 8.798026490797485
    efficiency: 0.856681
    discharge_ratio: 2
    depth_of_discharge: 0.9
  Pb-acid:
    cost: 108.759
    lifetime: 14.4706
    annual_cost: 7.515859743203461
    efficiency: 0.692938
    discharge_ratio: 5
    depth_of_discharge: 0.5
  VRBF:
    cost: 248.676
    lifetime: 14.7292
    annual_cost: 16.88319800124922
    efficiency: 0.747261
    discharge_ratio: 0.5
    depth_of_discharge: 1.0
