cost_values:
  wind_capex: 5000.0
  wind_opex: 100
  wind_lifetime: 20
  solar_capex: 1000.0
  solar_opex: 10
  solar_lifetime: 20
  carbon_price: 1.0
timeseries_values:
  load_level: 234075.77217045467
  wind_year: 2018
  solar_year: 2014
  price_year: 2023
  carbon_year: 2023
storage_values:
  CAES:
    cost: 39.6291
    lifetime: 28.3627
    annual_cost: 1.3972259340612847
    efficiency: 0.581525
    discharge_ratio: 0.1
    depth_of_discharge: 0.4
  Li-ion:
    cost: 165.734
    lifetime: 20.0948
    annual_cost: 8.247606345920339
    efficiency: 0.857603
    discharge_ratio: 2
    depth_of_discharge: 0.9
  Pb-acid:
    cost: 117.284
    lifetime: 12.3922
    annual_cost: 9.464340472232534
    efficiency: 0.690006
    discharge_ratio: 5
    depth_of_discharge: 0.5
  VRBF:
    cost: 279.52
    lifetime: 16.2561
    annual_cost: 17.194776114812285
    efficiency: 0.75198
    discharge_ratio: 0.5
    depth_of_discharge: 1.0
