cost_values:
  wind_capex: 5000.0
  wind_opex: 100
  wind_lifetime: 20
  solar_capex: 1000.0
  solar_opex: 10
  solar_lifetime: 20
  carbon_price: 1.0
timeseries_values:
  load_level: 234075.77217045467
  wind_year: 2018
  solar_year: 2014
  price_year: 2023
  carbon_year: 2023
storage_values:
  CAES:
    cost: 40.0119
    lifetime: 28.3534
    annual_cost: 1.4111852546784511
    efficiency: 0.583963
    discharge_ratio: 0.1
    depth_of_discharge: 0.4
  Li-ion:
    cost: 188.469
    lifetime: 19.6698
    annual_cost: 9.581642924686575
    efficiency: 0.863429
    discharge_ratio: 2
    depth_of_discharge: 0.9
  Pb-acid:
    cost: 116.377
    lifetime: 13.8716
    annual_cost: 8.389587358343665
    efficiency: 0.681151
    discharge_ratio: 5
    depth_of_discharge: 0.5
  VRBF:
    cost: 278.892
    lifetime: 16.5199
    annual_cost: 16.88218451685543
    efficiency: 0.756327
    discharge_ratio: 0.5
    depth_of_discharge: 1.0
