cost_values:
  wind_capex: 5000.0
  wind_opex: 100
  wind_lifetime: 20
  solar_capex: 1000.0
  solar_opex: 10
  solar_lifetime: 20
  carbon_price: 1.0
timeseries_values:
  load_level: 234075.77217045467
  wind_year: 2018
  solar_year: 2014
  price_year: 2023
  carbon_year: 2023
storage_values:
  CAES:
    cost: 41.6887
    lifetime: 28.259
    annual_cost: 1.4752362079337555
    efficiency: 0.584281
    discharge_ratio: 0.1
    depth_of_discharge: 0.4
  Li-ion:
    cost: 178.205
    lifetime: 21.8799
    annual_cost: 8.144689875182246
    efficiency: 0.857302
    discharge_ratio: 2
    depth_of_discharge: 0.9
  Pb-acid:
    cost: 93.763
    lifetime: 15.0248
    annual_cost: 6.2405489590543635
    efficiency: 0.688986
    discharge_ratio: 5
    depth_of_discharge: 0.5
  VRBF:
    cost: 293.226
    lifetime: 16.3635
    annual_cost: 17.919515995966634
    efficiency: 0.772492
    discharge_ratio: 0.5
    depth_of_discharge: 1.0
