cost_values:
  wind_capex: 5000.0
  wind_opex: 100
  wind_lifetime: 20
  solar_capex: 1000.0
  solar_opex: 10
  solar_lifetime: 20
  carbon_price: 1.0
timeseries_values:
  load_level: 234075.77217045467
  wind_year: 2018
  solar_year: 2014
  price_year: 2023
  carbon_year: 2023
storage_values:
  CAES:
    cost: 44.1884
    lifetime: 28.8044
    annual_cost: 1.5340850703364763
    efficiency: 0.581663
    discharge_ratio: 0.1
    depth_of_discharge: 0.4
  Li-ion:
    cost: 184.197
    lifetime: 21.5451
    annual_cost: 8.549368533912583
    efficiency: 0.859743
    discharge_ratio: 2
    depth_of_discharge: 0.9
  Pb-acid:
    cost: 116.838
    lifetime: 12.2899
    annual_cost: 9.506830812293021
    efficiency: 0.690414
    discharge_ratio: 5
    depth_of_discharge: 0.5
  VRBF:
    cost: 252.801
    lifetime: 17.2925
    annual_cost: 14.61911233193581
    efficiency: 0.75511
    discharge_ratio: 0.5
    depth_of_discharge: 1.0
