cost_values:
  wind_capex: 5000.0
  wind_opex: 100
  wind_lifetime: 20
  solar_capex: 1000.0
  solar_opex: 10
  solar_lifetime: 20
  carbon_price: 1.0
timeseries_values:
  load_level: 234075.77217045467
  wind_year: 2018
  solar_year: 2014
  price_year: 2023
  carbon_year: 2023
storage_values:
  CAES:
    cost: 37.106
    lifetime: 29.0249
    annual_cost: 1.278419563891693
    efficiency: 0.569437
    discharge_ratio: 0.1
    depth_of_discharge: 0.4
  Li-ion:
    cost: 157.768
    lifetime: 19.9232
    annual_cost: 7.918808223578541
    efficiency: 0.865281
    discharge_ratio: 2
    depth_of_discharge: 0.9
  Pb-acid:
    cost: 119.127
    lifetime: 14.7855
    annual_cost: 8.057015319062595
    efficiency: 0.694201
    discharge_ratio: 5
    depth_of_discharge: 0.5
  VRBF:
    cost: 294.534
    lifetime: 16.9113
    annual_cost: 17.416402050699826
    efficiency: 0.752893
    discharge_ratio: 0.5
    depth_of_discharge: 1.0
