cost_values:
  wind_capex: 5000.0
  wind_opex: 100
  wind_lifetime: 20
  solar_capex: 1000.0
  solar_opex: 10
  solar_lifetime: 20
  carbon_price: 1.0
timeseries_values:
  load_level: 234075.77217045467
  wind_year: 2018
  solar_year: 2014
  price_year: 2023
  carbon_year: 2023
storage_values:
  CAES:
    cost: 43.9149
    lifetime: 28.6814
    annual_cost: 1.531128187605905
    efficiency: 0.58738
    discharge_ratio: 0.1
    depth_of_discharge: 0.4
  Li-ion:
    cost: 146.721
    lifetime: 19.3715
    annual_cost: 7.574064992385721
    efficiency: 0.85844
    discharge_ratio: 2
    depth_of_discharge: 0.9
  Pb-acid:
    cost: 112.783
    lifetime: 13.1144
    annual_cost: 8.599935948270604
    efficiency: 0.692658
    discharge_ratio: 5
    depth_of_discharge: 0.5
  VRBF:
    cost: 281.318
    lifetime: 16.214
    annual_cost: 17.350314542987544
    efficiency: 0.749643
    discharge_ratio: 0.5
    depth_of_discharge: 1.0
