cost_values:
  wind_capex: 5000.0
  wind_opex: 100
  wind_lifetime: 20
  solar_capex: 1000.0
  solar_opex: 10
  solar_lifetime: 20
  carbon_price: 1.0
timeseries_values:
  load_level: 234075.77217045467
  wind_year: 2018
  solar_year: 2014
  price_year: 2023
  carbon_year: 2023
storage_values:
  CAES:
    cost: 37.7746
    lifetime: 28.9712
    annual_cost: 1.3038672888937979
    efficiency: 0.585768
    discharge_ratio: 0.1
    depth_of_discharge: 0.4
  Li-ion:
    cost: 169.651
    lifetime: 20.6818
    annual_cost: 8.202912705857324
    efficiency: 0.852853
    discharge_ratio: 2
    depth_of_discharge: 0.9
  Pb-acid:
    cost: 112.73
    lifetime: 12.6686
    annual_cost: 8.898378668519015
    efficiency: 0.683041
    discharge_ratio: 5
    depth_of_discharge: 0.5
  VRBF:
    cost: 242.83
    lifetime: 15.2367
    annual_cost: 15.937177997860429
    efficiency: 0.743816
    discharge_ratio: 0.5
    depth_of_discharge: 1.0
