cost_values:
  wind_capex: 5000.0
  wind_opex: 100
  wind_lifetime: 20
  solar_capex: 1000.0
  solar_opex: 10
  solar_lifetime: 20
  carbon_price: 1.0
timeseries_values:
  load_level: 234075.77217045467
  wind_year: 2018
  solar_year: 2014
  price_year: 2023
  carbon_year: 2023
storage_values:
  CAES:
    cost: 46.0476
    lifetime: 28.3947
    annual_cost: 1.6216970068357828
    efficiency: 0.58218
    discharge_ratio: 0.1
    depth_of_discharge: 0.4
  Li-ion:
    cost: 178.096
    lifetime: 22.2663
    annual_cost: 7.998455064379803
    efficiency: 0.851924
    discharge_ratio: 2
    depth_of_discharge: 0.9
  Pb-acid:
    cost: 113.041
    lifetime: 14.3454
    annual_cost: 7.879947579014876
    efficiency: 0.695374
    discharge_ratio: 5
    depth_of_discharge: 0.5
  VRBF:
    cost: 267.127
    lifetime: 16.7054
    annual_cost: 15.990458175200834
    efficiency: 0.754027
    discharge_ratio: 0.5
    depth_of_discharge: 1.0
