cost_values:
  wind_capex: 5000.0
  wind_opex: 100
  wind_lifetime: 20
  solar_capex: 1000.0
  solar_opex: 10
  solar_lifetime: 20
  carbon_price: 1.0
timeseries_values:
  load_level: 234075.77217045467
  wind_year: 2018
  solar_year: 2014
  price_year: 2023
  carbon_year: 2023
storage_values:
  CAES:
    cost: 38.8916
    lifetime: 28.5528
    annual_cost: 1.3620940853436438
    efficiency: 0.582605
    discharge_ratio: 0.1
    depth_of_discharge: 0.4
  Li-ion:
    cost: 168.553
    lifetime: 22.7571
    annual_cost: 7.406611562984739
    efficiency: 0.860775
    discharge_ratio: 2
    depth_of_discharge: 0.9
  Pb-acid:
    cost: 106.849
    lifetime: 13.9628
    annual_cost: 7.652404961755522
    efficiency: 0.697557
    discharge_ratio: 5
    depth_of_discharge: 0.5
  VRBF:
    cost: 288.187
    lifetime: 17.3744
    annual_cost: 16.586874942444055
    efficiency: 0.75141
    discharge_ratio: 0.5
    depth_of_discharge: 1.0
