cost_values:
  wind_capex: 5000.0
  wind_opex: 100
  wind_lifetime: 20
  solar_capex: 1000.0
  solar_opex: 10
  solar_lifetime: 20
  carbon_price: 1.0
timeseries_values:
  load_level: 234075.77217045467
  wind_year: 2018
  solar_year: 2014
  price_year: 2023
  carbon_year: 2023
storage_values:
  CAES:
    cost: 38.7604
    lifetime: 29.0796
    annual_cost: 1.332906917564203
    efficiency: 0.57706
    discharge_ratio: 0.1
    depth_of_discharge: 0.4
  Li-ion:
    cost: 154.859
    lifetime: 20.9887
    annual_cost: 7.378208273975996
    efficiency: 0.855825
    discharge_ratio: 2
    depth_of_discharge: 0.9
  Pb-acid:
    cost: 129.729
    lifetime: 14.1887
    annual_cost: 9.14312093426459
    efficiency: 0.691874
    discharge_ratio: 5
    depth_of_discharge: 0.5
  VRBF:
    cost: 244.298
    lifetime: 17.4641
    annual_cost: 13.988582291672632
    efficiency: 0.744599
    discharge_ratio: 0.5
    depth_of_discharge: 1.0
