cost_values:
  wind_capex: 5000.0
  wind_opex: 100
  wind_lifetime: 20
  solar_capex: 1000.0
  solar_opex: 10
  solar_lifetime: 20
  carbon_price: 1.0
timeseries_values:
  load_level: 234075.77217045467
  wind_year: 2018
  solar_year: 2014
  price_year: 2023
  carbon_year: 2023
storage_values:
  CAES:
    cost: 33.0923
    lifetime: 28.3752
    annual_cost: 1.16624023795427
    efficiency: 0.585306
    discharge_ratio: 0.1
    depth_of_discharge: 0.4
  Li-ion:
    cost: 166.388
    lifetime: 21.8575
    annual_cost: 7.612398490220747
    efficiency: 0.864803
    discharge_ratio: 2
    depth_of_discharge: 0.9
  Pb-acid:
    cost: 111.372
    lifetime: 15.2997
    annual_cost: 7.279358418792525
    efficiency: 0.693107
    discharge_ratio: 5
    depth_of_discharge: 0.5
  VRBF:
    cost: 253.461
    lifetime: 18.548
    annual_cost: 13.665139098555102
    efficiency: 0.758794
    discharge_ratio: 0.5
    depth_of_discharge: 1.0
