cost_values:
  wind_capex: 5000.0
  wind_opex: 100
  wind_lifetime: 20
  solar_capex: 1000.0
  solar_opex: 10
  solar_lifetime: 20
  carbon_price: 1.0
timeseries_values:
  load_level: 234075.77217045467
  wind_year: 2018
  solar_year: 2014
  price_year: 2023
  carbon_year: 2023
storage_values:
  CAES:
    cost: 46.9174
    lifetime: 29.4344
    annual_cost: 1.5939648846247927
    efficiency: 0.588886
    discharge_ratio: 0.1
    depth_of_discharge: 0.4
  Li-ion:
    cost: 180.319
    lifetime: 21.4172
    annual_cost: 8.419354537474552
    efficiency: 0.854096
    discharge_ratio: 2
    depth_of_discharge: 0.9
  Pb-acid:
    cost: 106.162
    lifetime: 14.2153
    annual_cost: 7.46815051388293
    efficiency: 0.680477
    discharge_ratio: 5
    depth_of_discharge: 0.5
  VRBF:
    cost: 291.423
    lifetime: 17.5339
    annual_cost: 16.620546484239103
    efficiency: 0.734943
    discharge_ratio: 0.5
    depth_of_discharge: 1.0
