cost_values:
  wind_capex: 5000.0
  wind_opex: 100
  wind_lifetime: 20
  solar_capex: 1000.0
  solar_opex: 10
  solar_lifetime: 20
  carbon_price: 1.0
timeseries_values:
  load_level: 234075.77217045467
  wind_year: 2018
  solar_year: 2014
  price_year: 2023
  carbon_year: 2023
storage_values:
  CAES:
    cost: 39.0264
    lifetime: 28.5389
    annual_cost: 1.36748087697844
    efficiency: 0.586769
    discharge_ratio: 0.1
    depth_of_discharge: 0.4
  Li-ion:
    cost: 173.465
    lifetime: 21.5311
    annual_cost: 8.056485734588573
    efficiency: 0.850662
    discharge_ratio: 2
    depth_of_discharge: 0.9
  Pb-acid:
    cost: 119.826
    lifetime: 12.2998
    annual_cost: 9.742109627798825
    efficiency: 0.689868
    discharge_ratio: 5
    depth_of_discharge: 0.5
  VRBF:
    cost: 242.464
    lifetime: 18.0642
    annual_cost: 13.42234917682488
    efficiency: 0.765603
    discharge_ratio: 0.5
    depth_of_discharge: 1.0
