cost_values:
  wind_capex: 5000.0
  wind_opex: 100
  wind_lifetime: 20
  solar_capex: 1000.0
  solar_opex: 10
  solar_lifetime: 20
  carbon_price: 1.0
timeseries_values:
  load_level: 234075.77217045467
  wind_year: 2018
  solar_year: 2014
  price_year: 2023
  carbon_year: 2023
storage_values:
  CAES:
    cost: 43.2951
    lifetime: 29.2048
    annual_cost: 1.482465211198159
    efficiency: 0.589922
    discharge_ratio: 0.1
    depth_of_discharge: 0.4
  Li-ion:
    cost: 172.947
    lifetime: 19.7338
    annual_cost: 8.763998824352127
    efficiency: 0.856344
    discharge_ratio: 2
    depth_of_discharge: 0.9
  Pb-acid:
    cost: 103.136
    lifetime: 14.1102
    annual_cost: 7.309322334197955
    efficiency: 0.681141
    discharge_ratio: 5
    depth_of_discharge: 0.5
  VRBF:
    cost: 286.75
    lifetime: 17.6892
    annual_cost: 16.210456097505823
    efficiency: 0.764536
    discharge_ratio: 0.5
    depth_of_discharge: 1.0
