cost_values:
  wind_capex: 5000.0
  wind_opex: 100
  wind_lifetime: 20
  solar_capex: 1000.0
  solar_opex: 10
  solar_lifetime: 20
  carbon_price: 1.0
timeseries_values:
  load_level: 234075.77217045467
  wind_year: 2018
  solar_year: 2014
  price_year: 2023
  carbon_year: 2023
storage_values:
  CAES:
    cost: 41.7635
    lifetime: 28.8843
    annual_cost: 1.445889289337114
    efficiency: 0.580076
    discharge_ratio: 0.1
    depth_of_discharge: 0.4
  Li-ion:
    cost: 168.606
    lifetime: 20.038
    annual_cost: 8.414312805669228
    efficiency: 0.85081
    discharge_ratio: 2
    depth_of_discharge: 0.9
  Pb-acid:
    cost: 105.744
    lifetime: 12.4748
    annual_cost: 8.476608843428352
    efficiency: 0.715672
    discharge_ratio: 5
    depth_of_discharge: 0.5
  VRBF:
    cost: 296.272
    lifetime: 16.4569
    annual_cost: 18.002904556751268
    efficiency: 0.743564
    discharge_ratio: 0.5
    depth_of_discharge: 1.0
