cost_values:
  wind_capex: 5000.0
  wind_opex: 100
  wind_lifetime: 20
  solar_capex: 1000.0
  solar_opex: 10
  solar_lifetime: 20
  carbon_price: 1.0
timeseries_values:
  load_level: 234075.77217045467
  wind_year: 2018
  solar_year: 2014
  price_year: 2023
  carbon_year: 2023
storage_values:
  CAES:
    cost: 48.7035
    lifetime: 29.9297
    annual_cost: 1.627263220145875
    efficiency: 0.584923
    discharge_ratio: 0.1
    depth_of_discharge: 0.4
  Li-ion:
    cost: 166.721
    lifetime: 22.2997
    annual_cost: 7.476378605990215
    efficiency: 0.855969
    discharge_ratio: 2
    depth_of_discharge: 0.9
  Pb-acid:
    cost: 90.888
    lifetime: 12.8011
    annual_cost: 7.100014842474475
    efficiency: 0.683714
    discharge_ratio: 5
    depth_of_discharge: 0.5
  VRBF:
    cost: 255.446
    lifetime: 17.5589
    annual_cost: 14.547950042428624
    efficiency: 0.769709
    discharge_ratio: 0.5
    depth_of_discharge: 1.0
