cost_values:
  wind_capex: 5000.0
  wind_opex: 100
  wind_lifetime: 20
  solar_capex: 1000.0
  solar_opex: 10
  solar_lifetime: 20
  carbon_price: 1.0
timeseries_values:
  load_level: 234075.77217045467
  wind_year: 2018
  solar_year: 2014
  price_year: 2023
  carbon_year: 2023
storage_values:
  CAES:
    cost: 35.237
    lifetime: 29.2014
    annual_cost: 1.2066887204038164
    efficiency: 0.584372
    discharge_ratio: 0.1
    depth_of_discharge: 0.4
  Li-ion:
    cost: 159.003
    lifetime: 21.621
    annual_cost: 7.354100180380185
    efficiency: 0.857314
    discharge_ratio: 2
    depth_of_discharge: 0.9
  Pb-acid:
    cost: 121.877
    lifetime: 13.0984
    annual_cost: 9.304724241128687
    efficiency: 0.68961
    discharge_ratio: 5
    depth_of_discharge: 0.5
  VRBF:
    cost: 282.45
    lifetime: 16.6723
    annual_cost: 16.94127384943889
    efficiency: 0.759925
    discharge_ratio: 0.5
    depth_of_discharge: 1.0
