cost_values:
  wind_capex: 5000.0
  wind_opex: 100
  wind_lifetime: 20
  solar_capex: 1000.0
  solar_opex: 10
  solar_lifetime: 20
  carbon_price: 1.0
timeseries_values:
  load_level: 234075.77217045467
  wind_year: 2018
  solar_year: 2014
  price_year: 2023
  carbon_year: 2023
storage_values:
  CAES:
    cost: 44.5337
    lifetime: 28.0663
    annual_cost: 1.5867321307047957
    efficiency: 0.581721
    discharge_ratio: 0.1
    depth_of_discharge: 0.4
  Li-ion:
    cost: 174.202
    lifetime: 21.3898
    annual_cost: 8.144162170754285
    efficiency: 0.862357
    discharge_ratio: 2
    depth_of_discharge: 0.9
  Pb-acid:
    cost: 90.0158
    lifetime: 13.9933
    annual_cost: 6.432778544017494
    efficiency: 0.697509
    discharge_ratio: 5
    depth_of_discharge: 0.5
  VRBF:
    cost: 307.368
    lifetime: 16.5256
    annual_cost: 18.599506220651595
    efficiency: 0.749399
    discharge_ratio: 0.5
    depth_of_discharge: 1.0
