cost_values:
  wind_capex: 5000.0
  wind_opex: 100
  wind_lifetime: 20
  solar_capex: 1000.0
  solar_opex: 10
  solar_lifetime: 20
  carbon_price: 1.0
timeseries_values:
  load_level: 234075.77217045467
  wind_year: 2018
  solar_year: 2014
  price_year: 2023
  carbon_year: 2023
storage_values:
  CAES:
    cost: 38.4589
    lifetime: 28.362
    annual_cost: 1.3560009872364431
    efficiency: 0.590854
    discharge_ratio: 0.1
    depth_of_discharge: 0.4
  Li-ion:
    cost: 145.398
    lifetime: 22.9609
    annual_cost: 6.332417283294644
    efficiency: 0.859735
    discharge_ratio: 2
    depth_of_discharge: 0.9
  Pb-acid:
    cost: 100.262
    lifetime: 13.1944
    annual_cost: 7.598829806584612
    efficiency: 0.700288
    discharge_ratio: 5
    depth_of_discharge: 0.5
  VRBF:
    cost: 253.177
    lifetime: 16.3373
    annual_cost: 15.49686912770164
    efficiency: 0.767987
    discharge_ratio: 0.5
    depth_of_discharge: 1.0
