cost_values:
  wind_capex: 5000.0
  wind_opex: 100
  wind_lifetime: 20
  solar_capex: 1000.0
  solar_opex: 10
  solar_lifetime: 20
  carbon_price: 1.0
timeseries_values:
  load_level: 234075.77217045467
  wind_year: 2018
  solar_year: 2014
  price_year: 2023
  carbon_year: 2023
storage_values:
  CAES:
    cost: 44.4975
    lifetime: 28.8221
    annual_cost: 1.543867379545557
    efficiency: 0.596567
    discharge_ratio: 0.1
    depth_of_discharge: 0.4
  Li-ion:
    cost: 191.592
    lifetime: 22.9513
    annual_cost: 8.347762436114731
    efficiency: 0.864253
    discharge_ratio: 2
    depth_of_discharge: 0.9
  Pb-acid:
    cost: 103.712
    lifetime: 13.0233
    annual_cost: 7.963572980734529
    efficiency: 0.677981
    discharge_ratio: 5
    depth_of_discharge: 0.5
  VRBF:
    cost: 292.604
    lifetime: 18.4024
    annual_cost: 15.90031734991088
    efficiency: 0.754994
    discharge_ratio: 0.5
    depth_of_discharge: 1.0
