cost_values:
  wind_capex: 5000.0
  wind_opex: 100
  wind_lifetime: 20
  solar_capex: 1000.0
  solar_opex: 10
  solar_lifetime: 20
  carbon_price: 1.0
timeseries_values:
  load_level: 234075.77217045467
  wind_year: 2018
  solar_year: 2014
  price_year: 2023
  carbon_year: 2023
storage_values:
  CAES:
    cost: 45.2905
    lifetime: 28.9512
    annual_cost: 1.5643738428804332
    efficiency: 0.584578
    discharge_ratio: 0.1
    depth_of_discharge: 0.4
  Li-ion:
    cost: 160.951
    lifetime: 18.815
    annual_cost: 8.554398086633004
    efficiency: 0.860295
    discharge_ratio: 2
    depth_of_discharge: 0.9
  Pb-acid:
    cost: 111.321
    lifetime: 12.8005
    annual_cost: 8.696613413538534
    efficiency: 0.701725
    discharge_ratio: 5
    depth_of_discharge: 0.5
  VRBF:
    cost: 248.177
    lifetime: 16.6807
    annual_cost: 14.878092645992073
    efficiency: 0.751685
    discharge_ratio: 0.5
    depth_of_discharge: 1.0
