cost_values:
  wind_capex: 5000.0
  wind_opex: 100
  wind_lifetime: 20
  solar_capex: 1000.0
  solar_opex: 10
  solar_lifetime: 20
  carbon_price: 1.0
timeseries_values:
  load_level: 234075.77217045467
  wind_year: 2018
  solar_year: 2014
  price_year: 2023
  carbon_year: 2023
storage_values:
  CAES:
    cost: 42.0555
    lifetime: 28.8426
    annual_cost: 1.458103638368247
    efficiency: 0.588416
    discharge_ratio: 0.1
    depth_of_discharge: 0.4
  Li-ion:
    cost: 158.596
    lifetime: 21.8356
    annual_cost: 7.263184890728902
    efficiency: 0.858292
    discharge_ratio: 2
    depth_of_discharge: 0.9
  Pb-acid:
    cost: 115.424
    lifetime: 14.1479
    annual_cost: 8.158383929770496
    efficiency: 0.68585
    discharge_ratio: 5
    depth_of_discharge: 0.5
  VRBF:
    cost: 282.953
    lifetime: 16.6857
    annual_cost: 16.957814176210764
    efficiency: 0.723316
    discharge_ratio: 0.5
    depth_of_discharge: 1.0
