cost_values:
  wind_capex: 5000.0
  wind_opex: 100
  wind_lifetime: 20
  solar_capex: 1000.0
  solar_opex: 10
  solar_lifetime: 20
  carbon_price: 1.0
timeseries_values:
  load_level: 234075.77217045467
  wind_year: 2018
  solar_year: 2014
  price_year: 2023
  carbon_year: 2023
storage_values:
  CAES:
    cost: 44.4428
    lifetime: 29.5581
    annual_cost: 1.50357431634645
    efficiency: 0.581261
    discharge_ratio: 0.1
    depth_of_discharge: 0.4
  Li-ion:
    cost: 178.837
    lifetime: 19.7118
    annual_cost: 9.072585963737456
    efficiency: 0.863052
    discharge_ratio: 2
    depth_of_discharge: 0.9
  Pb-acid:
    cost: 97.857
    lifetime: 14.8808
    annual_cost: 6.576057738831246
    efficiency: 0.710102
    discharge_ratio: 5
    depth_of_discharge: 0.5
  VRBF:
    cost: 293.959
    lifetime: 16.9585
    annual_cost: 17.334021287260075
    efficiency: 0.768092
    discharge_ratio: 0.5
    depth_of_discharge: 1.0
