cost_values:
  wind_capex: 5000.0
  wind_opex: 100
  wind_lifetime: 20
  solar_capex: 1000.0
  solar_opex: 10
  solar_lifetime: 20
  carbon_price: 1.0
timeseries_values:
  load_level: 234075.77217045467
  wind_year: 2018
  solar_year: 2014
  price_year: 2023
  carbon_year: 2023
storage_values:
  CAES:
    cost: 41.6957
    lifetime: 28.3199
    annual_cost: 1.4723109897986928
    efficiency: 0.589465
    discharge_ratio: 0.1
    depth_of_discharge: 0.4
  Li-ion:
    cost: 174.179
    lifetime: 19.3699
    annual_cost: 8.992250863453089
    efficiency: 0.853001
    discharge_ratio: 2
    depth_of_discharge: 0.9
  Pb-acid:
    cost: 103.541
    lifetime: 14.0241
    annual_cost: 7.383076275839447
    efficiency: 0.677133
    discharge_ratio: 5
    depth_of_discharge: 0.5
  VRBF:
    cost: 263.266
    lifetime: 16.8647
    annual_cost: 15.610476320361467
    efficiency: 0.766796
    discharge_ratio: 0.5
    depth_of_discharge: 1.0
