cost_values:
  wind_capex: 5000.0
  wind_opex: 100
  wind_lifetime: 20
  solar_capex: 1000.0
  solar_opex: 10
  solar_lifetime: 20
  carbon_price: 1.0
timeseries_values:
  load_level: 234075.77217045467
  wind_year: 2018
  solar_year: 2014
  price_year: 2023
  carbon_year: 2023
storage_values:
  CAES:
    cost: 36.5746
    lifetime: 28.8158
    annual_cost: 1.269255061459338
    efficiency: 0.590535
    discharge_ratio: 0.1
    depth_of_discharge: 0.4
  Li-ion:
    cost: 176.613
    lifetime: 20.4049
    annual_cost: 8.65542100181819
    efficiency: 0.853059
    discharge_ratio: 2
    depth_of_discharge: 0.9
  Pb-acid:
    cost: 125.991
    lifetime: 13.9324
    annual_cost: 9.04302202061382
    efficiency: 0.682708
    discharge_ratio: 5
    depth_of_discharge: 0.5
  VRBF:
    cost: 262.63
    lifetime: 15.6761
    annual_cost: 16.753529257914916
    efficiency: 0.769559
    discharge_ratio: 0.5
    depth_of_discharge: 1.0
