cost_values:
  wind_capex: 5000.0
  wind_opex: 100
  wind_lifetime: 20
  solar_capex: 1000.0
  solar_opex: 10
  solar_lifetime: 20
  carbon_price: 1.0
timeseries_values:
  load_level: 234075.77217045467
  wind_year: 2018
  solar_year: 2014
  price_year: 2023
  carbon_year: 2023
storage_values:
  CAES:
    cost: 42.8884
    lifetime: 28.7386
    annual_cost: 1.492362188833137
    efficiency: 0.595655
    discharge_ratio: 0.1
    depth_of_discharge: 0.4
  Li-ion:
    cost: 176.063
    lifetime: 20.7288
    annual_cost: 8.493641696576743
    efficiency: 0.86615
    discharge_ratio: 2
    depth_of_discharge: 0.9
  Pb-acid:
    cost: 91.4621
    lifetime: 12.7736
    annual_cost: 7.160244566919271
    efficiency: 0.703496
    discharge_ratio: 5
    depth_of_discharge: 0.5
  VRBF:
    cost: 231.289
    lifetime: 15.0167
    annual_cost: 15.402118974208713
    efficiency: 0.741674
    discharge_ratio: 0.5
    depth_of_discharge: 1.0
