cost_values:
  wind_capex: 5000.0
  wind_opex: 100
  wind_lifetime: 20
  solar_capex: 1000.0
  solar_opex: 10
  solar_lifetime: 20
  carbon_price: 1.0
timeseries_values:
  load_level: 234075.77217045467
  wind_year: 2018
  solar_year: 2014
  price_year: 2023
  carbon_year: 2023
storage_values:
  CAES:
    cost: 40.7412
    lifetime: 28.1862
    annual_cost: 1.4454307427038764
    efficiency: 0.582358
    discharge_ratio: 0.1
    depth_of_discharge: 0.4
  Li-ion:
    cost: 178.254
    lifetime: 20.4632
    annual_cost: 8.710954298447945
    efficiency: 0.874807
    discharge_ratio: 2
    depth_of_discharge: 0.9
  Pb-acid:
    cost: 94.3982
    lifetime: 13.3395
    annual_cost: 7.076592076164775
    efficiency: 0.687477
    discharge_ratio: 5
    depth_of_discharge: 0.5
  VRBF:
    cost: 271.224
    lifetime: 15.9469
    annual_cost: 17.007945117859897
    efficiency: 0.760193
    discharge_ratio: 0.5
    depth_of_discharge: 1.0
