cost_values:
  wind_capex: 5000.0
  wind_opex: 100
  wind_lifetime: 20
  solar_capex: 1000.0
  solar_opex: 10
  solar_lifetime: 20
  carbon_price: 1.0
timeseries_values:
  load_level: 234075.77217045467
  wind_year: 2018
  solar_year: 2014
  price_year: 2023
  carbon_year: 2023
storage_values:
  CAES:
    cost: 38.9771
    lifetime: 28.8298
    annual_cost: 1.3519726116726443
    efficiency: 0.585181
    discharge_ratio: 0.1
    depth_of_discharge: 0.4
  Li-ion:
    cost: 170.758
    lifetime: 20.4066
    annual_cost: 8.367782972175668
    efficiency: 0.860241
    discharge_ratio: 2
    depth_of_discharge: 0.9
  Pb-acid:
    cost: 111.215
    lifetime: 14.504
    annual_cost: 7.667884721456151
    efficiency: 0.686721
    discharge_ratio: 5
    depth_of_discharge: 0.5
  VRBF:
    cost: 261.395
    lifetime: 16.8949
    annual_cost: 15.471828776731439
    efficiency: 0.760996
    discharge_ratio: 0.5
    depth_of_discharge: 1.0
