cost_values:
  wind_capex: 5000.0
  wind_opex: 100
  wind_lifetime: 20
  solar_capex: 1000.0
  solar_opex: 10
  solar_lifetime: 20
  carbon_price: 1.0
timeseries_values:
  load_level: 234075.77217045467
  wind_year: 2018
  solar_year: 2014
  price_year: 2023
  carbon_year: 2023
storage_values:
  CAES:
    cost: 46.0448
    lifetime: 28.9311
    annual_cost: 1.5915329869932358
    efficiency: 0.592689
    discharge_ratio: 0.1
    depth_of_discharge: 0.4
  Li-ion:
    cost: 185.057
    lifetime: 21.4731
    annual_cost: 8.618084952801413
    efficiency: 0.867684
    discharge_ratio: 2
    depth_of_discharge: 0.9
  Pb-acid:
    cost: 107.117
    lifetime: 14.1644
    annual_cost: 7.562409985597696
    efficiency: 0.685476
    discharge_ratio: 5
    depth_of_discharge: 0.5
  VRBF:
    cost: 290.167
    lifetime: 17.1168
    annual_cost: 16.952175640306596
    efficiency: 0.761908
    discharge_ratio: 0.5
    depth_of_discharge: 1.0
