cost_values:
  wind_capex: 5000.0
  wind_opex: 100
  wind_lifetime: 20
  solar_capex: 1000.0
  solar_opex: 10
  solar_lifetime: 20
  carbon_price: 1.0
timeseries_values:
  load_level: 234075.77217045467
  wind_year: 2018
  solar_year: 2014
  price_year: 2023
  carbon_year: 2023
storage_values:
  CAES:
    cost: 32.648
    lifetime: 28.5506
    annual_cost: 1.1435136214300226
    efficiency: 0.594369
    discharge_ratio: 0.1
    depth_of_discharge: 0.4
  Li-ion:
    cost: 155.686
    lifetime: 21.4778
    annual_cost: 7.248694000316607
    efficiency: 0.850583
    discharge_ratio: 2
    depth_of_discharge: 0.9
  Pb-acid:
    cost: 98.1344
    lifetime: 13.6097
    annual_cost: 7.210621835896456
    efficiency: 0.700824
    discharge_ratio: 5
    depth_of_discharge: 0.5
  VRBF:
    cost: 281.866
    lifetime: 17.65
    annual_cost: 15.969745042492919
    efficiency: 0.745475
    discharge_ratio: 0.5
    depth_of_discharge: 1.0
