cost_values:
  wind_capex: 5000.0
  wind_opex: 100
  wind_lifetime: 20
  solar_capex: 1000.0
  solar_opex: 10
  solar_lifetime: 20
  carbon_price: 1.0
timeseries_values:
  load_level: 234075.77217045467
  wind_year: 2018
  solar_year: 2014
  price_year: 2023
  carbon_year: 2023
storage_values:
  CAES:
    cost: 35.2046
    lifetime: 28.4584
    annual_cost: 1.2370547887442722
    efficiency: 0.575133
    discharge_ratio: 0.1
    depth_of_discharge: 0.4
  Li-ion:
    cost: 171.572
    lifetime: 20.5951
    annual_cost: 8.330719442974301
    efficiency: 0.86561
    discharge_ratio: 2
    depth_of_discharge: 0.9
  Pb-acid:
    cost: 109.604
    lifetime: 13.654
    annual_cost: 8.027244763439285
    efficiency: 0.686509
    discharge_ratio: 5
    depth_of_discharge: 0.5
  VRBF:
    cost: 260.375
    lifetime: 18.1998
    annual_cost: 14.30647589533951
    efficiency: 0.769862
    discharge_ratio: 0.5
    depth_of_discharge: 1.0
