cost_values:
  wind_capex: 5000.0
  wind_opex: 100
  wind_lifetime: 20
  solar_capex: 1000.0
  solar_opex: 10
  solar_lifetime: 20
  carbon_price: 1.0
timeseries_values:
  load_level: 234075.77217045467
  wind_year: 2018
  solar_year: 2014
  price_year: 2023
  carbon_year: 2023
storage_values:
  CAES:
    cost: 45.4552
    lifetime: 27.827
    annual_cost: 1.6334926510223882
    efficiency: 0.582282
    discharge_ratio: 0.1
    depth_of_discharge: 0.4
  Li-ion:
    cost: 175.397
    lifetime: 19.1239
    annual_cost: 9.171612484901093
    efficiency: 0.852928
    discharge_ratio: 2
    depth_of_discharge: 0.9
  Pb-acid:
    cost: 116.387
    lifetime: 12.4706
    annual_cost: 9.33291100668773
    efficiency: 0.702699
    discharge_ratio: 5
    depth_of_discharge: 0.5
  VRBF:
    cost: 286.273
    lifetime: 16.6865
    annual_cost: 17.155964402361192
    efficiency: 0.767069
    discharge_ratio: 0.5
    depth_of_discharge: 1.0
