cost_values:
  wind_capex: 5000.0
  wind_opex: 100
  wind_lifetime: 20
  solar_capex: 1000.0
  solar_opex: 10
  solar_lifetime: 20
  carbon_price: 1.0
timeseries_values:
  load_level: 234075.77217045467
  wind_year: 2018
  solar_year: 2014
  price_year: 2023
  carbon_year: 2023
storage_values:
  CAES:
    cost: 47.125
    lifetime: 28.3805
    annual_cost: 1.660471098113141
    efficiency: 0.590339
    discharge_ratio: 0.1
    depth_of_discharge: 0.4
  Li-ion:
    cost: 169.777
    lifetime: 19.0553
    annual_cost: 8.909699663610649
    efficiency: 0.861809
    discharge_ratio: 2
    depth_of_discharge: 0.9
  Pb-acid:
    cost: 112.229
    lifetime: 14.1378
    annual_cost: 7.9382223542559665
    efficiency: 0.689625
    discharge_ratio: 5
    depth_of_discharge: 0.5
  VRBF:
    cost: 235.822
    lifetime: 16.4234
    annual_cost: 14.35890254149567
    efficiency: 0.735527
    discharge_ratio: 0.5
    depth_of_discharge: 1.0
