cost_values:
  wind_capex: 5000.0
  wind_opex: 100
  wind_lifetime: 20
  solar_capex: 1000.0
  solar_opex: 10
  solar_lifetime: 20
  carbon_price: 1.0
timeseries_values:
  load_level: 234075.77217045467
  wind_year: 2018
  solar_year: 2014
  price_year: 2023
  carbon_year: 2023
storage_values:
  CAES:
    cost: 39.0701
    lifetime: 28.5566
    annual_cost: 1.368163576896409
    efficiency: 0.581997
    discharge_ratio: 0.1
    depth_of_discharge: 0.4
  Li-ion:
    cost: 178.787
    lifetime: 19.0205
    annual_cost: 9.39970032333535
    efficiency: 0.86508
    discharge_ratio: 2
    depth_of_discharge: 0.9
  Pb-acid:
    cost: 100.635
    lifetime: 12.2838
    annual_cost: 8.19249743564695
    efficiency: 0.696111
    discharge_ratio: 5
    depth_of_discharge: 0.5
  VRBF:
    cost: 285.786
    lifetime: 16.4951
    annual_cost: 17.325508787458094
    efficiency: 0.773679
    discharge_ratio: 0.5
    depth_of_discharge: 1.0
