cost_values:
  wind_capex: 5000.0
  wind_opex: 100
  wind_lifetime: 20
  solar_capex: 1000.0
  solar_opex: 10
  solar_lifetime: 20
  carbon_price: 1.0
timeseries_values:
  load_level: 234075.77217045467
  wind_year: 2018
  solar_year: 2014
  price_year: 2023
  carbon_year: 2023
storage_values:
  CAES:
    cost: 47.5212
    lifetime: 29.3288
    annual_cost: 1.6202913177491067
    efficiency: 0.587131
    discharge_ratio: 0.1
    depth_of_discharge: 0.4
  Li-ion:
    cost: 166.173
    lifetime: 20.6939
    annual_cost: 8.030047501920857
    efficiency: 0.851316
    discharge_ratio: 2
    depth_of_discharge: 0.9
  Pb-acid:
    cost: 131.057
    lifetime: 13.215
    annual_cost: 9.917290957245553
    efficiency: 0.696692
    discharge_ratio: 5
    depth_of_discharge: 0.5
  VRBF:
    cost: 255.233
    lifetime: 15.355
    annual_cost: 16.622142624552264
    efficiency: 0.741479
    discharge_ratio: 0.5
    depth_of_discharge: 1.0
