cost_values:
  wind_capex: 5000.0
  wind_opex: 100
  wind_lifetime: 20
  solar_capex: 1000.0
  solar_opex: 10
  solar_lifetime: 20
  carbon_price: 1.0
timeseries_values:
  load_level: 234075.77217045467
  wind_year: 2018
  solar_year: 2014
  price_year: 2023
  carbon_year: 2023
storage_values:
  CAES:
    cost: 41.0418
    lifetime: 28.7288
    annual_cost: 1.4285943025813819
    efficiency: 0.589746
    discharge_ratio: 0.1
    depth_of_discharge: 0.4
  Li-ion:
    cost: 174.952
    lifetime: 20.4619
    annual_cost: 8.550134640478158
    efficiency: 0.855485
    discharge_ratio: 2
    depth_of_discharge: 0.9
  Pb-acid:
    cost: 95.448
    lifetime: 13.0495
    annual_cost: 7.314303230008812
    efficiency: 0.679064
    discharge_ratio: 5
    depth_of_discharge: 0.5
  VRBF:
    cost: 226.053
    lifetime: 17.8382
    annual_cost: 12.6724108934758
    efficiency: 0.746114
    discharge_ratio: 0.5
    depth_of_discharge: 1.0
