cost_values:
  wind_capex: 5000.0
  wind_opex: 100
  wind_lifetime: 20
  solar_capex: 1000.0
  solar_opex: 10
  solar_lifetime: 20
  carbon_price: 1.0
timeseries_values:
  load_level: 234075.77217045467
  wind_year: 2018
  solar_year: 2014
  price_year: 2023
  carbon_year: 2023
storage_values:
  CAES:
    cost: 41.4742
    lifetime: 28.9826
    annual_cost: 1.4310034296439933
    efficiency: 0.579609
    discharge_ratio: 0.1
    depth_of_discharge: 0.4
  Li-ion:
    cost: 180.477
    lifetime: 21.8117
    annual_cost: 8.274320662763564
    efficiency: 0.85545
    discharge_ratio: 2
    depth_of_discharge: 0.9
  Pb-acid:
    cost: 128.501
    lifetime: 12.4494
    annual_cost: 10.321862901023342
    efficiency: 0.696552
    discharge_ratio: 5
    depth_of_discharge: 0.5
  VRBF:
    cost: 259.066
    lifetime: 19.4815
    annual_cost: 13.29805199804943
    efficiency: 0.762818
    discharge_ratio: 0.5
    depth_of_discharge: 1.0
