cost_values:
  wind_capex: 5000.0
  wind_opex: 100
  wind_lifetime: 20
  solar_capex: 1000.0
  solar_opex: 10
  solar_lifetime: 20
  carbon_price: 1.0
timeseries_values:
  load_level: 234075.77217045467
  wind_year: 2018
  solar_year: 2014
  price_year: 2023
  carbon_year: 2023
storage_values:
  CAES:
    cost: 31.9013
    lifetime: 28.5427
    annual_cost: 1.1176693164977385
    efficiency: 0.587495
    discharge_ratio: 0.1
    depth_of_discharge: 0.4
  Li-ion:
    cost: 140.738
    lifetime: 19.1705
    annual_cost: 7.341383897133617
    efficiency: 0.85657
    discharge_ratio: 2
    depth_of_discharge: 0.9
  Pb-acid:
    cost: 97.0167
    lifetime: 13.3155
    annual_cost: 7.285997521685254
    efficiency: 0.705444
    discharge_ratio: 5
    depth_of_discharge: 0.5
  VRBF:
    cost: 284.044
    lifetime: 16.3626
    annual_cost: 17.35934386955618
    efficiency: 0.764434
    discharge_ratio: 0.5
    depth_of_discharge: 1.0
