cost_values:
  wind_capex: 5000.0
  wind_opex: 100
  wind_lifetime: 20
  solar_capex: 1000.0
  solar_opex: 10
  solar_lifetime: 20
  carbon_price: 1.0
timeseries_values:
  load_level: 234075.77217045467
  wind_year: 2018
  solar_year: 2014
  price_year: 2023
  carbon_year: 2023
storage_values:
  CAES:
    cost: 47.5662
    lifetime: 27.92
    annual_cost: 1.703660458452722
    efficiency: 0.593284
    discharge_ratio: 0.1
    depth_of_discharge: 0.4
  Li-ion:
    cost: 163.265
    lifetime: 20.3462
    annual_cost: 8.02434852699767
    efficiency: 0.854582
    discharge_ratio: 2
    depth_of_discharge: 0.9
  Pb-acid:
    cost: 123.488
    lifetime: 14.2027
    annual_cost: 8.694684813450964
    efficiency: 0.690615
    discharge_ratio: 5
    depth_of_discharge: 0.5
  VRBF:
    cost: 286.099
    lifetime: 16.3151
    annual_cost: 17.53584103070162
    efficiency: 0.752693
    discharge_ratio: 0.5
    depth_of_discharge: 1.0
