cost_values:
  wind_capex: 5000.0
  wind_opex: 100
  wind_lifetime: 20
  solar_capex: 1000.0
  solar_opex: 10
  solar_lifetime: 20
  carbon_price: 1.0
timeseries_values:
  load_level: 234075.77217045467
  wind_year: 2018
  solar_year: 2014
  price_year: 2023
  carbon_year: 2023
storage_values:
  CAES:
    cost: 38.5411
    lifetime: 29.2035
    annual_cost: 1.319742496618556
    efficiency: 0.57117
    discharge_ratio: 0.1
    depth_of_discharge: 0.4
  Li-ion:
    cost: 187.754
    lifetime: 20.5718
    annual_cost: 9.126765766729212
    efficiency: 0.857998
    discharge_ratio: 2
    depth_of_discharge: 0.9
  Pb-acid:
    cost: 117.255
    lifetime: 14.499
    annual_cost: 8.087109455824539
    efficiency: 0.687062
    discharge_ratio: 5
    depth_of_discharge: 0.5
  VRBF:
    cost: 284.746
    lifetime: 16.9639
    annual_cost: 16.785409015615514
    efficiency: 0.7498
    discharge_ratio: 0.5
    depth_of_discharge: 1.0
