cost_values:
  wind_capex: 5000.0
  wind_opex: 100
  wind_lifetime: 20
  solar_capex: 1000.0
  solar_opex: 10
  solar_lifetime: 20
  carbon_price: 1.0
timeseries_values:
  load_level: 234075.77217045467
  wind_year: 2018
  solar_year: 2014
  price_year: 2023
  carbon_year: 2023
storage_values:
  CAES:
    cost: 40.5942
    lifetime: 28.6733
    annual_cost: 1.415749146418445
    efficiency: 0.59153
    discharge_ratio: 0.1
    depth_of_discharge: 0.4
  Li-ion:
    cost: 155.813
    lifetime: 22.4446
    annual_cost: 6.942115252666564
    efficiency: 0.865679
    discharge_ratio: 2
    depth_of_discharge: 0.9
  Pb-acid:
    cost: 128.498
    lifetime: 13.4426
    annual_cost: 9.55901388124321
    efficiency: 0.701223
    discharge_ratio: 5
    depth_of_discharge: 0.5
  VRBF:
    cost: 274.038
    lifetime: 16.3947
    annual_cost: 16.715035956742117
    efficiency: 0.760741
    discharge_ratio: 0.5
    depth_of_discharge: 1.0
