cost_values:
  wind_capex: 5000.0
  wind_opex: 100
  wind_lifetime: 20
  solar_capex: 1000.0
  solar_opex: 10
  solar_lifetime: 20
  carbon_price: 1.0
timeseries_values:
  load_level: 234075.77217045467
  wind_year: 2018
  solar_year: 2014
  price_year: 2023
  carbon_year: 2023
storage_values:
  CAES:
    cost: 40.1821
    lifetime: 28.8142
    annual_cost: 1.3945242276377618
    efficiency: 0.587075
    discharge_ratio: 0.1
    depth_of_discharge: 0.4
  Li-ion:
    cost: 164.122
    lifetime: 21.1072
    annual_cost: 7.775640539721044
    efficiency: 0.85903
    discharge_ratio: 2
    depth_of_discharge: 0.9
  Pb-acid:
    cost: 112.279
    lifetime: 13.7974
    annual_cost: 8.137692608752374
    efficiency: 0.705197
    discharge_ratio: 5
    depth_of_discharge: 0.5
  VRBF:
    cost: 280.102
    lifetime: 17.7982
    annual_cost: 15.737658864379542
    efficiency: 0.742621
    discharge_ratio: 0.5
    depth_of_discharge: 1.0
