cost_values:
  wind_capex: 5000.0
  wind_opex: 100
  wind_lifetime: 20
  solar_capex: 1000.0
  solar_opex: 10
  solar_lifetime: 20
  carbon_price: 1.0
timeseries_values:
  load_level: 234075.77217045467
  wind_year: 2018
  solar_year: 2014
  price_year: 2023
  carbon_year: 2023
storage_values:
  CAES:
    cost: 44.8936
    lifetime: 29.0129
    annual_cost: 1.547366860948061
    efficiency: 0.581769
    discharge_ratio: 0.1
    depth_of_discharge: 0.4
  Li-ion:
    cost: 156.523
    lifetime: 20.5157
    annual_cost: 7.629425269427804
    efficiency: 0.854072
    discharge_ratio: 2
    depth_of_discharge: 0.9
  Pb-acid:
    cost: 105.67
    lifetime: 13.8576
    annual_cost: 7.6254185428934305
    efficiency: 0.686562
    discharge_ratio: 5
    depth_of_discharge: 0.5
  VRBF:
    cost: 277.979
    lifetime: 16.4379
    annual_cost: 16.91085844298846
    efficiency: 0.767092
    discharge_ratio: 0.5
    depth_of_discharge: 1.0
