cost_values:
  wind_capex: 5000.0
  wind_opex: 100
  wind_lifetime: 20
  solar_capex: 1000.0
  solar_opex: 10
  solar_lifetime: 20
  carbon_price: 1.0
timeseries_values:
  load_level: 234075.77217045467
  wind_year: 2018
  solar_year: 2014
  price_year: 2023
  carbon_year: 2023
storage_values:
  CAES:
    cost: 50.0983
    lifetime: 29.2256
    annual_cost: 1.7141923519106537
    efficiency: 0.598305
    discharge_ratio: 0.1
    depth_of_discharge: 0.4
  Li-ion:
    cost: 166.609
    lifetime: 20.8996
    annual_cost: 7.971875059809758
    efficiency: 0.858152
    discharge_ratio: 2
    depth_of_discharge: 0.9
  Pb-acid:
    cost: 106.266
    lifetime: 12.8159
    annual_cost: 8.291731364945107
    efficiency: 0.687537
    discharge_ratio: 5
    depth_of_discharge: 0.5
  VRBF:
    cost: 247.006
    lifetime: 14.6925
    annual_cost: 16.81170665305428
    efficiency: 0.75422
    discharge_ratio: 0.5
    depth_of_discharge: 1.0
