cost_values:
  wind_capex: 5000.0
  wind_opex: 100
  wind_lifetime: 20
  solar_capex: 1000.0
  solar_opex: 10
  solar_lifetime: 20
  carbon_price: 1.0
timeseries_values:
  load_level: 234075.77217045467
  wind_year: 2018
  solar_year: 2014
  price_year: 2023
  carbon_year: 2023
storage_values:
  CAES:
    cost: 37.7363
    lifetime: 28.83
    annual_cost: 1.3089247311827958
    efficiency: 0.598958
    discharge_ratio: 0.1
    depth_of_discharge: 0.4
  Li-ion:
    cost: 184.177
    lifetime: 20.1993
    annual_cost: 9.117989237250795
    efficiency: 0.859332
    discharge_ratio: 2
    depth_of_discharge: 0.9
  Pb-acid:
    cost: 126.131
    lifetime: 14.4497
    annual_cost: 8.728970151629445
    efficiency: 0.70256
    discharge_ratio: 5
    depth_of_discharge: 0.5
  VRBF:
    cost: 276.482
    lifetime: 15.3582
    annual_cost: 18.002239845815268
    efficiency: 0.741542
    discharge_ratio: 0.5
    depth_of_discharge: 1.0
