cost_values:
  wind_capex: 5000.0
  wind_opex: 100
  wind_lifetime: 20
  solar_capex: 1000.0
  solar_opex: 10
  solar_lifetime: 20
  carbon_price: 1.0
timeseries_values:
  load_level: 234075.77217045467
  wind_year: 2018
  solar_year: 2014
  price_year: 2023
  carbon_year: 2023
storage_values:
  CAES:
    cost: 38.8108
    lifetime: 28.6259
    annual_cost: 1.3557931803017547
    efficiency: 0.588862
    discharge_ratio: 0.1
    depth_of_discharge: 0.4
  Li-ion:
    cost: 160.404
    lifetime: 20.4451
    annual_cost: 7.8455962553374645
    efficiency: 0.862098
    discharge_ratio: 2
    depth_of_discharge: 0.9
  Pb-acid:
    cost: 113.996
    lifetime: 14.5077
    annual_cost: 7.857620436044307
    efficiency: 0.697493
    discharge_ratio: 5
    depth_of_discharge: 0.5
  VRBF:
    cost: 313.948
    lifetime: 14.4432
    annual_cost: 21.736734241719287
    efficiency: 0.759405
    discharge_ratio: 0.5
    depth_of_discharge: 1.0
