cost_values:
  wind_capex: 5000.0
  wind_opex: 100
  wind_lifetime: 20
  solar_capex: 1000.0
  solar_opex: 10
  solar_lifetime: 20
  carbon_price: 1.0
timeseries_values:
  load_level: 234075.77217045467
  wind_year: 2018
  solar_year: 2014
  price_year: 2023
  carbon_year: 2023
storage_values:
  CAES:
    cost: 34.9775
    lifetime: 28.0457
    annual_cost: 1.247160883843156
    efficiency: 0.583892
    discharge_ratio: 0.1
    depth_of_discharge: 0.4
  Li-ion:
    cost: 172.717
    lifetime: 20.2403
    annual_cost: 8.533322134553341
    efficiency: 0.857759
    discharge_ratio: 2
    depth_of_discharge: 0.9
  Pb-acid:
    cost: 107.478
    lifetime: 13.4212
    annual_cost: 8.008076774058951
    efficiency: 0.699542
    discharge_ratio: 5
    depth_of_discharge: 0.5
  VRBF:
    cost: 251.977
    lifetime: 15.9409
    annual_cost: 15.806949419417975
    efficiency: 0.754134
    discharge_ratio: 0.5
    depth_of_discharge: 1.0
