cost_values:
  wind_capex: 5000.0
  wind_opex: 100
  wind_lifetime: 20
  solar_capex: 1000.0
  solar_opex: 10
  solar_lifetime: 20
  carbon_price: 1.0
timeseries_values:
  load_level: 234075.77217045467
  wind_year: 2018
  solar_year: 2014
  price_year: 2023
  carbon_year: 2023
storage_values:
  CAES:
    cost: 38.6379
    lifetime: 28.2728
    annual_cost: 1.3666103109702612
    efficiency: 0.595448
    discharge_ratio: 0.1
    depth_of_discharge: 0.4
  Li-ion:
    cost: 152.314
    lifetime: 21.6666
    annual_cost: 7.029898553534011
    efficiency: 0.854269
    discharge_ratio: 2
    depth_of_discharge: 0.9
  Pb-acid:
    cost: 127.401
    lifetime: 12.8281
    annual_cost: 9.93140059712662
    efficiency: 0.686169
    discharge_ratio: 5
    depth_of_discharge: 0.5
  VRBF:
    cost: 288.757
    lifetime: 17.5332
    annual_cost: 16.469155658978394
    efficiency: 0.757788
    discharge_ratio: 0.5
    depth_of_discharge: 1.0
