cost_values:
  wind_capex: 5000.0
  wind_opex: 100
  wind_lifetime: 20
  solar_capex: 1000.0
  solar_opex: 10
  solar_lifetime: 20
  carbon_price: 1.0
timeseries_values:
  load_level: 234075.77217045467
  wind_year: 2018
  solar_year: 2014
  price_year: 2023
  carbon_year: 2023
storage_values:
  CAES:
    cost: 40.0073
    lifetime: 27.5202
    annual_cost: 1.4537430687276982
    efficiency: 0.581221
    discharge_ratio: 0.1
    depth_of_discharge: 0.4
  Li-ion:
    cost: 175.514
    lifetime: 22.0409
    annual_cost: 7.963104954879338
    efficiency: 0.858236
    discharge_ratio: 2
    depth_of_discharge: 0.9
  Pb-acid:
    cost: 112.901
    lifetime: 11.722
    annual_cost: 9.631547517488483
    efficiency: 0.708231
    discharge_ratio: 5
    depth_of_discharge: 0.5
  VRBF:
    cost: 251.045
    lifetime: 16.5191
    annual_cost: 15.19725650913185
    efficiency: 0.761596
    discharge_ratio: 0.5
    depth_of_discharge: 1.0
