cost_values:
  wind_capex: 5000.0
  wind_opex: 100
  wind_lifetime: 20
  solar_capex: 1000.0
  solar_opex: 10
  solar_lifetime: 20
  carbon_price: 1.0
timeseries_values:
  load_level: 234075.77217045467
  wind_year: 2018
  solar_year: 2014
  price_year: 2023
  carbon_year: 2023
storage_values:
  CAES:
    cost: 41.2059
    lifetime: 29.5725
    annual_cost: 1.3933857468932285
    efficiency: 0.582157
    discharge_ratio: 0.1
    depth_of_discharge: 0.4
  Li-ion:
    cost: 150.583
    lifetime: 22.5476
    annual_cost: 6.678449147581118
    efficiency: 0.861136
    discharge_ratio: 2
    depth_of_discharge: 0.9
  Pb-acid:
    cost: 122.025
    lifetime: 13.3676
    annual_cost: 9.12841497351806
    efficiency: 0.695495
    discharge_ratio: 5
    depth_of_discharge: 0.5
  VRBF:
    cost: 296.506
    lifetime: 14.1832
    annual_cost: 20.905437418918154
    efficiency: 0.761891
    discharge_ratio: 0.5
    depth_of_discharge: 1.0
