cost_values:
  wind_capex: 5000.0
  wind_opex: 100
  wind_lifetime: 20
  solar_capex: 1000.0
  solar_opex: 10
  solar_lifetime: 20
  carbon_price: 1.0
timeseries_values:
  load_level: 234075.77217045467
  wind_year: 2018
  solar_year: 2014
  price_year: 2023
  carbon_year: 2023
storage_values:
  CAES:
    cost: 41.5692
    lifetime: 28.2233
    annual_cost: 1.472868162121368
    efficiency: 0.59437
    discharge_ratio: 0.1
    depth_of_discharge: 0.4
  Li-ion:
    cost: 171.07
    lifetime: 20.9488
    annual_cost: 8.166100206217063
    efficiency: 0.856775
    discharge_ratio: 2
    depth_of_discharge: 0.9
  Pb-acid:
    cost: 102.469
    lifetime: 13.4105
    annual_cost: 7.6409529846016175
    efficiency: 0.691239
    discharge_ratio: 5
    depth_of_discharge: 0.5
  VRBF:
    cost: 258.963
    lifetime: 15.9137
    annual_cost: 16.272959776796096
    efficiency: 0.753995
    discharge_ratio: 0.5
    depth_of_discharge: 1.0
