cost_values:
  wind_capex: 5000.0
  wind_opex: 100
  wind_lifetime: 20
  solar_capex: 1000.0
  solar_opex: 10
  solar_lifetime: 20
  carbon_price: 1.0
timeseries_values:
  load_level: 234075.77217045467
  wind_year: 2018
  solar_year: 2014
  price_year: 2023
  carbon_year: 2023
storage_values:
  CAES:
    cost: 40.4049
    lifetime: 28.3856
    annual_cost: 1.423429485372865
    efficiency: 0.58152
    discharge_ratio: 0.1
    depth_of_discharge: 0.4
  Li-ion:
    cost: 180.159
    lifetime: 23.0386
    annual_cost: 7.81987620775568
    efficiency: 0.864106
    discharge_ratio: 2
    depth_of_discharge: 0.9
  Pb-acid:
    cost: 113.728
    lifetime: 13.6792
    annual_cost: 8.313936487513889
    efficiency: 0.711324
    discharge_ratio: 5
    depth_of_discharge: 0.5
  VRBF:
    cost: 241.954
    lifetime: 18.9126
    annual_cost: 12.793270095068895
    efficiency: 0.761335
    discharge_ratio: 0.5
    depth_of_discharge: 1.0
