cost_values:
  wind_capex: 5000.0
  wind_opex: 100
  wind_lifetime: 20
  solar_capex: 1000.0
  solar_opex: 10
  solar_lifetime: 20
  carbon_price: 1.0
timeseries_values:
  load_level: 234075.77217045467
  wind_year: 2018
  solar_year: 2014
  price_year: 2023
  carbon_year: 2023
storage_values:
  CAES:
    cost: 45.848
    lifetime: 28.0025
    annual_cost: 1.6372823855012943
    efficiency: 0.587809
    discharge_ratio: 0.1
    depth_of_discharge: 0.4
  Li-ion:
    cost: 151.467
    lifetime: 19.4061
    annual_cost: 7.805123131386524
    efficiency: 0.861769
    discharge_ratio: 2
    depth_of_discharge: 0.9
  Pb-acid:
    cost: 97.0535
    lifetime: 12.44
    annual_cost: 7.801728295819936
    efficiency: 0.674055
    discharge_ratio: 5
    depth_of_discharge: 0.5
  VRBF:
    cost: 257.684
    lifetime: 17.8653
    annual_cost: 14.423715246875227
    efficiency: 0.747211
    discharge_ratio: 0.5
    depth_of_discharge: 1.0
