cost_values:
  wind_capex: 5000.0
  wind_opex: 100
  wind_lifetime: 20
  solar_capex: 1000.0
  solar_opex: 10
  solar_lifetime: 20
  carbon_price: 1.0
timeseries_values:
  load_level: 234075.77217045467
  wind_year: 2018
  solar_year: 2014
  price_year: 2023
  carbon_year: 2023
storage_values:
  CAES:
    cost: 51.7631
    lifetime: 28.0745
    annual_cost: 1.8437763807013483
    efficiency: 0.588026
    discharge_ratio: 0.1
    depth_of_discharge: 0.4
  Li-ion:
    cost: 158.554
    lifetime: 21.2181
    annual_cost: 7.472582370711798
    efficiency: 0.858373
    discharge_ratio: 2
    depth_of_discharge: 0.9
  Pb-acid:
    cost: 103.156
    lifetime: 14.2315
    annual_cost: 7.248427783438148
    efficiency: 0.689674
    discharge_ratio: 5
    depth_of_discharge: 0.5
  VRBF:
    cost: 302.969
    lifetime: 16.9751
    annual_cost: 17.847847729910278
    efficiency: 0.75443
    discharge_ratio: 0.5
    depth_of_discharge: 1.0
