cost_values:
  wind_capex: 5000.0
  wind_opex: 100
  wind_lifetime: 20
  solar_capex: 1000.0
  solar_opex: 10
  solar_lifetime: 20
  carbon_price: 1.0
timeseries_values:
  load_level: 234075.77217045467
  wind_year: 2018
  solar_year: 2014
  price_year: 2023
  carbon_year: 2023
storage_values:
  CAES:
    cost: 44.6682
    lifetime: 28.9853
    annual_cost: 1.541063918607018
    efficiency: 0.596518
    discharge_ratio: 0.1
    depth_of_discharge: 0.4
  Li-ion:
    cost: 172.911
    lifetime: 22.8437
    annual_cost: 7.569307949237646
    efficiency: 0.859336
    discharge_ratio: 2
    depth_of_discharge: 0.9
  Pb-acid:
    cost: 121.325
    lifetime: 13.2458
    annual_cost: 9.159507164535174
    efficiency: 0.708377
    discharge_ratio: 5
    depth_of_discharge: 0.5
  VRBF:
    cost: 286.511
    lifetime: 15.4718
    annual_cost: 18.51827195284324
    efficiency: 0.753993
    discharge_ratio: 0.5
    depth_of_discharge: 1.0
