cost_values:
  wind_capex: 5000.0
  wind_opex: 100
  wind_lifetime: 20
  solar_capex: 1000.0
  solar_opex: 10
  solar_lifetime: 20
  carbon_price: 1.0
timeseries_values:
  load_level: 273741.498817583
  wind_year: 2011
  solar_year: 2014
  price_year: 2023
  carbon_year: 2023
storage_values:
  CAES:
    cost: 48.1385
    lifetime: 28.3541
    annual_cost: 1.6977615230248888
    efficiency: 0.599661
    discharge_ratio: 0.1
    depth_of_discharge: 0.4
  Li-ion:
    cost: 161.891
    lifetime: 16.1215
    annual_cost: 10.041931582048816
    efficiency: 0.885191
    discharge_ratio: 2
    depth_of_discharge: 0.9
  Pb-acid:
    cost: 70.0355
    lifetime: 13.5708
    annual_cost: 5.160749550505497
    efficiency: 0.695223
    discharge_ratio: 5
    depth_of_discharge: 0.5
  VRBF:
    cost: 229.459
    lifetime: 13.1978
    annual_cost: 17.386155268302293
    efficiency: 0.722283
    discharge_ratio: 0.5
    depth_of_discharge: 1.0
