cost_values:
  wind_capex: 5000.0
  wind_opex: 100
  wind_lifetime: 20
  solar_capex: 1000.0
  solar_opex: 10
  solar_lifetime: 20
  carbon_price: 1.0
timeseries_values:
  load_level: 273741.498817583
  wind_year: 2011
  solar_year: 2014
  price_year: 2023
  carbon_year: 2023
storage_values:
  CAES:
    cost: 51.071
    lifetime: 29.1374
    annual_cost: 1.752764488252212
    efficiency: 0.604613
    discharge_ratio: 0.1
    depth_of_discharge: 0.4
  Li-ion:
    cost: 151.761
    lifetime: 16.7184
    annual_cost: 9.077483491243182
    efficiency: 0.892886
    discharge_ratio: 2
    depth_of_discharge: 0.9
  Pb-acid:
    cost: 67.4895
    lifetime: 11.7925
    annual_cost: 5.72308670765317
    efficiency: 0.687039
    discharge_ratio: 5
    depth_of_discharge: 0.5
  VRBF:
    cost: 186.122
    lifetime: 14.4298
    annual_cost: 12.898446270911586
    efficiency: 0.721146
    discharge_ratio: 0.5
    depth_of_discharge: 1.0
