cost_values:
  wind_capex: 5000.0
  wind_opex: 100
  wind_lifetime: 20
  solar_capex: 1000.0
  solar_opex: 10
  solar_lifetime: 20
  carbon_price: 1.0
timeseries_values:
  load_level: 273741.498817583
  wind_year: 2011
  solar_year: 2014
  price_year: 2023
  carbon_year: 2023
storage_values:
  CAES:
    cost: 58.1496
    lifetime: 29.9703
    annual_cost: 1.9402408384300456
    efficiency: 0.614216
    discharge_ratio: 0.1
    depth_of_discharge: 0.4
  Li-ion:
    cost: 181.666
    lifetime: 16.7237
    annual_cost: 10.86278754103458
    efficiency: 0.871243
    discharge_ratio: 2
    depth_of_discharge: 0.9
  Pb-acid:
    cost: 94.8789
    lifetime: 13.1446
    annual_cost: 7.218089557689089
    efficiency: 0.717227
    discharge_ratio: 5
    depth_of_discharge: 0.5
  VRBF:
    cost: 186.068
    lifetime: 10.9873
    annual_cost: 16.93482475221392
    efficiency: 0.716079
    discharge_ratio: 0.5
    depth_of_discharge: 1.0
