cost_values:
  wind_capex: 5000.0
  wind_opex: 100
  wind_lifetime: 20
  solar_capex: 1000.0
  solar_opex: 10
  solar_lifetime: 20
  carbon_price: 1.0
timeseries_values:
  load_level: 273741.498817583
  wind_year: 2011
  solar_year: 2014
  price_year: 2023
  carbon_year: 2023
storage_values:
  CAES:
    cost: 51.9895
    lifetime: 29.3782
    annual_cost: 1.7696625388893805
    efficiency: 0.608844
    discharge_ratio: 0.1
    depth_of_discharge: 0.4
  Li-ion:
    cost: 191.965
    lifetime: 14.8486
    annual_cost: 12.928154842880812
    efficiency: 0.890043
    discharge_ratio: 2
    depth_of_discharge: 0.9
  Pb-acid:
    cost: 90.7711
    lifetime: 12.7163
    annual_cost: 7.138169121521197
    efficiency: 0.703692
    discharge_ratio: 5
    depth_of_discharge: 0.5
  VRBF:
    cost: 207.712
    lifetime: 13.2461
    annual_cost: 15.680992896022225
    efficiency: 0.728287
    discharge_ratio: 0.5
    depth_of_discharge: 1.0
