cost_values:
  wind_capex: 5000.0
  wind_opex: 100
  wind_lifetime: 20
  solar_capex: 1000.0
  solar_opex: 10
  solar_lifetime: 20
  carbon_price: 1.0
timeseries_values:
  load_level: 273741.498817583
  wind_year: 2011
  solar_year: 2014
  price_year: 2023
  carbon_year: 2023
storage_values:
  CAES:
    cost: 51.4536
    lifetime: 29.786
    annual_cost: 1.7274424226146512
    efficiency: 0.602789
    discharge_ratio: 0.1
    depth_of_discharge: 0.4
  Li-ion:
    cost: 175.813
    lifetime: 16.5841
    annual_cost: 10.601298834425744
    efficiency: 0.876036
    discharge_ratio: 2
    depth_of_discharge: 0.9
  Pb-acid:
    cost: 57.0037
    lifetime: 13.0225
    annual_cost: 4.377323862545594
    efficiency: 0.706653
    discharge_ratio: 5
    depth_of_discharge: 0.5
  VRBF:
    cost: 197.816
    lifetime: 12.1213
    annual_cost: 16.319701682162805
    efficiency: 0.715601
    discharge_ratio: 0.5
    depth_of_discharge: 1.0
