cost_values:
  wind_capex: 5000.0
  wind_opex: 100
  wind_lifetime: 20
  solar_capex: 1000.0
  solar_opex: 10
  solar_lifetime: 20
  carbon_price: 1.0
timeseries_values:
  load_level: 273741.498817583
  wind_year: 2011
  solar_year: 2014
  price_year: 2023
  carbon_year: 2023
storage_values:
  CAES:
    cost: 51.5573
    lifetime: 29.2408
    annual_cost: 1.7631973133430001
    efficiency: 0.60482
    discharge_ratio: 0.1
    depth_of_discharge: 0.4
  Li-ion:
    cost: 167.567
    lifetime: 16.6127
    annual_cost: 10.086680672015987
    efficiency: 0.886062
    discharge_ratio: 2
    depth_of_discharge: 0.9
  Pb-acid:
    cost: 79.6525
    lifetime: 11.0188
    annual_cost: 7.228781718517443
    efficiency: 0.689701
    discharge_ratio: 5
    depth_of_discharge: 0.5
  VRBF:
    cost: 195.701
    lifetime: 10.9129
    annual_cost: 17.932996728642248
    efficiency: 0.729983
    discharge_ratio: 0.5
    depth_of_discharge: 1.0
