cost_values:
  wind_capex: 5000.0
  wind_opex: 100
  wind_lifetime: 20
  solar_capex: 1000.0
  solar_opex: 10
  solar_lifetime: 20
  carbon_price: 1.0
timeseries_values:
  load_level: 273741.498817583
  wind_year: 2011
  solar_year: 2014
  price_year: 2023
  carbon_year: 2023
storage_values:
  CAES:
    cost: 55.902
    lifetime: 29.4287
    annual_cost: 1.8995742251611523
    efficiency: 0.603094
    discharge_ratio: 0.1
    depth_of_discharge: 0.4
  Li-ion:
    cost: 159.752
    lifetime: 16.2932
    annual_cost: 9.804826553408786
    efficiency: 0.868856
    discharge_ratio: 2
    depth_of_discharge: 0.9
  Pb-acid:
    cost: 58.9732
    lifetime: 11.1377
    annual_cost: 5.2949172629896655
    efficiency: 0.706074
    discharge_ratio: 5
    depth_of_discharge: 0.5
  VRBF:
    cost: 244.574
    lifetime: 13.7004
    annual_cost: 17.85159557385186
    efficiency: 0.719979
    discharge_ratio: 0.5
    depth_of_discharge: 1.0
