cost_values:
  wind_capex: 5000.0
  wind_opex: 100
  wind_lifetime: 20
  solar_capex: 1000.0
  solar_opex: 10
  solar_lifetime: 20
  carbon_price: 1.0
timeseries_values:
  load_level: 273741.498817583
  wind_year: 2011
  solar_year: 2014
  price_year: 2023
  carbon_year: 2023
storage_values:
  CAES:
    cost: 58.7194
    lifetime: 28.5514
    annual_cost: 2.056620691104464
    efficiency: 0.611126
    discharge_ratio: 0.1
    depth_of_discharge: 0.4
  Li-ion:
    cost: 179.898
    lifetime: 15.0198
    annual_cost: 11.977389845404065
    efficiency: 0.868493
    discharge_ratio: 2
    depth_of_discharge: 0.9
  Pb-acid:
    cost: 78.0727
    lifetime: 12.4772
    annual_cost: 6.257229186035328
    efficiency: 0.702241
    discharge_ratio: 5
    depth_of_discharge: 0.5
  VRBF:
    cost: 208.831
    lifetime: 14.5973
    annual_cost: 14.30613880649161
    efficiency: 0.709049
    discharge_ratio: 0.5
    depth_of_discharge: 1.0
