cost_values:
  wind_capex: 5000.0
  wind_opex: 100
  wind_lifetime: 20
  solar_capex: 1000.0
  solar_opex: 10
  solar_lifetime: 20
  carbon_price: 1.0
timeseries_values:
  load_level: 273741.498817583
  wind_year: 2011
  solar_year: 2014
  price_year: 2023
  carbon_year: 2023
storage_values:
  CAES:
    cost: 46.7237
    lifetime: 28.7034
    annual_cost: 1.6278106426416383
    efficiency: 0.601434
    discharge_ratio: 0.1
    depth_of_discharge: 0.4
  Li-ion:
    cost: 169.823
    lifetime: 16.7346
    annual_cost: 10.148016683996032
    efficiency: 0.875186
    discharge_ratio: 2
    depth_of_discharge: 0.9
  Pb-acid:
    cost: 76.9406
    lifetime: 11.2373
    annual_cost: 6.846893826808931
    efficiency: 0.702944
    discharge_ratio: 5
    depth_of_discharge: 0.5
  VRBF:
    cost: 211.767
    lifetime: 14.3167
    annual_cost: 14.791607004407439
    efficiency: 0.701115
    discharge_ratio: 0.5
    depth_of_discharge: 1.0
