cost_values:
  wind_capex: 5000.0
  wind_opex: 100
  wind_lifetime: 20
  solar_capex: 1000.0
  solar_opex: 10
  solar_lifetime: 20
  carbon_price: 1.0
timeseries_values:
  load_level: 273741.498817583
  wind_year: 2011
  solar_year: 2014
  price_year: 2023
  carbon_year: 2023
storage_values:
  CAES:
    cost: 48.1272
    lifetime: 28.835
    annual_cost: 1.6690549679209294
    efficiency: 0.615171
    discharge_ratio: 0.1
    depth_of_discharge: 0.4
  Li-ion:
    cost: 156.103
    lifetime: 17.6316
    annual_cost: 8.853592413621
    efficiency: 0.888894
    discharge_ratio: 2
    depth_of_discharge: 0.9
  Pb-acid:
    cost: 100.513
    lifetime: 11.5421
    annual_cost: 8.708380623976574
    efficiency: 0.701743
    discharge_ratio: 5
    depth_of_discharge: 0.5
  VRBF:
    cost: 216.27
    lifetime: 11.7283
    annual_cost: 18.44001261904965
    efficiency: 0.720692
    discharge_ratio: 0.5
    depth_of_discharge: 1.0
