cost_values:
  wind_capex: 5000.0
  wind_opex: 100
  wind_lifetime: 20
  solar_capex: 1000.0
  solar_opex: 10
  solar_lifetime: 20
  carbon_price: 1.0
timeseries_values:
  load_level: 273741.498817583
  wind_year: 2011
  solar_year: 2014
  price_year: 2023
  carbon_year: 2023
storage_values:
  CAES:
    cost: 45.8234
    lifetime: 29.4332
    annual_cost: 1.556860959732547
    efficiency: 0.610443
    discharge_ratio: 0.1
    depth_of_discharge: 0.4
  Li-ion:
    cost: 166.923
    lifetime: 15.5893
    annual_cost: 10.707536579577019
    efficiency: 0.872688
    discharge_ratio: 2
    depth_of_discharge: 0.9
  Pb-acid:
    cost: 77.7756
    lifetime: 11.3452
    annual_cost: 6.855374960335649
    efficiency: 0.721984
    discharge_ratio: 5
    depth_of_discharge: 0.5
  VRBF:
    cost: 235.647
    lifetime: 11.5917
    annual_cost: 20.328942260410468
    efficiency: 0.716928
    discharge_ratio: 0.5
    depth_of_discharge: 1.0
