cost_values:
  wind_capex: 5000.0
  wind_opex: 100
  wind_lifetime: 20
  solar_capex: 1000.0
  solar_opex: 10
  solar_lifetime: 20
  carbon_price: 1.0
timeseries_values:
  load_level: 273741.498817583
  wind_year: 2011
  solar_year: 2014
  price_year: 2023
  carbon_year: 2023
storage_values:
  CAES:
    cost: 47.1247
    lifetime: 29.1702
    annual_cost: 1.615508292709683
    efficiency: 0.597835
    discharge_ratio: 0.1
    depth_of_discharge: 0.4
  Li-ion:
    cost: 158.05
    lifetime: 18.512
    annual_cost: 8.537705272255835
    efficiency: 0.886337
    discharge_ratio: 2
    depth_of_discharge: 0.9
  Pb-acid:
    cost: 93.8224
    lifetime: 11.9345
    annual_cost: 7.8614437136034185
    efficiency: 0.698158
    discharge_ratio: 5
    depth_of_discharge: 0.5
  VRBF:
    cost: 244.324
    lifetime: 12.8544
    annual_cost: 19.007032611401545
    efficiency: 0.741411
    discharge_ratio: 0.5
    depth_of_discharge: 1.0
