cost_values:
  wind_capex: 5000.0
  wind_opex: 100
  wind_lifetime: 20
  solar_capex: 1000.0
  solar_opex: 10
  solar_lifetime: 20
  carbon_price: 1.0
timeseries_values:
  load_level: 273741.498817583
  wind_year: 2011
  solar_year: 2014
  price_year: 2023
  carbon_year: 2023
storage_values:
  CAES:
    cost: 51.3695
    lifetime: 28.9288
    annual_cost: 1.7757217720748875
    efficiency: 0.611858
    discharge_ratio: 0.1
    depth_of_discharge: 0.4
  Li-ion:
    cost: 163.201
    lifetime: 18.9746
    annual_cost: 8.601024527526272
    efficiency: 0.869515
    discharge_ratio: 2
    depth_of_discharge: 0.9
  Pb-acid:
    cost: 64.1494
    lifetime: 10.2106
    annual_cost: 6.282627857324742
    efficiency: 0.69828
    discharge_ratio: 5
    depth_of_discharge: 0.5
  VRBF:
    cost: 243.638
    lifetime: 11.4199
    annual_cost: 21.334512561405965
    efficiency: 0.703018
    discharge_ratio: 0.5
    depth_of_discharge: 1.0
