cost_values:
  wind_capex: 5000.0
  wind_opex: 100
  wind_lifetime: 20
  solar_capex: 1000.0
  solar_opex: 10
  solar_lifetime: 20
  carbon_price: 1.0
timeseries_values:
  load_level: 273741.498817583
  wind_year: 2011
  solar_year: 2014
  price_year: 2023
  carbon_year: 2023
storage_values:
  CAES:
    cost: 56.2006
    lifetime: 29.2959
    annual_cost: 1.9183776569417563
    efficiency: 0.602001
    discharge_ratio: 0.1
    depth_of_discharge: 0.4
  Li-ion:
    cost: 145.969
    lifetime: 17.283
    annual_cost: 8.445813805473586
    efficiency: 0.867078
    discharge_ratio: 2
    depth_of_discharge: 0.9
  Pb-acid:
    cost: 80.3074
    lifetime: 11.9787
    annual_cost: 6.7041832586173795
    efficiency: 0.703679
    discharge_ratio: 5
    depth_of_discharge: 0.5
  VRBF:
    cost: 192.104
    lifetime: 14.9556
    annual_cost: 12.844954398352456
    efficiency: 0.735183
    discharge_ratio: 0.5
    depth_of_discharge: 1.0
