cost_values:
  wind_capex: 5000.0
  wind_opex: 100
  wind_lifetime: 20
  solar_capex: 1000.0
  solar_opex: 10
  solar_lifetime: 20
  carbon_price: 1.0
timeseries_values:
  load_level: 273741.498817583
  wind_year: 2011
  solar_year: 2014
  price_year: 2023
  carbon_year: 2023
storage_values:
  CAES:
    cost: 46.9843
    lifetime: 28.9756
    annual_cost: 1.6215125830008696
    efficiency: 0.600527
    discharge_ratio: 0.1
    depth_of_discharge: 0.4
  Li-ion:
    cost: 157.25
    lifetime: 14.7641
    annual_cost: 10.650835472531343
    efficiency: 0.887594
    discharge_ratio: 2
    depth_of_discharge: 0.9
  Pb-acid:
    cost: 81.5247
    lifetime: 11.2404
    annual_cost: 7.252829080815629
    efficiency: 0.705338
    discharge_ratio: 5
    depth_of_discharge: 0.5
  VRBF:
    cost: 197.705
    lifetime: 14.8
    annual_cost: 13.358445945945947
    efficiency: 0.716923
    discharge_ratio: 0.5
    depth_of_discharge: 1.0
