cost_values:
  wind_capex: 5000.0
  wind_opex: 100
  wind_lifetime: 20
  solar_capex: 1000.0
  solar_opex: 10
  solar_lifetime: 20
  carbon_price: 1.0
timeseries_values:
  load_level: 273741.498817583
  wind_year: 2011
  solar_year: 2014
  price_year: 2023
  carbon_year: 2023
storage_values:
  CAES:
    cost: 51.1515
    lifetime: 29.2636
    annual_cost: 1.7479565056930795
    efficiency: 0.60913
    discharge_ratio: 0.1
    depth_of_discharge: 0.4
  Li-ion:
    cost: 148.247
    lifetime: 15.8333
    annual_cost: 9.362988132606596
    efficiency: 0.885616
    discharge_ratio: 2
    depth_of_discharge: 0.9
  Pb-acid:
    cost: 85.5112
    lifetime: 11.3765
    annual_cost: 7.516476948094757
    efficiency: 0.694751
    discharge_ratio: 5
    depth_of_discharge: 0.5
  VRBF:
    cost: 181.842
    lifetime: 14.9329
    annual_cost: 12.177273001225483
    efficiency: 0.737373
    discharge_ratio: 0.5
    depth_of_discharge: 1.0
