cost_values:
  wind_capex: 5000.0
  wind_opex: 100
  wind_lifetime: 20
  solar_capex: 1000.0
  solar_opex: 10
  solar_lifetime: 20
  carbon_price: 1.0
timeseries_values:
  load_level: 273741.498817583
  wind_year: 2011
  solar_year: 2014
  price_year: 2023
  carbon_year: 2023
storage_values:
  CAES:
    cost: 47.3337
    lifetime: 29.5328
    annual_cost: 1.6027501625311518
    efficiency: 0.599461
    discharge_ratio: 0.1
    depth_of_discharge: 0.4
  Li-ion:
    cost: 135.935
    lifetime: 16.887
    annual_cost: 8.049683188251317
    efficiency: 0.878864
    discharge_ratio: 2
    depth_of_discharge: 0.9
  Pb-acid:
    cost: 88.5389
    lifetime: 11.1124
    annual_cost: 7.967576761095713
    efficiency: 0.691006
    discharge_ratio: 5
    depth_of_discharge: 0.5
  VRBF:
    cost: 242.138
    lifetime: 14.4293
    annual_cost: 16.78099422702418
    efficiency: 0.726817
    discharge_ratio: 0.5
    depth_of_discharge: 1.0
