cost_values:
  wind_capex: 5000.0
  wind_opex: 100
  wind_lifetime: 20
  solar_capex: 1000.0
  solar_opex: 10
  solar_lifetime: 20
  carbon_price: 1.0
timeseries_values:
  load_level: 273741.498817583
  wind_year: 2011
  solar_year: 2014
  price_year: 2023
  carbon_year: 2023
storage_values:
  CAES:
    cost: 53.818
    lifetime: 29.8386
    annual_cost: 1.8036368998545507
    efficiency: 0.610178
    discharge_ratio: 0.1
    depth_of_discharge: 0.4
  Li-ion:
    cost: 142.064
    lifetime: 16.2146
    annual_cost: 8.761486561493962
    efficiency: 0.871191
    discharge_ratio: 2
    depth_of_discharge: 0.9
  Pb-acid:
    cost: 63.0243
    lifetime: 10.0717
    annual_cost: 6.25756327134446
    efficiency: 0.694774
    discharge_ratio: 5
    depth_of_discharge: 0.5
  VRBF:
    cost: 234.823
    lifetime: 12.2651
    annual_cost: 19.14562457705196
    efficiency: 0.71987
    discharge_ratio: 0.5
    depth_of_discharge: 1.0
