cost_values:
  wind_capex: 5000.0
  wind_opex: 100
  wind_lifetime: 20
  solar_capex: 1000.0
  solar_opex: 10
  solar_lifetime: 20
  carbon_price: 1.0
timeseries_values:
  load_level: 273741.498817583
  wind_year: 2011
  solar_year: 2014
  price_year: 2023
  carbon_year: 2023
storage_values:
  CAES:
    cost: 56.6802
    lifetime: 28.1369
    annual_cost: 2.0144436665019954
    efficiency: 0.606857
    discharge_ratio: 0.1
    depth_of_discharge: 0.4
  Li-ion:
    cost: 168.88
    lifetime: 17.2838
    annual_cost: 9.770999432995058
    efficiency: 0.882444
    discharge_ratio: 2
    depth_of_discharge: 0.9
  Pb-acid:
    cost: 70.2228
    lifetime: 12.9686
    annual_cost: 5.41483274987277
    efficiency: 0.695232
    discharge_ratio: 5
    depth_of_discharge: 0.5
  VRBF:
    cost: 234.72
    lifetime: 12.3293
    annual_cost: 19.037577153609693
    efficiency: 0.717531
    discharge_ratio: 0.5
    depth_of_discharge: 1.0
