cost_values:
  wind_capex: 5000.0
  wind_opex: 100
  wind_lifetime: 20
  solar_capex: 1000.0
  solar_opex: 10
  solar_lifetime: 20
  carbon_price: 1.0
timeseries_values:
  load_level: 273741.498817583
  wind_year: 2011
  solar_year: 2014
  price_year: 2023
  carbon_year: 2023
storage_values:
  CAES:
    cost: 49.1253
    lifetime: 29.4707
    annual_cost: 1.6669200256525973
    efficiency: 0.612112
    discharge_ratio: 0.1
    depth_of_discharge: 0.4
  Li-ion:
    cost: 197.23
    lifetime: 14.9575
    annual_cost: 13.186027076717366
    efficiency: 0.888538
    discharge_ratio: 2
    depth_of_discharge: 0.9
  Pb-acid:
    cost: 75.227
    lifetime: 11.7162
    annual_cost: 6.420767825745549
    efficiency: 0.682838
    discharge_ratio: 5
    depth_of_discharge: 0.5
  VRBF:
    cost: 237.751
    lifetime: 12.3886
    annual_cost: 19.191111182861665
    efficiency: 0.730399
    discharge_ratio: 0.5
    depth_of_discharge: 1.0
