cost_values:
  wind_capex: 5000.0
  wind_opex: 100
  wind_lifetime: 20
  solar_capex: 1000.0
  solar_opex: 10
  solar_lifetime: 20
  carbon_price: 1.0
timeseries_values:
  load_level: 273741.498817583
  wind_year: 2011
  solar_year: 2014
  price_year: 2023
  carbon_year: 2023
storage_values:
  CAES:
    cost: 52.9893
    lifetime: 28.9324
    annual_cost: 1.831486499564502
    efficiency: 0.603809
    discharge_ratio: 0.1
    depth_of_discharge: 0.4
  Li-ion:
    cost: 166.557
    lifetime: 16.3164
    annual_cost: 10.207950283150693
    efficiency: 0.891636
    discharge_ratio: 2
    depth_of_discharge: 0.9
  Pb-acid:
    cost: 79.5177
    lifetime: 12.4101
    annual_cost: 6.407498730872435
    efficiency: 0.71447
    discharge_ratio: 5
    depth_of_discharge: 0.5
  VRBF:
    cost: 204.477
    lifetime: 12.8535
    annual_cost: 15.908274010969775
    efficiency: 0.726247
    discharge_ratio: 0.5
    depth_of_discharge: 1.0
