cost_values:
  wind_capex: 5000.0
  wind_opex: 100
  wind_lifetime: 20
  solar_capex: 1000.0
  solar_opex: 10
  solar_lifetime: 20
  carbon_price: 1.0
timeseries_values:
  load_level: 273741.498817583
  wind_year: 2011
  solar_year: 2014
  price_year: 2023
  carbon_year: 2023
storage_values:
  CAES:
    cost: 52.4551
    lifetime: 28.3705
    annual_cost: 1.8489311080171305
    efficiency: 0.602328
    discharge_ratio: 0.1
    depth_of_discharge: 0.4
  Li-ion:
    cost: 170.628
    lifetime: 16.7934
    annual_cost: 10.160420165064847
    efficiency: 0.883116
    discharge_ratio: 2
    depth_of_discharge: 0.9
  Pb-acid:
    cost: 86.9805
    lifetime: 11.0474
    annual_cost: 7.873391024132376
    efficiency: 0.705918
    discharge_ratio: 5
    depth_of_discharge: 0.5
  VRBF:
    cost: 207.575
    lifetime: 13.5846
    annual_cost: 15.280170192718224
    efficiency: 0.724849
    discharge_ratio: 0.5
    depth_of_discharge: 1.0
