cost_values:
  wind_capex: 5000.0
  wind_opex: 100
  wind_lifetime: 20
  solar_capex: 1000.0
  solar_opex: 10
  solar_lifetime: 20
  carbon_price: 1.0
timeseries_values:
  load_level: 273741.498817583
  wind_year: 2011
  solar_year: 2014
  price_year: 2023
  carbon_year: 2023
storage_values:
  CAES:
    cost: 52.7009
    lifetime: 28.9405
    annual_cost: 1.8210086211364696
    efficiency: 0.621556
    discharge_ratio: 0.1
    depth_of_discharge: 0.4
  Li-ion:
    cost: 151.838
    lifetime: 16.7331
    annual_cost: 9.074110595167662
    efficiency: 0.896047
    discharge_ratio: 2
    depth_of_discharge: 0.9
  Pb-acid:
    cost: 75.0878
    lifetime: 12.1419
    annual_cost: 6.1841886360454295
    efficiency: 0.699834
    discharge_ratio: 5
    depth_of_discharge: 0.5
  VRBF:
    cost: 218.187
    lifetime: 11.8976
    annual_cost: 18.33874058633674
    efficiency: 0.70025
    discharge_ratio: 0.5
    depth_of_discharge: 1.0
