cost_values:
  wind_capex: 5000.0
  wind_opex: 100
  wind_lifetime: 20
  solar_capex: 1000.0
  solar_opex: 10
  solar_lifetime: 20
  carbon_price: 1.0
timeseries_values:
  load_level: 273741.498817583
  wind_year: 2011
  solar_year: 2014
  price_year: 2023
  carbon_year: 2023
storage_values:
  CAES:
    cost: 51.3128
    lifetime: 29.2369
    annual_cost: 1.7550697919410063
    efficiency: 0.603232
    discharge_ratio: 0.1
    depth_of_discharge: 0.4
  Li-ion:
    cost: 160.211
    lifetime: 14.6381
    annual_cost: 10.944794747952262
    efficiency: 0.885409
    discharge_ratio: 2
    depth_of_discharge: 0.9
  Pb-acid:
    cost: 69.7936
    lifetime: 11.0912
    annual_cost: 6.29270051933064
    efficiency: 0.69985
    discharge_ratio: 5
    depth_of_discharge: 0.5
  VRBF:
    cost: 253.284
    lifetime: 13.0496
    annual_cost: 19.409330554193232
    efficiency: 0.732929
    discharge_ratio: 0.5
    depth_of_discharge: 1.0
