cost_values:
  wind_capex: 5000.0
  wind_opex: 100
  wind_lifetime: 20
  solar_capex: 1000.0
  solar_opex: 10
  solar_lifetime: 20
  carbon_price: 1.0
timeseries_values:
  load_level: 273741.498817583
  wind_year: 2011
  solar_year: 2014
  price_year: 2023
  carbon_year: 2023
storage_values:
  CAES:
    cost: 52.5163
    lifetime: 28.377
    annual_cost: 1.8506642703597986
    efficiency: 0.603985
    discharge_ratio: 0.1
    depth_of_discharge: 0.4
  Li-ion:
    cost: 169.233
    lifetime: 16.9054
    annual_cost: 10.010588332722088
    efficiency: 0.878048
    discharge_ratio: 2
    depth_of_discharge: 0.9
  Pb-acid:
    cost: 73.2533
    lifetime: 11.0923
    annual_cost: 6.603977533965002
    efficiency: 0.708285
    discharge_ratio: 5
    depth_of_discharge: 0.5
  VRBF:
    cost: 206.41
    lifetime: 11.9846
    annual_cost: 17.22293610133004
    efficiency: 0.731908
    discharge_ratio: 0.5
    depth_of_discharge: 1.0
