cost_values:
  wind_capex: 5000.0
  wind_opex: 100
  wind_lifetime: 20
  solar_capex: 1000.0
  solar_opex: 10
  solar_lifetime: 20
  carbon_price: 1.0
timeseries_values:
  load_level: 273741.498817583
  wind_year: 2011
  solar_year: 2014
  price_year: 2023
  carbon_year: 2023
storage_values:
  CAES:
    cost: 61.2743
    lifetime: 28.892
    annual_cost: 2.1208050671466148
    efficiency: 0.606448
    discharge_ratio: 0.1
    depth_of_discharge: 0.4
  Li-ion:
    cost: 176.396
    lifetime: 15.6131
    annual_cost: 11.297948517590997
    efficiency: 0.888255
    discharge_ratio: 2
    depth_of_discharge: 0.9
  Pb-acid:
    cost: 75.4497
    lifetime: 11.1177
    annual_cost: 6.786448635958878
    efficiency: 0.690037
    discharge_ratio: 5
    depth_of_discharge: 0.5
  VRBF:
    cost: 215.773
    lifetime: 13.9662
    annual_cost: 15.449657029113144
    efficiency: 0.696596
    discharge_ratio: 0.5
    depth_of_discharge: 1.0
