cost_values:
  wind_capex: 5000.0
  wind_opex: 100
  wind_lifetime: 20
  solar_capex: 1000.0
  solar_opex: 10
  solar_lifetime: 20
  carbon_price: 1.0
timeseries_values:
  load_level: 273741.498817583
  wind_year: 2011
  solar_year: 2014
  price_year: 2023
  carbon_year: 2023
storage_values:
  CAES:
    cost: 55.2012
    lifetime: 28.6287
    annual_cost: 1.9281769692651083
    efficiency: 0.604399
    discharge_ratio: 0.1
    depth_of_discharge: 0.4
  Li-ion:
    cost: 183.056
    lifetime: 17.4695
    annual_cost: 10.478605569707204
    efficiency: 0.883009
    discharge_ratio: 2
    depth_of_discharge: 0.9
  Pb-acid:
    cost: 82.1689
    lifetime: 10.7915
    annual_cost: 7.614224157902052
    efficiency: 0.682949
    discharge_ratio: 5
    depth_of_discharge: 0.5
  VRBF:
    cost: 233.251
    lifetime: 15.9618
    annual_cost: 14.613076219473994
    efficiency: 0.731187
    discharge_ratio: 0.5
    depth_of_discharge: 1.0
