cost_values:
  wind_capex: 5000.0
  wind_opex: 100
  wind_lifetime: 20
  solar_capex: 1000.0
  solar_opex: 10
  solar_lifetime: 20
  carbon_price: 1.0
timeseries_values:
  load_level: 273741.498817583
  wind_year: 2011
  solar_year: 2014
  price_year: 2023
  carbon_year: 2023
storage_values:
  CAES:
    cost: 51.5404
    lifetime: 29.0914
    annual_cost: 1.7716713530459174
    efficiency: 0.602989
    discharge_ratio: 0.1
    depth_of_discharge: 0.4
  Li-ion:
    cost: 164.557
    lifetime: 13.9898
    annual_cost: 11.762641352985746
    efficiency: 0.874398
    discharge_ratio: 2
    depth_of_discharge: 0.9
  Pb-acid:
    cost: 77.5226
    lifetime: 12.342
    annual_cost: 6.281202398314697
    efficiency: 0.705435
    discharge_ratio: 5
    depth_of_discharge: 0.5
  VRBF:
    cost: 234.764
    lifetime: 14.6912
    annual_cost: 15.979906338488346
    efficiency: 0.696875
    discharge_ratio: 0.5
    depth_of_discharge: 1.0
