cost_values:
  wind_capex: 5000.0
  wind_opex: 100
  wind_lifetime: 20
  solar_capex: 1000.0
  solar_opex: 10
  solar_lifetime: 20
  carbon_price: 1.0
timeseries_values:
  load_level: 273741.498817583
  wind_year: 2011
  solar_year: 2014
  price_year: 2023
  carbon_year: 2023
storage_values:
  CAES:
    cost: 54.0536
    lifetime: 29.2306
    annual_cost: 1.8492128112320652
    efficiency: 0.598316
    discharge_ratio: 0.1
    depth_of_discharge: 0.4
  Li-ion:
    cost: 186.423
    lifetime: 14.2013
    annual_cost: 13.127178497743165
    efficiency: 0.889411
    discharge_ratio: 2
    depth_of_discharge: 0.9
  Pb-acid:
    cost: 67.3457
    lifetime: 10.8907
    annual_cost: 6.1837806568907405
    efficiency: 0.679754
    discharge_ratio: 5
    depth_of_discharge: 0.5
  VRBF:
    cost: 256.265
    lifetime: 13.2631
    annual_cost: 19.321651800861034
    efficiency: 0.734767
    discharge_ratio: 0.5
    depth_of_discharge: 1.0
