cost_values:
  wind_capex: 5000.0
  wind_opex: 100
  wind_lifetime: 20
  solar_capex: 1000.0
  solar_opex: 10
  solar_lifetime: 20
  carbon_price: 1.0
timeseries_values:
  load_level: 273741.498817583
  wind_year: 2011
  solar_year: 2014
  price_year: 2023
  carbon_year: 2023
storage_values:
  CAES:
    cost: 53.8773
    lifetime: 28.8508
    annual_cost: 1.8674456167593272
    efficiency: 0.603684
    discharge_ratio: 0.1
    depth_of_discharge: 0.4
  Li-ion:
    cost: 167.307
    lifetime: 14.9466
    annual_cost: 11.193649391834931
    efficiency: 0.882004
    discharge_ratio: 2
    depth_of_discharge: 0.9
  Pb-acid:
    cost: 73.6027
    lifetime: 11.2344
    annual_cost: 6.55154703410952
    efficiency: 0.679596
    discharge_ratio: 5
    depth_of_discharge: 0.5
  VRBF:
    cost: 210.764
    lifetime: 12.553
    annual_cost: 16.789930693858043
    efficiency: 0.726
    discharge_ratio: 0.5
    depth_of_discharge: 1.0
