cost_values:
  wind_capex: 5000.0
  wind_opex: 100
  wind_lifetime: 20
  solar_capex: 1000.0
  solar_opex: 10
  solar_lifetime: 20
  carbon_price: 1.0
timeseries_values:
  load_level: 273741.498817583
  wind_year: 2011
  solar_year: 2014
  price_year: 2023
  carbon_year: 2023
storage_values:
  CAES:
    cost: 53.0054
    lifetime: 28.9681
    annual_cost: 1.8297851774883407
    efficiency: 0.606937
    discharge_ratio: 0.1
    depth_of_discharge: 0.4
  Li-ion:
    cost: 159.493
    lifetime: 18.1951
    annual_cost: 8.765711647641398
    efficiency: 0.869488
    discharge_ratio: 2
    depth_of_discharge: 0.9
  Pb-acid:
    cost: 68.628
    lifetime: 10.3178
    annual_cost: 6.651417937932505
    efficiency: 0.702745
    discharge_ratio: 5
    depth_of_discharge: 0.5
  VRBF:
    cost: 211.227
    lifetime: 13.14
    annual_cost: 16.075114155251143
    efficiency: 0.74421
    discharge_ratio: 0.5
    depth_of_discharge: 1.0
