cost_values:
  wind_capex: 5000.0
  wind_opex: 100
  wind_lifetime: 20
  solar_capex: 1000.0
  solar_opex: 10
  solar_lifetime: 20
  carbon_price: 1.0
timeseries_values:
  load_level: 273741.498817583
  wind_year: 2011
  solar_year: 2014
  price_year: 2023
  carbon_year: 2023
storage_values:
  CAES:
    cost: 53.6371
    lifetime: 28.6855
    annual_cost: 1.8698331909849921
    efficiency: 0.605872
    discharge_ratio: 0.1
    depth_of_discharge: 0.4
  Li-ion:
    cost: 168.176
    lifetime: 16.1254
    annual_cost: 10.429260669502773
    efficiency: 0.891742
    discharge_ratio: 2
    depth_of_discharge: 0.9
  Pb-acid:
    cost: 69.8408
    lifetime: 11.1652
    annual_cost: 6.255221581342027
    efficiency: 0.710055
    discharge_ratio: 5
    depth_of_discharge: 0.5
  VRBF:
    cost: 235.142
    lifetime: 14.5098
    annual_cost: 16.2057368123613
    efficiency: 0.734046
    discharge_ratio: 0.5
    depth_of_discharge: 1.0
