cost_values:
  wind_capex: 5000.0
  wind_opex: 100
  wind_lifetime: 20
  solar_capex: 1000.0
  solar_opex: 10
  solar_lifetime: 20
  carbon_price: 1.0
timeseries_values:
  load_level: 273741.498817583
  wind_year: 2011
  solar_year: 2014
  price_year: 2023
  carbon_year: 2023
storage_values:
  CAES:
    cost: 53.1791
    lifetime: 29.1941
    annual_cost: 1.821570111769159
    efficiency: 0.607061
    discharge_ratio: 0.1
    depth_of_discharge: 0.4
  Li-ion:
    cost: 161.673
    lifetime: 16.3125
    annual_cost: 9.910988505747127
    efficiency: 0.886917
    discharge_ratio: 2
    depth_of_discharge: 0.9
  Pb-acid:
    cost: 85.9167
    lifetime: 11.9538
    annual_cost: 7.187396476434273
    efficiency: 0.693647
    discharge_ratio: 5
    depth_of_discharge: 0.5
  VRBF:
    cost: 205.106
    lifetime: 13.7678
    annual_cost: 14.897514490332515
    efficiency: 0.74594
    discharge_ratio: 0.5
    depth_of_discharge: 1.0
