cost_values:
  wind_capex: 5000.0
  wind_opex: 100
  wind_lifetime: 20
  solar_capex: 1000.0
  solar_opex: 10
  solar_lifetime: 20
  carbon_price: 1.0
timeseries_values:
  load_level: 273741.498817583
  wind_year: 2011
  solar_year: 2014
  price_year: 2023
  carbon_year: 2023
storage_values:
  CAES:
    cost: 47.9303
    lifetime: 29.249
    annual_cost: 1.6386987589319295
    efficiency: 0.596997
    discharge_ratio: 0.1
    depth_of_discharge: 0.4
  Li-ion:
    cost: 159.064
    lifetime: 17.882
    annual_cost: 8.895201878984453
    efficiency: 0.885533
    discharge_ratio: 2
    depth_of_discharge: 0.9
  Pb-acid:
    cost: 88.6074
    lifetime: 11.7634
    annual_cost: 7.532465103626502
    efficiency: 0.69794
    discharge_ratio: 5
    depth_of_discharge: 0.5
  VRBF:
    cost: 217.14
    lifetime: 11.1025
    annual_cost: 19.557757261877956
    efficiency: 0.709967
    discharge_ratio: 0.5
    depth_of_discharge: 1.0
