cost_values:
  wind_capex: 5000.0
  wind_opex: 100
  wind_lifetime: 20
  solar_capex: 1000.0
  solar_opex: 10
  solar_lifetime: 20
  carbon_price: 1.0
timeseries_values:
  load_level: 273741.498817583
  wind_year: 2011
  solar_year: 2014
  price_year: 2023
  carbon_year: 2023
storage_values:
  CAES:
    cost: 58.3925
    lifetime: 28.95
    annual_cost: 2.0170120898100175
    efficiency: 0.607399
    discharge_ratio: 0.1
    depth_of_discharge: 0.4
  Li-ion:
    cost: 150.137
    lifetime: 17.8161
    annual_cost: 8.427040710368711
    efficiency: 0.884473
    discharge_ratio: 2
    depth_of_discharge: 0.9
  Pb-acid:
    cost: 82.0185
    lifetime: 10.7924
    annual_cost: 7.599653459842111
    efficiency: 0.697847
    discharge_ratio: 5
    depth_of_discharge: 0.5
  VRBF:
    cost: 214.81
    lifetime: 12.5609
    annual_cost: 17.101481581733793
    efficiency: 0.698996
    discharge_ratio: 0.5
    depth_of_discharge: 1.0
