cost_values:
  wind_capex: 5000.0
  wind_opex: 100
  wind_lifetime: 20
  solar_capex: 1000.0
  solar_opex: 10
  solar_lifetime: 20
  carbon_price: 1.0
timeseries_values:
  load_level: 273741.498817583
  wind_year: 2011
  solar_year: 2014
  price_year: 2023
  carbon_year: 2023
storage_values:
  CAES:
    cost: 55.2084
    lifetime: 28.9088
    annual_cost: 1.9097437458490147
    efficiency: 0.591164
    discharge_ratio: 0.1
    depth_of_discharge: 0.4
  Li-ion:
    cost: 157.519
    lifetime: 18.1943
    annual_cost: 8.657601556531443
    efficiency: 0.867
    discharge_ratio: 2
    depth_of_discharge: 0.9
  Pb-acid:
    cost: 90.7739
    lifetime: 11.277
    annual_cost: 8.049472377405339
    efficiency: 0.714335
    discharge_ratio: 5
    depth_of_discharge: 0.5
  VRBF:
    cost: 220.026
    lifetime: 13.3676
    annual_cost: 16.459648702833718
    efficiency: 0.710924
    discharge_ratio: 0.5
    depth_of_discharge: 1.0
