cost_values:
  wind_capex: 5000.0
  wind_opex: 100
  wind_lifetime: 20
  solar_capex: 1000.0
  solar_opex: 10
  solar_lifetime: 20
  carbon_price: 1.0
timeseries_values:
  load_level: 273741.498817583
  wind_year: 2011
  solar_year: 2014
  price_year: 2023
  carbon_year: 2023
storage_values:
  CAES:
    cost: 51.2449
    lifetime: 28.6326
    annual_cost: 1.7897396673721562
    efficiency: 0.605721
    discharge_ratio: 0.1
    depth_of_discharge: 0.4
  Li-ion:
    cost: 164.069
    lifetime: 15.8213
    annual_cost: 10.370133933368306
    efficiency: 0.882346
    discharge_ratio: 2
    depth_of_discharge: 0.9
  Pb-acid:
    cost: 69.5996
    lifetime: 10.837
    annual_cost: 6.422404724554766
    efficiency: 0.714115
    discharge_ratio: 5
    depth_of_discharge: 0.5
  VRBF:
    cost: 210.474
    lifetime: 15.422
    annual_cost: 13.64764621968616
    efficiency: 0.723599
    discharge_ratio: 0.5
    depth_of_discharge: 1.0
