cost_values:
  wind_capex: 5000.0
  wind_opex: 100
  wind_lifetime: 20
  solar_capex: 1000.0
  solar_opex: 10
  solar_lifetime: 20
  carbon_price: 1.0
timeseries_values:
  load_level: 273741.498817583
  wind_year: 2011
  solar_year: 2014
  price_year: 2023
  carbon_year: 2023
storage_values:
  CAES:
    cost: 52.6164
    lifetime: 29.1944
    annual_cost: 1.802277149042282
    efficiency: 0.598578
    discharge_ratio: 0.1
    depth_of_discharge: 0.4
  Li-ion:
    cost: 159.921
    lifetime: 17.2149
    annual_cost: 9.289685098374083
    efficiency: 0.897265
    discharge_ratio: 2
    depth_of_discharge: 0.9
  Pb-acid:
    cost: 70.4697
    lifetime: 9.54852
    annual_cost: 7.380169911148535
    efficiency: 0.693907
    discharge_ratio: 5
    depth_of_discharge: 0.5
  VRBF:
    cost: 243.492
    lifetime: 12.467
    annual_cost: 19.53092163311141
    efficiency: 0.720311
    discharge_ratio: 0.5
    depth_of_discharge: 1.0
