cost_values:
  wind_capex: 5000.0
  wind_opex: 100
  wind_lifetime: 20
  solar_capex: 1000.0
  solar_opex: 10
  solar_lifetime: 20
  carbon_price: 1.0
timeseries_values:
  load_level: 273741.498817583
  wind_year: 2011
  solar_year: 2014
  price_year: 2023
  carbon_year: 2023
storage_values:
  CAES:
    cost: 49.2444
    lifetime: 28.7805
    annual_cost: 1.7110335122739355
    efficiency: 0.609015
    discharge_ratio: 0.1
    depth_of_discharge: 0.4
  Li-ion:
    cost: 165.451
    lifetime: 17.5895
    annual_cost: 9.406236675289234
    efficiency: 0.893186
    discharge_ratio: 2
    depth_of_discharge: 0.9
  Pb-acid:
    cost: 91.7586
    lifetime: 11.5681
    annual_cost: 7.932037240341976
    efficiency: 0.695869
    discharge_ratio: 5
    depth_of_discharge: 0.5
  VRBF:
    cost: 222.992
    lifetime: 12.2618
    annual_cost: 18.18591071457698
    efficiency: 0.716678
    discharge_ratio: 0.5
    depth_of_discharge: 1.0
