cost_values:
  wind_capex: 5000.0
  wind_opex: 100
  wind_lifetime: 20
  solar_capex: 1000.0
  solar_opex: 10
  solar_lifetime: 20
  carbon_price: 1.0
timeseries_values:
  load_level: 273741.498817583
  wind_year: 2011
  solar_year: 2014
  price_year: 2023
  carbon_year: 2023
storage_values:
  CAES:
    cost: 47.9277
    lifetime: 28.0366
    annual_cost: 1.7094690511688293
    efficiency: 0.60936
    discharge_ratio: 0.1
    depth_of_discharge: 0.4
  Li-ion:
    cost: 162.838
    lifetime: 16.8269
    annual_cost: 9.677242985933239
    efficiency: 0.880342
    discharge_ratio: 2
    depth_of_discharge: 0.9
  Pb-acid:
    cost: 77.627
    lifetime: 10.9591
    annual_cost: 7.083337135348706
    efficiency: 0.717129
    discharge_ratio: 5
    depth_of_discharge: 0.5
  VRBF:
    cost: 212.47
    lifetime: 14.1162
    annual_cost: 15.051501112197334
    efficiency: 0.729318
    discharge_ratio: 0.5
    depth_of_discharge: 1.0
