cost_values:
  wind_capex: 5000.0
  wind_opex: 100
  wind_lifetime: 20
  solar_capex: 1000.0
  solar_opex: 10
  solar_lifetime: 20
  carbon_price: 1.0
timeseries_values:
  load_level: 242379.29994153598
  wind_year: 2017
  solar_year: 2014
  price_year: 2023
  carbon_year: 2023
storage_values:
  CAES:
    cost: 37.8343
    lifetime: 24.3012
    annual_cost: 1.5568901947228941
    efficiency: 0.559822
    discharge_ratio: 0.1
    depth_of_discharge: 0.4
  Li-ion:
    cost: 272.699
    lifetime: 21.1065
    annual_cost: 12.920143083884112
    efficiency: 0.939673
    discharge_ratio: 2
    depth_of_discharge: 0.9
  Pb-acid:
    cost: 68.9388
    lifetime: 18.6752
    annual_cost: 3.691462474297464
    efficiency: 0.760433
    discharge_ratio: 5
    depth_of_discharge: 0.5
  VRBF:
    cost: 201.086
    lifetime: 14.774
    annual_cost: 13.610802761608232
    efficiency: 0.712291
    discharge_ratio: 0.5
    depth_of_discharge: 1.0
