cost_values:
  wind_capex: 5000.0
  wind_opex: 100
  wind_lifetime: 20
  solar_capex: 1000.0
  solar_opex: 10
  solar_lifetime: 20
  carbon_price: 1.0
timeseries_values:
  load_level: 242379.29994153598
  wind_year: 2017
  solar_year: 2014
  price_year: 2023
  carbon_year: 2023
storage_values:
  CAES:
    cost: 29.6848
    lifetime: 24.1069
    annual_cost: 1.2313818865138197
    efficiency: 0.570715
    discharge_ratio: 0.1
    depth_of_discharge: 0.4
  Li-ion:
    cost: 261.695
    lifetime: 23.4707
    annual_cost: 11.1498591861342
    efficiency: 0.935974
    discharge_ratio: 2
    depth_of_discharge: 0.9
  Pb-acid:
    cost: 75.4361
    lifetime: 19.4519
    annual_cost: 3.8780838889774265
    efficiency: 0.770348
    discharge_ratio: 5
    depth_of_discharge: 0.5
  VRBF:
    cost: 189.674
    lifetime: 14.2305
    annual_cost: 13.328695407750958
    efficiency: 0.693603
    discharge_ratio: 0.5
    depth_of_discharge: 1.0
