cost_values:
  wind_capex: 5000.0
  wind_opex: 100
  wind_lifetime: 20
  solar_capex: 1000.0
  solar_opex: 10
  solar_lifetime: 20
  carbon_price: 1.0
timeseries_values:
  load_level: 242379.29994153598
  wind_year: 2017
  solar_year: 2014
  price_year: 2023
  carbon_year: 2023
storage_values:
  CAES:
    cost: 33.1045
    lifetime: 22.5055
    annual_cost: 1.4709515451778454
    efficiency: 0.55971
    discharge_ratio: 0.1
    depth_of_discharge: 0.4
  Li-ion:
    cost: 272.948
    lifetime: 22.7338
    annual_cost: 12.006263801036342
    efficiency: 0.949471
    discharge_ratio: 2
    depth_of_discharge: 0.9
  Pb-acid:
    cost: 67.1624
    lifetime: 19.6028
    annual_cost: 3.4261636092803074
    efficiency: 0.768776
    discharge_ratio: 5
    depth_of_discharge: 0.5
  VRBF:
    cost: 155.794
    lifetime: 13.7263
    annual_cost: 11.350036062158047
    efficiency: 0.695637
    discharge_ratio: 0.5
    depth_of_discharge: 1.0
