cost_values:
  wind_capex: 5000.0
  wind_opex: 100
  wind_lifetime: 20
  solar_capex: 1000.0
  solar_opex: 10
  solar_lifetime: 20
  carbon_price: 1.0
timeseries_values:
  load_level: 242379.29994153598
  wind_year: 2017
  solar_year: 2014
  price_year: 2023
  carbon_year: 2023
storage_values:
  CAES:
    cost: 38.8833
    lifetime: 22.739
    annual_cost: 1.7099828488499933
    efficiency: 0.558771
    discharge_ratio: 0.1
    depth_of_discharge: 0.4
  Li-ion:
    cost: 260.494
    lifetime: 23.5912
    annual_cost: 11.041998711383906
    efficiency: 0.931845
    discharge_ratio: 2
    depth_of_discharge: 0.9
  Pb-acid:
    cost: 67.4313
    lifetime: 19.4181
    annual_cost: 3.472600305900165
    efficiency: 0.767508
    discharge_ratio: 5
    depth_of_discharge: 0.5
  VRBF:
    cost: 188.001
    lifetime: 14.3886
    annual_cost: 13.065968892039532
    efficiency: 0.726141
    discharge_ratio: 0.5
    depth_of_discharge: 1.0
