cost_values:
  wind_capex: 5000.0
  wind_opex: 100
  wind_lifetime: 20
  solar_capex: 1000.0
  solar_opex: 10
  solar_lifetime: 20
  carbon_price: 1.0
timeseries_values:
  load_level: 242379.29994153598
  wind_year: 2017
  solar_year: 2014
  price_year: 2023
  carbon_year: 2023
storage_values:
  CAES:
    cost: 31.6429
    lifetime: 23.9948
    annual_cost: 1.3187398936436228
    efficiency: 0.571642
    discharge_ratio: 0.1
    depth_of_discharge: 0.4
  Li-ion:
    cost: 237.592
    lifetime: 22.4013
    annual_cost: 10.606170177623621
    efficiency: 0.941335
    discharge_ratio: 2
    depth_of_discharge: 0.9
  Pb-acid:
    cost: 82.4782
    lifetime: 19.5445
    annual_cost: 4.220020977768682
    efficiency: 0.757559
    discharge_ratio: 5
    depth_of_discharge: 0.5
  VRBF:
    cost: 200.844
    lifetime: 12.219
    annual_cost: 16.437024306408052
    efficiency: 0.699924
    discharge_ratio: 0.5
    depth_of_discharge: 1.0
