cost_values:
  wind_capex: 5000.0
  wind_opex: 100
  wind_lifetime: 20
  solar_capex: 1000.0
  solar_opex: 10
  solar_lifetime: 20
  carbon_price: 1.0
timeseries_values:
  load_level: 242379.29994153598
  wind_year: 2017
  solar_year: 2014
  price_year: 2023
  carbon_year: 2023
storage_values:
  CAES:
    cost: 44.0549
    lifetime: 23.5742
    annual_cost: 1.8687760348177245
    efficiency: 0.559409
    discharge_ratio: 0.1
    depth_of_discharge: 0.4
  Li-ion:
    cost: 246.662
    lifetime: 21.2617
    annual_cost: 11.601236025341342
    efficiency: 0.955743
    discharge_ratio: 2
    depth_of_discharge: 0.9
  Pb-acid:
    cost: 87.9383
    lifetime: 19.0297
    annual_cost: 4.621108057405004
    efficiency: 0.770043
    discharge_ratio: 5
    depth_of_discharge: 0.5
  VRBF:
    cost: 188.055
    lifetime: 14.2743
    annual_cost: 13.174376326685021
    efficiency: 0.706189
    discharge_ratio: 0.5
    depth_of_discharge: 1.0
