cost_values:
  wind_capex: 5000.0
  wind_opex: 100
  wind_lifetime: 20
  solar_capex: 1000.0
  solar_opex: 10
  solar_lifetime: 20
  carbon_price: 1.0
timeseries_values:
  load_level: 242379.29994153598
  wind_year: 2017
  solar_year: 2014
  price_year: 2023
  carbon_year: 2023
storage_values:
  CAES:
    cost: 28.6475
    lifetime: 22.9558
    annual_cost: 1.2479416966518266
    efficiency: 0.564438
    discharge_ratio: 0.1
    depth_of_discharge: 0.4
  Li-ion:
    cost: 260.953
    lifetime: 23.2168
    annual_cost: 11.239834947107266
    efficiency: 0.934047
    discharge_ratio: 2
    depth_of_discharge: 0.9
  Pb-acid:
    cost: 57.8568
    lifetime: 18.3737
    annual_cost: 3.148892166520625
    efficiency: 0.742987
    discharge_ratio: 5
    depth_of_discharge: 0.5
  VRBF:
    cost: 200.28
    lifetime: 14.7453
    annual_cost: 13.58263311021139
    efficiency: 0.703889
    discharge_ratio: 0.5
    depth_of_discharge: 1.0
