cost_values:
  wind_capex: 5000.0
  wind_opex: 100
  wind_lifetime: 20
  solar_capex: 1000.0
  solar_opex: 10
  solar_lifetime: 20
  carbon_price: 1.0
timeseries_values:
  load_level: 242379.29994153598
  wind_year: 2017
  solar_year: 2014
  price_year: 2023
  carbon_year: 2023
storage_values:
  CAES:
    cost: 36.4645
    lifetime: 23.8828
    annual_cost: 1.5268100892692649
    efficiency: 0.569314
    discharge_ratio: 0.1
    depth_of_discharge: 0.4
  Li-ion:
    cost: 241.588
    lifetime: 22.5913
    annual_cost: 10.693851172796608
    efficiency: 0.947463
    discharge_ratio: 2
    depth_of_discharge: 0.9
  Pb-acid:
    cost: 57.7453
    lifetime: 17.0626
    annual_cost: 3.3843200918968974
    efficiency: 0.774316
    discharge_ratio: 5
    depth_of_discharge: 0.5
  VRBF:
    cost: 204.301
    lifetime: 13.4962
    annual_cost: 15.137668380729389
    efficiency: 0.699746
    discharge_ratio: 0.5
    depth_of_discharge: 1.0
