cost_values:
  wind_capex: 5000.0
  wind_opex: 100
  wind_lifetime: 20
  solar_capex: 1000.0
  solar_opex: 10
  solar_lifetime: 20
  carbon_price: 1.0
timeseries_values:
  load_level: 242379.29994153598
  wind_year: 2017
  solar_year: 2014
  price_year: 2023
  carbon_year: 2023
storage_values:
  CAES:
    cost: 44.2687
    lifetime: 22.4713
    annual_cost: 1.970010635788762
    efficiency: 0.562232
    discharge_ratio: 0.1
    depth_of_discharge: 0.4
  Li-ion:
    cost: 250.669
    lifetime: 24.1336
    annual_cost: 10.386722246163025
    efficiency: 0.924778
    discharge_ratio: 2
    depth_of_discharge: 0.9
  Pb-acid:
    cost: 75.0642
    lifetime: 18.9994
    annual_cost: 3.9508721328041934
    efficiency: 0.765011
    discharge_ratio: 5
    depth_of_discharge: 0.5
  VRBF:
    cost: 231.676
    lifetime: 13.0668
    annual_cost: 17.73012520280405
    efficiency: 0.688808
    discharge_ratio: 0.5
    depth_of_discharge: 1.0
