cost_values:
  wind_capex: 5000.0
  wind_opex: 100
  wind_lifetime: 20
  solar_capex: 1000.0
  solar_opex: 10
  solar_lifetime: 20
  carbon_price: 1.0
timeseries_values:
  load_level: 242379.29994153598
  wind_year: 2017
  solar_year: 2014
  price_year: 2023
  carbon_year: 2023
storage_values:
  CAES:
    cost: 28.7764
    lifetime: 24.243
    annual_cost: 1.1869983087901663
    efficiency: 0.567421
    discharge_ratio: 0.1
    depth_of_discharge: 0.4
  Li-ion:
    cost: 222.361
    lifetime: 21.422
    annual_cost: 10.380029875828587
    efficiency: 0.939758
    discharge_ratio: 2
    depth_of_discharge: 0.9
  Pb-acid:
    cost: 62.9062
    lifetime: 19.2335
    annual_cost: 3.270657966568747
    efficiency: 0.786947
    discharge_ratio: 5
    depth_of_discharge: 0.5
  VRBF:
    cost: 202.573
    lifetime: 12.9611
    annual_cost: 15.629306154570214
    efficiency: 0.711874
    discharge_ratio: 0.5
    depth_of_discharge: 1.0
