cost_values:
  wind_capex: 5000.0
  wind_opex: 100
  wind_lifetime: 20
  solar_capex: 1000.0
  solar_opex: 10
  solar_lifetime: 20
  carbon_price: 1.0
timeseries_values:
  load_level: 242379.29994153598
  wind_year: 2017
  solar_year: 2014
  price_year: 2023
  carbon_year: 2023
storage_values:
  CAES:
    cost: 34.087
    lifetime: 21.8479
    annual_cost: 1.5601957167508091
    efficiency: 0.558892
    discharge_ratio: 0.1
    depth_of_discharge: 0.4
  Li-ion:
    cost: 238.65
    lifetime: 20.8938
    annual_cost: 11.422048646009822
    efficiency: 0.924955
    discharge_ratio: 2
    depth_of_discharge: 0.9
  Pb-acid:
    cost: 72.3429
    lifetime: 17.4536
    annual_cost: 4.144869826282257
    efficiency: 0.757844
    discharge_ratio: 5
    depth_of_discharge: 0.5
  VRBF:
    cost: 204.649
    lifetime: 14.5917
    annual_cost: 14.025027926835119
    efficiency: 0.696737
    discharge_ratio: 0.5
    depth_of_discharge: 1.0
