cost_values:
  wind_capex: 5000.0
  wind_opex: 100
  wind_lifetime: 20
  solar_capex: 1000.0
  solar_opex: 10
  solar_lifetime: 20
  carbon_price: 1.0
timeseries_values:
  load_level: 242379.29994153598
  wind_year: 2017
  solar_year: 2014
  price_year: 2023
  carbon_year: 2023
storage_values:
  CAES:
    cost: 33.4215
    lifetime: 23.7811
    annual_cost: 1.4053807435316281
    efficiency: 0.571021
    discharge_ratio: 0.1
    depth_of_discharge: 0.4
  Li-ion:
    cost: 242.401
    lifetime: 22.3399
    annual_cost: 10.850585723302252
    efficiency: 0.945565
    discharge_ratio: 2
    depth_of_discharge: 0.9
  Pb-acid:
    cost: 75.4386
    lifetime: 18.9801
    annual_cost: 3.9746155183587017
    efficiency: 0.774859
    discharge_ratio: 5
    depth_of_discharge: 0.5
  VRBF:
    cost: 204.564
    lifetime: 13.9209
    annual_cost: 14.69473956425231
    efficiency: 0.701411
    discharge_ratio: 0.5
    depth_of_discharge: 1.0
