cost_values:
  wind_capex: 5000.0
  wind_opex: 100
  wind_lifetime: 20
  solar_capex: 1000.0
  solar_opex: 10
  solar_lifetime: 20
  carbon_price: 1.0
timeseries_values:
  load_level: 242379.29994153598
  wind_year: 2017
  solar_year: 2014
  price_year: 2023
  carbon_year: 2023
storage_values:
  CAES:
    cost: 32.636
    lifetime: 23.3596
    annual_cost: 1.3971129642630868
    efficiency: 0.571335
    discharge_ratio: 0.1
    depth_of_discharge: 0.4
  Li-ion:
    cost: 240.162
    lifetime: 22.1098
    annual_cost: 10.862242082696362
    efficiency: 0.923031
    discharge_ratio: 2
    depth_of_discharge: 0.9
  Pb-acid:
    cost: 72.8634
    lifetime: 19.8557
    annual_cost: 3.6696464994938482
    efficiency: 0.76624
    discharge_ratio: 5
    depth_of_discharge: 0.5
  VRBF:
    cost: 220.6
    lifetime: 14.5867
    annual_cost: 15.123365805836823
    efficiency: 0.722186
    discharge_ratio: 0.5
    depth_of_discharge: 1.0
