cost_values:
  wind_capex: 5000.0
  wind_opex: 100
  wind_lifetime: 20
  solar_capex: 1000.0
  solar_opex: 10
  solar_lifetime: 20
  carbon_price: 1.0
timeseries_values:
  load_level: 242379.29994153598
  wind_year: 2017
  solar_year: 2014
  price_year: 2023
  carbon_year: 2023
storage_values:
  CAES:
    cost: 36.8462
    lifetime: 23.6389
    annual_cost: 1.5587104306883994
    efficiency: 0.560549
    discharge_ratio: 0.1
    depth_of_discharge: 0.4
  Li-ion:
    cost: 255.94
    lifetime: 23.5493
    annual_cost: 10.868263600191938
    efficiency: 0.942101
    discharge_ratio: 2
    depth_of_discharge: 0.9
  Pb-acid:
    cost: 58.1211
    lifetime: 19.7078
    annual_cost: 2.949141964095434
    efficiency: 0.770186
    discharge_ratio: 5
    depth_of_discharge: 0.5
  VRBF:
    cost: 213.857
    lifetime: 11.3579
    annual_cost: 18.828920839239647
    efficiency: 0.696154
    discharge_ratio: 0.5
    depth_of_discharge: 1.0
