cost_values:
  wind_capex: 5000.0
  wind_opex: 100
  wind_lifetime: 20
  solar_capex: 1000.0
  solar_opex: 10
  solar_lifetime: 20
  carbon_price: 1.0
timeseries_values:
  load_level: 242379.29994153598
  wind_year: 2017
  solar_year: 2014
  price_year: 2023
  carbon_year: 2023
storage_values:
  CAES:
    cost: 35.3534
    lifetime: 24.5768
    annual_cost: 1.4384867029068065
    efficiency: 0.564154
    discharge_ratio: 0.1
    depth_of_discharge: 0.4
  Li-ion:
    cost: 262.04
    lifetime: 24.3346
    annual_cost: 10.768206586506457
    efficiency: 0.916043
    discharge_ratio: 2
    depth_of_discharge: 0.9
  Pb-acid:
    cost: 75.2381
    lifetime: 19.8401
    annual_cost: 3.7922238295169883
    efficiency: 0.748684
    discharge_ratio: 5
    depth_of_discharge: 0.5
  VRBF:
    cost: 189.762
    lifetime: 13.7509
    annual_cost: 13.799969456544662
    efficiency: 0.706034
    discharge_ratio: 0.5
    depth_of_discharge: 1.0
