cost_values:
  wind_capex: 5000.0
  wind_opex: 100
  wind_lifetime: 20
  solar_capex: 1000.0
  solar_opex: 10
  solar_lifetime: 20
  carbon_price: 1.0
timeseries_values:
  load_level: 242379.29994153598
  wind_year: 2017
  solar_year: 2014
  price_year: 2023
  carbon_year: 2023
storage_values:
  CAES:
    cost: 37.5826
    lifetime: 24.2764
    annual_cost: 1.5481125702328187
    efficiency: 0.561321
    discharge_ratio: 0.1
    depth_of_discharge: 0.4
  Li-ion:
    cost: 251.641
    lifetime: 20.8375
    annual_cost: 12.07635272945411
    efficiency: 0.921184
    discharge_ratio: 2
    depth_of_discharge: 0.9
  Pb-acid:
    cost: 88.1298
    lifetime: 18.3848
    annual_cost: 4.793622992907185
    efficiency: 0.766173
    discharge_ratio: 5
    depth_of_discharge: 0.5
  VRBF:
    cost: 217.645
    lifetime: 15.9083
    annual_cost: 13.681223009372466
    efficiency: 0.695644
    discharge_ratio: 0.5
    depth_of_discharge: 1.0
