cost_values:
  wind_capex: 5000.0
  wind_opex: 100
  wind_lifetime: 20
  solar_capex: 1000.0
  solar_opex: 10
  solar_lifetime: 20
  carbon_price: 1.0
timeseries_values:
  load_level: 242379.29994153598
  wind_year: 2017
  solar_year: 2014
  price_year: 2023
  carbon_year: 2023
storage_values:
  CAES:
    cost: 35.1312
    lifetime: 24.0719
    annual_cost: 1.459427797556487
    efficiency: 0.567526
    discharge_ratio: 0.1
    depth_of_discharge: 0.4
  Li-ion:
    cost: 236.218
    lifetime: 22.479
    annual_cost: 10.50838560434183
    efficiency: 0.91982
    discharge_ratio: 2
    depth_of_discharge: 0.9
  Pb-acid:
    cost: 69.4227
    lifetime: 19.4264
    annual_cost: 3.5736266112094883
    efficiency: 0.768634
    discharge_ratio: 5
    depth_of_discharge: 0.5
  VRBF:
    cost: 198.177
    lifetime: 11.9039
    annual_cost: 16.648073320508406
    efficiency: 0.686387
    discharge_ratio: 0.5
    depth_of_discharge: 1.0
