cost_values:
  wind_capex: 5000.0
  wind_opex: 100
  wind_lifetime: 20
  solar_capex: 1000.0
  solar_opex: 10
  solar_lifetime: 20
  carbon_price: 1.0
timeseries_values:
  load_level: 242379.29994153598
  wind_year: 2017
  solar_year: 2014
  price_year: 2023
  carbon_year: 2023
storage_values:
  CAES:
    cost: 27.7129
    lifetime: 22.4147
    annual_cost: 1.236371666807943
    efficiency: 0.559562
    discharge_ratio: 0.1
    depth_of_discharge: 0.4
  Li-ion:
    cost: 253.724
    lifetime: 22.0306
    annual_cost: 11.516890143709205
    efficiency: 0.945242
    discharge_ratio: 2
    depth_of_discharge: 0.9
  Pb-acid:
    cost: 71.3676
    lifetime: 18.1808
    annual_cost: 3.9254378245181725
    efficiency: 0.759237
    discharge_ratio: 5
    depth_of_discharge: 0.5
  VRBF:
    cost: 181.801
    lifetime: 11.6576
    annual_cost: 15.59506244853143
    efficiency: 0.698387
    discharge_ratio: 0.5
    depth_of_discharge: 1.0
