cost_values:
  wind_capex: 5000.0
  wind_opex: 100
  wind_lifetime: 20
  solar_capex: 1000.0
  solar_opex: 10
  solar_lifetime: 20
  carbon_price: 1.0
timeseries_values:
  load_level: 242379.29994153598
  wind_year: 2017
  solar_year: 2014
  price_year: 2023
  carbon_year: 2023
storage_values:
  CAES:
    cost: 34.5406
    lifetime: 24.2529
    annual_cost: 1.4241843243488406
    efficiency: 0.563686
    discharge_ratio: 0.1
    depth_of_discharge: 0.4
  Li-ion:
    cost: 249.993
    lifetime: 23.2187
    annual_cost: 10.76688186677118
    efficiency: 0.930131
    discharge_ratio: 2
    depth_of_discharge: 0.9
  Pb-acid:
    cost: 58.3738
    lifetime: 18.9202
    annual_cost: 3.0852633693089926
    efficiency: 0.7561
    discharge_ratio: 5
    depth_of_discharge: 0.5
  VRBF:
    cost: 209.986
    lifetime: 13.3536
    annual_cost: 15.72504792715073
    efficiency: 0.712207
    discharge_ratio: 0.5
    depth_of_discharge: 1.0
