cost_values:
  wind_capex: 5000.0
  wind_opex: 100
  wind_lifetime: 20
  solar_capex: 1000.0
  solar_opex: 10
  solar_lifetime: 20
  carbon_price: 1.0
timeseries_values:
  load_level: 242379.29994153598
  wind_year: 2017
  solar_year: 2014
  price_year: 2023
  carbon_year: 2023
storage_values:
  CAES:
    cost: 30.3804
    lifetime: 24.047
    annual_cost: 1.2633758888842683
    efficiency: 0.567197
    discharge_ratio: 0.1
    depth_of_discharge: 0.4
  Li-ion:
    cost: 258.023
    lifetime: 22.4203
    annual_cost: 11.50845439177888
    efficiency: 0.934351
    discharge_ratio: 2
    depth_of_discharge: 0.9
  Pb-acid:
    cost: 82.4148
    lifetime: 19.8873
    annual_cost: 4.144091958184369
    efficiency: 0.77131
    discharge_ratio: 5
    depth_of_discharge: 0.5
  VRBF:
    cost: 153.583
    lifetime: 12.788
    annual_cost: 12.009931185486392
    efficiency: 0.666529
    discharge_ratio: 0.5
    depth_of_discharge: 1.0
