cost_values:
  wind_capex: 5000.0
  wind_opex: 100
  wind_lifetime: 20
  solar_capex: 1000.0
  solar_opex: 10
  solar_lifetime: 20
  carbon_price: 1.0
timeseries_values:
  load_level: 242379.29994153598
  wind_year: 2017
  solar_year: 2014
  price_year: 2023
  carbon_year: 2023
storage_values:
  CAES:
    cost: 33.6305
    lifetime: 23.8553
    annual_cost: 1.4097705750923275
    efficiency: 0.564225
    discharge_ratio: 0.1
    depth_of_discharge: 0.4
  Li-ion:
    cost: 228.72
    lifetime: 20.3358
    annual_cost: 11.24716018056826
    efficiency: 0.927085
    discharge_ratio: 2
    depth_of_discharge: 0.9
  Pb-acid:
    cost: 84.5958
    lifetime: 18.7208
    annual_cost: 4.518813298576983
    efficiency: 0.761071
    discharge_ratio: 5
    depth_of_discharge: 0.5
  VRBF:
    cost: 173.91
    lifetime: 13.5158
    annual_cost: 12.867162876041373
    efficiency: 0.686185
    discharge_ratio: 0.5
    depth_of_discharge: 1.0
