cost_values:
  wind_capex: 5000.0
  wind_opex: 100
  wind_lifetime: 20
  solar_capex: 1000.0
  solar_opex: 10
  solar_lifetime: 20
  carbon_price: 1.0
timeseries_values:
  load_level: 242379.29994153598
  wind_year: 2017
  solar_year: 2014
  price_year: 2023
  carbon_year: 2023
storage_values:
  CAES:
    cost: 29.2851
    lifetime: 24.3226
    annual_cost: 1.2040283522320805
    efficiency: 0.567409
    discharge_ratio: 0.1
    depth_of_discharge: 0.4
  Li-ion:
    cost: 223.951
    lifetime: 23.8791
    annual_cost: 9.378536041978132
    efficiency: 0.929521
    discharge_ratio: 2
    depth_of_discharge: 0.9
  Pb-acid:
    cost: 79.9961
    lifetime: 19.4873
    annual_cost: 4.105037639898805
    efficiency: 0.75253
    discharge_ratio: 5
    depth_of_discharge: 0.5
  VRBF:
    cost: 212.966
    lifetime: 12.192
    annual_cost: 17.46768372703412
    efficiency: 0.685878
    discharge_ratio: 0.5
    depth_of_discharge: 1.0
