cost_values:
  wind_capex: 5000.0
  wind_opex: 100
  wind_lifetime: 20
  solar_capex: 1000.0
  solar_opex: 10
  solar_lifetime: 20
  carbon_price: 1.0
timeseries_values:
  load_level: 242379.29994153598
  wind_year: 2017
  solar_year: 2014
  price_year: 2023
  carbon_year: 2023
storage_values:
  CAES:
    cost: 40.9754
    lifetime: 24.6387
    annual_cost: 1.6630504044450398
    efficiency: 0.577433
    discharge_ratio: 0.1
    depth_of_discharge: 0.4
  Li-ion:
    cost: 242.403
    lifetime: 20.8963
    annual_cost: 11.600283303742767
    efficiency: 0.923995
    discharge_ratio: 2
    depth_of_discharge: 0.9
  Pb-acid:
    cost: 52.0031
    lifetime: 18.7171
    annual_cost: 2.7783737865374447
    efficiency: 0.776481
    discharge_ratio: 5
    depth_of_discharge: 0.5
  VRBF:
    cost: 218.537
    lifetime: 13.3945
    annual_cost: 16.3154279741685
    efficiency: 0.689013
    discharge_ratio: 0.5
    depth_of_discharge: 1.0
