cost_values:
  wind_capex: 5000.0
  wind_opex: 100
  wind_lifetime: 20
  solar_capex: 1000.0
  solar_opex: 10
  solar_lifetime: 20
  carbon_price: 1.0
timeseries_values:
  load_level: 242379.29994153598
  wind_year: 2017
  solar_year: 2014
  price_year: 2023
  carbon_year: 2023
storage_values:
  CAES:
    cost: 29.1599
    lifetime: 24.5878
    annual_cost: 1.185949942654487
    efficiency: 0.558282
    discharge_ratio: 0.1
    depth_of_discharge: 0.4
  Li-ion:
    cost: 255.129
    lifetime: 23.145
    annual_cost: 11.023071937783538
    efficiency: 0.937333
    discharge_ratio: 2
    depth_of_discharge: 0.9
  Pb-acid:
    cost: 64.2402
    lifetime: 17.5843
    annual_cost: 3.6532702467542073
    efficiency: 0.760425
    discharge_ratio: 5
    depth_of_discharge: 0.5
  VRBF:
    cost: 218.933
    lifetime: 14.4128
    annual_cost: 15.190178174955594
    efficiency: 0.679932
    discharge_ratio: 0.5
    depth_of_discharge: 1.0
