cost_values:
  wind_capex: 5000.0
  wind_opex: 100
  wind_lifetime: 20
  solar_capex: 1000.0
  solar_opex: 10
  solar_lifetime: 20
  carbon_price: 1.0
timeseries_values:
  load_level: 242379.29994153598
  wind_year: 2017
  solar_year: 2014
  price_year: 2023
  carbon_year: 2023
storage_values:
  CAES:
    cost: 38.5184
    lifetime: 22.6975
    annual_cost: 1.6970327128538385
    efficiency: 0.560967
    discharge_ratio: 0.1
    depth_of_discharge: 0.4
  Li-ion:
    cost: 256.359
    lifetime: 19.1396
    annual_cost: 13.394167067232333
    efficiency: 0.940556
    discharge_ratio: 2
    depth_of_discharge: 0.9
  Pb-acid:
    cost: 67.7533
    lifetime: 19.8269
    annual_cost: 3.4172412227831885
    efficiency: 0.777093
    discharge_ratio: 5
    depth_of_discharge: 0.5
  VRBF:
    cost: 199.595
    lifetime: 13.9359
    annual_cost: 14.322361670218644
    efficiency: 0.677684
    discharge_ratio: 0.5
    depth_of_discharge: 1.0
