cost_values:
  wind_capex: 5000.0
  wind_opex: 100
  wind_lifetime: 20
  solar_capex: 1000.0
  solar_opex: 10
  solar_lifetime: 20
  carbon_price: 1.0
timeseries_values:
  load_level: 242379.29994153598
  wind_year: 2017
  solar_year: 2014
  price_year: 2023
  carbon_year: 2023
storage_values:
  CAES:
    cost: 43.9456
    lifetime: 24.4623
    annual_cost: 1.7964623113934504
    efficiency: 0.556988
    discharge_ratio: 0.1
    depth_of_discharge: 0.4
  Li-ion:
    cost: 250.416
    lifetime: 21.4961
    annual_cost: 11.649368955298868
    efficiency: 0.938628
    discharge_ratio: 2
    depth_of_discharge: 0.9
  Pb-acid:
    cost: 56.3634
    lifetime: 19.5618
    annual_cost: 2.881299266938625
    efficiency: 0.754805
    discharge_ratio: 5
    depth_of_discharge: 0.5
  VRBF:
    cost: 202.196
    lifetime: 15.0058
    annual_cost: 13.47452318436871
    efficiency: 0.698486
    discharge_ratio: 0.5
    depth_of_discharge: 1.0
