cost_values:
  wind_capex: 5000.0
  wind_opex: 100
  wind_lifetime: 20
  solar_capex: 1000.0
  solar_opex: 10
  solar_lifetime: 20
  carbon_price: 1.0
timeseries_values:
  load_level: 242379.29994153598
  wind_year: 2017
  solar_year: 2014
  price_year: 2023
  carbon_year: 2023
storage_values:
  CAES:
    cost: 45.2429
    lifetime: 24.1756
    annual_cost: 1.8714282168798293
    efficiency: 0.564146
    discharge_ratio: 0.1
    depth_of_discharge: 0.4
  Li-ion:
    cost: 263.553
    lifetime: 22.3522
    annual_cost: 11.790919909449629
    efficiency: 0.938278
    discharge_ratio: 2
    depth_of_discharge: 0.9
  Pb-acid:
    cost: 62.4852
    lifetime: 17.5892
    annual_cost: 3.5524753826211537
    efficiency: 0.748923
    discharge_ratio: 5
    depth_of_discharge: 0.5
  VRBF:
    cost: 187.7
    lifetime: 13.4826
    annual_cost: 13.921647160043314
    efficiency: 0.694071
    discharge_ratio: 0.5
    depth_of_discharge: 1.0
