cost_values:
  wind_capex: 5000.0
  wind_opex: 100
  wind_lifetime: 20
  solar_capex: 1000.0
  solar_opex: 10
  solar_lifetime: 20
  carbon_price: 1.0
timeseries_values:
  load_level: 242379.29994153598
  wind_year: 2017
  solar_year: 2014
  price_year: 2023
  carbon_year: 2023
storage_values:
  CAES:
    cost: 40.5361
    lifetime: 23.4503
    annual_cost: 1.7285962226496037
    efficiency: 0.554501
    discharge_ratio: 0.1
    depth_of_discharge: 0.4
  Li-ion:
    cost: 254.341
    lifetime: 21.8661
    annual_cost: 11.631749603267158
    efficiency: 0.932688
    discharge_ratio: 2
    depth_of_discharge: 0.9
  Pb-acid:
    cost: 94.7985
    lifetime: 19.0803
    annual_cost: 4.96839672332196
    efficiency: 0.767198
    discharge_ratio: 5
    depth_of_discharge: 0.5
  VRBF:
    cost: 209.024
    lifetime: 14.2293
    annual_cost: 14.689689584167878
    efficiency: 0.704151
    discharge_ratio: 0.5
    depth_of_discharge: 1.0
