cost_values:
  wind_capex: 5000.0
  wind_opex: 100
  wind_lifetime: 20
  solar_capex: 1000.0
  solar_opex: 10
  solar_lifetime: 20
  carbon_price: 1.0
timeseries_values:
  load_level: 242379.29994153598
  wind_year: 2017
  solar_year: 2014
  price_year: 2023
  carbon_year: 2023
storage_values:
  CAES:
    cost: 30.9151
    lifetime: 24.0106
    annual_cost: 1.287560494115099
    efficiency: 0.555997
    discharge_ratio: 0.1
    depth_of_discharge: 0.4
  Li-ion:
    cost: 245.232
    lifetime: 21.7906
    annual_cost: 11.254026965755875
    efficiency: 0.938212
    discharge_ratio: 2
    depth_of_discharge: 0.9
  Pb-acid:
    cost: 68.9607
    lifetime: 18.5954
    annual_cost: 3.7084816675091687
    efficiency: 0.768119
    discharge_ratio: 5
    depth_of_discharge: 0.5
  VRBF:
    cost: 189.73
    lifetime: 14.1752
    annual_cost: 13.384643602912128
    efficiency: 0.719727
    discharge_ratio: 0.5
    depth_of_discharge: 1.0
