cost_values:
  wind_capex: 5000.0
  wind_opex: 100
  wind_lifetime: 20
  solar_capex: 1000.0
  solar_opex: 10
  solar_lifetime: 20
  carbon_price: 1.0
timeseries_values:
  load_level: 242379.29994153598
  wind_year: 2017
  solar_year: 2014
  price_year: 2023
  carbon_year: 2023
storage_values:
  CAES:
    cost: 44.6095
    lifetime: 23.3628
    annual_cost: 1.9094243840635539
    efficiency: 0.566239
    discharge_ratio: 0.1
    depth_of_discharge: 0.4
  Li-ion:
    cost: 249.074
    lifetime: 21.893
    annual_cost: 11.376878454300462
    efficiency: 0.914923
    discharge_ratio: 2
    depth_of_discharge: 0.9
  Pb-acid:
    cost: 52.3839
    lifetime: 19.0621
    annual_cost: 2.748065533178401
    efficiency: 0.752044
    discharge_ratio: 5
    depth_of_discharge: 0.5
  VRBF:
    cost: 223.238
    lifetime: 13.9277
    annual_cost: 16.028346388850995
    efficiency: 0.692982
    discharge_ratio: 0.5
    depth_of_discharge: 1.0
