cost_values:
  wind_capex: 5000.0
  wind_opex: 100
  wind_lifetime: 20
  solar_capex: 1000.0
  solar_opex: 10
  solar_lifetime: 20
  carbon_price: 1.0
timeseries_values:
  load_level: 242379.29994153598
  wind_year: 2017
  solar_year: 2014
  price_year: 2023
  carbon_year: 2023
storage_values:
  CAES:
    cost: 34.4491
    lifetime: 23.8522
    annual_cost: 1.4442734842069076
    efficiency: 0.5645
    discharge_ratio: 0.1
    depth_of_discharge: 0.4
  Li-ion:
    cost: 234.007
    lifetime: 23.2484
    annual_cost: 10.065509884551195
    efficiency: 0.931933
    discharge_ratio: 2
    depth_of_discharge: 0.9
  Pb-acid:
    cost: 98.3273
    lifetime: 19.0604
    annual_cost: 5.158721747707288
    efficiency: 0.769748
    discharge_ratio: 5
    depth_of_discharge: 0.5
  VRBF:
    cost: 228.888
    lifetime: 14.8619
    annual_cost: 15.400991797818584
    efficiency: 0.687949
    discharge_ratio: 0.5
    depth_of_discharge: 1.0
