cost_values:
  wind_capex: 5000.0
  wind_opex: 100
  wind_lifetime: 20
  solar_capex: 1000.0
  solar_opex: 10
  solar_lifetime: 20
  carbon_price: 1.0
timeseries_values:
  load_level: 242379.29994153598
  wind_year: 2017
  solar_year: 2014
  price_year: 2023
  carbon_year: 2023
storage_values:
  CAES:
    cost: 30.6899
    lifetime: 23.0559
    annual_cost: 1.3311083063337368
    efficiency: 0.557532
    discharge_ratio: 0.1
    depth_of_discharge: 0.4
  Li-ion:
    cost: 235.639
    lifetime: 20.7597
    annual_cost: 11.350790232999515
    efficiency: 0.943851
    discharge_ratio: 2
    depth_of_discharge: 0.9
  Pb-acid:
    cost: 72.8503
    lifetime: 19.1985
    annual_cost: 3.794582910123187
    efficiency: 0.758737
    discharge_ratio: 5
    depth_of_discharge: 0.5
  VRBF:
    cost: 208.7
    lifetime: 11.8602
    annual_cost: 17.596667847085207
    efficiency: 0.700577
    discharge_ratio: 0.5
    depth_of_discharge: 1.0
