cost_values:
  wind_capex: 5000.0
  wind_opex: 100
  wind_lifetime: 20
  solar_capex: 1000.0
  solar_opex: 10
  solar_lifetime: 20
  carbon_price: 1.0
timeseries_values:
  load_level: 242379.29994153598
  wind_year: 2017
  solar_year: 2014
  price_year: 2023
  carbon_year: 2023
storage_values:
  CAES:
    cost: 37.2075
    lifetime: 24.499
    annual_cost: 1.5187354585901467
    efficiency: 0.55986
    discharge_ratio: 0.1
    depth_of_discharge: 0.4
  Li-ion:
    cost: 225.583
    lifetime: 21.7661
    annual_cost: 10.363960470640123
    efficiency: 0.939085
    discharge_ratio: 2
    depth_of_discharge: 0.9
  Pb-acid:
    cost: 67.4833
    lifetime: 19.0775
    annual_cost: 3.5373240728606996
    efficiency: 0.765218
    discharge_ratio: 5
    depth_of_discharge: 0.5
  VRBF:
    cost: 227.62
    lifetime: 12.8683
    annual_cost: 17.68842815290287
    efficiency: 0.721061
    discharge_ratio: 0.5
    depth_of_discharge: 1.0
