cost_values:
  wind_capex: 5000.0
  wind_opex: 100
  wind_lifetime: 20
  solar_capex: 1000.0
  solar_opex: 10
  solar_lifetime: 20
  carbon_price: 1.0
timeseries_values:
  load_level: 242379.29994153598
  wind_year: 2017
  solar_year: 2014
  price_year: 2023
  carbon_year: 2023
storage_values:
  CAES:
    cost: 29.493
    lifetime: 22.7315
    annual_cost: 1.2974506741746035
    efficiency: 0.563669
    discharge_ratio: 0.1
    depth_of_discharge: 0.4
  Li-ion:
    cost: 236.997
    lifetime: 22.0466
    annual_cost: 10.749820834051508
    efficiency: 0.932708
    discharge_ratio: 2
    depth_of_discharge: 0.9
  Pb-acid:
    cost: 60.6504
    lifetime: 18.2498
    annual_cost: 3.3233460092713343
    efficiency: 0.764485
    discharge_ratio: 5
    depth_of_discharge: 0.5
  VRBF:
    cost: 212.941
    lifetime: 14.8783
    annual_cost: 14.312186204069015
    efficiency: 0.705447
    discharge_ratio: 0.5
    depth_of_discharge: 1.0
