cost_values:
  wind_capex: 5000.0
  wind_opex: 100
  wind_lifetime: 20
  solar_capex: 1000.0
  solar_opex: 10
  solar_lifetime: 20
  carbon_price: 1.0
timeseries_values:
  load_level: 242379.29994153598
  wind_year: 2017
  solar_year: 2014
  price_year: 2023
  carbon_year: 2023
storage_values:
  CAES:
    cost: 27.4929
    lifetime: 24.4757
    annual_cost: 1.1232732873829963
    efficiency: 0.569531
    discharge_ratio: 0.1
    depth_of_discharge: 0.4
  Li-ion:
    cost: 258.469
    lifetime: 21.6018
    annual_cost: 11.965160310714847
    efficiency: 0.928117
    discharge_ratio: 2
    depth_of_discharge: 0.9
  Pb-acid:
    cost: 74.5892
    lifetime: 19.2791
    annual_cost: 3.86891504271465
    efficiency: 0.764096
    discharge_ratio: 5
    depth_of_discharge: 0.5
  VRBF:
    cost: 231.948
    lifetime: 11.8154
    annual_cost: 19.63099006381502
    efficiency: 0.712893
    discharge_ratio: 0.5
    depth_of_discharge: 1.0
