cost_values:
  wind_capex: 5000.0
  wind_opex: 100
  wind_lifetime: 20
  solar_capex: 1000.0
  solar_opex: 10
  solar_lifetime: 20
  carbon_price: 1.0
timeseries_values:
  load_level: 242379.29994153598
  wind_year: 2017
  solar_year: 2014
  price_year: 2023
  carbon_year: 2023
storage_values:
  CAES:
    cost: 30.2227
    lifetime: 22.6462
    annual_cost: 1.334559440435923
    efficiency: 0.563116
    discharge_ratio: 0.1
    depth_of_discharge: 0.4
  Li-ion:
    cost: 243.634
    lifetime: 21.6425
    annual_cost: 11.257202264063764
    efficiency: 0.921929
    discharge_ratio: 2
    depth_of_discharge: 0.9
  Pb-acid:
    cost: 76.412
    lifetime: 19.0043
    annual_cost: 4.020774245828576
    efficiency: 0.752562
    discharge_ratio: 5
    depth_of_discharge: 0.5
  VRBF:
    cost: 219.868
    lifetime: 14.6461
    annual_cost: 15.01205098968326
    efficiency: 0.685372
    discharge_ratio: 0.5
    depth_of_discharge: 1.0
