cost_values:
  wind_capex: 5000.0
  wind_opex: 100
  wind_lifetime: 20
  solar_capex: 1000.0
  solar_opex: 10
  solar_lifetime: 20
  carbon_price: 1.0
timeseries_values:
  load_level: 242379.29994153598
  wind_year: 2017
  solar_year: 2014
  price_year: 2023
  carbon_year: 2023
storage_values:
  CAES:
    cost: 34.0454
    lifetime: 24.1551
    annual_cost: 1.409449764231984
    efficiency: 0.556105
    discharge_ratio: 0.1
    depth_of_discharge: 0.4
  Li-ion:
    cost: 230.42
    lifetime: 23.0888
    annual_cost: 9.97973043207096
    efficiency: 0.925146
    discharge_ratio: 2
    depth_of_discharge: 0.9
  Pb-acid:
    cost: 67.1813
    lifetime: 18.5327
    annual_cost: 3.6250141641530913
    efficiency: 0.755891
    discharge_ratio: 5
    depth_of_discharge: 0.5
  VRBF:
    cost: 232.754
    lifetime: 13.098
    annual_cost: 17.770193922736294
    efficiency: 0.694165
    discharge_ratio: 0.5
    depth_of_discharge: 1.0
