cost_values:
  wind_capex: 5000.0
  wind_opex: 100
  wind_lifetime: 20
  solar_capex: 1000.0
  solar_opex: 10
  solar_lifetime: 20
  carbon_price: 1.0
timeseries_values:
  load_level: 242379.29994153598
  wind_year: 2017
  solar_year: 2014
  price_year: 2023
  carbon_year: 2023
storage_values:
  CAES:
    cost: 35.7879
    lifetime: 25.0444
    annual_cost: 1.4289781348325374
    efficiency: 0.565587
    discharge_ratio: 0.1
    depth_of_discharge: 0.4
  Li-ion:
    cost: 253.347
    lifetime: 22.9292
    annual_cost: 11.049098965511226
    efficiency: 0.938151
    discharge_ratio: 2
    depth_of_discharge: 0.9
  Pb-acid:
    cost: 77.5088
    lifetime: 18.6181
    annual_cost: 4.163088607322981
    efficiency: 0.767146
    discharge_ratio: 5
    depth_of_discharge: 0.5
  VRBF:
    cost: 196.917
    lifetime: 13.701
    annual_cost: 14.372454565360192
    efficiency: 0.712776
    discharge_ratio: 0.5
    depth_of_discharge: 1.0
