cost_values:
  wind_capex: 5000.0
  wind_opex: 100
  wind_lifetime: 20
  solar_capex: 1000.0
  solar_opex: 10
  solar_lifetime: 20
  carbon_price: 1.0
timeseries_values:
  load_level: 242379.29994153598
  wind_year: 2017
  solar_year: 2014
  price_year: 2023
  carbon_year: 2023
storage_values:
  CAES:
    cost: 40.2765
    lifetime: 24.7355
    annual_cost: 1.6282872794162238
    efficiency: 0.57251
    discharge_ratio: 0.1
    depth_of_discharge: 0.4
  Li-ion:
    cost: 229.215
    lifetime: 22.8692
    annual_cost: 10.022869186504119
    efficiency: 0.946013
    discharge_ratio: 2
    depth_of_discharge: 0.9
  Pb-acid:
    cost: 72.9824
    lifetime: 18.8599
    annual_cost: 3.869712988934194
    efficiency: 0.743674
    discharge_ratio: 5
    depth_of_discharge: 0.5
  VRBF:
    cost: 189.202
    lifetime: 16.5238
    annual_cost: 11.450271729263244
    efficiency: 0.695511
    discharge_ratio: 0.5
    depth_of_discharge: 1.0
