cost_values:
  wind_capex: 5000.0
  wind_opex: 100
  wind_lifetime: 20
  solar_capex: 1000.0
  solar_opex: 10
  solar_lifetime: 20
  carbon_price: 1.0
timeseries_values:
  load_level: 242379.29994153598
  wind_year: 2017
  solar_year: 2014
  price_year: 2023
  carbon_year: 2023
storage_values:
  CAES:
    cost: 39.5469
    lifetime: 23.3386
    annual_cost: 1.6944846734594192
    efficiency: 0.565771
    discharge_ratio: 0.1
    depth_of_discharge: 0.4
  Li-ion:
    cost: 251.219
    lifetime: 20.6518
    annual_cost: 12.164508662683154
    efficiency: 0.939427
    discharge_ratio: 2
    depth_of_discharge: 0.9
  Pb-acid:
    cost: 88.194
    lifetime: 18.1223
    annual_cost: 4.866600817776994
    efficiency: 0.772626
    discharge_ratio: 5
    depth_of_discharge: 0.5
  VRBF:
    cost: 203.231
    lifetime: 13.8778
    annual_cost: 14.644324028304197
    efficiency: 0.693937
    discharge_ratio: 0.5
    depth_of_discharge: 1.0
