cost_values:
  wind_capex: 5000.0
  wind_opex: 100
  wind_lifetime: 20
  solar_capex: 1000.0
  solar_opex: 10
  solar_lifetime: 20
  carbon_price: 1.0
timeseries_values:
  load_level: 242379.29994153598
  wind_year: 2017
  solar_year: 2014
  price_year: 2023
  carbon_year: 2023
storage_values:
  CAES:
    cost: 32.1434
    lifetime: 24.5484
    annual_cost: 1.3093887992700135
    efficiency: 0.566425
    discharge_ratio: 0.1
    depth_of_discharge: 0.4
  Li-ion:
    cost: 256.699
    lifetime: 23.5389
    annual_cost: 10.905309933769207
    efficiency: 0.933882
    discharge_ratio: 2
    depth_of_discharge: 0.9
  Pb-acid:
    cost: 82.8384
    lifetime: 18.3679
    annual_cost: 4.509954866914563
    efficiency: 0.774958
    discharge_ratio: 5
    depth_of_discharge: 0.5
  VRBF:
    cost: 166.106
    lifetime: 16.0024
    annual_cost: 10.380067989801528
    efficiency: 0.686684
    discharge_ratio: 0.5
    depth_of_discharge: 1.0
