cost_values:
  wind_capex: 5000.0
  wind_opex: 100
  wind_lifetime: 20
  solar_capex: 1000.0
  solar_opex: 10
  solar_lifetime: 20
  carbon_price: 1.0
timeseries_values:
  load_level: 242379.29994153598
  wind_year: 2017
  solar_year: 2014
  price_year: 2023
  carbon_year: 2023
storage_values:
  CAES:
    cost: 40.8505
    lifetime: 23.3867
    annual_cost: 1.7467406688416918
    efficiency: 0.564421
    discharge_ratio: 0.1
    depth_of_discharge: 0.4
  Li-ion:
    cost: 256.348
    lifetime: 23.6198
    annual_cost: 10.85309782470639
    efficiency: 0.925248
    discharge_ratio: 2
    depth_of_discharge: 0.9
  Pb-acid:
    cost: 90.9869
    lifetime: 19.4782
    annual_cost: 4.671217052910433
    efficiency: 0.756664
    discharge_ratio: 5
    depth_of_discharge: 0.5
  VRBF:
    cost: 201.456
    lifetime: 13.9117
    annual_cost: 14.481048326229
    efficiency: 0.703896
    discharge_ratio: 0.5
    depth_of_discharge: 1.0
