cost_values:
  wind_capex: 5000.0
  wind_opex: 100
  wind_lifetime: 20
  solar_capex: 1000.0
  solar_opex: 10
  solar_lifetime: 20
  carbon_price: 1.0
timeseries_values:
  load_level: 242379.29994153598
  wind_year: 2017
  solar_year: 2014
  price_year: 2023
  carbon_year: 2023
storage_values:
  CAES:
    cost: 32.7659
    lifetime: 24.0919
    annual_cost: 1.3600380210776237
    efficiency: 0.56833
    discharge_ratio: 0.1
    depth_of_discharge: 0.4
  Li-ion:
    cost: 232.887
    lifetime: 19.6183
    annual_cost: 11.870906245699167
    efficiency: 0.936507
    discharge_ratio: 2
    depth_of_discharge: 0.9
  Pb-acid:
    cost: 82.9264
    lifetime: 19.5474
    annual_cost: 4.242323787306752
    efficiency: 0.766338
    discharge_ratio: 5
    depth_of_discharge: 0.5
  VRBF:
    cost: 202.939
    lifetime: 15.604
    annual_cost: 13.005575493463216
    efficiency: 0.660849
    discharge_ratio: 0.5
    depth_of_discharge: 1.0
