cost_values:
  wind_capex: 5000.0
  wind_opex: 100
  wind_lifetime: 20
  solar_capex: 1000.0
  solar_opex: 10
  solar_lifetime: 20
  carbon_price: 1.0
timeseries_values:
  load_level: 242379.29994153598
  wind_year: 2017
  solar_year: 2014
  price_year: 2023
  carbon_year: 2023
storage_values:
  CAES:
    cost: 37.0413
    lifetime: 24.3899
    annual_cost: 1.5187147138774657
    efficiency: 0.574954
    discharge_ratio: 0.1
    depth_of_discharge: 0.4
  Li-ion:
    cost: 249.802
    lifetime: 22.1827
    annual_cost: 11.261117898181915
    efficiency: 0.933748
    discharge_ratio: 2
    depth_of_discharge: 0.9
  Pb-acid:
    cost: 73.929
    lifetime: 19.1077
    annual_cost: 3.869068490713168
    efficiency: 0.760994
    discharge_ratio: 5
    depth_of_discharge: 0.5
  VRBF:
    cost: 233.339
    lifetime: 16.6812
    annual_cost: 13.988142339879625
    efficiency: 0.715781
    discharge_ratio: 0.5
    depth_of_discharge: 1.0
