cost_values:
  wind_capex: 5000.0
  wind_opex: 100
  wind_lifetime: 20
  solar_capex: 1000.0
  solar_opex: 10
  solar_lifetime: 20
  carbon_price: 1.0
timeseries_values:
  load_level: 242379.29994153598
  wind_year: 2017
  solar_year: 2014
  price_year: 2023
  carbon_year: 2023
storage_values:
  CAES:
    cost: 36.2296
    lifetime: 24.3735
    annual_cost: 1.4864340369663773
    efficiency: 0.558552
    discharge_ratio: 0.1
    depth_of_discharge: 0.4
  Li-ion:
    cost: 247.056
    lifetime: 21.4339
    annual_cost: 11.526413765110409
    efficiency: 0.92435
    discharge_ratio: 2
    depth_of_discharge: 0.9
  Pb-acid:
    cost: 84.3825
    lifetime: 17.8875
    annual_cost: 4.717400419287212
    efficiency: 0.773645
    discharge_ratio: 5
    depth_of_discharge: 0.5
  VRBF:
    cost: 207.285
    lifetime: 13.6529
    annual_cost: 15.182488702033998
    efficiency: 0.672871
    discharge_ratio: 0.5
    depth_of_discharge: 1.0
