cost_values:
  wind_capex: 5000.0
  wind_opex: 100
  wind_lifetime: 20
  solar_capex: 1000.0
  solar_opex: 10
  solar_lifetime: 20
  carbon_price: 1.0
timeseries_values:
  load_level: 242379.29994153598
  wind_year: 2017
  solar_year: 2014
  price_year: 2023
  carbon_year: 2023
storage_values:
  CAES:
    cost: 35.8069
    lifetime: 23.2495
    annual_cost: 1.5401148411793801
    efficiency: 0.560218
    discharge_ratio: 0.1
    depth_of_discharge: 0.4
  Li-ion:
    cost: 274.091
    lifetime: 23.1348
    annual_cost: 11.847562978716049
    efficiency: 0.93585
    discharge_ratio: 2
    depth_of_discharge: 0.9
  Pb-acid:
    cost: 82.8033
    lifetime: 17.9622
    annual_cost: 4.609864047833784
    efficiency: 0.740151
    discharge_ratio: 5
    depth_of_discharge: 0.5
  VRBF:
    cost: 202.978
    lifetime: 14.248
    annual_cost: 14.246069623806852
    efficiency: 0.689739
    discharge_ratio: 0.5
    depth_of_discharge: 1.0
