cost_values:
  wind_capex: 5000.0
  wind_opex: 100
  wind_lifetime: 20
  solar_capex: 1000.0
  solar_opex: 10
  solar_lifetime: 20
  carbon_price: 1.0
timeseries_values:
  load_level: 242379.29994153598
  wind_year: 2017
  solar_year: 2014
  price_year: 2023
  carbon_year: 2023
storage_values:
  CAES:
    cost: 41.0542
    lifetime: 23.818
    annual_cost: 1.7236627760517256
    efficiency: 0.561098
    discharge_ratio: 0.1
    depth_of_discharge: 0.4
  Li-ion:
    cost: 227.721
    lifetime: 20.7466
    annual_cost: 10.97630455110717
    efficiency: 0.911238
    discharge_ratio: 2
    depth_of_discharge: 0.9
  Pb-acid:
    cost: 84.3208
    lifetime: 18.0232
    annual_cost: 4.678458875227485
    efficiency: 0.783612
    discharge_ratio: 5
    depth_of_discharge: 0.5
  VRBF:
    cost: 185.706
    lifetime: 15.5834
    annual_cost: 11.916911585404982
    efficiency: 0.713255
    discharge_ratio: 0.5
    depth_of_discharge: 1.0
