cost_values:
  wind_capex: 5000.0
  wind_opex: 100
  wind_lifetime: 20
  solar_capex: 1000.0
  solar_opex: 10
  solar_lifetime: 20
  carbon_price: 1.0
timeseries_values:
  load_level: 242379.29994153598
  wind_year: 2017
  solar_year: 2014
  price_year: 2023
  carbon_year: 2023
storage_values:
  CAES:
    cost: 32.3096
    lifetime: 24.104
    annual_cost: 1.3404248257550615
    efficiency: 0.566501
    discharge_ratio: 0.1
    depth_of_discharge: 0.4
  Li-ion:
    cost: 246.487
    lifetime: 24.1182
    annual_cost: 10.219958371686111
    efficiency: 0.922212
    discharge_ratio: 2
    depth_of_discharge: 0.9
  Pb-acid:
    cost: 81.3311
    lifetime: 18.6259
    annual_cost: 4.3665594682673055
    efficiency: 0.75115
    discharge_ratio: 5
    depth_of_discharge: 0.5
  VRBF:
    cost: 212.502
    lifetime: 12.1022
    annual_cost: 17.55895622283552
    efficiency: 0.714534
    discharge_ratio: 0.5
    depth_of_discharge: 1.0
