cost_values:
  wind_capex: 5000.0
  wind_opex: 100
  wind_lifetime: 20
  solar_capex: 1000.0
  solar_opex: 10
  solar_lifetime: 20
  carbon_price: 1.0
timeseries_values:
  load_level: 242379.29994153598
  wind_year: 2017
  solar_year: 2014
  price_year: 2023
  carbon_year: 2023
storage_values:
  CAES:
    cost: 33.2395
    lifetime: 23.0854
    annual_cost: 1.4398494286432117
    efficiency: 0.556446
    discharge_ratio: 0.1
    depth_of_discharge: 0.4
  Li-ion:
    cost: 242.974
    lifetime: 19.2172
    annual_cost: 12.643569302499845
    efficiency: 0.930812
    discharge_ratio: 2
    depth_of_discharge: 0.9
  Pb-acid:
    cost: 73.2847
    lifetime: 19.3071
    annual_cost: 3.795738355320064
    efficiency: 0.766089
    discharge_ratio: 5
    depth_of_discharge: 0.5
  VRBF:
    cost: 179.515
    lifetime: 12.7766
    annual_cost: 14.050295070676079
    efficiency: 0.707504
    discharge_ratio: 0.5
    depth_of_discharge: 1.0
