cost_values:
  wind_capex: 5000.0
  wind_opex: 100
  wind_lifetime: 20
  solar_capex: 1000.0
  solar_opex: 10
  solar_lifetime: 20
  carbon_price: 1.0
timeseries_values:
  load_level: 242379.29994153598
  wind_year: 2017
  solar_year: 2014
  price_year: 2023
  carbon_year: 2023
storage_values:
  CAES:
    cost: 34.2294
    lifetime: 23.9377
    annual_cost: 1.429936877811987
    efficiency: 0.564966
    discharge_ratio: 0.1
    depth_of_discharge: 0.4
  Li-ion:
    cost: 245.735
    lifetime: 20.9875
    annual_cost: 11.708636092912448
    efficiency: 0.92665
    discharge_ratio: 2
    depth_of_discharge: 0.9
  Pb-acid:
    cost: 93.2419
    lifetime: 19.8419
    annual_cost: 4.699242512057817
    efficiency: 0.76714
    discharge_ratio: 5
    depth_of_discharge: 0.5
  VRBF:
    cost: 208.275
    lifetime: 13.5616
    annual_cost: 15.357701156205758
    efficiency: 0.705582
    discharge_ratio: 0.5
    depth_of_discharge: 1.0
