cost_values:
  wind_capex: 5000.0
  wind_opex: 100
  wind_lifetime: 20
  solar_capex: 1000.0
  solar_opex: 10
  solar_lifetime: 20
  carbon_price: 1.0
timeseries_values:
  load_level: 242379.29994153598
  wind_year: 2017
  solar_year: 2014
  price_year: 2023
  carbon_year: 2023
storage_values:
  CAES:
    cost: 35.6636
    lifetime: 23.0345
    annual_cost: 1.5482689009963315
    efficiency: 0.558402
    discharge_ratio: 0.1
    depth_of_discharge: 0.4
  Li-ion:
    cost: 254.581
    lifetime: 21.7031
    annual_cost: 11.730167579746672
    efficiency: 0.929036
    discharge_ratio: 2
    depth_of_discharge: 0.9
  Pb-acid:
    cost: 94.7361
    lifetime: 19.6443
    annual_cost: 4.822574487255845
    efficiency: 0.762952
    discharge_ratio: 5
    depth_of_discharge: 0.5
  VRBF:
    cost: 212.82
    lifetime: 13.5711
    annual_cost: 15.681853350133741
    efficiency: 0.702388
    discharge_ratio: 0.5
    depth_of_discharge: 1.0
