cost_values:
  wind_capex: 5000.0
  wind_opex: 100
  wind_lifetime: 20
  solar_capex: 1000.0
  solar_opex: 10
  solar_lifetime: 20
  carbon_price: 1.0
timeseries_values:
  load_level: 242379.29994153598
  wind_year: 2017
  solar_year: 2014
  price_year: 2023
  carbon_year: 2023
storage_values:
  CAES:
    cost: 31.8314
    lifetime: 23.8465
    annual_cost: 1.3348457844966766
    efficiency: 0.55893
    discharge_ratio: 0.1
    depth_of_discharge: 0.4
  Li-ion:
    cost: 244.223
    lifetime: 22.77
    annual_cost: 10.725647782169522
    efficiency: 0.923013
    discharge_ratio: 2
    depth_of_discharge: 0.9
  Pb-acid:
    cost: 75.2886
    lifetime: 19.0486
    annual_cost: 3.95244794893063
    efficiency: 0.758854
    discharge_ratio: 5
    depth_of_discharge: 0.5
  VRBF:
    cost: 193.263
    lifetime: 13.5432
    annual_cost: 14.270113414850258
    efficiency: 0.712764
    discharge_ratio: 0.5
    depth_of_discharge: 1.0
