cost_values:
  wind_capex: 5000.0
  wind_opex: 100
  wind_lifetime: 20
  solar_capex: 1000.0
  solar_opex: 10
  solar_lifetime: 20
  carbon_price: 1.0
timeseries_values:
  load_level: 242379.29994153598
  wind_year: 2017
  solar_year: 2014
  price_year: 2023
  carbon_year: 2023
storage_values:
  CAES:
    cost: 36.8177
    lifetime: 22.8102
    annual_cost: 1.614089310922307
    efficiency: 0.561708
    discharge_ratio: 0.1
    depth_of_discharge: 0.4
  Li-ion:
    cost: 268.322
    lifetime: 21.8955
    annual_cost: 12.254664200406477
    efficiency: 0.930014
    discharge_ratio: 2
    depth_of_discharge: 0.9
  Pb-acid:
    cost: 79.4912
    lifetime: 18.6292
    annual_cost: 4.267021664913147
    efficiency: 0.759827
    discharge_ratio: 5
    depth_of_discharge: 0.5
  VRBF:
    cost: 200.923
    lifetime: 13.157
    annual_cost: 15.271186440677965
    efficiency: 0.705711
    discharge_ratio: 0.5
    depth_of_discharge: 1.0
