cost_values:
  wind_capex: 5000.0
  wind_opex: 100
  wind_lifetime: 20
  solar_capex: 1000.0
  solar_opex: 10
  solar_lifetime: 20
  carbon_price: 1.0
timeseries_values:
  load_level: 242379.29994153598
  wind_year: 2017
  solar_year: 2014
  price_year: 2023
  carbon_year: 2023
storage_values:
  CAES:
    cost: 37.9189
    lifetime: 22.7635
    annual_cost: 1.6657763524941243
    efficiency: 0.56516
    discharge_ratio: 0.1
    depth_of_discharge: 0.4
  Li-ion:
    cost: 247.203
    lifetime: 24.251
    annual_cost: 10.193517793080698
    efficiency: 0.939429
    discharge_ratio: 2
    depth_of_discharge: 0.9
  Pb-acid:
    cost: 70.3799
    lifetime: 19.4561
    annual_cost: 3.6173693597380776
    efficiency: 0.770382
    discharge_ratio: 5
    depth_of_discharge: 0.5
  VRBF:
    cost: 202.813
    lifetime: 16.2896
    annual_cost: 12.450459188684805
    efficiency: 0.695711
    discharge_ratio: 0.5
    depth_of_discharge: 1.0
