cost_values:
  wind_capex: 5000.0
  wind_opex: 100
  wind_lifetime: 20
  solar_capex: 1000.0
  solar_opex: 10
  solar_lifetime: 20
  carbon_price: 1.0
timeseries_values:
  load_level: 242379.29994153598
  wind_year: 2017
  solar_year: 2014
  price_year: 2023
  carbon_year: 2023
storage_values:
  CAES:
    cost: 44.8614
    lifetime: 23.0034
    annual_cost: 1.9502073606510344
    efficiency: 0.566225
    discharge_ratio: 0.1
    depth_of_discharge: 0.4
  Li-ion:
    cost: 252.788
    lifetime: 22.7406
    annual_cost: 11.116153487594875
    efficiency: 0.92884
    discharge_ratio: 2
    depth_of_discharge: 0.9
  Pb-acid:
    cost: 82.1469
    lifetime: 18.6205
    annual_cost: 4.411637711124835
    efficiency: 0.770251
    discharge_ratio: 5
    depth_of_discharge: 0.5
  VRBF:
    cost: 191.032
    lifetime: 11.1877
    annual_cost: 17.075180778891106
    efficiency: 0.695594
    discharge_ratio: 0.5
    depth_of_discharge: 1.0
