cost_values:
  wind_capex: 5000.0
  wind_opex: 100
  wind_lifetime: 20
  solar_capex: 1000.0
  solar_opex: 10
  solar_lifetime: 20
  carbon_price: 1.0
timeseries_values:
  load_level: 242379.29994153598
  wind_year: 2017
  solar_year: 2014
  price_year: 2023
  carbon_year: 2023
storage_values:
  CAES:
    cost: 32.4729
    lifetime: 24.4871
    annual_cost: 1.3261227340109691
    efficiency: 0.559504
    discharge_ratio: 0.1
    depth_of_discharge: 0.4
  Li-ion:
    cost: 269.511
    lifetime: 23.8771
    annual_cost: 11.287426027448896
    efficiency: 0.936484
    discharge_ratio: 2
    depth_of_discharge: 0.9
  Pb-acid:
    cost: 57.6671
    lifetime: 19.6301
    annual_cost: 2.937687530883694
    efficiency: 0.773214
    discharge_ratio: 5
    depth_of_discharge: 0.5
  VRBF:
    cost: 212.073
    lifetime: 14.0255
    annual_cost: 15.120530462372109
    efficiency: 0.716227
    discharge_ratio: 0.5
    depth_of_discharge: 1.0
