cost_values:
  wind_capex: 5000.0
  wind_opex: 100
  wind_lifetime: 20
  solar_capex: 1000.0
  solar_opex: 10
  solar_lifetime: 20
  carbon_price: 1.0
timeseries_values:
  load_level: 242379.29994153598
  wind_year: 2017
  solar_year: 2014
  price_year: 2023
  carbon_year: 2023
storage_values:
  CAES:
    cost: 31.7534
    lifetime: 24.0837
    annual_cost: 1.3184602033740662
    efficiency: 0.561672
    discharge_ratio: 0.1
    depth_of_discharge: 0.4
  Li-ion:
    cost: 242.915
    lifetime: 23.7623
    annual_cost: 10.222705714514166
    efficiency: 0.942485
    discharge_ratio: 2
    depth_of_discharge: 0.9
  Pb-acid:
    cost: 59.2977
    lifetime: 18.9732
    annual_cost: 3.1253399531971415
    efficiency: 0.747132
    discharge_ratio: 5
    depth_of_discharge: 0.5
  VRBF:
    cost: 196.094
    lifetime: 13.4918
    annual_cost: 14.534309728872351
    efficiency: 0.687905
    discharge_ratio: 0.5
    depth_of_discharge: 1.0
