cost_values:
  wind_capex: 5000.0
  wind_opex: 100
  wind_lifetime: 20
  solar_capex: 1000.0
  solar_opex: 10
  solar_lifetime: 20
  carbon_price: 1.0
timeseries_values:
  load_level: 242379.29994153598
  wind_year: 2017
  solar_year: 2014
  price_year: 2023
  carbon_year: 2023
storage_values:
  CAES:
    cost: 34.1125
    lifetime: 23.4908
    annual_cost: 1.4521642515367716
    efficiency: 0.563309
    discharge_ratio: 0.1
    depth_of_discharge: 0.4
  Li-ion:
    cost: 244.662
    lifetime: 22.3611
    annual_cost: 10.94141164790641
    efficiency: 0.93249
    discharge_ratio: 2
    depth_of_discharge: 0.9
  Pb-acid:
    cost: 68.9148
    lifetime: 18.9302
    annual_cost: 3.6404686691107333
    efficiency: 0.756463
    discharge_ratio: 5
    depth_of_discharge: 0.5
  VRBF:
    cost: 195.622
    lifetime: 14.0124
    annual_cost: 13.960634866261312
    efficiency: 0.702053
    discharge_ratio: 0.5
    depth_of_discharge: 1.0
