cost_values:
  wind_capex: 5000.0
  wind_opex: 100
  wind_lifetime: 20
  solar_capex: 1000.0
  solar_opex: 10
  solar_lifetime: 20
  carbon_price: 1.0
timeseries_values:
  load_level: 242379.29994153598
  wind_year: 2017
  solar_year: 2014
  price_year: 2023
  carbon_year: 2023
storage_values:
  CAES:
    cost: 35.0358
    lifetime: 23.4382
    annual_cost: 1.494816154824176
    efficiency: 0.564519
    discharge_ratio: 0.1
    depth_of_discharge: 0.4
  Li-ion:
    cost: 260.308
    lifetime: 21.2721
    annual_cost: 12.237061691135338
    efficiency: 0.93232
    discharge_ratio: 2
    depth_of_discharge: 0.9
  Pb-acid:
    cost: 78.1743
    lifetime: 19.2817
    annual_cost: 4.05432612269665
    efficiency: 0.742473
    discharge_ratio: 5
    depth_of_discharge: 0.5
  VRBF:
    cost: 181.965
    lifetime: 14.4612
    annual_cost: 12.582980665504937
    efficiency: 0.674562
    discharge_ratio: 0.5
    depth_of_discharge: 1.0
