cost_values:
  wind_capex: 5000.0
  wind_opex: 100
  wind_lifetime: 20
  solar_capex: 1000.0
  solar_opex: 10
  solar_lifetime: 20
  carbon_price: 1.0
timeseries_values:
  load_level: 242379.29994153598
  wind_year: 2017
  solar_year: 2014
  price_year: 2023
  carbon_year: 2023
storage_values:
  CAES:
    cost: 32.9022
    lifetime: 23.1749
    annual_cost: 1.4197342814855727
    efficiency: 0.562484
    discharge_ratio: 0.1
    depth_of_discharge: 0.4
  Li-ion:
    cost: 259.463
    lifetime: 22.1252
    annual_cost: 11.727035235839677
    efficiency: 0.945078
    discharge_ratio: 2
    depth_of_discharge: 0.9
  Pb-acid:
    cost: 71.5362
    lifetime: 19.671
    annual_cost: 3.6366326063748664
    efficiency: 0.752801
    discharge_ratio: 5
    depth_of_discharge: 0.5
  VRBF:
    cost: 228.939
    lifetime: 12.6917
    annual_cost: 18.03848184246397
    efficiency: 0.691379
    discharge_ratio: 0.5
    depth_of_discharge: 1.0
