cost_values:
  wind_capex: 5000.0
  wind_opex: 100
  wind_lifetime: 20
  solar_capex: 1000.0
  solar_opex: 10
  solar_lifetime: 20
  carbon_price: 1.0
timeseries_values:
  load_level: 242379.29994153598
  wind_year: 2017
  solar_year: 2014
  price_year: 2023
  carbon_year: 2023
storage_values:
  CAES:
    cost: 35.0839
    lifetime: 24.6439
    annual_cost: 1.4236342462029143
    efficiency: 0.566159
    discharge_ratio: 0.1
    depth_of_discharge: 0.4
  Li-ion:
    cost: 235.879
    lifetime: 22.8349
    annual_cost: 10.329758396139242
    efficiency: 0.935908
    discharge_ratio: 2
    depth_of_discharge: 0.9
  Pb-acid:
    cost: 69.5669
    lifetime: 19.3077
    annual_cost: 3.603065098380439
    efficiency: 0.760072
    discharge_ratio: 5
    depth_of_discharge: 0.5
  VRBF:
    cost: 204.28
    lifetime: 15.5147
    annual_cost: 13.166867551418978
    efficiency: 0.69935
    discharge_ratio: 0.5
    depth_of_discharge: 1.0
