cost_values:
  wind_capex: 5000.0
  wind_opex: 100
  wind_lifetime: 20
  solar_capex: 1000.0
  solar_opex: 10
  solar_lifetime: 20
  carbon_price: 1.0
timeseries_values:
  load_level: 242379.29994153598
  wind_year: 2017
  solar_year: 2014
  price_year: 2023
  carbon_year: 2023
storage_values:
  CAES:
    cost: 41.5315
    lifetime: 23.1054
    annual_cost: 1.7974802427138246
    efficiency: 0.556893
    discharge_ratio: 0.1
    depth_of_discharge: 0.4
  Li-ion:
    cost: 251.102
    lifetime: 25.5413
    annual_cost: 9.831214542721005
    efficiency: 0.940989
    discharge_ratio: 2
    depth_of_discharge: 0.9
  Pb-acid:
    cost: 70.0577
    lifetime: 18.4785
    annual_cost: 3.7913088183564683
    efficiency: 0.767295
    discharge_ratio: 5
    depth_of_discharge: 0.5
  VRBF:
    cost: 210.122
    lifetime: 11.6579
    annual_cost: 18.024000892098922
    efficiency: 0.691327
    discharge_ratio: 0.5
    depth_of_discharge: 1.0
