cost_values:
  wind_capex: 5000.0
  wind_opex: 100
  wind_lifetime: 20
  solar_capex: 1000.0
  solar_opex: 10
  solar_lifetime: 20
  carbon_price: 1.0
timeseries_values:
  load_level: 242379.29994153598
  wind_year: 2017
  solar_year: 2014
  price_year: 2023
  carbon_year: 2023
storage_values:
  CAES:
    cost: 39.333
    lifetime: 23.1963
    annual_cost: 1.6956583593073031
    efficiency: 0.562729
    discharge_ratio: 0.1
    depth_of_discharge: 0.4
  Li-ion:
    cost: 281.423
    lifetime: 23.0463
    annual_cost: 12.211200930301176
    efficiency: 0.937814
    discharge_ratio: 2
    depth_of_discharge: 0.9
  Pb-acid:
    cost: 82.1151
    lifetime: 18.5316
    annual_cost: 4.431085281357249
    efficiency: 0.763995
    discharge_ratio: 5
    depth_of_discharge: 0.5
  VRBF:
    cost: 211.118
    lifetime: 14.1575
    annual_cost: 14.912096062157866
    efficiency: 0.682511
    discharge_ratio: 0.5
    depth_of_discharge: 1.0
