cost_values:
  wind_capex: 5000.0
  wind_opex: 100
  wind_lifetime: 20
  solar_capex: 1000.0
  solar_opex: 10
  solar_lifetime: 20
  carbon_price: 1.0
timeseries_values:
  load_level: 242379.29994153598
  wind_year: 2017
  solar_year: 2014
  price_year: 2023
  carbon_year: 2023
storage_values:
  CAES:
    cost: 32.2431
    lifetime: 23.3322
    annual_cost: 1.3819142644071283
    efficiency: 0.554477
    discharge_ratio: 0.1
    depth_of_discharge: 0.4
  Li-ion:
    cost: 254.092
    lifetime: 23.0263
    annual_cost: 11.03486013818981
    efficiency: 0.93788
    discharge_ratio: 2
    depth_of_discharge: 0.9
  Pb-acid:
    cost: 87.3754
    lifetime: 18.612
    annual_cost: 4.694573393509564
    efficiency: 0.773116
    discharge_ratio: 5
    depth_of_discharge: 0.5
  VRBF:
    cost: 188.947
    lifetime: 15.1404
    annual_cost: 12.47965707643127
    efficiency: 0.709404
    discharge_ratio: 0.5
    depth_of_discharge: 1.0
