cost_values:
  wind_capex: 5000.0
  wind_opex: 100
  wind_lifetime: 20
  solar_capex: 1000.0
  solar_opex: 10
  solar_lifetime: 20
  carbon_price: 1.0
timeseries_values:
  load_level: 242379.29994153598
  wind_year: 2017
  solar_year: 2014
  price_year: 2023
  carbon_year: 2023
storage_values:
  CAES:
    cost: 38.6277
    lifetime: 23.6616
    annual_cost: 1.6325058322345065
    efficiency: 0.562894
    discharge_ratio: 0.1
    depth_of_discharge: 0.4
  Li-ion:
    cost: 266.838
    lifetime: 21.2797
    annual_cost: 12.539556478709759
    efficiency: 0.9472
    discharge_ratio: 2
    depth_of_discharge: 0.9
  Pb-acid:
    cost: 52.1905
    lifetime: 19.7457
    annual_cost: 2.643132428832607
    efficiency: 0.764811
    discharge_ratio: 5
    depth_of_discharge: 0.5
  VRBF:
    cost: 209.556
    lifetime: 14.0204
    annual_cost: 14.946506519072209
    efficiency: 0.710957
    discharge_ratio: 0.5
    depth_of_discharge: 1.0
