cost_values:
  wind_capex: 5000.0
  wind_opex: 100
  wind_lifetime: 20
  solar_capex: 1000.0
  solar_opex: 10
  solar_lifetime: 20
  carbon_price: 1.0
timeseries_values:
  load_level: 242379.29994153598
  wind_year: 2017
  solar_year: 2014
  price_year: 2023
  carbon_year: 2023
storage_values:
  CAES:
    cost: 40.7128
    lifetime: 23.9235
    annual_cost: 1.7017911258804106
    efficiency: 0.568373
    discharge_ratio: 0.1
    depth_of_discharge: 0.4
  Li-ion:
    cost: 252.426
    lifetime: 22.2433
    annual_cost: 11.348406036874024
    efficiency: 0.936874
    discharge_ratio: 2
    depth_of_discharge: 0.9
  Pb-acid:
    cost: 50.2996
    lifetime: 19.5211
    annual_cost: 2.5766785683183837
    efficiency: 0.750817
    discharge_ratio: 5
    depth_of_discharge: 0.5
  VRBF:
    cost: 214.099
    lifetime: 15.0104
    annual_cost: 14.263377391675103
    efficiency: 0.710689
    discharge_ratio: 0.5
    depth_of_discharge: 1.0
