cost_values:
  wind_capex: 5000.0
  wind_opex: 100
  wind_lifetime: 20
  solar_capex: 1000.0
  solar_opex: 10
  solar_lifetime: 20
  carbon_price: 1.0
timeseries_values:
  load_level: 242379.29994153598
  wind_year: 2017
  solar_year: 2014
  price_year: 2023
  carbon_year: 2023
storage_values:
  CAES:
    cost: 33.8075
    lifetime: 23.1562
    annual_cost: 1.4599761618918474
    efficiency: 0.551717
    discharge_ratio: 0.1
    depth_of_discharge: 0.4
  Li-ion:
    cost: 263.199
    lifetime: 21.6708
    annual_cost: 12.145329198737473
    efficiency: 0.925665
    discharge_ratio: 2
    depth_of_discharge: 0.9
  Pb-acid:
    cost: 60.1442
    lifetime: 19.1259
    annual_cost: 3.1446467878635773
    efficiency: 0.749113
    discharge_ratio: 5
    depth_of_discharge: 0.5
  VRBF:
    cost: 219.676
    lifetime: 13.7453
    annual_cost: 15.981899267385941
    efficiency: 0.695809
    discharge_ratio: 0.5
    depth_of_discharge: 1.0
