cost_values:
  wind_capex: 5000.0
  wind_opex: 100
  wind_lifetime: 20
  solar_capex: 1000.0
  solar_opex: 10
  solar_lifetime: 20
  carbon_price: 1.0
timeseries_values:
  load_level: 242379.29994153598
  wind_year: 2017
  solar_year: 2014
  price_year: 2023
  carbon_year: 2023
storage_values:
  CAES:
    cost: 36.2752
    lifetime: 24.2672
    annual_cost: 1.4948242895760533
    efficiency: 0.553964
    discharge_ratio: 0.1
    depth_of_discharge: 0.4
  Li-ion:
    cost: 249.732
    lifetime: 20.6769
    annual_cost: 12.077825979716495
    efficiency: 0.938066
    discharge_ratio: 2
    depth_of_discharge: 0.9
  Pb-acid:
    cost: 66.526
    lifetime: 19.6029
    annual_cost: 3.393681547118028
    efficiency: 0.767171
    discharge_ratio: 5
    depth_of_discharge: 0.5
  VRBF:
    cost: 221.174
    lifetime: 13.938
    annual_cost: 15.86841727651026
    efficiency: 0.697462
    discharge_ratio: 0.5
    depth_of_discharge: 1.0
