cost_values:
  wind_capex: 5000.0
  wind_opex: 100
  wind_lifetime: 20
  solar_capex: 1000.0
  solar_opex: 10
  solar_lifetime: 20
  carbon_price: 1.0
timeseries_values:
  load_level: 242379.29994153598
  wind_year: 2017
  solar_year: 2014
  price_year: 2023
  carbon_year: 2023
storage_values:
  CAES:
    cost: 45.2346
    lifetime: 22.5014
    annual_cost: 2.010301581234945
    efficiency: 0.563878
    discharge_ratio: 0.1
    depth_of_discharge: 0.4
  Li-ion:
    cost: 244.108
    lifetime: 22.9977
    annual_cost: 10.614452749622789
    efficiency: 0.9445
    discharge_ratio: 2
    depth_of_discharge: 0.9
  Pb-acid:
    cost: 58.3543
    lifetime: 19.4857
    annual_cost: 2.994724336308164
    efficiency: 0.766219
    discharge_ratio: 5
    depth_of_discharge: 0.5
  VRBF:
    cost: 188.592
    lifetime: 15.2234
    annual_cost: 12.388296963884548
    efficiency: 0.683062
    discharge_ratio: 0.5
    depth_of_discharge: 1.0
