cost_values:
  wind_capex: 5000.0
  wind_opex: 100
  wind_lifetime: 20
  solar_capex: 1000.0
  solar_opex: 10
  solar_lifetime: 20
  carbon_price: 1.0
timeseries_values:
  load_level: 242379.29994153598
  wind_year: 2017
  solar_year: 2014
  price_year: 2023
  carbon_year: 2023
storage_values:
  CAES:
    cost: 29.4099
    lifetime: 24.022
    annual_cost: 1.2242902339522106
    efficiency: 0.563715
    discharge_ratio: 0.1
    depth_of_discharge: 0.4
  Li-ion:
    cost: 270.817
    lifetime: 21.5802
    annual_cost: 12.549327624396437
    efficiency: 0.93429
    discharge_ratio: 2
    depth_of_discharge: 0.9
  Pb-acid:
    cost: 62.007
    lifetime: 17.99
    annual_cost: 3.4467481934408006
    efficiency: 0.769608
    discharge_ratio: 5
    depth_of_discharge: 0.5
  VRBF:
    cost: 165.825
    lifetime: 13.0272
    annual_cost: 12.729135961680175
    efficiency: 0.692219
    discharge_ratio: 0.5
    depth_of_discharge: 1.0
