cost_values:
  wind_capex: 5000.0
  wind_opex: 100
  wind_lifetime: 20
  solar_capex: 1000.0
  solar_opex: 10
  solar_lifetime: 20
  carbon_price: 1.0
timeseries_values:
  load_level: 242379.29994153598
  wind_year: 2017
  solar_year: 2014
  price_year: 2023
  carbon_year: 2023
storage_values:
  CAES:
    cost: 41.273
    lifetime: 24.0268
    annual_cost: 1.717790134349976
    efficiency: 0.5663
    discharge_ratio: 0.1
    depth_of_discharge: 0.4
  Li-ion:
    cost: 256.083
    lifetime: 21.4057
    annual_cost: 11.96330883830008
    efficiency: 0.93762
    discharge_ratio: 2
    depth_of_discharge: 0.9
  Pb-acid:
    cost: 65.3309
    lifetime: 18.9095
    annual_cost: 3.4549247732621167
    efficiency: 0.771483
    discharge_ratio: 5
    depth_of_discharge: 0.5
  VRBF:
    cost: 225.416
    lifetime: 11.8044
    annual_cost: 19.095930331062995
    efficiency: 0.706358
    discharge_ratio: 0.5
    depth_of_discharge: 1.0
