cost_values:
  wind_capex: 5000.0
  wind_opex: 100
  wind_lifetime: 20
  solar_capex: 1000.0
  solar_opex: 10
  solar_lifetime: 20
  carbon_price: 1.0
timeseries_values:
  load_level: 242379.29994153598
  wind_year: 2017
  solar_year: 2014
  price_year: 2023
  carbon_year: 2023
storage_values:
  CAES:
    cost: 34.051
    lifetime: 23.9064
    annual_cost: 1.4243466184787337
    efficiency: 0.559614
    discharge_ratio: 0.1
    depth_of_discharge: 0.4
  Li-ion:
    cost: 234.974
    lifetime: 24.0464
    annual_cost: 9.771691396633177
    efficiency: 0.926455
    discharge_ratio: 2
    depth_of_discharge: 0.9
  Pb-acid:
    cost: 69.7879
    lifetime: 18.2759
    annual_cost: 3.8185752822022443
    efficiency: 0.755083
    discharge_ratio: 5
    depth_of_discharge: 0.5
  VRBF:
    cost: 193.726
    lifetime: 14.5278
    annual_cost: 13.334847671361116
    efficiency: 0.710198
    discharge_ratio: 0.5
    depth_of_discharge: 1.0
