cost_values:
  wind_capex: 5000.0
  wind_opex: 100
  wind_lifetime: 20
  solar_capex: 1000.0
  solar_opex: 10
  solar_lifetime: 20
  carbon_price: 1.0
timeseries_values:
  load_level: 242379.29994153598
  wind_year: 2017
  solar_year: 2014
  price_year: 2023
  carbon_year: 2023
storage_values:
  CAES:
    cost: 32.9874
    lifetime: 24.6887
    annual_cost: 1.3361335347750185
    efficiency: 0.55542
    discharge_ratio: 0.1
    depth_of_discharge: 0.4
  Li-ion:
    cost: 250.19
    lifetime: 22.3005
    annual_cost: 11.219030963431313
    efficiency: 0.942046
    discharge_ratio: 2
    depth_of_discharge: 0.9
  Pb-acid:
    cost: 58.0599
    lifetime: 18.609
    annual_cost: 3.1199903272610023
    efficiency: 0.76223
    discharge_ratio: 5
    depth_of_discharge: 0.5
  VRBF:
    cost: 177.002
    lifetime: 14.7872
    annual_cost: 11.969946981172907
    efficiency: 0.692172
    discharge_ratio: 0.5
    depth_of_discharge: 1.0
