cost_values:
  wind_capex: 5000.0
  wind_opex: 100
  wind_lifetime: 20
  solar_capex: 1000.0
  solar_opex: 10
  solar_lifetime: 20
  carbon_price: 1.0
timeseries_values:
  load_level: 242379.29994153598
  wind_year: 2017
  solar_year: 2014
  price_year: 2023
  carbon_year: 2023
storage_values:
  CAES:
    cost: 28.9011
    lifetime: 23.0288
    annual_cost: 1.2549980893489892
    efficiency: 0.562767
    discharge_ratio: 0.1
    depth_of_discharge: 0.4
  Li-ion:
    cost: 252.215
    lifetime: 21.6541
    annual_cost: 11.647447827432218
    efficiency: 0.933082
    discharge_ratio: 2
    depth_of_discharge: 0.9
  Pb-acid:
    cost: 71.1908
    lifetime: 17.7149
    annual_cost: 4.018696125860151
    efficiency: 0.757677
    discharge_ratio: 5
    depth_of_discharge: 0.5
  VRBF:
    cost: 185.93
    lifetime: 14.4325
    annual_cost: 12.882729949766153
    efficiency: 0.716722
    discharge_ratio: 0.5
    depth_of_discharge: 1.0
