cost_values:
  wind_capex: 5000.0
  wind_opex: 100
  wind_lifetime: 20
  solar_capex: 1000.0
  solar_opex: 10
  solar_lifetime: 20
  carbon_price: 1.0
timeseries_values:
  load_level: 242379.29994153598
  wind_year: 2017
  solar_year: 2014
  price_year: 2023
  carbon_year: 2023
storage_values:
  CAES:
    cost: 39.2839
    lifetime: 23.2506
    annual_cost: 1.6895865052944872
    efficiency: 0.571399
    discharge_ratio: 0.1
    depth_of_discharge: 0.4
  Li-ion:
    cost: 249.761
    lifetime: 22.047
    annual_cost: 11.328570780605071
    efficiency: 0.955699
    discharge_ratio: 2
    depth_of_discharge: 0.9
  Pb-acid:
    cost: 80.9309
    lifetime: 17.5285
    annual_cost: 4.617103574179193
    efficiency: 0.751596
    discharge_ratio: 5
    depth_of_discharge: 0.5
  VRBF:
    cost: 184.792
    lifetime: 11.2857
    annual_cost: 16.373995410120774
    efficiency: 0.700465
    discharge_ratio: 0.5
    depth_of_discharge: 1.0
