cost_values:
  wind_capex: 5000.0
  wind_opex: 100
  wind_lifetime: 20
  solar_capex: 1000.0
  solar_opex: 10
  solar_lifetime: 20
  carbon_price: 1.0
timeseries_values:
  load_level: 242379.29994153598
  wind_year: 2017
  solar_year: 2014
  price_year: 2023
  carbon_year: 2023
storage_values:
  CAES:
    cost: 35.327
    lifetime: 23.9288
    annual_cost: 1.4763381364715322
    efficiency: 0.563619
    discharge_ratio: 0.1
    depth_of_discharge: 0.4
  Li-ion:
    cost: 259.461
    lifetime: 22.9232
    annual_cost: 11.318707684790954
    efficiency: 0.946649
    discharge_ratio: 2
    depth_of_discharge: 0.9
  Pb-acid:
    cost: 72.1042
    lifetime: 19.197
    annual_cost: 3.756013960514664
    efficiency: 0.753488
    discharge_ratio: 5
    depth_of_discharge: 0.5
  VRBF:
    cost: 218.898
    lifetime: 13.9755
    annual_cost: 15.662981646452721
    efficiency: 0.699373
    discharge_ratio: 0.5
    depth_of_discharge: 1.0
