cost_values:
  wind_capex: 5000.0
  wind_opex: 100
  wind_lifetime: 20
  solar_capex: 1000.0
  solar_opex: 10
  solar_lifetime: 20
  carbon_price: 1.0
timeseries_values:
  load_level: 242379.29994153598
  wind_year: 2017
  solar_year: 2014
  price_year: 2023
  carbon_year: 2023
storage_values:
  CAES:
    cost: 34.1686
    lifetime: 24.0757
    annual_cost: 1.4192152253101673
    efficiency: 0.558962
    discharge_ratio: 0.1
    depth_of_discharge: 0.4
  Li-ion:
    cost: 264.438
    lifetime: 22.0187
    annual_cost: 12.009700845190679
    efficiency: 0.926554
    discharge_ratio: 2
    depth_of_discharge: 0.9
  Pb-acid:
    cost: 61.5949
    lifetime: 19.5772
    annual_cost: 3.146256870236806
    efficiency: 0.770445
    discharge_ratio: 5
    depth_of_discharge: 0.5
  VRBF:
    cost: 192.908
    lifetime: 15.7049
    annual_cost: 12.28330011652414
    efficiency: 0.6986
    discharge_ratio: 0.5
    depth_of_discharge: 1.0
