cost_values:
  wind_capex: 5000.0
  wind_opex: 100
  wind_lifetime: 20
  solar_capex: 1000.0
  solar_opex: 10
  solar_lifetime: 20
  carbon_price: 1.0
timeseries_values:
  load_level: 242379.29994153598
  wind_year: 2017
  solar_year: 2014
  price_year: 2023
  carbon_year: 2023
storage_values:
  CAES:
    cost: 37.601
    lifetime: 23.8693
    annual_cost: 1.5752870842462914
    efficiency: 0.562975
    discharge_ratio: 0.1
    depth_of_discharge: 0.4
  Li-ion:
    cost: 252.581
    lifetime: 22.8728
    annual_cost: 11.042854394739603
    efficiency: 0.911416
    discharge_ratio: 2
    depth_of_discharge: 0.9
  Pb-acid:
    cost: 91.9394
    lifetime: 19.2749
    annual_cost: 4.769902826992618
    efficiency: 0.75495
    discharge_ratio: 5
    depth_of_discharge: 0.5
  VRBF:
    cost: 208.321
    lifetime: 14.2623
    annual_cost: 14.606409905835665
    efficiency: 0.687396
    discharge_ratio: 0.5
    depth_of_discharge: 1.0
