cost_values:
  wind_capex: 5000.0
  wind_opex: 100
  wind_lifetime: 20
  solar_capex: 1000.0
  solar_opex: 10
  solar_lifetime: 20
  carbon_price: 1.0
timeseries_values:
  load_level: 242379.29994153598
  wind_year: 2017
  solar_year: 2014
  price_year: 2023
  carbon_year: 2023
storage_values:
  CAES:
    cost: 38.0259
    lifetime: 23.4946
    annual_cost: 1.6184953138167921
    efficiency: 0.567335
    discharge_ratio: 0.1
    depth_of_discharge: 0.4
  Li-ion:
    cost: 218.826
    lifetime: 20.6806
    annual_cost: 10.581221047745231
    efficiency: 0.934796
    discharge_ratio: 2
    depth_of_discharge: 0.9
  Pb-acid:
    cost: 87.6507
    lifetime: 18.6916
    annual_cost: 4.689309636414218
    efficiency: 0.759418
    discharge_ratio: 5
    depth_of_discharge: 0.5
  VRBF:
    cost: 228.789
    lifetime: 14.0319
    annual_cost: 16.304919504842537
    efficiency: 0.693108
    discharge_ratio: 0.5
    depth_of_discharge: 1.0
