cost_values:
  wind_capex: 5000.0
  wind_opex: 100
  wind_lifetime: 20
  solar_capex: 1000.0
  solar_opex: 10
  solar_lifetime: 20
  carbon_price: 1.0
timeseries_values:
  load_level: 242379.29994153598
  wind_year: 2017
  solar_year: 2014
  price_year: 2023
  carbon_year: 2023
storage_values:
  CAES:
    cost: 34.8362
    lifetime: 22.7747
    annual_cost: 1.5296008289900636
    efficiency: 0.554899
    discharge_ratio: 0.1
    depth_of_discharge: 0.4
  Li-ion:
    cost: 238.103
    lifetime: 22.1061
    annual_cost: 10.770918434278322
    efficiency: 0.9395
    discharge_ratio: 2
    depth_of_discharge: 0.9
  Pb-acid:
    cost: 70.7179
    lifetime: 19.4626
    annual_cost: 3.6335278945259115
    efficiency: 0.767843
    discharge_ratio: 5
    depth_of_discharge: 0.5
  VRBF:
    cost: 176.095
    lifetime: 13.3235
    annual_cost: 13.216872443427029
    efficiency: 0.696421
    discharge_ratio: 0.5
    depth_of_discharge: 1.0
