cost_values:
  wind_capex: 5000.0
  wind_opex: 100
  wind_lifetime: 20
  solar_capex: 1000.0
  solar_opex: 10
  solar_lifetime: 20
  carbon_price: 1.0
timeseries_values:
  load_level: 242379.29994153598
  wind_year: 2017
  solar_year: 2014
  price_year: 2023
  carbon_year: 2023
storage_values:
  CAES:
    cost: 34.1185
    lifetime: 24.2562
    annual_cost: 1.4065888308968428
    efficiency: 0.560031
    discharge_ratio: 0.1
    depth_of_discharge: 0.4
  Li-ion:
    cost: 266.388
    lifetime: 22.547
    annual_cost: 11.814786889608373
    efficiency: 0.921311
    discharge_ratio: 2
    depth_of_discharge: 0.9
  Pb-acid:
    cost: 85.1683
    lifetime: 19.7273
    annual_cost: 4.317281128182772
    efficiency: 0.768878
    discharge_ratio: 5
    depth_of_discharge: 0.5
  VRBF:
    cost: 186.208
    lifetime: 14.9604
    annual_cost: 12.44672602336836
    efficiency: 0.699306
    discharge_ratio: 0.5
    depth_of_discharge: 1.0
