cost_values:
  wind_capex: 5000.0
  wind_opex: 100
  wind_lifetime: 20
  solar_capex: 1000.0
  solar_opex: 10
  solar_lifetime: 20
  carbon_price: 1.0
timeseries_values:
  load_level: 242379.29994153598
  wind_year: 2017
  solar_year: 2014
  price_year: 2023
  carbon_year: 2023
storage_values:
  CAES:
    cost: 31.3834
    lifetime: 24.1281
    annual_cost: 1.3006991847679676
    efficiency: 0.558315
    discharge_ratio: 0.1
    depth_of_discharge: 0.4
  Li-ion:
    cost: 260.186
    lifetime: 23.5372
    annual_cost: 11.054246044559251
    efficiency: 0.934843
    discharge_ratio: 2
    depth_of_discharge: 0.9
  Pb-acid:
    cost: 85.8971
    lifetime: 19.4567
    annual_cost: 4.414782568472557
    efficiency: 0.778362
    discharge_ratio: 5
    depth_of_discharge: 0.5
  VRBF:
    cost: 199.105
    lifetime: 13.3152
    annual_cost: 14.953211367459744
    efficiency: 0.691447
    discharge_ratio: 0.5
    depth_of_discharge: 1.0
