cost_values:
  wind_capex: 5000.0
  wind_opex: 100
  wind_lifetime: 20
  solar_capex: 1000.0
  solar_opex: 10
  solar_lifetime: 20
  carbon_price: 1.0
timeseries_values:
  load_level: 242379.29994153598
  wind_year: 2017
  solar_year: 2014
  price_year: 2023
  carbon_year: 2023
storage_values:
  CAES:
    cost: 39.4778
    lifetime: 23.6446
    annual_cost: 1.6696328125660829
    efficiency: 0.560458
    discharge_ratio: 0.1
    depth_of_discharge: 0.4
  Li-ion:
    cost: 255.073
    lifetime: 23.7056
    annual_cost: 10.760031384989201
    efficiency: 0.93135
    discharge_ratio: 2
    depth_of_discharge: 0.9
  Pb-acid:
    cost: 64.5583
    lifetime: 18.223
    annual_cost: 3.542682324534929
    efficiency: 0.763533
    discharge_ratio: 5
    depth_of_discharge: 0.5
  VRBF:
    cost: 217.292
    lifetime: 15.4114
    annual_cost: 14.099432887343136
    efficiency: 0.699274
    discharge_ratio: 0.5
    depth_of_discharge: 1.0
