cost_values:
  wind_capex: 5000.0
  wind_opex: 100
  wind_lifetime: 20
  solar_capex: 1000.0
  solar_opex: 10
  solar_lifetime: 20
  carbon_price: 1.0
timeseries_values:
  load_level: 242379.29994153598
  wind_year: 2017
  solar_year: 2014
  price_year: 2023
  carbon_year: 2023
storage_values:
  CAES:
    cost: 34.6831
    lifetime: 23.444
    annual_cost: 1.4794019791844397
    efficiency: 0.55896
    discharge_ratio: 0.1
    depth_of_discharge: 0.4
  Li-ion:
    cost: 225.978
    lifetime: 22.5844
    annual_cost: 10.00593329909141
    efficiency: 0.922225
    discharge_ratio: 2
    depth_of_discharge: 0.9
  Pb-acid:
    cost: 74.7279
    lifetime: 19.3968
    annual_cost: 3.852589086859689
    efficiency: 0.751768
    discharge_ratio: 5
    depth_of_discharge: 0.5
  VRBF:
    cost: 179.928
    lifetime: 13.7275
    annual_cost: 13.107120743034056
    efficiency: 0.682611
    discharge_ratio: 0.5
    depth_of_discharge: 1.0
