cost_values:
  wind_capex: 5000.0
  wind_opex: 100
  wind_lifetime: 20
  solar_capex: 1000.0
  solar_opex: 10
  solar_lifetime: 20
  carbon_price: 1.0
timeseries_values:
  load_level: 252920.5061241066
  wind_year: 2014
  solar_year: 2018
  price_year: 2023
  carbon_year: 2023
storage_values:
  CAES:
    cost: 36.954
    lifetime: 27.7731
    annual_cost: 1.3305680676625944
    efficiency: 0.556292
    discharge_ratio: 0.1
    depth_of_discharge: 0.4
  Li-ion:
    cost: 191.379
    lifetime: 18.9485
    annual_cost: 10.099955141567934
    efficiency: 0.88383
    discharge_ratio: 2
    depth_of_discharge: 0.9
  Pb-acid:
    cost: 131.42
    lifetime: 13.5934
    annual_cost: 9.667927082260507
    efficiency: 0.72027
    discharge_ratio: 5
    depth_of_discharge: 0.5
  VRBF:
    cost: 186.368
    lifetime: 19.526
    annual_cost: 9.544607190412783
    efficiency: 0.650502
    discharge_ratio: 0.5
    depth_of_discharge: 1.0
