cost_values:
  wind_capex: 5000.0
  wind_opex: 100
  wind_lifetime: 20
  solar_capex: 1000.0
  solar_opex: 10
  solar_lifetime: 20
  carbon_price: 1.0
timeseries_values:
  load_level: 252920.5061241066
  wind_year: 2014
  solar_year: 2018
  price_year: 2023
  carbon_year: 2023
storage_values:
  CAES:
    cost: 46.6936
    lifetime: 29.1361
    annual_cost: 1.6026029564698092
    efficiency: 0.572767
    discharge_ratio: 0.1
    depth_of_discharge: 0.4
  Li-ion:
    cost: 169.217
    lifetime: 19.544
    annual_cost: 8.658258288988948
    efficiency: 0.883031
    discharge_ratio: 2
    depth_of_discharge: 0.9
  Pb-acid:
    cost: 113.478
    lifetime: 13.1192
    annual_cost: 8.64976522958717
    efficiency: 0.728492
    discharge_ratio: 5
    depth_of_discharge: 0.5
  VRBF:
    cost: 168.028
    lifetime: 21.06
    annual_cost: 7.9785375118708455
    efficiency: 0.65831
    discharge_ratio: 0.5
    depth_of_discharge: 1.0
