cost_values:
  wind_capex: 5000.0
  wind_opex: 100
  wind_lifetime: 20
  solar_capex: 1000.0
  solar_opex: 10
  solar_lifetime: 20
  carbon_price: 1.0
timeseries_values:
  load_level: 252920.5061241066
  wind_year: 2014
  solar_year: 2018
  price_year: 2023
  carbon_year: 2023
storage_values:
  CAES:
    cost: 40.1595
    lifetime: 28.2582
    annual_cost: 1.421162706754146
    efficiency: 0.568834
    discharge_ratio: 0.1
    depth_of_discharge: 0.4
  Li-ion:
    cost: 165.753
    lifetime: 18.7713
    annual_cost: 8.830128973486119
    efficiency: 0.884703
    discharge_ratio: 2
    depth_of_discharge: 0.9
  Pb-acid:
    cost: 142.468
    lifetime: 14.6965
    annual_cost: 9.694008777600107
    efficiency: 0.716642
    discharge_ratio: 5
    depth_of_discharge: 0.5
  VRBF:
    cost: 163.601
    lifetime: 18.2758
    annual_cost: 8.951783232471355
    efficiency: 0.656004
    discharge_ratio: 0.5
    depth_of_discharge: 1.0
