cost_values:
  wind_capex: 5000.0
  wind_opex: 100
  wind_lifetime: 20
  solar_capex: 1000.0
  solar_opex: 10
  solar_lifetime: 20
  carbon_price: 1.0
timeseries_values:
  load_level: 252920.5061241066
  wind_year: 2014
  solar_year: 2018
  price_year: 2023
  carbon_year: 2023
storage_values:
  CAES:
    cost: 40.7815
    lifetime: 27.5202
    annual_cost: 1.4818751317214265
    efficiency: 0.573765
    discharge_ratio: 0.1
    depth_of_discharge: 0.4
  Li-ion:
    cost: 180.084
    lifetime: 19.7788
    annual_cost: 9.104900196169636
    efficiency: 0.86767
    discharge_ratio: 2
    depth_of_discharge: 0.9
  Pb-acid:
    cost: 135.52
    lifetime: 14.4664
    annual_cost: 9.367914615937622
    efficiency: 0.733961
    discharge_ratio: 5
    depth_of_discharge: 0.5
  VRBF:
    cost: 208.998
    lifetime: 19.7864
    annual_cost: 10.56270974002345
    efficiency: 0.656623
    discharge_ratio: 0.5
    depth_of_discharge: 1.0
