cost_values:
  wind_capex: 5000.0
  wind_opex: 100
  wind_lifetime: 20
  solar_capex: 1000.0
  solar_opex: 10
  solar_lifetime: 20
  carbon_price: 1.0
timeseries_values:
  load_level: 252920.5061241066
  wind_year: 2014
  solar_year: 2018
  price_year: 2023
  carbon_year: 2023
storage_values:
  CAES:
    cost: 43.2647
    lifetime: 28.528
    annual_cost: 1.5165696859226023
    efficiency: 0.569191
    discharge_ratio: 0.1
    depth_of_discharge: 0.4
  Li-ion:
    cost: 158.587
    lifetime: 19.072
    annual_cost: 8.315174077181208
    efficiency: 0.875315
    discharge_ratio: 2
    depth_of_discharge: 0.9
  Pb-acid:
    cost: 124.181
    lifetime: 15.3427
    annual_cost: 8.093816603335787
    efficiency: 0.717891
    discharge_ratio: 5
    depth_of_discharge: 0.5
  VRBF:
    cost: 173.326
    lifetime: 19.8457
    annual_cost: 8.733680343852823
    efficiency: 0.67213
    discharge_ratio: 0.5
    depth_of_discharge: 1.0
