cost_values:
  wind_capex: 5000.0
  wind_opex: 100
  wind_lifetime: 20
  solar_capex: 1000.0
  solar_opex: 10
  solar_lifetime: 20
  carbon_price: 1.0
timeseries_values:
  load_level: 252920.5061241066
  wind_year: 2014
  solar_year: 2018
  price_year: 2023
  carbon_year: 2023
storage_values:
  CAES:
    cost: 41.9727
    lifetime: 28.5735
    annual_cost: 1.4689380019948555
    efficiency: 0.566528
    discharge_ratio: 0.1
    depth_of_discharge: 0.4
  Li-ion:
    cost: 188.11
    lifetime: 16.7296
    annual_cost: 11.244142119357306
    efficiency: 0.870106
    discharge_ratio: 2
    depth_of_discharge: 0.9
  Pb-acid:
    cost: 137.511
    lifetime: 13.4067
    annual_cost: 10.256886482132067
    efficiency: 0.732418
    discharge_ratio: 5
    depth_of_discharge: 0.5
  VRBF:
    cost: 149.024
    lifetime: 18.1662
    annual_cost: 8.203366691988418
    efficiency: 0.676486
    discharge_ratio: 0.5
    depth_of_discharge: 1.0
