cost_values:
  wind_capex: 5000.0
  wind_opex: 100
  wind_lifetime: 20
  solar_capex: 1000.0
  solar_opex: 10
  solar_lifetime: 20
  carbon_price: 1.0
timeseries_values:
  load_level: 252920.5061241066
  wind_year: 2014
  solar_year: 2018
  price_year: 2023
  carbon_year: 2023
storage_values:
  CAES:
    cost: 44.0945
    lifetime: 28.2634
    annual_cost: 1.5601272316847936
    efficiency: 0.573068
    discharge_ratio: 0.1
    depth_of_discharge: 0.4
  Li-ion:
    cost: 186.546
    lifetime: 18.7059
    annual_cost: 9.972575497570284
    efficiency: 0.876393
    discharge_ratio: 2
    depth_of_discharge: 0.9
  Pb-acid:
    cost: 143.072
    lifetime: 14.1856
    annual_cost: 10.08572073088202
    efficiency: 0.71099
    discharge_ratio: 5
    depth_of_discharge: 0.5
  VRBF:
    cost: 190.086
    lifetime: 20.7191
    annual_cost: 9.174433252409612
    efficiency: 0.654896
    discharge_ratio: 0.5
    depth_of_discharge: 1.0
