cost_values:
  wind_capex: 5000.0
  wind_opex: 100
  wind_lifetime: 20
  solar_capex: 1000.0
  solar_opex: 10
  solar_lifetime: 20
  carbon_price: 1.0
timeseries_values:
  load_level: 252920.5061241066
  wind_year: 2014
  solar_year: 2018
  price_year: 2023
  carbon_year: 2023
storage_values:
  CAES:
    cost: 48.1771
    lifetime: 28.2408
    annual_cost: 1.7059396334381463
    efficiency: 0.573244
    discharge_ratio: 0.1
    depth_of_discharge: 0.4
  Li-ion:
    cost: 205.329
    lifetime: 19.8056
    annual_cost: 10.367219372298745
    efficiency: 0.867511
    discharge_ratio: 2
    depth_of_discharge: 0.9
  Pb-acid:
    cost: 115.036
    lifetime: 14.1164
    annual_cost: 8.149103170780085
    efficiency: 0.712263
    discharge_ratio: 5
    depth_of_discharge: 0.5
  VRBF:
    cost: 217.383
    lifetime: 18.1574
    annual_cost: 11.972143588839813
    efficiency: 0.672169
    discharge_ratio: 0.5
    depth_of_discharge: 1.0
