cost_values:
  wind_capex: 5000.0
  wind_opex: 100
  wind_lifetime: 20
  solar_capex: 1000.0
  solar_opex: 10
  solar_lifetime: 20
  carbon_price: 1.0
timeseries_values:
  load_level: 252920.5061241066
  wind_year: 2014
  solar_year: 2018
  price_year: 2023
  carbon_year: 2023
storage_values:
  CAES:
    cost: 39.0754
    lifetime: 28.1112
    annual_cost: 1.390029596744358
    efficiency: 0.573967
    discharge_ratio: 0.1
    depth_of_discharge: 0.4
  Li-ion:
    cost: 168.457
    lifetime: 20.1004
    annual_cost: 8.38077849197031
    efficiency: 0.871081
    discharge_ratio: 2
    depth_of_discharge: 0.9
  Pb-acid:
    cost: 124.27
    lifetime: 14.8415
    annual_cost: 8.373142876393896
    efficiency: 0.713478
    discharge_ratio: 5
    depth_of_discharge: 0.5
  VRBF:
    cost: 197.71
    lifetime: 19.0997
    annual_cost: 10.351471489080982
    efficiency: 0.65639
    discharge_ratio: 0.5
    depth_of_discharge: 1.0
