cost_values:
  wind_capex: 5000.0
  wind_opex: 100
  wind_lifetime: 20
  solar_capex: 1000.0
  solar_opex: 10
  solar_lifetime: 20
  carbon_price: 1.0
timeseries_values:
  load_level: 252920.5061241066
  wind_year: 2014
  solar_year: 2018
  price_year: 2023
  carbon_year: 2023
storage_values:
  CAES:
    cost: 39.5
    lifetime: 28.7127
    annual_cost: 1.375697861921728
    efficiency: 0.569709
    discharge_ratio: 0.1
    depth_of_discharge: 0.4
  Li-ion:
    cost: 167.6
    lifetime: 18.4246
    annual_cost: 9.0965339817418
    efficiency: 0.867185
    discharge_ratio: 2
    depth_of_discharge: 0.9
  Pb-acid:
    cost: 129.317
    lifetime: 14.1075
    annual_cost: 9.166542619174198
    efficiency: 0.737127
    discharge_ratio: 5
    depth_of_discharge: 0.5
  VRBF:
    cost: 199.461
    lifetime: 20.0973
    annual_cost: 9.924766013345076
    efficiency: 0.661427
    discharge_ratio: 0.5
    depth_of_discharge: 1.0
