cost_values:
  wind_capex: 5000.0
  wind_opex: 100
  wind_lifetime: 20
  solar_capex: 1000.0
  solar_opex: 10
  solar_lifetime: 20
  carbon_price: 1.0
timeseries_values:
  load_level: 252920.5061241066
  wind_year: 2014
  solar_year: 2018
  price_year: 2023
  carbon_year: 2023
storage_values:
  CAES:
    cost: 40.4303
    lifetime: 28.5131
    annual_cost: 1.4179552556544186
    efficiency: 0.573444
    discharge_ratio: 0.1
    depth_of_discharge: 0.4
  Li-ion:
    cost: 193.559
    lifetime: 21.1041
    annual_cost: 9.17163015717325
    efficiency: 0.868616
    discharge_ratio: 2
    depth_of_discharge: 0.9
  Pb-acid:
    cost: 131.233
    lifetime: 13.9516
    annual_cost: 9.406304653229737
    efficiency: 0.73578
    discharge_ratio: 5
    depth_of_discharge: 0.5
  VRBF:
    cost: 220.222
    lifetime: 20.2961
    annual_cost: 10.850458955168728
    efficiency: 0.662027
    discharge_ratio: 0.5
    depth_of_discharge: 1.0
