cost_values:
  wind_capex: 5000.0
  wind_opex: 100
  wind_lifetime: 20
  solar_capex: 1000.0
  solar_opex: 10
  solar_lifetime: 20
  carbon_price: 1.0
timeseries_values:
  load_level: 252920.5061241066
  wind_year: 2014
  solar_year: 2018
  price_year: 2023
  carbon_year: 2023
storage_values:
  CAES:
    cost: 42.563
    lifetime: 29.0312
    annual_cost: 1.4661123205379043
    efficiency: 0.573624
    discharge_ratio: 0.1
    depth_of_discharge: 0.4
  Li-ion:
    cost: 159.932
    lifetime: 17.8626
    annual_cost: 8.953455823900216
    efficiency: 0.875479
    discharge_ratio: 2
    depth_of_discharge: 0.9
  Pb-acid:
    cost: 119.37
    lifetime: 14.8875
    annual_cost: 8.018136020151134
    efficiency: 0.721437
    discharge_ratio: 5
    depth_of_discharge: 0.5
  VRBF:
    cost: 175.572
    lifetime: 18.9146
    annual_cost: 9.282353314370908
    efficiency: 0.663598
    discharge_ratio: 0.5
    depth_of_discharge: 1.0
