cost_values:
  wind_capex: 5000.0
  wind_opex: 100
  wind_lifetime: 20
  solar_capex: 1000.0
  solar_opex: 10
  solar_lifetime: 20
  carbon_price: 1.0
timeseries_values:
  load_level: 252920.5061241066
  wind_year: 2014
  solar_year: 2018
  price_year: 2023
  carbon_year: 2023
storage_values:
  CAES:
    cost: 46.1962
    lifetime: 28.1029
    annual_cost: 1.6438232353244682
    efficiency: 0.57115
    discharge_ratio: 0.1
    depth_of_discharge: 0.4
  Li-ion:
    cost: 173.727
    lifetime: 19.9738
    annual_cost: 8.697744044698554
    efficiency: 0.873464
    discharge_ratio: 2
    depth_of_discharge: 0.9
  Pb-acid:
    cost: 128.865
    lifetime: 15.2409
    annual_cost: 8.455209338031219
    efficiency: 0.711791
    discharge_ratio: 5
    depth_of_discharge: 0.5
  VRBF:
    cost: 198.295
    lifetime: 18.831
    annual_cost: 10.530242684934416
    efficiency: 0.663595
    discharge_ratio: 0.5
    depth_of_discharge: 1.0
