cost_values:
  wind_capex: 5000.0
  wind_opex: 100
  wind_lifetime: 20
  solar_capex: 1000.0
  solar_opex: 10
  solar_lifetime: 20
  carbon_price: 1.0
timeseries_values:
  load_level: 252920.5061241066
  wind_year: 2014
  solar_year: 2018
  price_year: 2023
  carbon_year: 2023
storage_values:
  CAES:
    cost: 45.3829
    lifetime: 27.3482
    annual_cost: 1.65944742249947
    efficiency: 0.57504
    discharge_ratio: 0.1
    depth_of_discharge: 0.4
  Li-ion:
    cost: 165.453
    lifetime: 21.3508
    annual_cost: 7.749264664555895
    efficiency: 0.86383
    discharge_ratio: 2
    depth_of_discharge: 0.9
  Pb-acid:
    cost: 156.082
    lifetime: 15.9439
    annual_cost: 9.789449256455447
    efficiency: 0.736179
    discharge_ratio: 5
    depth_of_discharge: 0.5
  VRBF:
    cost: 194.984
    lifetime: 21.1389
    annual_cost: 9.22394258925488
    efficiency: 0.653404
    discharge_ratio: 0.5
    depth_of_discharge: 1.0
