cost_values:
  wind_capex: 5000.0
  wind_opex: 100
  wind_lifetime: 20
  solar_capex: 1000.0
  solar_opex: 10
  solar_lifetime: 20
  carbon_price: 1.0
timeseries_values:
  load_level: 252920.5061241066
  wind_year: 2014
  solar_year: 2018
  price_year: 2023
  carbon_year: 2023
storage_values:
  CAES:
    cost: 38.5611
    lifetime: 28.3822
    annual_cost: 1.358636751203219
    efficiency: 0.573841
    discharge_ratio: 0.1
    depth_of_discharge: 0.4
  Li-ion:
    cost: 170.607
    lifetime: 18.3865
    annual_cost: 9.278927473961874
    efficiency: 0.881994
    discharge_ratio: 2
    depth_of_discharge: 0.9
  Pb-acid:
    cost: 135.714
    lifetime: 15.246
    annual_cost: 8.901613537977173
    efficiency: 0.724733
    discharge_ratio: 5
    depth_of_discharge: 0.5
  VRBF:
    cost: 197.325
    lifetime: 18.2715
    annual_cost: 10.799605943682785
    efficiency: 0.661214
    discharge_ratio: 0.5
    depth_of_discharge: 1.0
