cost_values:
  wind_capex: 5000.0
  wind_opex: 100
  wind_lifetime: 20
  solar_capex: 1000.0
  solar_opex: 10
  solar_lifetime: 20
  carbon_price: 1.0
timeseries_values:
  load_level: 252920.5061241066
  wind_year: 2014
  solar_year: 2018
  price_year: 2023
  carbon_year: 2023
storage_values:
  CAES:
    cost: 46.6641
    lifetime: 27.8225
    annual_cost: 1.6772072962530324
    efficiency: 0.557885
    discharge_ratio: 0.1
    depth_of_discharge: 0.4
  Li-ion:
    cost: 186.397
    lifetime: 18.1067
    annual_cost: 10.29436617384725
    efficiency: 0.883035
    discharge_ratio: 2
    depth_of_discharge: 0.9
  Pb-acid:
    cost: 116.909
    lifetime: 15.2575
    annual_cost: 7.662395543175488
    efficiency: 0.730391
    discharge_ratio: 5
    depth_of_discharge: 0.5
  VRBF:
    cost: 193.365
    lifetime: 17.2981
    annual_cost: 11.17839531509241
    efficiency: 0.684539
    discharge_ratio: 0.5
    depth_of_discharge: 1.0
