cost_values:
  wind_capex: 5000.0
  wind_opex: 100
  wind_lifetime: 20
  solar_capex: 1000.0
  solar_opex: 10
  solar_lifetime: 20
  carbon_price: 1.0
timeseries_values:
  load_level: 252920.5061241066
  wind_year: 2014
  solar_year: 2018
  price_year: 2023
  carbon_year: 2023
storage_values:
  CAES:
    cost: 42.7147
    lifetime: 27.8055
    annual_cost: 1.5361960763158369
    efficiency: 0.575673
    discharge_ratio: 0.1
    depth_of_discharge: 0.4
  Li-ion:
    cost: 181.935
    lifetime: 18.4549
    annual_cost: 9.85835740101545
    efficiency: 0.890125
    discharge_ratio: 2
    depth_of_discharge: 0.9
  Pb-acid:
    cost: 137.741
    lifetime: 14.0721
    annual_cost: 9.788233454850378
    efficiency: 0.732291
    discharge_ratio: 5
    depth_of_discharge: 0.5
  VRBF:
    cost: 184.423
    lifetime: 19.8034
    annual_cost: 9.312693779855984
    efficiency: 0.654347
    discharge_ratio: 0.5
    depth_of_discharge: 1.0
