cost_values:
  wind_capex: 5000.0
  wind_opex: 100
  wind_lifetime: 20
  solar_capex: 1000.0
  solar_opex: 10
  solar_lifetime: 20
  carbon_price: 1.0
timeseries_values:
  load_level: 252920.5061241066
  wind_year: 2014
  solar_year: 2018
  price_year: 2023
  carbon_year: 2023
storage_values:
  CAES:
    cost: 45.2459
    lifetime: 28.3193
    annual_cost: 1.5977054517590479
    efficiency: 0.568106
    discharge_ratio: 0.1
    depth_of_discharge: 0.4
  Li-ion:
    cost: 171.618
    lifetime: 19.5255
    annual_cost: 8.789429207958822
    efficiency: 0.862191
    discharge_ratio: 2
    depth_of_discharge: 0.9
  Pb-acid:
    cost: 133.47
    lifetime: 15.0366
    annual_cost: 8.876341726188102
    efficiency: 0.711519
    discharge_ratio: 5
    depth_of_discharge: 0.5
  VRBF:
    cost: 188.594
    lifetime: 19.113
    annual_cost: 9.867315439753048
    efficiency: 0.651406
    discharge_ratio: 0.5
    depth_of_discharge: 1.0
