cost_values:
  wind_capex: 5000.0
  wind_opex: 100
  wind_lifetime: 20
  solar_capex: 1000.0
  solar_opex: 10
  solar_lifetime: 20
  carbon_price: 1.0
timeseries_values:
  load_level: 252920.5061241066
  wind_year: 2014
  solar_year: 2018
  price_year: 2023
  carbon_year: 2023
storage_values:
  CAES:
    cost: 48.2276
    lifetime: 27.2941
    annual_cost: 1.7669606251900594
    efficiency: 0.558329
    discharge_ratio: 0.1
    depth_of_discharge: 0.4
  Li-ion:
    cost: 169.075
    lifetime: 19.681
    annual_cost: 8.590772826584015
    efficiency: 0.869208
    discharge_ratio: 2
    depth_of_discharge: 0.9
  Pb-acid:
    cost: 132.771
    lifetime: 11.8473
    annual_cost: 11.206857258615885
    efficiency: 0.733549
    discharge_ratio: 5
    depth_of_discharge: 0.5
  VRBF:
    cost: 178.905
    lifetime: 19.9087
    annual_cost: 8.986272333201063
    efficiency: 0.659423
    discharge_ratio: 0.5
    depth_of_discharge: 1.0
