cost_values:
  wind_capex: 5000.0
  wind_opex: 100
  wind_lifetime: 20
  solar_capex: 1000.0
  solar_opex: 10
  solar_lifetime: 20
  carbon_price: 1.0
timeseries_values:
  load_level: 252920.5061241066
  wind_year: 2014
  solar_year: 2018
  price_year: 2023
  carbon_year: 2023
storage_values:
  CAES:
    cost: 41.3668
    lifetime: 28.5332
    annual_cost: 1.4497778027000126
    efficiency: 0.5656
    discharge_ratio: 0.1
    depth_of_discharge: 0.4
  Li-ion:
    cost: 170.25
    lifetime: 19.3987
    annual_cost: 8.776361302561511
    efficiency: 0.873086
    discharge_ratio: 2
    depth_of_discharge: 0.9
  Pb-acid:
    cost: 121.648
    lifetime: 12.3986
    annual_cost: 9.811430322778378
    efficiency: 0.726488
    discharge_ratio: 5
    depth_of_discharge: 0.5
  VRBF:
    cost: 203.089
    lifetime: 18.2369
    annual_cost: 11.136158009310794
    efficiency: 0.667799
    discharge_ratio: 0.5
    depth_of_discharge: 1.0
