cost_values:
  wind_capex: 5000.0
  wind_opex: 100
  wind_lifetime: 20
  solar_capex: 1000.0
  solar_opex: 10
  solar_lifetime: 20
  carbon_price: 1.0
timeseries_values:
  load_level: 252920.5061241066
  wind_year: 2014
  solar_year: 2018
  price_year: 2023
  carbon_year: 2023
storage_values:
  CAES:
    cost: 41.802
    lifetime: 28.1504
    annual_cost: 1.4849522564510629
    efficiency: 0.571229
    discharge_ratio: 0.1
    depth_of_discharge: 0.4
  Li-ion:
    cost: 175.394
    lifetime: 18.6256
    annual_cost: 9.416824156000345
    efficiency: 0.865681
    discharge_ratio: 2
    depth_of_discharge: 0.9
  Pb-acid:
    cost: 144.841
    lifetime: 14.0927
    annual_cost: 10.277732443037886
    efficiency: 0.725861
    discharge_ratio: 5
    depth_of_discharge: 0.5
  VRBF:
    cost: 218.804
    lifetime: 18.2562
    annual_cost: 11.98518859346414
    efficiency: 0.651102
    discharge_ratio: 0.5
    depth_of_discharge: 1.0
