cost_values:
  wind_capex: 5000.0
  wind_opex: 100
  wind_lifetime: 20
  solar_capex: 1000.0
  solar_opex: 10
  solar_lifetime: 20
  carbon_price: 1.0
timeseries_values:
  load_level: 252920.5061241066
  wind_year: 2014
  solar_year: 2018
  price_year: 2023
  carbon_year: 2023
storage_values:
  CAES:
    cost: 42.5218
    lifetime: 27.9731
    annual_cost: 1.520096092317262
    efficiency: 0.57511
    discharge_ratio: 0.1
    depth_of_discharge: 0.4
  Li-ion:
    cost: 171.913
    lifetime: 20.0494
    annual_cost: 8.57447105649047
    efficiency: 0.891689
    discharge_ratio: 2
    depth_of_discharge: 0.9
  Pb-acid:
    cost: 135.229
    lifetime: 15.6584
    annual_cost: 8.636195268993001
    efficiency: 0.728096
    discharge_ratio: 5
    depth_of_discharge: 0.5
  VRBF:
    cost: 198.56
    lifetime: 19.3117
    annual_cost: 10.281849863036399
    efficiency: 0.661927
    discharge_ratio: 0.5
    depth_of_discharge: 1.0
