cost_values:
  wind_capex: 5000.0
  wind_opex: 100
  wind_lifetime: 20
  solar_capex: 1000.0
  solar_opex: 10
  solar_lifetime: 20
  carbon_price: 1.0
timeseries_values:
  load_level: 252920.5061241066
  wind_year: 2014
  solar_year: 2018
  price_year: 2023
  carbon_year: 2023
storage_values:
  CAES:
    cost: 38.6168
    lifetime: 28.7879
    annual_cost: 1.3414246957923293
    efficiency: 0.565022
    discharge_ratio: 0.1
    depth_of_discharge: 0.4
  Li-ion:
    cost: 170.559
    lifetime: 19.3173
    annual_cost: 8.829339503967946
    efficiency: 0.87334
    discharge_ratio: 2
    depth_of_discharge: 0.9
  Pb-acid:
    cost: 133.638
    lifetime: 14.1555
    annual_cost: 9.440712090706793
    efficiency: 0.730808
    discharge_ratio: 5
    depth_of_discharge: 0.5
  VRBF:
    cost: 197.729
    lifetime: 19.8681
    annual_cost: 9.952083993940036
    efficiency: 0.658364
    discharge_ratio: 0.5
    depth_of_discharge: 1.0
