cost_values:
  wind_capex: 5000.0
  wind_opex: 100
  wind_lifetime: 20
  solar_capex: 1000.0
  solar_opex: 10
  solar_lifetime: 20
  carbon_price: 1.0
timeseries_values:
  load_level: 252920.5061241066
  wind_year: 2014
  solar_year: 2018
  price_year: 2023
  carbon_year: 2023
storage_values:
  CAES:
    cost: 37.5549
    lifetime: 27.0775
    annual_cost: 1.3869411873326563
    efficiency: 0.576442
    discharge_ratio: 0.1
    depth_of_discharge: 0.4
  Li-ion:
    cost: 160.414
    lifetime: 19.5876
    annual_cost: 8.189568910943658
    efficiency: 0.884592
    discharge_ratio: 2
    depth_of_discharge: 0.9
  Pb-acid:
    cost: 139.598
    lifetime: 15.5215
    annual_cost: 8.993847244145218
    efficiency: 0.709099
    discharge_ratio: 5
    depth_of_discharge: 0.5
  VRBF:
    cost: 169.559
    lifetime: 19.8988
    annual_cost: 8.521066596980722
    efficiency: 0.663927
    discharge_ratio: 0.5
    depth_of_discharge: 1.0
