cost_values:
  wind_capex: 5000.0
  wind_opex: 100
  wind_lifetime: 20
  solar_capex: 1000.0
  solar_opex: 10
  solar_lifetime: 20
  carbon_price: 1.0
timeseries_values:
  load_level: 252920.5061241066
  wind_year: 2014
  solar_year: 2018
  price_year: 2023
  carbon_year: 2023
storage_values:
  CAES:
    cost: 40.8336
    lifetime: 27.9635
    annual_cost: 1.4602463926189495
    efficiency: 0.557494
    discharge_ratio: 0.1
    depth_of_discharge: 0.4
  Li-ion:
    cost: 172.311
    lifetime: 20.1635
    annual_cost: 8.545688992486424
    efficiency: 0.877546
    discharge_ratio: 2
    depth_of_discharge: 0.9
  Pb-acid:
    cost: 115.96
    lifetime: 15.4569
    annual_cost: 7.502151142855294
    efficiency: 0.72461
    discharge_ratio: 5
    depth_of_discharge: 0.5
  VRBF:
    cost: 198.718
    lifetime: 19.3628
    annual_cost: 10.262875203999421
    efficiency: 0.68299
    discharge_ratio: 0.5
    depth_of_discharge: 1.0
