cost_values:
  wind_capex: 5000.0
  wind_opex: 100
  wind_lifetime: 20
  solar_capex: 1000.0
  solar_opex: 10
  solar_lifetime: 20
  carbon_price: 1.0
timeseries_values:
  load_level: 252920.5061241066
  wind_year: 2014
  solar_year: 2018
  price_year: 2023
  carbon_year: 2023
storage_values:
  CAES:
    cost: 43.0787
    lifetime: 27.2836
    annual_cost: 1.5789228694160593
    efficiency: 0.574268
    discharge_ratio: 0.1
    depth_of_discharge: 0.4
  Li-ion:
    cost: 163.524
    lifetime: 18.8843
    annual_cost: 8.659256631169807
    efficiency: 0.867621
    discharge_ratio: 2
    depth_of_discharge: 0.9
  Pb-acid:
    cost: 132.97
    lifetime: 13.2897
    annual_cost: 10.005492975763184
    efficiency: 0.717347
    discharge_ratio: 5
    depth_of_discharge: 0.5
  VRBF:
    cost: 196.301
    lifetime: 20.0181
    annual_cost: 9.806175411252815
    efficiency: 0.661194
    discharge_ratio: 0.5
    depth_of_discharge: 1.0
