cost_values:
  wind_capex: 5000.0
  wind_opex: 100
  wind_lifetime: 20
  solar_capex: 1000.0
  solar_opex: 10
  solar_lifetime: 20
  carbon_price: 1.0
timeseries_values:
  load_level: 252920.5061241066
  wind_year: 2014
  solar_year: 2018
  price_year: 2023
  carbon_year: 2023
storage_values:
  CAES:
    cost: 43.3759
    lifetime: 27.599
    annual_cost: 1.571647523460995
    efficiency: 0.573947
    discharge_ratio: 0.1
    depth_of_discharge: 0.4
  Li-ion:
    cost: 175.362
    lifetime: 20.4645
    annual_cost: 8.569083046250825
    efficiency: 0.869397
    discharge_ratio: 2
    depth_of_discharge: 0.9
  Pb-acid:
    cost: 124.797
    lifetime: 14.4927
    annual_cost: 8.611024860791986
    efficiency: 0.727554
    discharge_ratio: 5
    depth_of_discharge: 0.5
  VRBF:
    cost: 171.589
    lifetime: 17.8149
    annual_cost: 9.631768912539503
    efficiency: 0.662046
    discharge_ratio: 0.5
    depth_of_discharge: 1.0
