cost_values:
  wind_capex: 5000.0
  wind_opex: 100
  wind_lifetime: 20
  solar_capex: 1000.0
  solar_opex: 10
  solar_lifetime: 20
  carbon_price: 1.0
timeseries_values:
  load_level: 252920.5061241066
  wind_year: 2014
  solar_year: 2018
  price_year: 2023
  carbon_year: 2023
storage_values:
  CAES:
    cost: 35.35
    lifetime: 27.8476
    annual_cost: 1.2694092130021977
    efficiency: 0.558936
    discharge_ratio: 0.1
    depth_of_discharge: 0.4
  Li-ion:
    cost: 179.273
    lifetime: 19.0084
    annual_cost: 9.431251446728814
    efficiency: 0.878749
    discharge_ratio: 2
    depth_of_discharge: 0.9
  Pb-acid:
    cost: 114.575
    lifetime: 13.5231
    annual_cost: 8.47253958042165
    efficiency: 0.722304
    discharge_ratio: 5
    depth_of_discharge: 0.5
  VRBF:
    cost: 178.938
    lifetime: 19.0206
    annual_cost: 9.407589665941137
    efficiency: 0.659071
    discharge_ratio: 0.5
    depth_of_discharge: 1.0
