cost_values:
  wind_capex: 5000.0
  wind_opex: 100
  wind_lifetime: 20
  solar_capex: 1000.0
  solar_opex: 10
  solar_lifetime: 20
  carbon_price: 1.0
timeseries_values:
  load_level: 252920.5061241066
  wind_year: 2014
  solar_year: 2018
  price_year: 2023
  carbon_year: 2023
storage_values:
  CAES:
    cost: 41.1137
    lifetime: 27.4342
    annual_cost: 1.4986294479153757
    efficiency: 0.579263
    discharge_ratio: 0.1
    depth_of_discharge: 0.4
  Li-ion:
    cost: 181.515
    lifetime: 19.0205
    annual_cost: 9.54312452354039
    efficiency: 0.865615
    discharge_ratio: 2
    depth_of_discharge: 0.9
  Pb-acid:
    cost: 119.42
    lifetime: 13.11
    annual_cost: 9.109077040427156
    efficiency: 0.730305
    discharge_ratio: 5
    depth_of_discharge: 0.5
  VRBF:
    cost: 189.377
    lifetime: 18.1726
    annual_cost: 10.421018456357373
    efficiency: 0.656487
    discharge_ratio: 0.5
    depth_of_discharge: 1.0
