cost_values:
  wind_capex: 5000.0
  wind_opex: 100
  wind_lifetime: 20
  solar_capex: 1000.0
  solar_opex: 10
  solar_lifetime: 20
  carbon_price: 1.0
timeseries_values:
  load_level: 252920.5061241066
  wind_year: 2014
  solar_year: 2018
  price_year: 2023
  carbon_year: 2023
storage_values:
  CAES:
    cost: 47.756
    lifetime: 27.9292
    annual_cost: 1.7098950202655285
    efficiency: 0.567497
    discharge_ratio: 0.1
    depth_of_discharge: 0.4
  Li-ion:
    cost: 173.917
    lifetime: 18.9628
    annual_cost: 9.171483114308012
    efficiency: 0.870493
    discharge_ratio: 2
    depth_of_discharge: 0.9
  Pb-acid:
    cost: 116.163
    lifetime: 12.7335
    annual_cost: 9.122629284957004
    efficiency: 0.72669
    discharge_ratio: 5
    depth_of_discharge: 0.5
  VRBF:
    cost: 204.511
    lifetime: 22.2473
    annual_cost: 9.192621127058114
    efficiency: 0.665746
    discharge_ratio: 0.5
    depth_of_discharge: 1.0
