cost_values:
  wind_capex: 5000.0
  wind_opex: 100
  wind_lifetime: 20
  solar_capex: 1000.0
  solar_opex: 10
  solar_lifetime: 20
  carbon_price: 1.0
timeseries_values:
  load_level: 252920.5061241066
  wind_year: 2014
  solar_year: 2018
  price_year: 2023
  carbon_year: 2023
storage_values:
  CAES:
    cost: 38.5782
    lifetime: 28.9083
    annual_cost: 1.3345025477112111
    efficiency: 0.564587
    discharge_ratio: 0.1
    depth_of_discharge: 0.4
  Li-ion:
    cost: 161.73
    lifetime: 18.4391
    annual_cost: 8.771035462685271
    efficiency: 0.870785
    discharge_ratio: 2
    depth_of_discharge: 0.9
  Pb-acid:
    cost: 128.728
    lifetime: 13.1896
    annual_cost: 9.759810759992721
    efficiency: 0.723387
    discharge_ratio: 5
    depth_of_discharge: 0.5
  VRBF:
    cost: 206.172
    lifetime: 19.1851
    annual_cost: 10.746464704379962
    efficiency: 0.659967
    discharge_ratio: 0.5
    depth_of_discharge: 1.0
