cost_values:
  wind_capex: 5000.0
  wind_opex: 100
  wind_lifetime: 20
  solar_capex: 1000.0
  solar_opex: 10
  solar_lifetime: 20
  carbon_price: 1.0
timeseries_values:
  load_level: 252920.5061241066
  wind_year: 2014
  solar_year: 2018
  price_year: 2023
  carbon_year: 2023
storage_values:
  CAES:
    cost: 40.0404
    lifetime: 27.1763
    annual_cost: 1.473357300294742
    efficiency: 0.56494
    discharge_ratio: 0.1
    depth_of_discharge: 0.4
  Li-ion:
    cost: 179.254
    lifetime: 19.4885
    annual_cost: 9.197937245041949
    efficiency: 0.88295
    discharge_ratio: 2
    depth_of_discharge: 0.9
  Pb-acid:
    cost: 116.093
    lifetime: 13.9413
    annual_cost: 8.32727220560493
    efficiency: 0.723228
    discharge_ratio: 5
    depth_of_discharge: 0.5
  VRBF:
    cost: 183.335
    lifetime: 20.82
    annual_cost: 8.805715658021134
    efficiency: 0.676592
    discharge_ratio: 0.5
    depth_of_discharge: 1.0
