cost_values:
  wind_capex: 5000.0
  wind_opex: 100
  wind_lifetime: 20
  solar_capex: 1000.0
  solar_opex: 10
  solar_lifetime: 20
  carbon_price: 1.0
timeseries_values:
  load_level: 252920.5061241066
  wind_year: 2014
  solar_year: 2018
  price_year: 2023
  carbon_year: 2023
storage_values:
  CAES:
    cost: 44.0288
    lifetime: 28.921
    annual_cost: 1.5223816603851872
    efficiency: 0.573684
    discharge_ratio: 0.1
    depth_of_discharge: 0.4
  Li-ion:
    cost: 181.295
    lifetime: 19.709
    annual_cost: 9.198589476888731
    efficiency: 0.866512
    discharge_ratio: 2
    depth_of_discharge: 0.9
  Pb-acid:
    cost: 132.589
    lifetime: 14.9178
    annual_cost: 8.887972757377094
    efficiency: 0.734283
    discharge_ratio: 5
    depth_of_discharge: 0.5
  VRBF:
    cost: 218.901
    lifetime: 18.9852
    annual_cost: 11.530086593767779
    efficiency: 0.660016
    discharge_ratio: 0.5
    depth_of_discharge: 1.0
