cost_values:
  wind_capex: 5000.0
  wind_opex: 100
  wind_lifetime: 20
  solar_capex: 1000.0
  solar_opex: 10
  solar_lifetime: 20
  carbon_price: 1.0
timeseries_values:
  load_level: 252920.5061241066
  wind_year: 2014
  solar_year: 2018
  price_year: 2023
  carbon_year: 2023
storage_values:
  CAES:
    cost: 45.9601
    lifetime: 28.6466
    annual_cost: 1.6043823699845705
    efficiency: 0.563728
    discharge_ratio: 0.1
    depth_of_discharge: 0.4
  Li-ion:
    cost: 161.857
    lifetime: 19.5609
    annual_cost: 8.274517021200456
    efficiency: 0.863886
    discharge_ratio: 2
    depth_of_discharge: 0.9
  Pb-acid:
    cost: 116.196
    lifetime: 14.3821
    annual_cost: 8.079209573010896
    efficiency: 0.706902
    discharge_ratio: 5
    depth_of_discharge: 0.5
  VRBF:
    cost: 199.501
    lifetime: 18.3908
    annual_cost: 10.847869586967398
    efficiency: 0.665775
    discharge_ratio: 0.5
    depth_of_discharge: 1.0
