cost_values:
  wind_capex: 5000.0
  wind_opex: 100
  wind_lifetime: 20
  solar_capex: 1000.0
  solar_opex: 10
  solar_lifetime: 20
  carbon_price: 1.0
timeseries_values:
  load_level: 252920.5061241066
  wind_year: 2014
  solar_year: 2018
  price_year: 2023
  carbon_year: 2023
storage_values:
  CAES:
    cost: 35.0578
    lifetime: 28.6359
    annual_cost: 1.2242604562804034
    efficiency: 0.579264
    discharge_ratio: 0.1
    depth_of_discharge: 0.4
  Li-ion:
    cost: 166.497
    lifetime: 21.2202
    annual_cost: 7.84615602114966
    efficiency: 0.872648
    discharge_ratio: 2
    depth_of_discharge: 0.9
  Pb-acid:
    cost: 135.227
    lifetime: 13.0316
    annual_cost: 10.376853187636208
    efficiency: 0.730001
    discharge_ratio: 5
    depth_of_discharge: 0.5
  VRBF:
    cost: 185.167
    lifetime: 19.3632
    annual_cost: 9.56283052388035
    efficiency: 0.659333
    discharge_ratio: 0.5
    depth_of_discharge: 1.0
