cost_values:
  wind_capex: 5000.0
  wind_opex: 100
  wind_lifetime: 20
  solar_capex: 1000.0
  solar_opex: 10
  solar_lifetime: 20
  carbon_price: 1.0
timeseries_values:
  load_level: 217621.60989347665
  wind_year: 2014
  solar_year: 2019
  price_year: 2023
  carbon_year: 2023
storage_values:
  CAES:
    cost: 71.957
    lifetime: 27.7337
    annual_cost: 2.5945690621878796
    efficiency: 0.618804
    discharge_ratio: 0.1
    depth_of_discharge: 0.4
  Li-ion:
    cost: 188.28
    lifetime: 14.7311
    annual_cost: 12.781122930398952
    efficiency: 0.891967
    discharge_ratio: 2
    depth_of_discharge: 0.9
  Pb-acid:
    cost: 107.809
    lifetime: 13.8157
    annual_cost: 7.8033686313397075
    efficiency: 0.754969
    discharge_ratio: 5
    depth_of_discharge: 0.5
  VRBF:
    cost: 279.502
    lifetime: 17.1469
    annual_cost: 16.300439146434634
    efficiency: 0.809648
    discharge_ratio: 0.5
    depth_of_discharge: 1.0
