cost_values:
  wind_capex: 5000.0
  wind_opex: 100
  wind_lifetime: 20
  solar_capex: 1000.0
  solar_opex: 10
  solar_lifetime: 20
  carbon_price: 1.0
timeseries_values:
  load_level: 217621.60989347665
  wind_year: 2014
  solar_year: 2019
  price_year: 2023
  carbon_year: 2023
storage_values:
  CAES:
    cost: 77.4592
    lifetime: 26.2011
    annual_cost: 2.95633389437848
    efficiency: 0.614296
    discharge_ratio: 0.1
    depth_of_discharge: 0.4
  Li-ion:
    cost: 191.08
    lifetime: 14.7008
    annual_cost: 12.99793208532869
    efficiency: 0.89503
    discharge_ratio: 2
    depth_of_discharge: 0.9
  Pb-acid:
    cost: 121.318
    lifetime: 12.2119
    annual_cost: 9.934408241141837
    efficiency: 0.759549
    discharge_ratio: 5
    depth_of_discharge: 0.5
  VRBF:
    cost: 312.58
    lifetime: 19.0907
    annual_cost: 16.373417423143206
    efficiency: 0.824684
    discharge_ratio: 0.5
    depth_of_discharge: 1.0
