cost_values:
  wind_capex: 5000.0
  wind_opex: 100
  wind_lifetime: 20
  solar_capex: 1000.0
  solar_opex: 10
  solar_lifetime: 20
  carbon_price: 1.0
timeseries_values:
  load_level: 217621.60989347665
  wind_year: 2014
  solar_year: 2019
  price_year: 2023
  carbon_year: 2023
storage_values:
  CAES:
    cost: 80.3016
    lifetime: 27.7538
    annual_cost: 2.8933551441604393
    efficiency: 0.61716
    discharge_ratio: 0.1
    depth_of_discharge: 0.4
  Li-ion:
    cost: 163.336
    lifetime: 10.7409
    annual_cost: 15.206919345678669
    efficiency: 0.879737
    discharge_ratio: 2
    depth_of_discharge: 0.9
  Pb-acid:
    cost: 105.956
    lifetime: 13.2344
    annual_cost: 8.006105301335912
    efficiency: 0.746927
    discharge_ratio: 5
    depth_of_discharge: 0.5
  VRBF:
    cost: 291.504
    lifetime: 17.3926
    annual_cost: 16.760231362763474
    efficiency: 0.838698
    discharge_ratio: 0.5
    depth_of_discharge: 1.0
