cost_values:
  wind_capex: 5000.0
  wind_opex: 100
  wind_lifetime: 20
  solar_capex: 1000.0
  solar_opex: 10
  solar_lifetime: 20
  carbon_price: 1.0
timeseries_values:
  load_level: 217621.60989347665
  wind_year: 2014
  solar_year: 2019
  price_year: 2023
  carbon_year: 2023
storage_values:
  CAES:
    cost: 74.5493
    lifetime: 27.0953
    annual_cost: 2.751373854506132
    efficiency: 0.613009
    discharge_ratio: 0.1
    depth_of_discharge: 0.4
  Li-ion:
    cost: 184.172
    lifetime: 15.5191
    annual_cost: 11.867440766539296
    efficiency: 0.889544
    discharge_ratio: 2
    depth_of_discharge: 0.9
  Pb-acid:
    cost: 117.269
    lifetime: 13.3686
    annual_cost: 8.771973131068325
    efficiency: 0.762897
    discharge_ratio: 5
    depth_of_discharge: 0.5
  VRBF:
    cost: 261.56
    lifetime: 18.2598
    annual_cost: 14.324362807916845
    efficiency: 0.829389
    discharge_ratio: 0.5
    depth_of_discharge: 1.0
