cost_values:
  wind_capex: 5000.0
  wind_opex: 100
  wind_lifetime: 20
  solar_capex: 1000.0
  solar_opex: 10
  solar_lifetime: 20
  carbon_price: 1.0
timeseries_values:
  load_level: 217621.60989347665
  wind_year: 2014
  solar_year: 2019
  price_year: 2023
  carbon_year: 2023
storage_values:
  CAES:
    cost: 70.5091
    lifetime: 26.4868
    annual_cost: 2.662046755364937
    efficiency: 0.616481
    discharge_ratio: 0.1
    depth_of_discharge: 0.4
  Li-ion:
    cost: 155.282
    lifetime: 13.1555
    annual_cost: 11.803580251605792
    efficiency: 0.909354
    discharge_ratio: 2
    depth_of_discharge: 0.9
  Pb-acid:
    cost: 107.776
    lifetime: 13.7686
    annual_cost: 7.827665848379646
    efficiency: 0.75678
    discharge_ratio: 5
    depth_of_discharge: 0.5
  VRBF:
    cost: 309.397
    lifetime: 18.4012
    annual_cost: 16.813957785361826
    efficiency: 0.832308
    discharge_ratio: 0.5
    depth_of_discharge: 1.0
