cost_values:
  wind_capex: 5000.0
  wind_opex: 100
  wind_lifetime: 20
  solar_capex: 1000.0
  solar_opex: 10
  solar_lifetime: 20
  carbon_price: 1.0
timeseries_values:
  load_level: 217621.60989347665
  wind_year: 2014
  solar_year: 2019
  price_year: 2023
  carbon_year: 2023
storage_values:
  CAES:
    cost: 71.983
    lifetime: 27.8825
    annual_cost: 2.5816551600466244
    efficiency: 0.622852
    discharge_ratio: 0.1
    depth_of_discharge: 0.4
  Li-ion:
    cost: 185.94
    lifetime: 13.793
    annual_cost: 13.480751105633292
    efficiency: 0.897887
    discharge_ratio: 2
    depth_of_discharge: 0.9
  Pb-acid:
    cost: 148.111
    lifetime: 13.2598
    annual_cost: 11.169927148222445
    efficiency: 0.751249
    discharge_ratio: 5
    depth_of_discharge: 0.5
  VRBF:
    cost: 287.376
    lifetime: 16.2465
    annual_cost: 17.688486750992517
    efficiency: 0.801549
    discharge_ratio: 0.5
    depth_of_discharge: 1.0
