cost_values:
  wind_capex: 5000.0
  wind_opex: 100
  wind_lifetime: 20
  solar_capex: 1000.0
  solar_opex: 10
  solar_lifetime: 20
  carbon_price: 1.0
timeseries_values:
  load_level: 217621.60989347665
  wind_year: 2014
  solar_year: 2019
  price_year: 2023
  carbon_year: 2023
storage_values:
  CAES:
    cost: 77.0067
    lifetime: 27.545
    annual_cost: 2.795668905427482
    efficiency: 0.624521
    discharge_ratio: 0.1
    depth_of_discharge: 0.4
  Li-ion:
    cost: 182.64
    lifetime: 13.8035
    annual_cost: 13.231426812040423
    efficiency: 0.883047
    discharge_ratio: 2
    depth_of_discharge: 0.9
  Pb-acid:
    cost: 136.231
    lifetime: 16.6045
    annual_cost: 8.204462645668341
    efficiency: 0.760177
    discharge_ratio: 5
    depth_of_discharge: 0.5
  VRBF:
    cost: 303.308
    lifetime: 15.8128
    annual_cost: 19.181169685318224
    efficiency: 0.836015
    discharge_ratio: 0.5
    depth_of_discharge: 1.0
