cost_values:
  wind_capex: 5000.0
  wind_opex: 100
  wind_lifetime: 20
  solar_capex: 1000.0
  solar_opex: 10
  solar_lifetime: 20
  carbon_price: 1.0
timeseries_values:
  load_level: 217621.60989347665
  wind_year: 2014
  solar_year: 2019
  price_year: 2023
  carbon_year: 2023
storage_values:
  CAES:
    cost: 79.1825
    lifetime: 27.2304
    annual_cost: 2.907871349668018
    efficiency: 0.632914
    discharge_ratio: 0.1
    depth_of_discharge: 0.4
  Li-ion:
    cost: 172.057
    lifetime: 12.0191
    annual_cost: 14.315298150443876
    efficiency: 0.894569
    discharge_ratio: 2
    depth_of_discharge: 0.9
  Pb-acid:
    cost: 137.182
    lifetime: 15.1444
    annual_cost: 9.058265761601648
    efficiency: 0.741065
    discharge_ratio: 5
    depth_of_discharge: 0.5
  VRBF:
    cost: 286.33
    lifetime: 17.6594
    annual_cost: 16.214027656658775
    efficiency: 0.825016
    discharge_ratio: 0.5
    depth_of_discharge: 1.0
