cost_values:
  wind_capex: 5000.0
  wind_opex: 100
  wind_lifetime: 20
  solar_capex: 1000.0
  solar_opex: 10
  solar_lifetime: 20
  carbon_price: 1.0
timeseries_values:
  load_level: 217621.60989347665
  wind_year: 2014
  solar_year: 2019
  price_year: 2023
  carbon_year: 2023
storage_values:
  CAES:
    cost: 82.3419
    lifetime: 27.7444
    annual_cost: 2.9678745981170973
    efficiency: 0.623877
    discharge_ratio: 0.1
    depth_of_discharge: 0.4
  Li-ion:
    cost: 159.268
    lifetime: 12.9918
    annual_cost: 12.25911728936714
    efficiency: 0.894194
    discharge_ratio: 2
    depth_of_discharge: 0.9
  Pb-acid:
    cost: 110.147
    lifetime: 14.157
    annual_cost: 7.780391325845872
    efficiency: 0.758481
    discharge_ratio: 5
    depth_of_discharge: 0.5
  VRBF:
    cost: 304.783
    lifetime: 16.5374
    annual_cost: 18.429922478745148
    efficiency: 0.827647
    discharge_ratio: 0.5
    depth_of_discharge: 1.0
