cost_values:
  wind_capex: 5000.0
  wind_opex: 100
  wind_lifetime: 20
  solar_capex: 1000.0
  solar_opex: 10
  solar_lifetime: 20
  carbon_price: 1.0
timeseries_values:
  load_level: 217621.60989347665
  wind_year: 2014
  solar_year: 2019
  price_year: 2023
  carbon_year: 2023
storage_values:
  CAES:
    cost: 76.9406
    lifetime: 27.696
    annual_cost: 2.7780401502021954
    efficiency: 0.634203
    discharge_ratio: 0.1
    depth_of_discharge: 0.4
  Li-ion:
    cost: 166.96
    lifetime: 16.3182
    annual_cost: 10.231520633403195
    efficiency: 0.873322
    discharge_ratio: 2
    depth_of_discharge: 0.9
  Pb-acid:
    cost: 128.467
    lifetime: 13.3917
    annual_cost: 9.593031504588664
    efficiency: 0.748817
    discharge_ratio: 5
    depth_of_discharge: 0.5
  VRBF:
    cost: 326.13
    lifetime: 17.7529
    annual_cost: 18.370519746069654
    efficiency: 0.832739
    discharge_ratio: 0.5
    depth_of_discharge: 1.0
