cost_values:
  wind_capex: 5000.0
  wind_opex: 100
  wind_lifetime: 20
  solar_capex: 1000.0
  solar_opex: 10
  solar_lifetime: 20
  carbon_price: 1.0
timeseries_values:
  load_level: 217621.60989347665
  wind_year: 2014
  solar_year: 2019
  price_year: 2023
  carbon_year: 2023
storage_values:
  CAES:
    cost: 76.5578
    lifetime: 28.2015
    annual_cost: 2.714671205432335
    efficiency: 0.618613
    discharge_ratio: 0.1
    depth_of_discharge: 0.4
  Li-ion:
    cost: 176.514
    lifetime: 12.3306
    annual_cost: 14.315118485718457
    efficiency: 0.892754
    discharge_ratio: 2
    depth_of_discharge: 0.9
  Pb-acid:
    cost: 113.786
    lifetime: 15.3585
    annual_cost: 7.408666210892991
    efficiency: 0.755381
    discharge_ratio: 5
    depth_of_discharge: 0.5
  VRBF:
    cost: 273.719
    lifetime: 17.2624
    annual_cost: 15.856369913801094
    efficiency: 0.832142
    discharge_ratio: 0.5
    depth_of_discharge: 1.0
