cost_values:
  wind_capex: 5000.0
  wind_opex: 100
  wind_lifetime: 20
  solar_capex: 1000.0
  solar_opex: 10
  solar_lifetime: 20
  carbon_price: 1.0
timeseries_values:
  load_level: 217621.60989347665
  wind_year: 2014
  solar_year: 2019
  price_year: 2023
  carbon_year: 2023
storage_values:
  CAES:
    cost: 75.4884
    lifetime: 25.59
    annual_cost: 2.949917936694021
    efficiency: 0.618932
    discharge_ratio: 0.1
    depth_of_discharge: 0.4
  Li-ion:
    cost: 168.42
    lifetime: 14.4185
    annual_cost: 11.680826715677775
    efficiency: 0.902893
    discharge_ratio: 2
    depth_of_discharge: 0.9
  Pb-acid:
    cost: 137.586
    lifetime: 13.4144
    annual_cost: 10.256589933206108
    efficiency: 0.763033
    discharge_ratio: 5
    depth_of_discharge: 0.5
  VRBF:
    cost: 286.815
    lifetime: 16.8848
    annual_cost: 16.98657964559841
    efficiency: 0.831584
    discharge_ratio: 0.5
    depth_of_discharge: 1.0
