cost_values:
  wind_capex: 5000.0
  wind_opex: 100
  wind_lifetime: 20
  solar_capex: 1000.0
  solar_opex: 10
  solar_lifetime: 20
  carbon_price: 1.0
timeseries_values:
  load_level: 217621.60989347665
  wind_year: 2014
  solar_year: 2019
  price_year: 2023
  carbon_year: 2023
storage_values:
  CAES:
    cost: 74.2722
    lifetime: 26.1649
    annual_cost: 2.838619677506889
    efficiency: 0.628192
    discharge_ratio: 0.1
    depth_of_discharge: 0.4
  Li-ion:
    cost: 190.658
    lifetime: 14.5092
    annual_cost: 13.140490171753093
    efficiency: 0.882
    discharge_ratio: 2
    depth_of_discharge: 0.9
  Pb-acid:
    cost: 130.649
    lifetime: 12.8465
    annual_cost: 10.170007395010314
    efficiency: 0.759115
    discharge_ratio: 5
    depth_of_discharge: 0.5
  VRBF:
    cost: 256.811
    lifetime: 16.7492
    annual_cost: 15.332732309602846
    efficiency: 0.833078
    discharge_ratio: 0.5
    depth_of_discharge: 1.0
