cost_values:
  wind_capex: 5000.0
  wind_opex: 100
  wind_lifetime: 20
  solar_capex: 1000.0
  solar_opex: 10
  solar_lifetime: 20
  carbon_price: 1.0
timeseries_values:
  load_level: 217621.60989347665
  wind_year: 2014
  solar_year: 2019
  price_year: 2023
  carbon_year: 2023
storage_values:
  CAES:
    cost: 72.3284
    lifetime: 27.4989
    annual_cost: 2.630228845517457
    efficiency: 0.611831
    discharge_ratio: 0.1
    depth_of_discharge: 0.4
  Li-ion:
    cost: 189.967
    lifetime: 14.5158
    annual_cost: 13.086912192231914
    efficiency: 0.904223
    discharge_ratio: 2
    depth_of_discharge: 0.9
  Pb-acid:
    cost: 126.189
    lifetime: 13.0126
    annual_cost: 9.697447089743786
    efficiency: 0.744091
    discharge_ratio: 5
    depth_of_discharge: 0.5
  VRBF:
    cost: 300.206
    lifetime: 18.4269
    annual_cost: 16.29172568364728
    efficiency: 0.828807
    discharge_ratio: 0.5
    depth_of_discharge: 1.0
