cost_values:
  wind_capex: 5000.0
  wind_opex: 100
  wind_lifetime: 20
  solar_capex: 1000.0
  solar_opex: 10
  solar_lifetime: 20
  carbon_price: 1.0
timeseries_values:
  load_level: 217621.60989347665
  wind_year: 2014
  solar_year: 2019
  price_year: 2023
  carbon_year: 2023
storage_values:
  CAES:
    cost: 82.518
    lifetime: 26.5679
    annual_cost: 3.1059285829892462
    efficiency: 0.617321
    discharge_ratio: 0.1
    depth_of_discharge: 0.4
  Li-ion:
    cost: 165.924
    lifetime: 12.5466
    annual_cost: 13.224618621778012
    efficiency: 0.903283
    discharge_ratio: 2
    depth_of_discharge: 0.9
  Pb-acid:
    cost: 117.511
    lifetime: 13.8934
    annual_cost: 8.458044827040178
    efficiency: 0.750723
    discharge_ratio: 5
    depth_of_discharge: 0.5
  VRBF:
    cost: 303.322
    lifetime: 17.8388
    annual_cost: 17.003497993138552
    efficiency: 0.8395
    discharge_ratio: 0.5
    depth_of_discharge: 1.0
