cost_values:
  wind_capex: 5000.0
  wind_opex: 100
  wind_lifetime: 20
  solar_capex: 1000.0
  solar_opex: 10
  solar_lifetime: 20
  carbon_price: 1.0
timeseries_values:
  load_level: 217621.60989347665
  wind_year: 2014
  solar_year: 2019
  price_year: 2023
  carbon_year: 2023
storage_values:
  CAES:
    cost: 73.5216
    lifetime: 27.4169
    annual_cost: 2.681616083510536
    efficiency: 0.622782
    discharge_ratio: 0.1
    depth_of_discharge: 0.4
  Li-ion:
    cost: 155.007
    lifetime: 15.2822
    annual_cost: 10.142976796534532
    efficiency: 0.881035
    discharge_ratio: 2
    depth_of_discharge: 0.9
  Pb-acid:
    cost: 118.919
    lifetime: 14.4133
    annual_cost: 8.250643502875816
    efficiency: 0.755573
    discharge_ratio: 5
    depth_of_discharge: 0.5
  VRBF:
    cost: 266.961
    lifetime: 16.6247
    annual_cost: 16.058094281400567
    efficiency: 0.825585
    discharge_ratio: 0.5
    depth_of_discharge: 1.0
