cost_values:
  wind_capex: 5000.0
  wind_opex: 100
  wind_lifetime: 20
  solar_capex: 1000.0
  solar_opex: 10
  solar_lifetime: 20
  carbon_price: 1.0
timeseries_values:
  load_level: 217621.60989347665
  wind_year: 2014
  solar_year: 2019
  price_year: 2023
  carbon_year: 2023
storage_values:
  CAES:
    cost: 75.2753
    lifetime: 27.3159
    annual_cost: 2.7557320095621964
    efficiency: 0.60901
    discharge_ratio: 0.1
    depth_of_discharge: 0.4
  Li-ion:
    cost: 178.127
    lifetime: 16.7932
    annual_cost: 10.607090965390755
    efficiency: 0.870473
    discharge_ratio: 2
    depth_of_discharge: 0.9
  Pb-acid:
    cost: 126.269
    lifetime: 12.8577
    annual_cost: 9.820496667366637
    efficiency: 0.769989
    discharge_ratio: 5
    depth_of_discharge: 0.5
  VRBF:
    cost: 315.779
    lifetime: 19.2416
    annual_cost: 16.411265175453185
    efficiency: 0.834575
    discharge_ratio: 0.5
    depth_of_discharge: 1.0
