cost_values:
  wind_capex: 5000.0
  wind_opex: 100
  wind_lifetime: 20
  solar_capex: 1000.0
  solar_opex: 10
  solar_lifetime: 20
  carbon_price: 1.0
timeseries_values:
  load_level: 217621.60989347665
  wind_year: 2014
  solar_year: 2019
  price_year: 2023
  carbon_year: 2023
storage_values:
  CAES:
    cost: 79.5015
    lifetime: 26.8497
    annual_cost: 2.9609828042771427
    efficiency: 0.612774
    discharge_ratio: 0.1
    depth_of_discharge: 0.4
  Li-ion:
    cost: 182.372
    lifetime: 12.6037
    annual_cost: 14.4697192094385
    efficiency: 0.89965
    discharge_ratio: 2
    depth_of_discharge: 0.9
  Pb-acid:
    cost: 131.355
    lifetime: 14.6928
    annual_cost: 8.940093106827833
    efficiency: 0.75807
    discharge_ratio: 5
    depth_of_discharge: 0.5
  VRBF:
    cost: 300.77
    lifetime: 15.7465
    annual_cost: 19.100752548185312
    efficiency: 0.826876
    discharge_ratio: 0.5
    depth_of_discharge: 1.0
