cost_values:
  wind_capex: 5000.0
  wind_opex: 100
  wind_lifetime: 20
  solar_capex: 1000.0
  solar_opex: 10
  solar_lifetime: 20
  carbon_price: 1.0
timeseries_values:
  load_level: 217621.60989347665
  wind_year: 2014
  solar_year: 2019
  price_year: 2023
  carbon_year: 2023
storage_values:
  CAES:
    cost: 82.9871
    lifetime: 27.8491
    annual_cost: 2.979884448689545
    efficiency: 0.623447
    discharge_ratio: 0.1
    depth_of_discharge: 0.4
  Li-ion:
    cost: 180.434
    lifetime: 12.5821
    annual_cost: 14.340531389831586
    efficiency: 0.887778
    discharge_ratio: 2
    depth_of_discharge: 0.9
  Pb-acid:
    cost: 126.054
    lifetime: 13.4865
    annual_cost: 9.346680013346681
    efficiency: 0.754821
    discharge_ratio: 5
    depth_of_discharge: 0.5
  VRBF:
    cost: 282.481
    lifetime: 17.7487
    annual_cost: 15.91558818392333
    efficiency: 0.847296
    discharge_ratio: 0.5
    depth_of_discharge: 1.0
