cost_values:
  wind_capex: 5000.0
  wind_opex: 100
  wind_lifetime: 20
  solar_capex: 1000.0
  solar_opex: 10
  solar_lifetime: 20
  carbon_price: 1.0
timeseries_values:
  load_level: 217621.60989347665
  wind_year: 2014
  solar_year: 2019
  price_year: 2023
  carbon_year: 2023
storage_values:
  CAES:
    cost: 78.1121
    lifetime: 28.1503
    annual_cost: 2.774823003662483
    efficiency: 0.615623
    discharge_ratio: 0.1
    depth_of_discharge: 0.4
  Li-ion:
    cost: 161.134
    lifetime: 13.5845
    annual_cost: 11.861606978541719
    efficiency: 0.881988
    discharge_ratio: 2
    depth_of_discharge: 0.9
  Pb-acid:
    cost: 133.165
    lifetime: 13.4552
    annual_cost: 9.8969171770022
    efficiency: 0.758203
    discharge_ratio: 5
    depth_of_discharge: 0.5
  VRBF:
    cost: 287.911
    lifetime: 16.7285
    annual_cost: 17.210807902681054
    efficiency: 0.822661
    discharge_ratio: 0.5
    depth_of_discharge: 1.0
