cost_values:
  wind_capex: 5000.0
  wind_opex: 100
  wind_lifetime: 20
  solar_capex: 1000.0
  solar_opex: 10
  solar_lifetime: 20
  carbon_price: 1.0
timeseries_values:
  load_level: 217621.60989347665
  wind_year: 2014
  solar_year: 2019
  price_year: 2023
  carbon_year: 2023
storage_values:
  CAES:
    cost: 76.7185
    lifetime: 28.2396
    annual_cost: 2.7166992450317995
    efficiency: 0.616441
    discharge_ratio: 0.1
    depth_of_discharge: 0.4
  Li-ion:
    cost: 179.762
    lifetime: 15.4992
    annual_cost: 11.598147001135542
    efficiency: 0.882964
    discharge_ratio: 2
    depth_of_discharge: 0.9
  Pb-acid:
    cost: 115.198
    lifetime: 14.0295
    annual_cost: 8.211126554759613
    efficiency: 0.767029
    discharge_ratio: 5
    depth_of_discharge: 0.5
  VRBF:
    cost: 302.338
    lifetime: 18.728
    annual_cost: 16.143635198633064
    efficiency: 0.817411
    discharge_ratio: 0.5
    depth_of_discharge: 1.0
