cost_values:
  wind_capex: 5000.0
  wind_opex: 100
  wind_lifetime: 20
  solar_capex: 1000.0
  solar_opex: 10
  solar_lifetime: 20
  carbon_price: 1.0
timeseries_values:
  load_level: 217621.60989347665
  wind_year: 2014
  solar_year: 2019
  price_year: 2023
  carbon_year: 2023
storage_values:
  CAES:
    cost: 67.4109
    lifetime: 27.7167
    annual_cost: 2.432140189849441
    efficiency: 0.623228
    discharge_ratio: 0.1
    depth_of_discharge: 0.4
  Li-ion:
    cost: 177.085
    lifetime: 11.6548
    annual_cost: 15.194168926107698
    efficiency: 0.886752
    discharge_ratio: 2
    depth_of_discharge: 0.9
  Pb-acid:
    cost: 100.585
    lifetime: 13.2778
    annual_cost: 7.5754266520056035
    efficiency: 0.754287
    discharge_ratio: 5
    depth_of_discharge: 0.5
  VRBF:
    cost: 264.696
    lifetime: 16.8262
    annual_cost: 15.731181134183597
    efficiency: 0.830297
    discharge_ratio: 0.5
    depth_of_discharge: 1.0
