cost_values:
  wind_capex: 5000.0
  wind_opex: 100
  wind_lifetime: 20
  solar_capex: 1000.0
  solar_opex: 10
  solar_lifetime: 20
  carbon_price: 1.0
timeseries_values:
  load_level: 217621.60989347665
  wind_year: 2014
  solar_year: 2019
  price_year: 2023
  carbon_year: 2023
storage_values:
  CAES:
    cost: 74.5096
    lifetime: 27.5529
    annual_cost: 2.7042380293907358
    efficiency: 0.620614
    discharge_ratio: 0.1
    depth_of_discharge: 0.4
  Li-ion:
    cost: 187.928
    lifetime: 14.5526
    annual_cost: 12.913706141857812
    efficiency: 0.900625
    discharge_ratio: 2
    depth_of_discharge: 0.9
  Pb-acid:
    cost: 118.597
    lifetime: 12.5857
    annual_cost: 9.423154850346029
    efficiency: 0.758748
    discharge_ratio: 5
    depth_of_discharge: 0.5
  VRBF:
    cost: 296.358
    lifetime: 16.8064
    annual_cost: 17.633639565879665
    efficiency: 0.835612
    discharge_ratio: 0.5
    depth_of_discharge: 1.0
