cost_values:
  wind_capex: 5000.0
  wind_opex: 100
  wind_lifetime: 20
  solar_capex: 1000.0
  solar_opex: 10
  solar_lifetime: 20
  carbon_price: 1.0
timeseries_values:
  load_level: 217621.60989347665
  wind_year: 2014
  solar_year: 2019
  price_year: 2023
  carbon_year: 2023
storage_values:
  CAES:
    cost: 68.8848
    lifetime: 28.0532
    annual_cost: 2.4555059672336843
    efficiency: 0.611609
    discharge_ratio: 0.1
    depth_of_discharge: 0.4
  Li-ion:
    cost: 171.288
    lifetime: 12.9341
    annual_cost: 13.243132494723252
    efficiency: 0.877951
    discharge_ratio: 2
    depth_of_discharge: 0.9
  Pb-acid:
    cost: 114.665
    lifetime: 15.1558
    annual_cost: 7.565750405785245
    efficiency: 0.763011
    discharge_ratio: 5
    depth_of_discharge: 0.5
  VRBF:
    cost: 286.669
    lifetime: 18.0378
    annual_cost: 15.892680925611769
    efficiency: 0.826303
    discharge_ratio: 0.5
    depth_of_discharge: 1.0
