cost_values:
  wind_capex: 5000.0
  wind_opex: 100
  wind_lifetime: 20
  solar_capex: 1000.0
  solar_opex: 10
  solar_lifetime: 20
  carbon_price: 1.0
timeseries_values:
  load_level: 217621.60989347665
  wind_year: 2014
  solar_year: 2019
  price_year: 2023
  carbon_year: 2023
storage_values:
  CAES:
    cost: 71.493
    lifetime: 27.3407
    annual_cost: 2.614892815472903
    efficiency: 0.617998
    discharge_ratio: 0.1
    depth_of_discharge: 0.4
  Li-ion:
    cost: 194.361
    lifetime: 14.1602
    annual_cost: 13.72586545387777
    efficiency: 0.897674
    discharge_ratio: 2
    depth_of_discharge: 0.9
  Pb-acid:
    cost: 126.705
    lifetime: 12.496
    annual_cost: 10.139644686299615
    efficiency: 0.768434
    discharge_ratio: 5
    depth_of_discharge: 0.5
  VRBF:
    cost: 310.374
    lifetime: 18.7192
    annual_cost: 16.58051626137869
    efficiency: 0.842171
    discharge_ratio: 0.5
    depth_of_discharge: 1.0
