cost_values:
  wind_capex: 5000.0
  wind_opex: 100
  wind_lifetime: 20
  solar_capex: 1000.0
  solar_opex: 10
  solar_lifetime: 20
  carbon_price: 1.0
timeseries_values:
  load_level: 217621.60989347665
  wind_year: 2014
  solar_year: 2019
  price_year: 2023
  carbon_year: 2023
storage_values:
  CAES:
    cost: 75.5089
    lifetime: 27.1101
    annual_cost: 2.7852682210689004
    efficiency: 0.612383
    discharge_ratio: 0.1
    depth_of_discharge: 0.4
  Li-ion:
    cost: 169.421
    lifetime: 15.8276
    annual_cost: 10.70414971315929
    efficiency: 0.886778
    discharge_ratio: 2
    depth_of_discharge: 0.9
  Pb-acid:
    cost: 119.63
    lifetime: 14.8924
    annual_cost: 8.032956407294996
    efficiency: 0.763602
    discharge_ratio: 5
    depth_of_discharge: 0.5
  VRBF:
    cost: 291.181
    lifetime: 17.822
    annual_cost: 16.338289754236335
    efficiency: 0.832709
    discharge_ratio: 0.5
    depth_of_discharge: 1.0
