cost_values:
  wind_capex: 5000.0
  wind_opex: 100
  wind_lifetime: 20
  solar_capex: 1000.0
  solar_opex: 10
  solar_lifetime: 20
  carbon_price: 1.0
timeseries_values:
  load_level: 217621.60989347665
  wind_year: 2014
  solar_year: 2019
  price_year: 2023
  carbon_year: 2023
storage_values:
  CAES:
    cost: 71.4186
    lifetime: 27.0776
    annual_cost: 2.63755281117972
    efficiency: 0.610389
    discharge_ratio: 0.1
    depth_of_discharge: 0.4
  Li-ion:
    cost: 184.201
    lifetime: 13.243
    annual_cost: 13.909310579173903
    efficiency: 0.883272
    discharge_ratio: 2
    depth_of_discharge: 0.9
  Pb-acid:
    cost: 120.067
    lifetime: 13.5465
    annual_cost: 8.863322629461484
    efficiency: 0.755584
    discharge_ratio: 5
    depth_of_discharge: 0.5
  VRBF:
    cost: 277.676
    lifetime: 20.405
    annual_cost: 13.608233276157803
    efficiency: 0.815883
    discharge_ratio: 0.5
    depth_of_discharge: 1.0
