cost_values:
  wind_capex: 5000.0
  wind_opex: 100
  wind_lifetime: 20
  solar_capex: 1000.0
  solar_opex: 10
  solar_lifetime: 20
  carbon_price: 1.0
timeseries_values:
  load_level: 217621.60989347665
  wind_year: 2014
  solar_year: 2019
  price_year: 2023
  carbon_year: 2023
storage_values:
  CAES:
    cost: 71.8029
    lifetime: 26.5776
    annual_cost: 2.7016322015531875
    efficiency: 0.62396
    discharge_ratio: 0.1
    depth_of_discharge: 0.4
  Li-ion:
    cost: 154.489
    lifetime: 12.3602
    annual_cost: 12.498907784663679
    efficiency: 0.89634
    discharge_ratio: 2
    depth_of_discharge: 0.9
  Pb-acid:
    cost: 110.64
    lifetime: 14.7511
    annual_cost: 7.500457592993065
    efficiency: 0.757282
    discharge_ratio: 5
    depth_of_discharge: 0.5
  VRBF:
    cost: 310.872
    lifetime: 16.3657
    annual_cost: 18.99533781017616
    efficiency: 0.829184
    discharge_ratio: 0.5
    depth_of_discharge: 1.0
