cost_values:
  wind_capex: 5000.0
  wind_opex: 100
  wind_lifetime: 20
  solar_capex: 1000.0
  solar_opex: 10
  solar_lifetime: 20
  carbon_price: 1.0
timeseries_values:
  load_level: 217621.60989347665
  wind_year: 2014
  solar_year: 2019
  price_year: 2023
  carbon_year: 2023
storage_values:
  CAES:
    cost: 78.1179
    lifetime: 27.3564
    annual_cost: 2.855562135368689
    efficiency: 0.613339
    discharge_ratio: 0.1
    depth_of_discharge: 0.4
  Li-ion:
    cost: 172.381
    lifetime: 13.3874
    annual_cost: 12.876361354706665
    efficiency: 0.889554
    discharge_ratio: 2
    depth_of_discharge: 0.9
  Pb-acid:
    cost: 121.53
    lifetime: 13.7907
    annual_cost: 8.812460571254542
    efficiency: 0.743593
    discharge_ratio: 5
    depth_of_discharge: 0.5
  VRBF:
    cost: 282.728
    lifetime: 17.0669
    annual_cost: 16.565867263533505
    efficiency: 0.812114
    discharge_ratio: 0.5
    depth_of_discharge: 1.0
