cost_values:
  wind_capex: 5000.0
  wind_opex: 100
  wind_lifetime: 20
  solar_capex: 1000.0
  solar_opex: 10
  solar_lifetime: 20
  carbon_price: 1.0
timeseries_values:
  load_level: 217621.60989347665
  wind_year: 2014
  solar_year: 2019
  price_year: 2023
  carbon_year: 2023
storage_values:
  CAES:
    cost: 69.4432
    lifetime: 28.1976
    annual_cost: 2.4627344171135133
    efficiency: 0.613117
    discharge_ratio: 0.1
    depth_of_discharge: 0.4
  Li-ion:
    cost: 179.909
    lifetime: 14.4692
    annual_cost: 12.433928620794514
    efficiency: 0.888858
    discharge_ratio: 2
    depth_of_discharge: 0.9
  Pb-acid:
    cost: 114.027
    lifetime: 15.7026
    annual_cost: 7.261663673531772
    efficiency: 0.748503
    discharge_ratio: 5
    depth_of_discharge: 0.5
  VRBF:
    cost: 300.386
    lifetime: 16.9152
    annual_cost: 17.758347521755585
    efficiency: 0.826079
    discharge_ratio: 0.5
    depth_of_discharge: 1.0
