cost_values:
  wind_capex: 5000.0
  wind_opex: 100
  wind_lifetime: 20
  solar_capex: 1000.0
  solar_opex: 10
  solar_lifetime: 20
  carbon_price: 1.0
timeseries_values:
  load_level: 217621.60989347665
  wind_year: 2014
  solar_year: 2019
  price_year: 2023
  carbon_year: 2023
storage_values:
  CAES:
    cost: 78.8213
    lifetime: 26.4152
    annual_cost: 2.9839372785366
    efficiency: 0.613564
    discharge_ratio: 0.1
    depth_of_discharge: 0.4
  Li-ion:
    cost: 189.785
    lifetime: 15.193
    annual_cost: 12.491607977357994
    efficiency: 0.885014
    discharge_ratio: 2
    depth_of_discharge: 0.9
  Pb-acid:
    cost: 118.068
    lifetime: 12.7404
    annual_cost: 9.267212960346614
    efficiency: 0.747482
    discharge_ratio: 5
    depth_of_discharge: 0.5
  VRBF:
    cost: 282.299
    lifetime: 16.9217
    annual_cost: 16.68266190749156
    efficiency: 0.822207
    discharge_ratio: 0.5
    depth_of_discharge: 1.0
