cost_values:
  wind_capex: 5000.0
  wind_opex: 100
  wind_lifetime: 20
  solar_capex: 1000.0
  solar_opex: 10
  solar_lifetime: 20
  carbon_price: 1.0
timeseries_values:
  load_level: 217621.60989347665
  wind_year: 2014
  solar_year: 2019
  price_year: 2023
  carbon_year: 2023
storage_values:
  CAES:
    cost: 78.7415
    lifetime: 26.8482
    annual_cost: 2.932840935332723
    efficiency: 0.633969
    discharge_ratio: 0.1
    depth_of_discharge: 0.4
  Li-ion:
    cost: 186.9
    lifetime: 16.5607
    annual_cost: 11.285754829204079
    efficiency: 0.885871
    discharge_ratio: 2
    depth_of_discharge: 0.9
  Pb-acid:
    cost: 104.169
    lifetime: 14.7601
    annual_cost: 7.057472510348846
    efficiency: 0.74984
    discharge_ratio: 5
    depth_of_discharge: 0.5
  VRBF:
    cost: 299.243
    lifetime: 18.0258
    annual_cost: 16.600816607307305
    efficiency: 0.821761
    discharge_ratio: 0.5
    depth_of_discharge: 1.0
