cost_values:
  wind_capex: 5000.0
  wind_opex: 100
  wind_lifetime: 20
  solar_capex: 1000.0
  solar_opex: 10
  solar_lifetime: 20
  carbon_price: 1.0
timeseries_values:
  load_level: 217621.60989347665
  wind_year: 2014
  solar_year: 2019
  price_year: 2023
  carbon_year: 2023
storage_values:
  CAES:
    cost: 76.2996
    lifetime: 27.6029
    annual_cost: 2.764187820844911
    efficiency: 0.620779
    discharge_ratio: 0.1
    depth_of_discharge: 0.4
  Li-ion:
    cost: 190.331
    lifetime: 14.6441
    annual_cost: 12.997111464685435
    efficiency: 0.874923
    discharge_ratio: 2
    depth_of_discharge: 0.9
  Pb-acid:
    cost: 107.773
    lifetime: 13.1523
    annual_cost: 8.194232187526136
    efficiency: 0.761564
    discharge_ratio: 5
    depth_of_discharge: 0.5
  VRBF:
    cost: 275.504
    lifetime: 18.2998
    annual_cost: 15.055027923802445
    efficiency: 0.834493
    discharge_ratio: 0.5
    depth_of_discharge: 1.0
