cost_values:
  wind_capex: 5000.0
  wind_opex: 100
  wind_lifetime: 20
  solar_capex: 1000.0
  solar_opex: 10
  solar_lifetime: 20
  carbon_price: 1.0
timeseries_values:
  load_level: 217621.60989347665
  wind_year: 2014
  solar_year: 2019
  price_year: 2023
  carbon_year: 2023
storage_values:
  CAES:
    cost: 73.7312
    lifetime: 27.3087
    annual_cost: 2.699916143939477
    efficiency: 0.624754
    discharge_ratio: 0.1
    depth_of_discharge: 0.4
  Li-ion:
    cost: 181.55
    lifetime: 12.7171
    annual_cost: 14.276053502763995
    efficiency: 0.89266
    discharge_ratio: 2
    depth_of_discharge: 0.9
  Pb-acid:
    cost: 111.919
    lifetime: 15.0514
    annual_cost: 7.4357867042268495
    efficiency: 0.759502
    discharge_ratio: 5
    depth_of_discharge: 0.5
  VRBF:
    cost: 328.195
    lifetime: 16.5919
    annual_cost: 19.78043503155154
    efficiency: 0.835608
    discharge_ratio: 0.5
    depth_of_discharge: 1.0
