cost_values:
  wind_capex: 5000.0
  wind_opex: 100
  wind_lifetime: 20
  solar_capex: 1000.0
  solar_opex: 10
  solar_lifetime: 20
  carbon_price: 1.0
timeseries_values:
  load_level: 217621.60989347665
  wind_year: 2014
  solar_year: 2019
  price_year: 2023
  carbon_year: 2023
storage_values:
  CAES:
    cost: 82.7114
    lifetime: 27.4076
    annual_cost: 3.0178271720252776
    efficiency: 0.619156
    discharge_ratio: 0.1
    depth_of_discharge: 0.4
  Li-ion:
    cost: 190.513
    lifetime: 14.5829
    annual_cost: 13.064136762920956
    efficiency: 0.869228
    discharge_ratio: 2
    depth_of_discharge: 0.9
  Pb-acid:
    cost: 126.842
    lifetime: 15.0657
    annual_cost: 8.419256987727088
    efficiency: 0.755916
    discharge_ratio: 5
    depth_of_discharge: 0.5
  VRBF:
    cost: 284.44
    lifetime: 18.4995
    annual_cost: 15.375550690559203
    efficiency: 0.84456
    discharge_ratio: 0.5
    depth_of_discharge: 1.0
