cost_values:
  wind_capex: 5000.0
  wind_opex: 100
  wind_lifetime: 20
  solar_capex: 1000.0
  solar_opex: 10
  solar_lifetime: 20
  carbon_price: 1.0
timeseries_values:
  load_level: 217621.60989347665
  wind_year: 2014
  solar_year: 2019
  price_year: 2023
  carbon_year: 2023
storage_values:
  CAES:
    cost: 73.358
    lifetime: 26.9029
    annual_cost: 2.7267692330566597
    efficiency: 0.613748
    discharge_ratio: 0.1
    depth_of_discharge: 0.4
  Li-ion:
    cost: 173.246
    lifetime: 14.5357
    annual_cost: 11.918655448310023
    efficiency: 0.872452
    discharge_ratio: 2
    depth_of_discharge: 0.9
  Pb-acid:
    cost: 120.866
    lifetime: 13.6536
    annual_cost: 8.852317337552
    efficiency: 0.744129
    discharge_ratio: 5
    depth_of_discharge: 0.5
  VRBF:
    cost: 319.318
    lifetime: 17.0135
    annual_cost: 18.76850736180092
    efficiency: 0.846991
    discharge_ratio: 0.5
    depth_of_discharge: 1.0
