cost_values:
  wind_capex: 5000.0
  wind_opex: 100
  wind_lifetime: 20
  solar_capex: 1000.0
  solar_opex: 10
  solar_lifetime: 20
  carbon_price: 1.0
timeseries_values:
  load_level: 217621.60989347665
  wind_year: 2014
  solar_year: 2019
  price_year: 2023
  carbon_year: 2023
storage_values:
  CAES:
    cost: 71.6054
    lifetime: 27.4709
    annual_cost: 2.6065909744493263
    efficiency: 0.619955
    discharge_ratio: 0.1
    depth_of_discharge: 0.4
  Li-ion:
    cost: 174.335
    lifetime: 15.4731
    annual_cost: 11.266973004763106
    efficiency: 0.887921
    discharge_ratio: 2
    depth_of_discharge: 0.9
  Pb-acid:
    cost: 139.045
    lifetime: 13.8734
    annual_cost: 10.022416999437771
    efficiency: 0.747047
    discharge_ratio: 5
    depth_of_discharge: 0.5
  VRBF:
    cost: 302.915
    lifetime: 19.1419
    annual_cost: 15.824709145905057
    efficiency: 0.828177
    discharge_ratio: 0.5
    depth_of_discharge: 1.0
