cost_values:
  wind_capex: 5000.0
  wind_opex: 100
  wind_lifetime: 20
  solar_capex: 1000.0
  solar_opex: 10
  solar_lifetime: 20
  carbon_price: 1.0
timeseries_values:
  load_level: 217621.60989347665
  wind_year: 2014
  solar_year: 2019
  price_year: 2023
  carbon_year: 2023
storage_values:
  CAES:
    cost: 73.7281
    lifetime: 26.7652
    annual_cost: 2.754625409113326
    efficiency: 0.625875
    discharge_ratio: 0.1
    depth_of_discharge: 0.4
  Li-ion:
    cost: 181.593
    lifetime: 14.665
    annual_cost: 12.382748039549949
    efficiency: 0.8871
    discharge_ratio: 2
    depth_of_discharge: 0.9
  Pb-acid:
    cost: 125.637
    lifetime: 15.0708
    annual_cost: 8.336451946811051
    efficiency: 0.759605
    discharge_ratio: 5
    depth_of_discharge: 0.5
  VRBF:
    cost: 290.23
    lifetime: 16.5405
    annual_cost: 17.546627973761375
    efficiency: 0.836853
    discharge_ratio: 0.5
    depth_of_discharge: 1.0
