cost_values:
  wind_capex: 5000.0
  wind_opex: 100
  wind_lifetime: 20
  solar_capex: 1000.0
  solar_opex: 10
  solar_lifetime: 20
  carbon_price: 1.0
timeseries_values:
  load_level: 217621.60989347665
  wind_year: 2014
  solar_year: 2019
  price_year: 2023
  carbon_year: 2023
storage_values:
  CAES:
    cost: 69.8248
    lifetime: 27.8647
    annual_cost: 2.505851489518997
    efficiency: 0.616515
    discharge_ratio: 0.1
    depth_of_discharge: 0.4
  Li-ion:
    cost: 207.488
    lifetime: 14.5616
    annual_cost: 14.248983628172727
    efficiency: 0.906283
    discharge_ratio: 2
    depth_of_discharge: 0.9
  Pb-acid:
    cost: 116.04
    lifetime: 14.3746
    annual_cost: 8.07257245419003
    efficiency: 0.767636
    discharge_ratio: 5
    depth_of_discharge: 0.5
  VRBF:
    cost: 302.541
    lifetime: 18.5979
    annual_cost: 16.267481812462698
    efficiency: 0.839329
    discharge_ratio: 0.5
    depth_of_discharge: 1.0
