cost_values:
  wind_capex: 5000.0
  wind_opex: 100
  wind_lifetime: 20
  solar_capex: 1000.0
  solar_opex: 10
  solar_lifetime: 20
  carbon_price: 1.0
timeseries_values:
  load_level: 217621.60989347665
  wind_year: 2014
  solar_year: 2019
  price_year: 2023
  carbon_year: 2023
storage_values:
  CAES:
    cost: 81.8458
    lifetime: 26.8693
    annual_cost: 3.0460711667218723
    efficiency: 0.615243
    discharge_ratio: 0.1
    depth_of_discharge: 0.4
  Li-ion:
    cost: 167.87
    lifetime: 14.1861
    annual_cost: 11.833414398601448
    efficiency: 0.88468
    discharge_ratio: 2
    depth_of_discharge: 0.9
  Pb-acid:
    cost: 98.7334
    lifetime: 12.1701
    annual_cost: 8.112784611465806
    efficiency: 0.769108
    discharge_ratio: 5
    depth_of_discharge: 0.5
  VRBF:
    cost: 351.919
    lifetime: 17.4895
    annual_cost: 20.12173018096572
    efficiency: 0.83513
    discharge_ratio: 0.5
    depth_of_discharge: 1.0
