cost_values:
  wind_capex: 5000.0
  wind_opex: 100
  wind_lifetime: 20
  solar_capex: 1000.0
  solar_opex: 10
  solar_lifetime: 20
  carbon_price: 1.0
timeseries_values:
  load_level: 217621.60989347665
  wind_year: 2014
  solar_year: 2019
  price_year: 2023
  carbon_year: 2023
storage_values:
  CAES:
    cost: 83.2213
    lifetime: 27.2304
    annual_cost: 3.0561908749045186
    efficiency: 0.616865
    discharge_ratio: 0.1
    depth_of_discharge: 0.4
  Li-ion:
    cost: 177.449
    lifetime: 14.5334
    annual_cost: 12.209737570011148
    efficiency: 0.887193
    discharge_ratio: 2
    depth_of_discharge: 0.9
  Pb-acid:
    cost: 113.623
    lifetime: 14.8869
    annual_cost: 7.632415076342287
    efficiency: 0.765001
    discharge_ratio: 5
    depth_of_discharge: 0.5
  VRBF:
    cost: 311.846
    lifetime: 20.0119
    annual_cost: 15.583028098281522
    efficiency: 0.830334
    discharge_ratio: 0.5
    depth_of_discharge: 1.0
