cost_values:
  wind_capex: 5000.0
  wind_opex: 100
  wind_lifetime: 20
  solar_capex: 1000.0
  solar_opex: 10
  solar_lifetime: 20
  carbon_price: 1.0
timeseries_values:
  load_level: 217621.60989347665
  wind_year: 2014
  solar_year: 2019
  price_year: 2023
  carbon_year: 2023
storage_values:
  CAES:
    cost: 80.4897
    lifetime: 27.4015
    annual_cost: 2.937419484334799
    efficiency: 0.616272
    discharge_ratio: 0.1
    depth_of_discharge: 0.4
  Li-ion:
    cost: 177.211
    lifetime: 13.5369
    annual_cost: 13.090958786723698
    efficiency: 0.898676
    discharge_ratio: 2
    depth_of_discharge: 0.9
  Pb-acid:
    cost: 106.301
    lifetime: 14.6994
    annual_cost: 7.23165571383866
    efficiency: 0.745629
    discharge_ratio: 5
    depth_of_discharge: 0.5
  VRBF:
    cost: 255.956
    lifetime: 17.173
    annual_cost: 14.90455948290922
    efficiency: 0.810272
    discharge_ratio: 0.5
    depth_of_discharge: 1.0
