cost_values:
  wind_capex: 5000.0
  wind_opex: 100
  wind_lifetime: 20
  solar_capex: 1000.0
  solar_opex: 10
  solar_lifetime: 20
  carbon_price: 1.0
timeseries_values:
  load_level: 217621.60989347665
  wind_year: 2014
  solar_year: 2019
  price_year: 2023
  carbon_year: 2023
storage_values:
  CAES:
    cost: 72.99
    lifetime: 26.0892
    annual_cost: 2.7977093969918583
    efficiency: 0.623353
    discharge_ratio: 0.1
    depth_of_discharge: 0.4
  Li-ion:
    cost: 167.2
    lifetime: 13.618
    annual_cost: 12.277867528271404
    efficiency: 0.887648
    discharge_ratio: 2
    depth_of_discharge: 0.9
  Pb-acid:
    cost: 132.285
    lifetime: 12.3895
    annual_cost: 10.677186327131846
    efficiency: 0.770138
    discharge_ratio: 5
    depth_of_discharge: 0.5
  VRBF:
    cost: 301.66
    lifetime: 17.2095
    annual_cost: 17.52869054882478
    efficiency: 0.833302
    discharge_ratio: 0.5
    depth_of_discharge: 1.0
