cost_values:
  wind_capex: 5000.0
  wind_opex: 100
  wind_lifetime: 20
  solar_capex: 1000.0
  solar_opex: 10
  solar_lifetime: 20
  carbon_price: 1.0
timeseries_values:
  load_level: 217621.60989347665
  wind_year: 2014
  solar_year: 2019
  price_year: 2023
  carbon_year: 2023
storage_values:
  CAES:
    cost: 77.8765
    lifetime: 26.166
    annual_cost: 2.976247802491783
    efficiency: 0.623755
    discharge_ratio: 0.1
    depth_of_discharge: 0.4
  Li-ion:
    cost: 151.251
    lifetime: 15.323
    annual_cost: 9.870847745219605
    efficiency: 0.875995
    discharge_ratio: 2
    depth_of_discharge: 0.9
  Pb-acid:
    cost: 127.849
    lifetime: 15.354
    annual_cost: 8.326755242933439
    efficiency: 0.763299
    discharge_ratio: 5
    depth_of_discharge: 0.5
  VRBF:
    cost: 309.302
    lifetime: 16.9413
    annual_cost: 18.257276596247046
    efficiency: 0.809404
    discharge_ratio: 0.5
    depth_of_discharge: 1.0
