cost_values:
  wind_capex: 5000.0
  wind_opex: 100
  wind_lifetime: 20
  solar_capex: 1000.0
  solar_opex: 10
  solar_lifetime: 20
  carbon_price: 1.0
timeseries_values:
  load_level: 217621.60989347665
  wind_year: 2014
  solar_year: 2019
  price_year: 2023
  carbon_year: 2023
storage_values:
  CAES:
    cost: 83.251
    lifetime: 26.9782
    annual_cost: 3.085861918141314
    efficiency: 0.628648
    discharge_ratio: 0.1
    depth_of_discharge: 0.4
  Li-ion:
    cost: 183.557
    lifetime: 14.2351
    annual_cost: 12.894675836488679
    efficiency: 0.902961
    discharge_ratio: 2
    depth_of_discharge: 0.9
  Pb-acid:
    cost: 127.343
    lifetime: 13.968
    annual_cost: 9.116766895761742
    efficiency: 0.757436
    discharge_ratio: 5
    depth_of_discharge: 0.5
  VRBF:
    cost: 309.995
    lifetime: 16.8365
    annual_cost: 18.41208089567309
    efficiency: 0.847064
    discharge_ratio: 0.5
    depth_of_discharge: 1.0
