cost_values:
  wind_capex: 5000.0
  wind_opex: 100
  wind_lifetime: 20
  solar_capex: 1000.0
  solar_opex: 10
  solar_lifetime: 20
  carbon_price: 1.0
timeseries_values:
  load_level: 217621.60989347665
  wind_year: 2014
  solar_year: 2019
  price_year: 2023
  carbon_year: 2023
storage_values:
  CAES:
    cost: 77.1539
    lifetime: 26.5198
    annual_cost: 2.909294187738972
    efficiency: 0.619413
    discharge_ratio: 0.1
    depth_of_discharge: 0.4
  Li-ion:
    cost: 158.385
    lifetime: 13.2829
    annual_cost: 11.92397744468452
    efficiency: 0.897221
    discharge_ratio: 2
    depth_of_discharge: 0.9
  Pb-acid:
    cost: 123.656
    lifetime: 13.8056
    annual_cost: 8.956945007822913
    efficiency: 0.768306
    discharge_ratio: 5
    depth_of_discharge: 0.5
  VRBF:
    cost: 302.594
    lifetime: 19.3926
    annual_cost: 15.603580747295359
    efficiency: 0.829904
    discharge_ratio: 0.5
    depth_of_discharge: 1.0
