cost_values:
  wind_capex: 5000.0
  wind_opex: 100
  wind_lifetime: 20
  solar_capex: 1000.0
  solar_opex: 10
  solar_lifetime: 20
  carbon_price: 1.0
timeseries_values:
  load_level: 217621.60989347665
  wind_year: 2014
  solar_year: 2019
  price_year: 2023
  carbon_year: 2023
storage_values:
  CAES:
    cost: 78.4087
    lifetime: 27.6306
    annual_cost: 2.8377487278596916
    efficiency: 0.607141
    discharge_ratio: 0.1
    depth_of_discharge: 0.4
  Li-ion:
    cost: 172.844
    lifetime: 12.53
    annual_cost: 13.79441340782123
    efficiency: 0.892871
    discharge_ratio: 2
    depth_of_discharge: 0.9
  Pb-acid:
    cost: 120.07
    lifetime: 13.0763
    annual_cost: 9.182261037143535
    efficiency: 0.739467
    discharge_ratio: 5
    depth_of_discharge: 0.5
  VRBF:
    cost: 267.396
    lifetime: 18.0399
    annual_cost: 14.822476842998022
    efficiency: 0.831209
    discharge_ratio: 0.5
    depth_of_discharge: 1.0
