cost_values:
  wind_capex: 5000.0
  wind_opex: 100
  wind_lifetime: 20
  solar_capex: 1000.0
  solar_opex: 10
  solar_lifetime: 20
  carbon_price: 1.0
timeseries_values:
  load_level: 217621.60989347665
  wind_year: 2014
  solar_year: 2019
  price_year: 2023
  carbon_year: 2023
storage_values:
  CAES:
    cost: 71.4019
    lifetime: 27.5018
    annual_cost: 2.5962627900719224
    efficiency: 0.620323
    discharge_ratio: 0.1
    depth_of_discharge: 0.4
  Li-ion:
    cost: 178.48
    lifetime: 13.5423
    annual_cost: 13.179445145950098
    efficiency: 0.880261
    discharge_ratio: 2
    depth_of_discharge: 0.9
  Pb-acid:
    cost: 113.913
    lifetime: 14.0298
    annual_cost: 8.119360218962495
    efficiency: 0.742281
    discharge_ratio: 5
    depth_of_discharge: 0.5
  VRBF:
    cost: 331.016
    lifetime: 16.826
    annual_cost: 19.672887198383453
    efficiency: 0.828356
    discharge_ratio: 0.5
    depth_of_discharge: 1.0
