cost_values:
  wind_capex: 5000.0
  wind_opex: 100
  wind_lifetime: 20
  solar_capex: 1000.0
  solar_opex: 10
  solar_lifetime: 20
  carbon_price: 1.0
timeseries_values:
  load_level: 217621.60989347665
  wind_year: 2014
  solar_year: 2019
  price_year: 2023
  carbon_year: 2023
storage_values:
  CAES:
    cost: 77.0889
    lifetime: 26.6004
    annual_cost: 2.8980353678892046
    efficiency: 0.610364
    discharge_ratio: 0.1
    depth_of_discharge: 0.4
  Li-ion:
    cost: 175.002
    lifetime: 14.9669
    annual_cost: 11.692601674361423
    efficiency: 0.888894
    discharge_ratio: 2
    depth_of_discharge: 0.9
  Pb-acid:
    cost: 138.229
    lifetime: 12.7476
    annual_cost: 10.84353133138787
    efficiency: 0.735764
    discharge_ratio: 5
    depth_of_discharge: 0.5
  VRBF:
    cost: 303.821
    lifetime: 17.8146
    annual_cost: 17.054606895467764
    efficiency: 0.833187
    discharge_ratio: 0.5
    depth_of_discharge: 1.0
