cost_values:
  wind_capex: 5000.0
  wind_opex: 100
  wind_lifetime: 20
  solar_capex: 1000.0
  solar_opex: 10
  solar_lifetime: 20
  carbon_price: 1.0
timeseries_values:
  load_level: 217621.60989347665
  wind_year: 2014
  solar_year: 2019
  price_year: 2023
  carbon_year: 2023
storage_values:
  CAES:
    cost: 80.1948
    lifetime: 26.8319
    annual_cost: 2.9887857363809496
    efficiency: 0.614004
    discharge_ratio: 0.1
    depth_of_discharge: 0.4
  Li-ion:
    cost: 170.587
    lifetime: 14.8262
    annual_cost: 11.50578030783343
    efficiency: 0.885142
    discharge_ratio: 2
    depth_of_discharge: 0.9
  Pb-acid:
    cost: 124.637
    lifetime: 12.6946
    annual_cost: 9.818111638019316
    efficiency: 0.738897
    discharge_ratio: 5
    depth_of_discharge: 0.5
  VRBF:
    cost: 290.225
    lifetime: 19.5626
    annual_cost: 14.835706910124422
    efficiency: 0.838336
    discharge_ratio: 0.5
    depth_of_discharge: 1.0
