cost_values:
  wind_capex: 5000.0
  wind_opex: 100
  wind_lifetime: 20
  solar_capex: 1000.0
  solar_opex: 10
  solar_lifetime: 20
  carbon_price: 1.0
timeseries_values:
  load_level: 217621.60989347665
  wind_year: 2014
  solar_year: 2019
  price_year: 2023
  carbon_year: 2023
storage_values:
  CAES:
    cost: 78.4109
    lifetime: 26.1633
    annual_cost: 2.996980503223982
    efficiency: 0.609494
    discharge_ratio: 0.1
    depth_of_discharge: 0.4
  Li-ion:
    cost: 163.204
    lifetime: 12.7927
    annual_cost: 12.757588312084236
    efficiency: 0.883345
    discharge_ratio: 2
    depth_of_discharge: 0.9
  Pb-acid:
    cost: 118.624
    lifetime: 11.4441
    annual_cost: 10.365515855331568
    efficiency: 0.746256
    discharge_ratio: 5
    depth_of_discharge: 0.5
  VRBF:
    cost: 300.279
    lifetime: 16.257
    annual_cost: 18.47075106108138
    efficiency: 0.829494
    discharge_ratio: 0.5
    depth_of_discharge: 1.0
