cost_values:
  wind_capex: 5000.0
  wind_opex: 100
  wind_lifetime: 20
  solar_capex: 1000.0
  solar_opex: 10
  solar_lifetime: 20
  carbon_price: 1.0
timeseries_values:
  load_level: 217621.60989347665
  wind_year: 2014
  solar_year: 2019
  price_year: 2023
  carbon_year: 2023
storage_values:
  CAES:
    cost: 71.9446
    lifetime: 27.6788
    annual_cost: 2.5992673092764136
    efficiency: 0.630462
    discharge_ratio: 0.1
    depth_of_discharge: 0.4
  Li-ion:
    cost: 171.971
    lifetime: 11.5479
    annual_cost: 14.891971700482339
    efficiency: 0.881666
    discharge_ratio: 2
    depth_of_discharge: 0.9
  Pb-acid:
    cost: 126.835
    lifetime: 12.7696
    annual_cost: 9.93257423881719
    efficiency: 0.746023
    discharge_ratio: 5
    depth_of_discharge: 0.5
  VRBF:
    cost: 293.252
    lifetime: 18.3551
    annual_cost: 15.9765950607733
    efficiency: 0.831645
    discharge_ratio: 0.5
    depth_of_discharge: 1.0
