cost_values:
  wind_capex: 5000.0
  wind_opex: 100
  wind_lifetime: 20
  solar_capex: 1000.0
  solar_opex: 10
  solar_lifetime: 20
  carbon_price: 1.0
timeseries_values:
  load_level: 217621.60989347665
  wind_year: 2014
  solar_year: 2019
  price_year: 2023
  carbon_year: 2023
storage_values:
  CAES:
    cost: 67.8303
    lifetime: 26.5091
    annual_cost: 2.5587552953514074
    efficiency: 0.611949
    discharge_ratio: 0.1
    depth_of_discharge: 0.4
  Li-ion:
    cost: 179.351
    lifetime: 13.4741
    annual_cost: 13.310796268396405
    efficiency: 0.88972
    discharge_ratio: 2
    depth_of_discharge: 0.9
  Pb-acid:
    cost: 135.774
    lifetime: 13.7355
    annual_cost: 9.884896800262094
    efficiency: 0.755957
    discharge_ratio: 5
    depth_of_discharge: 0.5
  VRBF:
    cost: 332.561
    lifetime: 16.6196
    annual_cost: 20.01016871645527
    efficiency: 0.811153
    discharge_ratio: 0.5
    depth_of_discharge: 1.0
