cost_values:
  wind_capex: 5000.0
  wind_opex: 100
  wind_lifetime: 20
  solar_capex: 1000.0
  solar_opex: 10
  solar_lifetime: 20
  carbon_price: 1.0
timeseries_values:
  load_level: 217621.60989347665
  wind_year: 2014
  solar_year: 2019
  price_year: 2023
  carbon_year: 2023
storage_values:
  CAES:
    cost: 83.1741
    lifetime: 27.1473
    annual_cost: 3.0638074504646866
    efficiency: 0.609264
    discharge_ratio: 0.1
    depth_of_discharge: 0.4
  Li-ion:
    cost: 187.371
    lifetime: 13.0606
    annual_cost: 14.34627811892256
    efficiency: 0.886207
    discharge_ratio: 2
    depth_of_discharge: 0.9
  Pb-acid:
    cost: 134.114
    lifetime: 13.0959
    annual_cost: 10.24091509556426
    efficiency: 0.755311
    discharge_ratio: 5
    depth_of_discharge: 0.5
  VRBF:
    cost: 283.245
    lifetime: 15.856
    annual_cost: 17.86358476286579
    efficiency: 0.836991
    discharge_ratio: 0.5
    depth_of_discharge: 1.0
