cost_values:
  wind_capex: 5000.0
  wind_opex: 100
  wind_lifetime: 20
  solar_capex: 1000.0
  solar_opex: 10
  solar_lifetime: 20
  carbon_price: 1.0
timeseries_values:
  load_level: 217621.60989347665
  wind_year: 2014
  solar_year: 2019
  price_year: 2023
  carbon_year: 2023
storage_values:
  CAES:
    cost: 77.9744
    lifetime: 26.8979
    annual_cost: 2.898902888329572
    efficiency: 0.618944
    discharge_ratio: 0.1
    depth_of_discharge: 0.4
  Li-ion:
    cost: 176.977
    lifetime: 16.8299
    annual_cost: 10.515629920558055
    efficiency: 0.890913
    discharge_ratio: 2
    depth_of_discharge: 0.9
  Pb-acid:
    cost: 125.103
    lifetime: 14.9154
    annual_cost: 8.387505531195945
    efficiency: 0.762568
    discharge_ratio: 5
    depth_of_discharge: 0.5
  VRBF:
    cost: 294.346
    lifetime: 17.685
    annual_cost: 16.643822448402602
    efficiency: 0.804649
    discharge_ratio: 0.5
    depth_of_discharge: 1.0
