cost_values:
  wind_capex: 5000.0
  wind_opex: 100
  wind_lifetime: 20
  solar_capex: 1000.0
  solar_opex: 10
  solar_lifetime: 20
  carbon_price: 1.0
timeseries_values:
  load_level: 217621.60989347665
  wind_year: 2014
  solar_year: 2019
  price_year: 2023
  carbon_year: 2023
storage_values:
  CAES:
    cost: 71.3791
    lifetime: 26.575
    annual_cost: 2.6859492003762933
    efficiency: 0.608168
    discharge_ratio: 0.1
    depth_of_discharge: 0.4
  Li-ion:
    cost: 174.045
    lifetime: 13.3613
    annual_cost: 13.026052854138443
    efficiency: 0.894736
    discharge_ratio: 2
    depth_of_discharge: 0.9
  Pb-acid:
    cost: 119.372
    lifetime: 14.3776
    annual_cost: 8.302637436011574
    efficiency: 0.755515
    discharge_ratio: 5
    depth_of_discharge: 0.5
  VRBF:
    cost: 299.082
    lifetime: 17.4622
    annual_cost: 17.12739517357492
    efficiency: 0.840923
    discharge_ratio: 0.5
    depth_of_discharge: 1.0
