cost_values:
  wind_capex: 5000.0
  wind_opex: 100
  wind_lifetime: 20
  solar_capex: 1000.0
  solar_opex: 10
  solar_lifetime: 20
  carbon_price: 1.0
timeseries_values:
  load_level: 217621.60989347665
  wind_year: 2014
  solar_year: 2019
  price_year: 2023
  carbon_year: 2023
storage_values:
  CAES:
    cost: 74.8667
    lifetime: 26.8591
    annual_cost: 2.787386770219404
    efficiency: 0.627124
    discharge_ratio: 0.1
    depth_of_discharge: 0.4
  Li-ion:
    cost: 184.106
    lifetime: 13.0706
    annual_cost: 14.085504873532965
    efficiency: 0.868833
    discharge_ratio: 2
    depth_of_discharge: 0.9
  Pb-acid:
    cost: 127.266
    lifetime: 13.2224
    annual_cost: 9.625030251694096
    efficiency: 0.754897
    discharge_ratio: 5
    depth_of_discharge: 0.5
  VRBF:
    cost: 281.344
    lifetime: 17.4699
    annual_cost: 16.10449973955203
    efficiency: 0.839222
    discharge_ratio: 0.5
    depth_of_discharge: 1.0
