cost_values:
  wind_capex: 5000.0
  wind_opex: 100
  wind_lifetime: 20
  solar_capex: 1000.0
  solar_opex: 10
  solar_lifetime: 20
  carbon_price: 1.0
timeseries_values:
  load_level: 217621.60989347665
  wind_year: 2014
  solar_year: 2019
  price_year: 2023
  carbon_year: 2023
storage_values:
  CAES:
    cost: 78.0889
    lifetime: 28.0527
    annual_cost: 2.7836500586396316
    efficiency: 0.633348
    discharge_ratio: 0.1
    depth_of_discharge: 0.4
  Li-ion:
    cost: 174.532
    lifetime: 13.9809
    annual_cost: 12.483602629301405
    efficiency: 0.877902
    discharge_ratio: 2
    depth_of_discharge: 0.9
  Pb-acid:
    cost: 108.77
    lifetime: 15.3043
    annual_cost: 7.107152891670968
    efficiency: 0.753082
    discharge_ratio: 5
    depth_of_discharge: 0.5
  VRBF:
    cost: 313.611
    lifetime: 17.9058
    annual_cost: 17.514492510806555
    efficiency: 0.845679
    discharge_ratio: 0.5
    depth_of_discharge: 1.0
