cost_values:
  wind_capex: 5000.0
  wind_opex: 100
  wind_lifetime: 20
  solar_capex: 1000.0
  solar_opex: 10
  solar_lifetime: 20
  carbon_price: 1.0
timeseries_values:
  load_level: 217621.60989347665
  wind_year: 2014
  solar_year: 2019
  price_year: 2023
  carbon_year: 2023
storage_values:
  CAES:
    cost: 75.2103
    lifetime: 26.8766
    annual_cost: 2.7983561908872403
    efficiency: 0.615868
    discharge_ratio: 0.1
    depth_of_discharge: 0.4
  Li-ion:
    cost: 198.359
    lifetime: 13.3191
    annual_cost: 14.89282308864713
    efficiency: 0.880296
    discharge_ratio: 2
    depth_of_discharge: 0.9
  Pb-acid:
    cost: 103.195
    lifetime: 12.7613
    annual_cost: 8.08655857945507
    efficiency: 0.755898
    discharge_ratio: 5
    depth_of_discharge: 0.5
  VRBF:
    cost: 315.265
    lifetime: 18.6633
    annual_cost: 16.892243065267127
    efficiency: 0.829427
    discharge_ratio: 0.5
    depth_of_discharge: 1.0
