cost_values:
  wind_capex: 5000.0
  wind_opex: 100
  wind_lifetime: 20
  solar_capex: 1000.0
  solar_opex: 10
  solar_lifetime: 20
  carbon_price: 1.0
timeseries_values:
  load_level: 217621.60989347665
  wind_year: 2014
  solar_year: 2019
  price_year: 2023
  carbon_year: 2023
storage_values:
  CAES:
    cost: 61.3359
    lifetime: 27.8371
    annual_cost: 2.2033868470494413
    efficiency: 0.609618
    discharge_ratio: 0.1
    depth_of_discharge: 0.4
  Li-ion:
    cost: 180.002
    lifetime: 13.6618
    annual_cost: 13.17556983706393
    efficiency: 0.897821
    discharge_ratio: 2
    depth_of_discharge: 0.9
  Pb-acid:
    cost: 124.46
    lifetime: 12.6997
    annual_cost: 9.800231501531531
    efficiency: 0.750611
    discharge_ratio: 5
    depth_of_discharge: 0.5
  VRBF:
    cost: 289.227
    lifetime: 18.3047
    annual_cost: 15.800695996110287
    efficiency: 0.840643
    discharge_ratio: 0.5
    depth_of_discharge: 1.0
