cost_values:
  wind_capex: 5000.0
  wind_opex: 100
  wind_lifetime: 20
  solar_capex: 1000.0
  solar_opex: 10
  solar_lifetime: 20
  carbon_price: 1.0
timeseries_values:
  load_level: 217621.60989347665
  wind_year: 2014
  solar_year: 2019
  price_year: 2023
  carbon_year: 2023
storage_values:
  CAES:
    cost: 66.4998
    lifetime: 28.2733
    annual_cost: 2.3520353124679465
    efficiency: 0.611017
    discharge_ratio: 0.1
    depth_of_discharge: 0.4
  Li-ion:
    cost: 184.358
    lifetime: 11.6103
    annual_cost: 15.878831727001025
    efficiency: 0.90038
    discharge_ratio: 2
    depth_of_discharge: 0.9
  Pb-acid:
    cost: 127.88
    lifetime: 14.558
    annual_cost: 8.784173650226679
    efficiency: 0.751351
    discharge_ratio: 5
    depth_of_discharge: 0.5
  VRBF:
    cost: 324.833
    lifetime: 17.8309
    annual_cost: 18.217420320903603
    efficiency: 0.835872
    discharge_ratio: 0.5
    depth_of_discharge: 1.0
