cost_values:
  wind_capex: 5000.0
  wind_opex: 100
  wind_lifetime: 20
  solar_capex: 1000.0
  solar_opex: 10
  solar_lifetime: 20
  carbon_price: 1.0
timeseries_values:
  load_level: 217621.60989347665
  wind_year: 2014
  solar_year: 2019
  price_year: 2023
  carbon_year: 2023
storage_values:
  CAES:
    cost: 69.8972
    lifetime: 26.8843
    annual_cost: 2.5999263510673516
    efficiency: 0.61683
    discharge_ratio: 0.1
    depth_of_discharge: 0.4
  Li-ion:
    cost: 200.83
    lifetime: 14.7087
    annual_cost: 13.653823927335523
    efficiency: 0.883136
    discharge_ratio: 2
    depth_of_discharge: 0.9
  Pb-acid:
    cost: 127.747
    lifetime: 13.973
    annual_cost: 9.142417519501896
    efficiency: 0.745583
    discharge_ratio: 5
    depth_of_discharge: 0.5
  VRBF:
    cost: 292.603
    lifetime: 16.3519
    annual_cost: 17.894128511059876
    efficiency: 0.826657
    discharge_ratio: 0.5
    depth_of_discharge: 1.0
