cost_values:
  wind_capex: 5000.0
  wind_opex: 100
  wind_lifetime: 20
  solar_capex: 1000.0
  solar_opex: 10
  solar_lifetime: 20
  carbon_price: 1.0
timeseries_values:
  load_level: 217621.60989347665
  wind_year: 2014
  solar_year: 2019
  price_year: 2023
  carbon_year: 2023
storage_values:
  CAES:
    cost: 74.6806
    lifetime: 27.2606
    annual_cost: 2.739506834038869
    efficiency: 0.610525
    discharge_ratio: 0.1
    depth_of_discharge: 0.4
  Li-ion:
    cost: 151.399
    lifetime: 13.9017
    annual_cost: 10.890682434522397
    efficiency: 0.892117
    discharge_ratio: 2
    depth_of_discharge: 0.9
  Pb-acid:
    cost: 128.725
    lifetime: 12.3247
    annual_cost: 10.444473293467588
    efficiency: 0.738587
    discharge_ratio: 5
    depth_of_discharge: 0.5
  VRBF:
    cost: 284.909
    lifetime: 17.2525
    annual_cost: 16.514070424576147
    efficiency: 0.838033
    discharge_ratio: 0.5
    depth_of_discharge: 1.0
