cost_values:
  wind_capex: 5000.0
  wind_opex: 100
  wind_lifetime: 20
  solar_capex: 1000.0
  solar_opex: 10
  solar_lifetime: 20
  carbon_price: 1.0
timeseries_values:
  load_level: 217621.60989347665
  wind_year: 2014
  solar_year: 2019
  price_year: 2023
  carbon_year: 2023
storage_values:
  CAES:
    cost: 70.1622
    lifetime: 27.6762
    annual_cost: 2.5351095887441195
    efficiency: 0.613706
    discharge_ratio: 0.1
    depth_of_discharge: 0.4
  Li-ion:
    cost: 165.531
    lifetime: 14.6029
    annual_cost: 11.335488156462073
    efficiency: 0.886826
    discharge_ratio: 2
    depth_of_discharge: 0.9
  Pb-acid:
    cost: 115.83
    lifetime: 14.7894
    annual_cost: 7.831960728629964
    efficiency: 0.774981
    discharge_ratio: 5
    depth_of_discharge: 0.5
  VRBF:
    cost: 307.872
    lifetime: 17.1123
    annual_cost: 17.99126943777283
    efficiency: 0.816993
    discharge_ratio: 0.5
    depth_of_discharge: 1.0
