cost_values:
  wind_capex: 5000.0
  wind_opex: 100
  wind_lifetime: 20
  solar_capex: 1000.0
  solar_opex: 10
  solar_lifetime: 20
  carbon_price: 1.0
timeseries_values:
  load_level: 217621.60989347665
  wind_year: 2014
  solar_year: 2019
  price_year: 2023
  carbon_year: 2023
storage_values:
  CAES:
    cost: 79.273
    lifetime: 27.6663
    annual_cost: 2.865327130841493
    efficiency: 0.62043
    discharge_ratio: 0.1
    depth_of_discharge: 0.4
  Li-ion:
    cost: 184.359
    lifetime: 15.593
    annual_cost: 11.823189892900661
    efficiency: 0.894136
    discharge_ratio: 2
    depth_of_discharge: 0.9
  Pb-acid:
    cost: 127.354
    lifetime: 14.2963
    annual_cost: 8.908179039331856
    efficiency: 0.760187
    discharge_ratio: 5
    depth_of_discharge: 0.5
  VRBF:
    cost: 296.892
    lifetime: 15.8478
    annual_cost: 18.733956763714836
    efficiency: 0.839231
    discharge_ratio: 0.5
    depth_of_discharge: 1.0
