cost_values:
  wind_capex: 5000.0
  wind_opex: 100
  wind_lifetime: 20
  solar_capex: 1000.0
  solar_opex: 10
  solar_lifetime: 20
  carbon_price: 1.0
timeseries_values:
  load_level: 217621.60989347665
  wind_year: 2014
  solar_year: 2019
  price_year: 2023
  carbon_year: 2023
storage_values:
  CAES:
    cost: 83.3452
    lifetime: 28.1135
    annual_cost: 2.964597079694809
    efficiency: 0.620441
    discharge_ratio: 0.1
    depth_of_discharge: 0.4
  Li-ion:
    cost: 174.891
    lifetime: 14.4159
    annual_cost: 12.131812790044325
    efficiency: 0.882554
    discharge_ratio: 2
    depth_of_discharge: 0.9
  Pb-acid:
    cost: 107.805
    lifetime: 13.2935
    annual_cost: 8.109602437281378
    efficiency: 0.773458
    discharge_ratio: 5
    depth_of_discharge: 0.5
  VRBF:
    cost: 254.837
    lifetime: 18.0942
    annual_cost: 14.083905339832652
    efficiency: 0.815421
    discharge_ratio: 0.5
    depth_of_discharge: 1.0
