cost_values:
  wind_capex: 5000.0
  wind_opex: 100
  wind_lifetime: 20
  solar_capex: 1000.0
  solar_opex: 10
  solar_lifetime: 20
  carbon_price: 1.0
timeseries_values:
  load_level: 217621.60989347665
  wind_year: 2014
  solar_year: 2019
  price_year: 2023
  carbon_year: 2023
storage_values:
  CAES:
    cost: 74.7485
    lifetime: 27.91
    annual_cost: 2.678197778573988
    efficiency: 0.618188
    discharge_ratio: 0.1
    depth_of_discharge: 0.4
  Li-ion:
    cost: 182.222
    lifetime: 12.4664
    annual_cost: 14.617050632099083
    efficiency: 0.876273
    discharge_ratio: 2
    depth_of_discharge: 0.9
  Pb-acid:
    cost: 108.797
    lifetime: 12.3205
    annual_cost: 8.830566941276734
    efficiency: 0.748599
    discharge_ratio: 5
    depth_of_discharge: 0.5
  VRBF:
    cost: 322.179
    lifetime: 19.7615
    annual_cost: 16.3033676593376
    efficiency: 0.827757
    discharge_ratio: 0.5
    depth_of_discharge: 1.0
