cost_values:
  wind_capex: 5000.0
  wind_opex: 100
  wind_lifetime: 20
  solar_capex: 1000.0
  solar_opex: 10
  solar_lifetime: 20
  carbon_price: 1.0
timeseries_values:
  load_level: 217621.60989347665
  wind_year: 2014
  solar_year: 2019
  price_year: 2023
  carbon_year: 2023
storage_values:
  CAES:
    cost: 74.2778
    lifetime: 26.4922
    annual_cost: 2.8037611070428277
    efficiency: 0.615255
    discharge_ratio: 0.1
    depth_of_discharge: 0.4
  Li-ion:
    cost: 165.885
    lifetime: 15.4427
    annual_cost: 10.741968697183783
    efficiency: 0.876441
    discharge_ratio: 2
    depth_of_discharge: 0.9
  Pb-acid:
    cost: 126.687
    lifetime: 14.4818
    annual_cost: 8.748014749547709
    efficiency: 0.76273
    discharge_ratio: 5
    depth_of_discharge: 0.5
  VRBF:
    cost: 290.318
    lifetime: 16.6202
    annual_cost: 17.467780171117074
    efficiency: 0.834116
    discharge_ratio: 0.5
    depth_of_discharge: 1.0
