cost_values:
  wind_capex: 5000.0
  wind_opex: 100
  wind_lifetime: 20
  solar_capex: 1000.0
  solar_opex: 10
  solar_lifetime: 20
  carbon_price: 1.0
timeseries_values:
  load_level: 217621.60989347665
  wind_year: 2014
  solar_year: 2019
  price_year: 2023
  carbon_year: 2023
storage_values:
  CAES:
    cost: 75.5675
    lifetime: 27.4005
    annual_cost: 2.7578876297877772
    efficiency: 0.609598
    discharge_ratio: 0.1
    depth_of_discharge: 0.4
  Li-ion:
    cost: 181.707
    lifetime: 15.1098
    annual_cost: 12.025771353690981
    efficiency: 0.877453
    discharge_ratio: 2
    depth_of_discharge: 0.9
  Pb-acid:
    cost: 119.172
    lifetime: 13.4121
    annual_cost: 8.885409443711275
    efficiency: 0.747665
    discharge_ratio: 5
    depth_of_discharge: 0.5
  VRBF:
    cost: 295.219
    lifetime: 19.0278
    annual_cost: 15.515141004214886
    efficiency: 0.82407
    discharge_ratio: 0.5
    depth_of_discharge: 1.0
