cost_values:
  wind_capex: 5000.0
  wind_opex: 100
  wind_lifetime: 20
  solar_capex: 1000.0
  solar_opex: 10
  solar_lifetime: 20
  carbon_price: 1.0
timeseries_values:
  load_level: 217621.60989347665
  wind_year: 2014
  solar_year: 2019
  price_year: 2023
  carbon_year: 2023
storage_values:
  CAES:
    cost: 78.2905
    lifetime: 28.1234
    annual_cost: 2.7838205906824918
    efficiency: 0.617297
    discharge_ratio: 0.1
    depth_of_discharge: 0.4
  Li-ion:
    cost: 205.478
    lifetime: 14.4978
    annual_cost: 14.173046945053732
    efficiency: 0.881684
    discharge_ratio: 2
    depth_of_discharge: 0.9
  Pb-acid:
    cost: 143.65
    lifetime: 13.6629
    annual_cost: 10.513873335821824
    efficiency: 0.766089
    discharge_ratio: 5
    depth_of_discharge: 0.5
  VRBF:
    cost: 278.144
    lifetime: 17.5781
    annual_cost: 15.823325615396431
    efficiency: 0.821535
    discharge_ratio: 0.5
    depth_of_discharge: 1.0
