cost_values:
  wind_capex: 5000.0
  wind_opex: 100
  wind_lifetime: 20
  solar_capex: 1000.0
  solar_opex: 10
  solar_lifetime: 20
  carbon_price: 1.0
timeseries_values:
  load_level: 217621.60989347665
  wind_year: 2014
  solar_year: 2019
  price_year: 2023
  carbon_year: 2023
storage_values:
  CAES:
    cost: 74.3519
    lifetime: 28.1357
    annual_cost: 2.6426177418724253
    efficiency: 0.626524
    discharge_ratio: 0.1
    depth_of_discharge: 0.4
  Li-ion:
    cost: 176.417
    lifetime: 13.2962
    annual_cost: 13.268227012229058
    efficiency: 0.877849
    discharge_ratio: 2
    depth_of_discharge: 0.9
  Pb-acid:
    cost: 135.15
    lifetime: 14.0534
    annual_cost: 9.616889862951314
    efficiency: 0.738294
    discharge_ratio: 5
    depth_of_discharge: 0.5
  VRBF:
    cost: 284.919
    lifetime: 19.3361
    annual_cost: 14.735081014268648
    efficiency: 0.833863
    discharge_ratio: 0.5
    depth_of_discharge: 1.0
