cost_values:
  wind_capex: 5000.0
  wind_opex: 100
  wind_lifetime: 20
  solar_capex: 1000.0
  solar_opex: 10
  solar_lifetime: 20
  carbon_price: 1.0
timeseries_values:
  load_level: 217621.60989347665
  wind_year: 2014
  solar_year: 2019
  price_year: 2023
  carbon_year: 2023
storage_values:
  CAES:
    cost: 78.0341
    lifetime: 27.9264
    annual_cost: 2.794277099805202
    efficiency: 0.613851
    discharge_ratio: 0.1
    depth_of_discharge: 0.4
  Li-ion:
    cost: 196.418
    lifetime: 15.1123
    annual_cost: 12.997227424018847
    efficiency: 0.885363
    discharge_ratio: 2
    depth_of_discharge: 0.9
  Pb-acid:
    cost: 119.706
    lifetime: 12.609
    annual_cost: 9.49369497977635
    efficiency: 0.759734
    discharge_ratio: 5
    depth_of_discharge: 0.5
  VRBF:
    cost: 314.301
    lifetime: 15.3223
    annual_cost: 20.51265149488001
    efficiency: 0.832781
    discharge_ratio: 0.5
    depth_of_discharge: 1.0
