cost_values:
  wind_capex: 5000.0
  wind_opex: 100
  wind_lifetime: 20
  solar_capex: 1000.0
  solar_opex: 10
  solar_lifetime: 20
  carbon_price: 1.0
timeseries_values:
  load_level: 217621.60989347665
  wind_year: 2014
  solar_year: 2019
  price_year: 2023
  carbon_year: 2023
storage_values:
  CAES:
    cost: 76.447
    lifetime: 26.8519
    annual_cost: 2.846986619196407
    efficiency: 0.619014
    discharge_ratio: 0.1
    depth_of_discharge: 0.4
  Li-ion:
    cost: 187.249
    lifetime: 15.7047
    annual_cost: 11.923118556865141
    efficiency: 0.86945
    discharge_ratio: 2
    depth_of_discharge: 0.9
  Pb-acid:
    cost: 122.156
    lifetime: 13.3878
    annual_cost: 9.12442671686162
    efficiency: 0.759013
    discharge_ratio: 5
    depth_of_discharge: 0.5
  VRBF:
    cost: 301.299
    lifetime: 18.3327
    annual_cost: 16.435058665662996
    efficiency: 0.840234
    discharge_ratio: 0.5
    depth_of_discharge: 1.0
