cost_values:
  wind_capex: 5000.0
  wind_opex: 100
  wind_lifetime: 20
  solar_capex: 1000.0
  solar_opex: 10
  solar_lifetime: 20
  carbon_price: 1.0
timeseries_values:
  load_level: 217621.60989347665
  wind_year: 2014
  solar_year: 2019
  price_year: 2023
  carbon_year: 2023
storage_values:
  CAES:
    cost: 73.2754
    lifetime: 26.3722
    annual_cost: 2.7785091877052355
    efficiency: 0.619993
    discharge_ratio: 0.1
    depth_of_discharge: 0.4
  Li-ion:
    cost: 183.39
    lifetime: 13.2882
    annual_cost: 13.800966270826748
    efficiency: 0.876463
    discharge_ratio: 2
    depth_of_discharge: 0.9
  Pb-acid:
    cost: 102.474
    lifetime: 14.403
    annual_cost: 7.114767756717351
    efficiency: 0.767633
    discharge_ratio: 5
    depth_of_discharge: 0.5
  VRBF:
    cost: 303.986
    lifetime: 17.8206
    annual_cost: 17.058123744430603
    efficiency: 0.839603
    discharge_ratio: 0.5
    depth_of_discharge: 1.0
