cost_values:
  wind_capex: 5000.0
  wind_opex: 100
  wind_lifetime: 20
  solar_capex: 1000.0
  solar_opex: 10
  solar_lifetime: 20
  carbon_price: 1.0
timeseries_values:
  load_level: 217621.60989347665
  wind_year: 2014
  solar_year: 2019
  price_year: 2023
  carbon_year: 2023
storage_values:
  CAES:
    cost: 80.6107
    lifetime: 27.3044
    annual_cost: 2.9522970656743963
    efficiency: 0.623839
    discharge_ratio: 0.1
    depth_of_discharge: 0.4
  Li-ion:
    cost: 202.941
    lifetime: 13.2399
    annual_cost: 15.3279858609204
    efficiency: 0.885506
    discharge_ratio: 2
    depth_of_discharge: 0.9
  Pb-acid:
    cost: 102.841
    lifetime: 11.2771
    annual_cost: 9.119454469677487
    efficiency: 0.75611
    discharge_ratio: 5
    depth_of_discharge: 0.5
  VRBF:
    cost: 299.621
    lifetime: 19.0238
    annual_cost: 15.749797621926216
    efficiency: 0.821295
    discharge_ratio: 0.5
    depth_of_discharge: 1.0
