cost_values:
  wind_capex: 5000.0
  wind_opex: 100
  wind_lifetime: 20
  solar_capex: 1000.0
  solar_opex: 10
  solar_lifetime: 20
  carbon_price: 1.0
timeseries_values:
  load_level: 217621.60989347665
  wind_year: 2014
  solar_year: 2019
  price_year: 2023
  carbon_year: 2023
storage_values:
  CAES:
    cost: 78.8334
    lifetime: 27.2247
    annual_cost: 2.8956572524215143
    efficiency: 0.625214
    discharge_ratio: 0.1
    depth_of_discharge: 0.4
  Li-ion:
    cost: 179.25
    lifetime: 12.4009
    annual_cost: 14.454596037384384
    efficiency: 0.888015
    discharge_ratio: 2
    depth_of_discharge: 0.9
  Pb-acid:
    cost: 108.871
    lifetime: 12.6913
    annual_cost: 8.578396224185072
    efficiency: 0.747478
    discharge_ratio: 5
    depth_of_discharge: 0.5
  VRBF:
    cost: 311.361
    lifetime: 15.7546
    annual_cost: 19.76318027750625
    efficiency: 0.828324
    discharge_ratio: 0.5
    depth_of_discharge: 1.0
