cost_values:
  wind_capex: 5000.0
  wind_opex: 100
  wind_lifetime: 20
  solar_capex: 1000.0
  solar_opex: 10
  solar_lifetime: 20
  carbon_price: 1.0
timeseries_values:
  load_level: 217621.60989347665
  wind_year: 2014
  solar_year: 2019
  price_year: 2023
  carbon_year: 2023
storage_values:
  CAES:
    cost: 81.5931
    lifetime: 26.5652
    annual_cost: 3.0714280336681075
    efficiency: 0.621836
    discharge_ratio: 0.1
    depth_of_discharge: 0.4
  Li-ion:
    cost: 178.846
    lifetime: 14.2813
    annual_cost: 12.523089634697122
    efficiency: 0.889238
    discharge_ratio: 2
    depth_of_discharge: 0.9
  Pb-acid:
    cost: 97.905
    lifetime: 14.895
    annual_cost: 6.5730110775428
    efficiency: 0.767929
    discharge_ratio: 5
    depth_of_discharge: 0.5
  VRBF:
    cost: 286.035
    lifetime: 16.046
    annual_cost: 17.82593792845569
    efficiency: 0.812579
    discharge_ratio: 0.5
    depth_of_discharge: 1.0
