cost_values:
  wind_capex: 5000.0
  wind_opex: 100
  wind_lifetime: 20
  solar_capex: 1000.0
  solar_opex: 10
  solar_lifetime: 20
  carbon_price: 1.0
timeseries_values:
  load_level: 217621.60989347665
  wind_year: 2014
  solar_year: 2019
  price_year: 2023
  carbon_year: 2023
storage_values:
  CAES:
    cost: 80.0468
    lifetime: 27.657
    annual_cost: 2.8942690819683987
    efficiency: 0.628463
    discharge_ratio: 0.1
    depth_of_discharge: 0.4
  Li-ion:
    cost: 178.512
    lifetime: 13.3287
    annual_cost: 13.393054086294988
    efficiency: 0.88963
    discharge_ratio: 2
    depth_of_discharge: 0.9
  Pb-acid:
    cost: 121.647
    lifetime: 12.3429
    annual_cost: 9.855625501300343
    efficiency: 0.755131
    discharge_ratio: 5
    depth_of_discharge: 0.5
  VRBF:
    cost: 305.728
    lifetime: 16.23
    annual_cost: 18.837215033887862
    efficiency: 0.837282
    discharge_ratio: 0.5
    depth_of_discharge: 1.0
