cost_values:
  wind_capex: 5000.0
  wind_opex: 100
  wind_lifetime: 20
  solar_capex: 1000.0
  solar_opex: 10
  solar_lifetime: 20
  carbon_price: 1.0
timeseries_values:
  load_level: 217621.60989347665
  wind_year: 2014
  solar_year: 2019
  price_year: 2023
  carbon_year: 2023
storage_values:
  CAES:
    cost: 78.6406
    lifetime: 26.6693
    annual_cost: 2.948731312782863
    efficiency: 0.622978
    discharge_ratio: 0.1
    depth_of_discharge: 0.4
  Li-ion:
    cost: 183.214
    lifetime: 14.7806
    annual_cost: 12.395572574861642
    efficiency: 0.869561
    discharge_ratio: 2
    depth_of_discharge: 0.9
  Pb-acid:
    cost: 134.596
    lifetime: 13.2669
    annual_cost: 10.145248701656001
    efficiency: 0.75432
    discharge_ratio: 5
    depth_of_discharge: 0.5
  VRBF:
    cost: 274.059
    lifetime: 16.354
    annual_cost: 16.7579185520362
    efficiency: 0.827091
    discharge_ratio: 0.5
    depth_of_discharge: 1.0
