cost_values:
  wind_capex: 5000.0
  wind_opex: 100
  wind_lifetime: 20
  solar_capex: 1000.0
  solar_opex: 10
  solar_lifetime: 20
  carbon_price: 1.0
timeseries_values:
  load_level: 217621.60989347665
  wind_year: 2014
  solar_year: 2019
  price_year: 2023
  carbon_year: 2023
storage_values:
  CAES:
    cost: 83.1071
    lifetime: 26.8486
    annual_cost: 3.095397897841973
    efficiency: 0.615122
    discharge_ratio: 0.1
    depth_of_discharge: 0.4
  Li-ion:
    cost: 188.505
    lifetime: 14.2258
    annual_cost: 13.250924376836451
    efficiency: 0.864822
    discharge_ratio: 2
    depth_of_discharge: 0.9
  Pb-acid:
    cost: 151.104
    lifetime: 12.6729
    annual_cost: 11.923395592169118
    efficiency: 0.756475
    discharge_ratio: 5
    depth_of_discharge: 0.5
  VRBF:
    cost: 328.296
    lifetime: 17.0616
    annual_cost: 19.24180616120411
    efficiency: 0.833337
    discharge_ratio: 0.5
    depth_of_discharge: 1.0
