cost_values:
  wind_capex: 5000.0
  wind_opex: 100
  wind_lifetime: 20
  solar_capex: 1000.0
  solar_opex: 10
  solar_lifetime: 20
  carbon_price: 1.0
timeseries_values:
  load_level: 239119.5347402726
  wind_year: 2012
  solar_year: 2013
  price_year: 2023
  carbon_year: 2023
storage_values:
  CAES:
    cost: 50.6529
    lifetime: 25.3523
    annual_cost: 1.997960737290108
    efficiency: 0.577627
    discharge_ratio: 0.1
    depth_of_discharge: 0.4
  Li-ion:
    cost: 192.005
    lifetime: 17.7205
    annual_cost: 10.835190880618491
    efficiency: 0.915212
    discharge_ratio: 2
    depth_of_discharge: 0.9
  Pb-acid:
    cost: 108.93
    lifetime: 9.60966
    annual_cost: 11.335468684636085
    efficiency: 0.729631
    discharge_ratio: 5
    depth_of_discharge: 0.5
  VRBF:
    cost: 176.338
    lifetime: 17.2601
    annual_cost: 10.216510912451259
    efficiency: 0.728789
    discharge_ratio: 0.5
    depth_of_discharge: 1.0
