cost_values:
  wind_capex: 5000.0
  wind_opex: 100
  wind_lifetime: 20
  solar_capex: 1000.0
  solar_opex: 10
  solar_lifetime: 20
  carbon_price: 1.0
timeseries_values:
  load_level: 239119.5347402726
  wind_year: 2012
  solar_year: 2013
  price_year: 2023
  carbon_year: 2023
storage_values:
  CAES:
    cost: 53.023
    lifetime: 25.3013
    annual_cost: 2.095663068696075
    efficiency: 0.569467
    discharge_ratio: 0.1
    depth_of_discharge: 0.4
  Li-ion:
    cost: 192.586
    lifetime: 16.8513
    annual_cost: 11.428554473542102
    efficiency: 0.928324
    discharge_ratio: 2
    depth_of_discharge: 0.9
  Pb-acid:
    cost: 84.7355
    lifetime: 9.736
    annual_cost: 8.7033175842235
    efficiency: 0.729758
    discharge_ratio: 5
    depth_of_discharge: 0.5
  VRBF:
    cost: 120.186
    lifetime: 18.6662
    annual_cost: 6.4386966817027576
    efficiency: 0.71242
    discharge_ratio: 0.5
    depth_of_discharge: 1.0
