cost_values:
  wind_capex: 5000.0
  wind_opex: 100
  wind_lifetime: 20
  solar_capex: 1000.0
  solar_opex: 10
  solar_lifetime: 20
  carbon_price: 1.0
timeseries_values:
  load_level: 239119.5347402726
  wind_year: 2012
  solar_year: 2013
  price_year: 2023
  carbon_year: 2023
storage_values:
  CAES:
    cost: 45.4029
    lifetime: 24.6124
    annual_cost: 1.8447164843737303
    efficiency: 0.579983
    discharge_ratio: 0.1
    depth_of_discharge: 0.4
  Li-ion:
    cost: 189.325
    lifetime: 16.4009
    annual_cost: 11.54357382826552
    efficiency: 0.923596
    discharge_ratio: 2
    depth_of_discharge: 0.9
  Pb-acid:
    cost: 102.491
    lifetime: 9.39153
    annual_cost: 10.913131300224778
    efficiency: 0.718232
    discharge_ratio: 5
    depth_of_discharge: 0.5
  VRBF:
    cost: 191.169
    lifetime: 16.3555
    annual_cost: 11.688361713185168
    efficiency: 0.724965
    discharge_ratio: 0.5
    depth_of_discharge: 1.0
