cost_values:
  wind_capex: 5000.0
  wind_opex: 100
  wind_lifetime: 20
  solar_capex: 1000.0
  solar_opex: 10
  solar_lifetime: 20
  carbon_price: 1.0
timeseries_values:
  load_level: 239119.5347402726
  wind_year: 2012
  solar_year: 2013
  price_year: 2023
  carbon_year: 2023
storage_values:
  CAES:
    cost: 46.0299
    lifetime: 22.7095
    annual_cost: 2.0269006362975848
    efficiency: 0.570072
    discharge_ratio: 0.1
    depth_of_discharge: 0.4
  Li-ion:
    cost: 179.552
    lifetime: 17.3137
    annual_cost: 10.370515834281521
    efficiency: 0.929631
    discharge_ratio: 2
    depth_of_discharge: 0.9
  Pb-acid:
    cost: 97.1356
    lifetime: 11.1135
    annual_cost: 8.740324830161516
    efficiency: 0.727893
    discharge_ratio: 5
    depth_of_discharge: 0.5
  VRBF:
    cost: 132.131
    lifetime: 16.632
    annual_cost: 7.944384319384318
    efficiency: 0.718694
    discharge_ratio: 0.5
    depth_of_discharge: 1.0
