cost_values:
  wind_capex: 5000.0
  wind_opex: 100
  wind_lifetime: 20
  solar_capex: 1000.0
  solar_opex: 10
  solar_lifetime: 20
  carbon_price: 1.0
timeseries_values:
  load_level: 239119.5347402726
  wind_year: 2012
  solar_year: 2013
  price_year: 2023
  carbon_year: 2023
storage_values:
  CAES:
    cost: 44.0316
    lifetime: 23.5608
    annual_cost: 1.868849954161149
    efficiency: 0.570173
    discharge_ratio: 0.1
    depth_of_discharge: 0.4
  Li-ion:
    cost: 187.681
    lifetime: 15.6678
    annual_cost: 11.97877174842671
    efficiency: 0.926403
    discharge_ratio: 2
    depth_of_discharge: 0.9
  Pb-acid:
    cost: 109.569
    lifetime: 13.2958
    annual_cost: 8.240873057657305
    efficiency: 0.733674
    discharge_ratio: 5
    depth_of_discharge: 0.5
  VRBF:
    cost: 169.306
    lifetime: 16.9244
    annual_cost: 10.003663349956277
    efficiency: 0.716749
    discharge_ratio: 0.5
    depth_of_discharge: 1.0
