cost_values:
  wind_capex: 5000.0
  wind_opex: 100
  wind_lifetime: 20
  solar_capex: 1000.0
  solar_opex: 10
  solar_lifetime: 20
  carbon_price: 1.0
timeseries_values:
  load_level: 239119.5347402726
  wind_year: 2012
  solar_year: 2013
  price_year: 2023
  carbon_year: 2023
storage_values:
  CAES:
    cost: 51.6661
    lifetime: 24.2316
    annual_cost: 2.132178642763994
    efficiency: 0.576409
    discharge_ratio: 0.1
    depth_of_discharge: 0.4
  Li-ion:
    cost: 210.542
    lifetime: 17.6152
    annual_cost: 11.952291203051908
    efficiency: 0.930313
    discharge_ratio: 2
    depth_of_discharge: 0.9
  Pb-acid:
    cost: 91.5927
    lifetime: 9.21811
    annual_cost: 9.936169127944883
    efficiency: 0.73048
    discharge_ratio: 5
    depth_of_discharge: 0.5
  VRBF:
    cost: 159.988
    lifetime: 17.0963
    annual_cost: 9.358048232658529
    efficiency: 0.707922
    discharge_ratio: 0.5
    depth_of_discharge: 1.0
