cost_values:
  wind_capex: 5000.0
  wind_opex: 100
  wind_lifetime: 20
  solar_capex: 1000.0
  solar_opex: 10
  solar_lifetime: 20
  carbon_price: 1.0
timeseries_values:
  load_level: 239119.5347402726
  wind_year: 2012
  solar_year: 2013
  price_year: 2023
  carbon_year: 2023
storage_values:
  CAES:
    cost: 52.5556
    lifetime: 24.4721
    annual_cost: 2.1475721331638886
    efficiency: 0.575088
    discharge_ratio: 0.1
    depth_of_discharge: 0.4
  Li-ion:
    cost: 201.823
    lifetime: 17.213
    annual_cost: 11.725033404984604
    efficiency: 0.932283
    discharge_ratio: 2
    depth_of_discharge: 0.9
  Pb-acid:
    cost: 89.4408
    lifetime: 11.9763
    annual_cost: 7.468149595451015
    efficiency: 0.739388
    discharge_ratio: 5
    depth_of_discharge: 0.5
  VRBF:
    cost: 192.229
    lifetime: 16.6147
    annual_cost: 11.569814682179036
    efficiency: 0.699498
    discharge_ratio: 0.5
    depth_of_discharge: 1.0
