cost_values:
  wind_capex: 5000.0
  wind_opex: 100
  wind_lifetime: 20
  solar_capex: 1000.0
  solar_opex: 10
  solar_lifetime: 20
  carbon_price: 1.0
timeseries_values:
  load_level: 239119.5347402726
  wind_year: 2012
  solar_year: 2013
  price_year: 2023
  carbon_year: 2023
storage_values:
  CAES:
    cost: 50.6496
    lifetime: 23.8867
    annual_cost: 2.1204101026931306
    efficiency: 0.570877
    discharge_ratio: 0.1
    depth_of_discharge: 0.4
  Li-ion:
    cost: 215.062
    lifetime: 16.5219
    annual_cost: 13.01678378394737
    efficiency: 0.928372
    discharge_ratio: 2
    depth_of_discharge: 0.9
  Pb-acid:
    cost: 115.008
    lifetime: 10.4828
    annual_cost: 10.971114587705575
    efficiency: 0.746359
    discharge_ratio: 5
    depth_of_discharge: 0.5
  VRBF:
    cost: 183.24
    lifetime: 15.7103
    annual_cost: 11.663685607531365
    efficiency: 0.701843
    discharge_ratio: 0.5
    depth_of_discharge: 1.0
