cost_values:
  wind_capex: 5000.0
  wind_opex: 100
  wind_lifetime: 20
  solar_capex: 1000.0
  solar_opex: 10
  solar_lifetime: 20
  carbon_price: 1.0
timeseries_values:
  load_level: 239119.5347402726
  wind_year: 2012
  solar_year: 2013
  price_year: 2023
  carbon_year: 2023
storage_values:
  CAES:
    cost: 45.7653
    lifetime: 23.996
    annual_cost: 1.9072053675612604
    efficiency: 0.580991
    discharge_ratio: 0.1
    depth_of_discharge: 0.4
  Li-ion:
    cost: 194.6
    lifetime: 14.9294
    annual_cost: 13.034683242461185
    efficiency: 0.910696
    discharge_ratio: 2
    depth_of_discharge: 0.9
  Pb-acid:
    cost: 120.983
    lifetime: 8.99672
    annual_cost: 13.447456406334753
    efficiency: 0.725609
    discharge_ratio: 5
    depth_of_discharge: 0.5
  VRBF:
    cost: 127.893
    lifetime: 13.7501
    annual_cost: 9.30124144551676
    efficiency: 0.716105
    discharge_ratio: 0.5
    depth_of_discharge: 1.0
