cost_values:
  wind_capex: 5000.0
  wind_opex: 100
  wind_lifetime: 20
  solar_capex: 1000.0
  solar_opex: 10
  solar_lifetime: 20
  carbon_price: 1.0
timeseries_values:
  load_level: 239119.5347402726
  wind_year: 2012
  solar_year: 2013
  price_year: 2023
  carbon_year: 2023
storage_values:
  CAES:
    cost: 48.9988
    lifetime: 24.5976
    annual_cost: 1.9920154811851565
    efficiency: 0.574929
    discharge_ratio: 0.1
    depth_of_discharge: 0.4
  Li-ion:
    cost: 190.78
    lifetime: 16.9809
    annual_cost: 11.234975766891038
    efficiency: 0.92641
    discharge_ratio: 2
    depth_of_discharge: 0.9
  Pb-acid:
    cost: 107.085
    lifetime: 9.40005
    annual_cost: 11.391960681060207
    efficiency: 0.740416
    discharge_ratio: 5
    depth_of_discharge: 0.5
  VRBF:
    cost: 160.118
    lifetime: 15.7435
    annual_cost: 10.170419538222124
    efficiency: 0.716087
    discharge_ratio: 0.5
    depth_of_discharge: 1.0
