cost_values:
  wind_capex: 5000.0
  wind_opex: 100
  wind_lifetime: 20
  solar_capex: 1000.0
  solar_opex: 10
  solar_lifetime: 20
  carbon_price: 1.0
timeseries_values:
  load_level: 239119.5347402726
  wind_year: 2012
  solar_year: 2013
  price_year: 2023
  carbon_year: 2023
storage_values:
  CAES:
    cost: 50.357
    lifetime: 24.3549
    annual_cost: 2.0676332072806702
    efficiency: 0.567444
    discharge_ratio: 0.1
    depth_of_discharge: 0.4
  Li-ion:
    cost: 220.314
    lifetime: 16.0525
    annual_cost: 13.724591185173649
    efficiency: 0.930521
    discharge_ratio: 2
    depth_of_discharge: 0.9
  Pb-acid:
    cost: 98.1553
    lifetime: 10.7186
    annual_cost: 9.157473923833336
    efficiency: 0.733044
    discharge_ratio: 5
    depth_of_discharge: 0.5
  VRBF:
    cost: 153.149
    lifetime: 14.3851
    annual_cost: 10.646363250863741
    efficiency: 0.732401
    discharge_ratio: 0.5
    depth_of_discharge: 1.0
