cost_values:
  wind_capex: 5000.0
  wind_opex: 100
  wind_lifetime: 20
  solar_capex: 1000.0
  solar_opex: 10
  solar_lifetime: 20
  carbon_price: 1.0
timeseries_values:
  load_level: 239119.5347402726
  wind_year: 2012
  solar_year: 2013
  price_year: 2023
  carbon_year: 2023
storage_values:
  CAES:
    cost: 51.5659
    lifetime: 23.3798
    annual_cost: 2.2055748979888623
    efficiency: 0.58473
    discharge_ratio: 0.1
    depth_of_discharge: 0.4
  Li-ion:
    cost: 192.813
    lifetime: 16.226
    annual_cost: 11.882965610748181
    efficiency: 0.934863
    discharge_ratio: 2
    depth_of_discharge: 0.9
  Pb-acid:
    cost: 82.7485
    lifetime: 9.59274
    annual_cost: 8.626158949372131
    efficiency: 0.728279
    discharge_ratio: 5
    depth_of_discharge: 0.5
  VRBF:
    cost: 201.651
    lifetime: 16.371
    annual_cost: 12.317573758475355
    efficiency: 0.722699
    discharge_ratio: 0.5
    depth_of_discharge: 1.0
