cost_values:
  wind_capex: 5000.0
  wind_opex: 100
  wind_lifetime: 20
  solar_capex: 1000.0
  solar_opex: 10
  solar_lifetime: 20
  carbon_price: 1.0
timeseries_values:
  load_level: 239119.5347402726
  wind_year: 2012
  solar_year: 2013
  price_year: 2023
  carbon_year: 2023
storage_values:
  CAES:
    cost: 43.2217
    lifetime: 23.9141
    annual_cost: 1.8073730560631591
    efficiency: 0.588261
    discharge_ratio: 0.1
    depth_of_discharge: 0.4
  Li-ion:
    cost: 199.955
    lifetime: 15.2846
    annual_cost: 13.082121874304857
    efficiency: 0.915132
    discharge_ratio: 2
    depth_of_discharge: 0.9
  Pb-acid:
    cost: 93.553
    lifetime: 10.8056
    annual_cost: 8.657825571925668
    efficiency: 0.741361
    discharge_ratio: 5
    depth_of_discharge: 0.5
  VRBF:
    cost: 198.291
    lifetime: 15.3883
    annual_cost: 12.885828843991865
    efficiency: 0.725297
    discharge_ratio: 0.5
    depth_of_discharge: 1.0
