cost_values:
  wind_capex: 5000.0
  wind_opex: 100
  wind_lifetime: 20
  solar_capex: 1000.0
  solar_opex: 10
  solar_lifetime: 20
  carbon_price: 1.0
timeseries_values:
  load_level: 239119.5347402726
  wind_year: 2012
  solar_year: 2013
  price_year: 2023
  carbon_year: 2023
storage_values:
  CAES:
    cost: 48.4642
    lifetime: 24.5966
    annual_cost: 1.970361757316052
    efficiency: 0.573044
    discharge_ratio: 0.1
    depth_of_discharge: 0.4
  Li-ion:
    cost: 184.731
    lifetime: 16.5794
    annual_cost: 11.142200562143383
    efficiency: 0.918231
    discharge_ratio: 2
    depth_of_discharge: 0.9
  Pb-acid:
    cost: 68.5472
    lifetime: 13.6392
    annual_cost: 5.025749310810018
    efficiency: 0.736556
    discharge_ratio: 5
    depth_of_discharge: 0.5
  VRBF:
    cost: 152.982
    lifetime: 17.1598
    annual_cost: 8.915138871082414
    efficiency: 0.703837
    discharge_ratio: 0.5
    depth_of_discharge: 1.0
