cost_values:
  wind_capex: 5000.0
  wind_opex: 100
  wind_lifetime: 20
  solar_capex: 1000.0
  solar_opex: 10
  solar_lifetime: 20
  carbon_price: 1.0
timeseries_values:
  load_level: 239119.5347402726
  wind_year: 2012
  solar_year: 2013
  price_year: 2023
  carbon_year: 2023
storage_values:
  CAES:
    cost: 40.69
    lifetime: 25.3897
    annual_cost: 1.6026183846205349
    efficiency: 0.576615
    discharge_ratio: 0.1
    depth_of_discharge: 0.4
  Li-ion:
    cost: 213.57
    lifetime: 15.6008
    annual_cost: 13.689682580380493
    efficiency: 0.918426
    discharge_ratio: 2
    depth_of_discharge: 0.9
  Pb-acid:
    cost: 102.8
    lifetime: 11.5264
    annual_cost: 8.918656302054414
    efficiency: 0.730496
    discharge_ratio: 5
    depth_of_discharge: 0.5
  VRBF:
    cost: 158.571
    lifetime: 14.7268
    annual_cost: 10.767512290517967
    efficiency: 0.723667
    discharge_ratio: 0.5
    depth_of_discharge: 1.0
