cost_values:
  wind_capex: 5000.0
  wind_opex: 100
  wind_lifetime: 20
  solar_capex: 1000.0
  solar_opex: 10
  solar_lifetime: 20
  carbon_price: 1.0
timeseries_values:
  load_level: 239119.5347402726
  wind_year: 2012
  solar_year: 2013
  price_year: 2023
  carbon_year: 2023
storage_values:
  CAES:
    cost: 51.808
    lifetime: 24.5031
    annual_cost: 2.114344715566602
    efficiency: 0.579991
    discharge_ratio: 0.1
    depth_of_discharge: 0.4
  Li-ion:
    cost: 207.9
    lifetime: 20.3364
    annual_cost: 10.223048327137546
    efficiency: 0.921075
    discharge_ratio: 2
    depth_of_discharge: 0.9
  Pb-acid:
    cost: 105.047
    lifetime: 9.51968
    annual_cost: 11.034719654442167
    efficiency: 0.729684
    discharge_ratio: 5
    depth_of_discharge: 0.5
  VRBF:
    cost: 193.04
    lifetime: 18.5457
    annual_cost: 10.408881843230505
    efficiency: 0.724654
    discharge_ratio: 0.5
    depth_of_discharge: 1.0
