cost_values:
  wind_capex: 5000.0
  wind_opex: 100
  wind_lifetime: 20
  solar_capex: 1000.0
  solar_opex: 10
  solar_lifetime: 20
  carbon_price: 1.0
timeseries_values:
  load_level: 239119.5347402726
  wind_year: 2012
  solar_year: 2013
  price_year: 2023
  carbon_year: 2023
storage_values:
  CAES:
    cost: 48.7122
    lifetime: 24.3132
    annual_cost: 2.003528947238537
    efficiency: 0.586965
    discharge_ratio: 0.1
    depth_of_discharge: 0.4
  Li-ion:
    cost: 216.975
    lifetime: 18.4545
    annual_cost: 11.75729496870682
    efficiency: 0.934298
    discharge_ratio: 2
    depth_of_discharge: 0.9
  Pb-acid:
    cost: 95.1117
    lifetime: 9.64639
    annual_cost: 9.85982320847488
    efficiency: 0.728836
    discharge_ratio: 5
    depth_of_discharge: 0.5
  VRBF:
    cost: 178.366
    lifetime: 15.9471
    annual_cost: 11.184854926601075
    efficiency: 0.705967
    discharge_ratio: 0.5
    depth_of_discharge: 1.0
