cost_values:
  wind_capex: 5000.0
  wind_opex: 100
  wind_lifetime: 20
  solar_capex: 1000.0
  solar_opex: 10
  solar_lifetime: 20
  carbon_price: 1.0
timeseries_values:
  load_level: 239119.5347402726
  wind_year: 2012
  solar_year: 2013
  price_year: 2023
  carbon_year: 2023
storage_values:
  CAES:
    cost: 48.3541
    lifetime: 24.7494
    annual_cost: 1.9537483736979482
    efficiency: 0.578924
    discharge_ratio: 0.1
    depth_of_discharge: 0.4
  Li-ion:
    cost: 189.24
    lifetime: 14.797
    annual_cost: 12.789078867337974
    efficiency: 0.925348
    discharge_ratio: 2
    depth_of_discharge: 0.9
  Pb-acid:
    cost: 87.0026
    lifetime: 10.9016
    annual_cost: 7.9807184266529685
    efficiency: 0.741461
    discharge_ratio: 5
    depth_of_discharge: 0.5
  VRBF:
    cost: 175.106
    lifetime: 15.7617
    annual_cost: 11.109588432719821
    efficiency: 0.736498
    discharge_ratio: 0.5
    depth_of_discharge: 1.0
