cost_values:
  wind_capex: 5000.0
  wind_opex: 100
  wind_lifetime: 20
  solar_capex: 1000.0
  solar_opex: 10
  solar_lifetime: 20
  carbon_price: 1.0
timeseries_values:
  load_level: 239119.5347402726
  wind_year: 2012
  solar_year: 2013
  price_year: 2023
  carbon_year: 2023
storage_values:
  CAES:
    cost: 47.4358
    lifetime: 23.1341
    annual_cost: 2.0504709498100206
    efficiency: 0.569237
    discharge_ratio: 0.1
    depth_of_discharge: 0.4
  Li-ion:
    cost: 197.163
    lifetime: 17.7916
    annual_cost: 11.081802648440839
    efficiency: 0.919048
    discharge_ratio: 2
    depth_of_discharge: 0.9
  Pb-acid:
    cost: 122.967
    lifetime: 10.9285
    annual_cost: 11.25195589513657
    efficiency: 0.74625
    discharge_ratio: 5
    depth_of_discharge: 0.5
  VRBF:
    cost: 166.032
    lifetime: 15.4409
    annual_cost: 10.752741096697733
    efficiency: 0.734437
    discharge_ratio: 0.5
    depth_of_discharge: 1.0
