cost_values:
  wind_capex: 5000.0
  wind_opex: 100
  wind_lifetime: 20
  solar_capex: 1000.0
  solar_opex: 10
  solar_lifetime: 20
  carbon_price: 1.0
timeseries_values:
  load_level: 239119.5347402726
  wind_year: 2012
  solar_year: 2013
  price_year: 2023
  carbon_year: 2023
storage_values:
  CAES:
    cost: 41.3256
    lifetime: 24.0358
    annual_cost: 1.7193353248071628
    efficiency: 0.56914
    discharge_ratio: 0.1
    depth_of_discharge: 0.4
  Li-ion:
    cost: 200.8
    lifetime: 17.6468
    annual_cost: 11.378833556225493
    efficiency: 0.91669
    discharge_ratio: 2
    depth_of_discharge: 0.9
  Pb-acid:
    cost: 106.444
    lifetime: 10.4574
    annual_cost: 10.178820739380726
    efficiency: 0.732265
    discharge_ratio: 5
    depth_of_discharge: 0.5
  VRBF:
    cost: 185.702
    lifetime: 17.2672
    annual_cost: 10.754609896219423
    efficiency: 0.710298
    discharge_ratio: 0.5
    depth_of_discharge: 1.0
