cost_values:
  wind_capex: 5000.0
  wind_opex: 100
  wind_lifetime: 20
  solar_capex: 1000.0
  solar_opex: 10
  solar_lifetime: 20
  carbon_price: 1.0
timeseries_values:
  load_level: 239119.5347402726
  wind_year: 2012
  solar_year: 2013
  price_year: 2023
  carbon_year: 2023
storage_values:
  CAES:
    cost: 54.2618
    lifetime: 24.0993
    annual_cost: 2.2515923699028604
    efficiency: 0.577561
    discharge_ratio: 0.1
    depth_of_discharge: 0.4
  Li-ion:
    cost: 192.797
    lifetime: 17.8973
    annual_cost: 10.772407011113406
    efficiency: 0.913004
    discharge_ratio: 2
    depth_of_discharge: 0.9
  Pb-acid:
    cost: 95.8976
    lifetime: 11.0323
    annual_cost: 8.69243947318329
    efficiency: 0.71715
    discharge_ratio: 5
    depth_of_discharge: 0.5
  VRBF:
    cost: 168.147
    lifetime: 16.9535
    annual_cost: 9.918128999911524
    efficiency: 0.723872
    discharge_ratio: 0.5
    depth_of_discharge: 1.0
