cost_values:
  wind_capex: 5000.0
  wind_opex: 100
  wind_lifetime: 20
  solar_capex: 1000.0
  solar_opex: 10
  solar_lifetime: 20
  carbon_price: 1.0
timeseries_values:
  load_level: 239119.5347402726
  wind_year: 2012
  solar_year: 2013
  price_year: 2023
  carbon_year: 2023
storage_values:
  CAES:
    cost: 52.4636
    lifetime: 23.9151
    annual_cost: 2.1937437016780192
    efficiency: 0.576515
    discharge_ratio: 0.1
    depth_of_discharge: 0.4
  Li-ion:
    cost: 219.224
    lifetime: 18.3993
    annual_cost: 11.914801106563836
    efficiency: 0.92981
    discharge_ratio: 2
    depth_of_discharge: 0.9
  Pb-acid:
    cost: 96.7259
    lifetime: 11.0829
    annual_cost: 8.727490097357189
    efficiency: 0.729036
    discharge_ratio: 5
    depth_of_discharge: 0.5
  VRBF:
    cost: 206.436
    lifetime: 16.0114
    annual_cost: 12.893063692119366
    efficiency: 0.693154
    discharge_ratio: 0.5
    depth_of_discharge: 1.0
