cost_values:
  wind_capex: 5000.0
  wind_opex: 100
  wind_lifetime: 20
  solar_capex: 1000.0
  solar_opex: 10
  solar_lifetime: 20
  carbon_price: 1.0
timeseries_values:
  load_level: 239119.5347402726
  wind_year: 2012
  solar_year: 2013
  price_year: 2023
  carbon_year: 2023
storage_values:
  CAES:
    cost: 36.9662
    lifetime: 25.0716
    annual_cost: 1.4744252460951834
    efficiency: 0.571482
    discharge_ratio: 0.1
    depth_of_discharge: 0.4
  Li-ion:
    cost: 211.596
    lifetime: 16.9125
    annual_cost: 12.51121951219512
    efficiency: 0.916567
    discharge_ratio: 2
    depth_of_discharge: 0.9
  Pb-acid:
    cost: 93.4306
    lifetime: 9.75181
    annual_cost: 9.580847042754113
    efficiency: 0.721086
    discharge_ratio: 5
    depth_of_discharge: 0.5
  VRBF:
    cost: 138.578
    lifetime: 14.5552
    annual_cost: 9.520858524788393
    efficiency: 0.724733
    discharge_ratio: 0.5
    depth_of_discharge: 1.0
