cost_values:
  wind_capex: 5000.0
  wind_opex: 100
  wind_lifetime: 20
  solar_capex: 1000.0
  solar_opex: 10
  solar_lifetime: 20
  carbon_price: 1.0
timeseries_values:
  load_level: 239119.5347402726
  wind_year: 2012
  solar_year: 2013
  price_year: 2023
  carbon_year: 2023
storage_values:
  CAES:
    cost: 44.2096
    lifetime: 25.1903
    annual_cost: 1.75502475159089
    efficiency: 0.57644
    discharge_ratio: 0.1
    depth_of_discharge: 0.4
  Li-ion:
    cost: 217.747
    lifetime: 16.6442
    annual_cost: 13.082455149541582
    efficiency: 0.922093
    discharge_ratio: 2
    depth_of_discharge: 0.9
  Pb-acid:
    cost: 105.246
    lifetime: 11.7349
    annual_cost: 8.968632029246095
    efficiency: 0.737975
    discharge_ratio: 5
    depth_of_discharge: 0.5
  VRBF:
    cost: 176.824
    lifetime: 15.7612
    annual_cost: 11.218942720097456
    efficiency: 0.715555
    discharge_ratio: 0.5
    depth_of_discharge: 1.0
