cost_values:
  wind_capex: 5000.0
  wind_opex: 100
  wind_lifetime: 20
  solar_capex: 1000.0
  solar_opex: 10
  solar_lifetime: 20
  carbon_price: 1.0
timeseries_values:
  load_level: 239119.5347402726
  wind_year: 2012
  solar_year: 2013
  price_year: 2023
  carbon_year: 2023
storage_values:
  CAES:
    cost: 52.3362
    lifetime: 24.4387
    annual_cost: 2.1415296230977914
    efficiency: 0.584708
    discharge_ratio: 0.1
    depth_of_discharge: 0.4
  Li-ion:
    cost: 197.026
    lifetime: 14.7692
    annual_cost: 13.340329875687242
    efficiency: 0.922485
    discharge_ratio: 2
    depth_of_discharge: 0.9
  Pb-acid:
    cost: 75.3573
    lifetime: 9.37157
    annual_cost: 8.041053953606491
    efficiency: 0.720247
    discharge_ratio: 5
    depth_of_discharge: 0.5
  VRBF:
    cost: 176.973
    lifetime: 17.0187
    annual_cost: 10.398737858943399
    efficiency: 0.703196
    discharge_ratio: 0.5
    depth_of_discharge: 1.0
