cost_values:
  wind_capex: 5000.0
  wind_opex: 100
  wind_lifetime: 20
  solar_capex: 1000.0
  solar_opex: 10
  solar_lifetime: 20
  carbon_price: 1.0
timeseries_values:
  load_level: 239119.5347402726
  wind_year: 2012
  solar_year: 2013
  price_year: 2023
  carbon_year: 2023
storage_values:
  CAES:
    cost: 51.8779
    lifetime: 24.0242
    annual_cost: 2.1594017698820354
    efficiency: 0.568441
    discharge_ratio: 0.1
    depth_of_discharge: 0.4
  Li-ion:
    cost: 209.674
    lifetime: 16.9965
    annual_cost: 12.336304533286265
    efficiency: 0.915221
    discharge_ratio: 2
    depth_of_discharge: 0.9
  Pb-acid:
    cost: 92.3245
    lifetime: 10.1094
    annual_cost: 9.132540012265812
    efficiency: 0.75242
    discharge_ratio: 5
    depth_of_discharge: 0.5
  VRBF:
    cost: 150.533
    lifetime: 17.5105
    annual_cost: 8.596727677679105
    efficiency: 0.70487
    discharge_ratio: 0.5
    depth_of_discharge: 1.0
