cost_values:
  wind_capex: 5000.0
  wind_opex: 100
  wind_lifetime: 20
  solar_capex: 1000.0
  solar_opex: 10
  solar_lifetime: 20
  carbon_price: 1.0
timeseries_values:
  load_level: 239119.5347402726
  wind_year: 2012
  solar_year: 2013
  price_year: 2023
  carbon_year: 2023
storage_values:
  CAES:
    cost: 52.7976
    lifetime: 24.6677
    annual_cost: 2.140353579782469
    efficiency: 0.583986
    discharge_ratio: 0.1
    depth_of_discharge: 0.4
  Li-ion:
    cost: 193.652
    lifetime: 15.8256
    annual_cost: 12.236629258922251
    efficiency: 0.913285
    discharge_ratio: 2
    depth_of_discharge: 0.9
  Pb-acid:
    cost: 73.9619
    lifetime: 11.011
    annual_cost: 6.717091998910181
    efficiency: 0.736718
    discharge_ratio: 5
    depth_of_discharge: 0.5
  VRBF:
    cost: 165.127
    lifetime: 17.8977
    annual_cost: 9.226157550970237
    efficiency: 0.710929
    discharge_ratio: 0.5
    depth_of_discharge: 1.0
