cost_values:
  wind_capex: 5000.0
  wind_opex: 100
  wind_lifetime: 20
  solar_capex: 1000.0
  solar_opex: 10
  solar_lifetime: 20
  carbon_price: 1.0
timeseries_values:
  load_level: 239119.5347402726
  wind_year: 2012
  solar_year: 2013
  price_year: 2023
  carbon_year: 2023
storage_values:
  CAES:
    cost: 45.2327
    lifetime: 23.7678
    annual_cost: 1.9031084071727296
    efficiency: 0.573534
    discharge_ratio: 0.1
    depth_of_discharge: 0.4
  Li-ion:
    cost: 190.455
    lifetime: 16.674
    annual_cost: 11.422274199352286
    efficiency: 0.912552
    discharge_ratio: 2
    depth_of_discharge: 0.9
  Pb-acid:
    cost: 87.2028
    lifetime: 10.2719
    annual_cost: 8.489451805410878
    efficiency: 0.738825
    discharge_ratio: 5
    depth_of_discharge: 0.5
  VRBF:
    cost: 141.539
    lifetime: 16.2778
    annual_cost: 8.69521679833884
    efficiency: 0.704347
    discharge_ratio: 0.5
    depth_of_discharge: 1.0
