cost_values:
  wind_capex: 5000.0
  wind_opex: 100
  wind_lifetime: 20
  solar_capex: 1000.0
  solar_opex: 10
  solar_lifetime: 20
  carbon_price: 1.0
timeseries_values:
  load_level: 239119.5347402726
  wind_year: 2012
  solar_year: 2013
  price_year: 2023
  carbon_year: 2023
storage_values:
  CAES:
    cost: 54.0043
    lifetime: 24.0884
    annual_cost: 2.2419214227595026
    efficiency: 0.584328
    discharge_ratio: 0.1
    depth_of_discharge: 0.4
  Li-ion:
    cost: 200.195
    lifetime: 18.7631
    annual_cost: 10.669612164301206
    efficiency: 0.92526
    discharge_ratio: 2
    depth_of_discharge: 0.9
  Pb-acid:
    cost: 97.9998
    lifetime: 9.53892
    annual_cost: 10.273678781245676
    efficiency: 0.728175
    discharge_ratio: 5
    depth_of_discharge: 0.5
  VRBF:
    cost: 132.894
    lifetime: 18.6698
    annual_cost: 7.1181266001778285
    efficiency: 0.728199
    discharge_ratio: 0.5
    depth_of_discharge: 1.0
