cost_values:
  wind_capex: 5000.0
  wind_opex: 100
  wind_lifetime: 20
  solar_capex: 1000.0
  solar_opex: 10
  solar_lifetime: 20
  carbon_price: 1.0
timeseries_values:
  load_level: 239119.5347402726
  wind_year: 2012
  solar_year: 2013
  price_year: 2023
  carbon_year: 2023
storage_values:
  CAES:
    cost: 49.5609
    lifetime: 23.3438
    annual_cost: 2.123086215611854
    efficiency: 0.585266
    discharge_ratio: 0.1
    depth_of_discharge: 0.4
  Li-ion:
    cost: 180.893
    lifetime: 17.8429
    annual_cost: 10.138094143889166
    efficiency: 0.916476
    discharge_ratio: 2
    depth_of_discharge: 0.9
  Pb-acid:
    cost: 98.5271
    lifetime: 12.3871
    annual_cost: 7.9540086057269255
    efficiency: 0.752874
    discharge_ratio: 5
    depth_of_discharge: 0.5
  VRBF:
    cost: 144.956
    lifetime: 16.835
    annual_cost: 8.61039501039501
    efficiency: 0.699459
    discharge_ratio: 0.5
    depth_of_discharge: 1.0
