cost_values:
  wind_capex: 5000.0
  wind_opex: 100
  wind_lifetime: 20
  solar_capex: 1000.0
  solar_opex: 10
  solar_lifetime: 20
  carbon_price: 1.0
timeseries_values:
  load_level: 239119.5347402726
  wind_year: 2012
  solar_year: 2013
  price_year: 2023
  carbon_year: 2023
storage_values:
  CAES:
    cost: 46.6288
    lifetime: 24.6948
    annual_cost: 1.8882031844760838
    efficiency: 0.585397
    discharge_ratio: 0.1
    depth_of_discharge: 0.4
  Li-ion:
    cost: 217.699
    lifetime: 15.8316
    annual_cost: 13.75091588973951
    efficiency: 0.935171
    discharge_ratio: 2
    depth_of_discharge: 0.9
  Pb-acid:
    cost: 95.4331
    lifetime: 9.73019
    annual_cost: 9.807937974489706
    efficiency: 0.730618
    discharge_ratio: 5
    depth_of_discharge: 0.5
  VRBF:
    cost: 162.608
    lifetime: 16.5488
    annual_cost: 9.825969254568307
    efficiency: 0.726375
    discharge_ratio: 0.5
    depth_of_discharge: 1.0
