cost_values:
  wind_capex: 5000.0
  wind_opex: 100
  wind_lifetime: 20
  solar_capex: 1000.0
  solar_opex: 10
  solar_lifetime: 20
  carbon_price: 1.0
timeseries_values:
  load_level: 239119.5347402726
  wind_year: 2012
  solar_year: 2013
  price_year: 2023
  carbon_year: 2023
storage_values:
  CAES:
    cost: 46.6593
    lifetime: 24.1138
    annual_cost: 1.9349625525632626
    efficiency: 0.572507
    discharge_ratio: 0.1
    depth_of_discharge: 0.4
  Li-ion:
    cost: 208.074
    lifetime: 17.7576
    annual_cost: 11.717461819164752
    efficiency: 0.928673
    discharge_ratio: 2
    depth_of_discharge: 0.9
  Pb-acid:
    cost: 86.6276
    lifetime: 11.3561
    annual_cost: 7.628287880522363
    efficiency: 0.732079
    discharge_ratio: 5
    depth_of_discharge: 0.5
  VRBF:
    cost: 167.203
    lifetime: 15.3687
    annual_cost: 10.879449790808591
    efficiency: 0.701429
    discharge_ratio: 0.5
    depth_of_discharge: 1.0
