cost_values:
  wind_capex: 5000.0
  wind_opex: 100
  wind_lifetime: 20
  solar_capex: 1000.0
  solar_opex: 10
  solar_lifetime: 20
  carbon_price: 1.0
timeseries_values:
  load_level: 239119.5347402726
  wind_year: 2012
  solar_year: 2013
  price_year: 2023
  carbon_year: 2023
storage_values:
  CAES:
    cost: 44.9151
    lifetime: 24.0818
    annual_cost: 1.8651055984187228
    efficiency: 0.580356
    discharge_ratio: 0.1
    depth_of_discharge: 0.4
  Li-ion:
    cost: 207.63
    lifetime: 17.6934
    annual_cost: 11.734884194106277
    efficiency: 0.904326
    discharge_ratio: 2
    depth_of_discharge: 0.9
  Pb-acid:
    cost: 92.2709
    lifetime: 10.5642
    annual_cost: 8.73430075159501
    efficiency: 0.740588
    discharge_ratio: 5
    depth_of_discharge: 0.5
  VRBF:
    cost: 192.725
    lifetime: 16.4607
    annual_cost: 11.708189809667877
    efficiency: 0.696494
    discharge_ratio: 0.5
    depth_of_discharge: 1.0
