cost_values:
  wind_capex: 5000.0
  wind_opex: 100
  wind_lifetime: 20
  solar_capex: 1000.0
  solar_opex: 10
  solar_lifetime: 20
  carbon_price: 1.0
timeseries_values:
  load_level: 239119.5347402726
  wind_year: 2012
  solar_year: 2013
  price_year: 2023
  carbon_year: 2023
storage_values:
  CAES:
    cost: 47.5981
    lifetime: 24.4497
    annual_cost: 1.9467764430647412
    efficiency: 0.597297
    discharge_ratio: 0.1
    depth_of_discharge: 0.4
  Li-ion:
    cost: 194.371
    lifetime: 18.8558
    annual_cost: 10.308287105293862
    efficiency: 0.917775
    discharge_ratio: 2
    depth_of_discharge: 0.9
  Pb-acid:
    cost: 99.7326
    lifetime: 11.8072
    annual_cost: 8.446761298190935
    efficiency: 0.748979
    discharge_ratio: 5
    depth_of_discharge: 0.5
  VRBF:
    cost: 185.539
    lifetime: 15.3995
    annual_cost: 12.04837819409721
    efficiency: 0.69495
    discharge_ratio: 0.5
    depth_of_discharge: 1.0
