cost_values:
  wind_capex: 5000.0
  wind_opex: 100
  wind_lifetime: 20
  solar_capex: 1000.0
  solar_opex: 10
  solar_lifetime: 20
  carbon_price: 1.0
timeseries_values:
  load_level: 239119.5347402726
  wind_year: 2012
  solar_year: 2013
  price_year: 2023
  carbon_year: 2023
storage_values:
  CAES:
    cost: 43.5375
    lifetime: 24.1923
    annual_cost: 1.799642861571657
    efficiency: 0.566879
    discharge_ratio: 0.1
    depth_of_discharge: 0.4
  Li-ion:
    cost: 200.752
    lifetime: 17.7525
    annual_cost: 11.308379101534994
    efficiency: 0.940715
    discharge_ratio: 2
    depth_of_discharge: 0.9
  Pb-acid:
    cost: 84.612
    lifetime: 10.4298
    annual_cost: 8.112523730081113
    efficiency: 0.715474
    discharge_ratio: 5
    depth_of_discharge: 0.5
  VRBF:
    cost: 154.039
    lifetime: 16.5594
    annual_cost: 9.302209017234922
    efficiency: 0.702672
    discharge_ratio: 0.5
    depth_of_discharge: 1.0
