cost_values:
  wind_capex: 5000.0
  wind_opex: 100
  wind_lifetime: 20
  solar_capex: 1000.0
  solar_opex: 10
  solar_lifetime: 20
  carbon_price: 1.0
timeseries_values:
  load_level: 239119.5347402726
  wind_year: 2012
  solar_year: 2013
  price_year: 2023
  carbon_year: 2023
storage_values:
  CAES:
    cost: 42.2224
    lifetime: 25.4235
    annual_cost: 1.660762680197455
    efficiency: 0.577308
    discharge_ratio: 0.1
    depth_of_discharge: 0.4
  Li-ion:
    cost: 218.083
    lifetime: 17.3752
    annual_cost: 12.551395091855058
    efficiency: 0.913156
    discharge_ratio: 2
    depth_of_discharge: 0.9
  Pb-acid:
    cost: 105.196
    lifetime: 12.0322
    annual_cost: 8.742873290005154
    efficiency: 0.752258
    discharge_ratio: 5
    depth_of_discharge: 0.5
  VRBF:
    cost: 173.062
    lifetime: 16.508
    annual_cost: 10.483523140295615
    efficiency: 0.700147
    discharge_ratio: 0.5
    depth_of_discharge: 1.0
