cost_values:
  wind_capex: 5000.0
  wind_opex: 100
  wind_lifetime: 20
  solar_capex: 1000.0
  solar_opex: 10
  solar_lifetime: 20
  carbon_price: 1.0
timeseries_values:
  load_level: 239119.5347402726
  wind_year: 2012
  solar_year: 2013
  price_year: 2023
  carbon_year: 2023
storage_values:
  CAES:
    cost: 40.3078
    lifetime: 23.6641
    annual_cost: 1.7033312063420962
    efficiency: 0.577533
    discharge_ratio: 0.1
    depth_of_discharge: 0.4
  Li-ion:
    cost: 202.645
    lifetime: 17.7647
    annual_cost: 11.407172651381673
    efficiency: 0.917464
    discharge_ratio: 2
    depth_of_discharge: 0.9
  Pb-acid:
    cost: 77.9267
    lifetime: 10.4188
    annual_cost: 7.479431412446731
    efficiency: 0.731063
    discharge_ratio: 5
    depth_of_discharge: 0.5
  VRBF:
    cost: 148.295
    lifetime: 17.3722
    annual_cost: 8.536339669126535
    efficiency: 0.720359
    discharge_ratio: 0.5
    depth_of_discharge: 1.0
