cost_values:
  wind_capex: 5000.0
  wind_opex: 100
  wind_lifetime: 20
  solar_capex: 1000.0
  solar_opex: 10
  solar_lifetime: 20
  carbon_price: 1.0
timeseries_values:
  load_level: 239119.5347402726
  wind_year: 2012
  solar_year: 2013
  price_year: 2023
  carbon_year: 2023
storage_values:
  CAES:
    cost: 52.7315
    lifetime: 24.3086
    annual_cost: 2.1692528570135674
    efficiency: 0.586861
    discharge_ratio: 0.1
    depth_of_discharge: 0.4
  Li-ion:
    cost: 196.9
    lifetime: 16.2798
    annual_cost: 12.094743178663128
    efficiency: 0.926286
    discharge_ratio: 2
    depth_of_discharge: 0.9
  Pb-acid:
    cost: 94.2731
    lifetime: 10.9942
    annual_cost: 8.574803077986575
    efficiency: 0.730837
    discharge_ratio: 5
    depth_of_discharge: 0.5
  VRBF:
    cost: 154.272
    lifetime: 14.3273
    annual_cost: 10.767695239158808
    efficiency: 0.719815
    discharge_ratio: 0.5
    depth_of_discharge: 1.0
