cost_values:
  wind_capex: 5000.0
  wind_opex: 100
  wind_lifetime: 20
  solar_capex: 1000.0
  solar_opex: 10
  solar_lifetime: 20
  carbon_price: 1.0
timeseries_values:
  load_level: 239119.5347402726
  wind_year: 2012
  solar_year: 2013
  price_year: 2023
  carbon_year: 2023
storage_values:
  CAES:
    cost: 44.4832
    lifetime: 24.1291
    annual_cost: 1.843549904472193
    efficiency: 0.589774
    discharge_ratio: 0.1
    depth_of_discharge: 0.4
  Li-ion:
    cost: 217.558
    lifetime: 15.7188
    annual_cost: 13.84062396620607
    efficiency: 0.931178
    discharge_ratio: 2
    depth_of_discharge: 0.9
  Pb-acid:
    cost: 106.039
    lifetime: 10.6244
    annual_cost: 9.980704792741237
    efficiency: 0.738584
    discharge_ratio: 5
    depth_of_discharge: 0.5
  VRBF:
    cost: 152.647
    lifetime: 15.2941
    annual_cost: 9.980776900896423
    efficiency: 0.718689
    discharge_ratio: 0.5
    depth_of_discharge: 1.0
