cost_values:
  wind_capex: 5000.0
  wind_opex: 100
  wind_lifetime: 20
  solar_capex: 1000.0
  solar_opex: 10
  solar_lifetime: 20
  carbon_price: 1.0
timeseries_values:
  load_level: 239119.5347402726
  wind_year: 2012
  solar_year: 2013
  price_year: 2023
  carbon_year: 2023
storage_values:
  CAES:
    cost: 51.7256
    lifetime: 23.2389
    annual_cost: 2.2258196386231703
    efficiency: 0.570685
    discharge_ratio: 0.1
    depth_of_discharge: 0.4
  Li-ion:
    cost: 190.527
    lifetime: 16.2435
    annual_cost: 11.729430233631913
    efficiency: 0.917627
    discharge_ratio: 2
    depth_of_discharge: 0.9
  Pb-acid:
    cost: 67.7876
    lifetime: 10.3711
    annual_cost: 6.536201560104521
    efficiency: 0.726673
    discharge_ratio: 5
    depth_of_discharge: 0.5
  VRBF:
    cost: 158.461
    lifetime: 17.2963
    annual_cost: 9.161554783392981
    efficiency: 0.709288
    discharge_ratio: 0.5
    depth_of_discharge: 1.0
