cost_values:
  wind_capex: 5000.0
  wind_opex: 100
  wind_lifetime: 20
  solar_capex: 1000.0
  solar_opex: 10
  solar_lifetime: 20
  carbon_price: 1.0
timeseries_values:
  load_level: 239119.5347402726
  wind_year: 2012
  solar_year: 2013
  price_year: 2023
  carbon_year: 2023
storage_values:
  CAES:
    cost: 51.4132
    lifetime: 24.6742
    annual_cost: 2.0836825510046935
    efficiency: 0.564164
    discharge_ratio: 0.1
    depth_of_discharge: 0.4
  Li-ion:
    cost: 215.751
    lifetime: 17.5743
    annual_cost: 12.276506034379747
    efficiency: 0.91463
    discharge_ratio: 2
    depth_of_discharge: 0.9
  Pb-acid:
    cost: 81.9005
    lifetime: 9.69971
    annual_cost: 8.443602953077978
    efficiency: 0.735583
    discharge_ratio: 5
    depth_of_discharge: 0.5
  VRBF:
    cost: 173.044
    lifetime: 15.1743
    annual_cost: 11.403755033181103
    efficiency: 0.700579
    discharge_ratio: 0.5
    depth_of_discharge: 1.0
