cost_values:
  wind_capex: 5000.0
  wind_opex: 100
  wind_lifetime: 20
  solar_capex: 1000.0
  solar_opex: 10
  solar_lifetime: 20
  carbon_price: 1.0
timeseries_values:
  load_level: 239119.5347402726
  wind_year: 2012
  solar_year: 2013
  price_year: 2023
  carbon_year: 2023
storage_values:
  CAES:
    cost: 52.6031
    lifetime: 24.2731
    annual_cost: 2.1671356357449194
    efficiency: 0.567589
    discharge_ratio: 0.1
    depth_of_discharge: 0.4
  Li-ion:
    cost: 215.711
    lifetime: 16.557
    annual_cost: 13.028386785045601
    efficiency: 0.941621
    discharge_ratio: 2
    depth_of_discharge: 0.9
  Pb-acid:
    cost: 79.7277
    lifetime: 9.25387
    annual_cost: 8.615606227448625
    efficiency: 0.734272
    discharge_ratio: 5
    depth_of_discharge: 0.5
  VRBF:
    cost: 166.282
    lifetime: 18.7583
    annual_cost: 8.864449337093449
    efficiency: 0.689926
    discharge_ratio: 0.5
    depth_of_discharge: 1.0
