cost_values:
  wind_capex: 5000.0
  wind_opex: 100
  wind_lifetime: 20
  solar_capex: 1000.0
  solar_opex: 10
  solar_lifetime: 20
  carbon_price: 1.0
timeseries_values:
  load_level: 281527.0239172328
  wind_year: 2019
  solar_year: 2017
  price_year: 2023
  carbon_year: 2023
storage_values:
  CAES:
    cost: 48.1359
    lifetime: 21.8056
    annual_cost: 2.2075017426716075
    efficiency: 0.590327
    discharge_ratio: 0.1
    depth_of_discharge: 0.4
  Li-ion:
    cost: 161.566
    lifetime: 21.7396
    annual_cost: 7.431875471489816
    efficiency: 0.917694
    discharge_ratio: 2
    depth_of_discharge: 0.9
  Pb-acid:
    cost: 148.248
    lifetime: 9.32061
    annual_cost: 15.905396749783543
    efficiency: 0.710571
    discharge_ratio: 5
    depth_of_discharge: 0.5
  VRBF:
    cost: 209.907
    lifetime: 22.8019
    annual_cost: 9.20568022840202
    efficiency: 0.671863
    discharge_ratio: 0.5
    depth_of_discharge: 1.0
