cost_values:
  wind_capex: 5000.0
  wind_opex: 100
  wind_lifetime: 20
  solar_capex: 1000.0
  solar_opex: 10
  solar_lifetime: 20
  carbon_price: 1.0
timeseries_values:
  load_level: 281527.0239172328
  wind_year: 2019
  solar_year: 2017
  price_year: 2023
  carbon_year: 2023
storage_values:
  CAES:
    cost: 48.8101
    lifetime: 21.6283
    annual_cost: 2.256770065146128
    efficiency: 0.59522
    discharge_ratio: 0.1
    depth_of_discharge: 0.4
  Li-ion:
    cost: 123.542
    lifetime: 21.0649
    annual_cost: 5.864827271907296
    efficiency: 0.92842
    discharge_ratio: 2
    depth_of_discharge: 0.9
  Pb-acid:
    cost: 152.979
    lifetime: 10.3419
    annual_cost: 14.792156180198997
    efficiency: 0.717332
    discharge_ratio: 5
    depth_of_discharge: 0.5
  VRBF:
    cost: 227.765
    lifetime: 20.8479
    annual_cost: 10.925081183236681
    efficiency: 0.687484
    discharge_ratio: 0.5
    depth_of_discharge: 1.0
