cost_values:
  wind_capex: 5000.0
  wind_opex: 100
  wind_lifetime: 20
  solar_capex: 1000.0
  solar_opex: 10
  solar_lifetime: 20
  carbon_price: 1.0
timeseries_values:
  load_level: 281527.0239172328
  wind_year: 2019
  solar_year: 2017
  price_year: 2023
  carbon_year: 2023
storage_values:
  CAES:
    cost: 46.2517
    lifetime: 21.7058
    annual_cost: 2.1308452118788526
    efficiency: 0.605677
    discharge_ratio: 0.1
    depth_of_discharge: 0.4
  Li-ion:
    cost: 143.135
    lifetime: 21.4282
    annual_cost: 6.6797491156513376
    efficiency: 0.895927
    discharge_ratio: 2
    depth_of_discharge: 0.9
  Pb-acid:
    cost: 149.08
    lifetime: 9.94381
    annual_cost: 14.992241404451617
    efficiency: 0.708717
    discharge_ratio: 5
    depth_of_discharge: 0.5
  VRBF:
    cost: 216.277
    lifetime: 22.1726
    annual_cost: 9.754246231835689
    efficiency: 0.671445
    discharge_ratio: 0.5
    depth_of_discharge: 1.0
