cost_values:
  wind_capex: 5000.0
  wind_opex: 100
  wind_lifetime: 20
  solar_capex: 1000.0
  solar_opex: 10
  solar_lifetime: 20
  carbon_price: 1.0
timeseries_values:
  load_level: 281527.0239172328
  wind_year: 2019
  solar_year: 2017
  price_year: 2023
  carbon_year: 2023
storage_values:
  CAES:
    cost: 52.3843
    lifetime: 21.5966
    annual_cost: 2.4255808784716115
    efficiency: 0.590354
    discharge_ratio: 0.1
    depth_of_discharge: 0.4
  Li-ion:
    cost: 133.106
    lifetime: 23.1053
    annual_cost: 5.760842750364635
    efficiency: 0.910732
    discharge_ratio: 2
    depth_of_discharge: 0.9
  Pb-acid:
    cost: 144.816
    lifetime: 9.65314
    annual_cost: 15.001957912140504
    efficiency: 0.725992
    discharge_ratio: 5
    depth_of_discharge: 0.5
  VRBF:
    cost: 200.289
    lifetime: 19.5253
    annual_cost: 10.257921773289013
    efficiency: 0.69316
    discharge_ratio: 0.5
    depth_of_discharge: 1.0
