cost_values:
  wind_capex: 5000.0
  wind_opex: 100
  wind_lifetime: 20
  solar_capex: 1000.0
  solar_opex: 10
  solar_lifetime: 20
  carbon_price: 1.0
timeseries_values:
  load_level: 281527.0239172328
  wind_year: 2019
  solar_year: 2017
  price_year: 2023
  carbon_year: 2023
storage_values:
  CAES:
    cost: 45.1745
    lifetime: 21.7568
    annual_cost: 2.0763393513752026
    efficiency: 0.597271
    discharge_ratio: 0.1
    depth_of_discharge: 0.4
  Li-ion:
    cost: 156.371
    lifetime: 19.9482
    annual_cost: 7.8388526283073166
    efficiency: 0.916544
    discharge_ratio: 2
    depth_of_discharge: 0.9
  Pb-acid:
    cost: 132.889
    lifetime: 8.10662
    annual_cost: 16.392651931384474
    efficiency: 0.719043
    discharge_ratio: 5
    depth_of_discharge: 0.5
  VRBF:
    cost: 244.73
    lifetime: 21.0171
    annual_cost: 11.644327714099472
    efficiency: 0.691023
    discharge_ratio: 0.5
    depth_of_discharge: 1.0
