cost_values:
  wind_capex: 5000.0
  wind_opex: 100
  wind_lifetime: 20
  solar_capex: 1000.0
  solar_opex: 10
  solar_lifetime: 20
  carbon_price: 1.0
timeseries_values:
  load_level: 281527.0239172328
  wind_year: 2019
  solar_year: 2017
  price_year: 2023
  carbon_year: 2023
storage_values:
  CAES:
    cost: 43.6311
    lifetime: 22.5334
    annual_cost: 1.9362856914624513
    efficiency: 0.592089
    discharge_ratio: 0.1
    depth_of_discharge: 0.4
  Li-ion:
    cost: 116.609
    lifetime: 21.6442
    annual_cost: 5.3875403110302065
    efficiency: 0.909803
    discharge_ratio: 2
    depth_of_discharge: 0.9
  Pb-acid:
    cost: 151.08
    lifetime: 8.51889
    annual_cost: 17.734704873522254
    efficiency: 0.712526
    discharge_ratio: 5
    depth_of_discharge: 0.5
  VRBF:
    cost: 208.717
    lifetime: 21.4839
    annual_cost: 9.715042427119844
    efficiency: 0.668346
    discharge_ratio: 0.5
    depth_of_discharge: 1.0
