cost_values:
  wind_capex: 5000.0
  wind_opex: 100
  wind_lifetime: 20
  solar_capex: 1000.0
  solar_opex: 10
  solar_lifetime: 20
  carbon_price: 1.0
timeseries_values:
  load_level: 281527.0239172328
  wind_year: 2019
  solar_year: 2017
  price_year: 2023
  carbon_year: 2023
storage_values:
  CAES:
    cost: 39.0876
    lifetime: 20.422
    annual_cost: 1.9139947115855451
    efficiency: 0.583686
    discharge_ratio: 0.1
    depth_of_discharge: 0.4
  Li-ion:
    cost: 126.884
    lifetime: 20.4249
    annual_cost: 6.212221357264907
    efficiency: 0.91631
    discharge_ratio: 2
    depth_of_discharge: 0.9
  Pb-acid:
    cost: 136.709
    lifetime: 9.33956
    annual_cost: 14.637627468531708
    efficiency: 0.70859
    discharge_ratio: 5
    depth_of_discharge: 0.5
  VRBF:
    cost: 201.653
    lifetime: 21.1525
    annual_cost: 9.533293936886892
    efficiency: 0.665863
    discharge_ratio: 0.5
    depth_of_discharge: 1.0
