cost_values:
  wind_capex: 5000.0
  wind_opex: 100
  wind_lifetime: 20
  solar_capex: 1000.0
  solar_opex: 10
  solar_lifetime: 20
  carbon_price: 1.0
timeseries_values:
  load_level: 281527.0239172328
  wind_year: 2019
  solar_year: 2017
  price_year: 2023
  carbon_year: 2023
storage_values:
  CAES:
    cost: 46.6477
    lifetime: 23.4138
    annual_cost: 1.992316497108543
    efficiency: 0.600095
    discharge_ratio: 0.1
    depth_of_discharge: 0.4
  Li-ion:
    cost: 121.845
    lifetime: 21.1894
    annual_cost: 5.750280800777747
    efficiency: 0.907439
    discharge_ratio: 2
    depth_of_discharge: 0.9
  Pb-acid:
    cost: 97.5011
    lifetime: 9.26646
    annual_cost: 10.52193610073318
    efficiency: 0.711682
    discharge_ratio: 5
    depth_of_discharge: 0.5
  VRBF:
    cost: 222.98
    lifetime: 19.8885
    annual_cost: 11.211504135555723
    efficiency: 0.658483
    discharge_ratio: 0.5
    depth_of_discharge: 1.0
