cost_values:
  wind_capex: 5000.0
  wind_opex: 100
  wind_lifetime: 20
  solar_capex: 1000.0
  solar_opex: 10
  solar_lifetime: 20
  carbon_price: 1.0
timeseries_values:
  load_level: 281527.0239172328
  wind_year: 2019
  solar_year: 2017
  price_year: 2023
  carbon_year: 2023
storage_values:
  CAES:
    cost: 50.4332
    lifetime: 21.5191
    annual_cost: 2.3436482009005952
    efficiency: 0.592898
    discharge_ratio: 0.1
    depth_of_discharge: 0.4
  Li-ion:
    cost: 130.831
    lifetime: 20.7201
    annual_cost: 6.314206977765552
    efficiency: 0.914261
    discharge_ratio: 2
    depth_of_discharge: 0.9
  Pb-acid:
    cost: 147.754
    lifetime: 9.2627
    annual_cost: 15.95150442095717
    efficiency: 0.707429
    discharge_ratio: 5
    depth_of_discharge: 0.5
  VRBF:
    cost: 227.176
    lifetime: 21.2928
    annual_cost: 10.669146378118425
    efficiency: 0.687511
    discharge_ratio: 0.5
    depth_of_discharge: 1.0
