cost_values:
  wind_capex: 5000.0
  wind_opex: 100
  wind_lifetime: 20
  solar_capex: 1000.0
  solar_opex: 10
  solar_lifetime: 20
  carbon_price: 1.0
timeseries_values:
  load_level: 281527.0239172328
  wind_year: 2019
  solar_year: 2017
  price_year: 2023
  carbon_year: 2023
storage_values:
  CAES:
    cost: 45.2311
    lifetime: 21.517
    annual_cost: 2.102109959566854
    efficiency: 0.600338
    discharge_ratio: 0.1
    depth_of_discharge: 0.4
  Li-ion:
    cost: 126.448
    lifetime: 20.5243
    annual_cost: 6.160892210696589
    efficiency: 0.906398
    discharge_ratio: 2
    depth_of_discharge: 0.9
  Pb-acid:
    cost: 136.156
    lifetime: 9.17736
    annual_cost: 14.836074862487687
    efficiency: 0.716625
    discharge_ratio: 5
    depth_of_discharge: 0.5
  VRBF:
    cost: 217.831
    lifetime: 20.8387
    annual_cost: 10.453195256901822
    efficiency: 0.692887
    discharge_ratio: 0.5
    depth_of_discharge: 1.0
