cost_values:
  wind_capex: 5000.0
  wind_opex: 100
  wind_lifetime: 20
  solar_capex: 1000.0
  solar_opex: 10
  solar_lifetime: 20
  carbon_price: 1.0
timeseries_values:
  load_level: 281527.0239172328
  wind_year: 2019
  solar_year: 2017
  price_year: 2023
  carbon_year: 2023
storage_values:
  CAES:
    cost: 45.0823
    lifetime: 22.0862
    annual_cost: 2.041197670943847
    efficiency: 0.589856
    discharge_ratio: 0.1
    depth_of_discharge: 0.4
  Li-ion:
    cost: 121.45
    lifetime: 19.1393
    annual_cost: 6.345582126828045
    efficiency: 0.911504
    discharge_ratio: 2
    depth_of_discharge: 0.9
  Pb-acid:
    cost: 136.651
    lifetime: 10.1684
    annual_cost: 13.438790763541954
    efficiency: 0.717246
    discharge_ratio: 5
    depth_of_discharge: 0.5
  VRBF:
    cost: 225.288
    lifetime: 21.4169
    annual_cost: 10.519169440955508
    efficiency: 0.66773
    discharge_ratio: 0.5
    depth_of_discharge: 1.0
