cost_values:
  wind_capex: 5000.0
  wind_opex: 100
  wind_lifetime: 20
  solar_capex: 1000.0
  solar_opex: 10
  solar_lifetime: 20
  carbon_price: 1.0
timeseries_values:
  load_level: 281527.0239172328
  wind_year: 2019
  solar_year: 2017
  price_year: 2023
  carbon_year: 2023
storage_values:
  CAES:
    cost: 48.5514
    lifetime: 21.1559
    annual_cost: 2.294934273654158
    efficiency: 0.599369
    discharge_ratio: 0.1
    depth_of_discharge: 0.4
  Li-ion:
    cost: 158.49
    lifetime: 22.7371
    annual_cost: 6.9705459359373005
    efficiency: 0.927366
    discharge_ratio: 2
    depth_of_discharge: 0.9
  Pb-acid:
    cost: 141.376
    lifetime: 10.6554
    annual_cost: 13.268014340146781
    efficiency: 0.707045
    discharge_ratio: 5
    depth_of_discharge: 0.5
  VRBF:
    cost: 226.155
    lifetime: 20.5338
    annual_cost: 11.013791894340065
    efficiency: 0.687216
    discharge_ratio: 0.5
    depth_of_discharge: 1.0
