cost_values:
  wind_capex: 5000.0
  wind_opex: 100
  wind_lifetime: 20
  solar_capex: 1000.0
  solar_opex: 10
  solar_lifetime: 20
  carbon_price: 1.0
timeseries_values:
  load_level: 281527.0239172328
  wind_year: 2019
  solar_year: 2017
  price_year: 2023
  carbon_year: 2023
storage_values:
  CAES:
    cost: 55.0348
    lifetime: 21.498
    annual_cost: 2.559996278723602
    efficiency: 0.595576
    discharge_ratio: 0.1
    depth_of_discharge: 0.4
  Li-ion:
    cost: 155.375
    lifetime: 22.08
    annual_cost: 7.0369112318840585
    efficiency: 0.923887
    discharge_ratio: 2
    depth_of_discharge: 0.9
  Pb-acid:
    cost: 123.847
    lifetime: 10.1306
    annual_cost: 12.225040964997138
    efficiency: 0.721328
    discharge_ratio: 5
    depth_of_discharge: 0.5
  VRBF:
    cost: 211.257
    lifetime: 20.8877
    annual_cost: 10.113942655246868
    efficiency: 0.678832
    discharge_ratio: 0.5
    depth_of_discharge: 1.0
