cost_values:
  wind_capex: 5000.0
  wind_opex: 100
  wind_lifetime: 20
  solar_capex: 1000.0
  solar_opex: 10
  solar_lifetime: 20
  carbon_price: 1.0
timeseries_values:
  load_level: 281527.0239172328
  wind_year: 2019
  solar_year: 2017
  price_year: 2023
  carbon_year: 2023
storage_values:
  CAES:
    cost: 44.8459
    lifetime: 21.2406
    annual_cost: 2.1113292468197695
    efficiency: 0.599738
    discharge_ratio: 0.1
    depth_of_discharge: 0.4
  Li-ion:
    cost: 176.742
    lifetime: 19.2594
    annual_cost: 9.176921399420543
    efficiency: 0.930375
    discharge_ratio: 2
    depth_of_discharge: 0.9
  Pb-acid:
    cost: 153.816
    lifetime: 10.4734
    annual_cost: 14.686348272767201
    efficiency: 0.701389
    discharge_ratio: 5
    depth_of_discharge: 0.5
  VRBF:
    cost: 217.888
    lifetime: 21.755
    annual_cost: 10.015536658239485
    efficiency: 0.657563
    discharge_ratio: 0.5
    depth_of_discharge: 1.0
