cost_values:
  wind_capex: 5000.0
  wind_opex: 100
  wind_lifetime: 20
  solar_capex: 1000.0
  solar_opex: 10
  solar_lifetime: 20
  carbon_price: 1.0
timeseries_values:
  load_level: 281527.0239172328
  wind_year: 2019
  solar_year: 2017
  price_year: 2023
  carbon_year: 2023
storage_values:
  CAES:
    cost: 40.234
    lifetime: 21.9289
    annual_cost: 1.8347477529652652
    efficiency: 0.598051
    discharge_ratio: 0.1
    depth_of_discharge: 0.4
  Li-ion:
    cost: 142.679
    lifetime: 19.9554
    annual_cost: 7.149894264209186
    efficiency: 0.909574
    discharge_ratio: 2
    depth_of_discharge: 0.9
  Pb-acid:
    cost: 157.988
    lifetime: 10.1181
    annual_cost: 15.614394006779929
    efficiency: 0.695927
    discharge_ratio: 5
    depth_of_discharge: 0.5
  VRBF:
    cost: 187.106
    lifetime: 21.5461
    annual_cost: 8.683984572614069
    efficiency: 0.677617
    discharge_ratio: 0.5
    depth_of_discharge: 1.0
