cost_values:
  wind_capex: 5000.0
  wind_opex: 100
  wind_lifetime: 20
  solar_capex: 1000.0
  solar_opex: 10
  solar_lifetime: 20
  carbon_price: 1.0
timeseries_values:
  load_level: 281527.0239172328
  wind_year: 2019
  solar_year: 2017
  price_year: 2023
  carbon_year: 2023
storage_values:
  CAES:
    cost: 41.9934
    lifetime: 21.8277
    annual_cost: 1.923858216852898
    efficiency: 0.593992
    discharge_ratio: 0.1
    depth_of_discharge: 0.4
  Li-ion:
    cost: 147.238
    lifetime: 22.3017
    annual_cost: 6.602097597940964
    efficiency: 0.910581
    discharge_ratio: 2
    depth_of_discharge: 0.9
  Pb-acid:
    cost: 112.434
    lifetime: 7.6998
    annual_cost: 14.602197459674278
    efficiency: 0.70487
    discharge_ratio: 5
    depth_of_discharge: 0.5
  VRBF:
    cost: 204.59
    lifetime: 22.0975
    annual_cost: 9.258513406493947
    efficiency: 0.661969
    discharge_ratio: 0.5
    depth_of_discharge: 1.0
