cost_values:
  wind_capex: 5000.0
  wind_opex: 100
  wind_lifetime: 20
  solar_capex: 1000.0
  solar_opex: 10
  solar_lifetime: 20
  carbon_price: 1.0
timeseries_values:
  load_level: 281527.0239172328
  wind_year: 2019
  solar_year: 2017
  price_year: 2023
  carbon_year: 2023
storage_values:
  CAES:
    cost: 47.7306
    lifetime: 22.8135
    annual_cost: 2.0922085607206258
    efficiency: 0.592979
    discharge_ratio: 0.1
    depth_of_discharge: 0.4
  Li-ion:
    cost: 136.963
    lifetime: 22.074
    annual_cost: 6.204720485639212
    efficiency: 0.907883
    discharge_ratio: 2
    depth_of_discharge: 0.9
  Pb-acid:
    cost: 133.008
    lifetime: 9.2351
    annual_cost: 14.402442853894383
    efficiency: 0.697136
    discharge_ratio: 5
    depth_of_discharge: 0.5
  VRBF:
    cost: 223.497
    lifetime: 21.5157
    annual_cost: 10.38762392113666
    efficiency: 0.675393
    discharge_ratio: 0.5
    depth_of_discharge: 1.0
