cost_values:
  wind_capex: 5000.0
  wind_opex: 100
  wind_lifetime: 20
  solar_capex: 1000.0
  solar_opex: 10
  solar_lifetime: 20
  carbon_price: 1.0
timeseries_values:
  load_level: 281527.0239172328
  wind_year: 2019
  solar_year: 2017
  price_year: 2023
  carbon_year: 2023
storage_values:
  CAES:
    cost: 40.25
    lifetime: 21.9919
    annual_cost: 1.830219308017952
    efficiency: 0.588773
    discharge_ratio: 0.1
    depth_of_discharge: 0.4
  Li-ion:
    cost: 143.891
    lifetime: 22.3287
    annual_cost: 6.444217531696873
    efficiency: 0.923142
    discharge_ratio: 2
    depth_of_discharge: 0.9
  Pb-acid:
    cost: 145.102
    lifetime: 8.0873
    annual_cost: 17.94195837918712
    efficiency: 0.717879
    discharge_ratio: 5
    depth_of_discharge: 0.5
  VRBF:
    cost: 223.211
    lifetime: 22.4174
    annual_cost: 9.957042297501049
    efficiency: 0.672988
    discharge_ratio: 0.5
    depth_of_discharge: 1.0
