cost_values:
  wind_capex: 5000.0
  wind_opex: 100
  wind_lifetime: 20
  solar_capex: 1000.0
  solar_opex: 10
  solar_lifetime: 20
  carbon_price: 1.0
timeseries_values:
  load_level: 281527.0239172328
  wind_year: 2019
  solar_year: 2017
  price_year: 2023
  carbon_year: 2023
storage_values:
  CAES:
    cost: 42.6859
    lifetime: 22.2751
    annual_cost: 1.9163056507041494
    efficiency: 0.601268
    discharge_ratio: 0.1
    depth_of_discharge: 0.4
  Li-ion:
    cost: 151.327
    lifetime: 23.2822
    annual_cost: 6.499686455747309
    efficiency: 0.895879
    discharge_ratio: 2
    depth_of_discharge: 0.9
  Pb-acid:
    cost: 133.181
    lifetime: 8.70988
    annual_cost: 15.290796199258773
    efficiency: 0.718037
    discharge_ratio: 5
    depth_of_discharge: 0.5
  VRBF:
    cost: 217.231
    lifetime: 20.3341
    annual_cost: 10.68308899828367
    efficiency: 0.663233
    discharge_ratio: 0.5
    depth_of_discharge: 1.0
