cost_values:
  wind_capex: 5000.0
  wind_opex: 100
  wind_lifetime: 20
  solar_capex: 1000.0
  solar_opex: 10
  solar_lifetime: 20
  carbon_price: 1.0
timeseries_values:
  load_level: 281527.0239172328
  wind_year: 2019
  solar_year: 2017
  price_year: 2023
  carbon_year: 2023
storage_values:
  CAES:
    cost: 46.7494
    lifetime: 22.8207
    annual_cost: 2.0485524107498896
    efficiency: 0.58019
    discharge_ratio: 0.1
    depth_of_discharge: 0.4
  Li-ion:
    cost: 157.761
    lifetime: 21.2984
    annual_cost: 7.407176125906171
    efficiency: 0.930785
    discharge_ratio: 2
    depth_of_discharge: 0.9
  Pb-acid:
    cost: 139.281
    lifetime: 9.59901
    annual_cost: 14.509933836926933
    efficiency: 0.697994
    discharge_ratio: 5
    depth_of_discharge: 0.5
  VRBF:
    cost: 183.839
    lifetime: 22.6336
    annual_cost: 8.122393256044111
    efficiency: 0.656958
    discharge_ratio: 0.5
    depth_of_discharge: 1.0
