cost_values:
  wind_capex: 5000.0
  wind_opex: 100
  wind_lifetime: 20
  solar_capex: 1000.0
  solar_opex: 10
  solar_lifetime: 20
  carbon_price: 1.0
timeseries_values:
  load_level: 281527.0239172328
  wind_year: 2019
  solar_year: 2017
  price_year: 2023
  carbon_year: 2023
storage_values:
  CAES:
    cost: 52.8033
    lifetime: 23.068
    annual_cost: 2.2890280908618
    efficiency: 0.589108
    discharge_ratio: 0.1
    depth_of_discharge: 0.4
  Li-ion:
    cost: 154.63
    lifetime: 21.5941
    annual_cost: 7.160752242510685
    efficiency: 0.906707
    discharge_ratio: 2
    depth_of_discharge: 0.9
  Pb-acid:
    cost: 135.364
    lifetime: 8.76289
    annual_cost: 15.447415179238812
    efficiency: 0.720587
    discharge_ratio: 5
    depth_of_discharge: 0.5
  VRBF:
    cost: 218.699
    lifetime: 21.3437
    annual_cost: 10.246536448694464
    efficiency: 0.664832
    discharge_ratio: 0.5
    depth_of_discharge: 1.0
