cost_values:
  wind_capex: 5000.0
  wind_opex: 100
  wind_lifetime: 20
  solar_capex: 1000.0
  solar_opex: 10
  solar_lifetime: 20
  carbon_price: 1.0
timeseries_values:
  load_level: 281527.0239172328
  wind_year: 2019
  solar_year: 2017
  price_year: 2023
  carbon_year: 2023
storage_values:
  CAES:
    cost: 49.8905
    lifetime: 21.6221
    annual_cost: 2.307384574116298
    efficiency: 0.594286
    discharge_ratio: 0.1
    depth_of_discharge: 0.4
  Li-ion:
    cost: 141.338
    lifetime: 20.7266
    annual_cost: 6.81915992010267
    efficiency: 0.926973
    discharge_ratio: 2
    depth_of_discharge: 0.9
  Pb-acid:
    cost: 133.472
    lifetime: 9.93456
    annual_cost: 13.43511942149426
    efficiency: 0.713758
    discharge_ratio: 5
    depth_of_discharge: 0.5
  VRBF:
    cost: 201.188
    lifetime: 21.3431
    annual_cost: 9.426371989073752
    efficiency: 0.680432
    discharge_ratio: 0.5
    depth_of_discharge: 1.0
