cost_values:
  wind_capex: 5000.0
  wind_opex: 100
  wind_lifetime: 20
  solar_capex: 1000.0
  solar_opex: 10
  solar_lifetime: 20
  carbon_price: 1.0
timeseries_values:
  load_level: 281527.0239172328
  wind_year: 2019
  solar_year: 2017
  price_year: 2023
  carbon_year: 2023
storage_values:
  CAES:
    cost: 43.2748
    lifetime: 22.0056
    annual_cost: 1.9665357908895915
    efficiency: 0.59376
    discharge_ratio: 0.1
    depth_of_discharge: 0.4
  Li-ion:
    cost: 131.175
    lifetime: 21.5286
    annual_cost: 6.0930576070901035
    efficiency: 0.905214
    discharge_ratio: 2
    depth_of_discharge: 0.9
  Pb-acid:
    cost: 136.761
    lifetime: 10.621
    annual_cost: 12.876471142077015
    efficiency: 0.713844
    discharge_ratio: 5
    depth_of_discharge: 0.5
  VRBF:
    cost: 207.825
    lifetime: 23.5151
    annual_cost: 8.837938175895488
    efficiency: 0.683571
    discharge_ratio: 0.5
    depth_of_discharge: 1.0
