cost_values:
  wind_capex: 5000.0
  wind_opex: 100
  wind_lifetime: 20
  solar_capex: 1000.0
  solar_opex: 10
  solar_lifetime: 20
  carbon_price: 1.0
timeseries_values:
  load_level: 281527.0239172328
  wind_year: 2019
  solar_year: 2017
  price_year: 2023
  carbon_year: 2023
storage_values:
  CAES:
    cost: 40.9171
    lifetime: 21.7576
    annual_cost: 1.8805888517115856
    efficiency: 0.590803
    discharge_ratio: 0.1
    depth_of_discharge: 0.4
  Li-ion:
    cost: 145.21
    lifetime: 20.6368
    annual_cost: 7.036459140952085
    efficiency: 0.918432
    discharge_ratio: 2
    depth_of_discharge: 0.9
  Pb-acid:
    cost: 133.889
    lifetime: 7.73626
    annual_cost: 17.30668307425035
    efficiency: 0.714358
    discharge_ratio: 5
    depth_of_discharge: 0.5
  VRBF:
    cost: 231.482
    lifetime: 19.9212
    annual_cost: 11.619882336405437
    efficiency: 0.672861
    discharge_ratio: 0.5
    depth_of_discharge: 1.0
