cost_values:
  wind_capex: 5000.0
  wind_opex: 100
  wind_lifetime: 20
  solar_capex: 1000.0
  solar_opex: 10
  solar_lifetime: 20
  carbon_price: 1.0
timeseries_values:
  load_level: 281527.0239172328
  wind_year: 2019
  solar_year: 2017
  price_year: 2023
  carbon_year: 2023
storage_values:
  CAES:
    cost: 49.9909
    lifetime: 21.6774
    annual_cost: 2.306129886425494
    efficiency: 0.5948
    discharge_ratio: 0.1
    depth_of_discharge: 0.4
  Li-ion:
    cost: 140.657
    lifetime: 20.0861
    annual_cost: 7.002703362026478
    efficiency: 0.899293
    discharge_ratio: 2
    depth_of_discharge: 0.9
  Pb-acid:
    cost: 136.192
    lifetime: 9.7151
    annual_cost: 14.01858961822318
    efficiency: 0.704613
    discharge_ratio: 5
    depth_of_discharge: 0.5
  VRBF:
    cost: 212.249
    lifetime: 21.9807
    annual_cost: 9.656152897769408
    efficiency: 0.663014
    discharge_ratio: 0.5
    depth_of_discharge: 1.0
