cost_values:
  wind_capex: 5000.0
  wind_opex: 100
  wind_lifetime: 20
  solar_capex: 1000.0
  solar_opex: 10
  solar_lifetime: 20
  carbon_price: 1.0
timeseries_values:
  load_level: 281527.0239172328
  wind_year: 2019
  solar_year: 2017
  price_year: 2023
  carbon_year: 2023
storage_values:
  CAES:
    cost: 47.6833
    lifetime: 22.9791
    annual_cost: 2.0750725659403546
    efficiency: 0.599902
    discharge_ratio: 0.1
    depth_of_discharge: 0.4
  Li-ion:
    cost: 160.122
    lifetime: 21.2528
    annual_cost: 7.534160204773019
    efficiency: 0.922204
    discharge_ratio: 2
    depth_of_discharge: 0.9
  Pb-acid:
    cost: 130.184
    lifetime: 9.92698
    annual_cost: 13.114159593350646
    efficiency: 0.713814
    discharge_ratio: 5
    depth_of_discharge: 0.5
  VRBF:
    cost: 232.57
    lifetime: 20.3689
    annual_cost: 11.417896891830193
    efficiency: 0.66645
    discharge_ratio: 0.5
    depth_of_discharge: 1.0
