cost_values:
  wind_capex: 5000.0
  wind_opex: 100
  wind_lifetime: 20
  solar_capex: 1000.0
  solar_opex: 10
  solar_lifetime: 20
  carbon_price: 1.0
timeseries_values:
  load_level: 281527.0239172328
  wind_year: 2019
  solar_year: 2017
  price_year: 2023
  carbon_year: 2023
storage_values:
  CAES:
    cost: 49.7089
    lifetime: 22.1123
    annual_cost: 2.2480203325750825
    efficiency: 0.599734
    discharge_ratio: 0.1
    depth_of_discharge: 0.4
  Li-ion:
    cost: 143.02
    lifetime: 22.0831
    annual_cost: 6.476445788861165
    efficiency: 0.905571
    discharge_ratio: 2
    depth_of_discharge: 0.9
  Pb-acid:
    cost: 128.544
    lifetime: 9.11447
    annual_cost: 14.103288507175952
    efficiency: 0.715951
    discharge_ratio: 5
    depth_of_discharge: 0.5
  VRBF:
    cost: 230.722
    lifetime: 21.0319
    annual_cost: 10.970097803812305
    efficiency: 0.670379
    discharge_ratio: 0.5
    depth_of_discharge: 1.0
