cost_values:
  wind_capex: 5000.0
  wind_opex: 100
  wind_lifetime: 20
  solar_capex: 1000.0
  solar_opex: 10
  solar_lifetime: 20
  carbon_price: 1.0
timeseries_values:
  load_level: 281527.0239172328
  wind_year: 2019
  solar_year: 2017
  price_year: 2023
  carbon_year: 2023
storage_values:
  CAES:
    cost: 42.4911
    lifetime: 21.8933
    annual_cost: 1.9408266455947711
    efficiency: 0.590759
    discharge_ratio: 0.1
    depth_of_discharge: 0.4
  Li-ion:
    cost: 148.752
    lifetime: 23.5409
    annual_cost: 6.318874809374323
    efficiency: 0.916206
    discharge_ratio: 2
    depth_of_discharge: 0.9
  Pb-acid:
    cost: 136.181
    lifetime: 11.3112
    annual_cost: 12.039482990310491
    efficiency: 0.704765
    discharge_ratio: 5
    depth_of_discharge: 0.5
  VRBF:
    cost: 208.051
    lifetime: 18.8685
    annual_cost: 11.026366695815776
    efficiency: 0.674388
    discharge_ratio: 0.5
    depth_of_discharge: 1.0
