cost_values:
  wind_capex: 5000.0
  wind_opex: 100
  wind_lifetime: 20
  solar_capex: 1000.0
  solar_opex: 10
  solar_lifetime: 20
  carbon_price: 1.0
timeseries_values:
  load_level: 281527.0239172328
  wind_year: 2019
  solar_year: 2017
  price_year: 2023
  carbon_year: 2023
storage_values:
  CAES:
    cost: 48.1061
    lifetime: 22.6142
    annual_cost: 2.1272519036711444
    efficiency: 0.590701
    discharge_ratio: 0.1
    depth_of_discharge: 0.4
  Li-ion:
    cost: 147.156
    lifetime: 20.7837
    annual_cost: 7.080356240707863
    efficiency: 0.917302
    discharge_ratio: 2
    depth_of_discharge: 0.9
  Pb-acid:
    cost: 135.039
    lifetime: 10.7338
    annual_cost: 12.580726303825298
    efficiency: 0.730166
    discharge_ratio: 5
    depth_of_discharge: 0.5
  VRBF:
    cost: 230.31
    lifetime: 20.0152
    annual_cost: 11.50675486630161
    efficiency: 0.66333
    discharge_ratio: 0.5
    depth_of_discharge: 1.0
