cost_values:
  wind_capex: 5000.0
  wind_opex: 100
  wind_lifetime: 20
  solar_capex: 1000.0
  solar_opex: 10
  solar_lifetime: 20
  carbon_price: 1.0
timeseries_values:
  load_level: 281527.0239172328
  wind_year: 2019
  solar_year: 2017
  price_year: 2023
  carbon_year: 2023
storage_values:
  CAES:
    cost: 48.5769
    lifetime: 22.4358
    annual_cost: 2.16515123151392
    efficiency: 0.593131
    discharge_ratio: 0.1
    depth_of_discharge: 0.4
  Li-ion:
    cost: 133.99
    lifetime: 23.1428
    annual_cost: 5.789705653594207
    efficiency: 0.914006
    discharge_ratio: 2
    depth_of_discharge: 0.9
  Pb-acid:
    cost: 124.935
    lifetime: 10.3261
    annual_cost: 12.098953138164457
    efficiency: 0.717636
    discharge_ratio: 5
    depth_of_discharge: 0.5
  VRBF:
    cost: 224.792
    lifetime: 21.3075
    annual_cost: 10.54990026985803
    efficiency: 0.656914
    discharge_ratio: 0.5
    depth_of_discharge: 1.0
