cost_values:
  wind_capex: 5000.0
  wind_opex: 100
  wind_lifetime: 20
  solar_capex: 1000.0
  solar_opex: 10
  solar_lifetime: 20
  carbon_price: 1.0
timeseries_values:
  load_level: 281527.0239172328
  wind_year: 2019
  solar_year: 2017
  price_year: 2023
  carbon_year: 2023
storage_values:
  CAES:
    cost: 49.2605
    lifetime: 21.5233
    annual_cost: 2.288705728210823
    efficiency: 0.603228
    discharge_ratio: 0.1
    depth_of_discharge: 0.4
  Li-ion:
    cost: 146.346
    lifetime: 19.8776
    annual_cost: 7.362357628687568
    efficiency: 0.927109
    discharge_ratio: 2
    depth_of_discharge: 0.9
  Pb-acid:
    cost: 139.226
    lifetime: 9.21863
    annual_cost: 15.102677946723105
    efficiency: 0.71801
    discharge_ratio: 5
    depth_of_discharge: 0.5
  VRBF:
    cost: 191.862
    lifetime: 22.7502
    annual_cost: 8.433420365535248
    efficiency: 0.654344
    discharge_ratio: 0.5
    depth_of_discharge: 1.0
