cost_values:
  wind_capex: 5000.0
  wind_opex: 100
  wind_lifetime: 20
  solar_capex: 1000.0
  solar_opex: 10
  solar_lifetime: 20
  carbon_price: 1.0
timeseries_values:
  load_level: 281527.0239172328
  wind_year: 2019
  solar_year: 2017
  price_year: 2023
  carbon_year: 2023
storage_values:
  CAES:
    cost: 37.9574
    lifetime: 22.1388
    annual_cost: 1.7145193054727448
    efficiency: 0.585444
    discharge_ratio: 0.1
    depth_of_discharge: 0.4
  Li-ion:
    cost: 136.974
    lifetime: 20.6303
    annual_cost: 6.639457496982594
    efficiency: 0.899203
    discharge_ratio: 2
    depth_of_discharge: 0.9
  Pb-acid:
    cost: 140.004
    lifetime: 9.19783
    annual_cost: 15.22141635581436
    efficiency: 0.698764
    discharge_ratio: 5
    depth_of_discharge: 0.5
  VRBF:
    cost: 230.626
    lifetime: 20.5235
    annual_cost: 11.23716714985261
    efficiency: 0.672198
    discharge_ratio: 0.5
    depth_of_discharge: 1.0
