cost_values:
  wind_capex: 5000.0
  wind_opex: 100
  wind_lifetime: 20
  solar_capex: 1000.0
  solar_opex: 10
  solar_lifetime: 20
  carbon_price: 1.0
timeseries_values:
  load_level: 281527.0239172328
  wind_year: 2019
  solar_year: 2017
  price_year: 2023
  carbon_year: 2023
storage_values:
  CAES:
    cost: 44.2303
    lifetime: 21.4536
    annual_cost: 2.061672633031286
    efficiency: 0.581853
    discharge_ratio: 0.1
    depth_of_discharge: 0.4
  Li-ion:
    cost: 118.226
    lifetime: 22.0583
    annual_cost: 5.3597058703526566
    efficiency: 0.930376
    discharge_ratio: 2
    depth_of_discharge: 0.9
  Pb-acid:
    cost: 129.477
    lifetime: 8.98696
    annual_cost: 14.407207776600764
    efficiency: 0.70371
    discharge_ratio: 5
    depth_of_discharge: 0.5
  VRBF:
    cost: 199.665
    lifetime: 21.2661
    annual_cost: 9.38888653772906
    efficiency: 0.65622
    discharge_ratio: 0.5
    depth_of_discharge: 1.0
