cost_values:
  wind_capex: 5000.0
  wind_opex: 100
  wind_lifetime: 20
  solar_capex: 1000.0
  solar_opex: 10
  solar_lifetime: 20
  carbon_price: 1.0
timeseries_values:
  load_level: 281527.0239172328
  wind_year: 2019
  solar_year: 2017
  price_year: 2023
  carbon_year: 2023
storage_values:
  CAES:
    cost: 44.7439
    lifetime: 22.2618
    annual_cost: 2.0098958754458307
    efficiency: 0.590537
    discharge_ratio: 0.1
    depth_of_discharge: 0.4
  Li-ion:
    cost: 132.889
    lifetime: 20.2797
    annual_cost: 6.552808966602071
    efficiency: 0.905083
    discharge_ratio: 2
    depth_of_discharge: 0.9
  Pb-acid:
    cost: 125.623
    lifetime: 8.46516
    annual_cost: 14.840003024160207
    efficiency: 0.713985
    discharge_ratio: 5
    depth_of_discharge: 0.5
  VRBF:
    cost: 214.353
    lifetime: 20.5628
    annual_cost: 10.424309918882644
    efficiency: 0.677068
    discharge_ratio: 0.5
    depth_of_discharge: 1.0
