cost_values:
  wind_capex: 5000.0
  wind_opex: 100
  wind_lifetime: 20
  solar_capex: 1000.0
  solar_opex: 10
  solar_lifetime: 20
  carbon_price: 1.0
timeseries_values:
  load_level: 281527.0239172328
  wind_year: 2019
  solar_year: 2017
  price_year: 2023
  carbon_year: 2023
storage_values:
  CAES:
    cost: 39.3649
    lifetime: 22.6373
    annual_cost: 1.7389397145419285
    efficiency: 0.594753
    discharge_ratio: 0.1
    depth_of_discharge: 0.4
  Li-ion:
    cost: 135.852
    lifetime: 21.2857
    annual_cost: 6.382313008263765
    efficiency: 0.919914
    discharge_ratio: 2
    depth_of_discharge: 0.9
  Pb-acid:
    cost: 133.511
    lifetime: 8.79784
    annual_cost: 15.175429423585788
    efficiency: 0.703393
    discharge_ratio: 5
    depth_of_discharge: 0.5
  VRBF:
    cost: 210.776
    lifetime: 19.2774
    annual_cost: 10.933839625675661
    efficiency: 0.696487
    discharge_ratio: 0.5
    depth_of_discharge: 1.0
