cost_values:
  wind_capex: 5000.0
  wind_opex: 100
  wind_lifetime: 20
  solar_capex: 1000.0
  solar_opex: 10
  solar_lifetime: 20
  carbon_price: 1.0
timeseries_values:
  load_level: 281527.0239172328
  wind_year: 2019
  solar_year: 2017
  price_year: 2023
  carbon_year: 2023
storage_values:
  CAES:
    cost: 53.9819
    lifetime: 22.404
    annual_cost: 2.4094759864309947
    efficiency: 0.594531
    discharge_ratio: 0.1
    depth_of_discharge: 0.4
  Li-ion:
    cost: 142.269
    lifetime: 23.2587
    annual_cost: 6.116807904139097
    efficiency: 0.915694
    discharge_ratio: 2
    depth_of_discharge: 0.9
  Pb-acid:
    cost: 139.274
    lifetime: 9.47246
    annual_cost: 14.703044404515829
    efficiency: 0.709784
    discharge_ratio: 5
    depth_of_discharge: 0.5
  VRBF:
    cost: 205.492
    lifetime: 20.784
    annual_cost: 9.887028483448807
    efficiency: 0.66333
    discharge_ratio: 0.5
    depth_of_discharge: 1.0
