cost_values:
  wind_capex: 5000.0
  wind_opex: 100
  wind_lifetime: 20
  solar_capex: 1000.0
  solar_opex: 10
  solar_lifetime: 20
  carbon_price: 1.0
timeseries_values:
  load_level: 281527.0239172328
  wind_year: 2019
  solar_year: 2017
  price_year: 2023
  carbon_year: 2023
storage_values:
  CAES:
    cost: 39.8523
    lifetime: 22.1463
    annual_cost: 1.799501496864036
    efficiency: 0.594115
    discharge_ratio: 0.1
    depth_of_discharge: 0.4
  Li-ion:
    cost: 142.423
    lifetime: 22.0985
    annual_cost: 6.4449170758196255
    efficiency: 0.906724
    discharge_ratio: 2
    depth_of_discharge: 0.9
  Pb-acid:
    cost: 144.943
    lifetime: 8.45994
    annual_cost: 17.1328638264574
    efficiency: 0.69066
    discharge_ratio: 5
    depth_of_discharge: 0.5
  VRBF:
    cost: 171.741
    lifetime: 22.3754
    annual_cost: 7.675438204456681
    efficiency: 0.675476
    discharge_ratio: 0.5
    depth_of_discharge: 1.0
