cost_values:
  wind_capex: 5000.0
  wind_opex: 100
  wind_lifetime: 20
  solar_capex: 1000.0
  solar_opex: 10
  solar_lifetime: 20
  carbon_price: 1.0
timeseries_values:
  load_level: 281527.0239172328
  wind_year: 2019
  solar_year: 2017
  price_year: 2023
  carbon_year: 2023
storage_values:
  CAES:
    cost: 43.4778
    lifetime: 22.3871
    annual_cost: 1.9420916509954393
    efficiency: 0.598002
    discharge_ratio: 0.1
    depth_of_discharge: 0.4
  Li-ion:
    cost: 133.781
    lifetime: 21.851
    annual_cost: 6.122420026543408
    efficiency: 0.902638
    discharge_ratio: 2
    depth_of_discharge: 0.9
  Pb-acid:
    cost: 139.395
    lifetime: 9.09608
    annual_cost: 15.324733291703678
    efficiency: 0.712115
    discharge_ratio: 5
    depth_of_discharge: 0.5
  VRBF:
    cost: 194.964
    lifetime: 20.315
    annual_cost: 9.59704651735171
    efficiency: 0.673591
    discharge_ratio: 0.5
    depth_of_discharge: 1.0
