cost_values:
  wind_capex: 5000.0
  wind_opex: 100
  wind_lifetime: 20
  solar_capex: 1000.0
  solar_opex: 10
  solar_lifetime: 20
  carbon_price: 1.0
timeseries_values:
  load_level: 281527.0239172328
  wind_year: 2019
  solar_year: 2017
  price_year: 2023
  carbon_year: 2023
storage_values:
  CAES:
    cost: 48.8247
    lifetime: 22.8206
    annual_cost: 2.1395011524675076
    efficiency: 0.590463
    discharge_ratio: 0.1
    depth_of_discharge: 0.4
  Li-ion:
    cost: 156.932
    lifetime: 22.302
    annual_cost: 7.036678324813917
    efficiency: 0.920003
    discharge_ratio: 2
    depth_of_discharge: 0.9
  Pb-acid:
    cost: 155.363
    lifetime: 9.1231
    annual_cost: 17.02962808694413
    efficiency: 0.714539
    discharge_ratio: 5
    depth_of_discharge: 0.5
  VRBF:
    cost: 223.975
    lifetime: 21.4549
    annual_cost: 10.439340197344197
    efficiency: 0.676888
    discharge_ratio: 0.5
    depth_of_discharge: 1.0
