cost_values:
  wind_capex: 5000.0
  wind_opex: 100
  wind_lifetime: 20
  solar_capex: 1000.0
  solar_opex: 10
  solar_lifetime: 20
  carbon_price: 1.0
timeseries_values:
  load_level: 281527.0239172328
  wind_year: 2019
  solar_year: 2017
  price_year: 2023
  carbon_year: 2023
storage_values:
  CAES:
    cost: 47.4884
    lifetime: 20.9869
    annual_cost: 2.2627639146324614
    efficiency: 0.601093
    discharge_ratio: 0.1
    depth_of_discharge: 0.4
  Li-ion:
    cost: 154.501
    lifetime: 21.4986
    annual_cost: 7.186560985366489
    efficiency: 0.913967
    discharge_ratio: 2
    depth_of_discharge: 0.9
  Pb-acid:
    cost: 155.286
    lifetime: 8.6979
    annual_cost: 17.853274928431
    efficiency: 0.708604
    discharge_ratio: 5
    depth_of_discharge: 0.5
  VRBF:
    cost: 221.937
    lifetime: 20.1746
    annual_cost: 11.000812903353722
    efficiency: 0.671946
    discharge_ratio: 0.5
    depth_of_discharge: 1.0
