cost_values:
  wind_capex: 5000.0
  wind_opex: 100
  wind_lifetime: 20
  solar_capex: 1000.0
  solar_opex: 10
  solar_lifetime: 20
  carbon_price: 1.0
timeseries_values:
  load_level: 281527.0239172328
  wind_year: 2019
  solar_year: 2017
  price_year: 2023
  carbon_year: 2023
storage_values:
  CAES:
    cost: 40.3189
    lifetime: 22.3094
    annual_cost: 1.8072606166010738
    efficiency: 0.602317
    discharge_ratio: 0.1
    depth_of_discharge: 0.4
  Li-ion:
    cost: 133.099
    lifetime: 21.0406
    annual_cost: 6.325817704818303
    efficiency: 0.910003
    discharge_ratio: 2
    depth_of_discharge: 0.9
  Pb-acid:
    cost: 148.698
    lifetime: 9.54357
    annual_cost: 15.58096184132353
    efficiency: 0.715266
    discharge_ratio: 5
    depth_of_discharge: 0.5
  VRBF:
    cost: 202.762
    lifetime: 20.1738
    annual_cost: 10.050758905114554
    efficiency: 0.667215
    discharge_ratio: 0.5
    depth_of_discharge: 1.0
