cost_values:
  wind_capex: 5000.0
  wind_opex: 100
  wind_lifetime: 20
  solar_capex: 1000.0
  solar_opex: 10
  solar_lifetime: 20
  carbon_price: 1.0
timeseries_values:
  load_level: 281527.0239172328
  wind_year: 2019
  solar_year: 2017
  price_year: 2023
  carbon_year: 2023
storage_values:
  CAES:
    cost: 53.1932
    lifetime: 21.7982
    annual_cost: 2.440256534943252
    efficiency: 0.596309
    discharge_ratio: 0.1
    depth_of_discharge: 0.4
  Li-ion:
    cost: 138.391
    lifetime: 21.4555
    annual_cost: 6.450140989489873
    efficiency: 0.9235
    discharge_ratio: 2
    depth_of_discharge: 0.9
  Pb-acid:
    cost: 134.408
    lifetime: 8.75133
    annual_cost: 15.358579781587483
    efficiency: 0.703329
    discharge_ratio: 5
    depth_of_discharge: 0.5
  VRBF:
    cost: 209.184
    lifetime: 21.9935
    annual_cost: 9.51117375588242
    efficiency: 0.674213
    discharge_ratio: 0.5
    depth_of_discharge: 1.0
