cost_values:
  wind_capex: 5000.0
  wind_opex: 100
  wind_lifetime: 20
  solar_capex: 1000.0
  solar_opex: 10
  solar_lifetime: 20
  carbon_price: 1.0
timeseries_values:
  load_level: 281527.0239172328
  wind_year: 2019
  solar_year: 2017
  price_year: 2023
  carbon_year: 2023
storage_values:
  CAES:
    cost: 40.9156
    lifetime: 22.5668
    annual_cost: 1.8130882535405992
    efficiency: 0.589222
    discharge_ratio: 0.1
    depth_of_discharge: 0.4
  Li-ion:
    cost: 140.296
    lifetime: 22.406
    annual_cost: 6.261537088279925
    efficiency: 0.929573
    discharge_ratio: 2
    depth_of_discharge: 0.9
  Pb-acid:
    cost: 130.819
    lifetime: 10.1584
    annual_cost: 12.87791384469995
    efficiency: 0.717559
    discharge_ratio: 5
    depth_of_discharge: 0.5
  VRBF:
    cost: 197.056
    lifetime: 23.2562
    annual_cost: 8.473267343762094
    efficiency: 0.679273
    discharge_ratio: 0.5
    depth_of_discharge: 1.0
