cost_values:
  wind_capex: 5000.0
  wind_opex: 100
  wind_lifetime: 20
  solar_capex: 1000.0
  solar_opex: 10
  solar_lifetime: 20
  carbon_price: 1.0
timeseries_values:
  load_level: 281527.0239172328
  wind_year: 2019
  solar_year: 2017
  price_year: 2023
  carbon_year: 2023
storage_values:
  CAES:
    cost: 48.6988
    lifetime: 21.6417
    annual_cost: 2.2502298802774274
    efficiency: 0.591633
    discharge_ratio: 0.1
    depth_of_discharge: 0.4
  Li-ion:
    cost: 154.051
    lifetime: 18.9436
    annual_cost: 8.132086826157646
    efficiency: 0.900272
    discharge_ratio: 2
    depth_of_discharge: 0.9
  Pb-acid:
    cost: 116.611
    lifetime: 9.30259
    annual_cost: 12.535326183353238
    efficiency: 0.715436
    discharge_ratio: 5
    depth_of_discharge: 0.5
  VRBF:
    cost: 209.626
    lifetime: 22.5865
    annual_cost: 9.2810307041817
    efficiency: 0.674351
    discharge_ratio: 0.5
    depth_of_discharge: 1.0
