cost_values:
  wind_capex: 5000.0
  wind_opex: 100
  wind_lifetime: 20
  solar_capex: 1000.0
  solar_opex: 10
  solar_lifetime: 20
  carbon_price: 1.0
timeseries_values:
  load_level: 281527.0239172328
  wind_year: 2019
  solar_year: 2017
  price_year: 2023
  carbon_year: 2023
storage_values:
  CAES:
    cost: 44.2315
    lifetime: 22.0994
    annual_cost: 2.0014796781813082
    efficiency: 0.593871
    discharge_ratio: 0.1
    depth_of_discharge: 0.4
  Li-ion:
    cost: 155.515
    lifetime: 24.4282
    annual_cost: 6.366207907254729
    efficiency: 0.905654
    discharge_ratio: 2
    depth_of_discharge: 0.9
  Pb-acid:
    cost: 140.64
    lifetime: 9.39222
    annual_cost: 14.974095581236384
    efficiency: 0.721295
    discharge_ratio: 5
    depth_of_discharge: 0.5
  VRBF:
    cost: 199.072
    lifetime: 21.413
    annual_cost: 9.296782328492037
    efficiency: 0.682142
    discharge_ratio: 0.5
    depth_of_discharge: 1.0
