cost_values:
  wind_capex: 5000.0
  wind_opex: 100
  wind_lifetime: 20
  solar_capex: 1000.0
  solar_opex: 10
  solar_lifetime: 20
  carbon_price: 1.0
timeseries_values:
  load_level: 281527.0239172328
  wind_year: 2019
  solar_year: 2017
  price_year: 2023
  carbon_year: 2023
storage_values:
  CAES:
    cost: 52.4202
    lifetime: 21.6876
    annual_cost: 2.417058595695236
    efficiency: 0.589409
    discharge_ratio: 0.1
    depth_of_discharge: 0.4
  Li-ion:
    cost: 151.403
    lifetime: 22.0233
    annual_cost: 6.874673641098291
    efficiency: 0.916049
    discharge_ratio: 2
    depth_of_discharge: 0.9
  Pb-acid:
    cost: 135.635
    lifetime: 9.1761
    annual_cost: 14.781334117980405
    efficiency: 0.702323
    discharge_ratio: 5
    depth_of_discharge: 0.5
  VRBF:
    cost: 215.026
    lifetime: 21.1985
    annual_cost: 10.14345354624148
    efficiency: 0.689629
    discharge_ratio: 0.5
    depth_of_discharge: 1.0
