cost_values:
  wind_capex: 5000.0
  wind_opex: 100
  wind_lifetime: 20
  solar_capex: 1000.0
  solar_opex: 10
  solar_lifetime: 20
  carbon_price: 1.0
timeseries_values:
  load_level: 281527.0239172328
  wind_year: 2019
  solar_year: 2017
  price_year: 2023
  carbon_year: 2023
storage_values:
  CAES:
    cost: 43.0409
    lifetime: 20.8978
    annual_cost: 2.059590004689489
    efficiency: 0.589671
    discharge_ratio: 0.1
    depth_of_discharge: 0.4
  Li-ion:
    cost: 147.548
    lifetime: 20.3208
    annual_cost: 7.260934608873667
    efficiency: 0.90713
    discharge_ratio: 2
    depth_of_discharge: 0.9
  Pb-acid:
    cost: 136.822
    lifetime: 10.3073
    annual_cost: 13.274281334588109
    efficiency: 0.713238
    discharge_ratio: 5
    depth_of_discharge: 0.5
  VRBF:
    cost: 199.383
    lifetime: 21.1414
    annual_cost: 9.430926996320016
    efficiency: 0.678721
    discharge_ratio: 0.5
    depth_of_discharge: 1.0
