cost_values:
  wind_capex: 5000.0
  wind_opex: 100
  wind_lifetime: 20
  solar_capex: 1000.0
  solar_opex: 10
  solar_lifetime: 20
  carbon_price: 1.0
timeseries_values:
  load_level: 281527.0239172328
  wind_year: 2019
  solar_year: 2017
  price_year: 2023
  carbon_year: 2023
storage_values:
  CAES:
    cost: 40.5
    lifetime: 22.7718
    annual_cost: 1.7785155323689827
    efficiency: 0.585936
    discharge_ratio: 0.1
    depth_of_discharge: 0.4
  Li-ion:
    cost: 125.381
    lifetime: 20.8559
    annual_cost: 6.011776044188935
    efficiency: 0.921262
    discharge_ratio: 2
    depth_of_discharge: 0.9
  Pb-acid:
    cost: 147.678
    lifetime: 8.93735
    annual_cost: 16.52368990808237
    efficiency: 0.695091
    discharge_ratio: 5
    depth_of_discharge: 0.5
  VRBF:
    cost: 208.176
    lifetime: 22.9747
    annual_cost: 9.061097642189017
    efficiency: 0.663419
    discharge_ratio: 0.5
    depth_of_discharge: 1.0
