cost_values:
  wind_capex: 5000.0
  wind_opex: 100
  wind_lifetime: 20
  solar_capex: 1000.0
  solar_opex: 10
  solar_lifetime: 20
  carbon_price: 1.0
timeseries_values:
  load_level: 281527.0239172328
  wind_year: 2019
  solar_year: 2017
  price_year: 2023
  carbon_year: 2023
storage_values:
  CAES:
    cost: 46.3833
    lifetime: 22.7947
    annual_cost: 2.034828271484161
    efficiency: 0.60321
    discharge_ratio: 0.1
    depth_of_discharge: 0.4
  Li-ion:
    cost: 154.104
    lifetime: 21.7666
    annual_cost: 7.079837916808321
    efficiency: 0.900574
    discharge_ratio: 2
    depth_of_discharge: 0.9
  Pb-acid:
    cost: 138.916
    lifetime: 8.63985
    annual_cost: 16.07851988171091
    efficiency: 0.702732
    discharge_ratio: 5
    depth_of_discharge: 0.5
  VRBF:
    cost: 233.667
    lifetime: 19.5366
    annual_cost: 11.960474186910721
    efficiency: 0.679672
    discharge_ratio: 0.5
    depth_of_discharge: 1.0
