cost_values:
  wind_capex: 5000.0
  wind_opex: 100
  wind_lifetime: 20
  solar_capex: 1000.0
  solar_opex: 10
  solar_lifetime: 20
  carbon_price: 1.0
timeseries_values:
  load_level: 281527.0239172328
  wind_year: 2019
  solar_year: 2017
  price_year: 2023
  carbon_year: 2023
storage_values:
  CAES:
    cost: 44.2883
    lifetime: 22.6023
    annual_cost: 1.95945987797702
    efficiency: 0.593352
    discharge_ratio: 0.1
    depth_of_discharge: 0.4
  Li-ion:
    cost: 139.167
    lifetime: 21.7651
    annual_cost: 6.394043675425337
    efficiency: 0.925086
    discharge_ratio: 2
    depth_of_discharge: 0.9
  Pb-acid:
    cost: 128.443
    lifetime: 10.1196
    annual_cost: 12.692497727182893
    efficiency: 0.71682
    discharge_ratio: 5
    depth_of_discharge: 0.5
  VRBF:
    cost: 196.372
    lifetime: 23.28
    annual_cost: 8.435223367697594
    efficiency: 0.702497
    discharge_ratio: 0.5
    depth_of_discharge: 1.0
