cost_values:
  wind_capex: 5000.0
  wind_opex: 100
  wind_lifetime: 20
  solar_capex: 1000.0
  solar_opex: 10
  solar_lifetime: 20
  carbon_price: 1.0
timeseries_values:
  load_level: 281527.0239172328
  wind_year: 2019
  solar_year: 2017
  price_year: 2023
  carbon_year: 2023
storage_values:
  CAES:
    cost: 48.0449
    lifetime: 21.8669
    annual_cost: 2.197151859660034
    efficiency: 0.595278
    discharge_ratio: 0.1
    depth_of_discharge: 0.4
  Li-ion:
    cost: 142.135
    lifetime: 22.3042
    annual_cost: 6.372566601805937
    efficiency: 0.917756
    discharge_ratio: 2
    depth_of_discharge: 0.9
  Pb-acid:
    cost: 143.835
    lifetime: 8.4294
    annual_cost: 17.063492063492067
    efficiency: 0.727215
    discharge_ratio: 5
    depth_of_discharge: 0.5
  VRBF:
    cost: 239.543
    lifetime: 20.225
    annual_cost: 11.843906056860321
    efficiency: 0.68357
    discharge_ratio: 0.5
    depth_of_discharge: 1.0
