cost_values:
  wind_capex: 5000.0
  wind_opex: 100
  wind_lifetime: 20
  solar_capex: 1000.0
  solar_opex: 10
  solar_lifetime: 20
  carbon_price: 1.0
timeseries_values:
  load_level: 281527.0239172328
  wind_year: 2019
  solar_year: 2017
  price_year: 2023
  carbon_year: 2023
storage_values:
  CAES:
    cost: 49.9821
    lifetime: 21.0323
    annual_cost: 2.376444801567114
    efficiency: 0.591003
    discharge_ratio: 0.1
    depth_of_discharge: 0.4
  Li-ion:
    cost: 149.017
    lifetime: 22.6846
    annual_cost: 6.569082108567045
    efficiency: 0.907434
    discharge_ratio: 2
    depth_of_discharge: 0.9
  Pb-acid:
    cost: 125.379
    lifetime: 9.56412
    annual_cost: 13.109308540670757
    efficiency: 0.72126
    discharge_ratio: 5
    depth_of_discharge: 0.5
  VRBF:
    cost: 239.493
    lifetime: 20.0749
    annual_cost: 11.92997225390911
    efficiency: 0.651559
    discharge_ratio: 0.5
    depth_of_discharge: 1.0
