cost_values:
  wind_capex: 5000.0
  wind_opex: 100
  wind_lifetime: 20
  solar_capex: 1000.0
  solar_opex: 10
  solar_lifetime: 20
  carbon_price: 1.0
timeseries_values:
  load_level: 281527.0239172328
  wind_year: 2019
  solar_year: 2017
  price_year: 2023
  carbon_year: 2023
storage_values:
  CAES:
    cost: 46.8387
    lifetime: 22.7451
    annual_cost: 2.059287494889009
    efficiency: 0.587146
    discharge_ratio: 0.1
    depth_of_discharge: 0.4
  Li-ion:
    cost: 137.239
    lifetime: 22.5196
    annual_cost: 6.094202383701309
    efficiency: 0.9216
    discharge_ratio: 2
    depth_of_discharge: 0.9
  Pb-acid:
    cost: 134.041
    lifetime: 7.96911
    annual_cost: 16.82007150108356
    efficiency: 0.720944
    discharge_ratio: 5
    depth_of_discharge: 0.5
  VRBF:
    cost: 183.236
    lifetime: 19.4208
    annual_cost: 9.435038721370901
    efficiency: 0.666839
    discharge_ratio: 0.5
    depth_of_discharge: 1.0
