cost_values:
  wind_capex: 5000.0
  wind_opex: 100
  wind_lifetime: 20
  solar_capex: 1000.0
  solar_opex: 10
  solar_lifetime: 20
  carbon_price: 1.0
timeseries_values:
  load_level: 281527.0239172328
  wind_year: 2019
  solar_year: 2017
  price_year: 2023
  carbon_year: 2023
storage_values:
  CAES:
    cost: 46.5345
    lifetime: 20.8195
    annual_cost: 2.235140133048344
    efficiency: 0.599107
    discharge_ratio: 0.1
    depth_of_discharge: 0.4
  Li-ion:
    cost: 136.551
    lifetime: 22.8389
    annual_cost: 5.978878142117177
    efficiency: 0.915873
    discharge_ratio: 2
    depth_of_discharge: 0.9
  Pb-acid:
    cost: 130.215
    lifetime: 8.98453
    annual_cost: 14.493245612180049
    efficiency: 0.706575
    discharge_ratio: 5
    depth_of_discharge: 0.5
  VRBF:
    cost: 198.636
    lifetime: 21.6728
    annual_cost: 9.165220922077443
    efficiency: 0.660933
    discharge_ratio: 0.5
    depth_of_discharge: 1.0
