cost_values:
  wind_capex: 5000.0
  wind_opex: 100
  wind_lifetime: 20
  solar_capex: 1000.0
  solar_opex: 10
  solar_lifetime: 20
  carbon_price: 1.0
timeseries_values:
  load_level: 281527.0239172328
  wind_year: 2019
  solar_year: 2017
  price_year: 2023
  carbon_year: 2023
storage_values:
  CAES:
    cost: 45.0889
    lifetime: 22.0134
    annual_cost: 2.0482478853789057
    efficiency: 0.590328
    discharge_ratio: 0.1
    depth_of_discharge: 0.4
  Li-ion:
    cost: 136.61
    lifetime: 24.5463
    annual_cost: 5.565400895450639
    efficiency: 0.904379
    discharge_ratio: 2
    depth_of_discharge: 0.9
  Pb-acid:
    cost: 123.482
    lifetime: 7.09508
    annual_cost: 17.403891147104755
    efficiency: 0.709668
    discharge_ratio: 5
    depth_of_discharge: 0.5
  VRBF:
    cost: 212.369
    lifetime: 20.2091
    annual_cost: 10.508582767169246
    efficiency: 0.678946
    discharge_ratio: 0.5
    depth_of_discharge: 1.0
