cost_values:
  wind_capex: 5000.0
  wind_opex: 100
  wind_lifetime: 20
  solar_capex: 1000.0
  solar_opex: 10
  solar_lifetime: 20
  carbon_price: 1.0
timeseries_values:
  load_level: 281527.0239172328
  wind_year: 2019
  solar_year: 2017
  price_year: 2023
  carbon_year: 2023
storage_values:
  CAES:
    cost: 51.8585
    lifetime: 21.8506
    annual_cost: 2.3733215563874674
    efficiency: 0.597879
    discharge_ratio: 0.1
    depth_of_discharge: 0.4
  Li-ion:
    cost: 137.578
    lifetime: 23.6882
    annual_cost: 5.807870585354734
    efficiency: 0.938111
    discharge_ratio: 2
    depth_of_discharge: 0.9
  Pb-acid:
    cost: 127.91
    lifetime: 9.79985
    annual_cost: 13.05224059551932
    efficiency: 0.719754
    discharge_ratio: 5
    depth_of_discharge: 0.5
  VRBF:
    cost: 219.319
    lifetime: 21.172
    annual_cost: 10.358917438125825
    efficiency: 0.655618
    discharge_ratio: 0.5
    depth_of_discharge: 1.0
