cost_values:
  wind_capex: 5000.0
  wind_opex: 100
  wind_lifetime: 20
  solar_capex: 1000.0
  solar_opex: 10
  solar_lifetime: 20
  carbon_price: 1.0
timeseries_values:
  load_level: 281527.0239172328
  wind_year: 2019
  solar_year: 2017
  price_year: 2023
  carbon_year: 2023
storage_values:
  CAES:
    cost: 50.8057
    lifetime: 21.9416
    annual_cost: 2.315496590950523
    efficiency: 0.589618
    discharge_ratio: 0.1
    depth_of_discharge: 0.4
  Li-ion:
    cost: 132.561
    lifetime: 20.4639
    annual_cost: 6.4777974872824835
    efficiency: 0.921328
    discharge_ratio: 2
    depth_of_discharge: 0.9
  Pb-acid:
    cost: 137.155
    lifetime: 8.22343
    annual_cost: 16.678563567757006
    efficiency: 0.721099
    discharge_ratio: 5
    depth_of_discharge: 0.5
  VRBF:
    cost: 222.77
    lifetime: 22.3511
    annual_cost: 9.966847269261917
    efficiency: 0.694547
    discharge_ratio: 0.5
    depth_of_discharge: 1.0
