cost_values:
  wind_capex: 5000.0
  wind_opex: 100
  wind_lifetime: 20
  solar_capex: 1000.0
  solar_opex: 10
  solar_lifetime: 20
  carbon_price: 1.0
timeseries_values:
  load_level: 281527.0239172328
  wind_year: 2019
  solar_year: 2017
  price_year: 2023
  carbon_year: 2023
storage_values:
  CAES:
    cost: 51.4413
    lifetime: 21.4556
    annual_cost: 2.397569865210015
    efficiency: 0.590853
    discharge_ratio: 0.1
    depth_of_discharge: 0.4
  Li-ion:
    cost: 138.222
    lifetime: 23.2959
    annual_cost: 5.933318738490464
    efficiency: 0.913474
    discharge_ratio: 2
    depth_of_discharge: 0.9
  Pb-acid:
    cost: 145.107
    lifetime: 8.75896
    annual_cost: 16.56669284937938
    efficiency: 0.713738
    discharge_ratio: 5
    depth_of_discharge: 0.5
  VRBF:
    cost: 195.123
    lifetime: 21.8419
    annual_cost: 8.93342612135391
    efficiency: 0.653306
    discharge_ratio: 0.5
    depth_of_discharge: 1.0
