cost_values:
  wind_capex: 5000.0
  wind_opex: 100
  wind_lifetime: 20
  solar_capex: 1000.0
  solar_opex: 10
  solar_lifetime: 20
  carbon_price: 1.0
timeseries_values:
  load_level: 281527.0239172328
  wind_year: 2019
  solar_year: 2017
  price_year: 2023
  carbon_year: 2023
storage_values:
  CAES:
    cost: 51.5893
    lifetime: 22.6641
    annual_cost: 2.2762562819613397
    efficiency: 0.595193
    discharge_ratio: 0.1
    depth_of_discharge: 0.4
  Li-ion:
    cost: 136.017
    lifetime: 23.9334
    annual_cost: 5.683145729399082
    efficiency: 0.917412
    discharge_ratio: 2
    depth_of_discharge: 0.9
  Pb-acid:
    cost: 136.833
    lifetime: 9.8345
    annual_cost: 13.913569576490925
    efficiency: 0.732881
    discharge_ratio: 5
    depth_of_discharge: 0.5
  VRBF:
    cost: 199.555
    lifetime: 19.302
    annual_cost: 10.338565951714848
    efficiency: 0.686429
    discharge_ratio: 0.5
    depth_of_discharge: 1.0
