cost_values:
  wind_capex: 5000.0
  wind_opex: 100
  wind_lifetime: 20
  solar_capex: 1000.0
  solar_opex: 10
  solar_lifetime: 20
  carbon_price: 1.0
timeseries_values:
  load_level: 281527.0239172328
  wind_year: 2019
  solar_year: 2017
  price_year: 2023
  carbon_year: 2023
storage_values:
  CAES:
    cost: 48.8399
    lifetime: 22.2846
    annual_cost: 2.191643556536801
    efficiency: 0.593519
    discharge_ratio: 0.1
    depth_of_discharge: 0.4
  Li-ion:
    cost: 145.727
    lifetime: 24.5053
    annual_cost: 5.9467543755840575
    efficiency: 0.906317
    discharge_ratio: 2
    depth_of_discharge: 0.9
  Pb-acid:
    cost: 142.734
    lifetime: 8.65447
    annual_cost: 16.492517739387853
    efficiency: 0.702327
    discharge_ratio: 5
    depth_of_discharge: 0.5
  VRBF:
    cost: 239.576
    lifetime: 22.6599
    annual_cost: 10.572685669398364
    efficiency: 0.67034
    discharge_ratio: 0.5
    depth_of_discharge: 1.0
