cost_values:
  wind_capex: 5000.0
  wind_opex: 100
  wind_lifetime: 20
  solar_capex: 1000.0
  solar_opex: 10
  solar_lifetime: 20
  carbon_price: 1.0
timeseries_values:
  load_level: 281527.0239172328
  wind_year: 2019
  solar_year: 2017
  price_year: 2023
  carbon_year: 2023
storage_values:
  CAES:
    cost: 46.5641
    lifetime: 22.3808
    annual_cost: 2.0805377823849014
    efficiency: 0.599436
    discharge_ratio: 0.1
    depth_of_discharge: 0.4
  Li-ion:
    cost: 159.28
    lifetime: 20.6617
    annual_cost: 7.708949408809537
    efficiency: 0.908146
    discharge_ratio: 2
    depth_of_discharge: 0.9
  Pb-acid:
    cost: 118.799
    lifetime: 9.15798
    annual_cost: 12.972183822196598
    efficiency: 0.710963
    discharge_ratio: 5
    depth_of_discharge: 0.5
  VRBF:
    cost: 231.977
    lifetime: 21.6119
    annual_cost: 10.733762417927162
    efficiency: 0.663225
    discharge_ratio: 0.5
    depth_of_discharge: 1.0
