cost_values:
  wind_capex: 5000.0
  wind_opex: 100
  wind_lifetime: 20
  solar_capex: 1000.0
  solar_opex: 10
  solar_lifetime: 20
  carbon_price: 1.0
timeseries_values:
  load_level: 281527.0239172328
  wind_year: 2019
  solar_year: 2017
  price_year: 2023
  carbon_year: 2023
storage_values:
  CAES:
    cost: 42.0283
    lifetime: 22.5438
    annual_cost: 1.8642952829602817
    efficiency: 0.604817
    discharge_ratio: 0.1
    depth_of_discharge: 0.4
  Li-ion:
    cost: 153.897
    lifetime: 22.1504
    annual_cost: 6.9478203553886155
    efficiency: 0.913199
    discharge_ratio: 2
    depth_of_discharge: 0.9
  Pb-acid:
    cost: 146.663
    lifetime: 8.41448
    annual_cost: 17.429835236402013
    efficiency: 0.706156
    discharge_ratio: 5
    depth_of_discharge: 0.5
  VRBF:
    cost: 215.604
    lifetime: 20.0628
    annual_cost: 10.746456127758838
    efficiency: 0.682841
    discharge_ratio: 0.5
    depth_of_discharge: 1.0
