cost_values:
  wind_capex: 5000.0
  wind_opex: 100
  wind_lifetime: 20
  solar_capex: 1000.0
  solar_opex: 10
  solar_lifetime: 20
  carbon_price: 1.0
timeseries_values:
  load_level: 281527.0239172328
  wind_year: 2019
  solar_year: 2017
  price_year: 2023
  carbon_year: 2023
storage_values:
  CAES:
    cost: 45.2611
    lifetime: 22.6137
    annual_cost: 2.001490247062621
    efficiency: 0.590565
    discharge_ratio: 0.1
    depth_of_discharge: 0.4
  Li-ion:
    cost: 139.565
    lifetime: 21.1618
    annual_cost: 6.595138409776106
    efficiency: 0.903318
    discharge_ratio: 2
    depth_of_discharge: 0.9
  Pb-acid:
    cost: 139.455
    lifetime: 9.20317
    annual_cost: 15.152931000948588
    efficiency: 0.708974
    discharge_ratio: 5
    depth_of_discharge: 0.5
  VRBF:
    cost: 233.908
    lifetime: 21.2048
    annual_cost: 11.030898664453332
    efficiency: 0.66073
    discharge_ratio: 0.5
    depth_of_discharge: 1.0
