cost_values:
  wind_capex: 5000.0
  wind_opex: 100
  wind_lifetime: 20
  solar_capex: 1000.0
  solar_opex: 10
  solar_lifetime: 20
  carbon_price: 1.0
timeseries_values:
  load_level: 281527.0239172328
  wind_year: 2019
  solar_year: 2017
  price_year: 2023
  carbon_year: 2023
storage_values:
  CAES:
    cost: 42.7578
    lifetime: 22.4839
    annual_cost: 1.9017074439932578
    efficiency: 0.594074
    discharge_ratio: 0.1
    depth_of_discharge: 0.4
  Li-ion:
    cost: 144.278
    lifetime: 19.954
    annual_cost: 7.23053021950486
    efficiency: 0.917341
    discharge_ratio: 2
    depth_of_discharge: 0.9
  Pb-acid:
    cost: 130.283
    lifetime: 9.79351
    annual_cost: 13.302993513050989
    efficiency: 0.706171
    discharge_ratio: 5
    depth_of_discharge: 0.5
  VRBF:
    cost: 231.684
    lifetime: 20.0284
    annual_cost: 11.567773761259012
    efficiency: 0.672015
    discharge_ratio: 0.5
    depth_of_discharge: 1.0
