cost_values:
  wind_capex: 5000.0
  wind_opex: 100
  wind_lifetime: 20
  solar_capex: 1000.0
  solar_opex: 10
  solar_lifetime: 20
  carbon_price: 1.0
timeseries_values:
  load_level: 281527.0239172328
  wind_year: 2019
  solar_year: 2017
  price_year: 2023
  carbon_year: 2023
storage_values:
  CAES:
    cost: 38.8389
    lifetime: 22.3213
    annual_cost: 1.739992742358196
    efficiency: 0.582423
    discharge_ratio: 0.1
    depth_of_discharge: 0.4
  Li-ion:
    cost: 153.567
    lifetime: 20.514
    annual_cost: 7.4859608072535835
    efficiency: 0.913716
    discharge_ratio: 2
    depth_of_discharge: 0.9
  Pb-acid:
    cost: 147.795
    lifetime: 8.82477
    annual_cost: 16.747745267015457
    efficiency: 0.721248
    discharge_ratio: 5
    depth_of_discharge: 0.5
  VRBF:
    cost: 198.135
    lifetime: 21.0145
    annual_cost: 9.428489852244878
    efficiency: 0.660603
    discharge_ratio: 0.5
    depth_of_discharge: 1.0
