cost_values:
  wind_capex: 5000.0
  wind_opex: 100
  wind_lifetime: 20
  solar_capex: 1000.0
  solar_opex: 10
  solar_lifetime: 20
  carbon_price: 1.0
timeseries_values:
  load_level: 281527.0239172328
  wind_year: 2019
  solar_year: 2017
  price_year: 2023
  carbon_year: 2023
storage_values:
  CAES:
    cost: 39.9065
    lifetime: 21.5567
    annual_cost: 1.8512341870508937
    efficiency: 0.594524
    discharge_ratio: 0.1
    depth_of_discharge: 0.4
  Li-ion:
    cost: 132.462
    lifetime: 23.7787
    annual_cost: 5.570615719109959
    efficiency: 0.909268
    discharge_ratio: 2
    depth_of_discharge: 0.9
  Pb-acid:
    cost: 137.195
    lifetime: 9.57332
    annual_cost: 14.330973998571027
    efficiency: 0.708434
    discharge_ratio: 5
    depth_of_discharge: 0.5
  VRBF:
    cost: 226.685
    lifetime: 19.7693
    annual_cost: 11.466516265118138
    efficiency: 0.674516
    discharge_ratio: 0.5
    depth_of_discharge: 1.0
