cost_values:
  wind_capex: 5000.0
  wind_opex: 100
  wind_lifetime: 20
  solar_capex: 1000.0
  solar_opex: 10
  solar_lifetime: 20
  carbon_price: 1.0
timeseries_values:
  load_level: 281527.0239172328
  wind_year: 2019
  solar_year: 2017
  price_year: 2023
  carbon_year: 2023
storage_values:
  CAES:
    cost: 49.0589
    lifetime: 21.5934
    annual_cost: 2.2719395741291324
    efficiency: 0.584835
    discharge_ratio: 0.1
    depth_of_discharge: 0.4
  Li-ion:
    cost: 139.314
    lifetime: 22.1027
    annual_cost: 6.30303085143444
    efficiency: 0.914864
    discharge_ratio: 2
    depth_of_discharge: 0.9
  Pb-acid:
    cost: 109.545
    lifetime: 9.02345
    annual_cost: 12.140035130687265
    efficiency: 0.710427
    discharge_ratio: 5
    depth_of_discharge: 0.5
  VRBF:
    cost: 243.708
    lifetime: 20.2363
    annual_cost: 12.043110647697455
    efficiency: 0.673597
    discharge_ratio: 0.5
    depth_of_discharge: 1.0
