cost_values:
  wind_capex: 5000.0
  wind_opex: 100
  wind_lifetime: 20
  solar_capex: 1000.0
  solar_opex: 10
  solar_lifetime: 20
  carbon_price: 1.0
timeseries_values:
  load_level: 281527.0239172328
  wind_year: 2019
  solar_year: 2017
  price_year: 2023
  carbon_year: 2023
storage_values:
  CAES:
    cost: 47.9807
    lifetime: 21.7638
    annual_cost: 2.204610408108878
    efficiency: 0.596791
    discharge_ratio: 0.1
    depth_of_discharge: 0.4
  Li-ion:
    cost: 147.898
    lifetime: 24.0595
    annual_cost: 6.147176790872628
    efficiency: 0.914517
    discharge_ratio: 2
    depth_of_discharge: 0.9
  Pb-acid:
    cost: 144.428
    lifetime: 8.87807
    annual_cost: 16.267950128800518
    efficiency: 0.699016
    discharge_ratio: 5
    depth_of_discharge: 0.5
  VRBF:
    cost: 194.698
    lifetime: 20.8506
    annual_cost: 9.337764860483631
    efficiency: 0.660357
    discharge_ratio: 0.5
    depth_of_discharge: 1.0
