cost_values:
  wind_capex: 5000.0
  wind_opex: 100
  wind_lifetime: 20
  solar_capex: 1000.0
  solar_opex: 10
  solar_lifetime: 20
  carbon_price: 1.0
timeseries_values:
  load_level: 281527.0239172328
  wind_year: 2019
  solar_year: 2017
  price_year: 2023
  carbon_year: 2023
storage_values:
  CAES:
    cost: 49.8484
    lifetime: 23.1245
    annual_cost: 2.1556530952020583
    efficiency: 0.588808
    discharge_ratio: 0.1
    depth_of_discharge: 0.4
  Li-ion:
    cost: 168.305
    lifetime: 22.2743
    annual_cost: 7.556017473051903
    efficiency: 0.900233
    discharge_ratio: 2
    depth_of_discharge: 0.9
  Pb-acid:
    cost: 129.517
    lifetime: 8.02137
    annual_cost: 16.146493678760613
    efficiency: 0.690874
    discharge_ratio: 5
    depth_of_discharge: 0.5
  VRBF:
    cost: 165.645
    lifetime: 21.6293
    annual_cost: 7.658361574345911
    efficiency: 0.675536
    discharge_ratio: 0.5
    depth_of_discharge: 1.0
