cost_values:
  wind_capex: 5000.0
  wind_opex: 100
  wind_lifetime: 20
  solar_capex: 1000.0
  solar_opex: 10
  solar_lifetime: 20
  carbon_price: 1.0
timeseries_values:
  load_level: 281527.0239172328
  wind_year: 2019
  solar_year: 2017
  price_year: 2023
  carbon_year: 2023
storage_values:
  CAES:
    cost: 49.5362
    lifetime: 22.6983
    annual_cost: 2.1823748915116994
    efficiency: 0.593833
    discharge_ratio: 0.1
    depth_of_discharge: 0.4
  Li-ion:
    cost: 151.157
    lifetime: 22.4908
    annual_cost: 6.7208369644476855
    efficiency: 0.918553
    discharge_ratio: 2
    depth_of_discharge: 0.9
  Pb-acid:
    cost: 136.344
    lifetime: 10.064
    annual_cost: 13.547694753577106
    efficiency: 0.716159
    discharge_ratio: 5
    depth_of_discharge: 0.5
  VRBF:
    cost: 178.003
    lifetime: 19.9191
    annual_cost: 8.9362973226702
    efficiency: 0.681402
    discharge_ratio: 0.5
    depth_of_discharge: 1.0
