cost_values:
  wind_capex: 5000.0
  wind_opex: 100
  wind_lifetime: 20
  solar_capex: 1000.0
  solar_opex: 10
  solar_lifetime: 20
  carbon_price: 1.0
timeseries_values:
  load_level: 281527.0239172328
  wind_year: 2019
  solar_year: 2017
  price_year: 2023
  carbon_year: 2023
storage_values:
  CAES:
    cost: 42.0265
    lifetime: 22.4261
    annual_cost: 1.8739994916637308
    efficiency: 0.602934
    discharge_ratio: 0.1
    depth_of_discharge: 0.4
  Li-ion:
    cost: 125.222
    lifetime: 22.1327
    annual_cost: 5.6577823763029365
    efficiency: 0.93454
    discharge_ratio: 2
    depth_of_discharge: 0.9
  Pb-acid:
    cost: 145.336
    lifetime: 8.55258
    annual_cost: 16.99323478996981
    efficiency: 0.694912
    discharge_ratio: 5
    depth_of_discharge: 0.5
  VRBF:
    cost: 247.301
    lifetime: 20.8491
    annual_cost: 11.861471238566653
    efficiency: 0.6733
    discharge_ratio: 0.5
    depth_of_discharge: 1.0
