cost_values:
  wind_capex: 5000.0
  wind_opex: 100
  wind_lifetime: 20
  solar_capex: 1000.0
  solar_opex: 10
  solar_lifetime: 20
  carbon_price: 1.0
timeseries_values:
  load_level: 281527.0239172328
  wind_year: 2019
  solar_year: 2017
  price_year: 2023
  carbon_year: 2023
storage_values:
  CAES:
    cost: 49.9902
    lifetime: 22.1279
    annual_cost: 2.2591479534885823
    efficiency: 0.589731
    discharge_ratio: 0.1
    depth_of_discharge: 0.4
  Li-ion:
    cost: 149.033
    lifetime: 22.1401
    annual_cost: 6.731360743628077
    efficiency: 0.92118
    discharge_ratio: 2
    depth_of_discharge: 0.9
  Pb-acid:
    cost: 129.569
    lifetime: 8.37112
    annual_cost: 15.478096120949168
    efficiency: 0.713807
    discharge_ratio: 5
    depth_of_discharge: 0.5
  VRBF:
    cost: 233.177
    lifetime: 22.2939
    annual_cost: 10.459228757642224
    efficiency: 0.675057
    discharge_ratio: 0.5
    depth_of_discharge: 1.0
