cost_values:
  wind_capex: 5000.0
  wind_opex: 100
  wind_lifetime: 20
  solar_capex: 1000.0
  solar_opex: 10
  solar_lifetime: 20
  carbon_price: 1.0
timeseries_values:
  load_level: 281527.0239172328
  wind_year: 2019
  solar_year: 2017
  price_year: 2023
  carbon_year: 2023
storage_values:
  CAES:
    cost: 44.2001
    lifetime: 22.1657
    annual_cost: 1.994076433408374
    efficiency: 0.589424
    discharge_ratio: 0.1
    depth_of_discharge: 0.4
  Li-ion:
    cost: 142.658
    lifetime: 21.5313
    annual_cost: 6.625610158234755
    efficiency: 0.906943
    discharge_ratio: 2
    depth_of_discharge: 0.9
  Pb-acid:
    cost: 153.681
    lifetime: 9.42202
    annual_cost: 16.31083355798438
    efficiency: 0.706192
    discharge_ratio: 5
    depth_of_discharge: 0.5
  VRBF:
    cost: 256.497
    lifetime: 22.0958
    annual_cost: 11.608405217281113
    efficiency: 0.676858
    discharge_ratio: 0.5
    depth_of_discharge: 1.0
