cost_values:
  wind_capex: 5000.0
  wind_opex: 100
  wind_lifetime: 20
  solar_capex: 1000.0
  solar_opex: 10
  solar_lifetime: 20
  carbon_price: 1.0
timeseries_values:
  load_level: 281527.0239172328
  wind_year: 2019
  solar_year: 2017
  price_year: 2023
  carbon_year: 2023
storage_values:
  CAES:
    cost: 40.0334
    lifetime: 22.4977
    annual_cost: 1.7794441209545866
    efficiency: 0.593272
    discharge_ratio: 0.1
    depth_of_discharge: 0.4
  Li-ion:
    cost: 154.286
    lifetime: 22.629
    annual_cost: 6.81806531441955
    efficiency: 0.92094
    discharge_ratio: 2
    depth_of_discharge: 0.9
  Pb-acid:
    cost: 153.273
    lifetime: 8.34327
    annual_cost: 18.370854592983324
    efficiency: 0.702079
    discharge_ratio: 5
    depth_of_discharge: 0.5
  VRBF:
    cost: 220.938
    lifetime: 20.2422
    annual_cost: 10.914722708006046
    efficiency: 0.674761
    discharge_ratio: 0.5
    depth_of_discharge: 1.0
