cost_values:
  wind_capex: 5000.0
  wind_opex: 100
  wind_lifetime: 20
  solar_capex: 1000.0
  solar_opex: 10
  solar_lifetime: 20
  carbon_price: 1.0
timeseries_values:
  load_level: 281527.0239172328
  wind_year: 2019
  solar_year: 2017
  price_year: 2023
  carbon_year: 2023
storage_values:
  CAES:
    cost: 43.6743
    lifetime: 22.4673
    annual_cost: 1.94390514213991
    efficiency: 0.607347
    discharge_ratio: 0.1
    depth_of_discharge: 0.4
  Li-ion:
    cost: 133.135
    lifetime: 21.6998
    annual_cost: 6.135310002857169
    efficiency: 0.908954
    discharge_ratio: 2
    depth_of_discharge: 0.9
  Pb-acid:
    cost: 121.372
    lifetime: 10.0071
    annual_cost: 12.128588702021565
    efficiency: 0.697528
    discharge_ratio: 5
    depth_of_discharge: 0.5
  VRBF:
    cost: 208.42
    lifetime: 20.2865
    annual_cost: 10.273827422177309
    efficiency: 0.671
    discharge_ratio: 0.5
    depth_of_discharge: 1.0
