cost_values:
  wind_capex: 5000.0
  wind_opex: 100
  wind_lifetime: 20
  solar_capex: 1000.0
  solar_opex: 10
  solar_lifetime: 20
  carbon_price: 1.0
timeseries_values:
  load_level: 281527.0239172328
  wind_year: 2019
  solar_year: 2017
  price_year: 2023
  carbon_year: 2023
storage_values:
  CAES:
    cost: 43.1324
    lifetime: 23.0966
    annual_cost: 1.8674783301438307
    efficiency: 0.593009
    discharge_ratio: 0.1
    depth_of_discharge: 0.4
  Li-ion:
    cost: 171.657
    lifetime: 21.8319
    annual_cost: 7.862668846962473
    efficiency: 0.912433
    discharge_ratio: 2
    depth_of_discharge: 0.9
  Pb-acid:
    cost: 134.648
    lifetime: 9.54342
    annual_cost: 14.108988182433551
    efficiency: 0.714767
    discharge_ratio: 5
    depth_of_discharge: 0.5
  VRBF:
    cost: 200.107
    lifetime: 19.3934
    annual_cost: 10.318304165334599
    efficiency: 0.683159
    discharge_ratio: 0.5
    depth_of_discharge: 1.0
