cost_values:
  wind_capex: 5000.0
  wind_opex: 100
  wind_lifetime: 20
  solar_capex: 1000.0
  solar_opex: 10
  solar_lifetime: 20
  carbon_price: 1.0
timeseries_values:
  load_level: 281527.0239172328
  wind_year: 2019
  solar_year: 2017
  price_year: 2023
  carbon_year: 2023
storage_values:
  CAES:
    cost: 48.5255
    lifetime: 22.4612
    annual_cost: 2.1604144035047104
    efficiency: 0.594366
    discharge_ratio: 0.1
    depth_of_discharge: 0.4
  Li-ion:
    cost: 139.491
    lifetime: 23.4674
    annual_cost: 5.944032998968782
    efficiency: 0.901478
    discharge_ratio: 2
    depth_of_discharge: 0.9
  Pb-acid:
    cost: 131.104
    lifetime: 9.50376
    annual_cost: 13.79496115221765
    efficiency: 0.704366
    discharge_ratio: 5
    depth_of_discharge: 0.5
  VRBF:
    cost: 219.963
    lifetime: 22.2653
    annual_cost: 9.879184201425536
    efficiency: 0.677976
    discharge_ratio: 0.5
    depth_of_discharge: 1.0
