cost_values:
  wind_capex: 5000.0
  wind_opex: 100
  wind_lifetime: 20
  solar_capex: 1000.0
  solar_opex: 10
  solar_lifetime: 20
  carbon_price: 1.0
timeseries_values:
  load_level: 281527.0239172328
  wind_year: 2019
  solar_year: 2017
  price_year: 2023
  carbon_year: 2023
storage_values:
  CAES:
    cost: 46.1316
    lifetime: 22.3562
    annual_cost: 2.063481271414641
    efficiency: 0.597861
    discharge_ratio: 0.1
    depth_of_discharge: 0.4
  Li-ion:
    cost: 120.193
    lifetime: 22.5629
    annual_cost: 5.327019133178802
    efficiency: 0.9283
    discharge_ratio: 2
    depth_of_discharge: 0.9
  Pb-acid:
    cost: 131.69
    lifetime: 9.02828
    annual_cost: 14.586388547984775
    efficiency: 0.703966
    discharge_ratio: 5
    depth_of_discharge: 0.5
  VRBF:
    cost: 207.768
    lifetime: 21.7733
    annual_cost: 9.54232936670142
    efficiency: 0.688273
    discharge_ratio: 0.5
    depth_of_discharge: 1.0
