cost_values:
  wind_capex: 5000.0
  wind_opex: 100
  wind_lifetime: 20
  solar_capex: 1000.0
  solar_opex: 10
  solar_lifetime: 20
  carbon_price: 1.0
timeseries_values:
  load_level: 281527.0239172328
  wind_year: 2019
  solar_year: 2017
  price_year: 2023
  carbon_year: 2023
storage_values:
  CAES:
    cost: 50.5582
    lifetime: 21.3793
    annual_cost: 2.3648201765258916
    efficiency: 0.605629
    discharge_ratio: 0.1
    depth_of_discharge: 0.4
  Li-ion:
    cost: 140.882
    lifetime: 22.3134
    annual_cost: 6.3137845420240755
    efficiency: 0.90333
    discharge_ratio: 2
    depth_of_discharge: 0.9
  Pb-acid:
    cost: 128.04
    lifetime: 8.61726
    annual_cost: 14.858551326059558
    efficiency: 0.712938
    discharge_ratio: 5
    depth_of_discharge: 0.5
  VRBF:
    cost: 173.587
    lifetime: 21.8134
    annual_cost: 7.957814921103541
    efficiency: 0.661101
    discharge_ratio: 0.5
    depth_of_discharge: 1.0
