cost_values:
  wind_capex: 5000.0
  wind_opex: 100
  wind_lifetime: 20
  solar_capex: 1000.0
  solar_opex: 10
  solar_lifetime: 20
  carbon_price: 1.0
timeseries_values:
  load_level: 281527.0239172328
  wind_year: 2019
  solar_year: 2017
  price_year: 2023
  carbon_year: 2023
storage_values:
  CAES:
    cost: 49.8581
    lifetime: 21.742
    annual_cost: 2.2931699015729925
    efficiency: 0.584562
    discharge_ratio: 0.1
    depth_of_discharge: 0.4
  Li-ion:
    cost: 118.526
    lifetime: 21.0158
    annual_cost: 5.639851920935677
    efficiency: 0.910477
    discharge_ratio: 2
    depth_of_discharge: 0.9
  Pb-acid:
    cost: 133.516
    lifetime: 9.42202
    annual_cost: 14.170634322576262
    efficiency: 0.690123
    discharge_ratio: 5
    depth_of_discharge: 0.5
  VRBF:
    cost: 216.452
    lifetime: 20.4003
    annual_cost: 10.610236123978568
    efficiency: 0.687754
    discharge_ratio: 0.5
    depth_of_discharge: 1.0
