cost_values:
  wind_capex: 5000.0
  wind_opex: 100
  wind_lifetime: 20
  solar_capex: 1000.0
  solar_opex: 10
  solar_lifetime: 20
  carbon_price: 1.0
timeseries_values:
  load_level: 281527.0239172328
  wind_year: 2019
  solar_year: 2017
  price_year: 2023
  carbon_year: 2023
storage_values:
  CAES:
    cost: 51.3754
    lifetime: 21.7442
    annual_cost: 2.3627174142989853
    efficiency: 0.58629
    discharge_ratio: 0.1
    depth_of_discharge: 0.4
  Li-ion:
    cost: 157.359
    lifetime: 22.7414
    annual_cost: 6.91949484200621
    efficiency: 0.917312
    discharge_ratio: 2
    depth_of_discharge: 0.9
  Pb-acid:
    cost: 138.13
    lifetime: 10.5848
    annual_cost: 13.049845060841962
    efficiency: 0.712238
    discharge_ratio: 5
    depth_of_discharge: 0.5
  VRBF:
    cost: 215.499
    lifetime: 21.0161
    annual_cost: 10.25399574611845
    efficiency: 0.670904
    discharge_ratio: 0.5
    depth_of_discharge: 1.0
