cost_values:
  wind_capex: 5000.0
  wind_opex: 100
  wind_lifetime: 20
  solar_capex: 1000.0
  solar_opex: 10
  solar_lifetime: 20
  carbon_price: 1.0
timeseries_values:
  load_level: 281527.0239172328
  wind_year: 2019
  solar_year: 2017
  price_year: 2023
  carbon_year: 2023
storage_values:
  CAES:
    cost: 43.3723
    lifetime: 23.5087
    annual_cost: 1.8449467643893538
    efficiency: 0.595295
    discharge_ratio: 0.1
    depth_of_discharge: 0.4
  Li-ion:
    cost: 150.234
    lifetime: 23.0888
    annual_cost: 6.50679117147708
    efficiency: 0.90884
    discharge_ratio: 2
    depth_of_discharge: 0.9
  Pb-acid:
    cost: 148.178
    lifetime: 11.3824
    annual_cost: 13.018168400337363
    efficiency: 0.697107
    discharge_ratio: 5
    depth_of_discharge: 0.5
  VRBF:
    cost: 203.344
    lifetime: 21.319
    annual_cost: 9.538158450208734
    efficiency: 0.662173
    discharge_ratio: 0.5
    depth_of_discharge: 1.0
