cost_values:
  wind_capex: 5000.0
  wind_opex: 100
  wind_lifetime: 20
  solar_capex: 1000.0
  solar_opex: 10
  solar_lifetime: 20
  carbon_price: 1.0
timeseries_values:
  load_level: 281527.0239172328
  wind_year: 2019
  solar_year: 2017
  price_year: 2023
  carbon_year: 2023
storage_values:
  CAES:
    cost: 46.1042
    lifetime: 23.1223
    annual_cost: 1.9939279396945806
    efficiency: 0.594199
    discharge_ratio: 0.1
    depth_of_discharge: 0.4
  Li-ion:
    cost: 144.576
    lifetime: 22.0271
    annual_cost: 6.563551261854715
    efficiency: 0.90869
    discharge_ratio: 2
    depth_of_discharge: 0.9
  Pb-acid:
    cost: 145.169
    lifetime: 8.88403
    annual_cost: 16.340444595527032
    efficiency: 0.706313
    discharge_ratio: 5
    depth_of_discharge: 0.5
  VRBF:
    cost: 213.899
    lifetime: 21.2675
    annual_cost: 10.057552603738099
    efficiency: 0.667004
    discharge_ratio: 0.5
    depth_of_discharge: 1.0
