cost_values:
  wind_capex: 5000.0
  wind_opex: 100
  wind_lifetime: 20
  solar_capex: 1000.0
  solar_opex: 10
  solar_lifetime: 20
  carbon_price: 1.0
timeseries_values:
  load_level: 281527.0239172328
  wind_year: 2019
  solar_year: 2017
  price_year: 2023
  carbon_year: 2023
storage_values:
  CAES:
    cost: 43.5252
    lifetime: 22.8574
    annual_cost: 1.904206077681626
    efficiency: 0.593581
    discharge_ratio: 0.1
    depth_of_discharge: 0.4
  Li-ion:
    cost: 136.353
    lifetime: 20.5516
    annual_cost: 6.634665914089414
    efficiency: 0.914255
    discharge_ratio: 2
    depth_of_discharge: 0.9
  Pb-acid:
    cost: 117.332
    lifetime: 9.13874
    annual_cost: 12.838969048249538
    efficiency: 0.701963
    discharge_ratio: 5
    depth_of_discharge: 0.5
  VRBF:
    cost: 195.857
    lifetime: 19.9039
    annual_cost: 9.840131833459774
    efficiency: 0.688922
    discharge_ratio: 0.5
    depth_of_discharge: 1.0
