cost_values:
  wind_capex: 5000.0
  wind_opex: 100
  wind_lifetime: 20
  solar_capex: 1000.0
  solar_opex: 10
  solar_lifetime: 20
  carbon_price: 1.0
timeseries_values:
  load_level: 281527.0239172328
  wind_year: 2019
  solar_year: 2017
  price_year: 2023
  carbon_year: 2023
storage_values:
  CAES:
    cost: 44.7854
    lifetime: 22.4953
    annual_cost: 1.990878094535303
    efficiency: 0.593227
    discharge_ratio: 0.1
    depth_of_discharge: 0.4
  Li-ion:
    cost: 146.21
    lifetime: 22.6751
    annual_cost: 6.448042125503306
    efficiency: 0.90292
    discharge_ratio: 2
    depth_of_discharge: 0.9
  Pb-acid:
    cost: 141.828
    lifetime: 8.91507
    annual_cost: 15.90879263987832
    efficiency: 0.701421
    discharge_ratio: 5
    depth_of_discharge: 0.5
  VRBF:
    cost: 198.109
    lifetime: 18.3139
    annual_cost: 10.817411911171297
    efficiency: 0.682032
    discharge_ratio: 0.5
    depth_of_discharge: 1.0
