cost_values:
  wind_capex: 5000.0
  wind_opex: 100
  wind_lifetime: 20
  solar_capex: 1000.0
  solar_opex: 10
  solar_lifetime: 20
  carbon_price: 1.0
timeseries_values:
  load_level: 281527.0239172328
  wind_year: 2019
  solar_year: 2017
  price_year: 2023
  carbon_year: 2023
storage_values:
  CAES:
    cost: 49.3353
    lifetime: 22.0227
    annual_cost: 2.2402021550491082
    efficiency: 0.595986
    discharge_ratio: 0.1
    depth_of_discharge: 0.4
  Li-ion:
    cost: 140.323
    lifetime: 21.7003
    annual_cost: 6.466408298502786
    efficiency: 0.901666
    discharge_ratio: 2
    depth_of_discharge: 0.9
  Pb-acid:
    cost: 134.348
    lifetime: 9.8667
    annual_cost: 13.616305350319765
    efficiency: 0.712487
    discharge_ratio: 5
    depth_of_discharge: 0.5
  VRBF:
    cost: 221.08
    lifetime: 20.7965
    annual_cost: 10.6306349626139
    efficiency: 0.65788
    discharge_ratio: 0.5
    depth_of_discharge: 1.0
