cost_values:
  wind_capex: 5000.0
  wind_opex: 100
  wind_lifetime: 20
  solar_capex: 1000.0
  solar_opex: 10
  solar_lifetime: 20
  carbon_price: 1.0
timeseries_values:
  load_level: 281527.0239172328
  wind_year: 2019
  solar_year: 2017
  price_year: 2023
  carbon_year: 2023
storage_values:
  CAES:
    cost: 46.3365
    lifetime: 21.9815
    annual_cost: 2.1079771626140165
    efficiency: 0.594894
    discharge_ratio: 0.1
    depth_of_discharge: 0.4
  Li-ion:
    cost: 151.203
    lifetime: 22.6072
    annual_cost: 6.688267454616229
    efficiency: 0.9041
    discharge_ratio: 2
    depth_of_discharge: 0.9
  Pb-acid:
    cost: 132.974
    lifetime: 9.84866
    annual_cost: 13.501735261446733
    efficiency: 0.697899
    discharge_ratio: 5
    depth_of_discharge: 0.5
  VRBF:
    cost: 202.556
    lifetime: 19.3083
    annual_cost: 10.490618024372939
    efficiency: 0.666518
    discharge_ratio: 0.5
    depth_of_discharge: 1.0
