cost_values:
  wind_capex: 5000.0
  wind_opex: 100
  wind_lifetime: 20
  solar_capex: 1000.0
  solar_opex: 10
  solar_lifetime: 20
  carbon_price: 1.0
timeseries_values:
  load_level: 281527.0239172328
  wind_year: 2019
  solar_year: 2017
  price_year: 2023
  carbon_year: 2023
storage_values:
  CAES:
    cost: 46.3131
    lifetime: 22.0156
    annual_cost: 2.103649230545613
    efficiency: 0.587679
    discharge_ratio: 0.1
    depth_of_discharge: 0.4
  Li-ion:
    cost: 139.012
    lifetime: 21.4429
    annual_cost: 6.482891773034431
    efficiency: 0.907831
    discharge_ratio: 2
    depth_of_discharge: 0.9
  Pb-acid:
    cost: 138.958
    lifetime: 10.0511
    annual_cost: 13.825153465789814
    efficiency: 0.714252
    discharge_ratio: 5
    depth_of_discharge: 0.5
  VRBF:
    cost: 211.385
    lifetime: 20.1661
    annual_cost: 10.482195367473135
    efficiency: 0.66774
    discharge_ratio: 0.5
    depth_of_discharge: 1.0
