cost_values:
  wind_capex: 5000.0
  wind_opex: 100
  wind_lifetime: 20
  solar_capex: 1000.0
  solar_opex: 10
  solar_lifetime: 20
  carbon_price: 1.0
timeseries_values:
  load_level: 281527.0239172328
  wind_year: 2019
  solar_year: 2017
  price_year: 2023
  carbon_year: 2023
storage_values:
  CAES:
    cost: 43.75
    lifetime: 22.3727
    annual_cost: 1.955508275711023
    efficiency: 0.589929
    discharge_ratio: 0.1
    depth_of_discharge: 0.4
  Li-ion:
    cost: 138.468
    lifetime: 20.2675
    annual_cost: 6.83202170963365
    efficiency: 0.927507
    discharge_ratio: 2
    depth_of_discharge: 0.9
  Pb-acid:
    cost: 159.101
    lifetime: 7.54772
    annual_cost: 21.079345815690036
    efficiency: 0.700468
    discharge_ratio: 5
    depth_of_discharge: 0.5
  VRBF:
    cost: 215.957
    lifetime: 22.2115
    annual_cost: 9.722756229880916
    efficiency: 0.695053
    discharge_ratio: 0.5
    depth_of_discharge: 1.0
