cost_values:
  wind_capex: 5000.0
  wind_opex: 100
  wind_lifetime: 20
  solar_capex: 1000.0
  solar_opex: 10
  solar_lifetime: 20
  carbon_price: 1.0
timeseries_values:
  load_level: 281527.0239172328
  wind_year: 2019
  solar_year: 2017
  price_year: 2023
  carbon_year: 2023
storage_values:
  CAES:
    cost: 48.4663
    lifetime: 22.4848
    annual_cost: 2.155513947199886
    efficiency: 0.59019
    discharge_ratio: 0.1
    depth_of_discharge: 0.4
  Li-ion:
    cost: 142.997
    lifetime: 21.2158
    annual_cost: 6.740118213784067
    efficiency: 0.903767
    discharge_ratio: 2
    depth_of_discharge: 0.9
  Pb-acid:
    cost: 145.956
    lifetime: 10.8953
    annual_cost: 13.396235073839177
    efficiency: 0.701998
    discharge_ratio: 5
    depth_of_discharge: 0.5
  VRBF:
    cost: 208.011
    lifetime: 19.458
    annual_cost: 10.690255935861856
    efficiency: 0.674946
    discharge_ratio: 0.5
    depth_of_discharge: 1.0
