cost_values:
  wind_capex: 5000.0
  wind_opex: 100
  wind_lifetime: 20
  solar_capex: 1000.0
  solar_opex: 10
  solar_lifetime: 20
  carbon_price: 1.0
timeseries_values:
  load_level: 281527.0239172328
  wind_year: 2019
  solar_year: 2017
  price_year: 2023
  carbon_year: 2023
storage_values:
  CAES:
    cost: 43.1352
    lifetime: 22.1872
    annual_cost: 1.944147977212086
    efficiency: 0.602639
    discharge_ratio: 0.1
    depth_of_discharge: 0.4
  Li-ion:
    cost: 154.033
    lifetime: 20.0653
    annual_cost: 7.676585946883424
    efficiency: 0.907942
    discharge_ratio: 2
    depth_of_discharge: 0.9
  Pb-acid:
    cost: 143.819
    lifetime: 7.90946
    annual_cost: 18.183162946648693
    efficiency: 0.721744
    discharge_ratio: 5
    depth_of_discharge: 0.5
  VRBF:
    cost: 190.175
    lifetime: 19.5891
    annual_cost: 9.708205073229502
    efficiency: 0.688632
    discharge_ratio: 0.5
    depth_of_discharge: 1.0
