cost_values:
  wind_capex: 5000.0
  wind_opex: 100
  wind_lifetime: 20
  solar_capex: 1000.0
  solar_opex: 10
  solar_lifetime: 20
  carbon_price: 1.0
timeseries_values:
  load_level: 276037.46676088165
  wind_year: 2017
  solar_year: 2011
  price_year: 2023
  carbon_year: 2023
storage_values:
  CAES:
    cost: 46.1581
    lifetime: 24.9686
    annual_cost: 1.8486458992494572
    efficiency: 0.559865
    discharge_ratio: 0.1
    depth_of_discharge: 0.4
  Li-ion:
    cost: 163.778
    lifetime: 16.1957
    annual_cost: 10.112437251863149
    efficiency: 0.979857
    discharge_ratio: 2
    depth_of_discharge: 0.9
  Pb-acid:
    cost: 180.103
    lifetime: 10.2384
    annual_cost: 17.59093217690264
    efficiency: 0.689578
    discharge_ratio: 5
    depth_of_discharge: 0.5
  VRBF:
    cost: 323.223
    lifetime: 14.7437
    annual_cost: 21.92278736002496
    efficiency: 0.719197
    discharge_ratio: 0.5
    depth_of_discharge: 1.0
