cost_values:
  wind_capex: 5000.0
  wind_opex: 100
  wind_lifetime: 20
  solar_capex: 1000.0
  solar_opex: 10
  solar_lifetime: 20
  carbon_price: 1.0
timeseries_values:
  load_level: 276037.46676088165
  wind_year: 2017
  solar_year: 2011
  price_year: 2023
  carbon_year: 2023
storage_values:
  CAES:
    cost: 41.1248
    lifetime: 24.643
    annual_cost: 1.6688227894331047
    efficiency: 0.564552
    discharge_ratio: 0.1
    depth_of_discharge: 0.4
  Li-ion:
    cost: 168.626
    lifetime: 18.041
    annual_cost: 9.346821129649133
    efficiency: 0.968548
    discharge_ratio: 2
    depth_of_discharge: 0.9
  Pb-acid:
    cost: 179.559
    lifetime: 7.9141
    annual_cost: 22.688492690261683
    efficiency: 0.690563
    discharge_ratio: 5
    depth_of_discharge: 0.5
  VRBF:
    cost: 303.661
    lifetime: 16.8009
    annual_cost: 18.074091268920117
    efficiency: 0.722036
    discharge_ratio: 0.5
    depth_of_discharge: 1.0
