cost_values:
  wind_capex: 5000.0
  wind_opex: 100
  wind_lifetime: 20
  solar_capex: 1000.0
  solar_opex: 10
  solar_lifetime: 20
  carbon_price: 1.0
timeseries_values:
  load_level: 276037.46676088165
  wind_year: 2017
  solar_year: 2011
  price_year: 2023
  carbon_year: 2023
storage_values:
  CAES:
    cost: 44.8939
    lifetime: 24.489
    annual_cost: 1.8332271632161379
    efficiency: 0.560617
    discharge_ratio: 0.1
    depth_of_discharge: 0.4
  Li-ion:
    cost: 145.491
    lifetime: 16.6509
    annual_cost: 8.737725888690703
    efficiency: 0.984482
    discharge_ratio: 2
    depth_of_discharge: 0.9
  Pb-acid:
    cost: 166.93
    lifetime: 8.8876
    annual_cost: 18.782348440523876
    efficiency: 0.721917
    discharge_ratio: 5
    depth_of_discharge: 0.5
  VRBF:
    cost: 357.441
    lifetime: 14.7885
    annual_cost: 24.1701998174257
    efficiency: 0.720575
    discharge_ratio: 0.5
    depth_of_discharge: 1.0
