cost_values:
  wind_capex: 5000.0
  wind_opex: 100
  wind_lifetime: 20
  solar_capex: 1000.0
  solar_opex: 10
  solar_lifetime: 20
  carbon_price: 1.0
timeseries_values:
  load_level: 276037.46676088165
  wind_year: 2017
  solar_year: 2011
  price_year: 2023
  carbon_year: 2023
storage_values:
  CAES:
    cost: 46.0666
    lifetime: 24.1096
    annual_cost: 1.9107160633108804
    efficiency: 0.559454
    discharge_ratio: 0.1
    depth_of_discharge: 0.4
  Li-ion:
    cost: 150.142
    lifetime: 16.8554
    annual_cost: 8.907649773959681
    efficiency: 0.968061
    discharge_ratio: 2
    depth_of_discharge: 0.9
  Pb-acid:
    cost: 174.799
    lifetime: 9.81269
    annual_cost: 17.813565902927742
    efficiency: 0.706155
    discharge_ratio: 5
    depth_of_discharge: 0.5
  VRBF:
    cost: 300.127
    lifetime: 15.5492
    annual_cost: 19.301764721014585
    efficiency: 0.710351
    discharge_ratio: 0.5
    depth_of_discharge: 1.0
