cost_values:
  wind_capex: 5000.0
  wind_opex: 100
  wind_lifetime: 20
  solar_capex: 1000.0
  solar_opex: 10
  solar_lifetime: 20
  carbon_price: 1.0
timeseries_values:
  load_level: 276037.46676088165
  wind_year: 2017
  solar_year: 2011
  price_year: 2023
  carbon_year: 2023
storage_values:
  CAES:
    cost: 46.2361
    lifetime: 24.0344
    annual_cost: 1.9237467962586958
    efficiency: 0.562486
    discharge_ratio: 0.1
    depth_of_discharge: 0.4
  Li-ion:
    cost: 142.104
    lifetime: 17.6216
    annual_cost: 8.064193943796251
    efficiency: 0.963188
    discharge_ratio: 2
    depth_of_discharge: 0.9
  Pb-acid:
    cost: 180.535
    lifetime: 10.7447
    annual_cost: 16.8022373821512
    efficiency: 0.688725
    discharge_ratio: 5
    depth_of_discharge: 0.5
  VRBF:
    cost: 337.885
    lifetime: 15.7265
    annual_cost: 21.48507296601278
    efficiency: 0.72748
    discharge_ratio: 0.5
    depth_of_discharge: 1.0
