cost_values:
  wind_capex: 5000.0
  wind_opex: 100
  wind_lifetime: 20
  solar_capex: 1000.0
  solar_opex: 10
  solar_lifetime: 20
  carbon_price: 1.0
timeseries_values:
  load_level: 276037.46676088165
  wind_year: 2017
  solar_year: 2011
  price_year: 2023
  carbon_year: 2023
storage_values:
  CAES:
    cost: 43.98
    lifetime: 24.3954
    annual_cost: 1.8027988883150101
    efficiency: 0.56228
    discharge_ratio: 0.1
    depth_of_discharge: 0.4
  Li-ion:
    cost: 157.431
    lifetime: 16.4273
    annual_cost: 9.583498201165135
    efficiency: 0.988928
    discharge_ratio: 2
    depth_of_discharge: 0.9
  Pb-acid:
    cost: 165.638
    lifetime: 7.22937
    annual_cost: 22.91181665898965
    efficiency: 0.707164
    discharge_ratio: 5
    depth_of_discharge: 0.5
  VRBF:
    cost: 357.815
    lifetime: 14.8656
    annual_cost: 24.070000538155202
    efficiency: 0.72728
    discharge_ratio: 0.5
    depth_of_discharge: 1.0
