cost_values:
  wind_capex: 5000.0
  wind_opex: 100
  wind_lifetime: 20
  solar_capex: 1000.0
  solar_opex: 10
  solar_lifetime: 20
  carbon_price: 1.0
timeseries_values:
  load_level: 276037.46676088165
  wind_year: 2017
  solar_year: 2011
  price_year: 2023
  carbon_year: 2023
storage_values:
  CAES:
    cost: 41.7946
    lifetime: 23.3736
    annual_cost: 1.7881113735154193
    efficiency: 0.565076
    discharge_ratio: 0.1
    depth_of_discharge: 0.4
  Li-ion:
    cost: 157.289
    lifetime: 16.0355
    annual_cost: 9.808799226715724
    efficiency: 0.963658
    discharge_ratio: 2
    depth_of_discharge: 0.9
  Pb-acid:
    cost: 189.77
    lifetime: 8.21901
    annual_cost: 23.08915550656344
    efficiency: 0.706565
    discharge_ratio: 5
    depth_of_discharge: 0.5
  VRBF:
    cost: 316.184
    lifetime: 13.4638
    annual_cost: 23.484008972206954
    efficiency: 0.716993
    discharge_ratio: 0.5
    depth_of_discharge: 1.0
