cost_values:
  wind_capex: 5000.0
  wind_opex: 100
  wind_lifetime: 20
  solar_capex: 1000.0
  solar_opex: 10
  solar_lifetime: 20
  carbon_price: 1.0
timeseries_values:
  load_level: 276037.46676088165
  wind_year: 2017
  solar_year: 2011
  price_year: 2023
  carbon_year: 2023
storage_values:
  CAES:
    cost: 44.3544
    lifetime: 23.5304
    annual_cost: 1.8849828307211096
    efficiency: 0.565446
    discharge_ratio: 0.1
    depth_of_discharge: 0.4
  Li-ion:
    cost: 133.905
    lifetime: 14.6246
    annual_cost: 9.156147860454304
    efficiency: 0.96777
    discharge_ratio: 2
    depth_of_discharge: 0.9
  Pb-acid:
    cost: 202.165
    lifetime: 9.41889
    annual_cost: 21.463781825671603
    efficiency: 0.703052
    discharge_ratio: 5
    depth_of_discharge: 0.5
  VRBF:
    cost: 311.014
    lifetime: 16.6294
    annual_cost: 18.70265914585012
    efficiency: 0.737683
    discharge_ratio: 0.5
    depth_of_discharge: 1.0
