cost_values:
  wind_capex: 5000.0
  wind_opex: 100
  wind_lifetime: 20
  solar_capex: 1000.0
  solar_opex: 10
  solar_lifetime: 20
  carbon_price: 1.0
timeseries_values:
  load_level: 276037.46676088165
  wind_year: 2017
  solar_year: 2011
  price_year: 2023
  carbon_year: 2023
storage_values:
  CAES:
    cost: 41.8596
    lifetime: 24.1985
    annual_cost: 1.729842758848689
    efficiency: 0.558095
    discharge_ratio: 0.1
    depth_of_discharge: 0.4
  Li-ion:
    cost: 147.708
    lifetime: 14.7675
    annual_cost: 10.002234636871508
    efficiency: 0.977109
    discharge_ratio: 2
    depth_of_discharge: 0.9
  Pb-acid:
    cost: 168.255
    lifetime: 10.7354
    annual_cost: 15.672913910986082
    efficiency: 0.718882
    discharge_ratio: 5
    depth_of_discharge: 0.5
  VRBF:
    cost: 281.064
    lifetime: 15.9694
    annual_cost: 17.600160306586346
    efficiency: 0.711592
    discharge_ratio: 0.5
    depth_of_discharge: 1.0
