cost_values:
  wind_capex: 5000.0
  wind_opex: 100
  wind_lifetime: 20
  solar_capex: 1000.0
  solar_opex: 10
  solar_lifetime: 20
  carbon_price: 1.0
timeseries_values:
  load_level: 276037.46676088165
  wind_year: 2017
  solar_year: 2011
  price_year: 2023
  carbon_year: 2023
storage_values:
  CAES:
    cost: 52.1659
    lifetime: 24.1066
    annual_cost: 2.1639675441580315
    efficiency: 0.571949
    discharge_ratio: 0.1
    depth_of_discharge: 0.4
  Li-ion:
    cost: 127.186
    lifetime: 14.9794
    annual_cost: 8.490727265444544
    efficiency: 0.981582
    discharge_ratio: 2
    depth_of_discharge: 0.9
  Pb-acid:
    cost: 187.362
    lifetime: 9.48911
    annual_cost: 19.744949737119708
    efficiency: 0.712255
    discharge_ratio: 5
    depth_of_discharge: 0.5
  VRBF:
    cost: 279.034
    lifetime: 14.1407
    annual_cost: 19.732686500668283
    efficiency: 0.730286
    discharge_ratio: 0.5
    depth_of_discharge: 1.0
