cost_values:
  wind_capex: 5000.0
  wind_opex: 100
  wind_lifetime: 20
  solar_capex: 1000.0
  solar_opex: 10
  solar_lifetime: 20
  carbon_price: 1.0
timeseries_values:
  load_level: 276037.46676088165
  wind_year: 2017
  solar_year: 2011
  price_year: 2023
  carbon_year: 2023
storage_values:
  CAES:
    cost: 49.7489
    lifetime: 24.0056
    annual_cost: 2.072387276302196
    efficiency: 0.568505
    discharge_ratio: 0.1
    depth_of_discharge: 0.4
  Li-ion:
    cost: 148.12
    lifetime: 14.2334
    annual_cost: 10.406508634619978
    efficiency: 0.974592
    discharge_ratio: 2
    depth_of_discharge: 0.9
  Pb-acid:
    cost: 167.761
    lifetime: 8.74348
    annual_cost: 19.18698275743754
    efficiency: 0.706775
    discharge_ratio: 5
    depth_of_discharge: 0.5
  VRBF:
    cost: 287.149
    lifetime: 15.7782
    annual_cost: 18.19909748894044
    efficiency: 0.72565
    discharge_ratio: 0.5
    depth_of_discharge: 1.0
