cost_values:
  wind_capex: 5000.0
  wind_opex: 100
  wind_lifetime: 20
  solar_capex: 1000.0
  solar_opex: 10
  solar_lifetime: 20
  carbon_price: 1.0
timeseries_values:
  load_level: 276037.46676088165
  wind_year: 2017
  solar_year: 2011
  price_year: 2023
  carbon_year: 2023
storage_values:
  CAES:
    cost: 39.4593
    lifetime: 25.0197
    annual_cost: 1.5771292221729276
    efficiency: 0.561862
    discharge_ratio: 0.1
    depth_of_discharge: 0.4
  Li-ion:
    cost: 159.252
    lifetime: 17.7172
    annual_cost: 8.988553496037751
    efficiency: 0.979936
    discharge_ratio: 2
    depth_of_discharge: 0.9
  Pb-acid:
    cost: 160.623
    lifetime: 8.37381
    annual_cost: 19.181591175343122
    efficiency: 0.701089
    discharge_ratio: 5
    depth_of_discharge: 0.5
  VRBF:
    cost: 270.701
    lifetime: 14.5847
    annual_cost: 18.560614890947363
    efficiency: 0.712156
    discharge_ratio: 0.5
    depth_of_discharge: 1.0
