cost_values:
  wind_capex: 5000.0
  wind_opex: 100
  wind_lifetime: 20
  solar_capex: 1000.0
  solar_opex: 10
  solar_lifetime: 20
  carbon_price: 1.0
timeseries_values:
  load_level: 276037.46676088165
  wind_year: 2017
  solar_year: 2011
  price_year: 2023
  carbon_year: 2023
storage_values:
  CAES:
    cost: 41.8263
    lifetime: 25.092
    annual_cost: 1.6669177427068391
    efficiency: 0.56765
    discharge_ratio: 0.1
    depth_of_discharge: 0.4
  Li-ion:
    cost: 136.232
    lifetime: 18.0141
    annual_cost: 7.562520470076218
    efficiency: 0.972162
    discharge_ratio: 2
    depth_of_discharge: 0.9
  Pb-acid:
    cost: 161.334
    lifetime: 8.66183
    annual_cost: 18.625856198978738
    efficiency: 0.701352
    discharge_ratio: 5
    depth_of_discharge: 0.5
  VRBF:
    cost: 284.787
    lifetime: 14.413
    annual_cost: 19.75903698050371
    efficiency: 0.722668
    discharge_ratio: 0.5
    depth_of_discharge: 1.0
