cost_values:
  wind_capex: 5000.0
  wind_opex: 100
  wind_lifetime: 20
  solar_capex: 1000.0
  solar_opex: 10
  solar_lifetime: 20
  carbon_price: 1.0
timeseries_values:
  load_level: 276037.46676088165
  wind_year: 2017
  solar_year: 2011
  price_year: 2023
  carbon_year: 2023
storage_values:
  CAES:
    cost: 43.8049
    lifetime: 23.1953
    annual_cost: 1.8885248304613436
    efficiency: 0.553554
    discharge_ratio: 0.1
    depth_of_discharge: 0.4
  Li-ion:
    cost: 169.484
    lifetime: 17.2851
    annual_cost: 9.805207953671081
    efficiency: 0.970804
    discharge_ratio: 2
    depth_of_discharge: 0.9
  Pb-acid:
    cost: 199.4
    lifetime: 10.0655
    annual_cost: 19.810242908946403
    efficiency: 0.710353
    discharge_ratio: 5
    depth_of_discharge: 0.5
  VRBF:
    cost: 318.413
    lifetime: 15.2895
    annual_cost: 20.82559926747114
    efficiency: 0.730035
    discharge_ratio: 0.5
    depth_of_discharge: 1.0
