cost_values:
  wind_capex: 5000.0
  wind_opex: 100
  wind_lifetime: 20
  solar_capex: 1000.0
  solar_opex: 10
  solar_lifetime: 20
  carbon_price: 1.0
timeseries_values:
  load_level: 276037.46676088165
  wind_year: 2017
  solar_year: 2011
  price_year: 2023
  carbon_year: 2023
storage_values:
  CAES:
    cost: 43.884
    lifetime: 25.2476
    annual_cost: 1.738145407880353
    efficiency: 0.563936
    discharge_ratio: 0.1
    depth_of_discharge: 0.4
  Li-ion:
    cost: 149.609
    lifetime: 17.8085
    annual_cost: 8.400988292107703
    efficiency: 0.977211
    discharge_ratio: 2
    depth_of_discharge: 0.9
  Pb-acid:
    cost: 172.288
    lifetime: 10.5505
    annual_cost: 16.32984218757405
    efficiency: 0.710795
    discharge_ratio: 5
    depth_of_discharge: 0.5
  VRBF:
    cost: 279.559
    lifetime: 15.7058
    annual_cost: 17.799730036037644
    efficiency: 0.742348
    discharge_ratio: 0.5
    depth_of_discharge: 1.0
