cost_values:
  wind_capex: 5000.0
  wind_opex: 100
  wind_lifetime: 20
  solar_capex: 1000.0
  solar_opex: 10
  solar_lifetime: 20
  carbon_price: 1.0
timeseries_values:
  load_level: 276037.46676088165
  wind_year: 2017
  solar_year: 2011
  price_year: 2023
  carbon_year: 2023
storage_values:
  CAES:
    cost: 46.5051
    lifetime: 24.6577
    annual_cost: 1.8860274883707726
    efficiency: 0.556235
    discharge_ratio: 0.1
    depth_of_discharge: 0.4
  Li-ion:
    cost: 166.19
    lifetime: 18.0215
    annual_cost: 9.221762894320673
    efficiency: 0.9777
    discharge_ratio: 2
    depth_of_discharge: 0.9
  Pb-acid:
    cost: 177.997
    lifetime: 10.7032
    annual_cost: 16.630260109126244
    efficiency: 0.70203
    discharge_ratio: 5
    depth_of_discharge: 0.5
  VRBF:
    cost: 340.481
    lifetime: 13.8402
    annual_cost: 24.60087281975694
    efficiency: 0.720573
    discharge_ratio: 0.5
    depth_of_discharge: 1.0
