cost_values:
  wind_capex: 5000.0
  wind_opex: 100
  wind_lifetime: 20
  solar_capex: 1000.0
  solar_opex: 10
  solar_lifetime: 20
  carbon_price: 1.0
timeseries_values:
  load_level: 276037.46676088165
  wind_year: 2017
  solar_year: 2011
  price_year: 2023
  carbon_year: 2023
storage_values:
  CAES:
    cost: 41.4548
    lifetime: 24.4906
    annual_cost: 1.6926820902713693
    efficiency: 0.55359
    discharge_ratio: 0.1
    depth_of_discharge: 0.4
  Li-ion:
    cost: 147.629
    lifetime: 17.1507
    annual_cost: 8.607753619385797
    efficiency: 0.977336
    discharge_ratio: 2
    depth_of_discharge: 0.9
  Pb-acid:
    cost: 200.755
    lifetime: 10.7633
    annual_cost: 18.65180753114751
    efficiency: 0.717652
    discharge_ratio: 5
    depth_of_discharge: 0.5
  VRBF:
    cost: 291.996
    lifetime: 14.2304
    annual_cost: 20.519170227119407
    efficiency: 0.735958
    discharge_ratio: 0.5
    depth_of_discharge: 1.0
