cost_values:
  wind_capex: 5000.0
  wind_opex: 100
  wind_lifetime: 20
  solar_capex: 1000.0
  solar_opex: 10
  solar_lifetime: 20
  carbon_price: 1.0
timeseries_values:
  load_level: 276037.46676088165
  wind_year: 2017
  solar_year: 2011
  price_year: 2023
  carbon_year: 2023
storage_values:
  CAES:
    cost: 43.5477
    lifetime: 24.6742
    annual_cost: 1.7649082847670847
    efficiency: 0.557869
    discharge_ratio: 0.1
    depth_of_discharge: 0.4
  Li-ion:
    cost: 168.71
    lifetime: 18.0824
    annual_cost: 9.330066805291333
    efficiency: 0.970122
    discharge_ratio: 2
    depth_of_discharge: 0.9
  Pb-acid:
    cost: 172.688
    lifetime: 8.47071
    annual_cost: 20.386484722059897
    efficiency: 0.702854
    discharge_ratio: 5
    depth_of_discharge: 0.5
  VRBF:
    cost: 305.135
    lifetime: 13.5522
    annual_cost: 22.5155325334632
    efficiency: 0.733677
    discharge_ratio: 0.5
    depth_of_discharge: 1.0
