cost_values:
  wind_capex: 5000.0
  wind_opex: 100
  wind_lifetime: 20
  solar_capex: 1000.0
  solar_opex: 10
  solar_lifetime: 20
  carbon_price: 1.0
timeseries_values:
  load_level: 276037.46676088165
  wind_year: 2017
  solar_year: 2011
  price_year: 2023
  carbon_year: 2023
storage_values:
  CAES:
    cost: 46.891
    lifetime: 25.1253
    annual_cost: 1.8662861736974286
    efficiency: 0.553602
    discharge_ratio: 0.1
    depth_of_discharge: 0.4
  Li-ion:
    cost: 155.807
    lifetime: 17.2176
    annual_cost: 9.049286776321901
    efficiency: 0.98933
    discharge_ratio: 2
    depth_of_discharge: 0.9
  Pb-acid:
    cost: 191.107
    lifetime: 8.90693
    annual_cost: 21.45598988652656
    efficiency: 0.697206
    discharge_ratio: 5
    depth_of_discharge: 0.5
  VRBF:
    cost: 323.387
    lifetime: 14.4014
    annual_cost: 22.455247406502146
    efficiency: 0.731251
    discharge_ratio: 0.5
    depth_of_discharge: 1.0
