cost_values:
  wind_capex: 5000.0
  wind_opex: 100
  wind_lifetime: 20
  solar_capex: 1000.0
  solar_opex: 10
  solar_lifetime: 20
  carbon_price: 1.0
timeseries_values:
  load_level: 276037.46676088165
  wind_year: 2017
  solar_year: 2011
  price_year: 2023
  carbon_year: 2023
storage_values:
  CAES:
    cost: 44.3917
    lifetime: 25.3121
    annual_cost: 1.7537738867972235
    efficiency: 0.557509
    discharge_ratio: 0.1
    depth_of_discharge: 0.4
  Li-ion:
    cost: 155.982
    lifetime: 14.2835
    annual_cost: 10.920432667063395
    efficiency: 0.984628
    discharge_ratio: 2
    depth_of_discharge: 0.9
  Pb-acid:
    cost: 188.399
    lifetime: 9.68853
    annual_cost: 19.44557120636464
    efficiency: 0.704574
    discharge_ratio: 5
    depth_of_discharge: 0.5
  VRBF:
    cost: 302.707
    lifetime: 15.1238
    annual_cost: 20.015273939089383
    efficiency: 0.712493
    discharge_ratio: 0.5
    depth_of_discharge: 1.0
