cost_values:
  wind_capex: 5000.0
  wind_opex: 100
  wind_lifetime: 20
  solar_capex: 1000.0
  solar_opex: 10
  solar_lifetime: 20
  carbon_price: 1.0
timeseries_values:
  load_level: 276037.46676088165
  wind_year: 2017
  solar_year: 2011
  price_year: 2023
  carbon_year: 2023
storage_values:
  CAES:
    cost: 47.0725
    lifetime: 24.409
    annual_cost: 1.9284894915809743
    efficiency: 0.567321
    discharge_ratio: 0.1
    depth_of_discharge: 0.4
  Li-ion:
    cost: 156.709
    lifetime: 18.1645
    annual_cost: 8.627212419829888
    efficiency: 0.981106
    discharge_ratio: 2
    depth_of_discharge: 0.9
  Pb-acid:
    cost: 192.966
    lifetime: 9.9905
    annual_cost: 19.314949201741655
    efficiency: 0.710816
    discharge_ratio: 5
    depth_of_discharge: 0.5
  VRBF:
    cost: 317.423
    lifetime: 13.4059
    annual_cost: 23.67785825643933
    efficiency: 0.727544
    discharge_ratio: 0.5
    depth_of_discharge: 1.0
