cost_values:
  wind_capex: 5000.0
  wind_opex: 100
  wind_lifetime: 20
  solar_capex: 1000.0
  solar_opex: 10
  solar_lifetime: 20
  carbon_price: 1.0
timeseries_values:
  load_level: 276037.46676088165
  wind_year: 2017
  solar_year: 2011
  price_year: 2023
  carbon_year: 2023
storage_values:
  CAES:
    cost: 47.0385
    lifetime: 24.6693
    annual_cost: 1.906762656419112
    efficiency: 0.560785
    discharge_ratio: 0.1
    depth_of_discharge: 0.4
  Li-ion:
    cost: 152.279
    lifetime: 15.2732
    annual_cost: 9.970340203755597
    efficiency: 0.982402
    discharge_ratio: 2
    depth_of_discharge: 0.9
  Pb-acid:
    cost: 186.681
    lifetime: 8.45677
    annual_cost: 22.074740119454592
    efficiency: 0.698521
    discharge_ratio: 5
    depth_of_discharge: 0.5
  VRBF:
    cost: 279.809
    lifetime: 14.106
    annual_cost: 19.8361690060967
    efficiency: 0.731589
    discharge_ratio: 0.5
    depth_of_discharge: 1.0
