cost_values:
  wind_capex: 5000.0
  wind_opex: 100
  wind_lifetime: 20
  solar_capex: 1000.0
  solar_opex: 10
  solar_lifetime: 20
  carbon_price: 1.0
timeseries_values:
  load_level: 276037.46676088165
  wind_year: 2017
  solar_year: 2011
  price_year: 2023
  carbon_year: 2023
storage_values:
  CAES:
    cost: 41.755
    lifetime: 24.8921
    annual_cost: 1.6774398303076077
    efficiency: 0.554532
    discharge_ratio: 0.1
    depth_of_discharge: 0.4
  Li-ion:
    cost: 166.182
    lifetime: 18.9916
    annual_cost: 8.750289601718654
    efficiency: 0.977818
    discharge_ratio: 2
    depth_of_discharge: 0.9
  Pb-acid:
    cost: 183.805
    lifetime: 8.4424
    annual_cost: 21.77165261063205
    efficiency: 0.711344
    discharge_ratio: 5
    depth_of_discharge: 0.5
  VRBF:
    cost: 320.626
    lifetime: 16.8441
    annual_cost: 19.034914302337313
    efficiency: 0.709126
    discharge_ratio: 0.5
    depth_of_discharge: 1.0
