cost_values:
  wind_capex: 5000.0
  wind_opex: 100
  wind_lifetime: 20
  solar_capex: 1000.0
  solar_opex: 10
  solar_lifetime: 20
  carbon_price: 1.0
timeseries_values:
  load_level: 276037.46676088165
  wind_year: 2017
  solar_year: 2011
  price_year: 2023
  carbon_year: 2023
storage_values:
  CAES:
    cost: 44.3439
    lifetime: 24.9376
    annual_cost: 1.7781943731553957
    efficiency: 0.558255
    discharge_ratio: 0.1
    depth_of_discharge: 0.4
  Li-ion:
    cost: 169.978
    lifetime: 16.2316
    annual_cost: 10.472042189309741
    efficiency: 0.966549
    discharge_ratio: 2
    depth_of_discharge: 0.9
  Pb-acid:
    cost: 186.087
    lifetime: 10.3947
    annual_cost: 17.90210395682415
    efficiency: 0.704552
    discharge_ratio: 5
    depth_of_discharge: 0.5
  VRBF:
    cost: 320.788
    lifetime: 14.7846
    annual_cost: 21.69744193282199
    efficiency: 0.724204
    discharge_ratio: 0.5
    depth_of_discharge: 1.0
