cost_values:
  wind_capex: 5000.0
  wind_opex: 100
  wind_lifetime: 20
  solar_capex: 1000.0
  solar_opex: 10
  solar_lifetime: 20
  carbon_price: 1.0
timeseries_values:
  load_level: 276037.46676088165
  wind_year: 2017
  solar_year: 2011
  price_year: 2023
  carbon_year: 2023
storage_values:
  CAES:
    cost: 46.7729
    lifetime: 25.0037
    annual_cost: 1.87063914540648
    efficiency: 0.561096
    discharge_ratio: 0.1
    depth_of_discharge: 0.4
  Li-ion:
    cost: 160.581
    lifetime: 16.3769
    annual_cost: 9.805335564117751
    efficiency: 0.969994
    discharge_ratio: 2
    depth_of_discharge: 0.9
  Pb-acid:
    cost: 190.506
    lifetime: 9.78824
    annual_cost: 19.46274304675815
    efficiency: 0.712559
    discharge_ratio: 5
    depth_of_discharge: 0.5
  VRBF:
    cost: 316.031
    lifetime: 15.3055
    annual_cost: 20.648198360066644
    efficiency: 0.711583
    discharge_ratio: 0.5
    depth_of_discharge: 1.0
