cost_values:
  wind_capex: 5000.0
  wind_opex: 100
  wind_lifetime: 20
  solar_capex: 1000.0
  solar_opex: 10
  solar_lifetime: 20
  carbon_price: 1.0
timeseries_values:
  load_level: 276037.46676088165
  wind_year: 2017
  solar_year: 2011
  price_year: 2023
  carbon_year: 2023
storage_values:
  CAES:
    cost: 56.1556
    lifetime: 24.3804
    annual_cost: 2.3033092155994157
    efficiency: 0.565291
    discharge_ratio: 0.1
    depth_of_discharge: 0.4
  Li-ion:
    cost: 127.431
    lifetime: 17.7183
    annual_cost: 7.192055671255143
    efficiency: 0.982654
    discharge_ratio: 2
    depth_of_discharge: 0.9
  Pb-acid:
    cost: 192.991
    lifetime: 7.16062
    annual_cost: 26.95171647147873
    efficiency: 0.711951
    discharge_ratio: 5
    depth_of_discharge: 0.5
  VRBF:
    cost: 282.28
    lifetime: 15.8069
    annual_cost: 17.858024027481665
    efficiency: 0.714141
    discharge_ratio: 0.5
    depth_of_discharge: 1.0
