cost_values:
  wind_capex: 5000.0
  wind_opex: 100
  wind_lifetime: 20
  solar_capex: 1000.0
  solar_opex: 10
  solar_lifetime: 20
  carbon_price: 1.0
timeseries_values:
  load_level: 276037.46676088165
  wind_year: 2017
  solar_year: 2011
  price_year: 2023
  carbon_year: 2023
storage_values:
  CAES:
    cost: 50.5334
    lifetime: 24.9106
    annual_cost: 2.0285902386935684
    efficiency: 0.573584
    discharge_ratio: 0.1
    depth_of_discharge: 0.4
  Li-ion:
    cost: 149.708
    lifetime: 15.5511
    annual_cost: 9.626843117207143
    efficiency: 0.978369
    discharge_ratio: 2
    depth_of_discharge: 0.9
  Pb-acid:
    cost: 184.338
    lifetime: 8.53721
    annual_cost: 21.592300060558426
    efficiency: 0.698881
    discharge_ratio: 5
    depth_of_discharge: 0.5
  VRBF:
    cost: 318.319
    lifetime: 16.5496
    annual_cost: 19.23424131096824
    efficiency: 0.687004
    discharge_ratio: 0.5
    depth_of_discharge: 1.0
