cost_values:
  wind_capex: 5000.0
  wind_opex: 100
  wind_lifetime: 20
  solar_capex: 1000.0
  solar_opex: 10
  solar_lifetime: 20
  carbon_price: 1.0
timeseries_values:
  load_level: 276037.46676088165
  wind_year: 2017
  solar_year: 2011
  price_year: 2023
  carbon_year: 2023
storage_values:
  CAES:
    cost: 41.483
    lifetime: 25.2073
    annual_cost: 1.6456740706065305
    efficiency: 0.564078
    discharge_ratio: 0.1
    depth_of_discharge: 0.4
  Li-ion:
    cost: 181.945
    lifetime: 15.7504
    annual_cost: 11.551770113774888
    efficiency: 0.979476
    discharge_ratio: 2
    depth_of_discharge: 0.9
  Pb-acid:
    cost: 196.579
    lifetime: 9.12701
    annual_cost: 21.538159813564356
    efficiency: 0.705828
    discharge_ratio: 5
    depth_of_discharge: 0.5
  VRBF:
    cost: 311.335
    lifetime: 15.1749
    annual_cost: 20.51644491891215
    efficiency: 0.735613
    discharge_ratio: 0.5
    depth_of_discharge: 1.0
