cost_values:
  wind_capex: 5000.0
  wind_opex: 100
  wind_lifetime: 20
  solar_capex: 1000.0
  solar_opex: 10
  solar_lifetime: 20
  carbon_price: 1.0
timeseries_values:
  load_level: 276037.46676088165
  wind_year: 2017
  solar_year: 2011
  price_year: 2023
  carbon_year: 2023
storage_values:
  CAES:
    cost: 47.8865
    lifetime: 25.571
    annual_cost: 1.8726878104102302
    efficiency: 0.560103
    discharge_ratio: 0.1
    depth_of_discharge: 0.4
  Li-ion:
    cost: 148.924
    lifetime: 16.2979
    annual_cost: 9.137618957043546
    efficiency: 0.962469
    discharge_ratio: 2
    depth_of_discharge: 0.9
  Pb-acid:
    cost: 178.218
    lifetime: 9.23679
    annual_cost: 19.294365250265514
    efficiency: 0.716805
    discharge_ratio: 5
    depth_of_discharge: 0.5
  VRBF:
    cost: 288.448
    lifetime: 17.6494
    annual_cost: 16.34321846635013
    efficiency: 0.725664
    discharge_ratio: 0.5
    depth_of_discharge: 1.0
