cost_values:
  wind_capex: 5000.0
  wind_opex: 100
  wind_lifetime: 20
  solar_capex: 1000.0
  solar_opex: 10
  solar_lifetime: 20
  carbon_price: 1.0
timeseries_values:
  load_level: 276037.46676088165
  wind_year: 2017
  solar_year: 2011
  price_year: 2023
  carbon_year: 2023
storage_values:
  CAES:
    cost: 43.972
    lifetime: 23.7976
    annual_cost: 1.8477493528759203
    efficiency: 0.563456
    discharge_ratio: 0.1
    depth_of_discharge: 0.4
  Li-ion:
    cost: 150.377
    lifetime: 15.9516
    annual_cost: 9.427079415231075
    efficiency: 0.9821
    discharge_ratio: 2
    depth_of_discharge: 0.9
  Pb-acid:
    cost: 187.514
    lifetime: 8.43215
    annual_cost: 22.237982009333326
    efficiency: 0.704029
    discharge_ratio: 5
    depth_of_discharge: 0.5
  VRBF:
    cost: 296.93
    lifetime: 14.2253
    annual_cost: 20.87337349651677
    efficiency: 0.741664
    discharge_ratio: 0.5
    depth_of_discharge: 1.0
