cost_values:
  wind_capex: 5000.0
  wind_opex: 100
  wind_lifetime: 20
  solar_capex: 1000.0
  solar_opex: 10
  solar_lifetime: 20
  carbon_price: 1.0
timeseries_values:
  load_level: 276037.46676088165
  wind_year: 2017
  solar_year: 2011
  price_year: 2023
  carbon_year: 2023
storage_values:
  CAES:
    cost: 39.764
    lifetime: 24.2304
    annual_cost: 1.6410789751716852
    efficiency: 0.563134
    discharge_ratio: 0.1
    depth_of_discharge: 0.4
  Li-ion:
    cost: 144.05
    lifetime: 15.9092
    annual_cost: 9.05450934050738
    efficiency: 0.970302
    discharge_ratio: 2
    depth_of_discharge: 0.9
  Pb-acid:
    cost: 190.859
    lifetime: 9.50445
    annual_cost: 20.08101468259605
    efficiency: 0.721932
    discharge_ratio: 5
    depth_of_discharge: 0.5
  VRBF:
    cost: 292.814
    lifetime: 13.3357
    annual_cost: 21.957152605412542
    efficiency: 0.71006
    discharge_ratio: 0.5
    depth_of_discharge: 1.0
