cost_values:
  wind_capex: 5000.0
  wind_opex: 100
  wind_lifetime: 20
  solar_capex: 1000.0
  solar_opex: 10
  solar_lifetime: 20
  carbon_price: 1.0
timeseries_values:
  load_level: 276037.46676088165
  wind_year: 2017
  solar_year: 2011
  price_year: 2023
  carbon_year: 2023
storage_values:
  CAES:
    cost: 46.7987
    lifetime: 24.7033
    annual_cost: 1.894431108394425
    efficiency: 0.558556
    discharge_ratio: 0.1
    depth_of_discharge: 0.4
  Li-ion:
    cost: 159.196
    lifetime: 16.6656
    annual_cost: 9.552371351766512
    efficiency: 0.985955
    discharge_ratio: 2
    depth_of_discharge: 0.9
  Pb-acid:
    cost: 170.753
    lifetime: 9.15435
    annual_cost: 18.652662395473186
    efficiency: 0.693462
    discharge_ratio: 5
    depth_of_discharge: 0.5
  VRBF:
    cost: 314.763
    lifetime: 13.9036
    annual_cost: 22.638956816939494
    efficiency: 0.737106
    discharge_ratio: 0.5
    depth_of_discharge: 1.0
