cost_values:
  wind_capex: 5000.0
  wind_opex: 100
  wind_lifetime: 20
  solar_capex: 1000.0
  solar_opex: 10
  solar_lifetime: 20
  carbon_price: 1.0
timeseries_values:
  load_level: 276037.46676088165
  wind_year: 2017
  solar_year: 2011
  price_year: 2023
  carbon_year: 2023
storage_values:
  CAES:
    cost: 49.4473
    lifetime: 24.2202
    annual_cost: 2.0415727368064673
    efficiency: 0.553946
    discharge_ratio: 0.1
    depth_of_discharge: 0.4
  Li-ion:
    cost: 173.105
    lifetime: 16.2779
    annual_cost: 10.634357011653837
    efficiency: 0.983726
    discharge_ratio: 2
    depth_of_discharge: 0.9
  Pb-acid:
    cost: 181.375
    lifetime: 10.2317
    annual_cost: 17.726770722362854
    efficiency: 0.708021
    discharge_ratio: 5
    depth_of_discharge: 0.5
  VRBF:
    cost: 292.696
    lifetime: 14.6172
    annual_cost: 20.024081219385383
    efficiency: 0.743507
    discharge_ratio: 0.5
    depth_of_discharge: 1.0
