cost_values:
  wind_capex: 5000.0
  wind_opex: 100
  wind_lifetime: 20
  solar_capex: 1000.0
  solar_opex: 10
  solar_lifetime: 20
  carbon_price: 1.0
timeseries_values:
  load_level: 276037.46676088165
  wind_year: 2017
  solar_year: 2011
  price_year: 2023
  carbon_year: 2023
storage_values:
  CAES:
    cost: 41.8458
    lifetime: 25.3448
    annual_cost: 1.6510605725829361
    efficiency: 0.556278
    discharge_ratio: 0.1
    depth_of_discharge: 0.4
  Li-ion:
    cost: 168.287
    lifetime: 15.3761
    annual_cost: 10.944712898589371
    efficiency: 0.975555
    discharge_ratio: 2
    depth_of_discharge: 0.9
  Pb-acid:
    cost: 180.319
    lifetime: 7.63068
    annual_cost: 23.630790440694668
    efficiency: 0.695166
    discharge_ratio: 5
    depth_of_discharge: 0.5
  VRBF:
    cost: 299.288
    lifetime: 13.2706
    annual_cost: 22.55271050291622
    efficiency: 0.732626
    discharge_ratio: 0.5
    depth_of_discharge: 1.0
