cost_values:
  wind_capex: 5000.0
  wind_opex: 100
  wind_lifetime: 20
  solar_capex: 1000.0
  solar_opex: 10
  solar_lifetime: 20
  carbon_price: 1.0
timeseries_values:
  load_level: 276037.46676088165
  wind_year: 2017
  solar_year: 2011
  price_year: 2023
  carbon_year: 2023
storage_values:
  CAES:
    cost: 47.2103
    lifetime: 24.6002
    annual_cost: 1.9191022837212703
    efficiency: 0.55879
    discharge_ratio: 0.1
    depth_of_discharge: 0.4
  Li-ion:
    cost: 151.007
    lifetime: 17.336
    annual_cost: 8.71060221504384
    efficiency: 0.98216
    discharge_ratio: 2
    depth_of_discharge: 0.9
  Pb-acid:
    cost: 190.544
    lifetime: 9.1075
    annual_cost: 20.921657974197092
    efficiency: 0.706405
    discharge_ratio: 5
    depth_of_discharge: 0.5
  VRBF:
    cost: 326.303
    lifetime: 14.9995
    annual_cost: 21.75425847528251
    efficiency: 0.73291
    discharge_ratio: 0.5
    depth_of_discharge: 1.0
