cost_values:
  wind_capex: 5000.0
  wind_opex: 100
  wind_lifetime: 20
  solar_capex: 1000.0
  solar_opex: 10
  solar_lifetime: 20
  carbon_price: 1.0
timeseries_values:
  load_level: 276037.46676088165
  wind_year: 2017
  solar_year: 2011
  price_year: 2023
  carbon_year: 2023
storage_values:
  CAES:
    cost: 44.0333
    lifetime: 25.3832
    annual_cost: 1.7347418765167513
    efficiency: 0.569894
    discharge_ratio: 0.1
    depth_of_discharge: 0.4
  Li-ion:
    cost: 165.113
    lifetime: 15.9439
    annual_cost: 10.355872778931127
    efficiency: 0.965223
    discharge_ratio: 2
    depth_of_discharge: 0.9
  Pb-acid:
    cost: 180.796
    lifetime: 10.0876
    annual_cost: 17.922598041159443
    efficiency: 0.700272
    discharge_ratio: 5
    depth_of_discharge: 0.5
  VRBF:
    cost: 305.152
    lifetime: 16.1888
    annual_cost: 18.849575014825064
    efficiency: 0.74154
    discharge_ratio: 0.5
    depth_of_discharge: 1.0
