cost_values:
  wind_capex: 5000.0
  wind_opex: 100
  wind_lifetime: 20
  solar_capex: 1000.0
  solar_opex: 10
  solar_lifetime: 20
  carbon_price: 1.0
timeseries_values:
  load_level: 276037.46676088165
  wind_year: 2017
  solar_year: 2011
  price_year: 2023
  carbon_year: 2023
storage_values:
  CAES:
    cost: 45.0988
    lifetime: 24.6214
    annual_cost: 1.8316911304799888
    efficiency: 0.555091
    discharge_ratio: 0.1
    depth_of_discharge: 0.4
  Li-ion:
    cost: 149.085
    lifetime: 16.6566
    annual_cost: 8.950506105687836
    efficiency: 0.981602
    discharge_ratio: 2
    depth_of_discharge: 0.9
  Pb-acid:
    cost: 203.363
    lifetime: 8.22736
    annual_cost: 24.71789249528403
    efficiency: 0.695908
    discharge_ratio: 5
    depth_of_discharge: 0.5
  VRBF:
    cost: 319.732
    lifetime: 16.1462
    annual_cost: 19.802306425041188
    efficiency: 0.724495
    discharge_ratio: 0.5
    depth_of_discharge: 1.0
