cost_values:
  wind_capex: 5000.0
  wind_opex: 100
  wind_lifetime: 20
  solar_capex: 1000.0
  solar_opex: 10
  solar_lifetime: 20
  carbon_price: 1.0
timeseries_values:
  load_level: 276037.46676088165
  wind_year: 2017
  solar_year: 2011
  price_year: 2023
  carbon_year: 2023
storage_values:
  CAES:
    cost: 43.3794
    lifetime: 24.2229
    annual_cost: 1.79084254981856
    efficiency: 0.558015
    discharge_ratio: 0.1
    depth_of_discharge: 0.4
  Li-ion:
    cost: 152.868
    lifetime: 16.8242
    annual_cost: 9.08619726346572
    efficiency: 0.982516
    discharge_ratio: 2
    depth_of_discharge: 0.9
  Pb-acid:
    cost: 193.176
    lifetime: 8.73228
    annual_cost: 22.122057469526858
    efficiency: 0.717672
    discharge_ratio: 5
    depth_of_discharge: 0.5
  VRBF:
    cost: 290.052
    lifetime: 14.2593
    annual_cost: 20.34125097304917
    efficiency: 0.739826
    discharge_ratio: 0.5
    depth_of_discharge: 1.0
