cost_values:
  wind_capex: 5000.0
  wind_opex: 100
  wind_lifetime: 20
  solar_capex: 1000.0
  solar_opex: 10
  solar_lifetime: 20
  carbon_price: 1.0
timeseries_values:
  load_level: 276037.46676088165
  wind_year: 2017
  solar_year: 2011
  price_year: 2023
  carbon_year: 2023
storage_values:
  CAES:
    cost: 42.2059
    lifetime: 25.6425
    annual_cost: 1.6459354587111241
    efficiency: 0.569338
    discharge_ratio: 0.1
    depth_of_discharge: 0.4
  Li-ion:
    cost: 159.906
    lifetime: 17.3913
    annual_cost: 9.194597298649324
    efficiency: 0.978156
    discharge_ratio: 2
    depth_of_discharge: 0.9
  Pb-acid:
    cost: 173.211
    lifetime: 9.83392
    annual_cost: 17.613627119195602
    efficiency: 0.706995
    discharge_ratio: 5
    depth_of_discharge: 0.5
  VRBF:
    cost: 345.206
    lifetime: 13.524
    annual_cost: 25.52543626146111
    efficiency: 0.694259
    discharge_ratio: 0.5
    depth_of_discharge: 1.0
