cost_values:
  wind_capex: 5000.0
  wind_opex: 100
  wind_lifetime: 20
  solar_capex: 1000.0
  solar_opex: 10
  solar_lifetime: 20
  carbon_price: 1.0
timeseries_values:
  load_level: 276037.46676088165
  wind_year: 2017
  solar_year: 2011
  price_year: 2023
  carbon_year: 2023
storage_values:
  CAES:
    cost: 42.1071
    lifetime: 24.4301
    annual_cost: 1.7235746067351343
    efficiency: 0.562345
    discharge_ratio: 0.1
    depth_of_discharge: 0.4
  Li-ion:
    cost: 169.625
    lifetime: 18.7544
    annual_cost: 9.044544213624535
    efficiency: 0.9624
    discharge_ratio: 2
    depth_of_discharge: 0.9
  Pb-acid:
    cost: 187.349
    lifetime: 8.80703
    annual_cost: 21.272665132286367
    efficiency: 0.702378
    discharge_ratio: 5
    depth_of_discharge: 0.5
  VRBF:
    cost: 309.752
    lifetime: 16.4025
    annual_cost: 18.884438347812836
    efficiency: 0.719141
    discharge_ratio: 0.5
    depth_of_discharge: 1.0
