cost_values:
  wind_capex: 5000.0
  wind_opex: 100
  wind_lifetime: 20
  solar_capex: 1000.0
  solar_opex: 10
  solar_lifetime: 20
  carbon_price: 1.0
timeseries_values:
  load_level: 246537.59801169753
  wind_year: 2010
  solar_year: 2019
  price_year: 2023
  carbon_year: 2023
storage_values:
  CAES:
    cost: 56.8566
    lifetime: 23.5626
    annual_cost: 2.413001960734384
    efficiency: 0.580719
    discharge_ratio: 0.1
    depth_of_discharge: 0.4
  Li-ion:
    cost: 120.121
    lifetime: 21.6541
    annual_cost: 5.547263566714848
    efficiency: 0.898771
    discharge_ratio: 2
    depth_of_discharge: 0.9
  Pb-acid:
    cost: 208.997
    lifetime: 9.65807
    annual_cost: 21.6396236515163
    efficiency: 0.775063
    discharge_ratio: 5
    depth_of_discharge: 0.5
  VRBF:
    cost: 168.833
    lifetime: 22.9992
    annual_cost: 7.34082055028001
    efficiency: 0.79245
    discharge_ratio: 0.5
    depth_of_discharge: 1.0
