cost_values:
  wind_capex: 5000.0
  wind_opex: 100
  wind_lifetime: 20
  solar_capex: 1000.0
  solar_opex: 10
  solar_lifetime: 20
  carbon_price: 1.0
timeseries_values:
  load_level: 246537.59801169753
  wind_year: 2010
  solar_year: 2019
  price_year: 2023
  carbon_year: 2023
storage_values:
  CAES:
    cost: 55.2323
    lifetime: 21.7174
    annual_cost: 2.543228010719515
    efficiency: 0.582576
    discharge_ratio: 0.1
    depth_of_discharge: 0.4
  Li-ion:
    cost: 110.388
    lifetime: 20.7515
    annual_cost: 5.319519070910537
    efficiency: 0.9087
    discharge_ratio: 2
    depth_of_discharge: 0.9
  Pb-acid:
    cost: 225.805
    lifetime: 13.141
    annual_cost: 17.18324328437714
    efficiency: 0.775974
    discharge_ratio: 5
    depth_of_discharge: 0.5
  VRBF:
    cost: 171.599
    lifetime: 25.5159
    annual_cost: 6.72517920198778
    efficiency: 0.773948
    discharge_ratio: 0.5
    depth_of_discharge: 1.0
