cost_values:
  wind_capex: 5000.0
  wind_opex: 100
  wind_lifetime: 20
  solar_capex: 1000.0
  solar_opex: 10
  solar_lifetime: 20
  carbon_price: 1.0
timeseries_values:
  load_level: 246537.59801169753
  wind_year: 2010
  solar_year: 2019
  price_year: 2023
  carbon_year: 2023
storage_values:
  CAES:
    cost: 55.8327
    lifetime: 22.861
    annual_cost: 2.4422684921919426
    efficiency: 0.580763
    discharge_ratio: 0.1
    depth_of_discharge: 0.4
  Li-ion:
    cost: 124.554
    lifetime: 20.5364
    annual_cost: 6.065035741415243
    efficiency: 0.904843
    discharge_ratio: 2
    depth_of_discharge: 0.9
  Pb-acid:
    cost: 218.397
    lifetime: 11.0818
    annual_cost: 19.7077189626234
    efficiency: 0.779839
    discharge_ratio: 5
    depth_of_discharge: 0.5
  VRBF:
    cost: 187.448
    lifetime: 26.2308
    annual_cost: 7.14610305442457
    efficiency: 0.767849
    discharge_ratio: 0.5
    depth_of_discharge: 1.0
