cost_values:
  wind_capex: 5000.0
  wind_opex: 100
  wind_lifetime: 20
  solar_capex: 1000.0
  solar_opex: 10
  solar_lifetime: 20
  carbon_price: 1.0
timeseries_values:
  load_level: 246537.59801169753
  wind_year: 2010
  solar_year: 2019
  price_year: 2023
  carbon_year: 2023
storage_values:
  CAES:
    cost: 58.9672
    lifetime: 22.4879
    annual_cost: 2.622174591669298
    efficiency: 0.575321
    discharge_ratio: 0.1
    depth_of_discharge: 0.4
  Li-ion:
    cost: 139.6
    lifetime: 20.5488
    annual_cost: 6.793584053570038
    efficiency: 0.906914
    discharge_ratio: 2
    depth_of_discharge: 0.9
  Pb-acid:
    cost: 218.184
    lifetime: 11.2025
    annual_cost: 19.476366882392323
    efficiency: 0.782335
    discharge_ratio: 5
    depth_of_discharge: 0.5
  VRBF:
    cost: 200.668
    lifetime: 25.3217
    annual_cost: 7.924744389199778
    efficiency: 0.779665
    discharge_ratio: 0.5
    depth_of_discharge: 1.0
