cost_values:
  wind_capex: 5000.0
  wind_opex: 100
  wind_lifetime: 20
  solar_capex: 1000.0
  solar_opex: 10
  solar_lifetime: 20
  carbon_price: 1.0
timeseries_values:
  load_level: 246537.59801169753
  wind_year: 2010
  solar_year: 2019
  price_year: 2023
  carbon_year: 2023
storage_values:
  CAES:
    cost: 56.2821
    lifetime: 22.7954
    annual_cost: 2.4690112917518445
    efficiency: 0.575279
    discharge_ratio: 0.1
    depth_of_discharge: 0.4
  Li-ion:
    cost: 121.4
    lifetime: 19.9552
    annual_cost: 6.083627325208467
    efficiency: 0.902858
    discharge_ratio: 2
    depth_of_discharge: 0.9
  Pb-acid:
    cost: 236.717
    lifetime: 11.9215
    annual_cost: 19.85631002810049
    efficiency: 0.769944
    discharge_ratio: 5
    depth_of_discharge: 0.5
  VRBF:
    cost: 210.145
    lifetime: 25.6498
    annual_cost: 8.192851406248783
    efficiency: 0.7985
    discharge_ratio: 0.5
    depth_of_discharge: 1.0
