cost_values:
  wind_capex: 5000.0
  wind_opex: 100
  wind_lifetime: 20
  solar_capex: 1000.0
  solar_opex: 10
  solar_lifetime: 20
  carbon_price: 1.0
timeseries_values:
  load_level: 246537.59801169753
  wind_year: 2010
  solar_year: 2019
  price_year: 2023
  carbon_year: 2023
storage_values:
  CAES:
    cost: 55.7495
    lifetime: 22.5185
    annual_cost: 2.4757199635854965
    efficiency: 0.582319
    discharge_ratio: 0.1
    depth_of_discharge: 0.4
  Li-ion:
    cost: 118.373
    lifetime: 20.7799
    annual_cost: 5.69651442018489
    efficiency: 0.883334
    discharge_ratio: 2
    depth_of_discharge: 0.9
  Pb-acid:
    cost: 220.552
    lifetime: 10.6355
    annual_cost: 20.737341920925203
    efficiency: 0.786627
    discharge_ratio: 5
    depth_of_discharge: 0.5
  VRBF:
    cost: 162.885
    lifetime: 27.6493
    annual_cost: 5.891107550643235
    efficiency: 0.77711
    discharge_ratio: 0.5
    depth_of_discharge: 1.0
