cost_values:
  wind_capex: 5000.0
  wind_opex: 100
  wind_lifetime: 20
  solar_capex: 1000.0
  solar_opex: 10
  solar_lifetime: 20
  carbon_price: 1.0
timeseries_values:
  load_level: 246537.59801169753
  wind_year: 2010
  solar_year: 2019
  price_year: 2023
  carbon_year: 2023
storage_values:
  CAES:
    cost: 61.3039
    lifetime: 22.7341
    annual_cost: 2.6965615529095057
    efficiency: 0.592684
    discharge_ratio: 0.1
    depth_of_discharge: 0.4
  Li-ion:
    cost: 123.81
    lifetime: 21.2278
    annual_cost: 5.832446131959036
    efficiency: 0.901963
    discharge_ratio: 2
    depth_of_discharge: 0.9
  Pb-acid:
    cost: 214.377
    lifetime: 12.9688
    annual_cost: 16.53021096786133
    efficiency: 0.798862
    discharge_ratio: 5
    depth_of_discharge: 0.5
  VRBF:
    cost: 186.025
    lifetime: 26.331
    annual_cost: 7.064866507158863
    efficiency: 0.784737
    discharge_ratio: 0.5
    depth_of_discharge: 1.0
