cost_values:
  wind_capex: 5000.0
  wind_opex: 100
  wind_lifetime: 20
  solar_capex: 1000.0
  solar_opex: 10
  solar_lifetime: 20
  carbon_price: 1.0
timeseries_values:
  load_level: 246537.59801169753
  wind_year: 2010
  solar_year: 2019
  price_year: 2023
  carbon_year: 2023
storage_values:
  CAES:
    cost: 58.3533
    lifetime: 23.9113
    annual_cost: 2.440406836934838
    efficiency: 0.589736
    discharge_ratio: 0.1
    depth_of_discharge: 0.4
  Li-ion:
    cost: 134.627
    lifetime: 20.5081
    annual_cost: 6.564576923264467
    efficiency: 0.910466
    discharge_ratio: 2
    depth_of_discharge: 0.9
  Pb-acid:
    cost: 238.924
    lifetime: 12.2678
    annual_cost: 19.47570061461713
    efficiency: 0.789242
    discharge_ratio: 5
    depth_of_discharge: 0.5
  VRBF:
    cost: 182.548
    lifetime: 24.1299
    annual_cost: 7.5652199138827765
    efficiency: 0.766062
    discharge_ratio: 0.5
    depth_of_discharge: 1.0
