cost_values:
  wind_capex: 5000.0
  wind_opex: 100
  wind_lifetime: 20
  solar_capex: 1000.0
  solar_opex: 10
  solar_lifetime: 20
  carbon_price: 1.0
timeseries_values:
  load_level: 246537.59801169753
  wind_year: 2010
  solar_year: 2019
  price_year: 2023
  carbon_year: 2023
storage_values:
  CAES:
    cost: 59.4631
    lifetime: 22.0661
    annual_cost: 2.694771618002275
    efficiency: 0.582763
    discharge_ratio: 0.1
    depth_of_discharge: 0.4
  Li-ion:
    cost: 120.704
    lifetime: 19.1843
    annual_cost: 6.291811533389281
    efficiency: 0.912352
    discharge_ratio: 2
    depth_of_discharge: 0.9
  Pb-acid:
    cost: 223.764
    lifetime: 10.8969
    annual_cost: 20.5346474685461
    efficiency: 0.78267
    discharge_ratio: 5
    depth_of_discharge: 0.5
  VRBF:
    cost: 188.567
    lifetime: 25.9562
    annual_cost: 7.264815342769744
    efficiency: 0.775465
    discharge_ratio: 0.5
    depth_of_discharge: 1.0
