cost_values:
  wind_capex: 5000.0
  wind_opex: 100
  wind_lifetime: 20
  solar_capex: 1000.0
  solar_opex: 10
  solar_lifetime: 20
  carbon_price: 1.0
timeseries_values:
  load_level: 246537.59801169753
  wind_year: 2010
  solar_year: 2019
  price_year: 2023
  carbon_year: 2023
storage_values:
  CAES:
    cost: 59.2944
    lifetime: 23.0193
    annual_cost: 2.5758559122127953
    efficiency: 0.571669
    discharge_ratio: 0.1
    depth_of_discharge: 0.4
  Li-ion:
    cost: 128.387
    lifetime: 19.9697
    annual_cost: 6.429090071458259
    efficiency: 0.892933
    discharge_ratio: 2
    depth_of_discharge: 0.9
  Pb-acid:
    cost: 200.542
    lifetime: 11.2269
    annual_cost: 17.862633496334695
    efficiency: 0.771253
    discharge_ratio: 5
    depth_of_discharge: 0.5
  VRBF:
    cost: 178.788
    lifetime: 25.2596
    annual_cost: 7.078021821406516
    efficiency: 0.777493
    discharge_ratio: 0.5
    depth_of_discharge: 1.0
