cost_values:
  wind_capex: 5000.0
  wind_opex: 100
  wind_lifetime: 20
  solar_capex: 1000.0
  solar_opex: 10
  solar_lifetime: 20
  carbon_price: 1.0
timeseries_values:
  load_level: 246537.59801169753
  wind_year: 2010
  solar_year: 2019
  price_year: 2023
  carbon_year: 2023
storage_values:
  CAES:
    cost: 59.6996
    lifetime: 21.6796
    annual_cost: 2.753722393402092
    efficiency: 0.588349
    discharge_ratio: 0.1
    depth_of_discharge: 0.4
  Li-ion:
    cost: 120.08
    lifetime: 21.2248
    annual_cost: 5.657532697599035
    efficiency: 0.90401
    discharge_ratio: 2
    depth_of_discharge: 0.9
  Pb-acid:
    cost: 205.044
    lifetime: 12.0077
    annual_cost: 17.076042872490152
    efficiency: 0.761076
    discharge_ratio: 5
    depth_of_discharge: 0.5
  VRBF:
    cost: 182.544
    lifetime: 25.838
    annual_cost: 7.064943107051629
    efficiency: 0.808103
    discharge_ratio: 0.5
    depth_of_discharge: 1.0
