cost_values:
  wind_capex: 5000.0
  wind_opex: 100
  wind_lifetime: 20
  solar_capex: 1000.0
  solar_opex: 10
  solar_lifetime: 20
  carbon_price: 1.0
timeseries_values:
  load_level: 246537.59801169753
  wind_year: 2010
  solar_year: 2019
  price_year: 2023
  carbon_year: 2023
storage_values:
  CAES:
    cost: 53.0751
    lifetime: 23.0226
    annual_cost: 2.305347788694587
    efficiency: 0.57278
    discharge_ratio: 0.1
    depth_of_discharge: 0.4
  Li-ion:
    cost: 130.632
    lifetime: 20.1733
    annual_cost: 6.475489880188169
    efficiency: 0.901402
    discharge_ratio: 2
    depth_of_discharge: 0.9
  Pb-acid:
    cost: 218.975
    lifetime: 12.9434
    annual_cost: 16.917888653676776
    efficiency: 0.791139
    discharge_ratio: 5
    depth_of_discharge: 0.5
  VRBF:
    cost: 195.719
    lifetime: 24.5377
    annual_cost: 7.976256943397303
    efficiency: 0.768649
    discharge_ratio: 0.5
    depth_of_discharge: 1.0
