cost_values:
  wind_capex: 5000.0
  wind_opex: 100
  wind_lifetime: 20
  solar_capex: 1000.0
  solar_opex: 10
  solar_lifetime: 20
  carbon_price: 1.0
timeseries_values:
  load_level: 246537.59801169753
  wind_year: 2010
  solar_year: 2019
  price_year: 2023
  carbon_year: 2023
storage_values:
  CAES:
    cost: 57.3619
    lifetime: 21.8922
    annual_cost: 2.62019806141
    efficiency: 0.571052
    discharge_ratio: 0.1
    depth_of_discharge: 0.4
  Li-ion:
    cost: 145.784
    lifetime: 21.4557
    annual_cost: 6.794651304781479
    efficiency: 0.905823
    discharge_ratio: 2
    depth_of_discharge: 0.9
  Pb-acid:
    cost: 210.843
    lifetime: 11.6305
    annual_cost: 18.128455354455955
    efficiency: 0.778448
    discharge_ratio: 5
    depth_of_discharge: 0.5
  VRBF:
    cost: 171.476
    lifetime: 26.1439
    annual_cost: 6.558929616468852
    efficiency: 0.792628
    discharge_ratio: 0.5
    depth_of_discharge: 1.0
