cost_values:
  wind_capex: 5000.0
  wind_opex: 100
  wind_lifetime: 20
  solar_capex: 1000.0
  solar_opex: 10
  solar_lifetime: 20
  carbon_price: 1.0
timeseries_values:
  load_level: 246537.59801169753
  wind_year: 2010
  solar_year: 2019
  price_year: 2023
  carbon_year: 2023
storage_values:
  CAES:
    cost: 54.9374
    lifetime: 23.4902
    annual_cost: 2.3387370052191976
    efficiency: 0.583854
    discharge_ratio: 0.1
    depth_of_discharge: 0.4
  Li-ion:
    cost: 124.476
    lifetime: 20.7052
    annual_cost: 6.01182311689817
    efficiency: 0.904507
    discharge_ratio: 2
    depth_of_discharge: 0.9
  Pb-acid:
    cost: 204.169
    lifetime: 13.1786
    annual_cost: 15.492465056986328
    efficiency: 0.774833
    discharge_ratio: 5
    depth_of_discharge: 0.5
  VRBF:
    cost: 205.819
    lifetime: 23.7105
    annual_cost: 8.680500200333185
    efficiency: 0.807942
    discharge_ratio: 0.5
    depth_of_discharge: 1.0
