cost_values:
  wind_capex: 5000.0
  wind_opex: 100
  wind_lifetime: 20
  solar_capex: 1000.0
  solar_opex: 10
  solar_lifetime: 20
  carbon_price: 1.0
timeseries_values:
  load_level: 246537.59801169753
  wind_year: 2010
  solar_year: 2019
  price_year: 2023
  carbon_year: 2023
storage_values:
  CAES:
    cost: 60.7648
    lifetime: 22.9645
    annual_cost: 2.6460319188312393
    efficiency: 0.570727
    discharge_ratio: 0.1
    depth_of_discharge: 0.4
  Li-ion:
    cost: 135.119
    lifetime: 19.7996
    annual_cost: 6.824329784440089
    efficiency: 0.895115
    discharge_ratio: 2
    depth_of_discharge: 0.9
  Pb-acid:
    cost: 226.354
    lifetime: 11.9175
    annual_cost: 18.993413048038597
    efficiency: 0.767699
    discharge_ratio: 5
    depth_of_discharge: 0.5
  VRBF:
    cost: 201.204
    lifetime: 23.2786
    annual_cost: 8.643303291435052
    efficiency: 0.745759
    discharge_ratio: 0.5
    depth_of_discharge: 1.0
