cost_values:
  wind_capex: 5000.0
  wind_opex: 100
  wind_lifetime: 20
  solar_capex: 1000.0
  solar_opex: 10
  solar_lifetime: 20
  carbon_price: 1.0
timeseries_values:
  load_level: 246537.59801169753
  wind_year: 2010
  solar_year: 2019
  price_year: 2023
  carbon_year: 2023
storage_values:
  CAES:
    cost: 57.564
    lifetime: 22.4078
    annual_cost: 2.5689268915288426
    efficiency: 0.575646
    discharge_ratio: 0.1
    depth_of_discharge: 0.4
  Li-ion:
    cost: 141.971
    lifetime: 21.2582
    annual_cost: 6.678411154283994
    efficiency: 0.907431
    discharge_ratio: 2
    depth_of_discharge: 0.9
  Pb-acid:
    cost: 227.189
    lifetime: 12.3678
    annual_cost: 18.36939471854331
    efficiency: 0.758793
    discharge_ratio: 5
    depth_of_discharge: 0.5
  VRBF:
    cost: 177.478
    lifetime: 26.5928
    annual_cost: 6.673911735507356
    efficiency: 0.783247
    discharge_ratio: 0.5
    depth_of_discharge: 1.0
