cost_values:
  wind_capex: 5000.0
  wind_opex: 100
  wind_lifetime: 20
  solar_capex: 1000.0
  solar_opex: 10
  solar_lifetime: 20
  carbon_price: 1.0
timeseries_values:
  load_level: 246537.59801169753
  wind_year: 2010
  solar_year: 2019
  price_year: 2023
  carbon_year: 2023
storage_values:
  CAES:
    cost: 65.7877
    lifetime: 22.7636
    annual_cost: 2.8900393610852415
    efficiency: 0.585303
    discharge_ratio: 0.1
    depth_of_discharge: 0.4
  Li-ion:
    cost: 102.225
    lifetime: 22.1305
    annual_cost: 4.619190709654097
    efficiency: 0.909182
    discharge_ratio: 2
    depth_of_discharge: 0.9
  Pb-acid:
    cost: 226.793
    lifetime: 11.2005
    annual_cost: 20.248471050399537
    efficiency: 0.763837
    discharge_ratio: 5
    depth_of_discharge: 0.5
  VRBF:
    cost: 174.142
    lifetime: 25.6051
    annual_cost: 6.801066974938586
    efficiency: 0.794129
    discharge_ratio: 0.5
    depth_of_discharge: 1.0
