cost_values:
  wind_capex: 5000.0
  wind_opex: 100
  wind_lifetime: 20
  solar_capex: 1000.0
  solar_opex: 10
  solar_lifetime: 20
  carbon_price: 1.0
timeseries_values:
  load_level: 246537.59801169753
  wind_year: 2010
  solar_year: 2019
  price_year: 2023
  carbon_year: 2023
storage_values:
  CAES:
    cost: 50.7306
    lifetime: 22.7865
    annual_cost: 2.22634454611283
    efficiency: 0.566458
    discharge_ratio: 0.1
    depth_of_discharge: 0.4
  Li-ion:
    cost: 121.42
    lifetime: 22.0918
    annual_cost: 5.496156945110856
    efficiency: 0.900021
    discharge_ratio: 2
    depth_of_discharge: 0.9
  Pb-acid:
    cost: 204.984
    lifetime: 10.6963
    annual_cost: 19.164009984761083
    efficiency: 0.773503
    discharge_ratio: 5
    depth_of_discharge: 0.5
  VRBF:
    cost: 175.585
    lifetime: 27.278
    annual_cost: 6.4368722047070905
    efficiency: 0.780297
    discharge_ratio: 0.5
    depth_of_discharge: 1.0
