cost_values:
  wind_capex: 5000.0
  wind_opex: 100
  wind_lifetime: 20
  solar_capex: 1000.0
  solar_opex: 10
  solar_lifetime: 20
  carbon_price: 1.0
timeseries_values:
  load_level: 246537.59801169753
  wind_year: 2010
  solar_year: 2019
  price_year: 2023
  carbon_year: 2023
storage_values:
  CAES:
    cost: 60.4074
    lifetime: 22.1017
    annual_cost: 2.7331562730468697
    efficiency: 0.579422
    discharge_ratio: 0.1
    depth_of_discharge: 0.4
  Li-ion:
    cost: 125.707
    lifetime: 22.0288
    annual_cost: 5.706484238814642
    efficiency: 0.902514
    discharge_ratio: 2
    depth_of_discharge: 0.9
  Pb-acid:
    cost: 198.699
    lifetime: 13.1187
    annual_cost: 15.146241624551214
    efficiency: 0.77313
    discharge_ratio: 5
    depth_of_discharge: 0.5
  VRBF:
    cost: 171.07
    lifetime: 24.8911
    annual_cost: 6.872737645182414
    efficiency: 0.786275
    discharge_ratio: 0.5
    depth_of_discharge: 1.0
