cost_values:
  wind_capex: 5000.0
  wind_opex: 100
  wind_lifetime: 20
  solar_capex: 1000.0
  solar_opex: 10
  solar_lifetime: 20
  carbon_price: 1.0
timeseries_values:
  load_level: 246537.59801169753
  wind_year: 2010
  solar_year: 2019
  price_year: 2023
  carbon_year: 2023
storage_values:
  CAES:
    cost: 62.2223
    lifetime: 22.1684
    annual_cost: 2.806801573410801
    efficiency: 0.579002
    discharge_ratio: 0.1
    depth_of_discharge: 0.4
  Li-ion:
    cost: 103.786
    lifetime: 20.1399
    annual_cost: 5.153252995297891
    efficiency: 0.891616
    discharge_ratio: 2
    depth_of_discharge: 0.9
  Pb-acid:
    cost: 202.839
    lifetime: 10.763
    annual_cost: 18.84595373037257
    efficiency: 0.774762
    discharge_ratio: 5
    depth_of_discharge: 0.5
  VRBF:
    cost: 179.2
    lifetime: 24.1977
    annual_cost: 7.405662521644619
    efficiency: 0.764714
    discharge_ratio: 0.5
    depth_of_discharge: 1.0
