cost_values:
  wind_capex: 5000.0
  wind_opex: 100
  wind_lifetime: 20
  solar_capex: 1000.0
  solar_opex: 10
  solar_lifetime: 20
  carbon_price: 1.0
timeseries_values:
  load_level: 246537.59801169753
  wind_year: 2010
  solar_year: 2019
  price_year: 2023
  carbon_year: 2023
storage_values:
  CAES:
    cost: 50.7769
    lifetime: 23.0102
    annual_cost: 2.206712675248368
    efficiency: 0.575816
    discharge_ratio: 0.1
    depth_of_discharge: 0.4
  Li-ion:
    cost: 148.817
    lifetime: 21.541
    annual_cost: 6.908546492734785
    efficiency: 0.904945
    discharge_ratio: 2
    depth_of_discharge: 0.9
  Pb-acid:
    cost: 218.872
    lifetime: 11.9503
    annual_cost: 18.315188740031633
    efficiency: 0.767718
    discharge_ratio: 5
    depth_of_discharge: 0.5
  VRBF:
    cost: 192.937
    lifetime: 23.8882
    annual_cost: 8.076665466632061
    efficiency: 0.777375
    discharge_ratio: 0.5
    depth_of_discharge: 1.0
