cost_values:
  wind_capex: 5000.0
  wind_opex: 100
  wind_lifetime: 20
  solar_capex: 1000.0
  solar_opex: 10
  solar_lifetime: 20
  carbon_price: 1.0
timeseries_values:
  load_level: 246537.59801169753
  wind_year: 2010
  solar_year: 2019
  price_year: 2023
  carbon_year: 2023
storage_values:
  CAES:
    cost: 58.4002
    lifetime: 23.3132
    annual_cost: 2.50502719489388
    efficiency: 0.571428
    discharge_ratio: 0.1
    depth_of_discharge: 0.4
  Li-ion:
    cost: 134.559
    lifetime: 19.6701
    annual_cost: 6.8407888114447815
    efficiency: 0.91321
    discharge_ratio: 2
    depth_of_discharge: 0.9
  Pb-acid:
    cost: 222.68
    lifetime: 10.3539
    annual_cost: 21.50687180675881
    efficiency: 0.789905
    discharge_ratio: 5
    depth_of_discharge: 0.5
  VRBF:
    cost: 171.847
    lifetime: 23.5856
    annual_cost: 7.286098297266129
    efficiency: 0.785079
    discharge_ratio: 0.5
    depth_of_discharge: 1.0
