cost_values:
  wind_capex: 5000.0
  wind_opex: 100
  wind_lifetime: 20
  solar_capex: 1000.0
  solar_opex: 10
  solar_lifetime: 20
  carbon_price: 1.0
timeseries_values:
  load_level: 246537.59801169753
  wind_year: 2010
  solar_year: 2019
  price_year: 2023
  carbon_year: 2023
storage_values:
  CAES:
    cost: 58.9578
    lifetime: 22.3245
    annual_cost: 2.6409460458240943
    efficiency: 0.569621
    discharge_ratio: 0.1
    depth_of_discharge: 0.4
  Li-ion:
    cost: 131.499
    lifetime: 20.1054
    annual_cost: 6.540481661643141
    efficiency: 0.894817
    discharge_ratio: 2
    depth_of_discharge: 0.9
  Pb-acid:
    cost: 233.926
    lifetime: 13.0517
    annual_cost: 17.92302918393772
    efficiency: 0.779652
    discharge_ratio: 5
    depth_of_discharge: 0.5
  VRBF:
    cost: 191.365
    lifetime: 25.4602
    annual_cost: 7.516241035027219
    efficiency: 0.785262
    discharge_ratio: 0.5
    depth_of_discharge: 1.0
