cost_values:
  wind_capex: 5000.0
  wind_opex: 100
  wind_lifetime: 20
  solar_capex: 1000.0
  solar_opex: 10
  solar_lifetime: 20
  carbon_price: 1.0
timeseries_values:
  load_level: 246537.59801169753
  wind_year: 2010
  solar_year: 2019
  price_year: 2023
  carbon_year: 2023
storage_values:
  CAES:
    cost: 57.028
    lifetime: 22.8495
    annual_cost: 2.495809536313705
    efficiency: 0.587531
    discharge_ratio: 0.1
    depth_of_discharge: 0.4
  Li-ion:
    cost: 141.275
    lifetime: 19.3654
    annual_cost: 7.295227570822188
    efficiency: 0.91125
    discharge_ratio: 2
    depth_of_discharge: 0.9
  Pb-acid:
    cost: 230.367
    lifetime: 12.0635
    annual_cost: 19.096199278816265
    efficiency: 0.770538
    discharge_ratio: 5
    depth_of_discharge: 0.5
  VRBF:
    cost: 194.127
    lifetime: 29.0046
    annual_cost: 6.692972838791088
    efficiency: 0.782538
    discharge_ratio: 0.5
    depth_of_discharge: 1.0
