cost_values:
  wind_capex: 5000.0
  wind_opex: 100
  wind_lifetime: 20
  solar_capex: 1000.0
  solar_opex: 10
  solar_lifetime: 20
  carbon_price: 1.0
timeseries_values:
  load_level: 246537.59801169753
  wind_year: 2010
  solar_year: 2019
  price_year: 2023
  carbon_year: 2023
storage_values:
  CAES:
    cost: 60.6206
    lifetime: 22.8247
    annual_cost: 2.6559209978663465
    efficiency: 0.575664
    discharge_ratio: 0.1
    depth_of_discharge: 0.4
  Li-ion:
    cost: 143.094
    lifetime: 22.5704
    annual_cost: 6.339896501612731
    efficiency: 0.89906
    discharge_ratio: 2
    depth_of_discharge: 0.9
  Pb-acid:
    cost: 224.382
    lifetime: 12.2131
    annual_cost: 18.37223964431635
    efficiency: 0.776885
    discharge_ratio: 5
    depth_of_discharge: 0.5
  VRBF:
    cost: 200.268
    lifetime: 24.6906
    annual_cost: 8.111103010862433
    efficiency: 0.7764
    discharge_ratio: 0.5
    depth_of_discharge: 1.0
