cost_values:
  wind_capex: 5000.0
  wind_opex: 100
  wind_lifetime: 20
  solar_capex: 1000.0
  solar_opex: 10
  solar_lifetime: 20
  carbon_price: 1.0
timeseries_values:
  load_level: 246537.59801169753
  wind_year: 2010
  solar_year: 2019
  price_year: 2023
  carbon_year: 2023
storage_values:
  CAES:
    cost: 55.3799
    lifetime: 22.5203
    annual_cost: 2.4591102249970027
    efficiency: 0.569471
    discharge_ratio: 0.1
    depth_of_discharge: 0.4
  Li-ion:
    cost: 114.028
    lifetime: 21.25
    annual_cost: 5.366023529411765
    efficiency: 0.900164
    discharge_ratio: 2
    depth_of_discharge: 0.9
  Pb-acid:
    cost: 198.929
    lifetime: 13.1638
    annual_cost: 15.11182181436971
    efficiency: 0.779136
    discharge_ratio: 5
    depth_of_discharge: 0.5
  VRBF:
    cost: 206.363
    lifetime: 24.5281
    annual_cost: 8.413330017408605
    efficiency: 0.773103
    discharge_ratio: 0.5
    depth_of_discharge: 1.0
