cost_values:
  wind_capex: 5000.0
  wind_opex: 100
  wind_lifetime: 20
  solar_capex: 1000.0
  solar_opex: 10
  solar_lifetime: 20
  carbon_price: 1.0
timeseries_values:
  load_level: 246537.59801169753
  wind_year: 2010
  solar_year: 2019
  price_year: 2023
  carbon_year: 2023
storage_values:
  CAES:
    cost: 57.3079
    lifetime: 22.2405
    annual_cost: 2.5767361345293494
    efficiency: 0.574336
    discharge_ratio: 0.1
    depth_of_discharge: 0.4
  Li-ion:
    cost: 126.169
    lifetime: 20.8001
    annual_cost: 6.065788145249301
    efficiency: 0.912304
    discharge_ratio: 2
    depth_of_discharge: 0.9
  Pb-acid:
    cost: 230.505
    lifetime: 13.0017
    annual_cost: 17.72883545997831
    efficiency: 0.775561
    discharge_ratio: 5
    depth_of_discharge: 0.5
  VRBF:
    cost: 172.134
    lifetime: 24.7237
    annual_cost: 6.962307421623786
    efficiency: 0.76932
    discharge_ratio: 0.5
    depth_of_discharge: 1.0
