cost_values:
  wind_capex: 5000.0
  wind_opex: 100
  wind_lifetime: 20
  solar_capex: 1000.0
  solar_opex: 10
  solar_lifetime: 20
  carbon_price: 1.0
timeseries_values:
  load_level: 246537.59801169753
  wind_year: 2010
  solar_year: 2019
  price_year: 2023
  carbon_year: 2023
storage_values:
  CAES:
    cost: 58.6585
    lifetime: 22.7191
    annual_cost: 2.5819024521217826
    efficiency: 0.579105
    discharge_ratio: 0.1
    depth_of_discharge: 0.4
  Li-ion:
    cost: 134.768
    lifetime: 22.0081
    annual_cost: 6.123563597039272
    efficiency: 0.929828
    discharge_ratio: 2
    depth_of_discharge: 0.9
  Pb-acid:
    cost: 209.122
    lifetime: 12.3927
    annual_cost: 16.87461166654563
    efficiency: 0.785094
    discharge_ratio: 5
    depth_of_discharge: 0.5
  VRBF:
    cost: 174.176
    lifetime: 23.2582
    annual_cost: 7.488799649155997
    efficiency: 0.776048
    discharge_ratio: 0.5
    depth_of_discharge: 1.0
