cost_values:
  wind_capex: 5000.0
  wind_opex: 100
  wind_lifetime: 20
  solar_capex: 1000.0
  solar_opex: 10
  solar_lifetime: 20
  carbon_price: 1.0
timeseries_values:
  load_level: 246537.59801169753
  wind_year: 2010
  solar_year: 2019
  price_year: 2023
  carbon_year: 2023
storage_values:
  CAES:
    cost: 57.3307
    lifetime: 22.6973
    annual_cost: 2.5258819330933635
    efficiency: 0.589823
    discharge_ratio: 0.1
    depth_of_discharge: 0.4
  Li-ion:
    cost: 126.993
    lifetime: 19.368
    annual_cost: 6.55684634448575
    efficiency: 0.903974
    discharge_ratio: 2
    depth_of_discharge: 0.9
  Pb-acid:
    cost: 225.762
    lifetime: 12.3486
    annual_cost: 18.282396385015307
    efficiency: 0.777164
    discharge_ratio: 5
    depth_of_discharge: 0.5
  VRBF:
    cost: 189.387
    lifetime: 25.8336
    annual_cost: 7.3310340022296545
    efficiency: 0.797042
    discharge_ratio: 0.5
    depth_of_discharge: 1.0
