cost_values:
  wind_capex: 5000.0
  wind_opex: 100
  wind_lifetime: 20
  solar_capex: 1000.0
  solar_opex: 10
  solar_lifetime: 20
  carbon_price: 1.0
timeseries_values:
  load_level: 246537.59801169753
  wind_year: 2010
  solar_year: 2019
  price_year: 2023
  carbon_year: 2023
storage_values:
  CAES:
    cost: 59.7304
    lifetime: 21.9338
    annual_cost: 2.7232125760242183
    efficiency: 0.588213
    discharge_ratio: 0.1
    depth_of_discharge: 0.4
  Li-ion:
    cost: 114.794
    lifetime: 22.0688
    annual_cost: 5.20164213731603
    efficiency: 0.917223
    discharge_ratio: 2
    depth_of_discharge: 0.9
  Pb-acid:
    cost: 231.913
    lifetime: 14.1979
    annual_cost: 16.334317046887215
    efficiency: 0.784198
    discharge_ratio: 5
    depth_of_discharge: 0.5
  VRBF:
    cost: 186.9
    lifetime: 25.2019
    annual_cost: 7.416107515703182
    efficiency: 0.786315
    discharge_ratio: 0.5
    depth_of_discharge: 1.0
