cost_values:
  wind_capex: 5000.0
  wind_opex: 100
  wind_lifetime: 20
  solar_capex: 1000.0
  solar_opex: 10
  solar_lifetime: 20
  carbon_price: 1.0
timeseries_values:
  load_level: 246537.59801169753
  wind_year: 2010
  solar_year: 2019
  price_year: 2023
  carbon_year: 2023
storage_values:
  CAES:
    cost: 57.9216
    lifetime: 22.7764
    annual_cost: 2.5430533359090988
    efficiency: 0.582903
    discharge_ratio: 0.1
    depth_of_discharge: 0.4
  Li-ion:
    cost: 114.292
    lifetime: 20.3702
    annual_cost: 5.610745108049994
    efficiency: 0.907497
    discharge_ratio: 2
    depth_of_discharge: 0.9
  Pb-acid:
    cost: 231.749
    lifetime: 13.8794
    annual_cost: 16.697335619695377
    efficiency: 0.776111
    discharge_ratio: 5
    depth_of_discharge: 0.5
  VRBF:
    cost: 158.85
    lifetime: 25.4781
    annual_cost: 6.234766328729378
    efficiency: 0.777464
    discharge_ratio: 0.5
    depth_of_discharge: 1.0
