cost_values:
  wind_capex: 5000.0
  wind_opex: 100
  wind_lifetime: 20
  solar_capex: 1000.0
  solar_opex: 10
  solar_lifetime: 20
  carbon_price: 1.0
timeseries_values:
  load_level: 246537.59801169753
  wind_year: 2010
  solar_year: 2019
  price_year: 2023
  carbon_year: 2023
storage_values:
  CAES:
    cost: 59.6897
    lifetime: 22.4961
    annual_cost: 2.653335467036509
    efficiency: 0.577662
    discharge_ratio: 0.1
    depth_of_discharge: 0.4
  Li-ion:
    cost: 105.995
    lifetime: 22.8316
    annual_cost: 4.642469209341439
    efficiency: 0.888316
    discharge_ratio: 2
    depth_of_discharge: 0.9
  Pb-acid:
    cost: 230.376
    lifetime: 11.336
    annual_cost: 20.322512350035286
    efficiency: 0.772911
    discharge_ratio: 5
    depth_of_discharge: 0.5
  VRBF:
    cost: 220.144
    lifetime: 26.6197
    annual_cost: 8.26996547669583
    efficiency: 0.774632
    discharge_ratio: 0.5
    depth_of_discharge: 1.0
