cost_values:
  wind_capex: 5000.0
  wind_opex: 100
  wind_lifetime: 20
  solar_capex: 1000.0
  solar_opex: 10
  solar_lifetime: 20
  carbon_price: 1.0
timeseries_values:
  load_level: 246537.59801169753
  wind_year: 2010
  solar_year: 2019
  price_year: 2023
  carbon_year: 2023
storage_values:
  CAES:
    cost: 56.3546
    lifetime: 22.991
    annual_cost: 2.4511591492323084
    efficiency: 0.582187
    discharge_ratio: 0.1
    depth_of_discharge: 0.4
  Li-ion:
    cost: 119.183
    lifetime: 22.2961
    annual_cost: 5.345464004915659
    efficiency: 0.903678
    discharge_ratio: 2
    depth_of_discharge: 0.9
  Pb-acid:
    cost: 214.559
    lifetime: 12.4727
    annual_cost: 17.20228980092522
    efficiency: 0.781323
    discharge_ratio: 5
    depth_of_discharge: 0.5
  VRBF:
    cost: 182.947
    lifetime: 24.3891
    annual_cost: 7.501178805285968
    efficiency: 0.772498
    discharge_ratio: 0.5
    depth_of_discharge: 1.0
