cost_values:
  wind_capex: 5000.0
  wind_opex: 100
  wind_lifetime: 20
  solar_capex: 1000.0
  solar_opex: 10
  solar_lifetime: 20
  carbon_price: 1.0
timeseries_values:
  load_level: 246537.59801169753
  wind_year: 2010
  solar_year: 2019
  price_year: 2023
  carbon_year: 2023
storage_values:
  CAES:
    cost: 60.3035
    lifetime: 23.7268
    annual_cost: 2.5415774567156126
    efficiency: 0.580955
    discharge_ratio: 0.1
    depth_of_discharge: 0.4
  Li-ion:
    cost: 117.747
    lifetime: 22.1965
    annual_cost: 5.304755254206745
    efficiency: 0.901834
    discharge_ratio: 2
    depth_of_discharge: 0.9
  Pb-acid:
    cost: 243.744
    lifetime: 11.8989
    annual_cost: 20.484582608476416
    efficiency: 0.781714
    discharge_ratio: 5
    depth_of_discharge: 0.5
  VRBF:
    cost: 181.881
    lifetime: 27.1328
    annual_cost: 6.703362719660338
    efficiency: 0.789446
    discharge_ratio: 0.5
    depth_of_discharge: 1.0
