cost_values:
  wind_capex: 5000.0
  wind_opex: 100
  wind_lifetime: 20
  solar_capex: 1000.0
  solar_opex: 10
  solar_lifetime: 20
  carbon_price: 1.0
timeseries_values:
  load_level: 246537.59801169753
  wind_year: 2010
  solar_year: 2019
  price_year: 2023
  carbon_year: 2023
storage_values:
  CAES:
    cost: 59.3312
    lifetime: 22.704
    annual_cost: 2.6132487667371387
    efficiency: 0.574878
    discharge_ratio: 0.1
    depth_of_discharge: 0.4
  Li-ion:
    cost: 156.036
    lifetime: 18.5995
    annual_cost: 8.38925777574666
    efficiency: 0.901688
    discharge_ratio: 2
    depth_of_discharge: 0.9
  Pb-acid:
    cost: 213.856
    lifetime: 12.9243
    annual_cost: 16.546814914540825
    efficiency: 0.794394
    discharge_ratio: 5
    depth_of_discharge: 0.5
  VRBF:
    cost: 195.013
    lifetime: 26.4344
    annual_cost: 7.3772432890476045
    efficiency: 0.787779
    discharge_ratio: 0.5
    depth_of_discharge: 1.0
