cost_values:
  wind_capex: 5000.0
  wind_opex: 100
  wind_lifetime: 20
  solar_capex: 1000.0
  solar_opex: 10
  solar_lifetime: 20
  carbon_price: 1.0
timeseries_values:
  load_level: 246537.59801169753
  wind_year: 2010
  solar_year: 2019
  price_year: 2023
  carbon_year: 2023
storage_values:
  CAES:
    cost: 61.9564
    lifetime: 22.3266
    annual_cost: 2.775003807117967
    efficiency: 0.56553
    discharge_ratio: 0.1
    depth_of_discharge: 0.4
  Li-ion:
    cost: 124.839
    lifetime: 20.3633
    annual_cost: 6.130587871317518
    efficiency: 0.901317
    discharge_ratio: 2
    depth_of_discharge: 0.9
  Pb-acid:
    cost: 219.084
    lifetime: 12.1286
    annual_cost: 18.06342034529954
    efficiency: 0.766817
    discharge_ratio: 5
    depth_of_discharge: 0.5
  VRBF:
    cost: 235.98
    lifetime: 26.4815
    annual_cost: 8.911126635575778
    efficiency: 0.768168
    discharge_ratio: 0.5
    depth_of_discharge: 1.0
