cost_values:
  wind_capex: 5000.0
  wind_opex: 100
  wind_lifetime: 20
  solar_capex: 1000.0
  solar_opex: 10
  solar_lifetime: 20
  carbon_price: 1.0
timeseries_values:
  load_level: 246537.59801169753
  wind_year: 2010
  solar_year: 2019
  price_year: 2023
  carbon_year: 2023
storage_values:
  CAES:
    cost: 59.7769
    lifetime: 21.696
    annual_cost: 2.75520372418879
    efficiency: 0.583809
    discharge_ratio: 0.1
    depth_of_discharge: 0.4
  Li-ion:
    cost: 129.748
    lifetime: 21.0849
    annual_cost: 6.153598072554292
    efficiency: 0.901524
    discharge_ratio: 2
    depth_of_discharge: 0.9
  Pb-acid:
    cost: 222.54
    lifetime: 12.3207
    annual_cost: 18.062285422094522
    efficiency: 0.749244
    discharge_ratio: 5
    depth_of_discharge: 0.5
  VRBF:
    cost: 206.088
    lifetime: 24.3825
    annual_cost: 8.45229160258382
    efficiency: 0.777311
    discharge_ratio: 0.5
    depth_of_discharge: 1.0
