cost_values:
  wind_capex: 5000.0
  wind_opex: 100
  wind_lifetime: 20
  solar_capex: 1000.0
  solar_opex: 10
  solar_lifetime: 20
  carbon_price: 1.0
timeseries_values:
  load_level: 246537.59801169753
  wind_year: 2010
  solar_year: 2019
  price_year: 2023
  carbon_year: 2023
storage_values:
  CAES:
    cost: 57.4391
    lifetime: 23.6569
    annual_cost: 2.4280062053777125
    efficiency: 0.57568
    discharge_ratio: 0.1
    depth_of_discharge: 0.4
  Li-ion:
    cost: 123.994
    lifetime: 21.1585
    annual_cost: 5.8602452914904175
    efficiency: 0.927693
    discharge_ratio: 2
    depth_of_discharge: 0.9
  Pb-acid:
    cost: 222.485
    lifetime: 11.0416
    annual_cost: 20.149706564266047
    efficiency: 0.774333
    discharge_ratio: 5
    depth_of_discharge: 0.5
  VRBF:
    cost: 186.568
    lifetime: 27.1369
    annual_cost: 6.8750667909746515
    efficiency: 0.799319
    discharge_ratio: 0.5
    depth_of_discharge: 1.0
