cost_values:
  wind_capex: 5000.0
  wind_opex: 100
  wind_lifetime: 20
  solar_capex: 1000.0
  solar_opex: 10
  solar_lifetime: 20
  carbon_price: 1.0
timeseries_values:
  load_level: 246537.59801169753
  wind_year: 2010
  solar_year: 2019
  price_year: 2023
  carbon_year: 2023
storage_values:
  CAES:
    cost: 55.5053
    lifetime: 22.2072
    annual_cost: 2.4994281134046616
    efficiency: 0.58621
    discharge_ratio: 0.1
    depth_of_discharge: 0.4
  Li-ion:
    cost: 136.88
    lifetime: 22.0454
    annual_cost: 6.2090050532083785
    efficiency: 0.89743
    discharge_ratio: 2
    depth_of_discharge: 0.9
  Pb-acid:
    cost: 202.641
    lifetime: 12.2624
    annual_cost: 16.52539470250522
    efficiency: 0.770529
    discharge_ratio: 5
    depth_of_discharge: 0.5
  VRBF:
    cost: 173.669
    lifetime: 24.9471
    annual_cost: 6.961490513927472
    efficiency: 0.78581
    discharge_ratio: 0.5
    depth_of_discharge: 1.0
