cost_values:
  wind_capex: 5000.0
  wind_opex: 100
  wind_lifetime: 20
  solar_capex: 1000.0
  solar_opex: 10
  solar_lifetime: 20
  carbon_price: 1.0
timeseries_values:
  load_level: 246537.59801169753
  wind_year: 2010
  solar_year: 2019
  price_year: 2023
  carbon_year: 2023
storage_values:
  CAES:
    cost: 60.3667
    lifetime: 20.9329
    annual_cost: 2.8838192510354514
    efficiency: 0.584864
    discharge_ratio: 0.1
    depth_of_discharge: 0.4
  Li-ion:
    cost: 122.57
    lifetime: 19.2389
    annual_cost: 6.370946363877352
    efficiency: 0.901124
    discharge_ratio: 2
    depth_of_discharge: 0.9
  Pb-acid:
    cost: 228.101
    lifetime: 13.4807
    annual_cost: 16.920560505018283
    efficiency: 0.773026
    discharge_ratio: 5
    depth_of_discharge: 0.5
  VRBF:
    cost: 154.258
    lifetime: 25.6912
    annual_cost: 6.004312760789688
    efficiency: 0.786288
    discharge_ratio: 0.5
    depth_of_discharge: 1.0
