cost_values:
  wind_capex: 5000.0
  wind_opex: 100
  wind_lifetime: 20
  solar_capex: 1000.0
  solar_opex: 10
  solar_lifetime: 20
  carbon_price: 1.0
timeseries_values:
  load_level: 246537.59801169753
  wind_year: 2010
  solar_year: 2019
  price_year: 2023
  carbon_year: 2023
storage_values:
  CAES:
    cost: 53.0413
    lifetime: 24.0833
    annual_cost: 2.202409968733521
    efficiency: 0.576463
    discharge_ratio: 0.1
    depth_of_discharge: 0.4
  Li-ion:
    cost: 128.257
    lifetime: 21.7572
    annual_cost: 5.894922140716636
    efficiency: 0.9058
    discharge_ratio: 2
    depth_of_discharge: 0.9
  Pb-acid:
    cost: 234.759
    lifetime: 13.0941
    annual_cost: 17.928609068206292
    efficiency: 0.783832
    discharge_ratio: 5
    depth_of_discharge: 0.5
  VRBF:
    cost: 215.97
    lifetime: 27.2711
    annual_cost: 7.919372522560512
    efficiency: 0.797665
    discharge_ratio: 0.5
    depth_of_discharge: 1.0
