cost_values:
  wind_capex: 5000.0
  wind_opex: 100
  wind_lifetime: 20
  solar_capex: 1000.0
  solar_opex: 10
  solar_lifetime: 20
  carbon_price: 1.0
timeseries_values:
  load_level: 246537.59801169753
  wind_year: 2010
  solar_year: 2019
  price_year: 2023
  carbon_year: 2023
storage_values:
  CAES:
    cost: 63.0394
    lifetime: 22.8664
    annual_cost: 2.756857222824756
    efficiency: 0.581572
    discharge_ratio: 0.1
    depth_of_discharge: 0.4
  Li-ion:
    cost: 110.058
    lifetime: 19.3416
    annual_cost: 5.690222111924557
    efficiency: 0.896597
    discharge_ratio: 2
    depth_of_discharge: 0.9
  Pb-acid:
    cost: 229.092
    lifetime: 12.8503
    annual_cost: 17.82775499404683
    efficiency: 0.774692
    discharge_ratio: 5
    depth_of_discharge: 0.5
  VRBF:
    cost: 174.719
    lifetime: 27.2375
    annual_cost: 6.414648921523634
    efficiency: 0.788878
    discharge_ratio: 0.5
    depth_of_discharge: 1.0
