cost_values:
  wind_capex: 5000.0
  wind_opex: 100
  wind_lifetime: 20
  solar_capex: 1000.0
  solar_opex: 10
  solar_lifetime: 20
  carbon_price: 1.0
timeseries_values:
  load_level: 246537.59801169753
  wind_year: 2010
  solar_year: 2019
  price_year: 2023
  carbon_year: 2023
storage_values:
  CAES:
    cost: 58.0419
    lifetime: 22.9374
    annual_cost: 2.5304480891469825
    efficiency: 0.569066
    discharge_ratio: 0.1
    depth_of_discharge: 0.4
  Li-ion:
    cost: 136.24
    lifetime: 20.438
    annual_cost: 6.666014287112243
    efficiency: 0.91918
    discharge_ratio: 2
    depth_of_discharge: 0.9
  Pb-acid:
    cost: 225.891
    lifetime: 13.1264
    annual_cost: 17.20890724037055
    efficiency: 0.773686
    discharge_ratio: 5
    depth_of_discharge: 0.5
  VRBF:
    cost: 171.078
    lifetime: 25.8515
    annual_cost: 6.617720441753863
    efficiency: 0.775162
    discharge_ratio: 0.5
    depth_of_discharge: 1.0
