cost_values:
  wind_capex: 5000.0
  wind_opex: 100
  wind_lifetime: 20
  solar_capex: 1000.0
  solar_opex: 10
  solar_lifetime: 20
  carbon_price: 1.0
timeseries_values:
  load_level: 246537.59801169753
  wind_year: 2010
  solar_year: 2019
  price_year: 2023
  carbon_year: 2023
storage_values:
  CAES:
    cost: 57.1676
    lifetime: 21.5409
    annual_cost: 2.653909539527132
    efficiency: 0.577631
    discharge_ratio: 0.1
    depth_of_discharge: 0.4
  Li-ion:
    cost: 103.608
    lifetime: 19.4653
    annual_cost: 5.322702450000771
    efficiency: 0.900693
    discharge_ratio: 2
    depth_of_discharge: 0.9
  Pb-acid:
    cost: 225.447
    lifetime: 13.6218
    annual_cost: 16.550455886887196
    efficiency: 0.758808
    discharge_ratio: 5
    depth_of_discharge: 0.5
  VRBF:
    cost: 203.713
    lifetime: 23.7911
    annual_cost: 8.562571717995384
    efficiency: 0.760359
    discharge_ratio: 0.5
    depth_of_discharge: 1.0
