cost_values:
  wind_capex: 5000.0
  wind_opex: 100
  wind_lifetime: 20
  solar_capex: 1000.0
  solar_opex: 10
  solar_lifetime: 20
  carbon_price: 1.0
timeseries_values:
  load_level: 246537.59801169753
  wind_year: 2010
  solar_year: 2019
  price_year: 2023
  carbon_year: 2023
storage_values:
  CAES:
    cost: 59.6258
    lifetime: 22.2633
    annual_cost: 2.6782103282083067
    efficiency: 0.578207
    discharge_ratio: 0.1
    depth_of_discharge: 0.4
  Li-ion:
    cost: 117.39
    lifetime: 20.3344
    annual_cost: 5.772975843890157
    efficiency: 0.902644
    discharge_ratio: 2
    depth_of_discharge: 0.9
  Pb-acid:
    cost: 213.13
    lifetime: 12.9807
    annual_cost: 16.418991271657152
    efficiency: 0.776756
    discharge_ratio: 5
    depth_of_discharge: 0.5
  VRBF:
    cost: 182.8
    lifetime: 27.5231
    annual_cost: 6.641693704560897
    efficiency: 0.780396
    discharge_ratio: 0.5
    depth_of_discharge: 1.0
