cost_values:
  wind_capex: 5000.0
  wind_opex: 100
  wind_lifetime: 20
  solar_capex: 1000.0
  solar_opex: 10
  solar_lifetime: 20
  carbon_price: 1.0
timeseries_values:
  load_level: 246537.59801169753
  wind_year: 2010
  solar_year: 2019
  price_year: 2023
  carbon_year: 2023
storage_values:
  CAES:
    cost: 62.2499
    lifetime: 23.1464
    annual_cost: 2.689398783396122
    efficiency: 0.58561
    discharge_ratio: 0.1
    depth_of_discharge: 0.4
  Li-ion:
    cost: 116.126
    lifetime: 21.1329
    annual_cost: 5.4950338098415275
    efficiency: 0.902744
    discharge_ratio: 2
    depth_of_discharge: 0.9
  Pb-acid:
    cost: 238.443
    lifetime: 12.6091
    annual_cost: 18.91039011507562
    efficiency: 0.775611
    discharge_ratio: 5
    depth_of_discharge: 0.5
  VRBF:
    cost: 182.281
    lifetime: 23.8188
    annual_cost: 7.652820461148337
    efficiency: 0.771542
    discharge_ratio: 0.5
    depth_of_discharge: 1.0
