cost_values:
  wind_capex: 5000.0
  wind_opex: 100
  wind_lifetime: 20
  solar_capex: 1000.0
  solar_opex: 10
  solar_lifetime: 20
  carbon_price: 1.0
timeseries_values:
  load_level: 215410.16979042004
  wind_year: 2011
  solar_year: 2017
  price_year: 2023
  carbon_year: 2023
storage_values:
  CAES:
    cost: 60.0364
    lifetime: 24.0308
    annual_cost: 2.4983105015230453
    efficiency: 0.609282
    discharge_ratio: 0.1
    depth_of_discharge: 0.4
  Li-ion:
    cost: 206.608
    lifetime: 20.4274
    annual_cost: 10.114258300126302
    efficiency: 0.911947
    discharge_ratio: 2
    depth_of_discharge: 0.9
  Pb-acid:
    cost: 174.424
    lifetime: 9.34567
    annual_cost: 18.663616412734452
    efficiency: 0.763558
    discharge_ratio: 5
    depth_of_discharge: 0.5
  VRBF:
    cost: 333.809
    lifetime: 25.8739
    annual_cost: 12.901379382311907
    efficiency: 0.720305
    discharge_ratio: 0.5
    depth_of_discharge: 1.0
