cost_values:
  wind_capex: 5000.0
  wind_opex: 100
  wind_lifetime: 20
  solar_capex: 1000.0
  solar_opex: 10
  solar_lifetime: 20
  carbon_price: 1.0
timeseries_values:
  load_level: 215410.16979042004
  wind_year: 2011
  solar_year: 2017
  price_year: 2023
  carbon_year: 2023
storage_values:
  CAES:
    cost: 59.9931
    lifetime: 24.0966
    annual_cost: 2.4896914917457234
    efficiency: 0.603965
    discharge_ratio: 0.1
    depth_of_discharge: 0.4
  Li-ion:
    cost: 226.297
    lifetime: 23.1177
    annual_cost: 9.788906335837908
    efficiency: 0.922951
    discharge_ratio: 2
    depth_of_discharge: 0.9
  Pb-acid:
    cost: 166.215
    lifetime: 11.0992
    annual_cost: 14.975403632694249
    efficiency: 0.771616
    discharge_ratio: 5
    depth_of_discharge: 0.5
  VRBF:
    cost: 328.28
    lifetime: 26.5277
    annual_cost: 12.37498916227189
    efficiency: 0.687149
    discharge_ratio: 0.5
    depth_of_discharge: 1.0
