cost_values:
  wind_capex: 5000.0
  wind_opex: 100
  wind_lifetime: 20
  solar_capex: 1000.0
  solar_opex: 10
  solar_lifetime: 20
  carbon_price: 1.0
timeseries_values:
  load_level: 215410.16979042004
  wind_year: 2011
  solar_year: 2017
  price_year: 2023
  carbon_year: 2023
storage_values:
  CAES:
    cost: 58.3538
    lifetime: 23.6751
    annual_cost: 2.4647752279821415
    efficiency: 0.606835
    discharge_ratio: 0.1
    depth_of_discharge: 0.4
  Li-ion:
    cost: 222.717
    lifetime: 21.3194
    annual_cost: 10.446682364419262
    efficiency: 0.915887
    discharge_ratio: 2
    depth_of_discharge: 0.9
  Pb-acid:
    cost: 153.985
    lifetime: 10.209
    annual_cost: 15.083259868743268
    efficiency: 0.775361
    discharge_ratio: 5
    depth_of_discharge: 0.5
  VRBF:
    cost: 307.699
    lifetime: 27.2632
    annual_cost: 11.28623932627131
    efficiency: 0.701769
    discharge_ratio: 0.5
    depth_of_discharge: 1.0
