cost_values:
  wind_capex: 5000.0
  wind_opex: 100
  wind_lifetime: 20
  solar_capex: 1000.0
  solar_opex: 10
  solar_lifetime: 20
  carbon_price: 1.0
timeseries_values:
  load_level: 215410.16979042004
  wind_year: 2011
  solar_year: 2017
  price_year: 2023
  carbon_year: 2023
storage_values:
  CAES:
    cost: 58.3061
    lifetime: 23.1093
    annual_cost: 2.523057816550047
    efficiency: 0.610517
    discharge_ratio: 0.1
    depth_of_discharge: 0.4
  Li-ion:
    cost: 233.905
    lifetime: 22.8928
    annual_cost: 10.217404598825832
    efficiency: 0.912925
    discharge_ratio: 2
    depth_of_discharge: 0.9
  Pb-acid:
    cost: 161.534
    lifetime: 11.7674
    annual_cost: 13.727246460560531
    efficiency: 0.780894
    discharge_ratio: 5
    depth_of_discharge: 0.5
  VRBF:
    cost: 312.14
    lifetime: 27.4823
    annual_cost: 11.357855783540678
    efficiency: 0.715404
    discharge_ratio: 0.5
    depth_of_discharge: 1.0
