cost_values:
  wind_capex: 5000.0
  wind_opex: 100
  wind_lifetime: 20
  solar_capex: 1000.0
  solar_opex: 10
  solar_lifetime: 20
  carbon_price: 1.0
timeseries_values:
  load_level: 215410.16979042004
  wind_year: 2011
  solar_year: 2017
  price_year: 2023
  carbon_year: 2023
storage_values:
  CAES:
    cost: 61.951
    lifetime: 24.0017
    annual_cost: 2.581108838123966
    efficiency: 0.605541
    discharge_ratio: 0.1
    depth_of_discharge: 0.4
  Li-ion:
    cost: 233.117
    lifetime: 22.573
    annual_cost: 10.327249368714837
    efficiency: 0.901443
    discharge_ratio: 2
    depth_of_discharge: 0.9
  Pb-acid:
    cost: 170.8
    lifetime: 11.5823
    annual_cost: 14.746639268539065
    efficiency: 0.76774
    discharge_ratio: 5
    depth_of_discharge: 0.5
  VRBF:
    cost: 294.66
    lifetime: 28.8092
    annual_cost: 10.22798272773975
    efficiency: 0.714201
    discharge_ratio: 0.5
    depth_of_discharge: 1.0
