cost_values:
  wind_capex: 5000.0
  wind_opex: 100
  wind_lifetime: 20
  solar_capex: 1000.0
  solar_opex: 10
  solar_lifetime: 20
  carbon_price: 1.0
timeseries_values:
  load_level: 215410.16979042004
  wind_year: 2011
  solar_year: 2017
  price_year: 2023
  carbon_year: 2023
storage_values:
  CAES:
    cost: 63.0431
    lifetime: 23.8046
    annual_cost: 2.6483578804096686
    efficiency: 0.605642
    discharge_ratio: 0.1
    depth_of_discharge: 0.4
  Li-ion:
    cost: 226.061
    lifetime: 20.6028
    annual_cost: 10.972343564952338
    efficiency: 0.918773
    discharge_ratio: 2
    depth_of_discharge: 0.9
  Pb-acid:
    cost: 149.969
    lifetime: 11.4301
    annual_cost: 13.120532628760904
    efficiency: 0.766225
    discharge_ratio: 5
    depth_of_discharge: 0.5
  VRBF:
    cost: 312.126
    lifetime: 24.992
    annual_cost: 12.489036491677336
    efficiency: 0.718665
    discharge_ratio: 0.5
    depth_of_discharge: 1.0
