cost_values:
  wind_capex: 5000.0
  wind_opex: 100
  wind_lifetime: 20
  solar_capex: 1000.0
  solar_opex: 10
  solar_lifetime: 20
  carbon_price: 1.0
timeseries_values:
  load_level: 215410.16979042004
  wind_year: 2011
  solar_year: 2017
  price_year: 2023
  carbon_year: 2023
storage_values:
  CAES:
    cost: 58.7666
    lifetime: 25.103
    annual_cost: 2.3410190017129424
    efficiency: 0.608245
    discharge_ratio: 0.1
    depth_of_discharge: 0.4
  Li-ion:
    cost: 232.245
    lifetime: 22.5003
    annual_cost: 10.321862375168331
    efficiency: 0.913526
    discharge_ratio: 2
    depth_of_discharge: 0.9
  Pb-acid:
    cost: 146.867
    lifetime: 10.7905
    annual_cost: 13.610768731754783
    efficiency: 0.760468
    discharge_ratio: 5
    depth_of_discharge: 0.5
  VRBF:
    cost: 329.398
    lifetime: 25.7026
    annual_cost: 12.815746266914632
    efficiency: 0.718915
    discharge_ratio: 0.5
    depth_of_discharge: 1.0
