cost_values:
  wind_capex: 5000.0
  wind_opex: 100
  wind_lifetime: 20
  solar_capex: 1000.0
  solar_opex: 10
  solar_lifetime: 20
  carbon_price: 1.0
timeseries_values:
  load_level: 215410.16979042004
  wind_year: 2011
  solar_year: 2017
  price_year: 2023
  carbon_year: 2023
storage_values:
  CAES:
    cost: 69.5404
    lifetime: 23.8379
    annual_cost: 2.9172200571359057
    efficiency: 0.607138
    discharge_ratio: 0.1
    depth_of_discharge: 0.4
  Li-ion:
    cost: 255.092
    lifetime: 20.9718
    annual_cost: 12.163572034827721
    efficiency: 0.905173
    discharge_ratio: 2
    depth_of_discharge: 0.9
  Pb-acid:
    cost: 153.559
    lifetime: 10.757
    annual_cost: 14.275262619689505
    efficiency: 0.775749
    discharge_ratio: 5
    depth_of_discharge: 0.5
  VRBF:
    cost: 315.428
    lifetime: 25.2324
    annual_cost: 12.500911526450121
    efficiency: 0.715615
    discharge_ratio: 0.5
    depth_of_discharge: 1.0
