cost_values:
  wind_capex: 5000.0
  wind_opex: 100
  wind_lifetime: 20
  solar_capex: 1000.0
  solar_opex: 10
  solar_lifetime: 20
  carbon_price: 1.0
timeseries_values:
  load_level: 215410.16979042004
  wind_year: 2011
  solar_year: 2017
  price_year: 2023
  carbon_year: 2023
storage_values:
  CAES:
    cost: 63.5456
    lifetime: 25.8973
    annual_cost: 2.4537538662331593
    efficiency: 0.60328
    discharge_ratio: 0.1
    depth_of_discharge: 0.4
  Li-ion:
    cost: 237.798
    lifetime: 20.6185
    annual_cost: 11.53323471639547
    efficiency: 0.913641
    discharge_ratio: 2
    depth_of_discharge: 0.9
  Pb-acid:
    cost: 165.396
    lifetime: 10.7155
    annual_cost: 15.43521067612337
    efficiency: 0.777983
    discharge_ratio: 5
    depth_of_discharge: 0.5
  VRBF:
    cost: 330.575
    lifetime: 28.1339
    annual_cost: 11.750059536715492
    efficiency: 0.724748
    discharge_ratio: 0.5
    depth_of_discharge: 1.0
