cost_values:
  wind_capex: 5000.0
  wind_opex: 100
  wind_lifetime: 20
  solar_capex: 1000.0
  solar_opex: 10
  solar_lifetime: 20
  carbon_price: 1.0
timeseries_values:
  load_level: 215410.16979042004
  wind_year: 2011
  solar_year: 2017
  price_year: 2023
  carbon_year: 2023
storage_values:
  CAES:
    cost: 59.8295
    lifetime: 24.5054
    annual_cost: 2.4414822855370653
    efficiency: 0.610465
    discharge_ratio: 0.1
    depth_of_discharge: 0.4
  Li-ion:
    cost: 231.942
    lifetime: 20.621
    annual_cost: 11.247854129285681
    efficiency: 0.913912
    discharge_ratio: 2
    depth_of_discharge: 0.9
  Pb-acid:
    cost: 150.5
    lifetime: 10.6671
    annual_cost: 14.10880182992566
    efficiency: 0.769725
    discharge_ratio: 5
    depth_of_discharge: 0.5
  VRBF:
    cost: 289.049
    lifetime: 24.8751
    annual_cost: 11.620013587885072
    efficiency: 0.73426
    discharge_ratio: 0.5
    depth_of_discharge: 1.0
