cost_values:
  wind_capex: 5000.0
  wind_opex: 100
  wind_lifetime: 20
  solar_capex: 1000.0
  solar_opex: 10
  solar_lifetime: 20
  carbon_price: 1.0
timeseries_values:
  load_level: 215410.16979042004
  wind_year: 2011
  solar_year: 2017
  price_year: 2023
  carbon_year: 2023
storage_values:
  CAES:
    cost: 63.4413
    lifetime: 23.87
    annual_cost: 2.6577838290741513
    efficiency: 0.604267
    discharge_ratio: 0.1
    depth_of_discharge: 0.4
  Li-ion:
    cost: 229.899
    lifetime: 20.408
    annual_cost: 11.265141121128968
    efficiency: 0.909332
    discharge_ratio: 2
    depth_of_discharge: 0.9
  Pb-acid:
    cost: 170.351
    lifetime: 9.7968
    annual_cost: 17.388432957700473
    efficiency: 0.765311
    discharge_ratio: 5
    depth_of_discharge: 0.5
  VRBF:
    cost: 310.471
    lifetime: 29.0134
    annual_cost: 10.700951973915501
    efficiency: 0.713473
    discharge_ratio: 0.5
    depth_of_discharge: 1.0
