cost_values:
  wind_capex: 5000.0
  wind_opex: 100
  wind_lifetime: 20
  solar_capex: 1000.0
  solar_opex: 10
  solar_lifetime: 20
  carbon_price: 1.0
timeseries_values:
  load_level: 215410.16979042004
  wind_year: 2011
  solar_year: 2017
  price_year: 2023
  carbon_year: 2023
storage_values:
  CAES:
    cost: 58.4464
    lifetime: 24.2979
    annual_cost: 2.4054095209874107
    efficiency: 0.620064
    discharge_ratio: 0.1
    depth_of_discharge: 0.4
  Li-ion:
    cost: 224.391
    lifetime: 21.0835
    annual_cost: 10.642967249270756
    efficiency: 0.907418
    discharge_ratio: 2
    depth_of_discharge: 0.9
  Pb-acid:
    cost: 120.54
    lifetime: 10.0902
    annual_cost: 11.946244871261225
    efficiency: 0.755175
    discharge_ratio: 5
    depth_of_discharge: 0.5
  VRBF:
    cost: 342.782
    lifetime: 26.528
    annual_cost: 12.921516887816647
    efficiency: 0.715182
    discharge_ratio: 0.5
    depth_of_discharge: 1.0
