cost_values:
  wind_capex: 5000.0
  wind_opex: 100
  wind_lifetime: 20
  solar_capex: 1000.0
  solar_opex: 10
  solar_lifetime: 20
  carbon_price: 1.0
timeseries_values:
  load_level: 215410.16979042004
  wind_year: 2011
  solar_year: 2017
  price_year: 2023
  carbon_year: 2023
storage_values:
  CAES:
    cost: 59.7253
    lifetime: 24.6841
    annual_cost: 2.4195858872715634
    efficiency: 0.606696
    discharge_ratio: 0.1
    depth_of_discharge: 0.4
  Li-ion:
    cost: 253.891
    lifetime: 20.3468
    annual_cost: 12.47817838677335
    efficiency: 0.918314
    discharge_ratio: 2
    depth_of_discharge: 0.9
  Pb-acid:
    cost: 157.124
    lifetime: 9.60212
    annual_cost: 16.363469733767126
    efficiency: 0.775258
    discharge_ratio: 5
    depth_of_discharge: 0.5
  VRBF:
    cost: 309.008
    lifetime: 27.9447
    annual_cost: 11.057839232484156
    efficiency: 0.718203
    discharge_ratio: 0.5
    depth_of_discharge: 1.0
