cost_values:
  wind_capex: 5000.0
  wind_opex: 100
  wind_lifetime: 20
  solar_capex: 1000.0
  solar_opex: 10
  solar_lifetime: 20
  carbon_price: 1.0
timeseries_values:
  load_level: 215410.16979042004
  wind_year: 2011
  solar_year: 2017
  price_year: 2023
  carbon_year: 2023
storage_values:
  CAES:
    cost: 58.1376
    lifetime: 25.6127
    annual_cost: 2.269873929730173
    efficiency: 0.619978
    discharge_ratio: 0.1
    depth_of_discharge: 0.4
  Li-ion:
    cost: 216.507
    lifetime: 20.9426
    annual_cost: 10.338114656250896
    efficiency: 0.907367
    discharge_ratio: 2
    depth_of_discharge: 0.9
  Pb-acid:
    cost: 157.751
    lifetime: 10.8079
    annual_cost: 14.595897445387171
    efficiency: 0.782073
    discharge_ratio: 5
    depth_of_discharge: 0.5
  VRBF:
    cost: 308.413
    lifetime: 26.7524
    annual_cost: 11.528423618067912
    efficiency: 0.693614
    discharge_ratio: 0.5
    depth_of_discharge: 1.0
