cost_values:
  wind_capex: 5000.0
  wind_opex: 100
  wind_lifetime: 20
  solar_capex: 1000.0
  solar_opex: 10
  solar_lifetime: 20
  carbon_price: 1.0
timeseries_values:
  load_level: 215410.16979042004
  wind_year: 2011
  solar_year: 2017
  price_year: 2023
  carbon_year: 2023
storage_values:
  CAES:
    cost: 60.4916
    lifetime: 24.8942
    annual_cost: 2.429947537980734
    efficiency: 0.603414
    discharge_ratio: 0.1
    depth_of_discharge: 0.4
  Li-ion:
    cost: 214.805
    lifetime: 20.7043
    annual_cost: 10.374897968054945
    efficiency: 0.912191
    discharge_ratio: 2
    depth_of_discharge: 0.9
  Pb-acid:
    cost: 147.519
    lifetime: 9.66172
    annual_cost: 15.268399415424996
    efficiency: 0.761932
    discharge_ratio: 5
    depth_of_discharge: 0.5
  VRBF:
    cost: 309.881
    lifetime: 29.587
    annual_cost: 10.473552573765504
    efficiency: 0.718172
    discharge_ratio: 0.5
    depth_of_discharge: 1.0
