cost_values:
  wind_capex: 5000.0
  wind_opex: 100
  wind_lifetime: 20
  solar_capex: 1000.0
  solar_opex: 10
  solar_lifetime: 20
  carbon_price: 1.0
timeseries_values:
  load_level: 215410.16979042004
  wind_year: 2011
  solar_year: 2017
  price_year: 2023
  carbon_year: 2023
storage_values:
  CAES:
    cost: 59.6032
    lifetime: 23.3409
    annual_cost: 2.553594762841193
    efficiency: 0.607154
    discharge_ratio: 0.1
    depth_of_discharge: 0.4
  Li-ion:
    cost: 225.435
    lifetime: 19.7079
    annual_cost: 11.438813876668748
    efficiency: 0.909092
    discharge_ratio: 2
    depth_of_discharge: 0.9
  Pb-acid:
    cost: 128.392
    lifetime: 11.33
    annual_cost: 11.332038834951456
    efficiency: 0.760979
    discharge_ratio: 5
    depth_of_discharge: 0.5
  VRBF:
    cost: 322.07
    lifetime: 25.4141
    annual_cost: 12.67288631114224
    efficiency: 0.710686
    discharge_ratio: 0.5
    depth_of_discharge: 1.0
