cost_values:
  wind_capex: 5000.0
  wind_opex: 100
  wind_lifetime: 20
  solar_capex: 1000.0
  solar_opex: 10
  solar_lifetime: 20
  carbon_price: 1.0
timeseries_values:
  load_level: 215410.16979042004
  wind_year: 2011
  solar_year: 2017
  price_year: 2023
  carbon_year: 2023
storage_values:
  CAES:
    cost: 58.9502
    lifetime: 25.2668
    annual_cost: 2.333109060110501
    efficiency: 0.612127
    discharge_ratio: 0.1
    depth_of_discharge: 0.4
  Li-ion:
    cost: 230.118
    lifetime: 23.1333
    annual_cost: 9.94747831048748
    efficiency: 0.907711
    discharge_ratio: 2
    depth_of_discharge: 0.9
  Pb-acid:
    cost: 163.251
    lifetime: 10.3602
    annual_cost: 15.75751433370012
    efficiency: 0.76758
    discharge_ratio: 5
    depth_of_discharge: 0.5
  VRBF:
    cost: 293.942
    lifetime: 27.7718
    annual_cost: 10.584189717627234
    efficiency: 0.694305
    discharge_ratio: 0.5
    depth_of_discharge: 1.0
