cost_values:
  wind_capex: 5000.0
  wind_opex: 100
  wind_lifetime: 20
  solar_capex: 1000.0
  solar_opex: 10
  solar_lifetime: 20
  carbon_price: 1.0
timeseries_values:
  load_level: 215410.16979042004
  wind_year: 2011
  solar_year: 2017
  price_year: 2023
  carbon_year: 2023
storage_values:
  CAES:
    cost: 60.4501
    lifetime: 23.0635
    annual_cost: 2.6210288984759464
    efficiency: 0.605491
    discharge_ratio: 0.1
    depth_of_discharge: 0.4
  Li-ion:
    cost: 214.262
    lifetime: 21.7265
    annual_cost: 9.86178169516489
    efficiency: 0.911097
    discharge_ratio: 2
    depth_of_discharge: 0.9
  Pb-acid:
    cost: 149.084
    lifetime: 9.32715
    annual_cost: 15.98387503149408
    efficiency: 0.74953
    discharge_ratio: 5
    depth_of_discharge: 0.5
  VRBF:
    cost: 306.016
    lifetime: 28.7776
    annual_cost: 10.633826309351718
    efficiency: 0.710073
    discharge_ratio: 0.5
    depth_of_discharge: 1.0
