cost_values:
  wind_capex: 5000.0
  wind_opex: 100
  wind_lifetime: 20
  solar_capex: 1000.0
  solar_opex: 10
  solar_lifetime: 20
  carbon_price: 1.0
timeseries_values:
  load_level: 215410.16979042004
  wind_year: 2011
  solar_year: 2017
  price_year: 2023
  carbon_year: 2023
storage_values:
  CAES:
    cost: 61.5162
    lifetime: 23.414
    annual_cost: 2.6273255317331508
    efficiency: 0.603416
    discharge_ratio: 0.1
    depth_of_discharge: 0.4
  Li-ion:
    cost: 259.984
    lifetime: 21.4612
    annual_cost: 12.114140868171395
    efficiency: 0.906585
    discharge_ratio: 2
    depth_of_discharge: 0.9
  Pb-acid:
    cost: 156.425
    lifetime: 9.2098
    annual_cost: 16.984625073291497
    efficiency: 0.780666
    discharge_ratio: 5
    depth_of_discharge: 0.5
  VRBF:
    cost: 308.043
    lifetime: 28.4589
    annual_cost: 10.824135859080991
    efficiency: 0.707626
    discharge_ratio: 0.5
    depth_of_discharge: 1.0
