cost_values:
  wind_capex: 5000.0
  wind_opex: 100
  wind_lifetime: 20
  solar_capex: 1000.0
  solar_opex: 10
  solar_lifetime: 20
  carbon_price: 1.0
timeseries_values:
  load_level: 215410.16979042004
  wind_year: 2011
  solar_year: 2017
  price_year: 2023
  carbon_year: 2023
storage_values:
  CAES:
    cost: 65.6564
    lifetime: 24.6297
    annual_cost: 2.665740955025843
    efficiency: 0.605478
    discharge_ratio: 0.1
    depth_of_discharge: 0.4
  Li-ion:
    cost: 228.227
    lifetime: 20.9402
    annual_cost: 10.898988548342423
    efficiency: 0.91304
    discharge_ratio: 2
    depth_of_discharge: 0.9
  Pb-acid:
    cost: 150.573
    lifetime: 10.4166
    annual_cost: 14.45510051264328
    efficiency: 0.765457
    discharge_ratio: 5
    depth_of_discharge: 0.5
  VRBF:
    cost: 348.482
    lifetime: 26.8392
    annual_cost: 12.984068079525471
    efficiency: 0.707821
    discharge_ratio: 0.5
    depth_of_discharge: 1.0
