cost_values:
  wind_capex: 5000.0
  wind_opex: 100
  wind_lifetime: 20
  solar_capex: 1000.0
  solar_opex: 10
  solar_lifetime: 20
  carbon_price: 1.0
timeseries_values:
  load_level: 215410.16979042004
  wind_year: 2011
  solar_year: 2017
  price_year: 2023
  carbon_year: 2023
storage_values:
  CAES:
    cost: 57.0128
    lifetime: 23.3103
    annual_cost: 2.445820088115554
    efficiency: 0.618894
    discharge_ratio: 0.1
    depth_of_discharge: 0.4
  Li-ion:
    cost: 252.022
    lifetime: 23.3567
    annual_cost: 10.790137305355636
    efficiency: 0.892383
    discharge_ratio: 2
    depth_of_discharge: 0.9
  Pb-acid:
    cost: 148.402
    lifetime: 8.55487
    annual_cost: 17.347078330822093
    efficiency: 0.767457
    discharge_ratio: 5
    depth_of_discharge: 0.5
  VRBF:
    cost: 328.831
    lifetime: 27.0003
    annual_cost: 12.178790606030304
    efficiency: 0.692489
    discharge_ratio: 0.5
    depth_of_discharge: 1.0
