cost_values:
  wind_capex: 5000.0
  wind_opex: 100
  wind_lifetime: 20
  solar_capex: 1000.0
  solar_opex: 10
  solar_lifetime: 20
  carbon_price: 1.0
timeseries_values:
  load_level: 215410.16979042004
  wind_year: 2011
  solar_year: 2017
  price_year: 2023
  carbon_year: 2023
storage_values:
  CAES:
    cost: 54.6904
    lifetime: 26.089
    annual_cost: 2.096301123078692
    efficiency: 0.607447
    discharge_ratio: 0.1
    depth_of_discharge: 0.4
  Li-ion:
    cost: 240.301
    lifetime: 22.5192
    annual_cost: 10.670938576858857
    efficiency: 0.901789
    discharge_ratio: 2
    depth_of_discharge: 0.9
  Pb-acid:
    cost: 138.487
    lifetime: 9.93661
    annual_cost: 13.937046940556185
    efficiency: 0.761536
    discharge_ratio: 5
    depth_of_discharge: 0.5
  VRBF:
    cost: 340.565
    lifetime: 28.5302
    annual_cost: 11.937000091131502
    efficiency: 0.716473
    discharge_ratio: 0.5
    depth_of_discharge: 1.0
