cost_values:
  wind_capex: 5000.0
  wind_opex: 100
  wind_lifetime: 20
  solar_capex: 1000.0
  solar_opex: 10
  solar_lifetime: 20
  carbon_price: 1.0
timeseries_values:
  load_level: 215410.16979042004
  wind_year: 2011
  solar_year: 2017
  price_year: 2023
  carbon_year: 2023
storage_values:
  CAES:
    cost: 62.1979
    lifetime: 24.433
    annual_cost: 2.5456513731428805
    efficiency: 0.614588
    discharge_ratio: 0.1
    depth_of_discharge: 0.4
  Li-ion:
    cost: 232.504
    lifetime: 23.2308
    annual_cost: 10.008437074917781
    efficiency: 0.90493
    discharge_ratio: 2
    depth_of_discharge: 0.9
  Pb-acid:
    cost: 145.099
    lifetime: 10.2379
    annual_cost: 14.172730735795426
    efficiency: 0.770241
    discharge_ratio: 5
    depth_of_discharge: 0.5
  VRBF:
    cost: 339.718
    lifetime: 28.7818
    annual_cost: 11.803222870008131
    efficiency: 0.70828
    discharge_ratio: 0.5
    depth_of_discharge: 1.0
