cost_values:
  wind_capex: 5000.0
  wind_opex: 100
  wind_lifetime: 20
  solar_capex: 1000.0
  solar_opex: 10
  solar_lifetime: 20
  carbon_price: 1.0
timeseries_values:
  load_level: 215410.16979042004
  wind_year: 2011
  solar_year: 2017
  price_year: 2023
  carbon_year: 2023
storage_values:
  CAES:
    cost: 63.6515
    lifetime: 23.875
    annual_cost: 2.6660314136125653
    efficiency: 0.605762
    discharge_ratio: 0.1
    depth_of_discharge: 0.4
  Li-ion:
    cost: 219.435
    lifetime: 20.7248
    annual_cost: 10.58803945032039
    efficiency: 0.897512
    discharge_ratio: 2
    depth_of_discharge: 0.9
  Pb-acid:
    cost: 138.364
    lifetime: 10.8303
    annual_cost: 12.775638717302384
    efficiency: 0.781772
    discharge_ratio: 5
    depth_of_discharge: 0.5
  VRBF:
    cost: 300.654
    lifetime: 26.8122
    annual_cost: 11.213328261015507
    efficiency: 0.710921
    discharge_ratio: 0.5
    depth_of_discharge: 1.0
