cost_values:
  wind_capex: 5000.0
  wind_opex: 100
  wind_lifetime: 20
  solar_capex: 1000.0
  solar_opex: 10
  solar_lifetime: 20
  carbon_price: 1.0
timeseries_values:
  load_level: 215410.16979042004
  wind_year: 2011
  solar_year: 2017
  price_year: 2023
  carbon_year: 2023
storage_values:
  CAES:
    cost: 62.0906
    lifetime: 24.0614
    annual_cost: 2.5805065374417118
    efficiency: 0.612637
    discharge_ratio: 0.1
    depth_of_discharge: 0.4
  Li-ion:
    cost: 207.782
    lifetime: 24.5883
    annual_cost: 8.450441876827597
    efficiency: 0.911312
    discharge_ratio: 2
    depth_of_discharge: 0.9
  Pb-acid:
    cost: 147.337
    lifetime: 11.7698
    annual_cost: 12.518224608744413
    efficiency: 0.778041
    discharge_ratio: 5
    depth_of_discharge: 0.5
  VRBF:
    cost: 304.793
    lifetime: 25.1346
    annual_cost: 12.12643129391357
    efficiency: 0.734867
    discharge_ratio: 0.5
    depth_of_discharge: 1.0
