cost_values:
  wind_capex: 5000.0
  wind_opex: 100
  wind_lifetime: 20
  solar_capex: 1000.0
  solar_opex: 10
  solar_lifetime: 20
  carbon_price: 1.0
timeseries_values:
  load_level: 215410.16979042004
  wind_year: 2011
  solar_year: 2017
  price_year: 2023
  carbon_year: 2023
storage_values:
  CAES:
    cost: 62.1611
    lifetime: 23.7385
    annual_cost: 2.6185774164332205
    efficiency: 0.608349
    discharge_ratio: 0.1
    depth_of_discharge: 0.4
  Li-ion:
    cost: 225.548
    lifetime: 20.5949
    annual_cost: 10.951643368018296
    efficiency: 0.90635
    discharge_ratio: 2
    depth_of_discharge: 0.9
  Pb-acid:
    cost: 162.468
    lifetime: 10.2334
    annual_cost: 15.876248363202846
    efficiency: 0.778742
    discharge_ratio: 5
    depth_of_discharge: 0.5
  VRBF:
    cost: 347.56
    lifetime: 27.0997
    annual_cost: 12.825234227685177
    efficiency: 0.702706
    discharge_ratio: 0.5
    depth_of_discharge: 1.0
