cost_values:
  wind_capex: 5000.0
  wind_opex: 100
  wind_lifetime: 20
  solar_capex: 1000.0
  solar_opex: 10
  solar_lifetime: 20
  carbon_price: 1.0
timeseries_values:
  load_level: 215410.16979042004
  wind_year: 2011
  solar_year: 2017
  price_year: 2023
  carbon_year: 2023
storage_values:
  CAES:
    cost: 58.6545
    lifetime: 23.6219
    annual_cost: 2.4830559777155945
    efficiency: 0.617939
    discharge_ratio: 0.1
    depth_of_discharge: 0.4
  Li-ion:
    cost: 221.04
    lifetime: 22.0081
    annual_cost: 10.043574865617659
    efficiency: 0.89935
    discharge_ratio: 2
    depth_of_discharge: 0.9
  Pb-acid:
    cost: 148.947
    lifetime: 8.24267
    annual_cost: 18.070236949920353
    efficiency: 0.767986
    discharge_ratio: 5
    depth_of_discharge: 0.5
  VRBF:
    cost: 329.381
    lifetime: 27.8451
    annual_cost: 11.829047121396583
    efficiency: 0.692129
    discharge_ratio: 0.5
    depth_of_discharge: 1.0
