cost_values:
  wind_capex: 5000.0
  wind_opex: 100
  wind_lifetime: 20
  solar_capex: 1000.0
  solar_opex: 10
  solar_lifetime: 20
  carbon_price: 1.0
timeseries_values:
  load_level: 215410.16979042004
  wind_year: 2011
  solar_year: 2017
  price_year: 2023
  carbon_year: 2023
storage_values:
  CAES:
    cost: 62.6032
    lifetime: 23.9582
    annual_cost: 2.613017672446177
    efficiency: 0.61597
    discharge_ratio: 0.1
    depth_of_discharge: 0.4
  Li-ion:
    cost: 231.583
    lifetime: 20.9137
    annual_cost: 11.073267762280228
    efficiency: 0.897908
    discharge_ratio: 2
    depth_of_discharge: 0.9
  Pb-acid:
    cost: 173.908
    lifetime: 9.57946
    annual_cost: 18.15425921711662
    efficiency: 0.755059
    discharge_ratio: 5
    depth_of_discharge: 0.5
  VRBF:
    cost: 326.846
    lifetime: 25.3277
    annual_cost: 12.904685383986703
    efficiency: 0.719947
    discharge_ratio: 0.5
    depth_of_discharge: 1.0
