cost_values:
  wind_capex: 5000.0
  wind_opex: 100
  wind_lifetime: 20
  solar_capex: 1000.0
  solar_opex: 10
  solar_lifetime: 20
  carbon_price: 1.0
timeseries_values:
  load_level: 215410.16979042004
  wind_year: 2011
  solar_year: 2017
  price_year: 2023
  carbon_year: 2023
storage_values:
  CAES:
    cost: 62.8651
    lifetime: 24.0348
    annual_cost: 2.615586566145755
    efficiency: 0.616743
    discharge_ratio: 0.1
    depth_of_discharge: 0.4
  Li-ion:
    cost: 216.915
    lifetime: 20.3526
    annual_cost: 10.657852068040446
    efficiency: 0.92995
    discharge_ratio: 2
    depth_of_discharge: 0.9
  Pb-acid:
    cost: 158.167
    lifetime: 10.3947
    annual_cost: 15.216119753335834
    efficiency: 0.777735
    discharge_ratio: 5
    depth_of_discharge: 0.5
  VRBF:
    cost: 328.331
    lifetime: 26.3549
    annual_cost: 12.458062827026474
    efficiency: 0.707821
    discharge_ratio: 0.5
    depth_of_discharge: 1.0
