cost_values:
  wind_capex: 5000.0
  wind_opex: 100
  wind_lifetime: 20
  solar_capex: 1000.0
  solar_opex: 10
  solar_lifetime: 20
  carbon_price: 1.0
timeseries_values:
  load_level: 215410.16979042004
  wind_year: 2011
  solar_year: 2017
  price_year: 2023
  carbon_year: 2023
storage_values:
  CAES:
    cost: 55.0069
    lifetime: 24.276
    annual_cost: 2.2658963585434173
    efficiency: 0.611253
    discharge_ratio: 0.1
    depth_of_discharge: 0.4
  Li-ion:
    cost: 224.796
    lifetime: 20.6026
    annual_cost: 10.911050061642705
    efficiency: 0.922131
    discharge_ratio: 2
    depth_of_discharge: 0.9
  Pb-acid:
    cost: 159.857
    lifetime: 10.5269
    annual_cost: 15.18557220074286
    efficiency: 0.759536
    discharge_ratio: 5
    depth_of_discharge: 0.5
  VRBF:
    cost: 331.433
    lifetime: 28.1121
    annual_cost: 11.789691983167389
    efficiency: 0.726445
    discharge_ratio: 0.5
    depth_of_discharge: 1.0
