cost_values:
  wind_capex: 5000.0
  wind_opex: 100
  wind_lifetime: 20
  solar_capex: 1000.0
  solar_opex: 10
  solar_lifetime: 20
  carbon_price: 1.0
timeseries_values:
  load_level: 215410.16979042004
  wind_year: 2011
  solar_year: 2017
  price_year: 2023
  carbon_year: 2023
storage_values:
  CAES:
    cost: 59.9285
    lifetime: 24.5954
    annual_cost: 2.436573505614871
    efficiency: 0.616973
    discharge_ratio: 0.1
    depth_of_discharge: 0.4
  Li-ion:
    cost: 225.638
    lifetime: 23.984
    annual_cost: 9.407855236824549
    efficiency: 0.915843
    discharge_ratio: 2
    depth_of_discharge: 0.9
  Pb-acid:
    cost: 144.344
    lifetime: 10.1586
    annual_cost: 14.20904455338334
    efficiency: 0.751718
    discharge_ratio: 5
    depth_of_discharge: 0.5
  VRBF:
    cost: 336.063
    lifetime: 27.1943
    annual_cost: 12.357847048830086
    efficiency: 0.714584
    discharge_ratio: 0.5
    depth_of_discharge: 1.0
