cost_values:
  wind_capex: 5000.0
  wind_opex: 100
  wind_lifetime: 20
  solar_capex: 1000.0
  solar_opex: 10
  solar_lifetime: 20
  carbon_price: 1.0
timeseries_values:
  load_level: 215410.16979042004
  wind_year: 2011
  solar_year: 2017
  price_year: 2023
  carbon_year: 2023
storage_values:
  CAES:
    cost: 63.5057
    lifetime: 23.9373
    annual_cost: 2.6530018005372367
    efficiency: 0.611361
    discharge_ratio: 0.1
    depth_of_discharge: 0.4
  Li-ion:
    cost: 220.745
    lifetime: 21.4384
    annual_cost: 10.296710575416075
    efficiency: 0.90531
    discharge_ratio: 2
    depth_of_discharge: 0.9
  Pb-acid:
    cost: 150.382
    lifetime: 9.543
    annual_cost: 15.75835691082469
    efficiency: 0.778816
    discharge_ratio: 5
    depth_of_discharge: 0.5
  VRBF:
    cost: 309.364
    lifetime: 26.4235
    annual_cost: 11.707911518156186
    efficiency: 0.701747
    discharge_ratio: 0.5
    depth_of_discharge: 1.0
