cost_values:
  wind_capex: 5000.0
  wind_opex: 100
  wind_lifetime: 20
  solar_capex: 1000.0
  solar_opex: 10
  solar_lifetime: 20
  carbon_price: 1.0
timeseries_values:
  load_level: 215410.16979042004
  wind_year: 2011
  solar_year: 2017
  price_year: 2023
  carbon_year: 2023
storage_values:
  CAES:
    cost: 55.4498
    lifetime: 23.7183
    annual_cost: 2.3378488340226746
    efficiency: 0.608534
    discharge_ratio: 0.1
    depth_of_discharge: 0.4
  Li-ion:
    cost: 229.846
    lifetime: 21.8473
    annual_cost: 10.520567758945042
    efficiency: 0.90859
    discharge_ratio: 2
    depth_of_discharge: 0.9
  Pb-acid:
    cost: 167.246
    lifetime: 10.1309
    annual_cost: 16.508503686740568
    efficiency: 0.767232
    discharge_ratio: 5
    depth_of_discharge: 0.5
  VRBF:
    cost: 350.578
    lifetime: 27.1976
    annual_cost: 12.890034414801304
    efficiency: 0.706921
    discharge_ratio: 0.5
    depth_of_discharge: 1.0
