cost_values:
  wind_capex: 5000.0
  wind_opex: 100
  wind_lifetime: 20
  solar_capex: 1000.0
  solar_opex: 10
  solar_lifetime: 20
  carbon_price: 1.0
timeseries_values:
  load_level: 215410.16979042004
  wind_year: 2011
  solar_year: 2017
  price_year: 2023
  carbon_year: 2023
storage_values:
  CAES:
    cost: 60.2871
    lifetime: 25.221
    annual_cost: 2.390353277031046
    efficiency: 0.602828
    discharge_ratio: 0.1
    depth_of_discharge: 0.4
  Li-ion:
    cost: 221.454
    lifetime: 20.9807
    annual_cost: 10.555129237823333
    efficiency: 0.920077
    discharge_ratio: 2
    depth_of_discharge: 0.9
  Pb-acid:
    cost: 147.596
    lifetime: 9.56818
    annual_cost: 15.425713145028627
    efficiency: 0.757904
    discharge_ratio: 5
    depth_of_discharge: 0.5
  VRBF:
    cost: 333.402
    lifetime: 25.4745
    annual_cost: 13.087675911205324
    efficiency: 0.703375
    discharge_ratio: 0.5
    depth_of_discharge: 1.0
