cost_values:
  wind_capex: 5000.0
  wind_opex: 100
  wind_lifetime: 20
  solar_capex: 1000.0
  solar_opex: 10
  solar_lifetime: 20
  carbon_price: 1.0
timeseries_values:
  load_level: 215410.16979042004
  wind_year: 2011
  solar_year: 2017
  price_year: 2023
  carbon_year: 2023
storage_values:
  CAES:
    cost: 59.3807
    lifetime: 22.7651
    annual_cost: 2.6084093634554644
    efficiency: 0.598235
    discharge_ratio: 0.1
    depth_of_discharge: 0.4
  Li-ion:
    cost: 238.804
    lifetime: 23.3051
    annual_cost: 10.246855838421633
    efficiency: 0.911507
    discharge_ratio: 2
    depth_of_discharge: 0.9
  Pb-acid:
    cost: 151.497
    lifetime: 9.78722
    annual_cost: 15.479063513438955
    efficiency: 0.766953
    discharge_ratio: 5
    depth_of_discharge: 0.5
  VRBF:
    cost: 304.038
    lifetime: 27.6262
    annual_cost: 11.005422388891704
    efficiency: 0.705641
    discharge_ratio: 0.5
    depth_of_discharge: 1.0
