cost_values:
  wind_capex: 5000.0
  wind_opex: 100
  wind_lifetime: 20
  solar_capex: 1000.0
  solar_opex: 10
  solar_lifetime: 20
  carbon_price: 1.0
timeseries_values:
  load_level: 215410.16979042004
  wind_year: 2011
  solar_year: 2017
  price_year: 2023
  carbon_year: 2023
storage_values:
  CAES:
    cost: 59.5623
    lifetime: 25.4836
    annual_cost: 2.33727966221413
    efficiency: 0.606655
    discharge_ratio: 0.1
    depth_of_discharge: 0.4
  Li-ion:
    cost: 266.966
    lifetime: 20.1353
    annual_cost: 13.25860553356543
    efficiency: 0.919902
    discharge_ratio: 2
    depth_of_discharge: 0.9
  Pb-acid:
    cost: 154.335
    lifetime: 9.09859
    annual_cost: 16.962518368230683
    efficiency: 0.772899
    discharge_ratio: 5
    depth_of_discharge: 0.5
  VRBF:
    cost: 342.432
    lifetime: 25.5739
    annual_cost: 13.389901422935104
    efficiency: 0.725258
    discharge_ratio: 0.5
    depth_of_discharge: 1.0
