cost_values:
  wind_capex: 5000.0
  wind_opex: 100
  wind_lifetime: 20
  solar_capex: 1000.0
  solar_opex: 10
  solar_lifetime: 20
  carbon_price: 1.0
timeseries_values:
  load_level: 215410.16979042004
  wind_year: 2011
  solar_year: 2017
  price_year: 2023
  carbon_year: 2023
storage_values:
  CAES:
    cost: 57.1003
    lifetime: 24.7154
    annual_cost: 2.310312598622721
    efficiency: 0.613072
    discharge_ratio: 0.1
    depth_of_discharge: 0.4
  Li-ion:
    cost: 227.735
    lifetime: 21.6718
    annual_cost: 10.508356481695106
    efficiency: 0.903259
    discharge_ratio: 2
    depth_of_discharge: 0.9
  Pb-acid:
    cost: 158.867
    lifetime: 11.5896
    annual_cost: 13.707720715123902
    efficiency: 0.762036
    discharge_ratio: 5
    depth_of_discharge: 0.5
  VRBF:
    cost: 311.649
    lifetime: 25.9067
    annual_cost: 12.029668000941841
    efficiency: 0.690114
    discharge_ratio: 0.5
    depth_of_discharge: 1.0
