cost_values:
  wind_capex: 5000.0
  wind_opex: 100
  wind_lifetime: 20
  solar_capex: 1000.0
  solar_opex: 10
  solar_lifetime: 20
  carbon_price: 1.0
timeseries_values:
  load_level: 215410.16979042004
  wind_year: 2011
  solar_year: 2017
  price_year: 2023
  carbon_year: 2023
storage_values:
  CAES:
    cost: 59.129
    lifetime: 23.4899
    annual_cost: 2.517209524093334
    efficiency: 0.608462
    discharge_ratio: 0.1
    depth_of_discharge: 0.4
  Li-ion:
    cost: 251.83
    lifetime: 21.6512
    annual_cost: 11.631225982855455
    efficiency: 0.911297
    discharge_ratio: 2
    depth_of_discharge: 0.9
  Pb-acid:
    cost: 176.016
    lifetime: 9.3265
    annual_cost: 18.87267463678765
    efficiency: 0.77644
    discharge_ratio: 5
    depth_of_discharge: 0.5
  VRBF:
    cost: 346.942
    lifetime: 25.6837
    annual_cost: 13.508256209191043
    efficiency: 0.7176
    discharge_ratio: 0.5
    depth_of_discharge: 1.0
