cost_values:
  wind_capex: 5000.0
  wind_opex: 100
  wind_lifetime: 20
  solar_capex: 1000.0
  solar_opex: 10
  solar_lifetime: 20
  carbon_price: 1.0
timeseries_values:
  load_level: 215410.16979042004
  wind_year: 2011
  solar_year: 2017
  price_year: 2023
  carbon_year: 2023
storage_values:
  CAES:
    cost: 60.9743
    lifetime: 23.5863
    annual_cost: 2.5851574854894577
    efficiency: 0.60812
    discharge_ratio: 0.1
    depth_of_discharge: 0.4
  Li-ion:
    cost: 225.137
    lifetime: 22.5925
    annual_cost: 9.965121168529379
    efficiency: 0.911295
    discharge_ratio: 2
    depth_of_discharge: 0.9
  Pb-acid:
    cost: 155.113
    lifetime: 9.62427
    annual_cost: 16.116858733181843
    efficiency: 0.767992
    discharge_ratio: 5
    depth_of_discharge: 0.5
  VRBF:
    cost: 334.445
    lifetime: 29.1787
    annual_cost: 11.461956838378681
    efficiency: 0.714728
    discharge_ratio: 0.5
    depth_of_discharge: 1.0
