cost_values:
  wind_capex: 5000.0
  wind_opex: 100
  wind_lifetime: 20
  solar_capex: 1000.0
  solar_opex: 10
  solar_lifetime: 20
  carbon_price: 1.0
timeseries_values:
  load_level: 215410.16979042004
  wind_year: 2011
  solar_year: 2017
  price_year: 2023
  carbon_year: 2023
storage_values:
  CAES:
    cost: 62.1195
    lifetime: 23.3547
    annual_cost: 2.6598286426286784
    efficiency: 0.604193
    discharge_ratio: 0.1
    depth_of_discharge: 0.4
  Li-ion:
    cost: 247.033
    lifetime: 22.6071
    annual_cost: 10.927230825714046
    efficiency: 0.914566
    discharge_ratio: 2
    depth_of_discharge: 0.9
  Pb-acid:
    cost: 147.298
    lifetime: 11.3347
    annual_cost: 12.99531527080558
    efficiency: 0.783357
    discharge_ratio: 5
    depth_of_discharge: 0.5
  VRBF:
    cost: 341.035
    lifetime: 29.3928
    annual_cost: 11.602671402520345
    efficiency: 0.690942
    discharge_ratio: 0.5
    depth_of_discharge: 1.0
