cost_values:
  wind_capex: 5000.0
  wind_opex: 100
  wind_lifetime: 20
  solar_capex: 1000.0
  solar_opex: 10
  solar_lifetime: 20
  carbon_price: 1.0
timeseries_values:
  load_level: 215410.16979042004
  wind_year: 2011
  solar_year: 2017
  price_year: 2023
  carbon_year: 2023
storage_values:
  CAES:
    cost: 66.1439
    lifetime: 24.1292
    annual_cost: 2.7412388309599987
    efficiency: 0.606357
    discharge_ratio: 0.1
    depth_of_discharge: 0.4
  Li-ion:
    cost: 221.731
    lifetime: 21.8399
    annual_cost: 10.152564801120883
    efficiency: 0.911164
    discharge_ratio: 2
    depth_of_discharge: 0.9
  Pb-acid:
    cost: 159.997
    lifetime: 10.2107
    annual_cost: 15.669542734582352
    efficiency: 0.776305
    discharge_ratio: 5
    depth_of_discharge: 0.5
  VRBF:
    cost: 334.002
    lifetime: 26.7998
    annual_cost: 12.46285420040448
    efficiency: 0.70244
    discharge_ratio: 0.5
    depth_of_discharge: 1.0
