cost_values:
  wind_capex: 5000.0
  wind_opex: 100
  wind_lifetime: 20
  solar_capex: 1000.0
  solar_opex: 10
  solar_lifetime: 20
  carbon_price: 1.0
timeseries_values:
  load_level: 215410.16979042004
  wind_year: 2011
  solar_year: 2017
  price_year: 2023
  carbon_year: 2023
storage_values:
  CAES:
    cost: 58.4108
    lifetime: 24.3653
    annual_cost: 2.397294513098546
    efficiency: 0.616836
    discharge_ratio: 0.1
    depth_of_discharge: 0.4
  Li-ion:
    cost: 227.786
    lifetime: 21.3741
    annual_cost: 10.657103690915642
    efficiency: 0.925154
    discharge_ratio: 2
    depth_of_discharge: 0.9
  Pb-acid:
    cost: 142.579
    lifetime: 8.42684
    annual_cost: 16.919628235495157
    efficiency: 0.767918
    discharge_ratio: 5
    depth_of_discharge: 0.5
  VRBF:
    cost: 350.87
    lifetime: 27.2116
    annual_cost: 12.894133384291994
    efficiency: 0.708813
    discharge_ratio: 0.5
    depth_of_discharge: 1.0
