cost_values:
  wind_capex: 5000.0
  wind_opex: 100
  wind_lifetime: 20
  solar_capex: 1000.0
  solar_opex: 10
  solar_lifetime: 20
  carbon_price: 1.0
timeseries_values:
  load_level: 215410.16979042004
  wind_year: 2011
  solar_year: 2017
  price_year: 2023
  carbon_year: 2023
storage_values:
  CAES:
    cost: 60.458
    lifetime: 23.3565
    annual_cost: 2.5884871449061286
    efficiency: 0.613431
    discharge_ratio: 0.1
    depth_of_discharge: 0.4
  Li-ion:
    cost: 224.33
    lifetime: 21.5593
    annual_cost: 10.405254344992649
    efficiency: 0.91536
    discharge_ratio: 2
    depth_of_discharge: 0.9
  Pb-acid:
    cost: 143.024
    lifetime: 11.3059
    annual_cost: 12.650386081603411
    efficiency: 0.750741
    discharge_ratio: 5
    depth_of_discharge: 0.5
  VRBF:
    cost: 364.393
    lifetime: 27.9955
    annual_cost: 13.016127591934417
    efficiency: 0.714916
    discharge_ratio: 0.5
    depth_of_discharge: 1.0
