cost_values:
  wind_capex: 5000.0
  wind_opex: 100
  wind_lifetime: 20
  solar_capex: 1000.0
  solar_opex: 10
  solar_lifetime: 20
  carbon_price: 1.0
timeseries_values:
  load_level: 215410.16979042004
  wind_year: 2011
  solar_year: 2017
  price_year: 2023
  carbon_year: 2023
storage_values:
  CAES:
    cost: 69.4507
    lifetime: 24.2296
    annual_cost: 2.8663576782117737
    efficiency: 0.613285
    discharge_ratio: 0.1
    depth_of_discharge: 0.4
  Li-ion:
    cost: 230.08
    lifetime: 21.302
    annual_cost: 10.800863768660221
    efficiency: 0.908801
    discharge_ratio: 2
    depth_of_discharge: 0.9
  Pb-acid:
    cost: 161.732
    lifetime: 10.0535
    annual_cost: 16.087133833988165
    efficiency: 0.767785
    discharge_ratio: 5
    depth_of_discharge: 0.5
  VRBF:
    cost: 316.724
    lifetime: 28.3486
    annual_cost: 11.172474125706383
    efficiency: 0.716449
    discharge_ratio: 0.5
    depth_of_discharge: 1.0
