cost_values:
  wind_capex: 5000.0
  wind_opex: 100
  wind_lifetime: 20
  solar_capex: 1000.0
  solar_opex: 10
  solar_lifetime: 20
  carbon_price: 1.0
timeseries_values:
  load_level: 215410.16979042004
  wind_year: 2011
  solar_year: 2017
  price_year: 2023
  carbon_year: 2023
storage_values:
  CAES:
    cost: 60.3483
    lifetime: 24.9523
    annual_cost: 2.418546586887782
    efficiency: 0.606379
    discharge_ratio: 0.1
    depth_of_discharge: 0.4
  Li-ion:
    cost: 243.423
    lifetime: 22.8109
    annual_cost: 10.671345716302294
    efficiency: 0.910384
    discharge_ratio: 2
    depth_of_discharge: 0.9
  Pb-acid:
    cost: 142.645
    lifetime: 9.37569
    annual_cost: 15.21434689073551
    efficiency: 0.759669
    discharge_ratio: 5
    depth_of_discharge: 0.5
  VRBF:
    cost: 320.557
    lifetime: 27.6568
    annual_cost: 11.590531080963814
    efficiency: 0.708856
    discharge_ratio: 0.5
    depth_of_discharge: 1.0
