cost_values:
  wind_capex: 5000.0
  wind_opex: 100
  wind_lifetime: 20
  solar_capex: 1000.0
  solar_opex: 10
  solar_lifetime: 20
  carbon_price: 1.0
timeseries_values:
  load_level: 215410.16979042004
  wind_year: 2011
  solar_year: 2017
  price_year: 2023
  carbon_year: 2023
storage_values:
  CAES:
    cost: 62.9829
    lifetime: 23.8203
    annual_cost: 2.644085087089583
    efficiency: 0.615659
    discharge_ratio: 0.1
    depth_of_discharge: 0.4
  Li-ion:
    cost: 237.605
    lifetime: 20.4593
    annual_cost: 11.613544940442733
    efficiency: 0.913909
    discharge_ratio: 2
    depth_of_discharge: 0.9
  Pb-acid:
    cost: 158.134
    lifetime: 11.3572
    annual_cost: 13.923678371429576
    efficiency: 0.77506
    discharge_ratio: 5
    depth_of_discharge: 0.5
  VRBF:
    cost: 342.129
    lifetime: 27.6059
    annual_cost: 12.393328962287049
    efficiency: 0.690886
    discharge_ratio: 0.5
    depth_of_discharge: 1.0
