cost_values:
  wind_capex: 5000.0
  wind_opex: 100
  wind_lifetime: 20
  solar_capex: 1000.0
  solar_opex: 10
  solar_lifetime: 20
  carbon_price: 1.0
timeseries_values:
  load_level: 215410.16979042004
  wind_year: 2011
  solar_year: 2017
  price_year: 2023
  carbon_year: 2023
storage_values:
  CAES:
    cost: 63.7905
    lifetime: 24.9215
    annual_cost: 2.5596573239973517
    efficiency: 0.613622
    discharge_ratio: 0.1
    depth_of_discharge: 0.4
  Li-ion:
    cost: 238.949
    lifetime: 20.2282
    annual_cost: 11.812667464233101
    efficiency: 0.898588
    discharge_ratio: 2
    depth_of_discharge: 0.9
  Pb-acid:
    cost: 168.037
    lifetime: 10.9221
    annual_cost: 15.385045000503567
    efficiency: 0.757753
    discharge_ratio: 5
    depth_of_discharge: 0.5
  VRBF:
    cost: 333.247
    lifetime: 28.8867
    annual_cost: 11.536347177074571
    efficiency: 0.72128
    discharge_ratio: 0.5
    depth_of_discharge: 1.0
