cost_values:
  wind_capex: 5000.0
  wind_opex: 100
  wind_lifetime: 20
  solar_capex: 1000.0
  solar_opex: 10
  solar_lifetime: 20
  carbon_price: 1.0
timeseries_values:
  load_level: 215410.16979042004
  wind_year: 2011
  solar_year: 2017
  price_year: 2023
  carbon_year: 2023
storage_values:
  CAES:
    cost: 67.4091
    lifetime: 23.815
    annual_cost: 2.830531177829099
    efficiency: 0.619418
    discharge_ratio: 0.1
    depth_of_discharge: 0.4
  Li-ion:
    cost: 212.425
    lifetime: 21.3807
    annual_cost: 9.935362265968841
    efficiency: 0.906446
    discharge_ratio: 2
    depth_of_discharge: 0.9
  Pb-acid:
    cost: 175.66
    lifetime: 8.74855
    annual_cost: 20.078755908121916
    efficiency: 0.766531
    discharge_ratio: 5
    depth_of_discharge: 0.5
  VRBF:
    cost: 338.561
    lifetime: 29.2377
    annual_cost: 11.579604414847953
    efficiency: 0.697695
    discharge_ratio: 0.5
    depth_of_discharge: 1.0
