cost_values:
  wind_capex: 5000.0
  wind_opex: 100
  wind_lifetime: 20
  solar_capex: 1000.0
  solar_opex: 10
  solar_lifetime: 20
  carbon_price: 1.0
timeseries_values:
  load_level: 241151.84499764987
  wind_year: 2018
  solar_year: 2011
  price_year: 2023
  carbon_year: 2023
storage_values:
  CAES:
    cost: 35.4143
    lifetime: 24.8595
    annual_cost: 1.4245781290854602
    efficiency: 0.60174
    discharge_ratio: 0.1
    depth_of_discharge: 0.4
  Li-ion:
    cost: 220.382
    lifetime: 19.0313
    annual_cost: 11.579976144561853
    efficiency: 0.894411
    discharge_ratio: 2
    depth_of_discharge: 0.9
  Pb-acid:
    cost: 121.996
    lifetime: 9.67235
    annual_cost: 12.61286037002383
    efficiency: 0.745628
    discharge_ratio: 5
    depth_of_discharge: 0.5
  VRBF:
    cost: 227.275
    lifetime: 20.0915
    annual_cost: 11.311997610929996
    efficiency: 0.81177
    discharge_ratio: 0.5
    depth_of_discharge: 1.0
