cost_values:
  wind_capex: 5000.0
  wind_opex: 100
  wind_lifetime: 20
  solar_capex: 1000.0
  solar_opex: 10
  solar_lifetime: 20
  carbon_price: 1.0
timeseries_values:
  load_level: 241151.84499764987
  wind_year: 2018
  solar_year: 2011
  price_year: 2023
  carbon_year: 2023
storage_values:
  CAES:
    cost: 27.5346
    lifetime: 25.449
    annual_cost: 1.081952139573264
    efficiency: 0.60036
    discharge_ratio: 0.1
    depth_of_discharge: 0.4
  Li-ion:
    cost: 211.112
    lifetime: 20.1558
    annual_cost: 10.474007481717422
    efficiency: 0.898159
    discharge_ratio: 2
    depth_of_discharge: 0.9
  Pb-acid:
    cost: 132.784
    lifetime: 10.6457
    annual_cost: 12.473017274580346
    efficiency: 0.746472
    discharge_ratio: 5
    depth_of_discharge: 0.5
  VRBF:
    cost: 288.145
    lifetime: 19.6208
    annual_cost: 14.685690695588354
    efficiency: 0.831347
    discharge_ratio: 0.5
    depth_of_discharge: 1.0
