cost_values:
  wind_capex: 5000.0
  wind_opex: 100
  wind_lifetime: 20
  solar_capex: 1000.0
  solar_opex: 10
  solar_lifetime: 20
  carbon_price: 1.0
timeseries_values:
  load_level: 241151.84499764987
  wind_year: 2018
  solar_year: 2011
  price_year: 2023
  carbon_year: 2023
storage_values:
  CAES:
    cost: 30.4389
    lifetime: 24.9866
    annual_cost: 1.2182089600025614
    efficiency: 0.591233
    discharge_ratio: 0.1
    depth_of_discharge: 0.4
  Li-ion:
    cost: 201.585
    lifetime: 18.1832
    annual_cost: 11.086332438734656
    efficiency: 0.888106
    discharge_ratio: 2
    depth_of_discharge: 0.9
  Pb-acid:
    cost: 113.783
    lifetime: 9.53775
    annual_cost: 11.929752824303424
    efficiency: 0.724588
    discharge_ratio: 5
    depth_of_discharge: 0.5
  VRBF:
    cost: 280.503
    lifetime: 18.1848
    annual_cost: 15.425135277814439
    efficiency: 0.842095
    discharge_ratio: 0.5
    depth_of_discharge: 1.0
