cost_values:
  wind_capex: 5000.0
  wind_opex: 100
  wind_lifetime: 20
  solar_capex: 1000.0
  solar_opex: 10
  solar_lifetime: 20
  carbon_price: 1.0
timeseries_values:
  load_level: 241151.84499764987
  wind_year: 2018
  solar_year: 2011
  price_year: 2023
  carbon_year: 2023
storage_values:
  CAES:
    cost: 39.321
    lifetime: 25.3057
    annual_cost: 1.5538396487747819
    efficiency: 0.587288
    discharge_ratio: 0.1
    depth_of_discharge: 0.4
  Li-ion:
    cost: 216.901
    lifetime: 21.0574
    annual_cost: 10.300464444803252
    efficiency: 0.895267
    discharge_ratio: 2
    depth_of_discharge: 0.9
  Pb-acid:
    cost: 115.385
    lifetime: 10.1243
    annual_cost: 11.39683731220924
    efficiency: 0.726757
    discharge_ratio: 5
    depth_of_discharge: 0.5
  VRBF:
    cost: 282.691
    lifetime: 19.1323
    annual_cost: 14.775588925534304
    efficiency: 0.826799
    discharge_ratio: 0.5
    depth_of_discharge: 1.0
