cost_values:
  wind_capex: 5000.0
  wind_opex: 100
  wind_lifetime: 20
  solar_capex: 1000.0
  solar_opex: 10
  solar_lifetime: 20
  carbon_price: 1.0
timeseries_values:
  load_level: 241151.84499764987
  wind_year: 2018
  solar_year: 2011
  price_year: 2023
  carbon_year: 2023
storage_values:
  CAES:
    cost: 36.0168
    lifetime: 25.6806
    annual_cost: 1.402490596014112
    efficiency: 0.598406
    discharge_ratio: 0.1
    depth_of_discharge: 0.4
  Li-ion:
    cost: 237.302
    lifetime: 22.4311
    annual_cost: 10.579151267659633
    efficiency: 0.889244
    discharge_ratio: 2
    depth_of_discharge: 0.9
  Pb-acid:
    cost: 117.936
    lifetime: 10.4384
    annual_cost: 11.298283261802576
    efficiency: 0.745292
    discharge_ratio: 5
    depth_of_discharge: 0.5
  VRBF:
    cost: 270.811
    lifetime: 18.0308
    annual_cost: 15.019355769017459
    efficiency: 0.829569
    discharge_ratio: 0.5
    depth_of_discharge: 1.0
