cost_values:
  wind_capex: 5000.0
  wind_opex: 100
  wind_lifetime: 20
  solar_capex: 1000.0
  solar_opex: 10
  solar_lifetime: 20
  carbon_price: 1.0
timeseries_values:
  load_level: 241151.84499764987
  wind_year: 2018
  solar_year: 2011
  price_year: 2023
  carbon_year: 2023
storage_values:
  CAES:
    cost: 29.732
    lifetime: 25.5438
    annual_cost: 1.1639615092507771
    efficiency: 0.604368
    discharge_ratio: 0.1
    depth_of_discharge: 0.4
  Li-ion:
    cost: 222.721
    lifetime: 20.1188
    annual_cost: 11.070292462771139
    efficiency: 0.899714
    discharge_ratio: 2
    depth_of_discharge: 0.9
  Pb-acid:
    cost: 134.512
    lifetime: 10.0238
    annual_cost: 13.419262156068557
    efficiency: 0.725569
    discharge_ratio: 5
    depth_of_discharge: 0.5
  VRBF:
    cost: 232.639
    lifetime: 20.4805
    annual_cost: 11.359048851346403
    efficiency: 0.846999
    discharge_ratio: 0.5
    depth_of_discharge: 1.0
