cost_values:
  wind_capex: 5000.0
  wind_opex: 100
  wind_lifetime: 20
  solar_capex: 1000.0
  solar_opex: 10
  solar_lifetime: 20
  carbon_price: 1.0
timeseries_values:
  load_level: 241151.84499764987
  wind_year: 2018
  solar_year: 2011
  price_year: 2023
  carbon_year: 2023
storage_values:
  CAES:
    cost: 34.8445
    lifetime: 25.9459
    annual_cost: 1.3429674823382498
    efficiency: 0.605106
    discharge_ratio: 0.1
    depth_of_discharge: 0.4
  Li-ion:
    cost: 214.583
    lifetime: 21.4705
    annual_cost: 9.994317784867608
    efficiency: 0.900681
    discharge_ratio: 2
    depth_of_discharge: 0.9
  Pb-acid:
    cost: 105.62
    lifetime: 9.76066
    annual_cost: 10.820989564230288
    efficiency: 0.736905
    discharge_ratio: 5
    depth_of_discharge: 0.5
  VRBF:
    cost: 283.202
    lifetime: 17.3177
    annual_cost: 16.353326365510434
    efficiency: 0.804613
    discharge_ratio: 0.5
    depth_of_discharge: 1.0
