cost_values:
  wind_capex: 5000.0
  wind_opex: 100
  wind_lifetime: 20
  solar_capex: 1000.0
  solar_opex: 10
  solar_lifetime: 20
  carbon_price: 1.0
timeseries_values:
  load_level: 241151.84499764987
  wind_year: 2018
  solar_year: 2011
  price_year: 2023
  carbon_year: 2023
storage_values:
  CAES:
    cost: 24.79
    lifetime: 25.2072
    annual_cost: 0.9834491732520867
    efficiency: 0.603938
    discharge_ratio: 0.1
    depth_of_discharge: 0.4
  Li-ion:
    cost: 211.084
    lifetime: 18.8507
    annual_cost: 11.197674356920434
    efficiency: 0.87682
    discharge_ratio: 2
    depth_of_discharge: 0.9
  Pb-acid:
    cost: 119.722
    lifetime: 10.4804
    annual_cost: 11.423418953475059
    efficiency: 0.72745
    discharge_ratio: 5
    depth_of_discharge: 0.5
  VRBF:
    cost: 258.01
    lifetime: 19.1538
    annual_cost: 13.470434065302967
    efficiency: 0.848917
    discharge_ratio: 0.5
    depth_of_discharge: 1.0
