cost_values:
  wind_capex: 5000.0
  wind_opex: 100
  wind_lifetime: 20
  solar_capex: 1000.0
  solar_opex: 10
  solar_lifetime: 20
  carbon_price: 1.0
timeseries_values:
  load_level: 241151.84499764987
  wind_year: 2018
  solar_year: 2011
  price_year: 2023
  carbon_year: 2023
storage_values:
  CAES:
    cost: 23.4116
    lifetime: 25.8886
    annual_cost: 0.904320820747356
    efficiency: 0.606342
    discharge_ratio: 0.1
    depth_of_discharge: 0.4
  Li-ion:
    cost: 233.351
    lifetime: 20.1744
    annual_cost: 11.566688476485051
    efficiency: 0.878435
    discharge_ratio: 2
    depth_of_discharge: 0.9
  Pb-acid:
    cost: 123.334
    lifetime: 10.0876
    annual_cost: 12.226297632737221
    efficiency: 0.723349
    discharge_ratio: 5
    depth_of_discharge: 0.5
  VRBF:
    cost: 269.905
    lifetime: 17.6535
    annual_cost: 15.289036168465174
    efficiency: 0.837856
    discharge_ratio: 0.5
    depth_of_discharge: 1.0
