cost_values:
  wind_capex: 5000.0
  wind_opex: 100
  wind_lifetime: 20
  solar_capex: 1000.0
  solar_opex: 10
  solar_lifetime: 20
  carbon_price: 1.0
timeseries_values:
  load_level: 241151.84499764987
  wind_year: 2018
  solar_year: 2011
  price_year: 2023
  carbon_year: 2023
storage_values:
  CAES:
    cost: 31.9005
    lifetime: 25.8085
    annual_cost: 1.2360462638278087
    efficiency: 0.596838
    discharge_ratio: 0.1
    depth_of_discharge: 0.4
  Li-ion:
    cost: 214.102
    lifetime: 17.9334
    annual_cost: 11.9387288523091
    efficiency: 0.874863
    discharge_ratio: 2
    depth_of_discharge: 0.9
  Pb-acid:
    cost: 116.625
    lifetime: 9.23493
    annual_cost: 12.628682621308444
    efficiency: 0.742528
    discharge_ratio: 5
    depth_of_discharge: 0.5
  VRBF:
    cost: 268.912
    lifetime: 20.6297
    annual_cost: 13.035187133113908
    efficiency: 0.84299
    discharge_ratio: 0.5
    depth_of_discharge: 1.0
