cost_values:
  wind_capex: 5000.0
  wind_opex: 100
  wind_lifetime: 20
  solar_capex: 1000.0
  solar_opex: 10
  solar_lifetime: 20
  carbon_price: 1.0
timeseries_values:
  load_level: 241151.84499764987
  wind_year: 2018
  solar_year: 2011
  price_year: 2023
  carbon_year: 2023
storage_values:
  CAES:
    cost: 34.9825
    lifetime: 24.0979
    annual_cost: 1.4516825117541363
    efficiency: 0.596149
    discharge_ratio: 0.1
    depth_of_discharge: 0.4
  Li-ion:
    cost: 190.808
    lifetime: 20.0307
    annual_cost: 9.525777930876105
    efficiency: 0.899496
    discharge_ratio: 2
    depth_of_discharge: 0.9
  Pb-acid:
    cost: 112.092
    lifetime: 9.85339
    annual_cost: 11.375983291029788
    efficiency: 0.724717
    discharge_ratio: 5
    depth_of_discharge: 0.5
  VRBF:
    cost: 253.523
    lifetime: 19.0638
    annual_cost: 13.298660288085271
    efficiency: 0.83286
    discharge_ratio: 0.5
    depth_of_discharge: 1.0
