cost_values:
  wind_capex: 5000.0
  wind_opex: 100
  wind_lifetime: 20
  solar_capex: 1000.0
  solar_opex: 10
  solar_lifetime: 20
  carbon_price: 1.0
timeseries_values:
  load_level: 241151.84499764987
  wind_year: 2018
  solar_year: 2011
  price_year: 2023
  carbon_year: 2023
storage_values:
  CAES:
    cost: 36.6528
    lifetime: 24.0302
    annual_cost: 1.5252806884670123
    efficiency: 0.598865
    discharge_ratio: 0.1
    depth_of_discharge: 0.4
  Li-ion:
    cost: 209.031
    lifetime: 17.3273
    annual_cost: 12.063679857796656
    efficiency: 0.885237
    discharge_ratio: 2
    depth_of_discharge: 0.9
  Pb-acid:
    cost: 118.07
    lifetime: 10.1765
    annual_cost: 11.602220802830049
    efficiency: 0.722712
    discharge_ratio: 5
    depth_of_discharge: 0.5
  VRBF:
    cost: 258.012
    lifetime: 18.6215
    annual_cost: 13.855597024944284
    efficiency: 0.837262
    discharge_ratio: 0.5
    depth_of_discharge: 1.0
