cost_values:
  wind_capex: 5000.0
  wind_opex: 100
  wind_lifetime: 20
  solar_capex: 1000.0
  solar_opex: 10
  solar_lifetime: 20
  carbon_price: 1.0
timeseries_values:
  load_level: 241151.84499764987
  wind_year: 2018
  solar_year: 2011
  price_year: 2023
  carbon_year: 2023
storage_values:
  CAES:
    cost: 39.3812
    lifetime: 25.6306
    annual_cost: 1.5364915374591308
    efficiency: 0.600836
    discharge_ratio: 0.1
    depth_of_discharge: 0.4
  Li-ion:
    cost: 210.314
    lifetime: 19.7858
    annual_cost: 10.6295423990943
    efficiency: 0.890841
    discharge_ratio: 2
    depth_of_discharge: 0.9
  Pb-acid:
    cost: 138.559
    lifetime: 10.4549
    annual_cost: 13.253020114970013
    efficiency: 0.725001
    discharge_ratio: 5
    depth_of_discharge: 0.5
  VRBF:
    cost: 297.499
    lifetime: 16.8484
    annual_cost: 17.657403670378194
    efficiency: 0.823362
    discharge_ratio: 0.5
    depth_of_discharge: 1.0
