cost_values:
  wind_capex: 5000.0
  wind_opex: 100
  wind_lifetime: 20
  solar_capex: 1000.0
  solar_opex: 10
  solar_lifetime: 20
  carbon_price: 1.0
timeseries_values:
  load_level: 241151.84499764987
  wind_year: 2018
  solar_year: 2011
  price_year: 2023
  carbon_year: 2023
storage_values:
  CAES:
    cost: 34.4887
    lifetime: 26.0023
    annual_cost: 1.326371128707845
    efficiency: 0.605862
    discharge_ratio: 0.1
    depth_of_discharge: 0.4
  Li-ion:
    cost: 223.274
    lifetime: 18.2241
    annual_cost: 12.251578953144463
    efficiency: 0.878767
    discharge_ratio: 2
    depth_of_discharge: 0.9
  Pb-acid:
    cost: 105.978
    lifetime: 10.7111
    annual_cost: 9.894221881972905
    efficiency: 0.75282
    discharge_ratio: 5
    depth_of_discharge: 0.5
  VRBF:
    cost: 280.099
    lifetime: 17.8862
    annual_cost: 15.660061947199518
    efficiency: 0.846108
    discharge_ratio: 0.5
    depth_of_discharge: 1.0
