cost_values:
  wind_capex: 5000.0
  wind_opex: 100
  wind_lifetime: 20
  solar_capex: 1000.0
  solar_opex: 10
  solar_lifetime: 20
  carbon_price: 1.0
timeseries_values:
  load_level: 241151.84499764987
  wind_year: 2018
  solar_year: 2011
  price_year: 2023
  carbon_year: 2023
storage_values:
  CAES:
    cost: 24.6424
    lifetime: 26.3037
    annual_cost: 0.93684158502416
    efficiency: 0.597378
    discharge_ratio: 0.1
    depth_of_discharge: 0.4
  Li-ion:
    cost: 212.973
    lifetime: 19.3207
    annual_cost: 11.023047819178396
    efficiency: 0.888155
    discharge_ratio: 2
    depth_of_discharge: 0.9
  Pb-acid:
    cost: 141.148
    lifetime: 10.389
    annual_cost: 13.58629319472519
    efficiency: 0.743353
    discharge_ratio: 5
    depth_of_discharge: 0.5
  VRBF:
    cost: 273.485
    lifetime: 19.2091
    annual_cost: 14.237262547438455
    efficiency: 0.832248
    discharge_ratio: 0.5
    depth_of_discharge: 1.0
