cost_values:
  wind_capex: 5000.0
  wind_opex: 100
  wind_lifetime: 20
  solar_capex: 1000.0
  solar_opex: 10
  solar_lifetime: 20
  carbon_price: 1.0
timeseries_values:
  load_level: 241151.84499764987
  wind_year: 2018
  solar_year: 2011
  price_year: 2023
  carbon_year: 2023
storage_values:
  CAES:
    cost: 31.7764
    lifetime: 25.3281
    annual_cost: 1.2545907509840848
    efficiency: 0.594972
    discharge_ratio: 0.1
    depth_of_discharge: 0.4
  Li-ion:
    cost: 225.934
    lifetime: 19.8079
    annual_cost: 11.406257099440122
    efficiency: 0.891722
    discharge_ratio: 2
    depth_of_discharge: 0.9
  Pb-acid:
    cost: 123.848
    lifetime: 11.6026
    annual_cost: 10.674159240170306
    efficiency: 0.728989
    discharge_ratio: 5
    depth_of_discharge: 0.5
  VRBF:
    cost: 252.099
    lifetime: 18.9472
    annual_cost: 13.305343269717953
    efficiency: 0.823203
    discharge_ratio: 0.5
    depth_of_discharge: 1.0
