cost_values:
  wind_capex: 5000.0
  wind_opex: 100
  wind_lifetime: 20
  solar_capex: 1000.0
  solar_opex: 10
  solar_lifetime: 20
  carbon_price: 1.0
timeseries_values:
  load_level: 241151.84499764987
  wind_year: 2018
  solar_year: 2011
  price_year: 2023
  carbon_year: 2023
storage_values:
  CAES:
    cost: 36.2117
    lifetime: 25.1476
    annual_cost: 1.4399664381491672
    efficiency: 0.594415
    discharge_ratio: 0.1
    depth_of_discharge: 0.4
  Li-ion:
    cost: 219.08
    lifetime: 22.504
    annual_cost: 9.735158194098826
    efficiency: 0.888076
    discharge_ratio: 2
    depth_of_discharge: 0.9
  Pb-acid:
    cost: 107.397
    lifetime: 10.1251
    annual_cost: 10.607006350554563
    efficiency: 0.732141
    discharge_ratio: 5
    depth_of_discharge: 0.5
  VRBF:
    cost: 277.397
    lifetime: 22.0611
    annual_cost: 12.574033026458336
    efficiency: 0.841695
    discharge_ratio: 0.5
    depth_of_discharge: 1.0
