cost_values:
  wind_capex: 5000.0
  wind_opex: 100
  wind_lifetime: 20
  solar_capex: 1000.0
  solar_opex: 10
  solar_lifetime: 20
  carbon_price: 1.0
timeseries_values:
  load_level: 241151.84499764987
  wind_year: 2018
  solar_year: 2011
  price_year: 2023
  carbon_year: 2023
storage_values:
  CAES:
    cost: 36.617
    lifetime: 25.8179
    annual_cost: 1.418279565727654
    efficiency: 0.606849
    discharge_ratio: 0.1
    depth_of_discharge: 0.4
  Li-ion:
    cost: 237.306
    lifetime: 18.3992
    annual_cost: 12.897625983738424
    efficiency: 0.874235
    discharge_ratio: 2
    depth_of_discharge: 0.9
  Pb-acid:
    cost: 144.795
    lifetime: 10.6411
    annual_cost: 13.607145877775793
    efficiency: 0.717714
    discharge_ratio: 5
    depth_of_discharge: 0.5
  VRBF:
    cost: 246.773
    lifetime: 19.2795
    annual_cost: 12.799761404600742
    efficiency: 0.825804
    discharge_ratio: 0.5
    depth_of_discharge: 1.0
