cost_values:
  wind_capex: 5000.0
  wind_opex: 100
  wind_lifetime: 20
  solar_capex: 1000.0
  solar_opex: 10
  solar_lifetime: 20
  carbon_price: 1.0
timeseries_values:
  load_level: 241151.84499764987
  wind_year: 2018
  solar_year: 2011
  price_year: 2023
  carbon_year: 2023
storage_values:
  CAES:
    cost: 28.8711
    lifetime: 26.5096
    annual_cost: 1.0890809367172647
    efficiency: 0.596144
    discharge_ratio: 0.1
    depth_of_discharge: 0.4
  Li-ion:
    cost: 229.24
    lifetime: 20.7074
    annual_cost: 11.070438587171736
    efficiency: 0.889757
    discharge_ratio: 2
    depth_of_discharge: 0.9
  Pb-acid:
    cost: 122.887
    lifetime: 10.8782
    annual_cost: 11.29662995716203
    efficiency: 0.719979
    discharge_ratio: 5
    depth_of_discharge: 0.5
  VRBF:
    cost: 224.905
    lifetime: 18.2463
    annual_cost: 12.326060625989927
    efficiency: 0.834891
    discharge_ratio: 0.5
    depth_of_discharge: 1.0
