cost_values:
  wind_capex: 5000.0
  wind_opex: 100
  wind_lifetime: 20
  solar_capex: 1000.0
  solar_opex: 10
  solar_lifetime: 20
  carbon_price: 1.0
timeseries_values:
  load_level: 241151.84499764987
  wind_year: 2018
  solar_year: 2011
  price_year: 2023
  carbon_year: 2023
storage_values:
  CAES:
    cost: 27.0269
    lifetime: 25.2894
    annual_cost: 1.0687046746858369
    efficiency: 0.594398
    discharge_ratio: 0.1
    depth_of_discharge: 0.4
  Li-ion:
    cost: 216.09
    lifetime: 19.1701
    annual_cost: 11.272241668014251
    efficiency: 0.888463
    discharge_ratio: 2
    depth_of_discharge: 0.9
  Pb-acid:
    cost: 128.17
    lifetime: 9.85354
    annual_cost: 13.007507961605675
    efficiency: 0.720674
    discharge_ratio: 5
    depth_of_discharge: 0.5
  VRBF:
    cost: 242.94
    lifetime: 18.7407
    annual_cost: 12.963229761961932
    efficiency: 0.83027
    discharge_ratio: 0.5
    depth_of_discharge: 1.0
