cost_values:
  wind_capex: 5000.0
  wind_opex: 100
  wind_lifetime: 20
  solar_capex: 1000.0
  solar_opex: 10
  solar_lifetime: 20
  carbon_price: 1.0
timeseries_values:
  load_level: 241151.84499764987
  wind_year: 2018
  solar_year: 2011
  price_year: 2023
  carbon_year: 2023
storage_values:
  CAES:
    cost: 29.5902
    lifetime: 25.2735
    annual_cost: 1.1707994539735296
    efficiency: 0.592891
    discharge_ratio: 0.1
    depth_of_discharge: 0.4
  Li-ion:
    cost: 206.098
    lifetime: 21.072
    annual_cost: 9.780656795747912
    efficiency: 0.889209
    discharge_ratio: 2
    depth_of_discharge: 0.9
  Pb-acid:
    cost: 142.63
    lifetime: 10.085
    annual_cost: 14.142786316311351
    efficiency: 0.729392
    discharge_ratio: 5
    depth_of_discharge: 0.5
  VRBF:
    cost: 250.335
    lifetime: 19.1918
    annual_cost: 13.043852061818068
    efficiency: 0.841321
    discharge_ratio: 0.5
    depth_of_discharge: 1.0
