cost_values:
  wind_capex: 5000.0
  wind_opex: 100
  wind_lifetime: 20
  solar_capex: 1000.0
  solar_opex: 10
  solar_lifetime: 20
  carbon_price: 1.0
timeseries_values:
  load_level: 241151.84499764987
  wind_year: 2018
  solar_year: 2011
  price_year: 2023
  carbon_year: 2023
storage_values:
  CAES:
    cost: 30.8948
    lifetime: 25.5117
    annual_cost: 1.2110051466582
    efficiency: 0.603976
    discharge_ratio: 0.1
    depth_of_discharge: 0.4
  Li-ion:
    cost: 219.843
    lifetime: 20.3232
    annual_cost: 10.81734175720359
    efficiency: 0.873774
    discharge_ratio: 2
    depth_of_discharge: 0.9
  Pb-acid:
    cost: 101.806
    lifetime: 10.7528
    annual_cost: 9.467859534260842
    efficiency: 0.73266
    discharge_ratio: 5
    depth_of_discharge: 0.5
  VRBF:
    cost: 254.181
    lifetime: 17.4159
    annual_cost: 14.594766850981001
    efficiency: 0.847486
    discharge_ratio: 0.5
    depth_of_discharge: 1.0
