cost_values:
  wind_capex: 5000.0
  wind_opex: 100
  wind_lifetime: 20
  solar_capex: 1000.0
  solar_opex: 10
  solar_lifetime: 20
  carbon_price: 1.0
timeseries_values:
  load_level: 241151.84499764987
  wind_year: 2018
  solar_year: 2011
  price_year: 2023
  carbon_year: 2023
storage_values:
  CAES:
    cost: 29.7342
    lifetime: 24.9474
    annual_cost: 1.1918757064864476
    efficiency: 0.601896
    discharge_ratio: 0.1
    depth_of_discharge: 0.4
  Li-ion:
    cost: 215.19
    lifetime: 18.0822
    annual_cost: 11.900653681521053
    efficiency: 0.869769
    discharge_ratio: 2
    depth_of_discharge: 0.9
  Pb-acid:
    cost: 126.246
    lifetime: 10.0196
    annual_cost: 12.599904187791926
    efficiency: 0.727871
    discharge_ratio: 5
    depth_of_discharge: 0.5
  VRBF:
    cost: 254.109
    lifetime: 19.2263
    annual_cost: 13.216739570276134
    efficiency: 0.846438
    discharge_ratio: 0.5
    depth_of_discharge: 1.0
