cost_values:
  wind_capex: 5000.0
  wind_opex: 100
  wind_lifetime: 20
  solar_capex: 1000.0
  solar_opex: 10
  solar_lifetime: 20
  carbon_price: 1.0
timeseries_values:
  load_level: 241151.84499764987
  wind_year: 2018
  solar_year: 2011
  price_year: 2023
  carbon_year: 2023
storage_values:
  CAES:
    cost: 36.4251
    lifetime: 26.4437
    annual_cost: 1.3774585250929334
    efficiency: 0.596219
    discharge_ratio: 0.1
    depth_of_discharge: 0.4
  Li-ion:
    cost: 225.195
    lifetime: 19.9697
    annual_cost: 11.276834404122246
    efficiency: 0.893676
    discharge_ratio: 2
    depth_of_discharge: 0.9
  Pb-acid:
    cost: 125.203
    lifetime: 11.101
    annual_cost: 11.278533465453561
    efficiency: 0.728129
    discharge_ratio: 5
    depth_of_discharge: 0.5
  VRBF:
    cost: 275.181
    lifetime: 17.5941
    annual_cost: 15.640527222193802
    efficiency: 0.847889
    discharge_ratio: 0.5
    depth_of_discharge: 1.0
