cost_values:
  wind_capex: 5000.0
  wind_opex: 100
  wind_lifetime: 20
  solar_capex: 1000.0
  solar_opex: 10
  solar_lifetime: 20
  carbon_price: 1.0
timeseries_values:
  load_level: 241151.84499764987
  wind_year: 2018
  solar_year: 2011
  price_year: 2023
  carbon_year: 2023
storage_values:
  CAES:
    cost: 32.6696
    lifetime: 25.7199
    annual_cost: 1.2702071158908084
    efficiency: 0.605086
    discharge_ratio: 0.1
    depth_of_discharge: 0.4
  Li-ion:
    cost: 209.475
    lifetime: 18.1603
    annual_cost: 11.534776407878725
    efficiency: 0.888275
    discharge_ratio: 2
    depth_of_discharge: 0.9
  Pb-acid:
    cost: 124.101
    lifetime: 11.3602
    annual_cost: 10.924191475502191
    efficiency: 0.738557
    discharge_ratio: 5
    depth_of_discharge: 0.5
  VRBF:
    cost: 240.054
    lifetime: 16.8672
    annual_cost: 14.232000569151964
    efficiency: 0.838765
    discharge_ratio: 0.5
    depth_of_discharge: 1.0
