cost_values:
  wind_capex: 5000.0
  wind_opex: 100
  wind_lifetime: 20
  solar_capex: 1000.0
  solar_opex: 10
  solar_lifetime: 20
  carbon_price: 1.0
timeseries_values:
  load_level: 241151.84499764987
  wind_year: 2018
  solar_year: 2011
  price_year: 2023
  carbon_year: 2023
storage_values:
  CAES:
    cost: 37.8463
    lifetime: 25.6702
    annual_cost: 1.4743282093633863
    efficiency: 0.602866
    discharge_ratio: 0.1
    depth_of_discharge: 0.4
  Li-ion:
    cost: 213.151
    lifetime: 21.161
    annual_cost: 10.072822645432636
    efficiency: 0.889354
    discharge_ratio: 2
    depth_of_discharge: 0.9
  Pb-acid:
    cost: 147.14
    lifetime: 10.5791
    annual_cost: 13.908555548203532
    efficiency: 0.745482
    discharge_ratio: 5
    depth_of_discharge: 0.5
  VRBF:
    cost: 271.179
    lifetime: 18.5856
    annual_cost: 14.590812241735536
    efficiency: 0.841416
    discharge_ratio: 0.5
    depth_of_discharge: 1.0
