cost_values:
  wind_capex: 5000.0
  wind_opex: 100
  wind_lifetime: 20
  solar_capex: 1000.0
  solar_opex: 10
  solar_lifetime: 20
  carbon_price: 1.0
timeseries_values:
  load_level: 241151.84499764987
  wind_year: 2018
  solar_year: 2011
  price_year: 2023
  carbon_year: 2023
storage_values:
  CAES:
    cost: 37.3328
    lifetime: 26.3725
    annual_cost: 1.4155957910702437
    efficiency: 0.602845
    discharge_ratio: 0.1
    depth_of_discharge: 0.4
  Li-ion:
    cost: 221.94
    lifetime: 18.5305
    annual_cost: 11.977010873964545
    efficiency: 0.89289
    discharge_ratio: 2
    depth_of_discharge: 0.9
  Pb-acid:
    cost: 153.002
    lifetime: 9.78222
    annual_cost: 15.6408259065938
    efficiency: 0.722494
    discharge_ratio: 5
    depth_of_discharge: 0.5
  VRBF:
    cost: 253.169
    lifetime: 17.5856
    annual_cost: 14.396381130015468
    efficiency: 0.836844
    discharge_ratio: 0.5
    depth_of_discharge: 1.0
