cost_values:
  wind_capex: 5000.0
  wind_opex: 100
  wind_lifetime: 20
  solar_capex: 1000.0
  solar_opex: 10
  solar_lifetime: 20
  carbon_price: 1.0
timeseries_values:
  load_level: 241151.84499764987
  wind_year: 2018
  solar_year: 2011
  price_year: 2023
  carbon_year: 2023
storage_values:
  CAES:
    cost: 40.3032
    lifetime: 25.5433
    annual_cost: 1.577838415553198
    efficiency: 0.606655
    discharge_ratio: 0.1
    depth_of_discharge: 0.4
  Li-ion:
    cost: 210.176
    lifetime: 20.8173
    annual_cost: 10.096218049410826
    efficiency: 0.885877
    discharge_ratio: 2
    depth_of_discharge: 0.9
  Pb-acid:
    cost: 109.365
    lifetime: 9.90575
    annual_cost: 11.040557252101053
    efficiency: 0.720963
    discharge_ratio: 5
    depth_of_discharge: 0.5
  VRBF:
    cost: 280.19
    lifetime: 17.9841
    annual_cost: 15.579873332554866
    efficiency: 0.833111
    discharge_ratio: 0.5
    depth_of_discharge: 1.0
