cost_values:
  wind_capex: 5000.0
  wind_opex: 100
  wind_lifetime: 20
  solar_capex: 1000.0
  solar_opex: 10
  solar_lifetime: 20
  carbon_price: 1.0
timeseries_values:
  load_level: 241151.84499764987
  wind_year: 2018
  solar_year: 2011
  price_year: 2023
  carbon_year: 2023
storage_values:
  CAES:
    cost: 37.2048
    lifetime: 25.1474
    annual_cost: 1.4794690504783794
    efficiency: 0.608817
    discharge_ratio: 0.1
    depth_of_discharge: 0.4
  Li-ion:
    cost: 224.275
    lifetime: 20.4913
    annual_cost: 10.944888806469088
    efficiency: 0.893023
    discharge_ratio: 2
    depth_of_discharge: 0.9
  Pb-acid:
    cost: 134.926
    lifetime: 9.45552
    annual_cost: 14.269548369629591
    efficiency: 0.738902
    discharge_ratio: 5
    depth_of_discharge: 0.5
  VRBF:
    cost: 277.45
    lifetime: 18.7559
    annual_cost: 14.79267857047649
    efficiency: 0.847916
    discharge_ratio: 0.5
    depth_of_discharge: 1.0
