cost_values:
  wind_capex: 5000.0
  wind_opex: 100
  wind_lifetime: 20
  solar_capex: 1000.0
  solar_opex: 10
  solar_lifetime: 20
  carbon_price: 1.0
timeseries_values:
  load_level: 241151.84499764987
  wind_year: 2018
  solar_year: 2011
  price_year: 2023
  carbon_year: 2023
storage_values:
  CAES:
    cost: 35.1121
    lifetime: 25.96
    annual_cost: 1.352546224961479
    efficiency: 0.599461
    discharge_ratio: 0.1
    depth_of_discharge: 0.4
  Li-ion:
    cost: 203.156
    lifetime: 20.3076
    annual_cost: 10.003939411845812
    efficiency: 0.880381
    discharge_ratio: 2
    depth_of_discharge: 0.9
  Pb-acid:
    cost: 125.328
    lifetime: 9.87202
    annual_cost: 12.695274118164267
    efficiency: 0.713571
    discharge_ratio: 5
    depth_of_discharge: 0.5
  VRBF:
    cost: 255.943
    lifetime: 17.6093
    annual_cost: 14.534535728279943
    efficiency: 0.846663
    discharge_ratio: 0.5
    depth_of_discharge: 1.0
