cost_values:
  wind_capex: 5000.0
  wind_opex: 100
  wind_lifetime: 20
  solar_capex: 1000.0
  solar_opex: 10
  solar_lifetime: 20
  carbon_price: 1.0
timeseries_values:
  load_level: 241151.84499764987
  wind_year: 2018
  solar_year: 2011
  price_year: 2023
  carbon_year: 2023
storage_values:
  CAES:
    cost: 32.0959
    lifetime: 24.841
    annual_cost: 1.2920534600056357
    efficiency: 0.603133
    discharge_ratio: 0.1
    depth_of_discharge: 0.4
  Li-ion:
    cost: 221.999
    lifetime: 19.24
    annual_cost: 11.538409563409564
    efficiency: 0.894828
    discharge_ratio: 2
    depth_of_discharge: 0.9
  Pb-acid:
    cost: 137.375
    lifetime: 9.8596
    annual_cost: 13.93312101910828
    efficiency: 0.715384
    discharge_ratio: 5
    depth_of_discharge: 0.5
  VRBF:
    cost: 275.152
    lifetime: 18.4742
    annual_cost: 14.89385196652629
    efficiency: 0.845181
    discharge_ratio: 0.5
    depth_of_discharge: 1.0
