cost_values:
  wind_capex: 5000.0
  wind_opex: 100
  wind_lifetime: 20
  solar_capex: 1000.0
  solar_opex: 10
  solar_lifetime: 20
  carbon_price: 1.0
timeseries_values:
  load_level: 241151.84499764987
  wind_year: 2018
  solar_year: 2011
  price_year: 2023
  carbon_year: 2023
storage_values:
  CAES:
    cost: 39.8566
    lifetime: 25.8303
    annual_cost: 1.543017309129201
    efficiency: 0.610368
    discharge_ratio: 0.1
    depth_of_discharge: 0.4
  Li-ion:
    cost: 214.697
    lifetime: 19.6983
    annual_cost: 10.899265418843251
    efficiency: 0.885091
    discharge_ratio: 2
    depth_of_discharge: 0.9
  Pb-acid:
    cost: 118.27
    lifetime: 10.1358
    annual_cost: 11.668541210363268
    efficiency: 0.723693
    discharge_ratio: 5
    depth_of_discharge: 0.5
  VRBF:
    cost: 272.221
    lifetime: 19.1148
    annual_cost: 14.241373176805409
    efficiency: 0.833849
    discharge_ratio: 0.5
    depth_of_discharge: 1.0
