cost_values:
  wind_capex: 5000.0
  wind_opex: 100
  wind_lifetime: 20
  solar_capex: 1000.0
  solar_opex: 10
  solar_lifetime: 20
  carbon_price: 1.0
timeseries_values:
  load_level: 241151.84499764987
  wind_year: 2018
  solar_year: 2011
  price_year: 2023
  carbon_year: 2023
storage_values:
  CAES:
    cost: 41.6629
    lifetime: 25.5653
    annual_cost: 1.6296659925758743
    efficiency: 0.59738
    discharge_ratio: 0.1
    depth_of_discharge: 0.4
  Li-ion:
    cost: 237.257
    lifetime: 19.877
    annual_cost: 11.936257986617699
    efficiency: 0.889201
    discharge_ratio: 2
    depth_of_discharge: 0.9
  Pb-acid:
    cost: 125.659
    lifetime: 10.8333
    annual_cost: 11.599327997932303
    efficiency: 0.740733
    discharge_ratio: 5
    depth_of_discharge: 0.5
  VRBF:
    cost: 275.223
    lifetime: 19.0434
    annual_cost: 14.45240870852894
    efficiency: 0.825268
    discharge_ratio: 0.5
    depth_of_discharge: 1.0
