cost_values:
  wind_capex: 5000.0
  wind_opex: 100
  wind_lifetime: 20
  solar_capex: 1000.0
  solar_opex: 10
  solar_lifetime: 20
  carbon_price: 1.0
timeseries_values:
  load_level: 241151.84499764987
  wind_year: 2018
  solar_year: 2011
  price_year: 2023
  carbon_year: 2023
storage_values:
  CAES:
    cost: 34.5063
    lifetime: 25.1361
    annual_cost: 1.372778593337869
    efficiency: 0.608964
    discharge_ratio: 0.1
    depth_of_discharge: 0.4
  Li-ion:
    cost: 231.032
    lifetime: 19.0264
    annual_cost: 12.142706975570787
    efficiency: 0.897421
    discharge_ratio: 2
    depth_of_discharge: 0.9
  Pb-acid:
    cost: 142.748
    lifetime: 9.1215
    annual_cost: 15.649619031957464
    efficiency: 0.733051
    discharge_ratio: 5
    depth_of_discharge: 0.5
  VRBF:
    cost: 259.32
    lifetime: 17.3962
    annual_cost: 14.906703762890746
    efficiency: 0.833545
    discharge_ratio: 0.5
    depth_of_discharge: 1.0
