cost_values:
  wind_capex: 5000.0
  wind_opex: 100
  wind_lifetime: 20
  solar_capex: 1000.0
  solar_opex: 10
  solar_lifetime: 20
  carbon_price: 1.0
timeseries_values:
  load_level: 241151.84499764987
  wind_year: 2018
  solar_year: 2011
  price_year: 2023
  carbon_year: 2023
storage_values:
  CAES:
    cost: 36.8829
    lifetime: 25.5394
    annual_cost: 1.4441568713438844
    efficiency: 0.606772
    discharge_ratio: 0.1
    depth_of_discharge: 0.4
  Li-ion:
    cost: 238.733
    lifetime: 19.958
    annual_cost: 11.96176971640445
    efficiency: 0.89454
    discharge_ratio: 2
    depth_of_discharge: 0.9
  Pb-acid:
    cost: 104.07
    lifetime: 10.5525
    annual_cost: 9.862117981520965
    efficiency: 0.735423
    discharge_ratio: 5
    depth_of_discharge: 0.5
  VRBF:
    cost: 259.402
    lifetime: 19.0867
    annual_cost: 13.590720239748096
    efficiency: 0.844173
    discharge_ratio: 0.5
    depth_of_discharge: 1.0
