cost_values:
  wind_capex: 5000.0
  wind_opex: 100
  wind_lifetime: 20
  solar_capex: 1000.0
  solar_opex: 10
  solar_lifetime: 20
  carbon_price: 1.0
timeseries_values:
  load_level: 241151.84499764987
  wind_year: 2018
  solar_year: 2011
  price_year: 2023
  carbon_year: 2023
storage_values:
  CAES:
    cost: 42.9179
    lifetime: 25.4246
    annual_cost: 1.6880462229494269
    efficiency: 0.600457
    discharge_ratio: 0.1
    depth_of_discharge: 0.4
  Li-ion:
    cost: 209.333
    lifetime: 19.3121
    annual_cost: 10.839473697837107
    efficiency: 0.899343
    discharge_ratio: 2
    depth_of_discharge: 0.9
  Pb-acid:
    cost: 138.119
    lifetime: 10.7234
    annual_cost: 12.880149952440458
    efficiency: 0.733648
    discharge_ratio: 5
    depth_of_discharge: 0.5
  VRBF:
    cost: 272.244
    lifetime: 20.4864
    annual_cost: 13.289011246485474
    efficiency: 0.846127
    discharge_ratio: 0.5
    depth_of_discharge: 1.0
