cost_values:
  wind_capex: 5000.0
  wind_opex: 100
  wind_lifetime: 20
  solar_capex: 1000.0
  solar_opex: 10
  solar_lifetime: 20
  carbon_price: 1.0
timeseries_values:
  load_level: 241151.84499764987
  wind_year: 2018
  solar_year: 2011
  price_year: 2023
  carbon_year: 2023
storage_values:
  CAES:
    cost: 34.1422
    lifetime: 25.9851
    annual_cost: 1.3139145125475755
    efficiency: 0.603052
    discharge_ratio: 0.1
    depth_of_discharge: 0.4
  Li-ion:
    cost: 211.299
    lifetime: 20.8035
    annual_cost: 10.15689667604009
    efficiency: 0.880884
    discharge_ratio: 2
    depth_of_discharge: 0.9
  Pb-acid:
    cost: 108.475
    lifetime: 10.8356
    annual_cost: 10.010982317545867
    efficiency: 0.733562
    discharge_ratio: 5
    depth_of_discharge: 0.5
  VRBF:
    cost: 285.354
    lifetime: 17.594
    annual_cost: 16.218824599295214
    efficiency: 0.845051
    discharge_ratio: 0.5
    depth_of_discharge: 1.0
