cost_values:
  wind_capex: 5000.0
  wind_opex: 100
  wind_lifetime: 20
  solar_capex: 1000.0
  solar_opex: 10
  solar_lifetime: 20
  carbon_price: 1.0
timeseries_values:
  load_level: 241151.84499764987
  wind_year: 2018
  solar_year: 2011
  price_year: 2023
  carbon_year: 2023
storage_values:
  CAES:
    cost: 22.6351
    lifetime: 25.2033
    annual_cost: 0.8981006455503844
    efficiency: 0.598804
    discharge_ratio: 0.1
    depth_of_discharge: 0.4
  Li-ion:
    cost: 226.428
    lifetime: 20.0823
    annual_cost: 11.27500336116879
    efficiency: 0.890591
    discharge_ratio: 2
    depth_of_discharge: 0.9
  Pb-acid:
    cost: 126.635
    lifetime: 9.92404
    annual_cost: 12.760428212703697
    efficiency: 0.728811
    discharge_ratio: 5
    depth_of_discharge: 0.5
  VRBF:
    cost: 287.545
    lifetime: 20.0819
    annual_cost: 14.318615270467436
    efficiency: 0.838422
    discharge_ratio: 0.5
    depth_of_discharge: 1.0
