cost_values:
  wind_capex: 5000.0
  wind_opex: 100
  wind_lifetime: 20
  solar_capex: 1000.0
  solar_opex: 10
  solar_lifetime: 20
  carbon_price: 1.0
timeseries_values:
  load_level: 241151.84499764987
  wind_year: 2018
  solar_year: 2011
  price_year: 2023
  carbon_year: 2023
storage_values:
  CAES:
    cost: 36.2521
    lifetime: 25.9339
    annual_cost: 1.397865342274012
    efficiency: 0.604469
    discharge_ratio: 0.1
    depth_of_discharge: 0.4
  Li-ion:
    cost: 223.973
    lifetime: 17.5569
    annual_cost: 12.756978737704266
    efficiency: 0.877566
    discharge_ratio: 2
    depth_of_discharge: 0.9
  Pb-acid:
    cost: 132.302
    lifetime: 11.4199
    annual_cost: 11.58521528209529
    efficiency: 0.738342
    discharge_ratio: 5
    depth_of_discharge: 0.5
  VRBF:
    cost: 266.248
    lifetime: 17.8876
    annual_cost: 14.884500995102753
    efficiency: 0.820959
    discharge_ratio: 0.5
    depth_of_discharge: 1.0
