cost_values:
  wind_capex: 5000.0
  wind_opex: 100
  wind_lifetime: 20
  solar_capex: 1000.0
  solar_opex: 10
  solar_lifetime: 20
  carbon_price: 1.0
timeseries_values:
  load_level: 241151.84499764987
  wind_year: 2018
  solar_year: 2011
  price_year: 2023
  carbon_year: 2023
storage_values:
  CAES:
    cost: 39.8681
    lifetime: 24.959
    annual_cost: 1.5973436435754638
    efficiency: 0.599801
    discharge_ratio: 0.1
    depth_of_discharge: 0.4
  Li-ion:
    cost: 224.051
    lifetime: 19.667
    annual_cost: 11.39223064015864
    efficiency: 0.884256
    discharge_ratio: 2
    depth_of_discharge: 0.9
  Pb-acid:
    cost: 133.667
    lifetime: 8.80315
    annual_cost: 15.183996637567233
    efficiency: 0.722773
    discharge_ratio: 5
    depth_of_discharge: 0.5
  VRBF:
    cost: 247.498
    lifetime: 19.7418
    annual_cost: 12.536749435208542
    efficiency: 0.842681
    discharge_ratio: 0.5
    depth_of_discharge: 1.0
