cost_values:
  wind_capex: 5000.0
  wind_opex: 100
  wind_lifetime: 20
  solar_capex: 1000.0
  solar_opex: 10
  solar_lifetime: 20
  carbon_price: 1.0
timeseries_values:
  load_level: 241151.84499764987
  wind_year: 2018
  solar_year: 2011
  price_year: 2023
  carbon_year: 2023
storage_values:
  CAES:
    cost: 31.2127
    lifetime: 23.983
    annual_cost: 1.3014510278113665
    efficiency: 0.59868
    discharge_ratio: 0.1
    depth_of_discharge: 0.4
  Li-ion:
    cost: 233.029
    lifetime: 20.8163
    annual_cost: 11.194544659713783
    efficiency: 0.892167
    discharge_ratio: 2
    depth_of_discharge: 0.9
  Pb-acid:
    cost: 117.363
    lifetime: 10.8628
    annual_cost: 10.804120484589609
    efficiency: 0.720094
    discharge_ratio: 5
    depth_of_discharge: 0.5
  VRBF:
    cost: 280.346
    lifetime: 18.7822
    annual_cost: 14.926153485747145
    efficiency: 0.838078
    discharge_ratio: 0.5
    depth_of_discharge: 1.0
