cost_values:
  wind_capex: 5000.0
  wind_opex: 100
  wind_lifetime: 20
  solar_capex: 1000.0
  solar_opex: 10
  solar_lifetime: 20
  carbon_price: 1.0
timeseries_values:
  load_level: 241151.84499764987
  wind_year: 2018
  solar_year: 2011
  price_year: 2023
  carbon_year: 2023
storage_values:
  CAES:
    cost: 37.9003
    lifetime: 25.5662
    annual_cost: 1.482437749841588
    efficiency: 0.612941
    discharge_ratio: 0.1
    depth_of_discharge: 0.4
  Li-ion:
    cost: 229.057
    lifetime: 17.3815
    annual_cost: 13.178206714035037
    efficiency: 0.90351
    discharge_ratio: 2
    depth_of_discharge: 0.9
  Pb-acid:
    cost: 115.913
    lifetime: 10.7917
    annual_cost: 10.740939796324952
    efficiency: 0.724401
    discharge_ratio: 5
    depth_of_discharge: 0.5
  VRBF:
    cost: 252.33
    lifetime: 19.9365
    annual_cost: 12.656684974794976
    efficiency: 0.83535
    discharge_ratio: 0.5
    depth_of_discharge: 1.0
