cost_values:
  wind_capex: 5000.0
  wind_opex: 100
  wind_lifetime: 20
  solar_capex: 1000.0
  solar_opex: 10
  solar_lifetime: 20
  carbon_price: 1.0
timeseries_values:
  load_level: 241151.84499764987
  wind_year: 2018
  solar_year: 2011
  price_year: 2023
  carbon_year: 2023
storage_values:
  CAES:
    cost: 34.7758
    lifetime: 25.5261
    annual_cost: 1.3623624447134501
    efficiency: 0.603407
    discharge_ratio: 0.1
    depth_of_discharge: 0.4
  Li-ion:
    cost: 245.607
    lifetime: 16.1669
    annual_cost: 15.191966301517299
    efficiency: 0.89523
    discharge_ratio: 2
    depth_of_discharge: 0.9
  Pb-acid:
    cost: 120.021
    lifetime: 9.95358
    annual_cost: 12.058073577546972
    efficiency: 0.738848
    discharge_ratio: 5
    depth_of_discharge: 0.5
  VRBF:
    cost: 258.44
    lifetime: 19.3977
    annual_cost: 13.323229042618454
    efficiency: 0.81967
    discharge_ratio: 0.5
    depth_of_discharge: 1.0
