cost_values:
  wind_capex: 5000.0
  wind_opex: 100
  wind_lifetime: 20
  solar_capex: 1000.0
  solar_opex: 10
  solar_lifetime: 20
  carbon_price: 1.0
timeseries_values:
  load_level: 241151.84499764987
  wind_year: 2018
  solar_year: 2011
  price_year: 2023
  carbon_year: 2023
storage_values:
  CAES:
    cost: 37.9141
    lifetime: 24.4666
    annual_cost: 1.5496268382202676
    efficiency: 0.597375
    discharge_ratio: 0.1
    depth_of_discharge: 0.4
  Li-ion:
    cost: 198.765
    lifetime: 19.6187
    annual_cost: 10.131405240918102
    efficiency: 0.884494
    discharge_ratio: 2
    depth_of_discharge: 0.9
  Pb-acid:
    cost: 149.468
    lifetime: 10.0186
    annual_cost: 14.919050565947337
    efficiency: 0.739145
    discharge_ratio: 5
    depth_of_discharge: 0.5
  VRBF:
    cost: 325.121
    lifetime: 17.2966
    annual_cost: 18.796815559127225
    efficiency: 0.83274
    discharge_ratio: 0.5
    depth_of_discharge: 1.0
