cost_values:
  wind_capex: 5000.0
  wind_opex: 100
  wind_lifetime: 20
  solar_capex: 1000.0
  solar_opex: 10
  solar_lifetime: 20
  carbon_price: 1.0
timeseries_values:
  load_level: 241151.84499764987
  wind_year: 2018
  solar_year: 2011
  price_year: 2023
  carbon_year: 2023
storage_values:
  CAES:
    cost: 37.7893
    lifetime: 24.9892
    annual_cost: 1.5122252813215307
    efficiency: 0.607266
    discharge_ratio: 0.1
    depth_of_discharge: 0.4
  Li-ion:
    cost: 198.601
    lifetime: 18.6143
    annual_cost: 10.669270399638988
    efficiency: 0.896592
    discharge_ratio: 2
    depth_of_discharge: 0.9
  Pb-acid:
    cost: 108.512
    lifetime: 10.4829
    annual_cost: 10.351334077402244
    efficiency: 0.742616
    discharge_ratio: 5
    depth_of_discharge: 0.5
  VRBF:
    cost: 276.753
    lifetime: 20.4496
    annual_cost: 13.533418746576949
    efficiency: 0.830779
    discharge_ratio: 0.5
    depth_of_discharge: 1.0
