cost_values:
  wind_capex: 5000.0
  wind_opex: 100
  wind_lifetime: 20
  solar_capex: 1000.0
  solar_opex: 10
  solar_lifetime: 20
  carbon_price: 1.0
timeseries_values:
  load_level: 241151.84499764987
  wind_year: 2018
  solar_year: 2011
  price_year: 2023
  carbon_year: 2023
storage_values:
  CAES:
    cost: 38.856
    lifetime: 26.4563
    annual_cost: 1.4686860974512688
    efficiency: 0.606614
    discharge_ratio: 0.1
    depth_of_discharge: 0.4
  Li-ion:
    cost: 216.834
    lifetime: 19.8586
    annual_cost: 10.91889659895461
    efficiency: 0.884889
    discharge_ratio: 2
    depth_of_discharge: 0.9
  Pb-acid:
    cost: 118.239
    lifetime: 10.1134
    annual_cost: 11.69132042636502
    efficiency: 0.718681
    discharge_ratio: 5
    depth_of_discharge: 0.5
  VRBF:
    cost: 274.244
    lifetime: 18.6825
    annual_cost: 14.679191756991838
    efficiency: 0.832935
    discharge_ratio: 0.5
    depth_of_discharge: 1.0
