cost_values:
  wind_capex: 5000.0
  wind_opex: 100
  wind_lifetime: 20
  solar_capex: 1000.0
  solar_opex: 10
  solar_lifetime: 20
  carbon_price: 1.0
timeseries_values:
  load_level: 241151.84499764987
  wind_year: 2018
  solar_year: 2011
  price_year: 2023
  carbon_year: 2023
storage_values:
  CAES:
    cost: 34.1384
    lifetime: 26.0873
    annual_cost: 1.3086214364844195
    efficiency: 0.599333
    discharge_ratio: 0.1
    depth_of_discharge: 0.4
  Li-ion:
    cost: 237.836
    lifetime: 19.248
    annual_cost: 12.356400665004156
    efficiency: 0.890492
    discharge_ratio: 2
    depth_of_discharge: 0.9
  Pb-acid:
    cost: 117.86
    lifetime: 11.4713
    annual_cost: 10.274336823202253
    efficiency: 0.721424
    discharge_ratio: 5
    depth_of_discharge: 0.5
  VRBF:
    cost: 268.302
    lifetime: 17.6498
    annual_cost: 15.201418712959923
    efficiency: 0.837449
    discharge_ratio: 0.5
    depth_of_discharge: 1.0
