cost_values:
  wind_capex: 5000.0
  wind_opex: 100
  wind_lifetime: 20
  solar_capex: 1000.0
  solar_opex: 10
  solar_lifetime: 20
  carbon_price: 1.0
timeseries_values:
  load_level: 241151.84499764987
  wind_year: 2018
  solar_year: 2011
  price_year: 2023
  carbon_year: 2023
storage_values:
  CAES:
    cost: 42.1451
    lifetime: 25.8145
    annual_cost: 1.632613453679134
    efficiency: 0.603715
    discharge_ratio: 0.1
    depth_of_discharge: 0.4
  Li-ion:
    cost: 237.67
    lifetime: 20.2624
    annual_cost: 11.729607548957675
    efficiency: 0.874498
    discharge_ratio: 2
    depth_of_discharge: 0.9
  Pb-acid:
    cost: 142.063
    lifetime: 8.80681
    annual_cost: 16.131039502385082
    efficiency: 0.731712
    discharge_ratio: 5
    depth_of_discharge: 0.5
  VRBF:
    cost: 245.914
    lifetime: 18.0519
    annual_cost: 13.62261036234413
    efficiency: 0.832738
    discharge_ratio: 0.5
    depth_of_discharge: 1.0
