cost_values:
  wind_capex: 5000.0
  wind_opex: 100
  wind_lifetime: 20
  solar_capex: 1000.0
  solar_opex: 10
  solar_lifetime: 20
  carbon_price: 1.0
timeseries_values:
  load_level: 241151.84499764987
  wind_year: 2018
  solar_year: 2011
  price_year: 2023
  carbon_year: 2023
storage_values:
  CAES:
    cost: 31.3199
    lifetime: 25.4861
    annual_cost: 1.2289012442076268
    efficiency: 0.596254
    discharge_ratio: 0.1
    depth_of_discharge: 0.4
  Li-ion:
    cost: 217.433
    lifetime: 18.1861
    annual_cost: 11.955999362150214
    efficiency: 0.906895
    discharge_ratio: 2
    depth_of_discharge: 0.9
  Pb-acid:
    cost: 127.225
    lifetime: 11.0902
    annual_cost: 11.47184000288543
    efficiency: 0.73619
    discharge_ratio: 5
    depth_of_discharge: 0.5
  VRBF:
    cost: 254.011
    lifetime: 20.4631
    annual_cost: 12.413124111205047
    efficiency: 0.823052
    discharge_ratio: 0.5
    depth_of_discharge: 1.0
