cost_values:
  wind_capex: 5000.0
  wind_opex: 100
  wind_lifetime: 20
  solar_capex: 1000.0
  solar_opex: 10
  solar_lifetime: 20
  carbon_price: 1.0
timeseries_values:
  load_level: 241151.84499764987
  wind_year: 2018
  solar_year: 2011
  price_year: 2023
  carbon_year: 2023
storage_values:
  CAES:
    cost: 27.0401
    lifetime: 25.4235
    annual_cost: 1.063586838948217
    efficiency: 0.603219
    discharge_ratio: 0.1
    depth_of_discharge: 0.4
  Li-ion:
    cost: 236.383
    lifetime: 19.3276
    annual_cost: 12.230333823133757
    efficiency: 0.883024
    discharge_ratio: 2
    depth_of_discharge: 0.9
  Pb-acid:
    cost: 114.439
    lifetime: 10.8682
    annual_cost: 10.529710531642774
    efficiency: 0.736894
    discharge_ratio: 5
    depth_of_discharge: 0.5
  VRBF:
    cost: 234.49
    lifetime: 17.6977
    annual_cost: 13.249744317058148
    efficiency: 0.829293
    discharge_ratio: 0.5
    depth_of_discharge: 1.0
