cost_values:
  wind_capex: 5000.0
  wind_opex: 100
  wind_lifetime: 20
  solar_capex: 1000.0
  solar_opex: 10
  solar_lifetime: 20
  carbon_price: 1.0
timeseries_values:
  load_level: 241151.84499764987
  wind_year: 2018
  solar_year: 2011
  price_year: 2023
  carbon_year: 2023
storage_values:
  CAES:
    cost: 34.2918
    lifetime: 26.8846
    annual_cost: 1.275518326476868
    efficiency: 0.593969
    discharge_ratio: 0.1
    depth_of_discharge: 0.4
  Li-ion:
    cost: 217.118
    lifetime: 18.9461
    annual_cost: 11.459772723674
    efficiency: 0.892348
    discharge_ratio: 2
    depth_of_discharge: 0.9
  Pb-acid:
    cost: 125.18
    lifetime: 8.61107
    annual_cost: 14.53710166100148
    efficiency: 0.726484
    discharge_ratio: 5
    depth_of_discharge: 0.5
  VRBF:
    cost: 279.96
    lifetime: 17.7946
    annual_cost: 15.732862778595754
    efficiency: 0.832006
    discharge_ratio: 0.5
    depth_of_discharge: 1.0
