cost_values:
  wind_capex: 5000.0
  wind_opex: 100
  wind_lifetime: 20
  solar_capex: 1000.0
  solar_opex: 10
  solar_lifetime: 20
  carbon_price: 1.0
timeseries_values:
  load_level: 241151.84499764987
  wind_year: 2018
  solar_year: 2011
  price_year: 2023
  carbon_year: 2023
storage_values:
  CAES:
    cost: 41.1176
    lifetime: 25.2437
    annual_cost: 1.6288262021811384
    efficiency: 0.587614
    discharge_ratio: 0.1
    depth_of_discharge: 0.4
  Li-ion:
    cost: 220.915
    lifetime: 20.796
    annual_cost: 10.62295633775726
    efficiency: 0.887631
    discharge_ratio: 2
    depth_of_discharge: 0.9
  Pb-acid:
    cost: 142.091
    lifetime: 10.5212
    annual_cost: 13.505208531346234
    efficiency: 0.732987
    discharge_ratio: 5
    depth_of_discharge: 0.5
  VRBF:
    cost: 240.074
    lifetime: 19.6272
    annual_cost: 12.231698866878618
    efficiency: 0.841683
    discharge_ratio: 0.5
    depth_of_discharge: 1.0
