cost_values:
  wind_capex: 5000.0
  wind_opex: 100
  wind_lifetime: 20
  solar_capex: 1000.0
  solar_opex: 10
  solar_lifetime: 20
  carbon_price: 1.0
timeseries_values:
  load_level: 241151.84499764987
  wind_year: 2018
  solar_year: 2011
  price_year: 2023
  carbon_year: 2023
storage_values:
  CAES:
    cost: 39.7516
    lifetime: 26.2108
    annual_cost: 1.5166114731332125
    efficiency: 0.605578
    discharge_ratio: 0.1
    depth_of_discharge: 0.4
  Li-ion:
    cost: 213.818
    lifetime: 19.267
    annual_cost: 11.097628068718535
    efficiency: 0.903553
    discharge_ratio: 2
    depth_of_discharge: 0.9
  Pb-acid:
    cost: 123.605
    lifetime: 9.484
    annual_cost: 13.033002952340786
    efficiency: 0.732577
    discharge_ratio: 5
    depth_of_discharge: 0.5
  VRBF:
    cost: 259.634
    lifetime: 18.613
    annual_cost: 13.949067855799711
    efficiency: 0.841174
    discharge_ratio: 0.5
    depth_of_discharge: 1.0
