cost_values:
  wind_capex: 5000.0
  wind_opex: 100
  wind_lifetime: 20
  solar_capex: 1000.0
  solar_opex: 10
  solar_lifetime: 20
  carbon_price: 1.0
timeseries_values:
  load_level: 241151.84499764987
  wind_year: 2018
  solar_year: 2011
  price_year: 2023
  carbon_year: 2023
storage_values:
  CAES:
    cost: 36.6797
    lifetime: 26.588
    annual_cost: 1.3795584474198885
    efficiency: 0.594266
    discharge_ratio: 0.1
    depth_of_discharge: 0.4
  Li-ion:
    cost: 209.543
    lifetime: 20.1011
    annual_cost: 10.424454383093464
    efficiency: 0.896527
    discharge_ratio: 2
    depth_of_discharge: 0.9
  Pb-acid:
    cost: 97.3803
    lifetime: 10.169
    annual_cost: 9.576192349296882
    efficiency: 0.729693
    discharge_ratio: 5
    depth_of_discharge: 0.5
  VRBF:
    cost: 235.175
    lifetime: 18.5546
    annual_cost: 12.674754508315997
    efficiency: 0.832459
    discharge_ratio: 0.5
    depth_of_discharge: 1.0
