cost_values:
  wind_capex: 5000.0
  wind_opex: 100
  wind_lifetime: 20
  solar_capex: 1000.0
  solar_opex: 10
  solar_lifetime: 20
  carbon_price: 1.0
timeseries_values:
  load_level: 241151.84499764987
  wind_year: 2018
  solar_year: 2011
  price_year: 2023
  carbon_year: 2023
storage_values:
  CAES:
    cost: 33.8298
    lifetime: 26.89
    annual_cost: 1.2580810710301227
    efficiency: 0.597112
    discharge_ratio: 0.1
    depth_of_discharge: 0.4
  Li-ion:
    cost: 226.116
    lifetime: 20.6073
    annual_cost: 10.972616499978164
    efficiency: 0.90047
    discharge_ratio: 2
    depth_of_discharge: 0.9
  Pb-acid:
    cost: 116.889
    lifetime: 10.8259
    annual_cost: 10.797162360635143
    efficiency: 0.735935
    discharge_ratio: 5
    depth_of_discharge: 0.5
  VRBF:
    cost: 291.325
    lifetime: 19.4495
    annual_cost: 14.978534152548908
    efficiency: 0.83423
    discharge_ratio: 0.5
    depth_of_discharge: 1.0
