cost_values:
  wind_capex: 5000.0
  wind_opex: 100
  wind_lifetime: 20
  solar_capex: 1000.0
  solar_opex: 10
  solar_lifetime: 20
  carbon_price: 1.0
timeseries_values:
  load_level: 241151.84499764987
  wind_year: 2018
  solar_year: 2011
  price_year: 2023
  carbon_year: 2023
storage_values:
  CAES:
    cost: 29.6576
    lifetime: 24.9154
    annual_cost: 1.1903320837714826
    efficiency: 0.604505
    discharge_ratio: 0.1
    depth_of_discharge: 0.4
  Li-ion:
    cost: 221.159
    lifetime: 16.9289
    annual_cost: 13.063991163040718
    efficiency: 0.86944
    discharge_ratio: 2
    depth_of_discharge: 0.9
  Pb-acid:
    cost: 103.182
    lifetime: 11.1247
    annual_cost: 9.275036630201264
    efficiency: 0.739812
    discharge_ratio: 5
    depth_of_discharge: 0.5
  VRBF:
    cost: 322.603
    lifetime: 18.6958
    annual_cost: 17.25537286449363
    efficiency: 0.842272
    discharge_ratio: 0.5
    depth_of_discharge: 1.0
