cost_values:
  wind_capex: 5000.0
  wind_opex: 100
  wind_lifetime: 20
  solar_capex: 1000.0
  solar_opex: 10
  solar_lifetime: 20
  carbon_price: 1.0
timeseries_values:
  load_level: 241151.84499764987
  wind_year: 2018
  solar_year: 2011
  price_year: 2023
  carbon_year: 2023
storage_values:
  CAES:
    cost: 31.4511
    lifetime: 26.0217
    annual_cost: 1.2086489353116823
    efficiency: 0.593578
    discharge_ratio: 0.1
    depth_of_discharge: 0.4
  Li-ion:
    cost: 211.291
    lifetime: 22.4872
    annual_cost: 9.396056423209647
    efficiency: 0.892532
    discharge_ratio: 2
    depth_of_discharge: 0.9
  Pb-acid:
    cost: 134.279
    lifetime: 9.51473
    annual_cost: 14.112749389630604
    efficiency: 0.737947
    discharge_ratio: 5
    depth_of_discharge: 0.5
  VRBF:
    cost: 274.861
    lifetime: 19.8808
    annual_cost: 13.825449680093355
    efficiency: 0.840959
    discharge_ratio: 0.5
    depth_of_discharge: 1.0
