cost_values:
  wind_capex: 5000.0
  wind_opex: 100
  wind_lifetime: 20
  solar_capex: 1000.0
  solar_opex: 10
  solar_lifetime: 20
  carbon_price: 1.0
timeseries_values:
  load_level: 241151.84499764987
  wind_year: 2018
  solar_year: 2011
  price_year: 2023
  carbon_year: 2023
storage_values:
  CAES:
    cost: 33.5341
    lifetime: 26.5554
    annual_cost: 1.2627977737108085
    efficiency: 0.603553
    discharge_ratio: 0.1
    depth_of_discharge: 0.4
  Li-ion:
    cost: 216.216
    lifetime: 17.2629
    annual_cost: 12.5248944267765
    efficiency: 0.889394
    discharge_ratio: 2
    depth_of_discharge: 0.9
  Pb-acid:
    cost: 125.132
    lifetime: 9.56296
    annual_cost: 13.085069894676963
    efficiency: 0.734811
    discharge_ratio: 5
    depth_of_discharge: 0.5
  VRBF:
    cost: 250.83
    lifetime: 17.1264
    annual_cost: 14.645809977578477
    efficiency: 0.842045
    discharge_ratio: 0.5
    depth_of_discharge: 1.0
