cost_values:
  wind_capex: 5000.0
  wind_opex: 100
  wind_lifetime: 20
  solar_capex: 1000.0
  solar_opex: 10
  solar_lifetime: 20
  carbon_price: 1.0
timeseries_values:
  load_level: 241151.84499764987
  wind_year: 2018
  solar_year: 2011
  price_year: 2023
  carbon_year: 2023
storage_values:
  CAES:
    cost: 28.7235
    lifetime: 26.5156
    annual_cost: 1.0832679630104542
    efficiency: 0.597822
    discharge_ratio: 0.1
    depth_of_discharge: 0.4
  Li-ion:
    cost: 232.429
    lifetime: 19.7762
    annual_cost: 11.752965686026638
    efficiency: 0.88496
    discharge_ratio: 2
    depth_of_discharge: 0.9
  Pb-acid:
    cost: 147.491
    lifetime: 11.0156
    annual_cost: 13.389284287737393
    efficiency: 0.725523
    discharge_ratio: 5
    depth_of_discharge: 0.5
  VRBF:
    cost: 264.833
    lifetime: 19.2045
    annual_cost: 13.790153349475386
    efficiency: 0.823378
    discharge_ratio: 0.5
    depth_of_discharge: 1.0
