cost_values:
  wind_capex: 5000.0
  wind_opex: 100
  wind_lifetime: 20
  solar_capex: 1000.0
  solar_opex: 10
  solar_lifetime: 20
  carbon_price: 1.0
timeseries_values:
  load_level: 241151.84499764987
  wind_year: 2018
  solar_year: 2011
  price_year: 2023
  carbon_year: 2023
storage_values:
  CAES:
    cost: 38.5452
    lifetime: 26.0421
    annual_cost: 1.480111050952112
    efficiency: 0.600951
    discharge_ratio: 0.1
    depth_of_discharge: 0.4
  Li-ion:
    cost: 214.631
    lifetime: 20.9724
    annual_cost: 10.233974175583148
    efficiency: 0.879957
    discharge_ratio: 2
    depth_of_discharge: 0.9
  Pb-acid:
    cost: 124.594
    lifetime: 9.83877
    annual_cost: 12.663574816770794
    efficiency: 0.739099
    discharge_ratio: 5
    depth_of_discharge: 0.5
  VRBF:
    cost: 245.961
    lifetime: 18.3555
    annual_cost: 13.399852905123806
    efficiency: 0.835701
    discharge_ratio: 0.5
    depth_of_discharge: 1.0
