cost_values:
  wind_capex: 5000.0
  wind_opex: 100
  wind_lifetime: 20
  solar_capex: 1000.0
  solar_opex: 10
  solar_lifetime: 20
  carbon_price: 1.0
timeseries_values:
  load_level: 241151.84499764987
  wind_year: 2018
  solar_year: 2011
  price_year: 2023
  carbon_year: 2023
storage_values:
  CAES:
    cost: 25.3167
    lifetime: 25.466
    annual_cost: 0.9941372810806566
    efficiency: 0.59588
    discharge_ratio: 0.1
    depth_of_discharge: 0.4
  Li-ion:
    cost: 219.423
    lifetime: 18.9199
    annual_cost: 11.597471445409331
    efficiency: 0.88774
    discharge_ratio: 2
    depth_of_discharge: 0.9
  Pb-acid:
    cost: 136.937
    lifetime: 10.0838
    annual_cost: 13.579900434360063
    efficiency: 0.726712
    discharge_ratio: 5
    depth_of_discharge: 0.5
  VRBF:
    cost: 275.051
    lifetime: 18.3574
    annual_cost: 14.983113077015265
    efficiency: 0.843217
    discharge_ratio: 0.5
    depth_of_discharge: 1.0
