cost_values:
  wind_capex: 5000.0
  wind_opex: 100
  wind_lifetime: 20
  solar_capex: 1000.0
  solar_opex: 10
  solar_lifetime: 20
  carbon_price: 1.0
timeseries_values:
  load_level: 241151.84499764987
  wind_year: 2018
  solar_year: 2011
  price_year: 2023
  carbon_year: 2023
storage_values:
  CAES:
    cost: 37.3203
    lifetime: 24.661
    annual_cost: 1.513332792668586
    efficiency: 0.603932
    discharge_ratio: 0.1
    depth_of_discharge: 0.4
  Li-ion:
    cost: 223.377
    lifetime: 18.2091
    annual_cost: 12.267327874524277
    efficiency: 0.902161
    discharge_ratio: 2
    depth_of_discharge: 0.9
  Pb-acid:
    cost: 113.776
    lifetime: 10.4491
    annual_cost: 10.888593275975921
    efficiency: 0.730252
    discharge_ratio: 5
    depth_of_discharge: 0.5
  VRBF:
    cost: 269.287
    lifetime: 17.6448
    annual_cost: 15.261550145085236
    efficiency: 0.845393
    discharge_ratio: 0.5
    depth_of_discharge: 1.0
