cost_values:
  wind_capex: 5000.0
  wind_opex: 100
  wind_lifetime: 20
  solar_capex: 1000.0
  solar_opex: 10
  solar_lifetime: 20
  carbon_price: 1.0
timeseries_values:
  load_level: 241151.84499764987
  wind_year: 2018
  solar_year: 2011
  price_year: 2023
  carbon_year: 2023
storage_values:
  CAES:
    cost: 33.9454
    lifetime: 26.1629
    annual_cost: 1.2974632017092906
    efficiency: 0.598567
    discharge_ratio: 0.1
    depth_of_discharge: 0.4
  Li-ion:
    cost: 217.636
    lifetime: 20.0648
    annual_cost: 10.846656831864758
    efficiency: 0.900168
    discharge_ratio: 2
    depth_of_discharge: 0.9
  Pb-acid:
    cost: 119.607
    lifetime: 11.2384
    annual_cost: 10.64270714692483
    efficiency: 0.731274
    discharge_ratio: 5
    depth_of_discharge: 0.5
  VRBF:
    cost: 272.246
    lifetime: 18.9168
    annual_cost: 14.39175759113592
    efficiency: 0.841895
    discharge_ratio: 0.5
    depth_of_discharge: 1.0
