cost_values:
  wind_capex: 5000.0
  wind_opex: 100
  wind_lifetime: 20
  solar_capex: 1000.0
  solar_opex: 10
  solar_lifetime: 20
  carbon_price: 1.0
timeseries_values:
  load_level: 241151.84499764987
  wind_year: 2018
  solar_year: 2011
  price_year: 2023
  carbon_year: 2023
storage_values:
  CAES:
    cost: 30.9083
    lifetime: 25.0418
    annual_cost: 1.2342683033967208
    efficiency: 0.593293
    discharge_ratio: 0.1
    depth_of_discharge: 0.4
  Li-ion:
    cost: 224.192
    lifetime: 19.1275
    annual_cost: 11.720925369232779
    efficiency: 0.892784
    discharge_ratio: 2
    depth_of_discharge: 0.9
  Pb-acid:
    cost: 152.876
    lifetime: 11.4862
    annual_cost: 13.309536661384966
    efficiency: 0.733189
    discharge_ratio: 5
    depth_of_discharge: 0.5
  VRBF:
    cost: 264.541
    lifetime: 22.2074
    annual_cost: 11.912290497762008
    efficiency: 0.830575
    discharge_ratio: 0.5
    depth_of_discharge: 1.0
