cost_values:
  wind_capex: 5000.0
  wind_opex: 100
  wind_lifetime: 20
  solar_capex: 1000.0
  solar_opex: 10
  solar_lifetime: 20
  carbon_price: 1.0
timeseries_values:
  load_level: 241151.84499764987
  wind_year: 2018
  solar_year: 2011
  price_year: 2023
  carbon_year: 2023
storage_values:
  CAES:
    cost: 34.0964
    lifetime: 25.7186
    annual_cost: 1.3257486799436986
    efficiency: 0.603407
    discharge_ratio: 0.1
    depth_of_discharge: 0.4
  Li-ion:
    cost: 237.485
    lifetime: 18.3235
    annual_cost: 12.960678909596966
    efficiency: 0.888383
    discharge_ratio: 2
    depth_of_discharge: 0.9
  Pb-acid:
    cost: 119.683
    lifetime: 10.5389
    annual_cost: 11.356308533148622
    efficiency: 0.738694
    discharge_ratio: 5
    depth_of_discharge: 0.5
  VRBF:
    cost: 275.202
    lifetime: 17.085
    annual_cost: 16.10781387181738
    efficiency: 0.849421
    discharge_ratio: 0.5
    depth_of_discharge: 1.0
