cost_values:
  wind_capex: 5000.0
  wind_opex: 100
  wind_lifetime: 20
  solar_capex: 1000.0
  solar_opex: 10
  solar_lifetime: 20
  carbon_price: 1.0
timeseries_values:
  load_level: 241151.84499764987
  wind_year: 2018
  solar_year: 2011
  price_year: 2023
  carbon_year: 2023
storage_values:
  CAES:
    cost: 37.8091
    lifetime: 25.1675
    annual_cost: 1.5022985993841265
    efficiency: 0.598293
    discharge_ratio: 0.1
    depth_of_discharge: 0.4
  Li-ion:
    cost: 224.414
    lifetime: 17.837
    annual_cost: 12.581375791893255
    efficiency: 0.892
    discharge_ratio: 2
    depth_of_discharge: 0.9
  Pb-acid:
    cost: 119.975
    lifetime: 11.3365
    annual_cost: 10.583072376835885
    efficiency: 0.730597
    discharge_ratio: 5
    depth_of_discharge: 0.5
  VRBF:
    cost: 264.726
    lifetime: 18.8464
    annual_cost: 14.046502249766535
    efficiency: 0.83695
    discharge_ratio: 0.5
    depth_of_discharge: 1.0
