cost_values:
  wind_capex: 5000.0
  wind_opex: 100
  wind_lifetime: 20
  solar_capex: 1000.0
  solar_opex: 10
  solar_lifetime: 20
  carbon_price: 1.0
timeseries_values:
  load_level: 241151.84499764987
  wind_year: 2018
  solar_year: 2011
  price_year: 2023
  carbon_year: 2023
storage_values:
  CAES:
    cost: 41.2469
    lifetime: 24.6312
    annual_cost: 1.674579395238559
    efficiency: 0.607086
    discharge_ratio: 0.1
    depth_of_discharge: 0.4
  Li-ion:
    cost: 215.839
    lifetime: 19.255
    annual_cost: 11.20950402492859
    efficiency: 0.889629
    discharge_ratio: 2
    depth_of_discharge: 0.9
  Pb-acid:
    cost: 112.547
    lifetime: 9.18785
    annual_cost: 12.24954695603433
    efficiency: 0.737203
    discharge_ratio: 5
    depth_of_discharge: 0.5
  VRBF:
    cost: 310.764
    lifetime: 18.2499
    annual_cost: 17.02825768908323
    efficiency: 0.82351
    discharge_ratio: 0.5
    depth_of_discharge: 1.0
