cost_values:
  wind_capex: 5000.0
  wind_opex: 100
  wind_lifetime: 20
  solar_capex: 1000.0
  solar_opex: 10
  solar_lifetime: 20
  carbon_price: 1.0
timeseries_values:
  load_level: 241151.84499764987
  wind_year: 2018
  solar_year: 2011
  price_year: 2023
  carbon_year: 2023
storage_values:
  CAES:
    cost: 30.622
    lifetime: 26.1689
    annual_cost: 1.1701676417426792
    efficiency: 0.592286
    discharge_ratio: 0.1
    depth_of_discharge: 0.4
  Li-ion:
    cost: 229.489
    lifetime: 20.1301
    annual_cost: 11.400291106353173
    efficiency: 0.871136
    discharge_ratio: 2
    depth_of_discharge: 0.9
  Pb-acid:
    cost: 123.612
    lifetime: 10.0474
    annual_cost: 12.302884328283934
    efficiency: 0.713482
    discharge_ratio: 5
    depth_of_discharge: 0.5
  VRBF:
    cost: 291.823
    lifetime: 18.3189
    annual_cost: 15.930159561982434
    efficiency: 0.847113
    discharge_ratio: 0.5
    depth_of_discharge: 1.0
