cost_values:
  wind_capex: 5000.0
  wind_opex: 100
  wind_lifetime: 20
  solar_capex: 1000.0
  solar_opex: 10
  solar_lifetime: 20
  carbon_price: 1.0
timeseries_values:
  load_level: 241151.84499764987
  wind_year: 2018
  solar_year: 2011
  price_year: 2023
  carbon_year: 2023
storage_values:
  CAES:
    cost: 36.6445
    lifetime: 24.523
    annual_cost: 1.4942910736859276
    efficiency: 0.598158
    discharge_ratio: 0.1
    depth_of_discharge: 0.4
  Li-ion:
    cost: 241.435
    lifetime: 19.5417
    annual_cost: 12.354861654820207
    efficiency: 0.904784
    discharge_ratio: 2
    depth_of_discharge: 0.9
  Pb-acid:
    cost: 118.588
    lifetime: 10.7798
    annual_cost: 11.000946214215476
    efficiency: 0.731848
    discharge_ratio: 5
    depth_of_discharge: 0.5
  VRBF:
    cost: 264.839
    lifetime: 19.8917
    annual_cost: 13.314045556689473
    efficiency: 0.844386
    discharge_ratio: 0.5
    depth_of_discharge: 1.0
