cost_values:
  wind_capex: 5000.0
  wind_opex: 100
  wind_lifetime: 20
  solar_capex: 1000.0
  solar_opex: 10
  solar_lifetime: 20
  carbon_price: 1.0
timeseries_values:
  load_level: 241151.84499764987
  wind_year: 2018
  solar_year: 2011
  price_year: 2023
  carbon_year: 2023
storage_values:
  CAES:
    cost: 25.751
    lifetime: 26.1188
    annual_cost: 0.9859181891970535
    efficiency: 0.593869
    discharge_ratio: 0.1
    depth_of_discharge: 0.4
  Li-ion:
    cost: 224.731
    lifetime: 20.0695
    annual_cost: 11.197638207229875
    efficiency: 0.892511
    discharge_ratio: 2
    depth_of_discharge: 0.9
  Pb-acid:
    cost: 109.55
    lifetime: 10.9014
    annual_cost: 10.049167996771056
    efficiency: 0.735797
    discharge_ratio: 5
    depth_of_discharge: 0.5
  VRBF:
    cost: 243.462
    lifetime: 18.2199
    annual_cost: 13.362422406270067
    efficiency: 0.848567
    discharge_ratio: 0.5
    depth_of_discharge: 1.0
