cost_values:
  wind_capex: 5000.0
  wind_opex: 100
  wind_lifetime: 20
  solar_capex: 1000.0
  solar_opex: 10
  solar_lifetime: 20
  carbon_price: 1.0
timeseries_values:
  load_level: 241151.84499764987
  wind_year: 2018
  solar_year: 2011
  price_year: 2023
  carbon_year: 2023
storage_values:
  CAES:
    cost: 33.0484
    lifetime: 24.7943
    annual_cost: 1.3329031269283667
    efficiency: 0.603795
    discharge_ratio: 0.1
    depth_of_discharge: 0.4
  Li-ion:
    cost: 208.315
    lifetime: 16.7513
    annual_cost: 12.435751255126467
    efficiency: 0.893159
    discharge_ratio: 2
    depth_of_discharge: 0.9
  Pb-acid:
    cost: 131.314
    lifetime: 10.3547
    annual_cost: 12.681584208137368
    efficiency: 0.730362
    discharge_ratio: 5
    depth_of_discharge: 0.5
  VRBF:
    cost: 291.033
    lifetime: 20.1647
    annual_cost: 14.432795925553071
    efficiency: 0.82306
    discharge_ratio: 0.5
    depth_of_discharge: 1.0
