cost_values:
  wind_capex: 5000.0
  wind_opex: 100
  wind_lifetime: 20
  solar_capex: 1000.0
  solar_opex: 10
  solar_lifetime: 20
  carbon_price: 1.0
timeseries_values:
  load_level: 241151.84499764987
  wind_year: 2018
  solar_year: 2011
  price_year: 2023
  carbon_year: 2023
storage_values:
  CAES:
    cost: 34.4815
    lifetime: 25.9613
    annual_cost: 1.3281884959535923
    efficiency: 0.596532
    discharge_ratio: 0.1
    depth_of_discharge: 0.4
  Li-ion:
    cost: 236.845
    lifetime: 19.7745
    annual_cost: 11.977293989734253
    efficiency: 0.871887
    discharge_ratio: 2
    depth_of_discharge: 0.9
  Pb-acid:
    cost: 113.746
    lifetime: 11.1556
    annual_cost: 10.19631395890853
    efficiency: 0.726352
    discharge_ratio: 5
    depth_of_discharge: 0.5
  VRBF:
    cost: 257.478
    lifetime: 17.5501
    annual_cost: 14.671027515512732
    efficiency: 0.833108
    discharge_ratio: 0.5
    depth_of_discharge: 1.0
