cost_values:
  wind_capex: 5000.0
  wind_opex: 100
  wind_lifetime: 20
  solar_capex: 1000.0
  solar_opex: 10
  solar_lifetime: 20
  carbon_price: 1.0
timeseries_values:
  load_level: 241151.84499764987
  wind_year: 2018
  solar_year: 2011
  price_year: 2023
  carbon_year: 2023
storage_values:
  CAES:
    cost: 30.2155
    lifetime: 25.6967
    annual_cost: 1.1758513739118253
    efficiency: 0.597677
    discharge_ratio: 0.1
    depth_of_discharge: 0.4
  Li-ion:
    cost: 206.772
    lifetime: 18.6584
    annual_cost: 11.081979162200403
    efficiency: 0.886924
    discharge_ratio: 2
    depth_of_discharge: 0.9
  Pb-acid:
    cost: 119.225
    lifetime: 9.16929
    annual_cost: 13.002642516487098
    efficiency: 0.709518
    discharge_ratio: 5
    depth_of_discharge: 0.5
  VRBF:
    cost: 258.206
    lifetime: 19.5433
    annual_cost: 13.211995926992884
    efficiency: 0.839807
    discharge_ratio: 0.5
    depth_of_discharge: 1.0
