cost_values:
  wind_capex: 5000.0
  wind_opex: 100
  wind_lifetime: 20
  solar_capex: 1000.0
  solar_opex: 10
  solar_lifetime: 20
  carbon_price: 1.0
timeseries_values:
  load_level: 241151.84499764987
  wind_year: 2018
  solar_year: 2011
  price_year: 2023
  carbon_year: 2023
storage_values:
  CAES:
    cost: 40.5002
    lifetime: 26.0835
    annual_cost: 1.5527134011923245
    efficiency: 0.592025
    discharge_ratio: 0.1
    depth_of_discharge: 0.4
  Li-ion:
    cost: 213.812
    lifetime: 19.7372
    annual_cost: 10.832944895932554
    efficiency: 0.902346
    discharge_ratio: 2
    depth_of_discharge: 0.9
  Pb-acid:
    cost: 130.573
    lifetime: 11.1854
    annual_cost: 11.673520839665994
    efficiency: 0.720692
    discharge_ratio: 5
    depth_of_discharge: 0.5
  VRBF:
    cost: 276.943
    lifetime: 18.1771
    annual_cost: 15.23581869495134
    efficiency: 0.838797
    discharge_ratio: 0.5
    depth_of_discharge: 1.0
