cost_values:
  wind_capex: 5000.0
  wind_opex: 100
  wind_lifetime: 20
  solar_capex: 1000.0
  solar_opex: 10
  solar_lifetime: 20
  carbon_price: 1.0
timeseries_values:
  load_level: 241151.84499764987
  wind_year: 2018
  solar_year: 2011
  price_year: 2023
  carbon_year: 2023
storage_values:
  CAES:
    cost: 36.3651
    lifetime: 25.3345
    annual_cost: 1.4353983698119166
    efficiency: 0.604603
    discharge_ratio: 0.1
    depth_of_discharge: 0.4
  Li-ion:
    cost: 209.43
    lifetime: 18.7326
    annual_cost: 11.179975016815604
    efficiency: 0.884929
    discharge_ratio: 2
    depth_of_discharge: 0.9
  Pb-acid:
    cost: 105.547
    lifetime: 9.7572
    annual_cost: 10.81734513999918
    efficiency: 0.728835
    discharge_ratio: 5
    depth_of_discharge: 0.5
  VRBF:
    cost: 268.767
    lifetime: 16.9239
    annual_cost: 15.88091397372946
    efficiency: 0.824071
    discharge_ratio: 0.5
    depth_of_discharge: 1.0
