cost_values:
  wind_capex: 5000.0
  wind_opex: 100
  wind_lifetime: 20
  solar_capex: 1000.0
  solar_opex: 10
  solar_lifetime: 20
  carbon_price: 1.0
timeseries_values:
  load_level: 241151.84499764987
  wind_year: 2018
  solar_year: 2011
  price_year: 2023
  carbon_year: 2023
storage_values:
  CAES:
    cost: 36.0529
    lifetime: 25.1675
    annual_cost: 1.43251812853879
    efficiency: 0.595234
    discharge_ratio: 0.1
    depth_of_discharge: 0.4
  Li-ion:
    cost: 203.048
    lifetime: 20.8397
    annual_cost: 9.743326439440107
    efficiency: 0.897273
    discharge_ratio: 2
    depth_of_discharge: 0.9
  Pb-acid:
    cost: 131.628
    lifetime: 10.2767
    annual_cost: 12.808391798923777
    efficiency: 0.73728
    discharge_ratio: 5
    depth_of_discharge: 0.5
  VRBF:
    cost: 265.882
    lifetime: 20.0759
    annual_cost: 13.243839628609427
    efficiency: 0.832307
    discharge_ratio: 0.5
    depth_of_discharge: 1.0
