cost_values:
  wind_capex: 5000.0
  wind_opex: 100
  wind_lifetime: 20
  solar_capex: 1000.0
  solar_opex: 10
  solar_lifetime: 20
  carbon_price: 1.0
timeseries_values:
  load_level: 241151.84499764987
  wind_year: 2018
  solar_year: 2011
  price_year: 2023
  carbon_year: 2023
storage_values:
  CAES:
    cost: 28.6343
    lifetime: 25.5862
    annual_cost: 1.1191306251025943
    efficiency: 0.617609
    discharge_ratio: 0.1
    depth_of_discharge: 0.4
  Li-ion:
    cost: 217.703
    lifetime: 20.0974
    annual_cost: 10.832396230358155
    efficiency: 0.883779
    discharge_ratio: 2
    depth_of_discharge: 0.9
  Pb-acid:
    cost: 134.077
    lifetime: 9.64478
    annual_cost: 13.90150941752948
    efficiency: 0.732226
    discharge_ratio: 5
    depth_of_discharge: 0.5
  VRBF:
    cost: 265.605
    lifetime: 17.9661
    annual_cost: 14.783675922988294
    efficiency: 0.828565
    discharge_ratio: 0.5
    depth_of_discharge: 1.0
