cost_values:
  wind_capex: 5000.0
  wind_opex: 100
  wind_lifetime: 20
  solar_capex: 1000.0
  solar_opex: 10
  solar_lifetime: 20
  carbon_price: 1.0
timeseries_values:
  load_level: 241151.84499764987
  wind_year: 2018
  solar_year: 2011
  price_year: 2023
  carbon_year: 2023
storage_values:
  CAES:
    cost: 27.0422
    lifetime: 25.5368
    annual_cost: 1.0589502208577426
    efficiency: 0.606539
    discharge_ratio: 0.1
    depth_of_discharge: 0.4
  Li-ion:
    cost: 211.952
    lifetime: 20.6856
    annual_cost: 10.246354952237304
    efficiency: 0.906924
    discharge_ratio: 2
    depth_of_discharge: 0.9
  Pb-acid:
    cost: 115.667
    lifetime: 9.24362
    annual_cost: 12.513171246762631
    efficiency: 0.722462
    discharge_ratio: 5
    depth_of_discharge: 0.5
  VRBF:
    cost: 258.802
    lifetime: 18.3428
    annual_cost: 14.109187256035066
    efficiency: 0.835686
    discharge_ratio: 0.5
    depth_of_discharge: 1.0
