cost_values:
  wind_capex: 5000.0
  wind_opex: 100
  wind_lifetime: 20
  solar_capex: 1000.0
  solar_opex: 10
  solar_lifetime: 20
  carbon_price: 1.0
timeseries_values:
  load_level: 241151.84499764987
  wind_year: 2018
  solar_year: 2011
  price_year: 2023
  carbon_year: 2023
storage_values:
  CAES:
    cost: 31.594
    lifetime: 24.8827
    annual_cost: 1.2697175145784019
    efficiency: 0.602047
    discharge_ratio: 0.1
    depth_of_discharge: 0.4
  Li-ion:
    cost: 236.21
    lifetime: 20.9446
    annual_cost: 11.27784727328285
    efficiency: 0.882552
    discharge_ratio: 2
    depth_of_discharge: 0.9
  Pb-acid:
    cost: 138.09
    lifetime: 10.5284
    annual_cost: 13.115953041297823
    efficiency: 0.730363
    discharge_ratio: 5
    depth_of_discharge: 0.5
  VRBF:
    cost: 236.656
    lifetime: 20.6612
    annual_cost: 11.454126575416723
    efficiency: 0.847378
    discharge_ratio: 0.5
    depth_of_discharge: 1.0
