cost_values:
  wind_capex: 5000.0
  wind_opex: 100
  wind_lifetime: 20
  solar_capex: 1000.0
  solar_opex: 10
  solar_lifetime: 20
  carbon_price: 1.0
timeseries_values:
  load_level: 241151.84499764987
  wind_year: 2018
  solar_year: 2011
  price_year: 2023
  carbon_year: 2023
storage_values:
  CAES:
    cost: 35.0711
    lifetime: 25.4054
    annual_cost: 1.380458485203933
    efficiency: 0.599116
    discharge_ratio: 0.1
    depth_of_discharge: 0.4
  Li-ion:
    cost: 229.89
    lifetime: 19.7617
    annual_cost: 11.633108487630112
    efficiency: 0.877733
    discharge_ratio: 2
    depth_of_discharge: 0.9
  Pb-acid:
    cost: 140.238
    lifetime: 10.8432
    annual_cost: 12.933266932270916
    efficiency: 0.731104
    discharge_ratio: 5
    depth_of_discharge: 0.5
  VRBF:
    cost: 257.66
    lifetime: 18.5078
    annual_cost: 13.921697878732212
    efficiency: 0.839313
    discharge_ratio: 0.5
    depth_of_discharge: 1.0
