cost_values:
  wind_capex: 5000.0
  wind_opex: 100
  wind_lifetime: 20
  solar_capex: 1000.0
  solar_opex: 10
  solar_lifetime: 20
  carbon_price: 1.0
timeseries_values:
  load_level: 241151.84499764987
  wind_year: 2018
  solar_year: 2011
  price_year: 2023
  carbon_year: 2023
storage_values:
  CAES:
    cost: 28.7911
    lifetime: 25.4287
    annual_cost: 1.1322285449118517
    efficiency: 0.607547
    discharge_ratio: 0.1
    depth_of_discharge: 0.4
  Li-ion:
    cost: 222.039
    lifetime: 18.3473
    annual_cost: 12.101998659203261
    efficiency: 0.897617
    discharge_ratio: 2
    depth_of_discharge: 0.9
  Pb-acid:
    cost: 120.898
    lifetime: 11.8568
    annual_cost: 10.196511706362594
    efficiency: 0.715436
    discharge_ratio: 5
    depth_of_discharge: 0.5
  VRBF:
    cost: 275.983
    lifetime: 18.254
    annual_cost: 15.119042401665387
    efficiency: 0.830481
    discharge_ratio: 0.5
    depth_of_discharge: 1.0
