cost_values:
  wind_capex: 5000.0
  wind_opex: 100
  wind_lifetime: 20
  solar_capex: 1000.0
  solar_opex: 10
  solar_lifetime: 20
  carbon_price: 1.0
timeseries_values:
  load_level: 241151.84499764987
  wind_year: 2018
  solar_year: 2011
  price_year: 2023
  carbon_year: 2023
storage_values:
  CAES:
    cost: 41.3574
    lifetime: 25.3155
    annual_cost: 1.6336789713811695
    efficiency: 0.605519
    discharge_ratio: 0.1
    depth_of_discharge: 0.4
  Li-ion:
    cost: 227.246
    lifetime: 19.5589
    annual_cost: 11.618547055304745
    efficiency: 0.903472
    discharge_ratio: 2
    depth_of_discharge: 0.9
  Pb-acid:
    cost: 127.396
    lifetime: 11.9795
    annual_cost: 10.634500605200552
    efficiency: 0.741692
    discharge_ratio: 5
    depth_of_discharge: 0.5
  VRBF:
    cost: 289.352
    lifetime: 17.7695
    annual_cost: 16.283632066180814
    efficiency: 0.831687
    discharge_ratio: 0.5
    depth_of_discharge: 1.0
