cost_values:
  wind_capex: 5000.0
  wind_opex: 100
  wind_lifetime: 20
  solar_capex: 1000.0
  solar_opex: 10
  solar_lifetime: 20
  carbon_price: 1.0
timeseries_values:
  load_level: 241151.84499764987
  wind_year: 2018
  solar_year: 2011
  price_year: 2023
  carbon_year: 2023
storage_values:
  CAES:
    cost: 37.2497
    lifetime: 25.4498
    annual_cost: 1.463653938341362
    efficiency: 0.602146
    discharge_ratio: 0.1
    depth_of_discharge: 0.4
  Li-ion:
    cost: 232.326
    lifetime: 20.2537
    annual_cost: 11.470792990910303
    efficiency: 0.900058
    discharge_ratio: 2
    depth_of_discharge: 0.9
  Pb-acid:
    cost: 130.156
    lifetime: 10.4592
    annual_cost: 12.444163989597676
    efficiency: 0.746245
    discharge_ratio: 5
    depth_of_discharge: 0.5
  VRBF:
    cost: 260.318
    lifetime: 16.9199
    annual_cost: 15.38531551604915
    efficiency: 0.840242
    discharge_ratio: 0.5
    depth_of_discharge: 1.0
