cost_values:
  wind_capex: 5000.0
  wind_opex: 100
  wind_lifetime: 20
  solar_capex: 1000.0
  solar_opex: 10
  solar_lifetime: 20
  carbon_price: 1.0
timeseries_values:
  load_level: 241151.84499764987
  wind_year: 2018
  solar_year: 2011
  price_year: 2023
  carbon_year: 2023
storage_values:
  CAES:
    cost: 31.3903
    lifetime: 25.4508
    annual_cost: 1.233371838999167
    efficiency: 0.601685
    discharge_ratio: 0.1
    depth_of_discharge: 0.4
  Li-ion:
    cost: 202.669
    lifetime: 18.5188
    annual_cost: 10.943959651813294
    efficiency: 0.890861
    discharge_ratio: 2
    depth_of_discharge: 0.9
  Pb-acid:
    cost: 139.231
    lifetime: 9.20296
    annual_cost: 15.128936776863098
    efficiency: 0.722259
    discharge_ratio: 5
    depth_of_discharge: 0.5
  VRBF:
    cost: 278.875
    lifetime: 17.8919
    annual_cost: 15.586662120847981
    efficiency: 0.826536
    discharge_ratio: 0.5
    depth_of_discharge: 1.0
