cost_values:
  wind_capex: 5000.0
  wind_opex: 100
  wind_lifetime: 20
  solar_capex: 1000.0
  solar_opex: 10
  solar_lifetime: 20
  carbon_price: 1.0
timeseries_values:
  load_level: 241151.84499764987
  wind_year: 2018
  solar_year: 2011
  price_year: 2023
  carbon_year: 2023
storage_values:
  CAES:
    cost: 33.393
    lifetime: 25.582
    annual_cost: 1.305331873973888
    efficiency: 0.602695
    discharge_ratio: 0.1
    depth_of_discharge: 0.4
  Li-ion:
    cost: 221.221
    lifetime: 17.4717
    annual_cost: 12.661675738479943
    efficiency: 0.901443
    discharge_ratio: 2
    depth_of_discharge: 0.9
  Pb-acid:
    cost: 105.196
    lifetime: 10.8569
    annual_cost: 9.68932199799206
    efficiency: 0.720463
    discharge_ratio: 5
    depth_of_discharge: 0.5
  VRBF:
    cost: 278.316
    lifetime: 19.2262
    annual_cost: 14.475871467060573
    efficiency: 0.835788
    discharge_ratio: 0.5
    depth_of_discharge: 1.0
