cost_values:
  wind_capex: 5000.0
  wind_opex: 100
  wind_lifetime: 20
  solar_capex: 1000.0
  solar_opex: 10
  solar_lifetime: 20
  carbon_price: 1.0
timeseries_values:
  load_level: 241151.84499764987
  wind_year: 2018
  solar_year: 2011
  price_year: 2023
  carbon_year: 2023
storage_values:
  CAES:
    cost: 32.9068
    lifetime: 25.1161
    annual_cost: 1.310187489299692
    efficiency: 0.597504
    discharge_ratio: 0.1
    depth_of_discharge: 0.4
  Li-ion:
    cost: 223.251
    lifetime: 20.3182
    annual_cost: 10.987735134017777
    efficiency: 0.896678
    discharge_ratio: 2
    depth_of_discharge: 0.9
  Pb-acid:
    cost: 110.276
    lifetime: 11.0897
    annual_cost: 9.944002092031344
    efficiency: 0.720989
    discharge_ratio: 5
    depth_of_discharge: 0.5
  VRBF:
    cost: 249.98
    lifetime: 19.1094
    annual_cost: 13.081520089589416
    efficiency: 0.819858
    discharge_ratio: 0.5
    depth_of_discharge: 1.0
