cost_values:
  wind_capex: 5000.0
  wind_opex: 100
  wind_lifetime: 20
  solar_capex: 1000.0
  solar_opex: 10
  solar_lifetime: 20
  carbon_price: 1.0
timeseries_values:
  load_level: 241151.84499764987
  wind_year: 2018
  solar_year: 2011
  price_year: 2023
  carbon_year: 2023
storage_values:
  CAES:
    cost: 33.467
    lifetime: 26.3568
    annual_cost: 1.269767194803618
    efficiency: 0.595347
    discharge_ratio: 0.1
    depth_of_discharge: 0.4
  Li-ion:
    cost: 223.363
    lifetime: 21.2874
    annual_cost: 10.492732790289091
    efficiency: 0.897052
    discharge_ratio: 2
    depth_of_discharge: 0.9
  Pb-acid:
    cost: 117.523
    lifetime: 10.2617
    annual_cost: 11.452585828858766
    efficiency: 0.739373
    discharge_ratio: 5
    depth_of_discharge: 0.5
  VRBF:
    cost: 274.381
    lifetime: 18.26
    annual_cost: 15.026341730558595
    efficiency: 0.846018
    discharge_ratio: 0.5
    depth_of_discharge: 1.0
