cost_values:
  wind_capex: 5000.0
  wind_opex: 100
  wind_lifetime: 20
  solar_capex: 1000.0
  solar_opex: 10
  solar_lifetime: 20
  carbon_price: 1.0
timeseries_values:
  load_level: 241151.84499764987
  wind_year: 2018
  solar_year: 2011
  price_year: 2023
  carbon_year: 2023
storage_values:
  CAES:
    cost: 35.3492
    lifetime: 24.3194
    annual_cost: 1.4535391498145513
    efficiency: 0.594547
    discharge_ratio: 0.1
    depth_of_discharge: 0.4
  Li-ion:
    cost: 213.304
    lifetime: 18.3717
    annual_cost: 11.610466097312715
    efficiency: 0.895986
    discharge_ratio: 2
    depth_of_discharge: 0.9
  Pb-acid:
    cost: 117.492
    lifetime: 9.83658
    annual_cost: 11.944395308125387
    efficiency: 0.725867
    discharge_ratio: 5
    depth_of_discharge: 0.5
  VRBF:
    cost: 247.997
    lifetime: 16.4175
    annual_cost: 15.105649459418304
    efficiency: 0.840658
    discharge_ratio: 0.5
    depth_of_discharge: 1.0
