cost_values:
  wind_capex: 5000.0
  wind_opex: 100
  wind_lifetime: 20
  solar_capex: 1000.0
  solar_opex: 10
  solar_lifetime: 20
  carbon_price: 1.0
timeseries_values:
  load_level: 249582.81453812067
  wind_year: 2014
  solar_year: 2014
  price_year: 2023
  carbon_year: 2023
storage_values:
  CAES:
    cost: 58.5515
    lifetime: 25.007
    annual_cost: 2.341404406766105
    efficiency: 0.596729
    discharge_ratio: 0.1
    depth_of_discharge: 0.4
  Li-ion:
    cost: 234.553
    lifetime: 26.3373
    annual_cost: 8.905734452658397
    efficiency: 0.94757
    discharge_ratio: 2
    depth_of_discharge: 0.9
  Pb-acid:
    cost: 92.8966
    lifetime: 13.9699
    annual_cost: 6.649768430697428
    efficiency: 0.660088
    discharge_ratio: 5
    depth_of_discharge: 0.5
  VRBF:
    cost: 263.405
    lifetime: 20.1957
    annual_cost: 13.042627886134177
    efficiency: 0.81906
    discharge_ratio: 0.5
    depth_of_discharge: 1.0
