cost_values:
  wind_capex: 5000.0
  wind_opex: 100
  wind_lifetime: 20
  solar_capex: 1000.0
  solar_opex: 10
  solar_lifetime: 20
  carbon_price: 1.0
timeseries_values:
  load_level: 249582.81453812067
  wind_year: 2014
  solar_year: 2014
  price_year: 2023
  carbon_year: 2023
storage_values:
  CAES:
    cost: 54.5791
    lifetime: 24.8125
    annual_cost: 2.1996614609571785
    efficiency: 0.595091
    discharge_ratio: 0.1
    depth_of_discharge: 0.4
  Li-ion:
    cost: 227.566
    lifetime: 25.0417
    annual_cost: 9.087482079890743
    efficiency: 0.950576
    discharge_ratio: 2
    depth_of_discharge: 0.9
  Pb-acid:
    cost: 86.8276
    lifetime: 14.4484
    annual_cost: 6.009495861133413
    efficiency: 0.665134
    discharge_ratio: 5
    depth_of_discharge: 0.5
  VRBF:
    cost: 279.663
    lifetime: 19.5
    annual_cost: 14.341692307692309
    efficiency: 0.799989
    discharge_ratio: 0.5
    depth_of_discharge: 1.0
