cost_values:
  wind_capex: 5000.0
  wind_opex: 100
  wind_lifetime: 20
  solar_capex: 1000.0
  solar_opex: 10
  solar_lifetime: 20
  carbon_price: 1.0
timeseries_values:
  load_level: 249582.81453812067
  wind_year: 2014
  solar_year: 2014
  price_year: 2023
  carbon_year: 2023
storage_values:
  CAES:
    cost: 50.0926
    lifetime: 25.5467
    annual_cost: 1.9608246857715477
    efficiency: 0.599602
    discharge_ratio: 0.1
    depth_of_discharge: 0.4
  Li-ion:
    cost: 229.346
    lifetime: 26.8794
    annual_cost: 8.532407717434168
    efficiency: 0.949406
    discharge_ratio: 2
    depth_of_discharge: 0.9
  Pb-acid:
    cost: 70.9246
    lifetime: 12.704
    annual_cost: 5.582855793450881
    efficiency: 0.66679
    discharge_ratio: 5
    depth_of_discharge: 0.5
  VRBF:
    cost: 256.699
    lifetime: 19.6941
    annual_cost: 13.034309767900032
    efficiency: 0.78129
    discharge_ratio: 0.5
    depth_of_discharge: 1.0
