cost_values:
  wind_capex: 5000.0
  wind_opex: 100
  wind_lifetime: 20
  solar_capex: 1000.0
  solar_opex: 10
  solar_lifetime: 20
  carbon_price: 1.0
timeseries_values:
  load_level: 249582.81453812067
  wind_year: 2014
  solar_year: 2014
  price_year: 2023
  carbon_year: 2023
storage_values:
  CAES:
    cost: 57.421
    lifetime: 24.3428
    annual_cost: 2.358849433918859
    efficiency: 0.598551
    discharge_ratio: 0.1
    depth_of_discharge: 0.4
  Li-ion:
    cost: 250.159
    lifetime: 26.983
    annual_cost: 9.270985435274062
    efficiency: 0.945349
    discharge_ratio: 2
    depth_of_discharge: 0.9
  Pb-acid:
    cost: 97.9516
    lifetime: 13.3093
    annual_cost: 7.3596357434275275
    efficiency: 0.670156
    discharge_ratio: 5
    depth_of_discharge: 0.5
  VRBF:
    cost: 280.544
    lifetime: 18.0973
    annual_cost: 15.501980958485518
    efficiency: 0.815028
    discharge_ratio: 0.5
    depth_of_discharge: 1.0
