cost_values:
  wind_capex: 5000.0
  wind_opex: 100
  wind_lifetime: 20
  solar_capex: 1000.0
  solar_opex: 10
  solar_lifetime: 20
  carbon_price: 1.0
timeseries_values:
  load_level: 249582.81453812067
  wind_year: 2014
  solar_year: 2014
  price_year: 2023
  carbon_year: 2023
storage_values:
  CAES:
    cost: 53.0505
    lifetime: 24.8356
    annual_cost: 2.136066775113144
    efficiency: 0.593685
    discharge_ratio: 0.1
    depth_of_discharge: 0.4
  Li-ion:
    cost: 224.136
    lifetime: 26.0671
    annual_cost: 8.59842483436976
    efficiency: 0.939175
    discharge_ratio: 2
    depth_of_discharge: 0.9
  Pb-acid:
    cost: 85.5312
    lifetime: 12.7191
    annual_cost: 6.724626742458193
    efficiency: 0.679391
    discharge_ratio: 5
    depth_of_discharge: 0.5
  VRBF:
    cost: 265.307
    lifetime: 20.5199
    annual_cost: 12.929254041199032
    efficiency: 0.817933
    discharge_ratio: 0.5
    depth_of_discharge: 1.0
