cost_values:
  wind_capex: 5000.0
  wind_opex: 100
  wind_lifetime: 20
  solar_capex: 1000.0
  solar_opex: 10
  solar_lifetime: 20
  carbon_price: 1.0
timeseries_values:
  load_level: 249582.81453812067
  wind_year: 2014
  solar_year: 2014
  price_year: 2023
  carbon_year: 2023
storage_values:
  CAES:
    cost: 55.5072
    lifetime: 24.6308
    annual_cost: 2.2535687025999964
    efficiency: 0.59343
    discharge_ratio: 0.1
    depth_of_discharge: 0.4
  Li-ion:
    cost: 236.6
    lifetime: 26.6833
    annual_cost: 8.86696922794407
    efficiency: 0.954847
    discharge_ratio: 2
    depth_of_discharge: 0.9
  Pb-acid:
    cost: 98.3693
    lifetime: 13.2607
    annual_cost: 7.418107641376397
    efficiency: 0.682701
    discharge_ratio: 5
    depth_of_discharge: 0.5
  VRBF:
    cost: 278.228
    lifetime: 19.2442
    annual_cost: 14.457758701322996
    efficiency: 0.81939
    discharge_ratio: 0.5
    depth_of_discharge: 1.0
