cost_values:
  wind_capex: 5000.0
  wind_opex: 100
  wind_lifetime: 20
  solar_capex: 1000.0
  solar_opex: 10
  solar_lifetime: 20
  carbon_price: 1.0
timeseries_values:
  load_level: 249582.81453812067
  wind_year: 2014
  solar_year: 2014
  price_year: 2023
  carbon_year: 2023
storage_values:
  CAES:
    cost: 48.9228
    lifetime: 23.4418
    annual_cost: 2.0869899069184106
    efficiency: 0.592311
    discharge_ratio: 0.1
    depth_of_discharge: 0.4
  Li-ion:
    cost: 231.031
    lifetime: 25.5108
    annual_cost: 9.056203647082805
    efficiency: 0.954148
    discharge_ratio: 2
    depth_of_discharge: 0.9
  Pb-acid:
    cost: 115.435
    lifetime: 12.1846
    annual_cost: 9.473844032631355
    efficiency: 0.667775
    discharge_ratio: 5
    depth_of_discharge: 0.5
  VRBF:
    cost: 275.128
    lifetime: 19.3093
    annual_cost: 14.248470944052865
    efficiency: 0.793615
    discharge_ratio: 0.5
    depth_of_discharge: 1.0
