cost_values:
  wind_capex: 5000.0
  wind_opex: 100
  wind_lifetime: 20
  solar_capex: 1000.0
  solar_opex: 10
  solar_lifetime: 20
  carbon_price: 1.0
timeseries_values:
  load_level: 249582.81453812067
  wind_year: 2014
  solar_year: 2014
  price_year: 2023
  carbon_year: 2023
storage_values:
  CAES:
    cost: 44.8217
    lifetime: 24.7508
    annual_cost: 1.810919243014367
    efficiency: 0.589038
    discharge_ratio: 0.1
    depth_of_discharge: 0.4
  Li-ion:
    cost: 230.23
    lifetime: 25.1105
    annual_cost: 9.168674458891699
    efficiency: 0.948557
    discharge_ratio: 2
    depth_of_discharge: 0.9
  Pb-acid:
    cost: 100.888
    lifetime: 14.7812
    annual_cost: 6.825426893621628
    efficiency: 0.667697
    discharge_ratio: 5
    depth_of_discharge: 0.5
  VRBF:
    cost: 244.382
    lifetime: 20.1739
    annual_cost: 12.113770763213855
    efficiency: 0.803142
    discharge_ratio: 0.5
    depth_of_discharge: 1.0
