cost_values:
  wind_capex: 5000.0
  wind_opex: 100
  wind_lifetime: 20
  solar_capex: 1000.0
  solar_opex: 10
  solar_lifetime: 20
  carbon_price: 1.0
timeseries_values:
  load_level: 249582.81453812067
  wind_year: 2014
  solar_year: 2014
  price_year: 2023
  carbon_year: 2023
storage_values:
  CAES:
    cost: 42.3827
    lifetime: 25.3565
    annual_cost: 1.6714727979019186
    efficiency: 0.588404
    discharge_ratio: 0.1
    depth_of_discharge: 0.4
  Li-ion:
    cost: 254.108
    lifetime: 27.6299
    annual_cost: 9.196848341832581
    efficiency: 0.946312
    discharge_ratio: 2
    depth_of_discharge: 0.9
  Pb-acid:
    cost: 72.8057
    lifetime: 12.9685
    annual_cost: 5.614041716466823
    efficiency: 0.687112
    discharge_ratio: 5
    depth_of_discharge: 0.5
  VRBF:
    cost: 258.348
    lifetime: 19.2505
    annual_cost: 13.420326744759878
    efficiency: 0.787905
    discharge_ratio: 0.5
    depth_of_discharge: 1.0
