cost_values:
  wind_capex: 5000.0
  wind_opex: 100
  wind_lifetime: 20
  solar_capex: 1000.0
  solar_opex: 10
  solar_lifetime: 20
  carbon_price: 1.0
timeseries_values:
  load_level: 249582.81453812067
  wind_year: 2014
  solar_year: 2014
  price_year: 2023
  carbon_year: 2023
storage_values:
  CAES:
    cost: 46.7358
    lifetime: 24.5192
    annual_cost: 1.9060899213677442
    efficiency: 0.598675
    discharge_ratio: 0.1
    depth_of_discharge: 0.4
  Li-ion:
    cost: 214.939
    lifetime: 25.9529
    annual_cost: 8.281887573257709
    efficiency: 0.956948
    discharge_ratio: 2
    depth_of_discharge: 0.9
  Pb-acid:
    cost: 104.705
    lifetime: 13.4629
    annual_cost: 7.777299096034287
    efficiency: 0.666162
    discharge_ratio: 5
    depth_of_discharge: 0.5
  VRBF:
    cost: 267.059
    lifetime: 20.4695
    annual_cost: 13.046679205647427
    efficiency: 0.78681
    discharge_ratio: 0.5
    depth_of_discharge: 1.0
