cost_values:
  wind_capex: 5000.0
  wind_opex: 100
  wind_lifetime: 20
  solar_capex: 1000.0
  solar_opex: 10
  solar_lifetime: 20
  carbon_price: 1.0
timeseries_values:
  load_level: 249582.81453812067
  wind_year: 2014
  solar_year: 2014
  price_year: 2023
  carbon_year: 2023
storage_values:
  CAES:
    cost: 54.738
    lifetime: 24.1283
    annual_cost: 2.2686223231640854
    efficiency: 0.591223
    discharge_ratio: 0.1
    depth_of_discharge: 0.4
  Li-ion:
    cost: 232.529
    lifetime: 25.778
    annual_cost: 9.020443789277678
    efficiency: 0.955638
    discharge_ratio: 2
    depth_of_discharge: 0.9
  Pb-acid:
    cost: 75.8432
    lifetime: 15.5657
    annual_cost: 4.872456747849438
    efficiency: 0.682895
    discharge_ratio: 5
    depth_of_discharge: 0.5
  VRBF:
    cost: 259.768
    lifetime: 17.9544
    annual_cost: 14.468208350042328
    efficiency: 0.810474
    discharge_ratio: 0.5
    depth_of_discharge: 1.0
