cost_values:
  wind_capex: 5000.0
  wind_opex: 100
  wind_lifetime: 20
  solar_capex: 1000.0
  solar_opex: 10
  solar_lifetime: 20
  carbon_price: 1.0
timeseries_values:
  load_level: 249582.81453812067
  wind_year: 2014
  solar_year: 2014
  price_year: 2023
  carbon_year: 2023
storage_values:
  CAES:
    cost: 56.3206
    lifetime: 25.0571
    annual_cost: 2.2476902754109616
    efficiency: 0.60173
    discharge_ratio: 0.1
    depth_of_discharge: 0.4
  Li-ion:
    cost: 233.226
    lifetime: 26.6744
    annual_cost: 8.743439402573253
    efficiency: 0.96101
    discharge_ratio: 2
    depth_of_discharge: 0.9
  Pb-acid:
    cost: 76.817
    lifetime: 12.6633
    annual_cost: 6.066112308797864
    efficiency: 0.663319
    discharge_ratio: 5
    depth_of_discharge: 0.5
  VRBF:
    cost: 258.448
    lifetime: 18.7172
    annual_cost: 13.808048212339452
    efficiency: 0.802011
    discharge_ratio: 0.5
    depth_of_discharge: 1.0
