cost_values:
  wind_capex: 5000.0
  wind_opex: 100
  wind_lifetime: 20
  solar_capex: 1000.0
  solar_opex: 10
  solar_lifetime: 20
  carbon_price: 1.0
timeseries_values:
  load_level: 249582.81453812067
  wind_year: 2014
  solar_year: 2014
  price_year: 2023
  carbon_year: 2023
storage_values:
  CAES:
    cost: 56.1074
    lifetime: 26.1755
    annual_cost: 2.14350824244045
    efficiency: 0.591757
    discharge_ratio: 0.1
    depth_of_discharge: 0.4
  Li-ion:
    cost: 241.456
    lifetime: 24.869
    annual_cost: 9.709115766617073
    efficiency: 0.945829
    discharge_ratio: 2
    depth_of_discharge: 0.9
  Pb-acid:
    cost: 76.1482
    lifetime: 13.9864
    annual_cost: 5.4444460332894815
    efficiency: 0.658675
    discharge_ratio: 5
    depth_of_discharge: 0.5
  VRBF:
    cost: 295.261
    lifetime: 18.2295
    annual_cost: 16.19687868564689
    efficiency: 0.788833
    discharge_ratio: 0.5
    depth_of_discharge: 1.0
