cost_values:
  wind_capex: 5000.0
  wind_opex: 100
  wind_lifetime: 20
  solar_capex: 1000.0
  solar_opex: 10
  solar_lifetime: 20
  carbon_price: 1.0
timeseries_values:
  load_level: 249582.81453812067
  wind_year: 2014
  solar_year: 2014
  price_year: 2023
  carbon_year: 2023
storage_values:
  CAES:
    cost: 51.3368
    lifetime: 24.9048
    annual_cost: 2.0613215123189104
    efficiency: 0.605895
    discharge_ratio: 0.1
    depth_of_discharge: 0.4
  Li-ion:
    cost: 246.708
    lifetime: 26.0546
    annual_cost: 9.468884573165584
    efficiency: 0.940674
    discharge_ratio: 2
    depth_of_discharge: 0.9
  Pb-acid:
    cost: 107.88
    lifetime: 13.7387
    annual_cost: 7.852271321158479
    efficiency: 0.66595
    discharge_ratio: 5
    depth_of_discharge: 0.5
  VRBF:
    cost: 264.067
    lifetime: 19.2104
    annual_cost: 13.746043809603131
    efficiency: 0.796669
    discharge_ratio: 0.5
    depth_of_discharge: 1.0
