cost_values:
  wind_capex: 5000.0
  wind_opex: 100
  wind_lifetime: 20
  solar_capex: 1000.0
  solar_opex: 10
  solar_lifetime: 20
  carbon_price: 1.0
timeseries_values:
  load_level: 249582.81453812067
  wind_year: 2014
  solar_year: 2014
  price_year: 2023
  carbon_year: 2023
storage_values:
  CAES:
    cost: 59.0501
    lifetime: 24.3026
    annual_cost: 2.429785290462749
    efficiency: 0.591588
    discharge_ratio: 0.1
    depth_of_discharge: 0.4
  Li-ion:
    cost: 230.347
    lifetime: 24.2254
    annual_cost: 9.508491087866455
    efficiency: 0.960255
    discharge_ratio: 2
    depth_of_discharge: 0.9
  Pb-acid:
    cost: 106.866
    lifetime: 12.3981
    annual_cost: 8.619546543421976
    efficiency: 0.659128
    discharge_ratio: 5
    depth_of_discharge: 0.5
  VRBF:
    cost: 265.038
    lifetime: 19.4916
    annual_cost: 13.597549713722836
    efficiency: 0.792587
    discharge_ratio: 0.5
    depth_of_discharge: 1.0
