cost_values:
  wind_capex: 5000.0
  wind_opex: 100
  wind_lifetime: 20
  solar_capex: 1000.0
  solar_opex: 10
  solar_lifetime: 20
  carbon_price: 1.0
timeseries_values:
  load_level: 249582.81453812067
  wind_year: 2014
  solar_year: 2014
  price_year: 2023
  carbon_year: 2023
storage_values:
  CAES:
    cost: 52.1168
    lifetime: 24.2326
    annual_cost: 2.150689566947005
    efficiency: 0.602943
    discharge_ratio: 0.1
    depth_of_discharge: 0.4
  Li-ion:
    cost: 244.703
    lifetime: 25.7013
    annual_cost: 9.521035900907737
    efficiency: 0.967352
    discharge_ratio: 2
    depth_of_discharge: 0.9
  Pb-acid:
    cost: 124.357
    lifetime: 13.8485
    annual_cost: 8.979817308733798
    efficiency: 0.672113
    discharge_ratio: 5
    depth_of_discharge: 0.5
  VRBF:
    cost: 280.121
    lifetime: 19.0365
    annual_cost: 14.714942347595407
    efficiency: 0.827556
    discharge_ratio: 0.5
    depth_of_discharge: 1.0
