cost_values:
  wind_capex: 5000.0
  wind_opex: 100
  wind_lifetime: 20
  solar_capex: 1000.0
  solar_opex: 10
  solar_lifetime: 20
  carbon_price: 1.0
timeseries_values:
  load_level: 249582.81453812067
  wind_year: 2014
  solar_year: 2014
  price_year: 2023
  carbon_year: 2023
storage_values:
  CAES:
    cost: 62.7939
    lifetime: 24.8778
    annual_cost: 2.5240937703494684
    efficiency: 0.599113
    discharge_ratio: 0.1
    depth_of_discharge: 0.4
  Li-ion:
    cost: 214.289
    lifetime: 28.0722
    annual_cost: 7.633495059168857
    efficiency: 0.941348
    discharge_ratio: 2
    depth_of_discharge: 0.9
  Pb-acid:
    cost: 101.075
    lifetime: 12.9496
    annual_cost: 7.805260394143448
    efficiency: 0.66821
    discharge_ratio: 5
    depth_of_discharge: 0.5
  VRBF:
    cost: 301.021
    lifetime: 19.4379
    annual_cost: 15.486292243503673
    efficiency: 0.823111
    discharge_ratio: 0.5
    depth_of_discharge: 1.0
