cost_values:
  wind_capex: 5000.0
  wind_opex: 100
  wind_lifetime: 20
  solar_capex: 1000.0
  solar_opex: 10
  solar_lifetime: 20
  carbon_price: 1.0
timeseries_values:
  load_level: 249582.81453812067
  wind_year: 2014
  solar_year: 2014
  price_year: 2023
  carbon_year: 2023
storage_values:
  CAES:
    cost: 59.0549
    lifetime: 23.9781
    annual_cost: 2.46286820056635
    efficiency: 0.587572
    discharge_ratio: 0.1
    depth_of_discharge: 0.4
  Li-ion:
    cost: 252.512
    lifetime: 26.0188
    annual_cost: 9.704982551078452
    efficiency: 0.960872
    discharge_ratio: 2
    depth_of_discharge: 0.9
  Pb-acid:
    cost: 104.334
    lifetime: 13.1685
    annual_cost: 7.922998063560771
    efficiency: 0.66133
    discharge_ratio: 5
    depth_of_discharge: 0.5
  VRBF:
    cost: 278.084
    lifetime: 19.487
    annual_cost: 14.270231436342177
    efficiency: 0.824892
    discharge_ratio: 0.5
    depth_of_discharge: 1.0
