cost_values:
  wind_capex: 5000.0
  wind_opex: 100
  wind_lifetime: 20
  solar_capex: 1000.0
  solar_opex: 10
  solar_lifetime: 20
  carbon_price: 1.0
timeseries_values:
  load_level: 249582.81453812067
  wind_year: 2014
  solar_year: 2014
  price_year: 2023
  carbon_year: 2023
storage_values:
  CAES:
    cost: 51.8939
    lifetime: 24.4525
    annual_cost: 2.122232900521419
    efficiency: 0.593042
    discharge_ratio: 0.1
    depth_of_discharge: 0.4
  Li-ion:
    cost: 234.004
    lifetime: 26.0177
    annual_cost: 8.994030986597584
    efficiency: 0.941962
    discharge_ratio: 2
    depth_of_discharge: 0.9
  Pb-acid:
    cost: 95.6943
    lifetime: 12.3866
    annual_cost: 7.725630923740171
    efficiency: 0.664835
    discharge_ratio: 5
    depth_of_discharge: 0.5
  VRBF:
    cost: 261.93
    lifetime: 20.5693
    annual_cost: 12.734025951296351
    efficiency: 0.803892
    discharge_ratio: 0.5
    depth_of_discharge: 1.0
