cost_values:
  wind_capex: 5000.0
  wind_opex: 100
  wind_lifetime: 20
  solar_capex: 1000.0
  solar_opex: 10
  solar_lifetime: 20
  carbon_price: 1.0
timeseries_values:
  load_level: 249582.81453812067
  wind_year: 2014
  solar_year: 2014
  price_year: 2023
  carbon_year: 2023
storage_values:
  CAES:
    cost: 50.9652
    lifetime: 24.6354
    annual_cost: 2.0687790740154415
    efficiency: 0.585973
    discharge_ratio: 0.1
    depth_of_discharge: 0.4
  Li-ion:
    cost: 239.025
    lifetime: 24.7195
    annual_cost: 9.669491696838529
    efficiency: 0.948371
    discharge_ratio: 2
    depth_of_discharge: 0.9
  Pb-acid:
    cost: 101.161
    lifetime: 14.0172
    annual_cost: 7.216919213537653
    efficiency: 0.680137
    discharge_ratio: 5
    depth_of_discharge: 0.5
  VRBF:
    cost: 261.248
    lifetime: 21.2451
    annual_cost: 12.296859040437559
    efficiency: 0.783024
    discharge_ratio: 0.5
    depth_of_discharge: 1.0
