cost_values:
  wind_capex: 5000.0
  wind_opex: 100
  wind_lifetime: 20
  solar_capex: 1000.0
  solar_opex: 10
  solar_lifetime: 20
  carbon_price: 1.0
timeseries_values:
  load_level: 249582.81453812067
  wind_year: 2014
  solar_year: 2014
  price_year: 2023
  carbon_year: 2023
storage_values:
  CAES:
    cost: 59.9187
    lifetime: 24.8686
    annual_cost: 2.40941186878232
    efficiency: 0.588564
    discharge_ratio: 0.1
    depth_of_discharge: 0.4
  Li-ion:
    cost: 221.538
    lifetime: 25.3097
    annual_cost: 8.753086761202228
    efficiency: 0.937586
    discharge_ratio: 2
    depth_of_discharge: 0.9
  Pb-acid:
    cost: 89.6276
    lifetime: 12.469
    annual_cost: 7.1880343251263135
    efficiency: 0.689826
    discharge_ratio: 5
    depth_of_discharge: 0.5
  VRBF:
    cost: 260.894
    lifetime: 18.5718
    annual_cost: 14.047857504388375
    efficiency: 0.814438
    discharge_ratio: 0.5
    depth_of_discharge: 1.0
