cost_values:
  wind_capex: 5000.0
  wind_opex: 100
  wind_lifetime: 20
  solar_capex: 1000.0
  solar_opex: 10
  solar_lifetime: 20
  carbon_price: 1.0
timeseries_values:
  load_level: 249582.81453812067
  wind_year: 2014
  solar_year: 2014
  price_year: 2023
  carbon_year: 2023
storage_values:
  CAES:
    cost: 46.4149
    lifetime: 23.414
    annual_cost: 1.9823567096608867
    efficiency: 0.602881
    discharge_ratio: 0.1
    depth_of_discharge: 0.4
  Li-ion:
    cost: 233.695
    lifetime: 26.1511
    annual_cost: 8.936335374037803
    efficiency: 0.965961
    discharge_ratio: 2
    depth_of_discharge: 0.9
  Pb-acid:
    cost: 104.476
    lifetime: 11.164
    annual_cost: 9.358294518093873
    efficiency: 0.651838
    discharge_ratio: 5
    depth_of_discharge: 0.5
  VRBF:
    cost: 247.092
    lifetime: 19.507
    annual_cost: 12.666837545496488
    efficiency: 0.787593
    discharge_ratio: 0.5
    depth_of_discharge: 1.0
