cost_values:
  wind_capex: 5000.0
  wind_opex: 100
  wind_lifetime: 20
  solar_capex: 1000.0
  solar_opex: 10
  solar_lifetime: 20
  carbon_price: 1.0
timeseries_values:
  load_level: 249582.81453812067
  wind_year: 2014
  solar_year: 2014
  price_year: 2023
  carbon_year: 2023
storage_values:
  CAES:
    cost: 56.8044
    lifetime: 24.8455
    annual_cost: 2.286305367169105
    efficiency: 0.609253
    discharge_ratio: 0.1
    depth_of_discharge: 0.4
  Li-ion:
    cost: 252.957
    lifetime: 27.0738
    annual_cost: 9.343239589566297
    efficiency: 0.958342
    discharge_ratio: 2
    depth_of_discharge: 0.9
  Pb-acid:
    cost: 89.2574
    lifetime: 12.5671
    annual_cost: 7.102465962712161
    efficiency: 0.671537
    discharge_ratio: 5
    depth_of_discharge: 0.5
  VRBF:
    cost: 233.985
    lifetime: 16.4032
    annual_cost: 14.264594713226689
    efficiency: 0.816373
    discharge_ratio: 0.5
    depth_of_discharge: 1.0
