cost_values:
  wind_capex: 5000.0
  wind_opex: 100
  wind_lifetime: 20
  solar_capex: 1000.0
  solar_opex: 10
  solar_lifetime: 20
  carbon_price: 1.0
timeseries_values:
  load_level: 249582.81453812067
  wind_year: 2014
  solar_year: 2014
  price_year: 2023
  carbon_year: 2023
storage_values:
  CAES:
    cost: 52.5062
    lifetime: 25.3
    annual_cost: 2.0753438735177867
    efficiency: 0.591369
    discharge_ratio: 0.1
    depth_of_discharge: 0.4
  Li-ion:
    cost: 220.017
    lifetime: 25.2897
    annual_cost: 8.699865953332779
    efficiency: 0.938137
    discharge_ratio: 2
    depth_of_discharge: 0.9
  Pb-acid:
    cost: 110.827
    lifetime: 13.222
    annual_cost: 8.382014823778551
    efficiency: 0.663504
    discharge_ratio: 5
    depth_of_discharge: 0.5
  VRBF:
    cost: 261.985
    lifetime: 18.3757
    annual_cost: 14.25714394553677
    efficiency: 0.808874
    discharge_ratio: 0.5
    depth_of_discharge: 1.0
