cost_values:
  wind_capex: 5000.0
  wind_opex: 100
  wind_lifetime: 20
  solar_capex: 1000.0
  solar_opex: 10
  solar_lifetime: 20
  carbon_price: 1.0
timeseries_values:
  load_level: 249582.81453812067
  wind_year: 2014
  solar_year: 2014
  price_year: 2023
  carbon_year: 2023
storage_values:
  CAES:
    cost: 45.4517
    lifetime: 24.3471
    annual_cost: 1.8668219212965815
    efficiency: 0.591354
    discharge_ratio: 0.1
    depth_of_discharge: 0.4
  Li-ion:
    cost: 233.094
    lifetime: 26.7692
    annual_cost: 8.707544491430449
    efficiency: 0.964709
    discharge_ratio: 2
    depth_of_discharge: 0.9
  Pb-acid:
    cost: 78.6481
    lifetime: 13.0568
    annual_cost: 6.0235356289443045
    efficiency: 0.67424
    discharge_ratio: 5
    depth_of_discharge: 0.5
  VRBF:
    cost: 281.447
    lifetime: 17.5579
    annual_cost: 16.029650470728278
    efficiency: 0.797136
    discharge_ratio: 0.5
    depth_of_discharge: 1.0
