cost_values:
  wind_capex: 5000.0
  wind_opex: 100
  wind_lifetime: 20
  solar_capex: 1000.0
  solar_opex: 10
  solar_lifetime: 20
  carbon_price: 1.0
timeseries_values:
  load_level: 249582.81453812067
  wind_year: 2014
  solar_year: 2014
  price_year: 2023
  carbon_year: 2023
storage_values:
  CAES:
    cost: 53.9943
    lifetime: 24.5071
    annual_cost: 2.2032104981821594
    efficiency: 0.593245
    discharge_ratio: 0.1
    depth_of_discharge: 0.4
  Li-ion:
    cost: 241.331
    lifetime: 24.5785
    annual_cost: 9.818784710214212
    efficiency: 0.935037
    discharge_ratio: 2
    depth_of_discharge: 0.9
  Pb-acid:
    cost: 99.6378
    lifetime: 14.2828
    annual_cost: 6.976069118100092
    efficiency: 0.655443
    discharge_ratio: 5
    depth_of_discharge: 0.5
  VRBF:
    cost: 274.161
    lifetime: 17.456
    annual_cost: 15.70583180568286
    efficiency: 0.797723
    discharge_ratio: 0.5
    depth_of_discharge: 1.0
