cost_values:
  wind_capex: 5000.0
  wind_opex: 100
  wind_lifetime: 20
  solar_capex: 1000.0
  solar_opex: 10
  solar_lifetime: 20
  carbon_price: 1.0
timeseries_values:
  load_level: 249582.81453812067
  wind_year: 2014
  solar_year: 2014
  price_year: 2023
  carbon_year: 2023
storage_values:
  CAES:
    cost: 51.7139
    lifetime: 24.5375
    annual_cost: 2.1075455934793683
    efficiency: 0.59482
    discharge_ratio: 0.1
    depth_of_discharge: 0.4
  Li-ion:
    cost: 239.728
    lifetime: 25.5034
    annual_cost: 9.399844726585476
    efficiency: 0.955381
    discharge_ratio: 2
    depth_of_discharge: 0.9
  Pb-acid:
    cost: 96.1811
    lifetime: 12.4068
    annual_cost: 7.752289067285682
    efficiency: 0.657515
    discharge_ratio: 5
    depth_of_discharge: 0.5
  VRBF:
    cost: 245.423
    lifetime: 17.9364
    annual_cost: 13.682957561160546
    efficiency: 0.814489
    discharge_ratio: 0.5
    depth_of_discharge: 1.0
