cost_values:
  wind_capex: 5000.0
  wind_opex: 100
  wind_lifetime: 20
  solar_capex: 1000.0
  solar_opex: 10
  solar_lifetime: 20
  carbon_price: 1.0
timeseries_values:
  load_level: 249582.81453812067
  wind_year: 2014
  solar_year: 2014
  price_year: 2023
  carbon_year: 2023
storage_values:
  CAES:
    cost: 48.6187
    lifetime: 24.3031
    annual_cost: 2.000514337677086
    efficiency: 0.597494
    discharge_ratio: 0.1
    depth_of_discharge: 0.4
  Li-ion:
    cost: 236.075
    lifetime: 27.3385
    annual_cost: 8.63525796953015
    efficiency: 0.935372
    discharge_ratio: 2
    depth_of_discharge: 0.9
  Pb-acid:
    cost: 83.3135
    lifetime: 13.0912
    annual_cost: 6.364084270349548
    efficiency: 0.676342
    discharge_ratio: 5
    depth_of_discharge: 0.5
  VRBF:
    cost: 260.687
    lifetime: 20.4066
    annual_cost: 12.774641537541775
    efficiency: 0.795587
    discharge_ratio: 0.5
    depth_of_discharge: 1.0
