cost_values:
  wind_capex: 5000.0
  wind_opex: 100
  wind_lifetime: 20
  solar_capex: 1000.0
  solar_opex: 10
  solar_lifetime: 20
  carbon_price: 1.0
timeseries_values:
  load_level: 249582.81453812067
  wind_year: 2014
  solar_year: 2014
  price_year: 2023
  carbon_year: 2023
storage_values:
  CAES:
    cost: 56.2977
    lifetime: 24.4821
    annual_cost: 2.2995453821363365
    efficiency: 0.60409
    discharge_ratio: 0.1
    depth_of_discharge: 0.4
  Li-ion:
    cost: 235.772
    lifetime: 25.1737
    annual_cost: 9.365806377290584
    efficiency: 0.956939
    discharge_ratio: 2
    depth_of_discharge: 0.9
  Pb-acid:
    cost: 91.9762
    lifetime: 13.1151
    annual_cost: 7.013000282117559
    efficiency: 0.670271
    discharge_ratio: 5
    depth_of_discharge: 0.5
  VRBF:
    cost: 242.727
    lifetime: 18.696
    annual_cost: 12.98283055198973
    efficiency: 0.80946
    discharge_ratio: 0.5
    depth_of_discharge: 1.0
