cost_values:
  wind_capex: 5000.0
  wind_opex: 100
  wind_lifetime: 20
  solar_capex: 1000.0
  solar_opex: 10
  solar_lifetime: 20
  carbon_price: 1.0
timeseries_values:
  load_level: 249582.81453812067
  wind_year: 2014
  solar_year: 2014
  price_year: 2023
  carbon_year: 2023
storage_values:
  CAES:
    cost: 45.7604
    lifetime: 24.6116
    annual_cost: 1.8593021177005964
    efficiency: 0.58415
    discharge_ratio: 0.1
    depth_of_discharge: 0.4
  Li-ion:
    cost: 230.156
    lifetime: 24.7888
    annual_cost: 9.284676950881044
    efficiency: 0.941495
    discharge_ratio: 2
    depth_of_discharge: 0.9
  Pb-acid:
    cost: 97.0078
    lifetime: 11.8484
    annual_cost: 8.187417710408157
    efficiency: 0.671296
    discharge_ratio: 5
    depth_of_discharge: 0.5
  VRBF:
    cost: 275.604
    lifetime: 18.799
    annual_cost: 14.660567051438905
    efficiency: 0.824848
    discharge_ratio: 0.5
    depth_of_discharge: 1.0
