cost_values:
  wind_capex: 5000.0
  wind_opex: 100
  wind_lifetime: 20
  solar_capex: 1000.0
  solar_opex: 10
  solar_lifetime: 20
  carbon_price: 1.0
timeseries_values:
  load_level: 249582.81453812067
  wind_year: 2014
  solar_year: 2014
  price_year: 2023
  carbon_year: 2023
storage_values:
  CAES:
    cost: 53.9471
    lifetime: 25.2515
    annual_cost: 2.136391897511039
    efficiency: 0.597853
    discharge_ratio: 0.1
    depth_of_discharge: 0.4
  Li-ion:
    cost: 235.092
    lifetime: 25.1845
    annual_cost: 9.334789255295917
    efficiency: 0.952062
    discharge_ratio: 2
    depth_of_discharge: 0.9
  Pb-acid:
    cost: 110.707
    lifetime: 15.0609
    annual_cost: 7.350623136731536
    efficiency: 0.677838
    discharge_ratio: 5
    depth_of_discharge: 0.5
  VRBF:
    cost: 251.637
    lifetime: 20.3252
    annual_cost: 12.380542380886782
    efficiency: 0.79489
    discharge_ratio: 0.5
    depth_of_discharge: 1.0
