cost_values:
  wind_capex: 5000.0
  wind_opex: 100
  wind_lifetime: 20
  solar_capex: 1000.0
  solar_opex: 10
  solar_lifetime: 20
  carbon_price: 1.0
timeseries_values:
  load_level: 249582.81453812067
  wind_year: 2014
  solar_year: 2014
  price_year: 2023
  carbon_year: 2023
storage_values:
  CAES:
    cost: 50.568
    lifetime: 23.8038
    annual_cost: 2.12436669775414
    efficiency: 0.592948
    discharge_ratio: 0.1
    depth_of_discharge: 0.4
  Li-ion:
    cost: 221.308
    lifetime: 25.1289
    annual_cost: 8.806911563976138
    efficiency: 0.948038
    discharge_ratio: 2
    depth_of_discharge: 0.9
  Pb-acid:
    cost: 103.702
    lifetime: 13.9145
    annual_cost: 7.452801034891659
    efficiency: 0.680173
    discharge_ratio: 5
    depth_of_discharge: 0.5
  VRBF:
    cost: 262.989
    lifetime: 16.6214
    annual_cost: 15.822313403203097
    efficiency: 0.78614
    discharge_ratio: 0.5
    depth_of_discharge: 1.0
