cost_values:
  wind_capex: 5000.0
  wind_opex: 100
  wind_lifetime: 20
  solar_capex: 1000.0
  solar_opex: 10
  solar_lifetime: 20
  carbon_price: 1.0
timeseries_values:
  load_level: 249582.81453812067
  wind_year: 2014
  solar_year: 2014
  price_year: 2023
  carbon_year: 2023
storage_values:
  CAES:
    cost: 53.8163
    lifetime: 24.3085
    annual_cost: 2.213888146121727
    efficiency: 0.611974
    discharge_ratio: 0.1
    depth_of_discharge: 0.4
  Li-ion:
    cost: 228.69
    lifetime: 25.3011
    annual_cost: 9.03873744619799
    efficiency: 0.952884
    discharge_ratio: 2
    depth_of_discharge: 0.9
  Pb-acid:
    cost: 89.3975
    lifetime: 12.9144
    annual_cost: 6.9223115282165635
    efficiency: 0.657395
    discharge_ratio: 5
    depth_of_discharge: 0.5
  VRBF:
    cost: 255.046
    lifetime: 18.8448
    annual_cost: 13.534025301409407
    efficiency: 0.798576
    discharge_ratio: 0.5
    depth_of_discharge: 1.0
