cost_values:
  wind_capex: 5000.0
  wind_opex: 100
  wind_lifetime: 20
  solar_capex: 1000.0
  solar_opex: 10
  solar_lifetime: 20
  carbon_price: 1.0
timeseries_values:
  load_level: 249582.81453812067
  wind_year: 2014
  solar_year: 2014
  price_year: 2023
  carbon_year: 2023
storage_values:
  CAES:
    cost: 61.264
    lifetime: 25.4462
    annual_cost: 2.4075893453639443
    efficiency: 0.592434
    discharge_ratio: 0.1
    depth_of_discharge: 0.4
  Li-ion:
    cost: 227.99
    lifetime: 27.8745
    annual_cost: 8.17916016430788
    efficiency: 0.968399
    discharge_ratio: 2
    depth_of_discharge: 0.9
  Pb-acid:
    cost: 94.8459
    lifetime: 11.6553
    annual_cost: 8.137576896347584
    efficiency: 0.67154
    discharge_ratio: 5
    depth_of_discharge: 0.5
  VRBF:
    cost: 243.115
    lifetime: 19.9913
    annual_cost: 12.161040052422806
    efficiency: 0.809931
    discharge_ratio: 0.5
    depth_of_discharge: 1.0
