cost_values:
  wind_capex: 5000.0
  wind_opex: 100
  wind_lifetime: 20
  solar_capex: 1000.0
  solar_opex: 10
  solar_lifetime: 20
  carbon_price: 1.0
timeseries_values:
  load_level: 249582.81453812067
  wind_year: 2014
  solar_year: 2014
  price_year: 2023
  carbon_year: 2023
storage_values:
  CAES:
    cost: 55.887
    lifetime: 25.2515
    annual_cost: 2.213215056531295
    efficiency: 0.589433
    discharge_ratio: 0.1
    depth_of_discharge: 0.4
  Li-ion:
    cost: 239.424
    lifetime: 26.3786
    annual_cost: 9.076448333118513
    efficiency: 0.96875
    discharge_ratio: 2
    depth_of_discharge: 0.9
  Pb-acid:
    cost: 78.3627
    lifetime: 13.0106
    annual_cost: 6.022988947473599
    efficiency: 0.662792
    discharge_ratio: 5
    depth_of_discharge: 0.5
  VRBF:
    cost: 282.471
    lifetime: 18.844
    annual_cost: 14.989970282317978
    efficiency: 0.817245
    discharge_ratio: 0.5
    depth_of_discharge: 1.0
