cost_values:
  wind_capex: 5000.0
  wind_opex: 100
  wind_lifetime: 20
  solar_capex: 1000.0
  solar_opex: 10
  solar_lifetime: 20
  carbon_price: 1.0
timeseries_values:
  load_level: 249582.81453812067
  wind_year: 2014
  solar_year: 2014
  price_year: 2023
  carbon_year: 2023
storage_values:
  CAES:
    cost: 57.6218
    lifetime: 24.2154
    annual_cost: 2.3795518554308415
    efficiency: 0.604438
    discharge_ratio: 0.1
    depth_of_discharge: 0.4
  Li-ion:
    cost: 246.199
    lifetime: 25.6957
    annual_cost: 9.581330728487647
    efficiency: 0.955648
    discharge_ratio: 2
    depth_of_discharge: 0.9
  Pb-acid:
    cost: 103.822
    lifetime: 13.5228
    annual_cost: 7.677551986275032
    efficiency: 0.674024
    discharge_ratio: 5
    depth_of_discharge: 0.5
  VRBF:
    cost: 301.021
    lifetime: 20.8201
    annual_cost: 14.458191843458966
    efficiency: 0.802094
    discharge_ratio: 0.5
    depth_of_discharge: 1.0
