cost_values:
  wind_capex: 5000.0
  wind_opex: 100
  wind_lifetime: 20
  solar_capex: 1000.0
  solar_opex: 10
  solar_lifetime: 20
  carbon_price: 1.0
timeseries_values:
  load_level: 249582.81453812067
  wind_year: 2014
  solar_year: 2014
  price_year: 2023
  carbon_year: 2023
storage_values:
  CAES:
    cost: 58.7329
    lifetime: 23.2628
    annual_cost: 2.524756263218529
    efficiency: 0.59393
    discharge_ratio: 0.1
    depth_of_discharge: 0.4
  Li-ion:
    cost: 218.815
    lifetime: 25.8286
    annual_cost: 8.471810318793894
    efficiency: 0.942792
    discharge_ratio: 2
    depth_of_discharge: 0.9
  Pb-acid:
    cost: 113.968
    lifetime: 12.7377
    annual_cost: 8.947298177850005
    efficiency: 0.677098
    discharge_ratio: 5
    depth_of_discharge: 0.5
  VRBF:
    cost: 281.934
    lifetime: 18.8293
    annual_cost: 14.973153542617093
    efficiency: 0.834043
    discharge_ratio: 0.5
    depth_of_discharge: 1.0
