cost_values:
  wind_capex: 5000.0
  wind_opex: 100
  wind_lifetime: 20
  solar_capex: 1000.0
  solar_opex: 10
  solar_lifetime: 20
  carbon_price: 1.0
timeseries_values:
  load_level: 249582.81453812067
  wind_year: 2014
  solar_year: 2014
  price_year: 2023
  carbon_year: 2023
storage_values:
  CAES:
    cost: 55.3568
    lifetime: 25.1446
    annual_cost: 2.2015383024585797
    efficiency: 0.594575
    discharge_ratio: 0.1
    depth_of_discharge: 0.4
  Li-ion:
    cost: 231.798
    lifetime: 24.6759
    annual_cost: 9.393699925838572
    efficiency: 0.952436
    discharge_ratio: 2
    depth_of_discharge: 0.9
  Pb-acid:
    cost: 94.4891
    lifetime: 13.6785
    annual_cost: 6.907855393500749
    efficiency: 0.652523
    discharge_ratio: 5
    depth_of_discharge: 0.5
  VRBF:
    cost: 262.813
    lifetime: 16.1496
    annual_cost: 16.27365383662753
    efficiency: 0.808682
    discharge_ratio: 0.5
    depth_of_discharge: 1.0
