cost_values:
  wind_capex: 5000.0
  wind_opex: 100
  wind_lifetime: 20
  solar_capex: 1000.0
  solar_opex: 10
  solar_lifetime: 20
  carbon_price: 1.0
timeseries_values:
  load_level: 249582.81453812067
  wind_year: 2014
  solar_year: 2014
  price_year: 2023
  carbon_year: 2023
storage_values:
  CAES:
    cost: 52.711
    lifetime: 24.9226
    annual_cost: 2.114988002856845
    efficiency: 0.601661
    discharge_ratio: 0.1
    depth_of_discharge: 0.4
  Li-ion:
    cost: 247.792
    lifetime: 24.4633
    annual_cost: 10.129132210290516
    efficiency: 0.965563
    discharge_ratio: 2
    depth_of_discharge: 0.9
  Pb-acid:
    cost: 87.083
    lifetime: 14.3585
    annual_cost: 6.064909287181809
    efficiency: 0.663991
    discharge_ratio: 5
    depth_of_discharge: 0.5
  VRBF:
    cost: 284.627
    lifetime: 19.167
    annual_cost: 14.849846089633223
    efficiency: 0.802436
    discharge_ratio: 0.5
    depth_of_discharge: 1.0
