cost_values:
  wind_capex: 5000.0
  wind_opex: 100
  wind_lifetime: 20
  solar_capex: 1000.0
  solar_opex: 10
  solar_lifetime: 20
  carbon_price: 1.0
timeseries_values:
  load_level: 249582.81453812067
  wind_year: 2014
  solar_year: 2014
  price_year: 2023
  carbon_year: 2023
storage_values:
  CAES:
    cost: 50.4879
    lifetime: 24.9672
    annual_cost: 2.0221690858406234
    efficiency: 0.596608
    discharge_ratio: 0.1
    depth_of_discharge: 0.4
  Li-ion:
    cost: 242.774
    lifetime: 24.3983
    annual_cost: 9.950447367234602
    efficiency: 0.95735
    discharge_ratio: 2
    depth_of_discharge: 0.9
  Pb-acid:
    cost: 97.2867
    lifetime: 13.0559
    annual_cost: 7.451550639940563
    efficiency: 0.679325
    discharge_ratio: 5
    depth_of_discharge: 0.5
  VRBF:
    cost: 274.369
    lifetime: 18.3019
    annual_cost: 14.991285057835526
    efficiency: 0.798796
    discharge_ratio: 0.5
    depth_of_discharge: 1.0
