cost_values:
  wind_capex: 5000.0
  wind_opex: 100
  wind_lifetime: 20
  solar_capex: 1000.0
  solar_opex: 10
  solar_lifetime: 20
  carbon_price: 1.0
timeseries_values:
  load_level: 249582.81453812067
  wind_year: 2014
  solar_year: 2014
  price_year: 2023
  carbon_year: 2023
storage_values:
  CAES:
    cost: 51.4923
    lifetime: 25.6205
    annual_cost: 2.0098085517456723
    efficiency: 0.607336
    discharge_ratio: 0.1
    depth_of_discharge: 0.4
  Li-ion:
    cost: 224.645
    lifetime: 24.9539
    annual_cost: 9.002400426386256
    efficiency: 0.956729
    discharge_ratio: 2
    depth_of_discharge: 0.9
  Pb-acid:
    cost: 97.074
    lifetime: 13.3379
    annual_cost: 7.278057265386606
    efficiency: 0.66844
    discharge_ratio: 5
    depth_of_discharge: 0.5
  VRBF:
    cost: 269.24
    lifetime: 19.1239
    annual_cost: 14.078718253075996
    efficiency: 0.795645
    discharge_ratio: 0.5
    depth_of_discharge: 1.0
