cost_values:
  wind_capex: 5000.0
  wind_opex: 100
  wind_lifetime: 20
  solar_capex: 1000.0
  solar_opex: 10
  solar_lifetime: 20
  carbon_price: 1.0
timeseries_values:
  load_level: 249582.81453812067
  wind_year: 2014
  solar_year: 2014
  price_year: 2023
  carbon_year: 2023
storage_values:
  CAES:
    cost: 60.9641
    lifetime: 23.9653
    annual_cost: 2.543848814744652
    efficiency: 0.595361
    discharge_ratio: 0.1
    depth_of_discharge: 0.4
  Li-ion:
    cost: 249.029
    lifetime: 26.9217
    annual_cost: 9.250121649078624
    efficiency: 0.945139
    discharge_ratio: 2
    depth_of_discharge: 0.9
  Pb-acid:
    cost: 108.262
    lifetime: 12.7659
    annual_cost: 8.480561495860064
    efficiency: 0.661224
    discharge_ratio: 5
    depth_of_discharge: 0.5
  VRBF:
    cost: 289.323
    lifetime: 18.3058
    annual_cost: 15.804990767953324
    efficiency: 0.816854
    discharge_ratio: 0.5
    depth_of_discharge: 1.0
