cost_values:
  wind_capex: 5000.0
  wind_opex: 100
  wind_lifetime: 20
  solar_capex: 1000.0
  solar_opex: 10
  solar_lifetime: 20
  carbon_price: 1.0
timeseries_values:
  load_level: 249582.81453812067
  wind_year: 2014
  solar_year: 2014
  price_year: 2023
  carbon_year: 2023
storage_values:
  CAES:
    cost: 49.3558
    lifetime: 25.4038
    annual_cost: 1.9428510695250318
    efficiency: 0.590071
    discharge_ratio: 0.1
    depth_of_discharge: 0.4
  Li-ion:
    cost: 241.83
    lifetime: 25.8516
    annual_cost: 9.354546720512463
    efficiency: 0.939418
    discharge_ratio: 2
    depth_of_discharge: 0.9
  Pb-acid:
    cost: 94.6654
    lifetime: 13.4362
    annual_cost: 7.0455485926080295
    efficiency: 0.669764
    discharge_ratio: 5
    depth_of_discharge: 0.5
  VRBF:
    cost: 283.748
    lifetime: 19.6683
    annual_cost: 14.426666259920786
    efficiency: 0.794813
    discharge_ratio: 0.5
    depth_of_discharge: 1.0
