cost_values:
  wind_capex: 5000.0
  wind_opex: 100
  wind_lifetime: 20
  solar_capex: 1000.0
  solar_opex: 10
  solar_lifetime: 20
  carbon_price: 1.0
timeseries_values:
  load_level: 249582.81453812067
  wind_year: 2014
  solar_year: 2014
  price_year: 2023
  carbon_year: 2023
storage_values:
  CAES:
    cost: 54.2059
    lifetime: 23.8271
    annual_cost: 2.2749684183136005
    efficiency: 0.597932
    discharge_ratio: 0.1
    depth_of_discharge: 0.4
  Li-ion:
    cost: 221.653
    lifetime: 26.674
    annual_cost: 8.30970233185874
    efficiency: 0.950762
    discharge_ratio: 2
    depth_of_discharge: 0.9
  Pb-acid:
    cost: 94.4869
    lifetime: 14.6495
    annual_cost: 6.449837878425885
    efficiency: 0.668375
    discharge_ratio: 5
    depth_of_discharge: 0.5
  VRBF:
    cost: 230.134
    lifetime: 18.0127
    annual_cost: 12.776207897761024
    efficiency: 0.799315
    discharge_ratio: 0.5
    depth_of_discharge: 1.0
