cost_values:
  wind_capex: 5000.0
  wind_opex: 100
  wind_lifetime: 20
  solar_capex: 1000.0
  solar_opex: 10
  solar_lifetime: 20
  carbon_price: 1.0
timeseries_values:
  load_level: 249582.81453812067
  wind_year: 2014
  solar_year: 2014
  price_year: 2023
  carbon_year: 2023
storage_values:
  CAES:
    cost: 52.8083
    lifetime: 24.1615
    annual_cost: 2.1856383088798297
    efficiency: 0.606387
    discharge_ratio: 0.1
    depth_of_discharge: 0.4
  Li-ion:
    cost: 237.61
    lifetime: 25.8142
    annual_cost: 9.204623811700538
    efficiency: 0.947165
    discharge_ratio: 2
    depth_of_discharge: 0.9
  Pb-acid:
    cost: 96.2696
    lifetime: 12.8573
    annual_cost: 7.487544041128386
    efficiency: 0.665452
    discharge_ratio: 5
    depth_of_discharge: 0.5
  VRBF:
    cost: 270.412
    lifetime: 19.5016
    annual_cost: 13.866144316363785
    efficiency: 0.817636
    discharge_ratio: 0.5
    depth_of_discharge: 1.0
