cost_values:
  wind_capex: 5000.0
  wind_opex: 100
  wind_lifetime: 20
  solar_capex: 1000.0
  solar_opex: 10
  solar_lifetime: 20
  carbon_price: 1.0
timeseries_values:
  load_level: 249582.81453812067
  wind_year: 2014
  solar_year: 2014
  price_year: 2023
  carbon_year: 2023
storage_values:
  CAES:
    cost: 59.9732
    lifetime: 25.0944
    annual_cost: 2.389903723539913
    efficiency: 0.607329
    discharge_ratio: 0.1
    depth_of_discharge: 0.4
  Li-ion:
    cost: 228.609
    lifetime: 25.1817
    annual_cost: 9.078378346179965
    efficiency: 0.965351
    discharge_ratio: 2
    depth_of_discharge: 0.9
  Pb-acid:
    cost: 80.3041
    lifetime: 14.7505
    annual_cost: 5.444161214874073
    efficiency: 0.682154
    discharge_ratio: 5
    depth_of_discharge: 0.5
  VRBF:
    cost: 245.703
    lifetime: 22.0501
    annual_cost: 11.142942662391553
    efficiency: 0.804911
    discharge_ratio: 0.5
    depth_of_discharge: 1.0
