cost_values:
  wind_capex: 5000.0
  wind_opex: 100
  wind_lifetime: 20
  solar_capex: 1000.0
  solar_opex: 10
  solar_lifetime: 20
  carbon_price: 1.0
timeseries_values:
  load_level: 249582.81453812067
  wind_year: 2014
  solar_year: 2014
  price_year: 2023
  carbon_year: 2023
storage_values:
  CAES:
    cost: 43.8311
    lifetime: 23.8414
    annual_cost: 1.838444889981293
    efficiency: 0.602767
    discharge_ratio: 0.1
    depth_of_discharge: 0.4
  Li-ion:
    cost: 246.874
    lifetime: 26.3759
    annual_cost: 9.359832271126292
    efficiency: 0.946232
    discharge_ratio: 2
    depth_of_discharge: 0.9
  Pb-acid:
    cost: 83.1187
    lifetime: 12.5711
    annual_cost: 6.611887583425476
    efficiency: 0.676289
    discharge_ratio: 5
    depth_of_discharge: 0.5
  VRBF:
    cost: 247.424
    lifetime: 17.8549
    annual_cost: 13.857484500053207
    efficiency: 0.772059
    discharge_ratio: 0.5
    depth_of_discharge: 1.0
