cost_values:
  wind_capex: 5000.0
  wind_opex: 100
  wind_lifetime: 20
  solar_capex: 1000.0
  solar_opex: 10
  solar_lifetime: 20
  carbon_price: 1.0
timeseries_values:
  load_level: 249582.81453812067
  wind_year: 2014
  solar_year: 2014
  price_year: 2023
  carbon_year: 2023
storage_values:
  CAES:
    cost: 56.1548
    lifetime: 24.1975
    annual_cost: 2.32068602128319
    efficiency: 0.593149
    discharge_ratio: 0.1
    depth_of_discharge: 0.4
  Li-ion:
    cost: 222.57
    lifetime: 24.9011
    annual_cost: 8.938159358421917
    efficiency: 0.963098
    discharge_ratio: 2
    depth_of_discharge: 0.9
  Pb-acid:
    cost: 101.79
    lifetime: 14.6191
    annual_cost: 6.9628089280461865
    efficiency: 0.667841
    discharge_ratio: 5
    depth_of_discharge: 0.5
  VRBF:
    cost: 269.245
    lifetime: 18.8452
    annual_cost: 14.287192494640546
    efficiency: 0.799391
    discharge_ratio: 0.5
    depth_of_discharge: 1.0
