cost_values:
  wind_capex: 5000.0
  wind_opex: 100
  wind_lifetime: 20
  solar_capex: 1000.0
  solar_opex: 10
  solar_lifetime: 20
  carbon_price: 1.0
timeseries_values:
  load_level: 249582.81453812067
  wind_year: 2014
  solar_year: 2014
  price_year: 2023
  carbon_year: 2023
storage_values:
  CAES:
    cost: 50.6804
    lifetime: 24.2973
    annual_cost: 2.0858449292719765
    efficiency: 0.607493
    discharge_ratio: 0.1
    depth_of_discharge: 0.4
  Li-ion:
    cost: 239.541
    lifetime: 26.9231
    annual_cost: 8.897229516660413
    efficiency: 0.951913
    discharge_ratio: 2
    depth_of_discharge: 0.9
  Pb-acid:
    cost: 86.9475
    lifetime: 13.3049
    annual_cost: 6.534998384053996
    efficiency: 0.678474
    discharge_ratio: 5
    depth_of_discharge: 0.5
  VRBF:
    cost: 229.083
    lifetime: 19.0674
    annual_cost: 12.014380565782435
    efficiency: 0.788823
    discharge_ratio: 0.5
    depth_of_discharge: 1.0
