cost_values:
  wind_capex: 5000.0
  wind_opex: 100
  wind_lifetime: 20
  solar_capex: 1000.0
  solar_opex: 10
  solar_lifetime: 20
  carbon_price: 1.0
timeseries_values:
  load_level: 249582.81453812067
  wind_year: 2014
  solar_year: 2014
  price_year: 2023
  carbon_year: 2023
storage_values:
  CAES:
    cost: 49.7356
    lifetime: 24.5951
    annual_cost: 2.0221751487084827
    efficiency: 0.594173
    discharge_ratio: 0.1
    depth_of_discharge: 0.4
  Li-ion:
    cost: 227.153
    lifetime: 25.4481
    annual_cost: 8.926128080288901
    efficiency: 0.946016
    discharge_ratio: 2
    depth_of_discharge: 0.9
  Pb-acid:
    cost: 110.148
    lifetime: 12.4324
    annual_cost: 8.859753547183166
    efficiency: 0.675707
    discharge_ratio: 5
    depth_of_discharge: 0.5
  VRBF:
    cost: 244.825
    lifetime: 17.0959
    annual_cost: 14.320685076538819
    efficiency: 0.801333
    discharge_ratio: 0.5
    depth_of_discharge: 1.0
