cost_values:
  wind_capex: 5000.0
  wind_opex: 100
  wind_lifetime: 20
  solar_capex: 1000.0
  solar_opex: 10
  solar_lifetime: 20
  carbon_price: 1.0
timeseries_values:
  load_level: 249582.81453812067
  wind_year: 2014
  solar_year: 2014
  price_year: 2023
  carbon_year: 2023
storage_values:
  CAES:
    cost: 57.1961
    lifetime: 24.3988
    annual_cost: 2.344217748413856
    efficiency: 0.610263
    discharge_ratio: 0.1
    depth_of_discharge: 0.4
  Li-ion:
    cost: 220.367
    lifetime: 26.4418
    annual_cost: 8.334039286281568
    efficiency: 0.944894
    discharge_ratio: 2
    depth_of_discharge: 0.9
  Pb-acid:
    cost: 125.777
    lifetime: 13.5073
    annual_cost: 9.311779556239959
    efficiency: 0.674825
    discharge_ratio: 5
    depth_of_discharge: 0.5
  VRBF:
    cost: 263.789
    lifetime: 19.6726
    annual_cost: 13.408954586582354
    efficiency: 0.789859
    discharge_ratio: 0.5
    depth_of_discharge: 1.0
