cost_values:
  wind_capex: 5000.0
  wind_opex: 100
  wind_lifetime: 20
  solar_capex: 1000.0
  solar_opex: 10
  solar_lifetime: 20
  carbon_price: 1.0
timeseries_values:
  load_level: 249582.81453812067
  wind_year: 2014
  solar_year: 2014
  price_year: 2023
  carbon_year: 2023
storage_values:
  CAES:
    cost: 51.9684
    lifetime: 25.3755
    annual_cost: 2.04797540935154
    efficiency: 0.605311
    discharge_ratio: 0.1
    depth_of_discharge: 0.4
  Li-ion:
    cost: 238.6
    lifetime: 23.7623
    annual_cost: 10.041115548579052
    efficiency: 0.958945
    discharge_ratio: 2
    depth_of_discharge: 0.9
  Pb-acid:
    cost: 106.65
    lifetime: 13.6615
    annual_cost: 7.806609815906014
    efficiency: 0.672092
    discharge_ratio: 5
    depth_of_discharge: 0.5
  VRBF:
    cost: 296.122
    lifetime: 19.4289
    annual_cost: 15.241315771865624
    efficiency: 0.783218
    discharge_ratio: 0.5
    depth_of_discharge: 1.0
