cost_values:
  wind_capex: 5000.0
  wind_opex: 100
  wind_lifetime: 20
  solar_capex: 1000.0
  solar_opex: 10
  solar_lifetime: 20
  carbon_price: 1.0
timeseries_values:
  load_level: 249582.81453812067
  wind_year: 2014
  solar_year: 2014
  price_year: 2023
  carbon_year: 2023
storage_values:
  CAES:
    cost: 60.7591
    lifetime: 25.1084
    annual_cost: 2.4198714374472288
    efficiency: 0.595983
    discharge_ratio: 0.1
    depth_of_discharge: 0.4
  Li-ion:
    cost: 226.919
    lifetime: 26.8004
    annual_cost: 8.467000492529962
    efficiency: 0.941704
    discharge_ratio: 2
    depth_of_discharge: 0.9
  Pb-acid:
    cost: 93.954
    lifetime: 12.5731
    annual_cost: 7.472620117552552
    efficiency: 0.671653
    discharge_ratio: 5
    depth_of_discharge: 0.5
  VRBF:
    cost: 259.763
    lifetime: 19.3928
    annual_cost: 13.394816632977186
    efficiency: 0.801811
    discharge_ratio: 0.5
    depth_of_discharge: 1.0
