cost_values:
  wind_capex: 5000.0
  wind_opex: 100
  wind_lifetime: 20
  solar_capex: 1000.0
  solar_opex: 10
  solar_lifetime: 20
  carbon_price: 1.0
timeseries_values:
  load_level: 249582.81453812067
  wind_year: 2014
  solar_year: 2014
  price_year: 2023
  carbon_year: 2023
storage_values:
  CAES:
    cost: 60.6942
    lifetime: 25.1851
    annual_cost: 2.40992491592251
    efficiency: 0.598659
    discharge_ratio: 0.1
    depth_of_discharge: 0.4
  Li-ion:
    cost: 221.109
    lifetime: 27.256
    annual_cost: 8.112305547402407
    efficiency: 0.94959
    discharge_ratio: 2
    depth_of_discharge: 0.9
  Pb-acid:
    cost: 93.2623
    lifetime: 12.2641
    annual_cost: 7.604496049445129
    efficiency: 0.661553
    discharge_ratio: 5
    depth_of_discharge: 0.5
  VRBF:
    cost: 260.324
    lifetime: 19.2672
    annual_cost: 13.51125228367381
    efficiency: 0.794643
    discharge_ratio: 0.5
    depth_of_discharge: 1.0
