cost_values:
  wind_capex: 5000.0
  wind_opex: 100
  wind_lifetime: 20
  solar_capex: 1000.0
  solar_opex: 10
  solar_lifetime: 20
  carbon_price: 1.0
timeseries_values:
  load_level: 249582.81453812067
  wind_year: 2014
  solar_year: 2014
  price_year: 2023
  carbon_year: 2023
storage_values:
  CAES:
    cost: 50.9069
    lifetime: 24.8222
    annual_cost: 2.0508617286139024
    efficiency: 0.606263
    discharge_ratio: 0.1
    depth_of_discharge: 0.4
  Li-ion:
    cost: 238.788
    lifetime: 24.0983
    annual_cost: 9.908914736724169
    efficiency: 0.969717
    discharge_ratio: 2
    depth_of_discharge: 0.9
  Pb-acid:
    cost: 107.595
    lifetime: 12.1592
    annual_cost: 8.848855187841306
    efficiency: 0.661852
    discharge_ratio: 5
    depth_of_discharge: 0.5
  VRBF:
    cost: 226.215
    lifetime: 17.8555
    annual_cost: 12.669205566912156
    efficiency: 0.77154
    discharge_ratio: 0.5
    depth_of_discharge: 1.0
