cost_values:
  wind_capex: 5000.0
  wind_opex: 100
  wind_lifetime: 20
  solar_capex: 1000.0
  solar_opex: 10
  solar_lifetime: 20
  carbon_price: 1.0
timeseries_values:
  load_level: 249582.81453812067
  wind_year: 2014
  solar_year: 2014
  price_year: 2023
  carbon_year: 2023
storage_values:
  CAES:
    cost: 50.539
    lifetime: 24.4266
    annual_cost: 2.0690149263507815
    efficiency: 0.599792
    discharge_ratio: 0.1
    depth_of_discharge: 0.4
  Li-ion:
    cost: 232.033
    lifetime: 23.9944
    annual_cost: 9.670298069549562
    efficiency: 0.956283
    discharge_ratio: 2
    depth_of_discharge: 0.9
  Pb-acid:
    cost: 113.259
    lifetime: 11.4496
    annual_cost: 9.891961291224147
    efficiency: 0.695913
    discharge_ratio: 5
    depth_of_discharge: 0.5
  VRBF:
    cost: 230.278
    lifetime: 19.1221
    annual_cost: 12.042505791727896
    efficiency: 0.797217
    discharge_ratio: 0.5
    depth_of_discharge: 1.0
