cost_values:
  wind_capex: 5000.0
  wind_opex: 100
  wind_lifetime: 20
  solar_capex: 1000.0
  solar_opex: 10
  solar_lifetime: 20
  carbon_price: 1.0
timeseries_values:
  load_level: 249582.81453812067
  wind_year: 2014
  solar_year: 2014
  price_year: 2023
  carbon_year: 2023
storage_values:
  CAES:
    cost: 57.0569
    lifetime: 24.0403
    annual_cost: 2.373385523475165
    efficiency: 0.598474
    discharge_ratio: 0.1
    depth_of_discharge: 0.4
  Li-ion:
    cost: 233.804
    lifetime: 24.5174
    annual_cost: 9.536247726104726
    efficiency: 0.948051
    discharge_ratio: 2
    depth_of_discharge: 0.9
  Pb-acid:
    cost: 105.292
    lifetime: 13.4355
    annual_cost: 7.836850135834172
    efficiency: 0.657339
    discharge_ratio: 5
    depth_of_discharge: 0.5
  VRBF:
    cost: 289.597
    lifetime: 17.867
    annual_cost: 16.208484916326185
    efficiency: 0.792038
    discharge_ratio: 0.5
    depth_of_discharge: 1.0
