cost_values:
  wind_capex: 5000.0
  wind_opex: 100
  wind_lifetime: 20
  solar_capex: 1000.0
  solar_opex: 10
  solar_lifetime: 20
  carbon_price: 1.0
timeseries_values:
  load_level: 249582.81453812067
  wind_year: 2014
  solar_year: 2014
  price_year: 2023
  carbon_year: 2023
storage_values:
  CAES:
    cost: 48.2087
    lifetime: 24.1574
    annual_cost: 1.995607971056488
    efficiency: 0.608699
    discharge_ratio: 0.1
    depth_of_discharge: 0.4
  Li-ion:
    cost: 223.776
    lifetime: 25.4932
    annual_cost: 8.777870177145278
    efficiency: 0.951562
    discharge_ratio: 2
    depth_of_discharge: 0.9
  Pb-acid:
    cost: 86.8609
    lifetime: 14.0338
    annual_cost: 6.189407003092534
    efficiency: 0.65734
    discharge_ratio: 5
    depth_of_discharge: 0.5
  VRBF:
    cost: 276.247
    lifetime: 18.9752
    annual_cost: 14.558318225894853
    efficiency: 0.804259
    discharge_ratio: 0.5
    depth_of_discharge: 1.0
