cost_values:
  wind_capex: 5000.0
  wind_opex: 100
  wind_lifetime: 20
  solar_capex: 1000.0
  solar_opex: 10
  solar_lifetime: 20
  carbon_price: 1.0
timeseries_values:
  load_level: 249582.81453812067
  wind_year: 2014
  solar_year: 2014
  price_year: 2023
  carbon_year: 2023
storage_values:
  CAES:
    cost: 63.2209
    lifetime: 24.1034
    annual_cost: 2.622903822697213
    efficiency: 0.594895
    discharge_ratio: 0.1
    depth_of_discharge: 0.4
  Li-ion:
    cost: 227.936
    lifetime: 25.0654
    annual_cost: 9.09365100896056
    efficiency: 0.947893
    discharge_ratio: 2
    depth_of_discharge: 0.9
  Pb-acid:
    cost: 96.0403
    lifetime: 12.6061
    annual_cost: 7.618557682391859
    efficiency: 0.675086
    discharge_ratio: 5
    depth_of_discharge: 0.5
  VRBF:
    cost: 225.563
    lifetime: 17.0302
    annual_cost: 13.244882620286313
    efficiency: 0.80795
    discharge_ratio: 0.5
    depth_of_discharge: 1.0
