cost_values:
  wind_capex: 5000.0
  wind_opex: 100
  wind_lifetime: 20
  solar_capex: 1000.0
  solar_opex: 10
  solar_lifetime: 20
  carbon_price: 1.0
timeseries_values:
  load_level: 249582.81453812067
  wind_year: 2014
  solar_year: 2014
  price_year: 2023
  carbon_year: 2023
storage_values:
  CAES:
    cost: 52.9551
    lifetime: 25.585
    annual_cost: 2.069771350400625
    efficiency: 0.603399
    discharge_ratio: 0.1
    depth_of_discharge: 0.4
  Li-ion:
    cost: 237.341
    lifetime: 24.4769
    annual_cost: 9.696530197860023
    efficiency: 0.96162
    discharge_ratio: 2
    depth_of_discharge: 0.9
  Pb-acid:
    cost: 113.367
    lifetime: 13.2708
    annual_cost: 8.54258974590831
    efficiency: 0.676006
    discharge_ratio: 5
    depth_of_discharge: 0.5
  VRBF:
    cost: 268.831
    lifetime: 16.8982
    annual_cost: 15.908854197488491
    efficiency: 0.82788
    discharge_ratio: 0.5
    depth_of_discharge: 1.0
