cost_values:
  wind_capex: 5000.0
  wind_opex: 100
  wind_lifetime: 20
  solar_capex: 1000.0
  solar_opex: 10
  solar_lifetime: 20
  carbon_price: 1.0
timeseries_values:
  load_level: 249582.81453812067
  wind_year: 2014
  solar_year: 2014
  price_year: 2023
  carbon_year: 2023
storage_values:
  CAES:
    cost: 48.4551
    lifetime: 23.9935
    annual_cost: 2.019509450476171
    efficiency: 0.596888
    discharge_ratio: 0.1
    depth_of_discharge: 0.4
  Li-ion:
    cost: 240.669
    lifetime: 23.3673
    annual_cost: 10.299392741138258
    efficiency: 0.952226
    discharge_ratio: 2
    depth_of_discharge: 0.9
  Pb-acid:
    cost: 97.8363
    lifetime: 12.461
    annual_cost: 7.851400369151753
    efficiency: 0.670981
    discharge_ratio: 5
    depth_of_discharge: 0.5
  VRBF:
    cost: 269.586
    lifetime: 18.6314
    annual_cost: 14.469444056807326
    efficiency: 0.790259
    discharge_ratio: 0.5
    depth_of_discharge: 1.0
