cost_values:
  wind_capex: 5000.0
  wind_opex: 100
  wind_lifetime: 20
  solar_capex: 1000.0
  solar_opex: 10
  solar_lifetime: 20
  carbon_price: 1.0
timeseries_values:
  load_level: 249582.81453812067
  wind_year: 2014
  solar_year: 2014
  price_year: 2023
  carbon_year: 2023
storage_values:
  CAES:
    cost: 60.1455
    lifetime: 24.3686
    annual_cost: 2.4681557414049227
    efficiency: 0.60218
    discharge_ratio: 0.1
    depth_of_discharge: 0.4
  Li-ion:
    cost: 239.506
    lifetime: 24.7774
    annual_cost: 9.666308813676979
    efficiency: 0.947684
    discharge_ratio: 2
    depth_of_discharge: 0.9
  Pb-acid:
    cost: 85.9704
    lifetime: 11.3503
    annual_cost: 7.5742843801485416
    efficiency: 0.679704
    discharge_ratio: 5
    depth_of_discharge: 0.5
  VRBF:
    cost: 290.61
    lifetime: 17.4471
    annual_cost: 16.65663634644153
    efficiency: 0.791912
    discharge_ratio: 0.5
    depth_of_discharge: 1.0
