cost_values:
  wind_capex: 5000.0
  wind_opex: 100
  wind_lifetime: 20
  solar_capex: 1000.0
  solar_opex: 10
  solar_lifetime: 20
  carbon_price: 1.0
timeseries_values:
  load_level: 249582.81453812067
  wind_year: 2014
  solar_year: 2014
  price_year: 2023
  carbon_year: 2023
storage_values:
  CAES:
    cost: 50.0459
    lifetime: 24.3292
    annual_cost: 2.057030235272841
    efficiency: 0.582882
    discharge_ratio: 0.1
    depth_of_discharge: 0.4
  Li-ion:
    cost: 223.607
    lifetime: 27.8431
    annual_cost: 8.030966379462058
    efficiency: 0.960928
    discharge_ratio: 2
    depth_of_discharge: 0.9
  Pb-acid:
    cost: 78.4808
    lifetime: 14.1123
    annual_cost: 5.561162957136682
    efficiency: 0.670406
    discharge_ratio: 5
    depth_of_discharge: 0.5
  VRBF:
    cost: 278.555
    lifetime: 19.5497
    annual_cost: 14.248556243829828
    efficiency: 0.803849
    discharge_ratio: 0.5
    depth_of_discharge: 1.0
