cost_values:
  wind_capex: 5000.0
  wind_opex: 100
  wind_lifetime: 20
  solar_capex: 1000.0
  solar_opex: 10
  solar_lifetime: 20
  carbon_price: 1.0
timeseries_values:
  load_level: 249582.81453812067
  wind_year: 2014
  solar_year: 2014
  price_year: 2023
  carbon_year: 2023
storage_values:
  CAES:
    cost: 57.7095
    lifetime: 24.8452
    annual_cost: 2.322762545682868
    efficiency: 0.609298
    discharge_ratio: 0.1
    depth_of_discharge: 0.4
  Li-ion:
    cost: 225.272
    lifetime: 26.9154
    annual_cost: 8.369632255140179
    efficiency: 0.953263
    discharge_ratio: 2
    depth_of_discharge: 0.9
  Pb-acid:
    cost: 108.332
    lifetime: 13.8767
    annual_cost: 7.806755208370866
    efficiency: 0.680413
    discharge_ratio: 5
    depth_of_discharge: 0.5
  VRBF:
    cost: 253.226
    lifetime: 19.9566
    annual_cost: 12.688834771454054
    efficiency: 0.800785
    discharge_ratio: 0.5
    depth_of_discharge: 1.0
