cost_values:
  wind_capex: 5000.0
  wind_opex: 100
  wind_lifetime: 20
  solar_capex: 1000.0
  solar_opex: 10
  solar_lifetime: 20
  carbon_price: 1.0
timeseries_values:
  load_level: 249582.81453812067
  wind_year: 2014
  solar_year: 2014
  price_year: 2023
  carbon_year: 2023
storage_values:
  CAES:
    cost: 52.3937
    lifetime: 24.3437
    annual_cost: 2.1522488364546066
    efficiency: 0.597448
    discharge_ratio: 0.1
    depth_of_discharge: 0.4
  Li-ion:
    cost: 229.647
    lifetime: 27.4003
    annual_cost: 8.381185607456851
    efficiency: 0.968239
    discharge_ratio: 2
    depth_of_discharge: 0.9
  Pb-acid:
    cost: 83.9693
    lifetime: 14.1481
    annual_cost: 5.935023077303667
    efficiency: 0.665273
    discharge_ratio: 5
    depth_of_discharge: 0.5
  VRBF:
    cost: 258.009
    lifetime: 20.4922
    annual_cost: 12.590595446072165
    efficiency: 0.800046
    discharge_ratio: 0.5
    depth_of_discharge: 1.0
