cost_values:
  wind_capex: 5000.0
  wind_opex: 100
  wind_lifetime: 20
  solar_capex: 1000.0
  solar_opex: 10
  solar_lifetime: 20
  carbon_price: 1.0
timeseries_values:
  load_level: 249582.81453812067
  wind_year: 2014
  solar_year: 2014
  price_year: 2023
  carbon_year: 2023
storage_values:
  CAES:
    cost: 54.6307
    lifetime: 24.3232
    annual_cost: 2.246032594395474
    efficiency: 0.594589
    discharge_ratio: 0.1
    depth_of_discharge: 0.4
  Li-ion:
    cost: 238.152
    lifetime: 27.311
    annual_cost: 8.720002929222657
    efficiency: 0.949974
    discharge_ratio: 2
    depth_of_discharge: 0.9
  Pb-acid:
    cost: 97.2423
    lifetime: 12.3349
    annual_cost: 7.8835093920501995
    efficiency: 0.681639
    discharge_ratio: 5
    depth_of_discharge: 0.5
  VRBF:
    cost: 256.218
    lifetime: 17.0975
    annual_cost: 14.985699663693524
    efficiency: 0.824046
    discharge_ratio: 0.5
    depth_of_discharge: 1.0
