cost_values:
  wind_capex: 5000.0
  wind_opex: 100
  wind_lifetime: 20
  solar_capex: 1000.0
  solar_opex: 10
  solar_lifetime: 20
  carbon_price: 1.0
timeseries_values:
  load_level: 249582.81453812067
  wind_year: 2014
  solar_year: 2014
  price_year: 2023
  carbon_year: 2023
storage_values:
  CAES:
    cost: 57.0781
    lifetime: 25.4817
    annual_cost: 2.239964366584647
    efficiency: 0.59706
    discharge_ratio: 0.1
    depth_of_discharge: 0.4
  Li-ion:
    cost: 225.449
    lifetime: 24.4011
    annual_cost: 9.239296589088198
    efficiency: 0.935658
    discharge_ratio: 2
    depth_of_discharge: 0.9
  Pb-acid:
    cost: 112.106
    lifetime: 13.2901
    annual_cost: 8.435301465000263
    efficiency: 0.674224
    discharge_ratio: 5
    depth_of_discharge: 0.5
  VRBF:
    cost: 242.985
    lifetime: 18.5675
    annual_cost: 13.086576006462908
    efficiency: 0.803521
    discharge_ratio: 0.5
    depth_of_discharge: 1.0
