cost_values:
  wind_capex: 5000.0
  wind_opex: 100
  wind_lifetime: 20
  solar_capex: 1000.0
  solar_opex: 10
  solar_lifetime: 20
  carbon_price: 1.0
timeseries_values:
  load_level: 249582.81453812067
  wind_year: 2014
  solar_year: 2014
  price_year: 2023
  carbon_year: 2023
storage_values:
  CAES:
    cost: 45.0151
    lifetime: 25.5007
    annual_cost: 1.7652495813840405
    efficiency: 0.596772
    discharge_ratio: 0.1
    depth_of_discharge: 0.4
  Li-ion:
    cost: 215.88
    lifetime: 26.8758
    annual_cost: 8.03250507891858
    efficiency: 0.952327
    discharge_ratio: 2
    depth_of_discharge: 0.9
  Pb-acid:
    cost: 94.4122
    lifetime: 13.4989
    annual_cost: 6.99406618317048
    efficiency: 0.682935
    discharge_ratio: 5
    depth_of_discharge: 0.5
  VRBF:
    cost: 301.83
    lifetime: 18.2093
    annual_cost: 16.575595986666155
    efficiency: 0.796373
    discharge_ratio: 0.5
    depth_of_discharge: 1.0
