cost_values:
  wind_capex: 5000.0
  wind_opex: 100
  wind_lifetime: 20
  solar_capex: 1000.0
  solar_opex: 10
  solar_lifetime: 20
  carbon_price: 1.0
timeseries_values:
  load_level: 249582.81453812067
  wind_year: 2014
  solar_year: 2014
  price_year: 2023
  carbon_year: 2023
storage_values:
  CAES:
    cost: 53.9234
    lifetime: 24.7001
    annual_cost: 2.1831247646770664
    efficiency: 0.599717
    discharge_ratio: 0.1
    depth_of_discharge: 0.4
  Li-ion:
    cost: 201.349
    lifetime: 26.4434
    annual_cost: 7.614338549505736
    efficiency: 0.930292
    discharge_ratio: 2
    depth_of_discharge: 0.9
  Pb-acid:
    cost: 88.5151
    lifetime: 12.6118
    annual_cost: 7.018435116319637
    efficiency: 0.66638
    discharge_ratio: 5
    depth_of_discharge: 0.5
  VRBF:
    cost: 261.72
    lifetime: 19.8777
    annual_cost: 13.166513228391615
    efficiency: 0.792917
    discharge_ratio: 0.5
    depth_of_discharge: 1.0
