cost_values:
  wind_capex: 5000.0
  wind_opex: 100
  wind_lifetime: 20
  solar_capex: 1000.0
  solar_opex: 10
  solar_lifetime: 20
  carbon_price: 1.0
timeseries_values:
  load_level: 249582.81453812067
  wind_year: 2014
  solar_year: 2014
  price_year: 2023
  carbon_year: 2023
storage_values:
  CAES:
    cost: 47.7487
    lifetime: 23.3964
    annual_cost: 2.040856712998581
    efficiency: 0.599116
    discharge_ratio: 0.1
    depth_of_discharge: 0.4
  Li-ion:
    cost: 236.581
    lifetime: 27.3895
    annual_cost: 8.637653115244893
    efficiency: 0.948396
    discharge_ratio: 2
    depth_of_discharge: 0.9
  Pb-acid:
    cost: 102.208
    lifetime: 13.1282
    annual_cost: 7.785378041163297
    efficiency: 0.666416
    discharge_ratio: 5
    depth_of_discharge: 0.5
  VRBF:
    cost: 256.817
    lifetime: 20.2387
    annual_cost: 12.68940198728179
    efficiency: 0.803189
    discharge_ratio: 0.5
    depth_of_discharge: 1.0
