cost_values:
  wind_capex: 5000.0
  wind_opex: 100
  wind_lifetime: 20
  solar_capex: 1000.0
  solar_opex: 10
  solar_lifetime: 20
  carbon_price: 1.0
timeseries_values:
  load_level: 249582.81453812067
  wind_year: 2014
  solar_year: 2014
  price_year: 2023
  carbon_year: 2023
storage_values:
  CAES:
    cost: 60.0045
    lifetime: 24.5054
    annual_cost: 2.448623568682821
    efficiency: 0.607395
    discharge_ratio: 0.1
    depth_of_discharge: 0.4
  Li-ion:
    cost: 220.51
    lifetime: 24.5599
    annual_cost: 8.978456752674074
    efficiency: 0.958537
    discharge_ratio: 2
    depth_of_discharge: 0.9
  Pb-acid:
    cost: 108.769
    lifetime: 13.0664
    annual_cost: 8.324328047511175
    efficiency: 0.665515
    discharge_ratio: 5
    depth_of_discharge: 0.5
  VRBF:
    cost: 262.915
    lifetime: 18.606
    annual_cost: 14.13065677738364
    efficiency: 0.78948
    discharge_ratio: 0.5
    depth_of_discharge: 1.0
