cost_values:
  wind_capex: 5000.0
  wind_opex: 100
  wind_lifetime: 20
  solar_capex: 1000.0
  solar_opex: 10
  solar_lifetime: 20
  carbon_price: 1.0
timeseries_values:
  load_level: 249582.81453812067
  wind_year: 2014
  solar_year: 2014
  price_year: 2023
  carbon_year: 2023
storage_values:
  CAES:
    cost: 48.7212
    lifetime: 25.4009
    annual_cost: 1.9180895165131946
    efficiency: 0.59288
    discharge_ratio: 0.1
    depth_of_discharge: 0.4
  Li-ion:
    cost: 219.746
    lifetime: 26.3877
    annual_cost: 8.327592022040573
    efficiency: 0.935224
    discharge_ratio: 2
    depth_of_discharge: 0.9
  Pb-acid:
    cost: 106.343
    lifetime: 13.6586
    annual_cost: 7.785790637400613
    efficiency: 0.681539
    discharge_ratio: 5
    depth_of_discharge: 0.5
  VRBF:
    cost: 254.562
    lifetime: 18.7959
    annual_cost: 13.543485547380014
    efficiency: 0.806921
    discharge_ratio: 0.5
    depth_of_discharge: 1.0
