cost_values:
  wind_capex: 5000.0
  wind_opex: 100
  wind_lifetime: 20
  solar_capex: 1000.0
  solar_opex: 10
  solar_lifetime: 20
  carbon_price: 1.0
timeseries_values:
  load_level: 249582.81453812067
  wind_year: 2014
  solar_year: 2014
  price_year: 2023
  carbon_year: 2023
storage_values:
  CAES:
    cost: 56.2496
    lifetime: 25.0446
    annual_cost: 2.2459771767167376
    efficiency: 0.59702
    discharge_ratio: 0.1
    depth_of_discharge: 0.4
  Li-ion:
    cost: 223.68
    lifetime: 25.4475
    annual_cost: 8.789861479516652
    efficiency: 0.941458
    discharge_ratio: 2
    depth_of_discharge: 0.9
  Pb-acid:
    cost: 74.5412
    lifetime: 13.2547
    annual_cost: 5.623756101609241
    efficiency: 0.673836
    discharge_ratio: 5
    depth_of_discharge: 0.5
  VRBF:
    cost: 248.263
    lifetime: 18.1211
    annual_cost: 13.700216874251565
    efficiency: 0.797376
    discharge_ratio: 0.5
    depth_of_discharge: 1.0
