cost_values:
  wind_capex: 5000.0
  wind_opex: 100
  wind_lifetime: 20
  solar_capex: 1000.0
  solar_opex: 10
  solar_lifetime: 20
  carbon_price: 1.0
timeseries_values:
  load_level: 249582.81453812067
  wind_year: 2014
  solar_year: 2014
  price_year: 2023
  carbon_year: 2023
storage_values:
  CAES:
    cost: 48.0892
    lifetime: 24.8812
    annual_cost: 1.9327524395929456
    efficiency: 0.595831
    discharge_ratio: 0.1
    depth_of_discharge: 0.4
  Li-ion:
    cost: 222.542
    lifetime: 25.7608
    annual_cost: 8.638784509797832
    efficiency: 0.953173
    discharge_ratio: 2
    depth_of_discharge: 0.9
  Pb-acid:
    cost: 87.3165
    lifetime: 12.5701
    annual_cost: 6.946364786278551
    efficiency: 0.678194
    discharge_ratio: 5
    depth_of_discharge: 0.5
  VRBF:
    cost: 253.776
    lifetime: 18.6582
    annual_cost: 13.601312023667878
    efficiency: 0.806503
    discharge_ratio: 0.5
    depth_of_discharge: 1.0
