cost_values:
  wind_capex: 5000.0
  wind_opex: 100
  wind_lifetime: 20
  solar_capex: 1000.0
  solar_opex: 10
  solar_lifetime: 20
  carbon_price: 1.0
timeseries_values:
  load_level: 249582.81453812067
  wind_year: 2014
  solar_year: 2014
  price_year: 2023
  carbon_year: 2023
storage_values:
  CAES:
    cost: 53.8831
    lifetime: 24.383
    annual_cost: 2.2098634294385433
    efficiency: 0.59905
    discharge_ratio: 0.1
    depth_of_discharge: 0.4
  Li-ion:
    cost: 229.365
    lifetime: 26.4464
    annual_cost: 8.672825034787344
    efficiency: 0.967336
    discharge_ratio: 2
    depth_of_discharge: 0.9
  Pb-acid:
    cost: 66.5718
    lifetime: 12.6809
    annual_cost: 5.24976933813846
    efficiency: 0.675843
    discharge_ratio: 5
    depth_of_discharge: 0.5
  VRBF:
    cost: 249.507
    lifetime: 19.1812
    annual_cost: 13.00789314537151
    efficiency: 0.788341
    discharge_ratio: 0.5
    depth_of_discharge: 1.0
