cost_values:
  wind_capex: 5000.0
  wind_opex: 100
  wind_lifetime: 20
  solar_capex: 1000.0
  solar_opex: 10
  solar_lifetime: 20
  carbon_price: 1.0
timeseries_values:
  load_level: 249582.81453812067
  wind_year: 2014
  solar_year: 2014
  price_year: 2023
  carbon_year: 2023
storage_values:
  CAES:
    cost: 50.231
    lifetime: 24.5
    annual_cost: 2.0502448979591836
    efficiency: 0.600702
    discharge_ratio: 0.1
    depth_of_discharge: 0.4
  Li-ion:
    cost: 237.586
    lifetime: 26.0684
    annual_cost: 9.11394638719676
    efficiency: 0.939998
    discharge_ratio: 2
    depth_of_discharge: 0.9
  Pb-acid:
    cost: 89.9777
    lifetime: 14.285
    annual_cost: 6.298753937696885
    efficiency: 0.679021
    discharge_ratio: 5
    depth_of_discharge: 0.5
  VRBF:
    cost: 243.858
    lifetime: 17.7418
    annual_cost: 13.744828596872921
    efficiency: 0.805144
    discharge_ratio: 0.5
    depth_of_discharge: 1.0
