cost_values:
  wind_capex: 5000.0
  wind_opex: 100
  wind_lifetime: 20
  solar_capex: 1000.0
  solar_opex: 10
  solar_lifetime: 20
  carbon_price: 1.0
timeseries_values:
  load_level: 249582.81453812067
  wind_year: 2014
  solar_year: 2014
  price_year: 2023
  carbon_year: 2023
storage_values:
  CAES:
    cost: 59.6197
    lifetime: 24.5024
    annual_cost: 2.4332187867310955
    efficiency: 0.584475
    discharge_ratio: 0.1
    depth_of_discharge: 0.4
  Li-ion:
    cost: 242.022
    lifetime: 28.753
    annual_cost: 8.417278197057698
    efficiency: 0.948757
    discharge_ratio: 2
    depth_of_discharge: 0.9
  Pb-acid:
    cost: 96.0202
    lifetime: 11.9359
    annual_cost: 8.044655199859248
    efficiency: 0.672375
    discharge_ratio: 5
    depth_of_discharge: 0.5
  VRBF:
    cost: 262.327
    lifetime: 17.6007
    annual_cost: 14.904350395154738
    efficiency: 0.809837
    discharge_ratio: 0.5
    depth_of_discharge: 1.0
