cost_values:
  wind_capex: 5000.0
  wind_opex: 100
  wind_lifetime: 20
  solar_capex: 1000.0
  solar_opex: 10
  solar_lifetime: 20
  carbon_price: 1.0
timeseries_values:
  load_level: 249582.81453812067
  wind_year: 2014
  solar_year: 2014
  price_year: 2023
  carbon_year: 2023
storage_values:
  CAES:
    cost: 47.9001
    lifetime: 24.1666
    annual_cost: 1.9820785712512312
    efficiency: 0.602303
    discharge_ratio: 0.1
    depth_of_discharge: 0.4
  Li-ion:
    cost: 228.542
    lifetime: 25.1877
    annual_cost: 9.073555743477968
    efficiency: 0.932605
    discharge_ratio: 2
    depth_of_discharge: 0.9
  Pb-acid:
    cost: 104.955
    lifetime: 11.6661
    annual_cost: 8.996579833877645
    efficiency: 0.664247
    discharge_ratio: 5
    depth_of_discharge: 0.5
  VRBF:
    cost: 280.423
    lifetime: 18.3357
    annual_cost: 15.293825706136118
    efficiency: 0.78421
    discharge_ratio: 0.5
    depth_of_discharge: 1.0
