cost_values:
  wind_capex: 5000.0
  wind_opex: 100
  wind_lifetime: 20
  solar_capex: 1000.0
  solar_opex: 10
  solar_lifetime: 20
  carbon_price: 1.0
timeseries_values:
  load_level: 249582.81453812067
  wind_year: 2014
  solar_year: 2014
  price_year: 2023
  carbon_year: 2023
storage_values:
  CAES:
    cost: 51.8085
    lifetime: 24.3245
    annual_cost: 2.1298896174638737
    efficiency: 0.607321
    discharge_ratio: 0.1
    depth_of_discharge: 0.4
  Li-ion:
    cost: 244.148
    lifetime: 24.3109
    annual_cost: 10.042738031088936
    efficiency: 0.962112
    discharge_ratio: 2
    depth_of_discharge: 0.9
  Pb-acid:
    cost: 94.1746
    lifetime: 14.8158
    annual_cost: 6.356362801873676
    efficiency: 0.674415
    discharge_ratio: 5
    depth_of_discharge: 0.5
  VRBF:
    cost: 265.898
    lifetime: 18.2733
    annual_cost: 14.55117575916775
    efficiency: 0.827773
    discharge_ratio: 0.5
    depth_of_discharge: 1.0
