cost_values:
  wind_capex: 5000.0
  wind_opex: 100
  wind_lifetime: 20
  solar_capex: 1000.0
  solar_opex: 10
  solar_lifetime: 20
  carbon_price: 1.0
timeseries_values:
  load_level: 249582.81453812067
  wind_year: 2014
  solar_year: 2014
  price_year: 2023
  carbon_year: 2023
storage_values:
  CAES:
    cost: 51.1145
    lifetime: 24.2498
    annual_cost: 2.107831817169626
    efficiency: 0.600116
    discharge_ratio: 0.1
    depth_of_discharge: 0.4
  Li-ion:
    cost: 205.305
    lifetime: 26.9352
    annual_cost: 7.6221821259912685
    efficiency: 0.947231
    discharge_ratio: 2
    depth_of_discharge: 0.9
  Pb-acid:
    cost: 106.797
    lifetime: 15.2365
    annual_cost: 7.009286909723362
    efficiency: 0.676272
    discharge_ratio: 5
    depth_of_discharge: 0.5
  VRBF:
    cost: 300.317
    lifetime: 19.5316
    annual_cost: 15.375954862888857
    efficiency: 0.779654
    discharge_ratio: 0.5
    depth_of_discharge: 1.0
