cost_values:
  wind_capex: 5000.0
  wind_opex: 100
  wind_lifetime: 20
  solar_capex: 1000.0
  solar_opex: 10
  solar_lifetime: 20
  carbon_price: 1.0
timeseries_values:
  load_level: 249582.81453812067
  wind_year: 2014
  solar_year: 2014
  price_year: 2023
  carbon_year: 2023
storage_values:
  CAES:
    cost: 50.5608
    lifetime: 25.4944
    annual_cost: 1.9832119994979291
    efficiency: 0.595856
    discharge_ratio: 0.1
    depth_of_discharge: 0.4
  Li-ion:
    cost: 233.598
    lifetime: 27.6754
    annual_cost: 8.440636811030735
    efficiency: 0.944628
    discharge_ratio: 2
    depth_of_discharge: 0.9
  Pb-acid:
    cost: 86.0534
    lifetime: 14.08
    annual_cost: 6.111747159090909
    efficiency: 0.672264
    discharge_ratio: 5
    depth_of_discharge: 0.5
  VRBF:
    cost: 250.478
    lifetime: 19.1896
    annual_cost: 13.052799433026223
    efficiency: 0.833277
    discharge_ratio: 0.5
    depth_of_discharge: 1.0
