cost_values:
  wind_capex: 5000.0
  wind_opex: 100
  wind_lifetime: 20
  solar_capex: 1000.0
  solar_opex: 10
  solar_lifetime: 20
  carbon_price: 1.0
timeseries_values:
  load_level: 249582.81453812067
  wind_year: 2014
  solar_year: 2014
  price_year: 2023
  carbon_year: 2023
storage_values:
  CAES:
    cost: 58.6258
    lifetime: 24.7531
    annual_cost: 2.3684225410150646
    efficiency: 0.59672
    discharge_ratio: 0.1
    depth_of_discharge: 0.4
  Li-ion:
    cost: 252.304
    lifetime: 27.0255
    annual_cost: 9.335775471314129
    efficiency: 0.9417
    discharge_ratio: 2
    depth_of_discharge: 0.9
  Pb-acid:
    cost: 95.2848
    lifetime: 13.6894
    annual_cost: 6.960480371674435
    efficiency: 0.672573
    discharge_ratio: 5
    depth_of_discharge: 0.5
  VRBF:
    cost: 239.088
    lifetime: 18.683
    annual_cost: 12.797088262056414
    efficiency: 0.815323
    discharge_ratio: 0.5
    depth_of_discharge: 1.0
