cost_values:
  wind_capex: 5000.0
  wind_opex: 100
  wind_lifetime: 20
  solar_capex: 1000.0
  solar_opex: 10
  solar_lifetime: 20
  carbon_price: 1.0
timeseries_values:
  load_level: 249582.81453812067
  wind_year: 2014
  solar_year: 2014
  price_year: 2023
  carbon_year: 2023
storage_values:
  CAES:
    cost: 54.3979
    lifetime: 24.504
    annual_cost: 2.219960006529546
    efficiency: 0.608988
    discharge_ratio: 0.1
    depth_of_discharge: 0.4
  Li-ion:
    cost: 219.95
    lifetime: 27.2781
    annual_cost: 8.063244874093137
    efficiency: 0.947537
    discharge_ratio: 2
    depth_of_discharge: 0.9
  Pb-acid:
    cost: 111.983
    lifetime: 12.1773
    annual_cost: 9.196045100309592
    efficiency: 0.667656
    discharge_ratio: 5
    depth_of_discharge: 0.5
  VRBF:
    cost: 285.236
    lifetime: 18.5007
    annual_cost: 15.417578794315892
    efficiency: 0.819479
    discharge_ratio: 0.5
    depth_of_discharge: 1.0
