cost_values:
  wind_capex: 5000.0
  wind_opex: 100
  wind_lifetime: 20
  solar_capex: 1000.0
  solar_opex: 10
  solar_lifetime: 20
  carbon_price: 1.0
timeseries_values:
  load_level: 249582.81453812067
  wind_year: 2014
  solar_year: 2014
  price_year: 2023
  carbon_year: 2023
storage_values:
  CAES:
    cost: 62.1148
    lifetime: 25.1571
    annual_cost: 2.4690763243776113
    efficiency: 0.594004
    discharge_ratio: 0.1
    depth_of_discharge: 0.4
  Li-ion:
    cost: 231.96
    lifetime: 25.4604
    annual_cost: 9.110618843380308
    efficiency: 0.942245
    discharge_ratio: 2
    depth_of_discharge: 0.9
  Pb-acid:
    cost: 94.6953
    lifetime: 13.6028
    annual_cost: 6.961456464845473
    efficiency: 0.670678
    discharge_ratio: 5
    depth_of_discharge: 0.5
  VRBF:
    cost: 246.409
    lifetime: 18.9421
    annual_cost: 13.008536540299122
    efficiency: 0.789923
    discharge_ratio: 0.5
    depth_of_discharge: 1.0
