cost_values:
  wind_capex: 5000.0
  wind_opex: 100
  wind_lifetime: 20
  solar_capex: 1000.0
  solar_opex: 10
  solar_lifetime: 20
  carbon_price: 1.0
timeseries_values:
  load_level: 249582.81453812067
  wind_year: 2014
  solar_year: 2014
  price_year: 2023
  carbon_year: 2023
storage_values:
  CAES:
    cost: 50.2357
    lifetime: 25.0019
    annual_cost: 2.009275295077574
    efficiency: 0.607042
    discharge_ratio: 0.1
    depth_of_discharge: 0.4
  Li-ion:
    cost: 224.642
    lifetime: 23.9056
    annual_cost: 9.3970450438391
    efficiency: 0.961772
    discharge_ratio: 2
    depth_of_discharge: 0.9
  Pb-acid:
    cost: 86.159
    lifetime: 13.9959
    annual_cost: 6.156017119299223
    efficiency: 0.678847
    discharge_ratio: 5
    depth_of_discharge: 0.5
  VRBF:
    cost: 281.958
    lifetime: 20.8876
    annual_cost: 13.498822267756948
    efficiency: 0.805562
    discharge_ratio: 0.5
    depth_of_discharge: 1.0
