cost_values:
  wind_capex: 5000.0
  wind_opex: 100
  wind_lifetime: 20
  solar_capex: 1000.0
  solar_opex: 10
  solar_lifetime: 20
  carbon_price: 1.0
timeseries_values:
  load_level: 281081.36903387646
  wind_year: 2017
  solar_year: 2011
  price_year: 2023
  carbon_year: 2023
storage_values:
  CAES:
    cost: 53.4389
    lifetime: 21.0129
    annual_cost: 2.543147304750891
    efficiency: 0.631784
    discharge_ratio: 0.1
    depth_of_discharge: 0.4
  Li-ion:
    cost: 253.519
    lifetime: 23.3024
    annual_cost: 10.87952313924746
    efficiency: 0.928217
    discharge_ratio: 2
    depth_of_discharge: 0.9
  Pb-acid:
    cost: 226.332
    lifetime: 17.9761
    annual_cost: 12.59071767513532
    efficiency: 0.695762
    discharge_ratio: 5
    depth_of_discharge: 0.5
  VRBF:
    cost: 285.162
    lifetime: 20.3567
    annual_cost: 14.00826263588892
    efficiency: 0.723296
    discharge_ratio: 0.5
    depth_of_discharge: 1.0
