cost_values:
  wind_capex: 5000.0
  wind_opex: 100
  wind_lifetime: 20
  solar_capex: 1000.0
  solar_opex: 10
  solar_lifetime: 20
  carbon_price: 1.0
timeseries_values:
  load_level: 281081.36903387646
  wind_year: 2017
  solar_year: 2011
  price_year: 2023
  carbon_year: 2023
storage_values:
  CAES:
    cost: 54.5648
    lifetime: 20.7854
    annual_cost: 2.625150345915883
    efficiency: 0.629328
    discharge_ratio: 0.1
    depth_of_discharge: 0.4
  Li-ion:
    cost: 247.661
    lifetime: 23.0565
    annual_cost: 10.741482879014594
    efficiency: 0.940446
    discharge_ratio: 2
    depth_of_discharge: 0.9
  Pb-acid:
    cost: 238.748
    lifetime: 16.0112
    annual_cost: 14.91131208154292
    efficiency: 0.694743
    discharge_ratio: 5
    depth_of_discharge: 0.5
  VRBF:
    cost: 279.34
    lifetime: 23.1125
    annual_cost: 12.08610059491617
    efficiency: 0.733559
    discharge_ratio: 0.5
    depth_of_discharge: 1.0
