cost_values:
  wind_capex: 5000.0
  wind_opex: 100
  wind_lifetime: 20
  solar_capex: 1000.0
  solar_opex: 10
  solar_lifetime: 20
  carbon_price: 1.0
timeseries_values:
  load_level: 281081.36903387646
  wind_year: 2017
  solar_year: 2011
  price_year: 2023
  carbon_year: 2023
storage_values:
  CAES:
    cost: 62.4983
    lifetime: 20.7568
    annual_cost: 3.010979534417637
    efficiency: 0.622742
    discharge_ratio: 0.1
    depth_of_discharge: 0.4
  Li-ion:
    cost: 264.128
    lifetime: 23.8209
    annual_cost: 11.088078116276042
    efficiency: 0.927705
    discharge_ratio: 2
    depth_of_discharge: 0.9
  Pb-acid:
    cost: 235.896
    lifetime: 15.6789
    annual_cost: 15.045443239002735
    efficiency: 0.686648
    discharge_ratio: 5
    depth_of_discharge: 0.5
  VRBF:
    cost: 293.342
    lifetime: 20.4564
    annual_cost: 14.339864296748207
    efficiency: 0.736628
    discharge_ratio: 0.5
    depth_of_discharge: 1.0
