cost_values:
  wind_capex: 5000.0
  wind_opex: 100
  wind_lifetime: 20
  solar_capex: 1000.0
  solar_opex: 10
  solar_lifetime: 20
  carbon_price: 1.0
timeseries_values:
  load_level: 281081.36903387646
  wind_year: 2017
  solar_year: 2011
  price_year: 2023
  carbon_year: 2023
storage_values:
  CAES:
    cost: 61.7451
    lifetime: 21.6177
    annual_cost: 2.856228923521004
    efficiency: 0.625964
    discharge_ratio: 0.1
    depth_of_discharge: 0.4
  Li-ion:
    cost: 254.458
    lifetime: 24.9874
    annual_cost: 10.18345246003986
    efficiency: 0.92726
    discharge_ratio: 2
    depth_of_discharge: 0.9
  Pb-acid:
    cost: 235.468
    lifetime: 15.6572
    annual_cost: 15.03895971182587
    efficiency: 0.691895
    discharge_ratio: 5
    depth_of_discharge: 0.5
  VRBF:
    cost: 290.113
    lifetime: 19.866
    annual_cost: 14.603493405818988
    efficiency: 0.766032
    discharge_ratio: 0.5
    depth_of_discharge: 1.0
