cost_values:
  wind_capex: 5000.0
  wind_opex: 100
  wind_lifetime: 20
  solar_capex: 1000.0
  solar_opex: 10
  solar_lifetime: 20
  carbon_price: 1.0
timeseries_values:
  load_level: 281081.36903387646
  wind_year: 2017
  solar_year: 2011
  price_year: 2023
  carbon_year: 2023
storage_values:
  CAES:
    cost: 56.2671
    lifetime: 21.0072
    annual_cost: 2.678467382611676
    efficiency: 0.634181
    discharge_ratio: 0.1
    depth_of_discharge: 0.4
  Li-ion:
    cost: 266.553
    lifetime: 23.9458
    annual_cost: 11.131513668367731
    efficiency: 0.918646
    discharge_ratio: 2
    depth_of_discharge: 0.9
  Pb-acid:
    cost: 225.906
    lifetime: 14.648
    annual_cost: 15.422310212998362
    efficiency: 0.689326
    discharge_ratio: 5
    depth_of_discharge: 0.5
  VRBF:
    cost: 302.428
    lifetime: 18.2282
    annual_cost: 16.591215808472587
    efficiency: 0.740929
    discharge_ratio: 0.5
    depth_of_discharge: 1.0
