cost_values:
  wind_capex: 5000.0
  wind_opex: 100
  wind_lifetime: 20
  solar_capex: 1000.0
  solar_opex: 10
  solar_lifetime: 20
  carbon_price: 1.0
timeseries_values:
  load_level: 281081.36903387646
  wind_year: 2017
  solar_year: 2011
  price_year: 2023
  carbon_year: 2023
storage_values:
  CAES:
    cost: 60.7806
    lifetime: 22.3424
    annual_cost: 2.7204149957032366
    efficiency: 0.625186
    discharge_ratio: 0.1
    depth_of_discharge: 0.4
  Li-ion:
    cost: 256.917
    lifetime: 23.09
    annual_cost: 11.12676483326115
    efficiency: 0.916731
    discharge_ratio: 2
    depth_of_discharge: 0.9
  Pb-acid:
    cost: 202.978
    lifetime: 17.1923
    annual_cost: 11.806331904399062
    efficiency: 0.689503
    discharge_ratio: 5
    depth_of_discharge: 0.5
  VRBF:
    cost: 276.999
    lifetime: 18.8606
    annual_cost: 14.686648356892146
    efficiency: 0.75496
    discharge_ratio: 0.5
    depth_of_discharge: 1.0
