cost_values:
  wind_capex: 5000.0
  wind_opex: 100
  wind_lifetime: 20
  solar_capex: 1000.0
  solar_opex: 10
  solar_lifetime: 20
  carbon_price: 1.0
timeseries_values:
  load_level: 281081.36903387646
  wind_year: 2017
  solar_year: 2011
  price_year: 2023
  carbon_year: 2023
storage_values:
  CAES:
    cost: 58.2756
    lifetime: 21.2312
    annual_cost: 2.744809525603828
    efficiency: 0.621759
    discharge_ratio: 0.1
    depth_of_discharge: 0.4
  Li-ion:
    cost: 270.648
    lifetime: 21.4778
    annual_cost: 12.601290634981238
    efficiency: 0.926179
    discharge_ratio: 2
    depth_of_discharge: 0.9
  Pb-acid:
    cost: 226.565
    lifetime: 15.6042
    annual_cost: 14.519488342882044
    efficiency: 0.67325
    discharge_ratio: 5
    depth_of_discharge: 0.5
  VRBF:
    cost: 265.67
    lifetime: 19.8165
    annual_cost: 13.406504680443065
    efficiency: 0.754824
    discharge_ratio: 0.5
    depth_of_discharge: 1.0
