cost_values:
  wind_capex: 5000.0
  wind_opex: 100
  wind_lifetime: 20
  solar_capex: 1000.0
  solar_opex: 10
  solar_lifetime: 20
  carbon_price: 1.0
timeseries_values:
  load_level: 281081.36903387646
  wind_year: 2017
  solar_year: 2011
  price_year: 2023
  carbon_year: 2023
storage_values:
  CAES:
    cost: 65.4788
    lifetime: 20.7885
    annual_cost: 3.1497606849941078
    efficiency: 0.631074
    discharge_ratio: 0.1
    depth_of_discharge: 0.4
  Li-ion:
    cost: 268.104
    lifetime: 22.8186
    annual_cost: 11.7493623622834
    efficiency: 0.928026
    discharge_ratio: 2
    depth_of_discharge: 0.9
  Pb-acid:
    cost: 230.518
    lifetime: 16.3547
    annual_cost: 14.094908497251554
    efficiency: 0.703244
    discharge_ratio: 5
    depth_of_discharge: 0.5
  VRBF:
    cost: 284.904
    lifetime: 19.4221
    annual_cost: 14.66906256275068
    efficiency: 0.750379
    discharge_ratio: 0.5
    depth_of_discharge: 1.0
