cost_values:
  wind_capex: 5000.0
  wind_opex: 100
  wind_lifetime: 20
  solar_capex: 1000.0
  solar_opex: 10
  solar_lifetime: 20
  carbon_price: 1.0
timeseries_values:
  load_level: 281081.36903387646
  wind_year: 2017
  solar_year: 2011
  price_year: 2023
  carbon_year: 2023
storage_values:
  CAES:
    cost: 57.3605
    lifetime: 20.6606
    annual_cost: 2.7763230496694193
    efficiency: 0.625599
    discharge_ratio: 0.1
    depth_of_discharge: 0.4
  Li-ion:
    cost: 242.591
    lifetime: 22.8115
    annual_cost: 10.634592201301976
    efficiency: 0.945633
    discharge_ratio: 2
    depth_of_discharge: 0.9
  Pb-acid:
    cost: 213.087
    lifetime: 15.879
    annual_cost: 13.419421877952011
    efficiency: 0.668703
    discharge_ratio: 5
    depth_of_discharge: 0.5
  VRBF:
    cost: 267.254
    lifetime: 20.5193
    annual_cost: 13.024518380256637
    efficiency: 0.748049
    discharge_ratio: 0.5
    depth_of_discharge: 1.0
