cost_values:
  wind_capex: 5000.0
  wind_opex: 100
  wind_lifetime: 20
  solar_capex: 1000.0
  solar_opex: 10
  solar_lifetime: 20
  carbon_price: 1.0
timeseries_values:
  load_level: 281081.36903387646
  wind_year: 2017
  solar_year: 2011
  price_year: 2023
  carbon_year: 2023
storage_values:
  CAES:
    cost: 58.8197
    lifetime: 20.3779
    annual_cost: 2.8864456101953584
    efficiency: 0.636268
    discharge_ratio: 0.1
    depth_of_discharge: 0.4
  Li-ion:
    cost: 272.544
    lifetime: 23.1324
    annual_cost: 11.781916273279036
    efficiency: 0.928345
    discharge_ratio: 2
    depth_of_discharge: 0.9
  Pb-acid:
    cost: 217.183
    lifetime: 16.2726
    annual_cost: 13.346545727173284
    efficiency: 0.713036
    discharge_ratio: 5
    depth_of_discharge: 0.5
  VRBF:
    cost: 283.777
    lifetime: 19.2
    annual_cost: 14.780052083333333
    efficiency: 0.737481
    discharge_ratio: 0.5
    depth_of_discharge: 1.0
