cost_values:
  wind_capex: 5000.0
  wind_opex: 100
  wind_lifetime: 20
  solar_capex: 1000.0
  solar_opex: 10
  solar_lifetime: 20
  carbon_price: 1.0
timeseries_values:
  load_level: 281081.36903387646
  wind_year: 2017
  solar_year: 2011
  price_year: 2023
  carbon_year: 2023
storage_values:
  CAES:
    cost: 52.8055
    lifetime: 20.8027
    annual_cost: 2.5383964581520666
    efficiency: 0.625857
    discharge_ratio: 0.1
    depth_of_discharge: 0.4
  Li-ion:
    cost: 270.067
    lifetime: 22.5887
    annual_cost: 11.955845179226783
    efficiency: 0.925428
    discharge_ratio: 2
    depth_of_discharge: 0.9
  Pb-acid:
    cost: 215.617
    lifetime: 17.4026
    annual_cost: 12.389930240308919
    efficiency: 0.683143
    discharge_ratio: 5
    depth_of_discharge: 0.5
  VRBF:
    cost: 296.365
    lifetime: 20.1455
    annual_cost: 14.71122583207168
    efficiency: 0.732906
    discharge_ratio: 0.5
    depth_of_discharge: 1.0
