cost_values:
  wind_capex: 5000.0
  wind_opex: 100
  wind_lifetime: 20
  solar_capex: 1000.0
  solar_opex: 10
  solar_lifetime: 20
  carbon_price: 1.0
timeseries_values:
  load_level: 281081.36903387646
  wind_year: 2017
  solar_year: 2011
  price_year: 2023
  carbon_year: 2023
storage_values:
  CAES:
    cost: 61.368
    lifetime: 20.2273
    annual_cost: 3.033919504827634
    efficiency: 0.646474
    discharge_ratio: 0.1
    depth_of_discharge: 0.4
  Li-ion:
    cost: 260.687
    lifetime: 25.0339
    annual_cost: 10.413359484538965
    efficiency: 0.915711
    discharge_ratio: 2
    depth_of_discharge: 0.9
  Pb-acid:
    cost: 235.334
    lifetime: 15.602
    annual_cost: 15.083579028329702
    efficiency: 0.688986
    discharge_ratio: 5
    depth_of_discharge: 0.5
  VRBF:
    cost: 284.186
    lifetime: 17.7355
    annual_cost: 16.023568548955485
    efficiency: 0.73908
    discharge_ratio: 0.5
    depth_of_discharge: 1.0
