cost_values:
  wind_capex: 5000.0
  wind_opex: 100
  wind_lifetime: 20
  solar_capex: 1000.0
  solar_opex: 10
  solar_lifetime: 20
  carbon_price: 1.0
timeseries_values:
  load_level: 281081.36903387646
  wind_year: 2017
  solar_year: 2011
  price_year: 2023
  carbon_year: 2023
storage_values:
  CAES:
    cost: 67.6734
    lifetime: 20.8742
    annual_cost: 3.2419637638807717
    efficiency: 0.623809
    discharge_ratio: 0.1
    depth_of_discharge: 0.4
  Li-ion:
    cost: 259.158
    lifetime: 24.7109
    annual_cost: 10.48759859009587
    efficiency: 0.929264
    discharge_ratio: 2
    depth_of_discharge: 0.9
  Pb-acid:
    cost: 241.334
    lifetime: 16.3252
    annual_cost: 14.782912307353051
    efficiency: 0.671733
    discharge_ratio: 5
    depth_of_discharge: 0.5
  VRBF:
    cost: 284.343
    lifetime: 19.8557
    annual_cost: 14.320472206973314
    efficiency: 0.756735
    discharge_ratio: 0.5
    depth_of_discharge: 1.0
