cost_values:
  wind_capex: 5000.0
  wind_opex: 100
  wind_lifetime: 20
  solar_capex: 1000.0
  solar_opex: 10
  solar_lifetime: 20
  carbon_price: 1.0
timeseries_values:
  load_level: 281081.36903387646
  wind_year: 2017
  solar_year: 2011
  price_year: 2023
  carbon_year: 2023
storage_values:
  CAES:
    cost: 67.7167
    lifetime: 20.1803
    annual_cost: 3.3555844065747293
    efficiency: 0.618104
    discharge_ratio: 0.1
    depth_of_discharge: 0.4
  Li-ion:
    cost: 263.55
    lifetime: 23.3405
    annual_cost: 11.29153188663482
    efficiency: 0.935238
    discharge_ratio: 2
    depth_of_discharge: 0.9
  Pb-acid:
    cost: 221.92
    lifetime: 14.3527
    annual_cost: 15.461899154862847
    efficiency: 0.685824
    discharge_ratio: 5
    depth_of_discharge: 0.5
  VRBF:
    cost: 268.096
    lifetime: 20.2863
    annual_cost: 13.21561842228499
    efficiency: 0.733931
    discharge_ratio: 0.5
    depth_of_discharge: 1.0
