cost_values:
  wind_capex: 5000.0
  wind_opex: 100
  wind_lifetime: 20
  solar_capex: 1000.0
  solar_opex: 10
  solar_lifetime: 20
  carbon_price: 1.0
timeseries_values:
  load_level: 281081.36903387646
  wind_year: 2017
  solar_year: 2011
  price_year: 2023
  carbon_year: 2023
storage_values:
  CAES:
    cost: 62.2361
    lifetime: 20.5829
    annual_cost: 3.0236798507498945
    efficiency: 0.629237
    discharge_ratio: 0.1
    depth_of_discharge: 0.4
  Li-ion:
    cost: 256.586
    lifetime: 25.055
    annual_cost: 10.24090999800439
    efficiency: 0.925667
    discharge_ratio: 2
    depth_of_discharge: 0.9
  Pb-acid:
    cost: 223.485
    lifetime: 15.1789
    annual_cost: 14.723398928776131
    efficiency: 0.691716
    discharge_ratio: 5
    depth_of_discharge: 0.5
  VRBF:
    cost: 301.58
    lifetime: 20.904
    annual_cost: 14.426903941829314
    efficiency: 0.729477
    discharge_ratio: 0.5
    depth_of_discharge: 1.0
