cost_values:
  wind_capex: 5000.0
  wind_opex: 100
  wind_lifetime: 20
  solar_capex: 1000.0
  solar_opex: 10
  solar_lifetime: 20
  carbon_price: 1.0
timeseries_values:
  load_level: 281081.36903387646
  wind_year: 2017
  solar_year: 2011
  price_year: 2023
  carbon_year: 2023
storage_values:
  CAES:
    cost: 55.4699
    lifetime: 20.6429
    annual_cost: 2.687117604600129
    efficiency: 0.62777
    discharge_ratio: 0.1
    depth_of_discharge: 0.4
  Li-ion:
    cost: 260.938
    lifetime: 25.3525
    annual_cost: 10.29239719948723
    efficiency: 0.927504
    discharge_ratio: 2
    depth_of_discharge: 0.9
  Pb-acid:
    cost: 220.437
    lifetime: 16.3187
    annual_cost: 13.50824514207627
    efficiency: 0.676346
    discharge_ratio: 5
    depth_of_discharge: 0.5
  VRBF:
    cost: 259.099
    lifetime: 19.6995
    annual_cost: 13.152567324043757
    efficiency: 0.709953
    discharge_ratio: 0.5
    depth_of_discharge: 1.0
