cost_values:
  wind_capex: 5000.0
  wind_opex: 100
  wind_lifetime: 20
  solar_capex: 1000.0
  solar_opex: 10
  solar_lifetime: 20
  carbon_price: 1.0
timeseries_values:
  load_level: 281081.36903387646
  wind_year: 2017
  solar_year: 2011
  price_year: 2023
  carbon_year: 2023
storage_values:
  CAES:
    cost: 55.8405
    lifetime: 20.0887
    annual_cost: 2.779697043611583
    efficiency: 0.632385
    discharge_ratio: 0.1
    depth_of_discharge: 0.4
  Li-ion:
    cost: 278.907
    lifetime: 21.3549
    annual_cost: 13.060562212887907
    efficiency: 0.935494
    discharge_ratio: 2
    depth_of_discharge: 0.9
  Pb-acid:
    cost: 229.564
    lifetime: 16.8388
    annual_cost: 13.633037983704302
    efficiency: 0.679013
    discharge_ratio: 5
    depth_of_discharge: 0.5
  VRBF:
    cost: 293.003
    lifetime: 19.3874
    annual_cost: 15.113063123471946
    efficiency: 0.745244
    discharge_ratio: 0.5
    depth_of_discharge: 1.0
