cost_values:
  wind_capex: 5000.0
  wind_opex: 100
  wind_lifetime: 20
  solar_capex: 1000.0
  solar_opex: 10
  solar_lifetime: 20
  carbon_price: 1.0
timeseries_values:
  load_level: 281081.36903387646
  wind_year: 2017
  solar_year: 2011
  price_year: 2023
  carbon_year: 2023
storage_values:
  CAES:
    cost: 65.3965
    lifetime: 20.7949
    annual_cost: 3.144833589004997
    efficiency: 0.62724
    discharge_ratio: 0.1
    depth_of_discharge: 0.4
  Li-ion:
    cost: 276.665
    lifetime: 25.8878
    annual_cost: 10.68708040080656
    efficiency: 0.919773
    discharge_ratio: 2
    depth_of_discharge: 0.9
  Pb-acid:
    cost: 213.919
    lifetime: 17.224
    annual_cost: 12.419821179749187
    efficiency: 0.676117
    discharge_ratio: 5
    depth_of_discharge: 0.5
  VRBF:
    cost: 285.893
    lifetime: 17.5154
    annual_cost: 16.322379163478995
    efficiency: 0.747756
    discharge_ratio: 0.5
    depth_of_discharge: 1.0
