cost_values:
  wind_capex: 5000.0
  wind_opex: 100
  wind_lifetime: 20
  solar_capex: 1000.0
  solar_opex: 10
  solar_lifetime: 20
  carbon_price: 1.0
timeseries_values:
  load_level: 281081.36903387646
  wind_year: 2017
  solar_year: 2011
  price_year: 2023
  carbon_year: 2023
storage_values:
  CAES:
    cost: 61.7741
    lifetime: 20.9747
    annual_cost: 2.945172040601296
    efficiency: 0.62545
    discharge_ratio: 0.1
    depth_of_discharge: 0.4
  Li-ion:
    cost: 257.854
    lifetime: 22.9515
    annual_cost: 11.234734113238785
    efficiency: 0.922939
    discharge_ratio: 2
    depth_of_discharge: 0.9
  Pb-acid:
    cost: 203.996
    lifetime: 15.0946
    annual_cost: 13.51450187484266
    efficiency: 0.680258
    discharge_ratio: 5
    depth_of_discharge: 0.5
  VRBF:
    cost: 278.767
    lifetime: 19.8856
    annual_cost: 14.018536026069116
    efficiency: 0.760345
    discharge_ratio: 0.5
    depth_of_discharge: 1.0
