cost_values:
  wind_capex: 5000.0
  wind_opex: 100
  wind_lifetime: 20
  solar_capex: 1000.0
  solar_opex: 10
  solar_lifetime: 20
  carbon_price: 1.0
timeseries_values:
  load_level: 281081.36903387646
  wind_year: 2017
  solar_year: 2011
  price_year: 2023
  carbon_year: 2023
storage_values:
  CAES:
    cost: 55.5653
    lifetime: 21.4254
    annual_cost: 2.593431161145183
    efficiency: 0.62728
    discharge_ratio: 0.1
    depth_of_discharge: 0.4
  Li-ion:
    cost: 263.064
    lifetime: 22.0119
    annual_cost: 11.95099014623908
    efficiency: 0.924696
    discharge_ratio: 2
    depth_of_discharge: 0.9
  Pb-acid:
    cost: 213.073
    lifetime: 14.5797
    annual_cost: 14.61436106367072
    efficiency: 0.666128
    discharge_ratio: 5
    depth_of_discharge: 0.5
  VRBF:
    cost: 286.753
    lifetime: 19.0611
    annual_cost: 15.043885190256596
    efficiency: 0.734934
    discharge_ratio: 0.5
    depth_of_discharge: 1.0
