cost_values:
  wind_capex: 5000.0
  wind_opex: 100
  wind_lifetime: 20
  solar_capex: 1000.0
  solar_opex: 10
  solar_lifetime: 20
  carbon_price: 1.0
timeseries_values:
  load_level: 281081.36903387646
  wind_year: 2017
  solar_year: 2011
  price_year: 2023
  carbon_year: 2023
storage_values:
  CAES:
    cost: 67.6855
    lifetime: 20.0043
    annual_cost: 3.383547537279485
    efficiency: 0.628271
    discharge_ratio: 0.1
    depth_of_discharge: 0.4
  Li-ion:
    cost: 280.487
    lifetime: 22.573
    annual_cost: 12.425774154963896
    efficiency: 0.925095
    discharge_ratio: 2
    depth_of_discharge: 0.9
  Pb-acid:
    cost: 238.919
    lifetime: 16.6513
    annual_cost: 14.348369196399082
    efficiency: 0.702039
    discharge_ratio: 5
    depth_of_discharge: 0.5
  VRBF:
    cost: 276.69
    lifetime: 21.3795
    annual_cost: 12.941836806286396
    efficiency: 0.744123
    discharge_ratio: 0.5
    depth_of_discharge: 1.0
