cost_values:
  wind_capex: 5000.0
  wind_opex: 100
  wind_lifetime: 20
  solar_capex: 1000.0
  solar_opex: 10
  solar_lifetime: 20
  carbon_price: 1.0
timeseries_values:
  load_level: 281081.36903387646
  wind_year: 2017
  solar_year: 2011
  price_year: 2023
  carbon_year: 2023
storage_values:
  CAES:
    cost: 61.8371
    lifetime: 20.5012
    annual_cost: 3.0162673404483638
    efficiency: 0.631356
    discharge_ratio: 0.1
    depth_of_discharge: 0.4
  Li-ion:
    cost: 274.12
    lifetime: 22.4237
    annual_cost: 12.224565972609337
    efficiency: 0.926306
    discharge_ratio: 2
    depth_of_discharge: 0.9
  Pb-acid:
    cost: 227.283
    lifetime: 15.8094
    annual_cost: 14.376446923981934
    efficiency: 0.674546
    discharge_ratio: 5
    depth_of_discharge: 0.5
  VRBF:
    cost: 274.137
    lifetime: 19.5691
    annual_cost: 14.0086667245811
    efficiency: 0.741526
    discharge_ratio: 0.5
    depth_of_discharge: 1.0
