cost_values:
  wind_capex: 5000.0
  wind_opex: 100
  wind_lifetime: 20
  solar_capex: 1000.0
  solar_opex: 10
  solar_lifetime: 20
  carbon_price: 1.0
timeseries_values:
  load_level: 281081.36903387646
  wind_year: 2017
  solar_year: 2011
  price_year: 2023
  carbon_year: 2023
storage_values:
  CAES:
    cost: 52.0268
    lifetime: 20.4168
    annual_cost: 2.5482347870381257
    efficiency: 0.634441
    discharge_ratio: 0.1
    depth_of_discharge: 0.4
  Li-ion:
    cost: 265.612
    lifetime: 24.0582
    annual_cost: 11.040393711915273
    efficiency: 0.915399
    discharge_ratio: 2
    depth_of_discharge: 0.9
  Pb-acid:
    cost: 228.017
    lifetime: 16.135
    annual_cost: 14.131825224666871
    efficiency: 0.688844
    discharge_ratio: 5
    depth_of_discharge: 0.5
  VRBF:
    cost: 281.848
    lifetime: 21.0854
    annual_cost: 13.366974304495054
    efficiency: 0.746738
    discharge_ratio: 0.5
    depth_of_discharge: 1.0
