cost_values:
  wind_capex: 5000.0
  wind_opex: 100
  wind_lifetime: 20
  solar_capex: 1000.0
  solar_opex: 10
  solar_lifetime: 20
  carbon_price: 1.0
timeseries_values:
  load_level: 281081.36903387646
  wind_year: 2017
  solar_year: 2011
  price_year: 2023
  carbon_year: 2023
storage_values:
  CAES:
    cost: 62.0981
    lifetime: 20.4303
    annual_cost: 3.0395099435642163
    efficiency: 0.620666
    discharge_ratio: 0.1
    depth_of_discharge: 0.4
  Li-ion:
    cost: 268.946
    lifetime: 22.5727
    annual_cost: 11.914657971797793
    efficiency: 0.915811
    discharge_ratio: 2
    depth_of_discharge: 0.9
  Pb-acid:
    cost: 216.972
    lifetime: 15.0597
    annual_cost: 14.407458315902709
    efficiency: 0.700706
    discharge_ratio: 5
    depth_of_discharge: 0.5
  VRBF:
    cost: 280.609
    lifetime: 20.1701
    annual_cost: 13.912127356830158
    efficiency: 0.749775
    discharge_ratio: 0.5
    depth_of_discharge: 1.0
