cost_values:
  wind_capex: 5000.0
  wind_opex: 100
  wind_lifetime: 20
  solar_capex: 1000.0
  solar_opex: 10
  solar_lifetime: 20
  carbon_price: 1.0
timeseries_values:
  load_level: 281081.36903387646
  wind_year: 2017
  solar_year: 2011
  price_year: 2023
  carbon_year: 2023
storage_values:
  CAES:
    cost: 59.0687
    lifetime: 20.4142
    annual_cost: 2.893510399623791
    efficiency: 0.623702
    discharge_ratio: 0.1
    depth_of_discharge: 0.4
  Li-ion:
    cost: 257.68
    lifetime: 22.6824
    annual_cost: 11.36034987479279
    efficiency: 0.929797
    discharge_ratio: 2
    depth_of_discharge: 0.9
  Pb-acid:
    cost: 229.842
    lifetime: 17.0728
    annual_cost: 13.462466613560752
    efficiency: 0.696508
    discharge_ratio: 5
    depth_of_discharge: 0.5
  VRBF:
    cost: 298.277
    lifetime: 20.6394
    annual_cost: 14.45182514995591
    efficiency: 0.745287
    discharge_ratio: 0.5
    depth_of_discharge: 1.0
