cost_values:
  wind_capex: 5000.0
  wind_opex: 100
  wind_lifetime: 20
  solar_capex: 1000.0
  solar_opex: 10
  solar_lifetime: 20
  carbon_price: 1.0
timeseries_values:
  load_level: 281081.36903387646
  wind_year: 2017
  solar_year: 2011
  price_year: 2023
  carbon_year: 2023
storage_values:
  CAES:
    cost: 55.3336
    lifetime: 20.5724
    annual_cost: 2.689700764130583
    efficiency: 0.635388
    discharge_ratio: 0.1
    depth_of_discharge: 0.4
  Li-ion:
    cost: 270.902
    lifetime: 22.9163
    annual_cost: 11.82136732369536
    efficiency: 0.927828
    discharge_ratio: 2
    depth_of_discharge: 0.9
  Pb-acid:
    cost: 220.936
    lifetime: 15.7681
    annual_cost: 14.01158034259042
    efficiency: 0.683638
    discharge_ratio: 5
    depth_of_discharge: 0.5
  VRBF:
    cost: 281.342
    lifetime: 17.1671
    annual_cost: 16.38844068013817
    efficiency: 0.74819
    discharge_ratio: 0.5
    depth_of_discharge: 1.0
