cost_values:
  wind_capex: 5000.0
  wind_opex: 100
  wind_lifetime: 20
  solar_capex: 1000.0
  solar_opex: 10
  solar_lifetime: 20
  carbon_price: 1.0
timeseries_values:
  load_level: 281081.36903387646
  wind_year: 2017
  solar_year: 2011
  price_year: 2023
  carbon_year: 2023
storage_values:
  CAES:
    cost: 64.0584
    lifetime: 21.7725
    annual_cost: 2.942170168790906
    efficiency: 0.622144
    discharge_ratio: 0.1
    depth_of_discharge: 0.4
  Li-ion:
    cost: 279.985
    lifetime: 22.4249
    annual_cost: 12.485451440140201
    efficiency: 0.917307
    discharge_ratio: 2
    depth_of_discharge: 0.9
  Pb-acid:
    cost: 236.917
    lifetime: 14.1143
    annual_cost: 16.785600419432775
    efficiency: 0.691198
    discharge_ratio: 5
    depth_of_discharge: 0.5
  VRBF:
    cost: 305.561
    lifetime: 18.4558
    annual_cost: 16.556367104108194
    efficiency: 0.750796
    discharge_ratio: 0.5
    depth_of_discharge: 1.0
