cost_values:
  wind_capex: 5000.0
  wind_opex: 100
  wind_lifetime: 20
  solar_capex: 1000.0
  solar_opex: 10
  solar_lifetime: 20
  carbon_price: 1.0
timeseries_values:
  load_level: 281081.36903387646
  wind_year: 2017
  solar_year: 2011
  price_year: 2023
  carbon_year: 2023
storage_values:
  CAES:
    cost: 64.0707
    lifetime: 20.7221
    annual_cost: 3.091901882531211
    efficiency: 0.638539
    discharge_ratio: 0.1
    depth_of_discharge: 0.4
  Li-ion:
    cost: 251.979
    lifetime: 24.612
    annual_cost: 10.238054607508534
    efficiency: 0.939236
    discharge_ratio: 2
    depth_of_discharge: 0.9
  Pb-acid:
    cost: 211.989
    lifetime: 16.2486
    annual_cost: 13.04660093792696
    efficiency: 0.684953
    discharge_ratio: 5
    depth_of_discharge: 0.5
  VRBF:
    cost: 301.049
    lifetime: 19.7567
    annual_cost: 15.23781805665926
    efficiency: 0.735747
    discharge_ratio: 0.5
    depth_of_discharge: 1.0
