cost_values:
  wind_capex: 5000.0
  wind_opex: 100
  wind_lifetime: 20
  solar_capex: 1000.0
  solar_opex: 10
  solar_lifetime: 20
  carbon_price: 1.0
timeseries_values:
  load_level: 281081.36903387646
  wind_year: 2017
  solar_year: 2011
  price_year: 2023
  carbon_year: 2023
storage_values:
  CAES:
    cost: 57.6764
    lifetime: 21.1799
    annual_cost: 2.7231667760471012
    efficiency: 0.626916
    discharge_ratio: 0.1
    depth_of_discharge: 0.4
  Li-ion:
    cost: 245.87
    lifetime: 21.824
    annual_cost: 11.266037390029325
    efficiency: 0.93713
    discharge_ratio: 2
    depth_of_discharge: 0.9
  Pb-acid:
    cost: 213.151
    lifetime: 14.9347
    annual_cost: 14.272198303280282
    efficiency: 0.679067
    discharge_ratio: 5
    depth_of_discharge: 0.5
  VRBF:
    cost: 255.772
    lifetime: 21.8705
    annual_cost: 11.69484008138817
    efficiency: 0.748883
    discharge_ratio: 0.5
    depth_of_discharge: 1.0
