cost_values:
  wind_capex: 5000.0
  wind_opex: 100
  wind_lifetime: 20
  solar_capex: 1000.0
  solar_opex: 10
  solar_lifetime: 20
  carbon_price: 1.0
timeseries_values:
  load_level: 281081.36903387646
  wind_year: 2017
  solar_year: 2011
  price_year: 2023
  carbon_year: 2023
storage_values:
  CAES:
    cost: 69.8661
    lifetime: 20.6359
    annual_cost: 3.385658003770129
    efficiency: 0.626657
    discharge_ratio: 0.1
    depth_of_discharge: 0.4
  Li-ion:
    cost: 260.107
    lifetime: 20.6942
    annual_cost: 12.569077326014055
    efficiency: 0.920239
    discharge_ratio: 2
    depth_of_discharge: 0.9
  Pb-acid:
    cost: 237.484
    lifetime: 15.5711
    annual_cost: 15.251587877542372
    efficiency: 0.683731
    discharge_ratio: 5
    depth_of_discharge: 0.5
  VRBF:
    cost: 267.838
    lifetime: 20.083
    annual_cost: 13.336553303789277
    efficiency: 0.753765
    discharge_ratio: 0.5
    depth_of_discharge: 1.0
