cost_values:
  wind_capex: 5000.0
  wind_opex: 100
  wind_lifetime: 20
  solar_capex: 1000.0
  solar_opex: 10
  solar_lifetime: 20
  carbon_price: 1.0
timeseries_values:
  load_level: 281081.36903387646
  wind_year: 2017
  solar_year: 2011
  price_year: 2023
  carbon_year: 2023
storage_values:
  CAES:
    cost: 61.5061
    lifetime: 20.7131
    annual_cost: 2.9694299742674928
    efficiency: 0.62478
    discharge_ratio: 0.1
    depth_of_discharge: 0.4
  Li-ion:
    cost: 278.66
    lifetime: 22.6412
    annual_cost: 12.307651537904352
    efficiency: 0.920602
    discharge_ratio: 2
    depth_of_discharge: 0.9
  Pb-acid:
    cost: 224.244
    lifetime: 16.1507
    annual_cost: 13.884475595485025
    efficiency: 0.680775
    discharge_ratio: 5
    depth_of_discharge: 0.5
  VRBF:
    cost: 261.111
    lifetime: 19.3852
    annual_cost: 13.4696056785589
    efficiency: 0.736
    discharge_ratio: 0.5
    depth_of_discharge: 1.0
