cost_values:
  wind_capex: 5000.0
  wind_opex: 100
  wind_lifetime: 20
  solar_capex: 1000.0
  solar_opex: 10
  solar_lifetime: 20
  carbon_price: 1.0
timeseries_values:
  load_level: 281081.36903387646
  wind_year: 2017
  solar_year: 2011
  price_year: 2023
  carbon_year: 2023
storage_values:
  CAES:
    cost: 57.2302
    lifetime: 21.5256
    annual_cost: 2.658704054706954
    efficiency: 0.64101
    discharge_ratio: 0.1
    depth_of_discharge: 0.4
  Li-ion:
    cost: 264.594
    lifetime: 24.6866
    annual_cost: 10.718122382183047
    efficiency: 0.932232
    discharge_ratio: 2
    depth_of_discharge: 0.9
  Pb-acid:
    cost: 222.541
    lifetime: 15.6138
    annual_cost: 14.252840436024544
    efficiency: 0.686382
    discharge_ratio: 5
    depth_of_discharge: 0.5
  VRBF:
    cost: 261.528
    lifetime: 18.5465
    annual_cost: 14.10120507912544
    efficiency: 0.75134
    discharge_ratio: 0.5
    depth_of_discharge: 1.0
