cost_values:
  wind_capex: 5000.0
  wind_opex: 100
  wind_lifetime: 20
  solar_capex: 1000.0
  solar_opex: 10
  solar_lifetime: 20
  carbon_price: 1.0
timeseries_values:
  load_level: 281081.36903387646
  wind_year: 2017
  solar_year: 2011
  price_year: 2023
  carbon_year: 2023
storage_values:
  CAES:
    cost: 55.9005
    lifetime: 20.3113
    annual_cost: 2.752187206136486
    efficiency: 0.631302
    discharge_ratio: 0.1
    depth_of_discharge: 0.4
  Li-ion:
    cost: 268.954
    lifetime: 21.6707
    annual_cost: 12.41095119216269
    efficiency: 0.934224
    discharge_ratio: 2
    depth_of_discharge: 0.9
  Pb-acid:
    cost: 243.229
    lifetime: 17.0412
    annual_cost: 14.272997206769476
    efficiency: 0.686965
    discharge_ratio: 5
    depth_of_discharge: 0.5
  VRBF:
    cost: 246.509
    lifetime: 20.1115
    annual_cost: 12.257116575093852
    efficiency: 0.752722
    discharge_ratio: 0.5
    depth_of_discharge: 1.0
