cost_values:
  wind_capex: 5000.0
  wind_opex: 100
  wind_lifetime: 20
  solar_capex: 1000.0
  solar_opex: 10
  solar_lifetime: 20
  carbon_price: 1.0
timeseries_values:
  load_level: 281081.36903387646
  wind_year: 2017
  solar_year: 2011
  price_year: 2023
  carbon_year: 2023
storage_values:
  CAES:
    cost: 67.4547
    lifetime: 20.8137
    annual_cost: 3.240879805128353
    efficiency: 0.630976
    discharge_ratio: 0.1
    depth_of_discharge: 0.4
  Li-ion:
    cost: 265.388
    lifetime: 23.0933
    annual_cost: 11.491991183590045
    efficiency: 0.937216
    discharge_ratio: 2
    depth_of_discharge: 0.9
  Pb-acid:
    cost: 238.628
    lifetime: 14.782
    annual_cost: 16.143147070761735
    efficiency: 0.696901
    discharge_ratio: 5
    depth_of_discharge: 0.5
  VRBF:
    cost: 262.493
    lifetime: 20.5044
    annual_cost: 12.80178888433702
    efficiency: 0.751013
    discharge_ratio: 0.5
    depth_of_discharge: 1.0
