cost_values:
  wind_capex: 5000.0
  wind_opex: 100
  wind_lifetime: 20
  solar_capex: 1000.0
  solar_opex: 10
  solar_lifetime: 20
  carbon_price: 1.0
timeseries_values:
  load_level: 281081.36903387646
  wind_year: 2017
  solar_year: 2011
  price_year: 2023
  carbon_year: 2023
storage_values:
  CAES:
    cost: 57.9476
    lifetime: 20.7778
    annual_cost: 2.7889189423326823
    efficiency: 0.630279
    discharge_ratio: 0.1
    depth_of_discharge: 0.4
  Li-ion:
    cost: 266.848
    lifetime: 22.5803
    annual_cost: 11.817734928233904
    efficiency: 0.92013
    discharge_ratio: 2
    depth_of_discharge: 0.9
  Pb-acid:
    cost: 232.627
    lifetime: 15.5013
    annual_cost: 15.006934902234006
    efficiency: 0.674614
    discharge_ratio: 5
    depth_of_discharge: 0.5
  VRBF:
    cost: 285.582
    lifetime: 21.2914
    annual_cost: 13.413021219835239
    efficiency: 0.746277
    discharge_ratio: 0.5
    depth_of_discharge: 1.0
