cost_values:
  wind_capex: 5000.0
  wind_opex: 100
  wind_lifetime: 20
  solar_capex: 1000.0
  solar_opex: 10
  solar_lifetime: 20
  carbon_price: 1.0
timeseries_values:
  load_level: 281081.36903387646
  wind_year: 2017
  solar_year: 2011
  price_year: 2023
  carbon_year: 2023
storage_values:
  CAES:
    cost: 64.5462
    lifetime: 21.56
    annual_cost: 2.9937940630797777
    efficiency: 0.625421
    discharge_ratio: 0.1
    depth_of_discharge: 0.4
  Li-ion:
    cost: 253.467
    lifetime: 23.7225
    annual_cost: 10.684666455896302
    efficiency: 0.923693
    discharge_ratio: 2
    depth_of_discharge: 0.9
  Pb-acid:
    cost: 226.856
    lifetime: 15.5391
    annual_cost: 14.599043702659742
    efficiency: 0.682546
    discharge_ratio: 5
    depth_of_discharge: 0.5
  VRBF:
    cost: 238.945
    lifetime: 17.4622
    annual_cost: 13.683556482001123
    efficiency: 0.718205
    discharge_ratio: 0.5
    depth_of_discharge: 1.0
