cost_values:
  wind_capex: 5000.0
  wind_opex: 100
  wind_lifetime: 20
  solar_capex: 1000.0
  solar_opex: 10
  solar_lifetime: 20
  carbon_price: 1.0
timeseries_values:
  load_level: 281081.36903387646
  wind_year: 2017
  solar_year: 2011
  price_year: 2023
  carbon_year: 2023
storage_values:
  CAES:
    cost: 68.6881
    lifetime: 20.7601
    annual_cost: 3.308659399521197
    efficiency: 0.633126
    discharge_ratio: 0.1
    depth_of_discharge: 0.4
  Li-ion:
    cost: 259.117
    lifetime: 23.8665
    annual_cost: 10.856933358473174
    efficiency: 0.920804
    discharge_ratio: 2
    depth_of_discharge: 0.9
  Pb-acid:
    cost: 221.642
    lifetime: 14.9914
    annual_cost: 14.78460984297664
    efficiency: 0.670418
    discharge_ratio: 5
    depth_of_discharge: 0.5
  VRBF:
    cost: 273.741
    lifetime: 21.8841
    annual_cost: 12.50867067871194
    efficiency: 0.749345
    discharge_ratio: 0.5
    depth_of_discharge: 1.0
