cost_values:
  wind_capex: 5000.0
  wind_opex: 100
  wind_lifetime: 20
  solar_capex: 1000.0
  solar_opex: 10
  solar_lifetime: 20
  carbon_price: 1.0
timeseries_values:
  load_level: 281081.36903387646
  wind_year: 2017
  solar_year: 2011
  price_year: 2023
  carbon_year: 2023
storage_values:
  CAES:
    cost: 64.0604
    lifetime: 21.7491
    annual_cost: 2.9454276268903086
    efficiency: 0.628695
    discharge_ratio: 0.1
    depth_of_discharge: 0.4
  Li-ion:
    cost: 273.173
    lifetime: 22.8098
    annual_cost: 11.976124297451095
    efficiency: 0.927269
    discharge_ratio: 2
    depth_of_discharge: 0.9
  Pb-acid:
    cost: 227.638
    lifetime: 15.4642
    annual_cost: 14.720321775455568
    efficiency: 0.683023
    discharge_ratio: 5
    depth_of_discharge: 0.5
  VRBF:
    cost: 299.558
    lifetime: 22.0532
    annual_cost: 13.58342553461629
    efficiency: 0.734767
    discharge_ratio: 0.5
    depth_of_discharge: 1.0
