cost_values:
  wind_capex: 5000.0
  wind_opex: 100
  wind_lifetime: 20
  solar_capex: 1000.0
  solar_opex: 10
  solar_lifetime: 20
  carbon_price: 1.0
timeseries_values:
  load_level: 281081.36903387646
  wind_year: 2017
  solar_year: 2011
  price_year: 2023
  carbon_year: 2023
storage_values:
  CAES:
    cost: 59.2784
    lifetime: 20.2828
    annual_cost: 2.9225945135780065
    efficiency: 0.635365
    discharge_ratio: 0.1
    depth_of_discharge: 0.4
  Li-ion:
    cost: 297.611
    lifetime: 23.613
    annual_cost: 12.603692881040105
    efficiency: 0.930136
    discharge_ratio: 2
    depth_of_discharge: 0.9
  Pb-acid:
    cost: 229.18
    lifetime: 15.377
    annual_cost: 14.904077518371594
    efficiency: 0.69298
    discharge_ratio: 5
    depth_of_discharge: 0.5
  VRBF:
    cost: 274.66
    lifetime: 19.2436
    annual_cost: 14.272797189715023
    efficiency: 0.733818
    discharge_ratio: 0.5
    depth_of_discharge: 1.0
