cost_values:
  wind_capex: 5000.0
  wind_opex: 100
  wind_lifetime: 20
  solar_capex: 1000.0
  solar_opex: 10
  solar_lifetime: 20
  carbon_price: 1.0
timeseries_values:
  load_level: 281081.36903387646
  wind_year: 2017
  solar_year: 2011
  price_year: 2023
  carbon_year: 2023
storage_values:
  CAES:
    cost: 53.2357
    lifetime: 20.3319
    annual_cost: 2.61833375139559
    efficiency: 0.635995
    discharge_ratio: 0.1
    depth_of_discharge: 0.4
  Li-ion:
    cost: 269.113
    lifetime: 23.2622
    annual_cost: 11.568682239856935
    efficiency: 0.931398
    discharge_ratio: 2
    depth_of_discharge: 0.9
  Pb-acid:
    cost: 214.382
    lifetime: 15.9631
    annual_cost: 13.429847585995201
    efficiency: 0.686164
    discharge_ratio: 5
    depth_of_discharge: 0.5
  VRBF:
    cost: 264.552
    lifetime: 19.7688
    annual_cost: 13.382299380842541
    efficiency: 0.745328
    discharge_ratio: 0.5
    depth_of_discharge: 1.0
