cost_values:
  wind_capex: 5000.0
  wind_opex: 100
  wind_lifetime: 20
  solar_capex: 1000.0
  solar_opex: 10
  solar_lifetime: 20
  carbon_price: 1.0
timeseries_values:
  load_level: 281081.36903387646
  wind_year: 2017
  solar_year: 2011
  price_year: 2023
  carbon_year: 2023
storage_values:
  CAES:
    cost: 65.7665
    lifetime: 20.5105
    annual_cost: 3.2064796080056555
    efficiency: 0.620875
    discharge_ratio: 0.1
    depth_of_discharge: 0.4
  Li-ion:
    cost: 284.097
    lifetime: 21.8555
    annual_cost: 12.998879000709204
    efficiency: 0.922455
    discharge_ratio: 2
    depth_of_discharge: 0.9
  Pb-acid:
    cost: 216.319
    lifetime: 16.2677
    annual_cost: 13.297454464982755
    efficiency: 0.687127
    discharge_ratio: 5
    depth_of_discharge: 0.5
  VRBF:
    cost: 281.148
    lifetime: 18.8006
    annual_cost: 14.954203589247154
    efficiency: 0.745685
    discharge_ratio: 0.5
    depth_of_discharge: 1.0
