cost_values:
  wind_capex: 5000.0
  wind_opex: 100
  wind_lifetime: 20
  solar_capex: 1000.0
  solar_opex: 10
  solar_lifetime: 20
  carbon_price: 1.0
timeseries_values:
  load_level: 281081.36903387646
  wind_year: 2017
  solar_year: 2011
  price_year: 2023
  carbon_year: 2023
storage_values:
  CAES:
    cost: 61.4595
    lifetime: 21.5968
    annual_cost: 2.8457688176026075
    efficiency: 0.635984
    discharge_ratio: 0.1
    depth_of_discharge: 0.4
  Li-ion:
    cost: 289.352
    lifetime: 23.8624
    annual_cost: 12.125854901434892
    efficiency: 0.932889
    discharge_ratio: 2
    depth_of_discharge: 0.9
  Pb-acid:
    cost: 233.929
    lifetime: 14.3647
    annual_cost: 16.284990288693812
    efficiency: 0.678484
    discharge_ratio: 5
    depth_of_discharge: 0.5
  VRBF:
    cost: 275.448
    lifetime: 18.6018
    annual_cost: 14.807599264587296
    efficiency: 0.733428
    discharge_ratio: 0.5
    depth_of_discharge: 1.0
