cost_values:
  wind_capex: 5000.0
  wind_opex: 100
  wind_lifetime: 20
  solar_capex: 1000.0
  solar_opex: 10
  solar_lifetime: 20
  carbon_price: 1.0
timeseries_values:
  load_level: 281081.36903387646
  wind_year: 2017
  solar_year: 2011
  price_year: 2023
  carbon_year: 2023
storage_values:
  CAES:
    cost: 63.7357
    lifetime: 20.7333
    annual_cost: 3.074074074074074
    efficiency: 0.633983
    discharge_ratio: 0.1
    depth_of_discharge: 0.4
  Li-ion:
    cost: 264.391
    lifetime: 22.3521
    annual_cost: 11.828463544812346
    efficiency: 0.922694
    discharge_ratio: 2
    depth_of_discharge: 0.9
  Pb-acid:
    cost: 232.516
    lifetime: 17.9758
    annual_cost: 12.934945871671914
    efficiency: 0.680626
    discharge_ratio: 5
    depth_of_discharge: 0.5
  VRBF:
    cost: 264.67
    lifetime: 20.0728
    annual_cost: 13.185504762663903
    efficiency: 0.739145
    discharge_ratio: 0.5
    depth_of_discharge: 1.0
