cost_values:
  wind_capex: 5000.0
  wind_opex: 100
  wind_lifetime: 20
  solar_capex: 1000.0
  solar_opex: 10
  solar_lifetime: 20
  carbon_price: 1.0
timeseries_values:
  load_level: 281081.36903387646
  wind_year: 2017
  solar_year: 2011
  price_year: 2023
  carbon_year: 2023
storage_values:
  CAES:
    cost: 57.7671
    lifetime: 20.0787
    annual_cost: 2.877033871714802
    efficiency: 0.636896
    discharge_ratio: 0.1
    depth_of_discharge: 0.4
  Li-ion:
    cost: 277.688
    lifetime: 22.5963
    annual_cost: 12.289091576939587
    efficiency: 0.915755
    discharge_ratio: 2
    depth_of_discharge: 0.9
  Pb-acid:
    cost: 216.407
    lifetime: 16.1473
    annual_cost: 13.402054832696487
    efficiency: 0.659705
    discharge_ratio: 5
    depth_of_discharge: 0.5
  VRBF:
    cost: 303.261
    lifetime: 20.7288
    annual_cost: 14.629935162672226
    efficiency: 0.745413
    discharge_ratio: 0.5
    depth_of_discharge: 1.0
