cost_values:
  wind_capex: 5000.0
  wind_opex: 100
  wind_lifetime: 20
  solar_capex: 1000.0
  solar_opex: 10
  solar_lifetime: 20
  carbon_price: 1.0
timeseries_values:
  load_level: 281081.36903387646
  wind_year: 2017
  solar_year: 2011
  price_year: 2023
  carbon_year: 2023
storage_values:
  CAES:
    cost: 60.9168
    lifetime: 21.2344
    annual_cost: 2.8687789624383075
    efficiency: 0.629753
    discharge_ratio: 0.1
    depth_of_discharge: 0.4
  Li-ion:
    cost: 270.014
    lifetime: 21.9153
    annual_cost: 12.320798711402537
    efficiency: 0.927786
    discharge_ratio: 2
    depth_of_discharge: 0.9
  Pb-acid:
    cost: 210.172
    lifetime: 16.3946
    annual_cost: 12.819586937162235
    efficiency: 0.679562
    discharge_ratio: 5
    depth_of_discharge: 0.5
  VRBF:
    cost: 265.351
    lifetime: 20.3777
    annual_cost: 13.021636396649278
    efficiency: 0.761866
    discharge_ratio: 0.5
    depth_of_discharge: 1.0
