cost_values:
  wind_capex: 5000.0
  wind_opex: 100
  wind_lifetime: 20
  solar_capex: 1000.0
  solar_opex: 10
  solar_lifetime: 20
  carbon_price: 1.0
timeseries_values:
  load_level: 281081.36903387646
  wind_year: 2017
  solar_year: 2011
  price_year: 2023
  carbon_year: 2023
storage_values:
  CAES:
    cost: 59.2692
    lifetime: 20.9868
    annual_cost: 2.824118017039282
    efficiency: 0.638037
    discharge_ratio: 0.1
    depth_of_discharge: 0.4
  Li-ion:
    cost: 265.645
    lifetime: 22.7911
    annual_cost: 11.655646282978882
    efficiency: 0.926815
    discharge_ratio: 2
    depth_of_discharge: 0.9
  Pb-acid:
    cost: 208.59
    lifetime: 16.1931
    annual_cost: 12.881412453452395
    efficiency: 0.663826
    discharge_ratio: 5
    depth_of_discharge: 0.5
  VRBF:
    cost: 248.58
    lifetime: 20.6785
    annual_cost: 12.021181420315788
    efficiency: 0.720061
    discharge_ratio: 0.5
    depth_of_discharge: 1.0
