cost_values:
  wind_capex: 5000.0
  wind_opex: 100
  wind_lifetime: 20
  solar_capex: 1000.0
  solar_opex: 10
  solar_lifetime: 20
  carbon_price: 1.0
timeseries_values:
  load_level: 281081.36903387646
  wind_year: 2017
  solar_year: 2011
  price_year: 2023
  carbon_year: 2023
storage_values:
  CAES:
    cost: 66.0299
    lifetime: 20.5794
    annual_cost: 3.208543494951262
    efficiency: 0.629903
    discharge_ratio: 0.1
    depth_of_discharge: 0.4
  Li-ion:
    cost: 273.631
    lifetime: 23.682
    annual_cost: 11.55438729837007
    efficiency: 0.930651
    discharge_ratio: 2
    depth_of_discharge: 0.9
  Pb-acid:
    cost: 229.216
    lifetime: 15.2516
    annual_cost: 15.028980565973407
    efficiency: 0.694836
    discharge_ratio: 5
    depth_of_discharge: 0.5
  VRBF:
    cost: 244.554
    lifetime: 20.8219
    annual_cost: 11.745037676676962
    efficiency: 0.734951
    discharge_ratio: 0.5
    depth_of_discharge: 1.0
