cost_values:
  wind_capex: 5000.0
  wind_opex: 100
  wind_lifetime: 20
  solar_capex: 1000.0
  solar_opex: 10
  solar_lifetime: 20
  carbon_price: 1.0
timeseries_values:
  load_level: 281081.36903387646
  wind_year: 2017
  solar_year: 2011
  price_year: 2023
  carbon_year: 2023
storage_values:
  CAES:
    cost: 62.3202
    lifetime: 20.7463
    annual_cost: 3.0039187710579713
    efficiency: 0.635506
    discharge_ratio: 0.1
    depth_of_discharge: 0.4
  Li-ion:
    cost: 251.157
    lifetime: 21.8828
    annual_cost: 11.477370354799204
    efficiency: 0.92497
    discharge_ratio: 2
    depth_of_discharge: 0.9
  Pb-acid:
    cost: 222.525
    lifetime: 17.0987
    annual_cost: 13.01414727435419
    efficiency: 0.686359
    discharge_ratio: 5
    depth_of_discharge: 0.5
  VRBF:
    cost: 281.9
    lifetime: 20.9881
    annual_cost: 13.431420662184761
    efficiency: 0.74345
    discharge_ratio: 0.5
    depth_of_discharge: 1.0
