cost_values:
  wind_capex: 5000.0
  wind_opex: 100
  wind_lifetime: 20
  solar_capex: 1000.0
  solar_opex: 10
  solar_lifetime: 20
  carbon_price: 1.0
timeseries_values:
  load_level: 281081.36903387646
  wind_year: 2017
  solar_year: 2011
  price_year: 2023
  carbon_year: 2023
storage_values:
  CAES:
    cost: 57.447
    lifetime: 20.8214
    annual_cost: 2.759036376036194
    efficiency: 0.619372
    discharge_ratio: 0.1
    depth_of_discharge: 0.4
  Li-ion:
    cost: 283.073
    lifetime: 19.7315
    annual_cost: 14.346248384562754
    efficiency: 0.922181
    discharge_ratio: 2
    depth_of_discharge: 0.9
  Pb-acid:
    cost: 220.633
    lifetime: 17.2874
    annual_cost: 12.762647940118235
    efficiency: 0.682574
    discharge_ratio: 5
    depth_of_discharge: 0.5
  VRBF:
    cost: 263.276
    lifetime: 20.6296
    annual_cost: 12.762050645674178
    efficiency: 0.72974
    discharge_ratio: 0.5
    depth_of_discharge: 1.0
