cost_values:
  wind_capex: 5000.0
  wind_opex: 100
  wind_lifetime: 20
  solar_capex: 1000.0
  solar_opex: 10
  solar_lifetime: 20
  carbon_price: 1.0
timeseries_values:
  load_level: 281081.36903387646
  wind_year: 2017
  solar_year: 2011
  price_year: 2023
  carbon_year: 2023
storage_values:
  CAES:
    cost: 55.681
    lifetime: 20.4566
    annual_cost: 2.7219088216028076
    efficiency: 0.620523
    discharge_ratio: 0.1
    depth_of_discharge: 0.4
  Li-ion:
    cost: 249.754
    lifetime: 23.1244
    annual_cost: 10.800453200947915
    efficiency: 0.936549
    discharge_ratio: 2
    depth_of_discharge: 0.9
  Pb-acid:
    cost: 202.782
    lifetime: 16.4348
    annual_cost: 12.33857424489498
    efficiency: 0.674121
    discharge_ratio: 5
    depth_of_discharge: 0.5
  VRBF:
    cost: 297.093
    lifetime: 21.1985
    annual_cost: 14.01481236879968
    efficiency: 0.736569
    discharge_ratio: 0.5
    depth_of_discharge: 1.0
