cost_values:
  wind_capex: 5000.0
  wind_opex: 100
  wind_lifetime: 20
  solar_capex: 1000.0
  solar_opex: 10
  solar_lifetime: 20
  carbon_price: 1.0
timeseries_values:
  load_level: 281081.36903387646
  wind_year: 2017
  solar_year: 2011
  price_year: 2023
  carbon_year: 2023
storage_values:
  CAES:
    cost: 55.7338
    lifetime: 20.8755
    annual_cost: 2.6698186869775578
    efficiency: 0.621902
    discharge_ratio: 0.1
    depth_of_discharge: 0.4
  Li-ion:
    cost: 267.639
    lifetime: 22.2772
    annual_cost: 12.014032284129065
    efficiency: 0.926355
    discharge_ratio: 2
    depth_of_discharge: 0.9
  Pb-acid:
    cost: 233.66
    lifetime: 15.1596
    annual_cost: 15.413335444206972
    efficiency: 0.696898
    discharge_ratio: 5
    depth_of_discharge: 0.5
  VRBF:
    cost: 274.626
    lifetime: 20.1402
    annual_cost: 13.6357136473322
    efficiency: 0.751817
    discharge_ratio: 0.5
    depth_of_discharge: 1.0
