cost_values:
  wind_capex: 5000.0
  wind_opex: 100
  wind_lifetime: 20
  solar_capex: 1000.0
  solar_opex: 10
  solar_lifetime: 20
  carbon_price: 1.0
timeseries_values:
  load_level: 281081.36903387646
  wind_year: 2017
  solar_year: 2011
  price_year: 2023
  carbon_year: 2023
storage_values:
  CAES:
    cost: 60.0178
    lifetime: 21.0085
    annual_cost: 2.8568341385629625
    efficiency: 0.63394
    discharge_ratio: 0.1
    depth_of_discharge: 0.4
  Li-ion:
    cost: 260.435
    lifetime: 22.2835
    annual_cost: 11.687347140260732
    efficiency: 0.935875
    discharge_ratio: 2
    depth_of_discharge: 0.9
  Pb-acid:
    cost: 204.4
    lifetime: 14.0277
    annual_cost: 14.57116989955588
    efficiency: 0.677856
    discharge_ratio: 5
    depth_of_discharge: 0.5
  VRBF:
    cost: 277.587
    lifetime: 17.9531
    annual_cost: 15.461786543828085
    efficiency: 0.758041
    discharge_ratio: 0.5
    depth_of_discharge: 1.0
