cost_values:
  wind_capex: 5000.0
  wind_opex: 100
  wind_lifetime: 20
  solar_capex: 1000.0
  solar_opex: 10
  solar_lifetime: 20
  carbon_price: 1.0
timeseries_values:
  load_level: 281081.36903387646
  wind_year: 2017
  solar_year: 2011
  price_year: 2023
  carbon_year: 2023
storage_values:
  CAES:
    cost: 69.4021
    lifetime: 20.4218
    annual_cost: 3.398432067692368
    efficiency: 0.625812
    discharge_ratio: 0.1
    depth_of_discharge: 0.4
  Li-ion:
    cost: 276.27
    lifetime: 22.8458
    annual_cost: 12.092813558728517
    efficiency: 0.943961
    discharge_ratio: 2
    depth_of_discharge: 0.9
  Pb-acid:
    cost: 215.802
    lifetime: 15.414
    annual_cost: 14.000389256520046
    efficiency: 0.694667
    discharge_ratio: 5
    depth_of_discharge: 0.5
  VRBF:
    cost: 308.646
    lifetime: 21.373
    annual_cost: 14.440930145510691
    efficiency: 0.729659
    discharge_ratio: 0.5
    depth_of_discharge: 1.0
