cost_values:
  wind_capex: 5000.0
  wind_opex: 100
  wind_lifetime: 20
  solar_capex: 1000.0
  solar_opex: 10
  solar_lifetime: 20
  carbon_price: 1.0
timeseries_values:
  load_level: 281081.36903387646
  wind_year: 2017
  solar_year: 2011
  price_year: 2023
  carbon_year: 2023
storage_values:
  CAES:
    cost: 61.2259
    lifetime: 20.6708
    annual_cost: 2.961951158155466
    efficiency: 0.631925
    discharge_ratio: 0.1
    depth_of_discharge: 0.4
  Li-ion:
    cost: 253.08
    lifetime: 23.8857
    annual_cost: 10.59546088245268
    efficiency: 0.9146
    discharge_ratio: 2
    depth_of_discharge: 0.9
  Pb-acid:
    cost: 204.716
    lifetime: 15.9285
    annual_cost: 12.852183193646608
    efficiency: 0.683641
    discharge_ratio: 5
    depth_of_discharge: 0.5
  VRBF:
    cost: 243.943
    lifetime: 18.7102
    annual_cost: 13.037968594670287
    efficiency: 0.732466
    discharge_ratio: 0.5
    depth_of_discharge: 1.0
