cost_values:
  wind_capex: 5000.0
  wind_opex: 100
  wind_lifetime: 20
  solar_capex: 1000.0
  solar_opex: 10
  solar_lifetime: 20
  carbon_price: 1.0
timeseries_values:
  load_level: 281081.36903387646
  wind_year: 2017
  solar_year: 2011
  price_year: 2023
  carbon_year: 2023
storage_values:
  CAES:
    cost: 58.3218
    lifetime: 20.7239
    annual_cost: 2.814228981996632
    efficiency: 0.624775
    discharge_ratio: 0.1
    depth_of_discharge: 0.4
  Li-ion:
    cost: 284.184
    lifetime: 23.2851
    annual_cost: 12.204542819227747
    efficiency: 0.92167
    discharge_ratio: 2
    depth_of_discharge: 0.9
  Pb-acid:
    cost: 217.975
    lifetime: 14.318
    annual_cost: 15.223844112306187
    efficiency: 0.683694
    discharge_ratio: 5
    depth_of_discharge: 0.5
  VRBF:
    cost: 298.943
    lifetime: 19.239
    annual_cost: 15.53838557097562
    efficiency: 0.745846
    discharge_ratio: 0.5
    depth_of_discharge: 1.0
