cost_values:
  wind_capex: 5000.0
  wind_opex: 100
  wind_lifetime: 20
  solar_capex: 1000.0
  solar_opex: 10
  solar_lifetime: 20
  carbon_price: 1.0
timeseries_values:
  load_level: 281081.36903387646
  wind_year: 2017
  solar_year: 2011
  price_year: 2023
  carbon_year: 2023
storage_values:
  CAES:
    cost: 61.4152
    lifetime: 20.7345
    annual_cost: 2.9619812389978053
    efficiency: 0.630224
    discharge_ratio: 0.1
    depth_of_discharge: 0.4
  Li-ion:
    cost: 287.999
    lifetime: 22.7664
    annual_cost: 12.650177454494344
    efficiency: 0.929327
    discharge_ratio: 2
    depth_of_discharge: 0.9
  Pb-acid:
    cost: 249.882
    lifetime: 15.175
    annual_cost: 16.46668863261944
    efficiency: 0.667475
    discharge_ratio: 5
    depth_of_discharge: 0.5
  VRBF:
    cost: 273.465
    lifetime: 19.3631
    annual_cost: 14.122996834184608
    efficiency: 0.735864
    discharge_ratio: 0.5
    depth_of_discharge: 1.0
