cost_values:
  wind_capex: 5000.0
  wind_opex: 100
  wind_lifetime: 20
  solar_capex: 1000.0
  solar_opex: 10
  solar_lifetime: 20
  carbon_price: 1.0
timeseries_values:
  load_level: 281081.36903387646
  wind_year: 2017
  solar_year: 2011
  price_year: 2023
  carbon_year: 2023
storage_values:
  CAES:
    cost: 65.2884
    lifetime: 20.8467
    annual_cost: 3.131833815424024
    efficiency: 0.632995
    discharge_ratio: 0.1
    depth_of_discharge: 0.4
  Li-ion:
    cost: 272.695
    lifetime: 23.4708
    annual_cost: 11.618479131516608
    efficiency: 0.915401
    discharge_ratio: 2
    depth_of_discharge: 0.9
  Pb-acid:
    cost: 229.753
    lifetime: 15.0161
    annual_cost: 15.300444189902837
    efficiency: 0.68878
    discharge_ratio: 5
    depth_of_discharge: 0.5
  VRBF:
    cost: 273.368
    lifetime: 21.1176
    annual_cost: 12.945031632382468
    efficiency: 0.745761
    discharge_ratio: 0.5
    depth_of_discharge: 1.0
