cost_values:
  wind_capex: 5000.0
  wind_opex: 100
  wind_lifetime: 20
  solar_capex: 1000.0
  solar_opex: 10
  solar_lifetime: 20
  carbon_price: 1.0
timeseries_values:
  load_level: 281081.36903387646
  wind_year: 2017
  solar_year: 2011
  price_year: 2023
  carbon_year: 2023
storage_values:
  CAES:
    cost: 61.786
    lifetime: 20.51
    annual_cost: 3.0124817162359823
    efficiency: 0.636283
    discharge_ratio: 0.1
    depth_of_discharge: 0.4
  Li-ion:
    cost: 277.53
    lifetime: 22.409
    annual_cost: 12.384756124771297
    efficiency: 0.944613
    discharge_ratio: 2
    depth_of_discharge: 0.9
  Pb-acid:
    cost: 206.536
    lifetime: 15.1813
    annual_cost: 13.60463201438612
    efficiency: 0.682585
    discharge_ratio: 5
    depth_of_discharge: 0.5
  VRBF:
    cost: 284.544
    lifetime: 19.5879
    annual_cost: 14.526518922395967
    efficiency: 0.739345
    discharge_ratio: 0.5
    depth_of_discharge: 1.0
