cost_values:
  wind_capex: 5000.0
  wind_opex: 100
  wind_lifetime: 20
  solar_capex: 1000.0
  solar_opex: 10
  solar_lifetime: 20
  carbon_price: 1.0
timeseries_values:
  load_level: 281081.36903387646
  wind_year: 2017
  solar_year: 2011
  price_year: 2023
  carbon_year: 2023
storage_values:
  CAES:
    cost: 65.8952
    lifetime: 20.5715
    annual_cost: 3.203227766570255
    efficiency: 0.62592
    discharge_ratio: 0.1
    depth_of_discharge: 0.4
  Li-ion:
    cost: 283.495
    lifetime: 21.9951
    annual_cost: 12.889007097035249
    efficiency: 0.932482
    discharge_ratio: 2
    depth_of_discharge: 0.9
  Pb-acid:
    cost: 225.889
    lifetime: 15.1701
    annual_cost: 14.890409423800767
    efficiency: 0.677273
    discharge_ratio: 5
    depth_of_discharge: 0.5
  VRBF:
    cost: 275.807
    lifetime: 19.5239
    annual_cost: 14.126634535108252
    efficiency: 0.745822
    discharge_ratio: 0.5
    depth_of_discharge: 1.0
