cost_values:
  wind_capex: 5000.0
  wind_opex: 100
  wind_lifetime: 20
  solar_capex: 1000.0
  solar_opex: 10
  solar_lifetime: 20
  carbon_price: 1.0
timeseries_values:
  load_level: 281081.36903387646
  wind_year: 2017
  solar_year: 2011
  price_year: 2023
  carbon_year: 2023
storage_values:
  CAES:
    cost: 58.6045
    lifetime: 21.0041
    annual_cost: 2.7901457334520403
    efficiency: 0.630724
    discharge_ratio: 0.1
    depth_of_discharge: 0.4
  Li-ion:
    cost: 254.636
    lifetime: 23.6369
    annual_cost: 10.772817078381683
    efficiency: 0.930524
    discharge_ratio: 2
    depth_of_discharge: 0.9
  Pb-acid:
    cost: 226.608
    lifetime: 16.4984
    annual_cost: 13.735150075158803
    efficiency: 0.694112
    discharge_ratio: 5
    depth_of_discharge: 0.5
  VRBF:
    cost: 277.437
    lifetime: 19.5701
    annual_cost: 14.176575490161012
    efficiency: 0.763298
    discharge_ratio: 0.5
    depth_of_discharge: 1.0
