cost_values:
  wind_capex: 5000.0
  wind_opex: 100
  wind_lifetime: 20
  solar_capex: 1000.0
  solar_opex: 10
  solar_lifetime: 20
  carbon_price: 1.0
timeseries_values:
  load_level: 281081.36903387646
  wind_year: 2017
  solar_year: 2011
  price_year: 2023
  carbon_year: 2023
storage_values:
  CAES:
    cost: 58.0419
    lifetime: 20.84
    annual_cost: 2.785119961612284
    efficiency: 0.616714
    discharge_ratio: 0.1
    depth_of_discharge: 0.4
  Li-ion:
    cost: 281.308
    lifetime: 22.6532
    annual_cost: 12.418024826514577
    efficiency: 0.916425
    discharge_ratio: 2
    depth_of_discharge: 0.9
  Pb-acid:
    cost: 232.241
    lifetime: 15.8418
    annual_cost: 14.660013382317668
    efficiency: 0.688303
    discharge_ratio: 5
    depth_of_discharge: 0.5
  VRBF:
    cost: 272.631
    lifetime: 20.8675
    annual_cost: 13.064861626931831
    efficiency: 0.735131
    discharge_ratio: 0.5
    depth_of_discharge: 1.0
