cost_values:
  wind_capex: 5000.0
  wind_opex: 100
  wind_lifetime: 20
  solar_capex: 1000.0
  solar_opex: 10
  solar_lifetime: 20
  carbon_price: 1.0
timeseries_values:
  load_level: 281081.36903387646
  wind_year: 2017
  solar_year: 2011
  price_year: 2023
  carbon_year: 2023
storage_values:
  CAES:
    cost: 65.1796
    lifetime: 21.1712
    annual_cost: 3.078691807738815
    efficiency: 0.631384
    discharge_ratio: 0.1
    depth_of_discharge: 0.4
  Li-ion:
    cost: 254.782
    lifetime: 22.7776
    annual_cost: 11.185638522056758
    efficiency: 0.930017
    discharge_ratio: 2
    depth_of_discharge: 0.9
  Pb-acid:
    cost: 207.705
    lifetime: 14.0605
    annual_cost: 14.772234273318874
    efficiency: 0.676599
    discharge_ratio: 5
    depth_of_discharge: 0.5
  VRBF:
    cost: 262.773
    lifetime: 21.0894
    annual_cost: 12.459956186520243
    efficiency: 0.745047
    discharge_ratio: 0.5
    depth_of_discharge: 1.0
