cost_values:
  wind_capex: 5000.0
  wind_opex: 100
  wind_lifetime: 20
  solar_capex: 1000.0
  solar_opex: 10
  solar_lifetime: 20
  carbon_price: 1.0
timeseries_values:
  load_level: 281081.36903387646
  wind_year: 2017
  solar_year: 2011
  price_year: 2023
  carbon_year: 2023
storage_values:
  CAES:
    cost: 63.2009
    lifetime: 20.0603
    annual_cost: 3.150546103497953
    efficiency: 0.63806
    discharge_ratio: 0.1
    depth_of_discharge: 0.4
  Li-ion:
    cost: 261.187
    lifetime: 22.7104
    annual_cost: 11.50076616880372
    efficiency: 0.918841
    discharge_ratio: 2
    depth_of_discharge: 0.9
  Pb-acid:
    cost: 227.493
    lifetime: 16.6521
    annual_cost: 13.66152016862738
    efficiency: 0.675741
    discharge_ratio: 5
    depth_of_discharge: 0.5
  VRBF:
    cost: 262.036
    lifetime: 20.3101
    annual_cost: 12.901758238511874
    efficiency: 0.731977
    discharge_ratio: 0.5
    depth_of_discharge: 1.0
