cost_values:
  wind_capex: 5000.0
  wind_opex: 100
  wind_lifetime: 20
  solar_capex: 1000.0
  solar_opex: 10
  solar_lifetime: 20
  carbon_price: 1.0
timeseries_values:
  load_level: 281081.36903387646
  wind_year: 2017
  solar_year: 2011
  price_year: 2023
  carbon_year: 2023
storage_values:
  CAES:
    cost: 59.284
    lifetime: 20.5666
    annual_cost: 2.8825377067672826
    efficiency: 0.633298
    discharge_ratio: 0.1
    depth_of_discharge: 0.4
  Li-ion:
    cost: 263.825
    lifetime: 23.2547
    annual_cost: 11.345018426382623
    efficiency: 0.909884
    discharge_ratio: 2
    depth_of_discharge: 0.9
  Pb-acid:
    cost: 241.258
    lifetime: 15.6886
    annual_cost: 15.377917723697463
    efficiency: 0.686094
    discharge_ratio: 5
    depth_of_discharge: 0.5
  VRBF:
    cost: 301.879
    lifetime: 19.3953
    annual_cost: 15.564543987460882
    efficiency: 0.727113
    discharge_ratio: 0.5
    depth_of_discharge: 1.0
