cost_values:
  wind_capex: 5000.0
  wind_opex: 100
  wind_lifetime: 20
  solar_capex: 1000.0
  solar_opex: 10
  solar_lifetime: 20
  carbon_price: 1.0
timeseries_values:
  load_level: 281081.36903387646
  wind_year: 2017
  solar_year: 2011
  price_year: 2023
  carbon_year: 2023
storage_values:
  CAES:
    cost: 55.0929
    lifetime: 20.668
    annual_cost: 2.6656135088058837
    efficiency: 0.626856
    discharge_ratio: 0.1
    depth_of_discharge: 0.4
  Li-ion:
    cost: 278.342
    lifetime: 22.9631
    annual_cost: 12.121272824662174
    efficiency: 0.920653
    discharge_ratio: 2
    depth_of_discharge: 0.9
  Pb-acid:
    cost: 223.89
    lifetime: 16.3156
    annual_cost: 13.7224496800608
    efficiency: 0.678969
    discharge_ratio: 5
    depth_of_discharge: 0.5
  VRBF:
    cost: 305.598
    lifetime: 21.2302
    annual_cost: 14.394494635001085
    efficiency: 0.742722
    discharge_ratio: 0.5
    depth_of_discharge: 1.0
