cost_values:
  wind_capex: 5000.0
  wind_opex: 100
  wind_lifetime: 20
  solar_capex: 1000.0
  solar_opex: 10
  solar_lifetime: 20
  carbon_price: 1.0
timeseries_values:
  load_level: 281081.36903387646
  wind_year: 2017
  solar_year: 2011
  price_year: 2023
  carbon_year: 2023
storage_values:
  CAES:
    cost: 59.1422
    lifetime: 21.6522
    annual_cost: 2.7314637773528787
    efficiency: 0.635793
    discharge_ratio: 0.1
    depth_of_discharge: 0.4
  Li-ion:
    cost: 255.764
    lifetime: 24.7168
    annual_cost: 10.347779647850855
    efficiency: 0.921687
    discharge_ratio: 2
    depth_of_discharge: 0.9
  Pb-acid:
    cost: 228.433
    lifetime: 15.2376
    annual_cost: 14.99140284559248
    efficiency: 0.685606
    discharge_ratio: 5
    depth_of_discharge: 0.5
  VRBF:
    cost: 245.376
    lifetime: 20.0548
    annual_cost: 12.235275345553184
    efficiency: 0.72672
    discharge_ratio: 0.5
    depth_of_discharge: 1.0
