cost_values:
  wind_capex: 5000.0
  wind_opex: 100
  wind_lifetime: 20
  solar_capex: 1000.0
  solar_opex: 10
  solar_lifetime: 20
  carbon_price: 1.0
timeseries_values:
  load_level: 281081.36903387646
  wind_year: 2017
  solar_year: 2011
  price_year: 2023
  carbon_year: 2023
storage_values:
  CAES:
    cost: 59.2042
    lifetime: 20.8722
    annual_cost: 2.8365098073034947
    efficiency: 0.630643
    discharge_ratio: 0.1
    depth_of_discharge: 0.4
  Li-ion:
    cost: 277.151
    lifetime: 23.002
    annual_cost: 12.048995739500914
    efficiency: 0.921283
    discharge_ratio: 2
    depth_of_discharge: 0.9
  Pb-acid:
    cost: 217.748
    lifetime: 15.7133
    annual_cost: 13.857560156046151
    efficiency: 0.674547
    discharge_ratio: 5
    depth_of_discharge: 0.5
  VRBF:
    cost: 279.498
    lifetime: 18.8064
    annual_cost: 14.861855538540071
    efficiency: 0.724978
    discharge_ratio: 0.5
    depth_of_discharge: 1.0
