cost_values:
  wind_capex: 5000.0
  wind_opex: 100
  wind_lifetime: 20
  solar_capex: 1000.0
  solar_opex: 10
  solar_lifetime: 20
  carbon_price: 1.0
timeseries_values:
  load_level: 281081.36903387646
  wind_year: 2017
  solar_year: 2011
  price_year: 2023
  carbon_year: 2023
storage_values:
  CAES:
    cost: 59.8237
    lifetime: 20.8143
    annual_cost: 2.8741634357148693
    efficiency: 0.62384
    discharge_ratio: 0.1
    depth_of_discharge: 0.4
  Li-ion:
    cost: 295.17
    lifetime: 23.7639
    annual_cost: 12.420941007157916
    efficiency: 0.929942
    discharge_ratio: 2
    depth_of_discharge: 0.9
  Pb-acid:
    cost: 219.119
    lifetime: 15.4873
    annual_cost: 14.148302157251425
    efficiency: 0.673714
    discharge_ratio: 5
    depth_of_discharge: 0.5
  VRBF:
    cost: 275.775
    lifetime: 19.339
    annual_cost: 14.260044469724392
    efficiency: 0.743805
    discharge_ratio: 0.5
    depth_of_discharge: 1.0
