cost_values:
  wind_capex: 5000.0
  wind_opex: 100
  wind_lifetime: 20
  solar_capex: 1000.0
  solar_opex: 10
  solar_lifetime: 20
  carbon_price: 1.0
timeseries_values:
  load_level: 281081.36903387646
  wind_year: 2017
  solar_year: 2011
  price_year: 2023
  carbon_year: 2023
storage_values:
  CAES:
    cost: 63.1936
    lifetime: 20.6564
    annual_cost: 3.0592746073856043
    efficiency: 0.636656
    discharge_ratio: 0.1
    depth_of_discharge: 0.4
  Li-ion:
    cost: 254.015
    lifetime: 22.8802
    annual_cost: 11.101957150724207
    efficiency: 0.937562
    discharge_ratio: 2
    depth_of_discharge: 0.9
  Pb-acid:
    cost: 238.21
    lifetime: 12.7706
    annual_cost: 18.65299985905126
    efficiency: 0.68877
    discharge_ratio: 5
    depth_of_discharge: 0.5
  VRBF:
    cost: 281.086
    lifetime: 21.9933
    annual_cost: 12.780528615532912
    efficiency: 0.735686
    discharge_ratio: 0.5
    depth_of_discharge: 1.0
