cost_values:
  wind_capex: 5000.0
  wind_opex: 100
  wind_lifetime: 20
  solar_capex: 1000.0
  solar_opex: 10
  solar_lifetime: 20
  carbon_price: 1.0
timeseries_values:
  load_level: 281081.36903387646
  wind_year: 2017
  solar_year: 2011
  price_year: 2023
  carbon_year: 2023
storage_values:
  CAES:
    cost: 55.1926
    lifetime: 21.8309
    annual_cost: 2.5281871109299203
    efficiency: 0.630497
    discharge_ratio: 0.1
    depth_of_discharge: 0.4
  Li-ion:
    cost: 271.115
    lifetime: 23.7516
    annual_cost: 11.414599437511578
    efficiency: 0.919636
    discharge_ratio: 2
    depth_of_discharge: 0.9
  Pb-acid:
    cost: 244.446
    lifetime: 16.0978
    annual_cost: 15.185056343102785
    efficiency: 0.675141
    discharge_ratio: 5
    depth_of_discharge: 0.5
  VRBF:
    cost: 282.467
    lifetime: 21.9312
    annual_cost: 12.879687386007149
    efficiency: 0.747714
    discharge_ratio: 0.5
    depth_of_discharge: 1.0
