cost_values:
  wind_capex: 5000.0
  wind_opex: 100
  wind_lifetime: 20
  solar_capex: 1000.0
  solar_opex: 10
  solar_lifetime: 20
  carbon_price: 1.0
timeseries_values:
  load_level: 281081.36903387646
  wind_year: 2017
  solar_year: 2011
  price_year: 2023
  carbon_year: 2023
storage_values:
  CAES:
    cost: 59.382
    lifetime: 21.5196
    annual_cost: 2.7594379077678024
    efficiency: 0.63245
    discharge_ratio: 0.1
    depth_of_discharge: 0.4
  Li-ion:
    cost: 278.052
    lifetime: 22.3651
    annual_cost: 12.432405846609226
    efficiency: 0.924235
    discharge_ratio: 2
    depth_of_discharge: 0.9
  Pb-acid:
    cost: 229.49
    lifetime: 15.4101
    annual_cost: 14.89218110200453
    efficiency: 0.681268
    discharge_ratio: 5
    depth_of_discharge: 0.5
  VRBF:
    cost: 265.245
    lifetime: 17.5114
    annual_cost: 15.146989960825522
    efficiency: 0.746344
    discharge_ratio: 0.5
    depth_of_discharge: 1.0
