cost_values:
  wind_capex: 5000.0
  wind_opex: 100
  wind_lifetime: 20
  solar_capex: 1000.0
  solar_opex: 10
  solar_lifetime: 20
  carbon_price: 1.0
timeseries_values:
  load_level: 281081.36903387646
  wind_year: 2017
  solar_year: 2011
  price_year: 2023
  carbon_year: 2023
storage_values:
  CAES:
    cost: 64.3582
    lifetime: 21.251
    annual_cost: 3.0284786598277726
    efficiency: 0.616662
    discharge_ratio: 0.1
    depth_of_discharge: 0.4
  Li-ion:
    cost: 279.849
    lifetime: 23.5091
    annual_cost: 11.90385850585518
    efficiency: 0.918951
    discharge_ratio: 2
    depth_of_discharge: 0.9
  Pb-acid:
    cost: 228.312
    lifetime: 15.4185
    annual_cost: 14.807666115380874
    efficiency: 0.676184
    discharge_ratio: 5
    depth_of_discharge: 0.5
  VRBF:
    cost: 282.308
    lifetime: 17.417
    annual_cost: 16.208761554802777
    efficiency: 0.716912
    discharge_ratio: 0.5
    depth_of_discharge: 1.0
