cost_values:
  wind_capex: 5000.0
  wind_opex: 100
  wind_lifetime: 20
  solar_capex: 1000.0
  solar_opex: 10
  solar_lifetime: 20
  carbon_price: 1.0
timeseries_values:
  load_level: 281081.36903387646
  wind_year: 2017
  solar_year: 2011
  price_year: 2023
  carbon_year: 2023
storage_values:
  CAES:
    cost: 68.1249
    lifetime: 20.1098
    annual_cost: 3.387646818963888
    efficiency: 0.630596
    discharge_ratio: 0.1
    depth_of_discharge: 0.4
  Li-ion:
    cost: 267.732
    lifetime: 23.8553
    annual_cost: 11.22316634039396
    efficiency: 0.919536
    discharge_ratio: 2
    depth_of_discharge: 0.9
  Pb-acid:
    cost: 220.466
    lifetime: 14.2844
    annual_cost: 15.434039931673714
    efficiency: 0.683561
    discharge_ratio: 5
    depth_of_discharge: 0.5
  VRBF:
    cost: 288.834
    lifetime: 20.3674
    annual_cost: 14.18119151192592
    efficiency: 0.744849
    discharge_ratio: 0.5
    depth_of_discharge: 1.0
