cost_values:
  wind_capex: 5000.0
  wind_opex: 100
  wind_lifetime: 20
  solar_capex: 1000.0
  solar_opex: 10
  solar_lifetime: 20
  carbon_price: 1.0
timeseries_values:
  load_level: 281081.36903387646
  wind_year: 2017
  solar_year: 2011
  price_year: 2023
  carbon_year: 2023
storage_values:
  CAES:
    cost: 53.0328
    lifetime: 20.5509
    annual_cost: 2.5805585156854445
    efficiency: 0.62418
    discharge_ratio: 0.1
    depth_of_discharge: 0.4
  Li-ion:
    cost: 289.813
    lifetime: 24.119
    annual_cost: 12.015962519175753
    efficiency: 0.941056
    discharge_ratio: 2
    depth_of_discharge: 0.9
  Pb-acid:
    cost: 203.413
    lifetime: 17.5449
    annual_cost: 11.593853484488372
    efficiency: 0.685444
    discharge_ratio: 5
    depth_of_discharge: 0.5
  VRBF:
    cost: 303.239
    lifetime: 18.8947
    annual_cost: 16.048892017338193
    efficiency: 0.740557
    discharge_ratio: 0.5
    depth_of_discharge: 1.0
