cost_values:
  wind_capex: 5000.0
  wind_opex: 100
  wind_lifetime: 20
  solar_capex: 1000.0
  solar_opex: 10
  solar_lifetime: 20
  carbon_price: 1.0
timeseries_values:
  load_level: 281081.36903387646
  wind_year: 2017
  solar_year: 2011
  price_year: 2023
  carbon_year: 2023
storage_values:
  CAES:
    cost: 65.3199
    lifetime: 20.1892
    annual_cost: 3.235388227369089
    efficiency: 0.624106
    discharge_ratio: 0.1
    depth_of_discharge: 0.4
  Li-ion:
    cost: 283.407
    lifetime: 24.5716
    annual_cost: 11.533925344706896
    efficiency: 0.920554
    discharge_ratio: 2
    depth_of_discharge: 0.9
  Pb-acid:
    cost: 231.319
    lifetime: 15.9093
    annual_cost: 14.53986033326419
    efficiency: 0.682312
    discharge_ratio: 5
    depth_of_discharge: 0.5
  VRBF:
    cost: 264.563
    lifetime: 18.8083
    annual_cost: 14.066289882658188
    efficiency: 0.734429
    discharge_ratio: 0.5
    depth_of_discharge: 1.0
