cost_values:
  wind_capex: 5000.0
  wind_opex: 100
  wind_lifetime: 20
  solar_capex: 1000.0
  solar_opex: 10
  solar_lifetime: 20
  carbon_price: 1.0
timeseries_values:
  load_level: 281081.36903387646
  wind_year: 2017
  solar_year: 2011
  price_year: 2023
  carbon_year: 2023
storage_values:
  CAES:
    cost: 60.8839
    lifetime: 21.0322
    annual_cost: 2.894794648206084
    efficiency: 0.612487
    discharge_ratio: 0.1
    depth_of_discharge: 0.4
  Li-ion:
    cost: 286.735
    lifetime: 22.2163
    annual_cost: 12.906514586137206
    efficiency: 0.916159
    discharge_ratio: 2
    depth_of_discharge: 0.9
  Pb-acid:
    cost: 208.756
    lifetime: 14.5126
    annual_cost: 14.384465912379586
    efficiency: 0.676831
    discharge_ratio: 5
    depth_of_discharge: 0.5
  VRBF:
    cost: 272.638
    lifetime: 18.8947
    annual_cost: 14.429337327398686
    efficiency: 0.747627
    discharge_ratio: 0.5
    depth_of_discharge: 1.0
