cost_values:
  wind_capex: 5000.0
  wind_opex: 100
  wind_lifetime: 20
  solar_capex: 1000.0
  solar_opex: 10
  solar_lifetime: 20
  carbon_price: 1.0
timeseries_values:
  load_level: 281081.36903387646
  wind_year: 2017
  solar_year: 2011
  price_year: 2023
  carbon_year: 2023
storage_values:
  CAES:
    cost: 68.5666
    lifetime: 20.2928
    annual_cost: 3.378863439249389
    efficiency: 0.626908
    discharge_ratio: 0.1
    depth_of_discharge: 0.4
  Li-ion:
    cost: 261.786
    lifetime: 22.1316
    annual_cost: 11.828607059589004
    efficiency: 0.92789
    discharge_ratio: 2
    depth_of_discharge: 0.9
  Pb-acid:
    cost: 208.256
    lifetime: 15.5886
    annual_cost: 13.359506305890202
    efficiency: 0.694708
    discharge_ratio: 5
    depth_of_discharge: 0.5
  VRBF:
    cost: 264.77
    lifetime: 20.7814
    annual_cost: 12.740720066982973
    efficiency: 0.731653
    discharge_ratio: 0.5
    depth_of_discharge: 1.0
