cost_values:
  wind_capex: 5000.0
  wind_opex: 100
  wind_lifetime: 20
  solar_capex: 1000.0
  solar_opex: 10
  solar_lifetime: 20
  carbon_price: 1.0
timeseries_values:
  load_level: 281081.36903387646
  wind_year: 2017
  solar_year: 2011
  price_year: 2023
  carbon_year: 2023
storage_values:
  CAES:
    cost: 70.1959
    lifetime: 20.3656
    annual_cost: 3.4467877204698114
    efficiency: 0.622431
    discharge_ratio: 0.1
    depth_of_discharge: 0.4
  Li-ion:
    cost: 272.64
    lifetime: 20.9931
    annual_cost: 12.987124340854853
    efficiency: 0.913097
    discharge_ratio: 2
    depth_of_discharge: 0.9
  Pb-acid:
    cost: 215.182
    lifetime: 16.3059
    annual_cost: 13.196573019581868
    efficiency: 0.686242
    discharge_ratio: 5
    depth_of_discharge: 0.5
  VRBF:
    cost: 293.53
    lifetime: 22.0691
    annual_cost: 13.300497075095947
    efficiency: 0.744691
    discharge_ratio: 0.5
    depth_of_discharge: 1.0
