cost_values:
  wind_capex: 5000.0
  wind_opex: 100
  wind_lifetime: 20
  solar_capex: 1000.0
  solar_opex: 10
  solar_lifetime: 20
  carbon_price: 1.0
timeseries_values:
  load_level: 281081.36903387646
  wind_year: 2017
  solar_year: 2011
  price_year: 2023
  carbon_year: 2023
storage_values:
  CAES:
    cost: 55.2189
    lifetime: 20.9539
    annual_cost: 2.6352564439078163
    efficiency: 0.627156
    discharge_ratio: 0.1
    depth_of_discharge: 0.4
  Li-ion:
    cost: 268.08
    lifetime: 21.5931
    annual_cost: 12.415077038498408
    efficiency: 0.920236
    discharge_ratio: 2
    depth_of_discharge: 0.9
  Pb-acid:
    cost: 224.75
    lifetime: 15.2518
    annual_cost: 14.735965590946643
    efficiency: 0.690728
    discharge_ratio: 5
    depth_of_discharge: 0.5
  VRBF:
    cost: 291.718
    lifetime: 18.6983
    annual_cost: 15.601311349160085
    efficiency: 0.755825
    discharge_ratio: 0.5
    depth_of_discharge: 1.0
