cost_values:
  wind_capex: 5000.0
  wind_opex: 100
  wind_lifetime: 20
  solar_capex: 1000.0
  solar_opex: 10
  solar_lifetime: 20
  carbon_price: 1.0
timeseries_values:
  load_level: 281081.36903387646
  wind_year: 2017
  solar_year: 2011
  price_year: 2023
  carbon_year: 2023
storage_values:
  CAES:
    cost: 66.9586
    lifetime: 20.6327
    annual_cost: 3.2452660097805914
    efficiency: 0.631548
    discharge_ratio: 0.1
    depth_of_discharge: 0.4
  Li-ion:
    cost: 267.148
    lifetime: 24.6893
    annual_cost: 10.8203958799966
    efficiency: 0.946924
    discharge_ratio: 2
    depth_of_discharge: 0.9
  Pb-acid:
    cost: 206.273
    lifetime: 15.4176
    annual_cost: 13.379060294728102
    efficiency: 0.679526
    discharge_ratio: 5
    depth_of_discharge: 0.5
  VRBF:
    cost: 311.76
    lifetime: 20.9161
    annual_cost: 14.905264365727836
    efficiency: 0.717184
    discharge_ratio: 0.5
    depth_of_discharge: 1.0
