cost_values:
  wind_capex: 5000.0
  wind_opex: 100
  wind_lifetime: 20
  solar_capex: 1000.0
  solar_opex: 10
  solar_lifetime: 20
  carbon_price: 1.0
timeseries_values:
  load_level: 281081.36903387646
  wind_year: 2017
  solar_year: 2011
  price_year: 2023
  carbon_year: 2023
storage_values:
  CAES:
    cost: 63.0608
    lifetime: 20.9253
    annual_cost: 3.013615097513536
    efficiency: 0.629293
    discharge_ratio: 0.1
    depth_of_discharge: 0.4
  Li-ion:
    cost: 286.788
    lifetime: 22.7964
    annual_cost: 12.58040743275254
    efficiency: 0.929722
    discharge_ratio: 2
    depth_of_discharge: 0.9
  Pb-acid:
    cost: 228.822
    lifetime: 15.5366
    annual_cost: 14.727932752339637
    efficiency: 0.668265
    discharge_ratio: 5
    depth_of_discharge: 0.5
  VRBF:
    cost: 244.771
    lifetime: 21.4389
    annual_cost: 11.417143603449803
    efficiency: 0.732857
    discharge_ratio: 0.5
    depth_of_discharge: 1.0
