cost_values:
  wind_capex: 5000.0
  wind_opex: 100
  wind_lifetime: 20
  solar_capex: 1000.0
  solar_opex: 10
  solar_lifetime: 20
  carbon_price: 1.0
timeseries_values:
  load_level: 281081.36903387646
  wind_year: 2017
  solar_year: 2011
  price_year: 2023
  carbon_year: 2023
storage_values:
  CAES:
    cost: 59.8215
    lifetime: 20.7071
    annual_cost: 2.8889366449188927
    efficiency: 0.613147
    discharge_ratio: 0.1
    depth_of_discharge: 0.4
  Li-ion:
    cost: 246.802
    lifetime: 23.8108
    annual_cost: 10.365128429116199
    efficiency: 0.925205
    discharge_ratio: 2
    depth_of_discharge: 0.9
  Pb-acid:
    cost: 232.391
    lifetime: 15.8342
    annual_cost: 14.676522969269051
    efficiency: 0.684584
    discharge_ratio: 5
    depth_of_discharge: 0.5
  VRBF:
    cost: 254.626
    lifetime: 19.8425
    annual_cost: 12.832354794002772
    efficiency: 0.744371
    discharge_ratio: 0.5
    depth_of_discharge: 1.0
