cost_values:
  wind_capex: 5000.0
  wind_opex: 100
  wind_lifetime: 20
  solar_capex: 1000.0
  solar_opex: 10
  solar_lifetime: 20
  carbon_price: 1.0
timeseries_values:
  load_level: 239119.5347402726
  wind_year: 2012
  solar_year: 2013
  price_year: 2023
  carbon_year: 2023
storage_values:
  CAES:
    cost: 52.6736
    lifetime: 24.6895
    annual_cost: 2.133441341460945
    efficiency: 0.57105
    discharge_ratio: 0.1
    depth_of_discharge: 0.4
  Li-ion:
    cost: 208.124
    lifetime: 15.7976
    annual_cost: 13.174406238922368
    efficiency: 0.927385
    discharge_ratio: 2
    depth_of_discharge: 0.9
  Pb-acid:
    cost: 94.9371
    lifetime: 11.2605
    annual_cost: 8.430984414546423
    efficiency: 0.73017
    discharge_ratio: 5
    depth_of_discharge: 0.5
  VRBF:
    cost: 184.099
    lifetime: 13.9135
    annual_cost: 13.231681460452076
    efficiency: 0.711429
    discharge_ratio: 0.5
    depth_of_discharge: 1.0
