cost_values:
  wind_capex: 5000.0
  wind_opex: 100
  wind_lifetime: 20
  solar_capex: 1000.0
  solar_opex: 10
  solar_lifetime: 20
  carbon_price: 1.0
timeseries_values:
  load_level: 239119.5347402726
  wind_year: 2012
  solar_year: 2013
  price_year: 2023
  carbon_year: 2023
storage_values:
  CAES:
    cost: 59.6245
    lifetime: 23.3879
    annual_cost: 2.5493738215059927
    efficiency: 0.578121
    discharge_ratio: 0.1
    depth_of_discharge: 0.4
  Li-ion:
    cost: 198.366
    lifetime: 16.4012
    annual_cost: 12.094602833938982
    efficiency: 0.936459
    discharge_ratio: 2
    depth_of_discharge: 0.9
  Pb-acid:
    cost: 119.118
    lifetime: 10.8834
    annual_cost: 10.944925299079332
    efficiency: 0.743217
    discharge_ratio: 5
    depth_of_discharge: 0.5
  VRBF:
    cost: 188.268
    lifetime: 16.7527
    annual_cost: 11.23806908737099
    efficiency: 0.711975
    discharge_ratio: 0.5
    depth_of_discharge: 1.0
