cost_values:
  wind_capex: 5000.0
  wind_opex: 100
  wind_lifetime: 20
  solar_capex: 1000.0
  solar_opex: 10
  solar_lifetime: 20
  carbon_price: 1.0
timeseries_values:
  load_level: 239119.5347402726
  wind_year: 2012
  solar_year: 2013
  price_year: 2023
  carbon_year: 2023
storage_values:
  CAES:
    cost: 58.6881
    lifetime: 23.4026
    annual_cost: 2.5077598215582886
    efficiency: 0.575858
    discharge_ratio: 0.1
    depth_of_discharge: 0.4
  Li-ion:
    cost: 220.586
    lifetime: 17.4016
    annual_cost: 12.676190695108497
    efficiency: 0.928072
    discharge_ratio: 2
    depth_of_discharge: 0.9
  Pb-acid:
    cost: 90.1364
    lifetime: 8.48529
    annual_cost: 10.62266581342535
    efficiency: 0.728363
    discharge_ratio: 5
    depth_of_discharge: 0.5
  VRBF:
    cost: 167.483
    lifetime: 15.3102
    annual_cost: 10.93930843489961
    efficiency: 0.700876
    discharge_ratio: 0.5
    depth_of_discharge: 1.0
