cost_values:
  wind_capex: 5000.0
  wind_opex: 100
  wind_lifetime: 20
  solar_capex: 1000.0
  solar_opex: 10
  solar_lifetime: 20
  carbon_price: 1.0
timeseries_values:
  load_level: 239119.5347402726
  wind_year: 2012
  solar_year: 2013
  price_year: 2023
  carbon_year: 2023
storage_values:
  CAES:
    cost: 52.6522
    lifetime: 23.7964
    annual_cost: 2.2126119917298417
    efficiency: 0.574618
    discharge_ratio: 0.1
    depth_of_discharge: 0.4
  Li-ion:
    cost: 196.799
    lifetime: 17.4381
    annual_cost: 11.285575836817086
    efficiency: 0.92751
    discharge_ratio: 2
    depth_of_discharge: 0.9
  Pb-acid:
    cost: 119.209
    lifetime: 10.3053
    annual_cost: 11.567736989704326
    efficiency: 0.73134
    discharge_ratio: 5
    depth_of_discharge: 0.5
  VRBF:
    cost: 191.396
    lifetime: 15.0906
    annual_cost: 12.683127244774893
    efficiency: 0.716855
    discharge_ratio: 0.5
    depth_of_discharge: 1.0
