cost_values:
  wind_capex: 5000.0
  wind_opex: 100
  wind_lifetime: 20
  solar_capex: 1000.0
  solar_opex: 10
  solar_lifetime: 20
  carbon_price: 1.0
timeseries_values:
  load_level: 239119.5347402726
  wind_year: 2012
  solar_year: 2013
  price_year: 2023
  carbon_year: 2023
storage_values:
  CAES:
    cost: 50.0041
    lifetime: 24.5303
    annual_cost: 2.038462636005267
    efficiency: 0.577145
    discharge_ratio: 0.1
    depth_of_discharge: 0.4
  Li-ion:
    cost: 190.163
    lifetime: 16.3444
    annual_cost: 11.634749516654022
    efficiency: 0.914514
    discharge_ratio: 2
    depth_of_discharge: 0.9
  Pb-acid:
    cost: 98.7338
    lifetime: 9.89322
    annual_cost: 9.979945861913514
    efficiency: 0.71042
    discharge_ratio: 5
    depth_of_discharge: 0.5
  VRBF:
    cost: 172.487
    lifetime: 14.8431
    annual_cost: 11.62068570581617
    efficiency: 0.713333
    discharge_ratio: 0.5
    depth_of_discharge: 1.0
