cost_values:
  wind_capex: 5000.0
  wind_opex: 100
  wind_lifetime: 20
  solar_capex: 1000.0
  solar_opex: 10
  solar_lifetime: 20
  carbon_price: 1.0
timeseries_values:
  load_level: 239119.5347402726
  wind_year: 2012
  solar_year: 2013
  price_year: 2023
  carbon_year: 2023
storage_values:
  CAES:
    cost: 46.6012
    lifetime: 22.8165
    annual_cost: 2.0424342033177743
    efficiency: 0.574733
    discharge_ratio: 0.1
    depth_of_discharge: 0.4
  Li-ion:
    cost: 187.782
    lifetime: 18.3038
    annual_cost: 10.25918115364023
    efficiency: 0.912755
    discharge_ratio: 2
    depth_of_discharge: 0.9
  Pb-acid:
    cost: 106.838
    lifetime: 9.38889
    annual_cost: 11.37919391962202
    efficiency: 0.737234
    discharge_ratio: 5
    depth_of_discharge: 0.5
  VRBF:
    cost: 181.734
    lifetime: 17.3021
    annual_cost: 10.50358049022951
    efficiency: 0.710663
    discharge_ratio: 0.5
    depth_of_discharge: 1.0
