cost_values:
  wind_capex: 5000.0
  wind_opex: 100
  wind_lifetime: 20
  solar_capex: 1000.0
  solar_opex: 10
  solar_lifetime: 20
  carbon_price: 1.0
timeseries_values:
  load_level: 239119.5347402726
  wind_year: 2012
  solar_year: 2013
  price_year: 2023
  carbon_year: 2023
storage_values:
  CAES:
    cost: 46.041
    lifetime: 23.4303
    annual_cost: 1.9650196540377203
    efficiency: 0.582602
    discharge_ratio: 0.1
    depth_of_discharge: 0.4
  Li-ion:
    cost: 186.196
    lifetime: 15.727
    annual_cost: 11.839257328161759
    efficiency: 0.933005
    discharge_ratio: 2
    depth_of_discharge: 0.9
  Pb-acid:
    cost: 95.3527
    lifetime: 8.91122
    annual_cost: 10.700296929040018
    efficiency: 0.732488
    discharge_ratio: 5
    depth_of_discharge: 0.5
  VRBF:
    cost: 163.212
    lifetime: 16.4341
    annual_cost: 9.931301379448827
    efficiency: 0.714054
    discharge_ratio: 0.5
    depth_of_discharge: 1.0
