cost_values:
  wind_capex: 5000.0
  wind_opex: 100
  wind_lifetime: 20
  solar_capex: 1000.0
  solar_opex: 10
  solar_lifetime: 20
  carbon_price: 1.0
timeseries_values:
  load_level: 239119.5347402726
  wind_year: 2012
  solar_year: 2013
  price_year: 2023
  carbon_year: 2023
storage_values:
  CAES:
    cost: 50.9145
    lifetime: 23.9774
    annual_cost: 2.1234370699074963
    efficiency: 0.580559
    discharge_ratio: 0.1
    depth_of_discharge: 0.4
  Li-ion:
    cost: 203.373
    lifetime: 15.047
    annual_cost: 13.515850335615072
    efficiency: 0.931449
    discharge_ratio: 2
    depth_of_discharge: 0.9
  Pb-acid:
    cost: 84.3895
    lifetime: 10.438
    annual_cost: 8.084834259436674
    efficiency: 0.746267
    discharge_ratio: 5
    depth_of_discharge: 0.5
  VRBF:
    cost: 183.12
    lifetime: 16.6501
    annual_cost: 10.998132143350492
    efficiency: 0.71647
    discharge_ratio: 0.5
    depth_of_discharge: 1.0
