cost_values:
  wind_capex: 5000.0
  wind_opex: 100
  wind_lifetime: 20
  solar_capex: 1000.0
  solar_opex: 10
  solar_lifetime: 20
  carbon_price: 1.0
timeseries_values:
  load_level: 239119.5347402726
  wind_year: 2012
  solar_year: 2013
  price_year: 2023
  carbon_year: 2023
storage_values:
  CAES:
    cost: 46.246
    lifetime: 23.7599
    annual_cost: 1.94638866325195
    efficiency: 0.583018
    discharge_ratio: 0.1
    depth_of_discharge: 0.4
  Li-ion:
    cost: 207.797
    lifetime: 16.036
    annual_cost: 12.958156647543026
    efficiency: 0.920547
    discharge_ratio: 2
    depth_of_discharge: 0.9
  Pb-acid:
    cost: 81.1161
    lifetime: 11.3589
    annual_cost: 7.141193249346328
    efficiency: 0.719307
    discharge_ratio: 5
    depth_of_discharge: 0.5
  VRBF:
    cost: 164.556
    lifetime: 16.5804
    annual_cost: 9.924730404574076
    efficiency: 0.704753
    discharge_ratio: 0.5
    depth_of_discharge: 1.0
