cost_values:
  wind_capex: 5000.0
  wind_opex: 100
  wind_lifetime: 20
  solar_capex: 1000.0
  solar_opex: 10
  solar_lifetime: 20
  carbon_price: 1.0
timeseries_values:
  load_level: 239119.5347402726
  wind_year: 2012
  solar_year: 2013
  price_year: 2023
  carbon_year: 2023
storage_values:
  CAES:
    cost: 57.4951
    lifetime: 24.1289
    annual_cost: 2.3828313764821436
    efficiency: 0.590741
    discharge_ratio: 0.1
    depth_of_discharge: 0.4
  Li-ion:
    cost: 191.209
    lifetime: 16.9719
    annual_cost: 11.266210618728604
    efficiency: 0.909211
    discharge_ratio: 2
    depth_of_discharge: 0.9
  Pb-acid:
    cost: 82.8419
    lifetime: 12.2639
    annual_cost: 6.7549392933732335
    efficiency: 0.728075
    discharge_ratio: 5
    depth_of_discharge: 0.5
  VRBF:
    cost: 165.49
    lifetime: 14.5298
    annual_cost: 11.389695659954027
    efficiency: 0.721742
    discharge_ratio: 0.5
    depth_of_discharge: 1.0
