cost_values:
  wind_capex: 5000.0
  wind_opex: 100
  wind_lifetime: 20
  solar_capex: 1000.0
  solar_opex: 10
  solar_lifetime: 20
  carbon_price: 1.0
timeseries_values:
  load_level: 239119.5347402726
  wind_year: 2012
  solar_year: 2013
  price_year: 2023
  carbon_year: 2023
storage_values:
  CAES:
    cost: 52.6591
    lifetime: 24.4944
    annual_cost: 2.149842412959697
    efficiency: 0.577199
    discharge_ratio: 0.1
    depth_of_discharge: 0.4
  Li-ion:
    cost: 203.137
    lifetime: 19.7458
    annual_cost: 10.287605465466074
    efficiency: 0.907173
    discharge_ratio: 2
    depth_of_discharge: 0.9
  Pb-acid:
    cost: 107.7
    lifetime: 10.9291
    annual_cost: 9.85442534151943
    efficiency: 0.726567
    discharge_ratio: 5
    depth_of_discharge: 0.5
  VRBF:
    cost: 172.909
    lifetime: 16.1622
    annual_cost: 10.698357896820978
    efficiency: 0.707988
    discharge_ratio: 0.5
    depth_of_discharge: 1.0
