cost_values:
  wind_capex: 5000.0
  wind_opex: 100
  wind_lifetime: 20
  solar_capex: 1000.0
  solar_opex: 10
  solar_lifetime: 20
  carbon_price: 1.0
timeseries_values:
  load_level: 239119.5347402726
  wind_year: 2012
  solar_year: 2013
  price_year: 2023
  carbon_year: 2023
storage_values:
  CAES:
    cost: 52.2594
    lifetime: 24.3739
    annual_cost: 2.144072142742852
    efficiency: 0.579437
    discharge_ratio: 0.1
    depth_of_discharge: 0.4
  Li-ion:
    cost: 223.92
    lifetime: 16.3574
    annual_cost: 13.68921711274408
    efficiency: 0.927904
    discharge_ratio: 2
    depth_of_discharge: 0.9
  Pb-acid:
    cost: 103.903
    lifetime: 10.959
    annual_cost: 9.481065790674332
    efficiency: 0.728445
    discharge_ratio: 5
    depth_of_discharge: 0.5
  VRBF:
    cost: 152.982
    lifetime: 18.087
    annual_cost: 8.458119091059878
    efficiency: 0.709152
    discharge_ratio: 0.5
    depth_of_discharge: 1.0
