cost_values:
  wind_capex: 5000.0
  wind_opex: 100
  wind_lifetime: 20
  solar_capex: 1000.0
  solar_opex: 10
  solar_lifetime: 20
  carbon_price: 1.0
timeseries_values:
  load_level: 239119.5347402726
  wind_year: 2012
  solar_year: 2013
  price_year: 2023
  carbon_year: 2023
storage_values:
  CAES:
    cost: 57.5986
    lifetime: 24.0278
    annual_cost: 2.3971649505988895
    efficiency: 0.579986
    discharge_ratio: 0.1
    depth_of_discharge: 0.4
  Li-ion:
    cost: 202.934
    lifetime: 16.8065
    annual_cost: 12.074732990212121
    efficiency: 0.921911
    discharge_ratio: 2
    depth_of_discharge: 0.9
  Pb-acid:
    cost: 93.2679
    lifetime: 8.68502
    annual_cost: 10.738939000716176
    efficiency: 0.739748
    discharge_ratio: 5
    depth_of_discharge: 0.5
  VRBF:
    cost: 186.143
    lifetime: 15.4233
    annual_cost: 12.068947631181395
    efficiency: 0.732273
    discharge_ratio: 0.5
    depth_of_discharge: 1.0
