cost_values:
  wind_capex: 5000.0
  wind_opex: 100
  wind_lifetime: 20
  solar_capex: 1000.0
  solar_opex: 10
  solar_lifetime: 20
  carbon_price: 1.0
timeseries_values:
  load_level: 239119.5347402726
  wind_year: 2012
  solar_year: 2013
  price_year: 2023
  carbon_year: 2023
storage_values:
  CAES:
    cost: 44.7853
    lifetime: 23.7644
    annual_cost: 1.8845542071333592
    efficiency: 0.574264
    discharge_ratio: 0.1
    depth_of_discharge: 0.4
  Li-ion:
    cost: 200.676
    lifetime: 17.1845
    annual_cost: 11.677732840641275
    efficiency: 0.910335
    discharge_ratio: 2
    depth_of_discharge: 0.9
  Pb-acid:
    cost: 82.4317
    lifetime: 11.7404
    annual_cost: 7.021200299819428
    efficiency: 0.735656
    discharge_ratio: 5
    depth_of_discharge: 0.5
  VRBF:
    cost: 144.908
    lifetime: 15.9524
    annual_cost: 9.083774228329279
    efficiency: 0.717267
    discharge_ratio: 0.5
    depth_of_discharge: 1.0
