cost_values:
  wind_capex: 5000.0
  wind_opex: 100
  wind_lifetime: 20
  solar_capex: 1000.0
  solar_opex: 10
  solar_lifetime: 20
  carbon_price: 1.0
timeseries_values:
  load_level: 239119.5347402726
  wind_year: 2012
  solar_year: 2013
  price_year: 2023
  carbon_year: 2023
storage_values:
  CAES:
    cost: 49.3552
    lifetime: 24.7076
    annual_cost: 1.9975715974032284
    efficiency: 0.566246
    discharge_ratio: 0.1
    depth_of_discharge: 0.4
  Li-ion:
    cost: 191.747
    lifetime: 18.2677
    annual_cost: 10.49650475976724
    efficiency: 0.938207
    discharge_ratio: 2
    depth_of_discharge: 0.9
  Pb-acid:
    cost: 93.3356
    lifetime: 12.3295
    annual_cost: 7.570104221582384
    efficiency: 0.729849
    discharge_ratio: 5
    depth_of_discharge: 0.5
  VRBF:
    cost: 131.708
    lifetime: 15.6397
    annual_cost: 8.421389157081018
    efficiency: 0.714764
    discharge_ratio: 0.5
    depth_of_discharge: 1.0
