cost_values:
  wind_capex: 5000.0
  wind_opex: 100
  wind_lifetime: 20
  solar_capex: 1000.0
  solar_opex: 10
  solar_lifetime: 20
  carbon_price: 1.0
timeseries_values:
  load_level: 239119.5347402726
  wind_year: 2012
  solar_year: 2013
  price_year: 2023
  carbon_year: 2023
storage_values:
  CAES:
    cost: 55.4181
    lifetime: 24.099
    annual_cost: 2.2996016432217106
    efficiency: 0.574309
    discharge_ratio: 0.1
    depth_of_discharge: 0.4
  Li-ion:
    cost: 183.417
    lifetime: 18.7178
    annual_cost: 9.799068266569789
    efficiency: 0.922663
    discharge_ratio: 2
    depth_of_discharge: 0.9
  Pb-acid:
    cost: 94.8328
    lifetime: 9.96268
    annual_cost: 9.51880417718927
    efficiency: 0.743578
    discharge_ratio: 5
    depth_of_discharge: 0.5
  VRBF:
    cost: 174.681
    lifetime: 15.29
    annual_cost: 11.424525833878354
    efficiency: 0.720249
    discharge_ratio: 0.5
    depth_of_discharge: 1.0
