cost_values:
  wind_capex: 5000.0
  wind_opex: 100
  wind_lifetime: 20
  solar_capex: 1000.0
  solar_opex: 10
  solar_lifetime: 20
  carbon_price: 1.0
timeseries_values:
  load_level: 239119.5347402726
  wind_year: 2012
  solar_year: 2013
  price_year: 2023
  carbon_year: 2023
storage_values:
  CAES:
    cost: 49.3484
    lifetime: 23.6899
    annual_cost: 2.083098704511205
    efficiency: 0.57722
    discharge_ratio: 0.1
    depth_of_discharge: 0.4
  Li-ion:
    cost: 190.739
    lifetime: 17.386
    annual_cost: 10.970838605774762
    efficiency: 0.912933
    discharge_ratio: 2
    depth_of_discharge: 0.9
  Pb-acid:
    cost: 115.635
    lifetime: 10.8593
    annual_cost: 10.648476421132118
    efficiency: 0.731538
    discharge_ratio: 5
    depth_of_discharge: 0.5
  VRBF:
    cost: 162.376
    lifetime: 14.5638
    annual_cost: 11.149287960559745
    efficiency: 0.710686
    discharge_ratio: 0.5
    depth_of_discharge: 1.0
