cost_values:
  wind_capex: 5000.0
  wind_opex: 100
  wind_lifetime: 20
  solar_capex: 1000.0
  solar_opex: 10
  solar_lifetime: 20
  carbon_price: 1.0
timeseries_values:
  load_level: 239119.5347402726
  wind_year: 2012
  solar_year: 2013
  price_year: 2023
  carbon_year: 2023
storage_values:
  CAES:
    cost: 56.5099
    lifetime: 24.2596
    annual_cost: 2.329383007139442
    efficiency: 0.571637
    discharge_ratio: 0.1
    depth_of_discharge: 0.4
  Li-ion:
    cost: 209.271
    lifetime: 15.8632
    annual_cost: 13.19223107569721
    efficiency: 0.93221
    discharge_ratio: 2
    depth_of_discharge: 0.9
  Pb-acid:
    cost: 84.0584
    lifetime: 10.0269
    annual_cost: 8.383288952717193
    efficiency: 0.745259
    discharge_ratio: 5
    depth_of_discharge: 0.5
  VRBF:
    cost: 207.454
    lifetime: 13.853
    annual_cost: 14.975384393272217
    efficiency: 0.720974
    discharge_ratio: 0.5
    depth_of_discharge: 1.0
