cost_values:
  wind_capex: 5000.0
  wind_opex: 100
  wind_lifetime: 20
  solar_capex: 1000.0
  solar_opex: 10
  solar_lifetime: 20
  carbon_price: 1.0
timeseries_values:
  load_level: 239119.5347402726
  wind_year: 2012
  solar_year: 2013
  price_year: 2023
  carbon_year: 2023
storage_values:
  CAES:
    cost: 55.0463
    lifetime: 23.6435
    annual_cost: 2.3281789921119973
    efficiency: 0.58087
    discharge_ratio: 0.1
    depth_of_discharge: 0.4
  Li-ion:
    cost: 193.017
    lifetime: 16.5102
    annual_cost: 11.690772976705308
    efficiency: 0.928279
    discharge_ratio: 2
    depth_of_discharge: 0.9
  Pb-acid:
    cost: 105.991
    lifetime: 10.6359
    annual_cost: 9.965400201205352
    efficiency: 0.734757
    discharge_ratio: 5
    depth_of_discharge: 0.5
  VRBF:
    cost: 166.942
    lifetime: 15.5019
    annual_cost: 10.769131525812966
    efficiency: 0.724885
    discharge_ratio: 0.5
    depth_of_discharge: 1.0
