cost_values:
  wind_capex: 5000.0
  wind_opex: 100
  wind_lifetime: 20
  solar_capex: 1000.0
  solar_opex: 10
  solar_lifetime: 20
  carbon_price: 1.0
timeseries_values:
  load_level: 239119.5347402726
  wind_year: 2012
  solar_year: 2013
  price_year: 2023
  carbon_year: 2023
storage_values:
  CAES:
    cost: 52.925
    lifetime: 24.3303
    annual_cost: 2.1752711639396143
    efficiency: 0.572871
    discharge_ratio: 0.1
    depth_of_discharge: 0.4
  Li-ion:
    cost: 198.062
    lifetime: 16.2165
    annual_cost: 12.213609595165419
    efficiency: 0.918451
    discharge_ratio: 2
    depth_of_discharge: 0.9
  Pb-acid:
    cost: 101.189
    lifetime: 10.4589
    annual_cost: 9.674918012410483
    efficiency: 0.744761
    discharge_ratio: 5
    depth_of_discharge: 0.5
  VRBF:
    cost: 170.808
    lifetime: 14.8871
    annual_cost: 11.473557643866165
    efficiency: 0.728361
    discharge_ratio: 0.5
    depth_of_discharge: 1.0
