cost_values:
  wind_capex: 5000.0
  wind_opex: 100
  wind_lifetime: 20
  solar_capex: 1000.0
  solar_opex: 10
  solar_lifetime: 20
  carbon_price: 1.0
timeseries_values:
  load_level: 239119.5347402726
  wind_year: 2012
  solar_year: 2013
  price_year: 2023
  carbon_year: 2023
storage_values:
  CAES:
    cost: 50.0115
    lifetime: 24.7051
    annual_cost: 2.0243391040716285
    efficiency: 0.577482
    discharge_ratio: 0.1
    depth_of_discharge: 0.4
  Li-ion:
    cost: 206.66
    lifetime: 16.8163
    annual_cost: 12.289266961222149
    efficiency: 0.924778
    discharge_ratio: 2
    depth_of_discharge: 0.9
  Pb-acid:
    cost: 105.868
    lifetime: 12.5213
    annual_cost: 8.455032624408009
    efficiency: 0.732736
    discharge_ratio: 5
    depth_of_discharge: 0.5
  VRBF:
    cost: 188.926
    lifetime: 15.9845
    annual_cost: 11.819324971065718
    efficiency: 0.685754
    discharge_ratio: 0.5
    depth_of_discharge: 1.0
