cost_values:
  wind_capex: 5000.0
  wind_opex: 100
  wind_lifetime: 20
  solar_capex: 1000.0
  solar_opex: 10
  solar_lifetime: 20
  carbon_price: 1.0
timeseries_values:
  load_level: 239119.5347402726
  wind_year: 2012
  solar_year: 2013
  price_year: 2023
  carbon_year: 2023
storage_values:
  CAES:
    cost: 52.8972
    lifetime: 24.2247
    annual_cost: 2.1836059889286554
    efficiency: 0.574496
    discharge_ratio: 0.1
    depth_of_discharge: 0.4
  Li-ion:
    cost: 212.794
    lifetime: 14.6671
    annual_cost: 14.50825316524739
    efficiency: 0.921697
    discharge_ratio: 2
    depth_of_discharge: 0.9
  Pb-acid:
    cost: 105.303
    lifetime: 10.0075
    annual_cost: 10.52240819385461
    efficiency: 0.724507
    discharge_ratio: 5
    depth_of_discharge: 0.5
  VRBF:
    cost: 143.453
    lifetime: 16.4359
    annual_cost: 8.728028279558771
    efficiency: 0.702577
    discharge_ratio: 0.5
    depth_of_discharge: 1.0
