cost_values:
  wind_capex: 5000.0
  wind_opex: 100
  wind_lifetime: 20
  solar_capex: 1000.0
  solar_opex: 10
  solar_lifetime: 20
  carbon_price: 1.0
timeseries_values:
  load_level: 239119.5347402726
  wind_year: 2012
  solar_year: 2013
  price_year: 2023
  carbon_year: 2023
storage_values:
  CAES:
    cost: 49.3586
    lifetime: 24.525
    annual_cost: 2.0125830784913354
    efficiency: 0.570157
    discharge_ratio: 0.1
    depth_of_discharge: 0.4
  Li-ion:
    cost: 226.871
    lifetime: 14.6826
    annual_cost: 15.451691117377031
    efficiency: 0.918271
    discharge_ratio: 2
    depth_of_discharge: 0.9
  Pb-acid:
    cost: 96.0115
    lifetime: 10.3502
    annual_cost: 9.276294177890282
    efficiency: 0.726863
    discharge_ratio: 5
    depth_of_discharge: 0.5
  VRBF:
    cost: 135.631
    lifetime: 17.3413
    annual_cost: 7.821270608316562
    efficiency: 0.71443
    discharge_ratio: 0.5
    depth_of_discharge: 1.0
