cost_values:
  wind_capex: 5000.0
  wind_opex: 100
  wind_lifetime: 20
  solar_capex: 1000.0
  solar_opex: 10
  solar_lifetime: 20
  carbon_price: 1.0
timeseries_values:
  load_level: 239119.5347402726
  wind_year: 2012
  solar_year: 2013
  price_year: 2023
  carbon_year: 2023
storage_values:
  CAES:
    cost: 50.164
    lifetime: 23.4032
    annual_cost: 2.1434675599917963
    efficiency: 0.587665
    discharge_ratio: 0.1
    depth_of_discharge: 0.4
  Li-ion:
    cost: 183.247
    lifetime: 16.7228
    annual_cost: 10.957913746501783
    efficiency: 0.906816
    discharge_ratio: 2
    depth_of_discharge: 0.9
  Pb-acid:
    cost: 88.6246
    lifetime: 10.7019
    annual_cost: 8.281202403311562
    efficiency: 0.737343
    discharge_ratio: 5
    depth_of_discharge: 0.5
  VRBF:
    cost: 165.034
    lifetime: 16.0392
    annual_cost: 10.289415930969124
    efficiency: 0.739109
    discharge_ratio: 0.5
    depth_of_discharge: 1.0
