cost_values:
  wind_capex: 5000.0
  wind_opex: 100
  wind_lifetime: 20
  solar_capex: 1000.0
  solar_opex: 10
  solar_lifetime: 20
  carbon_price: 1.0
timeseries_values:
  load_level: 239119.5347402726
  wind_year: 2012
  solar_year: 2013
  price_year: 2023
  carbon_year: 2023
storage_values:
  CAES:
    cost: 51.8875
    lifetime: 24.7523
    annual_cost: 2.0962698415904786
    efficiency: 0.58339
    discharge_ratio: 0.1
    depth_of_discharge: 0.4
  Li-ion:
    cost: 205.981
    lifetime: 16.8713
    annual_cost: 12.20895840865849
    efficiency: 0.922797
    discharge_ratio: 2
    depth_of_discharge: 0.9
  Pb-acid:
    cost: 94.2346
    lifetime: 11.1717
    annual_cost: 8.435117305334014
    efficiency: 0.730344
    discharge_ratio: 5
    depth_of_discharge: 0.5
  VRBF:
    cost: 189.268
    lifetime: 15.3478
    annual_cost: 12.331930309229987
    efficiency: 0.713514
    discharge_ratio: 0.5
    depth_of_discharge: 1.0
