cost_values:
  wind_capex: 5000.0
  wind_opex: 100
  wind_lifetime: 20
  solar_capex: 1000.0
  solar_opex: 10
  solar_lifetime: 20
  carbon_price: 1.0
timeseries_values:
  load_level: 239119.5347402726
  wind_year: 2012
  solar_year: 2013
  price_year: 2023
  carbon_year: 2023
storage_values:
  CAES:
    cost: 49.3199
    lifetime: 24.5742
    annual_cost: 2.0069788640118498
    efficiency: 0.578593
    discharge_ratio: 0.1
    depth_of_discharge: 0.4
  Li-ion:
    cost: 194.081
    lifetime: 19.4815
    annual_cost: 9.96232322973077
    efficiency: 0.929202
    discharge_ratio: 2
    depth_of_discharge: 0.9
  Pb-acid:
    cost: 82.049
    lifetime: 10.4033
    annual_cost: 7.88682437303548
    efficiency: 0.727051
    discharge_ratio: 5
    depth_of_discharge: 0.5
  VRBF:
    cost: 206.323
    lifetime: 14.88
    annual_cost: 13.865793010752688
    efficiency: 0.718137
    discharge_ratio: 0.5
    depth_of_discharge: 1.0
