cost_values:
  wind_capex: 5000.0
  wind_opex: 100
  wind_lifetime: 20
  solar_capex: 1000.0
  solar_opex: 10
  solar_lifetime: 20
  carbon_price: 1.0
timeseries_values:
  load_level: 239119.5347402726
  wind_year: 2012
  solar_year: 2013
  price_year: 2023
  carbon_year: 2023
storage_values:
  CAES:
    cost: 56.7576
    lifetime: 23.0184
    annual_cost: 2.4657491398185796
    efficiency: 0.574404
    discharge_ratio: 0.1
    depth_of_discharge: 0.4
  Li-ion:
    cost: 188.434
    lifetime: 19.6293
    annual_cost: 9.599629125847585
    efficiency: 0.93711
    discharge_ratio: 2
    depth_of_discharge: 0.9
  Pb-acid:
    cost: 98.5623
    lifetime: 12.3958
    annual_cost: 7.95126575130286
    efficiency: 0.727306
    discharge_ratio: 5
    depth_of_discharge: 0.5
  VRBF:
    cost: 184.512
    lifetime: 16.842
    annual_cost: 10.955468471677948
    efficiency: 0.719466
    discharge_ratio: 0.5
    depth_of_discharge: 1.0
