cost_values:
  wind_capex: 5000.0
  wind_opex: 100
  wind_lifetime: 20
  solar_capex: 1000.0
  solar_opex: 10
  solar_lifetime: 20
  carbon_price: 1.0
timeseries_values:
  load_level: 239119.5347402726
  wind_year: 2012
  solar_year: 2013
  price_year: 2023
  carbon_year: 2023
storage_values:
  CAES:
    cost: 51.2232
    lifetime: 24.7201
    annual_cost: 2.0721275399371364
    efficiency: 0.586156
    discharge_ratio: 0.1
    depth_of_discharge: 0.4
  Li-ion:
    cost: 202.358
    lifetime: 14.44
    annual_cost: 14.013711911357342
    efficiency: 0.92452
    discharge_ratio: 2
    depth_of_discharge: 0.9
  Pb-acid:
    cost: 88.7687
    lifetime: 10.4447
    annual_cost: 8.498922898695032
    efficiency: 0.746197
    discharge_ratio: 5
    depth_of_discharge: 0.5
  VRBF:
    cost: 163.358
    lifetime: 17.2064
    annual_cost: 9.494025478891576
    efficiency: 0.699434
    discharge_ratio: 0.5
    depth_of_discharge: 1.0
