cost_values:
  wind_capex: 5000.0
  wind_opex: 100
  wind_lifetime: 20
  solar_capex: 1000.0
  solar_opex: 10
  solar_lifetime: 20
  carbon_price: 1.0
timeseries_values:
  load_level: 239119.5347402726
  wind_year: 2012
  solar_year: 2013
  price_year: 2023
  carbon_year: 2023
storage_values:
  CAES:
    cost: 52.2405
    lifetime: 24.68
    annual_cost: 2.116713938411669
    efficiency: 0.573025
    discharge_ratio: 0.1
    depth_of_discharge: 0.4
  Li-ion:
    cost: 189.65
    lifetime: 17.7731
    annual_cost: 10.670620206941953
    efficiency: 0.931881
    discharge_ratio: 2
    depth_of_discharge: 0.9
  Pb-acid:
    cost: 94.8485
    lifetime: 11.3159
    annual_cost: 8.381878595604416
    efficiency: 0.753726
    discharge_ratio: 5
    depth_of_discharge: 0.5
  VRBF:
    cost: 166.166
    lifetime: 17.8577
    annual_cost: 9.305005683822664
    efficiency: 0.71743
    discharge_ratio: 0.5
    depth_of_discharge: 1.0
