cost_values:
  wind_capex: 5000.0
  wind_opex: 100
  wind_lifetime: 20
  solar_capex: 1000.0
  solar_opex: 10
  solar_lifetime: 20
  carbon_price: 1.0
timeseries_values:
  load_level: 239119.5347402726
  wind_year: 2012
  solar_year: 2013
  price_year: 2023
  carbon_year: 2023
storage_values:
  CAES:
    cost: 50.7979
    lifetime: 24.5126
    annual_cost: 2.0723179099728304
    efficiency: 0.580049
    discharge_ratio: 0.1
    depth_of_discharge: 0.4
  Li-ion:
    cost: 194.315
    lifetime: 16.489
    annual_cost: 11.784523015343561
    efficiency: 0.931416
    discharge_ratio: 2
    depth_of_discharge: 0.9
  Pb-acid:
    cost: 108.712
    lifetime: 8.78996
    annual_cost: 12.3677468384384
    efficiency: 0.753298
    discharge_ratio: 5
    depth_of_discharge: 0.5
  VRBF:
    cost: 162.159
    lifetime: 14.7331
    annual_cost: 11.006441278481786
    efficiency: 0.713348
    discharge_ratio: 0.5
    depth_of_discharge: 1.0
