cost_values:
  wind_capex: 5000.0
  wind_opex: 100
  wind_lifetime: 20
  solar_capex: 1000.0
  solar_opex: 10
  solar_lifetime: 20
  carbon_price: 1.0
timeseries_values:
  load_level: 239119.5347402726
  wind_year: 2012
  solar_year: 2013
  price_year: 2023
  carbon_year: 2023
storage_values:
  CAES:
    cost: 50.2016
    lifetime: 24.5322
    annual_cost: 2.0463554022876056
    efficiency: 0.567367
    discharge_ratio: 0.1
    depth_of_discharge: 0.4
  Li-ion:
    cost: 221.789
    lifetime: 18.0003
    annual_cost: 12.321405754348538
    efficiency: 0.933017
    discharge_ratio: 2
    depth_of_discharge: 0.9
  Pb-acid:
    cost: 96.728
    lifetime: 11.406
    annual_cost: 8.480448886550937
    efficiency: 0.742598
    discharge_ratio: 5
    depth_of_discharge: 0.5
  VRBF:
    cost: 188.963
    lifetime: 16.8038
    annual_cost: 11.24525404967924
    efficiency: 0.715581
    discharge_ratio: 0.5
    depth_of_discharge: 1.0
