cost_values:
  wind_capex: 5000.0
  wind_opex: 100
  wind_lifetime: 20
  solar_capex: 1000.0
  solar_opex: 10
  solar_lifetime: 20
  carbon_price: 1.0
timeseries_values:
  load_level: 239119.5347402726
  wind_year: 2012
  solar_year: 2013
  price_year: 2023
  carbon_year: 2023
storage_values:
  CAES:
    cost: 59.9421
    lifetime: 23.359
    annual_cost: 2.5661244060105313
    efficiency: 0.570939
    discharge_ratio: 0.1
    depth_of_discharge: 0.4
  Li-ion:
    cost: 216.021
    lifetime: 18.3537
    annual_cost: 11.7698883603851
    efficiency: 0.925509
    discharge_ratio: 2
    depth_of_discharge: 0.9
  Pb-acid:
    cost: 96.5703
    lifetime: 11.4794
    annual_cost: 8.412486715333554
    efficiency: 0.728244
    discharge_ratio: 5
    depth_of_discharge: 0.5
  VRBF:
    cost: 166.537
    lifetime: 13.4439
    annual_cost: 12.387551231413505
    efficiency: 0.698543
    discharge_ratio: 0.5
    depth_of_discharge: 1.0
