cost_values:
  wind_capex: 5000.0
  wind_opex: 100
  wind_lifetime: 20
  solar_capex: 1000.0
  solar_opex: 10
  solar_lifetime: 20
  carbon_price: 1.0
timeseries_values:
  load_level: 239119.5347402726
  wind_year: 2012
  solar_year: 2013
  price_year: 2023
  carbon_year: 2023
storage_values:
  CAES:
    cost: 60.8921
    lifetime: 23.728
    annual_cost: 2.566255057316251
    efficiency: 0.575099
    discharge_ratio: 0.1
    depth_of_discharge: 0.4
  Li-ion:
    cost: 211.654
    lifetime: 18.9696
    annual_cost: 11.157536268556004
    efficiency: 0.92883
    discharge_ratio: 2
    depth_of_discharge: 0.9
  Pb-acid:
    cost: 99.3032
    lifetime: 10.9559
    annual_cost: 9.063901642037624
    efficiency: 0.726105
    discharge_ratio: 5
    depth_of_discharge: 0.5
  VRBF:
    cost: 166.749
    lifetime: 17.0955
    annual_cost: 9.753970343072737
    efficiency: 0.707576
    discharge_ratio: 0.5
    depth_of_discharge: 1.0
