cost_values:
  wind_capex: 5000.0
  wind_opex: 100
  wind_lifetime: 20
  solar_capex: 1000.0
  solar_opex: 10
  solar_lifetime: 20
  carbon_price: 1.0
timeseries_values:
  load_level: 239119.5347402726
  wind_year: 2012
  solar_year: 2013
  price_year: 2023
  carbon_year: 2023
storage_values:
  CAES:
    cost: 53.3409
    lifetime: 23.7766
    annual_cost: 2.2434200011776286
    efficiency: 0.575331
    discharge_ratio: 0.1
    depth_of_discharge: 0.4
  Li-ion:
    cost: 193.604
    lifetime: 16.6044
    annual_cost: 11.659801016598012
    efficiency: 0.918689
    discharge_ratio: 2
    depth_of_discharge: 0.9
  Pb-acid:
    cost: 97.2324
    lifetime: 10.3816
    annual_cost: 9.365839562302535
    efficiency: 0.744347
    discharge_ratio: 5
    depth_of_discharge: 0.5
  VRBF:
    cost: 187.497
    lifetime: 14.33
    annual_cost: 13.084228890439638
    efficiency: 0.713385
    discharge_ratio: 0.5
    depth_of_discharge: 1.0
