cost_values:
  wind_capex: 5000.0
  wind_opex: 100
  wind_lifetime: 20
  solar_capex: 1000.0
  solar_opex: 10
  solar_lifetime: 20
  carbon_price: 1.0
timeseries_values:
  load_level: 239119.5347402726
  wind_year: 2012
  solar_year: 2013
  price_year: 2023
  carbon_year: 2023
storage_values:
  CAES:
    cost: 59.3012
    lifetime: 23.1206
    annual_cost: 2.564864233627155
    efficiency: 0.589255
    discharge_ratio: 0.1
    depth_of_discharge: 0.4
  Li-ion:
    cost: 191.744
    lifetime: 13.8451
    annual_cost: 13.84923185820254
    efficiency: 0.926887
    discharge_ratio: 2
    depth_of_discharge: 0.9
  Pb-acid:
    cost: 96.2137
    lifetime: 10.3941
    annual_cost: 9.25656863028064
    efficiency: 0.734718
    discharge_ratio: 5
    depth_of_discharge: 0.5
  VRBF:
    cost: 183.688
    lifetime: 17.1338
    annual_cost: 10.720797488006163
    efficiency: 0.71322
    discharge_ratio: 0.5
    depth_of_discharge: 1.0
