cost_values:
  wind_capex: 5000.0
  wind_opex: 100
  wind_lifetime: 20
  solar_capex: 1000.0
  solar_opex: 10
  solar_lifetime: 20
  carbon_price: 1.0
timeseries_values:
  load_level: 239119.5347402726
  wind_year: 2012
  solar_year: 2013
  price_year: 2023
  carbon_year: 2023
storage_values:
  CAES:
    cost: 51.1702
    lifetime: 23.5554
    annual_cost: 2.172334156923678
    efficiency: 0.574025
    discharge_ratio: 0.1
    depth_of_discharge: 0.4
  Li-ion:
    cost: 209.863
    lifetime: 16.5433
    annual_cost: 12.685679398910738
    efficiency: 0.926494
    discharge_ratio: 2
    depth_of_discharge: 0.9
  Pb-acid:
    cost: 98.5332
    lifetime: 12.7778
    annual_cost: 7.711280502120866
    efficiency: 0.737157
    discharge_ratio: 5
    depth_of_discharge: 0.5
  VRBF:
    cost: 178.094
    lifetime: 15.2351
    annual_cost: 11.689716509901478
    efficiency: 0.705303
    discharge_ratio: 0.5
    depth_of_discharge: 1.0
