cost_values:
  wind_capex: 5000.0
  wind_opex: 100
  wind_lifetime: 20
  solar_capex: 1000.0
  solar_opex: 10
  solar_lifetime: 20
  carbon_price: 1.0
timeseries_values:
  load_level: 239119.5347402726
  wind_year: 2012
  solar_year: 2013
  price_year: 2023
  carbon_year: 2023
storage_values:
  CAES:
    cost: 50.1353
    lifetime: 23.6466
    annual_cost: 2.1201906405149153
    efficiency: 0.577051
    discharge_ratio: 0.1
    depth_of_discharge: 0.4
  Li-ion:
    cost: 189.686
    lifetime: 17.9594
    annual_cost: 10.561934140338765
    efficiency: 0.927823
    discharge_ratio: 2
    depth_of_discharge: 0.9
  Pb-acid:
    cost: 106.499
    lifetime: 12.2008
    annual_cost: 8.728853845649466
    efficiency: 0.742541
    discharge_ratio: 5
    depth_of_discharge: 0.5
  VRBF:
    cost: 180.305
    lifetime: 16.9212
    annual_cost: 10.655568163014445
    efficiency: 0.723216
    discharge_ratio: 0.5
    depth_of_discharge: 1.0
