cost_values:
  wind_capex: 5000.0
  wind_opex: 100
  wind_lifetime: 20
  solar_capex: 1000.0
  solar_opex: 10
  solar_lifetime: 20
  carbon_price: 1.0
timeseries_values:
  load_level: 239119.5347402726
  wind_year: 2012
  solar_year: 2013
  price_year: 2023
  carbon_year: 2023
storage_values:
  CAES:
    cost: 42.3937
    lifetime: 22.9955
    annual_cost: 1.843565045334957
    efficiency: 0.571546
    discharge_ratio: 0.1
    depth_of_discharge: 0.4
  Li-ion:
    cost: 197.695
    lifetime: 17.4421
    annual_cost: 11.334357674821266
    efficiency: 0.928813
    discharge_ratio: 2
    depth_of_discharge: 0.9
  Pb-acid:
    cost: 92.2725
    lifetime: 9.7661
    annual_cost: 9.448244437390565
    efficiency: 0.73017
    discharge_ratio: 5
    depth_of_discharge: 0.5
  VRBF:
    cost: 148.724
    lifetime: 15.554
    annual_cost: 9.56178474990356
    efficiency: 0.71655
    discharge_ratio: 0.5
    depth_of_discharge: 1.0
