cost_values:
  wind_capex: 5000.0
  wind_opex: 100
  wind_lifetime: 20
  solar_capex: 1000.0
  solar_opex: 10
  solar_lifetime: 20
  carbon_price: 1.0
timeseries_values:
  load_level: 239119.5347402726
  wind_year: 2012
  solar_year: 2013
  price_year: 2023
  carbon_year: 2023
storage_values:
  CAES:
    cost: 45.5186
    lifetime: 23.3639
    annual_cost: 1.948244941983145
    efficiency: 0.58422
    discharge_ratio: 0.1
    depth_of_discharge: 0.4
  Li-ion:
    cost: 197.786
    lifetime: 18.5071
    annual_cost: 10.687033624933132
    efficiency: 0.93135
    discharge_ratio: 2
    depth_of_discharge: 0.9
  Pb-acid:
    cost: 104.781
    lifetime: 10.2336
    annual_cost: 10.238918855534711
    efficiency: 0.738094
    discharge_ratio: 5
    depth_of_discharge: 0.5
  VRBF:
    cost: 150.006
    lifetime: 14.8788
    annual_cost: 10.081861440438745
    efficiency: 0.705073
    discharge_ratio: 0.5
    depth_of_discharge: 1.0
