cost_values:
  wind_capex: 5000.0
  wind_opex: 100
  wind_lifetime: 20
  solar_capex: 1000.0
  solar_opex: 10
  solar_lifetime: 20
  carbon_price: 1.0
timeseries_values:
  load_level: 239119.5347402726
  wind_year: 2012
  solar_year: 2013
  price_year: 2023
  carbon_year: 2023
storage_values:
  CAES:
    cost: 56.7056
    lifetime: 24.5149
    annual_cost: 2.3131075386805575
    efficiency: 0.584473
    discharge_ratio: 0.1
    depth_of_discharge: 0.4
  Li-ion:
    cost: 206.066
    lifetime: 16.3729
    annual_cost: 12.5857972625497
    efficiency: 0.924948
    discharge_ratio: 2
    depth_of_discharge: 0.9
  Pb-acid:
    cost: 86.4074
    lifetime: 10.4711
    annual_cost: 8.251988807288631
    efficiency: 0.742703
    discharge_ratio: 5
    depth_of_discharge: 0.5
  VRBF:
    cost: 156.084
    lifetime: 15.0949
    annual_cost: 10.34018112077589
    efficiency: 0.71976
    discharge_ratio: 0.5
    depth_of_discharge: 1.0
