cost_values:
  wind_capex: 5000.0
  wind_opex: 100
  wind_lifetime: 20
  solar_capex: 1000.0
  solar_opex: 10
  solar_lifetime: 20
  carbon_price: 1.0
timeseries_values:
  load_level: 239119.5347402726
  wind_year: 2012
  solar_year: 2013
  price_year: 2023
  carbon_year: 2023
storage_values:
  CAES:
    cost: 49.4444
    lifetime: 23.5062
    annual_cost: 2.1034620653274456
    efficiency: 0.587
    discharge_ratio: 0.1
    depth_of_discharge: 0.4
  Li-ion:
    cost: 182.164
    lifetime: 19.0922
    annual_cost: 9.541278637349285
    efficiency: 0.923611
    discharge_ratio: 2
    depth_of_discharge: 0.9
  Pb-acid:
    cost: 103.22
    lifetime: 9.09228
    annual_cost: 11.352488044802843
    efficiency: 0.740796
    discharge_ratio: 5
    depth_of_discharge: 0.5
  VRBF:
    cost: 143.139
    lifetime: 14.2273
    annual_cost: 10.060868892903082
    efficiency: 0.710361
    discharge_ratio: 0.5
    depth_of_discharge: 1.0
