cost_values:
  wind_capex: 5000.0
  wind_opex: 100
  wind_lifetime: 20
  solar_capex: 1000.0
  solar_opex: 10
  solar_lifetime: 20
  carbon_price: 1.0
timeseries_values:
  load_level: 239119.5347402726
  wind_year: 2012
  solar_year: 2013
  price_year: 2023
  carbon_year: 2023
storage_values:
  CAES:
    cost: 51.9229
    lifetime: 24.6105
    annual_cost: 2.1097864732532865
    efficiency: 0.569944
    discharge_ratio: 0.1
    depth_of_discharge: 0.4
  Li-ion:
    cost: 198.226
    lifetime: 16.7283
    annual_cost: 11.849739662727234
    efficiency: 0.926156
    discharge_ratio: 2
    depth_of_discharge: 0.9
  Pb-acid:
    cost: 116.932
    lifetime: 10.5152
    annual_cost: 11.120283018867925
    efficiency: 0.73672
    discharge_ratio: 5
    depth_of_discharge: 0.5
  VRBF:
    cost: 182.076
    lifetime: 18.2314
    annual_cost: 9.98694559935057
    efficiency: 0.723208
    discharge_ratio: 0.5
    depth_of_discharge: 1.0
