cost_values:
  wind_capex: 5000.0
  wind_opex: 100
  wind_lifetime: 20
  solar_capex: 1000.0
  solar_opex: 10
  solar_lifetime: 20
  carbon_price: 1.0
timeseries_values:
  load_level: 239119.5347402726
  wind_year: 2012
  solar_year: 2013
  price_year: 2023
  carbon_year: 2023
storage_values:
  CAES:
    cost: 53.412
    lifetime: 23.1936
    annual_cost: 2.302876655629139
    efficiency: 0.582338
    discharge_ratio: 0.1
    depth_of_discharge: 0.4
  Li-ion:
    cost: 225.341
    lifetime: 16.8477
    annual_cost: 13.375178807789789
    efficiency: 0.931558
    discharge_ratio: 2
    depth_of_discharge: 0.9
  Pb-acid:
    cost: 94.0731
    lifetime: 11.921
    annual_cost: 7.8913765623689285
    efficiency: 0.738496
    discharge_ratio: 5
    depth_of_discharge: 0.5
  VRBF:
    cost: 169.897
    lifetime: 16.3196
    annual_cost: 10.410610554180248
    efficiency: 0.712035
    discharge_ratio: 0.5
    depth_of_discharge: 1.0
