cost_values:
  wind_capex: 5000.0
  wind_opex: 100
  wind_lifetime: 20
  solar_capex: 1000.0
  solar_opex: 10
  solar_lifetime: 20
  carbon_price: 1.0
timeseries_values:
  load_level: 239119.5347402726
  wind_year: 2012
  solar_year: 2013
  price_year: 2023
  carbon_year: 2023
storage_values:
  CAES:
    cost: 49.5356
    lifetime: 23.3602
    annual_cost: 2.120512666843606
    efficiency: 0.576867
    discharge_ratio: 0.1
    depth_of_discharge: 0.4
  Li-ion:
    cost: 202.43
    lifetime: 16.7589
    annual_cost: 12.07895506268311
    efficiency: 0.918358
    discharge_ratio: 2
    depth_of_discharge: 0.9
  Pb-acid:
    cost: 66.0674
    lifetime: 10.2863
    annual_cost: 6.422853698608829
    efficiency: 0.738764
    discharge_ratio: 5
    depth_of_discharge: 0.5
  VRBF:
    cost: 197.083
    lifetime: 16.9913
    annual_cost: 11.59905363333
    efficiency: 0.712227
    discharge_ratio: 0.5
    depth_of_discharge: 1.0
