cost_values:
  wind_capex: 5000.0
  wind_opex: 100
  wind_lifetime: 20
  solar_capex: 1000.0
  solar_opex: 10
  solar_lifetime: 20
  carbon_price: 1.0
timeseries_values:
  load_level: 239119.5347402726
  wind_year: 2012
  solar_year: 2013
  price_year: 2023
  carbon_year: 2023
storage_values:
  CAES:
    cost: 48.9535
    lifetime: 23.9238
    annual_cost: 2.0462259340071394
    efficiency: 0.570822
    discharge_ratio: 0.1
    depth_of_discharge: 0.4
  Li-ion:
    cost: 189.666
    lifetime: 18.2957
    annual_cost: 10.366698185912536
    efficiency: 0.907638
    discharge_ratio: 2
    depth_of_discharge: 0.9
  Pb-acid:
    cost: 100.876
    lifetime: 10.1232
    annual_cost: 9.964833254306939
    efficiency: 0.742593
    discharge_ratio: 5
    depth_of_discharge: 0.5
  VRBF:
    cost: 160.346
    lifetime: 16.2894
    annual_cost: 9.843579260132357
    efficiency: 0.731301
    discharge_ratio: 0.5
    depth_of_discharge: 1.0
