cost_values:
  wind_capex: 5000.0
  wind_opex: 100
  wind_lifetime: 20
  solar_capex: 1000.0
  solar_opex: 10
  solar_lifetime: 20
  carbon_price: 1.0
timeseries_values:
  load_level: 239119.5347402726
  wind_year: 2012
  solar_year: 2013
  price_year: 2023
  carbon_year: 2023
storage_values:
  CAES:
    cost: 41.2937
    lifetime: 24.6503
    annual_cost: 1.675180423767662
    efficiency: 0.578508
    discharge_ratio: 0.1
    depth_of_discharge: 0.4
  Li-ion:
    cost: 219.676
    lifetime: 15.7971
    annual_cost: 13.906096688632722
    efficiency: 0.927815
    discharge_ratio: 2
    depth_of_discharge: 0.9
  Pb-acid:
    cost: 115.18
    lifetime: 9.61166
    annual_cost: 11.983361875055921
    efficiency: 0.733447
    discharge_ratio: 5
    depth_of_discharge: 0.5
  VRBF:
    cost: 173.83
    lifetime: 14.1211
    annual_cost: 12.30994752533443
    efficiency: 0.719905
    discharge_ratio: 0.5
    depth_of_discharge: 1.0
