cost_values:
  wind_capex: 5000.0
  wind_opex: 100
  wind_lifetime: 20
  solar_capex: 1000.0
  solar_opex: 10
  solar_lifetime: 20
  carbon_price: 1.0
timeseries_values:
  load_level: 239119.5347402726
  wind_year: 2012
  solar_year: 2013
  price_year: 2023
  carbon_year: 2023
storage_values:
  CAES:
    cost: 54.0028
    lifetime: 24.4581
    annual_cost: 2.2079720010957513
    efficiency: 0.575201
    discharge_ratio: 0.1
    depth_of_discharge: 0.4
  Li-ion:
    cost: 208.962
    lifetime: 16.8388
    annual_cost: 12.409554124997031
    efficiency: 0.921889
    discharge_ratio: 2
    depth_of_discharge: 0.9
  Pb-acid:
    cost: 101.976
    lifetime: 9.29797
    annual_cost: 10.96755528357265
    efficiency: 0.720145
    discharge_ratio: 5
    depth_of_discharge: 0.5
  VRBF:
    cost: 192.667
    lifetime: 18.8361
    annual_cost: 10.228603585667948
    efficiency: 0.70467
    discharge_ratio: 0.5
    depth_of_discharge: 1.0
