cost_values:
  wind_capex: 5000.0
  wind_opex: 100
  wind_lifetime: 20
  solar_capex: 1000.0
  solar_opex: 10
  solar_lifetime: 20
  carbon_price: 1.0
timeseries_values:
  load_level: 239119.5347402726
  wind_year: 2012
  solar_year: 2013
  price_year: 2023
  carbon_year: 2023
storage_values:
  CAES:
    cost: 51.3656
    lifetime: 23.3056
    annual_cost: 2.2040024715089936
    efficiency: 0.582069
    discharge_ratio: 0.1
    depth_of_discharge: 0.4
  Li-ion:
    cost: 189.484
    lifetime: 15.9092
    annual_cost: 11.910341186231866
    efficiency: 0.916129
    discharge_ratio: 2
    depth_of_discharge: 0.9
  Pb-acid:
    cost: 87.6654
    lifetime: 10.9722
    annual_cost: 7.9897741565046205
    efficiency: 0.743161
    discharge_ratio: 5
    depth_of_discharge: 0.5
  VRBF:
    cost: 147.557
    lifetime: 16.5167
    annual_cost: 8.933806389896287
    efficiency: 0.705486
    discharge_ratio: 0.5
    depth_of_discharge: 1.0
