cost_values:
  wind_capex: 5000.0
  wind_opex: 100
  wind_lifetime: 20
  solar_capex: 1000.0
  solar_opex: 10
  solar_lifetime: 20
  carbon_price: 1.0
timeseries_values:
  load_level: 239119.5347402726
  wind_year: 2012
  solar_year: 2013
  price_year: 2023
  carbon_year: 2023
storage_values:
  CAES:
    cost: 47.1312
    lifetime: 23.1315
    annual_cost: 2.037533233901822
    efficiency: 0.568913
    discharge_ratio: 0.1
    depth_of_discharge: 0.4
  Li-ion:
    cost: 200.088
    lifetime: 18.9729
    annual_cost: 10.545989279445946
    efficiency: 0.911104
    discharge_ratio: 2
    depth_of_discharge: 0.9
  Pb-acid:
    cost: 93.876
    lifetime: 11.1956
    annual_cost: 8.385079852799313
    efficiency: 0.725466
    discharge_ratio: 5
    depth_of_discharge: 0.5
  VRBF:
    cost: 166.884
    lifetime: 16.5559
    annual_cost: 10.080031891953924
    efficiency: 0.705556
    discharge_ratio: 0.5
    depth_of_discharge: 1.0
