cost_values:
  wind_capex: 5000.0
  wind_opex: 100
  wind_lifetime: 20
  solar_capex: 1000.0
  solar_opex: 10
  solar_lifetime: 20
  carbon_price: 1.0
timeseries_values:
  load_level: 239119.5347402726
  wind_year: 2012
  solar_year: 2013
  price_year: 2023
  carbon_year: 2023
storage_values:
  CAES:
    cost: 53.6322
    lifetime: 23.5891
    annual_cost: 2.273600942808331
    efficiency: 0.579066
    discharge_ratio: 0.1
    depth_of_discharge: 0.4
  Li-ion:
    cost: 186.88
    lifetime: 17.2563
    annual_cost: 10.829668005308207
    efficiency: 0.907798
    discharge_ratio: 2
    depth_of_discharge: 0.9
  Pb-acid:
    cost: 98.1261
    lifetime: 10.7597
    annual_cost: 9.119780291272061
    efficiency: 0.735697
    discharge_ratio: 5
    depth_of_discharge: 0.5
  VRBF:
    cost: 177.093
    lifetime: 16.5277
    annual_cost: 10.714921011392995
    efficiency: 0.720696
    discharge_ratio: 0.5
    depth_of_discharge: 1.0
