cost_values:
  wind_capex: 5000.0
  wind_opex: 100
  wind_lifetime: 20
  solar_capex: 1000.0
  solar_opex: 10
  solar_lifetime: 20
  carbon_price: 1.0
timeseries_values:
  load_level: 239119.5347402726
  wind_year: 2012
  solar_year: 2013
  price_year: 2023
  carbon_year: 2023
storage_values:
  CAES:
    cost: 60.8575
    lifetime: 23.7771
    annual_cost: 2.5595005278187837
    efficiency: 0.579557
    discharge_ratio: 0.1
    depth_of_discharge: 0.4
  Li-ion:
    cost: 204.244
    lifetime: 18.1998
    annual_cost: 11.22232112440796
    efficiency: 0.909196
    discharge_ratio: 2
    depth_of_discharge: 0.9
  Pb-acid:
    cost: 99.6974
    lifetime: 10.776
    annual_cost: 9.2518002969562
    efficiency: 0.728677
    discharge_ratio: 5
    depth_of_discharge: 0.5
  VRBF:
    cost: 150.694
    lifetime: 17.957
    annual_cost: 8.391936292253716
    efficiency: 0.737582
    discharge_ratio: 0.5
    depth_of_discharge: 1.0
