cost_values:
  wind_capex: 5000.0
  wind_opex: 100
  wind_lifetime: 20
  solar_capex: 1000.0
  solar_opex: 10
  solar_lifetime: 20
  carbon_price: 1.0
timeseries_values:
  load_level: 239119.5347402726
  wind_year: 2012
  solar_year: 2013
  price_year: 2023
  carbon_year: 2023
storage_values:
  CAES:
    cost: 53.6182
    lifetime: 24.078
    annual_cost: 2.2268543898994935
    efficiency: 0.579209
    discharge_ratio: 0.1
    depth_of_discharge: 0.4
  Li-ion:
    cost: 208.998
    lifetime: 17.5203
    annual_cost: 11.92890532696358
    efficiency: 0.930708
    discharge_ratio: 2
    depth_of_discharge: 0.9
  Pb-acid:
    cost: 110.736
    lifetime: 11.013
    annual_cost: 10.05502587850722
    efficiency: 0.730214
    discharge_ratio: 5
    depth_of_discharge: 0.5
  VRBF:
    cost: 147.678
    lifetime: 14.9364
    annual_cost: 9.887121394713585
    efficiency: 0.715175
    discharge_ratio: 0.5
    depth_of_discharge: 1.0
