cost_values:
  wind_capex: 5000.0
  wind_opex: 100
  wind_lifetime: 20
  solar_capex: 1000.0
  solar_opex: 10
  solar_lifetime: 20
  carbon_price: 1.0
timeseries_values:
  load_level: 239119.5347402726
  wind_year: 2012
  solar_year: 2013
  price_year: 2023
  carbon_year: 2023
storage_values:
  CAES:
    cost: 48.1027
    lifetime: 24.5852
    annual_cost: 1.956571433219986
    efficiency: 0.582904
    discharge_ratio: 0.1
    depth_of_discharge: 0.4
  Li-ion:
    cost: 186.633
    lifetime: 17.9758
    annual_cost: 10.38245863883666
    efficiency: 0.930413
    discharge_ratio: 2
    depth_of_discharge: 0.9
  Pb-acid:
    cost: 103.205
    lifetime: 11.1521
    annual_cost: 9.254310847284367
    efficiency: 0.736522
    discharge_ratio: 5
    depth_of_discharge: 0.5
  VRBF:
    cost: 141.814
    lifetime: 14.0471
    annual_cost: 10.095606922425269
    efficiency: 0.714881
    discharge_ratio: 0.5
    depth_of_discharge: 1.0
