cost_values:
  wind_capex: 5000.0
  wind_opex: 100
  wind_lifetime: 20
  solar_capex: 1000.0
  solar_opex: 10
  solar_lifetime: 20
  carbon_price: 1.0
timeseries_values:
  load_level: 239119.5347402726
  wind_year: 2012
  solar_year: 2013
  price_year: 2023
  carbon_year: 2023
storage_values:
  CAES:
    cost: 53.9291
    lifetime: 23.6386
    annual_cost: 2.281399913700473
    efficiency: 0.578178
    discharge_ratio: 0.1
    depth_of_discharge: 0.4
  Li-ion:
    cost: 171.156
    lifetime: 17.008
    annual_cost: 10.06326434619003
    efficiency: 0.922205
    discharge_ratio: 2
    depth_of_discharge: 0.9
  Pb-acid:
    cost: 97.9205
    lifetime: 8.24875
    annual_cost: 11.870950143961208
    efficiency: 0.734577
    discharge_ratio: 5
    depth_of_discharge: 0.5
  VRBF:
    cost: 164.086
    lifetime: 17.5864
    annual_cost: 9.330277942046127
    efficiency: 0.717747
    discharge_ratio: 0.5
    depth_of_discharge: 1.0
