cost_values:
  wind_capex: 5000.0
  wind_opex: 100
  wind_lifetime: 20
  solar_capex: 1000.0
  solar_opex: 10
  solar_lifetime: 20
  carbon_price: 1.0
timeseries_values:
  load_level: 239119.5347402726
  wind_year: 2012
  solar_year: 2013
  price_year: 2023
  carbon_year: 2023
storage_values:
  CAES:
    cost: 59.2275
    lifetime: 24.435
    annual_cost: 2.4238796807857583
    efficiency: 0.577238
    discharge_ratio: 0.1
    depth_of_discharge: 0.4
  Li-ion:
    cost: 186.153
    lifetime: 16.6545
    annual_cost: 11.177339457804198
    efficiency: 0.917962
    discharge_ratio: 2
    depth_of_discharge: 0.9
  Pb-acid:
    cost: 94.1142
    lifetime: 8.43072
    annual_cost: 11.16324584377135
    efficiency: 0.750857
    discharge_ratio: 5
    depth_of_discharge: 0.5
  VRBF:
    cost: 167.448
    lifetime: 18.3091
    annual_cost: 9.145616114391204
    efficiency: 0.719215
    discharge_ratio: 0.5
    depth_of_discharge: 1.0
