cost_values:
  wind_capex: 5000.0
  wind_opex: 100
  wind_lifetime: 20
  solar_capex: 1000.0
  solar_opex: 10
  solar_lifetime: 20
  carbon_price: 1.0
timeseries_values:
  load_level: 239119.5347402726
  wind_year: 2012
  solar_year: 2013
  price_year: 2023
  carbon_year: 2023
storage_values:
  CAES:
    cost: 48.2368
    lifetime: 24.4828
    annual_cost: 1.9702321629878936
    efficiency: 0.582161
    discharge_ratio: 0.1
    depth_of_discharge: 0.4
  Li-ion:
    cost: 198.491
    lifetime: 17.2613
    annual_cost: 11.499191833755281
    efficiency: 0.922539
    discharge_ratio: 2
    depth_of_discharge: 0.9
  Pb-acid:
    cost: 84.7131
    lifetime: 11.2251
    annual_cost: 7.546756821765507
    efficiency: 0.734427
    discharge_ratio: 5
    depth_of_discharge: 0.5
  VRBF:
    cost: 158.811
    lifetime: 15.8961
    annual_cost: 9.990563723177383
    efficiency: 0.716622
    discharge_ratio: 0.5
    depth_of_discharge: 1.0
