cost_values:
  wind_capex: 5000.0
  wind_opex: 100
  wind_lifetime: 20
  solar_capex: 1000.0
  solar_opex: 10
  solar_lifetime: 20
  carbon_price: 1.0
timeseries_values:
  load_level: 239119.5347402726
  wind_year: 2012
  solar_year: 2013
  price_year: 2023
  carbon_year: 2023
storage_values:
  CAES:
    cost: 44.4099
    lifetime: 23.6042
    annual_cost: 1.8814405910812484
    efficiency: 0.579354
    discharge_ratio: 0.1
    depth_of_discharge: 0.4
  Li-ion:
    cost: 180.23
    lifetime: 18.2954
    annual_cost: 9.8511101151109
    efficiency: 0.92206
    discharge_ratio: 2
    depth_of_discharge: 0.9
  Pb-acid:
    cost: 93.3028
    lifetime: 9.57789
    annual_cost: 9.741477507050092
    efficiency: 0.742492
    discharge_ratio: 5
    depth_of_discharge: 0.5
  VRBF:
    cost: 174.53
    lifetime: 16.822
    annual_cost: 10.375104030436335
    efficiency: 0.706385
    discharge_ratio: 0.5
    depth_of_discharge: 1.0
