cost_values:
  wind_capex: 5000.0
  wind_opex: 100
  wind_lifetime: 20
  solar_capex: 1000.0
  solar_opex: 10
  solar_lifetime: 20
  carbon_price: 1.0
timeseries_values:
  load_level: 239119.5347402726
  wind_year: 2012
  solar_year: 2013
  price_year: 2023
  carbon_year: 2023
storage_values:
  CAES:
    cost: 51.1102
    lifetime: 24.5361
    annual_cost: 2.0830612852083257
    efficiency: 0.571172
    discharge_ratio: 0.1
    depth_of_discharge: 0.4
  Li-ion:
    cost: 204.149
    lifetime: 16.6183
    annual_cost: 12.28458987983127
    efficiency: 0.924929
    discharge_ratio: 2
    depth_of_discharge: 0.9
  Pb-acid:
    cost: 77.847
    lifetime: 9.31713
    annual_cost: 8.35525532003954
    efficiency: 0.743278
    discharge_ratio: 5
    depth_of_discharge: 0.5
  VRBF:
    cost: 170.471
    lifetime: 15.6433
    annual_cost: 10.897380987387573
    efficiency: 0.721024
    discharge_ratio: 0.5
    depth_of_discharge: 1.0
