cost_values:
  wind_capex: 5000.0
  wind_opex: 100
  wind_lifetime: 20
  solar_capex: 1000.0
  solar_opex: 10
  solar_lifetime: 20
  carbon_price: 1.0
timeseries_values:
  load_level: 239119.5347402726
  wind_year: 2012
  solar_year: 2013
  price_year: 2023
  carbon_year: 2023
storage_values:
  CAES:
    cost: 49.7901
    lifetime: 23.7766
    annual_cost: 2.0940798936769767
    efficiency: 0.580391
    discharge_ratio: 0.1
    depth_of_discharge: 0.4
  Li-ion:
    cost: 197.972
    lifetime: 17.5897
    annual_cost: 11.254995821418216
    efficiency: 0.924451
    discharge_ratio: 2
    depth_of_discharge: 0.9
  Pb-acid:
    cost: 78.1414
    lifetime: 10.3658
    annual_cost: 7.538385845762026
    efficiency: 0.732981
    discharge_ratio: 5
    depth_of_discharge: 0.5
  VRBF:
    cost: 208.38
    lifetime: 16.4667
    annual_cost: 12.654630253784912
    efficiency: 0.713145
    discharge_ratio: 0.5
    depth_of_discharge: 1.0
