cost_values:
  wind_capex: 5000.0
  wind_opex: 100
  wind_lifetime: 20
  solar_capex: 1000.0
  solar_opex: 10
  solar_lifetime: 20
  carbon_price: 1.0
timeseries_values:
  load_level: 239119.5347402726
  wind_year: 2012
  solar_year: 2013
  price_year: 2023
  carbon_year: 2023
storage_values:
  CAES:
    cost: 47.4122
    lifetime: 23.9869
    annual_cost: 1.9765872205245363
    efficiency: 0.584115
    discharge_ratio: 0.1
    depth_of_discharge: 0.4
  Li-ion:
    cost: 188.194
    lifetime: 18.4938
    annual_cost: 10.176059003557949
    efficiency: 0.916902
    discharge_ratio: 2
    depth_of_discharge: 0.9
  Pb-acid:
    cost: 113.637
    lifetime: 10.2637
    annual_cost: 11.071738262030262
    efficiency: 0.729689
    discharge_ratio: 5
    depth_of_discharge: 0.5
  VRBF:
    cost: 165.05
    lifetime: 15.6455
    annual_cost: 10.549359240676234
    efficiency: 0.716555
    discharge_ratio: 0.5
    depth_of_discharge: 1.0
