cost_values:
  wind_capex: 5000.0
  wind_opex: 100
  wind_lifetime: 20
  solar_capex: 1000.0
  solar_opex: 10
  solar_lifetime: 20
  carbon_price: 1.0
timeseries_values:
  load_level: 239119.5347402726
  wind_year: 2012
  solar_year: 2013
  price_year: 2023
  carbon_year: 2023
storage_values:
  CAES:
    cost: 50.3847
    lifetime: 24.0359
    annual_cost: 2.096226893937818
    efficiency: 0.579953
    discharge_ratio: 0.1
    depth_of_discharge: 0.4
  Li-ion:
    cost: 197.243
    lifetime: 17.9365
    annual_cost: 10.996738494132078
    efficiency: 0.924406
    discharge_ratio: 2
    depth_of_discharge: 0.9
  Pb-acid:
    cost: 97.0488
    lifetime: 9.83263
    annual_cost: 9.870075452854424
    efficiency: 0.747733
    discharge_ratio: 5
    depth_of_discharge: 0.5
  VRBF:
    cost: 145.327
    lifetime: 15.8312
    annual_cost: 9.179784223558542
    efficiency: 0.736256
    discharge_ratio: 0.5
    depth_of_discharge: 1.0
