cost_values:
  wind_capex: 5000.0
  wind_opex: 100
  wind_lifetime: 20
  solar_capex: 1000.0
  solar_opex: 10
  solar_lifetime: 20
  carbon_price: 1.0
timeseries_values:
  load_level: 239119.5347402726
  wind_year: 2012
  solar_year: 2013
  price_year: 2023
  carbon_year: 2023
storage_values:
  CAES:
    cost: 46.6719
    lifetime: 23.3487
    annual_cost: 1.9989078621079546
    efficiency: 0.567413
    discharge_ratio: 0.1
    depth_of_discharge: 0.4
  Li-ion:
    cost: 196.819
    lifetime: 16.9526
    annual_cost: 11.609959534230736
    efficiency: 0.912747
    discharge_ratio: 2
    depth_of_discharge: 0.9
  Pb-acid:
    cost: 84.1475
    lifetime: 9.7132
    annual_cost: 8.663210888275747
    efficiency: 0.73539
    discharge_ratio: 5
    depth_of_discharge: 0.5
  VRBF:
    cost: 132.019
    lifetime: 15.2318
    annual_cost: 8.667327564700168
    efficiency: 0.724563
    discharge_ratio: 0.5
    depth_of_discharge: 1.0
