cost_values:
  wind_capex: 5000.0
  wind_opex: 100
  wind_lifetime: 20
  solar_capex: 1000.0
  solar_opex: 10
  solar_lifetime: 20
  carbon_price: 1.0
timeseries_values:
  load_level: 239119.5347402726
  wind_year: 2012
  solar_year: 2013
  price_year: 2023
  carbon_year: 2023
storage_values:
  CAES:
    cost: 50.9349
    lifetime: 24.9316
    annual_cost: 2.0429856086251985
    efficiency: 0.582529
    discharge_ratio: 0.1
    depth_of_discharge: 0.4
  Li-ion:
    cost: 221.056
    lifetime: 17.9538
    annual_cost: 12.3124909489913
    efficiency: 0.912902
    discharge_ratio: 2
    depth_of_discharge: 0.9
  Pb-acid:
    cost: 81.5838
    lifetime: 12.8436
    annual_cost: 6.352097542745025
    efficiency: 0.727991
    discharge_ratio: 5
    depth_of_discharge: 0.5
  VRBF:
    cost: 175.551
    lifetime: 14.3823
    annual_cost: 12.206044930226735
    efficiency: 0.728007
    discharge_ratio: 0.5
    depth_of_discharge: 1.0
