cost_values:
  wind_capex: 5000.0
  wind_opex: 100
  wind_lifetime: 20
  solar_capex: 1000.0
  solar_opex: 10
  solar_lifetime: 20
  carbon_price: 1.0
timeseries_values:
  load_level: 239119.5347402726
  wind_year: 2012
  solar_year: 2013
  price_year: 2023
  carbon_year: 2023
storage_values:
  CAES:
    cost: 58.1328
    lifetime: 23.859
    annual_cost: 2.4365145228215765
    efficiency: 0.578962
    discharge_ratio: 0.1
    depth_of_discharge: 0.4
  Li-ion:
    cost: 178.986
    lifetime: 17.4633
    annual_cost: 10.249265602721135
    efficiency: 0.923921
    discharge_ratio: 2
    depth_of_discharge: 0.9
  Pb-acid:
    cost: 75.7854
    lifetime: 11.1163
    annual_cost: 6.817502226460242
    efficiency: 0.719673
    discharge_ratio: 5
    depth_of_discharge: 0.5
  VRBF:
    cost: 173.536
    lifetime: 17.0161
    annual_cost: 10.198341570630166
    efficiency: 0.697836
    discharge_ratio: 0.5
    depth_of_discharge: 1.0
