cost_values:
  wind_capex: 5000.0
  wind_opex: 100
  wind_lifetime: 20
  solar_capex: 1000.0
  solar_opex: 10
  solar_lifetime: 20
  carbon_price: 1.0
timeseries_values:
  load_level: 239119.5347402726
  wind_year: 2012
  solar_year: 2013
  price_year: 2023
  carbon_year: 2023
storage_values:
  CAES:
    cost: 45.3277
    lifetime: 23.8163
    annual_cost: 1.9032217430919163
    efficiency: 0.584758
    discharge_ratio: 0.1
    depth_of_discharge: 0.4
  Li-ion:
    cost: 205.918
    lifetime: 15.6295
    annual_cost: 13.174957612207685
    efficiency: 0.927777
    discharge_ratio: 2
    depth_of_discharge: 0.9
  Pb-acid:
    cost: 98.4139
    lifetime: 11.6495
    annual_cost: 8.447907635520838
    efficiency: 0.734765
    discharge_ratio: 5
    depth_of_discharge: 0.5
  VRBF:
    cost: 191.671
    lifetime: 16.4951
    annual_cost: 11.619874993179792
    efficiency: 0.72454
    discharge_ratio: 0.5
    depth_of_discharge: 1.0
