cost_values:
  wind_capex: 5000.0
  wind_opex: 100
  wind_lifetime: 20
  solar_capex: 1000.0
  solar_opex: 10
  solar_lifetime: 20
  carbon_price: 1.0
timeseries_values:
  load_level: 239119.5347402726
  wind_year: 2012
  solar_year: 2013
  price_year: 2023
  carbon_year: 2023
storage_values:
  CAES:
    cost: 51.1159
    lifetime: 24.4061
    annual_cost: 2.0943903368420194
    efficiency: 0.577727
    discharge_ratio: 0.1
    depth_of_discharge: 0.4
  Li-ion:
    cost: 217.252
    lifetime: 17.5025
    annual_cost: 12.412626767604628
    efficiency: 0.915439
    discharge_ratio: 2
    depth_of_discharge: 0.9
  Pb-acid:
    cost: 89.3384
    lifetime: 10.4407
    annual_cost: 8.55674427959811
    efficiency: 0.736245
    discharge_ratio: 5
    depth_of_discharge: 0.5
  VRBF:
    cost: 179.756
    lifetime: 18.8487
    annual_cost: 9.536785030267339
    efficiency: 0.733648
    discharge_ratio: 0.5
    depth_of_discharge: 1.0
