cost_values:
  wind_capex: 5000.0
  wind_opex: 100
  wind_lifetime: 20
  solar_capex: 1000.0
  solar_opex: 10
  solar_lifetime: 20
  carbon_price: 1.0
timeseries_values:
  load_level: 239119.5347402726
  wind_year: 2012
  solar_year: 2013
  price_year: 2023
  carbon_year: 2023
storage_values:
  CAES:
    cost: 55.1534
    lifetime: 24.5155
    annual_cost: 2.249735881381167
    efficiency: 0.578808
    discharge_ratio: 0.1
    depth_of_discharge: 0.4
  Li-ion:
    cost: 205.194
    lifetime: 17.9341
    annual_cost: 11.44155547253556
    efficiency: 0.936162
    discharge_ratio: 2
    depth_of_discharge: 0.9
  Pb-acid:
    cost: 72.8328
    lifetime: 10.303
    annual_cost: 7.0690866737843345
    efficiency: 0.727339
    discharge_ratio: 5
    depth_of_discharge: 0.5
  VRBF:
    cost: 147.686
    lifetime: 16.9765
    annual_cost: 8.699437457662063
    efficiency: 0.712261
    discharge_ratio: 0.5
    depth_of_discharge: 1.0
