cost_values:
  wind_capex: 5000.0
  wind_opex: 100
  wind_lifetime: 20
  solar_capex: 1000.0
  solar_opex: 10
  solar_lifetime: 20
  carbon_price: 1.0
timeseries_values:
  load_level: 239119.5347402726
  wind_year: 2012
  solar_year: 2013
  price_year: 2023
  carbon_year: 2023
storage_values:
  CAES:
    cost: 55.5006
    lifetime: 23.6201
    annual_cost: 2.3497190951774125
    efficiency: 0.575006
    discharge_ratio: 0.1
    depth_of_discharge: 0.4
  Li-ion:
    cost: 208.972
    lifetime: 13.9563
    annual_cost: 14.973309544793391
    efficiency: 0.915355
    discharge_ratio: 2
    depth_of_discharge: 0.9
  Pb-acid:
    cost: 84.9236
    lifetime: 10.6425
    annual_cost: 7.979666431759454
    efficiency: 0.746602
    discharge_ratio: 5
    depth_of_discharge: 0.5
  VRBF:
    cost: 144.183
    lifetime: 17.1089
    annual_cost: 8.427368211866339
    efficiency: 0.727254
    discharge_ratio: 0.5
    depth_of_discharge: 1.0
