cost_values:
  wind_capex: 5000.0
  wind_opex: 100
  wind_lifetime: 20
  solar_capex: 1000.0
  solar_opex: 10
  solar_lifetime: 20
  carbon_price: 1.0
timeseries_values:
  load_level: 239119.5347402726
  wind_year: 2012
  solar_year: 2013
  price_year: 2023
  carbon_year: 2023
storage_values:
  CAES:
    cost: 48.7869
    lifetime: 23.3495
    annual_cost: 2.0894194736503997
    efficiency: 0.578976
    discharge_ratio: 0.1
    depth_of_discharge: 0.4
  Li-ion:
    cost: 202.147
    lifetime: 17.6443
    annual_cost: 11.456787744484053
    efficiency: 0.904383
    discharge_ratio: 2
    depth_of_discharge: 0.9
  Pb-acid:
    cost: 108.073
    lifetime: 11.2661
    annual_cost: 9.592760582632854
    efficiency: 0.74872
    discharge_ratio: 5
    depth_of_discharge: 0.5
  VRBF:
    cost: 187.128
    lifetime: 15.4791
    annual_cost: 12.089074946217801
    efficiency: 0.718296
    discharge_ratio: 0.5
    depth_of_discharge: 1.0
