cost_values:
  wind_capex: 5000.0
  wind_opex: 100
  wind_lifetime: 20
  solar_capex: 1000.0
  solar_opex: 10
  solar_lifetime: 20
  carbon_price: 1.0
timeseries_values:
  load_level: 239119.5347402726
  wind_year: 2012
  solar_year: 2013
  price_year: 2023
  carbon_year: 2023
storage_values:
  CAES:
    cost: 52.2814
    lifetime: 23.3246
    annual_cost: 2.24147037891325
    efficiency: 0.574
    discharge_ratio: 0.1
    depth_of_discharge: 0.4
  Li-ion:
    cost: 187.945
    lifetime: 19.8492
    annual_cost: 9.468643572536928
    efficiency: 0.922344
    discharge_ratio: 2
    depth_of_discharge: 0.9
  Pb-acid:
    cost: 93.6612
    lifetime: 9.30438
    annual_cost: 10.066355845311563
    efficiency: 0.73149
    discharge_ratio: 5
    depth_of_discharge: 0.5
  VRBF:
    cost: 164.203
    lifetime: 13.0505
    annual_cost: 12.582123290295392
    efficiency: 0.724583
    discharge_ratio: 0.5
    depth_of_discharge: 1.0
