cost_values:
  wind_capex: 5000.0
  wind_opex: 100
  wind_lifetime: 20
  solar_capex: 1000.0
  solar_opex: 10
  solar_lifetime: 20
  carbon_price: 1.0
timeseries_values:
  load_level: 239119.5347402726
  wind_year: 2012
  solar_year: 2013
  price_year: 2023
  carbon_year: 2023
storage_values:
  CAES:
    cost: 49.9092
    lifetime: 24.1591
    annual_cost: 2.0658551022182117
    efficiency: 0.569017
    discharge_ratio: 0.1
    depth_of_discharge: 0.4
  Li-ion:
    cost: 193.185
    lifetime: 14.8192
    annual_cost: 13.036128805873462
    efficiency: 0.925018
    discharge_ratio: 2
    depth_of_discharge: 0.9
  Pb-acid:
    cost: 91.5319
    lifetime: 12.9629
    annual_cost: 7.0610665823234
    efficiency: 0.731611
    discharge_ratio: 5
    depth_of_discharge: 0.5
  VRBF:
    cost: 188.494
    lifetime: 16.2188
    annual_cost: 11.621944903445383
    efficiency: 0.719978
    discharge_ratio: 0.5
    depth_of_discharge: 1.0
