cost_values:
  wind_capex: 5000.0
  wind_opex: 100
  wind_lifetime: 20
  solar_capex: 1000.0
  solar_opex: 10
  solar_lifetime: 20
  carbon_price: 1.0
timeseries_values:
  load_level: 239119.5347402726
  wind_year: 2012
  solar_year: 2013
  price_year: 2023
  carbon_year: 2023
storage_values:
  CAES:
    cost: 54.8669
    lifetime: 24.1968
    annual_cost: 2.2675271110229454
    efficiency: 0.562021
    discharge_ratio: 0.1
    depth_of_discharge: 0.4
  Li-ion:
    cost: 191.642
    lifetime: 17.0604
    annual_cost: 11.233148109071298
    efficiency: 0.937447
    discharge_ratio: 2
    depth_of_discharge: 0.9
  Pb-acid:
    cost: 78.5407
    lifetime: 10.8088
    annual_cost: 7.266366294130709
    efficiency: 0.73594
    discharge_ratio: 5
    depth_of_discharge: 0.5
  VRBF:
    cost: 148.861
    lifetime: 17.6871
    annual_cost: 8.416359945949306
    efficiency: 0.716552
    discharge_ratio: 0.5
    depth_of_discharge: 1.0
