cost_values:
  wind_capex: 5000.0
  wind_opex: 100
  wind_lifetime: 20
  solar_capex: 1000.0
  solar_opex: 10
  solar_lifetime: 20
  carbon_price: 1.0
timeseries_values:
  load_level: 239119.5347402726
  wind_year: 2012
  solar_year: 2013
  price_year: 2023
  carbon_year: 2023
storage_values:
  CAES:
    cost: 56.2171
    lifetime: 24.4058
    annual_cost: 2.30343197108884
    efficiency: 0.583341
    discharge_ratio: 0.1
    depth_of_discharge: 0.4
  Li-ion:
    cost: 202.196
    lifetime: 13.7862
    annual_cost: 14.666550608579595
    efficiency: 0.933001
    discharge_ratio: 2
    depth_of_discharge: 0.9
  Pb-acid:
    cost: 81.3043
    lifetime: 10.4107
    annual_cost: 7.809686188248628
    efficiency: 0.735107
    discharge_ratio: 5
    depth_of_discharge: 0.5
  VRBF:
    cost: 162.024
    lifetime: 16.9578
    annual_cost: 9.554541273042494
    efficiency: 0.725773
    discharge_ratio: 0.5
    depth_of_discharge: 1.0
