cost_values:
  wind_capex: 5000.0
  wind_opex: 100
  wind_lifetime: 20
  solar_capex: 1000.0
  solar_opex: 10
  solar_lifetime: 20
  carbon_price: 1.0
timeseries_values:
  load_level: 239119.5347402726
  wind_year: 2012
  solar_year: 2013
  price_year: 2023
  carbon_year: 2023
storage_values:
  CAES:
    cost: 42.8929
    lifetime: 23.1591
    annual_cost: 1.8520970158598564
    efficiency: 0.582848
    discharge_ratio: 0.1
    depth_of_discharge: 0.4
  Li-ion:
    cost: 191.863
    lifetime: 16.0268
    annual_cost: 11.971385429405744
    efficiency: 0.916751
    discharge_ratio: 2
    depth_of_discharge: 0.9
  Pb-acid:
    cost: 90.9368
    lifetime: 9.42406
    annual_cost: 9.649429226893716
    efficiency: 0.725268
    discharge_ratio: 5
    depth_of_discharge: 0.5
  VRBF:
    cost: 182.306
    lifetime: 14.445
    annual_cost: 12.620699203876775
    efficiency: 0.725835
    discharge_ratio: 0.5
    depth_of_discharge: 1.0
