cost_values:
  wind_capex: 5000.0
  wind_opex: 100
  wind_lifetime: 20
  solar_capex: 1000.0
  solar_opex: 10
  solar_lifetime: 20
  carbon_price: 1.0
timeseries_values:
  load_level: 239119.5347402726
  wind_year: 2012
  solar_year: 2013
  price_year: 2023
  carbon_year: 2023
storage_values:
  CAES:
    cost: 58.9712
    lifetime: 24.4798
    annual_cost: 2.408973929525568
    efficiency: 0.5733
    discharge_ratio: 0.1
    depth_of_discharge: 0.4
  Li-ion:
    cost: 215.715
    lifetime: 16.7004
    annual_cost: 12.916756484874615
    efficiency: 0.927551
    discharge_ratio: 2
    depth_of_discharge: 0.9
  Pb-acid:
    cost: 102.73
    lifetime: 9.79666
    annual_cost: 10.48622693856886
    efficiency: 0.743208
    discharge_ratio: 5
    depth_of_discharge: 0.5
  VRBF:
    cost: 167.405
    lifetime: 16.4562
    annual_cost: 10.172761633913055
    efficiency: 0.703106
    discharge_ratio: 0.5
    depth_of_discharge: 1.0
