cost_values:
  wind_capex: 5000.0
  wind_opex: 100
  wind_lifetime: 20
  solar_capex: 1000.0
  solar_opex: 10
  solar_lifetime: 20
  carbon_price: 1.0
timeseries_values:
  load_level: 239119.5347402726
  wind_year: 2012
  solar_year: 2013
  price_year: 2023
  carbon_year: 2023
storage_values:
  CAES:
    cost: 49.7307
    lifetime: 24.1368
    annual_cost: 2.06036840011932
    efficiency: 0.575226
    discharge_ratio: 0.1
    depth_of_discharge: 0.4
  Li-ion:
    cost: 211.815
    lifetime: 16.1289
    annual_cost: 13.132637687629037
    efficiency: 0.929255
    discharge_ratio: 2
    depth_of_discharge: 0.9
  Pb-acid:
    cost: 97.1702
    lifetime: 10.9622
    annual_cost: 8.864114867453614
    efficiency: 0.73751
    discharge_ratio: 5
    depth_of_discharge: 0.5
  VRBF:
    cost: 173.799
    lifetime: 17.241
    annual_cost: 10.080563772402993
    efficiency: 0.713864
    discharge_ratio: 0.5
    depth_of_discharge: 1.0
