cost_values:
  wind_capex: 5000.0
  wind_opex: 100
  wind_lifetime: 20
  solar_capex: 1000.0
  solar_opex: 10
  solar_lifetime: 20
  carbon_price: 1.0
timeseries_values:
  load_level: 239119.5347402726
  wind_year: 2012
  solar_year: 2013
  price_year: 2023
  carbon_year: 2023
storage_values:
  CAES:
    cost: 62.3004
    lifetime: 22.7032
    annual_cost: 2.7441241763275666
    efficiency: 0.579481
    discharge_ratio: 0.1
    depth_of_discharge: 0.4
  Li-ion:
    cost: 213.582
    lifetime: 16.9533
    annual_cost: 12.59825520695086
    efficiency: 0.922378
    discharge_ratio: 2
    depth_of_discharge: 0.9
  Pb-acid:
    cost: 85.3224
    lifetime: 7.94508
    annual_cost: 10.73902339561087
    efficiency: 0.731671
    discharge_ratio: 5
    depth_of_discharge: 0.5
  VRBF:
    cost: 172.951
    lifetime: 17.3197
    annual_cost: 9.985796520724953
    efficiency: 0.727683
    discharge_ratio: 0.5
    depth_of_discharge: 1.0
