cost_values:
  wind_capex: 5000.0
  wind_opex: 100
  wind_lifetime: 20
  solar_capex: 1000.0
  solar_opex: 10
  solar_lifetime: 20
  carbon_price: 1.0
timeseries_values:
  load_level: 239119.5347402726
  wind_year: 2012
  solar_year: 2013
  price_year: 2023
  carbon_year: 2023
storage_values:
  CAES:
    cost: 47.6239
    lifetime: 23.6574
    annual_cost: 2.013065679237786
    efficiency: 0.571219
    discharge_ratio: 0.1
    depth_of_discharge: 0.4
  Li-ion:
    cost: 217.981
    lifetime: 15.9466
    annual_cost: 13.669434236765204
    efficiency: 0.921567
    discharge_ratio: 2
    depth_of_discharge: 0.9
  Pb-acid:
    cost: 84.6179
    lifetime: 10.9057
    annual_cost: 7.7590526055182165
    efficiency: 0.72617
    discharge_ratio: 5
    depth_of_discharge: 0.5
  VRBF:
    cost: 184.0
    lifetime: 16.5614
    annual_cost: 11.110171845375392
    efficiency: 0.708742
    discharge_ratio: 0.5
    depth_of_discharge: 1.0
