cost_values:
  wind_capex: 5000.0
  wind_opex: 100
  wind_lifetime: 20
  solar_capex: 1000.0
  solar_opex: 10
  solar_lifetime: 20
  carbon_price: 1.0
timeseries_values:
  load_level: 239119.5347402726
  wind_year: 2012
  solar_year: 2013
  price_year: 2023
  carbon_year: 2023
storage_values:
  CAES:
    cost: 57.3448
    lifetime: 23.7032
    annual_cost: 2.419285159809646
    efficiency: 0.56946
    discharge_ratio: 0.1
    depth_of_discharge: 0.4
  Li-ion:
    cost: 191.651
    lifetime: 15.6899
    annual_cost: 12.214928074748725
    efficiency: 0.933684
    discharge_ratio: 2
    depth_of_discharge: 0.9
  Pb-acid:
    cost: 110.417
    lifetime: 9.06507
    annual_cost: 12.180490608456415
    efficiency: 0.756095
    discharge_ratio: 5
    depth_of_discharge: 0.5
  VRBF:
    cost: 215.711
    lifetime: 16.8544
    annual_cost: 12.798497721663187
    efficiency: 0.711824
    discharge_ratio: 0.5
    depth_of_discharge: 1.0
