cost_values:
  wind_capex: 5000.0
  wind_opex: 100
  wind_lifetime: 20
  solar_capex: 1000.0
  solar_opex: 10
  solar_lifetime: 20
  carbon_price: 1.0
timeseries_values:
  load_level: 239119.5347402726
  wind_year: 2012
  solar_year: 2013
  price_year: 2023
  carbon_year: 2023
storage_values:
  CAES:
    cost: 53.0511
    lifetime: 23.1437
    annual_cost: 2.292247998375368
    efficiency: 0.577203
    discharge_ratio: 0.1
    depth_of_discharge: 0.4
  Li-ion:
    cost: 195.642
    lifetime: 15.9306
    annual_cost: 12.280893375014124
    efficiency: 0.913685
    discharge_ratio: 2
    depth_of_discharge: 0.9
  Pb-acid:
    cost: 117.143
    lifetime: 10.3023
    annual_cost: 11.370567737301378
    efficiency: 0.737957
    discharge_ratio: 5
    depth_of_discharge: 0.5
  VRBF:
    cost: 176.264
    lifetime: 15.1865
    annual_cost: 11.606624304480954
    efficiency: 0.741017
    discharge_ratio: 0.5
    depth_of_discharge: 1.0
