cost_values:
  wind_capex: 5000.0
  wind_opex: 100
  wind_lifetime: 20
  solar_capex: 1000.0
  solar_opex: 10
  solar_lifetime: 20
  carbon_price: 1.0
timeseries_values:
  load_level: 239119.5347402726
  wind_year: 2012
  solar_year: 2013
  price_year: 2023
  carbon_year: 2023
storage_values:
  CAES:
    cost: 49.7304
    lifetime: 24.7663
    annual_cost: 2.0079866592910527
    efficiency: 0.583825
    discharge_ratio: 0.1
    depth_of_discharge: 0.4
  Li-ion:
    cost: 197.629
    lifetime: 16.0792
    annual_cost: 12.290972187671027
    efficiency: 0.92996
    discharge_ratio: 2
    depth_of_discharge: 0.9
  Pb-acid:
    cost: 93.112
    lifetime: 10.7506
    annual_cost: 8.66109798522873
    efficiency: 0.723876
    discharge_ratio: 5
    depth_of_discharge: 0.5
  VRBF:
    cost: 171.882
    lifetime: 14.7878
    annual_cost: 11.623229959831752
    efficiency: 0.710533
    discharge_ratio: 0.5
    depth_of_discharge: 1.0
