cost_values:
  wind_capex: 5000.0
  wind_opex: 100
  wind_lifetime: 20
  solar_capex: 1000.0
  solar_opex: 10
  solar_lifetime: 20
  carbon_price: 1.0
timeseries_values:
  load_level: 239119.5347402726
  wind_year: 2012
  solar_year: 2013
  price_year: 2023
  carbon_year: 2023
storage_values:
  CAES:
    cost: 47.866
    lifetime: 23.4401
    annual_cost: 2.0420561345728045
    efficiency: 0.5739
    discharge_ratio: 0.1
    depth_of_discharge: 0.4
  Li-ion:
    cost: 204.705
    lifetime: 16.1468
    annual_cost: 12.677744196992595
    efficiency: 0.931004
    discharge_ratio: 2
    depth_of_discharge: 0.9
  Pb-acid:
    cost: 90.6182
    lifetime: 10.0042
    annual_cost: 9.058015633433957
    efficiency: 0.728618
    discharge_ratio: 5
    depth_of_discharge: 0.5
  VRBF:
    cost: 165.119
    lifetime: 14.5166
    annual_cost: 11.374495405260184
    efficiency: 0.735704
    discharge_ratio: 0.5
    depth_of_discharge: 1.0
