cost_values:
  wind_capex: 5000.0
  wind_opex: 100
  wind_lifetime: 20
  solar_capex: 1000.0
  solar_opex: 10
  solar_lifetime: 20
  carbon_price: 1.0
timeseries_values:
  load_level: 281081.36903387646
  wind_year: 2017
  solar_year: 2011
  price_year: 2023
  carbon_year: 2023
storage_values:
  CAES:
    cost: 61.2394
    lifetime: 21.4866
    annual_cost: 2.850120540243687
    efficiency: 0.635629
    discharge_ratio: 0.1
    depth_of_discharge: 0.4
  Li-ion:
    cost: 261.273
    lifetime: 22.7559
    annual_cost: 11.481549839821762
    efficiency: 0.931185
    discharge_ratio: 2
    depth_of_discharge: 0.9
  Pb-acid:
    cost: 232.178
    lifetime: 15.6092
    annual_cost: 14.874433026676575
    efficiency: 0.694053
    discharge_ratio: 5
    depth_of_discharge: 0.5
  VRBF:
    cost: 280.444
    lifetime: 20.5113
    annual_cost: 13.672658485810263
    efficiency: 0.734012
    discharge_ratio: 0.5
    depth_of_discharge: 1.0
