cost_values:
  wind_capex: 5000.0
  wind_opex: 100
  wind_lifetime: 20
  solar_capex: 1000.0
  solar_opex: 10
  solar_lifetime: 20
  carbon_price: 1.0
timeseries_values:
  load_level: 281081.36903387646
  wind_year: 2017
  solar_year: 2011
  price_year: 2023
  carbon_year: 2023
storage_values:
  CAES:
    cost: 52.8755
    lifetime: 20.6009
    annual_cost: 2.566659709041838
    efficiency: 0.624066
    discharge_ratio: 0.1
    depth_of_discharge: 0.4
  Li-ion:
    cost: 252.037
    lifetime: 24.9199
    annual_cost: 10.113884887178521
    efficiency: 0.938328
    discharge_ratio: 2
    depth_of_discharge: 0.9
  Pb-acid:
    cost: 238.464
    lifetime: 16.2163
    annual_cost: 14.705204023112547
    efficiency: 0.672868
    discharge_ratio: 5
    depth_of_discharge: 0.5
  VRBF:
    cost: 278.731
    lifetime: 17.0498
    annual_cost: 16.34805100353083
    efficiency: 0.739816
    discharge_ratio: 0.5
    depth_of_discharge: 1.0
