cost_values:
  wind_capex: 5000.0
  wind_opex: 100
  wind_lifetime: 20
  solar_capex: 1000.0
  solar_opex: 10
  solar_lifetime: 20
  carbon_price: 1.0
timeseries_values:
  load_level: 281081.36903387646
  wind_year: 2017
  solar_year: 2011
  price_year: 2023
  carbon_year: 2023
storage_values:
  CAES:
    cost: 58.3642
    lifetime: 21.7311
    annual_cost: 2.6857453143191092
    efficiency: 0.634314
    discharge_ratio: 0.1
    depth_of_discharge: 0.4
  Li-ion:
    cost: 278.389
    lifetime: 25.0889
    annual_cost: 11.096102260362153
    efficiency: 0.926002
    discharge_ratio: 2
    depth_of_discharge: 0.9
  Pb-acid:
    cost: 202.249
    lifetime: 15.6171
    annual_cost: 12.950483764591377
    efficiency: 0.675704
    discharge_ratio: 5
    depth_of_discharge: 0.5
  VRBF:
    cost: 255.965
    lifetime: 18.5845
    annual_cost: 13.773036670343567
    efficiency: 0.751221
    discharge_ratio: 0.5
    depth_of_discharge: 1.0
