cost_values:
  wind_capex: 5000.0
  wind_opex: 100
  wind_lifetime: 20
  solar_capex: 1000.0
  solar_opex: 10
  solar_lifetime: 20
  carbon_price: 1.0
timeseries_values:
  load_level: 281081.36903387646
  wind_year: 2017
  solar_year: 2011
  price_year: 2023
  carbon_year: 2023
storage_values:
  CAES:
    cost: 61.7376
    lifetime: 20.4463
    annual_cost: 3.0194998606104773
    efficiency: 0.636972
    discharge_ratio: 0.1
    depth_of_discharge: 0.4
  Li-ion:
    cost: 280.872
    lifetime: 22.5314
    annual_cost: 12.465803278979557
    efficiency: 0.921188
    discharge_ratio: 2
    depth_of_discharge: 0.9
  Pb-acid:
    cost: 223.5
    lifetime: 15.6271
    annual_cost: 14.30207780074358
    efficiency: 0.663367
    discharge_ratio: 5
    depth_of_discharge: 0.5
  VRBF:
    cost: 308.907
    lifetime: 19.7243
    annual_cost: 15.661240196103284
    efficiency: 0.752025
    discharge_ratio: 0.5
    depth_of_discharge: 1.0
