cost_values:
  wind_capex: 5000.0
  wind_opex: 100
  wind_lifetime: 20
  solar_capex: 1000.0
  solar_opex: 10
  solar_lifetime: 20
  carbon_price: 1.0
timeseries_values:
  load_level: 281081.36903387646
  wind_year: 2017
  solar_year: 2011
  price_year: 2023
  carbon_year: 2023
storage_values:
  CAES:
    cost: 64.459
    lifetime: 20.3417
    annual_cost: 3.168810866348437
    efficiency: 0.62504
    discharge_ratio: 0.1
    depth_of_discharge: 0.4
  Li-ion:
    cost: 270.859
    lifetime: 22.832
    annual_cost: 11.863130693763138
    efficiency: 0.924955
    discharge_ratio: 2
    depth_of_discharge: 0.9
  Pb-acid:
    cost: 242.713
    lifetime: 15.47
    annual_cost: 15.689269553975436
    efficiency: 0.685423
    discharge_ratio: 5
    depth_of_discharge: 0.5
  VRBF:
    cost: 283.667
    lifetime: 19.7052
    annual_cost: 14.395540263483747
    efficiency: 0.732625
    discharge_ratio: 0.5
    depth_of_discharge: 1.0
