cost_values:
  wind_capex: 5000.0
  wind_opex: 100
  wind_lifetime: 20
  solar_capex: 1000.0
  solar_opex: 10
  solar_lifetime: 20
  carbon_price: 1.0
timeseries_values:
  load_level: 281081.36903387646
  wind_year: 2017
  solar_year: 2011
  price_year: 2023
  carbon_year: 2023
storage_values:
  CAES:
    cost: 60.8848
    lifetime: 20.9598
    annual_cost: 2.9048368782144864
    efficiency: 0.630028
    discharge_ratio: 0.1
    depth_of_discharge: 0.4
  Li-ion:
    cost: 271.28
    lifetime: 23.4038
    annual_cost: 11.591280048539124
    efficiency: 0.926459
    discharge_ratio: 2
    depth_of_discharge: 0.9
  Pb-acid:
    cost: 216.911
    lifetime: 16.3726
    annual_cost: 13.248415034875341
    efficiency: 0.669805
    discharge_ratio: 5
    depth_of_discharge: 0.5
  VRBF:
    cost: 278.393
    lifetime: 22.3211
    annual_cost: 12.472189990636661
    efficiency: 0.752761
    discharge_ratio: 0.5
    depth_of_discharge: 1.0
