cost_values:
  wind_capex: 5000.0
  wind_opex: 100
  wind_lifetime: 20
  solar_capex: 1000.0
  solar_opex: 10
  solar_lifetime: 20
  carbon_price: 1.0
timeseries_values:
  load_level: 281081.36903387646
  wind_year: 2017
  solar_year: 2011
  price_year: 2023
  carbon_year: 2023
storage_values:
  CAES:
    cost: 53.7838
    lifetime: 20.0104
    annual_cost: 2.687792347979051
    efficiency: 0.630861
    discharge_ratio: 0.1
    depth_of_discharge: 0.4
  Li-ion:
    cost: 272.845
    lifetime: 23.4381
    annual_cost: 11.641088654797105
    efficiency: 0.92634
    discharge_ratio: 2
    depth_of_discharge: 0.9
  Pb-acid:
    cost: 231.462
    lifetime: 13.9856
    annual_cost: 16.55002288067727
    efficiency: 0.693122
    discharge_ratio: 5
    depth_of_discharge: 0.5
  VRBF:
    cost: 286.86
    lifetime: 21.5826
    annual_cost: 13.291262405826917
    efficiency: 0.743144
    discharge_ratio: 0.5
    depth_of_discharge: 1.0
