cost_values:
  wind_capex: 5000.0
  wind_opex: 100
  wind_lifetime: 20
  solar_capex: 1000.0
  solar_opex: 10
  solar_lifetime: 20
  carbon_price: 1.0
timeseries_values:
  load_level: 281081.36903387646
  wind_year: 2017
  solar_year: 2011
  price_year: 2023
  carbon_year: 2023
storage_values:
  CAES:
    cost: 52.3377
    lifetime: 20.19
    annual_cost: 2.5922585438335806
    efficiency: 0.637923
    discharge_ratio: 0.1
    depth_of_discharge: 0.4
  Li-ion:
    cost: 247.281
    lifetime: 24.6335
    annual_cost: 10.038402987801165
    efficiency: 0.926671
    discharge_ratio: 2
    depth_of_discharge: 0.9
  Pb-acid:
    cost: 243.645
    lifetime: 19.4495
    annual_cost: 12.52705725082907
    efficiency: 0.682672
    discharge_ratio: 5
    depth_of_discharge: 0.5
  VRBF:
    cost: 285.569
    lifetime: 20.5393
    annual_cost: 13.903541016490339
    efficiency: 0.74824
    discharge_ratio: 0.5
    depth_of_discharge: 1.0
