cost_values:
  wind_capex: 5000.0
  wind_opex: 100
  wind_lifetime: 20
  solar_capex: 1000.0
  solar_opex: 10
  solar_lifetime: 20
  carbon_price: 1.0
timeseries_values:
  load_level: 281081.36903387646
  wind_year: 2017
  solar_year: 2011
  price_year: 2023
  carbon_year: 2023
storage_values:
  CAES:
    cost: 61.3267
    lifetime: 20.3201
    annual_cost: 3.0180314073257515
    efficiency: 0.624543
    discharge_ratio: 0.1
    depth_of_discharge: 0.4
  Li-ion:
    cost: 285.479
    lifetime: 24.7464
    annual_cost: 11.536183040765524
    efficiency: 0.926704
    discharge_ratio: 2
    depth_of_discharge: 0.9
  Pb-acid:
    cost: 204.395
    lifetime: 15.2935
    annual_cost: 13.3648281949848
    efficiency: 0.684632
    discharge_ratio: 5
    depth_of_discharge: 0.5
  VRBF:
    cost: 295.495
    lifetime: 20.1445
    annual_cost: 14.668768150115415
    efficiency: 0.737745
    discharge_ratio: 0.5
    depth_of_discharge: 1.0
