cost_values:
  wind_capex: 5000.0
  wind_opex: 100
  wind_lifetime: 20
  solar_capex: 1000.0
  solar_opex: 10
  solar_lifetime: 20
  carbon_price: 1.0
timeseries_values:
  load_level: 281081.36903387646
  wind_year: 2017
  solar_year: 2011
  price_year: 2023
  carbon_year: 2023
storage_values:
  CAES:
    cost: 58.3741
    lifetime: 20.511
    annual_cost: 2.845989956608649
    efficiency: 0.62849
    discharge_ratio: 0.1
    depth_of_discharge: 0.4
  Li-ion:
    cost: 265.129
    lifetime: 22.9443
    annual_cost: 11.555331825333527
    efficiency: 0.922059
    discharge_ratio: 2
    depth_of_discharge: 0.9
  Pb-acid:
    cost: 229.52
    lifetime: 15.2277
    annual_cost: 15.072532293123716
    efficiency: 0.690734
    discharge_ratio: 5
    depth_of_discharge: 0.5
  VRBF:
    cost: 280.153
    lifetime: 19.832
    annual_cost: 14.126311012505044
    efficiency: 0.748587
    discharge_ratio: 0.5
    depth_of_discharge: 1.0
