cost_values:
  wind_capex: 5000.0
  wind_opex: 100
  wind_lifetime: 20
  solar_capex: 1000.0
  solar_opex: 10
  solar_lifetime: 20
  carbon_price: 1.0
timeseries_values:
  load_level: 281081.36903387646
  wind_year: 2017
  solar_year: 2011
  price_year: 2023
  carbon_year: 2023
storage_values:
  CAES:
    cost: 60.8951
    lifetime: 20.1765
    annual_cost: 3.01812009020395
    efficiency: 0.637563
    discharge_ratio: 0.1
    depth_of_discharge: 0.4
  Li-ion:
    cost: 249.547
    lifetime: 23.208
    annual_cost: 10.752628403998623
    efficiency: 0.923728
    discharge_ratio: 2
    depth_of_discharge: 0.9
  Pb-acid:
    cost: 241.0
    lifetime: 15.612
    annual_cost: 15.436843453753523
    efficiency: 0.686941
    discharge_ratio: 5
    depth_of_discharge: 0.5
  VRBF:
    cost: 260.661
    lifetime: 20.1312
    annual_cost: 12.948110395803528
    efficiency: 0.759072
    discharge_ratio: 0.5
    depth_of_discharge: 1.0
