cost_values:
  wind_capex: 5000.0
  wind_opex: 100
  wind_lifetime: 20
  solar_capex: 1000.0
  solar_opex: 10
  solar_lifetime: 20
  carbon_price: 1.0
timeseries_values:
  load_level: 281081.36903387646
  wind_year: 2017
  solar_year: 2011
  price_year: 2023
  carbon_year: 2023
storage_values:
  CAES:
    cost: 54.1007
    lifetime: 20.5315
    annual_cost: 2.6350096193653654
    efficiency: 0.638806
    discharge_ratio: 0.1
    depth_of_discharge: 0.4
  Li-ion:
    cost: 283.237
    lifetime: 24.2123
    annual_cost: 11.698062554982386
    efficiency: 0.92726
    discharge_ratio: 2
    depth_of_discharge: 0.9
  Pb-acid:
    cost: 221.229
    lifetime: 16.1844
    annual_cost: 13.66927411581523
    efficiency: 0.677309
    discharge_ratio: 5
    depth_of_discharge: 0.5
  VRBF:
    cost: 244.751
    lifetime: 20.8261
    annual_cost: 11.752128338959286
    efficiency: 0.733321
    discharge_ratio: 0.5
    depth_of_discharge: 1.0
