cost_values:
  wind_capex: 5000.0
  wind_opex: 100
  wind_lifetime: 20
  solar_capex: 1000.0
  solar_opex: 10
  solar_lifetime: 20
  carbon_price: 1.0
timeseries_values:
  load_level: 281081.36903387646
  wind_year: 2017
  solar_year: 2011
  price_year: 2023
  carbon_year: 2023
storage_values:
  CAES:
    cost: 60.778
    lifetime: 21.1302
    annual_cost: 2.8763570624035744
    efficiency: 0.630196
    discharge_ratio: 0.1
    depth_of_discharge: 0.4
  Li-ion:
    cost: 284.644
    lifetime: 22.9804
    annual_cost: 12.386381438095073
    efficiency: 0.926596
    discharge_ratio: 2
    depth_of_discharge: 0.9
  Pb-acid:
    cost: 238.747
    lifetime: 15.439
    annual_cost: 15.46389014832567
    efficiency: 0.680998
    discharge_ratio: 5
    depth_of_discharge: 0.5
  VRBF:
    cost: 302.872
    lifetime: 22.3193
    annual_cost: 13.569959631350446
    efficiency: 0.736381
    discharge_ratio: 0.5
    depth_of_discharge: 1.0
