cost_values:
  wind_capex: 5000.0
  wind_opex: 100
  wind_lifetime: 20
  solar_capex: 1000.0
  solar_opex: 10
  solar_lifetime: 20
  carbon_price: 1.0
timeseries_values:
  load_level: 281081.36903387646
  wind_year: 2017
  solar_year: 2011
  price_year: 2023
  carbon_year: 2023
storage_values:
  CAES:
    cost: 61.2141
    lifetime: 20.714
    annual_cost: 2.9552042097132376
    efficiency: 0.626062
    discharge_ratio: 0.1
    depth_of_discharge: 0.4
  Li-ion:
    cost: 257.576
    lifetime: 22.5557
    annual_cost: 11.419552485624477
    efficiency: 0.922001
    discharge_ratio: 2
    depth_of_discharge: 0.9
  Pb-acid:
    cost: 230.678
    lifetime: 16.5125
    annual_cost: 13.969901589704769
    efficiency: 0.680478
    discharge_ratio: 5
    depth_of_discharge: 0.5
  VRBF:
    cost: 259.303
    lifetime: 20.4643
    annual_cost: 12.670992899830436
    efficiency: 0.730899
    discharge_ratio: 0.5
    depth_of_discharge: 1.0
