cost_values:
  wind_capex: 5000.0
  wind_opex: 100
  wind_lifetime: 20
  solar_capex: 1000.0
  solar_opex: 10
  solar_lifetime: 20
  carbon_price: 1.0
timeseries_values:
  load_level: 281081.36903387646
  wind_year: 2017
  solar_year: 2011
  price_year: 2023
  carbon_year: 2023
storage_values:
  CAES:
    cost: 56.3226
    lifetime: 20.6653
    annual_cost: 2.725467329291131
    efficiency: 0.635839
    discharge_ratio: 0.1
    depth_of_discharge: 0.4
  Li-ion:
    cost: 273.154
    lifetime: 21.315
    annual_cost: 12.815106732348111
    efficiency: 0.949666
    discharge_ratio: 2
    depth_of_discharge: 0.9
  Pb-acid:
    cost: 225.557
    lifetime: 15.2726
    annual_cost: 14.768736168039494
    efficiency: 0.687945
    discharge_ratio: 5
    depth_of_discharge: 0.5
  VRBF:
    cost: 265.553
    lifetime: 21.2503
    annual_cost: 12.496435344442196
    efficiency: 0.747962
    discharge_ratio: 0.5
    depth_of_discharge: 1.0
