cost_values:
  wind_capex: 5000.0
  wind_opex: 100
  wind_lifetime: 20
  solar_capex: 1000.0
  solar_opex: 10
  solar_lifetime: 20
  carbon_price: 1.0
timeseries_values:
  load_level: 281081.36903387646
  wind_year: 2017
  solar_year: 2011
  price_year: 2023
  carbon_year: 2023
storage_values:
  CAES:
    cost: 57.1741
    lifetime: 20.9394
    annual_cost: 2.7304555049332837
    efficiency: 0.626531
    discharge_ratio: 0.1
    depth_of_discharge: 0.4
  Li-ion:
    cost: 271.507
    lifetime: 25.5328
    annual_cost: 10.633655533274846
    efficiency: 0.926034
    discharge_ratio: 2
    depth_of_discharge: 0.9
  Pb-acid:
    cost: 203.764
    lifetime: 16.3781
    annual_cost: 12.441247763782124
    efficiency: 0.686842
    discharge_ratio: 5
    depth_of_discharge: 0.5
  VRBF:
    cost: 282.716
    lifetime: 22.133
    annual_cost: 12.773505625084717
    efficiency: 0.745863
    discharge_ratio: 0.5
    depth_of_discharge: 1.0
