cost_values:
  wind_capex: 5000.0
  wind_opex: 100
  wind_lifetime: 20
  solar_capex: 1000.0
  solar_opex: 10
  solar_lifetime: 20
  carbon_price: 1.0
timeseries_values:
  load_level: 281081.36903387646
  wind_year: 2017
  solar_year: 2011
  price_year: 2023
  carbon_year: 2023
storage_values:
  CAES:
    cost: 55.6844
    lifetime: 20.9498
    annual_cost: 2.6579919617371046
    efficiency: 0.626585
    discharge_ratio: 0.1
    depth_of_discharge: 0.4
  Li-ion:
    cost: 270.792
    lifetime: 22.3598
    annual_cost: 12.110662886072324
    efficiency: 0.930423
    discharge_ratio: 2
    depth_of_discharge: 0.9
  Pb-acid:
    cost: 224.492
    lifetime: 15.8802
    annual_cost: 14.136597775846651
    efficiency: 0.686559
    discharge_ratio: 5
    depth_of_discharge: 0.5
  VRBF:
    cost: 282.121
    lifetime: 18.5641
    annual_cost: 15.197127789658534
    efficiency: 0.739223
    discharge_ratio: 0.5
    depth_of_discharge: 1.0
