cost_values:
  wind_capex: 5000.0
  wind_opex: 100
  wind_lifetime: 20
  solar_capex: 1000.0
  solar_opex: 10
  solar_lifetime: 20
  carbon_price: 1.0
timeseries_values:
  load_level: 281081.36903387646
  wind_year: 2017
  solar_year: 2011
  price_year: 2023
  carbon_year: 2023
storage_values:
  CAES:
    cost: 57.5697
    lifetime: 20.7256
    annual_cost: 2.777709692361138
    efficiency: 0.635351
    discharge_ratio: 0.1
    depth_of_discharge: 0.4
  Li-ion:
    cost: 260.85
    lifetime: 24.2552
    annual_cost: 10.754394933869852
    efficiency: 0.921349
    discharge_ratio: 2
    depth_of_discharge: 0.9
  Pb-acid:
    cost: 212.18
    lifetime: 16.6338
    annual_cost: 12.755954742752708
    efficiency: 0.697332
    discharge_ratio: 5
    depth_of_discharge: 0.5
  VRBF:
    cost: 277.042
    lifetime: 20.0754
    annual_cost: 13.800073722067804
    efficiency: 0.747514
    discharge_ratio: 0.5
    depth_of_discharge: 1.0
