cost_values:
  wind_capex: 5000.0
  wind_opex: 100
  wind_lifetime: 20
  solar_capex: 1000.0
  solar_opex: 10
  solar_lifetime: 20
  carbon_price: 1.0
timeseries_values:
  load_level: 281081.36903387646
  wind_year: 2017
  solar_year: 2011
  price_year: 2023
  carbon_year: 2023
storage_values:
  CAES:
    cost: 59.4029
    lifetime: 20.8365
    annual_cost: 2.850905862308929
    efficiency: 0.634813
    discharge_ratio: 0.1
    depth_of_discharge: 0.4
  Li-ion:
    cost: 274.754
    lifetime: 24.8555
    annual_cost: 11.05405242300497
    efficiency: 0.92219
    discharge_ratio: 2
    depth_of_discharge: 0.9
  Pb-acid:
    cost: 226.747
    lifetime: 16.3426
    annual_cost: 13.87459767723618
    efficiency: 0.693581
    discharge_ratio: 5
    depth_of_discharge: 0.5
  VRBF:
    cost: 279.777
    lifetime: 18.6031
    annual_cost: 15.039267648940228
    efficiency: 0.735456
    discharge_ratio: 0.5
    depth_of_discharge: 1.0
