cost_values:
  wind_capex: 5000.0
  wind_opex: 100
  wind_lifetime: 20
  solar_capex: 1000.0
  solar_opex: 10
  solar_lifetime: 20
  carbon_price: 1.0
timeseries_values:
  load_level: 281081.36903387646
  wind_year: 2017
  solar_year: 2011
  price_year: 2023
  carbon_year: 2023
storage_values:
  CAES:
    cost: 65.5331
    lifetime: 20.8052
    annual_cost: 3.1498423471055315
    efficiency: 0.636164
    discharge_ratio: 0.1
    depth_of_discharge: 0.4
  Li-ion:
    cost: 266.893
    lifetime: 23.2456
    annual_cost: 11.481441649172316
    efficiency: 0.930689
    discharge_ratio: 2
    depth_of_discharge: 0.9
  Pb-acid:
    cost: 227.255
    lifetime: 16.6924
    annual_cost: 13.614279552371139
    efficiency: 0.688294
    discharge_ratio: 5
    depth_of_discharge: 0.5
  VRBF:
    cost: 257.792
    lifetime: 20.0862
    annual_cost: 12.834284234947374
    efficiency: 0.736637
    discharge_ratio: 0.5
    depth_of_discharge: 1.0
