cost_values:
  wind_capex: 5000.0
  wind_opex: 100
  wind_lifetime: 20
  solar_capex: 1000.0
  solar_opex: 10
  solar_lifetime: 20
  carbon_price: 1.0
timeseries_values:
  load_level: 281081.36903387646
  wind_year: 2017
  solar_year: 2011
  price_year: 2023
  carbon_year: 2023
storage_values:
  CAES:
    cost: 58.0021
    lifetime: 20.2801
    annual_cost: 2.8600499997534525
    efficiency: 0.630251
    discharge_ratio: 0.1
    depth_of_discharge: 0.4
  Li-ion:
    cost: 274.298
    lifetime: 24.9283
    annual_cost: 11.003477974831817
    efficiency: 0.923598
    discharge_ratio: 2
    depth_of_discharge: 0.9
  Pb-acid:
    cost: 234.871
    lifetime: 17.5514
    annual_cost: 13.38189546133072
    efficiency: 0.680318
    discharge_ratio: 5
    depth_of_discharge: 0.5
  VRBF:
    cost: 284.652
    lifetime: 20.1523
    annual_cost: 14.125037836872217
    efficiency: 0.758776
    discharge_ratio: 0.5
    depth_of_discharge: 1.0
