cost_values:
  wind_capex: 5000.0
  wind_opex: 100
  wind_lifetime: 20
  solar_capex: 1000.0
  solar_opex: 10
  solar_lifetime: 20
  carbon_price: 1.0
timeseries_values:
  load_level: 281081.36903387646
  wind_year: 2017
  solar_year: 2011
  price_year: 2023
  carbon_year: 2023
storage_values:
  CAES:
    cost: 61.4645
    lifetime: 20.8705
    annual_cost: 2.9450420449917347
    efficiency: 0.636881
    discharge_ratio: 0.1
    depth_of_discharge: 0.4
  Li-ion:
    cost: 261.264
    lifetime: 23.5
    annual_cost: 11.117617021276596
    efficiency: 0.921918
    discharge_ratio: 2
    depth_of_discharge: 0.9
  Pb-acid:
    cost: 228.983
    lifetime: 15.181
    annual_cost: 15.0835254594559
    efficiency: 0.679973
    discharge_ratio: 5
    depth_of_discharge: 0.5
  VRBF:
    cost: 245.569
    lifetime: 20.5899
    annual_cost: 11.92667278617186
    efficiency: 0.740091
    discharge_ratio: 0.5
    depth_of_discharge: 1.0
