cost_values:
  wind_capex: 5000.0
  wind_opex: 100
  wind_lifetime: 20
  solar_capex: 1000.0
  solar_opex: 10
  solar_lifetime: 20
  carbon_price: 1.0
timeseries_values:
  load_level: 281081.36903387646
  wind_year: 2017
  solar_year: 2011
  price_year: 2023
  carbon_year: 2023
storage_values:
  CAES:
    cost: 69.0503
    lifetime: 20.1584
    annual_cost: 3.4253859433288354
    efficiency: 0.645022
    discharge_ratio: 0.1
    depth_of_discharge: 0.4
  Li-ion:
    cost: 266.401
    lifetime: 23.7813
    annual_cost: 11.202120994226556
    efficiency: 0.91865
    discharge_ratio: 2
    depth_of_discharge: 0.9
  Pb-acid:
    cost: 229.687
    lifetime: 17.5156
    annual_cost: 13.113281874443354
    efficiency: 0.69733
    discharge_ratio: 5
    depth_of_discharge: 0.5
  VRBF:
    cost: 273.468
    lifetime: 18.0032
    annual_cost: 15.189966228226094
    efficiency: 0.740858
    discharge_ratio: 0.5
    depth_of_discharge: 1.0
