cost_values:
  wind_capex: 5000.0
  wind_opex: 100
  wind_lifetime: 20
  solar_capex: 1000.0
  solar_opex: 10
  solar_lifetime: 20
  carbon_price: 1.0
timeseries_values:
  load_level: 281081.36903387646
  wind_year: 2017
  solar_year: 2011
  price_year: 2023
  carbon_year: 2023
storage_values:
  CAES:
    cost: 57.2529
    lifetime: 21.1999
    annual_cost: 2.7006212293454213
    efficiency: 0.63249
    discharge_ratio: 0.1
    depth_of_discharge: 0.4
  Li-ion:
    cost: 246.407
    lifetime: 22.1806
    annual_cost: 11.109122386229409
    efficiency: 0.926814
    discharge_ratio: 2
    depth_of_discharge: 0.9
  Pb-acid:
    cost: 223.515
    lifetime: 14.5412
    annual_cost: 15.371152312051274
    efficiency: 0.679779
    discharge_ratio: 5
    depth_of_discharge: 0.5
  VRBF:
    cost: 255.405
    lifetime: 18.0861
    annual_cost: 14.121618259326224
    efficiency: 0.757993
    discharge_ratio: 0.5
    depth_of_discharge: 1.0
