cost_values:
  wind_capex: 5000.0
  wind_opex: 100
  wind_lifetime: 20
  solar_capex: 1000.0
  solar_opex: 10
  solar_lifetime: 20
  carbon_price: 1.0
timeseries_values:
  load_level: 281081.36903387646
  wind_year: 2017
  solar_year: 2011
  price_year: 2023
  carbon_year: 2023
storage_values:
  CAES:
    cost: 59.4102
    lifetime: 20.5876
    annual_cost: 2.885727331014786
    efficiency: 0.622765
    discharge_ratio: 0.1
    depth_of_discharge: 0.4
  Li-ion:
    cost: 266.957
    lifetime: 23.4584
    annual_cost: 11.380017392490535
    efficiency: 0.935979
    discharge_ratio: 2
    depth_of_discharge: 0.9
  Pb-acid:
    cost: 228.976
    lifetime: 16.144
    annual_cost: 14.18334985133796
    efficiency: 0.682072
    discharge_ratio: 5
    depth_of_discharge: 0.5
  VRBF:
    cost: 277.207
    lifetime: 20.8197
    annual_cost: 13.31464910637521
    efficiency: 0.742976
    discharge_ratio: 0.5
    depth_of_discharge: 1.0
