cost_values:
  wind_capex: 5000.0
  wind_opex: 100
  wind_lifetime: 20
  solar_capex: 1000.0
  solar_opex: 10
  solar_lifetime: 20
  carbon_price: 1.0
timeseries_values:
  load_level: 281081.36903387646
  wind_year: 2017
  solar_year: 2011
  price_year: 2023
  carbon_year: 2023
storage_values:
  CAES:
    cost: 59.1119
    lifetime: 20.0928
    annual_cost: 2.941944378085682
    efficiency: 0.630211
    discharge_ratio: 0.1
    depth_of_discharge: 0.4
  Li-ion:
    cost: 294.865
    lifetime: 21.5592
    annual_cost: 13.676991725110394
    efficiency: 0.929227
    discharge_ratio: 2
    depth_of_discharge: 0.9
  Pb-acid:
    cost: 222.199
    lifetime: 15.3545
    annual_cost: 14.47126249633658
    efficiency: 0.66669
    discharge_ratio: 5
    depth_of_discharge: 0.5
  VRBF:
    cost: 267.819
    lifetime: 21.9605
    annual_cost: 12.195487352291616
    efficiency: 0.739661
    discharge_ratio: 0.5
    depth_of_discharge: 1.0
