cost_values:
  wind_capex: 5000.0
  wind_opex: 100
  wind_lifetime: 20
  solar_capex: 1000.0
  solar_opex: 10
  solar_lifetime: 20
  carbon_price: 1.0
timeseries_values:
  load_level: 281081.36903387646
  wind_year: 2017
  solar_year: 2011
  price_year: 2023
  carbon_year: 2023
storage_values:
  CAES:
    cost: 56.6596
    lifetime: 21.8647
    annual_cost: 2.5913733094897253
    efficiency: 0.637698
    discharge_ratio: 0.1
    depth_of_discharge: 0.4
  Li-ion:
    cost: 268.301
    lifetime: 23.3419
    annual_cost: 11.494394200986209
    efficiency: 0.925028
    discharge_ratio: 2
    depth_of_discharge: 0.9
  Pb-acid:
    cost: 232.704
    lifetime: 16.6219
    annual_cost: 13.999843579855492
    efficiency: 0.683175
    discharge_ratio: 5
    depth_of_discharge: 0.5
  VRBF:
    cost: 260.338
    lifetime: 22.2218
    annual_cost: 11.71543259321927
    efficiency: 0.730055
    discharge_ratio: 0.5
    depth_of_discharge: 1.0
