cost_values:
  wind_capex: 5000.0
  wind_opex: 100
  wind_lifetime: 20
  solar_capex: 1000.0
  solar_opex: 10
  solar_lifetime: 20
  carbon_price: 1.0
timeseries_values:
  load_level: 281081.36903387646
  wind_year: 2017
  solar_year: 2011
  price_year: 2023
  carbon_year: 2023
storage_values:
  CAES:
    cost: 66.7995
    lifetime: 20.5346
    annual_cost: 3.2530217291790438
    efficiency: 0.623828
    discharge_ratio: 0.1
    depth_of_discharge: 0.4
  Li-ion:
    cost: 226.571
    lifetime: 23.6039
    annual_cost: 9.598879846127124
    efficiency: 0.922547
    discharge_ratio: 2
    depth_of_discharge: 0.9
  Pb-acid:
    cost: 224.13
    lifetime: 15.4022
    annual_cost: 14.551817272857123
    efficiency: 0.676971
    discharge_ratio: 5
    depth_of_discharge: 0.5
  VRBF:
    cost: 308.325
    lifetime: 19.3383
    annual_cost: 15.943748933463644
    efficiency: 0.75533
    discharge_ratio: 0.5
    depth_of_discharge: 1.0
