cost_values:
  wind_capex: 5000.0
  wind_opex: 100
  wind_lifetime: 20
  solar_capex: 1000.0
  solar_opex: 10
  solar_lifetime: 20
  carbon_price: 1.0
timeseries_values:
  load_level: 281081.36903387646
  wind_year: 2017
  solar_year: 2011
  price_year: 2023
  carbon_year: 2023
storage_values:
  CAES:
    cost: 61.2256
    lifetime: 21.1199
    annual_cost: 2.8989531200431817
    efficiency: 0.629343
    discharge_ratio: 0.1
    depth_of_discharge: 0.4
  Li-ion:
    cost: 243.405
    lifetime: 22.8141
    annual_cost: 10.669059923468382
    efficiency: 0.928809
    discharge_ratio: 2
    depth_of_discharge: 0.9
  Pb-acid:
    cost: 237.652
    lifetime: 15.6401
    annual_cost: 15.195043509951981
    efficiency: 0.67255
    discharge_ratio: 5
    depth_of_discharge: 0.5
  VRBF:
    cost: 273.687
    lifetime: 19.7334
    annual_cost: 13.869226793152727
    efficiency: 0.747344
    discharge_ratio: 0.5
    depth_of_discharge: 1.0
