cost_values:
  wind_capex: 5000.0
  wind_opex: 100
  wind_lifetime: 20
  solar_capex: 1000.0
  solar_opex: 10
  solar_lifetime: 20
  carbon_price: 1.0
timeseries_values:
  load_level: 281081.36903387646
  wind_year: 2017
  solar_year: 2011
  price_year: 2023
  carbon_year: 2023
storage_values:
  CAES:
    cost: 61.9437
    lifetime: 20.8484
    annual_cost: 2.97114886514073
    efficiency: 0.626196
    discharge_ratio: 0.1
    depth_of_discharge: 0.4
  Li-ion:
    cost: 260.749
    lifetime: 22.6444
    annual_cost: 11.51494409213757
    efficiency: 0.918708
    discharge_ratio: 2
    depth_of_discharge: 0.9
  Pb-acid:
    cost: 229.5
    lifetime: 15.633
    annual_cost: 14.680483592400691
    efficiency: 0.679304
    discharge_ratio: 5
    depth_of_discharge: 0.5
  VRBF:
    cost: 293.107
    lifetime: 20.4749
    annual_cost: 14.315430111990779
    efficiency: 0.740678
    discharge_ratio: 0.5
    depth_of_discharge: 1.0
