cost_values:
  wind_capex: 5000.0
  wind_opex: 100
  wind_lifetime: 20
  solar_capex: 1000.0
  solar_opex: 10
  solar_lifetime: 20
  carbon_price: 1.0
timeseries_values:
  load_level: 281081.36903387646
  wind_year: 2017
  solar_year: 2011
  price_year: 2023
  carbon_year: 2023
storage_values:
  CAES:
    cost: 62.3094
    lifetime: 20.1166
    annual_cost: 3.097412087529702
    efficiency: 0.622707
    discharge_ratio: 0.1
    depth_of_discharge: 0.4
  Li-ion:
    cost: 267.762
    lifetime: 21.9743
    annual_cost: 12.185234569474341
    efficiency: 0.925288
    discharge_ratio: 2
    depth_of_discharge: 0.9
  Pb-acid:
    cost: 230.94
    lifetime: 15.6777
    annual_cost: 14.730477047015825
    efficiency: 0.678967
    discharge_ratio: 5
    depth_of_discharge: 0.5
  VRBF:
    cost: 308.036
    lifetime: 19.9866
    annual_cost: 15.412126124503418
    efficiency: 0.733499
    discharge_ratio: 0.5
    depth_of_discharge: 1.0
