cost_values:
  wind_capex: 5000.0
  wind_opex: 100
  wind_lifetime: 20
  solar_capex: 1000.0
  solar_opex: 10
  solar_lifetime: 20
  carbon_price: 1.0
timeseries_values:
  load_level: 281081.36903387646
  wind_year: 2017
  solar_year: 2011
  price_year: 2023
  carbon_year: 2023
storage_values:
  CAES:
    cost: 52.9797
    lifetime: 20.7728
    annual_cost: 2.5504361472695063
    efficiency: 0.632554
    discharge_ratio: 0.1
    depth_of_discharge: 0.4
  Li-ion:
    cost: 269.217
    lifetime: 23.9988
    annual_cost: 11.21793589679484
    efficiency: 0.924782
    discharge_ratio: 2
    depth_of_discharge: 0.9
  Pb-acid:
    cost: 217.366
    lifetime: 15.5463
    annual_cost: 13.981847770852228
    efficiency: 0.681977
    discharge_ratio: 5
    depth_of_discharge: 0.5
  VRBF:
    cost: 273.556
    lifetime: 18.772
    annual_cost: 14.57255486895376
    efficiency: 0.724718
    discharge_ratio: 0.5
    depth_of_discharge: 1.0
