cost_values:
  wind_capex: 5000.0
  wind_opex: 100
  wind_lifetime: 20
  solar_capex: 1000.0
  solar_opex: 10
  solar_lifetime: 20
  carbon_price: 1.0
timeseries_values:
  load_level: 281081.36903387646
  wind_year: 2017
  solar_year: 2011
  price_year: 2023
  carbon_year: 2023
storage_values:
  CAES:
    cost: 53.9241
    lifetime: 21.5748
    annual_cost: 2.4994020802046832
    efficiency: 0.634326
    discharge_ratio: 0.1
    depth_of_discharge: 0.4
  Li-ion:
    cost: 238.273
    lifetime: 23.8564
    annual_cost: 9.987802015392095
    efficiency: 0.922765
    discharge_ratio: 2
    depth_of_discharge: 0.9
  Pb-acid:
    cost: 218.355
    lifetime: 14.956
    annual_cost: 14.599826156726397
    efficiency: 0.681526
    discharge_ratio: 5
    depth_of_discharge: 0.5
  VRBF:
    cost: 335.78
    lifetime: 19.8026
    annual_cost: 16.956359265954973
    efficiency: 0.73731
    discharge_ratio: 0.5
    depth_of_discharge: 1.0
