cost_values:
  wind_capex: 5000.0
  wind_opex: 100
  wind_lifetime: 20
  solar_capex: 1000.0
  solar_opex: 10
  solar_lifetime: 20
  carbon_price: 1.0
timeseries_values:
  load_level: 281081.36903387646
  wind_year: 2017
  solar_year: 2011
  price_year: 2023
  carbon_year: 2023
storage_values:
  CAES:
    cost: 62.0855
    lifetime: 21.744
    annual_cost: 2.8552934142752027
    efficiency: 0.632227
    discharge_ratio: 0.1
    depth_of_discharge: 0.4
  Li-ion:
    cost: 264.217
    lifetime: 25.1869
    annual_cost: 10.490254854706215
    efficiency: 0.925259
    discharge_ratio: 2
    depth_of_discharge: 0.9
  Pb-acid:
    cost: 247.663
    lifetime: 14.6116
    annual_cost: 16.949752251635687
    efficiency: 0.680808
    discharge_ratio: 5
    depth_of_discharge: 0.5
  VRBF:
    cost: 282.365
    lifetime: 19.4853
    annual_cost: 14.49118053096437
    efficiency: 0.737034
    discharge_ratio: 0.5
    depth_of_discharge: 1.0
