cost_values:
  wind_capex: 5000.0
  wind_opex: 100
  wind_lifetime: 20
  solar_capex: 1000.0
  solar_opex: 10
  solar_lifetime: 20
  carbon_price: 1.0
timeseries_values:
  load_level: 281081.36903387646
  wind_year: 2017
  solar_year: 2011
  price_year: 2023
  carbon_year: 2023
storage_values:
  CAES:
    cost: 59.8488
    lifetime: 21.4473
    annual_cost: 2.7905050985438726
    efficiency: 0.641075
    discharge_ratio: 0.1
    depth_of_discharge: 0.4
  Li-ion:
    cost: 270.583
    lifetime: 22.7072
    annual_cost: 11.916176366967306
    efficiency: 0.924583
    discharge_ratio: 2
    depth_of_discharge: 0.9
  Pb-acid:
    cost: 242.346
    lifetime: 14.7854
    annual_cost: 16.390899130223058
    efficiency: 0.691932
    discharge_ratio: 5
    depth_of_discharge: 0.5
  VRBF:
    cost: 299.143
    lifetime: 21.9735
    annual_cost: 13.613807540901538
    efficiency: 0.739577
    discharge_ratio: 0.5
    depth_of_discharge: 1.0
