cost_values:
  wind_capex: 5000.0
  wind_opex: 100
  wind_lifetime: 20
  solar_capex: 1000.0
  solar_opex: 10
  solar_lifetime: 20
  carbon_price: 1.0
timeseries_values:
  load_level: 281081.36903387646
  wind_year: 2017
  solar_year: 2011
  price_year: 2023
  carbon_year: 2023
storage_values:
  CAES:
    cost: 57.9556
    lifetime: 20.281
    annual_cost: 2.857630294364183
    efficiency: 0.625164
    discharge_ratio: 0.1
    depth_of_discharge: 0.4
  Li-ion:
    cost: 265.852
    lifetime: 22.0738
    annual_cost: 12.043780409354076
    efficiency: 0.934132
    discharge_ratio: 2
    depth_of_discharge: 0.9
  Pb-acid:
    cost: 242.856
    lifetime: 15.8802
    annual_cost: 15.293006385310008
    efficiency: 0.681593
    discharge_ratio: 5
    depth_of_discharge: 0.5
  VRBF:
    cost: 267.778
    lifetime: 19.5583
    annual_cost: 13.691271736296102
    efficiency: 0.730821
    discharge_ratio: 0.5
    depth_of_discharge: 1.0
