cost_values:
  wind_capex: 5000.0
  wind_opex: 100
  wind_lifetime: 20
  solar_capex: 1000.0
  solar_opex: 10
  solar_lifetime: 20
  carbon_price: 1.0
timeseries_values:
  load_level: 281081.36903387646
  wind_year: 2017
  solar_year: 2011
  price_year: 2023
  carbon_year: 2023
storage_values:
  CAES:
    cost: 62.6333
    lifetime: 21.3606
    annual_cost: 2.932188234412891
    efficiency: 0.622291
    discharge_ratio: 0.1
    depth_of_discharge: 0.4
  Li-ion:
    cost: 260.092
    lifetime: 25.2907
    annual_cost: 10.284096525600319
    efficiency: 0.914224
    discharge_ratio: 2
    depth_of_discharge: 0.9
  Pb-acid:
    cost: 220.474
    lifetime: 17.4096
    annual_cost: 12.6639325429648
    efficiency: 0.681115
    discharge_ratio: 5
    depth_of_discharge: 0.5
  VRBF:
    cost: 282.776
    lifetime: 18.6051
    annual_cost: 15.198843327904715
    efficiency: 0.742713
    discharge_ratio: 0.5
    depth_of_discharge: 1.0
