cost_values:
  wind_capex: 5000.0
  wind_opex: 100
  wind_lifetime: 20
  solar_capex: 1000.0
  solar_opex: 10
  solar_lifetime: 20
  carbon_price: 1.0
timeseries_values:
  load_level: 281081.36903387646
  wind_year: 2017
  solar_year: 2011
  price_year: 2023
  carbon_year: 2023
storage_values:
  CAES:
    cost: 49.9051
    lifetime: 20.3405
    annual_cost: 2.4534844276197734
    efficiency: 0.635948
    discharge_ratio: 0.1
    depth_of_discharge: 0.4
  Li-ion:
    cost: 252.363
    lifetime: 20.0991
    annual_cost: 12.555935340388375
    efficiency: 0.934523
    discharge_ratio: 2
    depth_of_discharge: 0.9
  Pb-acid:
    cost: 214.375
    lifetime: 14.3667
    annual_cost: 14.921659114480013
    efficiency: 0.675035
    discharge_ratio: 5
    depth_of_discharge: 0.5
  VRBF:
    cost: 267.599
    lifetime: 21.4207
    annual_cost: 12.492542260523699
    efficiency: 0.752409
    discharge_ratio: 0.5
    depth_of_discharge: 1.0
