cost_values:
  wind_capex: 5000.0
  wind_opex: 100
  wind_lifetime: 20
  solar_capex: 1000.0
  solar_opex: 10
  solar_lifetime: 20
  carbon_price: 1.0
timeseries_values:
  load_level: 281081.36903387646
  wind_year: 2017
  solar_year: 2011
  price_year: 2023
  carbon_year: 2023
storage_values:
  CAES:
    cost: 61.3828
    lifetime: 20.7458
    annual_cost: 2.9588061197929223
    efficiency: 0.627904
    discharge_ratio: 0.1
    depth_of_discharge: 0.4
  Li-ion:
    cost: 266.917
    lifetime: 25.9006
    annual_cost: 10.305436939684794
    efficiency: 0.937614
    discharge_ratio: 2
    depth_of_discharge: 0.9
  Pb-acid:
    cost: 222.65
    lifetime: 15.6908
    annual_cost: 14.189843730083872
    efficiency: 0.682809
    discharge_ratio: 5
    depth_of_discharge: 0.5
  VRBF:
    cost: 268.655
    lifetime: 18.3703
    annual_cost: 14.624420940322148
    efficiency: 0.753963
    discharge_ratio: 0.5
    depth_of_discharge: 1.0
