cost_values:
  wind_capex: 5000.0
  wind_opex: 100
  wind_lifetime: 20
  solar_capex: 1000.0
  solar_opex: 10
  solar_lifetime: 20
  carbon_price: 1.0
timeseries_values:
  load_level: 264697.7299346496
  wind_year: 2010
  solar_year: 2012
  price_year: 2023
  carbon_year: 2023
storage_values:
  CAES:
    cost: 46.0156
    lifetime: 25.2466
    annual_cost: 1.8226454255226445
    efficiency: 0.631462
    discharge_ratio: 0.1
    depth_of_discharge: 0.4
  Li-ion:
    cost: 247.416
    lifetime: 20.3444
    annual_cost: 12.16138101885531
    efficiency: 0.911389
    discharge_ratio: 2
    depth_of_discharge: 0.9
  Pb-acid:
    cost: 205.496
    lifetime: 6.19761
    annual_cost: 33.157297732513015
    efficiency: 0.672555
    discharge_ratio: 5
    depth_of_discharge: 0.5
  VRBF:
    cost: 203.338
    lifetime: 15.237
    annual_cost: 13.345015422983526
    efficiency: 0.804993
    discharge_ratio: 0.5
    depth_of_discharge: 1.0
