cost_values:
  wind_capex: 5000.0
  wind_opex: 100
  wind_lifetime: 20
  solar_capex: 1000.0
  solar_opex: 10
  solar_lifetime: 20
  carbon_price: 1.0
timeseries_values:
  load_level: 264697.7299346496
  wind_year: 2010
  solar_year: 2012
  price_year: 2023
  carbon_year: 2023
storage_values:
  CAES:
    cost: 44.444
    lifetime: 22.7358
    annual_cost: 1.9548025580802084
    efficiency: 0.638208
    discharge_ratio: 0.1
    depth_of_discharge: 0.4
  Li-ion:
    cost: 224.121
    lifetime: 22.9631
    annual_cost: 9.760049819057532
    efficiency: 0.901328
    discharge_ratio: 2
    depth_of_discharge: 0.9
  Pb-acid:
    cost: 202.174
    lifetime: 6.45347
    annual_cost: 31.32795224894514
    efficiency: 0.669828
    discharge_ratio: 5
    depth_of_discharge: 0.5
  VRBF:
    cost: 268.276
    lifetime: 15.5692
    annual_cost: 17.2312000616602
    efficiency: 0.80888
    discharge_ratio: 0.5
    depth_of_discharge: 1.0
