cost_values:
  wind_capex: 5000.0
  wind_opex: 100
  wind_lifetime: 20
  solar_capex: 1000.0
  solar_opex: 10
  solar_lifetime: 20
  carbon_price: 1.0
timeseries_values:
  load_level: 264697.7299346496
  wind_year: 2010
  solar_year: 2012
  price_year: 2023
  carbon_year: 2023
storage_values:
  CAES:
    cost: 43.9819
    lifetime: 23.9784
    annual_cost: 1.8342299736429455
    efficiency: 0.633279
    discharge_ratio: 0.1
    depth_of_discharge: 0.4
  Li-ion:
    cost: 209.176
    lifetime: 21.0198
    annual_cost: 9.951379175824698
    efficiency: 0.898544
    discharge_ratio: 2
    depth_of_discharge: 0.9
  Pb-acid:
    cost: 219.633
    lifetime: 7.40133
    annual_cost: 29.67480169104742
    efficiency: 0.676159
    discharge_ratio: 5
    depth_of_discharge: 0.5
  VRBF:
    cost: 217.063
    lifetime: 17.7525
    annual_cost: 12.227179270525276
    efficiency: 0.825157
    discharge_ratio: 0.5
    depth_of_discharge: 1.0
