cost_values:
  wind_capex: 5000.0
  wind_opex: 100
  wind_lifetime: 20
  solar_capex: 1000.0
  solar_opex: 10
  solar_lifetime: 20
  carbon_price: 1.0
timeseries_values:
  load_level: 264697.7299346496
  wind_year: 2010
  solar_year: 2012
  price_year: 2023
  carbon_year: 2023
storage_values:
  CAES:
    cost: 55.3445
    lifetime: 23.7783
    annual_cost: 2.3275213114478324
    efficiency: 0.622926
    discharge_ratio: 0.1
    depth_of_discharge: 0.4
  Li-ion:
    cost: 231.255
    lifetime: 22.3506
    annual_cost: 10.346702101956994
    efficiency: 0.893908
    discharge_ratio: 2
    depth_of_discharge: 0.9
  Pb-acid:
    cost: 216.241
    lifetime: 7.27223
    annual_cost: 29.735170642292665
    efficiency: 0.656004
    discharge_ratio: 5
    depth_of_discharge: 0.5
  VRBF:
    cost: 218.149
    lifetime: 14.8359
    annual_cost: 14.704129847194979
    efficiency: 0.837664
    discharge_ratio: 0.5
    depth_of_discharge: 1.0
