cost_values:
  wind_capex: 5000.0
  wind_opex: 100
  wind_lifetime: 20
  solar_capex: 1000.0
  solar_opex: 10
  solar_lifetime: 20
  carbon_price: 1.0
timeseries_values:
  load_level: 264697.7299346496
  wind_year: 2010
  solar_year: 2012
  price_year: 2023
  carbon_year: 2023
storage_values:
  CAES:
    cost: 49.2403
    lifetime: 24.3379
    annual_cost: 2.0231942772383813
    efficiency: 0.628088
    discharge_ratio: 0.1
    depth_of_discharge: 0.4
  Li-ion:
    cost: 230.493
    lifetime: 21.9478
    annual_cost: 10.501872625046701
    efficiency: 0.895086
    discharge_ratio: 2
    depth_of_discharge: 0.9
  Pb-acid:
    cost: 206.495
    lifetime: 7.32329
    annual_cost: 28.197026199972964
    efficiency: 0.674813
    discharge_ratio: 5
    depth_of_discharge: 0.5
  VRBF:
    cost: 228.786
    lifetime: 15.7898
    annual_cost: 14.489480550735285
    efficiency: 0.836569
    discharge_ratio: 0.5
    depth_of_discharge: 1.0
