cost_values:
  wind_capex: 5000.0
  wind_opex: 100
  wind_lifetime: 20
  solar_capex: 1000.0
  solar_opex: 10
  solar_lifetime: 20
  carbon_price: 1.0
timeseries_values:
  load_level: 264697.7299346496
  wind_year: 2010
  solar_year: 2012
  price_year: 2023
  carbon_year: 2023
storage_values:
  CAES:
    cost: 44.7681
    lifetime: 24.4024
    annual_cost: 1.8345777464511686
    efficiency: 0.629388
    discharge_ratio: 0.1
    depth_of_discharge: 0.4
  Li-ion:
    cost: 220.424
    lifetime: 23.8873
    annual_cost: 9.227664909805629
    efficiency: 0.902521
    discharge_ratio: 2
    depth_of_discharge: 0.9
  Pb-acid:
    cost: 197.431
    lifetime: 5.95936
    annual_cost: 33.12956424850991
    efficiency: 0.669119
    discharge_ratio: 5
    depth_of_discharge: 0.5
  VRBF:
    cost: 225.2
    lifetime: 13.2705
    annual_cost: 16.96997098828228
    efficiency: 0.82726
    discharge_ratio: 0.5
    depth_of_discharge: 1.0
