cost_values:
  wind_capex: 5000.0
  wind_opex: 100
  wind_lifetime: 20
  solar_capex: 1000.0
  solar_opex: 10
  solar_lifetime: 20
  carbon_price: 1.0
timeseries_values:
  load_level: 264697.7299346496
  wind_year: 2010
  solar_year: 2012
  price_year: 2023
  carbon_year: 2023
storage_values:
  CAES:
    cost: 47.9823
    lifetime: 24.2154
    annual_cost: 1.981478728412498
    efficiency: 0.634583
    discharge_ratio: 0.1
    depth_of_discharge: 0.4
  Li-ion:
    cost: 211.445
    lifetime: 21.5919
    annual_cost: 9.792792667620729
    efficiency: 0.902212
    discharge_ratio: 2
    depth_of_discharge: 0.9
  Pb-acid:
    cost: 208.389
    lifetime: 5.88604
    annual_cost: 35.40393881115317
    efficiency: 0.671374
    discharge_ratio: 5
    depth_of_discharge: 0.5
  VRBF:
    cost: 228.91
    lifetime: 15.4802
    annual_cost: 14.787276650172478
    efficiency: 0.810799
    discharge_ratio: 0.5
    depth_of_discharge: 1.0
