cost_values:
  wind_capex: 5000.0
  wind_opex: 100
  wind_lifetime: 20
  solar_capex: 1000.0
  solar_opex: 10
  solar_lifetime: 20
  carbon_price: 1.0
timeseries_values:
  load_level: 264697.7299346496
  wind_year: 2010
  solar_year: 2012
  price_year: 2023
  carbon_year: 2023
storage_values:
  CAES:
    cost: 45.8812
    lifetime: 23.2856
    annual_cost: 1.9703679527261484
    efficiency: 0.630907
    discharge_ratio: 0.1
    depth_of_discharge: 0.4
  Li-ion:
    cost: 210.403
    lifetime: 19.2161
    annual_cost: 10.949308132243274
    efficiency: 0.904953
    discharge_ratio: 2
    depth_of_discharge: 0.9
  Pb-acid:
    cost: 223.106
    lifetime: 6.53959
    annual_cost: 34.11620606184792
    efficiency: 0.682091
    discharge_ratio: 5
    depth_of_discharge: 0.5
  VRBF:
    cost: 212.793
    lifetime: 16.2738
    annual_cost: 13.075802824171367
    efficiency: 0.798183
    discharge_ratio: 0.5
    depth_of_discharge: 1.0
