cost_values:
  wind_capex: 5000.0
  wind_opex: 100
  wind_lifetime: 20
  solar_capex: 1000.0
  solar_opex: 10
  solar_lifetime: 20
  carbon_price: 1.0
timeseries_values:
  load_level: 264697.7299346496
  wind_year: 2010
  solar_year: 2012
  price_year: 2023
  carbon_year: 2023
storage_values:
  CAES:
    cost: 48.1563
    lifetime: 23.7868
    annual_cost: 2.024496779726571
    efficiency: 0.62366
    discharge_ratio: 0.1
    depth_of_discharge: 0.4
  Li-ion:
    cost: 223.511
    lifetime: 20.9188
    annual_cost: 10.684695106793889
    efficiency: 0.895001
    discharge_ratio: 2
    depth_of_discharge: 0.9
  Pb-acid:
    cost: 213.114
    lifetime: 7.63944
    annual_cost: 27.896547390908236
    efficiency: 0.667817
    discharge_ratio: 5
    depth_of_discharge: 0.5
  VRBF:
    cost: 217.649
    lifetime: 14.4809
    annual_cost: 15.03007409760443
    efficiency: 0.803835
    discharge_ratio: 0.5
    depth_of_discharge: 1.0
