cost_values:
  wind_capex: 5000.0
  wind_opex: 100
  wind_lifetime: 20
  solar_capex: 1000.0
  solar_opex: 10
  solar_lifetime: 20
  carbon_price: 1.0
timeseries_values:
  load_level: 264697.7299346496
  wind_year: 2010
  solar_year: 2012
  price_year: 2023
  carbon_year: 2023
storage_values:
  CAES:
    cost: 48.9648
    lifetime: 23.9368
    annual_cost: 2.045586711674075
    efficiency: 0.629745
    discharge_ratio: 0.1
    depth_of_discharge: 0.4
  Li-ion:
    cost: 208.314
    lifetime: 21.4587
    annual_cost: 9.707671014553537
    efficiency: 0.903406
    discharge_ratio: 2
    depth_of_discharge: 0.9
  Pb-acid:
    cost: 203.68
    lifetime: 7.60212
    annual_cost: 26.792526295296575
    efficiency: 0.65742
    discharge_ratio: 5
    depth_of_discharge: 0.5
  VRBF:
    cost: 199.743
    lifetime: 15.8618
    annual_cost: 12.592707006770983
    efficiency: 0.813069
    discharge_ratio: 0.5
    depth_of_discharge: 1.0
