cost_values:
  wind_capex: 5000.0
  wind_opex: 100
  wind_lifetime: 20
  solar_capex: 1000.0
  solar_opex: 10
  solar_lifetime: 20
  carbon_price: 1.0
timeseries_values:
  load_level: 264697.7299346496
  wind_year: 2010
  solar_year: 2012
  price_year: 2023
  carbon_year: 2023
storage_values:
  CAES:
    cost: 46.0008
    lifetime: 24.6759
    annual_cost: 1.86419948208576
    efficiency: 0.631811
    discharge_ratio: 0.1
    depth_of_discharge: 0.4
  Li-ion:
    cost: 202.374
    lifetime: 19.0862
    annual_cost: 10.60315830285756
    efficiency: 0.889009
    discharge_ratio: 2
    depth_of_discharge: 0.9
  Pb-acid:
    cost: 207.978
    lifetime: 6.6259
    annual_cost: 31.388641543035664
    efficiency: 0.680571
    discharge_ratio: 5
    depth_of_discharge: 0.5
  VRBF:
    cost: 172.128
    lifetime: 14.1658
    annual_cost: 12.150955117254231
    efficiency: 0.826792
    discharge_ratio: 0.5
    depth_of_discharge: 1.0
