cost_values:
  wind_capex: 5000.0
  wind_opex: 100
  wind_lifetime: 20
  solar_capex: 1000.0
  solar_opex: 10
  solar_lifetime: 20
  carbon_price: 1.0
timeseries_values:
  load_level: 264697.7299346496
  wind_year: 2010
  solar_year: 2012
  price_year: 2023
  carbon_year: 2023
storage_values:
  CAES:
    cost: 45.3094
    lifetime: 23.8631
    annual_cost: 1.8987222950915847
    efficiency: 0.627879
    discharge_ratio: 0.1
    depth_of_discharge: 0.4
  Li-ion:
    cost: 238.958
    lifetime: 22.5251
    annual_cost: 10.608521160838354
    efficiency: 0.911025
    discharge_ratio: 2
    depth_of_discharge: 0.9
  Pb-acid:
    cost: 200.829
    lifetime: 6.1696
    annual_cost: 32.55138096473029
    efficiency: 0.68342
    discharge_ratio: 5
    depth_of_discharge: 0.5
  VRBF:
    cost: 231.067
    lifetime: 13.8763
    annual_cost: 16.65191729783876
    efficiency: 0.824266
    discharge_ratio: 0.5
    depth_of_discharge: 1.0
