cost_values:
  wind_capex: 5000.0
  wind_opex: 100
  wind_lifetime: 20
  solar_capex: 1000.0
  solar_opex: 10
  solar_lifetime: 20
  carbon_price: 1.0
timeseries_values:
  load_level: 264697.7299346496
  wind_year: 2010
  solar_year: 2012
  price_year: 2023
  carbon_year: 2023
storage_values:
  CAES:
    cost: 45.5388
    lifetime: 22.8926
    annual_cost: 1.9892366965744388
    efficiency: 0.637556
    discharge_ratio: 0.1
    depth_of_discharge: 0.4
  Li-ion:
    cost: 230.083
    lifetime: 20.2762
    annual_cost: 11.34744182835048
    efficiency: 0.905593
    discharge_ratio: 2
    depth_of_discharge: 0.9
  Pb-acid:
    cost: 199.687
    lifetime: 7.41971
    annual_cost: 26.913046466775658
    efficiency: 0.679532
    discharge_ratio: 5
    depth_of_discharge: 0.5
  VRBF:
    cost: 225.801
    lifetime: 15.7704
    annual_cost: 14.318026175620147
    efficiency: 0.808024
    discharge_ratio: 0.5
    depth_of_discharge: 1.0
