cost_values:
  wind_capex: 5000.0
  wind_opex: 100
  wind_lifetime: 20
  solar_capex: 1000.0
  solar_opex: 10
  solar_lifetime: 20
  carbon_price: 1.0
timeseries_values:
  load_level: 264697.7299346496
  wind_year: 2010
  solar_year: 2012
  price_year: 2023
  carbon_year: 2023
storage_values:
  CAES:
    cost: 47.3772
    lifetime: 23.1432
    annual_cost: 2.047132635072073
    efficiency: 0.640534
    discharge_ratio: 0.1
    depth_of_discharge: 0.4
  Li-ion:
    cost: 222.251
    lifetime: 21.1058
    annual_cost: 10.530328156241413
    efficiency: 0.890635
    discharge_ratio: 2
    depth_of_discharge: 0.9
  Pb-acid:
    cost: 204.569
    lifetime: 8.17692
    annual_cost: 25.017855133717827
    efficiency: 0.663012
    discharge_ratio: 5
    depth_of_discharge: 0.5
  VRBF:
    cost: 212.626
    lifetime: 15.3469
    annual_cost: 13.854654685962638
    efficiency: 0.837246
    discharge_ratio: 0.5
    depth_of_discharge: 1.0
