cost_values:
  wind_capex: 5000.0
  wind_opex: 100
  wind_lifetime: 20
  solar_capex: 1000.0
  solar_opex: 10
  solar_lifetime: 20
  carbon_price: 1.0
timeseries_values:
  load_level: 264697.7299346496
  wind_year: 2010
  solar_year: 2012
  price_year: 2023
  carbon_year: 2023
storage_values:
  CAES:
    cost: 43.7921
    lifetime: 24.9702
    annual_cost: 1.75377449920305
    efficiency: 0.63217
    discharge_ratio: 0.1
    depth_of_discharge: 0.4
  Li-ion:
    cost: 229.393
    lifetime: 19.835
    annual_cost: 11.565061759516007
    efficiency: 0.904057
    discharge_ratio: 2
    depth_of_discharge: 0.9
  Pb-acid:
    cost: 178.297
    lifetime: 5.88398
    annual_cost: 30.302108436806378
    efficiency: 0.683935
    discharge_ratio: 5
    depth_of_discharge: 0.5
  VRBF:
    cost: 234.161
    lifetime: 15.8356
    annual_cost: 14.786998913839703
    efficiency: 0.810123
    discharge_ratio: 0.5
    depth_of_discharge: 1.0
