cost_values:
  wind_capex: 5000.0
  wind_opex: 100
  wind_lifetime: 20
  solar_capex: 1000.0
  solar_opex: 10
  solar_lifetime: 20
  carbon_price: 1.0
timeseries_values:
  load_level: 264697.7299346496
  wind_year: 2010
  solar_year: 2012
  price_year: 2023
  carbon_year: 2023
storage_values:
  CAES:
    cost: 47.3369
    lifetime: 23.3927
    annual_cost: 2.0235757308904057
    efficiency: 0.636443
    discharge_ratio: 0.1
    depth_of_discharge: 0.4
  Li-ion:
    cost: 233.043
    lifetime: 21.531
    annual_cost: 10.823603176814826
    efficiency: 0.907115
    discharge_ratio: 2
    depth_of_discharge: 0.9
  Pb-acid:
    cost: 223.521
    lifetime: 5.08276
    annual_cost: 43.97630421267185
    efficiency: 0.664983
    discharge_ratio: 5
    depth_of_discharge: 0.5
  VRBF:
    cost: 233.09
    lifetime: 15.3991
    annual_cost: 15.136598892143047
    efficiency: 0.810648
    discharge_ratio: 0.5
    depth_of_discharge: 1.0
