cost_values:
  wind_capex: 5000.0
  wind_opex: 100
  wind_lifetime: 20
  solar_capex: 1000.0
  solar_opex: 10
  solar_lifetime: 20
  carbon_price: 1.0
timeseries_values:
  load_level: 264697.7299346496
  wind_year: 2010
  solar_year: 2012
  price_year: 2023
  carbon_year: 2023
storage_values:
  CAES:
    cost: 54.9052
    lifetime: 23.1728
    annual_cost: 2.3693813436442728
    efficiency: 0.633457
    discharge_ratio: 0.1
    depth_of_discharge: 0.4
  Li-ion:
    cost: 240.309
    lifetime: 21.6912
    annual_cost: 11.078640185881833
    efficiency: 0.893091
    discharge_ratio: 2
    depth_of_discharge: 0.9
  Pb-acid:
    cost: 197.773
    lifetime: 5.63368
    annual_cost: 35.10547279930702
    efficiency: 0.665651
    discharge_ratio: 5
    depth_of_discharge: 0.5
  VRBF:
    cost: 219.184
    lifetime: 16.1415
    annual_cost: 13.57891150140941
    efficiency: 0.800078
    discharge_ratio: 0.5
    depth_of_discharge: 1.0
