cost_values:
  wind_capex: 5000.0
  wind_opex: 100
  wind_lifetime: 20
  solar_capex: 1000.0
  solar_opex: 10
  solar_lifetime: 20
  carbon_price: 1.0
timeseries_values:
  load_level: 264697.7299346496
  wind_year: 2010
  solar_year: 2012
  price_year: 2023
  carbon_year: 2023
storage_values:
  CAES:
    cost: 50.5535
    lifetime: 23.8179
    annual_cost: 2.1225003043929145
    efficiency: 0.626816
    discharge_ratio: 0.1
    depth_of_discharge: 0.4
  Li-ion:
    cost: 226.784
    lifetime: 20.733
    annual_cost: 10.938310905320021
    efficiency: 0.919308
    discharge_ratio: 2
    depth_of_discharge: 0.9
  Pb-acid:
    cost: 215.951
    lifetime: 6.43901
    annual_cost: 33.53791964913861
    efficiency: 0.658919
    discharge_ratio: 5
    depth_of_discharge: 0.5
  VRBF:
    cost: 198.438
    lifetime: 15.7164
    annual_cost: 12.626173932961747
    efficiency: 0.832766
    discharge_ratio: 0.5
    depth_of_discharge: 1.0
