cost_values:
  wind_capex: 5000.0
  wind_opex: 100
  wind_lifetime: 20
  solar_capex: 1000.0
  solar_opex: 10
  solar_lifetime: 20
  carbon_price: 1.0
timeseries_values:
  load_level: 264697.7299346496
  wind_year: 2010
  solar_year: 2012
  price_year: 2023
  carbon_year: 2023
storage_values:
  CAES:
    cost: 54.2214
    lifetime: 24.1321
    annual_cost: 2.2468579195345617
    efficiency: 0.636903
    discharge_ratio: 0.1
    depth_of_discharge: 0.4
  Li-ion:
    cost: 242.16
    lifetime: 21.3728
    annual_cost: 11.330288965413983
    efficiency: 0.901998
    discharge_ratio: 2
    depth_of_discharge: 0.9
  Pb-acid:
    cost: 191.838
    lifetime: 6.19517
    annual_cost: 30.965736210628602
    efficiency: 0.678673
    discharge_ratio: 5
    depth_of_discharge: 0.5
  VRBF:
    cost: 209.284
    lifetime: 16.8808
    annual_cost: 12.397753660963934
    efficiency: 0.819055
    discharge_ratio: 0.5
    depth_of_discharge: 1.0
