cost_values:
  wind_capex: 5000.0
  wind_opex: 100
  wind_lifetime: 20
  solar_capex: 1000.0
  solar_opex: 10
  solar_lifetime: 20
  carbon_price: 1.0
timeseries_values:
  load_level: 264697.7299346496
  wind_year: 2010
  solar_year: 2012
  price_year: 2023
  carbon_year: 2023
storage_values:
  CAES:
    cost: 50.3931
    lifetime: 23.7902
    annual_cost: 2.118229354944473
    efficiency: 0.626903
    discharge_ratio: 0.1
    depth_of_discharge: 0.4
  Li-ion:
    cost: 237.989
    lifetime: 22.5308
    annual_cost: 10.562829548884194
    efficiency: 0.899973
    discharge_ratio: 2
    depth_of_discharge: 0.9
  Pb-acid:
    cost: 221.037
    lifetime: 6.13556
    annual_cost: 36.025562458846466
    efficiency: 0.685279
    discharge_ratio: 5
    depth_of_discharge: 0.5
  VRBF:
    cost: 198.716
    lifetime: 16.0082
    annual_cost: 12.41338813857898
    efficiency: 0.816126
    discharge_ratio: 0.5
    depth_of_discharge: 1.0
