cost_values:
  wind_capex: 5000.0
  wind_opex: 100
  wind_lifetime: 20
  solar_capex: 1000.0
  solar_opex: 10
  solar_lifetime: 20
  carbon_price: 1.0
timeseries_values:
  load_level: 264697.7299346496
  wind_year: 2010
  solar_year: 2012
  price_year: 2023
  carbon_year: 2023
storage_values:
  CAES:
    cost: 53.0655
    lifetime: 23.5385
    annual_cost: 2.254412982985322
    efficiency: 0.630786
    discharge_ratio: 0.1
    depth_of_discharge: 0.4
  Li-ion:
    cost: 226.568
    lifetime: 20.3955
    annual_cost: 11.108724963840064
    efficiency: 0.905068
    discharge_ratio: 2
    depth_of_discharge: 0.9
  Pb-acid:
    cost: 199.648
    lifetime: 5.11275
    annual_cost: 39.049044056525354
    efficiency: 0.658063
    discharge_ratio: 5
    depth_of_discharge: 0.5
  VRBF:
    cost: 196.059
    lifetime: 15.1335
    annual_cost: 12.95529784914263
    efficiency: 0.819853
    discharge_ratio: 0.5
    depth_of_discharge: 1.0
