cost_values:
  wind_capex: 5000.0
  wind_opex: 100
  wind_lifetime: 20
  solar_capex: 1000.0
  solar_opex: 10
  solar_lifetime: 20
  carbon_price: 1.0
timeseries_values:
  load_level: 264697.7299346496
  wind_year: 2010
  solar_year: 2012
  price_year: 2023
  carbon_year: 2023
storage_values:
  CAES:
    cost: 52.1501
    lifetime: 23.8586
    annual_cost: 2.185798831448618
    efficiency: 0.627168
    discharge_ratio: 0.1
    depth_of_discharge: 0.4
  Li-ion:
    cost: 241.369
    lifetime: 21.6079
    annual_cost: 11.170405268443485
    efficiency: 0.884238
    discharge_ratio: 2
    depth_of_discharge: 0.9
  Pb-acid:
    cost: 224.172
    lifetime: 6.64316
    annual_cost: 33.74478410876751
    efficiency: 0.684104
    discharge_ratio: 5
    depth_of_discharge: 0.5
  VRBF:
    cost: 242.265
    lifetime: 17.114
    annual_cost: 14.155954189552412
    efficiency: 0.806106
    discharge_ratio: 0.5
    depth_of_discharge: 1.0
