cost_values:
  wind_capex: 5000.0
  wind_opex: 100
  wind_lifetime: 20
  solar_capex: 1000.0
  solar_opex: 10
  solar_lifetime: 20
  carbon_price: 1.0
timeseries_values:
  load_level: 264697.7299346496
  wind_year: 2010
  solar_year: 2012
  price_year: 2023
  carbon_year: 2023
storage_values:
  CAES:
    cost: 45.5473
    lifetime: 24.1535
    annual_cost: 1.8857432670213425
    efficiency: 0.631013
    discharge_ratio: 0.1
    depth_of_discharge: 0.4
  Li-ion:
    cost: 218.756
    lifetime: 19.9857
    annual_cost: 10.945626122677714
    efficiency: 0.90392
    discharge_ratio: 2
    depth_of_discharge: 0.9
  Pb-acid:
    cost: 212.291
    lifetime: 7.8013
    annual_cost: 27.212259495212336
    efficiency: 0.67098
    discharge_ratio: 5
    depth_of_discharge: 0.5
  VRBF:
    cost: 216.324
    lifetime: 16.3201
    annual_cost: 13.255065839057359
    efficiency: 0.810321
    discharge_ratio: 0.5
    depth_of_discharge: 1.0
