cost_values:
  wind_capex: 5000.0
  wind_opex: 100
  wind_lifetime: 20
  solar_capex: 1000.0
  solar_opex: 10
  solar_lifetime: 20
  carbon_price: 1.0
timeseries_values:
  load_level: 264697.7299346496
  wind_year: 2010
  solar_year: 2012
  price_year: 2023
  carbon_year: 2023
storage_values:
  CAES:
    cost: 42.4456
    lifetime: 23.9414
    annual_cost: 1.7728954864794872
    efficiency: 0.633802
    discharge_ratio: 0.1
    depth_of_discharge: 0.4
  Li-ion:
    cost: 205.283
    lifetime: 20.4785
    annual_cost: 10.024318187367237
    efficiency: 0.903372
    discharge_ratio: 2
    depth_of_discharge: 0.9
  Pb-acid:
    cost: 215.957
    lifetime: 6.33975
    annual_cost: 34.06396151267794
    efficiency: 0.667455
    discharge_ratio: 5
    depth_of_discharge: 0.5
  VRBF:
    cost: 209.443
    lifetime: 14.4317
    annual_cost: 14.512704670967386
    efficiency: 0.797385
    discharge_ratio: 0.5
    depth_of_discharge: 1.0
