cost_values:
  wind_capex: 5000.0
  wind_opex: 100
  wind_lifetime: 20
  solar_capex: 1000.0
  solar_opex: 10
  solar_lifetime: 20
  carbon_price: 1.0
timeseries_values:
  load_level: 264697.7299346496
  wind_year: 2010
  solar_year: 2012
  price_year: 2023
  carbon_year: 2023
storage_values:
  CAES:
    cost: 48.4025
    lifetime: 23.8137
    annual_cost: 2.03254849099468
    efficiency: 0.631164
    discharge_ratio: 0.1
    depth_of_discharge: 0.4
  Li-ion:
    cost: 229.147
    lifetime: 20.7145
    annual_cost: 11.062154529435901
    efficiency: 0.905376
    discharge_ratio: 2
    depth_of_discharge: 0.9
  Pb-acid:
    cost: 195.045
    lifetime: 8.92558
    annual_cost: 21.852361415168538
    efficiency: 0.669967
    discharge_ratio: 5
    depth_of_discharge: 0.5
  VRBF:
    cost: 210.603
    lifetime: 15.1359
    annual_cost: 13.914137910530593
    efficiency: 0.82239
    discharge_ratio: 0.5
    depth_of_discharge: 1.0
