cost_values:
  wind_capex: 5000.0
  wind_opex: 100
  wind_lifetime: 20
  solar_capex: 1000.0
  solar_opex: 10
  solar_lifetime: 20
  carbon_price: 1.0
timeseries_values:
  load_level: 264697.7299346496
  wind_year: 2010
  solar_year: 2012
  price_year: 2023
  carbon_year: 2023
storage_values:
  CAES:
    cost: 40.4428
    lifetime: 23.0937
    annual_cost: 1.7512481759094471
    efficiency: 0.637244
    discharge_ratio: 0.1
    depth_of_discharge: 0.4
  Li-ion:
    cost: 231.303
    lifetime: 22.5436
    annual_cost: 10.2602512464735
    efficiency: 0.90582
    discharge_ratio: 2
    depth_of_discharge: 0.9
  Pb-acid:
    cost: 218.146
    lifetime: 5.94877
    annual_cost: 36.67077395831407
    efficiency: 0.682061
    discharge_ratio: 5
    depth_of_discharge: 0.5
  VRBF:
    cost: 219.921
    lifetime: 16.3217
    annual_cost: 13.47414791351391
    efficiency: 0.809043
    discharge_ratio: 0.5
    depth_of_discharge: 1.0
