cost_values:
  wind_capex: 5000.0
  wind_opex: 100
  wind_lifetime: 20
  solar_capex: 1000.0
  solar_opex: 10
  solar_lifetime: 20
  carbon_price: 1.0
timeseries_values:
  load_level: 264697.7299346496
  wind_year: 2010
  solar_year: 2012
  price_year: 2023
  carbon_year: 2023
storage_values:
  CAES:
    cost: 43.5731
    lifetime: 24.0057
    annual_cost: 1.8151147435817325
    efficiency: 0.632081
    discharge_ratio: 0.1
    depth_of_discharge: 0.4
  Li-ion:
    cost: 214.532
    lifetime: 21.1189
    annual_cost: 10.158294229339596
    efficiency: 0.907946
    discharge_ratio: 2
    depth_of_discharge: 0.9
  Pb-acid:
    cost: 181.92
    lifetime: 7.61143
    annual_cost: 23.900896414996918
    efficiency: 0.682947
    discharge_ratio: 5
    depth_of_discharge: 0.5
  VRBF:
    cost: 237.876
    lifetime: 16.6454
    annual_cost: 14.29079505448953
    efficiency: 0.814147
    discharge_ratio: 0.5
    depth_of_discharge: 1.0
