cost_values:
  wind_capex: 5000.0
  wind_opex: 100
  wind_lifetime: 20
  solar_capex: 1000.0
  solar_opex: 10
  solar_lifetime: 20
  carbon_price: 1.0
timeseries_values:
  load_level: 264697.7299346496
  wind_year: 2010
  solar_year: 2012
  price_year: 2023
  carbon_year: 2023
storage_values:
  CAES:
    cost: 48.245
    lifetime: 24.5789
    annual_cost: 1.9628624551953096
    efficiency: 0.623037
    discharge_ratio: 0.1
    depth_of_discharge: 0.4
  Li-ion:
    cost: 243.734
    lifetime: 21.3818
    annual_cost: 11.399133842800888
    efficiency: 0.897596
    discharge_ratio: 2
    depth_of_discharge: 0.9
  Pb-acid:
    cost: 218.762
    lifetime: 7.43678
    annual_cost: 29.416225839677928
    efficiency: 0.679464
    discharge_ratio: 5
    depth_of_discharge: 0.5
  VRBF:
    cost: 233.278
    lifetime: 17.576
    annual_cost: 13.272530723714155
    efficiency: 0.832572
    discharge_ratio: 0.5
    depth_of_discharge: 1.0
