cost_values:
  wind_capex: 5000.0
  wind_opex: 100
  wind_lifetime: 20
  solar_capex: 1000.0
  solar_opex: 10
  solar_lifetime: 20
  carbon_price: 1.0
timeseries_values:
  load_level: 264697.7299346496
  wind_year: 2010
  solar_year: 2012
  price_year: 2023
  carbon_year: 2023
storage_values:
  CAES:
    cost: 53.0053
    lifetime: 23.764
    annual_cost: 2.2304872917017335
    efficiency: 0.624778
    discharge_ratio: 0.1
    depth_of_discharge: 0.4
  Li-ion:
    cost: 246.269
    lifetime: 22.0368
    annual_cost: 11.175352138241488
    efficiency: 0.909315
    discharge_ratio: 2
    depth_of_discharge: 0.9
  Pb-acid:
    cost: 204.622
    lifetime: 6.73447
    annual_cost: 30.384276713683484
    efficiency: 0.659652
    discharge_ratio: 5
    depth_of_discharge: 0.5
  VRBF:
    cost: 192.536
    lifetime: 18.3543
    annual_cost: 10.489966928730599
    efficiency: 0.823663
    discharge_ratio: 0.5
    depth_of_discharge: 1.0
