cost_values:
  wind_capex: 5000.0
  wind_opex: 100
  wind_lifetime: 20
  solar_capex: 1000.0
  solar_opex: 10
  solar_lifetime: 20
  carbon_price: 1.0
timeseries_values:
  load_level: 264697.7299346496
  wind_year: 2010
  solar_year: 2012
  price_year: 2023
  carbon_year: 2023
storage_values:
  CAES:
    cost: 52.0615
    lifetime: 23.8644
    annual_cost: 2.181554952146293
    efficiency: 0.631671
    discharge_ratio: 0.1
    depth_of_discharge: 0.4
  Li-ion:
    cost: 235.344
    lifetime: 20.2908
    annual_cost: 11.598556981489146
    efficiency: 0.896246
    discharge_ratio: 2
    depth_of_discharge: 0.9
  Pb-acid:
    cost: 214.129
    lifetime: 7.59035
    annual_cost: 28.21068857167324
    efficiency: 0.673559
    discharge_ratio: 5
    depth_of_discharge: 0.5
  VRBF:
    cost: 189.897
    lifetime: 15.427
    annual_cost: 12.309392623322745
    efficiency: 0.822818
    discharge_ratio: 0.5
    depth_of_discharge: 1.0
