cost_values:
  wind_capex: 5000.0
  wind_opex: 100
  wind_lifetime: 20
  solar_capex: 1000.0
  solar_opex: 10
  solar_lifetime: 20
  carbon_price: 1.0
timeseries_values:
  load_level: 264697.7299346496
  wind_year: 2010
  solar_year: 2012
  price_year: 2023
  carbon_year: 2023
storage_values:
  CAES:
    cost: 49.597
    lifetime: 23.9024
    annual_cost: 2.0749799183345607
    efficiency: 0.633546
    discharge_ratio: 0.1
    depth_of_discharge: 0.4
  Li-ion:
    cost: 239.942
    lifetime: 20.2085
    annual_cost: 11.873320632407156
    efficiency: 0.9056
    discharge_ratio: 2
    depth_of_discharge: 0.9
  Pb-acid:
    cost: 218.851
    lifetime: 6.03095
    annual_cost: 36.28798116382991
    efficiency: 0.677599
    discharge_ratio: 5
    depth_of_discharge: 0.5
  VRBF:
    cost: 254.987
    lifetime: 16.7497
    annual_cost: 15.223377135112866
    efficiency: 0.826573
    discharge_ratio: 0.5
    depth_of_discharge: 1.0
