cost_values:
  wind_capex: 5000.0
  wind_opex: 100
  wind_lifetime: 20
  solar_capex: 1000.0
  solar_opex: 10
  solar_lifetime: 20
  carbon_price: 1.0
timeseries_values:
  load_level: 264697.7299346496
  wind_year: 2010
  solar_year: 2012
  price_year: 2023
  carbon_year: 2023
storage_values:
  CAES:
    cost: 42.1079
    lifetime: 22.6711
    annual_cost: 1.8573381970879226
    efficiency: 0.618949
    discharge_ratio: 0.1
    depth_of_discharge: 0.4
  Li-ion:
    cost: 232.545
    lifetime: 22.7984
    annual_cost: 10.200057898799916
    efficiency: 0.892985
    discharge_ratio: 2
    depth_of_discharge: 0.9
  Pb-acid:
    cost: 218.15
    lifetime: 6.83553
    annual_cost: 31.914131018370192
    efficiency: 0.664465
    discharge_ratio: 5
    depth_of_discharge: 0.5
  VRBF:
    cost: 215.292
    lifetime: 16.7454
    annual_cost: 12.856784549786807
    efficiency: 0.818955
    discharge_ratio: 0.5
    depth_of_discharge: 1.0
