cost_values:
  wind_capex: 5000.0
  wind_opex: 100
  wind_lifetime: 20
  solar_capex: 1000.0
  solar_opex: 10
  solar_lifetime: 20
  carbon_price: 1.0
timeseries_values:
  load_level: 264697.7299346496
  wind_year: 2010
  solar_year: 2012
  price_year: 2023
  carbon_year: 2023
storage_values:
  CAES:
    cost: 47.87
    lifetime: 23.438
    annual_cost: 2.0424097619250787
    efficiency: 0.636182
    discharge_ratio: 0.1
    depth_of_discharge: 0.4
  Li-ion:
    cost: 221.314
    lifetime: 21.7697
    annual_cost: 10.166148362173113
    efficiency: 0.911223
    discharge_ratio: 2
    depth_of_discharge: 0.9
  Pb-acid:
    cost: 192.586
    lifetime: 5.52258
    annual_cost: 34.8724690271576
    efficiency: 0.679885
    discharge_ratio: 5
    depth_of_discharge: 0.5
  VRBF:
    cost: 217.11
    lifetime: 16.0427
    annual_cost: 13.533258117399193
    efficiency: 0.812812
    discharge_ratio: 0.5
    depth_of_discharge: 1.0
