cost_values:
  wind_capex: 5000.0
  wind_opex: 100
  wind_lifetime: 20
  solar_capex: 1000.0
  solar_opex: 10
  solar_lifetime: 20
  carbon_price: 1.0
timeseries_values:
  load_level: 264697.7299346496
  wind_year: 2010
  solar_year: 2012
  price_year: 2023
  carbon_year: 2023
storage_values:
  CAES:
    cost: 44.2726
    lifetime: 23.9522
    annual_cost: 1.848373009577408
    efficiency: 0.643447
    discharge_ratio: 0.1
    depth_of_discharge: 0.4
  Li-ion:
    cost: 194.422
    lifetime: 22.1887
    annual_cost: 8.762207790451896
    efficiency: 0.911369
    discharge_ratio: 2
    depth_of_discharge: 0.9
  Pb-acid:
    cost: 209.134
    lifetime: 6.71253
    annual_cost: 31.155763922097925
    efficiency: 0.678662
    discharge_ratio: 5
    depth_of_discharge: 0.5
  VRBF:
    cost: 223.496
    lifetime: 16.2969
    annual_cost: 13.714019230651228
    efficiency: 0.810862
    discharge_ratio: 0.5
    depth_of_discharge: 1.0
