cost_values:
  wind_capex: 5000.0
  wind_opex: 100
  wind_lifetime: 20
  solar_capex: 1000.0
  solar_opex: 10
  solar_lifetime: 20
  carbon_price: 1.0
timeseries_values:
  load_level: 252920.5061241066
  wind_year: 2014
  solar_year: 2018
  price_year: 2023
  carbon_year: 2023
storage_values:
  CAES:
    cost: 46.8108
    lifetime: 28.8097
    annual_cost: 1.6248277489873202
    efficiency: 0.569529
    discharge_ratio: 0.1
    depth_of_discharge: 0.4
  Li-ion:
    cost: 186.63
    lifetime: 18.8724
    annual_cost: 9.889044318687608
    efficiency: 0.877094
    discharge_ratio: 2
    depth_of_discharge: 0.9
  Pb-acid:
    cost: 121.068
    lifetime: 13.0824
    annual_cost: 9.254265272427078
    efficiency: 0.716821
    discharge_ratio: 5
    depth_of_discharge: 0.5
  VRBF:
    cost: 157.129
    lifetime: 20.0647
    annual_cost: 7.8311163386444855
    efficiency: 0.664818
    discharge_ratio: 0.5
    depth_of_discharge: 1.0
