cost_values:
  wind_capex: 5000.0
  wind_opex: 100
  wind_lifetime: 20
  solar_capex: 1000.0
  solar_opex: 10
  solar_lifetime: 20
  carbon_price: 1.0
timeseries_values:
  load_level: 252920.5061241066
  wind_year: 2014
  solar_year: 2018
  price_year: 2023
  carbon_year: 2023
storage_values:
  CAES:
    cost: 46.607
    lifetime: 28.6763
    annual_cost: 1.625279411918553
    efficiency: 0.580976
    discharge_ratio: 0.1
    depth_of_discharge: 0.4
  Li-ion:
    cost: 175.976
    lifetime: 20.1728
    annual_cost: 8.72342956852792
    efficiency: 0.869203
    discharge_ratio: 2
    depth_of_discharge: 0.9
  Pb-acid:
    cost: 135.76
    lifetime: 14.2062
    annual_cost: 9.556390871591276
    efficiency: 0.735496
    discharge_ratio: 5
    depth_of_discharge: 0.5
  VRBF:
    cost: 203.403
    lifetime: 19.9876
    annual_cost: 10.176459404830995
    efficiency: 0.651625
    discharge_ratio: 0.5
    depth_of_discharge: 1.0
