cost_values:
  wind_capex: 5000.0
  wind_opex: 100
  wind_lifetime: 20
  solar_capex: 1000.0
  solar_opex: 10
  solar_lifetime: 20
  carbon_price: 1.0
timeseries_values:
  load_level: 252920.5061241066
  wind_year: 2014
  solar_year: 2018
  price_year: 2023
  carbon_year: 2023
storage_values:
  CAES:
    cost: 41.2221
    lifetime: 28.108
    annual_cost: 1.4665611213889282
    efficiency: 0.571881
    discharge_ratio: 0.1
    depth_of_discharge: 0.4
  Li-ion:
    cost: 169.785
    lifetime: 19.841
    annual_cost: 8.557280379013154
    efficiency: 0.869853
    discharge_ratio: 2
    depth_of_discharge: 0.9
  Pb-acid:
    cost: 139.984
    lifetime: 14.88
    annual_cost: 9.40752688172043
    efficiency: 0.727004
    discharge_ratio: 5
    depth_of_discharge: 0.5
  VRBF:
    cost: 198.169
    lifetime: 18.7212
    annual_cost: 10.585272311603958
    efficiency: 0.684272
    discharge_ratio: 0.5
    depth_of_discharge: 1.0
