cost_values:
  wind_capex: 5000.0
  wind_opex: 100
  wind_lifetime: 20
  solar_capex: 1000.0
  solar_opex: 10
  solar_lifetime: 20
  carbon_price: 1.0
timeseries_values:
  load_level: 252920.5061241066
  wind_year: 2014
  solar_year: 2018
  price_year: 2023
  carbon_year: 2023
storage_values:
  CAES:
    cost: 47.2175
    lifetime: 28.3366
    annual_cost: 1.666307884502728
    efficiency: 0.579107
    discharge_ratio: 0.1
    depth_of_discharge: 0.4
  Li-ion:
    cost: 181.865
    lifetime: 17.8748
    annual_cost: 10.174379573477745
    efficiency: 0.871473
    discharge_ratio: 2
    depth_of_discharge: 0.9
  Pb-acid:
    cost: 134.124
    lifetime: 15.0591
    annual_cost: 8.90650835707313
    efficiency: 0.709405
    discharge_ratio: 5
    depth_of_discharge: 0.5
  VRBF:
    cost: 176.96
    lifetime: 18.5166
    annual_cost: 9.556830087597076
    efficiency: 0.655791
    discharge_ratio: 0.5
    depth_of_discharge: 1.0
