cost_values:
  wind_capex: 5000.0
  wind_opex: 100
  wind_lifetime: 20
  solar_capex: 1000.0
  solar_opex: 10
  solar_lifetime: 20
  carbon_price: 1.0
timeseries_values:
  load_level: 252920.5061241066
  wind_year: 2014
  solar_year: 2018
  price_year: 2023
  carbon_year: 2023
storage_values:
  CAES:
    cost: 43.8975
    lifetime: 26.7952
    annual_cost: 1.6382598375828505
    efficiency: 0.577526
    discharge_ratio: 0.1
    depth_of_discharge: 0.4
  Li-ion:
    cost: 183.031
    lifetime: 19.4176
    annual_cost: 9.426036173368491
    efficiency: 0.877307
    discharge_ratio: 2
    depth_of_discharge: 0.9
  Pb-acid:
    cost: 112.77
    lifetime: 14.5212
    annual_cost: 7.7658871167672086
    efficiency: 0.727191
    discharge_ratio: 5
    depth_of_discharge: 0.5
  VRBF:
    cost: 212.93
    lifetime: 18.3329
    annual_cost: 11.61463816417479
    efficiency: 0.662891
    discharge_ratio: 0.5
    depth_of_discharge: 1.0
