cost_values:
  wind_capex: 5000.0
  wind_opex: 100
  wind_lifetime: 20
  solar_capex: 1000.0
  solar_opex: 10
  solar_lifetime: 20
  carbon_price: 1.0
timeseries_values:
  load_level: 252920.5061241066
  wind_year: 2014
  solar_year: 2018
  price_year: 2023
  carbon_year: 2023
storage_values:
  CAES:
    cost: 43.0215
    lifetime: 27.9783
    annual_cost: 1.5376738400832075
    efficiency: 0.564045
    discharge_ratio: 0.1
    depth_of_discharge: 0.4
  Li-ion:
    cost: 175.645
    lifetime: 20.1631
    annual_cost: 8.71121008178306
    efficiency: 0.878163
    discharge_ratio: 2
    depth_of_discharge: 0.9
  Pb-acid:
    cost: 143.157
    lifetime: 14.3581
    annual_cost: 9.970469630382851
    efficiency: 0.722104
    discharge_ratio: 5
    depth_of_discharge: 0.5
  VRBF:
    cost: 196.721
    lifetime: 18.7836
    annual_cost: 10.473019016588939
    efficiency: 0.66447
    discharge_ratio: 0.5
    depth_of_discharge: 1.0
