cost_values:
  wind_capex: 5000.0
  wind_opex: 100
  wind_lifetime: 20
  solar_capex: 1000.0
  solar_opex: 10
  solar_lifetime: 20
  carbon_price: 1.0
timeseries_values:
  load_level: 252920.5061241066
  wind_year: 2014
  solar_year: 2018
  price_year: 2023
  carbon_year: 2023
storage_values:
  CAES:
    cost: 44.943
    lifetime: 28.4986
    annual_cost: 1.5770248363077484
    efficiency: 0.573741
    discharge_ratio: 0.1
    depth_of_discharge: 0.4
  Li-ion:
    cost: 171.835
    lifetime: 21.4786
    annual_cost: 8.000288659409831
    efficiency: 0.881417
    discharge_ratio: 2
    depth_of_discharge: 0.9
  Pb-acid:
    cost: 140.797
    lifetime: 14.1843
    annual_cost: 9.92625649485699
    efficiency: 0.741943
    discharge_ratio: 5
    depth_of_discharge: 0.5
  VRBF:
    cost: 185.392
    lifetime: 20.5241
    annual_cost: 9.032893037940761
    efficiency: 0.670758
    discharge_ratio: 0.5
    depth_of_discharge: 1.0
