cost_values:
  wind_capex: 5000.0
  wind_opex: 100
  wind_lifetime: 20
  solar_capex: 1000.0
  solar_opex: 10
  solar_lifetime: 20
  carbon_price: 1.0
timeseries_values:
  load_level: 252920.5061241066
  wind_year: 2014
  solar_year: 2018
  price_year: 2023
  carbon_year: 2023
storage_values:
  CAES:
    cost: 42.6458
    lifetime: 28.8035
    annual_cost: 1.4805770132102003
    efficiency: 0.568687
    discharge_ratio: 0.1
    depth_of_discharge: 0.4
  Li-ion:
    cost: 169.901
    lifetime: 19.909
    annual_cost: 8.533879150133107
    efficiency: 0.875778
    discharge_ratio: 2
    depth_of_discharge: 0.9
  Pb-acid:
    cost: 125.449
    lifetime: 14.8242
    annual_cost: 8.462446540116837
    efficiency: 0.727183
    discharge_ratio: 5
    depth_of_discharge: 0.5
  VRBF:
    cost: 189.824
    lifetime: 16.9304
    annual_cost: 11.212020980012287
    efficiency: 0.65873
    discharge_ratio: 0.5
    depth_of_discharge: 1.0
