cost_values:
  wind_capex: 5000.0
  wind_opex: 100
  wind_lifetime: 20
  solar_capex: 1000.0
  solar_opex: 10
  solar_lifetime: 20
  carbon_price: 1.0
timeseries_values:
  load_level: 252920.5061241066
  wind_year: 2014
  solar_year: 2018
  price_year: 2023
  carbon_year: 2023
storage_values:
  CAES:
    cost: 41.115
    lifetime: 28.4259
    annual_cost: 1.4463921986638948
    efficiency: 0.573333
    discharge_ratio: 0.1
    depth_of_discharge: 0.4
  Li-ion:
    cost: 176.267
    lifetime: 19.6985
    annual_cost: 8.948244790212453
    efficiency: 0.869879
    discharge_ratio: 2
    depth_of_discharge: 0.9
  Pb-acid:
    cost: 144.162
    lifetime: 14.2608
    annual_cost: 10.108970043756312
    efficiency: 0.7366
    discharge_ratio: 5
    depth_of_discharge: 0.5
  VRBF:
    cost: 198.382
    lifetime: 16.9484
    annual_cost: 11.705057704562083
    efficiency: 0.670776
    discharge_ratio: 0.5
    depth_of_discharge: 1.0
