cost_values:
  wind_capex: 5000.0
  wind_opex: 100
  wind_lifetime: 20
  solar_capex: 1000.0
  solar_opex: 10
  solar_lifetime: 20
  carbon_price: 1.0
timeseries_values:
  load_level: 252920.5061241066
  wind_year: 2014
  solar_year: 2018
  price_year: 2023
  carbon_year: 2023
storage_values:
  CAES:
    cost: 41.2845
    lifetime: 27.3954
    annual_cost: 1.506986574388401
    efficiency: 0.572239
    discharge_ratio: 0.1
    depth_of_discharge: 0.4
  Li-ion:
    cost: 169.005
    lifetime: 17.9686
    annual_cost: 9.405574168271318
    efficiency: 0.880339
    discharge_ratio: 2
    depth_of_discharge: 0.9
  Pb-acid:
    cost: 150.723
    lifetime: 15.3872
    annual_cost: 9.795349381303941
    efficiency: 0.715351
    discharge_ratio: 5
    depth_of_discharge: 0.5
  VRBF:
    cost: 208.314
    lifetime: 18.9135
    annual_cost: 11.01403759219605
    efficiency: 0.650853
    discharge_ratio: 0.5
    depth_of_discharge: 1.0
