cost_values:
  wind_capex: 5000.0
  wind_opex: 100
  wind_lifetime: 20
  solar_capex: 1000.0
  solar_opex: 10
  solar_lifetime: 20
  carbon_price: 1.0
timeseries_values:
  load_level: 252920.5061241066
  wind_year: 2014
  solar_year: 2018
  price_year: 2023
  carbon_year: 2023
storage_values:
  CAES:
    cost: 51.3713
    lifetime: 29.4195
    annual_cost: 1.746164958615884
    efficiency: 0.579286
    discharge_ratio: 0.1
    depth_of_discharge: 0.4
  Li-ion:
    cost: 180.558
    lifetime: 19.0521
    annual_cost: 9.47706552033634
    efficiency: 0.868155
    discharge_ratio: 2
    depth_of_discharge: 0.9
  Pb-acid:
    cost: 122.188
    lifetime: 13.3713
    annual_cost: 9.138079319138752
    efficiency: 0.719287
    discharge_ratio: 5
    depth_of_discharge: 0.5
  VRBF:
    cost: 183.087
    lifetime: 17.9341
    annual_cost: 10.20887582872851
    efficiency: 0.6618
    discharge_ratio: 0.5
    depth_of_discharge: 1.0
