cost_values:
  wind_capex: 5000.0
  wind_opex: 100
  wind_lifetime: 20
  solar_capex: 1000.0
  solar_opex: 10
  solar_lifetime: 20
  carbon_price: 1.0
timeseries_values:
  load_level: 252920.5061241066
  wind_year: 2014
  solar_year: 2018
  price_year: 2023
  carbon_year: 2023
storage_values:
  CAES:
    cost: 47.0361
    lifetime: 27.913
    annual_cost: 1.685096549994626
    efficiency: 0.570998
    discharge_ratio: 0.1
    depth_of_discharge: 0.4
  Li-ion:
    cost: 176.595
    lifetime: 19.693
    annual_cost: 8.967399583608389
    efficiency: 0.867313
    discharge_ratio: 2
    depth_of_discharge: 0.9
  Pb-acid:
    cost: 129.248
    lifetime: 14.106
    annual_cost: 9.162625832978874
    efficiency: 0.697179
    discharge_ratio: 5
    depth_of_discharge: 0.5
  VRBF:
    cost: 175.925
    lifetime: 17.0363
    annual_cost: 10.326479341171499
    efficiency: 0.668367
    discharge_ratio: 0.5
    depth_of_discharge: 1.0
