cost_values:
  wind_capex: 5000.0
  wind_opex: 100
  wind_lifetime: 20
  solar_capex: 1000.0
  solar_opex: 10
  solar_lifetime: 20
  carbon_price: 1.0
timeseries_values:
  load_level: 252920.5061241066
  wind_year: 2014
  solar_year: 2018
  price_year: 2023
  carbon_year: 2023
storage_values:
  CAES:
    cost: 53.0937
    lifetime: 27.7733
    annual_cost: 1.9116813630357214
    efficiency: 0.571498
    discharge_ratio: 0.1
    depth_of_discharge: 0.4
  Li-ion:
    cost: 166.816
    lifetime: 20.3837
    annual_cost: 8.183793913764429
    efficiency: 0.872841
    discharge_ratio: 2
    depth_of_discharge: 0.9
  Pb-acid:
    cost: 139.758
    lifetime: 13.6587
    annual_cost: 10.232159722374751
    efficiency: 0.721154
    discharge_ratio: 5
    depth_of_discharge: 0.5
  VRBF:
    cost: 185.698
    lifetime: 19.9418
    annual_cost: 9.311997913929535
    efficiency: 0.684644
    discharge_ratio: 0.5
    depth_of_discharge: 1.0
