cost_values:
  wind_capex: 5000.0
  wind_opex: 100
  wind_lifetime: 20
  solar_capex: 1000.0
  solar_opex: 10
  solar_lifetime: 20
  carbon_price: 1.0
timeseries_values:
  load_level: 252920.5061241066
  wind_year: 2014
  solar_year: 2018
  price_year: 2023
  carbon_year: 2023
storage_values:
  CAES:
    cost: 43.5968
    lifetime: 28.4001
    annual_cost: 1.5350931862915977
    efficiency: 0.568415
    discharge_ratio: 0.1
    depth_of_discharge: 0.4
  Li-ion:
    cost: 166.882
    lifetime: 20.462
    annual_cost: 8.155703254813801
    efficiency: 0.869267
    discharge_ratio: 2
    depth_of_discharge: 0.9
  Pb-acid:
    cost: 136.755
    lifetime: 13.7327
    annual_cost: 9.95834759369971
    efficiency: 0.732587
    discharge_ratio: 5
    depth_of_discharge: 0.5
  VRBF:
    cost: 173.671
    lifetime: 18.1489
    annual_cost: 9.569230091079898
    efficiency: 0.651922
    discharge_ratio: 0.5
    depth_of_discharge: 1.0
