cost_values:
  wind_capex: 5000.0
  wind_opex: 100
  wind_lifetime: 20
  solar_capex: 1000.0
  solar_opex: 10
  solar_lifetime: 20
  carbon_price: 1.0
timeseries_values:
  load_level: 252920.5061241066
  wind_year: 2014
  solar_year: 2018
  price_year: 2023
  carbon_year: 2023
storage_values:
  CAES:
    cost: 51.5559
    lifetime: 29.1242
    annual_cost: 1.7702082803991184
    efficiency: 0.565708
    discharge_ratio: 0.1
    depth_of_discharge: 0.4
  Li-ion:
    cost: 180.515
    lifetime: 20.2379
    annual_cost: 8.919650754277864
    efficiency: 0.871574
    discharge_ratio: 2
    depth_of_discharge: 0.9
  Pb-acid:
    cost: 130.298
    lifetime: 13.5222
    annual_cost: 9.635858070432326
    efficiency: 0.715485
    discharge_ratio: 5
    depth_of_discharge: 0.5
  VRBF:
    cost: 209.93
    lifetime: 17.5504
    annual_cost: 11.961550733886408
    efficiency: 0.675065
    discharge_ratio: 0.5
    depth_of_discharge: 1.0
