cost_values:
  wind_capex: 5000.0
  wind_opex: 100
  wind_lifetime: 20
  solar_capex: 1000.0
  solar_opex: 10
  solar_lifetime: 20
  carbon_price: 1.0
timeseries_values:
  load_level: 252920.5061241066
  wind_year: 2014
  solar_year: 2018
  price_year: 2023
  carbon_year: 2023
storage_values:
  CAES:
    cost: 38.2709
    lifetime: 28.3315
    annual_cost: 1.3508250533858073
    efficiency: 0.576662
    discharge_ratio: 0.1
    depth_of_discharge: 0.4
  Li-ion:
    cost: 169.311
    lifetime: 19.5946
    annual_cost: 8.640696926704296
    efficiency: 0.86828
    discharge_ratio: 2
    depth_of_discharge: 0.9
  Pb-acid:
    cost: 138.036
    lifetime: 14.3582
    annual_cost: 9.61373988382945
    efficiency: 0.726504
    discharge_ratio: 5
    depth_of_discharge: 0.5
  VRBF:
    cost: 180.74
    lifetime: 19.4874
    annual_cost: 9.274710838798404
    efficiency: 0.659879
    discharge_ratio: 0.5
    depth_of_discharge: 1.0
