cost_values:
  wind_capex: 5000.0
  wind_opex: 100
  wind_lifetime: 20
  solar_capex: 1000.0
  solar_opex: 10
  solar_lifetime: 20
  carbon_price: 1.0
timeseries_values:
  load_level: 252920.5061241066
  wind_year: 2014
  solar_year: 2018
  price_year: 2023
  carbon_year: 2023
storage_values:
  CAES:
    cost: 46.5439
    lifetime: 26.7785
    annual_cost: 1.7381070635024367
    efficiency: 0.564972
    discharge_ratio: 0.1
    depth_of_discharge: 0.4
  Li-ion:
    cost: 170.43
    lifetime: 18.4963
    annual_cost: 9.21427528748993
    efficiency: 0.870225
    discharge_ratio: 2
    depth_of_discharge: 0.9
  Pb-acid:
    cost: 131.804
    lifetime: 14.2268
    annual_cost: 9.26448674332949
    efficiency: 0.717286
    discharge_ratio: 5
    depth_of_discharge: 0.5
  VRBF:
    cost: 173.896
    lifetime: 18.3524
    annual_cost: 9.475381966391316
    efficiency: 0.658014
    discharge_ratio: 0.5
    depth_of_discharge: 1.0
