cost_values:
  wind_capex: 5000.0
  wind_opex: 100
  wind_lifetime: 20
  solar_capex: 1000.0
  solar_opex: 10
  solar_lifetime: 20
  carbon_price: 1.0
timeseries_values:
  load_level: 252920.5061241066
  wind_year: 2014
  solar_year: 2018
  price_year: 2023
  carbon_year: 2023
storage_values:
  CAES:
    cost: 51.3148
    lifetime: 27.6476
    annual_cost: 1.856030903224873
    efficiency: 0.572376
    discharge_ratio: 0.1
    depth_of_discharge: 0.4
  Li-ion:
    cost: 175.859
    lifetime: 17.7037
    annual_cost: 9.933460237125573
    efficiency: 0.882233
    discharge_ratio: 2
    depth_of_discharge: 0.9
  Pb-acid:
    cost: 134.412
    lifetime: 12.8112
    annual_cost: 10.491757212439117
    efficiency: 0.712832
    discharge_ratio: 5
    depth_of_discharge: 0.5
  VRBF:
    cost: 203.79
    lifetime: 20.1405
    annual_cost: 10.118418112757876
    efficiency: 0.668525
    discharge_ratio: 0.5
    depth_of_discharge: 1.0
