cost_values:
  wind_capex: 5000.0
  wind_opex: 100
  wind_lifetime: 20
  solar_capex: 1000.0
  solar_opex: 10
  solar_lifetime: 20
  carbon_price: 1.0
timeseries_values:
  load_level: 252920.5061241066
  wind_year: 2014
  solar_year: 2018
  price_year: 2023
  carbon_year: 2023
storage_values:
  CAES:
    cost: 42.2674
    lifetime: 28.1639
    annual_cost: 1.5007651639155088
    efficiency: 0.573955
    discharge_ratio: 0.1
    depth_of_discharge: 0.4
  Li-ion:
    cost: 192.48
    lifetime: 19.6633
    annual_cost: 9.788794352931603
    efficiency: 0.865442
    discharge_ratio: 2
    depth_of_discharge: 0.9
  Pb-acid:
    cost: 123.639
    lifetime: 13.077
    annual_cost: 9.454691442991512
    efficiency: 0.728937
    discharge_ratio: 5
    depth_of_discharge: 0.5
  VRBF:
    cost: 158.119
    lifetime: 17.6285
    annual_cost: 8.969509600930312
    efficiency: 0.666321
    discharge_ratio: 0.5
    depth_of_discharge: 1.0
