cost_values:
  wind_capex: 5000.0
  wind_opex: 100
  wind_lifetime: 20
  solar_capex: 1000.0
  solar_opex: 10
  solar_lifetime: 20
  carbon_price: 1.0
timeseries_values:
  load_level: 252920.5061241066
  wind_year: 2014
  solar_year: 2018
  price_year: 2023
  carbon_year: 2023
storage_values:
  CAES:
    cost: 48.2005
    lifetime: 28.4117
    annual_cost: 1.6965017932753055
    efficiency: 0.565368
    discharge_ratio: 0.1
    depth_of_discharge: 0.4
  Li-ion:
    cost: 178.763
    lifetime: 18.9649
    annual_cost: 9.425992227747049
    efficiency: 0.865928
    discharge_ratio: 2
    depth_of_discharge: 0.9
  Pb-acid:
    cost: 132.049
    lifetime: 13.4217
    annual_cost: 9.83847053651922
    efficiency: 0.71263
    discharge_ratio: 5
    depth_of_discharge: 0.5
  VRBF:
    cost: 149.108
    lifetime: 19.2778
    annual_cost: 7.734700017636868
    efficiency: 0.658401
    discharge_ratio: 0.5
    depth_of_discharge: 1.0
