cost_values:
  wind_capex: 5000.0
  wind_opex: 100
  wind_lifetime: 20
  solar_capex: 1000.0
  solar_opex: 10
  solar_lifetime: 20
  carbon_price: 1.0
timeseries_values:
  load_level: 252920.5061241066
  wind_year: 2014
  solar_year: 2018
  price_year: 2023
  carbon_year: 2023
storage_values:
  CAES:
    cost: 45.2476
    lifetime: 28.0559
    annual_cost: 1.6127659422795204
    efficiency: 0.572804
    discharge_ratio: 0.1
    depth_of_discharge: 0.4
  Li-ion:
    cost: 166.342
    lifetime: 17.3315
    annual_cost: 9.597668984219487
    efficiency: 0.876227
    discharge_ratio: 2
    depth_of_discharge: 0.9
  Pb-acid:
    cost: 125.149
    lifetime: 13.4241
    annual_cost: 9.32271064726872
    efficiency: 0.708342
    discharge_ratio: 5
    depth_of_discharge: 0.5
  VRBF:
    cost: 170.018
    lifetime: 18.9609
    annual_cost: 8.966768455083884
    efficiency: 0.653389
    discharge_ratio: 0.5
    depth_of_discharge: 1.0
