cost_values:
  wind_capex: 5000.0
  wind_opex: 100
  wind_lifetime: 20
  solar_capex: 1000.0
  solar_opex: 10
  solar_lifetime: 20
  carbon_price: 1.0
timeseries_values:
  load_level: 252920.5061241066
  wind_year: 2014
  solar_year: 2018
  price_year: 2023
  carbon_year: 2023
storage_values:
  CAES:
    cost: 42.1062
    lifetime: 27.741
    annual_cost: 1.517832810641289
    efficiency: 0.563197
    discharge_ratio: 0.1
    depth_of_discharge: 0.4
  Li-ion:
    cost: 185.631
    lifetime: 18.145
    annual_cost: 10.230421603747589
    efficiency: 0.861312
    discharge_ratio: 2
    depth_of_discharge: 0.9
  Pb-acid:
    cost: 126.494
    lifetime: 13.4266
    annual_cost: 9.421149062309148
    efficiency: 0.705162
    discharge_ratio: 5
    depth_of_discharge: 0.5
  VRBF:
    cost: 174.277
    lifetime: 18.9385
    annual_cost: 9.202259946669482
    efficiency: 0.669799
    discharge_ratio: 0.5
    depth_of_discharge: 1.0
