cost_values:
  wind_capex: 5000.0
  wind_opex: 100
  wind_lifetime: 20
  solar_capex: 1000.0
  solar_opex: 10
  solar_lifetime: 20
  carbon_price: 1.0
timeseries_values:
  load_level: 252920.5061241066
  wind_year: 2014
  solar_year: 2018
  price_year: 2023
  carbon_year: 2023
storage_values:
  CAES:
    cost: 44.5572
    lifetime: 29.3841
    annual_cost: 1.5163710986553953
    efficiency: 0.576462
    discharge_ratio: 0.1
    depth_of_discharge: 0.4
  Li-ion:
    cost: 169.59
    lifetime: 21.849
    annual_cost: 7.761911300288343
    efficiency: 0.865288
    discharge_ratio: 2
    depth_of_discharge: 0.9
  Pb-acid:
    cost: 142.886
    lifetime: 13.9654
    annual_cost: 10.231429103355435
    efficiency: 0.737878
    discharge_ratio: 5
    depth_of_discharge: 0.5
  VRBF:
    cost: 191.472
    lifetime: 17.4639
    annual_cost: 10.963874048751999
    efficiency: 0.663932
    discharge_ratio: 0.5
    depth_of_discharge: 1.0
