cost_values:
  wind_capex: 5000.0
  wind_opex: 100
  wind_lifetime: 20
  solar_capex: 1000.0
  solar_opex: 10
  solar_lifetime: 20
  carbon_price: 1.0
timeseries_values:
  load_level: 252920.5061241066
  wind_year: 2014
  solar_year: 2018
  price_year: 2023
  carbon_year: 2023
storage_values:
  CAES:
    cost: 49.3217
    lifetime: 27.6871
    annual_cost: 1.7813963903767458
    efficiency: 0.573666
    discharge_ratio: 0.1
    depth_of_discharge: 0.4
  Li-ion:
    cost: 189.2
    lifetime: 19.3678
    annual_cost: 9.76879149929264
    efficiency: 0.881094
    discharge_ratio: 2
    depth_of_discharge: 0.9
  Pb-acid:
    cost: 143.118
    lifetime: 14.2821
    annual_cost: 10.020795261201084
    efficiency: 0.716076
    discharge_ratio: 5
    depth_of_discharge: 0.5
  VRBF:
    cost: 218.68
    lifetime: 18.2987
    annual_cost: 11.950575723958533
    efficiency: 0.670933
    discharge_ratio: 0.5
    depth_of_discharge: 1.0
