cost_values:
  wind_capex: 5000.0
  wind_opex: 100
  wind_lifetime: 20
  solar_capex: 1000.0
  solar_opex: 10
  solar_lifetime: 20
  carbon_price: 1.0
timeseries_values:
  load_level: 252920.5061241066
  wind_year: 2014
  solar_year: 2018
  price_year: 2023
  carbon_year: 2023
storage_values:
  CAES:
    cost: 40.4708
    lifetime: 28.3145
    annual_cost: 1.4293312613678504
    efficiency: 0.566503
    discharge_ratio: 0.1
    depth_of_discharge: 0.4
  Li-ion:
    cost: 183.691
    lifetime: 17.6826
    annual_cost: 10.388234761856287
    efficiency: 0.857066
    discharge_ratio: 2
    depth_of_discharge: 0.9
  Pb-acid:
    cost: 132.324
    lifetime: 13.5539
    annual_cost: 9.762798899209821
    efficiency: 0.725727
    discharge_ratio: 5
    depth_of_discharge: 0.5
  VRBF:
    cost: 190.912
    lifetime: 20.9614
    annual_cost: 9.10778860190636
    efficiency: 0.660689
    discharge_ratio: 0.5
    depth_of_discharge: 1.0
