cost_values:
  wind_capex: 5000.0
  wind_opex: 100
  wind_lifetime: 20
  solar_capex: 1000.0
  solar_opex: 10
  solar_lifetime: 20
  carbon_price: 1.0
timeseries_values:
  load_level: 252920.5061241066
  wind_year: 2014
  solar_year: 2018
  price_year: 2023
  carbon_year: 2023
storage_values:
  CAES:
    cost: 36.5634
    lifetime: 27.027
    annual_cost: 1.3528471528471528
    efficiency: 0.572352
    discharge_ratio: 0.1
    depth_of_discharge: 0.4
  Li-ion:
    cost: 171.457
    lifetime: 22.8156
    annual_cost: 7.514902084538649
    efficiency: 0.867696
    discharge_ratio: 2
    depth_of_discharge: 0.9
  Pb-acid:
    cost: 135.518
    lifetime: 13.6985
    annual_cost: 9.892907982625836
    efficiency: 0.731668
    discharge_ratio: 5
    depth_of_discharge: 0.5
  VRBF:
    cost: 197.235
    lifetime: 19.146
    annual_cost: 10.301629583202757
    efficiency: 0.665915
    discharge_ratio: 0.5
    depth_of_discharge: 1.0
