cost_values:
  wind_capex: 5000.0
  wind_opex: 100
  wind_lifetime: 20
  solar_capex: 1000.0
  solar_opex: 10
  solar_lifetime: 20
  carbon_price: 1.0
timeseries_values:
  load_level: 252920.5061241066
  wind_year: 2014
  solar_year: 2018
  price_year: 2023
  carbon_year: 2023
storage_values:
  CAES:
    cost: 44.2534
    lifetime: 28.391
    annual_cost: 1.5587122679722447
    efficiency: 0.57027
    discharge_ratio: 0.1
    depth_of_discharge: 0.4
  Li-ion:
    cost: 173.606
    lifetime: 18.0902
    annual_cost: 9.596687709367503
    efficiency: 0.87646
    discharge_ratio: 2
    depth_of_discharge: 0.9
  Pb-acid:
    cost: 121.547
    lifetime: 14.1707
    annual_cost: 8.577346214371907
    efficiency: 0.704561
    discharge_ratio: 5
    depth_of_discharge: 0.5
  VRBF:
    cost: 209.308
    lifetime: 18.2578
    annual_cost: 11.464031811061574
    efficiency: 0.667451
    discharge_ratio: 0.5
    depth_of_discharge: 1.0
