cost_values:
  wind_capex: 5000.0
  wind_opex: 100
  wind_lifetime: 20
  solar_capex: 1000.0
  solar_opex: 10
  solar_lifetime: 20
  carbon_price: 1.0
timeseries_values:
  load_level: 252920.5061241066
  wind_year: 2014
  solar_year: 2018
  price_year: 2023
  carbon_year: 2023
storage_values:
  CAES:
    cost: 44.5905
    lifetime: 27.6013
    annual_cost: 1.615521732672012
    efficiency: 0.566866
    discharge_ratio: 0.1
    depth_of_discharge: 0.4
  Li-ion:
    cost: 179.822
    lifetime: 20.1171
    annual_cost: 8.938763539476366
    efficiency: 0.876341
    discharge_ratio: 2
    depth_of_discharge: 0.9
  Pb-acid:
    cost: 141.054
    lifetime: 16.6774
    annual_cost: 8.457793181191313
    efficiency: 0.71948
    discharge_ratio: 5
    depth_of_discharge: 0.5
  VRBF:
    cost: 193.117
    lifetime: 20.5622
    annual_cost: 9.391845230568713
    efficiency: 0.674048
    discharge_ratio: 0.5
    depth_of_discharge: 1.0
