cost_values:
  wind_capex: 5000.0
  wind_opex: 100
  wind_lifetime: 20
  solar_capex: 1000.0
  solar_opex: 10
  solar_lifetime: 20
  carbon_price: 1.0
timeseries_values:
  load_level: 252920.5061241066
  wind_year: 2014
  solar_year: 2018
  price_year: 2023
  carbon_year: 2023
storage_values:
  CAES:
    cost: 41.7458
    lifetime: 27.4888
    annual_cost: 1.518647594656733
    efficiency: 0.568963
    discharge_ratio: 0.1
    depth_of_discharge: 0.4
  Li-ion:
    cost: 170.013
    lifetime: 16.9616
    annual_cost: 10.023405810772568
    efficiency: 0.867651
    discharge_ratio: 2
    depth_of_discharge: 0.9
  Pb-acid:
    cost: 123.965
    lifetime: 14.1754
    annual_cost: 8.745079503929343
    efficiency: 0.729884
    discharge_ratio: 5
    depth_of_discharge: 0.5
  VRBF:
    cost: 212.729
    lifetime: 18.687
    annual_cost: 11.383796221972494
    efficiency: 0.65375
    discharge_ratio: 0.5
    depth_of_discharge: 1.0
