cost_values:
  wind_capex: 5000.0
  wind_opex: 100
  wind_lifetime: 20
  solar_capex: 1000.0
  solar_opex: 10
  solar_lifetime: 20
  carbon_price: 1.0
timeseries_values:
  load_level: 252920.5061241066
  wind_year: 2014
  solar_year: 2018
  price_year: 2023
  carbon_year: 2023
storage_values:
  CAES:
    cost: 44.6221
    lifetime: 27.9034
    annual_cost: 1.5991635427940682
    efficiency: 0.570396
    discharge_ratio: 0.1
    depth_of_discharge: 0.4
  Li-ion:
    cost: 178.251
    lifetime: 19.1206
    annual_cost: 9.32245850025627
    efficiency: 0.874363
    discharge_ratio: 2
    depth_of_discharge: 0.9
  Pb-acid:
    cost: 119.744
    lifetime: 14.9067
    annual_cost: 8.032897958636049
    efficiency: 0.730354
    discharge_ratio: 5
    depth_of_discharge: 0.5
  VRBF:
    cost: 232.363
    lifetime: 19.0458
    annual_cost: 12.20022262126033
    efficiency: 0.657096
    discharge_ratio: 0.5
    depth_of_discharge: 1.0
