cost_values:
  wind_capex: 5000.0
  wind_opex: 100
  wind_lifetime: 20
  solar_capex: 1000.0
  solar_opex: 10
  solar_lifetime: 20
  carbon_price: 1.0
timeseries_values:
  load_level: 252920.5061241066
  wind_year: 2014
  solar_year: 2018
  price_year: 2023
  carbon_year: 2023
storage_values:
  CAES:
    cost: 44.0722
    lifetime: 28.394
    annual_cost: 1.552165950552934
    efficiency: 0.570479
    discharge_ratio: 0.1
    depth_of_discharge: 0.4
  Li-ion:
    cost: 184.989
    lifetime: 20.0487
    annual_cost: 9.226982298104117
    efficiency: 0.873348
    discharge_ratio: 2
    depth_of_discharge: 0.9
  Pb-acid:
    cost: 128.512
    lifetime: 16.1584
    annual_cost: 7.953262699277156
    efficiency: 0.718157
    discharge_ratio: 5
    depth_of_discharge: 0.5
  VRBF:
    cost: 208.898
    lifetime: 20.1771
    annual_cost: 10.353222217266108
    efficiency: 0.665417
    discharge_ratio: 0.5
    depth_of_discharge: 1.0
