cost_values:
  wind_capex: 5000.0
  wind_opex: 100
  wind_lifetime: 20
  solar_capex: 1000.0
  solar_opex: 10
  solar_lifetime: 20
  carbon_price: 1.0
timeseries_values:
  load_level: 252920.5061241066
  wind_year: 2014
  solar_year: 2018
  price_year: 2023
  carbon_year: 2023
storage_values:
  CAES:
    cost: 44.0539
    lifetime: 28.2775
    annual_cost: 1.5579135354964193
    efficiency: 0.56114
    discharge_ratio: 0.1
    depth_of_discharge: 0.4
  Li-ion:
    cost: 179.542
    lifetime: 20.3325
    annual_cost: 8.830296323619821
    efficiency: 0.880361
    discharge_ratio: 2
    depth_of_discharge: 0.9
  Pb-acid:
    cost: 129.048
    lifetime: 13.396
    annual_cost: 9.633323380113467
    efficiency: 0.710413
    discharge_ratio: 5
    depth_of_discharge: 0.5
  VRBF:
    cost: 169.466
    lifetime: 19.7714
    annual_cost: 8.57126961166129
    efficiency: 0.663938
    discharge_ratio: 0.5
    depth_of_discharge: 1.0
