cost_values:
  wind_capex: 5000.0
  wind_opex: 100
  wind_lifetime: 20
  solar_capex: 1000.0
  solar_opex: 10
  solar_lifetime: 20
  carbon_price: 1.0
timeseries_values:
  load_level: 252920.5061241066
  wind_year: 2014
  solar_year: 2018
  price_year: 2023
  carbon_year: 2023
storage_values:
  CAES:
    cost: 48.1836
    lifetime: 28.6032
    annual_cost: 1.6845527773116293
    efficiency: 0.568322
    discharge_ratio: 0.1
    depth_of_discharge: 0.4
  Li-ion:
    cost: 169.884
    lifetime: 21.0753
    annual_cost: 8.060810522270145
    efficiency: 0.868495
    discharge_ratio: 2
    depth_of_discharge: 0.9
  Pb-acid:
    cost: 135.203
    lifetime: 15.1764
    annual_cost: 8.908766242323608
    efficiency: 0.738049
    discharge_ratio: 5
    depth_of_discharge: 0.5
  VRBF:
    cost: 212.8
    lifetime: 19.0952
    annual_cost: 11.144161883614732
    efficiency: 0.669814
    discharge_ratio: 0.5
    depth_of_discharge: 1.0
