cost_values:
  wind_capex: 5000.0
  wind_opex: 100
  wind_lifetime: 20
  solar_capex: 1000.0
  solar_opex: 10
  solar_lifetime: 20
  carbon_price: 1.0
timeseries_values:
  load_level: 252920.5061241066
  wind_year: 2014
  solar_year: 2018
  price_year: 2023
  carbon_year: 2023
storage_values:
  CAES:
    cost: 36.314
    lifetime: 27.5288
    annual_cost: 1.3191276045450582
    efficiency: 0.570233
    discharge_ratio: 0.1
    depth_of_discharge: 0.4
  Li-ion:
    cost: 164.354
    lifetime: 19.0025
    annual_cost: 8.649072490461782
    efficiency: 0.879533
    discharge_ratio: 2
    depth_of_discharge: 0.9
  Pb-acid:
    cost: 93.5781
    lifetime: 14.8615
    annual_cost: 6.296679339232245
    efficiency: 0.724487
    discharge_ratio: 5
    depth_of_discharge: 0.5
  VRBF:
    cost: 166.6
    lifetime: 21.2867
    annual_cost: 7.826483203126835
    efficiency: 0.654569
    discharge_ratio: 0.5
    depth_of_discharge: 1.0
