cost_values:
  wind_capex: 5000.0
  wind_opex: 100
  wind_lifetime: 20
  solar_capex: 1000.0
  solar_opex: 10
  solar_lifetime: 20
  carbon_price: 1.0
timeseries_values:
  load_level: 252920.5061241066
  wind_year: 2014
  solar_year: 2018
  price_year: 2023
  carbon_year: 2023
storage_values:
  CAES:
    cost: 43.423
    lifetime: 29.083
    annual_cost: 1.4930715538286974
    efficiency: 0.57119
    discharge_ratio: 0.1
    depth_of_discharge: 0.4
  Li-ion:
    cost: 198.958
    lifetime: 19.0227
    annual_cost: 10.45897795791344
    efficiency: 0.868585
    discharge_ratio: 2
    depth_of_discharge: 0.9
  Pb-acid:
    cost: 117.789
    lifetime: 14.5888
    annual_cost: 8.073933428383418
    efficiency: 0.725114
    discharge_ratio: 5
    depth_of_discharge: 0.5
  VRBF:
    cost: 183.575
    lifetime: 19.7246
    annual_cost: 9.306906096955071
    efficiency: 0.6626
    discharge_ratio: 0.5
    depth_of_discharge: 1.0
