cost_values:
  wind_capex: 5000.0
  wind_opex: 100
  wind_lifetime: 20
  solar_capex: 1000.0
  solar_opex: 10
  solar_lifetime: 20
  carbon_price: 1.0
timeseries_values:
  load_level: 252920.5061241066
  wind_year: 2014
  solar_year: 2018
  price_year: 2023
  carbon_year: 2023
storage_values:
  CAES:
    cost: 41.7509
    lifetime: 27.7282
    annual_cost: 1.5057198087145938
    efficiency: 0.568538
    discharge_ratio: 0.1
    depth_of_discharge: 0.4
  Li-ion:
    cost: 169.208
    lifetime: 19.8297
    annual_cost: 8.533058997362543
    efficiency: 0.897089
    discharge_ratio: 2
    depth_of_discharge: 0.9
  Pb-acid:
    cost: 113.472
    lifetime: 15.4908
    annual_cost: 7.325122007901464
    efficiency: 0.722836
    discharge_ratio: 5
    depth_of_discharge: 0.5
  VRBF:
    cost: 221.901
    lifetime: 16.9857
    annual_cost: 13.063989120259983
    efficiency: 0.658943
    discharge_ratio: 0.5
    depth_of_discharge: 1.0
