cost_values:
  wind_capex: 5000.0
  wind_opex: 100
  wind_lifetime: 20
  solar_capex: 1000.0
  solar_opex: 10
  solar_lifetime: 20
  carbon_price: 1.0
timeseries_values:
  load_level: 252920.5061241066
  wind_year: 2014
  solar_year: 2018
  price_year: 2023
  carbon_year: 2023
storage_values:
  CAES:
    cost: 55.3974
    lifetime: 28.35
    annual_cost: 1.9540529100529098
    efficiency: 0.576836
    discharge_ratio: 0.1
    depth_of_discharge: 0.4
  Li-ion:
    cost: 197.585
    lifetime: 22.2067
    annual_cost: 8.897539931642251
    efficiency: 0.870978
    discharge_ratio: 2
    depth_of_discharge: 0.9
  Pb-acid:
    cost: 132.19
    lifetime: 13.7297
    annual_cost: 9.628032659125838
    efficiency: 0.714171
    discharge_ratio: 5
    depth_of_discharge: 0.5
  VRBF:
    cost: 213.834
    lifetime: 18.8888
    annual_cost: 11.320676803184956
    efficiency: 0.668762
    discharge_ratio: 0.5
    depth_of_discharge: 1.0
