cost_values:
  wind_capex: 5000.0
  wind_opex: 100
  wind_lifetime: 20
  solar_capex: 1000.0
  solar_opex: 10
  solar_lifetime: 20
  carbon_price: 1.0
timeseries_values:
  load_level: 252920.5061241066
  wind_year: 2014
  solar_year: 2018
  price_year: 2023
  carbon_year: 2023
storage_values:
  CAES:
    cost: 41.8306
    lifetime: 28.8519
    annual_cost: 1.4498386588058325
    efficiency: 0.575294
    discharge_ratio: 0.1
    depth_of_discharge: 0.4
  Li-ion:
    cost: 190.139
    lifetime: 19.2557
    annual_cost: 9.874426793105417
    efficiency: 0.878673
    discharge_ratio: 2
    depth_of_discharge: 0.9
  Pb-acid:
    cost: 111.344
    lifetime: 15.3619
    annual_cost: 7.248061763193355
    efficiency: 0.711533
    discharge_ratio: 5
    depth_of_discharge: 0.5
  VRBF:
    cost: 175.831
    lifetime: 18.6367
    annual_cost: 9.434663862164438
    efficiency: 0.656574
    discharge_ratio: 0.5
    depth_of_discharge: 1.0
