cost_values:
  wind_capex: 5000.0
  wind_opex: 100
  wind_lifetime: 20
  solar_capex: 1000.0
  solar_opex: 10
  solar_lifetime: 20
  carbon_price: 1.0
timeseries_values:
  load_level: 252920.5061241066
  wind_year: 2014
  solar_year: 2018
  price_year: 2023
  carbon_year: 2023
storage_values:
  CAES:
    cost: 38.1763
    lifetime: 26.9267
    annual_cost: 1.4177860636468633
    efficiency: 0.571617
    discharge_ratio: 0.1
    depth_of_discharge: 0.4
  Li-ion:
    cost: 187.071
    lifetime: 18.377
    annual_cost: 10.179626707297166
    efficiency: 0.867498
    discharge_ratio: 2
    depth_of_discharge: 0.9
  Pb-acid:
    cost: 138.762
    lifetime: 13.6947
    annual_cost: 10.132533023724507
    efficiency: 0.711469
    discharge_ratio: 5
    depth_of_discharge: 0.5
  VRBF:
    cost: 184.122
    lifetime: 18.4239
    annual_cost: 9.993649553026232
    efficiency: 0.651997
    discharge_ratio: 0.5
    depth_of_discharge: 1.0
