cost_values:
  wind_capex: 5000.0
  wind_opex: 100
  wind_lifetime: 20
  solar_capex: 1000.0
  solar_opex: 10
  solar_lifetime: 20
  carbon_price: 1.0
timeseries_values:
  load_level: 252920.5061241066
  wind_year: 2014
  solar_year: 2018
  price_year: 2023
  carbon_year: 2023
storage_values:
  CAES:
    cost: 45.7546
    lifetime: 28.0624
    annual_cost: 1.6304592622156338
    efficiency: 0.572338
    discharge_ratio: 0.1
    depth_of_discharge: 0.4
  Li-ion:
    cost: 168.203
    lifetime: 20.1411
    annual_cost: 8.351232057831995
    efficiency: 0.881675
    discharge_ratio: 2
    depth_of_discharge: 0.9
  Pb-acid:
    cost: 103.511
    lifetime: 13.0369
    annual_cost: 7.939847663171459
    efficiency: 0.734043
    discharge_ratio: 5
    depth_of_discharge: 0.5
  VRBF:
    cost: 219.128
    lifetime: 16.4917
    annual_cost: 13.287168696980903
    efficiency: 0.671816
    discharge_ratio: 0.5
    depth_of_discharge: 1.0
