cost_values:
  wind_capex: 5000.0
  wind_opex: 100
  wind_lifetime: 20
  solar_capex: 1000.0
  solar_opex: 10
  solar_lifetime: 20
  carbon_price: 1.0
timeseries_values:
  load_level: 252920.5061241066
  wind_year: 2014
  solar_year: 2018
  price_year: 2023
  carbon_year: 2023
storage_values:
  CAES:
    cost: 56.3206
    lifetime: 27.7854
    annual_cost: 2.026985395207555
    efficiency: 0.571719
    discharge_ratio: 0.1
    depth_of_discharge: 0.4
  Li-ion:
    cost: 176.356
    lifetime: 18.7775
    annual_cost: 9.391878578085475
    efficiency: 0.871851
    discharge_ratio: 2
    depth_of_discharge: 0.9
  Pb-acid:
    cost: 123.844
    lifetime: 14.6034
    annual_cost: 8.480490844597833
    efficiency: 0.725917
    discharge_ratio: 5
    depth_of_discharge: 0.5
  VRBF:
    cost: 213.359
    lifetime: 19.3373
    annual_cost: 11.033546565446056
    efficiency: 0.662591
    discharge_ratio: 0.5
    depth_of_discharge: 1.0
