cost_values:
  wind_capex: 5000.0
  wind_opex: 100
  wind_lifetime: 20
  solar_capex: 1000.0
  solar_opex: 10
  solar_lifetime: 20
  carbon_price: 1.0
timeseries_values:
  load_level: 252920.5061241066
  wind_year: 2014
  solar_year: 2018
  price_year: 2023
  carbon_year: 2023
storage_values:
  CAES:
    cost: 42.9879
    lifetime: 28.1801
    annual_cost: 1.5254701012416565
    efficiency: 0.568744
    discharge_ratio: 0.1
    depth_of_discharge: 0.4
  Li-ion:
    cost: 196.836
    lifetime: 19.5055
    annual_cost: 10.091307579913357
    efficiency: 0.878524
    discharge_ratio: 2
    depth_of_discharge: 0.9
  Pb-acid:
    cost: 129.571
    lifetime: 15.0172
    annual_cost: 8.628173028260926
    efficiency: 0.723037
    discharge_ratio: 5
    depth_of_discharge: 0.5
  VRBF:
    cost: 180.849
    lifetime: 18.0517
    annual_cost: 10.018391619625852
    efficiency: 0.663631
    discharge_ratio: 0.5
    depth_of_discharge: 1.0
