cost_values:
  wind_capex: 5000.0
  wind_opex: 100
  wind_lifetime: 20
  solar_capex: 1000.0
  solar_opex: 10
  solar_lifetime: 20
  carbon_price: 1.0
timeseries_values:
  load_level: 252920.5061241066
  wind_year: 2014
  solar_year: 2018
  price_year: 2023
  carbon_year: 2023
storage_values:
  CAES:
    cost: 44.1482
    lifetime: 28.1108
    annual_cost: 1.5705067091651608
    efficiency: 0.570839
    discharge_ratio: 0.1
    depth_of_discharge: 0.4
  Li-ion:
    cost: 176.854
    lifetime: 21.006
    annual_cost: 8.41921355803104
    efficiency: 0.876537
    discharge_ratio: 2
    depth_of_discharge: 0.9
  Pb-acid:
    cost: 137.756
    lifetime: 13.9151
    annual_cost: 9.89974919332236
    efficiency: 0.725914
    discharge_ratio: 5
    depth_of_discharge: 0.5
  VRBF:
    cost: 166.402
    lifetime: 19.5607
    annual_cost: 8.50695527256182
    efficiency: 0.653248
    discharge_ratio: 0.5
    depth_of_discharge: 1.0
