cost_values:
  wind_capex: 5000.0
  wind_opex: 100
  wind_lifetime: 20
  solar_capex: 1000.0
  solar_opex: 10
  solar_lifetime: 20
  carbon_price: 1.0
timeseries_values:
  load_level: 252920.5061241066
  wind_year: 2014
  solar_year: 2018
  price_year: 2023
  carbon_year: 2023
storage_values:
  CAES:
    cost: 52.951
    lifetime: 28.0043
    annual_cost: 1.8908167674250025
    efficiency: 0.563303
    discharge_ratio: 0.1
    depth_of_discharge: 0.4
  Li-ion:
    cost: 176.241
    lifetime: 19.2055
    annual_cost: 9.176590039311655
    efficiency: 0.866405
    discharge_ratio: 2
    depth_of_discharge: 0.9
  Pb-acid:
    cost: 127.931
    lifetime: 13.6804
    annual_cost: 9.351407853571532
    efficiency: 0.70915
    discharge_ratio: 5
    depth_of_discharge: 0.5
  VRBF:
    cost: 186.752
    lifetime: 17.8011
    annual_cost: 10.491037070742818
    efficiency: 0.685303
    discharge_ratio: 0.5
    depth_of_discharge: 1.0
