cost_values:
  wind_capex: 5000.0
  wind_opex: 100
  wind_lifetime: 20
  solar_capex: 1000.0
  solar_opex: 10
  solar_lifetime: 20
  carbon_price: 1.0
timeseries_values:
  load_level: 252920.5061241066
  wind_year: 2014
  solar_year: 2018
  price_year: 2023
  carbon_year: 2023
storage_values:
  CAES:
    cost: 39.617
    lifetime: 28.4191
    annual_cost: 1.3940272563170544
    efficiency: 0.571626
    discharge_ratio: 0.1
    depth_of_discharge: 0.4
  Li-ion:
    cost: 194.935
    lifetime: 18.4114
    annual_cost: 10.587733686737565
    efficiency: 0.864417
    discharge_ratio: 2
    depth_of_discharge: 0.9
  Pb-acid:
    cost: 124.304
    lifetime: 15.504
    annual_cost: 8.017543859649123
    efficiency: 0.728521
    discharge_ratio: 5
    depth_of_discharge: 0.5
  VRBF:
    cost: 185.877
    lifetime: 18.2377
    annual_cost: 10.191910164110606
    efficiency: 0.662542
    discharge_ratio: 0.5
    depth_of_discharge: 1.0
