cost_values:
  wind_capex: 5000.0
  wind_opex: 100
  wind_lifetime: 20
  solar_capex: 1000.0
  solar_opex: 10
  solar_lifetime: 20
  carbon_price: 1.0
timeseries_values:
  load_level: 252920.5061241066
  wind_year: 2014
  solar_year: 2018
  price_year: 2023
  carbon_year: 2023
storage_values:
  CAES:
    cost: 43.0555
    lifetime: 27.7341
    annual_cost: 1.5524390551703497
    efficiency: 0.573783
    discharge_ratio: 0.1
    depth_of_discharge: 0.4
  Li-ion:
    cost: 166.752
    lifetime: 19.8526
    annual_cost: 8.399504347037668
    efficiency: 0.882877
    discharge_ratio: 2
    depth_of_discharge: 0.9
  Pb-acid:
    cost: 135.844
    lifetime: 15.0279
    annual_cost: 9.039453283559245
    efficiency: 0.709089
    discharge_ratio: 5
    depth_of_discharge: 0.5
  VRBF:
    cost: 210.11
    lifetime: 18.6875
    annual_cost: 11.243344481605352
    efficiency: 0.664367
    discharge_ratio: 0.5
    depth_of_discharge: 1.0
