cost_values:
  wind_capex: 5000.0
  wind_opex: 100
  wind_lifetime: 20
  solar_capex: 1000.0
  solar_opex: 10
  solar_lifetime: 20
  carbon_price: 1.0
timeseries_values:
  load_level: 252920.5061241066
  wind_year: 2014
  solar_year: 2018
  price_year: 2023
  carbon_year: 2023
storage_values:
  CAES:
    cost: 44.3417
    lifetime: 28.0785
    annual_cost: 1.579204729597379
    efficiency: 0.571598
    discharge_ratio: 0.1
    depth_of_discharge: 0.4
  Li-ion:
    cost: 173.288
    lifetime: 19.1908
    annual_cost: 9.029743418721472
    efficiency: 0.882235
    discharge_ratio: 2
    depth_of_discharge: 0.9
  Pb-acid:
    cost: 128.666
    lifetime: 14.2172
    annual_cost: 9.050023914694876
    efficiency: 0.721215
    discharge_ratio: 5
    depth_of_discharge: 0.5
  VRBF:
    cost: 175.976
    lifetime: 18.574
    annual_cost: 9.474318940454397
    efficiency: 0.655386
    discharge_ratio: 0.5
    depth_of_discharge: 1.0
