cost_values:
  wind_capex: 5000.0
  wind_opex: 100
  wind_lifetime: 20
  solar_capex: 1000.0
  solar_opex: 10
  solar_lifetime: 20
  carbon_price: 1.0
timeseries_values:
  load_level: 252920.5061241066
  wind_year: 2014
  solar_year: 2018
  price_year: 2023
  carbon_year: 2023
storage_values:
  CAES:
    cost: 41.0266
    lifetime: 28.0451
    annual_cost: 1.4628794334839241
    efficiency: 0.5767
    discharge_ratio: 0.1
    depth_of_discharge: 0.4
  Li-ion:
    cost: 172.704
    lifetime: 19.0133
    annual_cost: 9.08332588240863
    efficiency: 0.857283
    discharge_ratio: 2
    depth_of_discharge: 0.9
  Pb-acid:
    cost: 122.193
    lifetime: 15.2548
    annual_cost: 8.01013451503789
    efficiency: 0.730569
    discharge_ratio: 5
    depth_of_discharge: 0.5
  VRBF:
    cost: 199.203
    lifetime: 17.9773
    annual_cost: 11.080807462744684
    efficiency: 0.668076
    discharge_ratio: 0.5
    depth_of_discharge: 1.0
