cost_values:
  wind_capex: 5000.0
  wind_opex: 100
  wind_lifetime: 20
  solar_capex: 1000.0
  solar_opex: 10
  solar_lifetime: 20
  carbon_price: 1.0
timeseries_values:
  load_level: 252920.5061241066
  wind_year: 2014
  solar_year: 2018
  price_year: 2023
  carbon_year: 2023
storage_values:
  CAES:
    cost: 48.3829
    lifetime: 28.6793
    annual_cost: 1.6870321102676842
    efficiency: 0.564177
    discharge_ratio: 0.1
    depth_of_discharge: 0.4
  Li-ion:
    cost: 175.112
    lifetime: 19.7298
    annual_cost: 8.875508114628632
    efficiency: 0.878235
    discharge_ratio: 2
    depth_of_discharge: 0.9
  Pb-acid:
    cost: 122.723
    lifetime: 14.7213
    annual_cost: 8.33642409298092
    efficiency: 0.719352
    discharge_ratio: 5
    depth_of_discharge: 0.5
  VRBF:
    cost: 186.229
    lifetime: 21.5694
    annual_cost: 8.633944384173876
    efficiency: 0.65738
    discharge_ratio: 0.5
    depth_of_discharge: 1.0
