cost_values:
  wind_capex: 5000.0
  wind_opex: 100
  wind_lifetime: 20
  solar_capex: 1000.0
  solar_opex: 10
  solar_lifetime: 20
  carbon_price: 1.0
timeseries_values:
  load_level: 252920.5061241066
  wind_year: 2014
  solar_year: 2018
  price_year: 2023
  carbon_year: 2023
storage_values:
  CAES:
    cost: 39.9263
    lifetime: 28.3818
    annual_cost: 1.4067571471858726
    efficiency: 0.56611
    discharge_ratio: 0.1
    depth_of_discharge: 0.4
  Li-ion:
    cost: 178.656
    lifetime: 18.889
    annual_cost: 9.458203187040077
    efficiency: 0.880069
    discharge_ratio: 2
    depth_of_discharge: 0.9
  Pb-acid:
    cost: 122.599
    lifetime: 14.3241
    annual_cost: 8.558932149314792
    efficiency: 0.717347
    discharge_ratio: 5
    depth_of_discharge: 0.5
  VRBF:
    cost: 150.204
    lifetime: 19.2087
    annual_cost: 7.819581752018617
    efficiency: 0.669277
    discharge_ratio: 0.5
    depth_of_discharge: 1.0
