cost_values:
  wind_capex: 5000.0
  wind_opex: 100
  wind_lifetime: 20
  solar_capex: 1000.0
  solar_opex: 10
  solar_lifetime: 20
  carbon_price: 1.0
timeseries_values:
  load_level: 252920.5061241066
  wind_year: 2014
  solar_year: 2018
  price_year: 2023
  carbon_year: 2023
storage_values:
  CAES:
    cost: 44.4949
    lifetime: 27.8377
    annual_cost: 1.5983683996881926
    efficiency: 0.573066
    discharge_ratio: 0.1
    depth_of_discharge: 0.4
  Li-ion:
    cost: 140.89
    lifetime: 20.0478
    annual_cost: 7.027703787946807
    efficiency: 0.879726
    discharge_ratio: 2
    depth_of_discharge: 0.9
  Pb-acid:
    cost: 134.894
    lifetime: 15.5374
    annual_cost: 8.681890148930966
    efficiency: 0.737194
    discharge_ratio: 5
    depth_of_discharge: 0.5
  VRBF:
    cost: 187.972
    lifetime: 18.6141
    annual_cost: 10.098366292219339
    efficiency: 0.661906
    discharge_ratio: 0.5
    depth_of_discharge: 1.0
