cost_values:
  wind_capex: 5000.0
  wind_opex: 100
  wind_lifetime: 20
  solar_capex: 1000.0
  solar_opex: 10
  solar_lifetime: 20
  carbon_price: 1.0
timeseries_values:
  load_level: 252920.5061241066
  wind_year: 2014
  solar_year: 2018
  price_year: 2023
  carbon_year: 2023
storage_values:
  CAES:
    cost: 45.1512
    lifetime: 28.6317
    annual_cost: 1.576965391506617
    efficiency: 0.577127
    discharge_ratio: 0.1
    depth_of_discharge: 0.4
  Li-ion:
    cost: 179.588
    lifetime: 21.1784
    annual_cost: 8.479771843009859
    efficiency: 0.856977
    discharge_ratio: 2
    depth_of_discharge: 0.9
  Pb-acid:
    cost: 113.483
    lifetime: 13.8924
    annual_cost: 8.168710949871873
    efficiency: 0.737496
    discharge_ratio: 5
    depth_of_discharge: 0.5
  VRBF:
    cost: 222.406
    lifetime: 20.0307
    annual_cost: 11.10325650127055
    efficiency: 0.672897
    discharge_ratio: 0.5
    depth_of_discharge: 1.0
