cost_values:
  wind_capex: 5000.0
  wind_opex: 100
  wind_lifetime: 20
  solar_capex: 1000.0
  solar_opex: 10
  solar_lifetime: 20
  carbon_price: 1.0
timeseries_values:
  load_level: 252920.5061241066
  wind_year: 2014
  solar_year: 2018
  price_year: 2023
  carbon_year: 2023
storage_values:
  CAES:
    cost: 46.6999
    lifetime: 26.9436
    annual_cost: 1.7332464852506717
    efficiency: 0.559372
    discharge_ratio: 0.1
    depth_of_discharge: 0.4
  Li-ion:
    cost: 206.829
    lifetime: 18.938
    annual_cost: 10.921375013200972
    efficiency: 0.866062
    discharge_ratio: 2
    depth_of_discharge: 0.9
  Pb-acid:
    cost: 115.889
    lifetime: 14.5699
    annual_cost: 7.954001056973623
    efficiency: 0.721618
    discharge_ratio: 5
    depth_of_discharge: 0.5
  VRBF:
    cost: 230.978
    lifetime: 18.9027
    annual_cost: 12.219312584974634
    efficiency: 0.651489
    discharge_ratio: 0.5
    depth_of_discharge: 1.0
