cost_values:
  wind_capex: 5000.0
  wind_opex: 100
  wind_lifetime: 20
  solar_capex: 1000.0
  solar_opex: 10
  solar_lifetime: 20
  carbon_price: 1.0
timeseries_values:
  load_level: 252920.5061241066
  wind_year: 2014
  solar_year: 2018
  price_year: 2023
  carbon_year: 2023
storage_values:
  CAES:
    cost: 42.1108
    lifetime: 27.36
    annual_cost: 1.5391374269005846
    efficiency: 0.574343
    discharge_ratio: 0.1
    depth_of_discharge: 0.4
  Li-ion:
    cost: 170.348
    lifetime: 19.2981
    annual_cost: 8.827190241526369
    efficiency: 0.862688
    discharge_ratio: 2
    depth_of_discharge: 0.9
  Pb-acid:
    cost: 126.34
    lifetime: 14.3642
    annual_cost: 8.795477645813898
    efficiency: 0.729459
    discharge_ratio: 5
    depth_of_discharge: 0.5
  VRBF:
    cost: 209.325
    lifetime: 17.5767
    annual_cost: 11.909232108416255
    efficiency: 0.655458
    discharge_ratio: 0.5
    depth_of_discharge: 1.0
