cost_values:
  wind_capex: 5000.0
  wind_opex: 100
  wind_lifetime: 20
  solar_capex: 1000.0
  solar_opex: 10
  solar_lifetime: 20
  carbon_price: 1.0
timeseries_values:
  load_level: 252920.5061241066
  wind_year: 2014
  solar_year: 2018
  price_year: 2023
  carbon_year: 2023
storage_values:
  CAES:
    cost: 39.8769
    lifetime: 28.791
    annual_cost: 1.385047410649161
    efficiency: 0.569961
    discharge_ratio: 0.1
    depth_of_discharge: 0.4
  Li-ion:
    cost: 173.035
    lifetime: 17.7609
    annual_cost: 9.742468005562781
    efficiency: 0.879878
    discharge_ratio: 2
    depth_of_discharge: 0.9
  Pb-acid:
    cost: 113.82
    lifetime: 14.5975
    annual_cost: 7.797225552320603
    efficiency: 0.72619
    discharge_ratio: 5
    depth_of_discharge: 0.5
  VRBF:
    cost: 213.449
    lifetime: 19.234
    annual_cost: 11.097483622751378
    efficiency: 0.671484
    discharge_ratio: 0.5
    depth_of_discharge: 1.0
