cost_values:
  wind_capex: 5000.0
  wind_opex: 100
  wind_lifetime: 20
  solar_capex: 1000.0
  solar_opex: 10
  solar_lifetime: 20
  carbon_price: 1.0
timeseries_values:
  load_level: 252920.5061241066
  wind_year: 2014
  solar_year: 2018
  price_year: 2023
  carbon_year: 2023
storage_values:
  CAES:
    cost: 45.6967
    lifetime: 28.157
    annual_cost: 1.622925027524239
    efficiency: 0.573415
    discharge_ratio: 0.1
    depth_of_discharge: 0.4
  Li-ion:
    cost: 170.692
    lifetime: 17.4243
    annual_cost: 9.796204151673239
    efficiency: 0.877596
    discharge_ratio: 2
    depth_of_discharge: 0.9
  Pb-acid:
    cost: 134.502
    lifetime: 14.6536
    annual_cost: 9.178768357263744
    efficiency: 0.707987
    discharge_ratio: 5
    depth_of_discharge: 0.5
  VRBF:
    cost: 183.623
    lifetime: 19.3931
    annual_cost: 9.468470744749421
    efficiency: 0.664031
    discharge_ratio: 0.5
    depth_of_discharge: 1.0
