cost_values:
  wind_capex: 5000.0
  wind_opex: 100
  wind_lifetime: 20
  solar_capex: 1000.0
  solar_opex: 10
  solar_lifetime: 20
  carbon_price: 1.0
timeseries_values:
  load_level: 252920.5061241066
  wind_year: 2014
  solar_year: 2018
  price_year: 2023
  carbon_year: 2023
storage_values:
  CAES:
    cost: 42.9208
    lifetime: 28.8648
    annual_cost: 1.486959895790028
    efficiency: 0.569665
    discharge_ratio: 0.1
    depth_of_discharge: 0.4
  Li-ion:
    cost: 174.193
    lifetime: 18.0809
    annual_cost: 9.634089011055867
    efficiency: 0.871891
    discharge_ratio: 2
    depth_of_discharge: 0.9
  Pb-acid:
    cost: 129.7
    lifetime: 14.6679
    annual_cost: 8.842438249510836
    efficiency: 0.730978
    discharge_ratio: 5
    depth_of_discharge: 0.5
  VRBF:
    cost: 174.12
    lifetime: 18.351
    annual_cost: 9.488311263691353
    efficiency: 0.663758
    discharge_ratio: 0.5
    depth_of_discharge: 1.0
