cost_values:
  wind_capex: 5000.0
  wind_opex: 100
  wind_lifetime: 20
  solar_capex: 1000.0
  solar_opex: 10
  solar_lifetime: 20
  carbon_price: 1.0
timeseries_values:
  load_level: 252920.5061241066
  wind_year: 2014
  solar_year: 2018
  price_year: 2023
  carbon_year: 2023
storage_values:
  CAES:
    cost: 47.9112
    lifetime: 28.479
    annual_cost: 1.682334351627515
    efficiency: 0.574803
    discharge_ratio: 0.1
    depth_of_discharge: 0.4
  Li-ion:
    cost: 155.748
    lifetime: 17.9332
    annual_cost: 8.684897285481677
    efficiency: 0.885166
    discharge_ratio: 2
    depth_of_discharge: 0.9
  Pb-acid:
    cost: 130.458
    lifetime: 14.187
    annual_cost: 9.195601607105097
    efficiency: 0.731053
    discharge_ratio: 5
    depth_of_discharge: 0.5
  VRBF:
    cost: 191.267
    lifetime: 18.9714
    annual_cost: 10.081860063042264
    efficiency: 0.651349
    discharge_ratio: 0.5
    depth_of_discharge: 1.0
