cost_values:
  wind_capex: 5000.0
  wind_opex: 100
  wind_lifetime: 20
  solar_capex: 1000.0
  solar_opex: 10
  solar_lifetime: 20
  carbon_price: 1.0
timeseries_values:
  load_level: 252920.5061241066
  wind_year: 2014
  solar_year: 2018
  price_year: 2023
  carbon_year: 2023
storage_values:
  CAES:
    cost: 31.6748
    lifetime: 27.7743
    annual_cost: 1.1404355825349335
    efficiency: 0.576476
    discharge_ratio: 0.1
    depth_of_discharge: 0.4
  Li-ion:
    cost: 185.499
    lifetime: 18.8808
    annual_cost: 9.824742595652726
    efficiency: 0.865639
    discharge_ratio: 2
    depth_of_discharge: 0.9
  Pb-acid:
    cost: 123.459
    lifetime: 13.8562
    annual_cost: 8.910018619823617
    efficiency: 0.70636
    discharge_ratio: 5
    depth_of_discharge: 0.5
  VRBF:
    cost: 197.721
    lifetime: 19.1491
    annual_cost: 10.325341660965789
    efficiency: 0.660963
    discharge_ratio: 0.5
    depth_of_discharge: 1.0
