cost_values:
  wind_capex: 5000.0
  wind_opex: 100
  wind_lifetime: 20
  solar_capex: 1000.0
  solar_opex: 10
  solar_lifetime: 20
  carbon_price: 1.0
timeseries_values:
  load_level: 252920.5061241066
  wind_year: 2014
  solar_year: 2018
  price_year: 2023
  carbon_year: 2023
storage_values:
  CAES:
    cost: 50.5299
    lifetime: 28.7753
    annual_cost: 1.7560164446591346
    efficiency: 0.58056
    discharge_ratio: 0.1
    depth_of_discharge: 0.4
  Li-ion:
    cost: 162.763
    lifetime: 19.4123
    annual_cost: 8.384529396310587
    efficiency: 0.878672
    discharge_ratio: 2
    depth_of_discharge: 0.9
  Pb-acid:
    cost: 116.167
    lifetime: 15.5009
    annual_cost: 7.494210013612113
    efficiency: 0.72298
    discharge_ratio: 5
    depth_of_discharge: 0.5
  VRBF:
    cost: 187.591
    lifetime: 19.6325
    annual_cost: 9.555125429772062
    efficiency: 0.654569
    discharge_ratio: 0.5
    depth_of_discharge: 1.0
