cost_values:
  wind_capex: 5000.0
  wind_opex: 100
  wind_lifetime: 20
  solar_capex: 1000.0
  solar_opex: 10
  solar_lifetime: 20
  carbon_price: 1.0
timeseries_values:
  load_level: 252920.5061241066
  wind_year: 2014
  solar_year: 2018
  price_year: 2023
  carbon_year: 2023
storage_values:
  CAES:
    cost: 46.1478
    lifetime: 27.4809
    annual_cost: 1.6792681462397518
    efficiency: 0.581732
    discharge_ratio: 0.1
    depth_of_discharge: 0.4
  Li-ion:
    cost: 178.49
    lifetime: 18.225
    annual_cost: 9.793689986282578
    efficiency: 0.870636
    discharge_ratio: 2
    depth_of_discharge: 0.9
  Pb-acid:
    cost: 134.053
    lifetime: 14.3056
    annual_cost: 9.370666032882228
    efficiency: 0.735584
    discharge_ratio: 5
    depth_of_discharge: 0.5
  VRBF:
    cost: 161.163
    lifetime: 18.9365
    annual_cost: 8.510706836004543
    efficiency: 0.668172
    discharge_ratio: 0.5
    depth_of_discharge: 1.0
