cost_values:
  wind_capex: 5000.0
  wind_opex: 100
  wind_lifetime: 20
  solar_capex: 1000.0
  solar_opex: 10
  solar_lifetime: 20
  carbon_price: 1.0
timeseries_values:
  load_level: 252920.5061241066
  wind_year: 2014
  solar_year: 2018
  price_year: 2023
  carbon_year: 2023
storage_values:
  CAES:
    cost: 43.6934
    lifetime: 28.1472
    annual_cost: 1.5523178149158707
    efficiency: 0.566537
    discharge_ratio: 0.1
    depth_of_discharge: 0.4
  Li-ion:
    cost: 170.409
    lifetime: 17.7711
    annual_cost: 9.589108158752131
    efficiency: 0.876562
    discharge_ratio: 2
    depth_of_discharge: 0.9
  Pb-acid:
    cost: 129.347
    lifetime: 13.9203
    annual_cost: 9.291969282271216
    efficiency: 0.715598
    discharge_ratio: 5
    depth_of_discharge: 0.5
  VRBF:
    cost: 195.038
    lifetime: 20.5949
    annual_cost: 9.470208643887565
    efficiency: 0.668851
    discharge_ratio: 0.5
    depth_of_discharge: 1.0
