cost_values:
  wind_capex: 5000.0
  wind_opex: 100
  wind_lifetime: 20
  solar_capex: 1000.0
  solar_opex: 10
  solar_lifetime: 20
  carbon_price: 1.0
timeseries_values:
  load_level: 252920.5061241066
  wind_year: 2014
  solar_year: 2018
  price_year: 2023
  carbon_year: 2023
storage_values:
  CAES:
    cost: 45.2857
    lifetime: 28.6086
    annual_cost: 1.5829400949364876
    efficiency: 0.570754
    discharge_ratio: 0.1
    depth_of_discharge: 0.4
  Li-ion:
    cost: 178.781
    lifetime: 20.2675
    annual_cost: 8.82106821265573
    efficiency: 0.87092
    discharge_ratio: 2
    depth_of_discharge: 0.9
  Pb-acid:
    cost: 140.804
    lifetime: 14.6729
    annual_cost: 9.59619434467624
    efficiency: 0.725672
    discharge_ratio: 5
    depth_of_discharge: 0.5
  VRBF:
    cost: 154.537
    lifetime: 20.5875
    annual_cost: 7.50635094110504
    efficiency: 0.675887
    discharge_ratio: 0.5
    depth_of_discharge: 1.0
