cost_values:
  wind_capex: 5000.0
  wind_opex: 100
  wind_lifetime: 20
  solar_capex: 1000.0
  solar_opex: 10
  solar_lifetime: 20
  carbon_price: 1.0
timeseries_values:
  load_level: 252920.5061241066
  wind_year: 2014
  solar_year: 2018
  price_year: 2023
  carbon_year: 2023
storage_values:
  CAES:
    cost: 49.8436
    lifetime: 29.0045
    annual_cost: 1.7184781671809548
    efficiency: 0.573929
    discharge_ratio: 0.1
    depth_of_discharge: 0.4
  Li-ion:
    cost: 186.609
    lifetime: 20.4188
    annual_cost: 9.139077712696142
    efficiency: 0.868348
    discharge_ratio: 2
    depth_of_discharge: 0.9
  Pb-acid:
    cost: 114.122
    lifetime: 13.6426
    annual_cost: 8.365121017987773
    efficiency: 0.712347
    discharge_ratio: 5
    depth_of_discharge: 0.5
  VRBF:
    cost: 227.089
    lifetime: 19.6854
    annual_cost: 11.535909862131325
    efficiency: 0.651998
    discharge_ratio: 0.5
    depth_of_discharge: 1.0
