cost_values:
  wind_capex: 5000.0
  wind_opex: 100
  wind_lifetime: 20
  solar_capex: 1000.0
  solar_opex: 10
  solar_lifetime: 20
  carbon_price: 1.0
timeseries_values:
  load_level: 252920.5061241066
  wind_year: 2014
  solar_year: 2018
  price_year: 2023
  carbon_year: 2023
storage_values:
  CAES:
    cost: 47.8557
    lifetime: 27.4258
    annual_cost: 1.7449153716573447
    efficiency: 0.567206
    discharge_ratio: 0.1
    depth_of_discharge: 0.4
  Li-ion:
    cost: 184.528
    lifetime: 22.2662
    annual_cost: 8.287359315913806
    efficiency: 0.867166
    discharge_ratio: 2
    depth_of_discharge: 0.9
  Pb-acid:
    cost: 132.386
    lifetime: 14.0354
    annual_cost: 9.43229263148895
    efficiency: 0.715362
    discharge_ratio: 5
    depth_of_discharge: 0.5
  VRBF:
    cost: 228.416
    lifetime: 18.9507
    annual_cost: 12.053169539911453
    efficiency: 0.660438
    discharge_ratio: 0.5
    depth_of_discharge: 1.0
