cost_values:
  wind_capex: 5000.0
  wind_opex: 100
  wind_lifetime: 20
  solar_capex: 1000.0
  solar_opex: 10
  solar_lifetime: 20
  carbon_price: 1.0
timeseries_values:
  load_level: 252920.5061241066
  wind_year: 2014
  solar_year: 2018
  price_year: 2023
  carbon_year: 2023
storage_values:
  CAES:
    cost: 53.6895
    lifetime: 27.9423
    annual_cost: 1.9214416851869747
    efficiency: 0.576434
    discharge_ratio: 0.1
    depth_of_discharge: 0.4
  Li-ion:
    cost: 197.162
    lifetime: 19.0767
    annual_cost: 10.335225694171426
    efficiency: 0.871682
    discharge_ratio: 2
    depth_of_discharge: 0.9
  Pb-acid:
    cost: 134.566
    lifetime: 13.3073
    annual_cost: 10.112194058900002
    efficiency: 0.70583
    discharge_ratio: 5
    depth_of_discharge: 0.5
  VRBF:
    cost: 195.198
    lifetime: 18.4039
    annual_cost: 10.606338873825656
    efficiency: 0.658646
    discharge_ratio: 0.5
    depth_of_discharge: 1.0
