cost_values:
  wind_capex: 5000.0
  wind_opex: 100
  wind_lifetime: 20
  solar_capex: 1000.0
  solar_opex: 10
  solar_lifetime: 20
  carbon_price: 1.0
timeseries_values:
  load_level: 252920.5061241066
  wind_year: 2014
  solar_year: 2018
  price_year: 2023
  carbon_year: 2023
storage_values:
  CAES:
    cost: 47.5089
    lifetime: 28.8997
    annual_cost: 1.643923639345737
    efficiency: 0.576763
    discharge_ratio: 0.1
    depth_of_discharge: 0.4
  Li-ion:
    cost: 164.082
    lifetime: 18.4671
    annual_cost: 8.88509836411781
    efficiency: 0.876824
    discharge_ratio: 2
    depth_of_discharge: 0.9
  Pb-acid:
    cost: 128.355
    lifetime: 15.103
    annual_cost: 8.498642653777395
    efficiency: 0.717458
    discharge_ratio: 5
    depth_of_discharge: 0.5
  VRBF:
    cost: 212.443
    lifetime: 20.3329
    annual_cost: 10.448239060832446
    efficiency: 0.651004
    discharge_ratio: 0.5
    depth_of_discharge: 1.0
