cost_values:
  wind_capex: 5000.0
  wind_opex: 100
  wind_lifetime: 20
  solar_capex: 1000.0
  solar_opex: 10
  solar_lifetime: 20
  carbon_price: 1.0
timeseries_values:
  load_level: 252920.5061241066
  wind_year: 2014
  solar_year: 2018
  price_year: 2023
  carbon_year: 2023
storage_values:
  CAES:
    cost: 42.7163
    lifetime: 28.2439
    annual_cost: 1.5124079889816915
    efficiency: 0.571793
    discharge_ratio: 0.1
    depth_of_discharge: 0.4
  Li-ion:
    cost: 158.646
    lifetime: 17.992
    annual_cost: 8.817585593597153
    efficiency: 0.874353
    discharge_ratio: 2
    depth_of_discharge: 0.9
  Pb-acid:
    cost: 145.92
    lifetime: 12.8715
    annual_cost: 11.336674047313833
    efficiency: 0.720338
    discharge_ratio: 5
    depth_of_discharge: 0.5
  VRBF:
    cost: 169.379
    lifetime: 18.372
    annual_cost: 9.21940997169606
    efficiency: 0.651378
    discharge_ratio: 0.5
    depth_of_discharge: 1.0
