cost_values:
  wind_capex: 5000.0
  wind_opex: 100
  wind_lifetime: 20
  solar_capex: 1000.0
  solar_opex: 10
  solar_lifetime: 20
  carbon_price: 1.0
timeseries_values:
  load_level: 252920.5061241066
  wind_year: 2014
  solar_year: 2018
  price_year: 2023
  carbon_year: 2023
storage_values:
  CAES:
    cost: 44.6233
    lifetime: 28.3015
    annual_cost: 1.5767114817235834
    efficiency: 0.56847
    discharge_ratio: 0.1
    depth_of_discharge: 0.4
  Li-ion:
    cost: 184.069
    lifetime: 18.8005
    annual_cost: 9.790643865854632
    efficiency: 0.867181
    discharge_ratio: 2
    depth_of_discharge: 0.9
  Pb-acid:
    cost: 144.093
    lifetime: 13.3372
    annual_cost: 10.803841885853103
    efficiency: 0.714574
    discharge_ratio: 5
    depth_of_discharge: 0.5
  VRBF:
    cost: 181.569
    lifetime: 19.4056
    annual_cost: 9.356525951271797
    efficiency: 0.66564
    discharge_ratio: 0.5
    depth_of_discharge: 1.0
