cost_values:
  wind_capex: 5000.0
  wind_opex: 100
  wind_lifetime: 20
  solar_capex: 1000.0
  solar_opex: 10
  solar_lifetime: 20
  carbon_price: 1.0
timeseries_values:
  load_level: 252920.5061241066
  wind_year: 2014
  solar_year: 2018
  price_year: 2023
  carbon_year: 2023
storage_values:
  CAES:
    cost: 41.6855
    lifetime: 28.003
    annual_cost: 1.4886083633896368
    efficiency: 0.567974
    discharge_ratio: 0.1
    depth_of_discharge: 0.4
  Li-ion:
    cost: 182.076
    lifetime: 17.7512
    annual_cost: 10.257109378520887
    efficiency: 0.87345
    discharge_ratio: 2
    depth_of_discharge: 0.9
  Pb-acid:
    cost: 128.59
    lifetime: 13.8712
    annual_cost: 9.270286637060961
    efficiency: 0.74569
    discharge_ratio: 5
    depth_of_discharge: 0.5
  VRBF:
    cost: 203.152
    lifetime: 20.2863
    annual_cost: 10.01424606754312
    efficiency: 0.667062
    discharge_ratio: 0.5
    depth_of_discharge: 1.0
