cost_values:
  wind_capex: 5000.0
  wind_opex: 100
  wind_lifetime: 20
  solar_capex: 1000.0
  solar_opex: 10
  solar_lifetime: 20
  carbon_price: 1.0
timeseries_values:
  load_level: 252920.5061241066
  wind_year: 2014
  solar_year: 2018
  price_year: 2023
  carbon_year: 2023
storage_values:
  CAES:
    cost: 46.286
    lifetime: 27.7157
    annual_cost: 1.670028178974372
    efficiency: 0.571729
    discharge_ratio: 0.1
    depth_of_discharge: 0.4
  Li-ion:
    cost: 198.783
    lifetime: 18.2429
    annual_cost: 10.896458348179292
    efficiency: 0.864971
    discharge_ratio: 2
    depth_of_discharge: 0.9
  Pb-acid:
    cost: 126.766
    lifetime: 13.2884
    annual_cost: 9.5395984467656
    efficiency: 0.722947
    discharge_ratio: 5
    depth_of_discharge: 0.5
  VRBF:
    cost: 152.785
    lifetime: 19.104
    annual_cost: 7.997539782244556
    efficiency: 0.653677
    discharge_ratio: 0.5
    depth_of_discharge: 1.0
