cost_values:
  wind_capex: 5000.0
  wind_opex: 100
  wind_lifetime: 20
  solar_capex: 1000.0
  solar_opex: 10
  solar_lifetime: 20
  carbon_price: 1.0
timeseries_values:
  load_level: 252920.5061241066
  wind_year: 2014
  solar_year: 2018
  price_year: 2023
  carbon_year: 2023
storage_values:
  CAES:
    cost: 45.59
    lifetime: 27.902
    annual_cost: 1.6339330513941654
    efficiency: 0.573847
    discharge_ratio: 0.1
    depth_of_discharge: 0.4
  Li-ion:
    cost: 174.149
    lifetime: 18.8848
    annual_cost: 9.221649156993985
    efficiency: 0.858242
    discharge_ratio: 2
    depth_of_discharge: 0.9
  Pb-acid:
    cost: 151.693
    lifetime: 14.4687
    annual_cost: 10.484217656043736
    efficiency: 0.712102
    discharge_ratio: 5
    depth_of_discharge: 0.5
  VRBF:
    cost: 205.489
    lifetime: 16.8304
    annual_cost: 12.209394904458598
    efficiency: 0.65085
    discharge_ratio: 0.5
    depth_of_discharge: 1.0
