cost_values:
  wind_capex: 5000.0
  wind_opex: 100
  wind_lifetime: 20
  solar_capex: 1000.0
  solar_opex: 10
  solar_lifetime: 20
  carbon_price: 1.0
timeseries_values:
  load_level: 252920.5061241066
  wind_year: 2014
  solar_year: 2018
  price_year: 2023
  carbon_year: 2023
storage_values:
  CAES:
    cost: 50.4053
    lifetime: 27.6912
    annual_cost: 1.8202641994568671
    efficiency: 0.581079
    discharge_ratio: 0.1
    depth_of_discharge: 0.4
  Li-ion:
    cost: 188.985
    lifetime: 20.3938
    annual_cost: 9.266786964665734
    efficiency: 0.865254
    discharge_ratio: 2
    depth_of_discharge: 0.9
  Pb-acid:
    cost: 157.723
    lifetime: 13.9744
    annual_cost: 11.2865668651248
    efficiency: 0.710072
    discharge_ratio: 5
    depth_of_discharge: 0.5
  VRBF:
    cost: 222.865
    lifetime: 19.1633
    annual_cost: 11.629781926912381
    efficiency: 0.657209
    discharge_ratio: 0.5
    depth_of_discharge: 1.0
