cost_values:
  wind_capex: 5000.0
  wind_opex: 100
  wind_lifetime: 20
  solar_capex: 1000.0
  solar_opex: 10
  solar_lifetime: 20
  carbon_price: 1.0
timeseries_values:
  load_level: 252920.5061241066
  wind_year: 2014
  solar_year: 2018
  price_year: 2023
  carbon_year: 2023
storage_values:
  CAES:
    cost: 51.4716
    lifetime: 28.2268
    annual_cost: 1.8235010699051966
    efficiency: 0.585277
    discharge_ratio: 0.1
    depth_of_discharge: 0.4
  Li-ion:
    cost: 176.515
    lifetime: 19.5118
    annual_cost: 9.046576943183098
    efficiency: 0.855974
    discharge_ratio: 2
    depth_of_discharge: 0.9
  Pb-acid:
    cost: 130.824
    lifetime: 14.4947
    annual_cost: 9.025643856030136
    efficiency: 0.739839
    discharge_ratio: 5
    depth_of_discharge: 0.5
  VRBF:
    cost: 185.683
    lifetime: 19.2602
    annual_cost: 9.64076177817468
    efficiency: 0.65875
    discharge_ratio: 0.5
    depth_of_discharge: 1.0
