cost_values:
  wind_capex: 5000.0
  wind_opex: 100
  wind_lifetime: 20
  solar_capex: 1000.0
  solar_opex: 10
  solar_lifetime: 20
  carbon_price: 1.0
timeseries_values:
  load_level: 252920.5061241066
  wind_year: 2014
  solar_year: 2018
  price_year: 2023
  carbon_year: 2023
storage_values:
  CAES:
    cost: 42.9815
    lifetime: 27.6566
    annual_cost: 1.5541136654541772
    efficiency: 0.564191
    discharge_ratio: 0.1
    depth_of_discharge: 0.4
  Li-ion:
    cost: 170.304
    lifetime: 19.0248
    annual_cost: 8.951684117572853
    efficiency: 0.863581
    discharge_ratio: 2
    depth_of_discharge: 0.9
  Pb-acid:
    cost: 128.352
    lifetime: 14.4233
    annual_cost: 8.898934363148518
    efficiency: 0.710866
    discharge_ratio: 5
    depth_of_discharge: 0.5
  VRBF:
    cost: 190.606
    lifetime: 19.6751
    annual_cost: 9.687676301518161
    efficiency: 0.663746
    discharge_ratio: 0.5
    depth_of_discharge: 1.0
