cost_values:
  wind_capex: 5000.0
  wind_opex: 100
  wind_lifetime: 20
  solar_capex: 1000.0
  solar_opex: 10
  solar_lifetime: 20
  carbon_price: 1.0
timeseries_values:
  load_level: 252920.5061241066
  wind_year: 2014
  solar_year: 2018
  price_year: 2023
  carbon_year: 2023
storage_values:
  CAES:
    cost: 46.9322
    lifetime: 28.5091
    annual_cost: 1.646218225057964
    efficiency: 0.560385
    discharge_ratio: 0.1
    depth_of_discharge: 0.4
  Li-ion:
    cost: 160.189
    lifetime: 19.2832
    annual_cost: 8.307179306339195
    efficiency: 0.880229
    discharge_ratio: 2
    depth_of_discharge: 0.9
  Pb-acid:
    cost: 135.563
    lifetime: 14.4769
    annual_cost: 9.364090378465002
    efficiency: 0.732083
    discharge_ratio: 5
    depth_of_discharge: 0.5
  VRBF:
    cost: 189.869
    lifetime: 17.1147
    annual_cost: 11.093913419458127
    efficiency: 0.65979
    discharge_ratio: 0.5
    depth_of_discharge: 1.0
