cost_values:
  wind_capex: 5000.0
  wind_opex: 100
  wind_lifetime: 20
  solar_capex: 1000.0
  solar_opex: 10
  solar_lifetime: 20
  carbon_price: 1.0
timeseries_values:
  load_level: 264697.7299346496
  wind_year: 2010
  solar_year: 2012
  price_year: 2023
  carbon_year: 2023
storage_values:
  CAES:
    cost: 54.5976
    lifetime: 23.0413
    annual_cost: 2.3695538012178132
    efficiency: 0.628164
    discharge_ratio: 0.1
    depth_of_discharge: 0.4
  Li-ion:
    cost: 207.824
    lifetime: 19.8292
    annual_cost: 10.480705222601014
    efficiency: 0.895343
    discharge_ratio: 2
    depth_of_discharge: 0.9
  Pb-acid:
    cost: 207.141
    lifetime: 5.40354
    annual_cost: 38.334314171820694
    efficiency: 0.67406
    discharge_ratio: 5
    depth_of_discharge: 0.5
  VRBF:
    cost: 218.044
    lifetime: 14.0415
    annual_cost: 15.528540398105617
    efficiency: 0.815985
    discharge_ratio: 0.5
    depth_of_discharge: 1.0
