cost_values:
  wind_capex: 5000.0
  wind_opex: 100
  wind_lifetime: 20
  solar_capex: 1000.0
  solar_opex: 10
  solar_lifetime: 20
  carbon_price: 1.0
timeseries_values:
  load_level: 264697.7299346496
  wind_year: 2010
  solar_year: 2012
  price_year: 2023
  carbon_year: 2023
storage_values:
  CAES:
    cost: 48.7451
    lifetime: 23.1439
    annual_cost: 2.1061748452075926
    efficiency: 0.63
    discharge_ratio: 0.1
    depth_of_discharge: 0.4
  Li-ion:
    cost: 214.118
    lifetime: 22.0514
    annual_cost: 9.709950388637456
    efficiency: 0.909849
    discharge_ratio: 2
    depth_of_discharge: 0.9
  Pb-acid:
    cost: 229.903
    lifetime: 6.89823
    annual_cost: 33.327824673865614
    efficiency: 0.692094
    discharge_ratio: 5
    depth_of_discharge: 0.5
  VRBF:
    cost: 226.457
    lifetime: 16.9462
    annual_cost: 13.363290885272214
    efficiency: 0.801255
    discharge_ratio: 0.5
    depth_of_discharge: 1.0
