cost_values:
  wind_capex: 5000.0
  wind_opex: 100
  wind_lifetime: 20
  solar_capex: 1000.0
  solar_opex: 10
  solar_lifetime: 20
  carbon_price: 1.0
timeseries_values:
  load_level: 264697.7299346496
  wind_year: 2010
  solar_year: 2012
  price_year: 2023
  carbon_year: 2023
storage_values:
  CAES:
    cost: 55.2187
    lifetime: 23.8973
    annual_cost: 2.3106668954233323
    efficiency: 0.640116
    discharge_ratio: 0.1
    depth_of_discharge: 0.4
  Li-ion:
    cost: 210.781
    lifetime: 20.4593
    annual_cost: 10.30245414065975
    efficiency: 0.900134
    discharge_ratio: 2
    depth_of_discharge: 0.9
  Pb-acid:
    cost: 205.508
    lifetime: 7.36484
    annual_cost: 27.903932739883015
    efficiency: 0.663059
    discharge_ratio: 5
    depth_of_discharge: 0.5
  VRBF:
    cost: 235.126
    lifetime: 14.3289
    annual_cost: 16.409214943226626
    efficiency: 0.799968
    discharge_ratio: 0.5
    depth_of_discharge: 1.0
