cost_values:
  wind_capex: 5000.0
  wind_opex: 100
  wind_lifetime: 20
  solar_capex: 1000.0
  solar_opex: 10
  solar_lifetime: 20
  carbon_price: 1.0
timeseries_values:
  load_level: 264697.7299346496
  wind_year: 2010
  solar_year: 2012
  price_year: 2023
  carbon_year: 2023
storage_values:
  CAES:
    cost: 41.323
    lifetime: 23.2421
    annual_cost: 1.7779374497140963
    efficiency: 0.633966
    discharge_ratio: 0.1
    depth_of_discharge: 0.4
  Li-ion:
    cost: 218.931
    lifetime: 21.195
    annual_cost: 10.329370134465677
    efficiency: 0.902809
    discharge_ratio: 2
    depth_of_discharge: 0.9
  Pb-acid:
    cost: 216.208
    lifetime: 6.61349
    annual_cost: 32.691967478593
    efficiency: 0.668961
    discharge_ratio: 5
    depth_of_discharge: 0.5
  VRBF:
    cost: 218.182
    lifetime: 16.4787
    annual_cost: 13.240243465807374
    efficiency: 0.842854
    discharge_ratio: 0.5
    depth_of_discharge: 1.0
