cost_values:
  wind_capex: 5000.0
  wind_opex: 100
  wind_lifetime: 20
  solar_capex: 1000.0
  solar_opex: 10
  solar_lifetime: 20
  carbon_price: 1.0
timeseries_values:
  load_level: 264697.7299346496
  wind_year: 2010
  solar_year: 2012
  price_year: 2023
  carbon_year: 2023
storage_values:
  CAES:
    cost: 46.0984
    lifetime: 23.965
    annual_cost: 1.9235718756519924
    efficiency: 0.63419
    discharge_ratio: 0.1
    depth_of_discharge: 0.4
  Li-ion:
    cost: 231.78
    lifetime: 19.3561
    annual_cost: 11.974519660468792
    efficiency: 0.908998
    discharge_ratio: 2
    depth_of_discharge: 0.9
  Pb-acid:
    cost: 204.391
    lifetime: 6.29705
    annual_cost: 32.4582145607864
    efficiency: 0.682031
    discharge_ratio: 5
    depth_of_discharge: 0.5
  VRBF:
    cost: 238.393
    lifetime: 16.7755
    annual_cost: 14.210783583201692
    efficiency: 0.820339
    discharge_ratio: 0.5
    depth_of_discharge: 1.0
