cost_values:
  wind_capex: 5000.0
  wind_opex: 100
  wind_lifetime: 20
  solar_capex: 1000.0
  solar_opex: 10
  solar_lifetime: 20
  carbon_price: 1.0
timeseries_values:
  load_level: 264697.7299346496
  wind_year: 2010
  solar_year: 2012
  price_year: 2023
  carbon_year: 2023
storage_values:
  CAES:
    cost: 44.3676
    lifetime: 22.7309
    annual_cost: 1.951862882683924
    efficiency: 0.625526
    discharge_ratio: 0.1
    depth_of_discharge: 0.4
  Li-ion:
    cost: 203.237
    lifetime: 21.3473
    annual_cost: 9.520501421725463
    efficiency: 0.894455
    discharge_ratio: 2
    depth_of_discharge: 0.9
  Pb-acid:
    cost: 214.951
    lifetime: 6.2331
    annual_cost: 34.48540854470488
    efficiency: 0.685888
    discharge_ratio: 5
    depth_of_discharge: 0.5
  VRBF:
    cost: 232.021
    lifetime: 17.5677
    annual_cost: 13.207249668425577
    efficiency: 0.808626
    discharge_ratio: 0.5
    depth_of_discharge: 1.0
