cost_values:
  wind_capex: 5000.0
  wind_opex: 100
  wind_lifetime: 20
  solar_capex: 1000.0
  solar_opex: 10
  solar_lifetime: 20
  carbon_price: 1.0
timeseries_values:
  load_level: 264697.7299346496
  wind_year: 2010
  solar_year: 2012
  price_year: 2023
  carbon_year: 2023
storage_values:
  CAES:
    cost: 44.3762
    lifetime: 24.0244
    annual_cost: 1.8471304174089673
    efficiency: 0.632974
    discharge_ratio: 0.1
    depth_of_discharge: 0.4
  Li-ion:
    cost: 217.786
    lifetime: 19.9625
    annual_cost: 10.909755792110207
    efficiency: 0.888722
    discharge_ratio: 2
    depth_of_discharge: 0.9
  Pb-acid:
    cost: 195.22
    lifetime: 6.31867
    annual_cost: 30.89574230019925
    efficiency: 0.684391
    discharge_ratio: 5
    depth_of_discharge: 0.5
  VRBF:
    cost: 204.456
    lifetime: 15.2691
    annual_cost: 13.390180167789849
    efficiency: 0.805913
    discharge_ratio: 0.5
    depth_of_discharge: 1.0
