cost_values:
  wind_capex: 5000.0
  wind_opex: 100
  wind_lifetime: 20
  solar_capex: 1000.0
  solar_opex: 10
  solar_lifetime: 20
  carbon_price: 1.0
timeseries_values:
  load_level: 264697.7299346496
  wind_year: 2010
  solar_year: 2012
  price_year: 2023
  carbon_year: 2023
storage_values:
  CAES:
    cost: 38.2925
    lifetime: 22.2627
    annual_cost: 1.7200294663270852
    efficiency: 0.624755
    discharge_ratio: 0.1
    depth_of_discharge: 0.4
  Li-ion:
    cost: 231.736
    lifetime: 19.136
    annual_cost: 12.10994983277592
    efficiency: 0.905207
    discharge_ratio: 2
    depth_of_discharge: 0.9
  Pb-acid:
    cost: 203.418
    lifetime: 5.29553
    annual_cost: 38.41315222461208
    efficiency: 0.677633
    discharge_ratio: 5
    depth_of_discharge: 0.5
  VRBF:
    cost: 212.878
    lifetime: 16.4573
    annual_cost: 12.935171625965376
    efficiency: 0.823733
    discharge_ratio: 0.5
    depth_of_discharge: 1.0
