cost_values:
  wind_capex: 5000.0
  wind_opex: 100
  wind_lifetime: 20
  solar_capex: 1000.0
  solar_opex: 10
  solar_lifetime: 20
  carbon_price: 1.0
timeseries_values:
  load_level: 264697.7299346496
  wind_year: 2010
  solar_year: 2012
  price_year: 2023
  carbon_year: 2023
storage_values:
  CAES:
    cost: 48.7315
    lifetime: 24.2031
    annual_cost: 2.013440427052733
    efficiency: 0.628708
    discharge_ratio: 0.1
    depth_of_discharge: 0.4
  Li-ion:
    cost: 224.743
    lifetime: 21.5274
    annual_cost: 10.439858041379823
    efficiency: 0.908859
    discharge_ratio: 2
    depth_of_discharge: 0.9
  Pb-acid:
    cost: 216.013
    lifetime: 5.52438
    annual_cost: 39.101763455808616
    efficiency: 0.684149
    discharge_ratio: 5
    depth_of_discharge: 0.5
  VRBF:
    cost: 201.554
    lifetime: 16.1068
    annual_cost: 12.513596741748827
    efficiency: 0.821738
    discharge_ratio: 0.5
    depth_of_discharge: 1.0
