cost_values:
  wind_capex: 5000.0
  wind_opex: 100
  wind_lifetime: 20
  solar_capex: 1000.0
  solar_opex: 10
  solar_lifetime: 20
  carbon_price: 1.0
timeseries_values:
  load_level: 264697.7299346496
  wind_year: 2010
  solar_year: 2012
  price_year: 2023
  carbon_year: 2023
storage_values:
  CAES:
    cost: 45.747
    lifetime: 23.6161
    annual_cost: 1.9371106999038792
    efficiency: 0.631203
    discharge_ratio: 0.1
    depth_of_discharge: 0.4
  Li-ion:
    cost: 226.145
    lifetime: 20.7983
    annual_cost: 10.873244447863527
    efficiency: 0.889247
    discharge_ratio: 2
    depth_of_discharge: 0.9
  Pb-acid:
    cost: 196.282
    lifetime: 8.05815
    annual_cost: 24.35819636020675
    efficiency: 0.666823
    discharge_ratio: 5
    depth_of_discharge: 0.5
  VRBF:
    cost: 219.948
    lifetime: 16.1394
    annual_cost: 13.628015911372172
    efficiency: 0.805306
    discharge_ratio: 0.5
    depth_of_discharge: 1.0
