cost_values:
  wind_capex: 5000.0
  wind_opex: 100
  wind_lifetime: 20
  solar_capex: 1000.0
  solar_opex: 10
  solar_lifetime: 20
  carbon_price: 1.0
timeseries_values:
  load_level: 264697.7299346496
  wind_year: 2010
  solar_year: 2012
  price_year: 2023
  carbon_year: 2023
storage_values:
  CAES:
    cost: 51.0644
    lifetime: 23.644
    annual_cost: 2.1597191676535274
    efficiency: 0.634085
    discharge_ratio: 0.1
    depth_of_discharge: 0.4
  Li-ion:
    cost: 226.432
    lifetime: 21.5278
    annual_cost: 10.518120755488253
    efficiency: 0.902161
    discharge_ratio: 2
    depth_of_discharge: 0.9
  Pb-acid:
    cost: 197.863
    lifetime: 7.77845
    annual_cost: 25.437330059330584
    efficiency: 0.674661
    discharge_ratio: 5
    depth_of_discharge: 0.5
  VRBF:
    cost: 210.536
    lifetime: 13.9912
    annual_cost: 15.04774429641489
    efficiency: 0.80996
    discharge_ratio: 0.5
    depth_of_discharge: 1.0
