cost_values:
  wind_capex: 5000.0
  wind_opex: 100
  wind_lifetime: 20
  solar_capex: 1000.0
  solar_opex: 10
  solar_lifetime: 20
  carbon_price: 1.0
timeseries_values:
  load_level: 264697.7299346496
  wind_year: 2010
  solar_year: 2012
  price_year: 2023
  carbon_year: 2023
storage_values:
  CAES:
    cost: 44.1202
    lifetime: 24.9823
    annual_cost: 1.7660583693254823
    efficiency: 0.616405
    discharge_ratio: 0.1
    depth_of_discharge: 0.4
  Li-ion:
    cost: 233.149
    lifetime: 19.7762
    annual_cost: 11.789373084819127
    efficiency: 0.907013
    discharge_ratio: 2
    depth_of_discharge: 0.9
  Pb-acid:
    cost: 195.342
    lifetime: 5.4529
    annual_cost: 35.82350675787196
    efficiency: 0.683746
    discharge_ratio: 5
    depth_of_discharge: 0.5
  VRBF:
    cost: 225.658
    lifetime: 17.3283
    annual_cost: 13.022512306458221
    efficiency: 0.810042
    discharge_ratio: 0.5
    depth_of_discharge: 1.0
