cost_values:
  wind_capex: 5000.0
  wind_opex: 100
  wind_lifetime: 20
  solar_capex: 1000.0
  solar_opex: 10
  solar_lifetime: 20
  carbon_price: 1.0
timeseries_values:
  load_level: 264697.7299346496
  wind_year: 2010
  solar_year: 2012
  price_year: 2023
  carbon_year: 2023
storage_values:
  CAES:
    cost: 53.4692
    lifetime: 24.8957
    annual_cost: 2.1477283225617274
    efficiency: 0.629938
    discharge_ratio: 0.1
    depth_of_discharge: 0.4
  Li-ion:
    cost: 231.943
    lifetime: 20.5984
    annual_cost: 11.260243514059344
    efficiency: 0.90187
    discharge_ratio: 2
    depth_of_discharge: 0.9
  Pb-acid:
    cost: 201.548
    lifetime: 7.21335
    annual_cost: 27.940970561528278
    efficiency: 0.65756
    discharge_ratio: 5
    depth_of_discharge: 0.5
  VRBF:
    cost: 226.963
    lifetime: 15.7025
    annual_cost: 14.453940455341506
    efficiency: 0.808212
    discharge_ratio: 0.5
    depth_of_discharge: 1.0
