cost_values:
  wind_capex: 5000.0
  wind_opex: 100
  wind_lifetime: 20
  solar_capex: 1000.0
  solar_opex: 10
  solar_lifetime: 20
  carbon_price: 1.0
timeseries_values:
  load_level: 264697.7299346496
  wind_year: 2010
  solar_year: 2012
  price_year: 2023
  carbon_year: 2023
storage_values:
  CAES:
    cost: 54.2645
    lifetime: 24.3961
    annual_cost: 2.2243104430626204
    efficiency: 0.62482
    discharge_ratio: 0.1
    depth_of_discharge: 0.4
  Li-ion:
    cost: 241.288
    lifetime: 20.319
    annual_cost: 11.874993848122449
    efficiency: 0.896261
    discharge_ratio: 2
    depth_of_discharge: 0.9
  Pb-acid:
    cost: 196.462
    lifetime: 5.85669
    annual_cost: 33.544886275353484
    efficiency: 0.690078
    discharge_ratio: 5
    depth_of_discharge: 0.5
  VRBF:
    cost: 235.234
    lifetime: 15.9902
    annual_cost: 14.711135570536955
    efficiency: 0.808083
    discharge_ratio: 0.5
    depth_of_discharge: 1.0
