cost_values:
  wind_capex: 5000.0
  wind_opex: 100
  wind_lifetime: 20
  solar_capex: 1000.0
  solar_opex: 10
  solar_lifetime: 20
  carbon_price: 1.0
timeseries_values:
  load_level: 264697.7299346496
  wind_year: 2010
  solar_year: 2012
  price_year: 2023
  carbon_year: 2023
storage_values:
  CAES:
    cost: 46.6995
    lifetime: 23.3176
    annual_cost: 2.002757573678252
    efficiency: 0.631
    discharge_ratio: 0.1
    depth_of_discharge: 0.4
  Li-ion:
    cost: 241.89
    lifetime: 20.178
    annual_cost: 11.987808504311625
    efficiency: 0.909241
    discharge_ratio: 2
    depth_of_discharge: 0.9
  Pb-acid:
    cost: 201.247
    lifetime: 6.03365
    annual_cost: 33.35410572373274
    efficiency: 0.655984
    discharge_ratio: 5
    depth_of_discharge: 0.5
  VRBF:
    cost: 231.001
    lifetime: 14.8213
    annual_cost: 15.585744840196204
    efficiency: 0.805183
    discharge_ratio: 0.5
    depth_of_discharge: 1.0
