cost_values:
  wind_capex: 5000.0
  wind_opex: 100
  wind_lifetime: 20
  solar_capex: 1000.0
  solar_opex: 10
  solar_lifetime: 20
  carbon_price: 1.0
timeseries_values:
  load_level: 264697.7299346496
  wind_year: 2010
  solar_year: 2012
  price_year: 2023
  carbon_year: 2023
storage_values:
  CAES:
    cost: 51.8352
    lifetime: 23.4944
    annual_cost: 2.2062789430672844
    efficiency: 0.635779
    discharge_ratio: 0.1
    depth_of_discharge: 0.4
  Li-ion:
    cost: 218.555
    lifetime: 20.1277
    annual_cost: 10.85841899471872
    efficiency: 0.89432
    discharge_ratio: 2
    depth_of_discharge: 0.9
  Pb-acid:
    cost: 217.96
    lifetime: 8.14379
    annual_cost: 26.76395142802062
    efficiency: 0.685819
    discharge_ratio: 5
    depth_of_discharge: 0.5
  VRBF:
    cost: 226.477
    lifetime: 15.5067
    annual_cost: 14.60510617990933
    efficiency: 0.823157
    discharge_ratio: 0.5
    depth_of_discharge: 1.0
