cost_values:
  wind_capex: 5000.0
  wind_opex: 100
  wind_lifetime: 20
  solar_capex: 1000.0
  solar_opex: 10
  solar_lifetime: 20
  carbon_price: 1.0
timeseries_values:
  load_level: 264697.7299346496
  wind_year: 2010
  solar_year: 2012
  price_year: 2023
  carbon_year: 2023
storage_values:
  CAES:
    cost: 50.3709
    lifetime: 23.5246
    annual_cost: 2.1412011256301913
    efficiency: 0.641769
    discharge_ratio: 0.1
    depth_of_discharge: 0.4
  Li-ion:
    cost: 215.122
    lifetime: 21.1882
    annual_cost: 10.15291530191333
    efficiency: 0.917779
    discharge_ratio: 2
    depth_of_discharge: 0.9
  Pb-acid:
    cost: 229.762
    lifetime: 5.40952
    annual_cost: 42.473639065943004
    efficiency: 0.653963
    discharge_ratio: 5
    depth_of_discharge: 0.5
  VRBF:
    cost: 213.118
    lifetime: 16.4826
    annual_cost: 12.929877567859439
    efficiency: 0.820871
    discharge_ratio: 0.5
    depth_of_discharge: 1.0
