cost_values:
  wind_capex: 5000.0
  wind_opex: 100
  wind_lifetime: 20
  solar_capex: 1000.0
  solar_opex: 10
  solar_lifetime: 20
  carbon_price: 1.0
timeseries_values:
  load_level: 264697.7299346496
  wind_year: 2010
  solar_year: 2012
  price_year: 2023
  carbon_year: 2023
storage_values:
  CAES:
    cost: 51.0816
    lifetime: 23.319
    annual_cost: 2.1905570564775507
    efficiency: 0.644341
    discharge_ratio: 0.1
    depth_of_discharge: 0.4
  Li-ion:
    cost: 234.626
    lifetime: 21.3015
    annual_cost: 11.014529493228176
    efficiency: 0.910819
    discharge_ratio: 2
    depth_of_discharge: 0.9
  Pb-acid:
    cost: 217.192
    lifetime: 7.29356
    annual_cost: 29.778599202584196
    efficiency: 0.677815
    discharge_ratio: 5
    depth_of_discharge: 0.5
  VRBF:
    cost: 240.442
    lifetime: 17.3724
    annual_cost: 13.840459579562987
    efficiency: 0.833056
    discharge_ratio: 0.5
    depth_of_discharge: 1.0
