cost_values:
  wind_capex: 5000.0
  wind_opex: 100
  wind_lifetime: 20
  solar_capex: 1000.0
  solar_opex: 10
  solar_lifetime: 20
  carbon_price: 1.0
timeseries_values:
  load_level: 264697.7299346496
  wind_year: 2010
  solar_year: 2012
  price_year: 2023
  carbon_year: 2023
storage_values:
  CAES:
    cost: 52.7826
    lifetime: 22.8069
    annual_cost: 2.314325927679781
    efficiency: 0.632159
    discharge_ratio: 0.1
    depth_of_discharge: 0.4
  Li-ion:
    cost: 241.591
    lifetime: 20.427
    annual_cost: 11.82704263964361
    efficiency: 0.91151
    discharge_ratio: 2
    depth_of_discharge: 0.9
  Pb-acid:
    cost: 213.66
    lifetime: 6.62934
    annual_cost: 32.22945270569921
    efficiency: 0.679792
    discharge_ratio: 5
    depth_of_discharge: 0.5
  VRBF:
    cost: 207.945
    lifetime: 16.7702
    annual_cost: 12.399673229895887
    efficiency: 0.796582
    discharge_ratio: 0.5
    depth_of_discharge: 1.0
