cost_values:
  wind_capex: 5000.0
  wind_opex: 100
  wind_lifetime: 20
  solar_capex: 1000.0
  solar_opex: 10
  solar_lifetime: 20
  carbon_price: 1.0
timeseries_values:
  load_level: 264697.7299346496
  wind_year: 2010
  solar_year: 2012
  price_year: 2023
  carbon_year: 2023
storage_values:
  CAES:
    cost: 47.0319
    lifetime: 23.0739
    annual_cost: 2.0383160193985415
    efficiency: 0.630441
    discharge_ratio: 0.1
    depth_of_discharge: 0.4
  Li-ion:
    cost: 215.502
    lifetime: 21.6148
    annual_cost: 9.970113070673799
    efficiency: 0.900159
    discharge_ratio: 2
    depth_of_discharge: 0.9
  Pb-acid:
    cost: 220.873
    lifetime: 6.6144
    annual_cost: 33.39274915336236
    efficiency: 0.667068
    discharge_ratio: 5
    depth_of_discharge: 0.5
  VRBF:
    cost: 252.693
    lifetime: 16.0523
    annual_cost: 15.741856307195855
    efficiency: 0.820533
    discharge_ratio: 0.5
    depth_of_discharge: 1.0
