cost_values:
  wind_capex: 5000.0
  wind_opex: 100
  wind_lifetime: 20
  solar_capex: 1000.0
  solar_opex: 10
  solar_lifetime: 20
  carbon_price: 1.0
timeseries_values:
  load_level: 264697.7299346496
  wind_year: 2010
  solar_year: 2012
  price_year: 2023
  carbon_year: 2023
storage_values:
  CAES:
    cost: 49.4212
    lifetime: 23.2524
    annual_cost: 2.125423612186269
    efficiency: 0.634899
    discharge_ratio: 0.1
    depth_of_discharge: 0.4
  Li-ion:
    cost: 218.394
    lifetime: 19.8398
    annual_cost: 11.007873063236525
    efficiency: 0.912482
    discharge_ratio: 2
    depth_of_discharge: 0.9
  Pb-acid:
    cost: 203.638
    lifetime: 7.01077
    annual_cost: 29.04645281474075
    efficiency: 0.672646
    discharge_ratio: 5
    depth_of_discharge: 0.5
  VRBF:
    cost: 239.388
    lifetime: 15.8534
    annual_cost: 15.100104709399876
    efficiency: 0.792758
    discharge_ratio: 0.5
    depth_of_discharge: 1.0
