cost_values:
  wind_capex: 5000.0
  wind_opex: 100
  wind_lifetime: 20
  solar_capex: 1000.0
  solar_opex: 10
  solar_lifetime: 20
  carbon_price: 1.0
timeseries_values:
  load_level: 264697.7299346496
  wind_year: 2010
  solar_year: 2012
  price_year: 2023
  carbon_year: 2023
storage_values:
  CAES:
    cost: 46.6589
    lifetime: 22.9924
    annual_cost: 2.029318383465841
    efficiency: 0.623511
    discharge_ratio: 0.1
    depth_of_discharge: 0.4
  Li-ion:
    cost: 226.743
    lifetime: 21.3563
    annual_cost: 10.617148101496982
    efficiency: 0.911687
    discharge_ratio: 2
    depth_of_discharge: 0.9
  Pb-acid:
    cost: 218.277
    lifetime: 7.27155
    annual_cost: 30.017946655114795
    efficiency: 0.674471
    discharge_ratio: 5
    depth_of_discharge: 0.5
  VRBF:
    cost: 224.747
    lifetime: 13.1927
    annual_cost: 17.035709142177115
    efficiency: 0.81995
    discharge_ratio: 0.5
    depth_of_discharge: 1.0
