cost_values:
  wind_capex: 5000.0
  wind_opex: 100
  wind_lifetime: 20
  solar_capex: 1000.0
  solar_opex: 10
  solar_lifetime: 20
  carbon_price: 1.0
timeseries_values:
  load_level: 264697.7299346496
  wind_year: 2010
  solar_year: 2012
  price_year: 2023
  carbon_year: 2023
storage_values:
  CAES:
    cost: 48.69
    lifetime: 22.3377
    annual_cost: 2.1797230690715694
    efficiency: 0.633506
    discharge_ratio: 0.1
    depth_of_discharge: 0.4
  Li-ion:
    cost: 214.84
    lifetime: 22.2301
    annual_cost: 9.664373979424294
    efficiency: 0.906665
    discharge_ratio: 2
    depth_of_discharge: 0.9
  Pb-acid:
    cost: 205.565
    lifetime: 5.68611
    annual_cost: 36.1521321254777
    efficiency: 0.678069
    discharge_ratio: 5
    depth_of_discharge: 0.5
  VRBF:
    cost: 219.215
    lifetime: 14.9446
    annual_cost: 14.668509026671842
    efficiency: 0.810603
    discharge_ratio: 0.5
    depth_of_discharge: 1.0
