cost_values:
  wind_capex: 5000.0
  wind_opex: 100
  wind_lifetime: 20
  solar_capex: 1000.0
  solar_opex: 10
  solar_lifetime: 20
  carbon_price: 1.0
timeseries_values:
  load_level: 264697.7299346496
  wind_year: 2010
  solar_year: 2012
  price_year: 2023
  carbon_year: 2023
storage_values:
  CAES:
    cost: 47.2587
    lifetime: 24.3279
    annual_cost: 1.9425721085667074
    efficiency: 0.634016
    discharge_ratio: 0.1
    depth_of_discharge: 0.4
  Li-ion:
    cost: 229.796
    lifetime: 20.7139
    annual_cost: 11.093806574329315
    efficiency: 0.9101
    discharge_ratio: 2
    depth_of_discharge: 0.9
  Pb-acid:
    cost: 203.815
    lifetime: 6.28935
    annual_cost: 32.40636949764284
    efficiency: 0.672755
    discharge_ratio: 5
    depth_of_discharge: 0.5
  VRBF:
    cost: 249.722
    lifetime: 17.0723
    annual_cost: 14.627320279048519
    efficiency: 0.829156
    discharge_ratio: 0.5
    depth_of_discharge: 1.0
