cost_values:
  wind_capex: 5000.0
  wind_opex: 100
  wind_lifetime: 20
  solar_capex: 1000.0
  solar_opex: 10
  solar_lifetime: 20
  carbon_price: 1.0
timeseries_values:
  load_level: 264697.7299346496
  wind_year: 2010
  solar_year: 2012
  price_year: 2023
  carbon_year: 2023
storage_values:
  CAES:
    cost: 53.5805
    lifetime: 23.6121
    annual_cost: 2.2691967254077356
    efficiency: 0.639386
    discharge_ratio: 0.1
    depth_of_discharge: 0.4
  Li-ion:
    cost: 237.676
    lifetime: 20.2116
    annual_cost: 11.75938569930139
    efficiency: 0.901834
    discharge_ratio: 2
    depth_of_discharge: 0.9
  Pb-acid:
    cost: 198.204
    lifetime: 6.22274
    annual_cost: 31.8515637805854
    efficiency: 0.653752
    discharge_ratio: 5
    depth_of_discharge: 0.5
  VRBF:
    cost: 231.125
    lifetime: 15.8292
    annual_cost: 14.601180097541253
    efficiency: 0.830608
    discharge_ratio: 0.5
    depth_of_discharge: 1.0
