cost_values:
  wind_capex: 5000.0
  wind_opex: 100
  wind_lifetime: 20
  solar_capex: 1000.0
  solar_opex: 10
  solar_lifetime: 20
  carbon_price: 1.0
timeseries_values:
  load_level: 264697.7299346496
  wind_year: 2010
  solar_year: 2012
  price_year: 2023
  carbon_year: 2023
storage_values:
  CAES:
    cost: 52.669
    lifetime: 23.2865
    annual_cost: 2.261782577888476
    efficiency: 0.634172
    discharge_ratio: 0.1
    depth_of_discharge: 0.4
  Li-ion:
    cost: 226.922
    lifetime: 19.1891
    annual_cost: 11.82556763996227
    efficiency: 0.896877
    discharge_ratio: 2
    depth_of_discharge: 0.9
  Pb-acid:
    cost: 197.957
    lifetime: 5.02759
    annual_cost: 39.37413353117498
    efficiency: 0.672493
    discharge_ratio: 5
    depth_of_discharge: 0.5
  VRBF:
    cost: 234.906
    lifetime: 15.9371
    annual_cost: 14.739569934304235
    efficiency: 0.834987
    discharge_ratio: 0.5
    depth_of_discharge: 1.0
