cost_values:
  wind_capex: 5000.0
  wind_opex: 100
  wind_lifetime: 20
  solar_capex: 1000.0
  solar_opex: 10
  solar_lifetime: 20
  carbon_price: 1.0
timeseries_values:
  load_level: 264697.7299346496
  wind_year: 2010
  solar_year: 2012
  price_year: 2023
  carbon_year: 2023
storage_values:
  CAES:
    cost: 52.2738
    lifetime: 24.3816
    annual_cost: 2.143985628506743
    efficiency: 0.635222
    discharge_ratio: 0.1
    depth_of_discharge: 0.4
  Li-ion:
    cost: 215.329
    lifetime: 19.721
    annual_cost: 10.918766796815577
    efficiency: 0.90667
    discharge_ratio: 2
    depth_of_discharge: 0.9
  Pb-acid:
    cost: 195.246
    lifetime: 6.17462
    annual_cost: 31.62073131625914
    efficiency: 0.683147
    discharge_ratio: 5
    depth_of_discharge: 0.5
  VRBF:
    cost: 206.229
    lifetime: 14.6751
    annual_cost: 14.0529877138827
    efficiency: 0.79676
    discharge_ratio: 0.5
    depth_of_discharge: 1.0
