cost_values:
  wind_capex: 5000.0
  wind_opex: 100
  wind_lifetime: 20
  solar_capex: 1000.0
  solar_opex: 10
  solar_lifetime: 20
  carbon_price: 1.0
timeseries_values:
  load_level: 264697.7299346496
  wind_year: 2010
  solar_year: 2012
  price_year: 2023
  carbon_year: 2023
storage_values:
  CAES:
    cost: 54.4901
    lifetime: 23.3579
    annual_cost: 2.3328338592082334
    efficiency: 0.627865
    discharge_ratio: 0.1
    depth_of_discharge: 0.4
  Li-ion:
    cost: 226.236
    lifetime: 20.6605
    annual_cost: 10.95017061542557
    efficiency: 0.897789
    discharge_ratio: 2
    depth_of_discharge: 0.9
  Pb-acid:
    cost: 215.217
    lifetime: 6.89933
    annual_cost: 31.19389853797398
    efficiency: 0.690487
    discharge_ratio: 5
    depth_of_discharge: 0.5
  VRBF:
    cost: 208.736
    lifetime: 17.2671
    annual_cost: 12.088654145745377
    efficiency: 0.809722
    discharge_ratio: 0.5
    depth_of_discharge: 1.0
