cost_values:
  wind_capex: 5000.0
  wind_opex: 100
  wind_lifetime: 20
  solar_capex: 1000.0
  solar_opex: 10
  solar_lifetime: 20
  carbon_price: 1.0
timeseries_values:
  load_level: 264697.7299346496
  wind_year: 2010
  solar_year: 2012
  price_year: 2023
  carbon_year: 2023
storage_values:
  CAES:
    cost: 51.4555
    lifetime: 23.8724
    annual_cost: 2.155438916908229
    efficiency: 0.64052
    discharge_ratio: 0.1
    depth_of_discharge: 0.4
  Li-ion:
    cost: 233.545
    lifetime: 21.3538
    annual_cost: 10.936929258492633
    efficiency: 0.90265
    discharge_ratio: 2
    depth_of_discharge: 0.9
  Pb-acid:
    cost: 210.873
    lifetime: 7.60458
    annual_cost: 27.72973655349802
    efficiency: 0.675354
    discharge_ratio: 5
    depth_of_discharge: 0.5
  VRBF:
    cost: 204.731
    lifetime: 16.3318
    annual_cost: 12.5357278438384
    efficiency: 0.820001
    discharge_ratio: 0.5
    depth_of_discharge: 1.0
