cost_values:
  wind_capex: 5000.0
  wind_opex: 100
  wind_lifetime: 20
  solar_capex: 1000.0
  solar_opex: 10
  solar_lifetime: 20
  carbon_price: 1.0
timeseries_values:
  load_level: 264697.7299346496
  wind_year: 2010
  solar_year: 2012
  price_year: 2023
  carbon_year: 2023
storage_values:
  CAES:
    cost: 49.0769
    lifetime: 23.1065
    annual_cost: 2.1239434791076106
    efficiency: 0.618053
    discharge_ratio: 0.1
    depth_of_discharge: 0.4
  Li-ion:
    cost: 218.544
    lifetime: 20.4447
    annual_cost: 10.689518554931107
    efficiency: 0.904388
    discharge_ratio: 2
    depth_of_discharge: 0.9
  Pb-acid:
    cost: 207.091
    lifetime: 7.2148
    annual_cost: 28.703636968453733
    efficiency: 0.674231
    discharge_ratio: 5
    depth_of_discharge: 0.5
  VRBF:
    cost: 181.73
    lifetime: 18.6199
    annual_cost: 9.759987969860202
    efficiency: 0.821492
    discharge_ratio: 0.5
    depth_of_discharge: 1.0
