cost_values:
  wind_capex: 5000.0
  wind_opex: 100
  wind_lifetime: 20
  solar_capex: 1000.0
  solar_opex: 10
  solar_lifetime: 20
  carbon_price: 1.0
timeseries_values:
  load_level: 264697.7299346496
  wind_year: 2010
  solar_year: 2012
  price_year: 2023
  carbon_year: 2023
storage_values:
  CAES:
    cost: 50.3974
    lifetime: 23.406
    annual_cost: 2.153182944544134
    efficiency: 0.636933
    discharge_ratio: 0.1
    depth_of_discharge: 0.4
  Li-ion:
    cost: 242.798
    lifetime: 21.2665
    annual_cost: 11.416923330120142
    efficiency: 0.915566
    discharge_ratio: 2
    depth_of_discharge: 0.9
  Pb-acid:
    cost: 202.445
    lifetime: 6.57291
    annual_cost: 30.799904456321475
    efficiency: 0.67129
    discharge_ratio: 5
    depth_of_discharge: 0.5
  VRBF:
    cost: 226.937
    lifetime: 16.2389
    annual_cost: 13.974899777694302
    efficiency: 0.803171
    discharge_ratio: 0.5
    depth_of_discharge: 1.0
