cost_values:
  wind_capex: 5000.0
  wind_opex: 100
  wind_lifetime: 20
  solar_capex: 1000.0
  solar_opex: 10
  solar_lifetime: 20
  carbon_price: 1.0
timeseries_values:
  load_level: 264697.7299346496
  wind_year: 2010
  solar_year: 2012
  price_year: 2023
  carbon_year: 2023
storage_values:
  CAES:
    cost: 48.177
    lifetime: 23.5229
    annual_cost: 2.0480893087161873
    efficiency: 0.633813
    discharge_ratio: 0.1
    depth_of_discharge: 0.4
  Li-ion:
    cost: 193.721
    lifetime: 21.6637
    annual_cost: 8.942193623434594
    efficiency: 0.889229
    discharge_ratio: 2
    depth_of_discharge: 0.9
  Pb-acid:
    cost: 213.628
    lifetime: 5.67624
    annual_cost: 37.635477005905315
    efficiency: 0.676362
    discharge_ratio: 5
    depth_of_discharge: 0.5
  VRBF:
    cost: 204.946
    lifetime: 14.3123
    annual_cost: 14.319571277851917
    efficiency: 0.816462
    discharge_ratio: 0.5
    depth_of_discharge: 1.0
