cost_values:
  wind_capex: 5000.0
  wind_opex: 100
  wind_lifetime: 20
  solar_capex: 1000.0
  solar_opex: 10
  solar_lifetime: 20
  carbon_price: 1.0
timeseries_values:
  load_level: 264697.7299346496
  wind_year: 2010
  solar_year: 2012
  price_year: 2023
  carbon_year: 2023
storage_values:
  CAES:
    cost: 42.5804
    lifetime: 24.0403
    annual_cost: 1.7712091779220724
    efficiency: 0.619396
    discharge_ratio: 0.1
    depth_of_discharge: 0.4
  Li-ion:
    cost: 236.713
    lifetime: 21.2543
    annual_cost: 11.137181652653815
    efficiency: 0.909065
    discharge_ratio: 2
    depth_of_discharge: 0.9
  Pb-acid:
    cost: 199.444
    lifetime: 7.44555
    annual_cost: 26.787007004183707
    efficiency: 0.670101
    discharge_ratio: 5
    depth_of_discharge: 0.5
  VRBF:
    cost: 203.998
    lifetime: 16.3697
    annual_cost: 12.46192660830681
    efficiency: 0.813064
    discharge_ratio: 0.5
    depth_of_discharge: 1.0
