cost_values:
  wind_capex: 5000.0
  wind_opex: 100
  wind_lifetime: 20
  solar_capex: 1000.0
  solar_opex: 10
  solar_lifetime: 20
  carbon_price: 1.0
timeseries_values:
  load_level: 264697.7299346496
  wind_year: 2010
  solar_year: 2012
  price_year: 2023
  carbon_year: 2023
storage_values:
  CAES:
    cost: 46.2088
    lifetime: 22.5885
    annual_cost: 2.0456781105429753
    efficiency: 0.648319
    discharge_ratio: 0.1
    depth_of_discharge: 0.4
  Li-ion:
    cost: 242.757
    lifetime: 21.7914
    annual_cost: 11.140036895288969
    efficiency: 0.884355
    discharge_ratio: 2
    depth_of_discharge: 0.9
  Pb-acid:
    cost: 227.78
    lifetime: 7.22739
    annual_cost: 31.51621816451029
    efficiency: 0.681208
    discharge_ratio: 5
    depth_of_discharge: 0.5
  VRBF:
    cost: 237.967
    lifetime: 14.8337
    annual_cost: 16.04232254933024
    efficiency: 0.78481
    discharge_ratio: 0.5
    depth_of_discharge: 1.0
