cost_values:
  wind_capex: 5000.0
  wind_opex: 100
  wind_lifetime: 20
  solar_capex: 1000.0
  solar_opex: 10
  solar_lifetime: 20
  carbon_price: 1.0
timeseries_values:
  load_level: 264697.7299346496
  wind_year: 2010
  solar_year: 2012
  price_year: 2023
  carbon_year: 2023
storage_values:
  CAES:
    cost: 52.2529
    lifetime: 23.4783
    annual_cost: 2.225582772176861
    efficiency: 0.628484
    discharge_ratio: 0.1
    depth_of_discharge: 0.4
  Li-ion:
    cost: 241.525
    lifetime: 20.8941
    annual_cost: 11.559483299113147
    efficiency: 0.919066
    discharge_ratio: 2
    depth_of_discharge: 0.9
  Pb-acid:
    cost: 206.433
    lifetime: 7.54927
    annual_cost: 27.344763136038317
    efficiency: 0.681039
    discharge_ratio: 5
    depth_of_discharge: 0.5
  VRBF:
    cost: 206.303
    lifetime: 16.4013
    annual_cost: 12.578454146927378
    efficiency: 0.805318
    discharge_ratio: 0.5
    depth_of_discharge: 1.0
