cost_values:
  wind_capex: 5000.0
  wind_opex: 100
  wind_lifetime: 20
  solar_capex: 1000.0
  solar_opex: 10
  solar_lifetime: 20
  carbon_price: 1.0
timeseries_values:
  load_level: 264697.7299346496
  wind_year: 2010
  solar_year: 2012
  price_year: 2023
  carbon_year: 2023
storage_values:
  CAES:
    cost: 47.9864
    lifetime: 24.3689
    annual_cost: 1.9691656168312892
    efficiency: 0.628201
    discharge_ratio: 0.1
    depth_of_discharge: 0.4
  Li-ion:
    cost: 232.22
    lifetime: 21.6252
    annual_cost: 10.7383977951649
    efficiency: 0.881983
    discharge_ratio: 2
    depth_of_discharge: 0.9
  Pb-acid:
    cost: 214.381
    lifetime: 5.67014
    annual_cost: 37.80876662657359
    efficiency: 0.683651
    discharge_ratio: 5
    depth_of_discharge: 0.5
  VRBF:
    cost: 224.551
    lifetime: 18.6991
    annual_cost: 12.00865282286313
    efficiency: 0.826745
    discharge_ratio: 0.5
    depth_of_discharge: 1.0
