cost_values:
  wind_capex: 5000.0
  wind_opex: 100
  wind_lifetime: 20
  solar_capex: 1000.0
  solar_opex: 10
  solar_lifetime: 20
  carbon_price: 1.0
timeseries_values:
  load_level: 264697.7299346496
  wind_year: 2010
  solar_year: 2012
  price_year: 2023
  carbon_year: 2023
storage_values:
  CAES:
    cost: 54.6607
    lifetime: 24.4172
    annual_cost: 2.2386145831626885
    efficiency: 0.639183
    discharge_ratio: 0.1
    depth_of_discharge: 0.4
  Li-ion:
    cost: 228.402
    lifetime: 21.4219
    annual_cost: 10.662079460738775
    efficiency: 0.914985
    discharge_ratio: 2
    depth_of_discharge: 0.9
  Pb-acid:
    cost: 222.043
    lifetime: 6.24987
    annual_cost: 35.52761897447467
    efficiency: 0.688085
    discharge_ratio: 5
    depth_of_discharge: 0.5
  VRBF:
    cost: 203.758
    lifetime: 15.0368
    annual_cost: 13.550622472866568
    efficiency: 0.811671
    discharge_ratio: 0.5
    depth_of_discharge: 1.0
