cost_values:
  wind_capex: 5000.0
  wind_opex: 100
  wind_lifetime: 20
  solar_capex: 1000.0
  solar_opex: 10
  solar_lifetime: 20
  carbon_price: 1.0
timeseries_values:
  load_level: 264697.7299346496
  wind_year: 2010
  solar_year: 2012
  price_year: 2023
  carbon_year: 2023
storage_values:
  CAES:
    cost: 46.9176
    lifetime: 23.6988
    annual_cost: 1.9797458099144263
    efficiency: 0.631501
    discharge_ratio: 0.1
    depth_of_discharge: 0.4
  Li-ion:
    cost: 223.131
    lifetime: 21.7081
    annual_cost: 10.278697813258644
    efficiency: 0.901806
    discharge_ratio: 2
    depth_of_discharge: 0.9
  Pb-acid:
    cost: 194.399
    lifetime: 5.85108
    annual_cost: 33.22446454329799
    efficiency: 0.662447
    discharge_ratio: 5
    depth_of_discharge: 0.5
  VRBF:
    cost: 242.908
    lifetime: 15.5824
    annual_cost: 15.588612793921346
    efficiency: 0.821271
    discharge_ratio: 0.5
    depth_of_discharge: 1.0
