cost_values:
  wind_capex: 5000.0
  wind_opex: 100
  wind_lifetime: 20
  solar_capex: 1000.0
  solar_opex: 10
  solar_lifetime: 20
  carbon_price: 1.0
timeseries_values:
  load_level: 264697.7299346496
  wind_year: 2010
  solar_year: 2012
  price_year: 2023
  carbon_year: 2023
storage_values:
  CAES:
    cost: 52.0325
    lifetime: 24.233
    annual_cost: 2.147175339413197
    efficiency: 0.635247
    discharge_ratio: 0.1
    depth_of_discharge: 0.4
  Li-ion:
    cost: 215.879
    lifetime: 22.1635
    annual_cost: 9.740293726171409
    efficiency: 0.893026
    discharge_ratio: 2
    depth_of_discharge: 0.9
  Pb-acid:
    cost: 172.727
    lifetime: 5.50125
    annual_cost: 31.39777323335606
    efficiency: 0.669367
    discharge_ratio: 5
    depth_of_discharge: 0.5
  VRBF:
    cost: 215.493
    lifetime: 14.214
    annual_cost: 15.160616293794849
    efficiency: 0.804471
    discharge_ratio: 0.5
    depth_of_discharge: 1.0
