cost_values:
  wind_capex: 5000.0
  wind_opex: 100
  wind_lifetime: 20
  solar_capex: 1000.0
  solar_opex: 10
  solar_lifetime: 20
  carbon_price: 1.0
timeseries_values:
  load_level: 264697.7299346496
  wind_year: 2010
  solar_year: 2012
  price_year: 2023
  carbon_year: 2023
storage_values:
  CAES:
    cost: 51.689
    lifetime: 24.0664
    annual_cost: 2.147766180234684
    efficiency: 0.628219
    discharge_ratio: 0.1
    depth_of_discharge: 0.4
  Li-ion:
    cost: 226.324
    lifetime: 18.4592
    annual_cost: 12.260769697495018
    efficiency: 0.910798
    discharge_ratio: 2
    depth_of_discharge: 0.9
  Pb-acid:
    cost: 203.484
    lifetime: 5.45063
    annual_cost: 37.332198296343726
    efficiency: 0.693146
    discharge_ratio: 5
    depth_of_discharge: 0.5
  VRBF:
    cost: 194.36
    lifetime: 16.1193
    annual_cost: 12.057595553156776
    efficiency: 0.831361
    discharge_ratio: 0.5
    depth_of_discharge: 1.0
