cost_values:
  wind_capex: 5000.0
  wind_opex: 100
  wind_lifetime: 20
  solar_capex: 1000.0
  solar_opex: 10
  solar_lifetime: 20
  carbon_price: 1.0
timeseries_values:
  load_level: 264697.7299346496
  wind_year: 2010
  solar_year: 2012
  price_year: 2023
  carbon_year: 2023
storage_values:
  CAES:
    cost: 53.0781
    lifetime: 24.7678
    annual_cost: 2.1430284482271333
    efficiency: 0.630281
    discharge_ratio: 0.1
    depth_of_discharge: 0.4
  Li-ion:
    cost: 213.574
    lifetime: 19.3813
    annual_cost: 11.019591049104035
    efficiency: 0.894743
    discharge_ratio: 2
    depth_of_discharge: 0.9
  Pb-acid:
    cost: 227.298
    lifetime: 7.37706
    annual_cost: 30.811461476523167
    efficiency: 0.678977
    discharge_ratio: 5
    depth_of_discharge: 0.5
  VRBF:
    cost: 190.078
    lifetime: 12.8859
    annual_cost: 14.750851706128405
    efficiency: 0.80433
    discharge_ratio: 0.5
    depth_of_discharge: 1.0
