cost_values:
  wind_capex: 5000.0
  wind_opex: 100
  wind_lifetime: 20
  solar_capex: 1000.0
  solar_opex: 10
  solar_lifetime: 20
  carbon_price: 1.0
timeseries_values:
  load_level: 264697.7299346496
  wind_year: 2010
  solar_year: 2012
  price_year: 2023
  carbon_year: 2023
storage_values:
  CAES:
    cost: 47.7644
    lifetime: 23.9065
    annual_cost: 1.9979670800828226
    efficiency: 0.63197
    discharge_ratio: 0.1
    depth_of_discharge: 0.4
  Li-ion:
    cost: 235.605
    lifetime: 23.2276
    annual_cost: 10.14332087688784
    efficiency: 0.889337
    discharge_ratio: 2
    depth_of_discharge: 0.9
  Pb-acid:
    cost: 203.957
    lifetime: 7.03226
    annual_cost: 29.003051650536243
    efficiency: 0.678376
    discharge_ratio: 5
    depth_of_discharge: 0.5
  VRBF:
    cost: 217.4
    lifetime: 14.96
    annual_cost: 14.532085561497325
    efficiency: 0.793144
    discharge_ratio: 0.5
    depth_of_discharge: 1.0
