cost_values:
  wind_capex: 5000.0
  wind_opex: 100
  wind_lifetime: 20
  solar_capex: 1000.0
  solar_opex: 10
  solar_lifetime: 20
  carbon_price: 1.0
timeseries_values:
  load_level: 264697.7299346496
  wind_year: 2010
  solar_year: 2012
  price_year: 2023
  carbon_year: 2023
storage_values:
  CAES:
    cost: 54.2149
    lifetime: 22.8422
    annual_cost: 2.3734535202388565
    efficiency: 0.624833
    discharge_ratio: 0.1
    depth_of_discharge: 0.4
  Li-ion:
    cost: 222.208
    lifetime: 20.5018
    annual_cost: 10.838462964227531
    efficiency: 0.915621
    discharge_ratio: 2
    depth_of_discharge: 0.9
  Pb-acid:
    cost: 213.916
    lifetime: 7.11371
    annual_cost: 30.07094750840279
    efficiency: 0.67394
    discharge_ratio: 5
    depth_of_discharge: 0.5
  VRBF:
    cost: 191.686
    lifetime: 14.1142
    annual_cost: 13.581074378994204
    efficiency: 0.807102
    discharge_ratio: 0.5
    depth_of_discharge: 1.0
