cost_values:
  wind_capex: 5000.0
  wind_opex: 100
  wind_lifetime: 20
  solar_capex: 1000.0
  solar_opex: 10
  solar_lifetime: 20
  carbon_price: 1.0
timeseries_values:
  load_level: 264697.7299346496
  wind_year: 2010
  solar_year: 2012
  price_year: 2023
  carbon_year: 2023
storage_values:
  CAES:
    cost: 49.0993
    lifetime: 23.9618
    annual_cost: 2.0490655960737505
    efficiency: 0.638295
    discharge_ratio: 0.1
    depth_of_discharge: 0.4
  Li-ion:
    cost: 208.715
    lifetime: 20.8491
    annual_cost: 10.01074386903991
    efficiency: 0.900451
    discharge_ratio: 2
    depth_of_discharge: 0.9
  Pb-acid:
    cost: 208.83
    lifetime: 6.73417
    annual_cost: 31.010503150351123
    efficiency: 0.667563
    discharge_ratio: 5
    depth_of_discharge: 0.5
  VRBF:
    cost: 223.492
    lifetime: 17.6433
    annual_cost: 12.667244789806896
    efficiency: 0.809232
    discharge_ratio: 0.5
    depth_of_discharge: 1.0
