cost_values:
  wind_capex: 5000.0
  wind_opex: 100
  wind_lifetime: 20
  solar_capex: 1000.0
  solar_opex: 10
  solar_lifetime: 20
  carbon_price: 1.0
timeseries_values:
  load_level: 264697.7299346496
  wind_year: 2010
  solar_year: 2012
  price_year: 2023
  carbon_year: 2023
storage_values:
  CAES:
    cost: 47.7285
    lifetime: 24.8244
    annual_cost: 1.9226446560641948
    efficiency: 0.625616
    discharge_ratio: 0.1
    depth_of_discharge: 0.4
  Li-ion:
    cost: 250.507
    lifetime: 21.5759
    annual_cost: 11.610500604841512
    efficiency: 0.918353
    discharge_ratio: 2
    depth_of_discharge: 0.9
  Pb-acid:
    cost: 197.049
    lifetime: 6.94061
    annual_cost: 28.390732226706298
    efficiency: 0.67088
    discharge_ratio: 5
    depth_of_discharge: 0.5
  VRBF:
    cost: 228.69
    lifetime: 16.6653
    annual_cost: 13.72252524707026
    efficiency: 0.808464
    discharge_ratio: 0.5
    depth_of_discharge: 1.0
