cost_values:
  wind_capex: 5000.0
  wind_opex: 100
  wind_lifetime: 20
  solar_capex: 1000.0
  solar_opex: 10
  solar_lifetime: 20
  carbon_price: 1.0
timeseries_values:
  load_level: 264697.7299346496
  wind_year: 2010
  solar_year: 2012
  price_year: 2023
  carbon_year: 2023
storage_values:
  CAES:
    cost: 47.7229
    lifetime: 22.8792
    annual_cost: 2.0858640162243436
    efficiency: 0.644125
    discharge_ratio: 0.1
    depth_of_discharge: 0.4
  Li-ion:
    cost: 237.144
    lifetime: 19.7205
    annual_cost: 12.02525290940899
    efficiency: 0.906838
    discharge_ratio: 2
    depth_of_discharge: 0.9
  Pb-acid:
    cost: 194.275
    lifetime: 6.12423
    annual_cost: 31.722355300176513
    efficiency: 0.670239
    discharge_ratio: 5
    depth_of_discharge: 0.5
  VRBF:
    cost: 229.15
    lifetime: 14.2369
    annual_cost: 16.09549831775176
    efficiency: 0.831346
    discharge_ratio: 0.5
    depth_of_discharge: 1.0
