cost_values:
  wind_capex: 5000.0
  wind_opex: 100
  wind_lifetime: 20
  solar_capex: 1000.0
  solar_opex: 10
  solar_lifetime: 20
  carbon_price: 1.0
timeseries_values:
  load_level: 264697.7299346496
  wind_year: 2010
  solar_year: 2012
  price_year: 2023
  carbon_year: 2023
storage_values:
  CAES:
    cost: 54.3143
    lifetime: 24.1854
    annual_cost: 2.2457474344025736
    efficiency: 0.622442
    discharge_ratio: 0.1
    depth_of_discharge: 0.4
  Li-ion:
    cost: 201.963
    lifetime: 21.4969
    annual_cost: 9.394982532365132
    efficiency: 0.91899
    discharge_ratio: 2
    depth_of_discharge: 0.9
  Pb-acid:
    cost: 187.575
    lifetime: 8.27525
    annual_cost: 22.66698891272167
    efficiency: 0.676737
    discharge_ratio: 5
    depth_of_discharge: 0.5
  VRBF:
    cost: 188.423
    lifetime: 14.6581
    annual_cost: 12.854530941936542
    efficiency: 0.806005
    discharge_ratio: 0.5
    depth_of_discharge: 1.0
