cost_values:
  wind_capex: 5000.0
  wind_opex: 100
  wind_lifetime: 20
  solar_capex: 1000.0
  solar_opex: 10
  solar_lifetime: 20
  carbon_price: 1.0
timeseries_values:
  load_level: 264697.7299346496
  wind_year: 2010
  solar_year: 2012
  price_year: 2023
  carbon_year: 2023
storage_values:
  CAES:
    cost: 52.4638
    lifetime: 23.581
    annual_cost: 2.2248335524362837
    efficiency: 0.634963
    discharge_ratio: 0.1
    depth_of_discharge: 0.4
  Li-ion:
    cost: 224.7
    lifetime: 20.6401
    annual_cost: 10.886575161942044
    efficiency: 0.889635
    discharge_ratio: 2
    depth_of_discharge: 0.9
  Pb-acid:
    cost: 223.335
    lifetime: 5.98289
    annual_cost: 37.32894972162283
    efficiency: 0.668033
    discharge_ratio: 5
    depth_of_discharge: 0.5
  VRBF:
    cost: 207.429
    lifetime: 14.938
    annual_cost: 13.885995447851117
    efficiency: 0.804931
    discharge_ratio: 0.5
    depth_of_discharge: 1.0
