cost_values:
  wind_capex: 5000.0
  wind_opex: 100
  wind_lifetime: 20
  solar_capex: 1000.0
  solar_opex: 10
  solar_lifetime: 20
  carbon_price: 1.0
timeseries_values:
  load_level: 264697.7299346496
  wind_year: 2010
  solar_year: 2012
  price_year: 2023
  carbon_year: 2023
storage_values:
  CAES:
    cost: 47.1116
    lifetime: 24.0894
    annual_cost: 1.955698356953681
    efficiency: 0.628592
    discharge_ratio: 0.1
    depth_of_discharge: 0.4
  Li-ion:
    cost: 233.486
    lifetime: 20.6198
    annual_cost: 11.323388199691557
    efficiency: 0.902999
    discharge_ratio: 2
    depth_of_discharge: 0.9
  Pb-acid:
    cost: 201.541
    lifetime: 6.1131
    annual_cost: 32.96870654823248
    efficiency: 0.675217
    discharge_ratio: 5
    depth_of_discharge: 0.5
  VRBF:
    cost: 206.55
    lifetime: 15.2582
    annual_cost: 13.536983392536472
    efficiency: 0.815508
    discharge_ratio: 0.5
    depth_of_discharge: 1.0
