cost_values:
  wind_capex: 5000.0
  wind_opex: 100
  wind_lifetime: 20
  solar_capex: 1000.0
  solar_opex: 10
  solar_lifetime: 20
  carbon_price: 1.0
timeseries_values:
  load_level: 264697.7299346496
  wind_year: 2010
  solar_year: 2012
  price_year: 2023
  carbon_year: 2023
storage_values:
  CAES:
    cost: 46.786
    lifetime: 23.8617
    annual_cost: 1.9607152885167445
    efficiency: 0.633584
    discharge_ratio: 0.1
    depth_of_discharge: 0.4
  Li-ion:
    cost: 216.913
    lifetime: 17.9567
    annual_cost: 12.07978080605011
    efficiency: 0.904807
    discharge_ratio: 2
    depth_of_discharge: 0.9
  Pb-acid:
    cost: 213.155
    lifetime: 6.49956
    annual_cost: 32.79529691240638
    efficiency: 0.668112
    discharge_ratio: 5
    depth_of_discharge: 0.5
  VRBF:
    cost: 235.521
    lifetime: 16.7232
    annual_cost: 14.08348880597015
    efficiency: 0.820078
    discharge_ratio: 0.5
    depth_of_discharge: 1.0
