cost_values:
  wind_capex: 5000.0
  wind_opex: 100
  wind_lifetime: 20
  solar_capex: 1000.0
  solar_opex: 10
  solar_lifetime: 20
  carbon_price: 1.0
timeseries_values:
  load_level: 264697.7299346496
  wind_year: 2010
  solar_year: 2012
  price_year: 2023
  carbon_year: 2023
storage_values:
  CAES:
    cost: 47.5849
    lifetime: 24.2573
    annual_cost: 1.9616733931641195
    efficiency: 0.641006
    discharge_ratio: 0.1
    depth_of_discharge: 0.4
  Li-ion:
    cost: 251.801
    lifetime: 23.5909
    annual_cost: 10.673649585221419
    efficiency: 0.899799
    discharge_ratio: 2
    depth_of_discharge: 0.9
  Pb-acid:
    cost: 193.398
    lifetime: 8.62239
    annual_cost: 22.429743957301863
    efficiency: 0.674972
    discharge_ratio: 5
    depth_of_discharge: 0.5
  VRBF:
    cost: 183.745
    lifetime: 16.639
    annual_cost: 11.043031432177415
    efficiency: 0.812037
    discharge_ratio: 0.5
    depth_of_discharge: 1.0
