cost_values:
  wind_capex: 5000.0
  wind_opex: 100
  wind_lifetime: 20
  solar_capex: 1000.0
  solar_opex: 10
  solar_lifetime: 20
  carbon_price: 1.0
timeseries_values:
  load_level: 264697.7299346496
  wind_year: 2010
  solar_year: 2012
  price_year: 2023
  carbon_year: 2023
storage_values:
  CAES:
    cost: 51.6466
    lifetime: 23.0599
    annual_cost: 2.2396714643168445
    efficiency: 0.63098
    discharge_ratio: 0.1
    depth_of_discharge: 0.4
  Li-ion:
    cost: 239.922
    lifetime: 22.5581
    annual_cost: 10.635736165723177
    efficiency: 0.900083
    discharge_ratio: 2
    depth_of_discharge: 0.9
  Pb-acid:
    cost: 195.81
    lifetime: 6.89715
    annual_cost: 28.389987168613125
    efficiency: 0.68175
    discharge_ratio: 5
    depth_of_discharge: 0.5
  VRBF:
    cost: 212.75
    lifetime: 14.8723
    annual_cost: 14.305117567558481
    efficiency: 0.817912
    discharge_ratio: 0.5
    depth_of_discharge: 1.0
