cost_values:
  wind_capex: 5000.0
  wind_opex: 100
  wind_lifetime: 20
  solar_capex: 1000.0
  solar_opex: 10
  solar_lifetime: 20
  carbon_price: 1.0
timeseries_values:
  load_level: 264697.7299346496
  wind_year: 2010
  solar_year: 2012
  price_year: 2023
  carbon_year: 2023
storage_values:
  CAES:
    cost: 49.2146
    lifetime: 24.0398
    annual_cost: 2.047213371159494
    efficiency: 0.635962
    discharge_ratio: 0.1
    depth_of_discharge: 0.4
  Li-ion:
    cost: 234.551
    lifetime: 20.3548
    annual_cost: 11.523129679485919
    efficiency: 0.909169
    discharge_ratio: 2
    depth_of_discharge: 0.9
  Pb-acid:
    cost: 203.227
    lifetime: 5.58905
    annual_cost: 36.3616356983745
    efficiency: 0.675907
    discharge_ratio: 5
    depth_of_discharge: 0.5
  VRBF:
    cost: 215.507
    lifetime: 17.1247
    annual_cost: 12.584570824598387
    efficiency: 0.814003
    discharge_ratio: 0.5
    depth_of_discharge: 1.0
