cost_values:
  wind_capex: 5000.0
  wind_opex: 100
  wind_lifetime: 20
  solar_capex: 1000.0
  solar_opex: 10
  solar_lifetime: 20
  carbon_price: 1.0
timeseries_values:
  load_level: 264697.7299346496
  wind_year: 2010
  solar_year: 2012
  price_year: 2023
  carbon_year: 2023
storage_values:
  CAES:
    cost: 55.1583
    lifetime: 24.4095
    annual_cost: 2.2597062619062247
    efficiency: 0.629993
    discharge_ratio: 0.1
    depth_of_discharge: 0.4
  Li-ion:
    cost: 217.144
    lifetime: 24.3643
    annual_cost: 8.91238410297033
    efficiency: 0.917425
    discharge_ratio: 2
    depth_of_discharge: 0.9
  Pb-acid:
    cost: 207.9
    lifetime: 7.62465
    annual_cost: 27.266825362475657
    efficiency: 0.675424
    discharge_ratio: 5
    depth_of_discharge: 0.5
  VRBF:
    cost: 201.732
    lifetime: 15.2058
    annual_cost: 13.266779781399203
    efficiency: 0.79354
    discharge_ratio: 0.5
    depth_of_discharge: 1.0
