cost_values:
  wind_capex: 5000.0
  wind_opex: 100
  wind_lifetime: 20
  solar_capex: 1000.0
  solar_opex: 10
  solar_lifetime: 20
  carbon_price: 1.0
timeseries_values:
  load_level: 264697.7299346496
  wind_year: 2010
  solar_year: 2012
  price_year: 2023
  carbon_year: 2023
storage_values:
  CAES:
    cost: 51.9141
    lifetime: 24.208
    annual_cost: 2.144501817580965
    efficiency: 0.629438
    discharge_ratio: 0.1
    depth_of_discharge: 0.4
  Li-ion:
    cost: 203.526
    lifetime: 20.4829
    annual_cost: 9.936385960972324
    efficiency: 0.904687
    discharge_ratio: 2
    depth_of_discharge: 0.9
  Pb-acid:
    cost: 198.826
    lifetime: 5.70586
    annual_cost: 34.84593032426312
    efficiency: 0.676082
    discharge_ratio: 5
    depth_of_discharge: 0.5
  VRBF:
    cost: 240.637
    lifetime: 13.8581
    annual_cost: 17.364357307278777
    efficiency: 0.794801
    discharge_ratio: 0.5
    depth_of_discharge: 1.0
