cost_values:
  wind_capex: 5000.0
  wind_opex: 100
  wind_lifetime: 20
  solar_capex: 1000.0
  solar_opex: 10
  solar_lifetime: 20
  carbon_price: 1.0
timeseries_values:
  load_level: 264697.7299346496
  wind_year: 2010
  solar_year: 2012
  price_year: 2023
  carbon_year: 2023
storage_values:
  CAES:
    cost: 49.0047
    lifetime: 24.2889
    annual_cost: 2.017575929745686
    efficiency: 0.633617
    discharge_ratio: 0.1
    depth_of_discharge: 0.4
  Li-ion:
    cost: 220.778
    lifetime: 21.5267
    annual_cost: 10.25600765560908
    efficiency: 0.911403
    discharge_ratio: 2
    depth_of_discharge: 0.9
  Pb-acid:
    cost: 224.845
    lifetime: 7.20005
    annual_cost: 31.228255359337783
    efficiency: 0.671363
    discharge_ratio: 5
    depth_of_discharge: 0.5
  VRBF:
    cost: 194.012
    lifetime: 15.6701
    annual_cost: 12.381031390993037
    efficiency: 0.828443
    discharge_ratio: 0.5
    depth_of_discharge: 1.0
