cost_values:
  wind_capex: 5000.0
  wind_opex: 100
  wind_lifetime: 20
  solar_capex: 1000.0
  solar_opex: 10
  solar_lifetime: 20
  carbon_price: 1.0
timeseries_values:
  load_level: 264697.7299346496
  wind_year: 2010
  solar_year: 2012
  price_year: 2023
  carbon_year: 2023
storage_values:
  CAES:
    cost: 43.8608
    lifetime: 24.7749
    annual_cost: 1.7703724333902457
    efficiency: 0.628398
    discharge_ratio: 0.1
    depth_of_discharge: 0.4
  Li-ion:
    cost: 247.158
    lifetime: 20.3562
    annual_cost: 12.14165708727562
    efficiency: 0.896037
    discharge_ratio: 2
    depth_of_discharge: 0.9
  Pb-acid:
    cost: 197.25
    lifetime: 5.54163
    annual_cost: 35.594220473037716
    efficiency: 0.674378
    discharge_ratio: 5
    depth_of_discharge: 0.5
  VRBF:
    cost: 191.131
    lifetime: 16.0586
    annual_cost: 11.902096073132155
    efficiency: 0.810116
    discharge_ratio: 0.5
    depth_of_discharge: 1.0
