cost_values:
  wind_capex: 5000.0
  wind_opex: 100
  wind_lifetime: 20
  solar_capex: 1000.0
  solar_opex: 10
  solar_lifetime: 20
  carbon_price: 1.0
timeseries_values:
  load_level: 264697.7299346496
  wind_year: 2010
  solar_year: 2012
  price_year: 2023
  carbon_year: 2023
storage_values:
  CAES:
    cost: 49.011
    lifetime: 23.097
    annual_cost: 2.1219638914144694
    efficiency: 0.62617
    discharge_ratio: 0.1
    depth_of_discharge: 0.4
  Li-ion:
    cost: 209.146
    lifetime: 22.3024
    annual_cost: 9.377735131645025
    efficiency: 0.895793
    discharge_ratio: 2
    depth_of_discharge: 0.9
  Pb-acid:
    cost: 192.912
    lifetime: 6.48518
    annual_cost: 29.74659145929643
    efficiency: 0.681399
    discharge_ratio: 5
    depth_of_discharge: 0.5
  VRBF:
    cost: 196.971
    lifetime: 16.4778
    annual_cost: 11.95371954993992
    efficiency: 0.80337
    discharge_ratio: 0.5
    depth_of_discharge: 1.0
