cost_values:
  wind_capex: 5000.0
  wind_opex: 100
  wind_lifetime: 20
  solar_capex: 1000.0
  solar_opex: 10
  solar_lifetime: 20
  carbon_price: 1.0
timeseries_values:
  load_level: 264697.7299346496
  wind_year: 2010
  solar_year: 2012
  price_year: 2023
  carbon_year: 2023
storage_values:
  CAES:
    cost: 57.3088
    lifetime: 23.3915
    annual_cost: 2.449983968535579
    efficiency: 0.616203
    discharge_ratio: 0.1
    depth_of_discharge: 0.4
  Li-ion:
    cost: 197.856
    lifetime: 20.606
    annual_cost: 9.601863534892749
    efficiency: 0.906409
    discharge_ratio: 2
    depth_of_discharge: 0.9
  Pb-acid:
    cost: 191.732
    lifetime: 7.67792
    annual_cost: 24.97186738074895
    efficiency: 0.662594
    discharge_ratio: 5
    depth_of_discharge: 0.5
  VRBF:
    cost: 219.189
    lifetime: 13.0742
    annual_cost: 16.76500283000107
    efficiency: 0.807163
    discharge_ratio: 0.5
    depth_of_discharge: 1.0
