cost_values:
  wind_capex: 5000.0
  wind_opex: 100
  wind_lifetime: 20
  solar_capex: 1000.0
  solar_opex: 10
  solar_lifetime: 20
  carbon_price: 1.0
timeseries_values:
  load_level: 264697.7299346496
  wind_year: 2010
  solar_year: 2012
  price_year: 2023
  carbon_year: 2023
storage_values:
  CAES:
    cost: 50.2517
    lifetime: 23.3025
    annual_cost: 2.156493938418625
    efficiency: 0.636084
    discharge_ratio: 0.1
    depth_of_discharge: 0.4
  Li-ion:
    cost: 239.421
    lifetime: 20.6088
    annual_cost: 11.617415861185513
    efficiency: 0.890573
    discharge_ratio: 2
    depth_of_discharge: 0.9
  Pb-acid:
    cost: 202.382
    lifetime: 6.362
    annual_cost: 31.81106570260924
    efficiency: 0.682412
    discharge_ratio: 5
    depth_of_discharge: 0.5
  VRBF:
    cost: 219.945
    lifetime: 15.3994
    annual_cost: 14.282699325947764
    efficiency: 0.821214
    discharge_ratio: 0.5
    depth_of_discharge: 1.0
