cost_values:
  wind_capex: 5000.0
  wind_opex: 100
  wind_lifetime: 20
  solar_capex: 1000.0
  solar_opex: 10
  solar_lifetime: 20
  carbon_price: 1.0
timeseries_values:
  load_level: 264697.7299346496
  wind_year: 2010
  solar_year: 2012
  price_year: 2023
  carbon_year: 2023
storage_values:
  CAES:
    cost: 45.1681
    lifetime: 24.0959
    annual_cost: 1.8745139214555173
    efficiency: 0.631785
    discharge_ratio: 0.1
    depth_of_discharge: 0.4
  Li-ion:
    cost: 203.723
    lifetime: 20.9052
    annual_cost: 9.745087346688862
    efficiency: 0.918612
    discharge_ratio: 2
    depth_of_discharge: 0.9
  Pb-acid:
    cost: 196.044
    lifetime: 5.4873
    annual_cost: 35.726860204472146
    efficiency: 0.693069
    discharge_ratio: 5
    depth_of_discharge: 0.5
  VRBF:
    cost: 211.39
    lifetime: 15.555
    annual_cost: 13.589842494374798
    efficiency: 0.809879
    discharge_ratio: 0.5
    depth_of_discharge: 1.0
