cost_values:
  wind_capex: 5000.0
  wind_opex: 100
  wind_lifetime: 20
  solar_capex: 1000.0
  solar_opex: 10
  solar_lifetime: 20
  carbon_price: 1.0
timeseries_values:
  load_level: 264697.7299346496
  wind_year: 2010
  solar_year: 2012
  price_year: 2023
  carbon_year: 2023
storage_values:
  CAES:
    cost: 46.6032
    lifetime: 22.6878
    annual_cost: 2.054108375426441
    efficiency: 0.642995
    discharge_ratio: 0.1
    depth_of_discharge: 0.4
  Li-ion:
    cost: 231.147
    lifetime: 21.3527
    annual_cost: 10.825188383670449
    efficiency: 0.891468
    discharge_ratio: 2
    depth_of_discharge: 0.9
  Pb-acid:
    cost: 199.121
    lifetime: 5.64576
    annual_cost: 35.26912231479907
    efficiency: 0.675054
    discharge_ratio: 5
    depth_of_discharge: 0.5
  VRBF:
    cost: 184.996
    lifetime: 17.4276
    annual_cost: 10.615116252381279
    efficiency: 0.815751
    discharge_ratio: 0.5
    depth_of_discharge: 1.0
