cost_values:
  wind_capex: 5000.0
  wind_opex: 100
  wind_lifetime: 20
  solar_capex: 1000.0
  solar_opex: 10
  solar_lifetime: 20
  carbon_price: 1.0
timeseries_values:
  load_level: 264697.7299346496
  wind_year: 2010
  solar_year: 2012
  price_year: 2023
  carbon_year: 2023
storage_values:
  CAES:
    cost: 45.4627
    lifetime: 23.5801
    annual_cost: 1.9280113315889242
    efficiency: 0.635304
    discharge_ratio: 0.1
    depth_of_discharge: 0.4
  Li-ion:
    cost: 228.871
    lifetime: 20.2084
    annual_cost: 11.325537895132717
    efficiency: 0.899642
    discharge_ratio: 2
    depth_of_discharge: 0.9
  Pb-acid:
    cost: 198.509
    lifetime: 5.72009
    annual_cost: 34.70382459017253
    efficiency: 0.658539
    discharge_ratio: 5
    depth_of_discharge: 0.5
  VRBF:
    cost: 208.513
    lifetime: 14.8417
    annual_cost: 14.049131837996995
    efficiency: 0.79189
    discharge_ratio: 0.5
    depth_of_discharge: 1.0
