cost_values:
  wind_capex: 5000.0
  wind_opex: 100
  wind_lifetime: 20
  solar_capex: 1000.0
  solar_opex: 10
  solar_lifetime: 20
  carbon_price: 1.0
timeseries_values:
  load_level: 264697.7299346496
  wind_year: 2010
  solar_year: 2012
  price_year: 2023
  carbon_year: 2023
storage_values:
  CAES:
    cost: 48.0872
    lifetime: 24.6193
    annual_cost: 1.9532318140645755
    efficiency: 0.636726
    discharge_ratio: 0.1
    depth_of_discharge: 0.4
  Li-ion:
    cost: 251.641
    lifetime: 18.6227
    annual_cost: 13.512594843927037
    efficiency: 0.895992
    discharge_ratio: 2
    depth_of_discharge: 0.9
  Pb-acid:
    cost: 216.564
    lifetime: 6.69008
    annual_cost: 32.3709133523067
    efficiency: 0.677391
    discharge_ratio: 5
    depth_of_discharge: 0.5
  VRBF:
    cost: 193.789
    lifetime: 14.4522
    annual_cost: 13.408961957349053
    efficiency: 0.828946
    discharge_ratio: 0.5
    depth_of_discharge: 1.0
