cost_values:
  wind_capex: 5000.0
  wind_opex: 100
  wind_lifetime: 20
  solar_capex: 1000.0
  solar_opex: 10
  solar_lifetime: 20
  carbon_price: 1.0
timeseries_values:
  load_level: 264697.7299346496
  wind_year: 2010
  solar_year: 2012
  price_year: 2023
  carbon_year: 2023
storage_values:
  CAES:
    cost: 55.4279
    lifetime: 23.7662
    annual_cost: 2.3322154993225674
    efficiency: 0.630148
    discharge_ratio: 0.1
    depth_of_discharge: 0.4
  Li-ion:
    cost: 221.412
    lifetime: 21.477
    annual_cost: 10.309261069981842
    efficiency: 0.90952
    discharge_ratio: 2
    depth_of_discharge: 0.9
  Pb-acid:
    cost: 186.692
    lifetime: 7.63033
    annual_cost: 24.467093821630257
    efficiency: 0.681831
    discharge_ratio: 5
    depth_of_discharge: 0.5
  VRBF:
    cost: 205.844
    lifetime: 16.0574
    annual_cost: 12.819260901515811
    efficiency: 0.823939
    discharge_ratio: 0.5
    depth_of_discharge: 1.0
