cost_values:
  wind_capex: 5000.0
  wind_opex: 100
  wind_lifetime: 20
  solar_capex: 1000.0
  solar_opex: 10
  solar_lifetime: 20
  carbon_price: 1.0
timeseries_values:
  load_level: 264697.7299346496
  wind_year: 2010
  solar_year: 2012
  price_year: 2023
  carbon_year: 2023
storage_values:
  CAES:
    cost: 48.6127
    lifetime: 25.1009
    annual_cost: 1.9366915130533167
    efficiency: 0.648127
    discharge_ratio: 0.1
    depth_of_discharge: 0.4
  Li-ion:
    cost: 217.526
    lifetime: 20.0305
    annual_cost: 10.859738898180275
    efficiency: 0.898406
    discharge_ratio: 2
    depth_of_discharge: 0.9
  Pb-acid:
    cost: 215.841
    lifetime: 5.94449
    annual_cost: 36.309422675452396
    efficiency: 0.675528
    discharge_ratio: 5
    depth_of_discharge: 0.5
  VRBF:
    cost: 221.014
    lifetime: 17.0025
    annual_cost: 12.998911924716953
    efficiency: 0.820317
    discharge_ratio: 0.5
    depth_of_discharge: 1.0
