cost_values:
  wind_capex: 5000.0
  wind_opex: 100
  wind_lifetime: 20
  solar_capex: 1000.0
  solar_opex: 10
  solar_lifetime: 20
  carbon_price: 1.0
timeseries_values:
  load_level: 264697.7299346496
  wind_year: 2010
  solar_year: 2012
  price_year: 2023
  carbon_year: 2023
storage_values:
  CAES:
    cost: 50.913
    lifetime: 24.5353
    annual_cost: 2.075091806499207
    efficiency: 0.635083
    discharge_ratio: 0.1
    depth_of_discharge: 0.4
  Li-ion:
    cost: 232.328
    lifetime: 21.572
    annual_cost: 10.769886890413499
    efficiency: 0.895
    discharge_ratio: 2
    depth_of_discharge: 0.9
  Pb-acid:
    cost: 206.008
    lifetime: 8.39396
    annual_cost: 24.542409065566194
    efficiency: 0.664503
    discharge_ratio: 5
    depth_of_discharge: 0.5
  VRBF:
    cost: 222.289
    lifetime: 16.9516
    annual_cost: 13.113157460062768
    efficiency: 0.805503
    discharge_ratio: 0.5
    depth_of_discharge: 1.0
