cost_values:
  wind_capex: 5000.0
  wind_opex: 100
  wind_lifetime: 20
  solar_capex: 1000.0
  solar_opex: 10
  solar_lifetime: 20
  carbon_price: 1.0
timeseries_values:
  load_level: 264697.7299346496
  wind_year: 2010
  solar_year: 2012
  price_year: 2023
  carbon_year: 2023
storage_values:
  CAES:
    cost: 42.9947
    lifetime: 23.4684
    annual_cost: 1.8320251913210956
    efficiency: 0.629568
    discharge_ratio: 0.1
    depth_of_discharge: 0.4
  Li-ion:
    cost: 227.599
    lifetime: 23.6841
    annual_cost: 9.609780401197426
    efficiency: 0.918487
    discharge_ratio: 2
    depth_of_discharge: 0.9
  Pb-acid:
    cost: 199.236
    lifetime: 6.43872
    annual_cost: 30.943417325182644
    efficiency: 0.66055
    discharge_ratio: 5
    depth_of_discharge: 0.5
  VRBF:
    cost: 209.829
    lifetime: 12.8846
    annual_cost: 16.285255265976435
    efficiency: 0.812292
    discharge_ratio: 0.5
    depth_of_discharge: 1.0
