cost_values:
  wind_capex: 5000.0
  wind_opex: 100
  wind_lifetime: 20
  solar_capex: 1000.0
  solar_opex: 10
  solar_lifetime: 20
  carbon_price: 1.0
timeseries_values:
  load_level: 264697.7299346496
  wind_year: 2010
  solar_year: 2012
  price_year: 2023
  carbon_year: 2023
storage_values:
  CAES:
    cost: 53.1423
    lifetime: 23.6204
    annual_cost: 2.2498475893718988
    efficiency: 0.632258
    discharge_ratio: 0.1
    depth_of_discharge: 0.4
  Li-ion:
    cost: 214.967
    lifetime: 19.2732
    annual_cost: 11.153674532511468
    efficiency: 0.905791
    discharge_ratio: 2
    depth_of_discharge: 0.9
  Pb-acid:
    cost: 221.626
    lifetime: 8.11558
    annual_cost: 27.308707449128715
    efficiency: 0.676981
    discharge_ratio: 5
    depth_of_discharge: 0.5
  VRBF:
    cost: 212.203
    lifetime: 17.3537
    annual_cost: 12.22811273676507
    efficiency: 0.823042
    discharge_ratio: 0.5
    depth_of_discharge: 1.0
