cost_values:
  wind_capex: 5000.0
  wind_opex: 100
  wind_lifetime: 20
  solar_capex: 1000.0
  solar_opex: 10
  solar_lifetime: 20
  carbon_price: 1.0
timeseries_values:
  load_level: 264697.7299346496
  wind_year: 2010
  solar_year: 2012
  price_year: 2023
  carbon_year: 2023
storage_values:
  CAES:
    cost: 49.7126
    lifetime: 23.6495
    annual_cost: 2.102057125943466
    efficiency: 0.631777
    discharge_ratio: 0.1
    depth_of_discharge: 0.4
  Li-ion:
    cost: 223.53
    lifetime: 21.147
    annual_cost: 10.57029365867499
    efficiency: 0.910201
    discharge_ratio: 2
    depth_of_discharge: 0.9
  Pb-acid:
    cost: 198.527
    lifetime: 9.2747
    annual_cost: 21.40522065403733
    efficiency: 0.680535
    discharge_ratio: 5
    depth_of_discharge: 0.5
  VRBF:
    cost: 197.297
    lifetime: 16.568
    annual_cost: 11.90831723804925
    efficiency: 0.805282
    discharge_ratio: 0.5
    depth_of_discharge: 1.0
