cost_values:
  wind_capex: 5000.0
  wind_opex: 100
  wind_lifetime: 20
  solar_capex: 1000.0
  solar_opex: 10
  solar_lifetime: 20
  carbon_price: 1.0
timeseries_values:
  load_level: 264697.7299346496
  wind_year: 2010
  solar_year: 2012
  price_year: 2023
  carbon_year: 2023
storage_values:
  CAES:
    cost: 58.5396
    lifetime: 23.8648
    annual_cost: 2.452968388589052
    efficiency: 0.625828
    discharge_ratio: 0.1
    depth_of_discharge: 0.4
  Li-ion:
    cost: 224.531
    lifetime: 18.9433
    annual_cost: 11.852792280120148
    efficiency: 0.89104
    discharge_ratio: 2
    depth_of_discharge: 0.9
  Pb-acid:
    cost: 213.691
    lifetime: 5.22561
    annual_cost: 40.89302492914703
    efficiency: 0.690745
    discharge_ratio: 5
    depth_of_discharge: 0.5
  VRBF:
    cost: 198.954
    lifetime: 14.2408
    annual_cost: 13.970703893039717
    efficiency: 0.826958
    discharge_ratio: 0.5
    depth_of_discharge: 1.0
