cost_values:
  wind_capex: 5000.0
  wind_opex: 100
  wind_lifetime: 20
  solar_capex: 1000.0
  solar_opex: 10
  solar_lifetime: 20
  carbon_price: 1.0
timeseries_values:
  load_level: 264697.7299346496
  wind_year: 2010
  solar_year: 2012
  price_year: 2023
  carbon_year: 2023
storage_values:
  CAES:
    cost: 47.0363
    lifetime: 24.1101
    annual_cost: 1.9508960974861158
    efficiency: 0.634469
    discharge_ratio: 0.1
    depth_of_discharge: 0.4
  Li-ion:
    cost: 236.528
    lifetime: 18.8995
    annual_cost: 12.515040080425408
    efficiency: 0.896847
    discharge_ratio: 2
    depth_of_discharge: 0.9
  Pb-acid:
    cost: 214.304
    lifetime: 6.73224
    annual_cost: 31.832495573538672
    efficiency: 0.679198
    discharge_ratio: 5
    depth_of_discharge: 0.5
  VRBF:
    cost: 243.005
    lifetime: 14.3563
    annual_cost: 16.926715100687503
    efficiency: 0.812861
    discharge_ratio: 0.5
    depth_of_discharge: 1.0
