cost_values:
  wind_capex: 5000.0
  wind_opex: 100
  wind_lifetime: 20
  solar_capex: 1000.0
  solar_opex: 10
  solar_lifetime: 20
  carbon_price: 1.0
timeseries_values:
  load_level: 264697.7299346496
  wind_year: 2010
  solar_year: 2012
  price_year: 2023
  carbon_year: 2023
storage_values:
  CAES:
    cost: 44.8257
    lifetime: 23.3301
    annual_cost: 1.9213676752349966
    efficiency: 0.633731
    discharge_ratio: 0.1
    depth_of_discharge: 0.4
  Li-ion:
    cost: 208.376
    lifetime: 21.6274
    annual_cost: 9.634815095665683
    efficiency: 0.911142
    discharge_ratio: 2
    depth_of_discharge: 0.9
  Pb-acid:
    cost: 199.603
    lifetime: 5.35254
    annual_cost: 37.29126732355106
    efficiency: 0.69939
    discharge_ratio: 5
    depth_of_discharge: 0.5
  VRBF:
    cost: 211.488
    lifetime: 16.7284
    annual_cost: 12.642452356471628
    efficiency: 0.803002
    discharge_ratio: 0.5
    depth_of_discharge: 1.0
