cost_values:
  wind_capex: 5000.0
  wind_opex: 100
  wind_lifetime: 20
  solar_capex: 1000.0
  solar_opex: 10
  solar_lifetime: 20
  carbon_price: 1.0
timeseries_values:
  load_level: 264697.7299346496
  wind_year: 2010
  solar_year: 2012
  price_year: 2023
  carbon_year: 2023
storage_values:
  CAES:
    cost: 54.2402
    lifetime: 24.2001
    annual_cost: 2.2413213168540627
    efficiency: 0.626866
    discharge_ratio: 0.1
    depth_of_discharge: 0.4
  Li-ion:
    cost: 235.102
    lifetime: 20.7587
    annual_cost: 11.325468357845144
    efficiency: 0.899374
    discharge_ratio: 2
    depth_of_discharge: 0.9
  Pb-acid:
    cost: 209.262
    lifetime: 6.66769
    annual_cost: 31.38448248193902
    efficiency: 0.67108
    discharge_ratio: 5
    depth_of_discharge: 0.5
  VRBF:
    cost: 231.467
    lifetime: 13.4616
    annual_cost: 17.194612824627086
    efficiency: 0.80141
    discharge_ratio: 0.5
    depth_of_discharge: 1.0
