cost_values:
  wind_capex: 5000.0
  wind_opex: 100
  wind_lifetime: 20
  solar_capex: 1000.0
  solar_opex: 10
  solar_lifetime: 20
  carbon_price: 1.0
timeseries_values:
  load_level: 264697.7299346496
  wind_year: 2010
  solar_year: 2012
  price_year: 2023
  carbon_year: 2023
storage_values:
  CAES:
    cost: 51.7297
    lifetime: 24.4373
    annual_cost: 2.1168336927565647
    efficiency: 0.629095
    discharge_ratio: 0.1
    depth_of_discharge: 0.4
  Li-ion:
    cost: 222.105
    lifetime: 20.3041
    annual_cost: 10.938923665663586
    efficiency: 0.889279
    discharge_ratio: 2
    depth_of_discharge: 0.9
  Pb-acid:
    cost: 210.454
    lifetime: 7.16583
    annual_cost: 29.369103090639886
    efficiency: 0.658858
    discharge_ratio: 5
    depth_of_discharge: 0.5
  VRBF:
    cost: 219.208
    lifetime: 15.6001
    annual_cost: 14.051704796764124
    efficiency: 0.816159
    discharge_ratio: 0.5
    depth_of_discharge: 1.0
