cost_values:
  wind_capex: 5000.0
  wind_opex: 100
  wind_lifetime: 20
  solar_capex: 1000.0
  solar_opex: 10
  solar_lifetime: 20
  carbon_price: 1.0
timeseries_values:
  load_level: 227636.39191827484
  wind_year: 2016
  solar_year: 2011
  price_year: 2023
  carbon_year: 2023
storage_values:
  CAES:
    cost: 71.96638132745142
    lifetime: 28.983073984222965
    annual_cost: 2.4830486016295774
    efficiency: 0.6205415353705979
    discharge_ratio: 0.1
    depth_of_discharge: 0.4
  Li-ion:
    cost: 175.7028647070217
    lifetime: 14.023326378392953
    annual_cost: 12.529328631881768
    efficiency: 0.9359644160844443
    discharge_ratio: 2
    depth_of_discharge: 0.9
  Pb-acid:
    cost: 142.81587192054576
    lifetime: 8.435899703990913
    annual_cost: 16.92953649662068
    efficiency: 0.7245672550489465
    discharge_ratio: 5
    depth_of_discharge: 0.5
  VRBF:
    cost: 130.52090154105207
    lifetime: 26.151195681268984
    annual_cost: 4.991010855941045
    efficiency: 0.7193223774218
    discharge_ratio: 0.5
    depth_of_discharge: 1.0
