cost_values:
  wind_capex: 5000.0
  wind_opex: 100
  wind_lifetime: 20
  solar_capex: 1000.0
  solar_opex: 10
  solar_lifetime: 20
  carbon_price: 1.0
timeseries_values:
  load_level: 242379.29994153598
  wind_year: 2017
  solar_year: 2014
  price_year: 2023
  carbon_year: 2023
storage_values:
  CAES:
    cost: 35.78619556953202
    lifetime: 22.630806555256754
    annual_cost: 1.5813044701767154
    efficiency: 0.5645663548377988
    discharge_ratio: 0.1
    depth_of_discharge: 0.4
  Li-ion:
    cost: 251.7177823587969
    lifetime: 21.2216742427586
    annual_cost: 11.86135360854904
    efficiency: 0.9382137614875712
    discharge_ratio: 2
    depth_of_discharge: 0.9
  Pb-acid:
    cost: 63.824420929004475
    lifetime: 18.6153256702011
    annual_cost: 3.4285954519277015
    efficiency: 0.7589444525756581
    discharge_ratio: 5
    depth_of_discharge: 0.5
  VRBF:
    cost: 193.45078593225875
    lifetime: 15.725477600643982
    annual_cost: 12.301743123168269
    efficiency: 0.7075264604305048
    discharge_ratio: 0.5
    depth_of_discharge: 1.0
