cost_values:
  wind_capex: 5000.0
  wind_opex: 100
  wind_lifetime: 20
  solar_capex: 1000.0
  solar_opex: 10
  solar_lifetime: 20
  carbon_price: 1.0
timeseries_values:
  load_level: 287758.7520025469
  wind_year: 2011
  solar_year: 2018
  price_year: 2023
  carbon_year: 2023
storage_values:
  CAES:
    cost: 60.52640245106273
    lifetime: 22.118023069499316
    annual_cost: 2.736519546112982
    efficiency: 0.5671568367437358
    discharge_ratio: 0.1
    depth_of_discharge: 0.4
  Li-ion:
    cost: 228.81682288703547
    lifetime: 19.94606211009249
    annual_cost: 11.471779322859756
    efficiency: 0.936352825310875
    discharge_ratio: 2
    depth_of_discharge: 0.9
  Pb-acid:
    cost: 142.17160634629107
    lifetime: 10.063599410913042
    annual_cost: 14.12731176403138
    efficiency: 0.7571789811513255
    discharge_ratio: 5
    depth_of_discharge: 0.5
  VRBF:
    cost: 309.39298127035875
    lifetime: 22.420432090315572
    annual_cost: 13.799599402189932
    efficiency: 0.7212303241183721
    discharge_ratio: 0.5
    depth_of_discharge: 1.0
