cost_values:
  wind_capex: 5000.0
  wind_opex: 100
  wind_lifetime: 20
  solar_capex: 1000.0
  solar_opex: 10
  solar_lifetime: 20
  carbon_price: 1.0
timeseries_values:
  load_level: 261902.00238367714
  wind_year: 2014
  solar_year: 2014
  price_year: 2023
  carbon_year: 2023
storage_values:
  CAES:
    cost: 79.15687984246267
    lifetime: 25.332539442098028
    annual_cost: 3.1247115996163606
    efficiency: 0.617397032610571
    discharge_ratio: 0.1
    depth_of_discharge: 0.4
  Li-ion:
    cost: 271.81052424895984
    lifetime: 24.845219204286316
    annual_cost: 10.940153999609988
    efficiency: 0.8973580129809537
    discharge_ratio: 2
    depth_of_discharge: 0.9
  Pb-acid:
    cost: 144.06978007218012
    lifetime: 8.548995333639322
    annual_cost: 16.852246895641873
    efficiency: 0.7813076223509231
    discharge_ratio: 5
    depth_of_discharge: 0.5
  VRBF:
    cost: 269.261990719793
    lifetime: 16.484386276745965
    annual_cost: 16.3343655140885
    efficiency: 0.7711549190135555
    discharge_ratio: 0.5
    depth_of_discharge: 1.0
