cost_values:
  wind_capex: 5000.0
  wind_opex: 100
  wind_lifetime: 20
  solar_capex: 1000.0
  solar_opex: 10
  solar_lifetime: 20
  carbon_price: 1.0
timeseries_values:
  load_level: 227013.6450587728
  wind_year: 2016
  solar_year: 2013
  price_year: 2023
  carbon_year: 2023
storage_values:
  CAES:
    cost: 63.98857865709228
    lifetime: 26.769049245286062
    annual_cost: 2.3903941477622874
    efficiency: 0.582529823802104
    discharge_ratio: 0.1
    depth_of_discharge: 0.4
  Li-ion:
    cost: 147.77119721278996
    lifetime: 25.210293201138683
    annual_cost: 5.861542189684471
    efficiency: 0.9750606456097418
    discharge_ratio: 2
    depth_of_discharge: 0.9
  Pb-acid:
    cost: 69.00560611288175
    lifetime: 14.693985091149193
    annual_cost: 4.696180490508782
    efficiency: 0.7711730235394034
    discharge_ratio: 5
    depth_of_discharge: 0.5
  VRBF:
    cost: 324.92421326921846
    lifetime: 27.919188369051476
    annual_cost: 11.638025037626027
    efficiency: 0.78345117075671
    discharge_ratio: 0.5
    depth_of_discharge: 1.0
