cost_values:
  wind_capex: 5000.0
  wind_opex: 100
  wind_lifetime: 20
  solar_capex: 1000.0
  solar_opex: 10
  solar_lifetime: 20
  carbon_price: 1.0
timeseries_values:
  load_level: 244651.25050980353
  wind_year: 2015
  solar_year: 2010
  price_year: 2023
  carbon_year: 2023
storage_values:
  CAES:
    cost: 49.29524973108637
    lifetime: 29.47289792126547
    annual_cost: 1.6725620216503567
    efficiency: 0.5925169627340744
    discharge_ratio: 0.1
    depth_of_discharge: 0.4
  Li-ion:
    cost: 231.89374199333494
    lifetime: 18.705529266900605
    annual_cost: 12.397069266768646
    efficiency: 0.9512701328132539
    discharge_ratio: 2
    depth_of_discharge: 0.9
  Pb-acid:
    cost: 158.3021245160164
    lifetime: 7.3147214646038545
    annual_cost: 21.641579283920088
    efficiency: 0.6660245415438445
    discharge_ratio: 5
    depth_of_discharge: 0.5
  VRBF:
    cost: 172.43198545817688
    lifetime: 10.991735650933938
    annual_cost: 15.687421071077688
    efficiency: 0.6843763618770864
    discharge_ratio: 0.5
    depth_of_discharge: 1.0
