cost_values:
  wind_capex: 5000.0
  wind_opex: 100
  wind_lifetime: 20
  solar_capex: 1000.0
  solar_opex: 10
  solar_lifetime: 20
  carbon_price: 1.0
timeseries_values:
  load_level: 260043.50591541393
  wind_year: 2011
  solar_year: 2011
  price_year: 2023
  carbon_year: 2023
storage_values:
  CAES:
    cost: 49.483595185218974
    lifetime: 24.690714967663737
    annual_cost: 2.004137800384691
    efficiency: 0.6477601488484308
    discharge_ratio: 0.1
    depth_of_discharge: 0.4
  Li-ion:
    cost: 156.22863752214226
    lifetime: 11.246747287923087
    annual_cost: 13.891006308099653
    efficiency: 0.9194886405348778
    discharge_ratio: 2
    depth_of_discharge: 0.9
  Pb-acid:
    cost: 106.7348697506529
    lifetime: 11.280793694951868
    annual_cost: 9.461645398090788
    efficiency: 0.7483286082509049
    discharge_ratio: 5
    depth_of_discharge: 0.5
  VRBF:
    cost: 291.69836022456366
    lifetime: 17.616586985558115
    annual_cost: 16.558165350853418
    efficiency: 0.7550978552825622
    discharge_ratio: 0.5
    depth_of_discharge: 1.0
