cost_values:
  wind_capex: 5000.0
  wind_opex: 100
  wind_lifetime: 20
  solar_capex: 1000.0
  solar_opex: 10
  solar_lifetime: 20
  carbon_price: 1.0
timeseries_values:
  load_level: 263234.26734779973
  wind_year: 2012
  solar_year: 2010
  price_year: 2023
  carbon_year: 2023
storage_values:
  CAES:
    cost: 53.84443653419919
    lifetime: 28.304822099305557
    annual_cost: 1.9023061280968177
    efficiency: 0.6092429023788225
    discharge_ratio: 0.1
    depth_of_discharge: 0.4
  Li-ion:
    cost: 262.97605160208263
    lifetime: 24.852708601177014
    annual_cost: 10.581383937750278
    efficiency: 0.9157566186146909
    discharge_ratio: 2
    depth_of_discharge: 0.9
  Pb-acid:
    cost: 89.67673435539385
    lifetime: 11.321863414161253
    annual_cost: 7.9206691579786455
    efficiency: 0.7405860549537203
    discharge_ratio: 5
    depth_of_discharge: 0.5
  VRBF:
    cost: 280.6019783958058
    lifetime: 21.101018138634732
    annual_cost: 13.298030291819899
    efficiency: 0.721593302880836
    discharge_ratio: 0.5
    depth_of_discharge: 1.0
