cost_values:
  wind_capex: 5000.0
  wind_opex: 100
  wind_lifetime: 20
  solar_capex: 1000.0
  solar_opex: 10
  solar_lifetime: 20
  carbon_price: 1.0
timeseries_values:
  load_level: 234075.77217045467
  wind_year: 2018
  solar_year: 2014
  price_year: 2023
  carbon_year: 2023
storage_values:
  CAES:
    cost: 36.839401375108906
    lifetime: 28.141573842970868
    annual_cost: 1.3090739551622683
    efficiency: 0.5951103102649984
    discharge_ratio: 0.1
    depth_of_discharge: 0.4
  Li-ion:
    cost: 185.83269305830143
    lifetime: 20.22638756800848
    annual_cost: 9.18763632079452
    efficiency: 0.8677076766249644
    discharge_ratio: 2
    depth_of_discharge: 0.9
  Pb-acid:
    cost: 104.5106760970487
    lifetime: 14.766408513236046
    annual_cost: 7.077596153686884
    efficiency: 0.6773200209461373
    discharge_ratio: 5
    depth_of_discharge: 0.5
  VRBF:
    cost: 268.70196566549686
    lifetime: 16.735894233708954
    annual_cost: 16.05542924167656
    efficiency: 0.7365977957928488
    discharge_ratio: 0.5
    depth_of_discharge: 1.0
