cost_values:
  wind_capex: 5000.0
  wind_opex: 100
  wind_lifetime: 20
  solar_capex: 1000.0
  solar_opex: 10
  solar_lifetime: 20
  carbon_price: 1.0
timeseries_values:
  load_level: 251380.34558391193
  wind_year: 2013
  solar_year: 2018
  price_year: 2023
  carbon_year: 2023
storage_values:
  CAES:
    cost: 66.20733890554727
    lifetime: 24.349397133089465
    annual_cost: 2.7190545434726685
    efficiency: 0.6212371086481883
    discharge_ratio: 0.1
    depth_of_discharge: 0.4
  Li-ion:
    cost: 192.69285448925243
    lifetime: 18.50596284498337
    annual_cost: 10.412473866037613
    efficiency: 0.9168706347654859
    discharge_ratio: 2
    depth_of_discharge: 0.9
  Pb-acid:
    cost: 125.26631481849893
    lifetime: 14.870419256854966
    annual_cost: 8.42385898169977
    efficiency: 0.7252440794778044
    discharge_ratio: 5
    depth_of_discharge: 0.5
  VRBF:
    cost: 198.0829022581528
    lifetime: 25.90991620728537
    annual_cost: 7.645061476596196
    efficiency: 0.7359264001179449
    discharge_ratio: 0.5
    depth_of_discharge: 1.0
