cost_values:
  wind_capex: 5000.0
  wind_opex: 100
  wind_lifetime: 20
  solar_capex: 1000.0
  solar_opex: 10
  solar_lifetime: 20
  carbon_price: 1.0
timeseries_values:
  load_level: 281081.36903387646
  wind_year: 2017
  solar_year: 2011
  price_year: 2023
  carbon_year: 2023
storage_values:
  CAES:
    cost: 54.048563634492346
    lifetime: 20.624337469581384
    annual_cost: 2.620620600017237
    efficiency: 0.626474128597571
    discharge_ratio: 0.1
    depth_of_discharge: 0.4
  Li-ion:
    cost: 267.80200230391347
    lifetime: 20.782361276582023
    annual_cost: 12.886023813168817
    efficiency: 0.937127262219465
    discharge_ratio: 2
    depth_of_discharge: 0.9
  Pb-acid:
    cost: 215.02219028596295
    lifetime: 14.442912322982348
    annual_cost: 14.887730776002007
    efficiency: 0.6889733164369116
    discharge_ratio: 5
    depth_of_discharge: 0.5
  VRBF:
    cost: 263.7663389096117
    lifetime: 21.29081551291582
    annual_cost: 12.388738174430237
    efficiency: 0.7408734157870139
    discharge_ratio: 0.5
    depth_of_discharge: 1.0
