cost_values:
  wind_capex: 5000.0
  wind_opex: 100
  wind_lifetime: 20
  solar_capex: 1000.0
  solar_opex: 10
  solar_lifetime: 20
  carbon_price: 1.0
timeseries_values:
  load_level: 264697.7299346496
  wind_year: 2010
  solar_year: 2012
  price_year: 2023
  carbon_year: 2023
storage_values:
  CAES:
    cost: 48.82562923198177
    lifetime: 23.73365349652914
    annual_cost: 2.057231906546632
    efficiency: 0.6245315615676916
    discharge_ratio: 0.1
    depth_of_discharge: 0.4
  Li-ion:
    cost: 227.04990915859244
    lifetime: 21.07420135162756
    annual_cost: 10.773832202237044
    efficiency: 0.9003651385197111
    discharge_ratio: 2
    depth_of_discharge: 0.9
  Pb-acid:
    cost: 211.77252732970516
    lifetime: 6.8456285791238285
    annual_cost: 30.935439292677767
    efficiency: 0.6822668773185929
    discharge_ratio: 5
    depth_of_discharge: 0.5
  VRBF:
    cost: 230.33059701103508
    lifetime: 14.632551918459999
    annual_cost: 15.740972476609274
    efficiency: 0.8259618851414421
    discharge_ratio: 0.5
    depth_of_discharge: 1.0
