cost_values:
  wind_capex: 5000.0
  wind_opex: 100
  wind_lifetime: 20
  solar_capex: 1000.0
  solar_opex: 10
  solar_lifetime: 20
  carbon_price: 1.0
timeseries_values:
  load_level: 284606.18761491956
  wind_year: 2010
  solar_year: 2018
  price_year: 2023
  carbon_year: 2023
storage_values:
  CAES:
    cost: 33.17912409389152
    lifetime: 28.281927632992804
    annual_cost: 1.17315638892965
    efficiency: 0.6270271211553964
    discharge_ratio: 0.1
    depth_of_discharge: 0.4
  Li-ion:
    cost: 169.20122539480857
    lifetime: 21.963165148511532
    annual_cost: 7.703863457324844
    efficiency: 0.9498068291179979
    discharge_ratio: 2
    depth_of_discharge: 0.9
  Pb-acid:
    cost: 156.62292285957315
    lifetime: 12.766253269626073
    annual_cost: 12.268511328395467
    efficiency: 0.7001296303736484
    discharge_ratio: 5
    depth_of_discharge: 0.5
  VRBF:
    cost: 158.65186026098516
    lifetime: 25.853550454658087
    annual_cost: 6.136559871698416
    efficiency: 0.8093025524498393
    discharge_ratio: 0.5
    depth_of_discharge: 1.0
