cost_values:
  wind_capex: 5000.0
  wind_opex: 100
  wind_lifetime: 20
  solar_capex: 1000.0
  solar_opex: 10
  solar_lifetime: 20
  carbon_price: 1.0
timeseries_values:
  load_level: 226834.9427425628
  wind_year: 2015
  solar_year: 2011
  price_year: 2023
  carbon_year: 2023
storage_values:
  CAES:
    cost: 55.629830590400026
    lifetime: 23.968462495575956
    annual_cost: 2.3209594941965115
    efficiency: 0.6025452242118169
    discharge_ratio: 0.1
    depth_of_discharge: 0.4
  Li-ion:
    cost: 199.19568255196475
    lifetime: 13.60836695547839
    annual_cost: 14.63773597549657
    efficiency: 0.9118253731866723
    discharge_ratio: 2
    depth_of_discharge: 0.9
  Pb-acid:
    cost: 113.59491513744749
    lifetime: 11.76315569926493
    annual_cost: 9.65684022566716
    efficiency: 0.695669672930618
    discharge_ratio: 5
    depth_of_discharge: 0.5
  VRBF:
    cost: 320.08306347066525
    lifetime: 15.592389072403131
    annual_cost: 20.528160372625525
    efficiency: 0.8276610867645094
    discharge_ratio: 0.5
    depth_of_discharge: 1.0
