cost_values:
  wind_capex: 5000.0
  wind_opex: 100
  wind_lifetime: 20
  solar_capex: 1000.0
  solar_opex: 10
  solar_lifetime: 20
  carbon_price: 1.0
timeseries_values:
  load_level: 212644.5764580515
  wind_year: 2018
  solar_year: 2019
  price_year: 2023
  carbon_year: 2023
storage_values:
  CAES:
    cost: 26.39869442990115
    lifetime: 28.814383307012797
    annual_cost: 0.9161637835044791
    efficiency: 0.6220732775104273
    discharge_ratio: 0.1
    depth_of_discharge: 0.4
  Li-ion:
    cost: 239.8173111535125
    lifetime: 21.57834332270751
    annual_cost: 11.113796252428047
    efficiency: 0.8940516793357252
    discharge_ratio: 2
    depth_of_discharge: 0.9
  Pb-acid:
    cost: 152.18516117749596
    lifetime: 13.38079046280075
    annual_cost: 11.37340589859606
    efficiency: 0.727247210593704
    discharge_ratio: 5
    depth_of_discharge: 0.5
  VRBF:
    cost: 204.2979752000984
    lifetime: 20.182449571794056
    annual_cost: 10.12255595998687
    efficiency: 0.7489455543685586
    discharge_ratio: 0.5
    depth_of_discharge: 1.0
