cost_values:
  wind_capex: 5000.0
  wind_opex: 100
  wind_lifetime: 20
  solar_capex: 1000.0
  solar_opex: 10
  solar_lifetime: 20
  carbon_price: 1.0
timeseries_values:
  load_level: 246758.46858872188
  wind_year: 2012
  solar_year: 2013
  price_year: 2023
  carbon_year: 2023
storage_values:
  CAES:
    cost: 59.95331261701283
    lifetime: 20.793295081861952
    annual_cost: 2.88330023601263
    efficiency: 0.5573131669241996
    discharge_ratio: 0.1
    depth_of_discharge: 0.4
  Li-ion:
    cost: 178.22999249618783
    lifetime: 19.8641231257664
    annual_cost: 8.97245709602957
    efficiency: 0.944507562176043
    discharge_ratio: 2
    depth_of_discharge: 0.9
  Pb-acid:
    cost: 172.68191218417797
    lifetime: 12.013267215062076
    annual_cost: 14.37426714088834
    efficiency: 0.7035794106054802
    discharge_ratio: 5
    depth_of_discharge: 0.5
  VRBF:
    cost: 396.3675520107614
    lifetime: 19.11227387433967
    annual_cost: 20.738900803578815
    efficiency: 0.744171313431818
    discharge_ratio: 0.5
    depth_of_discharge: 1.0
