cost_values:
  wind_capex: 5000.0
  wind_opex: 100
  wind_lifetime: 20
  solar_capex: 1000.0
  solar_opex: 10
  solar_lifetime: 20
  carbon_price: 1.0
timeseries_values:
  load_level: 255439.71381292492
  wind_year: 2012
  solar_year: 2014
  price_year: 2023
  carbon_year: 2023
storage_values:
  CAES:
    cost: 31.61524920643975
    lifetime: 28.18017249800519
    annual_cost: 1.121896936886306
    efficiency: 0.5744450373686604
    discharge_ratio: 0.1
    depth_of_discharge: 0.4
  Li-ion:
    cost: 273.6971146546778
    lifetime: 19.352266336240213
    annual_cost: 14.14289726584303
    efficiency: 0.890475625587287
    discharge_ratio: 2
    depth_of_discharge: 0.9
  Pb-acid:
    cost: 155.0209860650202
    lifetime: 16.484062290774233
    annual_cost: 9.4042950900387
    efficiency: 0.7470415911090534
    discharge_ratio: 5
    depth_of_discharge: 0.5
  VRBF:
    cost: 311.16397255744266
    lifetime: 21.94766004636086
    annual_cost: 14.177546576726604
    efficiency: 0.7738793532005602
    discharge_ratio: 0.5
    depth_of_discharge: 1.0
