cost_values:
  wind_capex: 5000.0
  wind_opex: 100
  wind_lifetime: 20
  solar_capex: 1000.0
  solar_opex: 10
  solar_lifetime: 20
  carbon_price: 1.0
timeseries_values:
  load_level: 259495.22321838085
  wind_year: 2012
  solar_year: 2012
  price_year: 2023
  carbon_year: 2023
storage_values:
  CAES:
    cost: 45.5362
    lifetime: 25.092
    annual_cost: 1.8147696476964772
    efficiency: 0.585378
    discharge_ratio: 0.1
    depth_of_discharge: 0.4
  Li-ion:
    cost: 209.875
    lifetime: 26.4258
    annual_cost: 7.942049058117446
    efficiency: 0.900134
    discharge_ratio: 2
    depth_of_discharge: 0.9
  Pb-acid:
    cost: 203.396
    lifetime: 11.5128
    annual_cost: 17.666944618164127
    efficiency: 0.727987
    discharge_ratio: 5
    depth_of_discharge: 0.5
  VRBF:
    cost: 199.506
    lifetime: 21.0717
    annual_cost: 9.467959395777275
    efficiency: 0.73592
    discharge_ratio: 0.5
    depth_of_discharge: 1.0
