cost_values:
  wind_capex: 5000.0
  wind_opex: 100
  wind_lifetime: 20
  solar_capex: 1000.0
  solar_opex: 10
  solar_lifetime: 20
  carbon_price: 1.0
timeseries_values:
  load_level: 259495.22321838085
  wind_year: 2012
  solar_year: 2012
  price_year: 2023
  carbon_year: 2023
storage_values:
  CAES:
    cost: 39.2493
    lifetime: 25.4991
    annual_cost: 1.5392425615021708
    efficiency: 0.582673
    discharge_ratio: 0.1
    depth_of_discharge: 0.4
  Li-ion:
    cost: 197.88
    lifetime: 24.5125
    annual_cost: 8.072616012238655
    efficiency: 0.887599
    discharge_ratio: 2
    depth_of_discharge: 0.9
  Pb-acid:
    cost: 213.414
    lifetime: 11.3696
    annual_cost: 18.770581198986772
    efficiency: 0.726695
    discharge_ratio: 5
    depth_of_discharge: 0.5
  VRBF:
    cost: 228.587
    lifetime: 19.7196
    annual_cost: 11.591867989208705
    efficiency: 0.718962
    discharge_ratio: 0.5
    depth_of_discharge: 1.0
