cost_values:
  wind_capex: 5000.0
  wind_opex: 100
  wind_lifetime: 20
  solar_capex: 1000.0
  solar_opex: 10
  solar_lifetime: 20
  carbon_price: 1.0
timeseries_values:
  load_level: 259495.22321838085
  wind_year: 2012
  solar_year: 2012
  price_year: 2023
  carbon_year: 2023
storage_values:
  CAES:
    cost: 43.4017
    lifetime: 25.1873
    annual_cost: 1.723158099518408
    efficiency: 0.581617
    discharge_ratio: 0.1
    depth_of_discharge: 0.4
  Li-ion:
    cost: 214.228
    lifetime: 26.2402
    annual_cost: 8.16411460278504
    efficiency: 0.891624
    discharge_ratio: 2
    depth_of_discharge: 0.9
  Pb-acid:
    cost: 198.443
    lifetime: 10.6779
    annual_cost: 18.58445949109844
    efficiency: 0.736291
    discharge_ratio: 5
    depth_of_discharge: 0.5
  VRBF:
    cost: 213.069
    lifetime: 18.3749
    annual_cost: 11.595654942339822
    efficiency: 0.762192
    discharge_ratio: 0.5
    depth_of_discharge: 1.0
