cost_values:
  wind_capex: 5000.0
  wind_opex: 100
  wind_lifetime: 20
  solar_capex: 1000.0
  solar_opex: 10
  solar_lifetime: 20
  carbon_price: 1.0
timeseries_values:
  load_level: 259495.22321838085
  wind_year: 2012
  solar_year: 2012
  price_year: 2023
  carbon_year: 2023
storage_values:
  CAES:
    cost: 43.2236
    lifetime: 25.9128
    annual_cost: 1.6680405050785712
    efficiency: 0.584232
    discharge_ratio: 0.1
    depth_of_discharge: 0.4
  Li-ion:
    cost: 201.703
    lifetime: 24.4038
    annual_cost: 8.265229185618633
    efficiency: 0.921226
    discharge_ratio: 2
    depth_of_discharge: 0.9
  Pb-acid:
    cost: 177.342
    lifetime: 11.7615
    annual_cost: 15.078178803724017
    efficiency: 0.734802
    discharge_ratio: 5
    depth_of_discharge: 0.5
  VRBF:
    cost: 239.187
    lifetime: 20.1339
    annual_cost: 11.879814640978648
    efficiency: 0.731816
    discharge_ratio: 0.5
    depth_of_discharge: 1.0
