cost_values:
  wind_capex: 5000.0
  wind_opex: 100
  wind_lifetime: 20
  solar_capex: 1000.0
  solar_opex: 10
  solar_lifetime: 20
  carbon_price: 1.0
timeseries_values:
  load_level: 259495.22321838085
  wind_year: 2012
  solar_year: 2012
  price_year: 2023
  carbon_year: 2023
storage_values:
  CAES:
    cost: 47.3441
    lifetime: 25.6131
    annual_cost: 1.8484330284112427
    efficiency: 0.583729
    discharge_ratio: 0.1
    depth_of_discharge: 0.4
  Li-ion:
    cost: 217.619
    lifetime: 27.2821
    annual_cost: 7.976622034227571
    efficiency: 0.907059
    discharge_ratio: 2
    depth_of_discharge: 0.9
  Pb-acid:
    cost: 218.756
    lifetime: 11.4421
    annual_cost: 19.118518453780336
    efficiency: 0.730814
    discharge_ratio: 5
    depth_of_discharge: 0.5
  VRBF:
    cost: 218.133
    lifetime: 18.7078
    annual_cost: 11.660002779589263
    efficiency: 0.72785
    discharge_ratio: 0.5
    depth_of_discharge: 1.0
