cost_values:
  wind_capex: 5000.0
  wind_opex: 100
  wind_lifetime: 20
  solar_capex: 1000.0
  solar_opex: 10
  solar_lifetime: 20
  carbon_price: 1.0
timeseries_values:
  load_level: 259495.22321838085
  wind_year: 2012
  solar_year: 2012
  price_year: 2023
  carbon_year: 2023
storage_values:
  CAES:
    cost: 50.1498
    lifetime: 25.9694
    annual_cost: 1.931111230910225
    efficiency: 0.591344
    discharge_ratio: 0.1
    depth_of_discharge: 0.4
  Li-ion:
    cost: 191.746
    lifetime: 27.0913
    annual_cost: 7.077770354320391
    efficiency: 0.904426
    discharge_ratio: 2
    depth_of_discharge: 0.9
  Pb-acid:
    cost: 205.297
    lifetime: 11.9972
    annual_cost: 17.112076151101924
    efficiency: 0.714365
    discharge_ratio: 5
    depth_of_discharge: 0.5
  VRBF:
    cost: 186.292
    lifetime: 17.8795
    annual_cost: 10.419307027601443
    efficiency: 0.728364
    discharge_ratio: 0.5
    depth_of_discharge: 1.0
