cost_values:
  wind_capex: 5000.0
  wind_opex: 100
  wind_lifetime: 20
  solar_capex: 1000.0
  solar_opex: 10
  solar_lifetime: 20
  carbon_price: 1.0
timeseries_values:
  load_level: 259495.22321838085
  wind_year: 2012
  solar_year: 2012
  price_year: 2023
  carbon_year: 2023
storage_values:
  CAES:
    cost: 46.2466
    lifetime: 26.6389
    annual_cost: 1.7360551674431002
    efficiency: 0.580813
    discharge_ratio: 0.1
    depth_of_discharge: 0.4
  Li-ion:
    cost: 206.015
    lifetime: 27.1957
    annual_cost: 7.575278444754134
    efficiency: 0.893827
    discharge_ratio: 2
    depth_of_discharge: 0.9
  Pb-acid:
    cost: 198.5
    lifetime: 10.6033
    annual_cost: 18.72058698707006
    efficiency: 0.730152
    discharge_ratio: 5
    depth_of_discharge: 0.5
  VRBF:
    cost: 206.208
    lifetime: 19.1008
    annual_cost: 10.795778187301055
    efficiency: 0.73885
    discharge_ratio: 0.5
    depth_of_discharge: 1.0
