cost_values:
  wind_capex: 5000.0
  wind_opex: 100
  wind_lifetime: 20
  solar_capex: 1000.0
  solar_opex: 10
  solar_lifetime: 20
  carbon_price: 1.0
timeseries_values:
  load_level: 259495.22321838085
  wind_year: 2012
  solar_year: 2012
  price_year: 2023
  carbon_year: 2023
storage_values:
  CAES:
    cost: 43.9774
    lifetime: 25.6565
    annual_cost: 1.714084150215345
    efficiency: 0.58624
    discharge_ratio: 0.1
    depth_of_discharge: 0.4
  Li-ion:
    cost: 214.477
    lifetime: 23.4452
    annual_cost: 9.148013239383754
    efficiency: 0.896338
    discharge_ratio: 2
    depth_of_discharge: 0.9
  Pb-acid:
    cost: 203.765
    lifetime: 11.3364
    annual_cost: 17.974401044423274
    efficiency: 0.737216
    discharge_ratio: 5
    depth_of_discharge: 0.5
  VRBF:
    cost: 198.768
    lifetime: 17.0457
    annual_cost: 11.660888083211601
    efficiency: 0.72912
    discharge_ratio: 0.5
    depth_of_discharge: 1.0
