cost_values:
  wind_capex: 5000.0
  wind_opex: 100
  wind_lifetime: 20
  solar_capex: 1000.0
  solar_opex: 10
  solar_lifetime: 20
  carbon_price: 1.0
timeseries_values:
  load_level: 259495.22321838085
  wind_year: 2012
  solar_year: 2012
  price_year: 2023
  carbon_year: 2023
storage_values:
  CAES:
    cost: 45.6009
    lifetime: 25.8748
    annual_cost: 1.7623672453506887
    efficiency: 0.587267
    discharge_ratio: 0.1
    depth_of_discharge: 0.4
  Li-ion:
    cost: 195.316
    lifetime: 26.3167
    annual_cost: 7.4217512074082235
    efficiency: 0.89842
    discharge_ratio: 2
    depth_of_discharge: 0.9
  Pb-acid:
    cost: 191.133
    lifetime: 11.3704
    annual_cost: 16.80969886723422
    efficiency: 0.727334
    discharge_ratio: 5
    depth_of_discharge: 0.5
  VRBF:
    cost: 207.555
    lifetime: 20.8679
    annual_cost: 9.94613736887756
    efficiency: 0.73398
    discharge_ratio: 0.5
    depth_of_discharge: 1.0
