cost_values:
  wind_capex: 5000.0
  wind_opex: 100
  wind_lifetime: 20
  solar_capex: 1000.0
  solar_opex: 10
  solar_lifetime: 20
  carbon_price: 1.0
timeseries_values:
  load_level: 259495.22321838085
  wind_year: 2012
  solar_year: 2012
  price_year: 2023
  carbon_year: 2023
storage_values:
  CAES:
    cost: 36.4299
    lifetime: 25.6815
    annual_cost: 1.418526955201215
    efficiency: 0.59427
    discharge_ratio: 0.1
    depth_of_discharge: 0.4
  Li-ion:
    cost: 203.893
    lifetime: 25.0579
    annual_cost: 8.136874997505776
    efficiency: 0.892903
    discharge_ratio: 2
    depth_of_discharge: 0.9
  Pb-acid:
    cost: 202.613
    lifetime: 12.3577
    annual_cost: 16.395688518089937
    efficiency: 0.733418
    discharge_ratio: 5
    depth_of_discharge: 0.5
  VRBF:
    cost: 212.291
    lifetime: 19.7216
    annual_cost: 10.764390313159176
    efficiency: 0.721389
    discharge_ratio: 0.5
    depth_of_discharge: 1.0
