cost_values:
  wind_capex: 5000.0
  wind_opex: 100
  wind_lifetime: 20
  solar_capex: 1000.0
  solar_opex: 10
  solar_lifetime: 20
  carbon_price: 1.0
timeseries_values:
  load_level: 259495.22321838085
  wind_year: 2012
  solar_year: 2012
  price_year: 2023
  carbon_year: 2023
storage_values:
  CAES:
    cost: 48.6384
    lifetime: 25.3211
    annual_cost: 1.9208644174226237
    efficiency: 0.589653
    discharge_ratio: 0.1
    depth_of_discharge: 0.4
  Li-ion:
    cost: 196.9
    lifetime: 26.1545
    annual_cost: 7.528341203234626
    efficiency: 0.895047
    discharge_ratio: 2
    depth_of_discharge: 0.9
  Pb-acid:
    cost: 181.228
    lifetime: 11.6517
    annual_cost: 15.553781851575307
    efficiency: 0.728305
    discharge_ratio: 5
    depth_of_discharge: 0.5
  VRBF:
    cost: 170.991
    lifetime: 17.73
    annual_cost: 9.644162436548223
    efficiency: 0.70919
    discharge_ratio: 0.5
    depth_of_discharge: 1.0
