cost_values:
  wind_capex: 5000.0
  wind_opex: 100
  wind_lifetime: 20
  solar_capex: 1000.0
  solar_opex: 10
  solar_lifetime: 20
  carbon_price: 1.0
timeseries_values:
  load_level: 259495.22321838085
  wind_year: 2012
  solar_year: 2012
  price_year: 2023
  carbon_year: 2023
storage_values:
  CAES:
    cost: 40.4736
    lifetime: 26.3815
    annual_cost: 1.5341659875291398
    efficiency: 0.595797
    discharge_ratio: 0.1
    depth_of_discharge: 0.4
  Li-ion:
    cost: 212.134
    lifetime: 25.6889
    annual_cost: 8.257807846968923
    efficiency: 0.88302
    discharge_ratio: 2
    depth_of_discharge: 0.9
  Pb-acid:
    cost: 201.403
    lifetime: 11.7431
    annual_cost: 17.150752356703084
    efficiency: 0.73345
    discharge_ratio: 5
    depth_of_discharge: 0.5
  VRBF:
    cost: 240.034
    lifetime: 18.6134
    annual_cost: 12.895763267323542
    efficiency: 0.761237
    discharge_ratio: 0.5
    depth_of_discharge: 1.0
