cost_values:
  wind_capex: 5000.0
  wind_opex: 100
  wind_lifetime: 20
  solar_capex: 1000.0
  solar_opex: 10
  solar_lifetime: 20
  carbon_price: 1.0
timeseries_values:
  load_level: 259495.22321838085
  wind_year: 2012
  solar_year: 2012
  price_year: 2023
  carbon_year: 2023
storage_values:
  CAES:
    cost: 39.5401
    lifetime: 26.3964
    annual_cost: 1.497935324513949
    efficiency: 0.583464
    discharge_ratio: 0.1
    depth_of_discharge: 0.4
  Li-ion:
    cost: 215.846
    lifetime: 26.7793
    annual_cost: 8.06018081129828
    efficiency: 0.88947
    discharge_ratio: 2
    depth_of_discharge: 0.9
  Pb-acid:
    cost: 194.62
    lifetime: 10.0637
    annual_cost: 19.33881176903127
    efficiency: 0.721919
    discharge_ratio: 5
    depth_of_discharge: 0.5
  VRBF:
    cost: 221.885
    lifetime: 17.5485
    annual_cost: 12.64410063538194
    efficiency: 0.722277
    discharge_ratio: 0.5
    depth_of_discharge: 1.0
