cost_values:
  wind_capex: 5000.0
  wind_opex: 100
  wind_lifetime: 20
  solar_capex: 1000.0
  solar_opex: 10
  solar_lifetime: 20
  carbon_price: 1.0
timeseries_values:
  load_level: 259495.22321838085
  wind_year: 2012
  solar_year: 2012
  price_year: 2023
  carbon_year: 2023
storage_values:
  CAES:
    cost: 42.9754
    lifetime: 25.9371
    annual_cost: 1.6569084438892552
    efficiency: 0.593564
    discharge_ratio: 0.1
    depth_of_discharge: 0.4
  Li-ion:
    cost: 196.815
    lifetime: 26.2836
    annual_cost: 7.488129479979912
    efficiency: 0.884266
    discharge_ratio: 2
    depth_of_discharge: 0.9
  Pb-acid:
    cost: 227.175
    lifetime: 11.4313
    annual_cost: 19.87306780506154
    efficiency: 0.709518
    discharge_ratio: 5
    depth_of_discharge: 0.5
  VRBF:
    cost: 189.763
    lifetime: 18.7758
    annual_cost: 10.106786395253465
    efficiency: 0.747125
    discharge_ratio: 0.5
    depth_of_discharge: 1.0
