cost_values:
  wind_capex: 5000.0
  wind_opex: 100
  wind_lifetime: 20
  solar_capex: 1000.0
  solar_opex: 10
  solar_lifetime: 20
  carbon_price: 1.0
timeseries_values:
  load_level: 259495.22321838085
  wind_year: 2012
  solar_year: 2012
  price_year: 2023
  carbon_year: 2023
storage_values:
  CAES:
    cost: 48.8889
    lifetime: 26.3379
    annual_cost: 1.8562186051279714
    efficiency: 0.590873
    discharge_ratio: 0.1
    depth_of_discharge: 0.4
  Li-ion:
    cost: 237.836
    lifetime: 24.3828
    annual_cost: 9.754252998014994
    efficiency: 0.874441
    discharge_ratio: 2
    depth_of_discharge: 0.9
  Pb-acid:
    cost: 176.487
    lifetime: 12.2312
    annual_cost: 14.4292465171038
    efficiency: 0.723762
    discharge_ratio: 5
    depth_of_discharge: 0.5
  VRBF:
    cost: 218.726
    lifetime: 17.8132
    annual_cost: 12.278871847843174
    efficiency: 0.726808
    discharge_ratio: 0.5
    depth_of_discharge: 1.0
