cost_values:
  wind_capex: 5000.0
  wind_opex: 100
  wind_lifetime: 20
  solar_capex: 1000.0
  solar_opex: 10
  solar_lifetime: 20
  carbon_price: 1.0
timeseries_values:
  load_level: 259495.22321838085
  wind_year: 2012
  solar_year: 2012
  price_year: 2023
  carbon_year: 2023
storage_values:
  CAES:
    cost: 44.109
    lifetime: 24.9836
    annual_cost: 1.7655181799260316
    efficiency: 0.590757
    discharge_ratio: 0.1
    depth_of_discharge: 0.4
  Li-ion:
    cost: 216.619
    lifetime: 24.5166
    annual_cost: 8.835605263372571
    efficiency: 0.91516
    discharge_ratio: 2
    depth_of_discharge: 0.9
  Pb-acid:
    cost: 213.931
    lifetime: 11.8725
    annual_cost: 18.01903558643925
    efficiency: 0.720361
    discharge_ratio: 5
    depth_of_discharge: 0.5
  VRBF:
    cost: 202.983
    lifetime: 17.4736
    annual_cost: 11.61655297133962
    efficiency: 0.737463
    discharge_ratio: 0.5
    depth_of_discharge: 1.0
