cost_values:
  wind_capex: 5000.0
  wind_opex: 100
  wind_lifetime: 20
  solar_capex: 1000.0
  solar_opex: 10
  solar_lifetime: 20
  carbon_price: 1.0
timeseries_values:
  load_level: 259495.22321838085
  wind_year: 2012
  solar_year: 2012
  price_year: 2023
  carbon_year: 2023
storage_values:
  CAES:
    cost: 44.2341
    lifetime: 25.7927
    annual_cost: 1.714985247763902
    efficiency: 0.598229
    discharge_ratio: 0.1
    depth_of_discharge: 0.4
  Li-ion:
    cost: 186.486
    lifetime: 24.838
    annual_cost: 7.50809243900475
    efficiency: 0.884188
    discharge_ratio: 2
    depth_of_discharge: 0.9
  Pb-acid:
    cost: 174.977
    lifetime: 11.1425
    annual_cost: 15.703567422032759
    efficiency: 0.730136
    discharge_ratio: 5
    depth_of_discharge: 0.5
  VRBF:
    cost: 221.111
    lifetime: 17.9638
    annual_cost: 12.308698604972221
    efficiency: 0.725405
    discharge_ratio: 0.5
    depth_of_discharge: 1.0
