cost_values:
  wind_capex: 5000.0
  wind_opex: 100
  wind_lifetime: 20
  solar_capex: 1000.0
  solar_opex: 10
  solar_lifetime: 20
  carbon_price: 1.0
timeseries_values:
  load_level: 259495.22321838085
  wind_year: 2012
  solar_year: 2012
  price_year: 2023
  carbon_year: 2023
storage_values:
  CAES:
    cost: 49.6672
    lifetime: 25.6631
    annual_cost: 1.9353546531790782
    efficiency: 0.597813
    discharge_ratio: 0.1
    depth_of_discharge: 0.4
  Li-ion:
    cost: 208.251
    lifetime: 22.3388
    annual_cost: 9.322389743406092
    efficiency: 0.901277
    discharge_ratio: 2
    depth_of_discharge: 0.9
  Pb-acid:
    cost: 196.896
    lifetime: 12.5072
    annual_cost: 15.742612255340923
    efficiency: 0.733467
    discharge_ratio: 5
    depth_of_discharge: 0.5
  VRBF:
    cost: 218.405
    lifetime: 19.785
    annual_cost: 11.038918372504423
    efficiency: 0.729204
    discharge_ratio: 0.5
    depth_of_discharge: 1.0
