cost_values:
  wind_capex: 5000.0
  wind_opex: 100
  wind_lifetime: 20
  solar_capex: 1000.0
  solar_opex: 10
  solar_lifetime: 20
  carbon_price: 1.0
timeseries_values:
  load_level: 259495.22321838085
  wind_year: 2012
  solar_year: 2012
  price_year: 2023
  carbon_year: 2023
storage_values:
  CAES:
    cost: 43.1042
    lifetime: 25.7717
    annual_cost: 1.6725400342235863
    efficiency: 0.594627
    discharge_ratio: 0.1
    depth_of_discharge: 0.4
  Li-ion:
    cost: 214.864
    lifetime: 25.5599
    annual_cost: 8.406292669376642
    efficiency: 0.89885
    discharge_ratio: 2
    depth_of_discharge: 0.9
  Pb-acid:
    cost: 201.469
    lifetime: 11.5943
    annual_cost: 17.37655572134583
    efficiency: 0.721649
    discharge_ratio: 5
    depth_of_discharge: 0.5
  VRBF:
    cost: 241.174
    lifetime: 20.7469
    annual_cost: 11.624580057743566
    efficiency: 0.746023
    discharge_ratio: 0.5
    depth_of_discharge: 1.0
