cost_values:
  wind_capex: 5000.0
  wind_opex: 100
  wind_lifetime: 20
  solar_capex: 1000.0
  solar_opex: 10
  solar_lifetime: 20
  carbon_price: 1.0
timeseries_values:
  load_level: 259495.22321838085
  wind_year: 2012
  solar_year: 2012
  price_year: 2023
  carbon_year: 2023
storage_values:
  CAES:
    cost: 45.7184
    lifetime: 25.6253
    annual_cost: 1.7841117957643424
    efficiency: 0.581823
    discharge_ratio: 0.1
    depth_of_discharge: 0.4
  Li-ion:
    cost: 223.03
    lifetime: 25.2043
    annual_cost: 8.84888689628357
    efficiency: 0.890704
    discharge_ratio: 2
    depth_of_discharge: 0.9
  Pb-acid:
    cost: 220.706
    lifetime: 8.90371
    annual_cost: 24.78809395184704
    efficiency: 0.732422
    discharge_ratio: 5
    depth_of_discharge: 0.5
  VRBF:
    cost: 220.938
    lifetime: 19.977
    annual_cost: 11.059618561345546
    efficiency: 0.748811
    discharge_ratio: 0.5
    depth_of_discharge: 1.0
