cost_values:
  wind_capex: 5000.0
  wind_opex: 100
  wind_lifetime: 20
  solar_capex: 1000.0
  solar_opex: 10
  solar_lifetime: 20
  carbon_price: 1.0
timeseries_values:
  load_level: 259495.22321838085
  wind_year: 2012
  solar_year: 2012
  price_year: 2023
  carbon_year: 2023
storage_values:
  CAES:
    cost: 49.3981
    lifetime: 26.5135
    annual_cost: 1.8631301035321628
    efficiency: 0.593702
    discharge_ratio: 0.1
    depth_of_discharge: 0.4
  Li-ion:
    cost: 211.368
    lifetime: 25.9888
    annual_cost: 8.13304192575263
    efficiency: 0.885908
    discharge_ratio: 2
    depth_of_discharge: 0.9
  Pb-acid:
    cost: 196.173
    lifetime: 11.0659
    annual_cost: 17.727704027688667
    efficiency: 0.742338
    discharge_ratio: 5
    depth_of_discharge: 0.5
  VRBF:
    cost: 194.068
    lifetime: 18.6768
    annual_cost: 10.39085924783689
    efficiency: 0.736161
    discharge_ratio: 0.5
    depth_of_discharge: 1.0
