cost_values:
  wind_capex: 5000.0
  wind_opex: 100
  wind_lifetime: 20
  solar_capex: 1000.0
  solar_opex: 10
  solar_lifetime: 20
  carbon_price: 1.0
timeseries_values:
  load_level: 259495.22321838085
  wind_year: 2012
  solar_year: 2012
  price_year: 2023
  carbon_year: 2023
storage_values:
  CAES:
    cost: 41.0573
    lifetime: 25.9553
    annual_cost: 1.5818464822213574
    efficiency: 0.58842
    discharge_ratio: 0.1
    depth_of_discharge: 0.4
  Li-ion:
    cost: 220.015
    lifetime: 25.6155
    annual_cost: 8.589135484374694
    efficiency: 0.897988
    discharge_ratio: 2
    depth_of_discharge: 0.9
  Pb-acid:
    cost: 183.377
    lifetime: 11.0629
    annual_cost: 16.57585262453787
    efficiency: 0.739464
    discharge_ratio: 5
    depth_of_discharge: 0.5
  VRBF:
    cost: 187.625
    lifetime: 19.8584
    annual_cost: 9.448142851387827
    efficiency: 0.73618
    discharge_ratio: 0.5
    depth_of_discharge: 1.0
