cost_values:
  wind_capex: 5000.0
  wind_opex: 100
  wind_lifetime: 20
  solar_capex: 1000.0
  solar_opex: 10
  solar_lifetime: 20
  carbon_price: 1.0
timeseries_values:
  load_level: 259495.22321838085
  wind_year: 2012
  solar_year: 2012
  price_year: 2023
  carbon_year: 2023
storage_values:
  CAES:
    cost: 39.6644
    lifetime: 26.2462
    annual_cost: 1.5112435323970708
    efficiency: 0.593249
    discharge_ratio: 0.1
    depth_of_discharge: 0.4
  Li-ion:
    cost: 191.549
    lifetime: 27.7313
    annual_cost: 6.907321330049439
    efficiency: 0.883329
    discharge_ratio: 2
    depth_of_discharge: 0.9
  Pb-acid:
    cost: 200.417
    lifetime: 9.40238
    annual_cost: 21.315560528291773
    efficiency: 0.728116
    discharge_ratio: 5
    depth_of_discharge: 0.5
  VRBF:
    cost: 229.989
    lifetime: 16.928
    annual_cost: 13.586306710775046
    efficiency: 0.730802
    discharge_ratio: 0.5
    depth_of_discharge: 1.0
