cost_values:
  wind_capex: 5000.0
  wind_opex: 100
  wind_lifetime: 20
  solar_capex: 1000.0
  solar_opex: 10
  solar_lifetime: 20
  carbon_price: 1.0
timeseries_values:
  load_level: 259495.22321838085
  wind_year: 2012
  solar_year: 2012
  price_year: 2023
  carbon_year: 2023
storage_values:
  CAES:
    cost: 47.2862
    lifetime: 25.8286
    annual_cost: 1.8307689925121764
    efficiency: 0.581092
    discharge_ratio: 0.1
    depth_of_discharge: 0.4
  Li-ion:
    cost: 220.193
    lifetime: 25.5545
    annual_cost: 8.61660372928447
    efficiency: 0.908934
    discharge_ratio: 2
    depth_of_discharge: 0.9
  Pb-acid:
    cost: 185.836
    lifetime: 11.3337
    annual_cost: 16.396763634117722
    efficiency: 0.724516
    discharge_ratio: 5
    depth_of_discharge: 0.5
  VRBF:
    cost: 225.059
    lifetime: 17.7475
    annual_cost: 12.681166361459361
    efficiency: 0.739082
    discharge_ratio: 0.5
    depth_of_discharge: 1.0
