cost_values:
  wind_capex: 5000.0
  wind_opex: 100
  wind_lifetime: 20
  solar_capex: 1000.0
  solar_opex: 10
  solar_lifetime: 20
  carbon_price: 1.0
timeseries_values:
  load_level: 259495.22321838085
  wind_year: 2012
  solar_year: 2012
  price_year: 2023
  carbon_year: 2023
storage_values:
  CAES:
    cost: 44.7671
    lifetime: 25.9947
    annual_cost: 1.7221625946827621
    efficiency: 0.595767
    discharge_ratio: 0.1
    depth_of_discharge: 0.4
  Li-ion:
    cost: 192.388
    lifetime: 25.4189
    annual_cost: 7.568698881540901
    efficiency: 0.902992
    discharge_ratio: 2
    depth_of_discharge: 0.9
  Pb-acid:
    cost: 183.795
    lifetime: 10.5272
    annual_cost: 17.459058439091113
    efficiency: 0.734311
    discharge_ratio: 5
    depth_of_discharge: 0.5
  VRBF:
    cost: 244.816
    lifetime: 17.8806
    annual_cost: 13.691710568996566
    efficiency: 0.719446
    discharge_ratio: 0.5
    depth_of_discharge: 1.0
