cost_values:
  wind_capex: 5000.0
  wind_opex: 100
  wind_lifetime: 20
  solar_capex: 1000.0
  solar_opex: 10
  solar_lifetime: 20
  carbon_price: 1.0
timeseries_values:
  load_level: 259495.22321838085
  wind_year: 2012
  solar_year: 2012
  price_year: 2023
  carbon_year: 2023
storage_values:
  CAES:
    cost: 45.3276
    lifetime: 25.4091
    annual_cost: 1.7839120630010508
    efficiency: 0.596162
    discharge_ratio: 0.1
    depth_of_discharge: 0.4
  Li-ion:
    cost: 207.118
    lifetime: 26.7612
    annual_cost: 7.739488513220633
    efficiency: 0.893448
    discharge_ratio: 2
    depth_of_discharge: 0.9
  Pb-acid:
    cost: 212.453
    lifetime: 11.502
    annual_cost: 18.47096157190054
    efficiency: 0.715838
    discharge_ratio: 5
    depth_of_discharge: 0.5
  VRBF:
    cost: 205.489
    lifetime: 17.4482
    annual_cost: 11.777088754140829
    efficiency: 0.718352
    discharge_ratio: 0.5
    depth_of_discharge: 1.0
