cost_values:
  wind_capex: 5000.0
  wind_opex: 100
  wind_lifetime: 20
  solar_capex: 1000.0
  solar_opex: 10
  solar_lifetime: 20
  carbon_price: 1.0
timeseries_values:
  load_level: 259495.22321838085
  wind_year: 2012
  solar_year: 2012
  price_year: 2023
  carbon_year: 2023
storage_values:
  CAES:
    cost: 50.9061
    lifetime: 26.4506
    annual_cost: 1.9245725994873462
    efficiency: 0.594628
    discharge_ratio: 0.1
    depth_of_discharge: 0.4
  Li-ion:
    cost: 203.729
    lifetime: 26.3423
    annual_cost: 7.7339108582014475
    efficiency: 0.895984
    discharge_ratio: 2
    depth_of_discharge: 0.9
  Pb-acid:
    cost: 212.956
    lifetime: 10.4474
    annual_cost: 20.383636119991575
    efficiency: 0.73923
    discharge_ratio: 5
    depth_of_discharge: 0.5
  VRBF:
    cost: 228.638
    lifetime: 19.0373
    annual_cost: 12.010001418268349
    efficiency: 0.745835
    discharge_ratio: 0.5
    depth_of_discharge: 1.0
