cost_values:
  wind_capex: 5000.0
  wind_opex: 100
  wind_lifetime: 20
  solar_capex: 1000.0
  solar_opex: 10
  solar_lifetime: 20
  carbon_price: 1.0
timeseries_values:
  load_level: 259495.22321838085
  wind_year: 2012
  solar_year: 2012
  price_year: 2023
  carbon_year: 2023
storage_values:
  CAES:
    cost: 41.4714
    lifetime: 26.1957
    annual_cost: 1.5831376905369967
    efficiency: 0.600367
    discharge_ratio: 0.1
    depth_of_discharge: 0.4
  Li-ion:
    cost: 187.12
    lifetime: 25.4651
    annual_cost: 7.3480960216138955
    efficiency: 0.887786
    discharge_ratio: 2
    depth_of_discharge: 0.9
  Pb-acid:
    cost: 215.148
    lifetime: 10.1538
    annual_cost: 21.188914495065884
    efficiency: 0.721005
    discharge_ratio: 5
    depth_of_discharge: 0.5
  VRBF:
    cost: 229.801
    lifetime: 18.2326
    annual_cost: 12.603852440134702
    efficiency: 0.741994
    discharge_ratio: 0.5
    depth_of_discharge: 1.0
