cost_values:
  wind_capex: 5000.0
  wind_opex: 100
  wind_lifetime: 20
  solar_capex: 1000.0
  solar_opex: 10
  solar_lifetime: 20
  carbon_price: 1.0
timeseries_values:
  load_level: 259495.22321838085
  wind_year: 2012
  solar_year: 2012
  price_year: 2023
  carbon_year: 2023
storage_values:
  CAES:
    cost: 44.3191
    lifetime: 25.9753
    annual_cost: 1.7062016608085373
    efficiency: 0.59388
    discharge_ratio: 0.1
    depth_of_discharge: 0.4
  Li-ion:
    cost: 187.095
    lifetime: 24.8785
    annual_cost: 7.520348895632775
    efficiency: 0.897795
    discharge_ratio: 2
    depth_of_discharge: 0.9
  Pb-acid:
    cost: 176.396
    lifetime: 11.0664
    annual_cost: 15.9397816814863
    efficiency: 0.73557
    discharge_ratio: 5
    depth_of_discharge: 0.5
  VRBF:
    cost: 208.789
    lifetime: 20.29
    annual_cost: 10.290241498275012
    efficiency: 0.74368
    discharge_ratio: 0.5
    depth_of_discharge: 1.0
