cost_values:
  wind_capex: 5000.0
  wind_opex: 100
  wind_lifetime: 20
  solar_capex: 1000.0
  solar_opex: 10
  solar_lifetime: 20
  carbon_price: 1.0
timeseries_values:
  load_level: 259495.22321838085
  wind_year: 2012
  solar_year: 2012
  price_year: 2023
  carbon_year: 2023
storage_values:
  CAES:
    cost: 42.339
    lifetime: 27.3564
    annual_cost: 1.5476817125060314
    efficiency: 0.591883
    discharge_ratio: 0.1
    depth_of_discharge: 0.4
  Li-ion:
    cost: 209.322
    lifetime: 25.1698
    annual_cost: 8.316395044855343
    efficiency: 0.883731
    discharge_ratio: 2
    depth_of_discharge: 0.9
  Pb-acid:
    cost: 191.264
    lifetime: 11.8135
    annual_cost: 16.19029076903543
    efficiency: 0.731022
    discharge_ratio: 5
    depth_of_discharge: 0.5
  VRBF:
    cost: 221.635
    lifetime: 18.3217
    annual_cost: 12.096857824328527
    efficiency: 0.732138
    discharge_ratio: 0.5
    depth_of_discharge: 1.0
