cost_values:
  wind_capex: 5000.0
  wind_opex: 100
  wind_lifetime: 20
  solar_capex: 1000.0
  solar_opex: 10
  solar_lifetime: 20
  carbon_price: 1.0
timeseries_values:
  load_level: 259495.22321838085
  wind_year: 2012
  solar_year: 2012
  price_year: 2023
  carbon_year: 2023
storage_values:
  CAES:
    cost: 41.6052
    lifetime: 26.3446
    annual_cost: 1.579268616718417
    efficiency: 0.589642
    discharge_ratio: 0.1
    depth_of_discharge: 0.4
  Li-ion:
    cost: 219.201
    lifetime: 24.9177
    annual_cost: 8.796999723088406
    efficiency: 0.911693
    discharge_ratio: 2
    depth_of_discharge: 0.9
  Pb-acid:
    cost: 208.726
    lifetime: 9.27144
    annual_cost: 22.51279197190512
    efficiency: 0.711106
    discharge_ratio: 5
    depth_of_discharge: 0.5
  VRBF:
    cost: 246.292
    lifetime: 18.5553
    annual_cost: 13.273404364251723
    efficiency: 0.736848
    discharge_ratio: 0.5
    depth_of_discharge: 1.0
