cost_values:
  wind_capex: 5000.0
  wind_opex: 100
  wind_lifetime: 20
  solar_capex: 1000.0
  solar_opex: 10
  solar_lifetime: 20
  carbon_price: 1.0
timeseries_values:
  load_level: 259495.22321838085
  wind_year: 2012
  solar_year: 2012
  price_year: 2023
  carbon_year: 2023
storage_values:
  CAES:
    cost: 43.4646
    lifetime: 26.3428
    annual_cost: 1.649961279742472
    efficiency: 0.598115
    discharge_ratio: 0.1
    depth_of_discharge: 0.4
  Li-ion:
    cost: 215.543
    lifetime: 23.9164
    annual_cost: 9.012351357227677
    efficiency: 0.895528
    discharge_ratio: 2
    depth_of_discharge: 0.9
  Pb-acid:
    cost: 201.692
    lifetime: 11.8812
    annual_cost: 16.975726357606977
    efficiency: 0.741732
    discharge_ratio: 5
    depth_of_discharge: 0.5
  VRBF:
    cost: 224.786
    lifetime: 19.0253
    annual_cost: 11.815109354386001
    efficiency: 0.742124
    discharge_ratio: 0.5
    depth_of_discharge: 1.0
