cost_values:
  wind_capex: 5000.0
  wind_opex: 100
  wind_lifetime: 20
  solar_capex: 1000.0
  solar_opex: 10
  solar_lifetime: 20
  carbon_price: 1.0
timeseries_values:
  load_level: 259495.22321838085
  wind_year: 2012
  solar_year: 2012
  price_year: 2023
  carbon_year: 2023
storage_values:
  CAES:
    cost: 46.2988
    lifetime: 25.1705
    annual_cost: 1.8394072426054309
    efficiency: 0.575533
    discharge_ratio: 0.1
    depth_of_discharge: 0.4
  Li-ion:
    cost: 223.521
    lifetime: 24.2675
    annual_cost: 9.210713917791285
    efficiency: 0.893911
    discharge_ratio: 2
    depth_of_discharge: 0.9
  Pb-acid:
    cost: 188.298
    lifetime: 9.89104
    annual_cost: 19.0372296543134
    efficiency: 0.735202
    discharge_ratio: 5
    depth_of_discharge: 0.5
  VRBF:
    cost: 198.493
    lifetime: 18.7236
    annual_cost: 10.601219850883377
    efficiency: 0.731569
    discharge_ratio: 0.5
    depth_of_discharge: 1.0
