cost_values:
  wind_capex: 5000.0
  wind_opex: 100
  wind_lifetime: 20
  solar_capex: 1000.0
  solar_opex: 10
  solar_lifetime: 20
  carbon_price: 1.0
timeseries_values:
  load_level: 259495.22321838085
  wind_year: 2012
  solar_year: 2012
  price_year: 2023
  carbon_year: 2023
storage_values:
  CAES:
    cost: 44.7962
    lifetime: 26.0862
    annual_cost: 1.7172374665531966
    efficiency: 0.587357
    discharge_ratio: 0.1
    depth_of_discharge: 0.4
  Li-ion:
    cost: 210.183
    lifetime: 24.1434
    annual_cost: 8.705608986306817
    efficiency: 0.909722
    discharge_ratio: 2
    depth_of_discharge: 0.9
  Pb-acid:
    cost: 213.79
    lifetime: 12.1292
    annual_cost: 17.626059426837713
    efficiency: 0.741629
    discharge_ratio: 5
    depth_of_discharge: 0.5
  VRBF:
    cost: 218.86
    lifetime: 18.5501
    annual_cost: 11.798319146527513
    efficiency: 0.725422
    discharge_ratio: 0.5
    depth_of_discharge: 1.0
