cost_values:
  wind_capex: 5000.0
  wind_opex: 100
  wind_lifetime: 20
  solar_capex: 1000.0
  solar_opex: 10
  solar_lifetime: 20
  carbon_price: 1.0
timeseries_values:
  load_level: 259495.22321838085
  wind_year: 2012
  solar_year: 2012
  price_year: 2023
  carbon_year: 2023
storage_values:
  CAES:
    cost: 42.2775
    lifetime: 26.7177
    annual_cost: 1.5823779741519668
    efficiency: 0.589104
    discharge_ratio: 0.1
    depth_of_discharge: 0.4
  Li-ion:
    cost: 216.856
    lifetime: 24.1558
    annual_cost: 8.977388453290722
    efficiency: 0.905204
    discharge_ratio: 2
    depth_of_discharge: 0.9
  Pb-acid:
    cost: 200.417
    lifetime: 12.0737
    annual_cost: 16.59946826573461
    efficiency: 0.725363
    discharge_ratio: 5
    depth_of_discharge: 0.5
  VRBF:
    cost: 199.467
    lifetime: 19.7129
    annual_cost: 10.11860253945386
    efficiency: 0.746714
    discharge_ratio: 0.5
    depth_of_discharge: 1.0
