cost_values:
  wind_capex: 5000.0
  wind_opex: 100
  wind_lifetime: 20
  solar_capex: 1000.0
  solar_opex: 10
  solar_lifetime: 20
  carbon_price: 1.0
timeseries_values:
  load_level: 259495.22321838085
  wind_year: 2012
  solar_year: 2012
  price_year: 2023
  carbon_year: 2023
storage_values:
  CAES:
    cost: 51.7408
    lifetime: 25.4917
    annual_cost: 2.029711631629118
    efficiency: 0.579999
    discharge_ratio: 0.1
    depth_of_discharge: 0.4
  Li-ion:
    cost: 201.032
    lifetime: 28.315
    annual_cost: 7.099841073635882
    efficiency: 0.872933
    discharge_ratio: 2
    depth_of_discharge: 0.9
  Pb-acid:
    cost: 208.047
    lifetime: 12.8439
    annual_cost: 16.19811739424941
    efficiency: 0.733788
    discharge_ratio: 5
    depth_of_discharge: 0.5
  VRBF:
    cost: 231.805
    lifetime: 18.668
    annual_cost: 12.417238054424685
    efficiency: 0.744739
    discharge_ratio: 0.5
    depth_of_discharge: 1.0
