cost_values:
  wind_capex: 5000.0
  wind_opex: 100
  wind_lifetime: 20
  solar_capex: 1000.0
  solar_opex: 10
  solar_lifetime: 20
  carbon_price: 1.0
timeseries_values:
  load_level: 259495.22321838085
  wind_year: 2012
  solar_year: 2012
  price_year: 2023
  carbon_year: 2023
storage_values:
  CAES:
    cost: 44.7159
    lifetime: 25.3443
    annual_cost: 1.7643375433529431
    efficiency: 0.580225
    discharge_ratio: 0.1
    depth_of_discharge: 0.4
  Li-ion:
    cost: 214.641
    lifetime: 24.6839
    annual_cost: 8.69558700205397
    efficiency: 0.902204
    discharge_ratio: 2
    depth_of_discharge: 0.9
  Pb-acid:
    cost: 215.12
    lifetime: 12.3042
    annual_cost: 17.483460932039467
    efficiency: 0.723041
    discharge_ratio: 5
    depth_of_discharge: 0.5
  VRBF:
    cost: 235.421
    lifetime: 20.5265
    annual_cost: 11.469125277080847
    efficiency: 0.728851
    discharge_ratio: 0.5
    depth_of_discharge: 1.0
