cost_values:
  wind_capex: 5000.0
  wind_opex: 100
  wind_lifetime: 20
  solar_capex: 1000.0
  solar_opex: 10
  solar_lifetime: 20
  carbon_price: 1.0
timeseries_values:
  load_level: 259495.22321838085
  wind_year: 2012
  solar_year: 2012
  price_year: 2023
  carbon_year: 2023
storage_values:
  CAES:
    cost: 35.7877
    lifetime: 25.8365
    annual_cost: 1.385160528709384
    efficiency: 0.591479
    discharge_ratio: 0.1
    depth_of_discharge: 0.4
  Li-ion:
    cost: 210.543
    lifetime: 24.48
    annual_cost: 8.60061274509804
    efficiency: 0.881196
    discharge_ratio: 2
    depth_of_discharge: 0.9
  Pb-acid:
    cost: 209.613
    lifetime: 10.0883
    annual_cost: 20.777831745685596
    efficiency: 0.717122
    discharge_ratio: 5
    depth_of_discharge: 0.5
  VRBF:
    cost: 221.678
    lifetime: 19.7755
    annual_cost: 11.20972921038659
    efficiency: 0.756865
    discharge_ratio: 0.5
    depth_of_discharge: 1.0
