cost_values:
  wind_capex: 5000.0
  wind_opex: 100
  wind_lifetime: 20
  solar_capex: 1000.0
  solar_opex: 10
  solar_lifetime: 20
  carbon_price: 1.0
timeseries_values:
  load_level: 259495.22321838085
  wind_year: 2012
  solar_year: 2012
  price_year: 2023
  carbon_year: 2023
storage_values:
  CAES:
    cost: 42.3533
    lifetime: 25.6562
    annual_cost: 1.6508017555210825
    efficiency: 0.580254
    discharge_ratio: 0.1
    depth_of_discharge: 0.4
  Li-ion:
    cost: 194.708
    lifetime: 26.492
    annual_cost: 7.3496904725955
    efficiency: 0.894677
    discharge_ratio: 2
    depth_of_discharge: 0.9
  Pb-acid:
    cost: 193.631
    lifetime: 12.5112
    annual_cost: 15.476612954792506
    efficiency: 0.738287
    discharge_ratio: 5
    depth_of_discharge: 0.5
  VRBF:
    cost: 193.902
    lifetime: 17.5221
    annual_cost: 11.066139332614242
    efficiency: 0.715961
    discharge_ratio: 0.5
    depth_of_discharge: 1.0
