cost_values:
  wind_capex: 5000.0
  wind_opex: 100
  wind_lifetime: 20
  solar_capex: 1000.0
  solar_opex: 10
  solar_lifetime: 20
  carbon_price: 1.0
timeseries_values:
  load_level: 259495.22321838085
  wind_year: 2012
  solar_year: 2012
  price_year: 2023
  carbon_year: 2023
storage_values:
  CAES:
    cost: 42.1539
    lifetime: 26.7018
    annual_cost: 1.5786913241803924
    efficiency: 0.594901
    discharge_ratio: 0.1
    depth_of_discharge: 0.4
  Li-ion:
    cost: 217.052
    lifetime: 23.9687
    annual_cost: 9.055643401602923
    efficiency: 0.893396
    discharge_ratio: 2
    depth_of_discharge: 0.9
  Pb-acid:
    cost: 196.563
    lifetime: 11.4797
    annual_cost: 17.12265999982578
    efficiency: 0.740489
    discharge_ratio: 5
    depth_of_discharge: 0.5
  VRBF:
    cost: 204.268
    lifetime: 19.2027
    annual_cost: 10.637462440177684
    efficiency: 0.740141
    discharge_ratio: 0.5
    depth_of_discharge: 1.0
