cost_values:
  wind_capex: 5000.0
  wind_opex: 100
  wind_lifetime: 20
  solar_capex: 1000.0
  solar_opex: 10
  solar_lifetime: 20
  carbon_price: 1.0
timeseries_values:
  load_level: 259495.22321838085
  wind_year: 2012
  solar_year: 2012
  price_year: 2023
  carbon_year: 2023
storage_values:
  CAES:
    cost: 46.8904
    lifetime: 24.6761
    annual_cost: 1.9002354504966343
    efficiency: 0.593533
    discharge_ratio: 0.1
    depth_of_discharge: 0.4
  Li-ion:
    cost: 213.034
    lifetime: 24.108
    annual_cost: 8.836651733864278
    efficiency: 0.896431
    discharge_ratio: 2
    depth_of_discharge: 0.9
  Pb-acid:
    cost: 197.694
    lifetime: 11.2756
    annual_cost: 17.532902905388625
    efficiency: 0.724455
    discharge_ratio: 5
    depth_of_discharge: 0.5
  VRBF:
    cost: 183.76
    lifetime: 20.778
    annual_cost: 8.843969583213013
    efficiency: 0.728339
    discharge_ratio: 0.5
    depth_of_discharge: 1.0
