cost_values:
  wind_capex: 5000.0
  wind_opex: 100
  wind_lifetime: 20
  solar_capex: 1000.0
  solar_opex: 10
  solar_lifetime: 20
  carbon_price: 1.0
timeseries_values:
  load_level: 248857.37643537179
  wind_year: 2018
  solar_year: 2019
  price_year: 2023
  carbon_year: 2023
storage_values:
  CAES:
    cost: 51.57
    lifetime: 25.9709
    annual_cost: 1.98568397706664
    efficiency: 0.61807
    discharge_ratio: 0.1
    depth_of_discharge: 0.4
  Li-ion:
    cost: 203.813
    lifetime: 20.8433
    annual_cost: 9.77834603925482
    efficiency: 0.9189
    discharge_ratio: 2
    depth_of_discharge: 0.9
  Pb-acid:
    cost: 122.032
    lifetime: 12.1045
    annual_cost: 10.08153992316907
    efficiency: 0.740818
    discharge_ratio: 5
    depth_of_discharge: 0.5
  VRBF:
    cost: 299.563
    lifetime: 20.5553
    annual_cost: 14.573516319392079
    efficiency: 0.6566
    discharge_ratio: 0.5
    depth_of_discharge: 1.0
