cost_values:
  wind_capex: 5000.0
  wind_opex: 100
  wind_lifetime: 20
  solar_capex: 1000.0
  solar_opex: 10
  solar_lifetime: 20
  carbon_price: 1.0
timeseries_values:
  load_level: 248857.37643537179
  wind_year: 2018
  solar_year: 2019
  price_year: 2023
  carbon_year: 2023
storage_values:
  CAES:
    cost: 44.9848
    lifetime: 26.7255
    annual_cost: 1.6832164038090962
    efficiency: 0.617744
    discharge_ratio: 0.1
    depth_of_discharge: 0.4
  Li-ion:
    cost: 204.954
    lifetime: 18.3684
    annual_cost: 11.157966943228589
    efficiency: 0.910052
    discharge_ratio: 2
    depth_of_discharge: 0.9
  Pb-acid:
    cost: 138.171
    lifetime: 11.72
    annual_cost: 11.78933447098976
    efficiency: 0.748488
    discharge_ratio: 5
    depth_of_discharge: 0.5
  VRBF:
    cost: 302.877
    lifetime: 17.4293
    annual_cost: 17.377462089699527
    efficiency: 0.651799
    discharge_ratio: 0.5
    depth_of_discharge: 1.0
