cost_values:
  wind_capex: 5000.0
  wind_opex: 100
  wind_lifetime: 20
  solar_capex: 1000.0
  solar_opex: 10
  solar_lifetime: 20
  carbon_price: 1.0
timeseries_values:
  load_level: 248857.37643537179
  wind_year: 2018
  solar_year: 2019
  price_year: 2023
  carbon_year: 2023
storage_values:
  CAES:
    cost: 51.8811
    lifetime: 26.9535
    annual_cost: 1.9248372196560746
    efficiency: 0.597676
    discharge_ratio: 0.1
    depth_of_discharge: 0.4
  Li-ion:
    cost: 186.115
    lifetime: 17.8767
    annual_cost: 10.411037831367087
    efficiency: 0.931836
    discharge_ratio: 2
    depth_of_discharge: 0.9
  Pb-acid:
    cost: 125.887
    lifetime: 13.0491
    annual_cost: 9.647178732632902
    efficiency: 0.745292
    discharge_ratio: 5
    depth_of_discharge: 0.5
  VRBF:
    cost: 314.146
    lifetime: 17.1197
    annual_cost: 18.349971085941927
    efficiency: 0.670856
    discharge_ratio: 0.5
    depth_of_discharge: 1.0
