cost_values:
  wind_capex: 5000.0
  wind_opex: 100
  wind_lifetime: 20
  solar_capex: 1000.0
  solar_opex: 10
  solar_lifetime: 20
  carbon_price: 1.0
timeseries_values:
  load_level: 248857.37643537179
  wind_year: 2018
  solar_year: 2019
  price_year: 2023
  carbon_year: 2023
storage_values:
  CAES:
    cost: 51.2002
    lifetime: 25.7489
    annual_cost: 1.9884422247163958
    efficiency: 0.609147
    discharge_ratio: 0.1
    depth_of_discharge: 0.4
  Li-ion:
    cost: 221.969
    lifetime: 20.0586
    annual_cost: 11.066026542231263
    efficiency: 0.932015
    discharge_ratio: 2
    depth_of_discharge: 0.9
  Pb-acid:
    cost: 128.273
    lifetime: 12.8481
    annual_cost: 9.983810835843432
    efficiency: 0.752647
    discharge_ratio: 5
    depth_of_discharge: 0.5
  VRBF:
    cost: 287.605
    lifetime: 19.6746
    annual_cost: 14.618086263507262
    efficiency: 0.690051
    discharge_ratio: 0.5
    depth_of_discharge: 1.0
