cost_values:
  wind_capex: 5000.0
  wind_opex: 100
  wind_lifetime: 20
  solar_capex: 1000.0
  solar_opex: 10
  solar_lifetime: 20
  carbon_price: 1.0
timeseries_values:
  load_level: 248857.37643537179
  wind_year: 2018
  solar_year: 2019
  price_year: 2023
  carbon_year: 2023
storage_values:
  CAES:
    cost: 47.9918
    lifetime: 25.7788
    annual_cost: 1.8616770369450866
    efficiency: 0.616508
    discharge_ratio: 0.1
    depth_of_discharge: 0.4
  Li-ion:
    cost: 213.528
    lifetime: 18.9985
    annual_cost: 11.239203094981182
    efficiency: 0.918847
    discharge_ratio: 2
    depth_of_discharge: 0.9
  Pb-acid:
    cost: 131.55
    lifetime: 13.3163
    annual_cost: 9.878870256753002
    efficiency: 0.747392
    discharge_ratio: 5
    depth_of_discharge: 0.5
  VRBF:
    cost: 333.341
    lifetime: 20.9366
    annual_cost: 15.92144856375916
    efficiency: 0.672705
    discharge_ratio: 0.5
    depth_of_discharge: 1.0
