cost_values:
  wind_capex: 5000.0
  wind_opex: 100
  wind_lifetime: 20
  solar_capex: 1000.0
  solar_opex: 10
  solar_lifetime: 20
  carbon_price: 1.0
timeseries_values:
  load_level: 248857.37643537179
  wind_year: 2018
  solar_year: 2019
  price_year: 2023
  carbon_year: 2023
storage_values:
  CAES:
    cost: 47.9016
    lifetime: 26.2533
    annual_cost: 1.8245934796768408
    efficiency: 0.604664
    discharge_ratio: 0.1
    depth_of_discharge: 0.4
  Li-ion:
    cost: 208.079
    lifetime: 18.264
    annual_cost: 11.39284932106877
    efficiency: 0.926215
    discharge_ratio: 2
    depth_of_discharge: 0.9
  Pb-acid:
    cost: 153.814
    lifetime: 13.3907
    annual_cost: 11.486628779675446
    efficiency: 0.745157
    discharge_ratio: 5
    depth_of_discharge: 0.5
  VRBF:
    cost: 343.735
    lifetime: 20.1869
    annual_cost: 17.027626827298892
    efficiency: 0.650779
    discharge_ratio: 0.5
    depth_of_discharge: 1.0
