cost_values:
  wind_capex: 5000.0
  wind_opex: 100
  wind_lifetime: 20
  solar_capex: 1000.0
  solar_opex: 10
  solar_lifetime: 20
  carbon_price: 1.0
timeseries_values:
  load_level: 248857.37643537179
  wind_year: 2018
  solar_year: 2019
  price_year: 2023
  carbon_year: 2023
storage_values:
  CAES:
    cost: 46.8231
    lifetime: 26.8445
    annual_cost: 1.7442343869321462
    efficiency: 0.591937
    discharge_ratio: 0.1
    depth_of_discharge: 0.4
  Li-ion:
    cost: 230.756
    lifetime: 17.7945
    annual_cost: 12.967827137598697
    efficiency: 0.918338
    discharge_ratio: 2
    depth_of_discharge: 0.9
  Pb-acid:
    cost: 167.808
    lifetime: 12.8012
    annual_cost: 13.108771052713807
    efficiency: 0.737175
    discharge_ratio: 5
    depth_of_discharge: 0.5
  VRBF:
    cost: 285.344
    lifetime: 20.3275
    annual_cost: 14.037338580740375
    efficiency: 0.670546
    discharge_ratio: 0.5
    depth_of_discharge: 1.0
