cost_values:
  wind_capex: 5000.0
  wind_opex: 100
  wind_lifetime: 20
  solar_capex: 1000.0
  solar_opex: 10
  solar_lifetime: 20
  carbon_price: 1.0
timeseries_values:
  load_level: 248857.37643537179
  wind_year: 2018
  solar_year: 2019
  price_year: 2023
  carbon_year: 2023
storage_values:
  CAES:
    cost: 49.1305
    lifetime: 26.1721
    annual_cost: 1.8772089362336226
    efficiency: 0.599743
    discharge_ratio: 0.1
    depth_of_discharge: 0.4
  Li-ion:
    cost: 209.551
    lifetime: 17.0051
    annual_cost: 12.322832561996107
    efficiency: 0.933057
    discharge_ratio: 2
    depth_of_discharge: 0.9
  Pb-acid:
    cost: 129.651
    lifetime: 13.9146
    annual_cost: 9.31762321590272
    efficiency: 0.747248
    discharge_ratio: 5
    depth_of_discharge: 0.5
  VRBF:
    cost: 294.812
    lifetime: 16.766
    annual_cost: 17.583919837766913
    efficiency: 0.66519
    discharge_ratio: 0.5
    depth_of_discharge: 1.0
