cost_values:
  wind_capex: 5000.0
  wind_opex: 100
  wind_lifetime: 20
  solar_capex: 1000.0
  solar_opex: 10
  solar_lifetime: 20
  carbon_price: 1.0
timeseries_values:
  load_level: 248857.37643537179
  wind_year: 2018
  solar_year: 2019
  price_year: 2023
  carbon_year: 2023
storage_values:
  CAES:
    cost: 51.046
    lifetime: 25.7
    annual_cost: 1.986225680933852
    efficiency: 0.615572
    discharge_ratio: 0.1
    depth_of_discharge: 0.4
  Li-ion:
    cost: 194.154
    lifetime: 19.2788
    annual_cost: 10.0708550324709
    efficiency: 0.915968
    discharge_ratio: 2
    depth_of_discharge: 0.9
  Pb-acid:
    cost: 141.345
    lifetime: 13.5374
    annual_cost: 10.441074356966626
    efficiency: 0.739564
    discharge_ratio: 5
    depth_of_discharge: 0.5
  VRBF:
    cost: 310.657
    lifetime: 20.3595
    annual_cost: 15.2585770770402
    efficiency: 0.677623
    discharge_ratio: 0.5
    depth_of_discharge: 1.0
