cost_values:
  wind_capex: 5000.0
  wind_opex: 100
  wind_lifetime: 20
  solar_capex: 1000.0
  solar_opex: 10
  solar_lifetime: 20
  carbon_price: 1.0
timeseries_values:
  load_level: 248857.37643537179
  wind_year: 2018
  solar_year: 2019
  price_year: 2023
  carbon_year: 2023
storage_values:
  CAES:
    cost: 49.3985
    lifetime: 26.7799
    annual_cost: 1.8446110702429805
    efficiency: 0.612359
    discharge_ratio: 0.1
    depth_of_discharge: 0.4
  Li-ion:
    cost: 213.958
    lifetime: 19.1822
    annual_cost: 11.153986508325426
    efficiency: 0.916595
    discharge_ratio: 2
    depth_of_discharge: 0.9
  Pb-acid:
    cost: 137.225
    lifetime: 12.2188
    annual_cost: 11.230644580482535
    efficiency: 0.738
    discharge_ratio: 5
    depth_of_discharge: 0.5
  VRBF:
    cost: 288.59
    lifetime: 18.1038
    annual_cost: 15.940852196776365
    efficiency: 0.681002
    discharge_ratio: 0.5
    depth_of_discharge: 1.0
