cost_values:
  wind_capex: 5000.0
  wind_opex: 100
  wind_lifetime: 20
  solar_capex: 1000.0
  solar_opex: 10
  solar_lifetime: 20
  carbon_price: 1.0
timeseries_values:
  load_level: 248857.37643537179
  wind_year: 2018
  solar_year: 2019
  price_year: 2023
  carbon_year: 2023
storage_values:
  CAES:
    cost: 48.1194
    lifetime: 25.8714
    annual_cost: 1.8599457315800458
    efficiency: 0.600141
    discharge_ratio: 0.1
    depth_of_discharge: 0.4
  Li-ion:
    cost: 220.557
    lifetime: 22.067
    annual_cost: 9.994879231431549
    efficiency: 0.930808
    discharge_ratio: 2
    depth_of_discharge: 0.9
  Pb-acid:
    cost: 128.648
    lifetime: 11.4833
    annual_cost: 11.203051387667308
    efficiency: 0.750428
    discharge_ratio: 5
    depth_of_discharge: 0.5
  VRBF:
    cost: 287.489
    lifetime: 17.4971
    annual_cost: 16.43066565316538
    efficiency: 0.686478
    discharge_ratio: 0.5
    depth_of_discharge: 1.0
