cost_values:
  wind_capex: 5000.0
  wind_opex: 100
  wind_lifetime: 20
  solar_capex: 1000.0
  solar_opex: 10
  solar_lifetime: 20
  carbon_price: 1.0
timeseries_values:
  load_level: 248857.37643537179
  wind_year: 2018
  solar_year: 2019
  price_year: 2023
  carbon_year: 2023
storage_values:
  CAES:
    cost: 52.3886
    lifetime: 26.7303
    annual_cost: 1.9598956988885272
    efficiency: 0.610546
    discharge_ratio: 0.1
    depth_of_discharge: 0.4
  Li-ion:
    cost: 193.184
    lifetime: 19.908
    annual_cost: 9.703837653204742
    efficiency: 0.915668
    discharge_ratio: 2
    depth_of_discharge: 0.9
  Pb-acid:
    cost: 114.194
    lifetime: 12.1724
    annual_cost: 9.381387401005554
    efficiency: 0.751354
    discharge_ratio: 5
    depth_of_discharge: 0.5
  VRBF:
    cost: 278.982
    lifetime: 20.6642
    annual_cost: 13.500740410952275
    efficiency: 0.661877
    discharge_ratio: 0.5
    depth_of_discharge: 1.0
