cost_values:
  wind_capex: 5000.0
  wind_opex: 100
  wind_lifetime: 20
  solar_capex: 1000.0
  solar_opex: 10
  solar_lifetime: 20
  carbon_price: 1.0
timeseries_values:
  load_level: 248857.37643537179
  wind_year: 2018
  solar_year: 2019
  price_year: 2023
  carbon_year: 2023
storage_values:
  CAES:
    cost: 53.2966
    lifetime: 25.3837
    annual_cost: 2.099638744548667
    efficiency: 0.604092
    discharge_ratio: 0.1
    depth_of_discharge: 0.4
  Li-ion:
    cost: 200.316
    lifetime: 17.9215
    annual_cost: 11.177412604971682
    efficiency: 0.921116
    discharge_ratio: 2
    depth_of_discharge: 0.9
  Pb-acid:
    cost: 123.099
    lifetime: 12.938
    annual_cost: 9.514530839387849
    efficiency: 0.747073
    discharge_ratio: 5
    depth_of_discharge: 0.5
  VRBF:
    cost: 284.547
    lifetime: 18.4359
    annual_cost: 15.434397018859944
    efficiency: 0.672554
    discharge_ratio: 0.5
    depth_of_discharge: 1.0
