cost_values:
  wind_capex: 5000.0
  wind_opex: 100
  wind_lifetime: 20
  solar_capex: 1000.0
  solar_opex: 10
  solar_lifetime: 20
  carbon_price: 1.0
timeseries_values:
  load_level: 248857.37643537179
  wind_year: 2018
  solar_year: 2019
  price_year: 2023
  carbon_year: 2023
storage_values:
  CAES:
    cost: 53.1485
    lifetime: 25.9837
    annual_cost: 2.045455420128773
    efficiency: 0.597981
    discharge_ratio: 0.1
    depth_of_discharge: 0.4
  Li-ion:
    cost: 190.523
    lifetime: 20.2573
    annual_cost: 9.405152710380948
    efficiency: 0.911772
    discharge_ratio: 2
    depth_of_discharge: 0.9
  Pb-acid:
    cost: 135.281
    lifetime: 11.7908
    annual_cost: 11.473436916918274
    efficiency: 0.739165
    discharge_ratio: 5
    depth_of_discharge: 0.5
  VRBF:
    cost: 292.655
    lifetime: 18.735
    annual_cost: 15.620763277288496
    efficiency: 0.69318
    discharge_ratio: 0.5
    depth_of_discharge: 1.0
