cost_values:
  wind_capex: 5000.0
  wind_opex: 100
  wind_lifetime: 20
  solar_capex: 1000.0
  solar_opex: 10
  solar_lifetime: 20
  carbon_price: 1.0
timeseries_values:
  load_level: 248857.37643537179
  wind_year: 2018
  solar_year: 2019
  price_year: 2023
  carbon_year: 2023
storage_values:
  CAES:
    cost: 50.0948
    lifetime: 26.1479
    annual_cost: 1.9158249802087357
    efficiency: 0.605408
    discharge_ratio: 0.1
    depth_of_discharge: 0.4
  Li-ion:
    cost: 197.675
    lifetime: 17.1807
    annual_cost: 11.505642959832835
    efficiency: 0.930139
    discharge_ratio: 2
    depth_of_discharge: 0.9
  Pb-acid:
    cost: 124.335
    lifetime: 12.141
    annual_cost: 10.240919199406967
    efficiency: 0.755306
    discharge_ratio: 5
    depth_of_discharge: 0.5
  VRBF:
    cost: 297.437
    lifetime: 18.3567
    annual_cost: 16.203184668268264
    efficiency: 0.684128
    discharge_ratio: 0.5
    depth_of_discharge: 1.0
