cost_values:
  wind_capex: 5000.0
  wind_opex: 100
  wind_lifetime: 20
  solar_capex: 1000.0
  solar_opex: 10
  solar_lifetime: 20
  carbon_price: 1.0
timeseries_values:
  load_level: 248857.37643537179
  wind_year: 2018
  solar_year: 2019
  price_year: 2023
  carbon_year: 2023
storage_values:
  CAES:
    cost: 45.7723
    lifetime: 26.996
    annual_cost: 1.6955215587494445
    efficiency: 0.607311
    discharge_ratio: 0.1
    depth_of_discharge: 0.4
  Li-ion:
    cost: 213.372
    lifetime: 17.8239
    annual_cost: 11.971117432211807
    efficiency: 0.910075
    discharge_ratio: 2
    depth_of_discharge: 0.9
  Pb-acid:
    cost: 130.292
    lifetime: 11.7013
    annual_cost: 11.134831172604754
    efficiency: 0.736392
    discharge_ratio: 5
    depth_of_discharge: 0.5
  VRBF:
    cost: 344.102
    lifetime: 18.2742
    annual_cost: 18.829935099758128
    efficiency: 0.677333
    discharge_ratio: 0.5
    depth_of_discharge: 1.0
