cost_values:
  wind_capex: 5000.0
  wind_opex: 100
  wind_lifetime: 20
  solar_capex: 1000.0
  solar_opex: 10
  solar_lifetime: 20
  carbon_price: 1.0
timeseries_values:
  load_level: 248857.37643537179
  wind_year: 2018
  solar_year: 2019
  price_year: 2023
  carbon_year: 2023
storage_values:
  CAES:
    cost: 56.1413
    lifetime: 26.2767
    annual_cost: 2.136543021003398
    efficiency: 0.606671
    discharge_ratio: 0.1
    depth_of_discharge: 0.4
  Li-ion:
    cost: 188.861
    lifetime: 18.0227
    annual_cost: 10.47906251560532
    efficiency: 0.921348
    discharge_ratio: 2
    depth_of_discharge: 0.9
  Pb-acid:
    cost: 126.896
    lifetime: 13.6428
    annual_cost: 9.301316445304483
    efficiency: 0.74306
    discharge_ratio: 5
    depth_of_discharge: 0.5
  VRBF:
    cost: 302.645
    lifetime: 19.7339
    annual_cost: 15.33629946437349
    efficiency: 0.683465
    discharge_ratio: 0.5
    depth_of_discharge: 1.0
