cost_values:
  wind_capex: 5000.0
  wind_opex: 100
  wind_lifetime: 20
  solar_capex: 1000.0
  solar_opex: 10
  solar_lifetime: 20
  carbon_price: 1.0
timeseries_values:
  load_level: 248857.37643537179
  wind_year: 2018
  solar_year: 2019
  price_year: 2023
  carbon_year: 2023
storage_values:
  CAES:
    cost: 45.914
    lifetime: 26.2342
    annual_cost: 1.7501581904536825
    efficiency: 0.618099
    discharge_ratio: 0.1
    depth_of_discharge: 0.4
  Li-ion:
    cost: 185.527
    lifetime: 18.3376
    annual_cost: 10.117299973824274
    efficiency: 0.916051
    discharge_ratio: 2
    depth_of_discharge: 0.9
  Pb-acid:
    cost: 134.36
    lifetime: 12.7933
    annual_cost: 10.502372335519373
    efficiency: 0.751522
    discharge_ratio: 5
    depth_of_discharge: 0.5
  VRBF:
    cost: 292.285
    lifetime: 18.8108
    annual_cost: 15.538148297786378
    efficiency: 0.661139
    discharge_ratio: 0.5
    depth_of_discharge: 1.0
