cost_values:
  wind_capex: 5000.0
  wind_opex: 100
  wind_lifetime: 20
  solar_capex: 1000.0
  solar_opex: 10
  solar_lifetime: 20
  carbon_price: 1.0
timeseries_values:
  load_level: 248857.37643537179
  wind_year: 2018
  solar_year: 2019
  price_year: 2023
  carbon_year: 2023
storage_values:
  CAES:
    cost: 62.1812
    lifetime: 25.8241
    annual_cost: 2.4078748146111577
    efficiency: 0.60766
    discharge_ratio: 0.1
    depth_of_discharge: 0.4
  Li-ion:
    cost: 194.508
    lifetime: 18.8237
    annual_cost: 10.333143855883808
    efficiency: 0.927955
    discharge_ratio: 2
    depth_of_discharge: 0.9
  Pb-acid:
    cost: 137.808
    lifetime: 13.1681
    annual_cost: 10.465291120207166
    efficiency: 0.738254
    discharge_ratio: 5
    depth_of_discharge: 0.5
  VRBF:
    cost: 315.718
    lifetime: 19.1386
    annual_cost: 16.496399945659558
    efficiency: 0.67116
    discharge_ratio: 0.5
    depth_of_discharge: 1.0
