cost_values:
  wind_capex: 5000.0
  wind_opex: 100
  wind_lifetime: 20
  solar_capex: 1000.0
  solar_opex: 10
  solar_lifetime: 20
  carbon_price: 1.0
timeseries_values:
  load_level: 248857.37643537179
  wind_year: 2018
  solar_year: 2019
  price_year: 2023
  carbon_year: 2023
storage_values:
  CAES:
    cost: 52.77
    lifetime: 26.4544
    annual_cost: 1.9947532357566229
    efficiency: 0.603121
    discharge_ratio: 0.1
    depth_of_discharge: 0.4
  Li-ion:
    cost: 203.686
    lifetime: 17.2907
    annual_cost: 11.78008987490385
    efficiency: 0.923017
    discharge_ratio: 2
    depth_of_discharge: 0.9
  Pb-acid:
    cost: 147.521
    lifetime: 13.7728
    annual_cost: 10.711039149628252
    efficiency: 0.733442
    discharge_ratio: 5
    depth_of_discharge: 0.5
  VRBF:
    cost: 317.033
    lifetime: 17.6617
    annual_cost: 17.950310559006212
    efficiency: 0.676732
    discharge_ratio: 0.5
    depth_of_discharge: 1.0
