cost_values:
  wind_capex: 5000.0
  wind_opex: 100
  wind_lifetime: 20
  solar_capex: 1000.0
  solar_opex: 10
  solar_lifetime: 20
  carbon_price: 1.0
timeseries_values:
  load_level: 248857.37643537179
  wind_year: 2018
  solar_year: 2019
  price_year: 2023
  carbon_year: 2023
storage_values:
  CAES:
    cost: 51.5659
    lifetime: 26.533
    annual_cost: 1.9434628575735875
    efficiency: 0.608077
    discharge_ratio: 0.1
    depth_of_discharge: 0.4
  Li-ion:
    cost: 191.959
    lifetime: 18.6185
    annual_cost: 10.310121653194402
    efficiency: 0.917526
    discharge_ratio: 2
    depth_of_discharge: 0.9
  Pb-acid:
    cost: 158.372
    lifetime: 12.4873
    annual_cost: 12.682645567896985
    efficiency: 0.739652
    discharge_ratio: 5
    depth_of_discharge: 0.5
  VRBF:
    cost: 305.831
    lifetime: 21.5144
    annual_cost: 14.215176811809766
    efficiency: 0.670645
    discharge_ratio: 0.5
    depth_of_discharge: 1.0
