cost_values:
  wind_capex: 5000.0
  wind_opex: 100
  wind_lifetime: 20
  solar_capex: 1000.0
  solar_opex: 10
  solar_lifetime: 20
  carbon_price: 1.0
timeseries_values:
  load_level: 248857.37643537179
  wind_year: 2018
  solar_year: 2019
  price_year: 2023
  carbon_year: 2023
storage_values:
  CAES:
    cost: 51.3875
    lifetime: 26.8035
    annual_cost: 1.9171936500830116
    efficiency: 0.613636
    discharge_ratio: 0.1
    depth_of_discharge: 0.4
  Li-ion:
    cost: 202.894
    lifetime: 20.5884
    annual_cost: 9.854772590390706
    efficiency: 0.918945
    discharge_ratio: 2
    depth_of_discharge: 0.9
  Pb-acid:
    cost: 134.34
    lifetime: 11.9246
    annual_cost: 11.265786693054695
    efficiency: 0.775731
    discharge_ratio: 5
    depth_of_discharge: 0.5
  VRBF:
    cost: 325.944
    lifetime: 19.744
    annual_cost: 16.50850891410049
    efficiency: 0.694513
    discharge_ratio: 0.5
    depth_of_discharge: 1.0
