cost_values:
  wind_capex: 5000.0
  wind_opex: 100
  wind_lifetime: 20
  solar_capex: 1000.0
  solar_opex: 10
  solar_lifetime: 20
  carbon_price: 1.0
timeseries_values:
  load_level: 248857.37643537179
  wind_year: 2018
  solar_year: 2019
  price_year: 2023
  carbon_year: 2023
storage_values:
  CAES:
    cost: 54.2882
    lifetime: 25.6558
    annual_cost: 2.1160205489596895
    efficiency: 0.623125
    discharge_ratio: 0.1
    depth_of_discharge: 0.4
  Li-ion:
    cost: 213.969
    lifetime: 16.9481
    annual_cost: 12.624955009706103
    efficiency: 0.927543
    discharge_ratio: 2
    depth_of_discharge: 0.9
  Pb-acid:
    cost: 135.195
    lifetime: 12.3951
    annual_cost: 10.907132657259723
    efficiency: 0.748847
    discharge_ratio: 5
    depth_of_discharge: 0.5
  VRBF:
    cost: 301.766
    lifetime: 18.1338
    annual_cost: 16.641079089876364
    efficiency: 0.679649
    discharge_ratio: 0.5
    depth_of_discharge: 1.0
