cost_values:
  wind_capex: 5000.0
  wind_opex: 100
  wind_lifetime: 20
  solar_capex: 1000.0
  solar_opex: 10
  solar_lifetime: 20
  carbon_price: 1.0
timeseries_values:
  load_level: 248857.37643537179
  wind_year: 2018
  solar_year: 2019
  price_year: 2023
  carbon_year: 2023
storage_values:
  CAES:
    cost: 56.0419
    lifetime: 26.4903
    annual_cost: 2.1155630551560383
    efficiency: 0.604062
    discharge_ratio: 0.1
    depth_of_discharge: 0.4
  Li-ion:
    cost: 197.315
    lifetime: 19.7873
    annual_cost: 9.971800093999688
    efficiency: 0.926923
    discharge_ratio: 2
    depth_of_discharge: 0.9
  Pb-acid:
    cost: 145.191
    lifetime: 14.1167
    annual_cost: 10.28505245560223
    efficiency: 0.761231
    discharge_ratio: 5
    depth_of_discharge: 0.5
  VRBF:
    cost: 303.014
    lifetime: 19.6972
    annual_cost: 15.383607822431616
    efficiency: 0.663742
    discharge_ratio: 0.5
    depth_of_discharge: 1.0
