cost_values:
  wind_capex: 5000.0
  wind_opex: 100
  wind_lifetime: 20
  solar_capex: 1000.0
  solar_opex: 10
  solar_lifetime: 20
  carbon_price: 1.0
timeseries_values:
  load_level: 248857.37643537179
  wind_year: 2018
  solar_year: 2019
  price_year: 2023
  carbon_year: 2023
storage_values:
  CAES:
    cost: 52.4393
    lifetime: 24.9993
    annual_cost: 2.0976307336605426
    efficiency: 0.608769
    discharge_ratio: 0.1
    depth_of_discharge: 0.4
  Li-ion:
    cost: 199.874
    lifetime: 19.3157
    annual_cost: 10.347748204828196
    efficiency: 0.922472
    discharge_ratio: 2
    depth_of_discharge: 0.9
  Pb-acid:
    cost: 126.323
    lifetime: 11.7337
    annual_cost: 10.765828340591629
    efficiency: 0.737996
    discharge_ratio: 5
    depth_of_discharge: 0.5
  VRBF:
    cost: 303.034
    lifetime: 19.0167
    annual_cost: 15.935151735053926
    efficiency: 0.673188
    discharge_ratio: 0.5
    depth_of_discharge: 1.0
