cost_values:
  wind_capex: 5000.0
  wind_opex: 100
  wind_lifetime: 20
  solar_capex: 1000.0
  solar_opex: 10
  solar_lifetime: 20
  carbon_price: 1.0
timeseries_values:
  load_level: 248857.37643537179
  wind_year: 2018
  solar_year: 2019
  price_year: 2023
  carbon_year: 2023
storage_values:
  CAES:
    cost: 49.7879
    lifetime: 25.0776
    annual_cost: 1.9853534628513094
    efficiency: 0.607399
    discharge_ratio: 0.1
    depth_of_discharge: 0.4
  Li-ion:
    cost: 194.146
    lifetime: 17.5804
    annual_cost: 11.04332097108143
    efficiency: 0.908845
    discharge_ratio: 2
    depth_of_discharge: 0.9
  Pb-acid:
    cost: 108.149
    lifetime: 13.349
    annual_cost: 8.1016555547232
    efficiency: 0.741207
    discharge_ratio: 5
    depth_of_discharge: 0.5
  VRBF:
    cost: 308.942
    lifetime: 17.6443
    annual_cost: 17.50945064411736
    efficiency: 0.672375
    discharge_ratio: 0.5
    depth_of_discharge: 1.0
