cost_values:
  wind_capex: 5000.0
  wind_opex: 100
  wind_lifetime: 20
  solar_capex: 1000.0
  solar_opex: 10
  solar_lifetime: 20
  carbon_price: 1.0
timeseries_values:
  load_level: 248857.37643537179
  wind_year: 2018
  solar_year: 2019
  price_year: 2023
  carbon_year: 2023
storage_values:
  CAES:
    cost: 46.1114
    lifetime: 26.0268
    annual_cost: 1.7716891819201745
    efficiency: 0.618475
    discharge_ratio: 0.1
    depth_of_discharge: 0.4
  Li-ion:
    cost: 197.662
    lifetime: 18.6191
    annual_cost: 10.616087780827216
    efficiency: 0.897216
    discharge_ratio: 2
    depth_of_discharge: 0.9
  Pb-acid:
    cost: 134.774
    lifetime: 12.963
    annual_cost: 10.396821723366505
    efficiency: 0.74798
    discharge_ratio: 5
    depth_of_discharge: 0.5
  VRBF:
    cost: 305.569
    lifetime: 18.6438
    annual_cost: 16.38984541777964
    efficiency: 0.680409
    discharge_ratio: 0.5
    depth_of_discharge: 1.0
