cost_values:
  wind_capex: 5000.0
  wind_opex: 100
  wind_lifetime: 20
  solar_capex: 1000.0
  solar_opex: 10
  solar_lifetime: 20
  carbon_price: 1.0
timeseries_values:
  load_level: 248857.37643537179
  wind_year: 2018
  solar_year: 2019
  price_year: 2023
  carbon_year: 2023
storage_values:
  CAES:
    cost: 55.5018
    lifetime: 26.7097
    annual_cost: 2.0779641852959787
    efficiency: 0.62264
    discharge_ratio: 0.1
    depth_of_discharge: 0.4
  Li-ion:
    cost: 186.57
    lifetime: 19.0045
    annual_cost: 9.817148570075508
    efficiency: 0.923723
    discharge_ratio: 2
    depth_of_discharge: 0.9
  Pb-acid:
    cost: 118.207
    lifetime: 12.6811
    annual_cost: 9.321509963646685
    efficiency: 0.737678
    discharge_ratio: 5
    depth_of_discharge: 0.5
  VRBF:
    cost: 324.055
    lifetime: 20.1602
    annual_cost: 16.073997281773
    efficiency: 0.660992
    discharge_ratio: 0.5
    depth_of_discharge: 1.0
