cost_values:
  wind_capex: 5000.0
  wind_opex: 100
  wind_lifetime: 20
  solar_capex: 1000.0
  solar_opex: 10
  solar_lifetime: 20
  carbon_price: 1.0
timeseries_values:
  load_level: 248857.37643537179
  wind_year: 2018
  solar_year: 2019
  price_year: 2023
  carbon_year: 2023
storage_values:
  CAES:
    cost: 48.573
    lifetime: 25.7302
    annual_cost: 1.8877816728979955
    efficiency: 0.609789
    discharge_ratio: 0.1
    depth_of_discharge: 0.4
  Li-ion:
    cost: 223.823
    lifetime: 19.2519
    annual_cost: 11.626021327765052
    efficiency: 0.906034
    discharge_ratio: 2
    depth_of_discharge: 0.9
  Pb-acid:
    cost: 126.875
    lifetime: 11.4881
    annual_cost: 11.044036872938085
    efficiency: 0.746257
    discharge_ratio: 5
    depth_of_discharge: 0.5
  VRBF:
    cost: 303.566
    lifetime: 20.664
    annual_cost: 14.690572977158341
    efficiency: 0.66377
    discharge_ratio: 0.5
    depth_of_discharge: 1.0
