cost_values:
  wind_capex: 5000.0
  wind_opex: 100
  wind_lifetime: 20
  solar_capex: 1000.0
  solar_opex: 10
  solar_lifetime: 20
  carbon_price: 1.0
timeseries_values:
  load_level: 248857.37643537179
  wind_year: 2018
  solar_year: 2019
  price_year: 2023
  carbon_year: 2023
storage_values:
  CAES:
    cost: 49.8543
    lifetime: 25.3911
    annual_cost: 1.9634556990441532
    efficiency: 0.600358
    discharge_ratio: 0.1
    depth_of_discharge: 0.4
  Li-ion:
    cost: 185.625
    lifetime: 20.0488
    annual_cost: 9.258658872351463
    efficiency: 0.93997
    discharge_ratio: 2
    depth_of_discharge: 0.9
  Pb-acid:
    cost: 129.551
    lifetime: 13.1371
    annual_cost: 9.861461053048236
    efficiency: 0.736775
    discharge_ratio: 5
    depth_of_discharge: 0.5
  VRBF:
    cost: 305.348
    lifetime: 18.9336
    annual_cost: 16.12730806608358
    efficiency: 0.680095
    discharge_ratio: 0.5
    depth_of_discharge: 1.0
