cost_values:
  wind_capex: 5000.0
  wind_opex: 100
  wind_lifetime: 20
  solar_capex: 1000.0
  solar_opex: 10
  solar_lifetime: 20
  carbon_price: 1.0
timeseries_values:
  load_level: 248857.37643537179
  wind_year: 2018
  solar_year: 2019
  price_year: 2023
  carbon_year: 2023
storage_values:
  CAES:
    cost: 49.0595
    lifetime: 26.1258
    annual_cost: 1.8778180955224337
    efficiency: 0.607401
    discharge_ratio: 0.1
    depth_of_discharge: 0.4
  Li-ion:
    cost: 210.905
    lifetime: 19.859
    annual_cost: 10.620121859106701
    efficiency: 0.918657
    discharge_ratio: 2
    depth_of_discharge: 0.9
  Pb-acid:
    cost: 135.392
    lifetime: 13.1451
    annual_cost: 10.29980753284494
    efficiency: 0.749757
    discharge_ratio: 5
    depth_of_discharge: 0.5
  VRBF:
    cost: 325.9
    lifetime: 19.4615
    annual_cost: 16.74588289700177
    efficiency: 0.672656
    discharge_ratio: 0.5
    depth_of_discharge: 1.0
