cost_values:
  wind_capex: 5000.0
  wind_opex: 100
  wind_lifetime: 20
  solar_capex: 1000.0
  solar_opex: 10
  solar_lifetime: 20
  carbon_price: 1.0
timeseries_values:
  load_level: 248857.37643537179
  wind_year: 2018
  solar_year: 2019
  price_year: 2023
  carbon_year: 2023
storage_values:
  CAES:
    cost: 46.6309
    lifetime: 25.7935
    annual_cost: 1.8078546920735843
    efficiency: 0.603763
    discharge_ratio: 0.1
    depth_of_discharge: 0.4
  Li-ion:
    cost: 207.188
    lifetime: 18.5241
    annual_cost: 11.184780907034618
    efficiency: 0.931093
    discharge_ratio: 2
    depth_of_discharge: 0.9
  Pb-acid:
    cost: 136.578
    lifetime: 12.1038
    annual_cost: 11.283894314182323
    efficiency: 0.745893
    discharge_ratio: 5
    depth_of_discharge: 0.5
  VRBF:
    cost: 314.223
    lifetime: 17.2884
    annual_cost: 18.175366141459016
    efficiency: 0.656413
    discharge_ratio: 0.5
    depth_of_discharge: 1.0
