cost_values:
  wind_capex: 5000.0
  wind_opex: 100
  wind_lifetime: 20
  solar_capex: 1000.0
  solar_opex: 10
  solar_lifetime: 20
  carbon_price: 1.0
timeseries_values:
  load_level: 248857.37643537179
  wind_year: 2018
  solar_year: 2019
  price_year: 2023
  carbon_year: 2023
storage_values:
  CAES:
    cost: 50.2076
    lifetime: 25.9134
    annual_cost: 1.9375149536533223
    efficiency: 0.609307
    discharge_ratio: 0.1
    depth_of_discharge: 0.4
  Li-ion:
    cost: 198.351
    lifetime: 16.5362
    annual_cost: 11.994956519635707
    efficiency: 0.917156
    discharge_ratio: 2
    depth_of_discharge: 0.9
  Pb-acid:
    cost: 128.11
    lifetime: 12.7619
    annual_cost: 10.038473894952947
    efficiency: 0.748551
    discharge_ratio: 5
    depth_of_discharge: 0.5
  VRBF:
    cost: 291.591
    lifetime: 20.1983
    annual_cost: 14.436412965447587
    efficiency: 0.674533
    discharge_ratio: 0.5
    depth_of_discharge: 1.0
