cost_values:
  wind_capex: 5000.0
  wind_opex: 100
  wind_lifetime: 20
  solar_capex: 1000.0
  solar_opex: 10
  solar_lifetime: 20
  carbon_price: 1.0
timeseries_values:
  load_level: 248857.37643537179
  wind_year: 2018
  solar_year: 2019
  price_year: 2023
  carbon_year: 2023
storage_values:
  CAES:
    cost: 54.0273
    lifetime: 26.1571
    annual_cost: 2.065492734286293
    efficiency: 0.605649
    discharge_ratio: 0.1
    depth_of_discharge: 0.4
  Li-ion:
    cost: 176.254
    lifetime: 17.9507
    annual_cost: 9.818781440278094
    efficiency: 0.911504
    discharge_ratio: 2
    depth_of_discharge: 0.9
  Pb-acid:
    cost: 141.729
    lifetime: 13.08
    annual_cost: 10.835550458715597
    efficiency: 0.734564
    discharge_ratio: 5
    depth_of_discharge: 0.5
  VRBF:
    cost: 323.746
    lifetime: 17.3776
    annual_cost: 18.6300754994936
    efficiency: 0.666525
    discharge_ratio: 0.5
    depth_of_discharge: 1.0
