cost_values:
  wind_capex: 5000.0
  wind_opex: 100
  wind_lifetime: 20
  solar_capex: 1000.0
  solar_opex: 10
  solar_lifetime: 20
  carbon_price: 1.0
timeseries_values:
  load_level: 248857.37643537179
  wind_year: 2018
  solar_year: 2019
  price_year: 2023
  carbon_year: 2023
storage_values:
  CAES:
    cost: 49.5499
    lifetime: 26.6794
    annual_cost: 1.8572344205641806
    efficiency: 0.609283
    discharge_ratio: 0.1
    depth_of_discharge: 0.4
  Li-ion:
    cost: 185.248
    lifetime: 18.9203
    annual_cost: 9.790965259536053
    efficiency: 0.918914
    discharge_ratio: 2
    depth_of_discharge: 0.9
  Pb-acid:
    cost: 156.589
    lifetime: 12.7584
    annual_cost: 12.273404188612993
    efficiency: 0.754434
    discharge_ratio: 5
    depth_of_discharge: 0.5
  VRBF:
    cost: 291.911
    lifetime: 21.2518
    annual_cost: 13.735824730140505
    efficiency: 0.676017
    discharge_ratio: 0.5
    depth_of_discharge: 1.0
