cost_values:
  wind_capex: 5000.0
  wind_opex: 100
  wind_lifetime: 20
  solar_capex: 1000.0
  solar_opex: 10
  solar_lifetime: 20
  carbon_price: 1.0
timeseries_values:
  load_level: 248857.37643537179
  wind_year: 2018
  solar_year: 2019
  price_year: 2023
  carbon_year: 2023
storage_values:
  CAES:
    cost: 49.4644
    lifetime: 26.1669
    annual_cost: 1.8903423791125429
    efficiency: 0.603256
    discharge_ratio: 0.1
    depth_of_discharge: 0.4
  Li-ion:
    cost: 202.479
    lifetime: 18.8519
    annual_cost: 10.740508914220849
    efficiency: 0.927391
    discharge_ratio: 2
    depth_of_discharge: 0.9
  Pb-acid:
    cost: 138.112
    lifetime: 11.3273
    annual_cost: 12.192843837454646
    efficiency: 0.714805
    discharge_ratio: 5
    depth_of_discharge: 0.5
  VRBF:
    cost: 303.901
    lifetime: 18.0509
    annual_cost: 16.83578104138852
    efficiency: 0.66495
    discharge_ratio: 0.5
    depth_of_discharge: 1.0
