cost_values:
  wind_capex: 5000.0
  wind_opex: 100
  wind_lifetime: 20
  solar_capex: 1000.0
  solar_opex: 10
  solar_lifetime: 20
  carbon_price: 1.0
timeseries_values:
  load_level: 248857.37643537179
  wind_year: 2018
  solar_year: 2019
  price_year: 2023
  carbon_year: 2023
storage_values:
  CAES:
    cost: 48.5594
    lifetime: 25.831
    annual_cost: 1.8798885060586117
    efficiency: 0.60592
    discharge_ratio: 0.1
    depth_of_discharge: 0.4
  Li-ion:
    cost: 217.809
    lifetime: 19.884
    annual_cost: 10.95398310199155
    efficiency: 0.922048
    discharge_ratio: 2
    depth_of_discharge: 0.9
  Pb-acid:
    cost: 136.742
    lifetime: 13.517
    annual_cost: 10.11629799511726
    efficiency: 0.753195
    discharge_ratio: 5
    depth_of_discharge: 0.5
  VRBF:
    cost: 301.53
    lifetime: 20.6807
    annual_cost: 14.58026082289284
    efficiency: 0.681471
    discharge_ratio: 0.5
    depth_of_discharge: 1.0
