cost_values:
  wind_capex: 5000.0
  wind_opex: 100
  wind_lifetime: 20
  solar_capex: 1000.0
  solar_opex: 10
  solar_lifetime: 20
  carbon_price: 1.0
timeseries_values:
  load_level: 248857.37643537179
  wind_year: 2018
  solar_year: 2019
  price_year: 2023
  carbon_year: 2023
storage_values:
  CAES:
    cost: 51.8128
    lifetime: 26.552
    annual_cost: 1.9513708948478459
    efficiency: 0.622678
    discharge_ratio: 0.1
    depth_of_discharge: 0.4
  Li-ion:
    cost: 183.354
    lifetime: 18.4969
    annual_cost: 9.912688072055317
    efficiency: 0.919937
    discharge_ratio: 2
    depth_of_discharge: 0.9
  Pb-acid:
    cost: 140.005
    lifetime: 12.6134
    annual_cost: 11.09970348993927
    efficiency: 0.758159
    discharge_ratio: 5
    depth_of_discharge: 0.5
  VRBF:
    cost: 297.015
    lifetime: 19.7993
    annual_cost: 15.001287924320557
    efficiency: 0.674029
    discharge_ratio: 0.5
    depth_of_discharge: 1.0
