cost_values:
  wind_capex: 5000.0
  wind_opex: 100
  wind_lifetime: 20
  solar_capex: 1000.0
  solar_opex: 10
  solar_lifetime: 20
  carbon_price: 1.0
timeseries_values:
  load_level: 248857.37643537179
  wind_year: 2018
  solar_year: 2019
  price_year: 2023
  carbon_year: 2023
storage_values:
  CAES:
    cost: 49.8713
    lifetime: 26.0597
    annual_cost: 1.913732698381025
    efficiency: 0.610591
    discharge_ratio: 0.1
    depth_of_discharge: 0.4
  Li-ion:
    cost: 207.191
    lifetime: 18.5021
    annual_cost: 11.198242361677865
    efficiency: 0.910175
    discharge_ratio: 2
    depth_of_discharge: 0.9
  Pb-acid:
    cost: 147.473
    lifetime: 13.4123
    annual_cost: 10.99535500995355
    efficiency: 0.728574
    discharge_ratio: 5
    depth_of_discharge: 0.5
  VRBF:
    cost: 323.086
    lifetime: 20.1449
    annual_cost: 16.038103936976604
    efficiency: 0.687798
    discharge_ratio: 0.5
    depth_of_discharge: 1.0
