cost_values:
  wind_capex: 5000.0
  wind_opex: 100
  wind_lifetime: 20
  solar_capex: 1000.0
  solar_opex: 10
  solar_lifetime: 20
  carbon_price: 1.0
timeseries_values:
  load_level: 248857.37643537179
  wind_year: 2018
  solar_year: 2019
  price_year: 2023
  carbon_year: 2023
storage_values:
  CAES:
    cost: 49.5785
    lifetime: 26.3019
    annual_cost: 1.8849778913310444
    efficiency: 0.61207
    discharge_ratio: 0.1
    depth_of_discharge: 0.4
  Li-ion:
    cost: 209.161
    lifetime: 17.846
    annual_cost: 11.720329485599013
    efficiency: 0.921154
    discharge_ratio: 2
    depth_of_discharge: 0.9
  Pb-acid:
    cost: 160.752
    lifetime: 13.6191
    annual_cost: 11.803423133687248
    efficiency: 0.773011
    discharge_ratio: 5
    depth_of_discharge: 0.5
  VRBF:
    cost: 309.34
    lifetime: 21.3391
    annual_cost: 14.496393943512144
    efficiency: 0.661229
    discharge_ratio: 0.5
    depth_of_discharge: 1.0
