cost_values:
  wind_capex: 5000.0
  wind_opex: 100
  wind_lifetime: 20
  solar_capex: 1000.0
  solar_opex: 10
  solar_lifetime: 20
  carbon_price: 1.0
timeseries_values:
  load_level: 239872.07875022164
  wind_year: 2013
  solar_year: 2018
  price_year: 2023
  carbon_year: 2023
storage_values:
  CAES:
    cost: 25.5881
    lifetime: 23.3758
    annual_cost: 1.0946406112304177
    efficiency: 0.596826
    discharge_ratio: 0.1
    depth_of_discharge: 0.4
  Li-ion:
    cost: 188.777
    lifetime: 24.0534
    annual_cost: 7.848245986014451
    efficiency: 0.904876
    discharge_ratio: 2
    depth_of_discharge: 0.9
  Pb-acid:
    cost: 113.237
    lifetime: 14.8007
    annual_cost: 7.65078678711142
    efficiency: 0.725867
    discharge_ratio: 5
    depth_of_discharge: 0.5
  VRBF:
    cost: 204.064
    lifetime: 22.3553
    annual_cost: 9.128215680397936
    efficiency: 0.725746
    discharge_ratio: 0.5
    depth_of_discharge: 1.0
