cost_values:
  wind_capex: 5000.0
  wind_opex: 100
  wind_lifetime: 20
  solar_capex: 1000.0
  solar_opex: 10
  solar_lifetime: 20
  carbon_price: 1.0
timeseries_values:
  load_level: 239872.07875022164
  wind_year: 2013
  solar_year: 2018
  price_year: 2023
  carbon_year: 2023
storage_values:
  CAES:
    cost: 23.0567
    lifetime: 23.9257
    annual_cost: 0.9636792235963838
    efficiency: 0.599667
    discharge_ratio: 0.1
    depth_of_discharge: 0.4
  Li-ion:
    cost: 171.818
    lifetime: 25.5221
    annual_cost: 6.732126274875501
    efficiency: 0.906787
    discharge_ratio: 2
    depth_of_discharge: 0.9
  Pb-acid:
    cost: 128.74
    lifetime: 15.0188
    annual_cost: 8.571923189602366
    efficiency: 0.745334
    discharge_ratio: 5
    depth_of_discharge: 0.5
  VRBF:
    cost: 192.976
    lifetime: 21.972
    annual_cost: 8.78281449117058
    efficiency: 0.737976
    discharge_ratio: 0.5
    depth_of_discharge: 1.0
