cost_values:
  wind_capex: 5000.0
  wind_opex: 100
  wind_lifetime: 20
  solar_capex: 1000.0
  solar_opex: 10
  solar_lifetime: 20
  carbon_price: 1.0
timeseries_values:
  load_level: 239872.07875022164
  wind_year: 2013
  solar_year: 2018
  price_year: 2023
  carbon_year: 2023
storage_values:
  CAES:
    cost: 28.2881
    lifetime: 22.2545
    annual_cost: 1.2711182008133186
    efficiency: 0.601223
    discharge_ratio: 0.1
    depth_of_discharge: 0.4
  Li-ion:
    cost: 209.619
    lifetime: 25.7987
    annual_cost: 8.125176849996318
    efficiency: 0.916892
    discharge_ratio: 2
    depth_of_discharge: 0.9
  Pb-acid:
    cost: 141.912
    lifetime: 13.8853
    annual_cost: 10.220304926793084
    efficiency: 0.722079
    discharge_ratio: 5
    depth_of_discharge: 0.5
  VRBF:
    cost: 167.897
    lifetime: 18.8596
    annual_cost: 8.90246876922098
    efficiency: 0.726814
    discharge_ratio: 0.5
    depth_of_discharge: 1.0
