cost_values:
  wind_capex: 5000.0
  wind_opex: 100
  wind_lifetime: 20
  solar_capex: 1000.0
  solar_opex: 10
  solar_lifetime: 20
  carbon_price: 1.0
timeseries_values:
  load_level: 239872.07875022164
  wind_year: 2013
  solar_year: 2018
  price_year: 2023
  carbon_year: 2023
storage_values:
  CAES:
    cost: 24.3956
    lifetime: 22.2551
    annual_cost: 1.0961802013920405
    efficiency: 0.5957
    discharge_ratio: 0.1
    depth_of_discharge: 0.4
  Li-ion:
    cost: 200.428
    lifetime: 24.2905
    annual_cost: 8.251291657232251
    efficiency: 0.889803
    discharge_ratio: 2
    depth_of_discharge: 0.9
  Pb-acid:
    cost: 112.315
    lifetime: 14.1886
    annual_cost: 7.915862030080487
    efficiency: 0.74635
    discharge_ratio: 5
    depth_of_discharge: 0.5
  VRBF:
    cost: 202.893
    lifetime: 16.9544
    annual_cost: 11.966982022365876
    efficiency: 0.732082
    discharge_ratio: 0.5
    depth_of_discharge: 1.0
