cost_values:
  wind_capex: 5000.0
  wind_opex: 100
  wind_lifetime: 20
  solar_capex: 1000.0
  solar_opex: 10
  solar_lifetime: 20
  carbon_price: 1.0
timeseries_values:
  load_level: 239872.07875022164
  wind_year: 2013
  solar_year: 2018
  price_year: 2023
  carbon_year: 2023
storage_values:
  CAES:
    cost: 22.9955
    lifetime: 23.0734
    annual_cost: 0.9966238179028665
    efficiency: 0.597775
    discharge_ratio: 0.1
    depth_of_discharge: 0.4
  Li-ion:
    cost: 184.968
    lifetime: 25.5382
    annual_cost: 7.242797064789217
    efficiency: 0.90717
    discharge_ratio: 2
    depth_of_discharge: 0.9
  Pb-acid:
    cost: 134.295
    lifetime: 14.5668
    annual_cost: 9.219251997693384
    efficiency: 0.726522
    discharge_ratio: 5
    depth_of_discharge: 0.5
  VRBF:
    cost: 179.47
    lifetime: 19.173
    annual_cost: 9.360559119595266
    efficiency: 0.732956
    discharge_ratio: 0.5
    depth_of_discharge: 1.0
