cost_values:
  wind_capex: 5000.0
  wind_opex: 100
  wind_lifetime: 20
  solar_capex: 1000.0
  solar_opex: 10
  solar_lifetime: 20
  carbon_price: 1.0
timeseries_values:
  load_level: 239872.07875022164
  wind_year: 2013
  solar_year: 2018
  price_year: 2023
  carbon_year: 2023
storage_values:
  CAES:
    cost: 30.72
    lifetime: 23.2317
    annual_cost: 1.3223311251436614
    efficiency: 0.588591
    discharge_ratio: 0.1
    depth_of_discharge: 0.4
  Li-ion:
    cost: 205.024
    lifetime: 26.4949
    annual_cost: 7.738243963932681
    efficiency: 0.895398
    discharge_ratio: 2
    depth_of_discharge: 0.9
  Pb-acid:
    cost: 143.464
    lifetime: 14.5075
    annual_cost: 9.88895398931587
    efficiency: 0.736897
    discharge_ratio: 5
    depth_of_discharge: 0.5
  VRBF:
    cost: 178.2
    lifetime: 21.0256
    annual_cost: 8.475382390990031
    efficiency: 0.71912
    discharge_ratio: 0.5
    depth_of_discharge: 1.0
