cost_values:
  wind_capex: 5000.0
  wind_opex: 100
  wind_lifetime: 20
  solar_capex: 1000.0
  solar_opex: 10
  solar_lifetime: 20
  carbon_price: 1.0
timeseries_values:
  load_level: 239872.07875022164
  wind_year: 2013
  solar_year: 2018
  price_year: 2023
  carbon_year: 2023
storage_values:
  CAES:
    cost: 24.7788
    lifetime: 22.478
    annual_cost: 1.1023578610196636
    efficiency: 0.605159
    discharge_ratio: 0.1
    depth_of_discharge: 0.4
  Li-ion:
    cost: 160.523
    lifetime: 24.9345
    annual_cost: 6.437787001945096
    efficiency: 0.906846
    discharge_ratio: 2
    depth_of_discharge: 0.9
  Pb-acid:
    cost: 117.083
    lifetime: 13.6141
    annual_cost: 8.600127808668953
    efficiency: 0.725624
    discharge_ratio: 5
    depth_of_discharge: 0.5
  VRBF:
    cost: 197.039
    lifetime: 17.568
    annual_cost: 11.215790072859743
    efficiency: 0.726958
    discharge_ratio: 0.5
    depth_of_discharge: 1.0
