cost_values:
  wind_capex: 5000.0
  wind_opex: 100
  wind_lifetime: 20
  solar_capex: 1000.0
  solar_opex: 10
  solar_lifetime: 20
  carbon_price: 1.0
timeseries_values:
  load_level: 239872.07875022164
  wind_year: 2013
  solar_year: 2018
  price_year: 2023
  carbon_year: 2023
storage_values:
  CAES:
    cost: 21.3369
    lifetime: 21.7305
    annual_cost: 0.9818872092220612
    efficiency: 0.590701
    discharge_ratio: 0.1
    depth_of_discharge: 0.4
  Li-ion:
    cost: 173.422
    lifetime: 26.0426
    annual_cost: 6.659166135485704
    efficiency: 0.89531
    discharge_ratio: 2
    depth_of_discharge: 0.9
  Pb-acid:
    cost: 151.248
    lifetime: 15.3481
    annual_cost: 9.854509678722447
    efficiency: 0.734587
    discharge_ratio: 5
    depth_of_discharge: 0.5
  VRBF:
    cost: 188.42
    lifetime: 20.9842
    annual_cost: 8.97913668379066
    efficiency: 0.725959
    discharge_ratio: 0.5
    depth_of_discharge: 1.0
