cost_values:
  wind_capex: 5000.0
  wind_opex: 100
  wind_lifetime: 20
  solar_capex: 1000.0
  solar_opex: 10
  solar_lifetime: 20
  carbon_price: 1.0
timeseries_values:
  load_level: 239872.07875022164
  wind_year: 2013
  solar_year: 2018
  price_year: 2023
  carbon_year: 2023
storage_values:
  CAES:
    cost: 24.1162
    lifetime: 22.4808
    annual_cost: 1.072746521476104
    efficiency: 0.589186
    discharge_ratio: 0.1
    depth_of_discharge: 0.4
  Li-ion:
    cost: 173.317
    lifetime: 23.4151
    annual_cost: 7.401932940709201
    efficiency: 0.896554
    discharge_ratio: 2
    depth_of_discharge: 0.9
  Pb-acid:
    cost: 140.85
    lifetime: 15.1781
    annual_cost: 9.279817631982922
    efficiency: 0.722547
    discharge_ratio: 5
    depth_of_discharge: 0.5
  VRBF:
    cost: 189.129
    lifetime: 19.9953
    annual_cost: 9.458672788105204
    efficiency: 0.741017
    discharge_ratio: 0.5
    depth_of_discharge: 1.0
