cost_values:
  wind_capex: 5000.0
  wind_opex: 100
  wind_lifetime: 20
  solar_capex: 1000.0
  solar_opex: 10
  solar_lifetime: 20
  carbon_price: 1.0
timeseries_values:
  load_level: 239872.07875022164
  wind_year: 2013
  solar_year: 2018
  price_year: 2023
  carbon_year: 2023
storage_values:
  CAES:
    cost: 21.1924
    lifetime: 22.5356
    annual_cost: 0.9403965281598893
    efficiency: 0.60716
    discharge_ratio: 0.1
    depth_of_discharge: 0.4
  Li-ion:
    cost: 192.629
    lifetime: 25.3631
    annual_cost: 7.594852364261467
    efficiency: 0.895623
    discharge_ratio: 2
    depth_of_discharge: 0.9
  Pb-acid:
    cost: 126.863
    lifetime: 15.8715
    annual_cost: 7.993132344138866
    efficiency: 0.72441
    discharge_ratio: 5
    depth_of_discharge: 0.5
  VRBF:
    cost: 201.348
    lifetime: 20.6695
    annual_cost: 9.741309659159633
    efficiency: 0.729951
    discharge_ratio: 0.5
    depth_of_discharge: 1.0
