cost_values:
  wind_capex: 5000.0
  wind_opex: 100
  wind_lifetime: 20
  solar_capex: 1000.0
  solar_opex: 10
  solar_lifetime: 20
  carbon_price: 1.0
timeseries_values:
  load_level: 239872.07875022164
  wind_year: 2013
  solar_year: 2018
  price_year: 2023
  carbon_year: 2023
storage_values:
  CAES:
    cost: 26.0874
    lifetime: 23.4221
    annual_cost: 1.113794237066702
    efficiency: 0.608891
    discharge_ratio: 0.1
    depth_of_discharge: 0.4
  Li-ion:
    cost: 182.624
    lifetime: 24.6055
    annual_cost: 7.42208042917234
    efficiency: 0.906195
    discharge_ratio: 2
    depth_of_discharge: 0.9
  Pb-acid:
    cost: 147.529
    lifetime: 13.0225
    annual_cost: 11.328777116529084
    efficiency: 0.7096
    discharge_ratio: 5
    depth_of_discharge: 0.5
  VRBF:
    cost: 182.989
    lifetime: 20.2911
    annual_cost: 9.018190241041639
    efficiency: 0.73868
    discharge_ratio: 0.5
    depth_of_discharge: 1.0
