cost_values:
  wind_capex: 5000.0
  wind_opex: 100
  wind_lifetime: 20
  solar_capex: 1000.0
  solar_opex: 10
  solar_lifetime: 20
  carbon_price: 1.0
timeseries_values:
  load_level: 239872.07875022164
  wind_year: 2013
  solar_year: 2018
  price_year: 2023
  carbon_year: 2023
storage_values:
  CAES:
    cost: 24.6329
    lifetime: 21.5864
    annual_cost: 1.1411305266278766
    efficiency: 0.608932
    discharge_ratio: 0.1
    depth_of_discharge: 0.4
  Li-ion:
    cost: 184.909
    lifetime: 25.0088
    annual_cost: 7.393757397396116
    efficiency: 0.895296
    discharge_ratio: 2
    depth_of_discharge: 0.9
  Pb-acid:
    cost: 149.415
    lifetime: 14.5854
    annual_cost: 10.244148257846888
    efficiency: 0.725204
    discharge_ratio: 5
    depth_of_discharge: 0.5
  VRBF:
    cost: 203.367
    lifetime: 20.7861
    annual_cost: 9.783797826432085
    efficiency: 0.718011
    discharge_ratio: 0.5
    depth_of_discharge: 1.0
