cost_values:
  wind_capex: 5000.0
  wind_opex: 100
  wind_lifetime: 20
  solar_capex: 1000.0
  solar_opex: 10
  solar_lifetime: 20
  carbon_price: 1.0
timeseries_values:
  load_level: 239872.07875022164
  wind_year: 2013
  solar_year: 2018
  price_year: 2023
  carbon_year: 2023
storage_values:
  CAES:
    cost: 25.5507
    lifetime: 22.4112
    annual_cost: 1.1400862068965516
    efficiency: 0.598376
    discharge_ratio: 0.1
    depth_of_discharge: 0.4
  Li-ion:
    cost: 173.976
    lifetime: 26.6445
    annual_cost: 6.529527669875584
    efficiency: 0.898071
    discharge_ratio: 2
    depth_of_discharge: 0.9
  Pb-acid:
    cost: 135.783
    lifetime: 15.8944
    annual_cost: 8.54282011274411
    efficiency: 0.717022
    discharge_ratio: 5
    depth_of_discharge: 0.5
  VRBF:
    cost: 178.45
    lifetime: 19.7689
    annual_cost: 9.026804728639428
    efficiency: 0.741271
    discharge_ratio: 0.5
    depth_of_discharge: 1.0
