cost_values:
  wind_capex: 5000.0
  wind_opex: 100
  wind_lifetime: 20
  solar_capex: 1000.0
  solar_opex: 10
  solar_lifetime: 20
  carbon_price: 1.0
timeseries_values:
  load_level: 239872.07875022164
  wind_year: 2013
  solar_year: 2018
  price_year: 2023
  carbon_year: 2023
storage_values:
  CAES:
    cost: 23.4382
    lifetime: 22.52
    annual_cost: 1.040772646536412
    efficiency: 0.599915
    discharge_ratio: 0.1
    depth_of_discharge: 0.4
  Li-ion:
    cost: 182.007
    lifetime: 23.686
    annual_cost: 7.684159419066115
    efficiency: 0.895825
    discharge_ratio: 2
    depth_of_discharge: 0.9
  Pb-acid:
    cost: 118.515
    lifetime: 15.31
    annual_cost: 7.7410189418680595
    efficiency: 0.720404
    discharge_ratio: 5
    depth_of_discharge: 0.5
  VRBF:
    cost: 204.753
    lifetime: 19.2922
    annual_cost: 10.613253024538412
    efficiency: 0.719201
    discharge_ratio: 0.5
    depth_of_discharge: 1.0
