cost_values:
  wind_capex: 5000.0
  wind_opex: 100
  wind_lifetime: 20
  solar_capex: 1000.0
  solar_opex: 10
  solar_lifetime: 20
  carbon_price: 1.0
timeseries_values:
  load_level: 239872.07875022164
  wind_year: 2013
  solar_year: 2018
  price_year: 2023
  carbon_year: 2023
storage_values:
  CAES:
    cost: 24.8696
    lifetime: 23.2733
    annual_cost: 1.068589327684514
    efficiency: 0.599478
    discharge_ratio: 0.1
    depth_of_discharge: 0.4
  Li-ion:
    cost: 179.835
    lifetime: 22.4811
    annual_cost: 7.9993861510335345
    efficiency: 0.903606
    discharge_ratio: 2
    depth_of_discharge: 0.9
  Pb-acid:
    cost: 121.337
    lifetime: 15.1948
    annual_cost: 7.98542922578777
    efficiency: 0.717653
    discharge_ratio: 5
    depth_of_discharge: 0.5
  VRBF:
    cost: 200.979
    lifetime: 19.707
    annual_cost: 10.198355914142184
    efficiency: 0.726439
    discharge_ratio: 0.5
    depth_of_discharge: 1.0
