cost_values:
  wind_capex: 5000.0
  wind_opex: 100
  wind_lifetime: 20
  solar_capex: 1000.0
  solar_opex: 10
  solar_lifetime: 20
  carbon_price: 1.0
timeseries_values:
  load_level: 239872.07875022164
  wind_year: 2013
  solar_year: 2018
  price_year: 2023
  carbon_year: 2023
storage_values:
  CAES:
    cost: 21.6651
    lifetime: 22.4793
    annual_cost: 0.9637800109434013
    efficiency: 0.590211
    discharge_ratio: 0.1
    depth_of_discharge: 0.4
  Li-ion:
    cost: 197.244
    lifetime: 25.536
    annual_cost: 7.724154135338345
    efficiency: 0.907261
    discharge_ratio: 2
    depth_of_discharge: 0.9
  Pb-acid:
    cost: 134.208
    lifetime: 14.1279
    annual_cost: 9.499500987407895
    efficiency: 0.734309
    discharge_ratio: 5
    depth_of_discharge: 0.5
  VRBF:
    cost: 149.018
    lifetime: 19.8919
    annual_cost: 7.49139096818303
    efficiency: 0.730076
    discharge_ratio: 0.5
    depth_of_discharge: 1.0
