cost_values:
  wind_capex: 5000.0
  wind_opex: 100
  wind_lifetime: 20
  solar_capex: 1000.0
  solar_opex: 10
  solar_lifetime: 20
  carbon_price: 1.0
timeseries_values:
  load_level: 239872.07875022164
  wind_year: 2013
  solar_year: 2018
  price_year: 2023
  carbon_year: 2023
storage_values:
  CAES:
    cost: 24.08
    lifetime: 22.6322
    annual_cost: 1.0639708026616943
    efficiency: 0.592882
    discharge_ratio: 0.1
    depth_of_discharge: 0.4
  Li-ion:
    cost: 207.785
    lifetime: 24.9788
    annual_cost: 8.31845404903358
    efficiency: 0.888548
    discharge_ratio: 2
    depth_of_discharge: 0.9
  Pb-acid:
    cost: 136.428
    lifetime: 14.5118
    annual_cost: 9.401176973221792
    efficiency: 0.725472
    discharge_ratio: 5
    depth_of_discharge: 0.5
  VRBF:
    cost: 193.241
    lifetime: 19.4148
    annual_cost: 9.953283062406001
    efficiency: 0.727282
    discharge_ratio: 0.5
    depth_of_discharge: 1.0
