cost_values:
  wind_capex: 5000.0
  wind_opex: 100
  wind_lifetime: 20
  solar_capex: 1000.0
  solar_opex: 10
  solar_lifetime: 20
  carbon_price: 1.0
timeseries_values:
  load_level: 239872.07875022164
  wind_year: 2013
  solar_year: 2018
  price_year: 2023
  carbon_year: 2023
storage_values:
  CAES:
    cost: 24.0586
    lifetime: 22.3824
    annual_cost: 1.074889198656087
    efficiency: 0.595034
    discharge_ratio: 0.1
    depth_of_discharge: 0.4
  Li-ion:
    cost: 183.049
    lifetime: 24.0842
    annual_cost: 7.600377010654288
    efficiency: 0.91449
    discharge_ratio: 2
    depth_of_discharge: 0.9
  Pb-acid:
    cost: 133.684
    lifetime: 13.0966
    annual_cost: 10.207534780019241
    efficiency: 0.731045
    discharge_ratio: 5
    depth_of_discharge: 0.5
  VRBF:
    cost: 178.122
    lifetime: 22.0188
    annual_cost: 8.089541664395881
    efficiency: 0.748463
    discharge_ratio: 0.5
    depth_of_discharge: 1.0
