cost_values:
  wind_capex: 5000.0
  wind_opex: 100
  wind_lifetime: 20
  solar_capex: 1000.0
  solar_opex: 10
  solar_lifetime: 20
  carbon_price: 1.0
timeseries_values:
  load_level: 239872.07875022164
  wind_year: 2013
  solar_year: 2018
  price_year: 2023
  carbon_year: 2023
storage_values:
  CAES:
    cost: 25.5744
    lifetime: 24.1371
    annual_cost: 1.0595473358439913
    efficiency: 0.60329
    discharge_ratio: 0.1
    depth_of_discharge: 0.4
  Li-ion:
    cost: 169.974
    lifetime: 21.4347
    annual_cost: 7.929852062310179
    efficiency: 0.901622
    discharge_ratio: 2
    depth_of_discharge: 0.9
  Pb-acid:
    cost: 133.509
    lifetime: 15.2372
    annual_cost: 8.762042895020082
    efficiency: 0.725051
    discharge_ratio: 5
    depth_of_discharge: 0.5
  VRBF:
    cost: 175.965
    lifetime: 19.8415
    annual_cost: 8.86853312501575
    efficiency: 0.713945
    discharge_ratio: 0.5
    depth_of_discharge: 1.0
