cost_values:
  wind_capex: 5000.0
  wind_opex: 100
  wind_lifetime: 20
  solar_capex: 1000.0
  solar_opex: 10
  solar_lifetime: 20
  carbon_price: 1.0
timeseries_values:
  load_level: 239872.07875022164
  wind_year: 2013
  solar_year: 2018
  price_year: 2023
  carbon_year: 2023
storage_values:
  CAES:
    cost: 23.4498
    lifetime: 22.0275
    annual_cost: 1.064569288389513
    efficiency: 0.601628
    discharge_ratio: 0.1
    depth_of_discharge: 0.4
  Li-ion:
    cost: 155.673
    lifetime: 24.2765
    annual_cost: 6.412497682944411
    efficiency: 0.894144
    discharge_ratio: 2
    depth_of_discharge: 0.9
  Pb-acid:
    cost: 132.369
    lifetime: 15.5645
    annual_cost: 8.50454560056539
    efficiency: 0.750208
    discharge_ratio: 5
    depth_of_discharge: 0.5
  VRBF:
    cost: 187.826
    lifetime: 21.162
    annual_cost: 8.87562612229468
    efficiency: 0.739785
    discharge_ratio: 0.5
    depth_of_discharge: 1.0
