cost_values:
  wind_capex: 5000.0
  wind_opex: 100
  wind_lifetime: 20
  solar_capex: 1000.0
  solar_opex: 10
  solar_lifetime: 20
  carbon_price: 1.0
timeseries_values:
  load_level: 239872.07875022164
  wind_year: 2013
  solar_year: 2018
  price_year: 2023
  carbon_year: 2023
storage_values:
  CAES:
    cost: 23.5442
    lifetime: 22.3278
    annual_cost: 1.0544791694658677
    efficiency: 0.604855
    discharge_ratio: 0.1
    depth_of_discharge: 0.4
  Li-ion:
    cost: 207.984
    lifetime: 25.1381
    annual_cost: 8.27365632247465
    efficiency: 0.902891
    discharge_ratio: 2
    depth_of_discharge: 0.9
  Pb-acid:
    cost: 145.649
    lifetime: 14.7028
    annual_cost: 9.90620834126833
    efficiency: 0.727706
    discharge_ratio: 5
    depth_of_discharge: 0.5
  VRBF:
    cost: 175.623
    lifetime: 20.4359
    annual_cost: 8.593847102403123
    efficiency: 0.73897
    discharge_ratio: 0.5
    depth_of_discharge: 1.0
