cost_values:
  wind_capex: 5000.0
  wind_opex: 100
  wind_lifetime: 20
  solar_capex: 1000.0
  solar_opex: 10
  solar_lifetime: 20
  carbon_price: 1.0
timeseries_values:
  load_level: 239872.07875022164
  wind_year: 2013
  solar_year: 2018
  price_year: 2023
  carbon_year: 2023
storage_values:
  CAES:
    cost: 21.852
    lifetime: 22.3657
    annual_cost: 0.9770317942206146
    efficiency: 0.600603
    discharge_ratio: 0.1
    depth_of_discharge: 0.4
  Li-ion:
    cost: 196.666
    lifetime: 25.0958
    annual_cost: 7.836610110058256
    efficiency: 0.895895
    discharge_ratio: 2
    depth_of_discharge: 0.9
  Pb-acid:
    cost: 131.584
    lifetime: 13.0759
    annual_cost: 10.063093171406939
    efficiency: 0.725939
    discharge_ratio: 5
    depth_of_discharge: 0.5
  VRBF:
    cost: 197.292
    lifetime: 19.899
    annual_cost: 9.914669078848183
    efficiency: 0.743258
    discharge_ratio: 0.5
    depth_of_discharge: 1.0
