cost_values:
  wind_capex: 5000.0
  wind_opex: 100
  wind_lifetime: 20
  solar_capex: 1000.0
  solar_opex: 10
  solar_lifetime: 20
  carbon_price: 1.0
timeseries_values:
  load_level: 239872.07875022164
  wind_year: 2013
  solar_year: 2018
  price_year: 2023
  carbon_year: 2023
storage_values:
  CAES:
    cost: 20.1251
    lifetime: 23.5495
    annual_cost: 0.8545871462239114
    efficiency: 0.589178
    discharge_ratio: 0.1
    depth_of_discharge: 0.4
  Li-ion:
    cost: 164.921
    lifetime: 24.8862
    annual_cost: 6.627006131912466
    efficiency: 0.9117
    discharge_ratio: 2
    depth_of_discharge: 0.9
  Pb-acid:
    cost: 161.491
    lifetime: 14.9178
    annual_cost: 10.825389802785935
    efficiency: 0.72407
    discharge_ratio: 5
    depth_of_discharge: 0.5
  VRBF:
    cost: 191.603
    lifetime: 19.0005
    annual_cost: 10.08410304991974
    efficiency: 0.746708
    discharge_ratio: 0.5
    depth_of_discharge: 1.0
