cost_values:
  wind_capex: 5000.0
  wind_opex: 100
  wind_lifetime: 20
  solar_capex: 1000.0
  solar_opex: 10
  solar_lifetime: 20
  carbon_price: 1.0
timeseries_values:
  load_level: 239872.07875022164
  wind_year: 2013
  solar_year: 2018
  price_year: 2023
  carbon_year: 2023
storage_values:
  CAES:
    cost: 26.6876
    lifetime: 23.1634
    annual_cost: 1.152145194574199
    efficiency: 0.598849
    discharge_ratio: 0.1
    depth_of_discharge: 0.4
  Li-ion:
    cost: 198.749
    lifetime: 25.1932
    annual_cost: 7.888993855484813
    efficiency: 0.905984
    discharge_ratio: 2
    depth_of_discharge: 0.9
  Pb-acid:
    cost: 130.341
    lifetime: 14.1402
    annual_cost: 9.217762125005304
    efficiency: 0.721735
    discharge_ratio: 5
    depth_of_discharge: 0.5
  VRBF:
    cost: 209.668
    lifetime: 20.7218
    annual_cost: 10.118232972039108
    efficiency: 0.753372
    discharge_ratio: 0.5
    depth_of_discharge: 1.0
