cost_values:
  wind_capex: 5000.0
  wind_opex: 100
  wind_lifetime: 20
  solar_capex: 1000.0
  solar_opex: 10
  solar_lifetime: 20
  carbon_price: 1.0
timeseries_values:
  load_level: 239872.07875022164
  wind_year: 2013
  solar_year: 2018
  price_year: 2023
  carbon_year: 2023
storage_values:
  CAES:
    cost: 21.939
    lifetime: 22.8016
    annual_cost: 0.9621693214511262
    efficiency: 0.599238
    discharge_ratio: 0.1
    depth_of_discharge: 0.4
  Li-ion:
    cost: 185.733
    lifetime: 25.932
    annual_cost: 7.162309116149931
    efficiency: 0.897493
    discharge_ratio: 2
    depth_of_discharge: 0.9
  Pb-acid:
    cost: 143.121
    lifetime: 14.466
    annual_cost: 9.893612608875987
    efficiency: 0.722137
    discharge_ratio: 5
    depth_of_discharge: 0.5
  VRBF:
    cost: 171.518
    lifetime: 19.1374
    annual_cost: 8.96245048961719
    efficiency: 0.739354
    discharge_ratio: 0.5
    depth_of_discharge: 1.0
