cost_values:
  wind_capex: 5000.0
  wind_opex: 100
  wind_lifetime: 20
  solar_capex: 1000.0
  solar_opex: 10
  solar_lifetime: 20
  carbon_price: 1.0
timeseries_values:
  load_level: 239872.07875022164
  wind_year: 2013
  solar_year: 2018
  price_year: 2023
  carbon_year: 2023
storage_values:
  CAES:
    cost: 22.1977
    lifetime: 22.4755
    annual_cost: 0.9876398745300439
    efficiency: 0.588739
    discharge_ratio: 0.1
    depth_of_discharge: 0.4
  Li-ion:
    cost: 197.282
    lifetime: 26.6226
    annual_cost: 7.41032055471667
    efficiency: 0.900131
    discharge_ratio: 2
    depth_of_discharge: 0.9
  Pb-acid:
    cost: 137.849
    lifetime: 14.4683
    annual_cost: 9.52765701568256
    efficiency: 0.72042
    discharge_ratio: 5
    depth_of_discharge: 0.5
  VRBF:
    cost: 176.334
    lifetime: 19.9308
    annual_cost: 8.847311698476728
    efficiency: 0.718146
    discharge_ratio: 0.5
    depth_of_discharge: 1.0
