cost_values:
  wind_capex: 5000.0
  wind_opex: 100
  wind_lifetime: 20
  solar_capex: 1000.0
  solar_opex: 10
  solar_lifetime: 20
  carbon_price: 1.0
timeseries_values:
  load_level: 239872.07875022164
  wind_year: 2013
  solar_year: 2018
  price_year: 2023
  carbon_year: 2023
storage_values:
  CAES:
    cost: 21.5109
    lifetime: 23.9629
    annual_cost: 0.8976751561789266
    efficiency: 0.602071
    discharge_ratio: 0.1
    depth_of_discharge: 0.4
  Li-ion:
    cost: 198.387
    lifetime: 26.3461
    annual_cost: 7.530032908096454
    efficiency: 0.890403
    discharge_ratio: 2
    depth_of_discharge: 0.9
  Pb-acid:
    cost: 132.421
    lifetime: 14.861
    annual_cost: 8.910638584213713
    efficiency: 0.731624
    discharge_ratio: 5
    depth_of_discharge: 0.5
  VRBF:
    cost: 170.913
    lifetime: 21.566
    annual_cost: 7.925113604748216
    efficiency: 0.742471
    discharge_ratio: 0.5
    depth_of_discharge: 1.0
