cost_values:
  wind_capex: 5000.0
  wind_opex: 100
  wind_lifetime: 20
  solar_capex: 1000.0
  solar_opex: 10
  solar_lifetime: 20
  carbon_price: 1.0
timeseries_values:
  load_level: 239872.07875022164
  wind_year: 2013
  solar_year: 2018
  price_year: 2023
  carbon_year: 2023
storage_values:
  CAES:
    cost: 25.404
    lifetime: 22.3361
    annual_cost: 1.1373516415130664
    efficiency: 0.595718
    discharge_ratio: 0.1
    depth_of_discharge: 0.4
  Li-ion:
    cost: 201.82
    lifetime: 26.1207
    annual_cost: 7.726439184248508
    efficiency: 0.912565
    discharge_ratio: 2
    depth_of_discharge: 0.9
  Pb-acid:
    cost: 145.866
    lifetime: 13.4447
    annual_cost: 10.849330963130454
    efficiency: 0.73796
    discharge_ratio: 5
    depth_of_discharge: 0.5
  VRBF:
    cost: 182.712
    lifetime: 19.2965
    annual_cost: 9.468660119710828
    efficiency: 0.744315
    discharge_ratio: 0.5
    depth_of_discharge: 1.0
