cost_values:
  wind_capex: 5000.0
  wind_opex: 100
  wind_lifetime: 20
  solar_capex: 1000.0
  solar_opex: 10
  solar_lifetime: 20
  carbon_price: 1.0
timeseries_values:
  load_level: 239872.07875022164
  wind_year: 2013
  solar_year: 2018
  price_year: 2023
  carbon_year: 2023
storage_values:
  CAES:
    cost: 21.2227
    lifetime: 23.0072
    annual_cost: 0.922437323968149
    efficiency: 0.595331
    discharge_ratio: 0.1
    depth_of_discharge: 0.4
  Li-ion:
    cost: 194.218
    lifetime: 25.5005
    annual_cost: 7.616242818768259
    efficiency: 0.914324
    discharge_ratio: 2
    depth_of_discharge: 0.9
  Pb-acid:
    cost: 145.841
    lifetime: 13.498
    annual_cost: 10.804637724107277
    efficiency: 0.730589
    discharge_ratio: 5
    depth_of_discharge: 0.5
  VRBF:
    cost: 202.868
    lifetime: 17.1713
    annual_cost: 11.81436466662396
    efficiency: 0.711935
    discharge_ratio: 0.5
    depth_of_discharge: 1.0
