cost_values:
  wind_capex: 5000.0
  wind_opex: 100
  wind_lifetime: 20
  solar_capex: 1000.0
  solar_opex: 10
  solar_lifetime: 20
  carbon_price: 1.0
timeseries_values:
  load_level: 239872.07875022164
  wind_year: 2013
  solar_year: 2018
  price_year: 2023
  carbon_year: 2023
storage_values:
  CAES:
    cost: 25.1316
    lifetime: 23.1944
    annual_cost: 1.08352016003863
    efficiency: 0.600805
    discharge_ratio: 0.1
    depth_of_discharge: 0.4
  Li-ion:
    cost: 198.591
    lifetime: 22.8569
    annual_cost: 8.688448564766
    efficiency: 0.892932
    discharge_ratio: 2
    depth_of_discharge: 0.9
  Pb-acid:
    cost: 125.831
    lifetime: 15.2886
    annual_cost: 8.230380806614079
    efficiency: 0.726849
    discharge_ratio: 5
    depth_of_discharge: 0.5
  VRBF:
    cost: 208.313
    lifetime: 19.4991
    annual_cost: 10.683211019995795
    efficiency: 0.736459
    discharge_ratio: 0.5
    depth_of_discharge: 1.0
