cost_values:
  wind_capex: 5000.0
  wind_opex: 100
  wind_lifetime: 20
  solar_capex: 1000.0
  solar_opex: 10
  solar_lifetime: 20
  carbon_price: 1.0
timeseries_values:
  load_level: 239872.07875022164
  wind_year: 2013
  solar_year: 2018
  price_year: 2023
  carbon_year: 2023
storage_values:
  CAES:
    cost: 26.73
    lifetime: 22.0412
    annual_cost: 1.2127288895341453
    efficiency: 0.601408
    discharge_ratio: 0.1
    depth_of_discharge: 0.4
  Li-ion:
    cost: 186.751
    lifetime: 27.0246
    annual_cost: 6.910407554598403
    efficiency: 0.922686
    discharge_ratio: 2
    depth_of_discharge: 0.9
  Pb-acid:
    cost: 136.007
    lifetime: 14.493
    annual_cost: 9.384323466501069
    efficiency: 0.732304
    discharge_ratio: 5
    depth_of_discharge: 0.5
  VRBF:
    cost: 181.666
    lifetime: 21.3947
    annual_cost: 8.491168373475674
    efficiency: 0.7397
    discharge_ratio: 0.5
    depth_of_discharge: 1.0
