cost_values:
  wind_capex: 5000.0
  wind_opex: 100
  wind_lifetime: 20
  solar_capex: 1000.0
  solar_opex: 10
  solar_lifetime: 20
  carbon_price: 1.0
timeseries_values:
  load_level: 239872.07875022164
  wind_year: 2013
  solar_year: 2018
  price_year: 2023
  carbon_year: 2023
storage_values:
  CAES:
    cost: 24.4669
    lifetime: 22.5177
    annual_cost: 1.0865630148727445
    efficiency: 0.586072
    discharge_ratio: 0.1
    depth_of_discharge: 0.4
  Li-ion:
    cost: 192.887
    lifetime: 25.0889
    annual_cost: 7.6881409707081625
    efficiency: 0.901841
    discharge_ratio: 2
    depth_of_discharge: 0.9
  Pb-acid:
    cost: 114.225
    lifetime: 13.302
    annual_cost: 8.587054578258908
    efficiency: 0.732554
    discharge_ratio: 5
    depth_of_discharge: 0.5
  VRBF:
    cost: 189.269
    lifetime: 20.7183
    annual_cost: 9.135353769372971
    efficiency: 0.735207
    discharge_ratio: 0.5
    depth_of_discharge: 1.0
