cost_values:
  wind_capex: 5000.0
  wind_opex: 100
  wind_lifetime: 20
  solar_capex: 1000.0
  solar_opex: 10
  solar_lifetime: 20
  carbon_price: 1.0
timeseries_values:
  load_level: 239872.07875022164
  wind_year: 2013
  solar_year: 2018
  price_year: 2023
  carbon_year: 2023
storage_values:
  CAES:
    cost: 23.3475
    lifetime: 22.9967
    annual_cost: 1.0152543625824575
    efficiency: 0.600922
    discharge_ratio: 0.1
    depth_of_discharge: 0.4
  Li-ion:
    cost: 205.277
    lifetime: 25.1384
    annual_cost: 8.165873723069089
    efficiency: 0.899761
    discharge_ratio: 2
    depth_of_discharge: 0.9
  Pb-acid:
    cost: 132.787
    lifetime: 13.7347
    annual_cost: 9.667994204460236
    efficiency: 0.74406
    discharge_ratio: 5
    depth_of_discharge: 0.5
  VRBF:
    cost: 199.217
    lifetime: 20.763
    annual_cost: 9.594808072051245
    efficiency: 0.712017
    discharge_ratio: 0.5
    depth_of_discharge: 1.0
