cost_values:
  wind_capex: 5000.0
  wind_opex: 100
  wind_lifetime: 20
  solar_capex: 1000.0
  solar_opex: 10
  solar_lifetime: 20
  carbon_price: 1.0
timeseries_values:
  load_level: 239872.07875022164
  wind_year: 2013
  solar_year: 2018
  price_year: 2023
  carbon_year: 2023
storage_values:
  CAES:
    cost: 24.9079
    lifetime: 23.5814
    annual_cost: 1.0562519612915264
    efficiency: 0.589586
    discharge_ratio: 0.1
    depth_of_discharge: 0.4
  Li-ion:
    cost: 173.449
    lifetime: 25.4377
    annual_cost: 6.818580296174576
    efficiency: 0.901575
    discharge_ratio: 2
    depth_of_discharge: 0.9
  Pb-acid:
    cost: 124.309
    lifetime: 15.0144
    annual_cost: 8.279318520886616
    efficiency: 0.728489
    discharge_ratio: 5
    depth_of_discharge: 0.5
  VRBF:
    cost: 176.447
    lifetime: 20.0373
    annual_cost: 8.805926946245254
    efficiency: 0.716194
    discharge_ratio: 0.5
    depth_of_discharge: 1.0
