cost_values:
  wind_capex: 5000.0
  wind_opex: 100
  wind_lifetime: 20
  solar_capex: 1000.0
  solar_opex: 10
  solar_lifetime: 20
  carbon_price: 1.0
timeseries_values:
  load_level: 239872.07875022164
  wind_year: 2013
  solar_year: 2018
  price_year: 2023
  carbon_year: 2023
storage_values:
  CAES:
    cost: 25.9578
    lifetime: 22.107
    annual_cost: 1.1741891708508616
    efficiency: 0.604389
    discharge_ratio: 0.1
    depth_of_discharge: 0.4
  Li-ion:
    cost: 197.679
    lifetime: 23.3865
    annual_cost: 8.452697068821756
    efficiency: 0.892115
    discharge_ratio: 2
    depth_of_discharge: 0.9
  Pb-acid:
    cost: 118.588
    lifetime: 15.262
    annual_cost: 7.770148080199187
    efficiency: 0.71636
    discharge_ratio: 5
    depth_of_discharge: 0.5
  VRBF:
    cost: 175.772
    lifetime: 18.0298
    annual_cost: 9.748971147766474
    efficiency: 0.739214
    discharge_ratio: 0.5
    depth_of_discharge: 1.0
