cost_values:
  wind_capex: 5000.0
  wind_opex: 100
  wind_lifetime: 20
  solar_capex: 1000.0
  solar_opex: 10
  solar_lifetime: 20
  carbon_price: 1.0
timeseries_values:
  load_level: 239872.07875022164
  wind_year: 2013
  solar_year: 2018
  price_year: 2023
  carbon_year: 2023
storage_values:
  CAES:
    cost: 22.5507
    lifetime: 22.1981
    annual_cost: 1.0158842423450656
    efficiency: 0.607288
    discharge_ratio: 0.1
    depth_of_discharge: 0.4
  Li-ion:
    cost: 194.016
    lifetime: 25.141
    annual_cost: 7.717115468756215
    efficiency: 0.906133
    discharge_ratio: 2
    depth_of_discharge: 0.9
  Pb-acid:
    cost: 141.979
    lifetime: 13.9062
    annual_cost: 10.209762551955244
    efficiency: 0.72459
    discharge_ratio: 5
    depth_of_discharge: 0.5
  VRBF:
    cost: 160.127
    lifetime: 21.6872
    annual_cost: 7.383479656202737
    efficiency: 0.749605
    discharge_ratio: 0.5
    depth_of_discharge: 1.0
