cost_values:
  wind_capex: 5000.0
  wind_opex: 100
  wind_lifetime: 20
  solar_capex: 1000.0
  solar_opex: 10
  solar_lifetime: 20
  carbon_price: 1.0
timeseries_values:
  load_level: 239872.07875022164
  wind_year: 2013
  solar_year: 2018
  price_year: 2023
  carbon_year: 2023
storage_values:
  CAES:
    cost: 29.4007
    lifetime: 23.057
    annual_cost: 1.2751311965997312
    efficiency: 0.583379
    discharge_ratio: 0.1
    depth_of_discharge: 0.4
  Li-ion:
    cost: 191.584
    lifetime: 24.8923
    annual_cost: 7.696516593484732
    efficiency: 0.907653
    discharge_ratio: 2
    depth_of_discharge: 0.9
  Pb-acid:
    cost: 127.975
    lifetime: 15.1072
    annual_cost: 8.471126350349502
    efficiency: 0.730949
    discharge_ratio: 5
    depth_of_discharge: 0.5
  VRBF:
    cost: 211.841
    lifetime: 19.4727
    annual_cost: 10.878871445664958
    efficiency: 0.72537
    discharge_ratio: 0.5
    depth_of_discharge: 1.0
