cost_values:
  wind_capex: 5000.0
  wind_opex: 100
  wind_lifetime: 20
  solar_capex: 1000.0
  solar_opex: 10
  solar_lifetime: 20
  carbon_price: 1.0
timeseries_values:
  load_level: 239872.07875022164
  wind_year: 2013
  solar_year: 2018
  price_year: 2023
  carbon_year: 2023
storage_values:
  CAES:
    cost: 25.4212
    lifetime: 23.578
    annual_cost: 1.0781745695139537
    efficiency: 0.599475
    discharge_ratio: 0.1
    depth_of_discharge: 0.4
  Li-ion:
    cost: 183.617
    lifetime: 26.9213
    annual_cost: 6.820510153670142
    efficiency: 0.895255
    discharge_ratio: 2
    depth_of_discharge: 0.9
  Pb-acid:
    cost: 122.041
    lifetime: 14.4764
    annual_cost: 8.430341797684507
    efficiency: 0.730406
    discharge_ratio: 5
    depth_of_discharge: 0.5
  VRBF:
    cost: 163.602
    lifetime: 19.639
    annual_cost: 8.330464891287745
    efficiency: 0.739616
    discharge_ratio: 0.5
    depth_of_discharge: 1.0
