cost_values:
  wind_capex: 5000.0
  wind_opex: 100
  wind_lifetime: 20
  solar_capex: 1000.0
  solar_opex: 10
  solar_lifetime: 20
  carbon_price: 1.0
timeseries_values:
  load_level: 239872.07875022164
  wind_year: 2013
  solar_year: 2018
  price_year: 2023
  carbon_year: 2023
storage_values:
  CAES:
    cost: 28.5291
    lifetime: 23.3317
    annual_cost: 1.2227613075772445
    efficiency: 0.597987
    discharge_ratio: 0.1
    depth_of_discharge: 0.4
  Li-ion:
    cost: 185.977
    lifetime: 25.4473
    annual_cost: 7.308319546670964
    efficiency: 0.888927
    discharge_ratio: 2
    depth_of_discharge: 0.9
  Pb-acid:
    cost: 107.506
    lifetime: 14.3957
    annual_cost: 7.467924449662052
    efficiency: 0.719084
    discharge_ratio: 5
    depth_of_discharge: 0.5
  VRBF:
    cost: 208.303
    lifetime: 20.9877
    annual_cost: 9.925003692639022
    efficiency: 0.733932
    discharge_ratio: 0.5
    depth_of_discharge: 1.0
