cost_values:
  wind_capex: 5000.0
  wind_opex: 100
  wind_lifetime: 20
  solar_capex: 1000.0
  solar_opex: 10
  solar_lifetime: 20
  carbon_price: 1.0
timeseries_values:
  load_level: 239872.07875022164
  wind_year: 2013
  solar_year: 2018
  price_year: 2023
  carbon_year: 2023
storage_values:
  CAES:
    cost: 22.4754
    lifetime: 22.4592
    annual_cost: 1.000721307971789
    efficiency: 0.598895
    discharge_ratio: 0.1
    depth_of_discharge: 0.4
  Li-ion:
    cost: 173.996
    lifetime: 24.6391
    annual_cost: 7.061783912561742
    efficiency: 0.913597
    discharge_ratio: 2
    depth_of_discharge: 0.9
  Pb-acid:
    cost: 121.769
    lifetime: 15.3916
    annual_cost: 7.9113932274747265
    efficiency: 0.732513
    discharge_ratio: 5
    depth_of_discharge: 0.5
  VRBF:
    cost: 198.436
    lifetime: 20.7676
    annual_cost: 9.555076176351625
    efficiency: 0.72236
    discharge_ratio: 0.5
    depth_of_discharge: 1.0
