cost_values:
  wind_capex: 5000.0
  wind_opex: 100
  wind_lifetime: 20
  solar_capex: 1000.0
  solar_opex: 10
  solar_lifetime: 20
  carbon_price: 1.0
timeseries_values:
  load_level: 255718.485658553
  wind_year: 2018
  solar_year: 2016
  price_year: 2023
  carbon_year: 2023
storage_values:
  CAES:
    cost: 67.8443
    lifetime: 24.4945
    annual_cost: 2.769776888689298
    efficiency: 0.644695
    discharge_ratio: 0.1
    depth_of_discharge: 0.4
  Li-ion:
    cost: 252.593
    lifetime: 18.3935
    annual_cost: 13.732731671514394
    efficiency: 0.949728
    discharge_ratio: 2
    depth_of_discharge: 0.9
  Pb-acid:
    cost: 163.795
    lifetime: 12.2173
    annual_cost: 13.406808378283253
    efficiency: 0.74516
    discharge_ratio: 5
    depth_of_discharge: 0.5
  VRBF:
    cost: 248.236
    lifetime: 21.5843
    annual_cost: 11.500766761025375
    efficiency: 0.794473
    discharge_ratio: 0.5
    depth_of_discharge: 1.0
