cost_values:
  wind_capex: 5000.0
  wind_opex: 100
  wind_lifetime: 20
  solar_capex: 1000.0
  solar_opex: 10
  solar_lifetime: 20
  carbon_price: 1.0
timeseries_values:
  load_level: 255718.485658553
  wind_year: 2018
  solar_year: 2016
  price_year: 2023
  carbon_year: 2023
storage_values:
  CAES:
    cost: 60.4247
    lifetime: 25.38
    annual_cost: 2.380799842395587
    efficiency: 0.640089
    discharge_ratio: 0.1
    depth_of_discharge: 0.4
  Li-ion:
    cost: 260.886
    lifetime: 19.5786
    annual_cost: 13.325058992982134
    efficiency: 0.954384
    discharge_ratio: 2
    depth_of_discharge: 0.9
  Pb-acid:
    cost: 184.857
    lifetime: 13.977
    annual_cost: 13.225799527795663
    efficiency: 0.753605
    discharge_ratio: 5
    depth_of_discharge: 0.5
  VRBF:
    cost: 215.665
    lifetime: 20.499
    annual_cost: 10.520757110102933
    efficiency: 0.808121
    discharge_ratio: 0.5
    depth_of_discharge: 1.0
