cost_values:
  wind_capex: 5000.0
  wind_opex: 100
  wind_lifetime: 20
  solar_capex: 1000.0
  solar_opex: 10
  solar_lifetime: 20
  carbon_price: 1.0
timeseries_values:
  load_level: 255718.485658553
  wind_year: 2018
  solar_year: 2016
  price_year: 2023
  carbon_year: 2023
storage_values:
  CAES:
    cost: 54.6456
    lifetime: 23.8411
    annual_cost: 2.292075449538822
    efficiency: 0.635031
    discharge_ratio: 0.1
    depth_of_discharge: 0.4
  Li-ion:
    cost: 252.931
    lifetime: 20.9397
    annual_cost: 12.079017368921237
    efficiency: 0.970799
    discharge_ratio: 2
    depth_of_discharge: 0.9
  Pb-acid:
    cost: 160.759
    lifetime: 13.704
    annual_cost: 11.73080852305896
    efficiency: 0.738607
    discharge_ratio: 5
    depth_of_discharge: 0.5
  VRBF:
    cost: 261.47
    lifetime: 21.0685
    annual_cost: 12.410470607779388
    efficiency: 0.796105
    discharge_ratio: 0.5
    depth_of_discharge: 1.0
