cost_values:
  wind_capex: 5000.0
  wind_opex: 100
  wind_lifetime: 20
  solar_capex: 1000.0
  solar_opex: 10
  solar_lifetime: 20
  carbon_price: 1.0
timeseries_values:
  load_level: 255718.485658553
  wind_year: 2018
  solar_year: 2016
  price_year: 2023
  carbon_year: 2023
storage_values:
  CAES:
    cost: 58.1772
    lifetime: 24.105
    annual_cost: 2.413490976975731
    efficiency: 0.629143
    discharge_ratio: 0.1
    depth_of_discharge: 0.4
  Li-ion:
    cost: 243.945
    lifetime: 19.9248
    annual_cost: 12.24328475066249
    efficiency: 0.948254
    discharge_ratio: 2
    depth_of_discharge: 0.9
  Pb-acid:
    cost: 184.242
    lifetime: 13.4825
    annual_cost: 13.665269794177638
    efficiency: 0.733181
    discharge_ratio: 5
    depth_of_discharge: 0.5
  VRBF:
    cost: 230.018
    lifetime: 20.4419
    annual_cost: 11.252280854519395
    efficiency: 0.808789
    discharge_ratio: 0.5
    depth_of_discharge: 1.0
