cost_values:
  wind_capex: 5000.0
  wind_opex: 100
  wind_lifetime: 20
  solar_capex: 1000.0
  solar_opex: 10
  solar_lifetime: 20
  carbon_price: 1.0
timeseries_values:
  load_level: 255718.485658553
  wind_year: 2018
  solar_year: 2016
  price_year: 2023
  carbon_year: 2023
storage_values:
  CAES:
    cost: 53.2242
    lifetime: 25.0184
    annual_cost: 2.1274022319572796
    efficiency: 0.6393
    discharge_ratio: 0.1
    depth_of_discharge: 0.4
  Li-ion:
    cost: 253.453
    lifetime: 20.709
    annual_cost: 12.238785069293543
    efficiency: 0.952301
    discharge_ratio: 2
    depth_of_discharge: 0.9
  Pb-acid:
    cost: 186.599
    lifetime: 12.994
    annual_cost: 14.36039710635678
    efficiency: 0.746345
    discharge_ratio: 5
    depth_of_discharge: 0.5
  VRBF:
    cost: 231.832
    lifetime: 20.4271
    annual_cost: 11.349237042947848
    efficiency: 0.793963
    discharge_ratio: 0.5
    depth_of_discharge: 1.0
