cost_values:
  wind_capex: 5000.0
  wind_opex: 100
  wind_lifetime: 20
  solar_capex: 1000.0
  solar_opex: 10
  solar_lifetime: 20
  carbon_price: 1.0
timeseries_values:
  load_level: 255718.485658553
  wind_year: 2018
  solar_year: 2016
  price_year: 2023
  carbon_year: 2023
storage_values:
  CAES:
    cost: 53.5083
    lifetime: 23.4209
    annual_cost: 2.284638933602039
    efficiency: 0.632088
    discharge_ratio: 0.1
    depth_of_discharge: 0.4
  Li-ion:
    cost: 228.073
    lifetime: 19.5758
    annual_cost: 11.650762676365717
    efficiency: 0.950553
    discharge_ratio: 2
    depth_of_discharge: 0.9
  Pb-acid:
    cost: 190.967
    lifetime: 14.8821
    annual_cost: 12.831992796715518
    efficiency: 0.758284
    discharge_ratio: 5
    depth_of_discharge: 0.5
  VRBF:
    cost: 226.284
    lifetime: 21.4909
    annual_cost: 10.52929379411751
    efficiency: 0.792254
    discharge_ratio: 0.5
    depth_of_discharge: 1.0
