cost_values:
  wind_capex: 5000.0
  wind_opex: 100
  wind_lifetime: 20
  solar_capex: 1000.0
  solar_opex: 10
  solar_lifetime: 20
  carbon_price: 1.0
timeseries_values:
  load_level: 255718.485658553
  wind_year: 2018
  solar_year: 2016
  price_year: 2023
  carbon_year: 2023
storage_values:
  CAES:
    cost: 53.6118
    lifetime: 24.5193
    annual_cost: 2.1865142969008087
    efficiency: 0.633671
    discharge_ratio: 0.1
    depth_of_discharge: 0.4
  Li-ion:
    cost: 259.766
    lifetime: 20.63
    annual_cost: 12.591662627241883
    efficiency: 0.955749
    discharge_ratio: 2
    depth_of_discharge: 0.9
  Pb-acid:
    cost: 183.155
    lifetime: 12.8389
    annual_cost: 14.265630233119658
    efficiency: 0.741897
    discharge_ratio: 5
    depth_of_discharge: 0.5
  VRBF:
    cost: 272.291
    lifetime: 23.1177
    annual_cost: 11.778464120565628
    efficiency: 0.81361
    discharge_ratio: 0.5
    depth_of_discharge: 1.0
