cost_values:
  wind_capex: 5000.0
  wind_opex: 100
  wind_lifetime: 20
  solar_capex: 1000.0
  solar_opex: 10
  solar_lifetime: 20
  carbon_price: 1.0
timeseries_values:
  load_level: 255718.485658553
  wind_year: 2018
  solar_year: 2016
  price_year: 2023
  carbon_year: 2023
storage_values:
  CAES:
    cost: 49.1433
    lifetime: 24.257
    annual_cost: 2.0259430267551637
    efficiency: 0.627714
    discharge_ratio: 0.1
    depth_of_discharge: 0.4
  Li-ion:
    cost: 264.412
    lifetime: 20.4686
    annual_cost: 12.917932833706262
    efficiency: 0.944929
    discharge_ratio: 2
    depth_of_discharge: 0.9
  Pb-acid:
    cost: 184.186
    lifetime: 12.9763
    annual_cost: 14.194030655888042
    efficiency: 0.752005
    discharge_ratio: 5
    depth_of_discharge: 0.5
  VRBF:
    cost: 210.429
    lifetime: 21.8684
    annual_cost: 9.622514678714492
    efficiency: 0.80405
    discharge_ratio: 0.5
    depth_of_discharge: 1.0
