cost_values:
  wind_capex: 5000.0
  wind_opex: 100
  wind_lifetime: 20
  solar_capex: 1000.0
  solar_opex: 10
  solar_lifetime: 20
  carbon_price: 1.0
timeseries_values:
  load_level: 255718.485658553
  wind_year: 2018
  solar_year: 2016
  price_year: 2023
  carbon_year: 2023
storage_values:
  CAES:
    cost: 53.0593
    lifetime: 24.5818
    annual_cost: 2.158479037336566
    efficiency: 0.641992
    discharge_ratio: 0.1
    depth_of_discharge: 0.4
  Li-ion:
    cost: 233.028
    lifetime: 20.8806
    annual_cost: 11.160024137237434
    efficiency: 0.96592
    discharge_ratio: 2
    depth_of_discharge: 0.9
  Pb-acid:
    cost: 174.023
    lifetime: 15.0617
    annual_cost: 11.554007847719713
    efficiency: 0.728763
    discharge_ratio: 5
    depth_of_discharge: 0.5
  VRBF:
    cost: 247.792
    lifetime: 21.3625
    annual_cost: 11.599391456992393
    efficiency: 0.82259
    discharge_ratio: 0.5
    depth_of_discharge: 1.0
