cost_values:
  wind_capex: 5000.0
  wind_opex: 100
  wind_lifetime: 20
  solar_capex: 1000.0
  solar_opex: 10
  solar_lifetime: 20
  carbon_price: 1.0
timeseries_values:
  load_level: 255718.485658553
  wind_year: 2018
  solar_year: 2016
  price_year: 2023
  carbon_year: 2023
storage_values:
  CAES:
    cost: 62.3943
    lifetime: 24.8419
    annual_cost: 2.511655710714559
    efficiency: 0.63295
    discharge_ratio: 0.1
    depth_of_discharge: 0.4
  Li-ion:
    cost: 272.805
    lifetime: 21.9428
    annual_cost: 12.43255190768726
    efficiency: 0.957366
    discharge_ratio: 2
    depth_of_discharge: 0.9
  Pb-acid:
    cost: 167.385
    lifetime: 14.1212
    annual_cost: 11.853454380647536
    efficiency: 0.752247
    discharge_ratio: 5
    depth_of_discharge: 0.5
  VRBF:
    cost: 259.45
    lifetime: 22.408
    annual_cost: 11.57845412352731
    efficiency: 0.810605
    discharge_ratio: 0.5
    depth_of_discharge: 1.0
