cost_values:
  wind_capex: 5000.0
  wind_opex: 100
  wind_lifetime: 20
  solar_capex: 1000.0
  solar_opex: 10
  solar_lifetime: 20
  carbon_price: 1.0
timeseries_values:
  load_level: 255718.485658553
  wind_year: 2018
  solar_year: 2016
  price_year: 2023
  carbon_year: 2023
storage_values:
  CAES:
    cost: 58.9955
    lifetime: 23.5495
    annual_cost: 2.505169961145672
    efficiency: 0.620288
    discharge_ratio: 0.1
    depth_of_discharge: 0.4
  Li-ion:
    cost: 245.369
    lifetime: 20.4694
    annual_cost: 11.987112470321552
    efficiency: 0.947113
    discharge_ratio: 2
    depth_of_discharge: 0.9
  Pb-acid:
    cost: 173.343
    lifetime: 14.359
    annual_cost: 12.072080228428163
    efficiency: 0.733567
    discharge_ratio: 5
    depth_of_discharge: 0.5
  VRBF:
    cost: 262.332
    lifetime: 21.6537
    annual_cost: 12.114881059587969
    efficiency: 0.810075
    discharge_ratio: 0.5
    depth_of_discharge: 1.0
