cost_values:
  wind_capex: 5000.0
  wind_opex: 100
  wind_lifetime: 20
  solar_capex: 1000.0
  solar_opex: 10
  solar_lifetime: 20
  carbon_price: 1.0
timeseries_values:
  load_level: 255718.485658553
  wind_year: 2018
  solar_year: 2016
  price_year: 2023
  carbon_year: 2023
storage_values:
  CAES:
    cost: 52.7308
    lifetime: 25.1253
    annual_cost: 2.0987132491950344
    efficiency: 0.634097
    discharge_ratio: 0.1
    depth_of_discharge: 0.4
  Li-ion:
    cost: 280.508
    lifetime: 18.4311
    annual_cost: 15.219276114827654
    efficiency: 0.954816
    discharge_ratio: 2
    depth_of_discharge: 0.9
  Pb-acid:
    cost: 184.06
    lifetime: 13.281
    annual_cost: 13.858896167457269
    efficiency: 0.754923
    discharge_ratio: 5
    depth_of_discharge: 0.5
  VRBF:
    cost: 240.055
    lifetime: 21.6578
    annual_cost: 11.08399745126467
    efficiency: 0.797892
    discharge_ratio: 0.5
    depth_of_discharge: 1.0
