cost_values:
  wind_capex: 5000.0
  wind_opex: 100
  wind_lifetime: 20
  solar_capex: 1000.0
  solar_opex: 10
  solar_lifetime: 20
  carbon_price: 1.0
timeseries_values:
  load_level: 255718.485658553
  wind_year: 2018
  solar_year: 2016
  price_year: 2023
  carbon_year: 2023
storage_values:
  CAES:
    cost: 55.0891
    lifetime: 24.3374
    annual_cost: 2.263557323296655
    efficiency: 0.62646
    discharge_ratio: 0.1
    depth_of_discharge: 0.4
  Li-ion:
    cost: 259.178
    lifetime: 18.7765
    annual_cost: 13.803317977258809
    efficiency: 0.944185
    discharge_ratio: 2
    depth_of_discharge: 0.9
  Pb-acid:
    cost: 147.597
    lifetime: 13.132
    annual_cost: 11.239491318915627
    efficiency: 0.723592
    discharge_ratio: 5
    depth_of_discharge: 0.5
  VRBF:
    cost: 225.185
    lifetime: 22.4575
    annual_cost: 10.02716241790048
    efficiency: 0.784621
    discharge_ratio: 0.5
    depth_of_discharge: 1.0
