cost_values:
  wind_capex: 5000.0
  wind_opex: 100
  wind_lifetime: 20
  solar_capex: 1000.0
  solar_opex: 10
  solar_lifetime: 20
  carbon_price: 1.0
timeseries_values:
  load_level: 255718.485658553
  wind_year: 2018
  solar_year: 2016
  price_year: 2023
  carbon_year: 2023
storage_values:
  CAES:
    cost: 51.3383
    lifetime: 23.5733
    annual_cost: 2.1778155794903555
    efficiency: 0.637859
    discharge_ratio: 0.1
    depth_of_discharge: 0.4
  Li-ion:
    cost: 259.317
    lifetime: 21.2282
    annual_cost: 12.215684796638433
    efficiency: 0.937345
    discharge_ratio: 2
    depth_of_discharge: 0.9
  Pb-acid:
    cost: 196.017
    lifetime: 12.7761
    annual_cost: 15.342475403292084
    efficiency: 0.735866
    discharge_ratio: 5
    depth_of_discharge: 0.5
  VRBF:
    cost: 236.309
    lifetime: 19.8234
    annual_cost: 11.920709868135638
    efficiency: 0.797452
    discharge_ratio: 0.5
    depth_of_discharge: 1.0
