cost_values:
  wind_capex: 5000.0
  wind_opex: 100
  wind_lifetime: 20
  solar_capex: 1000.0
  solar_opex: 10
  solar_lifetime: 20
  carbon_price: 1.0
timeseries_values:
  load_level: 255718.485658553
  wind_year: 2018
  solar_year: 2016
  price_year: 2023
  carbon_year: 2023
storage_values:
  CAES:
    cost: 57.7554
    lifetime: 24.2164
    annual_cost: 2.3849705158487637
    efficiency: 0.634905
    discharge_ratio: 0.1
    depth_of_discharge: 0.4
  Li-ion:
    cost: 247.383
    lifetime: 21.7298
    annual_cost: 11.38450422921518
    efficiency: 0.952744
    discharge_ratio: 2
    depth_of_discharge: 0.9
  Pb-acid:
    cost: 173.027
    lifetime: 12.4162
    annual_cost: 13.935584156183051
    efficiency: 0.731053
    discharge_ratio: 5
    depth_of_discharge: 0.5
  VRBF:
    cost: 252.07
    lifetime: 22.1385
    annual_cost: 11.386046931815615
    efficiency: 0.800149
    discharge_ratio: 0.5
    depth_of_discharge: 1.0
