cost_values:
  wind_capex: 5000.0
  wind_opex: 100
  wind_lifetime: 20
  solar_capex: 1000.0
  solar_opex: 10
  solar_lifetime: 20
  carbon_price: 1.0
timeseries_values:
  load_level: 255718.485658553
  wind_year: 2018
  solar_year: 2016
  price_year: 2023
  carbon_year: 2023
storage_values:
  CAES:
    cost: 59.2842
    lifetime: 24.2387
    annual_cost: 2.445848993551634
    efficiency: 0.633397
    discharge_ratio: 0.1
    depth_of_discharge: 0.4
  Li-ion:
    cost: 250.377
    lifetime: 19.2237
    annual_cost: 13.024391766413334
    efficiency: 0.946096
    discharge_ratio: 2
    depth_of_discharge: 0.9
  Pb-acid:
    cost: 181.889
    lifetime: 11.8935
    annual_cost: 15.293143313574642
    efficiency: 0.723636
    discharge_ratio: 5
    depth_of_discharge: 0.5
  VRBF:
    cost: 197.589
    lifetime: 21.9593
    annual_cost: 8.99796441598776
    efficiency: 0.802264
    discharge_ratio: 0.5
    depth_of_discharge: 1.0
