cost_values:
  wind_capex: 5000.0
  wind_opex: 100
  wind_lifetime: 20
  solar_capex: 1000.0
  solar_opex: 10
  solar_lifetime: 20
  carbon_price: 1.0
timeseries_values:
  load_level: 255718.485658553
  wind_year: 2018
  solar_year: 2016
  price_year: 2023
  carbon_year: 2023
storage_values:
  CAES:
    cost: 62.1298
    lifetime: 24.0176
    annual_cost: 2.586844647258677
    efficiency: 0.645865
    discharge_ratio: 0.1
    depth_of_discharge: 0.4
  Li-ion:
    cost: 257.508
    lifetime: 19.3142
    annual_cost: 13.332573961127046
    efficiency: 0.956987
    discharge_ratio: 2
    depth_of_discharge: 0.9
  Pb-acid:
    cost: 157.81
    lifetime: 12.919
    annual_cost: 12.215341744717083
    efficiency: 0.743118
    discharge_ratio: 5
    depth_of_discharge: 0.5
  VRBF:
    cost: 256.892
    lifetime: 20.8564
    annual_cost: 12.317178420053317
    efficiency: 0.804426
    discharge_ratio: 0.5
    depth_of_discharge: 1.0
