cost_values:
  wind_capex: 5000.0
  wind_opex: 100
  wind_lifetime: 20
  solar_capex: 1000.0
  solar_opex: 10
  solar_lifetime: 20
  carbon_price: 1.0
timeseries_values:
  load_level: 255718.485658553
  wind_year: 2018
  solar_year: 2016
  price_year: 2023
  carbon_year: 2023
storage_values:
  CAES:
    cost: 60.9028
    lifetime: 23.8296
    annual_cost: 2.5557625809917077
    efficiency: 0.644252
    discharge_ratio: 0.1
    depth_of_discharge: 0.4
  Li-ion:
    cost: 292.138
    lifetime: 21.7583
    annual_cost: 13.426508504800466
    efficiency: 0.957541
    discharge_ratio: 2
    depth_of_discharge: 0.9
  Pb-acid:
    cost: 188.289
    lifetime: 13.4175
    annual_cost: 14.033091112353269
    efficiency: 0.728375
    discharge_ratio: 5
    depth_of_discharge: 0.5
  VRBF:
    cost: 268.847
    lifetime: 21.5599
    annual_cost: 12.46977026795115
    efficiency: 0.817479
    discharge_ratio: 0.5
    depth_of_discharge: 1.0
