cost_values:
  wind_capex: 5000.0
  wind_opex: 100
  wind_lifetime: 20
  solar_capex: 1000.0
  solar_opex: 10
  solar_lifetime: 20
  carbon_price: 1.0
timeseries_values:
  load_level: 255718.485658553
  wind_year: 2018
  solar_year: 2016
  price_year: 2023
  carbon_year: 2023
storage_values:
  CAES:
    cost: 59.6861
    lifetime: 23.5058
    annual_cost: 2.5392073445702765
    efficiency: 0.63354
    discharge_ratio: 0.1
    depth_of_discharge: 0.4
  Li-ion:
    cost: 241.282
    lifetime: 21.0833
    annual_cost: 11.44422362723103
    efficiency: 0.952041
    discharge_ratio: 2
    depth_of_discharge: 0.9
  Pb-acid:
    cost: 172.646
    lifetime: 13.0334
    annual_cost: 13.24642840701582
    efficiency: 0.750653
    discharge_ratio: 5
    depth_of_discharge: 0.5
  VRBF:
    cost: 242.388
    lifetime: 19.8424
    annual_cost: 12.2156593960408
    efficiency: 0.801171
    discharge_ratio: 0.5
    depth_of_discharge: 1.0
