cost_values:
  wind_capex: 5000.0
  wind_opex: 100
  wind_lifetime: 20
  solar_capex: 1000.0
  solar_opex: 10
  solar_lifetime: 20
  carbon_price: 1.0
timeseries_values:
  load_level: 255718.485658553
  wind_year: 2018
  solar_year: 2016
  price_year: 2023
  carbon_year: 2023
storage_values:
  CAES:
    cost: 52.0745
    lifetime: 23.0935
    annual_cost: 2.254941866759045
    efficiency: 0.630519
    discharge_ratio: 0.1
    depth_of_discharge: 0.4
  Li-ion:
    cost: 248.127
    lifetime: 20.7991
    annual_cost: 11.929698881201592
    efficiency: 0.952239
    discharge_ratio: 2
    depth_of_discharge: 0.9
  Pb-acid:
    cost: 157.87
    lifetime: 14.8105
    annual_cost: 10.659329529725534
    efficiency: 0.73765
    discharge_ratio: 5
    depth_of_discharge: 0.5
  VRBF:
    cost: 242.968
    lifetime: 21.6569
    annual_cost: 11.218964856466068
    efficiency: 0.806573
    discharge_ratio: 0.5
    depth_of_discharge: 1.0
