cost_values:
  wind_capex: 5000.0
  wind_opex: 100
  wind_lifetime: 20
  solar_capex: 1000.0
  solar_opex: 10
  solar_lifetime: 20
  carbon_price: 1.0
timeseries_values:
  load_level: 255718.485658553
  wind_year: 2018
  solar_year: 2016
  price_year: 2023
  carbon_year: 2023
storage_values:
  CAES:
    cost: 52.8698
    lifetime: 23.3243
    annual_cost: 2.2667261182543528
    efficiency: 0.629716
    discharge_ratio: 0.1
    depth_of_discharge: 0.4
  Li-ion:
    cost: 258.226
    lifetime: 20.3391
    annual_cost: 12.696038664444346
    efficiency: 0.950292
    discharge_ratio: 2
    depth_of_discharge: 0.9
  Pb-acid:
    cost: 179.787
    lifetime: 13.3024
    annual_cost: 13.51538068318499
    efficiency: 0.729737
    discharge_ratio: 5
    depth_of_discharge: 0.5
  VRBF:
    cost: 250.681
    lifetime: 23.2262
    annual_cost: 10.79302684037854
    efficiency: 0.803491
    discharge_ratio: 0.5
    depth_of_discharge: 1.0
