cost_values:
  wind_capex: 5000.0
  wind_opex: 100
  wind_lifetime: 20
  solar_capex: 1000.0
  solar_opex: 10
  solar_lifetime: 20
  carbon_price: 1.0
timeseries_values:
  load_level: 255718.485658553
  wind_year: 2018
  solar_year: 2016
  price_year: 2023
  carbon_year: 2023
storage_values:
  CAES:
    cost: 54.9553
    lifetime: 23.5036
    annual_cost: 2.3381652172433163
    efficiency: 0.636621
    discharge_ratio: 0.1
    depth_of_discharge: 0.4
  Li-ion:
    cost: 246.951
    lifetime: 21.7386
    annual_cost: 11.360023184565701
    efficiency: 0.952471
    discharge_ratio: 2
    depth_of_discharge: 0.9
  Pb-acid:
    cost: 173.382
    lifetime: 13.675
    annual_cost: 12.678756855575868
    efficiency: 0.729381
    discharge_ratio: 5
    depth_of_discharge: 0.5
  VRBF:
    cost: 222.302
    lifetime: 21.7072
    annual_cost: 10.240933883688362
    efficiency: 0.81456
    discharge_ratio: 0.5
    depth_of_discharge: 1.0
