cost_values:
  wind_capex: 5000.0
  wind_opex: 100
  wind_lifetime: 20
  solar_capex: 1000.0
  solar_opex: 10
  solar_lifetime: 20
  carbon_price: 1.0
timeseries_values:
  load_level: 255718.485658553
  wind_year: 2018
  solar_year: 2016
  price_year: 2023
  carbon_year: 2023
storage_values:
  CAES:
    cost: 49.0755
    lifetime: 23.5015
    annual_cost: 2.0881858604769907
    efficiency: 0.642091
    discharge_ratio: 0.1
    depth_of_discharge: 0.4
  Li-ion:
    cost: 263.207
    lifetime: 20.5068
    annual_cost: 12.835108354301989
    efficiency: 0.940838
    discharge_ratio: 2
    depth_of_discharge: 0.9
  Pb-acid:
    cost: 170.442
    lifetime: 13.4534
    annual_cost: 12.669065069053177
    efficiency: 0.732551
    discharge_ratio: 5
    depth_of_discharge: 0.5
  VRBF:
    cost: 278.028
    lifetime: 18.0995
    annual_cost: 15.361087322854225
    efficiency: 0.819705
    discharge_ratio: 0.5
    depth_of_discharge: 1.0
