cost_values:
  wind_capex: 5000.0
  wind_opex: 100
  wind_lifetime: 20
  solar_capex: 1000.0
  solar_opex: 10
  solar_lifetime: 20
  carbon_price: 1.0
timeseries_values:
  load_level: 255718.485658553
  wind_year: 2018
  solar_year: 2016
  price_year: 2023
  carbon_year: 2023
storage_values:
  CAES:
    cost: 66.9328
    lifetime: 24.0383
    annual_cost: 2.784423191323846
    efficiency: 0.623048
    discharge_ratio: 0.1
    depth_of_discharge: 0.4
  Li-ion:
    cost: 252.897
    lifetime: 20.1322
    annual_cost: 12.561816393638052
    efficiency: 0.937969
    discharge_ratio: 2
    depth_of_discharge: 0.9
  Pb-acid:
    cost: 187.854
    lifetime: 13.2687
    annual_cost: 14.157679350652288
    efficiency: 0.74951
    discharge_ratio: 5
    depth_of_discharge: 0.5
  VRBF:
    cost: 191.89
    lifetime: 20.9612
    annual_cost: 9.154533137415795
    efficiency: 0.805659
    discharge_ratio: 0.5
    depth_of_discharge: 1.0
