cost_values:
  wind_capex: 5000.0
  wind_opex: 100
  wind_lifetime: 20
  solar_capex: 1000.0
  solar_opex: 10
  solar_lifetime: 20
  carbon_price: 1.0
timeseries_values:
  load_level: 255718.485658553
  wind_year: 2018
  solar_year: 2016
  price_year: 2023
  carbon_year: 2023
storage_values:
  CAES:
    cost: 57.4705
    lifetime: 23.7214
    annual_cost: 2.4227280008768455
    efficiency: 0.633267
    discharge_ratio: 0.1
    depth_of_discharge: 0.4
  Li-ion:
    cost: 248.717
    lifetime: 19.6801
    annual_cost: 12.637994725636558
    efficiency: 0.948031
    discharge_ratio: 2
    depth_of_discharge: 0.9
  Pb-acid:
    cost: 155.996
    lifetime: 12.8082
    annual_cost: 12.179385081432208
    efficiency: 0.767457
    discharge_ratio: 5
    depth_of_discharge: 0.5
  VRBF:
    cost: 240.625
    lifetime: 20.9095
    annual_cost: 11.507927018819196
    efficiency: 0.793335
    discharge_ratio: 0.5
    depth_of_discharge: 1.0
