cost_values:
  wind_capex: 5000.0
  wind_opex: 100
  wind_lifetime: 20
  solar_capex: 1000.0
  solar_opex: 10
  solar_lifetime: 20
  carbon_price: 1.0
timeseries_values:
  load_level: 255718.485658553
  wind_year: 2018
  solar_year: 2016
  price_year: 2023
  carbon_year: 2023
storage_values:
  CAES:
    cost: 52.4333
    lifetime: 24.8769
    annual_cost: 2.1077103658414034
    efficiency: 0.633678
    discharge_ratio: 0.1
    depth_of_discharge: 0.4
  Li-ion:
    cost: 253.113
    lifetime: 21.3952
    annual_cost: 11.830363819922226
    efficiency: 0.948565
    discharge_ratio: 2
    depth_of_discharge: 0.9
  Pb-acid:
    cost: 173.533
    lifetime: 13.3383
    annual_cost: 13.010128727049173
    efficiency: 0.739585
    discharge_ratio: 5
    depth_of_discharge: 0.5
  VRBF:
    cost: 241.828
    lifetime: 22.2421
    annual_cost: 10.872534517873762
    efficiency: 0.799225
    discharge_ratio: 0.5
    depth_of_discharge: 1.0
