cost_values:
  wind_capex: 5000.0
  wind_opex: 100
  wind_lifetime: 20
  solar_capex: 1000.0
  solar_opex: 10
  solar_lifetime: 20
  carbon_price: 1.0
timeseries_values:
  load_level: 255718.485658553
  wind_year: 2018
  solar_year: 2016
  price_year: 2023
  carbon_year: 2023
storage_values:
  CAES:
    cost: 57.7612
    lifetime: 24.0755
    annual_cost: 2.399169279973417
    efficiency: 0.635427
    discharge_ratio: 0.1
    depth_of_discharge: 0.4
  Li-ion:
    cost: 236.73
    lifetime: 20.3876
    annual_cost: 11.611469716886734
    efficiency: 0.948865
    discharge_ratio: 2
    depth_of_discharge: 0.9
  Pb-acid:
    cost: 158.467
    lifetime: 14.803
    annual_cost: 10.70505978517868
    efficiency: 0.73752
    discharge_ratio: 5
    depth_of_discharge: 0.5
  VRBF:
    cost: 221.912
    lifetime: 20.5988
    annual_cost: 10.773054741052876
    efficiency: 0.789414
    discharge_ratio: 0.5
    depth_of_discharge: 1.0
