cost_values:
  wind_capex: 5000.0
  wind_opex: 100
  wind_lifetime: 20
  solar_capex: 1000.0
  solar_opex: 10
  solar_lifetime: 20
  carbon_price: 1.0
timeseries_values:
  load_level: 255718.485658553
  wind_year: 2018
  solar_year: 2016
  price_year: 2023
  carbon_year: 2023
storage_values:
  CAES:
    cost: 60.3245
    lifetime: 24.0431
    annual_cost: 2.509015060453935
    efficiency: 0.630764
    discharge_ratio: 0.1
    depth_of_discharge: 0.4
  Li-ion:
    cost: 256.795
    lifetime: 18.8075
    annual_cost: 13.653861491426293
    efficiency: 0.947236
    discharge_ratio: 2
    depth_of_discharge: 0.9
  Pb-acid:
    cost: 162.396
    lifetime: 10.9503
    annual_cost: 14.830278622503492
    efficiency: 0.736639
    discharge_ratio: 5
    depth_of_discharge: 0.5
  VRBF:
    cost: 201.562
    lifetime: 22.3329
    annual_cost: 9.025339297628165
    efficiency: 0.816691
    discharge_ratio: 0.5
    depth_of_discharge: 1.0
