cost_values:
  wind_capex: 5000.0
  wind_opex: 100
  wind_lifetime: 20
  solar_capex: 1000.0
  solar_opex: 10
  solar_lifetime: 20
  carbon_price: 1.0
timeseries_values:
  load_level: 255718.485658553
  wind_year: 2018
  solar_year: 2016
  price_year: 2023
  carbon_year: 2023
storage_values:
  CAES:
    cost: 53.2838
    lifetime: 24.3327
    annual_cost: 2.1898022003312416
    efficiency: 0.63921
    discharge_ratio: 0.1
    depth_of_discharge: 0.4
  Li-ion:
    cost: 251.483
    lifetime: 21.4533
    annual_cost: 11.722345746342056
    efficiency: 0.95176
    discharge_ratio: 2
    depth_of_discharge: 0.9
  Pb-acid:
    cost: 201.913
    lifetime: 14.5563
    annual_cost: 13.871176054354473
    efficiency: 0.735124
    discharge_ratio: 5
    depth_of_discharge: 0.5
  VRBF:
    cost: 247.196
    lifetime: 21.8712
    annual_cost: 11.302351951424704
    efficiency: 0.798435
    discharge_ratio: 0.5
    depth_of_discharge: 1.0
