cost_values:
  wind_capex: 5000.0
  wind_opex: 100
  wind_lifetime: 20
  solar_capex: 1000.0
  solar_opex: 10
  solar_lifetime: 20
  carbon_price: 1.0
timeseries_values:
  load_level: 255718.485658553
  wind_year: 2018
  solar_year: 2016
  price_year: 2023
  carbon_year: 2023
storage_values:
  CAES:
    cost: 56.9902
    lifetime: 24.7536
    annual_cost: 2.3022994635123784
    efficiency: 0.632999
    discharge_ratio: 0.1
    depth_of_discharge: 0.4
  Li-ion:
    cost: 240.505
    lifetime: 21.265
    annual_cost: 11.309898894897719
    efficiency: 0.962571
    discharge_ratio: 2
    depth_of_discharge: 0.9
  Pb-acid:
    cost: 172.186
    lifetime: 14.9743
    annual_cost: 11.498767888983124
    efficiency: 0.74277
    discharge_ratio: 5
    depth_of_discharge: 0.5
  VRBF:
    cost: 234.748
    lifetime: 21.4471
    annual_cost: 10.94544250737862
    efficiency: 0.812161
    discharge_ratio: 0.5
    depth_of_discharge: 1.0
