cost_values:
  wind_capex: 5000.0
  wind_opex: 100
  wind_lifetime: 20
  solar_capex: 1000.0
  solar_opex: 10
  solar_lifetime: 20
  carbon_price: 1.0
timeseries_values:
  load_level: 255718.485658553
  wind_year: 2018
  solar_year: 2016
  price_year: 2023
  carbon_year: 2023
storage_values:
  CAES:
    cost: 61.8098
    lifetime: 24.5447
    annual_cost: 2.5182544500442052
    efficiency: 0.620779
    discharge_ratio: 0.1
    depth_of_discharge: 0.4
  Li-ion:
    cost: 243.157
    lifetime: 18.2683
    annual_cost: 13.310324441792615
    efficiency: 0.9402
    discharge_ratio: 2
    depth_of_discharge: 0.9
  Pb-acid:
    cost: 184.569
    lifetime: 12.4536
    annual_cost: 14.820533821545576
    efficiency: 0.737148
    discharge_ratio: 5
    depth_of_discharge: 0.5
  VRBF:
    cost: 241.015
    lifetime: 19.4521
    annual_cost: 12.390178952401024
    efficiency: 0.825542
    discharge_ratio: 0.5
    depth_of_discharge: 1.0
