cost_values:
  wind_capex: 5000.0
  wind_opex: 100
  wind_lifetime: 20
  solar_capex: 1000.0
  solar_opex: 10
  solar_lifetime: 20
  carbon_price: 1.0
timeseries_values:
  load_level: 255718.485658553
  wind_year: 2018
  solar_year: 2016
  price_year: 2023
  carbon_year: 2023
storage_values:
  CAES:
    cost: 61.1333
    lifetime: 24.7857
    annual_cost: 2.4664746204464674
    efficiency: 0.625043
    discharge_ratio: 0.1
    depth_of_discharge: 0.4
  Li-ion:
    cost: 243.799
    lifetime: 19.7451
    annual_cost: 12.347316549422388
    efficiency: 0.952403
    discharge_ratio: 2
    depth_of_discharge: 0.9
  Pb-acid:
    cost: 186.676
    lifetime: 13.6464
    annual_cost: 13.679505217493258
    efficiency: 0.747656
    discharge_ratio: 5
    depth_of_discharge: 0.5
  VRBF:
    cost: 249.339
    lifetime: 19.9086
    annual_cost: 12.52418552786233
    efficiency: 0.784404
    discharge_ratio: 0.5
    depth_of_discharge: 1.0
