cost_values:
  wind_capex: 5000.0
  wind_opex: 100
  wind_lifetime: 20
  solar_capex: 1000.0
  solar_opex: 10
  solar_lifetime: 20
  carbon_price: 1.0
timeseries_values:
  load_level: 255718.485658553
  wind_year: 2018
  solar_year: 2016
  price_year: 2023
  carbon_year: 2023
storage_values:
  CAES:
    cost: 51.1226
    lifetime: 23.7416
    annual_cost: 2.1532921117363615
    efficiency: 0.620546
    discharge_ratio: 0.1
    depth_of_discharge: 0.4
  Li-ion:
    cost: 233.855
    lifetime: 19.8819
    annual_cost: 11.76220582539898
    efficiency: 0.964704
    discharge_ratio: 2
    depth_of_discharge: 0.9
  Pb-acid:
    cost: 163.359
    lifetime: 13.1019
    annual_cost: 12.46834428594326
    efficiency: 0.738727
    discharge_ratio: 5
    depth_of_discharge: 0.5
  VRBF:
    cost: 212.397
    lifetime: 19.23
    annual_cost: 11.045085803432137
    efficiency: 0.787656
    discharge_ratio: 0.5
    depth_of_discharge: 1.0
