cost_values:
  wind_capex: 5000.0
  wind_opex: 100
  wind_lifetime: 20
  solar_capex: 1000.0
  solar_opex: 10
  solar_lifetime: 20
  carbon_price: 1.0
timeseries_values:
  load_level: 255718.485658553
  wind_year: 2018
  solar_year: 2016
  price_year: 2023
  carbon_year: 2023
storage_values:
  CAES:
    cost: 52.4536
    lifetime: 24.5023
    annual_cost: 2.1407622957844774
    efficiency: 0.626465
    discharge_ratio: 0.1
    depth_of_discharge: 0.4
  Li-ion:
    cost: 267.981
    lifetime: 20.1329
    annual_cost: 13.310601055982993
    efficiency: 0.943223
    discharge_ratio: 2
    depth_of_discharge: 0.9
  Pb-acid:
    cost: 167.113
    lifetime: 13.7078
    annual_cost: 12.191088285501685
    efficiency: 0.750769
    discharge_ratio: 5
    depth_of_discharge: 0.5
  VRBF:
    cost: 248.88
    lifetime: 18.4812
    annual_cost: 13.466658009220179
    efficiency: 0.777469
    discharge_ratio: 0.5
    depth_of_discharge: 1.0
