cost_values:
  wind_capex: 5000.0
  wind_opex: 100
  wind_lifetime: 20
  solar_capex: 1000.0
  solar_opex: 10
  solar_lifetime: 20
  carbon_price: 1.0
timeseries_values:
  load_level: 255718.485658553
  wind_year: 2018
  solar_year: 2016
  price_year: 2023
  carbon_year: 2023
storage_values:
  CAES:
    cost: 55.2071
    lifetime: 24.3591
    annual_cost: 2.266385047066599
    efficiency: 0.626951
    discharge_ratio: 0.1
    depth_of_discharge: 0.4
  Li-ion:
    cost: 267.311
    lifetime: 18.4964
    annual_cost: 14.452055535131159
    efficiency: 0.952527
    discharge_ratio: 2
    depth_of_discharge: 0.9
  Pb-acid:
    cost: 144.449
    lifetime: 12.5284
    annual_cost: 11.529724466013219
    efficiency: 0.744931
    discharge_ratio: 5
    depth_of_discharge: 0.5
  VRBF:
    cost: 219.027
    lifetime: 21.1487
    annual_cost: 10.356523095982258
    efficiency: 0.783324
    discharge_ratio: 0.5
    depth_of_discharge: 1.0
