cost_values:
  wind_capex: 5000.0
  wind_opex: 100
  wind_lifetime: 20
  solar_capex: 1000.0
  solar_opex: 10
  solar_lifetime: 20
  carbon_price: 1.0
timeseries_values:
  load_level: 255718.485658553
  wind_year: 2018
  solar_year: 2016
  price_year: 2023
  carbon_year: 2023
storage_values:
  CAES:
    cost: 58.8099
    lifetime: 24.5134
    annual_cost: 2.39909192523273
    efficiency: 0.631047
    discharge_ratio: 0.1
    depth_of_discharge: 0.4
  Li-ion:
    cost: 263.144
    lifetime: 19.5624
    annual_cost: 13.451519240992925
    efficiency: 0.954369
    discharge_ratio: 2
    depth_of_discharge: 0.9
  Pb-acid:
    cost: 179.472
    lifetime: 12.4264
    annual_cost: 14.442799201699609
    efficiency: 0.730967
    discharge_ratio: 5
    depth_of_discharge: 0.5
  VRBF:
    cost: 213.726
    lifetime: 23.8768
    annual_cost: 8.951199490719025
    efficiency: 0.828257
    discharge_ratio: 0.5
    depth_of_discharge: 1.0
