cost_values:
  wind_capex: 5000.0
  wind_opex: 100
  wind_lifetime: 20
  solar_capex: 1000.0
  solar_opex: 10
  solar_lifetime: 20
  carbon_price: 1.0
timeseries_values:
  load_level: 255718.485658553
  wind_year: 2018
  solar_year: 2016
  price_year: 2023
  carbon_year: 2023
storage_values:
  CAES:
    cost: 50.6238
    lifetime: 24.6404
    annual_cost: 2.0545039853249136
    efficiency: 0.632694
    discharge_ratio: 0.1
    depth_of_discharge: 0.4
  Li-ion:
    cost: 246.571
    lifetime: 22.3142
    annual_cost: 11.049959218793415
    efficiency: 0.960917
    discharge_ratio: 2
    depth_of_discharge: 0.9
  Pb-acid:
    cost: 188.319
    lifetime: 13.0645
    annual_cost: 14.414558536492018
    efficiency: 0.735526
    discharge_ratio: 5
    depth_of_discharge: 0.5
  VRBF:
    cost: 233.368
    lifetime: 21.3028
    annual_cost: 10.954804063315619
    efficiency: 0.79489
    discharge_ratio: 0.5
    depth_of_discharge: 1.0
