cost_values:
  wind_capex: 5000.0
  wind_opex: 100
  wind_lifetime: 20
  solar_capex: 1000.0
  solar_opex: 10
  solar_lifetime: 20
  carbon_price: 1.0
timeseries_values:
  load_level: 255718.485658553
  wind_year: 2018
  solar_year: 2016
  price_year: 2023
  carbon_year: 2023
storage_values:
  CAES:
    cost: 46.4033
    lifetime: 23.2373
    annual_cost: 1.9969316572923703
    efficiency: 0.637022
    discharge_ratio: 0.1
    depth_of_discharge: 0.4
  Li-ion:
    cost: 240.122
    lifetime: 22.7894
    annual_cost: 10.536565245245598
    efficiency: 0.967871
    discharge_ratio: 2
    depth_of_discharge: 0.9
  Pb-acid:
    cost: 171.962
    lifetime: 14.024
    annual_cost: 12.261979463776383
    efficiency: 0.736024
    discharge_ratio: 5
    depth_of_discharge: 0.5
  VRBF:
    cost: 239.572
    lifetime: 21.3007
    annual_cost: 11.247142112700523
    efficiency: 0.787326
    discharge_ratio: 0.5
    depth_of_discharge: 1.0
