cost_values:
  wind_capex: 5000.0
  wind_opex: 100
  wind_lifetime: 20
  solar_capex: 1000.0
  solar_opex: 10
  solar_lifetime: 20
  carbon_price: 1.0
timeseries_values:
  load_level: 255718.485658553
  wind_year: 2018
  solar_year: 2016
  price_year: 2023
  carbon_year: 2023
storage_values:
  CAES:
    cost: 49.2788
    lifetime: 24.4369
    annual_cost: 2.0165732969402828
    efficiency: 0.632306
    discharge_ratio: 0.1
    depth_of_discharge: 0.4
  Li-ion:
    cost: 262.567
    lifetime: 20.4973
    annual_cost: 12.809833490264571
    efficiency: 0.952979
    discharge_ratio: 2
    depth_of_discharge: 0.9
  Pb-acid:
    cost: 179.192
    lifetime: 14.0621
    annual_cost: 12.742904687066655
    efficiency: 0.755258
    discharge_ratio: 5
    depth_of_discharge: 0.5
  VRBF:
    cost: 213.283
    lifetime: 21.1703
    annual_cost: 10.074632858296765
    efficiency: 0.79587
    discharge_ratio: 0.5
    depth_of_discharge: 1.0
