cost_values:
  wind_capex: 5000.0
  wind_opex: 100
  wind_lifetime: 20
  solar_capex: 1000.0
  solar_opex: 10
  solar_lifetime: 20
  carbon_price: 1.0
timeseries_values:
  load_level: 255718.485658553
  wind_year: 2018
  solar_year: 2016
  price_year: 2023
  carbon_year: 2023
storage_values:
  CAES:
    cost: 64.1852
    lifetime: 23.5618
    annual_cost: 2.724121247103362
    efficiency: 0.633655
    discharge_ratio: 0.1
    depth_of_discharge: 0.4
  Li-ion:
    cost: 259.857
    lifetime: 20.0744
    annual_cost: 12.944695731877417
    efficiency: 0.947522
    discharge_ratio: 2
    depth_of_discharge: 0.9
  Pb-acid:
    cost: 152.751
    lifetime: 13.5194
    annual_cost: 11.298652307055049
    efficiency: 0.740221
    discharge_ratio: 5
    depth_of_discharge: 0.5
  VRBF:
    cost: 215.435
    lifetime: 21.6236
    annual_cost: 9.962957139421743
    efficiency: 0.820078
    discharge_ratio: 0.5
    depth_of_discharge: 1.0
