cost_values:
  wind_capex: 5000.0
  wind_opex: 100
  wind_lifetime: 20
  solar_capex: 1000.0
  solar_opex: 10
  solar_lifetime: 20
  carbon_price: 1.0
timeseries_values:
  load_level: 255718.485658553
  wind_year: 2018
  solar_year: 2016
  price_year: 2023
  carbon_year: 2023
storage_values:
  CAES:
    cost: 54.5737
    lifetime: 22.8915
    annual_cost: 2.3840159010986612
    efficiency: 0.622373
    discharge_ratio: 0.1
    depth_of_discharge: 0.4
  Li-ion:
    cost: 246.497
    lifetime: 20.8542
    annual_cost: 11.820017070901786
    efficiency: 0.934699
    discharge_ratio: 2
    depth_of_discharge: 0.9
  Pb-acid:
    cost: 180.687
    lifetime: 14.0758
    annual_cost: 12.836712655763796
    efficiency: 0.756967
    discharge_ratio: 5
    depth_of_discharge: 0.5
  VRBF:
    cost: 223.719
    lifetime: 21.5073
    annual_cost: 10.402003040827998
    efficiency: 0.805551
    discharge_ratio: 0.5
    depth_of_discharge: 1.0
