cost_values:
  wind_capex: 5000.0
  wind_opex: 100
  wind_lifetime: 20
  solar_capex: 1000.0
  solar_opex: 10
  solar_lifetime: 20
  carbon_price: 1.0
timeseries_values:
  load_level: 255718.485658553
  wind_year: 2018
  solar_year: 2016
  price_year: 2023
  carbon_year: 2023
storage_values:
  CAES:
    cost: 62.6415
    lifetime: 24.2228
    annual_cost: 2.586055286754628
    efficiency: 0.624068
    discharge_ratio: 0.1
    depth_of_discharge: 0.4
  Li-ion:
    cost: 226.978
    lifetime: 20.0782
    annual_cost: 11.304698628363102
    efficiency: 0.947161
    discharge_ratio: 2
    depth_of_discharge: 0.9
  Pb-acid:
    cost: 176.525
    lifetime: 12.4794
    annual_cost: 14.145311473308013
    efficiency: 0.739581
    discharge_ratio: 5
    depth_of_discharge: 0.5
  VRBF:
    cost: 243.337
    lifetime: 21.7472
    annual_cost: 11.189348513831666
    efficiency: 0.80112
    discharge_ratio: 0.5
    depth_of_discharge: 1.0
