cost_values:
  wind_capex: 5000.0
  wind_opex: 100
  wind_lifetime: 20
  solar_capex: 1000.0
  solar_opex: 10
  solar_lifetime: 20
  carbon_price: 1.0
timeseries_values:
  load_level: 255718.485658553
  wind_year: 2018
  solar_year: 2016
  price_year: 2023
  carbon_year: 2023
storage_values:
  CAES:
    cost: 62.643
    lifetime: 24.5405
    annual_cost: 2.5526374768240254
    efficiency: 0.635472
    discharge_ratio: 0.1
    depth_of_discharge: 0.4
  Li-ion:
    cost: 253.317
    lifetime: 20.8812
    annual_cost: 12.13134302626286
    efficiency: 0.955671
    discharge_ratio: 2
    depth_of_discharge: 0.9
  Pb-acid:
    cost: 189.96
    lifetime: 12.6543
    annual_cost: 15.011498067850455
    efficiency: 0.730003
    discharge_ratio: 5
    depth_of_discharge: 0.5
  VRBF:
    cost: 254.403
    lifetime: 21.4596
    annual_cost: 11.8549739976514
    efficiency: 0.812823
    discharge_ratio: 0.5
    depth_of_discharge: 1.0
