cost_values:
  wind_capex: 5000.0
  wind_opex: 100
  wind_lifetime: 20
  solar_capex: 1000.0
  solar_opex: 10
  solar_lifetime: 20
  carbon_price: 1.0
timeseries_values:
  load_level: 255718.485658553
  wind_year: 2018
  solar_year: 2016
  price_year: 2023
  carbon_year: 2023
storage_values:
  CAES:
    cost: 64.289
    lifetime: 24.4302
    annual_cost: 2.6315380144247693
    efficiency: 0.628601
    discharge_ratio: 0.1
    depth_of_discharge: 0.4
  Li-ion:
    cost: 260.398
    lifetime: 22.9474
    annual_cost: 11.347603650086722
    efficiency: 0.956135
    discharge_ratio: 2
    depth_of_discharge: 0.9
  Pb-acid:
    cost: 175.687
    lifetime: 12.0038
    annual_cost: 14.635948616271515
    efficiency: 0.7532
    discharge_ratio: 5
    depth_of_discharge: 0.5
  VRBF:
    cost: 231.575
    lifetime: 22.7029
    annual_cost: 10.200238736020507
    efficiency: 0.80703
    discharge_ratio: 0.5
    depth_of_discharge: 1.0
