cost_values:
  wind_capex: 5000.0
  wind_opex: 100
  wind_lifetime: 20
  solar_capex: 1000.0
  solar_opex: 10
  solar_lifetime: 20
  carbon_price: 1.0
timeseries_values:
  load_level: 255718.485658553
  wind_year: 2018
  solar_year: 2016
  price_year: 2023
  carbon_year: 2023
storage_values:
  CAES:
    cost: 63.1113
    lifetime: 25.0981
    annual_cost: 2.514584769365012
    efficiency: 0.62663
    discharge_ratio: 0.1
    depth_of_discharge: 0.4
  Li-ion:
    cost: 264.808
    lifetime: 21.0577
    annual_cost: 12.575352483889503
    efficiency: 0.964523
    discharge_ratio: 2
    depth_of_discharge: 0.9
  Pb-acid:
    cost: 183.691
    lifetime: 12.5973
    annual_cost: 14.581775459820754
    efficiency: 0.755092
    discharge_ratio: 5
    depth_of_discharge: 0.5
  VRBF:
    cost: 246.218
    lifetime: 21.4508
    annual_cost: 11.478266544837487
    efficiency: 0.807608
    discharge_ratio: 0.5
    depth_of_discharge: 1.0
