cost_values:
  wind_capex: 5000.0
  wind_opex: 100
  wind_lifetime: 20
  solar_capex: 1000.0
  solar_opex: 10
  solar_lifetime: 20
  carbon_price: 1.0
timeseries_values:
  load_level: 255718.485658553
  wind_year: 2018
  solar_year: 2016
  price_year: 2023
  carbon_year: 2023
storage_values:
  CAES:
    cost: 49.4889
    lifetime: 24.1637
    annual_cost: 2.04806796972318
    efficiency: 0.639718
    discharge_ratio: 0.1
    depth_of_discharge: 0.4
  Li-ion:
    cost: 243.46
    lifetime: 20.622
    annual_cost: 11.805838424983028
    efficiency: 0.960807
    discharge_ratio: 2
    depth_of_discharge: 0.9
  Pb-acid:
    cost: 167.951
    lifetime: 13.6306
    annual_cost: 12.32161460243863
    efficiency: 0.749937
    discharge_ratio: 5
    depth_of_discharge: 0.5
  VRBF:
    cost: 263.315
    lifetime: 21.714
    annual_cost: 12.126508243529521
    efficiency: 0.813096
    discharge_ratio: 0.5
    depth_of_discharge: 1.0
