cost_values:
  wind_capex: 5000.0
  wind_opex: 100
  wind_lifetime: 20
  solar_capex: 1000.0
  solar_opex: 10
  solar_lifetime: 20
  carbon_price: 1.0
timeseries_values:
  load_level: 255718.485658553
  wind_year: 2018
  solar_year: 2016
  price_year: 2023
  carbon_year: 2023
storage_values:
  CAES:
    cost: 55.0709
    lifetime: 24.1828
    annual_cost: 2.2772755842995847
    efficiency: 0.629892
    discharge_ratio: 0.1
    depth_of_discharge: 0.4
  Li-ion:
    cost: 268.567
    lifetime: 20.8705
    annual_cost: 12.8682590258978
    efficiency: 0.949127
    discharge_ratio: 2
    depth_of_discharge: 0.9
  Pb-acid:
    cost: 171.151
    lifetime: 11.7143
    annual_cost: 14.610433401910488
    efficiency: 0.748757
    discharge_ratio: 5
    depth_of_discharge: 0.5
  VRBF:
    cost: 242.528
    lifetime: 23.4749
    annual_cost: 10.331375213525934
    efficiency: 0.812981
    discharge_ratio: 0.5
    depth_of_discharge: 1.0
