cost_values:
  wind_capex: 5000.0
  wind_opex: 100
  wind_lifetime: 20
  solar_capex: 1000.0
  solar_opex: 10
  solar_lifetime: 20
  carbon_price: 1.0
timeseries_values:
  load_level: 255718.485658553
  wind_year: 2018
  solar_year: 2016
  price_year: 2023
  carbon_year: 2023
storage_values:
  CAES:
    cost: 59.1011
    lifetime: 24.4433
    annual_cost: 2.4178854737289974
    efficiency: 0.631611
    discharge_ratio: 0.1
    depth_of_discharge: 0.4
  Li-ion:
    cost: 272.251
    lifetime: 17.9951
    annual_cost: 15.12917405293663
    efficiency: 0.936055
    discharge_ratio: 2
    depth_of_discharge: 0.9
  Pb-acid:
    cost: 174.078
    lifetime: 13.4467
    annual_cost: 12.945778518149435
    efficiency: 0.740979
    discharge_ratio: 5
    depth_of_discharge: 0.5
  VRBF:
    cost: 217.105
    lifetime: 21.8952
    annual_cost: 9.915643611385144
    efficiency: 0.802358
    discharge_ratio: 0.5
    depth_of_discharge: 1.0
