cost_values:
  wind_capex: 5000.0
  wind_opex: 100
  wind_lifetime: 20
  solar_capex: 1000.0
  solar_opex: 10
  solar_lifetime: 20
  carbon_price: 1.0
timeseries_values:
  load_level: 255718.485658553
  wind_year: 2018
  solar_year: 2016
  price_year: 2023
  carbon_year: 2023
storage_values:
  CAES:
    cost: 55.6854
    lifetime: 24.2739
    annual_cost: 2.294044220335422
    efficiency: 0.629458
    discharge_ratio: 0.1
    depth_of_discharge: 0.4
  Li-ion:
    cost: 263.613
    lifetime: 19.2609
    annual_cost: 13.686432098188558
    efficiency: 0.951367
    discharge_ratio: 2
    depth_of_discharge: 0.9
  Pb-acid:
    cost: 158.343
    lifetime: 12.4354
    annual_cost: 12.733245412290717
    efficiency: 0.75165
    discharge_ratio: 5
    depth_of_discharge: 0.5
  VRBF:
    cost: 264.913
    lifetime: 22.7547
    annual_cost: 11.64212228682426
    efficiency: 0.812779
    discharge_ratio: 0.5
    depth_of_discharge: 1.0
