cost_values:
  wind_capex: 5000.0
  wind_opex: 100
  wind_lifetime: 20
  solar_capex: 1000.0
  solar_opex: 10
  solar_lifetime: 20
  carbon_price: 1.0
timeseries_values:
  load_level: 255718.485658553
  wind_year: 2018
  solar_year: 2016
  price_year: 2023
  carbon_year: 2023
storage_values:
  CAES:
    cost: 65.3806
    lifetime: 24.2853
    annual_cost: 2.6921882785059275
    efficiency: 0.635324
    discharge_ratio: 0.1
    depth_of_discharge: 0.4
  Li-ion:
    cost: 273.585
    lifetime: 22.147
    annual_cost: 12.353140380186932
    efficiency: 0.935495
    discharge_ratio: 2
    depth_of_discharge: 0.9
  Pb-acid:
    cost: 186.272
    lifetime: 14.8911
    annual_cost: 12.508948297976643
    efficiency: 0.734981
    discharge_ratio: 5
    depth_of_discharge: 0.5
  VRBF:
    cost: 239.517
    lifetime: 19.8232
    annual_cost: 12.08266072077162
    efficiency: 0.8086
    discharge_ratio: 0.5
    depth_of_discharge: 1.0
