cost_values:
  wind_capex: 5000.0
  wind_opex: 100
  wind_lifetime: 20
  solar_capex: 1000.0
  solar_opex: 10
  solar_lifetime: 20
  carbon_price: 1.0
timeseries_values:
  load_level: 255718.485658553
  wind_year: 2018
  solar_year: 2016
  price_year: 2023
  carbon_year: 2023
storage_values:
  CAES:
    cost: 57.8387
    lifetime: 24.3262
    annual_cost: 2.377629880540323
    efficiency: 0.615702
    discharge_ratio: 0.1
    depth_of_discharge: 0.4
  Li-ion:
    cost: 273.966
    lifetime: 19.7148
    annual_cost: 13.896463570515552
    efficiency: 0.960194
    discharge_ratio: 2
    depth_of_discharge: 0.9
  Pb-acid:
    cost: 147.54
    lifetime: 12.5669
    annual_cost: 11.740365563504126
    efficiency: 0.749687
    discharge_ratio: 5
    depth_of_discharge: 0.5
  VRBF:
    cost: 218.538
    lifetime: 20.5324
    annual_cost: 10.643568214139604
    efficiency: 0.801984
    discharge_ratio: 0.5
    depth_of_discharge: 1.0
