cost_values:
  wind_capex: 5000.0
  wind_opex: 100
  wind_lifetime: 20
  solar_capex: 1000.0
  solar_opex: 10
  solar_lifetime: 20
  carbon_price: 1.0
timeseries_values:
  load_level: 255718.485658553
  wind_year: 2018
  solar_year: 2016
  price_year: 2023
  carbon_year: 2023
storage_values:
  CAES:
    cost: 58.2127
    lifetime: 25.9406
    annual_cost: 2.2440768525014843
    efficiency: 0.637647
    discharge_ratio: 0.1
    depth_of_discharge: 0.4
  Li-ion:
    cost: 244.432
    lifetime: 20.6251
    annual_cost: 11.851191024528365
    efficiency: 0.944122
    discharge_ratio: 2
    depth_of_discharge: 0.9
  Pb-acid:
    cost: 190.986
    lifetime: 12.8016
    annual_cost: 14.918916385451817
    efficiency: 0.737988
    discharge_ratio: 5
    depth_of_discharge: 0.5
  VRBF:
    cost: 250.786
    lifetime: 22.4091
    annual_cost: 11.191257123222263
    efficiency: 0.782945
    discharge_ratio: 0.5
    depth_of_discharge: 1.0
