cost_values:
  wind_capex: 5000.0
  wind_opex: 100
  wind_lifetime: 20
  solar_capex: 1000.0
  solar_opex: 10
  solar_lifetime: 20
  carbon_price: 1.0
timeseries_values:
  load_level: 255718.485658553
  wind_year: 2018
  solar_year: 2016
  price_year: 2023
  carbon_year: 2023
storage_values:
  CAES:
    cost: 56.0296
    lifetime: 23.7796
    annual_cost: 2.3562044777876836
    efficiency: 0.629942
    discharge_ratio: 0.1
    depth_of_discharge: 0.4
  Li-ion:
    cost: 272.951
    lifetime: 20.9668
    annual_cost: 13.018247896674744
    efficiency: 0.956555
    discharge_ratio: 2
    depth_of_discharge: 0.9
  Pb-acid:
    cost: 200.145
    lifetime: 14.2153
    annual_cost: 14.07954809254817
    efficiency: 0.734659
    discharge_ratio: 5
    depth_of_discharge: 0.5
  VRBF:
    cost: 231.872
    lifetime: 21.2351
    annual_cost: 10.919279871533453
    efficiency: 0.792069
    discharge_ratio: 0.5
    depth_of_discharge: 1.0
