cost_values:
  wind_capex: 5000.0
  wind_opex: 100
  wind_lifetime: 20
  solar_capex: 1000.0
  solar_opex: 10
  solar_lifetime: 20
  carbon_price: 1.0
timeseries_values:
  load_level: 255718.485658553
  wind_year: 2018
  solar_year: 2016
  price_year: 2023
  carbon_year: 2023
storage_values:
  CAES:
    cost: 47.3364
    lifetime: 23.7305
    annual_cost: 1.9947493731695496
    efficiency: 0.636288
    discharge_ratio: 0.1
    depth_of_discharge: 0.4
  Li-ion:
    cost: 229.209
    lifetime: 21.4578
    annual_cost: 10.681849956659118
    efficiency: 0.942393
    discharge_ratio: 2
    depth_of_discharge: 0.9
  Pb-acid:
    cost: 163.291
    lifetime: 14.9448
    annual_cost: 10.926275359991434
    efficiency: 0.74739
    discharge_ratio: 5
    depth_of_discharge: 0.5
  VRBF:
    cost: 255.062
    lifetime: 20.7797
    annual_cost: 12.274575667598668
    efficiency: 0.790958
    discharge_ratio: 0.5
    depth_of_discharge: 1.0
