cost_values:
  wind_capex: 5000.0
  wind_opex: 100
  wind_lifetime: 20
  solar_capex: 1000.0
  solar_opex: 10
  solar_lifetime: 20
  carbon_price: 1.0
timeseries_values:
  load_level: 255718.485658553
  wind_year: 2018
  solar_year: 2016
  price_year: 2023
  carbon_year: 2023
storage_values:
  CAES:
    cost: 51.1499
    lifetime: 24.1433
    annual_cost: 2.118596049421579
    efficiency: 0.637172
    discharge_ratio: 0.1
    depth_of_discharge: 0.4
  Li-ion:
    cost: 256.511
    lifetime: 17.3754
    annual_cost: 14.762883156646756
    efficiency: 0.960554
    discharge_ratio: 2
    depth_of_discharge: 0.9
  Pb-acid:
    cost: 176.873
    lifetime: 11.7397
    annual_cost: 15.066228268184025
    efficiency: 0.723096
    discharge_ratio: 5
    depth_of_discharge: 0.5
  VRBF:
    cost: 252.504
    lifetime: 19.9089
    annual_cost: 12.682970932597984
    efficiency: 0.804632
    discharge_ratio: 0.5
    depth_of_discharge: 1.0
