cost_values:
  wind_capex: 5000.0
  wind_opex: 100
  wind_lifetime: 20
  solar_capex: 1000.0
  solar_opex: 10
  solar_lifetime: 20
  carbon_price: 1.0
timeseries_values:
  load_level: 255718.485658553
  wind_year: 2018
  solar_year: 2016
  price_year: 2023
  carbon_year: 2023
storage_values:
  CAES:
    cost: 61.9726
    lifetime: 24.6718
    annual_cost: 2.511879960116408
    efficiency: 0.636806
    discharge_ratio: 0.1
    depth_of_discharge: 0.4
  Li-ion:
    cost: 256.737
    lifetime: 21.3971
    annual_cost: 11.998682064391906
    efficiency: 0.955137
    discharge_ratio: 2
    depth_of_discharge: 0.9
  Pb-acid:
    cost: 184.079
    lifetime: 13.4783
    annual_cost: 13.657434542931972
    efficiency: 0.741219
    discharge_ratio: 5
    depth_of_discharge: 0.5
  VRBF:
    cost: 246.722
    lifetime: 22.5991
    annual_cost: 10.917337416091792
    efficiency: 0.811885
    discharge_ratio: 0.5
    depth_of_discharge: 1.0
