cost_values:
  wind_capex: 5000.0
  wind_opex: 100
  wind_lifetime: 20
  solar_capex: 1000.0
  solar_opex: 10
  solar_lifetime: 20
  carbon_price: 1.0
timeseries_values:
  load_level: 255718.485658553
  wind_year: 2018
  solar_year: 2016
  price_year: 2023
  carbon_year: 2023
storage_values:
  CAES:
    cost: 61.7083
    lifetime: 24.7275
    annual_cost: 2.495533313112931
    efficiency: 0.630542
    discharge_ratio: 0.1
    depth_of_discharge: 0.4
  Li-ion:
    cost: 258.184
    lifetime: 20.5142
    annual_cost: 12.585623616811771
    efficiency: 0.958006
    discharge_ratio: 2
    depth_of_discharge: 0.9
  Pb-acid:
    cost: 183.191
    lifetime: 13.7888
    annual_cost: 13.285492573682989
    efficiency: 0.736584
    discharge_ratio: 5
    depth_of_discharge: 0.5
  VRBF:
    cost: 251.321
    lifetime: 20.9449
    annual_cost: 11.99915015111077
    efficiency: 0.805515
    discharge_ratio: 0.5
    depth_of_discharge: 1.0
