cost_values:
  wind_capex: 5000.0
  wind_opex: 100
  wind_lifetime: 20
  solar_capex: 1000.0
  solar_opex: 10
  solar_lifetime: 20
  carbon_price: 1.0
timeseries_values:
  load_level: 255718.485658553
  wind_year: 2018
  solar_year: 2016
  price_year: 2023
  carbon_year: 2023
storage_values:
  CAES:
    cost: 56.2227
    lifetime: 24.71
    annual_cost: 2.2753014973694863
    efficiency: 0.639565
    discharge_ratio: 0.1
    depth_of_discharge: 0.4
  Li-ion:
    cost: 244.554
    lifetime: 20.9599
    annual_cost: 11.66770833830314
    efficiency: 0.950425
    discharge_ratio: 2
    depth_of_discharge: 0.9
  Pb-acid:
    cost: 177.001
    lifetime: 12.8927
    annual_cost: 13.728776749633514
    efficiency: 0.73477
    discharge_ratio: 5
    depth_of_discharge: 0.5
  VRBF:
    cost: 231.115
    lifetime: 21.923
    annual_cost: 10.542124709209507
    efficiency: 0.808271
    discharge_ratio: 0.5
    depth_of_discharge: 1.0
