cost_values:
  wind_capex: 5000.0
  wind_opex: 100
  wind_lifetime: 20
  solar_capex: 1000.0
  solar_opex: 10
  solar_lifetime: 20
  carbon_price: 1.0
timeseries_values:
  load_level: 255718.485658553
  wind_year: 2018
  solar_year: 2016
  price_year: 2023
  carbon_year: 2023
storage_values:
  CAES:
    cost: 52.314
    lifetime: 24.6082
    annual_cost: 2.125876740273567
    efficiency: 0.632563
    discharge_ratio: 0.1
    depth_of_discharge: 0.4
  Li-ion:
    cost: 255.486
    lifetime: 20.3913
    annual_cost: 12.529166850568624
    efficiency: 0.957923
    discharge_ratio: 2
    depth_of_discharge: 0.9
  Pb-acid:
    cost: 177.173
    lifetime: 13.7198
    annual_cost: 12.913672210965176
    efficiency: 0.749883
    discharge_ratio: 5
    depth_of_discharge: 0.5
  VRBF:
    cost: 233.423
    lifetime: 23.0653
    annual_cost: 10.120093820587636
    efficiency: 0.793189
    discharge_ratio: 0.5
    depth_of_discharge: 1.0
