cost_values:
  wind_capex: 5000.0
  wind_opex: 100
  wind_lifetime: 20
  solar_capex: 1000.0
  solar_opex: 10
  solar_lifetime: 20
  carbon_price: 1.0
timeseries_values:
  load_level: 255718.485658553
  wind_year: 2018
  solar_year: 2016
  price_year: 2023
  carbon_year: 2023
storage_values:
  CAES:
    cost: 64.4254
    lifetime: 24.5302
    annual_cost: 2.626370759308933
    efficiency: 0.626675
    discharge_ratio: 0.1
    depth_of_discharge: 0.4
  Li-ion:
    cost: 268.101
    lifetime: 21.586
    annual_cost: 12.420133419809137
    efficiency: 0.965661
    discharge_ratio: 2
    depth_of_discharge: 0.9
  Pb-acid:
    cost: 197.039
    lifetime: 12.4726
    annual_cost: 15.797748665073842
    efficiency: 0.737997
    discharge_ratio: 5
    depth_of_discharge: 0.5
  VRBF:
    cost: 235.842
    lifetime: 21.7911
    annual_cost: 10.822858873576827
    efficiency: 0.79558
    discharge_ratio: 0.5
    depth_of_discharge: 1.0
