cost_values:
  wind_capex: 5000.0
  wind_opex: 100
  wind_lifetime: 20
  solar_capex: 1000.0
  solar_opex: 10
  solar_lifetime: 20
  carbon_price: 1.0
timeseries_values:
  load_level: 255718.485658553
  wind_year: 2018
  solar_year: 2016
  price_year: 2023
  carbon_year: 2023
storage_values:
  CAES:
    cost: 62.5449
    lifetime: 24.4776
    annual_cost: 2.555189234238651
    efficiency: 0.630373
    discharge_ratio: 0.1
    depth_of_discharge: 0.4
  Li-ion:
    cost: 274.841
    lifetime: 20.5543
    annual_cost: 13.371459986474848
    efficiency: 0.952834
    discharge_ratio: 2
    depth_of_discharge: 0.9
  Pb-acid:
    cost: 170.577
    lifetime: 14.1046
    annual_cost: 12.093714107454305
    efficiency: 0.764516
    discharge_ratio: 5
    depth_of_discharge: 0.5
  VRBF:
    cost: 216.236
    lifetime: 22.9524
    annual_cost: 9.421062721109774
    efficiency: 0.80948
    discharge_ratio: 0.5
    depth_of_discharge: 1.0
