cost_values:
  wind_capex: 5000.0
  wind_opex: 100
  wind_lifetime: 20
  solar_capex: 1000.0
  solar_opex: 10
  solar_lifetime: 20
  carbon_price: 1.0
timeseries_values:
  load_level: 255718.485658553
  wind_year: 2018
  solar_year: 2016
  price_year: 2023
  carbon_year: 2023
storage_values:
  CAES:
    cost: 56.4777
    lifetime: 24.5112
    annual_cost: 2.3041589151081956
    efficiency: 0.629948
    discharge_ratio: 0.1
    depth_of_discharge: 0.4
  Li-ion:
    cost: 285.072
    lifetime: 20.3365
    annual_cost: 14.017751333808668
    efficiency: 0.947516
    discharge_ratio: 2
    depth_of_discharge: 0.9
  Pb-acid:
    cost: 178.063
    lifetime: 15.6296
    annual_cost: 11.392677995598095
    efficiency: 0.744135
    discharge_ratio: 5
    depth_of_discharge: 0.5
  VRBF:
    cost: 216.142
    lifetime: 21.7472
    annual_cost: 9.93884270158917
    efficiency: 0.80031
    discharge_ratio: 0.5
    depth_of_discharge: 1.0
