cost_values:
  wind_capex: 5000.0
  wind_opex: 100
  wind_lifetime: 20
  solar_capex: 1000.0
  solar_opex: 10
  solar_lifetime: 20
  carbon_price: 1.0
timeseries_values:
  load_level: 255718.485658553
  wind_year: 2018
  solar_year: 2016
  price_year: 2023
  carbon_year: 2023
storage_values:
  CAES:
    cost: 52.7128
    lifetime: 23.2366
    annual_cost: 2.268524655070019
    efficiency: 0.62784
    discharge_ratio: 0.1
    depth_of_discharge: 0.4
  Li-ion:
    cost: 253.899
    lifetime: 19.1474
    annual_cost: 13.260233765419848
    efficiency: 0.953028
    discharge_ratio: 2
    depth_of_discharge: 0.9
  Pb-acid:
    cost: 168.867
    lifetime: 14.1742
    annual_cost: 11.91368825048327
    efficiency: 0.725357
    discharge_ratio: 5
    depth_of_discharge: 0.5
  VRBF:
    cost: 233.465
    lifetime: 23.2635
    annual_cost: 10.03567820835214
    efficiency: 0.819804
    discharge_ratio: 0.5
    depth_of_discharge: 1.0
