cost_values:
  wind_capex: 5000.0
  wind_opex: 100
  wind_lifetime: 20
  solar_capex: 1000.0
  solar_opex: 10
  solar_lifetime: 20
  carbon_price: 1.0
timeseries_values:
  load_level: 255718.485658553
  wind_year: 2018
  solar_year: 2016
  price_year: 2023
  carbon_year: 2023
storage_values:
  CAES:
    cost: 53.4993
    lifetime: 24.566
    annual_cost: 2.177778230074086
    efficiency: 0.631096
    discharge_ratio: 0.1
    depth_of_discharge: 0.4
  Li-ion:
    cost: 260.725
    lifetime: 22.0566
    annual_cost: 11.820724862399464
    efficiency: 0.958817
    discharge_ratio: 2
    depth_of_discharge: 0.9
  Pb-acid:
    cost: 183.315
    lifetime: 13.503
    annual_cost: 13.575872028438125
    efficiency: 0.7504
    discharge_ratio: 5
    depth_of_discharge: 0.5
  VRBF:
    cost: 225.211
    lifetime: 19.109
    annual_cost: 11.785598409126589
    efficiency: 0.800915
    discharge_ratio: 0.5
    depth_of_discharge: 1.0
