cost_values:
  wind_capex: 5000.0
  wind_opex: 100
  wind_lifetime: 20
  solar_capex: 1000.0
  solar_opex: 10
  solar_lifetime: 20
  carbon_price: 1.0
timeseries_values:
  load_level: 255718.485658553
  wind_year: 2018
  solar_year: 2016
  price_year: 2023
  carbon_year: 2023
storage_values:
  CAES:
    cost: 55.307
    lifetime: 23.6822
    annual_cost: 2.33538269248634
    efficiency: 0.634001
    discharge_ratio: 0.1
    depth_of_discharge: 0.4
  Li-ion:
    cost: 274.895
    lifetime: 19.8477
    annual_cost: 13.850219420890078
    efficiency: 0.940494
    discharge_ratio: 2
    depth_of_discharge: 0.9
  Pb-acid:
    cost: 162.807
    lifetime: 13.3573
    annual_cost: 12.188615962806853
    efficiency: 0.735672
    discharge_ratio: 5
    depth_of_discharge: 0.5
  VRBF:
    cost: 213.313
    lifetime: 22.8265
    annual_cost: 9.34497185289028
    efficiency: 0.779708
    discharge_ratio: 0.5
    depth_of_discharge: 1.0
