cost_values:
  wind_capex: 5000.0
  wind_opex: 100
  wind_lifetime: 20
  solar_capex: 1000.0
  solar_opex: 10
  solar_lifetime: 20
  carbon_price: 1.0
timeseries_values:
  load_level: 255718.485658553
  wind_year: 2018
  solar_year: 2016
  price_year: 2023
  carbon_year: 2023
storage_values:
  CAES:
    cost: 50.6962
    lifetime: 24.132
    annual_cost: 2.100787336316923
    efficiency: 0.623646
    discharge_ratio: 0.1
    depth_of_discharge: 0.4
  Li-ion:
    cost: 235.006
    lifetime: 19.0763
    annual_cost: 12.319265266325232
    efficiency: 0.947234
    discharge_ratio: 2
    depth_of_discharge: 0.9
  Pb-acid:
    cost: 193.386
    lifetime: 13.9445
    annual_cost: 13.868263473053892
    efficiency: 0.748555
    discharge_ratio: 5
    depth_of_discharge: 0.5
  VRBF:
    cost: 268.954
    lifetime: 20.2151
    annual_cost: 13.304608930947659
    efficiency: 0.802618
    discharge_ratio: 0.5
    depth_of_discharge: 1.0
