cost_values:
  wind_capex: 5000.0
  wind_opex: 100
  wind_lifetime: 20
  solar_capex: 1000.0
  solar_opex: 10
  solar_lifetime: 20
  carbon_price: 1.0
timeseries_values:
  load_level: 255718.485658553
  wind_year: 2018
  solar_year: 2016
  price_year: 2023
  carbon_year: 2023
storage_values:
  CAES:
    cost: 65.16
    lifetime: 23.5873
    annual_cost: 2.762503550639539
    efficiency: 0.63656
    discharge_ratio: 0.1
    depth_of_discharge: 0.4
  Li-ion:
    cost: 241.683
    lifetime: 19.1833
    annual_cost: 12.598614419833918
    efficiency: 0.94073
    discharge_ratio: 2
    depth_of_discharge: 0.9
  Pb-acid:
    cost: 175.426
    lifetime: 14.4297
    annual_cost: 12.15728670727735
    efficiency: 0.730228
    discharge_ratio: 5
    depth_of_discharge: 0.5
  VRBF:
    cost: 262.895
    lifetime: 21.5955
    annual_cost: 12.173600981685999
    efficiency: 0.797668
    discharge_ratio: 0.5
    depth_of_discharge: 1.0
