cost_values:
  wind_capex: 5000.0
  wind_opex: 100
  wind_lifetime: 20
  solar_capex: 1000.0
  solar_opex: 10
  solar_lifetime: 20
  carbon_price: 1.0
timeseries_values:
  load_level: 255718.485658553
  wind_year: 2018
  solar_year: 2016
  price_year: 2023
  carbon_year: 2023
storage_values:
  CAES:
    cost: 56.2004
    lifetime: 24.2763
    annual_cost: 2.315031532811837
    efficiency: 0.64043
    discharge_ratio: 0.1
    depth_of_discharge: 0.4
  Li-ion:
    cost: 248.519
    lifetime: 17.7518
    annual_cost: 13.999650739643304
    efficiency: 0.962922
    discharge_ratio: 2
    depth_of_discharge: 0.9
  Pb-acid:
    cost: 177.936
    lifetime: 13.0659
    annual_cost: 13.618350056253302
    efficiency: 0.744704
    discharge_ratio: 5
    depth_of_discharge: 0.5
  VRBF:
    cost: 231.546
    lifetime: 21.9173
    annual_cost: 10.564531215067548
    efficiency: 0.801375
    discharge_ratio: 0.5
    depth_of_discharge: 1.0
