cost_values:
  wind_capex: 5000.0
  wind_opex: 100
  wind_lifetime: 20
  solar_capex: 1000.0
  solar_opex: 10
  solar_lifetime: 20
  carbon_price: 1.0
timeseries_values:
  load_level: 255718.485658553
  wind_year: 2018
  solar_year: 2016
  price_year: 2023
  carbon_year: 2023
storage_values:
  CAES:
    cost: 49.2329
    lifetime: 25.0449
    annual_cost: 1.965785449332998
    efficiency: 0.632784
    discharge_ratio: 0.1
    depth_of_discharge: 0.4
  Li-ion:
    cost: 257.573
    lifetime: 21.1851
    annual_cost: 12.158214971843417
    efficiency: 0.969611
    discharge_ratio: 2
    depth_of_discharge: 0.9
  Pb-acid:
    cost: 190.024
    lifetime: 12.3884
    annual_cost: 15.338865390203738
    efficiency: 0.733016
    discharge_ratio: 5
    depth_of_discharge: 0.5
  VRBF:
    cost: 233.57
    lifetime: 19.9206
    annual_cost: 11.725048442315995
    efficiency: 0.797321
    discharge_ratio: 0.5
    depth_of_discharge: 1.0
