cost_values:
  wind_capex: 5000.0
  wind_opex: 100
  wind_lifetime: 20
  solar_capex: 1000.0
  solar_opex: 10
  solar_lifetime: 20
  carbon_price: 1.0
timeseries_values:
  load_level: 255718.485658553
  wind_year: 2018
  solar_year: 2016
  price_year: 2023
  carbon_year: 2023
storage_values:
  CAES:
    cost: 52.6839
    lifetime: 24.389
    annual_cost: 2.1601500676534506
    efficiency: 0.640942
    discharge_ratio: 0.1
    depth_of_discharge: 0.4
  Li-ion:
    cost: 271.152
    lifetime: 18.6737
    annual_cost: 14.520528872157097
    efficiency: 0.949042
    discharge_ratio: 2
    depth_of_discharge: 0.9
  Pb-acid:
    cost: 197.289
    lifetime: 14.6095
    annual_cost: 13.504158253191415
    efficiency: 0.75662
    discharge_ratio: 5
    depth_of_discharge: 0.5
  VRBF:
    cost: 201.119
    lifetime: 20.0885
    annual_cost: 10.01164845558404
    efficiency: 0.804447
    discharge_ratio: 0.5
    depth_of_discharge: 1.0
