cost_values:
  wind_capex: 5000.0
  wind_opex: 100
  wind_lifetime: 20
  solar_capex: 1000.0
  solar_opex: 10
  solar_lifetime: 20
  carbon_price: 1.0
timeseries_values:
  load_level: 255718.485658553
  wind_year: 2018
  solar_year: 2016
  price_year: 2023
  carbon_year: 2023
storage_values:
  CAES:
    cost: 58.1849
    lifetime: 23.7383
    annual_cost: 2.451098014600877
    efficiency: 0.629256
    discharge_ratio: 0.1
    depth_of_discharge: 0.4
  Li-ion:
    cost: 237.168
    lifetime: 19.6154
    annual_cost: 12.090908163993596
    efficiency: 0.94092
    discharge_ratio: 2
    depth_of_discharge: 0.9
  Pb-acid:
    cost: 198.592
    lifetime: 14.4666
    annual_cost: 13.72762086461228
    efficiency: 0.733602
    discharge_ratio: 5
    depth_of_discharge: 0.5
  VRBF:
    cost: 212.453
    lifetime: 20.8267
    annual_cost: 10.20099199585148
    efficiency: 0.787426
    discharge_ratio: 0.5
    depth_of_discharge: 1.0
