cost_values:
  wind_capex: 5000.0
  wind_opex: 100
  wind_lifetime: 20
  solar_capex: 1000.0
  solar_opex: 10
  solar_lifetime: 20
  carbon_price: 1.0
timeseries_values:
  load_level: 255718.485658553
  wind_year: 2018
  solar_year: 2016
  price_year: 2023
  carbon_year: 2023
storage_values:
  CAES:
    cost: 62.9295
    lifetime: 24.6209
    annual_cost: 2.5559382475864
    efficiency: 0.630561
    discharge_ratio: 0.1
    depth_of_discharge: 0.4
  Li-ion:
    cost: 250.586
    lifetime: 20.6874
    annual_cost: 12.112976981157614
    efficiency: 0.95262
    discharge_ratio: 2
    depth_of_discharge: 0.9
  Pb-acid:
    cost: 190.752
    lifetime: 11.8492
    annual_cost: 16.0983019950714
    efficiency: 0.739759
    discharge_ratio: 5
    depth_of_discharge: 0.5
  VRBF:
    cost: 237.845
    lifetime: 22.0081
    annual_cost: 10.80715736478842
    efficiency: 0.831141
    discharge_ratio: 0.5
    depth_of_discharge: 1.0
