cost_values:
  wind_capex: 5000.0
  wind_opex: 100
  wind_lifetime: 20
  solar_capex: 1000.0
  solar_opex: 10
  solar_lifetime: 20
  carbon_price: 1.0
timeseries_values:
  load_level: 255718.485658553
  wind_year: 2018
  solar_year: 2016
  price_year: 2023
  carbon_year: 2023
storage_values:
  CAES:
    cost: 63.0812
    lifetime: 23.7384
    annual_cost: 2.657348431233782
    efficiency: 0.631738
    discharge_ratio: 0.1
    depth_of_discharge: 0.4
  Li-ion:
    cost: 260.612
    lifetime: 21.7631
    annual_cost: 11.974948421870046
    efficiency: 0.95336
    discharge_ratio: 2
    depth_of_discharge: 0.9
  Pb-acid:
    cost: 191.954
    lifetime: 12.025
    annual_cost: 15.962910602910602
    efficiency: 0.7389
    discharge_ratio: 5
    depth_of_discharge: 0.5
  VRBF:
    cost: 271.635
    lifetime: 23.0284
    annual_cost: 11.795652324955272
    efficiency: 0.78376
    discharge_ratio: 0.5
    depth_of_discharge: 1.0
