cost_values:
  wind_capex: 5000.0
  wind_opex: 100
  wind_lifetime: 20
  solar_capex: 1000.0
  solar_opex: 10
  solar_lifetime: 20
  carbon_price: 1.0
timeseries_values:
  load_level: 255718.485658553
  wind_year: 2018
  solar_year: 2016
  price_year: 2023
  carbon_year: 2023
storage_values:
  CAES:
    cost: 53.6843
    lifetime: 23.5751
    annual_cost: 2.2771610724874973
    efficiency: 0.630559
    discharge_ratio: 0.1
    depth_of_discharge: 0.4
  Li-ion:
    cost: 260.242
    lifetime: 19.2725
    annual_cost: 13.503281878324037
    efficiency: 0.975161
    discharge_ratio: 2
    depth_of_discharge: 0.9
  Pb-acid:
    cost: 181.655
    lifetime: 13.8002
    annual_cost: 13.16321502586919
    efficiency: 0.736021
    discharge_ratio: 5
    depth_of_discharge: 0.5
  VRBF:
    cost: 195.627
    lifetime: 19.3756
    annual_cost: 10.096564751543179
    efficiency: 0.784922
    discharge_ratio: 0.5
    depth_of_discharge: 1.0
