cost_values:
  wind_capex: 5000.0
  wind_opex: 100
  wind_lifetime: 20
  solar_capex: 1000.0
  solar_opex: 10
  solar_lifetime: 20
  carbon_price: 1.0
timeseries_values:
  load_level: 255718.485658553
  wind_year: 2018
  solar_year: 2016
  price_year: 2023
  carbon_year: 2023
storage_values:
  CAES:
    cost: 55.2594
    lifetime: 24.8129
    annual_cost: 2.2270431912432644
    efficiency: 0.637144
    discharge_ratio: 0.1
    depth_of_discharge: 0.4
  Li-ion:
    cost: 236.769
    lifetime: 17.7941
    annual_cost: 13.306039642353364
    efficiency: 0.9555
    discharge_ratio: 2
    depth_of_discharge: 0.9
  Pb-acid:
    cost: 181.734
    lifetime: 15.2929
    annual_cost: 11.883553806014557
    efficiency: 0.730937
    discharge_ratio: 5
    depth_of_discharge: 0.5
  VRBF:
    cost: 220.394
    lifetime: 20.7141
    annual_cost: 10.63980573618936
    efficiency: 0.802101
    discharge_ratio: 0.5
    depth_of_discharge: 1.0
