cost_values:
  wind_capex: 5000.0
  wind_opex: 100
  wind_lifetime: 20
  solar_capex: 1000.0
  solar_opex: 10
  solar_lifetime: 20
  carbon_price: 1.0
timeseries_values:
  load_level: 255718.485658553
  wind_year: 2018
  solar_year: 2016
  price_year: 2023
  carbon_year: 2023
storage_values:
  CAES:
    cost: 57.612
    lifetime: 24.2839
    annual_cost: 2.372436058458485
    efficiency: 0.62961
    discharge_ratio: 0.1
    depth_of_discharge: 0.4
  Li-ion:
    cost: 245.873
    lifetime: 19.2775
    annual_cost: 12.7544028011931
    efficiency: 0.96175
    discharge_ratio: 2
    depth_of_discharge: 0.9
  Pb-acid:
    cost: 174.123
    lifetime: 12.958
    annual_cost: 13.437490353449606
    efficiency: 0.725344
    discharge_ratio: 5
    depth_of_discharge: 0.5
  VRBF:
    cost: 224.259
    lifetime: 20.5728
    annual_cost: 10.900752449836677
    efficiency: 0.813016
    discharge_ratio: 0.5
    depth_of_discharge: 1.0
