cost_values:
  wind_capex: 5000.0
  wind_opex: 100
  wind_lifetime: 20
  solar_capex: 1000.0
  solar_opex: 10
  solar_lifetime: 20
  carbon_price: 1.0
timeseries_values:
  load_level: 255718.485658553
  wind_year: 2018
  solar_year: 2016
  price_year: 2023
  carbon_year: 2023
storage_values:
  CAES:
    cost: 52.6737
    lifetime: 24.6848
    annual_cost: 2.1338516009852215
    efficiency: 0.624339
    discharge_ratio: 0.1
    depth_of_discharge: 0.4
  Li-ion:
    cost: 237.764
    lifetime: 20.5186
    annual_cost: 11.587730157028258
    efficiency: 0.95918
    discharge_ratio: 2
    depth_of_discharge: 0.9
  Pb-acid:
    cost: 194.702
    lifetime: 13.4723
    annual_cost: 14.452023782130741
    efficiency: 0.73936
    discharge_ratio: 5
    depth_of_discharge: 0.5
  VRBF:
    cost: 223.301
    lifetime: 21.7372
    annual_cost: 10.272758220930017
    efficiency: 0.805642
    discharge_ratio: 0.5
    depth_of_discharge: 1.0
