cost_values:
  wind_capex: 5000.0
  wind_opex: 100
  wind_lifetime: 20
  solar_capex: 1000.0
  solar_opex: 10
  solar_lifetime: 20
  carbon_price: 1.0
timeseries_values:
  load_level: 255718.485658553
  wind_year: 2018
  solar_year: 2016
  price_year: 2023
  carbon_year: 2023
storage_values:
  CAES:
    cost: 56.8149
    lifetime: 24.0387
    annual_cost: 2.363476394314169
    efficiency: 0.628036
    discharge_ratio: 0.1
    depth_of_discharge: 0.4
  Li-ion:
    cost: 267.85
    lifetime: 20.335
    annual_cost: 13.171871158101796
    efficiency: 0.944334
    discharge_ratio: 2
    depth_of_discharge: 0.9
  Pb-acid:
    cost: 161.643
    lifetime: 13.7782
    annual_cost: 11.731793703096196
    efficiency: 0.733704
    discharge_ratio: 5
    depth_of_discharge: 0.5
  VRBF:
    cost: 256.861
    lifetime: 21.4239
    annual_cost: 11.989460369027114
    efficiency: 0.82229
    discharge_ratio: 0.5
    depth_of_discharge: 1.0
