cost_values:
  wind_capex: 5000.0
  wind_opex: 100
  wind_lifetime: 20
  solar_capex: 1000.0
  solar_opex: 10
  solar_lifetime: 20
  carbon_price: 1.0
timeseries_values:
  load_level: 255718.485658553
  wind_year: 2018
  solar_year: 2016
  price_year: 2023
  carbon_year: 2023
storage_values:
  CAES:
    cost: 54.3897
    lifetime: 22.5947
    annual_cost: 2.4071884114416213
    efficiency: 0.626381
    discharge_ratio: 0.1
    depth_of_discharge: 0.4
  Li-ion:
    cost: 274.239
    lifetime: 19.4829
    annual_cost: 14.07588192722849
    efficiency: 0.945764
    discharge_ratio: 2
    depth_of_discharge: 0.9
  Pb-acid:
    cost: 174.647
    lifetime: 13.8903
    annual_cost: 12.57330655205431
    efficiency: 0.728519
    discharge_ratio: 5
    depth_of_discharge: 0.5
  VRBF:
    cost: 250.84
    lifetime: 21.7574
    annual_cost: 11.528951069521174
    efficiency: 0.813622
    discharge_ratio: 0.5
    depth_of_discharge: 1.0
