cost_values:
  wind_capex: 5000.0
  wind_opex: 100
  wind_lifetime: 20
  solar_capex: 1000.0
  solar_opex: 10
  solar_lifetime: 20
  carbon_price: 1.0
timeseries_values:
  load_level: 255718.485658553
  wind_year: 2018
  solar_year: 2016
  price_year: 2023
  carbon_year: 2023
storage_values:
  CAES:
    cost: 55.5865
    lifetime: 24.419
    annual_cost: 2.27636266841394
    efficiency: 0.621541
    discharge_ratio: 0.1
    depth_of_discharge: 0.4
  Li-ion:
    cost: 256.455
    lifetime: 19.6406
    annual_cost: 13.05739132205737
    efficiency: 0.962915
    discharge_ratio: 2
    depth_of_discharge: 0.9
  Pb-acid:
    cost: 193.752
    lifetime: 13.5162
    annual_cost: 14.33479824210947
    efficiency: 0.733767
    discharge_ratio: 5
    depth_of_discharge: 0.5
  VRBF:
    cost: 233.01
    lifetime: 20.2387
    annual_cost: 11.513091255861294
    efficiency: 0.794726
    discharge_ratio: 0.5
    depth_of_discharge: 1.0
