cost_values:
  wind_capex: 5000.0
  wind_opex: 100
  wind_lifetime: 20
  solar_capex: 1000.0
  solar_opex: 10
  solar_lifetime: 20
  carbon_price: 1.0
timeseries_values:
  load_level: 255718.485658553
  wind_year: 2018
  solar_year: 2016
  price_year: 2023
  carbon_year: 2023
storage_values:
  CAES:
    cost: 47.0934
    lifetime: 24.2268
    annual_cost: 1.9438555649115856
    efficiency: 0.63028
    discharge_ratio: 0.1
    depth_of_discharge: 0.4
  Li-ion:
    cost: 251.33
    lifetime: 18.5883
    annual_cost: 13.520870655197086
    efficiency: 0.957567
    discharge_ratio: 2
    depth_of_discharge: 0.9
  Pb-acid:
    cost: 181.965
    lifetime: 12.8794
    annual_cost: 14.128375545444664
    efficiency: 0.735827
    discharge_ratio: 5
    depth_of_discharge: 0.5
  VRBF:
    cost: 259.94
    lifetime: 22.7227
    annual_cost: 11.439661659925978
    efficiency: 0.799411
    discharge_ratio: 0.5
    depth_of_discharge: 1.0
