cost_values:
  wind_capex: 5000.0
  wind_opex: 100
  wind_lifetime: 20
  solar_capex: 1000.0
  solar_opex: 10
  solar_lifetime: 20
  carbon_price: 1.0
timeseries_values:
  load_level: 255718.485658553
  wind_year: 2018
  solar_year: 2016
  price_year: 2023
  carbon_year: 2023
storage_values:
  CAES:
    cost: 55.3329
    lifetime: 24.2083
    annual_cost: 2.2856995328048644
    efficiency: 0.630775
    discharge_ratio: 0.1
    depth_of_discharge: 0.4
  Li-ion:
    cost: 257.486
    lifetime: 21.2233
    annual_cost: 12.132232028006955
    efficiency: 0.944544
    discharge_ratio: 2
    depth_of_discharge: 0.9
  Pb-acid:
    cost: 182.037
    lifetime: 12.7989
    annual_cost: 14.222862902280665
    efficiency: 0.745268
    discharge_ratio: 5
    depth_of_discharge: 0.5
  VRBF:
    cost: 236.846
    lifetime: 23.6811
    annual_cost: 10.001477971884752
    efficiency: 0.784625
    discharge_ratio: 0.5
    depth_of_discharge: 1.0
