cost_values:
  wind_capex: 5000.0
  wind_opex: 100
  wind_lifetime: 20
  solar_capex: 1000.0
  solar_opex: 10
  solar_lifetime: 20
  carbon_price: 1.0
timeseries_values:
  load_level: 267544.7417611346
  wind_year: 2011
  solar_year: 2013
  price_year: 2023
  carbon_year: 2023
storage_values:
  CAES:
    cost: 22.9305
    lifetime: 25.2815
    annual_cost: 0.9070071000533987
    efficiency: 0.585283
    discharge_ratio: 0.1
    depth_of_discharge: 0.4
  Li-ion:
    cost: 239.93
    lifetime: 26.0463
    annual_cost: 9.211673059129321
    efficiency: 0.898328
    discharge_ratio: 2
    depth_of_discharge: 0.9
  Pb-acid:
    cost: 160.695
    lifetime: 6.73158
    annual_cost: 23.871810184236093
    efficiency: 0.729994
    discharge_ratio: 5
    depth_of_discharge: 0.5
  VRBF:
    cost: 307.623
    lifetime: 16.9482
    annual_cost: 18.15077707367154
    efficiency: 0.763267
    discharge_ratio: 0.5
    depth_of_discharge: 1.0
