cost_values:
  wind_capex: 5000.0
  wind_opex: 100
  wind_lifetime: 20
  solar_capex: 1000.0
  solar_opex: 10
  solar_lifetime: 20
  carbon_price: 1.0
timeseries_values:
  load_level: 267544.7417611346
  wind_year: 2011
  solar_year: 2013
  price_year: 2023
  carbon_year: 2023
storage_values:
  CAES:
    cost: 25.6364
    lifetime: 26.4031
    annual_cost: 0.9709617431286478
    efficiency: 0.581528
    discharge_ratio: 0.1
    depth_of_discharge: 0.4
  Li-ion:
    cost: 255.49
    lifetime: 27.7461
    annual_cost: 9.208140963955296
    efficiency: 0.889814
    discharge_ratio: 2
    depth_of_discharge: 0.9
  Pb-acid:
    cost: 124.27
    lifetime: 6.17149
    annual_cost: 20.13614216339976
    efficiency: 0.72475
    discharge_ratio: 5
    depth_of_discharge: 0.5
  VRBF:
    cost: 268.492
    lifetime: 14.171
    annual_cost: 18.946581045797757
    efficiency: 0.77229
    discharge_ratio: 0.5
    depth_of_discharge: 1.0
