cost_values:
  wind_capex: 5000.0
  wind_opex: 100
  wind_lifetime: 20
  solar_capex: 1000.0
  solar_opex: 10
  solar_lifetime: 20
  carbon_price: 1.0
timeseries_values:
  load_level: 267544.7417611346
  wind_year: 2011
  solar_year: 2013
  price_year: 2023
  carbon_year: 2023
storage_values:
  CAES:
    cost: 22.8962
    lifetime: 26.6553
    annual_cost: 0.8589736375129899
    efficiency: 0.576837
    discharge_ratio: 0.1
    depth_of_discharge: 0.4
  Li-ion:
    cost: 253.434
    lifetime: 29.3018
    annual_cost: 8.649093229767454
    efficiency: 0.890411
    discharge_ratio: 2
    depth_of_discharge: 0.9
  Pb-acid:
    cost: 141.488
    lifetime: 6.07034
    annual_cost: 23.308084884866417
    efficiency: 0.73884
    discharge_ratio: 5
    depth_of_discharge: 0.5
  VRBF:
    cost: 254.613
    lifetime: 15.0538
    annual_cost: 16.913536781410674
    efficiency: 0.78319
    discharge_ratio: 0.5
    depth_of_discharge: 1.0
