cost_values:
  wind_capex: 5000.0
  wind_opex: 100
  wind_lifetime: 20
  solar_capex: 1000.0
  solar_opex: 10
  solar_lifetime: 20
  carbon_price: 1.0
timeseries_values:
  load_level: 267544.7417611346
  wind_year: 2011
  solar_year: 2013
  price_year: 2023
  carbon_year: 2023
storage_values:
  CAES:
    cost: 22.5855
    lifetime: 25.921
    annual_cost: 0.8713205509046719
    efficiency: 0.574596
    discharge_ratio: 0.1
    depth_of_discharge: 0.4
  Li-ion:
    cost: 244.688
    lifetime: 25.3564
    annual_cost: 9.649950308403401
    efficiency: 0.872169
    discharge_ratio: 2
    depth_of_discharge: 0.9
  Pb-acid:
    cost: 163.044
    lifetime: 6.34668
    annual_cost: 25.689651912495982
    efficiency: 0.741294
    discharge_ratio: 5
    depth_of_discharge: 0.5
  VRBF:
    cost: 291.296
    lifetime: 16.75
    annual_cost: 17.390805970149252
    efficiency: 0.747093
    discharge_ratio: 0.5
    depth_of_discharge: 1.0
