cost_values:
  wind_capex: 5000.0
  wind_opex: 100
  wind_lifetime: 20
  solar_capex: 1000.0
  solar_opex: 10
  solar_lifetime: 20
  carbon_price: 1.0
timeseries_values:
  load_level: 267544.7417611346
  wind_year: 2011
  solar_year: 2013
  price_year: 2023
  carbon_year: 2023
storage_values:
  CAES:
    cost: 24.9267
    lifetime: 26.3239
    annual_cost: 0.9469227584058594
    efficiency: 0.578928
    discharge_ratio: 0.1
    depth_of_discharge: 0.4
  Li-ion:
    cost: 252.495
    lifetime: 26.3365
    annual_cost: 9.587264822584626
    efficiency: 0.871048
    discharge_ratio: 2
    depth_of_discharge: 0.9
  Pb-acid:
    cost: 146.115
    lifetime: 8.16607
    annual_cost: 17.892939933162467
    efficiency: 0.728589
    discharge_ratio: 5
    depth_of_discharge: 0.5
  VRBF:
    cost: 244.628
    lifetime: 13.2326
    annual_cost: 18.48676752867917
    efficiency: 0.771762
    discharge_ratio: 0.5
    depth_of_discharge: 1.0
