cost_values:
  wind_capex: 5000.0
  wind_opex: 100
  wind_lifetime: 20
  solar_capex: 1000.0
  solar_opex: 10
  solar_lifetime: 20
  carbon_price: 1.0
timeseries_values:
  load_level: 267544.7417611346
  wind_year: 2011
  solar_year: 2013
  price_year: 2023
  carbon_year: 2023
storage_values:
  CAES:
    cost: 27.8822
    lifetime: 26.617
    annual_cost: 1.0475335312018634
    efficiency: 0.576027
    discharge_ratio: 0.1
    depth_of_discharge: 0.4
  Li-ion:
    cost: 262.912
    lifetime: 26.2251
    annual_cost: 10.025204860991948
    efficiency: 0.88525
    discharge_ratio: 2
    depth_of_discharge: 0.9
  Pb-acid:
    cost: 154.405
    lifetime: 7.22632
    annual_cost: 21.367030521759347
    efficiency: 0.722414
    discharge_ratio: 5
    depth_of_discharge: 0.5
  VRBF:
    cost: 267.577
    lifetime: 13.8519
    annual_cost: 19.31698900511843
    efficiency: 0.773678
    discharge_ratio: 0.5
    depth_of_discharge: 1.0
