cost_values:
  wind_capex: 5000.0
  wind_opex: 100
  wind_lifetime: 20
  solar_capex: 1000.0
  solar_opex: 10
  solar_lifetime: 20
  carbon_price: 1.0
timeseries_values:
  load_level: 267544.7417611346
  wind_year: 2011
  solar_year: 2013
  price_year: 2023
  carbon_year: 2023
storage_values:
  CAES:
    cost: 32.9252
    lifetime: 26.3496
    annual_cost: 1.249552175365091
    efficiency: 0.583631
    discharge_ratio: 0.1
    depth_of_discharge: 0.4
  Li-ion:
    cost: 250.129
    lifetime: 28.0074
    annual_cost: 8.930818283739297
    efficiency: 0.889083
    discharge_ratio: 2
    depth_of_discharge: 0.9
  Pb-acid:
    cost: 133.427
    lifetime: 8.91299
    annual_cost: 14.969948356275502
    efficiency: 0.723127
    discharge_ratio: 5
    depth_of_discharge: 0.5
  VRBF:
    cost: 276.393
    lifetime: 15.0922
    annual_cost: 18.31363220736539
    efficiency: 0.793673
    discharge_ratio: 0.5
    depth_of_discharge: 1.0
