cost_values:
  wind_capex: 5000.0
  wind_opex: 100
  wind_lifetime: 20
  solar_capex: 1000.0
  solar_opex: 10
  solar_lifetime: 20
  carbon_price: 1.0
timeseries_values:
  load_level: 267544.7417611346
  wind_year: 2011
  solar_year: 2013
  price_year: 2023
  carbon_year: 2023
storage_values:
  CAES:
    cost: 21.5329
    lifetime: 26.809
    annual_cost: 0.8031966876795107
    efficiency: 0.582287
    discharge_ratio: 0.1
    depth_of_discharge: 0.4
  Li-ion:
    cost: 242.325
    lifetime: 28.8374
    annual_cost: 8.403150075943046
    efficiency: 0.889013
    discharge_ratio: 2
    depth_of_discharge: 0.9
  Pb-acid:
    cost: 161.493
    lifetime: 6.27852
    annual_cost: 25.721507616444637
    efficiency: 0.741067
    discharge_ratio: 5
    depth_of_discharge: 0.5
  VRBF:
    cost: 294.597
    lifetime: 14.0029
    annual_cost: 21.038284926693755
    efficiency: 0.762133
    discharge_ratio: 0.5
    depth_of_discharge: 1.0
