cost_values:
  wind_capex: 5000.0
  wind_opex: 100
  wind_lifetime: 20
  solar_capex: 1000.0
  solar_opex: 10
  solar_lifetime: 20
  carbon_price: 1.0
timeseries_values:
  load_level: 267544.7417611346
  wind_year: 2011
  solar_year: 2013
  price_year: 2023
  carbon_year: 2023
storage_values:
  CAES:
    cost: 29.4026
    lifetime: 26.4744
    annual_cost: 1.1106049617743934
    efficiency: 0.584481
    discharge_ratio: 0.1
    depth_of_discharge: 0.4
  Li-ion:
    cost: 243.409
    lifetime: 29.0498
    annual_cost: 8.379024984681477
    efficiency: 0.87838
    discharge_ratio: 2
    depth_of_discharge: 0.9
  Pb-acid:
    cost: 143.367
    lifetime: 5.95122
    annual_cost: 24.09035458275782
    efficiency: 0.741587
    discharge_ratio: 5
    depth_of_discharge: 0.5
  VRBF:
    cost: 246.828
    lifetime: 14.6061
    annual_cost: 16.89896687000637
    efficiency: 0.768161
    discharge_ratio: 0.5
    depth_of_discharge: 1.0
