cost_values:
  wind_capex: 5000.0
  wind_opex: 100
  wind_lifetime: 20
  solar_capex: 1000.0
  solar_opex: 10
  solar_lifetime: 20
  carbon_price: 1.0
timeseries_values:
  load_level: 267544.7417611346
  wind_year: 2011
  solar_year: 2013
  price_year: 2023
  carbon_year: 2023
storage_values:
  CAES:
    cost: 26.5091
    lifetime: 26.806
    annual_cost: 0.9889241214653436
    efficiency: 0.59109
    discharge_ratio: 0.1
    depth_of_discharge: 0.4
  Li-ion:
    cost: 258.114
    lifetime: 29.0018
    annual_cost: 8.899930349150742
    efficiency: 0.883621
    discharge_ratio: 2
    depth_of_discharge: 0.9
  Pb-acid:
    cost: 139.884
    lifetime: 6.63674
    annual_cost: 21.07721562092232
    efficiency: 0.713108
    discharge_ratio: 5
    depth_of_discharge: 0.5
  VRBF:
    cost: 286.973
    lifetime: 14.5086
    annual_cost: 19.779510083674513
    efficiency: 0.756475
    discharge_ratio: 0.5
    depth_of_discharge: 1.0
