cost_values:
  wind_capex: 5000.0
  wind_opex: 100
  wind_lifetime: 20
  solar_capex: 1000.0
  solar_opex: 10
  solar_lifetime: 20
  carbon_price: 1.0
timeseries_values:
  load_level: 267544.7417611346
  wind_year: 2011
  solar_year: 2013
  price_year: 2023
  carbon_year: 2023
storage_values:
  CAES:
    cost: 26.9094
    lifetime: 26.5847
    annual_cost: 1.0122137921436014
    efficiency: 0.585349
    discharge_ratio: 0.1
    depth_of_discharge: 0.4
  Li-ion:
    cost: 239.879
    lifetime: 26.4462
    annual_cost: 9.070452465760676
    efficiency: 0.906232
    discharge_ratio: 2
    depth_of_discharge: 0.9
  Pb-acid:
    cost: 169.777
    lifetime: 6.64059
    annual_cost: 25.566553574305892
    efficiency: 0.730321
    discharge_ratio: 5
    depth_of_discharge: 0.5
  VRBF:
    cost: 262.733
    lifetime: 15.8177
    annual_cost: 16.610063409977432
    efficiency: 0.770535
    discharge_ratio: 0.5
    depth_of_discharge: 1.0
