cost_values:
  wind_capex: 5000.0
  wind_opex: 100
  wind_lifetime: 20
  solar_capex: 1000.0
  solar_opex: 10
  solar_lifetime: 20
  carbon_price: 1.0
timeseries_values:
  load_level: 267544.7417611346
  wind_year: 2011
  solar_year: 2013
  price_year: 2023
  carbon_year: 2023
storage_values:
  CAES:
    cost: 22.8487
    lifetime: 26.0208
    annual_cost: 0.8780936789030314
    efficiency: 0.591566
    discharge_ratio: 0.1
    depth_of_discharge: 0.4
  Li-ion:
    cost: 263.161
    lifetime: 27.9913
    annual_cost: 9.401528332017449
    efficiency: 0.886541
    discharge_ratio: 2
    depth_of_discharge: 0.9
  Pb-acid:
    cost: 151.132
    lifetime: 6.81632
    annual_cost: 22.172081122951976
    efficiency: 0.736828
    discharge_ratio: 5
    depth_of_discharge: 0.5
  VRBF:
    cost: 244.108
    lifetime: 15.9077
    annual_cost: 15.345273043871837
    efficiency: 0.77854
    discharge_ratio: 0.5
    depth_of_discharge: 1.0
