cost_values:
  wind_capex: 5000.0
  wind_opex: 100
  wind_lifetime: 20
  solar_capex: 1000.0
  solar_opex: 10
  solar_lifetime: 20
  carbon_price: 1.0
timeseries_values:
  load_level: 267544.7417611346
  wind_year: 2011
  solar_year: 2013
  price_year: 2023
  carbon_year: 2023
storage_values:
  CAES:
    cost: 26.037
    lifetime: 26.8944
    annual_cost: 0.9681197572728895
    efficiency: 0.583577
    discharge_ratio: 0.1
    depth_of_discharge: 0.4
  Li-ion:
    cost: 240.109
    lifetime: 28.8348
    annual_cost: 8.327056195985406
    efficiency: 0.883401
    discharge_ratio: 2
    depth_of_discharge: 0.9
  Pb-acid:
    cost: 156.204
    lifetime: 5.60554
    annual_cost: 27.86600398891097
    efficiency: 0.759696
    discharge_ratio: 5
    depth_of_discharge: 0.5
  VRBF:
    cost: 275.848
    lifetime: 14.2234
    annual_cost: 19.39395643798248
    efficiency: 0.759013
    discharge_ratio: 0.5
    depth_of_discharge: 1.0
