cost_values:
  wind_capex: 5000.0
  wind_opex: 100
  wind_lifetime: 20
  solar_capex: 1000.0
  solar_opex: 10
  solar_lifetime: 20
  carbon_price: 1.0
timeseries_values:
  load_level: 267544.7417611346
  wind_year: 2011
  solar_year: 2013
  price_year: 2023
  carbon_year: 2023
storage_values:
  CAES:
    cost: 23.4037
    lifetime: 27.0107
    annual_cost: 0.8664603286845584
    efficiency: 0.57207
    discharge_ratio: 0.1
    depth_of_discharge: 0.4
  Li-ion:
    cost: 266.112
    lifetime: 28.2377
    annual_cost: 9.423996996922554
    efficiency: 0.897578
    discharge_ratio: 2
    depth_of_discharge: 0.9
  Pb-acid:
    cost: 162.052
    lifetime: 7.12874
    annual_cost: 22.732207935764244
    efficiency: 0.739038
    discharge_ratio: 5
    depth_of_discharge: 0.5
  VRBF:
    cost: 248.599
    lifetime: 14.4335
    annual_cost: 17.223750303114283
    efficiency: 0.791125
    discharge_ratio: 0.5
    depth_of_discharge: 1.0
