cost_values:
  wind_capex: 5000.0
  wind_opex: 100
  wind_lifetime: 20
  solar_capex: 1000.0
  solar_opex: 10
  solar_lifetime: 20
  carbon_price: 1.0
timeseries_values:
  load_level: 267544.7417611346
  wind_year: 2011
  solar_year: 2013
  price_year: 2023
  carbon_year: 2023
storage_values:
  CAES:
    cost: 27.1673
    lifetime: 26.106
    annual_cost: 1.0406534896192445
    efficiency: 0.575751
    discharge_ratio: 0.1
    depth_of_discharge: 0.4
  Li-ion:
    cost: 251.547
    lifetime: 27.9177
    annual_cost: 9.010305290192244
    efficiency: 0.888572
    discharge_ratio: 2
    depth_of_discharge: 0.9
  Pb-acid:
    cost: 169.481
    lifetime: 6.10302
    annual_cost: 27.77002205465491
    efficiency: 0.747436
    discharge_ratio: 5
    depth_of_discharge: 0.5
  VRBF:
    cost: 295.758
    lifetime: 16.1722
    annual_cost: 18.28804986334574
    efficiency: 0.796227
    discharge_ratio: 0.5
    depth_of_discharge: 1.0
