cost_values:
  wind_capex: 5000.0
  wind_opex: 100
  wind_lifetime: 20
  solar_capex: 1000.0
  solar_opex: 10
  solar_lifetime: 20
  carbon_price: 1.0
timeseries_values:
  load_level: 267544.7417611346
  wind_year: 2011
  solar_year: 2013
  price_year: 2023
  carbon_year: 2023
storage_values:
  CAES:
    cost: 25.1436
    lifetime: 25.3754
    annual_cost: 0.9908651686278837
    efficiency: 0.586538
    discharge_ratio: 0.1
    depth_of_discharge: 0.4
  Li-ion:
    cost: 258.638
    lifetime: 26.2343
    annual_cost: 9.858772675466849
    efficiency: 0.890521
    discharge_ratio: 2
    depth_of_discharge: 0.9
  Pb-acid:
    cost: 141.421
    lifetime: 6.82453
    annual_cost: 20.722452681723134
    efficiency: 0.741058
    discharge_ratio: 5
    depth_of_discharge: 0.5
  VRBF:
    cost: 258.351
    lifetime: 16.321
    annual_cost: 15.829360946020463
    efficiency: 0.776757
    discharge_ratio: 0.5
    depth_of_discharge: 1.0
