cost_values:
  wind_capex: 5000.0
  wind_opex: 100
  wind_lifetime: 20
  solar_capex: 1000.0
  solar_opex: 10
  solar_lifetime: 20
  carbon_price: 1.0
timeseries_values:
  load_level: 267544.7417611346
  wind_year: 2011
  solar_year: 2013
  price_year: 2023
  carbon_year: 2023
storage_values:
  CAES:
    cost: 28.0749
    lifetime: 26.6718
    annual_cost: 1.0526061233212607
    efficiency: 0.586978
    discharge_ratio: 0.1
    depth_of_discharge: 0.4
  Li-ion:
    cost: 249.232
    lifetime: 24.8392
    annual_cost: 10.033817514251666
    efficiency: 0.898763
    discharge_ratio: 2
    depth_of_discharge: 0.9
  Pb-acid:
    cost: 140.46
    lifetime: 6.97537
    annual_cost: 20.136566232328896
    efficiency: 0.737639
    discharge_ratio: 5
    depth_of_discharge: 0.5
  VRBF:
    cost: 275.29
    lifetime: 16.3784
    annual_cost: 16.80811312460314
    efficiency: 0.782013
    discharge_ratio: 0.5
    depth_of_discharge: 1.0
