cost_values:
  wind_capex: 5000.0
  wind_opex: 100
  wind_lifetime: 20
  solar_capex: 1000.0
  solar_opex: 10
  solar_lifetime: 20
  carbon_price: 1.0
timeseries_values:
  load_level: 267544.7417611346
  wind_year: 2011
  solar_year: 2013
  price_year: 2023
  carbon_year: 2023
storage_values:
  CAES:
    cost: 36.9551
    lifetime: 26.8243
    annual_cost: 1.3776724835317231
    efficiency: 0.578668
    discharge_ratio: 0.1
    depth_of_discharge: 0.4
  Li-ion:
    cost: 234.14
    lifetime: 29.3255
    annual_cost: 7.984177592879916
    efficiency: 0.898142
    discharge_ratio: 2
    depth_of_discharge: 0.9
  Pb-acid:
    cost: 154.935
    lifetime: 6.45862
    annual_cost: 23.988870687546257
    efficiency: 0.73785
    discharge_ratio: 5
    depth_of_discharge: 0.5
  VRBF:
    cost: 269.865
    lifetime: 16.8342
    annual_cost: 16.03075881241758
    efficiency: 0.788031
    discharge_ratio: 0.5
    depth_of_discharge: 1.0
