cost_values:
  wind_capex: 5000.0
  wind_opex: 100
  wind_lifetime: 20
  solar_capex: 1000.0
  solar_opex: 10
  solar_lifetime: 20
  carbon_price: 1.0
timeseries_values:
  load_level: 267544.7417611346
  wind_year: 2011
  solar_year: 2013
  price_year: 2023
  carbon_year: 2023
storage_values:
  CAES:
    cost: 29.3677
    lifetime: 25.7931
    annual_cost: 1.1385874516828145
    efficiency: 0.574631
    discharge_ratio: 0.1
    depth_of_discharge: 0.4
  Li-ion:
    cost: 256.81
    lifetime: 28.0207
    annual_cost: 9.165010153208163
    efficiency: 0.89766
    discharge_ratio: 2
    depth_of_discharge: 0.9
  Pb-acid:
    cost: 163.298
    lifetime: 6.16324
    annual_cost: 26.495479650313797
    efficiency: 0.744528
    discharge_ratio: 5
    depth_of_discharge: 0.5
  VRBF:
    cost: 262.44
    lifetime: 14.8861
    annual_cost: 17.629869475551015
    efficiency: 0.784249
    discharge_ratio: 0.5
    depth_of_discharge: 1.0
