cost_values:
  wind_capex: 5000.0
  wind_opex: 100
  wind_lifetime: 20
  solar_capex: 1000.0
  solar_opex: 10
  solar_lifetime: 20
  carbon_price: 1.0
timeseries_values:
  load_level: 267544.7417611346
  wind_year: 2011
  solar_year: 2013
  price_year: 2023
  carbon_year: 2023
storage_values:
  CAES:
    cost: 25.78
    lifetime: 27.0846
    annual_cost: 0.951832406607445
    efficiency: 0.582835
    discharge_ratio: 0.1
    depth_of_discharge: 0.4
  Li-ion:
    cost: 240.057
    lifetime: 26.6507
    annual_cost: 9.007530759041975
    efficiency: 0.895747
    discharge_ratio: 2
    depth_of_discharge: 0.9
  Pb-acid:
    cost: 143.336
    lifetime: 7.7389
    annual_cost: 18.521495302950033
    efficiency: 0.724428
    discharge_ratio: 5
    depth_of_discharge: 0.5
  VRBF:
    cost: 295.541
    lifetime: 15.162
    annual_cost: 19.492217385569184
    efficiency: 0.763922
    discharge_ratio: 0.5
    depth_of_discharge: 1.0
