cost_values:
  wind_capex: 5000.0
  wind_opex: 100
  wind_lifetime: 20
  solar_capex: 1000.0
  solar_opex: 10
  solar_lifetime: 20
  carbon_price: 1.0
timeseries_values:
  load_level: 267544.7417611346
  wind_year: 2011
  solar_year: 2013
  price_year: 2023
  carbon_year: 2023
storage_values:
  CAES:
    cost: 29.3656
    lifetime: 26.6579
    annual_cost: 1.1015721418416304
    efficiency: 0.581542
    discharge_ratio: 0.1
    depth_of_discharge: 0.4
  Li-ion:
    cost: 253.227
    lifetime: 27.5966
    annual_cost: 9.176021683830617
    efficiency: 0.892418
    discharge_ratio: 2
    depth_of_discharge: 0.9
  Pb-acid:
    cost: 162.403
    lifetime: 7.24768
    annual_cost: 22.407584220053863
    efficiency: 0.760474
    discharge_ratio: 5
    depth_of_discharge: 0.5
  VRBF:
    cost: 286.298
    lifetime: 16.1387
    annual_cost: 17.739842738262684
    efficiency: 0.78976
    discharge_ratio: 0.5
    depth_of_discharge: 1.0
