cost_values:
  wind_capex: 5000.0
  wind_opex: 100
  wind_lifetime: 20
  solar_capex: 1000.0
  solar_opex: 10
  solar_lifetime: 20
  carbon_price: 1.0
timeseries_values:
  load_level: 267544.7417611346
  wind_year: 2011
  solar_year: 2013
  price_year: 2023
  carbon_year: 2023
storage_values:
  CAES:
    cost: 27.6968
    lifetime: 26.1434
    annual_cost: 1.0594184383056526
    efficiency: 0.576287
    discharge_ratio: 0.1
    depth_of_discharge: 0.4
  Li-ion:
    cost: 270.504
    lifetime: 28.2431
    annual_cost: 9.577702164422462
    efficiency: 0.883897
    discharge_ratio: 2
    depth_of_discharge: 0.9
  Pb-acid:
    cost: 142.865
    lifetime: 6.59084
    annual_cost: 21.676296192898022
    efficiency: 0.738561
    discharge_ratio: 5
    depth_of_discharge: 0.5
  VRBF:
    cost: 262.131
    lifetime: 16.273
    annual_cost: 16.108338966386036
    efficiency: 0.765938
    discharge_ratio: 0.5
    depth_of_discharge: 1.0
