cost_values:
  wind_capex: 5000.0
  wind_opex: 100
  wind_lifetime: 20
  solar_capex: 1000.0
  solar_opex: 10
  solar_lifetime: 20
  carbon_price: 1.0
timeseries_values:
  load_level: 267544.7417611346
  wind_year: 2011
  solar_year: 2013
  price_year: 2023
  carbon_year: 2023
storage_values:
  CAES:
    cost: 29.1804
    lifetime: 26.7681
    annual_cost: 1.0901184619005457
    efficiency: 0.588465
    discharge_ratio: 0.1
    depth_of_discharge: 0.4
  Li-ion:
    cost: 238.337
    lifetime: 26.8185
    annual_cost: 8.887036933460111
    efficiency: 0.88708
    discharge_ratio: 2
    depth_of_discharge: 0.9
  Pb-acid:
    cost: 136.97
    lifetime: 5.17117
    annual_cost: 26.487235964008146
    efficiency: 0.745407
    discharge_ratio: 5
    depth_of_discharge: 0.5
  VRBF:
    cost: 255.704
    lifetime: 16.2072
    annual_cost: 15.777185448442667
    efficiency: 0.7812
    discharge_ratio: 0.5
    depth_of_discharge: 1.0
