cost_values:
  wind_capex: 5000.0
  wind_opex: 100
  wind_lifetime: 20
  solar_capex: 1000.0
  solar_opex: 10
  solar_lifetime: 20
  carbon_price: 1.0
timeseries_values:
  load_level: 267544.7417611346
  wind_year: 2011
  solar_year: 2013
  price_year: 2023
  carbon_year: 2023
storage_values:
  CAES:
    cost: 23.3433
    lifetime: 26.3659
    annual_cost: 0.8853594984430647
    efficiency: 0.601274
    discharge_ratio: 0.1
    depth_of_discharge: 0.4
  Li-ion:
    cost: 250.273
    lifetime: 28.3547
    annual_cost: 8.826508480075614
    efficiency: 0.898585
    discharge_ratio: 2
    depth_of_discharge: 0.9
  Pb-acid:
    cost: 157.581
    lifetime: 5.48155
    annual_cost: 28.747525791062742
    efficiency: 0.732443
    discharge_ratio: 5
    depth_of_discharge: 0.5
  VRBF:
    cost: 251.366
    lifetime: 17.8217
    annual_cost: 14.104490592928846
    efficiency: 0.782861
    discharge_ratio: 0.5
    depth_of_discharge: 1.0
