cost_values:
  wind_capex: 5000.0
  wind_opex: 100
  wind_lifetime: 20
  solar_capex: 1000.0
  solar_opex: 10
  solar_lifetime: 20
  carbon_price: 1.0
timeseries_values:
  load_level: 267544.7417611346
  wind_year: 2011
  solar_year: 2013
  price_year: 2023
  carbon_year: 2023
storage_values:
  CAES:
    cost: 28.83
    lifetime: 26.2866
    annual_cost: 1.0967565223345734
    efficiency: 0.590615
    discharge_ratio: 0.1
    depth_of_discharge: 0.4
  Li-ion:
    cost: 267.254
    lifetime: 29.3444
    annual_cost: 9.107495808399559
    efficiency: 0.876185
    discharge_ratio: 2
    depth_of_discharge: 0.9
  Pb-acid:
    cost: 172.997
    lifetime: 6.16105
    annual_cost: 28.079142353981872
    efficiency: 0.740427
    discharge_ratio: 5
    depth_of_discharge: 0.5
  VRBF:
    cost: 250.582
    lifetime: 15.1929
    annual_cost: 16.493362030948667
    efficiency: 0.766884
    discharge_ratio: 0.5
    depth_of_discharge: 1.0
