cost_values:
  wind_capex: 5000.0
  wind_opex: 100
  wind_lifetime: 20
  solar_capex: 1000.0
  solar_opex: 10
  solar_lifetime: 20
  carbon_price: 1.0
timeseries_values:
  load_level: 267544.7417611346
  wind_year: 2011
  solar_year: 2013
  price_year: 2023
  carbon_year: 2023
storage_values:
  CAES:
    cost: 25.3329
    lifetime: 27.0661
    annual_cost: 0.9359641765899039
    efficiency: 0.594041
    discharge_ratio: 0.1
    depth_of_discharge: 0.4
  Li-ion:
    cost: 256.657
    lifetime: 26.7266
    annual_cost: 9.603054634708492
    efficiency: 0.894455
    discharge_ratio: 2
    depth_of_discharge: 0.9
  Pb-acid:
    cost: 147.954
    lifetime: 7.35817
    annual_cost: 20.107445193573945
    efficiency: 0.741108
    discharge_ratio: 5
    depth_of_discharge: 0.5
  VRBF:
    cost: 281.837
    lifetime: 16.9004
    annual_cost: 16.67635085560105
    efficiency: 0.791407
    discharge_ratio: 0.5
    depth_of_discharge: 1.0
