cost_values:
  wind_capex: 5000.0
  wind_opex: 100
  wind_lifetime: 20
  solar_capex: 1000.0
  solar_opex: 10
  solar_lifetime: 20
  carbon_price: 1.0
timeseries_values:
  load_level: 267544.7417611346
  wind_year: 2011
  solar_year: 2013
  price_year: 2023
  carbon_year: 2023
storage_values:
  CAES:
    cost: 26.3705
    lifetime: 27.2132
    annual_cost: 0.9690334102567871
    efficiency: 0.577018
    discharge_ratio: 0.1
    depth_of_discharge: 0.4
  Li-ion:
    cost: 255.748
    lifetime: 29.8129
    annual_cost: 8.578434167759594
    efficiency: 0.88711
    discharge_ratio: 2
    depth_of_discharge: 0.9
  Pb-acid:
    cost: 162.324
    lifetime: 6.85551
    annual_cost: 23.677888297150762
    efficiency: 0.731183
    discharge_ratio: 5
    depth_of_discharge: 0.5
  VRBF:
    cost: 260.825
    lifetime: 15.475
    annual_cost: 16.854604200323102
    efficiency: 0.768882
    discharge_ratio: 0.5
    depth_of_discharge: 1.0
