cost_values:
  wind_capex: 5000.0
  wind_opex: 100
  wind_lifetime: 20
  solar_capex: 1000.0
  solar_opex: 10
  solar_lifetime: 20
  carbon_price: 1.0
timeseries_values:
  load_level: 267544.7417611346
  wind_year: 2011
  solar_year: 2013
  price_year: 2023
  carbon_year: 2023
storage_values:
  CAES:
    cost: 30.8631
    lifetime: 26.2366
    annual_cost: 1.1763376352118795
    efficiency: 0.587992
    discharge_ratio: 0.1
    depth_of_discharge: 0.4
  Li-ion:
    cost: 262.866
    lifetime: 28.075
    annual_cost: 9.362991985752448
    efficiency: 0.883101
    discharge_ratio: 2
    depth_of_discharge: 0.9
  Pb-acid:
    cost: 169.845
    lifetime: 7.08982
    annual_cost: 23.95617942345504
    efficiency: 0.741036
    discharge_ratio: 5
    depth_of_discharge: 0.5
  VRBF:
    cost: 255.592
    lifetime: 13.4904
    annual_cost: 18.946213603747854
    efficiency: 0.772211
    discharge_ratio: 0.5
    depth_of_discharge: 1.0
