cost_values:
  wind_capex: 5000.0
  wind_opex: 100
  wind_lifetime: 20
  solar_capex: 1000.0
  solar_opex: 10
  solar_lifetime: 20
  carbon_price: 1.0
timeseries_values:
  load_level: 267544.7417611346
  wind_year: 2011
  solar_year: 2013
  price_year: 2023
  carbon_year: 2023
storage_values:
  CAES:
    cost: 28.9632
    lifetime: 26.8459
    annual_cost: 1.0788686540589065
    efficiency: 0.585584
    discharge_ratio: 0.1
    depth_of_discharge: 0.4
  Li-ion:
    cost: 240.583
    lifetime: 29.4715
    annual_cost: 8.163242454574759
    efficiency: 0.865046
    discharge_ratio: 2
    depth_of_discharge: 0.9
  Pb-acid:
    cost: 130.352
    lifetime: 7.26997
    annual_cost: 17.93019778623571
    efficiency: 0.741676
    discharge_ratio: 5
    depth_of_discharge: 0.5
  VRBF:
    cost: 279.68
    lifetime: 14.5353
    annual_cost: 19.241432925361018
    efficiency: 0.763205
    discharge_ratio: 0.5
    depth_of_discharge: 1.0
