cost_values:
  wind_capex: 5000.0
  wind_opex: 100
  wind_lifetime: 20
  solar_capex: 1000.0
  solar_opex: 10
  solar_lifetime: 20
  carbon_price: 1.0
timeseries_values:
  load_level: 267544.7417611346
  wind_year: 2011
  solar_year: 2013
  price_year: 2023
  carbon_year: 2023
storage_values:
  CAES:
    cost: 26.2743
    lifetime: 26.1647
    annual_cost: 1.0041888498626013
    efficiency: 0.578343
    discharge_ratio: 0.1
    depth_of_discharge: 0.4
  Li-ion:
    cost: 260.97
    lifetime: 27.8897
    annual_cost: 9.357217897646802
    efficiency: 0.887614
    discharge_ratio: 2
    depth_of_discharge: 0.9
  Pb-acid:
    cost: 169.233
    lifetime: 5.85956
    annual_cost: 28.88152011413826
    efficiency: 0.737176
    discharge_ratio: 5
    depth_of_discharge: 0.5
  VRBF:
    cost: 275.587
    lifetime: 15.2366
    annual_cost: 18.087171678720974
    efficiency: 0.756322
    discharge_ratio: 0.5
    depth_of_discharge: 1.0
