cost_values:
  wind_capex: 5000.0
  wind_opex: 100
  wind_lifetime: 20
  solar_capex: 1000.0
  solar_opex: 10
  solar_lifetime: 20
  carbon_price: 1.0
timeseries_values:
  load_level: 267544.7417611346
  wind_year: 2011
  solar_year: 2013
  price_year: 2023
  carbon_year: 2023
storage_values:
  CAES:
    cost: 30.0645
    lifetime: 27.187
    annual_cost: 1.1058410269614154
    efficiency: 0.585227
    discharge_ratio: 0.1
    depth_of_discharge: 0.4
  Li-ion:
    cost: 214.693
    lifetime: 27.6728
    annual_cost: 7.758268046601718
    efficiency: 0.892853
    discharge_ratio: 2
    depth_of_discharge: 0.9
  Pb-acid:
    cost: 133.691
    lifetime: 7.32361
    annual_cost: 18.254795107877126
    efficiency: 0.745043
    discharge_ratio: 5
    depth_of_discharge: 0.5
  VRBF:
    cost: 240.755
    lifetime: 15.1636
    annual_cost: 15.87716637210161
    efficiency: 0.80348
    discharge_ratio: 0.5
    depth_of_discharge: 1.0
