cost_values:
  wind_capex: 5000.0
  wind_opex: 100
  wind_lifetime: 20
  solar_capex: 1000.0
  solar_opex: 10
  solar_lifetime: 20
  carbon_price: 1.0
timeseries_values:
  load_level: 267544.7417611346
  wind_year: 2011
  solar_year: 2013
  price_year: 2023
  carbon_year: 2023
storage_values:
  CAES:
    cost: 29.1415
    lifetime: 25.8286
    annual_cost: 1.128264791742487
    efficiency: 0.573895
    discharge_ratio: 0.1
    depth_of_discharge: 0.4
  Li-ion:
    cost: 268.103
    lifetime: 28.2358
    annual_cost: 9.495144461995055
    efficiency: 0.893133
    discharge_ratio: 2
    depth_of_discharge: 0.9
  Pb-acid:
    cost: 155.716
    lifetime: 6.64883
    annual_cost: 23.420060371524013
    efficiency: 0.730845
    discharge_ratio: 5
    depth_of_discharge: 0.5
  VRBF:
    cost: 237.067
    lifetime: 14.4568
    annual_cost: 16.39830391234575
    efficiency: 0.789621
    discharge_ratio: 0.5
    depth_of_discharge: 1.0
