cost_values:
  wind_capex: 5000.0
  wind_opex: 100
  wind_lifetime: 20
  solar_capex: 1000.0
  solar_opex: 10
  solar_lifetime: 20
  carbon_price: 1.0
timeseries_values:
  load_level: 267544.7417611346
  wind_year: 2011
  solar_year: 2013
  price_year: 2023
  carbon_year: 2023
storage_values:
  CAES:
    cost: 29.3944
    lifetime: 26.4547
    annual_cost: 1.1111220312458656
    efficiency: 0.582309
    discharge_ratio: 0.1
    depth_of_discharge: 0.4
  Li-ion:
    cost: 245.241
    lifetime: 27.4583
    annual_cost: 8.93139779228867
    efficiency: 0.88555
    discharge_ratio: 2
    depth_of_discharge: 0.9
  Pb-acid:
    cost: 145.358
    lifetime: 6.36671
    annual_cost: 22.830944082579542
    efficiency: 0.732173
    discharge_ratio: 5
    depth_of_discharge: 0.5
  VRBF:
    cost: 275.397
    lifetime: 16.1493
    annual_cost: 17.0531849677695
    efficiency: 0.779347
    discharge_ratio: 0.5
    depth_of_discharge: 1.0
