cost_values:
  wind_capex: 5000.0
  wind_opex: 100
  wind_lifetime: 20
  solar_capex: 1000.0
  solar_opex: 10
  solar_lifetime: 20
  carbon_price: 1.0
timeseries_values:
  load_level: 267544.7417611346
  wind_year: 2011
  solar_year: 2013
  price_year: 2023
  carbon_year: 2023
storage_values:
  CAES:
    cost: 25.6791
    lifetime: 26.1554
    annual_cost: 0.981789611323092
    efficiency: 0.575665
    discharge_ratio: 0.1
    depth_of_discharge: 0.4
  Li-ion:
    cost: 262.604
    lifetime: 28.4811
    annual_cost: 9.220289946666385
    efficiency: 0.879647
    discharge_ratio: 2
    depth_of_discharge: 0.9
  Pb-acid:
    cost: 147.065
    lifetime: 6.07865
    annual_cost: 24.193694323575137
    efficiency: 0.726201
    discharge_ratio: 5
    depth_of_discharge: 0.5
  VRBF:
    cost: 240.561
    lifetime: 15.5088
    annual_cost: 15.511258124419683
    efficiency: 0.771795
    discharge_ratio: 0.5
    depth_of_discharge: 1.0
