cost_values:
  wind_capex: 5000.0
  wind_opex: 100
  wind_lifetime: 20
  solar_capex: 1000.0
  solar_opex: 10
  solar_lifetime: 20
  carbon_price: 1.0
timeseries_values:
  load_level: 267544.7417611346
  wind_year: 2011
  solar_year: 2013
  price_year: 2023
  carbon_year: 2023
storage_values:
  CAES:
    cost: 28.1292
    lifetime: 26.8356
    annual_cost: 1.0482046237088047
    efficiency: 0.582827
    discharge_ratio: 0.1
    depth_of_discharge: 0.4
  Li-ion:
    cost: 232.135
    lifetime: 28.0294
    annual_cost: 8.281839782514075
    efficiency: 0.880826
    discharge_ratio: 2
    depth_of_discharge: 0.9
  Pb-acid:
    cost: 144.289
    lifetime: 6.95184
    annual_cost: 20.75551220971714
    efficiency: 0.745889
    discharge_ratio: 5
    depth_of_discharge: 0.5
  VRBF:
    cost: 265.521
    lifetime: 13.7467
    annual_cost: 19.31525384274044
    efficiency: 0.768246
    discharge_ratio: 0.5
    depth_of_discharge: 1.0
