cost_values:
  wind_capex: 5000.0
  wind_opex: 100
  wind_lifetime: 20
  solar_capex: 1000.0
  solar_opex: 10
  solar_lifetime: 20
  carbon_price: 1.0
timeseries_values:
  load_level: 267544.7417611346
  wind_year: 2011
  solar_year: 2013
  price_year: 2023
  carbon_year: 2023
storage_values:
  CAES:
    cost: 26.7439
    lifetime: 26.0099
    annual_cost: 1.0282200239139714
    efficiency: 0.596963
    discharge_ratio: 0.1
    depth_of_discharge: 0.4
  Li-ion:
    cost: 244.802
    lifetime: 27.0926
    annual_cost: 9.035751459808212
    efficiency: 0.878233
    discharge_ratio: 2
    depth_of_discharge: 0.9
  Pb-acid:
    cost: 143.625
    lifetime: 6.52409
    annual_cost: 22.014564483322577
    efficiency: 0.744941
    discharge_ratio: 5
    depth_of_discharge: 0.5
  VRBF:
    cost: 263.203
    lifetime: 16.8596
    annual_cost: 15.611461719139243
    efficiency: 0.752691
    discharge_ratio: 0.5
    depth_of_discharge: 1.0
