cost_values:
  wind_capex: 5000.0
  wind_opex: 100
  wind_lifetime: 20
  solar_capex: 1000.0
  solar_opex: 10
  solar_lifetime: 20
  carbon_price: 1.0
timeseries_values:
  load_level: 267544.7417611346
  wind_year: 2011
  solar_year: 2013
  price_year: 2023
  carbon_year: 2023
storage_values:
  CAES:
    cost: 33.1789
    lifetime: 27.4527
    annual_cost: 1.2085842194028273
    efficiency: 0.588969
    discharge_ratio: 0.1
    depth_of_discharge: 0.4
  Li-ion:
    cost: 261.533
    lifetime: 28.0272
    annual_cost: 9.331399497630873
    efficiency: 0.884366
    discharge_ratio: 2
    depth_of_discharge: 0.9
  Pb-acid:
    cost: 128.967
    lifetime: 7.36426
    annual_cost: 17.512553875066878
    efficiency: 0.740924
    discharge_ratio: 5
    depth_of_discharge: 0.5
  VRBF:
    cost: 282.871
    lifetime: 15.0153
    annual_cost: 18.838851038607284
    efficiency: 0.771278
    discharge_ratio: 0.5
    depth_of_discharge: 1.0
