cost_values:
  wind_capex: 5000.0
  wind_opex: 100
  wind_lifetime: 20
  solar_capex: 1000.0
  solar_opex: 10
  solar_lifetime: 20
  carbon_price: 1.0
timeseries_values:
  load_level: 267544.7417611346
  wind_year: 2011
  solar_year: 2013
  price_year: 2023
  carbon_year: 2023
storage_values:
  CAES:
    cost: 24.0015
    lifetime: 27.4072
    annual_cost: 0.875737032604571
    efficiency: 0.586345
    discharge_ratio: 0.1
    depth_of_discharge: 0.4
  Li-ion:
    cost: 257.108
    lifetime: 26.6987
    annual_cost: 9.629981984141551
    efficiency: 0.897483
    discharge_ratio: 2
    depth_of_discharge: 0.9
  Pb-acid:
    cost: 132.953
    lifetime: 7.05097
    annual_cost: 18.855987190414936
    efficiency: 0.736612
    discharge_ratio: 5
    depth_of_discharge: 0.5
  VRBF:
    cost: 260.663
    lifetime: 15.9774
    annual_cost: 16.31448170540889
    efficiency: 0.783323
    discharge_ratio: 0.5
    depth_of_discharge: 1.0
