cost_values:
  wind_capex: 5000.0
  wind_opex: 100
  wind_lifetime: 20
  solar_capex: 1000.0
  solar_opex: 10
  solar_lifetime: 20
  carbon_price: 1.0
timeseries_values:
  load_level: 267544.7417611346
  wind_year: 2011
  solar_year: 2013
  price_year: 2023
  carbon_year: 2023
storage_values:
  CAES:
    cost: 27.6253
    lifetime: 26.8254
    annual_cost: 1.0298187538676031
    efficiency: 0.580115
    discharge_ratio: 0.1
    depth_of_discharge: 0.4
  Li-ion:
    cost: 215.046
    lifetime: 28.7016
    annual_cost: 7.492474287147755
    efficiency: 0.881543
    discharge_ratio: 2
    depth_of_discharge: 0.9
  Pb-acid:
    cost: 148.424
    lifetime: 6.9138
    annual_cost: 21.467789059562037
    efficiency: 0.748678
    discharge_ratio: 5
    depth_of_discharge: 0.5
  VRBF:
    cost: 252.02
    lifetime: 13.3007
    annual_cost: 18.947874923876185
    efficiency: 0.786401
    discharge_ratio: 0.5
    depth_of_discharge: 1.0
