cost_values:
  wind_capex: 5000.0
  wind_opex: 100
  wind_lifetime: 20
  solar_capex: 1000.0
  solar_opex: 10
  solar_lifetime: 20
  carbon_price: 1.0
timeseries_values:
  load_level: 267544.7417611346
  wind_year: 2011
  solar_year: 2013
  price_year: 2023
  carbon_year: 2023
storage_values:
  CAES:
    cost: 32.5594
    lifetime: 27.7365
    annual_cost: 1.173882789825681
    efficiency: 0.582938
    discharge_ratio: 0.1
    depth_of_discharge: 0.4
  Li-ion:
    cost: 253.791
    lifetime: 27.1756
    annual_cost: 9.338929039285242
    efficiency: 0.884824
    discharge_ratio: 2
    depth_of_discharge: 0.9
  Pb-acid:
    cost: 145.157
    lifetime: 5.63982
    annual_cost: 25.737878159232032
    efficiency: 0.740866
    discharge_ratio: 5
    depth_of_discharge: 0.5
  VRBF:
    cost: 273.517
    lifetime: 15.7813
    annual_cost: 17.33171538466413
    efficiency: 0.757359
    discharge_ratio: 0.5
    depth_of_discharge: 1.0
