cost_values:
  wind_capex: 5000.0
  wind_opex: 100
  wind_lifetime: 20
  solar_capex: 1000.0
  solar_opex: 10
  solar_lifetime: 20
  carbon_price: 1.0
timeseries_values:
  load_level: 267544.7417611346
  wind_year: 2011
  solar_year: 2013
  price_year: 2023
  carbon_year: 2023
storage_values:
  CAES:
    cost: 27.8514
    lifetime: 26.1889
    annual_cost: 1.0634810931348777
    efficiency: 0.582326
    discharge_ratio: 0.1
    depth_of_discharge: 0.4
  Li-ion:
    cost: 244.978
    lifetime: 27.5541
    annual_cost: 8.89080028017609
    efficiency: 0.89082
    discharge_ratio: 2
    depth_of_discharge: 0.9
  Pb-acid:
    cost: 159.811
    lifetime: 8.2007
    annual_cost: 19.4874827758606
    efficiency: 0.731671
    discharge_ratio: 5
    depth_of_discharge: 0.5
  VRBF:
    cost: 261.299
    lifetime: 14.9332
    annual_cost: 17.49785712372432
    efficiency: 0.754989
    discharge_ratio: 0.5
    depth_of_discharge: 1.0
