cost_values:
  wind_capex: 5000.0
  wind_opex: 100
  wind_lifetime: 20
  solar_capex: 1000.0
  solar_opex: 10
  solar_lifetime: 20
  carbon_price: 1.0
timeseries_values:
  load_level: 267544.7417611346
  wind_year: 2011
  solar_year: 2013
  price_year: 2023
  carbon_year: 2023
storage_values:
  CAES:
    cost: 24.1214
    lifetime: 26.8582
    annual_cost: 0.8981018832237455
    efficiency: 0.586202
    discharge_ratio: 0.1
    depth_of_discharge: 0.4
  Li-ion:
    cost: 261.463
    lifetime: 29.572
    annual_cost: 8.841573109698365
    efficiency: 0.874646
    discharge_ratio: 2
    depth_of_discharge: 0.9
  Pb-acid:
    cost: 164.107
    lifetime: 6.15478
    annual_cost: 26.663341337951966
    efficiency: 0.738247
    discharge_ratio: 5
    depth_of_discharge: 0.5
  VRBF:
    cost: 279.415
    lifetime: 13.7715
    annual_cost: 20.289365719057475
    efficiency: 0.766111
    discharge_ratio: 0.5
    depth_of_discharge: 1.0
