cost_values:
  wind_capex: 5000.0
  wind_opex: 100
  wind_lifetime: 20
  solar_capex: 1000.0
  solar_opex: 10
  solar_lifetime: 20
  carbon_price: 1.0
timeseries_values:
  load_level: 267544.7417611346
  wind_year: 2011
  solar_year: 2013
  price_year: 2023
  carbon_year: 2023
storage_values:
  CAES:
    cost: 33.8249
    lifetime: 27.2444
    annual_cost: 1.2415358752624392
    efficiency: 0.58262
    discharge_ratio: 0.1
    depth_of_discharge: 0.4
  Li-ion:
    cost: 241.068
    lifetime: 27.2476
    annual_cost: 8.847311322832104
    efficiency: 0.879105
    discharge_ratio: 2
    depth_of_discharge: 0.9
  Pb-acid:
    cost: 154.582
    lifetime: 5.57325
    annual_cost: 27.736419503880143
    efficiency: 0.726142
    discharge_ratio: 5
    depth_of_discharge: 0.5
  VRBF:
    cost: 261.496
    lifetime: 15.0052
    annual_cost: 17.427025297896726
    efficiency: 0.783959
    discharge_ratio: 0.5
    depth_of_discharge: 1.0
