cost_values:
  wind_capex: 5000.0
  wind_opex: 100
  wind_lifetime: 20
  solar_capex: 1000.0
  solar_opex: 10
  solar_lifetime: 20
  carbon_price: 1.0
timeseries_values:
  load_level: 267544.7417611346
  wind_year: 2011
  solar_year: 2013
  price_year: 2023
  carbon_year: 2023
storage_values:
  CAES:
    cost: 29.8971
    lifetime: 27.552
    annual_cost: 1.0851154181184668
    efficiency: 0.593489
    discharge_ratio: 0.1
    depth_of_discharge: 0.4
  Li-ion:
    cost: 252.257
    lifetime: 27.2224
    annual_cost: 9.266523157399789
    efficiency: 0.881939
    discharge_ratio: 2
    depth_of_discharge: 0.9
  Pb-acid:
    cost: 147.284
    lifetime: 7.24522
    annual_cost: 20.328437231719672
    efficiency: 0.738221
    discharge_ratio: 5
    depth_of_discharge: 0.5
  VRBF:
    cost: 296.835
    lifetime: 15.1021
    annual_cost: 19.655213513352447
    efficiency: 0.799273
    discharge_ratio: 0.5
    depth_of_discharge: 1.0
