cost_values:
  wind_capex: 5000.0
  wind_opex: 100
  wind_lifetime: 20
  solar_capex: 1000.0
  solar_opex: 10
  solar_lifetime: 20
  carbon_price: 1.0
timeseries_values:
  load_level: 267544.7417611346
  wind_year: 2011
  solar_year: 2013
  price_year: 2023
  carbon_year: 2023
storage_values:
  CAES:
    cost: 28.8323
    lifetime: 26.2392
    annual_cost: 1.0988254215067532
    efficiency: 0.579497
    discharge_ratio: 0.1
    depth_of_discharge: 0.4
  Li-ion:
    cost: 260.569
    lifetime: 27.6381
    annual_cost: 9.427891208151067
    efficiency: 0.89571
    discharge_ratio: 2
    depth_of_discharge: 0.9
  Pb-acid:
    cost: 140.28
    lifetime: 7.39548
    annual_cost: 18.96834282561781
    efficiency: 0.72827
    discharge_ratio: 5
    depth_of_discharge: 0.5
  VRBF:
    cost: 253.768
    lifetime: 14.2651
    annual_cost: 17.789430147703136
    efficiency: 0.762725
    discharge_ratio: 0.5
    depth_of_discharge: 1.0
