cost_values:
  wind_capex: 5000.0
  wind_opex: 100
  wind_lifetime: 20
  solar_capex: 1000.0
  solar_opex: 10
  solar_lifetime: 20
  carbon_price: 1.0
timeseries_values:
  load_level: 267544.7417611346
  wind_year: 2011
  solar_year: 2013
  price_year: 2023
  carbon_year: 2023
storage_values:
  CAES:
    cost: 24.9731
    lifetime: 25.5413
    annual_cost: 0.977753677377424
    efficiency: 0.577453
    discharge_ratio: 0.1
    depth_of_discharge: 0.4
  Li-ion:
    cost: 240.922
    lifetime: 27.7392
    annual_cost: 8.685254080867509
    efficiency: 0.89691
    discharge_ratio: 2
    depth_of_discharge: 0.9
  Pb-acid:
    cost: 142.59
    lifetime: 8.40191
    annual_cost: 16.971141085776924
    efficiency: 0.743564
    discharge_ratio: 5
    depth_of_discharge: 0.5
  VRBF:
    cost: 219.538
    lifetime: 15.3401
    annual_cost: 14.311379977966247
    efficiency: 0.783306
    discharge_ratio: 0.5
    depth_of_discharge: 1.0
