cost_values:
  wind_capex: 5000.0
  wind_opex: 100
  wind_lifetime: 20
  solar_capex: 1000.0
  solar_opex: 10
  solar_lifetime: 20
  carbon_price: 1.0
timeseries_values:
  load_level: 267544.7417611346
  wind_year: 2011
  solar_year: 2013
  price_year: 2023
  carbon_year: 2023
storage_values:
  CAES:
    cost: 37.4418
    lifetime: 26.8009
    annual_cost: 1.3970351741919116
    efficiency: 0.579863
    discharge_ratio: 0.1
    depth_of_discharge: 0.4
  Li-ion:
    cost: 261.492
    lifetime: 28.814
    annual_cost: 9.075171791490249
    efficiency: 0.880562
    discharge_ratio: 2
    depth_of_discharge: 0.9
  Pb-acid:
    cost: 144.899
    lifetime: 6.16143
    annual_cost: 23.5171056069776
    efficiency: 0.73393
    discharge_ratio: 5
    depth_of_discharge: 0.5
  VRBF:
    cost: 288.767
    lifetime: 14.7639
    annual_cost: 19.558991865293045
    efficiency: 0.790933
    discharge_ratio: 0.5
    depth_of_discharge: 1.0
