cost_values:
  wind_capex: 5000.0
  wind_opex: 100
  wind_lifetime: 20
  solar_capex: 1000.0
  solar_opex: 10
  solar_lifetime: 20
  carbon_price: 1.0
timeseries_values:
  load_level: 267544.7417611346
  wind_year: 2011
  solar_year: 2013
  price_year: 2023
  carbon_year: 2023
storage_values:
  CAES:
    cost: 34.5598
    lifetime: 26.9762
    annual_cost: 1.2811218778033973
    efficiency: 0.590696
    discharge_ratio: 0.1
    depth_of_discharge: 0.4
  Li-ion:
    cost: 262.369
    lifetime: 27.8003
    annual_cost: 9.437631968000346
    efficiency: 0.884315
    discharge_ratio: 2
    depth_of_discharge: 0.9
  Pb-acid:
    cost: 167.057
    lifetime: 5.6869
    annual_cost: 29.37575832175702
    efficiency: 0.737981
    discharge_ratio: 5
    depth_of_discharge: 0.5
  VRBF:
    cost: 235.717
    lifetime: 14.8463
    annual_cost: 15.877154577234734
    efficiency: 0.791425
    discharge_ratio: 0.5
    depth_of_discharge: 1.0
