cost_values:
  wind_capex: 5000.0
  wind_opex: 100
  wind_lifetime: 20
  solar_capex: 1000.0
  solar_opex: 10
  solar_lifetime: 20
  carbon_price: 1.0
timeseries_values:
  load_level: 267544.7417611346
  wind_year: 2011
  solar_year: 2013
  price_year: 2023
  carbon_year: 2023
storage_values:
  CAES:
    cost: 30.0667
    lifetime: 24.9231
    annual_cost: 1.2063788212541777
    efficiency: 0.582214
    discharge_ratio: 0.1
    depth_of_discharge: 0.4
  Li-ion:
    cost: 255.151
    lifetime: 27.1088
    annual_cost: 9.412109720828662
    efficiency: 0.88164
    discharge_ratio: 2
    depth_of_discharge: 0.9
  Pb-acid:
    cost: 153.851
    lifetime: 7.44797
    annual_cost: 20.656769562713063
    efficiency: 0.738426
    discharge_ratio: 5
    depth_of_discharge: 0.5
  VRBF:
    cost: 266.258
    lifetime: 15.6589
    annual_cost: 17.0036209439999
    efficiency: 0.761219
    discharge_ratio: 0.5
    depth_of_discharge: 1.0
