cost_values:
  wind_capex: 5000.0
  wind_opex: 100
  wind_lifetime: 20
  solar_capex: 1000.0
  solar_opex: 10
  solar_lifetime: 20
  carbon_price: 1.0
timeseries_values:
  load_level: 267544.7417611346
  wind_year: 2011
  solar_year: 2013
  price_year: 2023
  carbon_year: 2023
storage_values:
  CAES:
    cost: 25.4823
    lifetime: 26.0405
    annual_cost: 0.9785641596743533
    efficiency: 0.587617
    discharge_ratio: 0.1
    depth_of_discharge: 0.4
  Li-ion:
    cost: 243.697
    lifetime: 29.1639
    annual_cost: 8.356118351797942
    efficiency: 0.885331
    discharge_ratio: 2
    depth_of_discharge: 0.9
  Pb-acid:
    cost: 153.35
    lifetime: 7.2531
    annual_cost: 21.142683817953703
    efficiency: 0.722306
    discharge_ratio: 5
    depth_of_discharge: 0.5
  VRBF:
    cost: 258.709
    lifetime: 15.9491
    annual_cost: 16.220915286755993
    efficiency: 0.769972
    discharge_ratio: 0.5
    depth_of_discharge: 1.0
