cost_values:
  wind_capex: 5000.0
  wind_opex: 100
  wind_lifetime: 20
  solar_capex: 1000.0
  solar_opex: 10
  solar_lifetime: 20
  carbon_price: 1.0
timeseries_values:
  load_level: 267544.7417611346
  wind_year: 2011
  solar_year: 2013
  price_year: 2023
  carbon_year: 2023
storage_values:
  CAES:
    cost: 26.0043
    lifetime: 26.8554
    annual_cost: 0.9683080497776984
    efficiency: 0.587657
    discharge_ratio: 0.1
    depth_of_discharge: 0.4
  Li-ion:
    cost: 243.826
    lifetime: 27.3882
    annual_cost: 8.902593087534047
    efficiency: 0.886928
    discharge_ratio: 2
    depth_of_discharge: 0.9
  Pb-acid:
    cost: 176.56
    lifetime: 6.37638
    annual_cost: 27.689692270535947
    efficiency: 0.724354
    discharge_ratio: 5
    depth_of_discharge: 0.5
  VRBF:
    cost: 266.959
    lifetime: 15.3721
    annual_cost: 17.366462617339206
    efficiency: 0.800179
    discharge_ratio: 0.5
    depth_of_discharge: 1.0
