cost_values:
  wind_capex: 5000.0
  wind_opex: 100
  wind_lifetime: 20
  solar_capex: 1000.0
  solar_opex: 10
  solar_lifetime: 20
  carbon_price: 1.0
timeseries_values:
  load_level: 267544.7417611346
  wind_year: 2011
  solar_year: 2013
  price_year: 2023
  carbon_year: 2023
storage_values:
  CAES:
    cost: 30.0028
    lifetime: 25.9136
    annual_cost: 1.1578013089651766
    efficiency: 0.582035
    discharge_ratio: 0.1
    depth_of_discharge: 0.4
  Li-ion:
    cost: 255.879
    lifetime: 27.7546
    annual_cost: 9.219336614471114
    efficiency: 0.877993
    discharge_ratio: 2
    depth_of_discharge: 0.9
  Pb-acid:
    cost: 133.272
    lifetime: 5.98493
    annual_cost: 22.267929616553573
    efficiency: 0.742527
    discharge_ratio: 5
    depth_of_discharge: 0.5
  VRBF:
    cost: 285.991
    lifetime: 13.0141
    annual_cost: 21.975472756471827
    efficiency: 0.780535
    discharge_ratio: 0.5
    depth_of_discharge: 1.0
