cost_values:
  wind_capex: 5000.0
  wind_opex: 100
  wind_lifetime: 20
  solar_capex: 1000.0
  solar_opex: 10
  solar_lifetime: 20
  carbon_price: 1.0
timeseries_values:
  load_level: 267544.7417611346
  wind_year: 2011
  solar_year: 2013
  price_year: 2023
  carbon_year: 2023
storage_values:
  CAES:
    cost: 30.8002
    lifetime: 25.7747
    annual_cost: 1.1949780210826897
    efficiency: 0.573081
    discharge_ratio: 0.1
    depth_of_discharge: 0.4
  Li-ion:
    cost: 250.906
    lifetime: 27.4897
    annual_cost: 9.127273124115579
    efficiency: 0.876243
    discharge_ratio: 2
    depth_of_discharge: 0.9
  Pb-acid:
    cost: 152.743
    lifetime: 6.06543
    annual_cost: 25.182550948572484
    efficiency: 0.74404
    discharge_ratio: 5
    depth_of_discharge: 0.5
  VRBF:
    cost: 283.24
    lifetime: 15.9301
    annual_cost: 17.780177148919343
    efficiency: 0.777714
    discharge_ratio: 0.5
    depth_of_discharge: 1.0
