cost_values:
  wind_capex: 5000.0
  wind_opex: 100
  wind_lifetime: 20
  solar_capex: 1000.0
  solar_opex: 10
  solar_lifetime: 20
  carbon_price: 1.0
timeseries_values:
  load_level: 267544.7417611346
  wind_year: 2011
  solar_year: 2013
  price_year: 2023
  carbon_year: 2023
storage_values:
  CAES:
    cost: 30.6231
    lifetime: 26.3036
    annual_cost: 1.1642170653446677
    efficiency: 0.587759
    discharge_ratio: 0.1
    depth_of_discharge: 0.4
  Li-ion:
    cost: 250.233
    lifetime: 28.0071
    annual_cost: 8.934627290936941
    efficiency: 0.867056
    discharge_ratio: 2
    depth_of_discharge: 0.9
  Pb-acid:
    cost: 140.638
    lifetime: 6.15426
    annual_cost: 22.852138193706473
    efficiency: 0.740858
    discharge_ratio: 5
    depth_of_discharge: 0.5
  VRBF:
    cost: 275.883
    lifetime: 15.6961
    annual_cost: 17.57653174992514
    efficiency: 0.781933
    discharge_ratio: 0.5
    depth_of_discharge: 1.0
