cost_values:
  wind_capex: 5000.0
  wind_opex: 100
  wind_lifetime: 20
  solar_capex: 1000.0
  solar_opex: 10
  solar_lifetime: 20
  carbon_price: 1.0
timeseries_values:
  load_level: 267544.7417611346
  wind_year: 2011
  solar_year: 2013
  price_year: 2023
  carbon_year: 2023
storage_values:
  CAES:
    cost: 26.1141
    lifetime: 27.2547
    annual_cost: 0.9581503373730036
    efficiency: 0.596937
    discharge_ratio: 0.1
    depth_of_discharge: 0.4
  Li-ion:
    cost: 252.153
    lifetime: 26.1292
    annual_cost: 9.650238047854508
    efficiency: 0.888519
    discharge_ratio: 2
    depth_of_discharge: 0.9
  Pb-acid:
    cost: 147.999
    lifetime: 6.84445
    annual_cost: 21.62321296817129
    efficiency: 0.715716
    discharge_ratio: 5
    depth_of_discharge: 0.5
  VRBF:
    cost: 298.392
    lifetime: 17.7562
    annual_cost: 16.804947004426623
    efficiency: 0.779318
    discharge_ratio: 0.5
    depth_of_discharge: 1.0
