cost_values:
  wind_capex: 5000.0
  wind_opex: 100
  wind_lifetime: 20
  solar_capex: 1000.0
  solar_opex: 10
  solar_lifetime: 20
  carbon_price: 1.0
timeseries_values:
  load_level: 267544.7417611346
  wind_year: 2011
  solar_year: 2013
  price_year: 2023
  carbon_year: 2023
storage_values:
  CAES:
    cost: 24.1021
    lifetime: 26.4328
    annual_cost: 0.9118254592778668
    efficiency: 0.592358
    discharge_ratio: 0.1
    depth_of_discharge: 0.4
  Li-ion:
    cost: 226.287
    lifetime: 26.2745
    annual_cost: 8.612418885230928
    efficiency: 0.875916
    discharge_ratio: 2
    depth_of_discharge: 0.9
  Pb-acid:
    cost: 163.691
    lifetime: 6.41774
    annual_cost: 25.506019252883412
    efficiency: 0.719231
    discharge_ratio: 5
    depth_of_discharge: 0.5
  VRBF:
    cost: 247.732
    lifetime: 16.4307
    annual_cost: 15.077385625688496
    efficiency: 0.780662
    discharge_ratio: 0.5
    depth_of_discharge: 1.0
