cost_values:
  wind_capex: 5000.0
  wind_opex: 100
  wind_lifetime: 20
  solar_capex: 1000.0
  solar_opex: 10
  solar_lifetime: 20
  carbon_price: 1.0
timeseries_values:
  load_level: 267544.7417611346
  wind_year: 2011
  solar_year: 2013
  price_year: 2023
  carbon_year: 2023
storage_values:
  CAES:
    cost: 24.9472
    lifetime: 27.9178
    annual_cost: 0.8935947674960061
    efficiency: 0.580112
    discharge_ratio: 0.1
    depth_of_discharge: 0.4
  Li-ion:
    cost: 264.638
    lifetime: 27.813
    annual_cost: 9.514903102865565
    efficiency: 0.875413
    discharge_ratio: 2
    depth_of_discharge: 0.9
  Pb-acid:
    cost: 137.027
    lifetime: 8.59053
    annual_cost: 15.950936670962093
    efficiency: 0.735646
    discharge_ratio: 5
    depth_of_discharge: 0.5
  VRBF:
    cost: 272.987
    lifetime: 14.9963
    annual_cost: 18.203623560478253
    efficiency: 0.759323
    discharge_ratio: 0.5
    depth_of_discharge: 1.0
