cost_values:
  wind_capex: 5000.0
  wind_opex: 100
  wind_lifetime: 20
  solar_capex: 1000.0
  solar_opex: 10
  solar_lifetime: 20
  carbon_price: 1.0
timeseries_values:
  load_level: 267544.7417611346
  wind_year: 2011
  solar_year: 2013
  price_year: 2023
  carbon_year: 2023
storage_values:
  CAES:
    cost: 26.1244
    lifetime: 26.7315
    annual_cost: 0.9772889662009241
    efficiency: 0.586753
    discharge_ratio: 0.1
    depth_of_discharge: 0.4
  Li-ion:
    cost: 238.435
    lifetime: 27.3366
    annual_cost: 8.722189299327642
    efficiency: 0.883284
    discharge_ratio: 2
    depth_of_discharge: 0.9
  Pb-acid:
    cost: 158.92
    lifetime: 6.90039
    annual_cost: 23.03058232940457
    efficiency: 0.743509
    discharge_ratio: 5
    depth_of_discharge: 0.5
  VRBF:
    cost: 296.017
    lifetime: 14.7451
    annual_cost: 20.075618341008198
    efficiency: 0.776115
    discharge_ratio: 0.5
    depth_of_discharge: 1.0
