cost_values:
  wind_capex: 5000.0
  wind_opex: 100
  wind_lifetime: 20
  solar_capex: 1000.0
  solar_opex: 10
  solar_lifetime: 20
  carbon_price: 1.0
timeseries_values:
  load_level: 267544.7417611346
  wind_year: 2011
  solar_year: 2013
  price_year: 2023
  carbon_year: 2023
storage_values:
  CAES:
    cost: 28.4048
    lifetime: 26.9058
    annual_cost: 1.0557128946175176
    efficiency: 0.580257
    discharge_ratio: 0.1
    depth_of_discharge: 0.4
  Li-ion:
    cost: 260.179
    lifetime: 29.3932
    annual_cost: 8.85167317610876
    efficiency: 0.882955
    discharge_ratio: 2
    depth_of_discharge: 0.9
  Pb-acid:
    cost: 134.851
    lifetime: 8.21446
    annual_cost: 16.416295167302536
    efficiency: 0.746184
    discharge_ratio: 5
    depth_of_discharge: 0.5
  VRBF:
    cost: 279.385
    lifetime: 16.5969
    annual_cost: 16.833565304364065
    efficiency: 0.743014
    discharge_ratio: 0.5
    depth_of_discharge: 1.0
