cost_values:
  wind_capex: 5000.0
  wind_opex: 100
  wind_lifetime: 20
  solar_capex: 1000.0
  solar_opex: 10
  solar_lifetime: 20
  carbon_price: 1.0
timeseries_values:
  load_level: 267544.7417611346
  wind_year: 2011
  solar_year: 2013
  price_year: 2023
  carbon_year: 2023
storage_values:
  CAES:
    cost: 22.5774
    lifetime: 27.4464
    annual_cost: 0.822599685204617
    efficiency: 0.584269
    discharge_ratio: 0.1
    depth_of_discharge: 0.4
  Li-ion:
    cost: 248.136
    lifetime: 25.4306
    annual_cost: 9.757378905727746
    efficiency: 0.872674
    discharge_ratio: 2
    depth_of_discharge: 0.9
  Pb-acid:
    cost: 151.267
    lifetime: 6.29307
    annual_cost: 24.03707570390922
    efficiency: 0.73971
    discharge_ratio: 5
    depth_of_discharge: 0.5
  VRBF:
    cost: 262.094
    lifetime: 18.1634
    annual_cost: 14.42978737461048
    efficiency: 0.783789
    discharge_ratio: 0.5
    depth_of_discharge: 1.0
