cost_values:
  wind_capex: 5000.0
  wind_opex: 100
  wind_lifetime: 20
  solar_capex: 1000.0
  solar_opex: 10
  solar_lifetime: 20
  carbon_price: 1.0
timeseries_values:
  load_level: 267544.7417611346
  wind_year: 2011
  solar_year: 2013
  price_year: 2023
  carbon_year: 2023
storage_values:
  CAES:
    cost: 28.6724
    lifetime: 26.3694
    annual_cost: 1.0873360789399835
    efficiency: 0.575961
    discharge_ratio: 0.1
    depth_of_discharge: 0.4
  Li-ion:
    cost: 260.623
    lifetime: 28.6607
    annual_cost: 9.093392694525955
    efficiency: 0.891315
    discharge_ratio: 2
    depth_of_discharge: 0.9
  Pb-acid:
    cost: 140.422
    lifetime: 6.8383
    annual_cost: 20.534635801295643
    efficiency: 0.729339
    discharge_ratio: 5
    depth_of_discharge: 0.5
  VRBF:
    cost: 255.558
    lifetime: 12.7947
    annual_cost: 19.973739126357007
    efficiency: 0.786271
    discharge_ratio: 0.5
    depth_of_discharge: 1.0
