cost_values:
  wind_capex: 5000.0
  wind_opex: 100
  wind_lifetime: 20
  solar_capex: 1000.0
  solar_opex: 10
  solar_lifetime: 20
  carbon_price: 1.0
timeseries_values:
  load_level: 267544.7417611346
  wind_year: 2011
  solar_year: 2013
  price_year: 2023
  carbon_year: 2023
storage_values:
  CAES:
    cost: 31.6117
    lifetime: 26.8005
    annual_cost: 1.1795190388239025
    efficiency: 0.587423
    discharge_ratio: 0.1
    depth_of_discharge: 0.4
  Li-ion:
    cost: 257.281
    lifetime: 27.315
    annual_cost: 9.419037159070108
    efficiency: 0.877312
    discharge_ratio: 2
    depth_of_discharge: 0.9
  Pb-acid:
    cost: 136.79
    lifetime: 6.86434
    annual_cost: 19.927625962583438
    efficiency: 0.741612
    discharge_ratio: 5
    depth_of_discharge: 0.5
  VRBF:
    cost: 219.484
    lifetime: 13.6992
    annual_cost: 16.021665498715254
    efficiency: 0.76576
    discharge_ratio: 0.5
    depth_of_discharge: 1.0
