cost_values:
  wind_capex: 5000.0
  wind_opex: 100
  wind_lifetime: 20
  solar_capex: 1000.0
  solar_opex: 10
  solar_lifetime: 20
  carbon_price: 1.0
timeseries_values:
  load_level: 267544.7417611346
  wind_year: 2011
  solar_year: 2013
  price_year: 2023
  carbon_year: 2023
storage_values:
  CAES:
    cost: 25.5672
    lifetime: 26.0793
    annual_cost: 0.980363736756738
    efficiency: 0.579785
    discharge_ratio: 0.1
    depth_of_discharge: 0.4
  Li-ion:
    cost: 244.969
    lifetime: 27.3208
    annual_cost: 8.966391906532753
    efficiency: 0.889416
    discharge_ratio: 2
    depth_of_discharge: 0.9
  Pb-acid:
    cost: 136.355
    lifetime: 8.14412
    annual_cost: 16.742754281616676
    efficiency: 0.728972
    discharge_ratio: 5
    depth_of_discharge: 0.5
  VRBF:
    cost: 288.414
    lifetime: 14.9658
    annual_cost: 19.271539109168906
    efficiency: 0.788633
    discharge_ratio: 0.5
    depth_of_discharge: 1.0
