cost_values:
  wind_capex: 5000.0
  wind_opex: 100
  wind_lifetime: 20
  solar_capex: 1000.0
  solar_opex: 10
  solar_lifetime: 20
  carbon_price: 1.0
timeseries_values:
  load_level: 267544.7417611346
  wind_year: 2011
  solar_year: 2013
  price_year: 2023
  carbon_year: 2023
storage_values:
  CAES:
    cost: 28.5435
    lifetime: 26.478
    annual_cost: 1.0780081577158396
    efficiency: 0.597615
    discharge_ratio: 0.1
    depth_of_discharge: 0.4
  Li-ion:
    cost: 238.99
    lifetime: 28.4738
    annual_cost: 8.393330008639522
    efficiency: 0.890843
    discharge_ratio: 2
    depth_of_discharge: 0.9
  Pb-acid:
    cost: 123.602
    lifetime: 6.35238
    annual_cost: 19.457589124076332
    efficiency: 0.743762
    discharge_ratio: 5
    depth_of_discharge: 0.5
  VRBF:
    cost: 229.672
    lifetime: 15.7721
    annual_cost: 14.561916295230185
    efficiency: 0.781866
    discharge_ratio: 0.5
    depth_of_discharge: 1.0
