cost_values:
  wind_capex: 5000.0
  wind_opex: 100
  wind_lifetime: 20
  solar_capex: 1000.0
  solar_opex: 10
  solar_lifetime: 20
  carbon_price: 1.0
timeseries_values:
  load_level: 267544.7417611346
  wind_year: 2011
  solar_year: 2013
  price_year: 2023
  carbon_year: 2023
storage_values:
  CAES:
    cost: 30.8071
    lifetime: 26.9283
    annual_cost: 1.144041770182299
    efficiency: 0.58414
    discharge_ratio: 0.1
    depth_of_discharge: 0.4
  Li-ion:
    cost: 237.23
    lifetime: 27.3876
    annual_cost: 8.66194920328908
    efficiency: 0.883361
    discharge_ratio: 2
    depth_of_discharge: 0.9
  Pb-acid:
    cost: 166.695
    lifetime: 6.48339
    annual_cost: 25.711086329836704
    efficiency: 0.73254
    discharge_ratio: 5
    depth_of_discharge: 0.5
  VRBF:
    cost: 268.421
    lifetime: 18.4904
    annual_cost: 14.516776273093063
    efficiency: 0.806727
    discharge_ratio: 0.5
    depth_of_discharge: 1.0
