cost_values:
  wind_capex: 5000.0
  wind_opex: 100
  wind_lifetime: 20
  solar_capex: 1000.0
  solar_opex: 10
  solar_lifetime: 20
  carbon_price: 1.0
timeseries_values:
  load_level: 267544.7417611346
  wind_year: 2011
  solar_year: 2013
  price_year: 2023
  carbon_year: 2023
storage_values:
  CAES:
    cost: 30.5058
    lifetime: 25.8328
    annual_cost: 1.1808940571676318
    efficiency: 0.586599
    discharge_ratio: 0.1
    depth_of_discharge: 0.4
  Li-ion:
    cost: 247.314
    lifetime: 29.2334
    annual_cost: 8.459980706999527
    efficiency: 0.887662
    discharge_ratio: 2
    depth_of_discharge: 0.9
  Pb-acid:
    cost: 141.141
    lifetime: 6.04333
    annual_cost: 23.35483913670112
    efficiency: 0.727863
    discharge_ratio: 5
    depth_of_discharge: 0.5
  VRBF:
    cost: 266.239
    lifetime: 16.6971
    annual_cost: 15.945224020937767
    efficiency: 0.759091
    discharge_ratio: 0.5
    depth_of_discharge: 1.0
