cost_values:
  wind_capex: 5000.0
  wind_opex: 100
  wind_lifetime: 20
  solar_capex: 1000.0
  solar_opex: 10
  solar_lifetime: 20
  carbon_price: 1.0
timeseries_values:
  load_level: 267544.7417611346
  wind_year: 2011
  solar_year: 2013
  price_year: 2023
  carbon_year: 2023
storage_values:
  CAES:
    cost: 25.6787
    lifetime: 26.7504
    annual_cost: 0.9599370476703152
    efficiency: 0.58414
    discharge_ratio: 0.1
    depth_of_discharge: 0.4
  Li-ion:
    cost: 240.429
    lifetime: 26.8713
    annual_cost: 8.947427180672316
    efficiency: 0.885029
    discharge_ratio: 2
    depth_of_discharge: 0.9
  Pb-acid:
    cost: 150.872
    lifetime: 5.69281
    annual_cost: 26.502201900291777
    efficiency: 0.734652
    discharge_ratio: 5
    depth_of_discharge: 0.5
  VRBF:
    cost: 229.627
    lifetime: 18.1013
    annual_cost: 12.685663460635425
    efficiency: 0.794445
    discharge_ratio: 0.5
    depth_of_discharge: 1.0
