cost_values:
  wind_capex: 5000.0
  wind_opex: 100
  wind_lifetime: 20
  solar_capex: 1000.0
  solar_opex: 10
  solar_lifetime: 20
  carbon_price: 1.0
timeseries_values:
  load_level: 267544.7417611346
  wind_year: 2011
  solar_year: 2013
  price_year: 2023
  carbon_year: 2023
storage_values:
  CAES:
    cost: 23.5325
    lifetime: 26.3177
    annual_cost: 0.8941700832519559
    efficiency: 0.574778
    discharge_ratio: 0.1
    depth_of_discharge: 0.4
  Li-ion:
    cost: 249.189
    lifetime: 28.4105
    annual_cost: 8.771017757519227
    efficiency: 0.877788
    discharge_ratio: 2
    depth_of_discharge: 0.9
  Pb-acid:
    cost: 149.282
    lifetime: 7.98233
    annual_cost: 18.701557064165478
    efficiency: 0.742657
    discharge_ratio: 5
    depth_of_discharge: 0.5
  VRBF:
    cost: 271.371
    lifetime: 15.7396
    annual_cost: 17.241289486391015
    efficiency: 0.754212
    discharge_ratio: 0.5
    depth_of_discharge: 1.0
