cost_values:
  wind_capex: 5000.0
  wind_opex: 100
  wind_lifetime: 20
  solar_capex: 1000.0
  solar_opex: 10
  solar_lifetime: 20
  carbon_price: 1.0
timeseries_values:
  load_level: 267544.7417611346
  wind_year: 2011
  solar_year: 2013
  price_year: 2023
  carbon_year: 2023
storage_values:
  CAES:
    cost: 30.2798
    lifetime: 26.3777
    annual_cost: 1.1479317757044776
    efficiency: 0.582963
    discharge_ratio: 0.1
    depth_of_discharge: 0.4
  Li-ion:
    cost: 233.821
    lifetime: 26.4248
    annual_cost: 8.84854379219521
    efficiency: 0.868121
    discharge_ratio: 2
    depth_of_discharge: 0.9
  Pb-acid:
    cost: 163.5
    lifetime: 8.07079
    annual_cost: 20.258239899687638
    efficiency: 0.730582
    discharge_ratio: 5
    depth_of_discharge: 0.5
  VRBF:
    cost: 241.053
    lifetime: 14.5502
    annual_cost: 16.566988769913817
    efficiency: 0.764849
    discharge_ratio: 0.5
    depth_of_discharge: 1.0
