cost_values:
  wind_capex: 5000.0
  wind_opex: 100
  wind_lifetime: 20
  solar_capex: 1000.0
  solar_opex: 10
  solar_lifetime: 20
  carbon_price: 1.0
timeseries_values:
  load_level: 267544.7417611346
  wind_year: 2011
  solar_year: 2013
  price_year: 2023
  carbon_year: 2023
storage_values:
  CAES:
    cost: 29.7744
    lifetime: 27.3787
    annual_cost: 1.0875023284524101
    efficiency: 0.582574
    discharge_ratio: 0.1
    depth_of_discharge: 0.4
  Li-ion:
    cost: 261.808
    lifetime: 25.7524
    annual_cost: 10.166353427253382
    efficiency: 0.883848
    discharge_ratio: 2
    depth_of_discharge: 0.9
  Pb-acid:
    cost: 155.973
    lifetime: 6.11358
    annual_cost: 25.512547476274133
    efficiency: 0.744737
    discharge_ratio: 5
    depth_of_discharge: 0.5
  VRBF:
    cost: 268.469
    lifetime: 16.1412
    annual_cost: 16.632530419051864
    efficiency: 0.76667
    discharge_ratio: 0.5
    depth_of_discharge: 1.0
