cost_values:
  wind_capex: 5000.0
  wind_opex: 100
  wind_lifetime: 20
  solar_capex: 1000.0
  solar_opex: 10
  solar_lifetime: 20
  carbon_price: 1.0
timeseries_values:
  load_level: 267544.7417611346
  wind_year: 2011
  solar_year: 2013
  price_year: 2023
  carbon_year: 2023
storage_values:
  CAES:
    cost: 31.4013
    lifetime: 26.9237
    annual_cost: 1.1663070083235216
    efficiency: 0.568795
    discharge_ratio: 0.1
    depth_of_discharge: 0.4
  Li-ion:
    cost: 243.052
    lifetime: 29.404
    annual_cost: 8.265950210855666
    efficiency: 0.872156
    discharge_ratio: 2
    depth_of_discharge: 0.9
  Pb-acid:
    cost: 156.786
    lifetime: 6.61558
    annual_cost: 23.699509340072982
    efficiency: 0.721707
    discharge_ratio: 5
    depth_of_discharge: 0.5
  VRBF:
    cost: 259.487
    lifetime: 15.3327
    annual_cost: 16.9237642424361
    efficiency: 0.762291
    discharge_ratio: 0.5
    depth_of_discharge: 1.0
