cost_values:
  wind_capex: 5000.0
  wind_opex: 100
  wind_lifetime: 20
  solar_capex: 1000.0
  solar_opex: 10
  solar_lifetime: 20
  carbon_price: 1.0
timeseries_values:
  load_level: 267544.7417611346
  wind_year: 2011
  solar_year: 2013
  price_year: 2023
  carbon_year: 2023
storage_values:
  CAES:
    cost: 29.2327
    lifetime: 26.4344
    annual_cost: 1.1058582755803046
    efficiency: 0.58973
    discharge_ratio: 0.1
    depth_of_discharge: 0.4
  Li-ion:
    cost: 265.906
    lifetime: 28.098
    annual_cost: 9.463520535269415
    efficiency: 0.905979
    discharge_ratio: 2
    depth_of_discharge: 0.9
  Pb-acid:
    cost: 140.217
    lifetime: 7.75618
    annual_cost: 18.07810030195277
    efficiency: 0.740199
    discharge_ratio: 5
    depth_of_discharge: 0.5
  VRBF:
    cost: 262.849
    lifetime: 15.1442
    annual_cost: 17.356413676523026
    efficiency: 0.781838
    discharge_ratio: 0.5
    depth_of_discharge: 1.0
