cost_values:
  wind_capex: 5000.0
  wind_opex: 100
  wind_lifetime: 20
  solar_capex: 1000.0
  solar_opex: 10
  solar_lifetime: 20
  carbon_price: 1.0
timeseries_values:
  load_level: 267544.7417611346
  wind_year: 2011
  solar_year: 2013
  price_year: 2023
  carbon_year: 2023
storage_values:
  CAES:
    cost: 26.6141
    lifetime: 26.6476
    annual_cost: 0.9987428511385641
    efficiency: 0.57717
    discharge_ratio: 0.1
    depth_of_discharge: 0.4
  Li-ion:
    cost: 257.86
    lifetime: 27.3942
    annual_cost: 9.412941425557234
    efficiency: 0.880271
    discharge_ratio: 2
    depth_of_discharge: 0.9
  Pb-acid:
    cost: 151.211
    lifetime: 7.50151
    annual_cost: 20.157408308460568
    efficiency: 0.727245
    discharge_ratio: 5
    depth_of_discharge: 0.5
  VRBF:
    cost: 282.208
    lifetime: 14.4559
    annual_cost: 19.52199447976259
    efficiency: 0.777126
    discharge_ratio: 0.5
    depth_of_discharge: 1.0
