cost_values:
  wind_capex: 5000.0
  wind_opex: 100
  wind_lifetime: 20
  solar_capex: 1000.0
  solar_opex: 10
  solar_lifetime: 20
  carbon_price: 1.0
timeseries_values:
  load_level: 267544.7417611346
  wind_year: 2011
  solar_year: 2013
  price_year: 2023
  carbon_year: 2023
storage_values:
  CAES:
    cost: 24.3549
    lifetime: 26.4104
    annual_cost: 0.9221708114985007
    efficiency: 0.582358
    discharge_ratio: 0.1
    depth_of_discharge: 0.4
  Li-ion:
    cost: 244.812
    lifetime: 29.4099
    annual_cost: 8.324135750206564
    efficiency: 0.889892
    discharge_ratio: 2
    depth_of_discharge: 0.9
  Pb-acid:
    cost: 156.404
    lifetime: 6.43947
    annual_cost: 24.288334288380874
    efficiency: 0.72538
    discharge_ratio: 5
    depth_of_discharge: 0.5
  VRBF:
    cost: 249.922
    lifetime: 15.9377
    annual_cost: 15.681183608676283
    efficiency: 0.763878
    discharge_ratio: 0.5
    depth_of_discharge: 1.0
