cost_values:
  wind_capex: 5000.0
  wind_opex: 100
  wind_lifetime: 20
  solar_capex: 1000.0
  solar_opex: 10
  solar_lifetime: 20
  carbon_price: 1.0
timeseries_values:
  load_level: 267544.7417611346
  wind_year: 2011
  solar_year: 2013
  price_year: 2023
  carbon_year: 2023
storage_values:
  CAES:
    cost: 27.2349
    lifetime: 26.3361
    annual_cost: 1.0341280599633205
    efficiency: 0.572973
    discharge_ratio: 0.1
    depth_of_discharge: 0.4
  Li-ion:
    cost: 246.303
    lifetime: 28.5415
    annual_cost: 8.629644552668921
    efficiency: 0.893406
    discharge_ratio: 2
    depth_of_discharge: 0.9
  Pb-acid:
    cost: 144.345
    lifetime: 6.86271
    annual_cost: 21.033236141407695
    efficiency: 0.745204
    discharge_ratio: 5
    depth_of_discharge: 0.5
  VRBF:
    cost: 276.284
    lifetime: 15.83
    annual_cost: 17.453190145293746
    efficiency: 0.755049
    discharge_ratio: 0.5
    depth_of_discharge: 1.0
