cost_values:
  wind_capex: 5000.0
  wind_opex: 100
  wind_lifetime: 20
  solar_capex: 1000.0
  solar_opex: 10
  solar_lifetime: 20
  carbon_price: 1.0
timeseries_values:
  load_level: 267544.7417611346
  wind_year: 2011
  solar_year: 2013
  price_year: 2023
  carbon_year: 2023
storage_values:
  CAES:
    cost: 21.5745
    lifetime: 26.7058
    annual_cost: 0.8078582180649897
    efficiency: 0.57512
    discharge_ratio: 0.1
    depth_of_discharge: 0.4
  Li-ion:
    cost: 269.865
    lifetime: 29.4668
    annual_cost: 9.15827303948851
    efficiency: 0.893756
    discharge_ratio: 2
    depth_of_discharge: 0.9
  Pb-acid:
    cost: 145.806
    lifetime: 6.52812
    annual_cost: 22.33506737008511
    efficiency: 0.739742
    discharge_ratio: 5
    depth_of_discharge: 0.5
  VRBF:
    cost: 243.656
    lifetime: 15.9363
    annual_cost: 15.28937080752747
    efficiency: 0.762997
    discharge_ratio: 0.5
    depth_of_discharge: 1.0
