cost_values:
  wind_capex: 5000.0
  wind_opex: 100
  wind_lifetime: 20
  solar_capex: 1000.0
  solar_opex: 10
  solar_lifetime: 20
  carbon_price: 1.0
timeseries_values:
  load_level: 267544.7417611346
  wind_year: 2011
  solar_year: 2013
  price_year: 2023
  carbon_year: 2023
storage_values:
  CAES:
    cost: 29.2452
    lifetime: 26.6272
    annual_cost: 1.0983205143612547
    efficiency: 0.586601
    discharge_ratio: 0.1
    depth_of_discharge: 0.4
  Li-ion:
    cost: 226.982
    lifetime: 26.7309
    annual_cost: 8.491371409118287
    efficiency: 0.875203
    discharge_ratio: 2
    depth_of_discharge: 0.9
  Pb-acid:
    cost: 155.231
    lifetime: 6.31334
    annual_cost: 24.58777762642278
    efficiency: 0.729352
    discharge_ratio: 5
    depth_of_discharge: 0.5
  VRBF:
    cost: 282.328
    lifetime: 16.1879
    annual_cost: 17.44068100247716
    efficiency: 0.785739
    discharge_ratio: 0.5
    depth_of_discharge: 1.0
