cost_values:
  wind_capex: 5000.0
  wind_opex: 100
  wind_lifetime: 20
  solar_capex: 1000.0
  solar_opex: 10
  solar_lifetime: 20
  carbon_price: 1.0
timeseries_values:
  load_level: 267544.7417611346
  wind_year: 2011
  solar_year: 2013
  price_year: 2023
  carbon_year: 2023
storage_values:
  CAES:
    cost: 26.3075
    lifetime: 27.953
    annual_cost: 0.9411333309483777
    efficiency: 0.580522
    discharge_ratio: 0.1
    depth_of_discharge: 0.4
  Li-ion:
    cost: 252.269
    lifetime: 29.3416
    annual_cost: 8.597656569512228
    efficiency: 0.877947
    discharge_ratio: 2
    depth_of_discharge: 0.9
  Pb-acid:
    cost: 158.691
    lifetime: 7.39951
    annual_cost: 21.44614981262273
    efficiency: 0.741495
    discharge_ratio: 5
    depth_of_discharge: 0.5
  VRBF:
    cost: 267.729
    lifetime: 15.9671
    annual_cost: 16.767540755678862
    efficiency: 0.786774
    discharge_ratio: 0.5
    depth_of_discharge: 1.0
