cost_values:
  wind_capex: 5000.0
  wind_opex: 100
  wind_lifetime: 20
  solar_capex: 1000.0
  solar_opex: 10
  solar_lifetime: 20
  carbon_price: 1.0
timeseries_values:
  load_level: 267544.7417611346
  wind_year: 2011
  solar_year: 2013
  price_year: 2023
  carbon_year: 2023
storage_values:
  CAES:
    cost: 31.3247
    lifetime: 26.9635
    annual_cost: 1.1617445806367868
    efficiency: 0.587027
    discharge_ratio: 0.1
    depth_of_discharge: 0.4
  Li-ion:
    cost: 240.234
    lifetime: 26.4519
    annual_cost: 9.081918501128465
    efficiency: 0.886966
    discharge_ratio: 2
    depth_of_discharge: 0.9
  Pb-acid:
    cost: 147.827
    lifetime: 6.03138
    annual_cost: 24.50964787494736
    efficiency: 0.734805
    discharge_ratio: 5
    depth_of_discharge: 0.5
  VRBF:
    cost: 282.944
    lifetime: 14.9421
    annual_cost: 18.936026395218878
    efficiency: 0.791831
    discharge_ratio: 0.5
    depth_of_discharge: 1.0
