cost_values:
  wind_capex: 5000.0
  wind_opex: 100
  wind_lifetime: 20
  solar_capex: 1000.0
  solar_opex: 10
  solar_lifetime: 20
  carbon_price: 1.0
timeseries_values:
  load_level: 267544.7417611346
  wind_year: 2011
  solar_year: 2013
  price_year: 2023
  carbon_year: 2023
storage_values:
  CAES:
    cost: 28.3676
    lifetime: 26.5111
    annual_cost: 1.0700272715956713
    efficiency: 0.582937
    discharge_ratio: 0.1
    depth_of_discharge: 0.4
  Li-ion:
    cost: 265.151
    lifetime: 28.7975
    annual_cost: 9.207431200625054
    efficiency: 0.884731
    discharge_ratio: 2
    depth_of_discharge: 0.9
  Pb-acid:
    cost: 139.57
    lifetime: 6.91774
    annual_cost: 20.17566430655098
    efficiency: 0.710263
    discharge_ratio: 5
    depth_of_discharge: 0.5
  VRBF:
    cost: 256.459
    lifetime: 13.9727
    annual_cost: 18.354290867191022
    efficiency: 0.775291
    discharge_ratio: 0.5
    depth_of_discharge: 1.0
