cost_values:
  wind_capex: 5000.0
  wind_opex: 100
  wind_lifetime: 20
  solar_capex: 1000.0
  solar_opex: 10
  solar_lifetime: 20
  carbon_price: 1.0
timeseries_values:
  load_level: 267544.7417611346
  wind_year: 2011
  solar_year: 2013
  price_year: 2023
  carbon_year: 2023
storage_values:
  CAES:
    cost: 24.243
    lifetime: 27.9854
    annual_cost: 0.8662731281310969
    efficiency: 0.596377
    discharge_ratio: 0.1
    depth_of_discharge: 0.4
  Li-ion:
    cost: 252.35
    lifetime: 27.7323
    annual_cost: 9.09949769763056
    efficiency: 0.87362
    discharge_ratio: 2
    depth_of_discharge: 0.9
  Pb-acid:
    cost: 145.464
    lifetime: 7.2492
    annual_cost: 20.066214202946533
    efficiency: 0.732744
    discharge_ratio: 5
    depth_of_discharge: 0.5
  VRBF:
    cost: 265.129
    lifetime: 14.6456
    annual_cost: 18.10297973452778
    efficiency: 0.768012
    discharge_ratio: 0.5
    depth_of_discharge: 1.0
