cost_values:
  wind_capex: 5000.0
  wind_opex: 100
  wind_lifetime: 20
  solar_capex: 1000.0
  solar_opex: 10
  solar_lifetime: 20
  carbon_price: 1.0
timeseries_values:
  load_level: 267544.7417611346
  wind_year: 2011
  solar_year: 2013
  price_year: 2023
  carbon_year: 2023
storage_values:
  CAES:
    cost: 29.5328
    lifetime: 26.4344
    annual_cost: 1.1172109069999698
    efficiency: 0.580348
    discharge_ratio: 0.1
    depth_of_discharge: 0.4
  Li-ion:
    cost: 257.706
    lifetime: 27.0816
    annual_cost: 9.515907479617157
    efficiency: 0.888795
    discharge_ratio: 2
    depth_of_discharge: 0.9
  Pb-acid:
    cost: 162.722
    lifetime: 6.6644
    annual_cost: 24.41660164455915
    efficiency: 0.7243
    discharge_ratio: 5
    depth_of_discharge: 0.5
  VRBF:
    cost: 277.527
    lifetime: 17.4566
    annual_cost: 15.898113034611548
    efficiency: 0.77336
    discharge_ratio: 0.5
    depth_of_discharge: 1.0
