cost_values:
  wind_capex: 5000.0
  wind_opex: 100
  wind_lifetime: 20
  solar_capex: 1000.0
  solar_opex: 10
  solar_lifetime: 20
  carbon_price: 1.0
timeseries_values:
  load_level: 267544.7417611346
  wind_year: 2011
  solar_year: 2013
  price_year: 2023
  carbon_year: 2023
storage_values:
  CAES:
    cost: 20.9955
    lifetime: 26.6714
    annual_cost: 0.787191523504578
    efficiency: 0.584194
    discharge_ratio: 0.1
    depth_of_discharge: 0.4
  Li-ion:
    cost: 251.746
    lifetime: 28.6288
    annual_cost: 8.793452746884258
    efficiency: 0.882385
    discharge_ratio: 2
    depth_of_discharge: 0.9
  Pb-acid:
    cost: 165.592
    lifetime: 5.8417
    annual_cost: 28.346542958385402
    efficiency: 0.740509
    discharge_ratio: 5
    depth_of_discharge: 0.5
  VRBF:
    cost: 280.558
    lifetime: 14.5663
    annual_cost: 19.260759424150265
    efficiency: 0.772547
    discharge_ratio: 0.5
    depth_of_discharge: 1.0
