cost_values:
  wind_capex: 5000.0
  wind_opex: 100
  wind_lifetime: 20
  solar_capex: 1000.0
  solar_opex: 10
  solar_lifetime: 20
  carbon_price: 1.0
timeseries_values:
  load_level: 267544.7417611346
  wind_year: 2011
  solar_year: 2013
  price_year: 2023
  carbon_year: 2023
storage_values:
  CAES:
    cost: 24.5939
    lifetime: 27.3411
    annual_cost: 0.8995212336006964
    efficiency: 0.584505
    discharge_ratio: 0.1
    depth_of_discharge: 0.4
  Li-ion:
    cost: 255.112
    lifetime: 25.8974
    annual_cost: 9.850873060616124
    efficiency: 0.889523
    discharge_ratio: 2
    depth_of_discharge: 0.9
  Pb-acid:
    cost: 146.371
    lifetime: 6.593
    annual_cost: 22.200970726528137
    efficiency: 0.740119
    discharge_ratio: 5
    depth_of_discharge: 0.5
  VRBF:
    cost: 252.851
    lifetime: 15.5372
    annual_cost: 16.273910357078496
    efficiency: 0.776118
    discharge_ratio: 0.5
    depth_of_discharge: 1.0
