cost_values:
  wind_capex: 5000.0
  wind_opex: 100
  wind_lifetime: 20
  solar_capex: 1000.0
  solar_opex: 10
  solar_lifetime: 20
  carbon_price: 1.0
timeseries_values:
  load_level: 267544.7417611346
  wind_year: 2011
  solar_year: 2013
  price_year: 2023
  carbon_year: 2023
storage_values:
  CAES:
    cost: 29.9446
    lifetime: 26.4751
    annual_cost: 1.1310476636537727
    efficiency: 0.587527
    discharge_ratio: 0.1
    depth_of_discharge: 0.4
  Li-ion:
    cost: 258.474
    lifetime: 27.6012
    annual_cost: 9.364592843789401
    efficiency: 0.892613
    discharge_ratio: 2
    depth_of_discharge: 0.9
  Pb-acid:
    cost: 179.638
    lifetime: 5.4984
    annual_cost: 32.67095882438527
    efficiency: 0.74224
    discharge_ratio: 5
    depth_of_discharge: 0.5
  VRBF:
    cost: 281.028
    lifetime: 17.1157
    annual_cost: 16.41931092505711
    efficiency: 0.784887
    discharge_ratio: 0.5
    depth_of_discharge: 1.0
