cost_values:
  wind_capex: 5000.0
  wind_opex: 100
  wind_lifetime: 20
  solar_capex: 1000.0
  solar_opex: 10
  solar_lifetime: 20
  carbon_price: 1.0
timeseries_values:
  load_level: 267544.7417611346
  wind_year: 2011
  solar_year: 2013
  price_year: 2023
  carbon_year: 2023
storage_values:
  CAES:
    cost: 29.6624
    lifetime: 26.3746
    annual_cost: 1.1246578147156734
    efficiency: 0.585054
    discharge_ratio: 0.1
    depth_of_discharge: 0.4
  Li-ion:
    cost: 266.493
    lifetime: 26.3608
    annual_cost: 10.109442809019452
    efficiency: 0.881372
    discharge_ratio: 2
    depth_of_discharge: 0.9
  Pb-acid:
    cost: 134.296
    lifetime: 7.34858
    annual_cost: 18.27509532453889
    efficiency: 0.725525
    discharge_ratio: 5
    depth_of_discharge: 0.5
  VRBF:
    cost: 235.362
    lifetime: 17.7724
    annual_cost: 13.243118543359365
    efficiency: 0.77644
    discharge_ratio: 0.5
    depth_of_discharge: 1.0
