cost_values:
  wind_capex: 5000.0
  wind_opex: 100
  wind_lifetime: 20
  solar_capex: 1000.0
  solar_opex: 10
  solar_lifetime: 20
  carbon_price: 1.0
timeseries_values:
  load_level: 226834.9427425628
  wind_year: 2015
  solar_year: 2011
  price_year: 2023
  carbon_year: 2023
storage_values:
  CAES:
    cost: 52.5026
    lifetime: 24.4333
    annual_cost: 2.148813299881719
    efficiency: 0.595716
    discharge_ratio: 0.1
    depth_of_discharge: 0.4
  Li-ion:
    cost: 185.274
    lifetime: 14.6245
    annual_cost: 12.66874081165168
    efficiency: 0.887608
    discharge_ratio: 2
    depth_of_discharge: 0.9
  Pb-acid:
    cost: 134.529
    lifetime: 11.652
    annual_cost: 11.54557157569516
    efficiency: 0.711908
    discharge_ratio: 5
    depth_of_discharge: 0.5
  VRBF:
    cost: 351.113
    lifetime: 18.064
    annual_cost: 19.43716784765279
    efficiency: 0.817546
    discharge_ratio: 0.5
    depth_of_discharge: 1.0
