cost_values:
  wind_capex: 5000.0
  wind_opex: 100
  wind_lifetime: 20
  solar_capex: 1000.0
  solar_opex: 10
  solar_lifetime: 20
  carbon_price: 1.0
timeseries_values:
  load_level: 226834.9427425628
  wind_year: 2015
  solar_year: 2011
  price_year: 2023
  carbon_year: 2023
storage_values:
  CAES:
    cost: 59.1264
    lifetime: 24.6225
    annual_cost: 2.4013158696314347
    efficiency: 0.583481
    discharge_ratio: 0.1
    depth_of_discharge: 0.4
  Li-ion:
    cost: 169.412
    lifetime: 12.9165
    annual_cost: 13.115936979831998
    efficiency: 0.906643
    discharge_ratio: 2
    depth_of_discharge: 0.9
  Pb-acid:
    cost: 124.275
    lifetime: 13.1649
    annual_cost: 9.43987421097008
    efficiency: 0.70927
    discharge_ratio: 5
    depth_of_discharge: 0.5
  VRBF:
    cost: 325.306
    lifetime: 15.5706
    annual_cost: 20.892322710749745
    efficiency: 0.819983
    discharge_ratio: 0.5
    depth_of_discharge: 1.0
