cost_values:
  wind_capex: 5000.0
  wind_opex: 100
  wind_lifetime: 20
  solar_capex: 1000.0
  solar_opex: 10
  solar_lifetime: 20
  carbon_price: 1.0
timeseries_values:
  load_level: 226834.9427425628
  wind_year: 2015
  solar_year: 2011
  price_year: 2023
  carbon_year: 2023
storage_values:
  CAES:
    cost: 52.6762
    lifetime: 24.6637
    annual_cost: 2.1357784922781256
    efficiency: 0.59208
    discharge_ratio: 0.1
    depth_of_discharge: 0.4
  Li-ion:
    cost: 158.911
    lifetime: 12.3056
    annual_cost: 12.913714081393836
    efficiency: 0.908162
    discharge_ratio: 2
    depth_of_discharge: 0.9
  Pb-acid:
    cost: 104.674
    lifetime: 11.7773
    annual_cost: 8.887775636181468
    efficiency: 0.721887
    discharge_ratio: 5
    depth_of_discharge: 0.5
  VRBF:
    cost: 297.38
    lifetime: 18.7617
    annual_cost: 15.850376032022684
    efficiency: 0.824833
    discharge_ratio: 0.5
    depth_of_discharge: 1.0
