cost_values:
  wind_capex: 5000.0
  wind_opex: 100
  wind_lifetime: 20
  solar_capex: 1000.0
  solar_opex: 10
  solar_lifetime: 20
  carbon_price: 1.0
timeseries_values:
  load_level: 226834.9427425628
  wind_year: 2015
  solar_year: 2011
  price_year: 2023
  carbon_year: 2023
storage_values:
  CAES:
    cost: 53.6874
    lifetime: 23.9809
    annual_cost: 2.2387566771889293
    efficiency: 0.598614
    discharge_ratio: 0.1
    depth_of_discharge: 0.4
  Li-ion:
    cost: 183.881
    lifetime: 15.2041
    annual_cost: 12.094171966772121
    efficiency: 0.910873
    discharge_ratio: 2
    depth_of_discharge: 0.9
  Pb-acid:
    cost: 124.391
    lifetime: 11.7768
    annual_cost: 10.562376876570886
    efficiency: 0.689267
    discharge_ratio: 5
    depth_of_discharge: 0.5
  VRBF:
    cost: 356.235
    lifetime: 17.3527
    annual_cost: 20.529081929613263
    efficiency: 0.828435
    discharge_ratio: 0.5
    depth_of_discharge: 1.0
