cost_values:
  wind_capex: 5000.0
  wind_opex: 100
  wind_lifetime: 20
  solar_capex: 1000.0
  solar_opex: 10
  solar_lifetime: 20
  carbon_price: 1.0
timeseries_values:
  load_level: 226834.9427425628
  wind_year: 2015
  solar_year: 2011
  price_year: 2023
  carbon_year: 2023
storage_values:
  CAES:
    cost: 49.8209
    lifetime: 23.8573
    annual_cost: 2.088287442418044
    efficiency: 0.592159
    discharge_ratio: 0.1
    depth_of_discharge: 0.4
  Li-ion:
    cost: 166.259
    lifetime: 11.9546
    annual_cost: 13.907533501748281
    efficiency: 0.905068
    discharge_ratio: 2
    depth_of_discharge: 0.9
  Pb-acid:
    cost: 127.355
    lifetime: 14.0792
    annual_cost: 9.045613387124268
    efficiency: 0.708128
    discharge_ratio: 5
    depth_of_discharge: 0.5
  VRBF:
    cost: 352.916
    lifetime: 18.6608
    annual_cost: 18.912158106833576
    efficiency: 0.819617
    discharge_ratio: 0.5
    depth_of_discharge: 1.0
