cost_values:
  wind_capex: 5000.0
  wind_opex: 100
  wind_lifetime: 20
  solar_capex: 1000.0
  solar_opex: 10
  solar_lifetime: 20
  carbon_price: 1.0
timeseries_values:
  load_level: 226834.9427425628
  wind_year: 2015
  solar_year: 2011
  price_year: 2023
  carbon_year: 2023
storage_values:
  CAES:
    cost: 63.1172
    lifetime: 23.3486
    annual_cost: 2.7032541565661323
    efficiency: 0.600245
    discharge_ratio: 0.1
    depth_of_discharge: 0.4
  Li-ion:
    cost: 179.114
    lifetime: 11.7196
    annual_cost: 15.28328611898017
    efficiency: 0.897407
    discharge_ratio: 2
    depth_of_discharge: 0.9
  Pb-acid:
    cost: 121.826
    lifetime: 11.5393
    annual_cost: 10.557486156005996
    efficiency: 0.683333
    discharge_ratio: 5
    depth_of_discharge: 0.5
  VRBF:
    cost: 343.928
    lifetime: 16.224
    annual_cost: 21.19871794871795
    efficiency: 0.833016
    discharge_ratio: 0.5
    depth_of_discharge: 1.0
