cost_values:
  wind_capex: 5000.0
  wind_opex: 100
  wind_lifetime: 20
  solar_capex: 1000.0
  solar_opex: 10
  solar_lifetime: 20
  carbon_price: 1.0
timeseries_values:
  load_level: 226834.9427425628
  wind_year: 2015
  solar_year: 2011
  price_year: 2023
  carbon_year: 2023
storage_values:
  CAES:
    cost: 52.2743
    lifetime: 23.9576
    annual_cost: 2.18195061274919
    efficiency: 0.600553
    discharge_ratio: 0.1
    depth_of_discharge: 0.4
  Li-ion:
    cost: 183.946
    lifetime: 13.0515
    annual_cost: 14.093858943416464
    efficiency: 0.904223
    discharge_ratio: 2
    depth_of_discharge: 0.9
  Pb-acid:
    cost: 112.793
    lifetime: 11.0702
    annual_cost: 10.188885476323826
    efficiency: 0.699793
    discharge_ratio: 5
    depth_of_discharge: 0.5
  VRBF:
    cost: 313.924
    lifetime: 18.3249
    annual_cost: 17.13100753619392
    efficiency: 0.825919
    discharge_ratio: 0.5
    depth_of_discharge: 1.0
