cost_values:
  wind_capex: 5000.0
  wind_opex: 100
  wind_lifetime: 20
  solar_capex: 1000.0
  solar_opex: 10
  solar_lifetime: 20
  carbon_price: 1.0
timeseries_values:
  load_level: 226834.9427425628
  wind_year: 2015
  solar_year: 2011
  price_year: 2023
  carbon_year: 2023
storage_values:
  CAES:
    cost: 49.4526
    lifetime: 24.0855
    annual_cost: 2.053210437815283
    efficiency: 0.597577
    discharge_ratio: 0.1
    depth_of_discharge: 0.4
  Li-ion:
    cost: 187.917
    lifetime: 12.6685
    annual_cost: 14.833405691281525
    efficiency: 0.896735
    discharge_ratio: 2
    depth_of_discharge: 0.9
  Pb-acid:
    cost: 114.627
    lifetime: 12.8221
    annual_cost: 8.939799252852495
    efficiency: 0.699357
    discharge_ratio: 5
    depth_of_discharge: 0.5
  VRBF:
    cost: 305.673
    lifetime: 15.8436
    annual_cost: 19.293153071271682
    efficiency: 0.814041
    discharge_ratio: 0.5
    depth_of_discharge: 1.0
