cost_values:
  wind_capex: 5000.0
  wind_opex: 100
  wind_lifetime: 20
  solar_capex: 1000.0
  solar_opex: 10
  solar_lifetime: 20
  carbon_price: 1.0
timeseries_values:
  load_level: 226834.9427425628
  wind_year: 2015
  solar_year: 2011
  price_year: 2023
  carbon_year: 2023
storage_values:
  CAES:
    cost: 57.3774
    lifetime: 23.7141
    annual_cost: 2.419547863929055
    efficiency: 0.611267
    discharge_ratio: 0.1
    depth_of_discharge: 0.4
  Li-ion:
    cost: 165.168
    lifetime: 13.227
    annual_cost: 12.487185302789749
    efficiency: 0.895343
    discharge_ratio: 2
    depth_of_discharge: 0.9
  Pb-acid:
    cost: 127.369
    lifetime: 11.9506
    annual_cost: 10.65795859622111
    efficiency: 0.717427
    discharge_ratio: 5
    depth_of_discharge: 0.5
  VRBF:
    cost: 281.464
    lifetime: 16.926
    annual_cost: 16.62909133876876
    efficiency: 0.820769
    discharge_ratio: 0.5
    depth_of_discharge: 1.0
