cost_values:
  wind_capex: 5000.0
  wind_opex: 100
  wind_lifetime: 20
  solar_capex: 1000.0
  solar_opex: 10
  solar_lifetime: 20
  carbon_price: 1.0
timeseries_values:
  load_level: 226834.9427425628
  wind_year: 2015
  solar_year: 2011
  price_year: 2023
  carbon_year: 2023
storage_values:
  CAES:
    cost: 57.9212
    lifetime: 25.1135
    annual_cost: 2.306377048201167
    efficiency: 0.598409
    discharge_ratio: 0.1
    depth_of_discharge: 0.4
  Li-ion:
    cost: 182.019
    lifetime: 11.189
    annual_cost: 16.267673608007865
    efficiency: 0.907291
    discharge_ratio: 2
    depth_of_discharge: 0.9
  Pb-acid:
    cost: 124.648
    lifetime: 12.734
    annual_cost: 9.788597455630596
    efficiency: 0.700178
    discharge_ratio: 5
    depth_of_discharge: 0.5
  VRBF:
    cost: 351.039
    lifetime: 14.8623
    annual_cost: 23.619426333743768
    efficiency: 0.809542
    discharge_ratio: 0.5
    depth_of_discharge: 1.0
