cost_values:
  wind_capex: 5000.0
  wind_opex: 100
  wind_lifetime: 20
  solar_capex: 1000.0
  solar_opex: 10
  solar_lifetime: 20
  carbon_price: 1.0
timeseries_values:
  load_level: 226834.9427425628
  wind_year: 2015
  solar_year: 2011
  price_year: 2023
  carbon_year: 2023
storage_values:
  CAES:
    cost: 55.1564
    lifetime: 24.511
    annual_cost: 2.2502713067602302
    efficiency: 0.607696
    discharge_ratio: 0.1
    depth_of_discharge: 0.4
  Li-ion:
    cost: 199.063
    lifetime: 14.7704
    annual_cost: 13.477157016736173
    efficiency: 0.899184
    discharge_ratio: 2
    depth_of_discharge: 0.9
  Pb-acid:
    cost: 132.249
    lifetime: 11.346
    annual_cost: 11.656002115282918
    efficiency: 0.690275
    discharge_ratio: 5
    depth_of_discharge: 0.5
  VRBF:
    cost: 328.685
    lifetime: 18.416
    annual_cost: 17.847795395308427
    efficiency: 0.798406
    discharge_ratio: 0.5
    depth_of_discharge: 1.0
