cost_values:
  wind_capex: 5000.0
  wind_opex: 100
  wind_lifetime: 20
  solar_capex: 1000.0
  solar_opex: 10
  solar_lifetime: 20
  carbon_price: 1.0
timeseries_values:
  load_level: 226834.9427425628
  wind_year: 2015
  solar_year: 2011
  price_year: 2023
  carbon_year: 2023
storage_values:
  CAES:
    cost: 51.803
    lifetime: 24.0574
    annual_cost: 2.153308337559337
    efficiency: 0.601508
    discharge_ratio: 0.1
    depth_of_discharge: 0.4
  Li-ion:
    cost: 190.824
    lifetime: 12.2699
    annual_cost: 15.552204989445718
    efficiency: 0.909008
    discharge_ratio: 2
    depth_of_discharge: 0.9
  Pb-acid:
    cost: 108.134
    lifetime: 13.0416
    annual_cost: 8.291467304625199
    efficiency: 0.69736
    discharge_ratio: 5
    depth_of_discharge: 0.5
  VRBF:
    cost: 343.066
    lifetime: 16.2799
    annual_cost: 21.07297956375653
    efficiency: 0.818746
    discharge_ratio: 0.5
    depth_of_discharge: 1.0
