cost_values:
  wind_capex: 5000.0
  wind_opex: 100
  wind_lifetime: 20
  solar_capex: 1000.0
  solar_opex: 10
  solar_lifetime: 20
  carbon_price: 1.0
timeseries_values:
  load_level: 226834.9427425628
  wind_year: 2015
  solar_year: 2011
  price_year: 2023
  carbon_year: 2023
storage_values:
  CAES:
    cost: 59.1452
    lifetime: 24.3112
    annual_cost: 2.432837539899306
    efficiency: 0.589979
    discharge_ratio: 0.1
    depth_of_discharge: 0.4
  Li-ion:
    cost: 176.662
    lifetime: 13.9595
    annual_cost: 12.655324331100685
    efficiency: 0.902385
    discharge_ratio: 2
    depth_of_discharge: 0.9
  Pb-acid:
    cost: 131.29
    lifetime: 11.2346
    annual_cost: 11.686219358054581
    efficiency: 0.701622
    discharge_ratio: 5
    depth_of_discharge: 0.5
  VRBF:
    cost: 323.157
    lifetime: 16.5662
    annual_cost: 19.507008245705112
    efficiency: 0.817676
    discharge_ratio: 0.5
    depth_of_discharge: 1.0
