cost_values:
  wind_capex: 5000.0
  wind_opex: 100
  wind_lifetime: 20
  solar_capex: 1000.0
  solar_opex: 10
  solar_lifetime: 20
  carbon_price: 1.0
timeseries_values:
  load_level: 226834.9427425628
  wind_year: 2015
  solar_year: 2011
  price_year: 2023
  carbon_year: 2023
storage_values:
  CAES:
    cost: 56.0606
    lifetime: 25.0535
    annual_cost: 2.2376354601153534
    efficiency: 0.586636
    discharge_ratio: 0.1
    depth_of_discharge: 0.4
  Li-ion:
    cost: 172.85
    lifetime: 11.7678
    annual_cost: 14.688386954231037
    efficiency: 0.897822
    discharge_ratio: 2
    depth_of_discharge: 0.9
  Pb-acid:
    cost: 111.11
    lifetime: 11.9199
    annual_cost: 9.32138692438695
    efficiency: 0.693967
    discharge_ratio: 5
    depth_of_discharge: 0.5
  VRBF:
    cost: 377.928
    lifetime: 16.9304
    annual_cost: 22.322449558191185
    efficiency: 0.819056
    discharge_ratio: 0.5
    depth_of_discharge: 1.0
