cost_values:
  wind_capex: 5000.0
  wind_opex: 100
  wind_lifetime: 20
  solar_capex: 1000.0
  solar_opex: 10
  solar_lifetime: 20
  carbon_price: 1.0
timeseries_values:
  load_level: 226834.9427425628
  wind_year: 2015
  solar_year: 2011
  price_year: 2023
  carbon_year: 2023
storage_values:
  CAES:
    cost: 58.5925
    lifetime: 22.659
    annual_cost: 2.5858378569221943
    efficiency: 0.606258
    discharge_ratio: 0.1
    depth_of_discharge: 0.4
  Li-ion:
    cost: 199.996
    lifetime: 11.9416
    annual_cost: 16.747839485496083
    efficiency: 0.902982
    discharge_ratio: 2
    depth_of_discharge: 0.9
  Pb-acid:
    cost: 103.833
    lifetime: 12.8305
    annual_cost: 8.09266981021784
    efficiency: 0.705226
    discharge_ratio: 5
    depth_of_discharge: 0.5
  VRBF:
    cost: 309.195
    lifetime: 15.6586
    annual_cost: 19.746018162543265
    efficiency: 0.816546
    discharge_ratio: 0.5
    depth_of_discharge: 1.0
