cost_values:
  wind_capex: 5000.0
  wind_opex: 100
  wind_lifetime: 20
  solar_capex: 1000.0
  solar_opex: 10
  solar_lifetime: 20
  carbon_price: 1.0
timeseries_values:
  load_level: 226834.9427425628
  wind_year: 2015
  solar_year: 2011
  price_year: 2023
  carbon_year: 2023
storage_values:
  CAES:
    cost: 52.1794
    lifetime: 23.6427
    annual_cost: 2.2069983546718435
    efficiency: 0.592999
    discharge_ratio: 0.1
    depth_of_discharge: 0.4
  Li-ion:
    cost: 163.483
    lifetime: 12.1718
    annual_cost: 13.431292002826206
    efficiency: 0.882912
    discharge_ratio: 2
    depth_of_discharge: 0.9
  Pb-acid:
    cost: 104.91
    lifetime: 12.1953
    annual_cost: 8.602494403581709
    efficiency: 0.697154
    discharge_ratio: 5
    depth_of_discharge: 0.5
  VRBF:
    cost: 282.718
    lifetime: 18.433
    annual_cost: 15.337601041610156
    efficiency: 0.806705
    discharge_ratio: 0.5
    depth_of_discharge: 1.0
