cost_values:
  wind_capex: 5000.0
  wind_opex: 100
  wind_lifetime: 20
  solar_capex: 1000.0
  solar_opex: 10
  solar_lifetime: 20
  carbon_price: 1.0
timeseries_values:
  load_level: 226834.9427425628
  wind_year: 2015
  solar_year: 2011
  price_year: 2023
  carbon_year: 2023
storage_values:
  CAES:
    cost: 60.0741
    lifetime: 23.366
    annual_cost: 2.571004878883848
    efficiency: 0.593591
    discharge_ratio: 0.1
    depth_of_discharge: 0.4
  Li-ion:
    cost: 178.069
    lifetime: 11.568
    annual_cost: 15.393239972337483
    efficiency: 0.887346
    discharge_ratio: 2
    depth_of_discharge: 0.9
  Pb-acid:
    cost: 125.882
    lifetime: 11.9493
    annual_cost: 10.53467567137824
    efficiency: 0.694262
    discharge_ratio: 5
    depth_of_discharge: 0.5
  VRBF:
    cost: 332.584
    lifetime: 17.8413
    annual_cost: 18.641242510355188
    efficiency: 0.798487
    discharge_ratio: 0.5
    depth_of_discharge: 1.0
