cost_values:
  wind_capex: 5000.0
  wind_opex: 100
  wind_lifetime: 20
  solar_capex: 1000.0
  solar_opex: 10
  solar_lifetime: 20
  carbon_price: 1.0
timeseries_values:
  load_level: 226834.9427425628
  wind_year: 2015
  solar_year: 2011
  price_year: 2023
  carbon_year: 2023
storage_values:
  CAES:
    cost: 52.293
    lifetime: 23.8883
    annual_cost: 2.1890632652804927
    efficiency: 0.596911
    discharge_ratio: 0.1
    depth_of_discharge: 0.4
  Li-ion:
    cost: 185.727
    lifetime: 13.9756
    annual_cost: 13.289375769197745
    efficiency: 0.895378
    discharge_ratio: 2
    depth_of_discharge: 0.9
  Pb-acid:
    cost: 130.323
    lifetime: 12.5252
    annual_cost: 10.404863794590106
    efficiency: 0.697613
    discharge_ratio: 5
    depth_of_discharge: 0.5
  VRBF:
    cost: 331.817
    lifetime: 15.644
    annual_cost: 21.21049603681923
    efficiency: 0.829299
    discharge_ratio: 0.5
    depth_of_discharge: 1.0
