cost_values:
  wind_capex: 5000.0
  wind_opex: 100
  wind_lifetime: 20
  solar_capex: 1000.0
  solar_opex: 10
  solar_lifetime: 20
  carbon_price: 1.0
timeseries_values:
  load_level: 226834.9427425628
  wind_year: 2015
  solar_year: 2011
  price_year: 2023
  carbon_year: 2023
storage_values:
  CAES:
    cost: 61.3322
    lifetime: 24.1077
    annual_cost: 2.5440917217320607
    efficiency: 0.591639
    discharge_ratio: 0.1
    depth_of_discharge: 0.4
  Li-ion:
    cost: 170.766
    lifetime: 11.6185
    annual_cost: 14.697766493092912
    efficiency: 0.908749
    discharge_ratio: 2
    depth_of_discharge: 0.9
  Pb-acid:
    cost: 127.851
    lifetime: 12.1361
    annual_cost: 10.534768170993976
    efficiency: 0.676992
    discharge_ratio: 5
    depth_of_discharge: 0.5
  VRBF:
    cost: 300.805
    lifetime: 18.0432
    annual_cost: 16.671377582690432
    efficiency: 0.81037
    discharge_ratio: 0.5
    depth_of_discharge: 1.0
