cost_values:
  wind_capex: 5000.0
  wind_opex: 100
  wind_lifetime: 20
  solar_capex: 1000.0
  solar_opex: 10
  solar_lifetime: 20
  carbon_price: 1.0
timeseries_values:
  load_level: 226834.9427425628
  wind_year: 2015
  solar_year: 2011
  price_year: 2023
  carbon_year: 2023
storage_values:
  CAES:
    cost: 59.6281
    lifetime: 24.0237
    annual_cost: 2.4820531391917147
    efficiency: 0.607369
    discharge_ratio: 0.1
    depth_of_discharge: 0.4
  Li-ion:
    cost: 175.093
    lifetime: 11.8423
    annual_cost: 14.785387973619988
    efficiency: 0.901185
    discharge_ratio: 2
    depth_of_discharge: 0.9
  Pb-acid:
    cost: 109.373
    lifetime: 13.6951
    annual_cost: 7.9862870661769545
    efficiency: 0.723779
    discharge_ratio: 5
    depth_of_discharge: 0.5
  VRBF:
    cost: 304.559
    lifetime: 17.328
    annual_cost: 17.576119575253927
    efficiency: 0.846542
    discharge_ratio: 0.5
    depth_of_discharge: 1.0
