cost_values:
  wind_capex: 5000.0
  wind_opex: 100
  wind_lifetime: 20
  solar_capex: 1000.0
  solar_opex: 10
  solar_lifetime: 20
  carbon_price: 1.0
timeseries_values:
  load_level: 226834.9427425628
  wind_year: 2015
  solar_year: 2011
  price_year: 2023
  carbon_year: 2023
storage_values:
  CAES:
    cost: 59.239
    lifetime: 25.4351
    annual_cost: 2.3290256377997336
    efficiency: 0.592543
    discharge_ratio: 0.1
    depth_of_discharge: 0.4
  Li-ion:
    cost: 159.424
    lifetime: 12.1772
    annual_cost: 13.092008014978815
    efficiency: 0.9116
    discharge_ratio: 2
    depth_of_discharge: 0.9
  Pb-acid:
    cost: 121.955
    lifetime: 11.8779
    annual_cost: 10.267387332777679
    efficiency: 0.706138
    discharge_ratio: 5
    depth_of_discharge: 0.5
  VRBF:
    cost: 321.69
    lifetime: 17.5669
    annual_cost: 18.312280482042933
    efficiency: 0.836388
    discharge_ratio: 0.5
    depth_of_discharge: 1.0
