cost_values:
  wind_capex: 5000.0
  wind_opex: 100
  wind_lifetime: 20
  solar_capex: 1000.0
  solar_opex: 10
  solar_lifetime: 20
  carbon_price: 1.0
timeseries_values:
  load_level: 226834.9427425628
  wind_year: 2015
  solar_year: 2011
  price_year: 2023
  carbon_year: 2023
storage_values:
  CAES:
    cost: 52.9688
    lifetime: 24.5681
    annual_cost: 2.1559990394047563
    efficiency: 0.604271
    discharge_ratio: 0.1
    depth_of_discharge: 0.4
  Li-ion:
    cost: 180.479
    lifetime: 11.9647
    annual_cost: 15.084289618628132
    efficiency: 0.915053
    discharge_ratio: 2
    depth_of_discharge: 0.9
  Pb-acid:
    cost: 122.549
    lifetime: 11.9968
    annual_cost: 10.215140704187784
    efficiency: 0.703276
    discharge_ratio: 5
    depth_of_discharge: 0.5
  VRBF:
    cost: 369.765
    lifetime: 15.1286
    annual_cost: 24.44145525693058
    efficiency: 0.807615
    discharge_ratio: 0.5
    depth_of_discharge: 1.0
