cost_values:
  wind_capex: 5000.0
  wind_opex: 100
  wind_lifetime: 20
  solar_capex: 1000.0
  solar_opex: 10
  solar_lifetime: 20
  carbon_price: 1.0
timeseries_values:
  load_level: 226834.9427425628
  wind_year: 2015
  solar_year: 2011
  price_year: 2023
  carbon_year: 2023
storage_values:
  CAES:
    cost: 55.5807
    lifetime: 24.6498
    annual_cost: 2.2548134264781052
    efficiency: 0.607224
    discharge_ratio: 0.1
    depth_of_discharge: 0.4
  Li-ion:
    cost: 184.382
    lifetime: 11.8568
    annual_cost: 15.550738816544094
    efficiency: 0.896197
    discharge_ratio: 2
    depth_of_discharge: 0.9
  Pb-acid:
    cost: 135.289
    lifetime: 11.168
    annual_cost: 12.113986389684813
    efficiency: 0.703607
    discharge_ratio: 5
    depth_of_discharge: 0.5
  VRBF:
    cost: 299.816
    lifetime: 16.8181
    annual_cost: 17.826984023165515
    efficiency: 0.819352
    discharge_ratio: 0.5
    depth_of_discharge: 1.0
