cost_values:
  wind_capex: 5000.0
  wind_opex: 100
  wind_lifetime: 20
  solar_capex: 1000.0
  solar_opex: 10
  solar_lifetime: 20
  carbon_price: 1.0
timeseries_values:
  load_level: 226834.9427425628
  wind_year: 2015
  solar_year: 2011
  price_year: 2023
  carbon_year: 2023
storage_values:
  CAES:
    cost: 61.7186
    lifetime: 23.983
    annual_cost: 2.5734311804194636
    efficiency: 0.60688
    discharge_ratio: 0.1
    depth_of_discharge: 0.4
  Li-ion:
    cost: 180.348
    lifetime: 11.5611
    annual_cost: 15.5995536756883
    efficiency: 0.906513
    discharge_ratio: 2
    depth_of_discharge: 0.9
  Pb-acid:
    cost: 121.968
    lifetime: 12.2977
    annual_cost: 9.917952137391545
    efficiency: 0.696259
    discharge_ratio: 5
    depth_of_discharge: 0.5
  VRBF:
    cost: 309.037
    lifetime: 15.2833
    annual_cost: 20.220567547584615
    efficiency: 0.826872
    discharge_ratio: 0.5
    depth_of_discharge: 1.0
