cost_values:
  wind_capex: 5000.0
  wind_opex: 100
  wind_lifetime: 20
  solar_capex: 1000.0
  solar_opex: 10
  solar_lifetime: 20
  carbon_price: 1.0
timeseries_values:
  load_level: 226834.9427425628
  wind_year: 2015
  solar_year: 2011
  price_year: 2023
  carbon_year: 2023
storage_values:
  CAES:
    cost: 59.6233
    lifetime: 25.0056
    annual_cost: 2.3843978948715487
    efficiency: 0.595718
    discharge_ratio: 0.1
    depth_of_discharge: 0.4
  Li-ion:
    cost: 180.571
    lifetime: 11.6307
    annual_cost: 15.525376804491563
    efficiency: 0.890397
    discharge_ratio: 2
    depth_of_discharge: 0.9
  Pb-acid:
    cost: 110.781
    lifetime: 9.94873
    annual_cost: 11.135190119743928
    efficiency: 0.710626
    discharge_ratio: 5
    depth_of_discharge: 0.5
  VRBF:
    cost: 345.698
    lifetime: 20.5461
    annual_cost: 16.82548026146081
    efficiency: 0.821476
    discharge_ratio: 0.5
    depth_of_discharge: 1.0
