cost_values:
  wind_capex: 5000.0
  wind_opex: 100
  wind_lifetime: 20
  solar_capex: 1000.0
  solar_opex: 10
  solar_lifetime: 20
  carbon_price: 1.0
timeseries_values:
  load_level: 226834.9427425628
  wind_year: 2015
  solar_year: 2011
  price_year: 2023
  carbon_year: 2023
storage_values:
  CAES:
    cost: 50.8451
    lifetime: 24.5841
    annual_cost: 2.0682107541052956
    efficiency: 0.591072
    discharge_ratio: 0.1
    depth_of_discharge: 0.4
  Li-ion:
    cost: 149.691
    lifetime: 13.2004
    annual_cost: 11.3398836398897
    efficiency: 0.903113
    discharge_ratio: 2
    depth_of_discharge: 0.9
  Pb-acid:
    cost: 132.107
    lifetime: 13.149
    annual_cost: 10.046923720435014
    efficiency: 0.691419
    discharge_ratio: 5
    depth_of_discharge: 0.5
  VRBF:
    cost: 308.85
    lifetime: 18.1635
    annual_cost: 17.003881410521103
    efficiency: 0.824438
    discharge_ratio: 0.5
    depth_of_discharge: 1.0
