cost_values:
  wind_capex: 5000.0
  wind_opex: 100
  wind_lifetime: 20
  solar_capex: 1000.0
  solar_opex: 10
  solar_lifetime: 20
  carbon_price: 1.0
timeseries_values:
  load_level: 226834.9427425628
  wind_year: 2015
  solar_year: 2011
  price_year: 2023
  carbon_year: 2023
storage_values:
  CAES:
    cost: 56.1839
    lifetime: 24.973
    annual_cost: 2.2497857686301206
    efficiency: 0.593838
    discharge_ratio: 0.1
    depth_of_discharge: 0.4
  Li-ion:
    cost: 179.199
    lifetime: 13.0793
    annual_cost: 13.700962589741042
    efficiency: 0.89973
    discharge_ratio: 2
    depth_of_discharge: 0.9
  Pb-acid:
    cost: 114.494
    lifetime: 12.9246
    annual_cost: 8.858610711356638
    efficiency: 0.705281
    discharge_ratio: 5
    depth_of_discharge: 0.5
  VRBF:
    cost: 336.863
    lifetime: 17.3239
    annual_cost: 19.4449864060633
    efficiency: 0.824656
    discharge_ratio: 0.5
    depth_of_discharge: 1.0
