cost_values:
  wind_capex: 5000.0
  wind_opex: 100
  wind_lifetime: 20
  solar_capex: 1000.0
  solar_opex: 10
  solar_lifetime: 20
  carbon_price: 1.0
timeseries_values:
  load_level: 226834.9427425628
  wind_year: 2015
  solar_year: 2011
  price_year: 2023
  carbon_year: 2023
storage_values:
  CAES:
    cost: 50.3956
    lifetime: 25.4409
    annual_cost: 1.9808890408751263
    efficiency: 0.594523
    discharge_ratio: 0.1
    depth_of_discharge: 0.4
  Li-ion:
    cost: 171.182
    lifetime: 13.0241
    annual_cost: 13.14348016369653
    efficiency: 0.901164
    discharge_ratio: 2
    depth_of_discharge: 0.9
  Pb-acid:
    cost: 126.581
    lifetime: 11.5738
    annual_cost: 10.936857384782872
    efficiency: 0.703426
    discharge_ratio: 5
    depth_of_discharge: 0.5
  VRBF:
    cost: 314.689
    lifetime: 16.1788
    annual_cost: 19.450700917249737
    efficiency: 0.846119
    discharge_ratio: 0.5
    depth_of_discharge: 1.0
