cost_values:
  wind_capex: 5000.0
  wind_opex: 100
  wind_lifetime: 20
  solar_capex: 1000.0
  solar_opex: 10
  solar_lifetime: 20
  carbon_price: 1.0
timeseries_values:
  load_level: 226834.9427425628
  wind_year: 2015
  solar_year: 2011
  price_year: 2023
  carbon_year: 2023
storage_values:
  CAES:
    cost: 53.6999
    lifetime: 23.8422
    annual_cost: 2.2523047369789704
    efficiency: 0.602884
    discharge_ratio: 0.1
    depth_of_discharge: 0.4
  Li-ion:
    cost: 165.208
    lifetime: 12.7349
    annual_cost: 12.972854125277781
    efficiency: 0.905304
    discharge_ratio: 2
    depth_of_discharge: 0.9
  Pb-acid:
    cost: 125.683
    lifetime: 10.0681
    annual_cost: 12.48328880324987
    efficiency: 0.702483
    discharge_ratio: 5
    depth_of_discharge: 0.5
  VRBF:
    cost: 366.473
    lifetime: 14.991
    annual_cost: 24.446201053965716
    efficiency: 0.815803
    discharge_ratio: 0.5
    depth_of_discharge: 1.0
