cost_values:
  wind_capex: 5000.0
  wind_opex: 100
  wind_lifetime: 20
  solar_capex: 1000.0
  solar_opex: 10
  solar_lifetime: 20
  carbon_price: 1.0
timeseries_values:
  load_level: 226834.9427425628
  wind_year: 2015
  solar_year: 2011
  price_year: 2023
  carbon_year: 2023
storage_values:
  CAES:
    cost: 46.7143
    lifetime: 24.0532
    annual_cost: 1.942124124856568
    efficiency: 0.602531
    discharge_ratio: 0.1
    depth_of_discharge: 0.4
  Li-ion:
    cost: 167.623
    lifetime: 12.1396
    annual_cost: 13.807950838577877
    efficiency: 0.90168
    discharge_ratio: 2
    depth_of_discharge: 0.9
  Pb-acid:
    cost: 121.933
    lifetime: 10.6611
    annual_cost: 11.43718753224339
    efficiency: 0.682197
    discharge_ratio: 5
    depth_of_discharge: 0.5
  VRBF:
    cost: 332.862
    lifetime: 18.3422
    annual_cost: 18.147332381066615
    efficiency: 0.80954
    discharge_ratio: 0.5
    depth_of_discharge: 1.0
