cost_values:
  wind_capex: 5000.0
  wind_opex: 100
  wind_lifetime: 20
  solar_capex: 1000.0
  solar_opex: 10
  solar_lifetime: 20
  carbon_price: 1.0
timeseries_values:
  load_level: 226834.9427425628
  wind_year: 2015
  solar_year: 2011
  price_year: 2023
  carbon_year: 2023
storage_values:
  CAES:
    cost: 51.9437
    lifetime: 25.0773
    annual_cost: 2.0713434061880664
    efficiency: 0.594469
    discharge_ratio: 0.1
    depth_of_discharge: 0.4
  Li-ion:
    cost: 194.374
    lifetime: 15.3115
    annual_cost: 12.694641282696011
    efficiency: 0.896874
    discharge_ratio: 2
    depth_of_discharge: 0.9
  Pb-acid:
    cost: 121.448
    lifetime: 11.197
    annual_cost: 10.846476734839689
    efficiency: 0.706109
    discharge_ratio: 5
    depth_of_discharge: 0.5
  VRBF:
    cost: 330.436
    lifetime: 15.5489
    annual_cost: 21.251406851931648
    efficiency: 0.826319
    discharge_ratio: 0.5
    depth_of_discharge: 1.0
