cost_values:
  wind_capex: 5000.0
  wind_opex: 100
  wind_lifetime: 20
  solar_capex: 1000.0
  solar_opex: 10
  solar_lifetime: 20
  carbon_price: 1.0
timeseries_values:
  load_level: 226834.9427425628
  wind_year: 2015
  solar_year: 2011
  price_year: 2023
  carbon_year: 2023
storage_values:
  CAES:
    cost: 57.9241
    lifetime: 24.7649
    annual_cost: 2.3389595758513058
    efficiency: 0.586269
    discharge_ratio: 0.1
    depth_of_discharge: 0.4
  Li-ion:
    cost: 186.393
    lifetime: 15.8009
    annual_cost: 11.796353372276263
    efficiency: 0.899509
    discharge_ratio: 2
    depth_of_discharge: 0.9
  Pb-acid:
    cost: 163.367
    lifetime: 12.5617
    annual_cost: 13.005166498165057
    efficiency: 0.713119
    discharge_ratio: 5
    depth_of_discharge: 0.5
  VRBF:
    cost: 298.076
    lifetime: 16.5426
    annual_cost: 18.018691136822508
    efficiency: 0.840483
    discharge_ratio: 0.5
    depth_of_discharge: 1.0
