cost_values:
  wind_capex: 5000.0
  wind_opex: 100
  wind_lifetime: 20
  solar_capex: 1000.0
  solar_opex: 10
  solar_lifetime: 20
  carbon_price: 1.0
timeseries_values:
  load_level: 226834.9427425628
  wind_year: 2015
  solar_year: 2011
  price_year: 2023
  carbon_year: 2023
storage_values:
  CAES:
    cost: 53.5065
    lifetime: 24.3701
    annual_cost: 2.195579829381086
    efficiency: 0.598891
    discharge_ratio: 0.1
    depth_of_discharge: 0.4
  Li-ion:
    cost: 182.829
    lifetime: 11.4175
    annual_cost: 16.013050142325376
    efficiency: 0.903254
    discharge_ratio: 2
    depth_of_discharge: 0.9
  Pb-acid:
    cost: 138.811
    lifetime: 12.5404
    annual_cost: 11.069104653759052
    efficiency: 0.697827
    discharge_ratio: 5
    depth_of_discharge: 0.5
  VRBF:
    cost: 315.397
    lifetime: 17.1035
    annual_cost: 18.4404946356009
    efficiency: 0.808055
    discharge_ratio: 0.5
    depth_of_discharge: 1.0
