cost_values:
  wind_capex: 5000.0
  wind_opex: 100
  wind_lifetime: 20
  solar_capex: 1000.0
  solar_opex: 10
  solar_lifetime: 20
  carbon_price: 1.0
timeseries_values:
  load_level: 226834.9427425628
  wind_year: 2015
  solar_year: 2011
  price_year: 2023
  carbon_year: 2023
storage_values:
  CAES:
    cost: 57.1517
    lifetime: 23.8182
    annual_cost: 2.399497023284715
    efficiency: 0.602405
    discharge_ratio: 0.1
    depth_of_discharge: 0.4
  Li-ion:
    cost: 180.181
    lifetime: 12.7947
    annual_cost: 14.082471648416924
    efficiency: 0.899212
    discharge_ratio: 2
    depth_of_discharge: 0.9
  Pb-acid:
    cost: 115.841
    lifetime: 12.5041
    annual_cost: 9.26424132884414
    efficiency: 0.692113
    discharge_ratio: 5
    depth_of_discharge: 0.5
  VRBF:
    cost: 356.706
    lifetime: 16.4612
    annual_cost: 21.669501615921074
    efficiency: 0.81042
    discharge_ratio: 0.5
    depth_of_discharge: 1.0
