cost_values:
  wind_capex: 5000.0
  wind_opex: 100
  wind_lifetime: 20
  solar_capex: 1000.0
  solar_opex: 10
  solar_lifetime: 20
  carbon_price: 1.0
timeseries_values:
  load_level: 226834.9427425628
  wind_year: 2015
  solar_year: 2011
  price_year: 2023
  carbon_year: 2023
storage_values:
  CAES:
    cost: 58.1038
    lifetime: 23.6901
    annual_cost: 2.4526616603560134
    efficiency: 0.593612
    discharge_ratio: 0.1
    depth_of_discharge: 0.4
  Li-ion:
    cost: 180.184
    lifetime: 11.7167
    annual_cost: 15.378391526624391
    efficiency: 0.882219
    discharge_ratio: 2
    depth_of_discharge: 0.9
  Pb-acid:
    cost: 119.8
    lifetime: 11.2783
    annual_cost: 10.62216823457436
    efficiency: 0.709758
    discharge_ratio: 5
    depth_of_discharge: 0.5
  VRBF:
    cost: 278.355
    lifetime: 17.8036
    annual_cost: 15.634759262171697
    efficiency: 0.817898
    discharge_ratio: 0.5
    depth_of_discharge: 1.0
