cost_values:
  wind_capex: 5000.0
  wind_opex: 100
  wind_lifetime: 20
  solar_capex: 1000.0
  solar_opex: 10
  solar_lifetime: 20
  carbon_price: 1.0
timeseries_values:
  load_level: 226834.9427425628
  wind_year: 2015
  solar_year: 2011
  price_year: 2023
  carbon_year: 2023
storage_values:
  CAES:
    cost: 56.3411
    lifetime: 25.3769
    annual_cost: 2.2201726767256837
    efficiency: 0.60016
    discharge_ratio: 0.1
    depth_of_discharge: 0.4
  Li-ion:
    cost: 206.721
    lifetime: 11.5794
    annual_cost: 17.85247940307788
    efficiency: 0.902904
    discharge_ratio: 2
    depth_of_discharge: 0.9
  Pb-acid:
    cost: 118.174
    lifetime: 12.4685
    annual_cost: 9.477804066246943
    efficiency: 0.701825
    discharge_ratio: 5
    depth_of_discharge: 0.5
  VRBF:
    cost: 287.249
    lifetime: 17.4894
    annual_cost: 16.42417693002619
    efficiency: 0.807813
    discharge_ratio: 0.5
    depth_of_discharge: 1.0
