cost_values:
  wind_capex: 5000.0
  wind_opex: 100
  wind_lifetime: 20
  solar_capex: 1000.0
  solar_opex: 10
  solar_lifetime: 20
  carbon_price: 1.0
timeseries_values:
  load_level: 226834.9427425628
  wind_year: 2015
  solar_year: 2011
  price_year: 2023
  carbon_year: 2023
storage_values:
  CAES:
    cost: 51.5603
    lifetime: 24.8896
    annual_cost: 2.0715600089997426
    efficiency: 0.590112
    discharge_ratio: 0.1
    depth_of_discharge: 0.4
  Li-ion:
    cost: 197.057
    lifetime: 13.8344
    annual_cost: 14.24398600589834
    efficiency: 0.888748
    discharge_ratio: 2
    depth_of_discharge: 0.9
  Pb-acid:
    cost: 124.541
    lifetime: 13.4246
    annual_cost: 9.277073432355527
    efficiency: 0.694788
    discharge_ratio: 5
    depth_of_discharge: 0.5
  VRBF:
    cost: 359.638
    lifetime: 15.8683
    annual_cost: 22.663927452846238
    efficiency: 0.839332
    discharge_ratio: 0.5
    depth_of_discharge: 1.0
