cost_values:
  wind_capex: 5000.0
  wind_opex: 100
  wind_lifetime: 20
  solar_capex: 1000.0
  solar_opex: 10
  solar_lifetime: 20
  carbon_price: 1.0
timeseries_values:
  load_level: 226834.9427425628
  wind_year: 2015
  solar_year: 2011
  price_year: 2023
  carbon_year: 2023
storage_values:
  CAES:
    cost: 52.0506
    lifetime: 24.2699
    annual_cost: 2.1446565498827765
    efficiency: 0.590411
    discharge_ratio: 0.1
    depth_of_discharge: 0.4
  Li-ion:
    cost: 191.393
    lifetime: 13.1165
    annual_cost: 14.59177372012351
    efficiency: 0.910525
    discharge_ratio: 2
    depth_of_discharge: 0.9
  Pb-acid:
    cost: 119.248
    lifetime: 12.3351
    annual_cost: 9.667371971041986
    efficiency: 0.683777
    discharge_ratio: 5
    depth_of_discharge: 0.5
  VRBF:
    cost: 320.512
    lifetime: 14.7853
    annual_cost: 21.677747492441817
    efficiency: 0.805006
    discharge_ratio: 0.5
    depth_of_discharge: 1.0
