cost_values:
  wind_capex: 5000.0
  wind_opex: 100
  wind_lifetime: 20
  solar_capex: 1000.0
  solar_opex: 10
  solar_lifetime: 20
  carbon_price: 1.0
timeseries_values:
  load_level: 226834.9427425628
  wind_year: 2015
  solar_year: 2011
  price_year: 2023
  carbon_year: 2023
storage_values:
  CAES:
    cost: 49.3518
    lifetime: 23.8818
    annual_cost: 2.0665025249353066
    efficiency: 0.59221
    discharge_ratio: 0.1
    depth_of_discharge: 0.4
  Li-ion:
    cost: 192.804
    lifetime: 10.7209
    annual_cost: 17.983937915660064
    efficiency: 0.898754
    discharge_ratio: 2
    depth_of_discharge: 0.9
  Pb-acid:
    cost: 116.915
    lifetime: 12.4072
    annual_cost: 9.423157521439165
    efficiency: 0.701133
    discharge_ratio: 5
    depth_of_discharge: 0.5
  VRBF:
    cost: 303.43
    lifetime: 16.2301
    annual_cost: 18.69551019402222
    efficiency: 0.838396
    discharge_ratio: 0.5
    depth_of_discharge: 1.0
