cost_values:
  wind_capex: 5000.0
  wind_opex: 100
  wind_lifetime: 20
  solar_capex: 1000.0
  solar_opex: 10
  solar_lifetime: 20
  carbon_price: 1.0
timeseries_values:
  load_level: 226834.9427425628
  wind_year: 2015
  solar_year: 2011
  price_year: 2023
  carbon_year: 2023
storage_values:
  CAES:
    cost: 54.9995
    lifetime: 24.0379
    annual_cost: 2.2880326484426674
    efficiency: 0.60725
    discharge_ratio: 0.1
    depth_of_discharge: 0.4
  Li-ion:
    cost: 178.345
    lifetime: 12.5343
    annual_cost: 14.228556840030954
    efficiency: 0.898557
    discharge_ratio: 2
    depth_of_discharge: 0.9
  Pb-acid:
    cost: 96.1702
    lifetime: 11.2066
    annual_cost: 8.581568004568735
    efficiency: 0.704222
    discharge_ratio: 5
    depth_of_discharge: 0.5
  VRBF:
    cost: 313.545
    lifetime: 16.8306
    annual_cost: 18.629460625289653
    efficiency: 0.806042
    discharge_ratio: 0.5
    depth_of_discharge: 1.0
