cost_values:
  wind_capex: 5000.0
  wind_opex: 100
  wind_lifetime: 20
  solar_capex: 1000.0
  solar_opex: 10
  solar_lifetime: 20
  carbon_price: 1.0
timeseries_values:
  load_level: 226834.9427425628
  wind_year: 2015
  solar_year: 2011
  price_year: 2023
  carbon_year: 2023
storage_values:
  CAES:
    cost: 50.1934
    lifetime: 25.1573
    annual_cost: 1.995182312887313
    efficiency: 0.599909
    discharge_ratio: 0.1
    depth_of_discharge: 0.4
  Li-ion:
    cost: 176.84
    lifetime: 13.7251
    annual_cost: 12.8844234286089
    efficiency: 0.904554
    discharge_ratio: 2
    depth_of_discharge: 0.9
  Pb-acid:
    cost: 125.131
    lifetime: 12.8868
    annual_cost: 9.71001334699072
    efficiency: 0.703942
    discharge_ratio: 5
    depth_of_discharge: 0.5
  VRBF:
    cost: 333.406
    lifetime: 15.1813
    annual_cost: 21.961623839855612
    efficiency: 0.798293
    discharge_ratio: 0.5
    depth_of_discharge: 1.0
