cost_values:
  wind_capex: 5000.0
  wind_opex: 100
  wind_lifetime: 20
  solar_capex: 1000.0
  solar_opex: 10
  solar_lifetime: 20
  carbon_price: 1.0
timeseries_values:
  load_level: 226834.9427425628
  wind_year: 2015
  solar_year: 2011
  price_year: 2023
  carbon_year: 2023
storage_values:
  CAES:
    cost: 51.483
    lifetime: 25.1059
    annual_cost: 2.0506335164244263
    efficiency: 0.593946
    discharge_ratio: 0.1
    depth_of_discharge: 0.4
  Li-ion:
    cost: 195.732
    lifetime: 10.2987
    annual_cost: 19.005505549244077
    efficiency: 0.896185
    discharge_ratio: 2
    depth_of_discharge: 0.9
  Pb-acid:
    cost: 117.159
    lifetime: 12.6443
    annual_cost: 9.265756111449429
    efficiency: 0.700692
    discharge_ratio: 5
    depth_of_discharge: 0.5
  VRBF:
    cost: 325.85
    lifetime: 15.606
    annual_cost: 20.879789824426503
    efficiency: 0.827297
    discharge_ratio: 0.5
    depth_of_discharge: 1.0
