cost_values:
  wind_capex: 5000.0
  wind_opex: 100
  wind_lifetime: 20
  solar_capex: 1000.0
  solar_opex: 10
  solar_lifetime: 20
  carbon_price: 1.0
timeseries_values:
  load_level: 226834.9427425628
  wind_year: 2015
  solar_year: 2011
  price_year: 2023
  carbon_year: 2023
storage_values:
  CAES:
    cost: 60.9328
    lifetime: 23.4605
    annual_cost: 2.597250697981714
    efficiency: 0.609946
    discharge_ratio: 0.1
    depth_of_discharge: 0.4
  Li-ion:
    cost: 165.103
    lifetime: 14.7814
    annual_cost: 11.169645635731394
    efficiency: 0.892013
    discharge_ratio: 2
    depth_of_discharge: 0.9
  Pb-acid:
    cost: 132.923
    lifetime: 11.9777
    annual_cost: 11.09753959441295
    efficiency: 0.709923
    discharge_ratio: 5
    depth_of_discharge: 0.5
  VRBF:
    cost: 317.246
    lifetime: 20.2559
    annual_cost: 15.661905913832511
    efficiency: 0.7908
    discharge_ratio: 0.5
    depth_of_discharge: 1.0
