cost_values:
  wind_capex: 5000.0
  wind_opex: 100
  wind_lifetime: 20
  solar_capex: 1000.0
  solar_opex: 10
  solar_lifetime: 20
  carbon_price: 1.0
timeseries_values:
  load_level: 226834.9427425628
  wind_year: 2015
  solar_year: 2011
  price_year: 2023
  carbon_year: 2023
storage_values:
  CAES:
    cost: 53.7104
    lifetime: 26.1997
    annual_cost: 2.050038740901613
    efficiency: 0.593807
    discharge_ratio: 0.1
    depth_of_discharge: 0.4
  Li-ion:
    cost: 171.37
    lifetime: 14.3802
    annual_cost: 11.917080430035744
    efficiency: 0.890869
    discharge_ratio: 2
    depth_of_discharge: 0.9
  Pb-acid:
    cost: 108.921
    lifetime: 11.751
    annual_cost: 9.26908348225683
    efficiency: 0.703798
    discharge_ratio: 5
    depth_of_discharge: 0.5
  VRBF:
    cost: 320.712
    lifetime: 16.456
    annual_cost: 19.48906174039864
    efficiency: 0.797222
    discharge_ratio: 0.5
    depth_of_discharge: 1.0
