cost_values:
  wind_capex: 5000.0
  wind_opex: 100
  wind_lifetime: 20
  solar_capex: 1000.0
  solar_opex: 10
  solar_lifetime: 20
  carbon_price: 1.0
timeseries_values:
  load_level: 226834.9427425628
  wind_year: 2015
  solar_year: 2011
  price_year: 2023
  carbon_year: 2023
storage_values:
  CAES:
    cost: 62.7356
    lifetime: 23.4121
    annual_cost: 2.679622930023364
    efficiency: 0.597072
    discharge_ratio: 0.1
    depth_of_discharge: 0.4
  Li-ion:
    cost: 176.271
    lifetime: 14.5992
    annual_cost: 12.0740177543975
    efficiency: 0.897087
    discharge_ratio: 2
    depth_of_discharge: 0.9
  Pb-acid:
    cost: 122.796
    lifetime: 11.6363
    annual_cost: 10.552838960838068
    efficiency: 0.689843
    discharge_ratio: 5
    depth_of_discharge: 0.5
  VRBF:
    cost: 309.787
    lifetime: 16.3966
    annual_cost: 18.893368137296758
    efficiency: 0.804996
    discharge_ratio: 0.5
    depth_of_discharge: 1.0
