cost_values:
  wind_capex: 5000.0
  wind_opex: 100
  wind_lifetime: 20
  solar_capex: 1000.0
  solar_opex: 10
  solar_lifetime: 20
  carbon_price: 1.0
timeseries_values:
  load_level: 226834.9427425628
  wind_year: 2015
  solar_year: 2011
  price_year: 2023
  carbon_year: 2023
storage_values:
  CAES:
    cost: 61.1149
    lifetime: 23.1734
    annual_cost: 2.6372867166665226
    efficiency: 0.606871
    discharge_ratio: 0.1
    depth_of_discharge: 0.4
  Li-ion:
    cost: 177.449
    lifetime: 13.1612
    annual_cost: 13.48273713643133
    efficiency: 0.904378
    discharge_ratio: 2
    depth_of_discharge: 0.9
  Pb-acid:
    cost: 95.0514
    lifetime: 13.1567
    annual_cost: 7.224562390265036
    efficiency: 0.693643
    discharge_ratio: 5
    depth_of_discharge: 0.5
  VRBF:
    cost: 331.119
    lifetime: 16.3215
    annual_cost: 20.28728977116074
    efficiency: 0.802193
    discharge_ratio: 0.5
    depth_of_discharge: 1.0
