cost_values:
  wind_capex: 5000.0
  wind_opex: 100
  wind_lifetime: 20
  solar_capex: 1000.0
  solar_opex: 10
  solar_lifetime: 20
  carbon_price: 1.0
timeseries_values:
  load_level: 226834.9427425628
  wind_year: 2015
  solar_year: 2011
  price_year: 2023
  carbon_year: 2023
storage_values:
  CAES:
    cost: 54.6978
    lifetime: 24.9504
    annual_cost: 2.1922614467102735
    efficiency: 0.597264
    discharge_ratio: 0.1
    depth_of_discharge: 0.4
  Li-ion:
    cost: 161.962
    lifetime: 13.3812
    annual_cost: 12.10369772516665
    efficiency: 0.896839
    discharge_ratio: 2
    depth_of_discharge: 0.9
  Pb-acid:
    cost: 113.401
    lifetime: 12.7337
    annual_cost: 8.905581252895859
    efficiency: 0.69091
    discharge_ratio: 5
    depth_of_discharge: 0.5
  VRBF:
    cost: 328.358
    lifetime: 16.6591
    annual_cost: 19.71042853455469
    efficiency: 0.824553
    discharge_ratio: 0.5
    depth_of_discharge: 1.0
