cost_values:
  wind_capex: 5000.0
  wind_opex: 100
  wind_lifetime: 20
  solar_capex: 1000.0
  solar_opex: 10
  solar_lifetime: 20
  carbon_price: 1.0
timeseries_values:
  load_level: 226834.9427425628
  wind_year: 2015
  solar_year: 2011
  price_year: 2023
  carbon_year: 2023
storage_values:
  CAES:
    cost: 54.4903
    lifetime: 25.1875
    annual_cost: 2.1633866004962776
    efficiency: 0.594105
    discharge_ratio: 0.1
    depth_of_discharge: 0.4
  Li-ion:
    cost: 187.271
    lifetime: 11.597
    annual_cost: 16.148227989997412
    efficiency: 0.905789
    discharge_ratio: 2
    depth_of_discharge: 0.9
  Pb-acid:
    cost: 102.618
    lifetime: 12.3759
    annual_cost: 8.291760599229146
    efficiency: 0.700312
    discharge_ratio: 5
    depth_of_discharge: 0.5
  VRBF:
    cost: 325.75
    lifetime: 17.5497
    annual_cost: 18.561570853063014
    efficiency: 0.803075
    discharge_ratio: 0.5
    depth_of_discharge: 1.0
