cost_values:
  wind_capex: 5000.0
  wind_opex: 100
  wind_lifetime: 20
  solar_capex: 1000.0
  solar_opex: 10
  solar_lifetime: 20
  carbon_price: 1.0
timeseries_values:
  load_level: 226834.9427425628
  wind_year: 2015
  solar_year: 2011
  price_year: 2023
  carbon_year: 2023
storage_values:
  CAES:
    cost: 49.0181
    lifetime: 24.9666
    annual_cost: 1.9633470316342634
    efficiency: 0.594569
    discharge_ratio: 0.1
    depth_of_discharge: 0.4
  Li-ion:
    cost: 161.821
    lifetime: 12.0415
    annual_cost: 13.438608146825562
    efficiency: 0.916249
    discharge_ratio: 2
    depth_of_discharge: 0.9
  Pb-acid:
    cost: 105.938
    lifetime: 11.3964
    annual_cost: 9.295742515180233
    efficiency: 0.702584
    discharge_ratio: 5
    depth_of_discharge: 0.5
  VRBF:
    cost: 317.766
    lifetime: 16.9806
    annual_cost: 18.713473022154698
    efficiency: 0.801317
    discharge_ratio: 0.5
    depth_of_discharge: 1.0
