cost_values:
  wind_capex: 5000.0
  wind_opex: 100
  wind_lifetime: 20
  solar_capex: 1000.0
  solar_opex: 10
  solar_lifetime: 20
  carbon_price: 1.0
timeseries_values:
  load_level: 226834.9427425628
  wind_year: 2015
  solar_year: 2011
  price_year: 2023
  carbon_year: 2023
storage_values:
  CAES:
    cost: 55.2053
    lifetime: 23.895
    annual_cost: 2.3103285206110065
    efficiency: 0.602545
    discharge_ratio: 0.1
    depth_of_discharge: 0.4
  Li-ion:
    cost: 182.13
    lifetime: 12.932
    annual_cost: 14.083668419424683
    efficiency: 0.884139
    discharge_ratio: 2
    depth_of_discharge: 0.9
  Pb-acid:
    cost: 123.613
    lifetime: 12.06
    annual_cost: 10.24983416252073
    efficiency: 0.706041
    discharge_ratio: 5
    depth_of_discharge: 0.5
  VRBF:
    cost: 335.861
    lifetime: 17.6417
    annual_cost: 19.037904510336304
    efficiency: 0.826218
    discharge_ratio: 0.5
    depth_of_discharge: 1.0
