cost_values:
  wind_capex: 5000.0
  wind_opex: 100
  wind_lifetime: 20
  solar_capex: 1000.0
  solar_opex: 10
  solar_lifetime: 20
  carbon_price: 1.0
timeseries_values:
  load_level: 226834.9427425628
  wind_year: 2015
  solar_year: 2011
  price_year: 2023
  carbon_year: 2023
storage_values:
  CAES:
    cost: 59.6322
    lifetime: 23.3102
    annual_cost: 2.558201988828925
    efficiency: 0.594982
    discharge_ratio: 0.1
    depth_of_discharge: 0.4
  Li-ion:
    cost: 192.143
    lifetime: 12.1985
    annual_cost: 15.751362872484323
    efficiency: 0.903079
    discharge_ratio: 2
    depth_of_discharge: 0.9
  Pb-acid:
    cost: 103.07
    lifetime: 11.1713
    annual_cost: 9.22632101903986
    efficiency: 0.702836
    discharge_ratio: 5
    depth_of_discharge: 0.5
  VRBF:
    cost: 301.017
    lifetime: 15.9321
    annual_cost: 18.89374282109703
    efficiency: 0.807198
    discharge_ratio: 0.5
    depth_of_discharge: 1.0
