cost_values:
  wind_capex: 5000.0
  wind_opex: 100
  wind_lifetime: 20
  solar_capex: 1000.0
  solar_opex: 10
  solar_lifetime: 20
  carbon_price: 1.0
timeseries_values:
  load_level: 226834.9427425628
  wind_year: 2015
  solar_year: 2011
  price_year: 2023
  carbon_year: 2023
storage_values:
  CAES:
    cost: 54.8039
    lifetime: 23.4318
    annual_cost: 2.3388685461637606
    efficiency: 0.600058
    discharge_ratio: 0.1
    depth_of_discharge: 0.4
  Li-ion:
    cost: 172.176
    lifetime: 12.5876
    annual_cost: 13.678223013124025
    efficiency: 0.897723
    discharge_ratio: 2
    depth_of_discharge: 0.9
  Pb-acid:
    cost: 127.406
    lifetime: 13.0083
    annual_cost: 9.79420831315391
    efficiency: 0.701838
    discharge_ratio: 5
    depth_of_discharge: 0.5
  VRBF:
    cost: 346.024
    lifetime: 16.2124
    annual_cost: 21.343169425871558
    efficiency: 0.821404
    discharge_ratio: 0.5
    depth_of_discharge: 1.0
