cost_values:
  wind_capex: 5000.0
  wind_opex: 100
  wind_lifetime: 20
  solar_capex: 1000.0
  solar_opex: 10
  solar_lifetime: 20
  carbon_price: 1.0
timeseries_values:
  load_level: 226834.9427425628
  wind_year: 2015
  solar_year: 2011
  price_year: 2023
  carbon_year: 2023
storage_values:
  CAES:
    cost: 52.885
    lifetime: 24.238
    annual_cost: 2.18190444756168
    efficiency: 0.598016
    discharge_ratio: 0.1
    depth_of_discharge: 0.4
  Li-ion:
    cost: 178.176
    lifetime: 14.4495
    annual_cost: 12.330945707463925
    efficiency: 0.902804
    discharge_ratio: 2
    depth_of_discharge: 0.9
  Pb-acid:
    cost: 121.574
    lifetime: 14.3893
    annual_cost: 8.448916903532485
    efficiency: 0.70015
    discharge_ratio: 5
    depth_of_discharge: 0.5
  VRBF:
    cost: 289.725
    lifetime: 16.3696
    annual_cost: 17.698966376698273
    efficiency: 0.826095
    discharge_ratio: 0.5
    depth_of_discharge: 1.0
