cost_values:
  wind_capex: 5000.0
  wind_opex: 100
  wind_lifetime: 20
  solar_capex: 1000.0
  solar_opex: 10
  solar_lifetime: 20
  carbon_price: 1.0
timeseries_values:
  load_level: 226834.9427425628
  wind_year: 2015
  solar_year: 2011
  price_year: 2023
  carbon_year: 2023
storage_values:
  CAES:
    cost: 54.2509
    lifetime: 25.0321
    annual_cost: 2.167253246831069
    efficiency: 0.615504
    discharge_ratio: 0.1
    depth_of_discharge: 0.4
  Li-ion:
    cost: 175.341
    lifetime: 14.183
    annual_cost: 12.362758231685822
    efficiency: 0.900622
    discharge_ratio: 2
    depth_of_discharge: 0.9
  Pb-acid:
    cost: 113.485
    lifetime: 14.1539
    annual_cost: 8.017931453521644
    efficiency: 0.695135
    discharge_ratio: 5
    depth_of_discharge: 0.5
  VRBF:
    cost: 359.139
    lifetime: 18.3113
    annual_cost: 19.612971225418185
    efficiency: 0.810713
    discharge_ratio: 0.5
    depth_of_discharge: 1.0
