cost_values:
  wind_capex: 5000.0
  wind_opex: 100
  wind_lifetime: 20
  solar_capex: 1000.0
  solar_opex: 10
  solar_lifetime: 20
  carbon_price: 1.0
timeseries_values:
  load_level: 226834.9427425628
  wind_year: 2015
  solar_year: 2011
  price_year: 2023
  carbon_year: 2023
storage_values:
  CAES:
    cost: 45.1784
    lifetime: 23.8526
    annual_cost: 1.8940660556920421
    efficiency: 0.585119
    discharge_ratio: 0.1
    depth_of_discharge: 0.4
  Li-ion:
    cost: 174.992
    lifetime: 13.4466
    annual_cost: 13.013847366620558
    efficiency: 0.904981
    discharge_ratio: 2
    depth_of_discharge: 0.9
  Pb-acid:
    cost: 141.731
    lifetime: 14.0096
    annual_cost: 10.116705687528551
    efficiency: 0.689814
    discharge_ratio: 5
    depth_of_discharge: 0.5
  VRBF:
    cost: 287.764
    lifetime: 18.5375
    annual_cost: 15.52334457181389
    efficiency: 0.820761
    discharge_ratio: 0.5
    depth_of_discharge: 1.0
