cost_values:
  wind_capex: 5000.0
  wind_opex: 100
  wind_lifetime: 20
  solar_capex: 1000.0
  solar_opex: 10
  solar_lifetime: 20
  carbon_price: 1.0
timeseries_values:
  load_level: 226834.9427425628
  wind_year: 2015
  solar_year: 2011
  price_year: 2023
  carbon_year: 2023
storage_values:
  CAES:
    cost: 52.8937
    lifetime: 23.5234
    annual_cost: 2.2485567562512223
    efficiency: 0.601801
    discharge_ratio: 0.1
    depth_of_discharge: 0.4
  Li-ion:
    cost: 186.32
    lifetime: 10.8609
    annual_cost: 17.155116058521852
    efficiency: 0.902879
    discharge_ratio: 2
    depth_of_discharge: 0.9
  Pb-acid:
    cost: 106.88
    lifetime: 10.9547
    annual_cost: 9.75654285375227
    efficiency: 0.705514
    discharge_ratio: 5
    depth_of_discharge: 0.5
  VRBF:
    cost: 329.173
    lifetime: 14.7066
    annual_cost: 22.38267172561979
    efficiency: 0.810654
    discharge_ratio: 0.5
    depth_of_discharge: 1.0
