cost_values:
  wind_capex: 5000.0
  wind_opex: 100
  wind_lifetime: 20
  solar_capex: 1000.0
  solar_opex: 10
  solar_lifetime: 20
  carbon_price: 1.0
timeseries_values:
  load_level: 226834.9427425628
  wind_year: 2015
  solar_year: 2011
  price_year: 2023
  carbon_year: 2023
storage_values:
  CAES:
    cost: 55.1481
    lifetime: 24.205
    annual_cost: 2.2783763685189014
    efficiency: 0.596947
    discharge_ratio: 0.1
    depth_of_discharge: 0.4
  Li-ion:
    cost: 205.99
    lifetime: 12.5189
    annual_cost: 16.45432106654738
    efficiency: 0.899707
    discharge_ratio: 2
    depth_of_discharge: 0.9
  Pb-acid:
    cost: 130.381
    lifetime: 13.0254
    annual_cost: 10.009750180416725
    efficiency: 0.698657
    discharge_ratio: 5
    depth_of_discharge: 0.5
  VRBF:
    cost: 319.361
    lifetime: 17.6778
    annual_cost: 18.065652965866793
    efficiency: 0.799643
    discharge_ratio: 0.5
    depth_of_discharge: 1.0
