cost_values:
  wind_capex: 5000.0
  wind_opex: 100
  wind_lifetime: 20
  solar_capex: 1000.0
  solar_opex: 10
  solar_lifetime: 20
  carbon_price: 1.0
timeseries_values:
  load_level: 226834.9427425628
  wind_year: 2015
  solar_year: 2011
  price_year: 2023
  carbon_year: 2023
storage_values:
  CAES:
    cost: 61.4818
    lifetime: 24.6533
    annual_cost: 2.493856806188218
    efficiency: 0.607603
    discharge_ratio: 0.1
    depth_of_discharge: 0.4
  Li-ion:
    cost: 194.25
    lifetime: 11.368
    annual_cost: 17.08743842364532
    efficiency: 0.903741
    discharge_ratio: 2
    depth_of_discharge: 0.9
  Pb-acid:
    cost: 117.25
    lifetime: 11.2034
    annual_cost: 10.465572951068426
    efficiency: 0.70528
    discharge_ratio: 5
    depth_of_discharge: 0.5
  VRBF:
    cost: 332.074
    lifetime: 17.8607
    annual_cost: 18.592440385875133
    efficiency: 0.836829
    discharge_ratio: 0.5
    depth_of_discharge: 1.0
