cost_values:
  wind_capex: 5000.0
  wind_opex: 100
  wind_lifetime: 20
  solar_capex: 1000.0
  solar_opex: 10
  solar_lifetime: 20
  carbon_price: 1.0
timeseries_values:
  load_level: 226834.9427425628
  wind_year: 2015
  solar_year: 2011
  price_year: 2023
  carbon_year: 2023
storage_values:
  CAES:
    cost: 50.7491
    lifetime: 24.5816
    annual_cost: 2.064515735346763
    efficiency: 0.600789
    discharge_ratio: 0.1
    depth_of_discharge: 0.4
  Li-ion:
    cost: 189.684
    lifetime: 13.3506
    annual_cost: 14.207900768504786
    efficiency: 0.898086
    discharge_ratio: 2
    depth_of_discharge: 0.9
  Pb-acid:
    cost: 129.945
    lifetime: 12.4257
    annual_cost: 10.457760930973706
    efficiency: 0.690269
    discharge_ratio: 5
    depth_of_discharge: 0.5
  VRBF:
    cost: 316.807
    lifetime: 15.9985
    annual_cost: 19.802293965059224
    efficiency: 0.817208
    discharge_ratio: 0.5
    depth_of_discharge: 1.0
