cost_values:
  wind_capex: 5000.0
  wind_opex: 100
  wind_lifetime: 20
  solar_capex: 1000.0
  solar_opex: 10
  solar_lifetime: 20
  carbon_price: 1.0
timeseries_values:
  load_level: 226834.9427425628
  wind_year: 2015
  solar_year: 2011
  price_year: 2023
  carbon_year: 2023
storage_values:
  CAES:
    cost: 65.3471
    lifetime: 24.6541
    annual_cost: 2.6505571081483406
    efficiency: 0.594418
    discharge_ratio: 0.1
    depth_of_discharge: 0.4
  Li-ion:
    cost: 184.269
    lifetime: 11.9241
    annual_cost: 15.453493345409719
    efficiency: 0.894805
    discharge_ratio: 2
    depth_of_discharge: 0.9
  Pb-acid:
    cost: 113.684
    lifetime: 12.3784
    annual_cost: 9.184062560589414
    efficiency: 0.716051
    discharge_ratio: 5
    depth_of_discharge: 0.5
  VRBF:
    cost: 321.925
    lifetime: 18.3996
    annual_cost: 17.496304267484078
    efficiency: 0.81722
    discharge_ratio: 0.5
    depth_of_discharge: 1.0
