cost_values:
  wind_capex: 5000.0
  wind_opex: 100
  wind_lifetime: 20
  solar_capex: 1000.0
  solar_opex: 10
  solar_lifetime: 20
  carbon_price: 1.0
timeseries_values:
  load_level: 226834.9427425628
  wind_year: 2015
  solar_year: 2011
  price_year: 2023
  carbon_year: 2023
storage_values:
  CAES:
    cost: 56.2055
    lifetime: 24.1942
    annual_cost: 2.32309809789123
    efficiency: 0.593308
    discharge_ratio: 0.1
    depth_of_discharge: 0.4
  Li-ion:
    cost: 195.216
    lifetime: 10.9495
    annual_cost: 17.828759304077813
    efficiency: 0.888765
    discharge_ratio: 2
    depth_of_discharge: 0.9
  Pb-acid:
    cost: 137.699
    lifetime: 13.0283
    annual_cost: 10.56922238511548
    efficiency: 0.69579
    discharge_ratio: 5
    depth_of_discharge: 0.5
  VRBF:
    cost: 317.861
    lifetime: 17.9015
    annual_cost: 17.756109823199175
    efficiency: 0.826849
    discharge_ratio: 0.5
    depth_of_discharge: 1.0
