cost_values:
  wind_capex: 5000.0
  wind_opex: 100
  wind_lifetime: 20
  solar_capex: 1000.0
  solar_opex: 10
  solar_lifetime: 20
  carbon_price: 1.0
timeseries_values:
  load_level: 226834.9427425628
  wind_year: 2015
  solar_year: 2011
  price_year: 2023
  carbon_year: 2023
storage_values:
  CAES:
    cost: 45.8008
    lifetime: 24.9719
    annual_cost: 1.8340935211177363
    efficiency: 0.594938
    discharge_ratio: 0.1
    depth_of_discharge: 0.4
  Li-ion:
    cost: 167.609
    lifetime: 12.8029
    annual_cost: 13.091487084957317
    efficiency: 0.907276
    discharge_ratio: 2
    depth_of_discharge: 0.9
  Pb-acid:
    cost: 119.518
    lifetime: 11.5356
    annual_cost: 10.360796144110406
    efficiency: 0.695975
    discharge_ratio: 5
    depth_of_discharge: 0.5
  VRBF:
    cost: 333.883
    lifetime: 18.4358
    annual_cost: 18.110578331290206
    efficiency: 0.806419
    discharge_ratio: 0.5
    depth_of_discharge: 1.0
