cost_values:
  wind_capex: 5000.0
  wind_opex: 100
  wind_lifetime: 20
  solar_capex: 1000.0
  solar_opex: 10
  solar_lifetime: 20
  carbon_price: 1.0
timeseries_values:
  load_level: 226834.9427425628
  wind_year: 2015
  solar_year: 2011
  price_year: 2023
  carbon_year: 2023
storage_values:
  CAES:
    cost: 50.6609
    lifetime: 23.5678
    annual_cost: 2.149581208258726
    efficiency: 0.602303
    discharge_ratio: 0.1
    depth_of_discharge: 0.4
  Li-ion:
    cost: 189.819
    lifetime: 10.3305
    annual_cost: 18.374618847103235
    efficiency: 0.902946
    discharge_ratio: 2
    depth_of_discharge: 0.9
  Pb-acid:
    cost: 136.766
    lifetime: 11.2628
    annual_cost: 12.143161558404659
    efficiency: 0.699875
    discharge_ratio: 5
    depth_of_discharge: 0.5
  VRBF:
    cost: 321.21
    lifetime: 17.72
    annual_cost: 18.126975169300227
    efficiency: 0.822069
    discharge_ratio: 0.5
    depth_of_discharge: 1.0
