cost_values:
  wind_capex: 5000.0
  wind_opex: 100
  wind_lifetime: 20
  solar_capex: 1000.0
  solar_opex: 10
  solar_lifetime: 20
  carbon_price: 1.0
timeseries_values:
  load_level: 226834.9427425628
  wind_year: 2015
  solar_year: 2011
  price_year: 2023
  carbon_year: 2023
storage_values:
  CAES:
    cost: 60.5928
    lifetime: 23.7485
    annual_cost: 2.5514369328589175
    efficiency: 0.598767
    discharge_ratio: 0.1
    depth_of_discharge: 0.4
  Li-ion:
    cost: 193.652
    lifetime: 12.7593
    annual_cost: 15.177321639901875
    efficiency: 0.892527
    discharge_ratio: 2
    depth_of_discharge: 0.9
  Pb-acid:
    cost: 113.453
    lifetime: 11.1917
    annual_cost: 10.13724456516883
    efficiency: 0.699459
    discharge_ratio: 5
    depth_of_discharge: 0.5
  VRBF:
    cost: 336.884
    lifetime: 16.6612
    annual_cost: 20.219672052433197
    efficiency: 0.818312
    discharge_ratio: 0.5
    depth_of_discharge: 1.0
