cost_values:
  wind_capex: 5000.0
  wind_opex: 100
  wind_lifetime: 20
  solar_capex: 1000.0
  solar_opex: 10
  solar_lifetime: 20
  carbon_price: 1.0
timeseries_values:
  load_level: 226834.9427425628
  wind_year: 2015
  solar_year: 2011
  price_year: 2023
  carbon_year: 2023
storage_values:
  CAES:
    cost: 57.4805
    lifetime: 24.3919
    annual_cost: 2.356540490900668
    efficiency: 0.596786
    discharge_ratio: 0.1
    depth_of_discharge: 0.4
  Li-ion:
    cost: 167.932
    lifetime: 13.7308
    annual_cost: 12.23031432982783
    efficiency: 0.888015
    discharge_ratio: 2
    depth_of_discharge: 0.9
  Pb-acid:
    cost: 130.567
    lifetime: 12.5923
    annual_cost: 10.368796804396338
    efficiency: 0.696956
    discharge_ratio: 5
    depth_of_discharge: 0.5
  VRBF:
    cost: 341.355
    lifetime: 17.6285
    annual_cost: 19.363814278015717
    efficiency: 0.818365
    discharge_ratio: 0.5
    depth_of_discharge: 1.0
