cost_values:
  wind_capex: 5000.0
  wind_opex: 100
  wind_lifetime: 20
  solar_capex: 1000.0
  solar_opex: 10
  solar_lifetime: 20
  carbon_price: 1.0
timeseries_values:
  load_level: 226834.9427425628
  wind_year: 2015
  solar_year: 2011
  price_year: 2023
  carbon_year: 2023
storage_values:
  CAES:
    cost: 51.9706
    lifetime: 24.276
    annual_cost: 2.140822211237436
    efficiency: 0.601005
    discharge_ratio: 0.1
    depth_of_discharge: 0.4
  Li-ion:
    cost: 185.132
    lifetime: 11.3204
    annual_cost: 16.35383908695806
    efficiency: 0.90075
    discharge_ratio: 2
    depth_of_discharge: 0.9
  Pb-acid:
    cost: 118.148
    lifetime: 12.2983
    annual_cost: 9.606856232162169
    efficiency: 0.706192
    discharge_ratio: 5
    depth_of_discharge: 0.5
  VRBF:
    cost: 326.513
    lifetime: 17.5098
    annual_cost: 18.647443146123884
    efficiency: 0.815136
    discharge_ratio: 0.5
    depth_of_discharge: 1.0
