cost_values:
  wind_capex: 5000.0
  wind_opex: 100
  wind_lifetime: 20
  solar_capex: 1000.0
  solar_opex: 10
  solar_lifetime: 20
  carbon_price: 1.0
timeseries_values:
  load_level: 226834.9427425628
  wind_year: 2015
  solar_year: 2011
  price_year: 2023
  carbon_year: 2023
storage_values:
  CAES:
    cost: 62.1571
    lifetime: 24.1512
    annual_cost: 2.5736650766835605
    efficiency: 0.590275
    discharge_ratio: 0.1
    depth_of_discharge: 0.4
  Li-ion:
    cost: 178.396
    lifetime: 11.7703
    annual_cost: 15.156453106547835
    efficiency: 0.90104
    discharge_ratio: 2
    depth_of_discharge: 0.9
  Pb-acid:
    cost: 103.001
    lifetime: 11.6518
    annual_cost: 8.839921728831598
    efficiency: 0.709421
    discharge_ratio: 5
    depth_of_discharge: 0.5
  VRBF:
    cost: 306.554
    lifetime: 15.9028
    annual_cost: 19.27673114168574
    efficiency: 0.818777
    discharge_ratio: 0.5
    depth_of_discharge: 1.0
