cost_values:
  wind_capex: 5000.0
  wind_opex: 100
  wind_lifetime: 20
  solar_capex: 1000.0
  solar_opex: 10
  solar_lifetime: 20
  carbon_price: 1.0
timeseries_values:
  load_level: 226834.9427425628
  wind_year: 2015
  solar_year: 2011
  price_year: 2023
  carbon_year: 2023
storage_values:
  CAES:
    cost: 65.6872
    lifetime: 23.0424
    annual_cost: 2.8507099954865813
    efficiency: 0.588079
    discharge_ratio: 0.1
    depth_of_discharge: 0.4
  Li-ion:
    cost: 177.499
    lifetime: 12.5109
    annual_cost: 14.187548457744846
    efficiency: 0.904681
    discharge_ratio: 2
    depth_of_discharge: 0.9
  Pb-acid:
    cost: 117.393
    lifetime: 11.0877
    annual_cost: 10.587678238047566
    efficiency: 0.701748
    discharge_ratio: 5
    depth_of_discharge: 0.5
  VRBF:
    cost: 308.792
    lifetime: 19.6881
    annual_cost: 15.684195021358079
    efficiency: 0.802787
    discharge_ratio: 0.5
    depth_of_discharge: 1.0
