cost_values:
  wind_capex: 5000.0
  wind_opex: 100
  wind_lifetime: 20
  solar_capex: 1000.0
  solar_opex: 10
  solar_lifetime: 20
  carbon_price: 1.0
timeseries_values:
  load_level: 226834.9427425628
  wind_year: 2015
  solar_year: 2011
  price_year: 2023
  carbon_year: 2023
storage_values:
  CAES:
    cost: 50.0242
    lifetime: 23.6624
    annual_cost: 2.114079721414565
    efficiency: 0.591255
    discharge_ratio: 0.1
    depth_of_discharge: 0.4
  Li-ion:
    cost: 179.973
    lifetime: 12.6739
    annual_cost: 14.200285626365998
    efficiency: 0.908458
    discharge_ratio: 2
    depth_of_discharge: 0.9
  Pb-acid:
    cost: 115.998
    lifetime: 12.3201
    annual_cost: 9.415345654661895
    efficiency: 0.695635
    discharge_ratio: 5
    depth_of_discharge: 0.5
  VRBF:
    cost: 337.368
    lifetime: 17.4457
    annual_cost: 19.33817502307159
    efficiency: 0.796932
    discharge_ratio: 0.5
    depth_of_discharge: 1.0
