cost_values:
  wind_capex: 5000.0
  wind_opex: 100
  wind_lifetime: 20
  solar_capex: 1000.0
  solar_opex: 10
  solar_lifetime: 20
  carbon_price: 1.0
timeseries_values:
  load_level: 226834.9427425628
  wind_year: 2015
  solar_year: 2011
  price_year: 2023
  carbon_year: 2023
storage_values:
  CAES:
    cost: 54.6242
    lifetime: 24.3134
    annual_cost: 2.246670560267178
    efficiency: 0.586236
    discharge_ratio: 0.1
    depth_of_discharge: 0.4
  Li-ion:
    cost: 165.515
    lifetime: 12.4203
    annual_cost: 13.326167644903908
    efficiency: 0.899895
    discharge_ratio: 2
    depth_of_discharge: 0.9
  Pb-acid:
    cost: 111.799
    lifetime: 10.6224
    annual_cost: 10.524834312396445
    efficiency: 0.702485
    discharge_ratio: 5
    depth_of_discharge: 0.5
  VRBF:
    cost: 329.326
    lifetime: 15.6957
    annual_cost: 20.981924985824143
    efficiency: 0.809497
    discharge_ratio: 0.5
    depth_of_discharge: 1.0
