cost_values:
  wind_capex: 5000.0
  wind_opex: 100
  wind_lifetime: 20
  solar_capex: 1000.0
  solar_opex: 10
  solar_lifetime: 20
  carbon_price: 1.0
timeseries_values:
  load_level: 226834.9427425628
  wind_year: 2015
  solar_year: 2011
  price_year: 2023
  carbon_year: 2023
storage_values:
  CAES:
    cost: 49.236
    lifetime: 23.5
    annual_cost: 2.0951489361702125
    efficiency: 0.5973
    discharge_ratio: 0.1
    depth_of_discharge: 0.4
  Li-ion:
    cost: 176.075
    lifetime: 13.2817
    annual_cost: 13.25696258762056
    efficiency: 0.894665
    discharge_ratio: 2
    depth_of_discharge: 0.9
  Pb-acid:
    cost: 126.43
    lifetime: 13.8345
    annual_cost: 9.138747334562145
    efficiency: 0.680708
    discharge_ratio: 5
    depth_of_discharge: 0.5
  VRBF:
    cost: 370.181
    lifetime: 17.9228
    annual_cost: 20.65419465708483
    efficiency: 0.810193
    discharge_ratio: 0.5
    depth_of_discharge: 1.0
