cost_values:
  wind_capex: 5000.0
  wind_opex: 100
  wind_lifetime: 20
  solar_capex: 1000.0
  solar_opex: 10
  solar_lifetime: 20
  carbon_price: 1.0
timeseries_values:
  load_level: 226834.9427425628
  wind_year: 2015
  solar_year: 2011
  price_year: 2023
  carbon_year: 2023
storage_values:
  CAES:
    cost: 62.7167
    lifetime: 23.8378
    annual_cost: 2.6309768518906944
    efficiency: 0.60283
    discharge_ratio: 0.1
    depth_of_discharge: 0.4
  Li-ion:
    cost: 176.023
    lifetime: 13.0727
    annual_cost: 13.464930733513352
    efficiency: 0.890095
    discharge_ratio: 2
    depth_of_discharge: 0.9
  Pb-acid:
    cost: 121.453
    lifetime: 11.9837
    annual_cost: 10.134849837696203
    efficiency: 0.688709
    discharge_ratio: 5
    depth_of_discharge: 0.5
  VRBF:
    cost: 319.907
    lifetime: 18.1333
    annual_cost: 17.64196257713709
    efficiency: 0.811736
    discharge_ratio: 0.5
    depth_of_discharge: 1.0
