cost_values:
  wind_capex: 5000.0
  wind_opex: 100
  wind_lifetime: 20
  solar_capex: 1000.0
  solar_opex: 10
  solar_lifetime: 20
  carbon_price: 1.0
timeseries_values:
  load_level: 226834.9427425628
  wind_year: 2015
  solar_year: 2011
  price_year: 2023
  carbon_year: 2023
storage_values:
  CAES:
    cost: 52.4899
    lifetime: 23.2183
    annual_cost: 2.2607124552615825
    efficiency: 0.592915
    discharge_ratio: 0.1
    depth_of_discharge: 0.4
  Li-ion:
    cost: 174.161
    lifetime: 13.442
    annual_cost: 12.956479690522244
    efficiency: 0.895329
    discharge_ratio: 2
    depth_of_discharge: 0.9
  Pb-acid:
    cost: 119.824
    lifetime: 13.1523
    annual_cost: 9.11049778365761
    efficiency: 0.710155
    discharge_ratio: 5
    depth_of_discharge: 0.5
  VRBF:
    cost: 332.938
    lifetime: 15.2983
    annual_cost: 21.763071713850557
    efficiency: 0.804135
    discharge_ratio: 0.5
    depth_of_discharge: 1.0
