cost_values:
  wind_capex: 5000.0
  wind_opex: 100
  wind_lifetime: 20
  solar_capex: 1000.0
  solar_opex: 10
  solar_lifetime: 20
  carbon_price: 1.0
timeseries_values:
  load_level: 226834.9427425628
  wind_year: 2015
  solar_year: 2011
  price_year: 2023
  carbon_year: 2023
storage_values:
  CAES:
    cost: 58.1566
    lifetime: 23.5176
    annual_cost: 2.472896894240909
    efficiency: 0.598339
    discharge_ratio: 0.1
    depth_of_discharge: 0.4
  Li-ion:
    cost: 177.214
    lifetime: 10.5604
    annual_cost: 16.780993144199083
    efficiency: 0.890657
    discharge_ratio: 2
    depth_of_discharge: 0.9
  Pb-acid:
    cost: 122.055
    lifetime: 10.4283
    annual_cost: 11.704208739679526
    efficiency: 0.69814
    discharge_ratio: 5
    depth_of_discharge: 0.5
  VRBF:
    cost: 320.742
    lifetime: 16.8834
    annual_cost: 18.997476811542697
    efficiency: 0.814391
    discharge_ratio: 0.5
    depth_of_discharge: 1.0
