cost_values:
  wind_capex: 5000.0
  wind_opex: 100
  wind_lifetime: 20
  solar_capex: 1000.0
  solar_opex: 10
  solar_lifetime: 20
  carbon_price: 1.0
timeseries_values:
  load_level: 226834.9427425628
  wind_year: 2015
  solar_year: 2011
  price_year: 2023
  carbon_year: 2023
storage_values:
  CAES:
    cost: 51.6351
    lifetime: 24.5195
    annual_cost: 2.105878994269867
    efficiency: 0.591175
    discharge_ratio: 0.1
    depth_of_discharge: 0.4
  Li-ion:
    cost: 201.299
    lifetime: 14.5805
    annual_cost: 13.806042316792977
    efficiency: 0.892918
    discharge_ratio: 2
    depth_of_discharge: 0.9
  Pb-acid:
    cost: 110.232
    lifetime: 12.9437
    annual_cost: 8.516266600740128
    efficiency: 0.697365
    discharge_ratio: 5
    depth_of_discharge: 0.5
  VRBF:
    cost: 331.409
    lifetime: 18.6707
    annual_cost: 17.750218256412452
    efficiency: 0.802474
    discharge_ratio: 0.5
    depth_of_discharge: 1.0
