cost_values:
  wind_capex: 5000.0
  wind_opex: 100
  wind_lifetime: 20
  solar_capex: 1000.0
  solar_opex: 10
  solar_lifetime: 20
  carbon_price: 1.0
timeseries_values:
  load_level: 226834.9427425628
  wind_year: 2015
  solar_year: 2011
  price_year: 2023
  carbon_year: 2023
storage_values:
  CAES:
    cost: 59.7216
    lifetime: 23.846
    annual_cost: 2.504470351421622
    efficiency: 0.595008
    discharge_ratio: 0.1
    depth_of_discharge: 0.4
  Li-ion:
    cost: 163.125
    lifetime: 12.946
    annual_cost: 12.600417117256296
    efficiency: 0.901275
    discharge_ratio: 2
    depth_of_discharge: 0.9
  Pb-acid:
    cost: 135.199
    lifetime: 11.3226
    annual_cost: 11.940632010315653
    efficiency: 0.70744
    discharge_ratio: 5
    depth_of_discharge: 0.5
  VRBF:
    cost: 295.94
    lifetime: 17.0855
    annual_cost: 17.32112024816365
    efficiency: 0.818961
    discharge_ratio: 0.5
    depth_of_discharge: 1.0
