cost_values:
  wind_capex: 5000.0
  wind_opex: 100
  wind_lifetime: 20
  solar_capex: 1000.0
  solar_opex: 10
  solar_lifetime: 20
  carbon_price: 1.0
timeseries_values:
  load_level: 226834.9427425628
  wind_year: 2015
  solar_year: 2011
  price_year: 2023
  carbon_year: 2023
storage_values:
  CAES:
    cost: 50.5863
    lifetime: 23.9274
    annual_cost: 2.1141578274279698
    efficiency: 0.591899
    discharge_ratio: 0.1
    depth_of_discharge: 0.4
  Li-ion:
    cost: 176.187
    lifetime: 12.5689
    annual_cost: 14.017694468091879
    efficiency: 0.897153
    discharge_ratio: 2
    depth_of_discharge: 0.9
  Pb-acid:
    cost: 140.519
    lifetime: 11.4601
    annual_cost: 12.261585850036212
    efficiency: 0.711337
    discharge_ratio: 5
    depth_of_discharge: 0.5
  VRBF:
    cost: 319.921
    lifetime: 17.9672
    annual_cost: 17.80583507725188
    efficiency: 0.832569
    discharge_ratio: 0.5
    depth_of_discharge: 1.0
