cost_values:
  wind_capex: 5000.0
  wind_opex: 100
  wind_lifetime: 20
  solar_capex: 1000.0
  solar_opex: 10
  solar_lifetime: 20
  carbon_price: 1.0
timeseries_values:
  load_level: 226834.9427425628
  wind_year: 2015
  solar_year: 2011
  price_year: 2023
  carbon_year: 2023
storage_values:
  CAES:
    cost: 55.4868
    lifetime: 24.1795
    annual_cost: 2.29478690626357
    efficiency: 0.602052
    discharge_ratio: 0.1
    depth_of_discharge: 0.4
  Li-ion:
    cost: 171.396
    lifetime: 11.9459
    annual_cost: 14.347684142676565
    efficiency: 0.901557
    discharge_ratio: 2
    depth_of_discharge: 0.9
  Pb-acid:
    cost: 95.7091
    lifetime: 10.5526
    annual_cost: 9.069717415613214
    efficiency: 0.688389
    discharge_ratio: 5
    depth_of_discharge: 0.5
  VRBF:
    cost: 335.742
    lifetime: 17.4868
    annual_cost: 19.19973923187776
    efficiency: 0.831291
    discharge_ratio: 0.5
    depth_of_discharge: 1.0
