cost_values:
  wind_capex: 5000.0
  wind_opex: 100
  wind_lifetime: 20
  solar_capex: 1000.0
  solar_opex: 10
  solar_lifetime: 20
  carbon_price: 1.0
timeseries_values:
  load_level: 226834.9427425628
  wind_year: 2015
  solar_year: 2011
  price_year: 2023
  carbon_year: 2023
storage_values:
  CAES:
    cost: 59.3292
    lifetime: 23.9099
    annual_cost: 2.481365459495857
    efficiency: 0.602051
    discharge_ratio: 0.1
    depth_of_discharge: 0.4
  Li-ion:
    cost: 189.994
    lifetime: 10.7635
    annual_cost: 17.65169322246481
    efficiency: 0.905079
    discharge_ratio: 2
    depth_of_discharge: 0.9
  Pb-acid:
    cost: 98.8653
    lifetime: 10.8123
    annual_cost: 9.143780694209372
    efficiency: 0.69746
    discharge_ratio: 5
    depth_of_discharge: 0.5
  VRBF:
    cost: 309.875
    lifetime: 18.678
    annual_cost: 16.59037370168112
    efficiency: 0.812781
    discharge_ratio: 0.5
    depth_of_discharge: 1.0
