cost_values:
  wind_capex: 5000.0
  wind_opex: 100
  wind_lifetime: 20
  solar_capex: 1000.0
  solar_opex: 10
  solar_lifetime: 20
  carbon_price: 1.0
timeseries_values:
  load_level: 226834.9427425628
  wind_year: 2015
  solar_year: 2011
  price_year: 2023
  carbon_year: 2023
storage_values:
  CAES:
    cost: 50.3724
    lifetime: 23.8367
    annual_cost: 2.1132287606925453
    efficiency: 0.592073
    discharge_ratio: 0.1
    depth_of_discharge: 0.4
  Li-ion:
    cost: 171.454
    lifetime: 13.384
    annual_cost: 12.810370591751346
    efficiency: 0.888253
    discharge_ratio: 2
    depth_of_discharge: 0.9
  Pb-acid:
    cost: 109.955
    lifetime: 10.3911
    annual_cost: 10.581651605701033
    efficiency: 0.691246
    discharge_ratio: 5
    depth_of_discharge: 0.5
  VRBF:
    cost: 331.183
    lifetime: 16.3999
    annual_cost: 20.19420850127135
    efficiency: 0.804144
    discharge_ratio: 0.5
    depth_of_discharge: 1.0
