cost_values:
  wind_capex: 5000.0
  wind_opex: 100
  wind_lifetime: 20
  solar_capex: 1000.0
  solar_opex: 10
  solar_lifetime: 20
  carbon_price: 1.0
timeseries_values:
  load_level: 226834.9427425628
  wind_year: 2015
  solar_year: 2011
  price_year: 2023
  carbon_year: 2023
storage_values:
  CAES:
    cost: 56.1953
    lifetime: 24.6658
    annual_cost: 2.2782678850878546
    efficiency: 0.590907
    discharge_ratio: 0.1
    depth_of_discharge: 0.4
  Li-ion:
    cost: 179.807
    lifetime: 11.8884
    annual_cost: 15.124575216177112
    efficiency: 0.908622
    discharge_ratio: 2
    depth_of_discharge: 0.9
  Pb-acid:
    cost: 122.476
    lifetime: 13.3438
    annual_cost: 9.178494881518008
    efficiency: 0.714374
    discharge_ratio: 5
    depth_of_discharge: 0.5
  VRBF:
    cost: 349.035
    lifetime: 16.3903
    annual_cost: 21.2952172931551
    efficiency: 0.790235
    discharge_ratio: 0.5
    depth_of_discharge: 1.0
