cost_values:
  wind_capex: 5000.0
  wind_opex: 100
  wind_lifetime: 20
  solar_capex: 1000.0
  solar_opex: 10
  solar_lifetime: 20
  carbon_price: 1.0
timeseries_values:
  load_level: 226834.9427425628
  wind_year: 2015
  solar_year: 2011
  price_year: 2023
  carbon_year: 2023
storage_values:
  CAES:
    cost: 61.5413
    lifetime: 24.6636
    annual_cost: 2.4952277850759823
    efficiency: 0.595839
    discharge_ratio: 0.1
    depth_of_discharge: 0.4
  Li-ion:
    cost: 172.118
    lifetime: 12.9504
    annual_cost: 13.290554731900173
    efficiency: 0.90343
    discharge_ratio: 2
    depth_of_discharge: 0.9
  Pb-acid:
    cost: 117.438
    lifetime: 11.7095
    annual_cost: 10.029292454844358
    efficiency: 0.704925
    discharge_ratio: 5
    depth_of_discharge: 0.5
  VRBF:
    cost: 326.096
    lifetime: 17.1071
    annual_cost: 19.06202687772913
    efficiency: 0.813076
    discharge_ratio: 0.5
    depth_of_discharge: 1.0
