cost_values:
  wind_capex: 5000.0
  wind_opex: 100
  wind_lifetime: 20
  solar_capex: 1000.0
  solar_opex: 10
  solar_lifetime: 20
  carbon_price: 1.0
timeseries_values:
  load_level: 226834.9427425628
  wind_year: 2015
  solar_year: 2011
  price_year: 2023
  carbon_year: 2023
storage_values:
  CAES:
    cost: 55.9726
    lifetime: 25.374
    annual_cost: 2.205903680933239
    efficiency: 0.590165
    discharge_ratio: 0.1
    depth_of_discharge: 0.4
  Li-ion:
    cost: 179.415
    lifetime: 13.3476
    annual_cost: 13.4417423357008
    efficiency: 0.895431
    discharge_ratio: 2
    depth_of_discharge: 0.9
  Pb-acid:
    cost: 119.935
    lifetime: 12.095
    annual_cost: 9.916081025217032
    efficiency: 0.690643
    discharge_ratio: 5
    depth_of_discharge: 0.5
  VRBF:
    cost: 332.353
    lifetime: 18.727
    annual_cost: 17.74726330965985
    efficiency: 0.809894
    discharge_ratio: 0.5
    depth_of_discharge: 1.0
