cost_values:
  wind_capex: 5000.0
  wind_opex: 100
  wind_lifetime: 20
  solar_capex: 1000.0
  solar_opex: 10
  solar_lifetime: 20
  carbon_price: 1.0
timeseries_values:
  load_level: 229400.42958230426
  wind_year: 2010
  solar_year: 2012
  price_year: 2023
  carbon_year: 2023
storage_values:
  CAES:
    cost: 35.8314
    lifetime: 24.6284
    annual_cost: 1.4548813564827598
    efficiency: 0.628406
    discharge_ratio: 0.1
    depth_of_discharge: 0.4
  Li-ion:
    cost: 228.985
    lifetime: 18.2406
    annual_cost: 12.553589245967787
    efficiency: 0.859666
    discharge_ratio: 2
    depth_of_discharge: 0.9
  Pb-acid:
    cost: 160.319
    lifetime: 17.3364
    annual_cost: 9.247536974227636
    efficiency: 0.687516
    discharge_ratio: 5
    depth_of_discharge: 0.5
  VRBF:
    cost: 239.055
    lifetime: 23.3759
    annual_cost: 10.226558121826326
    efficiency: 0.765509
    discharge_ratio: 0.5
    depth_of_discharge: 1.0
