cost_values:
  wind_capex: 5000.0
  wind_opex: 100
  wind_lifetime: 20
  solar_capex: 1000.0
  solar_opex: 10
  solar_lifetime: 20
  carbon_price: 1.0
timeseries_values:
  load_level: 229400.42958230426
  wind_year: 2010
  solar_year: 2012
  price_year: 2023
  carbon_year: 2023
storage_values:
  CAES:
    cost: 46.1905
    lifetime: 24.059
    annual_cost: 1.9198844507253001
    efficiency: 0.620025
    discharge_ratio: 0.1
    depth_of_discharge: 0.4
  Li-ion:
    cost: 242.336
    lifetime: 18.9667
    annual_cost: 12.776919548471797
    efficiency: 0.883137
    discharge_ratio: 2
    depth_of_discharge: 0.9
  Pb-acid:
    cost: 160.518
    lifetime: 17.5175
    annual_cost: 9.163293849008136
    efficiency: 0.696582
    discharge_ratio: 5
    depth_of_discharge: 0.5
  VRBF:
    cost: 251.319
    lifetime: 24.7978
    annual_cost: 10.134729693763157
    efficiency: 0.771632
    discharge_ratio: 0.5
    depth_of_discharge: 1.0
