cost_values:
  wind_capex: 5000.0
  wind_opex: 100
  wind_lifetime: 20
  solar_capex: 1000.0
  solar_opex: 10
  solar_lifetime: 20
  carbon_price: 1.0
timeseries_values:
  load_level: 229400.42958230426
  wind_year: 2010
  solar_year: 2012
  price_year: 2023
  carbon_year: 2023
storage_values:
  CAES:
    cost: 38.6265
    lifetime: 24.8633
    annual_cost: 1.5535548378533823
    efficiency: 0.62594
    discharge_ratio: 0.1
    depth_of_discharge: 0.4
  Li-ion:
    cost: 235.485
    lifetime: 20.552
    annual_cost: 11.458008952899961
    efficiency: 0.883315
    discharge_ratio: 2
    depth_of_discharge: 0.9
  Pb-acid:
    cost: 146.266
    lifetime: 19.024
    annual_cost: 7.688498738435659
    efficiency: 0.695132
    discharge_ratio: 5
    depth_of_discharge: 0.5
  VRBF:
    cost: 214.121
    lifetime: 26.3229
    annual_cost: 8.134400085097006
    efficiency: 0.75718
    discharge_ratio: 0.5
    depth_of_discharge: 1.0
