cost_values:
  wind_capex: 5000.0
  wind_opex: 100
  wind_lifetime: 20
  solar_capex: 1000.0
  solar_opex: 10
  solar_lifetime: 20
  carbon_price: 1.0
timeseries_values:
  load_level: 229400.42958230426
  wind_year: 2010
  solar_year: 2012
  price_year: 2023
  carbon_year: 2023
storage_values:
  CAES:
    cost: 42.457
    lifetime: 24.0366
    annual_cost: 1.7663479859880349
    efficiency: 0.633302
    discharge_ratio: 0.1
    depth_of_discharge: 0.4
  Li-ion:
    cost: 218.394
    lifetime: 18.9983
    annual_cost: 11.495449592858309
    efficiency: 0.879276
    discharge_ratio: 2
    depth_of_discharge: 0.9
  Pb-acid:
    cost: 148.168
    lifetime: 18.0864
    annual_cost: 8.192232837933474
    efficiency: 0.683177
    discharge_ratio: 5
    depth_of_discharge: 0.5
  VRBF:
    cost: 240.408
    lifetime: 25.2674
    annual_cost: 9.514552348084884
    efficiency: 0.773788
    discharge_ratio: 0.5
    depth_of_discharge: 1.0
