cost_values:
  wind_capex: 5000.0
  wind_opex: 100
  wind_lifetime: 20
  solar_capex: 1000.0
  solar_opex: 10
  solar_lifetime: 20
  carbon_price: 1.0
timeseries_values:
  load_level: 229400.42958230426
  wind_year: 2010
  solar_year: 2012
  price_year: 2023
  carbon_year: 2023
storage_values:
  CAES:
    cost: 37.168
    lifetime: 25.0124
    annual_cost: 1.485982952455582
    efficiency: 0.636529
    discharge_ratio: 0.1
    depth_of_discharge: 0.4
  Li-ion:
    cost: 233.895
    lifetime: 21.2535
    annual_cost: 11.005010939374692
    efficiency: 0.884192
    discharge_ratio: 2
    depth_of_discharge: 0.9
  Pb-acid:
    cost: 164.253
    lifetime: 18.6397
    annual_cost: 8.81199804717887
    efficiency: 0.695632
    discharge_ratio: 5
    depth_of_discharge: 0.5
  VRBF:
    cost: 274.109
    lifetime: 26.3923
    annual_cost: 10.385945900887759
    efficiency: 0.758087
    discharge_ratio: 0.5
    depth_of_discharge: 1.0
