cost_values:
  wind_capex: 5000.0
  wind_opex: 100
  wind_lifetime: 20
  solar_capex: 1000.0
  solar_opex: 10
  solar_lifetime: 20
  carbon_price: 1.0
timeseries_values:
  load_level: 229400.42958230426
  wind_year: 2010
  solar_year: 2012
  price_year: 2023
  carbon_year: 2023
storage_values:
  CAES:
    cost: 34.2809
    lifetime: 23.2639
    annual_cost: 1.4735663409832402
    efficiency: 0.63205
    discharge_ratio: 0.1
    depth_of_discharge: 0.4
  Li-ion:
    cost: 230.591
    lifetime: 17.3078
    annual_cost: 13.322952657183466
    efficiency: 0.869578
    discharge_ratio: 2
    depth_of_discharge: 0.9
  Pb-acid:
    cost: 130.454
    lifetime: 18.8411
    annual_cost: 6.923905716757514
    efficiency: 0.702441
    discharge_ratio: 5
    depth_of_discharge: 0.5
  VRBF:
    cost: 222.819
    lifetime: 21.886
    annual_cost: 10.180891894361693
    efficiency: 0.768266
    discharge_ratio: 0.5
    depth_of_discharge: 1.0
