cost_values:
  wind_capex: 5000.0
  wind_opex: 100
  wind_lifetime: 20
  solar_capex: 1000.0
  solar_opex: 10
  solar_lifetime: 20
  carbon_price: 1.0
timeseries_values:
  load_level: 229400.42958230426
  wind_year: 2010
  solar_year: 2012
  price_year: 2023
  carbon_year: 2023
storage_values:
  CAES:
    cost: 41.2405
    lifetime: 24.9995
    annual_cost: 1.649652993059861
    efficiency: 0.632529
    discharge_ratio: 0.1
    depth_of_discharge: 0.4
  Li-ion:
    cost: 218.297
    lifetime: 18.4133
    annual_cost: 11.855398000358436
    efficiency: 0.878579
    discharge_ratio: 2
    depth_of_discharge: 0.9
  Pb-acid:
    cost: 150.671
    lifetime: 19.6045
    annual_cost: 7.685531383100818
    efficiency: 0.681456
    discharge_ratio: 5
    depth_of_discharge: 0.5
  VRBF:
    cost: 221.041
    lifetime: 22.8186
    annual_cost: 9.686878248446442
    efficiency: 0.79917
    discharge_ratio: 0.5
    depth_of_discharge: 1.0
