cost_values:
  wind_capex: 5000.0
  wind_opex: 100
  wind_lifetime: 20
  solar_capex: 1000.0
  solar_opex: 10
  solar_lifetime: 20
  carbon_price: 1.0
timeseries_values:
  load_level: 229400.42958230426
  wind_year: 2010
  solar_year: 2012
  price_year: 2023
  carbon_year: 2023
storage_values:
  CAES:
    cost: 49.3029
    lifetime: 24.5898
    annual_cost: 2.005014274211258
    efficiency: 0.617002
    discharge_ratio: 0.1
    depth_of_discharge: 0.4
  Li-ion:
    cost: 218.879
    lifetime: 21.0334
    annual_cost: 10.406258617246854
    efficiency: 0.883112
    discharge_ratio: 2
    depth_of_discharge: 0.9
  Pb-acid:
    cost: 177.265
    lifetime: 19.63
    annual_cost: 9.030310748853795
    efficiency: 0.673683
    discharge_ratio: 5
    depth_of_discharge: 0.5
  VRBF:
    cost: 277.552
    lifetime: 22.4147
    annual_cost: 12.38258821220003
    efficiency: 0.764519
    discharge_ratio: 0.5
    depth_of_discharge: 1.0
