cost_values:
  wind_capex: 5000.0
  wind_opex: 100
  wind_lifetime: 20
  solar_capex: 1000.0
  solar_opex: 10
  solar_lifetime: 20
  carbon_price: 1.0
timeseries_values:
  load_level: 229400.42958230426
  wind_year: 2010
  solar_year: 2012
  price_year: 2023
  carbon_year: 2023
storage_values:
  CAES:
    cost: 45.3866
    lifetime: 24.4954
    annual_cost: 1.8528621700400891
    efficiency: 0.623111
    discharge_ratio: 0.1
    depth_of_discharge: 0.4
  Li-ion:
    cost: 241.794
    lifetime: 19.8139
    annual_cost: 12.203251252908313
    efficiency: 0.864583
    discharge_ratio: 2
    depth_of_discharge: 0.9
  Pb-acid:
    cost: 167.027
    lifetime: 18.5215
    annual_cost: 9.018006101017736
    efficiency: 0.693751
    discharge_ratio: 5
    depth_of_discharge: 0.5
  VRBF:
    cost: 229.196
    lifetime: 24.2007
    annual_cost: 9.470635146917237
    efficiency: 0.77896
    discharge_ratio: 0.5
    depth_of_discharge: 1.0
