cost_values:
  wind_capex: 5000.0
  wind_opex: 100
  wind_lifetime: 20
  solar_capex: 1000.0
  solar_opex: 10
  solar_lifetime: 20
  carbon_price: 1.0
timeseries_values:
  load_level: 229400.42958230426
  wind_year: 2010
  solar_year: 2012
  price_year: 2023
  carbon_year: 2023
storage_values:
  CAES:
    cost: 41.1023
    lifetime: 24.8358
    annual_cost: 1.6549617890303514
    efficiency: 0.626895
    discharge_ratio: 0.1
    depth_of_discharge: 0.4
  Li-ion:
    cost: 237.266
    lifetime: 20.7553
    annual_cost: 11.431586149079994
    efficiency: 0.882232
    discharge_ratio: 2
    depth_of_discharge: 0.9
  Pb-acid:
    cost: 160.565
    lifetime: 17.9297
    annual_cost: 8.95525301594561
    efficiency: 0.685131
    discharge_ratio: 5
    depth_of_discharge: 0.5
  VRBF:
    cost: 255.877
    lifetime: 26.3297
    annual_cost: 9.718188965312937
    efficiency: 0.765541
    discharge_ratio: 0.5
    depth_of_discharge: 1.0
