cost_values:
  wind_capex: 5000.0
  wind_opex: 100
  wind_lifetime: 20
  solar_capex: 1000.0
  solar_opex: 10
  solar_lifetime: 20
  carbon_price: 1.0
timeseries_values:
  load_level: 229400.42958230426
  wind_year: 2010
  solar_year: 2012
  price_year: 2023
  carbon_year: 2023
storage_values:
  CAES:
    cost: 42.7956
    lifetime: 23.8637
    annual_cost: 1.793334646345705
    efficiency: 0.626838
    discharge_ratio: 0.1
    depth_of_discharge: 0.4
  Li-ion:
    cost: 235.919
    lifetime: 22.0403
    annual_cost: 10.703983158123982
    efficiency: 0.878601
    discharge_ratio: 2
    depth_of_discharge: 0.9
  Pb-acid:
    cost: 158.987
    lifetime: 19.9766
    annual_cost: 7.95866163411191
    efficiency: 0.687132
    discharge_ratio: 5
    depth_of_discharge: 0.5
  VRBF:
    cost: 202.277
    lifetime: 24.3075
    annual_cost: 8.321587987246733
    efficiency: 0.771404
    discharge_ratio: 0.5
    depth_of_discharge: 1.0
