cost_values:
  wind_capex: 5000.0
  wind_opex: 100
  wind_lifetime: 20
  solar_capex: 1000.0
  solar_opex: 10
  solar_lifetime: 20
  carbon_price: 1.0
timeseries_values:
  load_level: 229400.42958230426
  wind_year: 2010
  solar_year: 2012
  price_year: 2023
  carbon_year: 2023
storage_values:
  CAES:
    cost: 38.89
    lifetime: 23.7548
    annual_cost: 1.63714280903228
    efficiency: 0.630563
    discharge_ratio: 0.1
    depth_of_discharge: 0.4
  Li-ion:
    cost: 231.145
    lifetime: 19.1809
    annual_cost: 12.050790108910427
    efficiency: 0.893429
    discharge_ratio: 2
    depth_of_discharge: 0.9
  Pb-acid:
    cost: 128.355
    lifetime: 17.7708
    annual_cost: 7.222803700452427
    efficiency: 0.694846
    discharge_ratio: 5
    depth_of_discharge: 0.5
  VRBF:
    cost: 218.131
    lifetime: 27.6876
    annual_cost: 7.878292087432642
    efficiency: 0.752339
    discharge_ratio: 0.5
    depth_of_discharge: 1.0
