cost_values:
  wind_capex: 5000.0
  wind_opex: 100
  wind_lifetime: 20
  solar_capex: 1000.0
  solar_opex: 10
  solar_lifetime: 20
  carbon_price: 1.0
timeseries_values:
  load_level: 229400.42958230426
  wind_year: 2010
  solar_year: 2012
  price_year: 2023
  carbon_year: 2023
storage_values:
  CAES:
    cost: 43.6662
    lifetime: 24.505
    annual_cost: 1.7819302183227914
    efficiency: 0.623354
    discharge_ratio: 0.1
    depth_of_discharge: 0.4
  Li-ion:
    cost: 235.171
    lifetime: 20.8613
    annual_cost: 11.273075024087664
    efficiency: 0.888805
    discharge_ratio: 2
    depth_of_discharge: 0.9
  Pb-acid:
    cost: 158.113
    lifetime: 16.5948
    annual_cost: 9.52786415021573
    efficiency: 0.696142
    discharge_ratio: 5
    depth_of_discharge: 0.5
  VRBF:
    cost: 252.331
    lifetime: 21.4375
    annual_cost: 11.770542274052477
    efficiency: 0.766812
    discharge_ratio: 0.5
    depth_of_discharge: 1.0
