cost_values:
  wind_capex: 5000.0
  wind_opex: 100
  wind_lifetime: 20
  solar_capex: 1000.0
  solar_opex: 10
  solar_lifetime: 20
  carbon_price: 1.0
timeseries_values:
  load_level: 229400.42958230426
  wind_year: 2010
  solar_year: 2012
  price_year: 2023
  carbon_year: 2023
storage_values:
  CAES:
    cost: 39.3267
    lifetime: 25.0023
    annual_cost: 1.5729232910572226
    efficiency: 0.629147
    discharge_ratio: 0.1
    depth_of_discharge: 0.4
  Li-ion:
    cost: 220.539
    lifetime: 21.3322
    annual_cost: 10.338314847976298
    efficiency: 0.88058
    discharge_ratio: 2
    depth_of_discharge: 0.9
  Pb-acid:
    cost: 159.806
    lifetime: 18.9928
    annual_cost: 8.414030580009268
    efficiency: 0.677146
    discharge_ratio: 5
    depth_of_discharge: 0.5
  VRBF:
    cost: 272.17
    lifetime: 23.1573
    annual_cost: 11.753097295453271
    efficiency: 0.75319
    discharge_ratio: 0.5
    depth_of_discharge: 1.0
