cost_values:
  wind_capex: 5000.0
  wind_opex: 100
  wind_lifetime: 20
  solar_capex: 1000.0
  solar_opex: 10
  solar_lifetime: 20
  carbon_price: 1.0
timeseries_values:
  load_level: 229400.42958230426
  wind_year: 2010
  solar_year: 2012
  price_year: 2023
  carbon_year: 2023
storage_values:
  CAES:
    cost: 41.9869
    lifetime: 24.3869
    annual_cost: 1.7216989449253493
    efficiency: 0.638409
    discharge_ratio: 0.1
    depth_of_discharge: 0.4
  Li-ion:
    cost: 231.664
    lifetime: 20.2981
    annual_cost: 11.413087924485541
    efficiency: 0.879419
    discharge_ratio: 2
    depth_of_discharge: 0.9
  Pb-acid:
    cost: 172.666
    lifetime: 17.8905
    annual_cost: 9.651267432436208
    efficiency: 0.676606
    discharge_ratio: 5
    depth_of_discharge: 0.5
  VRBF:
    cost: 226.34
    lifetime: 23.3157
    annual_cost: 9.707621902838001
    efficiency: 0.74615
    discharge_ratio: 0.5
    depth_of_discharge: 1.0
