cost_values:
  wind_capex: 5000.0
  wind_opex: 100
  wind_lifetime: 20
  solar_capex: 1000.0
  solar_opex: 10
  solar_lifetime: 20
  carbon_price: 1.0
timeseries_values:
  load_level: 229400.42958230426
  wind_year: 2010
  solar_year: 2012
  price_year: 2023
  carbon_year: 2023
storage_values:
  CAES:
    cost: 45.0774
    lifetime: 23.8188
    annual_cost: 1.8925134767494582
    efficiency: 0.618916
    discharge_ratio: 0.1
    depth_of_discharge: 0.4
  Li-ion:
    cost: 230.029
    lifetime: 19.8314
    annual_cost: 11.59923152172817
    efficiency: 0.884892
    discharge_ratio: 2
    depth_of_discharge: 0.9
  Pb-acid:
    cost: 151.274
    lifetime: 19.5295
    annual_cost: 7.745922834685988
    efficiency: 0.678104
    discharge_ratio: 5
    depth_of_discharge: 0.5
  VRBF:
    cost: 202.511
    lifetime: 25.7007
    annual_cost: 7.8795908282653775
    efficiency: 0.767369
    discharge_ratio: 0.5
    depth_of_discharge: 1.0
