cost_values:
  wind_capex: 5000.0
  wind_opex: 100
  wind_lifetime: 20
  solar_capex: 1000.0
  solar_opex: 10
  solar_lifetime: 20
  carbon_price: 1.0
timeseries_values:
  load_level: 229400.42958230426
  wind_year: 2010
  solar_year: 2012
  price_year: 2023
  carbon_year: 2023
storage_values:
  CAES:
    cost: 37.0706
    lifetime: 23.2356
    annual_cost: 1.5954225412728742
    efficiency: 0.621454
    discharge_ratio: 0.1
    depth_of_discharge: 0.4
  Li-ion:
    cost: 244.166
    lifetime: 17.8387
    annual_cost: 13.687432380162232
    efficiency: 0.870564
    discharge_ratio: 2
    depth_of_discharge: 0.9
  Pb-acid:
    cost: 167.224
    lifetime: 19.4589
    annual_cost: 8.59370262450601
    efficiency: 0.68933
    discharge_ratio: 5
    depth_of_discharge: 0.5
  VRBF:
    cost: 229.195
    lifetime: 24.9824
    annual_cost: 9.174258678109389
    efficiency: 0.768337
    discharge_ratio: 0.5
    depth_of_discharge: 1.0
