cost_values:
  wind_capex: 5000.0
  wind_opex: 100
  wind_lifetime: 20
  solar_capex: 1000.0
  solar_opex: 10
  solar_lifetime: 20
  carbon_price: 1.0
timeseries_values:
  load_level: 229400.42958230426
  wind_year: 2010
  solar_year: 2012
  price_year: 2023
  carbon_year: 2023
storage_values:
  CAES:
    cost: 42.728
    lifetime: 24.5243
    annual_cost: 1.7422719506774913
    efficiency: 0.625999
    discharge_ratio: 0.1
    depth_of_discharge: 0.4
  Li-ion:
    cost: 237.817
    lifetime: 18.6864
    annual_cost: 12.726742443702372
    efficiency: 0.875383
    discharge_ratio: 2
    depth_of_discharge: 0.9
  Pb-acid:
    cost: 164.405
    lifetime: 19.5494
    annual_cost: 8.409721014455688
    efficiency: 0.688041
    discharge_ratio: 5
    depth_of_discharge: 0.5
  VRBF:
    cost: 224.251
    lifetime: 25.9997
    annual_cost: 8.625137982361334
    efficiency: 0.785011
    discharge_ratio: 0.5
    depth_of_discharge: 1.0
