cost_values:
  wind_capex: 5000.0
  wind_opex: 100
  wind_lifetime: 20
  solar_capex: 1000.0
  solar_opex: 10
  solar_lifetime: 20
  carbon_price: 1.0
timeseries_values:
  load_level: 229400.42958230426
  wind_year: 2010
  solar_year: 2012
  price_year: 2023
  carbon_year: 2023
storage_values:
  CAES:
    cost: 48.7771
    lifetime: 24.0212
    annual_cost: 2.030585482823506
    efficiency: 0.623869
    discharge_ratio: 0.1
    depth_of_discharge: 0.4
  Li-ion:
    cost: 235.455
    lifetime: 21.3158
    annual_cost: 11.046031582206627
    efficiency: 0.879411
    discharge_ratio: 2
    depth_of_discharge: 0.9
  Pb-acid:
    cost: 149.386
    lifetime: 18.1081
    annual_cost: 8.249678320751487
    efficiency: 0.689919
    discharge_ratio: 5
    depth_of_discharge: 0.5
  VRBF:
    cost: 241.167
    lifetime: 26.117
    annual_cost: 9.23410039437914
    efficiency: 0.761162
    discharge_ratio: 0.5
    depth_of_discharge: 1.0
