cost_values:
  wind_capex: 5000.0
  wind_opex: 100
  wind_lifetime: 20
  solar_capex: 1000.0
  solar_opex: 10
  solar_lifetime: 20
  carbon_price: 1.0
timeseries_values:
  load_level: 229400.42958230426
  wind_year: 2010
  solar_year: 2012
  price_year: 2023
  carbon_year: 2023
storage_values:
  CAES:
    cost: 46.9995
    lifetime: 24.5756
    annual_cost: 1.9124456778267873
    efficiency: 0.634203
    discharge_ratio: 0.1
    depth_of_discharge: 0.4
  Li-ion:
    cost: 241.627
    lifetime: 18.5665
    annual_cost: 13.014138367489833
    efficiency: 0.879073
    discharge_ratio: 2
    depth_of_discharge: 0.9
  Pb-acid:
    cost: 134.257
    lifetime: 18.4731
    annual_cost: 7.267702767808327
    efficiency: 0.691892
    discharge_ratio: 5
    depth_of_discharge: 0.5
  VRBF:
    cost: 252.206
    lifetime: 25.1727
    annual_cost: 10.019028550771273
    efficiency: 0.772347
    discharge_ratio: 0.5
    depth_of_discharge: 1.0
