cost_values:
  wind_capex: 5000.0
  wind_opex: 100
  wind_lifetime: 20
  solar_capex: 1000.0
  solar_opex: 10
  solar_lifetime: 20
  carbon_price: 1.0
timeseries_values:
  load_level: 229400.42958230426
  wind_year: 2010
  solar_year: 2012
  price_year: 2023
  carbon_year: 2023
storage_values:
  CAES:
    cost: 54.5505
    lifetime: 24.4482
    annual_cost: 2.231268559648563
    efficiency: 0.623785
    discharge_ratio: 0.1
    depth_of_discharge: 0.4
  Li-ion:
    cost: 207.951
    lifetime: 20.6975
    annual_cost: 10.047155453557192
    efficiency: 0.883603
    discharge_ratio: 2
    depth_of_discharge: 0.9
  Pb-acid:
    cost: 148.972
    lifetime: 17.5678
    annual_cost: 8.479832420678743
    efficiency: 0.687926
    discharge_ratio: 5
    depth_of_discharge: 0.5
  VRBF:
    cost: 208.37
    lifetime: 25.8666
    annual_cost: 8.055561998871132
    efficiency: 0.772456
    discharge_ratio: 0.5
    depth_of_discharge: 1.0
