cost_values:
  wind_capex: 5000.0
  wind_opex: 100
  wind_lifetime: 20
  solar_capex: 1000.0
  solar_opex: 10
  solar_lifetime: 20
  carbon_price: 1.0
timeseries_values:
  load_level: 229400.42958230426
  wind_year: 2010
  solar_year: 2012
  price_year: 2023
  carbon_year: 2023
storage_values:
  CAES:
    cost: 43.2885
    lifetime: 24.9131
    annual_cost: 1.7375798274803216
    efficiency: 0.624287
    discharge_ratio: 0.1
    depth_of_discharge: 0.4
  Li-ion:
    cost: 213.808
    lifetime: 19.2784
    annual_cost: 11.090546933355464
    efficiency: 0.864514
    discharge_ratio: 2
    depth_of_discharge: 0.9
  Pb-acid:
    cost: 164.115
    lifetime: 18.7383
    annual_cost: 8.758265157458254
    efficiency: 0.68685
    discharge_ratio: 5
    depth_of_discharge: 0.5
  VRBF:
    cost: 243.754
    lifetime: 24.8374
    annual_cost: 9.813990192210134
    efficiency: 0.788066
    discharge_ratio: 0.5
    depth_of_discharge: 1.0
