cost_values:
  wind_capex: 5000.0
  wind_opex: 100
  wind_lifetime: 20
  solar_capex: 1000.0
  solar_opex: 10
  solar_lifetime: 20
  carbon_price: 1.0
timeseries_values:
  load_level: 229400.42958230426
  wind_year: 2010
  solar_year: 2012
  price_year: 2023
  carbon_year: 2023
storage_values:
  CAES:
    cost: 39.3745
    lifetime: 23.0203
    annual_cost: 1.7104251465011315
    efficiency: 0.629125
    discharge_ratio: 0.1
    depth_of_discharge: 0.4
  Li-ion:
    cost: 226.435
    lifetime: 20.3489
    annual_cost: 11.127628520460565
    efficiency: 0.864171
    discharge_ratio: 2
    depth_of_discharge: 0.9
  Pb-acid:
    cost: 160.045
    lifetime: 16.6122
    annual_cost: 9.634184514995003
    efficiency: 0.672633
    discharge_ratio: 5
    depth_of_discharge: 0.5
  VRBF:
    cost: 238.598
    lifetime: 24.5213
    annual_cost: 9.730234530795675
    efficiency: 0.784001
    discharge_ratio: 0.5
    depth_of_discharge: 1.0
