cost_values:
  wind_capex: 5000.0
  wind_opex: 100
  wind_lifetime: 20
  solar_capex: 1000.0
  solar_opex: 10
  solar_lifetime: 20
  carbon_price: 1.0
timeseries_values:
  load_level: 229400.42958230426
  wind_year: 2010
  solar_year: 2012
  price_year: 2023
  carbon_year: 2023
storage_values:
  CAES:
    cost: 41.1257
    lifetime: 24.044
    annual_cost: 1.7104350357677591
    efficiency: 0.620437
    discharge_ratio: 0.1
    depth_of_discharge: 0.4
  Li-ion:
    cost: 220.889
    lifetime: 21.5643
    annual_cost: 10.243272445662507
    efficiency: 0.879221
    discharge_ratio: 2
    depth_of_discharge: 0.9
  Pb-acid:
    cost: 137.696
    lifetime: 19.9287
    annual_cost: 6.9094321255275055
    efficiency: 0.675995
    discharge_ratio: 5
    depth_of_discharge: 0.5
  VRBF:
    cost: 213.38
    lifetime: 24.5004
    annual_cost: 8.709245563337742
    efficiency: 0.768138
    discharge_ratio: 0.5
    depth_of_discharge: 1.0
