cost_values:
  wind_capex: 5000.0
  wind_opex: 100
  wind_lifetime: 20
  solar_capex: 1000.0
  solar_opex: 10
  solar_lifetime: 20
  carbon_price: 1.0
timeseries_values:
  load_level: 229400.42958230426
  wind_year: 2010
  solar_year: 2012
  price_year: 2023
  carbon_year: 2023
storage_values:
  CAES:
    cost: 45.5994
    lifetime: 25.2676
    annual_cost: 1.8046589308046668
    efficiency: 0.627861
    discharge_ratio: 0.1
    depth_of_discharge: 0.4
  Li-ion:
    cost: 251.24
    lifetime: 16.7341
    annual_cost: 15.013654752869888
    efficiency: 0.881684
    discharge_ratio: 2
    depth_of_discharge: 0.9
  Pb-acid:
    cost: 173.207
    lifetime: 18.8073
    annual_cost: 9.209562244447634
    efficiency: 0.679716
    discharge_ratio: 5
    depth_of_discharge: 0.5
  VRBF:
    cost: 235.75
    lifetime: 26.0626
    annual_cost: 9.04552884209557
    efficiency: 0.778583
    discharge_ratio: 0.5
    depth_of_discharge: 1.0
