cost_values:
  wind_capex: 5000.0
  wind_opex: 100
  wind_lifetime: 20
  solar_capex: 1000.0
  solar_opex: 10
  solar_lifetime: 20
  carbon_price: 1.0
timeseries_values:
  load_level: 229400.42958230426
  wind_year: 2010
  solar_year: 2012
  price_year: 2023
  carbon_year: 2023
storage_values:
  CAES:
    cost: 41.4771
    lifetime: 24.943
    annual_cost: 1.6628753558112495
    efficiency: 0.618192
    discharge_ratio: 0.1
    depth_of_discharge: 0.4
  Li-ion:
    cost: 213.231
    lifetime: 20.4655
    annual_cost: 10.41904668832914
    efficiency: 0.875742
    discharge_ratio: 2
    depth_of_discharge: 0.9
  Pb-acid:
    cost: 160.08
    lifetime: 17.5134
    annual_cost: 9.140429613895646
    efficiency: 0.690209
    discharge_ratio: 5
    depth_of_discharge: 0.5
  VRBF:
    cost: 240.416
    lifetime: 27.8231
    annual_cost: 8.640877544198885
    efficiency: 0.760201
    discharge_ratio: 0.5
    depth_of_discharge: 1.0
