cost_values:
  wind_capex: 5000.0
  wind_opex: 100
  wind_lifetime: 20
  solar_capex: 1000.0
  solar_opex: 10
  solar_lifetime: 20
  carbon_price: 1.0
timeseries_values:
  load_level: 229400.42958230426
  wind_year: 2010
  solar_year: 2012
  price_year: 2023
  carbon_year: 2023
storage_values:
  CAES:
    cost: 36.7901
    lifetime: 24.3199
    annual_cost: 1.5127570425865238
    efficiency: 0.624953
    discharge_ratio: 0.1
    depth_of_discharge: 0.4
  Li-ion:
    cost: 207.055
    lifetime: 19.8606
    annual_cost: 10.425415143550547
    efficiency: 0.871064
    discharge_ratio: 2
    depth_of_discharge: 0.9
  Pb-acid:
    cost: 152.357
    lifetime: 17.7169
    annual_cost: 8.599529263020054
    efficiency: 0.690145
    discharge_ratio: 5
    depth_of_discharge: 0.5
  VRBF:
    cost: 213.429
    lifetime: 23.7928
    annual_cost: 8.970318751891329
    efficiency: 0.789083
    discharge_ratio: 0.5
    depth_of_discharge: 1.0
