cost_values:
  wind_capex: 5000.0
  wind_opex: 100
  wind_lifetime: 20
  solar_capex: 1000.0
  solar_opex: 10
  solar_lifetime: 20
  carbon_price: 1.0
timeseries_values:
  load_level: 229400.42958230426
  wind_year: 2010
  solar_year: 2012
  price_year: 2023
  carbon_year: 2023
storage_values:
  CAES:
    cost: 49.4679
    lifetime: 25.3587
    annual_cost: 1.95072696944244
    efficiency: 0.629535
    discharge_ratio: 0.1
    depth_of_discharge: 0.4
  Li-ion:
    cost: 247.586
    lifetime: 19.0032
    annual_cost: 13.028647806685191
    efficiency: 0.870736
    discharge_ratio: 2
    depth_of_discharge: 0.9
  Pb-acid:
    cost: 137.273
    lifetime: 19.2261
    annual_cost: 7.139929574900786
    efficiency: 0.675169
    discharge_ratio: 5
    depth_of_discharge: 0.5
  VRBF:
    cost: 262.197
    lifetime: 24.3402
    annual_cost: 10.772179357605935
    efficiency: 0.764259
    discharge_ratio: 0.5
    depth_of_discharge: 1.0
