cost_values:
  wind_capex: 5000.0
  wind_opex: 100
  wind_lifetime: 20
  solar_capex: 1000.0
  solar_opex: 10
  solar_lifetime: 20
  carbon_price: 1.0
timeseries_values:
  load_level: 229400.42958230426
  wind_year: 2010
  solar_year: 2012
  price_year: 2023
  carbon_year: 2023
storage_values:
  CAES:
    cost: 41.6407
    lifetime: 23.8712
    annual_cost: 1.7443907302523542
    efficiency: 0.628757
    discharge_ratio: 0.1
    depth_of_discharge: 0.4
  Li-ion:
    cost: 227.185
    lifetime: 21.8204
    annual_cost: 10.4115873219556
    efficiency: 0.871228
    discharge_ratio: 2
    depth_of_discharge: 0.9
  Pb-acid:
    cost: 156.535
    lifetime: 18.1926
    annual_cost: 8.604322636676452
    efficiency: 0.688599
    discharge_ratio: 5
    depth_of_discharge: 0.5
  VRBF:
    cost: 228.045
    lifetime: 26.4403
    annual_cost: 8.624902138024153
    efficiency: 0.764471
    discharge_ratio: 0.5
    depth_of_discharge: 1.0
