cost_values:
  wind_capex: 5000.0
  wind_opex: 100
  wind_lifetime: 20
  solar_capex: 1000.0
  solar_opex: 10
  solar_lifetime: 20
  carbon_price: 1.0
timeseries_values:
  load_level: 229400.42958230426
  wind_year: 2010
  solar_year: 2012
  price_year: 2023
  carbon_year: 2023
storage_values:
  CAES:
    cost: 47.1534
    lifetime: 25.1885
    annual_cost: 1.8720209619469201
    efficiency: 0.631094
    discharge_ratio: 0.1
    depth_of_discharge: 0.4
  Li-ion:
    cost: 203.721
    lifetime: 21.2851
    annual_cost: 9.571061446739739
    efficiency: 0.888201
    discharge_ratio: 2
    depth_of_discharge: 0.9
  Pb-acid:
    cost: 157.784
    lifetime: 18.1237
    annual_cost: 8.705948564586702
    efficiency: 0.690158
    discharge_ratio: 5
    depth_of_discharge: 0.5
  VRBF:
    cost: 240.718
    lifetime: 24.9271
    annual_cost: 9.656879460506838
    efficiency: 0.759305
    discharge_ratio: 0.5
    depth_of_discharge: 1.0
