cost_values:
  wind_capex: 5000.0
  wind_opex: 100
  wind_lifetime: 20
  solar_capex: 1000.0
  solar_opex: 10
  solar_lifetime: 20
  carbon_price: 1.0
timeseries_values:
  load_level: 229400.42958230426
  wind_year: 2010
  solar_year: 2012
  price_year: 2023
  carbon_year: 2023
storage_values:
  CAES:
    cost: 36.311
    lifetime: 25.14
    annual_cost: 1.444351630867144
    efficiency: 0.623953
    discharge_ratio: 0.1
    depth_of_discharge: 0.4
  Li-ion:
    cost: 239.621
    lifetime: 19.0942
    annual_cost: 12.549412910726817
    efficiency: 0.885448
    discharge_ratio: 2
    depth_of_discharge: 0.9
  Pb-acid:
    cost: 143.916
    lifetime: 19.7928
    annual_cost: 7.271128895355887
    efficiency: 0.682318
    discharge_ratio: 5
    depth_of_discharge: 0.5
  VRBF:
    cost: 267.818
    lifetime: 25.7349
    annual_cost: 10.406801658448254
    efficiency: 0.760349
    discharge_ratio: 0.5
    depth_of_discharge: 1.0
