cost_values:
  wind_capex: 5000.0
  wind_opex: 100
  wind_lifetime: 20
  solar_capex: 1000.0
  solar_opex: 10
  solar_lifetime: 20
  carbon_price: 1.0
timeseries_values:
  load_level: 229400.42958230426
  wind_year: 2010
  solar_year: 2012
  price_year: 2023
  carbon_year: 2023
storage_values:
  CAES:
    cost: 42.0942
    lifetime: 23.853
    annual_cost: 1.7647339957238082
    efficiency: 0.635503
    discharge_ratio: 0.1
    depth_of_discharge: 0.4
  Li-ion:
    cost: 254.501
    lifetime: 21.8406
    annual_cost: 11.652656062562384
    efficiency: 0.892094
    discharge_ratio: 2
    depth_of_discharge: 0.9
  Pb-acid:
    cost: 163.7
    lifetime: 18.2594
    annual_cost: 8.965245298312102
    efficiency: 0.689106
    discharge_ratio: 5
    depth_of_discharge: 0.5
  VRBF:
    cost: 251.73
    lifetime: 24.4379
    annual_cost: 10.30080326050929
    efficiency: 0.764304
    discharge_ratio: 0.5
    depth_of_discharge: 1.0
