cost_values:
  wind_capex: 5000.0
  wind_opex: 100
  wind_lifetime: 20
  solar_capex: 1000.0
  solar_opex: 10
  solar_lifetime: 20
  carbon_price: 1.0
timeseries_values:
  load_level: 229400.42958230426
  wind_year: 2010
  solar_year: 2012
  price_year: 2023
  carbon_year: 2023
storage_values:
  CAES:
    cost: 41.614
    lifetime: 25.6654
    annual_cost: 1.62140469269912
    efficiency: 0.627712
    discharge_ratio: 0.1
    depth_of_discharge: 0.4
  Li-ion:
    cost: 218.759
    lifetime: 18.9871
    annual_cost: 11.521454039848106
    efficiency: 0.863716
    discharge_ratio: 2
    depth_of_discharge: 0.9
  Pb-acid:
    cost: 159.936
    lifetime: 18.7884
    annual_cost: 8.512486427795874
    efficiency: 0.689719
    discharge_ratio: 5
    depth_of_discharge: 0.5
  VRBF:
    cost: 208.362
    lifetime: 25.4699
    annual_cost: 8.18071527567835
    efficiency: 0.772618
    discharge_ratio: 0.5
    depth_of_discharge: 1.0
