cost_values:
  wind_capex: 5000.0
  wind_opex: 100
  wind_lifetime: 20
  solar_capex: 1000.0
  solar_opex: 10
  solar_lifetime: 20
  carbon_price: 1.0
timeseries_values:
  load_level: 229400.42958230426
  wind_year: 2010
  solar_year: 2012
  price_year: 2023
  carbon_year: 2023
storage_values:
  CAES:
    cost: 35.5726
    lifetime: 24.3378
    annual_cost: 1.4616193739779273
    efficiency: 0.623555
    discharge_ratio: 0.1
    depth_of_discharge: 0.4
  Li-ion:
    cost: 203.942
    lifetime: 17.8923
    annual_cost: 11.398311005292781
    efficiency: 0.898136
    discharge_ratio: 2
    depth_of_discharge: 0.9
  Pb-acid:
    cost: 153.097
    lifetime: 17.0978
    annual_cost: 8.95419293710302
    efficiency: 0.669722
    discharge_ratio: 5
    depth_of_discharge: 0.5
  VRBF:
    cost: 278.9
    lifetime: 23.2991
    annual_cost: 11.970419458262336
    efficiency: 0.75748
    discharge_ratio: 0.5
    depth_of_discharge: 1.0
