cost_values:
  wind_capex: 5000.0
  wind_opex: 100
  wind_lifetime: 20
  solar_capex: 1000.0
  solar_opex: 10
  solar_lifetime: 20
  carbon_price: 1.0
timeseries_values:
  load_level: 229400.42958230426
  wind_year: 2010
  solar_year: 2012
  price_year: 2023
  carbon_year: 2023
storage_values:
  CAES:
    cost: 37.8338
    lifetime: 24.6242
    annual_cost: 1.5364478846013272
    efficiency: 0.612476
    discharge_ratio: 0.1
    depth_of_discharge: 0.4
  Li-ion:
    cost: 237.44
    lifetime: 20.0965
    annual_cost: 11.814992660413505
    efficiency: 0.87841
    discharge_ratio: 2
    depth_of_discharge: 0.9
  Pb-acid:
    cost: 154.692
    lifetime: 17.7205
    annual_cost: 8.729550520583505
    efficiency: 0.688591
    discharge_ratio: 5
    depth_of_discharge: 0.5
  VRBF:
    cost: 236.142
    lifetime: 25.3761
    annual_cost: 9.30568527078629
    efficiency: 0.767298
    discharge_ratio: 0.5
    depth_of_discharge: 1.0
