cost_values:
  wind_capex: 5000.0
  wind_opex: 100
  wind_lifetime: 20
  solar_capex: 1000.0
  solar_opex: 10
  solar_lifetime: 20
  carbon_price: 1.0
timeseries_values:
  load_level: 229400.42958230426
  wind_year: 2010
  solar_year: 2012
  price_year: 2023
  carbon_year: 2023
storage_values:
  CAES:
    cost: 37.9945
    lifetime: 24.303
    annual_cost: 1.5633666625519484
    efficiency: 0.620235
    discharge_ratio: 0.1
    depth_of_discharge: 0.4
  Li-ion:
    cost: 211.094
    lifetime: 20.5294
    annual_cost: 10.282521651874873
    efficiency: 0.893561
    discharge_ratio: 2
    depth_of_discharge: 0.9
  Pb-acid:
    cost: 135.866
    lifetime: 19.1964
    annual_cost: 7.077681231897648
    efficiency: 0.687242
    discharge_ratio: 5
    depth_of_discharge: 0.5
  VRBF:
    cost: 208.713
    lifetime: 25.9321
    annual_cost: 8.048441892480747
    efficiency: 0.767506
    discharge_ratio: 0.5
    depth_of_discharge: 1.0
