cost_values:
  wind_capex: 5000.0
  wind_opex: 100
  wind_lifetime: 20
  solar_capex: 1000.0
  solar_opex: 10
  solar_lifetime: 20
  carbon_price: 1.0
timeseries_values:
  load_level: 229400.42958230426
  wind_year: 2010
  solar_year: 2012
  price_year: 2023
  carbon_year: 2023
storage_values:
  CAES:
    cost: 39.9762
    lifetime: 26.4791
    annual_cost: 1.5097265390440007
    efficiency: 0.631642
    discharge_ratio: 0.1
    depth_of_discharge: 0.4
  Li-ion:
    cost: 220.206
    lifetime: 20.6422
    annual_cost: 10.667758281578514
    efficiency: 0.865813
    discharge_ratio: 2
    depth_of_discharge: 0.9
  Pb-acid:
    cost: 155.617
    lifetime: 18.2761
    annual_cost: 8.514781600013132
    efficiency: 0.691767
    discharge_ratio: 5
    depth_of_discharge: 0.5
  VRBF:
    cost: 251.638
    lifetime: 23.9417
    annual_cost: 10.510448297322245
    efficiency: 0.792726
    discharge_ratio: 0.5
    depth_of_discharge: 1.0
