cost_values:
  wind_capex: 5000.0
  wind_opex: 100
  wind_lifetime: 20
  solar_capex: 1000.0
  solar_opex: 10
  solar_lifetime: 20
  carbon_price: 1.0
timeseries_values:
  load_level: 229400.42958230426
  wind_year: 2010
  solar_year: 2012
  price_year: 2023
  carbon_year: 2023
storage_values:
  CAES:
    cost: 44.5802
    lifetime: 25.4022
    annual_cost: 1.754973978631772
    efficiency: 0.626864
    discharge_ratio: 0.1
    depth_of_discharge: 0.4
  Li-ion:
    cost: 216.071
    lifetime: 22.0565
    annual_cost: 9.796250538390044
    efficiency: 0.884948
    discharge_ratio: 2
    depth_of_discharge: 0.9
  Pb-acid:
    cost: 163.08
    lifetime: 17.9475
    annual_cost: 9.086502298370247
    efficiency: 0.660993
    discharge_ratio: 5
    depth_of_discharge: 0.5
  VRBF:
    cost: 235.969
    lifetime: 25.6498
    annual_cost: 9.19964288220571
    efficiency: 0.765601
    discharge_ratio: 0.5
    depth_of_discharge: 1.0
