cost_values:
  wind_capex: 5000.0
  wind_opex: 100
  wind_lifetime: 20
  solar_capex: 1000.0
  solar_opex: 10
  solar_lifetime: 20
  carbon_price: 1.0
timeseries_values:
  load_level: 229400.42958230426
  wind_year: 2010
  solar_year: 2012
  price_year: 2023
  carbon_year: 2023
storage_values:
  CAES:
    cost: 42.5313
    lifetime: 24.1281
    annual_cost: 1.7627289343131038
    efficiency: 0.620866
    discharge_ratio: 0.1
    depth_of_discharge: 0.4
  Li-ion:
    cost: 221.215
    lifetime: 18.8322
    annual_cost: 11.746636080755302
    efficiency: 0.869362
    discharge_ratio: 2
    depth_of_discharge: 0.9
  Pb-acid:
    cost: 144.344
    lifetime: 19.068
    annual_cost: 7.569960142647367
    efficiency: 0.692556
    discharge_ratio: 5
    depth_of_discharge: 0.5
  VRBF:
    cost: 245.666
    lifetime: 25.3976
    annual_cost: 9.672803729486251
    efficiency: 0.764141
    discharge_ratio: 0.5
    depth_of_discharge: 1.0
