cost_values:
  wind_capex: 5000.0
  wind_opex: 100
  wind_lifetime: 20
  solar_capex: 1000.0
  solar_opex: 10
  solar_lifetime: 20
  carbon_price: 1.0
timeseries_values:
  load_level: 229400.42958230426
  wind_year: 2010
  solar_year: 2012
  price_year: 2023
  carbon_year: 2023
storage_values:
  CAES:
    cost: 36.7548
    lifetime: 24.1615
    annual_cost: 1.5212135008174164
    efficiency: 0.626645
    discharge_ratio: 0.1
    depth_of_discharge: 0.4
  Li-ion:
    cost: 245.031
    lifetime: 18.2727
    annual_cost: 13.409676730860792
    efficiency: 0.871856
    discharge_ratio: 2
    depth_of_discharge: 0.9
  Pb-acid:
    cost: 154.215
    lifetime: 18.075
    annual_cost: 8.53195020746888
    efficiency: 0.680345
    discharge_ratio: 5
    depth_of_discharge: 0.5
  VRBF:
    cost: 246.875
    lifetime: 26.7301
    annual_cost: 9.235842739084402
    efficiency: 0.777073
    discharge_ratio: 0.5
    depth_of_discharge: 1.0
