cost_values:
  wind_capex: 5000.0
  wind_opex: 100
  wind_lifetime: 20
  solar_capex: 1000.0
  solar_opex: 10
  solar_lifetime: 20
  carbon_price: 1.0
timeseries_values:
  load_level: 229400.42958230426
  wind_year: 2010
  solar_year: 2012
  price_year: 2023
  carbon_year: 2023
storage_values:
  CAES:
    cost: 39.0174
    lifetime: 24.5803
    annual_cost: 1.5873443367249382
    efficiency: 0.632432
    discharge_ratio: 0.1
    depth_of_discharge: 0.4
  Li-ion:
    cost: 230.789
    lifetime: 21.1925
    annual_cost: 10.890126223899964
    efficiency: 0.889003
    discharge_ratio: 2
    depth_of_discharge: 0.9
  Pb-acid:
    cost: 158.934
    lifetime: 19.4628
    annual_cost: 8.166039829829211
    efficiency: 0.682335
    discharge_ratio: 5
    depth_of_discharge: 0.5
  VRBF:
    cost: 226.034
    lifetime: 26.2864
    annual_cost: 8.598895246210969
    efficiency: 0.783343
    discharge_ratio: 0.5
    depth_of_discharge: 1.0
