cost_values:
  wind_capex: 5000.0
  wind_opex: 100
  wind_lifetime: 20
  solar_capex: 1000.0
  solar_opex: 10
  solar_lifetime: 20
  carbon_price: 1.0
timeseries_values:
  load_level: 229400.42958230426
  wind_year: 2010
  solar_year: 2012
  price_year: 2023
  carbon_year: 2023
storage_values:
  CAES:
    cost: 39.8201
    lifetime: 25.1853
    annual_cost: 1.5810849979948618
    efficiency: 0.632232
    discharge_ratio: 0.1
    depth_of_discharge: 0.4
  Li-ion:
    cost: 225.787
    lifetime: 19.9876
    annual_cost: 11.296353739318377
    efficiency: 0.874294
    discharge_ratio: 2
    depth_of_discharge: 0.9
  Pb-acid:
    cost: 139.728
    lifetime: 19.1139
    annual_cost: 7.310282046050257
    efficiency: 0.688053
    discharge_ratio: 5
    depth_of_discharge: 0.5
  VRBF:
    cost: 241.426
    lifetime: 24.4018
    annual_cost: 9.893778327828274
    efficiency: 0.780006
    discharge_ratio: 0.5
    depth_of_discharge: 1.0
