cost_values:
  wind_capex: 5000.0
  wind_opex: 100
  wind_lifetime: 20
  solar_capex: 1000.0
  solar_opex: 10
  solar_lifetime: 20
  carbon_price: 1.0
timeseries_values:
  load_level: 229400.42958230426
  wind_year: 2010
  solar_year: 2012
  price_year: 2023
  carbon_year: 2023
storage_values:
  CAES:
    cost: 38.7073
    lifetime: 25.4494
    annual_cost: 1.5209513780285584
    efficiency: 0.627062
    discharge_ratio: 0.1
    depth_of_discharge: 0.4
  Li-ion:
    cost: 241.222
    lifetime: 20.8819
    annual_cost: 11.551726614915308
    efficiency: 0.900764
    discharge_ratio: 2
    depth_of_discharge: 0.9
  Pb-acid:
    cost: 138.889
    lifetime: 18.1824
    annual_cost: 7.6386505631819785
    efficiency: 0.690694
    discharge_ratio: 5
    depth_of_discharge: 0.5
  VRBF:
    cost: 241.356
    lifetime: 23.951
    annual_cost: 10.077074026136696
    efficiency: 0.789129
    discharge_ratio: 0.5
    depth_of_discharge: 1.0
