cost_values:
  wind_capex: 5000.0
  wind_opex: 100
  wind_lifetime: 20
  solar_capex: 1000.0
  solar_opex: 10
  solar_lifetime: 20
  carbon_price: 1.0
timeseries_values:
  load_level: 229400.42958230426
  wind_year: 2010
  solar_year: 2012
  price_year: 2023
  carbon_year: 2023
storage_values:
  CAES:
    cost: 49.6087
    lifetime: 24.6895
    annual_cost: 2.0093035500921443
    efficiency: 0.626519
    discharge_ratio: 0.1
    depth_of_discharge: 0.4
  Li-ion:
    cost: 215.017
    lifetime: 20.2144
    annual_cost: 10.636823254709514
    efficiency: 0.891465
    discharge_ratio: 2
    depth_of_discharge: 0.9
  Pb-acid:
    cost: 154.288
    lifetime: 18.0749
    annual_cost: 8.53603616064266
    efficiency: 0.667695
    discharge_ratio: 5
    depth_of_discharge: 0.5
  VRBF:
    cost: 233.766
    lifetime: 24.6133
    annual_cost: 9.497548073602482
    efficiency: 0.76631
    discharge_ratio: 0.5
    depth_of_discharge: 1.0
