cost_values:
  wind_capex: 5000.0
  wind_opex: 100
  wind_lifetime: 20
  solar_capex: 1000.0
  solar_opex: 10
  solar_lifetime: 20
  carbon_price: 1.0
timeseries_values:
  load_level: 229400.42958230426
  wind_year: 2010
  solar_year: 2012
  price_year: 2023
  carbon_year: 2023
storage_values:
  CAES:
    cost: 50.2489
    lifetime: 24.909
    annual_cost: 2.01729896824441
    efficiency: 0.632144
    discharge_ratio: 0.1
    depth_of_discharge: 0.4
  Li-ion:
    cost: 223.439
    lifetime: 19.2881
    annual_cost: 11.584292905988667
    efficiency: 0.876672
    discharge_ratio: 2
    depth_of_discharge: 0.9
  Pb-acid:
    cost: 143.551
    lifetime: 19.867
    annual_cost: 7.225600241606683
    efficiency: 0.708187
    discharge_ratio: 5
    depth_of_discharge: 0.5
  VRBF:
    cost: 240.28
    lifetime: 26.2925
    annual_cost: 9.13872777408006
    efficiency: 0.779083
    discharge_ratio: 0.5
    depth_of_discharge: 1.0
