cost_values:
  wind_capex: 5000.0
  wind_opex: 100
  wind_lifetime: 20
  solar_capex: 1000.0
  solar_opex: 10
  solar_lifetime: 20
  carbon_price: 1.0
timeseries_values:
  load_level: 229400.42958230426
  wind_year: 2010
  solar_year: 2012
  price_year: 2023
  carbon_year: 2023
storage_values:
  CAES:
    cost: 42.524
    lifetime: 24.0996
    annual_cost: 1.7645106142840545
    efficiency: 0.634562
    discharge_ratio: 0.1
    depth_of_discharge: 0.4
  Li-ion:
    cost: 230.556
    lifetime: 20.8177
    annual_cost: 11.07499867900873
    efficiency: 0.882057
    discharge_ratio: 2
    depth_of_discharge: 0.9
  Pb-acid:
    cost: 177.725
    lifetime: 17.8169
    annual_cost: 9.97507983992726
    efficiency: 0.672773
    discharge_ratio: 5
    depth_of_discharge: 0.5
  VRBF:
    cost: 224.993
    lifetime: 25.6966
    annual_cost: 8.755749787909684
    efficiency: 0.785454
    discharge_ratio: 0.5
    depth_of_discharge: 1.0
