cost_values:
  wind_capex: 5000.0
  wind_opex: 100
  wind_lifetime: 20
  solar_capex: 1000.0
  solar_opex: 10
  solar_lifetime: 20
  carbon_price: 1.0
timeseries_values:
  load_level: 229400.42958230426
  wind_year: 2010
  solar_year: 2012
  price_year: 2023
  carbon_year: 2023
storage_values:
  CAES:
    cost: 49.1374
    lifetime: 25.3234
    annual_cost: 1.9403950496378843
    efficiency: 0.618417
    discharge_ratio: 0.1
    depth_of_discharge: 0.4
  Li-ion:
    cost: 246.444
    lifetime: 21.8396
    annual_cost: 11.284272605725379
    efficiency: 0.882509
    discharge_ratio: 2
    depth_of_discharge: 0.9
  Pb-acid:
    cost: 145.24
    lifetime: 16.8495
    annual_cost: 8.619840351345738
    efficiency: 0.686083
    discharge_ratio: 5
    depth_of_discharge: 0.5
  VRBF:
    cost: 255.718
    lifetime: 25.0252
    annual_cost: 10.218419832808529
    efficiency: 0.765008
    discharge_ratio: 0.5
    depth_of_discharge: 1.0
