cost_values:
  wind_capex: 5000.0
  wind_opex: 100
  wind_lifetime: 20
  solar_capex: 1000.0
  solar_opex: 10
  solar_lifetime: 20
  carbon_price: 1.0
timeseries_values:
  load_level: 229400.42958230426
  wind_year: 2010
  solar_year: 2012
  price_year: 2023
  carbon_year: 2023
storage_values:
  CAES:
    cost: 36.0273
    lifetime: 25.0498
    annual_cost: 1.4382270517129876
    efficiency: 0.626341
    discharge_ratio: 0.1
    depth_of_discharge: 0.4
  Li-ion:
    cost: 213.892
    lifetime: 16.7913
    annual_cost: 12.738263267287227
    efficiency: 0.887411
    discharge_ratio: 2
    depth_of_discharge: 0.9
  Pb-acid:
    cost: 153.929
    lifetime: 19.2337
    annual_cost: 8.00308832933861
    efficiency: 0.689321
    discharge_ratio: 5
    depth_of_discharge: 0.5
  VRBF:
    cost: 238.787
    lifetime: 23.0731
    annual_cost: 10.349151176044831
    efficiency: 0.754364
    discharge_ratio: 0.5
    depth_of_discharge: 1.0
