cost_values:
  wind_capex: 5000.0
  wind_opex: 100
  wind_lifetime: 20
  solar_capex: 1000.0
  solar_opex: 10
  solar_lifetime: 20
  carbon_price: 1.0
timeseries_values:
  load_level: 229400.42958230426
  wind_year: 2010
  solar_year: 2012
  price_year: 2023
  carbon_year: 2023
storage_values:
  CAES:
    cost: 48.5234
    lifetime: 24.942
    annual_cost: 1.9454494427070805
    efficiency: 0.630176
    discharge_ratio: 0.1
    depth_of_discharge: 0.4
  Li-ion:
    cost: 231.467
    lifetime: 20.136
    annual_cost: 11.495182757250696
    efficiency: 0.879588
    discharge_ratio: 2
    depth_of_discharge: 0.9
  Pb-acid:
    cost: 139.346
    lifetime: 18.471
    annual_cost: 7.544042011802285
    efficiency: 0.693923
    discharge_ratio: 5
    depth_of_discharge: 0.5
  VRBF:
    cost: 238.445
    lifetime: 24.5188
    annual_cost: 9.724986540940014
    efficiency: 0.77063
    discharge_ratio: 0.5
    depth_of_discharge: 1.0
