cost_values:
  wind_capex: 5000.0
  wind_opex: 100
  wind_lifetime: 20
  solar_capex: 1000.0
  solar_opex: 10
  solar_lifetime: 20
  carbon_price: 1.0
timeseries_values:
  load_level: 229400.42958230426
  wind_year: 2010
  solar_year: 2012
  price_year: 2023
  carbon_year: 2023
storage_values:
  CAES:
    cost: 40.7357
    lifetime: 24.7699
    annual_cost: 1.644564572323667
    efficiency: 0.621481
    discharge_ratio: 0.1
    depth_of_discharge: 0.4
  Li-ion:
    cost: 231.172
    lifetime: 21.1776
    annual_cost: 10.915873375642187
    efficiency: 0.869675
    discharge_ratio: 2
    depth_of_discharge: 0.9
  Pb-acid:
    cost: 152.041
    lifetime: 18.7374
    annual_cost: 8.114306147064159
    efficiency: 0.674627
    discharge_ratio: 5
    depth_of_discharge: 0.5
  VRBF:
    cost: 266.78
    lifetime: 26.1013
    annual_cost: 10.220946849390643
    efficiency: 0.782563
    discharge_ratio: 0.5
    depth_of_discharge: 1.0
