cost_values:
  wind_capex: 5000.0
  wind_opex: 100
  wind_lifetime: 20
  solar_capex: 1000.0
  solar_opex: 10
  solar_lifetime: 20
  carbon_price: 1.0
timeseries_values:
  load_level: 229400.42958230426
  wind_year: 2010
  solar_year: 2012
  price_year: 2023
  carbon_year: 2023
storage_values:
  CAES:
    cost: 46.7826
    lifetime: 24.9794
    annual_cost: 1.8728472261143183
    efficiency: 0.628529
    discharge_ratio: 0.1
    depth_of_discharge: 0.4
  Li-ion:
    cost: 241.326
    lifetime: 20.2969
    annual_cost: 11.889795978696254
    efficiency: 0.880023
    discharge_ratio: 2
    depth_of_discharge: 0.9
  Pb-acid:
    cost: 155.283
    lifetime: 19.4142
    annual_cost: 7.998423834100811
    efficiency: 0.693811
    discharge_ratio: 5
    depth_of_discharge: 0.5
  VRBF:
    cost: 237.514
    lifetime: 23.6185
    annual_cost: 10.05626944979571
    efficiency: 0.7683
    discharge_ratio: 0.5
    depth_of_discharge: 1.0
