cost_values:
  wind_capex: 5000.0
  wind_opex: 100
  wind_lifetime: 20
  solar_capex: 1000.0
  solar_opex: 10
  solar_lifetime: 20
  carbon_price: 1.0
timeseries_values:
  load_level: 229400.42958230426
  wind_year: 2010
  solar_year: 2012
  price_year: 2023
  carbon_year: 2023
storage_values:
  CAES:
    cost: 44.9691
    lifetime: 25.0238
    annual_cost: 1.797053205348508
    efficiency: 0.622906
    discharge_ratio: 0.1
    depth_of_discharge: 0.4
  Li-ion:
    cost: 225.126
    lifetime: 20.9872
    annual_cost: 10.726823968895326
    efficiency: 0.877329
    discharge_ratio: 2
    depth_of_discharge: 0.9
  Pb-acid:
    cost: 159.543
    lifetime: 18.4964
    annual_cost: 8.625624445838108
    efficiency: 0.684234
    discharge_ratio: 5
    depth_of_discharge: 0.5
  VRBF:
    cost: 218.109
    lifetime: 26.1272
    annual_cost: 8.34796686977556
    efficiency: 0.756207
    discharge_ratio: 0.5
    depth_of_discharge: 1.0
