cost_values:
  wind_capex: 5000.0
  wind_opex: 100
  wind_lifetime: 20
  solar_capex: 1000.0
  solar_opex: 10
  solar_lifetime: 20
  carbon_price: 1.0
timeseries_values:
  load_level: 229400.42958230426
  wind_year: 2010
  solar_year: 2012
  price_year: 2023
  carbon_year: 2023
storage_values:
  CAES:
    cost: 42.9757
    lifetime: 24.2179
    annual_cost: 1.7745427968568706
    efficiency: 0.626747
    discharge_ratio: 0.1
    depth_of_discharge: 0.4
  Li-ion:
    cost: 223.1
    lifetime: 20.2691
    annual_cost: 11.006902131816409
    efficiency: 0.866164
    discharge_ratio: 2
    depth_of_discharge: 0.9
  Pb-acid:
    cost: 146.161
    lifetime: 18.1778
    annual_cost: 8.040631979667506
    efficiency: 0.681528
    discharge_ratio: 5
    depth_of_discharge: 0.5
  VRBF:
    cost: 235.387
    lifetime: 26.6211
    annual_cost: 8.842121475070527
    efficiency: 0.750039
    discharge_ratio: 0.5
    depth_of_discharge: 1.0
