cost_values:
  wind_capex: 5000.0
  wind_opex: 100
  wind_lifetime: 20
  solar_capex: 1000.0
  solar_opex: 10
  solar_lifetime: 20
  carbon_price: 1.0
timeseries_values:
  load_level: 229400.42958230426
  wind_year: 2010
  solar_year: 2012
  price_year: 2023
  carbon_year: 2023
storage_values:
  CAES:
    cost: 39.636
    lifetime: 23.9492
    annual_cost: 1.6550030898735657
    efficiency: 0.627853
    discharge_ratio: 0.1
    depth_of_discharge: 0.4
  Li-ion:
    cost: 216.823
    lifetime: 18.8606
    annual_cost: 11.496081778946586
    efficiency: 0.877908
    discharge_ratio: 2
    depth_of_discharge: 0.9
  Pb-acid:
    cost: 139.003
    lifetime: 19.2838
    annual_cost: 7.2082784513425775
    efficiency: 0.709472
    discharge_ratio: 5
    depth_of_discharge: 0.5
  VRBF:
    cost: 278.517
    lifetime: 26.1933
    annual_cost: 10.633139008830502
    efficiency: 0.782315
    discharge_ratio: 0.5
    depth_of_discharge: 1.0
