cost_values:
  wind_capex: 5000.0
  wind_opex: 100
  wind_lifetime: 20
  solar_capex: 1000.0
  solar_opex: 10
  solar_lifetime: 20
  carbon_price: 1.0
timeseries_values:
  load_level: 229400.42958230426
  wind_year: 2010
  solar_year: 2012
  price_year: 2023
  carbon_year: 2023
storage_values:
  CAES:
    cost: 43.4969
    lifetime: 25.6268
    annual_cost: 1.6973207735651739
    efficiency: 0.622981
    discharge_ratio: 0.1
    depth_of_discharge: 0.4
  Li-ion:
    cost: 244.1
    lifetime: 20.2047
    annual_cost: 12.081347409266161
    efficiency: 0.8847
    discharge_ratio: 2
    depth_of_discharge: 0.9
  Pb-acid:
    cost: 175.363
    lifetime: 18.2737
    annual_cost: 9.596469242682105
    efficiency: 0.694464
    discharge_ratio: 5
    depth_of_discharge: 0.5
  VRBF:
    cost: 223.64
    lifetime: 24.8125
    annual_cost: 9.013198992443325
    efficiency: 0.773486
    discharge_ratio: 0.5
    depth_of_discharge: 1.0
