cost_values:
  wind_capex: 5000.0
  wind_opex: 100
  wind_lifetime: 20
  solar_capex: 1000.0
  solar_opex: 10
  solar_lifetime: 20
  carbon_price: 1.0
timeseries_values:
  load_level: 229400.42958230426
  wind_year: 2010
  solar_year: 2012
  price_year: 2023
  carbon_year: 2023
storage_values:
  CAES:
    cost: 43.1165
    lifetime: 23.9842
    annual_cost: 1.7977043220119913
    efficiency: 0.629615
    discharge_ratio: 0.1
    depth_of_discharge: 0.4
  Li-ion:
    cost: 219.294
    lifetime: 16.9706
    annual_cost: 12.921994508149387
    efficiency: 0.874872
    discharge_ratio: 2
    depth_of_discharge: 0.9
  Pb-acid:
    cost: 170.241
    lifetime: 17.2443
    annual_cost: 9.872305631426038
    efficiency: 0.678693
    discharge_ratio: 5
    depth_of_discharge: 0.5
  VRBF:
    cost: 213.191
    lifetime: 24.6025
    annual_cost: 8.665420180875927
    efficiency: 0.778685
    discharge_ratio: 0.5
    depth_of_discharge: 1.0
