cost_values:
  wind_capex: 5000.0
  wind_opex: 100
  wind_lifetime: 20
  solar_capex: 1000.0
  solar_opex: 10
  solar_lifetime: 20
  carbon_price: 1.0
timeseries_values:
  load_level: 229400.42958230426
  wind_year: 2010
  solar_year: 2012
  price_year: 2023
  carbon_year: 2023
storage_values:
  CAES:
    cost: 45.0656
    lifetime: 25.1471
    annual_cost: 1.7920794047822615
    efficiency: 0.622339
    discharge_ratio: 0.1
    depth_of_discharge: 0.4
  Li-ion:
    cost: 236.153
    lifetime: 20.8161
    annual_cost: 11.344728359298813
    efficiency: 0.906988
    discharge_ratio: 2
    depth_of_discharge: 0.9
  Pb-acid:
    cost: 164.833
    lifetime: 18.4539
    annual_cost: 8.932149843664483
    efficiency: 0.677867
    discharge_ratio: 5
    depth_of_discharge: 0.5
  VRBF:
    cost: 219.827
    lifetime: 25.8638
    annual_cost: 8.49940843959511
    efficiency: 0.777926
    discharge_ratio: 0.5
    depth_of_discharge: 1.0
