cost_values:
  wind_capex: 5000.0
  wind_opex: 100
  wind_lifetime: 20
  solar_capex: 1000.0
  solar_opex: 10
  solar_lifetime: 20
  carbon_price: 1.0
timeseries_values:
  load_level: 229400.42958230426
  wind_year: 2010
  solar_year: 2012
  price_year: 2023
  carbon_year: 2023
storage_values:
  CAES:
    cost: 51.8589
    lifetime: 25.3769
    annual_cost: 2.04354747821838
    efficiency: 0.623582
    discharge_ratio: 0.1
    depth_of_discharge: 0.4
  Li-ion:
    cost: 237.378
    lifetime: 16.385
    annual_cost: 14.487519072322243
    efficiency: 0.876593
    discharge_ratio: 2
    depth_of_discharge: 0.9
  Pb-acid:
    cost: 150.273
    lifetime: 17.9948
    annual_cost: 8.35091248582924
    efficiency: 0.68023
    discharge_ratio: 5
    depth_of_discharge: 0.5
  VRBF:
    cost: 221.556
    lifetime: 23.7492
    annual_cost: 9.32898792380375
    efficiency: 0.742018
    discharge_ratio: 0.5
    depth_of_discharge: 1.0
