cost_values:
  wind_capex: 5000.0
  wind_opex: 100
  wind_lifetime: 20
  solar_capex: 1000.0
  solar_opex: 10
  solar_lifetime: 20
  carbon_price: 1.0
timeseries_values:
  load_level: 229400.42958230426
  wind_year: 2010
  solar_year: 2012
  price_year: 2023
  carbon_year: 2023
storage_values:
  CAES:
    cost: 38.98
    lifetime: 23.6377
    annual_cost: 1.6490606108039276
    efficiency: 0.626552
    discharge_ratio: 0.1
    depth_of_discharge: 0.4
  Li-ion:
    cost: 218.755
    lifetime: 18.9961
    annual_cost: 11.515784818989161
    efficiency: 0.890694
    discharge_ratio: 2
    depth_of_discharge: 0.9
  Pb-acid:
    cost: 153.503
    lifetime: 19.5576
    annual_cost: 7.8487646746022
    efficiency: 0.674293
    discharge_ratio: 5
    depth_of_discharge: 0.5
  VRBF:
    cost: 220.748
    lifetime: 25.3279
    annual_cost: 8.715606110257857
    efficiency: 0.795079
    discharge_ratio: 0.5
    depth_of_discharge: 1.0
