cost_values:
  wind_capex: 5000.0
  wind_opex: 100
  wind_lifetime: 20
  solar_capex: 1000.0
  solar_opex: 10
  solar_lifetime: 20
  carbon_price: 1.0
timeseries_values:
  load_level: 229400.42958230426
  wind_year: 2010
  solar_year: 2012
  price_year: 2023
  carbon_year: 2023
storage_values:
  CAES:
    cost: 40.9682
    lifetime: 24.4738
    annual_cost: 1.6739615425475407
    efficiency: 0.628137
    discharge_ratio: 0.1
    depth_of_discharge: 0.4
  Li-ion:
    cost: 231.779
    lifetime: 19.6185
    annual_cost: 11.814307923643499
    efficiency: 0.883467
    discharge_ratio: 2
    depth_of_discharge: 0.9
  Pb-acid:
    cost: 134.648
    lifetime: 18.8714
    annual_cost: 7.13502972752419
    efficiency: 0.69073
    discharge_ratio: 5
    depth_of_discharge: 0.5
  VRBF:
    cost: 239.982
    lifetime: 26.7343
    annual_cost: 8.97655820425446
    efficiency: 0.750959
    discharge_ratio: 0.5
    depth_of_discharge: 1.0
