cost_values:
  wind_capex: 5000.0
  wind_opex: 100
  wind_lifetime: 20
  solar_capex: 1000.0
  solar_opex: 10
  solar_lifetime: 20
  carbon_price: 1.0
timeseries_values:
  load_level: 229400.42958230426
  wind_year: 2010
  solar_year: 2012
  price_year: 2023
  carbon_year: 2023
storage_values:
  CAES:
    cost: 38.3247
    lifetime: 24.3659
    annual_cost: 1.5728825941171884
    efficiency: 0.61905
    discharge_ratio: 0.1
    depth_of_discharge: 0.4
  Li-ion:
    cost: 227.839
    lifetime: 21.0828
    annual_cost: 10.80686626064849
    efficiency: 0.891848
    discharge_ratio: 2
    depth_of_discharge: 0.9
  Pb-acid:
    cost: 151.07
    lifetime: 19.0138
    annual_cost: 7.945281847920984
    efficiency: 0.688656
    discharge_ratio: 5
    depth_of_discharge: 0.5
  VRBF:
    cost: 267.525
    lifetime: 23.2316
    annual_cost: 11.515565006284543
    efficiency: 0.765644
    discharge_ratio: 0.5
    depth_of_discharge: 1.0
