cost_values:
  wind_capex: 5000.0
  wind_opex: 100
  wind_lifetime: 20
  solar_capex: 1000.0
  solar_opex: 10
  solar_lifetime: 20
  carbon_price: 1.0
timeseries_values:
  load_level: 229400.42958230426
  wind_year: 2010
  solar_year: 2012
  price_year: 2023
  carbon_year: 2023
storage_values:
  CAES:
    cost: 44.3408
    lifetime: 24.398
    annual_cost: 1.8173948684318388
    efficiency: 0.630332
    discharge_ratio: 0.1
    depth_of_discharge: 0.4
  Li-ion:
    cost: 222.982
    lifetime: 21.5326
    annual_cost: 10.355553904312531
    efficiency: 0.880599
    discharge_ratio: 2
    depth_of_discharge: 0.9
  Pb-acid:
    cost: 162.256
    lifetime: 18.2581
    annual_cost: 8.886795449690823
    efficiency: 0.691548
    discharge_ratio: 5
    depth_of_discharge: 0.5
  VRBF:
    cost: 237.339
    lifetime: 24.6141
    annual_cost: 9.642400087754579
    efficiency: 0.772371
    discharge_ratio: 0.5
    depth_of_discharge: 1.0
