cost_values:
  wind_capex: 5000.0
  wind_opex: 100
  wind_lifetime: 20
  solar_capex: 1000.0
  solar_opex: 10
  solar_lifetime: 20
  carbon_price: 1.0
timeseries_values:
  load_level: 229400.42958230426
  wind_year: 2010
  solar_year: 2012
  price_year: 2023
  carbon_year: 2023
storage_values:
  CAES:
    cost: 43.7994
    lifetime: 24.3401
    annual_cost: 1.7994749405302362
    efficiency: 0.628928
    discharge_ratio: 0.1
    depth_of_discharge: 0.4
  Li-ion:
    cost: 214.785
    lifetime: 20.0076
    annual_cost: 10.735170635158639
    efficiency: 0.867836
    discharge_ratio: 2
    depth_of_discharge: 0.9
  Pb-acid:
    cost: 160.746
    lifetime: 19.7569
    annual_cost: 8.13619545576482
    efficiency: 0.667693
    discharge_ratio: 5
    depth_of_discharge: 0.5
  VRBF:
    cost: 247.28
    lifetime: 24.8616
    annual_cost: 9.946262509251214
    efficiency: 0.785072
    discharge_ratio: 0.5
    depth_of_discharge: 1.0
