cost_values:
  wind_capex: 5000.0
  wind_opex: 100
  wind_lifetime: 20
  solar_capex: 1000.0
  solar_opex: 10
  solar_lifetime: 20
  carbon_price: 1.0
timeseries_values:
  load_level: 229400.42958230426
  wind_year: 2010
  solar_year: 2012
  price_year: 2023
  carbon_year: 2023
storage_values:
  CAES:
    cost: 34.533
    lifetime: 24.6138
    annual_cost: 1.402993442702874
    efficiency: 0.627903
    discharge_ratio: 0.1
    depth_of_discharge: 0.4
  Li-ion:
    cost: 224.582
    lifetime: 19.9832
    annual_cost: 11.238540373914088
    efficiency: 0.864067
    discharge_ratio: 2
    depth_of_discharge: 0.9
  Pb-acid:
    cost: 174.41
    lifetime: 19.8792
    annual_cost: 8.77349189102177
    efficiency: 0.690833
    discharge_ratio: 5
    depth_of_discharge: 0.5
  VRBF:
    cost: 228.019
    lifetime: 25.546
    annual_cost: 8.925820089250763
    efficiency: 0.788275
    discharge_ratio: 0.5
    depth_of_discharge: 1.0
