cost_values:
  wind_capex: 5000.0
  wind_opex: 100
  wind_lifetime: 20
  solar_capex: 1000.0
  solar_opex: 10
  solar_lifetime: 20
  carbon_price: 1.0
timeseries_values:
  load_level: 229400.42958230426
  wind_year: 2010
  solar_year: 2012
  price_year: 2023
  carbon_year: 2023
storage_values:
  CAES:
    cost: 42.4479
    lifetime: 23.5084
    annual_cost: 1.8056481938370963
    efficiency: 0.626186
    discharge_ratio: 0.1
    depth_of_discharge: 0.4
  Li-ion:
    cost: 226.03
    lifetime: 20.2709
    annual_cost: 11.15046692549418
    efficiency: 0.881229
    discharge_ratio: 2
    depth_of_discharge: 0.9
  Pb-acid:
    cost: 146.741
    lifetime: 18.0998
    annual_cost: 8.10732715278622
    efficiency: 0.677457
    discharge_ratio: 5
    depth_of_discharge: 0.5
  VRBF:
    cost: 262.344
    lifetime: 22.8599
    annual_cost: 11.476165687513944
    efficiency: 0.777908
    discharge_ratio: 0.5
    depth_of_discharge: 1.0
