cost_values:
  wind_capex: 5000.0
  wind_opex: 100
  wind_lifetime: 20
  solar_capex: 1000.0
  solar_opex: 10
  solar_lifetime: 20
  carbon_price: 1.0
timeseries_values:
  load_level: 229400.42958230426
  wind_year: 2010
  solar_year: 2012
  price_year: 2023
  carbon_year: 2023
storage_values:
  CAES:
    cost: 35.9516
    lifetime: 24.439
    annual_cost: 1.4710749212324563
    efficiency: 0.628741
    discharge_ratio: 0.1
    depth_of_discharge: 0.4
  Li-ion:
    cost: 237.196
    lifetime: 19.1046
    annual_cost: 12.415648587251237
    efficiency: 0.877504
    discharge_ratio: 2
    depth_of_discharge: 0.9
  Pb-acid:
    cost: 156.343
    lifetime: 18.5813
    annual_cost: 8.413996867818721
    efficiency: 0.668429
    discharge_ratio: 5
    depth_of_discharge: 0.5
  VRBF:
    cost: 223.036
    lifetime: 25.9326
    annual_cost: 8.6006031018872
    efficiency: 0.770996
    discharge_ratio: 0.5
    depth_of_discharge: 1.0
