cost_values:
  wind_capex: 5000.0
  wind_opex: 100
  wind_lifetime: 20
  solar_capex: 1000.0
  solar_opex: 10
  solar_lifetime: 20
  carbon_price: 1.0
timeseries_values:
  load_level: 229400.42958230426
  wind_year: 2010
  solar_year: 2012
  price_year: 2023
  carbon_year: 2023
storage_values:
  CAES:
    cost: 46.9183
    lifetime: 23.8873
    annual_cost: 1.9641524994453121
    efficiency: 0.629065
    discharge_ratio: 0.1
    depth_of_discharge: 0.4
  Li-ion:
    cost: 226.563
    lifetime: 23.4258
    annual_cost: 9.671516020797583
    efficiency: 0.877
    discharge_ratio: 2
    depth_of_discharge: 0.9
  Pb-acid:
    cost: 127.944
    lifetime: 17.9439
    annual_cost: 7.1302225268754285
    efficiency: 0.681042
    discharge_ratio: 5
    depth_of_discharge: 0.5
  VRBF:
    cost: 239.183
    lifetime: 25.2009
    annual_cost: 9.491049922820217
    efficiency: 0.766052
    discharge_ratio: 0.5
    depth_of_discharge: 1.0
