cost_values:
  wind_capex: 5000.0
  wind_opex: 100
  wind_lifetime: 20
  solar_capex: 1000.0
  solar_opex: 10
  solar_lifetime: 20
  carbon_price: 1.0
timeseries_values:
  load_level: 229400.42958230426
  wind_year: 2010
  solar_year: 2012
  price_year: 2023
  carbon_year: 2023
storage_values:
  CAES:
    cost: 41.2772
    lifetime: 23.8007
    annual_cost: 1.7342851260677208
    efficiency: 0.631086
    discharge_ratio: 0.1
    depth_of_discharge: 0.4
  Li-ion:
    cost: 219.228
    lifetime: 20.9823
    annual_cost: 10.448234940878741
    efficiency: 0.869505
    discharge_ratio: 2
    depth_of_discharge: 0.9
  Pb-acid:
    cost: 135.006
    lifetime: 17.5374
    annual_cost: 7.698176468575729
    efficiency: 0.696017
    discharge_ratio: 5
    depth_of_discharge: 0.5
  VRBF:
    cost: 261.628
    lifetime: 25.5404
    annual_cost: 10.243692346243597
    efficiency: 0.797912
    discharge_ratio: 0.5
    depth_of_discharge: 1.0
