cost_values:
  wind_capex: 5000.0
  wind_opex: 100
  wind_lifetime: 20
  solar_capex: 1000.0
  solar_opex: 10
  solar_lifetime: 20
  carbon_price: 1.0
timeseries_values:
  load_level: 229400.42958230426
  wind_year: 2010
  solar_year: 2012
  price_year: 2023
  carbon_year: 2023
storage_values:
  CAES:
    cost: 42.4138
    lifetime: 24.6622
    annual_cost: 1.719789799774554
    efficiency: 0.633636
    discharge_ratio: 0.1
    depth_of_discharge: 0.4
  Li-ion:
    cost: 239.353
    lifetime: 17.2649
    annual_cost: 13.863561329634113
    efficiency: 0.882098
    discharge_ratio: 2
    depth_of_discharge: 0.9
  Pb-acid:
    cost: 166.365
    lifetime: 19.8964
    annual_cost: 8.361562895800246
    efficiency: 0.692227
    discharge_ratio: 5
    depth_of_discharge: 0.5
  VRBF:
    cost: 237.333
    lifetime: 25.3593
    annual_cost: 9.35881510924986
    efficiency: 0.755051
    discharge_ratio: 0.5
    depth_of_discharge: 1.0
