cost_values:
  wind_capex: 5000.0
  wind_opex: 100
  wind_lifetime: 20
  solar_capex: 1000.0
  solar_opex: 10
  solar_lifetime: 20
  carbon_price: 1.0
timeseries_values:
  load_level: 229400.42958230426
  wind_year: 2010
  solar_year: 2012
  price_year: 2023
  carbon_year: 2023
storage_values:
  CAES:
    cost: 45.4927
    lifetime: 25.5574
    annual_cost: 1.7800206593784969
    efficiency: 0.625763
    discharge_ratio: 0.1
    depth_of_discharge: 0.4
  Li-ion:
    cost: 203.819
    lifetime: 18.8745
    annual_cost: 10.79864367268007
    efficiency: 0.886686
    discharge_ratio: 2
    depth_of_discharge: 0.9
  Pb-acid:
    cost: 148.109
    lifetime: 17.6683
    annual_cost: 8.382753292620118
    efficiency: 0.690071
    discharge_ratio: 5
    depth_of_discharge: 0.5
  VRBF:
    cost: 231.344
    lifetime: 25.2369
    annual_cost: 9.166894507645551
    efficiency: 0.755966
    discharge_ratio: 0.5
    depth_of_discharge: 1.0
