cost_values:
  wind_capex: 5000.0
  wind_opex: 100
  wind_lifetime: 20
  solar_capex: 1000.0
  solar_opex: 10
  solar_lifetime: 20
  carbon_price: 1.0
timeseries_values:
  load_level: 229400.42958230426
  wind_year: 2010
  solar_year: 2012
  price_year: 2023
  carbon_year: 2023
storage_values:
  CAES:
    cost: 47.4079
    lifetime: 24.0423
    annual_cost: 1.9718537743893054
    efficiency: 0.628592
    discharge_ratio: 0.1
    depth_of_discharge: 0.4
  Li-ion:
    cost: 234.64
    lifetime: 20.2451
    annual_cost: 11.589964979180147
    efficiency: 0.862789
    discharge_ratio: 2
    depth_of_discharge: 0.9
  Pb-acid:
    cost: 144.046
    lifetime: 19.3405
    annual_cost: 7.447894315038391
    efficiency: 0.682462
    discharge_ratio: 5
    depth_of_discharge: 0.5
  VRBF:
    cost: 257.45
    lifetime: 25.4163
    annual_cost: 10.129326455857068
    efficiency: 0.788273
    discharge_ratio: 0.5
    depth_of_discharge: 1.0
