cost_values:
  wind_capex: 5000.0
  wind_opex: 100
  wind_lifetime: 20
  solar_capex: 1000.0
  solar_opex: 10
  solar_lifetime: 20
  carbon_price: 1.0
timeseries_values:
  load_level: 229400.42958230426
  wind_year: 2010
  solar_year: 2012
  price_year: 2023
  carbon_year: 2023
storage_values:
  CAES:
    cost: 40.2752
    lifetime: 24.9342
    annual_cost: 1.615259362642475
    efficiency: 0.621848
    discharge_ratio: 0.1
    depth_of_discharge: 0.4
  Li-ion:
    cost: 212.925
    lifetime: 20.4847
    annual_cost: 10.394343095090482
    efficiency: 0.866525
    discharge_ratio: 2
    depth_of_discharge: 0.9
  Pb-acid:
    cost: 159.028
    lifetime: 19.7315
    annual_cost: 8.059600131768999
    efficiency: 0.685774
    discharge_ratio: 5
    depth_of_discharge: 0.5
  VRBF:
    cost: 269.601
    lifetime: 25.9554
    annual_cost: 10.387087080145172
    efficiency: 0.772495
    discharge_ratio: 0.5
    depth_of_discharge: 1.0
