cost_values:
  wind_capex: 5000.0
  wind_opex: 100
  wind_lifetime: 20
  solar_capex: 1000.0
  solar_opex: 10
  solar_lifetime: 20
  carbon_price: 1.0
timeseries_values:
  load_level: 229400.42958230426
  wind_year: 2010
  solar_year: 2012
  price_year: 2023
  carbon_year: 2023
storage_values:
  CAES:
    cost: 33.614
    lifetime: 23.992
    annual_cost: 1.4010503501167053
    efficiency: 0.633512
    discharge_ratio: 0.1
    depth_of_discharge: 0.4
  Li-ion:
    cost: 216.632
    lifetime: 20.607
    annual_cost: 10.51254428106954
    efficiency: 0.86759
    discharge_ratio: 2
    depth_of_discharge: 0.9
  Pb-acid:
    cost: 148.44
    lifetime: 19.3389
    annual_cost: 7.675720956207437
    efficiency: 0.683222
    discharge_ratio: 5
    depth_of_discharge: 0.5
  VRBF:
    cost: 250.244
    lifetime: 24.5691
    annual_cost: 10.18531407336858
    efficiency: 0.769589
    discharge_ratio: 0.5
    depth_of_discharge: 1.0
