cost_values:
  wind_capex: 5000.0
  wind_opex: 100
  wind_lifetime: 20
  solar_capex: 1000.0
  solar_opex: 10
  solar_lifetime: 20
  carbon_price: 1.0
timeseries_values:
  load_level: 229400.42958230426
  wind_year: 2010
  solar_year: 2012
  price_year: 2023
  carbon_year: 2023
storage_values:
  CAES:
    cost: 32.7468
    lifetime: 23.4103
    annual_cost: 1.3988201774432623
    efficiency: 0.622157
    discharge_ratio: 0.1
    depth_of_discharge: 0.4
  Li-ion:
    cost: 236.649
    lifetime: 18.7331
    annual_cost: 12.632666243173848
    efficiency: 0.894339
    discharge_ratio: 2
    depth_of_discharge: 0.9
  Pb-acid:
    cost: 142.543
    lifetime: 18.3386
    annual_cost: 7.772839802384043
    efficiency: 0.679436
    discharge_ratio: 5
    depth_of_discharge: 0.5
  VRBF:
    cost: 236.055
    lifetime: 25.9358
    annual_cost: 9.101512195498115
    efficiency: 0.759181
    discharge_ratio: 0.5
    depth_of_discharge: 1.0
