cost_values:
  wind_capex: 5000.0
  wind_opex: 100
  wind_lifetime: 20
  solar_capex: 1000.0
  solar_opex: 10
  solar_lifetime: 20
  carbon_price: 1.0
timeseries_values:
  load_level: 229400.42958230426
  wind_year: 2010
  solar_year: 2012
  price_year: 2023
  carbon_year: 2023
storage_values:
  CAES:
    cost: 46.1865
    lifetime: 24.8816
    annual_cost: 1.8562512057102438
    efficiency: 0.621801
    discharge_ratio: 0.1
    depth_of_discharge: 0.4
  Li-ion:
    cost: 216.887
    lifetime: 20.482
    annual_cost: 10.589151450053706
    efficiency: 0.879816
    discharge_ratio: 2
    depth_of_discharge: 0.9
  Pb-acid:
    cost: 169.764
    lifetime: 18.0382
    annual_cost: 9.411360335288444
    efficiency: 0.689994
    discharge_ratio: 5
    depth_of_discharge: 0.5
  VRBF:
    cost: 223.381
    lifetime: 25.741
    annual_cost: 8.67802338681481
    efficiency: 0.765477
    discharge_ratio: 0.5
    depth_of_discharge: 1.0
