cost_values:
  wind_capex: 5000.0
  wind_opex: 100
  wind_lifetime: 20
  solar_capex: 1000.0
  solar_opex: 10
  solar_lifetime: 20
  carbon_price: 1.0
timeseries_values:
  load_level: 229400.42958230426
  wind_year: 2010
  solar_year: 2012
  price_year: 2023
  carbon_year: 2023
storage_values:
  CAES:
    cost: 47.3949
    lifetime: 26.2818
    annual_cost: 1.8033353879871241
    efficiency: 0.622343
    discharge_ratio: 0.1
    depth_of_discharge: 0.4
  Li-ion:
    cost: 249.518
    lifetime: 19.423
    annual_cost: 12.846522164444217
    efficiency: 0.872458
    discharge_ratio: 2
    depth_of_discharge: 0.9
  Pb-acid:
    cost: 161.173
    lifetime: 17.9024
    annual_cost: 9.002871123424793
    efficiency: 0.661599
    discharge_ratio: 5
    depth_of_discharge: 0.5
  VRBF:
    cost: 224.101
    lifetime: 24.8674
    annual_cost: 9.011838792957848
    efficiency: 0.796609
    discharge_ratio: 0.5
    depth_of_discharge: 1.0
