cost_values:
  wind_capex: 5000.0
  wind_opex: 100
  wind_lifetime: 20
  solar_capex: 1000.0
  solar_opex: 10
  solar_lifetime: 20
  carbon_price: 1.0
timeseries_values:
  load_level: 229400.42958230426
  wind_year: 2010
  solar_year: 2012
  price_year: 2023
  carbon_year: 2023
storage_values:
  CAES:
    cost: 37.8456
    lifetime: 23.3906
    annual_cost: 1.6179832924337125
    efficiency: 0.631541
    discharge_ratio: 0.1
    depth_of_discharge: 0.4
  Li-ion:
    cost: 212.817
    lifetime: 20.7188
    annual_cost: 10.271685618858234
    efficiency: 0.878635
    discharge_ratio: 2
    depth_of_discharge: 0.9
  Pb-acid:
    cost: 140.388
    lifetime: 18.2156
    annual_cost: 7.707020356178222
    efficiency: 0.699365
    discharge_ratio: 5
    depth_of_discharge: 0.5
  VRBF:
    cost: 269.828
    lifetime: 25.1594
    annual_cost: 10.724739063729658
    efficiency: 0.80154
    discharge_ratio: 0.5
    depth_of_discharge: 1.0
