cost_values:
  wind_capex: 5000.0
  wind_opex: 100
  wind_lifetime: 20
  solar_capex: 1000.0
  solar_opex: 10
  solar_lifetime: 20
  carbon_price: 1.0
timeseries_values:
  load_level: 229400.42958230426
  wind_year: 2010
  solar_year: 2012
  price_year: 2023
  carbon_year: 2023
storage_values:
  CAES:
    cost: 41.0341
    lifetime: 25.0949
    annual_cost: 1.6351569442396663
    efficiency: 0.63097
    discharge_ratio: 0.1
    depth_of_discharge: 0.4
  Li-ion:
    cost: 209.665
    lifetime: 19.6081
    annual_cost: 10.692774924648486
    efficiency: 0.874629
    discharge_ratio: 2
    depth_of_discharge: 0.9
  Pb-acid:
    cost: 136.336
    lifetime: 16.9479
    annual_cost: 8.04441848252586
    efficiency: 0.69031
    discharge_ratio: 5
    depth_of_discharge: 0.5
  VRBF:
    cost: 240.825
    lifetime: 25.1842
    annual_cost: 9.56254318183623
    efficiency: 0.769425
    discharge_ratio: 0.5
    depth_of_discharge: 1.0
