cost_values:
  wind_capex: 5000.0
  wind_opex: 100
  wind_lifetime: 20
  solar_capex: 1000.0
  solar_opex: 10
  solar_lifetime: 20
  carbon_price: 1.0
timeseries_values:
  load_level: 229400.42958230426
  wind_year: 2010
  solar_year: 2012
  price_year: 2023
  carbon_year: 2023
storage_values:
  CAES:
    cost: 40.7188
    lifetime: 24.6345
    annual_cost: 1.6529176561326595
    efficiency: 0.637194
    discharge_ratio: 0.1
    depth_of_discharge: 0.4
  Li-ion:
    cost: 228.431
    lifetime: 20.4449
    annual_cost: 11.17300647105146
    efficiency: 0.886665
    discharge_ratio: 2
    depth_of_discharge: 0.9
  Pb-acid:
    cost: 131.547
    lifetime: 19.1171
    annual_cost: 6.881116905806842
    efficiency: 0.708776
    discharge_ratio: 5
    depth_of_discharge: 0.5
  VRBF:
    cost: 225.894
    lifetime: 26.2341
    annual_cost: 8.610701339096824
    efficiency: 0.763794
    discharge_ratio: 0.5
    depth_of_discharge: 1.0
