cost_values:
  wind_capex: 5000.0
  wind_opex: 100
  wind_lifetime: 20
  solar_capex: 1000.0
  solar_opex: 10
  solar_lifetime: 20
  carbon_price: 1.0
timeseries_values:
  load_level: 229400.42958230426
  wind_year: 2010
  solar_year: 2012
  price_year: 2023
  carbon_year: 2023
storage_values:
  CAES:
    cost: 42.3696
    lifetime: 24.9667
    annual_cost: 1.6970444632250157
    efficiency: 0.632054
    discharge_ratio: 0.1
    depth_of_discharge: 0.4
  Li-ion:
    cost: 239.972
    lifetime: 20.9599
    annual_cost: 11.449100425097448
    efficiency: 0.861398
    discharge_ratio: 2
    depth_of_discharge: 0.9
  Pb-acid:
    cost: 171.662
    lifetime: 18.5384
    annual_cost: 9.259806671557417
    efficiency: 0.691517
    discharge_ratio: 5
    depth_of_discharge: 0.5
  VRBF:
    cost: 248.06
    lifetime: 24.6642
    annual_cost: 10.057492235710058
    efficiency: 0.766194
    discharge_ratio: 0.5
    depth_of_discharge: 1.0
