cost_values:
  wind_capex: 5000.0
  wind_opex: 100
  wind_lifetime: 20
  solar_capex: 1000.0
  solar_opex: 10
  solar_lifetime: 20
  carbon_price: 1.0
timeseries_values:
  load_level: 229400.42958230426
  wind_year: 2010
  solar_year: 2012
  price_year: 2023
  carbon_year: 2023
storage_values:
  CAES:
    cost: 40.649
    lifetime: 24.8153
    annual_cost: 1.6380620020713028
    efficiency: 0.620527
    discharge_ratio: 0.1
    depth_of_discharge: 0.4
  Li-ion:
    cost: 220.697
    lifetime: 18.2871
    annual_cost: 12.068452625074507
    efficiency: 0.881168
    discharge_ratio: 2
    depth_of_discharge: 0.9
  Pb-acid:
    cost: 145.383
    lifetime: 17.8498
    annual_cost: 8.14479714058421
    efficiency: 0.692558
    discharge_ratio: 5
    depth_of_discharge: 0.5
  VRBF:
    cost: 235.887
    lifetime: 26.4591
    annual_cost: 8.915155844303094
    efficiency: 0.753795
    discharge_ratio: 0.5
    depth_of_discharge: 1.0
