cost_values:
  wind_capex: 5000.0
  wind_opex: 100
  wind_lifetime: 20
  solar_capex: 1000.0
  solar_opex: 10
  solar_lifetime: 20
  carbon_price: 1.0
timeseries_values:
  load_level: 229400.42958230426
  wind_year: 2010
  solar_year: 2012
  price_year: 2023
  carbon_year: 2023
storage_values:
  CAES:
    cost: 41.5955
    lifetime: 23.8482
    annual_cost: 1.7441777576504727
    efficiency: 0.61796
    discharge_ratio: 0.1
    depth_of_discharge: 0.4
  Li-ion:
    cost: 245.205
    lifetime: 18.8943
    annual_cost: 12.977723440402661
    efficiency: 0.883551
    discharge_ratio: 2
    depth_of_discharge: 0.9
  Pb-acid:
    cost: 180.452
    lifetime: 19.4561
    annual_cost: 9.274828973946475
    efficiency: 0.68511
    discharge_ratio: 5
    depth_of_discharge: 0.5
  VRBF:
    cost: 222.16
    lifetime: 25.859
    annual_cost: 8.5912061564639
    efficiency: 0.804117
    discharge_ratio: 0.5
    depth_of_discharge: 1.0
