cost_values:
  wind_capex: 5000.0
  wind_opex: 100
  wind_lifetime: 20
  solar_capex: 1000.0
  solar_opex: 10
  solar_lifetime: 20
  carbon_price: 1.0
timeseries_values:
  load_level: 229400.42958230426
  wind_year: 2010
  solar_year: 2012
  price_year: 2023
  carbon_year: 2023
storage_values:
  CAES:
    cost: 37.5562
    lifetime: 24.5395
    annual_cost: 1.5304386804947125
    efficiency: 0.623605
    discharge_ratio: 0.1
    depth_of_discharge: 0.4
  Li-ion:
    cost: 243.582
    lifetime: 18.7774
    annual_cost: 12.972083462034147
    efficiency: 0.870244
    discharge_ratio: 2
    depth_of_discharge: 0.9
  Pb-acid:
    cost: 167.276
    lifetime: 18.8194
    annual_cost: 8.888487411925992
    efficiency: 0.702032
    discharge_ratio: 5
    depth_of_discharge: 0.5
  VRBF:
    cost: 235.723
    lifetime: 26.1198
    annual_cost: 9.024686253340377
    efficiency: 0.769505
    discharge_ratio: 0.5
    depth_of_discharge: 1.0
