cost_values:
  wind_capex: 5000.0
  wind_opex: 100
  wind_lifetime: 20
  solar_capex: 1000.0
  solar_opex: 10
  solar_lifetime: 20
  carbon_price: 1.0
timeseries_values:
  load_level: 229400.42958230426
  wind_year: 2010
  solar_year: 2012
  price_year: 2023
  carbon_year: 2023
storage_values:
  CAES:
    cost: 46.328
    lifetime: 25.8904
    annual_cost: 1.7893891172017429
    efficiency: 0.636414
    discharge_ratio: 0.1
    depth_of_discharge: 0.4
  Li-ion:
    cost: 221.525
    lifetime: 18.7377
    annual_cost: 11.82242217561387
    efficiency: 0.890081
    discharge_ratio: 2
    depth_of_discharge: 0.9
  Pb-acid:
    cost: 153.518
    lifetime: 18.4847
    annual_cost: 8.305138844557932
    efficiency: 0.676473
    discharge_ratio: 5
    depth_of_discharge: 0.5
  VRBF:
    cost: 227.933
    lifetime: 24.3486
    annual_cost: 9.361236374986651
    efficiency: 0.749419
    discharge_ratio: 0.5
    depth_of_discharge: 1.0
