cost_values:
  wind_capex: 5000.0
  wind_opex: 100
  wind_lifetime: 20
  solar_capex: 1000.0
  solar_opex: 10
  solar_lifetime: 20
  carbon_price: 1.0
timeseries_values:
  load_level: 229400.42958230426
  wind_year: 2010
  solar_year: 2012
  price_year: 2023
  carbon_year: 2023
storage_values:
  CAES:
    cost: 42.7801
    lifetime: 23.7103
    annual_cost: 1.804283370518298
    efficiency: 0.620254
    discharge_ratio: 0.1
    depth_of_discharge: 0.4
  Li-ion:
    cost: 221.141
    lifetime: 22.7114
    annual_cost: 9.737004323819756
    efficiency: 0.883953
    discharge_ratio: 2
    depth_of_discharge: 0.9
  Pb-acid:
    cost: 148.678
    lifetime: 18.0679
    annual_cost: 8.22884784618024
    efficiency: 0.690388
    discharge_ratio: 5
    depth_of_discharge: 0.5
  VRBF:
    cost: 242.05
    lifetime: 22.5676
    annual_cost: 10.725553448306423
    efficiency: 0.778471
    discharge_ratio: 0.5
    depth_of_discharge: 1.0
