cost_values:
  wind_capex: 5000.0
  wind_opex: 100
  wind_lifetime: 20
  solar_capex: 1000.0
  solar_opex: 10
  solar_lifetime: 20
  carbon_price: 1.0
timeseries_values:
  load_level: 229400.42958230426
  wind_year: 2010
  solar_year: 2012
  price_year: 2023
  carbon_year: 2023
storage_values:
  CAES:
    cost: 36.4997
    lifetime: 23.8882
    annual_cost: 1.5279384800864022
    efficiency: 0.630625
    discharge_ratio: 0.1
    depth_of_discharge: 0.4
  Li-ion:
    cost: 228.585
    lifetime: 20.0179
    annual_cost: 11.41902996817848
    efficiency: 0.880916
    discharge_ratio: 2
    depth_of_discharge: 0.9
  Pb-acid:
    cost: 160.309
    lifetime: 17.6977
    annual_cost: 9.058182701707
    efficiency: 0.686297
    discharge_ratio: 5
    depth_of_discharge: 0.5
  VRBF:
    cost: 214.535
    lifetime: 26.1183
    annual_cost: 8.213972578613461
    efficiency: 0.768151
    discharge_ratio: 0.5
    depth_of_discharge: 1.0
