cost_values:
  wind_capex: 5000.0
  wind_opex: 100
  wind_lifetime: 20
  solar_capex: 1000.0
  solar_opex: 10
  solar_lifetime: 20
  carbon_price: 1.0
timeseries_values:
  load_level: 229400.42958230426
  wind_year: 2010
  solar_year: 2012
  price_year: 2023
  carbon_year: 2023
storage_values:
  CAES:
    cost: 47.4659
    lifetime: 24.7669
    annual_cost: 1.9165054972564188
    efficiency: 0.626214
    discharge_ratio: 0.1
    depth_of_discharge: 0.4
  Li-ion:
    cost: 225.452
    lifetime: 18.1571
    annual_cost: 12.416740558789675
    efficiency: 0.872888
    discharge_ratio: 2
    depth_of_discharge: 0.9
  Pb-acid:
    cost: 155.509
    lifetime: 19.0599
    annual_cost: 8.15896200924454
    efficiency: 0.674295
    discharge_ratio: 5
    depth_of_discharge: 0.5
  VRBF:
    cost: 232.559
    lifetime: 25.7607
    annual_cost: 9.02766617366764
    efficiency: 0.767974
    discharge_ratio: 0.5
    depth_of_discharge: 1.0
