cost_values:
  wind_capex: 5000.0
  wind_opex: 100
  wind_lifetime: 20
  solar_capex: 1000.0
  solar_opex: 10
  solar_lifetime: 20
  carbon_price: 1.0
timeseries_values:
  load_level: 229400.42958230426
  wind_year: 2010
  solar_year: 2012
  price_year: 2023
  carbon_year: 2023
storage_values:
  CAES:
    cost: 39.4057
    lifetime: 26.7217
    annual_cost: 1.4746703989641379
    efficiency: 0.646136
    discharge_ratio: 0.1
    depth_of_discharge: 0.4
  Li-ion:
    cost: 242.822
    lifetime: 20.4327
    annual_cost: 11.883989878968515
    efficiency: 0.868405
    discharge_ratio: 2
    depth_of_discharge: 0.9
  Pb-acid:
    cost: 136.218
    lifetime: 19.1968
    annual_cost: 7.09587014502417
    efficiency: 0.684304
    discharge_ratio: 5
    depth_of_discharge: 0.5
  VRBF:
    cost: 240.936
    lifetime: 26.6816
    annual_cost: 9.03004317582154
    efficiency: 0.785764
    discharge_ratio: 0.5
    depth_of_discharge: 1.0
