cost_values:
  wind_capex: 5000.0
  wind_opex: 100
  wind_lifetime: 20
  solar_capex: 1000.0
  solar_opex: 10
  solar_lifetime: 20
  carbon_price: 1.0
timeseries_values:
  load_level: 229400.42958230426
  wind_year: 2010
  solar_year: 2012
  price_year: 2023
  carbon_year: 2023
storage_values:
  CAES:
    cost: 42.7118
    lifetime: 24.0157
    annual_cost: 1.7784949012520974
    efficiency: 0.628716
    discharge_ratio: 0.1
    depth_of_discharge: 0.4
  Li-ion:
    cost: 217.955
    lifetime: 19.91
    annual_cost: 10.947011551983929
    efficiency: 0.882456
    discharge_ratio: 2
    depth_of_discharge: 0.9
  Pb-acid:
    cost: 123.132
    lifetime: 18.7581
    annual_cost: 6.564204263758057
    efficiency: 0.696835
    discharge_ratio: 5
    depth_of_discharge: 0.5
  VRBF:
    cost: 270.097
    lifetime: 26.115
    annual_cost: 10.342600038292169
    efficiency: 0.777267
    discharge_ratio: 0.5
    depth_of_discharge: 1.0
