cost_values:
  wind_capex: 5000.0
  wind_opex: 100
  wind_lifetime: 20
  solar_capex: 1000.0
  solar_opex: 10
  solar_lifetime: 20
  carbon_price: 1.0
timeseries_values:
  load_level: 229400.42958230426
  wind_year: 2010
  solar_year: 2012
  price_year: 2023
  carbon_year: 2023
storage_values:
  CAES:
    cost: 35.6253
    lifetime: 24.4433
    annual_cost: 1.4574668723126583
    efficiency: 0.623604
    discharge_ratio: 0.1
    depth_of_discharge: 0.4
  Li-ion:
    cost: 219.248
    lifetime: 19.86
    annual_cost: 11.039677744209467
    efficiency: 0.881831
    discharge_ratio: 2
    depth_of_discharge: 0.9
  Pb-acid:
    cost: 153.251
    lifetime: 18.1289
    annual_cost: 8.453408645863787
    efficiency: 0.687001
    discharge_ratio: 5
    depth_of_discharge: 0.5
  VRBF:
    cost: 239.59
    lifetime: 26.7494
    annual_cost: 8.956836415022392
    efficiency: 0.765342
    discharge_ratio: 0.5
    depth_of_discharge: 1.0
