cost_values:
  wind_capex: 5000.0
  wind_opex: 100
  wind_lifetime: 20
  solar_capex: 1000.0
  solar_opex: 10
  solar_lifetime: 20
  carbon_price: 1.0
timeseries_values:
  load_level: 229400.42958230426
  wind_year: 2010
  solar_year: 2012
  price_year: 2023
  carbon_year: 2023
storage_values:
  CAES:
    cost: 44.2083
    lifetime: 24.1791
    annual_cost: 1.8283683015496857
    efficiency: 0.63012
    discharge_ratio: 0.1
    depth_of_discharge: 0.4
  Li-ion:
    cost: 219.516
    lifetime: 20.7486
    annual_cost: 10.579798155056244
    efficiency: 0.886512
    discharge_ratio: 2
    depth_of_discharge: 0.9
  Pb-acid:
    cost: 160.897
    lifetime: 18.5396
    annual_cost: 8.67855832919804
    efficiency: 0.688293
    discharge_ratio: 5
    depth_of_discharge: 0.5
  VRBF:
    cost: 251.841
    lifetime: 26.5398
    annual_cost: 9.489182284719554
    efficiency: 0.764112
    discharge_ratio: 0.5
    depth_of_discharge: 1.0
