cost_values:
  wind_capex: 5000.0
  wind_opex: 100
  wind_lifetime: 20
  solar_capex: 1000.0
  solar_opex: 10
  solar_lifetime: 20
  carbon_price: 1.0
timeseries_values:
  load_level: 244935.6241813471
  wind_year: 2017
  solar_year: 2013
  price_year: 2023
  carbon_year: 2023
storage_values:
  CAES:
    cost: 52.2962
    lifetime: 25.7189
    annual_cost: 2.033376233042626
    efficiency: 0.620665
    discharge_ratio: 0.1
    depth_of_discharge: 0.4
  Li-ion:
    cost: 201.454
    lifetime: 19.176
    annual_cost: 10.5055277430121
    efficiency: 0.920964
    discharge_ratio: 2
    depth_of_discharge: 0.9
  Pb-acid:
    cost: 151.427
    lifetime: 8.05782
    annual_cost: 18.792551831636846
    efficiency: 0.712005
    discharge_ratio: 5
    depth_of_discharge: 0.5
  VRBF:
    cost: 287.264
    lifetime: 17.7207
    annual_cost: 16.210646306297154
    efficiency: 0.786114
    discharge_ratio: 0.5
    depth_of_discharge: 1.0
