cost_values:
  wind_capex: 5000.0
  wind_opex: 100
  wind_lifetime: 20
  solar_capex: 1000.0
  solar_opex: 10
  solar_lifetime: 20
  carbon_price: 1.0
timeseries_values:
  load_level: 244935.6241813471
  wind_year: 2017
  solar_year: 2013
  price_year: 2023
  carbon_year: 2023
storage_values:
  CAES:
    cost: 61.3767
    lifetime: 25.5467
    annual_cost: 2.4025294852172685
    efficiency: 0.62063
    discharge_ratio: 0.1
    depth_of_discharge: 0.4
  Li-ion:
    cost: 185.398
    lifetime: 22.1654
    annual_cost: 8.364297508729821
    efficiency: 0.920373
    discharge_ratio: 2
    depth_of_discharge: 0.9
  Pb-acid:
    cost: 139.071
    lifetime: 7.03558
    annual_cost: 19.766813823451653
    efficiency: 0.707699
    discharge_ratio: 5
    depth_of_discharge: 0.5
  VRBF:
    cost: 261.719
    lifetime: 17.6401
    annual_cost: 14.836593896859995
    efficiency: 0.82118
    discharge_ratio: 0.5
    depth_of_discharge: 1.0
