cost_values:
  wind_capex: 5000.0
  wind_opex: 100
  wind_lifetime: 20
  solar_capex: 1000.0
  solar_opex: 10
  solar_lifetime: 20
  carbon_price: 1.0
timeseries_values:
  load_level: 244935.6241813471
  wind_year: 2017
  solar_year: 2013
  price_year: 2023
  carbon_year: 2023
storage_values:
  CAES:
    cost: 60.1372
    lifetime: 24.6282
    annual_cost: 2.441802486580424
    efficiency: 0.620244
    discharge_ratio: 0.1
    depth_of_discharge: 0.4
  Li-ion:
    cost: 192.734
    lifetime: 20.8487
    annual_cost: 9.244413320734626
    efficiency: 0.927318
    discharge_ratio: 2
    depth_of_discharge: 0.9
  Pb-acid:
    cost: 120.222
    lifetime: 6.94812
    annual_cost: 17.302809968739744
    efficiency: 0.723537
    discharge_ratio: 5
    depth_of_discharge: 0.5
  VRBF:
    cost: 296.541
    lifetime: 16.7525
    annual_cost: 17.70129831368452
    efficiency: 0.792301
    discharge_ratio: 0.5
    depth_of_discharge: 1.0
