cost_values:
  wind_capex: 5000.0
  wind_opex: 100
  wind_lifetime: 20
  solar_capex: 1000.0
  solar_opex: 10
  solar_lifetime: 20
  carbon_price: 1.0
timeseries_values:
  load_level: 244935.6241813471
  wind_year: 2017
  solar_year: 2013
  price_year: 2023
  carbon_year: 2023
storage_values:
  CAES:
    cost: 59.8356
    lifetime: 24.9639
    annual_cost: 2.3968851020874142
    efficiency: 0.624512
    discharge_ratio: 0.1
    depth_of_discharge: 0.4
  Li-ion:
    cost: 168.639
    lifetime: 18.4976
    annual_cost: 9.116804342184933
    efficiency: 0.898734
    discharge_ratio: 2
    depth_of_discharge: 0.9
  Pb-acid:
    cost: 153.235
    lifetime: 6.69284
    annual_cost: 22.895362805625115
    efficiency: 0.719643
    discharge_ratio: 5
    depth_of_discharge: 0.5
  VRBF:
    cost: 277.493
    lifetime: 19.2079
    annual_cost: 14.446816153770063
    efficiency: 0.801346
    discharge_ratio: 0.5
    depth_of_discharge: 1.0
