cost_values:
  wind_capex: 5000.0
  wind_opex: 100
  wind_lifetime: 20
  solar_capex: 1000.0
  solar_opex: 10
  solar_lifetime: 20
  carbon_price: 1.0
timeseries_values:
  load_level: 244935.6241813471
  wind_year: 2017
  solar_year: 2013
  price_year: 2023
  carbon_year: 2023
storage_values:
  CAES:
    cost: 65.5406
    lifetime: 25.9838
    annual_cost: 2.522363934451466
    efficiency: 0.63591
    discharge_ratio: 0.1
    depth_of_discharge: 0.4
  Li-ion:
    cost: 184.806
    lifetime: 20.1035
    annual_cost: 9.192727634491506
    efficiency: 0.916766
    discharge_ratio: 2
    depth_of_discharge: 0.9
  Pb-acid:
    cost: 136.613
    lifetime: 5.84861
    annual_cost: 23.358199640598365
    efficiency: 0.728328
    discharge_ratio: 5
    depth_of_discharge: 0.5
  VRBF:
    cost: 281.248
    lifetime: 18.3479
    annual_cost: 15.32862071408717
    efficiency: 0.812082
    discharge_ratio: 0.5
    depth_of_discharge: 1.0
