cost_values:
  wind_capex: 5000.0
  wind_opex: 100
  wind_lifetime: 20
  solar_capex: 1000.0
  solar_opex: 10
  solar_lifetime: 20
  carbon_price: 1.0
timeseries_values:
  load_level: 244935.6241813471
  wind_year: 2017
  solar_year: 2013
  price_year: 2023
  carbon_year: 2023
storage_values:
  CAES:
    cost: 56.1574
    lifetime: 25.7656
    annual_cost: 2.179549476821809
    efficiency: 0.62292
    discharge_ratio: 0.1
    depth_of_discharge: 0.4
  Li-ion:
    cost: 205.294
    lifetime: 20.6888
    annual_cost: 9.92295348207726
    efficiency: 0.908192
    discharge_ratio: 2
    depth_of_discharge: 0.9
  Pb-acid:
    cost: 132.882
    lifetime: 5.42819
    annual_cost: 24.479983198819497
    efficiency: 0.72679
    discharge_ratio: 5
    depth_of_discharge: 0.5
  VRBF:
    cost: 292.069
    lifetime: 18.5541
    annual_cost: 15.741480319713704
    efficiency: 0.793337
    discharge_ratio: 0.5
    depth_of_discharge: 1.0
