cost_values:
  wind_capex: 5000.0
  wind_opex: 100
  wind_lifetime: 20
  solar_capex: 1000.0
  solar_opex: 10
  solar_lifetime: 20
  carbon_price: 1.0
timeseries_values:
  load_level: 244935.6241813471
  wind_year: 2017
  solar_year: 2013
  price_year: 2023
  carbon_year: 2023
storage_values:
  CAES:
    cost: 63.3844
    lifetime: 25.1978
    annual_cost: 2.515473573089714
    efficiency: 0.622273
    discharge_ratio: 0.1
    depth_of_discharge: 0.4
  Li-ion:
    cost: 169.458
    lifetime: 21.2077
    annual_cost: 7.990399713311675
    efficiency: 0.905381
    discharge_ratio: 2
    depth_of_discharge: 0.9
  Pb-acid:
    cost: 159.081
    lifetime: 5.90274
    annual_cost: 26.95036542351518
    efficiency: 0.729052
    discharge_ratio: 5
    depth_of_discharge: 0.5
  VRBF:
    cost: 239.066
    lifetime: 18.5498
    annual_cost: 12.88779393847912
    efficiency: 0.823174
    discharge_ratio: 0.5
    depth_of_discharge: 1.0
