cost_values:
  wind_capex: 5000.0
  wind_opex: 100
  wind_lifetime: 20
  solar_capex: 1000.0
  solar_opex: 10
  solar_lifetime: 20
  carbon_price: 1.0
timeseries_values:
  load_level: 244935.6241813471
  wind_year: 2017
  solar_year: 2013
  price_year: 2023
  carbon_year: 2023
storage_values:
  CAES:
    cost: 67.9191
    lifetime: 23.8276
    annual_cost: 2.8504381473585254
    efficiency: 0.619352
    discharge_ratio: 0.1
    depth_of_discharge: 0.4
  Li-ion:
    cost: 189.694
    lifetime: 20.2932
    annual_cost: 9.347663256657402
    efficiency: 0.916534
    discharge_ratio: 2
    depth_of_discharge: 0.9
  Pb-acid:
    cost: 141.302
    lifetime: 6.84054
    annual_cost: 20.656556353738154
    efficiency: 0.718385
    discharge_ratio: 5
    depth_of_discharge: 0.5
  VRBF:
    cost: 245.069
    lifetime: 19.4832
    annual_cost: 12.578477868112014
    efficiency: 0.800796
    discharge_ratio: 0.5
    depth_of_discharge: 1.0
