cost_values:
  wind_capex: 5000.0
  wind_opex: 100
  wind_lifetime: 20
  solar_capex: 1000.0
  solar_opex: 10
  solar_lifetime: 20
  carbon_price: 1.0
timeseries_values:
  load_level: 244935.6241813471
  wind_year: 2017
  solar_year: 2013
  price_year: 2023
  carbon_year: 2023
storage_values:
  CAES:
    cost: 57.4732
    lifetime: 25.3386
    annual_cost: 2.268207398988105
    efficiency: 0.616606
    discharge_ratio: 0.1
    depth_of_discharge: 0.4
  Li-ion:
    cost: 176.637
    lifetime: 18.5148
    annual_cost: 9.540313694989953
    efficiency: 0.912868
    discharge_ratio: 2
    depth_of_discharge: 0.9
  Pb-acid:
    cost: 155.632
    lifetime: 6.46081
    annual_cost: 24.088620467093136
    efficiency: 0.705845
    discharge_ratio: 5
    depth_of_discharge: 0.5
  VRBF:
    cost: 279.721
    lifetime: 20.4759
    annual_cost: 13.660986818650219
    efficiency: 0.809653
    discharge_ratio: 0.5
    depth_of_discharge: 1.0
