cost_values:
  wind_capex: 5000.0
  wind_opex: 100
  wind_lifetime: 20
  solar_capex: 1000.0
  solar_opex: 10
  solar_lifetime: 20
  carbon_price: 1.0
timeseries_values:
  load_level: 244935.6241813471
  wind_year: 2017
  solar_year: 2013
  price_year: 2023
  carbon_year: 2023
storage_values:
  CAES:
    cost: 55.3881
    lifetime: 25.2351
    annual_cost: 2.194883317284259
    efficiency: 0.619622
    discharge_ratio: 0.1
    depth_of_discharge: 0.4
  Li-ion:
    cost: 172.547
    lifetime: 20.6059
    annual_cost: 8.373669677131307
    efficiency: 0.929585
    discharge_ratio: 2
    depth_of_discharge: 0.9
  Pb-acid:
    cost: 142.239
    lifetime: 7.29131
    annual_cost: 19.508017077863922
    efficiency: 0.722545
    discharge_ratio: 5
    depth_of_discharge: 0.5
  VRBF:
    cost: 243.079
    lifetime: 19.3393
    annual_cost: 12.56917261741635
    efficiency: 0.799235
    discharge_ratio: 0.5
    depth_of_discharge: 1.0
