cost_values:
  wind_capex: 5000.0
  wind_opex: 100
  wind_lifetime: 20
  solar_capex: 1000.0
  solar_opex: 10
  solar_lifetime: 20
  carbon_price: 1.0
timeseries_values:
  load_level: 244935.6241813471
  wind_year: 2017
  solar_year: 2013
  price_year: 2023
  carbon_year: 2023
storage_values:
  CAES:
    cost: 58.4762
    lifetime: 25.5717
    annual_cost: 2.286754498136612
    efficiency: 0.631874
    discharge_ratio: 0.1
    depth_of_discharge: 0.4
  Li-ion:
    cost: 212.977
    lifetime: 20.8012
    annual_cost: 10.23868815260658
    efficiency: 0.905134
    discharge_ratio: 2
    depth_of_discharge: 0.9
  Pb-acid:
    cost: 133.479
    lifetime: 6.42515
    annual_cost: 20.774456627471732
    efficiency: 0.724456
    discharge_ratio: 5
    depth_of_discharge: 0.5
  VRBF:
    cost: 258.267
    lifetime: 18.2245
    annual_cost: 14.171417597190596
    efficiency: 0.808841
    discharge_ratio: 0.5
    depth_of_discharge: 1.0
