cost_values:
  wind_capex: 5000.0
  wind_opex: 100
  wind_lifetime: 20
  solar_capex: 1000.0
  solar_opex: 10
  solar_lifetime: 20
  carbon_price: 1.0
timeseries_values:
  load_level: 244935.6241813471
  wind_year: 2017
  solar_year: 2013
  price_year: 2023
  carbon_year: 2023
storage_values:
  CAES:
    cost: 52.446
    lifetime: 26.2853
    annual_cost: 1.99525970789757
    efficiency: 0.622375
    discharge_ratio: 0.1
    depth_of_discharge: 0.4
  Li-ion:
    cost: 198.642
    lifetime: 20.0234
    annual_cost: 9.9204930231629
    efficiency: 0.910789
    discharge_ratio: 2
    depth_of_discharge: 0.9
  Pb-acid:
    cost: 129.819
    lifetime: 6.73914
    annual_cost: 19.263437174476266
    efficiency: 0.717811
    discharge_ratio: 5
    depth_of_discharge: 0.5
  VRBF:
    cost: 258.472
    lifetime: 18.8479
    annual_cost: 13.713570212066065
    efficiency: 0.812324
    discharge_ratio: 0.5
    depth_of_discharge: 1.0
