cost_values:
  wind_capex: 5000.0
  wind_opex: 100
  wind_lifetime: 20
  solar_capex: 1000.0
  solar_opex: 10
  solar_lifetime: 20
  carbon_price: 1.0
timeseries_values:
  load_level: 244935.6241813471
  wind_year: 2017
  solar_year: 2013
  price_year: 2023
  carbon_year: 2023
storage_values:
  CAES:
    cost: 57.5603
    lifetime: 25.4815
    annual_cost: 2.2589054804465984
    efficiency: 0.628513
    discharge_ratio: 0.1
    depth_of_discharge: 0.4
  Li-ion:
    cost: 184.827
    lifetime: 18.4887
    annual_cost: 9.99675477453796
    efficiency: 0.92634
    discharge_ratio: 2
    depth_of_discharge: 0.9
  Pb-acid:
    cost: 144.42
    lifetime: 7.95009
    annual_cost: 18.165832084919792
    efficiency: 0.718267
    discharge_ratio: 5
    depth_of_discharge: 0.5
  VRBF:
    cost: 270.879
    lifetime: 19.4196
    annual_cost: 13.948742507569673
    efficiency: 0.813284
    discharge_ratio: 0.5
    depth_of_discharge: 1.0
