cost_values:
  wind_capex: 5000.0
  wind_opex: 100
  wind_lifetime: 20
  solar_capex: 1000.0
  solar_opex: 10
  solar_lifetime: 20
  carbon_price: 1.0
timeseries_values:
  load_level: 244935.6241813471
  wind_year: 2017
  solar_year: 2013
  price_year: 2023
  carbon_year: 2023
storage_values:
  CAES:
    cost: 55.2093
    lifetime: 25.3889
    annual_cost: 2.1745447813808396
    efficiency: 0.634365
    discharge_ratio: 0.1
    depth_of_discharge: 0.4
  Li-ion:
    cost: 195.111
    lifetime: 19.9846
    annual_cost: 9.763067562022757
    efficiency: 0.909172
    discharge_ratio: 2
    depth_of_discharge: 0.9
  Pb-acid:
    cost: 146.599
    lifetime: 6.63818
    annual_cost: 22.084215854345615
    efficiency: 0.714143
    discharge_ratio: 5
    depth_of_discharge: 0.5
  VRBF:
    cost: 274.798
    lifetime: 21.4926
    annual_cost: 12.785702986144068
    efficiency: 0.828285
    discharge_ratio: 0.5
    depth_of_discharge: 1.0
