cost_values:
  wind_capex: 5000.0
  wind_opex: 100
  wind_lifetime: 20
  solar_capex: 1000.0
  solar_opex: 10
  solar_lifetime: 20
  carbon_price: 1.0
timeseries_values:
  load_level: 244935.6241813471
  wind_year: 2017
  solar_year: 2013
  price_year: 2023
  carbon_year: 2023
storage_values:
  CAES:
    cost: 56.5174
    lifetime: 24.64
    annual_cost: 2.2937256493506495
    efficiency: 0.630872
    discharge_ratio: 0.1
    depth_of_discharge: 0.4
  Li-ion:
    cost: 194.277
    lifetime: 19.6338
    annual_cost: 9.895027961983924
    efficiency: 0.917286
    discharge_ratio: 2
    depth_of_discharge: 0.9
  Pb-acid:
    cost: 132.003
    lifetime: 7.19804
    annual_cost: 18.338742213158024
    efficiency: 0.722101
    discharge_ratio: 5
    depth_of_discharge: 0.5
  VRBF:
    cost: 310.512
    lifetime: 19.2357
    annual_cost: 16.142485066828865
    efficiency: 0.812958
    discharge_ratio: 0.5
    depth_of_discharge: 1.0
