cost_values:
  wind_capex: 5000.0
  wind_opex: 100
  wind_lifetime: 20
  solar_capex: 1000.0
  solar_opex: 10
  solar_lifetime: 20
  carbon_price: 1.0
timeseries_values:
  load_level: 244935.6241813471
  wind_year: 2017
  solar_year: 2013
  price_year: 2023
  carbon_year: 2023
storage_values:
  CAES:
    cost: 57.0231
    lifetime: 26.583
    annual_cost: 2.145096490238122
    efficiency: 0.61946
    discharge_ratio: 0.1
    depth_of_discharge: 0.4
  Li-ion:
    cost: 177.514
    lifetime: 18.7327
    annual_cost: 9.476156667218287
    efficiency: 0.920834
    discharge_ratio: 2
    depth_of_discharge: 0.9
  Pb-acid:
    cost: 159.043
    lifetime: 6.16506
    annual_cost: 25.797478045631347
    efficiency: 0.710604
    discharge_ratio: 5
    depth_of_discharge: 0.5
  VRBF:
    cost: 255.358
    lifetime: 19.1289
    annual_cost: 13.349330071253442
    efficiency: 0.81537
    discharge_ratio: 0.5
    depth_of_discharge: 1.0
