cost_values:
  wind_capex: 5000.0
  wind_opex: 100
  wind_lifetime: 20
  solar_capex: 1000.0
  solar_opex: 10
  solar_lifetime: 20
  carbon_price: 1.0
timeseries_values:
  load_level: 244935.6241813471
  wind_year: 2017
  solar_year: 2013
  price_year: 2023
  carbon_year: 2023
storage_values:
  CAES:
    cost: 59.6679
    lifetime: 25.014
    annual_cost: 2.385380187095227
    efficiency: 0.622766
    discharge_ratio: 0.1
    depth_of_discharge: 0.4
  Li-ion:
    cost: 196.074
    lifetime: 19.1858
    annual_cost: 10.219745853704303
    efficiency: 0.912712
    discharge_ratio: 2
    depth_of_discharge: 0.9
  Pb-acid:
    cost: 138.006
    lifetime: 7.44594
    annual_cost: 18.534395925833408
    efficiency: 0.738032
    discharge_ratio: 5
    depth_of_discharge: 0.5
  VRBF:
    cost: 272.385
    lifetime: 20.738
    annual_cost: 13.134583855723792
    efficiency: 0.811208
    discharge_ratio: 0.5
    depth_of_discharge: 1.0
