cost_values:
  wind_capex: 5000.0
  wind_opex: 100
  wind_lifetime: 20
  solar_capex: 1000.0
  solar_opex: 10
  solar_lifetime: 20
  carbon_price: 1.0
timeseries_values:
  load_level: 244935.6241813471
  wind_year: 2017
  solar_year: 2013
  price_year: 2023
  carbon_year: 2023
storage_values:
  CAES:
    cost: 61.752
    lifetime: 25.1758
    annual_cost: 2.4528316875729868
    efficiency: 0.623159
    discharge_ratio: 0.1
    depth_of_discharge: 0.4
  Li-ion:
    cost: 185.155
    lifetime: 20.5234
    annual_cost: 9.02165333229387
    efficiency: 0.911543
    discharge_ratio: 2
    depth_of_discharge: 0.9
  Pb-acid:
    cost: 143.542
    lifetime: 6.07583
    annual_cost: 23.6250849678151
    efficiency: 0.706064
    discharge_ratio: 5
    depth_of_discharge: 0.5
  VRBF:
    cost: 264.115
    lifetime: 20.6162
    annual_cost: 12.811041802077979
    efficiency: 0.820194
    discharge_ratio: 0.5
    depth_of_discharge: 1.0
