cost_values:
  wind_capex: 5000.0
  wind_opex: 100
  wind_lifetime: 20
  solar_capex: 1000.0
  solar_opex: 10
  solar_lifetime: 20
  carbon_price: 1.0
timeseries_values:
  load_level: 244935.6241813471
  wind_year: 2017
  solar_year: 2013
  price_year: 2023
  carbon_year: 2023
storage_values:
  CAES:
    cost: 57.4048
    lifetime: 25.901
    annual_cost: 2.2163159723562798
    efficiency: 0.627572
    discharge_ratio: 0.1
    depth_of_discharge: 0.4
  Li-ion:
    cost: 193.599
    lifetime: 21.2954
    annual_cost: 9.091118269673261
    efficiency: 0.929225
    discharge_ratio: 2
    depth_of_discharge: 0.9
  Pb-acid:
    cost: 143.308
    lifetime: 7.76358
    annual_cost: 18.459009889767348
    efficiency: 0.70944
    discharge_ratio: 5
    depth_of_discharge: 0.5
  VRBF:
    cost: 247.089
    lifetime: 20.5352
    annual_cost: 12.03246133468386
    efficiency: 0.799469
    discharge_ratio: 0.5
    depth_of_discharge: 1.0
