cost_values:
  wind_capex: 5000.0
  wind_opex: 100
  wind_lifetime: 20
  solar_capex: 1000.0
  solar_opex: 10
  solar_lifetime: 20
  carbon_price: 1.0
timeseries_values:
  load_level: 244935.6241813471
  wind_year: 2017
  solar_year: 2013
  price_year: 2023
  carbon_year: 2023
storage_values:
  CAES:
    cost: 50.4767
    lifetime: 25.8294
    annual_cost: 1.9542343221290468
    efficiency: 0.623906
    discharge_ratio: 0.1
    depth_of_discharge: 0.4
  Li-ion:
    cost: 199.763
    lifetime: 17.6606
    annual_cost: 11.311223854229189
    efficiency: 0.904864
    discharge_ratio: 2
    depth_of_discharge: 0.9
  Pb-acid:
    cost: 147.39
    lifetime: 5.33882
    annual_cost: 27.607224068239795
    efficiency: 0.739692
    discharge_ratio: 5
    depth_of_discharge: 0.5
  VRBF:
    cost: 245.04
    lifetime: 17.9817
    annual_cost: 13.627187640768113
    efficiency: 0.804701
    discharge_ratio: 0.5
    depth_of_discharge: 1.0
