cost_values:
  wind_capex: 5000.0
  wind_opex: 100
  wind_lifetime: 20
  solar_capex: 1000.0
  solar_opex: 10
  solar_lifetime: 20
  carbon_price: 1.0
timeseries_values:
  load_level: 244935.6241813471
  wind_year: 2017
  solar_year: 2013
  price_year: 2023
  carbon_year: 2023
storage_values:
  CAES:
    cost: 64.7196
    lifetime: 25.5501
    annual_cost: 2.533046837390069
    efficiency: 0.618754
    discharge_ratio: 0.1
    depth_of_discharge: 0.4
  Li-ion:
    cost: 207.795
    lifetime: 19.0593
    annual_cost: 10.902551510286315
    efficiency: 0.937791
    discharge_ratio: 2
    depth_of_discharge: 0.9
  Pb-acid:
    cost: 139.396
    lifetime: 6.22413
    annual_cost: 22.396061778915286
    efficiency: 0.715991
    discharge_ratio: 5
    depth_of_discharge: 0.5
  VRBF:
    cost: 253.173
    lifetime: 19.7756
    annual_cost: 12.802291713020084
    efficiency: 0.827073
    discharge_ratio: 0.5
    depth_of_discharge: 1.0
