cost_values:
  wind_capex: 5000.0
  wind_opex: 100
  wind_lifetime: 20
  solar_capex: 1000.0
  solar_opex: 10
  solar_lifetime: 20
  carbon_price: 1.0
timeseries_values:
  load_level: 244935.6241813471
  wind_year: 2017
  solar_year: 2013
  price_year: 2023
  carbon_year: 2023
storage_values:
  CAES:
    cost: 61.4857
    lifetime: 25.0284
    annual_cost: 2.4566372600725574
    efficiency: 0.608476
    discharge_ratio: 0.1
    depth_of_discharge: 0.4
  Li-ion:
    cost: 173.352
    lifetime: 19.4482
    annual_cost: 8.913524130767886
    efficiency: 0.918796
    discharge_ratio: 2
    depth_of_discharge: 0.9
  Pb-acid:
    cost: 170.842
    lifetime: 7.67589
    annual_cost: 22.25696303620818
    efficiency: 0.723204
    discharge_ratio: 5
    depth_of_discharge: 0.5
  VRBF:
    cost: 238.996
    lifetime: 20.3113
    annual_cost: 11.766652060675586
    efficiency: 0.819503
    discharge_ratio: 0.5
    depth_of_discharge: 1.0
