cost_values:
  wind_capex: 5000.0
  wind_opex: 100
  wind_lifetime: 20
  solar_capex: 1000.0
  solar_opex: 10
  solar_lifetime: 20
  carbon_price: 1.0
timeseries_values:
  load_level: 244935.6241813471
  wind_year: 2017
  solar_year: 2013
  price_year: 2023
  carbon_year: 2023
storage_values:
  CAES:
    cost: 54.8771
    lifetime: 25.4234
    annual_cost: 2.1585271836182414
    efficiency: 0.615605
    discharge_ratio: 0.1
    depth_of_discharge: 0.4
  Li-ion:
    cost: 194.67
    lifetime: 20.7869
    annual_cost: 9.365032785071367
    efficiency: 0.91625
    discharge_ratio: 2
    depth_of_discharge: 0.9
  Pb-acid:
    cost: 148.709
    lifetime: 6.34076
    annual_cost: 23.452866848768917
    efficiency: 0.716166
    discharge_ratio: 5
    depth_of_discharge: 0.5
  VRBF:
    cost: 253.872
    lifetime: 17.6245
    annual_cost: 14.40449374450339
    efficiency: 0.813867
    discharge_ratio: 0.5
    depth_of_discharge: 1.0
