cost_values:
  wind_capex: 5000.0
  wind_opex: 100
  wind_lifetime: 20
  solar_capex: 1000.0
  solar_opex: 10
  solar_lifetime: 20
  carbon_price: 1.0
timeseries_values:
  load_level: 244935.6241813471
  wind_year: 2017
  solar_year: 2013
  price_year: 2023
  carbon_year: 2023
storage_values:
  CAES:
    cost: 57.5789
    lifetime: 25.5901
    annual_cost: 2.250045916194153
    efficiency: 0.630708
    discharge_ratio: 0.1
    depth_of_discharge: 0.4
  Li-ion:
    cost: 191.871
    lifetime: 19.533
    annual_cost: 9.822915066810014
    efficiency: 0.921884
    discharge_ratio: 2
    depth_of_discharge: 0.9
  Pb-acid:
    cost: 146.504
    lifetime: 6.43643
    annual_cost: 22.76168621425231
    efficiency: 0.705179
    discharge_ratio: 5
    depth_of_discharge: 0.5
  VRBF:
    cost: 267.307
    lifetime: 20.0467
    annual_cost: 13.334214608888246
    efficiency: 0.799184
    discharge_ratio: 0.5
    depth_of_discharge: 1.0
