cost_values:
  wind_capex: 5000.0
  wind_opex: 100
  wind_lifetime: 20
  solar_capex: 1000.0
  solar_opex: 10
  solar_lifetime: 20
  carbon_price: 1.0
timeseries_values:
  load_level: 244935.6241813471
  wind_year: 2017
  solar_year: 2013
  price_year: 2023
  carbon_year: 2023
storage_values:
  CAES:
    cost: 58.5496
    lifetime: 25.2997
    annual_cost: 2.314240880326644
    efficiency: 0.623322
    discharge_ratio: 0.1
    depth_of_discharge: 0.4
  Li-ion:
    cost: 186.101
    lifetime: 19.7367
    annual_cost: 9.429185223466943
    efficiency: 0.919868
    discharge_ratio: 2
    depth_of_discharge: 0.9
  Pb-acid:
    cost: 137.614
    lifetime: 6.90368
    annual_cost: 19.933426810049134
    efficiency: 0.713755
    discharge_ratio: 5
    depth_of_discharge: 0.5
  VRBF:
    cost: 247.986
    lifetime: 18.8823
    annual_cost: 13.133251775472267
    efficiency: 0.794374
    discharge_ratio: 0.5
    depth_of_discharge: 1.0
