cost_values:
  wind_capex: 5000.0
  wind_opex: 100
  wind_lifetime: 20
  solar_capex: 1000.0
  solar_opex: 10
  solar_lifetime: 20
  carbon_price: 1.0
timeseries_values:
  load_level: 244935.6241813471
  wind_year: 2017
  solar_year: 2013
  price_year: 2023
  carbon_year: 2023
storage_values:
  CAES:
    cost: 50.8137
    lifetime: 25.4375
    annual_cost: 1.9975901719901719
    efficiency: 0.619603
    discharge_ratio: 0.1
    depth_of_discharge: 0.4
  Li-ion:
    cost: 179.261
    lifetime: 17.8282
    annual_cost: 10.054913002995255
    efficiency: 0.908308
    discharge_ratio: 2
    depth_of_discharge: 0.9
  Pb-acid:
    cost: 140.529
    lifetime: 7.48182
    annual_cost: 18.782729335910247
    efficiency: 0.711081
    discharge_ratio: 5
    depth_of_discharge: 0.5
  VRBF:
    cost: 278.641
    lifetime: 18.5731
    annual_cost: 15.002395938211716
    efficiency: 0.808246
    discharge_ratio: 0.5
    depth_of_discharge: 1.0
