cost_values:
  wind_capex: 5000.0
  wind_opex: 100
  wind_lifetime: 20
  solar_capex: 1000.0
  solar_opex: 10
  solar_lifetime: 20
  carbon_price: 1.0
timeseries_values:
  load_level: 244935.6241813471
  wind_year: 2017
  solar_year: 2013
  price_year: 2023
  carbon_year: 2023
storage_values:
  CAES:
    cost: 53.5986
    lifetime: 25.3224
    annual_cost: 2.1166477111174298
    efficiency: 0.62186
    discharge_ratio: 0.1
    depth_of_discharge: 0.4
  Li-ion:
    cost: 197.158
    lifetime: 21.5391
    annual_cost: 9.153492950030408
    efficiency: 0.910401
    discharge_ratio: 2
    depth_of_discharge: 0.9
  Pb-acid:
    cost: 142.376
    lifetime: 6.74497
    annual_cost: 21.108470460209606
    efficiency: 0.725118
    discharge_ratio: 5
    depth_of_discharge: 0.5
  VRBF:
    cost: 253.48
    lifetime: 18.4
    annual_cost: 13.77608695652174
    efficiency: 0.787065
    discharge_ratio: 0.5
    depth_of_discharge: 1.0
