cost_values:
  wind_capex: 5000.0
  wind_opex: 100
  wind_lifetime: 20
  solar_capex: 1000.0
  solar_opex: 10
  solar_lifetime: 20
  carbon_price: 1.0
timeseries_values:
  load_level: 244935.6241813471
  wind_year: 2017
  solar_year: 2013
  price_year: 2023
  carbon_year: 2023
storage_values:
  CAES:
    cost: 58.27
    lifetime: 24.151
    annual_cost: 2.4127365326487515
    efficiency: 0.620915
    discharge_ratio: 0.1
    depth_of_discharge: 0.4
  Li-ion:
    cost: 188.937
    lifetime: 19.1002
    annual_cost: 9.891885948838231
    efficiency: 0.916768
    discharge_ratio: 2
    depth_of_discharge: 0.9
  Pb-acid:
    cost: 141.82
    lifetime: 6.39652
    annual_cost: 22.171430715451528
    efficiency: 0.727269
    discharge_ratio: 5
    depth_of_discharge: 0.5
  VRBF:
    cost: 225.704
    lifetime: 20.3629
    annual_cost: 11.08407937965614
    efficiency: 0.826733
    discharge_ratio: 0.5
    depth_of_discharge: 1.0
