cost_values:
  wind_capex: 5000.0
  wind_opex: 100
  wind_lifetime: 20
  solar_capex: 1000.0
  solar_opex: 10
  solar_lifetime: 20
  carbon_price: 1.0
timeseries_values:
  load_level: 244935.6241813471
  wind_year: 2017
  solar_year: 2013
  price_year: 2023
  carbon_year: 2023
storage_values:
  CAES:
    cost: 62.0911
    lifetime: 26.2782
    annual_cost: 2.3628368761939553
    efficiency: 0.630847
    discharge_ratio: 0.1
    depth_of_discharge: 0.4
  Li-ion:
    cost: 200.107
    lifetime: 21.8524
    annual_cost: 9.157209276784243
    efficiency: 0.914759
    discharge_ratio: 2
    depth_of_discharge: 0.9
  Pb-acid:
    cost: 154.775
    lifetime: 7.00554
    annual_cost: 22.093229072990805
    efficiency: 0.726665
    discharge_ratio: 5
    depth_of_discharge: 0.5
  VRBF:
    cost: 256.524
    lifetime: 19.7372
    annual_cost: 12.996980321423504
    efficiency: 0.809193
    discharge_ratio: 0.5
    depth_of_discharge: 1.0
