cost_values:
  wind_capex: 5000.0
  wind_opex: 100
  wind_lifetime: 20
  solar_capex: 1000.0
  solar_opex: 10
  solar_lifetime: 20
  carbon_price: 1.0
timeseries_values:
  load_level: 244935.6241813471
  wind_year: 2017
  solar_year: 2013
  price_year: 2023
  carbon_year: 2023
storage_values:
  CAES:
    cost: 59.1659
    lifetime: 25.881
    annual_cost: 2.2860747266334376
    efficiency: 0.629095
    discharge_ratio: 0.1
    depth_of_discharge: 0.4
  Li-ion:
    cost: 172.418
    lifetime: 17.3783
    annual_cost: 9.921453767054315
    efficiency: 0.912761
    discharge_ratio: 2
    depth_of_discharge: 0.9
  Pb-acid:
    cost: 140.599
    lifetime: 7.56508
    annual_cost: 18.585262812818897
    efficiency: 0.705551
    discharge_ratio: 5
    depth_of_discharge: 0.5
  VRBF:
    cost: 295.888
    lifetime: 19.4001
    annual_cost: 15.251880144947707
    efficiency: 0.796105
    discharge_ratio: 0.5
    depth_of_discharge: 1.0
