cost_values:
  wind_capex: 5000.0
  wind_opex: 100
  wind_lifetime: 20
  solar_capex: 1000.0
  solar_opex: 10
  solar_lifetime: 20
  carbon_price: 1.0
timeseries_values:
  load_level: 244935.6241813471
  wind_year: 2017
  solar_year: 2013
  price_year: 2023
  carbon_year: 2023
storage_values:
  CAES:
    cost: 55.6299
    lifetime: 25.0577
    annual_cost: 2.2200720736540065
    efficiency: 0.625366
    discharge_ratio: 0.1
    depth_of_discharge: 0.4
  Li-ion:
    cost: 182.454
    lifetime: 18.9983
    annual_cost: 9.603701383808025
    efficiency: 0.911284
    discharge_ratio: 2
    depth_of_discharge: 0.9
  Pb-acid:
    cost: 140.198
    lifetime: 6.12414
    annual_cost: 22.892683707426677
    efficiency: 0.720014
    discharge_ratio: 5
    depth_of_discharge: 0.5
  VRBF:
    cost: 260.146
    lifetime: 18.5031
    annual_cost: 14.059590014646195
    efficiency: 0.818672
    discharge_ratio: 0.5
    depth_of_discharge: 1.0
