cost_values:
  wind_capex: 5000.0
  wind_opex: 100
  wind_lifetime: 20
  solar_capex: 1000.0
  solar_opex: 10
  solar_lifetime: 20
  carbon_price: 1.0
timeseries_values:
  load_level: 244935.6241813471
  wind_year: 2017
  solar_year: 2013
  price_year: 2023
  carbon_year: 2023
storage_values:
  CAES:
    cost: 55.4834
    lifetime: 24.5167
    annual_cost: 2.263085978129194
    efficiency: 0.626521
    discharge_ratio: 0.1
    depth_of_discharge: 0.4
  Li-ion:
    cost: 189.812
    lifetime: 18.4212
    annual_cost: 10.303997568019456
    efficiency: 0.913387
    discharge_ratio: 2
    depth_of_discharge: 0.9
  Pb-acid:
    cost: 153.056
    lifetime: 6.73988
    annual_cost: 22.709009655958265
    efficiency: 0.73417
    discharge_ratio: 5
    depth_of_discharge: 0.5
  VRBF:
    cost: 273.915
    lifetime: 19.5632
    annual_cost: 14.0015437147297
    efficiency: 0.806471
    discharge_ratio: 0.5
    depth_of_discharge: 1.0
