cost_values:
  wind_capex: 5000.0
  wind_opex: 100
  wind_lifetime: 20
  solar_capex: 1000.0
  solar_opex: 10
  solar_lifetime: 20
  carbon_price: 1.0
timeseries_values:
  load_level: 244935.6241813471
  wind_year: 2017
  solar_year: 2013
  price_year: 2023
  carbon_year: 2023
storage_values:
  CAES:
    cost: 60.3684
    lifetime: 26.7216
    annual_cost: 2.259161128076163
    efficiency: 0.62345
    discharge_ratio: 0.1
    depth_of_discharge: 0.4
  Li-ion:
    cost: 175.5
    lifetime: 19.507
    annual_cost: 8.996770390116367
    efficiency: 0.908164
    discharge_ratio: 2
    depth_of_discharge: 0.9
  Pb-acid:
    cost: 139.846
    lifetime: 6.57692
    annual_cost: 21.263144450593895
    efficiency: 0.715825
    discharge_ratio: 5
    depth_of_discharge: 0.5
  VRBF:
    cost: 295.425
    lifetime: 20.603
    annual_cost: 14.338931223608212
    efficiency: 0.831516
    discharge_ratio: 0.5
    depth_of_discharge: 1.0
