cost_values:
  wind_capex: 5000.0
  wind_opex: 100
  wind_lifetime: 20
  solar_capex: 1000.0
  solar_opex: 10
  solar_lifetime: 20
  carbon_price: 1.0
timeseries_values:
  load_level: 244935.6241813471
  wind_year: 2017
  solar_year: 2013
  price_year: 2023
  carbon_year: 2023
storage_values:
  CAES:
    cost: 56.3733
    lifetime: 26.438
    annual_cost: 2.1322830773886072
    efficiency: 0.626947
    discharge_ratio: 0.1
    depth_of_discharge: 0.4
  Li-ion:
    cost: 175.614
    lifetime: 20.6291
    annual_cost: 8.512925915333193
    efficiency: 0.916167
    discharge_ratio: 2
    depth_of_discharge: 0.9
  Pb-acid:
    cost: 139.402
    lifetime: 5.92415
    annual_cost: 23.53113948836542
    efficiency: 0.714386
    discharge_ratio: 5
    depth_of_discharge: 0.5
  VRBF:
    cost: 281.51
    lifetime: 18.9808
    annual_cost: 14.831303211666526
    efficiency: 0.803828
    discharge_ratio: 0.5
    depth_of_discharge: 1.0
