cost_values:
  wind_capex: 5000.0
  wind_opex: 100
  wind_lifetime: 20
  solar_capex: 1000.0
  solar_opex: 10
  solar_lifetime: 20
  carbon_price: 1.0
timeseries_values:
  load_level: 244935.6241813471
  wind_year: 2017
  solar_year: 2013
  price_year: 2023
  carbon_year: 2023
storage_values:
  CAES:
    cost: 51.6436
    lifetime: 25.3662
    annual_cost: 2.035921817221342
    efficiency: 0.622885
    discharge_ratio: 0.1
    depth_of_discharge: 0.4
  Li-ion:
    cost: 196.02
    lifetime: 20.9767
    annual_cost: 9.34465383020208
    efficiency: 0.908647
    discharge_ratio: 2
    depth_of_discharge: 0.9
  Pb-acid:
    cost: 134.204
    lifetime: 6.90456
    annual_cost: 19.437009744284936
    efficiency: 0.72106
    discharge_ratio: 5
    depth_of_discharge: 0.5
  VRBF:
    cost: 267.592
    lifetime: 17.1993
    annual_cost: 15.558307605542085
    efficiency: 0.80277
    discharge_ratio: 0.5
    depth_of_discharge: 1.0
