cost_values:
  wind_capex: 5000.0
  wind_opex: 100
  wind_lifetime: 20
  solar_capex: 1000.0
  solar_opex: 10
  solar_lifetime: 20
  carbon_price: 1.0
timeseries_values:
  load_level: 244935.6241813471
  wind_year: 2017
  solar_year: 2013
  price_year: 2023
  carbon_year: 2023
storage_values:
  CAES:
    cost: 58.1762
    lifetime: 24.2284
    annual_cost: 2.4011573195093363
    efficiency: 0.624766
    discharge_ratio: 0.1
    depth_of_discharge: 0.4
  Li-ion:
    cost: 188.247
    lifetime: 20.214
    annual_cost: 9.312704066488573
    efficiency: 0.922473
    discharge_ratio: 2
    depth_of_discharge: 0.9
  Pb-acid:
    cost: 144.264
    lifetime: 7.6549
    annual_cost: 18.845967942102448
    efficiency: 0.705057
    discharge_ratio: 5
    depth_of_discharge: 0.5
  VRBF:
    cost: 275.814
    lifetime: 20.9107
    annual_cost: 13.19008928443333
    efficiency: 0.811665
    discharge_ratio: 0.5
    depth_of_discharge: 1.0
