cost_values:
  wind_capex: 5000.0
  wind_opex: 100
  wind_lifetime: 20
  solar_capex: 1000.0
  solar_opex: 10
  solar_lifetime: 20
  carbon_price: 1.0
timeseries_values:
  load_level: 244935.6241813471
  wind_year: 2017
  solar_year: 2013
  price_year: 2023
  carbon_year: 2023
storage_values:
  CAES:
    cost: 64.1636
    lifetime: 26.2915
    annual_cost: 2.440469353213016
    efficiency: 0.618479
    discharge_ratio: 0.1
    depth_of_discharge: 0.4
  Li-ion:
    cost: 187.76
    lifetime: 19.6135
    annual_cost: 9.57299819002218
    efficiency: 0.920393
    discharge_ratio: 2
    depth_of_discharge: 0.9
  Pb-acid:
    cost: 151.091
    lifetime: 5.95384
    annual_cost: 25.377067573196463
    efficiency: 0.706925
    discharge_ratio: 5
    depth_of_discharge: 0.5
  VRBF:
    cost: 256.167
    lifetime: 18.3414
    annual_cost: 13.966600150479243
    efficiency: 0.832337
    discharge_ratio: 0.5
    depth_of_discharge: 1.0
