cost_values:
  wind_capex: 5000.0
  wind_opex: 100
  wind_lifetime: 20
  solar_capex: 1000.0
  solar_opex: 10
  solar_lifetime: 20
  carbon_price: 1.0
timeseries_values:
  load_level: 244935.6241813471
  wind_year: 2017
  solar_year: 2013
  price_year: 2023
  carbon_year: 2023
storage_values:
  CAES:
    cost: 55.5699
    lifetime: 24.856
    annual_cost: 2.2356734792404245
    efficiency: 0.62176
    discharge_ratio: 0.1
    depth_of_discharge: 0.4
  Li-ion:
    cost: 182.362
    lifetime: 20.1389
    annual_cost: 9.055211555745348
    efficiency: 0.921152
    discharge_ratio: 2
    depth_of_discharge: 0.9
  Pb-acid:
    cost: 155.597
    lifetime: 6.57678
    annual_cost: 23.65853806878138
    efficiency: 0.722585
    discharge_ratio: 5
    depth_of_discharge: 0.5
  VRBF:
    cost: 231.485
    lifetime: 18.78
    annual_cost: 12.326144834930778
    efficiency: 0.814297
    discharge_ratio: 0.5
    depth_of_discharge: 1.0
