cost_values:
  wind_capex: 5000.0
  wind_opex: 100
  wind_lifetime: 20
  solar_capex: 1000.0
  solar_opex: 10
  solar_lifetime: 20
  carbon_price: 1.0
timeseries_values:
  load_level: 244935.6241813471
  wind_year: 2017
  solar_year: 2013
  price_year: 2023
  carbon_year: 2023
storage_values:
  CAES:
    cost: 54.4148
    lifetime: 25.6282
    annual_cost: 2.1232392442699837
    efficiency: 0.617935
    discharge_ratio: 0.1
    depth_of_discharge: 0.4
  Li-ion:
    cost: 179.443
    lifetime: 19.8831
    annual_cost: 9.024900543677798
    efficiency: 0.934032
    discharge_ratio: 2
    depth_of_discharge: 0.9
  Pb-acid:
    cost: 146.943
    lifetime: 7.17339
    annual_cost: 20.484457139511445
    efficiency: 0.707425
    discharge_ratio: 5
    depth_of_discharge: 0.5
  VRBF:
    cost: 251.191
    lifetime: 20.3636
    annual_cost: 12.335294348739907
    efficiency: 0.816496
    discharge_ratio: 0.5
    depth_of_discharge: 1.0
