cost_values:
  wind_capex: 5000.0
  wind_opex: 100
  wind_lifetime: 20
  solar_capex: 1000.0
  solar_opex: 10
  solar_lifetime: 20
  carbon_price: 1.0
timeseries_values:
  load_level: 244935.6241813471
  wind_year: 2017
  solar_year: 2013
  price_year: 2023
  carbon_year: 2023
storage_values:
  CAES:
    cost: 57.3326
    lifetime: 24.2972
    annual_cost: 2.3596381476054855
    efficiency: 0.618451
    discharge_ratio: 0.1
    depth_of_discharge: 0.4
  Li-ion:
    cost: 193.669
    lifetime: 19.5458
    annual_cost: 9.908471385156915
    efficiency: 0.900776
    discharge_ratio: 2
    depth_of_discharge: 0.9
  Pb-acid:
    cost: 154.784
    lifetime: 7.78254
    annual_cost: 19.88862248057832
    efficiency: 0.723011
    discharge_ratio: 5
    depth_of_discharge: 0.5
  VRBF:
    cost: 230.123
    lifetime: 19.7818
    annual_cost: 11.633066758333417
    efficiency: 0.818255
    discharge_ratio: 0.5
    depth_of_discharge: 1.0
