cost_values:
  wind_capex: 5000.0
  wind_opex: 100
  wind_lifetime: 20
  solar_capex: 1000.0
  solar_opex: 10
  solar_lifetime: 20
  carbon_price: 1.0
timeseries_values:
  load_level: 244935.6241813471
  wind_year: 2017
  solar_year: 2013
  price_year: 2023
  carbon_year: 2023
storage_values:
  CAES:
    cost: 61.8054
    lifetime: 25.1281
    annual_cost: 2.45961294327864
    efficiency: 0.627024
    discharge_ratio: 0.1
    depth_of_discharge: 0.4
  Li-ion:
    cost: 181.338
    lifetime: 21.1161
    annual_cost: 8.58766533592851
    efficiency: 0.912399
    discharge_ratio: 2
    depth_of_discharge: 0.9
  Pb-acid:
    cost: 124.436
    lifetime: 6.09339
    annual_cost: 20.421473104462375
    efficiency: 0.708302
    discharge_ratio: 5
    depth_of_discharge: 0.5
  VRBF:
    cost: 253.275
    lifetime: 19.7603
    annual_cost: 12.817366133105267
    efficiency: 0.828069
    discharge_ratio: 0.5
    depth_of_discharge: 1.0
