cost_values:
  wind_capex: 5000.0
  wind_opex: 100
  wind_lifetime: 20
  solar_capex: 1000.0
  solar_opex: 10
  solar_lifetime: 20
  carbon_price: 1.0
timeseries_values:
  load_level: 244935.6241813471
  wind_year: 2017
  solar_year: 2013
  price_year: 2023
  carbon_year: 2023
storage_values:
  CAES:
    cost: 55.7378
    lifetime: 25.3121
    annual_cost: 2.202021957877853
    efficiency: 0.62618
    discharge_ratio: 0.1
    depth_of_discharge: 0.4
  Li-ion:
    cost: 194.774
    lifetime: 19.1266
    annual_cost: 10.183409492539186
    efficiency: 0.905028
    discharge_ratio: 2
    depth_of_discharge: 0.9
  Pb-acid:
    cost: 151.302
    lifetime: 6.47475
    annual_cost: 23.368006486736938
    efficiency: 0.707966
    discharge_ratio: 5
    depth_of_discharge: 0.5
  VRBF:
    cost: 268.624
    lifetime: 21.0057
    annual_cost: 12.788147978881923
    efficiency: 0.78514
    discharge_ratio: 0.5
    depth_of_discharge: 1.0
