cost_values:
  wind_capex: 5000.0
  wind_opex: 100
  wind_lifetime: 20
  solar_capex: 1000.0
  solar_opex: 10
  solar_lifetime: 20
  carbon_price: 1.0
timeseries_values:
  load_level: 244935.6241813471
  wind_year: 2017
  solar_year: 2013
  price_year: 2023
  carbon_year: 2023
storage_values:
  CAES:
    cost: 61.9221
    lifetime: 24.8722
    annual_cost: 2.4896108908741486
    efficiency: 0.616357
    discharge_ratio: 0.1
    depth_of_discharge: 0.4
  Li-ion:
    cost: 174.675
    lifetime: 22.5618
    annual_cost: 7.742068451985214
    efficiency: 0.916511
    discharge_ratio: 2
    depth_of_discharge: 0.9
  Pb-acid:
    cost: 144.418
    lifetime: 6.14571
    annual_cost: 23.498993606922554
    efficiency: 0.709038
    discharge_ratio: 5
    depth_of_discharge: 0.5
  VRBF:
    cost: 285.501
    lifetime: 17.0195
    annual_cost: 16.774934633802403
    efficiency: 0.801768
    discharge_ratio: 0.5
    depth_of_discharge: 1.0
