cost_values:
  wind_capex: 5000.0
  wind_opex: 100
  wind_lifetime: 20
  solar_capex: 1000.0
  solar_opex: 10
  solar_lifetime: 20
  carbon_price: 1.0
timeseries_values:
  load_level: 244935.6241813471
  wind_year: 2017
  solar_year: 2013
  price_year: 2023
  carbon_year: 2023
storage_values:
  CAES:
    cost: 60.4179
    lifetime: 26.0194
    annual_cost: 2.322032790917546
    efficiency: 0.61437
    discharge_ratio: 0.1
    depth_of_discharge: 0.4
  Li-ion:
    cost: 178.395
    lifetime: 17.7925
    annual_cost: 10.026415624560912
    efficiency: 0.907603
    discharge_ratio: 2
    depth_of_discharge: 0.9
  Pb-acid:
    cost: 144.872
    lifetime: 6.16281
    annual_cost: 23.50745844833769
    efficiency: 0.723599
    discharge_ratio: 5
    depth_of_discharge: 0.5
  VRBF:
    cost: 262.688
    lifetime: 18.9553
    annual_cost: 13.85828765569524
    efficiency: 0.801983
    discharge_ratio: 0.5
    depth_of_discharge: 1.0
