cost_values:
  wind_capex: 5000.0
  wind_opex: 100
  wind_lifetime: 20
  solar_capex: 1000.0
  solar_opex: 10
  solar_lifetime: 20
  carbon_price: 1.0
timeseries_values:
  load_level: 244935.6241813471
  wind_year: 2017
  solar_year: 2013
  price_year: 2023
  carbon_year: 2023
storage_values:
  CAES:
    cost: 66.0137
    lifetime: 24.9088
    annual_cost: 2.6502159879239464
    efficiency: 0.617277
    discharge_ratio: 0.1
    depth_of_discharge: 0.4
  Li-ion:
    cost: 179.597
    lifetime: 19.5189
    annual_cost: 9.201184492978602
    efficiency: 0.919276
    discharge_ratio: 2
    depth_of_discharge: 0.9
  Pb-acid:
    cost: 132.812
    lifetime: 6.09601
    annual_cost: 21.786709667471023
    efficiency: 0.713244
    discharge_ratio: 5
    depth_of_discharge: 0.5
  VRBF:
    cost: 279.49
    lifetime: 20.413
    annual_cost: 13.69176505168275
    efficiency: 0.788644
    discharge_ratio: 0.5
    depth_of_discharge: 1.0
