cost_values:
  wind_capex: 5000.0
  wind_opex: 100
  wind_lifetime: 20
  solar_capex: 1000.0
  solar_opex: 10
  solar_lifetime: 20
  carbon_price: 1.0
timeseries_values:
  load_level: 244935.6241813471
  wind_year: 2017
  solar_year: 2013
  price_year: 2023
  carbon_year: 2023
storage_values:
  CAES:
    cost: 64.1849
    lifetime: 24.8111
    annual_cost: 2.586942940861147
    efficiency: 0.621183
    discharge_ratio: 0.1
    depth_of_discharge: 0.4
  Li-ion:
    cost: 163.584
    lifetime: 19.5021
    annual_cost: 8.388019751719046
    efficiency: 0.918813
    discharge_ratio: 2
    depth_of_discharge: 0.9
  Pb-acid:
    cost: 152.761
    lifetime: 7.30389
    annual_cost: 20.915019256861754
    efficiency: 0.719449
    discharge_ratio: 5
    depth_of_discharge: 0.5
  VRBF:
    cost: 245.259
    lifetime: 22.7024
    annual_cost: 10.80321904292057
    efficiency: 0.813068
    discharge_ratio: 0.5
    depth_of_discharge: 1.0
