cost_values:
  wind_capex: 5000.0
  wind_opex: 100
  wind_lifetime: 20
  solar_capex: 1000.0
  solar_opex: 10
  solar_lifetime: 20
  carbon_price: 1.0
timeseries_values:
  load_level: 244935.6241813471
  wind_year: 2017
  solar_year: 2013
  price_year: 2023
  carbon_year: 2023
storage_values:
  CAES:
    cost: 61.382
    lifetime: 26.063
    annual_cost: 2.355139469746384
    efficiency: 0.63327
    discharge_ratio: 0.1
    depth_of_discharge: 0.4
  Li-ion:
    cost: 215.857
    lifetime: 19.9718
    annual_cost: 10.808089406062548
    efficiency: 0.918309
    discharge_ratio: 2
    depth_of_discharge: 0.9
  Pb-acid:
    cost: 142.055
    lifetime: 8.34847
    annual_cost: 17.015692695787372
    efficiency: 0.714615
    discharge_ratio: 5
    depth_of_discharge: 0.5
  VRBF:
    cost: 297.233
    lifetime: 18.8023
    annual_cost: 15.808331959387948
    efficiency: 0.82859
    discharge_ratio: 0.5
    depth_of_discharge: 1.0
