cost_values:
  wind_capex: 5000.0
  wind_opex: 100
  wind_lifetime: 20
  solar_capex: 1000.0
  solar_opex: 10
  solar_lifetime: 20
  carbon_price: 1.0
timeseries_values:
  load_level: 244935.6241813471
  wind_year: 2017
  solar_year: 2013
  price_year: 2023
  carbon_year: 2023
storage_values:
  CAES:
    cost: 62.6141
    lifetime: 25.8763
    annual_cost: 2.419747027202498
    efficiency: 0.625111
    discharge_ratio: 0.1
    depth_of_discharge: 0.4
  Li-ion:
    cost: 172.029
    lifetime: 18.1055
    annual_cost: 9.501477451603105
    efficiency: 0.917404
    discharge_ratio: 2
    depth_of_discharge: 0.9
  Pb-acid:
    cost: 147.561
    lifetime: 5.53156
    annual_cost: 26.676199842359118
    efficiency: 0.727745
    discharge_ratio: 5
    depth_of_discharge: 0.5
  VRBF:
    cost: 276.163
    lifetime: 20.687
    annual_cost: 13.349591530913134
    efficiency: 0.81948
    discharge_ratio: 0.5
    depth_of_discharge: 1.0
