cost_values:
  wind_capex: 5000.0
  wind_opex: 100
  wind_lifetime: 20
  solar_capex: 1000.0
  solar_opex: 10
  solar_lifetime: 20
  carbon_price: 1.0
timeseries_values:
  load_level: 244935.6241813471
  wind_year: 2017
  solar_year: 2013
  price_year: 2023
  carbon_year: 2023
storage_values:
  CAES:
    cost: 54.3926
    lifetime: 26.2433
    annual_cost: 2.07262806125754
    efficiency: 0.633944
    discharge_ratio: 0.1
    depth_of_discharge: 0.4
  Li-ion:
    cost: 170.938
    lifetime: 20.4055
    annual_cost: 8.377055205704345
    efficiency: 0.935229
    discharge_ratio: 2
    depth_of_discharge: 0.9
  Pb-acid:
    cost: 108.995
    lifetime: 7.96376
    annual_cost: 13.68637427546787
    efficiency: 0.715399
    discharge_ratio: 5
    depth_of_discharge: 0.5
  VRBF:
    cost: 240.819
    lifetime: 18.9785
    annual_cost: 12.689042864293805
    efficiency: 0.823401
    discharge_ratio: 0.5
    depth_of_discharge: 1.0
