cost_values:
  wind_capex: 5000.0
  wind_opex: 100
  wind_lifetime: 20
  solar_capex: 1000.0
  solar_opex: 10
  solar_lifetime: 20
  carbon_price: 1.0
timeseries_values:
  load_level: 244935.6241813471
  wind_year: 2017
  solar_year: 2013
  price_year: 2023
  carbon_year: 2023
storage_values:
  CAES:
    cost: 55.7203
    lifetime: 25.0338
    annual_cost: 2.2258027147296855
    efficiency: 0.628888
    discharge_ratio: 0.1
    depth_of_discharge: 0.4
  Li-ion:
    cost: 173.814
    lifetime: 18.2078
    annual_cost: 9.546128582255957
    efficiency: 0.930194
    discharge_ratio: 2
    depth_of_discharge: 0.9
  Pb-acid:
    cost: 114.219
    lifetime: 5.16126
    annual_cost: 22.130061264109923
    efficiency: 0.728347
    discharge_ratio: 5
    depth_of_discharge: 0.5
  VRBF:
    cost: 269.568
    lifetime: 20.7137
    annual_cost: 13.013995568150547
    efficiency: 0.803258
    discharge_ratio: 0.5
    depth_of_discharge: 1.0
