cost_values:
  wind_capex: 5000.0
  wind_opex: 100
  wind_lifetime: 20
  solar_capex: 1000.0
  solar_opex: 10
  solar_lifetime: 20
  carbon_price: 1.0
timeseries_values:
  load_level: 244935.6241813471
  wind_year: 2017
  solar_year: 2013
  price_year: 2023
  carbon_year: 2023
storage_values:
  CAES:
    cost: 60.5011
    lifetime: 25.2977
    annual_cost: 2.3915652411088755
    efficiency: 0.635321
    discharge_ratio: 0.1
    depth_of_discharge: 0.4
  Li-ion:
    cost: 194.917
    lifetime: 19.6638
    annual_cost: 9.91247876809162
    efficiency: 0.936451
    discharge_ratio: 2
    depth_of_discharge: 0.9
  Pb-acid:
    cost: 147.228
    lifetime: 7.20617
    annual_cost: 20.430825251138955
    efficiency: 0.721142
    discharge_ratio: 5
    depth_of_discharge: 0.5
  VRBF:
    cost: 264.291
    lifetime: 21.2884
    annual_cost: 12.41478927491028
    efficiency: 0.795607
    discharge_ratio: 0.5
    depth_of_discharge: 1.0
