cost_values:
  wind_capex: 5000.0
  wind_opex: 100
  wind_lifetime: 20
  solar_capex: 1000.0
  solar_opex: 10
  solar_lifetime: 20
  carbon_price: 1.0
timeseries_values:
  load_level: 244935.6241813471
  wind_year: 2017
  solar_year: 2013
  price_year: 2023
  carbon_year: 2023
storage_values:
  CAES:
    cost: 58.9861
    lifetime: 25.485
    annual_cost: 2.314541887384736
    efficiency: 0.613968
    discharge_ratio: 0.1
    depth_of_discharge: 0.4
  Li-ion:
    cost: 164.37
    lifetime: 18.9546
    annual_cost: 8.671773606406889
    efficiency: 0.900427
    discharge_ratio: 2
    depth_of_discharge: 0.9
  Pb-acid:
    cost: 144.084
    lifetime: 6.73512
    annual_cost: 21.39293731960232
    efficiency: 0.726881
    discharge_ratio: 5
    depth_of_discharge: 0.5
  VRBF:
    cost: 271.457
    lifetime: 18.6847
    annual_cost: 14.528303906404705
    efficiency: 0.800366
    discharge_ratio: 0.5
    depth_of_discharge: 1.0
