cost_values:
  wind_capex: 5000.0
  wind_opex: 100
  wind_lifetime: 20
  solar_capex: 1000.0
  solar_opex: 10
  solar_lifetime: 20
  carbon_price: 1.0
timeseries_values:
  load_level: 244935.6241813471
  wind_year: 2017
  solar_year: 2013
  price_year: 2023
  carbon_year: 2023
storage_values:
  CAES:
    cost: 56.5158
    lifetime: 25.3152
    annual_cost: 2.2324848312476298
    efficiency: 0.618944
    discharge_ratio: 0.1
    depth_of_discharge: 0.4
  Li-ion:
    cost: 170.51
    lifetime: 20.3134
    annual_cost: 8.393966544251576
    efficiency: 0.919559
    discharge_ratio: 2
    depth_of_discharge: 0.9
  Pb-acid:
    cost: 124.653
    lifetime: 6.31
    annual_cost: 19.754833597464344
    efficiency: 0.734337
    discharge_ratio: 5
    depth_of_discharge: 0.5
  VRBF:
    cost: 265.506
    lifetime: 17.6637
    annual_cost: 15.031165610828987
    efficiency: 0.80607
    discharge_ratio: 0.5
    depth_of_discharge: 1.0
