cost_values:
  wind_capex: 5000.0
  wind_opex: 100
  wind_lifetime: 20
  solar_capex: 1000.0
  solar_opex: 10
  solar_lifetime: 20
  carbon_price: 1.0
timeseries_values:
  load_level: 244935.6241813471
  wind_year: 2017
  solar_year: 2013
  price_year: 2023
  carbon_year: 2023
storage_values:
  CAES:
    cost: 52.8593
    lifetime: 26.5455
    annual_cost: 1.9912715902883726
    efficiency: 0.630413
    discharge_ratio: 0.1
    depth_of_discharge: 0.4
  Li-ion:
    cost: 193.357
    lifetime: 20.5832
    annual_cost: 9.393923199502506
    efficiency: 0.907199
    discharge_ratio: 2
    depth_of_discharge: 0.9
  Pb-acid:
    cost: 127.485
    lifetime: 6.85752
    annual_cost: 18.590540020298885
    efficiency: 0.732868
    discharge_ratio: 5
    depth_of_discharge: 0.5
  VRBF:
    cost: 283.501
    lifetime: 20.1217
    annual_cost: 14.089316509042474
    efficiency: 0.799991
    discharge_ratio: 0.5
    depth_of_discharge: 1.0
