cost_values:
  wind_capex: 5000.0
  wind_opex: 100
  wind_lifetime: 20
  solar_capex: 1000.0
  solar_opex: 10
  solar_lifetime: 20
  carbon_price: 1.0
timeseries_values:
  load_level: 244935.6241813471
  wind_year: 2017
  solar_year: 2013
  price_year: 2023
  carbon_year: 2023
storage_values:
  CAES:
    cost: 58.8157
    lifetime: 26.2226
    annual_cost: 2.242939296637252
    efficiency: 0.623907
    discharge_ratio: 0.1
    depth_of_discharge: 0.4
  Li-ion:
    cost: 192.009
    lifetime: 21.3141
    annual_cost: 9.00854364012555
    efficiency: 0.902973
    discharge_ratio: 2
    depth_of_discharge: 0.9
  Pb-acid:
    cost: 134.904
    lifetime: 7.78106
    annual_cost: 17.337483581928424
    efficiency: 0.705656
    discharge_ratio: 5
    depth_of_discharge: 0.5
  VRBF:
    cost: 269.383
    lifetime: 21.4949
    annual_cost: 12.532414665804446
    efficiency: 0.80351
    discharge_ratio: 0.5
    depth_of_discharge: 1.0
