cost_values:
  wind_capex: 5000.0
  wind_opex: 100
  wind_lifetime: 20
  solar_capex: 1000.0
  solar_opex: 10
  solar_lifetime: 20
  carbon_price: 1.0
timeseries_values:
  load_level: 244935.6241813471
  wind_year: 2017
  solar_year: 2013
  price_year: 2023
  carbon_year: 2023
storage_values:
  CAES:
    cost: 63.3984
    lifetime: 26.4643
    annual_cost: 2.3956197594495223
    efficiency: 0.6251
    discharge_ratio: 0.1
    depth_of_discharge: 0.4
  Li-ion:
    cost: 183.097
    lifetime: 18.5627
    annual_cost: 9.863705172200165
    efficiency: 0.920244
    discharge_ratio: 2
    depth_of_discharge: 0.9
  Pb-acid:
    cost: 111.947
    lifetime: 8.15179
    annual_cost: 13.732812057229149
    efficiency: 0.716454
    discharge_ratio: 5
    depth_of_discharge: 0.5
  VRBF:
    cost: 280.811
    lifetime: 19.7113
    annual_cost: 14.24619380761289
    efficiency: 0.799013
    discharge_ratio: 0.5
    depth_of_discharge: 1.0
