cost_values:
  wind_capex: 5000.0
  wind_opex: 100
  wind_lifetime: 20
  solar_capex: 1000.0
  solar_opex: 10
  solar_lifetime: 20
  carbon_price: 1.0
timeseries_values:
  load_level: 244935.6241813471
  wind_year: 2017
  solar_year: 2013
  price_year: 2023
  carbon_year: 2023
storage_values:
  CAES:
    cost: 66.1618
    lifetime: 25.991
    annual_cost: 2.5455657727674965
    efficiency: 0.630859
    discharge_ratio: 0.1
    depth_of_discharge: 0.4
  Li-ion:
    cost: 189.668
    lifetime: 19.8906
    annual_cost: 9.535559510522559
    efficiency: 0.920313
    discharge_ratio: 2
    depth_of_discharge: 0.9
  Pb-acid:
    cost: 137.231
    lifetime: 6.37762
    annual_cost: 21.51758806576748
    efficiency: 0.698572
    discharge_ratio: 5
    depth_of_discharge: 0.5
  VRBF:
    cost: 235.523
    lifetime: 19.7822
    annual_cost: 11.905804207823195
    efficiency: 0.816509
    discharge_ratio: 0.5
    depth_of_discharge: 1.0
