cost_values:
  wind_capex: 5000.0
  wind_opex: 100
  wind_lifetime: 20
  solar_capex: 1000.0
  solar_opex: 10
  solar_lifetime: 20
  carbon_price: 1.0
timeseries_values:
  load_level: 244935.6241813471
  wind_year: 2017
  solar_year: 2013
  price_year: 2023
  carbon_year: 2023
storage_values:
  CAES:
    cost: 52.4872
    lifetime: 25.8924
    annual_cost: 2.027127651357155
    efficiency: 0.616873
    discharge_ratio: 0.1
    depth_of_discharge: 0.4
  Li-ion:
    cost: 178.774
    lifetime: 21.7304
    annual_cost: 8.226907926223172
    efficiency: 0.919742
    discharge_ratio: 2
    depth_of_discharge: 0.9
  Pb-acid:
    cost: 139.352
    lifetime: 6.14108
    annual_cost: 22.69177408534004
    efficiency: 0.734904
    discharge_ratio: 5
    depth_of_discharge: 0.5
  VRBF:
    cost: 259.459
    lifetime: 16.899
    annual_cost: 15.35351204213267
    efficiency: 0.814988
    discharge_ratio: 0.5
    depth_of_discharge: 1.0
