cost_values:
  wind_capex: 5000.0
  wind_opex: 100
  wind_lifetime: 20
  solar_capex: 1000.0
  solar_opex: 10
  solar_lifetime: 20
  carbon_price: 1.0
timeseries_values:
  load_level: 244935.6241813471
  wind_year: 2017
  solar_year: 2013
  price_year: 2023
  carbon_year: 2023
storage_values:
  CAES:
    cost: 53.1089
    lifetime: 25.0548
    annual_cost: 2.119709596564331
    efficiency: 0.624895
    discharge_ratio: 0.1
    depth_of_discharge: 0.4
  Li-ion:
    cost: 176.206
    lifetime: 19.7153
    annual_cost: 8.93752567802671
    efficiency: 0.909423
    discharge_ratio: 2
    depth_of_discharge: 0.9
  Pb-acid:
    cost: 134.511
    lifetime: 6.26331
    annual_cost: 21.476024657888562
    efficiency: 0.728378
    discharge_ratio: 5
    depth_of_discharge: 0.5
  VRBF:
    cost: 241.268
    lifetime: 20.0738
    annual_cost: 12.019049706582711
    efficiency: 0.793601
    discharge_ratio: 0.5
    depth_of_discharge: 1.0
