cost_values:
  wind_capex: 5000.0
  wind_opex: 100
  wind_lifetime: 20
  solar_capex: 1000.0
  solar_opex: 10
  solar_lifetime: 20
  carbon_price: 1.0
timeseries_values:
  load_level: 244935.6241813471
  wind_year: 2017
  solar_year: 2013
  price_year: 2023
  carbon_year: 2023
storage_values:
  CAES:
    cost: 58.5671
    lifetime: 25.5908
    annual_cost: 2.2885998093064694
    efficiency: 0.63618
    discharge_ratio: 0.1
    depth_of_discharge: 0.4
  Li-ion:
    cost: 201.325
    lifetime: 20.4019
    annual_cost: 9.867953474921451
    efficiency: 0.918445
    discharge_ratio: 2
    depth_of_discharge: 0.9
  Pb-acid:
    cost: 135.881
    lifetime: 7.90699
    annual_cost: 17.18492118998506
    efficiency: 0.720451
    discharge_ratio: 5
    depth_of_discharge: 0.5
  VRBF:
    cost: 273.419
    lifetime: 18.7676
    annual_cost: 14.568671540314156
    efficiency: 0.81682
    discharge_ratio: 0.5
    depth_of_discharge: 1.0
