cost_values:
  wind_capex: 5000.0
  wind_opex: 100
  wind_lifetime: 20
  solar_capex: 1000.0
  solar_opex: 10
  solar_lifetime: 20
  carbon_price: 1.0
timeseries_values:
  load_level: 244935.6241813471
  wind_year: 2017
  solar_year: 2013
  price_year: 2023
  carbon_year: 2023
storage_values:
  CAES:
    cost: 59.7037
    lifetime: 24.5878
    annual_cost: 2.4281838960785427
    efficiency: 0.621023
    discharge_ratio: 0.1
    depth_of_discharge: 0.4
  Li-ion:
    cost: 192.583
    lifetime: 18.7033
    annual_cost: 10.296739078130598
    efficiency: 0.903706
    discharge_ratio: 2
    depth_of_discharge: 0.9
  Pb-acid:
    cost: 126.605
    lifetime: 5.53195
    annual_cost: 22.886143222552626
    efficiency: 0.712815
    discharge_ratio: 5
    depth_of_discharge: 0.5
  VRBF:
    cost: 250.328
    lifetime: 18.3028
    annual_cost: 13.677033022269816
    efficiency: 0.849205
    discharge_ratio: 0.5
    depth_of_discharge: 1.0
