cost_values:
  wind_capex: 5000.0
  wind_opex: 100
  wind_lifetime: 20
  solar_capex: 1000.0
  solar_opex: 10
  solar_lifetime: 20
  carbon_price: 1.0
timeseries_values:
  load_level: 244935.6241813471
  wind_year: 2017
  solar_year: 2013
  price_year: 2023
  carbon_year: 2023
storage_values:
  CAES:
    cost: 65.8178
    lifetime: 25.6794
    annual_cost: 2.56305832690795
    efficiency: 0.614827
    discharge_ratio: 0.1
    depth_of_discharge: 0.4
  Li-ion:
    cost: 182.635
    lifetime: 19.9317
    annual_cost: 9.163041787705012
    efficiency: 0.922287
    discharge_ratio: 2
    depth_of_discharge: 0.9
  Pb-acid:
    cost: 151.706
    lifetime: 6.16488
    annual_cost: 24.608102671909265
    efficiency: 0.72525
    discharge_ratio: 5
    depth_of_discharge: 0.5
  VRBF:
    cost: 279.967
    lifetime: 19.7688
    annual_cost: 14.162063453522723
    efficiency: 0.827477
    discharge_ratio: 0.5
    depth_of_discharge: 1.0
