cost_values:
  wind_capex: 5000.0
  wind_opex: 100
  wind_lifetime: 20
  solar_capex: 1000.0
  solar_opex: 10
  solar_lifetime: 20
  carbon_price: 1.0
timeseries_values:
  load_level: 244935.6241813471
  wind_year: 2017
  solar_year: 2013
  price_year: 2023
  carbon_year: 2023
storage_values:
  CAES:
    cost: 57.0933
    lifetime: 25.8154
    annual_cost: 2.2115985032190086
    efficiency: 0.617882
    discharge_ratio: 0.1
    depth_of_discharge: 0.4
  Li-ion:
    cost: 181.774
    lifetime: 18.2743
    annual_cost: 9.946974713121707
    efficiency: 0.904013
    discharge_ratio: 2
    depth_of_discharge: 0.9
  Pb-acid:
    cost: 144.989
    lifetime: 7.56616
    annual_cost: 19.162824999735665
    efficiency: 0.715484
    discharge_ratio: 5
    depth_of_discharge: 0.5
  VRBF:
    cost: 280.192
    lifetime: 18.694
    annual_cost: 14.988338504332942
    efficiency: 0.831269
    discharge_ratio: 0.5
    depth_of_discharge: 1.0
