cost_values:
  wind_capex: 5000.0
  wind_opex: 100
  wind_lifetime: 20
  solar_capex: 1000.0
  solar_opex: 10
  solar_lifetime: 20
  carbon_price: 1.0
timeseries_values:
  load_level: 244935.6241813471
  wind_year: 2017
  solar_year: 2013
  price_year: 2023
  carbon_year: 2023
storage_values:
  CAES:
    cost: 55.1993
    lifetime: 26.8731
    annual_cost: 2.054072660020615
    efficiency: 0.619309
    discharge_ratio: 0.1
    depth_of_discharge: 0.4
  Li-ion:
    cost: 176.211
    lifetime: 18.0753
    annual_cost: 9.748717863603925
    efficiency: 0.929537
    discharge_ratio: 2
    depth_of_discharge: 0.9
  Pb-acid:
    cost: 148.063
    lifetime: 6.93338
    annual_cost: 21.355096648387942
    efficiency: 0.707233
    discharge_ratio: 5
    depth_of_discharge: 0.5
  VRBF:
    cost: 285.076
    lifetime: 19.4238
    annual_cost: 14.676633820364708
    efficiency: 0.794509
    discharge_ratio: 0.5
    depth_of_discharge: 1.0
