cost_values:
  wind_capex: 5000.0
  wind_opex: 100
  wind_lifetime: 20
  solar_capex: 1000.0
  solar_opex: 10
  solar_lifetime: 20
  carbon_price: 1.0
timeseries_values:
  load_level: 244935.6241813471
  wind_year: 2017
  solar_year: 2013
  price_year: 2023
  carbon_year: 2023
storage_values:
  CAES:
    cost: 58.6203
    lifetime: 24.9464
    annual_cost: 2.349850078568451
    efficiency: 0.631168
    discharge_ratio: 0.1
    depth_of_discharge: 0.4
  Li-ion:
    cost: 182.662
    lifetime: 19.1065
    annual_cost: 9.560202025488708
    efficiency: 0.909061
    discharge_ratio: 2
    depth_of_discharge: 0.9
  Pb-acid:
    cost: 134.624
    lifetime: 7.30555
    annual_cost: 18.42763378527284
    efficiency: 0.727958
    discharge_ratio: 5
    depth_of_discharge: 0.5
  VRBF:
    cost: 288.533
    lifetime: 21.658
    annual_cost: 13.32223658694247
    efficiency: 0.822966
    discharge_ratio: 0.5
    depth_of_discharge: 1.0
