cost_values:
  wind_capex: 5000.0
  wind_opex: 100
  wind_lifetime: 20
  solar_capex: 1000.0
  solar_opex: 10
  solar_lifetime: 20
  carbon_price: 1.0
timeseries_values:
  load_level: 244935.6241813471
  wind_year: 2017
  solar_year: 2013
  price_year: 2023
  carbon_year: 2023
storage_values:
  CAES:
    cost: 55.925
    lifetime: 25.0045
    annual_cost: 2.236597412465756
    efficiency: 0.624814
    discharge_ratio: 0.1
    depth_of_discharge: 0.4
  Li-ion:
    cost: 185.98
    lifetime: 19.9633
    annual_cost: 9.316095034388102
    efficiency: 0.90641
    discharge_ratio: 2
    depth_of_discharge: 0.9
  Pb-acid:
    cost: 178.688
    lifetime: 6.95683
    annual_cost: 25.685261821835518
    efficiency: 0.724039
    discharge_ratio: 5
    depth_of_discharge: 0.5
  VRBF:
    cost: 252.091
    lifetime: 21.6186
    annual_cost: 11.660838352159715
    efficiency: 0.793817
    discharge_ratio: 0.5
    depth_of_discharge: 1.0
