cost_values:
  wind_capex: 5000.0
  wind_opex: 100
  wind_lifetime: 20
  solar_capex: 1000.0
  solar_opex: 10
  solar_lifetime: 20
  carbon_price: 1.0
timeseries_values:
  load_level: 244935.6241813471
  wind_year: 2017
  solar_year: 2013
  price_year: 2023
  carbon_year: 2023
storage_values:
  CAES:
    cost: 62.9671
    lifetime: 25.2694
    annual_cost: 2.4918320181721767
    efficiency: 0.619152
    discharge_ratio: 0.1
    depth_of_discharge: 0.4
  Li-ion:
    cost: 188.183
    lifetime: 19.8495
    annual_cost: 9.480490692460767
    efficiency: 0.908632
    discharge_ratio: 2
    depth_of_discharge: 0.9
  Pb-acid:
    cost: 132.223
    lifetime: 7.17238
    annual_cost: 18.4350243573263
    efficiency: 0.714751
    discharge_ratio: 5
    depth_of_discharge: 0.5
  VRBF:
    cost: 271.373
    lifetime: 19.0961
    annual_cost: 14.210912175784584
    efficiency: 0.793691
    discharge_ratio: 0.5
    depth_of_discharge: 1.0
