cost_values:
  wind_capex: 5000.0
  wind_opex: 100
  wind_lifetime: 20
  solar_capex: 1000.0
  solar_opex: 10
  solar_lifetime: 20
  carbon_price: 1.0
timeseries_values:
  load_level: 244935.6241813471
  wind_year: 2017
  solar_year: 2013
  price_year: 2023
  carbon_year: 2023
storage_values:
  CAES:
    cost: 51.2724
    lifetime: 25.0294
    annual_cost: 2.0484869793123286
    efficiency: 0.631291
    discharge_ratio: 0.1
    depth_of_discharge: 0.4
  Li-ion:
    cost: 175.579
    lifetime: 21.8748
    annual_cost: 8.026541956955036
    efficiency: 0.930505
    discharge_ratio: 2
    depth_of_discharge: 0.9
  Pb-acid:
    cost: 133.973
    lifetime: 6.50823
    annual_cost: 20.585166781137115
    efficiency: 0.721186
    discharge_ratio: 5
    depth_of_discharge: 0.5
  VRBF:
    cost: 289.405
    lifetime: 21.752
    annual_cost: 13.30475358587716
    efficiency: 0.798041
    discharge_ratio: 0.5
    depth_of_discharge: 1.0
