cost_values:
  wind_capex: 5000.0
  wind_opex: 100
  wind_lifetime: 20
  solar_capex: 1000.0
  solar_opex: 10
  solar_lifetime: 20
  carbon_price: 1.0
timeseries_values:
  load_level: 244935.6241813471
  wind_year: 2017
  solar_year: 2013
  price_year: 2023
  carbon_year: 2023
storage_values:
  CAES:
    cost: 58.2228
    lifetime: 26.2217
    annual_cost: 2.220405236883955
    efficiency: 0.628398
    discharge_ratio: 0.1
    depth_of_discharge: 0.4
  Li-ion:
    cost: 203.255
    lifetime: 19.6203
    annual_cost: 10.359423658149977
    efficiency: 0.92386
    discharge_ratio: 2
    depth_of_discharge: 0.9
  Pb-acid:
    cost: 132.308
    lifetime: 7.48774
    annual_cost: 17.669951146807982
    efficiency: 0.724259
    discharge_ratio: 5
    depth_of_discharge: 0.5
  VRBF:
    cost: 276.693
    lifetime: 19.0115
    annual_cost: 14.55398048549562
    efficiency: 0.807375
    discharge_ratio: 0.5
    depth_of_discharge: 1.0
