cost_values:
  wind_capex: 5000.0
  wind_opex: 100
  wind_lifetime: 20
  solar_capex: 1000.0
  solar_opex: 10
  solar_lifetime: 20
  carbon_price: 1.0
timeseries_values:
  load_level: 244935.6241813471
  wind_year: 2017
  solar_year: 2013
  price_year: 2023
  carbon_year: 2023
storage_values:
  CAES:
    cost: 57.5
    lifetime: 24.899
    annual_cost: 2.3093296919555
    efficiency: 0.628816
    discharge_ratio: 0.1
    depth_of_discharge: 0.4
  Li-ion:
    cost: 190.828
    lifetime: 20.2221
    annual_cost: 9.43660648498425
    efficiency: 0.904975
    discharge_ratio: 2
    depth_of_discharge: 0.9
  Pb-acid:
    cost: 155.344
    lifetime: 5.26655
    annual_cost: 29.49634960268107
    efficiency: 0.717462
    discharge_ratio: 5
    depth_of_discharge: 0.5
  VRBF:
    cost: 276.694
    lifetime: 22.2625
    annual_cost: 12.428702975856261
    efficiency: 0.808207
    discharge_ratio: 0.5
    depth_of_discharge: 1.0
