cost_values:
  wind_capex: 5000.0
  wind_opex: 100
  wind_lifetime: 20
  solar_capex: 1000.0
  solar_opex: 10
  solar_lifetime: 20
  carbon_price: 1.0
timeseries_values:
  load_level: 244935.6241813471
  wind_year: 2017
  solar_year: 2013
  price_year: 2023
  carbon_year: 2023
storage_values:
  CAES:
    cost: 58.4469
    lifetime: 25.1621
    annual_cost: 2.322814868393338
    efficiency: 0.615912
    discharge_ratio: 0.1
    depth_of_discharge: 0.4
  Li-ion:
    cost: 175.503
    lifetime: 18.0404
    annual_cost: 9.728331966031794
    efficiency: 0.923955
    discharge_ratio: 2
    depth_of_discharge: 0.9
  Pb-acid:
    cost: 153.414
    lifetime: 8.38712
    annual_cost: 18.291618577056248
    efficiency: 0.729487
    discharge_ratio: 5
    depth_of_discharge: 0.5
  VRBF:
    cost: 280.629
    lifetime: 19.4943
    annual_cost: 14.395438666687188
    efficiency: 0.815052
    discharge_ratio: 0.5
    depth_of_discharge: 1.0
