cost_values:
  wind_capex: 5000.0
  wind_opex: 100
  wind_lifetime: 20
  solar_capex: 1000.0
  solar_opex: 10
  solar_lifetime: 20
  carbon_price: 1.0
timeseries_values:
  load_level: 244935.6241813471
  wind_year: 2017
  solar_year: 2013
  price_year: 2023
  carbon_year: 2023
storage_values:
  CAES:
    cost: 63.1537
    lifetime: 25.891
    annual_cost: 2.4392143988258472
    efficiency: 0.626281
    discharge_ratio: 0.1
    depth_of_discharge: 0.4
  Li-ion:
    cost: 199.572
    lifetime: 21.2417
    annual_cost: 9.395293220410796
    efficiency: 0.920327
    discharge_ratio: 2
    depth_of_discharge: 0.9
  Pb-acid:
    cost: 138.078
    lifetime: 6.01637
    annual_cost: 22.950383703129962
    efficiency: 0.708617
    discharge_ratio: 5
    depth_of_discharge: 0.5
  VRBF:
    cost: 267.466
    lifetime: 20.9906
    annual_cost: 12.742179832877573
    efficiency: 0.794837
    discharge_ratio: 0.5
    depth_of_discharge: 1.0
