cost_values:
  wind_capex: 5000.0
  wind_opex: 100
  wind_lifetime: 20
  solar_capex: 1000.0
  solar_opex: 10
  solar_lifetime: 20
  carbon_price: 1.0
timeseries_values:
  load_level: 244935.6241813471
  wind_year: 2017
  solar_year: 2013
  price_year: 2023
  carbon_year: 2023
storage_values:
  CAES:
    cost: 53.8718
    lifetime: 24.5805
    annual_cost: 2.191647850938752
    efficiency: 0.629302
    discharge_ratio: 0.1
    depth_of_discharge: 0.4
  Li-ion:
    cost: 164.005
    lifetime: 18.6114
    annual_cost: 8.812072170820034
    efficiency: 0.919474
    discharge_ratio: 2
    depth_of_discharge: 0.9
  Pb-acid:
    cost: 136.709
    lifetime: 5.69462
    annual_cost: 24.006694037530163
    efficiency: 0.72073
    discharge_ratio: 5
    depth_of_discharge: 0.5
  VRBF:
    cost: 229.485
    lifetime: 17.5125
    annual_cost: 13.104068522483942
    efficiency: 0.792727
    discharge_ratio: 0.5
    depth_of_discharge: 1.0
