cost_values:
  wind_capex: 5000.0
  wind_opex: 100
  wind_lifetime: 20
  solar_capex: 1000.0
  solar_opex: 10
  solar_lifetime: 20
  carbon_price: 1.0
timeseries_values:
  load_level: 244935.6241813471
  wind_year: 2017
  solar_year: 2013
  price_year: 2023
  carbon_year: 2023
storage_values:
  CAES:
    cost: 62.6708
    lifetime: 26.8653
    annual_cost: 2.3327787145499954
    efficiency: 0.635438
    discharge_ratio: 0.1
    depth_of_discharge: 0.4
  Li-ion:
    cost: 184.203
    lifetime: 19.2844
    annual_cost: 9.551917612163198
    efficiency: 0.916867
    discharge_ratio: 2
    depth_of_discharge: 0.9
  Pb-acid:
    cost: 135.015
    lifetime: 7.09131
    annual_cost: 19.03950045901251
    efficiency: 0.724697
    discharge_ratio: 5
    depth_of_discharge: 0.5
  VRBF:
    cost: 260.327
    lifetime: 19.0369
    annual_cost: 13.674863029169666
    efficiency: 0.812683
    discharge_ratio: 0.5
    depth_of_discharge: 1.0
