cost_values:
  wind_capex: 5000.0
  wind_opex: 100
  wind_lifetime: 20
  solar_capex: 1000.0
  solar_opex: 10
  solar_lifetime: 20
  carbon_price: 1.0
timeseries_values:
  load_level: 244935.6241813471
  wind_year: 2017
  solar_year: 2013
  price_year: 2023
  carbon_year: 2023
storage_values:
  CAES:
    cost: 55.9269
    lifetime: 24.6784
    annual_cost: 2.266228766856847
    efficiency: 0.627651
    discharge_ratio: 0.1
    depth_of_discharge: 0.4
  Li-ion:
    cost: 200.882
    lifetime: 20.9344
    annual_cost: 9.595784928156528
    efficiency: 0.901595
    discharge_ratio: 2
    depth_of_discharge: 0.9
  Pb-acid:
    cost: 162.241
    lifetime: 7.10094
    annual_cost: 22.84782014775509
    efficiency: 0.700731
    discharge_ratio: 5
    depth_of_discharge: 0.5
  VRBF:
    cost: 277.292
    lifetime: 19.5646
    annual_cost: 14.173149463827524
    efficiency: 0.79527
    discharge_ratio: 0.5
    depth_of_discharge: 1.0
