cost_values:
  wind_capex: 5000.0
  wind_opex: 100
  wind_lifetime: 20
  solar_capex: 1000.0
  solar_opex: 10
  solar_lifetime: 20
  carbon_price: 1.0
timeseries_values:
  load_level: 244935.6241813471
  wind_year: 2017
  solar_year: 2013
  price_year: 2023
  carbon_year: 2023
storage_values:
  CAES:
    cost: 54.1021
    lifetime: 26.2439
    annual_cost: 2.061511436943442
    efficiency: 0.621061
    discharge_ratio: 0.1
    depth_of_discharge: 0.4
  Li-ion:
    cost: 194.814
    lifetime: 18.8321
    annual_cost: 10.344783640698594
    efficiency: 0.910853
    discharge_ratio: 2
    depth_of_discharge: 0.9
  Pb-acid:
    cost: 138.681
    lifetime: 6.27414
    annual_cost: 22.103587105165012
    efficiency: 0.718221
    discharge_ratio: 5
    depth_of_discharge: 0.5
  VRBF:
    cost: 244.192
    lifetime: 19.3396
    annual_cost: 12.626527953008335
    efficiency: 0.817373
    discharge_ratio: 0.5
    depth_of_discharge: 1.0
