cost_values:
  wind_capex: 5000.0
  wind_opex: 100
  wind_lifetime: 20
  solar_capex: 1000.0
  solar_opex: 10
  solar_lifetime: 20
  carbon_price: 1.0
timeseries_values:
  load_level: 244935.6241813471
  wind_year: 2017
  solar_year: 2013
  price_year: 2023
  carbon_year: 2023
storage_values:
  CAES:
    cost: 53.5669
    lifetime: 26.0303
    annual_cost: 2.057867177865795
    efficiency: 0.627494
    discharge_ratio: 0.1
    depth_of_discharge: 0.4
  Li-ion:
    cost: 184.611
    lifetime: 19.0822
    annual_cost: 9.674513420884384
    efficiency: 0.924676
    discharge_ratio: 2
    depth_of_discharge: 0.9
  Pb-acid:
    cost: 150.009
    lifetime: 6.04318
    annual_cost: 24.82285816407917
    efficiency: 0.710071
    discharge_ratio: 5
    depth_of_discharge: 0.5
  VRBF:
    cost: 250.475
    lifetime: 20.458
    annual_cost: 12.243376674161699
    efficiency: 0.802989
    discharge_ratio: 0.5
    depth_of_discharge: 1.0
