cost_values:
  wind_capex: 5000.0
  wind_opex: 100
  wind_lifetime: 20
  solar_capex: 1000.0
  solar_opex: 10
  solar_lifetime: 20
  carbon_price: 1.0
timeseries_values:
  load_level: 244935.6241813471
  wind_year: 2017
  solar_year: 2013
  price_year: 2023
  carbon_year: 2023
storage_values:
  CAES:
    cost: 57.8874
    lifetime: 24.0635
    annual_cost: 2.40561015646103
    efficiency: 0.623407
    discharge_ratio: 0.1
    depth_of_discharge: 0.4
  Li-ion:
    cost: 172.731
    lifetime: 19.6962
    annual_cost: 8.769762695342248
    efficiency: 0.910276
    discharge_ratio: 2
    depth_of_discharge: 0.9
  Pb-acid:
    cost: 149.666
    lifetime: 5.54076
    annual_cost: 27.011817873360336
    efficiency: 0.711866
    discharge_ratio: 5
    depth_of_discharge: 0.5
  VRBF:
    cost: 243.35
    lifetime: 20.7913
    annual_cost: 11.704414827355672
    efficiency: 0.816208
    discharge_ratio: 0.5
    depth_of_discharge: 1.0
