cost_values:
  wind_capex: 5000.0
  wind_opex: 100
  wind_lifetime: 20
  solar_capex: 1000.0
  solar_opex: 10
  solar_lifetime: 20
  carbon_price: 1.0
timeseries_values:
  load_level: 244935.6241813471
  wind_year: 2017
  solar_year: 2013
  price_year: 2023
  carbon_year: 2023
storage_values:
  CAES:
    cost: 55.844
    lifetime: 25.1348
    annual_cost: 2.2217801613698938
    efficiency: 0.619742
    discharge_ratio: 0.1
    depth_of_discharge: 0.4
  Li-ion:
    cost: 204.427
    lifetime: 21.4135
    annual_cost: 9.546641137600112
    efficiency: 0.920791
    discharge_ratio: 2
    depth_of_discharge: 0.9
  Pb-acid:
    cost: 142.11
    lifetime: 8.27377
    annual_cost: 17.175966941309706
    efficiency: 0.712468
    discharge_ratio: 5
    depth_of_discharge: 0.5
  VRBF:
    cost: 262.331
    lifetime: 20.1853
    annual_cost: 12.996140755896617
    efficiency: 0.818362
    discharge_ratio: 0.5
    depth_of_discharge: 1.0
