cost_values:
  wind_capex: 5000.0
  wind_opex: 100
  wind_lifetime: 20
  solar_capex: 1000.0
  solar_opex: 10
  solar_lifetime: 20
  carbon_price: 1.0
timeseries_values:
  load_level: 244935.6241813471
  wind_year: 2017
  solar_year: 2013
  price_year: 2023
  carbon_year: 2023
storage_values:
  CAES:
    cost: 58.1732
    lifetime: 26.0593
    annual_cost: 2.2323393184007245
    efficiency: 0.616554
    discharge_ratio: 0.1
    depth_of_discharge: 0.4
  Li-ion:
    cost: 188.242
    lifetime: 20.0423
    annual_cost: 9.392235422082296
    efficiency: 0.928926
    discharge_ratio: 2
    depth_of_discharge: 0.9
  Pb-acid:
    cost: 143.435
    lifetime: 6.98761
    annual_cost: 20.527047159186044
    efficiency: 0.710872
    discharge_ratio: 5
    depth_of_discharge: 0.5
  VRBF:
    cost: 295.044
    lifetime: 17.6708
    annual_cost: 16.696697376462865
    efficiency: 0.808778
    discharge_ratio: 0.5
    depth_of_discharge: 1.0
