cost_values:
  wind_capex: 5000.0
  wind_opex: 100
  wind_lifetime: 20
  solar_capex: 1000.0
  solar_opex: 10
  solar_lifetime: 20
  carbon_price: 1.0
timeseries_values:
  load_level: 244935.6241813471
  wind_year: 2017
  solar_year: 2013
  price_year: 2023
  carbon_year: 2023
storage_values:
  CAES:
    cost: 64.2874
    lifetime: 24.9034
    annual_cost: 2.581470803183501
    efficiency: 0.629467
    discharge_ratio: 0.1
    depth_of_discharge: 0.4
  Li-ion:
    cost: 194.881
    lifetime: 19.1416
    annual_cost: 10.181019350524512
    efficiency: 0.907304
    discharge_ratio: 2
    depth_of_discharge: 0.9
  Pb-acid:
    cost: 121.548
    lifetime: 6.75983
    annual_cost: 17.980925555820193
    efficiency: 0.711275
    discharge_ratio: 5
    depth_of_discharge: 0.5
  VRBF:
    cost: 257.457
    lifetime: 21.1187
    annual_cost: 12.190949253505186
    efficiency: 0.82299
    discharge_ratio: 0.5
    depth_of_discharge: 1.0
