cost_values:
  wind_capex: 5000.0
  wind_opex: 100
  wind_lifetime: 20
  solar_capex: 1000.0
  solar_opex: 10
  solar_lifetime: 20
  carbon_price: 1.0
timeseries_values:
  load_level: 244935.6241813471
  wind_year: 2017
  solar_year: 2013
  price_year: 2023
  carbon_year: 2023
storage_values:
  CAES:
    cost: 61.1061
    lifetime: 26.7442
    annual_cost: 2.2848355905205615
    efficiency: 0.613066
    discharge_ratio: 0.1
    depth_of_discharge: 0.4
  Li-ion:
    cost: 188.013
    lifetime: 20.1908
    annual_cost: 9.31181528220774
    efficiency: 0.920046
    discharge_ratio: 2
    depth_of_discharge: 0.9
  Pb-acid:
    cost: 144.015
    lifetime: 6.67876
    annual_cost: 21.563134474064046
    efficiency: 0.713339
    discharge_ratio: 5
    depth_of_discharge: 0.5
  VRBF:
    cost: 256.747
    lifetime: 20.2137
    annual_cost: 12.701633050851651
    efficiency: 0.801487
    discharge_ratio: 0.5
    depth_of_discharge: 1.0
