cost_values:
  wind_capex: 5000.0
  wind_opex: 100
  wind_lifetime: 20
  solar_capex: 1000.0
  solar_opex: 10
  solar_lifetime: 20
  carbon_price: 1.0
timeseries_values:
  load_level: 244935.6241813471
  wind_year: 2017
  solar_year: 2013
  price_year: 2023
  carbon_year: 2023
storage_values:
  CAES:
    cost: 60.8803
    lifetime: 25.1335
    annual_cost: 2.422277040603179
    efficiency: 0.61938
    discharge_ratio: 0.1
    depth_of_discharge: 0.4
  Li-ion:
    cost: 190.694
    lifetime: 17.3959
    annual_cost: 10.962008289309548
    efficiency: 0.928686
    discharge_ratio: 2
    depth_of_discharge: 0.9
  Pb-acid:
    cost: 156.379
    lifetime: 6.75487
    annual_cost: 23.150556561414206
    efficiency: 0.713866
    discharge_ratio: 5
    depth_of_discharge: 0.5
  VRBF:
    cost: 235.059
    lifetime: 18.0592
    annual_cost: 13.016025073092939
    efficiency: 0.79917
    discharge_ratio: 0.5
    depth_of_discharge: 1.0
