cost_values:
  wind_capex: 5000.0
  wind_opex: 100
  wind_lifetime: 20
  solar_capex: 1000.0
  solar_opex: 10
  solar_lifetime: 20
  carbon_price: 1.0
timeseries_values:
  load_level: 244935.6241813471
  wind_year: 2017
  solar_year: 2013
  price_year: 2023
  carbon_year: 2023
storage_values:
  CAES:
    cost: 54.9586
    lifetime: 25.6107
    annual_cost: 2.1459233835857665
    efficiency: 0.631525
    discharge_ratio: 0.1
    depth_of_discharge: 0.4
  Li-ion:
    cost: 193.392
    lifetime: 18.7093
    annual_cost: 10.33667748125264
    efficiency: 0.908985
    discharge_ratio: 2
    depth_of_discharge: 0.9
  Pb-acid:
    cost: 153.818
    lifetime: 5.62787
    annual_cost: 27.331477095242075
    efficiency: 0.727165
    discharge_ratio: 5
    depth_of_discharge: 0.5
  VRBF:
    cost: 238.059
    lifetime: 20.6451
    annual_cost: 11.531017045206854
    efficiency: 0.818388
    discharge_ratio: 0.5
    depth_of_discharge: 1.0
