cost_values:
  wind_capex: 5000.0
  wind_opex: 100
  wind_lifetime: 20
  solar_capex: 1000.0
  solar_opex: 10
  solar_lifetime: 20
  carbon_price: 1.0
timeseries_values:
  load_level: 244935.6241813471
  wind_year: 2017
  solar_year: 2013
  price_year: 2023
  carbon_year: 2023
storage_values:
  CAES:
    cost: 59.3376
    lifetime: 26.4186
    annual_cost: 2.2460539165587883
    efficiency: 0.623911
    discharge_ratio: 0.1
    depth_of_discharge: 0.4
  Li-ion:
    cost: 182.747
    lifetime: 19.4069
    annual_cost: 9.416599250781939
    efficiency: 0.913708
    discharge_ratio: 2
    depth_of_discharge: 0.9
  Pb-acid:
    cost: 142.244
    lifetime: 6.326
    annual_cost: 22.48561492254189
    efficiency: 0.719789
    discharge_ratio: 5
    depth_of_discharge: 0.5
  VRBF:
    cost: 290.064
    lifetime: 19.8503
    annual_cost: 14.612575124809197
    efficiency: 0.806124
    discharge_ratio: 0.5
    depth_of_discharge: 1.0
