cost_values:
  wind_capex: 5000.0
  wind_opex: 100
  wind_lifetime: 20
  solar_capex: 1000.0
  solar_opex: 10
  solar_lifetime: 20
  carbon_price: 1.0
timeseries_values:
  load_level: 221803.70241160263
  wind_year: 2011
  solar_year: 2013
  price_year: 2023
  carbon_year: 2023
storage_values:
  CAES:
    cost: 72.3745
    lifetime: 27.5626
    annual_cost: 2.6258226727522076
    efficiency: 0.625542
    discharge_ratio: 0.1
    depth_of_discharge: 0.4
  Li-ion:
    cost: 158.891
    lifetime: 19.5268
    annual_cost: 8.137073150746666
    efficiency: 0.944433
    discharge_ratio: 2
    depth_of_discharge: 0.9
  Pb-acid:
    cost: 206.149
    lifetime: 8.74869
    annual_cost: 23.563413493905944
    efficiency: 0.729651
    discharge_ratio: 5
    depth_of_discharge: 0.5
  VRBF:
    cost: 259.624
    lifetime: 23.4619
    annual_cost: 11.0657704618978
    efficiency: 0.695995
    discharge_ratio: 0.5
    depth_of_discharge: 1.0
