cost_values:
  wind_capex: 5000.0
  wind_opex: 100
  wind_lifetime: 20
  solar_capex: 1000.0
  solar_opex: 10
  solar_lifetime: 20
  carbon_price: 1.0
timeseries_values:
  load_level: 221803.70241160263
  wind_year: 2011
  solar_year: 2013
  price_year: 2023
  carbon_year: 2023
storage_values:
  CAES:
    cost: 69.5726
    lifetime: 28.4404
    annual_cost: 2.4462595462792365
    efficiency: 0.619685
    discharge_ratio: 0.1
    depth_of_discharge: 0.4
  Li-ion:
    cost: 157.233
    lifetime: 18.7385
    annual_cost: 8.390906422605866
    efficiency: 0.932718
    discharge_ratio: 2
    depth_of_discharge: 0.9
  Pb-acid:
    cost: 206.086
    lifetime: 10.3203
    annual_cost: 19.96899314942395
    efficiency: 0.726884
    discharge_ratio: 5
    depth_of_discharge: 0.5
  VRBF:
    cost: 219.78
    lifetime: 21.2195
    annual_cost: 10.35745422842197
    efficiency: 0.665247
    discharge_ratio: 0.5
    depth_of_discharge: 1.0
