cost_values:
  wind_capex: 5000.0
  wind_opex: 100
  wind_lifetime: 20
  solar_capex: 1000.0
  solar_opex: 10
  solar_lifetime: 20
  carbon_price: 1.0
timeseries_values:
  load_level: 221803.70241160263
  wind_year: 2011
  solar_year: 2013
  price_year: 2023
  carbon_year: 2023
storage_values:
  CAES:
    cost: 73.1721
    lifetime: 28.0147
    annual_cost: 2.611918028749192
    efficiency: 0.633602
    discharge_ratio: 0.1
    depth_of_discharge: 0.4
  Li-ion:
    cost: 171.947
    lifetime: 18.2666
    annual_cost: 9.413191289019302
    efficiency: 0.928645
    discharge_ratio: 2
    depth_of_discharge: 0.9
  Pb-acid:
    cost: 191.775
    lifetime: 12.1943
    annual_cost: 15.726609973512215
    efficiency: 0.746546
    discharge_ratio: 5
    depth_of_discharge: 0.5
  VRBF:
    cost: 260.813
    lifetime: 23.8217
    annual_cost: 10.948546913108636
    efficiency: 0.694322
    discharge_ratio: 0.5
    depth_of_discharge: 1.0
