cost_values:
  wind_capex: 5000.0
  wind_opex: 100
  wind_lifetime: 20
  solar_capex: 1000.0
  solar_opex: 10
  solar_lifetime: 20
  carbon_price: 1.0
timeseries_values:
  load_level: 221803.70241160263
  wind_year: 2011
  solar_year: 2013
  price_year: 2023
  carbon_year: 2023
storage_values:
  CAES:
    cost: 76.2674
    lifetime: 26.9172
    annual_cost: 2.8334076352666693
    efficiency: 0.607117
    discharge_ratio: 0.1
    depth_of_discharge: 0.4
  Li-ion:
    cost: 180.175
    lifetime: 18.482
    annual_cost: 9.748674385888974
    efficiency: 0.941688
    discharge_ratio: 2
    depth_of_discharge: 0.9
  Pb-acid:
    cost: 183.121
    lifetime: 9.6913
    annual_cost: 18.895401029789607
    efficiency: 0.702362
    discharge_ratio: 5
    depth_of_discharge: 0.5
  VRBF:
    cost: 232.56
    lifetime: 23.5385
    annual_cost: 9.87998385623553
    efficiency: 0.678263
    discharge_ratio: 0.5
    depth_of_discharge: 1.0
