cost_values:
  wind_capex: 5000.0
  wind_opex: 100
  wind_lifetime: 20
  solar_capex: 1000.0
  solar_opex: 10
  solar_lifetime: 20
  carbon_price: 1.0
timeseries_values:
  load_level: 221803.70241160263
  wind_year: 2011
  solar_year: 2013
  price_year: 2023
  carbon_year: 2023
storage_values:
  CAES:
    cost: 70.9501
    lifetime: 26.8117
    annual_cost: 2.646236531066662
    efficiency: 0.6362
    discharge_ratio: 0.1
    depth_of_discharge: 0.4
  Li-ion:
    cost: 193.932
    lifetime: 18.9163
    annual_cost: 10.252110613597797
    efficiency: 0.943453
    discharge_ratio: 2
    depth_of_discharge: 0.9
  Pb-acid:
    cost: 228.357
    lifetime: 9.44637
    annual_cost: 24.174047808840857
    efficiency: 0.734627
    discharge_ratio: 5
    depth_of_discharge: 0.5
  VRBF:
    cost: 256.362
    lifetime: 24.9056
    annual_cost: 10.293347680842864
    efficiency: 0.670296
    discharge_ratio: 0.5
    depth_of_discharge: 1.0
