cost_values:
  wind_capex: 5000.0
  wind_opex: 100
  wind_lifetime: 20
  solar_capex: 1000.0
  solar_opex: 10
  solar_lifetime: 20
  carbon_price: 1.0
timeseries_values:
  load_level: 221803.70241160263
  wind_year: 2011
  solar_year: 2013
  price_year: 2023
  carbon_year: 2023
storage_values:
  CAES:
    cost: 70.8526
    lifetime: 27.2591
    annual_cost: 2.5992274139645106
    efficiency: 0.621252
    discharge_ratio: 0.1
    depth_of_discharge: 0.4
  Li-ion:
    cost: 173.575
    lifetime: 17.4006
    annual_cost: 9.975230739169913
    efficiency: 0.956352
    discharge_ratio: 2
    depth_of_discharge: 0.9
  Pb-acid:
    cost: 211.94
    lifetime: 11.4218
    annual_cost: 18.555744278485005
    efficiency: 0.724615
    discharge_ratio: 5
    depth_of_discharge: 0.5
  VRBF:
    cost: 212.556
    lifetime: 23.5934
    annual_cost: 9.009129671857385
    efficiency: 0.697273
    discharge_ratio: 0.5
    depth_of_discharge: 1.0
