cost_values:
  wind_capex: 5000.0
  wind_opex: 100
  wind_lifetime: 20
  solar_capex: 1000.0
  solar_opex: 10
  solar_lifetime: 20
  carbon_price: 1.0
timeseries_values:
  load_level: 221803.70241160263
  wind_year: 2011
  solar_year: 2013
  price_year: 2023
  carbon_year: 2023
storage_values:
  CAES:
    cost: 71.6369
    lifetime: 27.864
    annual_cost: 2.570948176859029
    efficiency: 0.618698
    discharge_ratio: 0.1
    depth_of_discharge: 0.4
  Li-ion:
    cost: 178.867
    lifetime: 16.4126
    annual_cost: 10.898151420250294
    efficiency: 0.935725
    discharge_ratio: 2
    depth_of_discharge: 0.9
  Pb-acid:
    cost: 203.582
    lifetime: 10.3328
    annual_cost: 19.702500774233506
    efficiency: 0.718259
    discharge_ratio: 5
    depth_of_discharge: 0.5
  VRBF:
    cost: 193.51
    lifetime: 23.3706
    annual_cost: 8.280061273565932
    efficiency: 0.686429
    discharge_ratio: 0.5
    depth_of_discharge: 1.0
