cost_values:
  wind_capex: 5000.0
  wind_opex: 100
  wind_lifetime: 20
  solar_capex: 1000.0
  solar_opex: 10
  solar_lifetime: 20
  carbon_price: 1.0
timeseries_values:
  load_level: 221803.70241160263
  wind_year: 2011
  solar_year: 2013
  price_year: 2023
  carbon_year: 2023
storage_values:
  CAES:
    cost: 69.2144
    lifetime: 28.2654
    annual_cost: 2.448732372441218
    efficiency: 0.612609
    discharge_ratio: 0.1
    depth_of_discharge: 0.4
  Li-ion:
    cost: 169.359
    lifetime: 18.554
    annual_cost: 9.127896949444866
    efficiency: 0.932911
    discharge_ratio: 2
    depth_of_discharge: 0.9
  Pb-acid:
    cost: 211.524
    lifetime: 12.4613
    annual_cost: 16.97447296830989
    efficiency: 0.729728
    discharge_ratio: 5
    depth_of_discharge: 0.5
  VRBF:
    cost: 219.205
    lifetime: 21.2383
    annual_cost: 10.321212149748334
    efficiency: 0.663371
    discharge_ratio: 0.5
    depth_of_discharge: 1.0
