cost_values:
  wind_capex: 5000.0
  wind_opex: 100
  wind_lifetime: 20
  solar_capex: 1000.0
  solar_opex: 10
  solar_lifetime: 20
  carbon_price: 1.0
timeseries_values:
  load_level: 221803.70241160263
  wind_year: 2011
  solar_year: 2013
  price_year: 2023
  carbon_year: 2023
storage_values:
  CAES:
    cost: 65.1351
    lifetime: 28.0866
    annual_cost: 2.319080985238512
    efficiency: 0.632558
    discharge_ratio: 0.1
    depth_of_discharge: 0.4
  Li-ion:
    cost: 167.813
    lifetime: 18.8415
    annual_cost: 8.90656264097869
    efficiency: 0.92674
    discharge_ratio: 2
    depth_of_discharge: 0.9
  Pb-acid:
    cost: 219.731
    lifetime: 11.7609
    annual_cost: 18.68317900840922
    efficiency: 0.724737
    discharge_ratio: 5
    depth_of_discharge: 0.5
  VRBF:
    cost: 251.871
    lifetime: 25.0576
    annual_cost: 10.051680927143861
    efficiency: 0.691762
    discharge_ratio: 0.5
    depth_of_discharge: 1.0
