cost_values:
  wind_capex: 5000.0
  wind_opex: 100
  wind_lifetime: 20
  solar_capex: 1000.0
  solar_opex: 10
  solar_lifetime: 20
  carbon_price: 1.0
timeseries_values:
  load_level: 221803.70241160263
  wind_year: 2011
  solar_year: 2013
  price_year: 2023
  carbon_year: 2023
storage_values:
  CAES:
    cost: 66.9201
    lifetime: 27.9452
    annual_cost: 2.394690322488299
    efficiency: 0.632521
    discharge_ratio: 0.1
    depth_of_discharge: 0.4
  Li-ion:
    cost: 162.562
    lifetime: 16.7167
    annual_cost: 9.724526970035953
    efficiency: 0.93929
    discharge_ratio: 2
    depth_of_discharge: 0.9
  Pb-acid:
    cost: 239.637
    lifetime: 10.8026
    annual_cost: 22.183270694092162
    efficiency: 0.737464
    discharge_ratio: 5
    depth_of_discharge: 0.5
  VRBF:
    cost: 194.462
    lifetime: 22.2408
    annual_cost: 8.743480450343512
    efficiency: 0.673057
    discharge_ratio: 0.5
    depth_of_discharge: 1.0
