cost_values:
  wind_capex: 5000.0
  wind_opex: 100
  wind_lifetime: 20
  solar_capex: 1000.0
  solar_opex: 10
  solar_lifetime: 20
  carbon_price: 1.0
timeseries_values:
  load_level: 221803.70241160263
  wind_year: 2011
  solar_year: 2013
  price_year: 2023
  carbon_year: 2023
storage_values:
  CAES:
    cost: 73.5214
    lifetime: 28.5597
    annual_cost: 2.574305752511406
    efficiency: 0.617243
    discharge_ratio: 0.1
    depth_of_discharge: 0.4
  Li-ion:
    cost: 178.24
    lifetime: 17.1295
    annual_cost: 10.405440906039289
    efficiency: 0.929804
    discharge_ratio: 2
    depth_of_discharge: 0.9
  Pb-acid:
    cost: 198.48
    lifetime: 10.9418
    annual_cost: 18.139611398490192
    efficiency: 0.727943
    discharge_ratio: 5
    depth_of_discharge: 0.5
  VRBF:
    cost: 238.141
    lifetime: 25.022
    annual_cost: 9.517264806969866
    efficiency: 0.694374
    discharge_ratio: 0.5
    depth_of_discharge: 1.0
