cost_values:
  wind_capex: 5000.0
  wind_opex: 100
  wind_lifetime: 20
  solar_capex: 1000.0
  solar_opex: 10
  solar_lifetime: 20
  carbon_price: 1.0
timeseries_values:
  load_level: 221803.70241160263
  wind_year: 2011
  solar_year: 2013
  price_year: 2023
  carbon_year: 2023
storage_values:
  CAES:
    cost: 71.3117
    lifetime: 27.2978
    annual_cost: 2.61236070306032
    efficiency: 0.618449
    discharge_ratio: 0.1
    depth_of_discharge: 0.4
  Li-ion:
    cost: 157.398
    lifetime: 16.4988
    annual_cost: 9.539966543021311
    efficiency: 0.921659
    discharge_ratio: 2
    depth_of_discharge: 0.9
  Pb-acid:
    cost: 226.548
    lifetime: 10.9617
    annual_cost: 20.667232272366512
    efficiency: 0.724883
    discharge_ratio: 5
    depth_of_discharge: 0.5
  VRBF:
    cost: 233.815
    lifetime: 23.8928
    annual_cost: 9.786002477733877
    efficiency: 0.675083
    discharge_ratio: 0.5
    depth_of_discharge: 1.0
