cost_values:
  wind_capex: 5000.0
  wind_opex: 100
  wind_lifetime: 20
  solar_capex: 1000.0
  solar_opex: 10
  solar_lifetime: 20
  carbon_price: 1.0
timeseries_values:
  load_level: 221803.70241160263
  wind_year: 2011
  solar_year: 2013
  price_year: 2023
  carbon_year: 2023
storage_values:
  CAES:
    cost: 74.5425
    lifetime: 27.6519
    annual_cost: 2.695746042767405
    efficiency: 0.63326
    discharge_ratio: 0.1
    depth_of_discharge: 0.4
  Li-ion:
    cost: 174.514
    lifetime: 18.8942
    annual_cost: 9.236379418022462
    efficiency: 0.934616
    discharge_ratio: 2
    depth_of_discharge: 0.9
  Pb-acid:
    cost: 222.016
    lifetime: 10.913
    annual_cost: 20.344176670026574
    efficiency: 0.728547
    discharge_ratio: 5
    depth_of_discharge: 0.5
  VRBF:
    cost: 218.016
    lifetime: 23.8651
    annual_cost: 9.135348270068006
    efficiency: 0.695053
    discharge_ratio: 0.5
    depth_of_discharge: 1.0
