cost_values:
  wind_capex: 5000.0
  wind_opex: 100
  wind_lifetime: 20
  solar_capex: 1000.0
  solar_opex: 10
  solar_lifetime: 20
  carbon_price: 1.0
timeseries_values:
  load_level: 221803.70241160263
  wind_year: 2011
  solar_year: 2013
  price_year: 2023
  carbon_year: 2023
storage_values:
  CAES:
    cost: 71.6062
    lifetime: 27.7675
    annual_cost: 2.578777347618619
    efficiency: 0.617867
    discharge_ratio: 0.1
    depth_of_discharge: 0.4
  Li-ion:
    cost: 184.414
    lifetime: 15.7292
    annual_cost: 11.72430892861684
    efficiency: 0.932884
    discharge_ratio: 2
    depth_of_discharge: 0.9
  Pb-acid:
    cost: 201.847
    lifetime: 11.0229
    annual_cost: 18.311605838753866
    efficiency: 0.738893
    discharge_ratio: 5
    depth_of_discharge: 0.5
  VRBF:
    cost: 263.207
    lifetime: 22.3901
    annual_cost: 11.755508014702926
    efficiency: 0.689404
    discharge_ratio: 0.5
    depth_of_discharge: 1.0
