cost_values:
  wind_capex: 5000.0
  wind_opex: 100
  wind_lifetime: 20
  solar_capex: 1000.0
  solar_opex: 10
  solar_lifetime: 20
  carbon_price: 1.0
timeseries_values:
  load_level: 221803.70241160263
  wind_year: 2011
  solar_year: 2013
  price_year: 2023
  carbon_year: 2023
storage_values:
  CAES:
    cost: 71.7903
    lifetime: 27.6324
    annual_cost: 2.5980479437182438
    efficiency: 0.630169
    discharge_ratio: 0.1
    depth_of_discharge: 0.4
  Li-ion:
    cost: 167.492
    lifetime: 18.5641
    annual_cost: 9.02236036220447
    efficiency: 0.934943
    discharge_ratio: 2
    depth_of_discharge: 0.9
  Pb-acid:
    cost: 190.32
    lifetime: 12.0431
    annual_cost: 15.803240029560493
    efficiency: 0.730834
    discharge_ratio: 5
    depth_of_discharge: 0.5
  VRBF:
    cost: 267.58
    lifetime: 24.155
    annual_cost: 11.077623680397432
    efficiency: 0.689495
    discharge_ratio: 0.5
    depth_of_discharge: 1.0
