cost_values:
  wind_capex: 5000.0
  wind_opex: 100
  wind_lifetime: 20
  solar_capex: 1000.0
  solar_opex: 10
  solar_lifetime: 20
  carbon_price: 1.0
timeseries_values:
  load_level: 221803.70241160263
  wind_year: 2011
  solar_year: 2013
  price_year: 2023
  carbon_year: 2023
storage_values:
  CAES:
    cost: 71.5196
    lifetime: 27.2449
    annual_cost: 2.6250637734034625
    efficiency: 0.61334
    discharge_ratio: 0.1
    depth_of_discharge: 0.4
  Li-ion:
    cost: 174.514
    lifetime: 17.6341
    annual_cost: 9.896393918600893
    efficiency: 0.916758
    discharge_ratio: 2
    depth_of_discharge: 0.9
  Pb-acid:
    cost: 180.178
    lifetime: 11.2335
    annual_cost: 16.039346597231496
    efficiency: 0.730589
    discharge_ratio: 5
    depth_of_discharge: 0.5
  VRBF:
    cost: 261.158
    lifetime: 24.848
    annual_cost: 10.510222150676112
    efficiency: 0.683985
    discharge_ratio: 0.5
    depth_of_discharge: 1.0
