cost_values:
  wind_capex: 5000.0
  wind_opex: 100
  wind_lifetime: 20
  solar_capex: 1000.0
  solar_opex: 10
  solar_lifetime: 20
  carbon_price: 1.0
timeseries_values:
  load_level: 221803.70241160263
  wind_year: 2011
  solar_year: 2013
  price_year: 2023
  carbon_year: 2023
storage_values:
  CAES:
    cost: 66.0059
    lifetime: 26.552
    annual_cost: 2.4859106658632117
    efficiency: 0.625588
    discharge_ratio: 0.1
    depth_of_discharge: 0.4
  Li-ion:
    cost: 198.474
    lifetime: 18.6892
    annual_cost: 10.619716199730325
    efficiency: 0.925465
    discharge_ratio: 2
    depth_of_discharge: 0.9
  Pb-acid:
    cost: 213.422
    lifetime: 10.7192
    annual_cost: 19.91025449660422
    efficiency: 0.715579
    discharge_ratio: 5
    depth_of_discharge: 0.5
  VRBF:
    cost: 246.421
    lifetime: 21.3149
    annual_cost: 11.560973778905835
    efficiency: 0.670303
    discharge_ratio: 0.5
    depth_of_discharge: 1.0
