cost_values:
  wind_capex: 5000.0
  wind_opex: 100
  wind_lifetime: 20
  solar_capex: 1000.0
  solar_opex: 10
  solar_lifetime: 20
  carbon_price: 1.0
timeseries_values:
  load_level: 221803.70241160263
  wind_year: 2011
  solar_year: 2013
  price_year: 2023
  carbon_year: 2023
storage_values:
  CAES:
    cost: 63.8516
    lifetime: 27.6437
    annual_cost: 2.3098065743731846
    efficiency: 0.622036
    discharge_ratio: 0.1
    depth_of_discharge: 0.4
  Li-ion:
    cost: 193.577
    lifetime: 19.7978
    annual_cost: 9.777702573013164
    efficiency: 0.934962
    discharge_ratio: 2
    depth_of_discharge: 0.9
  Pb-acid:
    cost: 215.07
    lifetime: 12.0476
    annual_cost: 17.85168830306451
    efficiency: 0.713076
    discharge_ratio: 5
    depth_of_discharge: 0.5
  VRBF:
    cost: 277.388
    lifetime: 22.245
    annual_cost: 12.469678579456057
    efficiency: 0.674318
    discharge_ratio: 0.5
    depth_of_discharge: 1.0
