cost_values:
  wind_capex: 5000.0
  wind_opex: 100
  wind_lifetime: 20
  solar_capex: 1000.0
  solar_opex: 10
  solar_lifetime: 20
  carbon_price: 1.0
timeseries_values:
  load_level: 221803.70241160263
  wind_year: 2011
  solar_year: 2013
  price_year: 2023
  carbon_year: 2023
storage_values:
  CAES:
    cost: 64.6229
    lifetime: 26.9619
    annual_cost: 2.3968229242004457
    efficiency: 0.628056
    discharge_ratio: 0.1
    depth_of_discharge: 0.4
  Li-ion:
    cost: 161.657
    lifetime: 17.356
    annual_cost: 9.314185296151187
    efficiency: 0.93772
    discharge_ratio: 2
    depth_of_discharge: 0.9
  Pb-acid:
    cost: 200.042
    lifetime: 12.1239
    annual_cost: 16.49980616798225
    efficiency: 0.735545
    discharge_ratio: 5
    depth_of_discharge: 0.5
  VRBF:
    cost: 197.453
    lifetime: 22.4331
    annual_cost: 8.801859751884493
    efficiency: 0.685096
    discharge_ratio: 0.5
    depth_of_discharge: 1.0
