cost_values:
  wind_capex: 5000.0
  wind_opex: 100
  wind_lifetime: 20
  solar_capex: 1000.0
  solar_opex: 10
  solar_lifetime: 20
  carbon_price: 1.0
timeseries_values:
  load_level: 221803.70241160263
  wind_year: 2011
  solar_year: 2013
  price_year: 2023
  carbon_year: 2023
storage_values:
  CAES:
    cost: 73.7385
    lifetime: 27.8671
    annual_cost: 2.646077273917989
    efficiency: 0.625521
    discharge_ratio: 0.1
    depth_of_discharge: 0.4
  Li-ion:
    cost: 192.11
    lifetime: 16.9483
    annual_cost: 11.335060153525724
    efficiency: 0.921811
    discharge_ratio: 2
    depth_of_discharge: 0.9
  Pb-acid:
    cost: 223.541
    lifetime: 9.93923
    annual_cost: 22.490776448477398
    efficiency: 0.717789
    discharge_ratio: 5
    depth_of_discharge: 0.5
  VRBF:
    cost: 242.835
    lifetime: 21.496
    annual_cost: 11.296752884257538
    efficiency: 0.696982
    discharge_ratio: 0.5
    depth_of_discharge: 1.0
