cost_values:
  wind_capex: 5000.0
  wind_opex: 100
  wind_lifetime: 20
  solar_capex: 1000.0
  solar_opex: 10
  solar_lifetime: 20
  carbon_price: 1.0
timeseries_values:
  load_level: 221803.70241160263
  wind_year: 2011
  solar_year: 2013
  price_year: 2023
  carbon_year: 2023
storage_values:
  CAES:
    cost: 77.0492
    lifetime: 27.2567
    annual_cost: 2.8267985486137355
    efficiency: 0.623353
    discharge_ratio: 0.1
    depth_of_discharge: 0.4
  Li-ion:
    cost: 179.287
    lifetime: 18.4213
    annual_cost: 9.732592162333821
    efficiency: 0.941811
    discharge_ratio: 2
    depth_of_discharge: 0.9
  Pb-acid:
    cost: 218.378
    lifetime: 9.78439
    annual_cost: 22.31902039881893
    efficiency: 0.731023
    discharge_ratio: 5
    depth_of_discharge: 0.5
  VRBF:
    cost: 206.723
    lifetime: 23.7892
    annual_cost: 8.689783599280346
    efficiency: 0.667005
    discharge_ratio: 0.5
    depth_of_discharge: 1.0
