cost_values:
  wind_capex: 5000.0
  wind_opex: 100
  wind_lifetime: 20
  solar_capex: 1000.0
  solar_opex: 10
  solar_lifetime: 20
  carbon_price: 1.0
timeseries_values:
  load_level: 221803.70241160263
  wind_year: 2011
  solar_year: 2013
  price_year: 2023
  carbon_year: 2023
storage_values:
  CAES:
    cost: 71.2885
    lifetime: 27.7706
    annual_cost: 2.567049325545721
    efficiency: 0.628582
    discharge_ratio: 0.1
    depth_of_discharge: 0.4
  Li-ion:
    cost: 162.848
    lifetime: 19.4392
    annual_cost: 8.377299477344748
    efficiency: 0.934144
    discharge_ratio: 2
    depth_of_discharge: 0.9
  Pb-acid:
    cost: 196.498
    lifetime: 10.7906
    annual_cost: 18.210108798398608
    efficiency: 0.710966
    discharge_ratio: 5
    depth_of_discharge: 0.5
  VRBF:
    cost: 221.862
    lifetime: 22.4428
    annual_cost: 9.885664890298894
    efficiency: 0.709414
    discharge_ratio: 0.5
    depth_of_discharge: 1.0
