cost_values:
  wind_capex: 5000.0
  wind_opex: 100
  wind_lifetime: 20
  solar_capex: 1000.0
  solar_opex: 10
  solar_lifetime: 20
  carbon_price: 1.0
timeseries_values:
  load_level: 221803.70241160263
  wind_year: 2011
  solar_year: 2013
  price_year: 2023
  carbon_year: 2023
storage_values:
  CAES:
    cost: 68.9877
    lifetime: 27.6091
    annual_cost: 2.4987304910337533
    efficiency: 0.616105
    discharge_ratio: 0.1
    depth_of_discharge: 0.4
  Li-ion:
    cost: 178.589
    lifetime: 17.1534
    annual_cost: 10.411288724101343
    efficiency: 0.936311
    discharge_ratio: 2
    depth_of_discharge: 0.9
  Pb-acid:
    cost: 203.392
    lifetime: 13.1649
    annual_cost: 15.449566650715159
    efficiency: 0.72587
    discharge_ratio: 5
    depth_of_discharge: 0.5
  VRBF:
    cost: 189.945
    lifetime: 23.5835
    annual_cost: 8.054148027222421
    efficiency: 0.674605
    discharge_ratio: 0.5
    depth_of_discharge: 1.0
