cost_values:
  wind_capex: 5000.0
  wind_opex: 100
  wind_lifetime: 20
  solar_capex: 1000.0
  solar_opex: 10
  solar_lifetime: 20
  carbon_price: 1.0
timeseries_values:
  load_level: 221803.70241160263
  wind_year: 2011
  solar_year: 2013
  price_year: 2023
  carbon_year: 2023
storage_values:
  CAES:
    cost: 67.731
    lifetime: 27.769
    annual_cost: 2.4390867514134467
    efficiency: 0.621024
    discharge_ratio: 0.1
    depth_of_discharge: 0.4
  Li-ion:
    cost: 167.205
    lifetime: 17.1695
    annual_cost: 9.73848976382539
    efficiency: 0.935586
    discharge_ratio: 2
    depth_of_discharge: 0.9
  Pb-acid:
    cost: 213.982
    lifetime: 12.2259
    annual_cost: 17.50235156511995
    efficiency: 0.734855
    discharge_ratio: 5
    depth_of_discharge: 0.5
  VRBF:
    cost: 227.538
    lifetime: 23.0132
    annual_cost: 9.887282081587959
    efficiency: 0.682517
    discharge_ratio: 0.5
    depth_of_discharge: 1.0
