cost_values:
  wind_capex: 5000.0
  wind_opex: 100
  wind_lifetime: 20
  solar_capex: 1000.0
  solar_opex: 10
  solar_lifetime: 20
  carbon_price: 1.0
timeseries_values:
  load_level: 221803.70241160263
  wind_year: 2011
  solar_year: 2013
  price_year: 2023
  carbon_year: 2023
storage_values:
  CAES:
    cost: 68.3162
    lifetime: 27.7586
    annual_cost: 2.4610823312414887
    efficiency: 0.632238
    discharge_ratio: 0.1
    depth_of_discharge: 0.4
  Li-ion:
    cost: 186.775
    lifetime: 18.5877
    annual_cost: 10.048311517831683
    efficiency: 0.941795
    discharge_ratio: 2
    depth_of_discharge: 0.9
  Pb-acid:
    cost: 222.048
    lifetime: 11.6873
    annual_cost: 18.999084476311893
    efficiency: 0.718876
    discharge_ratio: 5
    depth_of_discharge: 0.5
  VRBF:
    cost: 257.417
    lifetime: 23.3902
    annual_cost: 11.005335567887405
    efficiency: 0.690201
    discharge_ratio: 0.5
    depth_of_discharge: 1.0
