cost_values:
  wind_capex: 5000.0
  wind_opex: 100
  wind_lifetime: 20
  solar_capex: 1000.0
  solar_opex: 10
  solar_lifetime: 20
  carbon_price: 1.0
timeseries_values:
  load_level: 221803.70241160263
  wind_year: 2011
  solar_year: 2013
  price_year: 2023
  carbon_year: 2023
storage_values:
  CAES:
    cost: 75.7891
    lifetime: 28.3554
    annual_cost: 2.6728277506224565
    efficiency: 0.618763
    discharge_ratio: 0.1
    depth_of_discharge: 0.4
  Li-ion:
    cost: 175.55
    lifetime: 18.6486
    annual_cost: 9.413575281790592
    efficiency: 0.94691
    discharge_ratio: 2
    depth_of_discharge: 0.9
  Pb-acid:
    cost: 223.25
    lifetime: 12.4676
    annual_cost: 17.906413423593957
    efficiency: 0.714115
    discharge_ratio: 5
    depth_of_discharge: 0.5
  VRBF:
    cost: 222.241
    lifetime: 21.6423
    annual_cost: 10.268825402106062
    efficiency: 0.685188
    discharge_ratio: 0.5
    depth_of_discharge: 1.0
