cost_values:
  wind_capex: 5000.0
  wind_opex: 100
  wind_lifetime: 20
  solar_capex: 1000.0
  solar_opex: 10
  solar_lifetime: 20
  carbon_price: 1.0
timeseries_values:
  load_level: 221803.70241160263
  wind_year: 2011
  solar_year: 2013
  price_year: 2023
  carbon_year: 2023
storage_values:
  CAES:
    cost: 71.4065
    lifetime: 28.223
    annual_cost: 2.5300818481380434
    efficiency: 0.624471
    discharge_ratio: 0.1
    depth_of_discharge: 0.4
  Li-ion:
    cost: 171.616
    lifetime: 19.9538
    annual_cost: 8.600667542022071
    efficiency: 0.929043
    discharge_ratio: 2
    depth_of_discharge: 0.9
  Pb-acid:
    cost: 214.817
    lifetime: 13.1295
    annual_cost: 16.361399900986328
    efficiency: 0.720292
    discharge_ratio: 5
    depth_of_discharge: 0.5
  VRBF:
    cost: 241.178
    lifetime: 24.0665
    annual_cost: 10.021315937090977
    efficiency: 0.691357
    discharge_ratio: 0.5
    depth_of_discharge: 1.0
