cost_values:
  wind_capex: 5000.0
  wind_opex: 100
  wind_lifetime: 20
  solar_capex: 1000.0
  solar_opex: 10
  solar_lifetime: 20
  carbon_price: 1.0
timeseries_values:
  load_level: 221803.70241160263
  wind_year: 2011
  solar_year: 2013
  price_year: 2023
  carbon_year: 2023
storage_values:
  CAES:
    cost: 69.9388
    lifetime: 26.9703
    annual_cost: 2.593178422190335
    efficiency: 0.620942
    discharge_ratio: 0.1
    depth_of_discharge: 0.4
  Li-ion:
    cost: 170.826
    lifetime: 19.4
    annual_cost: 8.805463917525774
    efficiency: 0.952415
    discharge_ratio: 2
    depth_of_discharge: 0.9
  Pb-acid:
    cost: 208.208
    lifetime: 9.38738
    annual_cost: 22.17956447911984
    efficiency: 0.746694
    discharge_ratio: 5
    depth_of_discharge: 0.5
  VRBF:
    cost: 235.631
    lifetime: 20.8879
    annual_cost: 11.280741481910582
    efficiency: 0.687413
    discharge_ratio: 0.5
    depth_of_discharge: 1.0
