cost_values:
  wind_capex: 5000.0
  wind_opex: 100
  wind_lifetime: 20
  solar_capex: 1000.0
  solar_opex: 10
  solar_lifetime: 20
  carbon_price: 1.0
timeseries_values:
  load_level: 221803.70241160263
  wind_year: 2011
  solar_year: 2013
  price_year: 2023
  carbon_year: 2023
storage_values:
  CAES:
    cost: 66.5896
    lifetime: 27.0734
    annual_cost: 2.459595026852926
    efficiency: 0.628173
    discharge_ratio: 0.1
    depth_of_discharge: 0.4
  Li-ion:
    cost: 171.545
    lifetime: 16.089
    annual_cost: 10.662253713717448
    efficiency: 0.9336
    discharge_ratio: 2
    depth_of_discharge: 0.9
  Pb-acid:
    cost: 207.692
    lifetime: 11.4269
    annual_cost: 18.17570819732386
    efficiency: 0.736815
    discharge_ratio: 5
    depth_of_discharge: 0.5
  VRBF:
    cost: 232.401
    lifetime: 23.8593
    annual_cost: 9.740478555531805
    efficiency: 0.675644
    discharge_ratio: 0.5
    depth_of_discharge: 1.0
