cost_values:
  wind_capex: 5000.0
  wind_opex: 100
  wind_lifetime: 20
  solar_capex: 1000.0
  solar_opex: 10
  solar_lifetime: 20
  carbon_price: 1.0
timeseries_values:
  load_level: 221803.70241160263
  wind_year: 2011
  solar_year: 2013
  price_year: 2023
  carbon_year: 2023
storage_values:
  CAES:
    cost: 69.1571
    lifetime: 28.2151
    annual_cost: 2.451066981864321
    efficiency: 0.613343
    discharge_ratio: 0.1
    depth_of_discharge: 0.4
  Li-ion:
    cost: 180.091
    lifetime: 19.7943
    annual_cost: 9.09812420747387
    efficiency: 0.917445
    discharge_ratio: 2
    depth_of_discharge: 0.9
  Pb-acid:
    cost: 187.203
    lifetime: 10.6424
    annual_cost: 17.590299180635945
    efficiency: 0.742524
    discharge_ratio: 5
    depth_of_discharge: 0.5
  VRBF:
    cost: 218.983
    lifetime: 23.3481
    annual_cost: 9.379050115426953
    efficiency: 0.695134
    discharge_ratio: 0.5
    depth_of_discharge: 1.0
