cost_values:
  wind_capex: 5000.0
  wind_opex: 100
  wind_lifetime: 20
  solar_capex: 1000.0
  solar_opex: 10
  solar_lifetime: 20
  carbon_price: 1.0
timeseries_values:
  load_level: 221803.70241160263
  wind_year: 2011
  solar_year: 2013
  price_year: 2023
  carbon_year: 2023
storage_values:
  CAES:
    cost: 73.0384
    lifetime: 28.2091
    annual_cost: 2.58917866929466
    efficiency: 0.622492
    discharge_ratio: 0.1
    depth_of_discharge: 0.4
  Li-ion:
    cost: 180.799
    lifetime: 17.5008
    annual_cost: 10.330899158895592
    efficiency: 0.932729
    discharge_ratio: 2
    depth_of_discharge: 0.9
  Pb-acid:
    cost: 214.661
    lifetime: 9.79091
    annual_cost: 21.92451978416715
    efficiency: 0.720358
    discharge_ratio: 5
    depth_of_discharge: 0.5
  VRBF:
    cost: 197.963
    lifetime: 24.3753
    annual_cost: 8.121459017940293
    efficiency: 0.670141
    discharge_ratio: 0.5
    depth_of_discharge: 1.0
