cost_values:
  wind_capex: 5000.0
  wind_opex: 100
  wind_lifetime: 20
  solar_capex: 1000.0
  solar_opex: 10
  solar_lifetime: 20
  carbon_price: 1.0
timeseries_values:
  load_level: 221803.70241160263
  wind_year: 2011
  solar_year: 2013
  price_year: 2023
  carbon_year: 2023
storage_values:
  CAES:
    cost: 74.2428
    lifetime: 27.8104
    annual_cost: 2.6696056151655494
    efficiency: 0.624995
    discharge_ratio: 0.1
    depth_of_discharge: 0.4
  Li-ion:
    cost: 169.987
    lifetime: 18.4379
    annual_cost: 9.219433883468291
    efficiency: 0.938493
    discharge_ratio: 2
    depth_of_discharge: 0.9
  Pb-acid:
    cost: 199.678
    lifetime: 11.5961
    annual_cost: 17.219409974042996
    efficiency: 0.735459
    discharge_ratio: 5
    depth_of_discharge: 0.5
  VRBF:
    cost: 228.039
    lifetime: 21.5208
    annual_cost: 10.596213895394222
    efficiency: 0.712403
    discharge_ratio: 0.5
    depth_of_discharge: 1.0
