cost_values:
  wind_capex: 5000.0
  wind_opex: 100
  wind_lifetime: 20
  solar_capex: 1000.0
  solar_opex: 10
  solar_lifetime: 20
  carbon_price: 1.0
timeseries_values:
  load_level: 221803.70241160263
  wind_year: 2011
  solar_year: 2013
  price_year: 2023
  carbon_year: 2023
storage_values:
  CAES:
    cost: 68.2905
    lifetime: 28.3753
    annual_cost: 2.4066882112259607
    efficiency: 0.615477
    discharge_ratio: 0.1
    depth_of_discharge: 0.4
  Li-ion:
    cost: 167.74
    lifetime: 17.5544
    annual_cost: 9.55543909219341
    efficiency: 0.93753
    discharge_ratio: 2
    depth_of_discharge: 0.9
  Pb-acid:
    cost: 199.519
    lifetime: 12.6627
    annual_cost: 15.756434251778847
    efficiency: 0.722034
    discharge_ratio: 5
    depth_of_discharge: 0.5
  VRBF:
    cost: 257.688
    lifetime: 24.5126
    annual_cost: 10.512471137292657
    efficiency: 0.699624
    discharge_ratio: 0.5
    depth_of_discharge: 1.0
