cost_values:
  wind_capex: 5000.0
  wind_opex: 100
  wind_lifetime: 20
  solar_capex: 1000.0
  solar_opex: 10
  solar_lifetime: 20
  carbon_price: 1.0
timeseries_values:
  load_level: 221803.70241160263
  wind_year: 2011
  solar_year: 2013
  price_year: 2023
  carbon_year: 2023
storage_values:
  CAES:
    cost: 76.9776
    lifetime: 27.6714
    annual_cost: 2.781846961122314
    efficiency: 0.623053
    discharge_ratio: 0.1
    depth_of_discharge: 0.4
  Li-ion:
    cost: 166.4
    lifetime: 16.4269
    annual_cost: 10.129726241713287
    efficiency: 0.934231
    discharge_ratio: 2
    depth_of_discharge: 0.9
  Pb-acid:
    cost: 213.566
    lifetime: 11.6507
    annual_cost: 18.330744075463276
    efficiency: 0.732057
    discharge_ratio: 5
    depth_of_discharge: 0.5
  VRBF:
    cost: 244.585
    lifetime: 23.4095
    annual_cost: 10.448108673829001
    efficiency: 0.683466
    discharge_ratio: 0.5
    depth_of_discharge: 1.0
