cost_values:
  wind_capex: 5000.0
  wind_opex: 100
  wind_lifetime: 20
  solar_capex: 1000.0
  solar_opex: 10
  solar_lifetime: 20
  carbon_price: 1.0
timeseries_values:
  load_level: 221803.70241160263
  wind_year: 2011
  solar_year: 2013
  price_year: 2023
  carbon_year: 2023
storage_values:
  CAES:
    cost: 72.0305
    lifetime: 27.7349
    annual_cost: 2.59710689420189
    efficiency: 0.628086
    discharge_ratio: 0.1
    depth_of_discharge: 0.4
  Li-ion:
    cost: 157.2
    lifetime: 17.067
    annual_cost: 9.210757602390578
    efficiency: 0.952406
    discharge_ratio: 2
    depth_of_discharge: 0.9
  Pb-acid:
    cost: 216.125
    lifetime: 10.3986
    annual_cost: 20.784047852595542
    efficiency: 0.721569
    discharge_ratio: 5
    depth_of_discharge: 0.5
  VRBF:
    cost: 255.977
    lifetime: 21.8263
    annual_cost: 11.727915404809794
    efficiency: 0.690984
    discharge_ratio: 0.5
    depth_of_discharge: 1.0
