cost_values:
  wind_capex: 5000.0
  wind_opex: 100
  wind_lifetime: 20
  solar_capex: 1000.0
  solar_opex: 10
  solar_lifetime: 20
  carbon_price: 1.0
timeseries_values:
  load_level: 221803.70241160263
  wind_year: 2011
  solar_year: 2013
  price_year: 2023
  carbon_year: 2023
storage_values:
  CAES:
    cost: 75.2255
    lifetime: 28.0842
    annual_cost: 2.678570156885366
    efficiency: 0.617772
    discharge_ratio: 0.1
    depth_of_discharge: 0.4
  Li-ion:
    cost: 174.148
    lifetime: 17.2103
    annual_cost: 10.118824192489381
    efficiency: 0.928297
    discharge_ratio: 2
    depth_of_discharge: 0.9
  Pb-acid:
    cost: 225.721
    lifetime: 9.70244
    annual_cost: 23.264354121231364
    efficiency: 0.740484
    discharge_ratio: 5
    depth_of_discharge: 0.5
  VRBF:
    cost: 236.909
    lifetime: 23.2356
    annual_cost: 10.195949319148202
    efficiency: 0.686524
    discharge_ratio: 0.5
    depth_of_discharge: 1.0
