cost_values:
  wind_capex: 5000.0
  wind_opex: 100
  wind_lifetime: 20
  solar_capex: 1000.0
  solar_opex: 10
  solar_lifetime: 20
  carbon_price: 1.0
timeseries_values:
  load_level: 221803.70241160263
  wind_year: 2011
  solar_year: 2013
  price_year: 2023
  carbon_year: 2023
storage_values:
  CAES:
    cost: 67.0247
    lifetime: 27.9052
    annual_cost: 2.4018713358083796
    efficiency: 0.624226
    discharge_ratio: 0.1
    depth_of_discharge: 0.4
  Li-ion:
    cost: 187.642
    lifetime: 17.2226
    annual_cost: 10.895102946128924
    efficiency: 0.950935
    discharge_ratio: 2
    depth_of_discharge: 0.9
  Pb-acid:
    cost: 222.929
    lifetime: 11.826
    annual_cost: 18.85075257906308
    efficiency: 0.703731
    discharge_ratio: 5
    depth_of_discharge: 0.5
  VRBF:
    cost: 240.358
    lifetime: 22.8223
    annual_cost: 10.531716785775318
    efficiency: 0.689663
    discharge_ratio: 0.5
    depth_of_discharge: 1.0
