cost_values:
  wind_capex: 5000.0
  wind_opex: 100
  wind_lifetime: 20
  solar_capex: 1000.0
  solar_opex: 10
  solar_lifetime: 20
  carbon_price: 1.0
timeseries_values:
  load_level: 221803.70241160263
  wind_year: 2011
  solar_year: 2013
  price_year: 2023
  carbon_year: 2023
storage_values:
  CAES:
    cost: 68.2729
    lifetime: 27.4674
    annual_cost: 2.4855974719121576
    efficiency: 0.614353
    discharge_ratio: 0.1
    depth_of_discharge: 0.4
  Li-ion:
    cost: 174.11
    lifetime: 17.2504
    annual_cost: 10.093099290451237
    efficiency: 0.927589
    discharge_ratio: 2
    depth_of_discharge: 0.9
  Pb-acid:
    cost: 214.956
    lifetime: 11.274
    annual_cost: 19.06652474720596
    efficiency: 0.724285
    discharge_ratio: 5
    depth_of_discharge: 0.5
  VRBF:
    cost: 203.789
    lifetime: 21.7784
    annual_cost: 9.357390809242183
    efficiency: 0.707316
    discharge_ratio: 0.5
    depth_of_discharge: 1.0
