cost_values:
  wind_capex: 5000.0
  wind_opex: 100
  wind_lifetime: 20
  solar_capex: 1000.0
  solar_opex: 10
  solar_lifetime: 20
  carbon_price: 1.0
timeseries_values:
  load_level: 221803.70241160263
  wind_year: 2011
  solar_year: 2013
  price_year: 2023
  carbon_year: 2023
storage_values:
  CAES:
    cost: 77.2077
    lifetime: 27.9857
    annual_cost: 2.758826829416452
    efficiency: 0.625616
    discharge_ratio: 0.1
    depth_of_discharge: 0.4
  Li-ion:
    cost: 170.334
    lifetime: 18.8958
    annual_cost: 9.014384148858475
    efficiency: 0.940888
    discharge_ratio: 2
    depth_of_discharge: 0.9
  Pb-acid:
    cost: 207.341
    lifetime: 11.5089
    annual_cost: 18.015709581280575
    efficiency: 0.722582
    discharge_ratio: 5
    depth_of_discharge: 0.5
  VRBF:
    cost: 210.699
    lifetime: 23.5256
    annual_cost: 8.95615839766042
    efficiency: 0.690997
    discharge_ratio: 0.5
    depth_of_discharge: 1.0
