cost_values:
  wind_capex: 5000.0
  wind_opex: 100
  wind_lifetime: 20
  solar_capex: 1000.0
  solar_opex: 10
  solar_lifetime: 20
  carbon_price: 1.0
timeseries_values:
  load_level: 221803.70241160263
  wind_year: 2011
  solar_year: 2013
  price_year: 2023
  carbon_year: 2023
storage_values:
  CAES:
    cost: 72.5229
    lifetime: 26.4827
    annual_cost: 2.738500983661032
    efficiency: 0.619835
    discharge_ratio: 0.1
    depth_of_discharge: 0.4
  Li-ion:
    cost: 153.469
    lifetime: 18.1026
    annual_cost: 8.477732480417178
    efficiency: 0.939212
    discharge_ratio: 2
    depth_of_discharge: 0.9
  Pb-acid:
    cost: 194.303
    lifetime: 12.9847
    annual_cost: 14.963996087703219
    efficiency: 0.747201
    discharge_ratio: 5
    depth_of_discharge: 0.5
  VRBF:
    cost: 233.805
    lifetime: 21.8832
    annual_cost: 10.684223513928494
    efficiency: 0.669121
    discharge_ratio: 0.5
    depth_of_discharge: 1.0
