cost_values:
  wind_capex: 5000.0
  wind_opex: 100
  wind_lifetime: 20
  solar_capex: 1000.0
  solar_opex: 10
  solar_lifetime: 20
  carbon_price: 1.0
timeseries_values:
  load_level: 221803.70241160263
  wind_year: 2011
  solar_year: 2013
  price_year: 2023
  carbon_year: 2023
storage_values:
  CAES:
    cost: 67.4017
    lifetime: 27.7505
    annual_cost: 2.428846327093206
    efficiency: 0.615037
    discharge_ratio: 0.1
    depth_of_discharge: 0.4
  Li-ion:
    cost: 189.439
    lifetime: 16.2682
    annual_cost: 11.64474250378038
    efficiency: 0.951671
    discharge_ratio: 2
    depth_of_discharge: 0.9
  Pb-acid:
    cost: 189.663
    lifetime: 11.267
    annual_cost: 16.833496050412712
    efficiency: 0.732409
    discharge_ratio: 5
    depth_of_discharge: 0.5
  VRBF:
    cost: 264.529
    lifetime: 22.7486
    annual_cost: 11.62836394327563
    efficiency: 0.685312
    discharge_ratio: 0.5
    depth_of_discharge: 1.0
