cost_values:
  wind_capex: 5000.0
  wind_opex: 100
  wind_lifetime: 20
  solar_capex: 1000.0
  solar_opex: 10
  solar_lifetime: 20
  carbon_price: 1.0
timeseries_values:
  load_level: 221803.70241160263
  wind_year: 2011
  solar_year: 2013
  price_year: 2023
  carbon_year: 2023
storage_values:
  CAES:
    cost: 73.0695
    lifetime: 27.9465
    annual_cost: 2.614620793301487
    efficiency: 0.617342
    discharge_ratio: 0.1
    depth_of_discharge: 0.4
  Li-ion:
    cost: 151.452
    lifetime: 18.0166
    annual_cost: 8.406247571683892
    efficiency: 0.934755
    discharge_ratio: 2
    depth_of_discharge: 0.9
  Pb-acid:
    cost: 204.772
    lifetime: 10.5492
    annual_cost: 19.41114018124597
    efficiency: 0.726904
    discharge_ratio: 5
    depth_of_discharge: 0.5
  VRBF:
    cost: 257.459
    lifetime: 24.9166
    annual_cost: 10.33283032195404
    efficiency: 0.682714
    discharge_ratio: 0.5
    depth_of_discharge: 1.0
