cost_values:
  wind_capex: 5000.0
  wind_opex: 100
  wind_lifetime: 20
  solar_capex: 1000.0
  solar_opex: 10
  solar_lifetime: 20
  carbon_price: 1.0
timeseries_values:
  load_level: 221803.70241160263
  wind_year: 2011
  solar_year: 2013
  price_year: 2023
  carbon_year: 2023
storage_values:
  CAES:
    cost: 68.1633
    lifetime: 28.8449
    annual_cost: 2.3630971159546403
    efficiency: 0.624713
    discharge_ratio: 0.1
    depth_of_discharge: 0.4
  Li-ion:
    cost: 203.106
    lifetime: 16.5538
    annual_cost: 12.269448706641375
    efficiency: 0.942638
    discharge_ratio: 2
    depth_of_discharge: 0.9
  Pb-acid:
    cost: 211.986
    lifetime: 11.1888
    annual_cost: 18.946267696267693
    efficiency: 0.73216
    discharge_ratio: 5
    depth_of_discharge: 0.5
  VRBF:
    cost: 237.589
    lifetime: 23.1239
    annual_cost: 10.274607657012874
    efficiency: 0.688521
    discharge_ratio: 0.5
    depth_of_discharge: 1.0
