cost_values:
  wind_capex: 5000.0
  wind_opex: 100
  wind_lifetime: 20
  solar_capex: 1000.0
  solar_opex: 10
  solar_lifetime: 20
  carbon_price: 1.0
timeseries_values:
  load_level: 221803.70241160263
  wind_year: 2011
  solar_year: 2013
  price_year: 2023
  carbon_year: 2023
storage_values:
  CAES:
    cost: 69.2024
    lifetime: 28.3813
    annual_cost: 2.4383097321123417
    efficiency: 0.615506
    discharge_ratio: 0.1
    depth_of_discharge: 0.4
  Li-ion:
    cost: 187.223
    lifetime: 19.3727
    annual_cost: 9.664269822998344
    efficiency: 0.939617
    discharge_ratio: 2
    depth_of_discharge: 0.9
  Pb-acid:
    cost: 209.256
    lifetime: 10.7089
    annual_cost: 19.54038229883555
    efficiency: 0.720448
    discharge_ratio: 5
    depth_of_discharge: 0.5
  VRBF:
    cost: 261.037
    lifetime: 23.8615
    annual_cost: 10.93967269450789
    efficiency: 0.681917
    discharge_ratio: 0.5
    depth_of_discharge: 1.0
