cost_values:
  wind_capex: 5000.0
  wind_opex: 100
  wind_lifetime: 20
  solar_capex: 1000.0
  solar_opex: 10
  solar_lifetime: 20
  carbon_price: 1.0
timeseries_values:
  load_level: 267544.74176113453
  wind_year: 2011
  solar_year: 2013
  price_year: 2023
  carbon_year: 2023
storage_values:
  CAES:
    cost: 28.1268
    lifetime: 26.9782
    annual_cost: 1.0425751162049357
    efficiency: 0.583206
    discharge_ratio: 0.1
    depth_of_discharge: 0.4
  Li-ion:
    cost: 252.552
    lifetime: 26.153
    annual_cost: 9.656712423048981
    efficiency: 0.880942
    discharge_ratio: 2
    depth_of_discharge: 0.9
  Pb-acid:
    cost: 140.4
    lifetime: 6.99594
    annual_cost: 20.068782751138517
    efficiency: 0.737959
    discharge_ratio: 5
    depth_of_discharge: 0.5
  VRBF:
    cost: 242.089
    lifetime: 16.66
    annual_cost: 14.531152460984394
    efficiency: 0.762824
    discharge_ratio: 0.5
    depth_of_discharge: 1.0
