cost_values:
  wind_capex: 5000.0
  wind_opex: 100
  wind_lifetime: 20
  solar_capex: 1000.0
  solar_opex: 10
  solar_lifetime: 20
  carbon_price: 1.0
timeseries_values:
  load_level: 267544.74176113453
  wind_year: 2011
  solar_year: 2013
  price_year: 2023
  carbon_year: 2023
storage_values:
  CAES:
    cost: 24.0607
    lifetime: 26.0337
    annual_cost: 0.9242136154292322
    efficiency: 0.585684
    discharge_ratio: 0.1
    depth_of_discharge: 0.4
  Li-ion:
    cost: 263.533
    lifetime: 26.7003
    annual_cost: 9.87003891342045
    efficiency: 0.879253
    discharge_ratio: 2
    depth_of_discharge: 0.9
  Pb-acid:
    cost: 156.029
    lifetime: 7.92639
    annual_cost: 19.68474929949195
    efficiency: 0.738244
    discharge_ratio: 5
    depth_of_discharge: 0.5
  VRBF:
    cost: 243.895
    lifetime: 16.3218
    annual_cost: 14.942898454827287
    efficiency: 0.778532
    discharge_ratio: 0.5
    depth_of_discharge: 1.0
