cost_values:
  wind_capex: 5000.0
  wind_opex: 100
  wind_lifetime: 20
  solar_capex: 1000.0
  solar_opex: 10
  solar_lifetime: 20
  carbon_price: 1.0
timeseries_values:
  load_level: 267544.74176113453
  wind_year: 2011
  solar_year: 2013
  price_year: 2023
  carbon_year: 2023
storage_values:
  CAES:
    cost: 29.2118
    lifetime: 27.103
    annual_cost: 1.077806884846696
    efficiency: 0.585488
    discharge_ratio: 0.1
    depth_of_discharge: 0.4
  Li-ion:
    cost: 238.101
    lifetime: 27.7923
    annual_cost: 8.567157090273206
    efficiency: 0.884079
    discharge_ratio: 2
    depth_of_discharge: 0.9
  Pb-acid:
    cost: 154.654
    lifetime: 7.55925
    annual_cost: 20.458907960445814
    efficiency: 0.755641
    discharge_ratio: 5
    depth_of_discharge: 0.5
  VRBF:
    cost: 258.705
    lifetime: 15.9516
    annual_cost: 16.218122320018054
    efficiency: 0.800407
    discharge_ratio: 0.5
    depth_of_discharge: 1.0
