cost_values:
  wind_capex: 5000.0
  wind_opex: 100
  wind_lifetime: 20
  solar_capex: 1000.0
  solar_opex: 10
  solar_lifetime: 20
  carbon_price: 1.0
timeseries_values:
  load_level: 267544.74176113453
  wind_year: 2011
  solar_year: 2013
  price_year: 2023
  carbon_year: 2023
storage_values:
  CAES:
    cost: 23.1984
    lifetime: 26.7527
    annual_cost: 0.8671423818904259
    efficiency: 0.587968
    discharge_ratio: 0.1
    depth_of_discharge: 0.4
  Li-ion:
    cost: 251.802
    lifetime: 27.667
    annual_cost: 9.101167455813785
    efficiency: 0.893541
    discharge_ratio: 2
    depth_of_discharge: 0.9
  Pb-acid:
    cost: 130.223
    lifetime: 7.60332
    annual_cost: 17.1271234145084
    efficiency: 0.723826
    discharge_ratio: 5
    depth_of_discharge: 0.5
  VRBF:
    cost: 273.48
    lifetime: 17.177
    annual_cost: 15.921290097223032
    efficiency: 0.777835
    discharge_ratio: 0.5
    depth_of_discharge: 1.0
