cost_values:
  wind_capex: 5000.0
  wind_opex: 100
  wind_lifetime: 20
  solar_capex: 1000.0
  solar_opex: 10
  solar_lifetime: 20
  carbon_price: 1.0
timeseries_values:
  load_level: 267544.74176113453
  wind_year: 2011
  solar_year: 2013
  price_year: 2023
  carbon_year: 2023
storage_values:
  CAES:
    cost: 20.2463
    lifetime: 26.2455
    annual_cost: 0.771419862452611
    efficiency: 0.577994
    discharge_ratio: 0.1
    depth_of_discharge: 0.4
  Li-ion:
    cost: 264.205
    lifetime: 26.8414
    annual_cost: 9.843189997541112
    efficiency: 0.867324
    discharge_ratio: 2
    depth_of_discharge: 0.9
  Pb-acid:
    cost: 169.923
    lifetime: 7.30501
    annual_cost: 23.261159122300995
    efficiency: 0.743602
    discharge_ratio: 5
    depth_of_discharge: 0.5
  VRBF:
    cost: 259.677
    lifetime: 16.3809
    annual_cost: 15.852425690896105
    efficiency: 0.76722
    discharge_ratio: 0.5
    depth_of_discharge: 1.0
