cost_values:
  wind_capex: 5000.0
  wind_opex: 100
  wind_lifetime: 20
  solar_capex: 1000.0
  solar_opex: 10
  solar_lifetime: 20
  carbon_price: 1.0
timeseries_values:
  load_level: 267544.74176113453
  wind_year: 2011
  solar_year: 2013
  price_year: 2023
  carbon_year: 2023
storage_values:
  CAES:
    cost: 23.5806
    lifetime: 26.4627
    annual_cost: 0.8910882109535307
    efficiency: 0.578038
    discharge_ratio: 0.1
    depth_of_discharge: 0.4
  Li-ion:
    cost: 273.202
    lifetime: 28.4206
    annual_cost: 9.61281605595941
    efficiency: 0.888996
    discharge_ratio: 2
    depth_of_discharge: 0.9
  Pb-acid:
    cost: 157.831
    lifetime: 5.58895
    annual_cost: 28.239830379588295
    efficiency: 0.733288
    discharge_ratio: 5
    depth_of_discharge: 0.5
  VRBF:
    cost: 253.894
    lifetime: 14.0755
    annual_cost: 18.038009306951796
    efficiency: 0.765881
    discharge_ratio: 0.5
    depth_of_discharge: 1.0
