cost_values:
  wind_capex: 5000.0
  wind_opex: 100
  wind_lifetime: 20
  solar_capex: 1000.0
  solar_opex: 10
  solar_lifetime: 20
  carbon_price: 1.0
timeseries_values:
  load_level: 267544.74176113453
  wind_year: 2011
  solar_year: 2013
  price_year: 2023
  carbon_year: 2023
storage_values:
  CAES:
    cost: 23.6718
    lifetime: 27.511
    annual_cost: 0.8604485478535859
    efficiency: 0.586481
    discharge_ratio: 0.1
    depth_of_discharge: 0.4
  Li-ion:
    cost: 242.215
    lifetime: 28.4131
    annual_cost: 8.524764985165294
    efficiency: 0.885451
    discharge_ratio: 2
    depth_of_discharge: 0.9
  Pb-acid:
    cost: 149.512
    lifetime: 6.09252
    annual_cost: 24.54025592037449
    efficiency: 0.714928
    discharge_ratio: 5
    depth_of_discharge: 0.5
  VRBF:
    cost: 257.308
    lifetime: 17.4647
    annual_cost: 14.733032917828533
    efficiency: 0.747417
    discharge_ratio: 0.5
    depth_of_discharge: 1.0
