cost_values:
  wind_capex: 5000.0
  wind_opex: 100
  wind_lifetime: 20
  solar_capex: 1000.0
  solar_opex: 10
  solar_lifetime: 20
  carbon_price: 1.0
timeseries_values:
  load_level: 267544.74176113453
  wind_year: 2011
  solar_year: 2013
  price_year: 2023
  carbon_year: 2023
storage_values:
  CAES:
    cost: 21.024
    lifetime: 26.5962
    annual_cost: 0.7904888668305999
    efficiency: 0.583629
    discharge_ratio: 0.1
    depth_of_discharge: 0.4
  Li-ion:
    cost: 245.8
    lifetime: 26.1077
    annual_cost: 9.414846960858291
    efficiency: 0.889392
    discharge_ratio: 2
    depth_of_discharge: 0.9
  Pb-acid:
    cost: 134.281
    lifetime: 6.08393
    annual_cost: 22.07142422743194
    efficiency: 0.72501
    discharge_ratio: 5
    depth_of_discharge: 0.5
  VRBF:
    cost: 291.515
    lifetime: 15.0982
    annual_cost: 19.307930746711527
    efficiency: 0.798172
    discharge_ratio: 0.5
    depth_of_discharge: 1.0
