cost_values:
  wind_capex: 5000.0
  wind_opex: 100
  wind_lifetime: 20
  solar_capex: 1000.0
  solar_opex: 10
  solar_lifetime: 20
  carbon_price: 1.0
timeseries_values:
  load_level: 267544.74176113453
  wind_year: 2011
  solar_year: 2013
  price_year: 2023
  carbon_year: 2023
storage_values:
  CAES:
    cost: 23.7821
    lifetime: 26.0164
    annual_cost: 0.9141195553573899
    efficiency: 0.576861
    discharge_ratio: 0.1
    depth_of_discharge: 0.4
  Li-ion:
    cost: 228.953
    lifetime: 26.7808
    annual_cost: 8.549147150197156
    efficiency: 0.884235
    discharge_ratio: 2
    depth_of_discharge: 0.9
  Pb-acid:
    cost: 181.588
    lifetime: 6.17567
    annual_cost: 29.403773193839694
    efficiency: 0.747262
    discharge_ratio: 5
    depth_of_discharge: 0.5
  VRBF:
    cost: 244.643
    lifetime: 15.7855
    annual_cost: 15.497956985841435
    efficiency: 0.767498
    discharge_ratio: 0.5
    depth_of_discharge: 1.0
