cost_values:
  wind_capex: 5000.0
  wind_opex: 100
  wind_lifetime: 20
  solar_capex: 1000.0
  solar_opex: 10
  solar_lifetime: 20
  carbon_price: 1.0
timeseries_values:
  load_level: 267544.74176113453
  wind_year: 2011
  solar_year: 2013
  price_year: 2023
  carbon_year: 2023
storage_values:
  CAES:
    cost: 23.9866
    lifetime: 26.8162
    annual_cost: 0.8944816939014476
    efficiency: 0.578471
    discharge_ratio: 0.1
    depth_of_discharge: 0.4
  Li-ion:
    cost: 269.916
    lifetime: 27.3601
    annual_cost: 9.865314819755776
    efficiency: 0.877732
    discharge_ratio: 2
    depth_of_discharge: 0.9
  Pb-acid:
    cost: 165.076
    lifetime: 7.75474
    annual_cost: 21.287109561377942
    efficiency: 0.746355
    discharge_ratio: 5
    depth_of_discharge: 0.5
  VRBF:
    cost: 283.26
    lifetime: 15.4394
    annual_cost: 18.34656787180849
    efficiency: 0.781136
    discharge_ratio: 0.5
    depth_of_discharge: 1.0
