cost_values:
  wind_capex: 5000.0
  wind_opex: 100
  wind_lifetime: 20
  solar_capex: 1000.0
  solar_opex: 10
  solar_lifetime: 20
  carbon_price: 1.0
timeseries_values:
  load_level: 267544.74176113453
  wind_year: 2011
  solar_year: 2013
  price_year: 2023
  carbon_year: 2023
storage_values:
  CAES:
    cost: 27.218
    lifetime: 27.3463
    annual_cost: 0.995308323246655
    efficiency: 0.589652
    discharge_ratio: 0.1
    depth_of_discharge: 0.4
  Li-ion:
    cost: 256.405
    lifetime: 28.0823
    annual_cost: 9.130484326426254
    efficiency: 0.869332
    discharge_ratio: 2
    depth_of_discharge: 0.9
  Pb-acid:
    cost: 159.93
    lifetime: 6.4221
    annual_cost: 24.903069089550147
    efficiency: 0.734904
    discharge_ratio: 5
    depth_of_discharge: 0.5
  VRBF:
    cost: 250.397
    lifetime: 19.5539
    annual_cost: 12.805476145423675
    efficiency: 0.79099
    discharge_ratio: 0.5
    depth_of_discharge: 1.0
