cost_values:
  wind_capex: 5000.0
  wind_opex: 100
  wind_lifetime: 20
  solar_capex: 1000.0
  solar_opex: 10
  solar_lifetime: 20
  carbon_price: 1.0
timeseries_values:
  load_level: 267544.74176113453
  wind_year: 2011
  solar_year: 2013
  price_year: 2023
  carbon_year: 2023
storage_values:
  CAES:
    cost: 24.1522
    lifetime: 27.0735
    annual_cost: 0.8920974384545775
    efficiency: 0.574575
    discharge_ratio: 0.1
    depth_of_discharge: 0.4
  Li-ion:
    cost: 247.573
    lifetime: 26.5752
    annual_cost: 9.315941178241369
    efficiency: 0.895339
    discharge_ratio: 2
    depth_of_discharge: 0.9
  Pb-acid:
    cost: 124.316
    lifetime: 6.14606
    annual_cost: 20.22694213854079
    efficiency: 0.757078
    discharge_ratio: 5
    depth_of_discharge: 0.5
  VRBF:
    cost: 279.748
    lifetime: 16.1556
    annual_cost: 17.315853326400752
    efficiency: 0.768785
    discharge_ratio: 0.5
    depth_of_discharge: 1.0
