cost_values:
  wind_capex: 5000.0
  wind_opex: 100
  wind_lifetime: 20
  solar_capex: 1000.0
  solar_opex: 10
  solar_lifetime: 20
  carbon_price: 1.0
timeseries_values:
  load_level: 267544.74176113453
  wind_year: 2011
  solar_year: 2013
  price_year: 2023
  carbon_year: 2023
storage_values:
  CAES:
    cost: 27.9531
    lifetime: 26.205
    annual_cost: 1.0667086433886663
    efficiency: 0.573947
    discharge_ratio: 0.1
    depth_of_discharge: 0.4
  Li-ion:
    cost: 268.086
    lifetime: 29.5759
    annual_cost: 9.064339546725543
    efficiency: 0.874948
    discharge_ratio: 2
    depth_of_discharge: 0.9
  Pb-acid:
    cost: 148.803
    lifetime: 6.65198
    annual_cost: 22.36973051632747
    efficiency: 0.740266
    discharge_ratio: 5
    depth_of_discharge: 0.5
  VRBF:
    cost: 261.601
    lifetime: 16.3795
    annual_cost: 15.971244543484232
    efficiency: 0.786699
    discharge_ratio: 0.5
    depth_of_discharge: 1.0
