cost_values:
  wind_capex: 5000.0
  wind_opex: 100
  wind_lifetime: 20
  solar_capex: 1000.0
  solar_opex: 10
  solar_lifetime: 20
  carbon_price: 1.0
timeseries_values:
  load_level: 267544.74176113453
  wind_year: 2011
  solar_year: 2013
  price_year: 2023
  carbon_year: 2023
storage_values:
  CAES:
    cost: 24.9607
    lifetime: 26.7001
    annual_cost: 0.9348541765761177
    efficiency: 0.584626
    discharge_ratio: 0.1
    depth_of_discharge: 0.4
  Li-ion:
    cost: 245.13
    lifetime: 27.154
    annual_cost: 9.027399278191059
    efficiency: 0.886813
    discharge_ratio: 2
    depth_of_discharge: 0.9
  Pb-acid:
    cost: 159.929
    lifetime: 6.72645
    annual_cost: 23.77613748708457
    efficiency: 0.724937
    discharge_ratio: 5
    depth_of_discharge: 0.5
  VRBF:
    cost: 256.298
    lifetime: 17.3922
    annual_cost: 14.736376076632055
    efficiency: 0.768636
    discharge_ratio: 0.5
    depth_of_discharge: 1.0
