cost_values:
  wind_capex: 5000.0
  wind_opex: 100
  wind_lifetime: 20
  solar_capex: 1000.0
  solar_opex: 10
  solar_lifetime: 20
  carbon_price: 1.0
timeseries_values:
  load_level: 267544.74176113453
  wind_year: 2011
  solar_year: 2013
  price_year: 2023
  carbon_year: 2023
storage_values:
  CAES:
    cost: 27.6087
    lifetime: 27.508
    annual_cost: 1.0036607532354225
    efficiency: 0.582984
    discharge_ratio: 0.1
    depth_of_discharge: 0.4
  Li-ion:
    cost: 235.803
    lifetime: 27.745
    annual_cost: 8.498936745359524
    efficiency: 0.886737
    discharge_ratio: 2
    depth_of_discharge: 0.9
  Pb-acid:
    cost: 158.498
    lifetime: 6.12189
    annual_cost: 25.890370457489436
    efficiency: 0.731601
    discharge_ratio: 5
    depth_of_discharge: 0.5
  VRBF:
    cost: 263.708
    lifetime: 15.3988
    annual_cost: 17.125230537444477
    efficiency: 0.791417
    discharge_ratio: 0.5
    depth_of_discharge: 1.0
