cost_values:
  wind_capex: 5000.0
  wind_opex: 100
  wind_lifetime: 20
  solar_capex: 1000.0
  solar_opex: 10
  solar_lifetime: 20
  carbon_price: 1.0
timeseries_values:
  load_level: 267544.74176113453
  wind_year: 2011
  solar_year: 2013
  price_year: 2023
  carbon_year: 2023
storage_values:
  CAES:
    cost: 20.3366
    lifetime: 25.8093
    annual_cost: 0.7879562793256695
    efficiency: 0.582286
    discharge_ratio: 0.1
    depth_of_discharge: 0.4
  Li-ion:
    cost: 243.849
    lifetime: 28.8463
    annual_cost: 8.453389169494875
    efficiency: 0.889339
    discharge_ratio: 2
    depth_of_discharge: 0.9
  Pb-acid:
    cost: 160.081
    lifetime: 7.02002
    annual_cost: 22.803496286335367
    efficiency: 0.758688
    discharge_ratio: 5
    depth_of_discharge: 0.5
  VRBF:
    cost: 255.343
    lifetime: 17.2356
    annual_cost: 14.814859941052239
    efficiency: 0.766912
    discharge_ratio: 0.5
    depth_of_discharge: 1.0
