cost_values:
  wind_capex: 5000.0
  wind_opex: 100
  wind_lifetime: 20
  solar_capex: 1000.0
  solar_opex: 10
  solar_lifetime: 20
  carbon_price: 1.0
timeseries_values:
  load_level: 267544.74176113453
  wind_year: 2011
  solar_year: 2013
  price_year: 2023
  carbon_year: 2023
storage_values:
  CAES:
    cost: 25.8746
    lifetime: 26.1198
    annual_cost: 0.9906124855473625
    efficiency: 0.580298
    discharge_ratio: 0.1
    depth_of_discharge: 0.4
  Li-ion:
    cost: 268.365
    lifetime: 25.9828
    annual_cost: 10.328563511245902
    efficiency: 0.878387
    discharge_ratio: 2
    depth_of_discharge: 0.9
  Pb-acid:
    cost: 156.319
    lifetime: 6.39329
    annual_cost: 24.450478548603297
    efficiency: 0.742245
    discharge_ratio: 5
    depth_of_discharge: 0.5
  VRBF:
    cost: 234.187
    lifetime: 13.8488
    annual_cost: 16.910273814337703
    efficiency: 0.789544
    discharge_ratio: 0.5
    depth_of_discharge: 1.0
