cost_values:
  wind_capex: 5000.0
  wind_opex: 100
  wind_lifetime: 20
  solar_capex: 1000.0
  solar_opex: 10
  solar_lifetime: 20
  carbon_price: 1.0
timeseries_values:
  load_level: 267544.74176113453
  wind_year: 2011
  solar_year: 2013
  price_year: 2023
  carbon_year: 2023
storage_values:
  CAES:
    cost: 25.9528
    lifetime: 26.112
    annual_cost: 0.9939031862745099
    efficiency: 0.580237
    discharge_ratio: 0.1
    depth_of_discharge: 0.4
  Li-ion:
    cost: 271.192
    lifetime: 26.8682
    annual_cost: 10.093418986013205
    efficiency: 0.884957
    discharge_ratio: 2
    depth_of_discharge: 0.9
  Pb-acid:
    cost: 153.668
    lifetime: 6.29295
    annual_cost: 24.41907213627949
    efficiency: 0.733842
    discharge_ratio: 5
    depth_of_discharge: 0.5
  VRBF:
    cost: 290.942
    lifetime: 12.0987
    annual_cost: 24.047376990916383
    efficiency: 0.78648
    discharge_ratio: 0.5
    depth_of_discharge: 1.0
