cost_values:
  wind_capex: 5000.0
  wind_opex: 100
  wind_lifetime: 20
  solar_capex: 1000.0
  solar_opex: 10
  solar_lifetime: 20
  carbon_price: 1.0
timeseries_values:
  load_level: 267544.74176113453
  wind_year: 2011
  solar_year: 2013
  price_year: 2023
  carbon_year: 2023
storage_values:
  CAES:
    cost: 24.1257
    lifetime: 26.2762
    annual_cost: 0.918157876709722
    efficiency: 0.574273
    discharge_ratio: 0.1
    depth_of_discharge: 0.4
  Li-ion:
    cost: 264.431
    lifetime: 27.5297
    annual_cost: 9.605299004348032
    efficiency: 0.908899
    discharge_ratio: 2
    depth_of_discharge: 0.9
  Pb-acid:
    cost: 130.511
    lifetime: 6.03809
    annual_cost: 21.614616542648417
    efficiency: 0.738295
    discharge_ratio: 5
    depth_of_discharge: 0.5
  VRBF:
    cost: 281.983
    lifetime: 16.065
    annual_cost: 17.552629940865234
    efficiency: 0.773848
    discharge_ratio: 0.5
    depth_of_discharge: 1.0
