cost_values:
  wind_capex: 5000.0
  wind_opex: 100
  wind_lifetime: 20
  solar_capex: 1000.0
  solar_opex: 10
  solar_lifetime: 20
  carbon_price: 1.0
timeseries_values:
  load_level: 267544.74176113453
  wind_year: 2011
  solar_year: 2013
  price_year: 2023
  carbon_year: 2023
storage_values:
  CAES:
    cost: 26.2348
    lifetime: 26.5265
    annual_cost: 0.9890034493808079
    efficiency: 0.59052
    discharge_ratio: 0.1
    depth_of_discharge: 0.4
  Li-ion:
    cost: 257.223
    lifetime: 26.0569
    annual_cost: 9.871588715465002
    efficiency: 0.89445
    discharge_ratio: 2
    depth_of_discharge: 0.9
  Pb-acid:
    cost: 147.39
    lifetime: 6.63342
    annual_cost: 22.219307687437247
    efficiency: 0.762552
    discharge_ratio: 5
    depth_of_discharge: 0.5
  VRBF:
    cost: 256.261
    lifetime: 16.0233
    annual_cost: 15.993022660750285
    efficiency: 0.757144
    discharge_ratio: 0.5
    depth_of_discharge: 1.0
