cost_values:
  wind_capex: 5000.0
  wind_opex: 100
  wind_lifetime: 20
  solar_capex: 1000.0
  solar_opex: 10
  solar_lifetime: 20
  carbon_price: 1.0
timeseries_values:
  load_level: 267544.74176113453
  wind_year: 2011
  solar_year: 2013
  price_year: 2023
  carbon_year: 2023
storage_values:
  CAES:
    cost: 27.9928
    lifetime: 26.7712
    annual_cost: 1.0456311259861344
    efficiency: 0.57967
    discharge_ratio: 0.1
    depth_of_discharge: 0.4
  Li-ion:
    cost: 284.885
    lifetime: 25.4977
    annual_cost: 11.172968542260675
    efficiency: 0.886285
    discharge_ratio: 2
    depth_of_discharge: 0.9
  Pb-acid:
    cost: 147.066
    lifetime: 7.31059
    annual_cost: 20.116844194517814
    efficiency: 0.749154
    discharge_ratio: 5
    depth_of_discharge: 0.5
  VRBF:
    cost: 256.902
    lifetime: 16.6998
    annual_cost: 15.383537527395537
    efficiency: 0.777767
    discharge_ratio: 0.5
    depth_of_discharge: 1.0
