cost_values:
  wind_capex: 5000.0
  wind_opex: 100
  wind_lifetime: 20
  solar_capex: 1000.0
  solar_opex: 10
  solar_lifetime: 20
  carbon_price: 1.0
timeseries_values:
  load_level: 267544.74176113453
  wind_year: 2011
  solar_year: 2013
  price_year: 2023
  carbon_year: 2023
storage_values:
  CAES:
    cost: 25.7391
    lifetime: 26.3289
    annual_cost: 0.9775987602976197
    efficiency: 0.582387
    discharge_ratio: 0.1
    depth_of_discharge: 0.4
  Li-ion:
    cost: 263.596
    lifetime: 29.4659
    annual_cost: 8.945798363532083
    efficiency: 0.889746
    discharge_ratio: 2
    depth_of_discharge: 0.9
  Pb-acid:
    cost: 140.715
    lifetime: 5.68196
    annual_cost: 24.765221860062372
    efficiency: 0.742557
    discharge_ratio: 5
    depth_of_discharge: 0.5
  VRBF:
    cost: 247.035
    lifetime: 16.0918
    annual_cost: 15.351607651101803
    efficiency: 0.767972
    discharge_ratio: 0.5
    depth_of_discharge: 1.0
