cost_values:
  wind_capex: 5000.0
  wind_opex: 100
  wind_lifetime: 20
  solar_capex: 1000.0
  solar_opex: 10
  solar_lifetime: 20
  carbon_price: 1.0
timeseries_values:
  load_level: 267544.74176113453
  wind_year: 2011
  solar_year: 2013
  price_year: 2023
  carbon_year: 2023
storage_values:
  CAES:
    cost: 27.7832
    lifetime: 25.9965
    annual_cost: 1.068728482680361
    efficiency: 0.581704
    discharge_ratio: 0.1
    depth_of_discharge: 0.4
  Li-ion:
    cost: 229.121
    lifetime: 28.2359
    annual_cost: 8.114527959087544
    efficiency: 0.892496
    discharge_ratio: 2
    depth_of_discharge: 0.9
  Pb-acid:
    cost: 157.952
    lifetime: 5.85549
    annual_cost: 26.975026855139365
    efficiency: 0.739016
    discharge_ratio: 5
    depth_of_discharge: 0.5
  VRBF:
    cost: 272.486
    lifetime: 15.5574
    annual_cost: 17.51488037846941
    efficiency: 0.767293
    discharge_ratio: 0.5
    depth_of_discharge: 1.0
