cost_values:
  wind_capex: 5000.0
  wind_opex: 100
  wind_lifetime: 20
  solar_capex: 1000.0
  solar_opex: 10
  solar_lifetime: 20
  carbon_price: 1.0
timeseries_values:
  load_level: 267544.74176113453
  wind_year: 2011
  solar_year: 2013
  price_year: 2023
  carbon_year: 2023
storage_values:
  CAES:
    cost: 21.3045
    lifetime: 25.7798
    annual_cost: 0.8264028425356287
    efficiency: 0.582895
    discharge_ratio: 0.1
    depth_of_discharge: 0.4
  Li-ion:
    cost: 255.712
    lifetime: 27.961
    annual_cost: 9.145309538285469
    efficiency: 0.902681
    discharge_ratio: 2
    depth_of_discharge: 0.9
  Pb-acid:
    cost: 141.446
    lifetime: 5.73577
    annual_cost: 24.660333311830847
    efficiency: 0.724021
    discharge_ratio: 5
    depth_of_discharge: 0.5
  VRBF:
    cost: 300.77
    lifetime: 14.4588
    annual_cost: 20.801864608404568
    efficiency: 0.768067
    discharge_ratio: 0.5
    depth_of_discharge: 1.0
