cost_values:
  wind_capex: 5000.0
  wind_opex: 100
  wind_lifetime: 20
  solar_capex: 1000.0
  solar_opex: 10
  solar_lifetime: 20
  carbon_price: 1.0
timeseries_values:
  load_level: 267544.74176113453
  wind_year: 2011
  solar_year: 2013
  price_year: 2023
  carbon_year: 2023
storage_values:
  CAES:
    cost: 21.599
    lifetime: 26.2055
    annual_cost: 0.8242162904733739
    efficiency: 0.579891
    discharge_ratio: 0.1
    depth_of_discharge: 0.4
  Li-ion:
    cost: 249.673
    lifetime: 27.3616
    annual_cost: 9.124941523887493
    efficiency: 0.882595
    discharge_ratio: 2
    depth_of_discharge: 0.9
  Pb-acid:
    cost: 140.802
    lifetime: 6.68197
    annual_cost: 21.07192938609422
    efficiency: 0.723497
    discharge_ratio: 5
    depth_of_discharge: 0.5
  VRBF:
    cost: 234.969
    lifetime: 16.9168
    annual_cost: 13.889683628109337
    efficiency: 0.786767
    discharge_ratio: 0.5
    depth_of_discharge: 1.0
