cost_values:
  wind_capex: 5000.0
  wind_opex: 100
  wind_lifetime: 20
  solar_capex: 1000.0
  solar_opex: 10
  solar_lifetime: 20
  carbon_price: 1.0
timeseries_values:
  load_level: 267544.74176113453
  wind_year: 2011
  solar_year: 2013
  price_year: 2023
  carbon_year: 2023
storage_values:
  CAES:
    cost: 25.5488
    lifetime: 25.5437
    annual_cost: 1.000199657841268
    efficiency: 0.582797
    discharge_ratio: 0.1
    depth_of_discharge: 0.4
  Li-ion:
    cost: 242.37
    lifetime: 28.0561
    annual_cost: 8.638763049746757
    efficiency: 0.886134
    discharge_ratio: 2
    depth_of_discharge: 0.9
  Pb-acid:
    cost: 145.852
    lifetime: 7.03831
    annual_cost: 20.72258823495981
    efficiency: 0.745514
    discharge_ratio: 5
    depth_of_discharge: 0.5
  VRBF:
    cost: 242.664
    lifetime: 14.6031
    annual_cost: 16.61729358834768
    efficiency: 0.764265
    discharge_ratio: 0.5
    depth_of_discharge: 1.0
