cost_values:
  wind_capex: 5000.0
  wind_opex: 100
  wind_lifetime: 20
  solar_capex: 1000.0
  solar_opex: 10
  solar_lifetime: 20
  carbon_price: 1.0
timeseries_values:
  load_level: 267544.74176113453
  wind_year: 2011
  solar_year: 2013
  price_year: 2023
  carbon_year: 2023
storage_values:
  CAES:
    cost: 32.9998
    lifetime: 25.9834
    annual_cost: 1.27003394474934
    efficiency: 0.588378
    discharge_ratio: 0.1
    depth_of_discharge: 0.4
  Li-ion:
    cost: 240.666
    lifetime: 28.9486
    annual_cost: 8.31356265933413
    efficiency: 0.872682
    discharge_ratio: 2
    depth_of_discharge: 0.9
  Pb-acid:
    cost: 156.947
    lifetime: 7.97307
    annual_cost: 19.684638414061336
    efficiency: 0.735757
    discharge_ratio: 5
    depth_of_discharge: 0.5
  VRBF:
    cost: 214.987
    lifetime: 15.802
    annual_cost: 13.605049993671686
    efficiency: 0.800482
    discharge_ratio: 0.5
    depth_of_discharge: 1.0
