cost_values:
  wind_capex: 5000.0
  wind_opex: 100
  wind_lifetime: 20
  solar_capex: 1000.0
  solar_opex: 10
  solar_lifetime: 20
  carbon_price: 1.0
timeseries_values:
  load_level: 267544.74176113453
  wind_year: 2011
  solar_year: 2013
  price_year: 2023
  carbon_year: 2023
storage_values:
  CAES:
    cost: 23.4859
    lifetime: 25.6457
    annual_cost: 0.9157831527312571
    efficiency: 0.595575
    discharge_ratio: 0.1
    depth_of_discharge: 0.4
  Li-ion:
    cost: 263.461
    lifetime: 26.746
    annual_cost: 9.850482315112542
    efficiency: 0.859544
    discharge_ratio: 2
    depth_of_discharge: 0.9
  Pb-acid:
    cost: 136.737
    lifetime: 6.65168
    annual_cost: 20.55676160007697
    efficiency: 0.740237
    discharge_ratio: 5
    depth_of_discharge: 0.5
  VRBF:
    cost: 278.015
    lifetime: 16.7987
    annual_cost: 16.549792543470623
    efficiency: 0.778475
    discharge_ratio: 0.5
    depth_of_discharge: 1.0
