cost_values:
  wind_capex: 5000.0
  wind_opex: 100
  wind_lifetime: 20
  solar_capex: 1000.0
  solar_opex: 10
  solar_lifetime: 20
  carbon_price: 1.0
timeseries_values:
  load_level: 267544.74176113453
  wind_year: 2011
  solar_year: 2013
  price_year: 2023
  carbon_year: 2023
storage_values:
  CAES:
    cost: 25.7931
    lifetime: 26.3154
    annual_cost: 0.9801523062541325
    efficiency: 0.585596
    discharge_ratio: 0.1
    depth_of_discharge: 0.4
  Li-ion:
    cost: 240.499
    lifetime: 26.1296
    annual_cost: 9.20408272610373
    efficiency: 0.879598
    discharge_ratio: 2
    depth_of_discharge: 0.9
  Pb-acid:
    cost: 147.233
    lifetime: 6.56724
    annual_cost: 22.419311613402282
    efficiency: 0.73953
    discharge_ratio: 5
    depth_of_discharge: 0.5
  VRBF:
    cost: 240.389
    lifetime: 15.3817
    annual_cost: 15.628246552721741
    efficiency: 0.784166
    discharge_ratio: 0.5
    depth_of_discharge: 1.0
