cost_values:
  wind_capex: 5000.0
  wind_opex: 100
  wind_lifetime: 20
  solar_capex: 1000.0
  solar_opex: 10
  solar_lifetime: 20
  carbon_price: 1.0
timeseries_values:
  load_level: 267544.74176113453
  wind_year: 2011
  solar_year: 2013
  price_year: 2023
  carbon_year: 2023
storage_values:
  CAES:
    cost: 28.2554
    lifetime: 26.5722
    annual_cost: 1.063344397528244
    efficiency: 0.575697
    discharge_ratio: 0.1
    depth_of_discharge: 0.4
  Li-ion:
    cost: 244.516
    lifetime: 27.1978
    annual_cost: 8.990285979013008
    efficiency: 0.88853
    discharge_ratio: 2
    depth_of_discharge: 0.9
  Pb-acid:
    cost: 167.225
    lifetime: 6.85922
    annual_cost: 24.379594181262593
    efficiency: 0.733761
    discharge_ratio: 5
    depth_of_discharge: 0.5
  VRBF:
    cost: 280.109
    lifetime: 14.0293
    annual_cost: 19.965999729138304
    efficiency: 0.777948
    discharge_ratio: 0.5
    depth_of_discharge: 1.0
