cost_values:
  wind_capex: 5000.0
  wind_opex: 100
  wind_lifetime: 20
  solar_capex: 1000.0
  solar_opex: 10
  solar_lifetime: 20
  carbon_price: 1.0
timeseries_values:
  load_level: 267544.74176113453
  wind_year: 2011
  solar_year: 2013
  price_year: 2023
  carbon_year: 2023
storage_values:
  CAES:
    cost: 21.0074
    lifetime: 27.1592
    annual_cost: 0.7734911190314885
    efficiency: 0.586388
    discharge_ratio: 0.1
    depth_of_discharge: 0.4
  Li-ion:
    cost: 257.924
    lifetime: 28.736
    annual_cost: 8.975640311804009
    efficiency: 0.867954
    discharge_ratio: 2
    depth_of_discharge: 0.9
  Pb-acid:
    cost: 148.446
    lifetime: 5.96111
    annual_cost: 24.902409115080918
    efficiency: 0.713943
    discharge_ratio: 5
    depth_of_discharge: 0.5
  VRBF:
    cost: 264.12
    lifetime: 14.0451
    annual_cost: 18.80513488690006
    efficiency: 0.789261
    discharge_ratio: 0.5
    depth_of_discharge: 1.0
