cost_values:
  wind_capex: 5000.0
  wind_opex: 100
  wind_lifetime: 20
  solar_capex: 1000.0
  solar_opex: 10
  solar_lifetime: 20
  carbon_price: 1.0
timeseries_values:
  load_level: 267544.74176113453
  wind_year: 2011
  solar_year: 2013
  price_year: 2023
  carbon_year: 2023
storage_values:
  CAES:
    cost: 24.8867
    lifetime: 26.6771
    annual_cost: 0.9328862582514592
    efficiency: 0.570736
    discharge_ratio: 0.1
    depth_of_discharge: 0.4
  Li-ion:
    cost: 259.768
    lifetime: 27.4487
    annual_cost: 9.463763311195065
    efficiency: 0.87837
    discharge_ratio: 2
    depth_of_discharge: 0.9
  Pb-acid:
    cost: 120.621
    lifetime: 6.11036
    annual_cost: 19.7404080937948
    efficiency: 0.741277
    discharge_ratio: 5
    depth_of_discharge: 0.5
  VRBF:
    cost: 266.621
    lifetime: 16.1253
    annual_cost: 16.534328043509266
    efficiency: 0.776775
    discharge_ratio: 0.5
    depth_of_discharge: 1.0
