cost_values:
  wind_capex: 5000.0
  wind_opex: 100
  wind_lifetime: 20
  solar_capex: 1000.0
  solar_opex: 10
  solar_lifetime: 20
  carbon_price: 1.0
timeseries_values:
  load_level: 267544.74176113453
  wind_year: 2011
  solar_year: 2013
  price_year: 2023
  carbon_year: 2023
storage_values:
  CAES:
    cost: 20.3481
    lifetime: 27.2524
    annual_cost: 0.7466535057462829
    efficiency: 0.580785
    discharge_ratio: 0.1
    depth_of_discharge: 0.4
  Li-ion:
    cost: 245.759
    lifetime: 26.8795
    annual_cost: 9.142990010974906
    efficiency: 0.885276
    discharge_ratio: 2
    depth_of_discharge: 0.9
  Pb-acid:
    cost: 163.418
    lifetime: 6.45973
    annual_cost: 25.297961369902456
    efficiency: 0.752571
    discharge_ratio: 5
    depth_of_discharge: 0.5
  VRBF:
    cost: 252.958
    lifetime: 16.9215
    annual_cost: 14.948911148538839
    efficiency: 0.783244
    discharge_ratio: 0.5
    depth_of_discharge: 1.0
