cost_values:
  wind_capex: 5000.0
  wind_opex: 100
  wind_lifetime: 20
  solar_capex: 1000.0
  solar_opex: 10
  solar_lifetime: 20
  carbon_price: 1.0
timeseries_values:
  load_level: 267544.74176113453
  wind_year: 2011
  solar_year: 2013
  price_year: 2023
  carbon_year: 2023
storage_values:
  CAES:
    cost: 26.706
    lifetime: 26.7049
    annual_cost: 1.0000411909424862
    efficiency: 0.584727
    discharge_ratio: 0.1
    depth_of_discharge: 0.4
  Li-ion:
    cost: 237.847
    lifetime: 28.2081
    annual_cost: 8.431868860362803
    efficiency: 0.885163
    discharge_ratio: 2
    depth_of_discharge: 0.9
  Pb-acid:
    cost: 142.34
    lifetime: 8.05636
    annual_cost: 17.668028737544002
    efficiency: 0.747899
    discharge_ratio: 5
    depth_of_discharge: 0.5
  VRBF:
    cost: 288.999
    lifetime: 14.064
    annual_cost: 20.548848122866897
    efficiency: 0.803107
    discharge_ratio: 0.5
    depth_of_discharge: 1.0
