cost_values:
  wind_capex: 5000.0
  wind_opex: 100
  wind_lifetime: 20
  solar_capex: 1000.0
  solar_opex: 10
  solar_lifetime: 20
  carbon_price: 1.0
timeseries_values:
  load_level: 267544.74176113453
  wind_year: 2011
  solar_year: 2013
  price_year: 2023
  carbon_year: 2023
storage_values:
  CAES:
    cost: 32.448
    lifetime: 27.1323
    annual_cost: 1.19591778065258
    efficiency: 0.582095
    discharge_ratio: 0.1
    depth_of_discharge: 0.4
  Li-ion:
    cost: 263.516
    lifetime: 24.1657
    annual_cost: 10.904546526688653
    efficiency: 0.878827
    discharge_ratio: 2
    depth_of_discharge: 0.9
  Pb-acid:
    cost: 155.466
    lifetime: 6.86427
    annual_cost: 22.648584627352946
    efficiency: 0.755559
    discharge_ratio: 5
    depth_of_discharge: 0.5
  VRBF:
    cost: 240.588
    lifetime: 16.6853
    annual_cost: 14.419159379813367
    efficiency: 0.756409
    discharge_ratio: 0.5
    depth_of_discharge: 1.0
