cost_values:
  wind_capex: 5000.0
  wind_opex: 100
  wind_lifetime: 20
  solar_capex: 1000.0
  solar_opex: 10
  solar_lifetime: 20
  carbon_price: 1.0
timeseries_values:
  load_level: 267544.74176113453
  wind_year: 2011
  solar_year: 2013
  price_year: 2023
  carbon_year: 2023
storage_values:
  CAES:
    cost: 25.2788
    lifetime: 26.1727
    annual_cost: 0.9658460915381295
    efficiency: 0.578529
    discharge_ratio: 0.1
    depth_of_discharge: 0.4
  Li-ion:
    cost: 246.385
    lifetime: 27.9182
    annual_cost: 8.825246613320344
    efficiency: 0.871331
    discharge_ratio: 2
    depth_of_discharge: 0.9
  Pb-acid:
    cost: 147.133
    lifetime: 8.04232
    annual_cost: 18.29484526852948
    efficiency: 0.743365
    discharge_ratio: 5
    depth_of_discharge: 0.5
  VRBF:
    cost: 259.087
    lifetime: 14.6281
    annual_cost: 17.71159617448609
    efficiency: 0.762068
    discharge_ratio: 0.5
    depth_of_discharge: 1.0
