cost_values:
  wind_capex: 5000.0
  wind_opex: 100
  wind_lifetime: 20
  solar_capex: 1000.0
  solar_opex: 10
  solar_lifetime: 20
  carbon_price: 1.0
timeseries_values:
  load_level: 267544.74176113453
  wind_year: 2011
  solar_year: 2013
  price_year: 2023
  carbon_year: 2023
storage_values:
  CAES:
    cost: 28.8128
    lifetime: 27.2759
    annual_cost: 1.0563464450302282
    efficiency: 0.577333
    discharge_ratio: 0.1
    depth_of_discharge: 0.4
  Li-ion:
    cost: 241.951
    lifetime: 28.1276
    annual_cost: 8.601907023706252
    efficiency: 0.892425
    discharge_ratio: 2
    depth_of_discharge: 0.9
  Pb-acid:
    cost: 167.514
    lifetime: 7.4826
    annual_cost: 22.387138160532437
    efficiency: 0.736255
    discharge_ratio: 5
    depth_of_discharge: 0.5
  VRBF:
    cost: 260.345
    lifetime: 17.5382
    annual_cost: 14.844453820802592
    efficiency: 0.763645
    discharge_ratio: 0.5
    depth_of_discharge: 1.0
