cost_values:
  wind_capex: 5000.0
  wind_opex: 100
  wind_lifetime: 20
  solar_capex: 1000.0
  solar_opex: 10
  solar_lifetime: 20
  carbon_price: 1.0
timeseries_values:
  load_level: 267544.74176113453
  wind_year: 2011
  solar_year: 2013
  price_year: 2023
  carbon_year: 2023
storage_values:
  CAES:
    cost: 23.2939
    lifetime: 25.6671
    annual_cost: 0.9075392233637614
    efficiency: 0.585169
    discharge_ratio: 0.1
    depth_of_discharge: 0.4
  Li-ion:
    cost: 264.695
    lifetime: 27.2566
    annual_cost: 9.711225904918441
    efficiency: 0.884544
    discharge_ratio: 2
    depth_of_discharge: 0.9
  Pb-acid:
    cost: 144.674
    lifetime: 6.5341
    annual_cost: 22.14138136851288
    efficiency: 0.733021
    discharge_ratio: 5
    depth_of_discharge: 0.5
  VRBF:
    cost: 223.257
    lifetime: 14.0948
    annual_cost: 15.839671368164147
    efficiency: 0.7784
    discharge_ratio: 0.5
    depth_of_discharge: 1.0
