cost_values:
  wind_capex: 5000.0
  wind_opex: 100
  wind_lifetime: 20
  solar_capex: 1000.0
  solar_opex: 10
  solar_lifetime: 20
  carbon_price: 1.0
timeseries_values:
  load_level: 267544.74176113453
  wind_year: 2011
  solar_year: 2013
  price_year: 2023
  carbon_year: 2023
storage_values:
  CAES:
    cost: 21.2006
    lifetime: 26.7112
    annual_cost: 0.7936970259666357
    efficiency: 0.575817
    discharge_ratio: 0.1
    depth_of_discharge: 0.4
  Li-ion:
    cost: 256.822
    lifetime: 27.3683
    annual_cost: 9.383922275040831
    efficiency: 0.899252
    discharge_ratio: 2
    depth_of_discharge: 0.9
  Pb-acid:
    cost: 142.398
    lifetime: 7.45301
    annual_cost: 19.10610612356618
    efficiency: 0.73391
    discharge_ratio: 5
    depth_of_discharge: 0.5
  VRBF:
    cost: 277.862
    lifetime: 13.6112
    annual_cost: 20.41421770306806
    efficiency: 0.786424
    discharge_ratio: 0.5
    depth_of_discharge: 1.0
