cost_values:
  wind_capex: 5000.0
  wind_opex: 100
  wind_lifetime: 20
  solar_capex: 1000.0
  solar_opex: 10
  solar_lifetime: 20
  carbon_price: 1.0
timeseries_values:
  load_level: 267544.74176113453
  wind_year: 2011
  solar_year: 2013
  price_year: 2023
  carbon_year: 2023
storage_values:
  CAES:
    cost: 30.3325
    lifetime: 26.4942
    annual_cost: 1.1448732175344039
    efficiency: 0.587159
    discharge_ratio: 0.1
    depth_of_discharge: 0.4
  Li-ion:
    cost: 255.869
    lifetime: 29.9574
    annual_cost: 8.541095021597336
    efficiency: 0.888649
    discharge_ratio: 2
    depth_of_discharge: 0.9
  Pb-acid:
    cost: 140.761
    lifetime: 7.5903
    annual_cost: 18.544853299606075
    efficiency: 0.732674
    discharge_ratio: 5
    depth_of_discharge: 0.5
  VRBF:
    cost: 247.616
    lifetime: 16.8564
    annual_cost: 14.689732089888707
    efficiency: 0.765386
    discharge_ratio: 0.5
    depth_of_discharge: 1.0
