cost_values:
  wind_capex: 5000.0
  wind_opex: 100
  wind_lifetime: 20
  solar_capex: 1000.0
  solar_opex: 10
  solar_lifetime: 20
  carbon_price: 1.0
timeseries_values:
  load_level: 267544.74176113453
  wind_year: 2011
  solar_year: 2013
  price_year: 2023
  carbon_year: 2023
storage_values:
  CAES:
    cost: 23.4589
    lifetime: 26.5172
    annual_cost: 0.8846673102740863
    efficiency: 0.5805
    discharge_ratio: 0.1
    depth_of_discharge: 0.4
  Li-ion:
    cost: 253.77
    lifetime: 28.0416
    annual_cost: 9.049768914755221
    efficiency: 0.882534
    discharge_ratio: 2
    depth_of_discharge: 0.9
  Pb-acid:
    cost: 175.7
    lifetime: 5.77636
    annual_cost: 30.417079267912662
    efficiency: 0.746092
    discharge_ratio: 5
    depth_of_discharge: 0.5
  VRBF:
    cost: 262.048
    lifetime: 15.4111
    annual_cost: 17.00384787588167
    efficiency: 0.783948
    discharge_ratio: 0.5
    depth_of_discharge: 1.0
