cost_values:
  wind_capex: 5000.0
  wind_opex: 100
  wind_lifetime: 20
  solar_capex: 1000.0
  solar_opex: 10
  solar_lifetime: 20
  carbon_price: 1.0
timeseries_values:
  load_level: 267544.74176113453
  wind_year: 2011
  solar_year: 2013
  price_year: 2023
  carbon_year: 2023
storage_values:
  CAES:
    cost: 24.4798
    lifetime: 27.0047
    annual_cost: 0.9065014608568138
    efficiency: 0.576645
    discharge_ratio: 0.1
    depth_of_discharge: 0.4
  Li-ion:
    cost: 252.405
    lifetime: 28.3109
    annual_cost: 8.915470719758114
    efficiency: 0.87648
    discharge_ratio: 2
    depth_of_discharge: 0.9
  Pb-acid:
    cost: 168.984
    lifetime: 7.65803
    annual_cost: 22.066249414013786
    efficiency: 0.726168
    discharge_ratio: 5
    depth_of_discharge: 0.5
  VRBF:
    cost: 267.227
    lifetime: 15.1559
    annual_cost: 17.631879334120704
    efficiency: 0.769234
    discharge_ratio: 0.5
    depth_of_discharge: 1.0
