cost_values:
  wind_capex: 5000.0
  wind_opex: 100
  wind_lifetime: 20
  solar_capex: 1000.0
  solar_opex: 10
  solar_lifetime: 20
  carbon_price: 1.0
timeseries_values:
  load_level: 252609.82079112547
  wind_year: 2017
  solar_year: 2017
  price_year: 2023
  carbon_year: 2023
storage_values:
  CAES:
    cost: 45.8566
    lifetime: 23.2837
    annual_cost: 1.969472205877932
    efficiency: 0.631468
    discharge_ratio: 0.1
    depth_of_discharge: 0.4
  Li-ion:
    cost: 214.882
    lifetime: 16.1422
    annual_cost: 13.311816233227194
    efficiency: 0.881058
    discharge_ratio: 2
    depth_of_discharge: 0.9
  Pb-acid:
    cost: 175.58
    lifetime: 13.3935
    annual_cost: 13.109344084817263
    efficiency: 0.736965
    discharge_ratio: 5
    depth_of_discharge: 0.5
  VRBF:
    cost: 336.486
    lifetime: 20.9568
    annual_cost: 16.05617269812185
    efficiency: 0.694115
    discharge_ratio: 0.5
    depth_of_discharge: 1.0
