cost_values:
  wind_capex: 5000.0
  wind_opex: 100
  wind_lifetime: 20
  solar_capex: 1000.0
  solar_opex: 10
  solar_lifetime: 20
  carbon_price: 1.0
timeseries_values:
  load_level: 252609.82079112547
  wind_year: 2017
  solar_year: 2017
  price_year: 2023
  carbon_year: 2023
storage_values:
  CAES:
    cost: 57.3101
    lifetime: 22.9076
    annual_cost: 2.5017941643821264
    efficiency: 0.621852
    discharge_ratio: 0.1
    depth_of_discharge: 0.4
  Li-ion:
    cost: 225.689
    lifetime: 17.6577
    annual_cost: 12.781336187612204
    efficiency: 0.886359
    discharge_ratio: 2
    depth_of_discharge: 0.9
  Pb-acid:
    cost: 173.084
    lifetime: 12.4616
    annual_cost: 13.889388200552096
    efficiency: 0.732565
    discharge_ratio: 5
    depth_of_discharge: 0.5
  VRBF:
    cost: 313.292
    lifetime: 24.2031
    annual_cost: 12.944292260082385
    efficiency: 0.707714
    discharge_ratio: 0.5
    depth_of_discharge: 1.0
