cost_values:
  wind_capex: 5000.0
  wind_opex: 100
  wind_lifetime: 20
  solar_capex: 1000.0
  solar_opex: 10
  solar_lifetime: 20
  carbon_price: 1.0
timeseries_values:
  load_level: 252609.82079112547
  wind_year: 2017
  solar_year: 2017
  price_year: 2023
  carbon_year: 2023
storage_values:
  CAES:
    cost: 44.8068
    lifetime: 22.264
    annual_cost: 2.012522457779375
    efficiency: 0.637787
    discharge_ratio: 0.1
    depth_of_discharge: 0.4
  Li-ion:
    cost: 213.533
    lifetime: 16.0276
    annual_cost: 13.322830617185355
    efficiency: 0.863907
    discharge_ratio: 2
    depth_of_discharge: 0.9
  Pb-acid:
    cost: 176.938
    lifetime: 11.6753
    annual_cost: 15.15489965996591
    efficiency: 0.722983
    discharge_ratio: 5
    depth_of_discharge: 0.5
  VRBF:
    cost: 299.377
    lifetime: 24.087
    annual_cost: 12.428986590276914
    efficiency: 0.70199
    discharge_ratio: 0.5
    depth_of_discharge: 1.0
