cost_values:
  wind_capex: 5000.0
  wind_opex: 100
  wind_lifetime: 20
  solar_capex: 1000.0
  solar_opex: 10
  solar_lifetime: 20
  carbon_price: 1.0
timeseries_values:
  load_level: 252609.82079112547
  wind_year: 2017
  solar_year: 2017
  price_year: 2023
  carbon_year: 2023
storage_values:
  CAES:
    cost: 51.7849
    lifetime: 22.3236
    annual_cost: 2.319737855901378
    efficiency: 0.628998
    discharge_ratio: 0.1
    depth_of_discharge: 0.4
  Li-ion:
    cost: 215.154
    lifetime: 16.9723
    annual_cost: 12.676773330662314
    efficiency: 0.88277
    discharge_ratio: 2
    depth_of_discharge: 0.9
  Pb-acid:
    cost: 199.425
    lifetime: 14.6966
    annual_cost: 13.569465046337248
    efficiency: 0.744283
    discharge_ratio: 5
    depth_of_discharge: 0.5
  VRBF:
    cost: 307.145
    lifetime: 23.1506
    annual_cost: 13.26725873195511
    efficiency: 0.732339
    discharge_ratio: 0.5
    depth_of_discharge: 1.0
