cost_values:
  wind_capex: 5000.0
  wind_opex: 100
  wind_lifetime: 20
  solar_capex: 1000.0
  solar_opex: 10
  solar_lifetime: 20
  carbon_price: 1.0
timeseries_values:
  load_level: 252609.82079112547
  wind_year: 2017
  solar_year: 2017
  price_year: 2023
  carbon_year: 2023
storage_values:
  CAES:
    cost: 54.0707
    lifetime: 22.7027
    annual_cost: 2.3816858787721285
    efficiency: 0.627597
    discharge_ratio: 0.1
    depth_of_discharge: 0.4
  Li-ion:
    cost: 206.71
    lifetime: 17.3254
    annual_cost: 11.931037667240007
    efficiency: 0.877685
    discharge_ratio: 2
    depth_of_discharge: 0.9
  Pb-acid:
    cost: 183.779
    lifetime: 14.2938
    annual_cost: 12.857252794918077
    efficiency: 0.739848
    discharge_ratio: 5
    depth_of_discharge: 0.5
  VRBF:
    cost: 335.128
    lifetime: 22.7735
    annual_cost: 14.715700265659649
    efficiency: 0.706579
    discharge_ratio: 0.5
    depth_of_discharge: 1.0
