cost_values:
  wind_capex: 5000.0
  wind_opex: 100
  wind_lifetime: 20
  solar_capex: 1000.0
  solar_opex: 10
  solar_lifetime: 20
  carbon_price: 1.0
timeseries_values:
  load_level: 252609.82079112547
  wind_year: 2017
  solar_year: 2017
  price_year: 2023
  carbon_year: 2023
storage_values:
  CAES:
    cost: 59.5078
    lifetime: 21.9893
    annual_cost: 2.706216205154325
    efficiency: 0.629214
    discharge_ratio: 0.1
    depth_of_discharge: 0.4
  Li-ion:
    cost: 198.662
    lifetime: 17.5483
    annual_cost: 11.320868688135032
    efficiency: 0.86429
    discharge_ratio: 2
    depth_of_discharge: 0.9
  Pb-acid:
    cost: 169.043
    lifetime: 13.1248
    annual_cost: 12.879662928197002
    efficiency: 0.723645
    discharge_ratio: 5
    depth_of_discharge: 0.5
  VRBF:
    cost: 313.174
    lifetime: 22.1975
    annual_cost: 14.108525734880052
    efficiency: 0.702024
    discharge_ratio: 0.5
    depth_of_discharge: 1.0
