cost_values:
  wind_capex: 5000.0
  wind_opex: 100
  wind_lifetime: 20
  solar_capex: 1000.0
  solar_opex: 10
  solar_lifetime: 20
  carbon_price: 1.0
timeseries_values:
  load_level: 252609.82079112547
  wind_year: 2017
  solar_year: 2017
  price_year: 2023
  carbon_year: 2023
storage_values:
  CAES:
    cost: 48.2271
    lifetime: 22.5669
    annual_cost: 2.1370724379511583
    efficiency: 0.632422
    discharge_ratio: 0.1
    depth_of_discharge: 0.4
  Li-ion:
    cost: 226.68
    lifetime: 18.7472
    annual_cost: 12.091405649910387
    efficiency: 0.892527
    discharge_ratio: 2
    depth_of_discharge: 0.9
  Pb-acid:
    cost: 210.521
    lifetime: 13.5889
    annual_cost: 15.492129605781187
    efficiency: 0.72837
    discharge_ratio: 5
    depth_of_discharge: 0.5
  VRBF:
    cost: 275.408
    lifetime: 22.525
    annual_cost: 12.226770255271921
    efficiency: 0.708027
    discharge_ratio: 0.5
    depth_of_discharge: 1.0
