cost_values:
  wind_capex: 5000.0
  wind_opex: 100
  wind_lifetime: 20
  solar_capex: 1000.0
  solar_opex: 10
  solar_lifetime: 20
  carbon_price: 1.0
timeseries_values:
  load_level: 252609.82079112547
  wind_year: 2017
  solar_year: 2017
  price_year: 2023
  carbon_year: 2023
storage_values:
  CAES:
    cost: 52.1732
    lifetime: 22.6686
    annual_cost: 2.301562513785589
    efficiency: 0.641053
    discharge_ratio: 0.1
    depth_of_discharge: 0.4
  Li-ion:
    cost: 193.464
    lifetime: 17.3293
    annual_cost: 11.163982388209565
    efficiency: 0.876087
    discharge_ratio: 2
    depth_of_discharge: 0.9
  Pb-acid:
    cost: 184.087
    lifetime: 13.7987
    annual_cost: 13.34089443208418
    efficiency: 0.730274
    discharge_ratio: 5
    depth_of_discharge: 0.5
  VRBF:
    cost: 323.092
    lifetime: 23.2622
    annual_cost: 13.889142041595377
    efficiency: 0.71434
    discharge_ratio: 0.5
    depth_of_discharge: 1.0
