cost_values:
  wind_capex: 5000.0
  wind_opex: 100
  wind_lifetime: 20
  solar_capex: 1000.0
  solar_opex: 10
  solar_lifetime: 20
  carbon_price: 1.0
timeseries_values:
  load_level: 252609.82079112547
  wind_year: 2017
  solar_year: 2017
  price_year: 2023
  carbon_year: 2023
storage_values:
  CAES:
    cost: 46.7565
    lifetime: 23.4354
    annual_cost: 1.9951227629995647
    efficiency: 0.631882
    discharge_ratio: 0.1
    depth_of_discharge: 0.4
  Li-ion:
    cost: 238.134
    lifetime: 19.992
    annual_cost: 11.911464585834333
    efficiency: 0.882302
    discharge_ratio: 2
    depth_of_discharge: 0.9
  Pb-acid:
    cost: 176.902
    lifetime: 14.1876
    annual_cost: 12.4687755504807
    efficiency: 0.720301
    discharge_ratio: 5
    depth_of_discharge: 0.5
  VRBF:
    cost: 344.274
    lifetime: 22.7622
    annual_cost: 15.124812188628516
    efficiency: 0.70935
    discharge_ratio: 0.5
    depth_of_discharge: 1.0
