cost_values:
  wind_capex: 5000.0
  wind_opex: 100
  wind_lifetime: 20
  solar_capex: 1000.0
  solar_opex: 10
  solar_lifetime: 20
  carbon_price: 1.0
timeseries_values:
  load_level: 252609.82079112547
  wind_year: 2017
  solar_year: 2017
  price_year: 2023
  carbon_year: 2023
storage_values:
  CAES:
    cost: 57.9076
    lifetime: 23.1925
    annual_cost: 2.496824404441091
    efficiency: 0.63042
    discharge_ratio: 0.1
    depth_of_discharge: 0.4
  Li-ion:
    cost: 223.03
    lifetime: 18.5725
    annual_cost: 12.008614887602638
    efficiency: 0.876216
    discharge_ratio: 2
    depth_of_discharge: 0.9
  Pb-acid:
    cost: 205.663
    lifetime: 14.3211
    annual_cost: 14.360838203769266
    efficiency: 0.727492
    discharge_ratio: 5
    depth_of_discharge: 0.5
  VRBF:
    cost: 356.294
    lifetime: 20.6955
    annual_cost: 17.21601314295378
    efficiency: 0.714265
    discharge_ratio: 0.5
    depth_of_discharge: 1.0
