cost_values:
  wind_capex: 5000.0
  wind_opex: 100
  wind_lifetime: 20
  solar_capex: 1000.0
  solar_opex: 10
  solar_lifetime: 20
  carbon_price: 1.0
timeseries_values:
  load_level: 252609.82079112547
  wind_year: 2017
  solar_year: 2017
  price_year: 2023
  carbon_year: 2023
storage_values:
  CAES:
    cost: 55.8971
    lifetime: 22.7715
    annual_cost: 2.4546955624355005
    efficiency: 0.640895
    discharge_ratio: 0.1
    depth_of_discharge: 0.4
  Li-ion:
    cost: 221.386
    lifetime: 19.6209
    annual_cost: 11.283172535408672
    efficiency: 0.886412
    discharge_ratio: 2
    depth_of_discharge: 0.9
  Pb-acid:
    cost: 203.761
    lifetime: 13.1407
    annual_cost: 15.506099370657575
    efficiency: 0.720112
    discharge_ratio: 5
    depth_of_discharge: 0.5
  VRBF:
    cost: 365.914
    lifetime: 20.9144
    annual_cost: 17.495792372719272
    efficiency: 0.712682
    discharge_ratio: 0.5
    depth_of_discharge: 1.0
