cost_values:
  wind_capex: 5000.0
  wind_opex: 100
  wind_lifetime: 20
  solar_capex: 1000.0
  solar_opex: 10
  solar_lifetime: 20
  carbon_price: 1.0
timeseries_values:
  load_level: 252609.82079112547
  wind_year: 2017
  solar_year: 2017
  price_year: 2023
  carbon_year: 2023
storage_values:
  CAES:
    cost: 48.4539
    lifetime: 23.5351
    annual_cost: 2.0587930367833573
    efficiency: 0.633752
    discharge_ratio: 0.1
    depth_of_discharge: 0.4
  Li-ion:
    cost: 224.231
    lifetime: 18.8143
    annual_cost: 11.918115475994323
    efficiency: 0.893746
    discharge_ratio: 2
    depth_of_discharge: 0.9
  Pb-acid:
    cost: 204.477
    lifetime: 12.8533
    annual_cost: 15.908521546995713
    efficiency: 0.73192
    discharge_ratio: 5
    depth_of_discharge: 0.5
  VRBF:
    cost: 300.387
    lifetime: 20.179
    annual_cost: 14.886119232865852
    efficiency: 0.698821
    discharge_ratio: 0.5
    depth_of_discharge: 1.0
