cost_values:
  wind_capex: 5000.0
  wind_opex: 100
  wind_lifetime: 20
  solar_capex: 1000.0
  solar_opex: 10
  solar_lifetime: 20
  carbon_price: 1.0
timeseries_values:
  load_level: 252609.82079112547
  wind_year: 2017
  solar_year: 2017
  price_year: 2023
  carbon_year: 2023
storage_values:
  CAES:
    cost: 51.1832
    lifetime: 23.0212
    annual_cost: 2.2233072124824074
    efficiency: 0.633146
    discharge_ratio: 0.1
    depth_of_discharge: 0.4
  Li-ion:
    cost: 216.292
    lifetime: 19.6399
    annual_cost: 11.01288703099303
    efficiency: 0.87636
    discharge_ratio: 2
    depth_of_discharge: 0.9
  Pb-acid:
    cost: 193.829
    lifetime: 14.1562
    annual_cost: 13.692163151128128
    efficiency: 0.717994
    discharge_ratio: 5
    depth_of_discharge: 0.5
  VRBF:
    cost: 368.307
    lifetime: 21.6405
    annual_cost: 17.019338739862757
    efficiency: 0.726101
    discharge_ratio: 0.5
    depth_of_discharge: 1.0
