cost_values:
  wind_capex: 5000.0
  wind_opex: 100
  wind_lifetime: 20
  solar_capex: 1000.0
  solar_opex: 10
  solar_lifetime: 20
  carbon_price: 1.0
timeseries_values:
  load_level: 252609.82079112547
  wind_year: 2017
  solar_year: 2017
  price_year: 2023
  carbon_year: 2023
storage_values:
  CAES:
    cost: 49.8842
    lifetime: 21.6081
    annual_cost: 2.30858798321
    efficiency: 0.621527
    discharge_ratio: 0.1
    depth_of_discharge: 0.4
  Li-ion:
    cost: 202.202
    lifetime: 18.2536
    annual_cost: 11.077376517508876
    efficiency: 0.86542
    discharge_ratio: 2
    depth_of_discharge: 0.9
  Pb-acid:
    cost: 185.166
    lifetime: 13.5748
    annual_cost: 13.640421958334562
    efficiency: 0.70434
    discharge_ratio: 5
    depth_of_discharge: 0.5
  VRBF:
    cost: 350.262
    lifetime: 22.7691
    annual_cost: 15.38321672793391
    efficiency: 0.698411
    discharge_ratio: 0.5
    depth_of_discharge: 1.0
