cost_values:
  wind_capex: 5000.0
  wind_opex: 100
  wind_lifetime: 20
  solar_capex: 1000.0
  solar_opex: 10
  solar_lifetime: 20
  carbon_price: 1.0
timeseries_values:
  load_level: 252609.82079112547
  wind_year: 2017
  solar_year: 2017
  price_year: 2023
  carbon_year: 2023
storage_values:
  CAES:
    cost: 55.2963
    lifetime: 23.0667
    annual_cost: 2.3972349750939665
    efficiency: 0.633352
    discharge_ratio: 0.1
    depth_of_discharge: 0.4
  Li-ion:
    cost: 217.819
    lifetime: 19.1907
    annual_cost: 11.350237354551943
    efficiency: 0.876207
    discharge_ratio: 2
    depth_of_discharge: 0.9
  Pb-acid:
    cost: 208.076
    lifetime: 13.2342
    annual_cost: 15.722597512505478
    efficiency: 0.738753
    discharge_ratio: 5
    depth_of_discharge: 0.5
  VRBF:
    cost: 319.986
    lifetime: 22.7644
    annual_cost: 14.056421429952032
    efficiency: 0.692591
    discharge_ratio: 0.5
    depth_of_discharge: 1.0
