cost_values:
  wind_capex: 5000.0
  wind_opex: 100
  wind_lifetime: 20
  solar_capex: 1000.0
  solar_opex: 10
  solar_lifetime: 20
  carbon_price: 1.0
timeseries_values:
  load_level: 252609.82079112547
  wind_year: 2017
  solar_year: 2017
  price_year: 2023
  carbon_year: 2023
storage_values:
  CAES:
    cost: 53.4704
    lifetime: 23.0624
    annual_cost: 2.318509782156237
    efficiency: 0.632662
    discharge_ratio: 0.1
    depth_of_discharge: 0.4
  Li-ion:
    cost: 199.197
    lifetime: 18.6276
    annual_cost: 10.693648135025446
    efficiency: 0.883042
    discharge_ratio: 2
    depth_of_discharge: 0.9
  Pb-acid:
    cost: 206.852
    lifetime: 11.5793
    annual_cost: 17.863946870708936
    efficiency: 0.733502
    discharge_ratio: 5
    depth_of_discharge: 0.5
  VRBF:
    cost: 321.551
    lifetime: 23.9385
    annual_cost: 13.43237880401863
    efficiency: 0.721087
    discharge_ratio: 0.5
    depth_of_discharge: 1.0
