cost_values:
  wind_capex: 5000.0
  wind_opex: 100
  wind_lifetime: 20
  solar_capex: 1000.0
  solar_opex: 10
  solar_lifetime: 20
  carbon_price: 1.0
timeseries_values:
  load_level: 252609.82079112547
  wind_year: 2017
  solar_year: 2017
  price_year: 2023
  carbon_year: 2023
storage_values:
  CAES:
    cost: 55.8022
    lifetime: 23.3211
    annual_cost: 2.3927773561281414
    efficiency: 0.625019
    discharge_ratio: 0.1
    depth_of_discharge: 0.4
  Li-ion:
    cost: 194.087
    lifetime: 18.8838
    annual_cost: 10.277963121829291
    efficiency: 0.865095
    discharge_ratio: 2
    depth_of_discharge: 0.9
  Pb-acid:
    cost: 208.727
    lifetime: 14.4079
    annual_cost: 14.486982835805357
    efficiency: 0.718672
    discharge_ratio: 5
    depth_of_discharge: 0.5
  VRBF:
    cost: 292.012
    lifetime: 23.3171
    annual_cost: 12.52351278675307
    efficiency: 0.705563
    discharge_ratio: 0.5
    depth_of_discharge: 1.0
