cost_values:
  wind_capex: 5000.0
  wind_opex: 100
  wind_lifetime: 20
  solar_capex: 1000.0
  solar_opex: 10
  solar_lifetime: 20
  carbon_price: 1.0
timeseries_values:
  load_level: 252609.82079112547
  wind_year: 2017
  solar_year: 2017
  price_year: 2023
  carbon_year: 2023
storage_values:
  CAES:
    cost: 54.9988
    lifetime: 23.1975
    annual_cost: 2.370893415238711
    efficiency: 0.629204
    discharge_ratio: 0.1
    depth_of_discharge: 0.4
  Li-ion:
    cost: 234.639
    lifetime: 19.6387
    annual_cost: 11.947786767963256
    efficiency: 0.879652
    discharge_ratio: 2
    depth_of_discharge: 0.9
  Pb-acid:
    cost: 210.006
    lifetime: 13.6486
    annual_cost: 15.386633061266357
    efficiency: 0.726397
    discharge_ratio: 5
    depth_of_discharge: 0.5
  VRBF:
    cost: 332.993
    lifetime: 22.8782
    annual_cost: 14.555034924076194
    efficiency: 0.702117
    discharge_ratio: 0.5
    depth_of_discharge: 1.0
