cost_values:
  wind_capex: 5000.0
  wind_opex: 100
  wind_lifetime: 20
  solar_capex: 1000.0
  solar_opex: 10
  solar_lifetime: 20
  carbon_price: 1.0
timeseries_values:
  load_level: 252609.82079112547
  wind_year: 2017
  solar_year: 2017
  price_year: 2023
  carbon_year: 2023
storage_values:
  CAES:
    cost: 54.2599
    lifetime: 22.3019
    annual_cost: 2.4329720786121363
    efficiency: 0.629442
    discharge_ratio: 0.1
    depth_of_discharge: 0.4
  Li-ion:
    cost: 197.958
    lifetime: 18.0349
    annual_cost: 10.976384676377467
    efficiency: 0.860903
    discharge_ratio: 2
    depth_of_discharge: 0.9
  Pb-acid:
    cost: 216.673
    lifetime: 13.1841
    annual_cost: 16.434417214675253
    efficiency: 0.731033
    discharge_ratio: 5
    depth_of_discharge: 0.5
  VRBF:
    cost: 319.888
    lifetime: 21.1047
    annual_cost: 15.157192473714383
    efficiency: 0.745622
    discharge_ratio: 0.5
    depth_of_discharge: 1.0
