cost_values:
  wind_capex: 5000.0
  wind_opex: 100
  wind_lifetime: 20
  solar_capex: 1000.0
  solar_opex: 10
  solar_lifetime: 20
  carbon_price: 1.0
timeseries_values:
  load_level: 252609.82079112547
  wind_year: 2017
  solar_year: 2017
  price_year: 2023
  carbon_year: 2023
storage_values:
  CAES:
    cost: 50.0172
    lifetime: 22.4392
    annual_cost: 2.229009946878677
    efficiency: 0.631552
    discharge_ratio: 0.1
    depth_of_discharge: 0.4
  Li-ion:
    cost: 203.938
    lifetime: 16.7955
    annual_cost: 12.14241910035426
    efficiency: 0.889666
    discharge_ratio: 2
    depth_of_discharge: 0.9
  Pb-acid:
    cost: 204.308
    lifetime: 11.9569
    annual_cost: 17.08703761008288
    efficiency: 0.732272
    discharge_ratio: 5
    depth_of_discharge: 0.5
  VRBF:
    cost: 297.63
    lifetime: 22.1958
    annual_cost: 13.40929365015003
    efficiency: 0.700693
    discharge_ratio: 0.5
    depth_of_discharge: 1.0
