cost_values:
  wind_capex: 5000.0
  wind_opex: 100
  wind_lifetime: 20
  solar_capex: 1000.0
  solar_opex: 10
  solar_lifetime: 20
  carbon_price: 1.0
timeseries_values:
  load_level: 252609.82079112547
  wind_year: 2017
  solar_year: 2017
  price_year: 2023
  carbon_year: 2023
storage_values:
  CAES:
    cost: 48.3551
    lifetime: 22.404
    annual_cost: 2.158324406356008
    efficiency: 0.626212
    discharge_ratio: 0.1
    depth_of_discharge: 0.4
  Li-ion:
    cost: 202.032
    lifetime: 18.9504
    annual_cost: 10.661094224924014
    efficiency: 0.877848
    discharge_ratio: 2
    depth_of_discharge: 0.9
  Pb-acid:
    cost: 190.55
    lifetime: 12.1028
    annual_cost: 15.744290577387051
    efficiency: 0.741723
    discharge_ratio: 5
    depth_of_discharge: 0.5
  VRBF:
    cost: 315.174
    lifetime: 24.5134
    annual_cost: 12.857212789739489
    efficiency: 0.695989
    discharge_ratio: 0.5
    depth_of_discharge: 1.0
