cost_values:
  wind_capex: 5000.0
  wind_opex: 100
  wind_lifetime: 20
  solar_capex: 1000.0
  solar_opex: 10
  solar_lifetime: 20
  carbon_price: 1.0
timeseries_values:
  load_level: 252609.82079112547
  wind_year: 2017
  solar_year: 2017
  price_year: 2023
  carbon_year: 2023
storage_values:
  CAES:
    cost: 45.8198
    lifetime: 23.9953
    annual_cost: 1.9095322834055002
    efficiency: 0.632346
    discharge_ratio: 0.1
    depth_of_discharge: 0.4
  Li-ion:
    cost: 192.986
    lifetime: 19.0877
    annual_cost: 10.110490001414522
    efficiency: 0.894293
    discharge_ratio: 2
    depth_of_discharge: 0.9
  Pb-acid:
    cost: 195.125
    lifetime: 14.0847
    annual_cost: 13.853685204512699
    efficiency: 0.725108
    discharge_ratio: 5
    depth_of_discharge: 0.5
  VRBF:
    cost: 333.774
    lifetime: 23.9253
    annual_cost: 13.95067146493461
    efficiency: 0.731748
    discharge_ratio: 0.5
    depth_of_discharge: 1.0
