cost_values:
  wind_capex: 5000.0
  wind_opex: 100
  wind_lifetime: 20
  solar_capex: 1000.0
  solar_opex: 10
  solar_lifetime: 20
  carbon_price: 1.0
timeseries_values:
  load_level: 252609.82079112547
  wind_year: 2017
  solar_year: 2017
  price_year: 2023
  carbon_year: 2023
storage_values:
  CAES:
    cost: 52.5464
    lifetime: 23.4764
    annual_cost: 2.2382648106183227
    efficiency: 0.635964
    discharge_ratio: 0.1
    depth_of_discharge: 0.4
  Li-ion:
    cost: 252.337
    lifetime: 18.5896
    annual_cost: 13.574095193011145
    efficiency: 0.896304
    discharge_ratio: 2
    depth_of_discharge: 0.9
  Pb-acid:
    cost: 185.363
    lifetime: 13.0817
    annual_cost: 14.169641560347662
    efficiency: 0.743356
    discharge_ratio: 5
    depth_of_discharge: 0.5
  VRBF:
    cost: 324.062
    lifetime: 22.4225
    annual_cost: 14.452536514661613
    efficiency: 0.694436
    discharge_ratio: 0.5
    depth_of_discharge: 1.0
