cost_values:
  wind_capex: 5000.0
  wind_opex: 100
  wind_lifetime: 20
  solar_capex: 1000.0
  solar_opex: 10
  solar_lifetime: 20
  carbon_price: 1.0
timeseries_values:
  load_level: 252609.82079112547
  wind_year: 2017
  solar_year: 2017
  price_year: 2023
  carbon_year: 2023
storage_values:
  CAES:
    cost: 52.3108
    lifetime: 22.9392
    annual_cost: 2.2804108251377557
    efficiency: 0.619182
    discharge_ratio: 0.1
    depth_of_discharge: 0.4
  Li-ion:
    cost: 228.033
    lifetime: 17.9737
    annual_cost: 12.687037170977593
    efficiency: 0.888214
    discharge_ratio: 2
    depth_of_discharge: 0.9
  Pb-acid:
    cost: 182.203
    lifetime: 14.2896
    annual_cost: 12.750741798230882
    efficiency: 0.741635
    discharge_ratio: 5
    depth_of_discharge: 0.5
  VRBF:
    cost: 350.366
    lifetime: 23.5201
    annual_cost: 14.89645027019443
    efficiency: 0.696945
    discharge_ratio: 0.5
    depth_of_discharge: 1.0
