cost_values:
  wind_capex: 5000.0
  wind_opex: 100
  wind_lifetime: 20
  solar_capex: 1000.0
  solar_opex: 10
  solar_lifetime: 20
  carbon_price: 1.0
timeseries_values:
  load_level: 252609.82079112547
  wind_year: 2017
  solar_year: 2017
  price_year: 2023
  carbon_year: 2023
storage_values:
  CAES:
    cost: 52.3973
    lifetime: 22.6102
    annual_cost: 2.317418687141202
    efficiency: 0.63135
    discharge_ratio: 0.1
    depth_of_discharge: 0.4
  Li-ion:
    cost: 211.914
    lifetime: 18.8312
    annual_cost: 11.25334551170398
    efficiency: 0.860396
    discharge_ratio: 2
    depth_of_discharge: 0.9
  Pb-acid:
    cost: 195.027
    lifetime: 12.1188
    annual_cost: 16.09292999306862
    efficiency: 0.730415
    discharge_ratio: 5
    depth_of_discharge: 0.5
  VRBF:
    cost: 289.114
    lifetime: 22.6558
    annual_cost: 12.761147255890323
    efficiency: 0.69863
    discharge_ratio: 0.5
    depth_of_discharge: 1.0
