cost_values:
  wind_capex: 5000.0
  wind_opex: 100
  wind_lifetime: 20
  solar_capex: 1000.0
  solar_opex: 10
  solar_lifetime: 20
  carbon_price: 1.0
timeseries_values:
  load_level: 252609.82079112547
  wind_year: 2017
  solar_year: 2017
  price_year: 2023
  carbon_year: 2023
storage_values:
  CAES:
    cost: 56.2884
    lifetime: 22.5903
    annual_cost: 2.4917066174419995
    efficiency: 0.638533
    discharge_ratio: 0.1
    depth_of_discharge: 0.4
  Li-ion:
    cost: 224.929
    lifetime: 19.8478
    annual_cost: 11.332691784479893
    efficiency: 0.904382
    discharge_ratio: 2
    depth_of_discharge: 0.9
  Pb-acid:
    cost: 191.524
    lifetime: 12.3542
    annual_cost: 15.502744006086997
    efficiency: 0.72119
    discharge_ratio: 5
    depth_of_discharge: 0.5
  VRBF:
    cost: 340.818
    lifetime: 23.8716
    annual_cost: 14.277132659729553
    efficiency: 0.690826
    discharge_ratio: 0.5
    depth_of_discharge: 1.0
