cost_values:
  wind_capex: 5000.0
  wind_opex: 100
  wind_lifetime: 20
  solar_capex: 1000.0
  solar_opex: 10
  solar_lifetime: 20
  carbon_price: 1.0
timeseries_values:
  load_level: 252609.82079112547
  wind_year: 2017
  solar_year: 2017
  price_year: 2023
  carbon_year: 2023
storage_values:
  CAES:
    cost: 55.5684
    lifetime: 23.9119
    annual_cost: 2.323880578289471
    efficiency: 0.629655
    discharge_ratio: 0.1
    depth_of_discharge: 0.4
  Li-ion:
    cost: 203.451
    lifetime: 19.0925
    annual_cost: 10.656069137095717
    efficiency: 0.890778
    discharge_ratio: 2
    depth_of_discharge: 0.9
  Pb-acid:
    cost: 200.629
    lifetime: 12.8769
    annual_cost: 15.580535687937314
    efficiency: 0.709258
    discharge_ratio: 5
    depth_of_discharge: 0.5
  VRBF:
    cost: 322.573
    lifetime: 22.349
    annual_cost: 14.433442212179514
    efficiency: 0.712706
    discharge_ratio: 0.5
    depth_of_discharge: 1.0
