cost_values:
  wind_capex: 5000.0
  wind_opex: 100
  wind_lifetime: 20
  solar_capex: 1000.0
  solar_opex: 10
  solar_lifetime: 20
  carbon_price: 1.0
timeseries_values:
  load_level: 252609.82079112547
  wind_year: 2017
  solar_year: 2017
  price_year: 2023
  carbon_year: 2023
storage_values:
  CAES:
    cost: 47.1789
    lifetime: 23.0344
    annual_cost: 2.048193137220852
    efficiency: 0.633866
    discharge_ratio: 0.1
    depth_of_discharge: 0.4
  Li-ion:
    cost: 218.02
    lifetime: 19.5678
    annual_cost: 11.141773730312044
    efficiency: 0.880693
    discharge_ratio: 2
    depth_of_discharge: 0.9
  Pb-acid:
    cost: 198.247
    lifetime: 13.1236
    annual_cost: 15.106144655429913
    efficiency: 0.734638
    discharge_ratio: 5
    depth_of_discharge: 0.5
  VRBF:
    cost: 312.112
    lifetime: 24.1209
    annual_cost: 12.939484015936388
    efficiency: 0.711106
    discharge_ratio: 0.5
    depth_of_discharge: 1.0
