cost_values:
  wind_capex: 5000.0
  wind_opex: 100
  wind_lifetime: 20
  solar_capex: 1000.0
  solar_opex: 10
  solar_lifetime: 20
  carbon_price: 1.0
timeseries_values:
  load_level: 252609.82079112547
  wind_year: 2017
  solar_year: 2017
  price_year: 2023
  carbon_year: 2023
storage_values:
  CAES:
    cost: 47.8833
    lifetime: 22.8456
    annual_cost: 2.0959528311797455
    efficiency: 0.638476
    discharge_ratio: 0.1
    depth_of_discharge: 0.4
  Li-ion:
    cost: 214.639
    lifetime: 20.1621
    annual_cost: 10.645666870018502
    efficiency: 0.873087
    discharge_ratio: 2
    depth_of_discharge: 0.9
  Pb-acid:
    cost: 202.259
    lifetime: 13.9714
    annual_cost: 14.476645146513592
    efficiency: 0.720234
    discharge_ratio: 5
    depth_of_discharge: 0.5
  VRBF:
    cost: 333.866
    lifetime: 24.0965
    annual_cost: 13.855373186977362
    efficiency: 0.708836
    discharge_ratio: 0.5
    depth_of_discharge: 1.0
