cost_values:
  wind_capex: 5000.0
  wind_opex: 100
  wind_lifetime: 20
  solar_capex: 1000.0
  solar_opex: 10
  solar_lifetime: 20
  carbon_price: 1.0
timeseries_values:
  load_level: 252609.82079112547
  wind_year: 2017
  solar_year: 2017
  price_year: 2023
  carbon_year: 2023
storage_values:
  CAES:
    cost: 46.2066
    lifetime: 21.5733
    annual_cost: 2.1418419991378235
    efficiency: 0.62014
    discharge_ratio: 0.1
    depth_of_discharge: 0.4
  Li-ion:
    cost: 221.835
    lifetime: 20.0883
    annual_cost: 11.042995176296651
    efficiency: 0.874592
    discharge_ratio: 2
    depth_of_discharge: 0.9
  Pb-acid:
    cost: 200.434
    lifetime: 13.314
    annual_cost: 15.054378849331531
    efficiency: 0.732592
    discharge_ratio: 5
    depth_of_discharge: 0.5
  VRBF:
    cost: 316.198
    lifetime: 23.5173
    annual_cost: 13.445335986699153
    efficiency: 0.725249
    discharge_ratio: 0.5
    depth_of_discharge: 1.0
