cost_values:
  wind_capex: 5000.0
  wind_opex: 100
  wind_lifetime: 20
  solar_capex: 1000.0
  solar_opex: 10
  solar_lifetime: 20
  carbon_price: 1.0
timeseries_values:
  load_level: 252609.82079112547
  wind_year: 2017
  solar_year: 2017
  price_year: 2023
  carbon_year: 2023
storage_values:
  CAES:
    cost: 54.9095
    lifetime: 22.2715
    annual_cost: 2.4654603416922973
    efficiency: 0.629639
    discharge_ratio: 0.1
    depth_of_discharge: 0.4
  Li-ion:
    cost: 224.861
    lifetime: 17.7154
    annual_cost: 12.692967700418844
    efficiency: 0.896325
    discharge_ratio: 2
    depth_of_discharge: 0.9
  Pb-acid:
    cost: 189.396
    lifetime: 12.9124
    annual_cost: 14.66776122177132
    efficiency: 0.712991
    discharge_ratio: 5
    depth_of_discharge: 0.5
  VRBF:
    cost: 304.824
    lifetime: 22.1766
    annual_cost: 13.745299099050351
    efficiency: 0.691533
    discharge_ratio: 0.5
    depth_of_discharge: 1.0
