cost_values:
  wind_capex: 5000.0
  wind_opex: 100
  wind_lifetime: 20
  solar_capex: 1000.0
  solar_opex: 10
  solar_lifetime: 20
  carbon_price: 1.0
timeseries_values:
  load_level: 252609.82079112547
  wind_year: 2017
  solar_year: 2017
  price_year: 2023
  carbon_year: 2023
storage_values:
  CAES:
    cost: 47.3588
    lifetime: 23.5318
    annual_cost: 2.0125447267102388
    efficiency: 0.638304
    discharge_ratio: 0.1
    depth_of_discharge: 0.4
  Li-ion:
    cost: 193.305
    lifetime: 18.8317
    annual_cost: 10.264872528767981
    efficiency: 0.889567
    discharge_ratio: 2
    depth_of_discharge: 0.9
  Pb-acid:
    cost: 181.446
    lifetime: 15.1723
    annual_cost: 11.959030601820423
    efficiency: 0.720852
    discharge_ratio: 5
    depth_of_discharge: 0.5
  VRBF:
    cost: 344.371
    lifetime: 23.4308
    annual_cost: 14.697364153165916
    efficiency: 0.704454
    discharge_ratio: 0.5
    depth_of_discharge: 1.0
