cost_values:
  wind_capex: 5000.0
  wind_opex: 100
  wind_lifetime: 20
  solar_capex: 1000.0
  solar_opex: 10
  solar_lifetime: 20
  carbon_price: 1.0
timeseries_values:
  load_level: 252609.82079112547
  wind_year: 2017
  solar_year: 2017
  price_year: 2023
  carbon_year: 2023
storage_values:
  CAES:
    cost: 60.3633
    lifetime: 23.1811
    annual_cost: 2.6039877313846196
    efficiency: 0.641894
    discharge_ratio: 0.1
    depth_of_discharge: 0.4
  Li-ion:
    cost: 223.191
    lifetime: 21.4056
    annual_cost: 10.426757484022874
    efficiency: 0.868831
    discharge_ratio: 2
    depth_of_discharge: 0.9
  Pb-acid:
    cost: 197.385
    lifetime: 11.878
    annual_cost: 16.617696581916146
    efficiency: 0.72649
    discharge_ratio: 5
    depth_of_discharge: 0.5
  VRBF:
    cost: 302.32
    lifetime: 22.8884
    annual_cost: 13.208437461771027
    efficiency: 0.664529
    discharge_ratio: 0.5
    depth_of_discharge: 1.0
