cost_values:
  wind_capex: 5000.0
  wind_opex: 100
  wind_lifetime: 20
  solar_capex: 1000.0
  solar_opex: 10
  solar_lifetime: 20
  carbon_price: 1.0
timeseries_values:
  load_level: 252609.82079112547
  wind_year: 2017
  solar_year: 2017
  price_year: 2023
  carbon_year: 2023
storage_values:
  CAES:
    cost: 50.9898
    lifetime: 23.0944
    annual_cost: 2.2078858944159623
    efficiency: 0.640155
    discharge_ratio: 0.1
    depth_of_discharge: 0.4
  Li-ion:
    cost: 238.895
    lifetime: 19.1059
    annual_cost: 12.503729214535825
    efficiency: 0.892809
    discharge_ratio: 2
    depth_of_discharge: 0.9
  Pb-acid:
    cost: 195.191
    lifetime: 12.5377
    annual_cost: 15.568325928998142
    efficiency: 0.726719
    discharge_ratio: 5
    depth_of_discharge: 0.5
  VRBF:
    cost: 325.233
    lifetime: 22.9416
    annual_cost: 14.176561355790355
    efficiency: 0.690785
    discharge_ratio: 0.5
    depth_of_discharge: 1.0
