cost_values:
  wind_capex: 5000.0
  wind_opex: 100
  wind_lifetime: 20
  solar_capex: 1000.0
  solar_opex: 10
  solar_lifetime: 20
  carbon_price: 1.0
timeseries_values:
  load_level: 252609.82079112547
  wind_year: 2017
  solar_year: 2017
  price_year: 2023
  carbon_year: 2023
storage_values:
  CAES:
    cost: 55.3076
    lifetime: 21.9076
    annual_cost: 2.524585075498914
    efficiency: 0.649592
    discharge_ratio: 0.1
    depth_of_discharge: 0.4
  Li-ion:
    cost: 221.053
    lifetime: 16.9971
    annual_cost: 13.005336204411341
    efficiency: 0.889105
    discharge_ratio: 2
    depth_of_discharge: 0.9
  Pb-acid:
    cost: 183.942
    lifetime: 12.2178
    annual_cost: 15.05524726219123
    efficiency: 0.739374
    discharge_ratio: 5
    depth_of_discharge: 0.5
  VRBF:
    cost: 315.165
    lifetime: 22.3772
    annual_cost: 14.08420177680854
    efficiency: 0.711441
    discharge_ratio: 0.5
    depth_of_discharge: 1.0
