cost_values:
  wind_capex: 5000.0
  wind_opex: 100
  wind_lifetime: 20
  solar_capex: 1000.0
  solar_opex: 10
  solar_lifetime: 20
  carbon_price: 1.0
timeseries_values:
  load_level: 252609.82079112547
  wind_year: 2017
  solar_year: 2017
  price_year: 2023
  carbon_year: 2023
storage_values:
  CAES:
    cost: 52.3592
    lifetime: 22.3198
    annual_cost: 2.3458633141874032
    efficiency: 0.635262
    discharge_ratio: 0.1
    depth_of_discharge: 0.4
  Li-ion:
    cost: 219.051
    lifetime: 19.7383
    annual_cost: 11.097764245147758
    efficiency: 0.866179
    discharge_ratio: 2
    depth_of_discharge: 0.9
  Pb-acid:
    cost: 187.279
    lifetime: 12.474
    annual_cost: 15.013548180214846
    efficiency: 0.733747
    discharge_ratio: 5
    depth_of_discharge: 0.5
  VRBF:
    cost: 296.082
    lifetime: 22.7603
    annual_cost: 13.008703751708017
    efficiency: 0.713808
    discharge_ratio: 0.5
    depth_of_discharge: 1.0
