cost_values:
  wind_capex: 5000.0
  wind_opex: 100
  wind_lifetime: 20
  solar_capex: 1000.0
  solar_opex: 10
  solar_lifetime: 20
  carbon_price: 1.0
timeseries_values:
  load_level: 252609.82079112547
  wind_year: 2017
  solar_year: 2017
  price_year: 2023
  carbon_year: 2023
storage_values:
  CAES:
    cost: 52.7169
    lifetime: 22.1812
    annual_cost: 2.376647791823707
    efficiency: 0.622926
    discharge_ratio: 0.1
    depth_of_discharge: 0.4
  Li-ion:
    cost: 219.136
    lifetime: 17.9205
    annual_cost: 12.228230239111632
    efficiency: 0.876469
    discharge_ratio: 2
    depth_of_discharge: 0.9
  Pb-acid:
    cost: 170.073
    lifetime: 13.4767
    annual_cost: 12.619780806874088
    efficiency: 0.736006
    discharge_ratio: 5
    depth_of_discharge: 0.5
  VRBF:
    cost: 338.14
    lifetime: 22.5381
    annual_cost: 15.0030392979
    efficiency: 0.700551
    discharge_ratio: 0.5
    depth_of_discharge: 1.0
