cost_values:
  wind_capex: 5000.0
  wind_opex: 100
  wind_lifetime: 20
  solar_capex: 1000.0
  solar_opex: 10
  solar_lifetime: 20
  carbon_price: 1.0
timeseries_values:
  load_level: 252609.82079112547
  wind_year: 2017
  solar_year: 2017
  price_year: 2023
  carbon_year: 2023
storage_values:
  CAES:
    cost: 54.6598
    lifetime: 20.6816
    annual_cost: 2.642919309917995
    efficiency: 0.632465
    discharge_ratio: 0.1
    depth_of_discharge: 0.4
  Li-ion:
    cost: 215.893
    lifetime: 18.9317
    annual_cost: 11.403783072835509
    efficiency: 0.895684
    discharge_ratio: 2
    depth_of_discharge: 0.9
  Pb-acid:
    cost: 207.127
    lifetime: 13.4633
    annual_cost: 15.384563962772871
    efficiency: 0.731928
    discharge_ratio: 5
    depth_of_discharge: 0.5
  VRBF:
    cost: 340.596
    lifetime: 21.8115
    annual_cost: 15.61543222611925
    efficiency: 0.693866
    discharge_ratio: 0.5
    depth_of_discharge: 1.0
