cost_values:
  wind_capex: 5000.0
  wind_opex: 100
  wind_lifetime: 20
  solar_capex: 1000.0
  solar_opex: 10
  solar_lifetime: 20
  carbon_price: 1.0
timeseries_values:
  load_level: 247200.15776392038
  wind_year: 2011
  solar_year: 2015
  price_year: 2023
  carbon_year: 2023
storage_values:
  CAES:
    cost: 39.5312
    lifetime: 24.1365
    annual_cost: 1.6378182420814946
    efficiency: 0.587514
    discharge_ratio: 0.1
    depth_of_discharge: 0.4
  Li-ion:
    cost: 148.309
    lifetime: 18.3897
    annual_cost: 8.064786266225115
    efficiency: 0.951229
    discharge_ratio: 2
    depth_of_discharge: 0.9
  Pb-acid:
    cost: 231.29
    lifetime: 8.7876
    annual_cost: 26.320041877190587
    efficiency: 0.726549
    discharge_ratio: 5
    depth_of_discharge: 0.5
  VRBF:
    cost: 290.057
    lifetime: 22.1752
    annual_cost: 13.080242793751578
    efficiency: 0.67111
    discharge_ratio: 0.5
    depth_of_discharge: 1.0
