cost_values:
  wind_capex: 5000.0
  wind_opex: 100
  wind_lifetime: 20
  solar_capex: 1000.0
  solar_opex: 10
  solar_lifetime: 20
  carbon_price: 1.0
timeseries_values:
  load_level: 247200.15776392038
  wind_year: 2011
  solar_year: 2015
  price_year: 2023
  carbon_year: 2023
storage_values:
  CAES:
    cost: 50.751
    lifetime: 22.5117
    annual_cost: 2.254427697597249
    efficiency: 0.611994
    discharge_ratio: 0.1
    depth_of_discharge: 0.4
  Li-ion:
    cost: 168.606
    lifetime: 19.279
    annual_cost: 8.745578090149904
    efficiency: 0.942955
    discharge_ratio: 2
    depth_of_discharge: 0.9
  Pb-acid:
    cost: 213.334
    lifetime: 10.9812
    annual_cost: 19.427202855789897
    efficiency: 0.730854
    discharge_ratio: 5
    depth_of_discharge: 0.5
  VRBF:
    cost: 279.816
    lifetime: 21.9214
    annual_cost: 12.764513215396827
    efficiency: 0.681718
    discharge_ratio: 0.5
    depth_of_discharge: 1.0
