cost_values:
  wind_capex: 5000.0
  wind_opex: 100
  wind_lifetime: 20
  solar_capex: 1000.0
  solar_opex: 10
  solar_lifetime: 20
  carbon_price: 1.0
timeseries_values:
  load_level: 247200.15776392038
  wind_year: 2011
  solar_year: 2015
  price_year: 2023
  carbon_year: 2023
storage_values:
  CAES:
    cost: 43.0619
    lifetime: 22.6138
    annual_cost: 1.904231044760279
    efficiency: 0.605139
    discharge_ratio: 0.1
    depth_of_discharge: 0.4
  Li-ion:
    cost: 139.582
    lifetime: 19.0233
    annual_cost: 7.337423054885325
    efficiency: 0.944322
    discharge_ratio: 2
    depth_of_discharge: 0.9
  Pb-acid:
    cost: 211.135
    lifetime: 11.2506
    annual_cost: 18.76655467263968
    efficiency: 0.716565
    discharge_ratio: 5
    depth_of_discharge: 0.5
  VRBF:
    cost: 279.919
    lifetime: 17.8375
    annual_cost: 15.692725998598458
    efficiency: 0.672939
    discharge_ratio: 0.5
    depth_of_discharge: 1.0
