cost_values:
  wind_capex: 5000.0
  wind_opex: 100
  wind_lifetime: 20
  solar_capex: 1000.0
  solar_opex: 10
  solar_lifetime: 20
  carbon_price: 1.0
timeseries_values:
  load_level: 247200.15776392038
  wind_year: 2011
  solar_year: 2015
  price_year: 2023
  carbon_year: 2023
storage_values:
  CAES:
    cost: 51.184
    lifetime: 22.9766
    annual_cost: 2.2276577039248626
    efficiency: 0.596646
    discharge_ratio: 0.1
    depth_of_discharge: 0.4
  Li-ion:
    cost: 178.942
    lifetime: 17.3697
    annual_cost: 10.301962613056068
    efficiency: 0.948213
    discharge_ratio: 2
    depth_of_discharge: 0.9
  Pb-acid:
    cost: 213.991
    lifetime: 12.3182
    annual_cost: 17.371937458394896
    efficiency: 0.709242
    discharge_ratio: 5
    depth_of_discharge: 0.5
  VRBF:
    cost: 313.605
    lifetime: 21.384
    annual_cost: 14.665404040404042
    efficiency: 0.652613
    discharge_ratio: 0.5
    depth_of_discharge: 1.0
