cost_values:
  wind_capex: 5000.0
  wind_opex: 100
  wind_lifetime: 20
  solar_capex: 1000.0
  solar_opex: 10
  solar_lifetime: 20
  carbon_price: 1.0
timeseries_values:
  load_level: 247200.15776392038
  wind_year: 2011
  solar_year: 2015
  price_year: 2023
  carbon_year: 2023
storage_values:
  CAES:
    cost: 49.7043
    lifetime: 23.2678
    annual_cost: 2.1361839108123672
    efficiency: 0.602484
    discharge_ratio: 0.1
    depth_of_discharge: 0.4
  Li-ion:
    cost: 167.916
    lifetime: 18.0703
    annual_cost: 9.29237478071753
    efficiency: 0.933691
    discharge_ratio: 2
    depth_of_discharge: 0.9
  Pb-acid:
    cost: 230.836
    lifetime: 10.5775
    annual_cost: 21.823304183408176
    efficiency: 0.695553
    discharge_ratio: 5
    depth_of_discharge: 0.5
  VRBF:
    cost: 294.87
    lifetime: 21.8901
    annual_cost: 13.470472953526937
    efficiency: 0.660548
    discharge_ratio: 0.5
    depth_of_discharge: 1.0
