cost_values:
  wind_capex: 5000.0
  wind_opex: 100
  wind_lifetime: 20
  solar_capex: 1000.0
  solar_opex: 10
  solar_lifetime: 20
  carbon_price: 1.0
timeseries_values:
  load_level: 247200.15776392038
  wind_year: 2011
  solar_year: 2015
  price_year: 2023
  carbon_year: 2023
storage_values:
  CAES:
    cost: 44.2582
    lifetime: 22.4873
    annual_cost: 1.9681420179390146
    efficiency: 0.599416
    discharge_ratio: 0.1
    depth_of_discharge: 0.4
  Li-ion:
    cost: 142.613
    lifetime: 18.4153
    annual_cost: 7.744266995378843
    efficiency: 0.955378
    discharge_ratio: 2
    depth_of_discharge: 0.9
  Pb-acid:
    cost: 216.703
    lifetime: 10.3738
    annual_cost: 20.889452273997957
    efficiency: 0.725449
    discharge_ratio: 5
    depth_of_discharge: 0.5
  VRBF:
    cost: 312.215
    lifetime: 18.8004
    annual_cost: 16.606827514308204
    efficiency: 0.655285
    discharge_ratio: 0.5
    depth_of_discharge: 1.0
