cost_values:
  wind_capex: 5000.0
  wind_opex: 100
  wind_lifetime: 20
  solar_capex: 1000.0
  solar_opex: 10
  solar_lifetime: 20
  carbon_price: 1.0
timeseries_values:
  load_level: 247200.15776392038
  wind_year: 2011
  solar_year: 2015
  price_year: 2023
  carbon_year: 2023
storage_values:
  CAES:
    cost: 46.6069
    lifetime: 22.5982
    annual_cost: 2.062416475648503
    efficiency: 0.59771
    discharge_ratio: 0.1
    depth_of_discharge: 0.4
  Li-ion:
    cost: 147.773
    lifetime: 17.7368
    annual_cost: 8.331435208154797
    efficiency: 0.954825
    discharge_ratio: 2
    depth_of_discharge: 0.9
  Pb-acid:
    cost: 234.974
    lifetime: 13.6994
    annual_cost: 17.152138049841597
    efficiency: 0.696276
    discharge_ratio: 5
    depth_of_discharge: 0.5
  VRBF:
    cost: 267.772
    lifetime: 19.4719
    annual_cost: 13.751714008391579
    efficiency: 0.666658
    discharge_ratio: 0.5
    depth_of_discharge: 1.0
