cost_values:
  wind_capex: 5000.0
  wind_opex: 100
  wind_lifetime: 20
  solar_capex: 1000.0
  solar_opex: 10
  solar_lifetime: 20
  carbon_price: 1.0
timeseries_values:
  load_level: 247200.15776392038
  wind_year: 2011
  solar_year: 2015
  price_year: 2023
  carbon_year: 2023
storage_values:
  CAES:
    cost: 49.8264
    lifetime: 22.8325
    annual_cost: 2.182257746633089
    efficiency: 0.605032
    discharge_ratio: 0.1
    depth_of_discharge: 0.4
  Li-ion:
    cost: 161.479
    lifetime: 16.2928
    annual_cost: 9.911065010311304
    efficiency: 0.95183
    discharge_ratio: 2
    depth_of_discharge: 0.9
  Pb-acid:
    cost: 230.737
    lifetime: 11.6308
    annual_cost: 19.838446194586787
    efficiency: 0.723184
    discharge_ratio: 5
    depth_of_discharge: 0.5
  VRBF:
    cost: 302.788
    lifetime: 21.828
    annual_cost: 13.871541139820415
    efficiency: 0.67518
    discharge_ratio: 0.5
    depth_of_discharge: 1.0
