cost_values:
  wind_capex: 5000.0
  wind_opex: 100
  wind_lifetime: 20
  solar_capex: 1000.0
  solar_opex: 10
  solar_lifetime: 20
  carbon_price: 1.0
timeseries_values:
  load_level: 247200.15776392038
  wind_year: 2011
  solar_year: 2015
  price_year: 2023
  carbon_year: 2023
storage_values:
  CAES:
    cost: 47.7086
    lifetime: 23.6401
    annual_cost: 2.0181217507540152
    efficiency: 0.606141
    discharge_ratio: 0.1
    depth_of_discharge: 0.4
  Li-ion:
    cost: 129.958
    lifetime: 18.1201
    annual_cost: 7.172035474417911
    efficiency: 0.940762
    discharge_ratio: 2
    depth_of_discharge: 0.9
  Pb-acid:
    cost: 216.346
    lifetime: 10.9993
    annual_cost: 19.66906984989954
    efficiency: 0.714973
    discharge_ratio: 5
    depth_of_discharge: 0.5
  VRBF:
    cost: 308.656
    lifetime: 19.0841
    annual_cost: 16.17346377350779
    efficiency: 0.656272
    discharge_ratio: 0.5
    depth_of_discharge: 1.0
