cost_values:
  wind_capex: 5000.0
  wind_opex: 100
  wind_lifetime: 20
  solar_capex: 1000.0
  solar_opex: 10
  solar_lifetime: 20
  carbon_price: 1.0
timeseries_values:
  load_level: 247200.15776392038
  wind_year: 2011
  solar_year: 2015
  price_year: 2023
  carbon_year: 2023
storage_values:
  CAES:
    cost: 49.2644
    lifetime: 22.0973
    annual_cost: 2.229430744932639
    efficiency: 0.600447
    discharge_ratio: 0.1
    depth_of_discharge: 0.4
  Li-ion:
    cost: 147.967
    lifetime: 17.4796
    annual_cost: 8.465125060070024
    efficiency: 0.94014
    discharge_ratio: 2
    depth_of_discharge: 0.9
  Pb-acid:
    cost: 221.023
    lifetime: 11.866
    annual_cost: 18.626580144951962
    efficiency: 0.713942
    discharge_ratio: 5
    depth_of_discharge: 0.5
  VRBF:
    cost: 262.706
    lifetime: 20.8197
    annual_cost: 12.618145314293674
    efficiency: 0.65009
    discharge_ratio: 0.5
    depth_of_discharge: 1.0
