cost_values:
  wind_capex: 5000.0
  wind_opex: 100
  wind_lifetime: 20
  solar_capex: 1000.0
  solar_opex: 10
  solar_lifetime: 20
  carbon_price: 1.0
timeseries_values:
  load_level: 247200.15776392038
  wind_year: 2011
  solar_year: 2015
  price_year: 2023
  carbon_year: 2023
storage_values:
  CAES:
    cost: 48.1806
    lifetime: 24.589
    annual_cost: 1.95943714669161
    efficiency: 0.596284
    discharge_ratio: 0.1
    depth_of_discharge: 0.4
  Li-ion:
    cost: 148.997
    lifetime: 17.9838
    annual_cost: 8.285067672015927
    efficiency: 0.947948
    discharge_ratio: 2
    depth_of_discharge: 0.9
  Pb-acid:
    cost: 215.334
    lifetime: 11.4298
    annual_cost: 18.83969973227878
    efficiency: 0.724486
    discharge_ratio: 5
    depth_of_discharge: 0.5
  VRBF:
    cost: 291.479
    lifetime: 21.2951
    annual_cost: 13.687608886551365
    efficiency: 0.656143
    discharge_ratio: 0.5
    depth_of_discharge: 1.0
