cost_values:
  wind_capex: 5000.0
  wind_opex: 100
  wind_lifetime: 20
  solar_capex: 1000.0
  solar_opex: 10
  solar_lifetime: 20
  carbon_price: 1.0
timeseries_values:
  load_level: 247200.15776392038
  wind_year: 2011
  solar_year: 2015
  price_year: 2023
  carbon_year: 2023
storage_values:
  CAES:
    cost: 49.2638
    lifetime: 22.8485
    annual_cost: 2.156106527780817
    efficiency: 0.601423
    discharge_ratio: 0.1
    depth_of_discharge: 0.4
  Li-ion:
    cost: 150.922
    lifetime: 19.0482
    annual_cost: 7.923163343518022
    efficiency: 0.947523
    discharge_ratio: 2
    depth_of_discharge: 0.9
  Pb-acid:
    cost: 232.197
    lifetime: 11.9527
    annual_cost: 19.4263220862232
    efficiency: 0.714759
    discharge_ratio: 5
    depth_of_discharge: 0.5
  VRBF:
    cost: 304.157
    lifetime: 21.0911
    annual_cost: 14.421106533087414
    efficiency: 0.654662
    discharge_ratio: 0.5
    depth_of_discharge: 1.0
