cost_values:
  wind_capex: 5000.0
  wind_opex: 100
  wind_lifetime: 20
  solar_capex: 1000.0
  solar_opex: 10
  solar_lifetime: 20
  carbon_price: 1.0
timeseries_values:
  load_level: 247200.15776392038
  wind_year: 2011
  solar_year: 2015
  price_year: 2023
  carbon_year: 2023
storage_values:
  CAES:
    cost: 49.4543
    lifetime: 23.3132
    annual_cost: 2.121300379184325
    efficiency: 0.599458
    discharge_ratio: 0.1
    depth_of_discharge: 0.4
  Li-ion:
    cost: 157.087
    lifetime: 16.6545
    annual_cost: 9.432105436968987
    efficiency: 0.9443
    discharge_ratio: 2
    depth_of_discharge: 0.9
  Pb-acid:
    cost: 235.529
    lifetime: 11.424
    annual_cost: 20.61703431372549
    efficiency: 0.708432
    discharge_ratio: 5
    depth_of_discharge: 0.5
  VRBF:
    cost: 312.78
    lifetime: 18.9974
    annual_cost: 16.46435828060682
    efficiency: 0.65032
    discharge_ratio: 0.5
    depth_of_discharge: 1.0
