cost_values:
  wind_capex: 5000.0
  wind_opex: 100
  wind_lifetime: 20
  solar_capex: 1000.0
  solar_opex: 10
  solar_lifetime: 20
  carbon_price: 1.0
timeseries_values:
  load_level: 247200.15776392038
  wind_year: 2011
  solar_year: 2015
  price_year: 2023
  carbon_year: 2023
storage_values:
  CAES:
    cost: 41.0662
    lifetime: 21.8632
    annual_cost: 1.8783252222913391
    efficiency: 0.60008
    discharge_ratio: 0.1
    depth_of_discharge: 0.4
  Li-ion:
    cost: 132.428
    lifetime: 17.7756
    annual_cost: 7.449987623483876
    efficiency: 0.938475
    discharge_ratio: 2
    depth_of_discharge: 0.9
  Pb-acid:
    cost: 215.13
    lifetime: 10.7845
    annual_cost: 19.948073624182854
    efficiency: 0.718155
    discharge_ratio: 5
    depth_of_discharge: 0.5
  VRBF:
    cost: 326.849
    lifetime: 19.9342
    annual_cost: 16.396394136709773
    efficiency: 0.658139
    discharge_ratio: 0.5
    depth_of_discharge: 1.0
