cost_values:
  wind_capex: 5000.0
  wind_opex: 100
  wind_lifetime: 20
  solar_capex: 1000.0
  solar_opex: 10
  solar_lifetime: 20
  carbon_price: 1.0
timeseries_values:
  load_level: 247200.15776392038
  wind_year: 2011
  solar_year: 2015
  price_year: 2023
  carbon_year: 2023
storage_values:
  CAES:
    cost: 47.7175
    lifetime: 22.3575
    annual_cost: 2.1342949793134296
    efficiency: 0.596944
    discharge_ratio: 0.1
    depth_of_discharge: 0.4
  Li-ion:
    cost: 155.92
    lifetime: 17.775
    annual_cost: 8.771870604781997
    efficiency: 0.947866
    discharge_ratio: 2
    depth_of_discharge: 0.9
  Pb-acid:
    cost: 237.929
    lifetime: 10.6411
    annual_cost: 22.35943652441947
    efficiency: 0.727872
    discharge_ratio: 5
    depth_of_discharge: 0.5
  VRBF:
    cost: 299.123
    lifetime: 19.87
    annual_cost: 15.054001006542526
    efficiency: 0.653898
    discharge_ratio: 0.5
    depth_of_discharge: 1.0
