cost_values:
  wind_capex: 5000.0
  wind_opex: 100
  wind_lifetime: 20
  solar_capex: 1000.0
  solar_opex: 10
  solar_lifetime: 20
  carbon_price: 1.0
timeseries_values:
  load_level: 247200.15776392038
  wind_year: 2011
  solar_year: 2015
  price_year: 2023
  carbon_year: 2023
storage_values:
  CAES:
    cost: 48.7512
    lifetime: 21.381
    annual_cost: 2.2801178616528692
    efficiency: 0.591929
    discharge_ratio: 0.1
    depth_of_discharge: 0.4
  Li-ion:
    cost: 149.106
    lifetime: 18.5945
    annual_cost: 8.018822770173976
    efficiency: 0.9622
    discharge_ratio: 2
    depth_of_discharge: 0.9
  Pb-acid:
    cost: 214.728
    lifetime: 11.0206
    annual_cost: 19.484238607698313
    efficiency: 0.716141
    discharge_ratio: 5
    depth_of_discharge: 0.5
  VRBF:
    cost: 311.534
    lifetime: 20.8314
    annual_cost: 14.95501982583984
    efficiency: 0.667458
    discharge_ratio: 0.5
    depth_of_discharge: 1.0
