cost_values:
  wind_capex: 5000.0
  wind_opex: 100
  wind_lifetime: 20
  solar_capex: 1000.0
  solar_opex: 10
  solar_lifetime: 20
  carbon_price: 1.0
timeseries_values:
  load_level: 247200.15776392038
  wind_year: 2011
  solar_year: 2015
  price_year: 2023
  carbon_year: 2023
storage_values:
  CAES:
    cost: 42.6647
    lifetime: 23.2402
    annual_cost: 1.83581466596673
    efficiency: 0.598715
    discharge_ratio: 0.1
    depth_of_discharge: 0.4
  Li-ion:
    cost: 170.06
    lifetime: 16.5952
    annual_cost: 10.247541457770923
    efficiency: 0.950922
    discharge_ratio: 2
    depth_of_discharge: 0.9
  Pb-acid:
    cost: 207.817
    lifetime: 11.192
    annual_cost: 18.568352394567547
    efficiency: 0.720764
    discharge_ratio: 5
    depth_of_discharge: 0.5
  VRBF:
    cost: 295.751
    lifetime: 20.5029
    annual_cost: 14.424837462017567
    efficiency: 0.655816
    discharge_ratio: 0.5
    depth_of_discharge: 1.0
