cost_values:
  wind_capex: 5000.0
  wind_opex: 100
  wind_lifetime: 20
  solar_capex: 1000.0
  solar_opex: 10
  solar_lifetime: 20
  carbon_price: 1.0
timeseries_values:
  load_level: 247200.15776392038
  wind_year: 2011
  solar_year: 2015
  price_year: 2023
  carbon_year: 2023
storage_values:
  CAES:
    cost: 55.917
    lifetime: 23.3772
    annual_cost: 2.3919459986653666
    efficiency: 0.600522
    discharge_ratio: 0.1
    depth_of_discharge: 0.4
  Li-ion:
    cost: 160.2
    lifetime: 20.4388
    annual_cost: 7.838033544043681
    efficiency: 0.953389
    discharge_ratio: 2
    depth_of_discharge: 0.9
  Pb-acid:
    cost: 212.604
    lifetime: 12.2321
    annual_cost: 17.38082585982783
    efficiency: 0.704397
    discharge_ratio: 5
    depth_of_discharge: 0.5
  VRBF:
    cost: 309.389
    lifetime: 23.2009
    annual_cost: 13.335215444228457
    efficiency: 0.663859
    discharge_ratio: 0.5
    depth_of_discharge: 1.0
