cost_values:
  wind_capex: 5000.0
  wind_opex: 100
  wind_lifetime: 20
  solar_capex: 1000.0
  solar_opex: 10
  solar_lifetime: 20
  carbon_price: 1.0
timeseries_values:
  load_level: 247200.15776392038
  wind_year: 2011
  solar_year: 2015
  price_year: 2023
  carbon_year: 2023
storage_values:
  CAES:
    cost: 51.0166
    lifetime: 22.7713
    annual_cost: 2.240390315880077
    efficiency: 0.611034
    discharge_ratio: 0.1
    depth_of_discharge: 0.4
  Li-ion:
    cost: 166.007
    lifetime: 18.4671
    annual_cost: 8.989337795322493
    efficiency: 0.939107
    discharge_ratio: 2
    depth_of_discharge: 0.9
  Pb-acid:
    cost: 238.663
    lifetime: 12.0076
    annual_cost: 19.875995203038077
    efficiency: 0.705878
    discharge_ratio: 5
    depth_of_discharge: 0.5
  VRBF:
    cost: 297.987
    lifetime: 20.5089
    annual_cost: 14.529643228061964
    efficiency: 0.655283
    discharge_ratio: 0.5
    depth_of_discharge: 1.0
