cost_values:
  wind_capex: 5000.0
  wind_opex: 100
  wind_lifetime: 20
  solar_capex: 1000.0
  solar_opex: 10
  solar_lifetime: 20
  carbon_price: 1.0
timeseries_values:
  load_level: 247200.15776392038
  wind_year: 2011
  solar_year: 2015
  price_year: 2023
  carbon_year: 2023
storage_values:
  CAES:
    cost: 41.6766
    lifetime: 22.5899
    annual_cost: 1.8449218456035663
    efficiency: 0.605805
    discharge_ratio: 0.1
    depth_of_discharge: 0.4
  Li-ion:
    cost: 162.066
    lifetime: 18.9297
    annual_cost: 8.56146690121872
    efficiency: 0.942634
    discharge_ratio: 2
    depth_of_discharge: 0.9
  Pb-acid:
    cost: 217.807
    lifetime: 11.9835
    annual_cost: 18.175574748612675
    efficiency: 0.712611
    discharge_ratio: 5
    depth_of_discharge: 0.5
  VRBF:
    cost: 298.855
    lifetime: 20.3913
    annual_cost: 14.656005257143978
    efficiency: 0.667142
    discharge_ratio: 0.5
    depth_of_discharge: 1.0
