cost_values:
  wind_capex: 5000.0
  wind_opex: 100
  wind_lifetime: 20
  solar_capex: 1000.0
  solar_opex: 10
  solar_lifetime: 20
  carbon_price: 1.0
timeseries_values:
  load_level: 247200.15776392038
  wind_year: 2011
  solar_year: 2015
  price_year: 2023
  carbon_year: 2023
storage_values:
  CAES:
    cost: 47.0992
    lifetime: 23.3078
    annual_cost: 2.0207484189842027
    efficiency: 0.587144
    discharge_ratio: 0.1
    depth_of_discharge: 0.4
  Li-ion:
    cost: 151.109
    lifetime: 19.6823
    annual_cost: 7.6774055877615925
    efficiency: 0.939549
    discharge_ratio: 2
    depth_of_discharge: 0.9
  Pb-acid:
    cost: 237.938
    lifetime: 10.0486
    annual_cost: 23.678721413928308
    efficiency: 0.699266
    discharge_ratio: 5
    depth_of_discharge: 0.5
  VRBF:
    cost: 272.162
    lifetime: 19.8049
    annual_cost: 13.74215471928664
    efficiency: 0.653802
    discharge_ratio: 0.5
    depth_of_discharge: 1.0
