cost_values:
  wind_capex: 5000.0
  wind_opex: 100
  wind_lifetime: 20
  solar_capex: 1000.0
  solar_opex: 10
  solar_lifetime: 20
  carbon_price: 1.0
timeseries_values:
  load_level: 247200.15776392038
  wind_year: 2011
  solar_year: 2015
  price_year: 2023
  carbon_year: 2023
storage_values:
  CAES:
    cost: 45.3226
    lifetime: 23.4925
    annual_cost: 1.9292369905288922
    efficiency: 0.592507
    discharge_ratio: 0.1
    depth_of_discharge: 0.4
  Li-ion:
    cost: 163.462
    lifetime: 17.2473
    annual_cost: 9.477541412279024
    efficiency: 0.94646
    discharge_ratio: 2
    depth_of_discharge: 0.9
  Pb-acid:
    cost: 219.364
    lifetime: 9.73752
    annual_cost: 22.527707260164807
    efficiency: 0.719648
    discharge_ratio: 5
    depth_of_discharge: 0.5
  VRBF:
    cost: 336.468
    lifetime: 20.3714
    annual_cost: 16.516685156641174
    efficiency: 0.653709
    discharge_ratio: 0.5
    depth_of_discharge: 1.0
