cost_values:
  wind_capex: 5000.0
  wind_opex: 100
  wind_lifetime: 20
  solar_capex: 1000.0
  solar_opex: 10
  solar_lifetime: 20
  carbon_price: 1.0
timeseries_values:
  load_level: 247200.15776392038
  wind_year: 2011
  solar_year: 2015
  price_year: 2023
  carbon_year: 2023
storage_values:
  CAES:
    cost: 48.9831
    lifetime: 23.3649
    annual_cost: 2.096439531091509
    efficiency: 0.598692
    discharge_ratio: 0.1
    depth_of_discharge: 0.4
  Li-ion:
    cost: 133.279
    lifetime: 17.3744
    annual_cost: 7.670998710746845
    efficiency: 0.964311
    discharge_ratio: 2
    depth_of_discharge: 0.9
  Pb-acid:
    cost: 238.576
    lifetime: 10.9905
    annual_cost: 21.70747463718666
    efficiency: 0.714695
    discharge_ratio: 5
    depth_of_discharge: 0.5
  VRBF:
    cost: 282.854
    lifetime: 18.9035
    annual_cost: 14.963049170788477
    efficiency: 0.660857
    discharge_ratio: 0.5
    depth_of_discharge: 1.0
