cost_values:
  wind_capex: 5000.0
  wind_opex: 100
  wind_lifetime: 20
  solar_capex: 1000.0
  solar_opex: 10
  solar_lifetime: 20
  carbon_price: 1.0
timeseries_values:
  load_level: 247200.15776392038
  wind_year: 2011
  solar_year: 2015
  price_year: 2023
  carbon_year: 2023
storage_values:
  CAES:
    cost: 47.6661
    lifetime: 23.3925
    annual_cost: 2.0376659185636425
    efficiency: 0.596591
    discharge_ratio: 0.1
    depth_of_discharge: 0.4
  Li-ion:
    cost: 164.71
    lifetime: 16.414
    annual_cost: 10.034726453027902
    efficiency: 0.95151
    discharge_ratio: 2
    depth_of_discharge: 0.9
  Pb-acid:
    cost: 211.022
    lifetime: 10.8494
    annual_cost: 19.450107840064888
    efficiency: 0.702995
    discharge_ratio: 5
    depth_of_discharge: 0.5
  VRBF:
    cost: 292.639
    lifetime: 22.6522
    annual_cost: 12.918789344964287
    efficiency: 0.650608
    discharge_ratio: 0.5
    depth_of_discharge: 1.0
