cost_values:
  wind_capex: 5000.0
  wind_opex: 100
  wind_lifetime: 20
  solar_capex: 1000.0
  solar_opex: 10
  solar_lifetime: 20
  carbon_price: 1.0
timeseries_values:
  load_level: 247200.15776392038
  wind_year: 2011
  solar_year: 2015
  price_year: 2023
  carbon_year: 2023
storage_values:
  CAES:
    cost: 45.4179
    lifetime: 22.6718
    annual_cost: 2.003277198987288
    efficiency: 0.598588
    discharge_ratio: 0.1
    depth_of_discharge: 0.4
  Li-ion:
    cost: 152.286
    lifetime: 16.3292
    annual_cost: 9.325992700193519
    efficiency: 0.960945
    discharge_ratio: 2
    depth_of_discharge: 0.9
  Pb-acid:
    cost: 220.115
    lifetime: 10.0763
    annual_cost: 21.844823992933915
    efficiency: 0.709688
    discharge_ratio: 5
    depth_of_discharge: 0.5
  VRBF:
    cost: 295.203
    lifetime: 18.5479
    annual_cost: 15.915710134300918
    efficiency: 0.651331
    discharge_ratio: 0.5
    depth_of_discharge: 1.0
