cost_values:
  wind_capex: 5000.0
  wind_opex: 100
  wind_lifetime: 20
  solar_capex: 1000.0
  solar_opex: 10
  solar_lifetime: 20
  carbon_price: 1.0
timeseries_values:
  load_level: 247200.15776392038
  wind_year: 2011
  solar_year: 2015
  price_year: 2023
  carbon_year: 2023
storage_values:
  CAES:
    cost: 49.3183
    lifetime: 22.1874
    annual_cost: 2.2228066380017486
    efficiency: 0.595203
    discharge_ratio: 0.1
    depth_of_discharge: 0.4
  Li-ion:
    cost: 162.745
    lifetime: 17.9412
    annual_cost: 9.071020890464407
    efficiency: 0.947605
    discharge_ratio: 2
    depth_of_discharge: 0.9
  Pb-acid:
    cost: 219.27
    lifetime: 13.5679
    annual_cost: 16.160938686163668
    efficiency: 0.727639
    discharge_ratio: 5
    depth_of_discharge: 0.5
  VRBF:
    cost: 282.86
    lifetime: 22.3494
    annual_cost: 12.656268177221762
    efficiency: 0.667713
    discharge_ratio: 0.5
    depth_of_discharge: 1.0
