cost_values:
  wind_capex: 5000.0
  wind_opex: 100
  wind_lifetime: 20
  solar_capex: 1000.0
  solar_opex: 10
  solar_lifetime: 20
  carbon_price: 1.0
timeseries_values:
  load_level: 247200.15776392038
  wind_year: 2011
  solar_year: 2015
  price_year: 2023
  carbon_year: 2023
storage_values:
  CAES:
    cost: 53.7105
    lifetime: 22.7193
    annual_cost: 2.3640913232361913
    efficiency: 0.606467
    discharge_ratio: 0.1
    depth_of_discharge: 0.4
  Li-ion:
    cost: 142.788
    lifetime: 17.8896
    annual_cost: 7.9816206063858335
    efficiency: 0.949007
    discharge_ratio: 2
    depth_of_discharge: 0.9
  Pb-acid:
    cost: 224.919
    lifetime: 11.9278
    annual_cost: 18.856704505441073
    efficiency: 0.719854
    discharge_ratio: 5
    depth_of_discharge: 0.5
  VRBF:
    cost: 279.078
    lifetime: 21.6429
    annual_cost: 12.89466753531181
    efficiency: 0.661207
    discharge_ratio: 0.5
    depth_of_discharge: 1.0
