cost_values:
  wind_capex: 5000.0
  wind_opex: 100
  wind_lifetime: 20
  solar_capex: 1000.0
  solar_opex: 10
  solar_lifetime: 20
  carbon_price: 1.0
timeseries_values:
  load_level: 247200.15776392038
  wind_year: 2011
  solar_year: 2015
  price_year: 2023
  carbon_year: 2023
storage_values:
  CAES:
    cost: 44.1052
    lifetime: 22.6269
    annual_cost: 1.9492374121068288
    efficiency: 0.588929
    discharge_ratio: 0.1
    depth_of_discharge: 0.4
  Li-ion:
    cost: 138.681
    lifetime: 17.192
    annual_cost: 8.06660074453234
    efficiency: 0.950604
    discharge_ratio: 2
    depth_of_discharge: 0.9
  Pb-acid:
    cost: 228.702
    lifetime: 10.8706
    annual_cost: 21.038581127076704
    efficiency: 0.722114
    discharge_ratio: 5
    depth_of_discharge: 0.5
  VRBF:
    cost: 292.282
    lifetime: 20.0706
    annual_cost: 14.562693691269818
    efficiency: 0.666068
    discharge_ratio: 0.5
    depth_of_discharge: 1.0
