cost_values:
  wind_capex: 5000.0
  wind_opex: 100
  wind_lifetime: 20
  solar_capex: 1000.0
  solar_opex: 10
  solar_lifetime: 20
  carbon_price: 1.0
timeseries_values:
  load_level: 247200.15776392038
  wind_year: 2011
  solar_year: 2015
  price_year: 2023
  carbon_year: 2023
storage_values:
  CAES:
    cost: 48.9163
    lifetime: 23.4998
    annual_cost: 2.081562396275713
    efficiency: 0.593921
    discharge_ratio: 0.1
    depth_of_discharge: 0.4
  Li-ion:
    cost: 144.047
    lifetime: 18.5535
    annual_cost: 7.763872045705662
    efficiency: 0.939371
    discharge_ratio: 2
    depth_of_discharge: 0.9
  Pb-acid:
    cost: 230.663
    lifetime: 11.049
    annual_cost: 20.876368902163094
    efficiency: 0.721915
    discharge_ratio: 5
    depth_of_discharge: 0.5
  VRBF:
    cost: 274.612
    lifetime: 19.6486
    annual_cost: 13.976161151430638
    efficiency: 0.651474
    discharge_ratio: 0.5
    depth_of_discharge: 1.0
