cost_values:
  wind_capex: 5000.0
  wind_opex: 100
  wind_lifetime: 20
  solar_capex: 1000.0
  solar_opex: 10
  solar_lifetime: 20
  carbon_price: 1.0
timeseries_values:
  load_level: 247200.15776392038
  wind_year: 2011
  solar_year: 2015
  price_year: 2023
  carbon_year: 2023
storage_values:
  CAES:
    cost: 42.7112
    lifetime: 23.3214
    annual_cost: 1.8314166387952695
    efficiency: 0.596373
    discharge_ratio: 0.1
    depth_of_discharge: 0.4
  Li-ion:
    cost: 145.912
    lifetime: 18.5586
    annual_cost: 7.862230987251195
    efficiency: 0.968223
    discharge_ratio: 2
    depth_of_discharge: 0.9
  Pb-acid:
    cost: 231.032
    lifetime: 10.026
    annual_cost: 23.043287452623183
    efficiency: 0.693686
    discharge_ratio: 5
    depth_of_discharge: 0.5
  VRBF:
    cost: 333.994
    lifetime: 21.4655
    annual_cost: 15.559572337005896
    efficiency: 0.658738
    discharge_ratio: 0.5
    depth_of_discharge: 1.0
