cost_values:
  wind_capex: 5000.0
  wind_opex: 100
  wind_lifetime: 20
  solar_capex: 1000.0
  solar_opex: 10
  solar_lifetime: 20
  carbon_price: 1.0
timeseries_values:
  load_level: 247200.15776392038
  wind_year: 2011
  solar_year: 2015
  price_year: 2023
  carbon_year: 2023
storage_values:
  CAES:
    cost: 49.5911
    lifetime: 23.8508
    annual_cost: 2.0792216613279217
    efficiency: 0.597116
    discharge_ratio: 0.1
    depth_of_discharge: 0.4
  Li-ion:
    cost: 143.491
    lifetime: 19.4519
    annual_cost: 7.3767087019777
    efficiency: 0.950308
    discharge_ratio: 2
    depth_of_discharge: 0.9
  Pb-acid:
    cost: 237.092
    lifetime: 11.1552
    annual_cost: 21.253944348823868
    efficiency: 0.711955
    discharge_ratio: 5
    depth_of_discharge: 0.5
  VRBF:
    cost: 302.869
    lifetime: 20.744
    annual_cost: 14.60031816428847
    efficiency: 0.655846
    discharge_ratio: 0.5
    depth_of_discharge: 1.0
