cost_values:
  wind_capex: 5000.0
  wind_opex: 100
  wind_lifetime: 20
  solar_capex: 1000.0
  solar_opex: 10
  solar_lifetime: 20
  carbon_price: 1.0
timeseries_values:
  load_level: 247200.15776392038
  wind_year: 2011
  solar_year: 2015
  price_year: 2023
  carbon_year: 2023
storage_values:
  CAES:
    cost: 44.5093
    lifetime: 23.8791
    annual_cost: 1.8639437834759267
    efficiency: 0.589726
    discharge_ratio: 0.1
    depth_of_discharge: 0.4
  Li-ion:
    cost: 147.98
    lifetime: 16.7416
    annual_cost: 8.839059588091938
    efficiency: 0.954798
    discharge_ratio: 2
    depth_of_discharge: 0.9
  Pb-acid:
    cost: 217.587
    lifetime: 12.993
    annual_cost: 16.746478873239436
    efficiency: 0.714735
    discharge_ratio: 5
    depth_of_discharge: 0.5
  VRBF:
    cost: 339.279
    lifetime: 18.8627
    annual_cost: 17.9867675359307
    efficiency: 0.658298
    discharge_ratio: 0.5
    depth_of_discharge: 1.0
