cost_values:
  wind_capex: 5000.0
  wind_opex: 100
  wind_lifetime: 20
  solar_capex: 1000.0
  solar_opex: 10
  solar_lifetime: 20
  carbon_price: 1.0
timeseries_values:
  load_level: 247200.15776392038
  wind_year: 2011
  solar_year: 2015
  price_year: 2023
  carbon_year: 2023
storage_values:
  CAES:
    cost: 39.9363
    lifetime: 23.2022
    annual_cost: 1.7212290213859032
    efficiency: 0.597765
    discharge_ratio: 0.1
    depth_of_discharge: 0.4
  Li-ion:
    cost: 133.642
    lifetime: 18.0395
    annual_cost: 7.408298456165636
    efficiency: 0.952996
    discharge_ratio: 2
    depth_of_discharge: 0.9
  Pb-acid:
    cost: 201.344
    lifetime: 11.6254
    annual_cost: 17.319318044970494
    efficiency: 0.715398
    discharge_ratio: 5
    depth_of_discharge: 0.5
  VRBF:
    cost: 267.148
    lifetime: 19.8729
    annual_cost: 13.442829179435313
    efficiency: 0.653347
    discharge_ratio: 0.5
    depth_of_discharge: 1.0
