cost_values:
  wind_capex: 5000.0
  wind_opex: 100
  wind_lifetime: 20
  solar_capex: 1000.0
  solar_opex: 10
  solar_lifetime: 20
  carbon_price: 1.0
timeseries_values:
  load_level: 247200.15776392038
  wind_year: 2011
  solar_year: 2015
  price_year: 2023
  carbon_year: 2023
storage_values:
  CAES:
    cost: 44.5986
    lifetime: 23.1678
    annual_cost: 1.9250252505632817
    efficiency: 0.597084
    discharge_ratio: 0.1
    depth_of_discharge: 0.4
  Li-ion:
    cost: 137.769
    lifetime: 17.3724
    annual_cost: 7.9303377771637775
    efficiency: 0.948322
    discharge_ratio: 2
    depth_of_discharge: 0.9
  Pb-acid:
    cost: 230.376
    lifetime: 10.2895
    annual_cost: 22.389426113999708
    efficiency: 0.709674
    discharge_ratio: 5
    depth_of_discharge: 0.5
  VRBF:
    cost: 294.868
    lifetime: 19.1955
    annual_cost: 15.361308640045845
    efficiency: 0.653847
    discharge_ratio: 0.5
    depth_of_discharge: 1.0
