cost_values:
  wind_capex: 5000.0
  wind_opex: 100
  wind_lifetime: 20
  solar_capex: 1000.0
  solar_opex: 10
  solar_lifetime: 20
  carbon_price: 1.0
timeseries_values:
  load_level: 247200.15776392038
  wind_year: 2011
  solar_year: 2015
  price_year: 2023
  carbon_year: 2023
storage_values:
  CAES:
    cost: 45.8734
    lifetime: 22.8913
    annual_cost: 2.00396657245329
    efficiency: 0.607096
    discharge_ratio: 0.1
    depth_of_discharge: 0.4
  Li-ion:
    cost: 148.614
    lifetime: 17.2914
    annual_cost: 8.594677122731532
    efficiency: 0.951227
    discharge_ratio: 2
    depth_of_discharge: 0.9
  Pb-acid:
    cost: 237.939
    lifetime: 10.6089
    annual_cost: 22.42824421005005
    efficiency: 0.713885
    discharge_ratio: 5
    depth_of_discharge: 0.5
  VRBF:
    cost: 270.607
    lifetime: 23.1257
    annual_cost: 11.70157011463437
    efficiency: 0.667332
    discharge_ratio: 0.5
    depth_of_discharge: 1.0
