cost_values:
  wind_capex: 5000.0
  wind_opex: 100
  wind_lifetime: 20
  solar_capex: 1000.0
  solar_opex: 10
  solar_lifetime: 20
  carbon_price: 1.0
timeseries_values:
  load_level: 247200.15776392038
  wind_year: 2011
  solar_year: 2015
  price_year: 2023
  carbon_year: 2023
storage_values:
  CAES:
    cost: 40.7204
    lifetime: 23.2313
    annual_cost: 1.7528248526772068
    efficiency: 0.593436
    discharge_ratio: 0.1
    depth_of_discharge: 0.4
  Li-ion:
    cost: 161.321
    lifetime: 18.4102
    annual_cost: 8.76258813049288
    efficiency: 0.968117
    discharge_ratio: 2
    depth_of_discharge: 0.9
  Pb-acid:
    cost: 230.321
    lifetime: 11.477
    annual_cost: 20.068049141761783
    efficiency: 0.707725
    discharge_ratio: 5
    depth_of_discharge: 0.5
  VRBF:
    cost: 309.181
    lifetime: 18.2556
    annual_cost: 16.936227787637765
    efficiency: 0.651123
    discharge_ratio: 0.5
    depth_of_discharge: 1.0
