cost_values:
  wind_capex: 5000.0
  wind_opex: 100
  wind_lifetime: 20
  solar_capex: 1000.0
  solar_opex: 10
  solar_lifetime: 20
  carbon_price: 1.0
timeseries_values:
  load_level: 247200.15776392038
  wind_year: 2011
  solar_year: 2015
  price_year: 2023
  carbon_year: 2023
storage_values:
  CAES:
    cost: 41.1577
    lifetime: 22.1379
    annual_cost: 1.859151048654118
    efficiency: 0.602938
    discharge_ratio: 0.1
    depth_of_discharge: 0.4
  Li-ion:
    cost: 172.582
    lifetime: 17.91
    annual_cost: 9.636069235064209
    efficiency: 0.962581
    discharge_ratio: 2
    depth_of_discharge: 0.9
  Pb-acid:
    cost: 246.959
    lifetime: 11.0553
    annual_cost: 22.33851636771503
    efficiency: 0.725925
    discharge_ratio: 5
    depth_of_discharge: 0.5
  VRBF:
    cost: 285.923
    lifetime: 19.4986
    annual_cost: 14.663770732257701
    efficiency: 0.652691
    discharge_ratio: 0.5
    depth_of_discharge: 1.0
