cost_values:
  wind_capex: 5000.0
  wind_opex: 100
  wind_lifetime: 20
  solar_capex: 1000.0
  solar_opex: 10
  solar_lifetime: 20
  carbon_price: 1.0
timeseries_values:
  load_level: 247200.15776392038
  wind_year: 2011
  solar_year: 2015
  price_year: 2023
  carbon_year: 2023
storage_values:
  CAES:
    cost: 44.703
    lifetime: 23.2963
    annual_cost: 1.9188884071719545
    efficiency: 0.599355
    discharge_ratio: 0.1
    depth_of_discharge: 0.4
  Li-ion:
    cost: 165.223
    lifetime: 17.2391
    annual_cost: 9.584201031376349
    efficiency: 0.94264
    discharge_ratio: 2
    depth_of_discharge: 0.9
  Pb-acid:
    cost: 223.81
    lifetime: 11.4803
    annual_cost: 19.495135144551973
    efficiency: 0.715837
    discharge_ratio: 5
    depth_of_discharge: 0.5
  VRBF:
    cost: 248.364
    lifetime: 18.1512
    annual_cost: 13.683062276874256
    efficiency: 0.666396
    discharge_ratio: 0.5
    depth_of_discharge: 1.0
