cost_values:
  wind_capex: 5000.0
  wind_opex: 100
  wind_lifetime: 20
  solar_capex: 1000.0
  solar_opex: 10
  solar_lifetime: 20
  carbon_price: 1.0
timeseries_values:
  load_level: 247200.15776392038
  wind_year: 2011
  solar_year: 2015
  price_year: 2023
  carbon_year: 2023
storage_values:
  CAES:
    cost: 46.0625
    lifetime: 23.0495
    annual_cost: 1.9984164515499252
    efficiency: 0.592779
    discharge_ratio: 0.1
    depth_of_discharge: 0.4
  Li-ion:
    cost: 156.262
    lifetime: 16.6937
    annual_cost: 9.360537208647575
    efficiency: 0.955748
    discharge_ratio: 2
    depth_of_discharge: 0.9
  Pb-acid:
    cost: 244.604
    lifetime: 11.6417
    annual_cost: 21.01102072721338
    efficiency: 0.716726
    discharge_ratio: 5
    depth_of_discharge: 0.5
  VRBF:
    cost: 308.753
    lifetime: 20.8805
    annual_cost: 14.786666985943821
    efficiency: 0.654839
    discharge_ratio: 0.5
    depth_of_discharge: 1.0
