cost_values:
  wind_capex: 5000.0
  wind_opex: 100
  wind_lifetime: 20
  solar_capex: 1000.0
  solar_opex: 10
  solar_lifetime: 20
  carbon_price: 1.0
timeseries_values:
  load_level: 247200.15776392038
  wind_year: 2011
  solar_year: 2015
  price_year: 2023
  carbon_year: 2023
storage_values:
  CAES:
    cost: 44.2973
    lifetime: 23.2889
    annual_cost: 1.9020778138941725
    efficiency: 0.592578
    discharge_ratio: 0.1
    depth_of_discharge: 0.4
  Li-ion:
    cost: 141.594
    lifetime: 17.2243
    annual_cost: 8.220595321725702
    efficiency: 0.935221
    discharge_ratio: 2
    depth_of_discharge: 0.9
  Pb-acid:
    cost: 230.038
    lifetime: 10.8465
    annual_cost: 21.208500437929285
    efficiency: 0.718029
    discharge_ratio: 5
    depth_of_discharge: 0.5
  VRBF:
    cost: 312.7
    lifetime: 20.1234
    annual_cost: 15.539123607342695
    efficiency: 0.656736
    discharge_ratio: 0.5
    depth_of_discharge: 1.0
