cost_values:
  wind_capex: 5000.0
  wind_opex: 100
  wind_lifetime: 20
  solar_capex: 1000.0
  solar_opex: 10
  solar_lifetime: 20
  carbon_price: 1.0
timeseries_values:
  load_level: 247200.15776392038
  wind_year: 2011
  solar_year: 2015
  price_year: 2023
  carbon_year: 2023
storage_values:
  CAES:
    cost: 43.9438
    lifetime: 23.1063
    annual_cost: 1.9018103287847903
    efficiency: 0.595615
    discharge_ratio: 0.1
    depth_of_discharge: 0.4
  Li-ion:
    cost: 145.86
    lifetime: 18.5102
    annual_cost: 7.879979686875345
    efficiency: 0.959706
    discharge_ratio: 2
    depth_of_discharge: 0.9
  Pb-acid:
    cost: 218.736
    lifetime: 9.76867
    annual_cost: 22.391584524812487
    efficiency: 0.705814
    discharge_ratio: 5
    depth_of_discharge: 0.5
  VRBF:
    cost: 269.667
    lifetime: 20.4336
    annual_cost: 13.197233967582804
    efficiency: 0.651885
    discharge_ratio: 0.5
    depth_of_discharge: 1.0
