cost_values:
  wind_capex: 5000.0
  wind_opex: 100
  wind_lifetime: 20
  solar_capex: 1000.0
  solar_opex: 10
  solar_lifetime: 20
  carbon_price: 1.0
timeseries_values:
  load_level: 247200.15776392038
  wind_year: 2011
  solar_year: 2015
  price_year: 2023
  carbon_year: 2023
storage_values:
  CAES:
    cost: 42.6367
    lifetime: 22.8589
    annual_cost: 1.8652122368092954
    efficiency: 0.604404
    discharge_ratio: 0.1
    depth_of_discharge: 0.4
  Li-ion:
    cost: 146.826
    lifetime: 19.2879
    annual_cost: 7.612337268442909
    efficiency: 0.944135
    discharge_ratio: 2
    depth_of_discharge: 0.9
  Pb-acid:
    cost: 202.821
    lifetime: 11.5557
    annual_cost: 17.5515979127184
    efficiency: 0.71999
    discharge_ratio: 5
    depth_of_discharge: 0.5
  VRBF:
    cost: 295.499
    lifetime: 18.6677
    annual_cost: 15.829427299560205
    efficiency: 0.652217
    discharge_ratio: 0.5
    depth_of_discharge: 1.0
