cost_values:
  wind_capex: 5000.0
  wind_opex: 100
  wind_lifetime: 20
  solar_capex: 1000.0
  solar_opex: 10
  solar_lifetime: 20
  carbon_price: 1.0
timeseries_values:
  load_level: 247200.15776392038
  wind_year: 2011
  solar_year: 2015
  price_year: 2023
  carbon_year: 2023
storage_values:
  CAES:
    cost: 38.5567
    lifetime: 22.4997
    annual_cost: 1.7136539598305753
    efficiency: 0.588209
    discharge_ratio: 0.1
    depth_of_discharge: 0.4
  Li-ion:
    cost: 160.193
    lifetime: 18.5584
    annual_cost: 8.631832485559102
    efficiency: 0.952653
    discharge_ratio: 2
    depth_of_discharge: 0.9
  Pb-acid:
    cost: 229.956
    lifetime: 13.7692
    annual_cost: 16.700752403915985
    efficiency: 0.723031
    discharge_ratio: 5
    depth_of_discharge: 0.5
  VRBF:
    cost: 286.034
    lifetime: 21.1193
    annual_cost: 13.543725407565592
    efficiency: 0.653579
    discharge_ratio: 0.5
    depth_of_discharge: 1.0
