cost_values:
  wind_capex: 5000.0
  wind_opex: 100
  wind_lifetime: 20
  solar_capex: 1000.0
  solar_opex: 10
  solar_lifetime: 20
  carbon_price: 1.0
timeseries_values:
  load_level: 247200.15776392038
  wind_year: 2011
  solar_year: 2015
  price_year: 2023
  carbon_year: 2023
storage_values:
  CAES:
    cost: 50.4274
    lifetime: 22.8834
    annual_cost: 2.2036672872038245
    efficiency: 0.593208
    discharge_ratio: 0.1
    depth_of_discharge: 0.4
  Li-ion:
    cost: 160.829
    lifetime: 17.0229
    annual_cost: 9.447802665820747
    efficiency: 0.94621
    discharge_ratio: 2
    depth_of_discharge: 0.9
  Pb-acid:
    cost: 214.636
    lifetime: 11.2969
    annual_cost: 18.999548548716902
    efficiency: 0.724064
    discharge_ratio: 5
    depth_of_discharge: 0.5
  VRBF:
    cost: 300.227
    lifetime: 18.2314
    annual_cost: 16.46757791502572
    efficiency: 0.656519
    discharge_ratio: 0.5
    depth_of_discharge: 1.0
