cost_values:
  wind_capex: 5000.0
  wind_opex: 100
  wind_lifetime: 20
  solar_capex: 1000.0
  solar_opex: 10
  solar_lifetime: 20
  carbon_price: 1.0
timeseries_values:
  load_level: 247200.15776392038
  wind_year: 2011
  solar_year: 2015
  price_year: 2023
  carbon_year: 2023
storage_values:
  CAES:
    cost: 54.2664
    lifetime: 22.6843
    annual_cost: 2.3922448565748113
    efficiency: 0.602807
    discharge_ratio: 0.1
    depth_of_discharge: 0.4
  Li-ion:
    cost: 149.71
    lifetime: 18.0244
    annual_cost: 8.305963027895519
    efficiency: 0.949209
    discharge_ratio: 2
    depth_of_discharge: 0.9
  Pb-acid:
    cost: 227.14
    lifetime: 11.8104
    annual_cost: 19.23220212693897
    efficiency: 0.72153
    discharge_ratio: 5
    depth_of_discharge: 0.5
  VRBF:
    cost: 289.601
    lifetime: 21.3191
    annual_cost: 13.584110023406241
    efficiency: 0.657229
    discharge_ratio: 0.5
    depth_of_discharge: 1.0
