cost_values:
  wind_capex: 5000.0
  wind_opex: 100
  wind_lifetime: 20
  solar_capex: 1000.0
  solar_opex: 10
  solar_lifetime: 20
  carbon_price: 1.0
timeseries_values:
  load_level: 247200.15776392038
  wind_year: 2011
  solar_year: 2015
  price_year: 2023
  carbon_year: 2023
storage_values:
  CAES:
    cost: 49.1839
    lifetime: 22.3984
    annual_cost: 2.1958666690477893
    efficiency: 0.607071
    discharge_ratio: 0.1
    depth_of_discharge: 0.4
  Li-ion:
    cost: 139.221
    lifetime: 18.963
    annual_cost: 7.3417180825818695
    efficiency: 0.946244
    discharge_ratio: 2
    depth_of_discharge: 0.9
  Pb-acid:
    cost: 222.625
    lifetime: 12.0891
    annual_cost: 18.41534936430338
    efficiency: 0.718923
    discharge_ratio: 5
    depth_of_discharge: 0.5
  VRBF:
    cost: 320.687
    lifetime: 20.7466
    annual_cost: 15.457327947711914
    efficiency: 0.656238
    discharge_ratio: 0.5
    depth_of_discharge: 1.0
