cost_values:
  wind_capex: 5000.0
  wind_opex: 100
  wind_lifetime: 20
  solar_capex: 1000.0
  solar_opex: 10
  solar_lifetime: 20
  carbon_price: 1.0
timeseries_values:
  load_level: 247200.15776392038
  wind_year: 2011
  solar_year: 2015
  price_year: 2023
  carbon_year: 2023
storage_values:
  CAES:
    cost: 38.7204
    lifetime: 22.5831
    annual_cost: 1.7145741727220796
    efficiency: 0.60535
    discharge_ratio: 0.1
    depth_of_discharge: 0.4
  Li-ion:
    cost: 137.374
    lifetime: 17.2981
    annual_cost: 7.941565836710389
    efficiency: 0.941584
    discharge_ratio: 2
    depth_of_discharge: 0.9
  Pb-acid:
    cost: 220.84
    lifetime: 10.8009
    annual_cost: 20.446444277791667
    efficiency: 0.716132
    discharge_ratio: 5
    depth_of_discharge: 0.5
  VRBF:
    cost: 274.886
    lifetime: 18.9052
    annual_cost: 14.540232317034468
    efficiency: 0.65221
    discharge_ratio: 0.5
    depth_of_discharge: 1.0
