cost_values:
  wind_capex: 5000.0
  wind_opex: 100
  wind_lifetime: 20
  solar_capex: 1000.0
  solar_opex: 10
  solar_lifetime: 20
  carbon_price: 1.0
timeseries_values:
  load_level: 247200.15776392038
  wind_year: 2011
  solar_year: 2015
  price_year: 2023
  carbon_year: 2023
storage_values:
  CAES:
    cost: 48.5176
    lifetime: 22.4894
    annual_cost: 2.157354131279625
    efficiency: 0.598041
    discharge_ratio: 0.1
    depth_of_discharge: 0.4
  Li-ion:
    cost: 153.191
    lifetime: 18.1306
    annual_cost: 8.449306696965351
    efficiency: 0.949182
    discharge_ratio: 2
    depth_of_discharge: 0.9
  Pb-acid:
    cost: 234.929
    lifetime: 10.5438
    annual_cost: 22.281245850642087
    efficiency: 0.712005
    discharge_ratio: 5
    depth_of_discharge: 0.5
  VRBF:
    cost: 312.001
    lifetime: 21.5785
    annual_cost: 14.458882684153208
    efficiency: 0.670885
    discharge_ratio: 0.5
    depth_of_discharge: 1.0
