cost_values:
  wind_capex: 5000.0
  wind_opex: 100
  wind_lifetime: 20
  solar_capex: 1000.0
  solar_opex: 10
  solar_lifetime: 20
  carbon_price: 1.0
timeseries_values:
  load_level: 247200.15776392038
  wind_year: 2011
  solar_year: 2015
  price_year: 2023
  carbon_year: 2023
storage_values:
  CAES:
    cost: 53.448
    lifetime: 23.7242
    annual_cost: 2.2528894546496825
    efficiency: 0.600692
    discharge_ratio: 0.1
    depth_of_discharge: 0.4
  Li-ion:
    cost: 148.41
    lifetime: 18.0089
    annual_cost: 8.240925320258317
    efficiency: 0.956812
    discharge_ratio: 2
    depth_of_discharge: 0.9
  Pb-acid:
    cost: 214.531
    lifetime: 11.4213
    annual_cost: 18.78341344680553
    efficiency: 0.712866
    discharge_ratio: 5
    depth_of_discharge: 0.5
  VRBF:
    cost: 274.813
    lifetime: 21.9564
    annual_cost: 12.516305040899237
    efficiency: 0.655483
    discharge_ratio: 0.5
    depth_of_discharge: 1.0
