cost_values:
  wind_capex: 5000.0
  wind_opex: 100
  wind_lifetime: 20
  solar_capex: 1000.0
  solar_opex: 10
  solar_lifetime: 20
  carbon_price: 1.0
timeseries_values:
  load_level: 247200.15776392038
  wind_year: 2011
  solar_year: 2015
  price_year: 2023
  carbon_year: 2023
storage_values:
  CAES:
    cost: 48.1753
    lifetime: 23.0132
    annual_cost: 2.0933768445935375
    efficiency: 0.596376
    discharge_ratio: 0.1
    depth_of_discharge: 0.4
  Li-ion:
    cost: 128.529
    lifetime: 17.0858
    annual_cost: 7.522562595839821
    efficiency: 0.961563
    discharge_ratio: 2
    depth_of_discharge: 0.9
  Pb-acid:
    cost: 222.347
    lifetime: 13.298
    annual_cost: 16.720333884794705
    efficiency: 0.707892
    discharge_ratio: 5
    depth_of_discharge: 0.5
  VRBF:
    cost: 265.269
    lifetime: 18.0576
    annual_cost: 14.690158160552897
    efficiency: 0.661138
    discharge_ratio: 0.5
    depth_of_discharge: 1.0
