cost_values:
  wind_capex: 5000.0
  wind_opex: 100
  wind_lifetime: 20
  solar_capex: 1000.0
  solar_opex: 10
  solar_lifetime: 20
  carbon_price: 1.0
timeseries_values:
  load_level: 247200.15776392038
  wind_year: 2011
  solar_year: 2015
  price_year: 2023
  carbon_year: 2023
storage_values:
  CAES:
    cost: 45.442
    lifetime: 23.6321
    annual_cost: 1.9228930141629392
    efficiency: 0.600103
    discharge_ratio: 0.1
    depth_of_discharge: 0.4
  Li-ion:
    cost: 143.903
    lifetime: 16.4582
    annual_cost: 8.743544251497733
    efficiency: 0.953341
    discharge_ratio: 2
    depth_of_discharge: 0.9
  Pb-acid:
    cost: 239.115
    lifetime: 11.7064
    annual_cost: 20.42600628715916
    efficiency: 0.723966
    discharge_ratio: 5
    depth_of_discharge: 0.5
  VRBF:
    cost: 279.009
    lifetime: 21.2563
    annual_cost: 13.125943837826904
    efficiency: 0.655729
    discharge_ratio: 0.5
    depth_of_discharge: 1.0
