cost_values:
  wind_capex: 5000.0
  wind_opex: 100
  wind_lifetime: 20
  solar_capex: 1000.0
  solar_opex: 10
  solar_lifetime: 20
  carbon_price: 1.0
timeseries_values:
  load_level: 247200.15776392038
  wind_year: 2011
  solar_year: 2015
  price_year: 2023
  carbon_year: 2023
storage_values:
  CAES:
    cost: 52.755
    lifetime: 22.3858
    annual_cost: 2.3566278623055688
    efficiency: 0.602836
    discharge_ratio: 0.1
    depth_of_discharge: 0.4
  Li-ion:
    cost: 134.742
    lifetime: 16.5975
    annual_cost: 8.118210573881608
    efficiency: 0.950576
    discharge_ratio: 2
    depth_of_discharge: 0.9
  Pb-acid:
    cost: 210.295
    lifetime: 12.128
    annual_cost: 17.339627308707122
    efficiency: 0.716867
    discharge_ratio: 5
    depth_of_discharge: 0.5
  VRBF:
    cost: 321.637
    lifetime: 22.8977
    annual_cost: 14.046694646187172
    efficiency: 0.668938
    discharge_ratio: 0.5
    depth_of_discharge: 1.0
