cost_values:
  wind_capex: 5000.0
  wind_opex: 100
  wind_lifetime: 20
  solar_capex: 1000.0
  solar_opex: 10
  solar_lifetime: 20
  carbon_price: 1.0
timeseries_values:
  load_level: 247200.15776392038
  wind_year: 2011
  solar_year: 2015
  price_year: 2023
  carbon_year: 2023
storage_values:
  CAES:
    cost: 41.3029
    lifetime: 21.9876
    annual_cost: 1.8784633156870236
    efficiency: 0.590859
    discharge_ratio: 0.1
    depth_of_discharge: 0.4
  Li-ion:
    cost: 134.176
    lifetime: 16.9672
    annual_cost: 7.907963600358339
    efficiency: 0.954253
    discharge_ratio: 2
    depth_of_discharge: 0.9
  Pb-acid:
    cost: 224.243
    lifetime: 13.425
    annual_cost: 16.70338919925512
    efficiency: 0.721181
    discharge_ratio: 5
    depth_of_discharge: 0.5
  VRBF:
    cost: 301.586
    lifetime: 19.1372
    annual_cost: 15.759149718872145
    efficiency: 0.672555
    discharge_ratio: 0.5
    depth_of_discharge: 1.0
