cost_values:
  wind_capex: 5000.0
  wind_opex: 100
  wind_lifetime: 20
  solar_capex: 1000.0
  solar_opex: 10
  solar_lifetime: 20
  carbon_price: 1.0
timeseries_values:
  load_level: 247200.15776392038
  wind_year: 2011
  solar_year: 2015
  price_year: 2023
  carbon_year: 2023
storage_values:
  CAES:
    cost: 45.8811
    lifetime: 24.2596
    annual_cost: 1.8912554205345515
    efficiency: 0.602823
    discharge_ratio: 0.1
    depth_of_discharge: 0.4
  Li-ion:
    cost: 144.482
    lifetime: 17.8559
    annual_cost: 8.091555172239989
    efficiency: 0.955781
    discharge_ratio: 2
    depth_of_discharge: 0.9
  Pb-acid:
    cost: 231.077
    lifetime: 12.3526
    annual_cost: 18.70674999595227
    efficiency: 0.72282
    discharge_ratio: 5
    depth_of_discharge: 0.5
  VRBF:
    cost: 305.931
    lifetime: 19.9341
    annual_cost: 15.347118756302013
    efficiency: 0.65065
    discharge_ratio: 0.5
    depth_of_discharge: 1.0
