cost_values:
  wind_capex: 5000.0
  wind_opex: 100
  wind_lifetime: 20
  solar_capex: 1000.0
  solar_opex: 10
  solar_lifetime: 20
  carbon_price: 1.0
timeseries_values:
  load_level: 247200.15776392038
  wind_year: 2011
  solar_year: 2015
  price_year: 2023
  carbon_year: 2023
storage_values:
  CAES:
    cost: 52.665
    lifetime: 23.104
    annual_cost: 2.2794754155124655
    efficiency: 0.595614
    discharge_ratio: 0.1
    depth_of_discharge: 0.4
  Li-ion:
    cost: 140.286
    lifetime: 16.3974
    annual_cost: 8.555380731091514
    efficiency: 0.959871
    discharge_ratio: 2
    depth_of_discharge: 0.9
  Pb-acid:
    cost: 212.45
    lifetime: 9.50337
    annual_cost: 22.35522767186798
    efficiency: 0.736186
    discharge_ratio: 5
    depth_of_discharge: 0.5
  VRBF:
    cost: 278.319
    lifetime: 18.54
    annual_cost: 15.011812297734629
    efficiency: 0.675383
    discharge_ratio: 0.5
    depth_of_discharge: 1.0
