cost_values:
  wind_capex: 5000.0
  wind_opex: 100
  wind_lifetime: 20
  solar_capex: 1000.0
  solar_opex: 10
  solar_lifetime: 20
  carbon_price: 1.0
timeseries_values:
  load_level: 247200.15776392038
  wind_year: 2011
  solar_year: 2015
  price_year: 2023
  carbon_year: 2023
storage_values:
  CAES:
    cost: 53.9537
    lifetime: 23.4317
    annual_cost: 2.302594348681487
    efficiency: 0.603021
    discharge_ratio: 0.1
    depth_of_discharge: 0.4
  Li-ion:
    cost: 148.478
    lifetime: 17.4178
    annual_cost: 8.524497927407594
    efficiency: 0.941162
    discharge_ratio: 2
    depth_of_discharge: 0.9
  Pb-acid:
    cost: 223.504
    lifetime: 11.8985
    annual_cost: 18.784216497877882
    efficiency: 0.713702
    discharge_ratio: 5
    depth_of_discharge: 0.5
  VRBF:
    cost: 292.419
    lifetime: 20.0016
    annual_cost: 14.619780417566593
    efficiency: 0.662581
    discharge_ratio: 0.5
    depth_of_discharge: 1.0
