cost_values:
  wind_capex: 5000.0
  wind_opex: 100
  wind_lifetime: 20
  solar_capex: 1000.0
  solar_opex: 10
  solar_lifetime: 20
  carbon_price: 1.0
timeseries_values:
  load_level: 247200.15776392038
  wind_year: 2011
  solar_year: 2015
  price_year: 2023
  carbon_year: 2023
storage_values:
  CAES:
    cost: 53.2333
    lifetime: 23.1423
    annual_cost: 2.3002596976100045
    efficiency: 0.600998
    discharge_ratio: 0.1
    depth_of_discharge: 0.4
  Li-ion:
    cost: 140.102
    lifetime: 18.7386
    annual_cost: 7.476652471369259
    efficiency: 0.951746
    discharge_ratio: 2
    depth_of_discharge: 0.9
  Pb-acid:
    cost: 228.547
    lifetime: 9.84481
    annual_cost: 23.214973168603557
    efficiency: 0.720424
    discharge_ratio: 5
    depth_of_discharge: 0.5
  VRBF:
    cost: 298.382
    lifetime: 22.5312
    annual_cost: 13.243058514415567
    efficiency: 0.663945
    discharge_ratio: 0.5
    depth_of_discharge: 1.0
