cost_values:
  wind_capex: 5000.0
  wind_opex: 100
  wind_lifetime: 20
  solar_capex: 1000.0
  solar_opex: 10
  solar_lifetime: 20
  carbon_price: 1.0
timeseries_values:
  load_level: 247200.15776392038
  wind_year: 2011
  solar_year: 2015
  price_year: 2023
  carbon_year: 2023
storage_values:
  CAES:
    cost: 45.0472
    lifetime: 23.1414
    annual_cost: 1.9466065147311742
    efficiency: 0.607269
    discharge_ratio: 0.1
    depth_of_discharge: 0.4
  Li-ion:
    cost: 153.801
    lifetime: 19.2449
    annual_cost: 7.991779640320291
    efficiency: 0.943977
    discharge_ratio: 2
    depth_of_discharge: 0.9
  Pb-acid:
    cost: 231.607
    lifetime: 10.4495
    annual_cost: 22.164409780372267
    efficiency: 0.722282
    discharge_ratio: 5
    depth_of_discharge: 0.5
  VRBF:
    cost: 283.577
    lifetime: 19.5514
    annual_cost: 14.504178728888979
    efficiency: 0.653572
    discharge_ratio: 0.5
    depth_of_discharge: 1.0
