cost_values:
  wind_capex: 5000.0
  wind_opex: 100
  wind_lifetime: 20
  solar_capex: 1000.0
  solar_opex: 10
  solar_lifetime: 20
  carbon_price: 1.0
timeseries_values:
  load_level: 247200.15776392038
  wind_year: 2011
  solar_year: 2015
  price_year: 2023
  carbon_year: 2023
storage_values:
  CAES:
    cost: 47.1627
    lifetime: 23.6665
    annual_cost: 1.9928041746772867
    efficiency: 0.603694
    discharge_ratio: 0.1
    depth_of_discharge: 0.4
  Li-ion:
    cost: 160.201
    lifetime: 18.1017
    annual_cost: 8.850052757475817
    efficiency: 0.963618
    discharge_ratio: 2
    depth_of_discharge: 0.9
  Pb-acid:
    cost: 227.476
    lifetime: 10.346
    annual_cost: 21.986854823120048
    efficiency: 0.710095
    discharge_ratio: 5
    depth_of_discharge: 0.5
  VRBF:
    cost: 313.836
    lifetime: 20.1924
    annual_cost: 15.54228323527664
    efficiency: 0.659991
    discharge_ratio: 0.5
    depth_of_discharge: 1.0
