cost_values:
  wind_capex: 5000.0
  wind_opex: 100
  wind_lifetime: 20
  solar_capex: 1000.0
  solar_opex: 10
  solar_lifetime: 20
  carbon_price: 1.0
timeseries_values:
  load_level: 247200.15776392038
  wind_year: 2011
  solar_year: 2015
  price_year: 2023
  carbon_year: 2023
storage_values:
  CAES:
    cost: 50.8508
    lifetime: 22.982
    annual_cost: 2.2126359759812027
    efficiency: 0.602142
    discharge_ratio: 0.1
    depth_of_discharge: 0.4
  Li-ion:
    cost: 153.426
    lifetime: 18.6962
    annual_cost: 8.206266514050983
    efficiency: 0.956056
    discharge_ratio: 2
    depth_of_discharge: 0.9
  Pb-acid:
    cost: 209.438
    lifetime: 11.4339
    annual_cost: 18.31728456607107
    efficiency: 0.702887
    discharge_ratio: 5
    depth_of_discharge: 0.5
  VRBF:
    cost: 280.309
    lifetime: 20.0557
    annual_cost: 13.97652537682554
    efficiency: 0.667487
    discharge_ratio: 0.5
    depth_of_discharge: 1.0
