cost_values:
  wind_capex: 5000.0
  wind_opex: 100
  wind_lifetime: 20
  solar_capex: 1000.0
  solar_opex: 10
  solar_lifetime: 20
  carbon_price: 1.0
timeseries_values:
  load_level: 247200.15776392038
  wind_year: 2011
  solar_year: 2015
  price_year: 2023
  carbon_year: 2023
storage_values:
  CAES:
    cost: 48.966
    lifetime: 23.1663
    annual_cost: 2.113673741598788
    efficiency: 0.597567
    discharge_ratio: 0.1
    depth_of_discharge: 0.4
  Li-ion:
    cost: 146.341
    lifetime: 17.2561
    annual_cost: 8.480537317238543
    efficiency: 0.964488
    discharge_ratio: 2
    depth_of_discharge: 0.9
  Pb-acid:
    cost: 231.638
    lifetime: 13.5764
    annual_cost: 17.061813146342182
    efficiency: 0.717889
    discharge_ratio: 5
    depth_of_discharge: 0.5
  VRBF:
    cost: 326.001
    lifetime: 19.4978
    annual_cost: 16.71988634615187
    efficiency: 0.660472
    discharge_ratio: 0.5
    depth_of_discharge: 1.0
