cost_values:
  wind_capex: 5000.0
  wind_opex: 100
  wind_lifetime: 20
  solar_capex: 1000.0
  solar_opex: 10
  solar_lifetime: 20
  carbon_price: 1.0
timeseries_values:
  load_level: 247200.15776392038
  wind_year: 2011
  solar_year: 2015
  price_year: 2023
  carbon_year: 2023
storage_values:
  CAES:
    cost: 43.046
    lifetime: 23.4003
    annual_cost: 1.8395490656102698
    efficiency: 0.598663
    discharge_ratio: 0.1
    depth_of_discharge: 0.4
  Li-ion:
    cost: 141.999
    lifetime: 17.3849
    annual_cost: 8.167950347715546
    efficiency: 0.947404
    discharge_ratio: 2
    depth_of_discharge: 0.9
  Pb-acid:
    cost: 217.127
    lifetime: 12.0503
    annual_cost: 18.01838958366182
    efficiency: 0.71823
    discharge_ratio: 5
    depth_of_discharge: 0.5
  VRBF:
    cost: 275.848
    lifetime: 21.0104
    annual_cost: 13.129117008719492
    efficiency: 0.653384
    discharge_ratio: 0.5
    depth_of_discharge: 1.0
