cost_values:
  wind_capex: 5000.0
  wind_opex: 100
  wind_lifetime: 20
  solar_capex: 1000.0
  solar_opex: 10
  solar_lifetime: 20
  carbon_price: 1.0
timeseries_values:
  load_level: 247200.15776392038
  wind_year: 2011
  solar_year: 2015
  price_year: 2023
  carbon_year: 2023
storage_values:
  CAES:
    cost: 48.0664
    lifetime: 23.2259
    annual_cost: 2.0695172200000864
    efficiency: 0.602194
    discharge_ratio: 0.1
    depth_of_discharge: 0.4
  Li-ion:
    cost: 146.964
    lifetime: 16.7943
    annual_cost: 8.750826173165896
    efficiency: 0.94732
    discharge_ratio: 2
    depth_of_discharge: 0.9
  Pb-acid:
    cost: 243.034
    lifetime: 12.2206
    annual_cost: 19.887239579071405
    efficiency: 0.706141
    discharge_ratio: 5
    depth_of_discharge: 0.5
  VRBF:
    cost: 277.61
    lifetime: 20.9619
    annual_cost: 13.243551395627305
    efficiency: 0.662318
    discharge_ratio: 0.5
    depth_of_discharge: 1.0
