cost_values:
  wind_capex: 5000.0
  wind_opex: 100
  wind_lifetime: 20
  solar_capex: 1000.0
  solar_opex: 10
  solar_lifetime: 20
  carbon_price: 1.0
timeseries_values:
  load_level: 247200.15776392038
  wind_year: 2011
  solar_year: 2015
  price_year: 2023
  carbon_year: 2023
storage_values:
  CAES:
    cost: 44.8473
    lifetime: 23.9628
    annual_cost: 1.8715383844959685
    efficiency: 0.600988
    discharge_ratio: 0.1
    depth_of_discharge: 0.4
  Li-ion:
    cost: 149.319
    lifetime: 17.4999
    annual_cost: 8.532563043217388
    efficiency: 0.950036
    discharge_ratio: 2
    depth_of_discharge: 0.9
  Pb-acid:
    cost: 212.38
    lifetime: 12.9595
    annual_cost: 16.387977931247345
    efficiency: 0.706605
    discharge_ratio: 5
    depth_of_discharge: 0.5
  VRBF:
    cost: 264.103
    lifetime: 21.26
    annual_cost: 12.4225305738476
    efficiency: 0.657873
    discharge_ratio: 0.5
    depth_of_discharge: 1.0
