cost_values:
  wind_capex: 5000.0
  wind_opex: 100
  wind_lifetime: 20
  solar_capex: 1000.0
  solar_opex: 10
  solar_lifetime: 20
  carbon_price: 1.0
timeseries_values:
  load_level: 247200.15776392038
  wind_year: 2011
  solar_year: 2015
  price_year: 2023
  carbon_year: 2023
storage_values:
  CAES:
    cost: 45.3477
    lifetime: 22.454
    annual_cost: 2.019582257058876
    efficiency: 0.595828
    discharge_ratio: 0.1
    depth_of_discharge: 0.4
  Li-ion:
    cost: 148.54
    lifetime: 17.5072
    annual_cost: 8.484509230488026
    efficiency: 0.942003
    discharge_ratio: 2
    depth_of_discharge: 0.9
  Pb-acid:
    cost: 231.92
    lifetime: 11.2029
    annual_cost: 20.701782574154905
    efficiency: 0.707755
    discharge_ratio: 5
    depth_of_discharge: 0.5
  VRBF:
    cost: 290.19
    lifetime: 19.6391
    annual_cost: 14.77613536261845
    efficiency: 0.667146
    discharge_ratio: 0.5
    depth_of_discharge: 1.0
