cost_values:
  wind_capex: 5000.0
  wind_opex: 100
  wind_lifetime: 20
  solar_capex: 1000.0
  solar_opex: 10
  solar_lifetime: 20
  carbon_price: 1.0
timeseries_values:
  load_level: 247200.15776392038
  wind_year: 2011
  solar_year: 2015
  price_year: 2023
  carbon_year: 2023
storage_values:
  CAES:
    cost: 50.6061
    lifetime: 22.6542
    annual_cost: 2.233850676695712
    efficiency: 0.598346
    discharge_ratio: 0.1
    depth_of_discharge: 0.4
  Li-ion:
    cost: 154.233
    lifetime: 17.7606
    annual_cost: 8.683997162258033
    efficiency: 0.960345
    discharge_ratio: 2
    depth_of_discharge: 0.9
  Pb-acid:
    cost: 219.535
    lifetime: 10.3702
    annual_cost: 21.169794218047866
    efficiency: 0.724941
    discharge_ratio: 5
    depth_of_discharge: 0.5
  VRBF:
    cost: 268.043
    lifetime: 21.0984
    annual_cost: 12.704423084214916
    efficiency: 0.685077
    discharge_ratio: 0.5
    depth_of_discharge: 1.0
