cost_values:
  wind_capex: 5000.0
  wind_opex: 100
  wind_lifetime: 20
  solar_capex: 1000.0
  solar_opex: 10
  solar_lifetime: 20
  carbon_price: 1.0
timeseries_values:
  load_level: 247200.15776392038
  wind_year: 2011
  solar_year: 2015
  price_year: 2023
  carbon_year: 2023
storage_values:
  CAES:
    cost: 47.1631
    lifetime: 23.9386
    annual_cost: 1.9701695170143616
    efficiency: 0.598065
    discharge_ratio: 0.1
    depth_of_discharge: 0.4
  Li-ion:
    cost: 151.543
    lifetime: 18.3943
    annual_cost: 8.238584778980444
    efficiency: 0.933316
    discharge_ratio: 2
    depth_of_discharge: 0.9
  Pb-acid:
    cost: 221.664
    lifetime: 11.0391
    annual_cost: 20.079897817756883
    efficiency: 0.729439
    discharge_ratio: 5
    depth_of_discharge: 0.5
  VRBF:
    cost: 281.257
    lifetime: 19.8083
    annual_cost: 14.198946906094921
    efficiency: 0.653534
    discharge_ratio: 0.5
    depth_of_discharge: 1.0
