cost_values:
  wind_capex: 5000.0
  wind_opex: 100
  wind_lifetime: 20
  solar_capex: 1000.0
  solar_opex: 10
  solar_lifetime: 20
  carbon_price: 1.0
timeseries_values:
  load_level: 247200.15776392038
  wind_year: 2011
  solar_year: 2015
  price_year: 2023
  carbon_year: 2023
storage_values:
  CAES:
    cost: 39.3611
    lifetime: 23.6502
    annual_cost: 1.6643030502913294
    efficiency: 0.595068
    discharge_ratio: 0.1
    depth_of_discharge: 0.4
  Li-ion:
    cost: 161.284
    lifetime: 15.2509
    annual_cost: 10.575375879456294
    efficiency: 0.940702
    discharge_ratio: 2
    depth_of_discharge: 0.9
  Pb-acid:
    cost: 209.831
    lifetime: 11.603
    annual_cost: 18.084202361458242
    efficiency: 0.712454
    discharge_ratio: 5
    depth_of_discharge: 0.5
  VRBF:
    cost: 333.372
    lifetime: 21.2973
    annual_cost: 15.653251820653322
    efficiency: 0.65448
    discharge_ratio: 0.5
    depth_of_discharge: 1.0
