cost_values:
  wind_capex: 5000.0
  wind_opex: 100
  wind_lifetime: 20
  solar_capex: 1000.0
  solar_opex: 10
  solar_lifetime: 20
  carbon_price: 1.0
timeseries_values:
  load_level: 247200.15776392038
  wind_year: 2011
  solar_year: 2015
  price_year: 2023
  carbon_year: 2023
storage_values:
  CAES:
    cost: 41.9819
    lifetime: 22.8884
    annual_cost: 1.8341998566959683
    efficiency: 0.598937
    discharge_ratio: 0.1
    depth_of_discharge: 0.4
  Li-ion:
    cost: 146.5
    lifetime: 16.5639
    annual_cost: 8.844535405309136
    efficiency: 0.95632
    discharge_ratio: 2
    depth_of_discharge: 0.9
  Pb-acid:
    cost: 205.074
    lifetime: 11.8128
    annual_cost: 17.36032100772044
    efficiency: 0.719147
    discharge_ratio: 5
    depth_of_discharge: 0.5
  VRBF:
    cost: 299.265
    lifetime: 21.6638
    annual_cost: 13.814058475429057
    efficiency: 0.675229
    discharge_ratio: 0.5
    depth_of_discharge: 1.0
