cost_values:
  wind_capex: 5000.0
  wind_opex: 100
  wind_lifetime: 20
  solar_capex: 1000.0
  solar_opex: 10
  solar_lifetime: 20
  carbon_price: 1.0
timeseries_values:
  load_level: 247200.15776392038
  wind_year: 2011
  solar_year: 2015
  price_year: 2023
  carbon_year: 2023
storage_values:
  CAES:
    cost: 50.6578
    lifetime: 23.8145
    annual_cost: 2.1271830187490814
    efficiency: 0.593145
    discharge_ratio: 0.1
    depth_of_discharge: 0.4
  Li-ion:
    cost: 145.392
    lifetime: 17.7429
    annual_cost: 8.19437634208613
    efficiency: 0.953966
    discharge_ratio: 2
    depth_of_discharge: 0.9
  Pb-acid:
    cost: 240.832
    lifetime: 12.2713
    annual_cost: 19.625630536291997
    efficiency: 0.721933
    discharge_ratio: 5
    depth_of_discharge: 0.5
  VRBF:
    cost: 299.843
    lifetime: 18.573
    annual_cost: 16.144026274699833
    efficiency: 0.65561
    discharge_ratio: 0.5
    depth_of_discharge: 1.0
