cost_values:
  wind_capex: 5000.0
  wind_opex: 100
  wind_lifetime: 20
  solar_capex: 1000.0
  solar_opex: 10
  solar_lifetime: 20
  carbon_price: 1.0
timeseries_values:
  load_level: 247200.15776392038
  wind_year: 2011
  solar_year: 2015
  price_year: 2023
  carbon_year: 2023
storage_values:
  CAES:
    cost: 37.0997
    lifetime: 23.9194
    annual_cost: 1.551029708103046
    efficiency: 0.594239
    discharge_ratio: 0.1
    depth_of_discharge: 0.4
  Li-ion:
    cost: 143.263
    lifetime: 15.6554
    annual_cost: 9.151027760389386
    efficiency: 0.942926
    discharge_ratio: 2
    depth_of_discharge: 0.9
  Pb-acid:
    cost: 237.341
    lifetime: 11.0892
    annual_cost: 21.40289651192151
    efficiency: 0.72115
    discharge_ratio: 5
    depth_of_discharge: 0.5
  VRBF:
    cost: 299.981
    lifetime: 21.3923
    annual_cost: 14.022849342987898
    efficiency: 0.674099
    discharge_ratio: 0.5
    depth_of_discharge: 1.0
