cost_values:
  wind_capex: 5000.0
  wind_opex: 100
  wind_lifetime: 20
  solar_capex: 1000.0
  solar_opex: 10
  solar_lifetime: 20
  carbon_price: 1.0
timeseries_values:
  load_level: 247200.15776392038
  wind_year: 2011
  solar_year: 2015
  price_year: 2023
  carbon_year: 2023
storage_values:
  CAES:
    cost: 51.857
    lifetime: 23.6652
    annual_cost: 2.1912766424961547
    efficiency: 0.592441
    discharge_ratio: 0.1
    depth_of_discharge: 0.4
  Li-ion:
    cost: 154.633
    lifetime: 19.1074
    annual_cost: 8.09283314318013
    efficiency: 0.952454
    discharge_ratio: 2
    depth_of_discharge: 0.9
  Pb-acid:
    cost: 228.994
    lifetime: 11.8873
    annual_cost: 19.263752071538534
    efficiency: 0.712996
    discharge_ratio: 5
    depth_of_discharge: 0.5
  VRBF:
    cost: 269.386
    lifetime: 22.8749
    annual_cost: 11.7764886403875
    efficiency: 0.65975
    discharge_ratio: 0.5
    depth_of_discharge: 1.0
