cost_values:
  wind_capex: 5000.0
  wind_opex: 100
  wind_lifetime: 20
  solar_capex: 1000.0
  solar_opex: 10
  solar_lifetime: 20
  carbon_price: 1.0
timeseries_values:
  load_level: 247200.15776392038
  wind_year: 2011
  solar_year: 2015
  price_year: 2023
  carbon_year: 2023
storage_values:
  CAES:
    cost: 45.7003
    lifetime: 23.9714
    annual_cost: 1.9064510207997865
    efficiency: 0.59714
    discharge_ratio: 0.1
    depth_of_discharge: 0.4
  Li-ion:
    cost: 160.821
    lifetime: 17.4873
    annual_cost: 9.196445420390797
    efficiency: 0.95375
    discharge_ratio: 2
    depth_of_discharge: 0.9
  Pb-acid:
    cost: 225.331
    lifetime: 10.9959
    annual_cost: 20.49227439318291
    efficiency: 0.725037
    discharge_ratio: 5
    depth_of_discharge: 0.5
  VRBF:
    cost: 313.126
    lifetime: 21.4621
    annual_cost: 14.58971862026549
    efficiency: 0.650586
    discharge_ratio: 0.5
    depth_of_discharge: 1.0
