cost_values:
  wind_capex: 5000.0
  wind_opex: 100
  wind_lifetime: 20
  solar_capex: 1000.0
  solar_opex: 10
  solar_lifetime: 20
  carbon_price: 1.0
timeseries_values:
  load_level: 247200.15776392038
  wind_year: 2011
  solar_year: 2015
  price_year: 2023
  carbon_year: 2023
storage_values:
  CAES:
    cost: 42.0249
    lifetime: 22.3671
    annual_cost: 1.8788711992167066
    efficiency: 0.600909
    discharge_ratio: 0.1
    depth_of_discharge: 0.4
  Li-ion:
    cost: 151.278
    lifetime: 19.3112
    annual_cost: 7.833692365052404
    efficiency: 0.958953
    discharge_ratio: 2
    depth_of_discharge: 0.9
  Pb-acid:
    cost: 244.937
    lifetime: 10.9624
    annual_cost: 22.3433737137853
    efficiency: 0.729491
    discharge_ratio: 5
    depth_of_discharge: 0.5
  VRBF:
    cost: 278.929
    lifetime: 22.8969
    annual_cost: 12.181954762435089
    efficiency: 0.650101
    discharge_ratio: 0.5
    depth_of_discharge: 1.0
