cost_values:
  wind_capex: 5000.0
  wind_opex: 100
  wind_lifetime: 20
  solar_capex: 1000.0
  solar_opex: 10
  solar_lifetime: 20
  carbon_price: 1.0
timeseries_values:
  load_level: 247200.15776392038
  wind_year: 2011
  solar_year: 2015
  price_year: 2023
  carbon_year: 2023
storage_values:
  CAES:
    cost: 40.6476
    lifetime: 23.2185
    annual_cost: 1.7506557271141545
    efficiency: 0.594408
    discharge_ratio: 0.1
    depth_of_discharge: 0.4
  Li-ion:
    cost: 151.493
    lifetime: 17.8219
    annual_cost: 8.500384358570074
    efficiency: 0.947599
    discharge_ratio: 2
    depth_of_discharge: 0.9
  Pb-acid:
    cost: 214.04
    lifetime: 11.1364
    annual_cost: 19.219855608634745
    efficiency: 0.703975
    discharge_ratio: 5
    depth_of_discharge: 0.5
  VRBF:
    cost: 312.078
    lifetime: 20.553
    annual_cost: 15.184060721062616
    efficiency: 0.668539
    discharge_ratio: 0.5
    depth_of_discharge: 1.0
