cost_values:
  wind_capex: 5000.0
  wind_opex: 100
  wind_lifetime: 20
  solar_capex: 1000.0
  solar_opex: 10
  solar_lifetime: 20
  carbon_price: 1.0
timeseries_values:
  load_level: 247200.15776392038
  wind_year: 2011
  solar_year: 2015
  price_year: 2023
  carbon_year: 2023
storage_values:
  CAES:
    cost: 47.2901
    lifetime: 23.9526
    annual_cost: 1.9743201155615675
    efficiency: 0.599464
    discharge_ratio: 0.1
    depth_of_discharge: 0.4
  Li-ion:
    cost: 136.845
    lifetime: 17.3796
    annual_cost: 7.873886625699096
    efficiency: 0.937673
    discharge_ratio: 2
    depth_of_discharge: 0.9
  Pb-acid:
    cost: 219.052
    lifetime: 10.0711
    annual_cost: 21.75055356415883
    efficiency: 0.719856
    discharge_ratio: 5
    depth_of_discharge: 0.5
  VRBF:
    cost: 289.794
    lifetime: 22.5875
    annual_cost: 12.82983951300498
    efficiency: 0.662241
    discharge_ratio: 0.5
    depth_of_discharge: 1.0
