cost_values:
  wind_capex: 5000.0
  wind_opex: 100
  wind_lifetime: 20
  solar_capex: 1000.0
  solar_opex: 10
  solar_lifetime: 20
  carbon_price: 1.0
timeseries_values:
  load_level: 247200.15776392038
  wind_year: 2011
  solar_year: 2015
  price_year: 2023
  carbon_year: 2023
storage_values:
  CAES:
    cost: 57.3607
    lifetime: 23.4208
    annual_cost: 2.4491349569613337
    efficiency: 0.601143
    discharge_ratio: 0.1
    depth_of_discharge: 0.4
  Li-ion:
    cost: 161.132
    lifetime: 16.9243
    annual_cost: 9.520748273192984
    efficiency: 0.951933
    discharge_ratio: 2
    depth_of_discharge: 0.9
  Pb-acid:
    cost: 218.722
    lifetime: 12.0374
    annual_cost: 18.17020286772891
    efficiency: 0.721473
    discharge_ratio: 5
    depth_of_discharge: 0.5
  VRBF:
    cost: 318.842
    lifetime: 19.5602
    annual_cost: 16.300549074140346
    efficiency: 0.655258
    discharge_ratio: 0.5
    depth_of_discharge: 1.0
