cost_values:
  wind_capex: 5000.0
  wind_opex: 100
  wind_lifetime: 20
  solar_capex: 1000.0
  solar_opex: 10
  solar_lifetime: 20
  carbon_price: 1.0
timeseries_values:
  load_level: 247200.15776392038
  wind_year: 2011
  solar_year: 2015
  price_year: 2023
  carbon_year: 2023
storage_values:
  CAES:
    cost: 53.8144
    lifetime: 23.1047
    annual_cost: 2.329153808532463
    efficiency: 0.597642
    discharge_ratio: 0.1
    depth_of_discharge: 0.4
  Li-ion:
    cost: 152.082
    lifetime: 16.8597
    annual_cost: 9.02044520365131
    efficiency: 0.942141
    discharge_ratio: 2
    depth_of_discharge: 0.9
  Pb-acid:
    cost: 218.606
    lifetime: 11.9884
    annual_cost: 18.23479363384605
    efficiency: 0.71899
    discharge_ratio: 5
    depth_of_discharge: 0.5
  VRBF:
    cost: 279.484
    lifetime: 19.9964
    annual_cost: 13.97671580884559
    efficiency: 0.650584
    discharge_ratio: 0.5
    depth_of_discharge: 1.0
