cost_values:
  wind_capex: 5000.0
  wind_opex: 100
  wind_lifetime: 20
  solar_capex: 1000.0
  solar_opex: 10
  solar_lifetime: 20
  carbon_price: 1.0
timeseries_values:
  load_level: 247200.15776392038
  wind_year: 2011
  solar_year: 2015
  price_year: 2023
  carbon_year: 2023
storage_values:
  CAES:
    cost: 50.2924
    lifetime: 22.9464
    annual_cost: 2.1917337795906984
    efficiency: 0.602708
    discharge_ratio: 0.1
    depth_of_discharge: 0.4
  Li-ion:
    cost: 156.485
    lifetime: 18.8987
    annual_cost: 8.28019916713848
    efficiency: 0.951891
    discharge_ratio: 2
    depth_of_discharge: 0.9
  Pb-acid:
    cost: 218.746
    lifetime: 11.9662
    annual_cost: 18.280322909528504
    efficiency: 0.744005
    discharge_ratio: 5
    depth_of_discharge: 0.5
  VRBF:
    cost: 311.155
    lifetime: 20.0009
    annual_cost: 15.557049932753024
    efficiency: 0.651158
    discharge_ratio: 0.5
    depth_of_discharge: 1.0
