cost_values:
  wind_capex: 5000.0
  wind_opex: 100
  wind_lifetime: 20
  solar_capex: 1000.0
  solar_opex: 10
  solar_lifetime: 20
  carbon_price: 1.0
timeseries_values:
  load_level: 247200.15776392038
  wind_year: 2011
  solar_year: 2015
  price_year: 2023
  carbon_year: 2023
storage_values:
  CAES:
    cost: 49.5868
    lifetime: 23.0905
    annual_cost: 2.1474978887421234
    efficiency: 0.601403
    discharge_ratio: 0.1
    depth_of_discharge: 0.4
  Li-ion:
    cost: 159.328
    lifetime: 18.3262
    annual_cost: 8.694000938547
    efficiency: 0.933178
    discharge_ratio: 2
    depth_of_discharge: 0.9
  Pb-acid:
    cost: 243.364
    lifetime: 9.34744
    annual_cost: 26.035363693160907
    efficiency: 0.709085
    discharge_ratio: 5
    depth_of_discharge: 0.5
  VRBF:
    cost: 300.595
    lifetime: 18.6152
    annual_cost: 16.147825432979502
    efficiency: 0.658798
    discharge_ratio: 0.5
    depth_of_discharge: 1.0
