cost_values:
  wind_capex: 5000.0
  wind_opex: 100
  wind_lifetime: 20
  solar_capex: 1000.0
  solar_opex: 10
  solar_lifetime: 20
  carbon_price: 1.0
timeseries_values:
  load_level: 247200.15776392038
  wind_year: 2011
  solar_year: 2015
  price_year: 2023
  carbon_year: 2023
storage_values:
  CAES:
    cost: 47.0795
    lifetime: 23.4736
    annual_cost: 2.005636118873969
    efficiency: 0.60723
    discharge_ratio: 0.1
    depth_of_discharge: 0.4
  Li-ion:
    cost: 149.861
    lifetime: 17.2535
    annual_cost: 8.685831860202278
    efficiency: 0.958678
    discharge_ratio: 2
    depth_of_discharge: 0.9
  Pb-acid:
    cost: 228.337
    lifetime: 9.79413
    annual_cost: 23.31365828307364
    efficiency: 0.716896
    discharge_ratio: 5
    depth_of_discharge: 0.5
  VRBF:
    cost: 293.751
    lifetime: 22.4331
    annual_cost: 13.094534415662569
    efficiency: 0.652
    discharge_ratio: 0.5
    depth_of_discharge: 1.0
