cost_values:
  wind_capex: 5000.0
  wind_opex: 100
  wind_lifetime: 20
  solar_capex: 1000.0
  solar_opex: 10
  solar_lifetime: 20
  carbon_price: 1.0
timeseries_values:
  load_level: 247200.15776392038
  wind_year: 2011
  solar_year: 2015
  price_year: 2023
  carbon_year: 2023
storage_values:
  CAES:
    cost: 50.6024
    lifetime: 23.104
    annual_cost: 2.190200831024931
    efficiency: 0.599524
    discharge_ratio: 0.1
    depth_of_discharge: 0.4
  Li-ion:
    cost: 151.075
    lifetime: 16.205
    annual_cost: 9.322739895094108
    efficiency: 0.947314
    discharge_ratio: 2
    depth_of_discharge: 0.9
  Pb-acid:
    cost: 217.648
    lifetime: 10.6646
    annual_cost: 20.408454137989235
    efficiency: 0.710515
    discharge_ratio: 5
    depth_of_discharge: 0.5
  VRBF:
    cost: 284.987
    lifetime: 20.4602
    annual_cost: 13.928847225344816
    efficiency: 0.665826
    discharge_ratio: 0.5
    depth_of_discharge: 1.0
