cost_values:
  wind_capex: 5000.0
  wind_opex: 100
  wind_lifetime: 20
  solar_capex: 1000.0
  solar_opex: 10
  solar_lifetime: 20
  carbon_price: 1.0
timeseries_values:
  load_level: 257162.56340274966
  wind_year: 2017
  solar_year: 2016
  price_year: 2023
  carbon_year: 2023
storage_values:
  CAES:
    cost: 57.0635
    lifetime: 25.8551
    annual_cost: 2.207050059756102
    efficiency: 0.609509
    discharge_ratio: 0.1
    depth_of_discharge: 0.4
  Li-ion:
    cost: 183.717
    lifetime: 23.2803
    annual_cost: 7.89152201646886
    efficiency: 0.914054
    discharge_ratio: 2
    depth_of_discharge: 0.9
  Pb-acid:
    cost: 151.527
    lifetime: 14.9614
    annual_cost: 10.12786236582138
    efficiency: 0.712292
    discharge_ratio: 5
    depth_of_discharge: 0.5
  VRBF:
    cost: 176.016
    lifetime: 13.105
    annual_cost: 13.431209462037389
    efficiency: 0.806216
    discharge_ratio: 0.5
    depth_of_discharge: 1.0
