cost_values:
  wind_capex: 5000.0
  wind_opex: 100
  wind_lifetime: 20
  solar_capex: 1000.0
  solar_opex: 10
  solar_lifetime: 20
  carbon_price: 1.0
timeseries_values:
  load_level: 257162.56340274966
  wind_year: 2017
  solar_year: 2016
  price_year: 2023
  carbon_year: 2023
storage_values:
  CAES:
    cost: 56.3949
    lifetime: 25.7426
    annual_cost: 2.190722770815691
    efficiency: 0.615713
    discharge_ratio: 0.1
    depth_of_discharge: 0.4
  Li-ion:
    cost: 208.668
    lifetime: 26.4704
    annual_cost: 7.883069390715667
    efficiency: 0.922839
    discharge_ratio: 2
    depth_of_discharge: 0.9
  Pb-acid:
    cost: 134.446
    lifetime: 14.2257
    annual_cost: 9.450923328904729
    efficiency: 0.723187
    discharge_ratio: 5
    depth_of_discharge: 0.5
  VRBF:
    cost: 183.151
    lifetime: 12.283
    annual_cost: 14.910933810958236
    efficiency: 0.78328
    discharge_ratio: 0.5
    depth_of_discharge: 1.0
