cost_values:
  wind_capex: 5000.0
  wind_opex: 100
  wind_lifetime: 20
  solar_capex: 1000.0
  solar_opex: 10
  solar_lifetime: 20
  carbon_price: 1.0
timeseries_values:
  load_level: 257162.56340274966
  wind_year: 2017
  solar_year: 2016
  price_year: 2023
  carbon_year: 2023
storage_values:
  CAES:
    cost: 51.2296
    lifetime: 26.176
    annual_cost: 1.9571210268948656
    efficiency: 0.614909
    discharge_ratio: 0.1
    depth_of_discharge: 0.4
  Li-ion:
    cost: 194.336
    lifetime: 23.7902
    annual_cost: 8.168741750804955
    efficiency: 0.917208
    discharge_ratio: 2
    depth_of_discharge: 0.9
  Pb-acid:
    cost: 139.63
    lifetime: 15.2749
    annual_cost: 9.141140040196662
    efficiency: 0.709519
    discharge_ratio: 5
    depth_of_discharge: 0.5
  VRBF:
    cost: 166.901
    lifetime: 14.553
    annual_cost: 11.468494468494468
    efficiency: 0.79358
    discharge_ratio: 0.5
    depth_of_discharge: 1.0
