cost_values:
  wind_capex: 5000.0
  wind_opex: 100
  wind_lifetime: 20
  solar_capex: 1000.0
  solar_opex: 10
  solar_lifetime: 20
  carbon_price: 1.0
timeseries_values:
  load_level: 257162.56340274966
  wind_year: 2017
  solar_year: 2016
  price_year: 2023
  carbon_year: 2023
storage_values:
  CAES:
    cost: 56.8204
    lifetime: 25.5035
    annual_cost: 2.2279451839943536
    efficiency: 0.611144
    discharge_ratio: 0.1
    depth_of_discharge: 0.4
  Li-ion:
    cost: 199.727
    lifetime: 25.8305
    annual_cost: 7.732215791409381
    efficiency: 0.901
    discharge_ratio: 2
    depth_of_discharge: 0.9
  Pb-acid:
    cost: 138.245
    lifetime: 15.9941
    annual_cost: 8.643499790547764
    efficiency: 0.71172
    discharge_ratio: 5
    depth_of_discharge: 0.5
  VRBF:
    cost: 158.432
    lifetime: 12.5809
    annual_cost: 12.59305773036905
    efficiency: 0.795627
    discharge_ratio: 0.5
    depth_of_discharge: 1.0
