cost_values:
  wind_capex: 5000.0
  wind_opex: 100
  wind_lifetime: 20
  solar_capex: 1000.0
  solar_opex: 10
  solar_lifetime: 20
  carbon_price: 1.0
timeseries_values:
  load_level: 257162.56340274966
  wind_year: 2017
  solar_year: 2016
  price_year: 2023
  carbon_year: 2023
storage_values:
  CAES:
    cost: 53.0612
    lifetime: 25.3537
    annual_cost: 2.092838520610404
    efficiency: 0.609705
    discharge_ratio: 0.1
    depth_of_discharge: 0.4
  Li-ion:
    cost: 222.554
    lifetime: 26.0018
    annual_cost: 8.55917667238422
    efficiency: 0.928435
    discharge_ratio: 2
    depth_of_discharge: 0.9
  Pb-acid:
    cost: 154.43
    lifetime: 14.9418
    annual_cost: 10.335434820436628
    efficiency: 0.731494
    discharge_ratio: 5
    depth_of_discharge: 0.5
  VRBF:
    cost: 162.096
    lifetime: 14.9703
    annual_cost: 10.827839121460492
    efficiency: 0.790496
    discharge_ratio: 0.5
    depth_of_discharge: 1.0
