cost_values:
  wind_capex: 5000.0
  wind_opex: 100
  wind_lifetime: 20
  solar_capex: 1000.0
  solar_opex: 10
  solar_lifetime: 20
  carbon_price: 1.0
timeseries_values:
  load_level: 257162.56340274966
  wind_year: 2017
  solar_year: 2016
  price_year: 2023
  carbon_year: 2023
storage_values:
  CAES:
    cost: 49.1018
    lifetime: 26.2032
    annual_cost: 1.873885632289186
    efficiency: 0.617784
    discharge_ratio: 0.1
    depth_of_discharge: 0.4
  Li-ion:
    cost: 221.718
    lifetime: 25.9414
    annual_cost: 8.546878734378252
    efficiency: 0.914988
    discharge_ratio: 2
    depth_of_discharge: 0.9
  Pb-acid:
    cost: 147.193
    lifetime: 15.2169
    annual_cost: 9.672995156700773
    efficiency: 0.726433
    discharge_ratio: 5
    depth_of_discharge: 0.5
  VRBF:
    cost: 198.586
    lifetime: 12.7483
    annual_cost: 15.577449542291914
    efficiency: 0.776469
    discharge_ratio: 0.5
    depth_of_discharge: 1.0
