cost_values:
  wind_capex: 5000.0
  wind_opex: 100
  wind_lifetime: 20
  solar_capex: 1000.0
  solar_opex: 10
  solar_lifetime: 20
  carbon_price: 1.0
timeseries_values:
  load_level: 257162.56340274966
  wind_year: 2017
  solar_year: 2016
  price_year: 2023
  carbon_year: 2023
storage_values:
  CAES:
    cost: 58.0136
    lifetime: 26.5223
    annual_cost: 2.1873517756755634
    efficiency: 0.617671
    discharge_ratio: 0.1
    depth_of_discharge: 0.4
  Li-ion:
    cost: 208.778
    lifetime: 25.1846
    annual_cost: 8.289907324317241
    efficiency: 0.920225
    discharge_ratio: 2
    depth_of_discharge: 0.9
  Pb-acid:
    cost: 134.744
    lifetime: 14.5882
    annual_cost: 9.236506217353751
    efficiency: 0.726226
    discharge_ratio: 5
    depth_of_discharge: 0.5
  VRBF:
    cost: 194.835
    lifetime: 11.4868
    annual_cost: 16.961642929275342
    efficiency: 0.77772
    discharge_ratio: 0.5
    depth_of_discharge: 1.0
