cost_values:
  wind_capex: 5000.0
  wind_opex: 100
  wind_lifetime: 20
  solar_capex: 1000.0
  solar_opex: 10
  solar_lifetime: 20
  carbon_price: 1.0
timeseries_values:
  load_level: 257162.56340274966
  wind_year: 2017
  solar_year: 2016
  price_year: 2023
  carbon_year: 2023
storage_values:
  CAES:
    cost: 53.0259
    lifetime: 26.2023
    annual_cost: 2.0237116589001727
    efficiency: 0.611531
    discharge_ratio: 0.1
    depth_of_discharge: 0.4
  Li-ion:
    cost: 177.038
    lifetime: 26.0544
    annual_cost: 6.7949367477278315
    efficiency: 0.918133
    discharge_ratio: 2
    depth_of_discharge: 0.9
  Pb-acid:
    cost: 138.204
    lifetime: 15.9362
    annual_cost: 8.672330919541674
    efficiency: 0.716173
    discharge_ratio: 5
    depth_of_discharge: 0.5
  VRBF:
    cost: 130.748
    lifetime: 12.1733
    annual_cost: 10.740555149384308
    efficiency: 0.785324
    discharge_ratio: 0.5
    depth_of_discharge: 1.0
