cost_values:
  wind_capex: 5000.0
  wind_opex: 100
  wind_lifetime: 20
  solar_capex: 1000.0
  solar_opex: 10
  solar_lifetime: 20
  carbon_price: 1.0
timeseries_values:
  load_level: 257162.56340274966
  wind_year: 2017
  solar_year: 2016
  price_year: 2023
  carbon_year: 2023
storage_values:
  CAES:
    cost: 49.8739
    lifetime: 25.6297
    annual_cost: 1.9459416224146204
    efficiency: 0.613985
    discharge_ratio: 0.1
    depth_of_discharge: 0.4
  Li-ion:
    cost: 211.005
    lifetime: 24.4201
    annual_cost: 8.640628007256316
    efficiency: 0.925945
    discharge_ratio: 2
    depth_of_discharge: 0.9
  Pb-acid:
    cost: 152.403
    lifetime: 15.685
    annual_cost: 9.716480714058017
    efficiency: 0.723799
    discharge_ratio: 5
    depth_of_discharge: 0.5
  VRBF:
    cost: 176.833
    lifetime: 12.9816
    annual_cost: 13.621818573981635
    efficiency: 0.793315
    discharge_ratio: 0.5
    depth_of_discharge: 1.0
