cost_values:
  wind_capex: 5000.0
  wind_opex: 100
  wind_lifetime: 20
  solar_capex: 1000.0
  solar_opex: 10
  solar_lifetime: 20
  carbon_price: 1.0
timeseries_values:
  load_level: 257162.56340274966
  wind_year: 2017
  solar_year: 2016
  price_year: 2023
  carbon_year: 2023
storage_values:
  CAES:
    cost: 64.152
    lifetime: 26.9686
    annual_cost: 2.3787664172407914
    efficiency: 0.61764
    discharge_ratio: 0.1
    depth_of_discharge: 0.4
  Li-ion:
    cost: 214.392
    lifetime: 24.7113
    annual_cost: 8.675868934455087
    efficiency: 0.913546
    discharge_ratio: 2
    depth_of_discharge: 0.9
  Pb-acid:
    cost: 138.931
    lifetime: 15.0423
    annual_cost: 9.236021087200761
    efficiency: 0.721248
    discharge_ratio: 5
    depth_of_discharge: 0.5
  VRBF:
    cost: 197.132
    lifetime: 12.0247
    annual_cost: 16.393922509501277
    efficiency: 0.768419
    discharge_ratio: 0.5
    depth_of_discharge: 1.0
