cost_values:
  wind_capex: 5000.0
  wind_opex: 100
  wind_lifetime: 20
  solar_capex: 1000.0
  solar_opex: 10
  solar_lifetime: 20
  carbon_price: 1.0
timeseries_values:
  load_level: 257162.56340274966
  wind_year: 2017
  solar_year: 2016
  price_year: 2023
  carbon_year: 2023
storage_values:
  CAES:
    cost: 52.6644
    lifetime: 26.6244
    annual_cost: 1.9780502095821877
    efficiency: 0.617519
    discharge_ratio: 0.1
    depth_of_discharge: 0.4
  Li-ion:
    cost: 193.506
    lifetime: 23.3995
    annual_cost: 8.269663881706874
    efficiency: 0.91427
    discharge_ratio: 2
    depth_of_discharge: 0.9
  Pb-acid:
    cost: 132.649
    lifetime: 14.7278
    annual_cost: 9.00670840179796
    efficiency: 0.711077
    discharge_ratio: 5
    depth_of_discharge: 0.5
  VRBF:
    cost: 179.915
    lifetime: 13.4163
    annual_cost: 13.410180153991785
    efficiency: 0.78485
    discharge_ratio: 0.5
    depth_of_discharge: 1.0
