cost_values:
  wind_capex: 5000.0
  wind_opex: 100
  wind_lifetime: 20
  solar_capex: 1000.0
  solar_opex: 10
  solar_lifetime: 20
  carbon_price: 1.0
timeseries_values:
  load_level: 257162.56340274966
  wind_year: 2017
  solar_year: 2016
  price_year: 2023
  carbon_year: 2023
storage_values:
  CAES:
    cost: 49.258
    lifetime: 26.083
    annual_cost: 1.8885097573131928
    efficiency: 0.616674
    discharge_ratio: 0.1
    depth_of_discharge: 0.4
  Li-ion:
    cost: 219.793
    lifetime: 24.5933
    annual_cost: 8.937108887379896
    efficiency: 0.91944
    discharge_ratio: 2
    depth_of_discharge: 0.9
  Pb-acid:
    cost: 142.682
    lifetime: 15.9939
    annual_cost: 8.921026141216338
    efficiency: 0.708391
    discharge_ratio: 5
    depth_of_discharge: 0.5
  VRBF:
    cost: 157.215
    lifetime: 11.0494
    annual_cost: 14.228374391369668
    efficiency: 0.793726
    discharge_ratio: 0.5
    depth_of_discharge: 1.0
