cost_values:
  wind_capex: 5000.0
  wind_opex: 100
  wind_lifetime: 20
  solar_capex: 1000.0
  solar_opex: 10
  solar_lifetime: 20
  carbon_price: 1.0
timeseries_values:
  load_level: 257162.56340274966
  wind_year: 2017
  solar_year: 2016
  price_year: 2023
  carbon_year: 2023
storage_values:
  CAES:
    cost: 54.4068
    lifetime: 26.2609
    annual_cost: 2.071779718136088
    efficiency: 0.614587
    discharge_ratio: 0.1
    depth_of_discharge: 0.4
  Li-ion:
    cost: 211.152
    lifetime: 23.7208
    annual_cost: 8.90155475363394
    efficiency: 0.899038
    discharge_ratio: 2
    depth_of_discharge: 0.9
  Pb-acid:
    cost: 144.071
    lifetime: 16.1795
    annual_cost: 8.904539695293426
    efficiency: 0.713188
    discharge_ratio: 5
    depth_of_discharge: 0.5
  VRBF:
    cost: 118.723
    lifetime: 12.6515
    annual_cost: 9.384104651622337
    efficiency: 0.762347
    discharge_ratio: 0.5
    depth_of_discharge: 1.0
