cost_values:
  wind_capex: 5000.0
  wind_opex: 100
  wind_lifetime: 20
  solar_capex: 1000.0
  solar_opex: 10
  solar_lifetime: 20
  carbon_price: 1.0
timeseries_values:
  load_level: 257162.56340274966
  wind_year: 2017
  solar_year: 2016
  price_year: 2023
  carbon_year: 2023
storage_values:
  CAES:
    cost: 54.8418
    lifetime: 26.372
    annual_cost: 2.0795464887001365
    efficiency: 0.612256
    discharge_ratio: 0.1
    depth_of_discharge: 0.4
  Li-ion:
    cost: 231.706
    lifetime: 23.4713
    annual_cost: 9.871886090672438
    efficiency: 0.927514
    discharge_ratio: 2
    depth_of_discharge: 0.9
  Pb-acid:
    cost: 120.317
    lifetime: 16.6908
    annual_cost: 7.208581973302658
    efficiency: 0.730629
    discharge_ratio: 5
    depth_of_discharge: 0.5
  VRBF:
    cost: 165.279
    lifetime: 13.7405
    annual_cost: 12.028601579272951
    efficiency: 0.781742
    discharge_ratio: 0.5
    depth_of_discharge: 1.0
