cost_values:
  wind_capex: 5000.0
  wind_opex: 100
  wind_lifetime: 20
  solar_capex: 1000.0
  solar_opex: 10
  solar_lifetime: 20
  carbon_price: 1.0
timeseries_values:
  load_level: 257162.56340274966
  wind_year: 2017
  solar_year: 2016
  price_year: 2023
  carbon_year: 2023
storage_values:
  CAES:
    cost: 57.0072
    lifetime: 26.4655
    annual_cost: 2.154019383725983
    efficiency: 0.609522
    discharge_ratio: 0.1
    depth_of_discharge: 0.4
  Li-ion:
    cost: 213.705
    lifetime: 24.3322
    annual_cost: 8.782806322486254
    efficiency: 0.916255
    discharge_ratio: 2
    depth_of_discharge: 0.9
  Pb-acid:
    cost: 117.783
    lifetime: 15.8741
    annual_cost: 7.419822226141955
    efficiency: 0.727059
    discharge_ratio: 5
    depth_of_discharge: 0.5
  VRBF:
    cost: 183.072
    lifetime: 12.2426
    annual_cost: 14.953686308463888
    efficiency: 0.779164
    discharge_ratio: 0.5
    depth_of_discharge: 1.0
