cost_values:
  wind_capex: 5000.0
  wind_opex: 100
  wind_lifetime: 20
  solar_capex: 1000.0
  solar_opex: 10
  solar_lifetime: 20
  carbon_price: 1.0
timeseries_values:
  load_level: 257162.56340274966
  wind_year: 2017
  solar_year: 2016
  price_year: 2023
  carbon_year: 2023
storage_values:
  CAES:
    cost: 51.1932
    lifetime: 26.5628
    annual_cost: 1.9272516451578898
    efficiency: 0.614139
    discharge_ratio: 0.1
    depth_of_discharge: 0.4
  Li-ion:
    cost: 185.361
    lifetime: 25.3907
    annual_cost: 7.300350128196544
    efficiency: 0.922007
    discharge_ratio: 2
    depth_of_discharge: 0.9
  Pb-acid:
    cost: 128.237
    lifetime: 15.829
    annual_cost: 8.1013961715838
    efficiency: 0.723827
    discharge_ratio: 5
    depth_of_discharge: 0.5
  VRBF:
    cost: 185.556
    lifetime: 12.4543
    annual_cost: 14.898950563259277
    efficiency: 0.785877
    discharge_ratio: 0.5
    depth_of_discharge: 1.0
