cost_values:
  wind_capex: 5000.0
  wind_opex: 100
  wind_lifetime: 20
  solar_capex: 1000.0
  solar_opex: 10
  solar_lifetime: 20
  carbon_price: 1.0
timeseries_values:
  load_level: 257162.56340274966
  wind_year: 2017
  solar_year: 2016
  price_year: 2023
  carbon_year: 2023
storage_values:
  CAES:
    cost: 53.0936
    lifetime: 25.4526
    annual_cost: 2.085979428427744
    efficiency: 0.612123
    discharge_ratio: 0.1
    depth_of_discharge: 0.4
  Li-ion:
    cost: 184.544
    lifetime: 27.125
    annual_cost: 6.803465437788019
    efficiency: 0.916929
    discharge_ratio: 2
    depth_of_discharge: 0.9
  Pb-acid:
    cost: 124.425
    lifetime: 15.7677
    annual_cost: 7.891131870849902
    efficiency: 0.707173
    discharge_ratio: 5
    depth_of_discharge: 0.5
  VRBF:
    cost: 148.633
    lifetime: 13.608
    annual_cost: 10.922472075249853
    efficiency: 0.805916
    discharge_ratio: 0.5
    depth_of_discharge: 1.0
