cost_values:
  wind_capex: 5000.0
  wind_opex: 100
  wind_lifetime: 20
  solar_capex: 1000.0
  solar_opex: 10
  solar_lifetime: 20
  carbon_price: 1.0
timeseries_values:
  load_level: 257162.56340274966
  wind_year: 2017
  solar_year: 2016
  price_year: 2023
  carbon_year: 2023
storage_values:
  CAES:
    cost: 52.4892
    lifetime: 25.5515
    annual_cost: 2.054251218128094
    efficiency: 0.611801
    discharge_ratio: 0.1
    depth_of_discharge: 0.4
  Li-ion:
    cost: 201.346
    lifetime: 25.5916
    annual_cost: 7.867659700839338
    efficiency: 0.92763
    discharge_ratio: 2
    depth_of_discharge: 0.9
  Pb-acid:
    cost: 136.263
    lifetime: 15.1852
    annual_cost: 8.973408318626031
    efficiency: 0.729633
    discharge_ratio: 5
    depth_of_discharge: 0.5
  VRBF:
    cost: 161.289
    lifetime: 13.1535
    annual_cost: 12.262059527882313
    efficiency: 0.774531
    discharge_ratio: 0.5
    depth_of_discharge: 1.0
