cost_values:
  wind_capex: 5000.0
  wind_opex: 100
  wind_lifetime: 20
  solar_capex: 1000.0
  solar_opex: 10
  solar_lifetime: 20
  carbon_price: 1.0
timeseries_values:
  load_level: 257162.56340274966
  wind_year: 2017
  solar_year: 2016
  price_year: 2023
  carbon_year: 2023
storage_values:
  CAES:
    cost: 55.4739
    lifetime: 26.2278
    annual_cost: 2.115080182096859
    efficiency: 0.61477
    discharge_ratio: 0.1
    depth_of_discharge: 0.4
  Li-ion:
    cost: 206.891
    lifetime: 25.3147
    annual_cost: 8.172761280994838
    efficiency: 0.923124
    discharge_ratio: 2
    depth_of_discharge: 0.9
  Pb-acid:
    cost: 141.019
    lifetime: 15.4791
    annual_cost: 9.110284189649269
    efficiency: 0.71865
    discharge_ratio: 5
    depth_of_discharge: 0.5
  VRBF:
    cost: 185.44
    lifetime: 12.4185
    annual_cost: 14.932560293111084
    efficiency: 0.784291
    discharge_ratio: 0.5
    depth_of_discharge: 1.0
