cost_values:
  wind_capex: 5000.0
  wind_opex: 100
  wind_lifetime: 20
  solar_capex: 1000.0
  solar_opex: 10
  solar_lifetime: 20
  carbon_price: 1.0
timeseries_values:
  load_level: 257162.56340274966
  wind_year: 2017
  solar_year: 2016
  price_year: 2023
  carbon_year: 2023
storage_values:
  CAES:
    cost: 54.8476
    lifetime: 26.1052
    annual_cost: 2.101022018601658
    efficiency: 0.617873
    discharge_ratio: 0.1
    depth_of_discharge: 0.4
  Li-ion:
    cost: 187.256
    lifetime: 24.367
    annual_cost: 7.6848196331103535
    efficiency: 0.932306
    discharge_ratio: 2
    depth_of_discharge: 0.9
  Pb-acid:
    cost: 144.986
    lifetime: 15.1375
    annual_cost: 9.57793559042114
    efficiency: 0.710193
    discharge_ratio: 5
    depth_of_discharge: 0.5
  VRBF:
    cost: 173.61
    lifetime: 15.7358
    annual_cost: 11.032804179005835
    efficiency: 0.802262
    discharge_ratio: 0.5
    depth_of_discharge: 1.0
