cost_values:
  wind_capex: 5000.0
  wind_opex: 100
  wind_lifetime: 20
  solar_capex: 1000.0
  solar_opex: 10
  solar_lifetime: 20
  carbon_price: 1.0
timeseries_values:
  load_level: 257162.56340274966
  wind_year: 2017
  solar_year: 2016
  price_year: 2023
  carbon_year: 2023
storage_values:
  CAES:
    cost: 60.3396
    lifetime: 25.7695
    annual_cost: 2.3415122528570596
    efficiency: 0.618568
    discharge_ratio: 0.1
    depth_of_discharge: 0.4
  Li-ion:
    cost: 214.94
    lifetime: 24.7308
    annual_cost: 8.691186698368027
    efficiency: 0.924542
    discharge_ratio: 2
    depth_of_discharge: 0.9
  Pb-acid:
    cost: 120.47
    lifetime: 14.0984
    annual_cost: 8.54494126993134
    efficiency: 0.726896
    discharge_ratio: 5
    depth_of_discharge: 0.5
  VRBF:
    cost: 180.995
    lifetime: 11.9561
    annual_cost: 15.138297605406446
    efficiency: 0.798596
    discharge_ratio: 0.5
    depth_of_discharge: 1.0
