cost_values:
  wind_capex: 5000.0
  wind_opex: 100
  wind_lifetime: 20
  solar_capex: 1000.0
  solar_opex: 10
  solar_lifetime: 20
  carbon_price: 1.0
timeseries_values:
  load_level: 257162.56340274966
  wind_year: 2017
  solar_year: 2016
  price_year: 2023
  carbon_year: 2023
storage_values:
  CAES:
    cost: 47.7313
    lifetime: 26.4819
    annual_cost: 1.8024122136251552
    efficiency: 0.616996
    discharge_ratio: 0.1
    depth_of_discharge: 0.4
  Li-ion:
    cost: 198.176
    lifetime: 26.4451
    annual_cost: 7.493864647893182
    efficiency: 0.910966
    discharge_ratio: 2
    depth_of_discharge: 0.9
  Pb-acid:
    cost: 142.793
    lifetime: 16.1561
    annual_cost: 8.838333508705691
    efficiency: 0.72273
    discharge_ratio: 5
    depth_of_discharge: 0.5
  VRBF:
    cost: 221.876
    lifetime: 16.4078
    annual_cost: 13.522592913126683
    efficiency: 0.77691
    discharge_ratio: 0.5
    depth_of_discharge: 1.0
