cost_values:
  wind_capex: 5000.0
  wind_opex: 100
  wind_lifetime: 20
  solar_capex: 1000.0
  solar_opex: 10
  solar_lifetime: 20
  carbon_price: 1.0
timeseries_values:
  load_level: 257162.56340274966
  wind_year: 2017
  solar_year: 2016
  price_year: 2023
  carbon_year: 2023
storage_values:
  CAES:
    cost: 52.5851
    lifetime: 25.6227
    annual_cost: 2.052285668567325
    efficiency: 0.610021
    discharge_ratio: 0.1
    depth_of_discharge: 0.4
  Li-ion:
    cost: 184.933
    lifetime: 24.3243
    annual_cost: 7.602808713919824
    efficiency: 0.936246
    discharge_ratio: 2
    depth_of_discharge: 0.9
  Pb-acid:
    cost: 126.387
    lifetime: 15.1584
    annual_cost: 8.33775332488917
    efficiency: 0.722536
    discharge_ratio: 5
    depth_of_discharge: 0.5
  VRBF:
    cost: 194.052
    lifetime: 13.5328
    annual_cost: 14.339382832820997
    efficiency: 0.78186
    discharge_ratio: 0.5
    depth_of_discharge: 1.0
