cost_values:
  wind_capex: 5000.0
  wind_opex: 100
  wind_lifetime: 20
  solar_capex: 1000.0
  solar_opex: 10
  solar_lifetime: 20
  carbon_price: 1.0
timeseries_values:
  load_level: 257162.56340274966
  wind_year: 2017
  solar_year: 2016
  price_year: 2023
  carbon_year: 2023
storage_values:
  CAES:
    cost: 56.1537
    lifetime: 25.7578
    annual_cost: 2.1800658441326513
    efficiency: 0.616397
    discharge_ratio: 0.1
    depth_of_discharge: 0.4
  Li-ion:
    cost: 203.82
    lifetime: 24.5226
    annual_cost: 8.311516723349074
    efficiency: 0.928823
    discharge_ratio: 2
    depth_of_discharge: 0.9
  Pb-acid:
    cost: 123.904
    lifetime: 14.2378
    annual_cost: 8.70246807793339
    efficiency: 0.716301
    discharge_ratio: 5
    depth_of_discharge: 0.5
  VRBF:
    cost: 171.367
    lifetime: 12.6624
    annual_cost: 13.533532347738184
    efficiency: 0.762554
    discharge_ratio: 0.5
    depth_of_discharge: 1.0
