cost_values:
  wind_capex: 5000.0
  wind_opex: 100
  wind_lifetime: 20
  solar_capex: 1000.0
  solar_opex: 10
  solar_lifetime: 20
  carbon_price: 1.0
timeseries_values:
  load_level: 257162.56340274966
  wind_year: 2017
  solar_year: 2016
  price_year: 2023
  carbon_year: 2023
storage_values:
  CAES:
    cost: 59.0674
    lifetime: 26.7692
    annual_cost: 2.206543340854415
    efficiency: 0.614209
    discharge_ratio: 0.1
    depth_of_discharge: 0.4
  Li-ion:
    cost: 178.059
    lifetime: 23.9985
    annual_cost: 7.419588724295268
    efficiency: 0.906024
    discharge_ratio: 2
    depth_of_discharge: 0.9
  Pb-acid:
    cost: 146.369
    lifetime: 15.9179
    annual_cost: 9.195245604005553
    efficiency: 0.715217
    discharge_ratio: 5
    depth_of_discharge: 0.5
  VRBF:
    cost: 200.386
    lifetime: 14.2521
    annual_cost: 14.060103423355153
    efficiency: 0.752461
    discharge_ratio: 0.5
    depth_of_discharge: 1.0
