cost_values:
  wind_capex: 5000.0
  wind_opex: 100
  wind_lifetime: 20
  solar_capex: 1000.0
  solar_opex: 10
  solar_lifetime: 20
  carbon_price: 1.0
timeseries_values:
  load_level: 257162.56340274966
  wind_year: 2017
  solar_year: 2016
  price_year: 2023
  carbon_year: 2023
storage_values:
  CAES:
    cost: 55.7011
    lifetime: 25.5153
    annual_cost: 2.183047034524383
    efficiency: 0.623159
    discharge_ratio: 0.1
    depth_of_discharge: 0.4
  Li-ion:
    cost: 185.278
    lifetime: 23.4973
    annual_cost: 7.8850761576862025
    efficiency: 0.919426
    discharge_ratio: 2
    depth_of_discharge: 0.9
  Pb-acid:
    cost: 141.229
    lifetime: 15.8419
    annual_cost: 8.914902884123748
    efficiency: 0.72631
    discharge_ratio: 5
    depth_of_discharge: 0.5
  VRBF:
    cost: 191.025
    lifetime: 14.1363
    annual_cost: 13.513083338638824
    efficiency: 0.771293
    discharge_ratio: 0.5
    depth_of_discharge: 1.0
