cost_values:
  wind_capex: 5000.0
  wind_opex: 100
  wind_lifetime: 20
  solar_capex: 1000.0
  solar_opex: 10
  solar_lifetime: 20
  carbon_price: 1.0
timeseries_values:
  load_level: 257162.56340274966
  wind_year: 2017
  solar_year: 2016
  price_year: 2023
  carbon_year: 2023
storage_values:
  CAES:
    cost: 49.4846
    lifetime: 26.0039
    annual_cost: 1.902968400893712
    efficiency: 0.612253
    discharge_ratio: 0.1
    depth_of_discharge: 0.4
  Li-ion:
    cost: 218.852
    lifetime: 26.0748
    annual_cost: 8.393237915535307
    efficiency: 0.913144
    discharge_ratio: 2
    depth_of_discharge: 0.9
  Pb-acid:
    cost: 119.643
    lifetime: 16.1524
    annual_cost: 7.407134543473416
    efficiency: 0.701797
    discharge_ratio: 5
    depth_of_discharge: 0.5
  VRBF:
    cost: 157.498
    lifetime: 13.8134
    annual_cost: 11.401827211258633
    efficiency: 0.80078
    discharge_ratio: 0.5
    depth_of_discharge: 1.0
