cost_values:
  wind_capex: 5000.0
  wind_opex: 100
  wind_lifetime: 20
  solar_capex: 1000.0
  solar_opex: 10
  solar_lifetime: 20
  carbon_price: 1.0
timeseries_values:
  load_level: 257162.56340274966
  wind_year: 2017
  solar_year: 2016
  price_year: 2023
  carbon_year: 2023
storage_values:
  CAES:
    cost: 55.1424
    lifetime: 26.1204
    annual_cost: 2.1110855882758304
    efficiency: 0.613699
    discharge_ratio: 0.1
    depth_of_discharge: 0.4
  Li-ion:
    cost: 187.748
    lifetime: 23.8139
    annual_cost: 7.8839669268788395
    efficiency: 0.907291
    discharge_ratio: 2
    depth_of_discharge: 0.9
  Pb-acid:
    cost: 132.805
    lifetime: 16.2513
    annual_cost: 8.17196162768517
    efficiency: 0.720106
    discharge_ratio: 5
    depth_of_discharge: 0.5
  VRBF:
    cost: 194.194
    lifetime: 14.4268
    annual_cost: 13.460642692766239
    efficiency: 0.760862
    discharge_ratio: 0.5
    depth_of_discharge: 1.0
