cost_values:
  wind_capex: 5000.0
  wind_opex: 100
  wind_lifetime: 20
  solar_capex: 1000.0
  solar_opex: 10
  solar_lifetime: 20
  carbon_price: 1.0
timeseries_values:
  load_level: 257162.56340274966
  wind_year: 2017
  solar_year: 2016
  price_year: 2023
  carbon_year: 2023
storage_values:
  CAES:
    cost: 53.7855
    lifetime: 26.914
    annual_cost: 1.9984208961878576
    efficiency: 0.616702
    discharge_ratio: 0.1
    depth_of_discharge: 0.4
  Li-ion:
    cost: 191.129
    lifetime: 23.5672
    annual_cost: 8.109957907600393
    efficiency: 0.910704
    discharge_ratio: 2
    depth_of_discharge: 0.9
  Pb-acid:
    cost: 120.8
    lifetime: 16.4523
    annual_cost: 7.342438443257173
    efficiency: 0.711998
    discharge_ratio: 5
    depth_of_discharge: 0.5
  VRBF:
    cost: 184.51
    lifetime: 12.6497
    annual_cost: 14.586116666798421
    efficiency: 0.776217
    discharge_ratio: 0.5
    depth_of_discharge: 1.0
