cost_values:
  wind_capex: 5000.0
  wind_opex: 100
  wind_lifetime: 20
  solar_capex: 1000.0
  solar_opex: 10
  solar_lifetime: 20
  carbon_price: 1.0
timeseries_values:
  load_level: 257162.56340274966
  wind_year: 2017
  solar_year: 2016
  price_year: 2023
  carbon_year: 2023
storage_values:
  CAES:
    cost: 55.8578
    lifetime: 26.6046
    annual_cost: 2.099554212429429
    efficiency: 0.612504
    discharge_ratio: 0.1
    depth_of_discharge: 0.4
  Li-ion:
    cost: 208.314
    lifetime: 27.0992
    annual_cost: 7.687090393812364
    efficiency: 0.905867
    discharge_ratio: 2
    depth_of_discharge: 0.9
  Pb-acid:
    cost: 134.56
    lifetime: 13.7713
    annual_cost: 9.771045580301061
    efficiency: 0.721058
    discharge_ratio: 5
    depth_of_discharge: 0.5
  VRBF:
    cost: 173.659
    lifetime: 11.1767
    annual_cost: 15.537591596804065
    efficiency: 0.784442
    discharge_ratio: 0.5
    depth_of_discharge: 1.0
