cost_values:
  wind_capex: 5000.0
  wind_opex: 100
  wind_lifetime: 20
  solar_capex: 1000.0
  solar_opex: 10
  solar_lifetime: 20
  carbon_price: 1.0
timeseries_values:
  load_level: 257162.56340274966
  wind_year: 2017
  solar_year: 2016
  price_year: 2023
  carbon_year: 2023
storage_values:
  CAES:
    cost: 58.67
    lifetime: 25.553
    annual_cost: 2.296012209916644
    efficiency: 0.619058
    discharge_ratio: 0.1
    depth_of_discharge: 0.4
  Li-ion:
    cost: 215.572
    lifetime: 22.5568
    annual_cost: 9.556852035749753
    efficiency: 0.91869
    discharge_ratio: 2
    depth_of_discharge: 0.9
  Pb-acid:
    cost: 150.869
    lifetime: 16.2529
    annual_cost: 9.28258956863083
    efficiency: 0.720458
    discharge_ratio: 5
    depth_of_discharge: 0.5
  VRBF:
    cost: 185.84
    lifetime: 12.7144
    annual_cost: 14.616497829232996
    efficiency: 0.768407
    discharge_ratio: 0.5
    depth_of_discharge: 1.0
