cost_values:
  wind_capex: 5000.0
  wind_opex: 100
  wind_lifetime: 20
  solar_capex: 1000.0
  solar_opex: 10
  solar_lifetime: 20
  carbon_price: 1.0
timeseries_values:
  load_level: 257162.56340274966
  wind_year: 2017
  solar_year: 2016
  price_year: 2023
  carbon_year: 2023
storage_values:
  CAES:
    cost: 54.9147
    lifetime: 26.3878
    annual_cost: 2.081063976534611
    efficiency: 0.609584
    discharge_ratio: 0.1
    depth_of_discharge: 0.4
  Li-ion:
    cost: 188.745
    lifetime: 25.5703
    annual_cost: 7.381415157428736
    efficiency: 0.908393
    discharge_ratio: 2
    depth_of_discharge: 0.9
  Pb-acid:
    cost: 127.691
    lifetime: 16.1745
    annual_cost: 7.894587158799346
    efficiency: 0.718614
    discharge_ratio: 5
    depth_of_discharge: 0.5
  VRBF:
    cost: 171.31
    lifetime: 13.0159
    annual_cost: 13.16159466498667
    efficiency: 0.780834
    discharge_ratio: 0.5
    depth_of_discharge: 1.0
