cost_values:
  wind_capex: 5000.0
  wind_opex: 100
  wind_lifetime: 20
  solar_capex: 1000.0
  solar_opex: 10
  solar_lifetime: 20
  carbon_price: 1.0
timeseries_values:
  load_level: 257162.56340274966
  wind_year: 2017
  solar_year: 2016
  price_year: 2023
  carbon_year: 2023
storage_values:
  CAES:
    cost: 57.6275
    lifetime: 25.8041
    annual_cost: 2.233269131649622
    efficiency: 0.617427
    discharge_ratio: 0.1
    depth_of_discharge: 0.4
  Li-ion:
    cost: 200.123
    lifetime: 22.936
    annual_cost: 8.725279037321242
    efficiency: 0.919928
    discharge_ratio: 2
    depth_of_discharge: 0.9
  Pb-acid:
    cost: 127.586
    lifetime: 15.0527
    annual_cost: 8.47595447992719
    efficiency: 0.714755
    discharge_ratio: 5
    depth_of_discharge: 0.5
  VRBF:
    cost: 206.618
    lifetime: 12.7571
    annual_cost: 16.196314209342248
    efficiency: 0.779916
    discharge_ratio: 0.5
    depth_of_discharge: 1.0
