cost_values:
  wind_capex: 5000.0
  wind_opex: 100
  wind_lifetime: 20
  solar_capex: 1000.0
  solar_opex: 10
  solar_lifetime: 20
  carbon_price: 1.0
timeseries_values:
  load_level: 257162.56340274966
  wind_year: 2017
  solar_year: 2016
  price_year: 2023
  carbon_year: 2023
storage_values:
  CAES:
    cost: 61.6589
    lifetime: 25.4487
    annual_cost: 2.422870323434989
    efficiency: 0.614799
    discharge_ratio: 0.1
    depth_of_discharge: 0.4
  Li-ion:
    cost: 203.899
    lifetime: 25.7836
    annual_cost: 7.90808886268791
    efficiency: 0.918568
    discharge_ratio: 2
    depth_of_discharge: 0.9
  Pb-acid:
    cost: 156.448
    lifetime: 14.4304
    annual_cost: 10.841556713604612
    efficiency: 0.699174
    discharge_ratio: 5
    depth_of_discharge: 0.5
  VRBF:
    cost: 168.335
    lifetime: 14.0767
    annual_cost: 11.958413548630006
    efficiency: 0.774937
    discharge_ratio: 0.5
    depth_of_discharge: 1.0
