cost_values:
  wind_capex: 5000.0
  wind_opex: 100
  wind_lifetime: 20
  solar_capex: 1000.0
  solar_opex: 10
  solar_lifetime: 20
  carbon_price: 1.0
timeseries_values:
  load_level: 257162.56340274966
  wind_year: 2017
  solar_year: 2016
  price_year: 2023
  carbon_year: 2023
storage_values:
  CAES:
    cost: 55.9703
    lifetime: 26.9099
    annual_cost: 2.0799148268852727
    efficiency: 0.616285
    discharge_ratio: 0.1
    depth_of_discharge: 0.4
  Li-ion:
    cost: 206.548
    lifetime: 23.7147
    annual_cost: 8.709703264220083
    efficiency: 0.908431
    discharge_ratio: 2
    depth_of_discharge: 0.9
  Pb-acid:
    cost: 144.96
    lifetime: 16.135
    annual_cost: 8.98419584753641
    efficiency: 0.717284
    discharge_ratio: 5
    depth_of_discharge: 0.5
  VRBF:
    cost: 160.324
    lifetime: 14.3574
    annual_cost: 11.166645771518521
    efficiency: 0.786936
    discharge_ratio: 0.5
    depth_of_discharge: 1.0
