cost_values:
  wind_capex: 5000.0
  wind_opex: 100
  wind_lifetime: 20
  solar_capex: 1000.0
  solar_opex: 10
  solar_lifetime: 20
  carbon_price: 1.0
timeseries_values:
  load_level: 257162.56340274966
  wind_year: 2017
  solar_year: 2016
  price_year: 2023
  carbon_year: 2023
storage_values:
  CAES:
    cost: 54.001
    lifetime: 26.3362
    annual_cost: 2.050447672784988
    efficiency: 0.609503
    discharge_ratio: 0.1
    depth_of_discharge: 0.4
  Li-ion:
    cost: 192.179
    lifetime: 23.6566
    annual_cost: 8.123694867394299
    efficiency: 0.917011
    discharge_ratio: 2
    depth_of_discharge: 0.9
  Pb-acid:
    cost: 124.673
    lifetime: 16.5172
    annual_cost: 7.548071101639503
    efficiency: 0.712702
    discharge_ratio: 5
    depth_of_discharge: 0.5
  VRBF:
    cost: 172.466
    lifetime: 14.5913
    annual_cost: 11.819783021389458
    efficiency: 0.781568
    discharge_ratio: 0.5
    depth_of_discharge: 1.0
