cost_values:
  wind_capex: 5000.0
  wind_opex: 100
  wind_lifetime: 20
  solar_capex: 1000.0
  solar_opex: 10
  solar_lifetime: 20
  carbon_price: 1.0
timeseries_values:
  load_level: 257162.56340274966
  wind_year: 2017
  solar_year: 2016
  price_year: 2023
  carbon_year: 2023
storage_values:
  CAES:
    cost: 53.6354
    lifetime: 25.6441
    annual_cost: 2.0915298255739136
    efficiency: 0.610518
    discharge_ratio: 0.1
    depth_of_discharge: 0.4
  Li-ion:
    cost: 197.107
    lifetime: 25.3962
    annual_cost: 7.761279246501445
    efficiency: 0.906609
    discharge_ratio: 2
    depth_of_discharge: 0.9
  Pb-acid:
    cost: 144.198
    lifetime: 15.0613
    annual_cost: 9.574073951119757
    efficiency: 0.714504
    discharge_ratio: 5
    depth_of_discharge: 0.5
  VRBF:
    cost: 182.623
    lifetime: 13.3565
    annual_cost: 13.672968217721706
    efficiency: 0.766347
    discharge_ratio: 0.5
    depth_of_discharge: 1.0
