cost_values:
  wind_capex: 5000.0
  wind_opex: 100
  wind_lifetime: 20
  solar_capex: 1000.0
  solar_opex: 10
  solar_lifetime: 20
  carbon_price: 1.0
timeseries_values:
  load_level: 257162.56340274966
  wind_year: 2017
  solar_year: 2016
  price_year: 2023
  carbon_year: 2023
storage_values:
  CAES:
    cost: 60.072
    lifetime: 25.3681
    annual_cost: 2.3680133711235767
    efficiency: 0.617268
    discharge_ratio: 0.1
    depth_of_discharge: 0.4
  Li-ion:
    cost: 196.695
    lifetime: 26.5984
    annual_cost: 7.394993683830606
    efficiency: 0.928974
    discharge_ratio: 2
    depth_of_discharge: 0.9
  Pb-acid:
    cost: 129.497
    lifetime: 14.7237
    annual_cost: 8.795139808607892
    efficiency: 0.703487
    discharge_ratio: 5
    depth_of_discharge: 0.5
  VRBF:
    cost: 192.52
    lifetime: 12.2101
    annual_cost: 15.767274633295386
    efficiency: 0.762464
    discharge_ratio: 0.5
    depth_of_discharge: 1.0
