cost_values:
  wind_capex: 5000.0
  wind_opex: 100
  wind_lifetime: 20
  solar_capex: 1000.0
  solar_opex: 10
  solar_lifetime: 20
  carbon_price: 1.0
timeseries_values:
  load_level: 257162.56340274966
  wind_year: 2017
  solar_year: 2016
  price_year: 2023
  carbon_year: 2023
storage_values:
  CAES:
    cost: 58.4952
    lifetime: 26.3683
    annual_cost: 2.2183910225535963
    efficiency: 0.611347
    discharge_ratio: 0.1
    depth_of_discharge: 0.4
  Li-ion:
    cost: 217.706
    lifetime: 26.1571
    annual_cost: 8.323017459886607
    efficiency: 0.924065
    discharge_ratio: 2
    depth_of_discharge: 0.9
  Pb-acid:
    cost: 137.593
    lifetime: 15.7006
    annual_cost: 8.763550437562895
    efficiency: 0.729247
    discharge_ratio: 5
    depth_of_discharge: 0.5
  VRBF:
    cost: 194.954
    lifetime: 13.6015
    annual_cost: 14.333272065581003
    efficiency: 0.79785
    discharge_ratio: 0.5
    depth_of_discharge: 1.0
