cost_values:
  wind_capex: 5000.0
  wind_opex: 100
  wind_lifetime: 20
  solar_capex: 1000.0
  solar_opex: 10
  solar_lifetime: 20
  carbon_price: 1.0
timeseries_values:
  load_level: 257162.56340274966
  wind_year: 2017
  solar_year: 2016
  price_year: 2023
  carbon_year: 2023
storage_values:
  CAES:
    cost: 49.7394
    lifetime: 26.1037
    annual_cost: 1.905454016097335
    efficiency: 0.620776
    discharge_ratio: 0.1
    depth_of_discharge: 0.4
  Li-ion:
    cost: 207.939
    lifetime: 25.5154
    annual_cost: 8.149548899880072
    efficiency: 0.913292
    discharge_ratio: 2
    depth_of_discharge: 0.9
  Pb-acid:
    cost: 135.255
    lifetime: 15.6716
    annual_cost: 8.630580157737564
    efficiency: 0.718345
    discharge_ratio: 5
    depth_of_discharge: 0.5
  VRBF:
    cost: 155.951
    lifetime: 12.4937
    annual_cost: 12.48237111504198
    efficiency: 0.793421
    discharge_ratio: 0.5
    depth_of_discharge: 1.0
