cost_values:
  wind_capex: 5000.0
  wind_opex: 100
  wind_lifetime: 20
  solar_capex: 1000.0
  solar_opex: 10
  solar_lifetime: 20
  carbon_price: 1.0
timeseries_values:
  load_level: 257162.56340274966
  wind_year: 2017
  solar_year: 2016
  price_year: 2023
  carbon_year: 2023
storage_values:
  CAES:
    cost: 56.5122
    lifetime: 25.5993
    annual_cost: 2.207568175692304
    efficiency: 0.609874
    discharge_ratio: 0.1
    depth_of_discharge: 0.4
  Li-ion:
    cost: 203.628
    lifetime: 25.7914
    annual_cost: 7.8951898694913805
    efficiency: 0.916808
    discharge_ratio: 2
    depth_of_discharge: 0.9
  Pb-acid:
    cost: 148.79
    lifetime: 15.8668
    annual_cost: 9.377442206368013
    efficiency: 0.723548
    discharge_ratio: 5
    depth_of_discharge: 0.5
  VRBF:
    cost: 198.982
    lifetime: 13.1104
    annual_cost: 15.177416402245544
    efficiency: 0.768771
    discharge_ratio: 0.5
    depth_of_discharge: 1.0
