cost_values:
  wind_capex: 5000.0
  wind_opex: 100
  wind_lifetime: 20
  solar_capex: 1000.0
  solar_opex: 10
  solar_lifetime: 20
  carbon_price: 1.0
timeseries_values:
  load_level: 257162.56340274966
  wind_year: 2017
  solar_year: 2016
  price_year: 2023
  carbon_year: 2023
storage_values:
  CAES:
    cost: 52.411
    lifetime: 26.3516
    annual_cost: 1.9889114892454347
    efficiency: 0.616904
    discharge_ratio: 0.1
    depth_of_discharge: 0.4
  Li-ion:
    cost: 204.466
    lifetime: 23.4987
    annual_cost: 8.701162191951045
    efficiency: 0.89745
    discharge_ratio: 2
    depth_of_discharge: 0.9
  Pb-acid:
    cost: 152.982
    lifetime: 14.6982
    annual_cost: 10.408213250602115
    efficiency: 0.724359
    discharge_ratio: 5
    depth_of_discharge: 0.5
  VRBF:
    cost: 196.125
    lifetime: 12.8903
    annual_cost: 15.214929055181027
    efficiency: 0.791086
    discharge_ratio: 0.5
    depth_of_discharge: 1.0
