cost_values:
  wind_capex: 5000.0
  wind_opex: 100
  wind_lifetime: 20
  solar_capex: 1000.0
  solar_opex: 10
  solar_lifetime: 20
  carbon_price: 1.0
timeseries_values:
  load_level: 257162.56340274966
  wind_year: 2017
  solar_year: 2016
  price_year: 2023
  carbon_year: 2023
storage_values:
  CAES:
    cost: 58.0717
    lifetime: 26.5495
    annual_cost: 2.18729919584173
    efficiency: 0.621457
    discharge_ratio: 0.1
    depth_of_discharge: 0.4
  Li-ion:
    cost: 199.257
    lifetime: 22.8112
    annual_cost: 8.735051202917866
    efficiency: 0.897575
    discharge_ratio: 2
    depth_of_discharge: 0.9
  Pb-acid:
    cost: 143.149
    lifetime: 17.0453
    annual_cost: 8.398150809900676
    efficiency: 0.707788
    discharge_ratio: 5
    depth_of_discharge: 0.5
  VRBF:
    cost: 143.05
    lifetime: 13.4014
    annual_cost: 10.674257913352337
    efficiency: 0.79845
    discharge_ratio: 0.5
    depth_of_discharge: 1.0
