cost_values:
  wind_capex: 5000.0
  wind_opex: 100
  wind_lifetime: 20
  solar_capex: 1000.0
  solar_opex: 10
  solar_lifetime: 20
  carbon_price: 1.0
timeseries_values:
  load_level: 265099.5762419699
  wind_year: 2014
  solar_year: 2015
  price_year: 2023
  carbon_year: 2023
storage_values:
  CAES:
    cost: 58.7086
    lifetime: 21.8452
    annual_cost: 2.6874828337575303
    efficiency: 0.589652
    discharge_ratio: 0.1
    depth_of_discharge: 0.4
  Li-ion:
    cost: 156.556
    lifetime: 16.5765
    annual_cost: 9.444454498838718
    efficiency: 0.923388
    discharge_ratio: 2
    depth_of_discharge: 0.9
  Pb-acid:
    cost: 86.6768
    lifetime: 8.85001
    annual_cost: 9.793977633923578
    efficiency: 0.708306
    discharge_ratio: 5
    depth_of_discharge: 0.5
  VRBF:
    cost: 359.507
    lifetime: 15.5356
    annual_cost: 23.14085069131543
    efficiency: 0.687981
    discharge_ratio: 0.5
    depth_of_discharge: 1.0
