cost_values:
  wind_capex: 5000.0
  wind_opex: 100
  wind_lifetime: 20
  solar_capex: 1000.0
  solar_opex: 10
  solar_lifetime: 20
  carbon_price: 1.0
timeseries_values:
  load_level: 265099.5762419699
  wind_year: 2014
  solar_year: 2015
  price_year: 2023
  carbon_year: 2023
storage_values:
  CAES:
    cost: 56.6509
    lifetime: 22.0891
    annual_cost: 2.5646540601473125
    efficiency: 0.595586
    discharge_ratio: 0.1
    depth_of_discharge: 0.4
  Li-ion:
    cost: 174.743
    lifetime: 14.2268
    annual_cost: 12.282663705119914
    efficiency: 0.913853
    discharge_ratio: 2
    depth_of_discharge: 0.9
  Pb-acid:
    cost: 101.04
    lifetime: 8.68014
    annual_cost: 11.640365247565132
    efficiency: 0.699731
    discharge_ratio: 5
    depth_of_discharge: 0.5
  VRBF:
    cost: 392.799
    lifetime: 14.4021
    annual_cost: 27.27373091424167
    efficiency: 0.673227
    discharge_ratio: 0.5
    depth_of_discharge: 1.0
