cost_values:
  wind_capex: 5000.0
  wind_opex: 100
  wind_lifetime: 20
  solar_capex: 1000.0
  solar_opex: 10
  solar_lifetime: 20
  carbon_price: 1.0
timeseries_values:
  load_level: 265099.5762419699
  wind_year: 2014
  solar_year: 2015
  price_year: 2023
  carbon_year: 2023
storage_values:
  CAES:
    cost: 48.4802
    lifetime: 21.4561
    annual_cost: 2.259506620494871
    efficiency: 0.594012
    discharge_ratio: 0.1
    depth_of_discharge: 0.4
  Li-ion:
    cost: 151.236
    lifetime: 15.2583
    annual_cost: 9.911720178525785
    efficiency: 0.917885
    discharge_ratio: 2
    depth_of_discharge: 0.9
  Pb-acid:
    cost: 89.2526
    lifetime: 6.59173
    annual_cost: 13.540087351878794
    efficiency: 0.701714
    discharge_ratio: 5
    depth_of_discharge: 0.5
  VRBF:
    cost: 365.622
    lifetime: 14.7159
    annual_cost: 24.84537133304793
    efficiency: 0.686468
    discharge_ratio: 0.5
    depth_of_discharge: 1.0
