cost_values:
  wind_capex: 5000.0
  wind_opex: 100
  wind_lifetime: 20
  solar_capex: 1000.0
  solar_opex: 10
  solar_lifetime: 20
  carbon_price: 1.0
timeseries_values:
  load_level: 265099.5762419699
  wind_year: 2014
  solar_year: 2015
  price_year: 2023
  carbon_year: 2023
storage_values:
  CAES:
    cost: 59.9765
    lifetime: 22.5204
    annual_cost: 2.663207580682404
    efficiency: 0.601837
    discharge_ratio: 0.1
    depth_of_discharge: 0.4
  Li-ion:
    cost: 158.538
    lifetime: 15.7925
    annual_cost: 10.03881589362039
    efficiency: 0.911727
    discharge_ratio: 2
    depth_of_discharge: 0.9
  Pb-acid:
    cost: 93.3303
    lifetime: 10.5397
    annual_cost: 8.855119215916961
    efficiency: 0.724744
    discharge_ratio: 5
    depth_of_discharge: 0.5
  VRBF:
    cost: 351.789
    lifetime: 14.191
    annual_cost: 24.789584948206606
    efficiency: 0.677729
    discharge_ratio: 0.5
    depth_of_discharge: 1.0
