cost_values:
  wind_capex: 5000.0
  wind_opex: 100
  wind_lifetime: 20
  solar_capex: 1000.0
  solar_opex: 10
  solar_lifetime: 20
  carbon_price: 1.0
timeseries_values:
  load_level: 265099.5762419699
  wind_year: 2014
  solar_year: 2015
  price_year: 2023
  carbon_year: 2023
storage_values:
  CAES:
    cost: 65.2627
    lifetime: 21.5624
    annual_cost: 3.0266899788520756
    efficiency: 0.589763
    discharge_ratio: 0.1
    depth_of_discharge: 0.4
  Li-ion:
    cost: 162.3
    lifetime: 14.2844
    annual_cost: 11.362045308168353
    efficiency: 0.922366
    discharge_ratio: 2
    depth_of_discharge: 0.9
  Pb-acid:
    cost: 100.268
    lifetime: 9.93616
    annual_cost: 10.091222363569026
    efficiency: 0.69705
    discharge_ratio: 5
    depth_of_discharge: 0.5
  VRBF:
    cost: 349.158
    lifetime: 14.9134
    annual_cost: 23.41236740112919
    efficiency: 0.685532
    discharge_ratio: 0.5
    depth_of_discharge: 1.0
