cost_values:
  wind_capex: 5000.0
  wind_opex: 100
  wind_lifetime: 20
  solar_capex: 1000.0
  solar_opex: 10
  solar_lifetime: 20
  carbon_price: 1.0
timeseries_values:
  load_level: 265099.5762419699
  wind_year: 2014
  solar_year: 2015
  price_year: 2023
  carbon_year: 2023
storage_values:
  CAES:
    cost: 55.0532
    lifetime: 21.3578
    annual_cost: 2.5776624933279644
    efficiency: 0.590189
    discharge_ratio: 0.1
    depth_of_discharge: 0.4
  Li-ion:
    cost: 162.956
    lifetime: 17.3594
    annual_cost: 9.387190801525398
    efficiency: 0.936419
    discharge_ratio: 2
    depth_of_discharge: 0.9
  Pb-acid:
    cost: 93.9663
    lifetime: 8.57662
    annual_cost: 10.95609925588402
    efficiency: 0.719211
    discharge_ratio: 5
    depth_of_discharge: 0.5
  VRBF:
    cost: 353.994
    lifetime: 13.2828
    annual_cost: 26.65055560574578
    efficiency: 0.678724
    discharge_ratio: 0.5
    depth_of_discharge: 1.0
