cost_values:
  wind_capex: 5000.0
  wind_opex: 100
  wind_lifetime: 20
  solar_capex: 1000.0
  solar_opex: 10
  solar_lifetime: 20
  carbon_price: 1.0
timeseries_values:
  load_level: 265099.5762419699
  wind_year: 2014
  solar_year: 2015
  price_year: 2023
  carbon_year: 2023
storage_values:
  CAES:
    cost: 53.415
    lifetime: 21.7833
    annual_cost: 2.4521078073570117
    efficiency: 0.597832
    discharge_ratio: 0.1
    depth_of_discharge: 0.4
  Li-ion:
    cost: 164.362
    lifetime: 14.6116
    annual_cost: 11.248733882668565
    efficiency: 0.920692
    discharge_ratio: 2
    depth_of_discharge: 0.9
  Pb-acid:
    cost: 116.602
    lifetime: 9.34662
    annual_cost: 12.475311930944022
    efficiency: 0.7178
    discharge_ratio: 5
    depth_of_discharge: 0.5
  VRBF:
    cost: 337.63
    lifetime: 15.0232
    annual_cost: 22.473907023803186
    efficiency: 0.687103
    discharge_ratio: 0.5
    depth_of_discharge: 1.0
