cost_values:
  wind_capex: 5000.0
  wind_opex: 100
  wind_lifetime: 20
  solar_capex: 1000.0
  solar_opex: 10
  solar_lifetime: 20
  carbon_price: 1.0
timeseries_values:
  load_level: 265099.5762419699
  wind_year: 2014
  solar_year: 2015
  price_year: 2023
  carbon_year: 2023
storage_values:
  CAES:
    cost: 60.4512
    lifetime: 21.3587
    annual_cost: 2.830284614700333
    efficiency: 0.596229
    discharge_ratio: 0.1
    depth_of_discharge: 0.4
  Li-ion:
    cost: 156.727
    lifetime: 12.4772
    annual_cost: 12.561071394223063
    efficiency: 0.925235
    discharge_ratio: 2
    depth_of_discharge: 0.9
  Pb-acid:
    cost: 73.331
    lifetime: 8.47732
    annual_cost: 8.65025739266655
    efficiency: 0.712495
    discharge_ratio: 5
    depth_of_discharge: 0.5
  VRBF:
    cost: 375.285
    lifetime: 15.5879
    annual_cost: 24.07540464077907
    efficiency: 0.692967
    discharge_ratio: 0.5
    depth_of_discharge: 1.0
