cost_values:
  wind_capex: 5000.0
  wind_opex: 100
  wind_lifetime: 20
  solar_capex: 1000.0
  solar_opex: 10
  solar_lifetime: 20
  carbon_price: 1.0
timeseries_values:
  load_level: 265099.5762419699
  wind_year: 2014
  solar_year: 2015
  price_year: 2023
  carbon_year: 2023
storage_values:
  CAES:
    cost: 62.8613
    lifetime: 22.1914
    annual_cost: 2.8326874374757787
    efficiency: 0.602939
    discharge_ratio: 0.1
    depth_of_discharge: 0.4
  Li-ion:
    cost: 165.02
    lifetime: 15.0462
    annual_cost: 10.967553269264
    efficiency: 0.928134
    discharge_ratio: 2
    depth_of_discharge: 0.9
  Pb-acid:
    cost: 85.4974
    lifetime: 8.92236
    annual_cost: 9.582375066686392
    efficiency: 0.707071
    discharge_ratio: 5
    depth_of_discharge: 0.5
  VRBF:
    cost: 368.296
    lifetime: 12.5307
    annual_cost: 29.391494489533706
    efficiency: 0.684792
    discharge_ratio: 0.5
    depth_of_discharge: 1.0
