cost_values:
  wind_capex: 5000.0
  wind_opex: 100
  wind_lifetime: 20
  solar_capex: 1000.0
  solar_opex: 10
  solar_lifetime: 20
  carbon_price: 1.0
timeseries_values:
  load_level: 265099.5762419699
  wind_year: 2014
  solar_year: 2015
  price_year: 2023
  carbon_year: 2023
storage_values:
  CAES:
    cost: 63.587
    lifetime: 20.8608
    annual_cost: 3.0481573094032828
    efficiency: 0.597889
    discharge_ratio: 0.1
    depth_of_discharge: 0.4
  Li-ion:
    cost: 155.094
    lifetime: 15.2277
    annual_cost: 10.184991824110009
    efficiency: 0.91499
    discharge_ratio: 2
    depth_of_discharge: 0.9
  Pb-acid:
    cost: 88.5642
    lifetime: 7.47504
    annual_cost: 11.847990111089707
    efficiency: 0.716263
    discharge_ratio: 5
    depth_of_discharge: 0.5
  VRBF:
    cost: 390.346
    lifetime: 15.7587
    annual_cost: 24.770190434490157
    efficiency: 0.69532
    discharge_ratio: 0.5
    depth_of_discharge: 1.0
