cost_values:
  wind_capex: 5000.0
  wind_opex: 100
  wind_lifetime: 20
  solar_capex: 1000.0
  solar_opex: 10
  solar_lifetime: 20
  carbon_price: 1.0
timeseries_values:
  load_level: 265099.5762419699
  wind_year: 2014
  solar_year: 2015
  price_year: 2023
  carbon_year: 2023
storage_values:
  CAES:
    cost: 53.6327
    lifetime: 20.8291
    annual_cost: 2.5748928182206625
    efficiency: 0.602078
    discharge_ratio: 0.1
    depth_of_discharge: 0.4
  Li-ion:
    cost: 137.508
    lifetime: 14.6631
    annual_cost: 9.377825971315753
    efficiency: 0.914553
    discharge_ratio: 2
    depth_of_discharge: 0.9
  Pb-acid:
    cost: 104.767
    lifetime: 7.89861
    annual_cost: 13.263979358393438
    efficiency: 0.701369
    discharge_ratio: 5
    depth_of_discharge: 0.5
  VRBF:
    cost: 356.085
    lifetime: 14.5107
    annual_cost: 24.53947776468399
    efficiency: 0.67666
    discharge_ratio: 0.5
    depth_of_discharge: 1.0
