cost_values:
  wind_capex: 5000.0
  wind_opex: 100
  wind_lifetime: 20
  solar_capex: 1000.0
  solar_opex: 10
  solar_lifetime: 20
  carbon_price: 1.0
timeseries_values:
  load_level: 265099.5762419699
  wind_year: 2014
  solar_year: 2015
  price_year: 2023
  carbon_year: 2023
storage_values:
  CAES:
    cost: 56.6251
    lifetime: 21.0327
    annual_cost: 2.692241129289155
    efficiency: 0.600952
    discharge_ratio: 0.1
    depth_of_discharge: 0.4
  Li-ion:
    cost: 172.632
    lifetime: 15.0979
    annual_cost: 11.43417296445201
    efficiency: 0.917885
    discharge_ratio: 2
    depth_of_discharge: 0.9
  Pb-acid:
    cost: 112.327
    lifetime: 8.33689
    annual_cost: 13.473489514675135
    efficiency: 0.706335
    discharge_ratio: 5
    depth_of_discharge: 0.5
  VRBF:
    cost: 392.019
    lifetime: 16.7104
    annual_cost: 23.459582056683264
    efficiency: 0.681751
    discharge_ratio: 0.5
    depth_of_discharge: 1.0
