cost_values:
  wind_capex: 5000.0
  wind_opex: 100
  wind_lifetime: 20
  solar_capex: 1000.0
  solar_opex: 10
  solar_lifetime: 20
  carbon_price: 1.0
timeseries_values:
  load_level: 265099.5762419699
  wind_year: 2014
  solar_year: 2015
  price_year: 2023
  carbon_year: 2023
storage_values:
  CAES:
    cost: 68.1604
    lifetime: 21.2347
    annual_cost: 3.2098593340146078
    efficiency: 0.604839
    discharge_ratio: 0.1
    depth_of_discharge: 0.4
  Li-ion:
    cost: 163.373
    lifetime: 14.7948
    annual_cost: 11.042596047259847
    efficiency: 0.917096
    discharge_ratio: 2
    depth_of_discharge: 0.9
  Pb-acid:
    cost: 76.4681
    lifetime: 7.19911
    annual_cost: 10.621882427133356
    efficiency: 0.721566
    discharge_ratio: 5
    depth_of_discharge: 0.5
  VRBF:
    cost: 334.221
    lifetime: 12.6931
    annual_cost: 26.33091994863351
    efficiency: 0.682311
    discharge_ratio: 0.5
    depth_of_discharge: 1.0
