cost_values:
  wind_capex: 5000.0
  wind_opex: 100
  wind_lifetime: 20
  solar_capex: 1000.0
  solar_opex: 10
  solar_lifetime: 20
  carbon_price: 1.0
timeseries_values:
  load_level: 265099.5762419699
  wind_year: 2014
  solar_year: 2015
  price_year: 2023
  carbon_year: 2023
storage_values:
  CAES:
    cost: 57.384
    lifetime: 22.3738
    annual_cost: 2.564785597439863
    efficiency: 0.592078
    discharge_ratio: 0.1
    depth_of_discharge: 0.4
  Li-ion:
    cost: 155.384
    lifetime: 13.5334
    annual_cost: 11.481519795468987
    efficiency: 0.922211
    discharge_ratio: 2
    depth_of_discharge: 0.9
  Pb-acid:
    cost: 85.7546
    lifetime: 7.84483
    annual_cost: 10.931352240902607
    efficiency: 0.712576
    discharge_ratio: 5
    depth_of_discharge: 0.5
  VRBF:
    cost: 363.326
    lifetime: 15.7633
    annual_cost: 23.048853983620184
    efficiency: 0.668511
    discharge_ratio: 0.5
    depth_of_discharge: 1.0
