cost_values:
  wind_capex: 5000.0
  wind_opex: 100
  wind_lifetime: 20
  solar_capex: 1000.0
  solar_opex: 10
  solar_lifetime: 20
  carbon_price: 1.0
timeseries_values:
  load_level: 265099.5762419699
  wind_year: 2014
  solar_year: 2015
  price_year: 2023
  carbon_year: 2023
storage_values:
  CAES:
    cost: 62.703
    lifetime: 21.4366
    annual_cost: 2.9250440834833884
    efficiency: 0.58358
    discharge_ratio: 0.1
    depth_of_discharge: 0.4
  Li-ion:
    cost: 162.125
    lifetime: 15.4085
    annual_cost: 10.521789921147418
    efficiency: 0.923238
    discharge_ratio: 2
    depth_of_discharge: 0.9
  Pb-acid:
    cost: 78.9934
    lifetime: 7.07146
    annual_cost: 11.170734190676324
    efficiency: 0.695186
    discharge_ratio: 5
    depth_of_discharge: 0.5
  VRBF:
    cost: 355.957
    lifetime: 14.0193
    annual_cost: 25.39049738574679
    efficiency: 0.689171
    discharge_ratio: 0.5
    depth_of_discharge: 1.0
