cost_values:
  wind_capex: 5000.0
  wind_opex: 100
  wind_lifetime: 20
  solar_capex: 1000.0
  solar_opex: 10
  solar_lifetime: 20
  carbon_price: 1.0
timeseries_values:
  load_level: 265099.5762419699
  wind_year: 2014
  solar_year: 2015
  price_year: 2023
  carbon_year: 2023
storage_values:
  CAES:
    cost: 63.9713
    lifetime: 21.9485
    annual_cost: 2.9146091988062968
    efficiency: 0.588197
    discharge_ratio: 0.1
    depth_of_discharge: 0.4
  Li-ion:
    cost: 159.834
    lifetime: 16.8523
    annual_cost: 9.484402722477052
    efficiency: 0.920673
    discharge_ratio: 2
    depth_of_discharge: 0.9
  Pb-acid:
    cost: 82.4398
    lifetime: 6.98176
    annual_cost: 11.807882253185443
    efficiency: 0.710312
    discharge_ratio: 5
    depth_of_discharge: 0.5
  VRBF:
    cost: 381.786
    lifetime: 14.2442
    annual_cost: 26.802909254292977
    efficiency: 0.679988
    discharge_ratio: 0.5
    depth_of_discharge: 1.0
