cost_values:
  wind_capex: 5000.0
  wind_opex: 100
  wind_lifetime: 20
  solar_capex: 1000.0
  solar_opex: 10
  solar_lifetime: 20
  carbon_price: 1.0
timeseries_values:
  load_level: 265099.5762419699
  wind_year: 2014
  solar_year: 2015
  price_year: 2023
  carbon_year: 2023
storage_values:
  CAES:
    cost: 64.022
    lifetime: 22.6452
    annual_cost: 2.8271775034002795
    efficiency: 0.591553
    discharge_ratio: 0.1
    depth_of_discharge: 0.4
  Li-ion:
    cost: 134.559
    lifetime: 16.3799
    annual_cost: 8.214885316760176
    efficiency: 0.936509
    discharge_ratio: 2
    depth_of_discharge: 0.9
  Pb-acid:
    cost: 114.584
    lifetime: 8.06197
    annual_cost: 14.21290329782919
    efficiency: 0.708266
    discharge_ratio: 5
    depth_of_discharge: 0.5
  VRBF:
    cost: 369.334
    lifetime: 16.3108
    annual_cost: 22.64352453589033
    efficiency: 0.684755
    discharge_ratio: 0.5
    depth_of_discharge: 1.0
