cost_values:
  wind_capex: 5000.0
  wind_opex: 100
  wind_lifetime: 20
  solar_capex: 1000.0
  solar_opex: 10
  solar_lifetime: 20
  carbon_price: 1.0
timeseries_values:
  load_level: 265099.5762419699
  wind_year: 2014
  solar_year: 2015
  price_year: 2023
  carbon_year: 2023
storage_values:
  CAES:
    cost: 54.4989
    lifetime: 22.4009
    annual_cost: 2.4328888571441327
    efficiency: 0.605175
    discharge_ratio: 0.1
    depth_of_discharge: 0.4
  Li-ion:
    cost: 137.225
    lifetime: 16.0429
    annual_cost: 8.553628084697904
    efficiency: 0.919712
    discharge_ratio: 2
    depth_of_discharge: 0.9
  Pb-acid:
    cost: 69.1529
    lifetime: 8.87486
    annual_cost: 7.791998972378156
    efficiency: 0.726387
    discharge_ratio: 5
    depth_of_discharge: 0.5
  VRBF:
    cost: 391.032
    lifetime: 15.2486
    annual_cost: 25.643796807575775
    efficiency: 0.681002
    discharge_ratio: 0.5
    depth_of_discharge: 1.0
