cost_values:
  wind_capex: 5000.0
  wind_opex: 100
  wind_lifetime: 20
  solar_capex: 1000.0
  solar_opex: 10
  solar_lifetime: 20
  carbon_price: 1.0
timeseries_values:
  load_level: 265099.5762419699
  wind_year: 2014
  solar_year: 2015
  price_year: 2023
  carbon_year: 2023
storage_values:
  CAES:
    cost: 58.9283
    lifetime: 20.7632
    annual_cost: 2.838112622331818
    efficiency: 0.587916
    discharge_ratio: 0.1
    depth_of_discharge: 0.4
  Li-ion:
    cost: 140.895
    lifetime: 15.1153
    annual_cost: 9.321349890508294
    efficiency: 0.921341
    discharge_ratio: 2
    depth_of_discharge: 0.9
  Pb-acid:
    cost: 98.2843
    lifetime: 9.33296
    annual_cost: 10.530881949563698
    efficiency: 0.69993
    discharge_ratio: 5
    depth_of_discharge: 0.5
  VRBF:
    cost: 371.651
    lifetime: 15.7089
    annual_cost: 23.658626638402435
    efficiency: 0.697614
    discharge_ratio: 0.5
    depth_of_discharge: 1.0
