cost_values:
  wind_capex: 5000.0
  wind_opex: 100
  wind_lifetime: 20
  solar_capex: 1000.0
  solar_opex: 10
  solar_lifetime: 20
  carbon_price: 1.0
timeseries_values:
  load_level: 265099.5762419699
  wind_year: 2014
  solar_year: 2015
  price_year: 2023
  carbon_year: 2023
storage_values:
  CAES:
    cost: 61.9311
    lifetime: 22.1159
    annual_cost: 2.8002975235011913
    efficiency: 0.587885
    discharge_ratio: 0.1
    depth_of_discharge: 0.4
  Li-ion:
    cost: 141.992
    lifetime: 15.8124
    annual_cost: 8.979788014469657
    efficiency: 0.935759
    discharge_ratio: 2
    depth_of_discharge: 0.9
  Pb-acid:
    cost: 102.155
    lifetime: 8.84102
    annual_cost: 11.5546622448541
    efficiency: 0.707449
    discharge_ratio: 5
    depth_of_discharge: 0.5
  VRBF:
    cost: 349.915
    lifetime: 16.1775
    annual_cost: 21.629732653376607
    efficiency: 0.697216
    discharge_ratio: 0.5
    depth_of_discharge: 1.0
