cost_values:
  wind_capex: 5000.0
  wind_opex: 100
  wind_lifetime: 20
  solar_capex: 1000.0
  solar_opex: 10
  solar_lifetime: 20
  carbon_price: 1.0
timeseries_values:
  load_level: 265099.5762419699
  wind_year: 2014
  solar_year: 2015
  price_year: 2023
  carbon_year: 2023
storage_values:
  CAES:
    cost: 55.1882
    lifetime: 22.0297
    annual_cost: 2.505172562495177
    efficiency: 0.596524
    discharge_ratio: 0.1
    depth_of_discharge: 0.4
  Li-ion:
    cost: 130.524
    lifetime: 16.4378
    annual_cost: 7.9404786528610884
    efficiency: 0.918873
    discharge_ratio: 2
    depth_of_discharge: 0.9
  Pb-acid:
    cost: 76.7092
    lifetime: 8.51931
    annual_cost: 9.004156439899473
    efficiency: 0.709987
    discharge_ratio: 5
    depth_of_discharge: 0.5
  VRBF:
    cost: 384.625
    lifetime: 15.027
    annual_cost: 25.59559459639316
    efficiency: 0.682081
    discharge_ratio: 0.5
    depth_of_discharge: 1.0
