cost_values:
  wind_capex: 5000.0
  wind_opex: 100
  wind_lifetime: 20
  solar_capex: 1000.0
  solar_opex: 10
  solar_lifetime: 20
  carbon_price: 1.0
timeseries_values:
  load_level: 265099.5762419699
  wind_year: 2014
  solar_year: 2015
  price_year: 2023
  carbon_year: 2023
storage_values:
  CAES:
    cost: 61.8611
    lifetime: 20.9919
    annual_cost: 2.946903329379427
    efficiency: 0.595454
    discharge_ratio: 0.1
    depth_of_discharge: 0.4
  Li-ion:
    cost: 144.177
    lifetime: 15.0721
    annual_cost: 9.565820290470471
    efficiency: 0.93405
    discharge_ratio: 2
    depth_of_discharge: 0.9
  Pb-acid:
    cost: 82.422
    lifetime: 9.2974
    annual_cost: 8.865059048766321
    efficiency: 0.712623
    discharge_ratio: 5
    depth_of_discharge: 0.5
  VRBF:
    cost: 368.508
    lifetime: 13.9149
    annual_cost: 26.482978677532717
    efficiency: 0.675828
    discharge_ratio: 0.5
    depth_of_discharge: 1.0
