cost_values:
  wind_capex: 5000.0
  wind_opex: 100
  wind_lifetime: 20
  solar_capex: 1000.0
  solar_opex: 10
  solar_lifetime: 20
  carbon_price: 1.0
timeseries_values:
  load_level: 265099.5762419699
  wind_year: 2014
  solar_year: 2015
  price_year: 2023
  carbon_year: 2023
storage_values:
  CAES:
    cost: 58.0987
    lifetime: 22.0678
    annual_cost: 2.6327363851403405
    efficiency: 0.591804
    discharge_ratio: 0.1
    depth_of_discharge: 0.4
  Li-ion:
    cost: 162.577
    lifetime: 14.6453
    annual_cost: 11.100967545902098
    efficiency: 0.916035
    discharge_ratio: 2
    depth_of_discharge: 0.9
  Pb-acid:
    cost: 104.565
    lifetime: 9.79957
    annual_cost: 10.67036614871877
    efficiency: 0.713494
    discharge_ratio: 5
    depth_of_discharge: 0.5
  VRBF:
    cost: 354.726
    lifetime: 14.5292
    annual_cost: 24.41469592269361
    efficiency: 0.674373
    discharge_ratio: 0.5
    depth_of_discharge: 1.0
