cost_values:
  wind_capex: 5000.0
  wind_opex: 100
  wind_lifetime: 20
  solar_capex: 1000.0
  solar_opex: 10
  solar_lifetime: 20
  carbon_price: 1.0
timeseries_values:
  load_level: 265099.5762419699
  wind_year: 2014
  solar_year: 2015
  price_year: 2023
  carbon_year: 2023
storage_values:
  CAES:
    cost: 51.5522
    lifetime: 21.7963
    annual_cost: 2.365181246358327
    efficiency: 0.590954
    discharge_ratio: 0.1
    depth_of_discharge: 0.4
  Li-ion:
    cost: 151.073
    lifetime: 16.6115
    annual_cost: 9.094482737862325
    efficiency: 0.945894
    discharge_ratio: 2
    depth_of_discharge: 0.9
  Pb-acid:
    cost: 91.8465
    lifetime: 8.10752
    annual_cost: 11.328556697979161
    efficiency: 0.713875
    discharge_ratio: 5
    depth_of_discharge: 0.5
  VRBF:
    cost: 355.583
    lifetime: 14.7536
    annual_cost: 24.101439648628133
    efficiency: 0.68928
    discharge_ratio: 0.5
    depth_of_discharge: 1.0
