cost_values:
  wind_capex: 5000.0
  wind_opex: 100
  wind_lifetime: 20
  solar_capex: 1000.0
  solar_opex: 10
  solar_lifetime: 20
  carbon_price: 1.0
timeseries_values:
  load_level: 265099.5762419699
  wind_year: 2014
  solar_year: 2015
  price_year: 2023
  carbon_year: 2023
storage_values:
  CAES:
    cost: 54.8014
    lifetime: 20.934
    annual_cost: 2.6178179038884113
    efficiency: 0.593201
    discharge_ratio: 0.1
    depth_of_discharge: 0.4
  Li-ion:
    cost: 152.743
    lifetime: 13.4695
    annual_cost: 11.339916106759716
    efficiency: 0.918935
    discharge_ratio: 2
    depth_of_discharge: 0.9
  Pb-acid:
    cost: 97.3396
    lifetime: 8.50786
    annual_cost: 11.441137959486873
    efficiency: 0.714054
    discharge_ratio: 5
    depth_of_discharge: 0.5
  VRBF:
    cost: 329.989
    lifetime: 14.516
    annual_cost: 22.732777624689994
    efficiency: 0.670298
    discharge_ratio: 0.5
    depth_of_discharge: 1.0
