cost_values:
  wind_capex: 5000.0
  wind_opex: 100
  wind_lifetime: 20
  solar_capex: 1000.0
  solar_opex: 10
  solar_lifetime: 20
  carbon_price: 1.0
timeseries_values:
  load_level: 265099.5762419699
  wind_year: 2014
  solar_year: 2015
  price_year: 2023
  carbon_year: 2023
storage_values:
  CAES:
    cost: 60.241
    lifetime: 21.4959
    annual_cost: 2.80244139580106
    efficiency: 0.594791
    discharge_ratio: 0.1
    depth_of_discharge: 0.4
  Li-ion:
    cost: 182.114
    lifetime: 14.5774
    annual_cost: 12.492899968444304
    efficiency: 0.909728
    discharge_ratio: 2
    depth_of_discharge: 0.9
  Pb-acid:
    cost: 87.6056
    lifetime: 9.59402
    annual_cost: 9.131271354447874
    efficiency: 0.71007
    discharge_ratio: 5
    depth_of_discharge: 0.5
  VRBF:
    cost: 377.893
    lifetime: 14.5339
    annual_cost: 26.00079813401771
    efficiency: 0.70704
    discharge_ratio: 0.5
    depth_of_discharge: 1.0
