cost_values:
  wind_capex: 5000.0
  wind_opex: 100
  wind_lifetime: 20
  solar_capex: 1000.0
  solar_opex: 10
  solar_lifetime: 20
  carbon_price: 1.0
timeseries_values:
  load_level: 265099.5762419699
  wind_year: 2014
  solar_year: 2015
  price_year: 2023
  carbon_year: 2023
storage_values:
  CAES:
    cost: 53.8508
    lifetime: 22.407
    annual_cost: 2.4033025393850136
    efficiency: 0.589206
    discharge_ratio: 0.1
    depth_of_discharge: 0.4
  Li-ion:
    cost: 160.947
    lifetime: 15.3531
    annual_cost: 10.48302948590187
    efficiency: 0.929746
    discharge_ratio: 2
    depth_of_discharge: 0.9
  Pb-acid:
    cost: 95.1345
    lifetime: 7.60125
    annual_cost: 12.515638875185003
    efficiency: 0.708683
    discharge_ratio: 5
    depth_of_discharge: 0.5
  VRBF:
    cost: 374.17
    lifetime: 13.5225
    annual_cost: 27.670179330745054
    efficiency: 0.691822
    discharge_ratio: 0.5
    depth_of_discharge: 1.0
