cost_values:
  wind_capex: 5000.0
  wind_opex: 100
  wind_lifetime: 20
  solar_capex: 1000.0
  solar_opex: 10
  solar_lifetime: 20
  carbon_price: 1.0
timeseries_values:
  load_level: 265099.5762419699
  wind_year: 2014
  solar_year: 2015
  price_year: 2023
  carbon_year: 2023
storage_values:
  CAES:
    cost: 55.2093
    lifetime: 20.5531
    annual_cost: 2.6861787272966122
    efficiency: 0.597042
    discharge_ratio: 0.1
    depth_of_discharge: 0.4
  Li-ion:
    cost: 160.028
    lifetime: 15.3201
    annual_cost: 10.445623723082747
    efficiency: 0.933699
    discharge_ratio: 2
    depth_of_discharge: 0.9
  Pb-acid:
    cost: 98.454
    lifetime: 8.05341
    annual_cost: 12.225131962733798
    efficiency: 0.712499
    discharge_ratio: 5
    depth_of_discharge: 0.5
  VRBF:
    cost: 347.675
    lifetime: 16.0033
    annual_cost: 21.72520667612305
    efficiency: 0.665438
    discharge_ratio: 0.5
    depth_of_discharge: 1.0
