cost_values:
  wind_capex: 5000.0
  wind_opex: 100
  wind_lifetime: 20
  solar_capex: 1000.0
  solar_opex: 10
  solar_lifetime: 20
  carbon_price: 1.0
timeseries_values:
  load_level: 265099.5762419699
  wind_year: 2014
  solar_year: 2015
  price_year: 2023
  carbon_year: 2023
storage_values:
  CAES:
    cost: 52.5793
    lifetime: 21.2362
    annual_cost: 2.475927896704684
    efficiency: 0.59655
    discharge_ratio: 0.1
    depth_of_discharge: 0.4
  Li-ion:
    cost: 157.065
    lifetime: 15.3358
    annual_cost: 10.24172198385477
    efficiency: 0.92079
    discharge_ratio: 2
    depth_of_discharge: 0.9
  Pb-acid:
    cost: 69.0061
    lifetime: 9.2999
    annual_cost: 7.420090538607943
    efficiency: 0.696587
    discharge_ratio: 5
    depth_of_discharge: 0.5
  VRBF:
    cost: 397.856
    lifetime: 14.6384
    annual_cost: 27.178926658651218
    efficiency: 0.699435
    discharge_ratio: 0.5
    depth_of_discharge: 1.0
