cost_values:
  wind_capex: 5000.0
  wind_opex: 100
  wind_lifetime: 20
  solar_capex: 1000.0
  solar_opex: 10
  solar_lifetime: 20
  carbon_price: 1.0
timeseries_values:
  load_level: 265099.5762419699
  wind_year: 2014
  solar_year: 2015
  price_year: 2023
  carbon_year: 2023
storage_values:
  CAES:
    cost: 61.2854
    lifetime: 21.0736
    annual_cost: 2.9081599726672236
    efficiency: 0.595432
    discharge_ratio: 0.1
    depth_of_discharge: 0.4
  Li-ion:
    cost: 143.383
    lifetime: 16.5279
    annual_cost: 8.675209796767891
    efficiency: 0.910527
    discharge_ratio: 2
    depth_of_discharge: 0.9
  Pb-acid:
    cost: 79.2725
    lifetime: 9.19673
    annual_cost: 8.6196398067574
    efficiency: 0.706513
    discharge_ratio: 5
    depth_of_discharge: 0.5
  VRBF:
    cost: 308.785
    lifetime: 12.4212
    annual_cost: 24.859514378642967
    efficiency: 0.678622
    discharge_ratio: 0.5
    depth_of_discharge: 1.0
