cost_values:
  wind_capex: 5000.0
  wind_opex: 100
  wind_lifetime: 20
  solar_capex: 1000.0
  solar_opex: 10
  solar_lifetime: 20
  carbon_price: 1.0
timeseries_values:
  load_level: 265099.5762419699
  wind_year: 2014
  solar_year: 2015
  price_year: 2023
  carbon_year: 2023
storage_values:
  CAES:
    cost: 60.2662
    lifetime: 21.8409
    annual_cost: 2.7593276833830105
    efficiency: 0.590142
    discharge_ratio: 0.1
    depth_of_discharge: 0.4
  Li-ion:
    cost: 148.211
    lifetime: 15.5201
    annual_cost: 9.549616304018661
    efficiency: 0.933934
    discharge_ratio: 2
    depth_of_discharge: 0.9
  Pb-acid:
    cost: 97.6153
    lifetime: 8.54441
    annual_cost: 11.424463479631713
    efficiency: 0.713041
    discharge_ratio: 5
    depth_of_discharge: 0.5
  VRBF:
    cost: 377.165
    lifetime: 14.4176
    annual_cost: 26.160040506048166
    efficiency: 0.696198
    discharge_ratio: 0.5
    depth_of_discharge: 1.0
