cost_values:
  wind_capex: 5000.0
  wind_opex: 100
  wind_lifetime: 20
  solar_capex: 1000.0
  solar_opex: 10
  solar_lifetime: 20
  carbon_price: 1.0
timeseries_values:
  load_level: 265099.5762419699
  wind_year: 2014
  solar_year: 2015
  price_year: 2023
  carbon_year: 2023
storage_values:
  CAES:
    cost: 62.2755
    lifetime: 21.0801
    annual_cost: 2.954231716168329
    efficiency: 0.593904
    discharge_ratio: 0.1
    depth_of_discharge: 0.4
  Li-ion:
    cost: 152.668
    lifetime: 14.2588
    annual_cost: 10.70693185962353
    efficiency: 0.93019
    discharge_ratio: 2
    depth_of_discharge: 0.9
  Pb-acid:
    cost: 85.1373
    lifetime: 8.51282
    annual_cost: 10.00106897596801
    efficiency: 0.715195
    discharge_ratio: 5
    depth_of_discharge: 0.5
  VRBF:
    cost: 319.406
    lifetime: 15.5852
    annual_cost: 20.494186792598107
    efficiency: 0.668775
    discharge_ratio: 0.5
    depth_of_discharge: 1.0
