cost_values:
  wind_capex: 5000.0
  wind_opex: 100
  wind_lifetime: 20
  solar_capex: 1000.0
  solar_opex: 10
  solar_lifetime: 20
  carbon_price: 1.0
timeseries_values:
  load_level: 265099.5762419699
  wind_year: 2014
  solar_year: 2015
  price_year: 2023
  carbon_year: 2023
storage_values:
  CAES:
    cost: 52.5976
    lifetime: 21.1837
    annual_cost: 2.4829279115546385
    efficiency: 0.58871
    discharge_ratio: 0.1
    depth_of_discharge: 0.4
  Li-ion:
    cost: 177.436
    lifetime: 15.9297
    annual_cost: 11.13869062192006
    efficiency: 0.919381
    discharge_ratio: 2
    depth_of_discharge: 0.9
  Pb-acid:
    cost: 96.9376
    lifetime: 8.20982
    annual_cost: 11.807518313434398
    efficiency: 0.717128
    discharge_ratio: 5
    depth_of_discharge: 0.5
  VRBF:
    cost: 334.606
    lifetime: 15.3531
    annual_cost: 21.79403508086315
    efficiency: 0.671383
    discharge_ratio: 0.5
    depth_of_discharge: 1.0
