cost_values:
  wind_capex: 5000.0
  wind_opex: 100
  wind_lifetime: 20
  solar_capex: 1000.0
  solar_opex: 10
  solar_lifetime: 20
  carbon_price: 1.0
timeseries_values:
  load_level: 265099.5762419699
  wind_year: 2014
  solar_year: 2015
  price_year: 2023
  carbon_year: 2023
storage_values:
  CAES:
    cost: 53.6925
    lifetime: 21.9905
    annual_cost: 2.4416225188149427
    efficiency: 0.598356
    discharge_ratio: 0.1
    depth_of_discharge: 0.4
  Li-ion:
    cost: 159.844
    lifetime: 15.4885
    annual_cost: 10.320173031604092
    efficiency: 0.896986
    discharge_ratio: 2
    depth_of_discharge: 0.9
  Pb-acid:
    cost: 84.8544
    lifetime: 8.5429
    annual_cost: 9.932739467862202
    efficiency: 0.69791
    discharge_ratio: 5
    depth_of_discharge: 0.5
  VRBF:
    cost: 380.673
    lifetime: 12.482
    annual_cost: 30.497756769748438
    efficiency: 0.694079
    discharge_ratio: 0.5
    depth_of_discharge: 1.0
