cost_values:
  wind_capex: 5000.0
  wind_opex: 100
  wind_lifetime: 20
  solar_capex: 1000.0
  solar_opex: 10
  solar_lifetime: 20
  carbon_price: 1.0
timeseries_values:
  load_level: 265099.5762419699
  wind_year: 2014
  solar_year: 2015
  price_year: 2023
  carbon_year: 2023
storage_values:
  CAES:
    cost: 49.7768
    lifetime: 21.7612
    annual_cost: 2.2874106207378273
    efficiency: 0.58699
    discharge_ratio: 0.1
    depth_of_discharge: 0.4
  Li-ion:
    cost: 147.619
    lifetime: 13.1722
    annual_cost: 11.206859901914639
    efficiency: 0.936124
    discharge_ratio: 2
    depth_of_discharge: 0.9
  Pb-acid:
    cost: 85.8587
    lifetime: 9.52885
    annual_cost: 9.010394748579314
    efficiency: 0.696436
    discharge_ratio: 5
    depth_of_discharge: 0.5
  VRBF:
    cost: 366.808
    lifetime: 13.9688
    annual_cost: 26.259091690052117
    efficiency: 0.688008
    discharge_ratio: 0.5
    depth_of_discharge: 1.0
