cost_values:
  wind_capex: 5000.0
  wind_opex: 100
  wind_lifetime: 20
  solar_capex: 1000.0
  solar_opex: 10
  solar_lifetime: 20
  carbon_price: 1.0
timeseries_values:
  load_level: 265099.5762419699
  wind_year: 2014
  solar_year: 2015
  price_year: 2023
  carbon_year: 2023
storage_values:
  CAES:
    cost: 63.8276
    lifetime: 22.3052
    annual_cost: 2.861556946362283
    efficiency: 0.597954
    discharge_ratio: 0.1
    depth_of_discharge: 0.4
  Li-ion:
    cost: 159.674
    lifetime: 13.4591
    annual_cost: 11.863646157618266
    efficiency: 0.929365
    discharge_ratio: 2
    depth_of_discharge: 0.9
  Pb-acid:
    cost: 78.7226
    lifetime: 7.82883
    annual_cost: 10.055474445095882
    efficiency: 0.708449
    discharge_ratio: 5
    depth_of_discharge: 0.5
  VRBF:
    cost: 345.099
    lifetime: 13.3793
    annual_cost: 25.79350190219219
    efficiency: 0.689108
    discharge_ratio: 0.5
    depth_of_discharge: 1.0
