cost_values:
  wind_capex: 5000.0
  wind_opex: 100
  wind_lifetime: 20
  solar_capex: 1000.0
  solar_opex: 10
  solar_lifetime: 20
  carbon_price: 1.0
timeseries_values:
  load_level: 265099.5762419699
  wind_year: 2014
  solar_year: 2015
  price_year: 2023
  carbon_year: 2023
storage_values:
  CAES:
    cost: 65.6305
    lifetime: 21.0978
    annual_cost: 3.1107745831318905
    efficiency: 0.5964
    discharge_ratio: 0.1
    depth_of_discharge: 0.4
  Li-ion:
    cost: 155.227
    lifetime: 15.9801
    annual_cost: 9.713769000193992
    efficiency: 0.907226
    discharge_ratio: 2
    depth_of_discharge: 0.9
  Pb-acid:
    cost: 94.838
    lifetime: 8.51874
    annual_cost: 11.132867067195383
    efficiency: 0.721755
    discharge_ratio: 5
    depth_of_discharge: 0.5
  VRBF:
    cost: 346.967
    lifetime: 12.6823
    annual_cost: 27.35836559614581
    efficiency: 0.673429
    discharge_ratio: 0.5
    depth_of_discharge: 1.0
