cost_values:
  wind_capex: 5000.0
  wind_opex: 100
  wind_lifetime: 20
  solar_capex: 1000.0
  solar_opex: 10
  solar_lifetime: 20
  carbon_price: 1.0
timeseries_values:
  load_level: 265099.5762419699
  wind_year: 2014
  solar_year: 2015
  price_year: 2023
  carbon_year: 2023
storage_values:
  CAES:
    cost: 59.9687
    lifetime: 21.3044
    annual_cost: 2.8148504534274608
    efficiency: 0.588319
    discharge_ratio: 0.1
    depth_of_discharge: 0.4
  Li-ion:
    cost: 153.021
    lifetime: 15.1915
    annual_cost: 10.072803870585524
    efficiency: 0.929731
    discharge_ratio: 2
    depth_of_discharge: 0.9
  Pb-acid:
    cost: 88.5311
    lifetime: 8.6234
    annual_cost: 10.266379850175104
    efficiency: 0.7107
    discharge_ratio: 5
    depth_of_discharge: 0.5
  VRBF:
    cost: 374.608
    lifetime: 12.4566
    annual_cost: 30.073053642245878
    efficiency: 0.692728
    discharge_ratio: 0.5
    depth_of_discharge: 1.0
