cost_values:
  wind_capex: 5000.0
  wind_opex: 100
  wind_lifetime: 20
  solar_capex: 1000.0
  solar_opex: 10
  solar_lifetime: 20
  carbon_price: 1.0
timeseries_values:
  load_level: 265099.5762419699
  wind_year: 2014
  solar_year: 2015
  price_year: 2023
  carbon_year: 2023
storage_values:
  CAES:
    cost: 66.0306
    lifetime: 22.2623
    annual_cost: 2.9660277689187553
    efficiency: 0.59451
    discharge_ratio: 0.1
    depth_of_discharge: 0.4
  Li-ion:
    cost: 172.098
    lifetime: 15.5329
    annual_cost: 11.079579473247108
    efficiency: 0.930569
    discharge_ratio: 2
    depth_of_discharge: 0.9
  Pb-acid:
    cost: 88.8101
    lifetime: 8.86454
    annual_cost: 10.018579644290623
    efficiency: 0.71776
    discharge_ratio: 5
    depth_of_discharge: 0.5
  VRBF:
    cost: 377.611
    lifetime: 14.7663
    annual_cost: 25.572485998523664
    efficiency: 0.661847
    discharge_ratio: 0.5
    depth_of_discharge: 1.0
