cost_values:
  wind_capex: 5000.0
  wind_opex: 100
  wind_lifetime: 20
  solar_capex: 1000.0
  solar_opex: 10
  solar_lifetime: 20
  carbon_price: 1.0
timeseries_values:
  load_level: 265099.5762419699
  wind_year: 2014
  solar_year: 2015
  price_year: 2023
  carbon_year: 2023
storage_values:
  CAES:
    cost: 58.0971
    lifetime: 21.113
    annual_cost: 2.7517216880594892
    efficiency: 0.595036
    discharge_ratio: 0.1
    depth_of_discharge: 0.4
  Li-ion:
    cost: 153.543
    lifetime: 15.1367
    annual_cost: 10.143756565169424
    efficiency: 0.909029
    discharge_ratio: 2
    depth_of_discharge: 0.9
  Pb-acid:
    cost: 92.5868
    lifetime: 8.57981
    annual_cost: 10.791241297884218
    efficiency: 0.721745
    discharge_ratio: 5
    depth_of_discharge: 0.5
  VRBF:
    cost: 354.645
    lifetime: 15.343
    annual_cost: 23.114449586130483
    efficiency: 0.667535
    discharge_ratio: 0.5
    depth_of_discharge: 1.0
