cost_values:
  wind_capex: 5000.0
  wind_opex: 100
  wind_lifetime: 20
  solar_capex: 1000.0
  solar_opex: 10
  solar_lifetime: 20
  carbon_price: 1.0
timeseries_values:
  load_level: 265099.5762419699
  wind_year: 2014
  solar_year: 2015
  price_year: 2023
  carbon_year: 2023
storage_values:
  CAES:
    cost: 53.1626
    lifetime: 22.0822
    annual_cost: 2.4074865728958166
    efficiency: 0.591422
    discharge_ratio: 0.1
    depth_of_discharge: 0.4
  Li-ion:
    cost: 167.321
    lifetime: 14.1848
    annual_cost: 11.795795499407816
    efficiency: 0.923709
    discharge_ratio: 2
    depth_of_discharge: 0.9
  Pb-acid:
    cost: 104.143
    lifetime: 9.18851
    annual_cost: 11.334046542910656
    efficiency: 0.716304
    discharge_ratio: 5
    depth_of_discharge: 0.5
  VRBF:
    cost: 371.32
    lifetime: 15.5492
    annual_cost: 23.88032824839863
    efficiency: 0.68675
    discharge_ratio: 0.5
    depth_of_discharge: 1.0
