cost_values:
  wind_capex: 5000.0
  wind_opex: 100
  wind_lifetime: 20
  solar_capex: 1000.0
  solar_opex: 10
  solar_lifetime: 20
  carbon_price: 1.0
timeseries_values:
  load_level: 265099.5762419699
  wind_year: 2014
  solar_year: 2015
  price_year: 2023
  carbon_year: 2023
storage_values:
  CAES:
    cost: 59.9683
    lifetime: 22.3497
    annual_cost: 2.6831814297283634
    efficiency: 0.59225
    discharge_ratio: 0.1
    depth_of_discharge: 0.4
  Li-ion:
    cost: 153.852
    lifetime: 12.9382
    annual_cost: 11.891298635049697
    efficiency: 0.925015
    discharge_ratio: 2
    depth_of_discharge: 0.9
  Pb-acid:
    cost: 81.2927
    lifetime: 7.51815
    annual_cost: 10.812859546563981
    efficiency: 0.714544
    discharge_ratio: 5
    depth_of_discharge: 0.5
  VRBF:
    cost: 388.346
    lifetime: 12.9126
    annual_cost: 30.074965537536983
    efficiency: 0.689238
    discharge_ratio: 0.5
    depth_of_discharge: 1.0
