cost_values:
  wind_capex: 5000.0
  wind_opex: 100
  wind_lifetime: 20
  solar_capex: 1000.0
  solar_opex: 10
  solar_lifetime: 20
  carbon_price: 1.0
timeseries_values:
  load_level: 265099.5762419699
  wind_year: 2014
  solar_year: 2015
  price_year: 2023
  carbon_year: 2023
storage_values:
  CAES:
    cost: 53.6136
    lifetime: 20.2716
    annual_cost: 2.644764103474812
    efficiency: 0.605696
    discharge_ratio: 0.1
    depth_of_discharge: 0.4
  Li-ion:
    cost: 173.951
    lifetime: 14.039
    annual_cost: 12.390554882826413
    efficiency: 0.927883
    discharge_ratio: 2
    depth_of_discharge: 0.9
  Pb-acid:
    cost: 106.756
    lifetime: 8.82149
    annual_cost: 12.101810465125505
    efficiency: 0.728398
    discharge_ratio: 5
    depth_of_discharge: 0.5
  VRBF:
    cost: 394.261
    lifetime: 15.6486
    annual_cost: 25.194650000639037
    efficiency: 0.685659
    discharge_ratio: 0.5
    depth_of_discharge: 1.0
