cost_values:
  wind_capex: 5000.0
  wind_opex: 100
  wind_lifetime: 20
  solar_capex: 1000.0
  solar_opex: 10
  solar_lifetime: 20
  carbon_price: 1.0
timeseries_values:
  load_level: 265099.5762419699
  wind_year: 2014
  solar_year: 2015
  price_year: 2023
  carbon_year: 2023
storage_values:
  CAES:
    cost: 51.5497
    lifetime: 21.0348
    annual_cost: 2.450686481449788
    efficiency: 0.603994
    discharge_ratio: 0.1
    depth_of_discharge: 0.4
  Li-ion:
    cost: 184.171
    lifetime: 13.8856
    annual_cost: 13.263452785619634
    efficiency: 0.916389
    discharge_ratio: 2
    depth_of_discharge: 0.9
  Pb-acid:
    cost: 84.3127
    lifetime: 11.1372
    annual_cost: 7.570367776460871
    efficiency: 0.707771
    discharge_ratio: 5
    depth_of_discharge: 0.5
  VRBF:
    cost: 357.884
    lifetime: 16.2575
    annual_cost: 22.01347070582808
    efficiency: 0.686632
    discharge_ratio: 0.5
    depth_of_discharge: 1.0
