cost_values:
  wind_capex: 5000.0
  wind_opex: 100
  wind_lifetime: 20
  solar_capex: 1000.0
  solar_opex: 10
  solar_lifetime: 20
  carbon_price: 1.0
timeseries_values:
  load_level: 265099.5762419699
  wind_year: 2014
  solar_year: 2015
  price_year: 2023
  carbon_year: 2023
storage_values:
  CAES:
    cost: 53.6396
    lifetime: 20.642
    annual_cost: 2.5985660304234086
    efficiency: 0.595264
    discharge_ratio: 0.1
    depth_of_discharge: 0.4
  Li-ion:
    cost: 153.28
    lifetime: 15.3269
    annual_cost: 10.000717692423125
    efficiency: 0.92216
    discharge_ratio: 2
    depth_of_discharge: 0.9
  Pb-acid:
    cost: 107.012
    lifetime: 9.14966
    annual_cost: 11.695735142070852
    efficiency: 0.692065
    discharge_ratio: 5
    depth_of_discharge: 0.5
  VRBF:
    cost: 385.395
    lifetime: 11.7522
    annual_cost: 32.793434420789296
    efficiency: 0.682485
    discharge_ratio: 0.5
    depth_of_discharge: 1.0
