cost_values:
  wind_capex: 5000.0
  wind_opex: 100
  wind_lifetime: 20
  solar_capex: 1000.0
  solar_opex: 10
  solar_lifetime: 20
  carbon_price: 1.0
timeseries_values:
  load_level: 265099.5762419699
  wind_year: 2014
  solar_year: 2015
  price_year: 2023
  carbon_year: 2023
storage_values:
  CAES:
    cost: 56.3674
    lifetime: 22.2572
    annual_cost: 2.532546771381845
    efficiency: 0.603558
    discharge_ratio: 0.1
    depth_of_discharge: 0.4
  Li-ion:
    cost: 158.824
    lifetime: 13.4289
    annual_cost: 11.827029764165346
    efficiency: 0.908772
    discharge_ratio: 2
    depth_of_discharge: 0.9
  Pb-acid:
    cost: 96.5026
    lifetime: 8.44557
    annual_cost: 11.426416452649141
    efficiency: 0.723658
    discharge_ratio: 5
    depth_of_discharge: 0.5
  VRBF:
    cost: 381.153
    lifetime: 14.8567
    annual_cost: 25.655293571250684
    efficiency: 0.672946
    discharge_ratio: 0.5
    depth_of_discharge: 1.0
