cost_values:
  wind_capex: 5000.0
  wind_opex: 100
  wind_lifetime: 20
  solar_capex: 1000.0
  solar_opex: 10
  solar_lifetime: 20
  carbon_price: 1.0
timeseries_values:
  load_level: 265099.5762419699
  wind_year: 2014
  solar_year: 2015
  price_year: 2023
  carbon_year: 2023
storage_values:
  CAES:
    cost: 70.4496
    lifetime: 21.6731
    annual_cost: 3.2505548352566085
    efficiency: 0.589079
    discharge_ratio: 0.1
    depth_of_discharge: 0.4
  Li-ion:
    cost: 153.615
    lifetime: 14.9597
    annual_cost: 10.268588273829021
    efficiency: 0.924955
    discharge_ratio: 2
    depth_of_discharge: 0.9
  Pb-acid:
    cost: 100.008
    lifetime: 7.5158
    annual_cost: 13.306367918252215
    efficiency: 0.727369
    discharge_ratio: 5
    depth_of_discharge: 0.5
  VRBF:
    cost: 375.769
    lifetime: 15.0169
    annual_cost: 25.02307400328963
    efficiency: 0.684867
    discharge_ratio: 0.5
    depth_of_discharge: 1.0
