cost_values:
  wind_capex: 5000.0
  wind_opex: 100
  wind_lifetime: 20
  solar_capex: 1000.0
  solar_opex: 10
  solar_lifetime: 20
  carbon_price: 1.0
timeseries_values:
  load_level: 265099.5762419699
  wind_year: 2014
  solar_year: 2015
  price_year: 2023
  carbon_year: 2023
storage_values:
  CAES:
    cost: 57.2783
    lifetime: 22.4789
    annual_cost: 2.548091766056168
    efficiency: 0.599378
    discharge_ratio: 0.1
    depth_of_discharge: 0.4
  Li-ion:
    cost: 155.987
    lifetime: 14.2494
    annual_cost: 10.94691706317459
    efficiency: 0.909933
    discharge_ratio: 2
    depth_of_discharge: 0.9
  Pb-acid:
    cost: 77.2044
    lifetime: 9.32604
    annual_cost: 8.278368954025503
    efficiency: 0.708222
    discharge_ratio: 5
    depth_of_discharge: 0.5
  VRBF:
    cost: 367.685
    lifetime: 18.1573
    annual_cost: 20.249982100863015
    efficiency: 0.68548
    discharge_ratio: 0.5
    depth_of_discharge: 1.0
