cost_values:
  wind_capex: 5000.0
  wind_opex: 100
  wind_lifetime: 20
  solar_capex: 1000.0
  solar_opex: 10
  solar_lifetime: 20
  carbon_price: 1.0
timeseries_values:
  load_level: 265099.5762419699
  wind_year: 2014
  solar_year: 2015
  price_year: 2023
  carbon_year: 2023
storage_values:
  CAES:
    cost: 62.8561
    lifetime: 20.2691
    annual_cost: 3.1010799690168773
    efficiency: 0.598946
    discharge_ratio: 0.1
    depth_of_discharge: 0.4
  Li-ion:
    cost: 158.05
    lifetime: 15.7151
    annual_cost: 10.057206126591623
    efficiency: 0.923144
    discharge_ratio: 2
    depth_of_discharge: 0.9
  Pb-acid:
    cost: 95.8474
    lifetime: 7.41976
    annual_cost: 12.917857181364356
    efficiency: 0.690944
    discharge_ratio: 5
    depth_of_discharge: 0.5
  VRBF:
    cost: 375.622
    lifetime: 14.7188
    annual_cost: 25.51987933798951
    efficiency: 0.653337
    discharge_ratio: 0.5
    depth_of_discharge: 1.0
