cost_values:
  wind_capex: 5000.0
  wind_opex: 100
  wind_lifetime: 20
  solar_capex: 1000.0
  solar_opex: 10
  solar_lifetime: 20
  carbon_price: 1.0
timeseries_values:
  load_level: 265099.5762419699
  wind_year: 2014
  solar_year: 2015
  price_year: 2023
  carbon_year: 2023
storage_values:
  CAES:
    cost: 54.8186
    lifetime: 21.9217
    annual_cost: 2.5006546025171406
    efficiency: 0.590488
    discharge_ratio: 0.1
    depth_of_discharge: 0.4
  Li-ion:
    cost: 143.605
    lifetime: 14.941
    annual_cost: 9.611471789036877
    efficiency: 0.917658
    discharge_ratio: 2
    depth_of_discharge: 0.9
  Pb-acid:
    cost: 91.08
    lifetime: 8.46135
    annual_cost: 10.764239748976228
    efficiency: 0.713381
    discharge_ratio: 5
    depth_of_discharge: 0.5
  VRBF:
    cost: 364.335
    lifetime: 15.8166
    annual_cost: 23.03497591138424
    efficiency: 0.676971
    discharge_ratio: 0.5
    depth_of_discharge: 1.0
