cost_values:
  wind_capex: 5000.0
  wind_opex: 100
  wind_lifetime: 20
  solar_capex: 1000.0
  solar_opex: 10
  solar_lifetime: 20
  carbon_price: 1.0
timeseries_values:
  load_level: 265099.5762419699
  wind_year: 2014
  solar_year: 2015
  price_year: 2023
  carbon_year: 2023
storage_values:
  CAES:
    cost: 61.4114
    lifetime: 22.0052
    annual_cost: 2.790767636740407
    efficiency: 0.589459
    discharge_ratio: 0.1
    depth_of_discharge: 0.4
  Li-ion:
    cost: 166.282
    lifetime: 12.6645
    annual_cost: 13.129772197875953
    efficiency: 0.915585
    discharge_ratio: 2
    depth_of_discharge: 0.9
  Pb-acid:
    cost: 97.6316
    lifetime: 7.24204
    annual_cost: 13.481229045959426
    efficiency: 0.714619
    discharge_ratio: 5
    depth_of_discharge: 0.5
  VRBF:
    cost: 378.056
    lifetime: 16.7361
    annual_cost: 22.589253171288412
    efficiency: 0.677766
    discharge_ratio: 0.5
    depth_of_discharge: 1.0
