cost_values:
  wind_capex: 5000.0
  wind_opex: 100
  wind_lifetime: 20
  solar_capex: 1000.0
  solar_opex: 10
  solar_lifetime: 20
  carbon_price: 1.0
timeseries_values:
  load_level: 265099.5762419699
  wind_year: 2014
  solar_year: 2015
  price_year: 2023
  carbon_year: 2023
storage_values:
  CAES:
    cost: 54.3813
    lifetime: 21.2782
    annual_cost: 2.5557283980787853
    efficiency: 0.602401
    discharge_ratio: 0.1
    depth_of_discharge: 0.4
  Li-ion:
    cost: 164.909
    lifetime: 16.9306
    annual_cost: 9.740292724416147
    efficiency: 0.910497
    discharge_ratio: 2
    depth_of_discharge: 0.9
  Pb-acid:
    cost: 108.413
    lifetime: 7.42385
    annual_cost: 14.603339237727056
    efficiency: 0.704124
    discharge_ratio: 5
    depth_of_discharge: 0.5
  VRBF:
    cost: 369.138
    lifetime: 13.1265
    annual_cost: 28.121586104445203
    efficiency: 0.678171
    discharge_ratio: 0.5
    depth_of_discharge: 1.0
