cost_values:
  wind_capex: 5000.0
  wind_opex: 100
  wind_lifetime: 20
  solar_capex: 1000.0
  solar_opex: 10
  solar_lifetime: 20
  carbon_price: 1.0
timeseries_values:
  load_level: 265099.5762419699
  wind_year: 2014
  solar_year: 2015
  price_year: 2023
  carbon_year: 2023
storage_values:
  CAES:
    cost: 58.7895
    lifetime: 21.8397
    annual_cost: 2.691863899229385
    efficiency: 0.603292
    discharge_ratio: 0.1
    depth_of_discharge: 0.4
  Li-ion:
    cost: 158.947
    lifetime: 15.035
    annual_cost: 10.571799135350847
    efficiency: 0.913644
    discharge_ratio: 2
    depth_of_discharge: 0.9
  Pb-acid:
    cost: 73.5021
    lifetime: 7.21018
    annual_cost: 10.194211517604275
    efficiency: 0.705688
    discharge_ratio: 5
    depth_of_discharge: 0.5
  VRBF:
    cost: 348.91
    lifetime: 14.5491
    annual_cost: 23.98155212349905
    efficiency: 0.685232
    discharge_ratio: 0.5
    depth_of_discharge: 1.0
