cost_values:
  wind_capex: 5000.0
  wind_opex: 100
  wind_lifetime: 20
  solar_capex: 1000.0
  solar_opex: 10
  solar_lifetime: 20
  carbon_price: 1.0
timeseries_values:
  load_level: 265099.5762419699
  wind_year: 2014
  solar_year: 2015
  price_year: 2023
  carbon_year: 2023
storage_values:
  CAES:
    cost: 56.6171
    lifetime: 21.5877
    annual_cost: 2.6226554936375805
    efficiency: 0.605976
    discharge_ratio: 0.1
    depth_of_discharge: 0.4
  Li-ion:
    cost: 133.106
    lifetime: 14.7183
    annual_cost: 9.043571608134092
    efficiency: 0.937821
    discharge_ratio: 2
    depth_of_discharge: 0.9
  Pb-acid:
    cost: 78.7032
    lifetime: 8.33518
    annual_cost: 9.442291588184059
    efficiency: 0.712198
    discharge_ratio: 5
    depth_of_discharge: 0.5
  VRBF:
    cost: 343.233
    lifetime: 16.2909
    annual_cost: 21.06900171261256
    efficiency: 0.6818
    discharge_ratio: 0.5
    depth_of_discharge: 1.0
