cost_values:
  wind_capex: 5000.0
  wind_opex: 100
  wind_lifetime: 20
  solar_capex: 1000.0
  solar_opex: 10
  solar_lifetime: 20
  carbon_price: 1.0
timeseries_values:
  load_level: 265099.5762419699
  wind_year: 2014
  solar_year: 2015
  price_year: 2023
  carbon_year: 2023
storage_values:
  CAES:
    cost: 47.0827
    lifetime: 21.4787
    annual_cost: 2.192064696652963
    efficiency: 0.609596
    discharge_ratio: 0.1
    depth_of_discharge: 0.4
  Li-ion:
    cost: 143.198
    lifetime: 15.7969
    annual_cost: 9.064943121751735
    efficiency: 0.932402
    discharge_ratio: 2
    depth_of_discharge: 0.9
  Pb-acid:
    cost: 74.5918
    lifetime: 9.15247
    annual_cost: 8.149909259467664
    efficiency: 0.715587
    discharge_ratio: 5
    depth_of_discharge: 0.5
  VRBF:
    cost: 362.909
    lifetime: 15.7132
    annual_cost: 23.095804801058982
    efficiency: 0.686323
    discharge_ratio: 0.5
    depth_of_discharge: 1.0
