cost_values:
  wind_capex: 5000.0
  wind_opex: 100
  wind_lifetime: 20
  solar_capex: 1000.0
  solar_opex: 10
  solar_lifetime: 20
  carbon_price: 1.0
timeseries_values:
  load_level: 265099.5762419699
  wind_year: 2014
  solar_year: 2015
  price_year: 2023
  carbon_year: 2023
storage_values:
  CAES:
    cost: 61.5615
    lifetime: 21.5913
    annual_cost: 2.8512178516346864
    efficiency: 0.583373
    discharge_ratio: 0.1
    depth_of_discharge: 0.4
  Li-ion:
    cost: 149.827
    lifetime: 12.8094
    annual_cost: 11.696644651583993
    efficiency: 0.921624
    discharge_ratio: 2
    depth_of_discharge: 0.9
  Pb-acid:
    cost: 106.419
    lifetime: 8.11185
    annual_cost: 13.118955601989681
    efficiency: 0.710194
    discharge_ratio: 5
    depth_of_discharge: 0.5
  VRBF:
    cost: 356.623
    lifetime: 15.444
    annual_cost: 23.09136234136234
    efficiency: 0.671966
    discharge_ratio: 0.5
    depth_of_discharge: 1.0
