cost_values:
  wind_capex: 5000.0
  wind_opex: 100
  wind_lifetime: 20
  solar_capex: 1000.0
  solar_opex: 10
  solar_lifetime: 20
  carbon_price: 1.0
timeseries_values:
  load_level: 265099.5762419699
  wind_year: 2014
  solar_year: 2015
  price_year: 2023
  carbon_year: 2023
storage_values:
  CAES:
    cost: 58.1016
    lifetime: 21.6478
    annual_cost: 2.6839494082539566
    efficiency: 0.592226
    discharge_ratio: 0.1
    depth_of_discharge: 0.4
  Li-ion:
    cost: 154.396
    lifetime: 14.2671
    annual_cost: 10.821820832544805
    efficiency: 0.923003
    discharge_ratio: 2
    depth_of_discharge: 0.9
  Pb-acid:
    cost: 76.7753
    lifetime: 8.40203
    annual_cost: 9.137708387139774
    efficiency: 0.711893
    discharge_ratio: 5
    depth_of_discharge: 0.5
  VRBF:
    cost: 376.326
    lifetime: 14.7287
    annual_cost: 25.550523807260657
    efficiency: 0.685657
    discharge_ratio: 0.5
    depth_of_discharge: 1.0
