cost_values:
  wind_capex: 5000.0
  wind_opex: 100
  wind_lifetime: 20
  solar_capex: 1000.0
  solar_opex: 10
  solar_lifetime: 20
  carbon_price: 1.0
timeseries_values:
  load_level: 265099.5762419699
  wind_year: 2014
  solar_year: 2015
  price_year: 2023
  carbon_year: 2023
storage_values:
  CAES:
    cost: 58.8735
    lifetime: 21.8827
    annual_cost: 2.6904129746329293
    efficiency: 0.600561
    discharge_ratio: 0.1
    depth_of_discharge: 0.4
  Li-ion:
    cost: 168.343
    lifetime: 14.2427
    annual_cost: 11.819598812023001
    efficiency: 0.944024
    discharge_ratio: 2
    depth_of_discharge: 0.9
  Pb-acid:
    cost: 92.4716
    lifetime: 6.75885
    annual_cost: 13.681558253253142
    efficiency: 0.711587
    discharge_ratio: 5
    depth_of_discharge: 0.5
  VRBF:
    cost: 351.544
    lifetime: 13.1573
    annual_cost: 26.71855167853587
    efficiency: 0.679795
    discharge_ratio: 0.5
    depth_of_discharge: 1.0
