cost_values:
  wind_capex: 5000.0
  wind_opex: 100
  wind_lifetime: 20
  solar_capex: 1000.0
  solar_opex: 10
  solar_lifetime: 20
  carbon_price: 1.0
timeseries_values:
  load_level: 265099.5762419699
  wind_year: 2014
  solar_year: 2015
  price_year: 2023
  carbon_year: 2023
storage_values:
  CAES:
    cost: 56.1633
    lifetime: 21.712
    annual_cost: 2.5867400515843775
    efficiency: 0.582267
    discharge_ratio: 0.1
    depth_of_discharge: 0.4
  Li-ion:
    cost: 165.271
    lifetime: 15.1615
    annual_cost: 10.900702437093955
    efficiency: 0.92983
    discharge_ratio: 2
    depth_of_discharge: 0.9
  Pb-acid:
    cost: 95.6135
    lifetime: 9.60567
    annual_cost: 9.953860584425657
    efficiency: 0.70036
    discharge_ratio: 5
    depth_of_discharge: 0.5
  VRBF:
    cost: 357.096
    lifetime: 16.3613
    annual_cost: 21.825649551074793
    efficiency: 0.66516
    discharge_ratio: 0.5
    depth_of_discharge: 1.0
