cost_values:
  wind_capex: 5000.0
  wind_opex: 100
  wind_lifetime: 20
  solar_capex: 1000.0
  solar_opex: 10
  solar_lifetime: 20
  carbon_price: 1.0
timeseries_values:
  load_level: 265099.5762419699
  wind_year: 2014
  solar_year: 2015
  price_year: 2023
  carbon_year: 2023
storage_values:
  CAES:
    cost: 60.9518
    lifetime: 20.2866
    annual_cost: 3.0045350132599844
    efficiency: 0.60276
    discharge_ratio: 0.1
    depth_of_discharge: 0.4
  Li-ion:
    cost: 152.133
    lifetime: 14.4027
    annual_cost: 10.562811139577997
    efficiency: 0.92404
    discharge_ratio: 2
    depth_of_discharge: 0.9
  Pb-acid:
    cost: 95.7009
    lifetime: 8.9627
    annual_cost: 10.677686411460833
    efficiency: 0.713197
    discharge_ratio: 5
    depth_of_discharge: 0.5
  VRBF:
    cost: 341.73
    lifetime: 15.6231
    annual_cost: 21.873379802984044
    efficiency: 0.677746
    discharge_ratio: 0.5
    depth_of_discharge: 1.0
