cost_values:
  wind_capex: 5000.0
  wind_opex: 100
  wind_lifetime: 20
  solar_capex: 1000.0
  solar_opex: 10
  solar_lifetime: 20
  carbon_price: 1.0
timeseries_values:
  load_level: 265099.5762419699
  wind_year: 2014
  solar_year: 2015
  price_year: 2023
  carbon_year: 2023
storage_values:
  CAES:
    cost: 60.5231
    lifetime: 21.2101
    annual_cost: 2.8535037552863964
    efficiency: 0.596909
    discharge_ratio: 0.1
    depth_of_discharge: 0.4
  Li-ion:
    cost: 168.989
    lifetime: 14.6917
    annual_cost: 11.50234486138432
    efficiency: 0.910968
    discharge_ratio: 2
    depth_of_discharge: 0.9
  Pb-acid:
    cost: 103.27
    lifetime: 8.51457
    annual_cost: 12.128621879907028
    efficiency: 0.708781
    discharge_ratio: 5
    depth_of_discharge: 0.5
  VRBF:
    cost: 374.824
    lifetime: 15.8186
    annual_cost: 23.695143691603555
    efficiency: 0.678246
    discharge_ratio: 0.5
    depth_of_discharge: 1.0
