cost_values:
  wind_capex: 5000.0
  wind_opex: 100
  wind_lifetime: 20
  solar_capex: 1000.0
  solar_opex: 10
  solar_lifetime: 20
  carbon_price: 1.0
timeseries_values:
  load_level: 265099.5762419699
  wind_year: 2014
  solar_year: 2015
  price_year: 2023
  carbon_year: 2023
storage_values:
  CAES:
    cost: 59.1419
    lifetime: 22.7664
    annual_cost: 2.597771276969569
    efficiency: 0.597214
    discharge_ratio: 0.1
    depth_of_discharge: 0.4
  Li-ion:
    cost: 141.858
    lifetime: 14.2967
    annual_cost: 9.922429651597922
    efficiency: 0.917586
    discharge_ratio: 2
    depth_of_discharge: 0.9
  Pb-acid:
    cost: 79.2005
    lifetime: 9.63962
    annual_cost: 8.216143374946315
    efficiency: 0.699075
    discharge_ratio: 5
    depth_of_discharge: 0.5
  VRBF:
    cost: 390.215
    lifetime: 15.2002
    annual_cost: 25.67170168813568
    efficiency: 0.688739
    discharge_ratio: 0.5
    depth_of_discharge: 1.0
