cost_values:
  wind_capex: 5000.0
  wind_opex: 100
  wind_lifetime: 20
  solar_capex: 1000.0
  solar_opex: 10
  solar_lifetime: 20
  carbon_price: 1.0
timeseries_values:
  load_level: 265099.5762419699
  wind_year: 2014
  solar_year: 2015
  price_year: 2023
  carbon_year: 2023
storage_values:
  CAES:
    cost: 62.7362
    lifetime: 21.6422
    annual_cost: 2.8987903263069374
    efficiency: 0.593643
    discharge_ratio: 0.1
    depth_of_discharge: 0.4
  Li-ion:
    cost: 166.308
    lifetime: 14.5253
    annual_cost: 11.449539768541786
    efficiency: 0.930235
    discharge_ratio: 2
    depth_of_discharge: 0.9
  Pb-acid:
    cost: 83.5928
    lifetime: 10.866
    annual_cost: 7.693060923983066
    efficiency: 0.7116
    discharge_ratio: 5
    depth_of_discharge: 0.5
  VRBF:
    cost: 332.992
    lifetime: 15.4743
    annual_cost: 21.519034786710872
    efficiency: 0.69838
    discharge_ratio: 0.5
    depth_of_discharge: 1.0
