cost_values:
  wind_capex: 5000.0
  wind_opex: 100
  wind_lifetime: 20
  solar_capex: 1000.0
  solar_opex: 10
  solar_lifetime: 20
  carbon_price: 1.0
timeseries_values:
  load_level: 265099.5762419699
  wind_year: 2014
  solar_year: 2015
  price_year: 2023
  carbon_year: 2023
storage_values:
  CAES:
    cost: 63.1231
    lifetime: 21.4034
    annual_cost: 2.949209004176906
    efficiency: 0.594544
    discharge_ratio: 0.1
    depth_of_discharge: 0.4
  Li-ion:
    cost: 162.074
    lifetime: 14.3991
    annual_cost: 11.25584237903758
    efficiency: 0.921705
    discharge_ratio: 2
    depth_of_discharge: 0.9
  Pb-acid:
    cost: 91.0731
    lifetime: 8.66649
    annual_cost: 10.50864883014923
    efficiency: 0.697579
    discharge_ratio: 5
    depth_of_discharge: 0.5
  VRBF:
    cost: 369.419
    lifetime: 14.9923
    annual_cost: 24.640582165511628
    efficiency: 0.675835
    discharge_ratio: 0.5
    depth_of_discharge: 1.0
