cost_values:
  wind_capex: 5000.0
  wind_opex: 100
  wind_lifetime: 20
  solar_capex: 1000.0
  solar_opex: 10
  solar_lifetime: 20
  carbon_price: 1.0
timeseries_values:
  load_level: 265099.5762419699
  wind_year: 2014
  solar_year: 2015
  price_year: 2023
  carbon_year: 2023
storage_values:
  CAES:
    cost: 53.703
    lifetime: 21.3244
    annual_cost: 2.518382697754685
    efficiency: 0.591964
    discharge_ratio: 0.1
    depth_of_discharge: 0.4
  Li-ion:
    cost: 153.426
    lifetime: 14.372
    annual_cost: 10.675340940718062
    efficiency: 0.919516
    discharge_ratio: 2
    depth_of_discharge: 0.9
  Pb-acid:
    cost: 85.4894
    lifetime: 9.45797
    annual_cost: 9.038874092432097
    efficiency: 0.703269
    discharge_ratio: 5
    depth_of_discharge: 0.5
  VRBF:
    cost: 356.212
    lifetime: 15.5392
    annual_cost: 22.923445222405274
    efficiency: 0.681169
    discharge_ratio: 0.5
    depth_of_discharge: 1.0
