cost_values:
  wind_capex: 5000.0
  wind_opex: 100
  wind_lifetime: 20
  solar_capex: 1000.0
  solar_opex: 10
  solar_lifetime: 20
  carbon_price: 1.0
timeseries_values:
  load_level: 265099.5762419699
  wind_year: 2014
  solar_year: 2015
  price_year: 2023
  carbon_year: 2023
storage_values:
  CAES:
    cost: 61.88
    lifetime: 20.9841
    annual_cost: 2.948899404787434
    efficiency: 0.591434
    discharge_ratio: 0.1
    depth_of_discharge: 0.4
  Li-ion:
    cost: 157.944
    lifetime: 15.7015
    annual_cost: 10.05916632168901
    efficiency: 0.923905
    discharge_ratio: 2
    depth_of_discharge: 0.9
  Pb-acid:
    cost: 79.9206
    lifetime: 10.1719
    annual_cost: 7.856998200926079
    efficiency: 0.716822
    discharge_ratio: 5
    depth_of_discharge: 0.5
  VRBF:
    cost: 345.347
    lifetime: 13.6198
    annual_cost: 25.3562460535397
    efficiency: 0.688651
    discharge_ratio: 0.5
    depth_of_discharge: 1.0
