cost_values:
  wind_capex: 5000.0
  wind_opex: 100
  wind_lifetime: 20
  solar_capex: 1000.0
  solar_opex: 10
  solar_lifetime: 20
  carbon_price: 1.0
timeseries_values:
  load_level: 265099.5762419699
  wind_year: 2014
  solar_year: 2015
  price_year: 2023
  carbon_year: 2023
storage_values:
  CAES:
    cost: 53.88
    lifetime: 20.7281
    annual_cost: 2.599369937427936
    efficiency: 0.599293
    discharge_ratio: 0.1
    depth_of_discharge: 0.4
  Li-ion:
    cost: 153.736
    lifetime: 14.1732
    annual_cost: 10.846950582790054
    efficiency: 0.900736
    discharge_ratio: 2
    depth_of_discharge: 0.9
  Pb-acid:
    cost: 89.4786
    lifetime: 7.70847
    annual_cost: 11.607828790927382
    efficiency: 0.717407
    discharge_ratio: 5
    depth_of_discharge: 0.5
  VRBF:
    cost: 345.036
    lifetime: 16.2807
    annual_cost: 21.1929462492399
    efficiency: 0.705279
    discharge_ratio: 0.5
    depth_of_discharge: 1.0
