cost_values:
  wind_capex: 5000.0
  wind_opex: 100
  wind_lifetime: 20
  solar_capex: 1000.0
  solar_opex: 10
  solar_lifetime: 20
  carbon_price: 1.0
timeseries_values:
  load_level: 265099.5762419699
  wind_year: 2014
  solar_year: 2015
  price_year: 2023
  carbon_year: 2023
storage_values:
  CAES:
    cost: 55.5502
    lifetime: 21.3381
    annual_cost: 2.603333942572206
    efficiency: 0.603137
    discharge_ratio: 0.1
    depth_of_discharge: 0.4
  Li-ion:
    cost: 166.375
    lifetime: 14.8724
    annual_cost: 11.186829294532153
    efficiency: 0.914429
    discharge_ratio: 2
    depth_of_discharge: 0.9
  Pb-acid:
    cost: 82.5888
    lifetime: 6.09206
    annual_cost: 13.55679359691139
    efficiency: 0.710989
    discharge_ratio: 5
    depth_of_discharge: 0.5
  VRBF:
    cost: 366.266
    lifetime: 16.2461
    annual_cost: 22.544856919506838
    efficiency: 0.66641
    discharge_ratio: 0.5
    depth_of_discharge: 1.0
