cost_values:
  wind_capex: 5000.0
  wind_opex: 100
  wind_lifetime: 20
  solar_capex: 1000.0
  solar_opex: 10
  solar_lifetime: 20
  carbon_price: 1.0
timeseries_values:
  load_level: 265099.5762419699
  wind_year: 2014
  solar_year: 2015
  price_year: 2023
  carbon_year: 2023
storage_values:
  CAES:
    cost: 61.715
    lifetime: 22.8675
    annual_cost: 2.6988083524652895
    efficiency: 0.604847
    discharge_ratio: 0.1
    depth_of_discharge: 0.4
  Li-ion:
    cost: 168.784
    lifetime: 15.4785
    annual_cost: 10.904415802564847
    efficiency: 0.9121
    discharge_ratio: 2
    depth_of_discharge: 0.9
  Pb-acid:
    cost: 104.205
    lifetime: 8.39926
    annual_cost: 12.406450092031918
    efficiency: 0.735244
    discharge_ratio: 5
    depth_of_discharge: 0.5
  VRBF:
    cost: 331.711
    lifetime: 15.0303
    annual_cost: 22.069486304331917
    efficiency: 0.681833
    discharge_ratio: 0.5
    depth_of_discharge: 1.0
