cost_values:
  wind_capex: 5000.0
  wind_opex: 100
  wind_lifetime: 20
  solar_capex: 1000.0
  solar_opex: 10
  solar_lifetime: 20
  carbon_price: 1.0
timeseries_values:
  load_level: 265099.5762419699
  wind_year: 2014
  solar_year: 2015
  price_year: 2023
  carbon_year: 2023
storage_values:
  CAES:
    cost: 65.2806
    lifetime: 22.1147
    annual_cost: 2.951909815642989
    efficiency: 0.600608
    discharge_ratio: 0.1
    depth_of_discharge: 0.4
  Li-ion:
    cost: 153.943
    lifetime: 17.6841
    annual_cost: 8.705164526325909
    efficiency: 0.927163
    discharge_ratio: 2
    depth_of_discharge: 0.9
  Pb-acid:
    cost: 86.9413
    lifetime: 9.0749
    annual_cost: 9.580414109246384
    efficiency: 0.713302
    discharge_ratio: 5
    depth_of_discharge: 0.5
  VRBF:
    cost: 360.865
    lifetime: 12.0836
    annual_cost: 29.864030586911184
    efficiency: 0.695316
    discharge_ratio: 0.5
    depth_of_discharge: 1.0
