cost_values:
  wind_capex: 5000.0
  wind_opex: 100
  wind_lifetime: 20
  solar_capex: 1000.0
  solar_opex: 10
  solar_lifetime: 20
  carbon_price: 1.0
timeseries_values:
  load_level: 265099.5762419699
  wind_year: 2014
  solar_year: 2015
  price_year: 2023
  carbon_year: 2023
storage_values:
  CAES:
    cost: 60.127
    lifetime: 20.7676
    annual_cost: 2.8952310329551803
    efficiency: 0.600673
    discharge_ratio: 0.1
    depth_of_discharge: 0.4
  Li-ion:
    cost: 170.092
    lifetime: 13.0923
    annual_cost: 12.991758514546719
    efficiency: 0.941505
    discharge_ratio: 2
    depth_of_discharge: 0.9
  Pb-acid:
    cost: 73.6428
    lifetime: 9.83582
    annual_cost: 7.487204930549765
    efficiency: 0.706442
    discharge_ratio: 5
    depth_of_discharge: 0.5
  VRBF:
    cost: 355.19
    lifetime: 14.9171
    annual_cost: 23.810928397610795
    efficiency: 0.666298
    discharge_ratio: 0.5
    depth_of_discharge: 1.0
