cost_values:
  wind_capex: 5000.0
  wind_opex: 100
  wind_lifetime: 20
  solar_capex: 1000.0
  solar_opex: 10
  solar_lifetime: 20
  carbon_price: 1.0
timeseries_values:
  load_level: 265099.5762419699
  wind_year: 2014
  solar_year: 2015
  price_year: 2023
  carbon_year: 2023
storage_values:
  CAES:
    cost: 51.0065
    lifetime: 21.0306
    annual_cost: 2.4253468755052165
    efficiency: 0.602982
    discharge_ratio: 0.1
    depth_of_discharge: 0.4
  Li-ion:
    cost: 155.928
    lifetime: 15.4185
    annual_cost: 10.11304601614943
    efficiency: 0.915064
    discharge_ratio: 2
    depth_of_discharge: 0.9
  Pb-acid:
    cost: 87.0691
    lifetime: 9.51541
    annual_cost: 9.150325629689105
    efficiency: 0.700187
    discharge_ratio: 5
    depth_of_discharge: 0.5
  VRBF:
    cost: 362.184
    lifetime: 13.68
    annual_cost: 26.47543859649123
    efficiency: 0.704699
    discharge_ratio: 0.5
    depth_of_discharge: 1.0
