cost_values:
  wind_capex: 5000.0
  wind_opex: 100
  wind_lifetime: 20
  solar_capex: 1000.0
  solar_opex: 10
  solar_lifetime: 20
  carbon_price: 1.0
timeseries_values:
  load_level: 265099.5762419699
  wind_year: 2014
  solar_year: 2015
  price_year: 2023
  carbon_year: 2023
storage_values:
  CAES:
    cost: 58.2647
    lifetime: 22.1341
    annual_cost: 2.6323500842591296
    efficiency: 0.602679
    discharge_ratio: 0.1
    depth_of_discharge: 0.4
  Li-ion:
    cost: 152.622
    lifetime: 14.3602
    annual_cost: 10.62812495647693
    efficiency: 0.928506
    discharge_ratio: 2
    depth_of_discharge: 0.9
  Pb-acid:
    cost: 95.7501
    lifetime: 9.16765
    annual_cost: 10.444345061166166
    efficiency: 0.714906
    discharge_ratio: 5
    depth_of_discharge: 0.5
  VRBF:
    cost: 361.226
    lifetime: 15.5524
    annual_cost: 23.22638306627916
    efficiency: 0.683215
    discharge_ratio: 0.5
    depth_of_discharge: 1.0
