cost_values:
  wind_capex: 5000.0
  wind_opex: 100
  wind_lifetime: 20
  solar_capex: 1000.0
  solar_opex: 10
  solar_lifetime: 20
  carbon_price: 1.0
timeseries_values:
  load_level: 265099.5762419699
  wind_year: 2014
  solar_year: 2015
  price_year: 2023
  carbon_year: 2023
storage_values:
  CAES:
    cost: 51.9919
    lifetime: 21.9111
    annual_cost: 2.3728566799476063
    efficiency: 0.59898
    discharge_ratio: 0.1
    depth_of_discharge: 0.4
  Li-ion:
    cost: 160.359
    lifetime: 14.8474
    annual_cost: 10.800476851165861
    efficiency: 0.926827
    discharge_ratio: 2
    depth_of_discharge: 0.9
  Pb-acid:
    cost: 89.3124
    lifetime: 9.03392
    annual_cost: 9.886339484963338
    efficiency: 0.709398
    discharge_ratio: 5
    depth_of_discharge: 0.5
  VRBF:
    cost: 380.445
    lifetime: 12.1817
    annual_cost: 31.230862687473834
    efficiency: 0.682437
    discharge_ratio: 0.5
    depth_of_discharge: 1.0
