cost_values:
  wind_capex: 5000.0
  wind_opex: 100
  wind_lifetime: 20
  solar_capex: 1000.0
  solar_opex: 10
  solar_lifetime: 20
  carbon_price: 1.0
timeseries_values:
  load_level: 265099.5762419699
  wind_year: 2014
  solar_year: 2015
  price_year: 2023
  carbon_year: 2023
storage_values:
  CAES:
    cost: 59.3606
    lifetime: 21.2452
    annual_cost: 2.7940711313614366
    efficiency: 0.595226
    discharge_ratio: 0.1
    depth_of_discharge: 0.4
  Li-ion:
    cost: 158.754
    lifetime: 14.9581
    annual_cost: 10.613246334761767
    efficiency: 0.928786
    discharge_ratio: 2
    depth_of_discharge: 0.9
  Pb-acid:
    cost: 65.9449
    lifetime: 10.3863
    annual_cost: 6.349219645109423
    efficiency: 0.706456
    discharge_ratio: 5
    depth_of_discharge: 0.5
  VRBF:
    cost: 354.095
    lifetime: 13.8683
    annual_cost: 25.532689659150726
    efficiency: 0.68706
    discharge_ratio: 0.5
    depth_of_discharge: 1.0
