cost_values:
  wind_capex: 5000.0
  wind_opex: 100
  wind_lifetime: 20
  solar_capex: 1000.0
  solar_opex: 10
  solar_lifetime: 20
  carbon_price: 1.0
timeseries_values:
  load_level: 265099.5762419699
  wind_year: 2014
  solar_year: 2015
  price_year: 2023
  carbon_year: 2023
storage_values:
  CAES:
    cost: 61.8055
    lifetime: 21.1977
    annual_cost: 2.915670096284031
    efficiency: 0.597082
    discharge_ratio: 0.1
    depth_of_discharge: 0.4
  Li-ion:
    cost: 149.009
    lifetime: 12.9821
    annual_cost: 11.478035140693722
    efficiency: 0.943364
    discharge_ratio: 2
    depth_of_discharge: 0.9
  Pb-acid:
    cost: 91.6922
    lifetime: 9.4912
    annual_cost: 9.66075944032367
    efficiency: 0.722041
    discharge_ratio: 5
    depth_of_discharge: 0.5
  VRBF:
    cost: 343.646
    lifetime: 14.6015
    annual_cost: 23.534979282950385
    efficiency: 0.6617
    discharge_ratio: 0.5
    depth_of_discharge: 1.0
