cost_values:
  wind_capex: 5000.0
  wind_opex: 100
  wind_lifetime: 20
  solar_capex: 1000.0
  solar_opex: 10
  solar_lifetime: 20
  carbon_price: 1.0
timeseries_values:
  load_level: 265099.5762419699
  wind_year: 2014
  solar_year: 2015
  price_year: 2023
  carbon_year: 2023
storage_values:
  CAES:
    cost: 54.0752
    lifetime: 21.3747
    annual_cost: 2.5298694250679543
    efficiency: 0.586406
    discharge_ratio: 0.1
    depth_of_discharge: 0.4
  Li-ion:
    cost: 146.657
    lifetime: 14.7383
    annual_cost: 9.950740587449028
    efficiency: 0.917056
    discharge_ratio: 2
    depth_of_discharge: 0.9
  Pb-acid:
    cost: 88.9008
    lifetime: 8.11739
    annual_cost: 10.951894636083766
    efficiency: 0.715544
    discharge_ratio: 5
    depth_of_discharge: 0.5
  VRBF:
    cost: 376.61
    lifetime: 17.4082
    annual_cost: 21.634057513126
    efficiency: 0.673564
    discharge_ratio: 0.5
    depth_of_discharge: 1.0
