cost_values:
  wind_capex: 5000.0
  wind_opex: 100
  wind_lifetime: 20
  solar_capex: 1000.0
  solar_opex: 10
  solar_lifetime: 20
  carbon_price: 1.0
timeseries_values:
  load_level: 265099.5762419699
  wind_year: 2014
  solar_year: 2015
  price_year: 2023
  carbon_year: 2023
storage_values:
  CAES:
    cost: 60.086
    lifetime: 21.2085
    annual_cost: 2.8331093665275713
    efficiency: 0.59306
    discharge_ratio: 0.1
    depth_of_discharge: 0.4
  Li-ion:
    cost: 145.45
    lifetime: 13.6666
    annual_cost: 10.642734842608986
    efficiency: 0.904366
    discharge_ratio: 2
    depth_of_discharge: 0.9
  Pb-acid:
    cost: 107.893
    lifetime: 6.85452
    annual_cost: 15.7404165426609
    efficiency: 0.711212
    discharge_ratio: 5
    depth_of_discharge: 0.5
  VRBF:
    cost: 372.361
    lifetime: 15.638
    annual_cost: 23.811293004220488
    efficiency: 0.665866
    discharge_ratio: 0.5
    depth_of_discharge: 1.0
