cost_values:
  wind_capex: 5000.0
  wind_opex: 100
  wind_lifetime: 20
  solar_capex: 1000.0
  solar_opex: 10
  solar_lifetime: 20
  carbon_price: 1.0
timeseries_values:
  load_level: 265099.5762419699
  wind_year: 2014
  solar_year: 2015
  price_year: 2023
  carbon_year: 2023
storage_values:
  CAES:
    cost: 58.2258
    lifetime: 21.0452
    annual_cost: 2.7667021458574874
    efficiency: 0.595316
    discharge_ratio: 0.1
    depth_of_discharge: 0.4
  Li-ion:
    cost: 161.826
    lifetime: 15.303
    annual_cost: 10.574789257008428
    efficiency: 0.925385
    discharge_ratio: 2
    depth_of_discharge: 0.9
  Pb-acid:
    cost: 90.2506
    lifetime: 7.4512
    annual_cost: 12.112223534464247
    efficiency: 0.715758
    discharge_ratio: 5
    depth_of_discharge: 0.5
  VRBF:
    cost: 362.164
    lifetime: 14.4683
    annual_cost: 25.031551737246257
    efficiency: 0.682471
    discharge_ratio: 0.5
    depth_of_discharge: 1.0
