cost_values:
  wind_capex: 5000.0
  wind_opex: 100
  wind_lifetime: 20
  solar_capex: 1000.0
  solar_opex: 10
  solar_lifetime: 20
  carbon_price: 1.0
timeseries_values:
  load_level: 265099.5762419699
  wind_year: 2014
  solar_year: 2015
  price_year: 2023
  carbon_year: 2023
storage_values:
  CAES:
    cost: 52.9195
    lifetime: 21.4394
    annual_cost: 2.4683293375747457
    efficiency: 0.594971
    discharge_ratio: 0.1
    depth_of_discharge: 0.4
  Li-ion:
    cost: 156.992
    lifetime: 15.0287
    annual_cost: 10.446146373272471
    efficiency: 0.915182
    discharge_ratio: 2
    depth_of_discharge: 0.9
  Pb-acid:
    cost: 79.8216
    lifetime: 8.93897
    annual_cost: 8.929619408052607
    efficiency: 0.721705
    discharge_ratio: 5
    depth_of_discharge: 0.5
  VRBF:
    cost: 344.105
    lifetime: 16.5775
    annual_cost: 20.75735183230282
    efficiency: 0.673261
    discharge_ratio: 0.5
    depth_of_discharge: 1.0
