cost_values:
  wind_capex: 5000.0
  wind_opex: 100
  wind_lifetime: 20
  solar_capex: 1000.0
  solar_opex: 10
  solar_lifetime: 20
  carbon_price: 1.0
timeseries_values:
  load_level: 265099.5762419699
  wind_year: 2014
  solar_year: 2015
  price_year: 2023
  carbon_year: 2023
storage_values:
  CAES:
    cost: 55.4774
    lifetime: 20.9144
    annual_cost: 2.652593428451211
    efficiency: 0.59737
    discharge_ratio: 0.1
    depth_of_discharge: 0.4
  Li-ion:
    cost: 149.529
    lifetime: 16.7865
    annual_cost: 8.907693682423375
    efficiency: 0.928731
    discharge_ratio: 2
    depth_of_discharge: 0.9
  Pb-acid:
    cost: 70.6087
    lifetime: 8.82893
    annual_cost: 7.997424376453319
    efficiency: 0.709178
    discharge_ratio: 5
    depth_of_discharge: 0.5
  VRBF:
    cost: 338.458
    lifetime: 13.1009
    annual_cost: 25.834713645627403
    efficiency: 0.666942
    discharge_ratio: 0.5
    depth_of_discharge: 1.0
