cost_values:
  wind_capex: 5000.0
  wind_opex: 100
  wind_lifetime: 20
  solar_capex: 1000.0
  solar_opex: 10
  solar_lifetime: 20
  carbon_price: 1.0
timeseries_values:
  load_level: 265099.5762419699
  wind_year: 2014
  solar_year: 2015
  price_year: 2023
  carbon_year: 2023
storage_values:
  CAES:
    cost: 64.6977
    lifetime: 20.6471
    annual_cost: 3.133500588460365
    efficiency: 0.595594
    discharge_ratio: 0.1
    depth_of_discharge: 0.4
  Li-ion:
    cost: 129.293
    lifetime: 15.31
    annual_cost: 8.44500326583932
    efficiency: 0.922743
    discharge_ratio: 2
    depth_of_discharge: 0.9
  Pb-acid:
    cost: 82.4998
    lifetime: 8.01138
    annual_cost: 10.297826342028463
    efficiency: 0.718873
    discharge_ratio: 5
    depth_of_discharge: 0.5
  VRBF:
    cost: 362.902
    lifetime: 14.2508
    annual_cost: 25.465377382322394
    efficiency: 0.659157
    discharge_ratio: 0.5
    depth_of_discharge: 1.0
