cost_values:
  wind_capex: 5000.0
  wind_opex: 100
  wind_lifetime: 20
  solar_capex: 1000.0
  solar_opex: 10
  solar_lifetime: 20
  carbon_price: 1.0
timeseries_values:
  load_level: 265099.5762419699
  wind_year: 2014
  solar_year: 2015
  price_year: 2023
  carbon_year: 2023
storage_values:
  CAES:
    cost: 57.7405
    lifetime: 22.0573
    annual_cost: 2.617750132609159
    efficiency: 0.59911
    discharge_ratio: 0.1
    depth_of_discharge: 0.4
  Li-ion:
    cost: 165.643
    lifetime: 14.9584
    annual_cost: 11.073577387955932
    efficiency: 0.91027
    discharge_ratio: 2
    depth_of_discharge: 0.9
  Pb-acid:
    cost: 103.564
    lifetime: 7.04557
    annual_cost: 14.699165574964127
    efficiency: 0.709955
    discharge_ratio: 5
    depth_of_discharge: 0.5
  VRBF:
    cost: 376.188
    lifetime: 13.7462
    annual_cost: 27.366690430809967
    efficiency: 0.680413
    discharge_ratio: 0.5
    depth_of_discharge: 1.0
