cost_values:
  wind_capex: 5000.0
  wind_opex: 100
  wind_lifetime: 20
  solar_capex: 1000.0
  solar_opex: 10
  solar_lifetime: 20
  carbon_price: 1.0
timeseries_values:
  load_level: 265099.5762419699
  wind_year: 2014
  solar_year: 2015
  price_year: 2023
  carbon_year: 2023
storage_values:
  CAES:
    cost: 57.7287
    lifetime: 20.9357
    annual_cost: 2.7574286983477982
    efficiency: 0.605571
    discharge_ratio: 0.1
    depth_of_discharge: 0.4
  Li-ion:
    cost: 162.559
    lifetime: 15.5854
    annual_cost: 10.4302103250478
    efficiency: 0.921124
    discharge_ratio: 2
    depth_of_discharge: 0.9
  Pb-acid:
    cost: 77.2543
    lifetime: 9.27885
    annual_cost: 8.325848569596447
    efficiency: 0.696392
    discharge_ratio: 5
    depth_of_discharge: 0.5
  VRBF:
    cost: 367.274
    lifetime: 15.0485
    annual_cost: 24.406020533608
    efficiency: 0.689923
    discharge_ratio: 0.5
    depth_of_discharge: 1.0
