cost_values:
  wind_capex: 5000.0
  wind_opex: 100
  wind_lifetime: 20
  solar_capex: 1000.0
  solar_opex: 10
  solar_lifetime: 20
  carbon_price: 1.0
timeseries_values:
  load_level: 265099.5762419699
  wind_year: 2014
  solar_year: 2015
  price_year: 2023
  carbon_year: 2023
storage_values:
  CAES:
    cost: 64.9633
    lifetime: 21.8547
    annual_cost: 2.9725093458157743
    efficiency: 0.596365
    discharge_ratio: 0.1
    depth_of_discharge: 0.4
  Li-ion:
    cost: 173.806
    lifetime: 12.974
    annual_cost: 13.396485278248806
    efficiency: 0.928741
    discharge_ratio: 2
    depth_of_discharge: 0.9
  Pb-acid:
    cost: 100.41
    lifetime: 9.3076
    annual_cost: 10.787958227684902
    efficiency: 0.717283
    discharge_ratio: 5
    depth_of_discharge: 0.5
  VRBF:
    cost: 347.596
    lifetime: 16.1831
    annual_cost: 21.47895026292861
    efficiency: 0.682604
    discharge_ratio: 0.5
    depth_of_discharge: 1.0
