cost_values:
  wind_capex: 5000.0
  wind_opex: 100
  wind_lifetime: 20
  solar_capex: 1000.0
  solar_opex: 10
  solar_lifetime: 20
  carbon_price: 1.0
timeseries_values:
  load_level: 265099.5762419699
  wind_year: 2014
  solar_year: 2015
  price_year: 2023
  carbon_year: 2023
storage_values:
  CAES:
    cost: 58.4519
    lifetime: 21.7942
    annual_cost: 2.6819933743840103
    efficiency: 0.601512
    discharge_ratio: 0.1
    depth_of_discharge: 0.4
  Li-ion:
    cost: 171.909
    lifetime: 14.8409
    annual_cost: 11.583461919425371
    efficiency: 0.928774
    discharge_ratio: 2
    depth_of_discharge: 0.9
  Pb-acid:
    cost: 106.815
    lifetime: 9.18668
    annual_cost: 11.62716019280088
    efficiency: 0.700564
    discharge_ratio: 5
    depth_of_discharge: 0.5
  VRBF:
    cost: 355.857
    lifetime: 14.2093
    annual_cost: 25.0439500890262
    efficiency: 0.718518
    discharge_ratio: 0.5
    depth_of_discharge: 1.0
