cost_values:
  wind_capex: 5000.0
  wind_opex: 100
  wind_lifetime: 20
  solar_capex: 1000.0
  solar_opex: 10
  solar_lifetime: 20
  carbon_price: 1.0
timeseries_values:
  load_level: 265099.5762419699
  wind_year: 2014
  solar_year: 2015
  price_year: 2023
  carbon_year: 2023
storage_values:
  CAES:
    cost: 54.172
    lifetime: 22.2961
    annual_cost: 2.429662586730415
    efficiency: 0.60283
    discharge_ratio: 0.1
    depth_of_discharge: 0.4
  Li-ion:
    cost: 172.136
    lifetime: 15.9194
    annual_cost: 10.812970338078069
    efficiency: 0.916777
    discharge_ratio: 2
    depth_of_discharge: 0.9
  Pb-acid:
    cost: 91.5353
    lifetime: 9.34305
    annual_cost: 9.797154034282167
    efficiency: 0.712328
    discharge_ratio: 5
    depth_of_discharge: 0.5
  VRBF:
    cost: 380.251
    lifetime: 14.5706
    annual_cost: 26.097140817811205
    efficiency: 0.683418
    discharge_ratio: 0.5
    depth_of_discharge: 1.0
