cost_values:
  wind_capex: 5000.0
  wind_opex: 100
  wind_lifetime: 20
  solar_capex: 1000.0
  solar_opex: 10
  solar_lifetime: 20
  carbon_price: 1.0
timeseries_values:
  load_level: 265099.5762419699
  wind_year: 2014
  solar_year: 2015
  price_year: 2023
  carbon_year: 2023
storage_values:
  CAES:
    cost: 58.1912
    lifetime: 22.5267
    annual_cost: 2.583210146182086
    efficiency: 0.591605
    discharge_ratio: 0.1
    depth_of_discharge: 0.4
  Li-ion:
    cost: 148.228
    lifetime: 14.7537
    annual_cost: 10.046835709008588
    efficiency: 0.905962
    discharge_ratio: 2
    depth_of_discharge: 0.9
  Pb-acid:
    cost: 97.1919
    lifetime: 8.95549
    annual_cost: 10.852772991762595
    efficiency: 0.715954
    discharge_ratio: 5
    depth_of_discharge: 0.5
  VRBF:
    cost: 339.887
    lifetime: 13.6716
    annual_cost: 24.86080634307616
    efficiency: 0.678929
    discharge_ratio: 0.5
    depth_of_discharge: 1.0
