cost_values:
  wind_capex: 5000.0
  wind_opex: 100
  wind_lifetime: 20
  solar_capex: 1000.0
  solar_opex: 10
  solar_lifetime: 20
  carbon_price: 1.0
timeseries_values:
  load_level: 264995.4296290285
  wind_year: 2017
  solar_year: 2018
  price_year: 2023
  carbon_year: 2023
storage_values:
  CAES:
    cost: 64.6389
    lifetime: 23.4534
    annual_cost: 2.7560566911407305
    efficiency: 0.58092
    discharge_ratio: 0.1
    depth_of_discharge: 0.4
  Li-ion:
    cost: 287.881
    lifetime: 25.2164
    annual_cost: 11.416419473041353
    efficiency: 0.900829
    discharge_ratio: 2
    depth_of_discharge: 0.9
  Pb-acid:
    cost: 225.911
    lifetime: 15.8033
    annual_cost: 14.295178855049262
    efficiency: 0.720084
    discharge_ratio: 5
    depth_of_discharge: 0.5
  VRBF:
    cost: 298.46
    lifetime: 17.1902
    annual_cost: 17.36221800793475
    efficiency: 0.661044
    discharge_ratio: 0.5
    depth_of_discharge: 1.0
