cost_values:
  wind_capex: 5000.0
  wind_opex: 100
  wind_lifetime: 20
  solar_capex: 1000.0
  solar_opex: 10
  solar_lifetime: 20
  carbon_price: 1.0
timeseries_values:
  load_level: 264995.4296290285
  wind_year: 2017
  solar_year: 2018
  price_year: 2023
  carbon_year: 2023
storage_values:
  CAES:
    cost: 72.8877
    lifetime: 23.4866
    annual_cost: 3.1033738386995138
    efficiency: 0.576552
    discharge_ratio: 0.1
    depth_of_discharge: 0.4
  Li-ion:
    cost: 267.816
    lifetime: 25.5126
    annual_cost: 10.4974012840714
    efficiency: 0.900807
    discharge_ratio: 2
    depth_of_discharge: 0.9
  Pb-acid:
    cost: 244.1
    lifetime: 16.0139
    annual_cost: 15.243007637115257
    efficiency: 0.736112
    discharge_ratio: 5
    depth_of_discharge: 0.5
  VRBF:
    cost: 275.397
    lifetime: 19.5344
    annual_cost: 14.098052666066016
    efficiency: 0.655922
    discharge_ratio: 0.5
    depth_of_discharge: 1.0
