cost_values:
  wind_capex: 5000.0
  wind_opex: 100
  wind_lifetime: 20
  solar_capex: 1000.0
  solar_opex: 10
  solar_lifetime: 20
  carbon_price: 1.0
timeseries_values:
  load_level: 264995.4296290285
  wind_year: 2017
  solar_year: 2018
  price_year: 2023
  carbon_year: 2023
storage_values:
  CAES:
    cost: 69.9867
    lifetime: 24.3141
    annual_cost: 2.878440904660259
    efficiency: 0.575059
    discharge_ratio: 0.1
    depth_of_discharge: 0.4
  Li-ion:
    cost: 279.584
    lifetime: 26.2898
    annual_cost: 10.634694824608784
    efficiency: 0.86117
    discharge_ratio: 2
    depth_of_discharge: 0.9
  Pb-acid:
    cost: 229.145
    lifetime: 17.2349
    annual_cost: 13.29540641373028
    efficiency: 0.725711
    discharge_ratio: 5
    depth_of_discharge: 0.5
  VRBF:
    cost: 257.189
    lifetime: 20.9413
    annual_cost: 12.2814247444046
    efficiency: 0.670337
    discharge_ratio: 0.5
    depth_of_discharge: 1.0
