cost_values:
  wind_capex: 5000.0
  wind_opex: 100
  wind_lifetime: 20
  solar_capex: 1000.0
  solar_opex: 10
  solar_lifetime: 20
  carbon_price: 1.0
timeseries_values:
  load_level: 264995.4296290285
  wind_year: 2017
  solar_year: 2018
  price_year: 2023
  carbon_year: 2023
storage_values:
  CAES:
    cost: 71.8518
    lifetime: 23.7427
    annual_cost: 3.026269126931646
    efficiency: 0.586017
    discharge_ratio: 0.1
    depth_of_discharge: 0.4
  Li-ion:
    cost: 292.567
    lifetime: 24.5714
    annual_cost: 11.906810356756228
    efficiency: 0.901
    discharge_ratio: 2
    depth_of_discharge: 0.9
  Pb-acid:
    cost: 245.199
    lifetime: 15.6307
    annual_cost: 15.687013377519882
    efficiency: 0.712726
    discharge_ratio: 5
    depth_of_discharge: 0.5
  VRBF:
    cost: 254.018
    lifetime: 18.0098
    annual_cost: 14.104432031449546
    efficiency: 0.671605
    discharge_ratio: 0.5
    depth_of_discharge: 1.0
