cost_values:
  wind_capex: 5000.0
  wind_opex: 100
  wind_lifetime: 20
  solar_capex: 1000.0
  solar_opex: 10
  solar_lifetime: 20
  carbon_price: 1.0
timeseries_values:
  load_level: 264995.4296290285
  wind_year: 2017
  solar_year: 2018
  price_year: 2023
  carbon_year: 2023
storage_values:
  CAES:
    cost: 72.3081
    lifetime: 22.2115
    annual_cost: 3.255435247506922
    efficiency: 0.579216
    discharge_ratio: 0.1
    depth_of_discharge: 0.4
  Li-ion:
    cost: 284.825
    lifetime: 23.9541
    annual_cost: 11.890448816695262
    efficiency: 0.884198
    discharge_ratio: 2
    depth_of_discharge: 0.9
  Pb-acid:
    cost: 219.935
    lifetime: 16.4688
    annual_cost: 13.354646361604972
    efficiency: 0.729068
    discharge_ratio: 5
    depth_of_discharge: 0.5
  VRBF:
    cost: 257.359
    lifetime: 19.4155
    annual_cost: 13.255337230563208
    efficiency: 0.655311
    discharge_ratio: 0.5
    depth_of_discharge: 1.0
