cost_values:
  wind_capex: 5000.0
  wind_opex: 100
  wind_lifetime: 20
  solar_capex: 1000.0
  solar_opex: 10
  solar_lifetime: 20
  carbon_price: 1.0
timeseries_values:
  load_level: 264995.4296290285
  wind_year: 2017
  solar_year: 2018
  price_year: 2023
  carbon_year: 2023
storage_values:
  CAES:
    cost: 72.8653
    lifetime: 23.3474
    annual_cost: 3.1209171042600032
    efficiency: 0.57695
    discharge_ratio: 0.1
    depth_of_discharge: 0.4
  Li-ion:
    cost: 283.354
    lifetime: 26.2301
    annual_cost: 10.802627515716676
    efficiency: 0.888213
    discharge_ratio: 2
    depth_of_discharge: 0.9
  Pb-acid:
    cost: 217.059
    lifetime: 16.7324
    annual_cost: 12.972376945327628
    efficiency: 0.712976
    discharge_ratio: 5
    depth_of_discharge: 0.5
  VRBF:
    cost: 210.294
    lifetime: 16.8308
    annual_cost: 12.494593245716187
    efficiency: 0.687996
    discharge_ratio: 0.5
    depth_of_discharge: 1.0
