cost_values:
  wind_capex: 5000.0
  wind_opex: 100
  wind_lifetime: 20
  solar_capex: 1000.0
  solar_opex: 10
  solar_lifetime: 20
  carbon_price: 1.0
timeseries_values:
  load_level: 264995.4296290285
  wind_year: 2017
  solar_year: 2018
  price_year: 2023
  carbon_year: 2023
storage_values:
  CAES:
    cost: 72.5462
    lifetime: 23.3771
    annual_cost: 3.1033019493435887
    efficiency: 0.574867
    discharge_ratio: 0.1
    depth_of_discharge: 0.4
  Li-ion:
    cost: 286.982
    lifetime: 24.5764
    annual_cost: 11.677137416383198
    efficiency: 0.885634
    discharge_ratio: 2
    depth_of_discharge: 0.9
  Pb-acid:
    cost: 245.136
    lifetime: 14.9818
    annual_cost: 16.36225286681173
    efficiency: 0.721545
    discharge_ratio: 5
    depth_of_discharge: 0.5
  VRBF:
    cost: 248.208
    lifetime: 18.8199
    annual_cost: 13.188592925573461
    efficiency: 0.682832
    discharge_ratio: 0.5
    depth_of_discharge: 1.0
