cost_values:
  wind_capex: 5000.0
  wind_opex: 100
  wind_lifetime: 20
  solar_capex: 1000.0
  solar_opex: 10
  solar_lifetime: 20
  carbon_price: 1.0
timeseries_values:
  load_level: 264995.4296290285
  wind_year: 2017
  solar_year: 2018
  price_year: 2023
  carbon_year: 2023
storage_values:
  CAES:
    cost: 77.7097
    lifetime: 23.2146
    annual_cost: 3.3474494499151395
    efficiency: 0.575925
    discharge_ratio: 0.1
    depth_of_discharge: 0.4
  Li-ion:
    cost: 282.542
    lifetime: 26.0972
    annual_cost: 10.826525451006237
    efficiency: 0.889027
    discharge_ratio: 2
    depth_of_discharge: 0.9
  Pb-acid:
    cost: 243.875
    lifetime: 16.8901
    annual_cost: 14.438931681872813
    efficiency: 0.729401
    discharge_ratio: 5
    depth_of_discharge: 0.5
  VRBF:
    cost: 252.103
    lifetime: 18.8693
    annual_cost: 13.360485020641997
    efficiency: 0.679078
    discharge_ratio: 0.5
    depth_of_discharge: 1.0
