cost_values:
  wind_capex: 5000.0
  wind_opex: 100
  wind_lifetime: 20
  solar_capex: 1000.0
  solar_opex: 10
  solar_lifetime: 20
  carbon_price: 1.0
timeseries_values:
  load_level: 264995.4296290285
  wind_year: 2017
  solar_year: 2018
  price_year: 2023
  carbon_year: 2023
storage_values:
  CAES:
    cost: 66.3736
    lifetime: 23.6461
    annual_cost: 2.8069575955442967
    efficiency: 0.582556
    discharge_ratio: 0.1
    depth_of_discharge: 0.4
  Li-ion:
    cost: 290.42
    lifetime: 26.5102
    annual_cost: 10.955028630489396
    efficiency: 0.872791
    discharge_ratio: 2
    depth_of_discharge: 0.9
  Pb-acid:
    cost: 226.868
    lifetime: 15.1415
    annual_cost: 14.983191889839183
    efficiency: 0.72113
    discharge_ratio: 5
    depth_of_discharge: 0.5
  VRBF:
    cost: 249.754
    lifetime: 17.877
    annual_cost: 13.970688594283157
    efficiency: 0.657286
    discharge_ratio: 0.5
    depth_of_discharge: 1.0
