cost_values:
  wind_capex: 5000.0
  wind_opex: 100
  wind_lifetime: 20
  solar_capex: 1000.0
  solar_opex: 10
  solar_lifetime: 20
  carbon_price: 1.0
timeseries_values:
  load_level: 264995.4296290285
  wind_year: 2017
  solar_year: 2018
  price_year: 2023
  carbon_year: 2023
storage_values:
  CAES:
    cost: 66.1656
    lifetime: 23.7308
    annual_cost: 2.7881740185750163
    efficiency: 0.580006
    discharge_ratio: 0.1
    depth_of_discharge: 0.4
  Li-ion:
    cost: 277.656
    lifetime: 26.8956
    annual_cost: 10.32347298442868
    efficiency: 0.895534
    discharge_ratio: 2
    depth_of_discharge: 0.9
  Pb-acid:
    cost: 214.489
    lifetime: 16.7131
    annual_cost: 12.833585630433612
    efficiency: 0.726238
    discharge_ratio: 5
    depth_of_discharge: 0.5
  VRBF:
    cost: 254.846
    lifetime: 15.898
    annual_cost: 16.030066675053465
    efficiency: 0.655713
    discharge_ratio: 0.5
    depth_of_discharge: 1.0
