cost_values:
  wind_capex: 5000.0
  wind_opex: 100
  wind_lifetime: 20
  solar_capex: 1000.0
  solar_opex: 10
  solar_lifetime: 20
  carbon_price: 1.0
timeseries_values:
  load_level: 264995.4296290285
  wind_year: 2017
  solar_year: 2018
  price_year: 2023
  carbon_year: 2023
storage_values:
  CAES:
    cost: 69.197
    lifetime: 23.9426
    annual_cost: 2.8901205382874045
    efficiency: 0.580304
    discharge_ratio: 0.1
    depth_of_discharge: 0.4
  Li-ion:
    cost: 289.526
    lifetime: 24.3574
    annual_cost: 11.88657245847258
    efficiency: 0.895372
    discharge_ratio: 2
    depth_of_discharge: 0.9
  Pb-acid:
    cost: 227.589
    lifetime: 15.4341
    annual_cost: 14.745854957529106
    efficiency: 0.735887
    discharge_ratio: 5
    depth_of_discharge: 0.5
  VRBF:
    cost: 299.418
    lifetime: 18.9984
    annual_cost: 15.760169277412835
    efficiency: 0.664796
    discharge_ratio: 0.5
    depth_of_discharge: 1.0
