cost_values:
  wind_capex: 5000.0
  wind_opex: 100
  wind_lifetime: 20
  solar_capex: 1000.0
  solar_opex: 10
  solar_lifetime: 20
  carbon_price: 1.0
timeseries_values:
  load_level: 264995.4296290285
  wind_year: 2017
  solar_year: 2018
  price_year: 2023
  carbon_year: 2023
storage_values:
  CAES:
    cost: 74.7442
    lifetime: 23.4374
    annual_cost: 3.1890994734910874
    efficiency: 0.568174
    discharge_ratio: 0.1
    depth_of_discharge: 0.4
  Li-ion:
    cost: 268.813
    lifetime: 26.3832
    annual_cost: 10.188794384305163
    efficiency: 0.88559
    discharge_ratio: 2
    depth_of_discharge: 0.9
  Pb-acid:
    cost: 233.527
    lifetime: 16.3927
    annual_cost: 14.245792334392746
    efficiency: 0.729976
    discharge_ratio: 5
    depth_of_discharge: 0.5
  VRBF:
    cost: 271.974
    lifetime: 19.1884
    annual_cost: 14.173875883346186
    efficiency: 0.674266
    discharge_ratio: 0.5
    depth_of_discharge: 1.0
