cost_values:
  wind_capex: 5000.0
  wind_opex: 100
  wind_lifetime: 20
  solar_capex: 1000.0
  solar_opex: 10
  solar_lifetime: 20
  carbon_price: 1.0
timeseries_values:
  load_level: 264995.4296290285
  wind_year: 2017
  solar_year: 2018
  price_year: 2023
  carbon_year: 2023
storage_values:
  CAES:
    cost: 66.1392
    lifetime: 23.3052
    annual_cost: 2.8379589104577523
    efficiency: 0.586159
    discharge_ratio: 0.1
    depth_of_discharge: 0.4
  Li-ion:
    cost: 295.436
    lifetime: 26.6064
    annual_cost: 11.10394491550905
    efficiency: 0.865205
    discharge_ratio: 2
    depth_of_discharge: 0.9
  Pb-acid:
    cost: 240.518
    lifetime: 16.2537
    annual_cost: 14.797738361111625
    efficiency: 0.728965
    discharge_ratio: 5
    depth_of_discharge: 0.5
  VRBF:
    cost: 279.948
    lifetime: 21.355
    annual_cost: 13.10924841957387
    efficiency: 0.650121
    discharge_ratio: 0.5
    depth_of_discharge: 1.0
