cost_values:
  wind_capex: 5000.0
  wind_opex: 100
  wind_lifetime: 20
  solar_capex: 1000.0
  solar_opex: 10
  solar_lifetime: 20
  carbon_price: 1.0
timeseries_values:
  load_level: 264995.4296290285
  wind_year: 2017
  solar_year: 2018
  price_year: 2023
  carbon_year: 2023
storage_values:
  CAES:
    cost: 74.4202
    lifetime: 22.9055
    annual_cost: 3.2490100630852847
    efficiency: 0.577867
    discharge_ratio: 0.1
    depth_of_discharge: 0.4
  Li-ion:
    cost: 298.429
    lifetime: 28.0534
    annual_cost: 10.637890594366457
    efficiency: 0.895643
    discharge_ratio: 2
    depth_of_discharge: 0.9
  Pb-acid:
    cost: 228.783
    lifetime: 15.993
    annual_cost: 14.305196023260175
    efficiency: 0.724129
    discharge_ratio: 5
    depth_of_discharge: 0.5
  VRBF:
    cost: 245.189
    lifetime: 17.7332
    annual_cost: 13.82655132745359
    efficiency: 0.667599
    discharge_ratio: 0.5
    depth_of_discharge: 1.0
