cost_values:
  wind_capex: 5000.0
  wind_opex: 100
  wind_lifetime: 20
  solar_capex: 1000.0
  solar_opex: 10
  solar_lifetime: 20
  carbon_price: 1.0
timeseries_values:
  load_level: 264995.4296290285
  wind_year: 2017
  solar_year: 2018
  price_year: 2023
  carbon_year: 2023
storage_values:
  CAES:
    cost: 67.8556
    lifetime: 23.5146
    annual_cost: 2.8856795352674505
    efficiency: 0.565658
    discharge_ratio: 0.1
    depth_of_discharge: 0.4
  Li-ion:
    cost: 290.074
    lifetime: 25.7947
    annual_cost: 11.245488414286656
    efficiency: 0.874844
    discharge_ratio: 2
    depth_of_discharge: 0.9
  Pb-acid:
    cost: 248.192
    lifetime: 16.525
    annual_cost: 15.019183055975796
    efficiency: 0.710627
    discharge_ratio: 5
    depth_of_discharge: 0.5
  VRBF:
    cost: 269.625
    lifetime: 18.4065
    annual_cost: 14.648357917040174
    efficiency: 0.658214
    discharge_ratio: 0.5
    depth_of_discharge: 1.0
