cost_values:
  wind_capex: 5000.0
  wind_opex: 100
  wind_lifetime: 20
  solar_capex: 1000.0
  solar_opex: 10
  solar_lifetime: 20
  carbon_price: 1.0
timeseries_values:
  load_level: 264995.4296290285
  wind_year: 2017
  solar_year: 2018
  price_year: 2023
  carbon_year: 2023
storage_values:
  CAES:
    cost: 68.6614
    lifetime: 23.0378
    annual_cost: 2.9803800710137254
    efficiency: 0.586816
    discharge_ratio: 0.1
    depth_of_discharge: 0.4
  Li-ion:
    cost: 291.994
    lifetime: 24.5201
    annual_cost: 11.908352739181327
    efficiency: 0.868116
    discharge_ratio: 2
    depth_of_discharge: 0.9
  Pb-acid:
    cost: 238.735
    lifetime: 18.2677
    annual_cost: 13.068695019077389
    efficiency: 0.715549
    discharge_ratio: 5
    depth_of_discharge: 0.5
  VRBF:
    cost: 259.655
    lifetime: 16.4544
    annual_cost: 15.780277615713729
    efficiency: 0.656498
    discharge_ratio: 0.5
    depth_of_discharge: 1.0
