cost_values:
  wind_capex: 5000.0
  wind_opex: 100
  wind_lifetime: 20
  solar_capex: 1000.0
  solar_opex: 10
  solar_lifetime: 20
  carbon_price: 1.0
timeseries_values:
  load_level: 264995.4296290285
  wind_year: 2017
  solar_year: 2018
  price_year: 2023
  carbon_year: 2023
storage_values:
  CAES:
    cost: 71.5369
    lifetime: 22.948
    annual_cost: 3.1173479170298064
    efficiency: 0.584043
    discharge_ratio: 0.1
    depth_of_discharge: 0.4
  Li-ion:
    cost: 274.548
    lifetime: 26.1257
    annual_cost: 10.508732780365694
    efficiency: 0.891685
    discharge_ratio: 2
    depth_of_discharge: 0.9
  Pb-acid:
    cost: 230.817
    lifetime: 16.0084
    annual_cost: 14.418492791284574
    efficiency: 0.727652
    discharge_ratio: 5
    depth_of_discharge: 0.5
  VRBF:
    cost: 246.427
    lifetime: 19.8895
    annual_cost: 12.389803665250508
    efficiency: 0.657321
    discharge_ratio: 0.5
    depth_of_discharge: 1.0
