cost_values:
  wind_capex: 5000.0
  wind_opex: 100
  wind_lifetime: 20
  solar_capex: 1000.0
  solar_opex: 10
  solar_lifetime: 20
  carbon_price: 1.0
timeseries_values:
  load_level: 264995.4296290285
  wind_year: 2017
  solar_year: 2018
  price_year: 2023
  carbon_year: 2023
storage_values:
  CAES:
    cost: 69.9305
    lifetime: 23.2668
    annual_cost: 3.0055916585005242
    efficiency: 0.572879
    discharge_ratio: 0.1
    depth_of_discharge: 0.4
  Li-ion:
    cost: 267.613
    lifetime: 27.1166
    annual_cost: 9.868973248858634
    efficiency: 0.903208
    discharge_ratio: 2
    depth_of_discharge: 0.9
  Pb-acid:
    cost: 242.918
    lifetime: 15.9205
    annual_cost: 15.258189127225904
    efficiency: 0.715249
    discharge_ratio: 5
    depth_of_discharge: 0.5
  VRBF:
    cost: 247.586
    lifetime: 16.8983
    annual_cost: 14.65153299444323
    efficiency: 0.679028
    discharge_ratio: 0.5
    depth_of_discharge: 1.0
