cost_values:
  wind_capex: 5000.0
  wind_opex: 100
  wind_lifetime: 20
  solar_capex: 1000.0
  solar_opex: 10
  solar_lifetime: 20
  carbon_price: 1.0
timeseries_values:
  load_level: 264995.4296290285
  wind_year: 2017
  solar_year: 2018
  price_year: 2023
  carbon_year: 2023
storage_values:
  CAES:
    cost: 65.3298
    lifetime: 22.4423
    annual_cost: 2.9110117946912752
    efficiency: 0.575257
    discharge_ratio: 0.1
    depth_of_discharge: 0.4
  Li-ion:
    cost: 298.236
    lifetime: 25.6162
    annual_cost: 11.642476245500895
    efficiency: 0.890234
    discharge_ratio: 2
    depth_of_discharge: 0.9
  Pb-acid:
    cost: 236.256
    lifetime: 15.588
    annual_cost: 15.156274056966899
    efficiency: 0.727701
    discharge_ratio: 5
    depth_of_discharge: 0.5
  VRBF:
    cost: 281.011
    lifetime: 17.7237
    annual_cost: 15.855097976156221
    efficiency: 0.65335
    discharge_ratio: 0.5
    depth_of_discharge: 1.0
