cost_values:
  wind_capex: 5000.0
  wind_opex: 100
  wind_lifetime: 20
  solar_capex: 1000.0
  solar_opex: 10
  solar_lifetime: 20
  carbon_price: 1.0
timeseries_values:
  load_level: 264995.4296290285
  wind_year: 2017
  solar_year: 2018
  price_year: 2023
  carbon_year: 2023
storage_values:
  CAES:
    cost: 66.4096
    lifetime: 23.4178
    annual_cost: 2.8358599014424923
    efficiency: 0.57376
    discharge_ratio: 0.1
    depth_of_discharge: 0.4
  Li-ion:
    cost: 289.272
    lifetime: 26.6809
    annual_cost: 10.841913128867466
    efficiency: 0.883279
    discharge_ratio: 2
    depth_of_discharge: 0.9
  Pb-acid:
    cost: 235.045
    lifetime: 17.4092
    annual_cost: 13.501194770581073
    efficiency: 0.718779
    discharge_ratio: 5
    depth_of_discharge: 0.5
  VRBF:
    cost: 279.558
    lifetime: 19.8371
    annual_cost: 14.092684918662506
    efficiency: 0.65537
    discharge_ratio: 0.5
    depth_of_discharge: 1.0
