cost_values:
  wind_capex: 5000.0
  wind_opex: 100
  wind_lifetime: 20
  solar_capex: 1000.0
  solar_opex: 10
  solar_lifetime: 20
  carbon_price: 1.0
timeseries_values:
  load_level: 264995.4296290285
  wind_year: 2017
  solar_year: 2018
  price_year: 2023
  carbon_year: 2023
storage_values:
  CAES:
    cost: 67.0112
    lifetime: 23.0531
    annual_cost: 2.9068194733029395
    efficiency: 0.575962
    discharge_ratio: 0.1
    depth_of_discharge: 0.4
  Li-ion:
    cost: 280.914
    lifetime: 27.2702
    annual_cost: 10.301134571803654
    efficiency: 0.884528
    discharge_ratio: 2
    depth_of_discharge: 0.9
  Pb-acid:
    cost: 225.861
    lifetime: 16.0558
    annual_cost: 14.067252955318326
    efficiency: 0.728299
    discharge_ratio: 5
    depth_of_discharge: 0.5
  VRBF:
    cost: 311.572
    lifetime: 19.0049
    annual_cost: 16.39429831254045
    efficiency: 0.655163
    discharge_ratio: 0.5
    depth_of_discharge: 1.0
