cost_values:
  wind_capex: 5000.0
  wind_opex: 100
  wind_lifetime: 20
  solar_capex: 1000.0
  solar_opex: 10
  solar_lifetime: 20
  carbon_price: 1.0
timeseries_values:
  load_level: 264995.4296290285
  wind_year: 2017
  solar_year: 2018
  price_year: 2023
  carbon_year: 2023
storage_values:
  CAES:
    cost: 65.573
    lifetime: 23.2314
    annual_cost: 2.8226021677557096
    efficiency: 0.589385
    discharge_ratio: 0.1
    depth_of_discharge: 0.4
  Li-ion:
    cost: 289.016
    lifetime: 27.6223
    annual_cost: 10.46314028882461
    efficiency: 0.896016
    discharge_ratio: 2
    depth_of_discharge: 0.9
  Pb-acid:
    cost: 220.216
    lifetime: 17.0206
    annual_cost: 12.93820429362067
    efficiency: 0.724953
    discharge_ratio: 5
    depth_of_discharge: 0.5
  VRBF:
    cost: 263.067
    lifetime: 17.6587
    annual_cost: 14.897302745955253
    efficiency: 0.661444
    discharge_ratio: 0.5
    depth_of_discharge: 1.0
