cost_values:
  wind_capex: 5000.0
  wind_opex: 100
  wind_lifetime: 20
  solar_capex: 1000.0
  solar_opex: 10
  solar_lifetime: 20
  carbon_price: 1.0
timeseries_values:
  load_level: 264995.4296290285
  wind_year: 2017
  solar_year: 2018
  price_year: 2023
  carbon_year: 2023
storage_values:
  CAES:
    cost: 63.4458
    lifetime: 22.3828
    annual_cost: 2.834578336937291
    efficiency: 0.566743
    discharge_ratio: 0.1
    depth_of_discharge: 0.4
  Li-ion:
    cost: 261.119
    lifetime: 25.0628
    annual_cost: 10.41858850567375
    efficiency: 0.880457
    discharge_ratio: 2
    depth_of_discharge: 0.9
  Pb-acid:
    cost: 233.713
    lifetime: 17.2395
    annual_cost: 13.556831694654717
    efficiency: 0.718586
    discharge_ratio: 5
    depth_of_discharge: 0.5
  VRBF:
    cost: 271.476
    lifetime: 17.126
    annual_cost: 15.851687492701155
    efficiency: 0.654378
    discharge_ratio: 0.5
    depth_of_discharge: 1.0
