cost_values:
  wind_capex: 5000.0
  wind_opex: 100
  wind_lifetime: 20
  solar_capex: 1000.0
  solar_opex: 10
  solar_lifetime: 20
  carbon_price: 1.0
timeseries_values:
  load_level: 264995.4296290285
  wind_year: 2017
  solar_year: 2018
  price_year: 2023
  carbon_year: 2023
storage_values:
  CAES:
    cost: 67.4214
    lifetime: 23.6428
    annual_cost: 2.8516673152080125
    efficiency: 0.57456
    discharge_ratio: 0.1
    depth_of_discharge: 0.4
  Li-ion:
    cost: 289.187
    lifetime: 25.1406
    annual_cost: 11.502788318496775
    efficiency: 0.902155
    discharge_ratio: 2
    depth_of_discharge: 0.9
  Pb-acid:
    cost: 230.118
    lifetime: 16.0577
    annual_cost: 14.330694931403626
    efficiency: 0.730253
    discharge_ratio: 5
    depth_of_discharge: 0.5
  VRBF:
    cost: 258.249
    lifetime: 19.1269
    annual_cost: 13.501874323596612
    efficiency: 0.655295
    discharge_ratio: 0.5
    depth_of_discharge: 1.0
