cost_values:
  wind_capex: 5000.0
  wind_opex: 100
  wind_lifetime: 20
  solar_capex: 1000.0
  solar_opex: 10
  solar_lifetime: 20
  carbon_price: 1.0
timeseries_values:
  load_level: 264995.4296290285
  wind_year: 2017
  solar_year: 2018
  price_year: 2023
  carbon_year: 2023
storage_values:
  CAES:
    cost: 71.1166
    lifetime: 22.8718
    annual_cost: 3.1093573745835483
    efficiency: 0.579743
    discharge_ratio: 0.1
    depth_of_discharge: 0.4
  Li-ion:
    cost: 287.19
    lifetime: 26.1115
    annual_cost: 10.99860214847864
    efficiency: 0.888062
    discharge_ratio: 2
    depth_of_discharge: 0.9
  Pb-acid:
    cost: 204.062
    lifetime: 15.9088
    annual_cost: 12.826988836367295
    efficiency: 0.72598
    discharge_ratio: 5
    depth_of_discharge: 0.5
  VRBF:
    cost: 261.537
    lifetime: 18.2188
    annual_cost: 14.35533624607548
    efficiency: 0.679825
    discharge_ratio: 0.5
    depth_of_discharge: 1.0
