cost_values:
  wind_capex: 5000.0
  wind_opex: 100
  wind_lifetime: 20
  solar_capex: 1000.0
  solar_opex: 10
  solar_lifetime: 20
  carbon_price: 1.0
timeseries_values:
  load_level: 264995.4296290285
  wind_year: 2017
  solar_year: 2018
  price_year: 2023
  carbon_year: 2023
storage_values:
  CAES:
    cost: 76.1098
    lifetime: 23.9804
    annual_cost: 3.1738336307984856
    efficiency: 0.574029
    discharge_ratio: 0.1
    depth_of_discharge: 0.4
  Li-ion:
    cost: 271.119
    lifetime: 26.8271
    annual_cost: 10.106161307036542
    efficiency: 0.901298
    discharge_ratio: 2
    depth_of_discharge: 0.9
  Pb-acid:
    cost: 233.438
    lifetime: 16.9087
    annual_cost: 13.805792284445285
    efficiency: 0.733683
    discharge_ratio: 5
    depth_of_discharge: 0.5
  VRBF:
    cost: 280.128
    lifetime: 17.8968
    annual_cost: 15.652407134236288
    efficiency: 0.679138
    discharge_ratio: 0.5
    depth_of_discharge: 1.0
