cost_values:
  wind_capex: 5000.0
  wind_opex: 100
  wind_lifetime: 20
  solar_capex: 1000.0
  solar_opex: 10
  solar_lifetime: 20
  carbon_price: 1.0
timeseries_values:
  load_level: 264995.4296290285
  wind_year: 2017
  solar_year: 2018
  price_year: 2023
  carbon_year: 2023
storage_values:
  CAES:
    cost: 74.5406
    lifetime: 22.845
    annual_cost: 3.262884657474283
    efficiency: 0.575018
    discharge_ratio: 0.1
    depth_of_discharge: 0.4
  Li-ion:
    cost: 280.426
    lifetime: 25.1466
    annual_cost: 11.151646743496139
    efficiency: 0.894771
    discharge_ratio: 2
    depth_of_discharge: 0.9
  Pb-acid:
    cost: 222.029
    lifetime: 16.1416
    annual_cost: 13.75508004163156
    efficiency: 0.722141
    discharge_ratio: 5
    depth_of_discharge: 0.5
  VRBF:
    cost: 251.472
    lifetime: 17.2109
    annual_cost: 14.611205689417755
    efficiency: 0.662641
    discharge_ratio: 0.5
    depth_of_discharge: 1.0
