cost_values:
  wind_capex: 5000.0
  wind_opex: 100
  wind_lifetime: 20
  solar_capex: 1000.0
  solar_opex: 10
  solar_lifetime: 20
  carbon_price: 1.0
timeseries_values:
  load_level: 264995.4296290285
  wind_year: 2017
  solar_year: 2018
  price_year: 2023
  carbon_year: 2023
storage_values:
  CAES:
    cost: 74.9293
    lifetime: 23.1704
    annual_cost: 3.233837137036909
    efficiency: 0.580391
    discharge_ratio: 0.1
    depth_of_discharge: 0.4
  Li-ion:
    cost: 285.083
    lifetime: 25.9222
    annual_cost: 10.99763908927483
    efficiency: 0.898079
    discharge_ratio: 2
    depth_of_discharge: 0.9
  Pb-acid:
    cost: 242.92
    lifetime: 17.6568
    annual_cost: 13.757872321145394
    efficiency: 0.727199
    discharge_ratio: 5
    depth_of_discharge: 0.5
  VRBF:
    cost: 259.906
    lifetime: 19.6336
    annual_cost: 13.237816803846467
    efficiency: 0.658723
    discharge_ratio: 0.5
    depth_of_discharge: 1.0
