cost_values:
  wind_capex: 5000.0
  wind_opex: 100
  wind_lifetime: 20
  solar_capex: 1000.0
  solar_opex: 10
  solar_lifetime: 20
  carbon_price: 1.0
timeseries_values:
  load_level: 264995.4296290285
  wind_year: 2017
  solar_year: 2018
  price_year: 2023
  carbon_year: 2023
storage_values:
  CAES:
    cost: 61.7014
    lifetime: 22.3787
    annual_cost: 2.7571485385656898
    efficiency: 0.564129
    discharge_ratio: 0.1
    depth_of_discharge: 0.4
  Li-ion:
    cost: 293.848
    lifetime: 25.5464
    annual_cost: 11.502520903140953
    efficiency: 0.887966
    discharge_ratio: 2
    depth_of_discharge: 0.9
  Pb-acid:
    cost: 230.326
    lifetime: 15.7217
    annual_cost: 14.650196861662542
    efficiency: 0.716894
    discharge_ratio: 5
    depth_of_discharge: 0.5
  VRBF:
    cost: 270.642
    lifetime: 20.872
    annual_cost: 12.966749712533538
    efficiency: 0.663857
    discharge_ratio: 0.5
    depth_of_discharge: 1.0
