cost_values:
  wind_capex: 5000.0
  wind_opex: 100
  wind_lifetime: 20
  solar_capex: 1000.0
  solar_opex: 10
  solar_lifetime: 20
  carbon_price: 1.0
timeseries_values:
  load_level: 264995.4296290285
  wind_year: 2017
  solar_year: 2018
  price_year: 2023
  carbon_year: 2023
storage_values:
  CAES:
    cost: 72.7689
    lifetime: 22.9335
    annual_cost: 3.1730394401203483
    efficiency: 0.570221
    discharge_ratio: 0.1
    depth_of_discharge: 0.4
  Li-ion:
    cost: 280.371
    lifetime: 25.8176
    annual_cost: 10.859684866137828
    efficiency: 0.891848
    discharge_ratio: 2
    depth_of_discharge: 0.9
  Pb-acid:
    cost: 229.667
    lifetime: 15.9042
    annual_cost: 14.440650897247268
    efficiency: 0.740889
    discharge_ratio: 5
    depth_of_discharge: 0.5
  VRBF:
    cost: 283.559
    lifetime: 20.8198
    annual_cost: 13.61967934370167
    efficiency: 0.65268
    discharge_ratio: 0.5
    depth_of_discharge: 1.0
