cost_values:
  wind_capex: 5000.0
  wind_opex: 100
  wind_lifetime: 20
  solar_capex: 1000.0
  solar_opex: 10
  solar_lifetime: 20
  carbon_price: 1.0
timeseries_values:
  load_level: 264995.4296290285
  wind_year: 2017
  solar_year: 2018
  price_year: 2023
  carbon_year: 2023
storage_values:
  CAES:
    cost: 71.2271
    lifetime: 22.535
    annual_cost: 3.160732194364322
    efficiency: 0.574992
    discharge_ratio: 0.1
    depth_of_discharge: 0.4
  Li-ion:
    cost: 294.317
    lifetime: 25.7547
    annual_cost: 11.427700575040673
    efficiency: 0.883621
    discharge_ratio: 2
    depth_of_discharge: 0.9
  Pb-acid:
    cost: 225.918
    lifetime: 16.8211
    annual_cost: 13.430631766055727
    efficiency: 0.739379
    discharge_ratio: 5
    depth_of_discharge: 0.5
  VRBF:
    cost: 253.497
    lifetime: 20.4508
    annual_cost: 12.395456412463082
    efficiency: 0.659604
    discharge_ratio: 0.5
    depth_of_discharge: 1.0
