cost_values:
  wind_capex: 5000.0
  wind_opex: 100
  wind_lifetime: 20
  solar_capex: 1000.0
  solar_opex: 10
  solar_lifetime: 20
  carbon_price: 1.0
timeseries_values:
  load_level: 264995.4296290285
  wind_year: 2017
  solar_year: 2018
  price_year: 2023
  carbon_year: 2023
storage_values:
  CAES:
    cost: 69.5982
    lifetime: 23.478
    annual_cost: 2.964400715563506
    efficiency: 0.581462
    discharge_ratio: 0.1
    depth_of_discharge: 0.4
  Li-ion:
    cost: 286.162
    lifetime: 26.1598
    annual_cost: 10.9389980045719
    efficiency: 0.896746
    discharge_ratio: 2
    depth_of_discharge: 0.9
  Pb-acid:
    cost: 236.752
    lifetime: 16.5783
    annual_cost: 14.280836997762137
    efficiency: 0.718509
    discharge_ratio: 5
    depth_of_discharge: 0.5
  VRBF:
    cost: 280.608
    lifetime: 19.9958
    annual_cost: 14.033347002870604
    efficiency: 0.677323
    discharge_ratio: 0.5
    depth_of_discharge: 1.0
