cost_values:
  wind_capex: 5000.0
  wind_opex: 100
  wind_lifetime: 20
  solar_capex: 1000.0
  solar_opex: 10
  solar_lifetime: 20
  carbon_price: 1.0
timeseries_values:
  load_level: 264995.4296290285
  wind_year: 2017
  solar_year: 2018
  price_year: 2023
  carbon_year: 2023
storage_values:
  CAES:
    cost: 72.0719
    lifetime: 23.0341
    annual_cost: 3.1289219027441924
    efficiency: 0.579088
    discharge_ratio: 0.1
    depth_of_discharge: 0.4
  Li-ion:
    cost: 287.102
    lifetime: 24.4295
    annual_cost: 11.75226672670337
    efficiency: 0.885512
    discharge_ratio: 2
    depth_of_discharge: 0.9
  Pb-acid:
    cost: 226.844
    lifetime: 14.7848
    annual_cost: 15.343055029489745
    efficiency: 0.741914
    discharge_ratio: 5
    depth_of_discharge: 0.5
  VRBF:
    cost: 253.214
    lifetime: 20.0232
    annual_cost: 12.646030604498781
    efficiency: 0.671059
    discharge_ratio: 0.5
    depth_of_discharge: 1.0
