cost_values:
  wind_capex: 5000.0
  wind_opex: 100
  wind_lifetime: 20
  solar_capex: 1000.0
  solar_opex: 10
  solar_lifetime: 20
  carbon_price: 1.0
timeseries_values:
  load_level: 264995.4296290285
  wind_year: 2017
  solar_year: 2018
  price_year: 2023
  carbon_year: 2023
storage_values:
  CAES:
    cost: 69.4263
    lifetime: 23.9809
    annual_cost: 2.8950664904152887
    efficiency: 0.577376
    discharge_ratio: 0.1
    depth_of_discharge: 0.4
  Li-ion:
    cost: 289.142
    lifetime: 27.0558
    annual_cost: 10.686876751010873
    efficiency: 0.903437
    discharge_ratio: 2
    depth_of_discharge: 0.9
  Pb-acid:
    cost: 241.381
    lifetime: 14.8003
    annual_cost: 16.309196435207394
    efficiency: 0.721223
    discharge_ratio: 5
    depth_of_discharge: 0.5
  VRBF:
    cost: 267.948
    lifetime: 18.8872
    annual_cost: 14.18675081536702
    efficiency: 0.653841
    discharge_ratio: 0.5
    depth_of_discharge: 1.0
