cost_values:
  wind_capex: 5000.0
  wind_opex: 100
  wind_lifetime: 20
  solar_capex: 1000.0
  solar_opex: 10
  solar_lifetime: 20
  carbon_price: 1.0
timeseries_values:
  load_level: 264995.4296290285
  wind_year: 2017
  solar_year: 2018
  price_year: 2023
  carbon_year: 2023
storage_values:
  CAES:
    cost: 65.6367
    lifetime: 23.2306
    annual_cost: 2.825441443613166
    efficiency: 0.575015
    discharge_ratio: 0.1
    depth_of_discharge: 0.4
  Li-ion:
    cost: 281.208
    lifetime: 28.1821
    annual_cost: 9.97824860461073
    efficiency: 0.896328
    discharge_ratio: 2
    depth_of_discharge: 0.9
  Pb-acid:
    cost: 229.887
    lifetime: 16.9662
    annual_cost: 13.549704707005693
    efficiency: 0.720992
    discharge_ratio: 5
    depth_of_discharge: 0.5
  VRBF:
    cost: 231.859
    lifetime: 17.5123
    annual_cost: 13.239780040314523
    efficiency: 0.662972
    discharge_ratio: 0.5
    depth_of_discharge: 1.0
