cost_values:
  wind_capex: 5000.0
  wind_opex: 100
  wind_lifetime: 20
  solar_capex: 1000.0
  solar_opex: 10
  solar_lifetime: 20
  carbon_price: 1.0
timeseries_values:
  load_level: 264995.4296290285
  wind_year: 2017
  solar_year: 2018
  price_year: 2023
  carbon_year: 2023
storage_values:
  CAES:
    cost: 75.588
    lifetime: 24.0396
    annual_cost: 3.144311885389108
    efficiency: 0.578648
    discharge_ratio: 0.1
    depth_of_discharge: 0.4
  Li-ion:
    cost: 279.855
    lifetime: 27.2408
    annual_cost: 10.273376699656398
    efficiency: 0.883829
    discharge_ratio: 2
    depth_of_discharge: 0.9
  Pb-acid:
    cost: 237.416
    lifetime: 17.2496
    annual_cost: 13.763565531954363
    efficiency: 0.705897
    discharge_ratio: 5
    depth_of_discharge: 0.5
  VRBF:
    cost: 250.138
    lifetime: 18.7887
    annual_cost: 13.313214857866697
    efficiency: 0.660284
    discharge_ratio: 0.5
    depth_of_discharge: 1.0
