cost_values:
  wind_capex: 5000.0
  wind_opex: 100
  wind_lifetime: 20
  solar_capex: 1000.0
  solar_opex: 10
  solar_lifetime: 20
  carbon_price: 1.0
timeseries_values:
  load_level: 264995.4296290285
  wind_year: 2017
  solar_year: 2018
  price_year: 2023
  carbon_year: 2023
storage_values:
  CAES:
    cost: 70.4822
    lifetime: 23.7944
    annual_cost: 2.9621339474834416
    efficiency: 0.580253
    discharge_ratio: 0.1
    depth_of_discharge: 0.4
  Li-ion:
    cost: 269.057
    lifetime: 24.3961
    annual_cost: 11.028689011768275
    efficiency: 0.890038
    discharge_ratio: 2
    depth_of_discharge: 0.9
  Pb-acid:
    cost: 229.278
    lifetime: 15.2632
    annual_cost: 15.021620630012055
    efficiency: 0.726819
    discharge_ratio: 5
    depth_of_discharge: 0.5
  VRBF:
    cost: 283.948
    lifetime: 19.3976
    annual_cost: 14.638305769785951
    efficiency: 0.672045
    discharge_ratio: 0.5
    depth_of_discharge: 1.0
