cost_values:
  wind_capex: 5000.0
  wind_opex: 100
  wind_lifetime: 20
  solar_capex: 1000.0
  solar_opex: 10
  solar_lifetime: 20
  carbon_price: 1.0
timeseries_values:
  load_level: 264995.4296290285
  wind_year: 2017
  solar_year: 2018
  price_year: 2023
  carbon_year: 2023
storage_values:
  CAES:
    cost: 67.1322
    lifetime: 23.3578
    annual_cost: 2.874080606906472
    efficiency: 0.579426
    discharge_ratio: 0.1
    depth_of_discharge: 0.4
  Li-ion:
    cost: 267.454
    lifetime: 27.1555
    annual_cost: 9.848980869437131
    efficiency: 0.890615
    discharge_ratio: 2
    depth_of_discharge: 0.9
  Pb-acid:
    cost: 249.319
    lifetime: 15.6069
    annual_cost: 15.974921348890554
    efficiency: 0.729978
    discharge_ratio: 5
    depth_of_discharge: 0.5
  VRBF:
    cost: 257.534
    lifetime: 18.4297
    annual_cost: 13.973857414933503
    efficiency: 0.656378
    discharge_ratio: 0.5
    depth_of_discharge: 1.0
