cost_values:
  wind_capex: 5000.0
  wind_opex: 100
  wind_lifetime: 20
  solar_capex: 1000.0
  solar_opex: 10
  solar_lifetime: 20
  carbon_price: 1.0
timeseries_values:
  load_level: 264995.4296290285
  wind_year: 2017
  solar_year: 2018
  price_year: 2023
  carbon_year: 2023
storage_values:
  CAES:
    cost: 65.5969
    lifetime: 23.1488
    annual_cost: 2.8337062828310757
    efficiency: 0.57109
    discharge_ratio: 0.1
    depth_of_discharge: 0.4
  Li-ion:
    cost: 283.75
    lifetime: 25.1728
    annual_cost: 11.272087332358737
    efficiency: 0.887889
    discharge_ratio: 2
    depth_of_discharge: 0.9
  Pb-acid:
    cost: 239.333
    lifetime: 16.5541
    annual_cost: 14.45762681148477
    efficiency: 0.718511
    discharge_ratio: 5
    depth_of_discharge: 0.5
  VRBF:
    cost: 285.562
    lifetime: 19.302
    annual_cost: 14.79442544814009
    efficiency: 0.653807
    discharge_ratio: 0.5
    depth_of_discharge: 1.0
