cost_values:
  wind_capex: 5000.0
  wind_opex: 100
  wind_lifetime: 20
  solar_capex: 1000.0
  solar_opex: 10
  solar_lifetime: 20
  carbon_price: 1.0
timeseries_values:
  load_level: 264995.4296290285
  wind_year: 2017
  solar_year: 2018
  price_year: 2023
  carbon_year: 2023
storage_values:
  CAES:
    cost: 67.8479
    lifetime: 23.3345
    annual_cost: 2.9076217617690543
    efficiency: 0.56699
    discharge_ratio: 0.1
    depth_of_discharge: 0.4
  Li-ion:
    cost: 266.958
    lifetime: 26.8495
    annual_cost: 9.942754986126372
    efficiency: 0.890793
    discharge_ratio: 2
    depth_of_discharge: 0.9
  Pb-acid:
    cost: 227.055
    lifetime: 16.1571
    annual_cost: 14.052955047626122
    efficiency: 0.724052
    discharge_ratio: 5
    depth_of_discharge: 0.5
  VRBF:
    cost: 297.455
    lifetime: 19.0003
    annual_cost: 15.655279127171676
    efficiency: 0.667903
    discharge_ratio: 0.5
    depth_of_discharge: 1.0
