cost_values:
  wind_capex: 5000.0
  wind_opex: 100
  wind_lifetime: 20
  solar_capex: 1000.0
  solar_opex: 10
  solar_lifetime: 20
  carbon_price: 1.0
timeseries_values:
  load_level: 264995.4296290285
  wind_year: 2017
  solar_year: 2018
  price_year: 2023
  carbon_year: 2023
storage_values:
  CAES:
    cost: 77.1318
    lifetime: 23.1508
    annual_cost: 3.3317120790642223
    efficiency: 0.574936
    discharge_ratio: 0.1
    depth_of_discharge: 0.4
  Li-ion:
    cost: 273.744
    lifetime: 24.6185
    annual_cost: 11.119442695533847
    efficiency: 0.88833
    discharge_ratio: 2
    depth_of_discharge: 0.9
  Pb-acid:
    cost: 246.802
    lifetime: 14.481
    annual_cost: 17.04316000276224
    efficiency: 0.724889
    discharge_ratio: 5
    depth_of_discharge: 0.5
  VRBF:
    cost: 256.839
    lifetime: 17.594
    annual_cost: 14.598101625554165
    efficiency: 0.652641
    discharge_ratio: 0.5
    depth_of_discharge: 1.0
