cost_values:
  wind_capex: 5000.0
  wind_opex: 100
  wind_lifetime: 20
  solar_capex: 1000.0
  solar_opex: 10
  solar_lifetime: 20
  carbon_price: 1.0
timeseries_values:
  load_level: 264995.4296290285
  wind_year: 2017
  solar_year: 2018
  price_year: 2023
  carbon_year: 2023
storage_values:
  CAES:
    cost: 73.5369
    lifetime: 23.6872
    annual_cost: 3.1044994765105205
    efficiency: 0.577124
    discharge_ratio: 0.1
    depth_of_discharge: 0.4
  Li-ion:
    cost: 292.815
    lifetime: 27.6198
    annual_cost: 10.601633610670605
    efficiency: 0.890844
    discharge_ratio: 2
    depth_of_discharge: 0.9
  Pb-acid:
    cost: 231.73
    lifetime: 14.9479
    annual_cost: 15.502512058550028
    efficiency: 0.718757
    discharge_ratio: 5
    depth_of_discharge: 0.5
  VRBF:
    cost: 237.521
    lifetime: 17.8742
    annual_cost: 13.288482841190095
    efficiency: 0.650106
    discharge_ratio: 0.5
    depth_of_discharge: 1.0
