cost_values:
  wind_capex: 5000.0
  wind_opex: 100
  wind_lifetime: 20
  solar_capex: 1000.0
  solar_opex: 10
  solar_lifetime: 20
  carbon_price: 1.0
timeseries_values:
  load_level: 264995.4296290285
  wind_year: 2017
  solar_year: 2018
  price_year: 2023
  carbon_year: 2023
storage_values:
  CAES:
    cost: 73.5888
    lifetime: 23.932
    annual_cost: 3.0749122513789073
    efficiency: 0.576759
    discharge_ratio: 0.1
    depth_of_discharge: 0.4
  Li-ion:
    cost: 288.363
    lifetime: 26.6371
    annual_cost: 10.825615401075943
    efficiency: 0.898049
    discharge_ratio: 2
    depth_of_discharge: 0.9
  Pb-acid:
    cost: 247.79
    lifetime: 15.5548
    annual_cost: 15.9301308920719
    efficiency: 0.742307
    discharge_ratio: 5
    depth_of_discharge: 0.5
  VRBF:
    cost: 250.432
    lifetime: 16.7956
    annual_cost: 14.910571816428112
    efficiency: 0.655579
    discharge_ratio: 0.5
    depth_of_discharge: 1.0
