cost_values:
  wind_capex: 5000.0
  wind_opex: 100
  wind_lifetime: 20
  solar_capex: 1000.0
  solar_opex: 10
  solar_lifetime: 20
  carbon_price: 1.0
timeseries_values:
  load_level: 264995.4296290285
  wind_year: 2017
  solar_year: 2018
  price_year: 2023
  carbon_year: 2023
storage_values:
  CAES:
    cost: 80.374
    lifetime: 22.8174
    annual_cost: 3.5224872246618806
    efficiency: 0.583454
    discharge_ratio: 0.1
    depth_of_discharge: 0.4
  Li-ion:
    cost: 291.861
    lifetime: 25.9956
    annual_cost: 11.22732308544523
    efficiency: 0.874675
    discharge_ratio: 2
    depth_of_discharge: 0.9
  Pb-acid:
    cost: 242.888
    lifetime: 15.6245
    annual_cost: 15.545329450542418
    efficiency: 0.730963
    discharge_ratio: 5
    depth_of_discharge: 0.5
  VRBF:
    cost: 239.485
    lifetime: 18.7219
    annual_cost: 12.79170383347844
    efficiency: 0.657507
    discharge_ratio: 0.5
    depth_of_discharge: 1.0
