cost_values:
  wind_capex: 5000.0
  wind_opex: 100
  wind_lifetime: 20
  solar_capex: 1000.0
  solar_opex: 10
  solar_lifetime: 20
  carbon_price: 1.0
timeseries_values:
  load_level: 264995.4296290285
  wind_year: 2017
  solar_year: 2018
  price_year: 2023
  carbon_year: 2023
storage_values:
  CAES:
    cost: 74.4046
    lifetime: 23.1195
    annual_cost: 3.2182616406064146
    efficiency: 0.565109
    discharge_ratio: 0.1
    depth_of_discharge: 0.4
  Li-ion:
    cost: 273.693
    lifetime: 27.3702
    annual_cost: 9.999671175219763
    efficiency: 0.895998
    discharge_ratio: 2
    depth_of_discharge: 0.9
  Pb-acid:
    cost: 232.201
    lifetime: 16.9523
    annual_cost: 13.697315408528635
    efficiency: 0.723446
    discharge_ratio: 5
    depth_of_discharge: 0.5
  VRBF:
    cost: 264.206
    lifetime: 20.4855
    annual_cost: 12.897219984867347
    efficiency: 0.677549
    discharge_ratio: 0.5
    depth_of_discharge: 1.0
