cost_values:
  wind_capex: 5000.0
  wind_opex: 100
  wind_lifetime: 20
  solar_capex: 1000.0
  solar_opex: 10
  solar_lifetime: 20
  carbon_price: 1.0
timeseries_values:
  load_level: 264995.4296290285
  wind_year: 2017
  solar_year: 2018
  price_year: 2023
  carbon_year: 2023
storage_values:
  CAES:
    cost: 65.9293
    lifetime: 22.4582
    annual_cost: 2.9356448869455254
    efficiency: 0.580791
    discharge_ratio: 0.1
    depth_of_discharge: 0.4
  Li-ion:
    cost: 281.042
    lifetime: 28.1912
    annual_cost: 9.969139305882686
    efficiency: 0.888626
    discharge_ratio: 2
    depth_of_discharge: 0.9
  Pb-acid:
    cost: 231.014
    lifetime: 16.3505
    annual_cost: 14.128864560716798
    efficiency: 0.720005
    discharge_ratio: 5
    depth_of_discharge: 0.5
  VRBF:
    cost: 261.758
    lifetime: 17.4717
    annual_cost: 14.981827755742144
    efficiency: 0.681235
    discharge_ratio: 0.5
    depth_of_discharge: 1.0
