cost_values:
  wind_capex: 5000.0
  wind_opex: 100
  wind_lifetime: 20
  solar_capex: 1000.0
  solar_opex: 10
  solar_lifetime: 20
  carbon_price: 1.0
timeseries_values:
  load_level: 264995.4296290285
  wind_year: 2017
  solar_year: 2018
  price_year: 2023
  carbon_year: 2023
storage_values:
  CAES:
    cost: 63.1127
    lifetime: 22.9404
    annual_cost: 2.751159526424997
    efficiency: 0.582115
    discharge_ratio: 0.1
    depth_of_discharge: 0.4
  Li-ion:
    cost: 287.94
    lifetime: 25.1576
    annual_cost: 11.445447896460712
    efficiency: 0.900095
    discharge_ratio: 2
    depth_of_discharge: 0.9
  Pb-acid:
    cost: 227.197
    lifetime: 15.3753
    annual_cost: 14.7767523235319
    efficiency: 0.715203
    discharge_ratio: 5
    depth_of_discharge: 0.5
  VRBF:
    cost: 267.044
    lifetime: 18.8428
    annual_cost: 14.172203706455514
    efficiency: 0.658125
    discharge_ratio: 0.5
    depth_of_discharge: 1.0
