cost_values:
  wind_capex: 5000.0
  wind_opex: 100
  wind_lifetime: 20
  solar_capex: 1000.0
  solar_opex: 10
  solar_lifetime: 20
  carbon_price: 1.0
timeseries_values:
  load_level: 264995.4296290285
  wind_year: 2017
  solar_year: 2018
  price_year: 2023
  carbon_year: 2023
storage_values:
  CAES:
    cost: 71.018
    lifetime: 23.7114
    annual_cost: 2.995099403662373
    efficiency: 0.57613
    discharge_ratio: 0.1
    depth_of_discharge: 0.4
  Li-ion:
    cost: 271.816
    lifetime: 25.7562
    annual_cost: 10.553420147381988
    efficiency: 0.891643
    discharge_ratio: 2
    depth_of_discharge: 0.9
  Pb-acid:
    cost: 242.946
    lifetime: 15.5325
    annual_cost: 15.641139546112989
    efficiency: 0.72132
    discharge_ratio: 5
    depth_of_discharge: 0.5
  VRBF:
    cost: 254.381
    lifetime: 18.901
    annual_cost: 13.458600074070155
    efficiency: 0.680375
    discharge_ratio: 0.5
    depth_of_discharge: 1.0
