cost_values:
  wind_capex: 5000.0
  wind_opex: 100
  wind_lifetime: 20
  solar_capex: 1000.0
  solar_opex: 10
  solar_lifetime: 20
  carbon_price: 1.0
timeseries_values:
  load_level: 264995.4296290285
  wind_year: 2017
  solar_year: 2018
  price_year: 2023
  carbon_year: 2023
storage_values:
  CAES:
    cost: 72.3629
    lifetime: 22.9484
    annual_cost: 3.1532873751546946
    efficiency: 0.574073
    discharge_ratio: 0.1
    depth_of_discharge: 0.4
  Li-ion:
    cost: 297.628
    lifetime: 25.9675
    annual_cost: 11.46155771637624
    efficiency: 0.887703
    discharge_ratio: 2
    depth_of_discharge: 0.9
  Pb-acid:
    cost: 243.217
    lifetime: 16.41
    annual_cost: 14.821267519804998
    efficiency: 0.728215
    discharge_ratio: 5
    depth_of_discharge: 0.5
  VRBF:
    cost: 288.603
    lifetime: 17.2705
    annual_cost: 16.710749544020153
    efficiency: 0.655718
    discharge_ratio: 0.5
    depth_of_discharge: 1.0
