cost_values:
  wind_capex: 5000.0
  wind_opex: 100
  wind_lifetime: 20
  solar_capex: 1000.0
  solar_opex: 10
  solar_lifetime: 20
  carbon_price: 1.0
timeseries_values:
  load_level: 264995.4296290285
  wind_year: 2017
  solar_year: 2018
  price_year: 2023
  carbon_year: 2023
storage_values:
  CAES:
    cost: 68.0374
    lifetime: 23.3871
    annual_cost: 2.9091849780434513
    efficiency: 0.585329
    discharge_ratio: 0.1
    depth_of_discharge: 0.4
  Li-ion:
    cost: 277.201
    lifetime: 27.7098
    annual_cost: 10.003717096478503
    efficiency: 0.882446
    discharge_ratio: 2
    depth_of_discharge: 0.9
  Pb-acid:
    cost: 242.532
    lifetime: 15.905
    annual_cost: 15.248789688777116
    efficiency: 0.723936
    discharge_ratio: 5
    depth_of_discharge: 0.5
  VRBF:
    cost: 273.321
    lifetime: 18.793
    annual_cost: 14.543766295961264
    efficiency: 0.655821
    discharge_ratio: 0.5
    depth_of_discharge: 1.0
