cost_values:
  wind_capex: 5000.0
  wind_opex: 100
  wind_lifetime: 20
  solar_capex: 1000.0
  solar_opex: 10
  solar_lifetime: 20
  carbon_price: 1.0
timeseries_values:
  load_level: 264995.4296290285
  wind_year: 2017
  solar_year: 2018
  price_year: 2023
  carbon_year: 2023
storage_values:
  CAES:
    cost: 72.0682
    lifetime: 22.7859
    annual_cost: 3.1628419329497626
    efficiency: 0.574871
    discharge_ratio: 0.1
    depth_of_discharge: 0.4
  Li-ion:
    cost: 282.726
    lifetime: 28.1647
    annual_cost: 10.038310367232741
    efficiency: 0.891189
    discharge_ratio: 2
    depth_of_discharge: 0.9
  Pb-acid:
    cost: 245.032
    lifetime: 15.0476
    annual_cost: 16.28379276429464
    efficiency: 0.729709
    discharge_ratio: 5
    depth_of_discharge: 0.5
  VRBF:
    cost: 267.952
    lifetime: 19.402
    annual_cost: 13.810534996392123
    efficiency: 0.662934
    discharge_ratio: 0.5
    depth_of_discharge: 1.0
