cost_values:
  wind_capex: 5000.0
  wind_opex: 100
  wind_lifetime: 20
  solar_capex: 1000.0
  solar_opex: 10
  solar_lifetime: 20
  carbon_price: 1.0
timeseries_values:
  load_level: 264995.4296290285
  wind_year: 2017
  solar_year: 2018
  price_year: 2023
  carbon_year: 2023
storage_values:
  CAES:
    cost: 72.2557
    lifetime: 22.7561
    annual_cost: 3.175223346707037
    efficiency: 0.577885
    discharge_ratio: 0.1
    depth_of_discharge: 0.4
  Li-ion:
    cost: 294.625
    lifetime: 26.6347
    annual_cost: 11.06169771013002
    efficiency: 0.895248
    discharge_ratio: 2
    depth_of_discharge: 0.9
  Pb-acid:
    cost: 248.139
    lifetime: 16.6504
    annual_cost: 14.902885215970787
    efficiency: 0.720843
    discharge_ratio: 5
    depth_of_discharge: 0.5
  VRBF:
    cost: 267.371
    lifetime: 18.2531
    annual_cost: 14.647977603804284
    efficiency: 0.65471
    discharge_ratio: 0.5
    depth_of_discharge: 1.0
