cost_values:
  wind_capex: 5000.0
  wind_opex: 100
  wind_lifetime: 20
  solar_capex: 1000.0
  solar_opex: 10
  solar_lifetime: 20
  carbon_price: 1.0
timeseries_values:
  load_level: 264995.4296290285
  wind_year: 2017
  solar_year: 2018
  price_year: 2023
  carbon_year: 2023
storage_values:
  CAES:
    cost: 74.7857
    lifetime: 24.4929
    annual_cost: 3.053362402982089
    efficiency: 0.581836
    discharge_ratio: 0.1
    depth_of_discharge: 0.4
  Li-ion:
    cost: 281.246
    lifetime: 25.5194
    annual_cost: 11.020870396639419
    efficiency: 0.881816
    discharge_ratio: 2
    depth_of_discharge: 0.9
  Pb-acid:
    cost: 248.686
    lifetime: 17.2089
    annual_cost: 14.451010814171736
    efficiency: 0.74077
    discharge_ratio: 5
    depth_of_discharge: 0.5
  VRBF:
    cost: 249.329
    lifetime: 18.8859
    annual_cost: 13.20185958837016
    efficiency: 0.663053
    discharge_ratio: 0.5
    depth_of_discharge: 1.0
