cost_values:
  wind_capex: 5000.0
  wind_opex: 100
  wind_lifetime: 20
  solar_capex: 1000.0
  solar_opex: 10
  solar_lifetime: 20
  carbon_price: 1.0
timeseries_values:
  load_level: 264995.4296290285
  wind_year: 2017
  solar_year: 2018
  price_year: 2023
  carbon_year: 2023
storage_values:
  CAES:
    cost: 72.7308
    lifetime: 22.5109
    annual_cost: 3.2309148012740496
    efficiency: 0.577918
    discharge_ratio: 0.1
    depth_of_discharge: 0.4
  Li-ion:
    cost: 289.805
    lifetime: 26.046
    annual_cost: 11.126660523688859
    efficiency: 0.893886
    discharge_ratio: 2
    depth_of_discharge: 0.9
  Pb-acid:
    cost: 245.928
    lifetime: 17.2175
    annual_cost: 14.283606795411645
    efficiency: 0.718006
    discharge_ratio: 5
    depth_of_discharge: 0.5
  VRBF:
    cost: 283.137
    lifetime: 19.8054
    annual_cost: 14.295949589505893
    efficiency: 0.681402
    discharge_ratio: 0.5
    depth_of_discharge: 1.0
