cost_values:
  wind_capex: 5000.0
  wind_opex: 100
  wind_lifetime: 20
  solar_capex: 1000.0
  solar_opex: 10
  solar_lifetime: 20
  carbon_price: 1.0
timeseries_values:
  load_level: 264995.4296290285
  wind_year: 2017
  solar_year: 2018
  price_year: 2023
  carbon_year: 2023
storage_values:
  CAES:
    cost: 73.7429
    lifetime: 23.6211
    annual_cost: 3.12190795517567
    efficiency: 0.57284
    discharge_ratio: 0.1
    depth_of_discharge: 0.4
  Li-ion:
    cost: 285.496
    lifetime: 24.8407
    annual_cost: 11.493073866678476
    efficiency: 0.887204
    discharge_ratio: 2
    depth_of_discharge: 0.9
  Pb-acid:
    cost: 240.452
    lifetime: 15.6442
    annual_cost: 15.370041293258843
    efficiency: 0.713028
    discharge_ratio: 5
    depth_of_discharge: 0.5
  VRBF:
    cost: 253.131
    lifetime: 16.8225
    annual_cost: 15.04716897012929
    efficiency: 0.653838
    discharge_ratio: 0.5
    depth_of_discharge: 1.0
