cost_values:
  wind_capex: 5000.0
  wind_opex: 100
  wind_lifetime: 20
  solar_capex: 1000.0
  solar_opex: 10
  solar_lifetime: 20
  carbon_price: 1.0
timeseries_values:
  load_level: 264995.4296290285
  wind_year: 2017
  solar_year: 2018
  price_year: 2023
  carbon_year: 2023
storage_values:
  CAES:
    cost: 65.1056
    lifetime: 22.8429
    annual_cost: 2.8501459972245202
    efficiency: 0.589252
    discharge_ratio: 0.1
    depth_of_discharge: 0.4
  Li-ion:
    cost: 280.067
    lifetime: 26.9924
    annual_cost: 10.37577243964968
    efficiency: 0.897836
    discharge_ratio: 2
    depth_of_discharge: 0.9
  Pb-acid:
    cost: 245.464
    lifetime: 17.113
    annual_cost: 14.343715304154737
    efficiency: 0.73731
    discharge_ratio: 5
    depth_of_discharge: 0.5
  VRBF:
    cost: 261.395
    lifetime: 17.5782
    annual_cost: 14.870407664038412
    efficiency: 0.668325
    discharge_ratio: 0.5
    depth_of_discharge: 1.0
