cost_values:
  wind_capex: 5000.0
  wind_opex: 100
  wind_lifetime: 20
  solar_capex: 1000.0
  solar_opex: 10
  solar_lifetime: 20
  carbon_price: 1.0
timeseries_values:
  load_level: 264995.4296290285
  wind_year: 2017
  solar_year: 2018
  price_year: 2023
  carbon_year: 2023
storage_values:
  CAES:
    cost: 74.1863
    lifetime: 22.6572
    annual_cost: 3.2742924986317816
    efficiency: 0.581911
    discharge_ratio: 0.1
    depth_of_discharge: 0.4
  Li-ion:
    cost: 286.14
    lifetime: 27.3085
    annual_cost: 10.478056282842338
    efficiency: 0.879431
    discharge_ratio: 2
    depth_of_discharge: 0.9
  Pb-acid:
    cost: 244.903
    lifetime: 16.2445
    annual_cost: 15.07605651143464
    efficiency: 0.719926
    discharge_ratio: 5
    depth_of_discharge: 0.5
  VRBF:
    cost: 250.849
    lifetime: 20.8111
    annual_cost: 12.053615618588157
    efficiency: 0.668014
    discharge_ratio: 0.5
    depth_of_discharge: 1.0
