cost_values:
  wind_capex: 5000.0
  wind_opex: 100
  wind_lifetime: 20
  solar_capex: 1000.0
  solar_opex: 10
  solar_lifetime: 20
  carbon_price: 1.0
timeseries_values:
  load_level: 264995.4296290285
  wind_year: 2017
  solar_year: 2018
  price_year: 2023
  carbon_year: 2023
storage_values:
  CAES:
    cost: 59.395
    lifetime: 23.6976
    annual_cost: 2.506371953277969
    efficiency: 0.586466
    discharge_ratio: 0.1
    depth_of_discharge: 0.4
  Li-ion:
    cost: 286.196
    lifetime: 26.5315
    annual_cost: 10.787026741797487
    efficiency: 0.884932
    discharge_ratio: 2
    depth_of_discharge: 0.9
  Pb-acid:
    cost: 227.919
    lifetime: 16.6
    annual_cost: 13.730060240963855
    efficiency: 0.71576
    discharge_ratio: 5
    depth_of_discharge: 0.5
  VRBF:
    cost: 259.48
    lifetime: 17.6212
    annual_cost: 14.725444351122512
    efficiency: 0.657551
    discharge_ratio: 0.5
    depth_of_discharge: 1.0
