cost_values:
  wind_capex: 5000.0
  wind_opex: 100
  wind_lifetime: 20
  solar_capex: 1000.0
  solar_opex: 10
  solar_lifetime: 20
  carbon_price: 1.0
timeseries_values:
  load_level: 264995.4296290285
  wind_year: 2017
  solar_year: 2018
  price_year: 2023
  carbon_year: 2023
storage_values:
  CAES:
    cost: 64.7574
    lifetime: 22.9592
    annual_cost: 2.8205425276142027
    efficiency: 0.5782
    discharge_ratio: 0.1
    depth_of_discharge: 0.4
  Li-ion:
    cost: 276.127
    lifetime: 26.7958
    annual_cost: 10.304861209592548
    efficiency: 0.886058
    discharge_ratio: 2
    depth_of_discharge: 0.9
  Pb-acid:
    cost: 231.705
    lifetime: 16.7586
    annual_cost: 13.826035587698255
    efficiency: 0.718668
    discharge_ratio: 5
    depth_of_discharge: 0.5
  VRBF:
    cost: 256.553
    lifetime: 17.531
    annual_cost: 14.634247903713423
    efficiency: 0.679334
    discharge_ratio: 0.5
    depth_of_discharge: 1.0
