cost_values:
  wind_capex: 5000.0
  wind_opex: 100
  wind_lifetime: 20
  solar_capex: 1000.0
  solar_opex: 10
  solar_lifetime: 20
  carbon_price: 1.0
timeseries_values:
  load_level: 264995.4296290285
  wind_year: 2017
  solar_year: 2018
  price_year: 2023
  carbon_year: 2023
storage_values:
  CAES:
    cost: 68.5745
    lifetime: 23.2755
    annual_cost: 2.946209533629782
    efficiency: 0.573405
    discharge_ratio: 0.1
    depth_of_discharge: 0.4
  Li-ion:
    cost: 251.854
    lifetime: 24.9986
    annual_cost: 10.074724184554336
    efficiency: 0.883932
    discharge_ratio: 2
    depth_of_discharge: 0.9
  Pb-acid:
    cost: 232.803
    lifetime: 17.5315
    annual_cost: 13.279126144368707
    efficiency: 0.728109
    discharge_ratio: 5
    depth_of_discharge: 0.5
  VRBF:
    cost: 255.294
    lifetime: 15.7746
    annual_cost: 16.183865201019362
    efficiency: 0.65365
    discharge_ratio: 0.5
    depth_of_discharge: 1.0
