cost_values:
  wind_capex: 5000.0
  wind_opex: 100
  wind_lifetime: 20
  solar_capex: 1000.0
  solar_opex: 10
  solar_lifetime: 20
  carbon_price: 1.0
timeseries_values:
  load_level: 264995.4296290285
  wind_year: 2017
  solar_year: 2018
  price_year: 2023
  carbon_year: 2023
storage_values:
  CAES:
    cost: 64.7501
    lifetime: 23.6201
    annual_cost: 2.7413135422796686
    efficiency: 0.579495
    discharge_ratio: 0.1
    depth_of_discharge: 0.4
  Li-ion:
    cost: 291.193
    lifetime: 24.4474
    annual_cost: 11.911000760817101
    efficiency: 0.873878
    discharge_ratio: 2
    depth_of_discharge: 0.9
  Pb-acid:
    cost: 234.577
    lifetime: 15.6162
    annual_cost: 15.021388045747365
    efficiency: 0.736613
    discharge_ratio: 5
    depth_of_discharge: 0.5
  VRBF:
    cost: 230.449
    lifetime: 17.5685
    annual_cost: 13.117169934826537
    efficiency: 0.676441
    discharge_ratio: 0.5
    depth_of_discharge: 1.0
