cost_values:
  wind_capex: 5000.0
  wind_opex: 100
  wind_lifetime: 20
  solar_capex: 1000.0
  solar_opex: 10
  solar_lifetime: 20
  carbon_price: 1.0
timeseries_values:
  load_level: 264995.4296290285
  wind_year: 2017
  solar_year: 2018
  price_year: 2023
  carbon_year: 2023
storage_values:
  CAES:
    cost: 68.3652
    lifetime: 23.9221
    annual_cost: 2.857826026979237
    efficiency: 0.572568
    discharge_ratio: 0.1
    depth_of_discharge: 0.4
  Li-ion:
    cost: 262.905
    lifetime: 25.5375
    annual_cost: 10.294860499265784
    efficiency: 0.896443
    discharge_ratio: 2
    depth_of_discharge: 0.9
  Pb-acid:
    cost: 226.715
    lifetime: 16.4168
    annual_cost: 13.809938599483457
    efficiency: 0.704627
    discharge_ratio: 5
    depth_of_discharge: 0.5
  VRBF:
    cost: 257.224
    lifetime: 18.8564
    annual_cost: 13.64120404743217
    efficiency: 0.652942
    discharge_ratio: 0.5
    depth_of_discharge: 1.0
