cost_values:
  wind_capex: 5000.0
  wind_opex: 100
  wind_lifetime: 20
  solar_capex: 1000.0
  solar_opex: 10
  solar_lifetime: 20
  carbon_price: 1.0
timeseries_values:
  load_level: 264995.4296290285
  wind_year: 2017
  solar_year: 2018
  price_year: 2023
  carbon_year: 2023
storage_values:
  CAES:
    cost: 74.0429
    lifetime: 22.8441
    annual_cost: 3.241226399814394
    efficiency: 0.577617
    discharge_ratio: 0.1
    depth_of_discharge: 0.4
  Li-ion:
    cost: 285.117
    lifetime: 27.1974
    annual_cost: 10.48324472192195
    efficiency: 0.884685
    discharge_ratio: 2
    depth_of_discharge: 0.9
  Pb-acid:
    cost: 224.743
    lifetime: 16.1467
    annual_cost: 13.918819325311055
    efficiency: 0.721698
    discharge_ratio: 5
    depth_of_discharge: 0.5
  VRBF:
    cost: 273.285
    lifetime: 16.471
    annual_cost: 16.591888774209217
    efficiency: 0.672897
    discharge_ratio: 0.5
    depth_of_discharge: 1.0
