cost_values:
  wind_capex: 5000.0
  wind_opex: 100
  wind_lifetime: 20
  solar_capex: 1000.0
  solar_opex: 10
  solar_lifetime: 20
  carbon_price: 1.0
timeseries_values:
  load_level: 264995.4296290285
  wind_year: 2017
  solar_year: 2018
  price_year: 2023
  carbon_year: 2023
storage_values:
  CAES:
    cost: 67.5062
    lifetime: 23.2942
    annual_cost: 2.8979831889483223
    efficiency: 0.569184
    discharge_ratio: 0.1
    depth_of_discharge: 0.4
  Li-ion:
    cost: 297.692
    lifetime: 24.7705
    annual_cost: 12.01800528854888
    efficiency: 0.901097
    discharge_ratio: 2
    depth_of_discharge: 0.9
  Pb-acid:
    cost: 235.481
    lifetime: 17.1871
    annual_cost: 13.70103158764422
    efficiency: 0.729703
    discharge_ratio: 5
    depth_of_discharge: 0.5
  VRBF:
    cost: 272.005
    lifetime: 19.5028
    annual_cost: 13.946971716881677
    efficiency: 0.67595
    discharge_ratio: 0.5
    depth_of_discharge: 1.0
