cost_values:
  wind_capex: 5000.0
  wind_opex: 100
  wind_lifetime: 20
  solar_capex: 1000.0
  solar_opex: 10
  solar_lifetime: 20
  carbon_price: 1.0
timeseries_values:
  load_level: 264995.4296290285
  wind_year: 2017
  solar_year: 2018
  price_year: 2023
  carbon_year: 2023
storage_values:
  CAES:
    cost: 60.9279
    lifetime: 23.3276
    annual_cost: 2.6118374800665305
    efficiency: 0.57454
    discharge_ratio: 0.1
    depth_of_discharge: 0.4
  Li-ion:
    cost: 273.202
    lifetime: 27.1202
    annual_cost: 10.073745768836513
    efficiency: 0.899554
    discharge_ratio: 2
    depth_of_discharge: 0.9
  Pb-acid:
    cost: 228.021
    lifetime: 17.173
    annual_cost: 13.277878064403424
    efficiency: 0.721278
    discharge_ratio: 5
    depth_of_discharge: 0.5
  VRBF:
    cost: 272.125
    lifetime: 18.6239
    annual_cost: 14.6116012220856
    efficiency: 0.656418
    discharge_ratio: 0.5
    depth_of_discharge: 1.0
