cost_values:
  wind_capex: 5000.0
  wind_opex: 100
  wind_lifetime: 20
  solar_capex: 1000.0
  solar_opex: 10
  solar_lifetime: 20
  carbon_price: 1.0
timeseries_values:
  load_level: 264995.4296290285
  wind_year: 2017
  solar_year: 2018
  price_year: 2023
  carbon_year: 2023
storage_values:
  CAES:
    cost: 75.3145
    lifetime: 23.7026
    annual_cost: 3.177478420088935
    efficiency: 0.587307
    discharge_ratio: 0.1
    depth_of_discharge: 0.4
  Li-ion:
    cost: 284.321
    lifetime: 29.1731
    annual_cost: 9.745998882532197
    efficiency: 0.884628
    discharge_ratio: 2
    depth_of_discharge: 0.9
  Pb-acid:
    cost: 244.65
    lifetime: 17.1083
    annual_cost: 14.300076571021084
    efficiency: 0.724786
    discharge_ratio: 5
    depth_of_discharge: 0.5
  VRBF:
    cost: 269.013
    lifetime: 17.0786
    annual_cost: 15.751466747859892
    efficiency: 0.656501
    discharge_ratio: 0.5
    depth_of_discharge: 1.0
