cost_values:
  wind_capex: 5000.0
  wind_opex: 100
  wind_lifetime: 20
  solar_capex: 1000.0
  solar_opex: 10
  solar_lifetime: 20
  carbon_price: 1.0
timeseries_values:
  load_level: 264995.4296290285
  wind_year: 2017
  solar_year: 2018
  price_year: 2023
  carbon_year: 2023
storage_values:
  CAES:
    cost: 71.0206
    lifetime: 23.3942
    annual_cost: 3.0358208444828203
    efficiency: 0.585693
    discharge_ratio: 0.1
    depth_of_discharge: 0.4
  Li-ion:
    cost: 280.098
    lifetime: 26.3269
    annual_cost: 10.63923211620054
    efficiency: 0.891849
    discharge_ratio: 2
    depth_of_discharge: 0.9
  Pb-acid:
    cost: 240.253
    lifetime: 15.2942
    annual_cost: 15.708765414340077
    efficiency: 0.72915
    discharge_ratio: 5
    depth_of_discharge: 0.5
  VRBF:
    cost: 275.05
    lifetime: 16.9657
    annual_cost: 16.21212210518871
    efficiency: 0.663089
    discharge_ratio: 0.5
    depth_of_discharge: 1.0
