cost_values:
  wind_capex: 5000.0
  wind_opex: 100
  wind_lifetime: 20
  solar_capex: 1000.0
  solar_opex: 10
  solar_lifetime: 20
  carbon_price: 1.0
timeseries_values:
  load_level: 264995.4296290285
  wind_year: 2017
  solar_year: 2018
  price_year: 2023
  carbon_year: 2023
storage_values:
  CAES:
    cost: 65.5326
    lifetime: 23.4732
    annual_cost: 2.7918051224375033
    efficiency: 0.57798
    discharge_ratio: 0.1
    depth_of_discharge: 0.4
  Li-ion:
    cost: 295.51
    lifetime: 26.8295
    annual_cost: 11.01436851227194
    efficiency: 0.893863
    discharge_ratio: 2
    depth_of_discharge: 0.9
  Pb-acid:
    cost: 221.16
    lifetime: 16.8907
    annual_cost: 13.093595884125584
    efficiency: 0.730828
    discharge_ratio: 5
    depth_of_discharge: 0.5
  VRBF:
    cost: 244.462
    lifetime: 17.9607
    annual_cost: 13.610939439999555
    efficiency: 0.66125
    discharge_ratio: 0.5
    depth_of_discharge: 1.0
