cost_values:
  wind_capex: 5000.0
  wind_opex: 100
  wind_lifetime: 20
  solar_capex: 1000.0
  solar_opex: 10
  solar_lifetime: 20
  carbon_price: 1.0
timeseries_values:
  load_level: 264995.4296290285
  wind_year: 2017
  solar_year: 2018
  price_year: 2023
  carbon_year: 2023
storage_values:
  CAES:
    cost: 71.0513
    lifetime: 23.4278
    annual_cost: 3.032777298764715
    efficiency: 0.572087
    discharge_ratio: 0.1
    depth_of_discharge: 0.4
  Li-ion:
    cost: 281.221
    lifetime: 25.5266
    annual_cost: 11.016782493555743
    efficiency: 0.883665
    discharge_ratio: 2
    depth_of_discharge: 0.9
  Pb-acid:
    cost: 219.905
    lifetime: 16.1304
    annual_cost: 13.632953925507115
    efficiency: 0.756372
    discharge_ratio: 5
    depth_of_discharge: 0.5
  VRBF:
    cost: 278.576
    lifetime: 21.2204
    annual_cost: 13.127745000094249
    efficiency: 0.658501
    discharge_ratio: 0.5
    depth_of_discharge: 1.0
