cost_values:
  wind_capex: 5000.0
  wind_opex: 100
  wind_lifetime: 20
  solar_capex: 1000.0
  solar_opex: 10
  solar_lifetime: 20
  carbon_price: 1.0
timeseries_values:
  load_level: 264995.4296290285
  wind_year: 2017
  solar_year: 2018
  price_year: 2023
  carbon_year: 2023
storage_values:
  CAES:
    cost: 74.1366
    lifetime: 22.6394
    annual_cost: 3.2746715902364905
    efficiency: 0.563107
    discharge_ratio: 0.1
    depth_of_discharge: 0.4
  Li-ion:
    cost: 279.569
    lifetime: 23.9364
    annual_cost: 11.679659430825021
    efficiency: 0.876218
    discharge_ratio: 2
    depth_of_discharge: 0.9
  Pb-acid:
    cost: 227.159
    lifetime: 16.8239
    annual_cost: 13.50216061674166
    efficiency: 0.721795
    discharge_ratio: 5
    depth_of_discharge: 0.5
  VRBF:
    cost: 245.315
    lifetime: 18.1017
    annual_cost: 13.55204207339642
    efficiency: 0.673553
    discharge_ratio: 0.5
    depth_of_discharge: 1.0
