cost_values:
  wind_capex: 5000.0
  wind_opex: 100
  wind_lifetime: 20
  solar_capex: 1000.0
  solar_opex: 10
  solar_lifetime: 20
  carbon_price: 1.0
timeseries_values:
  load_level: 264995.4296290285
  wind_year: 2017
  solar_year: 2018
  price_year: 2023
  carbon_year: 2023
storage_values:
  CAES:
    cost: 69.298
    lifetime: 22.8329
    annual_cost: 3.0350065037730647
    efficiency: 0.565611
    discharge_ratio: 0.1
    depth_of_discharge: 0.4
  Li-ion:
    cost: 269.958
    lifetime: 25.9595
    annual_cost: 10.399198751902002
    efficiency: 0.893004
    discharge_ratio: 2
    depth_of_discharge: 0.9
  Pb-acid:
    cost: 222.531
    lifetime: 15.7835
    annual_cost: 14.09896410808756
    efficiency: 0.711061
    discharge_ratio: 5
    depth_of_discharge: 0.5
  VRBF:
    cost: 265.585
    lifetime: 19.7395
    annual_cost: 13.45449479470098
    efficiency: 0.664683
    discharge_ratio: 0.5
    depth_of_discharge: 1.0
