cost_values:
  wind_capex: 5000.0
  wind_opex: 100
  wind_lifetime: 20
  solar_capex: 1000.0
  solar_opex: 10
  solar_lifetime: 20
  carbon_price: 1.0
timeseries_values:
  load_level: 264995.4296290285
  wind_year: 2017
  solar_year: 2018
  price_year: 2023
  carbon_year: 2023
storage_values:
  CAES:
    cost: 68.6673
    lifetime: 23.361
    annual_cost: 2.939398998330551
    efficiency: 0.583891
    discharge_ratio: 0.1
    depth_of_discharge: 0.4
  Li-ion:
    cost: 279.458
    lifetime: 23.8728
    annual_cost: 11.706125800073725
    efficiency: 0.891672
    discharge_ratio: 2
    depth_of_discharge: 0.9
  Pb-acid:
    cost: 223.018
    lifetime: 15.8545
    annual_cost: 14.066542621968527
    efficiency: 0.726116
    discharge_ratio: 5
    depth_of_discharge: 0.5
  VRBF:
    cost: 238.949
    lifetime: 19.1074
    annual_cost: 12.505573756764397
    efficiency: 0.674971
    discharge_ratio: 0.5
    depth_of_discharge: 1.0
