cost_values:
  wind_capex: 5000.0
  wind_opex: 100
  wind_lifetime: 20
  solar_capex: 1000.0
  solar_opex: 10
  solar_lifetime: 20
  carbon_price: 1.0
timeseries_values:
  load_level: 264995.4296290285
  wind_year: 2017
  solar_year: 2018
  price_year: 2023
  carbon_year: 2023
storage_values:
  CAES:
    cost: 72.5416
    lifetime: 23.4838
    annual_cost: 3.089006038205061
    efficiency: 0.583198
    discharge_ratio: 0.1
    depth_of_discharge: 0.4
  Li-ion:
    cost: 294.918
    lifetime: 26.9059
    annual_cost: 10.961090318480334
    efficiency: 0.876767
    discharge_ratio: 2
    depth_of_discharge: 0.9
  Pb-acid:
    cost: 248.653
    lifetime: 17.4605
    annual_cost: 14.240886572549469
    efficiency: 0.736698
    discharge_ratio: 5
    depth_of_discharge: 0.5
  VRBF:
    cost: 257.095
    lifetime: 18.7365
    annual_cost: 13.72161289461746
    efficiency: 0.67036
    discharge_ratio: 0.5
    depth_of_discharge: 1.0
