cost_values:
  wind_capex: 5000.0
  wind_opex: 100
  wind_lifetime: 20
  solar_capex: 1000.0
  solar_opex: 10
  solar_lifetime: 20
  carbon_price: 1.0
timeseries_values:
  load_level: 264995.4296290285
  wind_year: 2017
  solar_year: 2018
  price_year: 2023
  carbon_year: 2023
storage_values:
  CAES:
    cost: 76.3432
    lifetime: 22.9368
    annual_cost: 3.3284154720798016
    efficiency: 0.575034
    discharge_ratio: 0.1
    depth_of_discharge: 0.4
  Li-ion:
    cost: 287.51
    lifetime: 26.1606
    annual_cost: 10.99019135646736
    efficiency: 0.890973
    discharge_ratio: 2
    depth_of_discharge: 0.9
  Pb-acid:
    cost: 226.946
    lifetime: 17.082
    annual_cost: 13.285680833626039
    efficiency: 0.724455
    discharge_ratio: 5
    depth_of_discharge: 0.5
  VRBF:
    cost: 277.672
    lifetime: 19.1559
    annual_cost: 14.495377403306556
    efficiency: 0.659292
    discharge_ratio: 0.5
    depth_of_discharge: 1.0
