cost_values:
  wind_capex: 5000.0
  wind_opex: 100
  wind_lifetime: 20
  solar_capex: 1000.0
  solar_opex: 10
  solar_lifetime: 20
  carbon_price: 1.0
timeseries_values:
  load_level: 264995.4296290285
  wind_year: 2017
  solar_year: 2018
  price_year: 2023
  carbon_year: 2023
storage_values:
  CAES:
    cost: 66.0716
    lifetime: 23.4404
    annual_cost: 2.8187061654237984
    efficiency: 0.586216
    discharge_ratio: 0.1
    depth_of_discharge: 0.4
  Li-ion:
    cost: 287.452
    lifetime: 27.653
    annual_cost: 10.394966188117023
    efficiency: 0.890555
    discharge_ratio: 2
    depth_of_discharge: 0.9
  Pb-acid:
    cost: 234.275
    lifetime: 16.3378
    annual_cost: 14.339445947434783
    efficiency: 0.716577
    discharge_ratio: 5
    depth_of_discharge: 0.5
  VRBF:
    cost: 254.455
    lifetime: 18.0801
    annual_cost: 14.073760653978683
    efficiency: 0.654822
    discharge_ratio: 0.5
    depth_of_discharge: 1.0
