cost_values:
  wind_capex: 5000.0
  wind_opex: 100
  wind_lifetime: 20
  solar_capex: 1000.0
  solar_opex: 10
  solar_lifetime: 20
  carbon_price: 1.0
timeseries_values:
  load_level: 264995.4296290285
  wind_year: 2017
  solar_year: 2018
  price_year: 2023
  carbon_year: 2023
storage_values:
  CAES:
    cost: 66.6014
    lifetime: 24.5864
    annual_cost: 2.7088715712751763
    efficiency: 0.580816
    discharge_ratio: 0.1
    depth_of_discharge: 0.4
  Li-ion:
    cost: 283.613
    lifetime: 25.8568
    annual_cost: 10.968604003588998
    efficiency: 0.905356
    discharge_ratio: 2
    depth_of_discharge: 0.9
  Pb-acid:
    cost: 243.527
    lifetime: 17.0202
    annual_cost: 14.308116238352076
    efficiency: 0.716662
    discharge_ratio: 5
    depth_of_discharge: 0.5
  VRBF:
    cost: 258.96
    lifetime: 17.2177
    annual_cost: 15.040336398009023
    efficiency: 0.660582
    discharge_ratio: 0.5
    depth_of_discharge: 1.0
