cost_values:
  wind_capex: 5000.0
  wind_opex: 100
  wind_lifetime: 20
  solar_capex: 1000.0
  solar_opex: 10
  solar_lifetime: 20
  carbon_price: 1.0
timeseries_values:
  load_level: 266971.0706409207
  wind_year: 2014
  solar_year: 2016
  price_year: 2023
  carbon_year: 2023
storage_values:
  CAES:
    cost: 40.0032
    lifetime: 22.947
    annual_cost: 1.7432867041443327
    efficiency: 0.615206
    discharge_ratio: 0.1
    depth_of_discharge: 0.4
  Li-ion:
    cost: 141.967
    lifetime: 26.1113
    annual_cost: 5.43699471110209
    efficiency: 0.964998
    discharge_ratio: 2
    depth_of_discharge: 0.9
  Pb-acid:
    cost: 136.064
    lifetime: 5.70171
    annual_cost: 23.863718077559184
    efficiency: 0.766132
    discharge_ratio: 5
    depth_of_discharge: 0.5
  VRBF:
    cost: 262.196
    lifetime: 20.2518
    annual_cost: 12.946799790635895
    efficiency: 0.775804
    discharge_ratio: 0.5
    depth_of_discharge: 1.0
