cost_values:
  wind_capex: 5000.0
  wind_opex: 100
  wind_lifetime: 20
  solar_capex: 1000.0
  solar_opex: 10
  solar_lifetime: 20
  carbon_price: 1.0
timeseries_values:
  load_level: 266971.0706409207
  wind_year: 2014
  solar_year: 2016
  price_year: 2023
  carbon_year: 2023
storage_values:
  CAES:
    cost: 47.0416
    lifetime: 23.0519
    annual_cost: 2.040682112971165
    efficiency: 0.603521
    discharge_ratio: 0.1
    depth_of_discharge: 0.4
  Li-ion:
    cost: 141.372
    lifetime: 27.0673
    annual_cost: 5.222981235660742
    efficiency: 0.959311
    discharge_ratio: 2
    depth_of_discharge: 0.9
  Pb-acid:
    cost: 145.322
    lifetime: 6.16205
    annual_cost: 23.583385399339505
    efficiency: 0.779137
    discharge_ratio: 5
    depth_of_discharge: 0.5
  VRBF:
    cost: 271.886
    lifetime: 22.3779
    annual_cost: 12.14975489210337
    efficiency: 0.787277
    discharge_ratio: 0.5
    depth_of_discharge: 1.0
