cost_values:
  wind_capex: 5000.0
  wind_opex: 100
  wind_lifetime: 20
  solar_capex: 1000.0
  solar_opex: 10
  solar_lifetime: 20
  carbon_price: 1.0
timeseries_values:
  load_level: 266971.0706409207
  wind_year: 2014
  solar_year: 2016
  price_year: 2023
  carbon_year: 2023
storage_values:
  CAES:
    cost: 37.5721
    lifetime: 24.1542
    annual_cost: 1.555510014821439
    efficiency: 0.62095
    discharge_ratio: 0.1
    depth_of_discharge: 0.4
  Li-ion:
    cost: 125.661
    lifetime: 27.2756
    annual_cost: 4.60708472040945
    efficiency: 0.961311
    discharge_ratio: 2
    depth_of_discharge: 0.9
  Pb-acid:
    cost: 134.795
    lifetime: 6.18507
    annual_cost: 21.793609449852628
    efficiency: 0.783952
    discharge_ratio: 5
    depth_of_discharge: 0.5
  VRBF:
    cost: 255.609
    lifetime: 20.5119
    annual_cost: 12.461497959720942
    efficiency: 0.780272
    discharge_ratio: 0.5
    depth_of_discharge: 1.0
