cost_values:
  wind_capex: 5000.0
  wind_opex: 100
  wind_lifetime: 20
  solar_capex: 1000.0
  solar_opex: 10
  solar_lifetime: 20
  carbon_price: 1.0
timeseries_values:
  load_level: 266971.0706409207
  wind_year: 2014
  solar_year: 2016
  price_year: 2023
  carbon_year: 2023
storage_values:
  CAES:
    cost: 42.8556
    lifetime: 23.3118
    annual_cost: 1.838365119810568
    efficiency: 0.615182
    discharge_ratio: 0.1
    depth_of_discharge: 0.4
  Li-ion:
    cost: 160.729
    lifetime: 26.075
    annual_cost: 6.164103547459253
    efficiency: 0.949925
    discharge_ratio: 2
    depth_of_discharge: 0.9
  Pb-acid:
    cost: 117.863
    lifetime: 6.18639
    annual_cost: 19.051983466933056
    efficiency: 0.772021
    discharge_ratio: 5
    depth_of_discharge: 0.5
  VRBF:
    cost: 259.474
    lifetime: 21.4347
    annual_cost: 12.105324543847127
    efficiency: 0.783044
    discharge_ratio: 0.5
    depth_of_discharge: 1.0
