cost_values:
  wind_capex: 5000.0
  wind_opex: 100
  wind_lifetime: 20
  solar_capex: 1000.0
  solar_opex: 10
  solar_lifetime: 20
  carbon_price: 1.0
timeseries_values:
  load_level: 266971.0706409207
  wind_year: 2014
  solar_year: 2016
  price_year: 2023
  carbon_year: 2023
storage_values:
  CAES:
    cost: 39.7693
    lifetime: 23.2322
    annual_cost: 1.7118180800785119
    efficiency: 0.621676
    discharge_ratio: 0.1
    depth_of_discharge: 0.4
  Li-ion:
    cost: 129.434
    lifetime: 25.2995
    annual_cost: 5.11606948753928
    efficiency: 0.9489
    discharge_ratio: 2
    depth_of_discharge: 0.9
  Pb-acid:
    cost: 122.66
    lifetime: 6.40415
    annual_cost: 19.153205343410132
    efficiency: 0.776073
    discharge_ratio: 5
    depth_of_discharge: 0.5
  VRBF:
    cost: 283.574
    lifetime: 20.5106
    annual_cost: 13.825729135178884
    efficiency: 0.807308
    discharge_ratio: 0.5
    depth_of_discharge: 1.0
