cost_values:
  wind_capex: 5000.0
  wind_opex: 100
  wind_lifetime: 20
  solar_capex: 1000.0
  solar_opex: 10
  solar_lifetime: 20
  carbon_price: 1.0
timeseries_values:
  load_level: 266971.0706409207
  wind_year: 2014
  solar_year: 2016
  price_year: 2023
  carbon_year: 2023
storage_values:
  CAES:
    cost: 43.7581
    lifetime: 24.5445
    annual_cost: 1.7828067387805822
    efficiency: 0.606854
    discharge_ratio: 0.1
    depth_of_discharge: 0.4
  Li-ion:
    cost: 123.263
    lifetime: 26.8294
    annual_cost: 4.594325627856009
    efficiency: 0.943028
    discharge_ratio: 2
    depth_of_discharge: 0.9
  Pb-acid:
    cost: 137.88
    lifetime: 6.19214
    annual_cost: 22.2669384090153
    efficiency: 0.774359
    discharge_ratio: 5
    depth_of_discharge: 0.5
  VRBF:
    cost: 269.518
    lifetime: 19.4114
    annual_cost: 13.88452146676695
    efficiency: 0.797962
    discharge_ratio: 0.5
    depth_of_discharge: 1.0
