cost_values:
  wind_capex: 5000.0
  wind_opex: 100
  wind_lifetime: 20
  solar_capex: 1000.0
  solar_opex: 10
  solar_lifetime: 20
  carbon_price: 1.0
timeseries_values:
  load_level: 266971.0706409207
  wind_year: 2014
  solar_year: 2016
  price_year: 2023
  carbon_year: 2023
storage_values:
  CAES:
    cost: 42.9271
    lifetime: 24.3151
    annual_cost: 1.7654502757545723
    efficiency: 0.618038
    discharge_ratio: 0.1
    depth_of_discharge: 0.4
  Li-ion:
    cost: 136.857
    lifetime: 25.8835
    annual_cost: 5.2874224892305905
    efficiency: 0.957944
    discharge_ratio: 2
    depth_of_discharge: 0.9
  Pb-acid:
    cost: 112.232
    lifetime: 5.88329
    annual_cost: 19.076401129300102
    efficiency: 0.769076
    discharge_ratio: 5
    depth_of_discharge: 0.5
  VRBF:
    cost: 285.615
    lifetime: 21.4086
    annual_cost: 13.341133936829126
    efficiency: 0.787851
    discharge_ratio: 0.5
    depth_of_discharge: 1.0
