cost_values:
  wind_capex: 5000.0
  wind_opex: 100
  wind_lifetime: 20
  solar_capex: 1000.0
  solar_opex: 10
  solar_lifetime: 20
  carbon_price: 1.0
timeseries_values:
  load_level: 266971.0706409207
  wind_year: 2014
  solar_year: 2016
  price_year: 2023
  carbon_year: 2023
storage_values:
  CAES:
    cost: 48.4588
    lifetime: 23.3607
    annual_cost: 2.0743727713638713
    efficiency: 0.606921
    discharge_ratio: 0.1
    depth_of_discharge: 0.4
  Li-ion:
    cost: 132.68
    lifetime: 26.598
    annual_cost: 4.988344988344989
    efficiency: 0.934854
    discharge_ratio: 2
    depth_of_discharge: 0.9
  Pb-acid:
    cost: 156.419
    lifetime: 5.37475
    annual_cost: 29.10256290990279
    efficiency: 0.785008
    discharge_ratio: 5
    depth_of_discharge: 0.5
  VRBF:
    cost: 269.424
    lifetime: 19.6417
    annual_cost: 13.716938961495185
    efficiency: 0.774428
    discharge_ratio: 0.5
    depth_of_discharge: 1.0
