cost_values:
  wind_capex: 5000.0
  wind_opex: 100
  wind_lifetime: 20
  solar_capex: 1000.0
  solar_opex: 10
  solar_lifetime: 20
  carbon_price: 1.0
timeseries_values:
  load_level: 266971.0706409207
  wind_year: 2014
  solar_year: 2016
  price_year: 2023
  carbon_year: 2023
storage_values:
  CAES:
    cost: 42.3516
    lifetime: 24.269
    annual_cost: 1.7450904446001072
    efficiency: 0.60761
    discharge_ratio: 0.1
    depth_of_discharge: 0.4
  Li-ion:
    cost: 131.87
    lifetime: 26.7129
    annual_cost: 4.936566228301682
    efficiency: 0.953103
    discharge_ratio: 2
    depth_of_discharge: 0.9
  Pb-acid:
    cost: 117.718
    lifetime: 5.15484
    annual_cost: 22.836402293766636
    efficiency: 0.770895
    discharge_ratio: 5
    depth_of_discharge: 0.5
  VRBF:
    cost: 266.776
    lifetime: 20.7809
    annual_cost: 12.837557564879289
    efficiency: 0.804154
    discharge_ratio: 0.5
    depth_of_discharge: 1.0
