cost_values:
  wind_capex: 5000.0
  wind_opex: 100
  wind_lifetime: 20
  solar_capex: 1000.0
  solar_opex: 10
  solar_lifetime: 20
  carbon_price: 1.0
timeseries_values:
  load_level: 266971.0706409207
  wind_year: 2014
  solar_year: 2016
  price_year: 2023
  carbon_year: 2023
storage_values:
  CAES:
    cost: 42.2001
    lifetime: 24.1701
    annual_cost: 1.7459629873273175
    efficiency: 0.604538
    discharge_ratio: 0.1
    depth_of_discharge: 0.4
  Li-ion:
    cost: 143.017
    lifetime: 27.2924
    annual_cost: 5.240176752502528
    efficiency: 0.950487
    discharge_ratio: 2
    depth_of_discharge: 0.9
  Pb-acid:
    cost: 129.529
    lifetime: 8.50746
    annual_cost: 15.225343404494408
    efficiency: 0.765871
    discharge_ratio: 5
    depth_of_discharge: 0.5
  VRBF:
    cost: 273.886
    lifetime: 19.1079
    annual_cost: 14.333652573019537
    efficiency: 0.80338
    discharge_ratio: 0.5
    depth_of_discharge: 1.0
