cost_values:
  wind_capex: 5000.0
  wind_opex: 100
  wind_lifetime: 20
  solar_capex: 1000.0
  solar_opex: 10
  solar_lifetime: 20
  carbon_price: 1.0
timeseries_values:
  load_level: 266971.0706409207
  wind_year: 2014
  solar_year: 2016
  price_year: 2023
  carbon_year: 2023
storage_values:
  CAES:
    cost: 43.4764
    lifetime: 24.1141
    annual_cost: 1.8029451648620516
    efficiency: 0.604335
    discharge_ratio: 0.1
    depth_of_discharge: 0.4
  Li-ion:
    cost: 142.389
    lifetime: 29.5123
    annual_cost: 4.824734093920163
    efficiency: 0.953044
    discharge_ratio: 2
    depth_of_discharge: 0.9
  Pb-acid:
    cost: 125.728
    lifetime: 5.79733
    annual_cost: 21.68722498115512
    efficiency: 0.779239
    discharge_ratio: 5
    depth_of_discharge: 0.5
  VRBF:
    cost: 276.608
    lifetime: 18.6191
    annual_cost: 14.856142348448637
    efficiency: 0.793659
    discharge_ratio: 0.5
    depth_of_discharge: 1.0
