cost_values:
  wind_capex: 5000.0
  wind_opex: 100
  wind_lifetime: 20
  solar_capex: 1000.0
  solar_opex: 10
  solar_lifetime: 20
  carbon_price: 1.0
timeseries_values:
  load_level: 266971.0706409207
  wind_year: 2014
  solar_year: 2016
  price_year: 2023
  carbon_year: 2023
storage_values:
  CAES:
    cost: 39.9588
    lifetime: 23.5914
    annual_cost: 1.6937867188890865
    efficiency: 0.616121
    discharge_ratio: 0.1
    depth_of_discharge: 0.4
  Li-ion:
    cost: 117.595
    lifetime: 25.4125
    annual_cost: 4.6274471224790945
    efficiency: 0.947699
    discharge_ratio: 2
    depth_of_discharge: 0.9
  Pb-acid:
    cost: 100.189
    lifetime: 6.00881
    annual_cost: 16.673684140453766
    efficiency: 0.773942
    discharge_ratio: 5
    depth_of_discharge: 0.5
  VRBF:
    cost: 245.854
    lifetime: 21.7245
    annual_cost: 11.316900273884325
    efficiency: 0.805311
    discharge_ratio: 0.5
    depth_of_discharge: 1.0
