cost_values:
  wind_capex: 5000.0
  wind_opex: 100
  wind_lifetime: 20
  solar_capex: 1000.0
  solar_opex: 10
  solar_lifetime: 20
  carbon_price: 1.0
timeseries_values:
  load_level: 266971.0706409207
  wind_year: 2014
  solar_year: 2016
  price_year: 2023
  carbon_year: 2023
storage_values:
  CAES:
    cost: 42.5454
    lifetime: 24.4043
    annual_cost: 1.7433567035317548
    efficiency: 0.599276
    discharge_ratio: 0.1
    depth_of_discharge: 0.4
  Li-ion:
    cost: 140.786
    lifetime: 26.4281
    annual_cost: 5.327132862369977
    efficiency: 0.942926
    discharge_ratio: 2
    depth_of_discharge: 0.9
  Pb-acid:
    cost: 99.1795
    lifetime: 6.29573
    annual_cost: 15.75345511958105
    efficiency: 0.763143
    discharge_ratio: 5
    depth_of_discharge: 0.5
  VRBF:
    cost: 270.041
    lifetime: 20.4292
    annual_cost: 13.2183834902982
    efficiency: 0.79163
    discharge_ratio: 0.5
    depth_of_discharge: 1.0
