cost_values:
  wind_capex: 5000.0
  wind_opex: 100
  wind_lifetime: 20
  solar_capex: 1000.0
  solar_opex: 10
  solar_lifetime: 20
  carbon_price: 1.0
timeseries_values:
  load_level: 266971.0706409207
  wind_year: 2014
  solar_year: 2016
  price_year: 2023
  carbon_year: 2023
storage_values:
  CAES:
    cost: 44.831
    lifetime: 24.5586
    annual_cost: 1.8254705072764736
    efficiency: 0.612383
    discharge_ratio: 0.1
    depth_of_discharge: 0.4
  Li-ion:
    cost: 129.935
    lifetime: 26.8474
    annual_cost: 4.839761019689058
    efficiency: 0.960939
    discharge_ratio: 2
    depth_of_discharge: 0.9
  Pb-acid:
    cost: 122.851
    lifetime: 6.52374
    annual_cost: 18.83137586721727
    efficiency: 0.78561
    discharge_ratio: 5
    depth_of_discharge: 0.5
  VRBF:
    cost: 272.823
    lifetime: 22.2485
    annual_cost: 12.262534552891205
    efficiency: 0.795297
    discharge_ratio: 0.5
    depth_of_discharge: 1.0
