cost_values:
  wind_capex: 5000.0
  wind_opex: 100
  wind_lifetime: 20
  solar_capex: 1000.0
  solar_opex: 10
  solar_lifetime: 20
  carbon_price: 1.0
timeseries_values:
  load_level: 266971.0706409207
  wind_year: 2014
  solar_year: 2016
  price_year: 2023
  carbon_year: 2023
storage_values:
  CAES:
    cost: 37.7277
    lifetime: 23.6791
    annual_cost: 1.5932911301527508
    efficiency: 0.609563
    discharge_ratio: 0.1
    depth_of_discharge: 0.4
  Li-ion:
    cost: 134.209
    lifetime: 28.1828
    annual_cost: 4.762088933675859
    efficiency: 0.950745
    discharge_ratio: 2
    depth_of_discharge: 0.9
  Pb-acid:
    cost: 140.147
    lifetime: 5.6086
    annual_cost: 24.9878757622223
    efficiency: 0.748163
    discharge_ratio: 5
    depth_of_discharge: 0.5
  VRBF:
    cost: 278.94
    lifetime: 21.3955
    annual_cost: 13.037320931971678
    efficiency: 0.79674
    discharge_ratio: 0.5
    depth_of_discharge: 1.0
