cost_values:
  wind_capex: 5000.0
  wind_opex: 100
  wind_lifetime: 20
  solar_capex: 1000.0
  solar_opex: 10
  solar_lifetime: 20
  carbon_price: 1.0
timeseries_values:
  load_level: 266971.0706409207
  wind_year: 2014
  solar_year: 2016
  price_year: 2023
  carbon_year: 2023
storage_values:
  CAES:
    cost: 44.129
    lifetime: 24.2659
    annual_cost: 1.8185602017646163
    efficiency: 0.620827
    discharge_ratio: 0.1
    depth_of_discharge: 0.4
  Li-ion:
    cost: 135.073
    lifetime: 25.7715
    annual_cost: 5.241177269464331
    efficiency: 0.9549
    discharge_ratio: 2
    depth_of_discharge: 0.9
  Pb-acid:
    cost: 108.457
    lifetime: 6.14642
    annual_cost: 17.6455562750349
    efficiency: 0.762765
    discharge_ratio: 5
    depth_of_discharge: 0.5
  VRBF:
    cost: 272.399
    lifetime: 22.1875
    annual_cost: 12.277138028169015
    efficiency: 0.797434
    discharge_ratio: 0.5
    depth_of_discharge: 1.0
