cost_values:
  wind_capex: 5000.0
  wind_opex: 100
  wind_lifetime: 20
  solar_capex: 1000.0
  solar_opex: 10
  solar_lifetime: 20
  carbon_price: 1.0
timeseries_values:
  load_level: 266971.0706409207
  wind_year: 2014
  solar_year: 2016
  price_year: 2023
  carbon_year: 2023
storage_values:
  CAES:
    cost: 40.2886
    lifetime: 24.6972
    annual_cost: 1.631302333867807
    efficiency: 0.616287
    discharge_ratio: 0.1
    depth_of_discharge: 0.4
  Li-ion:
    cost: 133.801
    lifetime: 26.0023
    annual_cost: 5.145737107871226
    efficiency: 0.9521
    discharge_ratio: 2
    depth_of_discharge: 0.9
  Pb-acid:
    cost: 133.791
    lifetime: 6.65189
    annual_cost: 20.113230976459324
    efficiency: 0.769368
    discharge_ratio: 5
    depth_of_discharge: 0.5
  VRBF:
    cost: 257.888
    lifetime: 22.1646
    annual_cost: 11.635129891809461
    efficiency: 0.770366
    discharge_ratio: 0.5
    depth_of_discharge: 1.0
