cost_values:
  wind_capex: 5000.0
  wind_opex: 100
  wind_lifetime: 20
  solar_capex: 1000.0
  solar_opex: 10
  solar_lifetime: 20
  carbon_price: 1.0
timeseries_values:
  load_level: 266971.0706409207
  wind_year: 2014
  solar_year: 2016
  price_year: 2023
  carbon_year: 2023
storage_values:
  CAES:
    cost: 42.3016
    lifetime: 23.8554
    annual_cost: 1.773250500934799
    efficiency: 0.607343
    discharge_ratio: 0.1
    depth_of_discharge: 0.4
  Li-ion:
    cost: 140.46
    lifetime: 24.9788
    annual_cost: 5.623168446842923
    efficiency: 0.955398
    discharge_ratio: 2
    depth_of_discharge: 0.9
  Pb-acid:
    cost: 106.5
    lifetime: 5.28371
    annual_cost: 20.156291696554124
    efficiency: 0.775185
    discharge_ratio: 5
    depth_of_discharge: 0.5
  VRBF:
    cost: 261.162
    lifetime: 21.5631
    annual_cost: 12.1115238532493
    efficiency: 0.76726
    discharge_ratio: 0.5
    depth_of_discharge: 1.0
