cost_values:
  wind_capex: 5000.0
  wind_opex: 100
  wind_lifetime: 20
  solar_capex: 1000.0
  solar_opex: 10
  solar_lifetime: 20
  carbon_price: 1.0
timeseries_values:
  load_level: 266971.0706409207
  wind_year: 2014
  solar_year: 2016
  price_year: 2023
  carbon_year: 2023
storage_values:
  CAES:
    cost: 40.0601
    lifetime: 23.99
    annual_cost: 1.6698666110879534
    efficiency: 0.608773
    discharge_ratio: 0.1
    depth_of_discharge: 0.4
  Li-ion:
    cost: 145.381
    lifetime: 26.6629
    annual_cost: 5.4525576737714205
    efficiency: 0.960768
    discharge_ratio: 2
    depth_of_discharge: 0.9
  Pb-acid:
    cost: 128.683
    lifetime: 5.1122
    annual_cost: 25.171746019326317
    efficiency: 0.765567
    discharge_ratio: 5
    depth_of_discharge: 0.5
  VRBF:
    cost: 248.707
    lifetime: 22.781
    annual_cost: 10.91729950397261
    efficiency: 0.77443
    discharge_ratio: 0.5
    depth_of_discharge: 1.0
