cost_values:
  wind_capex: 5000.0
  wind_opex: 100
  wind_lifetime: 20
  solar_capex: 1000.0
  solar_opex: 10
  solar_lifetime: 20
  carbon_price: 1.0
timeseries_values:
  load_level: 266971.0706409207
  wind_year: 2014
  solar_year: 2016
  price_year: 2023
  carbon_year: 2023
storage_values:
  CAES:
    cost: 44.3658
    lifetime: 23.9569
    annual_cost: 1.8519007050160914
    efficiency: 0.613852
    discharge_ratio: 0.1
    depth_of_discharge: 0.4
  Li-ion:
    cost: 146.282
    lifetime: 27.5789
    annual_cost: 5.304127430753221
    efficiency: 0.957741
    discharge_ratio: 2
    depth_of_discharge: 0.9
  Pb-acid:
    cost: 122.602
    lifetime: 6.069
    annual_cost: 20.20135112868677
    efficiency: 0.766583
    discharge_ratio: 5
    depth_of_discharge: 0.5
  VRBF:
    cost: 257.849
    lifetime: 20.0123
    annual_cost: 12.884526016499851
    efficiency: 0.793866
    discharge_ratio: 0.5
    depth_of_discharge: 1.0
