cost_values:
  wind_capex: 5000.0
  wind_opex: 100
  wind_lifetime: 20
  solar_capex: 1000.0
  solar_opex: 10
  solar_lifetime: 20
  carbon_price: 1.0
timeseries_values:
  load_level: 266971.0706409207
  wind_year: 2014
  solar_year: 2016
  price_year: 2023
  carbon_year: 2023
storage_values:
  CAES:
    cost: 31.995
    lifetime: 23.707
    annual_cost: 1.349601383557599
    efficiency: 0.612821
    discharge_ratio: 0.1
    depth_of_discharge: 0.4
  Li-ion:
    cost: 133.508
    lifetime: 26.8234
    annual_cost: 4.977295943094463
    efficiency: 0.966944
    discharge_ratio: 2
    depth_of_discharge: 0.9
  Pb-acid:
    cost: 98.8037
    lifetime: 5.55969
    annual_cost: 17.77144049398438
    efficiency: 0.763076
    discharge_ratio: 5
    depth_of_discharge: 0.5
  VRBF:
    cost: 268.056
    lifetime: 20.9303
    annual_cost: 12.807078732746305
    efficiency: 0.779834
    discharge_ratio: 0.5
    depth_of_discharge: 1.0
