cost_values:
  wind_capex: 5000.0
  wind_opex: 100
  wind_lifetime: 20
  solar_capex: 1000.0
  solar_opex: 10
  solar_lifetime: 20
  carbon_price: 1.0
timeseries_values:
  load_level: 266971.0706409207
  wind_year: 2014
  solar_year: 2016
  price_year: 2023
  carbon_year: 2023
storage_values:
  CAES:
    cost: 40.8005
    lifetime: 24.0328
    annual_cost: 1.697700642455311
    efficiency: 0.623396
    discharge_ratio: 0.1
    depth_of_discharge: 0.4
  Li-ion:
    cost: 144.096
    lifetime: 28.4195
    annual_cost: 5.0703214342265
    efficiency: 0.959823
    discharge_ratio: 2
    depth_of_discharge: 0.9
  Pb-acid:
    cost: 124.132
    lifetime: 6.11826
    annual_cost: 20.288774913128897
    efficiency: 0.766599
    discharge_ratio: 5
    depth_of_discharge: 0.5
  VRBF:
    cost: 227.524
    lifetime: 20.9159
    annual_cost: 10.878040151272476
    efficiency: 0.780441
    discharge_ratio: 0.5
    depth_of_discharge: 1.0
