cost_values:
  wind_capex: 5000.0
  wind_opex: 100
  wind_lifetime: 20
  solar_capex: 1000.0
  solar_opex: 10
  solar_lifetime: 20
  carbon_price: 1.0
timeseries_values:
  load_level: 266971.0706409207
  wind_year: 2014
  solar_year: 2016
  price_year: 2023
  carbon_year: 2023
storage_values:
  CAES:
    cost: 42.3485
    lifetime: 23.831
    annual_cost: 1.7770341152280644
    efficiency: 0.616054
    discharge_ratio: 0.1
    depth_of_discharge: 0.4
  Li-ion:
    cost: 146.771
    lifetime: 25.2205
    annual_cost: 5.819511904997918
    efficiency: 0.95194
    discharge_ratio: 2
    depth_of_discharge: 0.9
  Pb-acid:
    cost: 145.716
    lifetime: 5.79896
    annual_cost: 25.127953977954668
    efficiency: 0.754696
    discharge_ratio: 5
    depth_of_discharge: 0.5
  VRBF:
    cost: 258.748
    lifetime: 22.6109
    annual_cost: 11.443507334957918
    efficiency: 0.779731
    discharge_ratio: 0.5
    depth_of_discharge: 1.0
