cost_values:
  wind_capex: 5000.0
  wind_opex: 100
  wind_lifetime: 20
  solar_capex: 1000.0
  solar_opex: 10
  solar_lifetime: 20
  carbon_price: 1.0
timeseries_values:
  load_level: 266971.0706409207
  wind_year: 2014
  solar_year: 2016
  price_year: 2023
  carbon_year: 2023
storage_values:
  CAES:
    cost: 41.6948
    lifetime: 24.098
    annual_cost: 1.73021827537555
    efficiency: 0.617498
    discharge_ratio: 0.1
    depth_of_discharge: 0.4
  Li-ion:
    cost: 168.402
    lifetime: 28.8893
    annual_cost: 5.829217045757425
    efficiency: 0.948167
    discharge_ratio: 2
    depth_of_discharge: 0.9
  Pb-acid:
    cost: 117.625
    lifetime: 5.44097
    annual_cost: 21.618387897746175
    efficiency: 0.779246
    discharge_ratio: 5
    depth_of_discharge: 0.5
  VRBF:
    cost: 261.461
    lifetime: 20.2059
    annual_cost: 12.939834404802559
    efficiency: 0.791477
    discharge_ratio: 0.5
    depth_of_discharge: 1.0
