cost_values:
  wind_capex: 5000.0
  wind_opex: 100
  wind_lifetime: 20
  solar_capex: 1000.0
  solar_opex: 10
  solar_lifetime: 20
  carbon_price: 1.0
timeseries_values:
  load_level: 266971.0706409207
  wind_year: 2014
  solar_year: 2016
  price_year: 2023
  carbon_year: 2023
storage_values:
  CAES:
    cost: 41.1178
    lifetime: 23.0024
    annual_cost: 1.7875439084617257
    efficiency: 0.606241
    discharge_ratio: 0.1
    depth_of_discharge: 0.4
  Li-ion:
    cost: 121.195
    lifetime: 25.2399
    annual_cost: 4.801722669265726
    efficiency: 0.963925
    discharge_ratio: 2
    depth_of_discharge: 0.9
  Pb-acid:
    cost: 119.135
    lifetime: 5.6978
    annual_cost: 20.908947312998
    efficiency: 0.752487
    discharge_ratio: 5
    depth_of_discharge: 0.5
  VRBF:
    cost: 295.944
    lifetime: 22.2697
    annual_cost: 13.289087863779036
    efficiency: 0.790087
    discharge_ratio: 0.5
    depth_of_discharge: 1.0
