cost_values:
  wind_capex: 5000.0
  wind_opex: 100
  wind_lifetime: 20
  solar_capex: 1000.0
  solar_opex: 10
  solar_lifetime: 20
  carbon_price: 1.0
timeseries_values:
  load_level: 266971.0706409207
  wind_year: 2014
  solar_year: 2016
  price_year: 2023
  carbon_year: 2023
storage_values:
  CAES:
    cost: 47.6248
    lifetime: 23.5391
    annual_cost: 2.023220938778458
    efficiency: 0.611706
    discharge_ratio: 0.1
    depth_of_discharge: 0.4
  Li-ion:
    cost: 126.322
    lifetime: 25.6429
    annual_cost: 4.92619789493388
    efficiency: 0.957831
    discharge_ratio: 2
    depth_of_discharge: 0.9
  Pb-acid:
    cost: 117.735
    lifetime: 6.65876
    annual_cost: 17.681219926833226
    efficiency: 0.756743
    discharge_ratio: 5
    depth_of_discharge: 0.5
  VRBF:
    cost: 222.718
    lifetime: 20.8627
    annual_cost: 10.675415933699856
    efficiency: 0.783552
    discharge_ratio: 0.5
    depth_of_discharge: 1.0
