cost_values:
  wind_capex: 5000.0
  wind_opex: 100
  wind_lifetime: 20
  solar_capex: 1000.0
  solar_opex: 10
  solar_lifetime: 20
  carbon_price: 1.0
timeseries_values:
  load_level: 266971.0706409207
  wind_year: 2014
  solar_year: 2016
  price_year: 2023
  carbon_year: 2023
storage_values:
  CAES:
    cost: 34.3973
    lifetime: 23.7077
    annual_cost: 1.45089148251412
    efficiency: 0.61135
    discharge_ratio: 0.1
    depth_of_discharge: 0.4
  Li-ion:
    cost: 152.337
    lifetime: 26.6773
    annual_cost: 5.710360493753115
    efficiency: 0.949988
    discharge_ratio: 2
    depth_of_discharge: 0.9
  Pb-acid:
    cost: 126.986
    lifetime: 6.07999
    annual_cost: 20.885889614950027
    efficiency: 0.770561
    discharge_ratio: 5
    depth_of_discharge: 0.5
  VRBF:
    cost: 239.206
    lifetime: 21.456
    annual_cost: 11.148676360924682
    efficiency: 0.784178
    discharge_ratio: 0.5
    depth_of_discharge: 1.0
