cost_values:
  wind_capex: 5000.0
  wind_opex: 100
  wind_lifetime: 20
  solar_capex: 1000.0
  solar_opex: 10
  solar_lifetime: 20
  carbon_price: 1.0
timeseries_values:
  load_level: 266971.0706409207
  wind_year: 2014
  solar_year: 2016
  price_year: 2023
  carbon_year: 2023
storage_values:
  CAES:
    cost: 41.8877
    lifetime: 23.7786
    annual_cost: 1.7615713288419
    efficiency: 0.607297
    discharge_ratio: 0.1
    depth_of_discharge: 0.4
  Li-ion:
    cost: 140.76
    lifetime: 28.4775
    annual_cost: 4.942849618119568
    efficiency: 0.954779
    discharge_ratio: 2
    depth_of_discharge: 0.9
  Pb-acid:
    cost: 133.186
    lifetime: 5.04983
    annual_cost: 26.374353196048187
    efficiency: 0.754838
    discharge_ratio: 5
    depth_of_discharge: 0.5
  VRBF:
    cost: 246.698
    lifetime: 22.3367
    annual_cost: 11.044514185175071
    efficiency: 0.779976
    discharge_ratio: 0.5
    depth_of_discharge: 1.0
