cost_values:
  wind_capex: 5000.0
  wind_opex: 100
  wind_lifetime: 20
  solar_capex: 1000.0
  solar_opex: 10
  solar_lifetime: 20
  carbon_price: 1.0
timeseries_values:
  load_level: 266971.0706409207
  wind_year: 2014
  solar_year: 2016
  price_year: 2023
  carbon_year: 2023
storage_values:
  CAES:
    cost: 39.5986
    lifetime: 23.1864
    annual_cost: 1.7078373529310285
    efficiency: 0.605886
    discharge_ratio: 0.1
    depth_of_discharge: 0.4
  Li-ion:
    cost: 150.952
    lifetime: 26.7358
    annual_cost: 5.646062582754209
    efficiency: 0.947625
    discharge_ratio: 2
    depth_of_discharge: 0.9
  Pb-acid:
    cost: 104.662
    lifetime: 6.87374
    annual_cost: 15.22635421182646
    efficiency: 0.761673
    discharge_ratio: 5
    depth_of_discharge: 0.5
  VRBF:
    cost: 307.554
    lifetime: 20.5169
    annual_cost: 14.990276308799087
    efficiency: 0.785895
    discharge_ratio: 0.5
    depth_of_discharge: 1.0
