cost_values:
  wind_capex: 5000.0
  wind_opex: 100
  wind_lifetime: 20
  solar_capex: 1000.0
  solar_opex: 10
  solar_lifetime: 20
  carbon_price: 1.0
timeseries_values:
  load_level: 266971.0706409207
  wind_year: 2014
  solar_year: 2016
  price_year: 2023
  carbon_year: 2023
storage_values:
  CAES:
    cost: 38.527
    lifetime: 23.7183
    annual_cost: 1.6243575635690586
    efficiency: 0.62026
    discharge_ratio: 0.1
    depth_of_discharge: 0.4
  Li-ion:
    cost: 142.308
    lifetime: 24.6925
    annual_cost: 5.763207451655361
    efficiency: 0.950627
    discharge_ratio: 2
    depth_of_discharge: 0.9
  Pb-acid:
    cost: 125.289
    lifetime: 7.82611
    annual_cost: 16.009102862086017
    efficiency: 0.758893
    discharge_ratio: 5
    depth_of_discharge: 0.5
  VRBF:
    cost: 253.637
    lifetime: 22.121
    annual_cost: 11.465892138691741
    efficiency: 0.792939
    discharge_ratio: 0.5
    depth_of_discharge: 1.0
