cost_values:
  wind_capex: 5000.0
  wind_opex: 100
  wind_lifetime: 20
  solar_capex: 1000.0
  solar_opex: 10
  solar_lifetime: 20
  carbon_price: 1.0
timeseries_values:
  load_level: 266971.0706409207
  wind_year: 2014
  solar_year: 2016
  price_year: 2023
  carbon_year: 2023
storage_values:
  CAES:
    cost: 39.4083
    lifetime: 24.4016
    annual_cost: 1.6149883614189233
    efficiency: 0.611522
    discharge_ratio: 0.1
    depth_of_discharge: 0.4
  Li-ion:
    cost: 140.795
    lifetime: 25.7614
    annual_cost: 5.465347380188965
    efficiency: 0.953565
    discharge_ratio: 2
    depth_of_discharge: 0.9
  Pb-acid:
    cost: 125.94
    lifetime: 6.17298
    annual_cost: 20.4018156546757
    efficiency: 0.775488
    discharge_ratio: 5
    depth_of_discharge: 0.5
  VRBF:
    cost: 257.679
    lifetime: 20.4147
    annual_cost: 12.62222810033946
    efficiency: 0.778399
    discharge_ratio: 0.5
    depth_of_discharge: 1.0
