cost_values:
  wind_capex: 5000.0
  wind_opex: 100
  wind_lifetime: 20
  solar_capex: 1000.0
  solar_opex: 10
  solar_lifetime: 20
  carbon_price: 1.0
timeseries_values:
  load_level: 266971.0706409207
  wind_year: 2014
  solar_year: 2016
  price_year: 2023
  carbon_year: 2023
storage_values:
  CAES:
    cost: 45.0158
    lifetime: 23.7869
    annual_cost: 1.8924618172187213
    efficiency: 0.60783
    discharge_ratio: 0.1
    depth_of_discharge: 0.4
  Li-ion:
    cost: 133.307
    lifetime: 27.252
    annual_cost: 4.891640980478496
    efficiency: 0.968295
    discharge_ratio: 2
    depth_of_discharge: 0.9
  Pb-acid:
    cost: 107.687
    lifetime: 5.33933
    annual_cost: 20.16863539058271
    efficiency: 0.754461
    discharge_ratio: 5
    depth_of_discharge: 0.5
  VRBF:
    cost: 284.543
    lifetime: 20.8127
    annual_cost: 13.671604356955129
    efficiency: 0.779342
    discharge_ratio: 0.5
    depth_of_discharge: 1.0
