cost_values:
  wind_capex: 5000.0
  wind_opex: 100
  wind_lifetime: 20
  solar_capex: 1000.0
  solar_opex: 10
  solar_lifetime: 20
  carbon_price: 1.0
timeseries_values:
  load_level: 266971.0706409207
  wind_year: 2014
  solar_year: 2016
  price_year: 2023
  carbon_year: 2023
storage_values:
  CAES:
    cost: 40.373
    lifetime: 23.9902
    annual_cost: 1.6828955156688978
    efficiency: 0.622569
    discharge_ratio: 0.1
    depth_of_discharge: 0.4
  Li-ion:
    cost: 137.097
    lifetime: 26.7563
    annual_cost: 5.123914741574882
    efficiency: 0.960972
    discharge_ratio: 2
    depth_of_discharge: 0.9
  Pb-acid:
    cost: 114.076
    lifetime: 5.37346
    annual_cost: 21.229524366050924
    efficiency: 0.751053
    discharge_ratio: 5
    depth_of_discharge: 0.5
  VRBF:
    cost: 250.297
    lifetime: 19.8424
    annual_cost: 12.61425029230335
    efficiency: 0.789988
    discharge_ratio: 0.5
    depth_of_discharge: 1.0
