cost_values:
  wind_capex: 5000.0
  wind_opex: 100
  wind_lifetime: 20
  solar_capex: 1000.0
  solar_opex: 10
  solar_lifetime: 20
  carbon_price: 1.0
timeseries_values:
  load_level: 266971.0706409207
  wind_year: 2014
  solar_year: 2016
  price_year: 2023
  carbon_year: 2023
storage_values:
  CAES:
    cost: 45.6111
    lifetime: 24.4209
    annual_cost: 1.8677075783447785
    efficiency: 0.606762
    discharge_ratio: 0.1
    depth_of_discharge: 0.4
  Li-ion:
    cost: 142.239
    lifetime: 25.1372
    annual_cost: 5.6585061184221
    efficiency: 0.947303
    discharge_ratio: 2
    depth_of_discharge: 0.9
  Pb-acid:
    cost: 127.16
    lifetime: 7.44024
    annual_cost: 17.090846531832305
    efficiency: 0.769697
    discharge_ratio: 5
    depth_of_discharge: 0.5
  VRBF:
    cost: 239.54
    lifetime: 20.4315
    annual_cost: 11.724053544771554
    efficiency: 0.780286
    discharge_ratio: 0.5
    depth_of_discharge: 1.0
