cost_values:
  wind_capex: 5000.0
  wind_opex: 100
  wind_lifetime: 20
  solar_capex: 1000.0
  solar_opex: 10
  solar_lifetime: 20
  carbon_price: 1.0
timeseries_values:
  load_level: 266971.0706409207
  wind_year: 2014
  solar_year: 2016
  price_year: 2023
  carbon_year: 2023
storage_values:
  CAES:
    cost: 46.3076
    lifetime: 23.4362
    annual_cost: 1.9759005299493946
    efficiency: 0.612382
    discharge_ratio: 0.1
    depth_of_discharge: 0.4
  Li-ion:
    cost: 158.24
    lifetime: 27.1795
    annual_cost: 5.822034989606137
    efficiency: 0.963009
    discharge_ratio: 2
    depth_of_discharge: 0.9
  Pb-acid:
    cost: 115.574
    lifetime: 7.88551
    annual_cost: 14.65650287679554
    efficiency: 0.764119
    discharge_ratio: 5
    depth_of_discharge: 0.5
  VRBF:
    cost: 267.052
    lifetime: 21.2701
    annual_cost: 12.555277126106601
    efficiency: 0.792885
    discharge_ratio: 0.5
    depth_of_discharge: 1.0
