cost_values:
  wind_capex: 5000.0
  wind_opex: 100
  wind_lifetime: 20
  solar_capex: 1000.0
  solar_opex: 10
  solar_lifetime: 20
  carbon_price: 1.0
timeseries_values:
  load_level: 266971.0706409207
  wind_year: 2014
  solar_year: 2016
  price_year: 2023
  carbon_year: 2023
storage_values:
  CAES:
    cost: 46.9799
    lifetime: 24.0532
    annual_cost: 1.95316631466915
    efficiency: 0.606567
    discharge_ratio: 0.1
    depth_of_discharge: 0.4
  Li-ion:
    cost: 159.687
    lifetime: 27.1357
    annual_cost: 5.884756980656479
    efficiency: 0.952921
    discharge_ratio: 2
    depth_of_discharge: 0.9
  Pb-acid:
    cost: 119.536
    lifetime: 5.18523
    annual_cost: 23.05317218329756
    efficiency: 0.761541
    discharge_ratio: 5
    depth_of_discharge: 0.5
  VRBF:
    cost: 247.416
    lifetime: 21.9086
    annual_cost: 11.29309951343308
    efficiency: 0.77599
    discharge_ratio: 0.5
    depth_of_discharge: 1.0
