cost_values:
  wind_capex: 5000.0
  wind_opex: 100
  wind_lifetime: 20
  solar_capex: 1000.0
  solar_opex: 10
  solar_lifetime: 20
  carbon_price: 1.0
timeseries_values:
  load_level: 266971.0706409207
  wind_year: 2014
  solar_year: 2016
  price_year: 2023
  carbon_year: 2023
storage_values:
  CAES:
    cost: 45.0606
    lifetime: 24.2739
    annual_cost: 1.8563395251690087
    efficiency: 0.616019
    discharge_ratio: 0.1
    depth_of_discharge: 0.4
  Li-ion:
    cost: 144.997
    lifetime: 27.818
    annual_cost: 5.212344525127615
    efficiency: 0.947233
    discharge_ratio: 2
    depth_of_discharge: 0.9
  Pb-acid:
    cost: 122.473
    lifetime: 5.98108
    annual_cost: 20.47673664288055
    efficiency: 0.778977
    discharge_ratio: 5
    depth_of_discharge: 0.5
  VRBF:
    cost: 280.985
    lifetime: 21.4851
    annual_cost: 13.078133217904503
    efficiency: 0.782665
    discharge_ratio: 0.5
    depth_of_discharge: 1.0
