cost_values:
  wind_capex: 5000.0
  wind_opex: 100
  wind_lifetime: 20
  solar_capex: 1000.0
  solar_opex: 10
  solar_lifetime: 20
  carbon_price: 1.0
timeseries_values:
  load_level: 266971.0706409207
  wind_year: 2014
  solar_year: 2016
  price_year: 2023
  carbon_year: 2023
storage_values:
  CAES:
    cost: 40.3664
    lifetime: 23.8143
    annual_cost: 1.6950487732160928
    efficiency: 0.612147
    discharge_ratio: 0.1
    depth_of_discharge: 0.4
  Li-ion:
    cost: 129.636
    lifetime: 25.0818
    annual_cost: 5.168528574504222
    efficiency: 0.958354
    discharge_ratio: 2
    depth_of_discharge: 0.9
  Pb-acid:
    cost: 107.75
    lifetime: 5.06254
    annual_cost: 21.283782449126328
    efficiency: 0.763369
    discharge_ratio: 5
    depth_of_discharge: 0.5
  VRBF:
    cost: 243.121
    lifetime: 22.5228
    annual_cost: 10.794439412506438
    efficiency: 0.797267
    discharge_ratio: 0.5
    depth_of_discharge: 1.0
