cost_values:
  wind_capex: 5000.0
  wind_opex: 100
  wind_lifetime: 20
  solar_capex: 1000.0
  solar_opex: 10
  solar_lifetime: 20
  carbon_price: 1.0
timeseries_values:
  load_level: 266971.0706409207
  wind_year: 2014
  solar_year: 2016
  price_year: 2023
  carbon_year: 2023
storage_values:
  CAES:
    cost: 50.9676
    lifetime: 24.701
    annual_cost: 2.0633820493097446
    efficiency: 0.60943
    discharge_ratio: 0.1
    depth_of_discharge: 0.4
  Li-ion:
    cost: 138.087
    lifetime: 24.8604
    annual_cost: 5.554496307380412
    efficiency: 0.954979
    discharge_ratio: 2
    depth_of_discharge: 0.9
  Pb-acid:
    cost: 112.658
    lifetime: 5.71959
    annual_cost: 19.696866383779255
    efficiency: 0.760808
    discharge_ratio: 5
    depth_of_discharge: 0.5
  VRBF:
    cost: 240.564
    lifetime: 23.3538
    annual_cost: 10.300850396937543
    efficiency: 0.797461
    discharge_ratio: 0.5
    depth_of_discharge: 1.0
