cost_values:
  wind_capex: 5000.0
  wind_opex: 100
  wind_lifetime: 20
  solar_capex: 1000.0
  solar_opex: 10
  solar_lifetime: 20
  carbon_price: 1.0
timeseries_values:
  load_level: 236149.62760355003
  wind_year: 2014
  solar_year: 2013
  price_year: 2023
  carbon_year: 2023
storage_values:
  CAES:
    cost: 67.0587
    lifetime: 23.2938
    annual_cost: 2.878821832418927
    efficiency: 0.570064
    discharge_ratio: 0.1
    depth_of_discharge: 0.4
  Li-ion:
    cost: 135.18
    lifetime: 24.7128
    annual_cost: 5.47003981742255
    efficiency: 0.910457
    discharge_ratio: 2
    depth_of_discharge: 0.9
  Pb-acid:
    cost: 141.898
    lifetime: 17.4591
    annual_cost: 8.127452159618766
    efficiency: 0.675545
    discharge_ratio: 5
    depth_of_discharge: 0.5
  VRBF:
    cost: 344.365
    lifetime: 22.3645
    annual_cost: 15.397840327304435
    efficiency: 0.706829
    discharge_ratio: 0.5
    depth_of_discharge: 1.0
