cost_values:
  wind_capex: 5000.0
  wind_opex: 100
  wind_lifetime: 20
  solar_capex: 1000.0
  solar_opex: 10
  solar_lifetime: 20
  carbon_price: 1.0
timeseries_values:
  load_level: 236149.62760355003
  wind_year: 2014
  solar_year: 2013
  price_year: 2023
  carbon_year: 2023
storage_values:
  CAES:
    cost: 64.5957
    lifetime: 21.9461
    annual_cost: 2.9433794614988535
    efficiency: 0.56282
    discharge_ratio: 0.1
    depth_of_discharge: 0.4
  Li-ion:
    cost: 134.972
    lifetime: 26.5212
    annual_cost: 5.089211649548286
    efficiency: 0.909709
    discharge_ratio: 2
    depth_of_discharge: 0.9
  Pb-acid:
    cost: 161.06
    lifetime: 16.5281
    annual_cost: 9.744616743606343
    efficiency: 0.667292
    discharge_ratio: 5
    depth_of_discharge: 0.5
  VRBF:
    cost: 322.147
    lifetime: 20.27
    annual_cost: 15.892797237296497
    efficiency: 0.693767
    discharge_ratio: 0.5
    depth_of_discharge: 1.0
