cost_values:
  wind_capex: 5000.0
  wind_opex: 100
  wind_lifetime: 20
  solar_capex: 1000.0
  solar_opex: 10
  solar_lifetime: 20
  carbon_price: 1.0
timeseries_values:
  load_level: 236149.62760355003
  wind_year: 2014
  solar_year: 2013
  price_year: 2023
  carbon_year: 2023
storage_values:
  CAES:
    cost: 60.631
    lifetime: 23.0744
    annual_cost: 2.6276306209478903
    efficiency: 0.571522
    discharge_ratio: 0.1
    depth_of_discharge: 0.4
  Li-ion:
    cost: 152.714
    lifetime: 25.1729
    annual_cost: 6.066603371085573
    efficiency: 0.897369
    discharge_ratio: 2
    depth_of_discharge: 0.9
  Pb-acid:
    cost: 138.389
    lifetime: 17.1734
    annual_cost: 8.058334400875774
    efficiency: 0.66236
    discharge_ratio: 5
    depth_of_discharge: 0.5
  VRBF:
    cost: 331.943
    lifetime: 20.9618
    annual_cost: 15.835615262048105
    efficiency: 0.710786
    discharge_ratio: 0.5
    depth_of_discharge: 1.0
