cost_values:
  wind_capex: 5000.0
  wind_opex: 100
  wind_lifetime: 20
  solar_capex: 1000.0
  solar_opex: 10
  solar_lifetime: 20
  carbon_price: 1.0
timeseries_values:
  load_level: 236149.62760355003
  wind_year: 2014
  solar_year: 2013
  price_year: 2023
  carbon_year: 2023
storage_values:
  CAES:
    cost: 56.8556
    lifetime: 22.2942
    annual_cost: 2.550241766916956
    efficiency: 0.567226
    discharge_ratio: 0.1
    depth_of_discharge: 0.4
  Li-ion:
    cost: 145.953
    lifetime: 26.3015
    annual_cost: 5.5492272303861
    efficiency: 0.897949
    discharge_ratio: 2
    depth_of_discharge: 0.9
  Pb-acid:
    cost: 158.567
    lifetime: 17.6387
    annual_cost: 8.989721464733796
    efficiency: 0.652745
    discharge_ratio: 5
    depth_of_discharge: 0.5
  VRBF:
    cost: 337.876
    lifetime: 19.814
    annual_cost: 17.05238720096901
    efficiency: 0.681995
    discharge_ratio: 0.5
    depth_of_discharge: 1.0
