cost_values:
  wind_capex: 5000.0
  wind_opex: 100
  wind_lifetime: 20
  solar_capex: 1000.0
  solar_opex: 10
  solar_lifetime: 20
  carbon_price: 1.0
timeseries_values:
  load_level: 236149.62760355003
  wind_year: 2014
  solar_year: 2013
  price_year: 2023
  carbon_year: 2023
storage_values:
  CAES:
    cost: 59.659
    lifetime: 22.4618
    annual_cost: 2.6560204435975745
    efficiency: 0.563546
    discharge_ratio: 0.1
    depth_of_discharge: 0.4
  Li-ion:
    cost: 129.074
    lifetime: 25.787
    annual_cost: 5.005390312948386
    efficiency: 0.895888
    discharge_ratio: 2
    depth_of_discharge: 0.9
  Pb-acid:
    cost: 139.788
    lifetime: 17.303
    annual_cost: 8.078830260648443
    efficiency: 0.657594
    discharge_ratio: 5
    depth_of_discharge: 0.5
  VRBF:
    cost: 330.204
    lifetime: 23.3271
    annual_cost: 14.155381509060277
    efficiency: 0.717906
    discharge_ratio: 0.5
    depth_of_discharge: 1.0
