cost_values:
  wind_capex: 5000.0
  wind_opex: 100
  wind_lifetime: 20
  solar_capex: 1000.0
  solar_opex: 10
  solar_lifetime: 20
  carbon_price: 1.0
timeseries_values:
  load_level: 236149.62760355003
  wind_year: 2014
  solar_year: 2013
  price_year: 2023
  carbon_year: 2023
storage_values:
  CAES:
    cost: 64.0686
    lifetime: 22.9826
    annual_cost: 2.7877002601968446
    efficiency: 0.571032
    discharge_ratio: 0.1
    depth_of_discharge: 0.4
  Li-ion:
    cost: 131.806
    lifetime: 25.3076
    annual_cost: 5.208158813953121
    efficiency: 0.904489
    discharge_ratio: 2
    depth_of_discharge: 0.9
  Pb-acid:
    cost: 139.381
    lifetime: 16.1473
    annual_cost: 8.631845571705485
    efficiency: 0.665194
    discharge_ratio: 5
    depth_of_discharge: 0.5
  VRBF:
    cost: 331.449
    lifetime: 22.2216
    annual_cost: 14.915622637433849
    efficiency: 0.70973
    discharge_ratio: 0.5
    depth_of_discharge: 1.0
