cost_values:
  wind_capex: 5000.0
  wind_opex: 100
  wind_lifetime: 20
  solar_capex: 1000.0
  solar_opex: 10
  solar_lifetime: 20
  carbon_price: 1.0
timeseries_values:
  load_level: 236149.62760355003
  wind_year: 2014
  solar_year: 2013
  price_year: 2023
  carbon_year: 2023
storage_values:
  CAES:
    cost: 66.9813
    lifetime: 22.6051
    annual_cost: 2.96310567084419
    efficiency: 0.567683
    discharge_ratio: 0.1
    depth_of_discharge: 0.4
  Li-ion:
    cost: 124.045
    lifetime: 24.7313
    annual_cost: 5.015708838597243
    efficiency: 0.892879
    discharge_ratio: 2
    depth_of_discharge: 0.9
  Pb-acid:
    cost: 171.836
    lifetime: 16.718
    annual_cost: 10.278502213183396
    efficiency: 0.654284
    discharge_ratio: 5
    depth_of_discharge: 0.5
  VRBF:
    cost: 317.32
    lifetime: 21.4813
    annual_cost: 14.771917900685711
    efficiency: 0.715594
    discharge_ratio: 0.5
    depth_of_discharge: 1.0
