cost_values:
  wind_capex: 5000.0
  wind_opex: 100
  wind_lifetime: 20
  solar_capex: 1000.0
  solar_opex: 10
  solar_lifetime: 20
  carbon_price: 1.0
timeseries_values:
  load_level: 236149.62760355003
  wind_year: 2014
  solar_year: 2013
  price_year: 2023
  carbon_year: 2023
storage_values:
  CAES:
    cost: 61.1305
    lifetime: 22.9119
    annual_cost: 2.6680676853512804
    efficiency: 0.565056
    discharge_ratio: 0.1
    depth_of_discharge: 0.4
  Li-ion:
    cost: 149.94
    lifetime: 24.2577
    annual_cost: 6.1811301153860425
    efficiency: 0.911035
    discharge_ratio: 2
    depth_of_discharge: 0.9
  Pb-acid:
    cost: 142.392
    lifetime: 16.0819
    annual_cost: 8.854177678010682
    efficiency: 0.666865
    discharge_ratio: 5
    depth_of_discharge: 0.5
  VRBF:
    cost: 334.557
    lifetime: 19.8224
    annual_cost: 16.877724190814433
    efficiency: 0.735844
    discharge_ratio: 0.5
    depth_of_discharge: 1.0
