cost_values:
  wind_capex: 5000.0
  wind_opex: 100
  wind_lifetime: 20
  solar_capex: 1000.0
  solar_opex: 10
  solar_lifetime: 20
  carbon_price: 1.0
timeseries_values:
  load_level: 236149.62760355003
  wind_year: 2014
  solar_year: 2013
  price_year: 2023
  carbon_year: 2023
storage_values:
  CAES:
    cost: 59.3689
    lifetime: 22.4255
    annual_cost: 2.6473835588950076
    efficiency: 0.567506
    discharge_ratio: 0.1
    depth_of_discharge: 0.4
  Li-ion:
    cost: 133.471
    lifetime: 24.8053
    annual_cost: 5.380745243959961
    efficiency: 0.912844
    discharge_ratio: 2
    depth_of_discharge: 0.9
  Pb-acid:
    cost: 153.176
    lifetime: 17.3216
    annual_cost: 8.84306299648993
    efficiency: 0.670116
    discharge_ratio: 5
    depth_of_discharge: 0.5
  VRBF:
    cost: 340.504
    lifetime: 21.4336
    annual_cost: 15.886458644371457
    efficiency: 0.723444
    discharge_ratio: 0.5
    depth_of_discharge: 1.0
