cost_values:
  wind_capex: 5000.0
  wind_opex: 100
  wind_lifetime: 20
  solar_capex: 1000.0
  solar_opex: 10
  solar_lifetime: 20
  carbon_price: 1.0
timeseries_values:
  load_level: 236149.62760355003
  wind_year: 2014
  solar_year: 2013
  price_year: 2023
  carbon_year: 2023
storage_values:
  CAES:
    cost: 57.3084
    lifetime: 22.9758
    annual_cost: 2.4942939962917503
    efficiency: 0.571176
    discharge_ratio: 0.1
    depth_of_discharge: 0.4
  Li-ion:
    cost: 132.913
    lifetime: 25.1346
    annual_cost: 5.288049143411871
    efficiency: 0.901809
    discharge_ratio: 2
    depth_of_discharge: 0.9
  Pb-acid:
    cost: 141.245
    lifetime: 19.0022
    annual_cost: 7.433086695224764
    efficiency: 0.671392
    discharge_ratio: 5
    depth_of_discharge: 0.5
  VRBF:
    cost: 318.323
    lifetime: 20.9641
    annual_cost: 15.184195839554286
    efficiency: 0.706592
    discharge_ratio: 0.5
    depth_of_discharge: 1.0
