cost_values:
  wind_capex: 5000.0
  wind_opex: 100
  wind_lifetime: 20
  solar_capex: 1000.0
  solar_opex: 10
  solar_lifetime: 20
  carbon_price: 1.0
timeseries_values:
  load_level: 236149.62760355003
  wind_year: 2014
  solar_year: 2013
  price_year: 2023
  carbon_year: 2023
storage_values:
  CAES:
    cost: 65.5421
    lifetime: 22.5105
    annual_cost: 2.9116234646054067
    efficiency: 0.56816
    discharge_ratio: 0.1
    depth_of_discharge: 0.4
  Li-ion:
    cost: 131.584
    lifetime: 25.8074
    annual_cost: 5.098692623046103
    efficiency: 0.901654
    discharge_ratio: 2
    depth_of_discharge: 0.9
  Pb-acid:
    cost: 167.011
    lifetime: 18.0514
    annual_cost: 9.251969376336461
    efficiency: 0.677488
    discharge_ratio: 5
    depth_of_discharge: 0.5
  VRBF:
    cost: 333.104
    lifetime: 21.963
    annual_cost: 15.166598369985884
    efficiency: 0.671771
    discharge_ratio: 0.5
    depth_of_discharge: 1.0
