cost_values:
  wind_capex: 5000.0
  wind_opex: 100
  wind_lifetime: 20
  solar_capex: 1000.0
  solar_opex: 10
  solar_lifetime: 20
  carbon_price: 1.0
timeseries_values:
  load_level: 236149.62760355003
  wind_year: 2014
  solar_year: 2013
  price_year: 2023
  carbon_year: 2023
storage_values:
  CAES:
    cost: 57.1871
    lifetime: 22.882
    annual_cost: 2.499217725723276
    efficiency: 0.570486
    discharge_ratio: 0.1
    depth_of_discharge: 0.4
  Li-ion:
    cost: 143.52
    lifetime: 23.7491
    annual_cost: 6.043176372999398
    efficiency: 0.908172
    discharge_ratio: 2
    depth_of_discharge: 0.9
  Pb-acid:
    cost: 145.863
    lifetime: 19.5927
    annual_cost: 7.444762590148371
    efficiency: 0.673833
    discharge_ratio: 5
    depth_of_discharge: 0.5
  VRBF:
    cost: 327.597
    lifetime: 19.4737
    annual_cost: 16.822535008755395
    efficiency: 0.69723
    discharge_ratio: 0.5
    depth_of_discharge: 1.0
