cost_values:
  wind_capex: 5000.0
  wind_opex: 100
  wind_lifetime: 20
  solar_capex: 1000.0
  solar_opex: 10
  solar_lifetime: 20
  carbon_price: 1.0
timeseries_values:
  load_level: 236149.62760355003
  wind_year: 2014
  solar_year: 2013
  price_year: 2023
  carbon_year: 2023
storage_values:
  CAES:
    cost: 59.5061
    lifetime: 22.6011
    annual_cost: 2.632885125060285
    efficiency: 0.581052
    discharge_ratio: 0.1
    depth_of_discharge: 0.4
  Li-ion:
    cost: 139.738
    lifetime: 25.6519
    annual_cost: 5.447471727240477
    efficiency: 0.91923
    discharge_ratio: 2
    depth_of_discharge: 0.9
  Pb-acid:
    cost: 171.459
    lifetime: 15.9458
    annual_cost: 10.752611973058736
    efficiency: 0.658395
    discharge_ratio: 5
    depth_of_discharge: 0.5
  VRBF:
    cost: 326.475
    lifetime: 20.631
    annual_cost: 15.824487421840919
    efficiency: 0.704622
    discharge_ratio: 0.5
    depth_of_discharge: 1.0
