cost_values:
  wind_capex: 5000.0
  wind_opex: 100
  wind_lifetime: 20
  solar_capex: 1000.0
  solar_opex: 10
  solar_lifetime: 20
  carbon_price: 1.0
timeseries_values:
  load_level: 236149.62760355003
  wind_year: 2014
  solar_year: 2013
  price_year: 2023
  carbon_year: 2023
storage_values:
  CAES:
    cost: 65.7081
    lifetime: 22.7669
    annual_cost: 2.8861241539252163
    efficiency: 0.566118
    discharge_ratio: 0.1
    depth_of_discharge: 0.4
  Li-ion:
    cost: 124.563
    lifetime: 25.039
    annual_cost: 4.974759375374416
    efficiency: 0.908841
    discharge_ratio: 2
    depth_of_discharge: 0.9
  Pb-acid:
    cost: 173.078
    lifetime: 18.3203
    annual_cost: 9.447334377712156
    efficiency: 0.6793
    discharge_ratio: 5
    depth_of_discharge: 0.5
  VRBF:
    cost: 326.361
    lifetime: 23.6863
    annual_cost: 13.77847109932746
    efficiency: 0.714584
    discharge_ratio: 0.5
    depth_of_discharge: 1.0
