cost_values:
  wind_capex: 5000.0
  wind_opex: 100
  wind_lifetime: 20
  solar_capex: 1000.0
  solar_opex: 10
  solar_lifetime: 20
  carbon_price: 1.0
timeseries_values:
  load_level: 236149.62760355003
  wind_year: 2014
  solar_year: 2013
  price_year: 2023
  carbon_year: 2023
storage_values:
  CAES:
    cost: 58.5803
    lifetime: 21.9129
    annual_cost: 2.6733248451825182
    efficiency: 0.56749
    discharge_ratio: 0.1
    depth_of_discharge: 0.4
  Li-ion:
    cost: 136.697
    lifetime: 25.5025
    annual_cost: 5.360141162631114
    efficiency: 0.899344
    discharge_ratio: 2
    depth_of_discharge: 0.9
  Pb-acid:
    cost: 151.274
    lifetime: 18.1782
    annual_cost: 8.321726023478671
    efficiency: 0.671174
    discharge_ratio: 5
    depth_of_discharge: 0.5
  VRBF:
    cost: 313.583
    lifetime: 22.6099
    annual_cost: 13.869278501895188
    efficiency: 0.696543
    discharge_ratio: 0.5
    depth_of_discharge: 1.0
