cost_values:
  wind_capex: 5000.0
  wind_opex: 100
  wind_lifetime: 20
  solar_capex: 1000.0
  solar_opex: 10
  solar_lifetime: 20
  carbon_price: 1.0
timeseries_values:
  load_level: 236149.62760355003
  wind_year: 2014
  solar_year: 2013
  price_year: 2023
  carbon_year: 2023
storage_values:
  CAES:
    cost: 54.0924
    lifetime: 23.108
    annual_cost: 2.340851653107149
    efficiency: 0.582084
    discharge_ratio: 0.1
    depth_of_discharge: 0.4
  Li-ion:
    cost: 145.421
    lifetime: 26.078
    annual_cost: 5.576386225937572
    efficiency: 0.911801
    discharge_ratio: 2
    depth_of_discharge: 0.9
  Pb-acid:
    cost: 141.299
    lifetime: 18.9645
    annual_cost: 7.45071053811068
    efficiency: 0.667507
    discharge_ratio: 5
    depth_of_discharge: 0.5
  VRBF:
    cost: 330.356
    lifetime: 19.9546
    annual_cost: 16.555380714221283
    efficiency: 0.692663
    discharge_ratio: 0.5
    depth_of_discharge: 1.0
