cost_values:
  wind_capex: 5000.0
  wind_opex: 100
  wind_lifetime: 20
  solar_capex: 1000.0
  solar_opex: 10
  solar_lifetime: 20
  carbon_price: 1.0
timeseries_values:
  load_level: 236149.62760355003
  wind_year: 2014
  solar_year: 2013
  price_year: 2023
  carbon_year: 2023
storage_values:
  CAES:
    cost: 59.4226
    lifetime: 22.1691
    annual_cost: 2.680424554898485
    efficiency: 0.5812
    discharge_ratio: 0.1
    depth_of_discharge: 0.4
  Li-ion:
    cost: 149.821
    lifetime: 26.771
    annual_cost: 5.596391617795375
    efficiency: 0.912
    discharge_ratio: 2
    depth_of_discharge: 0.9
  Pb-acid:
    cost: 167.213
    lifetime: 17.9797
    annual_cost: 9.300099556722303
    efficiency: 0.662881
    discharge_ratio: 5
    depth_of_discharge: 0.5
  VRBF:
    cost: 345.757
    lifetime: 22.9766
    annual_cost: 15.048222974678586
    efficiency: 0.717502
    discharge_ratio: 0.5
    depth_of_discharge: 1.0
