cost_values:
  wind_capex: 5000.0
  wind_opex: 100
  wind_lifetime: 20
  solar_capex: 1000.0
  solar_opex: 10
  solar_lifetime: 20
  carbon_price: 1.0
timeseries_values:
  load_level: 236149.62760355003
  wind_year: 2014
  solar_year: 2013
  price_year: 2023
  carbon_year: 2023
storage_values:
  CAES:
    cost: 53.5201
    lifetime: 22.7166
    annual_cost: 2.355990773267126
    efficiency: 0.569097
    discharge_ratio: 0.1
    depth_of_discharge: 0.4
  Li-ion:
    cost: 129.451
    lifetime: 25.6123
    annual_cost: 5.054251277706414
    efficiency: 0.883503
    discharge_ratio: 2
    depth_of_discharge: 0.9
  Pb-acid:
    cost: 146.928
    lifetime: 17.282
    annual_cost: 8.501793773868766
    efficiency: 0.662926
    discharge_ratio: 5
    depth_of_discharge: 0.5
  VRBF:
    cost: 379.0
    lifetime: 20.7788
    annual_cost: 18.239744354823184
    efficiency: 0.72298
    discharge_ratio: 0.5
    depth_of_discharge: 1.0
