cost_values:
  wind_capex: 5000.0
  wind_opex: 100
  wind_lifetime: 20
  solar_capex: 1000.0
  solar_opex: 10
  solar_lifetime: 20
  carbon_price: 1.0
timeseries_values:
  load_level: 236149.62760355003
  wind_year: 2014
  solar_year: 2013
  price_year: 2023
  carbon_year: 2023
storage_values:
  CAES:
    cost: 55.2792
    lifetime: 21.9485
    annual_cost: 2.5185866915734563
    efficiency: 0.574365
    discharge_ratio: 0.1
    depth_of_discharge: 0.4
  Li-ion:
    cost: 154.626
    lifetime: 24.8003
    annual_cost: 6.2348439333395165
    efficiency: 0.919863
    discharge_ratio: 2
    depth_of_discharge: 0.9
  Pb-acid:
    cost: 156.87
    lifetime: 17.7346
    annual_cost: 8.84542081580639
    efficiency: 0.676551
    discharge_ratio: 5
    depth_of_discharge: 0.5
  VRBF:
    cost: 315.207
    lifetime: 22.6095
    annual_cost: 13.941352086512307
    efficiency: 0.718319
    discharge_ratio: 0.5
    depth_of_discharge: 1.0
