cost_values:
  wind_capex: 5000.0
  wind_opex: 100
  wind_lifetime: 20
  solar_capex: 1000.0
  solar_opex: 10
  solar_lifetime: 20
  carbon_price: 1.0
timeseries_values:
  load_level: 236149.62760355003
  wind_year: 2014
  solar_year: 2013
  price_year: 2023
  carbon_year: 2023
storage_values:
  CAES:
    cost: 58.9951
    lifetime: 22.203
    annual_cost: 2.6570778723595914
    efficiency: 0.573149
    discharge_ratio: 0.1
    depth_of_discharge: 0.4
  Li-ion:
    cost: 106.16
    lifetime: 24.7119
    annual_cost: 4.295906020985841
    efficiency: 0.895692
    discharge_ratio: 2
    depth_of_discharge: 0.9
  Pb-acid:
    cost: 138.109
    lifetime: 17.1132
    annual_cost: 8.07031998691069
    efficiency: 0.680411
    discharge_ratio: 5
    depth_of_discharge: 0.5
  VRBF:
    cost: 328.754
    lifetime: 21.3969
    annual_cost: 15.364562156200199
    efficiency: 0.699801
    discharge_ratio: 0.5
    depth_of_discharge: 1.0
