cost_values:
  wind_capex: 5000.0
  wind_opex: 100
  wind_lifetime: 20
  solar_capex: 1000.0
  solar_opex: 10
  solar_lifetime: 20
  carbon_price: 1.0
timeseries_values:
  load_level: 236149.62760355003
  wind_year: 2014
  solar_year: 2013
  price_year: 2023
  carbon_year: 2023
storage_values:
  CAES:
    cost: 56.7408
    lifetime: 22.0251
    annual_cost: 2.5761880763310954
    efficiency: 0.573402
    discharge_ratio: 0.1
    depth_of_discharge: 0.4
  Li-ion:
    cost: 151.432
    lifetime: 23.6728
    annual_cost: 6.396877428947991
    efficiency: 0.901981
    discharge_ratio: 2
    depth_of_discharge: 0.9
  Pb-acid:
    cost: 133.277
    lifetime: 16.873
    annual_cost: 7.8988324542167945
    efficiency: 0.657541
    discharge_ratio: 5
    depth_of_discharge: 0.5
  VRBF:
    cost: 339.121
    lifetime: 23.3783
    annual_cost: 14.505802389395294
    efficiency: 0.680581
    discharge_ratio: 0.5
    depth_of_discharge: 1.0
