cost_values:
  wind_capex: 5000.0
  wind_opex: 100
  wind_lifetime: 20
  solar_capex: 1000.0
  solar_opex: 10
  solar_lifetime: 20
  carbon_price: 1.0
timeseries_values:
  load_level: 236149.62760355003
  wind_year: 2014
  solar_year: 2013
  price_year: 2023
  carbon_year: 2023
storage_values:
  CAES:
    cost: 62.4644
    lifetime: 22.9491
    annual_cost: 2.7218670884697
    efficiency: 0.568159
    discharge_ratio: 0.1
    depth_of_discharge: 0.4
  Li-ion:
    cost: 145.954
    lifetime: 24.6615
    annual_cost: 5.918293696652677
    efficiency: 0.900662
    discharge_ratio: 2
    depth_of_discharge: 0.9
  Pb-acid:
    cost: 156.194
    lifetime: 18.3745
    annual_cost: 8.50058504993333
    efficiency: 0.668932
    discharge_ratio: 5
    depth_of_discharge: 0.5
  VRBF:
    cost: 371.855
    lifetime: 22.2115
    annual_cost: 16.741552799225627
    efficiency: 0.704485
    discharge_ratio: 0.5
    depth_of_discharge: 1.0
