cost_values:
  wind_capex: 5000.0
  wind_opex: 100
  wind_lifetime: 20
  solar_capex: 1000.0
  solar_opex: 10
  solar_lifetime: 20
  carbon_price: 1.0
timeseries_values:
  load_level: 236149.62760355003
  wind_year: 2014
  solar_year: 2013
  price_year: 2023
  carbon_year: 2023
storage_values:
  CAES:
    cost: 57.9422
    lifetime: 23.1364
    annual_cost: 2.5043740599228923
    efficiency: 0.569005
    discharge_ratio: 0.1
    depth_of_discharge: 0.4
  Li-ion:
    cost: 138.366
    lifetime: 25.3666
    annual_cost: 5.454652968864571
    efficiency: 0.908233
    discharge_ratio: 2
    depth_of_discharge: 0.9
  Pb-acid:
    cost: 170.039
    lifetime: 18.0084
    annual_cost: 9.442204748894959
    efficiency: 0.67734
    discharge_ratio: 5
    depth_of_discharge: 0.5
  VRBF:
    cost: 318.853
    lifetime: 22.1376
    annual_cost: 14.40323250939578
    efficiency: 0.717994
    discharge_ratio: 0.5
    depth_of_discharge: 1.0
