cost_values:
  wind_capex: 5000.0
  wind_opex: 100
  wind_lifetime: 20
  solar_capex: 1000.0
  solar_opex: 10
  solar_lifetime: 20
  carbon_price: 1.0
timeseries_values:
  load_level: 236149.62760355003
  wind_year: 2014
  solar_year: 2013
  price_year: 2023
  carbon_year: 2023
storage_values:
  CAES:
    cost: 57.8261
    lifetime: 23.087
    annual_cost: 2.5047039459436045
    efficiency: 0.566463
    discharge_ratio: 0.1
    depth_of_discharge: 0.4
  Li-ion:
    cost: 138.029
    lifetime: 25.6436
    annual_cost: 5.382590587904974
    efficiency: 0.904174
    discharge_ratio: 2
    depth_of_discharge: 0.9
  Pb-acid:
    cost: 144.773
    lifetime: 17.5118
    annual_cost: 8.267168423577244
    efficiency: 0.662111
    discharge_ratio: 5
    depth_of_discharge: 0.5
  VRBF:
    cost: 338.334
    lifetime: 22.4696
    annual_cost: 15.05741090184071
    efficiency: 0.708547
    discharge_ratio: 0.5
    depth_of_discharge: 1.0
