cost_values:
  wind_capex: 5000.0
  wind_opex: 100
  wind_lifetime: 20
  solar_capex: 1000.0
  solar_opex: 10
  solar_lifetime: 20
  carbon_price: 1.0
timeseries_values:
  load_level: 236149.62760355003
  wind_year: 2014
  solar_year: 2013
  price_year: 2023
  carbon_year: 2023
storage_values:
  CAES:
    cost: 57.2734
    lifetime: 21.9186
    annual_cost: 2.6130044802131525
    efficiency: 0.563555
    discharge_ratio: 0.1
    depth_of_discharge: 0.4
  Li-ion:
    cost: 130.5
    lifetime: 26.117
    annual_cost: 4.996745414863882
    efficiency: 0.89994
    discharge_ratio: 2
    depth_of_discharge: 0.9
  Pb-acid:
    cost: 172.113
    lifetime: 16.7827
    annual_cost: 10.255382030305018
    efficiency: 0.659197
    discharge_ratio: 5
    depth_of_discharge: 0.5
  VRBF:
    cost: 327.465
    lifetime: 18.2577
    annual_cost: 17.935720271447114
    efficiency: 0.688868
    discharge_ratio: 0.5
    depth_of_discharge: 1.0
