cost_values:
  wind_capex: 5000.0
  wind_opex: 100
  wind_lifetime: 20
  solar_capex: 1000.0
  solar_opex: 10
  solar_lifetime: 20
  carbon_price: 1.0
timeseries_values:
  load_level: 236149.62760355003
  wind_year: 2014
  solar_year: 2013
  price_year: 2023
  carbon_year: 2023
storage_values:
  CAES:
    cost: 63.1796
    lifetime: 23.369
    annual_cost: 2.7035645513286832
    efficiency: 0.567985
    discharge_ratio: 0.1
    depth_of_discharge: 0.4
  Li-ion:
    cost: 128.828
    lifetime: 24.722
    annual_cost: 5.211067065771378
    efficiency: 0.911562
    discharge_ratio: 2
    depth_of_discharge: 0.9
  Pb-acid:
    cost: 149.547
    lifetime: 17.6153
    annual_cost: 8.489608465368173
    efficiency: 0.657909
    discharge_ratio: 5
    depth_of_discharge: 0.5
  VRBF:
    cost: 318.462
    lifetime: 19.6613
    annual_cost: 16.197403020146176
    efficiency: 0.702064
    discharge_ratio: 0.5
    depth_of_discharge: 1.0
