cost_values:
  wind_capex: 5000.0
  wind_opex: 100
  wind_lifetime: 20
  solar_capex: 1000.0
  solar_opex: 10
  solar_lifetime: 20
  carbon_price: 1.0
timeseries_values:
  load_level: 236149.62760355003
  wind_year: 2014
  solar_year: 2013
  price_year: 2023
  carbon_year: 2023
storage_values:
  CAES:
    cost: 62.0359
    lifetime: 22.6984
    annual_cost: 2.7330516688400945
    efficiency: 0.573187
    discharge_ratio: 0.1
    depth_of_discharge: 0.4
  Li-ion:
    cost: 136.032
    lifetime: 26.7027
    annual_cost: 5.094316305092744
    efficiency: 0.895691
    discharge_ratio: 2
    depth_of_discharge: 0.9
  Pb-acid:
    cost: 146.672
    lifetime: 16.2179
    annual_cost: 9.043834281873732
    efficiency: 0.660948
    discharge_ratio: 5
    depth_of_discharge: 0.5
  VRBF:
    cost: 365.302
    lifetime: 21.5625
    annual_cost: 16.94154202898551
    efficiency: 0.725447
    discharge_ratio: 0.5
    depth_of_discharge: 1.0
