cost_values:
  wind_capex: 5000.0
  wind_opex: 100
  wind_lifetime: 20
  solar_capex: 1000.0
  solar_opex: 10
  solar_lifetime: 20
  carbon_price: 1.0
timeseries_values:
  load_level: 236149.62760355003
  wind_year: 2014
  solar_year: 2013
  price_year: 2023
  carbon_year: 2023
storage_values:
  CAES:
    cost: 63.2274
    lifetime: 22.6934
    annual_cost: 2.786158090017362
    efficiency: 0.565251
    discharge_ratio: 0.1
    depth_of_discharge: 0.4
  Li-ion:
    cost: 137.877
    lifetime: 24.1457
    annual_cost: 5.710209271215993
    efficiency: 0.898657
    discharge_ratio: 2
    depth_of_discharge: 0.9
  Pb-acid:
    cost: 142.269
    lifetime: 18.9262
    annual_cost: 7.517039870655493
    efficiency: 0.664214
    discharge_ratio: 5
    depth_of_discharge: 0.5
  VRBF:
    cost: 318.844
    lifetime: 21.018
    annual_cost: 15.170044723570273
    efficiency: 0.722492
    discharge_ratio: 0.5
    depth_of_discharge: 1.0
