cost_values:
  wind_capex: 5000.0
  wind_opex: 100
  wind_lifetime: 20
  solar_capex: 1000.0
  solar_opex: 10
  solar_lifetime: 20
  carbon_price: 1.0
timeseries_values:
  load_level: 236149.62760355003
  wind_year: 2014
  solar_year: 2013
  price_year: 2023
  carbon_year: 2023
storage_values:
  CAES:
    cost: 56.3478
    lifetime: 21.9753
    annual_cost: 2.564142469044791
    efficiency: 0.559985
    discharge_ratio: 0.1
    depth_of_discharge: 0.4
  Li-ion:
    cost: 144.61
    lifetime: 24.4149
    annual_cost: 5.923022416639021
    efficiency: 0.893096
    discharge_ratio: 2
    depth_of_discharge: 0.9
  Pb-acid:
    cost: 157.422
    lifetime: 18.0691
    annual_cost: 8.712221416672662
    efficiency: 0.66375
    discharge_ratio: 5
    depth_of_discharge: 0.5
  VRBF:
    cost: 312.701
    lifetime: 22.1134
    annual_cost: 14.140792460679952
    efficiency: 0.70997
    discharge_ratio: 0.5
    depth_of_discharge: 1.0
