cost_values:
  wind_capex: 5000.0
  wind_opex: 100
  wind_lifetime: 20
  solar_capex: 1000.0
  solar_opex: 10
  solar_lifetime: 20
  carbon_price: 1.0
timeseries_values:
  load_level: 236149.62760355003
  wind_year: 2014
  solar_year: 2013
  price_year: 2023
  carbon_year: 2023
storage_values:
  CAES:
    cost: 57.0852
    lifetime: 21.5387
    annual_cost: 2.650354942498851
    efficiency: 0.578864
    discharge_ratio: 0.1
    depth_of_discharge: 0.4
  Li-ion:
    cost: 130.83
    lifetime: 25.3617
    annual_cost: 5.158565869007204
    efficiency: 0.895833
    discharge_ratio: 2
    depth_of_discharge: 0.9
  Pb-acid:
    cost: 134.16
    lifetime: 17.2873
    annual_cost: 7.760610390286511
    efficiency: 0.6502
    discharge_ratio: 5
    depth_of_discharge: 0.5
  VRBF:
    cost: 314.388
    lifetime: 22.8481
    annual_cost: 13.759918767862535
    efficiency: 0.734636
    discharge_ratio: 0.5
    depth_of_discharge: 1.0
