cost_values:
  wind_capex: 5000.0
  wind_opex: 100
  wind_lifetime: 20
  solar_capex: 1000.0
  solar_opex: 10
  solar_lifetime: 20
  carbon_price: 1.0
timeseries_values:
  load_level: 236149.62760355003
  wind_year: 2014
  solar_year: 2013
  price_year: 2023
  carbon_year: 2023
storage_values:
  CAES:
    cost: 62.1033
    lifetime: 22.8535
    annual_cost: 2.717452468987245
    efficiency: 0.558128
    discharge_ratio: 0.1
    depth_of_discharge: 0.4
  Li-ion:
    cost: 139.74
    lifetime: 27.0334
    annual_cost: 5.169161111809836
    efficiency: 0.909737
    discharge_ratio: 2
    depth_of_discharge: 0.9
  Pb-acid:
    cost: 154.325
    lifetime: 17.5357
    annual_cost: 8.80061816750971
    efficiency: 0.670509
    discharge_ratio: 5
    depth_of_discharge: 0.5
  VRBF:
    cost: 305.065
    lifetime: 21.6526
    annual_cost: 14.089070134764416
    efficiency: 0.717393
    discharge_ratio: 0.5
    depth_of_discharge: 1.0
