cost_values:
  wind_capex: 5000.0
  wind_opex: 100
  wind_lifetime: 20
  solar_capex: 1000.0
  solar_opex: 10
  solar_lifetime: 20
  carbon_price: 1.0
timeseries_values:
  load_level: 236149.62760355003
  wind_year: 2014
  solar_year: 2013
  price_year: 2023
  carbon_year: 2023
storage_values:
  CAES:
    cost: 57.5034
    lifetime: 22.0644
    annual_cost: 2.6061619622559418
    efficiency: 0.577934
    discharge_ratio: 0.1
    depth_of_discharge: 0.4
  Li-ion:
    cost: 133.089
    lifetime: 22.7251
    annual_cost: 5.856475879094041
    efficiency: 0.898541
    discharge_ratio: 2
    depth_of_discharge: 0.9
  Pb-acid:
    cost: 141.514
    lifetime: 18.2091
    annual_cost: 7.7716087011439345
    efficiency: 0.668316
    discharge_ratio: 5
    depth_of_discharge: 0.5
  VRBF:
    cost: 335.991
    lifetime: 23.7457
    annual_cost: 14.149551287180415
    efficiency: 0.700948
    discharge_ratio: 0.5
    depth_of_discharge: 1.0
