cost_values:
  wind_capex: 5000.0
  wind_opex: 100
  wind_lifetime: 20
  solar_capex: 1000.0
  solar_opex: 10
  solar_lifetime: 20
  carbon_price: 1.0
timeseries_values:
  load_level: 236149.62760355003
  wind_year: 2014
  solar_year: 2013
  price_year: 2023
  carbon_year: 2023
storage_values:
  CAES:
    cost: 63.6072
    lifetime: 22.7116
    annual_cost: 2.8006481269483436
    efficiency: 0.570249
    discharge_ratio: 0.1
    depth_of_discharge: 0.4
  Li-ion:
    cost: 135.111
    lifetime: 25.4542
    annual_cost: 5.308004180056729
    efficiency: 0.883835
    discharge_ratio: 2
    depth_of_discharge: 0.9
  Pb-acid:
    cost: 166.133
    lifetime: 16.5517
    annual_cost: 10.037216720941052
    efficiency: 0.675206
    discharge_ratio: 5
    depth_of_discharge: 0.5
  VRBF:
    cost: 323.293
    lifetime: 21.023
    annual_cost: 15.378062122437331
    efficiency: 0.691647
    discharge_ratio: 0.5
    depth_of_discharge: 1.0
