cost_values:
  wind_capex: 5000.0
  wind_opex: 100
  wind_lifetime: 20
  solar_capex: 1000.0
  solar_opex: 10
  solar_lifetime: 20
  carbon_price: 1.0
timeseries_values:
  load_level: 236149.62760355003
  wind_year: 2014
  solar_year: 2013
  price_year: 2023
  carbon_year: 2023
storage_values:
  CAES:
    cost: 63.6354
    lifetime: 23.2507
    annual_cost: 2.7369240495985068
    efficiency: 0.565541
    discharge_ratio: 0.1
    depth_of_discharge: 0.4
  Li-ion:
    cost: 147.691
    lifetime: 25.0333
    annual_cost: 5.899781491053917
    efficiency: 0.895251
    discharge_ratio: 2
    depth_of_discharge: 0.9
  Pb-acid:
    cost: 169.773
    lifetime: 18.0756
    annual_cost: 9.392385315010289
    efficiency: 0.658626
    discharge_ratio: 5
    depth_of_discharge: 0.5
  VRBF:
    cost: 338.256
    lifetime: 20.448
    annual_cost: 16.54225352112676
    efficiency: 0.719913
    discharge_ratio: 0.5
    depth_of_discharge: 1.0
