cost_values:
  wind_capex: 5000.0
  wind_opex: 100
  wind_lifetime: 20
  solar_capex: 1000.0
  solar_opex: 10
  solar_lifetime: 20
  carbon_price: 1.0
timeseries_values:
  load_level: 236149.62760355003
  wind_year: 2014
  solar_year: 2013
  price_year: 2023
  carbon_year: 2023
storage_values:
  CAES:
    cost: 52.358
    lifetime: 22.6103
    annual_cost: 2.3156702918581353
    efficiency: 0.568007
    discharge_ratio: 0.1
    depth_of_discharge: 0.4
  Li-ion:
    cost: 155.525
    lifetime: 24.1202
    annual_cost: 6.447915025580219
    efficiency: 0.891396
    discharge_ratio: 2
    depth_of_discharge: 0.9
  Pb-acid:
    cost: 162.997
    lifetime: 17.2135
    annual_cost: 9.469137595491912
    efficiency: 0.658065
    discharge_ratio: 5
    depth_of_discharge: 0.5
  VRBF:
    cost: 323.648
    lifetime: 19.3143
    annual_cost: 16.756910682758374
    efficiency: 0.695218
    discharge_ratio: 0.5
    depth_of_discharge: 1.0
