cost_values:
  wind_capex: 5000.0
  wind_opex: 100
  wind_lifetime: 20
  solar_capex: 1000.0
  solar_opex: 10
  solar_lifetime: 20
  carbon_price: 1.0
timeseries_values:
  load_level: 236149.62760355003
  wind_year: 2014
  solar_year: 2013
  price_year: 2023
  carbon_year: 2023
storage_values:
  CAES:
    cost: 53.834
    lifetime: 21.7071
    annual_cost: 2.4800180586075524
    efficiency: 0.568692
    discharge_ratio: 0.1
    depth_of_discharge: 0.4
  Li-ion:
    cost: 144.969
    lifetime: 22.9032
    annual_cost: 6.329639526354396
    efficiency: 0.893793
    discharge_ratio: 2
    depth_of_discharge: 0.9
  Pb-acid:
    cost: 134.778
    lifetime: 18.3713
    annual_cost: 7.336334391142705
    efficiency: 0.660742
    discharge_ratio: 5
    depth_of_discharge: 0.5
  VRBF:
    cost: 336.444
    lifetime: 21.514
    annual_cost: 15.638375011620342
    efficiency: 0.712879
    discharge_ratio: 0.5
    depth_of_discharge: 1.0
