cost_values:
  wind_capex: 5000.0
  wind_opex: 100
  wind_lifetime: 20
  solar_capex: 1000.0
  solar_opex: 10
  solar_lifetime: 20
  carbon_price: 1.0
timeseries_values:
  load_level: 236149.62760355003
  wind_year: 2014
  solar_year: 2013
  price_year: 2023
  carbon_year: 2023
storage_values:
  CAES:
    cost: 58.4848
    lifetime: 21.6431
    annual_cost: 2.7022376646598683
    efficiency: 0.567982
    discharge_ratio: 0.1
    depth_of_discharge: 0.4
  Li-ion:
    cost: 151.497
    lifetime: 24.8242
    annual_cost: 6.102794853409174
    efficiency: 0.895557
    discharge_ratio: 2
    depth_of_discharge: 0.9
  Pb-acid:
    cost: 165.718
    lifetime: 17.2215
    annual_cost: 9.622739018087856
    efficiency: 0.675976
    discharge_ratio: 5
    depth_of_discharge: 0.5
  VRBF:
    cost: 327.065
    lifetime: 21.8219
    annual_cost: 14.987924974452271
    efficiency: 0.723373
    discharge_ratio: 0.5
    depth_of_discharge: 1.0
