cost_values:
  wind_capex: 5000.0
  wind_opex: 100
  wind_lifetime: 20
  solar_capex: 1000.0
  solar_opex: 10
  solar_lifetime: 20
  carbon_price: 1.0
timeseries_values:
  load_level: 236149.62760355003
  wind_year: 2014
  solar_year: 2013
  price_year: 2023
  carbon_year: 2023
storage_values:
  CAES:
    cost: 64.9259
    lifetime: 23.2039
    annual_cost: 2.798059808911433
    efficiency: 0.558076
    discharge_ratio: 0.1
    depth_of_discharge: 0.4
  Li-ion:
    cost: 144.025
    lifetime: 25.2139
    annual_cost: 5.712127041036889
    efficiency: 0.908887
    discharge_ratio: 2
    depth_of_discharge: 0.9
  Pb-acid:
    cost: 159.877
    lifetime: 17.8978
    annual_cost: 8.932773860474471
    efficiency: 0.669005
    discharge_ratio: 5
    depth_of_discharge: 0.5
  VRBF:
    cost: 346.329
    lifetime: 21.689
    annual_cost: 15.96795610678224
    efficiency: 0.68926
    discharge_ratio: 0.5
    depth_of_discharge: 1.0
