cost_values:
  wind_capex: 5000.0
  wind_opex: 100
  wind_lifetime: 20
  solar_capex: 1000.0
  solar_opex: 10
  solar_lifetime: 20
  carbon_price: 1.0
timeseries_values:
  load_level: 236149.62760355003
  wind_year: 2014
  solar_year: 2013
  price_year: 2023
  carbon_year: 2023
storage_values:
  CAES:
    cost: 60.6406
    lifetime: 22.0899
    annual_cost: 2.745173133422967
    efficiency: 0.566113
    discharge_ratio: 0.1
    depth_of_discharge: 0.4
  Li-ion:
    cost: 148.985
    lifetime: 24.8349
    annual_cost: 5.999017511646916
    efficiency: 0.90966
    discharge_ratio: 2
    depth_of_discharge: 0.9
  Pb-acid:
    cost: 150.5
    lifetime: 17.5313
    annual_cost: 8.584645747890914
    efficiency: 0.671784
    discharge_ratio: 5
    depth_of_discharge: 0.5
  VRBF:
    cost: 309.197
    lifetime: 21.9099
    annual_cost: 14.112204984961137
    efficiency: 0.723233
    discharge_ratio: 0.5
    depth_of_discharge: 1.0
