cost_values:
  wind_capex: 5000.0
  wind_opex: 100
  wind_lifetime: 20
  solar_capex: 1000.0
  solar_opex: 10
  solar_lifetime: 20
  carbon_price: 1.0
timeseries_values:
  load_level: 236149.62760355003
  wind_year: 2014
  solar_year: 2013
  price_year: 2023
  carbon_year: 2023
storage_values:
  CAES:
    cost: 60.2147
    lifetime: 22.7677
    annual_cost: 2.6447423323392347
    efficiency: 0.55711
    discharge_ratio: 0.1
    depth_of_discharge: 0.4
  Li-ion:
    cost: 143.59
    lifetime: 26.0268
    annual_cost: 5.517005548127314
    efficiency: 0.910272
    discharge_ratio: 2
    depth_of_discharge: 0.9
  Pb-acid:
    cost: 158.212
    lifetime: 18.386
    annual_cost: 8.605025562928315
    efficiency: 0.678339
    discharge_ratio: 5
    depth_of_discharge: 0.5
  VRBF:
    cost: 319.029
    lifetime: 20.3066
    annual_cost: 15.710606403829297
    efficiency: 0.702986
    discharge_ratio: 0.5
    depth_of_discharge: 1.0
