cost_values:
  wind_capex: 5000.0
  wind_opex: 100
  wind_lifetime: 20
  solar_capex: 1000.0
  solar_opex: 10
  solar_lifetime: 20
  carbon_price: 1.0
timeseries_values:
  load_level: 236149.62760355003
  wind_year: 2014
  solar_year: 2013
  price_year: 2023
  carbon_year: 2023
storage_values:
  CAES:
    cost: 64.0378
    lifetime: 23.5929
    annual_cost: 2.7142826867405025
    efficiency: 0.565826
    discharge_ratio: 0.1
    depth_of_discharge: 0.4
  Li-ion:
    cost: 143.057
    lifetime: 24.9003
    annual_cost: 5.745191824998091
    efficiency: 0.902593
    discharge_ratio: 2
    depth_of_discharge: 0.9
  Pb-acid:
    cost: 135.173
    lifetime: 19.1108
    annual_cost: 7.073120957783034
    efficiency: 0.656103
    discharge_ratio: 5
    depth_of_discharge: 0.5
  VRBF:
    cost: 325.552
    lifetime: 21.1841
    annual_cost: 15.367752229266289
    efficiency: 0.712638
    discharge_ratio: 0.5
    depth_of_discharge: 1.0
