cost_values:
  wind_capex: 5000.0
  wind_opex: 100
  wind_lifetime: 20
  solar_capex: 1000.0
  solar_opex: 10
  solar_lifetime: 20
  carbon_price: 1.0
timeseries_values:
  load_level: 236149.62760355003
  wind_year: 2014
  solar_year: 2013
  price_year: 2023
  carbon_year: 2023
storage_values:
  CAES:
    cost: 60.6286
    lifetime: 23.0107
    annual_cost: 2.6348003320194517
    efficiency: 0.568701
    discharge_ratio: 0.1
    depth_of_discharge: 0.4
  Li-ion:
    cost: 153.533
    lifetime: 26.7077
    annual_cost: 5.748641777464925
    efficiency: 0.907681
    discharge_ratio: 2
    depth_of_discharge: 0.9
  Pb-acid:
    cost: 154.457
    lifetime: 18.4539
    annual_cost: 8.369883872785698
    efficiency: 0.654365
    discharge_ratio: 5
    depth_of_discharge: 0.5
  VRBF:
    cost: 349.045
    lifetime: 24.2823
    annual_cost: 14.374462056724447
    efficiency: 0.702429
    discharge_ratio: 0.5
    depth_of_discharge: 1.0
