cost_values:
  wind_capex: 5000.0
  wind_opex: 100
  wind_lifetime: 20
  solar_capex: 1000.0
  solar_opex: 10
  solar_lifetime: 20
  carbon_price: 1.0
timeseries_values:
  load_level: 236149.62760355003
  wind_year: 2014
  solar_year: 2013
  price_year: 2023
  carbon_year: 2023
storage_values:
  CAES:
    cost: 55.4454
    lifetime: 23.0714
    annual_cost: 2.403209168060889
    efficiency: 0.568798
    discharge_ratio: 0.1
    depth_of_discharge: 0.4
  Li-ion:
    cost: 156.236
    lifetime: 24.6553
    annual_cost: 6.336811963350678
    efficiency: 0.916532
    discharge_ratio: 2
    depth_of_discharge: 0.9
  Pb-acid:
    cost: 150.102
    lifetime: 17.1984
    annual_cost: 8.727672341613173
    efficiency: 0.671841
    discharge_ratio: 5
    depth_of_discharge: 0.5
  VRBF:
    cost: 320.573
    lifetime: 21.8016
    annual_cost: 14.704104285923968
    efficiency: 0.702578
    discharge_ratio: 0.5
    depth_of_discharge: 1.0
