cost_values:
  wind_capex: 5000.0
  wind_opex: 100
  wind_lifetime: 20
  solar_capex: 1000.0
  solar_opex: 10
  solar_lifetime: 20
  carbon_price: 1.0
timeseries_values:
  load_level: 236149.62760355003
  wind_year: 2014
  solar_year: 2013
  price_year: 2023
  carbon_year: 2023
storage_values:
  CAES:
    cost: 51.6906
    lifetime: 21.6503
    annual_cost: 2.387523498519651
    efficiency: 0.566633
    discharge_ratio: 0.1
    depth_of_discharge: 0.4
  Li-ion:
    cost: 143.62
    lifetime: 27.1921
    annual_cost: 5.281681076489128
    efficiency: 0.907362
    discharge_ratio: 2
    depth_of_discharge: 0.9
  Pb-acid:
    cost: 145.277
    lifetime: 17.3532
    annual_cost: 8.371770048175552
    efficiency: 0.68966
    discharge_ratio: 5
    depth_of_discharge: 0.5
  VRBF:
    cost: 324.481
    lifetime: 20.5386
    annual_cost: 15.79859386715745
    efficiency: 0.705264
    discharge_ratio: 0.5
    depth_of_discharge: 1.0
