cost_values:
  wind_capex: 5000.0
  wind_opex: 100
  wind_lifetime: 20
  solar_capex: 1000.0
  solar_opex: 10
  solar_lifetime: 20
  carbon_price: 1.0
timeseries_values:
  load_level: 236149.62760355003
  wind_year: 2014
  solar_year: 2013
  price_year: 2023
  carbon_year: 2023
storage_values:
  CAES:
    cost: 63.9444
    lifetime: 22.7804
    annual_cost: 2.806991975557936
    efficiency: 0.578471
    discharge_ratio: 0.1
    depth_of_discharge: 0.4
  Li-ion:
    cost: 161.816
    lifetime: 25.9708
    annual_cost: 6.230689851679578
    efficiency: 0.89955
    discharge_ratio: 2
    depth_of_discharge: 0.9
  Pb-acid:
    cost: 158.14
    lifetime: 18.0053
    annual_cost: 8.78296945899263
    efficiency: 0.66147
    discharge_ratio: 5
    depth_of_discharge: 0.5
  VRBF:
    cost: 300.307
    lifetime: 24.3351
    annual_cost: 12.340487608433909
    efficiency: 0.702156
    discharge_ratio: 0.5
    depth_of_discharge: 1.0
