cost_values:
  wind_capex: 5000.0
  wind_opex: 100
  wind_lifetime: 20
  solar_capex: 1000.0
  solar_opex: 10
  solar_lifetime: 20
  carbon_price: 1.0
timeseries_values:
  load_level: 236149.62760355003
  wind_year: 2014
  solar_year: 2013
  price_year: 2023
  carbon_year: 2023
storage_values:
  CAES:
    cost: 59.0761
    lifetime: 23.3873
    annual_cost: 2.52599060173684
    efficiency: 0.564588
    discharge_ratio: 0.1
    depth_of_discharge: 0.4
  Li-ion:
    cost: 147.637
    lifetime: 25.1561
    annual_cost: 5.868834994295619
    efficiency: 0.901268
    discharge_ratio: 2
    depth_of_discharge: 0.9
  Pb-acid:
    cost: 146.565
    lifetime: 18.0911
    annual_cost: 8.101497421383995
    efficiency: 0.661863
    discharge_ratio: 5
    depth_of_discharge: 0.5
  VRBF:
    cost: 314.692
    lifetime: 23.5348
    annual_cost: 13.371347961316859
    efficiency: 0.708432
    discharge_ratio: 0.5
    depth_of_discharge: 1.0
