cost_values:
  wind_capex: 5000.0
  wind_opex: 100
  wind_lifetime: 20
  solar_capex: 1000.0
  solar_opex: 10
  solar_lifetime: 20
  carbon_price: 1.0
timeseries_values:
  load_level: 236149.62760355003
  wind_year: 2014
  solar_year: 2013
  price_year: 2023
  carbon_year: 2023
storage_values:
  CAES:
    cost: 62.7712
    lifetime: 22.1081
    annual_cost: 2.839285148882084
    efficiency: 0.578111
    discharge_ratio: 0.1
    depth_of_discharge: 0.4
  Li-ion:
    cost: 149.469
    lifetime: 25.7077
    annual_cost: 5.814172407488807
    efficiency: 0.900969
    discharge_ratio: 2
    depth_of_discharge: 0.9
  Pb-acid:
    cost: 159.797
    lifetime: 17.1843
    annual_cost: 9.2990113068324
    efficiency: 0.669864
    discharge_ratio: 5
    depth_of_discharge: 0.5
  VRBF:
    cost: 304.773
    lifetime: 21.1457
    annual_cost: 14.413001224835309
    efficiency: 0.687965
    discharge_ratio: 0.5
    depth_of_discharge: 1.0
