cost_values:
  wind_capex: 5000.0
  wind_opex: 100
  wind_lifetime: 20
  solar_capex: 1000.0
  solar_opex: 10
  solar_lifetime: 20
  carbon_price: 1.0
timeseries_values:
  load_level: 236149.62760355003
  wind_year: 2014
  solar_year: 2013
  price_year: 2023
  carbon_year: 2023
storage_values:
  CAES:
    cost: 55.6187
    lifetime: 21.9564
    annual_cost: 2.533142956040152
    efficiency: 0.558962
    discharge_ratio: 0.1
    depth_of_discharge: 0.4
  Li-ion:
    cost: 141.873
    lifetime: 25.7412
    annual_cost: 5.511514614703277
    efficiency: 0.9146
    discharge_ratio: 2
    depth_of_discharge: 0.9
  Pb-acid:
    cost: 164.26
    lifetime: 16.9701
    annual_cost: 9.679377257647275
    efficiency: 0.65983
    discharge_ratio: 5
    depth_of_discharge: 0.5
  VRBF:
    cost: 318.357
    lifetime: 20.8866
    annual_cost: 15.242164832955101
    efficiency: 0.671437
    discharge_ratio: 0.5
    depth_of_discharge: 1.0
