cost_values:
  wind_capex: 5000.0
  wind_opex: 100
  wind_lifetime: 20
  solar_capex: 1000.0
  solar_opex: 10
  solar_lifetime: 20
  carbon_price: 1.0
timeseries_values:
  load_level: 236149.62760355003
  wind_year: 2014
  solar_year: 2013
  price_year: 2023
  carbon_year: 2023
storage_values:
  CAES:
    cost: 65.6326
    lifetime: 22.2433
    annual_cost: 2.950668291125867
    efficiency: 0.568917
    discharge_ratio: 0.1
    depth_of_discharge: 0.4
  Li-ion:
    cost: 148.121
    lifetime: 25.69
    annual_cost: 5.765706500583885
    efficiency: 0.88381
    discharge_ratio: 2
    depth_of_discharge: 0.9
  Pb-acid:
    cost: 129.239
    lifetime: 16.5535
    annual_cost: 7.807351919533634
    efficiency: 0.665755
    discharge_ratio: 5
    depth_of_discharge: 0.5
  VRBF:
    cost: 303.742
    lifetime: 22.1403
    annual_cost: 13.718964964341044
    efficiency: 0.686729
    discharge_ratio: 0.5
    depth_of_discharge: 1.0
