cost_values:
  wind_capex: 5000.0
  wind_opex: 100
  wind_lifetime: 20
  solar_capex: 1000.0
  solar_opex: 10
  solar_lifetime: 20
  carbon_price: 1.0
timeseries_values:
  load_level: 236149.62760355003
  wind_year: 2014
  solar_year: 2013
  price_year: 2023
  carbon_year: 2023
storage_values:
  CAES:
    cost: 60.4426
    lifetime: 22.3686
    annual_cost: 2.7021181477607
    efficiency: 0.566579
    discharge_ratio: 0.1
    depth_of_discharge: 0.4
  Li-ion:
    cost: 139.116
    lifetime: 25.0318
    annual_cost: 5.557570769980585
    efficiency: 0.899314
    discharge_ratio: 2
    depth_of_discharge: 0.9
  Pb-acid:
    cost: 166.404
    lifetime: 16.1072
    annual_cost: 10.331032085030298
    efficiency: 0.66443
    discharge_ratio: 5
    depth_of_discharge: 0.5
  VRBF:
    cost: 334.606
    lifetime: 21.4658
    annual_cost: 15.58786534860103
    efficiency: 0.717527
    discharge_ratio: 0.5
    depth_of_discharge: 1.0
