cost_values:
  wind_capex: 5000.0
  wind_opex: 100
  wind_lifetime: 20
  solar_capex: 1000.0
  solar_opex: 10
  solar_lifetime: 20
  carbon_price: 1.0
timeseries_values:
  load_level: 236149.62760355003
  wind_year: 2014
  solar_year: 2013
  price_year: 2023
  carbon_year: 2023
storage_values:
  CAES:
    cost: 60.9285
    lifetime: 22.8627
    annual_cost: 2.6649739532076264
    efficiency: 0.575312
    discharge_ratio: 0.1
    depth_of_discharge: 0.4
  Li-ion:
    cost: 162.125
    lifetime: 23.6441
    annual_cost: 6.856890302443315
    efficiency: 0.886836
    discharge_ratio: 2
    depth_of_discharge: 0.9
  Pb-acid:
    cost: 168.498
    lifetime: 17.3276
    annual_cost: 9.72425494586671
    efficiency: 0.653034
    discharge_ratio: 5
    depth_of_discharge: 0.5
  VRBF:
    cost: 344.191
    lifetime: 21.8771
    annual_cost: 15.732935352491875
    efficiency: 0.69219
    discharge_ratio: 0.5
    depth_of_discharge: 1.0
