cost_values:
  wind_capex: 5000.0
  wind_opex: 100
  wind_lifetime: 20
  solar_capex: 1000.0
  solar_opex: 10
  solar_lifetime: 20
  carbon_price: 1.0
timeseries_values:
  load_level: 236149.62760355003
  wind_year: 2014
  solar_year: 2013
  price_year: 2023
  carbon_year: 2023
storage_values:
  CAES:
    cost: 63.5556
    lifetime: 22.4984
    annual_cost: 2.824894214699712
    efficiency: 0.565456
    discharge_ratio: 0.1
    depth_of_discharge: 0.4
  Li-ion:
    cost: 130.834
    lifetime: 26.9867
    annual_cost: 4.8480918378312285
    efficiency: 0.901011
    discharge_ratio: 2
    depth_of_discharge: 0.9
  Pb-acid:
    cost: 130.075
    lifetime: 17.6923
    annual_cost: 7.3520684139427885
    efficiency: 0.669946
    discharge_ratio: 5
    depth_of_discharge: 0.5
  VRBF:
    cost: 313.686
    lifetime: 22.5411
    annual_cost: 13.916179778271689
    efficiency: 0.701026
    discharge_ratio: 0.5
    depth_of_discharge: 1.0
