cost_values:
  wind_capex: 5000.0
  wind_opex: 100
  wind_lifetime: 20
  solar_capex: 1000.0
  solar_opex: 10
  solar_lifetime: 20
  carbon_price: 1.0
timeseries_values:
  load_level: 236149.62760355003
  wind_year: 2014
  solar_year: 2013
  price_year: 2023
  carbon_year: 2023
storage_values:
  CAES:
    cost: 67.1189
    lifetime: 22.3234
    annual_cost: 3.006661171685317
    efficiency: 0.569457
    discharge_ratio: 0.1
    depth_of_discharge: 0.4
  Li-ion:
    cost: 135.46
    lifetime: 23.1919
    annual_cost: 5.840832359573817
    efficiency: 0.885341
    discharge_ratio: 2
    depth_of_discharge: 0.9
  Pb-acid:
    cost: 119.655
    lifetime: 16.3971
    annual_cost: 7.297326966353808
    efficiency: 0.660224
    discharge_ratio: 5
    depth_of_discharge: 0.5
  VRBF:
    cost: 343.879
    lifetime: 22.2306
    annual_cost: 15.468723291319174
    efficiency: 0.671408
    discharge_ratio: 0.5
    depth_of_discharge: 1.0
