cost_values:
  wind_capex: 5000.0
  wind_opex: 100
  wind_lifetime: 20
  solar_capex: 1000.0
  solar_opex: 10
  solar_lifetime: 20
  carbon_price: 1.0
timeseries_values:
  load_level: 236149.62760355003
  wind_year: 2014
  solar_year: 2013
  price_year: 2023
  carbon_year: 2023
storage_values:
  CAES:
    cost: 61.1897
    lifetime: 22.7616
    annual_cost: 2.6882864122030083
    efficiency: 0.570178
    discharge_ratio: 0.1
    depth_of_discharge: 0.4
  Li-ion:
    cost: 146.464
    lifetime: 23.9708
    annual_cost: 6.110100622423949
    efficiency: 0.901689
    discharge_ratio: 2
    depth_of_discharge: 0.9
  Pb-acid:
    cost: 162.155
    lifetime: 18.5102
    annual_cost: 8.760305129063974
    efficiency: 0.676676
    discharge_ratio: 5
    depth_of_discharge: 0.5
  VRBF:
    cost: 317.354
    lifetime: 21.2553
    annual_cost: 14.930582019543362
    efficiency: 0.708447
    discharge_ratio: 0.5
    depth_of_discharge: 1.0
