cost_values:
  wind_capex: 5000.0
  wind_opex: 100
  wind_lifetime: 20
  solar_capex: 1000.0
  solar_opex: 10
  solar_lifetime: 20
  carbon_price: 1.0
timeseries_values:
  load_level: 236149.62760355003
  wind_year: 2014
  solar_year: 2013
  price_year: 2023
  carbon_year: 2023
storage_values:
  CAES:
    cost: 58.0462
    lifetime: 22.892
    annual_cost: 2.5356543770749607
    efficiency: 0.572708
    discharge_ratio: 0.1
    depth_of_discharge: 0.4
  Li-ion:
    cost: 152.628
    lifetime: 23.6412
    annual_cost: 6.456017461042586
    efficiency: 0.917665
    discharge_ratio: 2
    depth_of_discharge: 0.9
  Pb-acid:
    cost: 144.62
    lifetime: 17.718
    annual_cost: 8.16232080370245
    efficiency: 0.652623
    discharge_ratio: 5
    depth_of_discharge: 0.5
  VRBF:
    cost: 336.692
    lifetime: 22.9504
    annual_cost: 14.67041968767429
    efficiency: 0.70723
    discharge_ratio: 0.5
    depth_of_discharge: 1.0
