cost_values:
  wind_capex: 5000.0
  wind_opex: 100
  wind_lifetime: 20
  solar_capex: 1000.0
  solar_opex: 10
  solar_lifetime: 20
  carbon_price: 1.0
timeseries_values:
  load_level: 236149.62760355003
  wind_year: 2014
  solar_year: 2013
  price_year: 2023
  carbon_year: 2023
storage_values:
  CAES:
    cost: 56.696
    lifetime: 22.6808
    annual_cost: 2.499735459066699
    efficiency: 0.570956
    discharge_ratio: 0.1
    depth_of_discharge: 0.4
  Li-ion:
    cost: 141.842
    lifetime: 27.0329
    annual_cost: 5.247013823896068
    efficiency: 0.90855
    discharge_ratio: 2
    depth_of_discharge: 0.9
  Pb-acid:
    cost: 168.843
    lifetime: 17.7947
    annual_cost: 9.48838699163234
    efficiency: 0.672031
    discharge_ratio: 5
    depth_of_discharge: 0.5
  VRBF:
    cost: 310.162
    lifetime: 25.215
    annual_cost: 12.300694031330556
    efficiency: 0.702032
    discharge_ratio: 0.5
    depth_of_discharge: 1.0
