cost_values:
  wind_capex: 5000.0
  wind_opex: 100
  wind_lifetime: 20
  solar_capex: 1000.0
  solar_opex: 10
  solar_lifetime: 20
  carbon_price: 1.0
timeseries_values:
  load_level: 236149.62760355003
  wind_year: 2014
  solar_year: 2013
  price_year: 2023
  carbon_year: 2023
storage_values:
  CAES:
    cost: 57.2107
    lifetime: 21.6143
    annual_cost: 2.6468911785253284
    efficiency: 0.563794
    discharge_ratio: 0.1
    depth_of_discharge: 0.4
  Li-ion:
    cost: 123.687
    lifetime: 25.4444
    annual_cost: 4.861069626322491
    efficiency: 0.905929
    discharge_ratio: 2
    depth_of_discharge: 0.9
  Pb-acid:
    cost: 135.067
    lifetime: 15.8934
    annual_cost: 8.498307473542477
    efficiency: 0.676636
    discharge_ratio: 5
    depth_of_discharge: 0.5
  VRBF:
    cost: 347.097
    lifetime: 24.5734
    annual_cost: 14.12490742021861
    efficiency: 0.69191
    discharge_ratio: 0.5
    depth_of_discharge: 1.0
