cost_values:
  wind_capex: 5000.0
  wind_opex: 100
  wind_lifetime: 20
  solar_capex: 1000.0
  solar_opex: 10
  solar_lifetime: 20
  carbon_price: 1.0
timeseries_values:
  load_level: 236149.62760355003
  wind_year: 2014
  solar_year: 2013
  price_year: 2023
  carbon_year: 2023
storage_values:
  CAES:
    cost: 57.1688
    lifetime: 23.32
    annual_cost: 2.4514922813036018
    efficiency: 0.562595
    discharge_ratio: 0.1
    depth_of_discharge: 0.4
  Li-ion:
    cost: 138.278
    lifetime: 24.9571
    annual_cost: 5.540627717162651
    efficiency: 0.886607
    discharge_ratio: 2
    depth_of_discharge: 0.9
  Pb-acid:
    cost: 180.558
    lifetime: 16.5131
    annual_cost: 10.934227976576171
    efficiency: 0.663793
    discharge_ratio: 5
    depth_of_discharge: 0.5
  VRBF:
    cost: 334.116
    lifetime: 21.8803
    annual_cost: 15.270174540568457
    efficiency: 0.692002
    discharge_ratio: 0.5
    depth_of_discharge: 1.0
