cost_values:
  wind_capex: 5000.0
  wind_opex: 100
  wind_lifetime: 20
  solar_capex: 1000.0
  solar_opex: 10
  solar_lifetime: 20
  carbon_price: 1.0
timeseries_values:
  load_level: 236149.62760355003
  wind_year: 2014
  solar_year: 2013
  price_year: 2023
  carbon_year: 2023
storage_values:
  CAES:
    cost: 65.0477
    lifetime: 21.9889
    annual_cost: 2.9582061858483146
    efficiency: 0.566143
    discharge_ratio: 0.1
    depth_of_discharge: 0.4
  Li-ion:
    cost: 147.842
    lifetime: 26.2478
    annual_cost: 5.632548251662997
    efficiency: 0.913286
    discharge_ratio: 2
    depth_of_discharge: 0.9
  Pb-acid:
    cost: 150.269
    lifetime: 18.7604
    annual_cost: 8.009903840003412
    efficiency: 0.655625
    discharge_ratio: 5
    depth_of_discharge: 0.5
  VRBF:
    cost: 344.401
    lifetime: 23.0412
    annual_cost: 14.94718157040432
    efficiency: 0.729602
    discharge_ratio: 0.5
    depth_of_discharge: 1.0
