cost_values:
  wind_capex: 5000.0
  wind_opex: 100
  wind_lifetime: 20
  solar_capex: 1000.0
  solar_opex: 10
  solar_lifetime: 20
  carbon_price: 1.0
timeseries_values:
  load_level: 236149.62760355003
  wind_year: 2014
  solar_year: 2013
  price_year: 2023
  carbon_year: 2023
storage_values:
  CAES:
    cost: 66.661
    lifetime: 22.5246
    annual_cost: 2.959475417987445
    efficiency: 0.578681
    discharge_ratio: 0.1
    depth_of_discharge: 0.4
  Li-ion:
    cost: 134.224
    lifetime: 25.6959
    annual_cost: 5.223557065524071
    efficiency: 0.897502
    discharge_ratio: 2
    depth_of_discharge: 0.9
  Pb-acid:
    cost: 159.399
    lifetime: 18.6383
    annual_cost: 8.552228475773004
    efficiency: 0.655739
    discharge_ratio: 5
    depth_of_discharge: 0.5
  VRBF:
    cost: 356.262
    lifetime: 21.9654
    annual_cost: 16.21923570706657
    efficiency: 0.726068
    discharge_ratio: 0.5
    depth_of_discharge: 1.0
