cost_values:
  wind_capex: 5000.0
  wind_opex: 100
  wind_lifetime: 20
  solar_capex: 1000.0
  solar_opex: 10
  solar_lifetime: 20
  carbon_price: 1.0
timeseries_values:
  load_level: 236149.62760355003
  wind_year: 2014
  solar_year: 2013
  price_year: 2023
  carbon_year: 2023
storage_values:
  CAES:
    cost: 62.2199
    lifetime: 22.9718
    annual_cost: 2.708533941615372
    efficiency: 0.566117
    discharge_ratio: 0.1
    depth_of_discharge: 0.4
  Li-ion:
    cost: 125.931
    lifetime: 23.6245
    annual_cost: 5.330525513767487
    efficiency: 0.904087
    discharge_ratio: 2
    depth_of_discharge: 0.9
  Pb-acid:
    cost: 132.744
    lifetime: 18.4903
    annual_cost: 7.179115536254144
    efficiency: 0.652291
    discharge_ratio: 5
    depth_of_discharge: 0.5
  VRBF:
    cost: 283.753
    lifetime: 21.3846
    annual_cost: 13.269034725924262
    efficiency: 0.718999
    discharge_ratio: 0.5
    depth_of_discharge: 1.0
