cost_values:
  wind_capex: 5000.0
  wind_opex: 100
  wind_lifetime: 20
  solar_capex: 1000.0
  solar_opex: 10
  solar_lifetime: 20
  carbon_price: 1.0
timeseries_values:
  load_level: 236149.62760355003
  wind_year: 2014
  solar_year: 2013
  price_year: 2023
  carbon_year: 2023
storage_values:
  CAES:
    cost: 53.1104
    lifetime: 23.0079
    annual_cost: 2.308354956341083
    efficiency: 0.561114
    discharge_ratio: 0.1
    depth_of_discharge: 0.4
  Li-ion:
    cost: 125.507
    lifetime: 25.3344
    annual_cost: 4.954015094101301
    efficiency: 0.904336
    discharge_ratio: 2
    depth_of_discharge: 0.9
  Pb-acid:
    cost: 146.288
    lifetime: 16.1186
    annual_cost: 9.075726179693026
    efficiency: 0.665298
    discharge_ratio: 5
    depth_of_discharge: 0.5
  VRBF:
    cost: 301.458
    lifetime: 22.7872
    annual_cost: 13.229269063333803
    efficiency: 0.700808
    discharge_ratio: 0.5
    depth_of_discharge: 1.0
