cost_values:
  wind_capex: 5000.0
  wind_opex: 100
  wind_lifetime: 20
  solar_capex: 1000.0
  solar_opex: 10
  solar_lifetime: 20
  carbon_price: 1.0
timeseries_values:
  load_level: 236149.62760355003
  wind_year: 2014
  solar_year: 2013
  price_year: 2023
  carbon_year: 2023
storage_values:
  CAES:
    cost: 62.9976
    lifetime: 22.6609
    annual_cost: 2.7800131504044407
    efficiency: 0.569435
    discharge_ratio: 0.1
    depth_of_discharge: 0.4
  Li-ion:
    cost: 129.703
    lifetime: 25.0149
    annual_cost: 5.185029722285518
    efficiency: 0.897403
    discharge_ratio: 2
    depth_of_discharge: 0.9
  Pb-acid:
    cost: 159.408
    lifetime: 17.0687
    annual_cost: 9.33919982189622
    efficiency: 0.661034
    discharge_ratio: 5
    depth_of_discharge: 0.5
  VRBF:
    cost: 289.161
    lifetime: 23.1474
    annual_cost: 12.492158946577153
    efficiency: 0.693931
    discharge_ratio: 0.5
    depth_of_discharge: 1.0
