cost_values:
  wind_capex: 5000.0
  wind_opex: 100
  wind_lifetime: 20
  solar_capex: 1000.0
  solar_opex: 10
  solar_lifetime: 20
  carbon_price: 1.0
timeseries_values:
  load_level: 236149.62760355003
  wind_year: 2014
  solar_year: 2013
  price_year: 2023
  carbon_year: 2023
storage_values:
  CAES:
    cost: 61.5258
    lifetime: 22.902
    annual_cost: 2.68648152999738
    efficiency: 0.562085
    discharge_ratio: 0.1
    depth_of_discharge: 0.4
  Li-ion:
    cost: 129.86
    lifetime: 25.488
    annual_cost: 5.094946641556811
    efficiency: 0.902482
    discharge_ratio: 2
    depth_of_discharge: 0.9
  Pb-acid:
    cost: 141.906
    lifetime: 17.8613
    annual_cost: 7.944886430438994
    efficiency: 0.659112
    discharge_ratio: 5
    depth_of_discharge: 0.5
  VRBF:
    cost: 322.725
    lifetime: 22.7225
    annual_cost: 14.202882605347124
    efficiency: 0.690708
    discharge_ratio: 0.5
    depth_of_discharge: 1.0
