cost_values:
  wind_capex: 5000.0
  wind_opex: 100
  wind_lifetime: 20
  solar_capex: 1000.0
  solar_opex: 10
  solar_lifetime: 20
  carbon_price: 1.0
timeseries_values:
  load_level: 236149.62760355003
  wind_year: 2014
  solar_year: 2013
  price_year: 2023
  carbon_year: 2023
storage_values:
  CAES:
    cost: 63.0715
    lifetime: 23.423
    annual_cost: 2.6927165606455197
    efficiency: 0.574106
    discharge_ratio: 0.1
    depth_of_discharge: 0.4
  Li-ion:
    cost: 140.251
    lifetime: 24.0175
    annual_cost: 5.8395336733631735
    efficiency: 0.904089
    discharge_ratio: 2
    depth_of_discharge: 0.9
  Pb-acid:
    cost: 133.877
    lifetime: 16.7537
    annual_cost: 7.99089156425148
    efficiency: 0.671092
    discharge_ratio: 5
    depth_of_discharge: 0.5
  VRBF:
    cost: 328.31
    lifetime: 21.9814
    annual_cost: 14.93580936610043
    efficiency: 0.682879
    discharge_ratio: 0.5
    depth_of_discharge: 1.0
