cost_values:
  wind_capex: 5000.0
  wind_opex: 100
  wind_lifetime: 20
  solar_capex: 1000.0
  solar_opex: 10
  solar_lifetime: 20
  carbon_price: 1.0
timeseries_values:
  load_level: 236149.62760355003
  wind_year: 2014
  solar_year: 2013
  price_year: 2023
  carbon_year: 2023
storage_values:
  CAES:
    cost: 56.8785
    lifetime: 22.7529
    annual_cost: 2.499835185844442
    efficiency: 0.56971
    discharge_ratio: 0.1
    depth_of_discharge: 0.4
  Li-ion:
    cost: 153.816
    lifetime: 24.6068
    annual_cost: 6.2509550205634214
    efficiency: 0.889674
    discharge_ratio: 2
    depth_of_discharge: 0.9
  Pb-acid:
    cost: 146.303
    lifetime: 18.2115
    annual_cost: 8.033550229250748
    efficiency: 0.686345
    discharge_ratio: 5
    depth_of_discharge: 0.5
  VRBF:
    cost: 329.947
    lifetime: 21.547
    annual_cost: 15.312897387107254
    efficiency: 0.720997
    discharge_ratio: 0.5
    depth_of_discharge: 1.0
