cost_values:
  wind_capex: 5000.0
  wind_opex: 100
  wind_lifetime: 20
  solar_capex: 1000.0
  solar_opex: 10
  solar_lifetime: 20
  carbon_price: 1.0
timeseries_values:
  load_level: 236149.62760355003
  wind_year: 2014
  solar_year: 2013
  price_year: 2023
  carbon_year: 2023
storage_values:
  CAES:
    cost: 48.9435
    lifetime: 22.3892
    annual_cost: 2.18603165812088
    efficiency: 0.573951
    discharge_ratio: 0.1
    depth_of_discharge: 0.4
  Li-ion:
    cost: 147.589
    lifetime: 23.3601
    annual_cost: 6.317995214061583
    efficiency: 0.901952
    discharge_ratio: 2
    depth_of_discharge: 0.9
  Pb-acid:
    cost: 145.856
    lifetime: 17.1513
    annual_cost: 8.504078408050702
    efficiency: 0.672251
    discharge_ratio: 5
    depth_of_discharge: 0.5
  VRBF:
    cost: 330.153
    lifetime: 23.7736
    annual_cost: 13.887379277854428
    efficiency: 0.697174
    discharge_ratio: 0.5
    depth_of_discharge: 1.0
