cost_values:
  wind_capex: 5000.0
  wind_opex: 100
  wind_lifetime: 20
  solar_capex: 1000.0
  solar_opex: 10
  solar_lifetime: 20
  carbon_price: 1.0
timeseries_values:
  load_level: 236149.62760355003
  wind_year: 2014
  solar_year: 2013
  price_year: 2023
  carbon_year: 2023
storage_values:
  CAES:
    cost: 63.5051
    lifetime: 22.7236
    annual_cost: 2.794676019644774
    efficiency: 0.568736
    discharge_ratio: 0.1
    depth_of_discharge: 0.4
  Li-ion:
    cost: 120.948
    lifetime: 27.2357
    annual_cost: 4.440789111350176
    efficiency: 0.930156
    discharge_ratio: 2
    depth_of_discharge: 0.9
  Pb-acid:
    cost: 136.482
    lifetime: 18.5799
    annual_cost: 7.34568000904203
    efficiency: 0.666234
    discharge_ratio: 5
    depth_of_discharge: 0.5
  VRBF:
    cost: 333.123
    lifetime: 21.3984
    annual_cost: 15.567659264244057
    efficiency: 0.711817
    discharge_ratio: 0.5
    depth_of_discharge: 1.0
