cost_values:
  wind_capex: 5000.0
  wind_opex: 100
  wind_lifetime: 20
  solar_capex: 1000.0
  solar_opex: 10
  solar_lifetime: 20
  carbon_price: 1.0
timeseries_values:
  load_level: 236149.62760355003
  wind_year: 2014
  solar_year: 2013
  price_year: 2023
  carbon_year: 2023
storage_values:
  CAES:
    cost: 63.5092
    lifetime: 22.4665
    annual_cost: 2.8268399617207844
    efficiency: 0.563823
    discharge_ratio: 0.1
    depth_of_discharge: 0.4
  Li-ion:
    cost: 155.642
    lifetime: 26.349
    annual_cost: 5.906941439902843
    efficiency: 0.90539
    discharge_ratio: 2
    depth_of_discharge: 0.9
  Pb-acid:
    cost: 187.504
    lifetime: 18.0932
    annual_cost: 10.363230384895983
    efficiency: 0.661393
    discharge_ratio: 5
    depth_of_discharge: 0.5
  VRBF:
    cost: 328.281
    lifetime: 20.4928
    annual_cost: 16.019333619612745
    efficiency: 0.71439
    discharge_ratio: 0.5
    depth_of_discharge: 1.0
