cost_values:
  wind_capex: 5000.0
  wind_opex: 100
  wind_lifetime: 20
  solar_capex: 1000.0
  solar_opex: 10
  solar_lifetime: 20
  carbon_price: 1.0
timeseries_values:
  load_level: 236149.62760355003
  wind_year: 2014
  solar_year: 2013
  price_year: 2023
  carbon_year: 2023
storage_values:
  CAES:
    cost: 57.837
    lifetime: 23.1827
    annual_cost: 2.4948345102166702
    efficiency: 0.561992
    discharge_ratio: 0.1
    depth_of_discharge: 0.4
  Li-ion:
    cost: 140.689
    lifetime: 24.6393
    annual_cost: 5.709943058447277
    efficiency: 0.893957
    discharge_ratio: 2
    depth_of_discharge: 0.9
  Pb-acid:
    cost: 151.75
    lifetime: 17.9857
    annual_cost: 8.437258488688235
    efficiency: 0.665328
    discharge_ratio: 5
    depth_of_discharge: 0.5
  VRBF:
    cost: 326.593
    lifetime: 20.7099
    annual_cost: 15.769897488640698
    efficiency: 0.709219
    discharge_ratio: 0.5
    depth_of_discharge: 1.0
