cost_values:
  wind_capex: 5000.0
  wind_opex: 100
  wind_lifetime: 20
  solar_capex: 1000.0
  solar_opex: 10
  solar_lifetime: 20
  carbon_price: 1.0
timeseries_values:
  load_level: 236149.62760355003
  wind_year: 2014
  solar_year: 2013
  price_year: 2023
  carbon_year: 2023
storage_values:
  CAES:
    cost: 52.5952
    lifetime: 22.7294
    annual_cost: 2.3139722122009383
    efficiency: 0.573768
    discharge_ratio: 0.1
    depth_of_discharge: 0.4
  Li-ion:
    cost: 119.709
    lifetime: 23.3268
    annual_cost: 5.131822624620608
    efficiency: 0.898533
    discharge_ratio: 2
    depth_of_discharge: 0.9
  Pb-acid:
    cost: 141.503
    lifetime: 16.5228
    annual_cost: 8.564105357445468
    efficiency: 0.663094
    discharge_ratio: 5
    depth_of_discharge: 0.5
  VRBF:
    cost: 317.522
    lifetime: 21.0406
    annual_cost: 15.090919460471659
    efficiency: 0.708207
    discharge_ratio: 0.5
    depth_of_discharge: 1.0
