cost_values:
  wind_capex: 5000.0
  wind_opex: 100
  wind_lifetime: 20
  solar_capex: 1000.0
  solar_opex: 10
  solar_lifetime: 20
  carbon_price: 1.0
timeseries_values:
  load_level: 236149.62760355003
  wind_year: 2014
  solar_year: 2013
  price_year: 2023
  carbon_year: 2023
storage_values:
  CAES:
    cost: 55.9387
    lifetime: 21.7524
    annual_cost: 2.57161048895754
    efficiency: 0.57121
    discharge_ratio: 0.1
    depth_of_discharge: 0.4
  Li-ion:
    cost: 142.776
    lifetime: 23.1574
    annual_cost: 6.165458989351137
    efficiency: 0.903483
    discharge_ratio: 2
    depth_of_discharge: 0.9
  Pb-acid:
    cost: 151.811
    lifetime: 17.18
    annual_cost: 8.836495925494761
    efficiency: 0.666584
    discharge_ratio: 5
    depth_of_discharge: 0.5
  VRBF:
    cost: 298.45
    lifetime: 19.73
    annual_cost: 15.126710593005575
    efficiency: 0.701274
    discharge_ratio: 0.5
    depth_of_discharge: 1.0
