cost_values:
  wind_capex: 5000.0
  wind_opex: 100
  wind_lifetime: 20
  solar_capex: 1000.0
  solar_opex: 10
  solar_lifetime: 20
  carbon_price: 1.0
timeseries_values:
  load_level: 236149.62760355003
  wind_year: 2014
  solar_year: 2013
  price_year: 2023
  carbon_year: 2023
storage_values:
  CAES:
    cost: 62.9654
    lifetime: 23.4246
    annual_cost: 2.6880032103002827
    efficiency: 0.568839
    discharge_ratio: 0.1
    depth_of_discharge: 0.4
  Li-ion:
    cost: 125.697
    lifetime: 23.9075
    annual_cost: 5.2576388162710455
    efficiency: 0.901198
    discharge_ratio: 2
    depth_of_discharge: 0.9
  Pb-acid:
    cost: 153.975
    lifetime: 18.17
    annual_cost: 8.47413318657127
    efficiency: 0.66217
    discharge_ratio: 5
    depth_of_discharge: 0.5
  VRBF:
    cost: 293.993
    lifetime: 21.7446
    annual_cost: 13.520276298483303
    efficiency: 0.72035
    discharge_ratio: 0.5
    depth_of_discharge: 1.0
