cost_values:
  wind_capex: 5000.0
  wind_opex: 100
  wind_lifetime: 20
  solar_capex: 1000.0
  solar_opex: 10
  solar_lifetime: 20
  carbon_price: 1.0
timeseries_values:
  load_level: 236149.62760355003
  wind_year: 2014
  solar_year: 2013
  price_year: 2023
  carbon_year: 2023
storage_values:
  CAES:
    cost: 68.9055
    lifetime: 23.4064
    annual_cost: 2.943874324970948
    efficiency: 0.571553
    discharge_ratio: 0.1
    depth_of_discharge: 0.4
  Li-ion:
    cost: 156.925
    lifetime: 29.4176
    annual_cost: 5.334391656695312
    efficiency: 0.899479
    discharge_ratio: 2
    depth_of_discharge: 0.9
  Pb-acid:
    cost: 154.902
    lifetime: 18.0053
    annual_cost: 8.60313352179636
    efficiency: 0.664974
    discharge_ratio: 5
    depth_of_discharge: 0.5
  VRBF:
    cost: 341.467
    lifetime: 21.7796
    annual_cost: 15.67829528549652
    efficiency: 0.715338
    discharge_ratio: 0.5
    depth_of_discharge: 1.0
