cost_values:
  wind_capex: 5000.0
  wind_opex: 100
  wind_lifetime: 20
  solar_capex: 1000.0
  solar_opex: 10
  solar_lifetime: 20
  carbon_price: 1.0
timeseries_values:
  load_level: 236149.62760355003
  wind_year: 2014
  solar_year: 2013
  price_year: 2023
  carbon_year: 2023
storage_values:
  CAES:
    cost: 57.9516
    lifetime: 22.6427
    annual_cost: 2.55939441851016
    efficiency: 0.569938
    discharge_ratio: 0.1
    depth_of_discharge: 0.4
  Li-ion:
    cost: 127.745
    lifetime: 25.3058
    annual_cost: 5.0480522251815785
    efficiency: 0.898952
    discharge_ratio: 2
    depth_of_discharge: 0.9
  Pb-acid:
    cost: 149.046
    lifetime: 18.1213
    annual_cost: 8.224906601623502
    efficiency: 0.654554
    discharge_ratio: 5
    depth_of_discharge: 0.5
  VRBF:
    cost: 322.252
    lifetime: 22.3074
    annual_cost: 14.445968602347202
    efficiency: 0.724398
    discharge_ratio: 0.5
    depth_of_discharge: 1.0
