cost_values:
  wind_capex: 5000.0
  wind_opex: 100
  wind_lifetime: 20
  solar_capex: 1000.0
  solar_opex: 10
  solar_lifetime: 20
  carbon_price: 1.0
timeseries_values:
  load_level: 236149.62760355003
  wind_year: 2014
  solar_year: 2013
  price_year: 2023
  carbon_year: 2023
storage_values:
  CAES:
    cost: 58.9627
    lifetime: 22.3571
    annual_cost: 2.637314320730327
    efficiency: 0.565275
    discharge_ratio: 0.1
    depth_of_discharge: 0.4
  Li-ion:
    cost: 149.974
    lifetime: 24.0426
    annual_cost: 6.237844492692138
    efficiency: 0.914823
    discharge_ratio: 2
    depth_of_discharge: 0.9
  Pb-acid:
    cost: 171.926
    lifetime: 17.1133
    annual_cost: 10.046338228161723
    efficiency: 0.654737
    discharge_ratio: 5
    depth_of_discharge: 0.5
  VRBF:
    cost: 316.699
    lifetime: 21.1519
    annual_cost: 14.972602934015384
    efficiency: 0.715159
    discharge_ratio: 0.5
    depth_of_discharge: 1.0
