cost_values:
  wind_capex: 5000.0
  wind_opex: 100
  wind_lifetime: 20
  solar_capex: 1000.0
  solar_opex: 10
  solar_lifetime: 20
  carbon_price: 1.0
timeseries_values:
  load_level: 236149.62760355003
  wind_year: 2014
  solar_year: 2013
  price_year: 2023
  carbon_year: 2023
storage_values:
  CAES:
    cost: 66.9752
    lifetime: 22.1614
    annual_cost: 3.0221556399866434
    efficiency: 0.561102
    discharge_ratio: 0.1
    depth_of_discharge: 0.4
  Li-ion:
    cost: 130.244
    lifetime: 23.3741
    annual_cost: 5.572150371565109
    efficiency: 0.891956
    discharge_ratio: 2
    depth_of_discharge: 0.9
  Pb-acid:
    cost: 135.697
    lifetime: 17.1956
    annual_cost: 7.891379190025356
    efficiency: 0.665154
    discharge_ratio: 5
    depth_of_discharge: 0.5
  VRBF:
    cost: 355.361
    lifetime: 21.2736
    annual_cost: 16.704318968110712
    efficiency: 0.684013
    discharge_ratio: 0.5
    depth_of_discharge: 1.0
