cost_values:
  wind_capex: 5000.0
  wind_opex: 100
  wind_lifetime: 20
  solar_capex: 1000.0
  solar_opex: 10
  solar_lifetime: 20
  carbon_price: 1.0
timeseries_values:
  load_level: 236149.62760355003
  wind_year: 2014
  solar_year: 2013
  price_year: 2023
  carbon_year: 2023
storage_values:
  CAES:
    cost: 66.4603
    lifetime: 23.1113
    annual_cost: 2.8756625546810435
    efficiency: 0.566951
    discharge_ratio: 0.1
    depth_of_discharge: 0.4
  Li-ion:
    cost: 138.962
    lifetime: 24.5167
    annual_cost: 5.668054836091317
    efficiency: 0.908366
    discharge_ratio: 2
    depth_of_discharge: 0.9
  Pb-acid:
    cost: 164.381
    lifetime: 17.8118
    annual_cost: 9.228769692001931
    efficiency: 0.674115
    discharge_ratio: 5
    depth_of_discharge: 0.5
  VRBF:
    cost: 304.137
    lifetime: 23.5817
    annual_cost: 12.897161782229439
    efficiency: 0.692785
    discharge_ratio: 0.5
    depth_of_discharge: 1.0
