cost_values:
  wind_capex: 5000.0
  wind_opex: 100
  wind_lifetime: 20
  solar_capex: 1000.0
  solar_opex: 10
  solar_lifetime: 20
  carbon_price: 1.0
timeseries_values:
  load_level: 236149.62760355003
  wind_year: 2014
  solar_year: 2013
  price_year: 2023
  carbon_year: 2023
storage_values:
  CAES:
    cost: 56.6252
    lifetime: 21.7982
    annual_cost: 2.5977007275830113
    efficiency: 0.572077
    discharge_ratio: 0.1
    depth_of_discharge: 0.4
  Li-ion:
    cost: 163.693
    lifetime: 25.8637
    annual_cost: 6.329063513727735
    efficiency: 0.905899
    discharge_ratio: 2
    depth_of_discharge: 0.9
  Pb-acid:
    cost: 176.877
    lifetime: 17.4896
    annual_cost: 10.1132673131461
    efficiency: 0.66682
    discharge_ratio: 5
    depth_of_discharge: 0.5
  VRBF:
    cost: 365.601
    lifetime: 20.1914
    annual_cost: 18.10676822805749
    efficiency: 0.732951
    discharge_ratio: 0.5
    depth_of_discharge: 1.0
