cost_values:
  wind_capex: 5000.0
  wind_opex: 100
  wind_lifetime: 20
  solar_capex: 1000.0
  solar_opex: 10
  solar_lifetime: 20
  carbon_price: 1.0
timeseries_values:
  load_level: 236149.62760355003
  wind_year: 2014
  solar_year: 2013
  price_year: 2023
  carbon_year: 2023
storage_values:
  CAES:
    cost: 53.2558
    lifetime: 23.0958
    annual_cost: 2.3058651356523696
    efficiency: 0.557535
    discharge_ratio: 0.1
    depth_of_discharge: 0.4
  Li-ion:
    cost: 117.974
    lifetime: 23.8962
    annual_cost: 4.936935579715604
    efficiency: 0.894687
    discharge_ratio: 2
    depth_of_discharge: 0.9
  Pb-acid:
    cost: 168.58
    lifetime: 17.227
    annual_cost: 9.78580135833285
    efficiency: 0.658408
    discharge_ratio: 5
    depth_of_discharge: 0.5
  VRBF:
    cost: 315.021
    lifetime: 21.1929
    annual_cost: 14.864459323641407
    efficiency: 0.688291
    discharge_ratio: 0.5
    depth_of_discharge: 1.0
