cost_values:
  wind_capex: 5000.0
  wind_opex: 100
  wind_lifetime: 20
  solar_capex: 1000.0
  solar_opex: 10
  solar_lifetime: 20
  carbon_price: 1.0
timeseries_values:
  load_level: 236149.62760355003
  wind_year: 2014
  solar_year: 2013
  price_year: 2023
  carbon_year: 2023
storage_values:
  CAES:
    cost: 63.9301
    lifetime: 22.9578
    annual_cost: 2.78467884553398
    efficiency: 0.577382
    discharge_ratio: 0.1
    depth_of_discharge: 0.4
  Li-ion:
    cost: 146.251
    lifetime: 25.6234
    annual_cost: 5.707712481559825
    efficiency: 0.892228
    discharge_ratio: 2
    depth_of_discharge: 0.9
  Pb-acid:
    cost: 166.236
    lifetime: 17.1427
    annual_cost: 9.697188890898165
    efficiency: 0.665824
    discharge_ratio: 5
    depth_of_discharge: 0.5
  VRBF:
    cost: 314.826
    lifetime: 21.957
    annual_cost: 14.338297581636835
    efficiency: 0.706692
    discharge_ratio: 0.5
    depth_of_discharge: 1.0
