cost_values:
  wind_capex: 5000.0
  wind_opex: 100
  wind_lifetime: 20
  solar_capex: 1000.0
  solar_opex: 10
  solar_lifetime: 20
  carbon_price: 1.0
timeseries_values:
  load_level: 236149.62760355003
  wind_year: 2014
  solar_year: 2013
  price_year: 2023
  carbon_year: 2023
storage_values:
  CAES:
    cost: 53.1672
    lifetime: 22.5033
    annual_cost: 2.3626401461119038
    efficiency: 0.570976
    discharge_ratio: 0.1
    depth_of_discharge: 0.4
  Li-ion:
    cost: 154.742
    lifetime: 23.4673
    annual_cost: 6.593941356696338
    efficiency: 0.898096
    discharge_ratio: 2
    depth_of_discharge: 0.9
  Pb-acid:
    cost: 147.946
    lifetime: 16.7392
    annual_cost: 8.838295736952782
    efficiency: 0.66016
    discharge_ratio: 5
    depth_of_discharge: 0.5
  VRBF:
    cost: 323.745
    lifetime: 21.0553
    annual_cost: 15.37593859978248
    efficiency: 0.684867
    discharge_ratio: 0.5
    depth_of_discharge: 1.0
