cost_values:
  wind_capex: 5000.0
  wind_opex: 100
  wind_lifetime: 20
  solar_capex: 1000.0
  solar_opex: 10
  solar_lifetime: 20
  carbon_price: 1.0
timeseries_values:
  load_level: 244935.6241813471
  wind_year: 2017
  solar_year: 2013
  price_year: 2023
  carbon_year: 2023
storage_values:
  CAES:
    cost: 54.5416
    lifetime: 26.3192
    annual_cost: 2.072312228335208
    efficiency: 0.631163
    discharge_ratio: 0.1
    depth_of_discharge: 0.4
  Li-ion:
    cost: 178.888
    lifetime: 19.2082
    annual_cost: 9.313105861038514
    efficiency: 0.911513
    discharge_ratio: 2
    depth_of_discharge: 0.9
  Pb-acid:
    cost: 137.301
    lifetime: 6.69824
    annual_cost: 20.498071135104144
    efficiency: 0.713717
    discharge_ratio: 5
    depth_of_discharge: 0.5
  VRBF:
    cost: 285.901
    lifetime: 20.3966
    annual_cost: 14.017091083808086
    efficiency: 0.811979
    discharge_ratio: 0.5
    depth_of_discharge: 1.0
