cost_values:
  wind_capex: 5000.0
  wind_opex: 100
  wind_lifetime: 20
  solar_capex: 1000.0
  solar_opex: 10
  solar_lifetime: 20
  carbon_price: 1.0
timeseries_values:
  load_level: 244935.6241813471
  wind_year: 2017
  solar_year: 2013
  price_year: 2023
  carbon_year: 2023
storage_values:
  CAES:
    cost: 47.4464
    lifetime: 25.777
    annual_cost: 1.8406486402606974
    efficiency: 0.623232
    discharge_ratio: 0.1
    depth_of_discharge: 0.4
  Li-ion:
    cost: 194.754
    lifetime: 19.9701
    annual_cost: 9.752279658088844
    efficiency: 0.912943
    discharge_ratio: 2
    depth_of_discharge: 0.9
  Pb-acid:
    cost: 159.962
    lifetime: 7.11004
    annual_cost: 22.49804501803084
    efficiency: 0.710671
    discharge_ratio: 5
    depth_of_discharge: 0.5
  VRBF:
    cost: 270.997
    lifetime: 19.4434
    annual_cost: 13.937737227028196
    efficiency: 0.802207
    discharge_ratio: 0.5
    depth_of_discharge: 1.0
