cost_values:
  wind_capex: 5000.0
  wind_opex: 100
  wind_lifetime: 20
  solar_capex: 1000.0
  solar_opex: 10
  solar_lifetime: 20
  carbon_price: 1.0
timeseries_values:
  load_level: 244935.6241813471
  wind_year: 2017
  solar_year: 2013
  price_year: 2023
  carbon_year: 2023
storage_values:
  CAES:
    cost: 60.5771
    lifetime: 25.8472
    annual_cost: 2.3436619827292704
    efficiency: 0.614767
    discharge_ratio: 0.1
    depth_of_discharge: 0.4
  Li-ion:
    cost: 193.686
    lifetime: 20.4746
    annual_cost: 9.459818506832857
    efficiency: 0.919406
    discharge_ratio: 2
    depth_of_discharge: 0.9
  Pb-acid:
    cost: 113.391
    lifetime: 6.8041
    annual_cost: 16.665098984435854
    efficiency: 0.721016
    discharge_ratio: 5
    depth_of_discharge: 0.5
  VRBF:
    cost: 260.445
    lifetime: 20.7865
    annual_cost: 12.529526375291654
    efficiency: 0.805142
    discharge_ratio: 0.5
    depth_of_discharge: 1.0
