cost_values:
  wind_capex: 5000.0
  wind_opex: 100
  wind_lifetime: 20
  solar_capex: 1000.0
  solar_opex: 10
  solar_lifetime: 20
  carbon_price: 1.0
timeseries_values:
  load_level: 244935.6241813471
  wind_year: 2017
  solar_year: 2013
  price_year: 2023
  carbon_year: 2023
storage_values:
  CAES:
    cost: 53.7964
    lifetime: 25.4941
    annual_cost: 2.1101509761081974
    efficiency: 0.626409
    discharge_ratio: 0.1
    depth_of_discharge: 0.4
  Li-ion:
    cost: 170.924
    lifetime: 19.0573
    annual_cost: 8.968951530384683
    efficiency: 0.922259
    discharge_ratio: 2
    depth_of_discharge: 0.9
  Pb-acid:
    cost: 148.995
    lifetime: 6.64493
    annual_cost: 22.422358098580425
    efficiency: 0.723518
    discharge_ratio: 5
    depth_of_discharge: 0.5
  VRBF:
    cost: 240.488
    lifetime: 20.778
    annual_cost: 11.574164982192704
    efficiency: 0.798037
    discharge_ratio: 0.5
    depth_of_discharge: 1.0
