cost_values:
  wind_capex: 5000.0
  wind_opex: 100
  wind_lifetime: 20
  solar_capex: 1000.0
  solar_opex: 10
  solar_lifetime: 20
  carbon_price: 1.0
timeseries_values:
  load_level: 244935.6241813471
  wind_year: 2017
  solar_year: 2013
  price_year: 2023
  carbon_year: 2023
storage_values:
  CAES:
    cost: 52.139
    lifetime: 25.9928
    annual_cost: 2.0059016342987293
    efficiency: 0.628461
    discharge_ratio: 0.1
    depth_of_discharge: 0.4
  Li-ion:
    cost: 189.793
    lifetime: 18.7451
    annual_cost: 10.124939317474967
    efficiency: 0.92806
    discharge_ratio: 2
    depth_of_discharge: 0.9
  Pb-acid:
    cost: 127.747
    lifetime: 6.14782
    annual_cost: 20.779235566428422
    efficiency: 0.715306
    discharge_ratio: 5
    depth_of_discharge: 0.5
  VRBF:
    cost: 261.388
    lifetime: 20.4625
    annual_cost: 12.774001221747097
    efficiency: 0.803325
    discharge_ratio: 0.5
    depth_of_discharge: 1.0
