cost_values:
  wind_capex: 5000.0
  wind_opex: 100
  wind_lifetime: 20
  solar_capex: 1000.0
  solar_opex: 10
  solar_lifetime: 20
  carbon_price: 1.0
timeseries_values:
  load_level: 244935.6241813471
  wind_year: 2017
  solar_year: 2013
  price_year: 2023
  carbon_year: 2023
storage_values:
  CAES:
    cost: 54.2358
    lifetime: 24.0181
    annual_cost: 2.2581219996585906
    efficiency: 0.618539
    discharge_ratio: 0.1
    depth_of_discharge: 0.4
  Li-ion:
    cost: 200.786
    lifetime: 20.2513
    annual_cost: 9.914721524050307
    efficiency: 0.9216
    discharge_ratio: 2
    depth_of_discharge: 0.9
  Pb-acid:
    cost: 145.582
    lifetime: 6.58
    annual_cost: 22.124924012158054
    efficiency: 0.715406
    discharge_ratio: 5
    depth_of_discharge: 0.5
  VRBF:
    cost: 265.629
    lifetime: 19.5823
    annual_cost: 13.564749799563893
    efficiency: 0.794183
    discharge_ratio: 0.5
    depth_of_discharge: 1.0
