cost_values:
  wind_capex: 5000.0
  wind_opex: 100
  wind_lifetime: 20
  solar_capex: 1000.0
  solar_opex: 10
  solar_lifetime: 20
  carbon_price: 1.0
timeseries_values:
  load_level: 244935.6241813471
  wind_year: 2017
  solar_year: 2013
  price_year: 2023
  carbon_year: 2023
storage_values:
  CAES:
    cost: 53.8639
    lifetime: 25.3124
    annual_cost: 2.1279649499849875
    efficiency: 0.621641
    discharge_ratio: 0.1
    depth_of_discharge: 0.4
  Li-ion:
    cost: 173.86
    lifetime: 17.1104
    annual_cost: 10.161071628950815
    efficiency: 0.926394
    discharge_ratio: 2
    depth_of_discharge: 0.9
  Pb-acid:
    cost: 158.417
    lifetime: 5.17563
    annual_cost: 30.60825445404714
    efficiency: 0.72393
    discharge_ratio: 5
    depth_of_discharge: 0.5
  VRBF:
    cost: 290.119
    lifetime: 19.3174
    annual_cost: 15.018532514727656
    efficiency: 0.810296
    discharge_ratio: 0.5
    depth_of_discharge: 1.0
