cost_values:
  wind_capex: 5000.0
  wind_opex: 100
  wind_lifetime: 20
  solar_capex: 1000.0
  solar_opex: 10
  solar_lifetime: 20
  carbon_price: 1.0
timeseries_values:
  load_level: 244935.6241813471
  wind_year: 2017
  solar_year: 2013
  price_year: 2023
  carbon_year: 2023
storage_values:
  CAES:
    cost: 56.1376
    lifetime: 25.0326
    annual_cost: 2.2425796761023626
    efficiency: 0.615413
    discharge_ratio: 0.1
    depth_of_discharge: 0.4
  Li-ion:
    cost: 168.739
    lifetime: 18.1882
    annual_cost: 9.277388636588558
    efficiency: 0.915808
    discharge_ratio: 2
    depth_of_discharge: 0.9
  Pb-acid:
    cost: 155.128
    lifetime: 6.95967
    annual_cost: 22.28956257983496
    efficiency: 0.716251
    discharge_ratio: 5
    depth_of_discharge: 0.5
  VRBF:
    cost: 249.219
    lifetime: 18.4156
    annual_cost: 13.533037207584872
    efficiency: 0.821148
    discharge_ratio: 0.5
    depth_of_discharge: 1.0
