cost_values:
  wind_capex: 5000.0
  wind_opex: 100
  wind_lifetime: 20
  solar_capex: 1000.0
  solar_opex: 10
  solar_lifetime: 20
  carbon_price: 1.0
timeseries_values:
  load_level: 244935.6241813471
  wind_year: 2017
  solar_year: 2013
  price_year: 2023
  carbon_year: 2023
storage_values:
  CAES:
    cost: 51.7231
    lifetime: 26.2037
    annual_cost: 1.9738853673336207
    efficiency: 0.623086
    discharge_ratio: 0.1
    depth_of_discharge: 0.4
  Li-ion:
    cost: 212.483
    lifetime: 22.4646
    annual_cost: 9.458570372942319
    efficiency: 0.918231
    discharge_ratio: 2
    depth_of_discharge: 0.9
  Pb-acid:
    cost: 145.906
    lifetime: 6.3075
    annual_cost: 23.132144272691242
    efficiency: 0.718704
    discharge_ratio: 5
    depth_of_discharge: 0.5
  VRBF:
    cost: 274.791
    lifetime: 16.6362
    annual_cost: 16.517654272009235
    efficiency: 0.816507
    discharge_ratio: 0.5
    depth_of_discharge: 1.0
