cost_values:
  wind_capex: 5000.0
  wind_opex: 100
  wind_lifetime: 20
  solar_capex: 1000.0
  solar_opex: 10
  solar_lifetime: 20
  carbon_price: 1.0
timeseries_values:
  load_level: 244935.6241813471
  wind_year: 2017
  solar_year: 2013
  price_year: 2023
  carbon_year: 2023
storage_values:
  CAES:
    cost: 58.0519
    lifetime: 25.2346
    annual_cost: 2.3004882185570605
    efficiency: 0.630972
    discharge_ratio: 0.1
    depth_of_discharge: 0.4
  Li-ion:
    cost: 189.902
    lifetime: 19.7336
    annual_cost: 9.623282117809218
    efficiency: 0.922952
    discharge_ratio: 2
    depth_of_discharge: 0.9
  Pb-acid:
    cost: 148.107
    lifetime: 7.62645
    annual_cost: 19.420175835414906
    efficiency: 0.710676
    discharge_ratio: 5
    depth_of_discharge: 0.5
  VRBF:
    cost: 276.485
    lifetime: 17.7918
    annual_cost: 15.540024056025812
    efficiency: 0.802522
    discharge_ratio: 0.5
    depth_of_discharge: 1.0
