cost_values:
  wind_capex: 5000.0
  wind_opex: 100
  wind_lifetime: 20
  solar_capex: 1000.0
  solar_opex: 10
  solar_lifetime: 20
  carbon_price: 1.0
timeseries_values:
  load_level: 244935.6241813471
  wind_year: 2017
  solar_year: 2013
  price_year: 2023
  carbon_year: 2023
storage_values:
  CAES:
    cost: 57.4615
    lifetime: 25.4789
    annual_cost: 2.255258272531389
    efficiency: 0.620716
    discharge_ratio: 0.1
    depth_of_discharge: 0.4
  Li-ion:
    cost: 179.949
    lifetime: 19.1428
    annual_cost: 9.40034895626554
    efficiency: 0.891122
    discharge_ratio: 2
    depth_of_discharge: 0.9
  Pb-acid:
    cost: 134.014
    lifetime: 6.93131
    annual_cost: 19.33458466004262
    efficiency: 0.708578
    discharge_ratio: 5
    depth_of_discharge: 0.5
  VRBF:
    cost: 271.52
    lifetime: 18.9355
    annual_cost: 14.339204140371258
    efficiency: 0.80347
    discharge_ratio: 0.5
    depth_of_discharge: 1.0
