cost_values:
  wind_capex: 5000.0
  wind_opex: 100
  wind_lifetime: 20
  solar_capex: 1000.0
  solar_opex: 10
  solar_lifetime: 20
  carbon_price: 1.0
timeseries_values:
  load_level: 244935.6241813471
  wind_year: 2017
  solar_year: 2013
  price_year: 2023
  carbon_year: 2023
storage_values:
  CAES:
    cost: 57.7217
    lifetime: 24.6592
    annual_cost: 2.3407774785881132
    efficiency: 0.631322
    discharge_ratio: 0.1
    depth_of_discharge: 0.4
  Li-ion:
    cost: 206.908
    lifetime: 18.388
    annual_cost: 11.252338481618445
    efficiency: 0.914226
    discharge_ratio: 2
    depth_of_discharge: 0.9
  Pb-acid:
    cost: 134.363
    lifetime: 7.29937
    annual_cost: 18.40747900161247
    efficiency: 0.725625
    discharge_ratio: 5
    depth_of_discharge: 0.5
  VRBF:
    cost: 261.569
    lifetime: 17.3284
    annual_cost: 15.094815447473515
    efficiency: 0.830747
    discharge_ratio: 0.5
    depth_of_discharge: 1.0
