cost_values:
  wind_capex: 5000.0
  wind_opex: 100
  wind_lifetime: 20
  solar_capex: 1000.0
  solar_opex: 10
  solar_lifetime: 20
  carbon_price: 1.0
timeseries_values:
  load_level: 244935.6241813471
  wind_year: 2017
  solar_year: 2013
  price_year: 2023
  carbon_year: 2023
storage_values:
  CAES:
    cost: 56.4015
    lifetime: 25.113
    annual_cost: 2.245908493608888
    efficiency: 0.636499
    discharge_ratio: 0.1
    depth_of_discharge: 0.4
  Li-ion:
    cost: 166.359
    lifetime: 19.5192
    annual_cost: 8.52283905078077
    efficiency: 0.917316
    discharge_ratio: 2
    depth_of_discharge: 0.9
  Pb-acid:
    cost: 143.484
    lifetime: 7.20375
    annual_cost: 19.91795939614784
    efficiency: 0.728379
    discharge_ratio: 5
    depth_of_discharge: 0.5
  VRBF:
    cost: 270.09
    lifetime: 20.205
    annual_cost: 13.367483296213809
    efficiency: 0.786432
    discharge_ratio: 0.5
    depth_of_discharge: 1.0
