cost_values:
  wind_capex: 5000.0
  wind_opex: 100
  wind_lifetime: 20
  solar_capex: 1000.0
  solar_opex: 10
  solar_lifetime: 20
  carbon_price: 1.0
timeseries_values:
  load_level: 244935.6241813471
  wind_year: 2017
  solar_year: 2013
  price_year: 2023
  carbon_year: 2023
storage_values:
  CAES:
    cost: 54.2673
    lifetime: 25.8017
    annual_cost: 2.103245135010484
    efficiency: 0.621168
    discharge_ratio: 0.1
    depth_of_discharge: 0.4
  Li-ion:
    cost: 208.539
    lifetime: 18.6227
    annual_cost: 11.198107685781332
    efficiency: 0.901776
    discharge_ratio: 2
    depth_of_discharge: 0.9
  Pb-acid:
    cost: 147.268
    lifetime: 7.03197
    annual_cost: 20.942637696122137
    efficiency: 0.725204
    discharge_ratio: 5
    depth_of_discharge: 0.5
  VRBF:
    cost: 279.194
    lifetime: 16.726
    annual_cost: 16.69221571206505
    efficiency: 0.82481
    discharge_ratio: 0.5
    depth_of_discharge: 1.0
