cost_values:
  wind_capex: 5000.0
  wind_opex: 100
  wind_lifetime: 20
  solar_capex: 1000.0
  solar_opex: 10
  solar_lifetime: 20
  carbon_price: 1.0
timeseries_values:
  load_level: 244935.6241813471
  wind_year: 2017
  solar_year: 2013
  price_year: 2023
  carbon_year: 2023
storage_values:
  CAES:
    cost: 50.1858
    lifetime: 25.1856
    annual_cost: 1.9926386506575184
    efficiency: 0.63027
    discharge_ratio: 0.1
    depth_of_discharge: 0.4
  Li-ion:
    cost: 204.398
    lifetime: 18.5821
    annual_cost: 10.999725542322988
    efficiency: 0.91073
    discharge_ratio: 2
    depth_of_discharge: 0.9
  Pb-acid:
    cost: 123.364
    lifetime: 6.09495
    annual_cost: 20.240362923403804
    efficiency: 0.718033
    discharge_ratio: 5
    depth_of_discharge: 0.5
  VRBF:
    cost: 270.562
    lifetime: 18.6035
    annual_cost: 14.543607385706991
    efficiency: 0.813535
    discharge_ratio: 0.5
    depth_of_discharge: 1.0
