cost_values:
  wind_capex: 5000.0
  wind_opex: 100
  wind_lifetime: 20
  solar_capex: 1000.0
  solar_opex: 10
  solar_lifetime: 20
  carbon_price: 1.0
timeseries_values:
  load_level: 244935.6241813471
  wind_year: 2017
  solar_year: 2013
  price_year: 2023
  carbon_year: 2023
storage_values:
  CAES:
    cost: 61.4575
    lifetime: 25.9152
    annual_cost: 2.371484688522566
    efficiency: 0.627989
    discharge_ratio: 0.1
    depth_of_discharge: 0.4
  Li-ion:
    cost: 178.612
    lifetime: 18.5572
    annual_cost: 9.624943418188087
    efficiency: 0.912828
    discharge_ratio: 2
    depth_of_discharge: 0.9
  Pb-acid:
    cost: 130.305
    lifetime: 7.01137
    annual_cost: 18.584812953816446
    efficiency: 0.713689
    discharge_ratio: 5
    depth_of_discharge: 0.5
  VRBF:
    cost: 230.139
    lifetime: 17.7765
    annual_cost: 12.946249261665685
    efficiency: 0.807324
    discharge_ratio: 0.5
    depth_of_discharge: 1.0
