cost_values:
  wind_capex: 5000.0
  wind_opex: 100
  wind_lifetime: 20
  solar_capex: 1000.0
  solar_opex: 10
  solar_lifetime: 20
  carbon_price: 1.0
timeseries_values:
  load_level: 244935.6241813471
  wind_year: 2017
  solar_year: 2013
  price_year: 2023
  carbon_year: 2023
storage_values:
  CAES:
    cost: 55.3696
    lifetime: 24.8026
    annual_cost: 2.232411118189222
    efficiency: 0.62341
    discharge_ratio: 0.1
    depth_of_discharge: 0.4
  Li-ion:
    cost: 187.016
    lifetime: 19.0861
    annual_cost: 9.798544490493082
    efficiency: 0.928794
    discharge_ratio: 2
    depth_of_discharge: 0.9
  Pb-acid:
    cost: 137.704
    lifetime: 6.22001
    annual_cost: 22.138871159371128
    efficiency: 0.707631
    discharge_ratio: 5
    depth_of_discharge: 0.5
  VRBF:
    cost: 247.473
    lifetime: 20.6043
    annual_cost: 12.010745329858333
    efficiency: 0.811948
    discharge_ratio: 0.5
    depth_of_discharge: 1.0
