cost_values:
  wind_capex: 5000.0
  wind_opex: 100
  wind_lifetime: 20
  solar_capex: 1000.0
  solar_opex: 10
  solar_lifetime: 20
  carbon_price: 1.0
timeseries_values:
  load_level: 244935.6241813471
  wind_year: 2017
  solar_year: 2013
  price_year: 2023
  carbon_year: 2023
storage_values:
  CAES:
    cost: 60.0527
    lifetime: 25.8967
    annual_cost: 2.318932528082729
    efficiency: 0.624691
    discharge_ratio: 0.1
    depth_of_discharge: 0.4
  Li-ion:
    cost: 177.263
    lifetime: 18.4639
    annual_cost: 9.600517767102293
    efficiency: 0.920689
    discharge_ratio: 2
    depth_of_discharge: 0.9
  Pb-acid:
    cost: 156.086
    lifetime: 7.68438
    annual_cost: 20.312113664342473
    efficiency: 0.710512
    discharge_ratio: 5
    depth_of_discharge: 0.5
  VRBF:
    cost: 267.963
    lifetime: 19.748
    annual_cost: 13.569120923637836
    efficiency: 0.799121
    discharge_ratio: 0.5
    depth_of_discharge: 1.0
