cost_values:
  wind_capex: 5000.0
  wind_opex: 100
  wind_lifetime: 20
  solar_capex: 1000.0
  solar_opex: 10
  solar_lifetime: 20
  carbon_price: 1.0
timeseries_values:
  load_level: 244935.6241813471
  wind_year: 2017
  solar_year: 2013
  price_year: 2023
  carbon_year: 2023
storage_values:
  CAES:
    cost: 52.0616
    lifetime: 25.0668
    annual_cost: 2.076914484497423
    efficiency: 0.62912
    discharge_ratio: 0.1
    depth_of_discharge: 0.4
  Li-ion:
    cost: 179.817
    lifetime: 19.7149
    annual_cost: 9.120867972954466
    efficiency: 0.907325
    discharge_ratio: 2
    depth_of_discharge: 0.9
  Pb-acid:
    cost: 139.725
    lifetime: 6.05161
    annual_cost: 23.088897004268283
    efficiency: 0.713009
    discharge_ratio: 5
    depth_of_discharge: 0.5
  VRBF:
    cost: 261.745
    lifetime: 16.8608
    annual_cost: 15.523877870563673
    efficiency: 0.816854
    discharge_ratio: 0.5
    depth_of_discharge: 1.0
