cost_values:
  wind_capex: 5000.0
  wind_opex: 100
  wind_lifetime: 20
  solar_capex: 1000.0
  solar_opex: 10
  solar_lifetime: 20
  carbon_price: 1.0
timeseries_values:
  load_level: 244935.6241813471
  wind_year: 2017
  solar_year: 2013
  price_year: 2023
  carbon_year: 2023
storage_values:
  CAES:
    cost: 54.1966
    lifetime: 26.8021
    annual_cost: 2.0221027456803755
    efficiency: 0.615459
    discharge_ratio: 0.1
    depth_of_discharge: 0.4
  Li-ion:
    cost: 185.497
    lifetime: 20.5948
    annual_cost: 9.006982345057978
    efficiency: 0.907055
    discharge_ratio: 2
    depth_of_discharge: 0.9
  Pb-acid:
    cost: 142.955
    lifetime: 5.97786
    annual_cost: 23.914076274787302
    efficiency: 0.716416
    discharge_ratio: 5
    depth_of_discharge: 0.5
  VRBF:
    cost: 281.098
    lifetime: 20.3923
    annual_cost: 13.784516704834669
    efficiency: 0.814189
    discharge_ratio: 0.5
    depth_of_discharge: 1.0
