cost_values:
  wind_capex: 5000.0
  wind_opex: 100
  wind_lifetime: 20
  solar_capex: 1000.0
  solar_opex: 10
  solar_lifetime: 20
  carbon_price: 1.0
timeseries_values:
  load_level: 244935.6241813471
  wind_year: 2017
  solar_year: 2013
  price_year: 2023
  carbon_year: 2023
storage_values:
  CAES:
    cost: 53.5491
    lifetime: 25.0673
    annual_cost: 2.13621331375936
    efficiency: 0.62723
    discharge_ratio: 0.1
    depth_of_discharge: 0.4
  Li-ion:
    cost: 168.56
    lifetime: 18.3944
    annual_cost: 9.163658504762319
    efficiency: 0.912578
    discharge_ratio: 2
    depth_of_discharge: 0.9
  Pb-acid:
    cost: 135.37
    lifetime: 5.90356
    annual_cost: 22.930231927853704
    efficiency: 0.720856
    discharge_ratio: 5
    depth_of_discharge: 0.5
  VRBF:
    cost: 300.401
    lifetime: 19.5923
    annual_cost: 15.332605156107245
    efficiency: 0.824609
    discharge_ratio: 0.5
    depth_of_discharge: 1.0
