cost_values:
  wind_capex: 5000.0
  wind_opex: 100
  wind_lifetime: 20
  solar_capex: 1000.0
  solar_opex: 10
  solar_lifetime: 20
  carbon_price: 1.0
timeseries_values:
  load_level: 244935.6241813471
  wind_year: 2017
  solar_year: 2013
  price_year: 2023
  carbon_year: 2023
storage_values:
  CAES:
    cost: 64.0501
    lifetime: 25.4177
    annual_cost: 2.5199014859723734
    efficiency: 0.631071
    discharge_ratio: 0.1
    depth_of_discharge: 0.4
  Li-ion:
    cost: 173.912
    lifetime: 18.5634
    annual_cost: 9.368542400637814
    efficiency: 0.919867
    discharge_ratio: 2
    depth_of_discharge: 0.9
  Pb-acid:
    cost: 163.408
    lifetime: 7.8578
    annual_cost: 20.795642546259767
    efficiency: 0.707986
    discharge_ratio: 5
    depth_of_discharge: 0.5
  VRBF:
    cost: 273.612
    lifetime: 18.8323
    annual_cost: 14.528867955586945
    efficiency: 0.80392
    discharge_ratio: 0.5
    depth_of_discharge: 1.0
