cost_values:
  wind_capex: 5000.0
  wind_opex: 100
  wind_lifetime: 20
  solar_capex: 1000.0
  solar_opex: 10
  solar_lifetime: 20
  carbon_price: 1.0
timeseries_values:
  load_level: 244935.6241813471
  wind_year: 2017
  solar_year: 2013
  price_year: 2023
  carbon_year: 2023
storage_values:
  CAES:
    cost: 54.8252
    lifetime: 25.6355
    annual_cost: 2.138643677712547
    efficiency: 0.63604
    discharge_ratio: 0.1
    depth_of_discharge: 0.4
  Li-ion:
    cost: 185.829
    lifetime: 19.1078
    annual_cost: 9.725295429091785
    efficiency: 0.915405
    discharge_ratio: 2
    depth_of_discharge: 0.9
  Pb-acid:
    cost: 135.227
    lifetime: 6.79712
    annual_cost: 19.894749540982065
    efficiency: 0.705865
    discharge_ratio: 5
    depth_of_discharge: 0.5
  VRBF:
    cost: 274.938
    lifetime: 18.2917
    annual_cost: 15.030751652388789
    efficiency: 0.815596
    discharge_ratio: 0.5
    depth_of_discharge: 1.0
