cost_values:
  wind_capex: 5000.0
  wind_opex: 100
  wind_lifetime: 20
  solar_capex: 1000.0
  solar_opex: 10
  solar_lifetime: 20
  carbon_price: 1.0
timeseries_values:
  load_level: 244935.6241813471
  wind_year: 2017
  solar_year: 2013
  price_year: 2023
  carbon_year: 2023
storage_values:
  CAES:
    cost: 60.1522
    lifetime: 25.9218
    annual_cost: 2.3205255807852847
    efficiency: 0.615378
    discharge_ratio: 0.1
    depth_of_discharge: 0.4
  Li-ion:
    cost: 161.528
    lifetime: 21.4202
    annual_cost: 7.5409193191473465
    efficiency: 0.914975
    discharge_ratio: 2
    depth_of_discharge: 0.9
  Pb-acid:
    cost: 135.24
    lifetime: 6.21425
    annual_cost: 21.76288369473388
    efficiency: 0.721318
    discharge_ratio: 5
    depth_of_discharge: 0.5
  VRBF:
    cost: 280.422
    lifetime: 17.6706
    annual_cost: 15.869410206784151
    efficiency: 0.804708
    discharge_ratio: 0.5
    depth_of_discharge: 1.0
