cost_values:
  wind_capex: 5000.0
  wind_opex: 100
  wind_lifetime: 20
  solar_capex: 1000.0
  solar_opex: 10
  solar_lifetime: 20
  carbon_price: 1.0
timeseries_values:
  load_level: 244935.6241813471
  wind_year: 2017
  solar_year: 2013
  price_year: 2023
  carbon_year: 2023
storage_values:
  CAES:
    cost: 51.512
    lifetime: 26.2364
    annual_cost: 1.963379122135659
    efficiency: 0.631786
    discharge_ratio: 0.1
    depth_of_discharge: 0.4
  Li-ion:
    cost: 192.108
    lifetime: 18.8135
    annual_cost: 10.211178143354505
    efficiency: 0.905882
    discharge_ratio: 2
    depth_of_discharge: 0.9
  Pb-acid:
    cost: 143.66
    lifetime: 6.79769
    annual_cost: 21.133649813392488
    efficiency: 0.708636
    discharge_ratio: 5
    depth_of_discharge: 0.5
  VRBF:
    cost: 246.772
    lifetime: 17.2074
    annual_cost: 14.341039320292431
    efficiency: 0.811439
    discharge_ratio: 0.5
    depth_of_discharge: 1.0
