cost_values:
  wind_capex: 5000.0
  wind_opex: 100
  wind_lifetime: 20
  solar_capex: 1000.0
  solar_opex: 10
  solar_lifetime: 20
  carbon_price: 1.0
timeseries_values:
  load_level: 244935.6241813471
  wind_year: 2017
  solar_year: 2013
  price_year: 2023
  carbon_year: 2023
storage_values:
  CAES:
    cost: 56.0813
    lifetime: 24.9826
    annual_cost: 2.244814390816008
    efficiency: 0.63226
    discharge_ratio: 0.1
    depth_of_discharge: 0.4
  Li-ion:
    cost: 194.372
    lifetime: 20.3881
    annual_cost: 9.533600482634478
    efficiency: 0.913966
    discharge_ratio: 2
    depth_of_discharge: 0.9
  Pb-acid:
    cost: 130.055
    lifetime: 6.27737
    annual_cost: 20.718071421630395
    efficiency: 0.71111
    discharge_ratio: 5
    depth_of_discharge: 0.5
  VRBF:
    cost: 257.787
    lifetime: 19.9588
    annual_cost: 12.915956871154577
    efficiency: 0.820908
    discharge_ratio: 0.5
    depth_of_discharge: 1.0
