cost_values:
  wind_capex: 5000.0
  wind_opex: 100
  wind_lifetime: 20
  solar_capex: 1000.0
  solar_opex: 10
  solar_lifetime: 20
  carbon_price: 1.0
timeseries_values:
  load_level: 244935.6241813471
  wind_year: 2017
  solar_year: 2013
  price_year: 2023
  carbon_year: 2023
storage_values:
  CAES:
    cost: 57.2158
    lifetime: 24.9401
    annual_cost: 2.294128732442933
    efficiency: 0.633027
    discharge_ratio: 0.1
    depth_of_discharge: 0.4
  Li-ion:
    cost: 181.682
    lifetime: 21.7046
    annual_cost: 8.370667969001962
    efficiency: 0.923192
    discharge_ratio: 2
    depth_of_discharge: 0.9
  Pb-acid:
    cost: 153.982
    lifetime: 5.76919
    annual_cost: 26.69040194550708
    efficiency: 0.731186
    discharge_ratio: 5
    depth_of_discharge: 0.5
  VRBF:
    cost: 274.19
    lifetime: 18.7635
    annual_cost: 14.612945346017533
    efficiency: 0.838977
    discharge_ratio: 0.5
    depth_of_discharge: 1.0
