cost_values:
  wind_capex: 5000.0
  wind_opex: 100
  wind_lifetime: 20
  solar_capex: 1000.0
  solar_opex: 10
  solar_lifetime: 20
  carbon_price: 1.0
timeseries_values:
  load_level: 244935.6241813471
  wind_year: 2017
  solar_year: 2013
  price_year: 2023
  carbon_year: 2023
storage_values:
  CAES:
    cost: 54.0226
    lifetime: 25.5232
    annual_cost: 2.1166076354062184
    efficiency: 0.621317
    discharge_ratio: 0.1
    depth_of_discharge: 0.4
  Li-ion:
    cost: 191.324
    lifetime: 20.8256
    annual_cost: 9.186962200368777
    efficiency: 0.919586
    discharge_ratio: 2
    depth_of_discharge: 0.9
  Pb-acid:
    cost: 158.488
    lifetime: 7.31262
    annual_cost: 21.673216986524665
    efficiency: 0.723484
    discharge_ratio: 5
    depth_of_discharge: 0.5
  VRBF:
    cost: 255.455
    lifetime: 19.0913
    annual_cost: 13.380702204669143
    efficiency: 0.813821
    discharge_ratio: 0.5
    depth_of_discharge: 1.0
