cost_values:
  wind_capex: 5000.0
  wind_opex: 100
  wind_lifetime: 20
  solar_capex: 1000.0
  solar_opex: 10
  solar_lifetime: 20
  carbon_price: 1.0
timeseries_values:
  load_level: 244935.6241813471
  wind_year: 2017
  solar_year: 2013
  price_year: 2023
  carbon_year: 2023
storage_values:
  CAES:
    cost: 60.6548
    lifetime: 24.4459
    annual_cost: 2.4811849839850444
    efficiency: 0.631143
    discharge_ratio: 0.1
    depth_of_discharge: 0.4
  Li-ion:
    cost: 178.867
    lifetime: 18.0503
    annual_cost: 9.9093643872955
    efficiency: 0.914106
    discharge_ratio: 2
    depth_of_discharge: 0.9
  Pb-acid:
    cost: 155.181
    lifetime: 8.27671
    annual_cost: 18.74911649677227
    efficiency: 0.705894
    discharge_ratio: 5
    depth_of_discharge: 0.5
  VRBF:
    cost: 264.593
    lifetime: 20.6613
    annual_cost: 12.806212581008939
    efficiency: 0.825105
    discharge_ratio: 0.5
    depth_of_discharge: 1.0
