cost_values:
  wind_capex: 5000.0
  wind_opex: 100
  wind_lifetime: 20
  solar_capex: 1000.0
  solar_opex: 10
  solar_lifetime: 20
  carbon_price: 1.0
timeseries_values:
  load_level: 244935.6241813471
  wind_year: 2017
  solar_year: 2013
  price_year: 2023
  carbon_year: 2023
storage_values:
  CAES:
    cost: 50.7499
    lifetime: 25.1526
    annual_cost: 2.0176800807868767
    efficiency: 0.627385
    discharge_ratio: 0.1
    depth_of_discharge: 0.4
  Li-ion:
    cost: 181.222
    lifetime: 20.7597
    annual_cost: 8.729509578654799
    efficiency: 0.921702
    discharge_ratio: 2
    depth_of_discharge: 0.9
  Pb-acid:
    cost: 143.989
    lifetime: 7.85801
    annual_cost: 18.32385044050593
    efficiency: 0.71781
    discharge_ratio: 5
    depth_of_discharge: 0.5
  VRBF:
    cost: 242.207
    lifetime: 18.5092
    annual_cost: 13.085762755818727
    efficiency: 0.796181
    discharge_ratio: 0.5
    depth_of_discharge: 1.0
