cost_values:
  wind_capex: 5000.0
  wind_opex: 100
  wind_lifetime: 20
  solar_capex: 1000.0
  solar_opex: 10
  solar_lifetime: 20
  carbon_price: 1.0
timeseries_values:
  load_level: 244935.6241813471
  wind_year: 2017
  solar_year: 2013
  price_year: 2023
  carbon_year: 2023
storage_values:
  CAES:
    cost: 56.6894
    lifetime: 25.4
    annual_cost: 2.2318661417322834
    efficiency: 0.626268
    discharge_ratio: 0.1
    depth_of_discharge: 0.4
  Li-ion:
    cost: 166.373
    lifetime: 22.8278
    annual_cost: 7.288174944585111
    efficiency: 0.923254
    discharge_ratio: 2
    depth_of_discharge: 0.9
  Pb-acid:
    cost: 158.992
    lifetime: 6.2965
    annual_cost: 25.250853648852537
    efficiency: 0.738225
    discharge_ratio: 5
    depth_of_discharge: 0.5
  VRBF:
    cost: 268.681
    lifetime: 17.6429
    annual_cost: 15.228845597945915
    efficiency: 0.807421
    discharge_ratio: 0.5
    depth_of_discharge: 1.0
