cost_values:
  wind_capex: 5000.0
  wind_opex: 100
  wind_lifetime: 20
  solar_capex: 1000.0
  solar_opex: 10
  solar_lifetime: 20
  carbon_price: 1.0
timeseries_values:
  load_level: 244935.6241813471
  wind_year: 2017
  solar_year: 2013
  price_year: 2023
  carbon_year: 2023
storage_values:
  CAES:
    cost: 56.6224
    lifetime: 26.1686
    annual_cost: 2.1637535061103765
    efficiency: 0.617231
    discharge_ratio: 0.1
    depth_of_discharge: 0.4
  Li-ion:
    cost: 194.745
    lifetime: 20.4168
    annual_cost: 9.538468320206889
    efficiency: 0.92784
    discharge_ratio: 2
    depth_of_discharge: 0.9
  Pb-acid:
    cost: 131.921
    lifetime: 5.49273
    annual_cost: 24.01738297713523
    efficiency: 0.728113
    discharge_ratio: 5
    depth_of_discharge: 0.5
  VRBF:
    cost: 288.615
    lifetime: 19.0643
    annual_cost: 15.139029494919825
    efficiency: 0.822478
    discharge_ratio: 0.5
    depth_of_discharge: 1.0
