cost_values:
  wind_capex: 5000.0
  wind_opex: 100
  wind_lifetime: 20
  solar_capex: 1000.0
  solar_opex: 10
  solar_lifetime: 20
  carbon_price: 1.0
timeseries_values:
  load_level: 244935.6241813471
  wind_year: 2017
  solar_year: 2013
  price_year: 2023
  carbon_year: 2023
storage_values:
  CAES:
    cost: 58.1299
    lifetime: 24.8699
    annual_cost: 2.3373596194596677
    efficiency: 0.627708
    discharge_ratio: 0.1
    depth_of_discharge: 0.4
  Li-ion:
    cost: 198.67
    lifetime: 19.9177
    annual_cost: 9.974545253719054
    efficiency: 0.905001
    discharge_ratio: 2
    depth_of_discharge: 0.9
  Pb-acid:
    cost: 132.248
    lifetime: 5.95813
    annual_cost: 22.196225997082976
    efficiency: 0.724837
    discharge_ratio: 5
    depth_of_discharge: 0.5
  VRBF:
    cost: 296.93
    lifetime: 20.4689
    annual_cost: 14.50639751036939
    efficiency: 0.807204
    discharge_ratio: 0.5
    depth_of_discharge: 1.0
