cost_values:
  wind_capex: 5000.0
  wind_opex: 100
  wind_lifetime: 20
  solar_capex: 1000.0
  solar_opex: 10
  solar_lifetime: 20
  carbon_price: 1.0
timeseries_values:
  load_level: 244935.6241813471
  wind_year: 2017
  solar_year: 2013
  price_year: 2023
  carbon_year: 2023
storage_values:
  CAES:
    cost: 57.9707
    lifetime: 24.8998
    annual_cost: 2.328159262323392
    efficiency: 0.631139
    discharge_ratio: 0.1
    depth_of_discharge: 0.4
  Li-ion:
    cost: 183.629
    lifetime: 19.5178
    annual_cost: 9.408283720501284
    efficiency: 0.924008
    discharge_ratio: 2
    depth_of_discharge: 0.9
  Pb-acid:
    cost: 156.513
    lifetime: 6.4839
    annual_cost: 24.13871281173368
    efficiency: 0.722184
    discharge_ratio: 5
    depth_of_discharge: 0.5
  VRBF:
    cost: 271.404
    lifetime: 18.3364
    annual_cost: 14.801378678475599
    efficiency: 0.799221
    discharge_ratio: 0.5
    depth_of_discharge: 1.0
