cost_values:
  wind_capex: 5000.0
  wind_opex: 100
  wind_lifetime: 20
  solar_capex: 1000.0
  solar_opex: 10
  solar_lifetime: 20
  carbon_price: 1.0
timeseries_values:
  load_level: 244935.6241813471
  wind_year: 2017
  solar_year: 2013
  price_year: 2023
  carbon_year: 2023
storage_values:
  CAES:
    cost: 52.9052
    lifetime: 24.8129
    annual_cost: 2.1321651237864176
    efficiency: 0.628934
    discharge_ratio: 0.1
    depth_of_discharge: 0.4
  Li-ion:
    cost: 163.449
    lifetime: 19.0701
    annual_cost: 8.570956628439285
    efficiency: 0.908548
    discharge_ratio: 2
    depth_of_discharge: 0.9
  Pb-acid:
    cost: 126.081
    lifetime: 6.75827
    annual_cost: 18.65580984482715
    efficiency: 0.721455
    discharge_ratio: 5
    depth_of_discharge: 0.5
  VRBF:
    cost: 243.622
    lifetime: 16.9469
    annual_cost: 14.375608518372093
    efficiency: 0.803636
    discharge_ratio: 0.5
    depth_of_discharge: 1.0
