cost_values:
  wind_capex: 5000.0
  wind_opex: 100
  wind_lifetime: 20
  solar_capex: 1000.0
  solar_opex: 10
  solar_lifetime: 20
  carbon_price: 1.0
timeseries_values:
  load_level: 244935.6241813471
  wind_year: 2017
  solar_year: 2013
  price_year: 2023
  carbon_year: 2023
storage_values:
  CAES:
    cost: 55.6554
    lifetime: 25.9893
    annual_cost: 2.1414736064457296
    efficiency: 0.62283
    discharge_ratio: 0.1
    depth_of_discharge: 0.4
  Li-ion:
    cost: 179.223
    lifetime: 21.1497
    annual_cost: 8.474020908097987
    efficiency: 0.914053
    discharge_ratio: 2
    depth_of_discharge: 0.9
  Pb-acid:
    cost: 135.521
    lifetime: 7.22629
    annual_cost: 18.75388338967852
    efficiency: 0.709446
    discharge_ratio: 5
    depth_of_discharge: 0.5
  VRBF:
    cost: 274.697
    lifetime: 16.1654
    annual_cost: 16.992898412659134
    efficiency: 0.784154
    discharge_ratio: 0.5
    depth_of_discharge: 1.0
