cost_values:
  wind_capex: 5000.0
  wind_opex: 100
  wind_lifetime: 20
  solar_capex: 1000.0
  solar_opex: 10
  solar_lifetime: 20
  carbon_price: 1.0
timeseries_values:
  load_level: 244935.6241813471
  wind_year: 2017
  solar_year: 2013
  price_year: 2023
  carbon_year: 2023
storage_values:
  CAES:
    cost: 56.4721
    lifetime: 26.0795
    annual_cost: 2.1653827719089707
    efficiency: 0.612014
    discharge_ratio: 0.1
    depth_of_discharge: 0.4
  Li-ion:
    cost: 195.02
    lifetime: 20.4429
    annual_cost: 9.53974240445338
    efficiency: 0.904594
    discharge_ratio: 2
    depth_of_discharge: 0.9
  Pb-acid:
    cost: 141.991
    lifetime: 6.37566
    annual_cost: 22.270792357183417
    efficiency: 0.727449
    discharge_ratio: 5
    depth_of_discharge: 0.5
  VRBF:
    cost: 268.087
    lifetime: 18.1312
    annual_cost: 14.78594908224497
    efficiency: 0.816881
    discharge_ratio: 0.5
    depth_of_discharge: 1.0
