cost_values:
  wind_capex: 5000.0
  wind_opex: 100
  wind_lifetime: 20
  solar_capex: 1000.0
  solar_opex: 10
  solar_lifetime: 20
  carbon_price: 1.0
timeseries_values:
  load_level: 244935.6241813471
  wind_year: 2017
  solar_year: 2013
  price_year: 2023
  carbon_year: 2023
storage_values:
  CAES:
    cost: 54.5753
    lifetime: 25.7733
    annual_cost: 2.1175130852471358
    efficiency: 0.626527
    discharge_ratio: 0.1
    depth_of_discharge: 0.4
  Li-ion:
    cost: 181.81
    lifetime: 20.5528
    annual_cost: 8.84599665252423
    efficiency: 0.912083
    discharge_ratio: 2
    depth_of_discharge: 0.9
  Pb-acid:
    cost: 141.859
    lifetime: 5.75449
    annual_cost: 24.651880531550148
    efficiency: 0.71534
    discharge_ratio: 5
    depth_of_discharge: 0.5
  VRBF:
    cost: 292.886
    lifetime: 19.6225
    annual_cost: 14.926028793476878
    efficiency: 0.818256
    discharge_ratio: 0.5
    depth_of_discharge: 1.0
