cost_values:
  wind_capex: 5000.0
  wind_opex: 100
  wind_lifetime: 20
  solar_capex: 1000.0
  solar_opex: 10
  solar_lifetime: 20
  carbon_price: 1.0
timeseries_values:
  load_level: 244935.6241813471
  wind_year: 2017
  solar_year: 2013
  price_year: 2023
  carbon_year: 2023
storage_values:
  CAES:
    cost: 61.8327
    lifetime: 25.4513
    annual_cost: 2.429451540785736
    efficiency: 0.634222
    discharge_ratio: 0.1
    depth_of_discharge: 0.4
  Li-ion:
    cost: 179.444
    lifetime: 21.0136
    annual_cost: 8.539422088552175
    efficiency: 0.910614
    discharge_ratio: 2
    depth_of_discharge: 0.9
  Pb-acid:
    cost: 129.741
    lifetime: 7.10961
    annual_cost: 18.248680307358633
    efficiency: 0.711444
    discharge_ratio: 5
    depth_of_discharge: 0.5
  VRBF:
    cost: 264.822
    lifetime: 19.7823
    annual_cost: 13.38681548657133
    efficiency: 0.818725
    discharge_ratio: 0.5
    depth_of_discharge: 1.0
