cost_values:
  wind_capex: 5000.0
  wind_opex: 100
  wind_lifetime: 20
  solar_capex: 1000.0
  solar_opex: 10
  solar_lifetime: 20
  carbon_price: 1.0
timeseries_values:
  load_level: 244935.6241813471
  wind_year: 2017
  solar_year: 2013
  price_year: 2023
  carbon_year: 2023
storage_values:
  CAES:
    cost: 58.9386
    lifetime: 26.0534
    annual_cost: 2.2622229728173675
    efficiency: 0.618135
    discharge_ratio: 0.1
    depth_of_discharge: 0.4
  Li-ion:
    cost: 189.473
    lifetime: 20.3668
    annual_cost: 9.303032386040027
    efficiency: 0.933029
    discharge_ratio: 2
    depth_of_discharge: 0.9
  Pb-acid:
    cost: 127.415
    lifetime: 5.18229
    annual_cost: 24.58662097258162
    efficiency: 0.711964
    discharge_ratio: 5
    depth_of_discharge: 0.5
  VRBF:
    cost: 275.551
    lifetime: 20.2098
    annual_cost: 13.63452384486734
    efficiency: 0.823937
    discharge_ratio: 0.5
    depth_of_discharge: 1.0
