cost_values:
  wind_capex: 5000.0
  wind_opex: 100
  wind_lifetime: 20
  solar_capex: 1000.0
  solar_opex: 10
  solar_lifetime: 20
  carbon_price: 1.0
timeseries_values:
  load_level: 244935.6241813471
  wind_year: 2017
  solar_year: 2013
  price_year: 2023
  carbon_year: 2023
storage_values:
  CAES:
    cost: 54.965
    lifetime: 25.6114
    annual_cost: 2.1461146208329107
    efficiency: 0.61818
    discharge_ratio: 0.1
    depth_of_discharge: 0.4
  Li-ion:
    cost: 185.107
    lifetime: 18.4735
    annual_cost: 10.020136952932578
    efficiency: 0.925633
    discharge_ratio: 2
    depth_of_discharge: 0.9
  Pb-acid:
    cost: 127.944
    lifetime: 7.14801
    annual_cost: 17.89924748286586
    efficiency: 0.721216
    discharge_ratio: 5
    depth_of_discharge: 0.5
  VRBF:
    cost: 247.459
    lifetime: 22.0224
    annual_cost: 11.236695364719559
    efficiency: 0.806575
    discharge_ratio: 0.5
    depth_of_discharge: 1.0
