cost_values:
  wind_capex: 5000.0
  wind_opex: 100
  wind_lifetime: 20
  solar_capex: 1000.0
  solar_opex: 10
  solar_lifetime: 20
  carbon_price: 1.0
timeseries_values:
  load_level: 244651.25050980353
  wind_year: 2015
  solar_year: 2010
  price_year: 2023
  carbon_year: 2023
storage_values:
  CAES:
    cost: 49.6752
    lifetime: 28.9688
    annual_cost: 1.7147828008063846
    efficiency: 0.589679
    discharge_ratio: 0.1
    depth_of_discharge: 0.4
  Li-ion:
    cost: 236.213
    lifetime: 16.6465
    annual_cost: 14.18994983930556
    efficiency: 0.954194
    discharge_ratio: 2
    depth_of_discharge: 0.9
  Pb-acid:
    cost: 163.275
    lifetime: 6.52639
    annual_cost: 25.017659073392796
    efficiency: 0.654772
    discharge_ratio: 5
    depth_of_discharge: 0.5
  VRBF:
    cost: 166.768
    lifetime: 14.5095
    annual_cost: 11.49371101691995
    efficiency: 0.69208
    discharge_ratio: 0.5
    depth_of_discharge: 1.0
