cost_values:
  wind_capex: 5000.0
  wind_opex: 100
  wind_lifetime: 20
  solar_capex: 1000.0
  solar_opex: 10
  solar_lifetime: 20
  carbon_price: 1.0
timeseries_values:
  load_level: 244651.25050980353
  wind_year: 2015
  solar_year: 2010
  price_year: 2023
  carbon_year: 2023
storage_values:
  CAES:
    cost: 49.646
    lifetime: 29.1398
    annual_cost: 1.703717939038703
    efficiency: 0.593301
    discharge_ratio: 0.1
    depth_of_discharge: 0.4
  Li-ion:
    cost: 245.277
    lifetime: 17.8562
    annual_cost: 13.73623727332803
    efficiency: 0.944771
    discharge_ratio: 2
    depth_of_discharge: 0.9
  Pb-acid:
    cost: 176.314
    lifetime: 6.32543
    annual_cost: 27.87383624512484
    efficiency: 0.653853
    discharge_ratio: 5
    depth_of_discharge: 0.5
  VRBF:
    cost: 149.5
    lifetime: 12.0169
    annual_cost: 12.440812522364338
    efficiency: 0.688338
    discharge_ratio: 0.5
    depth_of_discharge: 1.0
