cost_values:
  wind_capex: 5000.0
  wind_opex: 100
  wind_lifetime: 20
  solar_capex: 1000.0
  solar_opex: 10
  solar_lifetime: 20
  carbon_price: 1.0
timeseries_values:
  load_level: 244651.25050980353
  wind_year: 2015
  solar_year: 2010
  price_year: 2023
  carbon_year: 2023
storage_values:
  CAES:
    cost: 43.0455
    lifetime: 29.1959
    annual_cost: 1.4743679763254427
    efficiency: 0.59682
    discharge_ratio: 0.1
    depth_of_discharge: 0.4
  Li-ion:
    cost: 261.415
    lifetime: 19.4537
    annual_cost: 13.43780360548379
    efficiency: 0.950846
    discharge_ratio: 2
    depth_of_discharge: 0.9
  Pb-acid:
    cost: 166.98
    lifetime: 6.38857
    annual_cost: 26.137304592420527
    efficiency: 0.658261
    discharge_ratio: 5
    depth_of_discharge: 0.5
  VRBF:
    cost: 145.703
    lifetime: 13.61
    annual_cost: 10.70558412931668
    efficiency: 0.685803
    discharge_ratio: 0.5
    depth_of_discharge: 1.0
