cost_values:
  wind_capex: 5000.0
  wind_opex: 100
  wind_lifetime: 20
  solar_capex: 1000.0
  solar_opex: 10
  solar_lifetime: 20
  carbon_price: 1.0
timeseries_values:
  load_level: 244651.25050980353
  wind_year: 2015
  solar_year: 2010
  price_year: 2023
  carbon_year: 2023
storage_values:
  CAES:
    cost: 45.1505
    lifetime: 28.7438
    annual_cost: 1.5707909183893571
    efficiency: 0.590145
    discharge_ratio: 0.1
    depth_of_discharge: 0.4
  Li-ion:
    cost: 250.472
    lifetime: 18.3128
    annual_cost: 13.677427810056354
    efficiency: 0.955135
    discharge_ratio: 2
    depth_of_discharge: 0.9
  Pb-acid:
    cost: 132.962
    lifetime: 8.70341
    annual_cost: 15.277000623893393
    efficiency: 0.663637
    discharge_ratio: 5
    depth_of_discharge: 0.5
  VRBF:
    cost: 167.763
    lifetime: 14.8841
    annual_cost: 11.271289496845627
    efficiency: 0.709127
    discharge_ratio: 0.5
    depth_of_discharge: 1.0
