cost_values:
  wind_capex: 5000.0
  wind_opex: 100
  wind_lifetime: 20
  solar_capex: 1000.0
  solar_opex: 10
  solar_lifetime: 20
  carbon_price: 1.0
timeseries_values:
  load_level: 244651.25050980353
  wind_year: 2015
  solar_year: 2010
  price_year: 2023
  carbon_year: 2023
storage_values:
  CAES:
    cost: 46.756
    lifetime: 29.4169
    annual_cost: 1.5894264861355207
    efficiency: 0.591647
    discharge_ratio: 0.1
    depth_of_discharge: 0.4
  Li-ion:
    cost: 252.064
    lifetime: 17.9857
    annual_cost: 14.014689447727916
    efficiency: 0.950071
    discharge_ratio: 2
    depth_of_discharge: 0.9
  Pb-acid:
    cost: 152.57
    lifetime: 7.2709
    annual_cost: 20.98364714134426
    efficiency: 0.664011
    discharge_ratio: 5
    depth_of_discharge: 0.5
  VRBF:
    cost: 180.814
    lifetime: 13.6808
    annual_cost: 13.216624758786036
    efficiency: 0.695932
    discharge_ratio: 0.5
    depth_of_discharge: 1.0
