cost_values:
  wind_capex: 5000.0
  wind_opex: 100
  wind_lifetime: 20
  solar_capex: 1000.0
  solar_opex: 10
  solar_lifetime: 20
  carbon_price: 1.0
timeseries_values:
  load_level: 244651.25050980353
  wind_year: 2015
  solar_year: 2010
  price_year: 2023
  carbon_year: 2023
storage_values:
  CAES:
    cost: 53.7535
    lifetime: 29.1037
    annual_cost: 1.8469644753072634
    efficiency: 0.564653
    discharge_ratio: 0.1
    depth_of_discharge: 0.4
  Li-ion:
    cost: 232.049
    lifetime: 17.9372
    annual_cost: 12.936745980420579
    efficiency: 0.951347
    discharge_ratio: 2
    depth_of_discharge: 0.9
  Pb-acid:
    cost: 192.125
    lifetime: 5.81988
    annual_cost: 33.01184904156099
    efficiency: 0.658411
    discharge_ratio: 5
    depth_of_discharge: 0.5
  VRBF:
    cost: 175.267
    lifetime: 12.9558
    annual_cost: 13.528072369131971
    efficiency: 0.680838
    discharge_ratio: 0.5
    depth_of_discharge: 1.0
