cost_values:
  wind_capex: 5000.0
  wind_opex: 100
  wind_lifetime: 20
  solar_capex: 1000.0
  solar_opex: 10
  solar_lifetime: 20
  carbon_price: 1.0
timeseries_values:
  load_level: 244651.25050980353
  wind_year: 2015
  solar_year: 2010
  price_year: 2023
  carbon_year: 2023
storage_values:
  CAES:
    cost: 49.1045
    lifetime: 29.5477
    annual_cost: 1.6618721592543584
    efficiency: 0.602283
    discharge_ratio: 0.1
    depth_of_discharge: 0.4
  Li-ion:
    cost: 256.701
    lifetime: 16.9834
    annual_cost: 15.114817998751723
    efficiency: 0.945525
    discharge_ratio: 2
    depth_of_discharge: 0.9
  Pb-acid:
    cost: 146.97
    lifetime: 7.97399
    annual_cost: 18.43117435562372
    efficiency: 0.653585
    discharge_ratio: 5
    depth_of_discharge: 0.5
  VRBF:
    cost: 172.338
    lifetime: 13.5686
    annual_cost: 12.701236678802529
    efficiency: 0.698873
    discharge_ratio: 0.5
    depth_of_discharge: 1.0
