cost_values:
  wind_capex: 5000.0
  wind_opex: 100
  wind_lifetime: 20
  solar_capex: 1000.0
  solar_opex: 10
  solar_lifetime: 20
  carbon_price: 1.0
timeseries_values:
  load_level: 244651.25050980353
  wind_year: 2015
  solar_year: 2010
  price_year: 2023
  carbon_year: 2023
storage_values:
  CAES:
    cost: 46.4057
    lifetime: 29.3229
    annual_cost: 1.5825753932932964
    efficiency: 0.598266
    discharge_ratio: 0.1
    depth_of_discharge: 0.4
  Li-ion:
    cost: 249.364
    lifetime: 16.9908
    annual_cost: 14.676413117687218
    efficiency: 0.941324
    discharge_ratio: 2
    depth_of_discharge: 0.9
  Pb-acid:
    cost: 187.214
    lifetime: 6.02715
    annual_cost: 31.061778784334223
    efficiency: 0.659888
    discharge_ratio: 5
    depth_of_discharge: 0.5
  VRBF:
    cost: 187.477
    lifetime: 10.7686
    annual_cost: 17.40959827647048
    efficiency: 0.669141
    discharge_ratio: 0.5
    depth_of_discharge: 1.0
