cost_values:
  wind_capex: 5000.0
  wind_opex: 100
  wind_lifetime: 20
  solar_capex: 1000.0
  solar_opex: 10
  solar_lifetime: 20
  carbon_price: 1.0
timeseries_values:
  load_level: 244651.25050980353
  wind_year: 2015
  solar_year: 2010
  price_year: 2023
  carbon_year: 2023
storage_values:
  CAES:
    cost: 51.9851
    lifetime: 29.361
    annual_cost: 1.7705493682095297
    efficiency: 0.594491
    discharge_ratio: 0.1
    depth_of_discharge: 0.4
  Li-ion:
    cost: 250.99
    lifetime: 16.862
    annual_cost: 14.884948404696953
    efficiency: 0.940488
    discharge_ratio: 2
    depth_of_discharge: 0.9
  Pb-acid:
    cost: 164.823
    lifetime: 8.41823
    annual_cost: 19.579293984602465
    efficiency: 0.655441
    discharge_ratio: 5
    depth_of_discharge: 0.5
  VRBF:
    cost: 164.426
    lifetime: 13.5539
    annual_cost: 12.131268490987832
    efficiency: 0.711315
    discharge_ratio: 0.5
    depth_of_discharge: 1.0
