cost_values:
  wind_capex: 5000.0
  wind_opex: 100
  wind_lifetime: 20
  solar_capex: 1000.0
  solar_opex: 10
  solar_lifetime: 20
  carbon_price: 1.0
timeseries_values:
  load_level: 244651.25050980353
  wind_year: 2015
  solar_year: 2010
  price_year: 2023
  carbon_year: 2023
storage_values:
  CAES:
    cost: 47.8874
    lifetime: 29.811
    annual_cost: 1.6063667773640602
    efficiency: 0.59032
    discharge_ratio: 0.1
    depth_of_discharge: 0.4
  Li-ion:
    cost: 259.701
    lifetime: 18.8765
    annual_cost: 13.75790003443435
    efficiency: 0.937109
    discharge_ratio: 2
    depth_of_discharge: 0.9
  Pb-acid:
    cost: 162.538
    lifetime: 8.27494
    annual_cost: 19.64219680142696
    efficiency: 0.651601
    discharge_ratio: 5
    depth_of_discharge: 0.5
  VRBF:
    cost: 153.711
    lifetime: 12.9801
    annual_cost: 11.842050523493656
    efficiency: 0.701111
    discharge_ratio: 0.5
    depth_of_discharge: 1.0
