cost_values:
  wind_capex: 5000.0
  wind_opex: 100
  wind_lifetime: 20
  solar_capex: 1000.0
  solar_opex: 10
  solar_lifetime: 20
  carbon_price: 1.0
timeseries_values:
  load_level: 244651.25050980353
  wind_year: 2015
  solar_year: 2010
  price_year: 2023
  carbon_year: 2023
storage_values:
  CAES:
    cost: 54.2394
    lifetime: 28.2997
    annual_cost: 1.9166068898256872
    efficiency: 0.589979
    discharge_ratio: 0.1
    depth_of_discharge: 0.4
  Li-ion:
    cost: 230.195
    lifetime: 17.6752
    annual_cost: 13.02361500859962
    efficiency: 0.943389
    discharge_ratio: 2
    depth_of_discharge: 0.9
  Pb-acid:
    cost: 167.004
    lifetime: 6.43475
    annual_cost: 25.95345584521543
    efficiency: 0.664823
    discharge_ratio: 5
    depth_of_discharge: 0.5
  VRBF:
    cost: 144.525
    lifetime: 11.5693
    annual_cost: 12.492112746665745
    efficiency: 0.693325
    discharge_ratio: 0.5
    depth_of_discharge: 1.0
