cost_values:
  wind_capex: 5000.0
  wind_opex: 100
  wind_lifetime: 20
  solar_capex: 1000.0
  solar_opex: 10
  solar_lifetime: 20
  carbon_price: 1.0
timeseries_values:
  load_level: 244651.25050980353
  wind_year: 2015
  solar_year: 2010
  price_year: 2023
  carbon_year: 2023
storage_values:
  CAES:
    cost: 52.5006
    lifetime: 28.1284
    annual_cost: 1.8664623654384893
    efficiency: 0.58057
    discharge_ratio: 0.1
    depth_of_discharge: 0.4
  Li-ion:
    cost: 253.753
    lifetime: 17.7562
    annual_cost: 14.290951892859958
    efficiency: 0.94185
    discharge_ratio: 2
    depth_of_discharge: 0.9
  Pb-acid:
    cost: 162.707
    lifetime: 5.48056
    annual_cost: 29.688024581429637
    efficiency: 0.651486
    discharge_ratio: 5
    depth_of_discharge: 0.5
  VRBF:
    cost: 182.803
    lifetime: 14.373
    annual_cost: 12.718499965212551
    efficiency: 0.723008
    discharge_ratio: 0.5
    depth_of_discharge: 1.0
