cost_values:
  wind_capex: 5000.0
  wind_opex: 100
  wind_lifetime: 20
  solar_capex: 1000.0
  solar_opex: 10
  solar_lifetime: 20
  carbon_price: 1.0
timeseries_values:
  load_level: 244651.25050980353
  wind_year: 2015
  solar_year: 2010
  price_year: 2023
  carbon_year: 2023
storage_values:
  CAES:
    cost: 43.7151
    lifetime: 29.6091
    annual_cost: 1.4764075909095513
    efficiency: 0.590211
    discharge_ratio: 0.1
    depth_of_discharge: 0.4
  Li-ion:
    cost: 283.534
    lifetime: 18.3094
    annual_cost: 15.485706795416561
    efficiency: 0.940015
    discharge_ratio: 2
    depth_of_discharge: 0.9
  Pb-acid:
    cost: 144.796
    lifetime: 9.40369
    annual_cost: 15.397785337457956
    efficiency: 0.668915
    discharge_ratio: 5
    depth_of_discharge: 0.5
  VRBF:
    cost: 207.905
    lifetime: 10.9699
    annual_cost: 18.952314970966004
    efficiency: 0.695732
    discharge_ratio: 0.5
    depth_of_discharge: 1.0
