cost_values:
  wind_capex: 5000.0
  wind_opex: 100
  wind_lifetime: 20
  solar_capex: 1000.0
  solar_opex: 10
  solar_lifetime: 20
  carbon_price: 1.0
timeseries_values:
  load_level: 244651.25050980353
  wind_year: 2015
  solar_year: 2010
  price_year: 2023
  carbon_year: 2023
storage_values:
  CAES:
    cost: 48.7002
    lifetime: 29.5601
    annual_cost: 1.6474978095473292
    efficiency: 0.582681
    discharge_ratio: 0.1
    depth_of_discharge: 0.4
  Li-ion:
    cost: 235.939
    lifetime: 18.2518
    annual_cost: 12.92688940268905
    efficiency: 0.948607
    discharge_ratio: 2
    depth_of_discharge: 0.9
  Pb-acid:
    cost: 157.11
    lifetime: 5.5645
    annual_cost: 28.234342708239737
    efficiency: 0.654837
    discharge_ratio: 5
    depth_of_discharge: 0.5
  VRBF:
    cost: 149.31
    lifetime: 13.5533
    annual_cost: 11.016505205374337
    efficiency: 0.698119
    discharge_ratio: 0.5
    depth_of_discharge: 1.0
