cost_values:
  wind_capex: 5000.0
  wind_opex: 100
  wind_lifetime: 20
  solar_capex: 1000.0
  solar_opex: 10
  solar_lifetime: 20
  carbon_price: 1.0
timeseries_values:
  load_level: 244651.25050980353
  wind_year: 2015
  solar_year: 2010
  price_year: 2023
  carbon_year: 2023
storage_values:
  CAES:
    cost: 46.7984
    lifetime: 29.9992
    annual_cost: 1.5599882663537696
    efficiency: 0.581324
    discharge_ratio: 0.1
    depth_of_discharge: 0.4
  Li-ion:
    cost: 256.907
    lifetime: 17.1013
    annual_cost: 15.022659096092111
    efficiency: 0.957427
    discharge_ratio: 2
    depth_of_discharge: 0.9
  Pb-acid:
    cost: 143.345
    lifetime: 8.73127
    annual_cost: 16.417428392433173
    efficiency: 0.664335
    discharge_ratio: 5
    depth_of_discharge: 0.5
  VRBF:
    cost: 184.81
    lifetime: 12.5638
    annual_cost: 14.709721581050319
    efficiency: 0.692041
    discharge_ratio: 0.5
    depth_of_discharge: 1.0
