cost_values:
  wind_capex: 5000.0
  wind_opex: 100
  wind_lifetime: 20
  solar_capex: 1000.0
  solar_opex: 10
  solar_lifetime: 20
  carbon_price: 1.0
timeseries_values:
  load_level: 244651.25050980353
  wind_year: 2015
  solar_year: 2010
  price_year: 2023
  carbon_year: 2023
storage_values:
  CAES:
    cost: 42.0635
    lifetime: 28.8739
    annual_cost: 1.456800085890718
    efficiency: 0.595089
    discharge_ratio: 0.1
    depth_of_discharge: 0.4
  Li-ion:
    cost: 234.727
    lifetime: 17.4284
    annual_cost: 13.468075095820614
    efficiency: 0.951141
    discharge_ratio: 2
    depth_of_discharge: 0.9
  Pb-acid:
    cost: 157.735
    lifetime: 7.41325
    annual_cost: 21.27744241729336
    efficiency: 0.650041
    discharge_ratio: 5
    depth_of_discharge: 0.5
  VRBF:
    cost: 194.346
    lifetime: 14.4152
    annual_cost: 13.482018979965591
    efficiency: 0.723992
    discharge_ratio: 0.5
    depth_of_discharge: 1.0
