cost_values:
  wind_capex: 5000.0
  wind_opex: 100
  wind_lifetime: 20
  solar_capex: 1000.0
  solar_opex: 10
  solar_lifetime: 20
  carbon_price: 1.0
timeseries_values:
  load_level: 244651.25050980353
  wind_year: 2015
  solar_year: 2010
  price_year: 2023
  carbon_year: 2023
storage_values:
  CAES:
    cost: 55.4902
    lifetime: 29.695
    annual_cost: 1.8686714935174271
    efficiency: 0.594487
    discharge_ratio: 0.1
    depth_of_discharge: 0.4
  Li-ion:
    cost: 239.781
    lifetime: 15.3046
    annual_cost: 15.667250369170054
    efficiency: 0.951512
    discharge_ratio: 2
    depth_of_discharge: 0.9
  Pb-acid:
    cost: 152.963
    lifetime: 6.16049
    annual_cost: 24.829680755913895
    efficiency: 0.663052
    discharge_ratio: 5
    depth_of_discharge: 0.5
  VRBF:
    cost: 154.248
    lifetime: 12.0764
    annual_cost: 12.77268060017886
    efficiency: 0.709904
    discharge_ratio: 0.5
    depth_of_discharge: 1.0
