cost_values:
  wind_capex: 5000.0
  wind_opex: 100
  wind_lifetime: 20
  solar_capex: 1000.0
  solar_opex: 10
  solar_lifetime: 20
  carbon_price: 1.0
timeseries_values:
  load_level: 244651.25050980353
  wind_year: 2015
  solar_year: 2010
  price_year: 2023
  carbon_year: 2023
storage_values:
  CAES:
    cost: 47.0271
    lifetime: 29.6258
    annual_cost: 1.5873697925456864
    efficiency: 0.593878
    discharge_ratio: 0.1
    depth_of_discharge: 0.4
  Li-ion:
    cost: 254.666
    lifetime: 17.6216
    annual_cost: 14.451922640395876
    efficiency: 0.952576
    discharge_ratio: 2
    depth_of_discharge: 0.9
  Pb-acid:
    cost: 172.016
    lifetime: 6.04418
    annual_cost: 28.459774526900258
    efficiency: 0.66045
    discharge_ratio: 5
    depth_of_discharge: 0.5
  VRBF:
    cost: 183.194
    lifetime: 11.9621
    annual_cost: 15.314535073273086
    efficiency: 0.71581
    discharge_ratio: 0.5
    depth_of_discharge: 1.0
