cost_values:
  wind_capex: 5000.0
  wind_opex: 100
  wind_lifetime: 20
  solar_capex: 1000.0
  solar_opex: 10
  solar_lifetime: 20
  carbon_price: 1.0
timeseries_values:
  load_level: 244651.25050980353
  wind_year: 2015
  solar_year: 2010
  price_year: 2023
  carbon_year: 2023
storage_values:
  CAES:
    cost: 47.1093
    lifetime: 28.9769
    annual_cost: 1.6257536175367273
    efficiency: 0.597154
    discharge_ratio: 0.1
    depth_of_discharge: 0.4
  Li-ion:
    cost: 234.185
    lifetime: 15.3179
    annual_cost: 15.288322811873691
    efficiency: 0.949264
    discharge_ratio: 2
    depth_of_discharge: 0.9
  Pb-acid:
    cost: 161.894
    lifetime: 7.49207
    annual_cost: 21.608714280565987
    efficiency: 0.661264
    discharge_ratio: 5
    depth_of_discharge: 0.5
  VRBF:
    cost: 193.812
    lifetime: 13.6967
    annual_cost: 14.150269773011019
    efficiency: 0.703194
    discharge_ratio: 0.5
    depth_of_discharge: 1.0
