cost_values:
  wind_capex: 5000.0
  wind_opex: 100
  wind_lifetime: 20
  solar_capex: 1000.0
  solar_opex: 10
  solar_lifetime: 20
  carbon_price: 1.0
timeseries_values:
  load_level: 244651.25050980353
  wind_year: 2015
  solar_year: 2010
  price_year: 2023
  carbon_year: 2023
storage_values:
  CAES:
    cost: 47.7538
    lifetime: 29.0453
    annual_cost: 1.644114538324617
    efficiency: 0.589214
    discharge_ratio: 0.1
    depth_of_discharge: 0.4
  Li-ion:
    cost: 256.885
    lifetime: 18.0668
    annual_cost: 14.218622002789646
    efficiency: 0.934462
    discharge_ratio: 2
    depth_of_discharge: 0.9
  Pb-acid:
    cost: 171.187
    lifetime: 7.47484
    annual_cost: 22.90176110793007
    efficiency: 0.650899
    discharge_ratio: 5
    depth_of_discharge: 0.5
  VRBF:
    cost: 179.999
    lifetime: 11.6632
    annual_cost: 15.433071541257974
    efficiency: 0.700988
    discharge_ratio: 0.5
    depth_of_discharge: 1.0
