cost_values:
  wind_capex: 5000.0
  wind_opex: 100
  wind_lifetime: 20
  solar_capex: 1000.0
  solar_opex: 10
  solar_lifetime: 20
  carbon_price: 1.0
timeseries_values:
  load_level: 244651.25050980353
  wind_year: 2015
  solar_year: 2010
  price_year: 2023
  carbon_year: 2023
storage_values:
  CAES:
    cost: 43.9932
    lifetime: 28.6383
    annual_cost: 1.5361666020678602
    efficiency: 0.598084
    discharge_ratio: 0.1
    depth_of_discharge: 0.4
  Li-ion:
    cost: 257.105
    lifetime: 14.943
    annual_cost: 17.20571505052533
    efficiency: 0.951798
    discharge_ratio: 2
    depth_of_discharge: 0.9
  Pb-acid:
    cost: 143.747
    lifetime: 6.82244
    annual_cost: 21.06973458176254
    efficiency: 0.651367
    discharge_ratio: 5
    depth_of_discharge: 0.5
  VRBF:
    cost: 149.997
    lifetime: 11.2672
    annual_cost: 13.312713007668277
    efficiency: 0.699864
    discharge_ratio: 0.5
    depth_of_discharge: 1.0
