cost_values:
  wind_capex: 5000.0
  wind_opex: 100
  wind_lifetime: 20
  solar_capex: 1000.0
  solar_opex: 10
  solar_lifetime: 20
  carbon_price: 1.0
timeseries_values:
  load_level: 244651.25050980353
  wind_year: 2015
  solar_year: 2010
  price_year: 2023
  carbon_year: 2023
storage_values:
  CAES:
    cost: 44.0136
    lifetime: 29.9263
    annual_cost: 1.4707331009847524
    efficiency: 0.581564
    discharge_ratio: 0.1
    depth_of_discharge: 0.4
  Li-ion:
    cost: 243.802
    lifetime: 17.8327
    annual_cost: 13.671625721287299
    efficiency: 0.953884
    discharge_ratio: 2
    depth_of_discharge: 0.9
  Pb-acid:
    cost: 140.99
    lifetime: 5.77046
    annual_cost: 24.433060795846433
    efficiency: 0.655367
    discharge_ratio: 5
    depth_of_discharge: 0.5
  VRBF:
    cost: 117.304
    lifetime: 12.0887
    annual_cost: 9.703607501220148
    efficiency: 0.688237
    discharge_ratio: 0.5
    depth_of_discharge: 1.0
