cost_values:
  wind_capex: 5000.0
  wind_opex: 100
  wind_lifetime: 20
  solar_capex: 1000.0
  solar_opex: 10
  solar_lifetime: 20
  carbon_price: 1.0
timeseries_values:
  load_level: 244651.25050980353
  wind_year: 2015
  solar_year: 2010
  price_year: 2023
  carbon_year: 2023
storage_values:
  CAES:
    cost: 53.2254
    lifetime: 29.8742
    annual_cost: 1.7816510567647001
    efficiency: 0.58309
    discharge_ratio: 0.1
    depth_of_discharge: 0.4
  Li-ion:
    cost: 260.707
    lifetime: 16.9439
    annual_cost: 15.386481270545742
    efficiency: 0.950844
    discharge_ratio: 2
    depth_of_discharge: 0.9
  Pb-acid:
    cost: 145.001
    lifetime: 7.34108
    annual_cost: 19.751998343567976
    efficiency: 0.668413
    discharge_ratio: 5
    depth_of_discharge: 0.5
  VRBF:
    cost: 208.268
    lifetime: 13.4915
    annual_cost: 15.436978838527962
    efficiency: 0.689718
    discharge_ratio: 0.5
    depth_of_discharge: 1.0
