cost_values:
  wind_capex: 5000.0
  wind_opex: 100
  wind_lifetime: 20
  solar_capex: 1000.0
  solar_opex: 10
  solar_lifetime: 20
  carbon_price: 1.0
timeseries_values:
  load_level: 244651.25050980353
  wind_year: 2015
  solar_year: 2010
  price_year: 2023
  carbon_year: 2023
storage_values:
  CAES:
    cost: 40.7417
    lifetime: 29.1438
    annual_cost: 1.397954281871273
    efficiency: 0.60341
    discharge_ratio: 0.1
    depth_of_discharge: 0.4
  Li-ion:
    cost: 244.98
    lifetime: 17.963
    annual_cost: 13.638033736012915
    efficiency: 0.940517
    discharge_ratio: 2
    depth_of_discharge: 0.9
  Pb-acid:
    cost: 144.182
    lifetime: 8.67578
    annual_cost: 16.61890919317917
    efficiency: 0.655411
    discharge_ratio: 5
    depth_of_discharge: 0.5
  VRBF:
    cost: 181.94
    lifetime: 10.7943
    annual_cost: 16.855192092122696
    efficiency: 0.699041
    discharge_ratio: 0.5
    depth_of_discharge: 1.0
