cost_values:
  wind_capex: 5000.0
  wind_opex: 100
  wind_lifetime: 20
  solar_capex: 1000.0
  solar_opex: 10
  solar_lifetime: 20
  carbon_price: 1.0
timeseries_values:
  load_level: 244651.25050980353
  wind_year: 2015
  solar_year: 2010
  price_year: 2023
  carbon_year: 2023
storage_values:
  CAES:
    cost: 44.3362
    lifetime: 28.8284
    annual_cost: 1.5379348142803624
    efficiency: 0.582828
    discharge_ratio: 0.1
    depth_of_discharge: 0.4
  Li-ion:
    cost: 248.924
    lifetime: 20.0087
    annual_cost: 12.440788257108158
    efficiency: 0.942979
    discharge_ratio: 2
    depth_of_discharge: 0.9
  Pb-acid:
    cost: 169.676
    lifetime: 6.21679
    annual_cost: 27.29318506817827
    efficiency: 0.65239
    discharge_ratio: 5
    depth_of_discharge: 0.5
  VRBF:
    cost: 195.835
    lifetime: 12.8824
    annual_cost: 15.20174812146805
    efficiency: 0.698053
    discharge_ratio: 0.5
    depth_of_discharge: 1.0
