cost_values:
  wind_capex: 5000.0
  wind_opex: 100
  wind_lifetime: 20
  solar_capex: 1000.0
  solar_opex: 10
  solar_lifetime: 20
  carbon_price: 1.0
timeseries_values:
  load_level: 244651.25050980353
  wind_year: 2015
  solar_year: 2010
  price_year: 2023
  carbon_year: 2023
storage_values:
  CAES:
    cost: 45.9906
    lifetime: 29.1966
    annual_cost: 1.5752039621051765
    efficiency: 0.577142
    discharge_ratio: 0.1
    depth_of_discharge: 0.4
  Li-ion:
    cost: 235.05
    lifetime: 15.8792
    annual_cost: 14.802382991586478
    efficiency: 0.951938
    discharge_ratio: 2
    depth_of_discharge: 0.9
  Pb-acid:
    cost: 142.411
    lifetime: 5.64295
    annual_cost: 25.23697711303485
    efficiency: 0.652355
    discharge_ratio: 5
    depth_of_discharge: 0.5
  VRBF:
    cost: 155.991
    lifetime: 12.3263
    annual_cost: 12.655135766612853
    efficiency: 0.688551
    discharge_ratio: 0.5
    depth_of_discharge: 1.0
