cost_values:
  wind_capex: 5000.0
  wind_opex: 100
  wind_lifetime: 20
  solar_capex: 1000.0
  solar_opex: 10
  solar_lifetime: 20
  carbon_price: 1.0
timeseries_values:
  load_level: 244651.25050980353
  wind_year: 2015
  solar_year: 2010
  price_year: 2023
  carbon_year: 2023
storage_values:
  CAES:
    cost: 43.382
    lifetime: 29.0904
    annual_cost: 1.4912823474410801
    efficiency: 0.593871
    discharge_ratio: 0.1
    depth_of_discharge: 0.4
  Li-ion:
    cost: 247.567
    lifetime: 16.6948
    annual_cost: 14.828988667129885
    efficiency: 0.954053
    discharge_ratio: 2
    depth_of_discharge: 0.9
  Pb-acid:
    cost: 147.59
    lifetime: 6.67369
    annual_cost: 22.115201635077447
    efficiency: 0.662078
    discharge_ratio: 5
    depth_of_discharge: 0.5
  VRBF:
    cost: 155.136
    lifetime: 11.9639
    annual_cost: 12.967009085666044
    efficiency: 0.699848
    discharge_ratio: 0.5
    depth_of_discharge: 1.0
