cost_values:
  wind_capex: 5000.0
  wind_opex: 100
  wind_lifetime: 20
  solar_capex: 1000.0
  solar_opex: 10
  solar_lifetime: 20
  carbon_price: 1.0
timeseries_values:
  load_level: 244651.25050980353
  wind_year: 2015
  solar_year: 2010
  price_year: 2023
  carbon_year: 2023
storage_values:
  CAES:
    cost: 48.0622
    lifetime: 28.4949
    annual_cost: 1.6866948120540868
    efficiency: 0.592027
    discharge_ratio: 0.1
    depth_of_discharge: 0.4
  Li-ion:
    cost: 249.965
    lifetime: 18.7564
    annual_cost: 13.326917745409567
    efficiency: 0.94232
    discharge_ratio: 2
    depth_of_discharge: 0.9
  Pb-acid:
    cost: 155.128
    lifetime: 6.99916
    annual_cost: 22.16380251344447
    efficiency: 0.659536
    discharge_ratio: 5
    depth_of_discharge: 0.5
  VRBF:
    cost: 180.548
    lifetime: 11.0181
    annual_cost: 16.386491318829925
    efficiency: 0.699301
    discharge_ratio: 0.5
    depth_of_discharge: 1.0
