cost_values:
  wind_capex: 5000.0
  wind_opex: 100
  wind_lifetime: 20
  solar_capex: 1000.0
  solar_opex: 10
  solar_lifetime: 20
  carbon_price: 1.0
timeseries_values:
  load_level: 244651.25050980353
  wind_year: 2015
  solar_year: 2010
  price_year: 2023
  carbon_year: 2023
storage_values:
  CAES:
    cost: 46.6417
    lifetime: 29.359
    annual_cost: 1.5886678701590653
    efficiency: 0.599209
    discharge_ratio: 0.1
    depth_of_discharge: 0.4
  Li-ion:
    cost: 253.119
    lifetime: 18.0683
    annual_cost: 14.009010255530404
    efficiency: 0.936094
    discharge_ratio: 2
    depth_of_discharge: 0.9
  Pb-acid:
    cost: 142.479
    lifetime: 7.25175
    annual_cost: 19.647533354017998
    efficiency: 0.656746
    discharge_ratio: 5
    depth_of_discharge: 0.5
  VRBF:
    cost: 180.099
    lifetime: 13.3014
    annual_cost: 13.539852947810004
    efficiency: 0.722873
    discharge_ratio: 0.5
    depth_of_discharge: 1.0
