cost_values:
  wind_capex: 5000.0
  wind_opex: 100
  wind_lifetime: 20
  solar_capex: 1000.0
  solar_opex: 10
  solar_lifetime: 20
  carbon_price: 1.0
timeseries_values:
  load_level: 244651.25050980353
  wind_year: 2015
  solar_year: 2010
  price_year: 2023
  carbon_year: 2023
storage_values:
  CAES:
    cost: 44.5447
    lifetime: 29.5445
    annual_cost: 1.507715480038586
    efficiency: 0.589512
    discharge_ratio: 0.1
    depth_of_discharge: 0.4
  Li-ion:
    cost: 246.734
    lifetime: 18.1668
    annual_cost: 13.581588392011803
    efficiency: 0.96239
    discharge_ratio: 2
    depth_of_discharge: 0.9
  Pb-acid:
    cost: 170.347
    lifetime: 7.74012
    annual_cost: 22.0083151165615
    efficiency: 0.655668
    discharge_ratio: 5
    depth_of_discharge: 0.5
  VRBF:
    cost: 182.091
    lifetime: 10.9401
    annual_cost: 16.644363397043904
    efficiency: 0.689895
    discharge_ratio: 0.5
    depth_of_discharge: 1.0
