cost_values:
  wind_capex: 5000.0
  wind_opex: 100
  wind_lifetime: 20
  solar_capex: 1000.0
  solar_opex: 10
  solar_lifetime: 20
  carbon_price: 1.0
timeseries_values:
  load_level: 244651.25050980353
  wind_year: 2015
  solar_year: 2010
  price_year: 2023
  carbon_year: 2023
storage_values:
  CAES:
    cost: 47.267
    lifetime: 27.815
    annual_cost: 1.6993348912457307
    efficiency: 0.594289
    discharge_ratio: 0.1
    depth_of_discharge: 0.4
  Li-ion:
    cost: 254.771
    lifetime: 18.4218
    annual_cost: 13.829864616921254
    efficiency: 0.970897
    discharge_ratio: 2
    depth_of_discharge: 0.9
  Pb-acid:
    cost: 145.475
    lifetime: 6.36464
    annual_cost: 22.856752306493377
    efficiency: 0.650251
    discharge_ratio: 5
    depth_of_discharge: 0.5
  VRBF:
    cost: 188.533
    lifetime: 11.0888
    annual_cost: 17.00211023735661
    efficiency: 0.710042
    discharge_ratio: 0.5
    depth_of_discharge: 1.0
