cost_values:
  wind_capex: 5000.0
  wind_opex: 100
  wind_lifetime: 20
  solar_capex: 1000.0
  solar_opex: 10
  solar_lifetime: 20
  carbon_price: 1.0
timeseries_values:
  load_level: 244651.25050980353
  wind_year: 2015
  solar_year: 2010
  price_year: 2023
  carbon_year: 2023
storage_values:
  CAES:
    cost: 50.6154
    lifetime: 28.3396
    annual_cost: 1.7860308543522139
    efficiency: 0.602886
    discharge_ratio: 0.1
    depth_of_discharge: 0.4
  Li-ion:
    cost: 228.163
    lifetime: 18.6647
    annual_cost: 12.224305775072732
    efficiency: 0.954295
    discharge_ratio: 2
    depth_of_discharge: 0.9
  Pb-acid:
    cost: 179.525
    lifetime: 6.70165
    annual_cost: 26.788179030537258
    efficiency: 0.658132
    discharge_ratio: 5
    depth_of_discharge: 0.5
  VRBF:
    cost: 169.217
    lifetime: 12.9287
    annual_cost: 13.088477573151208
    efficiency: 0.694434
    discharge_ratio: 0.5
    depth_of_discharge: 1.0
