cost_values:
  wind_capex: 5000.0
  wind_opex: 100
  wind_lifetime: 20
  solar_capex: 1000.0
  solar_opex: 10
  solar_lifetime: 20
  carbon_price: 1.0
timeseries_values:
  load_level: 244651.25050980353
  wind_year: 2015
  solar_year: 2010
  price_year: 2023
  carbon_year: 2023
storage_values:
  CAES:
    cost: 56.7632
    lifetime: 29.8987
    annual_cost: 1.8985173268402973
    efficiency: 0.586259
    discharge_ratio: 0.1
    depth_of_discharge: 0.4
  Li-ion:
    cost: 237.084
    lifetime: 18.0689
    annual_cost: 13.121108645241272
    efficiency: 0.946544
    discharge_ratio: 2
    depth_of_discharge: 0.9
  Pb-acid:
    cost: 147.257
    lifetime: 7.25109
    annual_cost: 20.3082571034148
    efficiency: 0.657586
    discharge_ratio: 5
    depth_of_discharge: 0.5
  VRBF:
    cost: 158.497
    lifetime: 12.1472
    annual_cost: 13.048027528977872
    efficiency: 0.692768
    discharge_ratio: 0.5
    depth_of_discharge: 1.0
