cost_values:
  wind_capex: 5000.0
  wind_opex: 100
  wind_lifetime: 20
  solar_capex: 1000.0
  solar_opex: 10
  solar_lifetime: 20
  carbon_price: 1.0
timeseries_values:
  load_level: 244651.25050980353
  wind_year: 2015
  solar_year: 2010
  price_year: 2023
  carbon_year: 2023
storage_values:
  CAES:
    cost: 43.635
    lifetime: 29.5102
    annual_cost: 1.4786412833528744
    efficiency: 0.586871
    discharge_ratio: 0.1
    depth_of_discharge: 0.4
  Li-ion:
    cost: 273.341
    lifetime: 17.2185
    annual_cost: 15.874843917879026
    efficiency: 0.948909
    discharge_ratio: 2
    depth_of_discharge: 0.9
  Pb-acid:
    cost: 152.651
    lifetime: 6.30006
    annual_cost: 24.23008669758701
    efficiency: 0.654116
    discharge_ratio: 5
    depth_of_discharge: 0.5
  VRBF:
    cost: 165.581
    lifetime: 11.8411
    annual_cost: 13.983582606345692
    efficiency: 0.690821
    discharge_ratio: 0.5
    depth_of_discharge: 1.0
