cost_values:
  wind_capex: 5000.0
  wind_opex: 100
  wind_lifetime: 20
  solar_capex: 1000.0
  solar_opex: 10
  solar_lifetime: 20
  carbon_price: 1.0
timeseries_values:
  load_level: 244651.25050980353
  wind_year: 2015
  solar_year: 2010
  price_year: 2023
  carbon_year: 2023
storage_values:
  CAES:
    cost: 45.0236
    lifetime: 29.1953
    annual_cost: 1.5421523327384887
    efficiency: 0.590618
    discharge_ratio: 0.1
    depth_of_discharge: 0.4
  Li-ion:
    cost: 244.167
    lifetime: 18.2129
    annual_cost: 13.406266986586429
    efficiency: 0.941093
    discharge_ratio: 2
    depth_of_discharge: 0.9
  Pb-acid:
    cost: 144.328
    lifetime: 6.65408
    annual_cost: 21.690151005097622
    efficiency: 0.656747
    discharge_ratio: 5
    depth_of_discharge: 0.5
  VRBF:
    cost: 196.304
    lifetime: 12.0317
    annual_cost: 16.31556637881596
    efficiency: 0.7071
    discharge_ratio: 0.5
    depth_of_discharge: 1.0
