cost_values:
  wind_capex: 5000.0
  wind_opex: 100
  wind_lifetime: 20
  solar_capex: 1000.0
  solar_opex: 10
  solar_lifetime: 20
  carbon_price: 1.0
timeseries_values:
  load_level: 244651.25050980353
  wind_year: 2015
  solar_year: 2010
  price_year: 2023
  carbon_year: 2023
storage_values:
  CAES:
    cost: 43.1577
    lifetime: 28.2473
    annual_cost: 1.527852219504165
    efficiency: 0.594863
    discharge_ratio: 0.1
    depth_of_discharge: 0.4
  Li-ion:
    cost: 252.973
    lifetime: 15.1032
    annual_cost: 16.749629217649243
    efficiency: 0.960756
    discharge_ratio: 2
    depth_of_discharge: 0.9
  Pb-acid:
    cost: 155.822
    lifetime: 7.56719
    annual_cost: 20.591791669034343
    efficiency: 0.652718
    discharge_ratio: 5
    depth_of_discharge: 0.5
  VRBF:
    cost: 164.899
    lifetime: 12.1831
    annual_cost: 13.535060862998744
    efficiency: 0.687901
    discharge_ratio: 0.5
    depth_of_discharge: 1.0
