cost_values:
  wind_capex: 5000.0
  wind_opex: 100
  wind_lifetime: 20
  solar_capex: 1000.0
  solar_opex: 10
  solar_lifetime: 20
  carbon_price: 1.0
timeseries_values:
  load_level: 244651.25050980353
  wind_year: 2015
  solar_year: 2010
  price_year: 2023
  carbon_year: 2023
storage_values:
  CAES:
    cost: 48.2917
    lifetime: 28.9882
    annual_cost: 1.6659088870643917
    efficiency: 0.594834
    discharge_ratio: 0.1
    depth_of_discharge: 0.4
  Li-ion:
    cost: 255.356
    lifetime: 19.4356
    annual_cost: 13.13857045833419
    efficiency: 0.952567
    discharge_ratio: 2
    depth_of_discharge: 0.9
  Pb-acid:
    cost: 154.834
    lifetime: 8.47644
    annual_cost: 18.26639485444361
    efficiency: 0.653681
    discharge_ratio: 5
    depth_of_discharge: 0.5
  VRBF:
    cost: 201.345
    lifetime: 12.6489
    annual_cost: 15.917984963119324
    efficiency: 0.700511
    discharge_ratio: 0.5
    depth_of_discharge: 1.0
