cost_values:
  wind_capex: 5000.0
  wind_opex: 100
  wind_lifetime: 20
  solar_capex: 1000.0
  solar_opex: 10
  solar_lifetime: 20
  carbon_price: 1.0
timeseries_values:
  load_level: 244651.25050980353
  wind_year: 2015
  solar_year: 2010
  price_year: 2023
  carbon_year: 2023
storage_values:
  CAES:
    cost: 42.8267
    lifetime: 29.5574
    annual_cost: 1.4489332620595858
    efficiency: 0.595599
    discharge_ratio: 0.1
    depth_of_discharge: 0.4
  Li-ion:
    cost: 249.699
    lifetime: 16.9243
    annual_cost: 14.753874606335271
    efficiency: 0.940332
    discharge_ratio: 2
    depth_of_discharge: 0.9
  Pb-acid:
    cost: 163.929
    lifetime: 7.12572
    annual_cost: 23.005254205890772
    efficiency: 0.654683
    discharge_ratio: 5
    depth_of_discharge: 0.5
  VRBF:
    cost: 172.723
    lifetime: 12.9887
    annual_cost: 13.297943597126734
    efficiency: 0.708404
    discharge_ratio: 0.5
    depth_of_discharge: 1.0
