cost_values:
  wind_capex: 5000.0
  wind_opex: 100
  wind_lifetime: 20
  solar_capex: 1000.0
  solar_opex: 10
  solar_lifetime: 20
  carbon_price: 1.0
timeseries_values:
  load_level: 244651.25050980353
  wind_year: 2015
  solar_year: 2010
  price_year: 2023
  carbon_year: 2023
storage_values:
  CAES:
    cost: 40.7711
    lifetime: 28.9624
    annual_cost: 1.4077251885202884
    efficiency: 0.594163
    discharge_ratio: 0.1
    depth_of_discharge: 0.4
  Li-ion:
    cost: 249.569
    lifetime: 18.5439
    annual_cost: 13.458280081320542
    efficiency: 0.940791
    discharge_ratio: 2
    depth_of_discharge: 0.9
  Pb-acid:
    cost: 170.138
    lifetime: 7.29717
    annual_cost: 23.31561413534288
    efficiency: 0.65098
    discharge_ratio: 5
    depth_of_discharge: 0.5
  VRBF:
    cost: 179.714
    lifetime: 11.7996
    annual_cost: 15.230516288687753
    efficiency: 0.698766
    discharge_ratio: 0.5
    depth_of_discharge: 1.0
