cost_values:
  wind_capex: 5000.0
  wind_opex: 100
  wind_lifetime: 20
  solar_capex: 1000.0
  solar_opex: 10
  solar_lifetime: 20
  carbon_price: 1.0
timeseries_values:
  load_level: 244651.25050980353
  wind_year: 2015
  solar_year: 2010
  price_year: 2023
  carbon_year: 2023
storage_values:
  CAES:
    cost: 43.3802
    lifetime: 28.5169
    annual_cost: 1.5212102297234273
    efficiency: 0.58809
    discharge_ratio: 0.1
    depth_of_discharge: 0.4
  Li-ion:
    cost: 243.3
    lifetime: 16.3678
    annual_cost: 14.864551130878922
    efficiency: 0.944853
    discharge_ratio: 2
    depth_of_discharge: 0.9
  Pb-acid:
    cost: 177.205
    lifetime: 8.27375
    annual_cost: 21.417736818250493
    efficiency: 0.650442
    discharge_ratio: 5
    depth_of_discharge: 0.5
  VRBF:
    cost: 183.11
    lifetime: 14.2839
    annual_cost: 12.819328054662943
    efficiency: 0.698584
    discharge_ratio: 0.5
    depth_of_discharge: 1.0
