cost_values:
  wind_capex: 5000.0
  wind_opex: 100
  wind_lifetime: 20
  solar_capex: 1000.0
  solar_opex: 10
  solar_lifetime: 20
  carbon_price: 1.0
timeseries_values:
  load_level: 244651.25050980353
  wind_year: 2015
  solar_year: 2010
  price_year: 2023
  carbon_year: 2023
storage_values:
  CAES:
    cost: 45.7738
    lifetime: 29.8317
    annual_cost: 1.5344013247652664
    efficiency: 0.597965
    discharge_ratio: 0.1
    depth_of_discharge: 0.4
  Li-ion:
    cost: 240.072
    lifetime: 17.4633
    annual_cost: 13.747229905000774
    efficiency: 0.946664
    discharge_ratio: 2
    depth_of_discharge: 0.9
  Pb-acid:
    cost: 175.654
    lifetime: 5.95863
    annual_cost: 29.478923846588895
    efficiency: 0.650798
    discharge_ratio: 5
    depth_of_discharge: 0.5
  VRBF:
    cost: 181.659
    lifetime: 12.8908
    annual_cost: 14.092143233934278
    efficiency: 0.720841
    discharge_ratio: 0.5
    depth_of_discharge: 1.0
