cost_values:
  wind_capex: 5000.0
  wind_opex: 100
  wind_lifetime: 20
  solar_capex: 1000.0
  solar_opex: 10
  solar_lifetime: 20
  carbon_price: 1.0
timeseries_values:
  load_level: 251412.50715474554
  wind_year: 2010
  solar_year: 2014
  price_year: 2023
  carbon_year: 2023
storage_values:
  CAES:
    cost: 59.8384
    lifetime: 23.4813
    annual_cost: 2.548342723784458
    efficiency: 0.614938
    discharge_ratio: 0.1
    depth_of_discharge: 0.4
  Li-ion:
    cost: 205.846
    lifetime: 13.5449
    annual_cost: 15.197306735376415
    efficiency: 0.882916
    discharge_ratio: 2
    depth_of_discharge: 0.9
  Pb-acid:
    cost: 158.505
    lifetime: 12.7463
    annual_cost: 12.435373402477582
    efficiency: 0.708491
    discharge_ratio: 5
    depth_of_discharge: 0.5
  VRBF:
    cost: 306.04
    lifetime: 16.604
    annual_cost: 18.43170320404722
    efficiency: 0.747623
    discharge_ratio: 0.5
    depth_of_discharge: 1.0
