cost_values:
  wind_capex: 5000.0
  wind_opex: 100
  wind_lifetime: 20
  solar_capex: 1000.0
  solar_opex: 10
  solar_lifetime: 20
  carbon_price: 1.0
timeseries_values:
  load_level: 251412.50715474554
  wind_year: 2010
  solar_year: 2014
  price_year: 2023
  carbon_year: 2023
storage_values:
  CAES:
    cost: 62.7246
    lifetime: 24.6972
    annual_cost: 2.53974539623925
    efficiency: 0.621165
    discharge_ratio: 0.1
    depth_of_discharge: 0.4
  Li-ion:
    cost: 216.57
    lifetime: 13.8729
    annual_cost: 15.611011396319443
    efficiency: 0.88271
    discharge_ratio: 2
    depth_of_discharge: 0.9
  Pb-acid:
    cost: 140.044
    lifetime: 10.3208
    annual_cost: 13.569103170296877
    efficiency: 0.677427
    discharge_ratio: 5
    depth_of_discharge: 0.5
  VRBF:
    cost: 294.193
    lifetime: 17.6545
    annual_cost: 16.66391005126172
    efficiency: 0.750045
    discharge_ratio: 0.5
    depth_of_discharge: 1.0
