cost_values:
  wind_capex: 5000.0
  wind_opex: 100
  wind_lifetime: 20
  solar_capex: 1000.0
  solar_opex: 10
  solar_lifetime: 20
  carbon_price: 1.0
timeseries_values:
  load_level: 251412.50715474554
  wind_year: 2010
  solar_year: 2014
  price_year: 2023
  carbon_year: 2023
storage_values:
  CAES:
    cost: 65.286
    lifetime: 23.73
    annual_cost: 2.7512010113780025
    efficiency: 0.629025
    discharge_ratio: 0.1
    depth_of_discharge: 0.4
  Li-ion:
    cost: 234.431
    lifetime: 15.0293
    annual_cost: 15.598264722907922
    efficiency: 0.893189
    discharge_ratio: 2
    depth_of_discharge: 0.9
  Pb-acid:
    cost: 174.026
    lifetime: 10.7747
    annual_cost: 16.151354562075976
    efficiency: 0.708157
    discharge_ratio: 5
    depth_of_discharge: 0.5
  VRBF:
    cost: 273.761
    lifetime: 17.7512
    annual_cost: 15.422112307900312
    efficiency: 0.744082
    discharge_ratio: 0.5
    depth_of_discharge: 1.0
