cost_values:
  wind_capex: 5000.0
  wind_opex: 100
  wind_lifetime: 20
  solar_capex: 1000.0
  solar_opex: 10
  solar_lifetime: 20
  carbon_price: 1.0
timeseries_values:
  load_level: 251412.50715474554
  wind_year: 2010
  solar_year: 2014
  price_year: 2023
  carbon_year: 2023
storage_values:
  CAES:
    cost: 61.4888
    lifetime: 24.9749
    annual_cost: 2.462023871967455
    efficiency: 0.61859
    discharge_ratio: 0.1
    depth_of_discharge: 0.4
  Li-ion:
    cost: 210.402
    lifetime: 12.8106
    annual_cost: 16.42405507938738
    efficiency: 0.889018
    discharge_ratio: 2
    depth_of_discharge: 0.9
  Pb-acid:
    cost: 161.638
    lifetime: 10.9384
    annual_cost: 14.777115483068822
    efficiency: 0.694885
    discharge_ratio: 5
    depth_of_discharge: 0.5
  VRBF:
    cost: 280.495
    lifetime: 20.5191
    annual_cost: 13.669946537616172
    efficiency: 0.74723
    discharge_ratio: 0.5
    depth_of_discharge: 1.0
