cost_values:
  wind_capex: 5000.0
  wind_opex: 100
  wind_lifetime: 20
  solar_capex: 1000.0
  solar_opex: 10
  solar_lifetime: 20
  carbon_price: 1.0
timeseries_values:
  load_level: 251412.50715474554
  wind_year: 2010
  solar_year: 2014
  price_year: 2023
  carbon_year: 2023
storage_values:
  CAES:
    cost: 64.8642
    lifetime: 24.1633
    annual_cost: 2.6844098281277806
    efficiency: 0.620258
    discharge_ratio: 0.1
    depth_of_discharge: 0.4
  Li-ion:
    cost: 211.692
    lifetime: 14.6993
    annual_cost: 14.401502112345486
    efficiency: 0.900831
    discharge_ratio: 2
    depth_of_discharge: 0.9
  Pb-acid:
    cost: 153.881
    lifetime: 11.9365
    annual_cost: 12.891634901352992
    efficiency: 0.692583
    discharge_ratio: 5
    depth_of_discharge: 0.5
  VRBF:
    cost: 287.744
    lifetime: 18.2603
    annual_cost: 15.75790102024611
    efficiency: 0.733726
    discharge_ratio: 0.5
    depth_of_discharge: 1.0
