cost_values:
  wind_capex: 5000.0
  wind_opex: 100
  wind_lifetime: 20
  solar_capex: 1000.0
  solar_opex: 10
  solar_lifetime: 20
  carbon_price: 1.0
timeseries_values:
  load_level: 251412.50715474554
  wind_year: 2010
  solar_year: 2014
  price_year: 2023
  carbon_year: 2023
storage_values:
  CAES:
    cost: 55.0867
    lifetime: 23.97
    annual_cost: 2.298151856487276
    efficiency: 0.627788
    discharge_ratio: 0.1
    depth_of_discharge: 0.4
  Li-ion:
    cost: 245.965
    lifetime: 12.4296
    annual_cost: 19.788649674969427
    efficiency: 0.875459
    discharge_ratio: 2
    depth_of_discharge: 0.9
  Pb-acid:
    cost: 170.682
    lifetime: 11.3717
    annual_cost: 15.009365354344554
    efficiency: 0.711321
    discharge_ratio: 5
    depth_of_discharge: 0.5
  VRBF:
    cost: 303.446
    lifetime: 17.9964
    annual_cost: 16.86148340779267
    efficiency: 0.737391
    discharge_ratio: 0.5
    depth_of_discharge: 1.0
