cost_values:
  wind_capex: 5000.0
  wind_opex: 100
  wind_lifetime: 20
  solar_capex: 1000.0
  solar_opex: 10
  solar_lifetime: 20
  carbon_price: 1.0
timeseries_values:
  load_level: 251412.50715474554
  wind_year: 2010
  solar_year: 2014
  price_year: 2023
  carbon_year: 2023
storage_values:
  CAES:
    cost: 60.8402
    lifetime: 23.6411
    annual_cost: 2.573492773178913
    efficiency: 0.622282
    discharge_ratio: 0.1
    depth_of_discharge: 0.4
  Li-ion:
    cost: 225.807
    lifetime: 14.7954
    annual_cost: 15.261973316030657
    efficiency: 0.890679
    discharge_ratio: 2
    depth_of_discharge: 0.9
  Pb-acid:
    cost: 164.104
    lifetime: 12.8469
    annual_cost: 12.773820921778796
    efficiency: 0.69066
    discharge_ratio: 5
    depth_of_discharge: 0.5
  VRBF:
    cost: 325.153
    lifetime: 16.3034
    annual_cost: 19.943876737367667
    efficiency: 0.751969
    discharge_ratio: 0.5
    depth_of_discharge: 1.0
