cost_values:
  wind_capex: 5000.0
  wind_opex: 100
  wind_lifetime: 20
  solar_capex: 1000.0
  solar_opex: 10
  solar_lifetime: 20
  carbon_price: 1.0
timeseries_values:
  load_level: 251412.50715474554
  wind_year: 2010
  solar_year: 2014
  price_year: 2023
  carbon_year: 2023
storage_values:
  CAES:
    cost: 60.0736
    lifetime: 24.1475
    annual_cost: 2.4877772026089655
    efficiency: 0.629129
    discharge_ratio: 0.1
    depth_of_discharge: 0.4
  Li-ion:
    cost: 217.631
    lifetime: 12.8389
    annual_cost: 16.95090700916745
    efficiency: 0.902413
    discharge_ratio: 2
    depth_of_discharge: 0.9
  Pb-acid:
    cost: 159.952
    lifetime: 9.2888
    annual_cost: 17.219877702178966
    efficiency: 0.702314
    discharge_ratio: 5
    depth_of_discharge: 0.5
  VRBF:
    cost: 286.612
    lifetime: 18.1634
    annual_cost: 15.779644780162306
    efficiency: 0.751809
    discharge_ratio: 0.5
    depth_of_discharge: 1.0
