cost_values:
  wind_capex: 5000.0
  wind_opex: 100
  wind_lifetime: 20
  solar_capex: 1000.0
  solar_opex: 10
  solar_lifetime: 20
  carbon_price: 1.0
timeseries_values:
  load_level: 251412.50715474554
  wind_year: 2010
  solar_year: 2014
  price_year: 2023
  carbon_year: 2023
storage_values:
  CAES:
    cost: 64.8189
    lifetime: 24.1982
    annual_cost: 2.678666181782116
    efficiency: 0.63189
    discharge_ratio: 0.1
    depth_of_discharge: 0.4
  Li-ion:
    cost: 243.035
    lifetime: 16.0838
    annual_cost: 15.110546015245154
    efficiency: 0.881586
    discharge_ratio: 2
    depth_of_discharge: 0.9
  Pb-acid:
    cost: 152.803
    lifetime: 11.1388
    annual_cost: 13.718084533342909
    efficiency: 0.706656
    discharge_ratio: 5
    depth_of_discharge: 0.5
  VRBF:
    cost: 307.781
    lifetime: 17.253
    annual_cost: 17.839274329102185
    efficiency: 0.74864
    discharge_ratio: 0.5
    depth_of_discharge: 1.0
