cost_values:
  wind_capex: 5000.0
  wind_opex: 100
  wind_lifetime: 20
  solar_capex: 1000.0
  solar_opex: 10
  solar_lifetime: 20
  carbon_price: 1.0
timeseries_values:
  load_level: 251412.50715474554
  wind_year: 2010
  solar_year: 2014
  price_year: 2023
  carbon_year: 2023
storage_values:
  CAES:
    cost: 60.2881
    lifetime: 23.2919
    annual_cost: 2.5883719232866365
    efficiency: 0.637314
    discharge_ratio: 0.1
    depth_of_discharge: 0.4
  Li-ion:
    cost: 242.697
    lifetime: 14.6234
    annual_cost: 16.596482350205836
    efficiency: 0.902076
    discharge_ratio: 2
    depth_of_discharge: 0.9
  Pb-acid:
    cost: 163.982
    lifetime: 10.6937
    annual_cost: 15.33444925516893
    efficiency: 0.699985
    discharge_ratio: 5
    depth_of_discharge: 0.5
  VRBF:
    cost: 315.448
    lifetime: 19.1647
    annual_cost: 16.459845445010878
    efficiency: 0.750321
    discharge_ratio: 0.5
    depth_of_discharge: 1.0
