cost_values:
  wind_capex: 5000.0
  wind_opex: 100
  wind_lifetime: 20
  solar_capex: 1000.0
  solar_opex: 10
  solar_lifetime: 20
  carbon_price: 1.0
timeseries_values:
  load_level: 251412.50715474554
  wind_year: 2010
  solar_year: 2014
  price_year: 2023
  carbon_year: 2023
storage_values:
  CAES:
    cost: 63.3448
    lifetime: 24.5214
    annual_cost: 2.5832456548157934
    efficiency: 0.627178
    discharge_ratio: 0.1
    depth_of_discharge: 0.4
  Li-ion:
    cost: 230.774
    lifetime: 16.2842
    annual_cost: 14.171651048255365
    efficiency: 0.893223
    discharge_ratio: 2
    depth_of_discharge: 0.9
  Pb-acid:
    cost: 154.525
    lifetime: 10.5111
    annual_cost: 14.701125476876825
    efficiency: 0.709266
    discharge_ratio: 5
    depth_of_discharge: 0.5
  VRBF:
    cost: 287.558
    lifetime: 17.7032
    annual_cost: 16.243278051425733
    efficiency: 0.763052
    discharge_ratio: 0.5
    depth_of_discharge: 1.0
