cost_values:
  wind_capex: 5000.0
  wind_opex: 100
  wind_lifetime: 20
  solar_capex: 1000.0
  solar_opex: 10
  solar_lifetime: 20
  carbon_price: 1.0
timeseries_values:
  load_level: 251412.50715474554
  wind_year: 2010
  solar_year: 2014
  price_year: 2023
  carbon_year: 2023
storage_values:
  CAES:
    cost: 53.8847
    lifetime: 25.4907
    annual_cost: 2.113896440662673
    efficiency: 0.624651
    discharge_ratio: 0.1
    depth_of_discharge: 0.4
  Li-ion:
    cost: 234.081
    lifetime: 15.2178
    annual_cost: 15.382052596301698
    efficiency: 0.889105
    discharge_ratio: 2
    depth_of_discharge: 0.9
  Pb-acid:
    cost: 154.559
    lifetime: 12.2246
    annual_cost: 12.643276671629337
    efficiency: 0.714323
    discharge_ratio: 5
    depth_of_discharge: 0.5
  VRBF:
    cost: 277.411
    lifetime: 18.1244
    annual_cost: 15.305941162190196
    efficiency: 0.73328
    discharge_ratio: 0.5
    depth_of_discharge: 1.0
