cost_values:
  wind_capex: 5000.0
  wind_opex: 100
  wind_lifetime: 20
  solar_capex: 1000.0
  solar_opex: 10
  solar_lifetime: 20
  carbon_price: 1.0
timeseries_values:
  load_level: 251412.50715474554
  wind_year: 2010
  solar_year: 2014
  price_year: 2023
  carbon_year: 2023
storage_values:
  CAES:
    cost: 60.1005
    lifetime: 25.2678
    annual_cost: 2.37854106807874
    efficiency: 0.621841
    discharge_ratio: 0.1
    depth_of_discharge: 0.4
  Li-ion:
    cost: 240.58
    lifetime: 16.4567
    annual_cost: 14.618969781304878
    efficiency: 0.896349
    discharge_ratio: 2
    depth_of_discharge: 0.9
  Pb-acid:
    cost: 155.292
    lifetime: 10.9728
    annual_cost: 14.152449693788277
    efficiency: 0.713903
    discharge_ratio: 5
    depth_of_discharge: 0.5
  VRBF:
    cost: 287.753
    lifetime: 19.3831
    annual_cost: 14.845561339517415
    efficiency: 0.732327
    discharge_ratio: 0.5
    depth_of_discharge: 1.0
