cost_values:
  wind_capex: 5000.0
  wind_opex: 100
  wind_lifetime: 20
  solar_capex: 1000.0
  solar_opex: 10
  solar_lifetime: 20
  carbon_price: 1.0
timeseries_values:
  load_level: 251412.50715474554
  wind_year: 2010
  solar_year: 2014
  price_year: 2023
  carbon_year: 2023
storage_values:
  CAES:
    cost: 60.5623
    lifetime: 24.4688
    annual_cost: 2.4750825541097234
    efficiency: 0.631341
    discharge_ratio: 0.1
    depth_of_discharge: 0.4
  Li-ion:
    cost: 229.214
    lifetime: 12.3997
    annual_cost: 18.48544722856198
    efficiency: 0.89504
    discharge_ratio: 2
    depth_of_discharge: 0.9
  Pb-acid:
    cost: 194.665
    lifetime: 10.3432
    annual_cost: 18.820577770902624
    efficiency: 0.710558
    discharge_ratio: 5
    depth_of_discharge: 0.5
  VRBF:
    cost: 279.879
    lifetime: 15.3019
    annual_cost: 18.290473732020207
    efficiency: 0.721713
    discharge_ratio: 0.5
    depth_of_discharge: 1.0
