cost_values:
  wind_capex: 5000.0
  wind_opex: 100
  wind_lifetime: 20
  solar_capex: 1000.0
  solar_opex: 10
  solar_lifetime: 20
  carbon_price: 1.0
timeseries_values:
  load_level: 251412.50715474554
  wind_year: 2010
  solar_year: 2014
  price_year: 2023
  carbon_year: 2023
storage_values:
  CAES:
    cost: 60.7198
    lifetime: 26.1242
    annual_cost: 2.3242740447554375
    efficiency: 0.628372
    discharge_ratio: 0.1
    depth_of_discharge: 0.4
  Li-ion:
    cost: 214.372
    lifetime: 15.6294
    annual_cost: 13.715945589721935
    efficiency: 0.899277
    discharge_ratio: 2
    depth_of_discharge: 0.9
  Pb-acid:
    cost: 156.501
    lifetime: 11.2043
    annual_cost: 13.967940879840777
    efficiency: 0.698127
    discharge_ratio: 5
    depth_of_discharge: 0.5
  VRBF:
    cost: 295.228
    lifetime: 16.0132
    annual_cost: 18.436539854619937
    efficiency: 0.739879
    discharge_ratio: 0.5
    depth_of_discharge: 1.0
