cost_values:
  wind_capex: 5000.0
  wind_opex: 100
  wind_lifetime: 20
  solar_capex: 1000.0
  solar_opex: 10
  solar_lifetime: 20
  carbon_price: 1.0
timeseries_values:
  load_level: 251412.50715474554
  wind_year: 2010
  solar_year: 2014
  price_year: 2023
  carbon_year: 2023
storage_values:
  CAES:
    cost: 59.6303
    lifetime: 25.0047
    annual_cost: 2.384763664431087
    efficiency: 0.616579
    discharge_ratio: 0.1
    depth_of_discharge: 0.4
  Li-ion:
    cost: 228.198
    lifetime: 16.1412
    annual_cost: 14.137610586573489
    efficiency: 0.894576
    discharge_ratio: 2
    depth_of_discharge: 0.9
  Pb-acid:
    cost: 159.004
    lifetime: 10.9046
    annual_cost: 14.581369330374336
    efficiency: 0.70936
    discharge_ratio: 5
    depth_of_discharge: 0.5
  VRBF:
    cost: 276.404
    lifetime: 17.9302
    annual_cost: 15.415555877792775
    efficiency: 0.752913
    discharge_ratio: 0.5
    depth_of_discharge: 1.0
