cost_values:
  wind_capex: 5000.0
  wind_opex: 100
  wind_lifetime: 20
  solar_capex: 1000.0
  solar_opex: 10
  solar_lifetime: 20
  carbon_price: 1.0
timeseries_values:
  load_level: 251412.50715474554
  wind_year: 2010
  solar_year: 2014
  price_year: 2023
  carbon_year: 2023
storage_values:
  CAES:
    cost: 55.9732
    lifetime: 24.0072
    annual_cost: 2.3315172115032157
    efficiency: 0.626706
    discharge_ratio: 0.1
    depth_of_discharge: 0.4
  Li-ion:
    cost: 241.521
    lifetime: 15.7602
    annual_cost: 15.324742071801118
    efficiency: 0.881546
    discharge_ratio: 2
    depth_of_discharge: 0.9
  Pb-acid:
    cost: 163.291
    lifetime: 11.3189
    annual_cost: 14.426401858837874
    efficiency: 0.693301
    discharge_ratio: 5
    depth_of_discharge: 0.5
  VRBF:
    cost: 285.257
    lifetime: 18.8862
    annual_cost: 15.103991274051955
    efficiency: 0.742187
    discharge_ratio: 0.5
    depth_of_discharge: 1.0
