cost_values:
  wind_capex: 5000.0
  wind_opex: 100
  wind_lifetime: 20
  solar_capex: 1000.0
  solar_opex: 10
  solar_lifetime: 20
  carbon_price: 1.0
timeseries_values:
  load_level: 251412.50715474554
  wind_year: 2010
  solar_year: 2014
  price_year: 2023
  carbon_year: 2023
storage_values:
  CAES:
    cost: 53.8991
    lifetime: 23.6061
    annual_cost: 2.283270002245182
    efficiency: 0.632342
    discharge_ratio: 0.1
    depth_of_discharge: 0.4
  Li-ion:
    cost: 234.435
    lifetime: 12.3622
    annual_cost: 18.96385756580544
    efficiency: 0.904679
    discharge_ratio: 2
    depth_of_discharge: 0.9
  Pb-acid:
    cost: 146.899
    lifetime: 11.3767
    annual_cost: 12.912268056642084
    efficiency: 0.687679
    discharge_ratio: 5
    depth_of_discharge: 0.5
  VRBF:
    cost: 297.65
    lifetime: 18.4705
    annual_cost: 16.114885899136457
    efficiency: 0.726553
    discharge_ratio: 0.5
    depth_of_discharge: 1.0
