cost_values:
  wind_capex: 5000.0
  wind_opex: 100
  wind_lifetime: 20
  solar_capex: 1000.0
  solar_opex: 10
  solar_lifetime: 20
  carbon_price: 1.0
timeseries_values:
  load_level: 251412.50715474554
  wind_year: 2010
  solar_year: 2014
  price_year: 2023
  carbon_year: 2023
storage_values:
  CAES:
    cost: 60.5268
    lifetime: 24.1959
    annual_cost: 2.501531251162387
    efficiency: 0.625292
    discharge_ratio: 0.1
    depth_of_discharge: 0.4
  Li-ion:
    cost: 227.878
    lifetime: 12.4765
    annual_cost: 18.26457740552238
    efficiency: 0.894885
    discharge_ratio: 2
    depth_of_discharge: 0.9
  Pb-acid:
    cost: 177.98
    lifetime: 10.8531
    annual_cost: 16.399001207028405
    efficiency: 0.692396
    discharge_ratio: 5
    depth_of_discharge: 0.5
  VRBF:
    cost: 297.558
    lifetime: 18.043
    annual_cost: 16.491603391897137
    efficiency: 0.739395
    discharge_ratio: 0.5
    depth_of_discharge: 1.0
