cost_values:
  wind_capex: 5000.0
  wind_opex: 100
  wind_lifetime: 20
  solar_capex: 1000.0
  solar_opex: 10
  solar_lifetime: 20
  carbon_price: 1.0
timeseries_values:
  load_level: 251412.50715474554
  wind_year: 2010
  solar_year: 2014
  price_year: 2023
  carbon_year: 2023
storage_values:
  CAES:
    cost: 57.3936
    lifetime: 24.9484
    annual_cost: 2.300492215933687
    efficiency: 0.608798
    discharge_ratio: 0.1
    depth_of_discharge: 0.4
  Li-ion:
    cost: 221.124
    lifetime: 15.198
    annual_cost: 14.549545992893801
    efficiency: 0.903415
    discharge_ratio: 2
    depth_of_discharge: 0.9
  Pb-acid:
    cost: 169.225
    lifetime: 11.2323
    annual_cost: 15.065925945710138
    efficiency: 0.714193
    discharge_ratio: 5
    depth_of_discharge: 0.5
  VRBF:
    cost: 321.062
    lifetime: 17.7864
    annual_cost: 18.050982773354924
    efficiency: 0.746002
    discharge_ratio: 0.5
    depth_of_discharge: 1.0
