cost_values:
  wind_capex: 5000.0
  wind_opex: 100
  wind_lifetime: 20
  solar_capex: 1000.0
  solar_opex: 10
  solar_lifetime: 20
  carbon_price: 1.0
timeseries_values:
  load_level: 251412.50715474554
  wind_year: 2010
  solar_year: 2014
  price_year: 2023
  carbon_year: 2023
storage_values:
  CAES:
    cost: 59.5033
    lifetime: 24.5348
    annual_cost: 2.4252612615550158
    efficiency: 0.626619
    discharge_ratio: 0.1
    depth_of_discharge: 0.4
  Li-ion:
    cost: 218.133
    lifetime: 13.4737
    annual_cost: 16.18953962163326
    efficiency: 0.907128
    discharge_ratio: 2
    depth_of_discharge: 0.9
  Pb-acid:
    cost: 161.95
    lifetime: 11.9084
    annual_cost: 13.599643948809243
    efficiency: 0.689278
    discharge_ratio: 5
    depth_of_discharge: 0.5
  VRBF:
    cost: 288.476
    lifetime: 18.4366
    annual_cost: 15.64691971404706
    efficiency: 0.772956
    discharge_ratio: 0.5
    depth_of_discharge: 1.0
