cost_values:
  wind_capex: 5000.0
  wind_opex: 100
  wind_lifetime: 20
  solar_capex: 1000.0
  solar_opex: 10
  solar_lifetime: 20
  carbon_price: 1.0
timeseries_values:
  load_level: 251412.50715474554
  wind_year: 2010
  solar_year: 2014
  price_year: 2023
  carbon_year: 2023
storage_values:
  CAES:
    cost: 61.0594
    lifetime: 24.5107
    annual_cost: 2.49113244419784
    efficiency: 0.617252
    discharge_ratio: 0.1
    depth_of_discharge: 0.4
  Li-ion:
    cost: 231.2
    lifetime: 14.0922
    annual_cost: 16.406238912306097
    efficiency: 0.890549
    discharge_ratio: 2
    depth_of_discharge: 0.9
  Pb-acid:
    cost: 147.769
    lifetime: 11.4243
    annual_cost: 12.93462181490332
    efficiency: 0.7191
    discharge_ratio: 5
    depth_of_discharge: 0.5
  VRBF:
    cost: 284.36
    lifetime: 21.0797
    annual_cost: 13.489755546805696
    efficiency: 0.754222
    discharge_ratio: 0.5
    depth_of_discharge: 1.0
