cost_values:
  wind_capex: 5000.0
  wind_opex: 100
  wind_lifetime: 20
  solar_capex: 1000.0
  solar_opex: 10
  solar_lifetime: 20
  carbon_price: 1.0
timeseries_values:
  load_level: 251412.50715474554
  wind_year: 2010
  solar_year: 2014
  price_year: 2023
  carbon_year: 2023
storage_values:
  CAES:
    cost: 59.4282
    lifetime: 24.8945
    annual_cost: 2.3872019924079613
    efficiency: 0.627854
    discharge_ratio: 0.1
    depth_of_discharge: 0.4
  Li-ion:
    cost: 216.718
    lifetime: 13.6733
    annual_cost: 15.849721720433253
    efficiency: 0.902173
    discharge_ratio: 2
    depth_of_discharge: 0.9
  Pb-acid:
    cost: 154.696
    lifetime: 10.5309
    annual_cost: 14.689722625796465
    efficiency: 0.689627
    discharge_ratio: 5
    depth_of_discharge: 0.5
  VRBF:
    cost: 298.723
    lifetime: 18.5788
    annual_cost: 16.078702607272806
    efficiency: 0.744624
    discharge_ratio: 0.5
    depth_of_discharge: 1.0
