cost_values:
  wind_capex: 5000.0
  wind_opex: 100
  wind_lifetime: 20
  solar_capex: 1000.0
  solar_opex: 10
  solar_lifetime: 20
  carbon_price: 1.0
timeseries_values:
  load_level: 251412.50715474554
  wind_year: 2010
  solar_year: 2014
  price_year: 2023
  carbon_year: 2023
storage_values:
  CAES:
    cost: 53.7202
    lifetime: 24.7523
    annual_cost: 2.170311445805036
    efficiency: 0.627962
    discharge_ratio: 0.1
    depth_of_discharge: 0.4
  Li-ion:
    cost: 226.906
    lifetime: 14.4746
    annual_cost: 15.676149945421635
    efficiency: 0.898776
    discharge_ratio: 2
    depth_of_discharge: 0.9
  Pb-acid:
    cost: 181.017
    lifetime: 11.1174
    annual_cost: 16.28231421015705
    efficiency: 0.712591
    discharge_ratio: 5
    depth_of_discharge: 0.5
  VRBF:
    cost: 329.858
    lifetime: 17.9502
    annual_cost: 18.376285500997206
    efficiency: 0.739783
    discharge_ratio: 0.5
    depth_of_discharge: 1.0
