cost_values:
  wind_capex: 5000.0
  wind_opex: 100
  wind_lifetime: 20
  solar_capex: 1000.0
  solar_opex: 10
  solar_lifetime: 20
  carbon_price: 1.0
timeseries_values:
  load_level: 251412.50715474554
  wind_year: 2010
  solar_year: 2014
  price_year: 2023
  carbon_year: 2023
storage_values:
  CAES:
    cost: 55.1072
    lifetime: 24.0062
    annual_cost: 2.2955403187509895
    efficiency: 0.62824
    discharge_ratio: 0.1
    depth_of_discharge: 0.4
  Li-ion:
    cost: 210.383
    lifetime: 16.668
    annual_cost: 12.62197024238061
    efficiency: 0.895639
    discharge_ratio: 2
    depth_of_discharge: 0.9
  Pb-acid:
    cost: 158.286
    lifetime: 11.0637
    annual_cost: 14.30678706038667
    efficiency: 0.694779
    discharge_ratio: 5
    depth_of_discharge: 0.5
  VRBF:
    cost: 288.715
    lifetime: 16.556
    annual_cost: 17.438692920995408
    efficiency: 0.737313
    discharge_ratio: 0.5
    depth_of_discharge: 1.0
