cost_values:
  wind_capex: 5000.0
  wind_opex: 100
  wind_lifetime: 20
  solar_capex: 1000.0
  solar_opex: 10
  solar_lifetime: 20
  carbon_price: 1.0
timeseries_values:
  load_level: 251412.50715474554
  wind_year: 2010
  solar_year: 2014
  price_year: 2023
  carbon_year: 2023
storage_values:
  CAES:
    cost: 57.5803
    lifetime: 23.4858
    annual_cost: 2.4517069889039336
    efficiency: 0.62624
    discharge_ratio: 0.1
    depth_of_discharge: 0.4
  Li-ion:
    cost: 222.781
    lifetime: 15.2042
    annual_cost: 14.652595993212403
    efficiency: 0.893701
    discharge_ratio: 2
    depth_of_discharge: 0.9
  Pb-acid:
    cost: 170.431
    lifetime: 10.4239
    annual_cost: 16.350022544345208
    efficiency: 0.700218
    discharge_ratio: 5
    depth_of_discharge: 0.5
  VRBF:
    cost: 258.399
    lifetime: 17.5913
    annual_cost: 14.68902241448898
    efficiency: 0.745534
    discharge_ratio: 0.5
    depth_of_discharge: 1.0
