cost_values:
  wind_capex: 5000.0
  wind_opex: 100
  wind_lifetime: 20
  solar_capex: 1000.0
  solar_opex: 10
  solar_lifetime: 20
  carbon_price: 1.0
timeseries_values:
  load_level: 251412.50715474554
  wind_year: 2010
  solar_year: 2014
  price_year: 2023
  carbon_year: 2023
storage_values:
  CAES:
    cost: 56.9367
    lifetime: 24.8103
    annual_cost: 2.294881561287046
    efficiency: 0.629243
    discharge_ratio: 0.1
    depth_of_discharge: 0.4
  Li-ion:
    cost: 230.919
    lifetime: 17.0656
    annual_cost: 13.531255859741234
    efficiency: 0.900063
    discharge_ratio: 2
    depth_of_discharge: 0.9
  Pb-acid:
    cost: 149.993
    lifetime: 12.5311
    annual_cost: 11.969659487195855
    efficiency: 0.701558
    discharge_ratio: 5
    depth_of_discharge: 0.5
  VRBF:
    cost: 283.501
    lifetime: 18.2087
    annual_cost: 15.569535441849224
    efficiency: 0.740868
    discharge_ratio: 0.5
    depth_of_discharge: 1.0
