cost_values:
  wind_capex: 5000.0
  wind_opex: 100
  wind_lifetime: 20
  solar_capex: 1000.0
  solar_opex: 10
  solar_lifetime: 20
  carbon_price: 1.0
timeseries_values:
  load_level: 251412.50715474554
  wind_year: 2010
  solar_year: 2014
  price_year: 2023
  carbon_year: 2023
storage_values:
  CAES:
    cost: 57.8151
    lifetime: 24.8946
    annual_cost: 2.3223952182401004
    efficiency: 0.629873
    discharge_ratio: 0.1
    depth_of_discharge: 0.4
  Li-ion:
    cost: 216.804
    lifetime: 14.3442
    annual_cost: 15.11440163968712
    efficiency: 0.900119
    discharge_ratio: 2
    depth_of_discharge: 0.9
  Pb-acid:
    cost: 177.339
    lifetime: 9.32714
    annual_cost: 19.013223774919215
    efficiency: 0.698293
    discharge_ratio: 5
    depth_of_discharge: 0.5
  VRBF:
    cost: 307.807
    lifetime: 19.0967
    annual_cost: 16.118334581367463
    efficiency: 0.752499
    discharge_ratio: 0.5
    depth_of_discharge: 1.0
