cost_values:
  wind_capex: 5000.0
  wind_opex: 100
  wind_lifetime: 20
  solar_capex: 1000.0
  solar_opex: 10
  solar_lifetime: 20
  carbon_price: 1.0
timeseries_values:
  load_level: 251412.50715474554
  wind_year: 2010
  solar_year: 2014
  price_year: 2023
  carbon_year: 2023
storage_values:
  CAES:
    cost: 61.5304
    lifetime: 24.4689
    annual_cost: 2.5146369473086243
    efficiency: 0.619724
    discharge_ratio: 0.1
    depth_of_discharge: 0.4
  Li-ion:
    cost: 243.166
    lifetime: 14.5263
    annual_cost: 16.73970660113036
    efficiency: 0.892838
    discharge_ratio: 2
    depth_of_discharge: 0.9
  Pb-acid:
    cost: 128.519
    lifetime: 11.9403
    annual_cost: 10.763464904566886
    efficiency: 0.704441
    discharge_ratio: 5
    depth_of_discharge: 0.5
  VRBF:
    cost: 290.41
    lifetime: 18.9988
    annual_cost: 15.285702254879258
    efficiency: 0.765339
    discharge_ratio: 0.5
    depth_of_discharge: 1.0
