cost_values:
  wind_capex: 5000.0
  wind_opex: 100
  wind_lifetime: 20
  solar_capex: 1000.0
  solar_opex: 10
  solar_lifetime: 20
  carbon_price: 1.0
timeseries_values:
  load_level: 251412.50715474554
  wind_year: 2010
  solar_year: 2014
  price_year: 2023
  carbon_year: 2023
storage_values:
  CAES:
    cost: 56.7988
    lifetime: 24.1051
    annual_cost: 2.356298044812094
    efficiency: 0.629499
    discharge_ratio: 0.1
    depth_of_discharge: 0.4
  Li-ion:
    cost: 224.673
    lifetime: 15.3433
    annual_cost: 14.643068961696637
    efficiency: 0.88835
    discharge_ratio: 2
    depth_of_discharge: 0.9
  Pb-acid:
    cost: 156.264
    lifetime: 10.3013
    annual_cost: 15.169347558075197
    efficiency: 0.710928
    discharge_ratio: 5
    depth_of_discharge: 0.5
  VRBF:
    cost: 255.952
    lifetime: 16.151
    annual_cost: 15.847439787010092
    efficiency: 0.761074
    discharge_ratio: 0.5
    depth_of_discharge: 1.0
