cost_values:
  wind_capex: 5000.0
  wind_opex: 100
  wind_lifetime: 20
  solar_capex: 1000.0
  solar_opex: 10
  solar_lifetime: 20
  carbon_price: 1.0
timeseries_values:
  load_level: 251412.50715474554
  wind_year: 2010
  solar_year: 2014
  price_year: 2023
  carbon_year: 2023
storage_values:
  CAES:
    cost: 54.2614
    lifetime: 24.2657
    annual_cost: 2.236135780134099
    efficiency: 0.6122
    discharge_ratio: 0.1
    depth_of_discharge: 0.4
  Li-ion:
    cost: 237.776
    lifetime: 12.5266
    annual_cost: 18.98168697012757
    efficiency: 0.88166
    discharge_ratio: 2
    depth_of_discharge: 0.9
  Pb-acid:
    cost: 169.479
    lifetime: 11.0716
    annual_cost: 15.307543625130966
    efficiency: 0.690862
    discharge_ratio: 5
    depth_of_discharge: 0.5
  VRBF:
    cost: 294.168
    lifetime: 19.4956
    annual_cost: 15.088943146145798
    efficiency: 0.719442
    discharge_ratio: 0.5
    depth_of_discharge: 1.0
