cost_values:
  wind_capex: 5000.0
  wind_opex: 100
  wind_lifetime: 20
  solar_capex: 1000.0
  solar_opex: 10
  solar_lifetime: 20
  carbon_price: 1.0
timeseries_values:
  load_level: 251412.50715474554
  wind_year: 2010
  solar_year: 2014
  price_year: 2023
  carbon_year: 2023
storage_values:
  CAES:
    cost: 55.3908
    lifetime: 24.2375
    annual_cost: 2.285334708612687
    efficiency: 0.616466
    discharge_ratio: 0.1
    depth_of_discharge: 0.4
  Li-ion:
    cost: 218.534
    lifetime: 13.9053
    annual_cost: 15.71587811841528
    efficiency: 0.886393
    discharge_ratio: 2
    depth_of_discharge: 0.9
  Pb-acid:
    cost: 173.574
    lifetime: 10.8382
    annual_cost: 16.015020944437268
    efficiency: 0.692344
    discharge_ratio: 5
    depth_of_discharge: 0.5
  VRBF:
    cost: 323.322
    lifetime: 18.9663
    annual_cost: 17.04718368896411
    efficiency: 0.737992
    discharge_ratio: 0.5
    depth_of_discharge: 1.0
