cost_values:
  wind_capex: 5000.0
  wind_opex: 100
  wind_lifetime: 20
  solar_capex: 1000.0
  solar_opex: 10
  solar_lifetime: 20
  carbon_price: 1.0
timeseries_values:
  load_level: 251412.50715474554
  wind_year: 2010
  solar_year: 2014
  price_year: 2023
  carbon_year: 2023
storage_values:
  CAES:
    cost: 60.0532
    lifetime: 25.1998
    annual_cost: 2.383082405415916
    efficiency: 0.629663
    discharge_ratio: 0.1
    depth_of_discharge: 0.4
  Li-ion:
    cost: 222.241
    lifetime: 14.1083
    annual_cost: 15.752500301241115
    efficiency: 0.902227
    discharge_ratio: 2
    depth_of_discharge: 0.9
  Pb-acid:
    cost: 145.124
    lifetime: 10.6303
    annual_cost: 13.65191951308994
    efficiency: 0.718432
    discharge_ratio: 5
    depth_of_discharge: 0.5
  VRBF:
    cost: 318.629
    lifetime: 16.3506
    annual_cost: 19.487297102247013
    efficiency: 0.757023
    discharge_ratio: 0.5
    depth_of_discharge: 1.0
