cost_values:
  wind_capex: 5000.0
  wind_opex: 100
  wind_lifetime: 20
  solar_capex: 1000.0
  solar_opex: 10
  solar_lifetime: 20
  carbon_price: 1.0
timeseries_values:
  load_level: 251412.50715474554
  wind_year: 2010
  solar_year: 2014
  price_year: 2023
  carbon_year: 2023
storage_values:
  CAES:
    cost: 59.4684
    lifetime: 24.3469
    annual_cost: 2.442545046802673
    efficiency: 0.624533
    discharge_ratio: 0.1
    depth_of_discharge: 0.4
  Li-ion:
    cost: 229.825
    lifetime: 16.2348
    annual_cost: 14.156318525636287
    efficiency: 0.891763
    discharge_ratio: 2
    depth_of_discharge: 0.9
  Pb-acid:
    cost: 182.267
    lifetime: 10.7736
    annual_cost: 16.917929011658128
    efficiency: 0.699122
    discharge_ratio: 5
    depth_of_discharge: 0.5
  VRBF:
    cost: 277.696
    lifetime: 17.0271
    annual_cost: 16.309060262757605
    efficiency: 0.746851
    discharge_ratio: 0.5
    depth_of_discharge: 1.0
