cost_values:
  wind_capex: 5000.0
  wind_opex: 100
  wind_lifetime: 20
  solar_capex: 1000.0
  solar_opex: 10
  solar_lifetime: 20
  carbon_price: 1.0
timeseries_values:
  load_level: 251412.50715474554
  wind_year: 2010
  solar_year: 2014
  price_year: 2023
  carbon_year: 2023
storage_values:
  CAES:
    cost: 61.0301
    lifetime: 24.4732
    annual_cost: 2.4937523495088505
    efficiency: 0.624561
    discharge_ratio: 0.1
    depth_of_discharge: 0.4
  Li-ion:
    cost: 238.088
    lifetime: 12.3514
    annual_cost: 19.27619541104652
    efficiency: 0.880803
    discharge_ratio: 2
    depth_of_discharge: 0.9
  Pb-acid:
    cost: 154.239
    lifetime: 11.679
    annual_cost: 13.206524531209864
    efficiency: 0.695208
    discharge_ratio: 5
    depth_of_discharge: 0.5
  VRBF:
    cost: 287.916
    lifetime: 19.3217
    annual_cost: 14.901173292205137
    efficiency: 0.744445
    discharge_ratio: 0.5
    depth_of_discharge: 1.0
