cost_values:
  wind_capex: 5000.0
  wind_opex: 100
  wind_lifetime: 20
  solar_capex: 1000.0
  solar_opex: 10
  solar_lifetime: 20
  carbon_price: 1.0
timeseries_values:
  load_level: 251412.50715474554
  wind_year: 2010
  solar_year: 2014
  price_year: 2023
  carbon_year: 2023
storage_values:
  CAES:
    cost: 59.5473
    lifetime: 24.9392
    annual_cost: 2.3876988836851223
    efficiency: 0.625209
    discharge_ratio: 0.1
    depth_of_discharge: 0.4
  Li-ion:
    cost: 237.948
    lifetime: 14.2742
    annual_cost: 16.6697958554595
    efficiency: 0.898511
    discharge_ratio: 2
    depth_of_discharge: 0.9
  Pb-acid:
    cost: 189.934
    lifetime: 12.3525
    annual_cost: 15.376158672333537
    efficiency: 0.708202
    discharge_ratio: 5
    depth_of_discharge: 0.5
  VRBF:
    cost: 292.537
    lifetime: 16.5268
    annual_cost: 17.700764818355637
    efficiency: 0.754533
    discharge_ratio: 0.5
    depth_of_discharge: 1.0
