cost_values:
  wind_capex: 5000.0
  wind_opex: 100
  wind_lifetime: 20
  solar_capex: 1000.0
  solar_opex: 10
  solar_lifetime: 20
  carbon_price: 1.0
timeseries_values:
  load_level: 251412.50715474554
  wind_year: 2010
  solar_year: 2014
  price_year: 2023
  carbon_year: 2023
storage_values:
  CAES:
    cost: 59.9137
    lifetime: 24.1274
    annual_cost: 2.4832223944560954
    efficiency: 0.61662
    discharge_ratio: 0.1
    depth_of_discharge: 0.4
  Li-ion:
    cost: 241.926
    lifetime: 12.4603
    annual_cost: 19.415744404227826
    efficiency: 0.889119
    discharge_ratio: 2
    depth_of_discharge: 0.9
  Pb-acid:
    cost: 160.013
    lifetime: 10.9959
    annual_cost: 14.552060313389536
    efficiency: 0.700847
    discharge_ratio: 5
    depth_of_discharge: 0.5
  VRBF:
    cost: 299.213
    lifetime: 15.1491
    annual_cost: 19.751206342290963
    efficiency: 0.743332
    discharge_ratio: 0.5
    depth_of_discharge: 1.0
