cost_values:
  wind_capex: 5000.0
  wind_opex: 100
  wind_lifetime: 20
  solar_capex: 1000.0
  solar_opex: 10
  solar_lifetime: 20
  carbon_price: 1.0
timeseries_values:
  load_level: 251412.50715474554
  wind_year: 2010
  solar_year: 2014
  price_year: 2023
  carbon_year: 2023
storage_values:
  CAES:
    cost: 55.6383
    lifetime: 25.0787
    annual_cost: 2.2185480108618068
    efficiency: 0.632753
    discharge_ratio: 0.1
    depth_of_discharge: 0.4
  Li-ion:
    cost: 217.776
    lifetime: 14.7945
    annual_cost: 14.720064888979014
    efficiency: 0.899346
    discharge_ratio: 2
    depth_of_discharge: 0.9
  Pb-acid:
    cost: 152.926
    lifetime: 11.6685
    annual_cost: 13.105883361186098
    efficiency: 0.692744
    discharge_ratio: 5
    depth_of_discharge: 0.5
  VRBF:
    cost: 312.8
    lifetime: 18.5982
    annual_cost: 16.81883192997172
    efficiency: 0.731165
    discharge_ratio: 0.5
    depth_of_discharge: 1.0
