cost_values:
  wind_capex: 5000.0
  wind_opex: 100
  wind_lifetime: 20
  solar_capex: 1000.0
  solar_opex: 10
  solar_lifetime: 20
  carbon_price: 1.0
timeseries_values:
  load_level: 251412.50715474554
  wind_year: 2010
  solar_year: 2014
  price_year: 2023
  carbon_year: 2023
storage_values:
  CAES:
    cost: 56.3573
    lifetime: 24.2323
    annual_cost: 2.3257098995968195
    efficiency: 0.62818
    discharge_ratio: 0.1
    depth_of_discharge: 0.4
  Li-ion:
    cost: 238.756
    lifetime: 15.7131
    annual_cost: 15.194710146311039
    efficiency: 0.891519
    discharge_ratio: 2
    depth_of_discharge: 0.9
  Pb-acid:
    cost: 174.951
    lifetime: 11.6537
    annual_cost: 15.012485305096234
    efficiency: 0.692601
    discharge_ratio: 5
    depth_of_discharge: 0.5
  VRBF:
    cost: 340.522
    lifetime: 17.8633
    annual_cost: 19.06265919510953
    efficiency: 0.742283
    discharge_ratio: 0.5
    depth_of_discharge: 1.0
