cost_values:
  wind_capex: 5000.0
  wind_opex: 100
  wind_lifetime: 20
  solar_capex: 1000.0
  solar_opex: 10
  solar_lifetime: 20
  carbon_price: 1.0
timeseries_values:
  load_level: 251412.50715474554
  wind_year: 2010
  solar_year: 2014
  price_year: 2023
  carbon_year: 2023
storage_values:
  CAES:
    cost: 64.589
    lifetime: 24.0763
    annual_cost: 2.6826796476202737
    efficiency: 0.61494
    discharge_ratio: 0.1
    depth_of_discharge: 0.4
  Li-ion:
    cost: 210.927
    lifetime: 11.8151
    annual_cost: 17.852324567714195
    efficiency: 0.896955
    discharge_ratio: 2
    depth_of_discharge: 0.9
  Pb-acid:
    cost: 169.141
    lifetime: 10.5784
    annual_cost: 15.98928004235045
    efficiency: 0.692393
    discharge_ratio: 5
    depth_of_discharge: 0.5
  VRBF:
    cost: 310.705
    lifetime: 17.8339
    annual_cost: 17.42215667913356
    efficiency: 0.7504
    discharge_ratio: 0.5
    depth_of_discharge: 1.0
