cost_values:
  wind_capex: 5000.0
  wind_opex: 100
  wind_lifetime: 20
  solar_capex: 1000.0
  solar_opex: 10
  solar_lifetime: 20
  carbon_price: 1.0
timeseries_values:
  load_level: 251412.50715474554
  wind_year: 2010
  solar_year: 2014
  price_year: 2023
  carbon_year: 2023
storage_values:
  CAES:
    cost: 55.3685
    lifetime: 24.1879
    annual_cost: 2.2890990950020464
    efficiency: 0.632039
    discharge_ratio: 0.1
    depth_of_discharge: 0.4
  Li-ion:
    cost: 233.381
    lifetime: 15.1857
    annual_cost: 15.368471654253673
    efficiency: 0.898545
    discharge_ratio: 2
    depth_of_discharge: 0.9
  Pb-acid:
    cost: 147.057
    lifetime: 11.6887
    annual_cost: 12.581125360390804
    efficiency: 0.704664
    discharge_ratio: 5
    depth_of_discharge: 0.5
  VRBF:
    cost: 274.361
    lifetime: 16.5225
    annual_cost: 16.605295808745648
    efficiency: 0.745853
    discharge_ratio: 0.5
    depth_of_discharge: 1.0
