cost_values:
  wind_capex: 5000.0
  wind_opex: 100
  wind_lifetime: 20
  solar_capex: 1000.0
  solar_opex: 10
  solar_lifetime: 20
  carbon_price: 1.0
timeseries_values:
  load_level: 251412.50715474554
  wind_year: 2010
  solar_year: 2014
  price_year: 2023
  carbon_year: 2023
storage_values:
  CAES:
    cost: 61.0264
    lifetime: 23.3112
    annual_cost: 2.617900408387385
    efficiency: 0.615446
    discharge_ratio: 0.1
    depth_of_discharge: 0.4
  Li-ion:
    cost: 220.881
    lifetime: 13.523
    annual_cost: 16.333727723138356
    efficiency: 0.883643
    discharge_ratio: 2
    depth_of_discharge: 0.9
  Pb-acid:
    cost: 143.744
    lifetime: 10.461
    annual_cost: 13.740942548513527
    efficiency: 0.710876
    discharge_ratio: 5
    depth_of_discharge: 0.5
  VRBF:
    cost: 314.179
    lifetime: 17.4879
    annual_cost: 17.965507579526413
    efficiency: 0.745845
    discharge_ratio: 0.5
    depth_of_discharge: 1.0
