cost_values:
  wind_capex: 5000.0
  wind_opex: 100
  wind_lifetime: 20
  solar_capex: 1000.0
  solar_opex: 10
  solar_lifetime: 20
  carbon_price: 1.0
timeseries_values:
  load_level: 251412.50715474554
  wind_year: 2010
  solar_year: 2014
  price_year: 2023
  carbon_year: 2023
storage_values:
  CAES:
    cost: 64.4497
    lifetime: 25.0088
    annual_cost: 2.577080867534628
    efficiency: 0.626728
    discharge_ratio: 0.1
    depth_of_discharge: 0.4
  Li-ion:
    cost: 218.947
    lifetime: 16.7594
    annual_cost: 13.064131174147047
    efficiency: 0.882512
    discharge_ratio: 2
    depth_of_discharge: 0.9
  Pb-acid:
    cost: 156.214
    lifetime: 10.6473
    annual_cost: 14.671700806777306
    efficiency: 0.691554
    discharge_ratio: 5
    depth_of_discharge: 0.5
  VRBF:
    cost: 272.993
    lifetime: 17.408
    annual_cost: 15.682042738970587
    efficiency: 0.749103
    discharge_ratio: 0.5
    depth_of_discharge: 1.0
