cost_values:
  wind_capex: 5000.0
  wind_opex: 100
  wind_lifetime: 20
  solar_capex: 1000.0
  solar_opex: 10
  solar_lifetime: 20
  carbon_price: 1.0
timeseries_values:
  load_level: 251412.50715474554
  wind_year: 2010
  solar_year: 2014
  price_year: 2023
  carbon_year: 2023
storage_values:
  CAES:
    cost: 58.5255
    lifetime: 25.0237
    annual_cost: 2.338802814931445
    efficiency: 0.611608
    discharge_ratio: 0.1
    depth_of_discharge: 0.4
  Li-ion:
    cost: 237.067
    lifetime: 15.4221
    annual_cost: 15.371901362330682
    efficiency: 0.897225
    discharge_ratio: 2
    depth_of_discharge: 0.9
  Pb-acid:
    cost: 163.773
    lifetime: 12.4907
    annual_cost: 13.111595026699865
    efficiency: 0.692664
    discharge_ratio: 5
    depth_of_discharge: 0.5
  VRBF:
    cost: 282.073
    lifetime: 17.897
    annual_cost: 15.760909649661954
    efficiency: 0.751447
    discharge_ratio: 0.5
    depth_of_discharge: 1.0
