cost_values:
  wind_capex: 5000.0
  wind_opex: 100
  wind_lifetime: 20
  solar_capex: 1000.0
  solar_opex: 10
  solar_lifetime: 20
  carbon_price: 1.0
timeseries_values:
  load_level: 251412.50715474554
  wind_year: 2010
  solar_year: 2014
  price_year: 2023
  carbon_year: 2023
storage_values:
  CAES:
    cost: 54.9997
    lifetime: 24.3622
    annual_cost: 2.2575834694732
    efficiency: 0.626754
    discharge_ratio: 0.1
    depth_of_discharge: 0.4
  Li-ion:
    cost: 235.527
    lifetime: 14.9724
    annual_cost: 15.730744570008815
    efficiency: 0.89934
    discharge_ratio: 2
    depth_of_discharge: 0.9
  Pb-acid:
    cost: 145.235
    lifetime: 10.6822
    annual_cost: 13.595982101065324
    efficiency: 0.704423
    discharge_ratio: 5
    depth_of_discharge: 0.5
  VRBF:
    cost: 280.76
    lifetime: 19.8305
    annual_cost: 14.157988956405536
    efficiency: 0.745503
    discharge_ratio: 0.5
    depth_of_discharge: 1.0
