cost_values:
  wind_capex: 5000.0
  wind_opex: 100
  wind_lifetime: 20
  solar_capex: 1000.0
  solar_opex: 10
  solar_lifetime: 20
  carbon_price: 1.0
timeseries_values:
  load_level: 289351.7636873103
  wind_year: 2011
  solar_year: 2010
  price_year: 2023
  carbon_year: 2023
storage_values:
  CAES:
    cost: 64.7097
    lifetime: 27.9548
    annual_cost: 2.314797458754847
    efficiency: 0.606665
    discharge_ratio: 0.1
    depth_of_discharge: 0.4
  Li-ion:
    cost: 188.107
    lifetime: 23.6793
    annual_cost: 7.94394259965455
    efficiency: 0.964319
    discharge_ratio: 2
    depth_of_discharge: 0.9
  Pb-acid:
    cost: 165.756
    lifetime: 6.20827
    annual_cost: 26.699225388071074
    efficiency: 0.759123
    discharge_ratio: 5
    depth_of_discharge: 0.5
  VRBF:
    cost: 266.579
    lifetime: 23.174
    annual_cost: 11.50336584102874
    efficiency: 0.706935
    discharge_ratio: 0.5
    depth_of_discharge: 1.0
