cost_values:
  wind_capex: 5000.0
  wind_opex: 100
  wind_lifetime: 20
  solar_capex: 1000.0
  solar_opex: 10
  solar_lifetime: 20
  carbon_price: 1.0
timeseries_values:
  load_level: 289351.7636873103
  wind_year: 2011
  solar_year: 2010
  price_year: 2023
  carbon_year: 2023
storage_values:
  CAES:
    cost: 63.4145
    lifetime: 28.7277
    annual_cost: 2.2074339400648153
    efficiency: 0.600678
    discharge_ratio: 0.1
    depth_of_discharge: 0.4
  Li-ion:
    cost: 184.836
    lifetime: 23.8227
    annual_cost: 7.7588182699693995
    efficiency: 0.9687
    discharge_ratio: 2
    depth_of_discharge: 0.9
  Pb-acid:
    cost: 158.1
    lifetime: 5.67518
    annual_cost: 27.85814723057242
    efficiency: 0.75006
    discharge_ratio: 5
    depth_of_discharge: 0.5
  VRBF:
    cost: 299.72
    lifetime: 23.5337
    annual_cost: 12.735778904294694
    efficiency: 0.722326
    discharge_ratio: 0.5
    depth_of_discharge: 1.0
