cost_values:
  wind_capex: 5000.0
  wind_opex: 100
  wind_lifetime: 20
  solar_capex: 1000.0
  solar_opex: 10
  solar_lifetime: 20
  carbon_price: 1.0
timeseries_values:
  load_level: 289351.7636873103
  wind_year: 2011
  solar_year: 2010
  price_year: 2023
  carbon_year: 2023
storage_values:
  CAES:
    cost: 65.3302
    lifetime: 29.5367
    annual_cost: 2.211831382652768
    efficiency: 0.597242
    discharge_ratio: 0.1
    depth_of_discharge: 0.4
  Li-ion:
    cost: 171.451
    lifetime: 22.8282
    annual_cost: 7.510491409747593
    efficiency: 0.952413
    discharge_ratio: 2
    depth_of_discharge: 0.9
  Pb-acid:
    cost: 170.161
    lifetime: 6.90092
    annual_cost: 24.65772679584751
    efficiency: 0.751278
    discharge_ratio: 5
    depth_of_discharge: 0.5
  VRBF:
    cost: 272.309
    lifetime: 22.0331
    annual_cost: 12.359087009998593
    efficiency: 0.701114
    discharge_ratio: 0.5
    depth_of_discharge: 1.0
