cost_values:
  wind_capex: 5000.0
  wind_opex: 100
  wind_lifetime: 20
  solar_capex: 1000.0
  solar_opex: 10
  solar_lifetime: 20
  carbon_price: 1.0
timeseries_values:
  load_level: 289351.7636873103
  wind_year: 2011
  solar_year: 2010
  price_year: 2023
  carbon_year: 2023
storage_values:
  CAES:
    cost: 63.3929
    lifetime: 28.9423
    annual_cost: 2.190320050583402
    efficiency: 0.596882
    discharge_ratio: 0.1
    depth_of_discharge: 0.4
  Li-ion:
    cost: 202.788
    lifetime: 22.024
    annual_cost: 9.20759171812568
    efficiency: 0.963087
    discharge_ratio: 2
    depth_of_discharge: 0.9
  Pb-acid:
    cost: 143.305
    lifetime: 7.14406
    annual_cost: 20.05932201017349
    efficiency: 0.760452
    discharge_ratio: 5
    depth_of_discharge: 0.5
  VRBF:
    cost: 291.582
    lifetime: 21.2685
    annual_cost: 13.709570491572043
    efficiency: 0.700072
    discharge_ratio: 0.5
    depth_of_discharge: 1.0
