cost_values:
  wind_capex: 5000.0
  wind_opex: 100
  wind_lifetime: 20
  solar_capex: 1000.0
  solar_opex: 10
  solar_lifetime: 20
  carbon_price: 1.0
timeseries_values:
  load_level: 289351.7636873103
  wind_year: 2011
  solar_year: 2010
  price_year: 2023
  carbon_year: 2023
storage_values:
  CAES:
    cost: 61.9282
    lifetime: 28.3349
    annual_cost: 2.1855803267348746
    efficiency: 0.601643
    discharge_ratio: 0.1
    depth_of_discharge: 0.4
  Li-ion:
    cost: 180.287
    lifetime: 22.4602
    annual_cost: 8.026954345909653
    efficiency: 0.966849
    discharge_ratio: 2
    depth_of_discharge: 0.9
  Pb-acid:
    cost: 155.918
    lifetime: 6.497
    annual_cost: 23.998460828074496
    efficiency: 0.759785
    discharge_ratio: 5
    depth_of_discharge: 0.5
  VRBF:
    cost: 299.745
    lifetime: 24.0662
    annual_cost: 12.455019903433032
    efficiency: 0.691542
    discharge_ratio: 0.5
    depth_of_discharge: 1.0
