cost_values:
  wind_capex: 5000.0
  wind_opex: 100
  wind_lifetime: 20
  solar_capex: 1000.0
  solar_opex: 10
  solar_lifetime: 20
  carbon_price: 1.0
timeseries_values:
  load_level: 289351.7636873103
  wind_year: 2011
  solar_year: 2010
  price_year: 2023
  carbon_year: 2023
storage_values:
  CAES:
    cost: 65.3097
    lifetime: 28.7203
    annual_cost: 2.273990870568901
    efficiency: 0.608018
    discharge_ratio: 0.1
    depth_of_discharge: 0.4
  Li-ion:
    cost: 173.162
    lifetime: 23.8641
    annual_cost: 7.256171403907962
    efficiency: 0.963838
    discharge_ratio: 2
    depth_of_discharge: 0.9
  Pb-acid:
    cost: 164.118
    lifetime: 6.34718
    annual_cost: 25.856837209595444
    efficiency: 0.759126
    discharge_ratio: 5
    depth_of_discharge: 0.5
  VRBF:
    cost: 269.461
    lifetime: 23.6844
    annual_cost: 11.377151205012582
    efficiency: 0.710013
    discharge_ratio: 0.5
    depth_of_discharge: 1.0
