cost_values:
  wind_capex: 5000.0
  wind_opex: 100
  wind_lifetime: 20
  solar_capex: 1000.0
  solar_opex: 10
  solar_lifetime: 20
  carbon_price: 1.0
timeseries_values:
  load_level: 289351.7636873103
  wind_year: 2011
  solar_year: 2010
  price_year: 2023
  carbon_year: 2023
storage_values:
  CAES:
    cost: 66.5354
    lifetime: 28.9753
    annual_cost: 2.2962799349791028
    efficiency: 0.598872
    discharge_ratio: 0.1
    depth_of_discharge: 0.4
  Li-ion:
    cost: 185.04
    lifetime: 22.0815
    annual_cost: 8.379865498267781
    efficiency: 0.96175
    discharge_ratio: 2
    depth_of_discharge: 0.9
  Pb-acid:
    cost: 186.326
    lifetime: 5.82051
    annual_cost: 32.01197145954564
    efficiency: 0.723369
    discharge_ratio: 5
    depth_of_discharge: 0.5
  VRBF:
    cost: 273.073
    lifetime: 20.6717
    annual_cost: 13.209992405075536
    efficiency: 0.689528
    discharge_ratio: 0.5
    depth_of_discharge: 1.0
