cost_values:
  wind_capex: 5000.0
  wind_opex: 100
  wind_lifetime: 20
  solar_capex: 1000.0
  solar_opex: 10
  solar_lifetime: 20
  carbon_price: 1.0
timeseries_values:
  load_level: 289351.7636873103
  wind_year: 2011
  solar_year: 2010
  price_year: 2023
  carbon_year: 2023
storage_values:
  CAES:
    cost: 55.9204
    lifetime: 29.2146
    annual_cost: 1.9141251292162138
    efficiency: 0.609563
    discharge_ratio: 0.1
    depth_of_discharge: 0.4
  Li-ion:
    cost: 193.745
    lifetime: 22.9331
    annual_cost: 8.44826909576115
    efficiency: 0.952606
    discharge_ratio: 2
    depth_of_discharge: 0.9
  Pb-acid:
    cost: 163.4
    lifetime: 5.26776
    annual_cost: 31.018877093869122
    efficiency: 0.74633
    discharge_ratio: 5
    depth_of_discharge: 0.5
  VRBF:
    cost: 291.14
    lifetime: 22.4342
    annual_cost: 12.977507555428764
    efficiency: 0.740193
    discharge_ratio: 0.5
    depth_of_discharge: 1.0
