cost_values:
  wind_capex: 5000.0
  wind_opex: 100
  wind_lifetime: 20
  solar_capex: 1000.0
  solar_opex: 10
  solar_lifetime: 20
  carbon_price: 1.0
timeseries_values:
  load_level: 289351.7636873103
  wind_year: 2011
  solar_year: 2010
  price_year: 2023
  carbon_year: 2023
storage_values:
  CAES:
    cost: 61.2984
    lifetime: 29.244
    annual_cost: 2.0961017644645055
    efficiency: 0.604912
    discharge_ratio: 0.1
    depth_of_discharge: 0.4
  Li-ion:
    cost: 181.592
    lifetime: 24.5085
    annual_cost: 7.409347777301752
    efficiency: 0.973111
    discharge_ratio: 2
    depth_of_discharge: 0.9
  Pb-acid:
    cost: 161.482
    lifetime: 5.92301
    annual_cost: 27.263502847369836
    efficiency: 0.738556
    discharge_ratio: 5
    depth_of_discharge: 0.5
  VRBF:
    cost: 295.429
    lifetime: 22.7027
    annual_cost: 13.012945596779236
    efficiency: 0.718332
    discharge_ratio: 0.5
    depth_of_discharge: 1.0
