cost_values:
  wind_capex: 5000.0
  wind_opex: 100
  wind_lifetime: 20
  solar_capex: 1000.0
  solar_opex: 10
  solar_lifetime: 20
  carbon_price: 1.0
timeseries_values:
  load_level: 289351.7636873103
  wind_year: 2011
  solar_year: 2010
  price_year: 2023
  carbon_year: 2023
storage_values:
  CAES:
    cost: 59.2301
    lifetime: 28.8817
    annual_cost: 2.0507830217750342
    efficiency: 0.602713
    discharge_ratio: 0.1
    depth_of_discharge: 0.4
  Li-ion:
    cost: 175.978
    lifetime: 21.9886
    annual_cost: 8.003147085307841
    efficiency: 0.951914
    discharge_ratio: 2
    depth_of_discharge: 0.9
  Pb-acid:
    cost: 150.482
    lifetime: 6.31679
    annual_cost: 23.822542778848117
    efficiency: 0.76413
    discharge_ratio: 5
    depth_of_discharge: 0.5
  VRBF:
    cost: 263.029
    lifetime: 24.9777
    annual_cost: 10.530553253502124
    efficiency: 0.714352
    discharge_ratio: 0.5
    depth_of_discharge: 1.0
