cost_values:
  wind_capex: 5000.0
  wind_opex: 100
  wind_lifetime: 20
  solar_capex: 1000.0
  solar_opex: 10
  solar_lifetime: 20
  carbon_price: 1.0
timeseries_values:
  load_level: 289351.7636873103
  wind_year: 2011
  solar_year: 2010
  price_year: 2023
  carbon_year: 2023
storage_values:
  CAES:
    cost: 57.7397
    lifetime: 28.3238
    annual_cost: 2.038557679407424
    efficiency: 0.601642
    discharge_ratio: 0.1
    depth_of_discharge: 0.4
  Li-ion:
    cost: 190.33
    lifetime: 21.4729
    annual_cost: 8.863730562709277
    efficiency: 0.966636
    discharge_ratio: 2
    depth_of_discharge: 0.9
  Pb-acid:
    cost: 176.113
    lifetime: 8.02349
    annual_cost: 21.949675266000206
    efficiency: 0.764045
    discharge_ratio: 5
    depth_of_discharge: 0.5
  VRBF:
    cost: 302.897
    lifetime: 21.0808
    annual_cost: 14.368382604075746
    efficiency: 0.727048
    discharge_ratio: 0.5
    depth_of_discharge: 1.0
