cost_values:
  wind_capex: 5000.0
  wind_opex: 100
  wind_lifetime: 20
  solar_capex: 1000.0
  solar_opex: 10
  solar_lifetime: 20
  carbon_price: 1.0
timeseries_values:
  load_level: 289351.7636873103
  wind_year: 2011
  solar_year: 2010
  price_year: 2023
  carbon_year: 2023
storage_values:
  CAES:
    cost: 59.2401
    lifetime: 29.1387
    annual_cost: 2.033038536379454
    efficiency: 0.603564
    discharge_ratio: 0.1
    depth_of_discharge: 0.4
  Li-ion:
    cost: 189.747
    lifetime: 21.8087
    annual_cost: 8.70051860037508
    efficiency: 0.952084
    discharge_ratio: 2
    depth_of_discharge: 0.9
  Pb-acid:
    cost: 163.586
    lifetime: 6.29789
    annual_cost: 25.974731219503678
    efficiency: 0.7475
    discharge_ratio: 5
    depth_of_discharge: 0.5
  VRBF:
    cost: 307.683
    lifetime: 22.3358
    annual_cost: 13.775329291988646
    efficiency: 0.721807
    discharge_ratio: 0.5
    depth_of_discharge: 1.0
