cost_values:
  wind_capex: 5000.0
  wind_opex: 100
  wind_lifetime: 20
  solar_capex: 1000.0
  solar_opex: 10
  solar_lifetime: 20
  carbon_price: 1.0
timeseries_values:
  load_level: 289351.7636873103
  wind_year: 2011
  solar_year: 2010
  price_year: 2023
  carbon_year: 2023
storage_values:
  CAES:
    cost: 61.9832
    lifetime: 29.6488
    annual_cost: 2.090580394484768
    efficiency: 0.600667
    discharge_ratio: 0.1
    depth_of_discharge: 0.4
  Li-ion:
    cost: 177.401
    lifetime: 20.6334
    annual_cost: 8.597758973315111
    efficiency: 0.956341
    discharge_ratio: 2
    depth_of_discharge: 0.9
  Pb-acid:
    cost: 169.734
    lifetime: 6.96558
    annual_cost: 24.36753292618849
    efficiency: 0.748618
    discharge_ratio: 5
    depth_of_discharge: 0.5
  VRBF:
    cost: 286.616
    lifetime: 22.1535
    annual_cost: 12.93772992980793
    efficiency: 0.71049
    discharge_ratio: 0.5
    depth_of_discharge: 1.0
