cost_values:
  wind_capex: 5000.0
  wind_opex: 100
  wind_lifetime: 20
  solar_capex: 1000.0
  solar_opex: 10
  solar_lifetime: 20
  carbon_price: 1.0
timeseries_values:
  load_level: 289351.7636873103
  wind_year: 2011
  solar_year: 2010
  price_year: 2023
  carbon_year: 2023
storage_values:
  CAES:
    cost: 62.0654
    lifetime: 29.2135
    annual_cost: 2.1245451589162543
    efficiency: 0.604336
    discharge_ratio: 0.1
    depth_of_discharge: 0.4
  Li-ion:
    cost: 199.931
    lifetime: 22.2894
    annual_cost: 8.969779357003778
    efficiency: 0.975345
    discharge_ratio: 2
    depth_of_discharge: 0.9
  Pb-acid:
    cost: 161.542
    lifetime: 8.08122
    annual_cost: 19.98980351976558
    efficiency: 0.739761
    discharge_ratio: 5
    depth_of_discharge: 0.5
  VRBF:
    cost: 271.182
    lifetime: 21.8666
    annual_cost: 12.401653663578244
    efficiency: 0.708816
    discharge_ratio: 0.5
    depth_of_discharge: 1.0
