cost_values:
  wind_capex: 5000.0
  wind_opex: 100
  wind_lifetime: 20
  solar_capex: 1000.0
  solar_opex: 10
  solar_lifetime: 20
  carbon_price: 1.0
timeseries_values:
  load_level: 289351.7636873103
  wind_year: 2011
  solar_year: 2010
  price_year: 2023
  carbon_year: 2023
storage_values:
  CAES:
    cost: 61.9924
    lifetime: 28.4018
    annual_cost: 2.1826926462407314
    efficiency: 0.603029
    discharge_ratio: 0.1
    depth_of_discharge: 0.4
  Li-ion:
    cost: 172.118
    lifetime: 22.5255
    annual_cost: 7.641029055958802
    efficiency: 0.970743
    discharge_ratio: 2
    depth_of_discharge: 0.9
  Pb-acid:
    cost: 178.766
    lifetime: 7.048
    annual_cost: 25.364074914869466
    efficiency: 0.760652
    discharge_ratio: 5
    depth_of_discharge: 0.5
  VRBF:
    cost: 284.224
    lifetime: 22.2506
    annual_cost: 12.773767898393752
    efficiency: 0.720607
    discharge_ratio: 0.5
    depth_of_discharge: 1.0
