cost_values:
  wind_capex: 5000.0
  wind_opex: 100
  wind_lifetime: 20
  solar_capex: 1000.0
  solar_opex: 10
  solar_lifetime: 20
  carbon_price: 1.0
timeseries_values:
  load_level: 289351.7636873103
  wind_year: 2011
  solar_year: 2010
  price_year: 2023
  carbon_year: 2023
storage_values:
  CAES:
    cost: 57.9993
    lifetime: 28.7724
    annual_cost: 2.0157963882053633
    efficiency: 0.589678
    discharge_ratio: 0.1
    depth_of_discharge: 0.4
  Li-ion:
    cost: 173.702
    lifetime: 23.5532
    annual_cost: 7.3748789973336955
    efficiency: 0.94812
    discharge_ratio: 2
    depth_of_discharge: 0.9
  Pb-acid:
    cost: 145.633
    lifetime: 6.59966
    annual_cost: 22.066742832206508
    efficiency: 0.753895
    discharge_ratio: 5
    depth_of_discharge: 0.5
  VRBF:
    cost: 264.267
    lifetime: 23.5368
    annual_cost: 11.227821963903335
    efficiency: 0.708396
    discharge_ratio: 0.5
    depth_of_discharge: 1.0
