cost_values:
  wind_capex: 5000.0
  wind_opex: 100
  wind_lifetime: 20
  solar_capex: 1000.0
  solar_opex: 10
  solar_lifetime: 20
  carbon_price: 1.0
timeseries_values:
  load_level: 289351.7636873103
  wind_year: 2011
  solar_year: 2010
  price_year: 2023
  carbon_year: 2023
storage_values:
  CAES:
    cost: 63.9073
    lifetime: 29.1576
    annual_cost: 2.191788761763657
    efficiency: 0.607991
    discharge_ratio: 0.1
    depth_of_discharge: 0.4
  Li-ion:
    cost: 204.443
    lifetime: 21.8281
    annual_cost: 9.366046518020351
    efficiency: 0.954155
    discharge_ratio: 2
    depth_of_discharge: 0.9
  Pb-acid:
    cost: 167.784
    lifetime: 6.98745
    annual_cost: 24.01219328939742
    efficiency: 0.760894
    discharge_ratio: 5
    depth_of_discharge: 0.5
  VRBF:
    cost: 298.004
    lifetime: 24.551
    annual_cost: 12.138161378355262
    efficiency: 0.693264
    discharge_ratio: 0.5
    depth_of_discharge: 1.0
