cost_values:
  wind_capex: 5000.0
  wind_opex: 100
  wind_lifetime: 20
  solar_capex: 1000.0
  solar_opex: 10
  solar_lifetime: 20
  carbon_price: 1.0
timeseries_values:
  load_level: 289351.7636873103
  wind_year: 2011
  solar_year: 2010
  price_year: 2023
  carbon_year: 2023
storage_values:
  CAES:
    cost: 61.9179
    lifetime: 28.7286
    annual_cost: 2.1552703577619514
    efficiency: 0.600283
    discharge_ratio: 0.1
    depth_of_discharge: 0.4
  Li-ion:
    cost: 161.541
    lifetime: 23.5069
    annual_cost: 6.872067350437531
    efficiency: 0.963122
    discharge_ratio: 2
    depth_of_discharge: 0.9
  Pb-acid:
    cost: 136.016
    lifetime: 5.04298
    annual_cost: 26.971354238961883
    efficiency: 0.773303
    discharge_ratio: 5
    depth_of_discharge: 0.5
  VRBF:
    cost: 294.785
    lifetime: 22.4093
    annual_cost: 13.154583141820584
    efficiency: 0.687438
    discharge_ratio: 0.5
    depth_of_discharge: 1.0
