cost_values:
  wind_capex: 5000.0
  wind_opex: 100
  wind_lifetime: 20
  solar_capex: 1000.0
  solar_opex: 10
  solar_lifetime: 20
  carbon_price: 1.0
timeseries_values:
  load_level: 289351.7636873103
  wind_year: 2011
  solar_year: 2010
  price_year: 2023
  carbon_year: 2023
storage_values:
  CAES:
    cost: 59.7995
    lifetime: 28.362
    annual_cost: 2.108437345744306
    efficiency: 0.610096
    discharge_ratio: 0.1
    depth_of_discharge: 0.4
  Li-ion:
    cost: 193.709
    lifetime: 22.6927
    annual_cost: 8.536181238900616
    efficiency: 0.951045
    discharge_ratio: 2
    depth_of_discharge: 0.9
  Pb-acid:
    cost: 168.434
    lifetime: 7.72985
    annual_cost: 21.790073546058462
    efficiency: 0.765076
    discharge_ratio: 5
    depth_of_discharge: 0.5
  VRBF:
    cost: 263.789
    lifetime: 24.2354
    annual_cost: 10.88445001939312
    efficiency: 0.700599
    discharge_ratio: 0.5
    depth_of_discharge: 1.0
