cost_values:
  wind_capex: 5000.0
  wind_opex: 100
  wind_lifetime: 20
  solar_capex: 1000.0
  solar_opex: 10
  solar_lifetime: 20
  carbon_price: 1.0
timeseries_values:
  load_level: 289351.7636873103
  wind_year: 2011
  solar_year: 2010
  price_year: 2023
  carbon_year: 2023
storage_values:
  CAES:
    cost: 63.9296
    lifetime: 28.2631
    annual_cost: 2.2619457879708875
    efficiency: 0.601862
    discharge_ratio: 0.1
    depth_of_discharge: 0.4
  Li-ion:
    cost: 171.892
    lifetime: 23.933
    annual_cost: 7.182217022521205
    efficiency: 0.974871
    discharge_ratio: 2
    depth_of_discharge: 0.9
  Pb-acid:
    cost: 168.955
    lifetime: 7.10115
    annual_cost: 23.792625138181847
    efficiency: 0.745343
    discharge_ratio: 5
    depth_of_discharge: 0.5
  VRBF:
    cost: 265.768
    lifetime: 21.782
    annual_cost: 12.201267101276281
    efficiency: 0.705446
    discharge_ratio: 0.5
    depth_of_discharge: 1.0
