cost_values:
  wind_capex: 5000.0
  wind_opex: 100
  wind_lifetime: 20
  solar_capex: 1000.0
  solar_opex: 10
  solar_lifetime: 20
  carbon_price: 1.0
timeseries_values:
  load_level: 289351.7636873103
  wind_year: 2011
  solar_year: 2010
  price_year: 2023
  carbon_year: 2023
storage_values:
  CAES:
    cost: 61.8813
    lifetime: 28.1996
    annual_cost: 2.19440346671584
    efficiency: 0.600864
    discharge_ratio: 0.1
    depth_of_discharge: 0.4
  Li-ion:
    cost: 187.812
    lifetime: 21.6171
    annual_cost: 8.688121903493068
    efficiency: 0.963132
    discharge_ratio: 2
    depth_of_discharge: 0.9
  Pb-acid:
    cost: 166.18
    lifetime: 5.96854
    annual_cost: 27.842654987651922
    efficiency: 0.756663
    discharge_ratio: 5
    depth_of_discharge: 0.5
  VRBF:
    cost: 266.004
    lifetime: 20.3973
    annual_cost: 13.04113779764969
    efficiency: 0.719008
    discharge_ratio: 0.5
    depth_of_discharge: 1.0
