cost_values:
  wind_capex: 5000.0
  wind_opex: 100
  wind_lifetime: 20
  solar_capex: 1000.0
  solar_opex: 10
  solar_lifetime: 20
  carbon_price: 1.0
timeseries_values:
  load_level: 289351.7636873103
  wind_year: 2011
  solar_year: 2010
  price_year: 2023
  carbon_year: 2023
storage_values:
  CAES:
    cost: 59.8745
    lifetime: 28.2732
    annual_cost: 2.117712179732043
    efficiency: 0.607085
    discharge_ratio: 0.1
    depth_of_discharge: 0.4
  Li-ion:
    cost: 204.302
    lifetime: 21.5525
    annual_cost: 9.479271546224336
    efficiency: 0.958366
    discharge_ratio: 2
    depth_of_discharge: 0.9
  Pb-acid:
    cost: 166.973
    lifetime: 6.93336
    annual_cost: 24.08255160557075
    efficiency: 0.745976
    discharge_ratio: 5
    depth_of_discharge: 0.5
  VRBF:
    cost: 289.345
    lifetime: 19.0079
    annual_cost: 15.222354915587731
    efficiency: 0.734161
    discharge_ratio: 0.5
    depth_of_discharge: 1.0
