cost_values:
  wind_capex: 5000.0
  wind_opex: 100
  wind_lifetime: 20
  solar_capex: 1000.0
  solar_opex: 10
  solar_lifetime: 20
  carbon_price: 1.0
timeseries_values:
  load_level: 289351.7636873103
  wind_year: 2011
  solar_year: 2010
  price_year: 2023
  carbon_year: 2023
storage_values:
  CAES:
    cost: 60.5847
    lifetime: 26.9761
    annual_cost: 2.245865784898484
    efficiency: 0.605037
    discharge_ratio: 0.1
    depth_of_discharge: 0.4
  Li-ion:
    cost: 201.425
    lifetime: 22.2408
    annual_cost: 9.05655372108917
    efficiency: 0.955694
    discharge_ratio: 2
    depth_of_discharge: 0.9
  Pb-acid:
    cost: 161.833
    lifetime: 5.08767
    annual_cost: 31.80886338933146
    efficiency: 0.768155
    discharge_ratio: 5
    depth_of_discharge: 0.5
  VRBF:
    cost: 316.585
    lifetime: 22.2719
    annual_cost: 14.214548377102986
    efficiency: 0.704949
    discharge_ratio: 0.5
    depth_of_discharge: 1.0
