cost_values:
  wind_capex: 5000.0
  wind_opex: 100
  wind_lifetime: 20
  solar_capex: 1000.0
  solar_opex: 10
  solar_lifetime: 20
  carbon_price: 1.0
timeseries_values:
  load_level: 289351.7636873103
  wind_year: 2011
  solar_year: 2010
  price_year: 2023
  carbon_year: 2023
storage_values:
  CAES:
    cost: 68.5827
    lifetime: 29.208
    annual_cost: 2.3480792933442896
    efficiency: 0.597125
    discharge_ratio: 0.1
    depth_of_discharge: 0.4
  Li-ion:
    cost: 194.361
    lifetime: 22.1898
    annual_cost: 8.759024416623854
    efficiency: 0.966359
    discharge_ratio: 2
    depth_of_discharge: 0.9
  Pb-acid:
    cost: 170.144
    lifetime: 6.82151
    annual_cost: 24.94227817594638
    efficiency: 0.748802
    discharge_ratio: 5
    depth_of_discharge: 0.5
  VRBF:
    cost: 268.661
    lifetime: 20.9127
    annual_cost: 12.846786880699288
    efficiency: 0.704919
    discharge_ratio: 0.5
    depth_of_discharge: 1.0
