cost_values:
  wind_capex: 5000.0
  wind_opex: 100
  wind_lifetime: 20
  solar_capex: 1000.0
  solar_opex: 10
  solar_lifetime: 20
  carbon_price: 1.0
timeseries_values:
  load_level: 289351.7636873103
  wind_year: 2011
  solar_year: 2010
  price_year: 2023
  carbon_year: 2023
storage_values:
  CAES:
    cost: 60.1504
    lifetime: 28.3253
    annual_cost: 2.1235573850938914
    efficiency: 0.600012
    discharge_ratio: 0.1
    depth_of_discharge: 0.4
  Li-ion:
    cost: 195.857
    lifetime: 23.7011
    annual_cost: 8.263624895047066
    efficiency: 0.964422
    discharge_ratio: 2
    depth_of_discharge: 0.9
  Pb-acid:
    cost: 183.764
    lifetime: 5.23829
    annual_cost: 35.08091380965926
    efficiency: 0.754168
    discharge_ratio: 5
    depth_of_discharge: 0.5
  VRBF:
    cost: 292.211
    lifetime: 22.5007
    annual_cost: 12.986751523285944
    efficiency: 0.692832
    discharge_ratio: 0.5
    depth_of_discharge: 1.0
