cost_values:
  wind_capex: 5000.0
  wind_opex: 100
  wind_lifetime: 20
  solar_capex: 1000.0
  solar_opex: 10
  solar_lifetime: 20
  carbon_price: 1.0
timeseries_values:
  load_level: 289351.7636873103
  wind_year: 2011
  solar_year: 2010
  price_year: 2023
  carbon_year: 2023
storage_values:
  CAES:
    cost: 73.4888
    lifetime: 28.3303
    annual_cost: 2.5940000635362135
    efficiency: 0.603745
    discharge_ratio: 0.1
    depth_of_discharge: 0.4
  Li-ion:
    cost: 201.318
    lifetime: 22.8418
    annual_cost: 8.813578614645081
    efficiency: 0.956656
    discharge_ratio: 2
    depth_of_discharge: 0.9
  Pb-acid:
    cost: 150.497
    lifetime: 5.40784
    annual_cost: 27.829410633450696
    efficiency: 0.758793
    discharge_ratio: 5
    depth_of_discharge: 0.5
  VRBF:
    cost: 272.771
    lifetime: 23.1749
    annual_cost: 11.770104725370983
    efficiency: 0.694963
    discharge_ratio: 0.5
    depth_of_discharge: 1.0
