cost_values:
  wind_capex: 5000.0
  wind_opex: 100
  wind_lifetime: 20
  solar_capex: 1000.0
  solar_opex: 10
  solar_lifetime: 20
  carbon_price: 1.0
timeseries_values:
  load_level: 289351.7636873103
  wind_year: 2011
  solar_year: 2010
  price_year: 2023
  carbon_year: 2023
storage_values:
  CAES:
    cost: 59.1869
    lifetime: 28.8057
    annual_cost: 2.05469403624977
    efficiency: 0.597335
    discharge_ratio: 0.1
    depth_of_discharge: 0.4
  Li-ion:
    cost: 202.661
    lifetime: 22.1529
    annual_cost: 9.148283069033852
    efficiency: 0.973602
    discharge_ratio: 2
    depth_of_discharge: 0.9
  Pb-acid:
    cost: 163.146
    lifetime: 7.33714
    annual_cost: 22.235639499859616
    efficiency: 0.745529
    discharge_ratio: 5
    depth_of_discharge: 0.5
  VRBF:
    cost: 300.656
    lifetime: 21.8746
    annual_cost: 13.74452561418266
    efficiency: 0.702239
    discharge_ratio: 0.5
    depth_of_discharge: 1.0
