cost_values:
  wind_capex: 5000.0
  wind_opex: 100
  wind_lifetime: 20
  solar_capex: 1000.0
  solar_opex: 10
  solar_lifetime: 20
  carbon_price: 1.0
timeseries_values:
  load_level: 289351.7636873103
  wind_year: 2011
  solar_year: 2010
  price_year: 2023
  carbon_year: 2023
storage_values:
  CAES:
    cost: 61.2591
    lifetime: 28.9466
    annual_cost: 2.1162796321502353
    efficiency: 0.604986
    discharge_ratio: 0.1
    depth_of_discharge: 0.4
  Li-ion:
    cost: 183.78
    lifetime: 22.805
    annual_cost: 8.058759044069284
    efficiency: 0.964411
    discharge_ratio: 2
    depth_of_discharge: 0.9
  Pb-acid:
    cost: 178.59
    lifetime: 6.51742
    annual_cost: 27.401947396362363
    efficiency: 0.746738
    discharge_ratio: 5
    depth_of_discharge: 0.5
  VRBF:
    cost: 302.663
    lifetime: 21.551
    annual_cost: 14.044035079578675
    efficiency: 0.693857
    discharge_ratio: 0.5
    depth_of_discharge: 1.0
