cost_values:
  wind_capex: 5000.0
  wind_opex: 100
  wind_lifetime: 20
  solar_capex: 1000.0
  solar_opex: 10
  solar_lifetime: 20
  carbon_price: 1.0
timeseries_values:
  load_level: 289351.7636873103
  wind_year: 2011
  solar_year: 2010
  price_year: 2023
  carbon_year: 2023
storage_values:
  CAES:
    cost: 69.0248
    lifetime: 28.7541
    annual_cost: 2.400520273630543
    efficiency: 0.601772
    discharge_ratio: 0.1
    depth_of_discharge: 0.4
  Li-ion:
    cost: 181.102
    lifetime: 24.3453
    annual_cost: 7.4388896419432085
    efficiency: 0.963519
    discharge_ratio: 2
    depth_of_discharge: 0.9
  Pb-acid:
    cost: 164.052
    lifetime: 6.37824
    annual_cost: 25.720574954846477
    efficiency: 0.752842
    discharge_ratio: 5
    depth_of_discharge: 0.5
  VRBF:
    cost: 291.853
    lifetime: 21.6655
    annual_cost: 13.470863815743924
    efficiency: 0.734214
    discharge_ratio: 0.5
    depth_of_discharge: 1.0
