cost_values:
  wind_capex: 5000.0
  wind_opex: 100
  wind_lifetime: 20
  solar_capex: 1000.0
  solar_opex: 10
  solar_lifetime: 20
  carbon_price: 1.0
timeseries_values:
  load_level: 289351.7636873103
  wind_year: 2011
  solar_year: 2010
  price_year: 2023
  carbon_year: 2023
storage_values:
  CAES:
    cost: 50.4612
    lifetime: 28.8849
    annual_cost: 1.7469750630952505
    efficiency: 0.605422
    discharge_ratio: 0.1
    depth_of_discharge: 0.4
  Li-ion:
    cost: 188.791
    lifetime: 22.6619
    annual_cost: 8.330766617097419
    efficiency: 0.988486
    discharge_ratio: 2
    depth_of_discharge: 0.9
  Pb-acid:
    cost: 146.017
    lifetime: 7.42002
    annual_cost: 19.67878792779534
    efficiency: 0.73423
    discharge_ratio: 5
    depth_of_discharge: 0.5
  VRBF:
    cost: 289.117
    lifetime: 21.779
    annual_cost: 13.275035584737592
    efficiency: 0.694163
    discharge_ratio: 0.5
    depth_of_discharge: 1.0
