cost_values:
  wind_capex: 5000.0
  wind_opex: 100
  wind_lifetime: 20
  solar_capex: 1000.0
  solar_opex: 10
  solar_lifetime: 20
  carbon_price: 1.0
timeseries_values:
  load_level: 289351.7636873103
  wind_year: 2011
  solar_year: 2010
  price_year: 2023
  carbon_year: 2023
storage_values:
  CAES:
    cost: 68.0501
    lifetime: 29.0399
    annual_cost: 2.3433310720766944
    efficiency: 0.598313
    discharge_ratio: 0.1
    depth_of_discharge: 0.4
  Li-ion:
    cost: 198.549
    lifetime: 23.0581
    annual_cost: 8.610813553588544
    efficiency: 0.978685
    discharge_ratio: 2
    depth_of_discharge: 0.9
  Pb-acid:
    cost: 187.377
    lifetime: 6.9295
    annual_cost: 27.040479111046974
    efficiency: 0.744827
    discharge_ratio: 5
    depth_of_discharge: 0.5
  VRBF:
    cost: 295.928
    lifetime: 22.8441
    annual_cost: 12.954242014349438
    efficiency: 0.696738
    discharge_ratio: 0.5
    depth_of_discharge: 1.0
