cost_values:
  wind_capex: 5000.0
  wind_opex: 100
  wind_lifetime: 20
  solar_capex: 1000.0
  solar_opex: 10
  solar_lifetime: 20
  carbon_price: 1.0
timeseries_values:
  load_level: 289351.7636873103
  wind_year: 2011
  solar_year: 2010
  price_year: 2023
  carbon_year: 2023
storage_values:
  CAES:
    cost: 63.3381
    lifetime: 28.6907
    annual_cost: 2.207617799496004
    efficiency: 0.605964
    discharge_ratio: 0.1
    depth_of_discharge: 0.4
  Li-ion:
    cost: 180.906
    lifetime: 24.0108
    annual_cost: 7.534359538207807
    efficiency: 0.941776
    discharge_ratio: 2
    depth_of_discharge: 0.9
  Pb-acid:
    cost: 150.346
    lifetime: 6.10878
    annual_cost: 24.611460880896022
    efficiency: 0.757493
    discharge_ratio: 5
    depth_of_discharge: 0.5
  VRBF:
    cost: 335.53
    lifetime: 22.8706
    annual_cost: 14.67080006646087
    efficiency: 0.700281
    discharge_ratio: 0.5
    depth_of_discharge: 1.0
