cost_values:
  wind_capex: 5000.0
  wind_opex: 100
  wind_lifetime: 20
  solar_capex: 1000.0
  solar_opex: 10
  solar_lifetime: 20
  carbon_price: 1.0
timeseries_values:
  load_level: 289351.7636873103
  wind_year: 2011
  solar_year: 2010
  price_year: 2023
  carbon_year: 2023
storage_values:
  CAES:
    cost: 60.5305
    lifetime: 28.4293
    annual_cost: 2.1291590014527264
    efficiency: 0.609478
    discharge_ratio: 0.1
    depth_of_discharge: 0.4
  Li-ion:
    cost: 190.858
    lifetime: 23.5032
    annual_cost: 8.12051124953198
    efficiency: 0.958293
    discharge_ratio: 2
    depth_of_discharge: 0.9
  Pb-acid:
    cost: 150.445
    lifetime: 6.0018
    annual_cost: 25.066646672664866
    efficiency: 0.739467
    discharge_ratio: 5
    depth_of_discharge: 0.5
  VRBF:
    cost: 293.926
    lifetime: 22.4716
    annual_cost: 13.079887502447534
    efficiency: 0.697998
    discharge_ratio: 0.5
    depth_of_discharge: 1.0
