cost_values:
  wind_capex: 5000.0
  wind_opex: 100
  wind_lifetime: 20
  solar_capex: 1000.0
  solar_opex: 10
  solar_lifetime: 20
  carbon_price: 1.0
timeseries_values:
  load_level: 289351.7636873103
  wind_year: 2011
  solar_year: 2010
  price_year: 2023
  carbon_year: 2023
storage_values:
  CAES:
    cost: 62.4756
    lifetime: 29.1653
    annual_cost: 2.142120945095713
    efficiency: 0.60781
    discharge_ratio: 0.1
    depth_of_discharge: 0.4
  Li-ion:
    cost: 190.593
    lifetime: 21.8117
    annual_cost: 8.73810844638428
    efficiency: 0.966294
    discharge_ratio: 2
    depth_of_discharge: 0.9
  Pb-acid:
    cost: 173.354
    lifetime: 5.62868
    annual_cost: 30.798339930498805
    efficiency: 0.736138
    discharge_ratio: 5
    depth_of_discharge: 0.5
  VRBF:
    cost: 286.955
    lifetime: 22.9774
    annual_cost: 12.488575730935615
    efficiency: 0.697071
    discharge_ratio: 0.5
    depth_of_discharge: 1.0
