cost_values:
  wind_capex: 5000.0
  wind_opex: 100
  wind_lifetime: 20
  solar_capex: 1000.0
  solar_opex: 10
  solar_lifetime: 20
  carbon_price: 1.0
timeseries_values:
  load_level: 289351.7636873103
  wind_year: 2011
  solar_year: 2010
  price_year: 2023
  carbon_year: 2023
storage_values:
  CAES:
    cost: 65.9908
    lifetime: 28.0921
    annual_cost: 2.3490874658711878
    efficiency: 0.616587
    discharge_ratio: 0.1
    depth_of_discharge: 0.4
  Li-ion:
    cost: 207.001
    lifetime: 21.8504
    annual_cost: 9.473556548163877
    efficiency: 0.971311
    discharge_ratio: 2
    depth_of_discharge: 0.9
  Pb-acid:
    cost: 146.246
    lifetime: 7.47068
    annual_cost: 19.57599575942217
    efficiency: 0.73354
    discharge_ratio: 5
    depth_of_discharge: 0.5
  VRBF:
    cost: 270.614
    lifetime: 25.0431
    annual_cost: 10.805930575687514
    efficiency: 0.702464
    discharge_ratio: 0.5
    depth_of_discharge: 1.0
