cost_values:
  wind_capex: 5000.0
  wind_opex: 100
  wind_lifetime: 20
  solar_capex: 1000.0
  solar_opex: 10
  solar_lifetime: 20
  carbon_price: 1.0
timeseries_values:
  load_level: 289351.7636873103
  wind_year: 2011
  solar_year: 2010
  price_year: 2023
  carbon_year: 2023
storage_values:
  CAES:
    cost: 58.365
    lifetime: 29.9872
    annual_cost: 1.9463304343186425
    efficiency: 0.609145
    discharge_ratio: 0.1
    depth_of_discharge: 0.4
  Li-ion:
    cost: 195.911
    lifetime: 19.9394
    annual_cost: 9.825320721787016
    efficiency: 0.95871
    discharge_ratio: 2
    depth_of_discharge: 0.9
  Pb-acid:
    cost: 180.251
    lifetime: 7.12922
    annual_cost: 25.28341108845007
    efficiency: 0.758149
    discharge_ratio: 5
    depth_of_discharge: 0.5
  VRBF:
    cost: 291.067
    lifetime: 22.5357
    annual_cost: 12.91581801319684
    efficiency: 0.715019
    discharge_ratio: 0.5
    depth_of_discharge: 1.0
