cost_values:
  wind_capex: 5000.0
  wind_opex: 100
  wind_lifetime: 20
  solar_capex: 1000.0
  solar_opex: 10
  solar_lifetime: 20
  carbon_price: 1.0
timeseries_values:
  load_level: 289351.7636873103
  wind_year: 2011
  solar_year: 2010
  price_year: 2023
  carbon_year: 2023
storage_values:
  CAES:
    cost: 61.4544
    lifetime: 28.4521
    annual_cost: 2.1599249264553406
    efficiency: 0.60194
    discharge_ratio: 0.1
    depth_of_discharge: 0.4
  Li-ion:
    cost: 191.139
    lifetime: 21.6649
    annual_cost: 8.822519374656704
    efficiency: 0.952972
    discharge_ratio: 2
    depth_of_discharge: 0.9
  Pb-acid:
    cost: 161.277
    lifetime: 9.1965
    annual_cost: 17.53678029685206
    efficiency: 0.745173
    discharge_ratio: 5
    depth_of_discharge: 0.5
  VRBF:
    cost: 290.339
    lifetime: 20.9401
    annual_cost: 13.865215543383268
    efficiency: 0.717316
    discharge_ratio: 0.5
    depth_of_discharge: 1.0
