cost_values:
  wind_capex: 5000.0
  wind_opex: 100
  wind_lifetime: 20
  solar_capex: 1000.0
  solar_opex: 10
  solar_lifetime: 20
  carbon_price: 1.0
timeseries_values:
  load_level: 289351.7636873103
  wind_year: 2011
  solar_year: 2010
  price_year: 2023
  carbon_year: 2023
storage_values:
  CAES:
    cost: 63.8021
    lifetime: 28.214
    annual_cost: 2.261363153044588
    efficiency: 0.601464
    discharge_ratio: 0.1
    depth_of_discharge: 0.4
  Li-ion:
    cost: 159.039
    lifetime: 22.4846
    annual_cost: 7.0732412406713925
    efficiency: 0.959089
    discharge_ratio: 2
    depth_of_discharge: 0.9
  Pb-acid:
    cost: 178.198
    lifetime: 7.57072
    annual_cost: 23.53778768730055
    efficiency: 0.751316
    discharge_ratio: 5
    depth_of_discharge: 0.5
  VRBF:
    cost: 290.489
    lifetime: 21.56
    annual_cost: 13.47351576994434
    efficiency: 0.719918
    discharge_ratio: 0.5
    depth_of_discharge: 1.0
