cost_values:
  wind_capex: 5000.0
  wind_opex: 100
  wind_lifetime: 20
  solar_capex: 1000.0
  solar_opex: 10
  solar_lifetime: 20
  carbon_price: 1.0
timeseries_values:
  load_level: 289351.7636873103
  wind_year: 2011
  solar_year: 2010
  price_year: 2023
  carbon_year: 2023
storage_values:
  CAES:
    cost: 65.3823
    lifetime: 28.1229
    annual_cost: 2.3248775908601176
    efficiency: 0.606153
    discharge_ratio: 0.1
    depth_of_discharge: 0.4
  Li-ion:
    cost: 205.802
    lifetime: 22.1418
    annual_cost: 9.29472761925408
    efficiency: 0.940965
    discharge_ratio: 2
    depth_of_discharge: 0.9
  Pb-acid:
    cost: 185.055
    lifetime: 5.50411
    annual_cost: 33.62123940110209
    efficiency: 0.762731
    discharge_ratio: 5
    depth_of_discharge: 0.5
  VRBF:
    cost: 267.918
    lifetime: 22.5529
    annual_cost: 11.87953655627436
    efficiency: 0.70619
    discharge_ratio: 0.5
    depth_of_discharge: 1.0
