cost_values:
  wind_capex: 5000.0
  wind_opex: 100
  wind_lifetime: 20
  solar_capex: 1000.0
  solar_opex: 10
  solar_lifetime: 20
  carbon_price: 1.0
timeseries_values:
  load_level: 289351.7636873103
  wind_year: 2011
  solar_year: 2010
  price_year: 2023
  carbon_year: 2023
storage_values:
  CAES:
    cost: 59.0877
    lifetime: 28.5248
    annual_cost: 2.071450106573929
    efficiency: 0.59562
    discharge_ratio: 0.1
    depth_of_discharge: 0.4
  Li-ion:
    cost: 216.996
    lifetime: 22.6014
    annual_cost: 9.600998168255064
    efficiency: 0.955763
    discharge_ratio: 2
    depth_of_discharge: 0.9
  Pb-acid:
    cost: 157.678
    lifetime: 6.8461
    annual_cost: 23.031799126509984
    efficiency: 0.757542
    discharge_ratio: 5
    depth_of_discharge: 0.5
  VRBF:
    cost: 270.145
    lifetime: 24.5803
    annual_cost: 10.99030524444372
    efficiency: 0.709225
    discharge_ratio: 0.5
    depth_of_discharge: 1.0
