cost_values:
  wind_capex: 5000.0
  wind_opex: 100
  wind_lifetime: 20
  solar_capex: 1000.0
  solar_opex: 10
  solar_lifetime: 20
  carbon_price: 1.0
timeseries_values:
  load_level: 289351.7636873103
  wind_year: 2011
  solar_year: 2010
  price_year: 2023
  carbon_year: 2023
storage_values:
  CAES:
    cost: 65.8968
    lifetime: 28.627
    annual_cost: 2.3019107835260417
    efficiency: 0.609009
    discharge_ratio: 0.1
    depth_of_discharge: 0.4
  Li-ion:
    cost: 173.452
    lifetime: 22.4967
    annual_cost: 7.710108593704854
    efficiency: 0.958663
    discharge_ratio: 2
    depth_of_discharge: 0.9
  Pb-acid:
    cost: 167.147
    lifetime: 8.00373
    annual_cost: 20.88363800378074
    efficiency: 0.74942
    discharge_ratio: 5
    depth_of_discharge: 0.5
  VRBF:
    cost: 308.76
    lifetime: 22.0953
    annual_cost: 13.9740125728096
    efficiency: 0.710788
    discharge_ratio: 0.5
    depth_of_discharge: 1.0
