cost_values:
  wind_capex: 5000.0
  wind_opex: 100
  wind_lifetime: 20
  solar_capex: 1000.0
  solar_opex: 10
  solar_lifetime: 20
  carbon_price: 1.0
timeseries_values:
  load_level: 289351.7636873103
  wind_year: 2011
  solar_year: 2010
  price_year: 2023
  carbon_year: 2023
storage_values:
  CAES:
    cost: 63.679
    lifetime: 28.2897
    annual_cost: 2.250960596966387
    efficiency: 0.60025
    discharge_ratio: 0.1
    depth_of_discharge: 0.4
  Li-ion:
    cost: 189.988
    lifetime: 23.0585
    annual_cost: 8.239391113905935
    efficiency: 0.962599
    discharge_ratio: 2
    depth_of_discharge: 0.9
  Pb-acid:
    cost: 160.489
    lifetime: 7.18595
    annual_cost: 22.333720663238683
    efficiency: 0.756492
    discharge_ratio: 5
    depth_of_discharge: 0.5
  VRBF:
    cost: 279.504
    lifetime: 22.6524
    annual_cost: 12.338825025162897
    efficiency: 0.707891
    discharge_ratio: 0.5
    depth_of_discharge: 1.0
