cost_values:
  wind_capex: 5000.0
  wind_opex: 100
  wind_lifetime: 20
  solar_capex: 1000.0
  solar_opex: 10
  solar_lifetime: 20
  carbon_price: 1.0
timeseries_values:
  load_level: 289351.7636873103
  wind_year: 2011
  solar_year: 2010
  price_year: 2023
  carbon_year: 2023
storage_values:
  CAES:
    cost: 60.732
    lifetime: 28.5553
    annual_cost: 2.126820590223181
    efficiency: 0.603081
    discharge_ratio: 0.1
    depth_of_discharge: 0.4
  Li-ion:
    cost: 173.808
    lifetime: 21.8396
    annual_cost: 7.958387516254876
    efficiency: 0.964359
    discharge_ratio: 2
    depth_of_discharge: 0.9
  Pb-acid:
    cost: 164.925
    lifetime: 6.30677
    annual_cost: 26.150470050437864
    efficiency: 0.751858
    discharge_ratio: 5
    depth_of_discharge: 0.5
  VRBF:
    cost: 293.927
    lifetime: 23.0134
    annual_cost: 12.771993708013593
    efficiency: 0.70601
    discharge_ratio: 0.5
    depth_of_discharge: 1.0
