cost_values:
  wind_capex: 5000.0
  wind_opex: 100
  wind_lifetime: 20
  solar_capex: 1000.0
  solar_opex: 10
  solar_lifetime: 20
  carbon_price: 1.0
timeseries_values:
  load_level: 289351.7636873103
  wind_year: 2011
  solar_year: 2010
  price_year: 2023
  carbon_year: 2023
storage_values:
  CAES:
    cost: 68.4097
    lifetime: 28.6513
    annual_cost: 2.387664783098847
    efficiency: 0.594831
    discharge_ratio: 0.1
    depth_of_discharge: 0.4
  Li-ion:
    cost: 174.955
    lifetime: 22.0211
    annual_cost: 7.944880137686129
    efficiency: 0.963458
    discharge_ratio: 2
    depth_of_discharge: 0.9
  Pb-acid:
    cost: 157.254
    lifetime: 6.18963
    annual_cost: 25.40604204128518
    efficiency: 0.745271
    discharge_ratio: 5
    depth_of_discharge: 0.5
  VRBF:
    cost: 267.524
    lifetime: 26.3683
    annual_cost: 10.145667335398944
    efficiency: 0.713608
    discharge_ratio: 0.5
    depth_of_discharge: 1.0
