cost_values:
  wind_capex: 5000.0
  wind_opex: 100
  wind_lifetime: 20
  solar_capex: 1000.0
  solar_opex: 10
  solar_lifetime: 20
  carbon_price: 1.0
timeseries_values:
  load_level: 232611.98291562518
  wind_year: 2019
  solar_year: 2010
  price_year: 2023
  carbon_year: 2023
storage_values:
  CAES:
    cost: 35.0166
    lifetime: 25.1212
    annual_cost: 1.3939063420537234
    efficiency: 0.641506
    discharge_ratio: 0.1
    depth_of_discharge: 0.4
  Li-ion:
    cost: 180.916
    lifetime: 20.8456
    annual_cost: 8.678857888475266
    efficiency: 0.882455
    discharge_ratio: 2
    depth_of_discharge: 0.9
  Pb-acid:
    cost: 111.848
    lifetime: 17.5512
    annual_cost: 6.372669675007976
    efficiency: 0.77717
    discharge_ratio: 5
    depth_of_discharge: 0.5
  VRBF:
    cost: 134.432
    lifetime: 27.506
    annual_cost: 4.887370028357449
    efficiency: 0.76032
    discharge_ratio: 0.5
    depth_of_discharge: 1.0
