cost_values:
  wind_capex: 5000.0
  wind_opex: 100
  wind_lifetime: 20
  solar_capex: 1000.0
  solar_opex: 10
  solar_lifetime: 20
  carbon_price: 1.0
timeseries_values:
  load_level: 232611.98291562518
  wind_year: 2019
  solar_year: 2010
  price_year: 2023
  carbon_year: 2023
storage_values:
  CAES:
    cost: 35.0322
    lifetime: 24.6496
    annual_cost: 1.4212076463715437
    efficiency: 0.646648
    discharge_ratio: 0.1
    depth_of_discharge: 0.4
  Li-ion:
    cost: 191.19
    lifetime: 22.0253
    annual_cost: 8.680472002651495
    efficiency: 0.858292
    discharge_ratio: 2
    depth_of_discharge: 0.9
  Pb-acid:
    cost: 97.0829
    lifetime: 19.0397
    annual_cost: 5.098972147670394
    efficiency: 0.752292
    discharge_ratio: 5
    depth_of_discharge: 0.5
  VRBF:
    cost: 106.786
    lifetime: 27.4527
    annual_cost: 3.889817759273223
    efficiency: 0.785292
    discharge_ratio: 0.5
    depth_of_discharge: 1.0
