cost_values:
  wind_capex: 5000.0
  wind_opex: 100
  wind_lifetime: 20
  solar_capex: 1000.0
  solar_opex: 10
  solar_lifetime: 20
  carbon_price: 1.0
timeseries_values:
  load_level: 232611.98291562518
  wind_year: 2019
  solar_year: 2010
  price_year: 2023
  carbon_year: 2023
storage_values:
  CAES:
    cost: 32.7138
    lifetime: 24.9561
    annual_cost: 1.3108538593770662
    efficiency: 0.639045
    discharge_ratio: 0.1
    depth_of_discharge: 0.4
  Li-ion:
    cost: 201.021
    lifetime: 21.2111
    annual_cost: 9.477160543300442
    efficiency: 0.85868
    discharge_ratio: 2
    depth_of_discharge: 0.9
  Pb-acid:
    cost: 116.399
    lifetime: 18.9659
    annual_cost: 6.137277956753963
    efficiency: 0.776697
    discharge_ratio: 5
    depth_of_discharge: 0.5
  VRBF:
    cost: 121.93
    lifetime: 25.8731
    annual_cost: 4.712616578608671
    efficiency: 0.77725
    discharge_ratio: 0.5
    depth_of_discharge: 1.0
