cost_values:
  wind_capex: 5000.0
  wind_opex: 100
  wind_lifetime: 20
  solar_capex: 1000.0
  solar_opex: 10
  solar_lifetime: 20
  carbon_price: 1.0
timeseries_values:
  load_level: 232611.98291562518
  wind_year: 2019
  solar_year: 2010
  price_year: 2023
  carbon_year: 2023
storage_values:
  CAES:
    cost: 33.4879
    lifetime: 25.2933
    annual_cost: 1.323983031079377
    efficiency: 0.645006
    discharge_ratio: 0.1
    depth_of_discharge: 0.4
  Li-ion:
    cost: 176.664
    lifetime: 19.7181
    annual_cost: 8.959483925936068
    efficiency: 0.85792
    discharge_ratio: 2
    depth_of_discharge: 0.9
  Pb-acid:
    cost: 97.0267
    lifetime: 18.8532
    annual_cost: 5.146431375045085
    efficiency: 0.770069
    discharge_ratio: 5
    depth_of_discharge: 0.5
  VRBF:
    cost: 128.913
    lifetime: 29.4742
    annual_cost: 4.373757387817142
    efficiency: 0.79369
    discharge_ratio: 0.5
    depth_of_discharge: 1.0
