cost_values:
  wind_capex: 5000.0
  wind_opex: 100
  wind_lifetime: 20
  solar_capex: 1000.0
  solar_opex: 10
  solar_lifetime: 20
  carbon_price: 1.0
timeseries_values:
  load_level: 232611.98291562518
  wind_year: 2019
  solar_year: 2010
  price_year: 2023
  carbon_year: 2023
storage_values:
  CAES:
    cost: 34.4581
    lifetime: 24.9175
    annual_cost: 1.3828875288451892
    efficiency: 0.637278
    discharge_ratio: 0.1
    depth_of_discharge: 0.4
  Li-ion:
    cost: 194.395
    lifetime: 20.9171
    annual_cost: 9.293592323983725
    efficiency: 0.882775
    discharge_ratio: 2
    depth_of_discharge: 0.9
  Pb-acid:
    cost: 106.359
    lifetime: 18.1793
    annual_cost: 5.8505553019093135
    efficiency: 0.764617
    discharge_ratio: 5
    depth_of_discharge: 0.5
  VRBF:
    cost: 138.916
    lifetime: 25.9769
    annual_cost: 5.347674279840936
    efficiency: 0.789295
    discharge_ratio: 0.5
    depth_of_discharge: 1.0
