cost_values:
  wind_capex: 5000.0
  wind_opex: 100
  wind_lifetime: 20
  solar_capex: 1000.0
  solar_opex: 10
  solar_lifetime: 20
  carbon_price: 1.0
timeseries_values:
  load_level: 232611.98291562518
  wind_year: 2019
  solar_year: 2010
  price_year: 2023
  carbon_year: 2023
storage_values:
  CAES:
    cost: 31.2271
    lifetime: 24.173
    annual_cost: 1.2918173168411038
    efficiency: 0.646482
    discharge_ratio: 0.1
    depth_of_discharge: 0.4
  Li-ion:
    cost: 174.761
    lifetime: 19.323
    annual_cost: 9.044196035812243
    efficiency: 0.874858
    discharge_ratio: 2
    depth_of_discharge: 0.9
  Pb-acid:
    cost: 97.9753
    lifetime: 17.2658
    annual_cost: 5.674529995714071
    efficiency: 0.762342
    discharge_ratio: 5
    depth_of_discharge: 0.5
  VRBF:
    cost: 113.087
    lifetime: 29.7341
    annual_cost: 3.8032763729186354
    efficiency: 0.780205
    discharge_ratio: 0.5
    depth_of_discharge: 1.0
