cost_values:
  wind_capex: 5000.0
  wind_opex: 100
  wind_lifetime: 20
  solar_capex: 1000.0
  solar_opex: 10
  solar_lifetime: 20
  carbon_price: 1.0
timeseries_values:
  load_level: 232611.98291562518
  wind_year: 2019
  solar_year: 2010
  price_year: 2023
  carbon_year: 2023
storage_values:
  CAES:
    cost: 35.3217
    lifetime: 24.3651
    annual_cost: 1.4496841794205646
    efficiency: 0.645349
    discharge_ratio: 0.1
    depth_of_discharge: 0.4
  Li-ion:
    cost: 180.769
    lifetime: 19.1208
    annual_cost: 9.454050039747292
    efficiency: 0.857168
    discharge_ratio: 2
    depth_of_discharge: 0.9
  Pb-acid:
    cost: 96.2581
    lifetime: 18.9786
    annual_cost: 5.071928382493967
    efficiency: 0.758039
    discharge_ratio: 5
    depth_of_discharge: 0.5
  VRBF:
    cost: 153.566
    lifetime: 27.1022
    annual_cost: 5.666182081159463
    efficiency: 0.761554
    discharge_ratio: 0.5
    depth_of_discharge: 1.0
