cost_values:
  wind_capex: 5000.0
  wind_opex: 100
  wind_lifetime: 20
  solar_capex: 1000.0
  solar_opex: 10
  solar_lifetime: 20
  carbon_price: 1.0
timeseries_values:
  load_level: 232611.98291562518
  wind_year: 2019
  solar_year: 2010
  price_year: 2023
  carbon_year: 2023
storage_values:
  CAES:
    cost: 30.5035
    lifetime: 25.0847
    annual_cost: 1.216020123820496
    efficiency: 0.638119
    discharge_ratio: 0.1
    depth_of_discharge: 0.4
  Li-ion:
    cost: 181.628
    lifetime: 21.6593
    annual_cost: 8.385681901077135
    efficiency: 0.85763
    discharge_ratio: 2
    depth_of_discharge: 0.9
  Pb-acid:
    cost: 120.213
    lifetime: 19.4049
    annual_cost: 6.194981679884977
    efficiency: 0.768187
    discharge_ratio: 5
    depth_of_discharge: 0.5
  VRBF:
    cost: 156.324
    lifetime: 29.6415
    annual_cost: 5.273822174991144
    efficiency: 0.778912
    discharge_ratio: 0.5
    depth_of_discharge: 1.0
