cost_values:
  wind_capex: 5000.0
  wind_opex: 100
  wind_lifetime: 20
  solar_capex: 1000.0
  solar_opex: 10
  solar_lifetime: 20
  carbon_price: 1.0
timeseries_values:
  load_level: 232611.98291562518
  wind_year: 2019
  solar_year: 2010
  price_year: 2023
  carbon_year: 2023
storage_values:
  CAES:
    cost: 28.3483
    lifetime: 23.6263
    annual_cost: 1.199862018174661
    efficiency: 0.647968
    discharge_ratio: 0.1
    depth_of_discharge: 0.4
  Li-ion:
    cost: 171.183
    lifetime: 21.72
    annual_cost: 7.881353591160221
    efficiency: 0.874798
    discharge_ratio: 2
    depth_of_discharge: 0.9
  Pb-acid:
    cost: 114.303
    lifetime: 18.4781
    annual_cost: 6.185863265162543
    efficiency: 0.766381
    discharge_ratio: 5
    depth_of_discharge: 0.5
  VRBF:
    cost: 142.642
    lifetime: 27.613
    annual_cost: 5.165755260203527
    efficiency: 0.778651
    discharge_ratio: 0.5
    depth_of_discharge: 1.0
