cost_values:
  wind_capex: 5000.0
  wind_opex: 100
  wind_lifetime: 20
  solar_capex: 1000.0
  solar_opex: 10
  solar_lifetime: 20
  carbon_price: 1.0
timeseries_values:
  load_level: 232611.98291562518
  wind_year: 2019
  solar_year: 2010
  price_year: 2023
  carbon_year: 2023
storage_values:
  CAES:
    cost: 36.007
    lifetime: 23.9263
    annual_cost: 1.5049130036821403
    efficiency: 0.6416
    discharge_ratio: 0.1
    depth_of_discharge: 0.4
  Li-ion:
    cost: 180.441
    lifetime: 21.1393
    annual_cost: 8.535807713595059
    efficiency: 0.877538
    discharge_ratio: 2
    depth_of_discharge: 0.9
  Pb-acid:
    cost: 132.432
    lifetime: 19.7422
    annual_cost: 6.708066983416234
    efficiency: 0.75286
    discharge_ratio: 5
    depth_of_discharge: 0.5
  VRBF:
    cost: 136.434
    lifetime: 26.4289
    annual_cost: 5.162303387579506
    efficiency: 0.793641
    discharge_ratio: 0.5
    depth_of_discharge: 1.0
