cost_values:
  wind_capex: 5000.0
  wind_opex: 100
  wind_lifetime: 20
  solar_capex: 1000.0
  solar_opex: 10
  solar_lifetime: 20
  carbon_price: 1.0
timeseries_values:
  load_level: 232611.98291562518
  wind_year: 2019
  solar_year: 2010
  price_year: 2023
  carbon_year: 2023
storage_values:
  CAES:
    cost: 34.0583
    lifetime: 25.0242
    annual_cost: 1.3610145379272864
    efficiency: 0.643834
    discharge_ratio: 0.1
    depth_of_discharge: 0.4
  Li-ion:
    cost: 195.976
    lifetime: 21.2316
    annual_cost: 9.230392433919253
    efficiency: 0.864834
    discharge_ratio: 2
    depth_of_discharge: 0.9
  Pb-acid:
    cost: 116.016
    lifetime: 18.7658
    annual_cost: 6.18231037312558
    efficiency: 0.762953
    discharge_ratio: 5
    depth_of_discharge: 0.5
  VRBF:
    cost: 117.543
    lifetime: 26.6457
    annual_cost: 4.411330908927144
    efficiency: 0.756349
    discharge_ratio: 0.5
    depth_of_discharge: 1.0
