cost_values:
  wind_capex: 5000.0
  wind_opex: 100
  wind_lifetime: 20
  solar_capex: 1000.0
  solar_opex: 10
  solar_lifetime: 20
  carbon_price: 1.0
timeseries_values:
  load_level: 232611.98291562518
  wind_year: 2019
  solar_year: 2010
  price_year: 2023
  carbon_year: 2023
storage_values:
  CAES:
    cost: 33.7546
    lifetime: 24.6976
    annual_cost: 1.3667157942472143
    efficiency: 0.628313
    discharge_ratio: 0.1
    depth_of_discharge: 0.4
  Li-ion:
    cost: 205.675
    lifetime: 19.5153
    annual_cost: 10.539166705098053
    efficiency: 0.863837
    discharge_ratio: 2
    depth_of_discharge: 0.9
  Pb-acid:
    cost: 89.8757
    lifetime: 17.8208
    annual_cost: 5.0433033309391275
    efficiency: 0.76333
    discharge_ratio: 5
    depth_of_discharge: 0.5
  VRBF:
    cost: 161.665
    lifetime: 29.2388
    annual_cost: 5.529125682312543
    efficiency: 0.768297
    discharge_ratio: 0.5
    depth_of_discharge: 1.0
