cost_values:
  wind_capex: 5000.0
  wind_opex: 100
  wind_lifetime: 20
  solar_capex: 1000.0
  solar_opex: 10
  solar_lifetime: 20
  carbon_price: 1.0
timeseries_values:
  load_level: 232611.98291562518
  wind_year: 2019
  solar_year: 2010
  price_year: 2023
  carbon_year: 2023
storage_values:
  CAES:
    cost: 32.6815
    lifetime: 24.8368
    annual_cost: 1.3158498679378985
    efficiency: 0.630922
    discharge_ratio: 0.1
    depth_of_discharge: 0.4
  Li-ion:
    cost: 186.253
    lifetime: 21.2277
    annual_cost: 8.774054655002661
    efficiency: 0.856634
    discharge_ratio: 2
    depth_of_discharge: 0.9
  Pb-acid:
    cost: 83.2262
    lifetime: 19.7841
    annual_cost: 4.206721559231909
    efficiency: 0.753119
    discharge_ratio: 5
    depth_of_discharge: 0.5
  VRBF:
    cost: 136.86
    lifetime: 26.7293
    annual_cost: 5.120223874175531
    efficiency: 0.773096
    discharge_ratio: 0.5
    depth_of_discharge: 1.0
