cost_values:
  wind_capex: 5000.0
  wind_opex: 100
  wind_lifetime: 20
  solar_capex: 1000.0
  solar_opex: 10
  solar_lifetime: 20
  carbon_price: 1.0
timeseries_values:
  load_level: 232611.98291562518
  wind_year: 2019
  solar_year: 2010
  price_year: 2023
  carbon_year: 2023
storage_values:
  CAES:
    cost: 28.8609
    lifetime: 23.6648
    annual_cost: 1.2195708393901492
    efficiency: 0.647414
    discharge_ratio: 0.1
    depth_of_discharge: 0.4
  Li-ion:
    cost: 168.931
    lifetime: 21.6826
    annual_cost: 7.791085939878059
    efficiency: 0.879421
    discharge_ratio: 2
    depth_of_discharge: 0.9
  Pb-acid:
    cost: 91.5539
    lifetime: 17.9943
    annual_cost: 5.087938958447953
    efficiency: 0.766125
    discharge_ratio: 5
    depth_of_discharge: 0.5
  VRBF:
    cost: 157.475
    lifetime: 29.5886
    annual_cost: 5.322151098733972
    efficiency: 0.787034
    discharge_ratio: 0.5
    depth_of_discharge: 1.0
