cost_values:
  wind_capex: 5000.0
  wind_opex: 100
  wind_lifetime: 20
  solar_capex: 1000.0
  solar_opex: 10
  solar_lifetime: 20
  carbon_price: 1.0
timeseries_values:
  load_level: 232611.98291562518
  wind_year: 2019
  solar_year: 2010
  price_year: 2023
  carbon_year: 2023
storage_values:
  CAES:
    cost: 35.156
    lifetime: 25.9586
    annual_cost: 1.3543103249019592
    efficiency: 0.63922
    discharge_ratio: 0.1
    depth_of_discharge: 0.4
  Li-ion:
    cost: 190.681
    lifetime: 21.5061
    annual_cost: 8.866368146711864
    efficiency: 0.858084
    discharge_ratio: 2
    depth_of_discharge: 0.9
  Pb-acid:
    cost: 110.791
    lifetime: 18.8001
    annual_cost: 5.893106951558768
    efficiency: 0.752727
    discharge_ratio: 5
    depth_of_discharge: 0.5
  VRBF:
    cost: 140.706
    lifetime: 25.3807
    annual_cost: 5.543818728403865
    efficiency: 0.758634
    discharge_ratio: 0.5
    depth_of_discharge: 1.0
