cost_values:
  wind_capex: 5000.0
  wind_opex: 100
  wind_lifetime: 20
  solar_capex: 1000.0
  solar_opex: 10
  solar_lifetime: 20
  carbon_price: 1.0
timeseries_values:
  load_level: 232611.98291562518
  wind_year: 2019
  solar_year: 2010
  price_year: 2023
  carbon_year: 2023
storage_values:
  CAES:
    cost: 21.1477
    lifetime: 24.391
    annual_cost: 0.8670288221065148
    efficiency: 0.644869
    discharge_ratio: 0.1
    depth_of_discharge: 0.4
  Li-ion:
    cost: 170.753
    lifetime: 21.2657
    annual_cost: 8.029502908439412
    efficiency: 0.871332
    discharge_ratio: 2
    depth_of_discharge: 0.9
  Pb-acid:
    cost: 110.65
    lifetime: 19.5224
    annual_cost: 5.667848215383354
    efficiency: 0.766618
    discharge_ratio: 5
    depth_of_discharge: 0.5
  VRBF:
    cost: 122.752
    lifetime: 26.218
    annual_cost: 4.681974216187352
    efficiency: 0.782418
    discharge_ratio: 0.5
    depth_of_discharge: 1.0
