cost_values:
  wind_capex: 5000.0
  wind_opex: 100
  wind_lifetime: 20
  solar_capex: 1000.0
  solar_opex: 10
  solar_lifetime: 20
  carbon_price: 1.0
timeseries_values:
  load_level: 232611.98291562518
  wind_year: 2019
  solar_year: 2010
  price_year: 2023
  carbon_year: 2023
storage_values:
  CAES:
    cost: 32.0503
    lifetime: 25.3932
    annual_cost: 1.2621607359450562
    efficiency: 0.648694
    discharge_ratio: 0.1
    depth_of_discharge: 0.4
  Li-ion:
    cost: 183.958
    lifetime: 20.1721
    annual_cost: 9.119427327843903
    efficiency: 0.856472
    discharge_ratio: 2
    depth_of_discharge: 0.9
  Pb-acid:
    cost: 113.023
    lifetime: 17.7209
    annual_cost: 6.377949201225671
    efficiency: 0.769162
    discharge_ratio: 5
    depth_of_discharge: 0.5
  VRBF:
    cost: 129.292
    lifetime: 29.0804
    annual_cost: 4.446018624228002
    efficiency: 0.793863
    discharge_ratio: 0.5
    depth_of_discharge: 1.0
