cost_values:
  wind_capex: 5000.0
  wind_opex: 100
  wind_lifetime: 20
  solar_capex: 1000.0
  solar_opex: 10
  solar_lifetime: 20
  carbon_price: 1.0
timeseries_values:
  load_level: 232611.98291562518
  wind_year: 2019
  solar_year: 2010
  price_year: 2023
  carbon_year: 2023
storage_values:
  CAES:
    cost: 32.9045
    lifetime: 24.7808
    annual_cost: 1.3278223463326446
    efficiency: 0.63235
    discharge_ratio: 0.1
    depth_of_discharge: 0.4
  Li-ion:
    cost: 197.811
    lifetime: 22.9833
    annual_cost: 8.60672749344089
    efficiency: 0.868213
    discharge_ratio: 2
    depth_of_discharge: 0.9
  Pb-acid:
    cost: 115.219
    lifetime: 18.8417
    annual_cost: 6.115106386366411
    efficiency: 0.764127
    discharge_ratio: 5
    depth_of_discharge: 0.5
  VRBF:
    cost: 133.155
    lifetime: 27.6719
    annual_cost: 4.81192111853541
    efficiency: 0.762707
    discharge_ratio: 0.5
    depth_of_discharge: 1.0
