cost_values:
  wind_capex: 5000.0
  wind_opex: 100
  wind_lifetime: 20
  solar_capex: 1000.0
  solar_opex: 10
  solar_lifetime: 20
  carbon_price: 1.0
timeseries_values:
  load_level: 232611.98291562518
  wind_year: 2019
  solar_year: 2010
  price_year: 2023
  carbon_year: 2023
storage_values:
  CAES:
    cost: 35.6819
    lifetime: 25.4602
    annual_cost: 1.401477600333069
    efficiency: 0.632815
    discharge_ratio: 0.1
    depth_of_discharge: 0.4
  Li-ion:
    cost: 168.279
    lifetime: 21.7126
    annual_cost: 7.750292456914419
    efficiency: 0.858632
    discharge_ratio: 2
    depth_of_discharge: 0.9
  Pb-acid:
    cost: 120.554
    lifetime: 18.5674
    annual_cost: 6.4927776640779005
    efficiency: 0.76081
    discharge_ratio: 5
    depth_of_discharge: 0.5
  VRBF:
    cost: 128.344
    lifetime: 26.9509
    annual_cost: 4.762141524030737
    efficiency: 0.769186
    discharge_ratio: 0.5
    depth_of_discharge: 1.0
