cost_values:
  wind_capex: 5000.0
  wind_opex: 100
  wind_lifetime: 20
  solar_capex: 1000.0
  solar_opex: 10
  solar_lifetime: 20
  carbon_price: 1.0
timeseries_values:
  load_level: 232611.98291562518
  wind_year: 2019
  solar_year: 2010
  price_year: 2023
  carbon_year: 2023
storage_values:
  CAES:
    cost: 36.7136
    lifetime: 25.4851
    annual_cost: 1.4405907765714083
    efficiency: 0.643395
    discharge_ratio: 0.1
    depth_of_discharge: 0.4
  Li-ion:
    cost: 177.736
    lifetime: 21.7088
    annual_cost: 8.187278891509434
    efficiency: 0.8613
    discharge_ratio: 2
    depth_of_discharge: 0.9
  Pb-acid:
    cost: 109.085
    lifetime: 19.6907
    annual_cost: 5.539924939184488
    efficiency: 0.760624
    discharge_ratio: 5
    depth_of_discharge: 0.5
  VRBF:
    cost: 116.39
    lifetime: 25.9147
    annual_cost: 4.491273292764339
    efficiency: 0.751947
    discharge_ratio: 0.5
    depth_of_discharge: 1.0
