cost_values:
  wind_capex: 5000.0
  wind_opex: 100
  wind_lifetime: 20
  solar_capex: 1000.0
  solar_opex: 10
  solar_lifetime: 20
  carbon_price: 1.0
timeseries_values:
  load_level: 232611.98291562518
  wind_year: 2019
  solar_year: 2010
  price_year: 2023
  carbon_year: 2023
storage_values:
  CAES:
    cost: 31.6101
    lifetime: 24.7584
    annual_cost: 1.2767424389298176
    efficiency: 0.646383
    discharge_ratio: 0.1
    depth_of_discharge: 0.4
  Li-ion:
    cost: 167.109
    lifetime: 21.241
    annual_cost: 7.867284967751048
    efficiency: 0.855587
    discharge_ratio: 2
    depth_of_discharge: 0.9
  Pb-acid:
    cost: 89.6777
    lifetime: 17.3317
    annual_cost: 5.1742010304817185
    efficiency: 0.759863
    discharge_ratio: 5
    depth_of_discharge: 0.5
  VRBF:
    cost: 155.236
    lifetime: 26.1445
    annual_cost: 5.937615942167568
    efficiency: 0.780901
    discharge_ratio: 0.5
    depth_of_discharge: 1.0
