cost_values:
  wind_capex: 5000.0
  wind_opex: 100
  wind_lifetime: 20
  solar_capex: 1000.0
  solar_opex: 10
  solar_lifetime: 20
  carbon_price: 1.0
timeseries_values:
  load_level: 232611.98291562518
  wind_year: 2019
  solar_year: 2010
  price_year: 2023
  carbon_year: 2023
storage_values:
  CAES:
    cost: 30.6182
    lifetime: 25.5929
    annual_cost: 1.1963552391483576
    efficiency: 0.642174
    discharge_ratio: 0.1
    depth_of_discharge: 0.4
  Li-ion:
    cost: 186.264
    lifetime: 20.9577
    annual_cost: 8.887616484633334
    efficiency: 0.859212
    discharge_ratio: 2
    depth_of_discharge: 0.9
  Pb-acid:
    cost: 91.0519
    lifetime: 17.8018
    annual_cost: 5.1147580581738925
    efficiency: 0.779749
    discharge_ratio: 5
    depth_of_discharge: 0.5
  VRBF:
    cost: 119.12
    lifetime: 29.8599
    annual_cost: 3.989296682172412
    efficiency: 0.7795
    discharge_ratio: 0.5
    depth_of_discharge: 1.0
