cost_values:
  wind_capex: 5000.0
  wind_opex: 100
  wind_lifetime: 20
  solar_capex: 1000.0
  solar_opex: 10
  solar_lifetime: 20
  carbon_price: 1.0
timeseries_values:
  load_level: 232611.98291562518
  wind_year: 2019
  solar_year: 2010
  price_year: 2023
  carbon_year: 2023
storage_values:
  CAES:
    cost: 31.6675
    lifetime: 24.0238
    annual_cost: 1.3181719794537083
    efficiency: 0.634443
    discharge_ratio: 0.1
    depth_of_discharge: 0.4
  Li-ion:
    cost: 190.505
    lifetime: 22.8118
    annual_cost: 8.351160364372824
    efficiency: 0.865363
    discharge_ratio: 2
    depth_of_discharge: 0.9
  Pb-acid:
    cost: 117.765
    lifetime: 19.2623
    annual_cost: 6.113755885849561
    efficiency: 0.767849
    discharge_ratio: 5
    depth_of_discharge: 0.5
  VRBF:
    cost: 105.091
    lifetime: 26.3561
    annual_cost: 3.9873501769988726
    efficiency: 0.785628
    discharge_ratio: 0.5
    depth_of_discharge: 1.0
