cost_values:
  wind_capex: 5000.0
  wind_opex: 100
  wind_lifetime: 20
  solar_capex: 1000.0
  solar_opex: 10
  solar_lifetime: 20
  carbon_price: 1.0
timeseries_values:
  load_level: 232611.98291562518
  wind_year: 2019
  solar_year: 2010
  price_year: 2023
  carbon_year: 2023
storage_values:
  CAES:
    cost: 30.0082
    lifetime: 24.3885
    annual_cost: 1.2304241753285359
    efficiency: 0.6378
    discharge_ratio: 0.1
    depth_of_discharge: 0.4
  Li-ion:
    cost: 169.962
    lifetime: 18.4781
    annual_cost: 9.19802360632316
    efficiency: 0.861985
    discharge_ratio: 2
    depth_of_discharge: 0.9
  Pb-acid:
    cost: 106.223
    lifetime: 17.4114
    annual_cost: 6.100773056732945
    efficiency: 0.763039
    discharge_ratio: 5
    depth_of_discharge: 0.5
  VRBF:
    cost: 141.653
    lifetime: 27.4922
    annual_cost: 5.152479612399153
    efficiency: 0.777202
    discharge_ratio: 0.5
    depth_of_discharge: 1.0
