cost_values:
  wind_capex: 5000.0
  wind_opex: 100
  wind_lifetime: 20
  solar_capex: 1000.0
  solar_opex: 10
  solar_lifetime: 20
  carbon_price: 1.0
timeseries_values:
  load_level: 232611.98291562518
  wind_year: 2019
  solar_year: 2010
  price_year: 2023
  carbon_year: 2023
storage_values:
  CAES:
    cost: 35.3704
    lifetime: 23.974
    annual_cost: 1.475364978726954
    efficiency: 0.644102
    discharge_ratio: 0.1
    depth_of_discharge: 0.4
  Li-ion:
    cost: 199.572
    lifetime: 20.3808
    annual_cost: 9.792157324540744
    efficiency: 0.869245
    discharge_ratio: 2
    depth_of_discharge: 0.9
  Pb-acid:
    cost: 110.133
    lifetime: 19.0145
    annual_cost: 5.7920534329064655
    efficiency: 0.771831
    discharge_ratio: 5
    depth_of_discharge: 0.5
  VRBF:
    cost: 141.745
    lifetime: 28.354
    annual_cost: 4.999118290188333
    efficiency: 0.763368
    discharge_ratio: 0.5
    depth_of_discharge: 1.0
