cost_values:
  wind_capex: 5000.0
  wind_opex: 100
  wind_lifetime: 20
  solar_capex: 1000.0
  solar_opex: 10
  solar_lifetime: 20
  carbon_price: 1.0
timeseries_values:
  load_level: 232611.98291562518
  wind_year: 2019
  solar_year: 2010
  price_year: 2023
  carbon_year: 2023
storage_values:
  CAES:
    cost: 30.492
    lifetime: 25.6572
    annual_cost: 1.188438333099481
    efficiency: 0.640487
    discharge_ratio: 0.1
    depth_of_discharge: 0.4
  Li-ion:
    cost: 177.053
    lifetime: 20.0947
    annual_cost: 8.810930245288558
    efficiency: 0.876076
    discharge_ratio: 2
    depth_of_discharge: 0.9
  Pb-acid:
    cost: 104.51
    lifetime: 19.3892
    annual_cost: 5.390114084129309
    efficiency: 0.7761
    discharge_ratio: 5
    depth_of_discharge: 0.5
  VRBF:
    cost: 148.493
    lifetime: 29.9666
    annual_cost: 4.955283549017906
    efficiency: 0.767753
    discharge_ratio: 0.5
    depth_of_discharge: 1.0
