cost_values:
  wind_capex: 5000.0
  wind_opex: 100
  wind_lifetime: 20
  solar_capex: 1000.0
  solar_opex: 10
  solar_lifetime: 20
  carbon_price: 1.0
timeseries_values:
  load_level: 232611.98291562518
  wind_year: 2019
  solar_year: 2010
  price_year: 2023
  carbon_year: 2023
storage_values:
  CAES:
    cost: 27.2361
    lifetime: 24.6943
    annual_cost: 1.1029306358147428
    efficiency: 0.641915
    discharge_ratio: 0.1
    depth_of_discharge: 0.4
  Li-ion:
    cost: 173.526
    lifetime: 18.4562
    annual_cost: 9.402043757653257
    efficiency: 0.857057
    discharge_ratio: 2
    depth_of_discharge: 0.9
  Pb-acid:
    cost: 113.934
    lifetime: 18.4837
    annual_cost: 6.164025600934878
    efficiency: 0.775353
    discharge_ratio: 5
    depth_of_discharge: 0.5
  VRBF:
    cost: 150.593
    lifetime: 27.0203
    annual_cost: 5.573328201389326
    efficiency: 0.763271
    discharge_ratio: 0.5
    depth_of_discharge: 1.0
