cost_values:
  wind_capex: 5000.0
  wind_opex: 100
  wind_lifetime: 20
  solar_capex: 1000.0
  solar_opex: 10
  solar_lifetime: 20
  carbon_price: 1.0
timeseries_values:
  load_level: 232611.98291562518
  wind_year: 2019
  solar_year: 2010
  price_year: 2023
  carbon_year: 2023
storage_values:
  CAES:
    cost: 31.0164
    lifetime: 24.7688
    annual_cost: 1.2522366848616002
    efficiency: 0.641242
    discharge_ratio: 0.1
    depth_of_discharge: 0.4
  Li-ion:
    cost: 184.095
    lifetime: 19.5238
    annual_cost: 9.42926069720034
    efficiency: 0.872888
    discharge_ratio: 2
    depth_of_discharge: 0.9
  Pb-acid:
    cost: 98.6581
    lifetime: 18.35
    annual_cost: 5.376463215258855
    efficiency: 0.78336
    discharge_ratio: 5
    depth_of_discharge: 0.5
  VRBF:
    cost: 141.175
    lifetime: 29.0415
    annual_cost: 4.861146979322694
    efficiency: 0.778211
    discharge_ratio: 0.5
    depth_of_discharge: 1.0
