cost_values:
  wind_capex: 5000.0
  wind_opex: 100
  wind_lifetime: 20
  solar_capex: 1000.0
  solar_opex: 10
  solar_lifetime: 20
  carbon_price: 1.0
timeseries_values:
  load_level: 232611.98291562518
  wind_year: 2019
  solar_year: 2010
  price_year: 2023
  carbon_year: 2023
storage_values:
  CAES:
    cost: 27.9523
    lifetime: 25.0011
    annual_cost: 1.1180428061165308
    efficiency: 0.629841
    discharge_ratio: 0.1
    depth_of_discharge: 0.4
  Li-ion:
    cost: 177.138
    lifetime: 21.8356
    annual_cost: 8.112348641667735
    efficiency: 0.871862
    discharge_ratio: 2
    depth_of_discharge: 0.9
  Pb-acid:
    cost: 110.125
    lifetime: 17.4385
    annual_cost: 6.315050032973019
    efficiency: 0.773908
    discharge_ratio: 5
    depth_of_discharge: 0.5
  VRBF:
    cost: 139.817
    lifetime: 29.1332
    annual_cost: 4.799232490766548
    efficiency: 0.779592
    discharge_ratio: 0.5
    depth_of_discharge: 1.0
