cost_values:
  wind_capex: 5000.0
  wind_opex: 100
  wind_lifetime: 20
  solar_capex: 1000.0
  solar_opex: 10
  solar_lifetime: 20
  carbon_price: 1.0
timeseries_values:
  load_level: 232611.98291562518
  wind_year: 2019
  solar_year: 2010
  price_year: 2023
  carbon_year: 2023
storage_values:
  CAES:
    cost: 30.3025
    lifetime: 25.0926
    annual_cost: 1.207626949778022
    efficiency: 0.640117
    discharge_ratio: 0.1
    depth_of_discharge: 0.4
  Li-ion:
    cost: 161.414
    lifetime: 19.1247
    annual_cost: 8.440080105831724
    efficiency: 0.868024
    discharge_ratio: 2
    depth_of_discharge: 0.9
  Pb-acid:
    cost: 97.4395
    lifetime: 18.2561
    annual_cost: 5.337366688394564
    efficiency: 0.76857
    discharge_ratio: 5
    depth_of_discharge: 0.5
  VRBF:
    cost: 103.747
    lifetime: 29.6138
    annual_cost: 3.503332905604819
    efficiency: 0.776257
    discharge_ratio: 0.5
    depth_of_discharge: 1.0
