cost_values:
  wind_capex: 5000.0
  wind_opex: 100
  wind_lifetime: 20
  solar_capex: 1000.0
  solar_opex: 10
  solar_lifetime: 20
  carbon_price: 1.0
timeseries_values:
  load_level: 232611.98291562518
  wind_year: 2019
  solar_year: 2010
  price_year: 2023
  carbon_year: 2023
storage_values:
  CAES:
    cost: 33.1365
    lifetime: 25.3928
    annual_cost: 1.3049565231089126
    efficiency: 0.64913
    discharge_ratio: 0.1
    depth_of_discharge: 0.4
  Li-ion:
    cost: 161.083
    lifetime: 18.4797
    annual_cost: 8.716754059860278
    efficiency: 0.861099
    discharge_ratio: 2
    depth_of_discharge: 0.9
  Pb-acid:
    cost: 110.91
    lifetime: 19.6716
    annual_cost: 5.638077228085158
    efficiency: 0.770424
    discharge_ratio: 5
    depth_of_discharge: 0.5
  VRBF:
    cost: 120.141
    lifetime: 28.5402
    annual_cost: 4.209536022873
    efficiency: 0.778802
    discharge_ratio: 0.5
    depth_of_discharge: 1.0
