cost_values:
  wind_capex: 5000.0
  wind_opex: 100
  wind_lifetime: 20
  solar_capex: 1000.0
  solar_opex: 10
  solar_lifetime: 20
  carbon_price: 1.0
timeseries_values:
  load_level: 232611.98291562518
  wind_year: 2019
  solar_year: 2010
  price_year: 2023
  carbon_year: 2023
storage_values:
  CAES:
    cost: 35.6238
    lifetime: 24.4752
    annual_cost: 1.4555059815650129
    efficiency: 0.639936
    discharge_ratio: 0.1
    depth_of_discharge: 0.4
  Li-ion:
    cost: 175.995
    lifetime: 20.751
    annual_cost: 8.48127801069828
    efficiency: 0.861724
    discharge_ratio: 2
    depth_of_discharge: 0.9
  Pb-acid:
    cost: 90.9699
    lifetime: 18.9021
    annual_cost: 4.81268747916898
    efficiency: 0.769251
    discharge_ratio: 5
    depth_of_discharge: 0.5
  VRBF:
    cost: 114.954
    lifetime: 28.464
    annual_cost: 4.038575042158516
    efficiency: 0.755805
    discharge_ratio: 0.5
    depth_of_discharge: 1.0
