cost_values:
  wind_capex: 5000.0
  wind_opex: 100
  wind_lifetime: 20
  solar_capex: 1000.0
  solar_opex: 10
  solar_lifetime: 20
  carbon_price: 1.0
timeseries_values:
  load_level: 232611.98291562518
  wind_year: 2019
  solar_year: 2010
  price_year: 2023
  carbon_year: 2023
storage_values:
  CAES:
    cost: 40.666
    lifetime: 25.1617
    annual_cost: 1.6161865056812534
    efficiency: 0.641418
    discharge_ratio: 0.1
    depth_of_discharge: 0.4
  Li-ion:
    cost: 183.754
    lifetime: 19.9051
    annual_cost: 9.23150348403173
    efficiency: 0.869278
    discharge_ratio: 2
    depth_of_discharge: 0.9
  Pb-acid:
    cost: 90.3667
    lifetime: 17.824
    annual_cost: 5.06994501795332
    efficiency: 0.775163
    discharge_ratio: 5
    depth_of_discharge: 0.5
  VRBF:
    cost: 135.306
    lifetime: 29.4843
    annual_cost: 4.589086395132325
    efficiency: 0.765683
    discharge_ratio: 0.5
    depth_of_discharge: 1.0
