cost_values:
  wind_capex: 5000.0
  wind_opex: 100
  wind_lifetime: 20
  solar_capex: 1000.0
  solar_opex: 10
  solar_lifetime: 20
  carbon_price: 1.0
timeseries_values:
  load_level: 232611.98291562518
  wind_year: 2019
  solar_year: 2010
  price_year: 2023
  carbon_year: 2023
storage_values:
  CAES:
    cost: 29.3034
    lifetime: 25.1595
    annual_cost: 1.1647051809455673
    efficiency: 0.644768
    discharge_ratio: 0.1
    depth_of_discharge: 0.4
  Li-ion:
    cost: 214.297
    lifetime: 20.6277
    annual_cost: 10.38879758770973
    efficiency: 0.860744
    discharge_ratio: 2
    depth_of_discharge: 0.9
  Pb-acid:
    cost: 117.439
    lifetime: 18.612
    annual_cost: 6.309853857726198
    efficiency: 0.761696
    discharge_ratio: 5
    depth_of_discharge: 0.5
  VRBF:
    cost: 145.911
    lifetime: 27.5505
    annual_cost: 5.29612892687973
    efficiency: 0.776799
    discharge_ratio: 0.5
    depth_of_discharge: 1.0
