cost_values:
  wind_capex: 5000.0
  wind_opex: 100
  wind_lifetime: 20
  solar_capex: 1000.0
  solar_opex: 10
  solar_lifetime: 20
  carbon_price: 1.0
timeseries_values:
  load_level: 232611.98291562518
  wind_year: 2019
  solar_year: 2010
  price_year: 2023
  carbon_year: 2023
storage_values:
  CAES:
    cost: 35.3883
    lifetime: 24.9205
    annual_cost: 1.4200477518508858
    efficiency: 0.641922
    discharge_ratio: 0.1
    depth_of_discharge: 0.4
  Li-ion:
    cost: 191.545
    lifetime: 20.6048
    annual_cost: 9.296134881192732
    efficiency: 0.870081
    discharge_ratio: 2
    depth_of_discharge: 0.9
  Pb-acid:
    cost: 133.746
    lifetime: 18.5599
    annual_cost: 7.206181067785926
    efficiency: 0.758097
    discharge_ratio: 5
    depth_of_discharge: 0.5
  VRBF:
    cost: 148.07
    lifetime: 29.7368
    annual_cost: 4.979352183153534
    efficiency: 0.772911
    discharge_ratio: 0.5
    depth_of_discharge: 1.0
