cost_values:
  wind_capex: 5000.0
  wind_opex: 100
  wind_lifetime: 20
  solar_capex: 1000.0
  solar_opex: 10
  solar_lifetime: 20
  carbon_price: 1.0
timeseries_values:
  load_level: 232611.98291562518
  wind_year: 2019
  solar_year: 2010
  price_year: 2023
  carbon_year: 2023
storage_values:
  CAES:
    cost: 34.7815
    lifetime: 24.73
    annual_cost: 1.4064496562879094
    efficiency: 0.632732
    discharge_ratio: 0.1
    depth_of_discharge: 0.4
  Li-ion:
    cost: 181.337
    lifetime: 20.5518
    annual_cost: 8.823412061230647
    efficiency: 0.863119
    discharge_ratio: 2
    depth_of_discharge: 0.9
  Pb-acid:
    cost: 109.869
    lifetime: 18.0819
    annual_cost: 6.07618668392149
    efficiency: 0.767395
    discharge_ratio: 5
    depth_of_discharge: 0.5
  VRBF:
    cost: 106.173
    lifetime: 27.2058
    annual_cost: 3.902586948371303
    efficiency: 0.766327
    discharge_ratio: 0.5
    depth_of_discharge: 1.0
