cost_values:
  wind_capex: 5000.0
  wind_opex: 100
  wind_lifetime: 20
  solar_capex: 1000.0
  solar_opex: 10
  solar_lifetime: 20
  carbon_price: 1.0
timeseries_values:
  load_level: 232611.98291562518
  wind_year: 2019
  solar_year: 2010
  price_year: 2023
  carbon_year: 2023
storage_values:
  CAES:
    cost: 30.0484
    lifetime: 24.994
    annual_cost: 1.2022245338881332
    efficiency: 0.630844
    discharge_ratio: 0.1
    depth_of_discharge: 0.4
  Li-ion:
    cost: 181.47
    lifetime: 21.0743
    annual_cost: 8.61096216718942
    efficiency: 0.867977
    discharge_ratio: 2
    depth_of_discharge: 0.9
  Pb-acid:
    cost: 116.289
    lifetime: 17.6237
    annual_cost: 6.598444140560723
    efficiency: 0.764255
    discharge_ratio: 5
    depth_of_discharge: 0.5
  VRBF:
    cost: 150.35
    lifetime: 27.704
    annual_cost: 5.427014149581288
    efficiency: 0.759033
    discharge_ratio: 0.5
    depth_of_discharge: 1.0
