cost_values:
  wind_capex: 5000.0
  wind_opex: 100
  wind_lifetime: 20
  solar_capex: 1000.0
  solar_opex: 10
  solar_lifetime: 20
  carbon_price: 1.0
timeseries_values:
  load_level: 232611.98291562518
  wind_year: 2019
  solar_year: 2010
  price_year: 2023
  carbon_year: 2023
storage_values:
  CAES:
    cost: 32.9703
    lifetime: 24.6776
    annual_cost: 1.3360415923752715
    efficiency: 0.644127
    discharge_ratio: 0.1
    depth_of_discharge: 0.4
  Li-ion:
    cost: 187.109
    lifetime: 20.5088
    annual_cost: 9.123351926977687
    efficiency: 0.860515
    discharge_ratio: 2
    depth_of_discharge: 0.9
  Pb-acid:
    cost: 126.104
    lifetime: 18.3368
    annual_cost: 6.8770996029841625
    efficiency: 0.749416
    discharge_ratio: 5
    depth_of_discharge: 0.5
  VRBF:
    cost: 142.349
    lifetime: 26.7995
    annual_cost: 5.311628948301275
    efficiency: 0.76048
    discharge_ratio: 0.5
    depth_of_discharge: 1.0
