cost_values:
  wind_capex: 5000.0
  wind_opex: 100
  wind_lifetime: 20
  solar_capex: 1000.0
  solar_opex: 10
  solar_lifetime: 20
  carbon_price: 1.0
timeseries_values:
  load_level: 232611.98291562518
  wind_year: 2019
  solar_year: 2010
  price_year: 2023
  carbon_year: 2023
storage_values:
  CAES:
    cost: 27.5695
    lifetime: 24.8011
    annual_cost: 1.1116240811899472
    efficiency: 0.63097
    discharge_ratio: 0.1
    depth_of_discharge: 0.4
  Li-ion:
    cost: 187.79
    lifetime: 20.5592
    annual_cost: 9.134110276664462
    efficiency: 0.869589
    discharge_ratio: 2
    depth_of_discharge: 0.9
  Pb-acid:
    cost: 120.272
    lifetime: 19.4147
    annual_cost: 6.194893560034407
    efficiency: 0.758052
    discharge_ratio: 5
    depth_of_discharge: 0.5
  VRBF:
    cost: 144.349
    lifetime: 25.5789
    annual_cost: 5.643284113077575
    efficiency: 0.770243
    discharge_ratio: 0.5
    depth_of_discharge: 1.0
