cost_values:
  wind_capex: 5000.0
  wind_opex: 100
  wind_lifetime: 20
  solar_capex: 1000.0
  solar_opex: 10
  solar_lifetime: 20
  carbon_price: 1.0
timeseries_values:
  load_level: 232611.98291562518
  wind_year: 2019
  solar_year: 2010
  price_year: 2023
  carbon_year: 2023
storage_values:
  CAES:
    cost: 31.6255
    lifetime: 23.8149
    annual_cost: 1.3279711441156585
    efficiency: 0.646419
    discharge_ratio: 0.1
    depth_of_discharge: 0.4
  Li-ion:
    cost: 182.338
    lifetime: 19.8664
    annual_cost: 9.178210445777795
    efficiency: 0.857871
    discharge_ratio: 2
    depth_of_discharge: 0.9
  Pb-acid:
    cost: 105.607
    lifetime: 18.8344
    annual_cost: 5.607133755256339
    efficiency: 0.761197
    discharge_ratio: 5
    depth_of_discharge: 0.5
  VRBF:
    cost: 143.381
    lifetime: 26.1815
    annual_cost: 5.476424192655119
    efficiency: 0.77666
    discharge_ratio: 0.5
    depth_of_discharge: 1.0
