cost_values:
  wind_capex: 5000.0
  wind_opex: 100
  wind_lifetime: 20
  solar_capex: 1000.0
  solar_opex: 10
  solar_lifetime: 20
  carbon_price: 1.0
timeseries_values:
  load_level: 232611.98291562518
  wind_year: 2019
  solar_year: 2010
  price_year: 2023
  carbon_year: 2023
storage_values:
  CAES:
    cost: 36.4382
    lifetime: 25.251
    annual_cost: 1.4430398796087285
    efficiency: 0.643675
    discharge_ratio: 0.1
    depth_of_discharge: 0.4
  Li-ion:
    cost: 188.992
    lifetime: 21.9071
    annual_cost: 8.62697481638373
    efficiency: 0.864732
    discharge_ratio: 2
    depth_of_discharge: 0.9
  Pb-acid:
    cost: 80.4237
    lifetime: 18.2399
    annual_cost: 4.40921825229305
    efficiency: 0.76445
    discharge_ratio: 5
    depth_of_discharge: 0.5
  VRBF:
    cost: 150.748
    lifetime: 29.1768
    annual_cost: 5.1667077952345695
    efficiency: 0.763364
    discharge_ratio: 0.5
    depth_of_discharge: 1.0
