cost_values:
  wind_capex: 5000.0
  wind_opex: 100
  wind_lifetime: 20
  solar_capex: 1000.0
  solar_opex: 10
  solar_lifetime: 20
  carbon_price: 1.0
timeseries_values:
  load_level: 232611.98291562518
  wind_year: 2019
  solar_year: 2010
  price_year: 2023
  carbon_year: 2023
storage_values:
  CAES:
    cost: 33.6694
    lifetime: 25.1552
    annual_cost: 1.338466798117288
    efficiency: 0.641382
    discharge_ratio: 0.1
    depth_of_discharge: 0.4
  Li-ion:
    cost: 198.587
    lifetime: 20.2276
    annual_cost: 9.81762542268979
    efficiency: 0.86302
    discharge_ratio: 2
    depth_of_discharge: 0.9
  Pb-acid:
    cost: 125.514
    lifetime: 19.7314
    annual_cost: 6.361129975571931
    efficiency: 0.748124
    discharge_ratio: 5
    depth_of_discharge: 0.5
  VRBF:
    cost: 148.743
    lifetime: 27.8837
    annual_cost: 5.334406839838328
    efficiency: 0.771397
    discharge_ratio: 0.5
    depth_of_discharge: 1.0
