cost_values:
  wind_capex: 5000.0
  wind_opex: 100
  wind_lifetime: 20
  solar_capex: 1000.0
  solar_opex: 10
  solar_lifetime: 20
  carbon_price: 1.0
timeseries_values:
  load_level: 232611.98291562518
  wind_year: 2019
  solar_year: 2010
  price_year: 2023
  carbon_year: 2023
storage_values:
  CAES:
    cost: 30.2973
    lifetime: 24.9067
    annual_cost: 1.2164317231909485
    efficiency: 0.636584
    discharge_ratio: 0.1
    depth_of_discharge: 0.4
  Li-ion:
    cost: 191.415
    lifetime: 20.208
    annual_cost: 9.472238717339668
    efficiency: 0.857278
    discharge_ratio: 2
    depth_of_discharge: 0.9
  Pb-acid:
    cost: 109.963
    lifetime: 18.1465
    annual_cost: 6.059736037252362
    efficiency: 0.757962
    discharge_ratio: 5
    depth_of_discharge: 0.5
  VRBF:
    cost: 106.186
    lifetime: 28.1751
    annual_cost: 3.7687887531898734
    efficiency: 0.77293
    discharge_ratio: 0.5
    depth_of_discharge: 1.0
