cost_values:
  wind_capex: 5000.0
  wind_opex: 100
  wind_lifetime: 20
  solar_capex: 1000.0
  solar_opex: 10
  solar_lifetime: 20
  carbon_price: 1.0
timeseries_values:
  load_level: 232611.98291562518
  wind_year: 2019
  solar_year: 2010
  price_year: 2023
  carbon_year: 2023
storage_values:
  CAES:
    cost: 31.1052
    lifetime: 25.4685
    annual_cost: 1.2213204546793097
    efficiency: 0.637634
    discharge_ratio: 0.1
    depth_of_discharge: 0.4
  Li-ion:
    cost: 193.205
    lifetime: 19.5011
    annual_cost: 9.907389839547513
    efficiency: 0.852893
    discharge_ratio: 2
    depth_of_discharge: 0.9
  Pb-acid:
    cost: 109.137
    lifetime: 18.4719
    annual_cost: 5.908271482630373
    efficiency: 0.768064
    discharge_ratio: 5
    depth_of_discharge: 0.5
  VRBF:
    cost: 128.169
    lifetime: 28.1259
    annual_cost: 4.556974176826341
    efficiency: 0.784593
    discharge_ratio: 0.5
    depth_of_discharge: 1.0
