cost_values:
  wind_capex: 5000.0
  wind_opex: 100
  wind_lifetime: 20
  solar_capex: 1000.0
  solar_opex: 10
  solar_lifetime: 20
  carbon_price: 1.0
timeseries_values:
  load_level: 240053.4814613137
  wind_year: 2011
  solar_year: 2011
  price_year: 2023
  carbon_year: 2023
storage_values:
  CAES:
    cost: 61.506
    lifetime: 26.7124
    annual_cost: 2.3025261676225273
    efficiency: 0.594715
    discharge_ratio: 0.1
    depth_of_discharge: 0.4
  Li-ion:
    cost: 175.01
    lifetime: 27.5894
    annual_cost: 6.343378253967103
    efficiency: 0.958545
    discharge_ratio: 2
    depth_of_discharge: 0.9
  Pb-acid:
    cost: 179.728
    lifetime: 10.3407
    annual_cost: 17.38064154264218
    efficiency: 0.69112
    discharge_ratio: 5
    depth_of_discharge: 0.5
  VRBF:
    cost: 220.276
    lifetime: 20.3063
    annual_cost: 10.847667965114276
    efficiency: 0.709325
    discharge_ratio: 0.5
    depth_of_discharge: 1.0
