cost_values:
  wind_capex: 5000.0
  wind_opex: 100
  wind_lifetime: 20
  solar_capex: 1000.0
  solar_opex: 10
  solar_lifetime: 20
  carbon_price: 1.0
timeseries_values:
  load_level: 240053.4814613137
  wind_year: 2011
  solar_year: 2011
  price_year: 2023
  carbon_year: 2023
storage_values:
  CAES:
    cost: 59.6163
    lifetime: 26.5773
    annual_cost: 2.2431285345012473
    efficiency: 0.590273
    discharge_ratio: 0.1
    depth_of_discharge: 0.4
  Li-ion:
    cost: 147.795
    lifetime: 29.4448
    annual_cost: 5.01939221866
    efficiency: 0.945759
    discharge_ratio: 2
    depth_of_discharge: 0.9
  Pb-acid:
    cost: 189.417
    lifetime: 10.2517
    annual_cost: 18.476642898251022
    efficiency: 0.693994
    discharge_ratio: 5
    depth_of_discharge: 0.5
  VRBF:
    cost: 171.003
    lifetime: 19.4265
    annual_cost: 8.802563508609373
    efficiency: 0.699078
    discharge_ratio: 0.5
    depth_of_discharge: 1.0
