cost_values:
  wind_capex: 5000.0
  wind_opex: 100
  wind_lifetime: 20
  solar_capex: 1000.0
  solar_opex: 10
  solar_lifetime: 20
  carbon_price: 1.0
timeseries_values:
  load_level: 240053.4814613137
  wind_year: 2011
  solar_year: 2011
  price_year: 2023
  carbon_year: 2023
storage_values:
  CAES:
    cost: 56.7079
    lifetime: 25.396
    annual_cost: 2.2329461332493308
    efficiency: 0.597361
    discharge_ratio: 0.1
    depth_of_discharge: 0.4
  Li-ion:
    cost: 149.62
    lifetime: 29.4551
    annual_cost: 5.079595723660758
    efficiency: 0.953128
    discharge_ratio: 2
    depth_of_discharge: 0.9
  Pb-acid:
    cost: 208.902
    lifetime: 11.525
    annual_cost: 18.125986984815615
    efficiency: 0.664422
    discharge_ratio: 5
    depth_of_discharge: 0.5
  VRBF:
    cost: 217.828
    lifetime: 19.8559
    annual_cost: 10.970442034861176
    efficiency: 0.718482
    discharge_ratio: 0.5
    depth_of_discharge: 1.0
