cost_values:
  wind_capex: 5000.0
  wind_opex: 100
  wind_lifetime: 20
  solar_capex: 1000.0
  solar_opex: 10
  solar_lifetime: 20
  carbon_price: 1.0
timeseries_values:
  load_level: 240053.4814613137
  wind_year: 2011
  solar_year: 2011
  price_year: 2023
  carbon_year: 2023
storage_values:
  CAES:
    cost: 56.0479
    lifetime: 25.7392
    annual_cost: 2.1775307701871074
    efficiency: 0.595223
    discharge_ratio: 0.1
    depth_of_discharge: 0.4
  Li-ion:
    cost: 171.552
    lifetime: 27.0986
    annual_cost: 6.330659148443092
    efficiency: 0.949616
    discharge_ratio: 2
    depth_of_discharge: 0.9
  Pb-acid:
    cost: 192.545
    lifetime: 11.0017
    annual_cost: 17.50138614941327
    efficiency: 0.657477
    discharge_ratio: 5
    depth_of_discharge: 0.5
  VRBF:
    cost: 179.364
    lifetime: 21.3622
    annual_cost: 8.396326221082099
    efficiency: 0.736874
    discharge_ratio: 0.5
    depth_of_discharge: 1.0
