cost_values:
  wind_capex: 5000.0
  wind_opex: 100
  wind_lifetime: 20
  solar_capex: 1000.0
  solar_opex: 10
  solar_lifetime: 20
  carbon_price: 1.0
timeseries_values:
  load_level: 240053.4814613137
  wind_year: 2011
  solar_year: 2011
  price_year: 2023
  carbon_year: 2023
storage_values:
  CAES:
    cost: 52.93
    lifetime: 27.1571
    annual_cost: 1.949029903782068
    efficiency: 0.5931
    discharge_ratio: 0.1
    depth_of_discharge: 0.4
  Li-ion:
    cost: 152.879
    lifetime: 28.1986
    annual_cost: 5.421510287744781
    efficiency: 0.944207
    discharge_ratio: 2
    depth_of_discharge: 0.9
  Pb-acid:
    cost: 183.243
    lifetime: 11.297
    annual_cost: 16.220501017969372
    efficiency: 0.670312
    discharge_ratio: 5
    depth_of_discharge: 0.5
  VRBF:
    cost: 210.487
    lifetime: 21.2277
    annual_cost: 9.915676215510866
    efficiency: 0.72426
    discharge_ratio: 0.5
    depth_of_discharge: 1.0
