cost_values:
  wind_capex: 5000.0
  wind_opex: 100
  wind_lifetime: 20
  solar_capex: 1000.0
  solar_opex: 10
  solar_lifetime: 20
  carbon_price: 1.0
timeseries_values:
  load_level: 240053.4814613137
  wind_year: 2011
  solar_year: 2011
  price_year: 2023
  carbon_year: 2023
storage_values:
  CAES:
    cost: 57.4368
    lifetime: 25.7584
    annual_cost: 2.2298279396235787
    efficiency: 0.594347
    discharge_ratio: 0.1
    depth_of_discharge: 0.4
  Li-ion:
    cost: 160.036
    lifetime: 28.7779
    annual_cost: 5.561072906640165
    efficiency: 0.957666
    discharge_ratio: 2
    depth_of_discharge: 0.9
  Pb-acid:
    cost: 195.389
    lifetime: 8.66282
    annual_cost: 22.554895519011133
    efficiency: 0.687957
    discharge_ratio: 5
    depth_of_discharge: 0.5
  VRBF:
    cost: 185.401
    lifetime: 20.0257
    annual_cost: 9.258153273044138
    efficiency: 0.714823
    discharge_ratio: 0.5
    depth_of_discharge: 1.0
