cost_values:
  wind_capex: 5000.0
  wind_opex: 100
  wind_lifetime: 20
  solar_capex: 1000.0
  solar_opex: 10
  solar_lifetime: 20
  carbon_price: 1.0
timeseries_values:
  load_level: 240053.4814613137
  wind_year: 2011
  solar_year: 2011
  price_year: 2023
  carbon_year: 2023
storage_values:
  CAES:
    cost: 51.3355
    lifetime: 26.2075
    annual_cost: 1.9588095010970143
    efficiency: 0.588902
    discharge_ratio: 0.1
    depth_of_discharge: 0.4
  Li-ion:
    cost: 151.181
    lifetime: 28.9692
    annual_cost: 5.21868052966599
    efficiency: 0.94477
    discharge_ratio: 2
    depth_of_discharge: 0.9
  Pb-acid:
    cost: 207.217
    lifetime: 9.86412
    annual_cost: 21.007145087448247
    efficiency: 0.683912
    discharge_ratio: 5
    depth_of_discharge: 0.5
  VRBF:
    cost: 233.046
    lifetime: 19.838
    annual_cost: 11.747454380481903
    efficiency: 0.718993
    discharge_ratio: 0.5
    depth_of_discharge: 1.0
