cost_values:
  wind_capex: 5000.0
  wind_opex: 100
  wind_lifetime: 20
  solar_capex: 1000.0
  solar_opex: 10
  solar_lifetime: 20
  carbon_price: 1.0
timeseries_values:
  load_level: 240053.4814613137
  wind_year: 2011
  solar_year: 2011
  price_year: 2023
  carbon_year: 2023
storage_values:
  CAES:
    cost: 56.0956
    lifetime: 25.7403
    annual_cost: 2.1792908396561033
    efficiency: 0.586944
    discharge_ratio: 0.1
    depth_of_discharge: 0.4
  Li-ion:
    cost: 153.253
    lifetime: 28.331
    annual_cost: 5.409374889696799
    efficiency: 0.93827
    discharge_ratio: 2
    depth_of_discharge: 0.9
  Pb-acid:
    cost: 197.276
    lifetime: 11.0601
    annual_cost: 17.83672842017703
    efficiency: 0.688839
    discharge_ratio: 5
    depth_of_discharge: 0.5
  VRBF:
    cost: 206.894
    lifetime: 21.0537
    annual_cost: 9.826966281461216
    efficiency: 0.712381
    discharge_ratio: 0.5
    depth_of_discharge: 1.0
