cost_values:
  wind_capex: 5000.0
  wind_opex: 100
  wind_lifetime: 20
  solar_capex: 1000.0
  solar_opex: 10
  solar_lifetime: 20
  carbon_price: 1.0
timeseries_values:
  load_level: 240053.4814613137
  wind_year: 2011
  solar_year: 2011
  price_year: 2023
  carbon_year: 2023
storage_values:
  CAES:
    cost: 53.4913
    lifetime: 26.6643
    annual_cost: 2.0061017915339985
    efficiency: 0.598042
    discharge_ratio: 0.1
    depth_of_discharge: 0.4
  Li-ion:
    cost: 180.98
    lifetime: 27.5185
    annual_cost: 6.57666660610135
    efficiency: 0.944089
    discharge_ratio: 2
    depth_of_discharge: 0.9
  Pb-acid:
    cost: 206.626
    lifetime: 9.51805
    annual_cost: 21.708858432136832
    efficiency: 0.674592
    discharge_ratio: 5
    depth_of_discharge: 0.5
  VRBF:
    cost: 197.281
    lifetime: 19.6289
    annual_cost: 10.050537727534401
    efficiency: 0.72236
    discharge_ratio: 0.5
    depth_of_discharge: 1.0
