cost_values:
  wind_capex: 5000.0
  wind_opex: 100
  wind_lifetime: 20
  solar_capex: 1000.0
  solar_opex: 10
  solar_lifetime: 20
  carbon_price: 1.0
timeseries_values:
  load_level: 240053.4814613137
  wind_year: 2011
  solar_year: 2011
  price_year: 2023
  carbon_year: 2023
storage_values:
  CAES:
    cost: 58.1787
    lifetime: 25.6682
    annual_cost: 2.2665671920898234
    efficiency: 0.597698
    discharge_ratio: 0.1
    depth_of_discharge: 0.4
  Li-ion:
    cost: 176.485
    lifetime: 27.6753
    annual_cost: 6.376985976665114
    efficiency: 0.937397
    discharge_ratio: 2
    depth_of_discharge: 0.9
  Pb-acid:
    cost: 188.081
    lifetime: 10.5602
    annual_cost: 17.810363440086363
    efficiency: 0.685488
    discharge_ratio: 5
    depth_of_discharge: 0.5
  VRBF:
    cost: 193.222
    lifetime: 20.1205
    annual_cost: 9.60324047613131
    efficiency: 0.727176
    discharge_ratio: 0.5
    depth_of_discharge: 1.0
