cost_values:
  wind_capex: 5000.0
  wind_opex: 100
  wind_lifetime: 20
  solar_capex: 1000.0
  solar_opex: 10
  solar_lifetime: 20
  carbon_price: 1.0
timeseries_values:
  load_level: 240053.4814613137
  wind_year: 2011
  solar_year: 2011
  price_year: 2023
  carbon_year: 2023
storage_values:
  CAES:
    cost: 67.1347
    lifetime: 25.6853
    annual_cost: 2.6137401548745776
    efficiency: 0.599334
    discharge_ratio: 0.1
    depth_of_discharge: 0.4
  Li-ion:
    cost: 165.447
    lifetime: 28.0755
    annual_cost: 5.892931559544799
    efficiency: 0.953973
    discharge_ratio: 2
    depth_of_discharge: 0.9
  Pb-acid:
    cost: 196.401
    lifetime: 11.4317
    annual_cost: 17.180384369778775
    efficiency: 0.691875
    discharge_ratio: 5
    depth_of_discharge: 0.5
  VRBF:
    cost: 199.326
    lifetime: 20.0015
    annual_cost: 9.965552583556233
    efficiency: 0.722466
    discharge_ratio: 0.5
    depth_of_discharge: 1.0
