cost_values:
  wind_capex: 5000.0
  wind_opex: 100
  wind_lifetime: 20
  solar_capex: 1000.0
  solar_opex: 10
  solar_lifetime: 20
  carbon_price: 1.0
timeseries_values:
  load_level: 240053.4814613137
  wind_year: 2011
  solar_year: 2011
  price_year: 2023
  carbon_year: 2023
storage_values:
  CAES:
    cost: 57.0725
    lifetime: 25.6529
    annual_cost: 2.2247971964183386
    efficiency: 0.589125
    discharge_ratio: 0.1
    depth_of_discharge: 0.4
  Li-ion:
    cost: 146.729
    lifetime: 29.0428
    annual_cost: 5.052164391863044
    efficiency: 0.942901
    discharge_ratio: 2
    depth_of_discharge: 0.9
  Pb-acid:
    cost: 189.525
    lifetime: 8.96744
    annual_cost: 21.134794322571437
    efficiency: 0.676599
    discharge_ratio: 5
    depth_of_discharge: 0.5
  VRBF:
    cost: 202.287
    lifetime: 21.9693
    annual_cost: 9.207712580737665
    efficiency: 0.704411
    discharge_ratio: 0.5
    depth_of_discharge: 1.0
