cost_values:
  wind_capex: 5000.0
  wind_opex: 100
  wind_lifetime: 20
  solar_capex: 1000.0
  solar_opex: 10
  solar_lifetime: 20
  carbon_price: 1.0
timeseries_values:
  load_level: 240053.4814613137
  wind_year: 2011
  solar_year: 2011
  price_year: 2023
  carbon_year: 2023
storage_values:
  CAES:
    cost: 53.771
    lifetime: 25.6774
    annual_cost: 2.094098312134406
    efficiency: 0.612071
    discharge_ratio: 0.1
    depth_of_discharge: 0.4
  Li-ion:
    cost: 165.314
    lifetime: 28.551
    annual_cost: 5.79012994290918
    efficiency: 0.961779
    discharge_ratio: 2
    depth_of_discharge: 0.9
  Pb-acid:
    cost: 185.326
    lifetime: 10.3972
    annual_cost: 17.82460662486054
    efficiency: 0.679133
    discharge_ratio: 5
    depth_of_discharge: 0.5
  VRBF:
    cost: 175.307
    lifetime: 21.0852
    annual_cost: 8.314220401039591
    efficiency: 0.725372
    discharge_ratio: 0.5
    depth_of_discharge: 1.0
