cost_values:
  wind_capex: 5000.0
  wind_opex: 100
  wind_lifetime: 20
  solar_capex: 1000.0
  solar_opex: 10
  solar_lifetime: 20
  carbon_price: 1.0
timeseries_values:
  load_level: 240053.4814613137
  wind_year: 2011
  solar_year: 2011
  price_year: 2023
  carbon_year: 2023
storage_values:
  CAES:
    cost: 55.4932
    lifetime: 25.3454
    annual_cost: 2.1894781696086865
    efficiency: 0.599229
    discharge_ratio: 0.1
    depth_of_discharge: 0.4
  Li-ion:
    cost: 163.23
    lifetime: 26.8212
    annual_cost: 6.085857456042235
    efficiency: 0.951416
    discharge_ratio: 2
    depth_of_discharge: 0.9
  Pb-acid:
    cost: 197.906
    lifetime: 9.87961
    annual_cost: 20.03176238738169
    efficiency: 0.693536
    discharge_ratio: 5
    depth_of_discharge: 0.5
  VRBF:
    cost: 198.353
    lifetime: 20.7058
    annual_cost: 9.579586396082258
    efficiency: 0.710346
    discharge_ratio: 0.5
    depth_of_discharge: 1.0
