cost_values:
  wind_capex: 5000.0
  wind_opex: 100
  wind_lifetime: 20
  solar_capex: 1000.0
  solar_opex: 10
  solar_lifetime: 20
  carbon_price: 1.0
timeseries_values:
  load_level: 240053.4814613137
  wind_year: 2011
  solar_year: 2011
  price_year: 2023
  carbon_year: 2023
storage_values:
  CAES:
    cost: 58.4306
    lifetime: 25.8633
    annual_cost: 2.259208994985172
    efficiency: 0.596427
    discharge_ratio: 0.1
    depth_of_discharge: 0.4
  Li-ion:
    cost: 167.32
    lifetime: 27.5853
    annual_cost: 6.065549404936687
    efficiency: 0.939727
    discharge_ratio: 2
    depth_of_discharge: 0.9
  Pb-acid:
    cost: 206.153
    lifetime: 10.7305
    annual_cost: 19.211872699315037
    efficiency: 0.66267
    discharge_ratio: 5
    depth_of_discharge: 0.5
  VRBF:
    cost: 186.227
    lifetime: 21.0648
    annual_cost: 8.840672591242262
    efficiency: 0.733214
    discharge_ratio: 0.5
    depth_of_discharge: 1.0
