cost_values:
  wind_capex: 5000.0
  wind_opex: 100
  wind_lifetime: 20
  solar_capex: 1000.0
  solar_opex: 10
  solar_lifetime: 20
  carbon_price: 1.0
timeseries_values:
  load_level: 240053.4814613137
  wind_year: 2011
  solar_year: 2011
  price_year: 2023
  carbon_year: 2023
storage_values:
  CAES:
    cost: 58.8928
    lifetime: 25.203
    annual_cost: 2.3367376899575447
    efficiency: 0.595064
    discharge_ratio: 0.1
    depth_of_discharge: 0.4
  Li-ion:
    cost: 139.618
    lifetime: 26.3961
    annual_cost: 5.289341986126738
    efficiency: 0.949084
    discharge_ratio: 2
    depth_of_discharge: 0.9
  Pb-acid:
    cost: 195.996
    lifetime: 11.4837
    annual_cost: 17.067321507876382
    efficiency: 0.66717
    discharge_ratio: 5
    depth_of_discharge: 0.5
  VRBF:
    cost: 188.996
    lifetime: 22.0485
    annual_cost: 8.571830283239223
    efficiency: 0.680765
    discharge_ratio: 0.5
    depth_of_discharge: 1.0
