cost_values:
  wind_capex: 5000.0
  wind_opex: 100
  wind_lifetime: 20
  solar_capex: 1000.0
  solar_opex: 10
  solar_lifetime: 20
  carbon_price: 1.0
timeseries_values:
  load_level: 240053.4814613137
  wind_year: 2011
  solar_year: 2011
  price_year: 2023
  carbon_year: 2023
storage_values:
  CAES:
    cost: 50.4028
    lifetime: 25.33
    annual_cost: 1.9898460323726808
    efficiency: 0.595804
    discharge_ratio: 0.1
    depth_of_discharge: 0.4
  Li-ion:
    cost: 165.736
    lifetime: 28.7931
    annual_cost: 5.756101288155842
    efficiency: 0.933213
    discharge_ratio: 2
    depth_of_discharge: 0.9
  Pb-acid:
    cost: 192.086
    lifetime: 12.3074
    annual_cost: 15.607358174756651
    efficiency: 0.682752
    discharge_ratio: 5
    depth_of_discharge: 0.5
  VRBF:
    cost: 213.567
    lifetime: 21.4679
    annual_cost: 9.948201733751322
    efficiency: 0.719391
    discharge_ratio: 0.5
    depth_of_discharge: 1.0
