cost_values:
  wind_capex: 5000.0
  wind_opex: 100
  wind_lifetime: 20
  solar_capex: 1000.0
  solar_opex: 10
  solar_lifetime: 20
  carbon_price: 1.0
timeseries_values:
  load_level: 240053.4814613137
  wind_year: 2011
  solar_year: 2011
  price_year: 2023
  carbon_year: 2023
storage_values:
  CAES:
    cost: 56.9661
    lifetime: 27.537
    annual_cost: 2.0687111885826344
    efficiency: 0.596111
    discharge_ratio: 0.1
    depth_of_discharge: 0.4
  Li-ion:
    cost: 165.072
    lifetime: 27.3644
    annual_cost: 6.032363216441801
    efficiency: 0.924148
    discharge_ratio: 2
    depth_of_discharge: 0.9
  Pb-acid:
    cost: 194.057
    lifetime: 10.3219
    annual_cost: 18.800511533729257
    efficiency: 0.672202
    discharge_ratio: 5
    depth_of_discharge: 0.5
  VRBF:
    cost: 196.499
    lifetime: 22.1655
    annual_cost: 8.865083124675733
    efficiency: 0.719454
    discharge_ratio: 0.5
    depth_of_discharge: 1.0
