cost_values:
  wind_capex: 5000.0
  wind_opex: 100
  wind_lifetime: 20
  solar_capex: 1000.0
  solar_opex: 10
  solar_lifetime: 20
  carbon_price: 1.0
timeseries_values:
  load_level: 240053.4814613137
  wind_year: 2011
  solar_year: 2011
  price_year: 2023
  carbon_year: 2023
storage_values:
  CAES:
    cost: 47.7841
    lifetime: 25.9111
    annual_cost: 1.8441555935487108
    efficiency: 0.58814
    discharge_ratio: 0.1
    depth_of_discharge: 0.4
  Li-ion:
    cost: 157.239
    lifetime: 27.7867
    annual_cost: 5.658786397809024
    efficiency: 0.946504
    discharge_ratio: 2
    depth_of_discharge: 0.9
  Pb-acid:
    cost: 185.446
    lifetime: 10.3788
    annual_cost: 17.867768913554553
    efficiency: 0.685026
    discharge_ratio: 5
    depth_of_discharge: 0.5
  VRBF:
    cost: 226.565
    lifetime: 22.099
    annual_cost: 10.252273858545635
    efficiency: 0.708698
    discharge_ratio: 0.5
    depth_of_discharge: 1.0
