cost_values:
  wind_capex: 5000.0
  wind_opex: 100
  wind_lifetime: 20
  solar_capex: 1000.0
  solar_opex: 10
  solar_lifetime: 20
  carbon_price: 1.0
timeseries_values:
  load_level: 240053.4814613137
  wind_year: 2011
  solar_year: 2011
  price_year: 2023
  carbon_year: 2023
storage_values:
  CAES:
    cost: 57.0825
    lifetime: 24.8713
    annual_cost: 2.2951152533241124
    efficiency: 0.594569
    discharge_ratio: 0.1
    depth_of_discharge: 0.4
  Li-ion:
    cost: 159.542
    lifetime: 28.0067
    annual_cost: 5.696565464692378
    efficiency: 0.962043
    discharge_ratio: 2
    depth_of_discharge: 0.9
  Pb-acid:
    cost: 183.257
    lifetime: 10.7013
    annual_cost: 17.124741853793466
    efficiency: 0.689658
    discharge_ratio: 5
    depth_of_discharge: 0.5
  VRBF:
    cost: 225.794
    lifetime: 22.7973
    annual_cost: 9.904418505700237
    efficiency: 0.716269
    discharge_ratio: 0.5
    depth_of_discharge: 1.0
