cost_values:
  wind_capex: 5000.0
  wind_opex: 100
  wind_lifetime: 20
  solar_capex: 1000.0
  solar_opex: 10
  solar_lifetime: 20
  carbon_price: 1.0
timeseries_values:
  load_level: 240053.4814613137
  wind_year: 2011
  solar_year: 2011
  price_year: 2023
  carbon_year: 2023
storage_values:
  CAES:
    cost: 58.897
    lifetime: 25.529
    annual_cost: 2.307062556308512
    efficiency: 0.600187
    discharge_ratio: 0.1
    depth_of_discharge: 0.4
  Li-ion:
    cost: 165.352
    lifetime: 29.2
    annual_cost: 5.6627397260273975
    efficiency: 0.952969
    discharge_ratio: 2
    depth_of_discharge: 0.9
  Pb-acid:
    cost: 198.778
    lifetime: 12.0355
    annual_cost: 16.515973578164594
    efficiency: 0.690066
    discharge_ratio: 5
    depth_of_discharge: 0.5
  VRBF:
    cost: 211.528
    lifetime: 20.4012
    annual_cost: 10.368409701390114
    efficiency: 0.712276
    discharge_ratio: 0.5
    depth_of_discharge: 1.0
