cost_values:
  wind_capex: 5000.0
  wind_opex: 100
  wind_lifetime: 20
  solar_capex: 1000.0
  solar_opex: 10
  solar_lifetime: 20
  carbon_price: 1.0
timeseries_values:
  load_level: 240053.4814613137
  wind_year: 2011
  solar_year: 2011
  price_year: 2023
  carbon_year: 2023
storage_values:
  CAES:
    cost: 57.3719
    lifetime: 25.3337
    annual_cost: 2.264647485365343
    efficiency: 0.598998
    discharge_ratio: 0.1
    depth_of_discharge: 0.4
  Li-ion:
    cost: 171.249
    lifetime: 28.7379
    annual_cost: 5.9589949161212195
    efficiency: 0.936724
    discharge_ratio: 2
    depth_of_discharge: 0.9
  Pb-acid:
    cost: 201.515
    lifetime: 9.3419
    annual_cost: 21.571093674734257
    efficiency: 0.677928
    discharge_ratio: 5
    depth_of_discharge: 0.5
  VRBF:
    cost: 219.747
    lifetime: 21.0
    annual_cost: 10.464142857142857
    efficiency: 0.741555
    discharge_ratio: 0.5
    depth_of_discharge: 1.0
