cost_values:
  wind_capex: 5000.0
  wind_opex: 100
  wind_lifetime: 20
  solar_capex: 1000.0
  solar_opex: 10
  solar_lifetime: 20
  carbon_price: 1.0
timeseries_values:
  load_level: 240053.4814613137
  wind_year: 2011
  solar_year: 2011
  price_year: 2023
  carbon_year: 2023
storage_values:
  CAES:
    cost: 49.1526
    lifetime: 25.7541
    annual_cost: 1.9085349517164256
    efficiency: 0.584338
    discharge_ratio: 0.1
    depth_of_discharge: 0.4
  Li-ion:
    cost: 157.369
    lifetime: 27.4897
    annual_cost: 5.724653233756643
    efficiency: 0.955896
    discharge_ratio: 2
    depth_of_discharge: 0.9
  Pb-acid:
    cost: 211.566
    lifetime: 8.72895
    annual_cost: 24.237279397865723
    efficiency: 0.676889
    discharge_ratio: 5
    depth_of_discharge: 0.5
  VRBF:
    cost: 203.389
    lifetime: 19.9882
    annual_cost: 10.17545351757537
    efficiency: 0.708918
    discharge_ratio: 0.5
    depth_of_discharge: 1.0
