cost_values:
  wind_capex: 5000.0
  wind_opex: 100
  wind_lifetime: 20
  solar_capex: 1000.0
  solar_opex: 10
  solar_lifetime: 20
  carbon_price: 1.0
timeseries_values:
  load_level: 240053.4814613137
  wind_year: 2011
  solar_year: 2011
  price_year: 2023
  carbon_year: 2023
storage_values:
  CAES:
    cost: 50.9843
    lifetime: 25.0961
    annual_cost: 2.0315626730846623
    efficiency: 0.595998
    discharge_ratio: 0.1
    depth_of_discharge: 0.4
  Li-ion:
    cost: 187.364
    lifetime: 29.5919
    annual_cost: 6.33159749796397
    efficiency: 0.939655
    discharge_ratio: 2
    depth_of_discharge: 0.9
  Pb-acid:
    cost: 193.611
    lifetime: 9.66896
    annual_cost: 20.023973622809482
    efficiency: 0.680109
    discharge_ratio: 5
    depth_of_discharge: 0.5
  VRBF:
    cost: 195.228
    lifetime: 18.6628
    annual_cost: 10.460809739160254
    efficiency: 0.730899
    discharge_ratio: 0.5
    depth_of_discharge: 1.0
