cost_values:
  wind_capex: 5000.0
  wind_opex: 100
  wind_lifetime: 20
  solar_capex: 1000.0
  solar_opex: 10
  solar_lifetime: 20
  carbon_price: 1.0
timeseries_values:
  load_level: 240053.4814613137
  wind_year: 2011
  solar_year: 2011
  price_year: 2023
  carbon_year: 2023
storage_values:
  CAES:
    cost: 52.0291
    lifetime: 25.853
    annual_cost: 2.0124975824855915
    efficiency: 0.585984
    discharge_ratio: 0.1
    depth_of_discharge: 0.4
  Li-ion:
    cost: 179.832
    lifetime: 29.4923
    annual_cost: 6.09759157475002
    efficiency: 0.926795
    discharge_ratio: 2
    depth_of_discharge: 0.9
  Pb-acid:
    cost: 188.833
    lifetime: 10.1572
    annual_cost: 18.59104871421258
    efficiency: 0.689004
    discharge_ratio: 5
    depth_of_discharge: 0.5
  VRBF:
    cost: 220.437
    lifetime: 19.7836
    annual_cost: 11.142410885784185
    efficiency: 0.730251
    discharge_ratio: 0.5
    depth_of_discharge: 1.0
