cost_values:
  wind_capex: 5000.0
  wind_opex: 100
  wind_lifetime: 20
  solar_capex: 1000.0
  solar_opex: 10
  solar_lifetime: 20
  carbon_price: 1.0
timeseries_values:
  load_level: 240053.4814613137
  wind_year: 2011
  solar_year: 2011
  price_year: 2023
  carbon_year: 2023
storage_values:
  CAES:
    cost: 54.1159
    lifetime: 26.0558
    annual_cost: 2.0769233721474682
    efficiency: 0.591832
    discharge_ratio: 0.1
    depth_of_discharge: 0.4
  Li-ion:
    cost: 171.22
    lifetime: 28.771
    annual_cost: 5.9511313475374505
    efficiency: 0.951485
    discharge_ratio: 2
    depth_of_discharge: 0.9
  Pb-acid:
    cost: 201.264
    lifetime: 10.2949
    annual_cost: 19.549874209560073
    efficiency: 0.675679
    discharge_ratio: 5
    depth_of_discharge: 0.5
  VRBF:
    cost: 222.273
    lifetime: 19.8604
    annual_cost: 11.191768544440194
    efficiency: 0.722645
    discharge_ratio: 0.5
    depth_of_discharge: 1.0
