cost_values:
  wind_capex: 5000.0
  wind_opex: 100
  wind_lifetime: 20
  solar_capex: 1000.0
  solar_opex: 10
  solar_lifetime: 20
  carbon_price: 1.0
timeseries_values:
  load_level: 240053.4814613137
  wind_year: 2011
  solar_year: 2011
  price_year: 2023
  carbon_year: 2023
storage_values:
  CAES:
    cost: 45.5862
    lifetime: 25.1568
    annual_cost: 1.8120826178210263
    efficiency: 0.594143
    discharge_ratio: 0.1
    depth_of_discharge: 0.4
  Li-ion:
    cost: 162.199
    lifetime: 27.6069
    annual_cost: 5.87530653568492
    efficiency: 0.940839
    discharge_ratio: 2
    depth_of_discharge: 0.9
  Pb-acid:
    cost: 165.792
    lifetime: 9.08444
    annual_cost: 18.250106775981788
    efficiency: 0.663327
    discharge_ratio: 5
    depth_of_discharge: 0.5
  VRBF:
    cost: 208.106
    lifetime: 20.7165
    annual_cost: 10.045422730673618
    efficiency: 0.707976
    discharge_ratio: 0.5
    depth_of_discharge: 1.0
