cost_values:
  wind_capex: 5000.0
  wind_opex: 100
  wind_lifetime: 20
  solar_capex: 1000.0
  solar_opex: 10
  solar_lifetime: 20
  carbon_price: 1.0
timeseries_values:
  load_level: 240053.4814613137
  wind_year: 2011
  solar_year: 2011
  price_year: 2023
  carbon_year: 2023
storage_values:
  CAES:
    cost: 59.5002
    lifetime: 26.1897
    annual_cost: 2.2718931488333203
    efficiency: 0.588492
    discharge_ratio: 0.1
    depth_of_discharge: 0.4
  Li-ion:
    cost: 169.86
    lifetime: 27.1306
    annual_cost: 6.260827257782725
    efficiency: 0.948353
    discharge_ratio: 2
    depth_of_discharge: 0.9
  Pb-acid:
    cost: 204.643
    lifetime: 10.1812
    annual_cost: 20.100086433819197
    efficiency: 0.684039
    discharge_ratio: 5
    depth_of_discharge: 0.5
  VRBF:
    cost: 214.789
    lifetime: 22.4394
    annual_cost: 9.571958252003173
    efficiency: 0.728851
    discharge_ratio: 0.5
    depth_of_discharge: 1.0
