cost_values:
  wind_capex: 5000.0
  wind_opex: 100
  wind_lifetime: 20
  solar_capex: 1000.0
  solar_opex: 10
  solar_lifetime: 20
  carbon_price: 1.0
timeseries_values:
  load_level: 240053.4814613137
  wind_year: 2011
  solar_year: 2011
  price_year: 2023
  carbon_year: 2023
storage_values:
  CAES:
    cost: 54.048
    lifetime: 25.8441
    annual_cost: 2.0913090415220497
    efficiency: 0.59529
    discharge_ratio: 0.1
    depth_of_discharge: 0.4
  Li-ion:
    cost: 148.648
    lifetime: 27.2725
    annual_cost: 5.450472087267394
    efficiency: 0.955609
    discharge_ratio: 2
    depth_of_discharge: 0.9
  Pb-acid:
    cost: 186.37
    lifetime: 10.7739
    annual_cost: 17.298285671855133
    efficiency: 0.664485
    discharge_ratio: 5
    depth_of_discharge: 0.5
  VRBF:
    cost: 196.919
    lifetime: 21.1181
    annual_cost: 9.324655153635982
    efficiency: 0.718934
    discharge_ratio: 0.5
    depth_of_discharge: 1.0
