cost_values:
  wind_capex: 5000.0
  wind_opex: 100
  wind_lifetime: 20
  solar_capex: 1000.0
  solar_opex: 10
  solar_lifetime: 20
  carbon_price: 1.0
timeseries_values:
  load_level: 240053.4814613137
  wind_year: 2011
  solar_year: 2011
  price_year: 2023
  carbon_year: 2023
storage_values:
  CAES:
    cost: 52.5014
    lifetime: 24.4521
    annual_cost: 2.1471121089804144
    efficiency: 0.58877
    discharge_ratio: 0.1
    depth_of_discharge: 0.4
  Li-ion:
    cost: 161.643
    lifetime: 25.9495
    annual_cost: 6.22913736295497
    efficiency: 0.951619
    discharge_ratio: 2
    depth_of_discharge: 0.9
  Pb-acid:
    cost: 214.788
    lifetime: 10.1869
    annual_cost: 21.08472646241742
    efficiency: 0.682547
    discharge_ratio: 5
    depth_of_discharge: 0.5
  VRBF:
    cost: 173.16
    lifetime: 21.5998
    annual_cost: 8.016740895749034
    efficiency: 0.698825
    discharge_ratio: 0.5
    depth_of_discharge: 1.0
