cost_values:
  wind_capex: 5000.0
  wind_opex: 100
  wind_lifetime: 20
  solar_capex: 1000.0
  solar_opex: 10
  solar_lifetime: 20
  carbon_price: 1.0
timeseries_values:
  load_level: 240053.4814613137
  wind_year: 2011
  solar_year: 2011
  price_year: 2023
  carbon_year: 2023
storage_values:
  CAES:
    cost: 52.9775
    lifetime: 26.1408
    annual_cost: 2.0266212204676215
    efficiency: 0.59267
    discharge_ratio: 0.1
    depth_of_discharge: 0.4
  Li-ion:
    cost: 175.045
    lifetime: 25.4315
    annual_cost: 6.882999429840945
    efficiency: 0.940368
    discharge_ratio: 2
    depth_of_discharge: 0.9
  Pb-acid:
    cost: 188.724
    lifetime: 10.1435
    annual_cost: 18.605412333021146
    efficiency: 0.672742
    discharge_ratio: 5
    depth_of_discharge: 0.5
  VRBF:
    cost: 206.119
    lifetime: 20.3483
    annual_cost: 10.129543991389944
    efficiency: 0.703914
    discharge_ratio: 0.5
    depth_of_discharge: 1.0
