cost_values:
  wind_capex: 5000.0
  wind_opex: 100
  wind_lifetime: 20
  solar_capex: 1000.0
  solar_opex: 10
  solar_lifetime: 20
  carbon_price: 1.0
timeseries_values:
  load_level: 240053.4814613137
  wind_year: 2011
  solar_year: 2011
  price_year: 2023
  carbon_year: 2023
storage_values:
  CAES:
    cost: 56.6377
    lifetime: 26.2262
    annual_cost: 2.1595846901190416
    efficiency: 0.599295
    discharge_ratio: 0.1
    depth_of_discharge: 0.4
  Li-ion:
    cost: 165.525
    lifetime: 28.6778
    annual_cost: 5.771886267426371
    efficiency: 0.944101
    discharge_ratio: 2
    depth_of_discharge: 0.9
  Pb-acid:
    cost: 228.184
    lifetime: 10.5659
    annual_cost: 21.596267237055056
    efficiency: 0.672049
    discharge_ratio: 5
    depth_of_discharge: 0.5
  VRBF:
    cost: 221.943
    lifetime: 21.0682
    annual_cost: 10.534502235596776
    efficiency: 0.71248
    discharge_ratio: 0.5
    depth_of_discharge: 1.0
