cost_values:
  wind_capex: 5000.0
  wind_opex: 100
  wind_lifetime: 20
  solar_capex: 1000.0
  solar_opex: 10
  solar_lifetime: 20
  carbon_price: 1.0
timeseries_values:
  load_level: 240053.4814613137
  wind_year: 2011
  solar_year: 2011
  price_year: 2023
  carbon_year: 2023
storage_values:
  CAES:
    cost: 51.233
    lifetime: 25.2348
    annual_cost: 2.0302518743956757
    efficiency: 0.588467
    discharge_ratio: 0.1
    depth_of_discharge: 0.4
  Li-ion:
    cost: 167.56
    lifetime: 27.2575
    annual_cost: 6.147298908557278
    efficiency: 0.944315
    discharge_ratio: 2
    depth_of_discharge: 0.9
  Pb-acid:
    cost: 188.906
    lifetime: 9.54801
    annual_cost: 19.78485569244272
    efficiency: 0.685924
    discharge_ratio: 5
    depth_of_discharge: 0.5
  VRBF:
    cost: 209.487
    lifetime: 17.5696
    annual_cost: 11.923265185320098
    efficiency: 0.734542
    discharge_ratio: 0.5
    depth_of_discharge: 1.0
