cost_values:
  wind_capex: 5000.0
  wind_opex: 100
  wind_lifetime: 20
  solar_capex: 1000.0
  solar_opex: 10
  solar_lifetime: 20
  carbon_price: 1.0
timeseries_values:
  load_level: 240053.4814613137
  wind_year: 2011
  solar_year: 2011
  price_year: 2023
  carbon_year: 2023
storage_values:
  CAES:
    cost: 53.4201
    lifetime: 25.5523
    annual_cost: 2.0906180656927167
    efficiency: 0.590119
    discharge_ratio: 0.1
    depth_of_discharge: 0.4
  Li-ion:
    cost: 156.167
    lifetime: 29.1531
    annual_cost: 5.3567888149116225
    efficiency: 0.931381
    discharge_ratio: 2
    depth_of_discharge: 0.9
  Pb-acid:
    cost: 183.352
    lifetime: 10.8553
    annual_cost: 16.89055115934152
    efficiency: 0.679217
    discharge_ratio: 5
    depth_of_discharge: 0.5
  VRBF:
    cost: 209.398
    lifetime: 20.733
    annual_cost: 10.099744368880527
    efficiency: 0.710712
    discharge_ratio: 0.5
    depth_of_discharge: 1.0
