cost_values:
  wind_capex: 5000.0
  wind_opex: 100
  wind_lifetime: 20
  solar_capex: 1000.0
  solar_opex: 10
  solar_lifetime: 20
  carbon_price: 1.0
timeseries_values:
  load_level: 240053.4814613137
  wind_year: 2011
  solar_year: 2011
  price_year: 2023
  carbon_year: 2023
storage_values:
  CAES:
    cost: 55.8704
    lifetime: 25.0233
    annual_cost: 2.2327350908952854
    efficiency: 0.588752
    discharge_ratio: 0.1
    depth_of_discharge: 0.4
  Li-ion:
    cost: 155.816
    lifetime: 28.9444
    annual_cost: 5.383286577023535
    efficiency: 0.954929
    discharge_ratio: 2
    depth_of_discharge: 0.9
  Pb-acid:
    cost: 183.301
    lifetime: 10.3965
    annual_cost: 17.631029673447795
    efficiency: 0.676292
    discharge_ratio: 5
    depth_of_discharge: 0.5
  VRBF:
    cost: 199.205
    lifetime: 21.5907
    annual_cost: 9.22642619275892
    efficiency: 0.729333
    discharge_ratio: 0.5
    depth_of_discharge: 1.0
