cost_values:
  wind_capex: 5000.0
  wind_opex: 100
  wind_lifetime: 20
  solar_capex: 1000.0
  solar_opex: 10
  solar_lifetime: 20
  carbon_price: 1.0
timeseries_values:
  load_level: 240053.4814613137
  wind_year: 2011
  solar_year: 2011
  price_year: 2023
  carbon_year: 2023
storage_values:
  CAES:
    cost: 52.6715
    lifetime: 26.6504
    annual_cost: 1.9763868459760454
    efficiency: 0.600405
    discharge_ratio: 0.1
    depth_of_discharge: 0.4
  Li-ion:
    cost: 155.699
    lifetime: 29.5483
    annual_cost: 5.2693048331037655
    efficiency: 0.969523
    discharge_ratio: 2
    depth_of_discharge: 0.9
  Pb-acid:
    cost: 181.284
    lifetime: 9.98262
    annual_cost: 18.159962013980294
    efficiency: 0.697664
    discharge_ratio: 5
    depth_of_discharge: 0.5
  VRBF:
    cost: 209.41
    lifetime: 19.8658
    annual_cost: 10.541231664468585
    efficiency: 0.716097
    discharge_ratio: 0.5
    depth_of_discharge: 1.0
