cost_values:
  wind_capex: 5000.0
  wind_opex: 100
  wind_lifetime: 20
  solar_capex: 1000.0
  solar_opex: 10
  solar_lifetime: 20
  carbon_price: 1.0
timeseries_values:
  load_level: 240053.4814613137
  wind_year: 2011
  solar_year: 2011
  price_year: 2023
  carbon_year: 2023
storage_values:
  CAES:
    cost: 50.6699
    lifetime: 25.4857
    annual_cost: 1.9881698364180695
    efficiency: 0.602168
    discharge_ratio: 0.1
    depth_of_discharge: 0.4
  Li-ion:
    cost: 180.231
    lifetime: 25.8125
    annual_cost: 6.982314769975787
    efficiency: 0.952739
    discharge_ratio: 2
    depth_of_discharge: 0.9
  Pb-acid:
    cost: 219.273
    lifetime: 9.18884
    annual_cost: 23.862968557511067
    efficiency: 0.680464
    discharge_ratio: 5
    depth_of_discharge: 0.5
  VRBF:
    cost: 199.267
    lifetime: 19.6553
    annual_cost: 10.138079805446877
    efficiency: 0.704837
    discharge_ratio: 0.5
    depth_of_discharge: 1.0
