cost_values:
  wind_capex: 5000.0
  wind_opex: 100
  wind_lifetime: 20
  solar_capex: 1000.0
  solar_opex: 10
  solar_lifetime: 20
  carbon_price: 1.0
timeseries_values:
  load_level: 240053.4814613137
  wind_year: 2011
  solar_year: 2011
  price_year: 2023
  carbon_year: 2023
storage_values:
  CAES:
    cost: 55.7379
    lifetime: 25.834
    annual_cost: 2.1575404505690177
    efficiency: 0.592876
    discharge_ratio: 0.1
    depth_of_discharge: 0.4
  Li-ion:
    cost: 164.111
    lifetime: 29.0293
    annual_cost: 5.653288229478492
    efficiency: 0.948231
    discharge_ratio: 2
    depth_of_discharge: 0.9
  Pb-acid:
    cost: 211.447
    lifetime: 9.1333
    annual_cost: 23.151215880349927
    efficiency: 0.666314
    discharge_ratio: 5
    depth_of_discharge: 0.5
  VRBF:
    cost: 194.766
    lifetime: 20.4069
    annual_cost: 9.544124781323964
    efficiency: 0.713921
    discharge_ratio: 0.5
    depth_of_discharge: 1.0
