cost_values:
  wind_capex: 5000.0
  wind_opex: 100
  wind_lifetime: 20
  solar_capex: 1000.0
  solar_opex: 10
  solar_lifetime: 20
  carbon_price: 1.0
timeseries_values:
  load_level: 240053.4814613137
  wind_year: 2011
  solar_year: 2011
  price_year: 2023
  carbon_year: 2023
storage_values:
  CAES:
    cost: 49.8968
    lifetime: 25.7186
    annual_cost: 1.9401056045041332
    efficiency: 0.598763
    discharge_ratio: 0.1
    depth_of_discharge: 0.4
  Li-ion:
    cost: 153.519
    lifetime: 28.7244
    annual_cost: 5.3445502778125915
    efficiency: 0.95041
    discharge_ratio: 2
    depth_of_discharge: 0.9
  Pb-acid:
    cost: 192.367
    lifetime: 10.3441
    annual_cost: 18.59678464051972
    efficiency: 0.675462
    discharge_ratio: 5
    depth_of_discharge: 0.5
  VRBF:
    cost: 218.086
    lifetime: 19.502
    annual_cost: 11.182750487129526
    efficiency: 0.706702
    discharge_ratio: 0.5
    depth_of_discharge: 1.0
