cost_values:
  wind_capex: 5000.0
  wind_opex: 100
  wind_lifetime: 20
  solar_capex: 1000.0
  solar_opex: 10
  solar_lifetime: 20
  carbon_price: 1.0
timeseries_values:
  load_level: 240053.4814613137
  wind_year: 2011
  solar_year: 2011
  price_year: 2023
  carbon_year: 2023
storage_values:
  CAES:
    cost: 50.4238
    lifetime: 24.6557
    annual_cost: 2.0451173562299996
    efficiency: 0.590578
    discharge_ratio: 0.1
    depth_of_discharge: 0.4
  Li-ion:
    cost: 148.102
    lifetime: 25.106
    annual_cost: 5.899067951884011
    efficiency: 0.948259
    discharge_ratio: 2
    depth_of_discharge: 0.9
  Pb-acid:
    cost: 180.359
    lifetime: 10.2592
    annual_cost: 17.58022067997505
    efficiency: 0.683607
    discharge_ratio: 5
    depth_of_discharge: 0.5
  VRBF:
    cost: 187.21
    lifetime: 18.9468
    annual_cost: 9.880824202503854
    efficiency: 0.723664
    discharge_ratio: 0.5
    depth_of_discharge: 1.0
