cost_values:
  wind_capex: 5000.0
  wind_opex: 100
  wind_lifetime: 20
  solar_capex: 1000.0
  solar_opex: 10
  solar_lifetime: 20
  carbon_price: 1.0
timeseries_values:
  load_level: 240053.4814613137
  wind_year: 2011
  solar_year: 2011
  price_year: 2023
  carbon_year: 2023
storage_values:
  CAES:
    cost: 54.0213
    lifetime: 26.3538
    annual_cost: 2.0498485986840604
    efficiency: 0.589594
    discharge_ratio: 0.1
    depth_of_discharge: 0.4
  Li-ion:
    cost: 160.961
    lifetime: 29.2485
    annual_cost: 5.503222387472863
    efficiency: 0.953774
    discharge_ratio: 2
    depth_of_discharge: 0.9
  Pb-acid:
    cost: 221.403
    lifetime: 10.2522
    annual_cost: 21.595657517410896
    efficiency: 0.659931
    discharge_ratio: 5
    depth_of_discharge: 0.5
  VRBF:
    cost: 238.7
    lifetime: 18.8093
    annual_cost: 12.690530748087381
    efficiency: 0.712382
    discharge_ratio: 0.5
    depth_of_discharge: 1.0
