cost_values:
  wind_capex: 5000.0
  wind_opex: 100
  wind_lifetime: 20
  solar_capex: 1000.0
  solar_opex: 10
  solar_lifetime: 20
  carbon_price: 1.0
timeseries_values:
  load_level: 240053.4814613137
  wind_year: 2011
  solar_year: 2011
  price_year: 2023
  carbon_year: 2023
storage_values:
  CAES:
    cost: 50.4072
    lifetime: 25.9852
    annual_cost: 1.939842679679202
    efficiency: 0.601223
    discharge_ratio: 0.1
    depth_of_discharge: 0.4
  Li-ion:
    cost: 163.074
    lifetime: 28.6397
    annual_cost: 5.693984224695091
    efficiency: 0.940094
    discharge_ratio: 2
    depth_of_discharge: 0.9
  Pb-acid:
    cost: 213.78
    lifetime: 11.271
    annual_cost: 18.96726111258983
    efficiency: 0.677051
    discharge_ratio: 5
    depth_of_discharge: 0.5
  VRBF:
    cost: 241.599
    lifetime: 21.0206
    annual_cost: 11.493439768607935
    efficiency: 0.709139
    discharge_ratio: 0.5
    depth_of_discharge: 1.0
