cost_values:
  wind_capex: 5000.0
  wind_opex: 100
  wind_lifetime: 20
  solar_capex: 1000.0
  solar_opex: 10
  solar_lifetime: 20
  carbon_price: 1.0
timeseries_values:
  load_level: 240053.4814613137
  wind_year: 2011
  solar_year: 2011
  price_year: 2023
  carbon_year: 2023
storage_values:
  CAES:
    cost: 57.3647
    lifetime: 26.1237
    annual_cost: 2.1958872594617147
    efficiency: 0.588627
    discharge_ratio: 0.1
    depth_of_discharge: 0.4
  Li-ion:
    cost: 164.014
    lifetime: 29.137
    annual_cost: 5.6290627037787
    efficiency: 0.930348
    discharge_ratio: 2
    depth_of_discharge: 0.9
  Pb-acid:
    cost: 184.629
    lifetime: 8.23149
    annual_cost: 22.429596585794307
    efficiency: 0.687199
    discharge_ratio: 5
    depth_of_discharge: 0.5
  VRBF:
    cost: 217.133
    lifetime: 21.7478
    annual_cost: 9.984136326433019
    efficiency: 0.709929
    discharge_ratio: 0.5
    depth_of_discharge: 1.0
