cost_values:
  wind_capex: 5000.0
  wind_opex: 100
  wind_lifetime: 20
  solar_capex: 1000.0
  solar_opex: 10
  solar_lifetime: 20
  carbon_price: 1.0
timeseries_values:
  load_level: 240053.4814613137
  wind_year: 2011
  solar_year: 2011
  price_year: 2023
  carbon_year: 2023
storage_values:
  CAES:
    cost: 52.5269
    lifetime: 25.4029
    annual_cost: 2.067752107042897
    efficiency: 0.596192
    discharge_ratio: 0.1
    depth_of_discharge: 0.4
  Li-ion:
    cost: 158.167
    lifetime: 28.472
    annual_cost: 5.555177016015735
    efficiency: 0.957688
    discharge_ratio: 2
    depth_of_discharge: 0.9
  Pb-acid:
    cost: 178.838
    lifetime: 11.1063
    annual_cost: 16.102392335881436
    efficiency: 0.67526
    discharge_ratio: 5
    depth_of_discharge: 0.5
  VRBF:
    cost: 182.073
    lifetime: 21.0154
    annual_cost: 8.66378941157437
    efficiency: 0.714411
    discharge_ratio: 0.5
    depth_of_discharge: 1.0
