cost_values:
  wind_capex: 5000.0
  wind_opex: 100
  wind_lifetime: 20
  solar_capex: 1000.0
  solar_opex: 10
  solar_lifetime: 20
  carbon_price: 1.0
timeseries_values:
  load_level: 240053.4814613137
  wind_year: 2011
  solar_year: 2011
  price_year: 2023
  carbon_year: 2023
storage_values:
  CAES:
    cost: 57.1697
    lifetime: 26.0124
    annual_cost: 2.1977864403130813
    efficiency: 0.599642
    discharge_ratio: 0.1
    depth_of_discharge: 0.4
  Li-ion:
    cost: 159.219
    lifetime: 28.977
    annual_cost: 5.49466818511233
    efficiency: 0.95964
    discharge_ratio: 2
    depth_of_discharge: 0.9
  Pb-acid:
    cost: 186.992
    lifetime: 11.2419
    annual_cost: 16.633487221910887
    efficiency: 0.68134
    discharge_ratio: 5
    depth_of_discharge: 0.5
  VRBF:
    cost: 190.722
    lifetime: 20.2882
    annual_cost: 9.400636823375164
    efficiency: 0.734232
    discharge_ratio: 0.5
    depth_of_discharge: 1.0
