cost_values:
  wind_capex: 5000.0
  wind_opex: 100
  wind_lifetime: 20
  solar_capex: 1000.0
  solar_opex: 10
  solar_lifetime: 20
  carbon_price: 1.0
timeseries_values:
  load_level: 240053.4814613137
  wind_year: 2011
  solar_year: 2011
  price_year: 2023
  carbon_year: 2023
storage_values:
  CAES:
    cost: 50.946
    lifetime: 25.8696
    annual_cost: 1.9693385286204657
    efficiency: 0.585744
    discharge_ratio: 0.1
    depth_of_discharge: 0.4
  Li-ion:
    cost: 156.613
    lifetime: 29.2524
    annual_cost: 5.35385130792687
    efficiency: 0.94205
    discharge_ratio: 2
    depth_of_discharge: 0.9
  Pb-acid:
    cost: 224.735
    lifetime: 11.4288
    annual_cost: 19.66391922161557
    efficiency: 0.670332
    discharge_ratio: 5
    depth_of_discharge: 0.5
  VRBF:
    cost: 176.961
    lifetime: 20.3271
    annual_cost: 8.705668786988799
    efficiency: 0.713069
    discharge_ratio: 0.5
    depth_of_discharge: 1.0
