cost_values:
  wind_capex: 5000.0
  wind_opex: 100
  wind_lifetime: 20
  solar_capex: 1000.0
  solar_opex: 10
  solar_lifetime: 20
  carbon_price: 1.0
timeseries_values:
  load_level: 240053.4814613137
  wind_year: 2011
  solar_year: 2011
  price_year: 2023
  carbon_year: 2023
storage_values:
  CAES:
    cost: 53.218
    lifetime: 24.4022
    annual_cost: 2.1808689380465696
    efficiency: 0.587824
    discharge_ratio: 0.1
    depth_of_discharge: 0.4
  Li-ion:
    cost: 166.896
    lifetime: 28.205
    annual_cost: 5.9172487147668855
    efficiency: 0.947493
    discharge_ratio: 2
    depth_of_discharge: 0.9
  Pb-acid:
    cost: 181.636
    lifetime: 9.89767
    annual_cost: 18.351389771532087
    efficiency: 0.679891
    discharge_ratio: 5
    depth_of_discharge: 0.5
  VRBF:
    cost: 235.285
    lifetime: 21.9407
    annual_cost: 10.723677913649063
    efficiency: 0.710019
    discharge_ratio: 0.5
    depth_of_discharge: 1.0
