cost_values:
  wind_capex: 5000.0
  wind_opex: 100
  wind_lifetime: 20
  solar_capex: 1000.0
  solar_opex: 10
  solar_lifetime: 20
  carbon_price: 1.0
timeseries_values:
  load_level: 240053.4814613137
  wind_year: 2011
  solar_year: 2011
  price_year: 2023
  carbon_year: 2023
storage_values:
  CAES:
    cost: 60.1502
    lifetime: 26.4631
    annual_cost: 2.2729838907762128
    efficiency: 0.597353
    discharge_ratio: 0.1
    depth_of_discharge: 0.4
  Li-ion:
    cost: 146.103
    lifetime: 26.3248
    annual_cost: 5.5500136753175715
    efficiency: 0.946975
    discharge_ratio: 2
    depth_of_discharge: 0.9
  Pb-acid:
    cost: 204.219
    lifetime: 9.37836
    annual_cost: 21.775555640858315
    efficiency: 0.687987
    discharge_ratio: 5
    depth_of_discharge: 0.5
  VRBF:
    cost: 201.84
    lifetime: 20.2462
    annual_cost: 9.96927818553605
    efficiency: 0.715694
    discharge_ratio: 0.5
    depth_of_discharge: 1.0
