cost_values:
  wind_capex: 5000.0
  wind_opex: 100
  wind_lifetime: 20
  solar_capex: 1000.0
  solar_opex: 10
  solar_lifetime: 20
  carbon_price: 1.0
timeseries_values:
  load_level: 240053.4814613137
  wind_year: 2011
  solar_year: 2011
  price_year: 2023
  carbon_year: 2023
storage_values:
  CAES:
    cost: 49.6329
    lifetime: 24.8471
    annual_cost: 1.9975329112854214
    efficiency: 0.594926
    discharge_ratio: 0.1
    depth_of_discharge: 0.4
  Li-ion:
    cost: 184.732
    lifetime: 29.9128
    annual_cost: 6.175683988125485
    efficiency: 0.947752
    discharge_ratio: 2
    depth_of_discharge: 0.9
  Pb-acid:
    cost: 184.108
    lifetime: 10.2841
    annual_cost: 17.902198539493003
    efficiency: 0.661759
    discharge_ratio: 5
    depth_of_discharge: 0.5
  VRBF:
    cost: 201.706
    lifetime: 23.0978
    annual_cost: 8.732693156924036
    efficiency: 0.740337
    discharge_ratio: 0.5
    depth_of_discharge: 1.0
