cost_values:
  wind_capex: 5000.0
  wind_opex: 100
  wind_lifetime: 20
  solar_capex: 1000.0
  solar_opex: 10
  solar_lifetime: 20
  carbon_price: 1.0
timeseries_values:
  load_level: 240053.4814613137
  wind_year: 2011
  solar_year: 2011
  price_year: 2023
  carbon_year: 2023
storage_values:
  CAES:
    cost: 55.101
    lifetime: 25.5897
    annual_cost: 2.1532491588412523
    efficiency: 0.606694
    discharge_ratio: 0.1
    depth_of_discharge: 0.4
  Li-ion:
    cost: 169.264
    lifetime: 27.6004
    annual_cost: 6.132664743989218
    efficiency: 0.95691
    discharge_ratio: 2
    depth_of_discharge: 0.9
  Pb-acid:
    cost: 190.933
    lifetime: 10.2264
    annual_cost: 18.670597668778846
    efficiency: 0.652297
    discharge_ratio: 5
    depth_of_discharge: 0.5
  VRBF:
    cost: 211.125
    lifetime: 20.0994
    annual_cost: 10.504044896862593
    efficiency: 0.709884
    discharge_ratio: 0.5
    depth_of_discharge: 1.0
