cost_values:
  wind_capex: 5000.0
  wind_opex: 100
  wind_lifetime: 20
  solar_capex: 1000.0
  solar_opex: 10
  solar_lifetime: 20
  carbon_price: 1.0
timeseries_values:
  load_level: 240053.4814613137
  wind_year: 2011
  solar_year: 2011
  price_year: 2023
  carbon_year: 2023
storage_values:
  CAES:
    cost: 58.3869
    lifetime: 26.1671
    annual_cost: 2.231309545192245
    efficiency: 0.586034
    discharge_ratio: 0.1
    depth_of_discharge: 0.4
  Li-ion:
    cost: 166.847
    lifetime: 27.0691
    annual_cost: 6.163743899871071
    efficiency: 0.956254
    discharge_ratio: 2
    depth_of_discharge: 0.9
  Pb-acid:
    cost: 185.333
    lifetime: 10.4742
    annual_cost: 17.694239178171127
    efficiency: 0.665884
    discharge_ratio: 5
    depth_of_discharge: 0.5
  VRBF:
    cost: 197.796
    lifetime: 21.8594
    annual_cost: 9.048555770057732
    efficiency: 0.724095
    discharge_ratio: 0.5
    depth_of_discharge: 1.0
