cost_values:
  wind_capex: 5000.0
  wind_opex: 100
  wind_lifetime: 20
  solar_capex: 1000.0
  solar_opex: 10
  solar_lifetime: 20
  carbon_price: 1.0
timeseries_values:
  load_level: 240053.4814613137
  wind_year: 2011
  solar_year: 2011
  price_year: 2023
  carbon_year: 2023
storage_values:
  CAES:
    cost: 49.8088
    lifetime: 26.6724
    annual_cost: 1.8674285028718824
    efficiency: 0.600322
    discharge_ratio: 0.1
    depth_of_discharge: 0.4
  Li-ion:
    cost: 175.759
    lifetime: 28.081
    annual_cost: 6.259000747836615
    efficiency: 0.956982
    discharge_ratio: 2
    depth_of_discharge: 0.9
  Pb-acid:
    cost: 187.849
    lifetime: 10.8529
    annual_cost: 17.308645615457618
    efficiency: 0.676849
    discharge_ratio: 5
    depth_of_discharge: 0.5
  VRBF:
    cost: 210.734
    lifetime: 20.1505
    annual_cost: 10.45800352348577
    efficiency: 0.718104
    discharge_ratio: 0.5
    depth_of_discharge: 1.0
