cost_values:
  wind_capex: 5000.0
  wind_opex: 100
  wind_lifetime: 20
  solar_capex: 1000.0
  solar_opex: 10
  solar_lifetime: 20
  carbon_price: 1.0
timeseries_values:
  load_level: 240053.4814613137
  wind_year: 2011
  solar_year: 2011
  price_year: 2023
  carbon_year: 2023
storage_values:
  CAES:
    cost: 58.1384
    lifetime: 26.3533
    annual_cost: 2.206114604243112
    efficiency: 0.602984
    discharge_ratio: 0.1
    depth_of_discharge: 0.4
  Li-ion:
    cost: 177.272
    lifetime: 27.8535
    annual_cost: 6.364442529664135
    efficiency: 0.978589
    discharge_ratio: 2
    depth_of_discharge: 0.9
  Pb-acid:
    cost: 173.426
    lifetime: 10.2692
    annual_cost: 16.887975694309194
    efficiency: 0.676887
    discharge_ratio: 5
    depth_of_discharge: 0.5
  VRBF:
    cost: 196.068
    lifetime: 18.5177
    annual_cost: 10.588139995787813
    efficiency: 0.709727
    discharge_ratio: 0.5
    depth_of_discharge: 1.0
