cost_values:
  wind_capex: 5000.0
  wind_opex: 100
  wind_lifetime: 20
  solar_capex: 1000.0
  solar_opex: 10
  solar_lifetime: 20
  carbon_price: 1.0
timeseries_values:
  load_level: 240053.4814613137
  wind_year: 2011
  solar_year: 2011
  price_year: 2023
  carbon_year: 2023
storage_values:
  CAES:
    cost: 57.0674
    lifetime: 25.1531
    annual_cost: 2.2688018574251285
    efficiency: 0.597137
    discharge_ratio: 0.1
    depth_of_discharge: 0.4
  Li-ion:
    cost: 171.189
    lifetime: 27.0728
    annual_cost: 6.323283886409976
    efficiency: 0.947848
    discharge_ratio: 2
    depth_of_discharge: 0.9
  Pb-acid:
    cost: 199.318
    lifetime: 11.4364
    annual_cost: 17.42838655520968
    efficiency: 0.66733
    discharge_ratio: 5
    depth_of_discharge: 0.5
  VRBF:
    cost: 195.021
    lifetime: 20.8556
    annual_cost: 9.351013636625174
    efficiency: 0.711095
    discharge_ratio: 0.5
    depth_of_discharge: 1.0
