cost_values:
  wind_capex: 5000.0
  wind_opex: 100
  wind_lifetime: 20
  solar_capex: 1000.0
  solar_opex: 10
  solar_lifetime: 20
  carbon_price: 1.0
timeseries_values:
  load_level: 240053.4814613137
  wind_year: 2011
  solar_year: 2011
  price_year: 2023
  carbon_year: 2023
storage_values:
  CAES:
    cost: 63.6801
    lifetime: 25.9213
    annual_cost: 2.456670768827181
    efficiency: 0.599911
    discharge_ratio: 0.1
    depth_of_discharge: 0.4
  Li-ion:
    cost: 166.131
    lifetime: 27.4602
    annual_cost: 6.0498831035462235
    efficiency: 0.942475
    discharge_ratio: 2
    depth_of_discharge: 0.9
  Pb-acid:
    cost: 177.762
    lifetime: 8.9573
    annual_cost: 19.845489154097773
    efficiency: 0.670002
    discharge_ratio: 5
    depth_of_discharge: 0.5
  VRBF:
    cost: 174.594
    lifetime: 20.288
    annual_cost: 8.605776813880126
    efficiency: 0.686197
    discharge_ratio: 0.5
    depth_of_discharge: 1.0
