cost_values:
  wind_capex: 5000.0
  wind_opex: 100
  wind_lifetime: 20
  solar_capex: 1000.0
  solar_opex: 10
  solar_lifetime: 20
  carbon_price: 1.0
timeseries_values:
  load_level: 240053.4814613137
  wind_year: 2011
  solar_year: 2011
  price_year: 2023
  carbon_year: 2023
storage_values:
  CAES:
    cost: 52.3814
    lifetime: 25.4888
    annual_cost: 2.055075170270864
    efficiency: 0.594936
    discharge_ratio: 0.1
    depth_of_discharge: 0.4
  Li-ion:
    cost: 170.361
    lifetime: 28.6265
    annual_cost: 5.951164131137233
    efficiency: 0.94404
    discharge_ratio: 2
    depth_of_discharge: 0.9
  Pb-acid:
    cost: 190.234
    lifetime: 9.97815
    annual_cost: 19.065057149872473
    efficiency: 0.672307
    discharge_ratio: 5
    depth_of_discharge: 0.5
  VRBF:
    cost: 183.701
    lifetime: 20.564
    annual_cost: 8.933135576736044
    efficiency: 0.696452
    discharge_ratio: 0.5
    depth_of_discharge: 1.0
