cost_values:
  wind_capex: 5000.0
  wind_opex: 100
  wind_lifetime: 20
  solar_capex: 1000.0
  solar_opex: 10
  solar_lifetime: 20
  carbon_price: 1.0
timeseries_values:
  load_level: 240053.4814613137
  wind_year: 2011
  solar_year: 2011
  price_year: 2023
  carbon_year: 2023
storage_values:
  CAES:
    cost: 52.1221
    lifetime: 25.5134
    annual_cost: 2.0429303816817828
    efficiency: 0.593337
    discharge_ratio: 0.1
    depth_of_discharge: 0.4
  Li-ion:
    cost: 160.629
    lifetime: 27.9766
    annual_cost: 5.7415482939313565
    efficiency: 0.947752
    discharge_ratio: 2
    depth_of_discharge: 0.9
  Pb-acid:
    cost: 214.07
    lifetime: 8.80174
    annual_cost: 24.32132737390561
    efficiency: 0.679274
    discharge_ratio: 5
    depth_of_discharge: 0.5
  VRBF:
    cost: 206.285
    lifetime: 20.7957
    annual_cost: 9.919598763205855
    efficiency: 0.724274
    discharge_ratio: 0.5
    depth_of_discharge: 1.0
