cost_values:
  wind_capex: 5000.0
  wind_opex: 100
  wind_lifetime: 20
  solar_capex: 1000.0
  solar_opex: 10
  solar_lifetime: 20
  carbon_price: 1.0
timeseries_values:
  load_level: 240053.4814613137
  wind_year: 2011
  solar_year: 2011
  price_year: 2023
  carbon_year: 2023
storage_values:
  CAES:
    cost: 61.4441
    lifetime: 26.5058
    annual_cost: 2.3181379169842073
    efficiency: 0.593917
    discharge_ratio: 0.1
    depth_of_discharge: 0.4
  Li-ion:
    cost: 180.593
    lifetime: 28.1101
    annual_cost: 6.4244879954180165
    efficiency: 0.945748
    discharge_ratio: 2
    depth_of_discharge: 0.9
  Pb-acid:
    cost: 214.511
    lifetime: 9.73
    annual_cost: 22.046351490236383
    efficiency: 0.666101
    discharge_ratio: 5
    depth_of_discharge: 0.5
  VRBF:
    cost: 226.244
    lifetime: 22.2578
    annual_cost: 10.164706305205366
    efficiency: 0.717423
    discharge_ratio: 0.5
    depth_of_discharge: 1.0
