cost_values:
  wind_capex: 5000.0
  wind_opex: 100
  wind_lifetime: 20
  solar_capex: 1000.0
  solar_opex: 10
  solar_lifetime: 20
  carbon_price: 1.0
timeseries_values:
  load_level: 240053.4814613137
  wind_year: 2011
  solar_year: 2011
  price_year: 2023
  carbon_year: 2023
storage_values:
  CAES:
    cost: 58.8728
    lifetime: 26.259
    annual_cost: 2.2420046460261243
    efficiency: 0.603214
    discharge_ratio: 0.1
    depth_of_discharge: 0.4
  Li-ion:
    cost: 174.455
    lifetime: 29.2939
    annual_cost: 5.955335411126549
    efficiency: 0.957041
    discharge_ratio: 2
    depth_of_discharge: 0.9
  Pb-acid:
    cost: 181.824
    lifetime: 9.18596
    annual_cost: 19.793685145591752
    efficiency: 0.689682
    discharge_ratio: 5
    depth_of_discharge: 0.5
  VRBF:
    cost: 223.606
    lifetime: 21.1328
    annual_cost: 10.58099258025439
    efficiency: 0.729515
    discharge_ratio: 0.5
    depth_of_discharge: 1.0
