cost_values:
  wind_capex: 5000.0
  wind_opex: 100
  wind_lifetime: 20
  solar_capex: 1000.0
  solar_opex: 10
  solar_lifetime: 20
  carbon_price: 1.0
timeseries_values:
  load_level: 240053.4814613137
  wind_year: 2011
  solar_year: 2011
  price_year: 2023
  carbon_year: 2023
storage_values:
  CAES:
    cost: 59.8444
    lifetime: 26.1272
    annual_cost: 2.290501852475581
    efficiency: 0.591253
    discharge_ratio: 0.1
    depth_of_discharge: 0.4
  Li-ion:
    cost: 183.632
    lifetime: 28.0133
    annual_cost: 6.5551720075821125
    efficiency: 0.955402
    discharge_ratio: 2
    depth_of_discharge: 0.9
  Pb-acid:
    cost: 211.36
    lifetime: 10.2605
    annual_cost: 20.59938599483456
    efficiency: 0.666988
    discharge_ratio: 5
    depth_of_discharge: 0.5
  VRBF:
    cost: 225.316
    lifetime: 18.7871
    annual_cost: 11.993122940741253
    efficiency: 0.738303
    discharge_ratio: 0.5
    depth_of_discharge: 1.0
