cost_values:
  wind_capex: 5000.0
  wind_opex: 100
  wind_lifetime: 20
  solar_capex: 1000.0
  solar_opex: 10
  solar_lifetime: 20
  carbon_price: 1.0
timeseries_values:
  load_level: 240053.4814613137
  wind_year: 2011
  solar_year: 2011
  price_year: 2023
  carbon_year: 2023
storage_values:
  CAES:
    cost: 56.0591
    lifetime: 25.524
    annual_cost: 2.1963289453063783
    efficiency: 0.597782
    discharge_ratio: 0.1
    depth_of_discharge: 0.4
  Li-ion:
    cost: 173.752
    lifetime: 29.3349
    annual_cost: 5.92304729179237
    efficiency: 0.954634
    discharge_ratio: 2
    depth_of_discharge: 0.9
  Pb-acid:
    cost: 204.72
    lifetime: 10.2742
    annual_cost: 19.925638979190595
    efficiency: 0.661385
    discharge_ratio: 5
    depth_of_discharge: 0.5
  VRBF:
    cost: 184.03
    lifetime: 21.6315
    annual_cost: 8.507500635647089
    efficiency: 0.730817
    discharge_ratio: 0.5
    depth_of_discharge: 1.0
