cost_values:
  wind_capex: 5000.0
  wind_opex: 100
  wind_lifetime: 20
  solar_capex: 1000.0
  solar_opex: 10
  solar_lifetime: 20
  carbon_price: 1.0
timeseries_values:
  load_level: 240053.4814613137
  wind_year: 2011
  solar_year: 2011
  price_year: 2023
  carbon_year: 2023
storage_values:
  CAES:
    cost: 55.9976
    lifetime: 25.9797
    annual_cost: 2.155436744843089
    efficiency: 0.59763
    discharge_ratio: 0.1
    depth_of_discharge: 0.4
  Li-ion:
    cost: 168.442
    lifetime: 28.945
    annual_cost: 5.819381585766108
    efficiency: 0.930697
    discharge_ratio: 2
    depth_of_discharge: 0.9
  Pb-acid:
    cost: 176.239
    lifetime: 9.43427
    annual_cost: 18.680724634762417
    efficiency: 0.661179
    discharge_ratio: 5
    depth_of_discharge: 0.5
  VRBF:
    cost: 178.988
    lifetime: 21.645
    annual_cost: 8.26925386925387
    efficiency: 0.72084
    discharge_ratio: 0.5
    depth_of_discharge: 1.0
