cost_values:
  wind_capex: 5000.0
  wind_opex: 100
  wind_lifetime: 20
  solar_capex: 1000.0
  solar_opex: 10
  solar_lifetime: 20
  carbon_price: 1.0
timeseries_values:
  load_level: 240053.4814613137
  wind_year: 2011
  solar_year: 2011
  price_year: 2023
  carbon_year: 2023
storage_values:
  CAES:
    cost: 55.2293
    lifetime: 25.989
    annual_cost: 2.1251029281619145
    efficiency: 0.597885
    discharge_ratio: 0.1
    depth_of_discharge: 0.4
  Li-ion:
    cost: 155.342
    lifetime: 29.5485
    annual_cost: 5.2571873360745895
    efficiency: 0.944882
    discharge_ratio: 2
    depth_of_discharge: 0.9
  Pb-acid:
    cost: 198.754
    lifetime: 11.1552
    annual_cost: 17.81716150315548
    efficiency: 0.699896
    discharge_ratio: 5
    depth_of_discharge: 0.5
  VRBF:
    cost: 182.98
    lifetime: 20.9616
    annual_cost: 8.729295473627966
    efficiency: 0.723487
    discharge_ratio: 0.5
    depth_of_discharge: 1.0
