cost_values:
  wind_capex: 5000.0
  wind_opex: 100
  wind_lifetime: 20
  solar_capex: 1000.0
  solar_opex: 10
  solar_lifetime: 20
  carbon_price: 1.0
timeseries_values:
  load_level: 240053.4814613137
  wind_year: 2011
  solar_year: 2011
  price_year: 2023
  carbon_year: 2023
storage_values:
  CAES:
    cost: 51.1866
    lifetime: 25.1257
    annual_cost: 2.037220853548359
    efficiency: 0.594564
    discharge_ratio: 0.1
    depth_of_discharge: 0.4
  Li-ion:
    cost: 182.292
    lifetime: 29.5293
    annual_cost: 6.173258424683281
    efficiency: 0.949122
    discharge_ratio: 2
    depth_of_discharge: 0.9
  Pb-acid:
    cost: 182.722
    lifetime: 10.0797
    annual_cost: 18.1277220552199
    efficiency: 0.662239
    discharge_ratio: 5
    depth_of_discharge: 0.5
  VRBF:
    cost: 235.094
    lifetime: 19.7566
    annual_cost: 11.899517123391677
    efficiency: 0.709151
    discharge_ratio: 0.5
    depth_of_discharge: 1.0
