cost_values:
  wind_capex: 5000.0
  wind_opex: 100
  wind_lifetime: 20
  solar_capex: 1000.0
  solar_opex: 10
  solar_lifetime: 20
  carbon_price: 1.0
timeseries_values:
  load_level: 240053.4814613137
  wind_year: 2011
  solar_year: 2011
  price_year: 2023
  carbon_year: 2023
storage_values:
  CAES:
    cost: 66.3262
    lifetime: 26.1859
    annual_cost: 2.5328974753588764
    efficiency: 0.591565
    discharge_ratio: 0.1
    depth_of_discharge: 0.4
  Li-ion:
    cost: 164.942
    lifetime: 28.6701
    annual_cost: 5.753101663405429
    efficiency: 0.952719
    discharge_ratio: 2
    depth_of_discharge: 0.9
  Pb-acid:
    cost: 197.573
    lifetime: 11.3094
    annual_cost: 17.469803879958267
    efficiency: 0.678231
    discharge_ratio: 5
    depth_of_discharge: 0.5
  VRBF:
    cost: 182.794
    lifetime: 20.1645
    annual_cost: 9.06513922983461
    efficiency: 0.688889
    discharge_ratio: 0.5
    depth_of_discharge: 1.0
