cost_values:
  wind_capex: 5000.0
  wind_opex: 100
  wind_lifetime: 20
  solar_capex: 1000.0
  solar_opex: 10
  solar_lifetime: 20
  carbon_price: 1.0
timeseries_values:
  load_level: 240053.4814613137
  wind_year: 2011
  solar_year: 2011
  price_year: 2023
  carbon_year: 2023
storage_values:
  CAES:
    cost: 54.9334
    lifetime: 25.7603
    annual_cost: 2.1324829291584337
    efficiency: 0.597143
    discharge_ratio: 0.1
    depth_of_discharge: 0.4
  Li-ion:
    cost: 142.373
    lifetime: 27.1573
    annual_cost: 5.24253147404197
    efficiency: 0.925551
    discharge_ratio: 2
    depth_of_discharge: 0.9
  Pb-acid:
    cost: 179.943
    lifetime: 9.71331
    annual_cost: 18.52540483110289
    efficiency: 0.66616
    discharge_ratio: 5
    depth_of_discharge: 0.5
  VRBF:
    cost: 224.771
    lifetime: 22.8884
    annual_cost: 9.820301987032732
    efficiency: 0.743688
    discharge_ratio: 0.5
    depth_of_discharge: 1.0
