cost_values:
  wind_capex: 5000.0
  wind_opex: 100
  wind_lifetime: 20
  solar_capex: 1000.0
  solar_opex: 10
  solar_lifetime: 20
  carbon_price: 1.0
timeseries_values:
  load_level: 240053.4814613137
  wind_year: 2011
  solar_year: 2011
  price_year: 2023
  carbon_year: 2023
storage_values:
  CAES:
    cost: 62.7215
    lifetime: 25.3584
    annual_cost: 2.4734013186951858
    efficiency: 0.594495
    discharge_ratio: 0.1
    depth_of_discharge: 0.4
  Li-ion:
    cost: 155.605
    lifetime: 28.7411
    annual_cost: 5.414023819547616
    efficiency: 0.951113
    discharge_ratio: 2
    depth_of_discharge: 0.9
  Pb-acid:
    cost: 194.702
    lifetime: 10.2956
    annual_cost: 18.911185360736624
    efficiency: 0.68812
    discharge_ratio: 5
    depth_of_discharge: 0.5
  VRBF:
    cost: 211.108
    lifetime: 20.7039
    annual_cost: 10.196533020348824
    efficiency: 0.74599
    discharge_ratio: 0.5
    depth_of_discharge: 1.0
