cost_values:
  wind_capex: 5000.0
  wind_opex: 100
  wind_lifetime: 20
  solar_capex: 1000.0
  solar_opex: 10
  solar_lifetime: 20
  carbon_price: 1.0
timeseries_values:
  load_level: 240053.4814613137
  wind_year: 2011
  solar_year: 2011
  price_year: 2023
  carbon_year: 2023
storage_values:
  CAES:
    cost: 55.5186
    lifetime: 25.9173
    annual_cost: 2.1421444363417486
    efficiency: 0.589761
    discharge_ratio: 0.1
    depth_of_discharge: 0.4
  Li-ion:
    cost: 179.582
    lifetime: 28.311
    annual_cost: 6.343188160079121
    efficiency: 0.943546
    discharge_ratio: 2
    depth_of_discharge: 0.9
  Pb-acid:
    cost: 190.105
    lifetime: 9.65275
    annual_cost: 19.694387609748517
    efficiency: 0.687178
    discharge_ratio: 5
    depth_of_discharge: 0.5
  VRBF:
    cost: 202.44
    lifetime: 21.9802
    annual_cost: 9.210107278368714
    efficiency: 0.715877
    discharge_ratio: 0.5
    depth_of_discharge: 1.0
