cost_values:
  wind_capex: 5000.0
  wind_opex: 100
  wind_lifetime: 20
  solar_capex: 1000.0
  solar_opex: 10
  solar_lifetime: 20
  carbon_price: 1.0
timeseries_values:
  load_level: 240053.4814613137
  wind_year: 2011
  solar_year: 2011
  price_year: 2023
  carbon_year: 2023
storage_values:
  CAES:
    cost: 58.9196
    lifetime: 25.7646
    annual_cost: 2.286843187940042
    efficiency: 0.602252
    discharge_ratio: 0.1
    depth_of_discharge: 0.4
  Li-ion:
    cost: 157.322
    lifetime: 28.5814
    annual_cost: 5.504348982205211
    efficiency: 0.943373
    discharge_ratio: 2
    depth_of_discharge: 0.9
  Pb-acid:
    cost: 177.908
    lifetime: 9.98808
    annual_cost: 17.812031942074952
    efficiency: 0.678424
    discharge_ratio: 5
    depth_of_discharge: 0.5
  VRBF:
    cost: 180.688
    lifetime: 21.3215
    annual_cost: 8.474450671857046
    efficiency: 0.717163
    discharge_ratio: 0.5
    depth_of_discharge: 1.0
