cost_values:
  wind_capex: 5000.0
  wind_opex: 100
  wind_lifetime: 20
  solar_capex: 1000.0
  solar_opex: 10
  solar_lifetime: 20
  carbon_price: 1.0
timeseries_values:
  load_level: 240053.4814613137
  wind_year: 2011
  solar_year: 2011
  price_year: 2023
  carbon_year: 2023
storage_values:
  CAES:
    cost: 53.2761
    lifetime: 25.9176
    annual_cost: 2.055595425502361
    efficiency: 0.589926
    discharge_ratio: 0.1
    depth_of_discharge: 0.4
  Li-ion:
    cost: 171.985
    lifetime: 29.4697
    annual_cost: 5.835994258509588
    efficiency: 0.959372
    discharge_ratio: 2
    depth_of_discharge: 0.9
  Pb-acid:
    cost: 191.546
    lifetime: 8.81316
    annual_cost: 21.734088567551254
    efficiency: 0.675792
    discharge_ratio: 5
    depth_of_discharge: 0.5
  VRBF:
    cost: 168.391
    lifetime: 19.18
    annual_cost: 8.779509906152242
    efficiency: 0.715086
    discharge_ratio: 0.5
    depth_of_discharge: 1.0
