cost_values:
  wind_capex: 5000.0
  wind_opex: 100
  wind_lifetime: 20
  solar_capex: 1000.0
  solar_opex: 10
  solar_lifetime: 20
  carbon_price: 1.0
timeseries_values:
  load_level: 240053.4814613137
  wind_year: 2011
  solar_year: 2011
  price_year: 2023
  carbon_year: 2023
storage_values:
  CAES:
    cost: 50.516
    lifetime: 24.9423
    annual_cost: 2.025314425694503
    efficiency: 0.597388
    discharge_ratio: 0.1
    depth_of_discharge: 0.4
  Li-ion:
    cost: 161.672
    lifetime: 27.3044
    annual_cost: 5.921096966056752
    efficiency: 0.953772
    discharge_ratio: 2
    depth_of_discharge: 0.9
  Pb-acid:
    cost: 168.774
    lifetime: 8.80939
    annual_cost: 19.15842073060677
    efficiency: 0.670088
    discharge_ratio: 5
    depth_of_discharge: 0.5
  VRBF:
    cost: 227.989
    lifetime: 19.3739
    annual_cost: 11.767842303304963
    efficiency: 0.727917
    discharge_ratio: 0.5
    depth_of_discharge: 1.0
