cost_values:
  wind_capex: 5000.0
  wind_opex: 100
  wind_lifetime: 20
  solar_capex: 1000.0
  solar_opex: 10
  solar_lifetime: 20
  carbon_price: 1.0
timeseries_values:
  load_level: 240053.4814613137
  wind_year: 2011
  solar_year: 2011
  price_year: 2023
  carbon_year: 2023
storage_values:
  CAES:
    cost: 50.1577
    lifetime: 25.6236
    annual_cost: 1.957480603818355
    efficiency: 0.601099
    discharge_ratio: 0.1
    depth_of_discharge: 0.4
  Li-ion:
    cost: 158.612
    lifetime: 29.8763
    annual_cost: 5.308957267131472
    efficiency: 0.950675
    discharge_ratio: 2
    depth_of_discharge: 0.9
  Pb-acid:
    cost: 197.495
    lifetime: 10.1147
    annual_cost: 19.525542032882836
    efficiency: 0.670305
    discharge_ratio: 5
    depth_of_discharge: 0.5
  VRBF:
    cost: 223.723
    lifetime: 18.912
    annual_cost: 11.829684856175975
    efficiency: 0.716425
    discharge_ratio: 0.5
    depth_of_discharge: 1.0
