cost_values:
  wind_capex: 5000.0
  wind_opex: 100
  wind_lifetime: 20
  solar_capex: 1000.0
  solar_opex: 10
  solar_lifetime: 20
  carbon_price: 1.0
timeseries_values:
  load_level: 240053.4814613137
  wind_year: 2011
  solar_year: 2011
  price_year: 2023
  carbon_year: 2023
storage_values:
  CAES:
    cost: 57.6658
    lifetime: 25.2056
    annual_cost: 2.2878169930491636
    efficiency: 0.598619
    discharge_ratio: 0.1
    depth_of_discharge: 0.4
  Li-ion:
    cost: 158.44
    lifetime: 29.3248
    annual_cost: 5.402935399388913
    efficiency: 0.940431
    discharge_ratio: 2
    depth_of_discharge: 0.9
  Pb-acid:
    cost: 196.072
    lifetime: 9.49011
    annual_cost: 20.660666736212754
    efficiency: 0.694515
    discharge_ratio: 5
    depth_of_discharge: 0.5
  VRBF:
    cost: 210.691
    lifetime: 19.5639
    annual_cost: 10.769376249111884
    efficiency: 0.715256
    discharge_ratio: 0.5
    depth_of_discharge: 1.0
