cost_values:
  wind_capex: 5000.0
  wind_opex: 100
  wind_lifetime: 20
  solar_capex: 1000.0
  solar_opex: 10
  solar_lifetime: 20
  carbon_price: 1.0
timeseries_values:
  load_level: 240053.4814613137
  wind_year: 2011
  solar_year: 2011
  price_year: 2023
  carbon_year: 2023
storage_values:
  CAES:
    cost: 58.2042
    lifetime: 26.6705
    annual_cost: 2.1823437880804635
    efficiency: 0.601245
    discharge_ratio: 0.1
    depth_of_discharge: 0.4
  Li-ion:
    cost: 147.066
    lifetime: 27.5159
    annual_cost: 5.3447642999138685
    efficiency: 0.957055
    discharge_ratio: 2
    depth_of_discharge: 0.9
  Pb-acid:
    cost: 184.894
    lifetime: 12.0318
    annual_cost: 15.36711049053342
    efficiency: 0.688452
    discharge_ratio: 5
    depth_of_discharge: 0.5
  VRBF:
    cost: 180.228
    lifetime: 22.2894
    annual_cost: 8.085816576489274
    efficiency: 0.703152
    discharge_ratio: 0.5
    depth_of_discharge: 1.0
