cost_values:
  wind_capex: 5000.0
  wind_opex: 100
  wind_lifetime: 20
  solar_capex: 1000.0
  solar_opex: 10
  solar_lifetime: 20
  carbon_price: 1.0
timeseries_values:
  load_level: 240053.4814613137
  wind_year: 2011
  solar_year: 2011
  price_year: 2023
  carbon_year: 2023
storage_values:
  CAES:
    cost: 51.4226
    lifetime: 25.3169
    annual_cost: 2.0311570531937164
    efficiency: 0.604306
    discharge_ratio: 0.1
    depth_of_discharge: 0.4
  Li-ion:
    cost: 178.285
    lifetime: 26.3955
    annual_cost: 6.754371010210074
    efficiency: 0.953307
    discharge_ratio: 2
    depth_of_discharge: 0.9
  Pb-acid:
    cost: 204.478
    lifetime: 10.9549
    annual_cost: 18.665437384184248
    efficiency: 0.668698
    discharge_ratio: 5
    depth_of_discharge: 0.5
  VRBF:
    cost: 255.384
    lifetime: 18.9583
    annual_cost: 13.470828080576844
    efficiency: 0.708908
    discharge_ratio: 0.5
    depth_of_discharge: 1.0
