cost_values:
  wind_capex: 5000.0
  wind_opex: 100
  wind_lifetime: 20
  solar_capex: 1000.0
  solar_opex: 10
  solar_lifetime: 20
  carbon_price: 1.0
timeseries_values:
  load_level: 240053.4814613137
  wind_year: 2011
  solar_year: 2011
  price_year: 2023
  carbon_year: 2023
storage_values:
  CAES:
    cost: 53.2192
    lifetime: 25.5947
    annual_cost: 2.0793054812129075
    efficiency: 0.591797
    discharge_ratio: 0.1
    depth_of_discharge: 0.4
  Li-ion:
    cost: 147.47
    lifetime: 28.1699
    annual_cost: 5.235020358609722
    efficiency: 0.947904
    discharge_ratio: 2
    depth_of_discharge: 0.9
  Pb-acid:
    cost: 206.101
    lifetime: 10.5606
    annual_cost: 19.516031286101168
    efficiency: 0.671117
    discharge_ratio: 5
    depth_of_discharge: 0.5
  VRBF:
    cost: 211.113
    lifetime: 19.8747
    annual_cost: 10.622198070914278
    efficiency: 0.713377
    discharge_ratio: 0.5
    depth_of_discharge: 1.0
