cost_values:
  wind_capex: 5000.0
  wind_opex: 100
  wind_lifetime: 20
  solar_capex: 1000.0
  solar_opex: 10
  solar_lifetime: 20
  carbon_price: 1.0
timeseries_values:
  load_level: 240053.4814613137
  wind_year: 2011
  solar_year: 2011
  price_year: 2023
  carbon_year: 2023
storage_values:
  CAES:
    cost: 53.461
    lifetime: 24.689
    annual_cost: 2.1653772935315323
    efficiency: 0.592447
    discharge_ratio: 0.1
    depth_of_discharge: 0.4
  Li-ion:
    cost: 176.46
    lifetime: 28.8088
    annual_cost: 6.12521174085696
    efficiency: 0.965379
    discharge_ratio: 2
    depth_of_discharge: 0.9
  Pb-acid:
    cost: 160.69
    lifetime: 10.8357
    annual_cost: 14.829683361481031
    efficiency: 0.68533
    discharge_ratio: 5
    depth_of_discharge: 0.5
  VRBF:
    cost: 213.578
    lifetime: 21.698
    annual_cost: 9.843211355885336
    efficiency: 0.720453
    discharge_ratio: 0.5
    depth_of_discharge: 1.0
