cost_values:
  wind_capex: 5000.0
  wind_opex: 100
  wind_lifetime: 20
  solar_capex: 1000.0
  solar_opex: 10
  solar_lifetime: 20
  carbon_price: 1.0
timeseries_values:
  load_level: 240053.4814613137
  wind_year: 2011
  solar_year: 2011
  price_year: 2023
  carbon_year: 2023
storage_values:
  CAES:
    cost: 53.5294
    lifetime: 25.4605
    annual_cost: 2.102448891420043
    efficiency: 0.589069
    discharge_ratio: 0.1
    depth_of_discharge: 0.4
  Li-ion:
    cost: 155.307
    lifetime: 29.2957
    annual_cost: 5.301358219807002
    efficiency: 0.957657
    discharge_ratio: 2
    depth_of_discharge: 0.9
  Pb-acid:
    cost: 199.113
    lifetime: 11.6861
    annual_cost: 17.03844738621097
    efficiency: 0.712498
    discharge_ratio: 5
    depth_of_discharge: 0.5
  VRBF:
    cost: 230.325
    lifetime: 19.8426
    annual_cost: 11.607601826373559
    efficiency: 0.73543
    discharge_ratio: 0.5
    depth_of_discharge: 1.0
