cost_values:
  wind_capex: 5000.0
  wind_opex: 100
  wind_lifetime: 20
  solar_capex: 1000.0
  solar_opex: 10
  solar_lifetime: 20
  carbon_price: 1.0
timeseries_values:
  load_level: 240053.4814613137
  wind_year: 2011
  solar_year: 2011
  price_year: 2023
  carbon_year: 2023
storage_values:
  CAES:
    cost: 61.3381
    lifetime: 26.8691
    annual_cost: 2.282849071982314
    efficiency: 0.602223
    discharge_ratio: 0.1
    depth_of_discharge: 0.4
  Li-ion:
    cost: 153.51
    lifetime: 27.3959
    annual_cost: 5.6033932084728
    efficiency: 0.947889
    discharge_ratio: 2
    depth_of_discharge: 0.9
  Pb-acid:
    cost: 195.825
    lifetime: 10.6846
    annual_cost: 18.327780169589875
    efficiency: 0.68232
    discharge_ratio: 5
    depth_of_discharge: 0.5
  VRBF:
    cost: 188.853
    lifetime: 20.2719
    annual_cost: 9.315998993680909
    efficiency: 0.739065
    discharge_ratio: 0.5
    depth_of_discharge: 1.0
