cost_values:
  wind_capex: 5000.0
  wind_opex: 100
  wind_lifetime: 20
  solar_capex: 1000.0
  solar_opex: 10
  solar_lifetime: 20
  carbon_price: 1.0
timeseries_values:
  load_level: 240053.4814613137
  wind_year: 2011
  solar_year: 2011
  price_year: 2023
  carbon_year: 2023
storage_values:
  CAES:
    cost: 57.3895
    lifetime: 25.5495
    annual_cost: 2.246208340672029
    efficiency: 0.600731
    discharge_ratio: 0.1
    depth_of_discharge: 0.4
  Li-ion:
    cost: 160.45
    lifetime: 28.0107
    annual_cost: 5.728168164308639
    efficiency: 0.933148
    discharge_ratio: 2
    depth_of_discharge: 0.9
  Pb-acid:
    cost: 201.193
    lifetime: 9.03759
    annual_cost: 22.261797669511452
    efficiency: 0.677891
    discharge_ratio: 5
    depth_of_discharge: 0.5
  VRBF:
    cost: 207.249
    lifetime: 17.3175
    annual_cost: 11.967605023819836
    efficiency: 0.717429
    discharge_ratio: 0.5
    depth_of_discharge: 1.0
