cost_values:
  wind_capex: 5000.0
  wind_opex: 100
  wind_lifetime: 20
  solar_capex: 1000.0
  solar_opex: 10
  solar_lifetime: 20
  carbon_price: 1.0
timeseries_values:
  load_level: 240053.4814613137
  wind_year: 2011
  solar_year: 2011
  price_year: 2023
  carbon_year: 2023
storage_values:
  CAES:
    cost: 56.4325
    lifetime: 25.6947
    annual_cost: 2.1962700479087127
    efficiency: 0.601931
    discharge_ratio: 0.1
    depth_of_discharge: 0.4
  Li-ion:
    cost: 149.759
    lifetime: 28.3174
    annual_cost: 5.288585816494452
    efficiency: 0.94911
    discharge_ratio: 2
    depth_of_discharge: 0.9
  Pb-acid:
    cost: 212.274
    lifetime: 10.3468
    annual_cost: 20.51590830015077
    efficiency: 0.686726
    discharge_ratio: 5
    depth_of_discharge: 0.5
  VRBF:
    cost: 215.85
    lifetime: 19.9024
    annual_cost: 10.845425677305249
    efficiency: 0.698265
    discharge_ratio: 0.5
    depth_of_discharge: 1.0
