cost_values:
  wind_capex: 5000.0
  wind_opex: 100
  wind_lifetime: 20
  solar_capex: 1000.0
  solar_opex: 10
  solar_lifetime: 20
  carbon_price: 1.0
timeseries_values:
  load_level: 240053.4814613137
  wind_year: 2011
  solar_year: 2011
  price_year: 2023
  carbon_year: 2023
storage_values:
  CAES:
    cost: 53.074
    lifetime: 25.6936
    annual_cost: 2.065650590030202
    efficiency: 0.594556
    discharge_ratio: 0.1
    depth_of_discharge: 0.4
  Li-ion:
    cost: 157.195
    lifetime: 27.9502
    annual_cost: 5.624110024257429
    efficiency: 0.953244
    discharge_ratio: 2
    depth_of_discharge: 0.9
  Pb-acid:
    cost: 183.954
    lifetime: 9.92809
    annual_cost: 18.528639446258044
    efficiency: 0.678525
    discharge_ratio: 5
    depth_of_discharge: 0.5
  VRBF:
    cost: 240.13
    lifetime: 20.7272
    annual_cost: 11.58525994828052
    efficiency: 0.686961
    discharge_ratio: 0.5
    depth_of_discharge: 1.0
