cost_values:
  wind_capex: 5000.0
  wind_opex: 100
  wind_lifetime: 20
  solar_capex: 1000.0
  solar_opex: 10
  solar_lifetime: 20
  carbon_price: 1.0
timeseries_values:
  load_level: 240053.4814613137
  wind_year: 2011
  solar_year: 2011
  price_year: 2023
  carbon_year: 2023
storage_values:
  CAES:
    cost: 54.2296
    lifetime: 25.2203
    annual_cost: 2.150236119316582
    efficiency: 0.596832
    discharge_ratio: 0.1
    depth_of_discharge: 0.4
  Li-ion:
    cost: 163.679
    lifetime: 28.9351
    annual_cost: 5.656762893509959
    efficiency: 0.967649
    discharge_ratio: 2
    depth_of_discharge: 0.9
  Pb-acid:
    cost: 185.443
    lifetime: 10.0053
    annual_cost: 18.534476727334514
    efficiency: 0.667838
    discharge_ratio: 5
    depth_of_discharge: 0.5
  VRBF:
    cost: 189.794
    lifetime: 21.1829
    annual_cost: 8.959774157457195
    efficiency: 0.709962
    discharge_ratio: 0.5
    depth_of_discharge: 1.0
