cost_values:
  wind_capex: 5000.0
  wind_opex: 100
  wind_lifetime: 20
  solar_capex: 1000.0
  solar_opex: 10
  solar_lifetime: 20
  carbon_price: 1.0
timeseries_values:
  load_level: 240053.4814613137
  wind_year: 2011
  solar_year: 2011
  price_year: 2023
  carbon_year: 2023
storage_values:
  CAES:
    cost: 56.8217
    lifetime: 25.3403
    annual_cost: 2.2423451971760398
    efficiency: 0.596518
    discharge_ratio: 0.1
    depth_of_discharge: 0.4
  Li-ion:
    cost: 168.423
    lifetime: 28.4352
    annual_cost: 5.923046083727212
    efficiency: 0.94975
    discharge_ratio: 2
    depth_of_discharge: 0.9
  Pb-acid:
    cost: 182.649
    lifetime: 9.07485
    annual_cost: 20.126944247012347
    efficiency: 0.67293
    discharge_ratio: 5
    depth_of_discharge: 0.5
  VRBF:
    cost: 224.048
    lifetime: 19.6061
    annual_cost: 11.427463901540847
    efficiency: 0.721233
    discharge_ratio: 0.5
    depth_of_discharge: 1.0
