cost_values:
  wind_capex: 5000.0
  wind_opex: 100
  wind_lifetime: 20
  solar_capex: 1000.0
  solar_opex: 10
  solar_lifetime: 20
  carbon_price: 1.0
timeseries_values:
  load_level: 240053.4814613137
  wind_year: 2011
  solar_year: 2011
  price_year: 2023
  carbon_year: 2023
storage_values:
  CAES:
    cost: 54.5014
    lifetime: 26.5615
    annual_cost: 2.0518946595636542
    efficiency: 0.589733
    discharge_ratio: 0.1
    depth_of_discharge: 0.4
  Li-ion:
    cost: 131.887
    lifetime: 28.3892
    annual_cost: 4.645675115889141
    efficiency: 0.948095
    discharge_ratio: 2
    depth_of_discharge: 0.9
  Pb-acid:
    cost: 205.085
    lifetime: 9.3737
    annual_cost: 21.878767189050215
    efficiency: 0.683502
    discharge_ratio: 5
    depth_of_discharge: 0.5
  VRBF:
    cost: 213.963
    lifetime: 20.2914
    annual_cost: 10.544516396108696
    efficiency: 0.71209
    discharge_ratio: 0.5
    depth_of_discharge: 1.0
