cost_values:
  wind_capex: 5000.0
  wind_opex: 100
  wind_lifetime: 20
  solar_capex: 1000.0
  solar_opex: 10
  solar_lifetime: 20
  carbon_price: 1.0
timeseries_values:
  load_level: 247200.15776392038
  wind_year: 2011
  solar_year: 2015
  price_year: 2023
  carbon_year: 2023
storage_values:
  CAES:
    cost: 40.3084
    lifetime: 23.4132
    annual_cost: 1.72161003194779
    efficiency: 0.589773
    discharge_ratio: 0.1
    depth_of_discharge: 0.4
  Li-ion:
    cost: 135.788
    lifetime: 17.0876
    annual_cost: 7.946581146562421
    efficiency: 0.938056
    discharge_ratio: 2
    depth_of_discharge: 0.9
  Pb-acid:
    cost: 219.218
    lifetime: 9.97852
    annual_cost: 21.96898938920802
    efficiency: 0.713061
    discharge_ratio: 5
    depth_of_discharge: 0.5
  VRBF:
    cost: 289.494
    lifetime: 22.5672
    annual_cost: 12.828086780814635
    efficiency: 0.660772
    discharge_ratio: 0.5
    depth_of_discharge: 1.0
