cost_values:
  wind_capex: 5000.0
  wind_opex: 100
  wind_lifetime: 20
  solar_capex: 1000.0
  solar_opex: 10
  solar_lifetime: 20
  carbon_price: 1.0
timeseries_values:
  load_level: 247200.15776392038
  wind_year: 2011
  solar_year: 2015
  price_year: 2023
  carbon_year: 2023
storage_values:
  CAES:
    cost: 46.7868
    lifetime: 24.1134
    annual_cost: 1.9402821667620493
    efficiency: 0.608452
    discharge_ratio: 0.1
    depth_of_discharge: 0.4
  Li-ion:
    cost: 141.706
    lifetime: 17.3496
    annual_cost: 8.167681099276065
    efficiency: 0.946533
    discharge_ratio: 2
    depth_of_discharge: 0.9
  Pb-acid:
    cost: 210.078
    lifetime: 11.0488
    annual_cost: 19.01364854101803
    efficiency: 0.708229
    discharge_ratio: 5
    depth_of_discharge: 0.5
  VRBF:
    cost: 278.855
    lifetime: 21.3558
    annual_cost: 13.057576864364718
    efficiency: 0.656292
    discharge_ratio: 0.5
    depth_of_discharge: 1.0
