cost_values:
  wind_capex: 5000.0
  wind_opex: 100
  wind_lifetime: 20
  solar_capex: 1000.0
  solar_opex: 10
  solar_lifetime: 20
  carbon_price: 1.0
timeseries_values:
  load_level: 247200.15776392038
  wind_year: 2011
  solar_year: 2015
  price_year: 2023
  carbon_year: 2023
storage_values:
  CAES:
    cost: 47.2269
    lifetime: 23.3587
    annual_cost: 2.0218120015240575
    efficiency: 0.588827
    discharge_ratio: 0.1
    depth_of_discharge: 0.4
  Li-ion:
    cost: 158.189
    lifetime: 17.6351
    annual_cost: 8.97012208606699
    efficiency: 0.953918
    discharge_ratio: 2
    depth_of_discharge: 0.9
  Pb-acid:
    cost: 212.393
    lifetime: 10.9583
    annual_cost: 19.381929678873547
    efficiency: 0.714707
    discharge_ratio: 5
    depth_of_discharge: 0.5
  VRBF:
    cost: 297.112
    lifetime: 20.8324
    annual_cost: 14.262014938269235
    efficiency: 0.654729
    discharge_ratio: 0.5
    depth_of_discharge: 1.0
