cost_values:
  wind_capex: 5000.0
  wind_opex: 100
  wind_lifetime: 20
  solar_capex: 1000.0
  solar_opex: 10
  solar_lifetime: 20
  carbon_price: 1.0
timeseries_values:
  load_level: 247200.15776392038
  wind_year: 2011
  solar_year: 2015
  price_year: 2023
  carbon_year: 2023
storage_values:
  CAES:
    cost: 49.7832
    lifetime: 23.6526
    annual_cost: 2.104766495015347
    efficiency: 0.591967
    discharge_ratio: 0.1
    depth_of_discharge: 0.4
  Li-ion:
    cost: 154.798
    lifetime: 17.654
    annual_cost: 8.768437747819192
    efficiency: 0.950929
    discharge_ratio: 2
    depth_of_discharge: 0.9
  Pb-acid:
    cost: 225.341
    lifetime: 11.514
    annual_cost: 19.571043946499916
    efficiency: 0.718904
    discharge_ratio: 5
    depth_of_discharge: 0.5
  VRBF:
    cost: 279.928
    lifetime: 20.1633
    annual_cost: 13.883044938080573
    efficiency: 0.653374
    discharge_ratio: 0.5
    depth_of_discharge: 1.0
