cost_values:
  wind_capex: 5000.0
  wind_opex: 100
  wind_lifetime: 20
  solar_capex: 1000.0
  solar_opex: 10
  solar_lifetime: 20
  carbon_price: 1.0
timeseries_values:
  load_level: 247200.15776392038
  wind_year: 2011
  solar_year: 2015
  price_year: 2023
  carbon_year: 2023
storage_values:
  CAES:
    cost: 48.1591
    lifetime: 22.9525
    annual_cost: 2.098207166975275
    efficiency: 0.604424
    discharge_ratio: 0.1
    depth_of_discharge: 0.4
  Li-ion:
    cost: 161.014
    lifetime: 19.4741
    annual_cost: 8.268109951165908
    efficiency: 0.949542
    discharge_ratio: 2
    depth_of_discharge: 0.9
  Pb-acid:
    cost: 233.499
    lifetime: 10.3461
    annual_cost: 22.568794038333284
    efficiency: 0.708035
    discharge_ratio: 5
    depth_of_discharge: 0.5
  VRBF:
    cost: 297.885
    lifetime: 18.8437
    annual_cost: 15.808201149455787
    efficiency: 0.65243
    discharge_ratio: 0.5
    depth_of_discharge: 1.0
