cost_values:
  wind_capex: 5000.0
  wind_opex: 100
  wind_lifetime: 20
  solar_capex: 1000.0
  solar_opex: 10
  solar_lifetime: 20
  carbon_price: 1.0
timeseries_values:
  load_level: 247200.15776392038
  wind_year: 2011
  solar_year: 2015
  price_year: 2023
  carbon_year: 2023
storage_values:
  CAES:
    cost: 47.2672
    lifetime: 22.7006
    annual_cost: 2.082200470472146
    efficiency: 0.603264
    discharge_ratio: 0.1
    depth_of_discharge: 0.4
  Li-ion:
    cost: 148.137
    lifetime: 15.8638
    annual_cost: 9.338052673382165
    efficiency: 0.938562
    discharge_ratio: 2
    depth_of_discharge: 0.9
  Pb-acid:
    cost: 222.382
    lifetime: 10.3869
    annual_cost: 21.409852795347984
    efficiency: 0.724518
    discharge_ratio: 5
    depth_of_discharge: 0.5
  VRBF:
    cost: 273.429
    lifetime: 20.9189
    annual_cost: 13.070907170071083
    efficiency: 0.663396
    discharge_ratio: 0.5
    depth_of_discharge: 1.0
