cost_values:
  wind_capex: 5000.0
  wind_opex: 100
  wind_lifetime: 20
  solar_capex: 1000.0
  solar_opex: 10
  solar_lifetime: 20
  carbon_price: 1.0
timeseries_values:
  load_level: 247200.15776392038
  wind_year: 2011
  solar_year: 2015
  price_year: 2023
  carbon_year: 2023
storage_values:
  CAES:
    cost: 46.7483
    lifetime: 23.415
    annual_cost: 1.9965107836856717
    efficiency: 0.599883
    discharge_ratio: 0.1
    depth_of_discharge: 0.4
  Li-ion:
    cost: 131.192
    lifetime: 18.586
    annual_cost: 7.058646292908642
    efficiency: 0.947464
    discharge_ratio: 2
    depth_of_discharge: 0.9
  Pb-acid:
    cost: 227.582
    lifetime: 12.7028
    annual_cost: 17.915892559120824
    efficiency: 0.712054
    discharge_ratio: 5
    depth_of_discharge: 0.5
  VRBF:
    cost: 309.668
    lifetime: 18.0852
    annual_cost: 17.122730188220203
    efficiency: 0.65381
    discharge_ratio: 0.5
    depth_of_discharge: 1.0
