cost_values:
  wind_capex: 5000.0
  wind_opex: 100
  wind_lifetime: 20
  solar_capex: 1000.0
  solar_opex: 10
  solar_lifetime: 20
  carbon_price: 1.0
timeseries_values:
  load_level: 247200.15776392038
  wind_year: 2011
  solar_year: 2015
  price_year: 2023
  carbon_year: 2023
storage_values:
  CAES:
    cost: 50.9108
    lifetime: 23.9022
    annual_cost: 2.129962932282384
    efficiency: 0.604692
    discharge_ratio: 0.1
    depth_of_discharge: 0.4
  Li-ion:
    cost: 164.086
    lifetime: 15.6659
    annual_cost: 10.47408702979082
    efficiency: 0.953816
    discharge_ratio: 2
    depth_of_discharge: 0.9
  Pb-acid:
    cost: 230.51
    lifetime: 11.6965
    annual_cost: 19.707604839054415
    efficiency: 0.707666
    discharge_ratio: 5
    depth_of_discharge: 0.5
  VRBF:
    cost: 310.57
    lifetime: 20.1396
    annual_cost: 15.420862380583525
    efficiency: 0.650537
    discharge_ratio: 0.5
    depth_of_discharge: 1.0
