cost_values:
  wind_capex: 5000.0
  wind_opex: 100
  wind_lifetime: 20
  solar_capex: 1000.0
  solar_opex: 10
  solar_lifetime: 20
  carbon_price: 1.0
timeseries_values:
  load_level: 247200.15776392038
  wind_year: 2011
  solar_year: 2015
  price_year: 2023
  carbon_year: 2023
storage_values:
  CAES:
    cost: 46.3531
    lifetime: 23.1129
    annual_cost: 2.0055077467561406
    efficiency: 0.593647
    discharge_ratio: 0.1
    depth_of_discharge: 0.4
  Li-ion:
    cost: 148.137
    lifetime: 19.407
    annual_cost: 7.633173597155666
    efficiency: 0.943292
    discharge_ratio: 2
    depth_of_discharge: 0.9
  Pb-acid:
    cost: 194.476
    lifetime: 10.0089
    annual_cost: 19.430307026746195
    efficiency: 0.713677
    discharge_ratio: 5
    depth_of_discharge: 0.5
  VRBF:
    cost: 292.34
    lifetime: 19.9679
    annual_cost: 14.640497999288858
    efficiency: 0.666416
    discharge_ratio: 0.5
    depth_of_discharge: 1.0
