cost_values:
  wind_capex: 5000.0
  wind_opex: 100
  wind_lifetime: 20
  solar_capex: 1000.0
  solar_opex: 10
  solar_lifetime: 20
  carbon_price: 1.0
timeseries_values:
  load_level: 247200.15776392038
  wind_year: 2011
  solar_year: 2015
  price_year: 2023
  carbon_year: 2023
storage_values:
  CAES:
    cost: 42.4652
    lifetime: 23.2392
    annual_cost: 1.8273090295707255
    efficiency: 0.608515
    discharge_ratio: 0.1
    depth_of_discharge: 0.4
  Li-ion:
    cost: 154.724
    lifetime: 18.0503
    annual_cost: 8.571824291009014
    efficiency: 0.969957
    discharge_ratio: 2
    depth_of_discharge: 0.9
  Pb-acid:
    cost: 248.1
    lifetime: 11.6105
    annual_cost: 21.36858877739977
    efficiency: 0.714178
    discharge_ratio: 5
    depth_of_discharge: 0.5
  VRBF:
    cost: 334.446
    lifetime: 21.1049
    annual_cost: 15.84684125487446
    efficiency: 0.657425
    discharge_ratio: 0.5
    depth_of_discharge: 1.0
