cost_values:
  wind_capex: 5000.0
  wind_opex: 100
  wind_lifetime: 20
  solar_capex: 1000.0
  solar_opex: 10
  solar_lifetime: 20
  carbon_price: 1.0
timeseries_values:
  load_level: 247200.15776392038
  wind_year: 2011
  solar_year: 2015
  price_year: 2023
  carbon_year: 2023
storage_values:
  CAES:
    cost: 42.9073
    lifetime: 23.3253
    annual_cost: 1.8395176053469837
    efficiency: 0.604451
    discharge_ratio: 0.1
    depth_of_discharge: 0.4
  Li-ion:
    cost: 147.799
    lifetime: 16.2428
    annual_cost: 9.09935479104588
    efficiency: 0.942198
    discharge_ratio: 2
    depth_of_discharge: 0.9
  Pb-acid:
    cost: 217.902
    lifetime: 11.718
    annual_cost: 18.595494111623143
    efficiency: 0.716949
    discharge_ratio: 5
    depth_of_discharge: 0.5
  VRBF:
    cost: 324.491
    lifetime: 22.4853
    annual_cost: 14.431250639306569
    efficiency: 0.668226
    discharge_ratio: 0.5
    depth_of_discharge: 1.0
