cost_values:
  wind_capex: 5000.0
  wind_opex: 100
  wind_lifetime: 20
  solar_capex: 1000.0
  solar_opex: 10
  solar_lifetime: 20
  carbon_price: 1.0
timeseries_values:
  load_level: 247200.15776392038
  wind_year: 2011
  solar_year: 2015
  price_year: 2023
  carbon_year: 2023
storage_values:
  CAES:
    cost: 45.2414
    lifetime: 22.7252
    annual_cost: 1.9908031612483057
    efficiency: 0.581865
    discharge_ratio: 0.1
    depth_of_discharge: 0.4
  Li-ion:
    cost: 166.988
    lifetime: 17.6562
    annual_cost: 9.45775421664911
    efficiency: 0.940492
    discharge_ratio: 2
    depth_of_discharge: 0.9
  Pb-acid:
    cost: 229.926
    lifetime: 10.7048
    annual_cost: 21.47877587624243
    efficiency: 0.717754
    discharge_ratio: 5
    depth_of_discharge: 0.5
  VRBF:
    cost: 309.061
    lifetime: 19.9121
    annual_cost: 15.521265963911391
    efficiency: 0.663403
    discharge_ratio: 0.5
    depth_of_discharge: 1.0
