cost_values:
  wind_capex: 5000.0
  wind_opex: 100
  wind_lifetime: 20
  solar_capex: 1000.0
  solar_opex: 10
  solar_lifetime: 20
  carbon_price: 1.0
timeseries_values:
  load_level: 247200.15776392038
  wind_year: 2011
  solar_year: 2015
  price_year: 2023
  carbon_year: 2023
storage_values:
  CAES:
    cost: 36.4066
    lifetime: 23.411
    annual_cost: 1.5551065738328134
    efficiency: 0.59538
    discharge_ratio: 0.1
    depth_of_discharge: 0.4
  Li-ion:
    cost: 154.733
    lifetime: 17.2569
    annual_cost: 8.966442408543829
    efficiency: 0.947774
    discharge_ratio: 2
    depth_of_discharge: 0.9
  Pb-acid:
    cost: 215.842
    lifetime: 10.8358
    annual_cost: 19.919341442256226
    efficiency: 0.730181
    discharge_ratio: 5
    depth_of_discharge: 0.5
  VRBF:
    cost: 312.685
    lifetime: 19.0111
    annual_cost: 16.44749646259291
    efficiency: 0.652174
    discharge_ratio: 0.5
    depth_of_discharge: 1.0
