cost_values:
  wind_capex: 5000.0
  wind_opex: 100
  wind_lifetime: 20
  solar_capex: 1000.0
  solar_opex: 10
  solar_lifetime: 20
  carbon_price: 1.0
timeseries_values:
  load_level: 247200.15776392038
  wind_year: 2011
  solar_year: 2015
  price_year: 2023
  carbon_year: 2023
storage_values:
  CAES:
    cost: 46.9945
    lifetime: 23.0336
    annual_cost: 2.040258578771881
    efficiency: 0.597109
    discharge_ratio: 0.1
    depth_of_discharge: 0.4
  Li-ion:
    cost: 169.835
    lifetime: 15.7327
    annual_cost: 10.795032003406918
    efficiency: 0.946372
    discharge_ratio: 2
    depth_of_discharge: 0.9
  Pb-acid:
    cost: 210.207
    lifetime: 12.6464
    annual_cost: 16.621884488866396
    efficiency: 0.71885
    discharge_ratio: 5
    depth_of_discharge: 0.5
  VRBF:
    cost: 296.251
    lifetime: 18.0227
    annual_cost: 16.437659174263565
    efficiency: 0.650085
    discharge_ratio: 0.5
    depth_of_discharge: 1.0
