cost_values:
  wind_capex: 5000.0
  wind_opex: 100
  wind_lifetime: 20
  solar_capex: 1000.0
  solar_opex: 10
  solar_lifetime: 20
  carbon_price: 1.0
timeseries_values:
  load_level: 247200.15776392038
  wind_year: 2011
  solar_year: 2015
  price_year: 2023
  carbon_year: 2023
storage_values:
  CAES:
    cost: 45.8379
    lifetime: 23.8394
    annual_cost: 1.9227790967893486
    efficiency: 0.610783
    discharge_ratio: 0.1
    depth_of_discharge: 0.4
  Li-ion:
    cost: 171.975
    lifetime: 17.6591
    annual_cost: 9.73860502517116
    efficiency: 0.945652
    discharge_ratio: 2
    depth_of_discharge: 0.9
  Pb-acid:
    cost: 242.862
    lifetime: 10.8015
    annual_cost: 22.484099430634632
    efficiency: 0.711559
    discharge_ratio: 5
    depth_of_discharge: 0.5
  VRBF:
    cost: 289.104
    lifetime: 18.7764
    annual_cost: 15.397200741356171
    efficiency: 0.653518
    discharge_ratio: 0.5
    depth_of_discharge: 1.0
