cost_values:
  wind_capex: 5000.0
  wind_opex: 100
  wind_lifetime: 20
  solar_capex: 1000.0
  solar_opex: 10
  solar_lifetime: 20
  carbon_price: 1.0
timeseries_values:
  load_level: 247200.15776392038
  wind_year: 2011
  solar_year: 2015
  price_year: 2023
  carbon_year: 2023
storage_values:
  CAES:
    cost: 43.3317
    lifetime: 22.7755
    annual_cost: 1.9025575728304536
    efficiency: 0.600008
    discharge_ratio: 0.1
    depth_of_discharge: 0.4
  Li-ion:
    cost: 167.169
    lifetime: 17.6592
    annual_cost: 9.466397118782279
    efficiency: 0.960514
    discharge_ratio: 2
    depth_of_discharge: 0.9
  Pb-acid:
    cost: 220.296
    lifetime: 10.8485
    annual_cost: 20.306586163985806
    efficiency: 0.703879
    discharge_ratio: 5
    depth_of_discharge: 0.5
  VRBF:
    cost: 302.536
    lifetime: 23.1805
    annual_cost: 13.0513146825996
    efficiency: 0.663169
    discharge_ratio: 0.5
    depth_of_discharge: 1.0
