cost_values:
  wind_capex: 5000.0
  wind_opex: 100
  wind_lifetime: 20
  solar_capex: 1000.0
  solar_opex: 10
  solar_lifetime: 20
  carbon_price: 1.0
timeseries_values:
  load_level: 247200.15776392038
  wind_year: 2011
  solar_year: 2015
  price_year: 2023
  carbon_year: 2023
storage_values:
  CAES:
    cost: 49.694
    lifetime: 22.2725
    annual_cost: 2.231181950836233
    efficiency: 0.596218
    discharge_ratio: 0.1
    depth_of_discharge: 0.4
  Li-ion:
    cost: 141.84
    lifetime: 19.2237
    annual_cost: 7.37839229700838
    efficiency: 0.94504
    discharge_ratio: 2
    depth_of_discharge: 0.9
  Pb-acid:
    cost: 234.087
    lifetime: 10.73
    annual_cost: 21.816123019571293
    efficiency: 0.717903
    discharge_ratio: 5
    depth_of_discharge: 0.5
  VRBF:
    cost: 280.984
    lifetime: 19.7116
    annual_cost: 14.25475354613527
    efficiency: 0.673118
    discharge_ratio: 0.5
    depth_of_discharge: 1.0
