cost_values:
  wind_capex: 5000.0
  wind_opex: 100
  wind_lifetime: 20
  solar_capex: 1000.0
  solar_opex: 10
  solar_lifetime: 20
  carbon_price: 1.0
timeseries_values:
  load_level: 247200.15776392038
  wind_year: 2011
  solar_year: 2015
  price_year: 2023
  carbon_year: 2023
storage_values:
  CAES:
    cost: 43.7097
    lifetime: 23.0027
    annual_cost: 1.90019867232977
    efficiency: 0.602941
    discharge_ratio: 0.1
    depth_of_discharge: 0.4
  Li-ion:
    cost: 151.122
    lifetime: 20.1657
    annual_cost: 7.494012109671373
    efficiency: 0.944164
    discharge_ratio: 2
    depth_of_discharge: 0.9
  Pb-acid:
    cost: 236.905
    lifetime: 10.9812
    annual_cost: 21.573689578552436
    efficiency: 0.727094
    discharge_ratio: 5
    depth_of_discharge: 0.5
  VRBF:
    cost: 341.111
    lifetime: 20.073
    annual_cost: 16.993523638718678
    efficiency: 0.660633
    discharge_ratio: 0.5
    depth_of_discharge: 1.0
