cost_values:
  wind_capex: 5000.0
  wind_opex: 100
  wind_lifetime: 20
  solar_capex: 1000.0
  solar_opex: 10
  solar_lifetime: 20
  carbon_price: 1.0
timeseries_values:
  load_level: 247200.15776392038
  wind_year: 2011
  solar_year: 2015
  price_year: 2023
  carbon_year: 2023
storage_values:
  CAES:
    cost: 38.4852
    lifetime: 22.8486
    annual_cost: 1.6843570284393792
    efficiency: 0.604505
    discharge_ratio: 0.1
    depth_of_discharge: 0.4
  Li-ion:
    cost: 182.727
    lifetime: 18.0934
    annual_cost: 10.099096908264892
    efficiency: 0.947195
    discharge_ratio: 2
    depth_of_discharge: 0.9
  Pb-acid:
    cost: 215.598
    lifetime: 10.5959
    annual_cost: 20.347304145943244
    efficiency: 0.71035
    discharge_ratio: 5
    depth_of_discharge: 0.5
  VRBF:
    cost: 303.394
    lifetime: 18.3218
    annual_cost: 16.55918086650875
    efficiency: 0.652655
    discharge_ratio: 0.5
    depth_of_discharge: 1.0
