cost_values:
  wind_capex: 5000.0
  wind_opex: 100
  wind_lifetime: 20
  solar_capex: 1000.0
  solar_opex: 10
  solar_lifetime: 20
  carbon_price: 1.0
timeseries_values:
  load_level: 247200.15776392038
  wind_year: 2011
  solar_year: 2015
  price_year: 2023
  carbon_year: 2023
storage_values:
  CAES:
    cost: 43.2032
    lifetime: 21.8433
    annual_cost: 1.977869644238737
    efficiency: 0.591839
    discharge_ratio: 0.1
    depth_of_discharge: 0.4
  Li-ion:
    cost: 156.036
    lifetime: 18.0711
    annual_cost: 8.634560154058137
    efficiency: 0.93639
    discharge_ratio: 2
    depth_of_discharge: 0.9
  Pb-acid:
    cost: 221.275
    lifetime: 10.5123
    annual_cost: 21.049151945815854
    efficiency: 0.707366
    discharge_ratio: 5
    depth_of_discharge: 0.5
  VRBF:
    cost: 299.041
    lifetime: 21.9007
    annual_cost: 13.65440374051971
    efficiency: 0.674042
    discharge_ratio: 0.5
    depth_of_discharge: 1.0
