cost_values:
  wind_capex: 5000.0
  wind_opex: 100
  wind_lifetime: 20
  solar_capex: 1000.0
  solar_opex: 10
  solar_lifetime: 20
  carbon_price: 1.0
timeseries_values:
  load_level: 247200.15776392038
  wind_year: 2011
  solar_year: 2015
  price_year: 2023
  carbon_year: 2023
storage_values:
  CAES:
    cost: 46.7978
    lifetime: 23.9233
    annual_cost: 1.9561598943289595
    efficiency: 0.599425
    discharge_ratio: 0.1
    depth_of_discharge: 0.4
  Li-ion:
    cost: 149.195
    lifetime: 18.4567
    annual_cost: 8.083514387729116
    efficiency: 0.939265
    discharge_ratio: 2
    depth_of_discharge: 0.9
  Pb-acid:
    cost: 240.679
    lifetime: 9.94067
    annual_cost: 24.21154710899768
    efficiency: 0.715935
    discharge_ratio: 5
    depth_of_discharge: 0.5
  VRBF:
    cost: 297.368
    lifetime: 19.8185
    annual_cost: 15.004566440447057
    efficiency: 0.667701
    discharge_ratio: 0.5
    depth_of_discharge: 1.0
