cost_values:
  wind_capex: 5000.0
  wind_opex: 100
  wind_lifetime: 20
  solar_capex: 1000.0
  solar_opex: 10
  solar_lifetime: 20
  carbon_price: 1.0
timeseries_values:
  load_level: 247200.15776392038
  wind_year: 2011
  solar_year: 2015
  price_year: 2023
  carbon_year: 2023
storage_values:
  CAES:
    cost: 40.6172
    lifetime: 23.2489
    annual_cost: 1.7470590006408904
    efficiency: 0.599486
    discharge_ratio: 0.1
    depth_of_discharge: 0.4
  Li-ion:
    cost: 141.404
    lifetime: 17.3447
    annual_cost: 8.152576867861653
    efficiency: 0.933042
    discharge_ratio: 2
    depth_of_discharge: 0.9
  Pb-acid:
    cost: 218.644
    lifetime: 12.3827
    annual_cost: 17.65721530845454
    efficiency: 0.709992
    discharge_ratio: 5
    depth_of_discharge: 0.5
  VRBF:
    cost: 283.967
    lifetime: 18.2315
    annual_cost: 15.575624605764746
    efficiency: 0.654961
    discharge_ratio: 0.5
    depth_of_discharge: 1.0
