cost_values:
  wind_capex: 5000.0
  wind_opex: 100
  wind_lifetime: 20
  solar_capex: 1000.0
  solar_opex: 10
  solar_lifetime: 20
  carbon_price: 1.0
timeseries_values:
  load_level: 247200.15776392038
  wind_year: 2011
  solar_year: 2015
  price_year: 2023
  carbon_year: 2023
storage_values:
  CAES:
    cost: 40.7834
    lifetime: 23.455
    annual_cost: 1.7387934342357707
    efficiency: 0.592238
    discharge_ratio: 0.1
    depth_of_discharge: 0.4
  Li-ion:
    cost: 168.057
    lifetime: 16.29
    annual_cost: 10.316574585635358
    efficiency: 0.946074
    discharge_ratio: 2
    depth_of_discharge: 0.9
  Pb-acid:
    cost: 213.87
    lifetime: 11.2112
    annual_cost: 19.076459255030684
    efficiency: 0.717973
    discharge_ratio: 5
    depth_of_discharge: 0.5
  VRBF:
    cost: 335.516
    lifetime: 22.1421
    annual_cost: 15.152853613704211
    efficiency: 0.657944
    discharge_ratio: 0.5
    depth_of_discharge: 1.0
