cost_values:
  wind_capex: 5000.0
  wind_opex: 100
  wind_lifetime: 20
  solar_capex: 1000.0
  solar_opex: 10
  solar_lifetime: 20
  carbon_price: 1.0
timeseries_values:
  load_level: 247200.15776392038
  wind_year: 2011
  solar_year: 2015
  price_year: 2023
  carbon_year: 2023
storage_values:
  CAES:
    cost: 51.4213
    lifetime: 22.9026
    annual_cost: 2.245216700287304
    efficiency: 0.589766
    discharge_ratio: 0.1
    depth_of_discharge: 0.4
  Li-ion:
    cost: 159.324
    lifetime: 17.433
    annual_cost: 9.139218723111341
    efficiency: 0.953354
    discharge_ratio: 2
    depth_of_discharge: 0.9
  Pb-acid:
    cost: 211.961
    lifetime: 11.6339
    annual_cost: 18.21925579556297
    efficiency: 0.713968
    discharge_ratio: 5
    depth_of_discharge: 0.5
  VRBF:
    cost: 294.228
    lifetime: 20.1975
    annual_cost: 14.567545488303008
    efficiency: 0.659265
    discharge_ratio: 0.5
    depth_of_discharge: 1.0
