cost_values:
  wind_capex: 5000.0
  wind_opex: 100
  wind_lifetime: 20
  solar_capex: 1000.0
  solar_opex: 10
  solar_lifetime: 20
  carbon_price: 1.0
timeseries_values:
  load_level: 247200.15776392038
  wind_year: 2011
  solar_year: 2015
  price_year: 2023
  carbon_year: 2023
storage_values:
  CAES:
    cost: 47.3737
    lifetime: 22.721
    annual_cost: 2.0850182650411515
    efficiency: 0.601139
    discharge_ratio: 0.1
    depth_of_discharge: 0.4
  Li-ion:
    cost: 140.532
    lifetime: 19.796
    annual_cost: 7.0990099009901
    efficiency: 0.947028
    discharge_ratio: 2
    depth_of_discharge: 0.9
  Pb-acid:
    cost: 240.028
    lifetime: 12.7966
    annual_cost: 18.75716987324758
    efficiency: 0.717384
    discharge_ratio: 5
    depth_of_discharge: 0.5
  VRBF:
    cost: 297.484
    lifetime: 20.1274
    annual_cost: 14.780051074654448
    efficiency: 0.6621
    discharge_ratio: 0.5
    depth_of_discharge: 1.0
