cost_values:
  wind_capex: 5000.0
  wind_opex: 100
  wind_lifetime: 20
  solar_capex: 1000.0
  solar_opex: 10
  solar_lifetime: 20
  carbon_price: 1.0
timeseries_values:
  load_level: 247200.15776392038
  wind_year: 2011
  solar_year: 2015
  price_year: 2023
  carbon_year: 2023
storage_values:
  CAES:
    cost: 47.2556
    lifetime: 22.2853
    annual_cost: 2.120483008979013
    efficiency: 0.597921
    discharge_ratio: 0.1
    depth_of_discharge: 0.4
  Li-ion:
    cost: 146.823
    lifetime: 19.6478
    annual_cost: 7.472745040157168
    efficiency: 0.95253
    discharge_ratio: 2
    depth_of_discharge: 0.9
  Pb-acid:
    cost: 238.544
    lifetime: 11.9893
    annual_cost: 19.896407630136874
    efficiency: 0.70525
    discharge_ratio: 5
    depth_of_discharge: 0.5
  VRBF:
    cost: 277.631
    lifetime: 17.7166
    annual_cost: 15.670670444667712
    efficiency: 0.65049
    discharge_ratio: 0.5
    depth_of_discharge: 1.0
