cost_values:
  wind_capex: 5000.0
  wind_opex: 100
  wind_lifetime: 20
  solar_capex: 1000.0
  solar_opex: 10
  solar_lifetime: 20
  carbon_price: 1.0
timeseries_values:
  load_level: 247200.15776392038
  wind_year: 2011
  solar_year: 2015
  price_year: 2023
  carbon_year: 2023
storage_values:
  CAES:
    cost: 46.2842
    lifetime: 24.129
    annual_cost: 1.9181980189813086
    efficiency: 0.589181
    discharge_ratio: 0.1
    depth_of_discharge: 0.4
  Li-ion:
    cost: 152.992
    lifetime: 17.4873
    annual_cost: 8.748749092198338
    efficiency: 0.947179
    discharge_ratio: 2
    depth_of_discharge: 0.9
  Pb-acid:
    cost: 202.206
    lifetime: 10.0403
    annual_cost: 20.139438064599663
    efficiency: 0.723235
    discharge_ratio: 5
    depth_of_discharge: 0.5
  VRBF:
    cost: 299.127
    lifetime: 20.8252
    annual_cost: 14.36370358988149
    efficiency: 0.654048
    discharge_ratio: 0.5
    depth_of_discharge: 1.0
