cost_values:
  wind_capex: 5000.0
  wind_opex: 100
  wind_lifetime: 20
  solar_capex: 1000.0
  solar_opex: 10
  solar_lifetime: 20
  carbon_price: 1.0
timeseries_values:
  load_level: 247200.15776392038
  wind_year: 2011
  solar_year: 2015
  price_year: 2023
  carbon_year: 2023
storage_values:
  CAES:
    cost: 43.556
    lifetime: 23.9605
    annual_cost: 1.817825170593268
    efficiency: 0.594233
    discharge_ratio: 0.1
    depth_of_discharge: 0.4
  Li-ion:
    cost: 144.545
    lifetime: 15.1759
    annual_cost: 9.524641042705868
    efficiency: 0.94264
    discharge_ratio: 2
    depth_of_discharge: 0.9
  Pb-acid:
    cost: 208.626
    lifetime: 10.8994
    annual_cost: 19.14105363597996
    efficiency: 0.711235
    discharge_ratio: 5
    depth_of_discharge: 0.5
  VRBF:
    cost: 305.739
    lifetime: 19.0261
    annual_cost: 16.0694519633556
    efficiency: 0.659983
    discharge_ratio: 0.5
    depth_of_discharge: 1.0
