cost_values:
  wind_capex: 5000.0
  wind_opex: 100
  wind_lifetime: 20
  solar_capex: 1000.0
  solar_opex: 10
  solar_lifetime: 20
  carbon_price: 1.0
timeseries_values:
  load_level: 247200.15776392038
  wind_year: 2011
  solar_year: 2015
  price_year: 2023
  carbon_year: 2023
storage_values:
  CAES:
    cost: 46.1701
    lifetime: 22.3117
    annual_cost: 2.06932237346325
    efficiency: 0.592852
    discharge_ratio: 0.1
    depth_of_discharge: 0.4
  Li-ion:
    cost: 139.192
    lifetime: 16.9121
    annual_cost: 8.230320303214858
    efficiency: 0.947199
    discharge_ratio: 2
    depth_of_discharge: 0.9
  Pb-acid:
    cost: 234.423
    lifetime: 11.2931
    annual_cost: 20.758073513915576
    efficiency: 0.716354
    discharge_ratio: 5
    depth_of_discharge: 0.5
  VRBF:
    cost: 275.489
    lifetime: 23.1021
    annual_cost: 11.924846658961739
    efficiency: 0.674024
    discharge_ratio: 0.5
    depth_of_discharge: 1.0
