cost_values:
  wind_capex: 5000.0
  wind_opex: 100
  wind_lifetime: 20
  solar_capex: 1000.0
  solar_opex: 10
  solar_lifetime: 20
  carbon_price: 1.0
timeseries_values:
  load_level: 247200.15776392038
  wind_year: 2011
  solar_year: 2015
  price_year: 2023
  carbon_year: 2023
storage_values:
  CAES:
    cost: 47.598
    lifetime: 22.9235
    annual_cost: 2.076384496259297
    efficiency: 0.601361
    discharge_ratio: 0.1
    depth_of_discharge: 0.4
  Li-ion:
    cost: 131.421
    lifetime: 16.108
    annual_cost: 8.158740998261733
    efficiency: 0.956575
    discharge_ratio: 2
    depth_of_discharge: 0.9
  Pb-acid:
    cost: 220.009
    lifetime: 9.33814
    annual_cost: 23.560259323591207
    efficiency: 0.70428
    discharge_ratio: 5
    depth_of_discharge: 0.5
  VRBF:
    cost: 290.323
    lifetime: 23.4866
    annual_cost: 12.361218737492868
    efficiency: 0.66475
    discharge_ratio: 0.5
    depth_of_discharge: 1.0
