cost_values:
  wind_capex: 5000.0
  wind_opex: 100
  wind_lifetime: 20
  solar_capex: 1000.0
  solar_opex: 10
  solar_lifetime: 20
  carbon_price: 1.0
timeseries_values:
  load_level: 247200.15776392038
  wind_year: 2011
  solar_year: 2015
  price_year: 2023
  carbon_year: 2023
storage_values:
  CAES:
    cost: 45.3952
    lifetime: 23.2542
    annual_cost: 1.9521290777579965
    efficiency: 0.589392
    discharge_ratio: 0.1
    depth_of_discharge: 0.4
  Li-ion:
    cost: 158.308
    lifetime: 16.0992
    annual_cost: 9.833283641423176
    efficiency: 0.963184
    discharge_ratio: 2
    depth_of_discharge: 0.9
  Pb-acid:
    cost: 200.971
    lifetime: 11.3612
    annual_cost: 17.68924057317889
    efficiency: 0.725422
    discharge_ratio: 5
    depth_of_discharge: 0.5
  VRBF:
    cost: 284.711
    lifetime: 21.7774
    annual_cost: 13.07369107423292
    efficiency: 0.660782
    discharge_ratio: 0.5
    depth_of_discharge: 1.0
