cost_values:
  wind_capex: 5000.0
  wind_opex: 100
  wind_lifetime: 20
  solar_capex: 1000.0
  solar_opex: 10
  solar_lifetime: 20
  carbon_price: 1.0
timeseries_values:
  load_level: 247200.15776392038
  wind_year: 2011
  solar_year: 2015
  price_year: 2023
  carbon_year: 2023
storage_values:
  CAES:
    cost: 48.5476
    lifetime: 23.2391
    annual_cost: 2.0890481989405787
    efficiency: 0.59976
    discharge_ratio: 0.1
    depth_of_discharge: 0.4
  Li-ion:
    cost: 153.231
    lifetime: 18.9533
    annual_cost: 8.084660718713891
    efficiency: 0.953074
    discharge_ratio: 2
    depth_of_discharge: 0.9
  Pb-acid:
    cost: 212.353
    lifetime: 10.4359
    annual_cost: 20.348316867735413
    efficiency: 0.710082
    discharge_ratio: 5
    depth_of_discharge: 0.5
  VRBF:
    cost: 274.936
    lifetime: 20.2909
    annual_cost: 13.549719332311527
    efficiency: 0.661653
    discharge_ratio: 0.5
    depth_of_discharge: 1.0
