cost_values:
  wind_capex: 5000.0
  wind_opex: 100
  wind_lifetime: 20
  solar_capex: 1000.0
  solar_opex: 10
  solar_lifetime: 20
  carbon_price: 1.0
timeseries_values:
  load_level: 247200.15776392038
  wind_year: 2011
  solar_year: 2015
  price_year: 2023
  carbon_year: 2023
storage_values:
  CAES:
    cost: 45.1426
    lifetime: 23.9012
    annual_cost: 1.888716884507891
    efficiency: 0.596665
    discharge_ratio: 0.1
    depth_of_discharge: 0.4
  Li-ion:
    cost: 153.764
    lifetime: 17.6475
    annual_cost: 8.713075506445673
    efficiency: 0.969145
    discharge_ratio: 2
    depth_of_discharge: 0.9
  Pb-acid:
    cost: 212.42
    lifetime: 11.5008
    annual_cost: 18.470019476905954
    efficiency: 0.712604
    discharge_ratio: 5
    depth_of_discharge: 0.5
  VRBF:
    cost: 280.198
    lifetime: 19.5923
    annual_cost: 14.301434747324201
    efficiency: 0.667965
    discharge_ratio: 0.5
    depth_of_discharge: 1.0
