cost_values:
  wind_capex: 5000.0
  wind_opex: 100
  wind_lifetime: 20
  solar_capex: 1000.0
  solar_opex: 10
  solar_lifetime: 20
  carbon_price: 1.0
timeseries_values:
  load_level: 247200.15776392038
  wind_year: 2011
  solar_year: 2015
  price_year: 2023
  carbon_year: 2023
storage_values:
  CAES:
    cost: 41.9452
    lifetime: 23.0312
    annual_cost: 1.8212338045781375
    efficiency: 0.600026
    discharge_ratio: 0.1
    depth_of_discharge: 0.4
  Li-ion:
    cost: 171.88
    lifetime: 17.5585
    annual_cost: 9.788991086937951
    efficiency: 0.956397
    discharge_ratio: 2
    depth_of_discharge: 0.9
  Pb-acid:
    cost: 222.507
    lifetime: 10.5681
    annual_cost: 21.054588809719817
    efficiency: 0.700396
    discharge_ratio: 5
    depth_of_discharge: 0.5
  VRBF:
    cost: 263.258
    lifetime: 22.3362
    annual_cost: 11.786158791558098
    efficiency: 0.652139
    discharge_ratio: 0.5
    depth_of_discharge: 1.0
