cost_values:
  wind_capex: 5000.0
  wind_opex: 100
  wind_lifetime: 20
  solar_capex: 1000.0
  solar_opex: 10
  solar_lifetime: 20
  carbon_price: 1.0
timeseries_values:
  load_level: 247200.15776392038
  wind_year: 2011
  solar_year: 2015
  price_year: 2023
  carbon_year: 2023
storage_values:
  CAES:
    cost: 49.4166
    lifetime: 23.4618
    annual_cost: 2.106257831879907
    efficiency: 0.602559
    discharge_ratio: 0.1
    depth_of_discharge: 0.4
  Li-ion:
    cost: 138.802
    lifetime: 18.4383
    annual_cost: 7.527917432735121
    efficiency: 0.955752
    discharge_ratio: 2
    depth_of_discharge: 0.9
  Pb-acid:
    cost: 201.989
    lifetime: 10.7745
    annual_cost: 18.746948814330132
    efficiency: 0.726581
    discharge_ratio: 5
    depth_of_discharge: 0.5
  VRBF:
    cost: 283.596
    lifetime: 18.4191
    annual_cost: 15.396843493981791
    efficiency: 0.651865
    discharge_ratio: 0.5
    depth_of_discharge: 1.0
