cost_values:
  wind_capex: 5000.0
  wind_opex: 100
  wind_lifetime: 20
  solar_capex: 1000.0
  solar_opex: 10
  solar_lifetime: 20
  carbon_price: 1.0
timeseries_values:
  load_level: 247200.15776392038
  wind_year: 2011
  solar_year: 2015
  price_year: 2023
  carbon_year: 2023
storage_values:
  CAES:
    cost: 48.3093
    lifetime: 24.5313
    annual_cost: 1.9692922918883222
    efficiency: 0.596411
    discharge_ratio: 0.1
    depth_of_discharge: 0.4
  Li-ion:
    cost: 163.467
    lifetime: 18.1857
    annual_cost: 8.988765898480676
    efficiency: 0.944375
    discharge_ratio: 2
    depth_of_discharge: 0.9
  Pb-acid:
    cost: 240.612
    lifetime: 11.601
    annual_cost: 20.740625808119987
    efficiency: 0.72045
    discharge_ratio: 5
    depth_of_discharge: 0.5
  VRBF:
    cost: 299.227
    lifetime: 19.6858
    annual_cost: 15.200144266425545
    efficiency: 0.658088
    discharge_ratio: 0.5
    depth_of_discharge: 1.0
