cost_values:
  wind_capex: 5000.0
  wind_opex: 100
  wind_lifetime: 20
  solar_capex: 1000.0
  solar_opex: 10
  solar_lifetime: 20
  carbon_price: 1.0
timeseries_values:
  load_level: 247200.15776392038
  wind_year: 2011
  solar_year: 2015
  price_year: 2023
  carbon_year: 2023
storage_values:
  CAES:
    cost: 45.1075
    lifetime: 23.1775
    annual_cost: 1.9461762485168808
    efficiency: 0.598295
    discharge_ratio: 0.1
    depth_of_discharge: 0.4
  Li-ion:
    cost: 166.163
    lifetime: 18.077
    annual_cost: 9.191956629971788
    efficiency: 0.945024
    discharge_ratio: 2
    depth_of_discharge: 0.9
  Pb-acid:
    cost: 212.954
    lifetime: 12.5094
    annual_cost: 17.0235183142277
    efficiency: 0.707331
    discharge_ratio: 5
    depth_of_discharge: 0.5
  VRBF:
    cost: 279.215
    lifetime: 20.5143
    annual_cost: 13.610749574686926
    efficiency: 0.65362
    discharge_ratio: 0.5
    depth_of_discharge: 1.0
