cost_values:
  wind_capex: 5000.0
  wind_opex: 100
  wind_lifetime: 20
  solar_capex: 1000.0
  solar_opex: 10
  solar_lifetime: 20
  carbon_price: 1.0
timeseries_values:
  load_level: 247200.15776392038
  wind_year: 2011
  solar_year: 2015
  price_year: 2023
  carbon_year: 2023
storage_values:
  CAES:
    cost: 43.4932
    lifetime: 23.2694
    annual_cost: 1.8691156626298917
    efficiency: 0.59348
    discharge_ratio: 0.1
    depth_of_discharge: 0.4
  Li-ion:
    cost: 167.8
    lifetime: 19.2129
    annual_cost: 8.733715368320244
    efficiency: 0.942296
    discharge_ratio: 2
    depth_of_discharge: 0.9
  Pb-acid:
    cost: 219.258
    lifetime: 12.4923
    annual_cost: 17.551451694243653
    efficiency: 0.71984
    discharge_ratio: 5
    depth_of_discharge: 0.5
  VRBF:
    cost: 312.864
    lifetime: 20.5817
    annual_cost: 15.201076684627603
    efficiency: 0.657999
    discharge_ratio: 0.5
    depth_of_discharge: 1.0
