cost_values:
  wind_capex: 5000.0
  wind_opex: 100
  wind_lifetime: 20
  solar_capex: 1000.0
  solar_opex: 10
  solar_lifetime: 20
  carbon_price: 1.0
timeseries_values:
  load_level: 247200.15776392038
  wind_year: 2011
  solar_year: 2015
  price_year: 2023
  carbon_year: 2023
storage_values:
  CAES:
    cost: 42.034
    lifetime: 22.9081
    annual_cost: 1.8348968268865598
    efficiency: 0.594492
    discharge_ratio: 0.1
    depth_of_discharge: 0.4
  Li-ion:
    cost: 156.751
    lifetime: 18.8339
    annual_cost: 8.32281152602488
    efficiency: 0.942601
    discharge_ratio: 2
    depth_of_discharge: 0.9
  Pb-acid:
    cost: 234.346
    lifetime: 11.9563
    annual_cost: 19.600210767545143
    efficiency: 0.720015
    discharge_ratio: 5
    depth_of_discharge: 0.5
  VRBF:
    cost: 301.909
    lifetime: 20.7028
    annual_cost: 14.583003265258805
    efficiency: 0.660784
    discharge_ratio: 0.5
    depth_of_discharge: 1.0
