cost_values:
  wind_capex: 5000.0
  wind_opex: 100
  wind_lifetime: 20
  solar_capex: 1000.0
  solar_opex: 10
  solar_lifetime: 20
  carbon_price: 1.0
timeseries_values:
  load_level: 246758.46858872188
  wind_year: 2012
  solar_year: 2013
  price_year: 2023
  carbon_year: 2023
storage_values:
  CAES:
    cost: 58.6971
    lifetime: 20.3276
    annual_cost: 2.887556819299868
    efficiency: 0.571899
    discharge_ratio: 0.1
    depth_of_discharge: 0.4
  Li-ion:
    cost: 156.826
    lifetime: 20.1079
    annual_cost: 7.799223190885174
    efficiency: 0.948674
    discharge_ratio: 2
    depth_of_discharge: 0.9
  Pb-acid:
    cost: 175.982
    lifetime: 11.7882
    annual_cost: 14.928657471030352
    efficiency: 0.730277
    discharge_ratio: 5
    depth_of_discharge: 0.5
  VRBF:
    cost: 368.008
    lifetime: 22.9327
    annual_cost: 16.047303631931694
    efficiency: 0.749674
    discharge_ratio: 0.5
    depth_of_discharge: 1.0
