cost_values:
  wind_capex: 5000.0
  wind_opex: 100
  wind_lifetime: 20
  solar_capex: 1000.0
  solar_opex: 10
  solar_lifetime: 20
  carbon_price: 1.0
timeseries_values:
  load_level: 246758.46858872188
  wind_year: 2012
  solar_year: 2013
  price_year: 2023
  carbon_year: 2023
storage_values:
  CAES:
    cost: 56.9448
    lifetime: 20.2216
    annual_cost: 2.8160382956838235
    efficiency: 0.566114
    discharge_ratio: 0.1
    depth_of_discharge: 0.4
  Li-ion:
    cost: 160.993
    lifetime: 19.7632
    annual_cost: 8.146099821891191
    efficiency: 0.934738
    discharge_ratio: 2
    depth_of_discharge: 0.9
  Pb-acid:
    cost: 186.761
    lifetime: 11.3951
    annual_cost: 16.389588507340875
    efficiency: 0.700419
    discharge_ratio: 5
    depth_of_discharge: 0.5
  VRBF:
    cost: 390.464
    lifetime: 22.1495
    annual_cost: 17.628569493668028
    efficiency: 0.737503
    discharge_ratio: 0.5
    depth_of_discharge: 1.0
