cost_values:
  wind_capex: 5000.0
  wind_opex: 100
  wind_lifetime: 20
  solar_capex: 1000.0
  solar_opex: 10
  solar_lifetime: 20
  carbon_price: 1.0
timeseries_values:
  load_level: 246758.46858872188
  wind_year: 2012
  solar_year: 2013
  price_year: 2023
  carbon_year: 2023
storage_values:
  CAES:
    cost: 61.4351
    lifetime: 20.1316
    annual_cost: 3.0516749786405453
    efficiency: 0.554077
    discharge_ratio: 0.1
    depth_of_discharge: 0.4
  Li-ion:
    cost: 162.421
    lifetime: 18.1718
    annual_cost: 8.93807988201499
    efficiency: 0.938624
    discharge_ratio: 2
    depth_of_discharge: 0.9
  Pb-acid:
    cost: 180.372
    lifetime: 12.3951
    annual_cost: 14.551879371687201
    efficiency: 0.702248
    discharge_ratio: 5
    depth_of_discharge: 0.5
  VRBF:
    cost: 385.16
    lifetime: 17.7269
    annual_cost: 21.727431192143015
    efficiency: 0.739773
    discharge_ratio: 0.5
    depth_of_discharge: 1.0
