cost_values:
  wind_capex: 5000.0
  wind_opex: 100
  wind_lifetime: 20
  solar_capex: 1000.0
  solar_opex: 10
  solar_lifetime: 20
  carbon_price: 1.0
timeseries_values:
  load_level: 246758.46858872188
  wind_year: 2012
  solar_year: 2013
  price_year: 2023
  carbon_year: 2023
storage_values:
  CAES:
    cost: 57.8843
    lifetime: 20.1663
    annual_cost: 2.8703480559150663
    efficiency: 0.565161
    discharge_ratio: 0.1
    depth_of_discharge: 0.4
  Li-ion:
    cost: 155.144
    lifetime: 18.5963
    annual_cost: 8.342734845103596
    efficiency: 0.961871
    discharge_ratio: 2
    depth_of_discharge: 0.9
  Pb-acid:
    cost: 166.608
    lifetime: 12.6296
    annual_cost: 13.19186672578704
    efficiency: 0.725861
    discharge_ratio: 5
    depth_of_discharge: 0.5
  VRBF:
    cost: 341.587
    lifetime: 20.305
    annual_cost: 16.82280226545186
    efficiency: 0.730849
    discharge_ratio: 0.5
    depth_of_discharge: 1.0
