cost_values:
  wind_capex: 5000.0
  wind_opex: 100
  wind_lifetime: 20
  solar_capex: 1000.0
  solar_opex: 10
  solar_lifetime: 20
  carbon_price: 1.0
timeseries_values:
  load_level: 246758.46858872188
  wind_year: 2012
  solar_year: 2013
  price_year: 2023
  carbon_year: 2023
storage_values:
  CAES:
    cost: 57.6207
    lifetime: 20.0726
    annual_cost: 2.8706146687524283
    efficiency: 0.558039
    discharge_ratio: 0.1
    depth_of_discharge: 0.4
  Li-ion:
    cost: 134.542
    lifetime: 18.7411
    annual_cost: 7.1789809562939215
    efficiency: 0.941919
    discharge_ratio: 2
    depth_of_discharge: 0.9
  Pb-acid:
    cost: 190.693
    lifetime: 11.2677
    annual_cost: 16.923862012655647
    efficiency: 0.729757
    discharge_ratio: 5
    depth_of_discharge: 0.5
  VRBF:
    cost: 359.844
    lifetime: 21.4185
    annual_cost: 16.800616289656137
    efficiency: 0.752382
    discharge_ratio: 0.5
    depth_of_discharge: 1.0
