cost_values:
  wind_capex: 5000.0
  wind_opex: 100
  wind_lifetime: 20
  solar_capex: 1000.0
  solar_opex: 10
  solar_lifetime: 20
  carbon_price: 1.0
timeseries_values:
  load_level: 246758.46858872188
  wind_year: 2012
  solar_year: 2013
  price_year: 2023
  carbon_year: 2023
storage_values:
  CAES:
    cost: 56.6231
    lifetime: 20.3479
    annual_cost: 2.7827490797576164
    efficiency: 0.567179
    discharge_ratio: 0.1
    depth_of_discharge: 0.4
  Li-ion:
    cost: 130.805
    lifetime: 18.4149
    annual_cost: 7.103215331063433
    efficiency: 0.94381
    discharge_ratio: 2
    depth_of_discharge: 0.9
  Pb-acid:
    cost: 170.657
    lifetime: 12.0361
    annual_cost: 14.178762223643872
    efficiency: 0.71443
    discharge_ratio: 5
    depth_of_discharge: 0.5
  VRBF:
    cost: 386.113
    lifetime: 20.9092
    annual_cost: 18.46617756776921
    efficiency: 0.718718
    discharge_ratio: 0.5
    depth_of_discharge: 1.0
