cost_values:
  wind_capex: 5000.0
  wind_opex: 100
  wind_lifetime: 20
  solar_capex: 1000.0
  solar_opex: 10
  solar_lifetime: 20
  carbon_price: 1.0
timeseries_values:
  load_level: 246758.46858872188
  wind_year: 2012
  solar_year: 2013
  price_year: 2023
  carbon_year: 2023
storage_values:
  CAES:
    cost: 62.3559
    lifetime: 20.5431
    annual_cost: 3.0353695401375647
    efficiency: 0.565322
    discharge_ratio: 0.1
    depth_of_discharge: 0.4
  Li-ion:
    cost: 151.953
    lifetime: 21.546
    annual_cost: 7.052492341966026
    efficiency: 0.95347
    discharge_ratio: 2
    depth_of_discharge: 0.9
  Pb-acid:
    cost: 172.141
    lifetime: 11.7977
    annual_cost: 14.591064360002372
    efficiency: 0.717801
    discharge_ratio: 5
    depth_of_discharge: 0.5
  VRBF:
    cost: 364.984
    lifetime: 20.634
    annual_cost: 17.68847533197635
    efficiency: 0.729291
    discharge_ratio: 0.5
    depth_of_discharge: 1.0
