cost_values:
  wind_capex: 5000.0
  wind_opex: 100
  wind_lifetime: 20
  solar_capex: 1000.0
  solar_opex: 10
  solar_lifetime: 20
  carbon_price: 1.0
timeseries_values:
  load_level: 246758.46858872188
  wind_year: 2012
  solar_year: 2013
  price_year: 2023
  carbon_year: 2023
storage_values:
  CAES:
    cost: 59.2366
    lifetime: 20.3068
    annual_cost: 2.9170819626923006
    efficiency: 0.561083
    discharge_ratio: 0.1
    depth_of_discharge: 0.4
  Li-ion:
    cost: 169.018
    lifetime: 20.3702
    annual_cost: 8.297316668466681
    efficiency: 0.953503
    discharge_ratio: 2
    depth_of_discharge: 0.9
  Pb-acid:
    cost: 164.8
    lifetime: 15.0653
    annual_cost: 10.939045355884051
    efficiency: 0.721299
    discharge_ratio: 5
    depth_of_discharge: 0.5
  VRBF:
    cost: 393.935
    lifetime: 20.9331
    annual_cost: 18.818760718670433
    efficiency: 0.739321
    discharge_ratio: 0.5
    depth_of_discharge: 1.0
