cost_values:
  wind_capex: 5000.0
  wind_opex: 100
  wind_lifetime: 20
  solar_capex: 1000.0
  solar_opex: 10
  solar_lifetime: 20
  carbon_price: 1.0
timeseries_values:
  load_level: 246758.46858872188
  wind_year: 2012
  solar_year: 2013
  price_year: 2023
  carbon_year: 2023
storage_values:
  CAES:
    cost: 61.4514
    lifetime: 20.0665
    annual_cost: 3.062387561358483
    efficiency: 0.564906
    discharge_ratio: 0.1
    depth_of_discharge: 0.4
  Li-ion:
    cost: 149.967
    lifetime: 19.0828
    annual_cost: 7.858752384346114
    efficiency: 0.936881
    discharge_ratio: 2
    depth_of_discharge: 0.9
  Pb-acid:
    cost: 189.377
    lifetime: 12.2741
    annual_cost: 15.428992757106426
    efficiency: 0.72609
    discharge_ratio: 5
    depth_of_discharge: 0.5
  VRBF:
    cost: 370.342
    lifetime: 19.9088
    annual_cost: 18.601924776983044
    efficiency: 0.722942
    discharge_ratio: 0.5
    depth_of_discharge: 1.0
