cost_values:
  wind_capex: 5000.0
  wind_opex: 100
  wind_lifetime: 20
  solar_capex: 1000.0
  solar_opex: 10
  solar_lifetime: 20
  carbon_price: 1.0
timeseries_values:
  load_level: 246758.46858872188
  wind_year: 2012
  solar_year: 2013
  price_year: 2023
  carbon_year: 2023
storage_values:
  CAES:
    cost: 57.9387
    lifetime: 20.7483
    annual_cost: 2.792455285493269
    efficiency: 0.565597
    discharge_ratio: 0.1
    depth_of_discharge: 0.4
  Li-ion:
    cost: 153.869
    lifetime: 21.6644
    annual_cost: 7.1023891730211774
    efficiency: 0.933878
    discharge_ratio: 2
    depth_of_discharge: 0.9
  Pb-acid:
    cost: 182.742
    lifetime: 12.2577
    annual_cost: 14.908343327051567
    efficiency: 0.716347
    discharge_ratio: 5
    depth_of_discharge: 0.5
  VRBF:
    cost: 390.963
    lifetime: 20.9107
    annual_cost: 18.6967915947338
    efficiency: 0.742702
    discharge_ratio: 0.5
    depth_of_discharge: 1.0
