cost_values:
  wind_capex: 5000.0
  wind_opex: 100
  wind_lifetime: 20
  solar_capex: 1000.0
  solar_opex: 10
  solar_lifetime: 20
  carbon_price: 1.0
timeseries_values:
  load_level: 246758.46858872188
  wind_year: 2012
  solar_year: 2013
  price_year: 2023
  carbon_year: 2023
storage_values:
  CAES:
    cost: 61.2089
    lifetime: 20.0211
    annual_cost: 3.0572196332868824
    efficiency: 0.562235
    discharge_ratio: 0.1
    depth_of_discharge: 0.4
  Li-ion:
    cost: 162.384
    lifetime: 20.1464
    annual_cost: 8.060199340825159
    efficiency: 0.948993
    discharge_ratio: 2
    depth_of_discharge: 0.9
  Pb-acid:
    cost: 182.565
    lifetime: 10.5976
    annual_cost: 17.227013663470974
    efficiency: 0.728642
    discharge_ratio: 5
    depth_of_discharge: 0.5
  VRBF:
    cost: 393.417
    lifetime: 19.6082
    annual_cost: 20.063901836986567
    efficiency: 0.726704
    discharge_ratio: 0.5
    depth_of_discharge: 1.0
