cost_values:
  wind_capex: 5000.0
  wind_opex: 100
  wind_lifetime: 20
  solar_capex: 1000.0
  solar_opex: 10
  solar_lifetime: 20
  carbon_price: 1.0
timeseries_values:
  load_level: 246758.46858872188
  wind_year: 2012
  solar_year: 2013
  price_year: 2023
  carbon_year: 2023
storage_values:
  CAES:
    cost: 57.4224
    lifetime: 20.0918
    annual_cost: 2.85800177186713
    efficiency: 0.559693
    discharge_ratio: 0.1
    depth_of_discharge: 0.4
  Li-ion:
    cost: 172.597
    lifetime: 18.5898
    annual_cost: 9.284500102206586
    efficiency: 0.944872
    discharge_ratio: 2
    depth_of_discharge: 0.9
  Pb-acid:
    cost: 172.406
    lifetime: 12.0302
    annual_cost: 14.331100064836827
    efficiency: 0.717457
    discharge_ratio: 5
    depth_of_discharge: 0.5
  VRBF:
    cost: 380.802
    lifetime: 19.6776
    annual_cost: 19.352055128674227
    efficiency: 0.736114
    discharge_ratio: 0.5
    depth_of_discharge: 1.0
