cost_values:
  wind_capex: 5000.0
  wind_opex: 100
  wind_lifetime: 20
  solar_capex: 1000.0
  solar_opex: 10
  solar_lifetime: 20
  carbon_price: 1.0
timeseries_values:
  load_level: 246758.46858872188
  wind_year: 2012
  solar_year: 2013
  price_year: 2023
  carbon_year: 2023
storage_values:
  CAES:
    cost: 62.1847
    lifetime: 20.809
    annual_cost: 2.988355999807775
    efficiency: 0.568912
    discharge_ratio: 0.1
    depth_of_discharge: 0.4
  Li-ion:
    cost: 142.174
    lifetime: 20.2434
    annual_cost: 7.023227323473329
    efficiency: 0.939411
    discharge_ratio: 2
    depth_of_discharge: 0.9
  Pb-acid:
    cost: 172.51
    lifetime: 11.2023
    annual_cost: 15.399516170786356
    efficiency: 0.711353
    discharge_ratio: 5
    depth_of_discharge: 0.5
  VRBF:
    cost: 359.055
    lifetime: 21.1092
    annual_cost: 17.009408220112558
    efficiency: 0.719631
    discharge_ratio: 0.5
    depth_of_discharge: 1.0
