cost_values:
  wind_capex: 5000.0
  wind_opex: 100
  wind_lifetime: 20
  solar_capex: 1000.0
  solar_opex: 10
  solar_lifetime: 20
  carbon_price: 1.0
timeseries_values:
  load_level: 246758.46858872188
  wind_year: 2012
  solar_year: 2013
  price_year: 2023
  carbon_year: 2023
storage_values:
  CAES:
    cost: 61.9009
    lifetime: 20.037
    annual_cost: 3.0893297399810353
    efficiency: 0.556408
    discharge_ratio: 0.1
    depth_of_discharge: 0.4
  Li-ion:
    cost: 160.769
    lifetime: 18.8257
    annual_cost: 8.539868371428419
    efficiency: 0.947409
    discharge_ratio: 2
    depth_of_discharge: 0.9
  Pb-acid:
    cost: 183.953
    lifetime: 10.94
    annual_cost: 16.814716636197442
    efficiency: 0.741784
    discharge_ratio: 5
    depth_of_discharge: 0.5
  VRBF:
    cost: 381.797
    lifetime: 19.265
    annual_cost: 19.81816766156242
    efficiency: 0.747443
    discharge_ratio: 0.5
    depth_of_discharge: 1.0
