cost_values:
  wind_capex: 5000.0
  wind_opex: 100
  wind_lifetime: 20
  solar_capex: 1000.0
  solar_opex: 10
  solar_lifetime: 20
  carbon_price: 1.0
timeseries_values:
  load_level: 246758.46858872188
  wind_year: 2012
  solar_year: 2013
  price_year: 2023
  carbon_year: 2023
storage_values:
  CAES:
    cost: 54.8248
    lifetime: 20.9326
    annual_cost: 2.6191108605715487
    efficiency: 0.560987
    discharge_ratio: 0.1
    depth_of_discharge: 0.4
  Li-ion:
    cost: 129.957
    lifetime: 19.7313
    annual_cost: 6.586337443554149
    efficiency: 0.936902
    discharge_ratio: 2
    depth_of_discharge: 0.9
  Pb-acid:
    cost: 193.731
    lifetime: 10.7712
    annual_cost: 17.98601827094474
    efficiency: 0.736658
    discharge_ratio: 5
    depth_of_discharge: 0.5
  VRBF:
    cost: 389.115
    lifetime: 21.2739
    annual_cost: 18.290722434532455
    efficiency: 0.743162
    discharge_ratio: 0.5
    depth_of_discharge: 1.0
