cost_values:
  wind_capex: 5000.0
  wind_opex: 100
  wind_lifetime: 20
  solar_capex: 1000.0
  solar_opex: 10
  solar_lifetime: 20
  carbon_price: 1.0
timeseries_values:
  load_level: 246758.46858872188
  wind_year: 2012
  solar_year: 2013
  price_year: 2023
  carbon_year: 2023
storage_values:
  CAES:
    cost: 60.2736
    lifetime: 20.129
    annual_cost: 2.9943663371255402
    efficiency: 0.574541
    discharge_ratio: 0.1
    depth_of_discharge: 0.4
  Li-ion:
    cost: 149.76
    lifetime: 20.9457
    annual_cost: 7.1499162119193915
    efficiency: 0.944512
    discharge_ratio: 2
    depth_of_discharge: 0.9
  Pb-acid:
    cost: 166.283
    lifetime: 12.4332
    annual_cost: 13.374111250522793
    efficiency: 0.715573
    discharge_ratio: 5
    depth_of_discharge: 0.5
  VRBF:
    cost: 390.149
    lifetime: 19.277
    annual_cost: 20.23909321989936
    efficiency: 0.748444
    discharge_ratio: 0.5
    depth_of_discharge: 1.0
