cost_values:
  wind_capex: 5000.0
  wind_opex: 100
  wind_lifetime: 20
  solar_capex: 1000.0
  solar_opex: 10
  solar_lifetime: 20
  carbon_price: 1.0
timeseries_values:
  load_level: 246758.46858872188
  wind_year: 2012
  solar_year: 2013
  price_year: 2023
  carbon_year: 2023
storage_values:
  CAES:
    cost: 64.8126
    lifetime: 20.2884
    annual_cost: 3.194564381617082
    efficiency: 0.574578
    discharge_ratio: 0.1
    depth_of_discharge: 0.4
  Li-ion:
    cost: 183.271
    lifetime: 17.5116
    annual_cost: 10.465691313186687
    efficiency: 0.940607
    discharge_ratio: 2
    depth_of_discharge: 0.9
  Pb-acid:
    cost: 188.991
    lifetime: 12.4767
    annual_cost: 15.147514967900168
    efficiency: 0.708586
    discharge_ratio: 5
    depth_of_discharge: 0.5
  VRBF:
    cost: 380.309
    lifetime: 19.8597
    annual_cost: 19.149785747015315
    efficiency: 0.75994
    discharge_ratio: 0.5
    depth_of_discharge: 1.0
