cost_values:
  wind_capex: 5000.0
  wind_opex: 100
  wind_lifetime: 20
  solar_capex: 1000.0
  solar_opex: 10
  solar_lifetime: 20
  carbon_price: 1.0
timeseries_values:
  load_level: 246758.46858872188
  wind_year: 2012
  solar_year: 2013
  price_year: 2023
  carbon_year: 2023
storage_values:
  CAES:
    cost: 53.2411
    lifetime: 20.0194
    annual_cost: 2.6594753089503183
    efficiency: 0.566319
    discharge_ratio: 0.1
    depth_of_discharge: 0.4
  Li-ion:
    cost: 143.592
    lifetime: 19.4038
    annual_cost: 7.400199960832415
    efficiency: 0.940209
    discharge_ratio: 2
    depth_of_discharge: 0.9
  Pb-acid:
    cost: 192.778
    lifetime: 13.9645
    annual_cost: 13.80486232947832
    efficiency: 0.727726
    discharge_ratio: 5
    depth_of_discharge: 0.5
  VRBF:
    cost: 398.843
    lifetime: 18.4615
    annual_cost: 21.604040841751754
    efficiency: 0.734486
    discharge_ratio: 0.5
    depth_of_discharge: 1.0
