cost_values:
  wind_capex: 5000.0
  wind_opex: 100
  wind_lifetime: 20
  solar_capex: 1000.0
  solar_opex: 10
  solar_lifetime: 20
  carbon_price: 1.0
timeseries_values:
  load_level: 246758.46858872188
  wind_year: 2012
  solar_year: 2013
  price_year: 2023
  carbon_year: 2023
storage_values:
  CAES:
    cost: 63.8599
    lifetime: 20.0449
    annual_cost: 3.1858427829522724
    efficiency: 0.568275
    discharge_ratio: 0.1
    depth_of_discharge: 0.4
  Li-ion:
    cost: 145.794
    lifetime: 21.4238
    annual_cost: 6.805235299059925
    efficiency: 0.944385
    discharge_ratio: 2
    depth_of_discharge: 0.9
  Pb-acid:
    cost: 186.251
    lifetime: 11.2323
    annual_cost: 16.581733037757182
    efficiency: 0.708891
    discharge_ratio: 5
    depth_of_discharge: 0.5
  VRBF:
    cost: 367.045
    lifetime: 21.2218
    annual_cost: 17.29565823822673
    efficiency: 0.725198
    discharge_ratio: 0.5
    depth_of_discharge: 1.0
