cost_values:
  wind_capex: 5000.0
  wind_opex: 100
  wind_lifetime: 20
  solar_capex: 1000.0
  solar_opex: 10
  solar_lifetime: 20
  carbon_price: 1.0
timeseries_values:
  load_level: 246758.46858872188
  wind_year: 2012
  solar_year: 2013
  price_year: 2023
  carbon_year: 2023
storage_values:
  CAES:
    cost: 57.0027
    lifetime: 21.0252
    annual_cost: 2.7111608926431137
    efficiency: 0.568829
    discharge_ratio: 0.1
    depth_of_discharge: 0.4
  Li-ion:
    cost: 160.256
    lifetime: 19.7094
    annual_cost: 8.130942595918699
    efficiency: 0.948234
    discharge_ratio: 2
    depth_of_discharge: 0.9
  Pb-acid:
    cost: 189.758
    lifetime: 12.3086
    annual_cost: 15.416700518336773
    efficiency: 0.719042
    discharge_ratio: 5
    depth_of_discharge: 0.5
  VRBF:
    cost: 379.413
    lifetime: 21.0123
    annual_cost: 18.056709641495697
    efficiency: 0.73275
    discharge_ratio: 0.5
    depth_of_discharge: 1.0
