cost_values:
  wind_capex: 5000.0
  wind_opex: 100
  wind_lifetime: 20
  solar_capex: 1000.0
  solar_opex: 10
  solar_lifetime: 20
  carbon_price: 1.0
timeseries_values:
  load_level: 246758.46858872188
  wind_year: 2012
  solar_year: 2013
  price_year: 2023
  carbon_year: 2023
storage_values:
  CAES:
    cost: 53.3391
    lifetime: 20.1957
    annual_cost: 2.641111721802166
    efficiency: 0.559805
    discharge_ratio: 0.1
    depth_of_discharge: 0.4
  Li-ion:
    cost: 192.145
    lifetime: 20.5894
    annual_cost: 9.332229205319242
    efficiency: 0.942605
    discharge_ratio: 2
    depth_of_discharge: 0.9
  Pb-acid:
    cost: 188.882
    lifetime: 11.1034
    annual_cost: 17.011185762919467
    efficiency: 0.725323
    discharge_ratio: 5
    depth_of_discharge: 0.5
  VRBF:
    cost: 366.416
    lifetime: 18.4169
    annual_cost: 19.89563933126639
    efficiency: 0.736888
    discharge_ratio: 0.5
    depth_of_discharge: 1.0
