cost_values:
  wind_capex: 5000.0
  wind_opex: 100
  wind_lifetime: 20
  solar_capex: 1000.0
  solar_opex: 10
  solar_lifetime: 20
  carbon_price: 1.0
timeseries_values:
  load_level: 246758.46858872188
  wind_year: 2012
  solar_year: 2013
  price_year: 2023
  carbon_year: 2023
storage_values:
  CAES:
    cost: 63.331
    lifetime: 20.1523
    annual_cost: 3.1426189566451472
    efficiency: 0.577993
    discharge_ratio: 0.1
    depth_of_discharge: 0.4
  Li-ion:
    cost: 151.325
    lifetime: 19.778
    annual_cost: 7.651178076650824
    efficiency: 0.951961
    discharge_ratio: 2
    depth_of_discharge: 0.9
  Pb-acid:
    cost: 165.142
    lifetime: 12.9141
    annual_cost: 12.787728142108238
    efficiency: 0.726837
    discharge_ratio: 5
    depth_of_discharge: 0.5
  VRBF:
    cost: 381.61
    lifetime: 20.1734
    annual_cost: 18.916493997045613
    efficiency: 0.726944
    discharge_ratio: 0.5
    depth_of_discharge: 1.0
