cost_values:
  wind_capex: 5000.0
  wind_opex: 100
  wind_lifetime: 20
  solar_capex: 1000.0
  solar_opex: 10
  solar_lifetime: 20
  carbon_price: 1.0
timeseries_values:
  load_level: 246758.46858872188
  wind_year: 2012
  solar_year: 2013
  price_year: 2023
  carbon_year: 2023
storage_values:
  CAES:
    cost: 55.7865
    lifetime: 20.8296
    annual_cost: 2.678231939163498
    efficiency: 0.565023
    discharge_ratio: 0.1
    depth_of_discharge: 0.4
  Li-ion:
    cost: 173.565
    lifetime: 19.6177
    annual_cost: 8.847367428393747
    efficiency: 0.958344
    discharge_ratio: 2
    depth_of_discharge: 0.9
  Pb-acid:
    cost: 165.18
    lifetime: 12.0029
    annual_cost: 13.761674262053337
    efficiency: 0.729643
    discharge_ratio: 5
    depth_of_discharge: 0.5
  VRBF:
    cost: 379.918
    lifetime: 19.2567
    annual_cost: 19.729133236743575
    efficiency: 0.739647
    discharge_ratio: 0.5
    depth_of_discharge: 1.0
