cost_values:
  wind_capex: 5000.0
  wind_opex: 100
  wind_lifetime: 20
  solar_capex: 1000.0
  solar_opex: 10
  solar_lifetime: 20
  carbon_price: 1.0
timeseries_values:
  load_level: 246758.46858872188
  wind_year: 2012
  solar_year: 2013
  price_year: 2023
  carbon_year: 2023
storage_values:
  CAES:
    cost: 61.9033
    lifetime: 20.1358
    annual_cost: 3.0742905670497325
    efficiency: 0.571204
    discharge_ratio: 0.1
    depth_of_discharge: 0.4
  Li-ion:
    cost: 164.443
    lifetime: 19.1439
    annual_cost: 8.589838016287173
    efficiency: 0.948187
    discharge_ratio: 2
    depth_of_discharge: 0.9
  Pb-acid:
    cost: 181.045
    lifetime: 13.4393
    annual_cost: 13.471311749867924
    efficiency: 0.719452
    discharge_ratio: 5
    depth_of_discharge: 0.5
  VRBF:
    cost: 372.485
    lifetime: 21.8085
    annual_cost: 17.079808331613823
    efficiency: 0.737809
    discharge_ratio: 0.5
    depth_of_discharge: 1.0
