cost_values:
  wind_capex: 5000.0
  wind_opex: 100
  wind_lifetime: 20
  solar_capex: 1000.0
  solar_opex: 10
  solar_lifetime: 20
  carbon_price: 1.0
timeseries_values:
  load_level: 246758.46858872188
  wind_year: 2012
  solar_year: 2013
  price_year: 2023
  carbon_year: 2023
storage_values:
  CAES:
    cost: 52.76
    lifetime: 20.4599
    annual_cost: 2.5787027307073833
    efficiency: 0.572281
    discharge_ratio: 0.1
    depth_of_discharge: 0.4
  Li-ion:
    cost: 142.094
    lifetime: 18.7863
    annual_cost: 7.563703337006222
    efficiency: 0.953403
    discharge_ratio: 2
    depth_of_discharge: 0.9
  Pb-acid:
    cost: 188.745
    lifetime: 10.8174
    annual_cost: 17.448277774696326
    efficiency: 0.720014
    discharge_ratio: 5
    depth_of_discharge: 0.5
  VRBF:
    cost: 395.431
    lifetime: 22.7322
    annual_cost: 17.395192722217825
    efficiency: 0.717534
    discharge_ratio: 0.5
    depth_of_discharge: 1.0
