cost_values:
  wind_capex: 5000.0
  wind_opex: 100
  wind_lifetime: 20
  solar_capex: 1000.0
  solar_opex: 10
  solar_lifetime: 20
  carbon_price: 1.0
timeseries_values:
  load_level: 246758.46858872188
  wind_year: 2012
  solar_year: 2013
  price_year: 2023
  carbon_year: 2023
storage_values:
  CAES:
    cost: 60.4268
    lifetime: 20.5628
    annual_cost: 2.9386464878323966
    efficiency: 0.571759
    discharge_ratio: 0.1
    depth_of_discharge: 0.4
  Li-ion:
    cost: 135.7
    lifetime: 21.4087
    annual_cost: 6.3385446103686816
    efficiency: 0.9418
    discharge_ratio: 2
    depth_of_discharge: 0.9
  Pb-acid:
    cost: 194.184
    lifetime: 11.1139
    annual_cost: 17.472174484204466
    efficiency: 0.708094
    discharge_ratio: 5
    depth_of_discharge: 0.5
  VRBF:
    cost: 392.176
    lifetime: 19.7641
    annual_cost: 19.84284637296917
    efficiency: 0.732974
    discharge_ratio: 0.5
    depth_of_discharge: 1.0
