cost_values:
  wind_capex: 5000.0
  wind_opex: 100
  wind_lifetime: 20
  solar_capex: 1000.0
  solar_opex: 10
  solar_lifetime: 20
  carbon_price: 1.0
timeseries_values:
  load_level: 246758.46858872188
  wind_year: 2012
  solar_year: 2013
  price_year: 2023
  carbon_year: 2023
storage_values:
  CAES:
    cost: 56.8691
    lifetime: 20.0228
    annual_cost: 2.8402171524462116
    efficiency: 0.56603
    discharge_ratio: 0.1
    depth_of_discharge: 0.4
  Li-ion:
    cost: 158.808
    lifetime: 19.075
    annual_cost: 8.325452162516383
    efficiency: 0.966631
    discharge_ratio: 2
    depth_of_discharge: 0.9
  Pb-acid:
    cost: 172.985
    lifetime: 11.7481
    annual_cost: 14.724508643950937
    efficiency: 0.715255
    discharge_ratio: 5
    depth_of_discharge: 0.5
  VRBF:
    cost: 352.164
    lifetime: 19.094
    annual_cost: 18.44369959149471
    efficiency: 0.7386
    discharge_ratio: 0.5
    depth_of_discharge: 1.0
