cost_values:
  wind_capex: 5000.0
  wind_opex: 100
  wind_lifetime: 20
  solar_capex: 1000.0
  solar_opex: 10
  solar_lifetime: 20
  carbon_price: 1.0
timeseries_values:
  load_level: 246758.46858872188
  wind_year: 2012
  solar_year: 2013
  price_year: 2023
  carbon_year: 2023
storage_values:
  CAES:
    cost: 54.5389
    lifetime: 21.7404
    annual_cost: 2.508642895254917
    efficiency: 0.570909
    discharge_ratio: 0.1
    depth_of_discharge: 0.4
  Li-ion:
    cost: 177.519
    lifetime: 21.737
    annual_cost: 8.16667433408474
    efficiency: 0.934548
    discharge_ratio: 2
    depth_of_discharge: 0.9
  Pb-acid:
    cost: 173.454
    lifetime: 13.19
    annual_cost: 13.150416982562549
    efficiency: 0.73597
    discharge_ratio: 5
    depth_of_discharge: 0.5
  VRBF:
    cost: 360.789
    lifetime: 20.8875
    annual_cost: 17.272962298025135
    efficiency: 0.721392
    discharge_ratio: 0.5
    depth_of_discharge: 1.0
