cost_values:
  wind_capex: 5000.0
  wind_opex: 100
  wind_lifetime: 20
  solar_capex: 1000.0
  solar_opex: 10
  solar_lifetime: 20
  carbon_price: 1.0
timeseries_values:
  load_level: 246758.46858872188
  wind_year: 2012
  solar_year: 2013
  price_year: 2023
  carbon_year: 2023
storage_values:
  CAES:
    cost: 53.1716
    lifetime: 20.2608
    annual_cost: 2.6243583668956805
    efficiency: 0.556568
    discharge_ratio: 0.1
    depth_of_discharge: 0.4
  Li-ion:
    cost: 138.74
    lifetime: 19.3343
    annual_cost: 7.175848104146517
    efficiency: 0.934939
    discharge_ratio: 2
    depth_of_discharge: 0.9
  Pb-acid:
    cost: 165.385
    lifetime: 13.2805
    annual_cost: 12.45322088776778
    efficiency: 0.716668
    discharge_ratio: 5
    depth_of_discharge: 0.5
  VRBF:
    cost: 383.736
    lifetime: 19.0909
    annual_cost: 20.100466714507956
    efficiency: 0.730269
    discharge_ratio: 0.5
    depth_of_discharge: 1.0
