cost_values:
  wind_capex: 5000.0
  wind_opex: 100
  wind_lifetime: 20
  solar_capex: 1000.0
  solar_opex: 10
  solar_lifetime: 20
  carbon_price: 1.0
timeseries_values:
  load_level: 246758.46858872188
  wind_year: 2012
  solar_year: 2013
  price_year: 2023
  carbon_year: 2023
storage_values:
  CAES:
    cost: 55.3727
    lifetime: 20.6555
    annual_cost: 2.680772675558568
    efficiency: 0.553068
    discharge_ratio: 0.1
    depth_of_discharge: 0.4
  Li-ion:
    cost: 161.335
    lifetime: 21.3471
    annual_cost: 7.557701046043725
    efficiency: 0.93043
    discharge_ratio: 2
    depth_of_discharge: 0.9
  Pb-acid:
    cost: 170.842
    lifetime: 12.0042
    annual_cost: 14.23185218506856
    efficiency: 0.731847
    discharge_ratio: 5
    depth_of_discharge: 0.5
  VRBF:
    cost: 388.755
    lifetime: 17.6822
    annual_cost: 21.985669204058315
    efficiency: 0.734849
    discharge_ratio: 0.5
    depth_of_discharge: 1.0
