cost_values:
  wind_capex: 5000.0
  wind_opex: 100
  wind_lifetime: 20
  solar_capex: 1000.0
  solar_opex: 10
  solar_lifetime: 20
  carbon_price: 1.0
timeseries_values:
  load_level: 246758.46858872188
  wind_year: 2012
  solar_year: 2013
  price_year: 2023
  carbon_year: 2023
storage_values:
  CAES:
    cost: 56.7041
    lifetime: 20.1936
    annual_cost: 2.8080233341256635
    efficiency: 0.562698
    discharge_ratio: 0.1
    depth_of_discharge: 0.4
  Li-ion:
    cost: 155.488
    lifetime: 19.5316
    annual_cost: 7.960842941694485
    efficiency: 0.962098
    discharge_ratio: 2
    depth_of_discharge: 0.9
  Pb-acid:
    cost: 204.911
    lifetime: 11.955
    annual_cost: 17.140192388122124
    efficiency: 0.720178
    discharge_ratio: 5
    depth_of_discharge: 0.5
  VRBF:
    cost: 384.639
    lifetime: 20.9526
    annual_cost: 18.35757853440623
    efficiency: 0.758622
    discharge_ratio: 0.5
    depth_of_discharge: 1.0
