cost_values:
  wind_capex: 5000.0
  wind_opex: 100
  wind_lifetime: 20
  solar_capex: 1000.0
  solar_opex: 10
  solar_lifetime: 20
  carbon_price: 1.0
timeseries_values:
  load_level: 246758.46858872188
  wind_year: 2012
  solar_year: 2013
  price_year: 2023
  carbon_year: 2023
storage_values:
  CAES:
    cost: 59.1729
    lifetime: 20.7347
    annual_cost: 2.8538102793867286
    efficiency: 0.563701
    discharge_ratio: 0.1
    depth_of_discharge: 0.4
  Li-ion:
    cost: 147.851
    lifetime: 19.7688
    annual_cost: 7.479007324673223
    efficiency: 0.958764
    discharge_ratio: 2
    depth_of_discharge: 0.9
  Pb-acid:
    cost: 196.377
    lifetime: 12.7041
    annual_cost: 15.457765603230454
    efficiency: 0.730406
    discharge_ratio: 5
    depth_of_discharge: 0.5
  VRBF:
    cost: 394.958
    lifetime: 22.1918
    annual_cost: 17.79747474292306
    efficiency: 0.736056
    discharge_ratio: 0.5
    depth_of_discharge: 1.0
