cost_values:
  wind_capex: 5000.0
  wind_opex: 100
  wind_lifetime: 20
  solar_capex: 1000.0
  solar_opex: 10
  solar_lifetime: 20
  carbon_price: 1.0
timeseries_values:
  load_level: 246758.46858872188
  wind_year: 2012
  solar_year: 2013
  price_year: 2023
  carbon_year: 2023
storage_values:
  CAES:
    cost: 58.7278
    lifetime: 20.4267
    annual_cost: 2.8750507913662022
    efficiency: 0.552914
    discharge_ratio: 0.1
    depth_of_discharge: 0.4
  Li-ion:
    cost: 169.514
    lifetime: 19.3122
    annual_cost: 8.777560298671306
    efficiency: 0.935644
    discharge_ratio: 2
    depth_of_discharge: 0.9
  Pb-acid:
    cost: 190.698
    lifetime: 11.7189
    annual_cost: 16.272687709597317
    efficiency: 0.727815
    discharge_ratio: 5
    depth_of_discharge: 0.5
  VRBF:
    cost: 376.101
    lifetime: 21.238
    annual_cost: 17.708870891797723
    efficiency: 0.733971
    discharge_ratio: 0.5
    depth_of_discharge: 1.0
