cost_values:
  wind_capex: 5000.0
  wind_opex: 100
  wind_lifetime: 20
  solar_capex: 1000.0
  solar_opex: 10
  solar_lifetime: 20
  carbon_price: 1.0
timeseries_values:
  load_level: 246758.46858872188
  wind_year: 2012
  solar_year: 2013
  price_year: 2023
  carbon_year: 2023
storage_values:
  CAES:
    cost: 57.5966
    lifetime: 20.0974
    annual_cost: 2.8658731975280385
    efficiency: 0.55278
    discharge_ratio: 0.1
    depth_of_discharge: 0.4
  Li-ion:
    cost: 143.352
    lifetime: 21.8834
    annual_cost: 6.5507188096913636
    efficiency: 0.940226
    discharge_ratio: 2
    depth_of_discharge: 0.9
  Pb-acid:
    cost: 177.318
    lifetime: 12.1587
    annual_cost: 14.583631473759532
    efficiency: 0.729137
    discharge_ratio: 5
    depth_of_discharge: 0.5
  VRBF:
    cost: 378.511
    lifetime: 19.4365
    annual_cost: 19.474236616674816
    efficiency: 0.744306
    discharge_ratio: 0.5
    depth_of_discharge: 1.0
