cost_values:
  wind_capex: 5000.0
  wind_opex: 100
  wind_lifetime: 20
  solar_capex: 1000.0
  solar_opex: 10
  solar_lifetime: 20
  carbon_price: 1.0
timeseries_values:
  load_level: 246758.46858872188
  wind_year: 2012
  solar_year: 2013
  price_year: 2023
  carbon_year: 2023
storage_values:
  CAES:
    cost: 60.0149
    lifetime: 20.2784
    annual_cost: 2.9595480905791383
    efficiency: 0.571645
    discharge_ratio: 0.1
    depth_of_discharge: 0.4
  Li-ion:
    cost: 162.902
    lifetime: 20.5847
    annual_cost: 7.9137417596564426
    efficiency: 0.943493
    discharge_ratio: 2
    depth_of_discharge: 0.9
  Pb-acid:
    cost: 168.718
    lifetime: 11.3282
    annual_cost: 14.893628290460972
    efficiency: 0.736208
    discharge_ratio: 5
    depth_of_discharge: 0.5
  VRBF:
    cost: 381.105
    lifetime: 19.6426
    annual_cost: 19.40196308024396
    efficiency: 0.755493
    discharge_ratio: 0.5
    depth_of_discharge: 1.0
