cost_values:
  wind_capex: 5000.0
  wind_opex: 100
  wind_lifetime: 20
  solar_capex: 1000.0
  solar_opex: 10
  solar_lifetime: 20
  carbon_price: 1.0
timeseries_values:
  load_level: 287758.7520025469
  wind_year: 2011
  solar_year: 2018
  price_year: 2023
  carbon_year: 2023
storage_values:
  CAES:
    cost: 63.7305
    lifetime: 23.6049
    annual_cost: 2.699884346046795
    efficiency: 0.567975
    discharge_ratio: 0.1
    depth_of_discharge: 0.4
  Li-ion:
    cost: 230.752
    lifetime: 20.1564
    annual_cost: 11.448076045325553
    efficiency: 0.914459
    discharge_ratio: 2
    depth_of_discharge: 0.9
  Pb-acid:
    cost: 134.9
    lifetime: 9.97918
    annual_cost: 13.518144777426603
    efficiency: 0.75542
    discharge_ratio: 5
    depth_of_discharge: 0.5
  VRBF:
    cost: 336.494
    lifetime: 24.8729
    annual_cost: 13.528539092747529
    efficiency: 0.744314
    discharge_ratio: 0.5
    depth_of_discharge: 1.0
