cost_values:
  wind_capex: 5000.0
  wind_opex: 100
  wind_lifetime: 20
  solar_capex: 1000.0
  solar_opex: 10
  solar_lifetime: 20
  carbon_price: 1.0
timeseries_values:
  load_level: 287758.7520025469
  wind_year: 2011
  solar_year: 2018
  price_year: 2023
  carbon_year: 2023
storage_values:
  CAES:
    cost: 70.1218
    lifetime: 22.1433
    annual_cost: 3.1667276331892715
    efficiency: 0.579265
    discharge_ratio: 0.1
    depth_of_discharge: 0.4
  Li-ion:
    cost: 255.208
    lifetime: 19.3426
    annual_cost: 13.19408972940556
    efficiency: 0.921181
    discharge_ratio: 2
    depth_of_discharge: 0.9
  Pb-acid:
    cost: 144.561
    lifetime: 9.46742
    annual_cost: 15.269313075790448
    efficiency: 0.741902
    discharge_ratio: 5
    depth_of_discharge: 0.5
  VRBF:
    cost: 329.047
    lifetime: 23.4426
    annual_cost: 14.036284371187499
    efficiency: 0.721205
    discharge_ratio: 0.5
    depth_of_discharge: 1.0
