cost_values:
  wind_capex: 5000.0
  wind_opex: 100
  wind_lifetime: 20
  solar_capex: 1000.0
  solar_opex: 10
  solar_lifetime: 20
  carbon_price: 1.0
timeseries_values:
  load_level: 287758.7520025469
  wind_year: 2011
  solar_year: 2018
  price_year: 2023
  carbon_year: 2023
storage_values:
  CAES:
    cost: 67.9646
    lifetime: 23.1861
    annual_cost: 2.9312648526487854
    efficiency: 0.579377
    discharge_ratio: 0.1
    depth_of_discharge: 0.4
  Li-ion:
    cost: 246.024
    lifetime: 19.3831
    annual_cost: 12.692706533010716
    efficiency: 0.909453
    discharge_ratio: 2
    depth_of_discharge: 0.9
  Pb-acid:
    cost: 139.664
    lifetime: 10.322
    annual_cost: 13.530711102499515
    efficiency: 0.738937
    discharge_ratio: 5
    depth_of_discharge: 0.5
  VRBF:
    cost: 285.157
    lifetime: 20.6032
    annual_cost: 13.840422846936397
    efficiency: 0.742454
    discharge_ratio: 0.5
    depth_of_discharge: 1.0
