cost_values:
  wind_capex: 5000.0
  wind_opex: 100
  wind_lifetime: 20
  solar_capex: 1000.0
  solar_opex: 10
  solar_lifetime: 20
  carbon_price: 1.0
timeseries_values:
  load_level: 287758.7520025469
  wind_year: 2011
  solar_year: 2018
  price_year: 2023
  carbon_year: 2023
storage_values:
  CAES:
    cost: 67.8613
    lifetime: 22.913
    annual_cost: 2.9616942347139177
    efficiency: 0.570455
    discharge_ratio: 0.1
    depth_of_discharge: 0.4
  Li-ion:
    cost: 263.413
    lifetime: 19.635
    annual_cost: 13.415482556659027
    efficiency: 0.929336
    discharge_ratio: 2
    depth_of_discharge: 0.9
  Pb-acid:
    cost: 151.045
    lifetime: 8.89201
    annual_cost: 16.986598080748895
    efficiency: 0.732815
    discharge_ratio: 5
    depth_of_discharge: 0.5
  VRBF:
    cost: 308.054
    lifetime: 21.2744
    annual_cost: 14.480032339337418
    efficiency: 0.744447
    discharge_ratio: 0.5
    depth_of_discharge: 1.0
