cost_values:
  wind_capex: 5000.0
  wind_opex: 100
  wind_lifetime: 20
  solar_capex: 1000.0
  solar_opex: 10
  solar_lifetime: 20
  carbon_price: 1.0
timeseries_values:
  load_level: 287758.7520025469
  wind_year: 2011
  solar_year: 2018
  price_year: 2023
  carbon_year: 2023
storage_values:
  CAES:
    cost: 67.278
    lifetime: 22.8599
    annual_cost: 2.943057493689824
    efficiency: 0.590754
    discharge_ratio: 0.1
    depth_of_discharge: 0.4
  Li-ion:
    cost: 226.775
    lifetime: 18.5935
    annual_cost: 12.196466507112701
    efficiency: 0.932233
    discharge_ratio: 2
    depth_of_discharge: 0.9
  Pb-acid:
    cost: 144.903
    lifetime: 9.97606
    annual_cost: 14.52507302482142
    efficiency: 0.752557
    discharge_ratio: 5
    depth_of_discharge: 0.5
  VRBF:
    cost: 297.206
    lifetime: 24.9146
    annual_cost: 11.928989427885657
    efficiency: 0.73555
    discharge_ratio: 0.5
    depth_of_discharge: 1.0
