cost_values:
  wind_capex: 5000.0
  wind_opex: 100
  wind_lifetime: 20
  solar_capex: 1000.0
  solar_opex: 10
  solar_lifetime: 20
  carbon_price: 1.0
timeseries_values:
  load_level: 287758.7520025469
  wind_year: 2011
  solar_year: 2018
  price_year: 2023
  carbon_year: 2023
storage_values:
  CAES:
    cost: 61.326
    lifetime: 24.0384
    annual_cost: 2.5511681309904155
    efficiency: 0.576162
    discharge_ratio: 0.1
    depth_of_discharge: 0.4
  Li-ion:
    cost: 273.424
    lifetime: 19.9523
    annual_cost: 13.703883762774215
    efficiency: 0.912157
    discharge_ratio: 2
    depth_of_discharge: 0.9
  Pb-acid:
    cost: 127.635
    lifetime: 9.53245
    annual_cost: 13.389527351310523
    efficiency: 0.748928
    discharge_ratio: 5
    depth_of_discharge: 0.5
  VRBF:
    cost: 298.706
    lifetime: 21.3591
    annual_cost: 13.984952549498809
    efficiency: 0.735921
    discharge_ratio: 0.5
    depth_of_discharge: 1.0
