cost_values:
  wind_capex: 5000.0
  wind_opex: 100
  wind_lifetime: 20
  solar_capex: 1000.0
  solar_opex: 10
  solar_lifetime: 20
  carbon_price: 1.0
timeseries_values:
  load_level: 287758.7520025469
  wind_year: 2011
  solar_year: 2018
  price_year: 2023
  carbon_year: 2023
storage_values:
  CAES:
    cost: 62.5177
    lifetime: 23.2509
    annual_cost: 2.6888292496204445
    efficiency: 0.584715
    discharge_ratio: 0.1
    depth_of_discharge: 0.4
  Li-ion:
    cost: 250.68
    lifetime: 17.785
    annual_cost: 14.09502389654203
    efficiency: 0.928785
    discharge_ratio: 2
    depth_of_discharge: 0.9
  Pb-acid:
    cost: 156.973
    lifetime: 9.0822
    annual_cost: 17.28358767699456
    efficiency: 0.742059
    discharge_ratio: 5
    depth_of_discharge: 0.5
  VRBF:
    cost: 289.439
    lifetime: 22.95
    annual_cost: 12.611721132897605
    efficiency: 0.750859
    discharge_ratio: 0.5
    depth_of_discharge: 1.0
