cost_values:
  wind_capex: 5000.0
  wind_opex: 100
  wind_lifetime: 20
  solar_capex: 1000.0
  solar_opex: 10
  solar_lifetime: 20
  carbon_price: 1.0
timeseries_values:
  load_level: 287758.7520025469
  wind_year: 2011
  solar_year: 2018
  price_year: 2023
  carbon_year: 2023
storage_values:
  CAES:
    cost: 54.1496
    lifetime: 22.5149
    annual_cost: 2.4050562072227724
    efficiency: 0.578972
    discharge_ratio: 0.1
    depth_of_discharge: 0.4
  Li-ion:
    cost: 249.477
    lifetime: 21.203
    annual_cost: 11.766118002169504
    efficiency: 0.924572
    discharge_ratio: 2
    depth_of_discharge: 0.9
  Pb-acid:
    cost: 145.542
    lifetime: 8.68653
    annual_cost: 16.754906734910257
    efficiency: 0.749817
    discharge_ratio: 5
    depth_of_discharge: 0.5
  VRBF:
    cost: 291.859
    lifetime: 24.7222
    annual_cost: 11.805543195993883
    efficiency: 0.74384
    discharge_ratio: 0.5
    depth_of_discharge: 1.0
