cost_values:
  wind_capex: 5000.0
  wind_opex: 100
  wind_lifetime: 20
  solar_capex: 1000.0
  solar_opex: 10
  solar_lifetime: 20
  carbon_price: 1.0
timeseries_values:
  load_level: 287758.7520025469
  wind_year: 2011
  solar_year: 2018
  price_year: 2023
  carbon_year: 2023
storage_values:
  CAES:
    cost: 56.3945
    lifetime: 22.488
    annual_cost: 2.507759694059054
    efficiency: 0.582381
    discharge_ratio: 0.1
    depth_of_discharge: 0.4
  Li-ion:
    cost: 240.298
    lifetime: 20.8331
    annual_cost: 11.534433185651679
    efficiency: 0.915716
    discharge_ratio: 2
    depth_of_discharge: 0.9
  Pb-acid:
    cost: 105.972
    lifetime: 9.39937
    annual_cost: 11.274372644124021
    efficiency: 0.742924
    discharge_ratio: 5
    depth_of_discharge: 0.5
  VRBF:
    cost: 313.509
    lifetime: 23.4303
    annual_cost: 13.380494487906686
    efficiency: 0.746619
    discharge_ratio: 0.5
    depth_of_discharge: 1.0
