cost_values:
  wind_capex: 5000.0
  wind_opex: 100
  wind_lifetime: 20
  solar_capex: 1000.0
  solar_opex: 10
  solar_lifetime: 20
  carbon_price: 1.0
timeseries_values:
  load_level: 287758.7520025469
  wind_year: 2011
  solar_year: 2018
  price_year: 2023
  carbon_year: 2023
storage_values:
  CAES:
    cost: 61.4936
    lifetime: 22.2864
    annual_cost: 2.759243305334195
    efficiency: 0.590089
    discharge_ratio: 0.1
    depth_of_discharge: 0.4
  Li-ion:
    cost: 248.337
    lifetime: 18.1436
    annual_cost: 13.687305716616327
    efficiency: 0.91968
    discharge_ratio: 2
    depth_of_discharge: 0.9
  Pb-acid:
    cost: 170.739
    lifetime: 10.7657
    annual_cost: 15.85953537624121
    efficiency: 0.722837
    discharge_ratio: 5
    depth_of_discharge: 0.5
  VRBF:
    cost: 311.03
    lifetime: 19.7898
    annual_cost: 15.716682331301984
    efficiency: 0.739712
    discharge_ratio: 0.5
    depth_of_discharge: 1.0
