cost_values:
  wind_capex: 5000.0
  wind_opex: 100
  wind_lifetime: 20
  solar_capex: 1000.0
  solar_opex: 10
  solar_lifetime: 20
  carbon_price: 1.0
timeseries_values:
  load_level: 287758.7520025469
  wind_year: 2011
  solar_year: 2018
  price_year: 2023
  carbon_year: 2023
storage_values:
  CAES:
    cost: 66.9142
    lifetime: 21.7556
    annual_cost: 3.0757230322307816
    efficiency: 0.589491
    discharge_ratio: 0.1
    depth_of_discharge: 0.4
  Li-ion:
    cost: 243.271
    lifetime: 19.3175
    annual_cost: 12.593296233984729
    efficiency: 0.936156
    discharge_ratio: 2
    depth_of_discharge: 0.9
  Pb-acid:
    cost: 143.713
    lifetime: 8.44477
    annual_cost: 17.01798864859552
    efficiency: 0.731725
    discharge_ratio: 5
    depth_of_discharge: 0.5
  VRBF:
    cost: 295.092
    lifetime: 21.1581
    annual_cost: 13.946999021651282
    efficiency: 0.739691
    discharge_ratio: 0.5
    depth_of_discharge: 1.0
