cost_values:
  wind_capex: 5000.0
  wind_opex: 100
  wind_lifetime: 20
  solar_capex: 1000.0
  solar_opex: 10
  solar_lifetime: 20
  carbon_price: 1.0
timeseries_values:
  load_level: 287758.7520025469
  wind_year: 2011
  solar_year: 2018
  price_year: 2023
  carbon_year: 2023
storage_values:
  CAES:
    cost: 66.1476
    lifetime: 23.1527
    annual_cost: 2.857014516665443
    efficiency: 0.582784
    discharge_ratio: 0.1
    depth_of_discharge: 0.4
  Li-ion:
    cost: 251.823
    lifetime: 19.0364
    annual_cost: 13.228499085961632
    efficiency: 0.916553
    discharge_ratio: 2
    depth_of_discharge: 0.9
  Pb-acid:
    cost: 155.184
    lifetime: 10.1237
    annual_cost: 15.328782954848524
    efficiency: 0.740472
    discharge_ratio: 5
    depth_of_discharge: 0.5
  VRBF:
    cost: 329.293
    lifetime: 20.0085
    annual_cost: 16.457655496414024
    efficiency: 0.751119
    discharge_ratio: 0.5
    depth_of_discharge: 1.0
