cost_values:
  wind_capex: 5000.0
  wind_opex: 100
  wind_lifetime: 20
  solar_capex: 1000.0
  solar_opex: 10
  solar_lifetime: 20
  carbon_price: 1.0
timeseries_values:
  load_level: 287758.7520025469
  wind_year: 2011
  solar_year: 2018
  price_year: 2023
  carbon_year: 2023
storage_values:
  CAES:
    cost: 70.4822
    lifetime: 22.2826
    annual_cost: 3.163104844138476
    efficiency: 0.5731
    discharge_ratio: 0.1
    depth_of_discharge: 0.4
  Li-ion:
    cost: 234.685
    lifetime: 18.6692
    annual_cost: 12.570704690077775
    efficiency: 0.928139
    discharge_ratio: 2
    depth_of_discharge: 0.9
  Pb-acid:
    cost: 153.533
    lifetime: 10.2089
    annual_cost: 15.039132521623289
    efficiency: 0.757629
    discharge_ratio: 5
    depth_of_discharge: 0.5
  VRBF:
    cost: 309.895
    lifetime: 22.5847
    annual_cost: 13.721457446855613
    efficiency: 0.756584
    discharge_ratio: 0.5
    depth_of_discharge: 1.0
