cost_values:
  wind_capex: 5000.0
  wind_opex: 100
  wind_lifetime: 20
  solar_capex: 1000.0
  solar_opex: 10
  solar_lifetime: 20
  carbon_price: 1.0
timeseries_values:
  load_level: 287758.7520025469
  wind_year: 2011
  solar_year: 2018
  price_year: 2023
  carbon_year: 2023
storage_values:
  CAES:
    cost: 58.1479
    lifetime: 22.1679
    annual_cost: 2.6230675887206276
    efficiency: 0.578021
    discharge_ratio: 0.1
    depth_of_discharge: 0.4
  Li-ion:
    cost: 238.334
    lifetime: 18.3769
    annual_cost: 12.969216788468133
    efficiency: 0.933388
    discharge_ratio: 2
    depth_of_discharge: 0.9
  Pb-acid:
    cost: 155.705
    lifetime: 8.34663
    annual_cost: 18.65483434631702
    efficiency: 0.725215
    discharge_ratio: 5
    depth_of_discharge: 0.5
  VRBF:
    cost: 301.486
    lifetime: 22.6381
    annual_cost: 13.317637080850423
    efficiency: 0.737249
    discharge_ratio: 0.5
    depth_of_discharge: 1.0
