cost_values:
  wind_capex: 5000.0
  wind_opex: 100
  wind_lifetime: 20
  solar_capex: 1000.0
  solar_opex: 10
  solar_lifetime: 20
  carbon_price: 1.0
timeseries_values:
  load_level: 287758.7520025469
  wind_year: 2011
  solar_year: 2018
  price_year: 2023
  carbon_year: 2023
storage_values:
  CAES:
    cost: 68.1023
    lifetime: 22.8129
    annual_cost: 2.9852539571908876
    efficiency: 0.57715
    discharge_ratio: 0.1
    depth_of_discharge: 0.4
  Li-ion:
    cost: 234.577
    lifetime: 19.71
    annual_cost: 11.901420598680872
    efficiency: 0.918748
    discharge_ratio: 2
    depth_of_discharge: 0.9
  Pb-acid:
    cost: 162.828
    lifetime: 10.3302
    annual_cost: 15.762327931695419
    efficiency: 0.73038
    discharge_ratio: 5
    depth_of_discharge: 0.5
  VRBF:
    cost: 284.16
    lifetime: 21.5067
    annual_cost: 13.212626762822751
    efficiency: 0.738325
    discharge_ratio: 0.5
    depth_of_discharge: 1.0
