cost_values:
  wind_capex: 5000.0
  wind_opex: 100
  wind_lifetime: 20
  solar_capex: 1000.0
  solar_opex: 10
  solar_lifetime: 20
  carbon_price: 1.0
timeseries_values:
  load_level: 287758.7520025469
  wind_year: 2011
  solar_year: 2018
  price_year: 2023
  carbon_year: 2023
storage_values:
  CAES:
    cost: 73.0803
    lifetime: 22.8609
    annual_cost: 3.196737661246932
    efficiency: 0.582275
    discharge_ratio: 0.1
    depth_of_discharge: 0.4
  Li-ion:
    cost: 238.363
    lifetime: 20.452
    annual_cost: 11.6547525914336
    efficiency: 0.917424
    discharge_ratio: 2
    depth_of_discharge: 0.9
  Pb-acid:
    cost: 164.019
    lifetime: 10.2121
    annual_cost: 16.06124107676188
    efficiency: 0.741208
    discharge_ratio: 5
    depth_of_discharge: 0.5
  VRBF:
    cost: 338.79
    lifetime: 23.7746
    annual_cost: 14.250082020307389
    efficiency: 0.751204
    discharge_ratio: 0.5
    depth_of_discharge: 1.0
