cost_values:
  wind_capex: 5000.0
  wind_opex: 100
  wind_lifetime: 20
  solar_capex: 1000.0
  solar_opex: 10
  solar_lifetime: 20
  carbon_price: 1.0
timeseries_values:
  load_level: 287758.7520025469
  wind_year: 2011
  solar_year: 2018
  price_year: 2023
  carbon_year: 2023
storage_values:
  CAES:
    cost: 58.8332
    lifetime: 22.5423
    annual_cost: 2.60990227261637
    efficiency: 0.575452
    discharge_ratio: 0.1
    depth_of_discharge: 0.4
  Li-ion:
    cost: 248.741
    lifetime: 20.2967
    annual_cost: 12.255243463223085
    efficiency: 0.935322
    discharge_ratio: 2
    depth_of_discharge: 0.9
  Pb-acid:
    cost: 151.014
    lifetime: 10.0358
    annual_cost: 15.047529843161483
    efficiency: 0.74793
    discharge_ratio: 5
    depth_of_discharge: 0.5
  VRBF:
    cost: 331.139
    lifetime: 22.7516
    annual_cost: 14.554536823783822
    efficiency: 0.738411
    discharge_ratio: 0.5
    depth_of_discharge: 1.0
