cost_values:
  wind_capex: 5000.0
  wind_opex: 100
  wind_lifetime: 20
  solar_capex: 1000.0
  solar_opex: 10
  solar_lifetime: 20
  carbon_price: 1.0
timeseries_values:
  load_level: 287758.7520025469
  wind_year: 2011
  solar_year: 2018
  price_year: 2023
  carbon_year: 2023
storage_values:
  CAES:
    cost: 61.0838
    lifetime: 22.4192
    annual_cost: 2.7246199685983443
    efficiency: 0.583037
    discharge_ratio: 0.1
    depth_of_discharge: 0.4
  Li-ion:
    cost: 229.72
    lifetime: 18.8584
    annual_cost: 12.181309124846223
    efficiency: 0.909257
    discharge_ratio: 2
    depth_of_discharge: 0.9
  Pb-acid:
    cost: 124.203
    lifetime: 9.24396
    annual_cost: 13.436124777692678
    efficiency: 0.747885
    discharge_ratio: 5
    depth_of_discharge: 0.5
  VRBF:
    cost: 298.199
    lifetime: 20.5828
    annual_cost: 14.487776201488623
    efficiency: 0.732172
    discharge_ratio: 0.5
    depth_of_discharge: 1.0
