cost_values:
  wind_capex: 5000.0
  wind_opex: 100
  wind_lifetime: 20
  solar_capex: 1000.0
  solar_opex: 10
  solar_lifetime: 20
  carbon_price: 1.0
timeseries_values:
  load_level: 287758.7520025469
  wind_year: 2011
  solar_year: 2018
  price_year: 2023
  carbon_year: 2023
storage_values:
  CAES:
    cost: 62.2829
    lifetime: 22.5389
    annual_cost: 2.763351361424027
    efficiency: 0.576924
    discharge_ratio: 0.1
    depth_of_discharge: 0.4
  Li-ion:
    cost: 228.138
    lifetime: 19.1766
    annual_cost: 11.896686586777635
    efficiency: 0.919739
    discharge_ratio: 2
    depth_of_discharge: 0.9
  Pb-acid:
    cost: 151.231
    lifetime: 10.3899
    annual_cost: 14.55557801326288
    efficiency: 0.74316
    discharge_ratio: 5
    depth_of_discharge: 0.5
  VRBF:
    cost: 309.8
    lifetime: 22.1007
    annual_cost: 14.01765554937174
    efficiency: 0.725648
    discharge_ratio: 0.5
    depth_of_discharge: 1.0
