cost_values:
  wind_capex: 5000.0
  wind_opex: 100
  wind_lifetime: 20
  solar_capex: 1000.0
  solar_opex: 10
  solar_lifetime: 20
  carbon_price: 1.0
timeseries_values:
  load_level: 287758.7520025469
  wind_year: 2011
  solar_year: 2018
  price_year: 2023
  carbon_year: 2023
storage_values:
  CAES:
    cost: 59.9543
    lifetime: 22.5666
    annual_cost: 2.6567715118803896
    efficiency: 0.59041
    discharge_ratio: 0.1
    depth_of_discharge: 0.4
  Li-ion:
    cost: 253.573
    lifetime: 19.3122
    annual_cost: 13.130197491740972
    efficiency: 0.926408
    discharge_ratio: 2
    depth_of_discharge: 0.9
  Pb-acid:
    cost: 146.296
    lifetime: 10.3668
    annual_cost: 14.111972836362233
    efficiency: 0.733028
    discharge_ratio: 5
    depth_of_discharge: 0.5
  VRBF:
    cost: 261.766
    lifetime: 22.3761
    annual_cost: 11.698463986128056
    efficiency: 0.763925
    discharge_ratio: 0.5
    depth_of_discharge: 1.0
