cost_values:
  wind_capex: 5000.0
  wind_opex: 100
  wind_lifetime: 20
  solar_capex: 1000.0
  solar_opex: 10
  solar_lifetime: 20
  carbon_price: 1.0
timeseries_values:
  load_level: 287758.7520025469
  wind_year: 2011
  solar_year: 2018
  price_year: 2023
  carbon_year: 2023
storage_values:
  CAES:
    cost: 65.9839
    lifetime: 22.0945
    annual_cost: 2.9864400642693885
    efficiency: 0.578089
    discharge_ratio: 0.1
    depth_of_discharge: 0.4
  Li-ion:
    cost: 240.46
    lifetime: 18.5439
    annual_cost: 12.967067337507213
    efficiency: 0.932079
    discharge_ratio: 2
    depth_of_discharge: 0.9
  Pb-acid:
    cost: 132.716
    lifetime: 10.6931
    annual_cost: 12.411368078480518
    efficiency: 0.73514
    discharge_ratio: 5
    depth_of_discharge: 0.5
  VRBF:
    cost: 309.357
    lifetime: 23.9535
    annual_cost: 12.914897614127375
    efficiency: 0.747542
    discharge_ratio: 0.5
    depth_of_discharge: 1.0
