cost_values:
  wind_capex: 5000.0
  wind_opex: 100
  wind_lifetime: 20
  solar_capex: 1000.0
  solar_opex: 10
  solar_lifetime: 20
  carbon_price: 1.0
timeseries_values:
  load_level: 287758.7520025469
  wind_year: 2011
  solar_year: 2018
  price_year: 2023
  carbon_year: 2023
storage_values:
  CAES:
    cost: 60.5324
    lifetime: 23.3027
    annual_cost: 2.5976560656061314
    efficiency: 0.574206
    discharge_ratio: 0.1
    depth_of_discharge: 0.4
  Li-ion:
    cost: 267.41
    lifetime: 19.561
    annual_cost: 13.670568989315475
    efficiency: 0.919521
    discharge_ratio: 2
    depth_of_discharge: 0.9
  Pb-acid:
    cost: 137.47
    lifetime: 10.0122
    annual_cost: 13.730249096102755
    efficiency: 0.738256
    discharge_ratio: 5
    depth_of_discharge: 0.5
  VRBF:
    cost: 342.486
    lifetime: 24.0304
    annual_cost: 14.252197216858645
    efficiency: 0.733879
    discharge_ratio: 0.5
    depth_of_discharge: 1.0
