cost_values:
  wind_capex: 5000.0
  wind_opex: 100
  wind_lifetime: 20
  solar_capex: 1000.0
  solar_opex: 10
  solar_lifetime: 20
  carbon_price: 1.0
timeseries_values:
  load_level: 287758.7520025469
  wind_year: 2011
  solar_year: 2018
  price_year: 2023
  carbon_year: 2023
storage_values:
  CAES:
    cost: 58.4929
    lifetime: 23.05
    annual_cost: 2.537652928416486
    efficiency: 0.570805
    discharge_ratio: 0.1
    depth_of_discharge: 0.4
  Li-ion:
    cost: 248.011
    lifetime: 19.3017
    annual_cost: 12.849179087852365
    efficiency: 0.930033
    discharge_ratio: 2
    depth_of_discharge: 0.9
  Pb-acid:
    cost: 144.072
    lifetime: 9.79474
    annual_cost: 14.70911938448596
    efficiency: 0.754893
    discharge_ratio: 5
    depth_of_discharge: 0.5
  VRBF:
    cost: 324.837
    lifetime: 23.8847
    annual_cost: 13.600212688457464
    efficiency: 0.738924
    discharge_ratio: 0.5
    depth_of_discharge: 1.0
