cost_values:
  wind_capex: 5000.0
  wind_opex: 100
  wind_lifetime: 20
  solar_capex: 1000.0
  solar_opex: 10
  solar_lifetime: 20
  carbon_price: 1.0
timeseries_values:
  load_level: 287758.7520025469
  wind_year: 2011
  solar_year: 2018
  price_year: 2023
  carbon_year: 2023
storage_values:
  CAES:
    cost: 73.1504
    lifetime: 22.9838
    annual_cost: 3.1826938974408066
    efficiency: 0.588149
    discharge_ratio: 0.1
    depth_of_discharge: 0.4
  Li-ion:
    cost: 219.924
    lifetime: 17.8279
    annual_cost: 12.335945344095492
    efficiency: 0.923823
    discharge_ratio: 2
    depth_of_discharge: 0.9
  Pb-acid:
    cost: 152.902
    lifetime: 9.5465
    annual_cost: 16.016550568271093
    efficiency: 0.752672
    discharge_ratio: 5
    depth_of_discharge: 0.5
  VRBF:
    cost: 287.456
    lifetime: 22.6264
    annual_cost: 12.70445143725913
    efficiency: 0.732812
    discharge_ratio: 0.5
    depth_of_discharge: 1.0
