cost_values:
  wind_capex: 5000.0
  wind_opex: 100
  wind_lifetime: 20
  solar_capex: 1000.0
  solar_opex: 10
  solar_lifetime: 20
  carbon_price: 1.0
timeseries_values:
  load_level: 287758.7520025469
  wind_year: 2011
  solar_year: 2018
  price_year: 2023
  carbon_year: 2023
storage_values:
  CAES:
    cost: 57.9127
    lifetime: 23.6351
    annual_cost: 2.4502836882433328
    efficiency: 0.582536
    discharge_ratio: 0.1
    depth_of_discharge: 0.4
  Li-ion:
    cost: 242.592
    lifetime: 16.4501
    annual_cost: 14.747144394259003
    efficiency: 0.917752
    discharge_ratio: 2
    depth_of_discharge: 0.9
  Pb-acid:
    cost: 120.093
    lifetime: 10.274
    annual_cost: 11.68902082927779
    efficiency: 0.75401
    discharge_ratio: 5
    depth_of_discharge: 0.5
  VRBF:
    cost: 324.549
    lifetime: 23.8487
    annual_cost: 13.608666300469206
    efficiency: 0.725996
    discharge_ratio: 0.5
    depth_of_discharge: 1.0
