cost_values:
  wind_capex: 5000.0
  wind_opex: 100
  wind_lifetime: 20
  solar_capex: 1000.0
  solar_opex: 10
  solar_lifetime: 20
  carbon_price: 1.0
timeseries_values:
  load_level: 287758.7520025469
  wind_year: 2011
  solar_year: 2018
  price_year: 2023
  carbon_year: 2023
storage_values:
  CAES:
    cost: 64.8202
    lifetime: 22.35
    annual_cost: 2.9002326621923937
    efficiency: 0.584794
    discharge_ratio: 0.1
    depth_of_discharge: 0.4
  Li-ion:
    cost: 234.738
    lifetime: 19.3504
    annual_cost: 12.130912022490492
    efficiency: 0.920105
    discharge_ratio: 2
    depth_of_discharge: 0.9
  Pb-acid:
    cost: 122.028
    lifetime: 10.292
    annual_cost: 11.856587640886126
    efficiency: 0.733751
    discharge_ratio: 5
    depth_of_discharge: 0.5
  VRBF:
    cost: 273.433
    lifetime: 19.331
    annual_cost: 14.144793337126895
    efficiency: 0.751171
    discharge_ratio: 0.5
    depth_of_discharge: 1.0
