cost_values:
  wind_capex: 5000.0
  wind_opex: 100
  wind_lifetime: 20
  solar_capex: 1000.0
  solar_opex: 10
  solar_lifetime: 20
  carbon_price: 1.0
timeseries_values:
  load_level: 287758.7520025469
  wind_year: 2011
  solar_year: 2018
  price_year: 2023
  carbon_year: 2023
storage_values:
  CAES:
    cost: 56.9275
    lifetime: 23.0426
    annual_cost: 2.4705328391761348
    efficiency: 0.579989
    discharge_ratio: 0.1
    depth_of_discharge: 0.4
  Li-ion:
    cost: 232.757
    lifetime: 18.3489
    annual_cost: 12.685065589762875
    efficiency: 0.913676
    discharge_ratio: 2
    depth_of_discharge: 0.9
  Pb-acid:
    cost: 135.171
    lifetime: 11.3528
    annual_cost: 11.90640194489465
    efficiency: 0.743337
    discharge_ratio: 5
    depth_of_discharge: 0.5
  VRBF:
    cost: 332.646
    lifetime: 25.7513
    annual_cost: 12.917639109481852
    efficiency: 0.746396
    discharge_ratio: 0.5
    depth_of_discharge: 1.0
