cost_values:
  wind_capex: 5000.0
  wind_opex: 100
  wind_lifetime: 20
  solar_capex: 1000.0
  solar_opex: 10
  solar_lifetime: 20
  carbon_price: 1.0
timeseries_values:
  load_level: 287758.7520025469
  wind_year: 2011
  solar_year: 2018
  price_year: 2023
  carbon_year: 2023
storage_values:
  CAES:
    cost: 61.561
    lifetime: 22.6321
    annual_cost: 2.7200745843293372
    efficiency: 0.577805
    discharge_ratio: 0.1
    depth_of_discharge: 0.4
  Li-ion:
    cost: 248.431
    lifetime: 20.0682
    annual_cost: 12.379336462662321
    efficiency: 0.92177
    discharge_ratio: 2
    depth_of_discharge: 0.9
  Pb-acid:
    cost: 145.689
    lifetime: 8.80078
    annual_cost: 16.55410088651233
    efficiency: 0.741492
    discharge_ratio: 5
    depth_of_discharge: 0.5
  VRBF:
    cost: 285.895
    lifetime: 21.7477
    annual_cost: 13.145987851588904
    efficiency: 0.742891
    discharge_ratio: 0.5
    depth_of_discharge: 1.0
