cost_values:
  wind_capex: 5000.0
  wind_opex: 100
  wind_lifetime: 20
  solar_capex: 1000.0
  solar_opex: 10
  solar_lifetime: 20
  carbon_price: 1.0
timeseries_values:
  load_level: 287758.7520025469
  wind_year: 2011
  solar_year: 2018
  price_year: 2023
  carbon_year: 2023
storage_values:
  CAES:
    cost: 65.0599
    lifetime: 22.5007
    annual_cost: 2.891461154541859
    efficiency: 0.580498
    discharge_ratio: 0.1
    depth_of_discharge: 0.4
  Li-ion:
    cost: 240.131
    lifetime: 19.4238
    annual_cost: 12.362719962108342
    efficiency: 0.918893
    discharge_ratio: 2
    depth_of_discharge: 0.9
  Pb-acid:
    cost: 151.322
    lifetime: 9.92035
    annual_cost: 15.253695686140107
    efficiency: 0.731534
    discharge_ratio: 5
    depth_of_discharge: 0.5
  VRBF:
    cost: 304.968
    lifetime: 24.3278
    annual_cost: 12.535782109356376
    efficiency: 0.716053
    discharge_ratio: 0.5
    depth_of_discharge: 1.0
