cost_values:
  wind_capex: 5000.0
  wind_opex: 100
  wind_lifetime: 20
  solar_capex: 1000.0
  solar_opex: 10
  solar_lifetime: 20
  carbon_price: 1.0
timeseries_values:
  load_level: 287758.7520025469
  wind_year: 2011
  solar_year: 2018
  price_year: 2023
  carbon_year: 2023
storage_values:
  CAES:
    cost: 64.1194
    lifetime: 22.3756
    annual_cost: 2.8655946656179054
    efficiency: 0.580026
    discharge_ratio: 0.1
    depth_of_discharge: 0.4
  Li-ion:
    cost: 228.974
    lifetime: 19.2597
    annual_cost: 11.88876254562636
    efficiency: 0.928776
    discharge_ratio: 2
    depth_of_discharge: 0.9
  Pb-acid:
    cost: 158.523
    lifetime: 9.87443
    annual_cost: 16.053888680156728
    efficiency: 0.745861
    discharge_ratio: 5
    depth_of_discharge: 0.5
  VRBF:
    cost: 293.893
    lifetime: 22.3065
    annual_cost: 13.175217985788894
    efficiency: 0.73909
    discharge_ratio: 0.5
    depth_of_discharge: 1.0
