cost_values:
  wind_capex: 5000.0
  wind_opex: 100
  wind_lifetime: 20
  solar_capex: 1000.0
  solar_opex: 10
  solar_lifetime: 20
  carbon_price: 1.0
timeseries_values:
  load_level: 287758.7520025469
  wind_year: 2011
  solar_year: 2018
  price_year: 2023
  carbon_year: 2023
storage_values:
  CAES:
    cost: 63.3692
    lifetime: 23.6243
    annual_cost: 2.6823736576321835
    efficiency: 0.583398
    discharge_ratio: 0.1
    depth_of_discharge: 0.4
  Li-ion:
    cost: 248.027
    lifetime: 18.4374
    annual_cost: 13.452384826493974
    efficiency: 0.92941
    discharge_ratio: 2
    depth_of_discharge: 0.9
  Pb-acid:
    cost: 146.903
    lifetime: 8.90083
    annual_cost: 16.50441588031678
    efficiency: 0.751382
    discharge_ratio: 5
    depth_of_discharge: 0.5
  VRBF:
    cost: 303.414
    lifetime: 24.2026
    annual_cost: 12.536421706758777
    efficiency: 0.742895
    discharge_ratio: 0.5
    depth_of_discharge: 1.0
