cost_values:
  wind_capex: 5000.0
  wind_opex: 100
  wind_lifetime: 20
  solar_capex: 1000.0
  solar_opex: 10
  solar_lifetime: 20
  carbon_price: 1.0
timeseries_values:
  load_level: 287758.7520025469
  wind_year: 2011
  solar_year: 2018
  price_year: 2023
  carbon_year: 2023
storage_values:
  CAES:
    cost: 66.8905
    lifetime: 22.3624
    annual_cost: 2.9912039852609738
    efficiency: 0.580989
    discharge_ratio: 0.1
    depth_of_discharge: 0.4
  Li-ion:
    cost: 235.533
    lifetime: 19.3761
    annual_cost: 12.155851796801212
    efficiency: 0.930405
    discharge_ratio: 2
    depth_of_discharge: 0.9
  Pb-acid:
    cost: 142.861
    lifetime: 10.673
    annual_cost: 13.385271245198163
    efficiency: 0.758293
    discharge_ratio: 5
    depth_of_discharge: 0.5
  VRBF:
    cost: 306.753
    lifetime: 23.441
    annual_cost: 13.086173798046158
    efficiency: 0.734581
    discharge_ratio: 0.5
    depth_of_discharge: 1.0
