cost_values:
  wind_capex: 5000.0
  wind_opex: 100
  wind_lifetime: 20
  solar_capex: 1000.0
  solar_opex: 10
  solar_lifetime: 20
  carbon_price: 1.0
timeseries_values:
  load_level: 287758.7520025469
  wind_year: 2011
  solar_year: 2018
  price_year: 2023
  carbon_year: 2023
storage_values:
  CAES:
    cost: 67.4069
    lifetime: 23.5868
    annual_cost: 2.857823019655061
    efficiency: 0.582246
    discharge_ratio: 0.1
    depth_of_discharge: 0.4
  Li-ion:
    cost: 234.777
    lifetime: 19.0681
    annual_cost: 12.312553426927694
    efficiency: 0.920223
    discharge_ratio: 2
    depth_of_discharge: 0.9
  Pb-acid:
    cost: 151.883
    lifetime: 8.78813
    annual_cost: 17.282743882942103
    efficiency: 0.742141
    discharge_ratio: 5
    depth_of_discharge: 0.5
  VRBF:
    cost: 322.075
    lifetime: 22.8942
    annual_cost: 14.06797354788549
    efficiency: 0.752645
    discharge_ratio: 0.5
    depth_of_discharge: 1.0
