cost_values:
  wind_capex: 5000.0
  wind_opex: 100
  wind_lifetime: 20
  solar_capex: 1000.0
  solar_opex: 10
  solar_lifetime: 20
  carbon_price: 1.0
timeseries_values:
  load_level: 287758.7520025469
  wind_year: 2011
  solar_year: 2018
  price_year: 2023
  carbon_year: 2023
storage_values:
  CAES:
    cost: 60.3663
    lifetime: 21.9625
    annual_cost: 2.7486078542970978
    efficiency: 0.580407
    discharge_ratio: 0.1
    depth_of_discharge: 0.4
  Li-ion:
    cost: 232.694
    lifetime: 19.654
    annual_cost: 11.839523761066449
    efficiency: 0.934276
    discharge_ratio: 2
    depth_of_discharge: 0.9
  Pb-acid:
    cost: 129.524
    lifetime: 10.2155
    annual_cost: 12.679164015466693
    efficiency: 0.754169
    discharge_ratio: 5
    depth_of_discharge: 0.5
  VRBF:
    cost: 317.192
    lifetime: 22.6219
    annual_cost: 14.021457083622508
    efficiency: 0.754547
    discharge_ratio: 0.5
    depth_of_discharge: 1.0
