cost_values:
  wind_capex: 5000.0
  wind_opex: 100
  wind_lifetime: 20
  solar_capex: 1000.0
  solar_opex: 10
  solar_lifetime: 20
  carbon_price: 1.0
timeseries_values:
  load_level: 287758.7520025469
  wind_year: 2011
  solar_year: 2018
  price_year: 2023
  carbon_year: 2023
storage_values:
  CAES:
    cost: 61.5918
    lifetime: 22.6554
    annual_cost: 2.7186366164358167
    efficiency: 0.574834
    discharge_ratio: 0.1
    depth_of_discharge: 0.4
  Li-ion:
    cost: 242.004
    lifetime: 22.5051
    annual_cost: 10.75329591959156
    efficiency: 0.922436
    discharge_ratio: 2
    depth_of_discharge: 0.9
  Pb-acid:
    cost: 150.125
    lifetime: 9.42778
    annual_cost: 15.923685109325843
    efficiency: 0.75406
    discharge_ratio: 5
    depth_of_discharge: 0.5
  VRBF:
    cost: 322.511
    lifetime: 20.9643
    annual_cost: 15.38381915923737
    efficiency: 0.729032
    discharge_ratio: 0.5
    depth_of_discharge: 1.0
