cost_values:
  wind_capex: 5000.0
  wind_opex: 100
  wind_lifetime: 20
  solar_capex: 1000.0
  solar_opex: 10
  solar_lifetime: 20
  carbon_price: 1.0
timeseries_values:
  load_level: 287758.7520025469
  wind_year: 2011
  solar_year: 2018
  price_year: 2023
  carbon_year: 2023
storage_values:
  CAES:
    cost: 66.0369
    lifetime: 23.6891
    annual_cost: 2.787649171982051
    efficiency: 0.581623
    discharge_ratio: 0.1
    depth_of_discharge: 0.4
  Li-ion:
    cost: 244.004
    lifetime: 20.1916
    annual_cost: 12.084431149586957
    efficiency: 0.923397
    discharge_ratio: 2
    depth_of_discharge: 0.9
  Pb-acid:
    cost: 142.661
    lifetime: 8.13476
    annual_cost: 17.537210685994424
    efficiency: 0.725911
    discharge_ratio: 5
    depth_of_discharge: 0.5
  VRBF:
    cost: 278.503
    lifetime: 22.4967
    annual_cost: 12.379726804375752
    efficiency: 0.747704
    discharge_ratio: 0.5
    depth_of_discharge: 1.0
