cost_values:
  wind_capex: 5000.0
  wind_opex: 100
  wind_lifetime: 20
  solar_capex: 1000.0
  solar_opex: 10
  solar_lifetime: 20
  carbon_price: 1.0
timeseries_values:
  load_level: 287758.7520025469
  wind_year: 2011
  solar_year: 2018
  price_year: 2023
  carbon_year: 2023
storage_values:
  CAES:
    cost: 57.299
    lifetime: 22.6336
    annual_cost: 2.5315902021772936
    efficiency: 0.583807
    discharge_ratio: 0.1
    depth_of_discharge: 0.4
  Li-ion:
    cost: 236.009
    lifetime: 22.5901
    annual_cost: 10.44745264518528
    efficiency: 0.936754
    discharge_ratio: 2
    depth_of_discharge: 0.9
  Pb-acid:
    cost: 141.748
    lifetime: 10.766
    annual_cost: 13.166264164963774
    efficiency: 0.746156
    discharge_ratio: 5
    depth_of_discharge: 0.5
  VRBF:
    cost: 318.8
    lifetime: 21.0396
    annual_cost: 15.152379322800813
    efficiency: 0.737856
    discharge_ratio: 0.5
    depth_of_discharge: 1.0
