cost_values:
  wind_capex: 5000.0
  wind_opex: 100
  wind_lifetime: 20
  solar_capex: 1000.0
  solar_opex: 10
  solar_lifetime: 20
  carbon_price: 1.0
timeseries_values:
  load_level: 287758.7520025469
  wind_year: 2011
  solar_year: 2018
  price_year: 2023
  carbon_year: 2023
storage_values:
  CAES:
    cost: 67.6478
    lifetime: 22.3648
    annual_cost: 3.024744240950065
    efficiency: 0.577084
    discharge_ratio: 0.1
    depth_of_discharge: 0.4
  Li-ion:
    cost: 228.938
    lifetime: 22.3015
    annual_cost: 10.265587516534762
    efficiency: 0.918909
    discharge_ratio: 2
    depth_of_discharge: 0.9
  Pb-acid:
    cost: 140.871
    lifetime: 10.3749
    annual_cost: 13.578058583697192
    efficiency: 0.736607
    discharge_ratio: 5
    depth_of_discharge: 0.5
  VRBF:
    cost: 296.565
    lifetime: 21.5363
    annual_cost: 13.77047125086482
    efficiency: 0.751446
    discharge_ratio: 0.5
    depth_of_discharge: 1.0
