cost_values:
  wind_capex: 5000.0
  wind_opex: 100
  wind_lifetime: 20
  solar_capex: 1000.0
  solar_opex: 10
  solar_lifetime: 20
  carbon_price: 1.0
timeseries_values:
  load_level: 287758.7520025469
  wind_year: 2011
  solar_year: 2018
  price_year: 2023
  carbon_year: 2023
storage_values:
  CAES:
    cost: 72.0661
    lifetime: 22.5777
    annual_cost: 3.1919150312033557
    efficiency: 0.580369
    discharge_ratio: 0.1
    depth_of_discharge: 0.4
  Li-ion:
    cost: 232.28
    lifetime: 19.321
    annual_cost: 12.022152062522643
    efficiency: 0.917428
    discharge_ratio: 2
    depth_of_discharge: 0.9
  Pb-acid:
    cost: 159.386
    lifetime: 9.58418
    annual_cost: 16.63011337433145
    efficiency: 0.747103
    discharge_ratio: 5
    depth_of_discharge: 0.5
  VRBF:
    cost: 347.969
    lifetime: 20.6255
    annual_cost: 16.870815252963567
    efficiency: 0.745807
    discharge_ratio: 0.5
    depth_of_discharge: 1.0
