cost_values:
  wind_capex: 5000.0
  wind_opex: 100
  wind_lifetime: 20
  solar_capex: 1000.0
  solar_opex: 10
  solar_lifetime: 20
  carbon_price: 1.0
timeseries_values:
  load_level: 287758.7520025469
  wind_year: 2011
  solar_year: 2018
  price_year: 2023
  carbon_year: 2023
storage_values:
  CAES:
    cost: 71.6443
    lifetime: 22.433
    annual_cost: 3.193701243703473
    efficiency: 0.575427
    discharge_ratio: 0.1
    depth_of_discharge: 0.4
  Li-ion:
    cost: 231.033
    lifetime: 16.2394
    annual_cost: 14.22669556757023
    efficiency: 0.919433
    discharge_ratio: 2
    depth_of_discharge: 0.9
  Pb-acid:
    cost: 136.801
    lifetime: 9.49973
    annual_cost: 14.400514540939584
    efficiency: 0.750408
    discharge_ratio: 5
    depth_of_discharge: 0.5
  VRBF:
    cost: 307.878
    lifetime: 22.5267
    annual_cost: 13.667248198804085
    efficiency: 0.753908
    discharge_ratio: 0.5
    depth_of_discharge: 1.0
