cost_values:
  wind_capex: 5000.0
  wind_opex: 100
  wind_lifetime: 20
  solar_capex: 1000.0
  solar_opex: 10
  solar_lifetime: 20
  carbon_price: 1.0
timeseries_values:
  load_level: 287758.7520025469
  wind_year: 2011
  solar_year: 2018
  price_year: 2023
  carbon_year: 2023
storage_values:
  CAES:
    cost: 53.9163
    lifetime: 23.371
    annual_cost: 2.3069744555218006
    efficiency: 0.580102
    discharge_ratio: 0.1
    depth_of_discharge: 0.4
  Li-ion:
    cost: 253.03
    lifetime: 19.4371
    annual_cost: 13.017888471016766
    efficiency: 0.926431
    discharge_ratio: 2
    depth_of_discharge: 0.9
  Pb-acid:
    cost: 134.051
    lifetime: 9.15126
    annual_cost: 14.648365361709752
    efficiency: 0.745066
    discharge_ratio: 5
    depth_of_discharge: 0.5
  VRBF:
    cost: 300.61
    lifetime: 23.7921
    annual_cost: 12.63486619508156
    efficiency: 0.739993
    discharge_ratio: 0.5
    depth_of_discharge: 1.0
