cost_values:
  wind_capex: 5000.0
  wind_opex: 100
  wind_lifetime: 20
  solar_capex: 1000.0
  solar_opex: 10
  solar_lifetime: 20
  carbon_price: 1.0
timeseries_values:
  load_level: 287758.7520025469
  wind_year: 2011
  solar_year: 2018
  price_year: 2023
  carbon_year: 2023
storage_values:
  CAES:
    cost: 63.0373
    lifetime: 24.1193
    annual_cost: 2.6135625826620177
    efficiency: 0.572036
    discharge_ratio: 0.1
    depth_of_discharge: 0.4
  Li-ion:
    cost: 257.931
    lifetime: 18.5687
    annual_cost: 13.890633162256915
    efficiency: 0.905552
    discharge_ratio: 2
    depth_of_discharge: 0.9
  Pb-acid:
    cost: 127.033
    lifetime: 9.10364
    annual_cost: 13.954088694192652
    efficiency: 0.727514
    discharge_ratio: 5
    depth_of_discharge: 0.5
  VRBF:
    cost: 301.207
    lifetime: 24.7103
    annual_cost: 12.189532300295827
    efficiency: 0.759929
    discharge_ratio: 0.5
    depth_of_discharge: 1.0
