cost_values:
  wind_capex: 5000.0
  wind_opex: 100
  wind_lifetime: 20
  solar_capex: 1000.0
  solar_opex: 10
  solar_lifetime: 20
  carbon_price: 1.0
timeseries_values:
  load_level: 287758.7520025469
  wind_year: 2011
  solar_year: 2018
  price_year: 2023
  carbon_year: 2023
storage_values:
  CAES:
    cost: 58.1479
    lifetime: 22.7987
    annual_cost: 2.550491914012641
    efficiency: 0.58235
    discharge_ratio: 0.1
    depth_of_discharge: 0.4
  Li-ion:
    cost: 245.029
    lifetime: 17.7118
    annual_cost: 13.834223512008943
    efficiency: 0.932202
    discharge_ratio: 2
    depth_of_discharge: 0.9
  Pb-acid:
    cost: 155.485
    lifetime: 7.87983
    annual_cost: 19.732024675659247
    efficiency: 0.738437
    discharge_ratio: 5
    depth_of_discharge: 0.5
  VRBF:
    cost: 308.225
    lifetime: 21.2614
    annual_cost: 14.496928706482171
    efficiency: 0.757164
    discharge_ratio: 0.5
    depth_of_discharge: 1.0
