cost_values:
  wind_capex: 5000.0
  wind_opex: 100
  wind_lifetime: 20
  solar_capex: 1000.0
  solar_opex: 10
  solar_lifetime: 20
  carbon_price: 1.0
timeseries_values:
  load_level: 287758.7520025469
  wind_year: 2011
  solar_year: 2018
  price_year: 2023
  carbon_year: 2023
storage_values:
  CAES:
    cost: 65.0107
    lifetime: 21.9371
    annual_cost: 2.9635047476649143
    efficiency: 0.583059
    discharge_ratio: 0.1
    depth_of_discharge: 0.4
  Li-ion:
    cost: 248.293
    lifetime: 19.8566
    annual_cost: 12.5043058731102
    efficiency: 0.915082
    discharge_ratio: 2
    depth_of_discharge: 0.9
  Pb-acid:
    cost: 146.49
    lifetime: 10.7115
    annual_cost: 13.67595574849461
    efficiency: 0.734281
    discharge_ratio: 5
    depth_of_discharge: 0.5
  VRBF:
    cost: 321.157
    lifetime: 22.4145
    annual_cost: 14.32809119097013
    efficiency: 0.74504
    discharge_ratio: 0.5
    depth_of_discharge: 1.0
