cost_values:
  wind_capex: 5000.0
  wind_opex: 100
  wind_lifetime: 20
  solar_capex: 1000.0
  solar_opex: 10
  solar_lifetime: 20
  carbon_price: 1.0
timeseries_values:
  load_level: 287758.7520025469
  wind_year: 2011
  solar_year: 2018
  price_year: 2023
  carbon_year: 2023
storage_values:
  CAES:
    cost: 71.1512
    lifetime: 22.4902
    annual_cost: 3.163653502414385
    efficiency: 0.578584
    discharge_ratio: 0.1
    depth_of_discharge: 0.4
  Li-ion:
    cost: 224.269
    lifetime: 19.6238
    annual_cost: 11.428418552981585
    efficiency: 0.914783
    discharge_ratio: 2
    depth_of_discharge: 0.9
  Pb-acid:
    cost: 138.323
    lifetime: 8.67026
    annual_cost: 15.953731491327826
    efficiency: 0.711921
    discharge_ratio: 5
    depth_of_discharge: 0.5
  VRBF:
    cost: 293.014
    lifetime: 24.0471
    annual_cost: 12.185003597107343
    efficiency: 0.743823
    discharge_ratio: 0.5
    depth_of_discharge: 1.0
