cost_values:
  wind_capex: 5000.0
  wind_opex: 100
  wind_lifetime: 20
  solar_capex: 1000.0
  solar_opex: 10
  solar_lifetime: 20
  carbon_price: 1.0
timeseries_values:
  load_level: 287758.7520025469
  wind_year: 2011
  solar_year: 2018
  price_year: 2023
  carbon_year: 2023
storage_values:
  CAES:
    cost: 74.1405
    lifetime: 23.5164
    annual_cost: 3.15271470122978
    efficiency: 0.584254
    discharge_ratio: 0.1
    depth_of_discharge: 0.4
  Li-ion:
    cost: 234.156
    lifetime: 19.1422
    annual_cost: 12.23244977066377
    efficiency: 0.926668
    discharge_ratio: 2
    depth_of_discharge: 0.9
  Pb-acid:
    cost: 153.113
    lifetime: 8.83559
    annual_cost: 17.32912007008021
    efficiency: 0.743643
    discharge_ratio: 5
    depth_of_discharge: 0.5
  VRBF:
    cost: 315.664
    lifetime: 22.379
    annual_cost: 14.105366638366323
    efficiency: 0.71137
    discharge_ratio: 0.5
    depth_of_discharge: 1.0
