cost_values:
  wind_capex: 5000.0
  wind_opex: 100
  wind_lifetime: 20
  solar_capex: 1000.0
  solar_opex: 10
  solar_lifetime: 20
  carbon_price: 1.0
timeseries_values:
  load_level: 287758.7520025469
  wind_year: 2011
  solar_year: 2018
  price_year: 2023
  carbon_year: 2023
storage_values:
  CAES:
    cost: 61.8117
    lifetime: 22.2698
    annual_cost: 2.7755839747101456
    efficiency: 0.58207
    discharge_ratio: 0.1
    depth_of_discharge: 0.4
  Li-ion:
    cost: 227.074
    lifetime: 19.2487
    annual_cost: 11.796848618348253
    efficiency: 0.917459
    discharge_ratio: 2
    depth_of_discharge: 0.9
  Pb-acid:
    cost: 149.658
    lifetime: 8.74253
    annual_cost: 17.118385638939756
    efficiency: 0.733677
    discharge_ratio: 5
    depth_of_discharge: 0.5
  VRBF:
    cost: 291.445
    lifetime: 23.2789
    annual_cost: 12.519706687171645
    efficiency: 0.744626
    discharge_ratio: 0.5
    depth_of_discharge: 1.0
