cost_values:
  wind_capex: 5000.0
  wind_opex: 100
  wind_lifetime: 20
  solar_capex: 1000.0
  solar_opex: 10
  solar_lifetime: 20
  carbon_price: 1.0
timeseries_values:
  load_level: 287758.7520025469
  wind_year: 2011
  solar_year: 2018
  price_year: 2023
  carbon_year: 2023
storage_values:
  CAES:
    cost: 59.8688
    lifetime: 22.4532
    annual_cost: 2.6663816293445923
    efficiency: 0.58349
    discharge_ratio: 0.1
    depth_of_discharge: 0.4
  Li-ion:
    cost: 242.912
    lifetime: 20.3017
    annual_cost: 11.965106370402479
    efficiency: 0.924467
    discharge_ratio: 2
    depth_of_discharge: 0.9
  Pb-acid:
    cost: 137.311
    lifetime: 8.80878
    annual_cost: 15.587970184293399
    efficiency: 0.748388
    discharge_ratio: 5
    depth_of_discharge: 0.5
  VRBF:
    cost: 350.05
    lifetime: 21.3992
    annual_cost: 16.35808815282814
    efficiency: 0.747272
    discharge_ratio: 0.5
    depth_of_discharge: 1.0
