cost_values:
  wind_capex: 5000.0
  wind_opex: 100
  wind_lifetime: 20
  solar_capex: 1000.0
  solar_opex: 10
  solar_lifetime: 20
  carbon_price: 1.0
timeseries_values:
  load_level: 287758.7520025469
  wind_year: 2011
  solar_year: 2018
  price_year: 2023
  carbon_year: 2023
storage_values:
  CAES:
    cost: 66.7971
    lifetime: 22.7727
    annual_cost: 2.9332095008497014
    efficiency: 0.580488
    discharge_ratio: 0.1
    depth_of_discharge: 0.4
  Li-ion:
    cost: 238.915
    lifetime: 17.1595
    annual_cost: 13.923191235175848
    efficiency: 0.911318
    discharge_ratio: 2
    depth_of_discharge: 0.9
  Pb-acid:
    cost: 166.253
    lifetime: 10.47
    annual_cost: 15.878987583572108
    efficiency: 0.76505
    discharge_ratio: 5
    depth_of_discharge: 0.5
  VRBF:
    cost: 316.443
    lifetime: 24.9526
    annual_cost: 12.681764625730384
    efficiency: 0.740014
    discharge_ratio: 0.5
    depth_of_discharge: 1.0
