cost_values:
  wind_capex: 5000.0
  wind_opex: 100
  wind_lifetime: 20
  solar_capex: 1000.0
  solar_opex: 10
  solar_lifetime: 20
  carbon_price: 1.0
timeseries_values:
  load_level: 287758.7520025469
  wind_year: 2011
  solar_year: 2018
  price_year: 2023
  carbon_year: 2023
storage_values:
  CAES:
    cost: 67.6446
    lifetime: 23.651
    annual_cost: 2.8601158513382097
    efficiency: 0.581874
    discharge_ratio: 0.1
    depth_of_discharge: 0.4
  Li-ion:
    cost: 234.385
    lifetime: 21.4433
    annual_cost: 10.930453801420489
    efficiency: 0.911291
    discharge_ratio: 2
    depth_of_discharge: 0.9
  Pb-acid:
    cost: 147.384
    lifetime: 8.23302
    annual_cost: 17.901571962657687
    efficiency: 0.739451
    discharge_ratio: 5
    depth_of_discharge: 0.5
  VRBF:
    cost: 296.24
    lifetime: 23.9826
    annual_cost: 12.35228874267177
    efficiency: 0.757875
    discharge_ratio: 0.5
    depth_of_discharge: 1.0
