cost_values:
  wind_capex: 5000.0
  wind_opex: 100
  wind_lifetime: 20
  solar_capex: 1000.0
  solar_opex: 10
  solar_lifetime: 20
  carbon_price: 1.0
timeseries_values:
  load_level: 287758.7520025469
  wind_year: 2011
  solar_year: 2018
  price_year: 2023
  carbon_year: 2023
storage_values:
  CAES:
    cost: 67.4433
    lifetime: 22.4868
    annual_cost: 2.9992395538716043
    efficiency: 0.584522
    discharge_ratio: 0.1
    depth_of_discharge: 0.4
  Li-ion:
    cost: 240.555
    lifetime: 18.4848
    annual_cost: 13.013665281745002
    efficiency: 0.915581
    discharge_ratio: 2
    depth_of_discharge: 0.9
  Pb-acid:
    cost: 141.794
    lifetime: 11.1079
    annual_cost: 12.76514912809802
    efficiency: 0.741828
    discharge_ratio: 5
    depth_of_discharge: 0.5
  VRBF:
    cost: 297.914
    lifetime: 24.0961
    annual_cost: 12.363577508393474
    efficiency: 0.746253
    discharge_ratio: 0.5
    depth_of_discharge: 1.0
