cost_values:
  wind_capex: 5000.0
  wind_opex: 100
  wind_lifetime: 20
  solar_capex: 1000.0
  solar_opex: 10
  solar_lifetime: 20
  carbon_price: 1.0
timeseries_values:
  load_level: 287758.7520025469
  wind_year: 2011
  solar_year: 2018
  price_year: 2023
  carbon_year: 2023
storage_values:
  CAES:
    cost: 64.8117
    lifetime: 23.4075
    annual_cost: 2.768843319448895
    efficiency: 0.576907
    discharge_ratio: 0.1
    depth_of_discharge: 0.4
  Li-ion:
    cost: 245.651
    lifetime: 19.4522
    annual_cost: 12.628443055284235
    efficiency: 0.929754
    discharge_ratio: 2
    depth_of_discharge: 0.9
  Pb-acid:
    cost: 138.847
    lifetime: 10.0959
    annual_cost: 13.752810546855654
    efficiency: 0.740425
    discharge_ratio: 5
    depth_of_discharge: 0.5
  VRBF:
    cost: 312.127
    lifetime: 25.2604
    annual_cost: 12.356375987711992
    efficiency: 0.740734
    discharge_ratio: 0.5
    depth_of_discharge: 1.0
