cost_values:
  wind_capex: 5000.0
  wind_opex: 100
  wind_lifetime: 20
  solar_capex: 1000.0
  solar_opex: 10
  solar_lifetime: 20
  carbon_price: 1.0
timeseries_values:
  load_level: 287758.7520025469
  wind_year: 2011
  solar_year: 2018
  price_year: 2023
  carbon_year: 2023
storage_values:
  CAES:
    cost: 58.4944
    lifetime: 23.2573
    annual_cost: 2.5150984852067952
    efficiency: 0.569876
    discharge_ratio: 0.1
    depth_of_discharge: 0.4
  Li-ion:
    cost: 236.153
    lifetime: 19.9281
    annual_cost: 11.85025165469864
    efficiency: 0.931833
    discharge_ratio: 2
    depth_of_discharge: 0.9
  Pb-acid:
    cost: 149.912
    lifetime: 10.1789
    annual_cost: 14.727721070056687
    efficiency: 0.746475
    discharge_ratio: 5
    depth_of_discharge: 0.5
  VRBF:
    cost: 292.592
    lifetime: 24.0095
    annual_cost: 12.186509506653616
    efficiency: 0.73579
    discharge_ratio: 0.5
    depth_of_discharge: 1.0
