cost_values:
  wind_capex: 5000.0
  wind_opex: 100
  wind_lifetime: 20
  solar_capex: 1000.0
  solar_opex: 10
  solar_lifetime: 20
  carbon_price: 1.0
timeseries_values:
  load_level: 287758.7520025469
  wind_year: 2011
  solar_year: 2018
  price_year: 2023
  carbon_year: 2023
storage_values:
  CAES:
    cost: 66.9856
    lifetime: 22.3916
    annual_cost: 2.991550402829633
    efficiency: 0.582482
    discharge_ratio: 0.1
    depth_of_discharge: 0.4
  Li-ion:
    cost: 228.953
    lifetime: 18.9448
    annual_cost: 12.085268780879186
    efficiency: 0.917784
    discharge_ratio: 2
    depth_of_discharge: 0.9
  Pb-acid:
    cost: 129.891
    lifetime: 7.91808
    annual_cost: 16.404355601357903
    efficiency: 0.74693
    discharge_ratio: 5
    depth_of_discharge: 0.5
  VRBF:
    cost: 316.653
    lifetime: 23.4846
    annual_cost: 13.483431695664393
    efficiency: 0.72447
    discharge_ratio: 0.5
    depth_of_discharge: 1.0
