cost_values:
  wind_capex: 5000.0
  wind_opex: 100
  wind_lifetime: 20
  solar_capex: 1000.0
  solar_opex: 10
  solar_lifetime: 20
  carbon_price: 1.0
timeseries_values:
  load_level: 287758.7520025469
  wind_year: 2011
  solar_year: 2018
  price_year: 2023
  carbon_year: 2023
storage_values:
  CAES:
    cost: 61.5679
    lifetime: 23.1297
    annual_cost: 2.6618546716991576
    efficiency: 0.576809
    discharge_ratio: 0.1
    depth_of_discharge: 0.4
  Li-ion:
    cost: 224.117
    lifetime: 17.0089
    annual_cost: 13.17645467960891
    efficiency: 0.938035
    discharge_ratio: 2
    depth_of_discharge: 0.9
  Pb-acid:
    cost: 138.027
    lifetime: 11.0921
    annual_cost: 12.44372120698515
    efficiency: 0.741325
    discharge_ratio: 5
    depth_of_discharge: 0.5
  VRBF:
    cost: 317.854
    lifetime: 23.0177
    annual_cost: 13.809112118065661
    efficiency: 0.735667
    discharge_ratio: 0.5
    depth_of_discharge: 1.0
