cost_values:
  wind_capex: 5000.0
  wind_opex: 100
  wind_lifetime: 20
  solar_capex: 1000.0
  solar_opex: 10
  solar_lifetime: 20
  carbon_price: 1.0
timeseries_values:
  load_level: 287758.7520025469
  wind_year: 2011
  solar_year: 2018
  price_year: 2023
  carbon_year: 2023
storage_values:
  CAES:
    cost: 63.9838
    lifetime: 23.1163
    annual_cost: 2.767908359036697
    efficiency: 0.57742
    discharge_ratio: 0.1
    depth_of_discharge: 0.4
  Li-ion:
    cost: 246.92
    lifetime: 20.9472
    annual_cost: 11.78773296669722
    efficiency: 0.928416
    discharge_ratio: 2
    depth_of_discharge: 0.9
  Pb-acid:
    cost: 142.585
    lifetime: 9.92604
    annual_cost: 14.36474162908874
    efficiency: 0.731444
    discharge_ratio: 5
    depth_of_discharge: 0.5
  VRBF:
    cost: 317.568
    lifetime: 23.0324
    annual_cost: 13.787881419218145
    efficiency: 0.73578
    discharge_ratio: 0.5
    depth_of_discharge: 1.0
