cost_values:
  wind_capex: 5000.0
  wind_opex: 100
  wind_lifetime: 20
  solar_capex: 1000.0
  solar_opex: 10
  solar_lifetime: 20
  carbon_price: 1.0
timeseries_values:
  load_level: 287758.7520025469
  wind_year: 2011
  solar_year: 2018
  price_year: 2023
  carbon_year: 2023
storage_values:
  CAES:
    cost: 68.501
    lifetime: 23.2778
    annual_cost: 2.9427609138320636
    efficiency: 0.566905
    discharge_ratio: 0.1
    depth_of_discharge: 0.4
  Li-ion:
    cost: 241.278
    lifetime: 19.3034
    annual_cost: 12.499248836992447
    efficiency: 0.928113
    discharge_ratio: 2
    depth_of_discharge: 0.9
  Pb-acid:
    cost: 137.904
    lifetime: 9.6521
    annual_cost: 14.287460759834646
    efficiency: 0.748236
    discharge_ratio: 5
    depth_of_discharge: 0.5
  VRBF:
    cost: 312.465
    lifetime: 24.4518
    annual_cost: 12.778813829656713
    efficiency: 0.76768
    discharge_ratio: 0.5
    depth_of_discharge: 1.0
