cost_values:
  wind_capex: 5000.0
  wind_opex: 100
  wind_lifetime: 20
  solar_capex: 1000.0
  solar_opex: 10
  solar_lifetime: 20
  carbon_price: 1.0
timeseries_values:
  load_level: 287758.7520025469
  wind_year: 2011
  solar_year: 2018
  price_year: 2023
  carbon_year: 2023
storage_values:
  CAES:
    cost: 68.1849
    lifetime: 23.2024
    annual_cost: 2.9387003068648068
    efficiency: 0.5947
    discharge_ratio: 0.1
    depth_of_discharge: 0.4
  Li-ion:
    cost: 244.727
    lifetime: 18.7308
    annual_cost: 13.065485724048093
    efficiency: 0.933794
    discharge_ratio: 2
    depth_of_discharge: 0.9
  Pb-acid:
    cost: 155.502
    lifetime: 9.92869
    annual_cost: 15.661884901230678
    efficiency: 0.730661
    discharge_ratio: 5
    depth_of_discharge: 0.5
  VRBF:
    cost: 297.336
    lifetime: 22.0478
    annual_cost: 13.485971389435681
    efficiency: 0.724371
    discharge_ratio: 0.5
    depth_of_discharge: 1.0
