cost_values:
  wind_capex: 5000.0
  wind_opex: 100
  wind_lifetime: 20
  solar_capex: 1000.0
  solar_opex: 10
  solar_lifetime: 20
  carbon_price: 1.0
timeseries_values:
  load_level: 287758.7520025469
  wind_year: 2011
  solar_year: 2018
  price_year: 2023
  carbon_year: 2023
storage_values:
  CAES:
    cost: 62.5298
    lifetime: 22.8817
    annual_cost: 2.7327427594977647
    efficiency: 0.579681
    discharge_ratio: 0.1
    depth_of_discharge: 0.4
  Li-ion:
    cost: 241.766
    lifetime: 19.9863
    annual_cost: 12.09658616152064
    efficiency: 0.912749
    discharge_ratio: 2
    depth_of_discharge: 0.9
  Pb-acid:
    cost: 170.956
    lifetime: 11.056
    annual_cost: 15.462735166425471
    efficiency: 0.725532
    discharge_ratio: 5
    depth_of_discharge: 0.5
  VRBF:
    cost: 329.792
    lifetime: 23.9119
    annual_cost: 13.791961324696072
    efficiency: 0.748322
    discharge_ratio: 0.5
    depth_of_discharge: 1.0
