cost_values:
  wind_capex: 5000.0
  wind_opex: 100
  wind_lifetime: 20
  solar_capex: 1000.0
  solar_opex: 10
  solar_lifetime: 20
  carbon_price: 1.0
timeseries_values:
  load_level: 287758.7520025469
  wind_year: 2011
  solar_year: 2018
  price_year: 2023
  carbon_year: 2023
storage_values:
  CAES:
    cost: 63.995
    lifetime: 22.8324
    annual_cost: 2.8028152975596083
    efficiency: 0.579314
    discharge_ratio: 0.1
    depth_of_discharge: 0.4
  Li-ion:
    cost: 228.854
    lifetime: 18.3386
    annual_cost: 12.47936047462729
    efficiency: 0.925061
    discharge_ratio: 2
    depth_of_discharge: 0.9
  Pb-acid:
    cost: 137.937
    lifetime: 9.28152
    annual_cost: 14.861466656323534
    efficiency: 0.753056
    discharge_ratio: 5
    depth_of_discharge: 0.5
  VRBF:
    cost: 313.521
    lifetime: 22.1569
    annual_cost: 14.150039039757367
    efficiency: 0.743332
    discharge_ratio: 0.5
    depth_of_discharge: 1.0
