cost_values:
  wind_capex: 5000.0
  wind_opex: 100
  wind_lifetime: 20
  solar_capex: 1000.0
  solar_opex: 10
  solar_lifetime: 20
  carbon_price: 1.0
timeseries_values:
  load_level: 287758.7520025469
  wind_year: 2011
  solar_year: 2018
  price_year: 2023
  carbon_year: 2023
storage_values:
  CAES:
    cost: 58.1254
    lifetime: 22.3776
    annual_cost: 2.59748140998141
    efficiency: 0.579943
    discharge_ratio: 0.1
    depth_of_discharge: 0.4
  Li-ion:
    cost: 226.951
    lifetime: 17.5067
    annual_cost: 12.963665339555714
    efficiency: 0.934521
    discharge_ratio: 2
    depth_of_discharge: 0.9
  Pb-acid:
    cost: 138.225
    lifetime: 10.2946
    annual_cost: 13.426942280418858
    efficiency: 0.737718
    discharge_ratio: 5
    depth_of_discharge: 0.5
  VRBF:
    cost: 298.313
    lifetime: 19.8977
    annual_cost: 14.992335797604747
    efficiency: 0.756359
    discharge_ratio: 0.5
    depth_of_discharge: 1.0
