cost_values:
  wind_capex: 5000.0
  wind_opex: 100
  wind_lifetime: 20
  solar_capex: 1000.0
  solar_opex: 10
  solar_lifetime: 20
  carbon_price: 1.0
timeseries_values:
  load_level: 287758.7520025469
  wind_year: 2011
  solar_year: 2018
  price_year: 2023
  carbon_year: 2023
storage_values:
  CAES:
    cost: 62.2428
    lifetime: 21.9402
    annual_cost: 2.8369294719282414
    efficiency: 0.586401
    discharge_ratio: 0.1
    depth_of_discharge: 0.4
  Li-ion:
    cost: 239.808
    lifetime: 21.3104
    annual_cost: 11.25309707936031
    efficiency: 0.906453
    discharge_ratio: 2
    depth_of_discharge: 0.9
  Pb-acid:
    cost: 152.034
    lifetime: 9.15528
    annual_cost: 16.606155136707997
    efficiency: 0.743356
    discharge_ratio: 5
    depth_of_discharge: 0.5
  VRBF:
    cost: 302.755
    lifetime: 21.6539
    annual_cost: 13.98154604944144
    efficiency: 0.747576
    discharge_ratio: 0.5
    depth_of_discharge: 1.0
