cost_values:
  wind_capex: 5000.0
  wind_opex: 100
  wind_lifetime: 20
  solar_capex: 1000.0
  solar_opex: 10
  solar_lifetime: 20
  carbon_price: 1.0
timeseries_values:
  load_level: 287758.7520025469
  wind_year: 2011
  solar_year: 2018
  price_year: 2023
  carbon_year: 2023
storage_values:
  CAES:
    cost: 63.4129
    lifetime: 22.6266
    annual_cost: 2.802581916858918
    efficiency: 0.568471
    discharge_ratio: 0.1
    depth_of_discharge: 0.4
  Li-ion:
    cost: 229.353
    lifetime: 18.5351
    annual_cost: 12.373982336216153
    efficiency: 0.937654
    discharge_ratio: 2
    depth_of_discharge: 0.9
  Pb-acid:
    cost: 138.169
    lifetime: 10.0561
    annual_cost: 13.73981961197681
    efficiency: 0.746655
    discharge_ratio: 5
    depth_of_discharge: 0.5
  VRBF:
    cost: 303.39
    lifetime: 24.2543
    annual_cost: 12.508709795788787
    efficiency: 0.728362
    discharge_ratio: 0.5
    depth_of_discharge: 1.0
