cost_values:
  wind_capex: 5000.0
  wind_opex: 100
  wind_lifetime: 20
  solar_capex: 1000.0
  solar_opex: 10
  solar_lifetime: 20
  carbon_price: 1.0
timeseries_values:
  load_level: 287758.7520025469
  wind_year: 2011
  solar_year: 2018
  price_year: 2023
  carbon_year: 2023
storage_values:
  CAES:
    cost: 66.0017
    lifetime: 23.337
    annual_cost: 2.828199854308609
    efficiency: 0.583935
    discharge_ratio: 0.1
    depth_of_discharge: 0.4
  Li-ion:
    cost: 260.517
    lifetime: 20.4734
    annual_cost: 12.724657360282121
    efficiency: 0.925519
    discharge_ratio: 2
    depth_of_discharge: 0.9
  Pb-acid:
    cost: 135.928
    lifetime: 9.20749
    annual_cost: 14.762763793389947
    efficiency: 0.734274
    discharge_ratio: 5
    depth_of_discharge: 0.5
  VRBF:
    cost: 306.574
    lifetime: 22.7746
    annual_cost: 13.461224346421014
    efficiency: 0.727434
    discharge_ratio: 0.5
    depth_of_discharge: 1.0
