cost_values:
  wind_capex: 5000.0
  wind_opex: 100
  wind_lifetime: 20
  solar_capex: 1000.0
  solar_opex: 10
  solar_lifetime: 20
  carbon_price: 1.0
timeseries_values:
  load_level: 287758.7520025469
  wind_year: 2011
  solar_year: 2018
  price_year: 2023
  carbon_year: 2023
storage_values:
  CAES:
    cost: 66.2938
    lifetime: 21.9904
    annual_cost: 3.0146700378346916
    efficiency: 0.581029
    discharge_ratio: 0.1
    depth_of_discharge: 0.4
  Li-ion:
    cost: 231.296
    lifetime: 19.2693
    annual_cost: 12.003342103760904
    efficiency: 0.931048
    discharge_ratio: 2
    depth_of_discharge: 0.9
  Pb-acid:
    cost: 120.729
    lifetime: 9.15145
    annual_cost: 13.19233564080009
    efficiency: 0.739718
    discharge_ratio: 5
    depth_of_discharge: 0.5
  VRBF:
    cost: 286.632
    lifetime: 22.3774
    annual_cost: 12.80899478938572
    efficiency: 0.749303
    discharge_ratio: 0.5
    depth_of_discharge: 1.0
