cost_values:
  wind_capex: 5000.0
  wind_opex: 100
  wind_lifetime: 20
  solar_capex: 1000.0
  solar_opex: 10
  solar_lifetime: 20
  carbon_price: 1.0
timeseries_values:
  load_level: 287758.7520025469
  wind_year: 2011
  solar_year: 2018
  price_year: 2023
  carbon_year: 2023
storage_values:
  CAES:
    cost: 67.9626
    lifetime: 22.9276
    annual_cost: 2.964226521746715
    efficiency: 0.580721
    discharge_ratio: 0.1
    depth_of_discharge: 0.4
  Li-ion:
    cost: 236.588
    lifetime: 20.6939
    annual_cost: 11.43274104929472
    efficiency: 0.917458
    discharge_ratio: 2
    depth_of_discharge: 0.9
  Pb-acid:
    cost: 156.744
    lifetime: 9.17091
    annual_cost: 17.09143367452085
    efficiency: 0.741845
    discharge_ratio: 5
    depth_of_discharge: 0.5
  VRBF:
    cost: 287.488
    lifetime: 21.9439
    annual_cost: 13.101044025902414
    efficiency: 0.737707
    discharge_ratio: 0.5
    depth_of_discharge: 1.0
