cost_values:
  wind_capex: 5000.0
  wind_opex: 100
  wind_lifetime: 20
  solar_capex: 1000.0
  solar_opex: 10
  solar_lifetime: 20
  carbon_price: 1.0
timeseries_values:
  load_level: 287758.7520025469
  wind_year: 2011
  solar_year: 2018
  price_year: 2023
  carbon_year: 2023
storage_values:
  CAES:
    cost: 66.9768
    lifetime: 21.7557
    annual_cost: 3.0785863015209802
    efficiency: 0.589226
    discharge_ratio: 0.1
    depth_of_discharge: 0.4
  Li-ion:
    cost: 241.079
    lifetime: 16.9128
    annual_cost: 14.254233479967835
    efficiency: 0.931926
    discharge_ratio: 2
    depth_of_discharge: 0.9
  Pb-acid:
    cost: 138.936
    lifetime: 9.29864
    annual_cost: 14.941539838083848
    efficiency: 0.738094
    discharge_ratio: 5
    depth_of_discharge: 0.5
  VRBF:
    cost: 311.035
    lifetime: 19.4662
    annual_cost: 15.978208381707782
    efficiency: 0.745526
    discharge_ratio: 0.5
    depth_of_discharge: 1.0
