cost_values:
  wind_capex: 5000.0
  wind_opex: 100
  wind_lifetime: 20
  solar_capex: 1000.0
  solar_opex: 10
  solar_lifetime: 20
  carbon_price: 1.0
timeseries_values:
  load_level: 287758.7520025469
  wind_year: 2011
  solar_year: 2018
  price_year: 2023
  carbon_year: 2023
storage_values:
  CAES:
    cost: 65.6636
    lifetime: 22.7802
    annual_cost: 2.8824856673778108
    efficiency: 0.572391
    discharge_ratio: 0.1
    depth_of_discharge: 0.4
  Li-ion:
    cost: 235.977
    lifetime: 19.5775
    annual_cost: 12.05347975992849
    efficiency: 0.920519
    discharge_ratio: 2
    depth_of_discharge: 0.9
  Pb-acid:
    cost: 129.081
    lifetime: 10.3447
    annual_cost: 12.477983895134706
    efficiency: 0.742921
    discharge_ratio: 5
    depth_of_discharge: 0.5
  VRBF:
    cost: 312.938
    lifetime: 23.6413
    annual_cost: 13.23692013552554
    efficiency: 0.761556
    discharge_ratio: 0.5
    depth_of_discharge: 1.0
