cost_values:
  wind_capex: 5000.0
  wind_opex: 100
  wind_lifetime: 20
  solar_capex: 1000.0
  solar_opex: 10
  solar_lifetime: 20
  carbon_price: 1.0
timeseries_values:
  load_level: 287758.7520025469
  wind_year: 2011
  solar_year: 2018
  price_year: 2023
  carbon_year: 2023
storage_values:
  CAES:
    cost: 63.352
    lifetime: 23.0703
    annual_cost: 2.746041447228688
    efficiency: 0.573619
    discharge_ratio: 0.1
    depth_of_discharge: 0.4
  Li-ion:
    cost: 254.29
    lifetime: 19.9141
    annual_cost: 12.76934433391416
    efficiency: 0.926616
    discharge_ratio: 2
    depth_of_discharge: 0.9
  Pb-acid:
    cost: 128.787
    lifetime: 8.23951
    annual_cost: 15.630419770107691
    efficiency: 0.737304
    discharge_ratio: 5
    depth_of_discharge: 0.5
  VRBF:
    cost: 306.65
    lifetime: 21.288
    annual_cost: 14.404829011649754
    efficiency: 0.740769
    discharge_ratio: 0.5
    depth_of_discharge: 1.0
