cost_values:
  wind_capex: 5000.0
  wind_opex: 100
  wind_lifetime: 20
  solar_capex: 1000.0
  solar_opex: 10
  solar_lifetime: 20
  carbon_price: 1.0
timeseries_values:
  load_level: 287758.7520025469
  wind_year: 2011
  solar_year: 2018
  price_year: 2023
  carbon_year: 2023
storage_values:
  CAES:
    cost: 72.8455
    lifetime: 22.1553
    annual_cost: 3.2879491588920033
    efficiency: 0.570139
    discharge_ratio: 0.1
    depth_of_discharge: 0.4
  Li-ion:
    cost: 235.364
    lifetime: 17.3002
    annual_cost: 13.604698211581368
    efficiency: 0.928215
    discharge_ratio: 2
    depth_of_discharge: 0.9
  Pb-acid:
    cost: 148.33
    lifetime: 9.89721
    annual_cost: 14.987051906547403
    efficiency: 0.749118
    discharge_ratio: 5
    depth_of_discharge: 0.5
  VRBF:
    cost: 268.785
    lifetime: 21.1665
    annual_cost: 12.698603926015167
    efficiency: 0.726525
    discharge_ratio: 0.5
    depth_of_discharge: 1.0
