cost_values:
  wind_capex: 5000.0
  wind_opex: 100
  wind_lifetime: 20
  solar_capex: 1000.0
  solar_opex: 10
  solar_lifetime: 20
  carbon_price: 1.0
timeseries_values:
  load_level: 287758.7520025469
  wind_year: 2011
  solar_year: 2018
  price_year: 2023
  carbon_year: 2023
storage_values:
  CAES:
    cost: 56.0283
    lifetime: 21.9069
    annual_cost: 2.557564055160703
    efficiency: 0.573602
    discharge_ratio: 0.1
    depth_of_discharge: 0.4
  Li-ion:
    cost: 242.96
    lifetime: 19.3596
    annual_cost: 12.549846071199818
    efficiency: 0.932781
    discharge_ratio: 2
    depth_of_discharge: 0.9
  Pb-acid:
    cost: 146.334
    lifetime: 8.91858
    annual_cost: 16.407768949765547
    efficiency: 0.743635
    discharge_ratio: 5
    depth_of_discharge: 0.5
  VRBF:
    cost: 259.827
    lifetime: 23.6172
    annual_cost: 11.001600528428433
    efficiency: 0.766926
    discharge_ratio: 0.5
    depth_of_discharge: 1.0
