cost_values:
  wind_capex: 5000.0
  wind_opex: 100
  wind_lifetime: 20
  solar_capex: 1000.0
  solar_opex: 10
  solar_lifetime: 20
  carbon_price: 1.0
timeseries_values:
  load_level: 287758.7520025469
  wind_year: 2011
  solar_year: 2018
  price_year: 2023
  carbon_year: 2023
storage_values:
  CAES:
    cost: 65.8373
    lifetime: 22.3302
    annual_cost: 2.9483524554191183
    efficiency: 0.586041
    discharge_ratio: 0.1
    depth_of_discharge: 0.4
  Li-ion:
    cost: 249.26
    lifetime: 19.9623
    annual_cost: 12.486537122475868
    efficiency: 0.926012
    discharge_ratio: 2
    depth_of_discharge: 0.9
  Pb-acid:
    cost: 145.363
    lifetime: 10.7739
    annual_cost: 13.492143049406437
    efficiency: 0.738956
    discharge_ratio: 5
    depth_of_discharge: 0.5
  VRBF:
    cost: 327.533
    lifetime: 25.0352
    annual_cost: 13.082899277816834
    efficiency: 0.748905
    discharge_ratio: 0.5
    depth_of_discharge: 1.0
