cost_values:
  wind_capex: 5000.0
  wind_opex: 100
  wind_lifetime: 20
  solar_capex: 1000.0
  solar_opex: 10
  solar_lifetime: 20
  carbon_price: 1.0
timeseries_values:
  load_level: 287758.7520025469
  wind_year: 2011
  solar_year: 2018
  price_year: 2023
  carbon_year: 2023
storage_values:
  CAES:
    cost: 63.9009
    lifetime: 22.3468
    annual_cost: 2.859510086455331
    efficiency: 0.580326
    discharge_ratio: 0.1
    depth_of_discharge: 0.4
  Li-ion:
    cost: 237.283
    lifetime: 18.0166
    annual_cost: 13.170242998123951
    efficiency: 0.919665
    discharge_ratio: 2
    depth_of_discharge: 0.9
  Pb-acid:
    cost: 131.281
    lifetime: 9.21893
    annual_cost: 14.240372798144687
    efficiency: 0.752982
    discharge_ratio: 5
    depth_of_discharge: 0.5
  VRBF:
    cost: 315.917
    lifetime: 22.9601
    annual_cost: 13.759391291849772
    efficiency: 0.743481
    discharge_ratio: 0.5
    depth_of_discharge: 1.0
