cost_values:
  wind_capex: 5000.0
  wind_opex: 100
  wind_lifetime: 20
  solar_capex: 1000.0
  solar_opex: 10
  solar_lifetime: 20
  carbon_price: 1.0
timeseries_values:
  load_level: 287758.7520025469
  wind_year: 2011
  solar_year: 2018
  price_year: 2023
  carbon_year: 2023
storage_values:
  CAES:
    cost: 63.9736
    lifetime: 21.9286
    annual_cost: 2.917359065330208
    efficiency: 0.580059
    discharge_ratio: 0.1
    depth_of_discharge: 0.4
  Li-ion:
    cost: 236.892
    lifetime: 20.1251
    annual_cost: 11.770972566595942
    efficiency: 0.931643
    discharge_ratio: 2
    depth_of_discharge: 0.9
  Pb-acid:
    cost: 146.543
    lifetime: 9.64356
    annual_cost: 15.195944236360845
    efficiency: 0.730767
    discharge_ratio: 5
    depth_of_discharge: 0.5
  VRBF:
    cost: 323.095
    lifetime: 24.0854
    annual_cost: 13.414558197082052
    efficiency: 0.75384
    discharge_ratio: 0.5
    depth_of_discharge: 1.0
