cost_values:
  wind_capex: 5000.0
  wind_opex: 100
  wind_lifetime: 20
  solar_capex: 1000.0
  solar_opex: 10
  solar_lifetime: 20
  carbon_price: 1.0
timeseries_values:
  load_level: 287758.7520025469
  wind_year: 2011
  solar_year: 2018
  price_year: 2023
  carbon_year: 2023
storage_values:
  CAES:
    cost: 67.9879
    lifetime: 22.3129
    annual_cost: 3.047022126213984
    efficiency: 0.580411
    discharge_ratio: 0.1
    depth_of_discharge: 0.4
  Li-ion:
    cost: 240.845
    lifetime: 18.9745
    annual_cost: 12.69308809191283
    efficiency: 0.929049
    discharge_ratio: 2
    depth_of_discharge: 0.9
  Pb-acid:
    cost: 144.784
    lifetime: 8.97736
    annual_cost: 16.127681189124644
    efficiency: 0.73314
    discharge_ratio: 5
    depth_of_discharge: 0.5
  VRBF:
    cost: 315.559
    lifetime: 22.712
    annual_cost: 13.893932722789716
    efficiency: 0.740942
    discharge_ratio: 0.5
    depth_of_discharge: 1.0
