cost_values:
  wind_capex: 5000.0
  wind_opex: 100
  wind_lifetime: 20
  solar_capex: 1000.0
  solar_opex: 10
  solar_lifetime: 20
  carbon_price: 1.0
timeseries_values:
  load_level: 287758.7520025469
  wind_year: 2011
  solar_year: 2018
  price_year: 2023
  carbon_year: 2023
storage_values:
  CAES:
    cost: 59.0153
    lifetime: 23.2659
    annual_cost: 2.536557794884359
    efficiency: 0.578457
    discharge_ratio: 0.1
    depth_of_discharge: 0.4
  Li-ion:
    cost: 238.11
    lifetime: 19.1524
    annual_cost: 12.432384453123369
    efficiency: 0.9133
    discharge_ratio: 2
    depth_of_discharge: 0.9
  Pb-acid:
    cost: 143.97
    lifetime: 9.1017
    annual_cost: 15.817924124064737
    efficiency: 0.72898
    discharge_ratio: 5
    depth_of_discharge: 0.5
  VRBF:
    cost: 330.491
    lifetime: 21.8215
    annual_cost: 15.145200834039823
    efficiency: 0.74374
    discharge_ratio: 0.5
    depth_of_discharge: 1.0
