cost_values:
  wind_capex: 5000.0
  wind_opex: 100
  wind_lifetime: 20
  solar_capex: 1000.0
  solar_opex: 10
  solar_lifetime: 20
  carbon_price: 1.0
timeseries_values:
  load_level: 287758.7520025469
  wind_year: 2011
  solar_year: 2018
  price_year: 2023
  carbon_year: 2023
storage_values:
  CAES:
    cost: 64.7447
    lifetime: 22.8298
    annual_cost: 2.835973157890126
    efficiency: 0.575703
    discharge_ratio: 0.1
    depth_of_discharge: 0.4
  Li-ion:
    cost: 251.123
    lifetime: 18.8289
    annual_cost: 13.3371041324772
    efficiency: 0.920418
    discharge_ratio: 2
    depth_of_discharge: 0.9
  Pb-acid:
    cost: 132.533
    lifetime: 10.1972
    annual_cost: 12.996999176244458
    efficiency: 0.738244
    discharge_ratio: 5
    depth_of_discharge: 0.5
  VRBF:
    cost: 302.352
    lifetime: 25.2945
    annual_cost: 11.953270473818419
    efficiency: 0.764675
    discharge_ratio: 0.5
    depth_of_discharge: 1.0
