cost_values:
  wind_capex: 5000.0
  wind_opex: 100
  wind_lifetime: 20
  solar_capex: 1000.0
  solar_opex: 10
  solar_lifetime: 20
  carbon_price: 1.0
timeseries_values:
  load_level: 287758.7520025469
  wind_year: 2011
  solar_year: 2018
  price_year: 2023
  carbon_year: 2023
storage_values:
  CAES:
    cost: 52.9394
    lifetime: 24.068
    annual_cost: 2.1995762007645006
    efficiency: 0.583724
    discharge_ratio: 0.1
    depth_of_discharge: 0.4
  Li-ion:
    cost: 246.613
    lifetime: 20.8821
    annual_cost: 11.809779667753721
    efficiency: 0.914446
    discharge_ratio: 2
    depth_of_discharge: 0.9
  Pb-acid:
    cost: 141.267
    lifetime: 7.40715
    annual_cost: 19.07170774184403
    efficiency: 0.733215
    discharge_ratio: 5
    depth_of_discharge: 0.5
  VRBF:
    cost: 319.645
    lifetime: 24.4875
    annual_cost: 13.053394589076058
    efficiency: 0.754821
    discharge_ratio: 0.5
    depth_of_discharge: 1.0
