cost_values:
  wind_capex: 5000.0
  wind_opex: 100
  wind_lifetime: 20
  solar_capex: 1000.0
  solar_opex: 10
  solar_lifetime: 20
  carbon_price: 1.0
timeseries_values:
  load_level: 287758.7520025469
  wind_year: 2011
  solar_year: 2018
  price_year: 2023
  carbon_year: 2023
storage_values:
  CAES:
    cost: 57.0407
    lifetime: 22.7392
    annual_cost: 2.508474352659724
    efficiency: 0.583141
    discharge_ratio: 0.1
    depth_of_discharge: 0.4
  Li-ion:
    cost: 224.451
    lifetime: 19.1145
    annual_cost: 11.742446833555677
    efficiency: 0.927701
    discharge_ratio: 2
    depth_of_discharge: 0.9
  Pb-acid:
    cost: 156.023
    lifetime: 9.75492
    annual_cost: 15.994288010562874
    efficiency: 0.736918
    discharge_ratio: 5
    depth_of_discharge: 0.5
  VRBF:
    cost: 305.779
    lifetime: 23.1964
    annual_cost: 13.182174820230726
    efficiency: 0.749767
    discharge_ratio: 0.5
    depth_of_discharge: 1.0
