cost_values:
  wind_capex: 5000.0
  wind_opex: 100
  wind_lifetime: 20
  solar_capex: 1000.0
  solar_opex: 10
  solar_lifetime: 20
  carbon_price: 1.0
timeseries_values:
  load_level: 287758.7520025469
  wind_year: 2011
  solar_year: 2018
  price_year: 2023
  carbon_year: 2023
storage_values:
  CAES:
    cost: 58.0399
    lifetime: 23.2915
    annual_cost: 2.491891891891892
    efficiency: 0.582999
    discharge_ratio: 0.1
    depth_of_discharge: 0.4
  Li-ion:
    cost: 237.745
    lifetime: 19.502
    annual_cost: 12.190800943492976
    efficiency: 0.922264
    discharge_ratio: 2
    depth_of_discharge: 0.9
  Pb-acid:
    cost: 144.231
    lifetime: 9.89204
    annual_cost: 14.580511198903361
    efficiency: 0.744355
    discharge_ratio: 5
    depth_of_discharge: 0.5
  VRBF:
    cost: 335.385
    lifetime: 21.9316
    annual_cost: 15.292317933940069
    efficiency: 0.757723
    discharge_ratio: 0.5
    depth_of_discharge: 1.0
