cost_values:
  wind_capex: 5000.0
  wind_opex: 100
  wind_lifetime: 20
  solar_capex: 1000.0
  solar_opex: 10
  solar_lifetime: 20
  carbon_price: 1.0
timeseries_values:
  load_level: 287758.7520025469
  wind_year: 2011
  solar_year: 2018
  price_year: 2023
  carbon_year: 2023
storage_values:
  CAES:
    cost: 64.565
    lifetime: 23.3393
    annual_cost: 2.76636402976953
    efficiency: 0.581451
    discharge_ratio: 0.1
    depth_of_discharge: 0.4
  Li-ion:
    cost: 246.022
    lifetime: 19.3241
    annual_cost: 12.73135618217666
    efficiency: 0.927531
    discharge_ratio: 2
    depth_of_discharge: 0.9
  Pb-acid:
    cost: 161.16
    lifetime: 9.57611
    annual_cost: 16.829380614884332
    efficiency: 0.733896
    discharge_ratio: 5
    depth_of_discharge: 0.5
  VRBF:
    cost: 301.087
    lifetime: 21.2163
    annual_cost: 14.191305741340384
    efficiency: 0.74394
    discharge_ratio: 0.5
    depth_of_discharge: 1.0
