cost_values:
  wind_capex: 5000.0
  wind_opex: 100
  wind_lifetime: 20
  solar_capex: 1000.0
  solar_opex: 10
  solar_lifetime: 20
  carbon_price: 1.0
timeseries_values:
  load_level: 287758.7520025469
  wind_year: 2011
  solar_year: 2018
  price_year: 2023
  carbon_year: 2023
storage_values:
  CAES:
    cost: 64.6745
    lifetime: 23.8081
    annual_cost: 2.7164914461884817
    efficiency: 0.575461
    discharge_ratio: 0.1
    depth_of_discharge: 0.4
  Li-ion:
    cost: 216.299
    lifetime: 18.4685
    annual_cost: 11.711779516473998
    efficiency: 0.927661
    discharge_ratio: 2
    depth_of_discharge: 0.9
  Pb-acid:
    cost: 150.668
    lifetime: 9.39844
    annual_cost: 16.031171130528044
    efficiency: 0.733642
    discharge_ratio: 5
    depth_of_discharge: 0.5
  VRBF:
    cost: 306.077
    lifetime: 20.6198
    annual_cost: 14.843839416483185
    efficiency: 0.747578
    discharge_ratio: 0.5
    depth_of_discharge: 1.0
