cost_values:
  wind_capex: 5000.0
  wind_opex: 100
  wind_lifetime: 20
  solar_capex: 1000.0
  solar_opex: 10
  solar_lifetime: 20
  carbon_price: 1.0
timeseries_values:
  load_level: 287758.7520025469
  wind_year: 2011
  solar_year: 2018
  price_year: 2023
  carbon_year: 2023
storage_values:
  CAES:
    cost: 64.7223
    lifetime: 22.7352
    annual_cost: 2.8467882402617968
    efficiency: 0.569573
    discharge_ratio: 0.1
    depth_of_discharge: 0.4
  Li-ion:
    cost: 254.72
    lifetime: 16.8185
    annual_cost: 15.145226982192229
    efficiency: 0.926609
    discharge_ratio: 2
    depth_of_discharge: 0.9
  Pb-acid:
    cost: 137.531
    lifetime: 9.52772
    annual_cost: 14.434828059598729
    efficiency: 0.739725
    discharge_ratio: 5
    depth_of_discharge: 0.5
  VRBF:
    cost: 300.145
    lifetime: 24.1799
    annual_cost: 12.412995918097263
    efficiency: 0.754944
    discharge_ratio: 0.5
    depth_of_discharge: 1.0
