cost_values:
  wind_capex: 5000.0
  wind_opex: 100
  wind_lifetime: 20
  solar_capex: 1000.0
  solar_opex: 10
  solar_lifetime: 20
  carbon_price: 1.0
timeseries_values:
  load_level: 287758.7520025469
  wind_year: 2011
  solar_year: 2018
  price_year: 2023
  carbon_year: 2023
storage_values:
  CAES:
    cost: 64.6807
    lifetime: 22.9317
    annual_cost: 2.820580244813948
    efficiency: 0.564074
    discharge_ratio: 0.1
    depth_of_discharge: 0.4
  Li-ion:
    cost: 233.653
    lifetime: 17.5897
    annual_cost: 13.283512510162197
    efficiency: 0.922446
    discharge_ratio: 2
    depth_of_discharge: 0.9
  Pb-acid:
    cost: 137.775
    lifetime: 9.30436
    annual_cost: 14.807574083547927
    efficiency: 0.747475
    discharge_ratio: 5
    depth_of_discharge: 0.5
  VRBF:
    cost: 307.453
    lifetime: 22.1426
    annual_cost: 13.88513544028253
    efficiency: 0.763361
    discharge_ratio: 0.5
    depth_of_discharge: 1.0
