cost_values:
  wind_capex: 5000.0
  wind_opex: 100
  wind_lifetime: 20
  solar_capex: 1000.0
  solar_opex: 10
  solar_lifetime: 20
  carbon_price: 1.0
timeseries_values:
  load_level: 287758.7520025469
  wind_year: 2011
  solar_year: 2018
  price_year: 2023
  carbon_year: 2023
storage_values:
  CAES:
    cost: 65.5954
    lifetime: 23.1855
    annual_cost: 2.8291561536305014
    efficiency: 0.581287
    discharge_ratio: 0.1
    depth_of_discharge: 0.4
  Li-ion:
    cost: 263.793
    lifetime: 19.6249
    annual_cost: 13.441750021656162
    efficiency: 0.93292
    discharge_ratio: 2
    depth_of_discharge: 0.9
  Pb-acid:
    cost: 146.637
    lifetime: 10.4024
    annual_cost: 14.096458509574713
    efficiency: 0.739188
    discharge_ratio: 5
    depth_of_discharge: 0.5
  VRBF:
    cost: 313.275
    lifetime: 21.6123
    annual_cost: 14.49521800086062
    efficiency: 0.757354
    discharge_ratio: 0.5
    depth_of_discharge: 1.0
