cost_values:
  wind_capex: 5000.0
  wind_opex: 100
  wind_lifetime: 20
  solar_capex: 1000.0
  solar_opex: 10
  solar_lifetime: 20
  carbon_price: 1.0
timeseries_values:
  load_level: 287758.7520025469
  wind_year: 2011
  solar_year: 2018
  price_year: 2023
  carbon_year: 2023
storage_values:
  CAES:
    cost: 62.3072
    lifetime: 21.766
    annual_cost: 2.8625930350087296
    efficiency: 0.581329
    discharge_ratio: 0.1
    depth_of_discharge: 0.4
  Li-ion:
    cost: 230.569
    lifetime: 18.7588
    annual_cost: 12.291244642514446
    efficiency: 0.931622
    discharge_ratio: 2
    depth_of_discharge: 0.9
  Pb-acid:
    cost: 138.306
    lifetime: 10.2631
    annual_cost: 13.476045249486024
    efficiency: 0.736878
    discharge_ratio: 5
    depth_of_discharge: 0.5
  VRBF:
    cost: 267.773
    lifetime: 23.0943
    annual_cost: 11.594765808013234
    efficiency: 0.754942
    discharge_ratio: 0.5
    depth_of_discharge: 1.0
