cost_values:
  wind_capex: 5000.0
  wind_opex: 100
  wind_lifetime: 20
  solar_capex: 1000.0
  solar_opex: 10
  solar_lifetime: 20
  carbon_price: 1.0
timeseries_values:
  load_level: 287758.7520025469
  wind_year: 2011
  solar_year: 2018
  price_year: 2023
  carbon_year: 2023
storage_values:
  CAES:
    cost: 59.9929
    lifetime: 22.4488
    annual_cost: 2.672432379459036
    efficiency: 0.575582
    discharge_ratio: 0.1
    depth_of_discharge: 0.4
  Li-ion:
    cost: 245.296
    lifetime: 18.3204
    annual_cost: 13.389227309447392
    efficiency: 0.928015
    discharge_ratio: 2
    depth_of_discharge: 0.9
  Pb-acid:
    cost: 133.924
    lifetime: 8.13383
    annual_cost: 16.465060125426767
    efficiency: 0.738763
    discharge_ratio: 5
    depth_of_discharge: 0.5
  VRBF:
    cost: 331.553
    lifetime: 22.4642
    annual_cost: 14.759172372040846
    efficiency: 0.74779
    discharge_ratio: 0.5
    depth_of_discharge: 1.0
