cost_values:
  wind_capex: 5000.0
  wind_opex: 100
  wind_lifetime: 20
  solar_capex: 1000.0
  solar_opex: 10
  solar_lifetime: 20
  carbon_price: 1.0
timeseries_values:
  load_level: 228154.80482037086
  wind_year: 2016
  solar_year: 2013
  price_year: 2023
  carbon_year: 2023
storage_values:
  CAES:
    cost: 40.8
    lifetime: 26.8741
    annual_cost: 1.5181903766079607
    efficiency: 0.595778
    discharge_ratio: 0.1
    depth_of_discharge: 0.4
  Li-ion:
    cost: 209.487
    lifetime: 20.7108
    annual_cost: 10.114867605307376
    efficiency: 0.88571
    discharge_ratio: 2
    depth_of_discharge: 0.9
  Pb-acid:
    cost: 163.532
    lifetime: 6.91544
    annual_cost: 23.647374570526242
    efficiency: 0.790612
    discharge_ratio: 5
    depth_of_discharge: 0.5
  VRBF:
    cost: 196.931
    lifetime: 17.0292
    annual_cost: 11.564313062269514
    efficiency: 0.699981
    discharge_ratio: 0.5
    depth_of_discharge: 1.0
