cost_values:
  wind_capex: 5000.0
  wind_opex: 100
  wind_lifetime: 20
  solar_capex: 1000.0
  solar_opex: 10
  solar_lifetime: 20
  carbon_price: 1.0
timeseries_values:
  load_level: 228154.80482037086
  wind_year: 2016
  solar_year: 2013
  price_year: 2023
  carbon_year: 2023
storage_values:
  CAES:
    cost: 49.1264
    lifetime: 28.2404
    annual_cost: 1.7395787595076555
    efficiency: 0.592424
    discharge_ratio: 0.1
    depth_of_discharge: 0.4
  Li-ion:
    cost: 242.146
    lifetime: 22.4582
    annual_cost: 10.78207514404538
    efficiency: 0.865204
    discharge_ratio: 2
    depth_of_discharge: 0.9
  Pb-acid:
    cost: 186.525
    lifetime: 6.99952
    annual_cost: 26.648255880403227
    efficiency: 0.783016
    discharge_ratio: 5
    depth_of_discharge: 0.5
  VRBF:
    cost: 199.914
    lifetime: 15.8714
    annual_cost: 12.595864258981564
    efficiency: 0.685198
    discharge_ratio: 0.5
    depth_of_discharge: 1.0
