cost_values:
  wind_capex: 5000.0
  wind_opex: 100
  wind_lifetime: 20
  solar_capex: 1000.0
  solar_opex: 10
  solar_lifetime: 20
  carbon_price: 1.0
timeseries_values:
  load_level: 228154.80482037086
  wind_year: 2016
  solar_year: 2013
  price_year: 2023
  carbon_year: 2023
storage_values:
  CAES:
    cost: 53.8559
    lifetime: 27.5047
    annual_cost: 1.9580617130890356
    efficiency: 0.587917
    discharge_ratio: 0.1
    depth_of_discharge: 0.4
  Li-ion:
    cost: 213.809
    lifetime: 20.9651
    annual_cost: 10.198329604914834
    efficiency: 0.867106
    discharge_ratio: 2
    depth_of_discharge: 0.9
  Pb-acid:
    cost: 168.358
    lifetime: 9.31371
    annual_cost: 18.076362695424272
    efficiency: 0.780268
    discharge_ratio: 5
    depth_of_discharge: 0.5
  VRBF:
    cost: 193.317
    lifetime: 16.6011
    annual_cost: 11.644830764226468
    efficiency: 0.677829
    discharge_ratio: 0.5
    depth_of_discharge: 1.0
