cost_values:
  wind_capex: 5000.0
  wind_opex: 100
  wind_lifetime: 20
  solar_capex: 1000.0
  solar_opex: 10
  solar_lifetime: 20
  carbon_price: 1.0
timeseries_values:
  load_level: 228154.80482037086
  wind_year: 2016
  solar_year: 2013
  price_year: 2023
  carbon_year: 2023
storage_values:
  CAES:
    cost: 55.182
    lifetime: 28.036
    annual_cost: 1.9682551005849622
    efficiency: 0.586833
    discharge_ratio: 0.1
    depth_of_discharge: 0.4
  Li-ion:
    cost: 200.39
    lifetime: 20.8324
    annual_cost: 9.61915093796202
    efficiency: 0.867278
    discharge_ratio: 2
    depth_of_discharge: 0.9
  Pb-acid:
    cost: 179.594
    lifetime: 6.59052
    annual_cost: 27.250353538112318
    efficiency: 0.76128
    discharge_ratio: 5
    depth_of_discharge: 0.5
  VRBF:
    cost: 206.775
    lifetime: 17.5499
    annual_cost: 11.782118416629155
    efficiency: 0.678721
    discharge_ratio: 0.5
    depth_of_discharge: 1.0
