cost_values:
  wind_capex: 5000.0
  wind_opex: 100
  wind_lifetime: 20
  solar_capex: 1000.0
  solar_opex: 10
  solar_lifetime: 20
  carbon_price: 1.0
timeseries_values:
  load_level: 228154.80482037086
  wind_year: 2016
  solar_year: 2013
  price_year: 2023
  carbon_year: 2023
storage_values:
  CAES:
    cost: 49.041
    lifetime: 27.2232
    annual_cost: 1.8014414176143878
    efficiency: 0.59589
    discharge_ratio: 0.1
    depth_of_discharge: 0.4
  Li-ion:
    cost: 211.031
    lifetime: 20.4237
    annual_cost: 10.332652751460314
    efficiency: 0.858896
    discharge_ratio: 2
    depth_of_discharge: 0.9
  Pb-acid:
    cost: 175.144
    lifetime: 7.21748
    annual_cost: 24.26664154247743
    efficiency: 0.772239
    discharge_ratio: 5
    depth_of_discharge: 0.5
  VRBF:
    cost: 181.548
    lifetime: 17.9922
    annual_cost: 10.090372494747724
    efficiency: 0.676467
    discharge_ratio: 0.5
    depth_of_discharge: 1.0
