cost_values:
  wind_capex: 5000.0
  wind_opex: 100
  wind_lifetime: 20
  solar_capex: 1000.0
  solar_opex: 10
  solar_lifetime: 20
  carbon_price: 1.0
timeseries_values:
  load_level: 228154.80482037086
  wind_year: 2016
  solar_year: 2013
  price_year: 2023
  carbon_year: 2023
storage_values:
  CAES:
    cost: 53.1272
    lifetime: 26.9966
    annual_cost: 1.9679218864597765
    efficiency: 0.585784
    discharge_ratio: 0.1
    depth_of_discharge: 0.4
  Li-ion:
    cost: 213.384
    lifetime: 20.6868
    annual_cost: 10.314983467718543
    efficiency: 0.862046
    discharge_ratio: 2
    depth_of_discharge: 0.9
  Pb-acid:
    cost: 162.409
    lifetime: 7.47427
    annual_cost: 21.729078558842534
    efficiency: 0.778293
    discharge_ratio: 5
    depth_of_discharge: 0.5
  VRBF:
    cost: 213.066
    lifetime: 18.7172
    annual_cost: 11.383433419528563
    efficiency: 0.666886
    discharge_ratio: 0.5
    depth_of_discharge: 1.0
