cost_values:
  wind_capex: 5000.0
  wind_opex: 100
  wind_lifetime: 20
  solar_capex: 1000.0
  solar_opex: 10
  solar_lifetime: 20
  carbon_price: 1.0
timeseries_values:
  load_level: 228154.80482037086
  wind_year: 2016
  solar_year: 2013
  price_year: 2023
  carbon_year: 2023
storage_values:
  CAES:
    cost: 46.1118
    lifetime: 27.5553
    annual_cost: 1.673427616465798
    efficiency: 0.592563
    discharge_ratio: 0.1
    depth_of_discharge: 0.4
  Li-ion:
    cost: 219.662
    lifetime: 20.5937
    annual_cost: 10.666465958035712
    efficiency: 0.87691
    discharge_ratio: 2
    depth_of_discharge: 0.9
  Pb-acid:
    cost: 189.611
    lifetime: 8.12709
    annual_cost: 23.33073707809314
    efficiency: 0.782912
    discharge_ratio: 5
    depth_of_discharge: 0.5
  VRBF:
    cost: 172.148
    lifetime: 17.8324
    annual_cost: 9.653664117000515
    efficiency: 0.707955
    discharge_ratio: 0.5
    depth_of_discharge: 1.0
