cost_values:
  wind_capex: 5000.0
  wind_opex: 100
  wind_lifetime: 20
  solar_capex: 1000.0
  solar_opex: 10
  solar_lifetime: 20
  carbon_price: 1.0
timeseries_values:
  load_level: 228154.80482037086
  wind_year: 2016
  solar_year: 2013
  price_year: 2023
  carbon_year: 2023
storage_values:
  CAES:
    cost: 48.6432
    lifetime: 28.0739
    annual_cost: 1.732684094479214
    efficiency: 0.582415
    discharge_ratio: 0.1
    depth_of_discharge: 0.4
  Li-ion:
    cost: 206.419
    lifetime: 19.1648
    annual_cost: 10.770735932542996
    efficiency: 0.855269
    discharge_ratio: 2
    depth_of_discharge: 0.9
  Pb-acid:
    cost: 171.942
    lifetime: 5.89727
    annual_cost: 29.156202785356616
    efficiency: 0.779933
    discharge_ratio: 5
    depth_of_discharge: 0.5
  VRBF:
    cost: 199.741
    lifetime: 17.3217
    annual_cost: 11.531258479248573
    efficiency: 0.68752
    discharge_ratio: 0.5
    depth_of_discharge: 1.0
