cost_values:
  wind_capex: 5000.0
  wind_opex: 100
  wind_lifetime: 20
  solar_capex: 1000.0
  solar_opex: 10
  solar_lifetime: 20
  carbon_price: 1.0
timeseries_values:
  load_level: 228154.80482037086
  wind_year: 2016
  solar_year: 2013
  price_year: 2023
  carbon_year: 2023
storage_values:
  CAES:
    cost: 56.2941
    lifetime: 28.1372
    annual_cost: 2.0007001407389504
    efficiency: 0.584838
    discharge_ratio: 0.1
    depth_of_discharge: 0.4
  Li-ion:
    cost: 206.321
    lifetime: 20.5222
    annual_cost: 10.05355176345616
    efficiency: 0.878269
    discharge_ratio: 2
    depth_of_discharge: 0.9
  Pb-acid:
    cost: 166.586
    lifetime: 8.52742
    annual_cost: 19.535334251156858
    efficiency: 0.784759
    discharge_ratio: 5
    depth_of_discharge: 0.5
  VRBF:
    cost: 198.993
    lifetime: 15.2696
    annual_cost: 13.031972022842773
    efficiency: 0.678968
    discharge_ratio: 0.5
    depth_of_discharge: 1.0
