cost_values:
  wind_capex: 5000.0
  wind_opex: 100
  wind_lifetime: 20
  solar_capex: 1000.0
  solar_opex: 10
  solar_lifetime: 20
  carbon_price: 1.0
timeseries_values:
  load_level: 228154.80482037086
  wind_year: 2016
  solar_year: 2013
  price_year: 2023
  carbon_year: 2023
storage_values:
  CAES:
    cost: 55.7534
    lifetime: 27.3536
    annual_cost: 2.038247250818905
    efficiency: 0.596364
    discharge_ratio: 0.1
    depth_of_discharge: 0.4
  Li-ion:
    cost: 220.912
    lifetime: 21.6274
    annual_cost: 10.214450188187207
    efficiency: 0.859221
    discharge_ratio: 2
    depth_of_discharge: 0.9
  Pb-acid:
    cost: 148.984
    lifetime: 7.43811
    annual_cost: 20.02981940304728
    efficiency: 0.786357
    discharge_ratio: 5
    depth_of_discharge: 0.5
  VRBF:
    cost: 185.18
    lifetime: 21.3202
    annual_cost: 8.685659609196913
    efficiency: 0.683002
    discharge_ratio: 0.5
    depth_of_discharge: 1.0
