cost_values:
  wind_capex: 5000.0
  wind_opex: 100
  wind_lifetime: 20
  solar_capex: 1000.0
  solar_opex: 10
  solar_lifetime: 20
  carbon_price: 1.0
timeseries_values:
  load_level: 228154.80482037086
  wind_year: 2016
  solar_year: 2013
  price_year: 2023
  carbon_year: 2023
storage_values:
  CAES:
    cost: 46.7954
    lifetime: 28.0604
    annual_cost: 1.6676668899944405
    efficiency: 0.583276
    discharge_ratio: 0.1
    depth_of_discharge: 0.4
  Li-ion:
    cost: 210.997
    lifetime: 20.186
    annual_cost: 10.45264044387199
    efficiency: 0.870524
    discharge_ratio: 2
    depth_of_discharge: 0.9
  Pb-acid:
    cost: 165.547
    lifetime: 9.13643
    annual_cost: 18.119440525456877
    efficiency: 0.763736
    discharge_ratio: 5
    depth_of_discharge: 0.5
  VRBF:
    cost: 194.836
    lifetime: 18.8077
    annual_cost: 10.359374086145568
    efficiency: 0.671022
    discharge_ratio: 0.5
    depth_of_discharge: 1.0
