cost_values:
  wind_capex: 5000.0
  wind_opex: 100
  wind_lifetime: 20
  solar_capex: 1000.0
  solar_opex: 10
  solar_lifetime: 20
  carbon_price: 1.0
timeseries_values:
  load_level: 228154.80482037086
  wind_year: 2016
  solar_year: 2013
  price_year: 2023
  carbon_year: 2023
storage_values:
  CAES:
    cost: 50.9337
    lifetime: 27.917
    annual_cost: 1.824468961564638
    efficiency: 0.587129
    discharge_ratio: 0.1
    depth_of_discharge: 0.4
  Li-ion:
    cost: 187.007
    lifetime: 19.6199
    annual_cost: 9.531496083058528
    efficiency: 0.872053
    discharge_ratio: 2
    depth_of_discharge: 0.9
  Pb-acid:
    cost: 199.433
    lifetime: 8.57173
    annual_cost: 23.26636513282616
    efficiency: 0.783868
    discharge_ratio: 5
    depth_of_discharge: 0.5
  VRBF:
    cost: 197.819
    lifetime: 20.692
    annual_cost: 9.560168180939494
    efficiency: 0.68789
    discharge_ratio: 0.5
    depth_of_discharge: 1.0
