cost_values:
  wind_capex: 5000.0
  wind_opex: 100
  wind_lifetime: 20
  solar_capex: 1000.0
  solar_opex: 10
  solar_lifetime: 20
  carbon_price: 1.0
timeseries_values:
  load_level: 228154.80482037086
  wind_year: 2016
  solar_year: 2013
  price_year: 2023
  carbon_year: 2023
storage_values:
  CAES:
    cost: 55.1969
    lifetime: 26.0433
    annual_cost: 2.1194280294739913
    efficiency: 0.586711
    discharge_ratio: 0.1
    depth_of_discharge: 0.4
  Li-ion:
    cost: 213.152
    lifetime: 21.2429
    annual_cost: 10.034034901072829
    efficiency: 0.856128
    discharge_ratio: 2
    depth_of_discharge: 0.9
  Pb-acid:
    cost: 157.177
    lifetime: 8.60736
    annual_cost: 18.260767529184324
    efficiency: 0.761972
    discharge_ratio: 5
    depth_of_discharge: 0.5
  VRBF:
    cost: 195.509
    lifetime: 18.6321
    annual_cost: 10.493127452085378
    efficiency: 0.668441
    discharge_ratio: 0.5
    depth_of_discharge: 1.0
