cost_values:
  wind_capex: 5000.0
  wind_opex: 100
  wind_lifetime: 20
  solar_capex: 1000.0
  solar_opex: 10
  solar_lifetime: 20
  carbon_price: 1.0
timeseries_values:
  load_level: 228154.80482037086
  wind_year: 2016
  solar_year: 2013
  price_year: 2023
  carbon_year: 2023
storage_values:
  CAES:
    cost: 56.9569
    lifetime: 27.8816
    annual_cost: 2.0428131814530013
    efficiency: 0.589034
    discharge_ratio: 0.1
    depth_of_discharge: 0.4
  Li-ion:
    cost: 208.531
    lifetime: 18.9271
    annual_cost: 11.017588537071184
    efficiency: 0.867691
    discharge_ratio: 2
    depth_of_discharge: 0.9
  Pb-acid:
    cost: 154.646
    lifetime: 7.83016
    annual_cost: 19.750043421845785
    efficiency: 0.766212
    discharge_ratio: 5
    depth_of_discharge: 0.5
  VRBF:
    cost: 211.643
    lifetime: 17.8742
    annual_cost: 11.8406977654944
    efficiency: 0.671714
    discharge_ratio: 0.5
    depth_of_discharge: 1.0
