cost_values:
  wind_capex: 5000.0
  wind_opex: 100
  wind_lifetime: 20
  solar_capex: 1000.0
  solar_opex: 10
  solar_lifetime: 20
  carbon_price: 1.0
timeseries_values:
  load_level: 228154.80482037086
  wind_year: 2016
  solar_year: 2013
  price_year: 2023
  carbon_year: 2023
storage_values:
  CAES:
    cost: 63.0587
    lifetime: 28.3863
    annual_cost: 2.221448374744155
    efficiency: 0.596902
    discharge_ratio: 0.1
    depth_of_discharge: 0.4
  Li-ion:
    cost: 207.887
    lifetime: 21.6548
    annual_cost: 9.600042484807062
    efficiency: 0.859312
    discharge_ratio: 2
    depth_of_discharge: 0.9
  Pb-acid:
    cost: 171.628
    lifetime: 6.81978
    annual_cost: 25.16620770758001
    efficiency: 0.768932
    discharge_ratio: 5
    depth_of_discharge: 0.5
  VRBF:
    cost: 185.478
    lifetime: 18.0261
    annual_cost: 10.28941368349227
    efficiency: 0.671413
    discharge_ratio: 0.5
    depth_of_discharge: 1.0
