cost_values:
  wind_capex: 5000.0
  wind_opex: 100
  wind_lifetime: 20
  solar_capex: 1000.0
  solar_opex: 10
  solar_lifetime: 20
  carbon_price: 1.0
timeseries_values:
  load_level: 228154.80482037086
  wind_year: 2016
  solar_year: 2013
  price_year: 2023
  carbon_year: 2023
storage_values:
  CAES:
    cost: 40.2234
    lifetime: 28.0717
    annual_cost: 1.4328808016614596
    efficiency: 0.586813
    discharge_ratio: 0.1
    depth_of_discharge: 0.4
  Li-ion:
    cost: 192.285
    lifetime: 21.9806
    annual_cost: 8.747941366477713
    efficiency: 0.858504
    discharge_ratio: 2
    depth_of_discharge: 0.9
  Pb-acid:
    cost: 167.207
    lifetime: 7.98344
    annual_cost: 20.94422955517922
    efficiency: 0.76983
    discharge_ratio: 5
    depth_of_discharge: 0.5
  VRBF:
    cost: 196.233
    lifetime: 15.8122
    annual_cost: 12.410227545819051
    efficiency: 0.695695
    discharge_ratio: 0.5
    depth_of_discharge: 1.0
