cost_values:
  wind_capex: 5000.0
  wind_opex: 100
  wind_lifetime: 20
  solar_capex: 1000.0
  solar_opex: 10
  solar_lifetime: 20
  carbon_price: 1.0
timeseries_values:
  load_level: 228154.80482037086
  wind_year: 2016
  solar_year: 2013
  price_year: 2023
  carbon_year: 2023
storage_values:
  CAES:
    cost: 52.8785
    lifetime: 27.9054
    annual_cost: 1.8949199796455167
    efficiency: 0.580622
    discharge_ratio: 0.1
    depth_of_discharge: 0.4
  Li-ion:
    cost: 195.734
    lifetime: 20.8054
    annual_cost: 9.407846039970392
    efficiency: 0.869921
    discharge_ratio: 2
    depth_of_discharge: 0.9
  Pb-acid:
    cost: 155.016
    lifetime: 7.75769
    annual_cost: 19.982236980338218
    efficiency: 0.753445
    discharge_ratio: 5
    depth_of_discharge: 0.5
  VRBF:
    cost: 209.805
    lifetime: 19.3846
    annual_cost: 10.823282399430477
    efficiency: 0.697443
    discharge_ratio: 0.5
    depth_of_discharge: 1.0
