cost_values:
  wind_capex: 5000.0
  wind_opex: 100
  wind_lifetime: 20
  solar_capex: 1000.0
  solar_opex: 10
  solar_lifetime: 20
  carbon_price: 1.0
timeseries_values:
  load_level: 228154.80482037086
  wind_year: 2016
  solar_year: 2013
  price_year: 2023
  carbon_year: 2023
storage_values:
  CAES:
    cost: 54.2195
    lifetime: 27.5516
    annual_cost: 1.9679256377125103
    efficiency: 0.596111
    discharge_ratio: 0.1
    depth_of_discharge: 0.4
  Li-ion:
    cost: 212.626
    lifetime: 18.0003
    annual_cost: 11.81235868291084
    efficiency: 0.868929
    discharge_ratio: 2
    depth_of_discharge: 0.9
  Pb-acid:
    cost: 180.889
    lifetime: 8.08704
    annual_cost: 22.367763730610953
    efficiency: 0.793976
    discharge_ratio: 5
    depth_of_discharge: 0.5
  VRBF:
    cost: 183.646
    lifetime: 19.0443
    annual_cost: 9.643095309357655
    efficiency: 0.700096
    discharge_ratio: 0.5
    depth_of_discharge: 1.0
