cost_values:
  wind_capex: 5000.0
  wind_opex: 100
  wind_lifetime: 20
  solar_capex: 1000.0
  solar_opex: 10
  solar_lifetime: 20
  carbon_price: 1.0
timeseries_values:
  load_level: 228154.80482037086
  wind_year: 2016
  solar_year: 2013
  price_year: 2023
  carbon_year: 2023
storage_values:
  CAES:
    cost: 51.1095
    lifetime: 28.1331
    annual_cost: 1.816703456071318
    efficiency: 0.581908
    discharge_ratio: 0.1
    depth_of_discharge: 0.4
  Li-ion:
    cost: 192.374
    lifetime: 20.2386
    annual_cost: 9.505301750121054
    efficiency: 0.857684
    discharge_ratio: 2
    depth_of_discharge: 0.9
  Pb-acid:
    cost: 156.699
    lifetime: 8.38846
    annual_cost: 18.680306039487583
    efficiency: 0.774254
    discharge_ratio: 5
    depth_of_discharge: 0.5
  VRBF:
    cost: 216.78
    lifetime: 20.8452
    annual_cost: 10.399516435438375
    efficiency: 0.682828
    discharge_ratio: 0.5
    depth_of_discharge: 1.0
