cost_values:
  wind_capex: 5000.0
  wind_opex: 100
  wind_lifetime: 20
  solar_capex: 1000.0
  solar_opex: 10
  solar_lifetime: 20
  carbon_price: 1.0
timeseries_values:
  load_level: 228154.80482037086
  wind_year: 2016
  solar_year: 2013
  price_year: 2023
  carbon_year: 2023
storage_values:
  CAES:
    cost: 51.603
    lifetime: 28.0165
    annual_cost: 1.8418788927953171
    efficiency: 0.587973
    discharge_ratio: 0.1
    depth_of_discharge: 0.4
  Li-ion:
    cost: 212.707
    lifetime: 19.3199
    annual_cost: 11.009736075238484
    efficiency: 0.874487
    discharge_ratio: 2
    depth_of_discharge: 0.9
  Pb-acid:
    cost: 158.408
    lifetime: 8.89688
    annual_cost: 17.80489340083265
    efficiency: 0.77765
    discharge_ratio: 5
    depth_of_discharge: 0.5
  VRBF:
    cost: 188.383
    lifetime: 20.5072
    annual_cost: 9.18618826558477
    efficiency: 0.676465
    discharge_ratio: 0.5
    depth_of_discharge: 1.0
