cost_values:
  wind_capex: 5000.0
  wind_opex: 100
  wind_lifetime: 20
  solar_capex: 1000.0
  solar_opex: 10
  solar_lifetime: 20
  carbon_price: 1.0
timeseries_values:
  load_level: 228154.80482037086
  wind_year: 2016
  solar_year: 2013
  price_year: 2023
  carbon_year: 2023
storage_values:
  CAES:
    cost: 44.0887
    lifetime: 27.6911
    annual_cost: 1.5921613803713108
    efficiency: 0.591987
    discharge_ratio: 0.1
    depth_of_discharge: 0.4
  Li-ion:
    cost: 200.151
    lifetime: 22.4728
    annual_cost: 8.90636680787441
    efficiency: 0.874037
    discharge_ratio: 2
    depth_of_discharge: 0.9
  Pb-acid:
    cost: 172.012
    lifetime: 9.56206
    annual_cost: 17.989010736180276
    efficiency: 0.785517
    discharge_ratio: 5
    depth_of_discharge: 0.5
  VRBF:
    cost: 199.62
    lifetime: 17.3029
    annual_cost: 11.536794410185575
    efficiency: 0.699898
    discharge_ratio: 0.5
    depth_of_discharge: 1.0
