cost_values:
  wind_capex: 5000.0
  wind_opex: 100
  wind_lifetime: 20
  solar_capex: 1000.0
  solar_opex: 10
  solar_lifetime: 20
  carbon_price: 1.0
timeseries_values:
  load_level: 228154.80482037086
  wind_year: 2016
  solar_year: 2013
  price_year: 2023
  carbon_year: 2023
storage_values:
  CAES:
    cost: 49.5371
    lifetime: 27.2478
    annual_cost: 1.8180220054463112
    efficiency: 0.591636
    discharge_ratio: 0.1
    depth_of_discharge: 0.4
  Li-ion:
    cost: 187.725
    lifetime: 20.978
    annual_cost: 8.948660501477738
    efficiency: 0.854674
    discharge_ratio: 2
    depth_of_discharge: 0.9
  Pb-acid:
    cost: 177.859
    lifetime: 6.96238
    annual_cost: 25.545718561756185
    efficiency: 0.782806
    discharge_ratio: 5
    depth_of_discharge: 0.5
  VRBF:
    cost: 204.374
    lifetime: 16.7125
    annual_cost: 12.228810770381452
    efficiency: 0.668798
    discharge_ratio: 0.5
    depth_of_discharge: 1.0
