cost_values:
  wind_capex: 5000.0
  wind_opex: 100
  wind_lifetime: 20
  solar_capex: 1000.0
  solar_opex: 10
  solar_lifetime: 20
  carbon_price: 1.0
timeseries_values:
  load_level: 228154.80482037086
  wind_year: 2016
  solar_year: 2013
  price_year: 2023
  carbon_year: 2023
storage_values:
  CAES:
    cost: 55.0644
    lifetime: 27.7243
    annual_cost: 1.9861421208109853
    efficiency: 0.589071
    discharge_ratio: 0.1
    depth_of_discharge: 0.4
  Li-ion:
    cost: 208.043
    lifetime: 20.4368
    annual_cost: 10.179822672825491
    efficiency: 0.865978
    discharge_ratio: 2
    depth_of_discharge: 0.9
  Pb-acid:
    cost: 184.025
    lifetime: 6.93841
    annual_cost: 26.522647119440908
    efficiency: 0.796604
    discharge_ratio: 5
    depth_of_discharge: 0.5
  VRBF:
    cost: 178.864
    lifetime: 17.3228
    annual_cost: 10.32535155979403
    efficiency: 0.692635
    discharge_ratio: 0.5
    depth_of_discharge: 1.0
