cost_values:
  wind_capex: 5000.0
  wind_opex: 100
  wind_lifetime: 20
  solar_capex: 1000.0
  solar_opex: 10
  solar_lifetime: 20
  carbon_price: 1.0
timeseries_values:
  load_level: 228154.80482037086
  wind_year: 2016
  solar_year: 2013
  price_year: 2023
  carbon_year: 2023
storage_values:
  CAES:
    cost: 54.8645
    lifetime: 28.5475
    annual_cost: 1.9218670636658202
    efficiency: 0.593762
    discharge_ratio: 0.1
    depth_of_discharge: 0.4
  Li-ion:
    cost: 212.74
    lifetime: 16.5605
    annual_cost: 12.846230488209896
    efficiency: 0.861436
    discharge_ratio: 2
    depth_of_discharge: 0.9
  Pb-acid:
    cost: 169.087
    lifetime: 5.50653
    annual_cost: 30.706633760280976
    efficiency: 0.768095
    discharge_ratio: 5
    depth_of_discharge: 0.5
  VRBF:
    cost: 172.774
    lifetime: 16.3298
    annual_cost: 10.580288797168368
    efficiency: 0.675167
    discharge_ratio: 0.5
    depth_of_discharge: 1.0
