cost_values:
  wind_capex: 5000.0
  wind_opex: 100
  wind_lifetime: 20
  solar_capex: 1000.0
  solar_opex: 10
  solar_lifetime: 20
  carbon_price: 1.0
timeseries_values:
  load_level: 228154.80482037086
  wind_year: 2016
  solar_year: 2013
  price_year: 2023
  carbon_year: 2023
storage_values:
  CAES:
    cost: 46.2841
    lifetime: 28.1377
    annual_cost: 1.6449141187801422
    efficiency: 0.587783
    discharge_ratio: 0.1
    depth_of_discharge: 0.4
  Li-ion:
    cost: 228.426
    lifetime: 19.1503
    annual_cost: 11.92806379012339
    efficiency: 0.875248
    discharge_ratio: 2
    depth_of_discharge: 0.9
  Pb-acid:
    cost: 162.599
    lifetime: 7.34656
    annual_cost: 22.132671617736733
    efficiency: 0.779359
    discharge_ratio: 5
    depth_of_discharge: 0.5
  VRBF:
    cost: 193.493
    lifetime: 20.4056
    annual_cost: 9.482347982906653
    efficiency: 0.701936
    discharge_ratio: 0.5
    depth_of_discharge: 1.0
