cost_values:
  wind_capex: 5000.0
  wind_opex: 100
  wind_lifetime: 20
  solar_capex: 1000.0
  solar_opex: 10
  solar_lifetime: 20
  carbon_price: 1.0
timeseries_values:
  load_level: 228154.80482037086
  wind_year: 2016
  solar_year: 2013
  price_year: 2023
  carbon_year: 2023
storage_values:
  CAES:
    cost: 51.0704
    lifetime: 26.3002
    annual_cost: 1.9418255374483844
    efficiency: 0.588709
    discharge_ratio: 0.1
    depth_of_discharge: 0.4
  Li-ion:
    cost: 208.33
    lifetime: 20.9332
    annual_cost: 9.95213345307932
    efficiency: 0.861456
    discharge_ratio: 2
    depth_of_discharge: 0.9
  Pb-acid:
    cost: 173.541
    lifetime: 8.21846
    annual_cost: 21.115999834518874
    efficiency: 0.782372
    discharge_ratio: 5
    depth_of_discharge: 0.5
  VRBF:
    cost: 217.872
    lifetime: 19.6608
    annual_cost: 11.081542968750002
    efficiency: 0.694067
    discharge_ratio: 0.5
    depth_of_discharge: 1.0
