cost_values:
  wind_capex: 5000.0
  wind_opex: 100
  wind_lifetime: 20
  solar_capex: 1000.0
  solar_opex: 10
  solar_lifetime: 20
  carbon_price: 1.0
timeseries_values:
  load_level: 228154.80482037086
  wind_year: 2016
  solar_year: 2013
  price_year: 2023
  carbon_year: 2023
storage_values:
  CAES:
    cost: 45.4355
    lifetime: 28.2278
    annual_cost: 1.6096011733114164
    efficiency: 0.589097
    discharge_ratio: 0.1
    depth_of_discharge: 0.4
  Li-ion:
    cost: 200.663
    lifetime: 20.728
    annual_cost: 9.680769972983404
    efficiency: 0.868951
    discharge_ratio: 2
    depth_of_discharge: 0.9
  Pb-acid:
    cost: 158.31
    lifetime: 6.15262
    annual_cost: 25.730501802484145
    efficiency: 0.777615
    discharge_ratio: 5
    depth_of_discharge: 0.5
  VRBF:
    cost: 214.406
    lifetime: 18.7742
    annual_cost: 11.420246934623046
    efficiency: 0.668186
    discharge_ratio: 0.5
    depth_of_discharge: 1.0
