cost_values:
  wind_capex: 5000.0
  wind_opex: 100
  wind_lifetime: 20
  solar_capex: 1000.0
  solar_opex: 10
  solar_lifetime: 20
  carbon_price: 1.0
timeseries_values:
  load_level: 228154.80482037086
  wind_year: 2016
  solar_year: 2013
  price_year: 2023
  carbon_year: 2023
storage_values:
  CAES:
    cost: 46.2126
    lifetime: 27.2113
    annual_cost: 1.6982871086644151
    efficiency: 0.589203
    discharge_ratio: 0.1
    depth_of_discharge: 0.4
  Li-ion:
    cost: 205.557
    lifetime: 19.3133
    annual_cost: 10.643287268359108
    efficiency: 0.866186
    discharge_ratio: 2
    depth_of_discharge: 0.9
  Pb-acid:
    cost: 171.946
    lifetime: 6.7041
    annual_cost: 25.6478871138557
    efficiency: 0.79613
    discharge_ratio: 5
    depth_of_discharge: 0.5
  VRBF:
    cost: 174.057
    lifetime: 18.8104
    annual_cost: 9.25323225449751
    efficiency: 0.675379
    discharge_ratio: 0.5
    depth_of_discharge: 1.0
