cost_values:
  wind_capex: 5000.0
  wind_opex: 100
  wind_lifetime: 20
  solar_capex: 1000.0
  solar_opex: 10
  solar_lifetime: 20
  carbon_price: 1.0
timeseries_values:
  load_level: 228154.80482037086
  wind_year: 2016
  solar_year: 2013
  price_year: 2023
  carbon_year: 2023
storage_values:
  CAES:
    cost: 48.2832
    lifetime: 27.4591
    annual_cost: 1.7583678998947527
    efficiency: 0.589839
    discharge_ratio: 0.1
    depth_of_discharge: 0.4
  Li-ion:
    cost: 208.176
    lifetime: 18.4955
    annual_cost: 11.255494579762644
    efficiency: 0.860026
    discharge_ratio: 2
    depth_of_discharge: 0.9
  Pb-acid:
    cost: 178.372
    lifetime: 7.17141
    annual_cost: 24.872654052689782
    efficiency: 0.764162
    discharge_ratio: 5
    depth_of_discharge: 0.5
  VRBF:
    cost: 202.432
    lifetime: 16.7306
    annual_cost: 12.099506293856765
    efficiency: 0.659503
    discharge_ratio: 0.5
    depth_of_discharge: 1.0
