cost_values:
  wind_capex: 5000.0
  wind_opex: 100
  wind_lifetime: 20
  solar_capex: 1000.0
  solar_opex: 10
  solar_lifetime: 20
  carbon_price: 1.0
timeseries_values:
  load_level: 228154.80482037086
  wind_year: 2016
  solar_year: 2013
  price_year: 2023
  carbon_year: 2023
storage_values:
  CAES:
    cost: 43.3048
    lifetime: 27.4355
    annual_cost: 1.578422117329737
    efficiency: 0.586458
    discharge_ratio: 0.1
    depth_of_discharge: 0.4
  Li-ion:
    cost: 216.186
    lifetime: 20.8591
    annual_cost: 10.36410966916118
    efficiency: 0.867694
    discharge_ratio: 2
    depth_of_discharge: 0.9
  Pb-acid:
    cost: 189.339
    lifetime: 7.62551
    annual_cost: 24.829683522807
    efficiency: 0.783469
    discharge_ratio: 5
    depth_of_discharge: 0.5
  VRBF:
    cost: 192.595
    lifetime: 17.7593
    annual_cost: 10.844740502159432
    efficiency: 0.691061
    discharge_ratio: 0.5
    depth_of_discharge: 1.0
