cost_values:
  wind_capex: 5000.0
  wind_opex: 100
  wind_lifetime: 20
  solar_capex: 1000.0
  solar_opex: 10
  solar_lifetime: 20
  carbon_price: 1.0
timeseries_values:
  load_level: 228154.80482037086
  wind_year: 2016
  solar_year: 2013
  price_year: 2023
  carbon_year: 2023
storage_values:
  CAES:
    cost: 44.654
    lifetime: 25.8666
    annual_cost: 1.7263188822651607
    efficiency: 0.58702
    discharge_ratio: 0.1
    depth_of_discharge: 0.4
  Li-ion:
    cost: 210.527
    lifetime: 18.6838
    annual_cost: 11.267889829692031
    efficiency: 0.85967
    discharge_ratio: 2
    depth_of_discharge: 0.9
  Pb-acid:
    cost: 187.094
    lifetime: 8.05996
    annual_cost: 23.212770286701172
    efficiency: 0.788096
    discharge_ratio: 5
    depth_of_discharge: 0.5
  VRBF:
    cost: 188.475
    lifetime: 16.7823
    annual_cost: 11.230582220553798
    efficiency: 0.662374
    discharge_ratio: 0.5
    depth_of_discharge: 1.0
