cost_values:
  wind_capex: 5000.0
  wind_opex: 100
  wind_lifetime: 20
  solar_capex: 1000.0
  solar_opex: 10
  solar_lifetime: 20
  carbon_price: 1.0
timeseries_values:
  load_level: 228154.80482037086
  wind_year: 2016
  solar_year: 2013
  price_year: 2023
  carbon_year: 2023
storage_values:
  CAES:
    cost: 49.7223
    lifetime: 28.7916
    annual_cost: 1.7269724502980035
    efficiency: 0.581257
    discharge_ratio: 0.1
    depth_of_discharge: 0.4
  Li-ion:
    cost: 220.286
    lifetime: 21.8005
    annual_cost: 10.104630627737896
    efficiency: 0.856464
    discharge_ratio: 2
    depth_of_discharge: 0.9
  Pb-acid:
    cost: 153.952
    lifetime: 7.27182
    annual_cost: 21.17104108737565
    efficiency: 0.785872
    discharge_ratio: 5
    depth_of_discharge: 0.5
  VRBF:
    cost: 183.796
    lifetime: 18.461
    annual_cost: 9.95590704728888
    efficiency: 0.693988
    discharge_ratio: 0.5
    depth_of_discharge: 1.0
