cost_values:
  wind_capex: 5000.0
  wind_opex: 100
  wind_lifetime: 20
  solar_capex: 1000.0
  solar_opex: 10
  solar_lifetime: 20
  carbon_price: 1.0
timeseries_values:
  load_level: 228154.80482037086
  wind_year: 2016
  solar_year: 2013
  price_year: 2023
  carbon_year: 2023
storage_values:
  CAES:
    cost: 55.3461
    lifetime: 28.2968
    annual_cost: 1.9559137428967233
    efficiency: 0.589282
    discharge_ratio: 0.1
    depth_of_discharge: 0.4
  Li-ion:
    cost: 203.067
    lifetime: 22.765
    annual_cost: 8.920140566659345
    efficiency: 0.864282
    discharge_ratio: 2
    depth_of_discharge: 0.9
  Pb-acid:
    cost: 172.28
    lifetime: 5.0155
    annual_cost: 34.34951649885355
    efficiency: 0.7827
    discharge_ratio: 5
    depth_of_discharge: 0.5
  VRBF:
    cost: 165.237
    lifetime: 19.3533
    annual_cost: 8.537923764939311
    efficiency: 0.67974
    discharge_ratio: 0.5
    depth_of_discharge: 1.0
