cost_values:
  wind_capex: 5000.0
  wind_opex: 100
  wind_lifetime: 20
  solar_capex: 1000.0
  solar_opex: 10
  solar_lifetime: 20
  carbon_price: 1.0
timeseries_values:
  load_level: 228154.80482037086
  wind_year: 2016
  solar_year: 2013
  price_year: 2023
  carbon_year: 2023
storage_values:
  CAES:
    cost: 53.0031
    lifetime: 27.8579
    annual_cost: 1.9026236722796765
    efficiency: 0.58178
    discharge_ratio: 0.1
    depth_of_discharge: 0.4
  Li-ion:
    cost: 191.215
    lifetime: 20.5146
    annual_cost: 9.320922659959248
    efficiency: 0.855456
    discharge_ratio: 2
    depth_of_discharge: 0.9
  Pb-acid:
    cost: 180.18
    lifetime: 8.5207
    annual_cost: 21.14614996420482
    efficiency: 0.77541
    discharge_ratio: 5
    depth_of_discharge: 0.5
  VRBF:
    cost: 224.0
    lifetime: 17.469
    annual_cost: 12.82271452286908
    efficiency: 0.69498
    discharge_ratio: 0.5
    depth_of_discharge: 1.0
