cost_values:
  wind_capex: 5000.0
  wind_opex: 100
  wind_lifetime: 20
  solar_capex: 1000.0
  solar_opex: 10
  solar_lifetime: 20
  carbon_price: 1.0
timeseries_values:
  load_level: 228154.80482037086
  wind_year: 2016
  solar_year: 2013
  price_year: 2023
  carbon_year: 2023
storage_values:
  CAES:
    cost: 58.9442
    lifetime: 28.1852
    annual_cost: 2.0913174290052936
    efficiency: 0.585909
    discharge_ratio: 0.1
    depth_of_discharge: 0.4
  Li-ion:
    cost: 195.318
    lifetime: 20.787
    annual_cost: 9.396161062202339
    efficiency: 0.867518
    discharge_ratio: 2
    depth_of_discharge: 0.9
  Pb-acid:
    cost: 158.783
    lifetime: 6.73499
    annual_cost: 23.57583307473359
    efficiency: 0.773557
    discharge_ratio: 5
    depth_of_discharge: 0.5
  VRBF:
    cost: 191.869
    lifetime: 18.5431
    annual_cost: 10.347191138482778
    efficiency: 0.663636
    discharge_ratio: 0.5
    depth_of_discharge: 1.0
