cost_values:
  wind_capex: 5000.0
  wind_opex: 100
  wind_lifetime: 20
  solar_capex: 1000.0
  solar_opex: 10
  solar_lifetime: 20
  carbon_price: 1.0
timeseries_values:
  load_level: 228154.80482037086
  wind_year: 2016
  solar_year: 2013
  price_year: 2023
  carbon_year: 2023
storage_values:
  CAES:
    cost: 57.77
    lifetime: 28.2333
    annual_cost: 2.0461653437607366
    efficiency: 0.583672
    discharge_ratio: 0.1
    depth_of_discharge: 0.4
  Li-ion:
    cost: 202.877
    lifetime: 20.2807
    annual_cost: 10.003451557392005
    efficiency: 0.876143
    discharge_ratio: 2
    depth_of_discharge: 0.9
  Pb-acid:
    cost: 145.894
    lifetime: 9.74535
    annual_cost: 14.970627016987589
    efficiency: 0.778548
    discharge_ratio: 5
    depth_of_discharge: 0.5
  VRBF:
    cost: 199.889
    lifetime: 17.2077
    annual_cost: 11.616253188979353
    efficiency: 0.680182
    discharge_ratio: 0.5
    depth_of_discharge: 1.0
