cost_values:
  wind_capex: 5000.0
  wind_opex: 100
  wind_lifetime: 20
  solar_capex: 1000.0
  solar_opex: 10
  solar_lifetime: 20
  carbon_price: 1.0
timeseries_values:
  load_level: 228154.80482037086
  wind_year: 2016
  solar_year: 2013
  price_year: 2023
  carbon_year: 2023
storage_values:
  CAES:
    cost: 54.5758
    lifetime: 27.7077
    annual_cost: 1.9696979539983472
    efficiency: 0.593908
    discharge_ratio: 0.1
    depth_of_discharge: 0.4
  Li-ion:
    cost: 219.691
    lifetime: 19.8668
    annual_cost: 11.058197595989288
    efficiency: 0.852658
    discharge_ratio: 2
    depth_of_discharge: 0.9
  Pb-acid:
    cost: 151.904
    lifetime: 9.05372
    annual_cost: 16.778075752287457
    efficiency: 0.798361
    discharge_ratio: 5
    depth_of_discharge: 0.5
  VRBF:
    cost: 196.966
    lifetime: 17.9841
    annual_cost: 10.952230025411335
    efficiency: 0.678264
    discharge_ratio: 0.5
    depth_of_discharge: 1.0
