cost_values:
  wind_capex: 5000.0
  wind_opex: 100
  wind_lifetime: 20
  solar_capex: 1000.0
  solar_opex: 10
  solar_lifetime: 20
  carbon_price: 1.0
timeseries_values:
  load_level: 228154.80482037086
  wind_year: 2016
  solar_year: 2013
  price_year: 2023
  carbon_year: 2023
storage_values:
  CAES:
    cost: 49.0204
    lifetime: 28.8728
    annual_cost: 1.697805547089302
    efficiency: 0.582516
    discharge_ratio: 0.1
    depth_of_discharge: 0.4
  Li-ion:
    cost: 222.395
    lifetime: 20.9103
    annual_cost: 10.635667589656773
    efficiency: 0.854623
    discharge_ratio: 2
    depth_of_discharge: 0.9
  Pb-acid:
    cost: 202.068
    lifetime: 7.48933
    annual_cost: 26.980784662980536
    efficiency: 0.777718
    discharge_ratio: 5
    depth_of_discharge: 0.5
  VRBF:
    cost: 194.666
    lifetime: 18.7716
    annual_cost: 10.370240150013851
    efficiency: 0.670375
    discharge_ratio: 0.5
    depth_of_discharge: 1.0
