cost_values:
  wind_capex: 5000.0
  wind_opex: 100
  wind_lifetime: 20
  solar_capex: 1000.0
  solar_opex: 10
  solar_lifetime: 20
  carbon_price: 1.0
timeseries_values:
  load_level: 228154.80482037086
  wind_year: 2016
  solar_year: 2013
  price_year: 2023
  carbon_year: 2023
storage_values:
  CAES:
    cost: 48.5255
    lifetime: 27.8401
    annual_cost: 1.7430073886228858
    efficiency: 0.578441
    discharge_ratio: 0.1
    depth_of_discharge: 0.4
  Li-ion:
    cost: 196.411
    lifetime: 20.4194
    annual_cost: 9.618842865118467
    efficiency: 0.861379
    discharge_ratio: 2
    depth_of_discharge: 0.9
  Pb-acid:
    cost: 150.052
    lifetime: 8.88593
    annual_cost: 16.886471084062105
    efficiency: 0.755679
    discharge_ratio: 5
    depth_of_discharge: 0.5
  VRBF:
    cost: 186.321
    lifetime: 16.6928
    annual_cost: 11.161758362886994
    efficiency: 0.658672
    discharge_ratio: 0.5
    depth_of_discharge: 1.0
