cost_values:
  wind_capex: 5000.0
  wind_opex: 100
  wind_lifetime: 20
  solar_capex: 1000.0
  solar_opex: 10
  solar_lifetime: 20
  carbon_price: 1.0
timeseries_values:
  load_level: 228154.80482037086
  wind_year: 2016
  solar_year: 2013
  price_year: 2023
  carbon_year: 2023
storage_values:
  CAES:
    cost: 50.3601
    lifetime: 28.3721
    annual_cost: 1.7749866946754032
    efficiency: 0.598341
    discharge_ratio: 0.1
    depth_of_discharge: 0.4
  Li-ion:
    cost: 210.117
    lifetime: 21.4302
    annual_cost: 9.804714841672032
    efficiency: 0.851847
    discharge_ratio: 2
    depth_of_discharge: 0.9
  Pb-acid:
    cost: 172.21
    lifetime: 6.94699
    annual_cost: 24.789153287970763
    efficiency: 0.770782
    discharge_ratio: 5
    depth_of_discharge: 0.5
  VRBF:
    cost: 240.025
    lifetime: 18.17
    annual_cost: 13.209961474958723
    efficiency: 0.687202
    discharge_ratio: 0.5
    depth_of_discharge: 1.0
