cost_values:
  wind_capex: 5000.0
  wind_opex: 100
  wind_lifetime: 20
  solar_capex: 1000.0
  solar_opex: 10
  solar_lifetime: 20
  carbon_price: 1.0
timeseries_values:
  load_level: 228154.80482037086
  wind_year: 2016
  solar_year: 2013
  price_year: 2023
  carbon_year: 2023
storage_values:
  CAES:
    cost: 58.6237
    lifetime: 27.5806
    annual_cost: 2.1255411412369565
    efficiency: 0.589626
    discharge_ratio: 0.1
    depth_of_discharge: 0.4
  Li-ion:
    cost: 201.664
    lifetime: 22.0303
    annual_cost: 9.153937985411002
    efficiency: 0.87511
    discharge_ratio: 2
    depth_of_discharge: 0.9
  Pb-acid:
    cost: 153.602
    lifetime: 5.43255
    annual_cost: 28.274383116584293
    efficiency: 0.790646
    discharge_ratio: 5
    depth_of_discharge: 0.5
  VRBF:
    cost: 201.433
    lifetime: 20.0336
    annual_cost: 10.054758006548997
    efficiency: 0.709312
    discharge_ratio: 0.5
    depth_of_discharge: 1.0
