cost_values:
  wind_capex: 5000.0
  wind_opex: 100
  wind_lifetime: 20
  solar_capex: 1000.0
  solar_opex: 10
  solar_lifetime: 20
  carbon_price: 1.0
timeseries_values:
  load_level: 228154.80482037086
  wind_year: 2016
  solar_year: 2013
  price_year: 2023
  carbon_year: 2023
storage_values:
  CAES:
    cost: 44.3383
    lifetime: 27.4648
    annual_cost: 1.6143682094899652
    efficiency: 0.593644
    discharge_ratio: 0.1
    depth_of_discharge: 0.4
  Li-ion:
    cost: 198.029
    lifetime: 21.3898
    annual_cost: 9.258104330101263
    efficiency: 0.866602
    discharge_ratio: 2
    depth_of_discharge: 0.9
  Pb-acid:
    cost: 169.45
    lifetime: 8.16549
    annual_cost: 20.751969569493074
    efficiency: 0.788873
    discharge_ratio: 5
    depth_of_discharge: 0.5
  VRBF:
    cost: 186.421
    lifetime: 17.6651
    annual_cost: 10.553067913569695
    efficiency: 0.682306
    discharge_ratio: 0.5
    depth_of_discharge: 1.0
