cost_values:
  wind_capex: 5000.0
  wind_opex: 100
  wind_lifetime: 20
  solar_capex: 1000.0
  solar_opex: 10
  solar_lifetime: 20
  carbon_price: 1.0
timeseries_values:
  load_level: 228154.80482037086
  wind_year: 2016
  solar_year: 2013
  price_year: 2023
  carbon_year: 2023
storage_values:
  CAES:
    cost: 49.0013
    lifetime: 27.6941
    annual_cost: 1.7693768708858566
    efficiency: 0.588893
    discharge_ratio: 0.1
    depth_of_discharge: 0.4
  Li-ion:
    cost: 202.555
    lifetime: 20.5017
    annual_cost: 9.8799123975085
    efficiency: 0.85969
    discharge_ratio: 2
    depth_of_discharge: 0.9
  Pb-acid:
    cost: 166.663
    lifetime: 7.3087
    annual_cost: 22.80337132458577
    efficiency: 0.780242
    discharge_ratio: 5
    depth_of_discharge: 0.5
  VRBF:
    cost: 236.914
    lifetime: 20.0126
    annual_cost: 11.838241907598213
    efficiency: 0.690255
    discharge_ratio: 0.5
    depth_of_discharge: 1.0
