cost_values:
  wind_capex: 5000.0
  wind_opex: 100
  wind_lifetime: 20
  solar_capex: 1000.0
  solar_opex: 10
  solar_lifetime: 20
  carbon_price: 1.0
timeseries_values:
  load_level: 228154.80482037086
  wind_year: 2016
  solar_year: 2013
  price_year: 2023
  carbon_year: 2023
storage_values:
  CAES:
    cost: 58.3622
    lifetime: 28.8553
    annual_cost: 2.022581640114641
    efficiency: 0.585983
    discharge_ratio: 0.1
    depth_of_discharge: 0.4
  Li-ion:
    cost: 241.183
    lifetime: 21.9539
    annual_cost: 10.98588405704681
    efficiency: 0.863462
    discharge_ratio: 2
    depth_of_discharge: 0.9
  Pb-acid:
    cost: 177.155
    lifetime: 8.20452
    annual_cost: 21.592366159141545
    efficiency: 0.774182
    discharge_ratio: 5
    depth_of_discharge: 0.5
  VRBF:
    cost: 186.63
    lifetime: 18.2865
    annual_cost: 10.20588959068165
    efficiency: 0.675164
    discharge_ratio: 0.5
    depth_of_discharge: 1.0
