cost_values:
  wind_capex: 5000.0
  wind_opex: 100
  wind_lifetime: 20
  solar_capex: 1000.0
  solar_opex: 10
  solar_lifetime: 20
  carbon_price: 1.0
timeseries_values:
  load_level: 228154.80482037086
  wind_year: 2016
  solar_year: 2013
  price_year: 2023
  carbon_year: 2023
storage_values:
  CAES:
    cost: 57.6013
    lifetime: 29.091
    annual_cost: 1.9800384998796878
    efficiency: 0.591426
    discharge_ratio: 0.1
    depth_of_discharge: 0.4
  Li-ion:
    cost: 222.205
    lifetime: 21.2801
    annual_cost: 10.441915216563832
    efficiency: 0.865889
    discharge_ratio: 2
    depth_of_discharge: 0.9
  Pb-acid:
    cost: 157.941
    lifetime: 8.44447
    annual_cost: 18.703482871038677
    efficiency: 0.777186
    discharge_ratio: 5
    depth_of_discharge: 0.5
  VRBF:
    cost: 198.175
    lifetime: 16.8217
    annual_cost: 11.780913938543668
    efficiency: 0.693866
    discharge_ratio: 0.5
    depth_of_discharge: 1.0
