cost_values:
  wind_capex: 5000.0
  wind_opex: 100
  wind_lifetime: 20
  solar_capex: 1000.0
  solar_opex: 10
  solar_lifetime: 20
  carbon_price: 1.0
timeseries_values:
  load_level: 228154.80482037086
  wind_year: 2016
  solar_year: 2013
  price_year: 2023
  carbon_year: 2023
storage_values:
  CAES:
    cost: 49.3027
    lifetime: 26.9732
    annual_cost: 1.8278402265952873
    efficiency: 0.584858
    discharge_ratio: 0.1
    depth_of_discharge: 0.4
  Li-ion:
    cost: 208.648
    lifetime: 20.4186
    annual_cost: 10.218526245677959
    efficiency: 0.859064
    discharge_ratio: 2
    depth_of_discharge: 0.9
  Pb-acid:
    cost: 160.753
    lifetime: 8.98047
    annual_cost: 17.900288069555376
    efficiency: 0.775038
    discharge_ratio: 5
    depth_of_discharge: 0.5
  VRBF:
    cost: 201.926
    lifetime: 18.0894
    annual_cost: 11.162669850851879
    efficiency: 0.696684
    discharge_ratio: 0.5
    depth_of_discharge: 1.0
