cost_values:
  wind_capex: 5000.0
  wind_opex: 100
  wind_lifetime: 20
  solar_capex: 1000.0
  solar_opex: 10
  solar_lifetime: 20
  carbon_price: 1.0
timeseries_values:
  load_level: 228154.80482037086
  wind_year: 2016
  solar_year: 2013
  price_year: 2023
  carbon_year: 2023
storage_values:
  CAES:
    cost: 52.9053
    lifetime: 27.561
    annual_cost: 1.9195711331228908
    efficiency: 0.598018
    discharge_ratio: 0.1
    depth_of_discharge: 0.4
  Li-ion:
    cost: 203.41
    lifetime: 20.6896
    annual_cost: 9.831509550692136
    efficiency: 0.864404
    discharge_ratio: 2
    depth_of_discharge: 0.9
  Pb-acid:
    cost: 181.786
    lifetime: 7.31899
    annual_cost: 24.837580048613265
    efficiency: 0.794065
    discharge_ratio: 5
    depth_of_discharge: 0.5
  VRBF:
    cost: 193.386
    lifetime: 17.2993
    annual_cost: 11.178833825646125
    efficiency: 0.694264
    discharge_ratio: 0.5
    depth_of_discharge: 1.0
