cost_values:
  wind_capex: 5000.0
  wind_opex: 100
  wind_lifetime: 20
  solar_capex: 1000.0
  solar_opex: 10
  solar_lifetime: 20
  carbon_price: 1.0
timeseries_values:
  load_level: 228154.80482037086
  wind_year: 2016
  solar_year: 2013
  price_year: 2023
  carbon_year: 2023
storage_values:
  CAES:
    cost: 50.281
    lifetime: 27.5062
    annual_cost: 1.8279878718252611
    efficiency: 0.593534
    discharge_ratio: 0.1
    depth_of_discharge: 0.4
  Li-ion:
    cost: 206.041
    lifetime: 20.0475
    annual_cost: 10.27764060356653
    efficiency: 0.861763
    discharge_ratio: 2
    depth_of_discharge: 0.9
  Pb-acid:
    cost: 173.305
    lifetime: 5.90209
    annual_cost: 29.363327228151384
    efficiency: 0.780623
    discharge_ratio: 5
    depth_of_discharge: 0.5
  VRBF:
    cost: 183.616
    lifetime: 19.4483
    annual_cost: 9.441236509103625
    efficiency: 0.694146
    discharge_ratio: 0.5
    depth_of_discharge: 1.0
