cost_values:
  wind_capex: 5000.0
  wind_opex: 100
  wind_lifetime: 20
  solar_capex: 1000.0
  solar_opex: 10
  solar_lifetime: 20
  carbon_price: 1.0
timeseries_values:
  load_level: 228154.80482037086
  wind_year: 2016
  solar_year: 2013
  price_year: 2023
  carbon_year: 2023
storage_values:
  CAES:
    cost: 49.4756
    lifetime: 27.3535
    annual_cost: 1.8087484234193065
    efficiency: 0.587267
    discharge_ratio: 0.1
    depth_of_discharge: 0.4
  Li-ion:
    cost: 221.062
    lifetime: 21.5994
    annual_cost: 10.234636147300389
    efficiency: 0.875536
    discharge_ratio: 2
    depth_of_discharge: 0.9
  Pb-acid:
    cost: 155.836
    lifetime: 6.19161
    annual_cost: 25.168897911851687
    efficiency: 0.782629
    discharge_ratio: 5
    depth_of_discharge: 0.5
  VRBF:
    cost: 204.796
    lifetime: 18.7077
    annual_cost: 10.947150103967886
    efficiency: 0.664826
    discharge_ratio: 0.5
    depth_of_discharge: 1.0
