cost_values:
  wind_capex: 5000.0
  wind_opex: 100
  wind_lifetime: 20
  solar_capex: 1000.0
  solar_opex: 10
  solar_lifetime: 20
  carbon_price: 1.0
timeseries_values:
  load_level: 228154.80482037086
  wind_year: 2016
  solar_year: 2013
  price_year: 2023
  carbon_year: 2023
storage_values:
  CAES:
    cost: 53.7709
    lifetime: 28.1011
    annual_cost: 1.913480255221326
    efficiency: 0.575641
    discharge_ratio: 0.1
    depth_of_discharge: 0.4
  Li-ion:
    cost: 207.913
    lifetime: 19.1147
    annual_cost: 10.877125981574391
    efficiency: 0.869285
    discharge_ratio: 2
    depth_of_discharge: 0.9
  Pb-acid:
    cost: 154.577
    lifetime: 7.16806
    annual_cost: 21.56469114376833
    efficiency: 0.767472
    discharge_ratio: 5
    depth_of_discharge: 0.5
  VRBF:
    cost: 176.498
    lifetime: 17.6563
    annual_cost: 9.996318594496014
    efficiency: 0.687469
    discharge_ratio: 0.5
    depth_of_discharge: 1.0
