cost_values:
  wind_capex: 5000.0
  wind_opex: 100
  wind_lifetime: 20
  solar_capex: 1000.0
  solar_opex: 10
  solar_lifetime: 20
  carbon_price: 1.0
timeseries_values:
  load_level: 228154.80482037086
  wind_year: 2016
  solar_year: 2013
  price_year: 2023
  carbon_year: 2023
storage_values:
  CAES:
    cost: 56.9726
    lifetime: 28.2606
    annual_cost: 2.015972767740246
    efficiency: 0.578228
    discharge_ratio: 0.1
    depth_of_discharge: 0.4
  Li-ion:
    cost: 220.303
    lifetime: 20.5322
    annual_cost: 10.729634427874267
    efficiency: 0.859344
    discharge_ratio: 2
    depth_of_discharge: 0.9
  Pb-acid:
    cost: 159.617
    lifetime: 6.64278
    annual_cost: 24.028644633722624
    efficiency: 0.775904
    discharge_ratio: 5
    depth_of_discharge: 0.5
  VRBF:
    cost: 213.525
    lifetime: 19.8691
    annual_cost: 10.746586408040626
    efficiency: 0.67646
    discharge_ratio: 0.5
    depth_of_discharge: 1.0
