cost_values:
  wind_capex: 5000.0
  wind_opex: 100
  wind_lifetime: 20
  solar_capex: 1000.0
  solar_opex: 10
  solar_lifetime: 20
  carbon_price: 1.0
timeseries_values:
  load_level: 228154.80482037086
  wind_year: 2016
  solar_year: 2013
  price_year: 2023
  carbon_year: 2023
storage_values:
  CAES:
    cost: 42.7769
    lifetime: 27.0444
    annual_cost: 1.581728564878496
    efficiency: 0.58225
    discharge_ratio: 0.1
    depth_of_discharge: 0.4
  Li-ion:
    cost: 218.608
    lifetime: 21.7629
    annual_cost: 10.044984813604806
    efficiency: 0.86323
    discharge_ratio: 2
    depth_of_discharge: 0.9
  Pb-acid:
    cost: 187.473
    lifetime: 6.75838
    annual_cost: 27.73933990098219
    efficiency: 0.783862
    discharge_ratio: 5
    depth_of_discharge: 0.5
  VRBF:
    cost: 203.4
    lifetime: 18.4015
    annual_cost: 11.053446729886153
    efficiency: 0.679333
    discharge_ratio: 0.5
    depth_of_discharge: 1.0
