cost_values:
  wind_capex: 5000.0
  wind_opex: 100
  wind_lifetime: 20
  solar_capex: 1000.0
  solar_opex: 10
  solar_lifetime: 20
  carbon_price: 1.0
timeseries_values:
  load_level: 228154.80482037086
  wind_year: 2016
  solar_year: 2013
  price_year: 2023
  carbon_year: 2023
storage_values:
  CAES:
    cost: 50.8882
    lifetime: 27.5527
    annual_cost: 1.846940590214389
    efficiency: 0.59212
    discharge_ratio: 0.1
    depth_of_discharge: 0.4
  Li-ion:
    cost: 188.974
    lifetime: 20.2173
    annual_cost: 9.347143288173989
    efficiency: 0.866848
    discharge_ratio: 2
    depth_of_discharge: 0.9
  Pb-acid:
    cost: 169.859
    lifetime: 7.46043
    annual_cost: 22.767990584993093
    efficiency: 0.773508
    discharge_ratio: 5
    depth_of_discharge: 0.5
  VRBF:
    cost: 207.224
    lifetime: 18.915
    annual_cost: 10.95553793285752
    efficiency: 0.686638
    discharge_ratio: 0.5
    depth_of_discharge: 1.0
