cost_values:
  wind_capex: 5000.0
  wind_opex: 100
  wind_lifetime: 20
  solar_capex: 1000.0
  solar_opex: 10
  solar_lifetime: 20
  carbon_price: 1.0
timeseries_values:
  load_level: 228154.80482037086
  wind_year: 2016
  solar_year: 2013
  price_year: 2023
  carbon_year: 2023
storage_values:
  CAES:
    cost: 50.3882
    lifetime: 27.7494
    annual_cost: 1.8158302521856327
    efficiency: 0.583448
    discharge_ratio: 0.1
    depth_of_discharge: 0.4
  Li-ion:
    cost: 205.154
    lifetime: 18.5771
    annual_cost: 11.043381367382421
    efficiency: 0.853331
    discharge_ratio: 2
    depth_of_discharge: 0.9
  Pb-acid:
    cost: 160.896
    lifetime: 8.56766
    annual_cost: 18.779456701129593
    efficiency: 0.790046
    discharge_ratio: 5
    depth_of_discharge: 0.5
  VRBF:
    cost: 208.874
    lifetime: 19.7943
    annual_cost: 10.552229682282274
    efficiency: 0.669347
    discharge_ratio: 0.5
    depth_of_discharge: 1.0
