cost_values:
  wind_capex: 5000.0
  wind_opex: 100
  wind_lifetime: 20
  solar_capex: 1000.0
  solar_opex: 10
  solar_lifetime: 20
  carbon_price: 1.0
timeseries_values:
  load_level: 228154.80482037086
  wind_year: 2016
  solar_year: 2013
  price_year: 2023
  carbon_year: 2023
storage_values:
  CAES:
    cost: 54.0668
    lifetime: 28.7112
    annual_cost: 1.8831257488366908
    efficiency: 0.592556
    discharge_ratio: 0.1
    depth_of_discharge: 0.4
  Li-ion:
    cost: 220.377
    lifetime: 21.883
    annual_cost: 10.070694146140841
    efficiency: 0.865814
    discharge_ratio: 2
    depth_of_discharge: 0.9
  Pb-acid:
    cost: 172.194
    lifetime: 7.6986
    annual_cost: 22.366923856285556
    efficiency: 0.780569
    discharge_ratio: 5
    depth_of_discharge: 0.5
  VRBF:
    cost: 196.495
    lifetime: 19.8144
    annual_cost: 9.916777697028424
    efficiency: 0.698366
    discharge_ratio: 0.5
    depth_of_discharge: 1.0
