cost_values:
  wind_capex: 5000.0
  wind_opex: 100
  wind_lifetime: 20
  solar_capex: 1000.0
  solar_opex: 10
  solar_lifetime: 20
  carbon_price: 1.0
timeseries_values:
  load_level: 228154.80482037086
  wind_year: 2016
  solar_year: 2013
  price_year: 2023
  carbon_year: 2023
storage_values:
  CAES:
    cost: 46.5882
    lifetime: 28.1531
    annual_cost: 1.654815988292586
    efficiency: 0.573896
    discharge_ratio: 0.1
    depth_of_discharge: 0.4
  Li-ion:
    cost: 203.727
    lifetime: 20.3108
    annual_cost: 10.030476396793825
    efficiency: 0.874653
    discharge_ratio: 2
    depth_of_discharge: 0.9
  Pb-acid:
    cost: 175.447
    lifetime: 7.67078
    annual_cost: 22.872119914793544
    efficiency: 0.772555
    discharge_ratio: 5
    depth_of_discharge: 0.5
  VRBF:
    cost: 234.869
    lifetime: 19.8707
    annual_cost: 11.819865430004983
    efficiency: 0.654861
    discharge_ratio: 0.5
    depth_of_discharge: 1.0
