cost_values:
  wind_capex: 5000.0
  wind_opex: 100
  wind_lifetime: 20
  solar_capex: 1000.0
  solar_opex: 10
  solar_lifetime: 20
  carbon_price: 1.0
timeseries_values:
  load_level: 228154.80482037086
  wind_year: 2016
  solar_year: 2013
  price_year: 2023
  carbon_year: 2023
storage_values:
  CAES:
    cost: 47.6271
    lifetime: 27.8032
    annual_cost: 1.713007855210911
    efficiency: 0.58398
    discharge_ratio: 0.1
    depth_of_discharge: 0.4
  Li-ion:
    cost: 223.71
    lifetime: 20.7676
    annual_cost: 10.772068029045244
    efficiency: 0.870094
    discharge_ratio: 2
    depth_of_discharge: 0.9
  Pb-acid:
    cost: 179.298
    lifetime: 7.80101
    annual_cost: 22.98394695045898
    efficiency: 0.765351
    discharge_ratio: 5
    depth_of_discharge: 0.5
  VRBF:
    cost: 203.749
    lifetime: 18.1034
    annual_cost: 11.25473667929781
    efficiency: 0.678111
    discharge_ratio: 0.5
    depth_of_discharge: 1.0
