cost_values:
  wind_capex: 5000.0
  wind_opex: 100
  wind_lifetime: 20
  solar_capex: 1000.0
  solar_opex: 10
  solar_lifetime: 20
  carbon_price: 1.0
timeseries_values:
  load_level: 228154.80482037086
  wind_year: 2016
  solar_year: 2013
  price_year: 2023
  carbon_year: 2023
storage_values:
  CAES:
    cost: 52.3108
    lifetime: 28.7207
    annual_cost: 1.8213622927017796
    efficiency: 0.595202
    discharge_ratio: 0.1
    depth_of_discharge: 0.4
  Li-ion:
    cost: 196.889
    lifetime: 20.0305
    annual_cost: 9.829460073388084
    efficiency: 0.86582
    discharge_ratio: 2
    depth_of_discharge: 0.9
  Pb-acid:
    cost: 166.945
    lifetime: 8.40228
    annual_cost: 19.869011744431273
    efficiency: 0.769993
    discharge_ratio: 5
    depth_of_discharge: 0.5
  VRBF:
    cost: 185.837
    lifetime: 18.3418
    annual_cost: 10.13188454786335
    efficiency: 0.691456
    discharge_ratio: 0.5
    depth_of_discharge: 1.0
