cost_values:
  wind_capex: 5000.0
  wind_opex: 100
  wind_lifetime: 20
  solar_capex: 1000.0
  solar_opex: 10
  solar_lifetime: 20
  carbon_price: 1.0
timeseries_values:
  load_level: 228154.80482037086
  wind_year: 2016
  solar_year: 2013
  price_year: 2023
  carbon_year: 2023
storage_values:
  CAES:
    cost: 57.8306
    lifetime: 28.6468
    annual_cost: 2.018745549241102
    efficiency: 0.583587
    discharge_ratio: 0.1
    depth_of_discharge: 0.4
  Li-ion:
    cost: 223.571
    lifetime: 20.3483
    annual_cost: 10.987207776571017
    efficiency: 0.866799
    discharge_ratio: 2
    depth_of_discharge: 0.9
  Pb-acid:
    cost: 170.231
    lifetime: 6.78146
    annual_cost: 25.10241157508855
    efficiency: 0.782016
    discharge_ratio: 5
    depth_of_discharge: 0.5
  VRBF:
    cost: 177.72
    lifetime: 17.4649
    annual_cost: 10.175838395868285
    efficiency: 0.696026
    discharge_ratio: 0.5
    depth_of_discharge: 1.0
