cost_values:
  wind_capex: 5000.0
  wind_opex: 100
  wind_lifetime: 20
  solar_capex: 1000.0
  solar_opex: 10
  solar_lifetime: 20
  carbon_price: 1.0
timeseries_values:
  load_level: 228154.80482037086
  wind_year: 2016
  solar_year: 2013
  price_year: 2023
  carbon_year: 2023
storage_values:
  CAES:
    cost: 47.4059
    lifetime: 27.9427
    annual_cost: 1.6965397044666408
    efficiency: 0.578314
    discharge_ratio: 0.1
    depth_of_discharge: 0.4
  Li-ion:
    cost: 211.094
    lifetime: 20.5923
    annual_cost: 10.251113280206678
    efficiency: 0.862046
    discharge_ratio: 2
    depth_of_discharge: 0.9
  Pb-acid:
    cost: 173.62
    lifetime: 8.1855
    annual_cost: 21.210677417384403
    efficiency: 0.774789
    discharge_ratio: 5
    depth_of_discharge: 0.5
  VRBF:
    cost: 219.151
    lifetime: 18.554
    annual_cost: 11.811523121698826
    efficiency: 0.663238
    discharge_ratio: 0.5
    depth_of_discharge: 1.0
