cost_values:
  wind_capex: 5000.0
  wind_opex: 100
  wind_lifetime: 20
  solar_capex: 1000.0
  solar_opex: 10
  solar_lifetime: 20
  carbon_price: 1.0
timeseries_values:
  load_level: 228154.80482037086
  wind_year: 2016
  solar_year: 2013
  price_year: 2023
  carbon_year: 2023
storage_values:
  CAES:
    cost: 47.868
    lifetime: 27.9692
    annual_cost: 1.711454028002231
    efficiency: 0.593354
    discharge_ratio: 0.1
    depth_of_discharge: 0.4
  Li-ion:
    cost: 186.518
    lifetime: 19.0899
    annual_cost: 9.770506917270389
    efficiency: 0.867359
    discharge_ratio: 2
    depth_of_discharge: 0.9
  Pb-acid:
    cost: 153.477
    lifetime: 7.31891
    annual_cost: 20.96992584961422
    efficiency: 0.791109
    discharge_ratio: 5
    depth_of_discharge: 0.5
  VRBF:
    cost: 184.964
    lifetime: 17.2341
    annual_cost: 10.732443237534886
    efficiency: 0.696928
    discharge_ratio: 0.5
    depth_of_discharge: 1.0
