cost_values:
  wind_capex: 5000.0
  wind_opex: 100
  wind_lifetime: 20
  solar_capex: 1000.0
  solar_opex: 10
  solar_lifetime: 20
  carbon_price: 1.0
timeseries_values:
  load_level: 228154.80482037086
  wind_year: 2016
  solar_year: 2013
  price_year: 2023
  carbon_year: 2023
storage_values:
  CAES:
    cost: 48.8321
    lifetime: 28.2162
    annual_cost: 1.730640554007981
    efficiency: 0.584671
    discharge_ratio: 0.1
    depth_of_discharge: 0.4
  Li-ion:
    cost: 200.555
    lifetime: 21.1595
    annual_cost: 9.478248540844538
    efficiency: 0.870161
    discharge_ratio: 2
    depth_of_discharge: 0.9
  Pb-acid:
    cost: 169.428
    lifetime: 8.54884
    annual_cost: 19.818829221274463
    efficiency: 0.780391
    discharge_ratio: 5
    depth_of_discharge: 0.5
  VRBF:
    cost: 239.093
    lifetime: 17.4509
    annual_cost: 13.700897947956838
    efficiency: 0.666501
    discharge_ratio: 0.5
    depth_of_discharge: 1.0
