cost_values:
  wind_capex: 5000.0
  wind_opex: 100
  wind_lifetime: 20
  solar_capex: 1000.0
  solar_opex: 10
  solar_lifetime: 20
  carbon_price: 1.0
timeseries_values:
  load_level: 228154.80482037086
  wind_year: 2016
  solar_year: 2013
  price_year: 2023
  carbon_year: 2023
storage_values:
  CAES:
    cost: 47.2656
    lifetime: 27.0234
    annual_cost: 1.7490619241102157
    efficiency: 0.593566
    discharge_ratio: 0.1
    depth_of_discharge: 0.4
  Li-ion:
    cost: 218.235
    lifetime: 20.7007
    annual_cost: 10.542397117005706
    efficiency: 0.869603
    discharge_ratio: 2
    depth_of_discharge: 0.9
  Pb-acid:
    cost: 177.256
    lifetime: 6.72939
    annual_cost: 26.34057470290769
    efficiency: 0.790134
    discharge_ratio: 5
    depth_of_discharge: 0.5
  VRBF:
    cost: 244.645
    lifetime: 20.0445
    annual_cost: 12.205093666591834
    efficiency: 0.700051
    discharge_ratio: 0.5
    depth_of_discharge: 1.0
