cost_values:
  wind_capex: 5000.0
  wind_opex: 100
  wind_lifetime: 20
  solar_capex: 1000.0
  solar_opex: 10
  solar_lifetime: 20
  carbon_price: 1.0
timeseries_values:
  load_level: 228154.80482037086
  wind_year: 2016
  solar_year: 2013
  price_year: 2023
  carbon_year: 2023
storage_values:
  CAES:
    cost: 54.3499
    lifetime: 28.3372
    annual_cost: 1.9179700182092796
    efficiency: 0.579257
    discharge_ratio: 0.1
    depth_of_discharge: 0.4
  Li-ion:
    cost: 210.928
    lifetime: 21.6879
    annual_cost: 9.725607366319469
    efficiency: 0.860072
    discharge_ratio: 2
    depth_of_discharge: 0.9
  Pb-acid:
    cost: 173.731
    lifetime: 7.75804
    annual_cost: 22.39367159746534
    efficiency: 0.795216
    discharge_ratio: 5
    depth_of_discharge: 0.5
  VRBF:
    cost: 197.796
    lifetime: 18.9076
    annual_cost: 10.461190209228036
    efficiency: 0.69013
    discharge_ratio: 0.5
    depth_of_discharge: 1.0
