cost_values:
  wind_capex: 5000.0
  wind_opex: 100
  wind_lifetime: 20
  solar_capex: 1000.0
  solar_opex: 10
  solar_lifetime: 20
  carbon_price: 1.0
timeseries_values:
  load_level: 228154.80482037086
  wind_year: 2016
  solar_year: 2013
  price_year: 2023
  carbon_year: 2023
storage_values:
  CAES:
    cost: 52.4779
    lifetime: 28.7984
    annual_cost: 1.8222505416967607
    efficiency: 0.586367
    discharge_ratio: 0.1
    depth_of_discharge: 0.4
  Li-ion:
    cost: 201.623
    lifetime: 19.7549
    annual_cost: 10.206227315754573
    efficiency: 0.854517
    discharge_ratio: 2
    depth_of_discharge: 0.9
  Pb-acid:
    cost: 175.485
    lifetime: 7.00625
    annual_cost: 25.04692239072257
    efficiency: 0.774042
    discharge_ratio: 5
    depth_of_discharge: 0.5
  VRBF:
    cost: 205.038
    lifetime: 18.1239
    annual_cost: 11.313127969145715
    efficiency: 0.694627
    discharge_ratio: 0.5
    depth_of_discharge: 1.0
