cost_values:
  wind_capex: 5000.0
  wind_opex: 100
  wind_lifetime: 20
  solar_capex: 1000.0
  solar_opex: 10
  solar_lifetime: 20
  carbon_price: 1.0
timeseries_values:
  load_level: 228154.80482037086
  wind_year: 2016
  solar_year: 2013
  price_year: 2023
  carbon_year: 2023
storage_values:
  CAES:
    cost: 49.353
    lifetime: 28.5448
    annual_cost: 1.7289663966817075
    efficiency: 0.585211
    discharge_ratio: 0.1
    depth_of_discharge: 0.4
  Li-ion:
    cost: 194.749
    lifetime: 22.8024
    annual_cost: 8.54072378346139
    efficiency: 0.859025
    discharge_ratio: 2
    depth_of_discharge: 0.9
  Pb-acid:
    cost: 137.574
    lifetime: 6.71217
    annual_cost: 20.496203165295277
    efficiency: 0.779508
    discharge_ratio: 5
    depth_of_discharge: 0.5
  VRBF:
    cost: 176.146
    lifetime: 18.9945
    annual_cost: 9.273526547158388
    efficiency: 0.651377
    discharge_ratio: 0.5
    depth_of_discharge: 1.0
