cost_values:
  wind_capex: 5000.0
  wind_opex: 100
  wind_lifetime: 20
  solar_capex: 1000.0
  solar_opex: 10
  solar_lifetime: 20
  carbon_price: 1.0
timeseries_values:
  load_level: 228154.80482037086
  wind_year: 2016
  solar_year: 2013
  price_year: 2023
  carbon_year: 2023
storage_values:
  CAES:
    cost: 48.6774
    lifetime: 29.0112
    annual_cost: 1.6778830244870946
    efficiency: 0.58916
    discharge_ratio: 0.1
    depth_of_discharge: 0.4
  Li-ion:
    cost: 219.751
    lifetime: 20.1521
    annual_cost: 10.90462036214588
    efficiency: 0.870176
    discharge_ratio: 2
    depth_of_discharge: 0.9
  Pb-acid:
    cost: 172.396
    lifetime: 6.61621
    annual_cost: 26.056609448611816
    efficiency: 0.780946
    discharge_ratio: 5
    depth_of_discharge: 0.5
  VRBF:
    cost: 172.859
    lifetime: 16.9833
    annual_cost: 10.178175030765518
    efficiency: 0.676222
    discharge_ratio: 0.5
    depth_of_discharge: 1.0
