cost_values:
  wind_capex: 5000.0
  wind_opex: 100
  wind_lifetime: 20
  solar_capex: 1000.0
  solar_opex: 10
  solar_lifetime: 20
  carbon_price: 1.0
timeseries_values:
  load_level: 228154.80482037086
  wind_year: 2016
  solar_year: 2013
  price_year: 2023
  carbon_year: 2023
storage_values:
  CAES:
    cost: 52.3553
    lifetime: 27.5353
    annual_cost: 1.901388399617945
    efficiency: 0.594486
    discharge_ratio: 0.1
    depth_of_discharge: 0.4
  Li-ion:
    cost: 219.029
    lifetime: 21.9224
    annual_cost: 9.991104988504908
    efficiency: 0.860136
    discharge_ratio: 2
    depth_of_discharge: 0.9
  Pb-acid:
    cost: 173.031
    lifetime: 7.9832
    annual_cost: 21.674391221565287
    efficiency: 0.79671
    discharge_ratio: 5
    depth_of_discharge: 0.5
  VRBF:
    cost: 200.91
    lifetime: 17.4137
    annual_cost: 11.537467626064537
    efficiency: 0.664535
    discharge_ratio: 0.5
    depth_of_discharge: 1.0
