cost_values:
  wind_capex: 5000.0
  wind_opex: 100
  wind_lifetime: 20
  solar_capex: 1000.0
  solar_opex: 10
  solar_lifetime: 20
  carbon_price: 1.0
timeseries_values:
  load_level: 228154.80482037086
  wind_year: 2016
  solar_year: 2013
  price_year: 2023
  carbon_year: 2023
storage_values:
  CAES:
    cost: 56.4022
    lifetime: 28.5471
    annual_cost: 1.9757593590942688
    efficiency: 0.590964
    discharge_ratio: 0.1
    depth_of_discharge: 0.4
  Li-ion:
    cost: 220.183
    lifetime: 18.223
    annual_cost: 12.082697689732756
    efficiency: 0.857039
    discharge_ratio: 2
    depth_of_discharge: 0.9
  Pb-acid:
    cost: 183.079
    lifetime: 7.08291
    annual_cost: 25.84799185645448
    efficiency: 0.779415
    discharge_ratio: 5
    depth_of_discharge: 0.5
  VRBF:
    cost: 222.976
    lifetime: 17.4685
    annual_cost: 12.764461745427484
    efficiency: 0.687474
    discharge_ratio: 0.5
    depth_of_discharge: 1.0
