cost_values:
  wind_capex: 5000.0
  wind_opex: 100
  wind_lifetime: 20
  solar_capex: 1000.0
  solar_opex: 10
  solar_lifetime: 20
  carbon_price: 1.0
timeseries_values:
  load_level: 228154.80482037086
  wind_year: 2016
  solar_year: 2013
  price_year: 2023
  carbon_year: 2023
storage_values:
  CAES:
    cost: 47.2818
    lifetime: 28.1109
    annual_cost: 1.6819738962466515
    efficiency: 0.592442
    discharge_ratio: 0.1
    depth_of_discharge: 0.4
  Li-ion:
    cost: 183.953
    lifetime: 21.0208
    annual_cost: 8.75099901050388
    efficiency: 0.877609
    discharge_ratio: 2
    depth_of_discharge: 0.9
  Pb-acid:
    cost: 144.724
    lifetime: 8.64067
    annual_cost: 16.749164127318828
    efficiency: 0.770361
    discharge_ratio: 5
    depth_of_discharge: 0.5
  VRBF:
    cost: 170.423
    lifetime: 17.2721
    annual_cost: 9.866953063032291
    efficiency: 0.697994
    discharge_ratio: 0.5
    depth_of_discharge: 1.0
