cost_values:
  wind_capex: 5000.0
  wind_opex: 100
  wind_lifetime: 20
  solar_capex: 1000.0
  solar_opex: 10
  solar_lifetime: 20
  carbon_price: 1.0
timeseries_values:
  load_level: 228154.80482037086
  wind_year: 2016
  solar_year: 2013
  price_year: 2023
  carbon_year: 2023
storage_values:
  CAES:
    cost: 50.5615
    lifetime: 27.4225
    annual_cost: 1.8437961527942384
    efficiency: 0.593784
    discharge_ratio: 0.1
    depth_of_discharge: 0.4
  Li-ion:
    cost: 203.639
    lifetime: 20.9493
    annual_cost: 9.720563455580855
    efficiency: 0.87241
    discharge_ratio: 2
    depth_of_discharge: 0.9
  Pb-acid:
    cost: 174.435
    lifetime: 7.97135
    annual_cost: 21.882742571835387
    efficiency: 0.791861
    discharge_ratio: 5
    depth_of_discharge: 0.5
  VRBF:
    cost: 184.324
    lifetime: 19.2565
    annual_cost: 9.57204060966427
    efficiency: 0.675261
    discharge_ratio: 0.5
    depth_of_discharge: 1.0
