cost_values:
  wind_capex: 5000.0
  wind_opex: 100
  wind_lifetime: 20
  solar_capex: 1000.0
  solar_opex: 10
  solar_lifetime: 20
  carbon_price: 1.0
timeseries_values:
  load_level: 228154.80482037086
  wind_year: 2016
  solar_year: 2013
  price_year: 2023
  carbon_year: 2023
storage_values:
  CAES:
    cost: 58.9994
    lifetime: 27.4953
    annual_cost: 2.1457994639083773
    efficiency: 0.57975
    discharge_ratio: 0.1
    depth_of_discharge: 0.4
  Li-ion:
    cost: 211.381
    lifetime: 19.135
    annual_cost: 11.046825189443428
    efficiency: 0.857693
    discharge_ratio: 2
    depth_of_discharge: 0.9
  Pb-acid:
    cost: 203.726
    lifetime: 7.71427
    annual_cost: 26.40897972199573
    efficiency: 0.767494
    discharge_ratio: 5
    depth_of_discharge: 0.5
  VRBF:
    cost: 212.455
    lifetime: 17.3985
    annual_cost: 12.211110153174126
    efficiency: 0.703475
    discharge_ratio: 0.5
    depth_of_discharge: 1.0
