cost_values:
  wind_capex: 5000.0
  wind_opex: 100
  wind_lifetime: 20
  solar_capex: 1000.0
  solar_opex: 10
  solar_lifetime: 20
  carbon_price: 1.0
timeseries_values:
  load_level: 228154.80482037086
  wind_year: 2016
  solar_year: 2013
  price_year: 2023
  carbon_year: 2023
storage_values:
  CAES:
    cost: 43.2608
    lifetime: 28.2294
    annual_cost: 1.5324732371215826
    efficiency: 0.592986
    discharge_ratio: 0.1
    depth_of_discharge: 0.4
  Li-ion:
    cost: 219.014
    lifetime: 21.2007
    annual_cost: 10.330507954926016
    efficiency: 0.868326
    discharge_ratio: 2
    depth_of_discharge: 0.9
  Pb-acid:
    cost: 170.729
    lifetime: 7.15267
    annual_cost: 23.869268399073356
    efficiency: 0.768154
    discharge_ratio: 5
    depth_of_discharge: 0.5
  VRBF:
    cost: 207.435
    lifetime: 19.4197
    annual_cost: 10.68167891368044
    efficiency: 0.689034
    discharge_ratio: 0.5
    depth_of_discharge: 1.0
