cost_values:
  wind_capex: 5000.0
  wind_opex: 100
  wind_lifetime: 20
  solar_capex: 1000.0
  solar_opex: 10
  solar_lifetime: 20
  carbon_price: 1.0
timeseries_values:
  load_level: 228154.80482037086
  wind_year: 2016
  solar_year: 2013
  price_year: 2023
  carbon_year: 2023
storage_values:
  CAES:
    cost: 48.7291
    lifetime: 27.9688
    annual_cost: 1.742266382540545
    efficiency: 0.593808
    discharge_ratio: 0.1
    depth_of_discharge: 0.4
  Li-ion:
    cost: 214.2
    lifetime: 21.5816
    annual_cost: 9.925121399710864
    efficiency: 0.866576
    discharge_ratio: 2
    depth_of_discharge: 0.9
  Pb-acid:
    cost: 178.843
    lifetime: 6.45924
    annual_cost: 27.687932326403722
    efficiency: 0.766035
    discharge_ratio: 5
    depth_of_discharge: 0.5
  VRBF:
    cost: 211.811
    lifetime: 19.447
    annual_cost: 10.891705661541627
    efficiency: 0.693038
    discharge_ratio: 0.5
    depth_of_discharge: 1.0
