cost_values:
  wind_capex: 5000.0
  wind_opex: 100
  wind_lifetime: 20
  solar_capex: 1000.0
  solar_opex: 10
  solar_lifetime: 20
  carbon_price: 1.0
timeseries_values:
  load_level: 228154.80482037086
  wind_year: 2016
  solar_year: 2013
  price_year: 2023
  carbon_year: 2023
storage_values:
  CAES:
    cost: 52.3675
    lifetime: 27.8015
    annual_cost: 1.8836213873352157
    efficiency: 0.585126
    discharge_ratio: 0.1
    depth_of_discharge: 0.4
  Li-ion:
    cost: 192.719
    lifetime: 20.5668
    annual_cost: 9.37039306066087
    efficiency: 0.850719
    discharge_ratio: 2
    depth_of_discharge: 0.9
  Pb-acid:
    cost: 176.425
    lifetime: 6.43294
    annual_cost: 27.425251906593253
    efficiency: 0.792504
    discharge_ratio: 5
    depth_of_discharge: 0.5
  VRBF:
    cost: 200.031
    lifetime: 20.1356
    annual_cost: 9.934196150102306
    efficiency: 0.677777
    discharge_ratio: 0.5
    depth_of_discharge: 1.0
