cost_values:
  wind_capex: 5000.0
  wind_opex: 100
  wind_lifetime: 20
  solar_capex: 1000.0
  solar_opex: 10
  solar_lifetime: 20
  carbon_price: 1.0
timeseries_values:
  load_level: 228154.80482037086
  wind_year: 2016
  solar_year: 2013
  price_year: 2023
  carbon_year: 2023
storage_values:
  CAES:
    cost: 56.3064
    lifetime: 27.966
    annual_cost: 2.013387685046127
    efficiency: 0.582201
    discharge_ratio: 0.1
    depth_of_discharge: 0.4
  Li-ion:
    cost: 212.887
    lifetime: 19.9046
    annual_cost: 10.695366900113543
    efficiency: 0.86337
    discharge_ratio: 2
    depth_of_discharge: 0.9
  Pb-acid:
    cost: 171.352
    lifetime: 7.69664
    annual_cost: 22.263221353733577
    efficiency: 0.763223
    discharge_ratio: 5
    depth_of_discharge: 0.5
  VRBF:
    cost: 212.548
    lifetime: 16.2247
    annual_cost: 13.100273040487652
    efficiency: 0.668084
    discharge_ratio: 0.5
    depth_of_discharge: 1.0
