cost_values:
  wind_capex: 5000.0
  wind_opex: 100
  wind_lifetime: 20
  solar_capex: 1000.0
  solar_opex: 10
  solar_lifetime: 20
  carbon_price: 1.0
timeseries_values:
  load_level: 228154.80482037086
  wind_year: 2016
  solar_year: 2013
  price_year: 2023
  carbon_year: 2023
storage_values:
  CAES:
    cost: 50.4205
    lifetime: 27.5603
    annual_cost: 1.8294612177661345
    efficiency: 0.585986
    discharge_ratio: 0.1
    depth_of_discharge: 0.4
  Li-ion:
    cost: 204.497
    lifetime: 18.7349
    annual_cost: 10.91529711928006
    efficiency: 0.851674
    discharge_ratio: 2
    depth_of_discharge: 0.9
  Pb-acid:
    cost: 166.525
    lifetime: 7.79698
    annual_cost: 21.357628209896653
    efficiency: 0.798158
    discharge_ratio: 5
    depth_of_discharge: 0.5
  VRBF:
    cost: 226.159
    lifetime: 18.1738
    annual_cost: 12.444232906711859
    efficiency: 0.6765
    discharge_ratio: 0.5
    depth_of_discharge: 1.0
