cost_values:
  wind_capex: 5000.0
  wind_opex: 100
  wind_lifetime: 20
  solar_capex: 1000.0
  solar_opex: 10
  solar_lifetime: 20
  carbon_price: 1.0
timeseries_values:
  load_level: 228154.80482037086
  wind_year: 2016
  solar_year: 2013
  price_year: 2023
  carbon_year: 2023
storage_values:
  CAES:
    cost: 51.9861
    lifetime: 28.4348
    annual_cost: 1.8282562212500177
    efficiency: 0.594754
    discharge_ratio: 0.1
    depth_of_discharge: 0.4
  Li-ion:
    cost: 204.595
    lifetime: 20.2714
    annual_cost: 10.092790828457828
    efficiency: 0.854489
    discharge_ratio: 2
    depth_of_discharge: 0.9
  Pb-acid:
    cost: 140.687
    lifetime: 6.31357
    annual_cost: 22.28327237996886
    efficiency: 0.788566
    discharge_ratio: 5
    depth_of_discharge: 0.5
  VRBF:
    cost: 187.207
    lifetime: 19.8314
    annual_cost: 9.43992859808183
    efficiency: 0.680482
    discharge_ratio: 0.5
    depth_of_discharge: 1.0
