cost_values:
  wind_capex: 5000.0
  wind_opex: 100
  wind_lifetime: 20
  solar_capex: 1000.0
  solar_opex: 10
  solar_lifetime: 20
  carbon_price: 1.0
timeseries_values:
  load_level: 228154.80482037086
  wind_year: 2016
  solar_year: 2013
  price_year: 2023
  carbon_year: 2023
storage_values:
  CAES:
    cost: 54.8752
    lifetime: 28.0473
    annual_cost: 1.956523444324409
    efficiency: 0.587788
    discharge_ratio: 0.1
    depth_of_discharge: 0.4
  Li-ion:
    cost: 205.362
    lifetime: 21.0559
    annual_cost: 9.7531808186779
    efficiency: 0.863236
    discharge_ratio: 2
    depth_of_discharge: 0.9
  Pb-acid:
    cost: 205.004
    lifetime: 6.44799
    annual_cost: 31.79347362511418
    efficiency: 0.780566
    discharge_ratio: 5
    depth_of_discharge: 0.5
  VRBF:
    cost: 215.861
    lifetime: 17.7209
    annual_cost: 12.181153327426935
    efficiency: 0.66144
    discharge_ratio: 0.5
    depth_of_discharge: 1.0
