cost_values:
  wind_capex: 5000.0
  wind_opex: 100
  wind_lifetime: 20
  solar_capex: 1000.0
  solar_opex: 10
  solar_lifetime: 20
  carbon_price: 1.0
timeseries_values:
  load_level: 228154.8048203709
  wind_year: 2016
  solar_year: 2013
  price_year: 2023
  carbon_year: 2023
storage_values:
  CAES:
    cost: 43.0838
    lifetime: 28.3564
    annual_cost: 1.5193677617751193
    efficiency: 0.591476
    discharge_ratio: 0.1
    depth_of_discharge: 0.4
  Li-ion:
    cost: 219.205
    lifetime: 19.8011
    annual_cost: 11.070344576816439
    efficiency: 0.871291
    discharge_ratio: 2
    depth_of_discharge: 0.9
  Pb-acid:
    cost: 159.628
    lifetime: 6.98428
    annual_cost: 22.855326533300495
    efficiency: 0.773493
    discharge_ratio: 5
    depth_of_discharge: 0.5
  VRBF:
    cost: 215.727
    lifetime: 18.3375
    annual_cost: 11.764253578732108
    efficiency: 0.67867
    discharge_ratio: 0.5
    depth_of_discharge: 1.0
