cost_values:
  wind_capex: 5000.0
  wind_opex: 100
  wind_lifetime: 20
  solar_capex: 1000.0
  solar_opex: 10
  solar_lifetime: 20
  carbon_price: 1.0
timeseries_values:
  load_level: 228154.8048203709
  wind_year: 2016
  solar_year: 2013
  price_year: 2023
  carbon_year: 2023
storage_values:
  CAES:
    cost: 46.4296
    lifetime: 26.8911
    annual_cost: 1.7265786821662186
    efficiency: 0.586926
    discharge_ratio: 0.1
    depth_of_discharge: 0.4
  Li-ion:
    cost: 200.408
    lifetime: 21.1114
    annual_cost: 9.492880623738833
    efficiency: 0.871116
    discharge_ratio: 2
    depth_of_discharge: 0.9
  Pb-acid:
    cost: 160.99
    lifetime: 8.64576
    annual_cost: 18.62068805981198
    efficiency: 0.786685
    discharge_ratio: 5
    depth_of_discharge: 0.5
  VRBF:
    cost: 204.477
    lifetime: 18.7898
    annual_cost: 10.882340418737826
    efficiency: 0.693169
    discharge_ratio: 0.5
    depth_of_discharge: 1.0
