cost_values:
  wind_capex: 5000.0
  wind_opex: 100
  wind_lifetime: 20
  solar_capex: 1000.0
  solar_opex: 10
  solar_lifetime: 20
  carbon_price: 1.0
timeseries_values:
  load_level: 228154.8048203709
  wind_year: 2016
  solar_year: 2013
  price_year: 2023
  carbon_year: 2023
storage_values:
  CAES:
    cost: 48.9793
    lifetime: 27.6961
    annual_cost: 1.7684547643892101
    efficiency: 0.599121
    discharge_ratio: 0.1
    depth_of_discharge: 0.4
  Li-ion:
    cost: 212.386
    lifetime: 19.858
    annual_cost: 10.695236176855675
    efficiency: 0.860272
    discharge_ratio: 2
    depth_of_discharge: 0.9
  Pb-acid:
    cost: 202.621
    lifetime: 6.68493
    annual_cost: 30.31011543875553
    efficiency: 0.78715
    discharge_ratio: 5
    depth_of_discharge: 0.5
  VRBF:
    cost: 192.772
    lifetime: 16.8368
    annual_cost: 11.449444074883587
    efficiency: 0.672386
    discharge_ratio: 0.5
    depth_of_discharge: 1.0
