cost_values:
  wind_capex: 5000.0
  wind_opex: 100
  wind_lifetime: 20
  solar_capex: 1000.0
  solar_opex: 10
  solar_lifetime: 20
  carbon_price: 1.0
timeseries_values:
  load_level: 228154.8048203709
  wind_year: 2016
  solar_year: 2013
  price_year: 2023
  carbon_year: 2023
storage_values:
  CAES:
    cost: 49.4673
    lifetime: 27.6172
    annual_cost: 1.7911772373738106
    efficiency: 0.572312
    discharge_ratio: 0.1
    depth_of_discharge: 0.4
  Li-ion:
    cost: 215.855
    lifetime: 20.3731
    annual_cost: 10.595098438627405
    efficiency: 0.863284
    discharge_ratio: 2
    depth_of_discharge: 0.9
  Pb-acid:
    cost: 162.864
    lifetime: 8.38413
    annual_cost: 19.425271316165183
    efficiency: 0.774325
    discharge_ratio: 5
    depth_of_discharge: 0.5
  VRBF:
    cost: 181.139
    lifetime: 17.9443
    annual_cost: 10.09451469268793
    efficiency: 0.696894
    discharge_ratio: 0.5
    depth_of_discharge: 1.0
