cost_values:
  wind_capex: 5000.0
  wind_opex: 100
  wind_lifetime: 20
  solar_capex: 1000.0
  solar_opex: 10
  solar_lifetime: 20
  carbon_price: 1.0
timeseries_values:
  load_level: 228154.8048203709
  wind_year: 2016
  solar_year: 2013
  price_year: 2023
  carbon_year: 2023
storage_values:
  CAES:
    cost: 47.3577
    lifetime: 27.8282
    annual_cost: 1.7017881142150768
    efficiency: 0.586253
    discharge_ratio: 0.1
    depth_of_discharge: 0.4
  Li-ion:
    cost: 209.516
    lifetime: 21.4519
    annual_cost: 9.766780564891688
    efficiency: 0.871634
    discharge_ratio: 2
    depth_of_discharge: 0.9
  Pb-acid:
    cost: 143.07
    lifetime: 6.97079
    annual_cost: 20.524216050117705
    efficiency: 0.795869
    discharge_ratio: 5
    depth_of_discharge: 0.5
  VRBF:
    cost: 212.024
    lifetime: 17.6605
    annual_cost: 12.005549106763683
    efficiency: 0.676911
    discharge_ratio: 0.5
    depth_of_discharge: 1.0
