cost_values:
  wind_capex: 5000.0
  wind_opex: 100
  wind_lifetime: 20
  solar_capex: 1000.0
  solar_opex: 10
  solar_lifetime: 20
  carbon_price: 1.0
timeseries_values:
  load_level: 228154.8048203709
  wind_year: 2016
  solar_year: 2013
  price_year: 2023
  carbon_year: 2023
storage_values:
  CAES:
    cost: 47.7223
    lifetime: 27.4543
    annual_cost: 1.7382450107997653
    efficiency: 0.582772
    discharge_ratio: 0.1
    depth_of_discharge: 0.4
  Li-ion:
    cost: 218.264
    lifetime: 21.3
    annual_cost: 10.247136150234741
    efficiency: 0.865108
    discharge_ratio: 2
    depth_of_discharge: 0.9
  Pb-acid:
    cost: 176.165
    lifetime: 6.52227
    annual_cost: 27.009768071545643
    efficiency: 0.767017
    discharge_ratio: 5
    depth_of_discharge: 0.5
  VRBF:
    cost: 222.428
    lifetime: 18.193
    annual_cost: 12.22602099708679
    efficiency: 0.690256
    discharge_ratio: 0.5
    depth_of_discharge: 1.0
