cost_values:
  wind_capex: 5000.0
  wind_opex: 100
  wind_lifetime: 20
  solar_capex: 1000.0
  solar_opex: 10
  solar_lifetime: 20
  carbon_price: 1.0
timeseries_values:
  load_level: 228154.8048203709
  wind_year: 2016
  solar_year: 2013
  price_year: 2023
  carbon_year: 2023
storage_values:
  CAES:
    cost: 47.621
    lifetime: 28.2345
    annual_cost: 1.6866245196479486
    efficiency: 0.585932
    discharge_ratio: 0.1
    depth_of_discharge: 0.4
  Li-ion:
    cost: 202.637
    lifetime: 19.8224
    annual_cost: 10.222626927112762
    efficiency: 0.863574
    discharge_ratio: 2
    depth_of_discharge: 0.9
  Pb-acid:
    cost: 154.122
    lifetime: 6.75997
    annual_cost: 22.799213605977542
    efficiency: 0.789175
    discharge_ratio: 5
    depth_of_discharge: 0.5
  VRBF:
    cost: 199.496
    lifetime: 18.2329
    annual_cost: 10.941539744088981
    efficiency: 0.663553
    discharge_ratio: 0.5
    depth_of_discharge: 1.0
