cost_values:
  wind_capex: 5000.0
  wind_opex: 100
  wind_lifetime: 20
  solar_capex: 1000.0
  solar_opex: 10
  solar_lifetime: 20
  carbon_price: 1.0
timeseries_values:
  load_level: 228154.8048203709
  wind_year: 2016
  solar_year: 2013
  price_year: 2023
  carbon_year: 2023
storage_values:
  CAES:
    cost: 47.8417
    lifetime: 27.8334
    annual_cost: 1.7188593560254946
    efficiency: 0.586776
    discharge_ratio: 0.1
    depth_of_discharge: 0.4
  Li-ion:
    cost: 196.247
    lifetime: 21.9262
    annual_cost: 8.950342512610485
    efficiency: 0.869531
    discharge_ratio: 2
    depth_of_discharge: 0.9
  Pb-acid:
    cost: 182.873
    lifetime: 7.16768
    annual_cost: 25.51355529264699
    efficiency: 0.774941
    discharge_ratio: 5
    depth_of_discharge: 0.5
  VRBF:
    cost: 209.253
    lifetime: 17.9021
    annual_cost: 11.68874042710073
    efficiency: 0.689933
    discharge_ratio: 0.5
    depth_of_discharge: 1.0
