cost_values:
  wind_capex: 5000.0
  wind_opex: 100
  wind_lifetime: 20
  solar_capex: 1000.0
  solar_opex: 10
  solar_lifetime: 20
  carbon_price: 1.0
timeseries_values:
  load_level: 228154.8048203709
  wind_year: 2016
  solar_year: 2013
  price_year: 2023
  carbon_year: 2023
storage_values:
  CAES:
    cost: 51.4622
    lifetime: 27.9518
    annual_cost: 1.841105045113374
    efficiency: 0.587913
    discharge_ratio: 0.1
    depth_of_discharge: 0.4
  Li-ion:
    cost: 198.698
    lifetime: 21.5197
    annual_cost: 9.2333071557689
    efficiency: 0.85874
    discharge_ratio: 2
    depth_of_discharge: 0.9
  Pb-acid:
    cost: 144.216
    lifetime: 6.95685
    annual_cost: 20.73007179973695
    efficiency: 0.772918
    discharge_ratio: 5
    depth_of_discharge: 0.5
  VRBF:
    cost: 192.816
    lifetime: 18.2563
    annual_cost: 10.561614346828218
    efficiency: 0.686785
    discharge_ratio: 0.5
    depth_of_discharge: 1.0
