cost_values:
  wind_capex: 5000.0
  wind_opex: 100
  wind_lifetime: 20
  solar_capex: 1000.0
  solar_opex: 10
  solar_lifetime: 20
  carbon_price: 1.0
timeseries_values:
  load_level: 228154.8048203709
  wind_year: 2016
  solar_year: 2013
  price_year: 2023
  carbon_year: 2023
storage_values:
  CAES:
    cost: 45.8184
    lifetime: 28.9163
    annual_cost: 1.5845180745807728
    efficiency: 0.570039
    discharge_ratio: 0.1
    depth_of_discharge: 0.4
  Li-ion:
    cost: 195.624
    lifetime: 21.8597
    annual_cost: 8.949070664281761
    efficiency: 0.866162
    discharge_ratio: 2
    depth_of_discharge: 0.9
  Pb-acid:
    cost: 148.17
    lifetime: 7.6459
    annual_cost: 19.37901358898233
    efficiency: 0.775956
    discharge_ratio: 5
    depth_of_discharge: 0.5
  VRBF:
    cost: 203.503
    lifetime: 17.3442
    annual_cost: 11.733201877284625
    efficiency: 0.680013
    discharge_ratio: 0.5
    depth_of_discharge: 1.0
