cost_values:
  wind_capex: 5000.0
  wind_opex: 100
  wind_lifetime: 20
  solar_capex: 1000.0
  solar_opex: 10
  solar_lifetime: 20
  carbon_price: 1.0
timeseries_values:
  load_level: 228154.8048203709
  wind_year: 2016
  solar_year: 2013
  price_year: 2023
  carbon_year: 2023
storage_values:
  CAES:
    cost: 44.9961
    lifetime: 28.7742
    annual_cost: 1.5637654565548302
    efficiency: 0.587982
    discharge_ratio: 0.1
    depth_of_discharge: 0.4
  Li-ion:
    cost: 207.693
    lifetime: 20.8874
    annual_cost: 9.943458735888623
    efficiency: 0.871109
    discharge_ratio: 2
    depth_of_discharge: 0.9
  Pb-acid:
    cost: 162.679
    lifetime: 7.28676
    annual_cost: 22.325285860931334
    efficiency: 0.783686
    discharge_ratio: 5
    depth_of_discharge: 0.5
  VRBF:
    cost: 193.917
    lifetime: 18.1661
    annual_cost: 10.674663246376493
    efficiency: 0.689631
    discharge_ratio: 0.5
    depth_of_discharge: 1.0
