cost_values:
  wind_capex: 5000.0
  wind_opex: 100
  wind_lifetime: 20
  solar_capex: 1000.0
  solar_opex: 10
  solar_lifetime: 20
  carbon_price: 1.0
timeseries_values:
  load_level: 228154.8048203709
  wind_year: 2016
  solar_year: 2013
  price_year: 2023
  carbon_year: 2023
storage_values:
  CAES:
    cost: 50.589
    lifetime: 27.4747
    annual_cost: 1.8412939904712335
    efficiency: 0.586334
    discharge_ratio: 0.1
    depth_of_discharge: 0.4
  Li-ion:
    cost: 201.83
    lifetime: 20.8042
    annual_cost: 9.70140644677517
    efficiency: 0.882325
    discharge_ratio: 2
    depth_of_discharge: 0.9
  Pb-acid:
    cost: 160.493
    lifetime: 6.96714
    annual_cost: 23.03570762177881
    efficiency: 0.778634
    discharge_ratio: 5
    depth_of_discharge: 0.5
  VRBF:
    cost: 194.596
    lifetime: 18.5861
    annual_cost: 10.469974873695936
    efficiency: 0.67142
    discharge_ratio: 0.5
    depth_of_discharge: 1.0
