cost_values:
  wind_capex: 5000.0
  wind_opex: 100
  wind_lifetime: 20
  solar_capex: 1000.0
  solar_opex: 10
  solar_lifetime: 20
  carbon_price: 1.0
timeseries_values:
  load_level: 228154.8048203709
  wind_year: 2016
  solar_year: 2013
  price_year: 2023
  carbon_year: 2023
storage_values:
  CAES:
    cost: 38.416
    lifetime: 26.6267
    annual_cost: 1.4427623400571605
    efficiency: 0.591059
    discharge_ratio: 0.1
    depth_of_discharge: 0.4
  Li-ion:
    cost: 217.805
    lifetime: 19.8319
    annual_cost: 10.982558403380413
    efficiency: 0.866768
    discharge_ratio: 2
    depth_of_discharge: 0.9
  Pb-acid:
    cost: 167.155
    lifetime: 7.74699
    annual_cost: 21.57676723475827
    efficiency: 0.786503
    discharge_ratio: 5
    depth_of_discharge: 0.5
  VRBF:
    cost: 198.548
    lifetime: 18.6954
    annual_cost: 10.620152550894874
    efficiency: 0.684653
    discharge_ratio: 0.5
    depth_of_discharge: 1.0
