cost_values:
  wind_capex: 5000.0
  wind_opex: 100
  wind_lifetime: 20
  solar_capex: 1000.0
  solar_opex: 10
  solar_lifetime: 20
  carbon_price: 1.0
timeseries_values:
  load_level: 228154.8048203709
  wind_year: 2016
  solar_year: 2013
  price_year: 2023
  carbon_year: 2023
storage_values:
  CAES:
    cost: 46.1451
    lifetime: 26.1731
    annual_cost: 1.763073537334133
    efficiency: 0.585874
    discharge_ratio: 0.1
    depth_of_discharge: 0.4
  Li-ion:
    cost: 207.803
    lifetime: 20.817
    annual_cost: 9.982370178219725
    efficiency: 0.863132
    discharge_ratio: 2
    depth_of_discharge: 0.9
  Pb-acid:
    cost: 178.744
    lifetime: 7.78068
    annual_cost: 22.972799292606815
    efficiency: 0.776222
    discharge_ratio: 5
    depth_of_discharge: 0.5
  VRBF:
    cost: 178.72
    lifetime: 15.5948
    annual_cost: 11.460230333187987
    efficiency: 0.67961
    discharge_ratio: 0.5
    depth_of_discharge: 1.0
