cost_values:
  wind_capex: 5000.0
  wind_opex: 100
  wind_lifetime: 20
  solar_capex: 1000.0
  solar_opex: 10
  solar_lifetime: 20
  carbon_price: 1.0
timeseries_values:
  load_level: 228154.8048203709
  wind_year: 2016
  solar_year: 2013
  price_year: 2023
  carbon_year: 2023
storage_values:
  CAES:
    cost: 50.6108
    lifetime: 28.5028
    annual_cost: 1.7756430947135018
    efficiency: 0.590112
    discharge_ratio: 0.1
    depth_of_discharge: 0.4
  Li-ion:
    cost: 207.305
    lifetime: 20.8475
    annual_cost: 9.943878162849263
    efficiency: 0.86738
    discharge_ratio: 2
    depth_of_discharge: 0.9
  Pb-acid:
    cost: 176.518
    lifetime: 6.23441
    annual_cost: 28.313505207389316
    efficiency: 0.781491
    discharge_ratio: 5
    depth_of_discharge: 0.5
  VRBF:
    cost: 230.208
    lifetime: 19.3764
    annual_cost: 11.880844738960798
    efficiency: 0.669708
    discharge_ratio: 0.5
    depth_of_discharge: 1.0
