cost_values:
  wind_capex: 5000.0
  wind_opex: 100
  wind_lifetime: 20
  solar_capex: 1000.0
  solar_opex: 10
  solar_lifetime: 20
  carbon_price: 1.0
timeseries_values:
  load_level: 228154.8048203709
  wind_year: 2016
  solar_year: 2013
  price_year: 2023
  carbon_year: 2023
storage_values:
  CAES:
    cost: 46.9249
    lifetime: 28.5909
    annual_cost: 1.6412529860899796
    efficiency: 0.586483
    discharge_ratio: 0.1
    depth_of_discharge: 0.4
  Li-ion:
    cost: 186.465
    lifetime: 19.2288
    annual_cost: 9.697172990514229
    efficiency: 0.872345
    discharge_ratio: 2
    depth_of_discharge: 0.9
  Pb-acid:
    cost: 180.455
    lifetime: 7.39874
    annual_cost: 24.389963696521303
    efficiency: 0.784959
    discharge_ratio: 5
    depth_of_discharge: 0.5
  VRBF:
    cost: 205.197
    lifetime: 17.7787
    annual_cost: 11.541732522625388
    efficiency: 0.702741
    discharge_ratio: 0.5
    depth_of_discharge: 1.0
