cost_values:
  wind_capex: 5000.0
  wind_opex: 100
  wind_lifetime: 20
  solar_capex: 1000.0
  solar_opex: 10
  solar_lifetime: 20
  carbon_price: 1.0
timeseries_values:
  load_level: 228154.8048203709
  wind_year: 2016
  solar_year: 2013
  price_year: 2023
  carbon_year: 2023
storage_values:
  CAES:
    cost: 50.3557
    lifetime: 27.2638
    annual_cost: 1.8469802448668198
    efficiency: 0.581943
    discharge_ratio: 0.1
    depth_of_discharge: 0.4
  Li-ion:
    cost: 215.514
    lifetime: 21.9148
    annual_cost: 9.834175990654717
    efficiency: 0.854677
    discharge_ratio: 2
    depth_of_discharge: 0.9
  Pb-acid:
    cost: 163.974
    lifetime: 6.73268
    annual_cost: 24.35493740976847
    efficiency: 0.778643
    discharge_ratio: 5
    depth_of_discharge: 0.5
  VRBF:
    cost: 228.239
    lifetime: 17.3771
    annual_cost: 13.134470078436564
    efficiency: 0.70191
    discharge_ratio: 0.5
    depth_of_discharge: 1.0
