cost_values:
  wind_capex: 5000.0
  wind_opex: 100
  wind_lifetime: 20
  solar_capex: 1000.0
  solar_opex: 10
  solar_lifetime: 20
  carbon_price: 1.0
timeseries_values:
  load_level: 228154.8048203709
  wind_year: 2016
  solar_year: 2013
  price_year: 2023
  carbon_year: 2023
storage_values:
  CAES:
    cost: 42.7948
    lifetime: 27.8137
    annual_cost: 1.5386230526682894
    efficiency: 0.585725
    discharge_ratio: 0.1
    depth_of_discharge: 0.4
  Li-ion:
    cost: 216.311
    lifetime: 19.9049
    annual_cost: 10.867223648448372
    efficiency: 0.869431
    discharge_ratio: 2
    depth_of_discharge: 0.9
  Pb-acid:
    cost: 146.084
    lifetime: 8.08053
    annual_cost: 18.078517126970635
    efficiency: 0.767344
    discharge_ratio: 5
    depth_of_discharge: 0.5
  VRBF:
    cost: 169.145
    lifetime: 19.4287
    annual_cost: 8.70593503425345
    efficiency: 0.699788
    discharge_ratio: 0.5
    depth_of_discharge: 1.0
