cost_values:
  wind_capex: 5000.0
  wind_opex: 100
  wind_lifetime: 20
  solar_capex: 1000.0
  solar_opex: 10
  solar_lifetime: 20
  carbon_price: 1.0
timeseries_values:
  load_level: 228154.8048203709
  wind_year: 2016
  solar_year: 2013
  price_year: 2023
  carbon_year: 2023
storage_values:
  CAES:
    cost: 50.2443
    lifetime: 28.5216
    annual_cost: 1.7616227701110738
    efficiency: 0.587103
    discharge_ratio: 0.1
    depth_of_discharge: 0.4
  Li-ion:
    cost: 218.372
    lifetime: 21.424
    annual_cost: 10.192867811799852
    efficiency: 0.860114
    discharge_ratio: 2
    depth_of_discharge: 0.9
  Pb-acid:
    cost: 168.404
    lifetime: 6.8457
    annual_cost: 24.59996786303811
    efficiency: 0.774372
    discharge_ratio: 5
    depth_of_discharge: 0.5
  VRBF:
    cost: 183.999
    lifetime: 18.6092
    annual_cost: 9.887528749220815
    efficiency: 0.689836
    discharge_ratio: 0.5
    depth_of_discharge: 1.0
