cost_values:
  wind_capex: 5000.0
  wind_opex: 100
  wind_lifetime: 20
  solar_capex: 1000.0
  solar_opex: 10
  solar_lifetime: 20
  carbon_price: 1.0
timeseries_values:
  load_level: 228154.8048203709
  wind_year: 2016
  solar_year: 2013
  price_year: 2023
  carbon_year: 2023
storage_values:
  CAES:
    cost: 44.9442
    lifetime: 28.9175
    annual_cost: 1.554221492176018
    efficiency: 0.599028
    discharge_ratio: 0.1
    depth_of_discharge: 0.4
  Li-ion:
    cost: 190.085
    lifetime: 17.4827
    annual_cost: 10.87274848850578
    efficiency: 0.865706
    discharge_ratio: 2
    depth_of_discharge: 0.9
  Pb-acid:
    cost: 136.114
    lifetime: 7.83593
    annual_cost: 17.370497184124922
    efficiency: 0.783744
    discharge_ratio: 5
    depth_of_discharge: 0.5
  VRBF:
    cost: 176.34
    lifetime: 17.7475
    annual_cost: 9.936047330609947
    efficiency: 0.650086
    discharge_ratio: 0.5
    depth_of_discharge: 1.0
