cost_values:
  wind_capex: 5000.0
  wind_opex: 100
  wind_lifetime: 20
  solar_capex: 1000.0
  solar_opex: 10
  solar_lifetime: 20
  carbon_price: 1.0
timeseries_values:
  load_level: 228154.8048203709
  wind_year: 2016
  solar_year: 2013
  price_year: 2023
  carbon_year: 2023
storage_values:
  CAES:
    cost: 44.7989
    lifetime: 27.5236
    annual_cost: 1.6276540859480593
    efficiency: 0.592204
    discharge_ratio: 0.1
    depth_of_discharge: 0.4
  Li-ion:
    cost: 201.387
    lifetime: 19.7019
    annual_cost: 10.221704505656815
    efficiency: 0.875597
    discharge_ratio: 2
    depth_of_discharge: 0.9
  Pb-acid:
    cost: 174.435
    lifetime: 6.59466
    annual_cost: 26.450946675037073
    efficiency: 0.783812
    discharge_ratio: 5
    depth_of_discharge: 0.5
  VRBF:
    cost: 201.88
    lifetime: 18.245
    annual_cost: 11.064949301178403
    efficiency: 0.695539
    discharge_ratio: 0.5
    depth_of_discharge: 1.0
