cost_values:
  wind_capex: 5000.0
  wind_opex: 100
  wind_lifetime: 20
  solar_capex: 1000.0
  solar_opex: 10
  solar_lifetime: 20
  carbon_price: 1.0
timeseries_values:
  load_level: 228154.8048203709
  wind_year: 2016
  solar_year: 2013
  price_year: 2023
  carbon_year: 2023
storage_values:
  CAES:
    cost: 48.391
    lifetime: 28.0241
    annual_cost: 1.7267637497725172
    efficiency: 0.590731
    discharge_ratio: 0.1
    depth_of_discharge: 0.4
  Li-ion:
    cost: 190.877
    lifetime: 20.7636
    annual_cost: 9.19286636228785
    efficiency: 0.876788
    discharge_ratio: 2
    depth_of_discharge: 0.9
  Pb-acid:
    cost: 175.103
    lifetime: 8.55278
    annual_cost: 20.473226249242938
    efficiency: 0.792192
    discharge_ratio: 5
    depth_of_discharge: 0.5
  VRBF:
    cost: 188.316
    lifetime: 17.9875
    annual_cost: 10.469270326615705
    efficiency: 0.669912
    discharge_ratio: 0.5
    depth_of_discharge: 1.0
