cost_values:
  wind_capex: 5000.0
  wind_opex: 100
  wind_lifetime: 20
  solar_capex: 1000.0
  solar_opex: 10
  solar_lifetime: 20
  carbon_price: 1.0
timeseries_values:
  load_level: 228154.8048203709
  wind_year: 2016
  solar_year: 2013
  price_year: 2023
  carbon_year: 2023
storage_values:
  CAES:
    cost: 46.8304
    lifetime: 27.9601
    annual_cost: 1.6749010196673115
    efficiency: 0.592596
    discharge_ratio: 0.1
    depth_of_discharge: 0.4
  Li-ion:
    cost: 182.179
    lifetime: 22.4305
    annual_cost: 8.121932190544126
    efficiency: 0.874234
    discharge_ratio: 2
    depth_of_discharge: 0.9
  Pb-acid:
    cost: 132.967
    lifetime: 8.21344
    annual_cost: 16.18895371488682
    efficiency: 0.767728
    discharge_ratio: 5
    depth_of_discharge: 0.5
  VRBF:
    cost: 214.845
    lifetime: 19.0926
    annual_cost: 11.252789038685144
    efficiency: 0.676851
    discharge_ratio: 0.5
    depth_of_discharge: 1.0
