cost_values:
  wind_capex: 5000.0
  wind_opex: 100
  wind_lifetime: 20
  solar_capex: 1000.0
  solar_opex: 10
  solar_lifetime: 20
  carbon_price: 1.0
timeseries_values:
  load_level: 228154.8048203709
  wind_year: 2016
  solar_year: 2013
  price_year: 2023
  carbon_year: 2023
storage_values:
  CAES:
    cost: 50.0642
    lifetime: 27.6412
    annual_cost: 1.8112165897283763
    efficiency: 0.583475
    discharge_ratio: 0.1
    depth_of_discharge: 0.4
  Li-ion:
    cost: 211.326
    lifetime: 20.0776
    annual_cost: 10.525461210503247
    efficiency: 0.858221
    discharge_ratio: 2
    depth_of_discharge: 0.9
  Pb-acid:
    cost: 203.867
    lifetime: 8.35523
    annual_cost: 24.39992675246522
    efficiency: 0.768679
    discharge_ratio: 5
    depth_of_discharge: 0.5
  VRBF:
    cost: 196.047
    lifetime: 19.882
    annual_cost: 9.860527109948697
    efficiency: 0.671414
    discharge_ratio: 0.5
    depth_of_discharge: 1.0
