cost_values:
  wind_capex: 5000.0
  wind_opex: 100
  wind_lifetime: 20
  solar_capex: 1000.0
  solar_opex: 10
  solar_lifetime: 20
  carbon_price: 1.0
timeseries_values:
  load_level: 228154.8048203709
  wind_year: 2016
  solar_year: 2013
  price_year: 2023
  carbon_year: 2023
storage_values:
  CAES:
    cost: 49.3241
    lifetime: 28.3438
    annual_cost: 1.7402077350249436
    efficiency: 0.579425
    discharge_ratio: 0.1
    depth_of_discharge: 0.4
  Li-ion:
    cost: 222.137
    lifetime: 19.0407
    annual_cost: 11.666430330817668
    efficiency: 0.868561
    discharge_ratio: 2
    depth_of_discharge: 0.9
  Pb-acid:
    cost: 162.746
    lifetime: 8.38883
    annual_cost: 19.400321618151757
    efficiency: 0.768977
    discharge_ratio: 5
    depth_of_discharge: 0.5
  VRBF:
    cost: 184.773
    lifetime: 20.396
    annual_cost: 9.0592763286919
    efficiency: 0.659669
    discharge_ratio: 0.5
    depth_of_discharge: 1.0
