cost_values:
  wind_capex: 5000.0
  wind_opex: 100
  wind_lifetime: 20
  solar_capex: 1000.0
  solar_opex: 10
  solar_lifetime: 20
  carbon_price: 1.0
timeseries_values:
  load_level: 228154.8048203709
  wind_year: 2016
  solar_year: 2013
  price_year: 2023
  carbon_year: 2023
storage_values:
  CAES:
    cost: 47.5673
    lifetime: 28.6256
    annual_cost: 1.661704907495389
    efficiency: 0.583627
    discharge_ratio: 0.1
    depth_of_discharge: 0.4
  Li-ion:
    cost: 216.765
    lifetime: 22.6965
    annual_cost: 9.550591500892207
    efficiency: 0.878544
    discharge_ratio: 2
    depth_of_discharge: 0.9
  Pb-acid:
    cost: 155.967
    lifetime: 7.06067
    annual_cost: 22.089546742731216
    efficiency: 0.764446
    discharge_ratio: 5
    depth_of_discharge: 0.5
  VRBF:
    cost: 225.732
    lifetime: 18.0532
    annual_cost: 12.503711253406598
    efficiency: 0.672457
    discharge_ratio: 0.5
    depth_of_discharge: 1.0
