cost_values:
  wind_capex: 5000.0
  wind_opex: 100
  wind_lifetime: 20
  solar_capex: 1000.0
  solar_opex: 10
  solar_lifetime: 20
  carbon_price: 1.0
timeseries_values:
  load_level: 228154.8048203709
  wind_year: 2016
  solar_year: 2013
  price_year: 2023
  carbon_year: 2023
storage_values:
  CAES:
    cost: 48.7501
    lifetime: 27.9779
    annual_cost: 1.742450291122636
    efficiency: 0.600301
    discharge_ratio: 0.1
    depth_of_discharge: 0.4
  Li-ion:
    cost: 214.602
    lifetime: 20.9924
    annual_cost: 10.222842552542826
    efficiency: 0.866612
    discharge_ratio: 2
    depth_of_discharge: 0.9
  Pb-acid:
    cost: 178.144
    lifetime: 7.57887
    annual_cost: 23.505351061569865
    efficiency: 0.777251
    discharge_ratio: 5
    depth_of_discharge: 0.5
  VRBF:
    cost: 180.256
    lifetime: 16.7028
    annual_cost: 10.791963024163614
    efficiency: 0.696168
    discharge_ratio: 0.5
    depth_of_discharge: 1.0
