cost_values:
  wind_capex: 5000.0
  wind_opex: 100
  wind_lifetime: 20
  solar_capex: 1000.0
  solar_opex: 10
  solar_lifetime: 20
  carbon_price: 1.0
timeseries_values:
  load_level: 228154.8048203709
  wind_year: 2016
  solar_year: 2013
  price_year: 2023
  carbon_year: 2023
storage_values:
  CAES:
    cost: 48.7465
    lifetime: 29.3703
    annual_cost: 1.6597208744888543
    efficiency: 0.586141
    discharge_ratio: 0.1
    depth_of_discharge: 0.4
  Li-ion:
    cost: 201.37
    lifetime: 19.9499
    annual_cost: 10.093784931252788
    efficiency: 0.860727
    discharge_ratio: 2
    depth_of_discharge: 0.9
  Pb-acid:
    cost: 160.465
    lifetime: 7.3049
    annual_cost: 21.966762036441292
    efficiency: 0.787047
    discharge_ratio: 5
    depth_of_discharge: 0.5
  VRBF:
    cost: 206.821
    lifetime: 18.4694
    annual_cost: 11.198035669810606
    efficiency: 0.691744
    discharge_ratio: 0.5
    depth_of_discharge: 1.0
