cost_values:
  wind_capex: 5000.0
  wind_opex: 100
  wind_lifetime: 20
  solar_capex: 1000.0
  solar_opex: 10
  solar_lifetime: 20
  carbon_price: 1.0
timeseries_values:
  load_level: 228154.8048203709
  wind_year: 2016
  solar_year: 2013
  price_year: 2023
  carbon_year: 2023
storage_values:
  CAES:
    cost: 53.0887
    lifetime: 27.8457
    annual_cost: 1.9065313495440948
    efficiency: 0.593284
    discharge_ratio: 0.1
    depth_of_discharge: 0.4
  Li-ion:
    cost: 208.694
    lifetime: 19.8139
    annual_cost: 10.532706837119395
    efficiency: 0.866005
    discharge_ratio: 2
    depth_of_discharge: 0.9
  Pb-acid:
    cost: 179.932
    lifetime: 6.07409
    annual_cost: 29.622873549782764
    efficiency: 0.780695
    discharge_ratio: 5
    depth_of_discharge: 0.5
  VRBF:
    cost: 185.061
    lifetime: 16.2361
    annual_cost: 11.398119006411639
    efficiency: 0.675017
    discharge_ratio: 0.5
    depth_of_discharge: 1.0
