cost_values:
  wind_capex: 5000.0
  wind_opex: 100
  wind_lifetime: 20
  solar_capex: 1000.0
  solar_opex: 10
  solar_lifetime: 20
  carbon_price: 1.0
timeseries_values:
  load_level: 228154.8048203709
  wind_year: 2016
  solar_year: 2013
  price_year: 2023
  carbon_year: 2023
storage_values:
  CAES:
    cost: 50.4409
    lifetime: 27.2473
    annual_cost: 1.851225626025331
    efficiency: 0.583858
    discharge_ratio: 0.1
    depth_of_discharge: 0.4
  Li-ion:
    cost: 198.407
    lifetime: 23.0823
    annual_cost: 8.595633883971702
    efficiency: 0.861728
    discharge_ratio: 2
    depth_of_discharge: 0.9
  Pb-acid:
    cost: 152.755
    lifetime: 9.02448
    annual_cost: 16.926737052993634
    efficiency: 0.783416
    discharge_ratio: 5
    depth_of_discharge: 0.5
  VRBF:
    cost: 202.124
    lifetime: 19.0655
    annual_cost: 10.601557787626865
    efficiency: 0.685286
    discharge_ratio: 0.5
    depth_of_discharge: 1.0
