cost_values:
  wind_capex: 5000.0
  wind_opex: 100
  wind_lifetime: 20
  solar_capex: 1000.0
  solar_opex: 10
  solar_lifetime: 20
  carbon_price: 1.0
timeseries_values:
  load_level: 228154.8048203709
  wind_year: 2016
  solar_year: 2013
  price_year: 2023
  carbon_year: 2023
storage_values:
  CAES:
    cost: 50.7276
    lifetime: 27.5009
    annual_cost: 1.8445796319393184
    efficiency: 0.585742
    discharge_ratio: 0.1
    depth_of_discharge: 0.4
  Li-ion:
    cost: 210.029
    lifetime: 20.5503
    annual_cost: 10.220240093818582
    efficiency: 0.853564
    discharge_ratio: 2
    depth_of_discharge: 0.9
  Pb-acid:
    cost: 167.333
    lifetime: 8.8464
    annual_cost: 18.915378006872853
    efficiency: 0.790537
    discharge_ratio: 5
    depth_of_discharge: 0.5
  VRBF:
    cost: 208.871
    lifetime: 20.5007
    annual_cost: 10.188481368928867
    efficiency: 0.703421
    discharge_ratio: 0.5
    depth_of_discharge: 1.0
