cost_values:
  wind_capex: 5000.0
  wind_opex: 100
  wind_lifetime: 20
  solar_capex: 1000.0
  solar_opex: 10
  solar_lifetime: 20
  carbon_price: 1.0
timeseries_values:
  load_level: 228154.8048203709
  wind_year: 2016
  solar_year: 2013
  price_year: 2023
  carbon_year: 2023
storage_values:
  CAES:
    cost: 53.9608
    lifetime: 28.7475
    annual_cost: 1.8770606139664319
    efficiency: 0.5891
    discharge_ratio: 0.1
    depth_of_discharge: 0.4
  Li-ion:
    cost: 221.189
    lifetime: 20.8045
    annual_cost: 10.631786392367035
    efficiency: 0.862182
    discharge_ratio: 2
    depth_of_discharge: 0.9
  Pb-acid:
    cost: 196.995
    lifetime: 7.20593
    annual_cost: 27.337900867757526
    efficiency: 0.782203
    discharge_ratio: 5
    depth_of_discharge: 0.5
  VRBF:
    cost: 164.225
    lifetime: 19.4308
    annual_cost: 8.451787883154578
    efficiency: 0.678859
    discharge_ratio: 0.5
    depth_of_discharge: 1.0
