cost_values:
  wind_capex: 5000.0
  wind_opex: 100
  wind_lifetime: 20
  solar_capex: 1000.0
  solar_opex: 10
  solar_lifetime: 20
  carbon_price: 1.0
timeseries_values:
  load_level: 228154.8048203709
  wind_year: 2016
  solar_year: 2013
  price_year: 2023
  carbon_year: 2023
storage_values:
  CAES:
    cost: 53.4507
    lifetime: 28.8215
    annual_cost: 1.854542615755599
    efficiency: 0.587828
    discharge_ratio: 0.1
    depth_of_discharge: 0.4
  Li-ion:
    cost: 230.922
    lifetime: 19.2081
    annual_cost: 12.022115669951738
    efficiency: 0.876915
    discharge_ratio: 2
    depth_of_discharge: 0.9
  Pb-acid:
    cost: 160.049
    lifetime: 7.56716
    annual_cost: 21.15047124680858
    efficiency: 0.762837
    discharge_ratio: 5
    depth_of_discharge: 0.5
  VRBF:
    cost: 216.92
    lifetime: 19.0359
    annual_cost: 11.395310965071259
    efficiency: 0.685483
    discharge_ratio: 0.5
    depth_of_discharge: 1.0
