cost_values:
  wind_capex: 5000.0
  wind_opex: 100
  wind_lifetime: 20
  solar_capex: 1000.0
  solar_opex: 10
  solar_lifetime: 20
  carbon_price: 1.0
timeseries_values:
  load_level: 228154.8048203709
  wind_year: 2016
  solar_year: 2013
  price_year: 2023
  carbon_year: 2023
storage_values:
  CAES:
    cost: 49.1056
    lifetime: 27.6398
    annual_cost: 1.776626458946881
    efficiency: 0.586406
    discharge_ratio: 0.1
    depth_of_discharge: 0.4
  Li-ion:
    cost: 197.959
    lifetime: 19.6811
    annual_cost: 10.058330073014211
    efficiency: 0.869766
    discharge_ratio: 2
    depth_of_discharge: 0.9
  Pb-acid:
    cost: 154.344
    lifetime: 7.09212
    annual_cost: 21.76274513121605
    efficiency: 0.780191
    discharge_ratio: 5
    depth_of_discharge: 0.5
  VRBF:
    cost: 157.341
    lifetime: 19.5287
    annual_cost: 8.056911110314562
    efficiency: 0.691307
    discharge_ratio: 0.5
    depth_of_discharge: 1.0
