cost_values:
  wind_capex: 5000.0
  wind_opex: 100
  wind_lifetime: 20
  solar_capex: 1000.0
  solar_opex: 10
  solar_lifetime: 20
  carbon_price: 1.0
timeseries_values:
  load_level: 228154.8048203709
  wind_year: 2016
  solar_year: 2013
  price_year: 2023
  carbon_year: 2023
storage_values:
  CAES:
    cost: 55.5031
    lifetime: 27.127
    annual_cost: 2.0460463744608695
    efficiency: 0.602154
    discharge_ratio: 0.1
    depth_of_discharge: 0.4
  Li-ion:
    cost: 217.675
    lifetime: 20.5653
    annual_cost: 10.584576932989064
    efficiency: 0.87549
    discharge_ratio: 2
    depth_of_discharge: 0.9
  Pb-acid:
    cost: 185.42
    lifetime: 7.06279
    annual_cost: 26.25308128940546
    efficiency: 0.768595
    discharge_ratio: 5
    depth_of_discharge: 0.5
  VRBF:
    cost: 234.946
    lifetime: 17.0058
    annual_cost: 13.81563937009726
    efficiency: 0.682624
    discharge_ratio: 0.5
    depth_of_discharge: 1.0
