cost_values:
  wind_capex: 5000.0
  wind_opex: 100
  wind_lifetime: 20
  solar_capex: 1000.0
  solar_opex: 10
  solar_lifetime: 20
  carbon_price: 1.0
timeseries_values:
  load_level: 228154.8048203709
  wind_year: 2016
  solar_year: 2013
  price_year: 2023
  carbon_year: 2023
storage_values:
  CAES:
    cost: 43.2239
    lifetime: 27.8407
    annual_cost: 1.5525435782864656
    efficiency: 0.591907
    discharge_ratio: 0.1
    depth_of_discharge: 0.4
  Li-ion:
    cost: 227.29
    lifetime: 20.4287
    annual_cost: 11.126013892220259
    efficiency: 0.860348
    discharge_ratio: 2
    depth_of_discharge: 0.9
  Pb-acid:
    cost: 161.127
    lifetime: 9.60624
    annual_cost: 16.77315994603508
    efficiency: 0.773382
    discharge_ratio: 5
    depth_of_discharge: 0.5
  VRBF:
    cost: 204.691
    lifetime: 18.6031
    annual_cost: 11.003058630013276
    efficiency: 0.682064
    discharge_ratio: 0.5
    depth_of_discharge: 1.0
