cost_values:
  wind_capex: 5000.0
  wind_opex: 100
  wind_lifetime: 20
  solar_capex: 1000.0
  solar_opex: 10
  solar_lifetime: 20
  carbon_price: 1.0
timeseries_values:
  load_level: 228154.8048203709
  wind_year: 2016
  solar_year: 2013
  price_year: 2023
  carbon_year: 2023
storage_values:
  CAES:
    cost: 52.0609
    lifetime: 27.6267
    annual_cost: 1.8844415004325525
    efficiency: 0.590243
    discharge_ratio: 0.1
    depth_of_discharge: 0.4
  Li-ion:
    cost: 190.989
    lifetime: 20.5753
    annual_cost: 9.282440596248902
    efficiency: 0.861078
    discharge_ratio: 2
    depth_of_discharge: 0.9
  Pb-acid:
    cost: 158.612
    lifetime: 8.53751
    annual_cost: 18.57825056720285
    efficiency: 0.762509
    discharge_ratio: 5
    depth_of_discharge: 0.5
  VRBF:
    cost: 218.467
    lifetime: 20.6577
    annual_cost: 10.575572304758033
    efficiency: 0.674716
    discharge_ratio: 0.5
    depth_of_discharge: 1.0
