cost_values:
  wind_capex: 5000.0
  wind_opex: 100
  wind_lifetime: 20
  solar_capex: 1000.0
  solar_opex: 10
  solar_lifetime: 20
  carbon_price: 1.0
timeseries_values:
  load_level: 228154.8048203709
  wind_year: 2016
  solar_year: 2013
  price_year: 2023
  carbon_year: 2023
storage_values:
  CAES:
    cost: 45.5392
    lifetime: 27.5425
    annual_cost: 1.6534156303893983
    efficiency: 0.589619
    discharge_ratio: 0.1
    depth_of_discharge: 0.4
  Li-ion:
    cost: 227.743
    lifetime: 18.634
    annual_cost: 12.221906192980573
    efficiency: 0.851134
    discharge_ratio: 2
    depth_of_discharge: 0.9
  Pb-acid:
    cost: 196.683
    lifetime: 8.74382
    annual_cost: 22.493944294370195
    efficiency: 0.773628
    discharge_ratio: 5
    depth_of_discharge: 0.5
  VRBF:
    cost: 243.525
    lifetime: 19.7947
    annual_cost: 12.30253552718657
    efficiency: 0.678156
    discharge_ratio: 0.5
    depth_of_discharge: 1.0
