cost_values:
  wind_capex: 5000.0
  wind_opex: 100
  wind_lifetime: 20
  solar_capex: 1000.0
  solar_opex: 10
  solar_lifetime: 20
  carbon_price: 1.0
timeseries_values:
  load_level: 228154.8048203709
  wind_year: 2016
  solar_year: 2013
  price_year: 2023
  carbon_year: 2023
storage_values:
  CAES:
    cost: 46.4051
    lifetime: 27.6928
    annual_cost: 1.6757099318234343
    efficiency: 0.59428
    discharge_ratio: 0.1
    depth_of_discharge: 0.4
  Li-ion:
    cost: 209.833
    lifetime: 21.5358
    annual_cost: 9.743450440661597
    efficiency: 0.863475
    discharge_ratio: 2
    depth_of_discharge: 0.9
  Pb-acid:
    cost: 165.225
    lifetime: 5.63954
    annual_cost: 29.297602286711324
    efficiency: 0.769187
    discharge_ratio: 5
    depth_of_discharge: 0.5
  VRBF:
    cost: 204.556
    lifetime: 18.3047
    annual_cost: 11.175053401585386
    efficiency: 0.687479
    discharge_ratio: 0.5
    depth_of_discharge: 1.0
