cost_values:
  wind_capex: 5000.0
  wind_opex: 100
  wind_lifetime: 20
  solar_capex: 1000.0
  solar_opex: 10
  solar_lifetime: 20
  carbon_price: 1.0
timeseries_values:
  load_level: 228154.8048203709
  wind_year: 2016
  solar_year: 2013
  price_year: 2023
  carbon_year: 2023
storage_values:
  CAES:
    cost: 52.1138
    lifetime: 28.6263
    annual_cost: 1.820486755186664
    efficiency: 0.591169
    discharge_ratio: 0.1
    depth_of_discharge: 0.4
  Li-ion:
    cost: 204.858
    lifetime: 20.2028
    annual_cost: 10.140079592927714
    efficiency: 0.873887
    discharge_ratio: 2
    depth_of_discharge: 0.9
  Pb-acid:
    cost: 158.7
    lifetime: 5.79971
    annual_cost: 27.363437137374106
    efficiency: 0.766957
    discharge_ratio: 5
    depth_of_discharge: 0.5
  VRBF:
    cost: 209.836
    lifetime: 18.1141
    annual_cost: 11.584125073837509
    efficiency: 0.692299
    discharge_ratio: 0.5
    depth_of_discharge: 1.0
