cost_values:
  wind_capex: 5000.0
  wind_opex: 100
  wind_lifetime: 20
  solar_capex: 1000.0
  solar_opex: 10
  solar_lifetime: 20
  carbon_price: 1.0
timeseries_values:
  load_level: 228154.8048203709
  wind_year: 2016
  solar_year: 2013
  price_year: 2023
  carbon_year: 2023
storage_values:
  CAES:
    cost: 41.287
    lifetime: 27.5522
    annual_cost: 1.4985010271412083
    efficiency: 0.59296
    discharge_ratio: 0.1
    depth_of_discharge: 0.4
  Li-ion:
    cost: 204.988
    lifetime: 21.5595
    annual_cost: 9.508012709014588
    efficiency: 0.860737
    discharge_ratio: 2
    depth_of_discharge: 0.9
  Pb-acid:
    cost: 168.987
    lifetime: 7.86912
    annual_cost: 21.474701110162254
    efficiency: 0.7789
    discharge_ratio: 5
    depth_of_discharge: 0.5
  VRBF:
    cost: 180.32
    lifetime: 19.1907
    annual_cost: 9.396217959740916
    efficiency: 0.689573
    discharge_ratio: 0.5
    depth_of_discharge: 1.0
