cost_values:
  wind_capex: 5000.0
  wind_opex: 100
  wind_lifetime: 20
  solar_capex: 1000.0
  solar_opex: 10
  solar_lifetime: 20
  carbon_price: 1.0
timeseries_values:
  load_level: 228154.8048203709
  wind_year: 2016
  solar_year: 2013
  price_year: 2023
  carbon_year: 2023
storage_values:
  CAES:
    cost: 48.7082
    lifetime: 27.9263
    annual_cost: 1.7441694746529255
    efficiency: 0.596696
    discharge_ratio: 0.1
    depth_of_discharge: 0.4
  Li-ion:
    cost: 211.711
    lifetime: 20.7781
    annual_cost: 10.18914145181706
    efficiency: 0.85515
    discharge_ratio: 2
    depth_of_discharge: 0.9
  Pb-acid:
    cost: 177.962
    lifetime: 6.49143
    annual_cost: 27.414914741436014
    efficiency: 0.789837
    discharge_ratio: 5
    depth_of_discharge: 0.5
  VRBF:
    cost: 196.667
    lifetime: 17.7918
    annual_cost: 11.053800065198576
    efficiency: 0.691514
    discharge_ratio: 0.5
    depth_of_discharge: 1.0
