cost_values:
  wind_capex: 5000.0
  wind_opex: 100
  wind_lifetime: 20
  solar_capex: 1000.0
  solar_opex: 10
  solar_lifetime: 20
  carbon_price: 1.0
timeseries_values:
  load_level: 236149.62760355003
  wind_year: 2014
  solar_year: 2013
  price_year: 2023
  carbon_year: 2023
storage_values:
  CAES:
    cost: 50.8648
    lifetime: 22.0158
    annual_cost: 2.3103770928151603
    efficiency: 0.570626
    discharge_ratio: 0.1
    depth_of_discharge: 0.4
  Li-ion:
    cost: 115.284
    lifetime: 26.7506
    annual_cost: 4.309585579388874
    efficiency: 0.902556
    discharge_ratio: 2
    depth_of_discharge: 0.9
  Pb-acid:
    cost: 142.505
    lifetime: 17.9254
    annual_cost: 7.949892331551876
    efficiency: 0.65704
    discharge_ratio: 5
    depth_of_discharge: 0.5
  VRBF:
    cost: 311.646
    lifetime: 23.0371
    annual_cost: 13.528004826996455
    efficiency: 0.72201
    discharge_ratio: 0.5
    depth_of_discharge: 1.0
