cost_values:
  wind_capex: 5000.0
  wind_opex: 100
  wind_lifetime: 20
  solar_capex: 1000.0
  solar_opex: 10
  solar_lifetime: 20
  carbon_price: 1.0
timeseries_values:
  load_level: 236149.62760355003
  wind_year: 2014
  solar_year: 2013
  price_year: 2023
  carbon_year: 2023
storage_values:
  CAES:
    cost: 57.9402
    lifetime: 22.4102
    annual_cost: 2.5854387734156767
    efficiency: 0.567504
    discharge_ratio: 0.1
    depth_of_discharge: 0.4
  Li-ion:
    cost: 133.405
    lifetime: 25.8099
    annual_cost: 5.1687530753703035
    efficiency: 0.890178
    discharge_ratio: 2
    depth_of_discharge: 0.9
  Pb-acid:
    cost: 145.7
    lifetime: 19.2963
    annual_cost: 7.550670335763851
    efficiency: 0.672594
    discharge_ratio: 5
    depth_of_discharge: 0.5
  VRBF:
    cost: 316.0
    lifetime: 22.4195
    annual_cost: 14.09487276701086
    efficiency: 0.700098
    discharge_ratio: 0.5
    depth_of_discharge: 1.0
