cost_values:
  wind_capex: 5000.0
  wind_opex: 100
  wind_lifetime: 20
  solar_capex: 1000.0
  solar_opex: 10
  solar_lifetime: 20
  carbon_price: 1.0
timeseries_values:
  load_level: 236149.62760355003
  wind_year: 2014
  solar_year: 2013
  price_year: 2023
  carbon_year: 2023
storage_values:
  CAES:
    cost: 58.4853
    lifetime: 22.7539
    annual_cost: 2.5703417875616927
    efficiency: 0.572927
    discharge_ratio: 0.1
    depth_of_discharge: 0.4
  Li-ion:
    cost: 156.329
    lifetime: 26.2103
    annual_cost: 5.964410937684804
    efficiency: 0.893829
    discharge_ratio: 2
    depth_of_discharge: 0.9
  Pb-acid:
    cost: 153.099
    lifetime: 17.4707
    annual_cost: 8.76318636345424
    efficiency: 0.662285
    discharge_ratio: 5
    depth_of_discharge: 0.5
  VRBF:
    cost: 348.373
    lifetime: 23.6222
    annual_cost: 14.747694964905893
    efficiency: 0.699172
    discharge_ratio: 0.5
    depth_of_discharge: 1.0
