cost_values:
  wind_capex: 5000.0
  wind_opex: 100
  wind_lifetime: 20
  solar_capex: 1000.0
  solar_opex: 10
  solar_lifetime: 20
  carbon_price: 1.0
timeseries_values:
  load_level: 236149.62760355003
  wind_year: 2014
  solar_year: 2013
  price_year: 2023
  carbon_year: 2023
storage_values:
  CAES:
    cost: 58.6408
    lifetime: 22.9017
    annual_cost: 2.5605435404358627
    efficiency: 0.571111
    discharge_ratio: 0.1
    depth_of_discharge: 0.4
  Li-ion:
    cost: 134.719
    lifetime: 23.7906
    annual_cost: 5.662698712937042
    efficiency: 0.899695
    discharge_ratio: 2
    depth_of_discharge: 0.9
  Pb-acid:
    cost: 151.353
    lifetime: 17.171
    annual_cost: 8.814454603692273
    efficiency: 0.663807
    discharge_ratio: 5
    depth_of_discharge: 0.5
  VRBF:
    cost: 333.167
    lifetime: 23.0676
    annual_cost: 14.443071667620385
    efficiency: 0.71925
    discharge_ratio: 0.5
    depth_of_discharge: 1.0
