cost_values:
  wind_capex: 5000.0
  wind_opex: 100
  wind_lifetime: 20
  solar_capex: 1000.0
  solar_opex: 10
  solar_lifetime: 20
  carbon_price: 1.0
timeseries_values:
  load_level: 236149.62760355003
  wind_year: 2014
  solar_year: 2013
  price_year: 2023
  carbon_year: 2023
storage_values:
  CAES:
    cost: 57.7387
    lifetime: 21.9292
    annual_cost: 2.6329597066924464
    efficiency: 0.574142
    discharge_ratio: 0.1
    depth_of_discharge: 0.4
  Li-ion:
    cost: 111.416
    lifetime: 24.4631
    annual_cost: 4.554451398228352
    efficiency: 0.893398
    discharge_ratio: 2
    depth_of_discharge: 0.9
  Pb-acid:
    cost: 146.707
    lifetime: 18.9387
    annual_cost: 7.746413428588022
    efficiency: 0.668356
    discharge_ratio: 5
    depth_of_discharge: 0.5
  VRBF:
    cost: 330.997
    lifetime: 21.9199
    annual_cost: 15.10029699040598
    efficiency: 0.705554
    discharge_ratio: 0.5
    depth_of_discharge: 1.0
