cost_values:
  wind_capex: 5000.0
  wind_opex: 100
  wind_lifetime: 20
  solar_capex: 1000.0
  solar_opex: 10
  solar_lifetime: 20
  carbon_price: 1.0
timeseries_values:
  load_level: 236149.62760355003
  wind_year: 2014
  solar_year: 2013
  price_year: 2023
  carbon_year: 2023
storage_values:
  CAES:
    cost: 53.3056
    lifetime: 23.13
    annual_cost: 2.3046087332468654
    efficiency: 0.562363
    discharge_ratio: 0.1
    depth_of_discharge: 0.4
  Li-ion:
    cost: 143.313
    lifetime: 25.6067
    annual_cost: 5.5966993013547235
    efficiency: 0.90105
    discharge_ratio: 2
    depth_of_discharge: 0.9
  Pb-acid:
    cost: 138.605
    lifetime: 17.6524
    annual_cost: 7.851906822868278
    efficiency: 0.651316
    discharge_ratio: 5
    depth_of_discharge: 0.5
  VRBF:
    cost: 347.282
    lifetime: 22.5581
    annual_cost: 15.395002238663716
    efficiency: 0.693908
    discharge_ratio: 0.5
    depth_of_discharge: 1.0
