cost_values:
  wind_capex: 5000.0
  wind_opex: 100
  wind_lifetime: 20
  solar_capex: 1000.0
  solar_opex: 10
  solar_lifetime: 20
  carbon_price: 1.0
timeseries_values:
  load_level: 236149.62760355003
  wind_year: 2014
  solar_year: 2013
  price_year: 2023
  carbon_year: 2023
storage_values:
  CAES:
    cost: 63.5273
    lifetime: 22.9149
    annual_cost: 2.772314083849373
    efficiency: 0.587466
    discharge_ratio: 0.1
    depth_of_discharge: 0.4
  Li-ion:
    cost: 130.226
    lifetime: 25.3624
    annual_cost: 5.134608712109264
    efficiency: 0.901232
    discharge_ratio: 2
    depth_of_discharge: 0.9
  Pb-acid:
    cost: 165.61
    lifetime: 16.8399
    annual_cost: 9.834381439319712
    efficiency: 0.665844
    discharge_ratio: 5
    depth_of_discharge: 0.5
  VRBF:
    cost: 313.07
    lifetime: 24.1769
    annual_cost: 12.949137399749347
    efficiency: 0.709268
    discharge_ratio: 0.5
    depth_of_discharge: 1.0
