cost_values:
  wind_capex: 5000.0
  wind_opex: 100
  wind_lifetime: 20
  solar_capex: 1000.0
  solar_opex: 10
  solar_lifetime: 20
  carbon_price: 1.0
timeseries_values:
  load_level: 236149.62760355003
  wind_year: 2014
  solar_year: 2013
  price_year: 2023
  carbon_year: 2023
storage_values:
  CAES:
    cost: 58.9986
    lifetime: 23.062
    annual_cost: 2.5582603416876246
    efficiency: 0.568564
    discharge_ratio: 0.1
    depth_of_discharge: 0.4
  Li-ion:
    cost: 138.343
    lifetime: 27.3862
    annual_cost: 5.05155881429333
    efficiency: 0.917272
    discharge_ratio: 2
    depth_of_discharge: 0.9
  Pb-acid:
    cost: 172.158
    lifetime: 18.6546
    annual_cost: 9.228715705509632
    efficiency: 0.658163
    discharge_ratio: 5
    depth_of_discharge: 0.5
  VRBF:
    cost: 340.901
    lifetime: 19.3293
    annual_cost: 17.63648968146803
    efficiency: 0.717097
    discharge_ratio: 0.5
    depth_of_discharge: 1.0
