cost_values:
  wind_capex: 5000.0
  wind_opex: 100
  wind_lifetime: 20
  solar_capex: 1000.0
  solar_opex: 10
  solar_lifetime: 20
  carbon_price: 1.0
timeseries_values:
  load_level: 236149.62760355003
  wind_year: 2014
  solar_year: 2013
  price_year: 2023
  carbon_year: 2023
storage_values:
  CAES:
    cost: 57.391
    lifetime: 21.949
    annual_cost: 2.6147432684860354
    efficiency: 0.567832
    discharge_ratio: 0.1
    depth_of_discharge: 0.4
  Li-ion:
    cost: 149.059
    lifetime: 24.1585
    annual_cost: 6.170043669929838
    efficiency: 0.912229
    discharge_ratio: 2
    depth_of_discharge: 0.9
  Pb-acid:
    cost: 164.707
    lifetime: 17.4143
    annual_cost: 9.458146465835549
    efficiency: 0.67787
    discharge_ratio: 5
    depth_of_discharge: 0.5
  VRBF:
    cost: 327.95
    lifetime: 19.8514
    annual_cost: 16.52024542349658
    efficiency: 0.696253
    discharge_ratio: 0.5
    depth_of_discharge: 1.0
