cost_values:
  wind_capex: 5000.0
  wind_opex: 100
  wind_lifetime: 20
  solar_capex: 1000.0
  solar_opex: 10
  solar_lifetime: 20
  carbon_price: 1.0
timeseries_values:
  load_level: 236149.62760355003
  wind_year: 2014
  solar_year: 2013
  price_year: 2023
  carbon_year: 2023
storage_values:
  CAES:
    cost: 55.8323
    lifetime: 22.114
    annual_cost: 2.5247490277652163
    efficiency: 0.574268
    discharge_ratio: 0.1
    depth_of_discharge: 0.4
  Li-ion:
    cost: 171.247
    lifetime: 23.0278
    annual_cost: 7.436533233743563
    efficiency: 0.913568
    discharge_ratio: 2
    depth_of_discharge: 0.9
  Pb-acid:
    cost: 181.082
    lifetime: 18.2161
    annual_cost: 9.940766684416532
    efficiency: 0.66378
    discharge_ratio: 5
    depth_of_discharge: 0.5
  VRBF:
    cost: 322.358
    lifetime: 22.0733
    annual_cost: 14.603978562335492
    efficiency: 0.694454
    discharge_ratio: 0.5
    depth_of_discharge: 1.0
