cost_values:
  wind_capex: 5000.0
  wind_opex: 100
  wind_lifetime: 20
  solar_capex: 1000.0
  solar_opex: 10
  solar_lifetime: 20
  carbon_price: 1.0
timeseries_values:
  load_level: 236149.62760355003
  wind_year: 2014
  solar_year: 2013
  price_year: 2023
  carbon_year: 2023
storage_values:
  CAES:
    cost: 56.2312
    lifetime: 23.0354
    annual_cost: 2.441077645710515
    efficiency: 0.563817
    discharge_ratio: 0.1
    depth_of_discharge: 0.4
  Li-ion:
    cost: 158.584
    lifetime: 26.0108
    annual_cost: 6.096852076829625
    efficiency: 0.909025
    discharge_ratio: 2
    depth_of_discharge: 0.9
  Pb-acid:
    cost: 145.507
    lifetime: 19.1699
    annual_cost: 7.590389099577985
    efficiency: 0.654659
    discharge_ratio: 5
    depth_of_discharge: 0.5
  VRBF:
    cost: 375.131
    lifetime: 22.6117
    annual_cost: 16.59012811951335
    efficiency: 0.699626
    discharge_ratio: 0.5
    depth_of_discharge: 1.0
