cost_values:
  wind_capex: 5000.0
  wind_opex: 100
  wind_lifetime: 20
  solar_capex: 1000.0
  solar_opex: 10
  solar_lifetime: 20
  carbon_price: 1.0
timeseries_values:
  load_level: 236149.62760355003
  wind_year: 2014
  solar_year: 2013
  price_year: 2023
  carbon_year: 2023
storage_values:
  CAES:
    cost: 54.6128
    lifetime: 22.8543
    annual_cost: 2.3896072073964203
    efficiency: 0.585288
    discharge_ratio: 0.1
    depth_of_discharge: 0.4
  Li-ion:
    cost: 131.613
    lifetime: 25.7452
    annual_cost: 5.112137408138216
    efficiency: 0.910076
    discharge_ratio: 2
    depth_of_discharge: 0.9
  Pb-acid:
    cost: 170.728
    lifetime: 18.4007
    annual_cost: 9.278342671746184
    efficiency: 0.66889
    discharge_ratio: 5
    depth_of_discharge: 0.5
  VRBF:
    cost: 293.132
    lifetime: 22.1512
    annual_cost: 13.233233413991115
    efficiency: 0.694027
    discharge_ratio: 0.5
    depth_of_discharge: 1.0
