cost_values:
  wind_capex: 5000.0
  wind_opex: 100
  wind_lifetime: 20
  solar_capex: 1000.0
  solar_opex: 10
  solar_lifetime: 20
  carbon_price: 1.0
timeseries_values:
  load_level: 236149.62760355003
  wind_year: 2014
  solar_year: 2013
  price_year: 2023
  carbon_year: 2023
storage_values:
  CAES:
    cost: 56.7321
    lifetime: 22.9566
    annual_cost: 2.4712762342855648
    efficiency: 0.563753
    discharge_ratio: 0.1
    depth_of_discharge: 0.4
  Li-ion:
    cost: 138.312
    lifetime: 24.4342
    annual_cost: 5.660590483830042
    efficiency: 0.905915
    discharge_ratio: 2
    depth_of_discharge: 0.9
  Pb-acid:
    cost: 150.975
    lifetime: 16.346
    annual_cost: 9.236204576043068
    efficiency: 0.669244
    discharge_ratio: 5
    depth_of_discharge: 0.5
  VRBF:
    cost: 320.645
    lifetime: 21.9074
    annual_cost: 14.636378575275934
    efficiency: 0.703251
    discharge_ratio: 0.5
    depth_of_discharge: 1.0
