cost_values:
  wind_capex: 5000.0
  wind_opex: 100
  wind_lifetime: 20
  solar_capex: 1000.0
  solar_opex: 10
  solar_lifetime: 20
  carbon_price: 1.0
timeseries_values:
  load_level: 236149.62760355003
  wind_year: 2014
  solar_year: 2013
  price_year: 2023
  carbon_year: 2023
storage_values:
  CAES:
    cost: 58.924
    lifetime: 22.7065
    annual_cost: 2.5950278554598905
    efficiency: 0.575921
    discharge_ratio: 0.1
    depth_of_discharge: 0.4
  Li-ion:
    cost: 148.087
    lifetime: 26.2059
    annual_cost: 5.650903040918267
    efficiency: 0.914332
    discharge_ratio: 2
    depth_of_discharge: 0.9
  Pb-acid:
    cost: 162.919
    lifetime: 17.4282
    annual_cost: 9.3480106953099
    efficiency: 0.672902
    discharge_ratio: 5
    depth_of_discharge: 0.5
  VRBF:
    cost: 347.252
    lifetime: 22.5031
    annual_cost: 15.431296132532852
    efficiency: 0.698413
    discharge_ratio: 0.5
    depth_of_discharge: 1.0
