cost_values:
  wind_capex: 5000.0
  wind_opex: 100
  wind_lifetime: 20
  solar_capex: 1000.0
  solar_opex: 10
  solar_lifetime: 20
  carbon_price: 1.0
timeseries_values:
  load_level: 236149.62760355003
  wind_year: 2014
  solar_year: 2013
  price_year: 2023
  carbon_year: 2023
storage_values:
  CAES:
    cost: 53.4852
    lifetime: 22.527
    annual_cost: 2.3742708749500596
    efficiency: 0.563675
    discharge_ratio: 0.1
    depth_of_discharge: 0.4
  Li-ion:
    cost: 139.423
    lifetime: 22.8785
    annual_cost: 6.094062110715301
    efficiency: 0.900733
    discharge_ratio: 2
    depth_of_discharge: 0.9
  Pb-acid:
    cost: 161.943
    lifetime: 17.1703
    annual_cost: 9.431576617764396
    efficiency: 0.672434
    discharge_ratio: 5
    depth_of_discharge: 0.5
  VRBF:
    cost: 296.5
    lifetime: 21.9248
    annual_cost: 13.52349850397723
    efficiency: 0.703521
    discharge_ratio: 0.5
    depth_of_discharge: 1.0
