cost_values:
  wind_capex: 5000.0
  wind_opex: 100
  wind_lifetime: 20
  solar_capex: 1000.0
  solar_opex: 10
  solar_lifetime: 20
  carbon_price: 1.0
timeseries_values:
  load_level: 236149.62760355003
  wind_year: 2014
  solar_year: 2013
  price_year: 2023
  carbon_year: 2023
storage_values:
  CAES:
    cost: 59.0442
    lifetime: 22.6456
    annual_cost: 2.6073144451902355
    efficiency: 0.571275
    discharge_ratio: 0.1
    depth_of_discharge: 0.4
  Li-ion:
    cost: 148.05
    lifetime: 24.5295
    annual_cost: 6.035589800036691
    efficiency: 0.898898
    discharge_ratio: 2
    depth_of_discharge: 0.9
  Pb-acid:
    cost: 145.922
    lifetime: 18.296
    annual_cost: 7.975623087013555
    efficiency: 0.660572
    discharge_ratio: 5
    depth_of_discharge: 0.5
  VRBF:
    cost: 296.66
    lifetime: 21.2085
    annual_cost: 13.98778791522267
    efficiency: 0.704486
    discharge_ratio: 0.5
    depth_of_discharge: 1.0
