cost_values:
  wind_capex: 5000.0
  wind_opex: 100
  wind_lifetime: 20
  solar_capex: 1000.0
  solar_opex: 10
  solar_lifetime: 20
  carbon_price: 1.0
timeseries_values:
  load_level: 236149.62760355003
  wind_year: 2014
  solar_year: 2013
  price_year: 2023
  carbon_year: 2023
storage_values:
  CAES:
    cost: 52.0024
    lifetime: 23.1919
    annual_cost: 2.2422656185995975
    efficiency: 0.571473
    discharge_ratio: 0.1
    depth_of_discharge: 0.4
  Li-ion:
    cost: 139.518
    lifetime: 26.6119
    annual_cost: 5.24269217906275
    efficiency: 0.914666
    discharge_ratio: 2
    depth_of_discharge: 0.9
  Pb-acid:
    cost: 156.824
    lifetime: 17.7843
    annual_cost: 8.818114854112897
    efficiency: 0.672728
    discharge_ratio: 5
    depth_of_discharge: 0.5
  VRBF:
    cost: 308.434
    lifetime: 22.9831
    annual_cost: 13.420034721164683
    efficiency: 0.709903
    discharge_ratio: 0.5
    depth_of_discharge: 1.0
