cost_values:
  wind_capex: 5000.0
  wind_opex: 100
  wind_lifetime: 20
  solar_capex: 1000.0
  solar_opex: 10
  solar_lifetime: 20
  carbon_price: 1.0
timeseries_values:
  load_level: 236149.62760355003
  wind_year: 2014
  solar_year: 2013
  price_year: 2023
  carbon_year: 2023
storage_values:
  CAES:
    cost: 60.6232
    lifetime: 22.7163
    annual_cost: 2.6687092528272647
    efficiency: 0.562784
    discharge_ratio: 0.1
    depth_of_discharge: 0.4
  Li-ion:
    cost: 141.788
    lifetime: 26.7904
    annual_cost: 5.292492833253703
    efficiency: 0.899845
    discharge_ratio: 2
    depth_of_discharge: 0.9
  Pb-acid:
    cost: 160.849
    lifetime: 18.1776
    annual_cost: 8.848747909515007
    efficiency: 0.673807
    discharge_ratio: 5
    depth_of_discharge: 0.5
  VRBF:
    cost: 338.702
    lifetime: 21.381
    annual_cost: 15.841260932603713
    efficiency: 0.706885
    discharge_ratio: 0.5
    depth_of_discharge: 1.0
