cost_values:
  wind_capex: 5000.0
  wind_opex: 100
  wind_lifetime: 20
  solar_capex: 1000.0
  solar_opex: 10
  solar_lifetime: 20
  carbon_price: 1.0
timeseries_values:
  load_level: 236149.62760355003
  wind_year: 2014
  solar_year: 2013
  price_year: 2023
  carbon_year: 2023
storage_values:
  CAES:
    cost: 51.7842
    lifetime: 22.3523
    annual_cost: 2.3167280324619837
    efficiency: 0.566813
    discharge_ratio: 0.1
    depth_of_discharge: 0.4
  Li-ion:
    cost: 145.199
    lifetime: 24.1897
    annual_cost: 6.002513466475402
    efficiency: 0.900337
    discharge_ratio: 2
    depth_of_discharge: 0.9
  Pb-acid:
    cost: 154.818
    lifetime: 18.0143
    annual_cost: 8.594172407476284
    efficiency: 0.658065
    discharge_ratio: 5
    depth_of_discharge: 0.5
  VRBF:
    cost: 355.887
    lifetime: 22.7886
    annual_cost: 15.616887391063953
    efficiency: 0.700542
    discharge_ratio: 0.5
    depth_of_discharge: 1.0
