cost_values:
  wind_capex: 5000.0
  wind_opex: 100
  wind_lifetime: 20
  solar_capex: 1000.0
  solar_opex: 10
  solar_lifetime: 20
  carbon_price: 1.0
timeseries_values:
  load_level: 236149.62760355003
  wind_year: 2014
  solar_year: 2013
  price_year: 2023
  carbon_year: 2023
storage_values:
  CAES:
    cost: 60.8872
    lifetime: 21.5937
    annual_cost: 2.8196742568434314
    efficiency: 0.568656
    discharge_ratio: 0.1
    depth_of_discharge: 0.4
  Li-ion:
    cost: 129.018
    lifetime: 25.8134
    annual_cost: 4.998101761100823
    efficiency: 0.91962
    discharge_ratio: 2
    depth_of_discharge: 0.9
  Pb-acid:
    cost: 162.573
    lifetime: 18.926
    annual_cost: 8.589929197928777
    efficiency: 0.66616
    discharge_ratio: 5
    depth_of_discharge: 0.5
  VRBF:
    cost: 338.064
    lifetime: 21.0897
    annual_cost: 16.029815502354232
    efficiency: 0.686099
    discharge_ratio: 0.5
    depth_of_discharge: 1.0
