cost_values:
  wind_capex: 5000.0
  wind_opex: 100
  wind_lifetime: 20
  solar_capex: 1000.0
  solar_opex: 10
  solar_lifetime: 20
  carbon_price: 1.0
timeseries_values:
  load_level: 236149.62760355003
  wind_year: 2014
  solar_year: 2013
  price_year: 2023
  carbon_year: 2023
storage_values:
  CAES:
    cost: 62.1865
    lifetime: 22.1426
    annual_cost: 2.808455194963554
    efficiency: 0.567624
    discharge_ratio: 0.1
    depth_of_discharge: 0.4
  Li-ion:
    cost: 146.554
    lifetime: 24.9627
    annual_cost: 5.870919411762349
    efficiency: 0.900118
    discharge_ratio: 2
    depth_of_discharge: 0.9
  Pb-acid:
    cost: 125.62
    lifetime: 17.6881
    annual_cost: 7.1019498985193446
    efficiency: 0.66727
    discharge_ratio: 5
    depth_of_discharge: 0.5
  VRBF:
    cost: 317.002
    lifetime: 21.785
    annual_cost: 14.551388570117053
    efficiency: 0.708986
    discharge_ratio: 0.5
    depth_of_discharge: 1.0
