cost_values:
  wind_capex: 5000.0
  wind_opex: 100
  wind_lifetime: 20
  solar_capex: 1000.0
  solar_opex: 10
  solar_lifetime: 20
  carbon_price: 1.0
timeseries_values:
  load_level: 236149.62760355003
  wind_year: 2014
  solar_year: 2013
  price_year: 2023
  carbon_year: 2023
storage_values:
  CAES:
    cost: 57.1582
    lifetime: 21.9398
    annual_cost: 2.60522885349912
    efficiency: 0.563585
    discharge_ratio: 0.1
    depth_of_discharge: 0.4
  Li-ion:
    cost: 130.429
    lifetime: 25.1435
    annual_cost: 5.1873844134667015
    efficiency: 0.911486
    discharge_ratio: 2
    depth_of_discharge: 0.9
  Pb-acid:
    cost: 167.081
    lifetime: 18.0845
    annual_cost: 9.238906245680003
    efficiency: 0.653046
    discharge_ratio: 5
    depth_of_discharge: 0.5
  VRBF:
    cost: 352.322
    lifetime: 22.9054
    annual_cost: 15.381613069407214
    efficiency: 0.72703
    discharge_ratio: 0.5
    depth_of_discharge: 1.0
