cost_values:
  wind_capex: 5000.0
  wind_opex: 100
  wind_lifetime: 20
  solar_capex: 1000.0
  solar_opex: 10
  solar_lifetime: 20
  carbon_price: 1.0
timeseries_values:
  load_level: 236149.62760355003
  wind_year: 2014
  solar_year: 2013
  price_year: 2023
  carbon_year: 2023
storage_values:
  CAES:
    cost: 53.5181
    lifetime: 22.4186
    annual_cost: 2.387218648800549
    efficiency: 0.552113
    discharge_ratio: 0.1
    depth_of_discharge: 0.4
  Li-ion:
    cost: 159.032
    lifetime: 24.328
    annual_cost: 6.536994409733641
    efficiency: 0.907329
    discharge_ratio: 2
    depth_of_discharge: 0.9
  Pb-acid:
    cost: 139.581
    lifetime: 19.9219
    annual_cost: 7.006410031171725
    efficiency: 0.658692
    discharge_ratio: 5
    depth_of_discharge: 0.5
  VRBF:
    cost: 339.733
    lifetime: 22.0367
    annual_cost: 15.416691246874532
    efficiency: 0.684456
    discharge_ratio: 0.5
    depth_of_discharge: 1.0
