cost_values:
  wind_capex: 5000.0
  wind_opex: 100
  wind_lifetime: 20
  solar_capex: 1000.0
  solar_opex: 10
  solar_lifetime: 20
  carbon_price: 1.0
timeseries_values:
  load_level: 236149.62760355003
  wind_year: 2014
  solar_year: 2013
  price_year: 2023
  carbon_year: 2023
storage_values:
  CAES:
    cost: 59.6603
    lifetime: 23.0222
    annual_cost: 2.5914247986725854
    efficiency: 0.566205
    discharge_ratio: 0.1
    depth_of_discharge: 0.4
  Li-ion:
    cost: 158.521
    lifetime: 27.137
    annual_cost: 5.841507904337251
    efficiency: 0.892832
    discharge_ratio: 2
    depth_of_discharge: 0.9
  Pb-acid:
    cost: 164.698
    lifetime: 17.8877
    annual_cost: 9.20733241277526
    efficiency: 0.655369
    discharge_ratio: 5
    depth_of_discharge: 0.5
  VRBF:
    cost: 359.653
    lifetime: 22.3395
    annual_cost: 16.099420309317576
    efficiency: 0.70326
    discharge_ratio: 0.5
    depth_of_discharge: 1.0
