cost_values:
  wind_capex: 5000.0
  wind_opex: 100
  wind_lifetime: 20
  solar_capex: 1000.0
  solar_opex: 10
  solar_lifetime: 20
  carbon_price: 1.0
timeseries_values:
  load_level: 236149.62760355003
  wind_year: 2014
  solar_year: 2013
  price_year: 2023
  carbon_year: 2023
storage_values:
  CAES:
    cost: 54.5854
    lifetime: 22.6981
    annual_cost: 2.4048444583467337
    efficiency: 0.568732
    discharge_ratio: 0.1
    depth_of_discharge: 0.4
  Li-ion:
    cost: 155.446
    lifetime: 24.7963
    annual_cost: 6.268919153260769
    efficiency: 0.914303
    discharge_ratio: 2
    depth_of_discharge: 0.9
  Pb-acid:
    cost: 132.216
    lifetime: 18.7608
    annual_cost: 7.04746066265831
    efficiency: 0.675308
    discharge_ratio: 5
    depth_of_discharge: 0.5
  VRBF:
    cost: 319.163
    lifetime: 22.5777
    annual_cost: 14.136205193620254
    efficiency: 0.709874
    discharge_ratio: 0.5
    depth_of_discharge: 1.0
