cost_values:
  wind_capex: 5000.0
  wind_opex: 100
  wind_lifetime: 20
  solar_capex: 1000.0
  solar_opex: 10
  solar_lifetime: 20
  carbon_price: 1.0
timeseries_values:
  load_level: 236149.62760355003
  wind_year: 2014
  solar_year: 2013
  price_year: 2023
  carbon_year: 2023
storage_values:
  CAES:
    cost: 57.0204
    lifetime: 22.2708
    annual_cost: 2.5603211379923487
    efficiency: 0.56489
    discharge_ratio: 0.1
    depth_of_discharge: 0.4
  Li-ion:
    cost: 139.476
    lifetime: 23.6486
    annual_cost: 5.897854418443376
    efficiency: 0.914716
    discharge_ratio: 2
    depth_of_discharge: 0.9
  Pb-acid:
    cost: 168.979
    lifetime: 17.9056
    annual_cost: 9.4372151729068
    efficiency: 0.673333
    discharge_ratio: 5
    depth_of_discharge: 0.5
  VRBF:
    cost: 347.719
    lifetime: 20.0803
    annual_cost: 17.316424555410027
    efficiency: 0.696449
    discharge_ratio: 0.5
    depth_of_discharge: 1.0
