cost_values:
  wind_capex: 5000.0
  wind_opex: 100
  wind_lifetime: 20
  solar_capex: 1000.0
  solar_opex: 10
  solar_lifetime: 20
  carbon_price: 1.0
timeseries_values:
  load_level: 236149.62760355003
  wind_year: 2014
  solar_year: 2013
  price_year: 2023
  carbon_year: 2023
storage_values:
  CAES:
    cost: 58.9174
    lifetime: 23.1787
    annual_cost: 2.5418768093119977
    efficiency: 0.569051
    discharge_ratio: 0.1
    depth_of_discharge: 0.4
  Li-ion:
    cost: 155.912
    lifetime: 24.8145
    annual_cost: 6.283100606500232
    efficiency: 0.900488
    discharge_ratio: 2
    depth_of_discharge: 0.9
  Pb-acid:
    cost: 146.022
    lifetime: 16.7205
    annual_cost: 8.733112048084685
    efficiency: 0.665797
    discharge_ratio: 5
    depth_of_discharge: 0.5
  VRBF:
    cost: 309.733
    lifetime: 19.2656
    annual_cost: 16.07699734241342
    efficiency: 0.714042
    discharge_ratio: 0.5
    depth_of_discharge: 1.0
