cost_values:
  wind_capex: 5000.0
  wind_opex: 100
  wind_lifetime: 20
  solar_capex: 1000.0
  solar_opex: 10
  solar_lifetime: 20
  carbon_price: 1.0
timeseries_values:
  load_level: 236149.62760355003
  wind_year: 2014
  solar_year: 2013
  price_year: 2023
  carbon_year: 2023
storage_values:
  CAES:
    cost: 56.3082
    lifetime: 23.6858
    annual_cost: 2.3772977902371886
    efficiency: 0.560581
    discharge_ratio: 0.1
    depth_of_discharge: 0.4
  Li-ion:
    cost: 140.826
    lifetime: 25.7985
    annual_cost: 5.4586894586894585
    efficiency: 0.901869
    discharge_ratio: 2
    depth_of_discharge: 0.9
  Pb-acid:
    cost: 148.606
    lifetime: 17.8802
    annual_cost: 8.311204572655788
    efficiency: 0.660917
    discharge_ratio: 5
    depth_of_discharge: 0.5
  VRBF:
    cost: 340.956
    lifetime: 20.7811
    annual_cost: 16.407023689795057
    efficiency: 0.694068
    discharge_ratio: 0.5
    depth_of_discharge: 1.0
