cost_values:
  wind_capex: 5000.0
  wind_opex: 100
  wind_lifetime: 20
  solar_capex: 1000.0
  solar_opex: 10
  solar_lifetime: 20
  carbon_price: 1.0
timeseries_values:
  load_level: 236149.62760355003
  wind_year: 2014
  solar_year: 2013
  price_year: 2023
  carbon_year: 2023
storage_values:
  CAES:
    cost: 60.9949
    lifetime: 21.8497
    annual_cost: 2.791566932269093
    efficiency: 0.568634
    discharge_ratio: 0.1
    depth_of_discharge: 0.4
  Li-ion:
    cost: 142.624
    lifetime: 22.3533
    annual_cost: 6.380444945489033
    efficiency: 0.915466
    discharge_ratio: 2
    depth_of_discharge: 0.9
  Pb-acid:
    cost: 163.607
    lifetime: 15.834
    annual_cost: 10.332638625742074
    efficiency: 0.673018
    discharge_ratio: 5
    depth_of_discharge: 0.5
  VRBF:
    cost: 333.476
    lifetime: 19.6504
    annual_cost: 16.970443349753694
    efficiency: 0.690491
    discharge_ratio: 0.5
    depth_of_discharge: 1.0
