cost_values:
  wind_capex: 5000.0
  wind_opex: 100
  wind_lifetime: 20
  solar_capex: 1000.0
  solar_opex: 10
  solar_lifetime: 20
  carbon_price: 1.0
timeseries_values:
  load_level: 236149.62760355003
  wind_year: 2014
  solar_year: 2013
  price_year: 2023
  carbon_year: 2023
storage_values:
  CAES:
    cost: 53.3332
    lifetime: 22.1869
    annual_cost: 2.4038148637258923
    efficiency: 0.574034
    discharge_ratio: 0.1
    depth_of_discharge: 0.4
  Li-ion:
    cost: 146.153
    lifetime: 25.5235
    annual_cost: 5.726213097733462
    efficiency: 0.89462
    discharge_ratio: 2
    depth_of_discharge: 0.9
  Pb-acid:
    cost: 157.386
    lifetime: 18.2254
    annual_cost: 8.635530633072525
    efficiency: 0.650336
    discharge_ratio: 5
    depth_of_discharge: 0.5
  VRBF:
    cost: 362.906
    lifetime: 19.5403
    annual_cost: 18.572181593936634
    efficiency: 0.700564
    discharge_ratio: 0.5
    depth_of_discharge: 1.0
