cost_values:
  wind_capex: 5000.0
  wind_opex: 100
  wind_lifetime: 20
  solar_capex: 1000.0
  solar_opex: 10
  solar_lifetime: 20
  carbon_price: 1.0
timeseries_values:
  load_level: 236149.62760355003
  wind_year: 2014
  solar_year: 2013
  price_year: 2023
  carbon_year: 2023
storage_values:
  CAES:
    cost: 59.2719
    lifetime: 23.826
    annual_cost: 2.4876983127675647
    efficiency: 0.570197
    discharge_ratio: 0.1
    depth_of_discharge: 0.4
  Li-ion:
    cost: 132.136
    lifetime: 27.0538
    annual_cost: 4.884193717703243
    efficiency: 0.903626
    discharge_ratio: 2
    depth_of_discharge: 0.9
  Pb-acid:
    cost: 164.787
    lifetime: 18.3374
    annual_cost: 8.986388473829443
    efficiency: 0.667394
    discharge_ratio: 5
    depth_of_discharge: 0.5
  VRBF:
    cost: 311.33
    lifetime: 22.9501
    annual_cost: 13.565518233036022
    efficiency: 0.719164
    discharge_ratio: 0.5
    depth_of_discharge: 1.0
