cost_values:
  wind_capex: 5000.0
  wind_opex: 100
  wind_lifetime: 20
  solar_capex: 1000.0
  solar_opex: 10
  solar_lifetime: 20
  carbon_price: 1.0
timeseries_values:
  load_level: 236149.62760355003
  wind_year: 2014
  solar_year: 2013
  price_year: 2023
  carbon_year: 2023
storage_values:
  CAES:
    cost: 67.3363
    lifetime: 23.2786
    annual_cost: 2.8926267043550724
    efficiency: 0.570313
    discharge_ratio: 0.1
    depth_of_discharge: 0.4
  Li-ion:
    cost: 146.952
    lifetime: 24.8816
    annual_cost: 5.906051057809788
    efficiency: 0.90387
    discharge_ratio: 2
    depth_of_discharge: 0.9
  Pb-acid:
    cost: 165.826
    lifetime: 17.3011
    annual_cost: 9.584708486743617
    efficiency: 0.67045
    discharge_ratio: 5
    depth_of_discharge: 0.5
  VRBF:
    cost: 329.045
    lifetime: 22.1157
    annual_cost: 14.8783443436111
    efficiency: 0.70101
    discharge_ratio: 0.5
    depth_of_discharge: 1.0
