cost_values:
  wind_capex: 5000.0
  wind_opex: 100
  wind_lifetime: 20
  solar_capex: 1000.0
  solar_opex: 10
  solar_lifetime: 20
  carbon_price: 1.0
timeseries_values:
  load_level: 236149.62760355003
  wind_year: 2014
  solar_year: 2013
  price_year: 2023
  carbon_year: 2023
storage_values:
  CAES:
    cost: 59.1958
    lifetime: 21.0549
    annual_cost: 2.8114975611377875
    efficiency: 0.574382
    discharge_ratio: 0.1
    depth_of_discharge: 0.4
  Li-ion:
    cost: 121.602
    lifetime: 24.4915
    annual_cost: 4.965069513912991
    efficiency: 0.895171
    discharge_ratio: 2
    depth_of_discharge: 0.9
  Pb-acid:
    cost: 141.533
    lifetime: 18.4273
    annual_cost: 7.680615174225198
    efficiency: 0.667505
    discharge_ratio: 5
    depth_of_discharge: 0.5
  VRBF:
    cost: 341.626
    lifetime: 20.028
    annual_cost: 17.05741961254244
    efficiency: 0.698543
    discharge_ratio: 0.5
    depth_of_discharge: 1.0
