cost_values:
  wind_capex: 5000.0
  wind_opex: 100
  wind_lifetime: 20
  solar_capex: 1000.0
  solar_opex: 10
  solar_lifetime: 20
  carbon_price: 1.0
timeseries_values:
  load_level: 236149.62760355003
  wind_year: 2014
  solar_year: 2013
  price_year: 2023
  carbon_year: 2023
storage_values:
  CAES:
    cost: 64.9463
    lifetime: 23.3626
    annual_cost: 2.779926035629596
    efficiency: 0.570406
    discharge_ratio: 0.1
    depth_of_discharge: 0.4
  Li-ion:
    cost: 142.803
    lifetime: 25.1161
    annual_cost: 5.685715537045959
    efficiency: 0.91871
    discharge_ratio: 2
    depth_of_discharge: 0.9
  Pb-acid:
    cost: 137.257
    lifetime: 18.8258
    annual_cost: 7.290898660349095
    efficiency: 0.66025
    discharge_ratio: 5
    depth_of_discharge: 0.5
  VRBF:
    cost: 312.245
    lifetime: 21.5401
    annual_cost: 14.495986555308471
    efficiency: 0.727047
    discharge_ratio: 0.5
    depth_of_discharge: 1.0
