cost_values:
  wind_capex: 5000.0
  wind_opex: 100
  wind_lifetime: 20
  solar_capex: 1000.0
  solar_opex: 10
  solar_lifetime: 20
  carbon_price: 1.0
timeseries_values:
  load_level: 236149.62760355003
  wind_year: 2014
  solar_year: 2013
  price_year: 2023
  carbon_year: 2023
storage_values:
  CAES:
    cost: 55.5929
    lifetime: 23.3923
    annual_cost: 2.3765469834090704
    efficiency: 0.554158
    discharge_ratio: 0.1
    depth_of_discharge: 0.4
  Li-ion:
    cost: 142.413
    lifetime: 28.1202
    annual_cost: 5.064437664027994
    efficiency: 0.909272
    discharge_ratio: 2
    depth_of_discharge: 0.9
  Pb-acid:
    cost: 152.475
    lifetime: 16.3036
    annual_cost: 9.352228955568096
    efficiency: 0.671817
    discharge_ratio: 5
    depth_of_discharge: 0.5
  VRBF:
    cost: 350.431
    lifetime: 22.03
    annual_cost: 15.906990467544256
    efficiency: 0.722824
    discharge_ratio: 0.5
    depth_of_discharge: 1.0
