cost_values:
  wind_capex: 5000.0
  wind_opex: 100
  wind_lifetime: 20
  solar_capex: 1000.0
  solar_opex: 10
  solar_lifetime: 20
  carbon_price: 1.0
timeseries_values:
  load_level: 236149.62760355003
  wind_year: 2014
  solar_year: 2013
  price_year: 2023
  carbon_year: 2023
storage_values:
  CAES:
    cost: 59.1953
    lifetime: 21.95
    annual_cost: 2.696824601366743
    efficiency: 0.566519
    discharge_ratio: 0.1
    depth_of_discharge: 0.4
  Li-ion:
    cost: 147.346
    lifetime: 25.1365
    annual_cost: 5.86183438426193
    efficiency: 0.900826
    discharge_ratio: 2
    depth_of_discharge: 0.9
  Pb-acid:
    cost: 153.183
    lifetime: 19.1012
    annual_cost: 8.019548510041254
    efficiency: 0.651057
    discharge_ratio: 5
    depth_of_discharge: 0.5
  VRBF:
    cost: 323.0
    lifetime: 21.2383
    annual_cost: 15.208373551555445
    efficiency: 0.711141
    discharge_ratio: 0.5
    depth_of_discharge: 1.0
