cost_values:
  wind_capex: 5000.0
  wind_opex: 100
  wind_lifetime: 20
  solar_capex: 1000.0
  solar_opex: 10
  solar_lifetime: 20
  carbon_price: 1.0
timeseries_values:
  load_level: 236149.62760355003
  wind_year: 2014
  solar_year: 2013
  price_year: 2023
  carbon_year: 2023
storage_values:
  CAES:
    cost: 61.7878
    lifetime: 22.4843
    annual_cost: 2.7480419670614604
    efficiency: 0.568663
    discharge_ratio: 0.1
    depth_of_discharge: 0.4
  Li-ion:
    cost: 140.32
    lifetime: 24.3704
    annual_cost: 5.757804549781702
    efficiency: 0.914961
    discharge_ratio: 2
    depth_of_discharge: 0.9
  Pb-acid:
    cost: 143.763
    lifetime: 16.7079
    annual_cost: 8.604492485590649
    efficiency: 0.667453
    discharge_ratio: 5
    depth_of_discharge: 0.5
  VRBF:
    cost: 333.521
    lifetime: 20.0153
    annual_cost: 16.66330257353125
    efficiency: 0.714514
    discharge_ratio: 0.5
    depth_of_discharge: 1.0
