cost_values:
  wind_capex: 5000.0
  wind_opex: 100
  wind_lifetime: 20
  solar_capex: 1000.0
  solar_opex: 10
  solar_lifetime: 20
  carbon_price: 1.0
timeseries_values:
  load_level: 236149.62760355003
  wind_year: 2014
  solar_year: 2013
  price_year: 2023
  carbon_year: 2023
storage_values:
  CAES:
    cost: 61.3795
    lifetime: 23.564
    annual_cost: 2.60479969444916
    efficiency: 0.57447
    discharge_ratio: 0.1
    depth_of_discharge: 0.4
  Li-ion:
    cost: 164.099
    lifetime: 23.131
    annual_cost: 7.094332281354027
    efficiency: 0.91082
    discharge_ratio: 2
    depth_of_discharge: 0.9
  Pb-acid:
    cost: 145.812
    lifetime: 17.6189
    annual_cost: 8.27588555471681
    efficiency: 0.665824
    discharge_ratio: 5
    depth_of_discharge: 0.5
  VRBF:
    cost: 331.87
    lifetime: 21.9629
    annual_cost: 15.11048176697977
    efficiency: 0.689486
    discharge_ratio: 0.5
    depth_of_discharge: 1.0
