cost_values:
  wind_capex: 5000.0
  wind_opex: 100
  wind_lifetime: 20
  solar_capex: 1000.0
  solar_opex: 10
  solar_lifetime: 20
  carbon_price: 1.0
timeseries_values:
  load_level: 236149.62760355003
  wind_year: 2014
  solar_year: 2013
  price_year: 2023
  carbon_year: 2023
storage_values:
  CAES:
    cost: 59.2249
    lifetime: 22.1673
    annual_cost: 2.6717236650381415
    efficiency: 0.55693
    discharge_ratio: 0.1
    depth_of_discharge: 0.4
  Li-ion:
    cost: 164.446
    lifetime: 24.4248
    annual_cost: 6.732747043988077
    efficiency: 0.906301
    discharge_ratio: 2
    depth_of_discharge: 0.9
  Pb-acid:
    cost: 165.361
    lifetime: 17.9236
    annual_cost: 9.225880961414001
    efficiency: 0.667309
    discharge_ratio: 5
    depth_of_discharge: 0.5
  VRBF:
    cost: 342.164
    lifetime: 22.123
    annual_cost: 15.46643764408082
    efficiency: 0.707159
    discharge_ratio: 0.5
    depth_of_discharge: 1.0
