cost_values:
  wind_capex: 5000.0
  wind_opex: 100
  wind_lifetime: 20
  solar_capex: 1000.0
  solar_opex: 10
  solar_lifetime: 20
  carbon_price: 1.0
timeseries_values:
  load_level: 236149.62760355003
  wind_year: 2014
  solar_year: 2013
  price_year: 2023
  carbon_year: 2023
storage_values:
  CAES:
    cost: 58.247
    lifetime: 23.3217
    annual_cost: 2.4975452046806192
    efficiency: 0.575319
    discharge_ratio: 0.1
    depth_of_discharge: 0.4
  Li-ion:
    cost: 145.63
    lifetime: 25.5646
    annual_cost: 5.696549134349843
    efficiency: 0.898514
    discharge_ratio: 2
    depth_of_discharge: 0.9
  Pb-acid:
    cost: 176.129
    lifetime: 17.4074
    annual_cost: 10.118053241724784
    efficiency: 0.651978
    discharge_ratio: 5
    depth_of_discharge: 0.5
  VRBF:
    cost: 321.64
    lifetime: 20.1652
    annual_cost: 15.950250927340171
    efficiency: 0.696793
    discharge_ratio: 0.5
    depth_of_discharge: 1.0
