cost_values:
  wind_capex: 5000.0
  wind_opex: 100
  wind_lifetime: 20
  solar_capex: 1000.0
  solar_opex: 10
  solar_lifetime: 20
  carbon_price: 1.0
timeseries_values:
  load_level: 236149.62760355003
  wind_year: 2014
  solar_year: 2013
  price_year: 2023
  carbon_year: 2023
storage_values:
  CAES:
    cost: 55.234
    lifetime: 22.5471
    annual_cost: 2.449716371506757
    efficiency: 0.57356
    discharge_ratio: 0.1
    depth_of_discharge: 0.4
  Li-ion:
    cost: 134.274
    lifetime: 25.5075
    annual_cost: 5.264098794472214
    efficiency: 0.916847
    discharge_ratio: 2
    depth_of_discharge: 0.9
  Pb-acid:
    cost: 145.964
    lifetime: 17.3993
    annual_cost: 8.38907312363141
    efficiency: 0.655742
    discharge_ratio: 5
    depth_of_discharge: 0.5
  VRBF:
    cost: 350.472
    lifetime: 21.9127
    annual_cost: 15.994012604562649
    efficiency: 0.697377
    discharge_ratio: 0.5
    depth_of_discharge: 1.0
