cost_values:
  wind_capex: 5000.0
  wind_opex: 100
  wind_lifetime: 20
  solar_capex: 1000.0
  solar_opex: 10
  solar_lifetime: 20
  carbon_price: 1.0
timeseries_values:
  load_level: 236071.66236818826
  wind_year: 2010
  solar_year: 2010
  price_year: 2023
  carbon_year: 2023
storage_values:
  CAES:
    cost: 37.3379
    lifetime: 23.2952
    annual_cost: 1.6028151722243207
    efficiency: 0.591543
    discharge_ratio: 0.1
    depth_of_discharge: 0.4
  Li-ion:
    cost: 294.996
    lifetime: 15.478
    annual_cost: 19.059051557048715
    efficiency: 0.929353
    discharge_ratio: 2
    depth_of_discharge: 0.9
  Pb-acid:
    cost: 204.479
    lifetime: 8.43232
    annual_cost: 24.249435505293917
    efficiency: 0.739233
    discharge_ratio: 5
    depth_of_discharge: 0.5
  VRBF:
    cost: 260.86
    lifetime: 21.1369
    annual_cost: 12.341450259971898
    efficiency: 0.751364
    discharge_ratio: 0.5
    depth_of_discharge: 1.0
