cost_values:
  wind_capex: 5000.0
  wind_opex: 100
  wind_lifetime: 20
  solar_capex: 1000.0
  solar_opex: 10
  solar_lifetime: 20
  carbon_price: 1.0
timeseries_values:
  load_level: 236071.66236818826
  wind_year: 2010
  solar_year: 2010
  price_year: 2023
  carbon_year: 2023
storage_values:
  CAES:
    cost: 32.6629
    lifetime: 23.0162
    annual_cost: 1.4191265282713914
    efficiency: 0.586505
    discharge_ratio: 0.1
    depth_of_discharge: 0.4
  Li-ion:
    cost: 296.678
    lifetime: 16.7158
    annual_cost: 17.74835784108448
    efficiency: 0.948532
    discharge_ratio: 2
    depth_of_discharge: 0.9
  Pb-acid:
    cost: 208.826
    lifetime: 11.5509
    annual_cost: 18.078764425282877
    efficiency: 0.753483
    discharge_ratio: 5
    depth_of_discharge: 0.5
  VRBF:
    cost: 241.498
    lifetime: 19.0367
    annual_cost: 12.685917202036066
    efficiency: 0.771639
    discharge_ratio: 0.5
    depth_of_discharge: 1.0
