cost_values:
  wind_capex: 5000.0
  wind_opex: 100
  wind_lifetime: 20
  solar_capex: 1000.0
  solar_opex: 10
  solar_lifetime: 20
  carbon_price: 1.0
timeseries_values:
  load_level: 236071.66236818826
  wind_year: 2010
  solar_year: 2010
  price_year: 2023
  carbon_year: 2023
storage_values:
  CAES:
    cost: 32.8256
    lifetime: 22.3553
    annual_cost: 1.4683587337230992
    efficiency: 0.603621
    discharge_ratio: 0.1
    depth_of_discharge: 0.4
  Li-ion:
    cost: 271.643
    lifetime: 15.9909
    annual_cost: 16.987349054774903
    efficiency: 0.94875
    discharge_ratio: 2
    depth_of_discharge: 0.9
  Pb-acid:
    cost: 179.966
    lifetime: 11.592
    annual_cost: 15.525017253278122
    efficiency: 0.767876
    discharge_ratio: 5
    depth_of_discharge: 0.5
  VRBF:
    cost: 281.149
    lifetime: 19.1466
    annual_cost: 14.684017005630244
    efficiency: 0.747212
    discharge_ratio: 0.5
    depth_of_discharge: 1.0
