cost_values:
  wind_capex: 5000.0
  wind_opex: 100
  wind_lifetime: 20
  solar_capex: 1000.0
  solar_opex: 10
  solar_lifetime: 20
  carbon_price: 1.0
timeseries_values:
  load_level: 236071.66236818826
  wind_year: 2010
  solar_year: 2010
  price_year: 2023
  carbon_year: 2023
storage_values:
  CAES:
    cost: 36.5317
    lifetime: 23.5667
    annual_cost: 1.5501406645818039
    efficiency: 0.603309
    discharge_ratio: 0.1
    depth_of_discharge: 0.4
  Li-ion:
    cost: 267.778
    lifetime: 15.1366
    annual_cost: 17.690762786887415
    efficiency: 0.941369
    discharge_ratio: 2
    depth_of_discharge: 0.9
  Pb-acid:
    cost: 183.131
    lifetime: 10.4998
    annual_cost: 17.441379835806394
    efficiency: 0.757831
    discharge_ratio: 5
    depth_of_discharge: 0.5
  VRBF:
    cost: 275.953
    lifetime: 20.515
    annual_cost: 13.451279551547646
    efficiency: 0.741496
    discharge_ratio: 0.5
    depth_of_discharge: 1.0
