cost_values:
  wind_capex: 5000.0
  wind_opex: 100
  wind_lifetime: 20
  solar_capex: 1000.0
  solar_opex: 10
  solar_lifetime: 20
  carbon_price: 1.0
timeseries_values:
  load_level: 236071.66236818826
  wind_year: 2010
  solar_year: 2010
  price_year: 2023
  carbon_year: 2023
storage_values:
  CAES:
    cost: 44.7499
    lifetime: 22.0994
    annual_cost: 2.0249373286152563
    efficiency: 0.596872
    discharge_ratio: 0.1
    depth_of_discharge: 0.4
  Li-ion:
    cost: 292.382
    lifetime: 14.1491
    annual_cost: 20.66435320974479
    efficiency: 0.935944
    discharge_ratio: 2
    depth_of_discharge: 0.9
  Pb-acid:
    cost: 199.449
    lifetime: 9.80881
    annual_cost: 20.333659230834325
    efficiency: 0.73174
    discharge_ratio: 5
    depth_of_discharge: 0.5
  VRBF:
    cost: 281.631
    lifetime: 19.5744
    annual_cost: 14.387720696419812
    efficiency: 0.736139
    discharge_ratio: 0.5
    depth_of_discharge: 1.0
