cost_values:
  wind_capex: 5000.0
  wind_opex: 100
  wind_lifetime: 20
  solar_capex: 1000.0
  solar_opex: 10
  solar_lifetime: 20
  carbon_price: 1.0
timeseries_values:
  load_level: 236071.66236818826
  wind_year: 2010
  solar_year: 2010
  price_year: 2023
  carbon_year: 2023
storage_values:
  CAES:
    cost: 45.6109
    lifetime: 22.6669
    annual_cost: 2.0122248741557076
    efficiency: 0.604943
    discharge_ratio: 0.1
    depth_of_discharge: 0.4
  Li-ion:
    cost: 289.457
    lifetime: 16.1293
    annual_cost: 17.94603609580081
    efficiency: 0.927074
    discharge_ratio: 2
    depth_of_discharge: 0.9
  Pb-acid:
    cost: 193.768
    lifetime: 9.69629
    annual_cost: 19.983725734275687
    efficiency: 0.743865
    discharge_ratio: 5
    depth_of_discharge: 0.5
  VRBF:
    cost: 279.363
    lifetime: 19.4673
    annual_cost: 14.350372162549505
    efficiency: 0.734547
    discharge_ratio: 0.5
    depth_of_discharge: 1.0
