cost_values:
  wind_capex: 5000.0
  wind_opex: 100
  wind_lifetime: 20
  solar_capex: 1000.0
  solar_opex: 10
  solar_lifetime: 20
  carbon_price: 1.0
timeseries_values:
  load_level: 236071.66236818826
  wind_year: 2010
  solar_year: 2010
  price_year: 2023
  carbon_year: 2023
storage_values:
  CAES:
    cost: 46.1902
    lifetime: 23.0088
    annual_cost: 2.0075014776954903
    efficiency: 0.592411
    discharge_ratio: 0.1
    depth_of_discharge: 0.4
  Li-ion:
    cost: 282.771
    lifetime: 18.182
    annual_cost: 15.552249477505226
    efficiency: 0.912655
    discharge_ratio: 2
    depth_of_discharge: 0.9
  Pb-acid:
    cost: 200.495
    lifetime: 9.77953
    annual_cost: 20.501496493185257
    efficiency: 0.754857
    discharge_ratio: 5
    depth_of_discharge: 0.5
  VRBF:
    cost: 264.864
    lifetime: 22.2569
    annual_cost: 11.900309566920818
    efficiency: 0.760934
    discharge_ratio: 0.5
    depth_of_discharge: 1.0
