cost_values:
  wind_capex: 5000.0
  wind_opex: 100
  wind_lifetime: 20
  solar_capex: 1000.0
  solar_opex: 10
  solar_lifetime: 20
  carbon_price: 1.0
timeseries_values:
  load_level: 236071.66236818826
  wind_year: 2010
  solar_year: 2010
  price_year: 2023
  carbon_year: 2023
storage_values:
  CAES:
    cost: 43.2592
    lifetime: 22.3648
    annual_cost: 1.934253827443125
    efficiency: 0.599802
    discharge_ratio: 0.1
    depth_of_discharge: 0.4
  Li-ion:
    cost: 291.479
    lifetime: 15.7891
    annual_cost: 18.460773571641194
    efficiency: 0.94124
    discharge_ratio: 2
    depth_of_discharge: 0.9
  Pb-acid:
    cost: 196.304
    lifetime: 10.046
    annual_cost: 19.540513637268567
    efficiency: 0.743202
    discharge_ratio: 5
    depth_of_discharge: 0.5
  VRBF:
    cost: 286.634
    lifetime: 19.3719
    annual_cost: 14.79638032407766
    efficiency: 0.748369
    discharge_ratio: 0.5
    depth_of_discharge: 1.0
