cost_values:
  wind_capex: 5000.0
  wind_opex: 100
  wind_lifetime: 20
  solar_capex: 1000.0
  solar_opex: 10
  solar_lifetime: 20
  carbon_price: 1.0
timeseries_values:
  load_level: 236071.66236818826
  wind_year: 2010
  solar_year: 2010
  price_year: 2023
  carbon_year: 2023
storage_values:
  CAES:
    cost: 43.2812
    lifetime: 21.8385
    annual_cost: 1.9818760446001327
    efficiency: 0.597553
    discharge_ratio: 0.1
    depth_of_discharge: 0.4
  Li-ion:
    cost: 297.023
    lifetime: 15.6639
    annual_cost: 18.962263548669235
    efficiency: 0.939134
    discharge_ratio: 2
    depth_of_discharge: 0.9
  Pb-acid:
    cost: 180.505
    lifetime: 9.28932
    annual_cost: 19.431454616699607
    efficiency: 0.734256
    discharge_ratio: 5
    depth_of_discharge: 0.5
  VRBF:
    cost: 255.648
    lifetime: 21.8625
    annual_cost: 11.69344768439108
    efficiency: 0.74058
    discharge_ratio: 0.5
    depth_of_discharge: 1.0
