cost_values:
  wind_capex: 5000.0
  wind_opex: 100
  wind_lifetime: 20
  solar_capex: 1000.0
  solar_opex: 10
  solar_lifetime: 20
  carbon_price: 1.0
timeseries_values:
  load_level: 236071.66236818826
  wind_year: 2010
  solar_year: 2010
  price_year: 2023
  carbon_year: 2023
storage_values:
  CAES:
    cost: 38.0632
    lifetime: 22.3477
    annual_cost: 1.7032267302675443
    efficiency: 0.584125
    discharge_ratio: 0.1
    depth_of_discharge: 0.4
  Li-ion:
    cost: 297.929
    lifetime: 14.8419
    annual_cost: 20.073508108800084
    efficiency: 0.939536
    discharge_ratio: 2
    depth_of_discharge: 0.9
  Pb-acid:
    cost: 185.415
    lifetime: 11.2452
    annual_cost: 16.488368370504748
    efficiency: 0.764254
    discharge_ratio: 5
    depth_of_discharge: 0.5
  VRBF:
    cost: 229.264
    lifetime: 19.7519
    annual_cost: 11.607187156678599
    efficiency: 0.749708
    discharge_ratio: 0.5
    depth_of_discharge: 1.0
