cost_values:
  wind_capex: 5000.0
  wind_opex: 100
  wind_lifetime: 20
  solar_capex: 1000.0
  solar_opex: 10
  solar_lifetime: 20
  carbon_price: 1.0
timeseries_values:
  load_level: 236071.66236818826
  wind_year: 2010
  solar_year: 2010
  price_year: 2023
  carbon_year: 2023
storage_values:
  CAES:
    cost: 42.9718
    lifetime: 22.2666
    annual_cost: 1.9298770355599868
    efficiency: 0.599705
    discharge_ratio: 0.1
    depth_of_discharge: 0.4
  Li-ion:
    cost: 279.706
    lifetime: 15.2574
    annual_cost: 18.33248128776856
    efficiency: 0.937704
    discharge_ratio: 2
    depth_of_discharge: 0.9
  Pb-acid:
    cost: 195.485
    lifetime: 9.53059
    annual_cost: 20.511321964327497
    efficiency: 0.77493
    discharge_ratio: 5
    depth_of_discharge: 0.5
  VRBF:
    cost: 265.772
    lifetime: 17.4593
    annual_cost: 15.222374321994582
    efficiency: 0.765856
    discharge_ratio: 0.5
    depth_of_discharge: 1.0
