cost_values:
  wind_capex: 5000.0
  wind_opex: 100
  wind_lifetime: 20
  solar_capex: 1000.0
  solar_opex: 10
  solar_lifetime: 20
  carbon_price: 1.0
timeseries_values:
  load_level: 236071.66236818826
  wind_year: 2010
  solar_year: 2010
  price_year: 2023
  carbon_year: 2023
storage_values:
  CAES:
    cost: 43.9423
    lifetime: 23.1848
    annual_cost: 1.8953064076463892
    efficiency: 0.603927
    discharge_ratio: 0.1
    depth_of_discharge: 0.4
  Li-ion:
    cost: 269.141
    lifetime: 16.0002
    annual_cost: 16.82110223622205
    efficiency: 0.930346
    discharge_ratio: 2
    depth_of_discharge: 0.9
  Pb-acid:
    cost: 188.28
    lifetime: 10.8107
    annual_cost: 17.416078514804777
    efficiency: 0.755217
    discharge_ratio: 5
    depth_of_discharge: 0.5
  VRBF:
    cost: 273.286
    lifetime: 19.5751
    annual_cost: 13.960899305750674
    efficiency: 0.747345
    discharge_ratio: 0.5
    depth_of_discharge: 1.0
