cost_values:
  wind_capex: 5000.0
  wind_opex: 100
  wind_lifetime: 20
  solar_capex: 1000.0
  solar_opex: 10
  solar_lifetime: 20
  carbon_price: 1.0
timeseries_values:
  load_level: 236071.66236818826
  wind_year: 2010
  solar_year: 2010
  price_year: 2023
  carbon_year: 2023
storage_values:
  CAES:
    cost: 33.9758
    lifetime: 22.0906
    annual_cost: 1.5380206965858783
    efficiency: 0.587388
    discharge_ratio: 0.1
    depth_of_discharge: 0.4
  Li-ion:
    cost: 286.01
    lifetime: 14.9233
    annual_cost: 19.165332064623776
    efficiency: 0.936481
    discharge_ratio: 2
    depth_of_discharge: 0.9
  Pb-acid:
    cost: 187.225
    lifetime: 9.56637
    annual_cost: 19.571164401962292
    efficiency: 0.761874
    discharge_ratio: 5
    depth_of_discharge: 0.5
  VRBF:
    cost: 280.495
    lifetime: 20.5706
    annual_cost: 13.635722827725006
    efficiency: 0.769959
    discharge_ratio: 0.5
    depth_of_discharge: 1.0
