cost_values:
  wind_capex: 5000.0
  wind_opex: 100
  wind_lifetime: 20
  solar_capex: 1000.0
  solar_opex: 10
  solar_lifetime: 20
  carbon_price: 1.0
timeseries_values:
  load_level: 236071.66236818826
  wind_year: 2010
  solar_year: 2010
  price_year: 2023
  carbon_year: 2023
storage_values:
  CAES:
    cost: 35.3678
    lifetime: 22.6967
    annual_cost: 1.5582793974454436
    efficiency: 0.596879
    discharge_ratio: 0.1
    depth_of_discharge: 0.4
  Li-ion:
    cost: 293.904
    lifetime: 15.8452
    annual_cost: 18.548456314846135
    efficiency: 0.951664
    discharge_ratio: 2
    depth_of_discharge: 0.9
  Pb-acid:
    cost: 221.392
    lifetime: 9.88903
    annual_cost: 22.38763559216627
    efficiency: 0.756889
    discharge_ratio: 5
    depth_of_discharge: 0.5
  VRBF:
    cost: 271.77
    lifetime: 20.6962
    annual_cost: 13.131396101699828
    efficiency: 0.755918
    discharge_ratio: 0.5
    depth_of_discharge: 1.0
