cost_values:
  wind_capex: 5000.0
  wind_opex: 100
  wind_lifetime: 20
  solar_capex: 1000.0
  solar_opex: 10
  solar_lifetime: 20
  carbon_price: 1.0
timeseries_values:
  load_level: 236071.66236818826
  wind_year: 2010
  solar_year: 2010
  price_year: 2023
  carbon_year: 2023
storage_values:
  CAES:
    cost: 39.0619
    lifetime: 23.2625
    annual_cost: 1.679178936055884
    efficiency: 0.598366
    discharge_ratio: 0.1
    depth_of_discharge: 0.4
  Li-ion:
    cost: 285.342
    lifetime: 14.1608
    annual_cost: 20.150132760860966
    efficiency: 0.937905
    discharge_ratio: 2
    depth_of_discharge: 0.9
  Pb-acid:
    cost: 205.582
    lifetime: 9.04923
    annual_cost: 22.718176021606258
    efficiency: 0.752543
    discharge_ratio: 5
    depth_of_discharge: 0.5
  VRBF:
    cost: 279.047
    lifetime: 19.9042
    annual_cost: 14.019503421388452
    efficiency: 0.776405
    discharge_ratio: 0.5
    depth_of_discharge: 1.0
