cost_values:
  wind_capex: 5000.0
  wind_opex: 100
  wind_lifetime: 20
  solar_capex: 1000.0
  solar_opex: 10
  solar_lifetime: 20
  carbon_price: 1.0
timeseries_values:
  load_level: 236071.66236818826
  wind_year: 2010
  solar_year: 2010
  price_year: 2023
  carbon_year: 2023
storage_values:
  CAES:
    cost: 43.4387
    lifetime: 22.7877
    annual_cost: 1.906234503701558
    efficiency: 0.591901
    discharge_ratio: 0.1
    depth_of_discharge: 0.4
  Li-ion:
    cost: 273.943
    lifetime: 16.1103
    annual_cost: 17.00421469494671
    efficiency: 0.925062
    discharge_ratio: 2
    depth_of_discharge: 0.9
  Pb-acid:
    cost: 200.904
    lifetime: 8.41679
    annual_cost: 23.869432408317184
    efficiency: 0.746642
    discharge_ratio: 5
    depth_of_discharge: 0.5
  VRBF:
    cost: 254.0
    lifetime: 19.5781
    annual_cost: 12.97367977485047
    efficiency: 0.766273
    discharge_ratio: 0.5
    depth_of_discharge: 1.0
