cost_values:
  wind_capex: 5000.0
  wind_opex: 100
  wind_lifetime: 20
  solar_capex: 1000.0
  solar_opex: 10
  solar_lifetime: 20
  carbon_price: 1.0
timeseries_values:
  load_level: 236071.66236818826
  wind_year: 2010
  solar_year: 2010
  price_year: 2023
  carbon_year: 2023
storage_values:
  CAES:
    cost: 38.1133
    lifetime: 22.6682
    annual_cost: 1.6813553789008393
    efficiency: 0.607742
    discharge_ratio: 0.1
    depth_of_discharge: 0.4
  Li-ion:
    cost: 283.193
    lifetime: 16.3277
    annual_cost: 17.344328962438063
    efficiency: 0.930454
    discharge_ratio: 2
    depth_of_discharge: 0.9
  Pb-acid:
    cost: 214.386
    lifetime: 9.61752
    annual_cost: 22.291193571731586
    efficiency: 0.751763
    discharge_ratio: 5
    depth_of_discharge: 0.5
  VRBF:
    cost: 260.373
    lifetime: 20.8977
    annual_cost: 12.459409408690908
    efficiency: 0.762768
    discharge_ratio: 0.5
    depth_of_discharge: 1.0
