cost_values:
  wind_capex: 5000.0
  wind_opex: 100
  wind_lifetime: 20
  solar_capex: 1000.0
  solar_opex: 10
  solar_lifetime: 20
  carbon_price: 1.0
timeseries_values:
  load_level: 236071.66236818826
  wind_year: 2010
  solar_year: 2010
  price_year: 2023
  carbon_year: 2023
storage_values:
  CAES:
    cost: 34.7446
    lifetime: 23.7126
    annual_cost: 1.4652378904042578
    efficiency: 0.60058
    discharge_ratio: 0.1
    depth_of_discharge: 0.4
  Li-ion:
    cost: 265.914
    lifetime: 14.2261
    annual_cost: 18.691981639381137
    efficiency: 0.93843
    discharge_ratio: 2
    depth_of_discharge: 0.9
  Pb-acid:
    cost: 193.804
    lifetime: 9.47314
    annual_cost: 20.458264102504554
    efficiency: 0.762555
    discharge_ratio: 5
    depth_of_discharge: 0.5
  VRBF:
    cost: 249.211
    lifetime: 19.698
    annual_cost: 12.651588993806477
    efficiency: 0.752811
    discharge_ratio: 0.5
    depth_of_discharge: 1.0
