cost_values:
  wind_capex: 5000.0
  wind_opex: 100
  wind_lifetime: 20
  solar_capex: 1000.0
  solar_opex: 10
  solar_lifetime: 20
  carbon_price: 1.0
timeseries_values:
  load_level: 236071.66236818826
  wind_year: 2010
  solar_year: 2010
  price_year: 2023
  carbon_year: 2023
storage_values:
  CAES:
    cost: 40.9828
    lifetime: 22.6764
    annual_cost: 1.8072886348803159
    efficiency: 0.584773
    discharge_ratio: 0.1
    depth_of_discharge: 0.4
  Li-ion:
    cost: 283.366
    lifetime: 15.7034
    annual_cost: 18.044882000076417
    efficiency: 0.945653
    discharge_ratio: 2
    depth_of_discharge: 0.9
  Pb-acid:
    cost: 188.719
    lifetime: 11.2675
    annual_cost: 16.748968271577546
    efficiency: 0.747666
    discharge_ratio: 5
    depth_of_discharge: 0.5
  VRBF:
    cost: 272.905
    lifetime: 21.7128
    annual_cost: 12.568853395232303
    efficiency: 0.769085
    discharge_ratio: 0.5
    depth_of_discharge: 1.0
