cost_values:
  wind_capex: 5000.0
  wind_opex: 100
  wind_lifetime: 20
  solar_capex: 1000.0
  solar_opex: 10
  solar_lifetime: 20
  carbon_price: 1.0
timeseries_values:
  load_level: 236071.66236818826
  wind_year: 2010
  solar_year: 2010
  price_year: 2023
  carbon_year: 2023
storage_values:
  CAES:
    cost: 40.4339
    lifetime: 22.8141
    annual_cost: 1.7723206262793625
    efficiency: 0.598375
    discharge_ratio: 0.1
    depth_of_discharge: 0.4
  Li-ion:
    cost: 273.397
    lifetime: 16.4825
    annual_cost: 16.58710753829819
    efficiency: 0.933603
    discharge_ratio: 2
    depth_of_discharge: 0.9
  Pb-acid:
    cost: 171.185
    lifetime: 9.43635
    annual_cost: 18.141018508215573
    efficiency: 0.751235
    discharge_ratio: 5
    depth_of_discharge: 0.5
  VRBF:
    cost: 270.521
    lifetime: 17.6328
    annual_cost: 15.341919604373668
    efficiency: 0.741322
    discharge_ratio: 0.5
    depth_of_discharge: 1.0
