cost_values:
  wind_capex: 5000.0
  wind_opex: 100
  wind_lifetime: 20
  solar_capex: 1000.0
  solar_opex: 10
  solar_lifetime: 20
  carbon_price: 1.0
timeseries_values:
  load_level: 236071.66236818826
  wind_year: 2010
  solar_year: 2010
  price_year: 2023
  carbon_year: 2023
storage_values:
  CAES:
    cost: 45.7361
    lifetime: 21.8854
    annual_cost: 2.0897995924223456
    efficiency: 0.588609
    discharge_ratio: 0.1
    depth_of_discharge: 0.4
  Li-ion:
    cost: 267.882
    lifetime: 15.7995
    annual_cost: 16.955093515617584
    efficiency: 0.932666
    discharge_ratio: 2
    depth_of_discharge: 0.9
  Pb-acid:
    cost: 181.798
    lifetime: 8.67968
    annual_cost: 20.94524222091137
    efficiency: 0.755922
    discharge_ratio: 5
    depth_of_discharge: 0.5
  VRBF:
    cost: 252.332
    lifetime: 20.6736
    annual_cost: 12.205518148750096
    efficiency: 0.746059
    discharge_ratio: 0.5
    depth_of_discharge: 1.0
