cost_values:
  wind_capex: 5000.0
  wind_opex: 100
  wind_lifetime: 20
  solar_capex: 1000.0
  solar_opex: 10
  solar_lifetime: 20
  carbon_price: 1.0
timeseries_values:
  load_level: 236071.66236818826
  wind_year: 2010
  solar_year: 2010
  price_year: 2023
  carbon_year: 2023
storage_values:
  CAES:
    cost: 41.1122
    lifetime: 22.5225
    annual_cost: 1.8253835053835055
    efficiency: 0.594142
    discharge_ratio: 0.1
    depth_of_discharge: 0.4
  Li-ion:
    cost: 285.029
    lifetime: 17.4396
    annual_cost: 16.343780820661024
    efficiency: 0.952137
    discharge_ratio: 2
    depth_of_discharge: 0.9
  Pb-acid:
    cost: 206.044
    lifetime: 10.9385
    annual_cost: 18.83658636924624
    efficiency: 0.737039
    discharge_ratio: 5
    depth_of_discharge: 0.5
  VRBF:
    cost: 251.69
    lifetime: 20.0316
    annual_cost: 12.564647856386909
    efficiency: 0.781549
    discharge_ratio: 0.5
    depth_of_discharge: 1.0
