cost_values:
  wind_capex: 5000.0
  wind_opex: 100
  wind_lifetime: 20
  solar_capex: 1000.0
  solar_opex: 10
  solar_lifetime: 20
  carbon_price: 1.0
timeseries_values:
  load_level: 236071.66236818826
  wind_year: 2010
  solar_year: 2010
  price_year: 2023
  carbon_year: 2023
storage_values:
  CAES:
    cost: 43.1806
    lifetime: 22.3513
    annual_cost: 1.931905526747885
    efficiency: 0.592266
    discharge_ratio: 0.1
    depth_of_discharge: 0.4
  Li-ion:
    cost: 284.423
    lifetime: 15.4414
    annual_cost: 18.419508593780357
    efficiency: 0.938848
    discharge_ratio: 2
    depth_of_discharge: 0.9
  Pb-acid:
    cost: 200.698
    lifetime: 11.5954
    annual_cost: 17.30841540610932
    efficiency: 0.744131
    discharge_ratio: 5
    depth_of_discharge: 0.5
  VRBF:
    cost: 260.706
    lifetime: 22.2563
    annual_cost: 11.713806877153885
    efficiency: 0.744588
    discharge_ratio: 0.5
    depth_of_discharge: 1.0
