cost_values:
  wind_capex: 5000.0
  wind_opex: 100
  wind_lifetime: 20
  solar_capex: 1000.0
  solar_opex: 10
  solar_lifetime: 20
  carbon_price: 1.0
timeseries_values:
  load_level: 236071.66236818826
  wind_year: 2010
  solar_year: 2010
  price_year: 2023
  carbon_year: 2023
storage_values:
  CAES:
    cost: 35.5509
    lifetime: 22.7137
    annual_cost: 1.5651743221051613
    efficiency: 0.598148
    discharge_ratio: 0.1
    depth_of_discharge: 0.4
  Li-ion:
    cost: 275.856
    lifetime: 16.8252
    annual_cost: 16.3954068896655
    efficiency: 0.95641
    discharge_ratio: 2
    depth_of_discharge: 0.9
  Pb-acid:
    cost: 206.372
    lifetime: 10.8562
    annual_cost: 19.009598201949117
    efficiency: 0.734544
    discharge_ratio: 5
    depth_of_discharge: 0.5
  VRBF:
    cost: 278.894
    lifetime: 21.1521
    annual_cost: 13.185168375716831
    efficiency: 0.740378
    discharge_ratio: 0.5
    depth_of_discharge: 1.0
