cost_values:
  wind_capex: 5000.0
  wind_opex: 100
  wind_lifetime: 20
  solar_capex: 1000.0
  solar_opex: 10
  solar_lifetime: 20
  carbon_price: 1.0
timeseries_values:
  load_level: 236071.66236818826
  wind_year: 2010
  solar_year: 2010
  price_year: 2023
  carbon_year: 2023
storage_values:
  CAES:
    cost: 39.4922
    lifetime: 21.7165
    annual_cost: 1.8185342942002622
    efficiency: 0.604584
    discharge_ratio: 0.1
    depth_of_discharge: 0.4
  Li-ion:
    cost: 279.53
    lifetime: 15.9277
    annual_cost: 17.549928740496114
    efficiency: 0.950685
    discharge_ratio: 2
    depth_of_discharge: 0.9
  Pb-acid:
    cost: 215.088
    lifetime: 9.10402
    annual_cost: 23.625607149369177
    efficiency: 0.753257
    discharge_ratio: 5
    depth_of_discharge: 0.5
  VRBF:
    cost: 254.427
    lifetime: 19.0727
    annual_cost: 13.339852249550404
    efficiency: 0.740044
    discharge_ratio: 0.5
    depth_of_discharge: 1.0
