cost_values:
  wind_capex: 5000.0
  wind_opex: 100
  wind_lifetime: 20
  solar_capex: 1000.0
  solar_opex: 10
  solar_lifetime: 20
  carbon_price: 1.0
timeseries_values:
  load_level: 236071.66236818826
  wind_year: 2010
  solar_year: 2010
  price_year: 2023
  carbon_year: 2023
storage_values:
  CAES:
    cost: 42.8132
    lifetime: 22.8478
    annual_cost: 1.8738434335034446
    efficiency: 0.589619
    discharge_ratio: 0.1
    depth_of_discharge: 0.4
  Li-ion:
    cost: 291.58
    lifetime: 15.42
    annual_cost: 18.909208819714657
    efficiency: 0.958472
    discharge_ratio: 2
    depth_of_discharge: 0.9
  Pb-acid:
    cost: 200.354
    lifetime: 10.587
    annual_cost: 18.924530084065363
    efficiency: 0.772397
    discharge_ratio: 5
    depth_of_discharge: 0.5
  VRBF:
    cost: 282.541
    lifetime: 18.8392
    annual_cost: 14.9975052019194
    efficiency: 0.736718
    discharge_ratio: 0.5
    depth_of_discharge: 1.0
