cost_values:
  wind_capex: 5000.0
  wind_opex: 100
  wind_lifetime: 20
  solar_capex: 1000.0
  solar_opex: 10
  solar_lifetime: 20
  carbon_price: 1.0
timeseries_values:
  load_level: 236071.66236818826
  wind_year: 2010
  solar_year: 2010
  price_year: 2023
  carbon_year: 2023
storage_values:
  CAES:
    cost: 43.9038
    lifetime: 22.2752
    annual_cost: 1.9709722022697886
    efficiency: 0.594105
    discharge_ratio: 0.1
    depth_of_discharge: 0.4
  Li-ion:
    cost: 277.621
    lifetime: 15.6932
    annual_cost: 17.69052838171947
    efficiency: 0.932435
    discharge_ratio: 2
    depth_of_discharge: 0.9
  Pb-acid:
    cost: 184.259
    lifetime: 9.32031
    annual_cost: 19.769621396713198
    efficiency: 0.751071
    discharge_ratio: 5
    depth_of_discharge: 0.5
  VRBF:
    cost: 255.144
    lifetime: 21.0387
    annual_cost: 12.127365283976673
    efficiency: 0.752218
    discharge_ratio: 0.5
    depth_of_discharge: 1.0
