cost_values:
  wind_capex: 5000.0
  wind_opex: 100
  wind_lifetime: 20
  solar_capex: 1000.0
  solar_opex: 10
  solar_lifetime: 20
  carbon_price: 1.0
timeseries_values:
  load_level: 236071.66236818826
  wind_year: 2010
  solar_year: 2010
  price_year: 2023
  carbon_year: 2023
storage_values:
  CAES:
    cost: 40.8783
    lifetime: 21.5502
    annual_cost: 1.8968872678675837
    efficiency: 0.596313
    discharge_ratio: 0.1
    depth_of_discharge: 0.4
  Li-ion:
    cost: 298.552
    lifetime: 16.304
    annual_cost: 18.31157998037292
    efficiency: 0.947674
    discharge_ratio: 2
    depth_of_discharge: 0.9
  Pb-acid:
    cost: 211.696
    lifetime: 9.30742
    annual_cost: 22.744863775353426
    efficiency: 0.733485
    discharge_ratio: 5
    depth_of_discharge: 0.5
  VRBF:
    cost: 263.762
    lifetime: 20.9472
    annual_cost: 12.591754506568899
    efficiency: 0.755216
    discharge_ratio: 0.5
    depth_of_discharge: 1.0
