cost_values:
  wind_capex: 5000.0
  wind_opex: 100
  wind_lifetime: 20
  solar_capex: 1000.0
  solar_opex: 10
  solar_lifetime: 20
  carbon_price: 1.0
timeseries_values:
  load_level: 236071.66236818826
  wind_year: 2010
  solar_year: 2010
  price_year: 2023
  carbon_year: 2023
storage_values:
  CAES:
    cost: 38.7746
    lifetime: 22.3004
    annual_cost: 1.7387401122849815
    efficiency: 0.59106
    discharge_ratio: 0.1
    depth_of_discharge: 0.4
  Li-ion:
    cost: 272.567
    lifetime: 15.1778
    annual_cost: 17.95826799667936
    efficiency: 0.939795
    discharge_ratio: 2
    depth_of_discharge: 0.9
  Pb-acid:
    cost: 181.853
    lifetime: 12.101
    annual_cost: 15.027931575902818
    efficiency: 0.756314
    discharge_ratio: 5
    depth_of_discharge: 0.5
  VRBF:
    cost: 273.685
    lifetime: 19.1755
    annual_cost: 14.272639566113009
    efficiency: 0.748143
    discharge_ratio: 0.5
    depth_of_discharge: 1.0
