cost_values:
  wind_capex: 5000.0
  wind_opex: 100
  wind_lifetime: 20
  solar_capex: 1000.0
  solar_opex: 10
  solar_lifetime: 20
  carbon_price: 1.0
timeseries_values:
  load_level: 236071.66236818826
  wind_year: 2010
  solar_year: 2010
  price_year: 2023
  carbon_year: 2023
storage_values:
  CAES:
    cost: 44.0465
    lifetime: 22.7521
    annual_cost: 1.9359311887693884
    efficiency: 0.599651
    discharge_ratio: 0.1
    depth_of_discharge: 0.4
  Li-ion:
    cost: 279.737
    lifetime: 16.2804
    annual_cost: 17.182440234883664
    efficiency: 0.950973
    discharge_ratio: 2
    depth_of_discharge: 0.9
  Pb-acid:
    cost: 198.485
    lifetime: 9.80958
    annual_cost: 20.233791864687376
    efficiency: 0.742255
    discharge_ratio: 5
    depth_of_discharge: 0.5
  VRBF:
    cost: 275.009
    lifetime: 20.3552
    annual_cost: 13.510503458575696
    efficiency: 0.762369
    discharge_ratio: 0.5
    depth_of_discharge: 1.0
