cost_values:
  wind_capex: 5000.0
  wind_opex: 100
  wind_lifetime: 20
  solar_capex: 1000.0
  solar_opex: 10
  solar_lifetime: 20
  carbon_price: 1.0
timeseries_values:
  load_level: 236071.66236818826
  wind_year: 2010
  solar_year: 2010
  price_year: 2023
  carbon_year: 2023
storage_values:
  CAES:
    cost: 42.798
    lifetime: 23.2485
    annual_cost: 1.840892960836183
    efficiency: 0.597454
    discharge_ratio: 0.1
    depth_of_discharge: 0.4
  Li-ion:
    cost: 287.219
    lifetime: 15.7005
    annual_cost: 18.293621222254068
    efficiency: 0.930262
    discharge_ratio: 2
    depth_of_discharge: 0.9
  Pb-acid:
    cost: 194.329
    lifetime: 11.5787
    annual_cost: 16.783317643604207
    efficiency: 0.761251
    discharge_ratio: 5
    depth_of_discharge: 0.5
  VRBF:
    cost: 273.634
    lifetime: 21.6221
    annual_cost: 12.655292501653403
    efficiency: 0.743056
    discharge_ratio: 0.5
    depth_of_discharge: 1.0
