cost_values:
  wind_capex: 5000.0
  wind_opex: 100
  wind_lifetime: 20
  solar_capex: 1000.0
  solar_opex: 10
  solar_lifetime: 20
  carbon_price: 1.0
timeseries_values:
  load_level: 236071.66236818826
  wind_year: 2010
  solar_year: 2010
  price_year: 2023
  carbon_year: 2023
storage_values:
  CAES:
    cost: 44.4734
    lifetime: 22.5411
    annual_cost: 1.9729915576435932
    efficiency: 0.59322
    discharge_ratio: 0.1
    depth_of_discharge: 0.4
  Li-ion:
    cost: 284.011
    lifetime: 17.3656
    annual_cost: 16.35480490164463
    efficiency: 0.94325
    discharge_ratio: 2
    depth_of_discharge: 0.9
  Pb-acid:
    cost: 190.093
    lifetime: 11.3347
    annual_cost: 16.770889392749698
    efficiency: 0.744705
    discharge_ratio: 5
    depth_of_discharge: 0.5
  VRBF:
    cost: 262.058
    lifetime: 19.3982
    annual_cost: 13.509397779175387
    efficiency: 0.742613
    discharge_ratio: 0.5
    depth_of_discharge: 1.0
