cost_values:
  wind_capex: 5000.0
  wind_opex: 100
  wind_lifetime: 20
  solar_capex: 1000.0
  solar_opex: 10
  solar_lifetime: 20
  carbon_price: 1.0
timeseries_values:
  load_level: 236071.66236818826
  wind_year: 2010
  solar_year: 2010
  price_year: 2023
  carbon_year: 2023
storage_values:
  CAES:
    cost: 37.1925
    lifetime: 22.1215
    annual_cost: 1.6812829148113826
    efficiency: 0.600509
    discharge_ratio: 0.1
    depth_of_discharge: 0.4
  Li-ion:
    cost: 293.754
    lifetime: 18.9889
    annual_cost: 15.469774447177036
    efficiency: 0.947731
    discharge_ratio: 2
    depth_of_discharge: 0.9
  Pb-acid:
    cost: 209.365
    lifetime: 11.9081
    annual_cost: 17.58173008288476
    efficiency: 0.74927
    discharge_ratio: 5
    depth_of_discharge: 0.5
  VRBF:
    cost: 261.153
    lifetime: 19.2011
    annual_cost: 13.600939529506123
    efficiency: 0.758389
    discharge_ratio: 0.5
    depth_of_discharge: 1.0
