cost_values:
  wind_capex: 5000.0
  wind_opex: 100
  wind_lifetime: 20
  solar_capex: 1000.0
  solar_opex: 10
  solar_lifetime: 20
  carbon_price: 1.0
timeseries_values:
  load_level: 236071.66236818826
  wind_year: 2010
  solar_year: 2010
  price_year: 2023
  carbon_year: 2023
storage_values:
  CAES:
    cost: 37.8935
    lifetime: 22.5063
    annual_cost: 1.6836841240008356
    efficiency: 0.594648
    discharge_ratio: 0.1
    depth_of_discharge: 0.4
  Li-ion:
    cost: 283.238
    lifetime: 17.4151
    annual_cost: 16.263931875211743
    efficiency: 0.960761
    discharge_ratio: 2
    depth_of_discharge: 0.9
  Pb-acid:
    cost: 186.656
    lifetime: 10.2526
    annual_cost: 18.205723426252856
    efficiency: 0.752382
    discharge_ratio: 5
    depth_of_discharge: 0.5
  VRBF:
    cost: 303.712
    lifetime: 21.8153
    annual_cost: 13.921972193827267
    efficiency: 0.743861
    discharge_ratio: 0.5
    depth_of_discharge: 1.0
