cost_values:
  wind_capex: 5000.0
  wind_opex: 100
  wind_lifetime: 20
  solar_capex: 1000.0
  solar_opex: 10
  solar_lifetime: 20
  carbon_price: 1.0
timeseries_values:
  load_level: 236071.66236818826
  wind_year: 2010
  solar_year: 2010
  price_year: 2023
  carbon_year: 2023
storage_values:
  CAES:
    cost: 41.4676
    lifetime: 22.1617
    annual_cost: 1.871138044464098
    efficiency: 0.58611
    discharge_ratio: 0.1
    depth_of_discharge: 0.4
  Li-ion:
    cost: 274.434
    lifetime: 15.7017
    annual_cost: 17.47798009132769
    efficiency: 0.925909
    discharge_ratio: 2
    depth_of_discharge: 0.9
  Pb-acid:
    cost: 176.893
    lifetime: 10.5618
    annual_cost: 16.74837622374974
    efficiency: 0.737276
    discharge_ratio: 5
    depth_of_discharge: 0.5
  VRBF:
    cost: 268.421
    lifetime: 19.4232
    annual_cost: 13.819607479714978
    efficiency: 0.737465
    discharge_ratio: 0.5
    depth_of_discharge: 1.0
