cost_values:
  wind_capex: 5000.0
  wind_opex: 100
  wind_lifetime: 20
  solar_capex: 1000.0
  solar_opex: 10
  solar_lifetime: 20
  carbon_price: 1.0
timeseries_values:
  load_level: 236071.66236818826
  wind_year: 2010
  solar_year: 2010
  price_year: 2023
  carbon_year: 2023
storage_values:
  CAES:
    cost: 45.4184
    lifetime: 22.2699
    annual_cost: 2.039452354972407
    efficiency: 0.59908
    discharge_ratio: 0.1
    depth_of_discharge: 0.4
  Li-ion:
    cost: 282.528
    lifetime: 15.7956
    annual_cost: 17.88650003798526
    efficiency: 0.938918
    discharge_ratio: 2
    depth_of_discharge: 0.9
  Pb-acid:
    cost: 225.437
    lifetime: 10.2466
    annual_cost: 22.00115160150684
    efficiency: 0.737193
    discharge_ratio: 5
    depth_of_discharge: 0.5
  VRBF:
    cost: 284.621
    lifetime: 19.9737
    annual_cost: 14.24978847184047
    efficiency: 0.757653
    discharge_ratio: 0.5
    depth_of_discharge: 1.0
