cost_values:
  wind_capex: 5000.0
  wind_opex: 100
  wind_lifetime: 20
  solar_capex: 1000.0
  solar_opex: 10
  solar_lifetime: 20
  carbon_price: 1.0
timeseries_values:
  load_level: 236071.66236818826
  wind_year: 2010
  solar_year: 2010
  price_year: 2023
  carbon_year: 2023
storage_values:
  CAES:
    cost: 37.3275
    lifetime: 22.2955
    annual_cost: 1.6742167702002646
    efficiency: 0.584418
    discharge_ratio: 0.1
    depth_of_discharge: 0.4
  Li-ion:
    cost: 283.991
    lifetime: 15.8872
    annual_cost: 17.87545948940027
    efficiency: 0.944984
    discharge_ratio: 2
    depth_of_discharge: 0.9
  Pb-acid:
    cost: 206.046
    lifetime: 12.0833
    annual_cost: 17.052129798978754
    efficiency: 0.76079
    discharge_ratio: 5
    depth_of_discharge: 0.5
  VRBF:
    cost: 259.321
    lifetime: 19.7948
    annual_cost: 13.100460727059634
    efficiency: 0.757882
    discharge_ratio: 0.5
    depth_of_discharge: 1.0
