cost_values:
  wind_capex: 5000.0
  wind_opex: 100
  wind_lifetime: 20
  solar_capex: 1000.0
  solar_opex: 10
  solar_lifetime: 20
  carbon_price: 1.0
timeseries_values:
  load_level: 236071.66236818826
  wind_year: 2010
  solar_year: 2010
  price_year: 2023
  carbon_year: 2023
storage_values:
  CAES:
    cost: 43.7649
    lifetime: 23.5267
    annual_cost: 1.8602226406593356
    efficiency: 0.586537
    discharge_ratio: 0.1
    depth_of_discharge: 0.4
  Li-ion:
    cost: 284.99
    lifetime: 16.5107
    annual_cost: 17.260927761996765
    efficiency: 0.938728
    discharge_ratio: 2
    depth_of_discharge: 0.9
  Pb-acid:
    cost: 192.98
    lifetime: 10.7455
    annual_cost: 17.959145688893024
    efficiency: 0.747017
    discharge_ratio: 5
    depth_of_discharge: 0.5
  VRBF:
    cost: 254.502
    lifetime: 19.5016
    annual_cost: 13.05031382040448
    efficiency: 0.74905
    discharge_ratio: 0.5
    depth_of_discharge: 1.0
