cost_values:
  wind_capex: 5000.0
  wind_opex: 100
  wind_lifetime: 20
  solar_capex: 1000.0
  solar_opex: 10
  solar_lifetime: 20
  carbon_price: 1.0
timeseries_values:
  load_level: 236071.66236818826
  wind_year: 2010
  solar_year: 2010
  price_year: 2023
  carbon_year: 2023
storage_values:
  CAES:
    cost: 42.3266
    lifetime: 22.8741
    annual_cost: 1.8504159726502902
    efficiency: 0.594471
    discharge_ratio: 0.1
    depth_of_discharge: 0.4
  Li-ion:
    cost: 291.324
    lifetime: 16.3445
    annual_cost: 17.823977484780812
    efficiency: 0.936136
    discharge_ratio: 2
    depth_of_discharge: 0.9
  Pb-acid:
    cost: 208.825
    lifetime: 8.74876
    annual_cost: 23.869096877728953
    efficiency: 0.745887
    discharge_ratio: 5
    depth_of_discharge: 0.5
  VRBF:
    cost: 233.896
    lifetime: 19.9459
    annual_cost: 11.726520237241738
    efficiency: 0.771951
    discharge_ratio: 0.5
    depth_of_discharge: 1.0
