cost_values:
  wind_capex: 5000.0
  wind_opex: 100
  wind_lifetime: 20
  solar_capex: 1000.0
  solar_opex: 10
  solar_lifetime: 20
  carbon_price: 1.0
timeseries_values:
  load_level: 236071.66236818826
  wind_year: 2010
  solar_year: 2010
  price_year: 2023
  carbon_year: 2023
storage_values:
  CAES:
    cost: 36.6874
    lifetime: 22.5033
    annual_cost: 1.6303119986846373
    efficiency: 0.591134
    discharge_ratio: 0.1
    depth_of_discharge: 0.4
  Li-ion:
    cost: 276.951
    lifetime: 16.3454
    annual_cost: 16.943666107895798
    efficiency: 0.939105
    discharge_ratio: 2
    depth_of_discharge: 0.9
  Pb-acid:
    cost: 216.378
    lifetime: 10.1634
    annual_cost: 21.28992266367554
    efficiency: 0.753942
    discharge_ratio: 5
    depth_of_discharge: 0.5
  VRBF:
    cost: 229.127
    lifetime: 21.1756
    annual_cost: 10.820330946938931
    efficiency: 0.757292
    discharge_ratio: 0.5
    depth_of_discharge: 1.0
