cost_values:
  wind_capex: 5000.0
  wind_opex: 100
  wind_lifetime: 20
  solar_capex: 1000.0
  solar_opex: 10
  solar_lifetime: 20
  carbon_price: 1.0
timeseries_values:
  load_level: 236071.66236818826
  wind_year: 2010
  solar_year: 2010
  price_year: 2023
  carbon_year: 2023
storage_values:
  CAES:
    cost: 36.5
    lifetime: 21.7457
    annual_cost: 1.6784927594880827
    efficiency: 0.596237
    discharge_ratio: 0.1
    depth_of_discharge: 0.4
  Li-ion:
    cost: 285.233
    lifetime: 14.2436
    annual_cost: 20.025344716223426
    efficiency: 0.939798
    discharge_ratio: 2
    depth_of_discharge: 0.9
  Pb-acid:
    cost: 185.517
    lifetime: 10.2868
    annual_cost: 18.034471361356303
    efficiency: 0.746143
    discharge_ratio: 5
    depth_of_discharge: 0.5
  VRBF:
    cost: 275.553
    lifetime: 20.782
    annual_cost: 13.259214705033202
    efficiency: 0.764114
    discharge_ratio: 0.5
    depth_of_discharge: 1.0
