cost_values:
  wind_capex: 5000.0
  wind_opex: 100
  wind_lifetime: 20
  solar_capex: 1000.0
  solar_opex: 10
  solar_lifetime: 20
  carbon_price: 1.0
timeseries_values:
  load_level: 236071.66236818826
  wind_year: 2010
  solar_year: 2010
  price_year: 2023
  carbon_year: 2023
storage_values:
  CAES:
    cost: 41.3223
    lifetime: 22.182
    annual_cost: 1.8628753043007844
    efficiency: 0.591949
    discharge_ratio: 0.1
    depth_of_discharge: 0.4
  Li-ion:
    cost: 280.735
    lifetime: 16.1046
    annual_cost: 17.431975957179937
    efficiency: 0.935431
    discharge_ratio: 2
    depth_of_discharge: 0.9
  Pb-acid:
    cost: 207.147
    lifetime: 10.0366
    annual_cost: 20.639160671940697
    efficiency: 0.747309
    discharge_ratio: 5
    depth_of_discharge: 0.5
  VRBF:
    cost: 282.495
    lifetime: 21.1029
    annual_cost: 13.38654876817878
    efficiency: 0.745524
    discharge_ratio: 0.5
    depth_of_discharge: 1.0
