cost_values:
  wind_capex: 5000.0
  wind_opex: 100
  wind_lifetime: 20
  solar_capex: 1000.0
  solar_opex: 10
  solar_lifetime: 20
  carbon_price: 1.0
timeseries_values:
  load_level: 236071.66236818826
  wind_year: 2010
  solar_year: 2010
  price_year: 2023
  carbon_year: 2023
storage_values:
  CAES:
    cost: 40.8443
    lifetime: 22.4702
    annual_cost: 1.8177096777064734
    efficiency: 0.593688
    discharge_ratio: 0.1
    depth_of_discharge: 0.4
  Li-ion:
    cost: 282.281
    lifetime: 16.8421
    annual_cost: 16.76043961263738
    efficiency: 0.941824
    discharge_ratio: 2
    depth_of_discharge: 0.9
  Pb-acid:
    cost: 196.538
    lifetime: 9.68119
    annual_cost: 20.30101671385439
    efficiency: 0.747862
    discharge_ratio: 5
    depth_of_discharge: 0.5
  VRBF:
    cost: 253.895
    lifetime: 21.7865
    annual_cost: 11.653776421178254
    efficiency: 0.741308
    discharge_ratio: 0.5
    depth_of_discharge: 1.0
