cost_values:
  wind_capex: 5000.0
  wind_opex: 100
  wind_lifetime: 20
  solar_capex: 1000.0
  solar_opex: 10
  solar_lifetime: 20
  carbon_price: 1.0
timeseries_values:
  load_level: 236071.66236818826
  wind_year: 2010
  solar_year: 2010
  price_year: 2023
  carbon_year: 2023
storage_values:
  CAES:
    cost: 39.1276
    lifetime: 22.0201
    annual_cost: 1.7769038287746197
    efficiency: 0.595338
    discharge_ratio: 0.1
    depth_of_discharge: 0.4
  Li-ion:
    cost: 291.086
    lifetime: 15.1267
    annual_cost: 19.243192500677612
    efficiency: 0.953873
    discharge_ratio: 2
    depth_of_discharge: 0.9
  Pb-acid:
    cost: 176.168
    lifetime: 10.973
    annual_cost: 16.05467966827668
    efficiency: 0.737034
    discharge_ratio: 5
    depth_of_discharge: 0.5
  VRBF:
    cost: 252.844
    lifetime: 21.6313
    annual_cost: 11.688802799646808
    efficiency: 0.745105
    discharge_ratio: 0.5
    depth_of_discharge: 1.0
