cost_values:
  wind_capex: 5000.0
  wind_opex: 100
  wind_lifetime: 20
  solar_capex: 1000.0
  solar_opex: 10
  solar_lifetime: 20
  carbon_price: 1.0
timeseries_values:
  load_level: 236071.66236818826
  wind_year: 2010
  solar_year: 2010
  price_year: 2023
  carbon_year: 2023
storage_values:
  CAES:
    cost: 37.5633
    lifetime: 23.283
    annual_cost: 1.6133359103208347
    efficiency: 0.595408
    discharge_ratio: 0.1
    depth_of_discharge: 0.4
  Li-ion:
    cost: 277.408
    lifetime: 13.8348
    annual_cost: 20.051464423049126
    efficiency: 0.935185
    discharge_ratio: 2
    depth_of_discharge: 0.9
  Pb-acid:
    cost: 213.453
    lifetime: 10.2021
    annual_cost: 20.922457141176817
    efficiency: 0.762894
    discharge_ratio: 5
    depth_of_discharge: 0.5
  VRBF:
    cost: 299.576
    lifetime: 21.572
    annual_cost: 13.887261264602264
    efficiency: 0.751565
    discharge_ratio: 0.5
    depth_of_discharge: 1.0
