cost_values:
  wind_capex: 5000.0
  wind_opex: 100
  wind_lifetime: 20
  solar_capex: 1000.0
  solar_opex: 10
  solar_lifetime: 20
  carbon_price: 1.0
timeseries_values:
  load_level: 236071.66236818826
  wind_year: 2010
  solar_year: 2010
  price_year: 2023
  carbon_year: 2023
storage_values:
  CAES:
    cost: 32.8004
    lifetime: 23.6139
    annual_cost: 1.3890293428870284
    efficiency: 0.589945
    discharge_ratio: 0.1
    depth_of_discharge: 0.4
  Li-ion:
    cost: 276.786
    lifetime: 16.2426
    annual_cost: 17.0407447083595
    efficiency: 0.938619
    discharge_ratio: 2
    depth_of_discharge: 0.9
  Pb-acid:
    cost: 184.851
    lifetime: 11.3053
    annual_cost: 16.350826603451477
    efficiency: 0.75139
    discharge_ratio: 5
    depth_of_discharge: 0.5
  VRBF:
    cost: 277.035
    lifetime: 20.041
    annual_cost: 13.823412005388954
    efficiency: 0.738328
    discharge_ratio: 0.5
    depth_of_discharge: 1.0
