cost_values:
  wind_capex: 5000.0
  wind_opex: 100
  wind_lifetime: 20
  solar_capex: 1000.0
  solar_opex: 10
  solar_lifetime: 20
  carbon_price: 1.0
timeseries_values:
  load_level: 236071.66236818826
  wind_year: 2010
  solar_year: 2010
  price_year: 2023
  carbon_year: 2023
storage_values:
  CAES:
    cost: 36.0379
    lifetime: 22.4919
    annual_cost: 1.6022612584975036
    efficiency: 0.581886
    discharge_ratio: 0.1
    depth_of_discharge: 0.4
  Li-ion:
    cost: 283.755
    lifetime: 16.9141
    annual_cost: 16.776239941823682
    efficiency: 0.928679
    discharge_ratio: 2
    depth_of_discharge: 0.9
  Pb-acid:
    cost: 174.944
    lifetime: 10.291
    annual_cost: 16.999708483140605
    efficiency: 0.734699
    discharge_ratio: 5
    depth_of_discharge: 0.5
  VRBF:
    cost: 250.307
    lifetime: 19.0641
    annual_cost: 13.12975697777498
    efficiency: 0.739958
    discharge_ratio: 0.5
    depth_of_discharge: 1.0
