cost_values:
  wind_capex: 5000.0
  wind_opex: 100
  wind_lifetime: 20
  solar_capex: 1000.0
  solar_opex: 10
  solar_lifetime: 20
  carbon_price: 1.0
timeseries_values:
  load_level: 236071.66236818826
  wind_year: 2010
  solar_year: 2010
  price_year: 2023
  carbon_year: 2023
storage_values:
  CAES:
    cost: 45.3544
    lifetime: 22.8694
    annual_cost: 1.9831915135508584
    efficiency: 0.593559
    discharge_ratio: 0.1
    depth_of_discharge: 0.4
  Li-ion:
    cost: 289.402
    lifetime: 15.9721
    annual_cost: 18.11922039055603
    efficiency: 0.940191
    discharge_ratio: 2
    depth_of_discharge: 0.9
  Pb-acid:
    cost: 213.746
    lifetime: 10.2809
    annual_cost: 20.790592263323248
    efficiency: 0.757221
    discharge_ratio: 5
    depth_of_discharge: 0.5
  VRBF:
    cost: 264.675
    lifetime: 21.4547
    annual_cost: 12.336457745855222
    efficiency: 0.772482
    discharge_ratio: 0.5
    depth_of_discharge: 1.0
