cost_values:
  wind_capex: 5000.0
  wind_opex: 100
  wind_lifetime: 20
  solar_capex: 1000.0
  solar_opex: 10
  solar_lifetime: 20
  carbon_price: 1.0
timeseries_values:
  load_level: 236071.66236818826
  wind_year: 2010
  solar_year: 2010
  price_year: 2023
  carbon_year: 2023
storage_values:
  CAES:
    cost: 52.8841
    lifetime: 22.44
    annual_cost: 2.356688948306595
    efficiency: 0.591316
    discharge_ratio: 0.1
    depth_of_discharge: 0.4
  Li-ion:
    cost: 279.672
    lifetime: 15.5463
    annual_cost: 17.989618108488838
    efficiency: 0.945713
    discharge_ratio: 2
    depth_of_discharge: 0.9
  Pb-acid:
    cost: 197.717
    lifetime: 10.1237
    annual_cost: 19.53011250827267
    efficiency: 0.754843
    discharge_ratio: 5
    depth_of_discharge: 0.5
  VRBF:
    cost: 265.86
    lifetime: 21.3741
    annual_cost: 12.438418459724621
    efficiency: 0.754493
    discharge_ratio: 0.5
    depth_of_discharge: 1.0
