cost_values:
  wind_capex: 5000.0
  wind_opex: 100
  wind_lifetime: 20
  solar_capex: 1000.0
  solar_opex: 10
  solar_lifetime: 20
  carbon_price: 1.0
timeseries_values:
  load_level: 236071.66236818826
  wind_year: 2010
  solar_year: 2010
  price_year: 2023
  carbon_year: 2023
storage_values:
  CAES:
    cost: 43.8598
    lifetime: 20.9601
    annual_cost: 2.0925377264421448
    efficiency: 0.603653
    discharge_ratio: 0.1
    depth_of_discharge: 0.4
  Li-ion:
    cost: 298.261
    lifetime: 17.5464
    annual_cost: 16.998415629416865
    efficiency: 0.961174
    discharge_ratio: 2
    depth_of_discharge: 0.9
  Pb-acid:
    cost: 207.3
    lifetime: 11.0553
    annual_cost: 18.75118721337277
    efficiency: 0.750413
    discharge_ratio: 5
    depth_of_discharge: 0.5
  VRBF:
    cost: 265.086
    lifetime: 19.5338
    annual_cost: 13.57063141836202
    efficiency: 0.761443
    discharge_ratio: 0.5
    depth_of_discharge: 1.0
