cost_values:
  wind_capex: 5000.0
  wind_opex: 100
  wind_lifetime: 20
  solar_capex: 1000.0
  solar_opex: 10
  solar_lifetime: 20
  carbon_price: 1.0
timeseries_values:
  load_level: 236071.66236818826
  wind_year: 2010
  solar_year: 2010
  price_year: 2023
  carbon_year: 2023
storage_values:
  CAES:
    cost: 41.2534
    lifetime: 21.3301
    annual_cost: 1.9340462538853542
    efficiency: 0.591684
    discharge_ratio: 0.1
    depth_of_discharge: 0.4
  Li-ion:
    cost: 275.729
    lifetime: 17.4946
    annual_cost: 15.760806191624845
    efficiency: 0.956663
    discharge_ratio: 2
    depth_of_discharge: 0.9
  Pb-acid:
    cost: 196.241
    lifetime: 11.7476
    annual_cost: 16.704773741019444
    efficiency: 0.756207
    discharge_ratio: 5
    depth_of_discharge: 0.5
  VRBF:
    cost: 240.643
    lifetime: 18.4794
    annual_cost: 13.022230158987847
    efficiency: 0.733831
    discharge_ratio: 0.5
    depth_of_discharge: 1.0
