cost_values:
  wind_capex: 5000.0
  wind_opex: 100
  wind_lifetime: 20
  solar_capex: 1000.0
  solar_opex: 10
  solar_lifetime: 20
  carbon_price: 1.0
timeseries_values:
  load_level: 236071.66236818826
  wind_year: 2010
  solar_year: 2010
  price_year: 2023
  carbon_year: 2023
storage_values:
  CAES:
    cost: 42.6989
    lifetime: 22.3834
    annual_cost: 1.9076145715128174
    efficiency: 0.589845
    discharge_ratio: 0.1
    depth_of_discharge: 0.4
  Li-ion:
    cost: 277.67
    lifetime: 16.3191
    annual_cost: 17.015031466196056
    efficiency: 0.950677
    discharge_ratio: 2
    depth_of_discharge: 0.9
  Pb-acid:
    cost: 193.95
    lifetime: 9.08812
    annual_cost: 21.34104743335255
    efficiency: 0.759471
    discharge_ratio: 5
    depth_of_discharge: 0.5
  VRBF:
    cost: 271.833
    lifetime: 19.9602
    annual_cost: 13.618751315117084
    efficiency: 0.751393
    discharge_ratio: 0.5
    depth_of_discharge: 1.0
