cost_values:
  wind_capex: 5000.0
  wind_opex: 100
  wind_lifetime: 20
  solar_capex: 1000.0
  solar_opex: 10
  solar_lifetime: 20
  carbon_price: 1.0
timeseries_values:
  load_level: 236071.66236818826
  wind_year: 2010
  solar_year: 2010
  price_year: 2023
  carbon_year: 2023
storage_values:
  CAES:
    cost: 43.2018
    lifetime: 22.1287
    annual_cost: 1.9522972429469423
    efficiency: 0.584246
    discharge_ratio: 0.1
    depth_of_discharge: 0.4
  Li-ion:
    cost: 295.124
    lifetime: 15.6077
    annual_cost: 18.908871902970972
    efficiency: 0.943394
    discharge_ratio: 2
    depth_of_discharge: 0.9
  Pb-acid:
    cost: 189.176
    lifetime: 11.7484
    annual_cost: 16.102277756971162
    efficiency: 0.739547
    discharge_ratio: 5
    depth_of_discharge: 0.5
  VRBF:
    cost: 276.45
    lifetime: 22.0333
    annual_cost: 12.546917620147685
    efficiency: 0.739603
    discharge_ratio: 0.5
    depth_of_discharge: 1.0
