cost_values:
  wind_capex: 5000.0
  wind_opex: 100
  wind_lifetime: 20
  solar_capex: 1000.0
  solar_opex: 10
  solar_lifetime: 20
  carbon_price: 1.0
timeseries_values:
  load_level: 236071.66236818826
  wind_year: 2010
  solar_year: 2010
  price_year: 2023
  carbon_year: 2023
storage_values:
  CAES:
    cost: 37.1882
    lifetime: 22.6328
    annual_cost: 1.6431108833197838
    efficiency: 0.591123
    discharge_ratio: 0.1
    depth_of_discharge: 0.4
  Li-ion:
    cost: 281.869
    lifetime: 15.7078
    annual_cost: 17.944524376424454
    efficiency: 0.94962
    discharge_ratio: 2
    depth_of_discharge: 0.9
  Pb-acid:
    cost: 191.672
    lifetime: 10.1692
    annual_cost: 18.84828698422688
    efficiency: 0.758307
    discharge_ratio: 5
    depth_of_discharge: 0.5
  VRBF:
    cost: 265.137
    lifetime: 20.1301
    annual_cost: 13.171171529202539
    efficiency: 0.755567
    discharge_ratio: 0.5
    depth_of_discharge: 1.0
