cost_values:
  wind_capex: 5000.0
  wind_opex: 100
  wind_lifetime: 20
  solar_capex: 1000.0
  solar_opex: 10
  solar_lifetime: 20
  carbon_price: 1.0
timeseries_values:
  load_level: 236071.66236818826
  wind_year: 2010
  solar_year: 2010
  price_year: 2023
  carbon_year: 2023
storage_values:
  CAES:
    cost: 44.8413
    lifetime: 22.5128
    annual_cost: 1.9918135460715682
    efficiency: 0.595766
    discharge_ratio: 0.1
    depth_of_discharge: 0.4
  Li-ion:
    cost: 271.768
    lifetime: 16.966
    annual_cost: 16.018389720617705
    efficiency: 0.950456
    discharge_ratio: 2
    depth_of_discharge: 0.9
  Pb-acid:
    cost: 220.392
    lifetime: 10.7196
    annual_cost: 20.55972237770066
    efficiency: 0.757949
    discharge_ratio: 5
    depth_of_discharge: 0.5
  VRBF:
    cost: 234.098
    lifetime: 19.7656
    annual_cost: 11.843708260816774
    efficiency: 0.736411
    discharge_ratio: 0.5
    depth_of_discharge: 1.0
