cost_values:
  wind_capex: 5000.0
  wind_opex: 100
  wind_lifetime: 20
  solar_capex: 1000.0
  solar_opex: 10
  solar_lifetime: 20
  carbon_price: 1.0
timeseries_values:
  load_level: 236071.66236818826
  wind_year: 2010
  solar_year: 2010
  price_year: 2023
  carbon_year: 2023
storage_values:
  CAES:
    cost: 42.7629
    lifetime: 23.183
    annual_cost: 1.844580080231204
    efficiency: 0.588917
    discharge_ratio: 0.1
    depth_of_discharge: 0.4
  Li-ion:
    cost: 275.682
    lifetime: 16.149
    annual_cost: 17.071149916403492
    efficiency: 0.949203
    discharge_ratio: 2
    depth_of_discharge: 0.9
  Pb-acid:
    cost: 175.924
    lifetime: 10.3215
    annual_cost: 17.044421837911155
    efficiency: 0.746595
    discharge_ratio: 5
    depth_of_discharge: 0.5
  VRBF:
    cost: 260.372
    lifetime: 19.4498
    annual_cost: 13.38687287272877
    efficiency: 0.750413
    discharge_ratio: 0.5
    depth_of_discharge: 1.0
