cost_values:
  wind_capex: 5000.0
  wind_opex: 100
  wind_lifetime: 20
  solar_capex: 1000.0
  solar_opex: 10
  solar_lifetime: 20
  carbon_price: 1.0
timeseries_values:
  load_level: 236071.66236818826
  wind_year: 2010
  solar_year: 2010
  price_year: 2023
  carbon_year: 2023
storage_values:
  CAES:
    cost: 47.6015
    lifetime: 23.359
    annual_cost: 2.037822680765444
    efficiency: 0.595879
    discharge_ratio: 0.1
    depth_of_discharge: 0.4
  Li-ion:
    cost: 289.235
    lifetime: 16.9592
    annual_cost: 17.054754941270815
    efficiency: 0.961039
    discharge_ratio: 2
    depth_of_discharge: 0.9
  Pb-acid:
    cost: 190.042
    lifetime: 11.2006
    annual_cost: 16.96712676106637
    efficiency: 0.741163
    discharge_ratio: 5
    depth_of_discharge: 0.5
  VRBF:
    cost: 257.089
    lifetime: 19.637
    annual_cost: 13.09207109028874
    efficiency: 0.775706
    discharge_ratio: 0.5
    depth_of_discharge: 1.0
