cost_values:
  wind_capex: 5000.0
  wind_opex: 100
  wind_lifetime: 20
  solar_capex: 1000.0
  solar_opex: 10
  solar_lifetime: 20
  carbon_price: 1.0
timeseries_values:
  load_level: 236071.66236818826
  wind_year: 2010
  solar_year: 2010
  price_year: 2023
  carbon_year: 2023
storage_values:
  CAES:
    cost: 42.3922
    lifetime: 23.0155
    annual_cost: 1.8418978514479374
    efficiency: 0.601047
    discharge_ratio: 0.1
    depth_of_discharge: 0.4
  Li-ion:
    cost: 272.232
    lifetime: 16.3452
    annual_cost: 16.655164819029444
    efficiency: 0.948092
    discharge_ratio: 2
    depth_of_discharge: 0.9
  Pb-acid:
    cost: 182.006
    lifetime: 9.85482
    annual_cost: 18.468729007734286
    efficiency: 0.751382
    discharge_ratio: 5
    depth_of_discharge: 0.5
  VRBF:
    cost: 280.269
    lifetime: 21.4759
    annual_cost: 13.050396025312095
    efficiency: 0.75085
    discharge_ratio: 0.5
    depth_of_discharge: 1.0
