cost_values:
  wind_capex: 5000.0
  wind_opex: 100
  wind_lifetime: 20
  solar_capex: 1000.0
  solar_opex: 10
  solar_lifetime: 20
  carbon_price: 1.0
timeseries_values:
  load_level: 236071.66236818826
  wind_year: 2010
  solar_year: 2010
  price_year: 2023
  carbon_year: 2023
storage_values:
  CAES:
    cost: 32.0912
    lifetime: 22.222
    annual_cost: 1.4441184411844117
    efficiency: 0.590098
    discharge_ratio: 0.1
    depth_of_discharge: 0.4
  Li-ion:
    cost: 280.642
    lifetime: 15.797
    annual_cost: 17.765525099702476
    efficiency: 0.935017
    discharge_ratio: 2
    depth_of_discharge: 0.9
  Pb-acid:
    cost: 174.492
    lifetime: 10.691
    annual_cost: 16.321391824899447
    efficiency: 0.752541
    discharge_ratio: 5
    depth_of_discharge: 0.5
  VRBF:
    cost: 262.385
    lifetime: 19.9159
    annual_cost: 13.174649400730068
    efficiency: 0.748437
    discharge_ratio: 0.5
    depth_of_discharge: 1.0
