cost_values:
  wind_capex: 5000.0
  wind_opex: 100
  wind_lifetime: 20
  solar_capex: 1000.0
  solar_opex: 10
  solar_lifetime: 20
  carbon_price: 1.0
timeseries_values:
  load_level: 236071.66236818826
  wind_year: 2010
  solar_year: 2010
  price_year: 2023
  carbon_year: 2023
storage_values:
  CAES:
    cost: 47.3447
    lifetime: 23.0937
    annual_cost: 2.050113234345298
    efficiency: 0.599049
    discharge_ratio: 0.1
    depth_of_discharge: 0.4
  Li-ion:
    cost: 289.175
    lifetime: 16.2765
    annual_cost: 17.76641169784659
    efficiency: 0.93475
    discharge_ratio: 2
    depth_of_discharge: 0.9
  Pb-acid:
    cost: 200.977
    lifetime: 9.302
    annual_cost: 21.605783702429587
    efficiency: 0.761774
    discharge_ratio: 5
    depth_of_discharge: 0.5
  VRBF:
    cost: 296.737
    lifetime: 20.6542
    annual_cost: 14.366908425405004
    efficiency: 0.746756
    discharge_ratio: 0.5
    depth_of_discharge: 1.0
