cost_values:
  wind_capex: 5000.0
  wind_opex: 100
  wind_lifetime: 20
  solar_capex: 1000.0
  solar_opex: 10
  solar_lifetime: 20
  carbon_price: 1.0
timeseries_values:
  load_level: 236071.66236818826
  wind_year: 2010
  solar_year: 2010
  price_year: 2023
  carbon_year: 2023
storage_values:
  CAES:
    cost: 38.9192
    lifetime: 22.2339
    annual_cost: 1.7504441416035872
    efficiency: 0.596026
    discharge_ratio: 0.1
    depth_of_discharge: 0.4
  Li-ion:
    cost: 265.954
    lifetime: 16.198
    annual_cost: 16.418940609951846
    efficiency: 0.91514
    discharge_ratio: 2
    depth_of_discharge: 0.9
  Pb-acid:
    cost: 195.5
    lifetime: 9.6488
    annual_cost: 20.261586933090125
    efficiency: 0.744724
    discharge_ratio: 5
    depth_of_discharge: 0.5
  VRBF:
    cost: 272.454
    lifetime: 21.874
    annual_cost: 12.455609399286825
    efficiency: 0.762669
    discharge_ratio: 0.5
    depth_of_discharge: 1.0
