cost_values:
  wind_capex: 5000.0
  wind_opex: 100
  wind_lifetime: 20
  solar_capex: 1000.0
  solar_opex: 10
  solar_lifetime: 20
  carbon_price: 1.0
timeseries_values:
  load_level: 236071.66236818826
  wind_year: 2010
  solar_year: 2010
  price_year: 2023
  carbon_year: 2023
storage_values:
  CAES:
    cost: 38.4669
    lifetime: 21.9932
    annual_cost: 1.7490360656930324
    efficiency: 0.607156
    discharge_ratio: 0.1
    depth_of_discharge: 0.4
  Li-ion:
    cost: 276.811
    lifetime: 16.6014
    annual_cost: 16.673955208596862
    efficiency: 0.937972
    discharge_ratio: 2
    depth_of_discharge: 0.9
  Pb-acid:
    cost: 187.586
    lifetime: 11.2766
    annual_cost: 16.634978628309952
    efficiency: 0.764455
    discharge_ratio: 5
    depth_of_discharge: 0.5
  VRBF:
    cost: 265.73
    lifetime: 20.7479
    annual_cost: 12.807561247162363
    efficiency: 0.754823
    discharge_ratio: 0.5
    depth_of_discharge: 1.0
