cost_values:
  wind_capex: 5000.0
  wind_opex: 100
  wind_lifetime: 20
  solar_capex: 1000.0
  solar_opex: 10
  solar_lifetime: 20
  carbon_price: 1.0
timeseries_values:
  load_level: 236071.66236818826
  wind_year: 2010
  solar_year: 2010
  price_year: 2023
  carbon_year: 2023
storage_values:
  CAES:
    cost: 37.2218
    lifetime: 22.1566
    annual_cost: 1.6799418683371998
    efficiency: 0.602675
    discharge_ratio: 0.1
    depth_of_discharge: 0.4
  Li-ion:
    cost: 271.915
    lifetime: 16.9539
    annual_cost: 16.03849261821764
    efficiency: 0.949689
    discharge_ratio: 2
    depth_of_discharge: 0.9
  Pb-acid:
    cost: 207.651
    lifetime: 9.39058
    annual_cost: 22.112691654828563
    efficiency: 0.765318
    discharge_ratio: 5
    depth_of_discharge: 0.5
  VRBF:
    cost: 268.383
    lifetime: 19.2761
    annual_cost: 13.923096476984451
    efficiency: 0.75016
    discharge_ratio: 0.5
    depth_of_discharge: 1.0
