cost_values:
  wind_capex: 5000.0
  wind_opex: 100
  wind_lifetime: 20
  solar_capex: 1000.0
  solar_opex: 10
  solar_lifetime: 20
  carbon_price: 1.0
timeseries_values:
  load_level: 236071.66236818826
  wind_year: 2010
  solar_year: 2010
  price_year: 2023
  carbon_year: 2023
storage_values:
  CAES:
    cost: 38.4182
    lifetime: 22.8652
    annual_cost: 1.6802039780977205
    efficiency: 0.589433
    discharge_ratio: 0.1
    depth_of_discharge: 0.4
  Li-ion:
    cost: 281.584
    lifetime: 17.5009
    annual_cost: 16.0896868161066
    efficiency: 0.954297
    discharge_ratio: 2
    depth_of_discharge: 0.9
  Pb-acid:
    cost: 180.55
    lifetime: 11.074
    annual_cost: 16.303955210402748
    efficiency: 0.748594
    discharge_ratio: 5
    depth_of_discharge: 0.5
  VRBF:
    cost: 263.179
    lifetime: 20.73
    annual_cost: 12.69556198745779
    efficiency: 0.76136
    discharge_ratio: 0.5
    depth_of_discharge: 1.0
