cost_values:
  wind_capex: 5000.0
  wind_opex: 100
  wind_lifetime: 20
  solar_capex: 1000.0
  solar_opex: 10
  solar_lifetime: 20
  carbon_price: 1.0
timeseries_values:
  load_level: 236071.66236818826
  wind_year: 2010
  solar_year: 2010
  price_year: 2023
  carbon_year: 2023
storage_values:
  CAES:
    cost: 39.1357
    lifetime: 23.0778
    annual_cost: 1.6958158923294249
    efficiency: 0.594371
    discharge_ratio: 0.1
    depth_of_discharge: 0.4
  Li-ion:
    cost: 288.493
    lifetime: 17.8766
    annual_cost: 16.13802400903975
    efficiency: 0.946073
    discharge_ratio: 2
    depth_of_discharge: 0.9
  Pb-acid:
    cost: 194.045
    lifetime: 10.3058
    annual_cost: 18.828717809388888
    efficiency: 0.756359
    discharge_ratio: 5
    depth_of_discharge: 0.5
  VRBF:
    cost: 253.2
    lifetime: 20.6948
    annual_cost: 12.234957573883293
    efficiency: 0.737028
    discharge_ratio: 0.5
    depth_of_discharge: 1.0
