cost_values:
  wind_capex: 5000.0
  wind_opex: 100
  wind_lifetime: 20
  solar_capex: 1000.0
  solar_opex: 10
  solar_lifetime: 20
  carbon_price: 1.0
timeseries_values:
  load_level: 236071.66236818826
  wind_year: 2010
  solar_year: 2010
  price_year: 2023
  carbon_year: 2023
storage_values:
  CAES:
    cost: 34.7341
    lifetime: 22.2157
    annual_cost: 1.5634933853085882
    efficiency: 0.597498
    discharge_ratio: 0.1
    depth_of_discharge: 0.4
  Li-ion:
    cost: 297.566
    lifetime: 13.052
    annual_cost: 22.798498314434568
    efficiency: 0.938267
    discharge_ratio: 2
    depth_of_discharge: 0.9
  Pb-acid:
    cost: 204.224
    lifetime: 10.5259
    annual_cost: 19.402046380832044
    efficiency: 0.765323
    discharge_ratio: 5
    depth_of_discharge: 0.5
  VRBF:
    cost: 233.753
    lifetime: 19.8328
    annual_cost: 11.786182485579443
    efficiency: 0.722744
    discharge_ratio: 0.5
    depth_of_discharge: 1.0
