cost_values:
  wind_capex: 5000.0
  wind_opex: 100
  wind_lifetime: 20
  solar_capex: 1000.0
  solar_opex: 10
  solar_lifetime: 20
  carbon_price: 1.0
timeseries_values:
  load_level: 236071.66236818826
  wind_year: 2010
  solar_year: 2010
  price_year: 2023
  carbon_year: 2023
storage_values:
  CAES:
    cost: 42.1021
    lifetime: 21.45
    annual_cost: 1.9628018648018648
    efficiency: 0.600427
    discharge_ratio: 0.1
    depth_of_discharge: 0.4
  Li-ion:
    cost: 277.501
    lifetime: 17.5751
    annual_cost: 15.789440742869173
    efficiency: 0.937833
    discharge_ratio: 2
    depth_of_discharge: 0.9
  Pb-acid:
    cost: 183.162
    lifetime: 8.4509
    annual_cost: 21.67366789336047
    efficiency: 0.760651
    discharge_ratio: 5
    depth_of_discharge: 0.5
  VRBF:
    cost: 257.949
    lifetime: 19.7763
    annual_cost: 13.043339755161483
    efficiency: 0.755337
    discharge_ratio: 0.5
    depth_of_discharge: 1.0
