cost_values:
  wind_capex: 5000.0
  wind_opex: 100
  wind_lifetime: 20
  solar_capex: 1000.0
  solar_opex: 10
  solar_lifetime: 20
  carbon_price: 1.0
timeseries_values:
  load_level: 236071.66236818826
  wind_year: 2010
  solar_year: 2010
  price_year: 2023
  carbon_year: 2023
storage_values:
  CAES:
    cost: 41.9484
    lifetime: 22.2161
    annual_cost: 1.8881981986037153
    efficiency: 0.599512
    discharge_ratio: 0.1
    depth_of_discharge: 0.4
  Li-ion:
    cost: 298.06
    lifetime: 16.1787
    annual_cost: 18.422988249983003
    efficiency: 0.937982
    discharge_ratio: 2
    depth_of_discharge: 0.9
  Pb-acid:
    cost: 186.012
    lifetime: 9.36991
    annual_cost: 19.85205834421035
    efficiency: 0.749889
    discharge_ratio: 5
    depth_of_discharge: 0.5
  VRBF:
    cost: 248.861
    lifetime: 19.077
    annual_cost: 13.045080463385226
    efficiency: 0.755738
    discharge_ratio: 0.5
    depth_of_discharge: 1.0
