cost_values:
  wind_capex: 5000.0
  wind_opex: 100
  wind_lifetime: 20
  solar_capex: 1000.0
  solar_opex: 10
  solar_lifetime: 20
  carbon_price: 1.0
timeseries_values:
  load_level: 236071.66236818826
  wind_year: 2010
  solar_year: 2010
  price_year: 2023
  carbon_year: 2023
storage_values:
  CAES:
    cost: 34.4266
    lifetime: 22.8236
    annual_cost: 1.5083772936784732
    efficiency: 0.591678
    discharge_ratio: 0.1
    depth_of_discharge: 0.4
  Li-ion:
    cost: 272.035
    lifetime: 15.6361
    annual_cost: 17.397880545660364
    efficiency: 0.9366
    discharge_ratio: 2
    depth_of_discharge: 0.9
  Pb-acid:
    cost: 181.139
    lifetime: 8.18348
    annual_cost: 22.13471530449149
    efficiency: 0.748906
    discharge_ratio: 5
    depth_of_discharge: 0.5
  VRBF:
    cost: 234.801
    lifetime: 19.0366
    annual_cost: 12.3341878276583
    efficiency: 0.752584
    discharge_ratio: 0.5
    depth_of_discharge: 1.0
