cost_values:
  wind_capex: 5000.0
  wind_opex: 100
  wind_lifetime: 20
  solar_capex: 1000.0
  solar_opex: 10
  solar_lifetime: 20
  carbon_price: 1.0
timeseries_values:
  load_level: 236071.66236818826
  wind_year: 2010
  solar_year: 2010
  price_year: 2023
  carbon_year: 2023
storage_values:
  CAES:
    cost: 42.69
    lifetime: 22.4742
    annual_cost: 1.8995114397842858
    efficiency: 0.594207
    discharge_ratio: 0.1
    depth_of_discharge: 0.4
  Li-ion:
    cost: 284.394
    lifetime: 15.6658
    annual_cost: 18.153812764110356
    efficiency: 0.937054
    discharge_ratio: 2
    depth_of_discharge: 0.9
  Pb-acid:
    cost: 191.173
    lifetime: 10.2975
    annual_cost: 18.56499150279194
    efficiency: 0.754857
    discharge_ratio: 5
    depth_of_discharge: 0.5
  VRBF:
    cost: 264.831
    lifetime: 20.2787
    annual_cost: 13.059564962251033
    efficiency: 0.752171
    discharge_ratio: 0.5
    depth_of_discharge: 1.0
