cost_values:
  wind_capex: 5000.0
  wind_opex: 100
  wind_lifetime: 20
  solar_capex: 1000.0
  solar_opex: 10
  solar_lifetime: 20
  carbon_price: 1.0
timeseries_values:
  load_level: 236071.66236818826
  wind_year: 2010
  solar_year: 2010
  price_year: 2023
  carbon_year: 2023
storage_values:
  CAES:
    cost: 39.589
    lifetime: 22.5501
    annual_cost: 1.755601970722968
    efficiency: 0.59612
    discharge_ratio: 0.1
    depth_of_discharge: 0.4
  Li-ion:
    cost: 299.69
    lifetime: 17.4507
    annual_cost: 17.17352312514684
    efficiency: 0.937732
    discharge_ratio: 2
    depth_of_discharge: 0.9
  Pb-acid:
    cost: 200.803
    lifetime: 10.7155
    annual_cost: 18.739489524520554
    efficiency: 0.739496
    discharge_ratio: 5
    depth_of_discharge: 0.5
  VRBF:
    cost: 273.827
    lifetime: 19.5422
    annual_cost: 14.012086663732845
    efficiency: 0.734811
    discharge_ratio: 0.5
    depth_of_discharge: 1.0
