cost_values:
  wind_capex: 5000.0
  wind_opex: 100
  wind_lifetime: 20
  solar_capex: 1000.0
  solar_opex: 10
  solar_lifetime: 20
  carbon_price: 1.0
timeseries_values:
  load_level: 236071.66236818826
  wind_year: 2010
  solar_year: 2010
  price_year: 2023
  carbon_year: 2023
storage_values:
  CAES:
    cost: 37.809
    lifetime: 23.261
    annual_cost: 1.6254245303297363
    efficiency: 0.606698
    discharge_ratio: 0.1
    depth_of_discharge: 0.4
  Li-ion:
    cost: 292.961
    lifetime: 12.3035
    annual_cost: 23.81119193725363
    efficiency: 0.968156
    discharge_ratio: 2
    depth_of_discharge: 0.9
  Pb-acid:
    cost: 195.169
    lifetime: 10.0605
    annual_cost: 19.399532826400282
    efficiency: 0.729097
    discharge_ratio: 5
    depth_of_discharge: 0.5
  VRBF:
    cost: 265.485
    lifetime: 19.8529
    annual_cost: 13.372605513552175
    efficiency: 0.750306
    discharge_ratio: 0.5
    depth_of_discharge: 1.0
