cost_values:
  wind_capex: 5000.0
  wind_opex: 100
  wind_lifetime: 20
  solar_capex: 1000.0
  solar_opex: 10
  solar_lifetime: 20
  carbon_price: 1.0
timeseries_values:
  load_level: 236071.66236818826
  wind_year: 2010
  solar_year: 2010
  price_year: 2023
  carbon_year: 2023
storage_values:
  CAES:
    cost: 34.1361
    lifetime: 21.4987
    annual_cost: 1.587821589212371
    efficiency: 0.588568
    discharge_ratio: 0.1
    depth_of_discharge: 0.4
  Li-ion:
    cost: 298.283
    lifetime: 14.9877
    annual_cost: 19.901852852672526
    efficiency: 0.94338
    discharge_ratio: 2
    depth_of_discharge: 0.9
  Pb-acid:
    cost: 183.325
    lifetime: 9.5208
    annual_cost: 19.255209646248215
    efficiency: 0.754919
    discharge_ratio: 5
    depth_of_discharge: 0.5
  VRBF:
    cost: 249.544
    lifetime: 18.5842
    annual_cost: 13.427750454687317
    efficiency: 0.740127
    discharge_ratio: 0.5
    depth_of_discharge: 1.0
