cost_values:
  wind_capex: 5000.0
  wind_opex: 100
  wind_lifetime: 20
  solar_capex: 1000.0
  solar_opex: 10
  solar_lifetime: 20
  carbon_price: 1.0
timeseries_values:
  load_level: 236071.66236818826
  wind_year: 2010
  solar_year: 2010
  price_year: 2023
  carbon_year: 2023
storage_values:
  CAES:
    cost: 39.8437
    lifetime: 22.2857
    annual_cost: 1.7878594793971023
    efficiency: 0.597898
    discharge_ratio: 0.1
    depth_of_discharge: 0.4
  Li-ion:
    cost: 275.269
    lifetime: 16.5429
    annual_cost: 16.639706460173247
    efficiency: 0.936899
    discharge_ratio: 2
    depth_of_discharge: 0.9
  Pb-acid:
    cost: 195.108
    lifetime: 10.7111
    annual_cost: 18.21549607416605
    efficiency: 0.749996
    discharge_ratio: 5
    depth_of_discharge: 0.5
  VRBF:
    cost: 258.819
    lifetime: 21.8726
    annual_cost: 11.833023966057992
    efficiency: 0.752057
    discharge_ratio: 0.5
    depth_of_discharge: 1.0
