cost_values:
  wind_capex: 5000.0
  wind_opex: 100
  wind_lifetime: 20
  solar_capex: 1000.0
  solar_opex: 10
  solar_lifetime: 20
  carbon_price: 1.0
timeseries_values:
  load_level: 236071.66236818826
  wind_year: 2010
  solar_year: 2010
  price_year: 2023
  carbon_year: 2023
storage_values:
  CAES:
    cost: 39.4844
    lifetime: 21.983
    annual_cost: 1.7961333757903835
    efficiency: 0.586046
    discharge_ratio: 0.1
    depth_of_discharge: 0.4
  Li-ion:
    cost: 283.393
    lifetime: 18.1971
    annual_cost: 15.573525451857712
    efficiency: 0.925441
    discharge_ratio: 2
    depth_of_discharge: 0.9
  Pb-acid:
    cost: 195.495
    lifetime: 10.8224
    annual_cost: 18.06392297457126
    efficiency: 0.748177
    discharge_ratio: 5
    depth_of_discharge: 0.5
  VRBF:
    cost: 264.29
    lifetime: 19.5934
    annual_cost: 13.488725795420908
    efficiency: 0.746072
    discharge_ratio: 0.5
    depth_of_discharge: 1.0
