cost_values:
  wind_capex: 5000.0
  wind_opex: 100
  wind_lifetime: 20
  solar_capex: 1000.0
  solar_opex: 10
  solar_lifetime: 20
  carbon_price: 1.0
timeseries_values:
  load_level: 236071.66236818826
  wind_year: 2010
  solar_year: 2010
  price_year: 2023
  carbon_year: 2023
storage_values:
  CAES:
    cost: 40.0552
    lifetime: 23.1946
    annual_cost: 1.726919196709579
    efficiency: 0.59738
    discharge_ratio: 0.1
    depth_of_discharge: 0.4
  Li-ion:
    cost: 266.236
    lifetime: 14.2208
    annual_cost: 18.721590909090907
    efficiency: 0.93251
    discharge_ratio: 2
    depth_of_discharge: 0.9
  Pb-acid:
    cost: 190.51
    lifetime: 12.9977
    annual_cost: 14.657208583057002
    efficiency: 0.733215
    discharge_ratio: 5
    depth_of_discharge: 0.5
  VRBF:
    cost: 273.272
    lifetime: 18.8417
    annual_cost: 14.503574518222878
    efficiency: 0.73186
    discharge_ratio: 0.5
    depth_of_discharge: 1.0
