cost_values:
  wind_capex: 5000.0
  wind_opex: 100
  wind_lifetime: 20
  solar_capex: 1000.0
  solar_opex: 10
  solar_lifetime: 20
  carbon_price: 1.0
timeseries_values:
  load_level: 236071.66236818826
  wind_year: 2010
  solar_year: 2010
  price_year: 2023
  carbon_year: 2023
storage_values:
  CAES:
    cost: 37.1964
    lifetime: 23.2332
    annual_cost: 1.6010020143587624
    efficiency: 0.601864
    discharge_ratio: 0.1
    depth_of_discharge: 0.4
  Li-ion:
    cost: 291.522
    lifetime: 16.7319
    annual_cost: 17.423125885284996
    efficiency: 0.925118
    discharge_ratio: 2
    depth_of_discharge: 0.9
  Pb-acid:
    cost: 190.444
    lifetime: 8.51898
    annual_cost: 22.3552584933877
    efficiency: 0.756427
    discharge_ratio: 5
    depth_of_discharge: 0.5
  VRBF:
    cost: 282.164
    lifetime: 18.5277
    annual_cost: 15.22930531042709
    efficiency: 0.761157
    discharge_ratio: 0.5
    depth_of_discharge: 1.0
