cost_values:
  wind_capex: 5000.0
  wind_opex: 100
  wind_lifetime: 20
  solar_capex: 1000.0
  solar_opex: 10
  solar_lifetime: 20
  carbon_price: 1.0
timeseries_values:
  load_level: 236071.66236818826
  wind_year: 2010
  solar_year: 2010
  price_year: 2023
  carbon_year: 2023
storage_values:
  CAES:
    cost: 36.5728
    lifetime: 22.1917
    annual_cost: 1.6480395823663803
    efficiency: 0.589378
    discharge_ratio: 0.1
    depth_of_discharge: 0.4
  Li-ion:
    cost: 281.929
    lifetime: 16.4013
    annual_cost: 17.189430106150123
    efficiency: 0.934691
    discharge_ratio: 2
    depth_of_discharge: 0.9
  Pb-acid:
    cost: 205.623
    lifetime: 10.314
    annual_cost: 19.93630017452007
    efficiency: 0.735669
    discharge_ratio: 5
    depth_of_discharge: 0.5
  VRBF:
    cost: 277.286
    lifetime: 19.4566
    annual_cost: 14.25151362519659
    efficiency: 0.750229
    discharge_ratio: 0.5
    depth_of_discharge: 1.0
