cost_values:
  wind_capex: 5000.0
  wind_opex: 100
  wind_lifetime: 20
  solar_capex: 1000.0
  solar_opex: 10
  solar_lifetime: 20
  carbon_price: 1.0
timeseries_values:
  load_level: 236071.66236818826
  wind_year: 2010
  solar_year: 2010
  price_year: 2023
  carbon_year: 2023
storage_values:
  CAES:
    cost: 39.481
    lifetime: 21.9774
    annual_cost: 1.796436339148398
    efficiency: 0.590116
    discharge_ratio: 0.1
    depth_of_discharge: 0.4
  Li-ion:
    cost: 272.954
    lifetime: 15.1571
    annual_cost: 18.00832613098812
    efficiency: 0.945055
    discharge_ratio: 2
    depth_of_discharge: 0.9
  Pb-acid:
    cost: 192.405
    lifetime: 9.32733
    annual_cost: 20.628089710560257
    efficiency: 0.754095
    discharge_ratio: 5
    depth_of_discharge: 0.5
  VRBF:
    cost: 267.165
    lifetime: 22.7528
    annual_cost: 11.742071305509652
    efficiency: 0.77216
    discharge_ratio: 0.5
    depth_of_discharge: 1.0
