cost_values:
  wind_capex: 5000.0
  wind_opex: 100
  wind_lifetime: 20
  solar_capex: 1000.0
  solar_opex: 10
  solar_lifetime: 20
  carbon_price: 1.0
timeseries_values:
  load_level: 236071.66236818826
  wind_year: 2010
  solar_year: 2010
  price_year: 2023
  carbon_year: 2023
storage_values:
  CAES:
    cost: 46.8197
    lifetime: 23.0889
    annual_cost: 2.027801237824236
    efficiency: 0.594763
    discharge_ratio: 0.1
    depth_of_discharge: 0.4
  Li-ion:
    cost: 284.706
    lifetime: 16.311
    annual_cost: 17.454846422659557
    efficiency: 0.939248
    discharge_ratio: 2
    depth_of_discharge: 0.9
  Pb-acid:
    cost: 190.774
    lifetime: 10.2016
    annual_cost: 18.700399937264745
    efficiency: 0.741578
    discharge_ratio: 5
    depth_of_discharge: 0.5
  VRBF:
    cost: 258.696
    lifetime: 20.2502
    annual_cost: 12.774984938420364
    efficiency: 0.725802
    discharge_ratio: 0.5
    depth_of_discharge: 1.0
