cost_values:
  wind_capex: 5000.0
  wind_opex: 100
  wind_lifetime: 20
  solar_capex: 1000.0
  solar_opex: 10
  solar_lifetime: 20
  carbon_price: 1.0
timeseries_values:
  load_level: 236071.66236818826
  wind_year: 2010
  solar_year: 2010
  price_year: 2023
  carbon_year: 2023
storage_values:
  CAES:
    cost: 41.3874
    lifetime: 22.2325
    annual_cost: 1.8615720229393904
    efficiency: 0.585691
    discharge_ratio: 0.1
    depth_of_discharge: 0.4
  Li-ion:
    cost: 270.169
    lifetime: 17.572
    annual_cost: 15.374971545640792
    efficiency: 0.942771
    discharge_ratio: 2
    depth_of_discharge: 0.9
  Pb-acid:
    cost: 197.727
    lifetime: 13.1508
    annual_cost: 15.035359065608176
    efficiency: 0.735909
    discharge_ratio: 5
    depth_of_discharge: 0.5
  VRBF:
    cost: 252.327
    lifetime: 22.5347
    annual_cost: 11.19726466294204
    efficiency: 0.753437
    discharge_ratio: 0.5
    depth_of_discharge: 1.0
