cost_values:
  wind_capex: 5000.0
  wind_opex: 100
  wind_lifetime: 20
  solar_capex: 1000.0
  solar_opex: 10
  solar_lifetime: 20
  carbon_price: 1.0
timeseries_values:
  load_level: 236071.66236818826
  wind_year: 2010
  solar_year: 2010
  price_year: 2023
  carbon_year: 2023
storage_values:
  CAES:
    cost: 41.1709
    lifetime: 22.4264
    annual_cost: 1.8358229586558699
    efficiency: 0.591544
    discharge_ratio: 0.1
    depth_of_discharge: 0.4
  Li-ion:
    cost: 278.524
    lifetime: 17.1615
    annual_cost: 16.229583661101884
    efficiency: 0.942875
    discharge_ratio: 2
    depth_of_discharge: 0.9
  Pb-acid:
    cost: 182.134
    lifetime: 10.6864
    annual_cost: 17.04353196586315
    efficiency: 0.746842
    discharge_ratio: 5
    depth_of_discharge: 0.5
  VRBF:
    cost: 272.84
    lifetime: 18.708
    annual_cost: 14.584135129356424
    efficiency: 0.762272
    discharge_ratio: 0.5
    depth_of_discharge: 1.0
