cost_values:
  wind_capex: 5000.0
  wind_opex: 100
  wind_lifetime: 20
  solar_capex: 1000.0
  solar_opex: 10
  solar_lifetime: 20
  carbon_price: 1.0
timeseries_values:
  load_level: 236071.66236818826
  wind_year: 2010
  solar_year: 2010
  price_year: 2023
  carbon_year: 2023
storage_values:
  CAES:
    cost: 43.8857
    lifetime: 24.4633
    annual_cost: 1.7939403105876965
    efficiency: 0.592323
    discharge_ratio: 0.1
    depth_of_discharge: 0.4
  Li-ion:
    cost: 269.163
    lifetime: 15.7721
    annual_cost: 17.065768033426114
    efficiency: 0.932648
    discharge_ratio: 2
    depth_of_discharge: 0.9
  Pb-acid:
    cost: 186.575
    lifetime: 9.86403
    annual_cost: 18.914682943989423
    efficiency: 0.739122
    discharge_ratio: 5
    depth_of_discharge: 0.5
  VRBF:
    cost: 276.183
    lifetime: 20.7072
    annual_cost: 13.337534770514603
    efficiency: 0.754728
    discharge_ratio: 0.5
    depth_of_discharge: 1.0
