cost_values:
  wind_capex: 5000.0
  wind_opex: 100
  wind_lifetime: 20
  solar_capex: 1000.0
  solar_opex: 10
  solar_lifetime: 20
  carbon_price: 1.0
timeseries_values:
  load_level: 236071.66236818826
  wind_year: 2010
  solar_year: 2010
  price_year: 2023
  carbon_year: 2023
storage_values:
  CAES:
    cost: 39.0434
    lifetime: 21.7746
    annual_cost: 1.7930708256408843
    efficiency: 0.589067
    discharge_ratio: 0.1
    depth_of_discharge: 0.4
  Li-ion:
    cost: 294.804
    lifetime: 17.9758
    annual_cost: 16.40004895470577
    efficiency: 0.937017
    discharge_ratio: 2
    depth_of_discharge: 0.9
  Pb-acid:
    cost: 195.018
    lifetime: 10.4231
    annual_cost: 18.710172597403844
    efficiency: 0.748885
    discharge_ratio: 5
    depth_of_discharge: 0.5
  VRBF:
    cost: 275.21
    lifetime: 19.6533
    annual_cost: 14.003246274162606
    efficiency: 0.748397
    discharge_ratio: 0.5
    depth_of_discharge: 1.0
