cost_values:
  wind_capex: 5000.0
  wind_opex: 100
  wind_lifetime: 20
  solar_capex: 1000.0
  solar_opex: 10
  solar_lifetime: 20
  carbon_price: 1.0
timeseries_values:
  load_level: 254328.41611324367
  wind_year: 2010
  solar_year: 2010
  price_year: 2023
  carbon_year: 2023
storage_values:
  CAES:
    cost: 73.5763
    lifetime: 24.7187
    annual_cost: 2.9765440739197455
    efficiency: 0.57973
    discharge_ratio: 0.1
    depth_of_discharge: 0.4
  Li-ion:
    cost: 239.84
    lifetime: 21.2221
    annual_cost: 11.301426343293077
    efficiency: 0.975418
    discharge_ratio: 2
    depth_of_discharge: 0.9
  Pb-acid:
    cost: 105.546
    lifetime: 11.1164
    annual_cost: 9.494620560613148
    efficiency: 0.705151
    discharge_ratio: 5
    depth_of_discharge: 0.5
  VRBF:
    cost: 375.176
    lifetime: 14.0815
    annual_cost: 26.64318431985229
    efficiency: 0.709773
    discharge_ratio: 0.5
    depth_of_discharge: 1.0
