cost_values:
  wind_capex: 5000.0
  wind_opex: 100
  wind_lifetime: 20
  solar_capex: 1000.0
  solar_opex: 10
  solar_lifetime: 20
  carbon_price: 1.0
timeseries_values:
  load_level: 254328.41611324367
  wind_year: 2010
  solar_year: 2010
  price_year: 2023
  carbon_year: 2023
storage_values:
  CAES:
    cost: 62.8788
    lifetime: 24.2146
    annual_cost: 2.596730897888051
    efficiency: 0.584374
    discharge_ratio: 0.1
    depth_of_discharge: 0.4
  Li-ion:
    cost: 237.653
    lifetime: 23.4195
    annual_cost: 10.147654732167638
    efficiency: 0.973836
    discharge_ratio: 2
    depth_of_discharge: 0.9
  Pb-acid:
    cost: 111.705
    lifetime: 13.4014
    annual_cost: 8.335323175190652
    efficiency: 0.722235
    discharge_ratio: 5
    depth_of_discharge: 0.5
  VRBF:
    cost: 385.193
    lifetime: 14.5216
    annual_cost: 26.525520603790216
    efficiency: 0.703011
    discharge_ratio: 0.5
    depth_of_discharge: 1.0
