cost_values:
  wind_capex: 5000.0
  wind_opex: 100
  wind_lifetime: 20
  solar_capex: 1000.0
  solar_opex: 10
  solar_lifetime: 20
  carbon_price: 1.0
timeseries_values:
  load_level: 254328.41611324367
  wind_year: 2010
  solar_year: 2010
  price_year: 2023
  carbon_year: 2023
storage_values:
  CAES:
    cost: 71.0817
    lifetime: 24.8323
    annual_cost: 2.86246944503731
    efficiency: 0.582797
    discharge_ratio: 0.1
    depth_of_discharge: 0.4
  Li-ion:
    cost: 258.607
    lifetime: 23.2646
    annual_cost: 11.115901412446378
    efficiency: 0.96467
    discharge_ratio: 2
    depth_of_discharge: 0.9
  Pb-acid:
    cost: 124.942
    lifetime: 11.4099
    annual_cost: 10.950315077257468
    efficiency: 0.700264
    discharge_ratio: 5
    depth_of_discharge: 0.5
  VRBF:
    cost: 382.977
    lifetime: 16.0204
    annual_cost: 23.905582881825673
    efficiency: 0.715467
    discharge_ratio: 0.5
    depth_of_discharge: 1.0
