cost_values:
  wind_capex: 5000.0
  wind_opex: 100
  wind_lifetime: 20
  solar_capex: 1000.0
  solar_opex: 10
  solar_lifetime: 20
  carbon_price: 1.0
timeseries_values:
  load_level: 254328.41611324367
  wind_year: 2010
  solar_year: 2010
  price_year: 2023
  carbon_year: 2023
storage_values:
  CAES:
    cost: 65.1181
    lifetime: 24.1121
    annual_cost: 2.700639927671169
    efficiency: 0.586554
    discharge_ratio: 0.1
    depth_of_discharge: 0.4
  Li-ion:
    cost: 228.37
    lifetime: 23.8791
    annual_cost: 9.563593267752973
    efficiency: 0.965813
    discharge_ratio: 2
    depth_of_discharge: 0.9
  Pb-acid:
    cost: 118.086
    lifetime: 11.4375
    annual_cost: 10.324459016393442
    efficiency: 0.696868
    discharge_ratio: 5
    depth_of_discharge: 0.5
  VRBF:
    cost: 396.586
    lifetime: 14.8243
    annual_cost: 26.7524267587677
    efficiency: 0.697999
    discharge_ratio: 0.5
    depth_of_discharge: 1.0
