cost_values:
  wind_capex: 5000.0
  wind_opex: 100
  wind_lifetime: 20
  solar_capex: 1000.0
  solar_opex: 10
  solar_lifetime: 20
  carbon_price: 1.0
timeseries_values:
  load_level: 254328.41611324367
  wind_year: 2010
  solar_year: 2010
  price_year: 2023
  carbon_year: 2023
storage_values:
  CAES:
    cost: 66.6414
    lifetime: 24.7716
    annual_cost: 2.690233977619532
    efficiency: 0.592204
    discharge_ratio: 0.1
    depth_of_discharge: 0.4
  Li-ion:
    cost: 252.846
    lifetime: 24.5781
    annual_cost: 10.287451023472116
    efficiency: 0.962583
    discharge_ratio: 2
    depth_of_discharge: 0.9
  Pb-acid:
    cost: 97.8382
    lifetime: 12.0301
    annual_cost: 8.132783601133823
    efficiency: 0.708585
    discharge_ratio: 5
    depth_of_discharge: 0.5
  VRBF:
    cost: 375.65
    lifetime: 14.4695
    annual_cost: 25.961505235149797
    efficiency: 0.706144
    discharge_ratio: 0.5
    depth_of_discharge: 1.0
