cost_values:
  wind_capex: 5000.0
  wind_opex: 100
  wind_lifetime: 20
  solar_capex: 1000.0
  solar_opex: 10
  solar_lifetime: 20
  carbon_price: 1.0
timeseries_values:
  load_level: 254328.41611324367
  wind_year: 2010
  solar_year: 2010
  price_year: 2023
  carbon_year: 2023
storage_values:
  CAES:
    cost: 68.8572
    lifetime: 23.4243
    annual_cost: 2.9395627617474167
    efficiency: 0.593523
    discharge_ratio: 0.1
    depth_of_discharge: 0.4
  Li-ion:
    cost: 250.056
    lifetime: 21.7868
    annual_cost: 11.477408338994254
    efficiency: 0.975082
    discharge_ratio: 2
    depth_of_discharge: 0.9
  Pb-acid:
    cost: 93.7388
    lifetime: 12.1505
    annual_cost: 7.714810090119748
    efficiency: 0.697279
    discharge_ratio: 5
    depth_of_discharge: 0.5
  VRBF:
    cost: 384.876
    lifetime: 13.309
    annual_cost: 28.91847621909986
    efficiency: 0.703371
    discharge_ratio: 0.5
    depth_of_discharge: 1.0
