cost_values:
  wind_capex: 5000.0
  wind_opex: 100
  wind_lifetime: 20
  solar_capex: 1000.0
  solar_opex: 10
  solar_lifetime: 20
  carbon_price: 1.0
timeseries_values:
  load_level: 254328.41611324367
  wind_year: 2010
  solar_year: 2010
  price_year: 2023
  carbon_year: 2023
storage_values:
  CAES:
    cost: 72.5222
    lifetime: 25.9164
    annual_cost: 2.7983130373045637
    efficiency: 0.581074
    discharge_ratio: 0.1
    depth_of_discharge: 0.4
  Li-ion:
    cost: 243.102
    lifetime: 23.6877
    annual_cost: 10.262794614926735
    efficiency: 0.975791
    discharge_ratio: 2
    depth_of_discharge: 0.9
  Pb-acid:
    cost: 94.7525
    lifetime: 13.0438
    annual_cost: 7.264179150247627
    efficiency: 0.702332
    discharge_ratio: 5
    depth_of_discharge: 0.5
  VRBF:
    cost: 373.802
    lifetime: 14.107
    annual_cost: 26.497625292408028
    efficiency: 0.691546
    discharge_ratio: 0.5
    depth_of_discharge: 1.0
