cost_values:
  wind_capex: 5000.0
  wind_opex: 100
  wind_lifetime: 20
  solar_capex: 1000.0
  solar_opex: 10
  solar_lifetime: 20
  carbon_price: 1.0
timeseries_values:
  load_level: 254328.41611324367
  wind_year: 2010
  solar_year: 2010
  price_year: 2023
  carbon_year: 2023
storage_values:
  CAES:
    cost: 68.5094
    lifetime: 24.3913
    annual_cost: 2.808763780528303
    efficiency: 0.599489
    discharge_ratio: 0.1
    depth_of_discharge: 0.4
  Li-ion:
    cost: 230.286
    lifetime: 23.9686
    annual_cost: 9.607820231469507
    efficiency: 0.970751
    discharge_ratio: 2
    depth_of_discharge: 0.9
  Pb-acid:
    cost: 131.256
    lifetime: 12.7916
    annual_cost: 10.261108852684574
    efficiency: 0.707317
    discharge_ratio: 5
    depth_of_discharge: 0.5
  VRBF:
    cost: 344.59
    lifetime: 15.171
    annual_cost: 22.713730143036056
    efficiency: 0.702243
    discharge_ratio: 0.5
    depth_of_discharge: 1.0
