cost_values:
  wind_capex: 5000.0
  wind_opex: 100
  wind_lifetime: 20
  solar_capex: 1000.0
  solar_opex: 10
  solar_lifetime: 20
  carbon_price: 1.0
timeseries_values:
  load_level: 254328.41611324367
  wind_year: 2010
  solar_year: 2010
  price_year: 2023
  carbon_year: 2023
storage_values:
  CAES:
    cost: 78.0713
    lifetime: 26.0044
    annual_cost: 3.002234237282921
    efficiency: 0.585477
    discharge_ratio: 0.1
    depth_of_discharge: 0.4
  Li-ion:
    cost: 244.533
    lifetime: 24.4742
    annual_cost: 9.991460395028234
    efficiency: 0.955005
    discharge_ratio: 2
    depth_of_discharge: 0.9
  Pb-acid:
    cost: 100.541
    lifetime: 13.6976
    annual_cost: 7.340044971381848
    efficiency: 0.698109
    discharge_ratio: 5
    depth_of_discharge: 0.5
  VRBF:
    cost: 381.992
    lifetime: 14.6829
    annual_cost: 26.016113982932527
    efficiency: 0.70592
    discharge_ratio: 0.5
    depth_of_discharge: 1.0
