cost_values:
  wind_capex: 5000.0
  wind_opex: 100
  wind_lifetime: 20
  solar_capex: 1000.0
  solar_opex: 10
  solar_lifetime: 20
  carbon_price: 1.0
timeseries_values:
  load_level: 254328.41611324367
  wind_year: 2010
  solar_year: 2010
  price_year: 2023
  carbon_year: 2023
storage_values:
  CAES:
    cost: 73.6061
    lifetime: 24.8374
    annual_cost: 2.963518725792555
    efficiency: 0.587802
    discharge_ratio: 0.1
    depth_of_discharge: 0.4
  Li-ion:
    cost: 237.097
    lifetime: 23.4966
    annual_cost: 10.090693972744992
    efficiency: 0.965662
    discharge_ratio: 2
    depth_of_discharge: 0.9
  Pb-acid:
    cost: 101.794
    lifetime: 11.458
    annual_cost: 8.88409844650026
    efficiency: 0.714853
    discharge_ratio: 5
    depth_of_discharge: 0.5
  VRBF:
    cost: 353.856
    lifetime: 16.4009
    annual_cost: 21.57540134992592
    efficiency: 0.715868
    discharge_ratio: 0.5
    depth_of_discharge: 1.0
