cost_values:
  wind_capex: 5000.0
  wind_opex: 100
  wind_lifetime: 20
  solar_capex: 1000.0
  solar_opex: 10
  solar_lifetime: 20
  carbon_price: 1.0
timeseries_values:
  load_level: 254328.41611324367
  wind_year: 2010
  solar_year: 2010
  price_year: 2023
  carbon_year: 2023
storage_values:
  CAES:
    cost: 66.7877
    lifetime: 24.2168
    annual_cost: 2.7579077334742825
    efficiency: 0.58588
    discharge_ratio: 0.1
    depth_of_discharge: 0.4
  Li-ion:
    cost: 227.911
    lifetime: 23.3652
    annual_cost: 9.754292708814818
    efficiency: 0.969559
    discharge_ratio: 2
    depth_of_discharge: 0.9
  Pb-acid:
    cost: 113.306
    lifetime: 11.1775
    annual_cost: 10.136971594721539
    efficiency: 0.693898
    discharge_ratio: 5
    depth_of_discharge: 0.5
  VRBF:
    cost: 376.126
    lifetime: 14.6548
    annual_cost: 25.665720446543112
    efficiency: 0.72877
    discharge_ratio: 0.5
    depth_of_discharge: 1.0
