cost_values:
  wind_capex: 5000.0
  wind_opex: 100
  wind_lifetime: 20
  solar_capex: 1000.0
  solar_opex: 10
  solar_lifetime: 20
  carbon_price: 1.0
timeseries_values:
  load_level: 254328.41611324367
  wind_year: 2010
  solar_year: 2010
  price_year: 2023
  carbon_year: 2023
storage_values:
  CAES:
    cost: 75.2673
    lifetime: 23.7901
    annual_cost: 3.163807634268036
    efficiency: 0.583599
    discharge_ratio: 0.1
    depth_of_discharge: 0.4
  Li-ion:
    cost: 228.153
    lifetime: 25.7317
    annual_cost: 8.866611999984455
    efficiency: 0.961799
    discharge_ratio: 2
    depth_of_discharge: 0.9
  Pb-acid:
    cost: 111.468
    lifetime: 12.0057
    annual_cost: 9.28458981983558
    efficiency: 0.715161
    discharge_ratio: 5
    depth_of_discharge: 0.5
  VRBF:
    cost: 383.384
    lifetime: 16.4471
    annual_cost: 23.31012762128278
    efficiency: 0.715299
    discharge_ratio: 0.5
    depth_of_discharge: 1.0
