cost_values:
  wind_capex: 5000.0
  wind_opex: 100
  wind_lifetime: 20
  solar_capex: 1000.0
  solar_opex: 10
  solar_lifetime: 20
  carbon_price: 1.0
timeseries_values:
  load_level: 254328.41611324367
  wind_year: 2010
  solar_year: 2010
  price_year: 2023
  carbon_year: 2023
storage_values:
  CAES:
    cost: 71.3348
    lifetime: 24.7637
    annual_cost: 2.880619616616257
    efficiency: 0.58114
    discharge_ratio: 0.1
    depth_of_discharge: 0.4
  Li-ion:
    cost: 238.986
    lifetime: 22.9129
    annual_cost: 10.430194344670468
    efficiency: 0.980958
    discharge_ratio: 2
    depth_of_discharge: 0.9
  Pb-acid:
    cost: 101.045
    lifetime: 13.5066
    annual_cost: 7.4811573601054295
    efficiency: 0.703289
    discharge_ratio: 5
    depth_of_discharge: 0.5
  VRBF:
    cost: 368.112
    lifetime: 16.0635
    annual_cost: 22.916051918946682
    efficiency: 0.70245
    discharge_ratio: 0.5
    depth_of_discharge: 1.0
