cost_values:
  wind_capex: 5000.0
  wind_opex: 100
  wind_lifetime: 20
  solar_capex: 1000.0
  solar_opex: 10
  solar_lifetime: 20
  carbon_price: 1.0
timeseries_values:
  load_level: 254328.41611324367
  wind_year: 2010
  solar_year: 2010
  price_year: 2023
  carbon_year: 2023
storage_values:
  CAES:
    cost: 71.2753
    lifetime: 25.5925
    annual_cost: 2.785007326365146
    efficiency: 0.576607
    discharge_ratio: 0.1
    depth_of_discharge: 0.4
  Li-ion:
    cost: 231.887
    lifetime: 21.1212
    annual_cost: 10.978874306384107
    efficiency: 0.962389
    discharge_ratio: 2
    depth_of_discharge: 0.9
  Pb-acid:
    cost: 121.918
    lifetime: 13.3609
    annual_cost: 9.124984095382796
    efficiency: 0.709061
    discharge_ratio: 5
    depth_of_discharge: 0.5
  VRBF:
    cost: 368.088
    lifetime: 12.8668
    annual_cost: 28.60757919607051
    efficiency: 0.706634
    discharge_ratio: 0.5
    depth_of_discharge: 1.0
