cost_values:
  wind_capex: 5000.0
  wind_opex: 100
  wind_lifetime: 20
  solar_capex: 1000.0
  solar_opex: 10
  solar_lifetime: 20
  carbon_price: 1.0
timeseries_values:
  load_level: 254328.41611324367
  wind_year: 2010
  solar_year: 2010
  price_year: 2023
  carbon_year: 2023
storage_values:
  CAES:
    cost: 74.2437
    lifetime: 25.3815
    annual_cost: 2.9251108090538387
    efficiency: 0.588616
    discharge_ratio: 0.1
    depth_of_discharge: 0.4
  Li-ion:
    cost: 266.08
    lifetime: 22.5526
    annual_cost: 11.798196216844175
    efficiency: 0.98714
    discharge_ratio: 2
    depth_of_discharge: 0.9
  Pb-acid:
    cost: 81.2087
    lifetime: 13.2344
    annual_cost: 6.136182977694492
    efficiency: 0.695596
    discharge_ratio: 5
    depth_of_discharge: 0.5
  VRBF:
    cost: 354.13
    lifetime: 15.8449
    annual_cost: 22.349778162058453
    efficiency: 0.709354
    discharge_ratio: 0.5
    depth_of_discharge: 1.0
