cost_values:
  wind_capex: 5000.0
  wind_opex: 100
  wind_lifetime: 20
  solar_capex: 1000.0
  solar_opex: 10
  solar_lifetime: 20
  carbon_price: 1.0
timeseries_values:
  load_level: 254328.41611324367
  wind_year: 2010
  solar_year: 2010
  price_year: 2023
  carbon_year: 2023
storage_values:
  CAES:
    cost: 64.5618
    lifetime: 23.8818
    annual_cost: 2.703389191769465
    efficiency: 0.586553
    discharge_ratio: 0.1
    depth_of_discharge: 0.4
  Li-ion:
    cost: 239.366
    lifetime: 22.8946
    annual_cost: 10.455129157093813
    efficiency: 0.960357
    discharge_ratio: 2
    depth_of_discharge: 0.9
  Pb-acid:
    cost: 90.0754
    lifetime: 12.9834
    annual_cost: 6.937735878121294
    efficiency: 0.705003
    discharge_ratio: 5
    depth_of_discharge: 0.5
  VRBF:
    cost: 384.009
    lifetime: 15.4924
    annual_cost: 24.78692778394568
    efficiency: 0.722695
    discharge_ratio: 0.5
    depth_of_discharge: 1.0
