cost_values:
  wind_capex: 5000.0
  wind_opex: 100
  wind_lifetime: 20
  solar_capex: 1000.0
  solar_opex: 10
  solar_lifetime: 20
  carbon_price: 1.0
timeseries_values:
  load_level: 254328.41611324367
  wind_year: 2010
  solar_year: 2010
  price_year: 2023
  carbon_year: 2023
storage_values:
  CAES:
    cost: 69.2687
    lifetime: 24.7006
    annual_cost: 2.8043326882747786
    efficiency: 0.582279
    discharge_ratio: 0.1
    depth_of_discharge: 0.4
  Li-ion:
    cost: 226.009
    lifetime: 20.8312
    annual_cost: 10.849542993202503
    efficiency: 0.979506
    discharge_ratio: 2
    depth_of_discharge: 0.9
  Pb-acid:
    cost: 87.1263
    lifetime: 12.3462
    annual_cost: 7.056932497448608
    efficiency: 0.711898
    discharge_ratio: 5
    depth_of_discharge: 0.5
  VRBF:
    cost: 389.17
    lifetime: 13.5513
    annual_cost: 28.718277951192878
    efficiency: 0.724039
    discharge_ratio: 0.5
    depth_of_discharge: 1.0
