cost_values:
  wind_capex: 5000.0
  wind_opex: 100
  wind_lifetime: 20
  solar_capex: 1000.0
  solar_opex: 10
  solar_lifetime: 20
  carbon_price: 1.0
timeseries_values:
  load_level: 254328.41611324367
  wind_year: 2010
  solar_year: 2010
  price_year: 2023
  carbon_year: 2023
storage_values:
  CAES:
    cost: 66.3288
    lifetime: 24.9384
    annual_cost: 2.6597055143874506
    efficiency: 0.590129
    discharge_ratio: 0.1
    depth_of_discharge: 0.4
  Li-ion:
    cost: 227.476
    lifetime: 24.3431
    annual_cost: 9.34457813507729
    efficiency: 0.974599
    discharge_ratio: 2
    depth_of_discharge: 0.9
  Pb-acid:
    cost: 113.053
    lifetime: 12.3787
    annual_cost: 9.132865325114915
    efficiency: 0.698846
    discharge_ratio: 5
    depth_of_discharge: 0.5
  VRBF:
    cost: 351.638
    lifetime: 15.3147
    annual_cost: 22.9608154257021
    efficiency: 0.730619
    discharge_ratio: 0.5
    depth_of_discharge: 1.0
