cost_values:
  wind_capex: 5000.0
  wind_opex: 100
  wind_lifetime: 20
  solar_capex: 1000.0
  solar_opex: 10
  solar_lifetime: 20
  carbon_price: 1.0
timeseries_values:
  load_level: 254328.41611324367
  wind_year: 2010
  solar_year: 2010
  price_year: 2023
  carbon_year: 2023
storage_values:
  CAES:
    cost: 74.9965
    lifetime: 25.1442
    annual_cost: 2.9826560399615016
    efficiency: 0.586148
    discharge_ratio: 0.1
    depth_of_discharge: 0.4
  Li-ion:
    cost: 249.606
    lifetime: 23.3459
    annual_cost: 10.691641787208889
    efficiency: 0.956889
    discharge_ratio: 2
    depth_of_discharge: 0.9
  Pb-acid:
    cost: 103.042
    lifetime: 12.5768
    annual_cost: 8.193022072387253
    efficiency: 0.709792
    discharge_ratio: 5
    depth_of_discharge: 0.5
  VRBF:
    cost: 392.66
    lifetime: 12.0178
    annual_cost: 32.67320141789679
    efficiency: 0.722089
    discharge_ratio: 0.5
    depth_of_discharge: 1.0
