cost_values:
  wind_capex: 5000.0
  wind_opex: 100
  wind_lifetime: 20
  solar_capex: 1000.0
  solar_opex: 10
  solar_lifetime: 20
  carbon_price: 1.0
timeseries_values:
  load_level: 254328.41611324367
  wind_year: 2010
  solar_year: 2010
  price_year: 2023
  carbon_year: 2023
storage_values:
  CAES:
    cost: 65.159
    lifetime: 24.485
    annual_cost: 2.661180314478252
    efficiency: 0.584868
    discharge_ratio: 0.1
    depth_of_discharge: 0.4
  Li-ion:
    cost: 238.433
    lifetime: 24.4014
    annual_cost: 9.771283614874557
    efficiency: 0.974468
    discharge_ratio: 2
    depth_of_discharge: 0.9
  Pb-acid:
    cost: 126.484
    lifetime: 11.9751
    annual_cost: 10.562250002087666
    efficiency: 0.711282
    discharge_ratio: 5
    depth_of_discharge: 0.5
  VRBF:
    cost: 366.916
    lifetime: 13.6072
    annual_cost: 26.964842142395202
    efficiency: 0.720081
    discharge_ratio: 0.5
    depth_of_discharge: 1.0
