cost_values:
  wind_capex: 5000.0
  wind_opex: 100
  wind_lifetime: 20
  solar_capex: 1000.0
  solar_opex: 10
  solar_lifetime: 20
  carbon_price: 1.0
timeseries_values:
  load_level: 254328.41611324367
  wind_year: 2010
  solar_year: 2010
  price_year: 2023
  carbon_year: 2023
storage_values:
  CAES:
    cost: 75.3302
    lifetime: 25.0745
    annual_cost: 3.0042553191489363
    efficiency: 0.581126
    discharge_ratio: 0.1
    depth_of_discharge: 0.4
  Li-ion:
    cost: 256.809
    lifetime: 23.811
    annual_cost: 10.785309310822731
    efficiency: 0.972479
    discharge_ratio: 2
    depth_of_discharge: 0.9
  Pb-acid:
    cost: 105.14
    lifetime: 12.4272
    annual_cost: 8.460473799407751
    efficiency: 0.700671
    discharge_ratio: 5
    depth_of_discharge: 0.5
  VRBF:
    cost: 375.261
    lifetime: 15.8094
    annual_cost: 23.73657444305287
    efficiency: 0.708228
    discharge_ratio: 0.5
    depth_of_discharge: 1.0
