cost_values:
  wind_capex: 5000.0
  wind_opex: 100
  wind_lifetime: 20
  solar_capex: 1000.0
  solar_opex: 10
  solar_lifetime: 20
  carbon_price: 1.0
timeseries_values:
  load_level: 254328.41611324367
  wind_year: 2010
  solar_year: 2010
  price_year: 2023
  carbon_year: 2023
storage_values:
  CAES:
    cost: 62.7323
    lifetime: 25.1261
    annual_cost: 2.4966986519993153
    efficiency: 0.587603
    discharge_ratio: 0.1
    depth_of_discharge: 0.4
  Li-ion:
    cost: 229.342
    lifetime: 25.2373
    annual_cost: 9.087422188585942
    efficiency: 0.978526
    discharge_ratio: 2
    depth_of_discharge: 0.9
  Pb-acid:
    cost: 120.669
    lifetime: 12.2919
    annual_cost: 9.816952627339955
    efficiency: 0.712709
    discharge_ratio: 5
    depth_of_discharge: 0.5
  VRBF:
    cost: 384.419
    lifetime: 15.8831
    annual_cost: 24.2030208208725
    efficiency: 0.728361
    discharge_ratio: 0.5
    depth_of_discharge: 1.0
