cost_values:
  wind_capex: 5000.0
  wind_opex: 100
  wind_lifetime: 20
  solar_capex: 1000.0
  solar_opex: 10
  solar_lifetime: 20
  carbon_price: 1.0
timeseries_values:
  load_level: 254328.41611324367
  wind_year: 2010
  solar_year: 2010
  price_year: 2023
  carbon_year: 2023
storage_values:
  CAES:
    cost: 64.8953
    lifetime: 25.1894
    annual_cost: 2.576293996681144
    efficiency: 0.57263
    discharge_ratio: 0.1
    depth_of_discharge: 0.4
  Li-ion:
    cost: 233.063
    lifetime: 23.9297
    annual_cost: 9.73948691375153
    efficiency: 0.977154
    discharge_ratio: 2
    depth_of_discharge: 0.9
  Pb-acid:
    cost: 121.71
    lifetime: 12.3143
    annual_cost: 9.883631225485818
    efficiency: 0.699324
    discharge_ratio: 5
    depth_of_discharge: 0.5
  VRBF:
    cost: 357.84
    lifetime: 13.5963
    annual_cost: 26.31892500165486
    efficiency: 0.731345
    discharge_ratio: 0.5
    depth_of_discharge: 1.0
