cost_values:
  wind_capex: 5000.0
  wind_opex: 100
  wind_lifetime: 20
  solar_capex: 1000.0
  solar_opex: 10
  solar_lifetime: 20
  carbon_price: 1.0
timeseries_values:
  load_level: 254328.41611324367
  wind_year: 2010
  solar_year: 2010
  price_year: 2023
  carbon_year: 2023
storage_values:
  CAES:
    cost: 69.9356
    lifetime: 24.0268
    annual_cost: 2.9107330148001394
    efficiency: 0.577796
    discharge_ratio: 0.1
    depth_of_discharge: 0.4
  Li-ion:
    cost: 261.533
    lifetime: 23.0154
    annual_cost: 11.363391468321211
    efficiency: 0.979852
    discharge_ratio: 2
    depth_of_discharge: 0.9
  Pb-acid:
    cost: 102.038
    lifetime: 12.2262
    annual_cost: 8.345847442377844
    efficiency: 0.711726
    discharge_ratio: 5
    depth_of_discharge: 0.5
  VRBF:
    cost: 354.102
    lifetime: 14.6277
    annual_cost: 24.207633462540247
    efficiency: 0.70079
    discharge_ratio: 0.5
    depth_of_discharge: 1.0
