cost_values:
  wind_capex: 5000.0
  wind_opex: 100
  wind_lifetime: 20
  solar_capex: 1000.0
  solar_opex: 10
  solar_lifetime: 20
  carbon_price: 1.0
timeseries_values:
  load_level: 254328.41611324367
  wind_year: 2010
  solar_year: 2010
  price_year: 2023
  carbon_year: 2023
storage_values:
  CAES:
    cost: 67.1492
    lifetime: 23.796
    annual_cost: 2.8218692217179355
    efficiency: 0.580235
    discharge_ratio: 0.1
    depth_of_discharge: 0.4
  Li-ion:
    cost: 238.539
    lifetime: 23.1566
    annual_cost: 10.30112365373155
    efficiency: 0.972594
    discharge_ratio: 2
    depth_of_discharge: 0.9
  Pb-acid:
    cost: 118.91
    lifetime: 12.4753
    annual_cost: 9.531634509791347
    efficiency: 0.708433
    discharge_ratio: 5
    depth_of_discharge: 0.5
  VRBF:
    cost: 346.131
    lifetime: 13.62
    annual_cost: 25.413436123348017
    efficiency: 0.72294
    discharge_ratio: 0.5
    depth_of_discharge: 1.0
