cost_values:
  wind_capex: 5000.0
  wind_opex: 100
  wind_lifetime: 20
  solar_capex: 1000.0
  solar_opex: 10
  solar_lifetime: 20
  carbon_price: 1.0
timeseries_values:
  load_level: 254328.41611324367
  wind_year: 2010
  solar_year: 2010
  price_year: 2023
  carbon_year: 2023
storage_values:
  CAES:
    cost: 66.5412
    lifetime: 24.9698
    annual_cost: 2.664867159528711
    efficiency: 0.589924
    discharge_ratio: 0.1
    depth_of_discharge: 0.4
  Li-ion:
    cost: 236.53
    lifetime: 23.5096
    annual_cost: 10.060996358934224
    efficiency: 0.954467
    discharge_ratio: 2
    depth_of_discharge: 0.9
  Pb-acid:
    cost: 108.077
    lifetime: 14.0412
    annual_cost: 7.697134148078511
    efficiency: 0.70374
    discharge_ratio: 5
    depth_of_discharge: 0.5
  VRBF:
    cost: 384.961
    lifetime: 12.7138
    annual_cost: 30.278988186065533
    efficiency: 0.730285
    discharge_ratio: 0.5
    depth_of_discharge: 1.0
