cost_values:
  wind_capex: 5000.0
  wind_opex: 100
  wind_lifetime: 20
  solar_capex: 1000.0
  solar_opex: 10
  solar_lifetime: 20
  carbon_price: 1.0
timeseries_values:
  load_level: 254328.41611324367
  wind_year: 2010
  solar_year: 2010
  price_year: 2023
  carbon_year: 2023
storage_values:
  CAES:
    cost: 70.7849
    lifetime: 23.8922
    annual_cost: 2.9626781962314057
    efficiency: 0.588898
    discharge_ratio: 0.1
    depth_of_discharge: 0.4
  Li-ion:
    cost: 233.014
    lifetime: 21.9975
    annual_cost: 10.592749176042734
    efficiency: 0.971931
    discharge_ratio: 2
    depth_of_discharge: 0.9
  Pb-acid:
    cost: 99.0109
    lifetime: 11.6889
    annual_cost: 8.47050620674315
    efficiency: 0.706263
    discharge_ratio: 5
    depth_of_discharge: 0.5
  VRBF:
    cost: 385.065
    lifetime: 13.364
    annual_cost: 28.81360371146363
    efficiency: 0.720396
    discharge_ratio: 0.5
    depth_of_discharge: 1.0
