cost_values:
  wind_capex: 5000.0
  wind_opex: 100
  wind_lifetime: 20
  solar_capex: 1000.0
  solar_opex: 10
  solar_lifetime: 20
  carbon_price: 1.0
timeseries_values:
  load_level: 254328.41611324367
  wind_year: 2010
  solar_year: 2010
  price_year: 2023
  carbon_year: 2023
storage_values:
  CAES:
    cost: 68.9451
    lifetime: 24.6642
    annual_cost: 2.7953511567372953
    efficiency: 0.588294
    discharge_ratio: 0.1
    depth_of_discharge: 0.4
  Li-ion:
    cost: 218.151
    lifetime: 23.2162
    annual_cost: 9.396498996390452
    efficiency: 0.955901
    discharge_ratio: 2
    depth_of_discharge: 0.9
  Pb-acid:
    cost: 103.124
    lifetime: 13.0532
    annual_cost: 7.90028498758925
    efficiency: 0.70818
    discharge_ratio: 5
    depth_of_discharge: 0.5
  VRBF:
    cost: 364.238
    lifetime: 15.631
    annual_cost: 23.30228392297358
    efficiency: 0.71518
    discharge_ratio: 0.5
    depth_of_discharge: 1.0
