cost_values:
  wind_capex: 5000.0
  wind_opex: 100
  wind_lifetime: 20
  solar_capex: 1000.0
  solar_opex: 10
  solar_lifetime: 20
  carbon_price: 1.0
timeseries_values:
  load_level: 254328.41611324367
  wind_year: 2010
  solar_year: 2010
  price_year: 2023
  carbon_year: 2023
storage_values:
  CAES:
    cost: 64.2694
    lifetime: 24.4986
    annual_cost: 2.623390724367923
    efficiency: 0.587803
    discharge_ratio: 0.1
    depth_of_discharge: 0.4
  Li-ion:
    cost: 231.041
    lifetime: 22.5971
    annual_cost: 10.224365073394374
    efficiency: 0.979466
    discharge_ratio: 2
    depth_of_discharge: 0.9
  Pb-acid:
    cost: 112.67
    lifetime: 11.4693
    annual_cost: 9.8236160881658
    efficiency: 0.710522
    discharge_ratio: 5
    depth_of_discharge: 0.5
  VRBF:
    cost: 379.835
    lifetime: 12.4545
    annual_cost: 30.497812035810348
    efficiency: 0.712156
    discharge_ratio: 0.5
    depth_of_discharge: 1.0
