cost_values:
  wind_capex: 5000.0
  wind_opex: 100
  wind_lifetime: 20
  solar_capex: 1000.0
  solar_opex: 10
  solar_lifetime: 20
  carbon_price: 1.0
timeseries_values:
  load_level: 254328.41611324367
  wind_year: 2010
  solar_year: 2010
  price_year: 2023
  carbon_year: 2023
storage_values:
  CAES:
    cost: 69.828
    lifetime: 24.9287
    annual_cost: 2.8011087621897652
    efficiency: 0.577453
    discharge_ratio: 0.1
    depth_of_discharge: 0.4
  Li-ion:
    cost: 233.573
    lifetime: 23.0185
    annual_cost: 10.147185959119838
    efficiency: 0.974028
    discharge_ratio: 2
    depth_of_discharge: 0.9
  Pb-acid:
    cost: 104.076
    lifetime: 11.6493
    annual_cost: 8.934099044577785
    efficiency: 0.707901
    discharge_ratio: 5
    depth_of_discharge: 0.5
  VRBF:
    cost: 362.668
    lifetime: 15.7655
    annual_cost: 23.003900922901273
    efficiency: 0.70818
    discharge_ratio: 0.5
    depth_of_discharge: 1.0
