cost_values:
  wind_capex: 5000.0
  wind_opex: 100
  wind_lifetime: 20
  solar_capex: 1000.0
  solar_opex: 10
  solar_lifetime: 20
  carbon_price: 1.0
timeseries_values:
  load_level: 254328.41611324367
  wind_year: 2010
  solar_year: 2010
  price_year: 2023
  carbon_year: 2023
storage_values:
  CAES:
    cost: 66.8799
    lifetime: 24.5799
    annual_cost: 2.7209183113031385
    efficiency: 0.575209
    discharge_ratio: 0.1
    depth_of_discharge: 0.4
  Li-ion:
    cost: 234.718
    lifetime: 23.6071
    annual_cost: 9.942686734075766
    efficiency: 0.962454
    discharge_ratio: 2
    depth_of_discharge: 0.9
  Pb-acid:
    cost: 114.272
    lifetime: 14.4631
    annual_cost: 7.900934101264597
    efficiency: 0.696728
    discharge_ratio: 5
    depth_of_discharge: 0.5
  VRBF:
    cost: 366.388
    lifetime: 14.4236
    annual_cost: 25.4019800881888
    efficiency: 0.714192
    discharge_ratio: 0.5
    depth_of_discharge: 1.0
