cost_values:
  wind_capex: 5000.0
  wind_opex: 100
  wind_lifetime: 20
  solar_capex: 1000.0
  solar_opex: 10
  solar_lifetime: 20
  carbon_price: 1.0
timeseries_values:
  load_level: 254328.41611324367
  wind_year: 2010
  solar_year: 2010
  price_year: 2023
  carbon_year: 2023
storage_values:
  CAES:
    cost: 68.7122
    lifetime: 23.6974
    annual_cost: 2.899567041109995
    efficiency: 0.580626
    discharge_ratio: 0.1
    depth_of_discharge: 0.4
  Li-ion:
    cost: 231.211
    lifetime: 24.5985
    annual_cost: 9.399394272008456
    efficiency: 0.962248
    discharge_ratio: 2
    depth_of_discharge: 0.9
  Pb-acid:
    cost: 122.884
    lifetime: 12.6064
    annual_cost: 9.747747176037567
    efficiency: 0.706357
    discharge_ratio: 5
    depth_of_discharge: 0.5
  VRBF:
    cost: 392.049
    lifetime: 16.1833
    annual_cost: 24.22552878584714
    efficiency: 0.703156
    discharge_ratio: 0.5
    depth_of_discharge: 1.0
