cost_values:
  wind_capex: 5000.0
  wind_opex: 100
  wind_lifetime: 20
  solar_capex: 1000.0
  solar_opex: 10
  solar_lifetime: 20
  carbon_price: 1.0
timeseries_values:
  load_level: 254328.41611324367
  wind_year: 2010
  solar_year: 2010
  price_year: 2023
  carbon_year: 2023
storage_values:
  CAES:
    cost: 67.065
    lifetime: 25.0908
    annual_cost: 2.6728920560524174
    efficiency: 0.593024
    discharge_ratio: 0.1
    depth_of_discharge: 0.4
  Li-ion:
    cost: 224.835
    lifetime: 22.8818
    annual_cost: 9.825931526365935
    efficiency: 0.960925
    discharge_ratio: 2
    depth_of_discharge: 0.9
  Pb-acid:
    cost: 107.463
    lifetime: 13.492
    annual_cost: 7.964942187963237
    efficiency: 0.708241
    discharge_ratio: 5
    depth_of_discharge: 0.5
  VRBF:
    cost: 357.922
    lifetime: 13.6689
    annual_cost: 26.18513559979223
    efficiency: 0.721714
    discharge_ratio: 0.5
    depth_of_discharge: 1.0
