cost_values:
  wind_capex: 5000.0
  wind_opex: 100
  wind_lifetime: 20
  solar_capex: 1000.0
  solar_opex: 10
  solar_lifetime: 20
  carbon_price: 1.0
timeseries_values:
  load_level: 254328.41611324367
  wind_year: 2010
  solar_year: 2010
  price_year: 2023
  carbon_year: 2023
storage_values:
  CAES:
    cost: 67.2503
    lifetime: 24.8472
    annual_cost: 2.7065544608648056
    efficiency: 0.580058
    discharge_ratio: 0.1
    depth_of_discharge: 0.4
  Li-ion:
    cost: 222.612
    lifetime: 26.7328
    annual_cost: 8.327298300215466
    efficiency: 0.963371
    discharge_ratio: 2
    depth_of_discharge: 0.9
  Pb-acid:
    cost: 95.3856
    lifetime: 10.5288
    annual_cost: 9.059493959425575
    efficiency: 0.710371
    discharge_ratio: 5
    depth_of_discharge: 0.5
  VRBF:
    cost: 364.805
    lifetime: 13.7591
    annual_cost: 26.51372546169444
    efficiency: 0.719718
    discharge_ratio: 0.5
    depth_of_discharge: 1.0
