cost_values:
  wind_capex: 5000.0
  wind_opex: 100
  wind_lifetime: 20
  solar_capex: 1000.0
  solar_opex: 10
  solar_lifetime: 20
  carbon_price: 1.0
timeseries_values:
  load_level: 254328.41611324367
  wind_year: 2010
  solar_year: 2010
  price_year: 2023
  carbon_year: 2023
storage_values:
  CAES:
    cost: 65.847
    lifetime: 25.7888
    annual_cost: 2.553317719320015
    efficiency: 0.583409
    discharge_ratio: 0.1
    depth_of_discharge: 0.4
  Li-ion:
    cost: 237.238
    lifetime: 23.8015
    annual_cost: 9.967354998634539
    efficiency: 0.967112
    discharge_ratio: 2
    depth_of_discharge: 0.9
  Pb-acid:
    cost: 93.4794
    lifetime: 12.535
    annual_cost: 7.457471080973274
    efficiency: 0.719589
    discharge_ratio: 5
    depth_of_discharge: 0.5
  VRBF:
    cost: 354.757
    lifetime: 13.4981
    annual_cost: 26.28199524377505
    efficiency: 0.734464
    discharge_ratio: 0.5
    depth_of_discharge: 1.0
