cost_values:
  wind_capex: 5000.0
  wind_opex: 100
  wind_lifetime: 20
  solar_capex: 1000.0
  solar_opex: 10
  solar_lifetime: 20
  carbon_price: 1.0
timeseries_values:
  load_level: 254328.41611324367
  wind_year: 2010
  solar_year: 2010
  price_year: 2023
  carbon_year: 2023
storage_values:
  CAES:
    cost: 64.853
    lifetime: 24.2149
    annual_cost: 2.6782270420278422
    efficiency: 0.576745
    discharge_ratio: 0.1
    depth_of_discharge: 0.4
  Li-ion:
    cost: 234.532
    lifetime: 23.8593
    annual_cost: 9.829793833012703
    efficiency: 0.972417
    discharge_ratio: 2
    depth_of_discharge: 0.9
  Pb-acid:
    cost: 109.837
    lifetime: 12.8333
    annual_cost: 8.558749503245464
    efficiency: 0.703563
    discharge_ratio: 5
    depth_of_discharge: 0.5
  VRBF:
    cost: 378.382
    lifetime: 14.3598
    annual_cost: 26.350088441343196
    efficiency: 0.729354
    discharge_ratio: 0.5
    depth_of_discharge: 1.0
