cost_values:
  wind_capex: 5000.0
  wind_opex: 100
  wind_lifetime: 20
  solar_capex: 1000.0
  solar_opex: 10
  solar_lifetime: 20
  carbon_price: 1.0
timeseries_values:
  load_level: 254328.41611324367
  wind_year: 2010
  solar_year: 2010
  price_year: 2023
  carbon_year: 2023
storage_values:
  CAES:
    cost: 70.575
    lifetime: 25.5729
    annual_cost: 2.759757399434558
    efficiency: 0.575407
    discharge_ratio: 0.1
    depth_of_discharge: 0.4
  Li-ion:
    cost: 250.896
    lifetime: 22.8294
    annual_cost: 10.990039160030486
    efficiency: 0.985983
    discharge_ratio: 2
    depth_of_discharge: 0.9
  Pb-acid:
    cost: 118.963
    lifetime: 11.4321
    annual_cost: 10.406049632176066
    efficiency: 0.695499
    discharge_ratio: 5
    depth_of_discharge: 0.5
  VRBF:
    cost: 345.113
    lifetime: 13.1456
    annual_cost: 26.253118914313536
    efficiency: 0.724465
    discharge_ratio: 0.5
    depth_of_discharge: 1.0
