cost_values:
  wind_capex: 5000.0
  wind_opex: 100
  wind_lifetime: 20
  solar_capex: 1000.0
  solar_opex: 10
  solar_lifetime: 20
  carbon_price: 1.0
timeseries_values:
  load_level: 254328.41611324367
  wind_year: 2010
  solar_year: 2010
  price_year: 2023
  carbon_year: 2023
storage_values:
  CAES:
    cost: 66.3382
    lifetime: 24.9435
    annual_cost: 2.6595385571391343
    efficiency: 0.57958
    discharge_ratio: 0.1
    depth_of_discharge: 0.4
  Li-ion:
    cost: 245.972
    lifetime: 22.9282
    annual_cost: 10.72792456451008
    efficiency: 0.957787
    discharge_ratio: 2
    depth_of_discharge: 0.9
  Pb-acid:
    cost: 104.707
    lifetime: 10.8475
    annual_cost: 9.652638856879465
    efficiency: 0.70165
    discharge_ratio: 5
    depth_of_discharge: 0.5
  VRBF:
    cost: 392.435
    lifetime: 16.571
    annual_cost: 23.682034880212417
    efficiency: 0.717008
    discharge_ratio: 0.5
    depth_of_discharge: 1.0
