cost_values:
  wind_capex: 5000.0
  wind_opex: 100
  wind_lifetime: 20
  solar_capex: 1000.0
  solar_opex: 10
  solar_lifetime: 20
  carbon_price: 1.0
timeseries_values:
  load_level: 254328.41611324367
  wind_year: 2010
  solar_year: 2010
  price_year: 2023
  carbon_year: 2023
storage_values:
  CAES:
    cost: 60.2935
    lifetime: 24.5081
    annual_cost: 2.460145829338056
    efficiency: 0.581647
    discharge_ratio: 0.1
    depth_of_discharge: 0.4
  Li-ion:
    cost: 248.447
    lifetime: 24.5767
    annual_cost: 10.109046373190868
    efficiency: 0.975361
    discharge_ratio: 2
    depth_of_discharge: 0.9
  Pb-acid:
    cost: 92.7429
    lifetime: 11.5141
    annual_cost: 8.054724207710548
    efficiency: 0.695374
    discharge_ratio: 5
    depth_of_discharge: 0.5
  VRBF:
    cost: 396.465
    lifetime: 14.5023
    annual_cost: 27.338077408411078
    efficiency: 0.713933
    discharge_ratio: 0.5
    depth_of_discharge: 1.0
