cost_values:
  wind_capex: 5000.0
  wind_opex: 100
  wind_lifetime: 20
  solar_capex: 1000.0
  solar_opex: 10
  solar_lifetime: 20
  carbon_price: 1.0
timeseries_values:
  load_level: 254328.41611324367
  wind_year: 2010
  solar_year: 2010
  price_year: 2023
  carbon_year: 2023
storage_values:
  CAES:
    cost: 66.7969
    lifetime: 25.1403
    annual_cost: 2.6569651117926196
    efficiency: 0.5915
    discharge_ratio: 0.1
    depth_of_discharge: 0.4
  Li-ion:
    cost: 246.528
    lifetime: 23.3761
    annual_cost: 10.546156116717501
    efficiency: 0.981105
    discharge_ratio: 2
    depth_of_discharge: 0.9
  Pb-acid:
    cost: 93.7901
    lifetime: 12.9866
    annual_cost: 7.222067361742104
    efficiency: 0.714583
    discharge_ratio: 5
    depth_of_discharge: 0.5
  VRBF:
    cost: 384.694
    lifetime: 12.5475
    annual_cost: 30.65901574018729
    efficiency: 0.72959
    discharge_ratio: 0.5
    depth_of_discharge: 1.0
