cost_values:
  wind_capex: 5000.0
  wind_opex: 100
  wind_lifetime: 20
  solar_capex: 1000.0
  solar_opex: 10
  solar_lifetime: 20
  carbon_price: 1.0
timeseries_values:
  load_level: 254328.41611324367
  wind_year: 2010
  solar_year: 2010
  price_year: 2023
  carbon_year: 2023
storage_values:
  CAES:
    cost: 68.2691
    lifetime: 24.9825
    annual_cost: 2.7326768738116676
    efficiency: 0.590488
    discharge_ratio: 0.1
    depth_of_discharge: 0.4
  Li-ion:
    cost: 235.063
    lifetime: 23.3773
    annual_cost: 10.055181736128636
    efficiency: 0.977166
    discharge_ratio: 2
    depth_of_discharge: 0.9
  Pb-acid:
    cost: 95.0259
    lifetime: 11.5725
    annual_cost: 8.211354504212572
    efficiency: 0.708154
    discharge_ratio: 5
    depth_of_discharge: 0.5
  VRBF:
    cost: 377.921
    lifetime: 12.1239
    annual_cost: 31.17157020430719
    efficiency: 0.722469
    discharge_ratio: 0.5
    depth_of_discharge: 1.0
