cost_values:
  wind_capex: 5000.0
  wind_opex: 100
  wind_lifetime: 20
  solar_capex: 1000.0
  solar_opex: 10
  solar_lifetime: 20
  carbon_price: 1.0
timeseries_values:
  load_level: 254328.41611324367
  wind_year: 2010
  solar_year: 2010
  price_year: 2023
  carbon_year: 2023
storage_values:
  CAES:
    cost: 61.9556
    lifetime: 25.6328
    annual_cost: 2.417043787647077
    efficiency: 0.587315
    discharge_ratio: 0.1
    depth_of_discharge: 0.4
  Li-ion:
    cost: 242.657
    lifetime: 23.4099
    annual_cost: 10.36557183072119
    efficiency: 0.963352
    discharge_ratio: 2
    depth_of_discharge: 0.9
  Pb-acid:
    cost: 117.462
    lifetime: 12.8393
    annual_cost: 9.148629598186817
    efficiency: 0.708781
    discharge_ratio: 5
    depth_of_discharge: 0.5
  VRBF:
    cost: 392.003
    lifetime: 14.1522
    annual_cost: 27.69908565452721
    efficiency: 0.712687
    discharge_ratio: 0.5
    depth_of_discharge: 1.0
