cost_values:
  wind_capex: 5000.0
  wind_opex: 100
  wind_lifetime: 20
  solar_capex: 1000.0
  solar_opex: 10
  solar_lifetime: 20
  carbon_price: 1.0
timeseries_values:
  load_level: 254328.41611324367
  wind_year: 2010
  solar_year: 2010
  price_year: 2023
  carbon_year: 2023
storage_values:
  CAES:
    cost: 68.4305
    lifetime: 24.8782
    annual_cost: 2.750621025636903
    efficiency: 0.579892
    discharge_ratio: 0.1
    depth_of_discharge: 0.4
  Li-ion:
    cost: 245.402
    lifetime: 22.578
    annual_cost: 10.86907609177075
    efficiency: 0.97009
    discharge_ratio: 2
    depth_of_discharge: 0.9
  Pb-acid:
    cost: 125.102
    lifetime: 13.8733
    annual_cost: 9.017465202943784
    efficiency: 0.710012
    discharge_ratio: 5
    depth_of_discharge: 0.5
  VRBF:
    cost: 383.929
    lifetime: 11.9888
    annual_cost: 32.02397237421594
    efficiency: 0.717722
    discharge_ratio: 0.5
    depth_of_discharge: 1.0
