cost_values:
  wind_capex: 5000.0
  wind_opex: 100
  wind_lifetime: 20
  solar_capex: 1000.0
  solar_opex: 10
  solar_lifetime: 20
  carbon_price: 1.0
timeseries_values:
  load_level: 254328.41611324367
  wind_year: 2010
  solar_year: 2010
  price_year: 2023
  carbon_year: 2023
storage_values:
  CAES:
    cost: 71.9319
    lifetime: 24.7272
    annual_cost: 2.9090192177035816
    efficiency: 0.585461
    discharge_ratio: 0.1
    depth_of_discharge: 0.4
  Li-ion:
    cost: 254.307
    lifetime: 23.7891
    annual_cost: 10.690063936845025
    efficiency: 0.956196
    discharge_ratio: 2
    depth_of_discharge: 0.9
  Pb-acid:
    cost: 101.572
    lifetime: 12.3002
    annual_cost: 8.257751906473066
    efficiency: 0.706087
    discharge_ratio: 5
    depth_of_discharge: 0.5
  VRBF:
    cost: 377.07
    lifetime: 13.0446
    annual_cost: 28.90621406559036
    efficiency: 0.718517
    discharge_ratio: 0.5
    depth_of_discharge: 1.0
