cost_values:
  wind_capex: 5000.0
  wind_opex: 100
  wind_lifetime: 20
  solar_capex: 1000.0
  solar_opex: 10
  solar_lifetime: 20
  carbon_price: 1.0
timeseries_values:
  load_level: 227013.6450587728
  wind_year: 2016
  solar_year: 2013
  price_year: 2023
  carbon_year: 2023
storage_values:
  CAES:
    cost: 58.3324
    lifetime: 27.7028
    annual_cost: 2.105649970400104
    efficiency: 0.591146
    discharge_ratio: 0.1
    depth_of_discharge: 0.4
  Li-ion:
    cost: 153.266
    lifetime: 27.9531
    annual_cost: 5.482969688513975
    efficiency: 0.97515
    discharge_ratio: 2
    depth_of_discharge: 0.9
  Pb-acid:
    cost: 60.0008
    lifetime: 14.6963
    annual_cost: 4.082714696896497
    efficiency: 0.773394
    discharge_ratio: 5
    depth_of_discharge: 0.5
  VRBF:
    cost: 312.304
    lifetime: 28.4298
    annual_cost: 10.985093106529064
    efficiency: 0.792656
    discharge_ratio: 0.5
    depth_of_discharge: 1.0
