cost_values:
  wind_capex: 5000.0
  wind_opex: 100
  wind_lifetime: 20
  solar_capex: 1000.0
  solar_opex: 10
  solar_lifetime: 20
  carbon_price: 1.0
timeseries_values:
  load_level: 227013.6450587728
  wind_year: 2016
  solar_year: 2013
  price_year: 2023
  carbon_year: 2023
storage_values:
  CAES:
    cost: 65.4385
    lifetime: 27.3965
    annual_cost: 2.388571532860037
    efficiency: 0.586142
    discharge_ratio: 0.1
    depth_of_discharge: 0.4
  Li-ion:
    cost: 142.068
    lifetime: 26.9989
    annual_cost: 5.261992155235955
    efficiency: 0.971379
    discharge_ratio: 2
    depth_of_discharge: 0.9
  Pb-acid:
    cost: 74.2394
    lifetime: 14.5997
    annual_cost: 5.084994897155421
    efficiency: 0.784978
    discharge_ratio: 5
    depth_of_discharge: 0.5
  VRBF:
    cost: 283.824
    lifetime: 28.5652
    annual_cost: 9.93600604931875
    efficiency: 0.781454
    discharge_ratio: 0.5
    depth_of_discharge: 1.0
