cost_values:
  wind_capex: 5000.0
  wind_opex: 100
  wind_lifetime: 20
  solar_capex: 1000.0
  solar_opex: 10
  solar_lifetime: 20
  carbon_price: 1.0
timeseries_values:
  load_level: 227013.6450587728
  wind_year: 2016
  solar_year: 2013
  price_year: 2023
  carbon_year: 2023
storage_values:
  CAES:
    cost: 70.5818
    lifetime: 26.8124
    annual_cost: 2.632431263146902
    efficiency: 0.586756
    discharge_ratio: 0.1
    depth_of_discharge: 0.4
  Li-ion:
    cost: 186.453
    lifetime: 24.6177
    annual_cost: 7.573940701202793
    efficiency: 0.964982
    discharge_ratio: 2
    depth_of_discharge: 0.9
  Pb-acid:
    cost: 53.0706
    lifetime: 14.0594
    annual_cost: 3.774741454116107
    efficiency: 0.778834
    discharge_ratio: 5
    depth_of_discharge: 0.5
  VRBF:
    cost: 350.088
    lifetime: 29.6328
    annual_cost: 11.814205879970844
    efficiency: 0.806793
    discharge_ratio: 0.5
    depth_of_discharge: 1.0
