cost_values:
  wind_capex: 5000.0
  wind_opex: 100
  wind_lifetime: 20
  solar_capex: 1000.0
  solar_opex: 10
  solar_lifetime: 20
  carbon_price: 1.0
timeseries_values:
  load_level: 227013.6450587728
  wind_year: 2016
  solar_year: 2013
  price_year: 2023
  carbon_year: 2023
storage_values:
  CAES:
    cost: 64.5872
    lifetime: 27.2023
    annual_cost: 2.374328641328123
    efficiency: 0.576707
    discharge_ratio: 0.1
    depth_of_discharge: 0.4
  Li-ion:
    cost: 151.353
    lifetime: 28.9959
    annual_cost: 5.219806938222301
    efficiency: 0.975701
    discharge_ratio: 2
    depth_of_discharge: 0.9
  Pb-acid:
    cost: 55.4613
    lifetime: 16.6916
    annual_cost: 3.3227072299839437
    efficiency: 0.785959
    discharge_ratio: 5
    depth_of_discharge: 0.5
  VRBF:
    cost: 253.116
    lifetime: 28.879
    annual_cost: 8.76470791924928
    efficiency: 0.788018
    discharge_ratio: 0.5
    depth_of_discharge: 1.0
