cost_values:
  wind_capex: 5000.0
  wind_opex: 100
  wind_lifetime: 20
  solar_capex: 1000.0
  solar_opex: 10
  solar_lifetime: 20
  carbon_price: 1.0
timeseries_values:
  load_level: 227013.6450587728
  wind_year: 2016
  solar_year: 2013
  price_year: 2023
  carbon_year: 2023
storage_values:
  CAES:
    cost: 67.0536
    lifetime: 28.3892
    annual_cost: 2.361940456229834
    efficiency: 0.578987
    discharge_ratio: 0.1
    depth_of_discharge: 0.4
  Li-ion:
    cost: 156.479
    lifetime: 26.8118
    annual_cost: 5.836198987013181
    efficiency: 0.962342
    discharge_ratio: 2
    depth_of_discharge: 0.9
  Pb-acid:
    cost: 58.1789
    lifetime: 14.1969
    annual_cost: 4.098000267664068
    efficiency: 0.783066
    discharge_ratio: 5
    depth_of_discharge: 0.5
  VRBF:
    cost: 313.97
    lifetime: 25.2181
    annual_cost: 12.450184589639981
    efficiency: 0.774725
    discharge_ratio: 0.5
    depth_of_discharge: 1.0
