cost_values:
  wind_capex: 5000.0
  wind_opex: 100
  wind_lifetime: 20
  solar_capex: 1000.0
  solar_opex: 10
  solar_lifetime: 20
  carbon_price: 1.0
timeseries_values:
  load_level: 227013.6450587728
  wind_year: 2016
  solar_year: 2013
  price_year: 2023
  carbon_year: 2023
storage_values:
  CAES:
    cost: 56.676
    lifetime: 27.6021
    annual_cost: 2.0533220298455555
    efficiency: 0.584836
    discharge_ratio: 0.1
    depth_of_discharge: 0.4
  Li-ion:
    cost: 149.144
    lifetime: 25.2882
    annual_cost: 5.8977705016568995
    efficiency: 0.958823
    discharge_ratio: 2
    depth_of_discharge: 0.9
  Pb-acid:
    cost: 52.7915
    lifetime: 14.8714
    annual_cost: 3.5498675309654772
    efficiency: 0.782123
    discharge_ratio: 5
    depth_of_discharge: 0.5
  VRBF:
    cost: 307.532
    lifetime: 25.1353
    annual_cost: 12.235063834527535
    efficiency: 0.798593
    discharge_ratio: 0.5
    depth_of_discharge: 1.0
