cost_values:
  wind_capex: 5000.0
  wind_opex: 100
  wind_lifetime: 20
  solar_capex: 1000.0
  solar_opex: 10
  solar_lifetime: 20
  carbon_price: 1.0
timeseries_values:
  load_level: 227013.6450587728
  wind_year: 2016
  solar_year: 2013
  price_year: 2023
  carbon_year: 2023
storage_values:
  CAES:
    cost: 63.6479
    lifetime: 28.8509
    annual_cost: 2.206097556748663
    efficiency: 0.58305
    discharge_ratio: 0.1
    depth_of_discharge: 0.4
  Li-ion:
    cost: 156.932
    lifetime: 26.9619
    annual_cost: 5.820509682181151
    efficiency: 0.963127
    discharge_ratio: 2
    depth_of_discharge: 0.9
  Pb-acid:
    cost: 62.4329
    lifetime: 14.4604
    annual_cost: 4.317508505988769
    efficiency: 0.783375
    discharge_ratio: 5
    depth_of_discharge: 0.5
  VRBF:
    cost: 274.819
    lifetime: 28.1428
    annual_cost: 9.765161959719716
    efficiency: 0.815813
    discharge_ratio: 0.5
    depth_of_discharge: 1.0
