cost_values:
  wind_capex: 5000.0
  wind_opex: 100
  wind_lifetime: 20
  solar_capex: 1000.0
  solar_opex: 10
  solar_lifetime: 20
  carbon_price: 1.0
timeseries_values:
  load_level: 227013.6450587728
  wind_year: 2016
  solar_year: 2013
  price_year: 2023
  carbon_year: 2023
storage_values:
  CAES:
    cost: 58.7884
    lifetime: 27.6614
    annual_cost: 2.125286500321748
    efficiency: 0.581003
    discharge_ratio: 0.1
    depth_of_discharge: 0.4
  Li-ion:
    cost: 150.016
    lifetime: 26.7133
    annual_cost: 5.61577940576417
    efficiency: 0.975006
    discharge_ratio: 2
    depth_of_discharge: 0.9
  Pb-acid:
    cost: 69.5514
    lifetime: 14.8188
    annual_cost: 4.693456960077739
    efficiency: 0.776493
    discharge_ratio: 5
    depth_of_discharge: 0.5
  VRBF:
    cost: 303.827
    lifetime: 28.9898
    annual_cost: 10.480479341009596
    efficiency: 0.788767
    discharge_ratio: 0.5
    depth_of_discharge: 1.0
