cost_values:
  wind_capex: 5000.0
  wind_opex: 100
  wind_lifetime: 20
  solar_capex: 1000.0
  solar_opex: 10
  solar_lifetime: 20
  carbon_price: 1.0
timeseries_values:
  load_level: 227013.6450587728
  wind_year: 2016
  solar_year: 2013
  price_year: 2023
  carbon_year: 2023
storage_values:
  CAES:
    cost: 61.9704
    lifetime: 27.3057
    annual_cost: 2.2695041694591236
    efficiency: 0.580307
    discharge_ratio: 0.1
    depth_of_discharge: 0.4
  Li-ion:
    cost: 137.516
    lifetime: 26.6399
    annual_cost: 5.162031389006715
    efficiency: 0.970008
    discharge_ratio: 2
    depth_of_discharge: 0.9
  Pb-acid:
    cost: 61.3534
    lifetime: 15.8729
    annual_cost: 3.8652924166346416
    efficiency: 0.78314
    discharge_ratio: 5
    depth_of_discharge: 0.5
  VRBF:
    cost: 312.045
    lifetime: 26.4217
    annual_cost: 11.8101787545843
    efficiency: 0.788179
    discharge_ratio: 0.5
    depth_of_discharge: 1.0
