cost_values:
  wind_capex: 5000.0
  wind_opex: 100
  wind_lifetime: 20
  solar_capex: 1000.0
  solar_opex: 10
  solar_lifetime: 20
  carbon_price: 1.0
timeseries_values:
  load_level: 227013.6450587728
  wind_year: 2016
  solar_year: 2013
  price_year: 2023
  carbon_year: 2023
storage_values:
  CAES:
    cost: 62.893
    lifetime: 27.7946
    annual_cost: 2.262777661847985
    efficiency: 0.591161
    discharge_ratio: 0.1
    depth_of_discharge: 0.4
  Li-ion:
    cost: 151.314
    lifetime: 27.5892
    annual_cost: 5.484537427689095
    efficiency: 0.968054
    discharge_ratio: 2
    depth_of_discharge: 0.9
  Pb-acid:
    cost: 55.4081
    lifetime: 15.4329
    annual_cost: 3.5902584737800414
    efficiency: 0.764293
    discharge_ratio: 5
    depth_of_discharge: 0.5
  VRBF:
    cost: 271.419
    lifetime: 28.6739
    annual_cost: 9.465716208817078
    efficiency: 0.794332
    discharge_ratio: 0.5
    depth_of_discharge: 1.0
