cost_values:
  wind_capex: 5000.0
  wind_opex: 100
  wind_lifetime: 20
  solar_capex: 1000.0
  solar_opex: 10
  solar_lifetime: 20
  carbon_price: 1.0
timeseries_values:
  load_level: 227013.6450587728
  wind_year: 2016
  solar_year: 2013
  price_year: 2023
  carbon_year: 2023
storage_values:
  CAES:
    cost: 65.6277
    lifetime: 27.2107
    annual_cost: 2.4118343151774857
    efficiency: 0.571747
    discharge_ratio: 0.1
    depth_of_discharge: 0.4
  Li-ion:
    cost: 165.267
    lifetime: 26.1906
    annual_cost: 6.310164715584981
    efficiency: 0.962042
    discharge_ratio: 2
    depth_of_discharge: 0.9
  Pb-acid:
    cost: 58.8738
    lifetime: 14.2964
    annual_cost: 4.118085671917406
    efficiency: 0.787706
    discharge_ratio: 5
    depth_of_discharge: 0.5
  VRBF:
    cost: 291.574
    lifetime: 27.9377
    annual_cost: 10.436578530086587
    efficiency: 0.793327
    discharge_ratio: 0.5
    depth_of_discharge: 1.0
