cost_values:
  wind_capex: 5000.0
  wind_opex: 100
  wind_lifetime: 20
  solar_capex: 1000.0
  solar_opex: 10
  solar_lifetime: 20
  carbon_price: 1.0
timeseries_values:
  load_level: 227013.6450587728
  wind_year: 2016
  solar_year: 2013
  price_year: 2023
  carbon_year: 2023
storage_values:
  CAES:
    cost: 66.7305
    lifetime: 27.4566
    annual_cost: 2.430399248268176
    efficiency: 0.580673
    discharge_ratio: 0.1
    depth_of_discharge: 0.4
  Li-ion:
    cost: 158.491
    lifetime: 25.8007
    annual_cost: 6.142895347800642
    efficiency: 0.961325
    discharge_ratio: 2
    depth_of_discharge: 0.9
  Pb-acid:
    cost: 62.0887
    lifetime: 13.97
    annual_cost: 4.444430923407301
    efficiency: 0.783755
    discharge_ratio: 5
    depth_of_discharge: 0.5
  VRBF:
    cost: 292.243
    lifetime: 27.8464
    annual_cost: 10.494821592737303
    efficiency: 0.786864
    discharge_ratio: 0.5
    depth_of_discharge: 1.0
