cost_values:
  wind_capex: 5000.0
  wind_opex: 100
  wind_lifetime: 20
  solar_capex: 1000.0
  solar_opex: 10
  solar_lifetime: 20
  carbon_price: 1.0
timeseries_values:
  load_level: 227013.6450587728
  wind_year: 2016
  solar_year: 2013
  price_year: 2023
  carbon_year: 2023
storage_values:
  CAES:
    cost: 62.8105
    lifetime: 28.126
    annual_cost: 2.2331828201663937
    efficiency: 0.584968
    discharge_ratio: 0.1
    depth_of_discharge: 0.4
  Li-ion:
    cost: 165.083
    lifetime: 26.7195
    annual_cost: 6.178371601264994
    efficiency: 0.968988
    discharge_ratio: 2
    depth_of_discharge: 0.9
  Pb-acid:
    cost: 51.1101
    lifetime: 14.7855
    annual_cost: 3.456771837273004
    efficiency: 0.780338
    discharge_ratio: 5
    depth_of_discharge: 0.5
  VRBF:
    cost: 269.819
    lifetime: 27.1165
    annual_cost: 9.950362325521363
    efficiency: 0.802317
    discharge_ratio: 0.5
    depth_of_discharge: 1.0
