cost_values:
  wind_capex: 5000.0
  wind_opex: 100
  wind_lifetime: 20
  solar_capex: 1000.0
  solar_opex: 10
  solar_lifetime: 20
  carbon_price: 1.0
timeseries_values:
  load_level: 227013.6450587728
  wind_year: 2016
  solar_year: 2013
  price_year: 2023
  carbon_year: 2023
storage_values:
  CAES:
    cost: 67.5376
    lifetime: 27.4807
    annual_cost: 2.4576375419840106
    efficiency: 0.576291
    discharge_ratio: 0.1
    depth_of_discharge: 0.4
  Li-ion:
    cost: 151.525
    lifetime: 26.3731
    annual_cost: 5.7454375860251545
    efficiency: 0.968513
    discharge_ratio: 2
    depth_of_discharge: 0.9
  Pb-acid:
    cost: 62.4822
    lifetime: 13.8299
    annual_cost: 4.517906853990267
    efficiency: 0.783201
    discharge_ratio: 5
    depth_of_discharge: 0.5
  VRBF:
    cost: 271.905
    lifetime: 27.9135
    annual_cost: 9.740985544628943
    efficiency: 0.796322
    discharge_ratio: 0.5
    depth_of_discharge: 1.0
