cost_values:
  wind_capex: 5000.0
  wind_opex: 100
  wind_lifetime: 20
  solar_capex: 1000.0
  solar_opex: 10
  solar_lifetime: 20
  carbon_price: 1.0
timeseries_values:
  load_level: 227013.6450587728
  wind_year: 2016
  solar_year: 2013
  price_year: 2023
  carbon_year: 2023
storage_values:
  CAES:
    cost: 62.7667
    lifetime: 27.5209
    annual_cost: 2.2806921285277735
    efficiency: 0.586013
    discharge_ratio: 0.1
    depth_of_discharge: 0.4
  Li-ion:
    cost: 158.21
    lifetime: 26.464
    annual_cost: 5.97831015719468
    efficiency: 0.97355
    discharge_ratio: 2
    depth_of_discharge: 0.9
  Pb-acid:
    cost: 61.4494
    lifetime: 14.9444
    annual_cost: 4.111867990685474
    efficiency: 0.780816
    discharge_ratio: 5
    depth_of_discharge: 0.5
  VRBF:
    cost: 289.279
    lifetime: 28.7869
    annual_cost: 10.048980612709252
    efficiency: 0.769859
    discharge_ratio: 0.5
    depth_of_discharge: 1.0
