cost_values:
  wind_capex: 5000.0
  wind_opex: 100
  wind_lifetime: 20
  solar_capex: 1000.0
  solar_opex: 10
  solar_lifetime: 20
  carbon_price: 1.0
timeseries_values:
  load_level: 227013.6450587728
  wind_year: 2016
  solar_year: 2013
  price_year: 2023
  carbon_year: 2023
storage_values:
  CAES:
    cost: 62.1152
    lifetime: 27.4509
    annual_cost: 2.262774626697121
    efficiency: 0.584533
    discharge_ratio: 0.1
    depth_of_discharge: 0.4
  Li-ion:
    cost: 140.363
    lifetime: 26.0479
    annual_cost: 5.388649372886106
    efficiency: 0.96488
    discharge_ratio: 2
    depth_of_discharge: 0.9
  Pb-acid:
    cost: 77.1153
    lifetime: 16.9504
    annual_cost: 4.549467859165566
    efficiency: 0.780264
    discharge_ratio: 5
    depth_of_discharge: 0.5
  VRBF:
    cost: 282.346
    lifetime: 29.3045
    annual_cost: 9.634902489378764
    efficiency: 0.80486
    discharge_ratio: 0.5
    depth_of_discharge: 1.0
