cost_values:
  wind_capex: 5000.0
  wind_opex: 100
  wind_lifetime: 20
  solar_capex: 1000.0
  solar_opex: 10
  solar_lifetime: 20
  carbon_price: 1.0
timeseries_values:
  load_level: 227013.6450587728
  wind_year: 2016
  solar_year: 2013
  price_year: 2023
  carbon_year: 2023
storage_values:
  CAES:
    cost: 59.3662
    lifetime: 27.5783
    annual_cost: 2.152641750941864
    efficiency: 0.570707
    discharge_ratio: 0.1
    depth_of_discharge: 0.4
  Li-ion:
    cost: 141.055
    lifetime: 27.5214
    annual_cost: 5.125284324198624
    efficiency: 0.965255
    discharge_ratio: 2
    depth_of_discharge: 0.9
  Pb-acid:
    cost: 51.3538
    lifetime: 12.9939
    annual_cost: 3.952146776564388
    efficiency: 0.776508
    discharge_ratio: 5
    depth_of_discharge: 0.5
  VRBF:
    cost: 287.84
    lifetime: 25.8679
    annual_cost: 11.127304497079392
    efficiency: 0.773565
    discharge_ratio: 0.5
    depth_of_discharge: 1.0
