cost_values:
  wind_capex: 5000.0
  wind_opex: 100
  wind_lifetime: 20
  solar_capex: 1000.0
  solar_opex: 10
  solar_lifetime: 20
  carbon_price: 1.0
timeseries_values:
  load_level: 227013.6450587728
  wind_year: 2016
  solar_year: 2013
  price_year: 2023
  carbon_year: 2023
storage_values:
  CAES:
    cost: 61.9059
    lifetime: 27.8593
    annual_cost: 2.2220910073117417
    efficiency: 0.577363
    discharge_ratio: 0.1
    depth_of_discharge: 0.4
  Li-ion:
    cost: 156.623
    lifetime: 25.4767
    annual_cost: 6.147695737674031
    efficiency: 0.949359
    discharge_ratio: 2
    depth_of_discharge: 0.9
  Pb-acid:
    cost: 60.3673
    lifetime: 15.4076
    annual_cost: 3.9180209766608685
    efficiency: 0.776304
    discharge_ratio: 5
    depth_of_discharge: 0.5
  VRBF:
    cost: 302.235
    lifetime: 27.3171
    annual_cost: 11.063948955050133
    efficiency: 0.788429
    discharge_ratio: 0.5
    depth_of_discharge: 1.0
