cost_values:
  wind_capex: 5000.0
  wind_opex: 100
  wind_lifetime: 20
  solar_capex: 1000.0
  solar_opex: 10
  solar_lifetime: 20
  carbon_price: 1.0
timeseries_values:
  load_level: 227013.6450587728
  wind_year: 2016
  solar_year: 2013
  price_year: 2023
  carbon_year: 2023
storage_values:
  CAES:
    cost: 67.6935
    lifetime: 26.504
    annual_cost: 2.5540861756715967
    efficiency: 0.583467
    discharge_ratio: 0.1
    depth_of_discharge: 0.4
  Li-ion:
    cost: 169.125
    lifetime: 26.5912
    annual_cost: 6.3601868287252925
    efficiency: 0.970729
    discharge_ratio: 2
    depth_of_discharge: 0.9
  Pb-acid:
    cost: 56.7263
    lifetime: 14.5778
    annual_cost: 3.8912798913416293
    efficiency: 0.775608
    discharge_ratio: 5
    depth_of_discharge: 0.5
  VRBF:
    cost: 296.043
    lifetime: 26.9097
    annual_cost: 11.001348955952686
    efficiency: 0.787945
    discharge_ratio: 0.5
    depth_of_discharge: 1.0
