cost_values:
  wind_capex: 5000.0
  wind_opex: 100
  wind_lifetime: 20
  solar_capex: 1000.0
  solar_opex: 10
  solar_lifetime: 20
  carbon_price: 1.0
timeseries_values:
  load_level: 227013.6450587728
  wind_year: 2016
  solar_year: 2013
  price_year: 2023
  carbon_year: 2023
storage_values:
  CAES:
    cost: 66.3461
    lifetime: 27.7093
    annual_cost: 2.3943621816502043
    efficiency: 0.588489
    discharge_ratio: 0.1
    depth_of_discharge: 0.4
  Li-ion:
    cost: 168.921
    lifetime: 25.5475
    annual_cost: 6.612036402779137
    efficiency: 0.962799
    discharge_ratio: 2
    depth_of_discharge: 0.9
  Pb-acid:
    cost: 61.6358
    lifetime: 14.9583
    annual_cost: 4.120508346536706
    efficiency: 0.76932
    discharge_ratio: 5
    depth_of_discharge: 0.5
  VRBF:
    cost: 307.898
    lifetime: 27.3923
    annual_cost: 11.240312058498192
    efficiency: 0.824175
    discharge_ratio: 0.5
    depth_of_discharge: 1.0
