cost_values:
  wind_capex: 5000.0
  wind_opex: 100
  wind_lifetime: 20
  solar_capex: 1000.0
  solar_opex: 10
  solar_lifetime: 20
  carbon_price: 1.0
timeseries_values:
  load_level: 227013.6450587728
  wind_year: 2016
  solar_year: 2013
  price_year: 2023
  carbon_year: 2023
storage_values:
  CAES:
    cost: 66.714
    lifetime: 27.2366
    annual_cost: 2.449424671214469
    efficiency: 0.589793
    discharge_ratio: 0.1
    depth_of_discharge: 0.4
  Li-ion:
    cost: 163.657
    lifetime: 27.6002
    annual_cost: 5.92955848146028
    efficiency: 0.964988
    discharge_ratio: 2
    depth_of_discharge: 0.9
  Pb-acid:
    cost: 58.9819
    lifetime: 15.1405
    annual_cost: 3.8956375284832077
    efficiency: 0.773838
    discharge_ratio: 5
    depth_of_discharge: 0.5
  VRBF:
    cost: 301.019
    lifetime: 28.5262
    annual_cost: 10.552369400761405
    efficiency: 0.791841
    discharge_ratio: 0.5
    depth_of_discharge: 1.0
