cost_values:
  wind_capex: 5000.0
  wind_opex: 100
  wind_lifetime: 20
  solar_capex: 1000.0
  solar_opex: 10
  solar_lifetime: 20
  carbon_price: 1.0
timeseries_values:
  load_level: 227013.6450587728
  wind_year: 2016
  solar_year: 2013
  price_year: 2023
  carbon_year: 2023
storage_values:
  CAES:
    cost: 63.6824
    lifetime: 28.219
    annual_cost: 2.2567206492079803
    efficiency: 0.583471
    discharge_ratio: 0.1
    depth_of_discharge: 0.4
  Li-ion:
    cost: 143.284
    lifetime: 25.5496
    annual_cost: 5.60807214202962
    efficiency: 0.961259
    discharge_ratio: 2
    depth_of_discharge: 0.9
  Pb-acid:
    cost: 57.1912
    lifetime: 14.9604
    annual_cost: 3.8228389615250933
    efficiency: 0.763654
    discharge_ratio: 5
    depth_of_discharge: 0.5
  VRBF:
    cost: 307.998
    lifetime: 27.7181
    annual_cost: 11.111800592392695
    efficiency: 0.805321
    discharge_ratio: 0.5
    depth_of_discharge: 1.0
