cost_values:
  wind_capex: 5000.0
  wind_opex: 100
  wind_lifetime: 20
  solar_capex: 1000.0
  solar_opex: 10
  solar_lifetime: 20
  carbon_price: 1.0
timeseries_values:
  load_level: 227013.6450587728
  wind_year: 2016
  solar_year: 2013
  price_year: 2023
  carbon_year: 2023
storage_values:
  CAES:
    cost: 67.5524
    lifetime: 26.8427
    annual_cost: 2.516602279204402
    efficiency: 0.590841
    discharge_ratio: 0.1
    depth_of_discharge: 0.4
  Li-ion:
    cost: 168.909
    lifetime: 27.4893
    annual_cost: 6.144536237736137
    efficiency: 0.964107
    discharge_ratio: 2
    depth_of_discharge: 0.9
  Pb-acid:
    cost: 59.7407
    lifetime: 14.8256
    annual_cost: 4.029563727606303
    efficiency: 0.780136
    discharge_ratio: 5
    depth_of_discharge: 0.5
  VRBF:
    cost: 285.46
    lifetime: 25.7617
    annual_cost: 11.080790475783818
    efficiency: 0.786696
    discharge_ratio: 0.5
    depth_of_discharge: 1.0
