cost_values:
  wind_capex: 5000.0
  wind_opex: 100
  wind_lifetime: 20
  solar_capex: 1000.0
  solar_opex: 10
  solar_lifetime: 20
  carbon_price: 1.0
timeseries_values:
  load_level: 227013.6450587728
  wind_year: 2016
  solar_year: 2013
  price_year: 2023
  carbon_year: 2023
storage_values:
  CAES:
    cost: 65.0897
    lifetime: 27.6596
    annual_cost: 2.353240827777697
    efficiency: 0.584795
    discharge_ratio: 0.1
    depth_of_discharge: 0.4
  Li-ion:
    cost: 140.574
    lifetime: 26.447
    annual_cost: 5.315309865013045
    efficiency: 0.972893
    discharge_ratio: 2
    depth_of_discharge: 0.9
  Pb-acid:
    cost: 68.3803
    lifetime: 14.9497
    annual_cost: 4.5740248968206725
    efficiency: 0.779574
    discharge_ratio: 5
    depth_of_discharge: 0.5
  VRBF:
    cost: 280.886
    lifetime: 27.3852
    annual_cost: 10.256854067160365
    efficiency: 0.786109
    discharge_ratio: 0.5
    depth_of_discharge: 1.0
