cost_values:
  wind_capex: 5000.0
  wind_opex: 100
  wind_lifetime: 20
  solar_capex: 1000.0
  solar_opex: 10
  solar_lifetime: 20
  carbon_price: 1.0
timeseries_values:
  load_level: 227013.6450587728
  wind_year: 2016
  solar_year: 2013
  price_year: 2023
  carbon_year: 2023
storage_values:
  CAES:
    cost: 55.3937
    lifetime: 27.6815
    annual_cost: 2.001109043946318
    efficiency: 0.587644
    discharge_ratio: 0.1
    depth_of_discharge: 0.4
  Li-ion:
    cost: 142.625
    lifetime: 26.415
    annual_cost: 5.399394283551013
    efficiency: 0.953863
    discharge_ratio: 2
    depth_of_discharge: 0.9
  Pb-acid:
    cost: 59.7151
    lifetime: 15.2337
    annual_cost: 3.919934093490091
    efficiency: 0.765867
    discharge_ratio: 5
    depth_of_discharge: 0.5
  VRBF:
    cost: 291.936
    lifetime: 26.9526
    annual_cost: 10.831459673649295
    efficiency: 0.781452
    discharge_ratio: 0.5
    depth_of_discharge: 1.0
