cost_values:
  wind_capex: 5000.0
  wind_opex: 100
  wind_lifetime: 20
  solar_capex: 1000.0
  solar_opex: 10
  solar_lifetime: 20
  carbon_price: 1.0
timeseries_values:
  load_level: 227013.6450587728
  wind_year: 2016
  solar_year: 2013
  price_year: 2023
  carbon_year: 2023
storage_values:
  CAES:
    cost: 62.6934
    lifetime: 27.7129
    annual_cost: 2.2622461019958213
    efficiency: 0.570289
    discharge_ratio: 0.1
    depth_of_discharge: 0.4
  Li-ion:
    cost: 152.524
    lifetime: 27.4516
    annual_cost: 5.556106019321279
    efficiency: 0.965858
    discharge_ratio: 2
    depth_of_discharge: 0.9
  Pb-acid:
    cost: 56.9536
    lifetime: 14.1366
    annual_cost: 4.028804663073158
    efficiency: 0.780105
    discharge_ratio: 5
    depth_of_discharge: 0.5
  VRBF:
    cost: 289.766
    lifetime: 27.1977
    annual_cost: 10.654062659710196
    efficiency: 0.813045
    discharge_ratio: 0.5
    depth_of_discharge: 1.0
