cost_values:
  wind_capex: 5000.0
  wind_opex: 100
  wind_lifetime: 20
  solar_capex: 1000.0
  solar_opex: 10
  solar_lifetime: 20
  carbon_price: 1.0
timeseries_values:
  load_level: 227013.6450587728
  wind_year: 2016
  solar_year: 2013
  price_year: 2023
  carbon_year: 2023
storage_values:
  CAES:
    cost: 62.7817
    lifetime: 27.7831
    annual_cost: 2.2597082399012347
    efficiency: 0.581892
    discharge_ratio: 0.1
    depth_of_discharge: 0.4
  Li-ion:
    cost: 162.504
    lifetime: 26.2883
    annual_cost: 6.181609309084269
    efficiency: 0.951887
    discharge_ratio: 2
    depth_of_discharge: 0.9
  Pb-acid:
    cost: 51.9009
    lifetime: 14.9244
    annual_cost: 3.4775870386749217
    efficiency: 0.77209
    discharge_ratio: 5
    depth_of_discharge: 0.5
  VRBF:
    cost: 297.345
    lifetime: 26.2566
    annual_cost: 11.324581248143325
    efficiency: 0.762673
    discharge_ratio: 0.5
    depth_of_discharge: 1.0
