cost_values:
  wind_capex: 5000.0
  wind_opex: 100
  wind_lifetime: 20
  solar_capex: 1000.0
  solar_opex: 10
  solar_lifetime: 20
  carbon_price: 1.0
timeseries_values:
  load_level: 227013.6450587728
  wind_year: 2016
  solar_year: 2013
  price_year: 2023
  carbon_year: 2023
storage_values:
  CAES:
    cost: 61.7723
    lifetime: 26.3599
    annual_cost: 2.343419360467984
    efficiency: 0.574816
    discharge_ratio: 0.1
    depth_of_discharge: 0.4
  Li-ion:
    cost: 168.406
    lifetime: 24.4414
    annual_cost: 6.890194506043025
    efficiency: 0.972989
    discharge_ratio: 2
    depth_of_discharge: 0.9
  Pb-acid:
    cost: 51.271
    lifetime: 13.2838
    annual_cost: 3.8596636504614645
    efficiency: 0.775222
    discharge_ratio: 5
    depth_of_discharge: 0.5
  VRBF:
    cost: 302.743
    lifetime: 27.5613
    annual_cost: 10.98435124613135
    efficiency: 0.785194
    discharge_ratio: 0.5
    depth_of_discharge: 1.0
