cost_values:
  wind_capex: 5000.0
  wind_opex: 100
  wind_lifetime: 20
  solar_capex: 1000.0
  solar_opex: 10
  solar_lifetime: 20
  carbon_price: 1.0
timeseries_values:
  load_level: 227013.6450587728
  wind_year: 2016
  solar_year: 2013
  price_year: 2023
  carbon_year: 2023
storage_values:
  CAES:
    cost: 65.9949
    lifetime: 26.7897
    annual_cost: 2.4634430396756963
    efficiency: 0.573763
    discharge_ratio: 0.1
    depth_of_discharge: 0.4
  Li-ion:
    cost: 150.313
    lifetime: 26.6091
    annual_cost: 5.648932132240473
    efficiency: 0.953453
    discharge_ratio: 2
    depth_of_discharge: 0.9
  Pb-acid:
    cost: 56.4828
    lifetime: 14.3142
    annual_cost: 3.9459278199270655
    efficiency: 0.781229
    discharge_ratio: 5
    depth_of_discharge: 0.5
  VRBF:
    cost: 281.584
    lifetime: 27.588
    annual_cost: 10.206756560823546
    efficiency: 0.798979
    discharge_ratio: 0.5
    depth_of_discharge: 1.0
