cost_values:
  wind_capex: 5000.0
  wind_opex: 100
  wind_lifetime: 20
  solar_capex: 1000.0
  solar_opex: 10
  solar_lifetime: 20
  carbon_price: 1.0
timeseries_values:
  load_level: 227013.6450587728
  wind_year: 2016
  solar_year: 2013
  price_year: 2023
  carbon_year: 2023
storage_values:
  CAES:
    cost: 65.6968
    lifetime: 27.3096
    annual_cost: 2.405630254562498
    efficiency: 0.578682
    discharge_ratio: 0.1
    depth_of_discharge: 0.4
  Li-ion:
    cost: 162.878
    lifetime: 25.6321
    annual_cost: 6.354453985432328
    efficiency: 0.958229
    discharge_ratio: 2
    depth_of_discharge: 0.9
  Pb-acid:
    cost: 55.6472
    lifetime: 14.574
    annual_cost: 3.8182516810758886
    efficiency: 0.779229
    discharge_ratio: 5
    depth_of_discharge: 0.5
  VRBF:
    cost: 274.679
    lifetime: 28.0075
    annual_cost: 9.807337320360617
    efficiency: 0.774716
    discharge_ratio: 0.5
    depth_of_discharge: 1.0
