cost_values:
  wind_capex: 5000.0
  wind_opex: 100
  wind_lifetime: 20
  solar_capex: 1000.0
  solar_opex: 10
  solar_lifetime: 20
  carbon_price: 1.0
timeseries_values:
  load_level: 227013.6450587728
  wind_year: 2016
  solar_year: 2013
  price_year: 2023
  carbon_year: 2023
storage_values:
  CAES:
    cost: 71.4671
    lifetime: 27.2477
    annual_cost: 2.6228672511808337
    efficiency: 0.57649
    discharge_ratio: 0.1
    depth_of_discharge: 0.4
  Li-ion:
    cost: 147.662
    lifetime: 26.2046
    annual_cost: 5.634964853499004
    efficiency: 0.967999
    discharge_ratio: 2
    depth_of_discharge: 0.9
  Pb-acid:
    cost: 56.9218
    lifetime: 14.1013
    annual_cost: 4.036634920184664
    efficiency: 0.774948
    discharge_ratio: 5
    depth_of_discharge: 0.5
  VRBF:
    cost: 282.891
    lifetime: 27.891
    annual_cost: 10.142734215338283
    efficiency: 0.794019
    discharge_ratio: 0.5
    depth_of_discharge: 1.0
