cost_values:
  wind_capex: 5000.0
  wind_opex: 100
  wind_lifetime: 20
  solar_capex: 1000.0
  solar_opex: 10
  solar_lifetime: 20
  carbon_price: 1.0
timeseries_values:
  load_level: 227013.6450587728
  wind_year: 2016
  solar_year: 2013
  price_year: 2023
  carbon_year: 2023
storage_values:
  CAES:
    cost: 64.0851
    lifetime: 27.5963
    annual_cost: 2.322235227186253
    efficiency: 0.590901
    discharge_ratio: 0.1
    depth_of_discharge: 0.4
  Li-ion:
    cost: 167.875
    lifetime: 23.5283
    annual_cost: 7.1350246299137625
    efficiency: 0.965708
    discharge_ratio: 2
    depth_of_discharge: 0.9
  Pb-acid:
    cost: 55.8082
    lifetime: 13.3654
    annual_cost: 4.175572747542161
    efficiency: 0.764124
    discharge_ratio: 5
    depth_of_discharge: 0.5
  VRBF:
    cost: 308.881
    lifetime: 27.7537
    annual_cost: 11.129362931789274
    efficiency: 0.779352
    discharge_ratio: 0.5
    depth_of_discharge: 1.0
