cost_values:
  wind_capex: 5000.0
  wind_opex: 100
  wind_lifetime: 20
  solar_capex: 1000.0
  solar_opex: 10
  solar_lifetime: 20
  carbon_price: 1.0
timeseries_values:
  load_level: 227013.6450587728
  wind_year: 2016
  solar_year: 2013
  price_year: 2023
  carbon_year: 2023
storage_values:
  CAES:
    cost: 69.0709
    lifetime: 27.4668
    annual_cost: 2.5147050257037584
    efficiency: 0.584763
    discharge_ratio: 0.1
    depth_of_discharge: 0.4
  Li-ion:
    cost: 164.693
    lifetime: 24.4897
    annual_cost: 6.724990506212817
    efficiency: 0.953544
    discharge_ratio: 2
    depth_of_discharge: 0.9
  Pb-acid:
    cost: 61.1657
    lifetime: 16.6563
    annual_cost: 3.672226124649532
    efficiency: 0.768511
    discharge_ratio: 5
    depth_of_discharge: 0.5
  VRBF:
    cost: 289.883
    lifetime: 27.1515
    annual_cost: 10.67650037751137
    efficiency: 0.792539
    discharge_ratio: 0.5
    depth_of_discharge: 1.0
