cost_values:
  wind_capex: 5000.0
  wind_opex: 100
  wind_lifetime: 20
  solar_capex: 1000.0
  solar_opex: 10
  solar_lifetime: 20
  carbon_price: 1.0
timeseries_values:
  load_level: 227013.6450587728
  wind_year: 2016
  solar_year: 2013
  price_year: 2023
  carbon_year: 2023
storage_values:
  CAES:
    cost: 68.3234
    lifetime: 27.6004
    annual_cost: 2.475449631164766
    efficiency: 0.585596
    discharge_ratio: 0.1
    depth_of_discharge: 0.4
  Li-ion:
    cost: 155.945
    lifetime: 27.1516
    annual_cost: 5.743492096230057
    efficiency: 0.969021
    discharge_ratio: 2
    depth_of_discharge: 0.9
  Pb-acid:
    cost: 64.9201
    lifetime: 14.5939
    annual_cost: 4.448440786904118
    efficiency: 0.781265
    discharge_ratio: 5
    depth_of_discharge: 0.5
  VRBF:
    cost: 279.82
    lifetime: 29.2159
    annual_cost: 9.577661478852269
    efficiency: 0.813926
    discharge_ratio: 0.5
    depth_of_discharge: 1.0
