cost_values:
  wind_capex: 5000.0
  wind_opex: 100
  wind_lifetime: 20
  solar_capex: 1000.0
  solar_opex: 10
  solar_lifetime: 20
  carbon_price: 1.0
timeseries_values:
  load_level: 227013.6450587728
  wind_year: 2016
  solar_year: 2013
  price_year: 2023
  carbon_year: 2023
storage_values:
  CAES:
    cost: 63.1121
    lifetime: 28.3751
    annual_cost: 2.224207139358099
    efficiency: 0.579769
    discharge_ratio: 0.1
    depth_of_discharge: 0.4
  Li-ion:
    cost: 149.538
    lifetime: 25.9723
    annual_cost: 5.757595592227104
    efficiency: 0.968431
    discharge_ratio: 2
    depth_of_discharge: 0.9
  Pb-acid:
    cost: 61.3655
    lifetime: 15.4511
    annual_cost: 3.9715942554251797
    efficiency: 0.779667
    discharge_ratio: 5
    depth_of_discharge: 0.5
  VRBF:
    cost: 295.469
    lifetime: 27.9022
    annual_cost: 10.589451727820745
    efficiency: 0.765697
    discharge_ratio: 0.5
    depth_of_discharge: 1.0
