cost_values:
  wind_capex: 5000.0
  wind_opex: 100
  wind_lifetime: 20
  solar_capex: 1000.0
  solar_opex: 10
  solar_lifetime: 20
  carbon_price: 1.0
timeseries_values:
  load_level: 227013.6450587728
  wind_year: 2016
  solar_year: 2013
  price_year: 2023
  carbon_year: 2023
storage_values:
  CAES:
    cost: 62.8363
    lifetime: 27.6775
    annual_cost: 2.270302592358414
    efficiency: 0.584626
    discharge_ratio: 0.1
    depth_of_discharge: 0.4
  Li-ion:
    cost: 146.543
    lifetime: 27.1933
    annual_cost: 5.3889377162757
    efficiency: 0.962146
    discharge_ratio: 2
    depth_of_discharge: 0.9
  Pb-acid:
    cost: 52.1102
    lifetime: 15.057
    annual_cost: 3.460862057514777
    efficiency: 0.776586
    discharge_ratio: 5
    depth_of_discharge: 0.5
  VRBF:
    cost: 293.247
    lifetime: 26.2629
    annual_cost: 11.165827079263906
    efficiency: 0.784189
    discharge_ratio: 0.5
    depth_of_discharge: 1.0
