cost_values:
  wind_capex: 5000.0
  wind_opex: 100
  wind_lifetime: 20
  solar_capex: 1000.0
  solar_opex: 10
  solar_lifetime: 20
  carbon_price: 1.0
timeseries_values:
  load_level: 227013.6450587728
  wind_year: 2016
  solar_year: 2013
  price_year: 2023
  carbon_year: 2023
storage_values:
  CAES:
    cost: 69.4109
    lifetime: 26.2685
    annual_cost: 2.6423625254582483
    efficiency: 0.588524
    discharge_ratio: 0.1
    depth_of_discharge: 0.4
  Li-ion:
    cost: 148.037
    lifetime: 25.8616
    annual_cost: 5.72420113218053
    efficiency: 0.961331
    discharge_ratio: 2
    depth_of_discharge: 0.9
  Pb-acid:
    cost: 56.559
    lifetime: 14.8554
    annual_cost: 3.8073023950886546
    efficiency: 0.781819
    discharge_ratio: 5
    depth_of_discharge: 0.5
  VRBF:
    cost: 305.856
    lifetime: 29.8086
    annual_cost: 10.260663030132244
    efficiency: 0.78843
    discharge_ratio: 0.5
    depth_of_discharge: 1.0
