cost_values:
  wind_capex: 5000.0
  wind_opex: 100
  wind_lifetime: 20
  solar_capex: 1000.0
  solar_opex: 10
  solar_lifetime: 20
  carbon_price: 1.0
timeseries_values:
  load_level: 227013.6450587728
  wind_year: 2016
  solar_year: 2013
  price_year: 2023
  carbon_year: 2023
storage_values:
  CAES:
    cost: 61.5391
    lifetime: 27.3596
    annual_cost: 2.249268995160748
    efficiency: 0.585859
    discharge_ratio: 0.1
    depth_of_discharge: 0.4
  Li-ion:
    cost: 151.705
    lifetime: 28.9079
    annual_cost: 5.247873418684858
    efficiency: 0.985556
    discharge_ratio: 2
    depth_of_discharge: 0.9
  Pb-acid:
    cost: 51.5188
    lifetime: 15.2451
    annual_cost: 3.379367796865878
    efficiency: 0.760171
    discharge_ratio: 5
    depth_of_discharge: 0.5
  VRBF:
    cost: 315.279
    lifetime: 29.6456
    annual_cost: 10.634934020562916
    efficiency: 0.797106
    discharge_ratio: 0.5
    depth_of_discharge: 1.0
