cost_values:
  wind_capex: 5000.0
  wind_opex: 100
  wind_lifetime: 20
  solar_capex: 1000.0
  solar_opex: 10
  solar_lifetime: 20
  carbon_price: 1.0
timeseries_values:
  load_level: 227013.6450587728
  wind_year: 2016
  solar_year: 2013
  price_year: 2023
  carbon_year: 2023
storage_values:
  CAES:
    cost: 62.7062
    lifetime: 28.5414
    annual_cost: 2.197026074404199
    efficiency: 0.584643
    discharge_ratio: 0.1
    depth_of_discharge: 0.4
  Li-ion:
    cost: 154.32
    lifetime: 25.4414
    annual_cost: 6.065703931387423
    efficiency: 0.973326
    discharge_ratio: 2
    depth_of_discharge: 0.9
  Pb-acid:
    cost: 64.2259
    lifetime: 15.4278
    annual_cost: 4.162997964713051
    efficiency: 0.763498
    discharge_ratio: 5
    depth_of_discharge: 0.5
  VRBF:
    cost: 268.905
    lifetime: 27.1732
    annual_cost: 9.8959636700867
    efficiency: 0.771977
    discharge_ratio: 0.5
    depth_of_discharge: 1.0
