cost_values:
  wind_capex: 5000.0
  wind_opex: 100
  wind_lifetime: 20
  solar_capex: 1000.0
  solar_opex: 10
  solar_lifetime: 20
  carbon_price: 1.0
timeseries_values:
  load_level: 227013.6450587728
  wind_year: 2016
  solar_year: 2013
  price_year: 2023
  carbon_year: 2023
storage_values:
  CAES:
    cost: 59.6201
    lifetime: 27.865
    annual_cost: 2.13960523954782
    efficiency: 0.576477
    discharge_ratio: 0.1
    depth_of_discharge: 0.4
  Li-ion:
    cost: 174.994
    lifetime: 25.0667
    annual_cost: 6.981134333597961
    efficiency: 0.961584
    discharge_ratio: 2
    depth_of_discharge: 0.9
  Pb-acid:
    cost: 56.5815
    lifetime: 15.1125
    annual_cost: 3.744019851116625
    efficiency: 0.794558
    discharge_ratio: 5
    depth_of_discharge: 0.5
  VRBF:
    cost: 284.388
    lifetime: 28.9703
    annual_cost: 9.816536245741327
    efficiency: 0.759864
    discharge_ratio: 0.5
    depth_of_discharge: 1.0
