cost_values:
  wind_capex: 5000.0
  wind_opex: 100
  wind_lifetime: 20
  solar_capex: 1000.0
  solar_opex: 10
  solar_lifetime: 20
  carbon_price: 1.0
timeseries_values:
  load_level: 227013.6450587728
  wind_year: 2016
  solar_year: 2013
  price_year: 2023
  carbon_year: 2023
storage_values:
  CAES:
    cost: 60.7967
    lifetime: 27.4927
    annual_cost: 2.211376110749399
    efficiency: 0.574321
    discharge_ratio: 0.1
    depth_of_discharge: 0.4
  Li-ion:
    cost: 157.406
    lifetime: 26.3409
    annual_cost: 5.975725962286786
    efficiency: 0.963912
    discharge_ratio: 2
    depth_of_discharge: 0.9
  Pb-acid:
    cost: 66.0656
    lifetime: 15.5945
    annual_cost: 4.236467985507711
    efficiency: 0.772717
    discharge_ratio: 5
    depth_of_discharge: 0.5
  VRBF:
    cost: 295.391
    lifetime: 26.3376
    annual_cost: 11.215562541765387
    efficiency: 0.794825
    discharge_ratio: 0.5
    depth_of_discharge: 1.0
