cost_values:
  wind_capex: 5000.0
  wind_opex: 100
  wind_lifetime: 20
  solar_capex: 1000.0
  solar_opex: 10
  solar_lifetime: 20
  carbon_price: 1.0
timeseries_values:
  load_level: 227013.6450587728
  wind_year: 2016
  solar_year: 2013
  price_year: 2023
  carbon_year: 2023
storage_values:
  CAES:
    cost: 61.659
    lifetime: 27.492
    annual_cost: 2.242797904845046
    efficiency: 0.581539
    discharge_ratio: 0.1
    depth_of_discharge: 0.4
  Li-ion:
    cost: 152.544
    lifetime: 27.4713
    annual_cost: 5.552849701324655
    efficiency: 0.961015
    discharge_ratio: 2
    depth_of_discharge: 0.9
  Pb-acid:
    cost: 81.8695
    lifetime: 14.1076
    annual_cost: 5.803219541240183
    efficiency: 0.775866
    discharge_ratio: 5
    depth_of_discharge: 0.5
  VRBF:
    cost: 296.262
    lifetime: 28.053
    annual_cost: 10.560795636830285
    efficiency: 0.786084
    discharge_ratio: 0.5
    depth_of_discharge: 1.0
