cost_values:
  wind_capex: 5000.0
  wind_opex: 100
  wind_lifetime: 20
  solar_capex: 1000.0
  solar_opex: 10
  solar_lifetime: 20
  carbon_price: 1.0
timeseries_values:
  load_level: 244759.89362174043
  wind_year: 2015
  solar_year: 2018
  price_year: 2023
  carbon_year: 2023
storage_values:
  CAES:
    cost: 35.7364
    lifetime: 26.958
    annual_cost: 1.3256324653164184
    efficiency: 0.602865
    discharge_ratio: 0.1
    depth_of_discharge: 0.4
  Li-ion:
    cost: 187.77
    lifetime: 18.6238
    annual_cost: 10.082260333551693
    efficiency: 0.926532
    discharge_ratio: 2
    depth_of_discharge: 0.9
  Pb-acid:
    cost: 128.939
    lifetime: 10.603
    annual_cost: 12.160614920305573
    efficiency: 0.776867
    discharge_ratio: 5
    depth_of_discharge: 0.5
  VRBF:
    cost: 194.861
    lifetime: 20.6943
    annual_cost: 9.416167737009708
    efficiency: 0.739639
    discharge_ratio: 0.5
    depth_of_discharge: 1.0
