cost_values:
  wind_capex: 5000.0
  wind_opex: 100
  wind_lifetime: 20
  solar_capex: 1000.0
  solar_opex: 10
  solar_lifetime: 20
  carbon_price: 1.0
timeseries_values:
  load_level: 244759.89362174043
  wind_year: 2015
  solar_year: 2018
  price_year: 2023
  carbon_year: 2023
storage_values:
  CAES:
    cost: 37.7327
    lifetime: 27.38
    annual_cost: 1.3781117604090578
    efficiency: 0.595361
    discharge_ratio: 0.1
    depth_of_discharge: 0.4
  Li-ion:
    cost: 215.966
    lifetime: 17.3808
    annual_cost: 12.42555003221946
    efficiency: 0.928162
    discharge_ratio: 2
    depth_of_discharge: 0.9
  Pb-acid:
    cost: 138.6
    lifetime: 12.022
    annual_cost: 11.528863749792047
    efficiency: 0.765665
    discharge_ratio: 5
    depth_of_discharge: 0.5
  VRBF:
    cost: 229.589
    lifetime: 22.9114
    annual_cost: 10.020732037326397
    efficiency: 0.750775
    discharge_ratio: 0.5
    depth_of_discharge: 1.0
