cost_values:
  wind_capex: 5000.0
  wind_opex: 100
  wind_lifetime: 20
  solar_capex: 1000.0
  solar_opex: 10
  solar_lifetime: 20
  carbon_price: 1.0
timeseries_values:
  load_level: 244759.89362174043
  wind_year: 2015
  solar_year: 2018
  price_year: 2023
  carbon_year: 2023
storage_values:
  CAES:
    cost: 33.611
    lifetime: 26.3223
    annual_cost: 1.27690209442184
    efficiency: 0.596054
    discharge_ratio: 0.1
    depth_of_discharge: 0.4
  Li-ion:
    cost: 189.322
    lifetime: 17.6314
    annual_cost: 10.737774652041246
    efficiency: 0.93082
    discharge_ratio: 2
    depth_of_discharge: 0.9
  Pb-acid:
    cost: 136.399
    lifetime: 13.3366
    annual_cost: 10.227419282275841
    efficiency: 0.780669
    discharge_ratio: 5
    depth_of_discharge: 0.5
  VRBF:
    cost: 201.272
    lifetime: 22.1916
    annual_cost: 9.06973809910056
    efficiency: 0.721755
    discharge_ratio: 0.5
    depth_of_discharge: 1.0
