cost_values:
  wind_capex: 5000.0
  wind_opex: 100
  wind_lifetime: 20
  solar_capex: 1000.0
  solar_opex: 10
  solar_lifetime: 20
  carbon_price: 1.0
timeseries_values:
  load_level: 244759.89362174043
  wind_year: 2015
  solar_year: 2018
  price_year: 2023
  carbon_year: 2023
storage_values:
  CAES:
    cost: 42.6078
    lifetime: 26.1287
    annual_cost: 1.630689624818686
    efficiency: 0.593562
    discharge_ratio: 0.1
    depth_of_discharge: 0.4
  Li-ion:
    cost: 195.5
    lifetime: 17.4276
    annual_cost: 11.217838371319056
    efficiency: 0.942805
    discharge_ratio: 2
    depth_of_discharge: 0.9
  Pb-acid:
    cost: 117.307
    lifetime: 11.401
    annual_cost: 10.289185159196562
    efficiency: 0.781122
    discharge_ratio: 5
    depth_of_discharge: 0.5
  VRBF:
    cost: 203.436
    lifetime: 22.0399
    annual_cost: 9.230350409938339
    efficiency: 0.742131
    discharge_ratio: 0.5
    depth_of_discharge: 1.0
