cost_values:
  wind_capex: 5000.0
  wind_opex: 100
  wind_lifetime: 20
  solar_capex: 1000.0
  solar_opex: 10
  solar_lifetime: 20
  carbon_price: 1.0
timeseries_values:
  load_level: 244759.89362174043
  wind_year: 2015
  solar_year: 2018
  price_year: 2023
  carbon_year: 2023
storage_values:
  CAES:
    cost: 39.0366
    lifetime: 27.3485
    annual_cost: 1.4273762729217323
    efficiency: 0.592807
    discharge_ratio: 0.1
    depth_of_discharge: 0.4
  Li-ion:
    cost: 212.892
    lifetime: 20.2461
    annual_cost: 10.515210336805607
    efficiency: 0.928953
    discharge_ratio: 2
    depth_of_discharge: 0.9
  Pb-acid:
    cost: 109.369
    lifetime: 10.1302
    annual_cost: 10.79633176047857
    efficiency: 0.789472
    discharge_ratio: 5
    depth_of_discharge: 0.5
  VRBF:
    cost: 242.428
    lifetime: 22.4878
    annual_cost: 10.780423162781597
    efficiency: 0.720213
    discharge_ratio: 0.5
    depth_of_discharge: 1.0
