cost_values:
  wind_capex: 5000.0
  wind_opex: 100
  wind_lifetime: 20
  solar_capex: 1000.0
  solar_opex: 10
  solar_lifetime: 20
  carbon_price: 1.0
timeseries_values:
  load_level: 244759.89362174043
  wind_year: 2015
  solar_year: 2018
  price_year: 2023
  carbon_year: 2023
storage_values:
  CAES:
    cost: 40.3366
    lifetime: 27.3865
    annual_cost: 1.4728643674803277
    efficiency: 0.60272
    discharge_ratio: 0.1
    depth_of_discharge: 0.4
  Li-ion:
    cost: 181.31
    lifetime: 18.7741
    annual_cost: 9.657453619614255
    efficiency: 0.940394
    discharge_ratio: 2
    depth_of_discharge: 0.9
  Pb-acid:
    cost: 121.146
    lifetime: 10.4389
    annual_cost: 11.605245763442507
    efficiency: 0.787132
    discharge_ratio: 5
    depth_of_discharge: 0.5
  VRBF:
    cost: 224.827
    lifetime: 21.0572
    annual_cost: 10.676965598465133
    efficiency: 0.74955
    discharge_ratio: 0.5
    depth_of_discharge: 1.0
