cost_values:
  wind_capex: 5000.0
  wind_opex: 100
  wind_lifetime: 20
  solar_capex: 1000.0
  solar_opex: 10
  solar_lifetime: 20
  carbon_price: 1.0
timeseries_values:
  load_level: 244759.89362174043
  wind_year: 2015
  solar_year: 2018
  price_year: 2023
  carbon_year: 2023
storage_values:
  CAES:
    cost: 41.0299
    lifetime: 28.2071
    annual_cost: 1.4545947651477817
    efficiency: 0.595979
    discharge_ratio: 0.1
    depth_of_discharge: 0.4
  Li-ion:
    cost: 205.255
    lifetime: 17.6349
    annual_cost: 11.639136031392297
    efficiency: 0.927948
    discharge_ratio: 2
    depth_of_discharge: 0.9
  Pb-acid:
    cost: 132.673
    lifetime: 11.7195
    annual_cost: 11.320704808225607
    efficiency: 0.774416
    discharge_ratio: 5
    depth_of_discharge: 0.5
  VRBF:
    cost: 209.604
    lifetime: 22.2338
    annual_cost: 9.42726839316716
    efficiency: 0.726356
    discharge_ratio: 0.5
    depth_of_discharge: 1.0
