cost_values:
  wind_capex: 5000.0
  wind_opex: 100
  wind_lifetime: 20
  solar_capex: 1000.0
  solar_opex: 10
  solar_lifetime: 20
  carbon_price: 1.0
timeseries_values:
  load_level: 244759.89362174043
  wind_year: 2015
  solar_year: 2018
  price_year: 2023
  carbon_year: 2023
storage_values:
  CAES:
    cost: 40.5964
    lifetime: 26.3384
    annual_cost: 1.541338881632901
    efficiency: 0.592377
    discharge_ratio: 0.1
    depth_of_discharge: 0.4
  Li-ion:
    cost: 225.366
    lifetime: 18.6305
    annual_cost: 12.096615764472237
    efficiency: 0.933675
    discharge_ratio: 2
    depth_of_discharge: 0.9
  Pb-acid:
    cost: 110.672
    lifetime: 11.6925
    annual_cost: 9.46521274321146
    efficiency: 0.779367
    discharge_ratio: 5
    depth_of_discharge: 0.5
  VRBF:
    cost: 242.55
    lifetime: 22.8292
    annual_cost: 10.624551013614143
    efficiency: 0.750065
    discharge_ratio: 0.5
    depth_of_discharge: 1.0
