cost_values:
  wind_capex: 5000.0
  wind_opex: 100
  wind_lifetime: 20
  solar_capex: 1000.0
  solar_opex: 10
  solar_lifetime: 20
  carbon_price: 1.0
timeseries_values:
  load_level: 244759.89362174043
  wind_year: 2015
  solar_year: 2018
  price_year: 2023
  carbon_year: 2023
storage_values:
  CAES:
    cost: 41.6836
    lifetime: 26.4806
    annual_cost: 1.5741184112142474
    efficiency: 0.596387
    discharge_ratio: 0.1
    depth_of_discharge: 0.4
  Li-ion:
    cost: 201.505
    lifetime: 17.4944
    annual_cost: 11.518257270898117
    efficiency: 0.93256
    discharge_ratio: 2
    depth_of_discharge: 0.9
  Pb-acid:
    cost: 101.915
    lifetime: 10.9562
    annual_cost: 9.30203902813019
    efficiency: 0.777365
    discharge_ratio: 5
    depth_of_discharge: 0.5
  VRBF:
    cost: 224.366
    lifetime: 22.6956
    annual_cost: 9.88588096371103
    efficiency: 0.743108
    discharge_ratio: 0.5
    depth_of_discharge: 1.0
