cost_values:
  wind_capex: 5000.0
  wind_opex: 100
  wind_lifetime: 20
  solar_capex: 1000.0
  solar_opex: 10
  solar_lifetime: 20
  carbon_price: 1.0
timeseries_values:
  load_level: 244759.89362174043
  wind_year: 2015
  solar_year: 2018
  price_year: 2023
  carbon_year: 2023
storage_values:
  CAES:
    cost: 37.8783
    lifetime: 27.6553
    annual_cost: 1.36965789559325
    efficiency: 0.607483
    discharge_ratio: 0.1
    depth_of_discharge: 0.4
  Li-ion:
    cost: 200.843
    lifetime: 16.8252
    annual_cost: 11.937034923804768
    efficiency: 0.926659
    discharge_ratio: 2
    depth_of_discharge: 0.9
  Pb-acid:
    cost: 122.756
    lifetime: 10.0137
    annual_cost: 12.258805436551924
    efficiency: 0.777462
    discharge_ratio: 5
    depth_of_discharge: 0.5
  VRBF:
    cost: 208.914
    lifetime: 24.8573
    annual_cost: 8.404533074790907
    efficiency: 0.754414
    discharge_ratio: 0.5
    depth_of_discharge: 1.0
