cost_values:
  wind_capex: 5000.0
  wind_opex: 100
  wind_lifetime: 20
  solar_capex: 1000.0
  solar_opex: 10
  solar_lifetime: 20
  carbon_price: 1.0
timeseries_values:
  load_level: 244759.89362174043
  wind_year: 2015
  solar_year: 2018
  price_year: 2023
  carbon_year: 2023
storage_values:
  CAES:
    cost: 43.1715
    lifetime: 26.8356
    annual_cost: 1.6087398828421948
    efficiency: 0.592609
    discharge_ratio: 0.1
    depth_of_discharge: 0.4
  Li-ion:
    cost: 205.741
    lifetime: 17.9849
    annual_cost: 11.439652152639159
    efficiency: 0.950737
    discharge_ratio: 2
    depth_of_discharge: 0.9
  Pb-acid:
    cost: 153.62
    lifetime: 10.2644
    annual_cost: 14.966291259109154
    efficiency: 0.770997
    discharge_ratio: 5
    depth_of_discharge: 0.5
  VRBF:
    cost: 236.573
    lifetime: 21.3334
    annual_cost: 11.089324720860247
    efficiency: 0.74136
    discharge_ratio: 0.5
    depth_of_discharge: 1.0
