cost_values:
  wind_capex: 5000.0
  wind_opex: 100
  wind_lifetime: 20
  solar_capex: 1000.0
  solar_opex: 10
  solar_lifetime: 20
  carbon_price: 1.0
timeseries_values:
  load_level: 244759.89362174043
  wind_year: 2015
  solar_year: 2018
  price_year: 2023
  carbon_year: 2023
storage_values:
  CAES:
    cost: 46.3752
    lifetime: 26.0959
    annual_cost: 1.7771067485696987
    efficiency: 0.58536
    discharge_ratio: 0.1
    depth_of_discharge: 0.4
  Li-ion:
    cost: 223.472
    lifetime: 16.2059
    annual_cost: 13.789545782708768
    efficiency: 0.942972
    discharge_ratio: 2
    depth_of_discharge: 0.9
  Pb-acid:
    cost: 117.931
    lifetime: 11.4066
    annual_cost: 10.338838917819508
    efficiency: 0.775622
    discharge_ratio: 5
    depth_of_discharge: 0.5
  VRBF:
    cost: 243.664
    lifetime: 23.0005
    annual_cost: 10.593856655290102
    efficiency: 0.731514
    discharge_ratio: 0.5
    depth_of_discharge: 1.0
