cost_values:
  wind_capex: 5000.0
  wind_opex: 100
  wind_lifetime: 20
  solar_capex: 1000.0
  solar_opex: 10
  solar_lifetime: 20
  carbon_price: 1.0
timeseries_values:
  load_level: 244759.89362174043
  wind_year: 2015
  solar_year: 2018
  price_year: 2023
  carbon_year: 2023
storage_values:
  CAES:
    cost: 33.3298
    lifetime: 27.1918
    annual_cost: 1.2257298156061753
    efficiency: 0.592605
    discharge_ratio: 0.1
    depth_of_discharge: 0.4
  Li-ion:
    cost: 210.694
    lifetime: 18.1611
    annual_cost: 11.601389783658478
    efficiency: 0.940142
    discharge_ratio: 2
    depth_of_discharge: 0.9
  Pb-acid:
    cost: 128.463
    lifetime: 11.704
    annual_cost: 10.975991114149007
    efficiency: 0.77637
    discharge_ratio: 5
    depth_of_discharge: 0.5
  VRBF:
    cost: 195.307
    lifetime: 23.6812
    annual_cost: 8.247343884600442
    efficiency: 0.741041
    discharge_ratio: 0.5
    depth_of_discharge: 1.0
