cost_values:
  wind_capex: 5000.0
  wind_opex: 100
  wind_lifetime: 20
  solar_capex: 1000.0
  solar_opex: 10
  solar_lifetime: 20
  carbon_price: 1.0
timeseries_values:
  load_level: 244759.89362174043
  wind_year: 2015
  solar_year: 2018
  price_year: 2023
  carbon_year: 2023
storage_values:
  CAES:
    cost: 48.0612
    lifetime: 27.8065
    annual_cost: 1.728416017837556
    efficiency: 0.601312
    discharge_ratio: 0.1
    depth_of_discharge: 0.4
  Li-ion:
    cost: 204.915
    lifetime: 16.4595
    annual_cost: 12.449649138795225
    efficiency: 0.942626
    discharge_ratio: 2
    depth_of_discharge: 0.9
  Pb-acid:
    cost: 104.524
    lifetime: 11.6871
    annual_cost: 8.943536035457898
    efficiency: 0.766767
    discharge_ratio: 5
    depth_of_discharge: 0.5
  VRBF:
    cost: 216.775
    lifetime: 22.3033
    annual_cost: 9.719413719046061
    efficiency: 0.748811
    discharge_ratio: 0.5
    depth_of_discharge: 1.0
