cost_values:
  wind_capex: 5000.0
  wind_opex: 100
  wind_lifetime: 20
  solar_capex: 1000.0
  solar_opex: 10
  solar_lifetime: 20
  carbon_price: 1.0
timeseries_values:
  load_level: 244759.89362174043
  wind_year: 2015
  solar_year: 2018
  price_year: 2023
  carbon_year: 2023
storage_values:
  CAES:
    cost: 41.5925
    lifetime: 26.0521
    annual_cost: 1.5965123732827682
    efficiency: 0.595001
    discharge_ratio: 0.1
    depth_of_discharge: 0.4
  Li-ion:
    cost: 223.534
    lifetime: 18.1973
    annual_cost: 12.283910250421766
    efficiency: 0.932073
    discharge_ratio: 2
    depth_of_discharge: 0.9
  Pb-acid:
    cost: 132.32
    lifetime: 10.8652
    annual_cost: 12.17833081765637
    efficiency: 0.783809
    discharge_ratio: 5
    depth_of_discharge: 0.5
  VRBF:
    cost: 230.288
    lifetime: 25.0324
    annual_cost: 9.199597321870856
    efficiency: 0.723661
    discharge_ratio: 0.5
    depth_of_discharge: 1.0
