cost_values:
  wind_capex: 5000.0
  wind_opex: 100
  wind_lifetime: 20
  solar_capex: 1000.0
  solar_opex: 10
  solar_lifetime: 20
  carbon_price: 1.0
timeseries_values:
  load_level: 244759.89362174043
  wind_year: 2015
  solar_year: 2018
  price_year: 2023
  carbon_year: 2023
storage_values:
  CAES:
    cost: 36.4193
    lifetime: 26.7615
    annual_cost: 1.3608841058983987
    efficiency: 0.59228
    discharge_ratio: 0.1
    depth_of_discharge: 0.4
  Li-ion:
    cost: 203.87
    lifetime: 19.9345
    annual_cost: 10.226993403396122
    efficiency: 0.945142
    discharge_ratio: 2
    depth_of_discharge: 0.9
  Pb-acid:
    cost: 116.494
    lifetime: 10.5072
    annual_cost: 11.087064108420893
    efficiency: 0.795838
    discharge_ratio: 5
    depth_of_discharge: 0.5
  VRBF:
    cost: 220.945
    lifetime: 21.5114
    annual_cost: 10.271065574532575
    efficiency: 0.750655
    discharge_ratio: 0.5
    depth_of_discharge: 1.0
