cost_values:
  wind_capex: 5000.0
  wind_opex: 100
  wind_lifetime: 20
  solar_capex: 1000.0
  solar_opex: 10
  solar_lifetime: 20
  carbon_price: 1.0
timeseries_values:
  load_level: 244759.89362174043
  wind_year: 2015
  solar_year: 2018
  price_year: 2023
  carbon_year: 2023
storage_values:
  CAES:
    cost: 37.9527
    lifetime: 26.8019
    annual_cost: 1.4160451311287632
    efficiency: 0.591123
    discharge_ratio: 0.1
    depth_of_discharge: 0.4
  Li-ion:
    cost: 212.314
    lifetime: 18.033
    annual_cost: 11.773637220651027
    efficiency: 0.921534
    discharge_ratio: 2
    depth_of_discharge: 0.9
  Pb-acid:
    cost: 126.888
    lifetime: 10.4146
    annual_cost: 12.183665239183455
    efficiency: 0.76805
    discharge_ratio: 5
    depth_of_discharge: 0.5
  VRBF:
    cost: 259.345
    lifetime: 21.6556
    annual_cost: 11.975886144923255
    efficiency: 0.723353
    discharge_ratio: 0.5
    depth_of_discharge: 1.0
