cost_values:
  wind_capex: 5000.0
  wind_opex: 100
  wind_lifetime: 20
  solar_capex: 1000.0
  solar_opex: 10
  solar_lifetime: 20
  carbon_price: 1.0
timeseries_values:
  load_level: 244759.89362174043
  wind_year: 2015
  solar_year: 2018
  price_year: 2023
  carbon_year: 2023
storage_values:
  CAES:
    cost: 44.2231
    lifetime: 27.3994
    annual_cost: 1.6140170952648598
    efficiency: 0.589701
    discharge_ratio: 0.1
    depth_of_discharge: 0.4
  Li-ion:
    cost: 188.436
    lifetime: 17.8731
    annual_cost: 10.542994779864713
    efficiency: 0.929352
    discharge_ratio: 2
    depth_of_discharge: 0.9
  Pb-acid:
    cost: 136.498
    lifetime: 11.484
    annual_cost: 11.885928247997212
    efficiency: 0.785271
    discharge_ratio: 5
    depth_of_discharge: 0.5
  VRBF:
    cost: 246.997
    lifetime: 21.9597
    annual_cost: 11.247740178599889
    efficiency: 0.729116
    discharge_ratio: 0.5
    depth_of_discharge: 1.0
