cost_values:
  wind_capex: 5000.0
  wind_opex: 100
  wind_lifetime: 20
  solar_capex: 1000.0
  solar_opex: 10
  solar_lifetime: 20
  carbon_price: 1.0
timeseries_values:
  load_level: 244759.89362174043
  wind_year: 2015
  solar_year: 2018
  price_year: 2023
  carbon_year: 2023
storage_values:
  CAES:
    cost: 41.6995
    lifetime: 27.5999
    annual_cost: 1.5108569233946498
    efficiency: 0.582931
    discharge_ratio: 0.1
    depth_of_discharge: 0.4
  Li-ion:
    cost: 178.244
    lifetime: 16.2248
    annual_cost: 10.985898131255857
    efficiency: 0.933506
    discharge_ratio: 2
    depth_of_discharge: 0.9
  Pb-acid:
    cost: 120.515
    lifetime: 11.9585
    annual_cost: 10.077768950955386
    efficiency: 0.77537
    discharge_ratio: 5
    depth_of_discharge: 0.5
  VRBF:
    cost: 206.348
    lifetime: 25.4849
    annual_cost: 8.09687305031607
    efficiency: 0.726134
    discharge_ratio: 0.5
    depth_of_discharge: 1.0
