cost_values:
  wind_capex: 5000.0
  wind_opex: 100
  wind_lifetime: 20
  solar_capex: 1000.0
  solar_opex: 10
  solar_lifetime: 20
  carbon_price: 1.0
timeseries_values:
  load_level: 244759.89362174043
  wind_year: 2015
  solar_year: 2018
  price_year: 2023
  carbon_year: 2023
storage_values:
  CAES:
    cost: 39.306
    lifetime: 27.9194
    annual_cost: 1.4078382773268765
    efficiency: 0.5951
    discharge_ratio: 0.1
    depth_of_discharge: 0.4
  Li-ion:
    cost: 222.581
    lifetime: 21.7315
    annual_cost: 10.242321054690196
    efficiency: 0.930582
    discharge_ratio: 2
    depth_of_discharge: 0.9
  Pb-acid:
    cost: 125.411
    lifetime: 10.3099
    annual_cost: 12.164133502749783
    efficiency: 0.773507
    discharge_ratio: 5
    depth_of_discharge: 0.5
  VRBF:
    cost: 224.732
    lifetime: 23.5414
    annual_cost: 9.546246187567435
    efficiency: 0.729963
    discharge_ratio: 0.5
    depth_of_discharge: 1.0
