cost_values:
  wind_capex: 5000.0
  wind_opex: 100
  wind_lifetime: 20
  solar_capex: 1000.0
  solar_opex: 10
  solar_lifetime: 20
  carbon_price: 1.0
timeseries_values:
  load_level: 244759.89362174043
  wind_year: 2015
  solar_year: 2018
  price_year: 2023
  carbon_year: 2023
storage_values:
  CAES:
    cost: 37.281
    lifetime: 25.9965
    annual_cost: 1.4340776643009634
    efficiency: 0.589439
    discharge_ratio: 0.1
    depth_of_discharge: 0.4
  Li-ion:
    cost: 211.143
    lifetime: 18.2638
    annual_cost: 11.560737634008257
    efficiency: 0.925591
    discharge_ratio: 2
    depth_of_discharge: 0.9
  Pb-acid:
    cost: 131.113
    lifetime: 12.3684
    annual_cost: 10.600643575563533
    efficiency: 0.783913
    discharge_ratio: 5
    depth_of_discharge: 0.5
  VRBF:
    cost: 225.862
    lifetime: 22.0783
    annual_cost: 10.23004488570225
    efficiency: 0.738777
    discharge_ratio: 0.5
    depth_of_discharge: 1.0
