cost_values:
  wind_capex: 5000.0
  wind_opex: 100
  wind_lifetime: 20
  solar_capex: 1000.0
  solar_opex: 10
  solar_lifetime: 20
  carbon_price: 1.0
timeseries_values:
  load_level: 244759.89362174043
  wind_year: 2015
  solar_year: 2018
  price_year: 2023
  carbon_year: 2023
storage_values:
  CAES:
    cost: 34.5741
    lifetime: 27.1908
    annual_cost: 1.2715366962354915
    efficiency: 0.602
    discharge_ratio: 0.1
    depth_of_discharge: 0.4
  Li-ion:
    cost: 199.523
    lifetime: 19.3435
    annual_cost: 10.314731046604804
    efficiency: 0.922937
    discharge_ratio: 2
    depth_of_discharge: 0.9
  Pb-acid:
    cost: 125.713
    lifetime: 12.4283
    annual_cost: 10.115059984068617
    efficiency: 0.775003
    discharge_ratio: 5
    depth_of_discharge: 0.5
  VRBF:
    cost: 217.408
    lifetime: 21.448
    annual_cost: 10.136516225289071
    efficiency: 0.736102
    discharge_ratio: 0.5
    depth_of_discharge: 1.0
