cost_values:
  wind_capex: 5000.0
  wind_opex: 100
  wind_lifetime: 20
  solar_capex: 1000.0
  solar_opex: 10
  solar_lifetime: 20
  carbon_price: 1.0
timeseries_values:
  load_level: 244759.89362174043
  wind_year: 2015
  solar_year: 2018
  price_year: 2023
  carbon_year: 2023
storage_values:
  CAES:
    cost: 42.0219
    lifetime: 27.5865
    annual_cost: 1.523277690174542
    efficiency: 0.592816
    discharge_ratio: 0.1
    depth_of_discharge: 0.4
  Li-ion:
    cost: 220.1
    lifetime: 19.1241
    annual_cost: 11.50903833383009
    efficiency: 0.938489
    discharge_ratio: 2
    depth_of_discharge: 0.9
  Pb-acid:
    cost: 129.844
    lifetime: 12.1707
    annual_cost: 10.668572884057614
    efficiency: 0.782542
    discharge_ratio: 5
    depth_of_discharge: 0.5
  VRBF:
    cost: 184.203
    lifetime: 21.6915
    annual_cost: 8.491943848973099
    efficiency: 0.748161
    discharge_ratio: 0.5
    depth_of_discharge: 1.0
