cost_values:
  wind_capex: 5000.0
  wind_opex: 100
  wind_lifetime: 20
  solar_capex: 1000.0
  solar_opex: 10
  solar_lifetime: 20
  carbon_price: 1.0
timeseries_values:
  load_level: 244759.89362174043
  wind_year: 2015
  solar_year: 2018
  price_year: 2023
  carbon_year: 2023
storage_values:
  CAES:
    cost: 35.9655
    lifetime: 26.5367
    annual_cost: 1.3553117003998236
    efficiency: 0.5889
    discharge_ratio: 0.1
    depth_of_discharge: 0.4
  Li-ion:
    cost: 201.883
    lifetime: 18.6835
    annual_cost: 10.805416544009422
    efficiency: 0.9505
    discharge_ratio: 2
    depth_of_discharge: 0.9
  Pb-acid:
    cost: 122.302
    lifetime: 11.4214
    annual_cost: 10.708144360586267
    efficiency: 0.76254
    discharge_ratio: 5
    depth_of_discharge: 0.5
  VRBF:
    cost: 200.134
    lifetime: 23.0027
    annual_cost: 8.700456902885312
    efficiency: 0.740138
    discharge_ratio: 0.5
    depth_of_discharge: 1.0
