cost_values:
  wind_capex: 5000.0
  wind_opex: 100
  wind_lifetime: 20
  solar_capex: 1000.0
  solar_opex: 10
  solar_lifetime: 20
  carbon_price: 1.0
timeseries_values:
  load_level: 244759.89362174043
  wind_year: 2015
  solar_year: 2018
  price_year: 2023
  carbon_year: 2023
storage_values:
  CAES:
    cost: 36.0698
    lifetime: 27.7753
    annual_cost: 1.2986286376744804
    efficiency: 0.597191
    discharge_ratio: 0.1
    depth_of_discharge: 0.4
  Li-ion:
    cost: 207.319
    lifetime: 18.9326
    annual_cost: 10.950371317198904
    efficiency: 0.933455
    discharge_ratio: 2
    depth_of_discharge: 0.9
  Pb-acid:
    cost: 151.051
    lifetime: 12.3886
    annual_cost: 12.192741714156561
    efficiency: 0.782147
    discharge_ratio: 5
    depth_of_discharge: 0.5
  VRBF:
    cost: 231.363
    lifetime: 25.3252
    annual_cost: 9.135683035079683
    efficiency: 0.735544
    discharge_ratio: 0.5
    depth_of_discharge: 1.0
