cost_values:
  wind_capex: 5000.0
  wind_opex: 100
  wind_lifetime: 20
  solar_capex: 1000.0
  solar_opex: 10
  solar_lifetime: 20
  carbon_price: 1.0
timeseries_values:
  load_level: 244759.89362174043
  wind_year: 2015
  solar_year: 2018
  price_year: 2023
  carbon_year: 2023
storage_values:
  CAES:
    cost: 38.6212
    lifetime: 26.2919
    annual_cost: 1.4689391029176289
    efficiency: 0.596438
    discharge_ratio: 0.1
    depth_of_discharge: 0.4
  Li-ion:
    cost: 199.811
    lifetime: 17.0277
    annual_cost: 11.734467955155424
    efficiency: 0.926915
    discharge_ratio: 2
    depth_of_discharge: 0.9
  Pb-acid:
    cost: 126.771
    lifetime: 11.6611
    annual_cost: 10.871272864481053
    efficiency: 0.78738
    discharge_ratio: 5
    depth_of_discharge: 0.5
  VRBF:
    cost: 234.713
    lifetime: 23.8243
    annual_cost: 9.851831953089912
    efficiency: 0.742227
    discharge_ratio: 0.5
    depth_of_discharge: 1.0
