cost_values:
  wind_capex: 5000.0
  wind_opex: 100
  wind_lifetime: 20
  solar_capex: 1000.0
  solar_opex: 10
  solar_lifetime: 20
  carbon_price: 1.0
timeseries_values:
  load_level: 244759.89362174043
  wind_year: 2015
  solar_year: 2018
  price_year: 2023
  carbon_year: 2023
storage_values:
  CAES:
    cost: 36.489
    lifetime: 26.5116
    annual_cost: 1.3763409224641288
    efficiency: 0.593698
    discharge_ratio: 0.1
    depth_of_discharge: 0.4
  Li-ion:
    cost: 210.958
    lifetime: 16.9814
    annual_cost: 12.422886216684136
    efficiency: 0.921915
    discharge_ratio: 2
    depth_of_discharge: 0.9
  Pb-acid:
    cost: 108.949
    lifetime: 10.8016
    annual_cost: 10.08637609243075
    efficiency: 0.771774
    discharge_ratio: 5
    depth_of_discharge: 0.5
  VRBF:
    cost: 192.888
    lifetime: 23.5023
    annual_cost: 8.207196742446484
    efficiency: 0.733042
    discharge_ratio: 0.5
    depth_of_discharge: 1.0
