cost_values:
  wind_capex: 5000.0
  wind_opex: 100
  wind_lifetime: 20
  solar_capex: 1000.0
  solar_opex: 10
  solar_lifetime: 20
  carbon_price: 1.0
timeseries_values:
  load_level: 244759.89362174043
  wind_year: 2015
  solar_year: 2018
  price_year: 2023
  carbon_year: 2023
storage_values:
  CAES:
    cost: 39.1304
    lifetime: 26.8514
    annual_cost: 1.4572945917158882
    efficiency: 0.588466
    discharge_ratio: 0.1
    depth_of_discharge: 0.4
  Li-ion:
    cost: 193.411
    lifetime: 18.8531
    annual_cost: 10.258843373238353
    efficiency: 0.943391
    discharge_ratio: 2
    depth_of_discharge: 0.9
  Pb-acid:
    cost: 99.8245
    lifetime: 10.3079
    annual_cost: 9.68427128707108
    efficiency: 0.775889
    discharge_ratio: 5
    depth_of_discharge: 0.5
  VRBF:
    cost: 223.774
    lifetime: 23.0083
    annual_cost: 9.725794604555748
    efficiency: 0.756126
    discharge_ratio: 0.5
    depth_of_discharge: 1.0
