cost_values:
  wind_capex: 5000.0
  wind_opex: 100
  wind_lifetime: 20
  solar_capex: 1000.0
  solar_opex: 10
  solar_lifetime: 20
  carbon_price: 1.0
timeseries_values:
  load_level: 244759.89362174043
  wind_year: 2015
  solar_year: 2018
  price_year: 2023
  carbon_year: 2023
storage_values:
  CAES:
    cost: 32.0847
    lifetime: 25.941
    annual_cost: 1.2368335839019313
    efficiency: 0.58773
    discharge_ratio: 0.1
    depth_of_discharge: 0.4
  Li-ion:
    cost: 198.193
    lifetime: 16.4977
    annual_cost: 12.013371560884247
    efficiency: 0.933812
    discharge_ratio: 2
    depth_of_discharge: 0.9
  Pb-acid:
    cost: 126.497
    lifetime: 10.7707
    annual_cost: 11.744547708134105
    efficiency: 0.791621
    discharge_ratio: 5
    depth_of_discharge: 0.5
  VRBF:
    cost: 214.455
    lifetime: 23.5176
    annual_cost: 9.118915195428105
    efficiency: 0.737042
    discharge_ratio: 0.5
    depth_of_discharge: 1.0
