cost_values:
  wind_capex: 5000.0
  wind_opex: 100
  wind_lifetime: 20
  solar_capex: 1000.0
  solar_opex: 10
  solar_lifetime: 20
  carbon_price: 1.0
timeseries_values:
  load_level: 244759.89362174043
  wind_year: 2015
  solar_year: 2018
  price_year: 2023
  carbon_year: 2023
storage_values:
  CAES:
    cost: 41.3665
    lifetime: 26.4275
    annual_cost: 1.5652823763125534
    efficiency: 0.59299
    discharge_ratio: 0.1
    depth_of_discharge: 0.4
  Li-ion:
    cost: 206.027
    lifetime: 18.4548
    annual_cost: 11.163870646119166
    efficiency: 0.926231
    discharge_ratio: 2
    depth_of_discharge: 0.9
  Pb-acid:
    cost: 133.608
    lifetime: 10.3485
    annual_cost: 12.91085664589071
    efficiency: 0.761443
    discharge_ratio: 5
    depth_of_discharge: 0.5
  VRBF:
    cost: 212.538
    lifetime: 25.1626
    annual_cost: 8.44658342142704
    efficiency: 0.742363
    discharge_ratio: 0.5
    depth_of_discharge: 1.0
