cost_values:
  wind_capex: 5000.0
  wind_opex: 100
  wind_lifetime: 20
  solar_capex: 1000.0
  solar_opex: 10
  solar_lifetime: 20
  carbon_price: 1.0
timeseries_values:
  load_level: 244759.89362174043
  wind_year: 2015
  solar_year: 2018
  price_year: 2023
  carbon_year: 2023
storage_values:
  CAES:
    cost: 39.7209
    lifetime: 26.9269
    annual_cost: 1.4751382446549732
    efficiency: 0.599865
    discharge_ratio: 0.1
    depth_of_discharge: 0.4
  Li-ion:
    cost: 232.795
    lifetime: 17.2108
    annual_cost: 13.526099890766263
    efficiency: 0.925125
    discharge_ratio: 2
    depth_of_discharge: 0.9
  Pb-acid:
    cost: 122.746
    lifetime: 12.1147
    annual_cost: 10.131988410773689
    efficiency: 0.768624
    discharge_ratio: 5
    depth_of_discharge: 0.5
  VRBF:
    cost: 210.685
    lifetime: 21.9817
    annual_cost: 9.584563523294376
    efficiency: 0.731867
    discharge_ratio: 0.5
    depth_of_discharge: 1.0
