cost_values:
  wind_capex: 5000.0
  wind_opex: 100
  wind_lifetime: 20
  solar_capex: 1000.0
  solar_opex: 10
  solar_lifetime: 20
  carbon_price: 1.0
timeseries_values:
  load_level: 244759.89362174043
  wind_year: 2015
  solar_year: 2018
  price_year: 2023
  carbon_year: 2023
storage_values:
  CAES:
    cost: 36.2705
    lifetime: 26.8886
    annual_cost: 1.3489173850628147
    efficiency: 0.602556
    discharge_ratio: 0.1
    depth_of_discharge: 0.4
  Li-ion:
    cost: 223.848
    lifetime: 19.2233
    annual_cost: 11.644618769930243
    efficiency: 0.946152
    discharge_ratio: 2
    depth_of_discharge: 0.9
  Pb-acid:
    cost: 104.831
    lifetime: 11.3393
    annual_cost: 9.244926935525122
    efficiency: 0.777099
    discharge_ratio: 5
    depth_of_discharge: 0.5
  VRBF:
    cost: 220.506
    lifetime: 23.0685
    annual_cost: 9.558748943364328
    efficiency: 0.759756
    discharge_ratio: 0.5
    depth_of_discharge: 1.0
