cost_values:
  wind_capex: 5000.0
  wind_opex: 100
  wind_lifetime: 20
  solar_capex: 1000.0
  solar_opex: 10
  solar_lifetime: 20
  carbon_price: 1.0
timeseries_values:
  load_level: 244759.89362174043
  wind_year: 2015
  solar_year: 2018
  price_year: 2023
  carbon_year: 2023
storage_values:
  CAES:
    cost: 37.028
    lifetime: 27.1527
    annual_cost: 1.363694954829538
    efficiency: 0.594169
    discharge_ratio: 0.1
    depth_of_discharge: 0.4
  Li-ion:
    cost: 223.393
    lifetime: 19.0696
    annual_cost: 11.714613835633678
    efficiency: 0.928772
    discharge_ratio: 2
    depth_of_discharge: 0.9
  Pb-acid:
    cost: 114.968
    lifetime: 12.3514
    annual_cost: 9.308094628948945
    efficiency: 0.77647
    discharge_ratio: 5
    depth_of_discharge: 0.5
  VRBF:
    cost: 180.999
    lifetime: 22.6263
    annual_cost: 7.999496161546518
    efficiency: 0.757698
    discharge_ratio: 0.5
    depth_of_discharge: 1.0
