cost_values:
  wind_capex: 5000.0
  wind_opex: 100
  wind_lifetime: 20
  solar_capex: 1000.0
  solar_opex: 10
  solar_lifetime: 20
  carbon_price: 1.0
timeseries_values:
  load_level: 244759.89362174043
  wind_year: 2015
  solar_year: 2018
  price_year: 2023
  carbon_year: 2023
storage_values:
  CAES:
    cost: 44.6955
    lifetime: 27.1572
    annual_cost: 1.6458066369139677
    efficiency: 0.604575
    discharge_ratio: 0.1
    depth_of_discharge: 0.4
  Li-ion:
    cost: 210.935
    lifetime: 19.1495
    annual_cost: 11.015170108880127
    efficiency: 0.931594
    discharge_ratio: 2
    depth_of_discharge: 0.9
  Pb-acid:
    cost: 109.31
    lifetime: 10.361
    annual_cost: 10.550139947881478
    efficiency: 0.76766
    discharge_ratio: 5
    depth_of_discharge: 0.5
  VRBF:
    cost: 235.586
    lifetime: 20.6332
    annual_cost: 11.417812069867981
    efficiency: 0.751259
    discharge_ratio: 0.5
    depth_of_discharge: 1.0
