cost_values:
  wind_capex: 5000.0
  wind_opex: 100
  wind_lifetime: 20
  solar_capex: 1000.0
  solar_opex: 10
  solar_lifetime: 20
  carbon_price: 1.0
timeseries_values:
  load_level: 244759.89362174043
  wind_year: 2015
  solar_year: 2018
  price_year: 2023
  carbon_year: 2023
storage_values:
  CAES:
    cost: 42.9486
    lifetime: 27.8778
    annual_cost: 1.5406021995996815
    efficiency: 0.594395
    discharge_ratio: 0.1
    depth_of_discharge: 0.4
  Li-ion:
    cost: 224.562
    lifetime: 18.6514
    annual_cost: 12.039954105321854
    efficiency: 0.939993
    discharge_ratio: 2
    depth_of_discharge: 0.9
  Pb-acid:
    cost: 124.516
    lifetime: 12.1683
    annual_cost: 10.232818060041255
    efficiency: 0.771471
    discharge_ratio: 5
    depth_of_discharge: 0.5
  VRBF:
    cost: 200.129
    lifetime: 22.8588
    annual_cost: 8.75500901184664
    efficiency: 0.722164
    discharge_ratio: 0.5
    depth_of_discharge: 1.0
