cost_values:
  wind_capex: 5000.0
  wind_opex: 100
  wind_lifetime: 20
  solar_capex: 1000.0
  solar_opex: 10
  solar_lifetime: 20
  carbon_price: 1.0
timeseries_values:
  load_level: 244759.89362174043
  wind_year: 2015
  solar_year: 2018
  price_year: 2023
  carbon_year: 2023
storage_values:
  CAES:
    cost: 41.0502
    lifetime: 26.8933
    annual_cost: 1.5264099236612836
    efficiency: 0.587997
    discharge_ratio: 0.1
    depth_of_discharge: 0.4
  Li-ion:
    cost: 211.658
    lifetime: 19.2433
    annual_cost: 10.99904901965879
    efficiency: 0.947008
    discharge_ratio: 2
    depth_of_discharge: 0.9
  Pb-acid:
    cost: 94.0806
    lifetime: 11.7688
    annual_cost: 7.99406906396574
    efficiency: 0.790135
    discharge_ratio: 5
    depth_of_discharge: 0.5
  VRBF:
    cost: 248.642
    lifetime: 25.619
    annual_cost: 9.70537491705375
    efficiency: 0.74282
    discharge_ratio: 0.5
    depth_of_discharge: 1.0
