cost_values:
  wind_capex: 5000.0
  wind_opex: 100
  wind_lifetime: 20
  solar_capex: 1000.0
  solar_opex: 10
  solar_lifetime: 20
  carbon_price: 1.0
timeseries_values:
  load_level: 244759.89362174043
  wind_year: 2015
  solar_year: 2018
  price_year: 2023
  carbon_year: 2023
storage_values:
  CAES:
    cost: 43.4236
    lifetime: 27.8211
    annual_cost: 1.5608153523764337
    efficiency: 0.592909
    discharge_ratio: 0.1
    depth_of_discharge: 0.4
  Li-ion:
    cost: 206.011
    lifetime: 16.1696
    annual_cost: 12.740636750445281
    efficiency: 0.950147
    discharge_ratio: 2
    depth_of_discharge: 0.9
  Pb-acid:
    cost: 119.29
    lifetime: 11.4125
    annual_cost: 10.452573932092005
    efficiency: 0.76828
    discharge_ratio: 5
    depth_of_discharge: 0.5
  VRBF:
    cost: 222.715
    lifetime: 23.8928
    annual_cost: 9.321427375611062
    efficiency: 0.73594
    discharge_ratio: 0.5
    depth_of_discharge: 1.0
