cost_values:
  wind_capex: 5000.0
  wind_opex: 100
  wind_lifetime: 20
  solar_capex: 1000.0
  solar_opex: 10
  solar_lifetime: 20
  carbon_price: 1.0
timeseries_values:
  load_level: 244759.89362174043
  wind_year: 2015
  solar_year: 2018
  price_year: 2023
  carbon_year: 2023
storage_values:
  CAES:
    cost: 37.9778
    lifetime: 26.4703
    annual_cost: 1.4347325115317922
    efficiency: 0.595481
    discharge_ratio: 0.1
    depth_of_discharge: 0.4
  Li-ion:
    cost: 194.427
    lifetime: 18.4055
    annual_cost: 10.563527206541522
    efficiency: 0.9333
    discharge_ratio: 2
    depth_of_discharge: 0.9
  Pb-acid:
    cost: 126.795
    lifetime: 10.5227
    annual_cost: 12.049664059604474
    efficiency: 0.788122
    discharge_ratio: 5
    depth_of_discharge: 0.5
  VRBF:
    cost: 185.608
    lifetime: 23.4306
    annual_cost: 7.921606787704968
    efficiency: 0.736146
    discharge_ratio: 0.5
    depth_of_discharge: 1.0
