cost_values:
  wind_capex: 5000.0
  wind_opex: 100
  wind_lifetime: 20
  solar_capex: 1000.0
  solar_opex: 10
  solar_lifetime: 20
  carbon_price: 1.0
timeseries_values:
  load_level: 244759.89362174043
  wind_year: 2015
  solar_year: 2018
  price_year: 2023
  carbon_year: 2023
storage_values:
  CAES:
    cost: 44.9275
    lifetime: 27.3909
    annual_cost: 1.6402345304462433
    efficiency: 0.592343
    discharge_ratio: 0.1
    depth_of_discharge: 0.4
  Li-ion:
    cost: 188.728
    lifetime: 19.3867
    annual_cost: 9.734921363615262
    efficiency: 0.92474
    discharge_ratio: 2
    depth_of_discharge: 0.9
  Pb-acid:
    cost: 111.824
    lifetime: 10.6733
    annual_cost: 10.476984625186212
    efficiency: 0.766641
    discharge_ratio: 5
    depth_of_discharge: 0.5
  VRBF:
    cost: 228.41
    lifetime: 23.5461
    annual_cost: 9.700544888537804
    efficiency: 0.701337
    discharge_ratio: 0.5
    depth_of_discharge: 1.0
