cost_values:
  wind_capex: 5000.0
  wind_opex: 100
  wind_lifetime: 20
  solar_capex: 1000.0
  solar_opex: 10
  solar_lifetime: 20
  carbon_price: 1.0
timeseries_values:
  load_level: 257020.76969209855
  wind_year: 2016
  solar_year: 2011
  price_year: 2023
  carbon_year: 2023
storage_values:
  CAES:
    cost: 23.8576
    lifetime: 24.7381
    annual_cost: 0.964407129084287
    efficiency: 0.639472
    discharge_ratio: 0.1
    depth_of_discharge: 0.4
  Li-ion:
    cost: 198.658
    lifetime: 21.553
    annual_cost: 9.217185542615876
    efficiency: 0.932486
    discharge_ratio: 2
    depth_of_discharge: 0.9
  Pb-acid:
    cost: 143.775
    lifetime: 11.3623
    annual_cost: 12.65368807371747
    efficiency: 0.789681
    discharge_ratio: 5
    depth_of_discharge: 0.5
  VRBF:
    cost: 245.259
    lifetime: 27.1691
    annual_cost: 9.027130085280705
    efficiency: 0.797217
    discharge_ratio: 0.5
    depth_of_discharge: 1.0
