cost_values:
  wind_capex: 5000.0
  wind_opex: 100
  wind_lifetime: 20
  solar_capex: 1000.0
  solar_opex: 10
  solar_lifetime: 20
  carbon_price: 1.0
timeseries_values:
  load_level: 257020.76969209855
  wind_year: 2016
  solar_year: 2011
  price_year: 2023
  carbon_year: 2023
storage_values:
  CAES:
    cost: 28.0346
    lifetime: 25.0064
    annual_cost: 1.121096999168213
    efficiency: 0.628398
    discharge_ratio: 0.1
    depth_of_discharge: 0.4
  Li-ion:
    cost: 210.135
    lifetime: 17.5752
    annual_cost: 11.956336201010515
    efficiency: 0.960338
    discharge_ratio: 2
    depth_of_discharge: 0.9
  Pb-acid:
    cost: 138.158
    lifetime: 12.6387
    annual_cost: 10.931345787145828
    efficiency: 0.77427
    discharge_ratio: 5
    depth_of_discharge: 0.5
  VRBF:
    cost: 264.562
    lifetime: 28.3439
    annual_cost: 9.334001319507902
    efficiency: 0.817562
    discharge_ratio: 0.5
    depth_of_discharge: 1.0
