cost_values:
  wind_capex: 5000.0
  wind_opex: 100
  wind_lifetime: 20
  solar_capex: 1000.0
  solar_opex: 10
  solar_lifetime: 20
  carbon_price: 1.0
timeseries_values:
  load_level: 257020.76969209855
  wind_year: 2016
  solar_year: 2011
  price_year: 2023
  carbon_year: 2023
storage_values:
  CAES:
    cost: 23.035
    lifetime: 25.0197
    annual_cost: 0.920674508487312
    efficiency: 0.631887
    discharge_ratio: 0.1
    depth_of_discharge: 0.4
  Li-ion:
    cost: 188.099
    lifetime: 19.5657
    annual_cost: 9.613711750665706
    efficiency: 0.938288
    discharge_ratio: 2
    depth_of_discharge: 0.9
  Pb-acid:
    cost: 127.979
    lifetime: 12.8302
    annual_cost: 9.974825022213215
    efficiency: 0.798825
    discharge_ratio: 5
    depth_of_discharge: 0.5
  VRBF:
    cost: 258.651
    lifetime: 29.2809
    annual_cost: 8.833437496798254
    efficiency: 0.830292
    discharge_ratio: 0.5
    depth_of_discharge: 1.0
