cost_values:
  wind_capex: 5000.0
  wind_opex: 100
  wind_lifetime: 20
  solar_capex: 1000.0
  solar_opex: 10
  solar_lifetime: 20
  carbon_price: 1.0
timeseries_values:
  load_level: 257020.76969209855
  wind_year: 2016
  solar_year: 2011
  price_year: 2023
  carbon_year: 2023
storage_values:
  CAES:
    cost: 25.6245
    lifetime: 24.7427
    annual_cost: 1.0356387944727132
    efficiency: 0.639581
    discharge_ratio: 0.1
    depth_of_discharge: 0.4
  Li-ion:
    cost: 180.538
    lifetime: 19.056
    annual_cost: 9.474076406381192
    efficiency: 0.949328
    discharge_ratio: 2
    depth_of_discharge: 0.9
  Pb-acid:
    cost: 163.723
    lifetime: 12.3691
    annual_cost: 13.236452126670494
    efficiency: 0.792532
    discharge_ratio: 5
    depth_of_discharge: 0.5
  VRBF:
    cost: 266.107
    lifetime: 29.0153
    annual_cost: 9.17126481545943
    efficiency: 0.818753
    discharge_ratio: 0.5
    depth_of_discharge: 1.0
