cost_values:
  wind_capex: 5000.0
  wind_opex: 100
  wind_lifetime: 20
  solar_capex: 1000.0
  solar_opex: 10
  solar_lifetime: 20
  carbon_price: 1.0
timeseries_values:
  load_level: 257020.76969209855
  wind_year: 2016
  solar_year: 2011
  price_year: 2023
  carbon_year: 2023
storage_values:
  CAES:
    cost: 22.2649
    lifetime: 26.8201
    annual_cost: 0.8301572328216524
    efficiency: 0.635882
    discharge_ratio: 0.1
    depth_of_discharge: 0.4
  Li-ion:
    cost: 195.328
    lifetime: 20.7308
    annual_cost: 9.422115885542286
    efficiency: 0.933786
    discharge_ratio: 2
    depth_of_discharge: 0.9
  Pb-acid:
    cost: 145.688
    lifetime: 13.7228
    annual_cost: 10.616492261054594
    efficiency: 0.786832
    discharge_ratio: 5
    depth_of_discharge: 0.5
  VRBF:
    cost: 258.548
    lifetime: 27.7852
    annual_cost: 9.305241639433943
    efficiency: 0.820395
    discharge_ratio: 0.5
    depth_of_discharge: 1.0
