cost_values:
  wind_capex: 5000.0
  wind_opex: 100
  wind_lifetime: 20
  solar_capex: 1000.0
  solar_opex: 10
  solar_lifetime: 20
  carbon_price: 1.0
timeseries_values:
  load_level: 257020.76969209855
  wind_year: 2016
  solar_year: 2011
  price_year: 2023
  carbon_year: 2023
storage_values:
  CAES:
    cost: 24.3949
    lifetime: 25.2589
    annual_cost: 0.9657942349033409
    efficiency: 0.629049
    discharge_ratio: 0.1
    depth_of_discharge: 0.4
  Li-ion:
    cost: 206.145
    lifetime: 18.0043
    annual_cost: 11.449764778414046
    efficiency: 0.933008
    discharge_ratio: 2
    depth_of_discharge: 0.9
  Pb-acid:
    cost: 141.249
    lifetime: 13.5318
    annual_cost: 10.43830089123398
    efficiency: 0.791419
    discharge_ratio: 5
    depth_of_discharge: 0.5
  VRBF:
    cost: 254.342
    lifetime: 28.6159
    annual_cost: 8.888135616912276
    efficiency: 0.802629
    discharge_ratio: 0.5
    depth_of_discharge: 1.0
