cost_values:
  wind_capex: 5000.0
  wind_opex: 100
  wind_lifetime: 20
  solar_capex: 1000.0
  solar_opex: 10
  solar_lifetime: 20
  carbon_price: 1.0
timeseries_values:
  load_level: 257020.76969209855
  wind_year: 2016
  solar_year: 2011
  price_year: 2023
  carbon_year: 2023
storage_values:
  CAES:
    cost: 23.7058
    lifetime: 25.2045
    annual_cost: 0.9405383959213632
    efficiency: 0.625752
    discharge_ratio: 0.1
    depth_of_discharge: 0.4
  Li-ion:
    cost: 193.467
    lifetime: 20.2528
    annual_cost: 9.552605071891294
    efficiency: 0.946086
    discharge_ratio: 2
    depth_of_discharge: 0.9
  Pb-acid:
    cost: 153.519
    lifetime: 11.13
    annual_cost: 13.793261455525606
    efficiency: 0.78735
    discharge_ratio: 5
    depth_of_discharge: 0.5
  VRBF:
    cost: 249.975
    lifetime: 28.7526
    annual_cost: 8.693996369024019
    efficiency: 0.82485
    discharge_ratio: 0.5
    depth_of_discharge: 1.0
