cost_values:
  wind_capex: 5000.0
  wind_opex: 100
  wind_lifetime: 20
  solar_capex: 1000.0
  solar_opex: 10
  solar_lifetime: 20
  carbon_price: 1.0
timeseries_values:
  load_level: 257020.76969209855
  wind_year: 2016
  solar_year: 2011
  price_year: 2023
  carbon_year: 2023
storage_values:
  CAES:
    cost: 22.0175
    lifetime: 25.3742
    annual_cost: 0.8677120855041736
    efficiency: 0.629478
    discharge_ratio: 0.1
    depth_of_discharge: 0.4
  Li-ion:
    cost: 199.021
    lifetime: 21.3819
    annual_cost: 9.307919314934592
    efficiency: 0.947624
    discharge_ratio: 2
    depth_of_discharge: 0.9
  Pb-acid:
    cost: 163.365
    lifetime: 13.4186
    annual_cost: 12.174518951306396
    efficiency: 0.781484
    discharge_ratio: 5
    depth_of_discharge: 0.5
  VRBF:
    cost: 259.383
    lifetime: 26.1036
    annual_cost: 9.936675401094101
    efficiency: 0.834987
    discharge_ratio: 0.5
    depth_of_discharge: 1.0
