cost_values:
  wind_capex: 5000.0
  wind_opex: 100
  wind_lifetime: 20
  solar_capex: 1000.0
  solar_opex: 10
  solar_lifetime: 20
  carbon_price: 1.0
timeseries_values:
  load_level: 257020.76969209855
  wind_year: 2016
  solar_year: 2011
  price_year: 2023
  carbon_year: 2023
storage_values:
  CAES:
    cost: 23.6868
    lifetime: 24.4639
    annual_cost: 0.968234827643998
    efficiency: 0.63442
    discharge_ratio: 0.1
    depth_of_discharge: 0.4
  Li-ion:
    cost: 208.173
    lifetime: 18.9496
    annual_cost: 10.985614472073289
    efficiency: 0.94379
    discharge_ratio: 2
    depth_of_discharge: 0.9
  Pb-acid:
    cost: 125.265
    lifetime: 12.976
    annual_cost: 9.653591245376079
    efficiency: 0.798381
    discharge_ratio: 5
    depth_of_discharge: 0.5
  VRBF:
    cost: 253.006
    lifetime: 26.4111
    annual_cost: 9.579532847931361
    efficiency: 0.813124
    discharge_ratio: 0.5
    depth_of_discharge: 1.0
