cost_values:
  wind_capex: 5000.0
  wind_opex: 100
  wind_lifetime: 20
  solar_capex: 1000.0
  solar_opex: 10
  solar_lifetime: 20
  carbon_price: 1.0
timeseries_values:
  load_level: 257020.76969209855
  wind_year: 2016
  solar_year: 2011
  price_year: 2023
  carbon_year: 2023
storage_values:
  CAES:
    cost: 23.1527
    lifetime: 24.1767
    annual_cost: 0.9576451707635864
    efficiency: 0.638651
    discharge_ratio: 0.1
    depth_of_discharge: 0.4
  Li-ion:
    cost: 192.654
    lifetime: 18.7007
    annual_cost: 10.301967306036671
    efficiency: 0.945717
    discharge_ratio: 2
    depth_of_discharge: 0.9
  Pb-acid:
    cost: 120.987
    lifetime: 12.4135
    annual_cost: 9.746405123454302
    efficiency: 0.790919
    discharge_ratio: 5
    depth_of_discharge: 0.5
  VRBF:
    cost: 256.554
    lifetime: 27.8631
    annual_cost: 9.207661746180431
    efficiency: 0.826914
    discharge_ratio: 0.5
    depth_of_discharge: 1.0
