cost_values:
  wind_capex: 5000.0
  wind_opex: 100
  wind_lifetime: 20
  solar_capex: 1000.0
  solar_opex: 10
  solar_lifetime: 20
  carbon_price: 1.0
timeseries_values:
  load_level: 257020.76969209855
  wind_year: 2016
  solar_year: 2011
  price_year: 2023
  carbon_year: 2023
storage_values:
  CAES:
    cost: 22.1492
    lifetime: 25.4302
    annual_cost: 0.8709801731799199
    efficiency: 0.631235
    discharge_ratio: 0.1
    depth_of_discharge: 0.4
  Li-ion:
    cost: 189.371
    lifetime: 18.9739
    annual_cost: 9.98060493625454
    efficiency: 0.939692
    discharge_ratio: 2
    depth_of_discharge: 0.9
  Pb-acid:
    cost: 146.717
    lifetime: 11.9636
    annual_cost: 12.263616302785117
    efficiency: 0.793897
    discharge_ratio: 5
    depth_of_discharge: 0.5
  VRBF:
    cost: 287.057
    lifetime: 27.334
    annual_cost: 10.501829223677472
    efficiency: 0.82998
    discharge_ratio: 0.5
    depth_of_discharge: 1.0
