cost_values:
  wind_capex: 5000.0
  wind_opex: 100
  wind_lifetime: 20
  solar_capex: 1000.0
  solar_opex: 10
  solar_lifetime: 20
  carbon_price: 1.0
timeseries_values:
  load_level: 257020.76969209855
  wind_year: 2016
  solar_year: 2011
  price_year: 2023
  carbon_year: 2023
storage_values:
  CAES:
    cost: 25.8678
    lifetime: 24.9116
    annual_cost: 1.0383837248510734
    efficiency: 0.638938
    discharge_ratio: 0.1
    depth_of_discharge: 0.4
  Li-ion:
    cost: 183.747
    lifetime: 21.8085
    annual_cost: 8.425476305110394
    efficiency: 0.942771
    discharge_ratio: 2
    depth_of_discharge: 0.9
  Pb-acid:
    cost: 136.965
    lifetime: 13.428
    annual_cost: 10.199955317247541
    efficiency: 0.775835
    discharge_ratio: 5
    depth_of_discharge: 0.5
  VRBF:
    cost: 264.711
    lifetime: 28.4211
    annual_cost: 9.313890032405503
    efficiency: 0.815759
    discharge_ratio: 0.5
    depth_of_discharge: 1.0
