cost_values:
  wind_capex: 5000.0
  wind_opex: 100
  wind_lifetime: 20
  solar_capex: 1000.0
  solar_opex: 10
  solar_lifetime: 20
  carbon_price: 1.0
timeseries_values:
  load_level: 257020.76969209855
  wind_year: 2016
  solar_year: 2011
  price_year: 2023
  carbon_year: 2023
storage_values:
  CAES:
    cost: 22.4555
    lifetime: 24.7227
    annual_cost: 0.9082948059880191
    efficiency: 0.635549
    discharge_ratio: 0.1
    depth_of_discharge: 0.4
  Li-ion:
    cost: 206.965
    lifetime: 20.2971
    annual_cost: 10.196776879455685
    efficiency: 0.934545
    discharge_ratio: 2
    depth_of_discharge: 0.9
  Pb-acid:
    cost: 130.268
    lifetime: 12.719
    annual_cost: 10.242000157245068
    efficiency: 0.781932
    discharge_ratio: 5
    depth_of_discharge: 0.5
  VRBF:
    cost: 264.535
    lifetime: 27.638
    annual_cost: 9.57142340256169
    efficiency: 0.800388
    discharge_ratio: 0.5
    depth_of_discharge: 1.0
