cost_values:
  wind_capex: 5000.0
  wind_opex: 100
  wind_lifetime: 20
  solar_capex: 1000.0
  solar_opex: 10
  solar_lifetime: 20
  carbon_price: 1.0
timeseries_values:
  load_level: 257020.76969209855
  wind_year: 2016
  solar_year: 2011
  price_year: 2023
  carbon_year: 2023
storage_values:
  CAES:
    cost: 23.1582
    lifetime: 24.9209
    annual_cost: 0.9292682045993524
    efficiency: 0.644162
    discharge_ratio: 0.1
    depth_of_discharge: 0.4
  Li-ion:
    cost: 172.082
    lifetime: 19.2622
    annual_cost: 8.933662821484566
    efficiency: 0.930585
    discharge_ratio: 2
    depth_of_discharge: 0.9
  Pb-acid:
    cost: 113.468
    lifetime: 13.777
    annual_cost: 8.236045583218408
    efficiency: 0.788988
    discharge_ratio: 5
    depth_of_discharge: 0.5
  VRBF:
    cost: 276.982
    lifetime: 29.0922
    annual_cost: 9.520833763001768
    efficiency: 0.829162
    discharge_ratio: 0.5
    depth_of_discharge: 1.0
