cost_values:
  wind_capex: 5000.0
  wind_opex: 100
  wind_lifetime: 20
  solar_capex: 1000.0
  solar_opex: 10
  solar_lifetime: 20
  carbon_price: 1.0
timeseries_values:
  load_level: 257020.76969209855
  wind_year: 2016
  solar_year: 2011
  price_year: 2023
  carbon_year: 2023
storage_values:
  CAES:
    cost: 27.6854
    lifetime: 25.7826
    annual_cost: 1.0738017112316058
    efficiency: 0.639942
    discharge_ratio: 0.1
    depth_of_discharge: 0.4
  Li-ion:
    cost: 183.302
    lifetime: 19.4778
    annual_cost: 9.41081641663843
    efficiency: 0.941937
    discharge_ratio: 2
    depth_of_discharge: 0.9
  Pb-acid:
    cost: 130.772
    lifetime: 10.9737
    annual_cost: 11.916855755123613
    efficiency: 0.792576
    discharge_ratio: 5
    depth_of_discharge: 0.5
  VRBF:
    cost: 253.457
    lifetime: 28.272
    annual_cost: 8.964947651386531
    efficiency: 0.825244
    discharge_ratio: 0.5
    depth_of_discharge: 1.0
