cost_values:
  wind_capex: 5000.0
  wind_opex: 100
  wind_lifetime: 20
  solar_capex: 1000.0
  solar_opex: 10
  solar_lifetime: 20
  carbon_price: 1.0
timeseries_values:
  load_level: 257020.76969209855
  wind_year: 2016
  solar_year: 2011
  price_year: 2023
  carbon_year: 2023
storage_values:
  CAES:
    cost: 21.5303
    lifetime: 25.4451
    annual_cost: 0.8461471953342687
    efficiency: 0.637636
    discharge_ratio: 0.1
    depth_of_discharge: 0.4
  Li-ion:
    cost: 190.615
    lifetime: 20.5579
    annual_cost: 9.272104641038238
    efficiency: 0.932505
    discharge_ratio: 2
    depth_of_discharge: 0.9
  Pb-acid:
    cost: 152.532
    lifetime: 14.4494
    annual_cost: 10.55628607416225
    efficiency: 0.784999
    discharge_ratio: 5
    depth_of_discharge: 0.5
  VRBF:
    cost: 270.963
    lifetime: 28.5255
    annual_cost: 9.498974601672188
    efficiency: 0.814322
    discharge_ratio: 0.5
    depth_of_discharge: 1.0
