cost_values:
  wind_capex: 5000.0
  wind_opex: 100
  wind_lifetime: 20
  solar_capex: 1000.0
  solar_opex: 10
  solar_lifetime: 20
  carbon_price: 1.0
timeseries_values:
  load_level: 257020.76969209855
  wind_year: 2016
  solar_year: 2011
  price_year: 2023
  carbon_year: 2023
storage_values:
  CAES:
    cost: 21.0151
    lifetime: 25.3696
    annual_cost: 0.8283575618062564
    efficiency: 0.630356
    discharge_ratio: 0.1
    depth_of_discharge: 0.4
  Li-ion:
    cost: 196.946
    lifetime: 20.8152
    annual_cost: 9.461643414427918
    efficiency: 0.932278
    discharge_ratio: 2
    depth_of_discharge: 0.9
  Pb-acid:
    cost: 130.861
    lifetime: 12.128
    annual_cost: 10.789990105540896
    efficiency: 0.78217
    discharge_ratio: 5
    depth_of_discharge: 0.5
  VRBF:
    cost: 272.957
    lifetime: 28.4433
    annual_cost: 9.596530641662536
    efficiency: 0.817407
    discharge_ratio: 0.5
    depth_of_discharge: 1.0
