cost_values:
  wind_capex: 5000.0
  wind_opex: 100
  wind_lifetime: 20
  solar_capex: 1000.0
  solar_opex: 10
  solar_lifetime: 20
  carbon_price: 1.0
timeseries_values:
  load_level: 257020.76969209855
  wind_year: 2016
  solar_year: 2011
  price_year: 2023
  carbon_year: 2023
storage_values:
  CAES:
    cost: 20.9409
    lifetime: 24.604
    annual_cost: 0.8511177044383027
    efficiency: 0.631945
    discharge_ratio: 0.1
    depth_of_discharge: 0.4
  Li-ion:
    cost: 191.691
    lifetime: 17.6293
    annual_cost: 10.873432297368584
    efficiency: 0.95026
    discharge_ratio: 2
    depth_of_discharge: 0.9
  Pb-acid:
    cost: 136.032
    lifetime: 12.8914
    annual_cost: 10.552151046434057
    efficiency: 0.788285
    discharge_ratio: 5
    depth_of_discharge: 0.5
  VRBF:
    cost: 249.945
    lifetime: 29.2346
    annual_cost: 8.549629548548637
    efficiency: 0.826303
    discharge_ratio: 0.5
    depth_of_discharge: 1.0
