cost_values:
  wind_capex: 5000.0
  wind_opex: 100
  wind_lifetime: 20
  solar_capex: 1000.0
  solar_opex: 10
  solar_lifetime: 20
  carbon_price: 1.0
timeseries_values:
  load_level: 257020.76969209855
  wind_year: 2016
  solar_year: 2011
  price_year: 2023
  carbon_year: 2023
storage_values:
  CAES:
    cost: 22.9469
    lifetime: 25.0488
    annual_cost: 0.9160877966209958
    efficiency: 0.632769
    discharge_ratio: 0.1
    depth_of_discharge: 0.4
  Li-ion:
    cost: 206.371
    lifetime: 22.0853
    annual_cost: 9.344269717866636
    efficiency: 0.940827
    discharge_ratio: 2
    depth_of_discharge: 0.9
  Pb-acid:
    cost: 126.721
    lifetime: 14.2075
    annual_cost: 8.919303184937533
    efficiency: 0.795238
    discharge_ratio: 5
    depth_of_discharge: 0.5
  VRBF:
    cost: 243.829
    lifetime: 28.7856
    annual_cost: 8.470519982213329
    efficiency: 0.816168
    discharge_ratio: 0.5
    depth_of_discharge: 1.0
