cost_values:
  wind_capex: 5000.0
  wind_opex: 100
  wind_lifetime: 20
  solar_capex: 1000.0
  solar_opex: 10
  solar_lifetime: 20
  carbon_price: 1.0
timeseries_values:
  load_level: 257020.76969209855
  wind_year: 2016
  solar_year: 2011
  price_year: 2023
  carbon_year: 2023
storage_values:
  CAES:
    cost: 25.395
    lifetime: 26.6295
    annual_cost: 0.9536416380330085
    efficiency: 0.635537
    discharge_ratio: 0.1
    depth_of_discharge: 0.4
  Li-ion:
    cost: 193.28
    lifetime: 19.7543
    annual_cost: 9.784198883281109
    efficiency: 0.950305
    discharge_ratio: 2
    depth_of_discharge: 0.9
  Pb-acid:
    cost: 131.308
    lifetime: 11.5994
    annual_cost: 11.32024070210528
    efficiency: 0.792035
    discharge_ratio: 5
    depth_of_discharge: 0.5
  VRBF:
    cost: 256.54
    lifetime: 28.6332
    annual_cost: 8.959529497226997
    efficiency: 0.79352
    discharge_ratio: 0.5
    depth_of_discharge: 1.0
