cost_values:
  wind_capex: 5000.0
  wind_opex: 100
  wind_lifetime: 20
  solar_capex: 1000.0
  solar_opex: 10
  solar_lifetime: 20
  carbon_price: 1.0
timeseries_values:
  load_level: 257020.76969209855
  wind_year: 2016
  solar_year: 2011
  price_year: 2023
  carbon_year: 2023
storage_values:
  CAES:
    cost: 24.4332
    lifetime: 25.735
    annual_cost: 0.949415193316495
    efficiency: 0.645093
    discharge_ratio: 0.1
    depth_of_discharge: 0.4
  Li-ion:
    cost: 198.289
    lifetime: 18.4795
    annual_cost: 10.730214562082306
    efficiency: 0.941018
    discharge_ratio: 2
    depth_of_discharge: 0.9
  Pb-acid:
    cost: 161.674
    lifetime: 10.4557
    annual_cost: 15.462761938464187
    efficiency: 0.782656
    discharge_ratio: 5
    depth_of_discharge: 0.5
  VRBF:
    cost: 248.133
    lifetime: 26.5915
    annual_cost: 9.331290073895794
    efficiency: 0.829434
    discharge_ratio: 0.5
    depth_of_discharge: 1.0
