cost_values:
  wind_capex: 5000.0
  wind_opex: 100
  wind_lifetime: 20
  solar_capex: 1000.0
  solar_opex: 10
  solar_lifetime: 20
  carbon_price: 1.0
timeseries_values:
  load_level: 257020.76969209855
  wind_year: 2016
  solar_year: 2011
  price_year: 2023
  carbon_year: 2023
storage_values:
  CAES:
    cost: 25.6139
    lifetime: 26.3447
    annual_cost: 0.9722600750815155
    efficiency: 0.645892
    discharge_ratio: 0.1
    depth_of_discharge: 0.4
  Li-ion:
    cost: 200.768
    lifetime: 20.525
    annual_cost: 9.781632155907431
    efficiency: 0.93979
    discharge_ratio: 2
    depth_of_discharge: 0.9
  Pb-acid:
    cost: 145.987
    lifetime: 12.8195
    annual_cost: 11.387885642965793
    efficiency: 0.79043
    discharge_ratio: 5
    depth_of_discharge: 0.5
  VRBF:
    cost: 253.915
    lifetime: 27.5813
    annual_cost: 9.206056277260318
    efficiency: 0.799745
    discharge_ratio: 0.5
    depth_of_discharge: 1.0
