cost_values:
  wind_capex: 5000.0
  wind_opex: 100
  wind_lifetime: 20
  solar_capex: 1000.0
  solar_opex: 10
  solar_lifetime: 20
  carbon_price: 1.0
timeseries_values:
  load_level: 257020.76969209855
  wind_year: 2016
  solar_year: 2011
  price_year: 2023
  carbon_year: 2023
storage_values:
  CAES:
    cost: 26.8244
    lifetime: 24.7466
    annual_cost: 1.0839630494694221
    efficiency: 0.633362
    discharge_ratio: 0.1
    depth_of_discharge: 0.4
  Li-ion:
    cost: 203.577
    lifetime: 17.9386
    annual_cost: 11.348544479502301
    efficiency: 0.929867
    discharge_ratio: 2
    depth_of_discharge: 0.9
  Pb-acid:
    cost: 119.567
    lifetime: 13.2126
    annual_cost: 9.049467932125395
    efficiency: 0.787885
    discharge_ratio: 5
    depth_of_discharge: 0.5
  VRBF:
    cost: 252.837
    lifetime: 25.5794
    annual_cost: 9.884399164953049
    efficiency: 0.796423
    discharge_ratio: 0.5
    depth_of_discharge: 1.0
