cost_values:
  wind_capex: 5000.0
  wind_opex: 100
  wind_lifetime: 20
  solar_capex: 1000.0
  solar_opex: 10
  solar_lifetime: 20
  carbon_price: 1.0
timeseries_values:
  load_level: 257020.76969209855
  wind_year: 2016
  solar_year: 2011
  price_year: 2023
  carbon_year: 2023
storage_values:
  CAES:
    cost: 29.0834
    lifetime: 24.395
    annual_cost: 1.1921869235499079
    efficiency: 0.625278
    discharge_ratio: 0.1
    depth_of_discharge: 0.4
  Li-ion:
    cost: 199.119
    lifetime: 17.4657
    annual_cost: 11.400573695872483
    efficiency: 0.954903
    discharge_ratio: 2
    depth_of_discharge: 0.9
  Pb-acid:
    cost: 132.378
    lifetime: 12.8042
    annual_cost: 10.338638884116149
    efficiency: 0.792902
    discharge_ratio: 5
    depth_of_discharge: 0.5
  VRBF:
    cost: 260.937
    lifetime: 28.4467
    annual_cost: 9.17283902878014
    efficiency: 0.805418
    discharge_ratio: 0.5
    depth_of_discharge: 1.0
