cost_values:
  wind_capex: 5000.0
  wind_opex: 100
  wind_lifetime: 20
  solar_capex: 1000.0
  solar_opex: 10
  solar_lifetime: 20
  carbon_price: 1.0
timeseries_values:
  load_level: 257020.76969209855
  wind_year: 2016
  solar_year: 2011
  price_year: 2023
  carbon_year: 2023
storage_values:
  CAES:
    cost: 22.7783
    lifetime: 25.7335
    annual_cost: 0.8851613655351974
    efficiency: 0.636395
    discharge_ratio: 0.1
    depth_of_discharge: 0.4
  Li-ion:
    cost: 202.406
    lifetime: 18.4802
    annual_cost: 10.952587093213277
    efficiency: 0.94968
    discharge_ratio: 2
    depth_of_discharge: 0.9
  Pb-acid:
    cost: 149.018
    lifetime: 13.939
    annual_cost: 10.690723868283234
    efficiency: 0.78813
    discharge_ratio: 5
    depth_of_discharge: 0.5
  VRBF:
    cost: 251.348
    lifetime: 27.515
    annual_cost: 9.13494457568599
    efficiency: 0.818384
    discharge_ratio: 0.5
    depth_of_discharge: 1.0
