cost_values:
  wind_capex: 5000.0
  wind_opex: 100
  wind_lifetime: 20
  solar_capex: 1000.0
  solar_opex: 10
  solar_lifetime: 20
  carbon_price: 1.0
timeseries_values:
  load_level: 257020.76969209855
  wind_year: 2016
  solar_year: 2011
  price_year: 2023
  carbon_year: 2023
storage_values:
  CAES:
    cost: 25.3077
    lifetime: 24.4291
    annual_cost: 1.0359653036747158
    efficiency: 0.644488
    discharge_ratio: 0.1
    depth_of_discharge: 0.4
  Li-ion:
    cost: 181.794
    lifetime: 20.8241
    annual_cost: 8.729981127635767
    efficiency: 0.94627
    discharge_ratio: 2
    depth_of_discharge: 0.9
  Pb-acid:
    cost: 155.837
    lifetime: 13.0874
    annual_cost: 11.907407124409737
    efficiency: 0.774727
    discharge_ratio: 5
    depth_of_discharge: 0.5
  VRBF:
    cost: 236.082
    lifetime: 27.9827
    annual_cost: 8.436712683193544
    efficiency: 0.808227
    discharge_ratio: 0.5
    depth_of_discharge: 1.0
