cost_values:
  wind_capex: 5000.0
  wind_opex: 100
  wind_lifetime: 20
  solar_capex: 1000.0
  solar_opex: 10
  solar_lifetime: 20
  carbon_price: 1.0
timeseries_values:
  load_level: 257020.76969209855
  wind_year: 2016
  solar_year: 2011
  price_year: 2023
  carbon_year: 2023
storage_values:
  CAES:
    cost: 20.2494
    lifetime: 24.8111
    annual_cost: 0.8161427748064375
    efficiency: 0.640263
    discharge_ratio: 0.1
    depth_of_discharge: 0.4
  Li-ion:
    cost: 210.098
    lifetime: 19.7868
    annual_cost: 10.618088826894699
    efficiency: 0.934797
    discharge_ratio: 2
    depth_of_discharge: 0.9
  Pb-acid:
    cost: 136.673
    lifetime: 12.6988
    annual_cost: 10.7626704885501
    efficiency: 0.785149
    discharge_ratio: 5
    depth_of_discharge: 0.5
  VRBF:
    cost: 290.326
    lifetime: 27.613
    annual_cost: 10.51410567486329
    efficiency: 0.826316
    discharge_ratio: 0.5
    depth_of_discharge: 1.0
