cost_values:
  wind_capex: 5000.0
  wind_opex: 100
  wind_lifetime: 20
  solar_capex: 1000.0
  solar_opex: 10
  solar_lifetime: 20
  carbon_price: 1.0
timeseries_values:
  load_level: 257020.76969209855
  wind_year: 2016
  solar_year: 2011
  price_year: 2023
  carbon_year: 2023
storage_values:
  CAES:
    cost: 21.9206
    lifetime: 23.7808
    annual_cost: 0.9217772320527485
    efficiency: 0.631814
    discharge_ratio: 0.1
    depth_of_discharge: 0.4
  Li-ion:
    cost: 174.423
    lifetime: 17.3739
    annual_cost: 10.039369398925976
    efficiency: 0.935563
    discharge_ratio: 2
    depth_of_discharge: 0.9
  Pb-acid:
    cost: 117.39
    lifetime: 14.2462
    annual_cost: 8.240092094734035
    efficiency: 0.777295
    discharge_ratio: 5
    depth_of_discharge: 0.5
  VRBF:
    cost: 271.484
    lifetime: 27.9785
    annual_cost: 9.7033078971353
    efficiency: 0.83966
    discharge_ratio: 0.5
    depth_of_discharge: 1.0
