cost_values:
  wind_capex: 5000.0
  wind_opex: 100
  wind_lifetime: 20
  solar_capex: 1000.0
  solar_opex: 10
  solar_lifetime: 20
  carbon_price: 1.0
timeseries_values:
  load_level: 257020.76969209855
  wind_year: 2016
  solar_year: 2011
  price_year: 2023
  carbon_year: 2023
storage_values:
  CAES:
    cost: 26.5678
    lifetime: 26.2922
    annual_cost: 1.01048219624071
    efficiency: 0.632785
    discharge_ratio: 0.1
    depth_of_discharge: 0.4
  Li-ion:
    cost: 203.832
    lifetime: 20.0808
    annual_cost: 10.15059160989602
    efficiency: 0.94914
    discharge_ratio: 2
    depth_of_discharge: 0.9
  Pb-acid:
    cost: 127.941
    lifetime: 11.5684
    annual_cost: 11.059524221154179
    efficiency: 0.792941
    discharge_ratio: 5
    depth_of_discharge: 0.5
  VRBF:
    cost: 258.502
    lifetime: 29.6801
    annual_cost: 8.709606773562085
    efficiency: 0.815198
    discharge_ratio: 0.5
    depth_of_discharge: 1.0
