cost_values:
  wind_capex: 5000.0
  wind_opex: 100
  wind_lifetime: 20
  solar_capex: 1000.0
  solar_opex: 10
  solar_lifetime: 20
  carbon_price: 1.0
timeseries_values:
  load_level: 257020.76969209855
  wind_year: 2016
  solar_year: 2011
  price_year: 2023
  carbon_year: 2023
storage_values:
  CAES:
    cost: 20.8245
    lifetime: 25.5329
    annual_cost: 0.8155947816346752
    efficiency: 0.637233
    discharge_ratio: 0.1
    depth_of_discharge: 0.4
  Li-ion:
    cost: 206.83
    lifetime: 19.5337
    annual_cost: 10.588367795143778
    efficiency: 0.950904
    discharge_ratio: 2
    depth_of_discharge: 0.9
  Pb-acid:
    cost: 129.925
    lifetime: 13.6988
    annual_cost: 9.484407393348324
    efficiency: 0.777006
    discharge_ratio: 5
    depth_of_discharge: 0.5
  VRBF:
    cost: 246.033
    lifetime: 28.0718
    annual_cost: 8.764418384286008
    efficiency: 0.820029
    discharge_ratio: 0.5
    depth_of_discharge: 1.0
