cost_values:
  wind_capex: 5000.0
  wind_opex: 100
  wind_lifetime: 20
  solar_capex: 1000.0
  solar_opex: 10
  solar_lifetime: 20
  carbon_price: 1.0
timeseries_values:
  load_level: 257020.76969209855
  wind_year: 2016
  solar_year: 2011
  price_year: 2023
  carbon_year: 2023
storage_values:
  CAES:
    cost: 21.79
    lifetime: 25.2793
    annual_cost: 0.861970070373784
    efficiency: 0.642731
    discharge_ratio: 0.1
    depth_of_discharge: 0.4
  Li-ion:
    cost: 217.214
    lifetime: 18.5027
    annual_cost: 11.739583952612321
    efficiency: 0.938489
    discharge_ratio: 2
    depth_of_discharge: 0.9
  Pb-acid:
    cost: 128.958
    lifetime: 12.9981
    annual_cost: 9.921296189443071
    efficiency: 0.794833
    discharge_ratio: 5
    depth_of_discharge: 0.5
  VRBF:
    cost: 243.734
    lifetime: 27.2848
    annual_cost: 8.932959010144844
    efficiency: 0.831331
    discharge_ratio: 0.5
    depth_of_discharge: 1.0
