cost_values:
  wind_capex: 5000.0
  wind_opex: 100
  wind_lifetime: 20
  solar_capex: 1000.0
  solar_opex: 10
  solar_lifetime: 20
  carbon_price: 1.0
timeseries_values:
  load_level: 257020.76969209855
  wind_year: 2016
  solar_year: 2011
  price_year: 2023
  carbon_year: 2023
storage_values:
  CAES:
    cost: 23.9896
    lifetime: 25.4442
    annual_cost: 0.9428317651959975
    efficiency: 0.625958
    discharge_ratio: 0.1
    depth_of_discharge: 0.4
  Li-ion:
    cost: 224.541
    lifetime: 17.8704
    annual_cost: 12.564967767929089
    efficiency: 0.927077
    discharge_ratio: 2
    depth_of_discharge: 0.9
  Pb-acid:
    cost: 145.402
    lifetime: 13.2412
    annual_cost: 10.981028909766486
    efficiency: 0.787882
    discharge_ratio: 5
    depth_of_discharge: 0.5
  VRBF:
    cost: 257.504
    lifetime: 28.5346
    annual_cost: 9.024272286977915
    efficiency: 0.799695
    discharge_ratio: 0.5
    depth_of_discharge: 1.0
