cost_values:
  wind_capex: 5000.0
  wind_opex: 100
  wind_lifetime: 20
  solar_capex: 1000.0
  solar_opex: 10
  solar_lifetime: 20
  carbon_price: 1.0
timeseries_values:
  load_level: 257020.76969209855
  wind_year: 2016
  solar_year: 2011
  price_year: 2023
  carbon_year: 2023
storage_values:
  CAES:
    cost: 26.2398
    lifetime: 26.0825
    annual_cost: 1.006030863605866
    efficiency: 0.637277
    discharge_ratio: 0.1
    depth_of_discharge: 0.4
  Li-ion:
    cost: 208.928
    lifetime: 21.1687
    annual_cost: 9.869666063574995
    efficiency: 0.940255
    discharge_ratio: 2
    depth_of_discharge: 0.9
  Pb-acid:
    cost: 143.103
    lifetime: 14.4473
    annual_cost: 9.905172592802808
    efficiency: 0.788916
    discharge_ratio: 5
    depth_of_discharge: 0.5
  VRBF:
    cost: 236.54
    lifetime: 26.2121
    annual_cost: 9.024076666882852
    efficiency: 0.801875
    discharge_ratio: 0.5
    depth_of_discharge: 1.0
