cost_values:
  wind_capex: 5000.0
  wind_opex: 100
  wind_lifetime: 20
  solar_capex: 1000.0
  solar_opex: 10
  solar_lifetime: 20
  carbon_price: 1.0
timeseries_values:
  load_level: 257020.76969209855
  wind_year: 2016
  solar_year: 2011
  price_year: 2023
  carbon_year: 2023
storage_values:
  CAES:
    cost: 30.279
    lifetime: 24.243
    annual_cost: 1.24897908674669
    efficiency: 0.643926
    discharge_ratio: 0.1
    depth_of_discharge: 0.4
  Li-ion:
    cost: 202.358
    lifetime: 19.2922
    annual_cost: 10.489109588331035
    efficiency: 0.946798
    discharge_ratio: 2
    depth_of_discharge: 0.9
  Pb-acid:
    cost: 114.561
    lifetime: 12.4149
    annual_cost: 9.22770219655414
    efficiency: 0.798347
    discharge_ratio: 5
    depth_of_discharge: 0.5
  VRBF:
    cost: 247.303
    lifetime: 29.9598
    annual_cost: 8.254494355770065
    efficiency: 0.81612
    discharge_ratio: 0.5
    depth_of_discharge: 1.0
