cost_values:
  wind_capex: 5000.0
  wind_opex: 100
  wind_lifetime: 20
  solar_capex: 1000.0
  solar_opex: 10
  solar_lifetime: 20
  carbon_price: 1.0
timeseries_values:
  load_level: 257020.76969209855
  wind_year: 2016
  solar_year: 2011
  price_year: 2023
  carbon_year: 2023
storage_values:
  CAES:
    cost: 24.8468
    lifetime: 24.7008
    annual_cost: 1.0059107397331262
    efficiency: 0.632076
    discharge_ratio: 0.1
    depth_of_discharge: 0.4
  Li-ion:
    cost: 200.365
    lifetime: 17.7308
    annual_cost: 11.300392537279762
    efficiency: 0.947325
    discharge_ratio: 2
    depth_of_discharge: 0.9
  Pb-acid:
    cost: 127.147
    lifetime: 12.4552
    annual_cost: 10.208346714625218
    efficiency: 0.775996
    discharge_ratio: 5
    depth_of_discharge: 0.5
  VRBF:
    cost: 273.926
    lifetime: 28.992
    annual_cost: 9.448330573951434
    efficiency: 0.805603
    discharge_ratio: 0.5
    depth_of_discharge: 1.0
