cost_values:
  wind_capex: 5000.0
  wind_opex: 100
  wind_lifetime: 20
  solar_capex: 1000.0
  solar_opex: 10
  solar_lifetime: 20
  carbon_price: 1.0
timeseries_values:
  load_level: 257020.76969209855
  wind_year: 2016
  solar_year: 2011
  price_year: 2023
  carbon_year: 2023
storage_values:
  CAES:
    cost: 20.7946
    lifetime: 26.1533
    annual_cost: 0.7951042507064118
    efficiency: 0.637493
    discharge_ratio: 0.1
    depth_of_discharge: 0.4
  Li-ion:
    cost: 188.908
    lifetime: 18.8062
    annual_cost: 10.044985164467036
    efficiency: 0.948354
    discharge_ratio: 2
    depth_of_discharge: 0.9
  Pb-acid:
    cost: 148.36
    lifetime: 12.2694
    annual_cost: 12.091870833129576
    efficiency: 0.784744
    discharge_ratio: 5
    depth_of_discharge: 0.5
  VRBF:
    cost: 279.954
    lifetime: 29.3588
    annual_cost: 9.535607722386475
    efficiency: 0.811505
    discharge_ratio: 0.5
    depth_of_discharge: 1.0
