cost_values:
  wind_capex: 5000.0
  wind_opex: 100
  wind_lifetime: 20
  solar_capex: 1000.0
  solar_opex: 10
  solar_lifetime: 20
  carbon_price: 1.0
timeseries_values:
  load_level: 257020.76969209855
  wind_year: 2016
  solar_year: 2011
  price_year: 2023
  carbon_year: 2023
storage_values:
  CAES:
    cost: 23.0167
    lifetime: 24.9261
    annual_cost: 0.9233975631968098
    efficiency: 0.630549
    discharge_ratio: 0.1
    depth_of_discharge: 0.4
  Li-ion:
    cost: 195.867
    lifetime: 20.1371
    annual_cost: 9.726673652114753
    efficiency: 0.938605
    discharge_ratio: 2
    depth_of_discharge: 0.9
  Pb-acid:
    cost: 150.605
    lifetime: 14.2441
    annual_cost: 10.573149584740348
    efficiency: 0.796072
    discharge_ratio: 5
    depth_of_discharge: 0.5
  VRBF:
    cost: 261.064
    lifetime: 28.3354
    annual_cost: 9.213351496714358
    efficiency: 0.820086
    discharge_ratio: 0.5
    depth_of_discharge: 1.0
