cost_values:
  wind_capex: 5000.0
  wind_opex: 100
  wind_lifetime: 20
  solar_capex: 1000.0
  solar_opex: 10
  solar_lifetime: 20
  carbon_price: 1.0
timeseries_values:
  load_level: 257020.76969209855
  wind_year: 2016
  solar_year: 2011
  price_year: 2023
  carbon_year: 2023
storage_values:
  CAES:
    cost: 23.6897
    lifetime: 26.4725
    annual_cost: 0.8948795920294644
    efficiency: 0.638983
    discharge_ratio: 0.1
    depth_of_discharge: 0.4
  Li-ion:
    cost: 201.523
    lifetime: 18.3505
    annual_cost: 10.981880602708372
    efficiency: 0.94003
    discharge_ratio: 2
    depth_of_discharge: 0.9
  Pb-acid:
    cost: 152.424
    lifetime: 12.3272
    annual_cost: 12.364851710039588
    efficiency: 0.788477
    discharge_ratio: 5
    depth_of_discharge: 0.5
  VRBF:
    cost: 227.88
    lifetime: 27.2665
    annual_cost: 8.35750829772798
    efficiency: 0.798312
    discharge_ratio: 0.5
    depth_of_discharge: 1.0
