cost_values:
  wind_capex: 5000.0
  wind_opex: 100
  wind_lifetime: 20
  solar_capex: 1000.0
  solar_opex: 10
  solar_lifetime: 20
  carbon_price: 1.0
timeseries_values:
  load_level: 257020.76969209855
  wind_year: 2016
  solar_year: 2011
  price_year: 2023
  carbon_year: 2023
storage_values:
  CAES:
    cost: 21.1213
    lifetime: 25.035
    annual_cost: 0.8436708607948872
    efficiency: 0.636469
    discharge_ratio: 0.1
    depth_of_discharge: 0.4
  Li-ion:
    cost: 195.769
    lifetime: 20.3599
    annual_cost: 9.615420507959273
    efficiency: 0.947836
    discharge_ratio: 2
    depth_of_discharge: 0.9
  Pb-acid:
    cost: 143.304
    lifetime: 13.6435
    annual_cost: 10.503463187598491
    efficiency: 0.791359
    discharge_ratio: 5
    depth_of_discharge: 0.5
  VRBF:
    cost: 250.409
    lifetime: 28.459
    annual_cost: 8.798938824273517
    efficiency: 0.808175
    discharge_ratio: 0.5
    depth_of_discharge: 1.0
