cost_values:
  wind_capex: 5000.0
  wind_opex: 100
  wind_lifetime: 20
  solar_capex: 1000.0
  solar_opex: 10
  solar_lifetime: 20
  carbon_price: 1.0
timeseries_values:
  load_level: 257020.76969209855
  wind_year: 2016
  solar_year: 2011
  price_year: 2023
  carbon_year: 2023
storage_values:
  CAES:
    cost: 21.6284
    lifetime: 25.4723
    annual_cost: 0.8490948991649753
    efficiency: 0.630855
    discharge_ratio: 0.1
    depth_of_discharge: 0.4
  Li-ion:
    cost: 198.593
    lifetime: 19.416
    annual_cost: 10.228316852080757
    efficiency: 0.941181
    discharge_ratio: 2
    depth_of_discharge: 0.9
  Pb-acid:
    cost: 165.404
    lifetime: 12.236
    annual_cost: 13.51781627983001
    efficiency: 0.781271
    discharge_ratio: 5
    depth_of_discharge: 0.5
  VRBF:
    cost: 270.211
    lifetime: 27.869
    annual_cost: 9.695755140119847
    efficiency: 0.8216
    discharge_ratio: 0.5
    depth_of_discharge: 1.0
