cost_values:
  wind_capex: 5000.0
  wind_opex: 100
  wind_lifetime: 20
  solar_capex: 1000.0
  solar_opex: 10
  solar_lifetime: 20
  carbon_price: 1.0
timeseries_values:
  load_level: 257020.76969209855
  wind_year: 2016
  solar_year: 2011
  price_year: 2023
  carbon_year: 2023
storage_values:
  CAES:
    cost: 20.8897
    lifetime: 23.6041
    annual_cost: 0.885003029134769
    efficiency: 0.637313
    discharge_ratio: 0.1
    depth_of_discharge: 0.4
  Li-ion:
    cost: 198.033
    lifetime: 19.6179
    annual_cost: 10.09450552811463
    efficiency: 0.9304
    discharge_ratio: 2
    depth_of_discharge: 0.9
  Pb-acid:
    cost: 138.34
    lifetime: 13.3002
    annual_cost: 10.401347348160177
    efficiency: 0.77076
    discharge_ratio: 5
    depth_of_discharge: 0.5
  VRBF:
    cost: 269.758
    lifetime: 29.3733
    annual_cost: 9.183782550819961
    efficiency: 0.836053
    discharge_ratio: 0.5
    depth_of_discharge: 1.0
