cost_values:
  wind_capex: 5000.0
  wind_opex: 100
  wind_lifetime: 20
  solar_capex: 1000.0
  solar_opex: 10
  solar_lifetime: 20
  carbon_price: 1.0
timeseries_values:
  load_level: 257020.76969209855
  wind_year: 2016
  solar_year: 2011
  price_year: 2023
  carbon_year: 2023
storage_values:
  CAES:
    cost: 23.6723
    lifetime: 26.0818
    annual_cost: 0.9076175724068124
    efficiency: 0.629367
    discharge_ratio: 0.1
    depth_of_discharge: 0.4
  Li-ion:
    cost: 193.528
    lifetime: 21.1806
    annual_cost: 9.137040499324854
    efficiency: 0.933538
    discharge_ratio: 2
    depth_of_discharge: 0.9
  Pb-acid:
    cost: 154.388
    lifetime: 11.5595
    annual_cost: 13.355941000908345
    efficiency: 0.786378
    discharge_ratio: 5
    depth_of_discharge: 0.5
  VRBF:
    cost: 287.314
    lifetime: 26.9009
    annual_cost: 10.680460505038866
    efficiency: 0.81856
    discharge_ratio: 0.5
    depth_of_discharge: 1.0
