cost_values:
  wind_capex: 5000.0
  wind_opex: 100
  wind_lifetime: 20
  solar_capex: 1000.0
  solar_opex: 10
  solar_lifetime: 20
  carbon_price: 1.0
timeseries_values:
  load_level: 257020.76969209855
  wind_year: 2016
  solar_year: 2011
  price_year: 2023
  carbon_year: 2023
storage_values:
  CAES:
    cost: 27.546
    lifetime: 25.5518
    annual_cost: 1.078045382321402
    efficiency: 0.629895
    discharge_ratio: 0.1
    depth_of_discharge: 0.4
  Li-ion:
    cost: 193.163
    lifetime: 18.148
    annual_cost: 10.643762398060392
    efficiency: 0.945967
    discharge_ratio: 2
    depth_of_discharge: 0.9
  Pb-acid:
    cost: 144.599
    lifetime: 12.504
    annual_cost: 11.564219449776072
    efficiency: 0.779869
    discharge_ratio: 5
    depth_of_discharge: 0.5
  VRBF:
    cost: 268.699
    lifetime: 25.5405
    annual_cost: 10.520506646306846
    efficiency: 0.809425
    discharge_ratio: 0.5
    depth_of_discharge: 1.0
