cost_values:
  wind_capex: 5000.0
  wind_opex: 100
  wind_lifetime: 20
  solar_capex: 1000.0
  solar_opex: 10
  solar_lifetime: 20
  carbon_price: 1.0
timeseries_values:
  load_level: 274182.9201170437
  wind_year: 2018
  solar_year: 2011
  price_year: 2023
  carbon_year: 2023
storage_values:
  CAES:
    cost: 50.6029
    lifetime: 23.0749
    annual_cost: 2.19298458498195
    efficiency: 0.644832
    discharge_ratio: 0.1
    depth_of_discharge: 0.4
  Li-ion:
    cost: 251.792
    lifetime: 13.6741
    annual_cost: 18.41378957298835
    efficiency: 0.944841
    discharge_ratio: 2
    depth_of_discharge: 0.9
  Pb-acid:
    cost: 226.0
    lifetime: 8.36553
    annual_cost: 27.015622441136426
    efficiency: 0.725361
    discharge_ratio: 5
    depth_of_discharge: 0.5
  VRBF:
    cost: 377.995
    lifetime: 14.13
    annual_cost: 26.751238499646142
    efficiency: 0.796881
    discharge_ratio: 0.5
    depth_of_discharge: 1.0
