cost_values:
  wind_capex: 5000.0
  wind_opex: 100
  wind_lifetime: 20
  solar_capex: 1000.0
  solar_opex: 10
  solar_lifetime: 20
  carbon_price: 1.0
timeseries_values:
  load_level: 274182.9201170437
  wind_year: 2018
  solar_year: 2011
  price_year: 2023
  carbon_year: 2023
storage_values:
  CAES:
    cost: 48.1598
    lifetime: 21.9613
    annual_cost: 2.1929393979409233
    efficiency: 0.640198
    discharge_ratio: 0.1
    depth_of_discharge: 0.4
  Li-ion:
    cost: 256.724
    lifetime: 14.085
    annual_cost: 18.226766063187785
    efficiency: 0.933393
    discharge_ratio: 2
    depth_of_discharge: 0.9
  Pb-acid:
    cost: 232.699
    lifetime: 8.48331
    annual_cost: 27.43021297111623
    efficiency: 0.737624
    discharge_ratio: 5
    depth_of_discharge: 0.5
  VRBF:
    cost: 379.332
    lifetime: 13.6277
    annual_cost: 27.835364735061674
    efficiency: 0.753334
    discharge_ratio: 0.5
    depth_of_discharge: 1.0
