cost_values:
  wind_capex: 5000.0
  wind_opex: 100
  wind_lifetime: 20
  solar_capex: 1000.0
  solar_opex: 10
  solar_lifetime: 20
  carbon_price: 1.0
timeseries_values:
  load_level: 274182.9201170437
  wind_year: 2018
  solar_year: 2011
  price_year: 2023
  carbon_year: 2023
storage_values:
  CAES:
    cost: 62.0501
    lifetime: 22.8916
    annual_cost: 2.710605637002219
    efficiency: 0.64123
    discharge_ratio: 0.1
    depth_of_discharge: 0.4
  Li-ion:
    cost: 264.496
    lifetime: 16.0771
    annual_cost: 16.45172325854787
    efficiency: 0.93106
    discharge_ratio: 2
    depth_of_discharge: 0.9
  Pb-acid:
    cost: 224.934
    lifetime: 10.062
    annual_cost: 22.354800238521168
    efficiency: 0.738129
    discharge_ratio: 5
    depth_of_discharge: 0.5
  VRBF:
    cost: 334.945
    lifetime: 13.6875
    annual_cost: 24.470867579908674
    efficiency: 0.766543
    discharge_ratio: 0.5
    depth_of_discharge: 1.0
