cost_values:
  wind_capex: 5000.0
  wind_opex: 100
  wind_lifetime: 20
  solar_capex: 1000.0
  solar_opex: 10
  solar_lifetime: 20
  carbon_price: 1.0
timeseries_values:
  load_level: 274182.9201170437
  wind_year: 2018
  solar_year: 2011
  price_year: 2023
  carbon_year: 2023
storage_values:
  CAES:
    cost: 57.3149
    lifetime: 23.3657
    annual_cost: 2.452950264704246
    efficiency: 0.649969
    discharge_ratio: 0.1
    depth_of_discharge: 0.4
  Li-ion:
    cost: 246.334
    lifetime: 15.2011
    annual_cost: 16.20501147943241
    efficiency: 0.92408
    discharge_ratio: 2
    depth_of_discharge: 0.9
  Pb-acid:
    cost: 226.793
    lifetime: 10.8069
    annual_cost: 20.9859441653018
    efficiency: 0.72571
    discharge_ratio: 5
    depth_of_discharge: 0.5
  VRBF:
    cost: 322.892
    lifetime: 13.2799
    annual_cost: 24.314339716413528
    efficiency: 0.775758
    discharge_ratio: 0.5
    depth_of_discharge: 1.0
