cost_values:
  wind_capex: 5000.0
  wind_opex: 100
  wind_lifetime: 20
  solar_capex: 1000.0
  solar_opex: 10
  solar_lifetime: 20
  carbon_price: 1.0
timeseries_values:
  load_level: 274182.9201170437
  wind_year: 2018
  solar_year: 2011
  price_year: 2023
  carbon_year: 2023
storage_values:
  CAES:
    cost: 51.5271
    lifetime: 22.7782
    annual_cost: 2.2621234338095197
    efficiency: 0.649804
    discharge_ratio: 0.1
    depth_of_discharge: 0.4
  Li-ion:
    cost: 223.209
    lifetime: 16.2781
    annual_cost: 13.712226856942765
    efficiency: 0.94377
    discharge_ratio: 2
    depth_of_discharge: 0.9
  Pb-acid:
    cost: 226.266
    lifetime: 9.07434
    annual_cost: 24.934705995146754
    efficiency: 0.712063
    discharge_ratio: 5
    depth_of_discharge: 0.5
  VRBF:
    cost: 375.459
    lifetime: 13.7069
    annual_cost: 27.391970467428816
    efficiency: 0.76476
    discharge_ratio: 0.5
    depth_of_discharge: 1.0
