cost_values:
  wind_capex: 5000.0
  wind_opex: 100
  wind_lifetime: 20
  solar_capex: 1000.0
  solar_opex: 10
  solar_lifetime: 20
  carbon_price: 1.0
timeseries_values:
  load_level: 274182.9201170437
  wind_year: 2018
  solar_year: 2011
  price_year: 2023
  carbon_year: 2023
storage_values:
  CAES:
    cost: 53.5773
    lifetime: 22.2204
    annual_cost: 2.4111762164497486
    efficiency: 0.642202
    discharge_ratio: 0.1
    depth_of_discharge: 0.4
  Li-ion:
    cost: 225.893
    lifetime: 15.1896
    annual_cost: 14.87155685469005
    efficiency: 0.919577
    discharge_ratio: 2
    depth_of_discharge: 0.9
  Pb-acid:
    cost: 212.057
    lifetime: 9.07618
    annual_cost: 23.364124554603364
    efficiency: 0.736697
    discharge_ratio: 5
    depth_of_discharge: 0.5
  VRBF:
    cost: 360.554
    lifetime: 13.9028
    annual_cost: 25.933912593146704
    efficiency: 0.76283
    discharge_ratio: 0.5
    depth_of_discharge: 1.0
