cost_values:
  wind_capex: 5000.0
  wind_opex: 100
  wind_lifetime: 20
  solar_capex: 1000.0
  solar_opex: 10
  solar_lifetime: 20
  carbon_price: 1.0
timeseries_values:
  load_level: 274182.9201170437
  wind_year: 2018
  solar_year: 2011
  price_year: 2023
  carbon_year: 2023
storage_values:
  CAES:
    cost: 56.8484
    lifetime: 22.085
    annual_cost: 2.5740729001584786
    efficiency: 0.63803
    discharge_ratio: 0.1
    depth_of_discharge: 0.4
  Li-ion:
    cost: 233.237
    lifetime: 17.5553
    annual_cost: 13.285845300279687
    efficiency: 0.949812
    discharge_ratio: 2
    depth_of_discharge: 0.9
  Pb-acid:
    cost: 212.081
    lifetime: 9.58845
    annual_cost: 22.11838201169115
    efficiency: 0.737186
    discharge_ratio: 5
    depth_of_discharge: 0.5
  VRBF:
    cost: 355.515
    lifetime: 12.8374
    annual_cost: 27.693691869070058
    efficiency: 0.79676
    discharge_ratio: 0.5
    depth_of_discharge: 1.0
