cost_values:
  wind_capex: 5000.0
  wind_opex: 100
  wind_lifetime: 20
  solar_capex: 1000.0
  solar_opex: 10
  solar_lifetime: 20
  carbon_price: 1.0
timeseries_values:
  load_level: 274182.9201170437
  wind_year: 2018
  solar_year: 2011
  price_year: 2023
  carbon_year: 2023
storage_values:
  CAES:
    cost: 58.9142
    lifetime: 22.112
    annual_cost: 2.6643541968162086
    efficiency: 0.646855
    discharge_ratio: 0.1
    depth_of_discharge: 0.4
  Li-ion:
    cost: 244.112
    lifetime: 17.0881
    annual_cost: 14.285496924760505
    efficiency: 0.931936
    discharge_ratio: 2
    depth_of_discharge: 0.9
  Pb-acid:
    cost: 214.886
    lifetime: 8.33133
    annual_cost: 25.792520521933476
    efficiency: 0.726828
    discharge_ratio: 5
    depth_of_discharge: 0.5
  VRBF:
    cost: 383.823
    lifetime: 14.6748
    annual_cost: 26.15524572736937
    efficiency: 0.778171
    discharge_ratio: 0.5
    depth_of_discharge: 1.0
