cost_values:
  wind_capex: 5000.0
  wind_opex: 100
  wind_lifetime: 20
  solar_capex: 1000.0
  solar_opex: 10
  solar_lifetime: 20
  carbon_price: 1.0
timeseries_values:
  load_level: 274182.9201170437
  wind_year: 2018
  solar_year: 2011
  price_year: 2023
  carbon_year: 2023
storage_values:
  CAES:
    cost: 58.7145
    lifetime: 22.1504
    annual_cost: 2.6507196258306847
    efficiency: 0.634335
    discharge_ratio: 0.1
    depth_of_discharge: 0.4
  Li-ion:
    cost: 251.953
    lifetime: 16.7263
    annual_cost: 15.063283571381598
    efficiency: 0.933813
    discharge_ratio: 2
    depth_of_discharge: 0.9
  Pb-acid:
    cost: 244.938
    lifetime: 9.48277
    annual_cost: 25.8297944587921
    efficiency: 0.730948
    discharge_ratio: 5
    depth_of_discharge: 0.5
  VRBF:
    cost: 354.82
    lifetime: 13.1599
    annual_cost: 26.96221095904984
    efficiency: 0.776194
    discharge_ratio: 0.5
    depth_of_discharge: 1.0
