cost_values:
  wind_capex: 5000.0
  wind_opex: 100
  wind_lifetime: 20
  solar_capex: 1000.0
  solar_opex: 10
  solar_lifetime: 20
  carbon_price: 1.0
timeseries_values:
  load_level: 274182.9201170437
  wind_year: 2018
  solar_year: 2011
  price_year: 2023
  carbon_year: 2023
storage_values:
  CAES:
    cost: 65.3121
    lifetime: 23.2907
    annual_cost: 2.8042136990300848
    efficiency: 0.638672
    discharge_ratio: 0.1
    depth_of_discharge: 0.4
  Li-ion:
    cost: 246.103
    lifetime: 17.0998
    annual_cost: 14.392156633410918
    efficiency: 0.916698
    discharge_ratio: 2
    depth_of_discharge: 0.9
  Pb-acid:
    cost: 212.59
    lifetime: 7.32388
    annual_cost: 29.026963849762694
    efficiency: 0.731161
    discharge_ratio: 5
    depth_of_discharge: 0.5
  VRBF:
    cost: 375.209
    lifetime: 15.3146
    annual_cost: 24.50008488631763
    efficiency: 0.764487
    discharge_ratio: 0.5
    depth_of_discharge: 1.0
