cost_values:
  wind_capex: 5000.0
  wind_opex: 100
  wind_lifetime: 20
  solar_capex: 1000.0
  solar_opex: 10
  solar_lifetime: 20
  carbon_price: 1.0
timeseries_values:
  load_level: 274182.9201170437
  wind_year: 2018
  solar_year: 2011
  price_year: 2023
  carbon_year: 2023
storage_values:
  CAES:
    cost: 53.9813
    lifetime: 23.28
    annual_cost: 2.3187843642611683
    efficiency: 0.636063
    discharge_ratio: 0.1
    depth_of_discharge: 0.4
  Li-ion:
    cost: 246.196
    lifetime: 14.8748
    annual_cost: 16.55121413397155
    efficiency: 0.941605
    discharge_ratio: 2
    depth_of_discharge: 0.9
  Pb-acid:
    cost: 213.896
    lifetime: 10.0132
    annual_cost: 21.3614029481085
    efficiency: 0.728862
    discharge_ratio: 5
    depth_of_discharge: 0.5
  VRBF:
    cost: 328.205
    lifetime: 13.6712
    annual_cost: 24.007036690268592
    efficiency: 0.746627
    discharge_ratio: 0.5
    depth_of_discharge: 1.0
