cost_values:
  wind_capex: 5000.0
  wind_opex: 100
  wind_lifetime: 20
  solar_capex: 1000.0
  solar_opex: 10
  solar_lifetime: 20
  carbon_price: 1.0
timeseries_values:
  load_level: 274182.9201170437
  wind_year: 2018
  solar_year: 2011
  price_year: 2023
  carbon_year: 2023
storage_values:
  CAES:
    cost: 54.2946
    lifetime: 23.7094
    annual_cost: 2.290003121124955
    efficiency: 0.645579
    discharge_ratio: 0.1
    depth_of_discharge: 0.4
  Li-ion:
    cost: 246.087
    lifetime: 17.5668
    annual_cost: 14.008641300635288
    efficiency: 0.952624
    discharge_ratio: 2
    depth_of_discharge: 0.9
  Pb-acid:
    cost: 203.889
    lifetime: 8.94686
    annual_cost: 22.788889062754983
    efficiency: 0.737061
    discharge_ratio: 5
    depth_of_discharge: 0.5
  VRBF:
    cost: 399.34
    lifetime: 15.2066
    annual_cost: 26.260965633343414
    efficiency: 0.784417
    discharge_ratio: 0.5
    depth_of_discharge: 1.0
