cost_values:
  wind_capex: 5000.0
  wind_opex: 100
  wind_lifetime: 20
  solar_capex: 1000.0
  solar_opex: 10
  solar_lifetime: 20
  carbon_price: 1.0
timeseries_values:
  load_level: 274182.9201170437
  wind_year: 2018
  solar_year: 2011
  price_year: 2023
  carbon_year: 2023
storage_values:
  CAES:
    cost: 60.0227
    lifetime: 23.4795
    annual_cost: 2.556387486956707
    efficiency: 0.647036
    discharge_ratio: 0.1
    depth_of_discharge: 0.4
  Li-ion:
    cost: 255.997
    lifetime: 15.9383
    annual_cost: 16.061750625850937
    efficiency: 0.926289
    discharge_ratio: 2
    depth_of_discharge: 0.9
  Pb-acid:
    cost: 237.13
    lifetime: 10.0507
    annual_cost: 23.593381555513545
    efficiency: 0.732976
    discharge_ratio: 5
    depth_of_discharge: 0.5
  VRBF:
    cost: 365.561
    lifetime: 14.5335
    annual_cost: 25.152991364777925
    efficiency: 0.759325
    discharge_ratio: 0.5
    depth_of_discharge: 1.0
