cost_values:
  wind_capex: 5000.0
  wind_opex: 100
  wind_lifetime: 20
  solar_capex: 1000.0
  solar_opex: 10
  solar_lifetime: 20
  carbon_price: 1.0
timeseries_values:
  load_level: 274182.9201170437
  wind_year: 2018
  solar_year: 2011
  price_year: 2023
  carbon_year: 2023
storage_values:
  CAES:
    cost: 55.0215
    lifetime: 23.2462
    annual_cost: 2.3669029776909776
    efficiency: 0.641997
    discharge_ratio: 0.1
    depth_of_discharge: 0.4
  Li-ion:
    cost: 222.984
    lifetime: 16.2465
    annual_cost: 13.72504847197858
    efficiency: 0.934901
    discharge_ratio: 2
    depth_of_discharge: 0.9
  Pb-acid:
    cost: 245.644
    lifetime: 9.28406
    annual_cost: 26.458682946900385
    efficiency: 0.726275
    discharge_ratio: 5
    depth_of_discharge: 0.5
  VRBF:
    cost: 337.237
    lifetime: 13.1089
    annual_cost: 25.72580460603102
    efficiency: 0.754338
    discharge_ratio: 0.5
    depth_of_discharge: 1.0
