cost_values:
  wind_capex: 5000.0
  wind_opex: 100
  wind_lifetime: 20
  solar_capex: 1000.0
  solar_opex: 10
  solar_lifetime: 20
  carbon_price: 1.0
timeseries_values:
  load_level: 274182.9201170437
  wind_year: 2018
  solar_year: 2011
  price_year: 2023
  carbon_year: 2023
storage_values:
  CAES:
    cost: 53.0899
    lifetime: 23.5653
    annual_cost: 2.252884537858631
    efficiency: 0.64891
    discharge_ratio: 0.1
    depth_of_discharge: 0.4
  Li-ion:
    cost: 243.993
    lifetime: 16.3046
    annual_cost: 14.964672546397948
    efficiency: 0.917386
    discharge_ratio: 2
    depth_of_discharge: 0.9
  Pb-acid:
    cost: 206.221
    lifetime: 8.57729
    annual_cost: 24.042675483748365
    efficiency: 0.74923
    discharge_ratio: 5
    depth_of_discharge: 0.5
  VRBF:
    cost: 364.202
    lifetime: 13.3238
    annual_cost: 27.334694306429096
    efficiency: 0.773277
    discharge_ratio: 0.5
    depth_of_discharge: 1.0
