cost_values:
  wind_capex: 5000.0
  wind_opex: 100
  wind_lifetime: 20
  solar_capex: 1000.0
  solar_opex: 10
  solar_lifetime: 20
  carbon_price: 1.0
timeseries_values:
  load_level: 274182.9201170437
  wind_year: 2018
  solar_year: 2011
  price_year: 2023
  carbon_year: 2023
storage_values:
  CAES:
    cost: 55.1146
    lifetime: 24.0018
    annual_cost: 2.2962694464581825
    efficiency: 0.645981
    discharge_ratio: 0.1
    depth_of_discharge: 0.4
  Li-ion:
    cost: 241.673
    lifetime: 15.5557
    annual_cost: 15.535977165926317
    efficiency: 0.946491
    discharge_ratio: 2
    depth_of_discharge: 0.9
  Pb-acid:
    cost: 211.369
    lifetime: 10.2269
    annual_cost: 20.667944342860494
    efficiency: 0.748958
    discharge_ratio: 5
    depth_of_discharge: 0.5
  VRBF:
    cost: 348.874
    lifetime: 12.895
    annual_cost: 27.054982551376504
    efficiency: 0.774821
    discharge_ratio: 0.5
    depth_of_discharge: 1.0
