cost_values:
  wind_capex: 5000.0
  wind_opex: 100
  wind_lifetime: 20
  solar_capex: 1000.0
  solar_opex: 10
  solar_lifetime: 20
  carbon_price: 1.0
timeseries_values:
  load_level: 274182.9201170437
  wind_year: 2018
  solar_year: 2011
  price_year: 2023
  carbon_year: 2023
storage_values:
  CAES:
    cost: 54.5478
    lifetime: 23.2012
    annual_cost: 2.351076668448184
    efficiency: 0.64348
    discharge_ratio: 0.1
    depth_of_discharge: 0.4
  Li-ion:
    cost: 247.798
    lifetime: 15.116
    annual_cost: 16.39309341095528
    efficiency: 0.933613
    discharge_ratio: 2
    depth_of_discharge: 0.9
  Pb-acid:
    cost: 211.986
    lifetime: 9.30078
    annual_cost: 22.79228193764394
    efficiency: 0.740751
    discharge_ratio: 5
    depth_of_discharge: 0.5
  VRBF:
    cost: 369.739
    lifetime: 14.8502
    annual_cost: 24.89791383281033
    efficiency: 0.769202
    discharge_ratio: 0.5
    depth_of_discharge: 1.0
