cost_values:
  wind_capex: 5000.0
  wind_opex: 100
  wind_lifetime: 20
  solar_capex: 1000.0
  solar_opex: 10
  solar_lifetime: 20
  carbon_price: 1.0
timeseries_values:
  load_level: 274182.9201170437
  wind_year: 2018
  solar_year: 2011
  price_year: 2023
  carbon_year: 2023
storage_values:
  CAES:
    cost: 53.8177
    lifetime: 23.7072
    annual_cost: 2.270099379091584
    efficiency: 0.643604
    discharge_ratio: 0.1
    depth_of_discharge: 0.4
  Li-ion:
    cost: 228.838
    lifetime: 16.7727
    annual_cost: 13.643480179100562
    efficiency: 0.933785
    discharge_ratio: 2
    depth_of_discharge: 0.9
  Pb-acid:
    cost: 234.153
    lifetime: 8.16656
    annual_cost: 28.672170412021707
    efficiency: 0.733448
    discharge_ratio: 5
    depth_of_discharge: 0.5
  VRBF:
    cost: 341.622
    lifetime: 14.2114
    annual_cost: 24.038588738618294
    efficiency: 0.763882
    discharge_ratio: 0.5
    depth_of_discharge: 1.0
