cost_values:
  wind_capex: 5000.0
  wind_opex: 100
  wind_lifetime: 20
  solar_capex: 1000.0
  solar_opex: 10
  solar_lifetime: 20
  carbon_price: 1.0
timeseries_values:
  load_level: 274182.9201170437
  wind_year: 2018
  solar_year: 2011
  price_year: 2023
  carbon_year: 2023
storage_values:
  CAES:
    cost: 58.3293
    lifetime: 21.8917
    annual_cost: 2.6644481698543285
    efficiency: 0.636807
    discharge_ratio: 0.1
    depth_of_discharge: 0.4
  Li-ion:
    cost: 224.453
    lifetime: 16.3737
    annual_cost: 13.708141715067457
    efficiency: 0.931596
    discharge_ratio: 2
    depth_of_discharge: 0.9
  Pb-acid:
    cost: 220.883
    lifetime: 10.5352
    annual_cost: 20.966189536031592
    efficiency: 0.733869
    discharge_ratio: 5
    depth_of_discharge: 0.5
  VRBF:
    cost: 326.093
    lifetime: 11.0933
    annual_cost: 29.395490972028163
    efficiency: 0.75323
    discharge_ratio: 0.5
    depth_of_discharge: 1.0
