cost_values:
  wind_capex: 5000.0
  wind_opex: 100
  wind_lifetime: 20
  solar_capex: 1000.0
  solar_opex: 10
  solar_lifetime: 20
  carbon_price: 1.0
timeseries_values:
  load_level: 274182.9201170437
  wind_year: 2018
  solar_year: 2011
  price_year: 2023
  carbon_year: 2023
storage_values:
  CAES:
    cost: 62.0902
    lifetime: 23.4108
    annual_cost: 2.6522032566166045
    efficiency: 0.645289
    discharge_ratio: 0.1
    depth_of_discharge: 0.4
  Li-ion:
    cost: 230.607
    lifetime: 14.6156
    annual_cost: 15.778141164235473
    efficiency: 0.926675
    discharge_ratio: 2
    depth_of_discharge: 0.9
  Pb-acid:
    cost: 234.209
    lifetime: 9.18645
    annual_cost: 25.495049774395984
    efficiency: 0.741518
    discharge_ratio: 5
    depth_of_discharge: 0.5
  VRBF:
    cost: 353.984
    lifetime: 13.7005
    annual_cost: 25.83730520783913
    efficiency: 0.774276
    discharge_ratio: 0.5
    depth_of_discharge: 1.0
