cost_values:
  wind_capex: 5000.0
  wind_opex: 100
  wind_lifetime: 20
  solar_capex: 1000.0
  solar_opex: 10
  solar_lifetime: 20
  carbon_price: 1.0
timeseries_values:
  load_level: 274182.9201170437
  wind_year: 2018
  solar_year: 2011
  price_year: 2023
  carbon_year: 2023
storage_values:
  CAES:
    cost: 53.9554
    lifetime: 22.738
    annual_cost: 2.372917582900871
    efficiency: 0.637686
    discharge_ratio: 0.1
    depth_of_discharge: 0.4
  Li-ion:
    cost: 227.753
    lifetime: 15.7432
    annual_cost: 14.466753900096549
    efficiency: 0.932349
    discharge_ratio: 2
    depth_of_discharge: 0.9
  Pb-acid:
    cost: 204.689
    lifetime: 9.63653
    annual_cost: 21.24094461388072
    efficiency: 0.74559
    discharge_ratio: 5
    depth_of_discharge: 0.5
  VRBF:
    cost: 352.822
    lifetime: 15.9797
    annual_cost: 22.07938822380896
    efficiency: 0.779633
    discharge_ratio: 0.5
    depth_of_discharge: 1.0
