cost_values:
  wind_capex: 5000.0
  wind_opex: 100
  wind_lifetime: 20
  solar_capex: 1000.0
  solar_opex: 10
  solar_lifetime: 20
  carbon_price: 1.0
timeseries_values:
  load_level: 274182.9201170437
  wind_year: 2018
  solar_year: 2011
  price_year: 2023
  carbon_year: 2023
storage_values:
  CAES:
    cost: 46.4157
    lifetime: 22.6626
    annual_cost: 2.0481189272192952
    efficiency: 0.644228
    discharge_ratio: 0.1
    depth_of_discharge: 0.4
  Li-ion:
    cost: 252.378
    lifetime: 14.9696
    annual_cost: 16.859368319794783
    efficiency: 0.935875
    discharge_ratio: 2
    depth_of_discharge: 0.9
  Pb-acid:
    cost: 238.675
    lifetime: 9.55472
    annual_cost: 24.979800559304724
    efficiency: 0.743312
    discharge_ratio: 5
    depth_of_discharge: 0.5
  VRBF:
    cost: 368.728
    lifetime: 12.8939
    annual_cost: 28.597088545746438
    efficiency: 0.77265
    discharge_ratio: 0.5
    depth_of_discharge: 1.0
