cost_values:
  wind_capex: 5000.0
  wind_opex: 100
  wind_lifetime: 20
  solar_capex: 1000.0
  solar_opex: 10
  solar_lifetime: 20
  carbon_price: 1.0
timeseries_values:
  load_level: 274182.9201170437
  wind_year: 2018
  solar_year: 2011
  price_year: 2023
  carbon_year: 2023
storage_values:
  CAES:
    cost: 53.7723
    lifetime: 23.709
    annual_cost: 2.268012147285841
    efficiency: 0.631123
    discharge_ratio: 0.1
    depth_of_discharge: 0.4
  Li-ion:
    cost: 247.454
    lifetime: 15.5466
    annual_cost: 15.916920741512614
    efficiency: 0.927052
    discharge_ratio: 2
    depth_of_discharge: 0.9
  Pb-acid:
    cost: 212.45
    lifetime: 9.58244
    annual_cost: 22.170762352803667
    efficiency: 0.74353
    discharge_ratio: 5
    depth_of_discharge: 0.5
  VRBF:
    cost: 332.099
    lifetime: 13.4674
    annual_cost: 24.6594739890402
    efficiency: 0.760193
    discharge_ratio: 0.5
    depth_of_discharge: 1.0
