cost_values:
  wind_capex: 5000.0
  wind_opex: 100
  wind_lifetime: 20
  solar_capex: 1000.0
  solar_opex: 10
  solar_lifetime: 20
  carbon_price: 1.0
timeseries_values:
  load_level: 274182.9201170437
  wind_year: 2018
  solar_year: 2011
  price_year: 2023
  carbon_year: 2023
storage_values:
  CAES:
    cost: 56.0318
    lifetime: 23.0738
    annual_cost: 2.428373306520816
    efficiency: 0.642285
    discharge_ratio: 0.1
    depth_of_discharge: 0.4
  Li-ion:
    cost: 240.8
    lifetime: 15.5387
    annual_cost: 15.49679188091668
    efficiency: 0.950717
    discharge_ratio: 2
    depth_of_discharge: 0.9
  Pb-acid:
    cost: 217.545
    lifetime: 8.89058
    annual_cost: 24.469157242834548
    efficiency: 0.74136
    discharge_ratio: 5
    depth_of_discharge: 0.5
  VRBF:
    cost: 368.878
    lifetime: 13.3642
    annual_cost: 27.60195148231843
    efficiency: 0.79341
    discharge_ratio: 0.5
    depth_of_discharge: 1.0
