cost_values:
  wind_capex: 5000.0
  wind_opex: 100
  wind_lifetime: 20
  solar_capex: 1000.0
  solar_opex: 10
  solar_lifetime: 20
  carbon_price: 1.0
timeseries_values:
  load_level: 274182.9201170437
  wind_year: 2018
  solar_year: 2011
  price_year: 2023
  carbon_year: 2023
storage_values:
  CAES:
    cost: 54.6691
    lifetime: 23.8266
    annual_cost: 2.2944566157152093
    efficiency: 0.63586
    discharge_ratio: 0.1
    depth_of_discharge: 0.4
  Li-ion:
    cost: 242.422
    lifetime: 16.0
    annual_cost: 15.151375
    efficiency: 0.934062
    discharge_ratio: 2
    depth_of_discharge: 0.9
  Pb-acid:
    cost: 237.548
    lifetime: 8.00347
    annual_cost: 29.680626028460157
    efficiency: 0.731214
    discharge_ratio: 5
    depth_of_discharge: 0.5
  VRBF:
    cost: 320.858
    lifetime: 14.4914
    annual_cost: 22.141269994617495
    efficiency: 0.768608
    discharge_ratio: 0.5
    depth_of_discharge: 1.0
