cost_values:
  wind_capex: 5000.0
  wind_opex: 100
  wind_lifetime: 20
  solar_capex: 1000.0
  solar_opex: 10
  solar_lifetime: 20
  carbon_price: 1.0
timeseries_values:
  load_level: 274182.9201170437
  wind_year: 2018
  solar_year: 2011
  price_year: 2023
  carbon_year: 2023
storage_values:
  CAES:
    cost: 56.7371
    lifetime: 21.8367
    annual_cost: 2.5982451560904347
    efficiency: 0.64611
    discharge_ratio: 0.1
    depth_of_discharge: 0.4
  Li-ion:
    cost: 221.759
    lifetime: 14.9687
    annual_cost: 14.814846980699725
    efficiency: 0.931342
    discharge_ratio: 2
    depth_of_discharge: 0.9
  Pb-acid:
    cost: 227.28
    lifetime: 7.58595
    annual_cost: 29.96065094022502
    efficiency: 0.731309
    discharge_ratio: 5
    depth_of_discharge: 0.5
  VRBF:
    cost: 362.614
    lifetime: 13.5597
    annual_cost: 26.742037065716794
    efficiency: 0.765918
    discharge_ratio: 0.5
    depth_of_discharge: 1.0
