cost_values:
  wind_capex: 5000.0
  wind_opex: 100
  wind_lifetime: 20
  solar_capex: 1000.0
  solar_opex: 10
  solar_lifetime: 20
  carbon_price: 1.0
timeseries_values:
  load_level: 274182.9201170437
  wind_year: 2018
  solar_year: 2011
  price_year: 2023
  carbon_year: 2023
storage_values:
  CAES:
    cost: 58.8849
    lifetime: 21.8174
    annual_cost: 2.6989879637353673
    efficiency: 0.643124
    discharge_ratio: 0.1
    depth_of_discharge: 0.4
  Li-ion:
    cost: 249.54
    lifetime: 16.2553
    annual_cost: 15.351300806506186
    efficiency: 0.94045
    discharge_ratio: 2
    depth_of_discharge: 0.9
  Pb-acid:
    cost: 228.199
    lifetime: 9.3575
    annual_cost: 24.386748597381782
    efficiency: 0.744655
    discharge_ratio: 5
    depth_of_discharge: 0.5
  VRBF:
    cost: 352.035
    lifetime: 13.6511
    annual_cost: 25.788031733706443
    efficiency: 0.766021
    discharge_ratio: 0.5
    depth_of_discharge: 1.0
