cost_values:
  wind_capex: 5000.0
  wind_opex: 100
  wind_lifetime: 20
  solar_capex: 1000.0
  solar_opex: 10
  solar_lifetime: 20
  carbon_price: 1.0
timeseries_values:
  load_level: 274182.9201170437
  wind_year: 2018
  solar_year: 2011
  price_year: 2023
  carbon_year: 2023
storage_values:
  CAES:
    cost: 56.8742
    lifetime: 21.6653
    annual_cost: 2.625128661961755
    efficiency: 0.649487
    discharge_ratio: 0.1
    depth_of_discharge: 0.4
  Li-ion:
    cost: 234.671
    lifetime: 17.5655
    annual_cost: 13.35976772650935
    efficiency: 0.93315
    discharge_ratio: 2
    depth_of_discharge: 0.9
  Pb-acid:
    cost: 231.628
    lifetime: 8.7119
    annual_cost: 26.587541179306463
    efficiency: 0.728646
    discharge_ratio: 5
    depth_of_discharge: 0.5
  VRBF:
    cost: 383.672
    lifetime: 13.6535
    annual_cost: 28.10063353718827
    efficiency: 0.765317
    discharge_ratio: 0.5
    depth_of_discharge: 1.0
