cost_values:
  wind_capex: 5000.0
  wind_opex: 100
  wind_lifetime: 20
  solar_capex: 1000.0
  solar_opex: 10
  solar_lifetime: 20
  carbon_price: 1.0
timeseries_values:
  load_level: 274182.9201170437
  wind_year: 2018
  solar_year: 2011
  price_year: 2023
  carbon_year: 2023
storage_values:
  CAES:
    cost: 48.1524
    lifetime: 22.5493
    annual_cost: 2.1354277072902486
    efficiency: 0.639457
    discharge_ratio: 0.1
    depth_of_discharge: 0.4
  Li-ion:
    cost: 242.573
    lifetime: 15.8402
    annual_cost: 15.313758664663325
    efficiency: 0.932585
    discharge_ratio: 2
    depth_of_discharge: 0.9
  Pb-acid:
    cost: 220.794
    lifetime: 9.96645
    annual_cost: 22.153725749890885
    efficiency: 0.736916
    discharge_ratio: 5
    depth_of_discharge: 0.5
  VRBF:
    cost: 367.051
    lifetime: 13.7675
    annual_cost: 26.66068639912838
    efficiency: 0.75574
    discharge_ratio: 0.5
    depth_of_discharge: 1.0
