cost_values:
  wind_capex: 5000.0
  wind_opex: 100
  wind_lifetime: 20
  solar_capex: 1000.0
  solar_opex: 10
  solar_lifetime: 20
  carbon_price: 1.0
timeseries_values:
  load_level: 274182.9201170437
  wind_year: 2018
  solar_year: 2011
  price_year: 2023
  carbon_year: 2023
storage_values:
  CAES:
    cost: 41.4044
    lifetime: 23.1414
    annual_cost: 1.789191665154226
    efficiency: 0.638512
    discharge_ratio: 0.1
    depth_of_discharge: 0.4
  Li-ion:
    cost: 248.214
    lifetime: 14.6309
    annual_cost: 16.965053414349082
    efficiency: 0.933818
    discharge_ratio: 2
    depth_of_discharge: 0.9
  Pb-acid:
    cost: 205.567
    lifetime: 10.3065
    annual_cost: 19.94537427836802
    efficiency: 0.715442
    discharge_ratio: 5
    depth_of_discharge: 0.5
  VRBF:
    cost: 340.88
    lifetime: 12.4219
    annual_cost: 27.441856720791503
    efficiency: 0.759202
    discharge_ratio: 0.5
    depth_of_discharge: 1.0
