cost_values:
  wind_capex: 5000.0
  wind_opex: 100
  wind_lifetime: 20
  solar_capex: 1000.0
  solar_opex: 10
  solar_lifetime: 20
  carbon_price: 1.0
timeseries_values:
  load_level: 274182.9201170437
  wind_year: 2018
  solar_year: 2011
  price_year: 2023
  carbon_year: 2023
storage_values:
  CAES:
    cost: 44.1399
    lifetime: 22.4524
    annual_cost: 1.965932372485792
    efficiency: 0.649456
    discharge_ratio: 0.1
    depth_of_discharge: 0.4
  Li-ion:
    cost: 219.611
    lifetime: 14.3111
    annual_cost: 15.345501044643667
    efficiency: 0.937548
    discharge_ratio: 2
    depth_of_discharge: 0.9
  Pb-acid:
    cost: 219.508
    lifetime: 8.72938
    annual_cost: 25.145886649452766
    efficiency: 0.722334
    discharge_ratio: 5
    depth_of_discharge: 0.5
  VRBF:
    cost: 370.005
    lifetime: 11.3295
    annual_cost: 32.658546273004106
    efficiency: 0.763334
    discharge_ratio: 0.5
    depth_of_discharge: 1.0
