cost_values:
  wind_capex: 5000.0
  wind_opex: 100
  wind_lifetime: 20
  solar_capex: 1000.0
  solar_opex: 10
  solar_lifetime: 20
  carbon_price: 1.0
timeseries_values:
  load_level: 274182.9201170437
  wind_year: 2018
  solar_year: 2011
  price_year: 2023
  carbon_year: 2023
storage_values:
  CAES:
    cost: 50.3715
    lifetime: 23.7117
    annual_cost: 2.124331026455294
    efficiency: 0.644368
    discharge_ratio: 0.1
    depth_of_discharge: 0.4
  Li-ion:
    cost: 238.78
    lifetime: 18.3749
    annual_cost: 12.994900652520558
    efficiency: 0.93925
    discharge_ratio: 2
    depth_of_discharge: 0.9
  Pb-acid:
    cost: 239.302
    lifetime: 10.6046
    annual_cost: 22.56586764234389
    efficiency: 0.739413
    discharge_ratio: 5
    depth_of_discharge: 0.5
  VRBF:
    cost: 363.808
    lifetime: 12.342
    annual_cost: 29.47723221520013
    efficiency: 0.7673
    discharge_ratio: 0.5
    depth_of_discharge: 1.0
