cost_values:
  wind_capex: 5000.0
  wind_opex: 100
  wind_lifetime: 20
  solar_capex: 1000.0
  solar_opex: 10
  solar_lifetime: 20
  carbon_price: 1.0
timeseries_values:
  load_level: 274182.9201170437
  wind_year: 2018
  solar_year: 2011
  price_year: 2023
  carbon_year: 2023
storage_values:
  CAES:
    cost: 51.161
    lifetime: 22.9776
    annual_cost: 2.226559779959613
    efficiency: 0.62833
    discharge_ratio: 0.1
    depth_of_discharge: 0.4
  Li-ion:
    cost: 231.826
    lifetime: 17.5533
    annual_cost: 13.206975326576769
    efficiency: 0.941984
    discharge_ratio: 2
    depth_of_discharge: 0.9
  Pb-acid:
    cost: 209.938
    lifetime: 10.0081
    annual_cost: 20.97680878488424
    efficiency: 0.713224
    discharge_ratio: 5
    depth_of_discharge: 0.5
  VRBF:
    cost: 372.2
    lifetime: 14.6385
    annual_cost: 25.426102401202307
    efficiency: 0.781592
    discharge_ratio: 0.5
    depth_of_discharge: 1.0
