cost_values:
  wind_capex: 5000.0
  wind_opex: 100
  wind_lifetime: 20
  solar_capex: 1000.0
  solar_opex: 10
  solar_lifetime: 20
  carbon_price: 1.0
timeseries_values:
  load_level: 274182.9201170437
  wind_year: 2018
  solar_year: 2011
  price_year: 2023
  carbon_year: 2023
storage_values:
  CAES:
    cost: 54.1312
    lifetime: 21.9959
    annual_cost: 2.4609677258034455
    efficiency: 0.639704
    discharge_ratio: 0.1
    depth_of_discharge: 0.4
  Li-ion:
    cost: 249.837
    lifetime: 15.2785
    annual_cost: 16.352194259907712
    efficiency: 0.932548
    discharge_ratio: 2
    depth_of_discharge: 0.9
  Pb-acid:
    cost: 232.109
    lifetime: 10.1075
    annual_cost: 22.964036606480338
    efficiency: 0.731708
    discharge_ratio: 5
    depth_of_discharge: 0.5
  VRBF:
    cost: 355.624
    lifetime: 12.6956
    annual_cost: 28.011594568196855
    efficiency: 0.772355
    discharge_ratio: 0.5
    depth_of_discharge: 1.0
