cost_values:
  wind_capex: 5000.0
  wind_opex: 100
  wind_lifetime: 20
  solar_capex: 1000.0
  solar_opex: 10
  solar_lifetime: 20
  carbon_price: 1.0
timeseries_values:
  load_level: 274182.9201170437
  wind_year: 2018
  solar_year: 2011
  price_year: 2023
  carbon_year: 2023
storage_values:
  CAES:
    cost: 58.4549
    lifetime: 23.0741
    annual_cost: 2.5333555804993475
    efficiency: 0.635486
    discharge_ratio: 0.1
    depth_of_discharge: 0.4
  Li-ion:
    cost: 234.94
    lifetime: 16.5135
    annual_cost: 14.22714748539074
    efficiency: 0.941272
    discharge_ratio: 2
    depth_of_discharge: 0.9
  Pb-acid:
    cost: 217.702
    lifetime: 9.7471
    annual_cost: 22.335053503093228
    efficiency: 0.737727
    discharge_ratio: 5
    depth_of_discharge: 0.5
  VRBF:
    cost: 372.315
    lifetime: 12.9964
    annual_cost: 28.647548551906684
    efficiency: 0.760884
    discharge_ratio: 0.5
    depth_of_discharge: 1.0
