cost_values:
  wind_capex: 5000.0
  wind_opex: 100
  wind_lifetime: 20
  solar_capex: 1000.0
  solar_opex: 10
  solar_lifetime: 20
  carbon_price: 1.0
timeseries_values:
  load_level: 274182.9201170437
  wind_year: 2018
  solar_year: 2011
  price_year: 2023
  carbon_year: 2023
storage_values:
  CAES:
    cost: 60.6759
    lifetime: 22.5896
    annual_cost: 2.6860103764564225
    efficiency: 0.647048
    discharge_ratio: 0.1
    depth_of_discharge: 0.4
  Li-ion:
    cost: 239.305
    lifetime: 16.2189
    annual_cost: 14.754699763855747
    efficiency: 0.913113
    discharge_ratio: 2
    depth_of_discharge: 0.9
  Pb-acid:
    cost: 212.257
    lifetime: 8.79166
    annual_cost: 24.1429946108016
    efficiency: 0.743444
    discharge_ratio: 5
    depth_of_discharge: 0.5
  VRBF:
    cost: 383.578
    lifetime: 12.6543
    annual_cost: 30.312067834649092
    efficiency: 0.773713
    discharge_ratio: 0.5
    depth_of_discharge: 1.0
