cost_values:
  wind_capex: 5000.0
  wind_opex: 100
  wind_lifetime: 20
  solar_capex: 1000.0
  solar_opex: 10
  solar_lifetime: 20
  carbon_price: 1.0
timeseries_values:
  load_level: 274182.9201170437
  wind_year: 2018
  solar_year: 2011
  price_year: 2023
  carbon_year: 2023
storage_values:
  CAES:
    cost: 55.7601
    lifetime: 23.4443
    annual_cost: 2.3784075446910338
    efficiency: 0.636174
    discharge_ratio: 0.1
    depth_of_discharge: 0.4
  Li-ion:
    cost: 252.765
    lifetime: 16.1306
    annual_cost: 15.669906885050771
    efficiency: 0.929344
    discharge_ratio: 2
    depth_of_discharge: 0.9
  Pb-acid:
    cost: 223.53
    lifetime: 7.80096
    annual_cost: 28.65416564115186
    efficiency: 0.747738
    discharge_ratio: 5
    depth_of_discharge: 0.5
  VRBF:
    cost: 337.972
    lifetime: 13.4591
    annual_cost: 25.11104011412353
    efficiency: 0.779281
    discharge_ratio: 0.5
    depth_of_discharge: 1.0
