cost_values:
  wind_capex: 5000.0
  wind_opex: 100
  wind_lifetime: 20
  solar_capex: 1000.0
  solar_opex: 10
  solar_lifetime: 20
  carbon_price: 1.0
timeseries_values:
  load_level: 274182.9201170437
  wind_year: 2018
  solar_year: 2011
  price_year: 2023
  carbon_year: 2023
storage_values:
  CAES:
    cost: 55.9372
    lifetime: 22.1045
    annual_cost: 2.5305797462055235
    efficiency: 0.648682
    discharge_ratio: 0.1
    depth_of_discharge: 0.4
  Li-ion:
    cost: 241.009
    lifetime: 16.7804
    annual_cost: 14.362530094634215
    efficiency: 0.926778
    discharge_ratio: 2
    depth_of_discharge: 0.9
  Pb-acid:
    cost: 228.533
    lifetime: 9.8961
    annual_cost: 23.093238750618927
    efficiency: 0.73521
    discharge_ratio: 5
    depth_of_discharge: 0.5
  VRBF:
    cost: 346.017
    lifetime: 16.1755
    annual_cost: 21.39142530370004
    efficiency: 0.771408
    discharge_ratio: 0.5
    depth_of_discharge: 1.0
