cost_values:
  wind_capex: 5000.0
  wind_opex: 100
  wind_lifetime: 20
  solar_capex: 1000.0
  solar_opex: 10
  solar_lifetime: 20
  carbon_price: 1.0
timeseries_values:
  load_level: 274182.9201170437
  wind_year: 2018
  solar_year: 2011
  price_year: 2023
  carbon_year: 2023
storage_values:
  CAES:
    cost: 54.0315
    lifetime: 22.862
    annual_cost: 2.363375907619631
    efficiency: 0.643465
    discharge_ratio: 0.1
    depth_of_discharge: 0.4
  Li-ion:
    cost: 261.153
    lifetime: 15.9283
    annual_cost: 16.395534991179222
    efficiency: 0.929582
    discharge_ratio: 2
    depth_of_discharge: 0.9
  Pb-acid:
    cost: 218.457
    lifetime: 9.92662
    annual_cost: 22.007188751055242
    efficiency: 0.743413
    discharge_ratio: 5
    depth_of_discharge: 0.5
  VRBF:
    cost: 363.277
    lifetime: 11.7542
    annual_cost: 30.906144186758773
    efficiency: 0.765682
    discharge_ratio: 0.5
    depth_of_discharge: 1.0
