cost_values:
  wind_capex: 5000.0
  wind_opex: 100
  wind_lifetime: 20
  solar_capex: 1000.0
  solar_opex: 10
  solar_lifetime: 20
  carbon_price: 1.0
timeseries_values:
  load_level: 274182.9201170437
  wind_year: 2018
  solar_year: 2011
  price_year: 2023
  carbon_year: 2023
storage_values:
  CAES:
    cost: 58.6139
    lifetime: 23.5187
    annual_cost: 2.492225335584025
    efficiency: 0.641993
    discharge_ratio: 0.1
    depth_of_discharge: 0.4
  Li-ion:
    cost: 243.839
    lifetime: 14.9615
    annual_cost: 16.297764261604787
    efficiency: 0.90699
    discharge_ratio: 2
    depth_of_discharge: 0.9
  Pb-acid:
    cost: 212.295
    lifetime: 9.35482
    annual_cost: 22.69364883557353
    efficiency: 0.730507
    discharge_ratio: 5
    depth_of_discharge: 0.5
  VRBF:
    cost: 354.952
    lifetime: 14.2959
    annual_cost: 24.828936967941857
    efficiency: 0.760752
    discharge_ratio: 0.5
    depth_of_discharge: 1.0
