cost_values:
  wind_capex: 5000.0
  wind_opex: 100
  wind_lifetime: 20
  solar_capex: 1000.0
  solar_opex: 10
  solar_lifetime: 20
  carbon_price: 1.0
timeseries_values:
  load_level: 274182.9201170437
  wind_year: 2018
  solar_year: 2011
  price_year: 2023
  carbon_year: 2023
storage_values:
  CAES:
    cost: 56.3148
    lifetime: 22.5806
    annual_cost: 2.4939461307494044
    efficiency: 0.641181
    discharge_ratio: 0.1
    depth_of_discharge: 0.4
  Li-ion:
    cost: 222.046
    lifetime: 15.8855
    annual_cost: 13.97790437820654
    efficiency: 0.91793
    discharge_ratio: 2
    depth_of_discharge: 0.9
  Pb-acid:
    cost: 236.799
    lifetime: 10.721
    annual_cost: 22.087398563566833
    efficiency: 0.739277
    discharge_ratio: 5
    depth_of_discharge: 0.5
  VRBF:
    cost: 384.803
    lifetime: 11.9771
    annual_cost: 32.12822803516711
    efficiency: 0.780128
    discharge_ratio: 0.5
    depth_of_discharge: 1.0
