cost_values:
  wind_capex: 5000.0
  wind_opex: 100
  wind_lifetime: 20
  solar_capex: 1000.0
  solar_opex: 10
  solar_lifetime: 20
  carbon_price: 1.0
timeseries_values:
  load_level: 274182.9201170437
  wind_year: 2018
  solar_year: 2011
  price_year: 2023
  carbon_year: 2023
storage_values:
  CAES:
    cost: 59.0962
    lifetime: 23.5259
    annual_cost: 2.511963410539023
    efficiency: 0.639843
    discharge_ratio: 0.1
    depth_of_discharge: 0.4
  Li-ion:
    cost: 233.06
    lifetime: 16.2521
    annual_cost: 14.340300638071389
    efficiency: 0.936215
    discharge_ratio: 2
    depth_of_discharge: 0.9
  Pb-acid:
    cost: 218.191
    lifetime: 9.45761
    annual_cost: 23.070416310251744
    efficiency: 0.734473
    discharge_ratio: 5
    depth_of_discharge: 0.5
  VRBF:
    cost: 365.638
    lifetime: 13.6471
    annual_cost: 26.792358816158742
    efficiency: 0.779449
    discharge_ratio: 0.5
    depth_of_discharge: 1.0
