cost_values:
  wind_capex: 5000.0
  wind_opex: 100
  wind_lifetime: 20
  solar_capex: 1000.0
  solar_opex: 10
  solar_lifetime: 20
  carbon_price: 1.0
timeseries_values:
  load_level: 274182.9201170437
  wind_year: 2018
  solar_year: 2011
  price_year: 2023
  carbon_year: 2023
storage_values:
  CAES:
    cost: 47.2943
    lifetime: 21.9148
    annual_cost: 2.158098636537865
    efficiency: 0.641532
    discharge_ratio: 0.1
    depth_of_discharge: 0.4
  Li-ion:
    cost: 236.58
    lifetime: 14.1247
    annual_cost: 16.749382287765403
    efficiency: 0.936495
    discharge_ratio: 2
    depth_of_discharge: 0.9
  Pb-acid:
    cost: 228.19
    lifetime: 9.72785
    annual_cost: 23.45739294911003
    efficiency: 0.740414
    discharge_ratio: 5
    depth_of_discharge: 0.5
  VRBF:
    cost: 387.215
    lifetime: 12.7238
    annual_cost: 30.432339395463615
    efficiency: 0.778012
    discharge_ratio: 0.5
    depth_of_discharge: 1.0
