cost_values:
  wind_capex: 5000.0
  wind_opex: 100
  wind_lifetime: 20
  solar_capex: 1000.0
  solar_opex: 10
  solar_lifetime: 20
  carbon_price: 1.0
timeseries_values:
  load_level: 274182.9201170437
  wind_year: 2018
  solar_year: 2011
  price_year: 2023
  carbon_year: 2023
storage_values:
  CAES:
    cost: 51.025
    lifetime: 22.7563
    annual_cost: 2.242236215905046
    efficiency: 0.635573
    discharge_ratio: 0.1
    depth_of_discharge: 0.4
  Li-ion:
    cost: 233.428
    lifetime: 15.9791
    annual_cost: 14.60833213384984
    efficiency: 0.933025
    discharge_ratio: 2
    depth_of_discharge: 0.9
  Pb-acid:
    cost: 244.337
    lifetime: 7.94662
    annual_cost: 30.747286267620698
    efficiency: 0.733086
    discharge_ratio: 5
    depth_of_discharge: 0.5
  VRBF:
    cost: 384.353
    lifetime: 14.8483
    annual_cost: 25.885320205006636
    efficiency: 0.747162
    discharge_ratio: 0.5
    depth_of_discharge: 1.0
