cost_values:
  wind_capex: 5000.0
  wind_opex: 100
  wind_lifetime: 20
  solar_capex: 1000.0
  solar_opex: 10
  solar_lifetime: 20
  carbon_price: 1.0
timeseries_values:
  load_level: 274182.9201170437
  wind_year: 2018
  solar_year: 2011
  price_year: 2023
  carbon_year: 2023
storage_values:
  CAES:
    cost: 55.2256
    lifetime: 22.9474
    annual_cost: 2.4066168716281586
    efficiency: 0.640971
    discharge_ratio: 0.1
    depth_of_discharge: 0.4
  Li-ion:
    cost: 247.212
    lifetime: 18.2844
    annual_cost: 13.5203780271707
    efficiency: 0.933657
    discharge_ratio: 2
    depth_of_discharge: 0.9
  Pb-acid:
    cost: 205.03
    lifetime: 8.67693
    annual_cost: 23.62932511844627
    efficiency: 0.735592
    discharge_ratio: 5
    depth_of_discharge: 0.5
  VRBF:
    cost: 390.678
    lifetime: 13.0938
    annual_cost: 29.83686935801677
    efficiency: 0.750249
    discharge_ratio: 0.5
    depth_of_discharge: 1.0
