cost_values:
  wind_capex: 5000.0
  wind_opex: 100
  wind_lifetime: 20
  solar_capex: 1000.0
  solar_opex: 10
  solar_lifetime: 20
  carbon_price: 1.0
timeseries_values:
  load_level: 274182.9201170437
  wind_year: 2018
  solar_year: 2011
  price_year: 2023
  carbon_year: 2023
storage_values:
  CAES:
    cost: 53.9332
    lifetime: 22.8253
    annual_cost: 2.36286927225491
    efficiency: 0.642603
    discharge_ratio: 0.1
    depth_of_discharge: 0.4
  Li-ion:
    cost: 233.816
    lifetime: 13.1688
    annual_cost: 17.75530040702266
    efficiency: 0.938825
    discharge_ratio: 2
    depth_of_discharge: 0.9
  Pb-acid:
    cost: 239.166
    lifetime: 8.83273
    annual_cost: 27.077245653382363
    efficiency: 0.713756
    discharge_ratio: 5
    depth_of_discharge: 0.5
  VRBF:
    cost: 333.876
    lifetime: 13.0826
    annual_cost: 25.520615168238727
    efficiency: 0.760845
    discharge_ratio: 0.5
    depth_of_discharge: 1.0
