cost_values:
  wind_capex: 5000.0
  wind_opex: 100
  wind_lifetime: 20
  solar_capex: 1000.0
  solar_opex: 10
  solar_lifetime: 20
  carbon_price: 1.0
timeseries_values:
  load_level: 274182.9201170437
  wind_year: 2018
  solar_year: 2011
  price_year: 2023
  carbon_year: 2023
storage_values:
  CAES:
    cost: 49.091
    lifetime: 23.2938
    annual_cost: 2.107470657428157
    efficiency: 0.647564
    discharge_ratio: 0.1
    depth_of_discharge: 0.4
  Li-ion:
    cost: 238.48
    lifetime: 17.7328
    annual_cost: 13.448524767662184
    efficiency: 0.946607
    discharge_ratio: 2
    depth_of_discharge: 0.9
  Pb-acid:
    cost: 223.767
    lifetime: 7.39189
    annual_cost: 30.27196021585819
    efficiency: 0.747972
    discharge_ratio: 5
    depth_of_discharge: 0.5
  VRBF:
    cost: 357.271
    lifetime: 14.264
    annual_cost: 25.047041503084692
    efficiency: 0.768257
    discharge_ratio: 0.5
    depth_of_discharge: 1.0
