cost_values:
  wind_capex: 5000.0
  wind_opex: 100
  wind_lifetime: 20
  solar_capex: 1000.0
  solar_opex: 10
  solar_lifetime: 20
  carbon_price: 1.0
timeseries_values:
  load_level: 274182.9201170437
  wind_year: 2018
  solar_year: 2011
  price_year: 2023
  carbon_year: 2023
storage_values:
  CAES:
    cost: 56.0354
    lifetime: 22.3758
    annual_cost: 2.504285880281375
    efficiency: 0.64937
    discharge_ratio: 0.1
    depth_of_discharge: 0.4
  Li-ion:
    cost: 224.496
    lifetime: 16.1357
    annual_cost: 13.913000365648841
    efficiency: 0.930034
    discharge_ratio: 2
    depth_of_discharge: 0.9
  Pb-acid:
    cost: 205.892
    lifetime: 10.1213
    annual_cost: 20.34244612846176
    efficiency: 0.720446
    discharge_ratio: 5
    depth_of_discharge: 0.5
  VRBF:
    cost: 350.766
    lifetime: 14.2865
    annual_cost: 24.552269625170617
    efficiency: 0.762741
    discharge_ratio: 0.5
    depth_of_discharge: 1.0
