cost_values:
  wind_capex: 5000.0
  wind_opex: 100
  wind_lifetime: 20
  solar_capex: 1000.0
  solar_opex: 10
  solar_lifetime: 20
  carbon_price: 1.0
timeseries_values:
  load_level: 274182.9201170437
  wind_year: 2018
  solar_year: 2011
  price_year: 2023
  carbon_year: 2023
storage_values:
  CAES:
    cost: 58.2756
    lifetime: 23.5102
    annual_cost: 2.4787368886695984
    efficiency: 0.646402
    discharge_ratio: 0.1
    depth_of_discharge: 0.4
  Li-ion:
    cost: 247.529
    lifetime: 15.6667
    annual_cost: 15.799689787894067
    efficiency: 0.93297
    discharge_ratio: 2
    depth_of_discharge: 0.9
  Pb-acid:
    cost: 249.857
    lifetime: 9.98616
    annual_cost: 25.020328134137646
    efficiency: 0.73807
    discharge_ratio: 5
    depth_of_discharge: 0.5
  VRBF:
    cost: 357.515
    lifetime: 15.2398
    annual_cost: 23.459297366107165
    efficiency: 0.797335
    discharge_ratio: 0.5
    depth_of_discharge: 1.0
