cost_values:
  wind_capex: 5000.0
  wind_opex: 100
  wind_lifetime: 20
  solar_capex: 1000.0
  solar_opex: 10
  solar_lifetime: 20
  carbon_price: 1.0
timeseries_values:
  load_level: 274182.9201170437
  wind_year: 2018
  solar_year: 2011
  price_year: 2023
  carbon_year: 2023
storage_values:
  CAES:
    cost: 53.1628
    lifetime: 22.2051
    annual_cost: 2.3941707085309227
    efficiency: 0.647334
    discharge_ratio: 0.1
    depth_of_discharge: 0.4
  Li-ion:
    cost: 244.765
    lifetime: 16.6838
    annual_cost: 14.670818398686148
    efficiency: 0.947878
    discharge_ratio: 2
    depth_of_discharge: 0.9
  Pb-acid:
    cost: 232.085
    lifetime: 7.45939
    annual_cost: 31.113133915775958
    efficiency: 0.725201
    discharge_ratio: 5
    depth_of_discharge: 0.5
  VRBF:
    cost: 379.834
    lifetime: 12.2369
    annual_cost: 31.040050993307126
    efficiency: 0.77087
    discharge_ratio: 0.5
    depth_of_discharge: 1.0
