cost_values:
  wind_capex: 5000.0
  wind_opex: 100
  wind_lifetime: 20
  solar_capex: 1000.0
  solar_opex: 10
  solar_lifetime: 20
  carbon_price: 1.0
timeseries_values:
  load_level: 274182.9201170437
  wind_year: 2018
  solar_year: 2011
  price_year: 2023
  carbon_year: 2023
storage_values:
  CAES:
    cost: 55.2084
    lifetime: 22.845
    annual_cost: 2.416651346027577
    efficiency: 0.646086
    discharge_ratio: 0.1
    depth_of_discharge: 0.4
  Li-ion:
    cost: 227.874
    lifetime: 16.4685
    annual_cost: 13.836961471900903
    efficiency: 0.928422
    discharge_ratio: 2
    depth_of_discharge: 0.9
  Pb-acid:
    cost: 227.032
    lifetime: 9.49695
    annual_cost: 23.90578027682572
    efficiency: 0.729042
    discharge_ratio: 5
    depth_of_discharge: 0.5
  VRBF:
    cost: 381.529
    lifetime: 13.9944
    annual_cost: 27.262976619219113
    efficiency: 0.783423
    discharge_ratio: 0.5
    depth_of_discharge: 1.0
