cost_values:
  wind_capex: 5000.0
  wind_opex: 100
  wind_lifetime: 20
  solar_capex: 1000.0
  solar_opex: 10
  solar_lifetime: 20
  carbon_price: 1.0
timeseries_values:
  load_level: 274182.9201170437
  wind_year: 2018
  solar_year: 2011
  price_year: 2023
  carbon_year: 2023
storage_values:
  CAES:
    cost: 53.6754
    lifetime: 22.9635
    annual_cost: 2.3374224312495917
    efficiency: 0.647398
    discharge_ratio: 0.1
    depth_of_discharge: 0.4
  Li-ion:
    cost: 218.808
    lifetime: 15.7487
    annual_cost: 13.893718211661914
    efficiency: 0.935098
    discharge_ratio: 2
    depth_of_discharge: 0.9
  Pb-acid:
    cost: 235.268
    lifetime: 9.09494
    annual_cost: 25.86801012431088
    efficiency: 0.745306
    discharge_ratio: 5
    depth_of_discharge: 0.5
  VRBF:
    cost: 380.449
    lifetime: 14.1563
    annual_cost: 26.87488962511391
    efficiency: 0.763548
    discharge_ratio: 0.5
    depth_of_discharge: 1.0
