cost_values:
  wind_capex: 5000.0
  wind_opex: 100
  wind_lifetime: 20
  solar_capex: 1000.0
  solar_opex: 10
  solar_lifetime: 20
  carbon_price: 1.0
timeseries_values:
  load_level: 274182.9201170437
  wind_year: 2018
  solar_year: 2011
  price_year: 2023
  carbon_year: 2023
storage_values:
  CAES:
    cost: 63.7095
    lifetime: 23.1623
    annual_cost: 2.7505688122509424
    efficiency: 0.637934
    discharge_ratio: 0.1
    depth_of_discharge: 0.4
  Li-ion:
    cost: 252.419
    lifetime: 15.265
    annual_cost: 16.535800851621357
    efficiency: 0.920735
    discharge_ratio: 2
    depth_of_discharge: 0.9
  Pb-acid:
    cost: 228.569
    lifetime: 8.97178
    annual_cost: 25.476438343338778
    efficiency: 0.728829
    discharge_ratio: 5
    depth_of_discharge: 0.5
  VRBF:
    cost: 367.131
    lifetime: 16.2028
    annual_cost: 22.65849112499074
    efficiency: 0.758982
    discharge_ratio: 0.5
    depth_of_discharge: 1.0
