cost_values:
  wind_capex: 5000.0
  wind_opex: 100
  wind_lifetime: 20
  solar_capex: 1000.0
  solar_opex: 10
  solar_lifetime: 20
  carbon_price: 1.0
timeseries_values:
  load_level: 274182.9201170437
  wind_year: 2018
  solar_year: 2011
  price_year: 2023
  carbon_year: 2023
storage_values:
  CAES:
    cost: 46.6042
    lifetime: 22.4437
    annual_cost: 2.076493626273743
    efficiency: 0.637546
    discharge_ratio: 0.1
    depth_of_discharge: 0.4
  Li-ion:
    cost: 238.154
    lifetime: 17.089
    annual_cost: 13.936099245128446
    efficiency: 0.936652
    discharge_ratio: 2
    depth_of_discharge: 0.9
  Pb-acid:
    cost: 235.726
    lifetime: 9.25771
    annual_cost: 25.46266841367898
    efficiency: 0.723942
    discharge_ratio: 5
    depth_of_discharge: 0.5
  VRBF:
    cost: 371.694
    lifetime: 13.1555
    annual_cost: 28.253886207289728
    efficiency: 0.765823
    discharge_ratio: 0.5
    depth_of_discharge: 1.0
