cost_values:
  wind_capex: 5000.0
  wind_opex: 100
  wind_lifetime: 20
  solar_capex: 1000.0
  solar_opex: 10
  solar_lifetime: 20
  carbon_price: 1.0
timeseries_values:
  load_level: 274182.9201170437
  wind_year: 2018
  solar_year: 2011
  price_year: 2023
  carbon_year: 2023
storage_values:
  CAES:
    cost: 59.312
    lifetime: 23.5817
    annual_cost: 2.5151706619963785
    efficiency: 0.639149
    discharge_ratio: 0.1
    depth_of_discharge: 0.4
  Li-ion:
    cost: 237.294
    lifetime: 15.5399
    annual_cost: 15.269982432319386
    efficiency: 0.934758
    discharge_ratio: 2
    depth_of_discharge: 0.9
  Pb-acid:
    cost: 248.671
    lifetime: 8.37507
    annual_cost: 29.691811531127502
    efficiency: 0.739003
    discharge_ratio: 5
    depth_of_discharge: 0.5
  VRBF:
    cost: 369.889
    lifetime: 14.3536
    annual_cost: 25.769772043250473
    efficiency: 0.762917
    discharge_ratio: 0.5
    depth_of_discharge: 1.0
