cost_values:
  wind_capex: 5000.0
  wind_opex: 100
  wind_lifetime: 20
  solar_capex: 1000.0
  solar_opex: 10
  solar_lifetime: 20
  carbon_price: 1.0
timeseries_values:
  load_level: 274182.9201170437
  wind_year: 2018
  solar_year: 2011
  price_year: 2023
  carbon_year: 2023
storage_values:
  CAES:
    cost: 47.6348
    lifetime: 22.9615
    annual_cost: 2.0745508786446876
    efficiency: 0.637388
    discharge_ratio: 0.1
    depth_of_discharge: 0.4
  Li-ion:
    cost: 230.433
    lifetime: 14.8955
    annual_cost: 15.469974153267765
    efficiency: 0.932007
    discharge_ratio: 2
    depth_of_discharge: 0.9
  Pb-acid:
    cost: 234.926
    lifetime: 9.51684
    annual_cost: 24.685294698660478
    efficiency: 0.745754
    discharge_ratio: 5
    depth_of_discharge: 0.5
  VRBF:
    cost: 375.306
    lifetime: 12.7888
    annual_cost: 29.346459401976727
    efficiency: 0.787095
    discharge_ratio: 0.5
    depth_of_discharge: 1.0
