cost_values:
  wind_capex: 5000.0
  wind_opex: 100
  wind_lifetime: 20
  solar_capex: 1000.0
  solar_opex: 10
  solar_lifetime: 20
  carbon_price: 1.0
timeseries_values:
  load_level: 274182.9201170437
  wind_year: 2018
  solar_year: 2011
  price_year: 2023
  carbon_year: 2023
storage_values:
  CAES:
    cost: 50.768
    lifetime: 22.298
    annual_cost: 2.276796125213024
    efficiency: 0.645552
    discharge_ratio: 0.1
    depth_of_discharge: 0.4
  Li-ion:
    cost: 226.855
    lifetime: 15.9184
    annual_cost: 14.251118202834455
    efficiency: 0.948288
    discharge_ratio: 2
    depth_of_discharge: 0.9
  Pb-acid:
    cost: 221.13
    lifetime: 7.74364
    annual_cost: 28.556337846284176
    efficiency: 0.732086
    discharge_ratio: 5
    depth_of_discharge: 0.5
  VRBF:
    cost: 343.05
    lifetime: 12.9441
    annual_cost: 26.502421952858832
    efficiency: 0.776141
    discharge_ratio: 0.5
    depth_of_discharge: 1.0
