cost_values:
  wind_capex: 5000.0
  wind_opex: 100
  wind_lifetime: 20
  solar_capex: 1000.0
  solar_opex: 10
  solar_lifetime: 20
  carbon_price: 1.0
timeseries_values:
  load_level: 274182.9201170437
  wind_year: 2018
  solar_year: 2011
  price_year: 2023
  carbon_year: 2023
storage_values:
  CAES:
    cost: 52.0748
    lifetime: 23.3809
    annual_cost: 2.2272367616302198
    efficiency: 0.637059
    discharge_ratio: 0.1
    depth_of_discharge: 0.4
  Li-ion:
    cost: 220.814
    lifetime: 15.6305
    annual_cost: 14.12712325261508
    efficiency: 0.943796
    discharge_ratio: 2
    depth_of_discharge: 0.9
  Pb-acid:
    cost: 234.595
    lifetime: 9.9129
    annual_cost: 23.665627616540064
    efficiency: 0.744047
    discharge_ratio: 5
    depth_of_discharge: 0.5
  VRBF:
    cost: 352.513
    lifetime: 14.3664
    annual_cost: 24.537323198574448
    efficiency: 0.802076
    discharge_ratio: 0.5
    depth_of_discharge: 1.0
