cost_values:
  wind_capex: 5000.0
  wind_opex: 100
  wind_lifetime: 20
  solar_capex: 1000.0
  solar_opex: 10
  solar_lifetime: 20
  carbon_price: 1.0
timeseries_values:
  load_level: 274182.9201170437
  wind_year: 2018
  solar_year: 2011
  price_year: 2023
  carbon_year: 2023
storage_values:
  CAES:
    cost: 57.5646
    lifetime: 22.5406
    annual_cost: 2.553818443164778
    efficiency: 0.643791
    discharge_ratio: 0.1
    depth_of_discharge: 0.4
  Li-ion:
    cost: 244.188
    lifetime: 16.0771
    annual_cost: 15.18856012589335
    efficiency: 0.946094
    discharge_ratio: 2
    depth_of_discharge: 0.9
  Pb-acid:
    cost: 196.856
    lifetime: 9.35263
    annual_cost: 21.0481971381312
    efficiency: 0.756085
    discharge_ratio: 5
    depth_of_discharge: 0.5
  VRBF:
    cost: 357.033
    lifetime: 14.4737
    annual_cost: 24.667707635228037
    efficiency: 0.753519
    discharge_ratio: 0.5
    depth_of_discharge: 1.0
