cost_values:
  wind_capex: 5000.0
  wind_opex: 100
  wind_lifetime: 20
  solar_capex: 1000.0
  solar_opex: 10
  solar_lifetime: 20
  carbon_price: 1.0
timeseries_values:
  load_level: 274182.9201170437
  wind_year: 2018
  solar_year: 2011
  price_year: 2023
  carbon_year: 2023
storage_values:
  CAES:
    cost: 52.7688
    lifetime: 22.6298
    annual_cost: 2.3318279436848757
    efficiency: 0.648736
    discharge_ratio: 0.1
    depth_of_discharge: 0.4
  Li-ion:
    cost: 232.239
    lifetime: 16.1509
    annual_cost: 14.379322514534794
    efficiency: 0.944105
    discharge_ratio: 2
    depth_of_discharge: 0.9
  Pb-acid:
    cost: 212.152
    lifetime: 8.85009
    annual_cost: 23.971733620788036
    efficiency: 0.724059
    discharge_ratio: 5
    depth_of_discharge: 0.5
  VRBF:
    cost: 387.809
    lifetime: 13.8732
    annual_cost: 27.953824640313698
    efficiency: 0.772953
    discharge_ratio: 0.5
    depth_of_discharge: 1.0
