cost_values:
  wind_capex: 5000.0
  wind_opex: 100
  wind_lifetime: 20
  solar_capex: 1000.0
  solar_opex: 10
  solar_lifetime: 20
  carbon_price: 1.0
timeseries_values:
  load_level: 274182.9201170437
  wind_year: 2018
  solar_year: 2011
  price_year: 2023
  carbon_year: 2023
storage_values:
  CAES:
    cost: 60.5555
    lifetime: 23.0032
    annual_cost: 2.632481567781874
    efficiency: 0.640398
    discharge_ratio: 0.1
    depth_of_discharge: 0.4
  Li-ion:
    cost: 248.618
    lifetime: 16.7736
    annual_cost: 14.82198216244575
    efficiency: 0.933191
    discharge_ratio: 2
    depth_of_discharge: 0.9
  Pb-acid:
    cost: 221.841
    lifetime: 7.76407
    annual_cost: 28.57277175502024
    efficiency: 0.729106
    discharge_ratio: 5
    depth_of_discharge: 0.5
  VRBF:
    cost: 346.829
    lifetime: 14.3331
    annual_cost: 24.197766010144353
    efficiency: 0.789452
    discharge_ratio: 0.5
    depth_of_discharge: 1.0
