cost_values:
  wind_capex: 5000.0
  wind_opex: 100
  wind_lifetime: 20
  solar_capex: 1000.0
  solar_opex: 10
  solar_lifetime: 20
  carbon_price: 1.0
timeseries_values:
  load_level: 274182.9201170437
  wind_year: 2018
  solar_year: 2011
  price_year: 2023
  carbon_year: 2023
storage_values:
  CAES:
    cost: 47.588
    lifetime: 22.5678
    annual_cost: 2.108668102340503
    efficiency: 0.640625
    discharge_ratio: 0.1
    depth_of_discharge: 0.4
  Li-ion:
    cost: 237.462
    lifetime: 13.834
    annual_cost: 17.165100477085442
    efficiency: 0.941666
    discharge_ratio: 2
    depth_of_discharge: 0.9
  Pb-acid:
    cost: 211.228
    lifetime: 9.98334
    annual_cost: 21.158049310150712
    efficiency: 0.732358
    discharge_ratio: 5
    depth_of_discharge: 0.5
  VRBF:
    cost: 388.068
    lifetime: 15.289
    annual_cost: 25.382170187716657
    efficiency: 0.774838
    discharge_ratio: 0.5
    depth_of_discharge: 1.0
