cost_values:
  wind_capex: 5000.0
  wind_opex: 100
  wind_lifetime: 20
  solar_capex: 1000.0
  solar_opex: 10
  solar_lifetime: 20
  carbon_price: 1.0
timeseries_values:
  load_level: 274182.9201170437
  wind_year: 2018
  solar_year: 2011
  price_year: 2023
  carbon_year: 2023
storage_values:
  CAES:
    cost: 56.4855
    lifetime: 23.0825
    annual_cost: 2.4471136142098993
    efficiency: 0.634902
    discharge_ratio: 0.1
    depth_of_discharge: 0.4
  Li-ion:
    cost: 238.064
    lifetime: 13.6851
    annual_cost: 17.395853884882097
    efficiency: 0.940911
    discharge_ratio: 2
    depth_of_discharge: 0.9
  Pb-acid:
    cost: 227.916
    lifetime: 7.81989
    annual_cost: 29.145678519774574
    efficiency: 0.75426
    discharge_ratio: 5
    depth_of_discharge: 0.5
  VRBF:
    cost: 367.635
    lifetime: 13.8481
    annual_cost: 26.54768524201876
    efficiency: 0.775577
    discharge_ratio: 0.5
    depth_of_discharge: 1.0
