cost_values:
  wind_capex: 5000.0
  wind_opex: 100
  wind_lifetime: 20
  solar_capex: 1000.0
  solar_opex: 10
  solar_lifetime: 20
  carbon_price: 1.0
timeseries_values:
  load_level: 274182.9201170437
  wind_year: 2018
  solar_year: 2011
  price_year: 2023
  carbon_year: 2023
storage_values:
  CAES:
    cost: 52.9621
    lifetime: 23.1621
    annual_cost: 2.2865845497601684
    efficiency: 0.637921
    discharge_ratio: 0.1
    depth_of_discharge: 0.4
  Li-ion:
    cost: 250.617
    lifetime: 14.7563
    annual_cost: 16.983728983552787
    efficiency: 0.934612
    discharge_ratio: 2
    depth_of_discharge: 0.9
  Pb-acid:
    cost: 237.483
    lifetime: 10.7195
    annual_cost: 22.154298241522458
    efficiency: 0.741565
    discharge_ratio: 5
    depth_of_discharge: 0.5
  VRBF:
    cost: 367.236
    lifetime: 14.795
    annual_cost: 24.821628928692125
    efficiency: 0.751372
    discharge_ratio: 0.5
    depth_of_discharge: 1.0
