cost_values:
  wind_capex: 5000.0
  wind_opex: 100
  wind_lifetime: 20
  solar_capex: 1000.0
  solar_opex: 10
  solar_lifetime: 20
  carbon_price: 1.0
timeseries_values:
  load_level: 274182.9201170437
  wind_year: 2018
  solar_year: 2011
  price_year: 2023
  carbon_year: 2023
storage_values:
  CAES:
    cost: 45.1708
    lifetime: 23.4202
    annual_cost: 1.9287111126292686
    efficiency: 0.641502
    discharge_ratio: 0.1
    depth_of_discharge: 0.4
  Li-ion:
    cost: 225.539
    lifetime: 16.0214
    annual_cost: 14.077359032294305
    efficiency: 0.924817
    discharge_ratio: 2
    depth_of_discharge: 0.9
  Pb-acid:
    cost: 226.111
    lifetime: 8.09173
    annual_cost: 27.943468207663873
    efficiency: 0.741159
    discharge_ratio: 5
    depth_of_discharge: 0.5
  VRBF:
    cost: 348.363
    lifetime: 14.2175
    annual_cost: 24.502409002989275
    efficiency: 0.776929
    discharge_ratio: 0.5
    depth_of_discharge: 1.0
