cost_values:
  wind_capex: 5000.0
  wind_opex: 100
  wind_lifetime: 20
  solar_capex: 1000.0
  solar_opex: 10
  solar_lifetime: 20
  carbon_price: 1.0
timeseries_values:
  load_level: 274182.9201170437
  wind_year: 2018
  solar_year: 2011
  price_year: 2023
  carbon_year: 2023
storage_values:
  CAES:
    cost: 52.7449
    lifetime: 22.7531
    annual_cost: 2.3181412642672865
    efficiency: 0.635121
    discharge_ratio: 0.1
    depth_of_discharge: 0.4
  Li-ion:
    cost: 247.054
    lifetime: 16.8333
    annual_cost: 14.676504309909523
    efficiency: 0.941801
    discharge_ratio: 2
    depth_of_discharge: 0.9
  Pb-acid:
    cost: 209.616
    lifetime: 6.67409
    annual_cost: 31.407427829112287
    efficiency: 0.728143
    discharge_ratio: 5
    depth_of_discharge: 0.5
  VRBF:
    cost: 365.585
    lifetime: 13.0802
    annual_cost: 27.94949618507362
    efficiency: 0.756172
    discharge_ratio: 0.5
    depth_of_discharge: 1.0
