cost_values:
  wind_capex: 5000.0
  wind_opex: 100
  wind_lifetime: 20
  solar_capex: 1000.0
  solar_opex: 10
  solar_lifetime: 20
  carbon_price: 1.0
timeseries_values:
  load_level: 274182.9201170437
  wind_year: 2018
  solar_year: 2011
  price_year: 2023
  carbon_year: 2023
storage_values:
  CAES:
    cost: 53.3521
    lifetime: 22.7215
    annual_cost: 2.3480888145588983
    efficiency: 0.642776
    discharge_ratio: 0.1
    depth_of_discharge: 0.4
  Li-ion:
    cost: 241.974
    lifetime: 14.1658
    annual_cost: 17.08156263677307
    efficiency: 0.928059
    discharge_ratio: 2
    depth_of_discharge: 0.9
  Pb-acid:
    cost: 239.869
    lifetime: 10.7838
    annual_cost: 22.243457779261487
    efficiency: 0.735533
    discharge_ratio: 5
    depth_of_discharge: 0.5
  VRBF:
    cost: 351.624
    lifetime: 14.9784
    annual_cost: 23.475404582598944
    efficiency: 0.776784
    discharge_ratio: 0.5
    depth_of_discharge: 1.0
