cost_values:
  wind_capex: 5000.0
  wind_opex: 100
  wind_lifetime: 20
  solar_capex: 1000.0
  solar_opex: 10
  solar_lifetime: 20
  carbon_price: 1.0
timeseries_values:
  load_level: 274182.9201170437
  wind_year: 2018
  solar_year: 2011
  price_year: 2023
  carbon_year: 2023
storage_values:
  CAES:
    cost: 55.178
    lifetime: 22.4894
    annual_cost: 2.4535114320524336
    efficiency: 0.6423
    discharge_ratio: 0.1
    depth_of_discharge: 0.4
  Li-ion:
    cost: 225.025
    lifetime: 14.2697
    annual_cost: 15.769427528259179
    efficiency: 0.954841
    discharge_ratio: 2
    depth_of_discharge: 0.9
  Pb-acid:
    cost: 220.46
    lifetime: 8.95873
    annual_cost: 24.60839873508857
    efficiency: 0.715221
    discharge_ratio: 5
    depth_of_discharge: 0.5
  VRBF:
    cost: 369.087
    lifetime: 13.3448
    annual_cost: 27.65773934416402
    efficiency: 0.768793
    discharge_ratio: 0.5
    depth_of_discharge: 1.0
