cost_values:
  wind_capex: 5000.0
  wind_opex: 100
  wind_lifetime: 20
  solar_capex: 1000.0
  solar_opex: 10
  solar_lifetime: 20
  carbon_price: 1.0
timeseries_values:
  load_level: 274182.9201170437
  wind_year: 2018
  solar_year: 2011
  price_year: 2023
  carbon_year: 2023
storage_values:
  CAES:
    cost: 60.9716
    lifetime: 22.5856
    annual_cost: 2.6995784924907906
    efficiency: 0.64291
    discharge_ratio: 0.1
    depth_of_discharge: 0.4
  Li-ion:
    cost: 246.43
    lifetime: 15.9624
    annual_cost: 15.438154663459128
    efficiency: 0.937231
    discharge_ratio: 2
    depth_of_discharge: 0.9
  Pb-acid:
    cost: 226.528
    lifetime: 8.41813
    annual_cost: 26.909539291980522
    efficiency: 0.716571
    discharge_ratio: 5
    depth_of_discharge: 0.5
  VRBF:
    cost: 374.304
    lifetime: 14.6053
    annual_cost: 25.627956974522945
    efficiency: 0.792046
    discharge_ratio: 0.5
    depth_of_discharge: 1.0
