cost_values:
  wind_capex: 5000.0
  wind_opex: 100
  wind_lifetime: 20
  solar_capex: 1000.0
  solar_opex: 10
  solar_lifetime: 20
  carbon_price: 1.0
timeseries_values:
  load_level: 274182.9201170437
  wind_year: 2018
  solar_year: 2011
  price_year: 2023
  carbon_year: 2023
storage_values:
  CAES:
    cost: 48.388
    lifetime: 23.1102
    annual_cost: 2.093794082266705
    efficiency: 0.638933
    discharge_ratio: 0.1
    depth_of_discharge: 0.4
  Li-ion:
    cost: 228.077
    lifetime: 16.0132
    annual_cost: 14.243061973871555
    efficiency: 0.915831
    discharge_ratio: 2
    depth_of_discharge: 0.9
  Pb-acid:
    cost: 235.242
    lifetime: 11.2061
    annual_cost: 20.992316684662818
    efficiency: 0.738484
    discharge_ratio: 5
    depth_of_discharge: 0.5
  VRBF:
    cost: 364.568
    lifetime: 11.526
    annual_cost: 31.630053791428075
    efficiency: 0.775638
    discharge_ratio: 0.5
    depth_of_discharge: 1.0
