cost_values:
  wind_capex: 5000.0
  wind_opex: 100
  wind_lifetime: 20
  solar_capex: 1000.0
  solar_opex: 10
  solar_lifetime: 20
  carbon_price: 1.0
timeseries_values:
  load_level: 274182.9201170437
  wind_year: 2018
  solar_year: 2011
  price_year: 2023
  carbon_year: 2023
storage_values:
  CAES:
    cost: 58.8475
    lifetime: 22.5832
    annual_cost: 2.6058087427822447
    efficiency: 0.641775
    discharge_ratio: 0.1
    depth_of_discharge: 0.4
  Li-ion:
    cost: 248.046
    lifetime: 15.3074
    annual_cost: 16.204319479467447
    efficiency: 0.935052
    discharge_ratio: 2
    depth_of_discharge: 0.9
  Pb-acid:
    cost: 244.511
    lifetime: 10.346
    annual_cost: 23.63338488304659
    efficiency: 0.720554
    discharge_ratio: 5
    depth_of_discharge: 0.5
  VRBF:
    cost: 392.71
    lifetime: 15.1028
    annual_cost: 26.002463119421563
    efficiency: 0.772776
    discharge_ratio: 0.5
    depth_of_discharge: 1.0
