cost_values:
  wind_capex: 5000.0
  wind_opex: 100
  wind_lifetime: 20
  solar_capex: 1000.0
  solar_opex: 10
  solar_lifetime: 20
  carbon_price: 1.0
timeseries_values:
  load_level: 274182.9201170437
  wind_year: 2018
  solar_year: 2011
  price_year: 2023
  carbon_year: 2023
storage_values:
  CAES:
    cost: 59.663
    lifetime: 22.2732
    annual_cost: 2.678690084945136
    efficiency: 0.646031
    discharge_ratio: 0.1
    depth_of_discharge: 0.4
  Li-ion:
    cost: 246.066
    lifetime: 13.2098
    annual_cost: 18.627534103468637
    efficiency: 0.932851
    discharge_ratio: 2
    depth_of_discharge: 0.9
  Pb-acid:
    cost: 228.414
    lifetime: 10.2766
    annual_cost: 22.226611914446412
    efficiency: 0.734153
    discharge_ratio: 5
    depth_of_discharge: 0.5
  VRBF:
    cost: 377.386
    lifetime: 10.6587
    annual_cost: 35.40638164128834
    efficiency: 0.789959
    discharge_ratio: 0.5
    depth_of_discharge: 1.0
