cost_values:
  wind_capex: 5000.0
  wind_opex: 100
  wind_lifetime: 20
  solar_capex: 1000.0
  solar_opex: 10
  solar_lifetime: 20
  carbon_price: 1.0
timeseries_values:
  load_level: 274182.9201170437
  wind_year: 2018
  solar_year: 2011
  price_year: 2023
  carbon_year: 2023
storage_values:
  CAES:
    cost: 52.9491
    lifetime: 23.3753
    annual_cost: 2.2651730672975323
    efficiency: 0.635699
    discharge_ratio: 0.1
    depth_of_discharge: 0.4
  Li-ion:
    cost: 236.102
    lifetime: 16.9559
    annual_cost: 13.924474666635213
    efficiency: 0.94669
    discharge_ratio: 2
    depth_of_discharge: 0.9
  Pb-acid:
    cost: 222.925
    lifetime: 7.91007
    annual_cost: 28.182430749664668
    efficiency: 0.721535
    discharge_ratio: 5
    depth_of_discharge: 0.5
  VRBF:
    cost: 379.116
    lifetime: 15.8599
    annual_cost: 23.904059924715792
    efficiency: 0.76932
    discharge_ratio: 0.5
    depth_of_discharge: 1.0
