cost_values:
  wind_capex: 5000.0
  wind_opex: 100
  wind_lifetime: 20
  solar_capex: 1000.0
  solar_opex: 10
  solar_lifetime: 20
  carbon_price: 1.0
timeseries_values:
  load_level: 274182.9201170437
  wind_year: 2018
  solar_year: 2011
  price_year: 2023
  carbon_year: 2023
storage_values:
  CAES:
    cost: 58.6859
    lifetime: 22.7769
    annual_cost: 2.576553437912973
    efficiency: 0.642782
    discharge_ratio: 0.1
    depth_of_discharge: 0.4
  Li-ion:
    cost: 241.481
    lifetime: 15.2563
    annual_cost: 15.828280775810649
    efficiency: 0.934627
    discharge_ratio: 2
    depth_of_discharge: 0.9
  Pb-acid:
    cost: 229.016
    lifetime: 9.01753
    annual_cost: 25.396754987230423
    efficiency: 0.728899
    discharge_ratio: 5
    depth_of_discharge: 0.5
  VRBF:
    cost: 376.268
    lifetime: 12.5779
    annual_cost: 29.915009659800123
    efficiency: 0.773233
    discharge_ratio: 0.5
    depth_of_discharge: 1.0
