cost_values:
  wind_capex: 5000.0
  wind_opex: 100
  wind_lifetime: 20
  solar_capex: 1000.0
  solar_opex: 10
  solar_lifetime: 20
  carbon_price: 1.0
timeseries_values:
  load_level: 274182.9201170437
  wind_year: 2018
  solar_year: 2011
  price_year: 2023
  carbon_year: 2023
storage_values:
  CAES:
    cost: 61.7024
    lifetime: 23.3424
    annual_cost: 2.6433614366988825
    efficiency: 0.643382
    discharge_ratio: 0.1
    depth_of_discharge: 0.4
  Li-ion:
    cost: 224.994
    lifetime: 16.2534
    annual_cost: 13.84288825722618
    efficiency: 0.940485
    discharge_ratio: 2
    depth_of_discharge: 0.9
  Pb-acid:
    cost: 237.581
    lifetime: 10.1352
    annual_cost: 23.44117530981135
    efficiency: 0.725435
    discharge_ratio: 5
    depth_of_discharge: 0.5
  VRBF:
    cost: 360.364
    lifetime: 15.3941
    annual_cost: 23.409228210808035
    efficiency: 0.753362
    discharge_ratio: 0.5
    depth_of_discharge: 1.0
