cost_values:
  wind_capex: 5000.0
  wind_opex: 100
  wind_lifetime: 20
  solar_capex: 1000.0
  solar_opex: 10
  solar_lifetime: 20
  carbon_price: 1.0
timeseries_values:
  load_level: 274182.9201170437
  wind_year: 2018
  solar_year: 2011
  price_year: 2023
  carbon_year: 2023
storage_values:
  CAES:
    cost: 47.8597
    lifetime: 22.5663
    annual_cost: 2.120848344655526
    efficiency: 0.641559
    discharge_ratio: 0.1
    depth_of_discharge: 0.4
  Li-ion:
    cost: 246.046
    lifetime: 17.8328
    annual_cost: 13.797384594679468
    efficiency: 0.947348
    discharge_ratio: 2
    depth_of_discharge: 0.9
  Pb-acid:
    cost: 217.012
    lifetime: 9.57685
    annual_cost: 22.66006045829265
    efficiency: 0.740651
    discharge_ratio: 5
    depth_of_discharge: 0.5
  VRBF:
    cost: 350.247
    lifetime: 14.0887
    annual_cost: 24.860136137471876
    efficiency: 0.768339
    discharge_ratio: 0.5
    depth_of_discharge: 1.0
