cost_values:
  wind_capex: 5000.0
  wind_opex: 100
  wind_lifetime: 20
  solar_capex: 1000.0
  solar_opex: 10
  solar_lifetime: 20
  carbon_price: 1.0
timeseries_values:
  load_level: 251811.87570603524
  wind_year: 2019
  solar_year: 2016
  price_year: 2023
  carbon_year: 2023
storage_values:
  CAES:
    cost: 35.3962
    lifetime: 25.1311
    annual_cost: 1.408462025140165
    efficiency: 0.614042
    discharge_ratio: 0.1
    depth_of_discharge: 0.4
  Li-ion:
    cost: 241.224
    lifetime: 23.4767
    annual_cost: 10.275038655347641
    efficiency: 0.938365
    discharge_ratio: 2
    depth_of_discharge: 0.9
  Pb-acid:
    cost: 170.231
    lifetime: 10.2651
    annual_cost: 16.583472153218185
    efficiency: 0.76438
    discharge_ratio: 5
    depth_of_discharge: 0.5
  VRBF:
    cost: 289.91
    lifetime: 20.8421
    annual_cost: 13.909826744905747
    efficiency: 0.840263
    discharge_ratio: 0.5
    depth_of_discharge: 1.0
