cost_values:
  wind_capex: 5000.0
  wind_opex: 100
  wind_lifetime: 20
  solar_capex: 1000.0
  solar_opex: 10
  solar_lifetime: 20
  carbon_price: 1.0
timeseries_values:
  load_level: 251811.87570603524
  wind_year: 2019
  solar_year: 2016
  price_year: 2023
  carbon_year: 2023
storage_values:
  CAES:
    cost: 39.2289
    lifetime: 25.3945
    annual_cost: 1.544779381362106
    efficiency: 0.626222
    discharge_ratio: 0.1
    depth_of_discharge: 0.4
  Li-ion:
    cost: 205.236
    lifetime: 21.825
    annual_cost: 9.403711340206186
    efficiency: 0.961143
    discharge_ratio: 2
    depth_of_discharge: 0.9
  Pb-acid:
    cost: 151.237
    lifetime: 11.6596
    annual_cost: 12.971028165631754
    efficiency: 0.771977
    discharge_ratio: 5
    depth_of_discharge: 0.5
  VRBF:
    cost: 280.727
    lifetime: 19.9535
    annual_cost: 14.069060565815521
    efficiency: 0.849998
    discharge_ratio: 0.5
    depth_of_discharge: 1.0
