cost_values:
  wind_capex: 5000.0
  wind_opex: 100
  wind_lifetime: 20
  solar_capex: 1000.0
  solar_opex: 10
  solar_lifetime: 20
  carbon_price: 1.0
timeseries_values:
  load_level: 251811.87570603524
  wind_year: 2019
  solar_year: 2016
  price_year: 2023
  carbon_year: 2023
storage_values:
  CAES:
    cost: 40.1904
    lifetime: 24.5741
    annual_cost: 1.6354780032635985
    efficiency: 0.612393
    discharge_ratio: 0.1
    depth_of_discharge: 0.4
  Li-ion:
    cost: 200.649
    lifetime: 20.8041
    annual_cost: 9.644685422584972
    efficiency: 0.948507
    discharge_ratio: 2
    depth_of_discharge: 0.9
  Pb-acid:
    cost: 166.979
    lifetime: 10.4865
    annual_cost: 15.923234635006915
    efficiency: 0.766939
    discharge_ratio: 5
    depth_of_discharge: 0.5
  VRBF:
    cost: 252.491
    lifetime: 21.6163
    annual_cost: 11.680583633646833
    efficiency: 0.837146
    discharge_ratio: 0.5
    depth_of_discharge: 1.0
