cost_values:
  wind_capex: 5000.0
  wind_opex: 100
  wind_lifetime: 20
  solar_capex: 1000.0
  solar_opex: 10
  solar_lifetime: 20
  carbon_price: 1.0
timeseries_values:
  load_level: 251811.87570603524
  wind_year: 2019
  solar_year: 2016
  price_year: 2023
  carbon_year: 2023
storage_values:
  CAES:
    cost: 50.0485
    lifetime: 24.7001
    annual_cost: 2.0262468573001726
    efficiency: 0.620343
    discharge_ratio: 0.1
    depth_of_discharge: 0.4
  Li-ion:
    cost: 213.123
    lifetime: 22.0409
    annual_cost: 9.669432736412759
    efficiency: 0.947745
    discharge_ratio: 2
    depth_of_discharge: 0.9
  Pb-acid:
    cost: 165.442
    lifetime: 12.061
    annual_cost: 13.717104717685102
    efficiency: 0.764443
    discharge_ratio: 5
    depth_of_discharge: 0.5
  VRBF:
    cost: 254.861
    lifetime: 21.1104
    annual_cost: 12.072769819614978
    efficiency: 0.839396
    discharge_ratio: 0.5
    depth_of_discharge: 1.0
