cost_values:
  wind_capex: 5000.0
  wind_opex: 100
  wind_lifetime: 20
  solar_capex: 1000.0
  solar_opex: 10
  solar_lifetime: 20
  carbon_price: 1.0
timeseries_values:
  load_level: 251811.87570603524
  wind_year: 2019
  solar_year: 2016
  price_year: 2023
  carbon_year: 2023
storage_values:
  CAES:
    cost: 42.414
    lifetime: 24.9989
    annual_cost: 1.6966346519246849
    efficiency: 0.622282
    discharge_ratio: 0.1
    depth_of_discharge: 0.4
  Li-ion:
    cost: 219.336
    lifetime: 23.8505
    annual_cost: 9.196285193182533
    efficiency: 0.932473
    discharge_ratio: 2
    depth_of_discharge: 0.9
  Pb-acid:
    cost: 143.496
    lifetime: 10.8576
    annual_cost: 13.216180371352786
    efficiency: 0.764366
    discharge_ratio: 5
    depth_of_discharge: 0.5
  VRBF:
    cost: 271.921
    lifetime: 22.1767
    annual_cost: 12.261562811419191
    efficiency: 0.838986
    discharge_ratio: 0.5
    depth_of_discharge: 1.0
