cost_values:
  wind_capex: 5000.0
  wind_opex: 100
  wind_lifetime: 20
  solar_capex: 1000.0
  solar_opex: 10
  solar_lifetime: 20
  carbon_price: 1.0
timeseries_values:
  load_level: 251811.87570603524
  wind_year: 2019
  solar_year: 2016
  price_year: 2023
  carbon_year: 2023
storage_values:
  CAES:
    cost: 44.5747
    lifetime: 25.3674
    annual_cost: 1.7571647074591799
    efficiency: 0.612205
    discharge_ratio: 0.1
    depth_of_discharge: 0.4
  Li-ion:
    cost: 205.167
    lifetime: 24.262
    annual_cost: 8.456310279449344
    efficiency: 0.931522
    discharge_ratio: 2
    depth_of_discharge: 0.9
  Pb-acid:
    cost: 137.413
    lifetime: 10.8677
    annual_cost: 12.644165738840787
    efficiency: 0.76628
    discharge_ratio: 5
    depth_of_discharge: 0.5
  VRBF:
    cost: 242.321
    lifetime: 21.0348
    annual_cost: 11.520004944187727
    efficiency: 0.831066
    discharge_ratio: 0.5
    depth_of_discharge: 1.0
