cost_values:
  wind_capex: 5000.0
  wind_opex: 100
  wind_lifetime: 20
  solar_capex: 1000.0
  solar_opex: 10
  solar_lifetime: 20
  carbon_price: 1.0
timeseries_values:
  load_level: 251811.87570603524
  wind_year: 2019
  solar_year: 2016
  price_year: 2023
  carbon_year: 2023
storage_values:
  CAES:
    cost: 36.5345
    lifetime: 24.0362
    annual_cost: 1.5199781995490136
    efficiency: 0.621838
    discharge_ratio: 0.1
    depth_of_discharge: 0.4
  Li-ion:
    cost: 218.174
    lifetime: 22.1075
    annual_cost: 9.868777564175053
    efficiency: 0.932797
    discharge_ratio: 2
    depth_of_discharge: 0.9
  Pb-acid:
    cost: 164.51
    lifetime: 12.3598
    annual_cost: 13.310085923720449
    efficiency: 0.763086
    discharge_ratio: 5
    depth_of_discharge: 0.5
  VRBF:
    cost: 244.393
    lifetime: 21.2694
    annual_cost: 11.490357038750505
    efficiency: 0.830573
    discharge_ratio: 0.5
    depth_of_discharge: 1.0
