cost_values:
  wind_capex: 5000.0
  wind_opex: 100
  wind_lifetime: 20
  solar_capex: 1000.0
  solar_opex: 10
  solar_lifetime: 20
  carbon_price: 1.0
timeseries_values:
  load_level: 251811.87570603524
  wind_year: 2019
  solar_year: 2016
  price_year: 2023
  carbon_year: 2023
storage_values:
  CAES:
    cost: 43.1228
    lifetime: 26.1662
    annual_cost: 1.6480344872392627
    efficiency: 0.605541
    discharge_ratio: 0.1
    depth_of_discharge: 0.4
  Li-ion:
    cost: 241.718
    lifetime: 20.7439
    annual_cost: 11.65248579100362
    efficiency: 0.942604
    discharge_ratio: 2
    depth_of_discharge: 0.9
  Pb-acid:
    cost: 167.647
    lifetime: 12.6605
    annual_cost: 13.241736108368546
    efficiency: 0.773682
    discharge_ratio: 5
    depth_of_discharge: 0.5
  VRBF:
    cost: 230.069
    lifetime: 19.738
    annual_cost: 11.656145506130306
    efficiency: 0.845878
    discharge_ratio: 0.5
    depth_of_discharge: 1.0
