cost_values:
  wind_capex: 5000.0
  wind_opex: 100
  wind_lifetime: 20
  solar_capex: 1000.0
  solar_opex: 10
  solar_lifetime: 20
  carbon_price: 1.0
timeseries_values:
  load_level: 251811.87570603524
  wind_year: 2019
  solar_year: 2016
  price_year: 2023
  carbon_year: 2023
storage_values:
  CAES:
    cost: 42.6856
    lifetime: 25.3966
    annual_cost: 1.6807604167486987
    efficiency: 0.626185
    discharge_ratio: 0.1
    depth_of_discharge: 0.4
  Li-ion:
    cost: 223.887
    lifetime: 22.3139
    annual_cost: 10.033521706201068
    efficiency: 0.935532
    discharge_ratio: 2
    depth_of_discharge: 0.9
  Pb-acid:
    cost: 154.271
    lifetime: 12.131
    annual_cost: 12.717088451075755
    efficiency: 0.76025
    discharge_ratio: 5
    depth_of_discharge: 0.5
  VRBF:
    cost: 281.596
    lifetime: 21.0757
    annual_cost: 13.361169498521994
    efficiency: 0.833584
    discharge_ratio: 0.5
    depth_of_discharge: 1.0
