cost_values:
  wind_capex: 5000.0
  wind_opex: 100
  wind_lifetime: 20
  solar_capex: 1000.0
  solar_opex: 10
  solar_lifetime: 20
  carbon_price: 1.0
timeseries_values:
  load_level: 251811.87570603524
  wind_year: 2019
  solar_year: 2016
  price_year: 2023
  carbon_year: 2023
storage_values:
  CAES:
    cost: 47.2773
    lifetime: 24.636
    annual_cost: 1.9190331222601071
    efficiency: 0.627156
    discharge_ratio: 0.1
    depth_of_discharge: 0.4
  Li-ion:
    cost: 204.516
    lifetime: 23.3748
    annual_cost: 8.749422454951485
    efficiency: 0.952366
    discharge_ratio: 2
    depth_of_discharge: 0.9
  Pb-acid:
    cost: 165.367
    lifetime: 11.0261
    annual_cost: 14.997777999473975
    efficiency: 0.786916
    discharge_ratio: 5
    depth_of_discharge: 0.5
  VRBF:
    cost: 281.308
    lifetime: 18.7233
    annual_cost: 15.024488204536594
    efficiency: 0.839017
    discharge_ratio: 0.5
    depth_of_discharge: 1.0
