cost_values:
  wind_capex: 5000.0
  wind_opex: 100
  wind_lifetime: 20
  solar_capex: 1000.0
  solar_opex: 10
  solar_lifetime: 20
  carbon_price: 1.0
timeseries_values:
  load_level: 251811.87570603524
  wind_year: 2019
  solar_year: 2016
  price_year: 2023
  carbon_year: 2023
storage_values:
  CAES:
    cost: 41.2264
    lifetime: 25.3173
    annual_cost: 1.6283884932437502
    efficiency: 0.61429
    discharge_ratio: 0.1
    depth_of_discharge: 0.4
  Li-ion:
    cost: 240.321
    lifetime: 22.6639
    annual_cost: 10.603691332912693
    efficiency: 0.950235
    discharge_ratio: 2
    depth_of_discharge: 0.9
  Pb-acid:
    cost: 134.941
    lifetime: 11.31
    annual_cost: 11.931122900088416
    efficiency: 0.778341
    discharge_ratio: 5
    depth_of_discharge: 0.5
  VRBF:
    cost: 277.801
    lifetime: 19.6796
    annual_cost: 14.116191386003779
    efficiency: 0.820687
    discharge_ratio: 0.5
    depth_of_discharge: 1.0
