cost_values:
  wind_capex: 5000.0
  wind_opex: 100
  wind_lifetime: 20
  solar_capex: 1000.0
  solar_opex: 10
  solar_lifetime: 20
  carbon_price: 1.0
timeseries_values:
  load_level: 251811.87570603524
  wind_year: 2019
  solar_year: 2016
  price_year: 2023
  carbon_year: 2023
storage_values:
  CAES:
    cost: 44.1309
    lifetime: 23.6944
    annual_cost: 1.8625033763252075
    efficiency: 0.625817
    discharge_ratio: 0.1
    depth_of_discharge: 0.4
  Li-ion:
    cost: 227.492
    lifetime: 20.7809
    annual_cost: 10.947167831999577
    efficiency: 0.954968
    discharge_ratio: 2
    depth_of_discharge: 0.9
  Pb-acid:
    cost: 164.067
    lifetime: 10.9049
    annual_cost: 15.045254885418483
    efficiency: 0.759705
    discharge_ratio: 5
    depth_of_discharge: 0.5
  VRBF:
    cost: 248.184
    lifetime: 19.151
    annual_cost: 12.959323272936139
    efficiency: 0.829623
    discharge_ratio: 0.5
    depth_of_discharge: 1.0
