cost_values:
  wind_capex: 5000.0
  wind_opex: 100
  wind_lifetime: 20
  solar_capex: 1000.0
  solar_opex: 10
  solar_lifetime: 20
  carbon_price: 1.0
timeseries_values:
  load_level: 251811.87570603524
  wind_year: 2019
  solar_year: 2016
  price_year: 2023
  carbon_year: 2023
storage_values:
  CAES:
    cost: 40.7357
    lifetime: 25.03
    annual_cost: 1.627475029964043
    efficiency: 0.615975
    discharge_ratio: 0.1
    depth_of_discharge: 0.4
  Li-ion:
    cost: 196.159
    lifetime: 21.6122
    annual_cost: 9.076308751538482
    efficiency: 0.934039
    discharge_ratio: 2
    depth_of_discharge: 0.9
  Pb-acid:
    cost: 141.574
    lifetime: 10.4786
    annual_cost: 13.5107743400836
    efficiency: 0.76466
    discharge_ratio: 5
    depth_of_discharge: 0.5
  VRBF:
    cost: 255.697
    lifetime: 23.3006
    annual_cost: 10.973837583581538
    efficiency: 0.823444
    discharge_ratio: 0.5
    depth_of_discharge: 1.0
