cost_values:
  wind_capex: 5000.0
  wind_opex: 100
  wind_lifetime: 20
  solar_capex: 1000.0
  solar_opex: 10
  solar_lifetime: 20
  carbon_price: 1.0
timeseries_values:
  load_level: 251811.87570603524
  wind_year: 2019
  solar_year: 2016
  price_year: 2023
  carbon_year: 2023
storage_values:
  CAES:
    cost: 49.5761
    lifetime: 25.4115
    annual_cost: 1.9509316647974342
    efficiency: 0.617025
    discharge_ratio: 0.1
    depth_of_discharge: 0.4
  Li-ion:
    cost: 211.123
    lifetime: 20.4176
    annual_cost: 10.340245670402005
    efficiency: 0.936951
    discharge_ratio: 2
    depth_of_discharge: 0.9
  Pb-acid:
    cost: 163.919
    lifetime: 12.0793
    annual_cost: 13.570239997350841
    efficiency: 0.77664
    discharge_ratio: 5
    depth_of_discharge: 0.5
  VRBF:
    cost: 238.707
    lifetime: 20.046
    annual_cost: 11.90796168811733
    efficiency: 0.827166
    discharge_ratio: 0.5
    depth_of_discharge: 1.0
