cost_values:
  wind_capex: 5000.0
  wind_opex: 100
  wind_lifetime: 20
  solar_capex: 1000.0
  solar_opex: 10
  solar_lifetime: 20
  carbon_price: 1.0
timeseries_values:
  load_level: 251811.87570603524
  wind_year: 2019
  solar_year: 2016
  price_year: 2023
  carbon_year: 2023
storage_values:
  CAES:
    cost: 47.5801
    lifetime: 24.8886
    annual_cost: 1.9117226360663115
    efficiency: 0.62011
    discharge_ratio: 0.1
    depth_of_discharge: 0.4
  Li-ion:
    cost: 215.283
    lifetime: 23.66
    annual_cost: 9.099027895181742
    efficiency: 0.952932
    discharge_ratio: 2
    depth_of_discharge: 0.9
  Pb-acid:
    cost: 144.867
    lifetime: 11.4262
    annual_cost: 12.678493287357126
    efficiency: 0.767236
    discharge_ratio: 5
    depth_of_discharge: 0.5
  VRBF:
    cost: 234.614
    lifetime: 19.0684
    annual_cost: 12.303811541608106
    efficiency: 0.833771
    discharge_ratio: 0.5
    depth_of_discharge: 1.0
