cost_values:
  wind_capex: 5000.0
  wind_opex: 100
  wind_lifetime: 20
  solar_capex: 1000.0
  solar_opex: 10
  solar_lifetime: 20
  carbon_price: 1.0
timeseries_values:
  load_level: 251811.87570603524
  wind_year: 2019
  solar_year: 2016
  price_year: 2023
  carbon_year: 2023
storage_values:
  CAES:
    cost: 42.3421
    lifetime: 25.2138
    annual_cost: 1.6793224345398157
    efficiency: 0.624767
    discharge_ratio: 0.1
    depth_of_discharge: 0.4
  Li-ion:
    cost: 225.102
    lifetime: 23.9783
    annual_cost: 9.387738079847194
    efficiency: 0.956355
    discharge_ratio: 2
    depth_of_discharge: 0.9
  Pb-acid:
    cost: 163.302
    lifetime: 10.6854
    annual_cost: 15.2827222191027
    efficiency: 0.770284
    discharge_ratio: 5
    depth_of_discharge: 0.5
  VRBF:
    cost: 259.267
    lifetime: 20.1626
    annual_cost: 12.858807891839346
    efficiency: 0.841
    discharge_ratio: 0.5
    depth_of_discharge: 1.0
