cost_values:
  wind_capex: 5000.0
  wind_opex: 100
  wind_lifetime: 20
  solar_capex: 1000.0
  solar_opex: 10
  solar_lifetime: 20
  carbon_price: 1.0
timeseries_values:
  load_level: 251811.87570603524
  wind_year: 2019
  solar_year: 2016
  price_year: 2023
  carbon_year: 2023
storage_values:
  CAES:
    cost: 44.9732
    lifetime: 26.5078
    annual_cost: 1.6966025094500485
    efficiency: 0.622078
    discharge_ratio: 0.1
    depth_of_discharge: 0.4
  Li-ion:
    cost: 190.921
    lifetime: 21.9842
    annual_cost: 8.684464297086087
    efficiency: 0.948377
    discharge_ratio: 2
    depth_of_discharge: 0.9
  Pb-acid:
    cost: 150.728
    lifetime: 10.9491
    annual_cost: 13.766245627494499
    efficiency: 0.768088
    discharge_ratio: 5
    depth_of_discharge: 0.5
  VRBF:
    cost: 266.482
    lifetime: 21.1766
    annual_cost: 12.583795321250816
    efficiency: 0.832799
    discharge_ratio: 0.5
    depth_of_discharge: 1.0
