cost_values:
  wind_capex: 5000.0
  wind_opex: 100
  wind_lifetime: 20
  solar_capex: 1000.0
  solar_opex: 10
  solar_lifetime: 20
  carbon_price: 1.0
timeseries_values:
  load_level: 251811.87570603524
  wind_year: 2019
  solar_year: 2016
  price_year: 2023
  carbon_year: 2023
storage_values:
  CAES:
    cost: 37.7369
    lifetime: 24.8143
    annual_cost: 1.520772296619288
    efficiency: 0.620081
    discharge_ratio: 0.1
    depth_of_discharge: 0.4
  Li-ion:
    cost: 203.704
    lifetime: 21.7148
    annual_cost: 9.380883084348003
    efficiency: 0.947344
    discharge_ratio: 2
    depth_of_discharge: 0.9
  Pb-acid:
    cost: 167.912
    lifetime: 12.8799
    annual_cost: 13.03674717971413
    efficiency: 0.75894
    discharge_ratio: 5
    depth_of_discharge: 0.5
  VRBF:
    cost: 231.893
    lifetime: 20.0382
    annual_cost: 11.572546436306654
    efficiency: 0.833654
    discharge_ratio: 0.5
    depth_of_discharge: 1.0
