cost_values:
  wind_capex: 5000.0
  wind_opex: 100
  wind_lifetime: 20
  solar_capex: 1000.0
  solar_opex: 10
  solar_lifetime: 20
  carbon_price: 1.0
timeseries_values:
  load_level: 251811.87570603524
  wind_year: 2019
  solar_year: 2016
  price_year: 2023
  carbon_year: 2023
storage_values:
  CAES:
    cost: 40.8578
    lifetime: 25.5582
    annual_cost: 1.5986180560446352
    efficiency: 0.618653
    discharge_ratio: 0.1
    depth_of_discharge: 0.4
  Li-ion:
    cost: 222.485
    lifetime: 24.3807
    annual_cost: 9.12545579085096
    efficiency: 0.932232
    discharge_ratio: 2
    depth_of_discharge: 0.9
  Pb-acid:
    cost: 156.592
    lifetime: 13.0169
    annual_cost: 12.029899592068773
    efficiency: 0.768883
    discharge_ratio: 5
    depth_of_discharge: 0.5
  VRBF:
    cost: 283.61
    lifetime: 21.489
    annual_cost: 13.19791521243427
    efficiency: 0.843419
    discharge_ratio: 0.5
    depth_of_discharge: 1.0
