cost_values:
  wind_capex: 5000.0
  wind_opex: 100
  wind_lifetime: 20
  solar_capex: 1000.0
  solar_opex: 10
  solar_lifetime: 20
  carbon_price: 1.0
timeseries_values:
  load_level: 251811.87570603524
  wind_year: 2019
  solar_year: 2016
  price_year: 2023
  carbon_year: 2023
storage_values:
  CAES:
    cost: 39.0146
    lifetime: 24.3305
    annual_cost: 1.6035264380099052
    efficiency: 0.618016
    discharge_ratio: 0.1
    depth_of_discharge: 0.4
  Li-ion:
    cost: 217.672
    lifetime: 24.2816
    annual_cost: 8.964483394833948
    efficiency: 0.962753
    discharge_ratio: 2
    depth_of_discharge: 0.9
  Pb-acid:
    cost: 174.265
    lifetime: 12.9846
    annual_cost: 13.42089860296043
    efficiency: 0.753143
    discharge_ratio: 5
    depth_of_discharge: 0.5
  VRBF:
    cost: 256.617
    lifetime: 21.626
    annual_cost: 11.866133357995006
    efficiency: 0.835319
    discharge_ratio: 0.5
    depth_of_discharge: 1.0
