cost_values:
  wind_capex: 5000.0
  wind_opex: 100
  wind_lifetime: 20
  solar_capex: 1000.0
  solar_opex: 10
  solar_lifetime: 20
  carbon_price: 1.0
timeseries_values:
  load_level: 251811.87570603524
  wind_year: 2019
  solar_year: 2016
  price_year: 2023
  carbon_year: 2023
storage_values:
  CAES:
    cost: 47.3839
    lifetime: 24.51
    annual_cost: 1.9332476540187675
    efficiency: 0.604271
    discharge_ratio: 0.1
    depth_of_discharge: 0.4
  Li-ion:
    cost: 228.392
    lifetime: 24.9317
    annual_cost: 9.160707051665149
    efficiency: 0.929084
    discharge_ratio: 2
    depth_of_discharge: 0.9
  Pb-acid:
    cost: 138.702
    lifetime: 14.5458
    annual_cost: 9.535536031019264
    efficiency: 0.75966
    discharge_ratio: 5
    depth_of_discharge: 0.5
  VRBF:
    cost: 271.763
    lifetime: 19.4321
    annual_cost: 13.985261500301048
    efficiency: 0.83074
    discharge_ratio: 0.5
    depth_of_discharge: 1.0
