cost_values:
  wind_capex: 5000.0
  wind_opex: 100
  wind_lifetime: 20
  solar_capex: 1000.0
  solar_opex: 10
  solar_lifetime: 20
  carbon_price: 1.0
timeseries_values:
  load_level: 251811.87570603524
  wind_year: 2019
  solar_year: 2016
  price_year: 2023
  carbon_year: 2023
storage_values:
  CAES:
    cost: 46.5561
    lifetime: 24.4446
    annual_cost: 1.9045556073734076
    efficiency: 0.627203
    discharge_ratio: 0.1
    depth_of_discharge: 0.4
  Li-ion:
    cost: 234.63
    lifetime: 23.1508
    annual_cost: 10.13485495101681
    efficiency: 0.945926
    discharge_ratio: 2
    depth_of_discharge: 0.9
  Pb-acid:
    cost: 163.765
    lifetime: 11.9642
    annual_cost: 13.68791895822537
    efficiency: 0.77415
    discharge_ratio: 5
    depth_of_discharge: 0.5
  VRBF:
    cost: 273.405
    lifetime: 20.3085
    annual_cost: 13.4625895560972
    efficiency: 0.844904
    discharge_ratio: 0.5
    depth_of_discharge: 1.0
