cost_values:
  wind_capex: 5000.0
  wind_opex: 100
  wind_lifetime: 20
  solar_capex: 1000.0
  solar_opex: 10
  solar_lifetime: 20
  carbon_price: 1.0
timeseries_values:
  load_level: 251811.87570603524
  wind_year: 2019
  solar_year: 2016
  price_year: 2023
  carbon_year: 2023
storage_values:
  CAES:
    cost: 41.2138
    lifetime: 25.7783
    annual_cost: 1.5987788178429143
    efficiency: 0.623539
    discharge_ratio: 0.1
    depth_of_discharge: 0.4
  Li-ion:
    cost: 206.44
    lifetime: 21.7805
    annual_cost: 9.478202979729575
    efficiency: 0.951161
    discharge_ratio: 2
    depth_of_discharge: 0.9
  Pb-acid:
    cost: 129.724
    lifetime: 10.4619
    annual_cost: 12.399659717642109
    efficiency: 0.770049
    discharge_ratio: 5
    depth_of_discharge: 0.5
  VRBF:
    cost: 276.575
    lifetime: 22.1983
    annual_cost: 12.459287422910764
    efficiency: 0.834597
    discharge_ratio: 0.5
    depth_of_discharge: 1.0
