cost_values:
  wind_capex: 5000.0
  wind_opex: 100
  wind_lifetime: 20
  solar_capex: 1000.0
  solar_opex: 10
  solar_lifetime: 20
  carbon_price: 1.0
timeseries_values:
  load_level: 251811.87570603524
  wind_year: 2019
  solar_year: 2016
  price_year: 2023
  carbon_year: 2023
storage_values:
  CAES:
    cost: 42.9044
    lifetime: 24.4702
    annual_cost: 1.753332624988762
    efficiency: 0.605
    discharge_ratio: 0.1
    depth_of_discharge: 0.4
  Li-ion:
    cost: 207.028
    lifetime: 23.6857
    annual_cost: 8.740632533554
    efficiency: 0.936396
    discharge_ratio: 2
    depth_of_discharge: 0.9
  Pb-acid:
    cost: 149.37
    lifetime: 12.4262
    annual_cost: 12.020569441985483
    efficiency: 0.7647
    discharge_ratio: 5
    depth_of_discharge: 0.5
  VRBF:
    cost: 234.885
    lifetime: 18.1167
    annual_cost: 12.965109539816853
    efficiency: 0.838665
    discharge_ratio: 0.5
    depth_of_discharge: 1.0
