cost_values:
  wind_capex: 5000.0
  wind_opex: 100
  wind_lifetime: 20
  solar_capex: 1000.0
  solar_opex: 10
  solar_lifetime: 20
  carbon_price: 1.0
timeseries_values:
  load_level: 251811.87570603524
  wind_year: 2019
  solar_year: 2016
  price_year: 2023
  carbon_year: 2023
storage_values:
  CAES:
    cost: 43.098
    lifetime: 25.1874
    annual_cost: 1.7110936420591247
    efficiency: 0.616783
    discharge_ratio: 0.1
    depth_of_discharge: 0.4
  Li-ion:
    cost: 219.871
    lifetime: 24.1529
    annual_cost: 9.103296084528152
    efficiency: 0.946088
    discharge_ratio: 2
    depth_of_discharge: 0.9
  Pb-acid:
    cost: 165.333
    lifetime: 11.3227
    annual_cost: 14.601905905835181
    efficiency: 0.758757
    discharge_ratio: 5
    depth_of_discharge: 0.5
  VRBF:
    cost: 271.98
    lifetime: 20.7247
    annual_cost: 13.123471027324884
    efficiency: 0.84113
    discharge_ratio: 0.5
    depth_of_discharge: 1.0
