cost_values:
  wind_capex: 5000.0
  wind_opex: 100
  wind_lifetime: 20
  solar_capex: 1000.0
  solar_opex: 10
  solar_lifetime: 20
  carbon_price: 1.0
timeseries_values:
  load_level: 251811.87570603524
  wind_year: 2019
  solar_year: 2016
  price_year: 2023
  carbon_year: 2023
storage_values:
  CAES:
    cost: 43.1931
    lifetime: 24.9022
    annual_cost: 1.734509400775835
    efficiency: 0.622581
    discharge_ratio: 0.1
    depth_of_discharge: 0.4
  Li-ion:
    cost: 235.118
    lifetime: 22.5444
    annual_cost: 10.429108780894591
    efficiency: 0.937344
    discharge_ratio: 2
    depth_of_discharge: 0.9
  Pb-acid:
    cost: 158.541
    lifetime: 9.1648
    annual_cost: 17.298904504189945
    efficiency: 0.78326
    discharge_ratio: 5
    depth_of_discharge: 0.5
  VRBF:
    cost: 263.22
    lifetime: 20.6932
    annual_cost: 12.720120619333889
    efficiency: 0.838738
    discharge_ratio: 0.5
    depth_of_discharge: 1.0
