cost_values:
  wind_capex: 5000.0
  wind_opex: 100
  wind_lifetime: 20
  solar_capex: 1000.0
  solar_opex: 10
  solar_lifetime: 20
  carbon_price: 1.0
timeseries_values:
  load_level: 251811.87570603524
  wind_year: 2019
  solar_year: 2016
  price_year: 2023
  carbon_year: 2023
storage_values:
  CAES:
    cost: 45.341
    lifetime: 24.3963
    annual_cost: 1.8585195296008001
    efficiency: 0.626191
    discharge_ratio: 0.1
    depth_of_discharge: 0.4
  Li-ion:
    cost: 221.332
    lifetime: 22.2762
    annual_cost: 9.93580592740234
    efficiency: 0.946378
    discharge_ratio: 2
    depth_of_discharge: 0.9
  Pb-acid:
    cost: 163.247
    lifetime: 10.6308
    annual_cost: 15.356040937652859
    efficiency: 0.776809
    discharge_ratio: 5
    depth_of_discharge: 0.5
  VRBF:
    cost: 281.503
    lifetime: 21.5456
    annual_cost: 13.06545187880588
    efficiency: 0.828662
    discharge_ratio: 0.5
    depth_of_discharge: 1.0
