cost_values:
  wind_capex: 5000.0
  wind_opex: 100
  wind_lifetime: 20
  solar_capex: 1000.0
  solar_opex: 10
  solar_lifetime: 20
  carbon_price: 1.0
timeseries_values:
  load_level: 251811.87570603524
  wind_year: 2019
  solar_year: 2016
  price_year: 2023
  carbon_year: 2023
storage_values:
  CAES:
    cost: 49.4831
    lifetime: 24.4834
    annual_cost: 2.0210877574193127
    efficiency: 0.617162
    discharge_ratio: 0.1
    depth_of_discharge: 0.4
  Li-ion:
    cost: 206.448
    lifetime: 22.36
    annual_cost: 9.232915921288015
    efficiency: 0.950375
    discharge_ratio: 2
    depth_of_discharge: 0.9
  Pb-acid:
    cost: 162.13
    lifetime: 10.9842
    annual_cost: 14.760292055862056
    efficiency: 0.756419
    discharge_ratio: 5
    depth_of_discharge: 0.5
  VRBF:
    cost: 261.14
    lifetime: 20.8047
    annual_cost: 12.551971429532749
    efficiency: 0.837528
    discharge_ratio: 0.5
    depth_of_discharge: 1.0
