cost_values:
  wind_capex: 5000.0
  wind_opex: 100
  wind_lifetime: 20
  solar_capex: 1000.0
  solar_opex: 10
  solar_lifetime: 20
  carbon_price: 1.0
timeseries_values:
  load_level: 251811.87570603524
  wind_year: 2019
  solar_year: 2016
  price_year: 2023
  carbon_year: 2023
storage_values:
  CAES:
    cost: 46.6485
    lifetime: 24.7218
    annual_cost: 1.8869378443317233
    efficiency: 0.629033
    discharge_ratio: 0.1
    depth_of_discharge: 0.4
  Li-ion:
    cost: 214.307
    lifetime: 21.8112
    annual_cost: 9.82554834213615
    efficiency: 0.945966
    discharge_ratio: 2
    depth_of_discharge: 0.9
  Pb-acid:
    cost: 150.735
    lifetime: 10.5109
    annual_cost: 14.340827141348507
    efficiency: 0.771518
    discharge_ratio: 5
    depth_of_discharge: 0.5
  VRBF:
    cost: 250.324
    lifetime: 20.3213
    annual_cost: 12.318306407562508
    efficiency: 0.835997
    discharge_ratio: 0.5
    depth_of_discharge: 1.0
