cost_values:
  wind_capex: 5000.0
  wind_opex: 100
  wind_lifetime: 20
  solar_capex: 1000.0
  solar_opex: 10
  solar_lifetime: 20
  carbon_price: 1.0
timeseries_values:
  load_level: 251811.87570603524
  wind_year: 2019
  solar_year: 2016
  price_year: 2023
  carbon_year: 2023
storage_values:
  CAES:
    cost: 48.3499
    lifetime: 23.7414
    annual_cost: 2.0365226987456513
    efficiency: 0.604449
    discharge_ratio: 0.1
    depth_of_discharge: 0.4
  Li-ion:
    cost: 195.487
    lifetime: 20.7829
    annual_cost: 9.40614639920319
    efficiency: 0.952226
    discharge_ratio: 2
    depth_of_discharge: 0.9
  Pb-acid:
    cost: 167.451
    lifetime: 10.2458
    annual_cost: 16.343379726326887
    efficiency: 0.76504
    discharge_ratio: 5
    depth_of_discharge: 0.5
  VRBF:
    cost: 251.818
    lifetime: 21.1421
    annual_cost: 11.910737343972453
    efficiency: 0.827658
    discharge_ratio: 0.5
    depth_of_discharge: 1.0
