cost_values:
  wind_capex: 5000.0
  wind_opex: 100
  wind_lifetime: 20
  solar_capex: 1000.0
  solar_opex: 10
  solar_lifetime: 20
  carbon_price: 1.0
timeseries_values:
  load_level: 251811.87570603524
  wind_year: 2019
  solar_year: 2016
  price_year: 2023
  carbon_year: 2023
storage_values:
  CAES:
    cost: 43.7853
    lifetime: 25.7153
    annual_cost: 1.7026945048278652
    efficiency: 0.611205
    discharge_ratio: 0.1
    depth_of_discharge: 0.4
  Li-ion:
    cost: 222.077
    lifetime: 22.4795
    annual_cost: 9.879089837407415
    efficiency: 0.938603
    discharge_ratio: 2
    depth_of_discharge: 0.9
  Pb-acid:
    cost: 166.424
    lifetime: 12.2976
    annual_cost: 13.533047098620871
    efficiency: 0.756972
    discharge_ratio: 5
    depth_of_discharge: 0.5
  VRBF:
    cost: 231.787
    lifetime: 19.6573
    annual_cost: 11.791395562971518
    efficiency: 0.827951
    discharge_ratio: 0.5
    depth_of_discharge: 1.0
