cost_values:
  wind_capex: 5000.0
  wind_opex: 100
  wind_lifetime: 20
  solar_capex: 1000.0
  solar_opex: 10
  solar_lifetime: 20
  carbon_price: 1.0
timeseries_values:
  load_level: 251811.87570603524
  wind_year: 2019
  solar_year: 2016
  price_year: 2023
  carbon_year: 2023
storage_values:
  CAES:
    cost: 43.4926
    lifetime: 25.9302
    annual_cost: 1.6772952001912829
    efficiency: 0.619085
    discharge_ratio: 0.1
    depth_of_discharge: 0.4
  Li-ion:
    cost: 215.778
    lifetime: 22.5333
    annual_cost: 9.57596091118478
    efficiency: 0.92669
    discharge_ratio: 2
    depth_of_discharge: 0.9
  Pb-acid:
    cost: 152.989
    lifetime: 9.93397
    annual_cost: 15.400590096406573
    efficiency: 0.767983
    discharge_ratio: 5
    depth_of_discharge: 0.5
  VRBF:
    cost: 289.657
    lifetime: 20.4131
    annual_cost: 14.18976049693579
    efficiency: 0.845366
    discharge_ratio: 0.5
    depth_of_discharge: 1.0
