cost_values:
  wind_capex: 5000.0
  wind_opex: 100
  wind_lifetime: 20
  solar_capex: 1000.0
  solar_opex: 10
  solar_lifetime: 20
  carbon_price: 1.0
timeseries_values:
  load_level: 251811.87570603524
  wind_year: 2019
  solar_year: 2016
  price_year: 2023
  carbon_year: 2023
storage_values:
  CAES:
    cost: 41.7441
    lifetime: 25.1876
    annual_cost: 1.6573274150772603
    efficiency: 0.615653
    discharge_ratio: 0.1
    depth_of_discharge: 0.4
  Li-ion:
    cost: 206.954
    lifetime: 23.1889
    annual_cost: 8.924701042309035
    efficiency: 0.937074
    discharge_ratio: 2
    depth_of_discharge: 0.9
  Pb-acid:
    cost: 146.478
    lifetime: 11.8748
    annual_cost: 12.335197224374305
    efficiency: 0.757893
    discharge_ratio: 5
    depth_of_discharge: 0.5
  VRBF:
    cost: 251.356
    lifetime: 20.5314
    annual_cost: 12.242516340824297
    efficiency: 0.838851
    discharge_ratio: 0.5
    depth_of_discharge: 1.0
