cost_values:
  wind_capex: 5000.0
  wind_opex: 100
  wind_lifetime: 20
  solar_capex: 1000.0
  solar_opex: 10
  solar_lifetime: 20
  carbon_price: 1.0
timeseries_values:
  load_level: 251811.87570603524
  wind_year: 2019
  solar_year: 2016
  price_year: 2023
  carbon_year: 2023
storage_values:
  CAES:
    cost: 45.9635
    lifetime: 25.7221
    annual_cost: 1.7869264173609465
    efficiency: 0.608726
    discharge_ratio: 0.1
    depth_of_discharge: 0.4
  Li-ion:
    cost: 200.267
    lifetime: 21.5498
    annual_cost: 9.29321849854755
    efficiency: 0.940654
    discharge_ratio: 2
    depth_of_discharge: 0.9
  Pb-acid:
    cost: 158.821
    lifetime: 10.0917
    annual_cost: 15.737784515988388
    efficiency: 0.764113
    discharge_ratio: 5
    depth_of_discharge: 0.5
  VRBF:
    cost: 266.888
    lifetime: 20.3594
    annual_cost: 13.108834248553492
    efficiency: 0.840965
    discharge_ratio: 0.5
    depth_of_discharge: 1.0
