cost_values:
  wind_capex: 5000.0
  wind_opex: 100
  wind_lifetime: 20
  solar_capex: 1000.0
  solar_opex: 10
  solar_lifetime: 20
  carbon_price: 1.0
timeseries_values:
  load_level: 251811.87570603524
  wind_year: 2019
  solar_year: 2016
  price_year: 2023
  carbon_year: 2023
storage_values:
  CAES:
    cost: 45.2001
    lifetime: 25.9772
    annual_cost: 1.7399912230725405
    efficiency: 0.616559
    discharge_ratio: 0.1
    depth_of_discharge: 0.4
  Li-ion:
    cost: 222.575
    lifetime: 22.3604
    annual_cost: 9.953981145238904
    efficiency: 0.944701
    discharge_ratio: 2
    depth_of_discharge: 0.9
  Pb-acid:
    cost: 142.137
    lifetime: 11.6344
    annual_cost: 12.216960049508355
    efficiency: 0.768356
    discharge_ratio: 5
    depth_of_discharge: 0.5
  VRBF:
    cost: 242.024
    lifetime: 20.1725
    annual_cost: 11.997719667864668
    efficiency: 0.823941
    discharge_ratio: 0.5
    depth_of_discharge: 1.0
