cost_values:
  wind_capex: 5000.0
  wind_opex: 100
  wind_lifetime: 20
  solar_capex: 1000.0
  solar_opex: 10
  solar_lifetime: 20
  carbon_price: 1.0
timeseries_values:
  load_level: 251811.87570603524
  wind_year: 2019
  solar_year: 2016
  price_year: 2023
  carbon_year: 2023
storage_values:
  CAES:
    cost: 41.1704
    lifetime: 24.8871
    annual_cost: 1.6542867590036605
    efficiency: 0.620706
    discharge_ratio: 0.1
    depth_of_discharge: 0.4
  Li-ion:
    cost: 200.934
    lifetime: 25.6006
    annual_cost: 7.848800418740185
    efficiency: 0.968351
    discharge_ratio: 2
    depth_of_discharge: 0.9
  Pb-acid:
    cost: 164.36
    lifetime: 9.63204
    annual_cost: 17.063882625072157
    efficiency: 0.762109
    discharge_ratio: 5
    depth_of_discharge: 0.5
  VRBF:
    cost: 255.966
    lifetime: 21.704
    annual_cost: 11.793494286767416
    efficiency: 0.848713
    discharge_ratio: 0.5
    depth_of_discharge: 1.0
