cost_values:
  wind_capex: 5000.0
  wind_opex: 100
  wind_lifetime: 20
  solar_capex: 1000.0
  solar_opex: 10
  solar_lifetime: 20
  carbon_price: 1.0
timeseries_values:
  load_level: 251811.87570603524
  wind_year: 2019
  solar_year: 2016
  price_year: 2023
  carbon_year: 2023
storage_values:
  CAES:
    cost: 45.1001
    lifetime: 24.8329
    annual_cost: 1.8161431004836326
    efficiency: 0.62313
    discharge_ratio: 0.1
    depth_of_discharge: 0.4
  Li-ion:
    cost: 196.052
    lifetime: 20.5471
    annual_cost: 9.541589810727547
    efficiency: 0.947373
    discharge_ratio: 2
    depth_of_discharge: 0.9
  Pb-acid:
    cost: 169.804
    lifetime: 10.7584
    annual_cost: 15.783387864366448
    efficiency: 0.787795
    discharge_ratio: 5
    depth_of_discharge: 0.5
  VRBF:
    cost: 270.897
    lifetime: 18.0856
    annual_cost: 14.978601760516653
    efficiency: 0.834625
    discharge_ratio: 0.5
    depth_of_discharge: 1.0
