cost_values:
  wind_capex: 5000.0
  wind_opex: 100
  wind_lifetime: 20
  solar_capex: 1000.0
  solar_opex: 10
  solar_lifetime: 20
  carbon_price: 1.0
timeseries_values:
  load_level: 251811.87570603524
  wind_year: 2019
  solar_year: 2016
  price_year: 2023
  carbon_year: 2023
storage_values:
  CAES:
    cost: 40.1316
    lifetime: 23.4736
    annual_cost: 1.7096482857337603
    efficiency: 0.619838
    discharge_ratio: 0.1
    depth_of_discharge: 0.4
  Li-ion:
    cost: 209.444
    lifetime: 22.7421
    annual_cost: 9.209527704125827
    efficiency: 0.955189
    discharge_ratio: 2
    depth_of_discharge: 0.9
  Pb-acid:
    cost: 167.432
    lifetime: 10.3342
    annual_cost: 16.201737918755203
    efficiency: 0.7639
    discharge_ratio: 5
    depth_of_discharge: 0.5
  VRBF:
    cost: 256.214
    lifetime: 19.8406
    annual_cost: 12.913621563863996
    efficiency: 0.830748
    discharge_ratio: 0.5
    depth_of_discharge: 1.0
