cost_values:
  wind_capex: 5000.0
  wind_opex: 100
  wind_lifetime: 20
  solar_capex: 1000.0
  solar_opex: 10
  solar_lifetime: 20
  carbon_price: 1.0
timeseries_values:
  load_level: 251811.87570603524
  wind_year: 2019
  solar_year: 2016
  price_year: 2023
  carbon_year: 2023
storage_values:
  CAES:
    cost: 43.4914
    lifetime: 25.1698
    annual_cost: 1.7279199675801953
    efficiency: 0.614466
    discharge_ratio: 0.1
    depth_of_discharge: 0.4
  Li-ion:
    cost: 238.204
    lifetime: 22.4332
    annual_cost: 10.618369202788724
    efficiency: 0.940395
    discharge_ratio: 2
    depth_of_discharge: 0.9
  Pb-acid:
    cost: 143.541
    lifetime: 10.8629
    annual_cost: 13.21387474799547
    efficiency: 0.766392
    discharge_ratio: 5
    depth_of_discharge: 0.5
  VRBF:
    cost: 255.203
    lifetime: 19.3968
    annual_cost: 13.156964035304794
    efficiency: 0.821824
    discharge_ratio: 0.5
    depth_of_discharge: 1.0
