cost_values:
  wind_capex: 5000.0
  wind_opex: 100
  wind_lifetime: 20
  solar_capex: 1000.0
  solar_opex: 10
  solar_lifetime: 20
  carbon_price: 1.0
timeseries_values:
  load_level: 234075.77217045467
  wind_year: 2018
  solar_year: 2014
  price_year: 2023
  carbon_year: 2023
storage_values:
  CAES:
    cost: 38.435
    lifetime: 28.2802
    annual_cost: 1.3590780828989895
    efficiency: 0.582041
    discharge_ratio: 0.1
    depth_of_discharge: 0.4
  Li-ion:
    cost: 157.662
    lifetime: 23.7279
    annual_cost: 6.644582959301076
    efficiency: 0.860606
    discharge_ratio: 2
    depth_of_discharge: 0.9
  Pb-acid:
    cost: 125.053
    lifetime: 13.7728
    annual_cost: 9.07970782992565
    efficiency: 0.697437
    discharge_ratio: 5
    depth_of_discharge: 0.5
  VRBF:
    cost: 248.476
    lifetime: 14.7945
    annual_cost: 16.795160363648655
    efficiency: 0.747121
    discharge_ratio: 0.5
    depth_of_discharge: 1.0
