cost_values:
  wind_capex: 5000.0
  wind_opex: 100
  wind_lifetime: 20
  solar_capex: 1000.0
  solar_opex: 10
  solar_lifetime: 20
  carbon_price: 1.0
timeseries_values:
  load_level: 234075.77217045467
  wind_year: 2018
  solar_year: 2014
  price_year: 2023
  carbon_year: 2023
storage_values:
  CAES:
    cost: 42.9465
    lifetime: 29.2453
    annual_cost: 1.4684923731334607
    efficiency: 0.594122
    discharge_ratio: 0.1
    depth_of_discharge: 0.4
  Li-ion:
    cost: 185.34
    lifetime: 20.041
    annual_cost: 9.248041514894465
    efficiency: 0.85809
    discharge_ratio: 2
    depth_of_discharge: 0.9
  Pb-acid:
    cost: 117.908
    lifetime: 13.7813
    annual_cost: 8.555651498770073
    efficiency: 0.689414
    discharge_ratio: 5
    depth_of_discharge: 0.5
  VRBF:
    cost: 271.091
    lifetime: 16.819
    annual_cost: 16.118140198584936
    efficiency: 0.744525
    discharge_ratio: 0.5
    depth_of_discharge: 1.0
