cost_values:
  wind_capex: 5000.0
  wind_opex: 100
  wind_lifetime: 20
  solar_capex: 1000.0
  solar_opex: 10
  solar_lifetime: 20
  carbon_price: 1.0
timeseries_values:
  load_level: 234075.77217045467
  wind_year: 2018
  solar_year: 2014
  price_year: 2023
  carbon_year: 2023
storage_values:
  CAES:
    cost: 40.5322
    lifetime: 27.6562
    annual_cost: 1.4655737230711379
    efficiency: 0.594438
    discharge_ratio: 0.1
    depth_of_discharge: 0.4
  Li-ion:
    cost: 182.934
    lifetime: 22.3911
    annual_cost: 8.169942521805538
    efficiency: 0.867163
    discharge_ratio: 2
    depth_of_discharge: 0.9
  Pb-acid:
    cost: 112.88
    lifetime: 11.9928
    annual_cost: 9.412314055099726
    efficiency: 0.696985
    discharge_ratio: 5
    depth_of_discharge: 0.5
  VRBF:
    cost: 277.076
    lifetime: 16.9321
    annual_cost: 16.363947767849236
    efficiency: 0.748937
    discharge_ratio: 0.5
    depth_of_discharge: 1.0
