cost_values:
  wind_capex: 5000.0
  wind_opex: 100
  wind_lifetime: 20
  solar_capex: 1000.0
  solar_opex: 10
  solar_lifetime: 20
  carbon_price: 1.0
timeseries_values:
  load_level: 234075.77217045467
  wind_year: 2018
  solar_year: 2014
  price_year: 2023
  carbon_year: 2023
storage_values:
  CAES:
    cost: 37.6802
    lifetime: 28.2818
    annual_cost: 1.3323126533671832
    efficiency: 0.583445
    discharge_ratio: 0.1
    depth_of_discharge: 0.4
  Li-ion:
    cost: 169.536
    lifetime: 20.9862
    annual_cost: 8.078451553878264
    efficiency: 0.870747
    discharge_ratio: 2
    depth_of_discharge: 0.9
  Pb-acid:
    cost: 107.259
    lifetime: 12.5496
    annual_cost: 8.546806272709887
    efficiency: 0.709805
    discharge_ratio: 5
    depth_of_discharge: 0.5
  VRBF:
    cost: 304.981
    lifetime: 14.1603
    annual_cost: 21.537749906428537
    efficiency: 0.744751
    discharge_ratio: 0.5
    depth_of_discharge: 1.0
