cost_values:
  wind_capex: 5000.0
  wind_opex: 100
  wind_lifetime: 20
  solar_capex: 1000.0
  solar_opex: 10
  solar_lifetime: 20
  carbon_price: 1.0
timeseries_values:
  load_level: 234075.77217045467
  wind_year: 2018
  solar_year: 2014
  price_year: 2023
  carbon_year: 2023
storage_values:
  CAES:
    cost: 31.8214
    lifetime: 28.5885
    annual_cost: 1.1130839323504207
    efficiency: 0.581768
    discharge_ratio: 0.1
    depth_of_discharge: 0.4
  Li-ion:
    cost: 163.324
    lifetime: 19.5488
    annual_cost: 8.354681617285973
    efficiency: 0.855675
    discharge_ratio: 2
    depth_of_discharge: 0.9
  Pb-acid:
    cost: 134.565
    lifetime: 14.2006
    annual_cost: 9.476008055997633
    efficiency: 0.694243
    discharge_ratio: 5
    depth_of_discharge: 0.5
  VRBF:
    cost: 240.369
    lifetime: 16.3336
    annual_cost: 14.716229122789832
    efficiency: 0.752529
    discharge_ratio: 0.5
    depth_of_discharge: 1.0
