cost_values:
  wind_capex: 5000.0
  wind_opex: 100
  wind_lifetime: 20
  solar_capex: 1000.0
  solar_opex: 10
  solar_lifetime: 20
  carbon_price: 1.0
timeseries_values:
  load_level: 234075.77217045467
  wind_year: 2018
  solar_year: 2014
  price_year: 2023
  carbon_year: 2023
storage_values:
  CAES:
    cost: 45.8613
    lifetime: 28.3786
    annual_cost: 1.6160522365444385
    efficiency: 0.592321
    discharge_ratio: 0.1
    depth_of_discharge: 0.4
  Li-ion:
    cost: 174.512
    lifetime: 22.0317
    annual_cost: 7.920950267115111
    efficiency: 0.873463
    discharge_ratio: 2
    depth_of_discharge: 0.9
  Pb-acid:
    cost: 139.03
    lifetime: 15.0213
    annual_cost: 9.255523822838237
    efficiency: 0.67786
    discharge_ratio: 5
    depth_of_discharge: 0.5
  VRBF:
    cost: 248.45
    lifetime: 18.709
    annual_cost: 13.279704954834571
    efficiency: 0.736089
    discharge_ratio: 0.5
    depth_of_discharge: 1.0
