cost_values:
  wind_capex: 5000.0
  wind_opex: 100
  wind_lifetime: 20
  solar_capex: 1000.0
  solar_opex: 10
  solar_lifetime: 20
  carbon_price: 1.0
timeseries_values:
  load_level: 234075.77217045467
  wind_year: 2018
  solar_year: 2014
  price_year: 2023
  carbon_year: 2023
storage_values:
  CAES:
    cost: 41.2286
    lifetime: 29.4575
    annual_cost: 1.3995960281761861
    efficiency: 0.578153
    discharge_ratio: 0.1
    depth_of_discharge: 0.4
  Li-ion:
    cost: 164.838
    lifetime: 21.0027
    annual_cost: 7.848419488922852
    efficiency: 0.855751
    discharge_ratio: 2
    depth_of_discharge: 0.9
  Pb-acid:
    cost: 121.701
    lifetime: 12.5933
    annual_cost: 9.663948289963711
    efficiency: 0.687075
    discharge_ratio: 5
    depth_of_discharge: 0.5
  VRBF:
    cost: 272.24
    lifetime: 17.3264
    annual_cost: 15.71243882168252
    efficiency: 0.748386
    discharge_ratio: 0.5
    depth_of_discharge: 1.0
