cost_values:
  wind_capex: 5000.0
  wind_opex: 100
  wind_lifetime: 20
  solar_capex: 1000.0
  solar_opex: 10
  solar_lifetime: 20
  carbon_price: 1.0
timeseries_values:
  load_level: 234075.77217045467
  wind_year: 2018
  solar_year: 2014
  price_year: 2023
  carbon_year: 2023
storage_values:
  CAES:
    cost: 43.8919
    lifetime: 28.3621
    annual_cost: 1.5475546592107072
    efficiency: 0.584374
    discharge_ratio: 0.1
    depth_of_discharge: 0.4
  Li-ion:
    cost: 160.815
    lifetime: 21.6813
    annual_cost: 7.417221292081194
    efficiency: 0.858003
    discharge_ratio: 2
    depth_of_discharge: 0.9
  Pb-acid:
    cost: 108.667
    lifetime: 11.9821
    annual_cost: 9.069111424541607
    efficiency: 0.698459
    discharge_ratio: 5
    depth_of_discharge: 0.5
  VRBF:
    cost: 289.404
    lifetime: 16.6941
    annual_cost: 17.33570542886409
    efficiency: 0.75646
    discharge_ratio: 0.5
    depth_of_discharge: 1.0
