cost_values:
  wind_capex: 5000.0
  wind_opex: 100
  wind_lifetime: 20
  solar_capex: 1000.0
  solar_opex: 10
  solar_lifetime: 20
  carbon_price: 1.0
timeseries_values:
  load_level: 234075.77217045467
  wind_year: 2018
  solar_year: 2014
  price_year: 2023
  carbon_year: 2023
storage_values:
  CAES:
    cost: 38.0293
    lifetime: 29.0176
    annual_cost: 1.3105597981914423
    efficiency: 0.583254
    discharge_ratio: 0.1
    depth_of_discharge: 0.4
  Li-ion:
    cost: 156.022
    lifetime: 21.2691
    annual_cost: 7.335618338340597
    efficiency: 0.855641
    discharge_ratio: 2
    depth_of_discharge: 0.9
  Pb-acid:
    cost: 122.016
    lifetime: 12.3776
    annual_cost: 9.85780765253361
    efficiency: 0.693735
    discharge_ratio: 5
    depth_of_discharge: 0.5
  VRBF:
    cost: 275.473
    lifetime: 17.2148
    annual_cost: 16.00210284174083
    efficiency: 0.751276
    discharge_ratio: 0.5
    depth_of_discharge: 1.0
