cost_values:
  wind_capex: 5000.0
  wind_opex: 100
  wind_lifetime: 20
  solar_capex: 1000.0
  solar_opex: 10
  solar_lifetime: 20
  carbon_price: 1.0
timeseries_values:
  load_level: 234075.77217045467
  wind_year: 2018
  solar_year: 2014
  price_year: 2023
  carbon_year: 2023
storage_values:
  CAES:
    cost: 36.8185
    lifetime: 28.3846
    annual_cost: 1.297129429338444
    efficiency: 0.587138
    discharge_ratio: 0.1
    depth_of_discharge: 0.4
  Li-ion:
    cost: 164.323
    lifetime: 21.5929
    annual_cost: 7.610047747176155
    efficiency: 0.854241
    discharge_ratio: 2
    depth_of_discharge: 0.9
  Pb-acid:
    cost: 113.982
    lifetime: 12.5428
    annual_cost: 9.087444589724782
    efficiency: 0.711194
    discharge_ratio: 5
    depth_of_discharge: 0.5
  VRBF:
    cost: 263.462
    lifetime: 15.7033
    annual_cost: 16.777492628937864
    efficiency: 0.767228
    discharge_ratio: 0.5
    depth_of_discharge: 1.0
