cost_values:
  wind_capex: 5000.0
  wind_opex: 100
  wind_lifetime: 20
  solar_capex: 1000.0
  solar_opex: 10
  solar_lifetime: 20
  carbon_price: 1.0
timeseries_values:
  load_level: 234075.77217045467
  wind_year: 2018
  solar_year: 2014
  price_year: 2023
  carbon_year: 2023
storage_values:
  CAES:
    cost: 33.4161
    lifetime: 28.1696
    annual_cost: 1.1862468760649778
    efficiency: 0.589144
    discharge_ratio: 0.1
    depth_of_discharge: 0.4
  Li-ion:
    cost: 182.261
    lifetime: 18.8112
    annual_cost: 9.688961895041253
    efficiency: 0.860219
    discharge_ratio: 2
    depth_of_discharge: 0.9
  Pb-acid:
    cost: 116.024
    lifetime: 13.5352
    annual_cost: 8.572019622909156
    efficiency: 0.689388
    discharge_ratio: 5
    depth_of_discharge: 0.5
  VRBF:
    cost: 237.608
    lifetime: 18.9419
    annual_cost: 12.544042572286836
    efficiency: 0.756139
    discharge_ratio: 0.5
    depth_of_discharge: 1.0
