cost_values:
  wind_capex: 5000.0
  wind_opex: 100
  wind_lifetime: 20
  solar_capex: 1000.0
  solar_opex: 10
  solar_lifetime: 20
  carbon_price: 1.0
timeseries_values:
  load_level: 234075.77217045467
  wind_year: 2018
  solar_year: 2014
  price_year: 2023
  carbon_year: 2023
storage_values:
  CAES:
    cost: 38.2526
    lifetime: 28.6779
    annual_cost: 1.3338703322070304
    efficiency: 0.589682
    discharge_ratio: 0.1
    depth_of_discharge: 0.4
  Li-ion:
    cost: 171.184
    lifetime: 19.7831
    annual_cost: 8.653042243126709
    efficiency: 0.852573
    discharge_ratio: 2
    depth_of_discharge: 0.9
  Pb-acid:
    cost: 120.29
    lifetime: 14.6378
    annual_cost: 8.217764964680486
    efficiency: 0.697351
    discharge_ratio: 5
    depth_of_discharge: 0.5
  VRBF:
    cost: 240.562
    lifetime: 18.0268
    annual_cost: 13.344686799653848
    efficiency: 0.745412
    discharge_ratio: 0.5
    depth_of_discharge: 1.0
