cost_values:
  wind_capex: 5000.0
  wind_opex: 100
  wind_lifetime: 20
  solar_capex: 1000.0
  solar_opex: 10
  solar_lifetime: 20
  carbon_price: 1.0
timeseries_values:
  load_level: 234075.77217045467
  wind_year: 2018
  solar_year: 2014
  price_year: 2023
  carbon_year: 2023
storage_values:
  CAES:
    cost: 37.9219
    lifetime: 28.001
    annual_cost: 1.3543052033855933
    efficiency: 0.588871
    discharge_ratio: 0.1
    depth_of_discharge: 0.4
  Li-ion:
    cost: 159.408
    lifetime: 20.843
    annual_cost: 7.64803531161541
    efficiency: 0.859745
    discharge_ratio: 2
    depth_of_discharge: 0.9
  Pb-acid:
    cost: 107.308
    lifetime: 14.0459
    annual_cost: 7.639809481770482
    efficiency: 0.688344
    discharge_ratio: 5
    depth_of_discharge: 0.5
  VRBF:
    cost: 263.829
    lifetime: 16.8301
    annual_cost: 15.676020938675348
    efficiency: 0.74003
    discharge_ratio: 0.5
    depth_of_discharge: 1.0
