cost_values:
  wind_capex: 5000.0
  wind_opex: 100
  wind_lifetime: 20
  solar_capex: 1000.0
  solar_opex: 10
  solar_lifetime: 20
  carbon_price: 1.0
timeseries_values:
  load_level: 234075.77217045467
  wind_year: 2018
  solar_year: 2014
  price_year: 2023
  carbon_year: 2023
storage_values:
  CAES:
    cost: 41.046
    lifetime: 28.3567
    annual_cost: 1.4474886005776413
    efficiency: 0.587562
    discharge_ratio: 0.1
    depth_of_discharge: 0.4
  Li-ion:
    cost: 183.654
    lifetime: 21.3153
    annual_cost: 8.616064517037058
    efficiency: 0.8559
    discharge_ratio: 2
    depth_of_discharge: 0.9
  Pb-acid:
    cost: 107.542
    lifetime: 12.2803
    annual_cost: 8.757277916663273
    efficiency: 0.691809
    discharge_ratio: 5
    depth_of_discharge: 0.5
  VRBF:
    cost: 264.805
    lifetime: 16.4477
    annual_cost: 16.099819427640337
    efficiency: 0.740642
    discharge_ratio: 0.5
    depth_of_discharge: 1.0
