cost_values:
  wind_capex: 5000.0
  wind_opex: 100
  wind_lifetime: 20
  solar_capex: 1000.0
  solar_opex: 10
  solar_lifetime: 20
  carbon_price: 1.0
timeseries_values:
  load_level: 234075.77217045467
  wind_year: 2018
  solar_year: 2014
  price_year: 2023
  carbon_year: 2023
storage_values:
  CAES:
    cost: 36.5186
    lifetime: 28.8959
    annual_cost: 1.2637986703996067
    efficiency: 0.584559
    discharge_ratio: 0.1
    depth_of_discharge: 0.4
  Li-ion:
    cost: 161.45
    lifetime: 22.3183
    annual_cost: 7.233973913783755
    efficiency: 0.866504
    discharge_ratio: 2
    depth_of_discharge: 0.9
  Pb-acid:
    cost: 126.179
    lifetime: 13.0562
    annual_cost: 9.664297421914492
    efficiency: 0.720725
    discharge_ratio: 5
    depth_of_discharge: 0.5
  VRBF:
    cost: 284.526
    lifetime: 15.1546
    annual_cost: 18.774893431697308
    efficiency: 0.771957
    discharge_ratio: 0.5
    depth_of_discharge: 1.0
