cost_values:
  wind_capex: 5000.0
  wind_opex: 100
  wind_lifetime: 20
  solar_capex: 1000.0
  solar_opex: 10
  solar_lifetime: 20
  carbon_price: 1.0
timeseries_values:
  load_level: 234075.77217045467
  wind_year: 2018
  solar_year: 2014
  price_year: 2023
  carbon_year: 2023
storage_values:
  CAES:
    cost: 39.3848
    lifetime: 28.5603
    annual_cost: 1.3790051224952118
    efficiency: 0.580199
    discharge_ratio: 0.1
    depth_of_discharge: 0.4
  Li-ion:
    cost: 159.972
    lifetime: 19.7704
    annual_cost: 8.091490308744387
    efficiency: 0.863933
    discharge_ratio: 2
    depth_of_discharge: 0.9
  Pb-acid:
    cost: 86.127
    lifetime: 12.4922
    annual_cost: 6.894462144378092
    efficiency: 0.686279
    discharge_ratio: 5
    depth_of_discharge: 0.5
  VRBF:
    cost: 290.041
    lifetime: 17.3513
    annual_cost: 16.71580803743812
    efficiency: 0.751585
    discharge_ratio: 0.5
    depth_of_discharge: 1.0
