cost_values:
  wind_capex: 5000.0
  wind_opex: 100
  wind_lifetime: 20
  solar_capex: 1000.0
  solar_opex: 10
  solar_lifetime: 20
  carbon_price: 1.0
timeseries_values:
  load_level: 234075.77217045467
  wind_year: 2018
  solar_year: 2014
  price_year: 2023
  carbon_year: 2023
storage_values:
  CAES:
    cost: 36.1553
    lifetime: 27.7988
    annual_cost: 1.3006065010000432
    efficiency: 0.57569
    discharge_ratio: 0.1
    depth_of_discharge: 0.4
  Li-ion:
    cost: 173.192
    lifetime: 21.6041
    annual_cost: 8.016626473678608
    efficiency: 0.862805
    discharge_ratio: 2
    depth_of_discharge: 0.9
  Pb-acid:
    cost: 113.753
    lifetime: 14.2991
    annual_cost: 7.95525592519809
    efficiency: 0.68652
    discharge_ratio: 5
    depth_of_discharge: 0.5
  VRBF:
    cost: 309.143
    lifetime: 14.0041
    annual_cost: 22.075177983590518
    efficiency: 0.75351
    discharge_ratio: 0.5
    depth_of_discharge: 1.0
