cost_values:
  wind_capex: 5000.0
  wind_opex: 100
  wind_lifetime: 20
  solar_capex: 1000.0
  solar_opex: 10
  solar_lifetime: 20
  carbon_price: 1.0
timeseries_values:
  load_level: 234075.77217045467
  wind_year: 2018
  solar_year: 2014
  price_year: 2023
  carbon_year: 2023
storage_values:
  CAES:
    cost: 42.1083
    lifetime: 28.5773
    annual_cost: 1.4734876982780039
    efficiency: 0.58582
    discharge_ratio: 0.1
    depth_of_discharge: 0.4
  Li-ion:
    cost: 161.547
    lifetime: 19.6446
    annual_cost: 8.223481262026205
    efficiency: 0.856835
    discharge_ratio: 2
    depth_of_discharge: 0.9
  Pb-acid:
    cost: 112.848
    lifetime: 13.6374
    annual_cost: 8.27489110827577
    efficiency: 0.681521
    discharge_ratio: 5
    depth_of_discharge: 0.5
  VRBF:
    cost: 280.18
    lifetime: 15.4714
    annual_cost: 18.10954406194656
    efficiency: 0.766362
    discharge_ratio: 0.5
    depth_of_discharge: 1.0
