cost_values:
  wind_capex: 5000.0
  wind_opex: 100
  wind_lifetime: 20
  solar_capex: 1000.0
  solar_opex: 10
  solar_lifetime: 20
  carbon_price: 1.0
timeseries_values:
  load_level: 234075.77217045467
  wind_year: 2018
  solar_year: 2014
  price_year: 2023
  carbon_year: 2023
storage_values:
  CAES:
    cost: 44.2922
    lifetime: 29.075
    annual_cost: 1.5233774720550302
    efficiency: 0.587951
    discharge_ratio: 0.1
    depth_of_discharge: 0.4
  Li-ion:
    cost: 161.517
    lifetime: 20.2718
    annual_cost: 7.967570713996784
    efficiency: 0.863337
    discharge_ratio: 2
    depth_of_discharge: 0.9
  Pb-acid:
    cost: 111.407
    lifetime: 13.1454
    annual_cost: 8.474979840856877
    efficiency: 0.687306
    discharge_ratio: 5
    depth_of_discharge: 0.5
  VRBF:
    cost: 279.531
    lifetime: 15.8025
    annual_cost: 17.6890365448505
    efficiency: 0.7615
    discharge_ratio: 0.5
    depth_of_discharge: 1.0
