cost_values:
  wind_capex: 5000.0
  wind_opex: 100
  wind_lifetime: 20
  solar_capex: 1000.0
  solar_opex: 10
  solar_lifetime: 20
  carbon_price: 1.0
timeseries_values:
  load_level: 234075.77217045467
  wind_year: 2018
  solar_year: 2014
  price_year: 2023
  carbon_year: 2023
storage_values:
  CAES:
    cost: 41.3094
    lifetime: 27.7247
    annual_cost: 1.4899854642250412
    efficiency: 0.594962
    discharge_ratio: 0.1
    depth_of_discharge: 0.4
  Li-ion:
    cost: 177.686
    lifetime: 22.7089
    annual_cost: 7.824509333345077
    efficiency: 0.852678
    discharge_ratio: 2
    depth_of_discharge: 0.9
  Pb-acid:
    cost: 100.57
    lifetime: 13.602
    annual_cost: 7.393765622702543
    efficiency: 0.69537
    discharge_ratio: 5
    depth_of_discharge: 0.5
  VRBF:
    cost: 277.993
    lifetime: 18.6779
    annual_cost: 14.883525449863207
    efficiency: 0.769832
    discharge_ratio: 0.5
    depth_of_discharge: 1.0
