cost_values:
  wind_capex: 5000.0
  wind_opex: 100
  wind_lifetime: 20
  solar_capex: 1000.0
  solar_opex: 10
  solar_lifetime: 20
  carbon_price: 1.0
timeseries_values:
  load_level: 234075.77217045467
  wind_year: 2018
  solar_year: 2014
  price_year: 2023
  carbon_year: 2023
storage_values:
  CAES:
    cost: 40.753
    lifetime: 28.0894
    annual_cost: 1.4508319864432846
    efficiency: 0.582589
    discharge_ratio: 0.1
    depth_of_discharge: 0.4
  Li-ion:
    cost: 171.821
    lifetime: 21.3729
    annual_cost: 8.039199172784226
    efficiency: 0.860638
    discharge_ratio: 2
    depth_of_discharge: 0.9
  Pb-acid:
    cost: 110.009
    lifetime: 15.7557
    annual_cost: 6.982171531572701
    efficiency: 0.696052
    discharge_ratio: 5
    depth_of_discharge: 0.5
  VRBF:
    cost: 255.423
    lifetime: 16.7768
    annual_cost: 15.224774688856039
    efficiency: 0.748595
    discharge_ratio: 0.5
    depth_of_discharge: 1.0
