cost_values:
  wind_capex: 5000.0
  wind_opex: 100
  wind_lifetime: 20
  solar_capex: 1000.0
  solar_opex: 10
  solar_lifetime: 20
  carbon_price: 1.0
timeseries_values:
  load_level: 234075.77217045467
  wind_year: 2018
  solar_year: 2014
  price_year: 2023
  carbon_year: 2023
storage_values:
  CAES:
    cost: 31.2253
    lifetime: 29.1311
    annual_cost: 1.071888806121293
    efficiency: 0.58414
    discharge_ratio: 0.1
    depth_of_discharge: 0.4
  Li-ion:
    cost: 163.103
    lifetime: 19.7876
    annual_cost: 8.242687339545979
    efficiency: 0.86515
    discharge_ratio: 2
    depth_of_discharge: 0.9
  Pb-acid:
    cost: 99.2042
    lifetime: 13.2596
    annual_cost: 7.48168873872515
    efficiency: 0.686282
    discharge_ratio: 5
    depth_of_discharge: 0.5
  VRBF:
    cost: 237.331
    lifetime: 13.7786
    annual_cost: 17.22460917654914
    efficiency: 0.75712
    discharge_ratio: 0.5
    depth_of_discharge: 1.0
