cost_values:
  wind_capex: 5000.0
  wind_opex: 100
  wind_lifetime: 20
  solar_capex: 1000.0
  solar_opex: 10
  solar_lifetime: 20
  carbon_price: 1.0
timeseries_values:
  load_level: 234075.77217045467
  wind_year: 2018
  solar_year: 2014
  price_year: 2023
  carbon_year: 2023
storage_values:
  CAES:
    cost: 31.2475
    lifetime: 28.0668
    annual_cost: 1.1133260649593113
    efficiency: 0.592229
    discharge_ratio: 0.1
    depth_of_discharge: 0.4
  Li-ion:
    cost: 175.98
    lifetime: 20.616
    annual_cost: 8.536088474970896
    efficiency: 0.857954
    discharge_ratio: 2
    depth_of_discharge: 0.9
  Pb-acid:
    cost: 95.7693
    lifetime: 16.0262
    annual_cost: 5.975795884239558
    efficiency: 0.694584
    discharge_ratio: 5
    depth_of_discharge: 0.5
  VRBF:
    cost: 257.986
    lifetime: 15.4039
    annual_cost: 16.748096261336414
    efficiency: 0.75272
    discharge_ratio: 0.5
    depth_of_discharge: 1.0
