cost_values:
  wind_capex: 5000.0
  wind_opex: 100
  wind_lifetime: 20
  solar_capex: 1000.0
  solar_opex: 10
  solar_lifetime: 20
  carbon_price: 1.0
timeseries_values:
  load_level: 234075.77217045467
  wind_year: 2018
  solar_year: 2014
  price_year: 2023
  carbon_year: 2023
storage_values:
  CAES:
    cost: 39.1236
    lifetime: 29.4381
    annual_cost: 1.3290124022949852
    efficiency: 0.582741
    discharge_ratio: 0.1
    depth_of_discharge: 0.4
  Li-ion:
    cost: 180.749
    lifetime: 19.5138
    annual_cost: 9.26262439914317
    efficiency: 0.857827
    discharge_ratio: 2
    depth_of_discharge: 0.9
  Pb-acid:
    cost: 130.004
    lifetime: 15.5882
    annual_cost: 8.339898128071232
    efficiency: 0.687624
    discharge_ratio: 5
    depth_of_discharge: 0.5
  VRBF:
    cost: 257.985
    lifetime: 13.6398
    annual_cost: 18.914133638323143
    efficiency: 0.758927
    discharge_ratio: 0.5
    depth_of_discharge: 1.0
