cost_values:
  wind_capex: 5000.0
  wind_opex: 100
  wind_lifetime: 20
  solar_capex: 1000.0
  solar_opex: 10
  solar_lifetime: 20
  carbon_price: 1.0
timeseries_values:
  load_level: 234075.77217045467
  wind_year: 2018
  solar_year: 2014
  price_year: 2023
  carbon_year: 2023
storage_values:
  CAES:
    cost: 43.4404
    lifetime: 28.2277
    annual_cost: 1.5389280741966225
    efficiency: 0.583623
    discharge_ratio: 0.1
    depth_of_discharge: 0.4
  Li-ion:
    cost: 162.418
    lifetime: 19.9244
    annual_cost: 8.151713476942845
    efficiency: 0.861039
    discharge_ratio: 2
    depth_of_discharge: 0.9
  Pb-acid:
    cost: 114.958
    lifetime: 13.6884
    annual_cost: 8.39820578007656
    efficiency: 0.693326
    discharge_ratio: 5
    depth_of_discharge: 0.5
  VRBF:
    cost: 275.83
    lifetime: 17.1015
    annual_cost: 16.128994532643333
    efficiency: 0.759105
    discharge_ratio: 0.5
    depth_of_discharge: 1.0
