cost_values:
  wind_capex: 5000.0
  wind_opex: 100
  wind_lifetime: 20
  solar_capex: 1000.0
  solar_opex: 10
  solar_lifetime: 20
  carbon_price: 1.0
timeseries_values:
  load_level: 234075.77217045467
  wind_year: 2018
  solar_year: 2014
  price_year: 2023
  carbon_year: 2023
storage_values:
  CAES:
    cost: 32.8042
    lifetime: 28.9674
    annual_cost: 1.1324523429786588
    efficiency: 0.586481
    discharge_ratio: 0.1
    depth_of_discharge: 0.4
  Li-ion:
    cost: 151.494
    lifetime: 20.0102
    annual_cost: 7.57083887217519
    efficiency: 0.851146
    discharge_ratio: 2
    depth_of_discharge: 0.9
  Pb-acid:
    cost: 105.816
    lifetime: 14.1526
    annual_cost: 7.476788717267499
    efficiency: 0.678989
    discharge_ratio: 5
    depth_of_discharge: 0.5
  VRBF:
    cost: 249.476
    lifetime: 16.7559
    annual_cost: 14.88884512321033
    efficiency: 0.760729
    discharge_ratio: 0.5
    depth_of_discharge: 1.0
