cost_values:
  wind_capex: 5000.0
  wind_opex: 100
  wind_lifetime: 20
  solar_capex: 1000.0
  solar_opex: 10
  solar_lifetime: 20
  carbon_price: 1.0
timeseries_values:
  load_level: 234075.77217045467
  wind_year: 2018
  solar_year: 2014
  price_year: 2023
  carbon_year: 2023
storage_values:
  CAES:
    cost: 39.4662
    lifetime: 29.5892
    annual_cost: 1.3338042258661944
    efficiency: 0.582412
    discharge_ratio: 0.1
    depth_of_discharge: 0.4
  Li-ion:
    cost: 173.488
    lifetime: 21.4409
    annual_cost: 8.091451384969847
    efficiency: 0.855956
    discharge_ratio: 2
    depth_of_discharge: 0.9
  Pb-acid:
    cost: 100.331
    lifetime: 14.3355
    annual_cost: 6.9987792542987695
    efficiency: 0.688818
    discharge_ratio: 5
    depth_of_discharge: 0.5
  VRBF:
    cost: 273.079
    lifetime: 16.6821
    annual_cost: 16.3695817672835
    efficiency: 0.763217
    discharge_ratio: 0.5
    depth_of_discharge: 1.0
