cost_values:
  wind_capex: 5000.0
  wind_opex: 100
  wind_lifetime: 20
  solar_capex: 1000.0
  solar_opex: 10
  solar_lifetime: 20
  carbon_price: 1.0
timeseries_values:
  load_level: 234075.77217045467
  wind_year: 2018
  solar_year: 2014
  price_year: 2023
  carbon_year: 2023
storage_values:
  CAES:
    cost: 43.1684
    lifetime: 27.2727
    annual_cost: 1.5828429161762494
    efficiency: 0.582628
    discharge_ratio: 0.1
    depth_of_discharge: 0.4
  Li-ion:
    cost: 165.856
    lifetime: 20.1104
    annual_cost: 8.247275041769432
    efficiency: 0.86121
    discharge_ratio: 2
    depth_of_discharge: 0.9
  Pb-acid:
    cost: 111.442
    lifetime: 12.3904
    annual_cost: 8.994221332644628
    efficiency: 0.690976
    discharge_ratio: 5
    depth_of_discharge: 0.5
  VRBF:
    cost: 268.011
    lifetime: 15.4555
    annual_cost: 17.34081718482094
    efficiency: 0.752789
    discharge_ratio: 0.5
    depth_of_discharge: 1.0
