cost_values:
  wind_capex: 5000.0
  wind_opex: 100
  wind_lifetime: 20
  solar_capex: 1000.0
  solar_opex: 10
  solar_lifetime: 20
  carbon_price: 1.0
timeseries_values:
  load_level: 234075.77217045467
  wind_year: 2018
  solar_year: 2014
  price_year: 2023
  carbon_year: 2023
storage_values:
  CAES:
    cost: 40.4037
    lifetime: 29.0024
    annual_cost: 1.3931157421454776
    efficiency: 0.58453
    discharge_ratio: 0.1
    depth_of_discharge: 0.4
  Li-ion:
    cost: 164.869
    lifetime: 22.4091
    annual_cost: 7.357234337835969
    efficiency: 0.869206
    discharge_ratio: 2
    depth_of_discharge: 0.9
  Pb-acid:
    cost: 94.5203
    lifetime: 12.7186
    annual_cost: 7.431659144874436
    efficiency: 0.702605
    discharge_ratio: 5
    depth_of_discharge: 0.5
  VRBF:
    cost: 280.409
    lifetime: 18.2133
    annual_cost: 15.395837108047415
    efficiency: 0.750671
    discharge_ratio: 0.5
    depth_of_discharge: 1.0
