cost_values:
  wind_capex: 5000.0
  wind_opex: 100
  wind_lifetime: 20
  solar_capex: 1000.0
  solar_opex: 10
  solar_lifetime: 20
  carbon_price: 1.0
timeseries_values:
  load_level: 234075.77217045467
  wind_year: 2018
  solar_year: 2014
  price_year: 2023
  carbon_year: 2023
storage_values:
  CAES:
    cost: 42.4801
    lifetime: 28.3538
    annual_cost: 1.4982154067532394
    efficiency: 0.592957
    discharge_ratio: 0.1
    depth_of_discharge: 0.4
  Li-ion:
    cost: 174.762
    lifetime: 22.0757
    annual_cost: 7.916487359404232
    efficiency: 0.863998
    discharge_ratio: 2
    depth_of_discharge: 0.9
  Pb-acid:
    cost: 103.084
    lifetime: 12.0461
    annual_cost: 8.557458430529383
    efficiency: 0.686759
    discharge_ratio: 5
    depth_of_discharge: 0.5
  VRBF:
    cost: 299.118
    lifetime: 18.1959
    annual_cost: 16.438758181788202
    efficiency: 0.763613
    discharge_ratio: 0.5
    depth_of_discharge: 1.0
