cost_values:
  wind_capex: 5000.0
  wind_opex: 100
  wind_lifetime: 20
  solar_capex: 1000.0
  solar_opex: 10
  solar_lifetime: 20
  carbon_price: 1.0
timeseries_values:
  load_level: 234075.77217045467
  wind_year: 2018
  solar_year: 2014
  price_year: 2023
  carbon_year: 2023
storage_values:
  CAES:
    cost: 30.4455
    lifetime: 28.5982
    annual_cost: 1.0645949745088852
    efficiency: 0.592762
    discharge_ratio: 0.1
    depth_of_discharge: 0.4
  Li-ion:
    cost: 179.17
    lifetime: 20.3864
    annual_cost: 8.78870227210297
    efficiency: 0.85351
    discharge_ratio: 2
    depth_of_discharge: 0.9
  Pb-acid:
    cost: 104.1
    lifetime: 13.9577
    annual_cost: 7.458248851888205
    efficiency: 0.694363
    discharge_ratio: 5
    depth_of_discharge: 0.5
  VRBF:
    cost: 297.166
    lifetime: 18.833
    annual_cost: 15.779004938140499
    efficiency: 0.750055
    discharge_ratio: 0.5
    depth_of_discharge: 1.0
