cost_values:
  wind_capex: 5000.0
  wind_opex: 100
  wind_lifetime: 20
  solar_capex: 1000.0
  solar_opex: 10
  solar_lifetime: 20
  carbon_price: 1.0
timeseries_values:
  load_level: 234075.77217045467
  wind_year: 2018
  solar_year: 2014
  price_year: 2023
  carbon_year: 2023
storage_values:
  CAES:
    cost: 48.0191
    lifetime: 29.3171
    annual_cost: 1.63792121321686
    efficiency: 0.5968
    discharge_ratio: 0.1
    depth_of_discharge: 0.4
  Li-ion:
    cost: 195.811
    lifetime: 19.5266
    annual_cost: 10.027910644966354
    efficiency: 0.857515
    discharge_ratio: 2
    depth_of_discharge: 0.9
  Pb-acid:
    cost: 112.97
    lifetime: 13.749
    annual_cost: 8.216597570732416
    efficiency: 0.704235
    discharge_ratio: 5
    depth_of_discharge: 0.5
  VRBF:
    cost: 246.273
    lifetime: 15.3228
    annual_cost: 16.072323596209568
    efficiency: 0.755461
    discharge_ratio: 0.5
    depth_of_discharge: 1.0
