cost_values:
  wind_capex: 5000.0
  wind_opex: 100
  wind_lifetime: 20
  solar_capex: 1000.0
  solar_opex: 10
  solar_lifetime: 20
  carbon_price: 1.0
timeseries_values:
  load_level: 234075.77217045467
  wind_year: 2018
  solar_year: 2014
  price_year: 2023
  carbon_year: 2023
storage_values:
  CAES:
    cost: 37.7418
    lifetime: 29.4297
    annual_cost: 1.2824391685949907
    efficiency: 0.593244
    discharge_ratio: 0.1
    depth_of_discharge: 0.4
  Li-ion:
    cost: 157.395
    lifetime: 20.3152
    annual_cost: 7.747647081987871
    efficiency: 0.857508
    discharge_ratio: 2
    depth_of_discharge: 0.9
  Pb-acid:
    cost: 110.07
    lifetime: 14.0199
    annual_cost: 7.85098324524426
    efficiency: 0.701038
    discharge_ratio: 5
    depth_of_discharge: 0.5
  VRBF:
    cost: 263.904
    lifetime: 16.5085
    annual_cost: 15.98594663355241
    efficiency: 0.762163
    discharge_ratio: 0.5
    depth_of_discharge: 1.0
