cost_values:
  wind_capex: 5000.0
  wind_opex: 100
  wind_lifetime: 20
  solar_capex: 1000.0
  solar_opex: 10
  solar_lifetime: 20
  carbon_price: 1.0
timeseries_values:
  load_level: 234075.77217045467
  wind_year: 2018
  solar_year: 2014
  price_year: 2023
  carbon_year: 2023
storage_values:
  CAES:
    cost: 40.3836
    lifetime: 28.5556
    annual_cost: 1.4142094720475145
    efficiency: 0.58846
    discharge_ratio: 0.1
    depth_of_discharge: 0.4
  Li-ion:
    cost: 181.59
    lifetime: 20.767
    annual_cost: 8.744161409929214
    efficiency: 0.874732
    discharge_ratio: 2
    depth_of_discharge: 0.9
  Pb-acid:
    cost: 102.904
    lifetime: 13.6562
    annual_cost: 7.535331937142104
    efficiency: 0.684487
    discharge_ratio: 5
    depth_of_discharge: 0.5
  VRBF:
    cost: 256.253
    lifetime: 15.2875
    annual_cost: 16.762256745707276
    efficiency: 0.745443
    discharge_ratio: 0.5
    depth_of_discharge: 1.0
