cost_values:
  wind_capex: 5000.0
  wind_opex: 100
  wind_lifetime: 20
  solar_capex: 1000.0
  solar_opex: 10
  solar_lifetime: 20
  carbon_price: 1.0
timeseries_values:
  load_level: 234075.77217045467
  wind_year: 2018
  solar_year: 2014
  price_year: 2023
  carbon_year: 2023
storage_values:
  CAES:
    cost: 40.9095
    lifetime: 28.1219
    annual_cost: 1.4547203425088633
    efficiency: 0.583711
    discharge_ratio: 0.1
    depth_of_discharge: 0.4
  Li-ion:
    cost: 142.421
    lifetime: 19.5128
    annual_cost: 7.298849985650445
    efficiency: 0.861688
    discharge_ratio: 2
    depth_of_discharge: 0.9
  Pb-acid:
    cost: 123.061
    lifetime: 13.6507
    annual_cost: 9.01499556799285
    efficiency: 0.690029
    discharge_ratio: 5
    depth_of_discharge: 0.5
  VRBF:
    cost: 272.47
    lifetime: 16.5691
    annual_cost: 16.4444659033985
    efficiency: 0.75672
    discharge_ratio: 0.5
    depth_of_discharge: 1.0
