cost_values:
  wind_capex: 5000.0
  wind_opex: 100
  wind_lifetime: 20
  solar_capex: 1000.0
  solar_opex: 10
  solar_lifetime: 20
  carbon_price: 1.0
timeseries_values:
  load_level: 234075.77217045467
  wind_year: 2018
  solar_year: 2014
  price_year: 2023
  carbon_year: 2023
storage_values:
  CAES:
    cost: 42.9607
    lifetime: 28.6773
    annual_cost: 1.49807338905685
    efficiency: 0.59322
    discharge_ratio: 0.1
    depth_of_discharge: 0.4
  Li-ion:
    cost: 139.851
    lifetime: 21.0674
    annual_cost: 6.638265756571765
    efficiency: 0.859599
    discharge_ratio: 2
    depth_of_discharge: 0.9
  Pb-acid:
    cost: 114.099
    lifetime: 13.7833
    annual_cost: 8.278061131949533
    efficiency: 0.698194
    discharge_ratio: 5
    depth_of_discharge: 0.5
  VRBF:
    cost: 273.885
    lifetime: 14.1785
    annual_cost: 19.316923510949678
    efficiency: 0.740556
    discharge_ratio: 0.5
    depth_of_discharge: 1.0
