cost_values:
  wind_capex: 5000.0
  wind_opex: 100
  wind_lifetime: 20
  solar_capex: 1000.0
  solar_opex: 10
  solar_lifetime: 20
  carbon_price: 1.0
timeseries_values:
  load_level: 234075.77217045467
  wind_year: 2018
  solar_year: 2014
  price_year: 2023
  carbon_year: 2023
storage_values:
  CAES:
    cost: 36.3686
    lifetime: 28.4521
    annual_cost: 1.2782395675538887
    efficiency: 0.580369
    discharge_ratio: 0.1
    depth_of_discharge: 0.4
  Li-ion:
    cost: 168.713
    lifetime: 20.438
    annual_cost: 8.254868382424895
    efficiency: 0.8518
    discharge_ratio: 2
    depth_of_discharge: 0.9
  Pb-acid:
    cost: 118.685
    lifetime: 12.8591
    annual_cost: 9.22965059763125
    efficiency: 0.700976
    discharge_ratio: 5
    depth_of_discharge: 0.5
  VRBF:
    cost: 261.022
    lifetime: 13.7954
    annual_cost: 18.920944662713655
    efficiency: 0.751387
    discharge_ratio: 0.5
    depth_of_discharge: 1.0
