cost_values:
  wind_capex: 5000.0
  wind_opex: 100
  wind_lifetime: 20
  solar_capex: 1000.0
  solar_opex: 10
  solar_lifetime: 20
  carbon_price: 1.0
timeseries_values:
  load_level: 234075.77217045467
  wind_year: 2018
  solar_year: 2014
  price_year: 2023
  carbon_year: 2023
storage_values:
  CAES:
    cost: 39.4079
    lifetime: 28.6525
    annual_cost: 1.3753738766250763
    efficiency: 0.580202
    discharge_ratio: 0.1
    depth_of_discharge: 0.4
  Li-ion:
    cost: 155.144
    lifetime: 19.6559
    annual_cost: 7.892999048631709
    efficiency: 0.865614
    discharge_ratio: 2
    depth_of_discharge: 0.9
  Pb-acid:
    cost: 113.001
    lifetime: 13.1009
    annual_cost: 8.625437947011275
    efficiency: 0.690172
    discharge_ratio: 5
    depth_of_discharge: 0.5
  VRBF:
    cost: 273.204
    lifetime: 15.398
    annual_cost: 17.74282374334329
    efficiency: 0.735388
    discharge_ratio: 0.5
    depth_of_discharge: 1.0
