cost_values:
  wind_capex: 5000.0
  wind_opex: 100
  wind_lifetime: 20
  solar_capex: 1000.0
  solar_opex: 10
  solar_lifetime: 20
  carbon_price: 1.0
timeseries_values:
  load_level: 234075.77217045467
  wind_year: 2018
  solar_year: 2014
  price_year: 2023
  carbon_year: 2023
storage_values:
  CAES:
    cost: 36.9347
    lifetime: 27.7529
    annual_cost: 1.3308411012903156
    efficiency: 0.589749
    discharge_ratio: 0.1
    depth_of_discharge: 0.4
  Li-ion:
    cost: 163.331
    lifetime: 21.2414
    annual_cost: 7.68927660135396
    efficiency: 0.851984
    discharge_ratio: 2
    depth_of_discharge: 0.9
  Pb-acid:
    cost: 107.741
    lifetime: 12.0799
    annual_cost: 8.919030786678697
    efficiency: 0.685708
    discharge_ratio: 5
    depth_of_discharge: 0.5
  VRBF:
    cost: 298.713
    lifetime: 16.6113
    annual_cost: 17.98251792454534
    efficiency: 0.752858
    discharge_ratio: 0.5
    depth_of_discharge: 1.0
