cost_values:
  wind_capex: 5000.0
  wind_opex: 100
  wind_lifetime: 20
  solar_capex: 1000.0
  solar_opex: 10
  solar_lifetime: 20
  carbon_price: 1.0
timeseries_values:
  load_level: 234075.77217045467
  wind_year: 2018
  solar_year: 2014
  price_year: 2023
  carbon_year: 2023
storage_values:
  CAES:
    cost: 35.4747
    lifetime: 27.8531
    annual_cost: 1.2736356096807895
    efficiency: 0.595729
    discharge_ratio: 0.1
    depth_of_discharge: 0.4
  Li-ion:
    cost: 163.953
    lifetime: 23.6466
    annual_cost: 6.933470350917257
    efficiency: 0.860546
    discharge_ratio: 2
    depth_of_discharge: 0.9
  Pb-acid:
    cost: 115.35
    lifetime: 13.1156
    annual_cost: 8.794870230870108
    efficiency: 0.701131
    discharge_ratio: 5
    depth_of_discharge: 0.5
  VRBF:
    cost: 283.898
    lifetime: 14.4465
    annual_cost: 19.651680337798084
    efficiency: 0.752513
    discharge_ratio: 0.5
    depth_of_discharge: 1.0
