cost_values:
  wind_capex: 5000.0
  wind_opex: 100
  wind_lifetime: 20
  solar_capex: 1000.0
  solar_opex: 10
  solar_lifetime: 20
  carbon_price: 1.0
timeseries_values:
  load_level: 284606.18761491956
  wind_year: 2010
  solar_year: 2018
  price_year: 2023
  carbon_year: 2023
storage_values:
  CAES:
    cost: 36.6553
    lifetime: 27.3946
    annual_cost: 1.3380483744971636
    efficiency: 0.618345
    discharge_ratio: 0.1
    depth_of_discharge: 0.4
  Li-ion:
    cost: 171.115
    lifetime: 21.6865
    annual_cost: 7.890392640582852
    efficiency: 0.963712
    discharge_ratio: 2
    depth_of_discharge: 0.9
  Pb-acid:
    cost: 158.382
    lifetime: 13.4732
    annual_cost: 11.755336519906184
    efficiency: 0.709293
    discharge_ratio: 5
    depth_of_discharge: 0.5
  VRBF:
    cost: 178.79
    lifetime: 25.8227
    annual_cost: 6.923753131934305
    efficiency: 0.816687
    discharge_ratio: 0.5
    depth_of_discharge: 1.0
