cost_values:
  wind_capex: 5000.0
  wind_opex: 100
  wind_lifetime: 20
  solar_capex: 1000.0
  solar_opex: 10
  solar_lifetime: 20
  carbon_price: 1.0
timeseries_values:
  load_level: 284606.18761491956
  wind_year: 2010
  solar_year: 2018
  price_year: 2023
  carbon_year: 2023
storage_values:
  CAES:
    cost: 36.0757
    lifetime: 27.2199
    annual_cost: 1.3253428557783091
    efficiency: 0.626731
    discharge_ratio: 0.1
    depth_of_discharge: 0.4
  Li-ion:
    cost: 160.967
    lifetime: 22.7034
    annual_cost: 7.089995331095784
    efficiency: 0.947345
    discharge_ratio: 2
    depth_of_discharge: 0.9
  Pb-acid:
    cost: 178.8
    lifetime: 16.6465
    annual_cost: 10.740996605893132
    efficiency: 0.701194
    discharge_ratio: 5
    depth_of_discharge: 0.5
  VRBF:
    cost: 163.058
    lifetime: 25.4456
    annual_cost: 6.4081019901279594
    efficiency: 0.802453
    discharge_ratio: 0.5
    depth_of_discharge: 1.0
