cost_values:
  wind_capex: 5000.0
  wind_opex: 100
  wind_lifetime: 20
  solar_capex: 1000.0
  solar_opex: 10
  solar_lifetime: 20
  carbon_price: 1.0
timeseries_values:
  load_level: 284606.18761491956
  wind_year: 2010
  solar_year: 2018
  price_year: 2023
  carbon_year: 2023
storage_values:
  CAES:
    cost: 39.4006
    lifetime: 26.8193
    annual_cost: 1.4691136606846562
    efficiency: 0.614062
    discharge_ratio: 0.1
    depth_of_discharge: 0.4
  Li-ion:
    cost: 162.415
    lifetime: 19.8708
    annual_cost: 8.173551140366769
    efficiency: 0.949538
    discharge_ratio: 2
    depth_of_discharge: 0.9
  Pb-acid:
    cost: 142.166
    lifetime: 12.7777
    annual_cost: 11.126102506710911
    efficiency: 0.696547
    discharge_ratio: 5
    depth_of_discharge: 0.5
  VRBF:
    cost: 177.191
    lifetime: 23.3171
    annual_cost: 7.5991868628603045
    efficiency: 0.824238
    discharge_ratio: 0.5
    depth_of_discharge: 1.0
