cost_values:
  wind_capex: 5000.0
  wind_opex: 100
  wind_lifetime: 20
  solar_capex: 1000.0
  solar_opex: 10
  solar_lifetime: 20
  carbon_price: 1.0
timeseries_values:
  load_level: 284606.18761491956
  wind_year: 2010
  solar_year: 2018
  price_year: 2023
  carbon_year: 2023
storage_values:
  CAES:
    cost: 40.9025
    lifetime: 27.36
    annual_cost: 1.4949744152046784
    efficiency: 0.628099
    discharge_ratio: 0.1
    depth_of_discharge: 0.4
  Li-ion:
    cost: 153.821
    lifetime: 21.3843
    annual_cost: 7.193174431709244
    efficiency: 0.957075
    discharge_ratio: 2
    depth_of_discharge: 0.9
  Pb-acid:
    cost: 157.581
    lifetime: 12.7189
    annual_cost: 12.389514816532875
    efficiency: 0.689007
    discharge_ratio: 5
    depth_of_discharge: 0.5
  VRBF:
    cost: 139.276
    lifetime: 26.0355
    annual_cost: 5.349465153348313
    efficiency: 0.804484
    discharge_ratio: 0.5
    depth_of_discharge: 1.0
