cost_values:
  wind_capex: 5000.0
  wind_opex: 100
  wind_lifetime: 20
  solar_capex: 1000.0
  solar_opex: 10
  solar_lifetime: 20
  carbon_price: 1.0
timeseries_values:
  load_level: 284606.18761491956
  wind_year: 2010
  solar_year: 2018
  price_year: 2023
  carbon_year: 2023
storage_values:
  CAES:
    cost: 38.5401
    lifetime: 27.2383
    annual_cost: 1.414923104599039
    efficiency: 0.630463
    discharge_ratio: 0.1
    depth_of_discharge: 0.4
  Li-ion:
    cost: 160.747
    lifetime: 20.6285
    annual_cost: 7.7924715805802665
    efficiency: 0.957631
    discharge_ratio: 2
    depth_of_discharge: 0.9
  Pb-acid:
    cost: 158.543
    lifetime: 14.3913
    annual_cost: 11.016586409844837
    efficiency: 0.700002
    discharge_ratio: 5
    depth_of_discharge: 0.5
  VRBF:
    cost: 160.376
    lifetime: 26.3518
    annual_cost: 6.085959972373804
    efficiency: 0.824851
    discharge_ratio: 0.5
    depth_of_discharge: 1.0
