cost_values:
  wind_capex: 5000.0
  wind_opex: 100
  wind_lifetime: 20
  solar_capex: 1000.0
  solar_opex: 10
  solar_lifetime: 20
  carbon_price: 1.0
timeseries_values:
  load_level: 284606.18761491956
  wind_year: 2010
  solar_year: 2018
  price_year: 2023
  carbon_year: 2023
storage_values:
  CAES:
    cost: 41.4453
    lifetime: 28.9595
    annual_cost: 1.431146946597835
    efficiency: 0.621671
    discharge_ratio: 0.1
    depth_of_discharge: 0.4
  Li-ion:
    cost: 179.51
    lifetime: 21.026
    annual_cost: 8.537524969085894
    efficiency: 0.947408
    discharge_ratio: 2
    depth_of_discharge: 0.9
  Pb-acid:
    cost: 160.664
    lifetime: 11.7199
    annual_cost: 13.708649391206407
    efficiency: 0.688048
    discharge_ratio: 5
    depth_of_discharge: 0.5
  VRBF:
    cost: 136.064
    lifetime: 24.5477
    annual_cost: 5.542841080834457
    efficiency: 0.8151
    discharge_ratio: 0.5
    depth_of_discharge: 1.0
