cost_values:
  wind_capex: 5000.0
  wind_opex: 100
  wind_lifetime: 20
  solar_capex: 1000.0
  solar_opex: 10
  solar_lifetime: 20
  carbon_price: 1.0
timeseries_values:
  load_level: 284606.18761491956
  wind_year: 2010
  solar_year: 2018
  price_year: 2023
  carbon_year: 2023
storage_values:
  CAES:
    cost: 42.5954
    lifetime: 27.741
    annual_cost: 1.5354673587830288
    efficiency: 0.611801
    discharge_ratio: 0.1
    depth_of_discharge: 0.4
  Li-ion:
    cost: 162.487
    lifetime: 22.381
    annual_cost: 7.260041999910638
    efficiency: 0.950214
    discharge_ratio: 2
    depth_of_discharge: 0.9
  Pb-acid:
    cost: 140.601
    lifetime: 14.5959
    annual_cost: 9.632910611884158
    efficiency: 0.70962
    discharge_ratio: 5
    depth_of_discharge: 0.5
  VRBF:
    cost: 192.761
    lifetime: 24.5072
    annual_cost: 7.865484429065743
    efficiency: 0.820534
    discharge_ratio: 0.5
    depth_of_discharge: 1.0
