cost_values:
  wind_capex: 5000.0
  wind_opex: 100
  wind_lifetime: 20
  solar_capex: 1000.0
  solar_opex: 10
  solar_lifetime: 20
  carbon_price: 1.0
timeseries_values:
  load_level: 284606.18761491956
  wind_year: 2010
  solar_year: 2018
  price_year: 2023
  carbon_year: 2023
storage_values:
  CAES:
    cost: 35.3591
    lifetime: 27.1168
    annual_cost: 1.30395548147274
    efficiency: 0.618067
    discharge_ratio: 0.1
    depth_of_discharge: 0.4
  Li-ion:
    cost: 163.905
    lifetime: 19.1474
    annual_cost: 8.56017004919728
    efficiency: 0.946632
    discharge_ratio: 2
    depth_of_discharge: 0.9
  Pb-acid:
    cost: 162.818
    lifetime: 12.7882
    annual_cost: 12.73189346428739
    efficiency: 0.692361
    discharge_ratio: 5
    depth_of_discharge: 0.5
  VRBF:
    cost: 195.58
    lifetime: 26.4209
    annual_cost: 7.402473042174946
    efficiency: 0.834314
    discharge_ratio: 0.5
    depth_of_discharge: 1.0
