cost_values:
  wind_capex: 5000.0
  wind_opex: 100
  wind_lifetime: 20
  solar_capex: 1000.0
  solar_opex: 10
  solar_lifetime: 20
  carbon_price: 1.0
timeseries_values:
  load_level: 284606.18761491956
  wind_year: 2010
  solar_year: 2018
  price_year: 2023
  carbon_year: 2023
storage_values:
  CAES:
    cost: 42.1921
    lifetime: 26.5559
    annual_cost: 1.5888032414642321
    efficiency: 0.627949
    discharge_ratio: 0.1
    depth_of_discharge: 0.4
  Li-ion:
    cost: 155.06
    lifetime: 23.7339
    annual_cost: 6.533270975271658
    efficiency: 0.958015
    discharge_ratio: 2
    depth_of_discharge: 0.9
  Pb-acid:
    cost: 161.132
    lifetime: 15.2066
    annual_cost: 10.596188497099943
    efficiency: 0.696477
    discharge_ratio: 5
    depth_of_discharge: 0.5
  VRBF:
    cost: 180.157
    lifetime: 25.7512
    annual_cost: 6.996062319425891
    efficiency: 0.81599
    discharge_ratio: 0.5
    depth_of_discharge: 1.0
