cost_values:
  wind_capex: 5000.0
  wind_opex: 100
  wind_lifetime: 20
  solar_capex: 1000.0
  solar_opex: 10
  solar_lifetime: 20
  carbon_price: 1.0
timeseries_values:
  load_level: 284606.18761491956
  wind_year: 2010
  solar_year: 2018
  price_year: 2023
  carbon_year: 2023
storage_values:
  CAES:
    cost: 42.4213
    lifetime: 27.6984
    annual_cost: 1.5315433382433643
    efficiency: 0.620941
    discharge_ratio: 0.1
    depth_of_discharge: 0.4
  Li-ion:
    cost: 141.593
    lifetime: 21.9953
    annual_cost: 6.4374207216996355
    efficiency: 0.953231
    discharge_ratio: 2
    depth_of_discharge: 0.9
  Pb-acid:
    cost: 156.944
    lifetime: 13.6864
    annual_cost: 11.467149871405189
    efficiency: 0.690039
    discharge_ratio: 5
    depth_of_discharge: 0.5
  VRBF:
    cost: 141.616
    lifetime: 24.4746
    annual_cost: 5.786243697547662
    efficiency: 0.795889
    discharge_ratio: 0.5
    depth_of_discharge: 1.0
