cost_values:
  wind_capex: 5000.0
  wind_opex: 100
  wind_lifetime: 20
  solar_capex: 1000.0
  solar_opex: 10
  solar_lifetime: 20
  carbon_price: 1.0
timeseries_values:
  load_level: 284606.18761491956
  wind_year: 2010
  solar_year: 2018
  price_year: 2023
  carbon_year: 2023
storage_values:
  CAES:
    cost: 34.3625
    lifetime: 27.0673
    annual_cost: 1.2695207870751792
    efficiency: 0.624031
    discharge_ratio: 0.1
    depth_of_discharge: 0.4
  Li-ion:
    cost: 152.471
    lifetime: 23.0164
    annual_cost: 6.6244503918944755
    efficiency: 0.948736
    discharge_ratio: 2
    depth_of_discharge: 0.9
  Pb-acid:
    cost: 166.191
    lifetime: 15.7836
    annual_cost: 10.529346917053145
    efficiency: 0.678411
    discharge_ratio: 5
    depth_of_discharge: 0.5
  VRBF:
    cost: 166.853
    lifetime: 23.3965
    annual_cost: 7.131536768320048
    efficiency: 0.795091
    discharge_ratio: 0.5
    depth_of_discharge: 1.0
