cost_values:
  wind_capex: 5000.0
  wind_opex: 100
  wind_lifetime: 20
  solar_capex: 1000.0
  solar_opex: 10
  solar_lifetime: 20
  carbon_price: 1.0
timeseries_values:
  load_level: 284606.18761491956
  wind_year: 2010
  solar_year: 2018
  price_year: 2023
  carbon_year: 2023
storage_values:
  CAES:
    cost: 45.3011
    lifetime: 27.7352
    annual_cost: 1.6333431884392398
    efficiency: 0.606872
    discharge_ratio: 0.1
    depth_of_discharge: 0.4
  Li-ion:
    cost: 169.069
    lifetime: 21.0665
    annual_cost: 8.025490707996106
    efficiency: 0.95521
    discharge_ratio: 2
    depth_of_discharge: 0.9
  Pb-acid:
    cost: 157.661
    lifetime: 13.7593
    annual_cost: 11.458504429731164
    efficiency: 0.691581
    discharge_ratio: 5
    depth_of_discharge: 0.5
  VRBF:
    cost: 177.455
    lifetime: 23.8168
    annual_cost: 7.450833025427429
    efficiency: 0.814855
    discharge_ratio: 0.5
    depth_of_discharge: 1.0
