cost_values:
  wind_capex: 5000.0
  wind_opex: 100
  wind_lifetime: 20
  solar_capex: 1000.0
  solar_opex: 10
  solar_lifetime: 20
  carbon_price: 1.0
timeseries_values:
  load_level: 284606.18761491956
  wind_year: 2010
  solar_year: 2018
  price_year: 2023
  carbon_year: 2023
storage_values:
  CAES:
    cost: 41.3578
    lifetime: 27.6048
    annual_cost: 1.498210456152553
    efficiency: 0.621815
    discharge_ratio: 0.1
    depth_of_discharge: 0.4
  Li-ion:
    cost: 187.566
    lifetime: 22.5807
    annual_cost: 8.306474112848584
    efficiency: 0.956624
    discharge_ratio: 2
    depth_of_discharge: 0.9
  Pb-acid:
    cost: 147.496
    lifetime: 14.4612
    annual_cost: 10.1994301994302
    efficiency: 0.697341
    discharge_ratio: 5
    depth_of_discharge: 0.5
  VRBF:
    cost: 151.175
    lifetime: 25.7565
    annual_cost: 5.869392192262148
    efficiency: 0.78782
    discharge_ratio: 0.5
    depth_of_discharge: 1.0
