cost_values:
  wind_capex: 5000.0
  wind_opex: 100
  wind_lifetime: 20
  solar_capex: 1000.0
  solar_opex: 10
  solar_lifetime: 20
  carbon_price: 1.0
timeseries_values:
  load_level: 284606.18761491956
  wind_year: 2010
  solar_year: 2018
  price_year: 2023
  carbon_year: 2023
storage_values:
  CAES:
    cost: 39.9678
    lifetime: 26.8008
    annual_cost: 1.4912913047371719
    efficiency: 0.62615
    discharge_ratio: 0.1
    depth_of_discharge: 0.4
  Li-ion:
    cost: 160.852
    lifetime: 21.3464
    annual_cost: 7.535322115204438
    efficiency: 0.961613
    discharge_ratio: 2
    depth_of_discharge: 0.9
  Pb-acid:
    cost: 148.265
    lifetime: 12.566
    annual_cost: 11.798901798503898
    efficiency: 0.697093
    discharge_ratio: 5
    depth_of_discharge: 0.5
  VRBF:
    cost: 153.426
    lifetime: 25.1324
    annual_cost: 6.104709458706688
    efficiency: 0.808472
    discharge_ratio: 0.5
    depth_of_discharge: 1.0
