cost_values:
  wind_capex: 5000.0
  wind_opex: 100
  wind_lifetime: 20
  solar_capex: 1000.0
  solar_opex: 10
  solar_lifetime: 20
  carbon_price: 1.0
timeseries_values:
  load_level: 284606.18761491956
  wind_year: 2010
  solar_year: 2018
  price_year: 2023
  carbon_year: 2023
storage_values:
  CAES:
    cost: 33.3444
    lifetime: 27.4189
    annual_cost: 1.216110055472685
    efficiency: 0.614925
    discharge_ratio: 0.1
    depth_of_discharge: 0.4
  Li-ion:
    cost: 156.332
    lifetime: 19.8349
    annual_cost: 7.881663129130976
    efficiency: 0.957577
    discharge_ratio: 2
    depth_of_discharge: 0.9
  Pb-acid:
    cost: 154.618
    lifetime: 13.4805
    annual_cost: 11.469752605615518
    efficiency: 0.6863
    discharge_ratio: 5
    depth_of_discharge: 0.5
  VRBF:
    cost: 206.671
    lifetime: 23.7184
    annual_cost: 8.713530423637344
    efficiency: 0.827365
    discharge_ratio: 0.5
    depth_of_discharge: 1.0
