cost_values:
  wind_capex: 5000.0
  wind_opex: 100
  wind_lifetime: 20
  solar_capex: 1000.0
  solar_opex: 10
  solar_lifetime: 20
  carbon_price: 1.0
timeseries_values:
  load_level: 284606.18761491956
  wind_year: 2010
  solar_year: 2018
  price_year: 2023
  carbon_year: 2023
storage_values:
  CAES:
    cost: 37.5387
    lifetime: 27.9649
    annual_cost: 1.3423505894889665
    efficiency: 0.617507
    discharge_ratio: 0.1
    depth_of_discharge: 0.4
  Li-ion:
    cost: 161.573
    lifetime: 22.4622
    annual_cost: 7.193106641379741
    efficiency: 0.953558
    discharge_ratio: 2
    depth_of_discharge: 0.9
  Pb-acid:
    cost: 160.811
    lifetime: 13.9103
    annual_cost: 11.560570224941232
    efficiency: 0.69496
    discharge_ratio: 5
    depth_of_discharge: 0.5
  VRBF:
    cost: 152.124
    lifetime: 25.952
    annual_cost: 5.861744759556103
    efficiency: 0.802071
    discharge_ratio: 0.5
    depth_of_discharge: 1.0
