cost_values:
  wind_capex: 5000.0
  wind_opex: 100
  wind_lifetime: 20
  solar_capex: 1000.0
  solar_opex: 10
  solar_lifetime: 20
  carbon_price: 1.0
timeseries_values:
  load_level: 284606.18761491956
  wind_year: 2010
  solar_year: 2018
  price_year: 2023
  carbon_year: 2023
storage_values:
  CAES:
    cost: 39.0324
    lifetime: 28.0904
    annual_cost: 1.3895280950075473
    efficiency: 0.622024
    discharge_ratio: 0.1
    depth_of_discharge: 0.4
  Li-ion:
    cost: 145.297
    lifetime: 23.569
    annual_cost: 6.16475030760745
    efficiency: 0.950867
    discharge_ratio: 2
    depth_of_discharge: 0.9
  Pb-acid:
    cost: 157.146
    lifetime: 14.7921
    annual_cost: 10.623643701705639
    efficiency: 0.691642
    discharge_ratio: 5
    depth_of_discharge: 0.5
  VRBF:
    cost: 153.231
    lifetime: 26.9402
    annual_cost: 5.6878196895345985
    efficiency: 0.82147
    discharge_ratio: 0.5
    depth_of_discharge: 1.0
