cost_values:
  wind_capex: 5000.0
  wind_opex: 100
  wind_lifetime: 20
  solar_capex: 1000.0
  solar_opex: 10
  solar_lifetime: 20
  carbon_price: 1.0
timeseries_values:
  load_level: 284606.18761491956
  wind_year: 2010
  solar_year: 2018
  price_year: 2023
  carbon_year: 2023
storage_values:
  CAES:
    cost: 39.8459
    lifetime: 27.3381
    annual_cost: 1.4575226515375976
    efficiency: 0.631955
    discharge_ratio: 0.1
    depth_of_discharge: 0.4
  Li-ion:
    cost: 165.237
    lifetime: 22.6187
    annual_cost: 7.305327008183494
    efficiency: 0.966555
    discharge_ratio: 2
    depth_of_discharge: 0.9
  Pb-acid:
    cost: 174.843
    lifetime: 14.2978
    annual_cost: 12.228664549790876
    efficiency: 0.710071
    discharge_ratio: 5
    depth_of_discharge: 0.5
  VRBF:
    cost: 167.533
    lifetime: 24.3556
    annual_cost: 6.878623396672634
    efficiency: 0.818306
    discharge_ratio: 0.5
    depth_of_discharge: 1.0
