cost_values:
  wind_capex: 5000.0
  wind_opex: 100
  wind_lifetime: 20
  solar_capex: 1000.0
  solar_opex: 10
  solar_lifetime: 20
  carbon_price: 1.0
timeseries_values:
  load_level: 284606.18761491956
  wind_year: 2010
  solar_year: 2018
  price_year: 2023
  carbon_year: 2023
storage_values:
  CAES:
    cost: 34.301
    lifetime: 25.7716
    annual_cost: 1.3309612131183164
    efficiency: 0.627972
    discharge_ratio: 0.1
    depth_of_discharge: 0.4
  Li-ion:
    cost: 160.003
    lifetime: 20.1597
    annual_cost: 7.936774852800388
    efficiency: 0.965891
    discharge_ratio: 2
    depth_of_discharge: 0.9
  Pb-acid:
    cost: 169.587
    lifetime: 13.0035
    annual_cost: 13.041642634675279
    efficiency: 0.691833
    discharge_ratio: 5
    depth_of_discharge: 0.5
  VRBF:
    cost: 198.397
    lifetime: 23.0994
    annual_cost: 8.58883780531096
    efficiency: 0.799787
    discharge_ratio: 0.5
    depth_of_discharge: 1.0
