cost_values:
  wind_capex: 5000.0
  wind_opex: 100
  wind_lifetime: 20
  solar_capex: 1000.0
  solar_opex: 10
  solar_lifetime: 20
  carbon_price: 1.0
timeseries_values:
  load_level: 284606.18761491956
  wind_year: 2010
  solar_year: 2018
  price_year: 2023
  carbon_year: 2023
storage_values:
  CAES:
    cost: 37.0088
    lifetime: 26.3403
    annual_cost: 1.40502575900806
    efficiency: 0.614176
    discharge_ratio: 0.1
    depth_of_discharge: 0.4
  Li-ion:
    cost: 159.514
    lifetime: 21.7607
    annual_cost: 7.330370806086202
    efficiency: 0.956578
    discharge_ratio: 2
    depth_of_discharge: 0.9
  Pb-acid:
    cost: 151.177
    lifetime: 12.4376
    annual_cost: 12.154836946034605
    efficiency: 0.697413
    discharge_ratio: 5
    depth_of_discharge: 0.5
  VRBF:
    cost: 141.133
    lifetime: 26.3288
    annual_cost: 5.3604038163531955
    efficiency: 0.786476
    discharge_ratio: 0.5
    depth_of_discharge: 1.0
