cost_values:
  wind_capex: 5000.0
  wind_opex: 100
  wind_lifetime: 20
  solar_capex: 1000.0
  solar_opex: 10
  solar_lifetime: 20
  carbon_price: 1.0
timeseries_values:
  load_level: 284606.18761491956
  wind_year: 2010
  solar_year: 2018
  price_year: 2023
  carbon_year: 2023
storage_values:
  CAES:
    cost: 37.3628
    lifetime: 27.5628
    annual_cost: 1.355551685605236
    efficiency: 0.614079
    discharge_ratio: 0.1
    depth_of_discharge: 0.4
  Li-ion:
    cost: 167.515
    lifetime: 23.389
    annual_cost: 7.162127495831373
    efficiency: 0.981327
    discharge_ratio: 2
    depth_of_discharge: 0.9
  Pb-acid:
    cost: 177.605
    lifetime: 13.0892
    annual_cost: 13.568820095956971
    efficiency: 0.697288
    discharge_ratio: 5
    depth_of_discharge: 0.5
  VRBF:
    cost: 171.986
    lifetime: 24.1402
    annual_cost: 7.124464586043197
    efficiency: 0.812781
    discharge_ratio: 0.5
    depth_of_discharge: 1.0
