cost_values:
  wind_capex: 5000.0
  wind_opex: 100
  wind_lifetime: 20
  solar_capex: 1000.0
  solar_opex: 10
  solar_lifetime: 20
  carbon_price: 1.0
timeseries_values:
  load_level: 284606.18761491956
  wind_year: 2010
  solar_year: 2018
  price_year: 2023
  carbon_year: 2023
storage_values:
  CAES:
    cost: 41.6987
    lifetime: 27.3136
    annual_cost: 1.5266643723273388
    efficiency: 0.625908
    discharge_ratio: 0.1
    depth_of_discharge: 0.4
  Li-ion:
    cost: 124.78
    lifetime: 20.2013
    annual_cost: 6.176830203996772
    efficiency: 0.957051
    discharge_ratio: 2
    depth_of_discharge: 0.9
  Pb-acid:
    cost: 170.44
    lifetime: 14.1269
    annual_cost: 12.064925779895095
    efficiency: 0.696409
    discharge_ratio: 5
    depth_of_discharge: 0.5
  VRBF:
    cost: 185.961
    lifetime: 26.0224
    annual_cost: 7.146189436792917
    efficiency: 0.811704
    discharge_ratio: 0.5
    depth_of_discharge: 1.0
