cost_values:
  wind_capex: 5000.0
  wind_opex: 100
  wind_lifetime: 20
  solar_capex: 1000.0
  solar_opex: 10
  solar_lifetime: 20
  carbon_price: 1.0
timeseries_values:
  load_level: 284606.18761491956
  wind_year: 2010
  solar_year: 2018
  price_year: 2023
  carbon_year: 2023
storage_values:
  CAES:
    cost: 47.1145
    lifetime: 27.6932
    annual_cost: 1.7013021247093147
    efficiency: 0.617326
    discharge_ratio: 0.1
    depth_of_discharge: 0.4
  Li-ion:
    cost: 127.064
    lifetime: 22.9786
    annual_cost: 5.52966673339542
    efficiency: 0.947499
    discharge_ratio: 2
    depth_of_discharge: 0.9
  Pb-acid:
    cost: 175.971
    lifetime: 13.47
    annual_cost: 13.06391982182628
    efficiency: 0.701008
    discharge_ratio: 5
    depth_of_discharge: 0.5
  VRBF:
    cost: 187.159
    lifetime: 23.3913
    annual_cost: 8.001222676807188
    efficiency: 0.782397
    discharge_ratio: 0.5
    depth_of_discharge: 1.0
