cost_values:
  wind_capex: 5000.0
  wind_opex: 100
  wind_lifetime: 20
  solar_capex: 1000.0
  solar_opex: 10
  solar_lifetime: 20
  carbon_price: 1.0
timeseries_values:
  load_level: 284606.18761491956
  wind_year: 2010
  solar_year: 2018
  price_year: 2023
  carbon_year: 2023
storage_values:
  CAES:
    cost: 40.4108
    lifetime: 27.1128
    annual_cost: 1.4904694461656487
    efficiency: 0.630102
    discharge_ratio: 0.1
    depth_of_discharge: 0.4
  Li-ion:
    cost: 151.445
    lifetime: 21.4612
    annual_cost: 7.05668834920694
    efficiency: 0.937174
    discharge_ratio: 2
    depth_of_discharge: 0.9
  Pb-acid:
    cost: 148.55
    lifetime: 13.7059
    annual_cost: 10.83839806214842
    efficiency: 0.691695
    discharge_ratio: 5
    depth_of_discharge: 0.5
  VRBF:
    cost: 149.998
    lifetime: 24.5441
    annual_cost: 6.1113668865429975
    efficiency: 0.802106
    discharge_ratio: 0.5
    depth_of_discharge: 1.0
