cost_values:
  wind_capex: 5000.0
  wind_opex: 100
  wind_lifetime: 20
  solar_capex: 1000.0
  solar_opex: 10
  solar_lifetime: 20
  carbon_price: 1.0
timeseries_values:
  load_level: 284606.18761491956
  wind_year: 2010
  solar_year: 2018
  price_year: 2023
  carbon_year: 2023
storage_values:
  CAES:
    cost: 37.7629
    lifetime: 27.8075
    annual_cost: 1.3580113278791692
    efficiency: 0.622863
    discharge_ratio: 0.1
    depth_of_discharge: 0.4
  Li-ion:
    cost: 164.572
    lifetime: 21.8068
    annual_cost: 7.546820257901206
    efficiency: 0.952595
    discharge_ratio: 2
    depth_of_discharge: 0.9
  Pb-acid:
    cost: 158.802
    lifetime: 14.5811
    annual_cost: 10.890947870873939
    efficiency: 0.696995
    discharge_ratio: 5
    depth_of_discharge: 0.5
  VRBF:
    cost: 186.693
    lifetime: 22.6338
    annual_cost: 8.248416085677173
    efficiency: 0.808469
    discharge_ratio: 0.5
    depth_of_discharge: 1.0
