cost_values:
  wind_capex: 5000.0
  wind_opex: 100
  wind_lifetime: 20
  solar_capex: 1000.0
  solar_opex: 10
  solar_lifetime: 20
  carbon_price: 1.0
timeseries_values:
  load_level: 284606.18761491956
  wind_year: 2010
  solar_year: 2018
  price_year: 2023
  carbon_year: 2023
storage_values:
  CAES:
    cost: 42.0414
    lifetime: 27.7826
    annual_cost: 1.513227703670643
    efficiency: 0.617609
    discharge_ratio: 0.1
    depth_of_discharge: 0.4
  Li-ion:
    cost: 135.771
    lifetime: 20.0444
    annual_cost: 6.773512801580491
    efficiency: 0.941495
    discharge_ratio: 2
    depth_of_discharge: 0.9
  Pb-acid:
    cost: 169.483
    lifetime: 14.3955
    annual_cost: 11.77333194401028
    efficiency: 0.683964
    discharge_ratio: 5
    depth_of_discharge: 0.5
  VRBF:
    cost: 147.118
    lifetime: 26.8262
    annual_cost: 5.48411627438847
    efficiency: 0.805569
    discharge_ratio: 0.5
    depth_of_discharge: 1.0
