cost_values:
  wind_capex: 5000.0
  wind_opex: 100
  wind_lifetime: 20
  solar_capex: 1000.0
  solar_opex: 10
  solar_lifetime: 20
  carbon_price: 1.0
timeseries_values:
  load_level: 284606.18761491956
  wind_year: 2010
  solar_year: 2018
  price_year: 2023
  carbon_year: 2023
storage_values:
  CAES:
    cost: 35.3278
    lifetime: 28.3221
    annual_cost: 1.247358070199597
    efficiency: 0.626264
    discharge_ratio: 0.1
    depth_of_discharge: 0.4
  Li-ion:
    cost: 151.57
    lifetime: 22.6311
    annual_cost: 6.697420805882171
    efficiency: 0.967687
    discharge_ratio: 2
    depth_of_discharge: 0.9
  Pb-acid:
    cost: 162.611
    lifetime: 14.569
    annual_cost: 11.161438671151073
    efficiency: 0.703226
    discharge_ratio: 5
    depth_of_discharge: 0.5
  VRBF:
    cost: 175.26
    lifetime: 22.6018
    annual_cost: 7.754249661531381
    efficiency: 0.798843
    discharge_ratio: 0.5
    depth_of_discharge: 1.0
