cost_values:
  wind_capex: 5000.0
  wind_opex: 100
  wind_lifetime: 20
  solar_capex: 1000.0
  solar_opex: 10
  solar_lifetime: 20
  carbon_price: 1.0
timeseries_values:
  load_level: 284606.18761491956
  wind_year: 2010
  solar_year: 2018
  price_year: 2023
  carbon_year: 2023
storage_values:
  CAES:
    cost: 42.302
    lifetime: 28.0114
    annual_cost: 1.510170859007404
    efficiency: 0.617405
    discharge_ratio: 0.1
    depth_of_discharge: 0.4
  Li-ion:
    cost: 154.328
    lifetime: 19.6904
    annual_cost: 7.837728029902897
    efficiency: 0.956264
    discharge_ratio: 2
    depth_of_discharge: 0.9
  Pb-acid:
    cost: 160.446
    lifetime: 13.1776
    annual_cost: 12.175661728994658
    efficiency: 0.690647
    discharge_ratio: 5
    depth_of_discharge: 0.5
  VRBF:
    cost: 107.475
    lifetime: 24.9605
    annual_cost: 4.305803169007031
    efficiency: 0.798639
    discharge_ratio: 0.5
    depth_of_discharge: 1.0
