cost_values:
  wind_capex: 5000.0
  wind_opex: 100
  wind_lifetime: 20
  solar_capex: 1000.0
  solar_opex: 10
  solar_lifetime: 20
  carbon_price: 1.0
timeseries_values:
  load_level: 284606.18761491956
  wind_year: 2010
  solar_year: 2018
  price_year: 2023
  carbon_year: 2023
storage_values:
  CAES:
    cost: 39.7293
    lifetime: 27.7013
    annual_cost: 1.4342034489356097
    efficiency: 0.629647
    discharge_ratio: 0.1
    depth_of_discharge: 0.4
  Li-ion:
    cost: 128.116
    lifetime: 21.3206
    annual_cost: 6.009024136281344
    efficiency: 0.938158
    discharge_ratio: 2
    depth_of_discharge: 0.9
  Pb-acid:
    cost: 158.968
    lifetime: 14.8218
    annual_cost: 10.725283029051802
    efficiency: 0.69477
    discharge_ratio: 5
    depth_of_discharge: 0.5
  VRBF:
    cost: 150.221
    lifetime: 27.2171
    annual_cost: 5.519360989965867
    efficiency: 0.793951
    discharge_ratio: 0.5
    depth_of_discharge: 1.0
