cost_values:
  wind_capex: 5000.0
  wind_opex: 100
  wind_lifetime: 20
  solar_capex: 1000.0
  solar_opex: 10
  solar_lifetime: 20
  carbon_price: 1.0
timeseries_values:
  load_level: 284606.18761491956
  wind_year: 2010
  solar_year: 2018
  price_year: 2023
  carbon_year: 2023
storage_values:
  CAES:
    cost: 35.7651
    lifetime: 27.607
    annual_cost: 1.2955083855543883
    efficiency: 0.616932
    discharge_ratio: 0.1
    depth_of_discharge: 0.4
  Li-ion:
    cost: 182.053
    lifetime: 20.266
    annual_cost: 8.983173788611468
    efficiency: 0.974829
    discharge_ratio: 2
    depth_of_discharge: 0.9
  Pb-acid:
    cost: 153.737
    lifetime: 14.3872
    annual_cost: 10.68567893683274
    efficiency: 0.705746
    discharge_ratio: 5
    depth_of_discharge: 0.5
  VRBF:
    cost: 173.583
    lifetime: 23.6017
    annual_cost: 7.354682077985907
    efficiency: 0.791936
    discharge_ratio: 0.5
    depth_of_discharge: 1.0
