cost_values:
  wind_capex: 5000.0
  wind_opex: 100
  wind_lifetime: 20
  solar_capex: 1000.0
  solar_opex: 10
  solar_lifetime: 20
  carbon_price: 1.0
timeseries_values:
  load_level: 284606.18761491956
  wind_year: 2010
  solar_year: 2018
  price_year: 2023
  carbon_year: 2023
storage_values:
  CAES:
    cost: 41.9577
    lifetime: 27.4358
    annual_cost: 1.5293047769702361
    efficiency: 0.627886
    discharge_ratio: 0.1
    depth_of_discharge: 0.4
  Li-ion:
    cost: 158.901
    lifetime: 21.0104
    annual_cost: 7.562968815443781
    efficiency: 0.960798
    discharge_ratio: 2
    depth_of_discharge: 0.9
  Pb-acid:
    cost: 164.115
    lifetime: 12.0239
    annual_cost: 13.649065610991444
    efficiency: 0.705626
    discharge_ratio: 5
    depth_of_discharge: 0.5
  VRBF:
    cost: 153.902
    lifetime: 24.2657
    annual_cost: 6.34236803389146
    efficiency: 0.816687
    discharge_ratio: 0.5
    depth_of_discharge: 1.0
