cost_values:
  wind_capex: 5000.0
  wind_opex: 100
  wind_lifetime: 20
  solar_capex: 1000.0
  solar_opex: 10
  solar_lifetime: 20
  carbon_price: 1.0
timeseries_values:
  load_level: 284606.18761491956
  wind_year: 2010
  solar_year: 2018
  price_year: 2023
  carbon_year: 2023
storage_values:
  CAES:
    cost: 43.1229
    lifetime: 27.6089
    annual_cost: 1.5619202503540526
    efficiency: 0.615737
    discharge_ratio: 0.1
    depth_of_discharge: 0.4
  Li-ion:
    cost: 147.775
    lifetime: 20.5982
    annual_cost: 7.1741705585924995
    efficiency: 0.971094
    discharge_ratio: 2
    depth_of_discharge: 0.9
  Pb-acid:
    cost: 151.157
    lifetime: 14.779
    annual_cost: 10.227823262737669
    efficiency: 0.695311
    discharge_ratio: 5
    depth_of_discharge: 0.5
  VRBF:
    cost: 174.332
    lifetime: 25.6654
    annual_cost: 6.792491058000264
    efficiency: 0.809251
    discharge_ratio: 0.5
    depth_of_discharge: 1.0
