cost_values:
  wind_capex: 5000.0
  wind_opex: 100
  wind_lifetime: 20
  solar_capex: 1000.0
  solar_opex: 10
  solar_lifetime: 20
  carbon_price: 1.0
timeseries_values:
  load_level: 284606.18761491956
  wind_year: 2010
  solar_year: 2018
  price_year: 2023
  carbon_year: 2023
storage_values:
  CAES:
    cost: 37.259
    lifetime: 26.9398
    annual_cost: 1.3830466447412377
    efficiency: 0.631933
    discharge_ratio: 0.1
    depth_of_discharge: 0.4
  Li-ion:
    cost: 147.896
    lifetime: 21.9274
    annual_cost: 6.744803305453451
    efficiency: 0.955749
    discharge_ratio: 2
    depth_of_discharge: 0.9
  Pb-acid:
    cost: 147.438
    lifetime: 12.9143
    annual_cost: 11.416646663001478
    efficiency: 0.696839
    discharge_ratio: 5
    depth_of_discharge: 0.5
  VRBF:
    cost: 149.084
    lifetime: 25.8955
    annual_cost: 5.7571392713019645
    efficiency: 0.820222
    discharge_ratio: 0.5
    depth_of_discharge: 1.0
