cost_values:
  wind_capex: 5000.0
  wind_opex: 100
  wind_lifetime: 20
  solar_capex: 1000.0
  solar_opex: 10
  solar_lifetime: 20
  carbon_price: 1.0
timeseries_values:
  load_level: 284606.18761491956
  wind_year: 2010
  solar_year: 2018
  price_year: 2023
  carbon_year: 2023
storage_values:
  CAES:
    cost: 37.7186
    lifetime: 28.7566
    annual_cost: 1.31165019508565
    efficiency: 0.62612
    discharge_ratio: 0.1
    depth_of_discharge: 0.4
  Li-ion:
    cost: 166.836
    lifetime: 19.0336
    annual_cost: 8.765341291190317
    efficiency: 0.96861
    discharge_ratio: 2
    depth_of_discharge: 0.9
  Pb-acid:
    cost: 158.634
    lifetime: 14.0107
    annual_cost: 11.322346492323723
    efficiency: 0.687573
    discharge_ratio: 5
    depth_of_discharge: 0.5
  VRBF:
    cost: 171.418
    lifetime: 25.4413
    annual_cost: 6.737784625785633
    efficiency: 0.812239
    discharge_ratio: 0.5
    depth_of_discharge: 1.0
