cost_values:
  wind_capex: 5000.0
  wind_opex: 100
  wind_lifetime: 20
  solar_capex: 1000.0
  solar_opex: 10
  solar_lifetime: 20
  carbon_price: 1.0
timeseries_values:
  load_level: 284606.18761491956
  wind_year: 2010
  solar_year: 2018
  price_year: 2023
  carbon_year: 2023
storage_values:
  CAES:
    cost: 44.3558
    lifetime: 27.1661
    annual_cost: 1.632762891986704
    efficiency: 0.625591
    discharge_ratio: 0.1
    depth_of_discharge: 0.4
  Li-ion:
    cost: 154.438
    lifetime: 20.3581
    annual_cost: 7.586071391731055
    efficiency: 0.949395
    discharge_ratio: 2
    depth_of_discharge: 0.9
  Pb-acid:
    cost: 172.015
    lifetime: 14.6982
    annual_cost: 11.703133717053788
    efficiency: 0.690301
    discharge_ratio: 5
    depth_of_discharge: 0.5
  VRBF:
    cost: 163.97
    lifetime: 24.0394
    annual_cost: 6.820885712621779
    efficiency: 0.798859
    discharge_ratio: 0.5
    depth_of_discharge: 1.0
