cost_values:
  wind_capex: 5000.0
  wind_opex: 100
  wind_lifetime: 20
  solar_capex: 1000.0
  solar_opex: 10
  solar_lifetime: 20
  carbon_price: 1.0
timeseries_values:
  load_level: 284606.18761491956
  wind_year: 2010
  solar_year: 2018
  price_year: 2023
  carbon_year: 2023
storage_values:
  CAES:
    cost: 41.2414
    lifetime: 27.6127
    annual_cost: 1.4935663662010596
    efficiency: 0.635579
    discharge_ratio: 0.1
    depth_of_discharge: 0.4
  Li-ion:
    cost: 153.289
    lifetime: 22.2076
    annual_cost: 6.902546875844306
    efficiency: 0.963725
    discharge_ratio: 2
    depth_of_discharge: 0.9
  Pb-acid:
    cost: 146.82
    lifetime: 14.9391
    annual_cost: 9.827901279193526
    efficiency: 0.710195
    discharge_ratio: 5
    depth_of_discharge: 0.5
  VRBF:
    cost: 184.63
    lifetime: 26.0347
    annual_cost: 7.091689168686407
    efficiency: 0.802211
    discharge_ratio: 0.5
    depth_of_discharge: 1.0
