cost_values:
  wind_capex: 5000.0
  wind_opex: 100
  wind_lifetime: 20
  solar_capex: 1000.0
  solar_opex: 10
  solar_lifetime: 20
  carbon_price: 1.0
timeseries_values:
  load_level: 284606.18761491956
  wind_year: 2010
  solar_year: 2018
  price_year: 2023
  carbon_year: 2023
storage_values:
  CAES:
    cost: 43.7045
    lifetime: 27.3494
    annual_cost: 1.5980058063431009
    efficiency: 0.623557
    discharge_ratio: 0.1
    depth_of_discharge: 0.4
  Li-ion:
    cost: 145.845
    lifetime: 22.5502
    annual_cost: 6.467570132415677
    efficiency: 0.934981
    discharge_ratio: 2
    depth_of_discharge: 0.9
  Pb-acid:
    cost: 150.205
    lifetime: 13.6356
    annual_cost: 11.015650209745079
    efficiency: 0.694879
    discharge_ratio: 5
    depth_of_discharge: 0.5
  VRBF:
    cost: 126.164
    lifetime: 23.7669
    annual_cost: 5.308391081714485
    efficiency: 0.811961
    discharge_ratio: 0.5
    depth_of_discharge: 1.0
