cost_values:
  wind_capex: 5000.0
  wind_opex: 100
  wind_lifetime: 20
  solar_capex: 1000.0
  solar_opex: 10
  solar_lifetime: 20
  carbon_price: 1.0
timeseries_values:
  load_level: 284606.18761491956
  wind_year: 2010
  solar_year: 2018
  price_year: 2023
  carbon_year: 2023
storage_values:
  CAES:
    cost: 34.8851
    lifetime: 26.1764
    annual_cost: 1.3326928072615027
    efficiency: 0.619472
    discharge_ratio: 0.1
    depth_of_discharge: 0.4
  Li-ion:
    cost: 161.606
    lifetime: 23.3276
    annual_cost: 6.927673656955709
    efficiency: 0.954162
    discharge_ratio: 2
    depth_of_discharge: 0.9
  Pb-acid:
    cost: 161.88
    lifetime: 14.0186
    annual_cost: 11.547515443767566
    efficiency: 0.709745
    discharge_ratio: 5
    depth_of_discharge: 0.5
  VRBF:
    cost: 177.608
    lifetime: 23.9991
    annual_cost: 7.400610856240443
    efficiency: 0.806122
    discharge_ratio: 0.5
    depth_of_discharge: 1.0
