cost_values:
  wind_capex: 5000.0
  wind_opex: 100
  wind_lifetime: 20
  solar_capex: 1000.0
  solar_opex: 10
  solar_lifetime: 20
  carbon_price: 1.0
timeseries_values:
  load_level: 284606.18761491956
  wind_year: 2010
  solar_year: 2018
  price_year: 2023
  carbon_year: 2023
storage_values:
  CAES:
    cost: 35.0575
    lifetime: 27.1139
    annual_cost: 1.2929715017020789
    efficiency: 0.622232
    discharge_ratio: 0.1
    depth_of_discharge: 0.4
  Li-ion:
    cost: 168.772
    lifetime: 21.4423
    annual_cost: 7.870983989590669
    efficiency: 0.958773
    discharge_ratio: 2
    depth_of_discharge: 0.9
  Pb-acid:
    cost: 165.656
    lifetime: 11.5491
    annual_cost: 14.343628507849099
    efficiency: 0.690164
    discharge_ratio: 5
    depth_of_discharge: 0.5
  VRBF:
    cost: 149.077
    lifetime: 26.476
    annual_cost: 5.630646623357003
    efficiency: 0.807346
    discharge_ratio: 0.5
    depth_of_discharge: 1.0
