cost_values:
  wind_capex: 5000.0
  wind_opex: 100
  wind_lifetime: 20
  solar_capex: 1000.0
  solar_opex: 10
  solar_lifetime: 20
  carbon_price: 1.0
timeseries_values:
  load_level: 284606.18761491956
  wind_year: 2010
  solar_year: 2018
  price_year: 2023
  carbon_year: 2023
storage_values:
  CAES:
    cost: 36.5877
    lifetime: 28.1295
    annual_cost: 1.30068788993761
    efficiency: 0.621183
    discharge_ratio: 0.1
    depth_of_discharge: 0.4
  Li-ion:
    cost: 150.994
    lifetime: 22.4008
    annual_cost: 6.7405628370415345
    efficiency: 0.953039
    discharge_ratio: 2
    depth_of_discharge: 0.9
  Pb-acid:
    cost: 188.989
    lifetime: 14.604
    annual_cost: 12.940906600931253
    efficiency: 0.692234
    discharge_ratio: 5
    depth_of_discharge: 0.5
  VRBF:
    cost: 177.928
    lifetime: 24.3372
    annual_cost: 7.3109478493828375
    efficiency: 0.815829
    discharge_ratio: 0.5
    depth_of_discharge: 1.0
