cost_values:
  wind_capex: 5000.0
  wind_opex: 100
  wind_lifetime: 20
  solar_capex: 1000.0
  solar_opex: 10
  solar_lifetime: 20
  carbon_price: 1.0
timeseries_values:
  load_level: 284606.18761491956
  wind_year: 2010
  solar_year: 2018
  price_year: 2023
  carbon_year: 2023
storage_values:
  CAES:
    cost: 37.1539
    lifetime: 27.0066
    annual_cost: 1.3757340798175262
    efficiency: 0.624432
    discharge_ratio: 0.1
    depth_of_discharge: 0.4
  Li-ion:
    cost: 146.786
    lifetime: 22.3583
    annual_cost: 6.565168192572781
    efficiency: 0.957823
    discharge_ratio: 2
    depth_of_discharge: 0.9
  Pb-acid:
    cost: 149.175
    lifetime: 15.0732
    annual_cost: 9.896704084069741
    efficiency: 0.705134
    discharge_ratio: 5
    depth_of_discharge: 0.5
  VRBF:
    cost: 178.009
    lifetime: 24.9125
    annual_cost: 7.1453687907676855
    efficiency: 0.814116
    discharge_ratio: 0.5
    depth_of_discharge: 1.0
