cost_values:
  wind_capex: 5000.0
  wind_opex: 100
  wind_lifetime: 20
  solar_capex: 1000.0
  solar_opex: 10
  solar_lifetime: 20
  carbon_price: 1.0
timeseries_values:
  load_level: 221803.70241160263
  wind_year: 2011
  solar_year: 2013
  price_year: 2023
  carbon_year: 2023
storage_values:
  CAES:
    cost: 67.5391
    lifetime: 27.6061
    annual_cost: 2.4465281224077287
    efficiency: 0.621756
    discharge_ratio: 0.1
    depth_of_discharge: 0.4
  Li-ion:
    cost: 147.536
    lifetime: 18.0758
    annual_cost: 8.162073047942553
    efficiency: 0.940591
    discharge_ratio: 2
    depth_of_discharge: 0.9
  Pb-acid:
    cost: 199.732
    lifetime: 13.0146
    annual_cost: 15.346764403055031
    efficiency: 0.733755
    discharge_ratio: 5
    depth_of_discharge: 0.5
  VRBF:
    cost: 225.987
    lifetime: 23.345
    annual_cost: 9.68031698436496
    efficiency: 0.686999
    discharge_ratio: 0.5
    depth_of_discharge: 1.0
