cost_values:
  wind_capex: 5000.0
  wind_opex: 100
  wind_lifetime: 20
  solar_capex: 1000.0
  solar_opex: 10
  solar_lifetime: 20
  carbon_price: 1.0
timeseries_values:
  load_level: 221803.70241160263
  wind_year: 2011
  solar_year: 2013
  price_year: 2023
  carbon_year: 2023
storage_values:
  CAES:
    cost: 71.2864
    lifetime: 27.4968
    annual_cost: 2.592534404003375
    efficiency: 0.629665
    discharge_ratio: 0.1
    depth_of_discharge: 0.4
  Li-ion:
    cost: 177.722
    lifetime: 18.0068
    annual_cost: 9.869715885110072
    efficiency: 0.925137
    discharge_ratio: 2
    depth_of_discharge: 0.9
  Pb-acid:
    cost: 197.734
    lifetime: 13.8127
    annual_cost: 14.315376428938587
    efficiency: 0.726321
    discharge_ratio: 5
    depth_of_discharge: 0.5
  VRBF:
    cost: 221.381
    lifetime: 23.8759
    annual_cost: 9.272153091611205
    efficiency: 0.692591
    discharge_ratio: 0.5
    depth_of_discharge: 1.0
