cost_values:
  wind_capex: 5000.0
  wind_opex: 100
  wind_lifetime: 20
  solar_capex: 1000.0
  solar_opex: 10
  solar_lifetime: 20
  carbon_price: 1.0
timeseries_values:
  load_level: 221803.70241160263
  wind_year: 2011
  solar_year: 2013
  price_year: 2023
  carbon_year: 2023
storage_values:
  CAES:
    cost: 71.0377
    lifetime: 29.1781
    annual_cost: 2.4346239131403347
    efficiency: 0.621331
    discharge_ratio: 0.1
    depth_of_discharge: 0.4
  Li-ion:
    cost: 174.325
    lifetime: 16.1314
    annual_cost: 10.80656359646404
    efficiency: 0.925267
    discharge_ratio: 2
    depth_of_discharge: 0.9
  Pb-acid:
    cost: 197.516
    lifetime: 12.3167
    annual_cost: 16.036438331695987
    efficiency: 0.728215
    discharge_ratio: 5
    depth_of_discharge: 0.5
  VRBF:
    cost: 211.081
    lifetime: 24.4338
    annual_cost: 8.638893663695372
    efficiency: 0.662235
    discharge_ratio: 0.5
    depth_of_discharge: 1.0
