cost_values:
  wind_capex: 5000.0
  wind_opex: 100
  wind_lifetime: 20
  solar_capex: 1000.0
  solar_opex: 10
  solar_lifetime: 20
  carbon_price: 1.0
timeseries_values:
  load_level: 221803.70241160263
  wind_year: 2011
  solar_year: 2013
  price_year: 2023
  carbon_year: 2023
storage_values:
  CAES:
    cost: 75.7171
    lifetime: 27.6132
    annual_cost: 2.7420617675604424
    efficiency: 0.621357
    discharge_ratio: 0.1
    depth_of_discharge: 0.4
  Li-ion:
    cost: 153.287
    lifetime: 17.6409
    annual_cost: 8.689295897601598
    efficiency: 0.933791
    discharge_ratio: 2
    depth_of_discharge: 0.9
  Pb-acid:
    cost: 200.799
    lifetime: 12.1391
    annual_cost: 16.541506371971565
    efficiency: 0.726212
    discharge_ratio: 5
    depth_of_discharge: 0.5
  VRBF:
    cost: 264.548
    lifetime: 22.2677
    annual_cost: 11.880346870130278
    efficiency: 0.696838
    discharge_ratio: 0.5
    depth_of_discharge: 1.0
