cost_values:
  wind_capex: 5000.0
  wind_opex: 100
  wind_lifetime: 20
  solar_capex: 1000.0
  solar_opex: 10
  solar_lifetime: 20
  carbon_price: 1.0
timeseries_values:
  load_level: 221803.70241160263
  wind_year: 2011
  solar_year: 2013
  price_year: 2023
  carbon_year: 2023
storage_values:
  CAES:
    cost: 75.8531
    lifetime: 27.2682
    annual_cost: 2.781742102522352
    efficiency: 0.607068
    discharge_ratio: 0.1
    depth_of_discharge: 0.4
  Li-ion:
    cost: 163.522
    lifetime: 15.611
    annual_cost: 10.474793414899748
    efficiency: 0.926953
    discharge_ratio: 2
    depth_of_discharge: 0.9
  Pb-acid:
    cost: 208.799
    lifetime: 11.993
    annual_cost: 17.41007254231635
    efficiency: 0.717003
    discharge_ratio: 5
    depth_of_discharge: 0.5
  VRBF:
    cost: 255.349
    lifetime: 24.7693
    annual_cost: 10.309092303779273
    efficiency: 0.695963
    discharge_ratio: 0.5
    depth_of_discharge: 1.0
