cost_values:
  wind_capex: 5000.0
  wind_opex: 100
  wind_lifetime: 20
  solar_capex: 1000.0
  solar_opex: 10
  solar_lifetime: 20
  carbon_price: 1.0
timeseries_values:
  load_level: 221803.70241160263
  wind_year: 2011
  solar_year: 2013
  price_year: 2023
  carbon_year: 2023
storage_values:
  CAES:
    cost: 69.0381
    lifetime: 27.0614
    annual_cost: 2.551165128189968
    efficiency: 0.615858
    discharge_ratio: 0.1
    depth_of_discharge: 0.4
  Li-ion:
    cost: 189.484
    lifetime: 14.6839
    annual_cost: 12.904201199953691
    efficiency: 0.935595
    discharge_ratio: 2
    depth_of_discharge: 0.9
  Pb-acid:
    cost: 219.43
    lifetime: 11.491
    annual_cost: 19.095814115394656
    efficiency: 0.730817
    discharge_ratio: 5
    depth_of_discharge: 0.5
  VRBF:
    cost: 243.169
    lifetime: 24.1914
    annual_cost: 10.051877940094414
    efficiency: 0.685675
    discharge_ratio: 0.5
    depth_of_discharge: 1.0
