cost_values:
  wind_capex: 5000.0
  wind_opex: 100
  wind_lifetime: 20
  solar_capex: 1000.0
  solar_opex: 10
  solar_lifetime: 20
  carbon_price: 1.0
timeseries_values:
  load_level: 221803.70241160263
  wind_year: 2011
  solar_year: 2013
  price_year: 2023
  carbon_year: 2023
storage_values:
  CAES:
    cost: 66.968
    lifetime: 29.3071
    annual_cost: 2.285043555998376
    efficiency: 0.614255
    discharge_ratio: 0.1
    depth_of_discharge: 0.4
  Li-ion:
    cost: 179.019
    lifetime: 17.9761
    annual_cost: 9.958722971056014
    efficiency: 0.94185
    discharge_ratio: 2
    depth_of_discharge: 0.9
  Pb-acid:
    cost: 218.301
    lifetime: 10.026
    annual_cost: 21.77348892878516
    efficiency: 0.723881
    discharge_ratio: 5
    depth_of_discharge: 0.5
  VRBF:
    cost: 225.05
    lifetime: 22.4571
    annual_cost: 10.021329557244702
    efficiency: 0.685742
    discharge_ratio: 0.5
    depth_of_discharge: 1.0
