cost_values:
  wind_capex: 5000.0
  wind_opex: 100
  wind_lifetime: 20
  solar_capex: 1000.0
  solar_opex: 10
  solar_lifetime: 20
  carbon_price: 1.0
timeseries_values:
  load_level: 221803.70241160263
  wind_year: 2011
  solar_year: 2013
  price_year: 2023
  carbon_year: 2023
storage_values:
  CAES:
    cost: 76.4966
    lifetime: 27.1832
    annual_cost: 2.8141131286971364
    efficiency: 0.616561
    discharge_ratio: 0.1
    depth_of_discharge: 0.4
  Li-ion:
    cost: 189.699
    lifetime: 17.6215
    annual_cost: 10.765201600317793
    efficiency: 0.940709
    discharge_ratio: 2
    depth_of_discharge: 0.9
  Pb-acid:
    cost: 206.819
    lifetime: 12.766
    annual_cost: 16.200767664107786
    efficiency: 0.7351
    discharge_ratio: 5
    depth_of_discharge: 0.5
  VRBF:
    cost: 221.514
    lifetime: 24.5759
    annual_cost: 9.013464410255576
    efficiency: 0.671548
    discharge_ratio: 0.5
    depth_of_discharge: 1.0
