cost_values:
  wind_capex: 5000.0
  wind_opex: 100
  wind_lifetime: 20
  solar_capex: 1000.0
  solar_opex: 10
  solar_lifetime: 20
  carbon_price: 1.0
timeseries_values:
  load_level: 221803.70241160263
  wind_year: 2011
  solar_year: 2013
  price_year: 2023
  carbon_year: 2023
storage_values:
  CAES:
    cost: 70.5035
    lifetime: 28.3275
    annual_cost: 2.4888712381960993
    efficiency: 0.616911
    discharge_ratio: 0.1
    depth_of_discharge: 0.4
  Li-ion:
    cost: 168.158
    lifetime: 18.3623
    annual_cost: 9.157785244767812
    efficiency: 0.93953
    discharge_ratio: 2
    depth_of_discharge: 0.9
  Pb-acid:
    cost: 216.982
    lifetime: 11.3752
    annual_cost: 19.075005274632534
    efficiency: 0.734693
    discharge_ratio: 5
    depth_of_discharge: 0.5
  VRBF:
    cost: 236.102
    lifetime: 23.0391
    annual_cost: 10.247882946816498
    efficiency: 0.69333
    discharge_ratio: 0.5
    depth_of_discharge: 1.0
