cost_values:
  wind_capex: 5000.0
  wind_opex: 100
  wind_lifetime: 20
  solar_capex: 1000.0
  solar_opex: 10
  solar_lifetime: 20
  carbon_price: 1.0
timeseries_values:
  load_level: 221803.70241160263
  wind_year: 2011
  solar_year: 2013
  price_year: 2023
  carbon_year: 2023
storage_values:
  CAES:
    cost: 75.1767
    lifetime: 27.1986
    annual_cost: 2.763991528975756
    efficiency: 0.626356
    discharge_ratio: 0.1
    depth_of_discharge: 0.4
  Li-ion:
    cost: 179.136
    lifetime: 16.4252
    annual_cost: 10.90616857024572
    efficiency: 0.937438
    discharge_ratio: 2
    depth_of_discharge: 0.9
  Pb-acid:
    cost: 210.557
    lifetime: 10.8398
    annual_cost: 19.424435875200647
    efficiency: 0.718625
    discharge_ratio: 5
    depth_of_discharge: 0.5
  VRBF:
    cost: 235.382
    lifetime: 21.4758
    annual_cost: 10.960336751133834
    efficiency: 0.697622
    discharge_ratio: 0.5
    depth_of_discharge: 1.0
