cost_values:
  wind_capex: 5000.0
  wind_opex: 100
  wind_lifetime: 20
  solar_capex: 1000.0
  solar_opex: 10
  solar_lifetime: 20
  carbon_price: 1.0
timeseries_values:
  load_level: 221803.70241160263
  wind_year: 2011
  solar_year: 2013
  price_year: 2023
  carbon_year: 2023
storage_values:
  CAES:
    cost: 62.4559
    lifetime: 29.7319
    annual_cost: 2.1006360172071075
    efficiency: 0.622893
    discharge_ratio: 0.1
    depth_of_discharge: 0.4
  Li-ion:
    cost: 166.615
    lifetime: 15.7812
    annual_cost: 10.557815628722784
    efficiency: 0.93429
    discharge_ratio: 2
    depth_of_discharge: 0.9
  Pb-acid:
    cost: 230.011
    lifetime: 9.8456
    annual_cost: 23.361806289103765
    efficiency: 0.750472
    discharge_ratio: 5
    depth_of_discharge: 0.5
  VRBF:
    cost: 249.112
    lifetime: 23.7221
    annual_cost: 10.501262535778872
    efficiency: 0.694073
    discharge_ratio: 0.5
    depth_of_discharge: 1.0
