cost_values:
  wind_capex: 5000.0
  wind_opex: 100
  wind_lifetime: 20
  solar_capex: 1000.0
  solar_opex: 10
  solar_lifetime: 20
  carbon_price: 1.0
timeseries_values:
  load_level: 221803.70241160263
  wind_year: 2011
  solar_year: 2013
  price_year: 2023
  carbon_year: 2023
storage_values:
  CAES:
    cost: 72.8398
    lifetime: 26.3263
    annual_cost: 2.7668073371495425
    efficiency: 0.631564
    discharge_ratio: 0.1
    depth_of_discharge: 0.4
  Li-ion:
    cost: 163.381
    lifetime: 20.2777
    annual_cost: 8.057176109716586
    efficiency: 0.936469
    discharge_ratio: 2
    depth_of_discharge: 0.9
  Pb-acid:
    cost: 208.55
    lifetime: 10.3541
    annual_cost: 20.141779584898735
    efficiency: 0.732486
    discharge_ratio: 5
    depth_of_discharge: 0.5
  VRBF:
    cost: 218.473
    lifetime: 24.8181
    annual_cost: 8.802970412722972
    efficiency: 0.685043
    discharge_ratio: 0.5
    depth_of_discharge: 1.0
