cost_values:
  wind_capex: 5000.0
  wind_opex: 100
  wind_lifetime: 20
  solar_capex: 1000.0
  solar_opex: 10
  solar_lifetime: 20
  carbon_price: 1.0
timeseries_values:
  load_level: 221803.70241160263
  wind_year: 2011
  solar_year: 2013
  price_year: 2023
  carbon_year: 2023
storage_values:
  CAES:
    cost: 75.9153
    lifetime: 28.185
    annual_cost: 2.6934646088344865
    efficiency: 0.620676
    discharge_ratio: 0.1
    depth_of_discharge: 0.4
  Li-ion:
    cost: 150.857
    lifetime: 17.4756
    annual_cost: 8.632436082309049
    efficiency: 0.92403
    discharge_ratio: 2
    depth_of_discharge: 0.9
  Pb-acid:
    cost: 240.901
    lifetime: 10.739
    annual_cost: 22.43234938076171
    efficiency: 0.732464
    discharge_ratio: 5
    depth_of_discharge: 0.5
  VRBF:
    cost: 224.024
    lifetime: 23.9422
    annual_cost: 9.356867789927408
    efficiency: 0.700426
    discharge_ratio: 0.5
    depth_of_discharge: 1.0
