cost_values:
  wind_capex: 5000.0
  wind_opex: 100
  wind_lifetime: 20
  solar_capex: 1000.0
  solar_opex: 10
  solar_lifetime: 20
  carbon_price: 1.0
timeseries_values:
  load_level: 221803.70241160263
  wind_year: 2011
  solar_year: 2013
  price_year: 2023
  carbon_year: 2023
storage_values:
  CAES:
    cost: 72.0502
    lifetime: 29.0327
    annual_cost: 2.4816913342541342
    efficiency: 0.620178
    discharge_ratio: 0.1
    depth_of_discharge: 0.4
  Li-ion:
    cost: 196.055
    lifetime: 16.6379
    annual_cost: 11.783638560154829
    efficiency: 0.933195
    discharge_ratio: 2
    depth_of_discharge: 0.9
  Pb-acid:
    cost: 213.167
    lifetime: 10.1344
    annual_cost: 21.034002999684244
    efficiency: 0.745439
    discharge_ratio: 5
    depth_of_discharge: 0.5
  VRBF:
    cost: 227.516
    lifetime: 21.579
    annual_cost: 10.543398674637379
    efficiency: 0.670789
    discharge_ratio: 0.5
    depth_of_discharge: 1.0
