cost_values:
  wind_capex: 5000.0
  wind_opex: 100
  wind_lifetime: 20
  solar_capex: 1000.0
  solar_opex: 10
  solar_lifetime: 20
  carbon_price: 1.0
timeseries_values:
  load_level: 221803.70241160263
  wind_year: 2011
  solar_year: 2013
  price_year: 2023
  carbon_year: 2023
storage_values:
  CAES:
    cost: 66.7524
    lifetime: 27.3206
    annual_cost: 2.443299195478869
    efficiency: 0.612565
    discharge_ratio: 0.1
    depth_of_discharge: 0.4
  Li-ion:
    cost: 169.534
    lifetime: 17.0858
    annual_cost: 9.922508749956105
    efficiency: 0.930951
    discharge_ratio: 2
    depth_of_discharge: 0.9
  Pb-acid:
    cost: 225.318
    lifetime: 10.6892
    annual_cost: 21.079033042697304
    efficiency: 0.704755
    discharge_ratio: 5
    depth_of_discharge: 0.5
  VRBF:
    cost: 247.925
    lifetime: 23.9473
    annual_cost: 10.352941667745425
    efficiency: 0.67895
    discharge_ratio: 0.5
    depth_of_discharge: 1.0
