cost_values:
  wind_capex: 5000.0
  wind_opex: 100
  wind_lifetime: 20
  solar_capex: 1000.0
  solar_opex: 10
  solar_lifetime: 20
  carbon_price: 1.0
timeseries_values:
  load_level: 221803.70241160263
  wind_year: 2011
  solar_year: 2013
  price_year: 2023
  carbon_year: 2023
storage_values:
  CAES:
    cost: 68.2699
    lifetime: 27.4644
    annual_cost: 2.485759747163601
    efficiency: 0.617193
    discharge_ratio: 0.1
    depth_of_discharge: 0.4
  Li-ion:
    cost: 171.49
    lifetime: 17.3761
    annual_cost: 9.869303238356133
    efficiency: 0.943419
    discharge_ratio: 2
    depth_of_discharge: 0.9
  Pb-acid:
    cost: 186.351
    lifetime: 11.4851
    annual_cost: 16.225457331673212
    efficiency: 0.716037
    discharge_ratio: 5
    depth_of_discharge: 0.5
  VRBF:
    cost: 209.939
    lifetime: 21.311
    annual_cost: 9.8512036037727
    efficiency: 0.673171
    discharge_ratio: 0.5
    depth_of_discharge: 1.0
