cost_values:
  wind_capex: 5000.0
  wind_opex: 100
  wind_lifetime: 20
  solar_capex: 1000.0
  solar_opex: 10
  solar_lifetime: 20
  carbon_price: 1.0
timeseries_values:
  load_level: 221803.70241160263
  wind_year: 2011
  solar_year: 2013
  price_year: 2023
  carbon_year: 2023
storage_values:
  CAES:
    cost: 74.2162
    lifetime: 29.1252
    annual_cost: 2.548178209935039
    efficiency: 0.622268
    discharge_ratio: 0.1
    depth_of_discharge: 0.4
  Li-ion:
    cost: 142.283
    lifetime: 19.3059
    annual_cost: 7.36992318410434
    efficiency: 0.953106
    discharge_ratio: 2
    depth_of_discharge: 0.9
  Pb-acid:
    cost: 215.41
    lifetime: 11.2233
    annual_cost: 19.19310719663557
    efficiency: 0.726971
    discharge_ratio: 5
    depth_of_discharge: 0.5
  VRBF:
    cost: 248.962
    lifetime: 23.0486
    annual_cost: 10.801610509965897
    efficiency: 0.685845
    discharge_ratio: 0.5
    depth_of_discharge: 1.0
