cost_values:
  wind_capex: 5000.0
  wind_opex: 100
  wind_lifetime: 20
  solar_capex: 1000.0
  solar_opex: 10
  solar_lifetime: 20
  carbon_price: 1.0
timeseries_values:
  load_level: 221803.70241160263
  wind_year: 2011
  solar_year: 2013
  price_year: 2023
  carbon_year: 2023
storage_values:
  CAES:
    cost: 73.7821
    lifetime: 27.9299
    annual_cost: 2.641688656242951
    efficiency: 0.623432
    discharge_ratio: 0.1
    depth_of_discharge: 0.4
  Li-ion:
    cost: 172.627
    lifetime: 18.1886
    annual_cost: 9.49094487756067
    efficiency: 0.94361
    discharge_ratio: 2
    depth_of_discharge: 0.9
  Pb-acid:
    cost: 214.319
    lifetime: 11.83
    annual_cost: 18.116568047337278
    efficiency: 0.73227
    discharge_ratio: 5
    depth_of_discharge: 0.5
  VRBF:
    cost: 238.525
    lifetime: 22.5728
    annual_cost: 10.566921250354408
    efficiency: 0.665951
    discharge_ratio: 0.5
    depth_of_discharge: 1.0
