cost_values:
  wind_capex: 5000.0
  wind_opex: 100
  wind_lifetime: 20
  solar_capex: 1000.0
  solar_opex: 10
  solar_lifetime: 20
  carbon_price: 1.0
timeseries_values:
  load_level: 221803.70241160263
  wind_year: 2011
  solar_year: 2013
  price_year: 2023
  carbon_year: 2023
storage_values:
  CAES:
    cost: 78.3738
    lifetime: 28.4439
    annual_cost: 2.7553816459768177
    efficiency: 0.620772
    discharge_ratio: 0.1
    depth_of_discharge: 0.4
  Li-ion:
    cost: 175.871
    lifetime: 18.0236
    annual_cost: 9.757817528129786
    efficiency: 0.948412
    discharge_ratio: 2
    depth_of_discharge: 0.9
  Pb-acid:
    cost: 213.706
    lifetime: 11.8332
    annual_cost: 18.059865463272825
    efficiency: 0.717947
    discharge_ratio: 5
    depth_of_discharge: 0.5
  VRBF:
    cost: 224.421
    lifetime: 22.3583
    annual_cost: 10.03748048823032
    efficiency: 0.685575
    discharge_ratio: 0.5
    depth_of_discharge: 1.0
