cost_values:
  wind_capex: 5000.0
  wind_opex: 100
  wind_lifetime: 20
  solar_capex: 1000.0
  solar_opex: 10
  solar_lifetime: 20
  carbon_price: 1.0
timeseries_values:
  load_level: 221803.70241160263
  wind_year: 2011
  solar_year: 2013
  price_year: 2023
  carbon_year: 2023
storage_values:
  CAES:
    cost: 68.6923
    lifetime: 29.2336
    annual_cost: 2.3497721799573097
    efficiency: 0.617345
    discharge_ratio: 0.1
    depth_of_discharge: 0.4
  Li-ion:
    cost: 174.78
    lifetime: 18.883
    annual_cost: 9.255944500344226
    efficiency: 0.918013
    discharge_ratio: 2
    depth_of_discharge: 0.9
  Pb-acid:
    cost: 196.689
    lifetime: 11.5829
    annual_cost: 16.980980583446286
    efficiency: 0.72607
    discharge_ratio: 5
    depth_of_discharge: 0.5
  VRBF:
    cost: 213.062
    lifetime: 24.0373
    annual_cost: 8.863807499178362
    efficiency: 0.691946
    discharge_ratio: 0.5
    depth_of_discharge: 1.0
