cost_values:
  wind_capex: 5000.0
  wind_opex: 100
  wind_lifetime: 20
  solar_capex: 1000.0
  solar_opex: 10
  solar_lifetime: 20
  carbon_price: 1.0
timeseries_values:
  load_level: 221803.70241160263
  wind_year: 2011
  solar_year: 2013
  price_year: 2023
  carbon_year: 2023
storage_values:
  CAES:
    cost: 68.6864
    lifetime: 26.477
    annual_cost: 2.594191184801904
    efficiency: 0.617016
    discharge_ratio: 0.1
    depth_of_discharge: 0.4
  Li-ion:
    cost: 166.055
    lifetime: 20.3575
    annual_cost: 8.156944615006754
    efficiency: 0.935545
    discharge_ratio: 2
    depth_of_discharge: 0.9
  Pb-acid:
    cost: 205.759
    lifetime: 11.871
    annual_cost: 17.33291213882571
    efficiency: 0.744158
    discharge_ratio: 5
    depth_of_discharge: 0.5
  VRBF:
    cost: 213.254
    lifetime: 23.5573
    annual_cost: 9.052565446804174
    efficiency: 0.69335
    discharge_ratio: 0.5
    depth_of_discharge: 1.0
