cost_values:
  wind_capex: 5000.0
  wind_opex: 100
  wind_lifetime: 20
  solar_capex: 1000.0
  solar_opex: 10
  solar_lifetime: 20
  carbon_price: 1.0
timeseries_values:
  load_level: 221803.70241160263
  wind_year: 2011
  solar_year: 2013
  price_year: 2023
  carbon_year: 2023
storage_values:
  CAES:
    cost: 70.5278
    lifetime: 27.7519
    annual_cost: 2.541368338744374
    efficiency: 0.626025
    discharge_ratio: 0.1
    depth_of_discharge: 0.4
  Li-ion:
    cost: 170.644
    lifetime: 17.9305
    annual_cost: 9.516968294247233
    efficiency: 0.939852
    discharge_ratio: 2
    depth_of_discharge: 0.9
  Pb-acid:
    cost: 208.791
    lifetime: 11.6366
    annual_cost: 17.942612103191653
    efficiency: 0.715614
    discharge_ratio: 5
    depth_of_discharge: 0.5
  VRBF:
    cost: 231.17
    lifetime: 23.0347
    annual_cost: 10.03572870495383
    efficiency: 0.701993
    discharge_ratio: 0.5
    depth_of_discharge: 1.0
