cost_values:
  wind_capex: 5000.0
  wind_opex: 100
  wind_lifetime: 20
  solar_capex: 1000.0
  solar_opex: 10
  solar_lifetime: 20
  carbon_price: 1.0
timeseries_values:
  load_level: 221803.70241160263
  wind_year: 2011
  solar_year: 2013
  price_year: 2023
  carbon_year: 2023
storage_values:
  CAES:
    cost: 68.0897
    lifetime: 27.9565
    annual_cost: 2.4355588145869476
    efficiency: 0.625871
    discharge_ratio: 0.1
    depth_of_discharge: 0.4
  Li-ion:
    cost: 168.313
    lifetime: 17.0282
    annual_cost: 9.884368283200809
    efficiency: 0.942684
    discharge_ratio: 2
    depth_of_discharge: 0.9
  Pb-acid:
    cost: 214.543
    lifetime: 11.2117
    annual_cost: 19.135635095480612
    efficiency: 0.735927
    discharge_ratio: 5
    depth_of_discharge: 0.5
  VRBF:
    cost: 255.831
    lifetime: 23.1955
    annual_cost: 11.029337587031968
    efficiency: 0.68188
    discharge_ratio: 0.5
    depth_of_discharge: 1.0
