cost_values:
  wind_capex: 5000.0
  wind_opex: 100
  wind_lifetime: 20
  solar_capex: 1000.0
  solar_opex: 10
  solar_lifetime: 20
  carbon_price: 1.0
timeseries_values:
  load_level: 221803.70241160263
  wind_year: 2011
  solar_year: 2013
  price_year: 2023
  carbon_year: 2023
storage_values:
  CAES:
    cost: 69.6867
    lifetime: 28.1005
    annual_cost: 2.4799096101492855
    efficiency: 0.62097
    discharge_ratio: 0.1
    depth_of_discharge: 0.4
  Li-ion:
    cost: 188.901
    lifetime: 20.0451
    annual_cost: 9.423799332505201
    efficiency: 0.944441
    discharge_ratio: 2
    depth_of_discharge: 0.9
  Pb-acid:
    cost: 197.693
    lifetime: 10.899
    annual_cost: 18.138636572162586
    efficiency: 0.725391
    discharge_ratio: 5
    depth_of_discharge: 0.5
  VRBF:
    cost: 239.765
    lifetime: 23.8432
    annual_cost: 10.055906925244933
    efficiency: 0.685871
    discharge_ratio: 0.5
    depth_of_discharge: 1.0
