cost_values:
  wind_capex: 5000.0
  wind_opex: 100
  wind_lifetime: 20
  solar_capex: 1000.0
  solar_opex: 10
  solar_lifetime: 20
  carbon_price: 1.0
timeseries_values:
  load_level: 221803.70241160263
  wind_year: 2011
  solar_year: 2013
  price_year: 2023
  carbon_year: 2023
storage_values:
  CAES:
    cost: 73.3206
    lifetime: 28.6615
    annual_cost: 2.5581564119114493
    efficiency: 0.62839
    discharge_ratio: 0.1
    depth_of_discharge: 0.4
  Li-ion:
    cost: 188.899
    lifetime: 18.6805
    annual_cost: 10.112095500655764
    efficiency: 0.940278
    discharge_ratio: 2
    depth_of_discharge: 0.9
  Pb-acid:
    cost: 238.909
    lifetime: 10.6175
    annual_cost: 22.501436307982104
    efficiency: 0.739527
    discharge_ratio: 5
    depth_of_discharge: 0.5
  VRBF:
    cost: 221.33
    lifetime: 22.46
    annual_cost: 9.854407836153161
    efficiency: 0.6791
    discharge_ratio: 0.5
    depth_of_discharge: 1.0
