cost_values:
  wind_capex: 5000.0
  wind_opex: 100
  wind_lifetime: 20
  solar_capex: 1000.0
  solar_opex: 10
  solar_lifetime: 20
  carbon_price: 1.0
timeseries_values:
  load_level: 221803.70241160263
  wind_year: 2011
  solar_year: 2013
  price_year: 2023
  carbon_year: 2023
storage_values:
  CAES:
    cost: 70.3292
    lifetime: 28.376
    annual_cost: 2.478474767409078
    efficiency: 0.63593
    discharge_ratio: 0.1
    depth_of_discharge: 0.4
  Li-ion:
    cost: 176.026
    lifetime: 16.811
    annual_cost: 10.470882160490156
    efficiency: 0.952216
    discharge_ratio: 2
    depth_of_discharge: 0.9
  Pb-acid:
    cost: 221.635
    lifetime: 11.9368
    annual_cost: 18.567371489846526
    efficiency: 0.714932
    discharge_ratio: 5
    depth_of_discharge: 0.5
  VRBF:
    cost: 199.98
    lifetime: 24.3384
    annual_cost: 8.216645301252342
    efficiency: 0.689444
    discharge_ratio: 0.5
    depth_of_discharge: 1.0
