cost_values:
  wind_capex: 5000.0
  wind_opex: 100
  wind_lifetime: 20
  solar_capex: 1000.0
  solar_opex: 10
  solar_lifetime: 20
  carbon_price: 1.0
timeseries_values:
  load_level: 221803.70241160263
  wind_year: 2011
  solar_year: 2013
  price_year: 2023
  carbon_year: 2023
storage_values:
  CAES:
    cost: 70.2611
    lifetime: 26.8465
    annual_cost: 2.6171418993164846
    efficiency: 0.614956
    discharge_ratio: 0.1
    depth_of_discharge: 0.4
  Li-ion:
    cost: 166.767
    lifetime: 17.6363
    annual_cost: 9.45589494395083
    efficiency: 0.933977
    discharge_ratio: 2
    depth_of_discharge: 0.9
  Pb-acid:
    cost: 209.003
    lifetime: 12.5279
    annual_cost: 16.683003536107407
    efficiency: 0.725233
    discharge_ratio: 5
    depth_of_discharge: 0.5
  VRBF:
    cost: 244.613
    lifetime: 23.3141
    annual_cost: 10.492062743146851
    efficiency: 0.683925
    discharge_ratio: 0.5
    depth_of_discharge: 1.0
