cost_values:
  wind_capex: 5000.0
  wind_opex: 100
  wind_lifetime: 20
  solar_capex: 1000.0
  solar_opex: 10
  solar_lifetime: 20
  carbon_price: 1.0
timeseries_values:
  load_level: 221803.70241160263
  wind_year: 2011
  solar_year: 2013
  price_year: 2023
  carbon_year: 2023
storage_values:
  CAES:
    cost: 74.3092
    lifetime: 28.5821
    annual_cost: 2.599850955668058
    efficiency: 0.622946
    discharge_ratio: 0.1
    depth_of_discharge: 0.4
  Li-ion:
    cost: 165.307
    lifetime: 17.1418
    annual_cost: 9.64350301601932
    efficiency: 0.94589
    discharge_ratio: 2
    depth_of_discharge: 0.9
  Pb-acid:
    cost: 213.514
    lifetime: 12.0307
    annual_cost: 17.747429492880716
    efficiency: 0.741151
    discharge_ratio: 5
    depth_of_discharge: 0.5
  VRBF:
    cost: 227.778
    lifetime: 21.6878
    annual_cost: 10.502586707734302
    efficiency: 0.678879
    discharge_ratio: 0.5
    depth_of_discharge: 1.0
