cost_values:
  wind_capex: 5000.0
  wind_opex: 100
  wind_lifetime: 20
  solar_capex: 1000.0
  solar_opex: 10
  solar_lifetime: 20
  carbon_price: 1.0
timeseries_values:
  load_level: 221803.70241160263
  wind_year: 2011
  solar_year: 2013
  price_year: 2023
  carbon_year: 2023
storage_values:
  CAES:
    cost: 67.6696
    lifetime: 28.0235
    annual_cost: 2.4147447677841813
    efficiency: 0.618323
    discharge_ratio: 0.1
    depth_of_discharge: 0.4
  Li-ion:
    cost: 163.949
    lifetime: 18.0517
    annual_cost: 9.082191704936378
    efficiency: 0.940854
    discharge_ratio: 2
    depth_of_discharge: 0.9
  Pb-acid:
    cost: 202.538
    lifetime: 11.7838
    annual_cost: 17.18783414518237
    efficiency: 0.730305
    discharge_ratio: 5
    depth_of_discharge: 0.5
  VRBF:
    cost: 222.233
    lifetime: 23.1613
    annual_cost: 9.595014096790766
    efficiency: 0.689914
    discharge_ratio: 0.5
    depth_of_discharge: 1.0
