cost_values:
  wind_capex: 5000.0
  wind_opex: 100
  wind_lifetime: 20
  solar_capex: 1000.0
  solar_opex: 10
  solar_lifetime: 20
  carbon_price: 1.0
timeseries_values:
  load_level: 221803.70241160263
  wind_year: 2011
  solar_year: 2013
  price_year: 2023
  carbon_year: 2023
storage_values:
  CAES:
    cost: 74.5706
    lifetime: 27.3204
    annual_cost: 2.729484194960542
    efficiency: 0.610529
    discharge_ratio: 0.1
    depth_of_discharge: 0.4
  Li-ion:
    cost: 169.049
    lifetime: 20.3707
    annual_cost: 8.298634803909538
    efficiency: 0.939234
    discharge_ratio: 2
    depth_of_discharge: 0.9
  Pb-acid:
    cost: 215.361
    lifetime: 10.18
    annual_cost: 21.155304518664046
    efficiency: 0.748413
    discharge_ratio: 5
    depth_of_discharge: 0.5
  VRBF:
    cost: 256.983
    lifetime: 23.5103
    annual_cost: 10.930655925275305
    efficiency: 0.692729
    discharge_ratio: 0.5
    depth_of_discharge: 1.0
