cost_values:
  wind_capex: 5000.0
  wind_opex: 100
  wind_lifetime: 20
  solar_capex: 1000.0
  solar_opex: 10
  solar_lifetime: 20
  carbon_price: 1.0
timeseries_values:
  load_level: 221803.70241160263
  wind_year: 2011
  solar_year: 2013
  price_year: 2023
  carbon_year: 2023
storage_values:
  CAES:
    cost: 73.1886
    lifetime: 27.5117
    annual_cost: 2.660271811629234
    efficiency: 0.612976
    discharge_ratio: 0.1
    depth_of_discharge: 0.4
  Li-ion:
    cost: 177.522
    lifetime: 16.2974
    annual_cost: 10.89265772454502
    efficiency: 0.92752
    discharge_ratio: 2
    depth_of_discharge: 0.9
  Pb-acid:
    cost: 212.144
    lifetime: 12.4578
    annual_cost: 17.029009937549166
    efficiency: 0.73172
    discharge_ratio: 5
    depth_of_discharge: 0.5
  VRBF:
    cost: 238.774
    lifetime: 25.4121
    annual_cost: 9.396075098083196
    efficiency: 0.683367
    discharge_ratio: 0.5
    depth_of_discharge: 1.0
