cost_values:
  wind_capex: 5000.0
  wind_opex: 100
  wind_lifetime: 20
  solar_capex: 1000.0
  solar_opex: 10
  solar_lifetime: 20
  carbon_price: 1.0
timeseries_values:
  load_level: 221803.70241160263
  wind_year: 2011
  solar_year: 2013
  price_year: 2023
  carbon_year: 2023
storage_values:
  CAES:
    cost: 76.6109
    lifetime: 27.3513
    annual_cost: 2.8009966619502547
    efficiency: 0.609995
    discharge_ratio: 0.1
    depth_of_discharge: 0.4
  Li-ion:
    cost: 192.992
    lifetime: 16.2195
    annual_cost: 11.898763833657018
    efficiency: 0.930552
    discharge_ratio: 2
    depth_of_discharge: 0.9
  Pb-acid:
    cost: 199.071
    lifetime: 11.2075
    annual_cost: 17.762302029890698
    efficiency: 0.737713
    discharge_ratio: 5
    depth_of_discharge: 0.5
  VRBF:
    cost: 277.213
    lifetime: 21.063
    annual_cost: 13.161135640696958
    efficiency: 0.680379
    discharge_ratio: 0.5
    depth_of_discharge: 1.0
