cost_values:
  wind_capex: 5000.0
  wind_opex: 100
  wind_lifetime: 20
  solar_capex: 1000.0
  solar_opex: 10
  solar_lifetime: 20
  carbon_price: 1.0
timeseries_values:
  load_level: 221803.70241160263
  wind_year: 2011
  solar_year: 2013
  price_year: 2023
  carbon_year: 2023
storage_values:
  CAES:
    cost: 74.0318
    lifetime: 28.1843
    annual_cost: 2.626703519335233
    efficiency: 0.616426
    discharge_ratio: 0.1
    depth_of_discharge: 0.4
  Li-ion:
    cost: 171.491
    lifetime: 17.4286
    annual_cost: 9.839631410440312
    efficiency: 0.936798
    discharge_ratio: 2
    depth_of_discharge: 0.9
  Pb-acid:
    cost: 190.525
    lifetime: 9.50525
    annual_cost: 20.044186107677337
    efficiency: 0.729419
    discharge_ratio: 5
    depth_of_discharge: 0.5
  VRBF:
    cost: 241.523
    lifetime: 22.3034
    annual_cost: 10.828976747939777
    efficiency: 0.683213
    discharge_ratio: 0.5
    depth_of_discharge: 1.0
