cost_values:
  wind_capex: 5000.0
  wind_opex: 100
  wind_lifetime: 20
  solar_capex: 1000.0
  solar_opex: 10
  solar_lifetime: 20
  carbon_price: 1.0
timeseries_values:
  load_level: 221803.70241160263
  wind_year: 2011
  solar_year: 2013
  price_year: 2023
  carbon_year: 2023
storage_values:
  CAES:
    cost: 69.9562
    lifetime: 27.0262
    annual_cost: 2.588458606833369
    efficiency: 0.619908
    discharge_ratio: 0.1
    depth_of_discharge: 0.4
  Li-ion:
    cost: 179.454
    lifetime: 18.0813
    annual_cost: 9.924839475037746
    efficiency: 0.940636
    discharge_ratio: 2
    depth_of_discharge: 0.9
  Pb-acid:
    cost: 202.18
    lifetime: 11.4726
    annual_cost: 17.62285793978697
    efficiency: 0.7325
    discharge_ratio: 5
    depth_of_discharge: 0.5
  VRBF:
    cost: 220.73
    lifetime: 21.7274
    annual_cost: 10.15906182976334
    efficiency: 0.717021
    discharge_ratio: 0.5
    depth_of_discharge: 1.0
