cost_values:
  wind_capex: 5000.0
  wind_opex: 100
  wind_lifetime: 20
  solar_capex: 1000.0
  solar_opex: 10
  solar_lifetime: 20
  carbon_price: 1.0
timeseries_values:
  load_level: 221803.70241160263
  wind_year: 2011
  solar_year: 2013
  price_year: 2023
  carbon_year: 2023
storage_values:
  CAES:
    cost: 73.0837
    lifetime: 26.8339
    annual_cost: 2.7235586329232797
    efficiency: 0.617121
    discharge_ratio: 0.1
    depth_of_discharge: 0.4
  Li-ion:
    cost: 174.37
    lifetime: 17.3455
    annual_cost: 10.052751434089533
    efficiency: 0.941496
    discharge_ratio: 2
    depth_of_discharge: 0.9
  Pb-acid:
    cost: 215.24
    lifetime: 11.8324
    annual_cost: 18.19073053649302
    efficiency: 0.730332
    discharge_ratio: 5
    depth_of_discharge: 0.5
  VRBF:
    cost: 256.079
    lifetime: 22.0108
    annual_cost: 11.634243189706872
    efficiency: 0.710392
    discharge_ratio: 0.5
    depth_of_discharge: 1.0
