cost_values:
  wind_capex: 5000.0
  wind_opex: 100
  wind_lifetime: 20
  solar_capex: 1000.0
  solar_opex: 10
  solar_lifetime: 20
  carbon_price: 1.0
timeseries_values:
  load_level: 221803.70241160263
  wind_year: 2011
  solar_year: 2013
  price_year: 2023
  carbon_year: 2023
storage_values:
  CAES:
    cost: 83.621
    lifetime: 28.3725
    annual_cost: 2.9472552647810377
    efficiency: 0.62112
    discharge_ratio: 0.1
    depth_of_discharge: 0.4
  Li-ion:
    cost: 160.926
    lifetime: 17.2029
    annual_cost: 9.354585564061873
    efficiency: 0.925271
    discharge_ratio: 2
    depth_of_discharge: 0.9
  Pb-acid:
    cost: 220.778
    lifetime: 10.7151
    annual_cost: 20.604380733730903
    efficiency: 0.731157
    discharge_ratio: 5
    depth_of_discharge: 0.5
  VRBF:
    cost: 210.726
    lifetime: 23.3014
    annual_cost: 9.043490949041688
    efficiency: 0.676329
    discharge_ratio: 0.5
    depth_of_discharge: 1.0
