cost_values:
  wind_capex: 5000.0
  wind_opex: 100
  wind_lifetime: 20
  solar_capex: 1000.0
  solar_opex: 10
  solar_lifetime: 20
  carbon_price: 1.0
timeseries_values:
  load_level: 221803.70241160263
  wind_year: 2011
  solar_year: 2013
  price_year: 2023
  carbon_year: 2023
storage_values:
  CAES:
    cost: 77.4702
    lifetime: 27.413
    annual_cost: 2.826038740743443
    efficiency: 0.626507
    discharge_ratio: 0.1
    depth_of_discharge: 0.4
  Li-ion:
    cost: 178.296
    lifetime: 16.9394
    annual_cost: 10.5255203844292
    efficiency: 0.92871
    discharge_ratio: 2
    depth_of_discharge: 0.9
  Pb-acid:
    cost: 196.115
    lifetime: 10.5095
    annual_cost: 18.660735525001193
    efficiency: 0.71731
    discharge_ratio: 5
    depth_of_discharge: 0.5
  VRBF:
    cost: 220.306
    lifetime: 22.3677
    annual_cost: 9.849291612459037
    efficiency: 0.680317
    discharge_ratio: 0.5
    depth_of_discharge: 1.0
