cost_values:
  wind_capex: 5000.0
  wind_opex: 100
  wind_lifetime: 20
  solar_capex: 1000.0
  solar_opex: 10
  solar_lifetime: 20
  carbon_price: 1.0
timeseries_values:
  load_level: 221803.70241160263
  wind_year: 2011
  solar_year: 2013
  price_year: 2023
  carbon_year: 2023
storage_values:
  CAES:
    cost: 76.6477
    lifetime: 27.9872
    annual_cost: 2.7386698204893665
    efficiency: 0.63327
    discharge_ratio: 0.1
    depth_of_discharge: 0.4
  Li-ion:
    cost: 175.357
    lifetime: 14.6904
    annual_cost: 11.936843108424549
    efficiency: 0.92543
    discharge_ratio: 2
    depth_of_discharge: 0.9
  Pb-acid:
    cost: 217.85
    lifetime: 13.5027
    annual_cost: 16.13381027498204
    efficiency: 0.724215
    discharge_ratio: 5
    depth_of_discharge: 0.5
  VRBF:
    cost: 234.618
    lifetime: 20.7433
    annual_cost: 11.310543645418038
    efficiency: 0.680819
    discharge_ratio: 0.5
    depth_of_discharge: 1.0
