cost_values:
  wind_capex: 5000.0
  wind_opex: 100
  wind_lifetime: 20
  solar_capex: 1000.0
  solar_opex: 10
  solar_lifetime: 20
  carbon_price: 1.0
timeseries_values:
  load_level: 221803.70241160263
  wind_year: 2011
  solar_year: 2013
  price_year: 2023
  carbon_year: 2023
storage_values:
  CAES:
    cost: 73.5618
    lifetime: 27.607
    annual_cost: 2.6646068026225236
    efficiency: 0.626596
    discharge_ratio: 0.1
    depth_of_discharge: 0.4
  Li-ion:
    cost: 204.529
    lifetime: 18.6783
    annual_cost: 10.95008646397156
    efficiency: 0.945106
    discharge_ratio: 2
    depth_of_discharge: 0.9
  Pb-acid:
    cost: 203.176
    lifetime: 11.1109
    annual_cost: 18.28618743756131
    efficiency: 0.711033
    discharge_ratio: 5
    depth_of_discharge: 0.5
  VRBF:
    cost: 183.39
    lifetime: 23.2663
    annual_cost: 7.8822159088467
    efficiency: 0.661028
    discharge_ratio: 0.5
    depth_of_discharge: 1.0
