cost_values:
  wind_capex: 5000.0
  wind_opex: 100
  wind_lifetime: 20
  solar_capex: 1000.0
  solar_opex: 10
  solar_lifetime: 20
  carbon_price: 1.0
timeseries_values:
  load_level: 221803.70241160263
  wind_year: 2011
  solar_year: 2013
  price_year: 2023
  carbon_year: 2023
storage_values:
  CAES:
    cost: 75.6691
    lifetime: 27.4769
    annual_cost: 2.753916926581965
    efficiency: 0.626153
    discharge_ratio: 0.1
    depth_of_discharge: 0.4
  Li-ion:
    cost: 200.543
    lifetime: 18.2327
    annual_cost: 10.999084063248997
    efficiency: 0.92521
    discharge_ratio: 2
    depth_of_discharge: 0.9
  Pb-acid:
    cost: 194.024
    lifetime: 12.1244
    annual_cost: 16.002771271155687
    efficiency: 0.728032
    discharge_ratio: 5
    depth_of_discharge: 0.5
  VRBF:
    cost: 227.5
    lifetime: 22.507
    annual_cost: 10.107966410450082
    efficiency: 0.680357
    discharge_ratio: 0.5
    depth_of_discharge: 1.0
