cost_values:
  wind_capex: 5000.0
  wind_opex: 100
  wind_lifetime: 20
  solar_capex: 1000.0
  solar_opex: 10
  solar_lifetime: 20
  carbon_price: 1.0
timeseries_values:
  load_level: 221803.70241160263
  wind_year: 2011
  solar_year: 2013
  price_year: 2023
  carbon_year: 2023
storage_values:
  CAES:
    cost: 70.9603
    lifetime: 27.7936
    annual_cost: 2.553116544816073
    efficiency: 0.622722
    discharge_ratio: 0.1
    depth_of_discharge: 0.4
  Li-ion:
    cost: 170.165
    lifetime: 16.5485
    annual_cost: 10.282805088074447
    efficiency: 0.943151
    discharge_ratio: 2
    depth_of_discharge: 0.9
  Pb-acid:
    cost: 211.533
    lifetime: 11.1902
    annual_cost: 18.90341548855248
    efficiency: 0.723505
    discharge_ratio: 5
    depth_of_discharge: 0.5
  VRBF:
    cost: 253.205
    lifetime: 20.2344
    annual_cost: 12.513590716799115
    efficiency: 0.678289
    discharge_ratio: 0.5
    depth_of_discharge: 1.0
