cost_values:
  wind_capex: 5000.0
  wind_opex: 100
  wind_lifetime: 20
  solar_capex: 1000.0
  solar_opex: 10
  solar_lifetime: 20
  carbon_price: 1.0
timeseries_values:
  load_level: 221803.70241160263
  wind_year: 2011
  solar_year: 2013
  price_year: 2023
  carbon_year: 2023
storage_values:
  CAES:
    cost: 75.883
    lifetime: 28.1602
    annual_cost: 2.6946896683972414
    efficiency: 0.619552
    discharge_ratio: 0.1
    depth_of_discharge: 0.4
  Li-ion:
    cost: 164.245
    lifetime: 16.7765
    annual_cost: 9.790182696033142
    efficiency: 0.92836
    discharge_ratio: 2
    depth_of_discharge: 0.9
  Pb-acid:
    cost: 212.668
    lifetime: 11.6371
    annual_cost: 18.274999785169847
    efficiency: 0.735236
    discharge_ratio: 5
    depth_of_discharge: 0.5
  VRBF:
    cost: 238.633
    lifetime: 22.8541
    annual_cost: 10.441583785841491
    efficiency: 0.671393
    discharge_ratio: 0.5
    depth_of_discharge: 1.0
