cost_values:
  wind_capex: 5000.0
  wind_opex: 100
  wind_lifetime: 20
  solar_capex: 1000.0
  solar_opex: 10
  solar_lifetime: 20
  carbon_price: 1.0
timeseries_values:
  load_level: 221803.70241160263
  wind_year: 2011
  solar_year: 2013
  price_year: 2023
  carbon_year: 2023
storage_values:
  CAES:
    cost: 81.1121
    lifetime: 28.8129
    annual_cost: 2.815131416830656
    efficiency: 0.619224
    discharge_ratio: 0.1
    depth_of_discharge: 0.4
  Li-ion:
    cost: 180.032
    lifetime: 21.372
    annual_cost: 8.423731985775781
    efficiency: 0.941485
    discharge_ratio: 2
    depth_of_discharge: 0.9
  Pb-acid:
    cost: 204.047
    lifetime: 12.5299
    annual_cost: 16.284806742272483
    efficiency: 0.728647
    discharge_ratio: 5
    depth_of_discharge: 0.5
  VRBF:
    cost: 240.855
    lifetime: 24.1943
    annual_cost: 9.955030730378644
    efficiency: 0.694333
    discharge_ratio: 0.5
    depth_of_discharge: 1.0
