cost_values:
  wind_capex: 5000.0
  wind_opex: 100
  wind_lifetime: 20
  solar_capex: 1000.0
  solar_opex: 10
  solar_lifetime: 20
  carbon_price: 1.0
timeseries_values:
  load_level: 221803.70241160263
  wind_year: 2011
  solar_year: 2013
  price_year: 2023
  carbon_year: 2023
storage_values:
  CAES:
    cost: 82.2019
    lifetime: 27.9465
    annual_cost: 2.9414023222943837
    efficiency: 0.617918
    discharge_ratio: 0.1
    depth_of_discharge: 0.4
  Li-ion:
    cost: 152.336
    lifetime: 19.6449
    annual_cost: 7.754480806723374
    efficiency: 0.935152
    discharge_ratio: 2
    depth_of_discharge: 0.9
  Pb-acid:
    cost: 175.416
    lifetime: 11.6703
    annual_cost: 15.03097606745328
    efficiency: 0.737113
    discharge_ratio: 5
    depth_of_discharge: 0.5
  VRBF:
    cost: 240.599
    lifetime: 24.743
    annual_cost: 9.723921917309946
    efficiency: 0.693632
    discharge_ratio: 0.5
    depth_of_discharge: 1.0
