cost_values:
  wind_capex: 5000.0
  wind_opex: 100
  wind_lifetime: 20
  solar_capex: 1000.0
  solar_opex: 10
  solar_lifetime: 20
  carbon_price: 1.0
timeseries_values:
  load_level: 221803.70241160263
  wind_year: 2011
  solar_year: 2013
  price_year: 2023
  carbon_year: 2023
storage_values:
  CAES:
    cost: 68.2531
    lifetime: 27.725
    annual_cost: 2.4617889990982866
    efficiency: 0.619126
    discharge_ratio: 0.1
    depth_of_discharge: 0.4
  Li-ion:
    cost: 171.745
    lifetime: 18.4184
    annual_cost: 9.324642748555792
    efficiency: 0.933724
    discharge_ratio: 2
    depth_of_discharge: 0.9
  Pb-acid:
    cost: 216.721
    lifetime: 11.2817
    annual_cost: 19.209959491920543
    efficiency: 0.717778
    discharge_ratio: 5
    depth_of_discharge: 0.5
  VRBF:
    cost: 239.994
    lifetime: 22.3424
    annual_cost: 10.741639215124605
    efficiency: 0.673443
    discharge_ratio: 0.5
    depth_of_discharge: 1.0
