cost_values:
  wind_capex: 5000.0
  wind_opex: 100
  wind_lifetime: 20
  solar_capex: 1000.0
  solar_opex: 10
  solar_lifetime: 20
  carbon_price: 1.0
timeseries_values:
  load_level: 221803.70241160263
  wind_year: 2011
  solar_year: 2013
  price_year: 2023
  carbon_year: 2023
storage_values:
  CAES:
    cost: 72.007
    lifetime: 27.2273
    annual_cost: 2.644661791657638
    efficiency: 0.610986
    discharge_ratio: 0.1
    depth_of_discharge: 0.4
  Li-ion:
    cost: 196.823
    lifetime: 16.0824
    annual_cost: 12.238409690096006
    efficiency: 0.926876
    discharge_ratio: 2
    depth_of_discharge: 0.9
  Pb-acid:
    cost: 210.983
    lifetime: 10.5491
    annual_cost: 20.000094794816622
    efficiency: 0.724948
    discharge_ratio: 5
    depth_of_discharge: 0.5
  VRBF:
    cost: 272.12
    lifetime: 23.3809
    annual_cost: 11.638559679054271
    efficiency: 0.685692
    discharge_ratio: 0.5
    depth_of_discharge: 1.0
