cost_values:
  wind_capex: 5000.0
  wind_opex: 100
  wind_lifetime: 20
  solar_capex: 1000.0
  solar_opex: 10
  solar_lifetime: 20
  carbon_price: 1.0
timeseries_values:
  load_level: 221803.70241160263
  wind_year: 2011
  solar_year: 2013
  price_year: 2023
  carbon_year: 2023
storage_values:
  CAES:
    cost: 77.2181
    lifetime: 27.6505
    annual_cost: 2.7926475108949207
    efficiency: 0.621311
    discharge_ratio: 0.1
    depth_of_discharge: 0.4
  Li-ion:
    cost: 177.194
    lifetime: 17.7307
    annual_cost: 9.993626873163496
    efficiency: 0.936132
    discharge_ratio: 2
    depth_of_discharge: 0.9
  Pb-acid:
    cost: 221.038
    lifetime: 12.2336
    annual_cost: 18.068107507193307
    efficiency: 0.746005
    discharge_ratio: 5
    depth_of_discharge: 0.5
  VRBF:
    cost: 221.223
    lifetime: 23.9996
    annual_cost: 9.217778629643828
    efficiency: 0.706968
    discharge_ratio: 0.5
    depth_of_discharge: 1.0
