cost_values:
  wind_capex: 5000.0
  wind_opex: 100
  wind_lifetime: 20
  solar_capex: 1000.0
  solar_opex: 10
  solar_lifetime: 20
  carbon_price: 1.0
timeseries_values:
  load_level: 221803.70241160263
  wind_year: 2011
  solar_year: 2013
  price_year: 2023
  carbon_year: 2023
storage_values:
  CAES:
    cost: 68.5718
    lifetime: 26.6625
    annual_cost: 2.5718443506797932
    efficiency: 0.630729
    discharge_ratio: 0.1
    depth_of_discharge: 0.4
  Li-ion:
    cost: 192.202
    lifetime: 18.4101
    annual_cost: 10.440030200813684
    efficiency: 0.943569
    discharge_ratio: 2
    depth_of_discharge: 0.9
  Pb-acid:
    cost: 199.401
    lifetime: 10.4869
    annual_cost: 19.014294023972766
    efficiency: 0.73737
    discharge_ratio: 5
    depth_of_discharge: 0.5
  VRBF:
    cost: 209.588
    lifetime: 23.2116
    annual_cost: 9.029450791845456
    efficiency: 0.689872
    discharge_ratio: 0.5
    depth_of_discharge: 1.0
