cost_values:
  wind_capex: 5000.0
  wind_opex: 100
  wind_lifetime: 20
  solar_capex: 1000.0
  solar_opex: 10
  solar_lifetime: 20
  carbon_price: 1.0
timeseries_values:
  load_level: 221803.70241160263
  wind_year: 2011
  solar_year: 2013
  price_year: 2023
  carbon_year: 2023
storage_values:
  CAES:
    cost: 73.798
    lifetime: 28.4649
    annual_cost: 2.592596496035468
    efficiency: 0.609339
    discharge_ratio: 0.1
    depth_of_discharge: 0.4
  Li-ion:
    cost: 194.321
    lifetime: 17.1643
    annual_cost: 11.321230693940329
    efficiency: 0.93803
    discharge_ratio: 2
    depth_of_discharge: 0.9
  Pb-acid:
    cost: 214.786
    lifetime: 14.2062
    annual_cost: 15.119173318691837
    efficiency: 0.719636
    discharge_ratio: 5
    depth_of_discharge: 0.5
  VRBF:
    cost: 241.773
    lifetime: 22.6234
    annual_cost: 10.686855203019881
    efficiency: 0.67535
    discharge_ratio: 0.5
    depth_of_discharge: 1.0
