cost_values:
  wind_capex: 5000.0
  wind_opex: 100
  wind_lifetime: 20
  solar_capex: 1000.0
  solar_opex: 10
  solar_lifetime: 20
  carbon_price: 1.0
timeseries_values:
  load_level: 221803.70241160263
  wind_year: 2011
  solar_year: 2013
  price_year: 2023
  carbon_year: 2023
storage_values:
  CAES:
    cost: 78.2315
    lifetime: 27.8468
    annual_cost: 2.8093533188732636
    efficiency: 0.630557
    discharge_ratio: 0.1
    depth_of_discharge: 0.4
  Li-ion:
    cost: 189.748
    lifetime: 19.9671
    annual_cost: 9.50303248844349
    efficiency: 0.944366
    discharge_ratio: 2
    depth_of_discharge: 0.9
  Pb-acid:
    cost: 205.93
    lifetime: 9.94523
    annual_cost: 20.706409002104525
    efficiency: 0.728342
    discharge_ratio: 5
    depth_of_discharge: 0.5
  VRBF:
    cost: 244.355
    lifetime: 23.5383
    annual_cost: 10.381166014538008
    efficiency: 0.692736
    discharge_ratio: 0.5
    depth_of_discharge: 1.0
