cost_values:
  wind_capex: 5000.0
  wind_opex: 100
  wind_lifetime: 20
  solar_capex: 1000.0
  solar_opex: 10
  solar_lifetime: 20
  carbon_price: 1.0
timeseries_values:
  load_level: 221803.70241160263
  wind_year: 2011
  solar_year: 2013
  price_year: 2023
  carbon_year: 2023
storage_values:
  CAES:
    cost: 78.7277
    lifetime: 28.6728
    annual_cost: 2.7457276582684638
    efficiency: 0.631879
    discharge_ratio: 0.1
    depth_of_discharge: 0.4
  Li-ion:
    cost: 167.441
    lifetime: 16.1398
    annual_cost: 10.374416039851795
    efficiency: 0.926658
    discharge_ratio: 2
    depth_of_discharge: 0.9
  Pb-acid:
    cost: 216.775
    lifetime: 10.8017
    annual_cost: 20.06860031291371
    efficiency: 0.733854
    discharge_ratio: 5
    depth_of_discharge: 0.5
  VRBF:
    cost: 234.369
    lifetime: 21.1608
    annual_cost: 11.075620959510038
    efficiency: 0.686733
    discharge_ratio: 0.5
    depth_of_discharge: 1.0
