cost_values:
  wind_capex: 5000.0
  wind_opex: 100
  wind_lifetime: 20
  solar_capex: 1000.0
  solar_opex: 10
  solar_lifetime: 20
  carbon_price: 1.0
timeseries_values:
  load_level: 221803.70241160263
  wind_year: 2011
  solar_year: 2013
  price_year: 2023
  carbon_year: 2023
storage_values:
  CAES:
    cost: 68.5393
    lifetime: 27.9113
    annual_cost: 2.4556111682365205
    efficiency: 0.610768
    discharge_ratio: 0.1
    depth_of_discharge: 0.4
  Li-ion:
    cost: 188.211
    lifetime: 19.5024
    annual_cost: 9.650658380507014
    efficiency: 0.938863
    discharge_ratio: 2
    depth_of_discharge: 0.9
  Pb-acid:
    cost: 215.103
    lifetime: 11.965
    annual_cost: 17.977684914333473
    efficiency: 0.729982
    discharge_ratio: 5
    depth_of_discharge: 0.5
  VRBF:
    cost: 231.946
    lifetime: 21.3854
    annual_cost: 10.845997736773686
    efficiency: 0.699568
    discharge_ratio: 0.5
    depth_of_discharge: 1.0
