cost_values:
  wind_capex: 5000.0
  wind_opex: 100
  wind_lifetime: 20
  solar_capex: 1000.0
  solar_opex: 10
  solar_lifetime: 20
  carbon_price: 1.0
timeseries_values:
  load_level: 221803.70241160263
  wind_year: 2011
  solar_year: 2013
  price_year: 2023
  carbon_year: 2023
storage_values:
  CAES:
    cost: 73.2231
    lifetime: 27.7105
    annual_cost: 2.64243156926075
    efficiency: 0.630214
    discharge_ratio: 0.1
    depth_of_discharge: 0.4
  Li-ion:
    cost: 174.517
    lifetime: 17.4997
    annual_cost: 9.972570958359286
    efficiency: 0.934729
    discharge_ratio: 2
    depth_of_discharge: 0.9
  Pb-acid:
    cost: 208.203
    lifetime: 12.0608
    annual_cost: 17.262785221544174
    efficiency: 0.731073
    discharge_ratio: 5
    depth_of_discharge: 0.5
  VRBF:
    cost: 259.649
    lifetime: 23.6155
    annual_cost: 10.994855073998009
    efficiency: 0.674974
    discharge_ratio: 0.5
    depth_of_discharge: 1.0
