cost_values:
  wind_capex: 5000.0
  wind_opex: 100
  wind_lifetime: 20
  solar_capex: 1000.0
  solar_opex: 10
  solar_lifetime: 20
  carbon_price: 1.0
timeseries_values:
  load_level: 221803.70241160263
  wind_year: 2011
  solar_year: 2013
  price_year: 2023
  carbon_year: 2023
storage_values:
  CAES:
    cost: 78.0741
    lifetime: 28.1577
    annual_cost: 2.7727442227170545
    efficiency: 0.618419
    discharge_ratio: 0.1
    depth_of_discharge: 0.4
  Li-ion:
    cost: 164.214
    lifetime: 17.0293
    annual_cost: 9.643027018139325
    efficiency: 0.931514
    discharge_ratio: 2
    depth_of_discharge: 0.9
  Pb-acid:
    cost: 209.307
    lifetime: 12.697
    annual_cost: 16.484760179569978
    efficiency: 0.744313
    discharge_ratio: 5
    depth_of_discharge: 0.5
  VRBF:
    cost: 199.839
    lifetime: 23.2101
    annual_cost: 8.610001680302972
    efficiency: 0.679866
    discharge_ratio: 0.5
    depth_of_discharge: 1.0
