cost_values:
  wind_capex: 5000.0
  wind_opex: 100
  wind_lifetime: 20
  solar_capex: 1000.0
  solar_opex: 10
  solar_lifetime: 20
  carbon_price: 1.0
timeseries_values:
  load_level: 221803.70241160263
  wind_year: 2011
  solar_year: 2013
  price_year: 2023
  carbon_year: 2023
storage_values:
  CAES:
    cost: 79.6012
    lifetime: 26.5631
    annual_cost: 2.9966833690344883
    efficiency: 0.61148
    discharge_ratio: 0.1
    depth_of_discharge: 0.4
  Li-ion:
    cost: 165.279
    lifetime: 17.77
    annual_cost: 9.301012943162634
    efficiency: 0.929964
    discharge_ratio: 2
    depth_of_discharge: 0.9
  Pb-acid:
    cost: 188.224
    lifetime: 10.4807
    annual_cost: 17.959105784918943
    efficiency: 0.725969
    discharge_ratio: 5
    depth_of_discharge: 0.5
  VRBF:
    cost: 226.084
    lifetime: 23.3023
    annual_cost: 9.702218235968123
    efficiency: 0.674256
    discharge_ratio: 0.5
    depth_of_discharge: 1.0
