cost_values:
  wind_capex: 5000.0
  wind_opex: 100
  wind_lifetime: 20
  solar_capex: 1000.0
  solar_opex: 10
  solar_lifetime: 20
  carbon_price: 1.0
timeseries_values:
  load_level: 221803.70241160263
  wind_year: 2011
  solar_year: 2013
  price_year: 2023
  carbon_year: 2023
storage_values:
  CAES:
    cost: 66.4683
    lifetime: 27.758
    annual_cost: 2.3945637293753155
    efficiency: 0.624533
    discharge_ratio: 0.1
    depth_of_discharge: 0.4
  Li-ion:
    cost: 176.16
    lifetime: 19.3811
    annual_cost: 9.089267379044532
    efficiency: 0.953841
    discharge_ratio: 2
    depth_of_discharge: 0.9
  Pb-acid:
    cost: 213.014
    lifetime: 11.0314
    annual_cost: 19.309788422140436
    efficiency: 0.729056
    discharge_ratio: 5
    depth_of_discharge: 0.5
  VRBF:
    cost: 216.544
    lifetime: 22.9408
    annual_cost: 9.439252336448599
    efficiency: 0.693792
    discharge_ratio: 0.5
    depth_of_discharge: 1.0
