cost_values:
  wind_capex: 5000.0
  wind_opex: 100
  wind_lifetime: 20
  solar_capex: 1000.0
  solar_opex: 10
  solar_lifetime: 20
  carbon_price: 1.0
timeseries_values:
  load_level: 221803.70241160263
  wind_year: 2011
  solar_year: 2013
  price_year: 2023
  carbon_year: 2023
storage_values:
  CAES:
    cost: 70.5806
    lifetime: 27.8696
    annual_cost: 2.532530068605219
    efficiency: 0.628579
    discharge_ratio: 0.1
    depth_of_discharge: 0.4
  Li-ion:
    cost: 192.958
    lifetime: 19.1073
    annual_cost: 10.098653394252459
    efficiency: 0.932569
    discharge_ratio: 2
    depth_of_discharge: 0.9
  Pb-acid:
    cost: 202.387
    lifetime: 11.0956
    annual_cost: 18.24029344965572
    efficiency: 0.744171
    discharge_ratio: 5
    depth_of_discharge: 0.5
  VRBF:
    cost: 235.834
    lifetime: 24.5913
    annual_cost: 9.590139602217045
    efficiency: 0.683382
    discharge_ratio: 0.5
    depth_of_discharge: 1.0
