cost_values:
  wind_capex: 5000.0
  wind_opex: 100
  wind_lifetime: 20
  solar_capex: 1000.0
  solar_opex: 10
  solar_lifetime: 20
  carbon_price: 1.0
timeseries_values:
  load_level: 221803.70241160263
  wind_year: 2011
  solar_year: 2013
  price_year: 2023
  carbon_year: 2023
storage_values:
  CAES:
    cost: 78.9292
    lifetime: 28.0762
    annual_cost: 2.811249385600615
    efficiency: 0.616266
    discharge_ratio: 0.1
    depth_of_discharge: 0.4
  Li-ion:
    cost: 173.315
    lifetime: 17.4345
    annual_cost: 9.940921735639106
    efficiency: 0.927775
    discharge_ratio: 2
    depth_of_discharge: 0.9
  Pb-acid:
    cost: 207.241
    lifetime: 10.2584
    annual_cost: 20.20207829681042
    efficiency: 0.738587
    discharge_ratio: 5
    depth_of_discharge: 0.5
  VRBF:
    cost: 259.442
    lifetime: 23.6618
    annual_cost: 10.964592719066175
    efficiency: 0.672447
    discharge_ratio: 0.5
    depth_of_discharge: 1.0
