cost_values:
  wind_capex: 5000.0
  wind_opex: 100
  wind_lifetime: 20
  solar_capex: 1000.0
  solar_opex: 10
  solar_lifetime: 20
  carbon_price: 1.0
timeseries_values:
  load_level: 221803.70241160263
  wind_year: 2011
  solar_year: 2013
  price_year: 2023
  carbon_year: 2023
storage_values:
  CAES:
    cost: 75.9146
    lifetime: 28.1775
    annual_cost: 2.694156685298554
    efficiency: 0.61184
    discharge_ratio: 0.1
    depth_of_discharge: 0.4
  Li-ion:
    cost: 186.423
    lifetime: 18.5825
    annual_cost: 10.032180815283198
    efficiency: 0.943438
    discharge_ratio: 2
    depth_of_discharge: 0.9
  Pb-acid:
    cost: 210.761
    lifetime: 10.594
    annual_cost: 19.89437417406079
    efficiency: 0.74996
    discharge_ratio: 5
    depth_of_discharge: 0.5
  VRBF:
    cost: 217.598
    lifetime: 23.0682
    annual_cost: 9.432812269704614
    efficiency: 0.659618
    discharge_ratio: 0.5
    depth_of_discharge: 1.0
