cost_values:
  wind_capex: 5000.0
  wind_opex: 100
  wind_lifetime: 20
  solar_capex: 1000.0
  solar_opex: 10
  solar_lifetime: 20
  carbon_price: 1.0
timeseries_values:
  load_level: 221803.70241160263
  wind_year: 2011
  solar_year: 2013
  price_year: 2023
  carbon_year: 2023
storage_values:
  CAES:
    cost: 78.8373
    lifetime: 28.9175
    annual_cost: 2.7262833924094405
    efficiency: 0.624803
    discharge_ratio: 0.1
    depth_of_discharge: 0.4
  Li-ion:
    cost: 182.2
    lifetime: 17.8916
    annual_cost: 10.183549822262961
    efficiency: 0.944328
    discharge_ratio: 2
    depth_of_discharge: 0.9
  Pb-acid:
    cost: 198.93
    lifetime: 12.0779
    annual_cost: 16.470578494605853
    efficiency: 0.73754
    discharge_ratio: 5
    depth_of_discharge: 0.5
  VRBF:
    cost: 233.081
    lifetime: 23.9891
    annual_cost: 9.716121071653376
    efficiency: 0.682219
    discharge_ratio: 0.5
    depth_of_discharge: 1.0
