cost_values:
  wind_capex: 5000.0
  wind_opex: 100
  wind_lifetime: 20
  solar_capex: 1000.0
  solar_opex: 10
  solar_lifetime: 20
  carbon_price: 1.0
timeseries_values:
  load_level: 221803.70241160263
  wind_year: 2011
  solar_year: 2013
  price_year: 2023
  carbon_year: 2023
storage_values:
  CAES:
    cost: 73.7829
    lifetime: 27.8702
    annual_cost: 2.647376050405092
    efficiency: 0.609099
    discharge_ratio: 0.1
    depth_of_discharge: 0.4
  Li-ion:
    cost: 190.311
    lifetime: 18.4334
    annual_cost: 10.324248375231917
    efficiency: 0.933856
    discharge_ratio: 2
    depth_of_discharge: 0.9
  Pb-acid:
    cost: 211.423
    lifetime: 10.1042
    annual_cost: 20.924269115813225
    efficiency: 0.733142
    discharge_ratio: 5
    depth_of_discharge: 0.5
  VRBF:
    cost: 218.114
    lifetime: 23.8793
    annual_cost: 9.13401984145264
    efficiency: 0.671019
    discharge_ratio: 0.5
    depth_of_discharge: 1.0
