cost_values:
  wind_capex: 5000.0
  wind_opex: 100
  wind_lifetime: 20
  solar_capex: 1000.0
  solar_opex: 10
  solar_lifetime: 20
  carbon_price: 1.0
timeseries_values:
  load_level: 221803.70241160263
  wind_year: 2011
  solar_year: 2013
  price_year: 2023
  carbon_year: 2023
storage_values:
  CAES:
    cost: 80.3204
    lifetime: 27.522
    annual_cost: 2.9184070925078123
    efficiency: 0.62502
    discharge_ratio: 0.1
    depth_of_discharge: 0.4
  Li-ion:
    cost: 164.772
    lifetime: 17.8181
    annual_cost: 9.247450626048792
    efficiency: 0.926966
    discharge_ratio: 2
    depth_of_discharge: 0.9
  Pb-acid:
    cost: 209.178
    lifetime: 11.3424
    annual_cost: 18.44212865002116
    efficiency: 0.733083
    discharge_ratio: 5
    depth_of_discharge: 0.5
  VRBF:
    cost: 230.857
    lifetime: 23.5869
    annual_cost: 9.787509168224735
    efficiency: 0.678394
    discharge_ratio: 0.5
    depth_of_discharge: 1.0
