cost_values:
  wind_capex: 5000.0
  wind_opex: 100
  wind_lifetime: 20
  solar_capex: 1000.0
  solar_opex: 10
  solar_lifetime: 20
  carbon_price: 1.0
timeseries_values:
  load_level: 221803.70241160263
  wind_year: 2011
  solar_year: 2013
  price_year: 2023
  carbon_year: 2023
storage_values:
  CAES:
    cost: 70.319
    lifetime: 28.1512
    annual_cost: 2.4979041746000172
    efficiency: 0.611566
    discharge_ratio: 0.1
    depth_of_discharge: 0.4
  Li-ion:
    cost: 187.261
    lifetime: 16.8506
    annual_cost: 11.113016747178142
    efficiency: 0.93452
    discharge_ratio: 2
    depth_of_discharge: 0.9
  Pb-acid:
    cost: 191.877
    lifetime: 10.6495
    annual_cost: 18.017465608714026
    efficiency: 0.733017
    discharge_ratio: 5
    depth_of_discharge: 0.5
  VRBF:
    cost: 201.363
    lifetime: 23.2877
    annual_cost: 8.6467534363634
    efficiency: 0.672395
    discharge_ratio: 0.5
    depth_of_discharge: 1.0
