cost_values:
  wind_capex: 5000.0
  wind_opex: 100
  wind_lifetime: 20
  solar_capex: 1000.0
  solar_opex: 10
  solar_lifetime: 20
  carbon_price: 1.0
timeseries_values:
  load_level: 221803.70241160263
  wind_year: 2011
  solar_year: 2013
  price_year: 2023
  carbon_year: 2023
storage_values:
  CAES:
    cost: 75.7782
    lifetime: 25.8021
    annual_cost: 2.936900484844257
    efficiency: 0.616076
    discharge_ratio: 0.1
    depth_of_discharge: 0.4
  Li-ion:
    cost: 176.347
    lifetime: 16.6148
    annual_cost: 10.613850302140262
    efficiency: 0.930902
    discharge_ratio: 2
    depth_of_discharge: 0.9
  Pb-acid:
    cost: 194.974
    lifetime: 11.4682
    annual_cost: 17.001273085575765
    efficiency: 0.72723
    discharge_ratio: 5
    depth_of_discharge: 0.5
  VRBF:
    cost: 220.41
    lifetime: 23.006
    annual_cost: 9.58054420585934
    efficiency: 0.687943
    discharge_ratio: 0.5
    depth_of_discharge: 1.0
