cost_values:
  wind_capex: 5000.0
  wind_opex: 100
  wind_lifetime: 20
  solar_capex: 1000.0
  solar_opex: 10
  solar_lifetime: 20
  carbon_price: 1.0
timeseries_values:
  load_level: 221803.70241160263
  wind_year: 2011
  solar_year: 2013
  price_year: 2023
  carbon_year: 2023
storage_values:
  CAES:
    cost: 68.4205
    lifetime: 27.7705
    annual_cost: 2.4637835112799555
    efficiency: 0.611294
    discharge_ratio: 0.1
    depth_of_discharge: 0.4
  Li-ion:
    cost: 167.841
    lifetime: 17.5952
    annual_cost: 9.539022006001638
    efficiency: 0.921022
    discharge_ratio: 2
    depth_of_discharge: 0.9
  Pb-acid:
    cost: 215.229
    lifetime: 12.4314
    annual_cost: 17.31333558569429
    efficiency: 0.715237
    discharge_ratio: 5
    depth_of_discharge: 0.5
  VRBF:
    cost: 236.777
    lifetime: 23.4139
    annual_cost: 10.112668115948217
    efficiency: 0.690883
    discharge_ratio: 0.5
    depth_of_discharge: 1.0
