cost_values:
  wind_capex: 5000.0
  wind_opex: 100
  wind_lifetime: 20
  solar_capex: 1000.0
  solar_opex: 10
  solar_lifetime: 20
  carbon_price: 1.0
timeseries_values:
  load_level: 221803.70241160263
  wind_year: 2011
  solar_year: 2013
  price_year: 2023
  carbon_year: 2023
storage_values:
  CAES:
    cost: 64.744
    lifetime: 28.0973
    annual_cost: 2.304278347029786
    efficiency: 0.619789
    discharge_ratio: 0.1
    depth_of_discharge: 0.4
  Li-ion:
    cost: 187.753
    lifetime: 16.3294
    annual_cost: 11.497850502774137
    efficiency: 0.949284
    discharge_ratio: 2
    depth_of_discharge: 0.9
  Pb-acid:
    cost: 201.769
    lifetime: 9.99529
    annual_cost: 20.186407798072892
    efficiency: 0.730554
    discharge_ratio: 5
    depth_of_discharge: 0.5
  VRBF:
    cost: 203.846
    lifetime: 23.9546
    annual_cost: 8.509680812871014
    efficiency: 0.676496
    discharge_ratio: 0.5
    depth_of_discharge: 1.0
