cost_values:
  wind_capex: 5000.0
  wind_opex: 100
  wind_lifetime: 20
  solar_capex: 1000.0
  solar_opex: 10
  solar_lifetime: 20
  carbon_price: 1.0
timeseries_values:
  load_level: 221803.70241160263
  wind_year: 2011
  solar_year: 2013
  price_year: 2023
  carbon_year: 2023
storage_values:
  CAES:
    cost: 75.4719
    lifetime: 27.9081
    annual_cost: 2.704300901888699
    efficiency: 0.624681
    discharge_ratio: 0.1
    depth_of_discharge: 0.4
  Li-ion:
    cost: 181.774
    lifetime: 17.6562
    annual_cost: 10.295193756300904
    efficiency: 0.934599
    discharge_ratio: 2
    depth_of_discharge: 0.9
  Pb-acid:
    cost: 225.695
    lifetime: 10.7232
    annual_cost: 21.047355267084452
    efficiency: 0.737645
    discharge_ratio: 5
    depth_of_discharge: 0.5
  VRBF:
    cost: 235.771
    lifetime: 22.5985
    annual_cost: 10.433037590990551
    efficiency: 0.685142
    discharge_ratio: 0.5
    depth_of_discharge: 1.0
