cost_values:
  wind_capex: 5000.0
  wind_opex: 100
  wind_lifetime: 20
  solar_capex: 1000.0
  solar_opex: 10
  solar_lifetime: 20
  carbon_price: 1.0
timeseries_values:
  load_level: 221803.70241160263
  wind_year: 2011
  solar_year: 2013
  price_year: 2023
  carbon_year: 2023
storage_values:
  CAES:
    cost: 63.122
    lifetime: 27.4719
    annual_cost: 2.2976932793144993
    efficiency: 0.62851
    discharge_ratio: 0.1
    depth_of_discharge: 0.4
  Li-ion:
    cost: 172.967
    lifetime: 18.5527
    annual_cost: 9.323009588900806
    efficiency: 0.937069
    discharge_ratio: 2
    depth_of_discharge: 0.9
  Pb-acid:
    cost: 218.367
    lifetime: 10.4768
    annual_cost: 20.842910048869882
    efficiency: 0.73065
    discharge_ratio: 5
    depth_of_discharge: 0.5
  VRBF:
    cost: 225.55
    lifetime: 23.2996
    annual_cost: 9.680423698260913
    efficiency: 0.670881
    discharge_ratio: 0.5
    depth_of_discharge: 1.0
