cost_values:
  wind_capex: 5000.0
  wind_opex: 100
  wind_lifetime: 20
  solar_capex: 1000.0
  solar_opex: 10
  solar_lifetime: 20
  carbon_price: 1.0
timeseries_values:
  load_level: 221803.70241160263
  wind_year: 2011
  solar_year: 2013
  price_year: 2023
  carbon_year: 2023
storage_values:
  CAES:
    cost: 69.033
    lifetime: 27.7463
    annual_cost: 2.4880074099970084
    efficiency: 0.627992
    discharge_ratio: 0.1
    depth_of_discharge: 0.4
  Li-ion:
    cost: 189.138
    lifetime: 16.4729
    annual_cost: 11.481767023414214
    efficiency: 0.932837
    discharge_ratio: 2
    depth_of_discharge: 0.9
  Pb-acid:
    cost: 227.426
    lifetime: 11.0844
    annual_cost: 20.517664465374757
    efficiency: 0.735055
    discharge_ratio: 5
    depth_of_discharge: 0.5
  VRBF:
    cost: 233.325
    lifetime: 22.3619
    annual_cost: 10.434041830077051
    efficiency: 0.669702
    discharge_ratio: 0.5
    depth_of_discharge: 1.0
