cost_values:
  wind_capex: 5000.0
  wind_opex: 100
  wind_lifetime: 20
  solar_capex: 1000.0
  solar_opex: 10
  solar_lifetime: 20
  carbon_price: 1.0
timeseries_values:
  load_level: 221803.70241160263
  wind_year: 2011
  solar_year: 2013
  price_year: 2023
  carbon_year: 2023
storage_values:
  CAES:
    cost: 72.0173
    lifetime: 28.156
    annual_cost: 2.557795851683478
    efficiency: 0.625531
    discharge_ratio: 0.1
    depth_of_discharge: 0.4
  Li-ion:
    cost: 157.583
    lifetime: 18.5621
    annual_cost: 8.489502804100828
    efficiency: 0.939137
    discharge_ratio: 2
    depth_of_discharge: 0.9
  Pb-acid:
    cost: 208.667
    lifetime: 9.71446
    annual_cost: 21.480041093380382
    efficiency: 0.726678
    discharge_ratio: 5
    depth_of_discharge: 0.5
  VRBF:
    cost: 241.085
    lifetime: 24.669
    annual_cost: 9.772791762941344
    efficiency: 0.708713
    discharge_ratio: 0.5
    depth_of_discharge: 1.0
