cost_values:
  wind_capex: 5000.0
  wind_opex: 100
  wind_lifetime: 20
  solar_capex: 1000.0
  solar_opex: 10
  solar_lifetime: 20
  carbon_price: 1.0
timeseries_values:
  load_level: 221803.70241160263
  wind_year: 2011
  solar_year: 2013
  price_year: 2023
  carbon_year: 2023
storage_values:
  CAES:
    cost: 76.6281
    lifetime: 27.3901
    annual_cost: 2.7976568176092824
    efficiency: 0.61848
    discharge_ratio: 0.1
    depth_of_discharge: 0.4
  Li-ion:
    cost: 187.471
    lifetime: 17.9999
    annual_cost: 10.415113417296762
    efficiency: 0.942009
    discharge_ratio: 2
    depth_of_discharge: 0.9
  Pb-acid:
    cost: 200.563
    lifetime: 12.5992
    annual_cost: 15.91870912438885
    efficiency: 0.720447
    discharge_ratio: 5
    depth_of_discharge: 0.5
  VRBF:
    cost: 223.69
    lifetime: 22.958
    annual_cost: 9.74344455091907
    efficiency: 0.687304
    discharge_ratio: 0.5
    depth_of_discharge: 1.0
