cost_values:
  wind_capex: 5000.0
  wind_opex: 100
  wind_lifetime: 20
  solar_capex: 1000.0
  solar_opex: 10
  solar_lifetime: 20
  carbon_price: 1.0
timeseries_values:
  load_level: 221803.70241160263
  wind_year: 2011
  solar_year: 2013
  price_year: 2023
  carbon_year: 2023
storage_values:
  CAES:
    cost: 78.7712
    lifetime: 27.2102
    annual_cost: 2.894914407097338
    efficiency: 0.637221
    discharge_ratio: 0.1
    depth_of_discharge: 0.4
  Li-ion:
    cost: 181.475
    lifetime: 17.4334
    annual_cost: 10.409616024412909
    efficiency: 0.939057
    discharge_ratio: 2
    depth_of_discharge: 0.9
  Pb-acid:
    cost: 197.738
    lifetime: 11.1158
    annual_cost: 17.788913078680796
    efficiency: 0.732182
    discharge_ratio: 5
    depth_of_discharge: 0.5
  VRBF:
    cost: 224.87
    lifetime: 22.5987
    annual_cost: 9.950572378057144
    efficiency: 0.693236
    discharge_ratio: 0.5
    depth_of_discharge: 1.0
