cost_values:
  wind_capex: 5000.0
  wind_opex: 100
  wind_lifetime: 20
  solar_capex: 1000.0
  solar_opex: 10
  solar_lifetime: 20
  carbon_price: 1.0
timeseries_values:
  load_level: 221803.70241160263
  wind_year: 2011
  solar_year: 2013
  price_year: 2023
  carbon_year: 2023
storage_values:
  CAES:
    cost: 67.1516
    lifetime: 28.8374
    annual_cost: 2.3286287945515203
    efficiency: 0.617374
    discharge_ratio: 0.1
    depth_of_discharge: 0.4
  Li-ion:
    cost: 173.0
    lifetime: 18.2626
    annual_cost: 9.472911852638727
    efficiency: 0.953323
    discharge_ratio: 2
    depth_of_discharge: 0.9
  Pb-acid:
    cost: 213.741
    lifetime: 12.3571
    annual_cost: 17.297019527235353
    efficiency: 0.730715
    discharge_ratio: 5
    depth_of_discharge: 0.5
  VRBF:
    cost: 217.224
    lifetime: 24.1704
    annual_cost: 8.9871909442955
    efficiency: 0.683324
    discharge_ratio: 0.5
    depth_of_discharge: 1.0
