cost_values:
  wind_capex: 5000.0
  wind_opex: 100
  wind_lifetime: 20
  solar_capex: 1000.0
  solar_opex: 10
  solar_lifetime: 20
  carbon_price: 1.0
timeseries_values:
  load_level: 221803.70241160263
  wind_year: 2011
  solar_year: 2013
  price_year: 2023
  carbon_year: 2023
storage_values:
  CAES:
    cost: 75.0543
    lifetime: 27.2854
    annual_cost: 2.750712835435801
    efficiency: 0.628952
    discharge_ratio: 0.1
    depth_of_discharge: 0.4
  Li-ion:
    cost: 184.694
    lifetime: 17.3086
    annual_cost: 10.670649272615925
    efficiency: 0.942336
    discharge_ratio: 2
    depth_of_discharge: 0.9
  Pb-acid:
    cost: 194.236
    lifetime: 12.0324
    annual_cost: 16.142747913965625
    efficiency: 0.720423
    discharge_ratio: 5
    depth_of_discharge: 0.5
  VRBF:
    cost: 216.976
    lifetime: 23.8858
    annual_cost: 9.083890847281648
    efficiency: 0.692515
    discharge_ratio: 0.5
    depth_of_discharge: 1.0
