cost_values:
  wind_capex: 5000.0
  wind_opex: 100
  wind_lifetime: 20
  solar_capex: 1000.0
  solar_opex: 10
  solar_lifetime: 20
  carbon_price: 1.0
timeseries_values:
  load_level: 221803.70241160263
  wind_year: 2011
  solar_year: 2013
  price_year: 2023
  carbon_year: 2023
storage_values:
  CAES:
    cost: 73.5129
    lifetime: 27.5788
    annual_cost: 2.66555832741091
    efficiency: 0.611414
    discharge_ratio: 0.1
    depth_of_discharge: 0.4
  Li-ion:
    cost: 145.253
    lifetime: 18.6023
    annual_cost: 7.808335528402401
    efficiency: 0.93906
    discharge_ratio: 2
    depth_of_discharge: 0.9
  Pb-acid:
    cost: 219.109
    lifetime: 10.5509
    annual_cost: 20.766854012453916
    efficiency: 0.71726
    discharge_ratio: 5
    depth_of_discharge: 0.5
  VRBF:
    cost: 238.357
    lifetime: 21.9019
    annual_cost: 10.882937096781557
    efficiency: 0.692361
    discharge_ratio: 0.5
    depth_of_discharge: 1.0
