cost_values:
  wind_capex: 5000.0
  wind_opex: 100
  wind_lifetime: 20
  solar_capex: 1000.0
  solar_opex: 10
  solar_lifetime: 20
  carbon_price: 1.0
timeseries_values:
  load_level: 221803.70241160263
  wind_year: 2011
  solar_year: 2013
  price_year: 2023
  carbon_year: 2023
storage_values:
  CAES:
    cost: 84.5211
    lifetime: 28.7531
    annual_cost: 2.939547387933823
    efficiency: 0.614975
    discharge_ratio: 0.1
    depth_of_discharge: 0.4
  Li-ion:
    cost: 167.6
    lifetime: 17.4028
    annual_cost: 9.630634150826303
    efficiency: 0.936236
    discharge_ratio: 2
    depth_of_discharge: 0.9
  Pb-acid:
    cost: 198.108
    lifetime: 11.1281
    annual_cost: 17.80249997753435
    efficiency: 0.729881
    discharge_ratio: 5
    depth_of_discharge: 0.5
  VRBF:
    cost: 234.598
    lifetime: 22.8676
    annual_cost: 10.258969021672586
    efficiency: 0.680075
    discharge_ratio: 0.5
    depth_of_discharge: 1.0
