cost_values:
  wind_capex: 5000.0
  wind_opex: 100
  wind_lifetime: 20
  solar_capex: 1000.0
  solar_opex: 10
  solar_lifetime: 20
  carbon_price: 1.0
timeseries_values:
  load_level: 221803.70241160263
  wind_year: 2011
  solar_year: 2013
  price_year: 2023
  carbon_year: 2023
storage_values:
  CAES:
    cost: 66.3423
    lifetime: 27.5297
    annual_cost: 2.409844640515516
    efficiency: 0.628721
    discharge_ratio: 0.1
    depth_of_discharge: 0.4
  Li-ion:
    cost: 170.271
    lifetime: 17.6097
    annual_cost: 9.669159610896267
    efficiency: 0.927978
    discharge_ratio: 2
    depth_of_discharge: 0.9
  Pb-acid:
    cost: 202.473
    lifetime: 12.0145
    annual_cost: 16.852386699404885
    efficiency: 0.74213
    discharge_ratio: 5
    depth_of_discharge: 0.5
  VRBF:
    cost: 236.27
    lifetime: 23.8608
    annual_cost: 9.902015020451955
    efficiency: 0.673034
    discharge_ratio: 0.5
    depth_of_discharge: 1.0
