cost_values:
  wind_capex: 5000.0
  wind_opex: 100
  wind_lifetime: 20
  solar_capex: 1000.0
  solar_opex: 10
  solar_lifetime: 20
  carbon_price: 1.0
timeseries_values:
  load_level: 221803.70241160263
  wind_year: 2011
  solar_year: 2013
  price_year: 2023
  carbon_year: 2023
storage_values:
  CAES:
    cost: 75.6168
    lifetime: 28.0507
    annual_cost: 2.6957188234161715
    efficiency: 0.61586
    discharge_ratio: 0.1
    depth_of_discharge: 0.4
  Li-ion:
    cost: 181.632
    lifetime: 16.3716
    annual_cost: 11.094334090742505
    efficiency: 0.9271
    discharge_ratio: 2
    depth_of_discharge: 0.9
  Pb-acid:
    cost: 209.48
    lifetime: 11.4127
    annual_cost: 18.354990493047218
    efficiency: 0.754135
    discharge_ratio: 5
    depth_of_discharge: 0.5
  VRBF:
    cost: 253.22
    lifetime: 22.36
    annual_cost: 11.32468694096601
    efficiency: 0.683933
    discharge_ratio: 0.5
    depth_of_discharge: 1.0
