cost_values:
  wind_capex: 5000.0
  wind_opex: 100
  wind_lifetime: 20
  solar_capex: 1000.0
  solar_opex: 10
  solar_lifetime: 20
  carbon_price: 1.0
timeseries_values:
  load_level: 221803.70241160263
  wind_year: 2011
  solar_year: 2013
  price_year: 2023
  carbon_year: 2023
storage_values:
  CAES:
    cost: 79.014
    lifetime: 27.2033
    annual_cost: 2.904574077409726
    efficiency: 0.610519
    discharge_ratio: 0.1
    depth_of_discharge: 0.4
  Li-ion:
    cost: 164.776
    lifetime: 18.2586
    annual_cost: 9.02456924408224
    efficiency: 0.938692
    discharge_ratio: 2
    depth_of_discharge: 0.9
  Pb-acid:
    cost: 200.313
    lifetime: 10.395
    annual_cost: 19.27012987012987
    efficiency: 0.742011
    discharge_ratio: 5
    depth_of_discharge: 0.5
  VRBF:
    cost: 220.269
    lifetime: 24.778
    annual_cost: 8.889700540802325
    efficiency: 0.692404
    discharge_ratio: 0.5
    depth_of_discharge: 1.0
