cost_values:
  wind_capex: 5000.0
  wind_opex: 100
  wind_lifetime: 20
  solar_capex: 1000.0
  solar_opex: 10
  solar_lifetime: 20
  carbon_price: 1.0
timeseries_values:
  load_level: 221803.70241160263
  wind_year: 2011
  solar_year: 2013
  price_year: 2023
  carbon_year: 2023
storage_values:
  CAES:
    cost: 74.398
    lifetime: 27.6397
    annual_cost: 2.6917079418372847
    efficiency: 0.623915
    discharge_ratio: 0.1
    depth_of_discharge: 0.4
  Li-ion:
    cost: 165.177
    lifetime: 16.2913
    annual_cost: 10.138969879629004
    efficiency: 0.931294
    discharge_ratio: 2
    depth_of_discharge: 0.9
  Pb-acid:
    cost: 218.67
    lifetime: 11.9269
    annual_cost: 18.33418574818268
    efficiency: 0.741001
    discharge_ratio: 5
    depth_of_discharge: 0.5
  VRBF:
    cost: 228.929
    lifetime: 21.8722
    annual_cost: 10.46666544746299
    efficiency: 0.673344
    discharge_ratio: 0.5
    depth_of_discharge: 1.0
