cost_values:
  wind_capex: 5000.0
  wind_opex: 100
  wind_lifetime: 20
  solar_capex: 1000.0
  solar_opex: 10
  solar_lifetime: 20
  carbon_price: 1.0
timeseries_values:
  load_level: 221803.70241160263
  wind_year: 2011
  solar_year: 2013
  price_year: 2023
  carbon_year: 2023
storage_values:
  CAES:
    cost: 78.7147
    lifetime: 28.6345
    annual_cost: 2.7489462012607166
    efficiency: 0.613351
    discharge_ratio: 0.1
    depth_of_discharge: 0.4
  Li-ion:
    cost: 177.686
    lifetime: 17.0467
    annual_cost: 10.423483724122557
    efficiency: 0.95386
    discharge_ratio: 2
    depth_of_discharge: 0.9
  Pb-acid:
    cost: 204.802
    lifetime: 11.326
    annual_cost: 18.082465124492316
    efficiency: 0.722485
    discharge_ratio: 5
    depth_of_discharge: 0.5
  VRBF:
    cost: 256.44
    lifetime: 23.662
    annual_cost: 10.837629955202434
    efficiency: 0.687851
    discharge_ratio: 0.5
    depth_of_discharge: 1.0
