cost_values:
  wind_capex: 5000.0
  wind_opex: 100
  wind_lifetime: 20
  solar_capex: 1000.0
  solar_opex: 10
  solar_lifetime: 20
  carbon_price: 1.0
timeseries_values:
  load_level: 221803.70241160263
  wind_year: 2011
  solar_year: 2013
  price_year: 2023
  carbon_year: 2023
storage_values:
  CAES:
    cost: 79.2409
    lifetime: 28.1602
    annual_cost: 2.8139324294571773
    efficiency: 0.620402
    discharge_ratio: 0.1
    depth_of_discharge: 0.4
  Li-ion:
    cost: 171.959
    lifetime: 19.0626
    annual_cost: 9.020752678018738
    efficiency: 0.925679
    discharge_ratio: 2
    depth_of_discharge: 0.9
  Pb-acid:
    cost: 215.311
    lifetime: 11.8467
    annual_cost: 18.17476596858197
    efficiency: 0.715614
    discharge_ratio: 5
    depth_of_discharge: 0.5
  VRBF:
    cost: 237.834
    lifetime: 23.301
    annual_cost: 10.207029741212825
    efficiency: 0.653899
    discharge_ratio: 0.5
    depth_of_discharge: 1.0
