cost_values:
  wind_capex: 5000.0
  wind_opex: 100
  wind_lifetime: 20
  solar_capex: 1000.0
  solar_opex: 10
  solar_lifetime: 20
  carbon_price: 1.0
timeseries_values:
  load_level: 221803.70241160263
  wind_year: 2011
  solar_year: 2013
  price_year: 2023
  carbon_year: 2023
storage_values:
  CAES:
    cost: 72.2495
    lifetime: 28.2307
    annual_cost: 2.5592528701024064
    efficiency: 0.623136
    discharge_ratio: 0.1
    depth_of_discharge: 0.4
  Li-ion:
    cost: 192.293
    lifetime: 19.1053
    annual_cost: 10.064903456109038
    efficiency: 0.93209
    discharge_ratio: 2
    depth_of_discharge: 0.9
  Pb-acid:
    cost: 204.653
    lifetime: 12.0317
    annual_cost: 17.00948328166427
    efficiency: 0.7249
    discharge_ratio: 5
    depth_of_discharge: 0.5
  VRBF:
    cost: 235.537
    lifetime: 23.8192
    annual_cost: 9.888535299254384
    efficiency: 0.67531
    discharge_ratio: 0.5
    depth_of_discharge: 1.0
