cost_values:
  wind_capex: 5000.0
  wind_opex: 100
  wind_lifetime: 20
  solar_capex: 1000.0
  solar_opex: 10
  solar_lifetime: 20
  carbon_price: 1.0
timeseries_values:
  load_level: 221803.70241160263
  wind_year: 2011
  solar_year: 2013
  price_year: 2023
  carbon_year: 2023
storage_values:
  CAES:
    cost: 72.1237
    lifetime: 27.7122
    annual_cost: 2.602597411970179
    efficiency: 0.617017
    discharge_ratio: 0.1
    depth_of_discharge: 0.4
  Li-ion:
    cost: 167.681
    lifetime: 18.856
    annual_cost: 8.892713194739075
    efficiency: 0.931065
    discharge_ratio: 2
    depth_of_discharge: 0.9
  Pb-acid:
    cost: 200.364
    lifetime: 10.9857
    annual_cost: 18.238619295993885
    efficiency: 0.724235
    discharge_ratio: 5
    depth_of_discharge: 0.5
  VRBF:
    cost: 240.435
    lifetime: 24.0192
    annual_cost: 10.010116906474819
    efficiency: 0.704826
    discharge_ratio: 0.5
    depth_of_discharge: 1.0
