cost_values:
  wind_capex: 5000.0
  wind_opex: 100
  wind_lifetime: 20
  solar_capex: 1000.0
  solar_opex: 10
  solar_lifetime: 20
  carbon_price: 1.0
timeseries_values:
  load_level: 221803.70241160263
  wind_year: 2011
  solar_year: 2013
  price_year: 2023
  carbon_year: 2023
storage_values:
  CAES:
    cost: 73.0098
    lifetime: 27.5855
    annual_cost: 2.646673070997444
    efficiency: 0.614763
    discharge_ratio: 0.1
    depth_of_discharge: 0.4
  Li-ion:
    cost: 176.613
    lifetime: 20.628
    annual_cost: 8.561809191390344
    efficiency: 0.949765
    discharge_ratio: 2
    depth_of_discharge: 0.9
  Pb-acid:
    cost: 215.311
    lifetime: 10.8242
    annual_cost: 19.891631714122063
    efficiency: 0.724239
    discharge_ratio: 5
    depth_of_discharge: 0.5
  VRBF:
    cost: 237.651
    lifetime: 22.7157
    annual_cost: 10.461971235753246
    efficiency: 0.698813
    discharge_ratio: 0.5
    depth_of_discharge: 1.0
