cost_values:
  wind_capex: 5000.0
  wind_opex: 100
  wind_lifetime: 20
  solar_capex: 1000.0
  solar_opex: 10
  solar_lifetime: 20
  carbon_price: 1.0
timeseries_values:
  load_level: 221803.70241160263
  wind_year: 2011
  solar_year: 2013
  price_year: 2023
  carbon_year: 2023
storage_values:
  CAES:
    cost: 76.5715
    lifetime: 27.3264
    annual_cost: 2.8021071198547927
    efficiency: 0.622004
    discharge_ratio: 0.1
    depth_of_discharge: 0.4
  Li-ion:
    cost: 183.929
    lifetime: 17.0693
    annual_cost: 10.775427229001776
    efficiency: 0.922492
    discharge_ratio: 2
    depth_of_discharge: 0.9
  Pb-acid:
    cost: 207.78
    lifetime: 12.7373
    annual_cost: 16.312719336123042
    efficiency: 0.727836
    discharge_ratio: 5
    depth_of_discharge: 0.5
  VRBF:
    cost: 258.222
    lifetime: 21.3834
    annual_cost: 12.075815819748026
    efficiency: 0.67386
    discharge_ratio: 0.5
    depth_of_discharge: 1.0
