cost_values:
  wind_capex: 5000.0
  wind_opex: 100
  wind_lifetime: 20
  solar_capex: 1000.0
  solar_opex: 10
  solar_lifetime: 20
  carbon_price: 1.0
timeseries_values:
  load_level: 221803.70241160263
  wind_year: 2011
  solar_year: 2013
  price_year: 2023
  carbon_year: 2023
storage_values:
  CAES:
    cost: 68.0625
    lifetime: 27.8418
    annual_cost: 2.4446156498502254
    efficiency: 0.615548
    discharge_ratio: 0.1
    depth_of_discharge: 0.4
  Li-ion:
    cost: 168.797
    lifetime: 19.6287
    annual_cost: 8.59949971215618
    efficiency: 0.923177
    discharge_ratio: 2
    depth_of_discharge: 0.9
  Pb-acid:
    cost: 211.841
    lifetime: 11.2228
    annual_cost: 18.87594896104359
    efficiency: 0.714297
    discharge_ratio: 5
    depth_of_discharge: 0.5
  VRBF:
    cost: 211.565
    lifetime: 22.3132
    annual_cost: 9.481607299714968
    efficiency: 0.670799
    discharge_ratio: 0.5
    depth_of_discharge: 1.0
