cost_values:
  wind_capex: 5000.0
  wind_opex: 100
  wind_lifetime: 20
  solar_capex: 1000.0
  solar_opex: 10
  solar_lifetime: 20
  carbon_price: 1.0
timeseries_values:
  load_level: 221803.70241160263
  wind_year: 2011
  solar_year: 2013
  price_year: 2023
  carbon_year: 2023
storage_values:
  CAES:
    cost: 71.441
    lifetime: 28.0528
    annual_cost: 2.546662008783437
    efficiency: 0.617781
    discharge_ratio: 0.1
    depth_of_discharge: 0.4
  Li-ion:
    cost: 179.464
    lifetime: 18.5292
    annual_cost: 9.68546942123783
    efficiency: 0.952008
    discharge_ratio: 2
    depth_of_discharge: 0.9
  Pb-acid:
    cost: 197.658
    lifetime: 12.5642
    annual_cost: 15.731841263271836
    efficiency: 0.735096
    discharge_ratio: 5
    depth_of_discharge: 0.5
  VRBF:
    cost: 226.914
    lifetime: 21.6453
    annual_cost: 10.483291984865074
    efficiency: 0.678989
    discharge_ratio: 0.5
    depth_of_discharge: 1.0
