cost_values:
  wind_capex: 5000.0
  wind_opex: 100
  wind_lifetime: 20
  solar_capex: 1000.0
  solar_opex: 10
  solar_lifetime: 20
  carbon_price: 1.0
timeseries_values:
  load_level: 221803.70241160263
  wind_year: 2011
  solar_year: 2013
  price_year: 2023
  carbon_year: 2023
storage_values:
  CAES:
    cost: 69.6695
    lifetime: 27.0788
    annual_cost: 2.5728429620219506
    efficiency: 0.618158
    discharge_ratio: 0.1
    depth_of_discharge: 0.4
  Li-ion:
    cost: 181.051
    lifetime: 17.767
    annual_cost: 10.190296617324252
    efficiency: 0.924576
    discharge_ratio: 2
    depth_of_discharge: 0.9
  Pb-acid:
    cost: 210.226
    lifetime: 11.176
    annual_cost: 18.810486757337152
    efficiency: 0.731353
    discharge_ratio: 5
    depth_of_discharge: 0.5
  VRBF:
    cost: 241.198
    lifetime: 26.0182
    annual_cost: 9.270356904013346
    efficiency: 0.688634
    discharge_ratio: 0.5
    depth_of_discharge: 1.0
