cost_values:
  wind_capex: 5000.0
  wind_opex: 100
  wind_lifetime: 20
  solar_capex: 1000.0
  solar_opex: 10
  solar_lifetime: 20
  carbon_price: 1.0
timeseries_values:
  load_level: 272220.5735139393
  wind_year: 2014
  solar_year: 2016
  price_year: 2023
  carbon_year: 2023
storage_values:
  CAES:
    cost: 31.0286
    lifetime: 21.8398
    annual_cost: 1.4207364536305278
    efficiency: 0.596008
    discharge_ratio: 0.1
    depth_of_discharge: 0.4
  Li-ion:
    cost: 225.079
    lifetime: 20.9597
    annual_cost: 10.738655610528776
    efficiency: 0.935039
    discharge_ratio: 2
    depth_of_discharge: 0.9
  Pb-acid:
    cost: 214.807
    lifetime: 11.5332
    annual_cost: 18.6250997121354
    efficiency: 0.693733
    discharge_ratio: 5
    depth_of_discharge: 0.5
  VRBF:
    cost: 311.582
    lifetime: 14.2894
    annual_cost: 21.805114280515625
    efficiency: 0.717429
    discharge_ratio: 0.5
    depth_of_discharge: 1.0
