cost_values:
  wind_capex: 5000.0
  wind_opex: 100
  wind_lifetime: 20
  solar_capex: 1000.0
  solar_opex: 10
  solar_lifetime: 20
  carbon_price: 1.0
timeseries_values:
  load_level: 272220.5735139393
  wind_year: 2014
  solar_year: 2016
  price_year: 2023
  carbon_year: 2023
storage_values:
  CAES:
    cost: 21.1704
    lifetime: 21.8778
    annual_cost: 0.9676658530565231
    efficiency: 0.577618
    discharge_ratio: 0.1
    depth_of_discharge: 0.4
  Li-ion:
    cost: 245.473
    lifetime: 18.6156
    annual_cost: 13.186413545628398
    efficiency: 0.946731
    discharge_ratio: 2
    depth_of_discharge: 0.9
  Pb-acid:
    cost: 246.107
    lifetime: 11.5144
    annual_cost: 21.373844924616133
    efficiency: 0.680823
    discharge_ratio: 5
    depth_of_discharge: 0.5
  VRBF:
    cost: 281.392
    lifetime: 14.1323
    annual_cost: 19.911267097358532
    efficiency: 0.726048
    discharge_ratio: 0.5
    depth_of_discharge: 1.0
