cost_values:
  wind_capex: 5000.0
  wind_opex: 100
  wind_lifetime: 20
  solar_capex: 1000.0
  solar_opex: 10
  solar_lifetime: 20
  carbon_price: 1.0
timeseries_values:
  load_level: 272220.5735139393
  wind_year: 2014
  solar_year: 2016
  price_year: 2023
  carbon_year: 2023
storage_values:
  CAES:
    cost: 33.5252
    lifetime: 21.2716
    annual_cost: 1.5760544575866413
    efficiency: 0.579972
    discharge_ratio: 0.1
    depth_of_discharge: 0.4
  Li-ion:
    cost: 229.448
    lifetime: 20.3484
    annual_cost: 11.27597255803896
    efficiency: 0.9532
    discharge_ratio: 2
    depth_of_discharge: 0.9
  Pb-acid:
    cost: 239.184
    lifetime: 13.6105
    annual_cost: 17.573491054700416
    efficiency: 0.687529
    discharge_ratio: 5
    depth_of_discharge: 0.5
  VRBF:
    cost: 312.548
    lifetime: 15.8783
    annual_cost: 19.68397120598553
    efficiency: 0.740458
    discharge_ratio: 0.5
    depth_of_discharge: 1.0
