cost_values:
  wind_capex: 5000.0
  wind_opex: 100
  wind_lifetime: 20
  solar_capex: 1000.0
  solar_opex: 10
  solar_lifetime: 20
  carbon_price: 1.0
timeseries_values:
  load_level: 272220.5735139393
  wind_year: 2014
  solar_year: 2016
  price_year: 2023
  carbon_year: 2023
storage_values:
  CAES:
    cost: 21.9255
    lifetime: 21.569
    annual_cost: 1.0165283508739396
    efficiency: 0.601863
    discharge_ratio: 0.1
    depth_of_discharge: 0.4
  Li-ion:
    cost: 230.53
    lifetime: 21.3002
    annual_cost: 10.822903071332663
    efficiency: 0.942838
    discharge_ratio: 2
    depth_of_discharge: 0.9
  Pb-acid:
    cost: 238.529
    lifetime: 11.673
    annual_cost: 20.434249978583054
    efficiency: 0.682103
    discharge_ratio: 5
    depth_of_discharge: 0.5
  VRBF:
    cost: 280.592
    lifetime: 16.8404
    annual_cost: 16.661837010997363
    efficiency: 0.72657
    discharge_ratio: 0.5
    depth_of_discharge: 1.0
