cost_values:
  wind_capex: 5000.0
  wind_opex: 100
  wind_lifetime: 20
  solar_capex: 1000.0
  solar_opex: 10
  solar_lifetime: 20
  carbon_price: 1.0
timeseries_values:
  load_level: 272220.5735139393
  wind_year: 2014
  solar_year: 2016
  price_year: 2023
  carbon_year: 2023
storage_values:
  CAES:
    cost: 27.9011
    lifetime: 21.0293
    annual_cost: 1.326772645784691
    efficiency: 0.586883
    discharge_ratio: 0.1
    depth_of_discharge: 0.4
  Li-ion:
    cost: 244.025
    lifetime: 19.3161
    annual_cost: 12.63324377074047
    efficiency: 0.938831
    discharge_ratio: 2
    depth_of_discharge: 0.9
  Pb-acid:
    cost: 242.412
    lifetime: 11.1257
    annual_cost: 21.788471736609832
    efficiency: 0.70056
    discharge_ratio: 5
    depth_of_discharge: 0.5
  VRBF:
    cost: 333.15
    lifetime: 16.9024
    annual_cost: 19.710218667171524
    efficiency: 0.692257
    discharge_ratio: 0.5
    depth_of_discharge: 1.0
