cost_values:
  wind_capex: 5000.0
  wind_opex: 100
  wind_lifetime: 20
  solar_capex: 1000.0
  solar_opex: 10
  solar_lifetime: 20
  carbon_price: 1.0
timeseries_values:
  load_level: 272220.5735139393
  wind_year: 2014
  solar_year: 2016
  price_year: 2023
  carbon_year: 2023
storage_values:
  CAES:
    cost: 33.0965
    lifetime: 21.8054
    annual_cost: 1.5178121015895145
    efficiency: 0.58014
    discharge_ratio: 0.1
    depth_of_discharge: 0.4
  Li-ion:
    cost: 246.155
    lifetime: 21.2815
    annual_cost: 11.566618894344852
    efficiency: 0.930338
    discharge_ratio: 2
    depth_of_discharge: 0.9
  Pb-acid:
    cost: 247.61
    lifetime: 11.6682
    annual_cost: 21.220925249824308
    efficiency: 0.699201
    discharge_ratio: 5
    depth_of_discharge: 0.5
  VRBF:
    cost: 299.237
    lifetime: 14.9493
    annual_cost: 20.016790083816637
    efficiency: 0.732366
    discharge_ratio: 0.5
    depth_of_discharge: 1.0
