cost_values:
  wind_capex: 5000.0
  wind_opex: 100
  wind_lifetime: 20
  solar_capex: 1000.0
  solar_opex: 10
  solar_lifetime: 20
  carbon_price: 1.0
timeseries_values:
  load_level: 272220.5735139393
  wind_year: 2014
  solar_year: 2016
  price_year: 2023
  carbon_year: 2023
storage_values:
  CAES:
    cost: 31.8919
    lifetime: 21.4121
    annual_cost: 1.489433544584604
    efficiency: 0.59323
    discharge_ratio: 0.1
    depth_of_discharge: 0.4
  Li-ion:
    cost: 210.42
    lifetime: 19.9167
    annual_cost: 10.565003238488304
    efficiency: 0.938867
    discharge_ratio: 2
    depth_of_discharge: 0.9
  Pb-acid:
    cost: 237.834
    lifetime: 11.3724
    annual_cost: 20.913263691041468
    efficiency: 0.678845
    discharge_ratio: 5
    depth_of_discharge: 0.5
  VRBF:
    cost: 282.542
    lifetime: 16.271
    annual_cost: 17.364759387867984
    efficiency: 0.712844
    discharge_ratio: 0.5
    depth_of_discharge: 1.0
