cost_values:
  wind_capex: 5000.0
  wind_opex: 100
  wind_lifetime: 20
  solar_capex: 1000.0
  solar_opex: 10
  solar_lifetime: 20
  carbon_price: 1.0
timeseries_values:
  load_level: 272220.5735139393
  wind_year: 2014
  solar_year: 2016
  price_year: 2023
  carbon_year: 2023
storage_values:
  CAES:
    cost: 31.3386
    lifetime: 22.3753
    annual_cost: 1.4005890423815548
    efficiency: 0.586604
    discharge_ratio: 0.1
    depth_of_discharge: 0.4
  Li-ion:
    cost: 222.437
    lifetime: 20.1149
    annual_cost: 11.058319951876472
    efficiency: 0.942127
    discharge_ratio: 2
    depth_of_discharge: 0.9
  Pb-acid:
    cost: 239.622
    lifetime: 12.6736
    annual_cost: 18.907177124100492
    efficiency: 0.688264
    discharge_ratio: 5
    depth_of_discharge: 0.5
  VRBF:
    cost: 305.251
    lifetime: 16.0083
    annual_cost: 19.068295821542574
    efficiency: 0.706553
    discharge_ratio: 0.5
    depth_of_discharge: 1.0
