cost_values:
  wind_capex: 5000.0
  wind_opex: 100
  wind_lifetime: 20
  solar_capex: 1000.0
  solar_opex: 10
  solar_lifetime: 20
  carbon_price: 1.0
timeseries_values:
  load_level: 272220.5735139393
  wind_year: 2014
  solar_year: 2016
  price_year: 2023
  carbon_year: 2023
storage_values:
  CAES:
    cost: 28.3519
    lifetime: 22.2108
    annual_cost: 1.2764916166909792
    efficiency: 0.582556
    discharge_ratio: 0.1
    depth_of_discharge: 0.4
  Li-ion:
    cost: 229.019
    lifetime: 18.2975
    annual_cost: 12.516409345539008
    efficiency: 0.929408
    discharge_ratio: 2
    depth_of_discharge: 0.9
  Pb-acid:
    cost: 235.424
    lifetime: 11.5455
    annual_cost: 20.390974838681736
    efficiency: 0.697472
    discharge_ratio: 5
    depth_of_discharge: 0.5
  VRBF:
    cost: 293.438
    lifetime: 14.5172
    annual_cost: 20.213126498222795
    efficiency: 0.730646
    discharge_ratio: 0.5
    depth_of_discharge: 1.0
