cost_values:
  wind_capex: 5000.0
  wind_opex: 100
  wind_lifetime: 20
  solar_capex: 1000.0
  solar_opex: 10
  solar_lifetime: 20
  carbon_price: 1.0
timeseries_values:
  load_level: 272220.5735139393
  wind_year: 2014
  solar_year: 2016
  price_year: 2023
  carbon_year: 2023
storage_values:
  CAES:
    cost: 29.0661
    lifetime: 21.4228
    annual_cost: 1.3567834270030061
    efficiency: 0.592922
    discharge_ratio: 0.1
    depth_of_discharge: 0.4
  Li-ion:
    cost: 234.673
    lifetime: 17.4459
    annual_cost: 13.451469972887612
    efficiency: 0.945304
    discharge_ratio: 2
    depth_of_discharge: 0.9
  Pb-acid:
    cost: 248.319
    lifetime: 11.284
    annual_cost: 22.00629209500177
    efficiency: 0.681514
    discharge_ratio: 5
    depth_of_discharge: 0.5
  VRBF:
    cost: 251.424
    lifetime: 16.8766
    annual_cost: 14.897787469039972
    efficiency: 0.722969
    discharge_ratio: 0.5
    depth_of_discharge: 1.0
