cost_values:
  wind_capex: 5000.0
  wind_opex: 100
  wind_lifetime: 20
  solar_capex: 1000.0
  solar_opex: 10
  solar_lifetime: 20
  carbon_price: 1.0
timeseries_values:
  load_level: 272220.5735139393
  wind_year: 2014
  solar_year: 2016
  price_year: 2023
  carbon_year: 2023
storage_values:
  CAES:
    cost: 30.9273
    lifetime: 20.8112
    annual_cost: 1.4860892211885908
    efficiency: 0.585214
    discharge_ratio: 0.1
    depth_of_discharge: 0.4
  Li-ion:
    cost: 223.444
    lifetime: 19.4331
    annual_cost: 11.498114042535674
    efficiency: 0.938751
    discharge_ratio: 2
    depth_of_discharge: 0.9
  Pb-acid:
    cost: 212.934
    lifetime: 11.0564
    annual_cost: 19.258890778191816
    efficiency: 0.696582
    discharge_ratio: 5
    depth_of_discharge: 0.5
  VRBF:
    cost: 305.826
    lifetime: 16.4004
    annual_cost: 18.647472012877735
    efficiency: 0.694241
    discharge_ratio: 0.5
    depth_of_discharge: 1.0
