cost_values:
  wind_capex: 5000.0
  wind_opex: 100
  wind_lifetime: 20
  solar_capex: 1000.0
  solar_opex: 10
  solar_lifetime: 20
  carbon_price: 1.0
timeseries_values:
  load_level: 272220.5735139393
  wind_year: 2014
  solar_year: 2016
  price_year: 2023
  carbon_year: 2023
storage_values:
  CAES:
    cost: 28.8913
    lifetime: 21.4034
    annual_cost: 1.349846286104077
    efficiency: 0.597334
    discharge_ratio: 0.1
    depth_of_discharge: 0.4
  Li-ion:
    cost: 249.05
    lifetime: 21.2729
    annual_cost: 11.707383572526549
    efficiency: 0.937837
    discharge_ratio: 2
    depth_of_discharge: 0.9
  Pb-acid:
    cost: 242.279
    lifetime: 12.6716
    annual_cost: 19.11984279806812
    efficiency: 0.685917
    discharge_ratio: 5
    depth_of_discharge: 0.5
  VRBF:
    cost: 314.926
    lifetime: 16.3195
    annual_cost: 19.297527497778727
    efficiency: 0.709689
    discharge_ratio: 0.5
    depth_of_discharge: 1.0
