cost_values:
  wind_capex: 5000.0
  wind_opex: 100
  wind_lifetime: 20
  solar_capex: 1000.0
  solar_opex: 10
  solar_lifetime: 20
  carbon_price: 1.0
timeseries_values:
  load_level: 272220.5735139393
  wind_year: 2014
  solar_year: 2016
  price_year: 2023
  carbon_year: 2023
storage_values:
  CAES:
    cost: 31.9807
    lifetime: 20.8235
    annual_cost: 1.5357984968905323
    efficiency: 0.5902
    discharge_ratio: 0.1
    depth_of_discharge: 0.4
  Li-ion:
    cost: 204.65
    lifetime: 21.1266
    annual_cost: 9.686840286652846
    efficiency: 0.934848
    discharge_ratio: 2
    depth_of_discharge: 0.9
  Pb-acid:
    cost: 243.211
    lifetime: 12.1055
    annual_cost: 20.090950394448807
    efficiency: 0.692622
    discharge_ratio: 5
    depth_of_discharge: 0.5
  VRBF:
    cost: 298.209
    lifetime: 15.2084
    annual_cost: 19.608177060045765
    efficiency: 0.708064
    discharge_ratio: 0.5
    depth_of_discharge: 1.0
