cost_values:
  wind_capex: 5000.0
  wind_opex: 100
  wind_lifetime: 20
  solar_capex: 1000.0
  solar_opex: 10
  solar_lifetime: 20
  carbon_price: 1.0
timeseries_values:
  load_level: 272220.5735139393
  wind_year: 2014
  solar_year: 2016
  price_year: 2023
  carbon_year: 2023
storage_values:
  CAES:
    cost: 24.2619
    lifetime: 21.4513
    annual_cost: 1.131022362281074
    efficiency: 0.600183
    discharge_ratio: 0.1
    depth_of_discharge: 0.4
  Li-ion:
    cost: 242.933
    lifetime: 20.7705
    annual_cost: 11.69605931489372
    efficiency: 0.927895
    discharge_ratio: 2
    depth_of_discharge: 0.9
  Pb-acid:
    cost: 229.638
    lifetime: 12.774
    annual_cost: 17.97698449976515
    efficiency: 0.715129
    discharge_ratio: 5
    depth_of_discharge: 0.5
  VRBF:
    cost: 297.181
    lifetime: 17.3557
    annual_cost: 17.12296248494731
    efficiency: 0.730046
    discharge_ratio: 0.5
    depth_of_discharge: 1.0
