cost_values:
  wind_capex: 5000.0
  wind_opex: 100
  wind_lifetime: 20
  solar_capex: 1000.0
  solar_opex: 10
  solar_lifetime: 20
  carbon_price: 1.0
timeseries_values:
  load_level: 272220.5735139393
  wind_year: 2014
  solar_year: 2016
  price_year: 2023
  carbon_year: 2023
storage_values:
  CAES:
    cost: 32.897
    lifetime: 21.1885
    annual_cost: 1.552587488496118
    efficiency: 0.577587
    discharge_ratio: 0.1
    depth_of_discharge: 0.4
  Li-ion:
    cost: 236.264
    lifetime: 19.3095
    annual_cost: 12.23563530904477
    efficiency: 0.935093
    discharge_ratio: 2
    depth_of_discharge: 0.9
  Pb-acid:
    cost: 239.744
    lifetime: 11.6988
    annual_cost: 20.493042021403905
    efficiency: 0.703501
    discharge_ratio: 5
    depth_of_discharge: 0.5
  VRBF:
    cost: 298.619
    lifetime: 17.5081
    annual_cost: 17.05604834333823
    efficiency: 0.715953
    discharge_ratio: 0.5
    depth_of_discharge: 1.0
