cost_values:
  wind_capex: 5000.0
  wind_opex: 100
  wind_lifetime: 20
  solar_capex: 1000.0
  solar_opex: 10
  solar_lifetime: 20
  carbon_price: 1.0
timeseries_values:
  load_level: 272220.5735139393
  wind_year: 2014
  solar_year: 2016
  price_year: 2023
  carbon_year: 2023
storage_values:
  CAES:
    cost: 25.05
    lifetime: 21.5233
    annual_cost: 1.1638549850626996
    efficiency: 0.584718
    discharge_ratio: 0.1
    depth_of_discharge: 0.4
  Li-ion:
    cost: 218.316
    lifetime: 19.0526
    annual_cost: 11.45859357777941
    efficiency: 0.940076
    discharge_ratio: 2
    depth_of_discharge: 0.9
  Pb-acid:
    cost: 238.081
    lifetime: 11.4149
    annual_cost: 20.85703773138617
    efficiency: 0.687188
    discharge_ratio: 5
    depth_of_discharge: 0.5
  VRBF:
    cost: 279.563
    lifetime: 18.9601
    annual_cost: 14.744806198279544
    efficiency: 0.715322
    discharge_ratio: 0.5
    depth_of_discharge: 1.0
