cost_values:
  wind_capex: 5000.0
  wind_opex: 100
  wind_lifetime: 20
  solar_capex: 1000.0
  solar_opex: 10
  solar_lifetime: 20
  carbon_price: 1.0
timeseries_values:
  load_level: 272220.5735139393
  wind_year: 2014
  solar_year: 2016
  price_year: 2023
  carbon_year: 2023
storage_values:
  CAES:
    cost: 29.6934
    lifetime: 21.9231
    annual_cost: 1.3544343637533012
    efficiency: 0.580735
    discharge_ratio: 0.1
    depth_of_discharge: 0.4
  Li-ion:
    cost: 217.9
    lifetime: 18.1902
    annual_cost: 11.978977691284317
    efficiency: 0.934714
    discharge_ratio: 2
    depth_of_discharge: 0.9
  Pb-acid:
    cost: 235.033
    lifetime: 11.1511
    annual_cost: 21.077113468626415
    efficiency: 0.703038
    discharge_ratio: 5
    depth_of_discharge: 0.5
  VRBF:
    cost: 282.807
    lifetime: 16.0051
    annual_cost: 17.6698052495767
    efficiency: 0.718721
    discharge_ratio: 0.5
    depth_of_discharge: 1.0
