cost_values:
  wind_capex: 5000.0
  wind_opex: 100
  wind_lifetime: 20
  solar_capex: 1000.0
  solar_opex: 10
  solar_lifetime: 20
  carbon_price: 1.0
timeseries_values:
  load_level: 272220.5735139393
  wind_year: 2014
  solar_year: 2016
  price_year: 2023
  carbon_year: 2023
storage_values:
  CAES:
    cost: 29.9355
    lifetime: 21.0877
    annual_cost: 1.419571598609616
    efficiency: 0.593958
    discharge_ratio: 0.1
    depth_of_discharge: 0.4
  Li-ion:
    cost: 217.463
    lifetime: 18.8759
    annual_cost: 11.520669213123611
    efficiency: 0.940953
    discharge_ratio: 2
    depth_of_discharge: 0.9
  Pb-acid:
    cost: 230.31
    lifetime: 12.0795
    annual_cost: 19.066186514342483
    efficiency: 0.691929
    discharge_ratio: 5
    depth_of_discharge: 0.5
  VRBF:
    cost: 308.565
    lifetime: 15.6747
    annual_cost: 19.685544220942027
    efficiency: 0.71975
    discharge_ratio: 0.5
    depth_of_discharge: 1.0
