cost_values:
  wind_capex: 5000.0
  wind_opex: 100
  wind_lifetime: 20
  solar_capex: 1000.0
  solar_opex: 10
  solar_lifetime: 20
  carbon_price: 1.0
timeseries_values:
  load_level: 272220.5735139393
  wind_year: 2014
  solar_year: 2016
  price_year: 2023
  carbon_year: 2023
storage_values:
  CAES:
    cost: 30.2775
    lifetime: 22.3663
    annual_cost: 1.3537107165691242
    efficiency: 0.591468
    discharge_ratio: 0.1
    depth_of_discharge: 0.4
  Li-ion:
    cost: 219.533
    lifetime: 21.7372
    annual_cost: 10.099414828036728
    efficiency: 0.941123
    discharge_ratio: 2
    depth_of_discharge: 0.9
  Pb-acid:
    cost: 240.656
    lifetime: 10.5579
    annual_cost: 22.79392682256888
    efficiency: 0.684682
    discharge_ratio: 5
    depth_of_discharge: 0.5
  VRBF:
    cost: 260.252
    lifetime: 16.893
    annual_cost: 15.405907772450128
    efficiency: 0.731141
    discharge_ratio: 0.5
    depth_of_discharge: 1.0
