cost_values:
  wind_capex: 5000.0
  wind_opex: 100
  wind_lifetime: 20
  solar_capex: 1000.0
  solar_opex: 10
  solar_lifetime: 20
  carbon_price: 1.0
timeseries_values:
  load_level: 272220.5735139393
  wind_year: 2014
  solar_year: 2016
  price_year: 2023
  carbon_year: 2023
storage_values:
  CAES:
    cost: 29.6623
    lifetime: 20.4937
    annual_cost: 1.4473862699268554
    efficiency: 0.585704
    discharge_ratio: 0.1
    depth_of_discharge: 0.4
  Li-ion:
    cost: 218.408
    lifetime: 20.0767
    annual_cost: 10.878680261198305
    efficiency: 0.936414
    discharge_ratio: 2
    depth_of_discharge: 0.9
  Pb-acid:
    cost: 222.488
    lifetime: 11.8484
    annual_cost: 18.777894061645455
    efficiency: 0.690962
    discharge_ratio: 5
    depth_of_discharge: 0.5
  VRBF:
    cost: 291.148
    lifetime: 15.5471
    annual_cost: 18.726836516134842
    efficiency: 0.715465
    discharge_ratio: 0.5
    depth_of_discharge: 1.0
