cost_values:
  wind_capex: 5000.0
  wind_opex: 100
  wind_lifetime: 20
  solar_capex: 1000.0
  solar_opex: 10
  solar_lifetime: 20
  carbon_price: 1.0
timeseries_values:
  load_level: 272220.5735139393
  wind_year: 2014
  solar_year: 2016
  price_year: 2023
  carbon_year: 2023
storage_values:
  CAES:
    cost: 29.4701
    lifetime: 21.5344
    annual_cost: 1.3685127052529904
    efficiency: 0.594856
    discharge_ratio: 0.1
    depth_of_discharge: 0.4
  Li-ion:
    cost: 234.319
    lifetime: 22.9703
    annual_cost: 10.200955146428212
    efficiency: 0.944448
    discharge_ratio: 2
    depth_of_discharge: 0.9
  Pb-acid:
    cost: 246.812
    lifetime: 11.2807
    annual_cost: 21.87913870593137
    efficiency: 0.689929
    discharge_ratio: 5
    depth_of_discharge: 0.5
  VRBF:
    cost: 306.727
    lifetime: 17.3756
    annual_cost: 17.652742926862956
    efficiency: 0.731838
    discharge_ratio: 0.5
    depth_of_discharge: 1.0
