cost_values:
  wind_capex: 5000.0
  wind_opex: 100
  wind_lifetime: 20
  solar_capex: 1000.0
  solar_opex: 10
  solar_lifetime: 20
  carbon_price: 1.0
timeseries_values:
  load_level: 272220.5735139393
  wind_year: 2014
  solar_year: 2016
  price_year: 2023
  carbon_year: 2023
storage_values:
  CAES:
    cost: 29.8615
    lifetime: 21.2491
    annual_cost: 1.4053065776903493
    efficiency: 0.57906
    discharge_ratio: 0.1
    depth_of_discharge: 0.4
  Li-ion:
    cost: 231.178
    lifetime: 18.0248
    annual_cost: 12.825551462429543
    efficiency: 0.926849
    discharge_ratio: 2
    depth_of_discharge: 0.9
  Pb-acid:
    cost: 226.827
    lifetime: 11.1341
    annual_cost: 20.372279753190647
    efficiency: 0.7054
    discharge_ratio: 5
    depth_of_discharge: 0.5
  VRBF:
    cost: 271.686
    lifetime: 15.2892
    annual_cost: 17.769798288988305
    efficiency: 0.70157
    discharge_ratio: 0.5
    depth_of_discharge: 1.0
