cost_values:
  wind_capex: 5000.0
  wind_opex: 100
  wind_lifetime: 20
  solar_capex: 1000.0
  solar_opex: 10
  solar_lifetime: 20
  carbon_price: 1.0
timeseries_values:
  load_level: 272220.5735139393
  wind_year: 2014
  solar_year: 2016
  price_year: 2023
  carbon_year: 2023
storage_values:
  CAES:
    cost: 28.5127
    lifetime: 21.509
    annual_cost: 1.3256171835045794
    efficiency: 0.581024
    discharge_ratio: 0.1
    depth_of_discharge: 0.4
  Li-ion:
    cost: 234.54
    lifetime: 19.6587
    annual_cost: 11.930595614155564
    efficiency: 0.942121
    discharge_ratio: 2
    depth_of_discharge: 0.9
  Pb-acid:
    cost: 228.188
    lifetime: 11.2536
    annual_cost: 20.27688917324234
    efficiency: 0.683689
    discharge_ratio: 5
    depth_of_discharge: 0.5
  VRBF:
    cost: 284.467
    lifetime: 13.2224
    annual_cost: 21.514021660212972
    efficiency: 0.714859
    discharge_ratio: 0.5
    depth_of_discharge: 1.0
