cost_values:
  wind_capex: 5000.0
  wind_opex: 100
  wind_lifetime: 20
  solar_capex: 1000.0
  solar_opex: 10
  solar_lifetime: 20
  carbon_price: 1.0
timeseries_values:
  load_level: 272220.5735139393
  wind_year: 2014
  solar_year: 2016
  price_year: 2023
  carbon_year: 2023
storage_values:
  CAES:
    cost: 22.9444
    lifetime: 21.5115
    annual_cost: 1.0666108825511935
    efficiency: 0.58237
    discharge_ratio: 0.1
    depth_of_discharge: 0.4
  Li-ion:
    cost: 226.753
    lifetime: 19.2461
    annual_cost: 11.781763578075559
    efficiency: 0.943734
    discharge_ratio: 2
    depth_of_discharge: 0.9
  Pb-acid:
    cost: 248.836
    lifetime: 10.7862
    annual_cost: 23.069848510133323
    efficiency: 0.689969
    discharge_ratio: 5
    depth_of_discharge: 0.5
  VRBF:
    cost: 272.578
    lifetime: 14.5824
    annual_cost: 18.692259161729208
    efficiency: 0.71796
    discharge_ratio: 0.5
    depth_of_discharge: 1.0
