cost_values:
  wind_capex: 5000.0
  wind_opex: 100
  wind_lifetime: 20
  solar_capex: 1000.0
  solar_opex: 10
  solar_lifetime: 20
  carbon_price: 1.0
timeseries_values:
  load_level: 272220.5735139393
  wind_year: 2014
  solar_year: 2016
  price_year: 2023
  carbon_year: 2023
storage_values:
  CAES:
    cost: 23.013
    lifetime: 21.3894
    annual_cost: 1.0759067575528067
    efficiency: 0.586399
    discharge_ratio: 0.1
    depth_of_discharge: 0.4
  Li-ion:
    cost: 220.784
    lifetime: 19.5976
    annual_cost: 11.265869290117157
    efficiency: 0.961021
    discharge_ratio: 2
    depth_of_discharge: 0.9
  Pb-acid:
    cost: 235.343
    lifetime: 12.4073
    annual_cost: 18.968107485109574
    efficiency: 0.6901
    discharge_ratio: 5
    depth_of_discharge: 0.5
  VRBF:
    cost: 333.201
    lifetime: 17.0999
    annual_cost: 19.48555254709092
    efficiency: 0.709385
    discharge_ratio: 0.5
    depth_of_discharge: 1.0
