cost_values:
  wind_capex: 5000.0
  wind_opex: 100
  wind_lifetime: 20
  solar_capex: 1000.0
  solar_opex: 10
  solar_lifetime: 20
  carbon_price: 1.0
timeseries_values:
  load_level: 272220.5735139393
  wind_year: 2014
  solar_year: 2016
  price_year: 2023
  carbon_year: 2023
storage_values:
  CAES:
    cost: 30.3966
    lifetime: 20.9961
    annual_cost: 1.4477260062583053
    efficiency: 0.595167
    discharge_ratio: 0.1
    depth_of_discharge: 0.4
  Li-ion:
    cost: 221.29
    lifetime: 18.4443
    annual_cost: 11.997744560650174
    efficiency: 0.937576
    discharge_ratio: 2
    depth_of_discharge: 0.9
  Pb-acid:
    cost: 233.666
    lifetime: 11.4306
    annual_cost: 20.442146518992878
    efficiency: 0.6763
    discharge_ratio: 5
    depth_of_discharge: 0.5
  VRBF:
    cost: 321.721
    lifetime: 17.5709
    annual_cost: 18.309875988139478
    efficiency: 0.726763
    discharge_ratio: 0.5
    depth_of_discharge: 1.0
