cost_values:
  wind_capex: 5000.0
  wind_opex: 100
  wind_lifetime: 20
  solar_capex: 1000.0
  solar_opex: 10
  solar_lifetime: 20
  carbon_price: 1.0
timeseries_values:
  load_level: 272220.5735139393
  wind_year: 2014
  solar_year: 2016
  price_year: 2023
  carbon_year: 2023
storage_values:
  CAES:
    cost: 24.683
    lifetime: 21.6087
    annual_cost: 1.1422713999453924
    efficiency: 0.591688
    discharge_ratio: 0.1
    depth_of_discharge: 0.4
  Li-ion:
    cost: 234.219
    lifetime: 20.0477
    annual_cost: 11.683085840270953
    efficiency: 0.919008
    discharge_ratio: 2
    depth_of_discharge: 0.9
  Pb-acid:
    cost: 232.716
    lifetime: 11.6119
    annual_cost: 20.04116466728098
    efficiency: 0.700524
    discharge_ratio: 5
    depth_of_discharge: 0.5
  VRBF:
    cost: 290.795
    lifetime: 16.5139
    annual_cost: 17.609105056952025
    efficiency: 0.712426
    discharge_ratio: 0.5
    depth_of_discharge: 1.0
