cost_values:
  wind_capex: 5000.0
  wind_opex: 100
  wind_lifetime: 20
  solar_capex: 1000.0
  solar_opex: 10
  solar_lifetime: 20
  carbon_price: 1.0
timeseries_values:
  load_level: 272220.5735139393
  wind_year: 2014
  solar_year: 2016
  price_year: 2023
  carbon_year: 2023
storage_values:
  CAES:
    cost: 34.28
    lifetime: 22.3377
    annual_cost: 1.5346253195270774
    efficiency: 0.59163
    discharge_ratio: 0.1
    depth_of_discharge: 0.4
  Li-ion:
    cost: 226.49
    lifetime: 20.5759
    annual_cost: 11.00753794487726
    efficiency: 0.939213
    discharge_ratio: 2
    depth_of_discharge: 0.9
  Pb-acid:
    cost: 237.503
    lifetime: 10.563
    annual_cost: 22.484426772697148
    efficiency: 0.6857
    discharge_ratio: 5
    depth_of_discharge: 0.5
  VRBF:
    cost: 302.935
    lifetime: 16.8414
    annual_cost: 17.987518852351943
    efficiency: 0.707324
    discharge_ratio: 0.5
    depth_of_discharge: 1.0
