cost_values:
  wind_capex: 5000.0
  wind_opex: 100
  wind_lifetime: 20
  solar_capex: 1000.0
  solar_opex: 10
  solar_lifetime: 20
  carbon_price: 1.0
timeseries_values:
  load_level: 272220.5735139393
  wind_year: 2014
  solar_year: 2016
  price_year: 2023
  carbon_year: 2023
storage_values:
  CAES:
    cost: 30.5264
    lifetime: 21.5462
    annual_cost: 1.4167881111286444
    efficiency: 0.582241
    discharge_ratio: 0.1
    depth_of_discharge: 0.4
  Li-ion:
    cost: 230.529
    lifetime: 19.6434
    annual_cost: 11.735697486178564
    efficiency: 0.942357
    discharge_ratio: 2
    depth_of_discharge: 0.9
  Pb-acid:
    cost: 235.788
    lifetime: 12.733
    annual_cost: 18.51786695986806
    efficiency: 0.682273
    discharge_ratio: 5
    depth_of_discharge: 0.5
  VRBF:
    cost: 266.354
    lifetime: 15.8561
    annual_cost: 16.79820384583851
    efficiency: 0.70634
    discharge_ratio: 0.5
    depth_of_discharge: 1.0
