cost_values:
  wind_capex: 5000.0
  wind_opex: 100
  wind_lifetime: 20
  solar_capex: 1000.0
  solar_opex: 10
  solar_lifetime: 20
  carbon_price: 1.0
timeseries_values:
  load_level: 272220.5735139393
  wind_year: 2014
  solar_year: 2016
  price_year: 2023
  carbon_year: 2023
storage_values:
  CAES:
    cost: 27.0307
    lifetime: 21.2934
    annual_cost: 1.2694402960541764
    efficiency: 0.587905
    discharge_ratio: 0.1
    depth_of_discharge: 0.4
  Li-ion:
    cost: 214.968
    lifetime: 20.3822
    annual_cost: 10.546849702191126
    efficiency: 0.926784
    discharge_ratio: 2
    depth_of_discharge: 0.9
  Pb-acid:
    cost: 238.976
    lifetime: 13.4633
    annual_cost: 17.750180119287247
    efficiency: 0.695797
    discharge_ratio: 5
    depth_of_discharge: 0.5
  VRBF:
    cost: 308.88
    lifetime: 14.5003
    annual_cost: 21.3016282421743
    efficiency: 0.694851
    discharge_ratio: 0.5
    depth_of_discharge: 1.0
