cost_values:
  wind_capex: 5000.0
  wind_opex: 100
  wind_lifetime: 20
  solar_capex: 1000.0
  solar_opex: 10
  solar_lifetime: 20
  carbon_price: 1.0
timeseries_values:
  load_level: 272220.5735139393
  wind_year: 2014
  solar_year: 2016
  price_year: 2023
  carbon_year: 2023
storage_values:
  CAES:
    cost: 31.2176
    lifetime: 23.031
    annual_cost: 1.3554600321306067
    efficiency: 0.59689
    discharge_ratio: 0.1
    depth_of_discharge: 0.4
  Li-ion:
    cost: 252.387
    lifetime: 20.2915
    annual_cost: 12.438065199714167
    efficiency: 0.946862
    discharge_ratio: 2
    depth_of_discharge: 0.9
  Pb-acid:
    cost: 238.23
    lifetime: 13.2677
    annual_cost: 17.95563662126819
    efficiency: 0.690594
    discharge_ratio: 5
    depth_of_discharge: 0.5
  VRBF:
    cost: 297.835
    lifetime: 13.264
    annual_cost: 22.454387816646562
    efficiency: 0.705912
    discharge_ratio: 0.5
    depth_of_discharge: 1.0
