cost_values:
  wind_capex: 5000.0
  wind_opex: 100
  wind_lifetime: 20
  solar_capex: 1000.0
  solar_opex: 10
  solar_lifetime: 20
  carbon_price: 1.0
timeseries_values:
  load_level: 272220.5735139393
  wind_year: 2014
  solar_year: 2016
  price_year: 2023
  carbon_year: 2023
storage_values:
  CAES:
    cost: 25.8134
    lifetime: 22.6277
    annual_cost: 1.1407876187151147
    efficiency: 0.577438
    discharge_ratio: 0.1
    depth_of_discharge: 0.4
  Li-ion:
    cost: 232.698
    lifetime: 20.0076
    annual_cost: 11.630480417441373
    efficiency: 0.937826
    discharge_ratio: 2
    depth_of_discharge: 0.9
  Pb-acid:
    cost: 245.908
    lifetime: 12.1932
    annual_cost: 20.167634419184463
    efficiency: 0.689088
    discharge_ratio: 5
    depth_of_discharge: 0.5
  VRBF:
    cost: 286.807
    lifetime: 17.2692
    annual_cost: 16.608007319389433
    efficiency: 0.712777
    discharge_ratio: 0.5
    depth_of_discharge: 1.0
