cost_values:
  wind_capex: 5000.0
  wind_opex: 100
  wind_lifetime: 20
  solar_capex: 1000.0
  solar_opex: 10
  solar_lifetime: 20
  carbon_price: 1.0
timeseries_values:
  load_level: 272220.5735139393
  wind_year: 2014
  solar_year: 2016
  price_year: 2023
  carbon_year: 2023
storage_values:
  CAES:
    cost: 28.1322
    lifetime: 21.3022
    annual_cost: 1.3206241608847913
    efficiency: 0.585616
    discharge_ratio: 0.1
    depth_of_discharge: 0.4
  Li-ion:
    cost: 207.952
    lifetime: 18.9237
    annual_cost: 10.988971501344874
    efficiency: 0.921244
    discharge_ratio: 2
    depth_of_discharge: 0.9
  Pb-acid:
    cost: 248.258
    lifetime: 11.0786
    annual_cost: 22.40878811402163
    efficiency: 0.684511
    discharge_ratio: 5
    depth_of_discharge: 0.5
  VRBF:
    cost: 274.171
    lifetime: 15.5552
    annual_cost: 17.625681444147297
    efficiency: 0.726074
    discharge_ratio: 0.5
    depth_of_discharge: 1.0
