cost_values:
  wind_capex: 5000.0
  wind_opex: 100
  wind_lifetime: 20
  solar_capex: 1000.0
  solar_opex: 10
  solar_lifetime: 20
  carbon_price: 1.0
timeseries_values:
  load_level: 272220.5735139393
  wind_year: 2014
  solar_year: 2016
  price_year: 2023
  carbon_year: 2023
storage_values:
  CAES:
    cost: 30.5913
    lifetime: 21.4653
    annual_cost: 1.4251512906877613
    efficiency: 0.599024
    discharge_ratio: 0.1
    depth_of_discharge: 0.4
  Li-ion:
    cost: 225.695
    lifetime: 20.3225
    annual_cost: 11.105671054250214
    efficiency: 0.947069
    discharge_ratio: 2
    depth_of_discharge: 0.9
  Pb-acid:
    cost: 244.522
    lifetime: 11.8285
    annual_cost: 20.67227459103014
    efficiency: 0.680298
    discharge_ratio: 5
    depth_of_discharge: 0.5
  VRBF:
    cost: 303.067
    lifetime: 17.3613
    annual_cost: 17.456469273614303
    efficiency: 0.723265
    discharge_ratio: 0.5
    depth_of_discharge: 1.0
