cost_values:
  wind_capex: 5000.0
  wind_opex: 100
  wind_lifetime: 20
  solar_capex: 1000.0
  solar_opex: 10
  solar_lifetime: 20
  carbon_price: 1.0
timeseries_values:
  load_level: 272220.5735139393
  wind_year: 2014
  solar_year: 2016
  price_year: 2023
  carbon_year: 2023
storage_values:
  CAES:
    cost: 31.9852
    lifetime: 23.255
    annual_cost: 1.3754117394108794
    efficiency: 0.592803
    discharge_ratio: 0.1
    depth_of_discharge: 0.4
  Li-ion:
    cost: 199.755
    lifetime: 21.1556
    annual_cost: 9.442180793737828
    efficiency: 0.940761
    discharge_ratio: 2
    depth_of_discharge: 0.9
  Pb-acid:
    cost: 236.807
    lifetime: 11.0288
    annual_cost: 21.471692296532712
    efficiency: 0.68529
    discharge_ratio: 5
    depth_of_discharge: 0.5
  VRBF:
    cost: 294.641
    lifetime: 15.2602
    annual_cost: 19.307807237126646
    efficiency: 0.710683
    discharge_ratio: 0.5
    depth_of_discharge: 1.0
