cost_values:
  wind_capex: 5000.0
  wind_opex: 100
  wind_lifetime: 20
  solar_capex: 1000.0
  solar_opex: 10
  solar_lifetime: 20
  carbon_price: 1.0
timeseries_values:
  load_level: 272220.5735139393
  wind_year: 2014
  solar_year: 2016
  price_year: 2023
  carbon_year: 2023
storage_values:
  CAES:
    cost: 29.9673
    lifetime: 21.063
    annual_cost: 1.4227460475715712
    efficiency: 0.58863
    discharge_ratio: 0.1
    depth_of_discharge: 0.4
  Li-ion:
    cost: 248.44
    lifetime: 19.5538
    annual_cost: 12.705458785504609
    efficiency: 0.933893
    discharge_ratio: 2
    depth_of_discharge: 0.9
  Pb-acid:
    cost: 238.683
    lifetime: 11.3896
    annual_cost: 20.95622322118424
    efficiency: 0.691067
    discharge_ratio: 5
    depth_of_discharge: 0.5
  VRBF:
    cost: 325.663
    lifetime: 15.2489
    annual_cost: 21.356491287896176
    efficiency: 0.713665
    discharge_ratio: 0.5
    depth_of_discharge: 1.0
