cost_values:
  wind_capex: 5000.0
  wind_opex: 100
  wind_lifetime: 20
  solar_capex: 1000.0
  solar_opex: 10
  solar_lifetime: 20
  carbon_price: 1.0
timeseries_values:
  load_level: 272220.5735139393
  wind_year: 2014
  solar_year: 2016
  price_year: 2023
  carbon_year: 2023
storage_values:
  CAES:
    cost: 34.7392
    lifetime: 20.682
    annual_cost: 1.6796828159752442
    efficiency: 0.58438
    discharge_ratio: 0.1
    depth_of_discharge: 0.4
  Li-ion:
    cost: 220.032
    lifetime: 21.2748
    annual_cost: 10.342376896610075
    efficiency: 0.916539
    discharge_ratio: 2
    depth_of_discharge: 0.9
  Pb-acid:
    cost: 215.739
    lifetime: 9.67405
    annual_cost: 22.30079439324792
    efficiency: 0.681465
    discharge_ratio: 5
    depth_of_discharge: 0.5
  VRBF:
    cost: 314.085
    lifetime: 14.8377
    annual_cost: 21.16803817303221
    efficiency: 0.731048
    discharge_ratio: 0.5
    depth_of_discharge: 1.0
