cost_values:
  wind_capex: 5000.0
  wind_opex: 100
  wind_lifetime: 20
  solar_capex: 1000.0
  solar_opex: 10
  solar_lifetime: 20
  carbon_price: 1.0
timeseries_values:
  load_level: 272220.5735139393
  wind_year: 2014
  solar_year: 2016
  price_year: 2023
  carbon_year: 2023
storage_values:
  CAES:
    cost: 27.33
    lifetime: 21.0935
    annual_cost: 1.2956598004124493
    efficiency: 0.57678
    discharge_ratio: 0.1
    depth_of_discharge: 0.4
  Li-ion:
    cost: 231.747
    lifetime: 18.3918
    annual_cost: 12.6005611196294
    efficiency: 0.933674
    discharge_ratio: 2
    depth_of_discharge: 0.9
  Pb-acid:
    cost: 236.79
    lifetime: 11.0425
    annual_cost: 21.443513697079464
    efficiency: 0.688377
    discharge_ratio: 5
    depth_of_discharge: 0.5
  VRBF:
    cost: 279.822
    lifetime: 15.1784
    annual_cost: 18.43553997786328
    efficiency: 0.730349
    discharge_ratio: 0.5
    depth_of_discharge: 1.0
