cost_values:
  wind_capex: 5000.0
  wind_opex: 100
  wind_lifetime: 20
  solar_capex: 1000.0
  solar_opex: 10
  solar_lifetime: 20
  carbon_price: 1.0
timeseries_values:
  load_level: 272220.5735139393
  wind_year: 2014
  solar_year: 2016
  price_year: 2023
  carbon_year: 2023
storage_values:
  CAES:
    cost: 27.4067
    lifetime: 21.5305
    annual_cost: 1.272924456004273
    efficiency: 0.598217
    discharge_ratio: 0.1
    depth_of_discharge: 0.4
  Li-ion:
    cost: 221.626
    lifetime: 19.803
    annual_cost: 11.191536635863253
    efficiency: 0.932493
    discharge_ratio: 2
    depth_of_discharge: 0.9
  Pb-acid:
    cost: 242.769
    lifetime: 12.7241
    annual_cost: 19.07946338051414
    efficiency: 0.687285
    discharge_ratio: 5
    depth_of_discharge: 0.5
  VRBF:
    cost: 326.602
    lifetime: 15.6375
    annual_cost: 20.88581934452438
    efficiency: 0.715697
    discharge_ratio: 0.5
    depth_of_discharge: 1.0
