cost_values:
  wind_capex: 5000.0
  wind_opex: 100
  wind_lifetime: 20
  solar_capex: 1000.0
  solar_opex: 10
  solar_lifetime: 20
  carbon_price: 1.0
timeseries_values:
  load_level: 272220.5735139393
  wind_year: 2014
  solar_year: 2016
  price_year: 2023
  carbon_year: 2023
storage_values:
  CAES:
    cost: 28.7147
    lifetime: 20.9828
    annual_cost: 1.3684875231141698
    efficiency: 0.590234
    discharge_ratio: 0.1
    depth_of_discharge: 0.4
  Li-ion:
    cost: 197.26
    lifetime: 20.5333
    annual_cost: 9.60683377732756
    efficiency: 0.951038
    discharge_ratio: 2
    depth_of_discharge: 0.9
  Pb-acid:
    cost: 234.325
    lifetime: 10.4339
    annual_cost: 22.458045409674234
    efficiency: 0.686537
    discharge_ratio: 5
    depth_of_discharge: 0.5
  VRBF:
    cost: 320.431
    lifetime: 16.4358
    annual_cost: 19.495917448496574
    efficiency: 0.725252
    discharge_ratio: 0.5
    depth_of_discharge: 1.0
