cost_values:
  wind_capex: 5000.0
  wind_opex: 100
  wind_lifetime: 20
  solar_capex: 1000.0
  solar_opex: 10
  solar_lifetime: 20
  carbon_price: 1.0
timeseries_values:
  load_level: 272220.5735139393
  wind_year: 2014
  solar_year: 2016
  price_year: 2023
  carbon_year: 2023
storage_values:
  CAES:
    cost: 28.5205
    lifetime: 21.8002
    annual_cost: 1.3082678140567516
    efficiency: 0.590946
    discharge_ratio: 0.1
    depth_of_discharge: 0.4
  Li-ion:
    cost: 227.362
    lifetime: 19.9213
    annual_cost: 11.413010195117788
    efficiency: 0.933338
    discharge_ratio: 2
    depth_of_discharge: 0.9
  Pb-acid:
    cost: 225.265
    lifetime: 12.0546
    annual_cost: 18.68705722296882
    efficiency: 0.691317
    discharge_ratio: 5
    depth_of_discharge: 0.5
  VRBF:
    cost: 272.275
    lifetime: 15.5672
    annual_cost: 17.490300118197233
    efficiency: 0.72143
    discharge_ratio: 0.5
    depth_of_discharge: 1.0
