cost_values:
  wind_capex: 5000.0
  wind_opex: 100
  wind_lifetime: 20
  solar_capex: 1000.0
  solar_opex: 10
  solar_lifetime: 20
  carbon_price: 1.0
timeseries_values:
  load_level: 229033.60141853383
  wind_year: 2019
  solar_year: 2016
  price_year: 2023
  carbon_year: 2023
storage_values:
  CAES:
    cost: 65.1924
    lifetime: 23.5542
    annual_cost: 2.7677611636141326
    efficiency: 0.572613
    discharge_ratio: 0.1
    depth_of_discharge: 0.4
  Li-ion:
    cost: 171.987
    lifetime: 21.8716
    annual_cost: 7.863485067393332
    efficiency: 0.959819
    discharge_ratio: 2
    depth_of_discharge: 0.9
  Pb-acid:
    cost: 174.384
    lifetime: 6.99308
    annual_cost: 24.936651661356652
    efficiency: 0.737312
    discharge_ratio: 5
    depth_of_discharge: 0.5
  VRBF:
    cost: 211.079
    lifetime: 15.7179
    annual_cost: 13.429211281405276
    efficiency: 0.691243
    discharge_ratio: 0.5
    depth_of_discharge: 1.0
