cost_values:
  wind_capex: 5000.0
  wind_opex: 100
  wind_lifetime: 20
  solar_capex: 1000.0
  solar_opex: 10
  solar_lifetime: 20
  carbon_price: 1.0
timeseries_values:
  load_level: 229033.60141853383
  wind_year: 2019
  solar_year: 2016
  price_year: 2023
  carbon_year: 2023
storage_values:
  CAES:
    cost: 72.0115
    lifetime: 23.3689
    annual_cost: 3.081510041123031
    efficiency: 0.586191
    discharge_ratio: 0.1
    depth_of_discharge: 0.4
  Li-ion:
    cost: 160.893
    lifetime: 21.7102
    annual_cost: 7.410940479590239
    efficiency: 0.970521
    discharge_ratio: 2
    depth_of_discharge: 0.9
  Pb-acid:
    cost: 189.997
    lifetime: 5.94474
    annual_cost: 31.96052308427282
    efficiency: 0.734694
    discharge_ratio: 5
    depth_of_discharge: 0.5
  VRBF:
    cost: 204.526
    lifetime: 17.4135
    annual_cost: 11.745255118155455
    efficiency: 0.702345
    discharge_ratio: 0.5
    depth_of_discharge: 1.0
