cost_values:
  wind_capex: 5000.0
  wind_opex: 100
  wind_lifetime: 20
  solar_capex: 1000.0
  solar_opex: 10
  solar_lifetime: 20
  carbon_price: 1.0
timeseries_values:
  load_level: 229033.60141853383
  wind_year: 2019
  solar_year: 2016
  price_year: 2023
  carbon_year: 2023
storage_values:
  CAES:
    cost: 61.0415
    lifetime: 22.852
    annual_cost: 2.6711666374934357
    efficiency: 0.562225
    discharge_ratio: 0.1
    depth_of_discharge: 0.4
  Li-ion:
    cost: 147.419
    lifetime: 21.6897
    annual_cost: 6.796728401038282
    efficiency: 0.959837
    discharge_ratio: 2
    depth_of_discharge: 0.9
  Pb-acid:
    cost: 168.984
    lifetime: 7.03644
    annual_cost: 24.01555331957638
    efficiency: 0.742984
    discharge_ratio: 5
    depth_of_discharge: 0.5
  VRBF:
    cost: 221.235
    lifetime: 16.5102
    annual_cost: 13.399898244721445
    efficiency: 0.717633
    discharge_ratio: 0.5
    depth_of_discharge: 1.0
