cost_values:
  wind_capex: 5000.0
  wind_opex: 100
  wind_lifetime: 20
  solar_capex: 1000.0
  solar_opex: 10
  solar_lifetime: 20
  carbon_price: 1.0
timeseries_values:
  load_level: 229033.60141853383
  wind_year: 2019
  solar_year: 2016
  price_year: 2023
  carbon_year: 2023
storage_values:
  CAES:
    cost: 66.6002
    lifetime: 24.009
    annual_cost: 2.773968095297597
    efficiency: 0.568413
    discharge_ratio: 0.1
    depth_of_discharge: 0.4
  Li-ion:
    cost: 177.403
    lifetime: 20.3285
    annual_cost: 8.726812111075583
    efficiency: 0.972774
    discharge_ratio: 2
    depth_of_discharge: 0.9
  Pb-acid:
    cost: 192.166
    lifetime: 7.75424
    annual_cost: 24.782054721030043
    efficiency: 0.74457
    discharge_ratio: 5
    depth_of_discharge: 0.5
  VRBF:
    cost: 186.218
    lifetime: 17.6787
    annual_cost: 10.533466827311964
    efficiency: 0.689886
    discharge_ratio: 0.5
    depth_of_discharge: 1.0
