cost_values:
  wind_capex: 5000.0
  wind_opex: 100
  wind_lifetime: 20
  solar_capex: 1000.0
  solar_opex: 10
  solar_lifetime: 20
  carbon_price: 1.0
timeseries_values:
  load_level: 229033.60141853383
  wind_year: 2019
  solar_year: 2016
  price_year: 2023
  carbon_year: 2023
storage_values:
  CAES:
    cost: 76.1577
    lifetime: 23.6864
    annual_cost: 3.2152501013239667
    efficiency: 0.584397
    discharge_ratio: 0.1
    depth_of_discharge: 0.4
  Li-ion:
    cost: 166.916
    lifetime: 21.9245
    annual_cost: 7.613218089352095
    efficiency: 0.94733
    discharge_ratio: 2
    depth_of_discharge: 0.9
  Pb-acid:
    cost: 187.265
    lifetime: 6.64577
    annual_cost: 28.178074173496825
    efficiency: 0.740872
    discharge_ratio: 5
    depth_of_discharge: 0.5
  VRBF:
    cost: 210.828
    lifetime: 16.5198
    annual_cost: 12.762139977481567
    efficiency: 0.687024
    discharge_ratio: 0.5
    depth_of_discharge: 1.0
