cost_values:
  wind_capex: 5000.0
  wind_opex: 100
  wind_lifetime: 20
  solar_capex: 1000.0
  solar_opex: 10
  solar_lifetime: 20
  carbon_price: 1.0
timeseries_values:
  load_level: 229033.60141853383
  wind_year: 2019
  solar_year: 2016
  price_year: 2023
  carbon_year: 2023
storage_values:
  CAES:
    cost: 65.4913
    lifetime: 22.2648
    annual_cost: 2.9414726384247776
    efficiency: 0.577085
    discharge_ratio: 0.1
    depth_of_discharge: 0.4
  Li-ion:
    cost: 150.708
    lifetime: 19.5546
    annual_cost: 7.707035684698229
    efficiency: 0.955141
    discharge_ratio: 2
    depth_of_discharge: 0.9
  Pb-acid:
    cost: 159.079
    lifetime: 6.33795
    annual_cost: 25.099440670879385
    efficiency: 0.745115
    discharge_ratio: 5
    depth_of_discharge: 0.5
  VRBF:
    cost: 166.218
    lifetime: 18.5615
    annual_cost: 8.954987474072677
    efficiency: 0.690335
    discharge_ratio: 0.5
    depth_of_discharge: 1.0
