cost_values:
  wind_capex: 5000.0
  wind_opex: 100
  wind_lifetime: 20
  solar_capex: 1000.0
  solar_opex: 10
  solar_lifetime: 20
  carbon_price: 1.0
timeseries_values:
  load_level: 229033.60141853383
  wind_year: 2019
  solar_year: 2016
  price_year: 2023
  carbon_year: 2023
storage_values:
  CAES:
    cost: 67.1342
    lifetime: 23.1621
    annual_cost: 2.898450485923125
    efficiency: 0.571175
    discharge_ratio: 0.1
    depth_of_discharge: 0.4
  Li-ion:
    cost: 177.075
    lifetime: 21.1642
    annual_cost: 8.366723051190217
    efficiency: 0.955406
    discharge_ratio: 2
    depth_of_discharge: 0.9
  Pb-acid:
    cost: 173.345
    lifetime: 5.20786
    annual_cost: 33.28526496488001
    efficiency: 0.75308
    discharge_ratio: 5
    depth_of_discharge: 0.5
  VRBF:
    cost: 226.167
    lifetime: 15.6559
    annual_cost: 14.446119354364807
    efficiency: 0.713937
    discharge_ratio: 0.5
    depth_of_discharge: 1.0
