cost_values:
  wind_capex: 5000.0
  wind_opex: 100
  wind_lifetime: 20
  solar_capex: 1000.0
  solar_opex: 10
  solar_lifetime: 20
  carbon_price: 1.0
timeseries_values:
  load_level: 229033.60141853383
  wind_year: 2019
  solar_year: 2016
  price_year: 2023
  carbon_year: 2023
storage_values:
  CAES:
    cost: 74.6979
    lifetime: 23.0614
    annual_cost: 3.239087826411233
    efficiency: 0.571942
    discharge_ratio: 0.1
    depth_of_discharge: 0.4
  Li-ion:
    cost: 191.589
    lifetime: 19.5539
    annual_cost: 9.797994262014228
    efficiency: 0.955146
    discharge_ratio: 2
    depth_of_discharge: 0.9
  Pb-acid:
    cost: 191.708
    lifetime: 5.8266
    annual_cost: 32.90220711907459
    efficiency: 0.742629
    discharge_ratio: 5
    depth_of_discharge: 0.5
  VRBF:
    cost: 202.949
    lifetime: 15.7223
    annual_cost: 12.908353103553551
    efficiency: 0.697662
    discharge_ratio: 0.5
    depth_of_discharge: 1.0
