cost_values:
  wind_capex: 5000.0
  wind_opex: 100
  wind_lifetime: 20
  solar_capex: 1000.0
  solar_opex: 10
  solar_lifetime: 20
  carbon_price: 1.0
timeseries_values:
  load_level: 229033.60141853383
  wind_year: 2019
  solar_year: 2016
  price_year: 2023
  carbon_year: 2023
storage_values:
  CAES:
    cost: 69.09
    lifetime: 23.2274
    annual_cost: 2.974504249291785
    efficiency: 0.572196
    discharge_ratio: 0.1
    depth_of_discharge: 0.4
  Li-ion:
    cost: 165.439
    lifetime: 20.9455
    annual_cost: 7.898546227113222
    efficiency: 0.961419
    discharge_ratio: 2
    depth_of_discharge: 0.9
  Pb-acid:
    cost: 187.735
    lifetime: 5.03049
    annual_cost: 37.319426139401926
    efficiency: 0.738399
    discharge_ratio: 5
    depth_of_discharge: 0.5
  VRBF:
    cost: 207.36
    lifetime: 16.018
    annual_cost: 12.945436384067923
    efficiency: 0.707913
    discharge_ratio: 0.5
    depth_of_discharge: 1.0
