cost_values:
  wind_capex: 5000.0
  wind_opex: 100
  wind_lifetime: 20
  solar_capex: 1000.0
  solar_opex: 10
  solar_lifetime: 20
  carbon_price: 1.0
timeseries_values:
  load_level: 229033.60141853383
  wind_year: 2019
  solar_year: 2016
  price_year: 2023
  carbon_year: 2023
storage_values:
  CAES:
    cost: 68.0809
    lifetime: 23.8631
    annual_cost: 2.8529780288395052
    efficiency: 0.579302
    discharge_ratio: 0.1
    depth_of_discharge: 0.4
  Li-ion:
    cost: 186.436
    lifetime: 20.4799
    annual_cost: 9.103364762523254
    efficiency: 0.974897
    discharge_ratio: 2
    depth_of_discharge: 0.9
  Pb-acid:
    cost: 193.026
    lifetime: 6.04983
    annual_cost: 31.90602049974958
    efficiency: 0.742589
    discharge_ratio: 5
    depth_of_discharge: 0.5
  VRBF:
    cost: 223.182
    lifetime: 15.1274
    annual_cost: 14.753493660510067
    efficiency: 0.706764
    discharge_ratio: 0.5
    depth_of_discharge: 1.0
