cost_values:
  wind_capex: 5000.0
  wind_opex: 100
  wind_lifetime: 20
  solar_capex: 1000.0
  solar_opex: 10
  solar_lifetime: 20
  carbon_price: 1.0
timeseries_values:
  load_level: 229033.60141853383
  wind_year: 2019
  solar_year: 2016
  price_year: 2023
  carbon_year: 2023
storage_values:
  CAES:
    cost: 72.4177
    lifetime: 23.5272
    annual_cost: 3.0780415859090753
    efficiency: 0.563247
    discharge_ratio: 0.1
    depth_of_discharge: 0.4
  Li-ion:
    cost: 148.944
    lifetime: 20.8954
    annual_cost: 7.128076035873924
    efficiency: 0.966388
    discharge_ratio: 2
    depth_of_discharge: 0.9
  Pb-acid:
    cost: 185.917
    lifetime: 5.66041
    annual_cost: 32.8451472596508
    efficiency: 0.732247
    discharge_ratio: 5
    depth_of_discharge: 0.5
  VRBF:
    cost: 231.492
    lifetime: 15.2666
    annual_cost: 15.163297656321642
    efficiency: 0.715783
    discharge_ratio: 0.5
    depth_of_discharge: 1.0
