cost_values:
  wind_capex: 5000.0
  wind_opex: 100
  wind_lifetime: 20
  solar_capex: 1000.0
  solar_opex: 10
  solar_lifetime: 20
  carbon_price: 1.0
timeseries_values:
  load_level: 229033.60141853383
  wind_year: 2019
  solar_year: 2016
  price_year: 2023
  carbon_year: 2023
storage_values:
  CAES:
    cost: 67.4809
    lifetime: 23.8265
    annual_cost: 2.8321784567603303
    efficiency: 0.561459
    discharge_ratio: 0.1
    depth_of_discharge: 0.4
  Li-ion:
    cost: 169.979
    lifetime: 19.8586
    annual_cost: 8.5594654205231
    efficiency: 0.97633
    discharge_ratio: 2
    depth_of_discharge: 0.9
  Pb-acid:
    cost: 188.715
    lifetime: 6.94084
    annual_cost: 27.189072216043016
    efficiency: 0.747386
    discharge_ratio: 5
    depth_of_discharge: 0.5
  VRBF:
    cost: 218.626
    lifetime: 16.8856
    annual_cost: 12.947481878049937
    efficiency: 0.69615
    discharge_ratio: 0.5
    depth_of_discharge: 1.0
