cost_values:
  wind_capex: 5000.0
  wind_opex: 100
  wind_lifetime: 20
  solar_capex: 1000.0
  solar_opex: 10
  solar_lifetime: 20
  carbon_price: 1.0
timeseries_values:
  load_level: 229033.60141853383
  wind_year: 2019
  solar_year: 2016
  price_year: 2023
  carbon_year: 2023
storage_values:
  CAES:
    cost: 73.9009
    lifetime: 24.4942
    annual_cost: 3.017077512227384
    efficiency: 0.569353
    discharge_ratio: 0.1
    depth_of_discharge: 0.4
  Li-ion:
    cost: 179.969
    lifetime: 18.1231
    annual_cost: 9.930365114136102
    efficiency: 0.968707
    discharge_ratio: 2
    depth_of_discharge: 0.9
  Pb-acid:
    cost: 188.092
    lifetime: 6.80168
    annual_cost: 27.653756130838264
    efficiency: 0.737676
    discharge_ratio: 5
    depth_of_discharge: 0.5
  VRBF:
    cost: 165.833
    lifetime: 17.6603
    annual_cost: 9.390157585091986
    efficiency: 0.708231
    discharge_ratio: 0.5
    depth_of_discharge: 1.0
