cost_values:
  wind_capex: 5000.0
  wind_opex: 100
  wind_lifetime: 20
  solar_capex: 1000.0
  solar_opex: 10
  solar_lifetime: 20
  carbon_price: 1.0
timeseries_values:
  load_level: 229033.60141853383
  wind_year: 2019
  solar_year: 2016
  price_year: 2023
  carbon_year: 2023
storage_values:
  CAES:
    cost: 70.3478
    lifetime: 22.9211
    annual_cost: 3.0691284449699188
    efficiency: 0.576102
    discharge_ratio: 0.1
    depth_of_discharge: 0.4
  Li-ion:
    cost: 181.23
    lifetime: 20.4527
    annual_cost: 8.860932786380282
    efficiency: 0.975813
    discharge_ratio: 2
    depth_of_discharge: 0.9
  Pb-acid:
    cost: 187.89
    lifetime: 5.65841
    annual_cost: 33.20544110447988
    efficiency: 0.737447
    discharge_ratio: 5
    depth_of_discharge: 0.5
  VRBF:
    cost: 187.49
    lifetime: 19.3202
    annual_cost: 9.704350886636785
    efficiency: 0.722086
    discharge_ratio: 0.5
    depth_of_discharge: 1.0
