cost_values:
  wind_capex: 5000.0
  wind_opex: 100
  wind_lifetime: 20
  solar_capex: 1000.0
  solar_opex: 10
  solar_lifetime: 20
  carbon_price: 1.0
timeseries_values:
  load_level: 229033.60141853383
  wind_year: 2019
  solar_year: 2016
  price_year: 2023
  carbon_year: 2023
storage_values:
  CAES:
    cost: 66.3722
    lifetime: 22.1618
    annual_cost: 2.994892111651581
    efficiency: 0.573417
    discharge_ratio: 0.1
    depth_of_discharge: 0.4
  Li-ion:
    cost: 179.835
    lifetime: 18.7381
    annual_cost: 9.597291080739243
    efficiency: 0.964516
    discharge_ratio: 2
    depth_of_discharge: 0.9
  Pb-acid:
    cost: 185.645
    lifetime: 5.58218
    annual_cost: 33.256720492710734
    efficiency: 0.745519
    discharge_ratio: 5
    depth_of_discharge: 0.5
  VRBF:
    cost: 201.605
    lifetime: 16.4845
    annual_cost: 12.229973611574508
    efficiency: 0.715443
    discharge_ratio: 0.5
    depth_of_discharge: 1.0
