cost_values:
  wind_capex: 5000.0
  wind_opex: 100
  wind_lifetime: 20
  solar_capex: 1000.0
  solar_opex: 10
  solar_lifetime: 20
  carbon_price: 1.0
timeseries_values:
  load_level: 229033.60141853383
  wind_year: 2019
  solar_year: 2016
  price_year: 2023
  carbon_year: 2023
storage_values:
  CAES:
    cost: 78.8691
    lifetime: 23.3384
    annual_cost: 3.3793704795530113
    efficiency: 0.577151
    discharge_ratio: 0.1
    depth_of_discharge: 0.4
  Li-ion:
    cost: 170.436
    lifetime: 20.3713
    annual_cost: 8.366476366260375
    efficiency: 0.947659
    discharge_ratio: 2
    depth_of_discharge: 0.9
  Pb-acid:
    cost: 172.905
    lifetime: 5.10634
    annual_cost: 33.860847495466416
    efficiency: 0.731727
    discharge_ratio: 5
    depth_of_discharge: 0.5
  VRBF:
    cost: 213.621
    lifetime: 15.6995
    annual_cost: 13.60686646071531
    efficiency: 0.687391
    discharge_ratio: 0.5
    depth_of_discharge: 1.0
