cost_values:
  wind_capex: 5000.0
  wind_opex: 100
  wind_lifetime: 20
  solar_capex: 1000.0
  solar_opex: 10
  solar_lifetime: 20
  carbon_price: 1.0
timeseries_values:
  load_level: 229033.60141853383
  wind_year: 2019
  solar_year: 2016
  price_year: 2023
  carbon_year: 2023
storage_values:
  CAES:
    cost: 66.2235
    lifetime: 23.5055
    annual_cost: 2.8173618940248026
    efficiency: 0.561078
    discharge_ratio: 0.1
    depth_of_discharge: 0.4
  Li-ion:
    cost: 184.411
    lifetime: 21.6663
    annual_cost: 8.511420962508597
    efficiency: 0.938197
    discharge_ratio: 2
    depth_of_discharge: 0.9
  Pb-acid:
    cost: 190.372
    lifetime: 5.57894
    annual_cost: 34.12332808741446
    efficiency: 0.7395
    discharge_ratio: 5
    depth_of_discharge: 0.5
  VRBF:
    cost: 228.464
    lifetime: 16.9635
    annual_cost: 13.467975358858727
    efficiency: 0.700318
    discharge_ratio: 0.5
    depth_of_discharge: 1.0
