cost_values:
  wind_capex: 5000.0
  wind_opex: 100
  wind_lifetime: 20
  solar_capex: 1000.0
  solar_opex: 10
  solar_lifetime: 20
  carbon_price: 1.0
timeseries_values:
  load_level: 229033.60141853383
  wind_year: 2019
  solar_year: 2016
  price_year: 2023
  carbon_year: 2023
storage_values:
  CAES:
    cost: 66.7288
    lifetime: 23.293
    annual_cost: 2.864757652513631
    efficiency: 0.570926
    discharge_ratio: 0.1
    depth_of_discharge: 0.4
  Li-ion:
    cost: 182.108
    lifetime: 20.0385
    annual_cost: 9.087905781370862
    efficiency: 0.970359
    discharge_ratio: 2
    depth_of_discharge: 0.9
  Pb-acid:
    cost: 162.491
    lifetime: 5.79759
    annual_cost: 28.027335496301053
    efficiency: 0.733376
    discharge_ratio: 5
    depth_of_discharge: 0.5
  VRBF:
    cost: 210.608
    lifetime: 18.5075
    annual_cost: 11.379602863703903
    efficiency: 0.705401
    discharge_ratio: 0.5
    depth_of_discharge: 1.0
