cost_values:
  wind_capex: 5000.0
  wind_opex: 100
  wind_lifetime: 20
  solar_capex: 1000.0
  solar_opex: 10
  solar_lifetime: 20
  carbon_price: 1.0
timeseries_values:
  load_level: 229033.60141853383
  wind_year: 2019
  solar_year: 2016
  price_year: 2023
  carbon_year: 2023
storage_values:
  CAES:
    cost: 70.9998
    lifetime: 23.9669
    annual_cost: 2.9624106580325362
    efficiency: 0.573296
    discharge_ratio: 0.1
    depth_of_discharge: 0.4
  Li-ion:
    cost: 151.611
    lifetime: 19.8413
    annual_cost: 7.641182785402165
    efficiency: 0.967177
    discharge_ratio: 2
    depth_of_discharge: 0.9
  Pb-acid:
    cost: 184.234
    lifetime: 7.2547
    annual_cost: 25.39512316153666
    efficiency: 0.729472
    discharge_ratio: 5
    depth_of_discharge: 0.5
  VRBF:
    cost: 225.176
    lifetime: 18.1705
    annual_cost: 12.39239426543023
    efficiency: 0.711571
    discharge_ratio: 0.5
    depth_of_discharge: 1.0
