cost_values:
  wind_capex: 5000.0
  wind_opex: 100
  wind_lifetime: 20
  solar_capex: 1000.0
  solar_opex: 10
  solar_lifetime: 20
  carbon_price: 1.0
timeseries_values:
  load_level: 229033.60141853383
  wind_year: 2019
  solar_year: 2016
  price_year: 2023
  carbon_year: 2023
storage_values:
  CAES:
    cost: 66.9329
    lifetime: 24.8499
    annual_cost: 2.693487700151711
    efficiency: 0.562971
    discharge_ratio: 0.1
    depth_of_discharge: 0.4
  Li-ion:
    cost: 166.622
    lifetime: 20.4525
    annual_cost: 8.14677912235668
    efficiency: 0.958341
    discharge_ratio: 2
    depth_of_discharge: 0.9
  Pb-acid:
    cost: 186.408
    lifetime: 6.75477
    annual_cost: 27.596498474411415
    efficiency: 0.743727
    discharge_ratio: 5
    depth_of_discharge: 0.5
  VRBF:
    cost: 244.41
    lifetime: 16.7524
    annual_cost: 14.589551347866573
    efficiency: 0.691739
    discharge_ratio: 0.5
    depth_of_discharge: 1.0
