cost_values:
  wind_capex: 5000.0
  wind_opex: 100
  wind_lifetime: 20
  solar_capex: 1000.0
  solar_opex: 10
  solar_lifetime: 20
  carbon_price: 1.0
timeseries_values:
  load_level: 229033.60141853383
  wind_year: 2019
  solar_year: 2016
  price_year: 2023
  carbon_year: 2023
storage_values:
  CAES:
    cost: 68.1499
    lifetime: 23.3902
    annual_cost: 2.91360911834871
    efficiency: 0.56552
    discharge_ratio: 0.1
    depth_of_discharge: 0.4
  Li-ion:
    cost: 188.626
    lifetime: 21.3336
    annual_cost: 8.841733228334645
    efficiency: 0.944302
    discharge_ratio: 2
    depth_of_discharge: 0.9
  Pb-acid:
    cost: 172.335
    lifetime: 6.67039
    annual_cost: 25.83582069414232
    efficiency: 0.739534
    discharge_ratio: 5
    depth_of_discharge: 0.5
  VRBF:
    cost: 210.457
    lifetime: 18.2996
    annual_cost: 11.500633893637017
    efficiency: 0.686511
    discharge_ratio: 0.5
    depth_of_discharge: 1.0
