cost_values:
  wind_capex: 5000.0
  wind_opex: 100
  wind_lifetime: 20
  solar_capex: 1000.0
  solar_opex: 10
  solar_lifetime: 20
  carbon_price: 1.0
timeseries_values:
  load_level: 229033.60141853383
  wind_year: 2019
  solar_year: 2016
  price_year: 2023
  carbon_year: 2023
storage_values:
  CAES:
    cost: 76.5777
    lifetime: 22.7377
    annual_cost: 3.3678736195833348
    efficiency: 0.580038
    discharge_ratio: 0.1
    depth_of_discharge: 0.4
  Li-ion:
    cost: 175.804
    lifetime: 20.5779
    annual_cost: 8.543340185344471
    efficiency: 0.976614
    discharge_ratio: 2
    depth_of_discharge: 0.9
  Pb-acid:
    cost: 184.15
    lifetime: 7.31823
    annual_cost: 25.16318836658591
    efficiency: 0.729646
    discharge_ratio: 5
    depth_of_discharge: 0.5
  VRBF:
    cost: 228.042
    lifetime: 15.2493
    annual_cost: 14.95426019554996
    efficiency: 0.676681
    discharge_ratio: 0.5
    depth_of_discharge: 1.0
