cost_values:
  wind_capex: 5000.0
  wind_opex: 100
  wind_lifetime: 20
  solar_capex: 1000.0
  solar_opex: 10
  solar_lifetime: 20
  carbon_price: 1.0
timeseries_values:
  load_level: 229033.60141853383
  wind_year: 2019
  solar_year: 2016
  price_year: 2023
  carbon_year: 2023
storage_values:
  CAES:
    cost: 78.4791
    lifetime: 23.7516
    annual_cost: 3.304160561814783
    efficiency: 0.577251
    discharge_ratio: 0.1
    depth_of_discharge: 0.4
  Li-ion:
    cost: 176.519
    lifetime: 18.6828
    annual_cost: 9.44820904789432
    efficiency: 0.964233
    discharge_ratio: 2
    depth_of_discharge: 0.9
  Pb-acid:
    cost: 176.774
    lifetime: 5.91026
    annual_cost: 29.90968248435771
    efficiency: 0.75135
    discharge_ratio: 5
    depth_of_discharge: 0.5
  VRBF:
    cost: 202.709
    lifetime: 16.8903
    annual_cost: 12.00150382172016
    efficiency: 0.683629
    discharge_ratio: 0.5
    depth_of_discharge: 1.0
