cost_values:
  wind_capex: 5000.0
  wind_opex: 100
  wind_lifetime: 20
  solar_capex: 1000.0
  solar_opex: 10
  solar_lifetime: 20
  carbon_price: 1.0
timeseries_values:
  load_level: 229033.60141853383
  wind_year: 2019
  solar_year: 2016
  price_year: 2023
  carbon_year: 2023
storage_values:
  CAES:
    cost: 69.2713
    lifetime: 23.1134
    annual_cost: 2.9970190452291745
    efficiency: 0.57116
    discharge_ratio: 0.1
    depth_of_discharge: 0.4
  Li-ion:
    cost: 178.511
    lifetime: 22.0391
    annual_cost: 8.099740915010141
    efficiency: 0.949008
    discharge_ratio: 2
    depth_of_discharge: 0.9
  Pb-acid:
    cost: 183.521
    lifetime: 5.8932
    annual_cost: 31.141145727278893
    efficiency: 0.740989
    discharge_ratio: 5
    depth_of_discharge: 0.5
  VRBF:
    cost: 210.03
    lifetime: 15.8115
    annual_cost: 13.28336969926952
    efficiency: 0.711581
    discharge_ratio: 0.5
    depth_of_discharge: 1.0
