cost_values:
  wind_capex: 5000.0
  wind_opex: 100
  wind_lifetime: 20
  solar_capex: 1000.0
  solar_opex: 10
  solar_lifetime: 20
  carbon_price: 1.0
timeseries_values:
  load_level: 229033.60141853383
  wind_year: 2019
  solar_year: 2016
  price_year: 2023
  carbon_year: 2023
storage_values:
  CAES:
    cost: 80.5261
    lifetime: 24.1239
    annual_cost: 3.3380216300017826
    efficiency: 0.568486
    discharge_ratio: 0.1
    depth_of_discharge: 0.4
  Li-ion:
    cost: 171.298
    lifetime: 21.3833
    annual_cost: 8.010830882043464
    efficiency: 0.957793
    discharge_ratio: 2
    depth_of_discharge: 0.9
  Pb-acid:
    cost: 177.941
    lifetime: 7.09982
    annual_cost: 25.06274806966937
    efficiency: 0.743857
    discharge_ratio: 5
    depth_of_discharge: 0.5
  VRBF:
    cost: 161.901
    lifetime: 14.7343
    annual_cost: 10.98803472170378
    efficiency: 0.689832
    discharge_ratio: 0.5
    depth_of_discharge: 1.0
