cost_values:
  wind_capex: 5000.0
  wind_opex: 100
  wind_lifetime: 20
  solar_capex: 1000.0
  solar_opex: 10
  solar_lifetime: 20
  carbon_price: 1.0
timeseries_values:
  load_level: 229033.60141853383
  wind_year: 2019
  solar_year: 2016
  price_year: 2023
  carbon_year: 2023
storage_values:
  CAES:
    cost: 71.4972
    lifetime: 23.6472
    annual_cost: 3.023495382117122
    efficiency: 0.575564
    discharge_ratio: 0.1
    depth_of_discharge: 0.4
  Li-ion:
    cost: 180.065
    lifetime: 20.7367
    annual_cost: 8.683397068964686
    efficiency: 0.970922
    discharge_ratio: 2
    depth_of_discharge: 0.9
  Pb-acid:
    cost: 160.357
    lifetime: 7.07647
    annual_cost: 22.660592074862187
    efficiency: 0.729107
    discharge_ratio: 5
    depth_of_discharge: 0.5
  VRBF:
    cost: 183.267
    lifetime: 17.634
    annual_cost: 10.392820687308609
    efficiency: 0.698469
    discharge_ratio: 0.5
    depth_of_discharge: 1.0
