cost_values:
  wind_capex: 5000.0
  wind_opex: 100
  wind_lifetime: 20
  solar_capex: 1000.0
  solar_opex: 10
  solar_lifetime: 20
  carbon_price: 1.0
timeseries_values:
  load_level: 229033.60141853383
  wind_year: 2019
  solar_year: 2016
  price_year: 2023
  carbon_year: 2023
storage_values:
  CAES:
    cost: 67.5771
    lifetime: 23.0563
    annual_cost: 2.930960301522794
    efficiency: 0.577219
    discharge_ratio: 0.1
    depth_of_discharge: 0.4
  Li-ion:
    cost: 177.729
    lifetime: 18.9165
    annual_cost: 9.395448418047737
    efficiency: 0.950557
    discharge_ratio: 2
    depth_of_discharge: 0.9
  Pb-acid:
    cost: 177.063
    lifetime: 7.05617
    annual_cost: 25.093358011499156
    efficiency: 0.740735
    discharge_ratio: 5
    depth_of_discharge: 0.5
  VRBF:
    cost: 196.649
    lifetime: 16.2116
    annual_cost: 12.130141380246243
    efficiency: 0.692113
    discharge_ratio: 0.5
    depth_of_discharge: 1.0
