cost_values:
  wind_capex: 5000.0
  wind_opex: 100
  wind_lifetime: 20
  solar_capex: 1000.0
  solar_opex: 10
  solar_lifetime: 20
  carbon_price: 1.0
timeseries_values:
  load_level: 229033.60141853383
  wind_year: 2019
  solar_year: 2016
  price_year: 2023
  carbon_year: 2023
storage_values:
  CAES:
    cost: 68.626
    lifetime: 24.1337
    annual_cost: 2.8435755810339898
    efficiency: 0.568902
    discharge_ratio: 0.1
    depth_of_discharge: 0.4
  Li-ion:
    cost: 185.394
    lifetime: 21.2718
    annual_cost: 8.715482469748682
    efficiency: 0.960783
    discharge_ratio: 2
    depth_of_discharge: 0.9
  Pb-acid:
    cost: 184.765
    lifetime: 5.72476
    annual_cost: 32.274715446586406
    efficiency: 0.728615
    discharge_ratio: 5
    depth_of_discharge: 0.5
  VRBF:
    cost: 194.225
    lifetime: 17.9134
    annual_cost: 10.842441970815145
    efficiency: 0.692598
    discharge_ratio: 0.5
    depth_of_discharge: 1.0
