cost_values:
  wind_capex: 5000.0
  wind_opex: 100
  wind_lifetime: 20
  solar_capex: 1000.0
  solar_opex: 10
  solar_lifetime: 20
  carbon_price: 1.0
timeseries_values:
  load_level: 229033.60141853383
  wind_year: 2019
  solar_year: 2016
  price_year: 2023
  carbon_year: 2023
storage_values:
  CAES:
    cost: 69.3739
    lifetime: 22.6971
    annual_cost: 3.056509421908526
    efficiency: 0.571035
    discharge_ratio: 0.1
    depth_of_discharge: 0.4
  Li-ion:
    cost: 172.361
    lifetime: 21.9507
    annual_cost: 7.8521869462021705
    efficiency: 0.962057
    discharge_ratio: 2
    depth_of_discharge: 0.9
  Pb-acid:
    cost: 164.759
    lifetime: 8.15402
    annual_cost: 20.205861648610135
    efficiency: 0.732578
    discharge_ratio: 5
    depth_of_discharge: 0.5
  VRBF:
    cost: 205.745
    lifetime: 18.5352
    annual_cost: 11.100230911994476
    efficiency: 0.704236
    discharge_ratio: 0.5
    depth_of_discharge: 1.0
