cost_values:
  wind_capex: 5000.0
  wind_opex: 100
  wind_lifetime: 20
  solar_capex: 1000.0
  solar_opex: 10
  solar_lifetime: 20
  carbon_price: 1.0
timeseries_values:
  load_level: 229033.60141853383
  wind_year: 2019
  solar_year: 2016
  price_year: 2023
  carbon_year: 2023
storage_values:
  CAES:
    cost: 65.6984
    lifetime: 22.401
    annual_cost: 2.9328333556537656
    efficiency: 0.571618
    discharge_ratio: 0.1
    depth_of_discharge: 0.4
  Li-ion:
    cost: 179.738
    lifetime: 21.3382
    annual_cost: 8.423297185329597
    efficiency: 0.94746
    discharge_ratio: 2
    depth_of_discharge: 0.9
  Pb-acid:
    cost: 159.498
    lifetime: 7.57682
    annual_cost: 21.050783838074548
    efficiency: 0.742371
    discharge_ratio: 5
    depth_of_discharge: 0.5
  VRBF:
    cost: 205.233
    lifetime: 16.4924
    annual_cost: 12.444095462152264
    efficiency: 0.702553
    discharge_ratio: 0.5
    depth_of_discharge: 1.0
