cost_values:
  wind_capex: 5000.0
  wind_opex: 100
  wind_lifetime: 20
  solar_capex: 1000.0
  solar_opex: 10
  solar_lifetime: 20
  carbon_price: 1.0
timeseries_values:
  load_level: 229033.60141853383
  wind_year: 2019
  solar_year: 2016
  price_year: 2023
  carbon_year: 2023
storage_values:
  CAES:
    cost: 75.8546
    lifetime: 23.8279
    annual_cost: 3.183436223922377
    efficiency: 0.56527
    discharge_ratio: 0.1
    depth_of_discharge: 0.4
  Li-ion:
    cost: 155.052
    lifetime: 22.433
    annual_cost: 6.911781750100299
    efficiency: 0.966546
    discharge_ratio: 2
    depth_of_discharge: 0.9
  Pb-acid:
    cost: 177.487
    lifetime: 6.66835
    annual_cost: 26.616329376832347
    efficiency: 0.740575
    discharge_ratio: 5
    depth_of_discharge: 0.5
  VRBF:
    cost: 188.759
    lifetime: 18.3374
    annual_cost: 10.293662133126833
    efficiency: 0.691003
    discharge_ratio: 0.5
    depth_of_discharge: 1.0
