cost_values:
  wind_capex: 5000.0
  wind_opex: 100
  wind_lifetime: 20
  solar_capex: 1000.0
  solar_opex: 10
  solar_lifetime: 20
  carbon_price: 1.0
timeseries_values:
  load_level: 229033.60141853383
  wind_year: 2019
  solar_year: 2016
  price_year: 2023
  carbon_year: 2023
storage_values:
  CAES:
    cost: 76.542
    lifetime: 23.75
    annual_cost: 3.222821052631579
    efficiency: 0.568439
    discharge_ratio: 0.1
    depth_of_discharge: 0.4
  Li-ion:
    cost: 161.671
    lifetime: 22.2989
    annual_cost: 7.250178259914166
    efficiency: 0.976826
    discharge_ratio: 2
    depth_of_discharge: 0.9
  Pb-acid:
    cost: 191.43
    lifetime: 5.91582
    annual_cost: 32.358996724038256
    efficiency: 0.739511
    discharge_ratio: 5
    depth_of_discharge: 0.5
  VRBF:
    cost: 189.15
    lifetime: 16.6461
    annual_cost: 11.363021969109882
    efficiency: 0.698263
    discharge_ratio: 0.5
    depth_of_discharge: 1.0
