cost_values:
  wind_capex: 5000.0
  wind_opex: 100
  wind_lifetime: 20
  solar_capex: 1000.0
  solar_opex: 10
  solar_lifetime: 20
  carbon_price: 1.0
timeseries_values:
  load_level: 229033.60141853383
  wind_year: 2019
  solar_year: 2016
  price_year: 2023
  carbon_year: 2023
storage_values:
  CAES:
    cost: 72.5745
    lifetime: 23.9025
    annual_cost: 3.0362723564480705
    efficiency: 0.562421
    discharge_ratio: 0.1
    depth_of_discharge: 0.4
  Li-ion:
    cost: 162.823
    lifetime: 22.6544
    annual_cost: 7.187257221555195
    efficiency: 0.953359
    discharge_ratio: 2
    depth_of_discharge: 0.9
  Pb-acid:
    cost: 216.728
    lifetime: 6.3872
    annual_cost: 33.93161322645291
    efficiency: 0.734353
    discharge_ratio: 5
    depth_of_discharge: 0.5
  VRBF:
    cost: 175.454
    lifetime: 17.8984
    annual_cost: 9.802775667098736
    efficiency: 0.711086
    discharge_ratio: 0.5
    depth_of_discharge: 1.0
