cost_values:
  wind_capex: 5000.0
  wind_opex: 100
  wind_lifetime: 20
  solar_capex: 1000.0
  solar_opex: 10
  solar_lifetime: 20
  carbon_price: 1.0
timeseries_values:
  load_level: 229033.60141853383
  wind_year: 2019
  solar_year: 2016
  price_year: 2023
  carbon_year: 2023
storage_values:
  CAES:
    cost: 70.2057
    lifetime: 24.0582
    annual_cost: 2.918160959672793
    efficiency: 0.578517
    discharge_ratio: 0.1
    depth_of_discharge: 0.4
  Li-ion:
    cost: 159.491
    lifetime: 20.0484
    annual_cost: 7.955298178408253
    efficiency: 0.952388
    discharge_ratio: 2
    depth_of_discharge: 0.9
  Pb-acid:
    cost: 181.588
    lifetime: 6.18486
    annual_cost: 29.360082524099173
    efficiency: 0.737928
    discharge_ratio: 5
    depth_of_discharge: 0.5
  VRBF:
    cost: 211.279
    lifetime: 15.9513
    annual_cost: 13.245252738021353
    efficiency: 0.692711
    discharge_ratio: 0.5
    depth_of_discharge: 1.0
