cost_values:
  wind_capex: 5000.0
  wind_opex: 100
  wind_lifetime: 20
  solar_capex: 1000.0
  solar_opex: 10
  solar_lifetime: 20
  carbon_price: 1.0
timeseries_values:
  load_level: 229033.60141853383
  wind_year: 2019
  solar_year: 2016
  price_year: 2023
  carbon_year: 2023
storage_values:
  CAES:
    cost: 75.2346
    lifetime: 22.6585
    annual_cost: 3.320369839133217
    efficiency: 0.57092
    discharge_ratio: 0.1
    depth_of_discharge: 0.4
  Li-ion:
    cost: 154.563
    lifetime: 20.1678
    annual_cost: 7.663850296016422
    efficiency: 0.964763
    discharge_ratio: 2
    depth_of_discharge: 0.9
  Pb-acid:
    cost: 172.897
    lifetime: 6.89715
    annual_cost: 25.067890360511225
    efficiency: 0.732252
    discharge_ratio: 5
    depth_of_discharge: 0.5
  VRBF:
    cost: 236.208
    lifetime: 16.8879
    annual_cost: 13.986818965057823
    efficiency: 0.671795
    discharge_ratio: 0.5
    depth_of_discharge: 1.0
