cost_values:
  wind_capex: 5000.0
  wind_opex: 100
  wind_lifetime: 20
  solar_capex: 1000.0
  solar_opex: 10
  solar_lifetime: 20
  carbon_price: 1.0
timeseries_values:
  load_level: 229033.60141853383
  wind_year: 2019
  solar_year: 2016
  price_year: 2023
  carbon_year: 2023
storage_values:
  CAES:
    cost: 78.9936
    lifetime: 23.6306
    annual_cost: 3.3428520646957756
    efficiency: 0.56442
    discharge_ratio: 0.1
    depth_of_discharge: 0.4
  Li-ion:
    cost: 181.11
    lifetime: 20.9611
    annual_cost: 8.640290824431926
    efficiency: 0.961801
    discharge_ratio: 2
    depth_of_discharge: 0.9
  Pb-acid:
    cost: 189.407
    lifetime: 5.53513
    annual_cost: 34.21906983214487
    efficiency: 0.762969
    discharge_ratio: 5
    depth_of_discharge: 0.5
  VRBF:
    cost: 196.4
    lifetime: 15.7437
    annual_cost: 12.474831202322198
    efficiency: 0.704723
    discharge_ratio: 0.5
    depth_of_discharge: 1.0
