cost_values:
  wind_capex: 5000.0
  wind_opex: 100
  wind_lifetime: 20
  solar_capex: 1000.0
  solar_opex: 10
  solar_lifetime: 20
  carbon_price: 1.0
timeseries_values:
  load_level: 229033.60141853383
  wind_year: 2019
  solar_year: 2016
  price_year: 2023
  carbon_year: 2023
storage_values:
  CAES:
    cost: 75.6498
    lifetime: 23.5076
    annual_cost: 3.2180996784018783
    efficiency: 0.564975
    discharge_ratio: 0.1
    depth_of_discharge: 0.4
  Li-ion:
    cost: 172.405
    lifetime: 20.5878
    annual_cost: 8.374134195980144
    efficiency: 0.966978
    discharge_ratio: 2
    depth_of_discharge: 0.9
  Pb-acid:
    cost: 185.901
    lifetime: 7.40687
    annual_cost: 25.09845589297504
    efficiency: 0.726145
    discharge_ratio: 5
    depth_of_discharge: 0.5
  VRBF:
    cost: 186.295
    lifetime: 17.6205
    annual_cost: 10.572628472517806
    efficiency: 0.691491
    discharge_ratio: 0.5
    depth_of_discharge: 1.0
