cost_values:
  wind_capex: 5000.0
  wind_opex: 100
  wind_lifetime: 20
  solar_capex: 1000.0
  solar_opex: 10
  solar_lifetime: 20
  carbon_price: 1.0
timeseries_values:
  load_level: 229033.60141853383
  wind_year: 2019
  solar_year: 2016
  price_year: 2023
  carbon_year: 2023
storage_values:
  CAES:
    cost: 73.4886
    lifetime: 22.7142
    annual_cost: 3.235359378714637
    efficiency: 0.575662
    discharge_ratio: 0.1
    depth_of_discharge: 0.4
  Li-ion:
    cost: 158.175
    lifetime: 18.8721
    annual_cost: 8.381420191711575
    efficiency: 0.958255
    discharge_ratio: 2
    depth_of_discharge: 0.9
  Pb-acid:
    cost: 164.124
    lifetime: 7.24441
    annual_cost: 22.655261090965308
    efficiency: 0.743107
    discharge_ratio: 5
    depth_of_discharge: 0.5
  VRBF:
    cost: 217.79
    lifetime: 17.9154
    annual_cost: 12.156580372193753
    efficiency: 0.69701
    discharge_ratio: 0.5
    depth_of_discharge: 1.0
