cost_values:
  wind_capex: 5000.0
  wind_opex: 100
  wind_lifetime: 20
  solar_capex: 1000.0
  solar_opex: 10
  solar_lifetime: 20
  carbon_price: 1.0
timeseries_values:
  load_level: 229033.60141853383
  wind_year: 2019
  solar_year: 2016
  price_year: 2023
  carbon_year: 2023
storage_values:
  CAES:
    cost: 70.0158
    lifetime: 23.4005
    annual_cost: 2.9920642721309374
    efficiency: 0.581352
    discharge_ratio: 0.1
    depth_of_discharge: 0.4
  Li-ion:
    cost: 176.511
    lifetime: 22.3698
    annual_cost: 7.890593568114153
    efficiency: 0.965711
    discharge_ratio: 2
    depth_of_discharge: 0.9
  Pb-acid:
    cost: 173.75
    lifetime: 6.88103
    annual_cost: 25.25058021836847
    efficiency: 0.766063
    discharge_ratio: 5
    depth_of_discharge: 0.5
  VRBF:
    cost: 197.245
    lifetime: 17.5121
    annual_cost: 11.263355051650002
    efficiency: 0.715753
    discharge_ratio: 0.5
    depth_of_discharge: 1.0
