cost_values:
  wind_capex: 5000.0
  wind_opex: 100
  wind_lifetime: 20
  solar_capex: 1000.0
  solar_opex: 10
  solar_lifetime: 20
  carbon_price: 1.0
timeseries_values:
  load_level: 229033.60141853383
  wind_year: 2019
  solar_year: 2016
  price_year: 2023
  carbon_year: 2023
storage_values:
  CAES:
    cost: 75.009
    lifetime: 22.9117
    annual_cost: 3.2738295281450087
    efficiency: 0.573763
    discharge_ratio: 0.1
    depth_of_discharge: 0.4
  Li-ion:
    cost: 171.363
    lifetime: 22.4524
    annual_cost: 7.632279845361743
    efficiency: 0.962797
    discharge_ratio: 2
    depth_of_discharge: 0.9
  Pb-acid:
    cost: 214.822
    lifetime: 6.43055
    annual_cost: 33.40647378529053
    efficiency: 0.740908
    discharge_ratio: 5
    depth_of_discharge: 0.5
  VRBF:
    cost: 222.815
    lifetime: 18.3153
    annual_cost: 12.165511894427063
    efficiency: 0.694641
    discharge_ratio: 0.5
    depth_of_discharge: 1.0
