cost_values:
  wind_capex: 5000.0
  wind_opex: 100
  wind_lifetime: 20
  solar_capex: 1000.0
  solar_opex: 10
  solar_lifetime: 20
  carbon_price: 1.0
timeseries_values:
  load_level: 229033.60141853383
  wind_year: 2019
  solar_year: 2016
  price_year: 2023
  carbon_year: 2023
storage_values:
  CAES:
    cost: 64.7954
    lifetime: 23.0421
    annual_cost: 2.812044041124724
    efficiency: 0.563565
    discharge_ratio: 0.1
    depth_of_discharge: 0.4
  Li-ion:
    cost: 186.007
    lifetime: 18.3751
    annual_cost: 10.122774842041677
    efficiency: 0.959575
    discharge_ratio: 2
    depth_of_discharge: 0.9
  Pb-acid:
    cost: 160.035
    lifetime: 6.36489
    annual_cost: 25.14340389229036
    efficiency: 0.749794
    discharge_ratio: 5
    depth_of_discharge: 0.5
  VRBF:
    cost: 199.295
    lifetime: 18.2087
    annual_cost: 10.945042754287785
    efficiency: 0.681809
    discharge_ratio: 0.5
    depth_of_discharge: 1.0
