cost_values:
  wind_capex: 5000.0
  wind_opex: 100
  wind_lifetime: 20
  solar_capex: 1000.0
  solar_opex: 10
  solar_lifetime: 20
  carbon_price: 1.0
timeseries_values:
  load_level: 229033.60141853383
  wind_year: 2019
  solar_year: 2016
  price_year: 2023
  carbon_year: 2023
storage_values:
  CAES:
    cost: 65.5377
    lifetime: 22.8249
    annual_cost: 2.8713247374577766
    efficiency: 0.57415
    discharge_ratio: 0.1
    depth_of_discharge: 0.4
  Li-ion:
    cost: 170.359
    lifetime: 22.577
    annual_cost: 7.545688089648757
    efficiency: 0.959953
    discharge_ratio: 2
    depth_of_discharge: 0.9
  Pb-acid:
    cost: 167.201
    lifetime: 7.02543
    annual_cost: 23.799397332262934
    efficiency: 0.733879
    discharge_ratio: 5
    depth_of_discharge: 0.5
  VRBF:
    cost: 181.208
    lifetime: 16.5171
    annual_cost: 10.970933154125118
    efficiency: 0.703163
    discharge_ratio: 0.5
    depth_of_discharge: 1.0
