cost_values:
  wind_capex: 5000.0
  wind_opex: 100
  wind_lifetime: 20
  solar_capex: 1000.0
  solar_opex: 10
  solar_lifetime: 20
  carbon_price: 1.0
timeseries_values:
  load_level: 229033.60141853383
  wind_year: 2019
  solar_year: 2016
  price_year: 2023
  carbon_year: 2023
storage_values:
  CAES:
    cost: 69.9446
    lifetime: 23.5662
    annual_cost: 2.9680050241447495
    efficiency: 0.573535
    discharge_ratio: 0.1
    depth_of_discharge: 0.4
  Li-ion:
    cost: 170.707
    lifetime: 20.9571
    annual_cost: 8.14554494658135
    efficiency: 0.964131
    discharge_ratio: 2
    depth_of_discharge: 0.9
  Pb-acid:
    cost: 163.482
    lifetime: 5.09648
    annual_cost: 32.077433836687284
    efficiency: 0.726772
    discharge_ratio: 5
    depth_of_discharge: 0.5
  VRBF:
    cost: 206.843
    lifetime: 18.4495
    annual_cost: 11.211306539472613
    efficiency: 0.699138
    discharge_ratio: 0.5
    depth_of_discharge: 1.0
