cost_values:
  wind_capex: 5000.0
  wind_opex: 100
  wind_lifetime: 20
  solar_capex: 1000.0
  solar_opex: 10
  solar_lifetime: 20
  carbon_price: 1.0
timeseries_values:
  load_level: 229033.60141853383
  wind_year: 2019
  solar_year: 2016
  price_year: 2023
  carbon_year: 2023
storage_values:
  CAES:
    cost: 73.0053
    lifetime: 23.1154
    annual_cost: 3.158297066025247
    efficiency: 0.574917
    discharge_ratio: 0.1
    depth_of_discharge: 0.4
  Li-ion:
    cost: 171.856
    lifetime: 21.4969
    annual_cost: 7.994455014443942
    efficiency: 0.963114
    discharge_ratio: 2
    depth_of_discharge: 0.9
  Pb-acid:
    cost: 202.338
    lifetime: 5.20263
    annual_cost: 38.89148373034408
    efficiency: 0.74463
    discharge_ratio: 5
    depth_of_discharge: 0.5
  VRBF:
    cost: 188.94
    lifetime: 15.7111
    annual_cost: 12.025892521847611
    efficiency: 0.707637
    discharge_ratio: 0.5
    depth_of_discharge: 1.0
