cost_values:
  wind_capex: 5000.0
  wind_opex: 100
  wind_lifetime: 20
  solar_capex: 1000.0
  solar_opex: 10
  solar_lifetime: 20
  carbon_price: 1.0
timeseries_values:
  load_level: 229033.60141853383
  wind_year: 2019
  solar_year: 2016
  price_year: 2023
  carbon_year: 2023
storage_values:
  CAES:
    cost: 65.9904
    lifetime: 24.7645
    annual_cost: 2.6647176401704047
    efficiency: 0.568388
    discharge_ratio: 0.1
    depth_of_discharge: 0.4
  Li-ion:
    cost: 183.094
    lifetime: 20.3289
    annual_cost: 9.006586682014275
    efficiency: 0.957807
    discharge_ratio: 2
    depth_of_discharge: 0.9
  Pb-acid:
    cost: 185.955
    lifetime: 6.10927
    annual_cost: 30.438170190546497
    efficiency: 0.733684
    discharge_ratio: 5
    depth_of_discharge: 0.5
  VRBF:
    cost: 227.029
    lifetime: 18.2137
    annual_cost: 12.46473808177361
    efficiency: 0.678525
    discharge_ratio: 0.5
    depth_of_discharge: 1.0
