cost_values:
  wind_capex: 5000.0
  wind_opex: 100
  wind_lifetime: 20
  solar_capex: 1000.0
  solar_opex: 10
  solar_lifetime: 20
  carbon_price: 1.0
timeseries_values:
  load_level: 229033.60141853383
  wind_year: 2019
  solar_year: 2016
  price_year: 2023
  carbon_year: 2023
storage_values:
  CAES:
    cost: 64.0977
    lifetime: 22.7827
    annual_cost: 2.8134373888959607
    efficiency: 0.560181
    discharge_ratio: 0.1
    depth_of_discharge: 0.4
  Li-ion:
    cost: 188.712
    lifetime: 18.2566
    annual_cost: 10.336645377562087
    efficiency: 0.952896
    discharge_ratio: 2
    depth_of_discharge: 0.9
  Pb-acid:
    cost: 168.573
    lifetime: 5.12015
    annual_cost: 32.92344950831519
    efficiency: 0.729564
    discharge_ratio: 5
    depth_of_discharge: 0.5
  VRBF:
    cost: 176.006
    lifetime: 18.9457
    annual_cost: 9.290023593744227
    efficiency: 0.704458
    discharge_ratio: 0.5
    depth_of_discharge: 1.0
