cost_values:
  wind_capex: 5000.0
  wind_opex: 100
  wind_lifetime: 20
  solar_capex: 1000.0
  solar_opex: 10
  solar_lifetime: 20
  carbon_price: 1.0
timeseries_values:
  load_level: 229033.60141853383
  wind_year: 2019
  solar_year: 2016
  price_year: 2023
  carbon_year: 2023
storage_values:
  CAES:
    cost: 69.493
    lifetime: 23.4841
    annual_cost: 2.959151085202328
    efficiency: 0.571364
    discharge_ratio: 0.1
    depth_of_discharge: 0.4
  Li-ion:
    cost: 179.214
    lifetime: 19.594
    annual_cost: 9.146371338164744
    efficiency: 0.961476
    discharge_ratio: 2
    depth_of_discharge: 0.9
  Pb-acid:
    cost: 189.309
    lifetime: 6.1507
    annual_cost: 30.778447981530558
    efficiency: 0.734484
    discharge_ratio: 5
    depth_of_discharge: 0.5
  VRBF:
    cost: 226.437
    lifetime: 20.7617
    annual_cost: 10.90647682993204
    efficiency: 0.662005
    discharge_ratio: 0.5
    depth_of_discharge: 1.0
