cost_values:
  wind_capex: 5000.0
  wind_opex: 100
  wind_lifetime: 20
  solar_capex: 1000.0
  solar_opex: 10
  solar_lifetime: 20
  carbon_price: 1.0
timeseries_values:
  load_level: 229033.60141853383
  wind_year: 2019
  solar_year: 2016
  price_year: 2023
  carbon_year: 2023
storage_values:
  CAES:
    cost: 72.0181
    lifetime: 23.8
    annual_cost: 3.0259705882352943
    efficiency: 0.57169
    discharge_ratio: 0.1
    depth_of_discharge: 0.4
  Li-ion:
    cost: 159.892
    lifetime: 21.0802
    annual_cost: 7.584937524311913
    efficiency: 0.959896
    discharge_ratio: 2
    depth_of_discharge: 0.9
  Pb-acid:
    cost: 167.499
    lifetime: 6.23198
    annual_cost: 26.87733272571478
    efficiency: 0.721657
    discharge_ratio: 5
    depth_of_discharge: 0.5
  VRBF:
    cost: 205.394
    lifetime: 16.3871
    annual_cost: 12.53388335947178
    efficiency: 0.692725
    discharge_ratio: 0.5
    depth_of_discharge: 1.0
