cost_values:
  wind_capex: 5000.0
  wind_opex: 100
  wind_lifetime: 20
  solar_capex: 1000.0
  solar_opex: 10
  solar_lifetime: 20
  carbon_price: 1.0
timeseries_values:
  load_level: 229033.60141853383
  wind_year: 2019
  solar_year: 2016
  price_year: 2023
  carbon_year: 2023
storage_values:
  CAES:
    cost: 64.8227
    lifetime: 23.5887
    annual_cost: 2.7480403752644276
    efficiency: 0.575334
    discharge_ratio: 0.1
    depth_of_discharge: 0.4
  Li-ion:
    cost: 171.111
    lifetime: 19.7062
    annual_cost: 8.683104809653814
    efficiency: 0.961797
    discharge_ratio: 2
    depth_of_discharge: 0.9
  Pb-acid:
    cost: 173.687
    lifetime: 5.60653
    annual_cost: 30.979411507652685
    efficiency: 0.748083
    discharge_ratio: 5
    depth_of_discharge: 0.5
  VRBF:
    cost: 184.511
    lifetime: 18.3461
    annual_cost: 10.057232872381595
    efficiency: 0.712609
    discharge_ratio: 0.5
    depth_of_discharge: 1.0
