cost_values:
  wind_capex: 5000.0
  wind_opex: 100
  wind_lifetime: 20
  solar_capex: 1000.0
  solar_opex: 10
  solar_lifetime: 20
  carbon_price: 1.0
timeseries_values:
  load_level: 229033.60141853383
  wind_year: 2019
  solar_year: 2016
  price_year: 2023
  carbon_year: 2023
storage_values:
  CAES:
    cost: 74.6582
    lifetime: 22.0237
    annual_cost: 3.3899026957323244
    efficiency: 0.583062
    discharge_ratio: 0.1
    depth_of_discharge: 0.4
  Li-ion:
    cost: 168.306
    lifetime: 20.5786
    annual_cost: 8.178690484289504
    efficiency: 0.938378
    discharge_ratio: 2
    depth_of_discharge: 0.9
  Pb-acid:
    cost: 177.241
    lifetime: 6.86668
    annual_cost: 25.81174599660972
    efficiency: 0.736692
    discharge_ratio: 5
    depth_of_discharge: 0.5
  VRBF:
    cost: 195.58
    lifetime: 18.6097
    annual_cost: 10.509572964636723
    efficiency: 0.708458
    discharge_ratio: 0.5
    depth_of_discharge: 1.0
