cost_values:
  wind_capex: 5000.0
  wind_opex: 100
  wind_lifetime: 20
  solar_capex: 1000.0
  solar_opex: 10
  solar_lifetime: 20
  carbon_price: 1.0
timeseries_values:
  load_level: 229033.60141853383
  wind_year: 2019
  solar_year: 2016
  price_year: 2023
  carbon_year: 2023
storage_values:
  CAES:
    cost: 72.4037
    lifetime: 23.1472
    annual_cost: 3.127967961567706
    efficiency: 0.575772
    discharge_ratio: 0.1
    depth_of_discharge: 0.4
  Li-ion:
    cost: 178.487
    lifetime: 19.4584
    annual_cost: 9.172748016280886
    efficiency: 0.952808
    discharge_ratio: 2
    depth_of_discharge: 0.9
  Pb-acid:
    cost: 202.481
    lifetime: 5.3402
    annual_cost: 37.916370173401745
    efficiency: 0.7472
    discharge_ratio: 5
    depth_of_discharge: 0.5
  VRBF:
    cost: 176.414
    lifetime: 17.4652
    annual_cost: 10.100886333966974
    efficiency: 0.727822
    discharge_ratio: 0.5
    depth_of_discharge: 1.0
