cost_values:
  wind_capex: 5000.0
  wind_opex: 100
  wind_lifetime: 20
  solar_capex: 1000.0
  solar_opex: 10
  solar_lifetime: 20
  carbon_price: 1.0
timeseries_values:
  load_level: 229033.60141853383
  wind_year: 2019
  solar_year: 2016
  price_year: 2023
  carbon_year: 2023
storage_values:
  CAES:
    cost: 69.0777
    lifetime: 22.703
    annual_cost: 3.0426683698189665
    efficiency: 0.585283
    discharge_ratio: 0.1
    depth_of_discharge: 0.4
  Li-ion:
    cost: 158.66
    lifetime: 20.5953
    annual_cost: 7.703699387724383
    efficiency: 0.963185
    discharge_ratio: 2
    depth_of_discharge: 0.9
  Pb-acid:
    cost: 187.228
    lifetime: 5.35034
    annual_cost: 34.99366395406647
    efficiency: 0.750505
    discharge_ratio: 5
    depth_of_discharge: 0.5
  VRBF:
    cost: 190.716
    lifetime: 18.2146
    annual_cost: 10.470501685461114
    efficiency: 0.70199
    discharge_ratio: 0.5
    depth_of_discharge: 1.0
