cost_values:
  wind_capex: 5000.0
  wind_opex: 100
  wind_lifetime: 20
  solar_capex: 1000.0
  solar_opex: 10
  solar_lifetime: 20
  carbon_price: 1.0
timeseries_values:
  load_level: 229033.60141853383
  wind_year: 2019
  solar_year: 2016
  price_year: 2023
  carbon_year: 2023
storage_values:
  CAES:
    cost: 73.1372
    lifetime: 23.9581
    annual_cost: 3.052712861203518
    efficiency: 0.580879
    discharge_ratio: 0.1
    depth_of_discharge: 0.4
  Li-ion:
    cost: 167.852
    lifetime: 20.1648
    annual_cost: 8.32401015631199
    efficiency: 0.968028
    discharge_ratio: 2
    depth_of_discharge: 0.9
  Pb-acid:
    cost: 176.328
    lifetime: 5.91491
    annual_cost: 29.810766351474495
    efficiency: 0.732
    discharge_ratio: 5
    depth_of_discharge: 0.5
  VRBF:
    cost: 246.693
    lifetime: 16.4633
    annual_cost: 14.984419891516282
    efficiency: 0.692202
    discharge_ratio: 0.5
    depth_of_discharge: 1.0
