cost_values:
  wind_capex: 5000.0
  wind_opex: 100
  wind_lifetime: 20
  solar_capex: 1000.0
  solar_opex: 10
  solar_lifetime: 20
  carbon_price: 1.0
timeseries_values:
  load_level: 229033.60141853383
  wind_year: 2019
  solar_year: 2016
  price_year: 2023
  carbon_year: 2023
storage_values:
  CAES:
    cost: 68.3203
    lifetime: 23.3556
    annual_cost: 2.925221360187707
    efficiency: 0.568556
    discharge_ratio: 0.1
    depth_of_discharge: 0.4
  Li-ion:
    cost: 189.98
    lifetime: 21.9712
    annual_cost: 8.64677395863676
    efficiency: 0.9391
    discharge_ratio: 2
    depth_of_discharge: 0.9
  Pb-acid:
    cost: 188.479
    lifetime: 5.22628
    annual_cost: 36.06370114115585
    efficiency: 0.747965
    discharge_ratio: 5
    depth_of_discharge: 0.5
  VRBF:
    cost: 198.758
    lifetime: 17.3421
    annual_cost: 11.46101106555723
    efficiency: 0.701491
    discharge_ratio: 0.5
    depth_of_discharge: 1.0
