cost_values:
  wind_capex: 5000.0
  wind_opex: 100
  wind_lifetime: 20
  solar_capex: 1000.0
  solar_opex: 10
  solar_lifetime: 20
  carbon_price: 1.0
timeseries_values:
  load_level: 229033.60141853383
  wind_year: 2019
  solar_year: 2016
  price_year: 2023
  carbon_year: 2023
storage_values:
  CAES:
    cost: 70.7841
    lifetime: 23.9371
    annual_cost: 2.9570875335775844
    efficiency: 0.577827
    discharge_ratio: 0.1
    depth_of_discharge: 0.4
  Li-ion:
    cost: 165.159
    lifetime: 21.0465
    annual_cost: 7.847338037203334
    efficiency: 0.946568
    discharge_ratio: 2
    depth_of_discharge: 0.9
  Pb-acid:
    cost: 198.167
    lifetime: 5.88037
    annual_cost: 33.69975018578763
    efficiency: 0.738969
    discharge_ratio: 5
    depth_of_discharge: 0.5
  VRBF:
    cost: 229.351
    lifetime: 17.5483
    annual_cost: 13.069699059168123
    efficiency: 0.715758
    discharge_ratio: 0.5
    depth_of_discharge: 1.0
