cost_values:
  wind_capex: 5000.0
  wind_opex: 100
  wind_lifetime: 20
  solar_capex: 1000.0
  solar_opex: 10
  solar_lifetime: 20
  carbon_price: 1.0
timeseries_values:
  load_level: 229033.60141853383
  wind_year: 2019
  solar_year: 2016
  price_year: 2023
  carbon_year: 2023
storage_values:
  CAES:
    cost: 66.1058
    lifetime: 23.2574
    annual_cost: 2.842355551351398
    efficiency: 0.568077
    discharge_ratio: 0.1
    depth_of_discharge: 0.4
  Li-ion:
    cost: 157.825
    lifetime: 20.8832
    annual_cost: 7.557510343242415
    efficiency: 0.958815
    discharge_ratio: 2
    depth_of_discharge: 0.9
  Pb-acid:
    cost: 161.787
    lifetime: 6.74233
    annual_cost: 23.995710681618966
    efficiency: 0.736057
    discharge_ratio: 5
    depth_of_discharge: 0.5
  VRBF:
    cost: 210.691
    lifetime: 16.2438
    annual_cost: 12.970548763220428
    efficiency: 0.685326
    discharge_ratio: 0.5
    depth_of_discharge: 1.0
