cost_values:
  wind_capex: 5000.0
  wind_opex: 100
  wind_lifetime: 20
  solar_capex: 1000.0
  solar_opex: 10
  solar_lifetime: 20
  carbon_price: 1.0
timeseries_values:
  load_level: 229033.60141853383
  wind_year: 2019
  solar_year: 2016
  price_year: 2023
  carbon_year: 2023
storage_values:
  CAES:
    cost: 76.523
    lifetime: 24.4973
    annual_cost: 3.123732003118711
    efficiency: 0.586097
    discharge_ratio: 0.1
    depth_of_discharge: 0.4
  Li-ion:
    cost: 150.915
    lifetime: 21.2422
    annual_cost: 7.1044901187259315
    efficiency: 0.95447
    discharge_ratio: 2
    depth_of_discharge: 0.9
  Pb-acid:
    cost: 191.609
    lifetime: 5.67501
    annual_cost: 33.763640945126085
    efficiency: 0.745839
    discharge_ratio: 5
    depth_of_discharge: 0.5
  VRBF:
    cost: 201.487
    lifetime: 16.3475
    annual_cost: 12.325248508946322
    efficiency: 0.709381
    discharge_ratio: 0.5
    depth_of_discharge: 1.0
