cost_values:
  wind_capex: 5000.0
  wind_opex: 100
  wind_lifetime: 20
  solar_capex: 1000.0
  solar_opex: 10
  solar_lifetime: 20
  carbon_price: 1.0
timeseries_values:
  load_level: 229033.60141853383
  wind_year: 2019
  solar_year: 2016
  price_year: 2023
  carbon_year: 2023
storage_values:
  CAES:
    cost: 64.6629
    lifetime: 23.4725
    annual_cost: 2.754836510810523
    efficiency: 0.578504
    discharge_ratio: 0.1
    depth_of_discharge: 0.4
  Li-ion:
    cost: 170.043
    lifetime: 20.647
    annual_cost: 8.235724318302902
    efficiency: 0.955733
    discharge_ratio: 2
    depth_of_discharge: 0.9
  Pb-acid:
    cost: 185.893
    lifetime: 6.82222
    annual_cost: 27.248168484745435
    efficiency: 0.724376
    discharge_ratio: 5
    depth_of_discharge: 0.5
  VRBF:
    cost: 202.705
    lifetime: 17.5953
    annual_cost: 11.520406017516041
    efficiency: 0.68821
    discharge_ratio: 0.5
    depth_of_discharge: 1.0
