cost_values:
  wind_capex: 5000.0
  wind_opex: 100
  wind_lifetime: 20
  solar_capex: 1000.0
  solar_opex: 10
  solar_lifetime: 20
  carbon_price: 1.0
timeseries_values:
  load_level: 229033.60141853383
  wind_year: 2019
  solar_year: 2016
  price_year: 2023
  carbon_year: 2023
storage_values:
  CAES:
    cost: 70.6527
    lifetime: 23.6452
    annual_cost: 2.988035626681102
    efficiency: 0.578723
    discharge_ratio: 0.1
    depth_of_discharge: 0.4
  Li-ion:
    cost: 191.14
    lifetime: 21.7873
    annual_cost: 8.773000784860905
    efficiency: 0.962182
    discharge_ratio: 2
    depth_of_discharge: 0.9
  Pb-acid:
    cost: 165.525
    lifetime: 6.436
    annual_cost: 25.7186140459913
    efficiency: 0.748563
    discharge_ratio: 5
    depth_of_discharge: 0.5
  VRBF:
    cost: 237.57
    lifetime: 17.4729
    annual_cost: 13.596483697611731
    efficiency: 0.69712
    discharge_ratio: 0.5
    depth_of_discharge: 1.0
