cost_values:
  wind_capex: 5000.0
  wind_opex: 100
  wind_lifetime: 20
  solar_capex: 1000.0
  solar_opex: 10
  solar_lifetime: 20
  carbon_price: 1.0
timeseries_values:
  load_level: 229033.60141853383
  wind_year: 2019
  solar_year: 2016
  price_year: 2023
  carbon_year: 2023
storage_values:
  CAES:
    cost: 68.8972
    lifetime: 22.9168
    annual_cost: 3.00640578091182
    efficiency: 0.566533
    discharge_ratio: 0.1
    depth_of_discharge: 0.4
  Li-ion:
    cost: 169.643
    lifetime: 19.9638
    annual_cost: 8.497530530259771
    efficiency: 0.953529
    discharge_ratio: 2
    depth_of_discharge: 0.9
  Pb-acid:
    cost: 187.719
    lifetime: 6.78525
    annual_cost: 27.665745551011387
    efficiency: 0.749835
    discharge_ratio: 5
    depth_of_discharge: 0.5
  VRBF:
    cost: 190.216
    lifetime: 16.0089
    annual_cost: 11.88189069829907
    efficiency: 0.704008
    discharge_ratio: 0.5
    depth_of_discharge: 1.0
