cost_values:
  wind_capex: 5000.0
  wind_opex: 100
  wind_lifetime: 20
  solar_capex: 1000.0
  solar_opex: 10
  solar_lifetime: 20
  carbon_price: 1.0
timeseries_values:
  load_level: 229033.60141853383
  wind_year: 2019
  solar_year: 2016
  price_year: 2023
  carbon_year: 2023
storage_values:
  CAES:
    cost: 73.0939
    lifetime: 23.1639
    annual_cost: 3.155509219086596
    efficiency: 0.580002
    discharge_ratio: 0.1
    depth_of_discharge: 0.4
  Li-ion:
    cost: 166.376
    lifetime: 19.8587
    annual_cost: 8.37799050290301
    efficiency: 0.959243
    discharge_ratio: 2
    depth_of_discharge: 0.9
  Pb-acid:
    cost: 176.508
    lifetime: 7.4153
    annual_cost: 23.80321767157094
    efficiency: 0.7501
    discharge_ratio: 5
    depth_of_discharge: 0.5
  VRBF:
    cost: 228.252
    lifetime: 16.0797
    annual_cost: 14.195040952256573
    efficiency: 0.667858
    discharge_ratio: 0.5
    depth_of_discharge: 1.0
