cost_values:
  wind_capex: 5000.0
  wind_opex: 100
  wind_lifetime: 20
  solar_capex: 1000.0
  solar_opex: 10
  solar_lifetime: 20
  carbon_price: 1.0
timeseries_values:
  load_level: 229033.60141853383
  wind_year: 2019
  solar_year: 2016
  price_year: 2023
  carbon_year: 2023
storage_values:
  CAES:
    cost: 76.1062
    lifetime: 23.1021
    annual_cost: 3.294341207076413
    efficiency: 0.560231
    discharge_ratio: 0.1
    depth_of_discharge: 0.4
  Li-ion:
    cost: 184.1
    lifetime: 21.0703
    annual_cost: 8.73741712267979
    efficiency: 0.959104
    discharge_ratio: 2
    depth_of_discharge: 0.9
  Pb-acid:
    cost: 185.381
    lifetime: 6.6656
    annual_cost: 27.811599855976954
    efficiency: 0.738896
    discharge_ratio: 5
    depth_of_discharge: 0.5
  VRBF:
    cost: 183.019
    lifetime: 19.8238
    annual_cost: 9.232286443567833
    efficiency: 0.685104
    discharge_ratio: 0.5
    depth_of_discharge: 1.0
