cost_values:
  wind_capex: 5000.0
  wind_opex: 100
  wind_lifetime: 20
  solar_capex: 1000.0
  solar_opex: 10
  solar_lifetime: 20
  carbon_price: 1.0
timeseries_values:
  load_level: 229033.60141853383
  wind_year: 2019
  solar_year: 2016
  price_year: 2023
  carbon_year: 2023
storage_values:
  CAES:
    cost: 60.8329
    lifetime: 23.3897
    annual_cost: 2.6008413959990935
    efficiency: 0.566191
    discharge_ratio: 0.1
    depth_of_discharge: 0.4
  Li-ion:
    cost: 151.682
    lifetime: 21.41
    annual_cost: 7.084633348902382
    efficiency: 0.949342
    discharge_ratio: 2
    depth_of_discharge: 0.9
  Pb-acid:
    cost: 168.707
    lifetime: 7.94942
    annual_cost: 21.22255460146778
    efficiency: 0.728883
    discharge_ratio: 5
    depth_of_discharge: 0.5
  VRBF:
    cost: 193.192
    lifetime: 16.554
    annual_cost: 11.670411985018728
    efficiency: 0.703973
    discharge_ratio: 0.5
    depth_of_discharge: 1.0
