cost_values:
  wind_capex: 5000.0
  wind_opex: 100
  wind_lifetime: 20
  solar_capex: 1000.0
  solar_opex: 10
  solar_lifetime: 20
  carbon_price: 1.0
timeseries_values:
  load_level: 229033.60141853383
  wind_year: 2019
  solar_year: 2016
  price_year: 2023
  carbon_year: 2023
storage_values:
  CAES:
    cost: 66.9712
    lifetime: 23.7941
    annual_cost: 2.8146137067592383
    efficiency: 0.567868
    discharge_ratio: 0.1
    depth_of_discharge: 0.4
  Li-ion:
    cost: 153.095
    lifetime: 20.7979
    annual_cost: 7.3610797243952515
    efficiency: 0.965317
    discharge_ratio: 2
    depth_of_discharge: 0.9
  Pb-acid:
    cost: 161.245
    lifetime: 6.98272
    annual_cost: 23.0920042619495
    efficiency: 0.736168
    discharge_ratio: 5
    depth_of_discharge: 0.5
  VRBF:
    cost: 179.402
    lifetime: 14.7164
    annual_cost: 12.190617270528117
    efficiency: 0.70445
    discharge_ratio: 0.5
    depth_of_discharge: 1.0
