cost_values:
  wind_capex: 5000.0
  wind_opex: 100
  wind_lifetime: 20
  solar_capex: 1000.0
  solar_opex: 10
  solar_lifetime: 20
  carbon_price: 1.0
timeseries_values:
  load_level: 229033.60141853383
  wind_year: 2019
  solar_year: 2016
  price_year: 2023
  carbon_year: 2023
storage_values:
  CAES:
    cost: 62.0941
    lifetime: 24.0721
    annual_cost: 2.579504904017514
    efficiency: 0.56464
    discharge_ratio: 0.1
    depth_of_discharge: 0.4
  Li-ion:
    cost: 168.655
    lifetime: 20.4806
    annual_cost: 8.234866166030292
    efficiency: 0.97134
    discharge_ratio: 2
    depth_of_discharge: 0.9
  Pb-acid:
    cost: 182.191
    lifetime: 6.59859
    annual_cost: 27.610595596938136
    efficiency: 0.751646
    discharge_ratio: 5
    depth_of_discharge: 0.5
  VRBF:
    cost: 199.267
    lifetime: 17.2381
    annual_cost: 11.559684652020815
    efficiency: 0.714866
    discharge_ratio: 0.5
    depth_of_discharge: 1.0
