cost_values:
  wind_capex: 5000.0
  wind_opex: 100
  wind_lifetime: 20
  solar_capex: 1000.0
  solar_opex: 10
  solar_lifetime: 20
  carbon_price: 1.0
timeseries_values:
  load_level: 229033.60141853383
  wind_year: 2019
  solar_year: 2016
  price_year: 2023
  carbon_year: 2023
storage_values:
  CAES:
    cost: 75.1693
    lifetime: 22.8999
    annual_cost: 3.2825165175393782
    efficiency: 0.570555
    discharge_ratio: 0.1
    depth_of_discharge: 0.4
  Li-ion:
    cost: 153.936
    lifetime: 19.3357
    annual_cost: 7.961232331904198
    efficiency: 0.951317
    discharge_ratio: 2
    depth_of_discharge: 0.9
  Pb-acid:
    cost: 192.557
    lifetime: 5.7272
    annual_cost: 33.62149043162453
    efficiency: 0.722409
    discharge_ratio: 5
    depth_of_discharge: 0.5
  VRBF:
    cost: 245.997
    lifetime: 17.7774
    annual_cost: 13.837625299537615
    efficiency: 0.714163
    discharge_ratio: 0.5
    depth_of_discharge: 1.0
