cost_values:
  wind_capex: 5000.0
  wind_opex: 100
  wind_lifetime: 20
  solar_capex: 1000.0
  solar_opex: 10
  solar_lifetime: 20
  carbon_price: 1.0
timeseries_values:
  load_level: 229033.60141853383
  wind_year: 2019
  solar_year: 2016
  price_year: 2023
  carbon_year: 2023
storage_values:
  CAES:
    cost: 71.6246
    lifetime: 24.196
    annual_cost: 2.960183501405191
    efficiency: 0.56466
    discharge_ratio: 0.1
    depth_of_discharge: 0.4
  Li-ion:
    cost: 178.336
    lifetime: 20.4534
    annual_cost: 8.719137160569883
    efficiency: 0.962599
    discharge_ratio: 2
    depth_of_discharge: 0.9
  Pb-acid:
    cost: 198.466
    lifetime: 8.18067
    annual_cost: 24.260360092755242
    efficiency: 0.746739
    discharge_ratio: 5
    depth_of_discharge: 0.5
  VRBF:
    cost: 201.329
    lifetime: 15.3926
    annual_cost: 13.079596689318244
    efficiency: 0.695857
    discharge_ratio: 0.5
    depth_of_discharge: 1.0
