cost_values:
  wind_capex: 5000.0
  wind_opex: 100
  wind_lifetime: 20
  solar_capex: 1000.0
  solar_opex: 10
  solar_lifetime: 20
  carbon_price: 1.0
timeseries_values:
  load_level: 229033.60141853383
  wind_year: 2019
  solar_year: 2016
  price_year: 2023
  carbon_year: 2023
storage_values:
  CAES:
    cost: 72.8535
    lifetime: 23.6713
    annual_cost: 3.077714362962744
    efficiency: 0.577445
    discharge_ratio: 0.1
    depth_of_discharge: 0.4
  Li-ion:
    cost: 186.072
    lifetime: 20.0294
    annual_cost: 9.28994378263952
    efficiency: 0.961346
    discharge_ratio: 2
    depth_of_discharge: 0.9
  Pb-acid:
    cost: 163.827
    lifetime: 5.36991
    annual_cost: 30.508332541886176
    efficiency: 0.739266
    discharge_ratio: 5
    depth_of_discharge: 0.5
  VRBF:
    cost: 193.23
    lifetime: 15.2572
    annual_cost: 12.664840206590986
    efficiency: 0.699469
    discharge_ratio: 0.5
    depth_of_discharge: 1.0
