cost_values:
  wind_capex: 5000.0
  wind_opex: 100
  wind_lifetime: 20
  solar_capex: 1000.0
  solar_opex: 10
  solar_lifetime: 20
  carbon_price: 1.0
timeseries_values:
  load_level: 229033.60141853383
  wind_year: 2019
  solar_year: 2016
  price_year: 2023
  carbon_year: 2023
storage_values:
  CAES:
    cost: 70.9999
    lifetime: 24.0217
    annual_cost: 2.955656760345854
    efficiency: 0.57393
    discharge_ratio: 0.1
    depth_of_discharge: 0.4
  Li-ion:
    cost: 192.627
    lifetime: 19.9109
    annual_cost: 9.674449673294527
    efficiency: 0.955058
    discharge_ratio: 2
    depth_of_discharge: 0.9
  Pb-acid:
    cost: 181.643
    lifetime: 7.78457
    annual_cost: 23.33372299304907
    efficiency: 0.744263
    discharge_ratio: 5
    depth_of_discharge: 0.5
  VRBF:
    cost: 179.045
    lifetime: 14.0041
    annual_cost: 12.785184338872186
    efficiency: 0.710096
    discharge_ratio: 0.5
    depth_of_discharge: 1.0
