cost_values:
  wind_capex: 5000.0
  wind_opex: 100
  wind_lifetime: 20
  solar_capex: 1000.0
  solar_opex: 10
  solar_lifetime: 20
  carbon_price: 1.0
timeseries_values:
  load_level: 229033.60141853383
  wind_year: 2019
  solar_year: 2016
  price_year: 2023
  carbon_year: 2023
storage_values:
  CAES:
    cost: 65.3891
    lifetime: 24.7422
    annual_cost: 2.64281672607933
    efficiency: 0.576573
    discharge_ratio: 0.1
    depth_of_discharge: 0.4
  Li-ion:
    cost: 162.983
    lifetime: 21.4515
    annual_cost: 7.5977437475234835
    efficiency: 0.966595
    discharge_ratio: 2
    depth_of_discharge: 0.9
  Pb-acid:
    cost: 174.81
    lifetime: 6.19904
    annual_cost: 28.19952766880033
    efficiency: 0.743648
    discharge_ratio: 5
    depth_of_discharge: 0.5
  VRBF:
    cost: 223.15
    lifetime: 16.7933
    annual_cost: 13.288037491142303
    efficiency: 0.704672
    discharge_ratio: 0.5
    depth_of_discharge: 1.0
