cost_values:
  wind_capex: 5000.0
  wind_opex: 100
  wind_lifetime: 20
  solar_capex: 1000.0
  solar_opex: 10
  solar_lifetime: 20
  carbon_price: 1.0
timeseries_values:
  load_level: 229033.60141853383
  wind_year: 2019
  solar_year: 2016
  price_year: 2023
  carbon_year: 2023
storage_values:
  CAES:
    cost: 76.5332
    lifetime: 23.9683
    annual_cost: 3.1931008874221365
    efficiency: 0.571334
    discharge_ratio: 0.1
    depth_of_discharge: 0.4
  Li-ion:
    cost: 168.241
    lifetime: 20.3553
    annual_cost: 8.26521839520911
    efficiency: 0.953419
    discharge_ratio: 2
    depth_of_discharge: 0.9
  Pb-acid:
    cost: 167.44
    lifetime: 5.28363
    annual_cost: 31.690334107422363
    efficiency: 0.738139
    discharge_ratio: 5
    depth_of_discharge: 0.5
  VRBF:
    cost: 217.779
    lifetime: 17.4893
    annual_cost: 12.452127872470596
    efficiency: 0.686855
    discharge_ratio: 0.5
    depth_of_discharge: 1.0
