cost_values:
  wind_capex: 5000.0
  wind_opex: 100
  wind_lifetime: 20
  solar_capex: 1000.0
  solar_opex: 10
  solar_lifetime: 20
  carbon_price: 1.0
timeseries_values:
  load_level: 229033.60141853383
  wind_year: 2019
  solar_year: 2016
  price_year: 2023
  carbon_year: 2023
storage_values:
  CAES:
    cost: 67.1195
    lifetime: 23.8197
    annual_cost: 2.8178146660117465
    efficiency: 0.566451
    discharge_ratio: 0.1
    depth_of_discharge: 0.4
  Li-ion:
    cost: 168.802
    lifetime: 19.0078
    annual_cost: 8.880670040720124
    efficiency: 0.956463
    discharge_ratio: 2
    depth_of_discharge: 0.9
  Pb-acid:
    cost: 194.531
    lifetime: 6.02041
    annual_cost: 32.31191895568574
    efficiency: 0.746096
    discharge_ratio: 5
    depth_of_discharge: 0.5
  VRBF:
    cost: 192.235
    lifetime: 17.0828
    annual_cost: 11.253131805090502
    efficiency: 0.697325
    discharge_ratio: 0.5
    depth_of_discharge: 1.0
