cost_values:
  wind_capex: 5000.0
  wind_opex: 100
  wind_lifetime: 20
  solar_capex: 1000.0
  solar_opex: 10
  solar_lifetime: 20
  carbon_price: 1.0
timeseries_values:
  load_level: 229033.60141853383
  wind_year: 2019
  solar_year: 2016
  price_year: 2023
  carbon_year: 2023
storage_values:
  CAES:
    cost: 73.7582
    lifetime: 23.1754
    annual_cost: 3.182607419936657
    efficiency: 0.566379
    discharge_ratio: 0.1
    depth_of_discharge: 0.4
  Li-ion:
    cost: 165.701
    lifetime: 19.3589
    annual_cost: 8.559422281224657
    efficiency: 0.948438
    discharge_ratio: 2
    depth_of_discharge: 0.9
  Pb-acid:
    cost: 176.899
    lifetime: 7.21908
    annual_cost: 24.50436897776448
    efficiency: 0.744
    discharge_ratio: 5
    depth_of_discharge: 0.5
  VRBF:
    cost: 206.241
    lifetime: 15.2888
    annual_cost: 13.48967871906232
    efficiency: 0.692793
    discharge_ratio: 0.5
    depth_of_discharge: 1.0
