cost_values:
  wind_capex: 5000.0
  wind_opex: 100
  wind_lifetime: 20
  solar_capex: 1000.0
  solar_opex: 10
  solar_lifetime: 20
  carbon_price: 1.0
timeseries_values:
  load_level: 229033.60141853383
  wind_year: 2019
  solar_year: 2016
  price_year: 2023
  carbon_year: 2023
storage_values:
  CAES:
    cost: 72.3252
    lifetime: 24.4606
    annual_cost: 2.9568040031724485
    efficiency: 0.564417
    discharge_ratio: 0.1
    depth_of_discharge: 0.4
  Li-ion:
    cost: 146.0
    lifetime: 20.2408
    annual_cost: 7.213153630291293
    efficiency: 0.952901
    discharge_ratio: 2
    depth_of_discharge: 0.9
  Pb-acid:
    cost: 184.854
    lifetime: 6.62811
    annual_cost: 27.889398335272045
    efficiency: 0.735782
    discharge_ratio: 5
    depth_of_discharge: 0.5
  VRBF:
    cost: 182.951
    lifetime: 16.0152
    annual_cost: 11.423585094160547
    efficiency: 0.690364
    discharge_ratio: 0.5
    depth_of_discharge: 1.0
