cost_values:
  wind_capex: 5000.0
  wind_opex: 100
  wind_lifetime: 20
  solar_capex: 1000.0
  solar_opex: 10
  solar_lifetime: 20
  carbon_price: 1.0
timeseries_values:
  load_level: 229033.60141853383
  wind_year: 2019
  solar_year: 2016
  price_year: 2023
  carbon_year: 2023
storage_values:
  CAES:
    cost: 70.256
    lifetime: 23.9598
    annual_cost: 2.9322448434461053
    efficiency: 0.568845
    discharge_ratio: 0.1
    depth_of_discharge: 0.4
  Li-ion:
    cost: 175.075
    lifetime: 19.6824
    annual_cost: 8.895002641954232
    efficiency: 0.937676
    discharge_ratio: 2
    depth_of_discharge: 0.9
  Pb-acid:
    cost: 177.501
    lifetime: 6.94355
    annual_cost: 25.563436570630298
    efficiency: 0.744342
    discharge_ratio: 5
    depth_of_discharge: 0.5
  VRBF:
    cost: 192.434
    lifetime: 15.8539
    annual_cost: 12.137959744920808
    efficiency: 0.715949
    discharge_ratio: 0.5
    depth_of_discharge: 1.0
