cost_values:
  wind_capex: 5000.0
  wind_opex: 100
  wind_lifetime: 20
  solar_capex: 1000.0
  solar_opex: 10
  solar_lifetime: 20
  carbon_price: 1.0
timeseries_values:
  load_level: 229033.60141853383
  wind_year: 2019
  solar_year: 2016
  price_year: 2023
  carbon_year: 2023
storage_values:
  CAES:
    cost: 68.2185
    lifetime: 22.9144
    annual_cost: 2.977101735153441
    efficiency: 0.573258
    discharge_ratio: 0.1
    depth_of_discharge: 0.4
  Li-ion:
    cost: 154.297
    lifetime: 22.312
    annual_cost: 6.915426676228038
    efficiency: 0.958464
    discharge_ratio: 2
    depth_of_discharge: 0.9
  Pb-acid:
    cost: 181.367
    lifetime: 5.49581
    annual_cost: 33.00095891233504
    efficiency: 0.721386
    discharge_ratio: 5
    depth_of_discharge: 0.5
  VRBF:
    cost: 218.474
    lifetime: 16.4225
    annual_cost: 13.30333384076724
    efficiency: 0.669097
    discharge_ratio: 0.5
    depth_of_discharge: 1.0
