cost_values:
  wind_capex: 5000.0
  wind_opex: 100
  wind_lifetime: 20
  solar_capex: 1000.0
  solar_opex: 10
  solar_lifetime: 20
  carbon_price: 1.0
timeseries_values:
  load_level: 229033.60141853383
  wind_year: 2019
  solar_year: 2016
  price_year: 2023
  carbon_year: 2023
storage_values:
  CAES:
    cost: 73.1211
    lifetime: 23.9829
    annual_cost: 3.0488848304416893
    efficiency: 0.575586
    discharge_ratio: 0.1
    depth_of_discharge: 0.4
  Li-ion:
    cost: 184.379
    lifetime: 22.4139
    annual_cost: 8.226100767827106
    efficiency: 0.948143
    discharge_ratio: 2
    depth_of_discharge: 0.9
  Pb-acid:
    cost: 165.034
    lifetime: 5.60263
    annual_cost: 29.45652309718828
    efficiency: 0.748352
    discharge_ratio: 5
    depth_of_discharge: 0.5
  VRBF:
    cost: 239.055
    lifetime: 16.8984
    annual_cost: 14.146605595796053
    efficiency: 0.700391
    discharge_ratio: 0.5
    depth_of_discharge: 1.0
