cost_values:
  wind_capex: 5000.0
  wind_opex: 100
  wind_lifetime: 20
  solar_capex: 1000.0
  solar_opex: 10
  solar_lifetime: 20
  carbon_price: 1.0
timeseries_values:
  load_level: 229033.60141853383
  wind_year: 2019
  solar_year: 2016
  price_year: 2023
  carbon_year: 2023
storage_values:
  CAES:
    cost: 71.4638
    lifetime: 23.4863
    annual_cost: 3.042786645831826
    efficiency: 0.565473
    discharge_ratio: 0.1
    depth_of_discharge: 0.4
  Li-ion:
    cost: 169.341
    lifetime: 21.6063
    annual_cost: 7.837575151691867
    efficiency: 0.959593
    discharge_ratio: 2
    depth_of_discharge: 0.9
  Pb-acid:
    cost: 188.768
    lifetime: 5.02333
    annual_cost: 37.57825983958848
    efficiency: 0.723427
    discharge_ratio: 5
    depth_of_discharge: 0.5
  VRBF:
    cost: 205.342
    lifetime: 16.9295
    annual_cost: 12.129241855931953
    efficiency: 0.689458
    discharge_ratio: 0.5
    depth_of_discharge: 1.0
