cost_values:
  wind_capex: 5000.0
  wind_opex: 100
  wind_lifetime: 20
  solar_capex: 1000.0
  solar_opex: 10
  solar_lifetime: 20
  carbon_price: 1.0
timeseries_values:
  load_level: 229033.60141853383
  wind_year: 2019
  solar_year: 2016
  price_year: 2023
  carbon_year: 2023
storage_values:
  CAES:
    cost: 69.7639
    lifetime: 22.1538
    annual_cost: 3.149071491121162
    efficiency: 0.571608
    discharge_ratio: 0.1
    depth_of_discharge: 0.4
  Li-ion:
    cost: 174.661
    lifetime: 19.0885
    annual_cost: 9.15006417476491
    efficiency: 0.945034
    discharge_ratio: 2
    depth_of_discharge: 0.9
  Pb-acid:
    cost: 180.527
    lifetime: 6.08829
    annual_cost: 29.651511343907732
    efficiency: 0.725494
    discharge_ratio: 5
    depth_of_discharge: 0.5
  VRBF:
    cost: 180.371
    lifetime: 15.8533
    annual_cost: 11.377504998959207
    efficiency: 0.707887
    discharge_ratio: 0.5
    depth_of_discharge: 1.0
