cost_values:
  wind_capex: 5000.0
  wind_opex: 100
  wind_lifetime: 20
  solar_capex: 1000.0
  solar_opex: 10
  solar_lifetime: 20
  carbon_price: 1.0
timeseries_values:
  load_level: 229033.60141853383
  wind_year: 2019
  solar_year: 2016
  price_year: 2023
  carbon_year: 2023
storage_values:
  CAES:
    cost: 66.6003
    lifetime: 23.9643
    annual_cost: 2.7791464803895796
    efficiency: 0.570834
    discharge_ratio: 0.1
    depth_of_discharge: 0.4
  Li-ion:
    cost: 187.456
    lifetime: 20.4567
    annual_cost: 9.163550328254312
    efficiency: 0.965412
    discharge_ratio: 2
    depth_of_discharge: 0.9
  Pb-acid:
    cost: 184.854
    lifetime: 5.34916
    annual_cost: 34.55757539501529
    efficiency: 0.742603
    discharge_ratio: 5
    depth_of_discharge: 0.5
  VRBF:
    cost: 204.292
    lifetime: 16.1171
    annual_cost: 12.675481321081335
    efficiency: 0.722565
    discharge_ratio: 0.5
    depth_of_discharge: 1.0
