cost_values:
  wind_capex: 5000.0
  wind_opex: 100
  wind_lifetime: 20
  solar_capex: 1000.0
  solar_opex: 10
  solar_lifetime: 20
  carbon_price: 1.0
timeseries_values:
  load_level: 229033.60141853383
  wind_year: 2019
  solar_year: 2016
  price_year: 2023
  carbon_year: 2023
storage_values:
  CAES:
    cost: 65.001
    lifetime: 24.063
    annual_cost: 2.701284129160953
    efficiency: 0.571427
    discharge_ratio: 0.1
    depth_of_discharge: 0.4
  Li-ion:
    cost: 152.122
    lifetime: 20.0516
    annual_cost: 7.586526760956732
    efficiency: 0.951195
    discharge_ratio: 2
    depth_of_discharge: 0.9
  Pb-acid:
    cost: 175.236
    lifetime: 5.24058
    annual_cost: 33.4382835487675
    efficiency: 0.743548
    discharge_ratio: 5
    depth_of_discharge: 0.5
  VRBF:
    cost: 220.646
    lifetime: 16.0271
    annual_cost: 13.767057047126428
    efficiency: 0.680333
    discharge_ratio: 0.5
    depth_of_discharge: 1.0
