cost_values:
  wind_capex: 5000.0
  wind_opex: 100
  wind_lifetime: 20
  solar_capex: 1000.0
  solar_opex: 10
  solar_lifetime: 20
  carbon_price: 1.0
timeseries_values:
  load_level: 229033.60141853383
  wind_year: 2019
  solar_year: 2016
  price_year: 2023
  carbon_year: 2023
storage_values:
  CAES:
    cost: 66.0059
    lifetime: 24.0235
    annual_cost: 2.7475555185547487
    efficiency: 0.565214
    discharge_ratio: 0.1
    depth_of_discharge: 0.4
  Li-ion:
    cost: 175.215
    lifetime: 21.2673
    annual_cost: 8.238704489991678
    efficiency: 0.96269
    discharge_ratio: 2
    depth_of_discharge: 0.9
  Pb-acid:
    cost: 161.993
    lifetime: 8.07894
    annual_cost: 20.051269102134686
    efficiency: 0.741061
    discharge_ratio: 5
    depth_of_discharge: 0.5
  VRBF:
    cost: 200.484
    lifetime: 16.2247
    annual_cost: 12.356715378404534
    efficiency: 0.712736
    discharge_ratio: 0.5
    depth_of_discharge: 1.0
