cost_values:
  wind_capex: 5000.0
  wind_opex: 100
  wind_lifetime: 20
  solar_capex: 1000.0
  solar_opex: 10
  solar_lifetime: 20
  carbon_price: 1.0
timeseries_values:
  load_level: 229033.60141853383
  wind_year: 2019
  solar_year: 2016
  price_year: 2023
  carbon_year: 2023
storage_values:
  CAES:
    cost: 67.3065
    lifetime: 22.2544
    annual_cost: 3.0244131497591487
    efficiency: 0.567006
    discharge_ratio: 0.1
    depth_of_discharge: 0.4
  Li-ion:
    cost: 179.312
    lifetime: 21.3654
    annual_cost: 8.392634820785007
    efficiency: 0.966227
    discharge_ratio: 2
    depth_of_discharge: 0.9
  Pb-acid:
    cost: 163.053
    lifetime: 6.7267
    annual_cost: 24.23967175583867
    efficiency: 0.736027
    discharge_ratio: 5
    depth_of_discharge: 0.5
  VRBF:
    cost: 222.491
    lifetime: 15.0277
    annual_cost: 14.805392708132317
    efficiency: 0.676759
    discharge_ratio: 0.5
    depth_of_discharge: 1.0
