cost_values:
  wind_capex: 5000.0
  wind_opex: 100
  wind_lifetime: 20
  solar_capex: 1000.0
  solar_opex: 10
  solar_lifetime: 20
  carbon_price: 1.0
timeseries_values:
  load_level: 229033.60141853383
  wind_year: 2019
  solar_year: 2016
  price_year: 2023
  carbon_year: 2023
storage_values:
  CAES:
    cost: 68.3345
    lifetime: 22.8908
    annual_cost: 2.9852386111450895
    efficiency: 0.57723
    discharge_ratio: 0.1
    depth_of_discharge: 0.4
  Li-ion:
    cost: 166.82
    lifetime: 20.9898
    annual_cost: 7.947669820579519
    efficiency: 0.967049
    discharge_ratio: 2
    depth_of_discharge: 0.9
  Pb-acid:
    cost: 168.179
    lifetime: 5.73886
    annual_cost: 29.305297567809635
    efficiency: 0.737752
    discharge_ratio: 5
    depth_of_discharge: 0.5
  VRBF:
    cost: 223.857
    lifetime: 17.2159
    annual_cost: 13.002921717714438
    efficiency: 0.690874
    discharge_ratio: 0.5
    depth_of_discharge: 1.0
