cost_values:
  wind_capex: 5000.0
  wind_opex: 100
  wind_lifetime: 20
  solar_capex: 1000.0
  solar_opex: 10
  solar_lifetime: 20
  carbon_price: 1.0
timeseries_values:
  load_level: 229033.60141853383
  wind_year: 2019
  solar_year: 2016
  price_year: 2023
  carbon_year: 2023
storage_values:
  CAES:
    cost: 71.4537
    lifetime: 23.9722
    annual_cost: 2.9806901327370867
    efficiency: 0.565489
    discharge_ratio: 0.1
    depth_of_discharge: 0.4
  Li-ion:
    cost: 152.846
    lifetime: 21.1701
    annual_cost: 7.219899764290202
    efficiency: 0.961953
    discharge_ratio: 2
    depth_of_discharge: 0.9
  Pb-acid:
    cost: 177.369
    lifetime: 5.80634
    annual_cost: 30.547470523600065
    efficiency: 0.742861
    discharge_ratio: 5
    depth_of_discharge: 0.5
  VRBF:
    cost: 210.669
    lifetime: 15.5287
    annual_cost: 13.566428612826574
    efficiency: 0.699001
    discharge_ratio: 0.5
    depth_of_discharge: 1.0
