cost_values:
  wind_capex: 5000.0
  wind_opex: 100
  wind_lifetime: 20
  solar_capex: 1000.0
  solar_opex: 10
  solar_lifetime: 20
  carbon_price: 1.0
timeseries_values:
  load_level: 229033.60141853383
  wind_year: 2019
  solar_year: 2016
  price_year: 2023
  carbon_year: 2023
storage_values:
  CAES:
    cost: 64.5874
    lifetime: 23.5782
    annual_cost: 2.7392845933955945
    efficiency: 0.576641
    discharge_ratio: 0.1
    depth_of_discharge: 0.4
  Li-ion:
    cost: 167.39
    lifetime: 21.5479
    annual_cost: 7.7682744026099995
    efficiency: 0.962526
    discharge_ratio: 2
    depth_of_discharge: 0.9
  Pb-acid:
    cost: 189.756
    lifetime: 5.71023
    annual_cost: 33.230885621069554
    efficiency: 0.733911
    discharge_ratio: 5
    depth_of_discharge: 0.5
  VRBF:
    cost: 202.07
    lifetime: 17.846
    annual_cost: 11.322985542978818
    efficiency: 0.734202
    discharge_ratio: 0.5
    depth_of_discharge: 1.0
