cost_values:
  wind_capex: 5000.0
  wind_opex: 100
  wind_lifetime: 20
  solar_capex: 1000.0
  solar_opex: 10
  solar_lifetime: 20
  carbon_price: 1.0
timeseries_values:
  load_level: 257298.61017075583
  wind_year: 2011
  solar_year: 2012
  price_year: 2023
  carbon_year: 2023
storage_values:
  CAES:
    cost: 62.9243
    lifetime: 25.0039
    annual_cost: 2.5165794136114767
    efficiency: 0.645909
    discharge_ratio: 0.1
    depth_of_discharge: 0.4
  Li-ion:
    cost: 201.927
    lifetime: 19.1189
    annual_cost: 10.561643190769344
    efficiency: 0.932664
    discharge_ratio: 2
    depth_of_discharge: 0.9
  Pb-acid:
    cost: 53.1461
    lifetime: 16.4402
    annual_cost: 3.23269181640126
    efficiency: 0.724964
    discharge_ratio: 5
    depth_of_discharge: 0.5
  VRBF:
    cost: 267.802
    lifetime: 23.5907
    annual_cost: 11.35201583674923
    efficiency: 0.722848
    discharge_ratio: 0.5
    depth_of_discharge: 1.0
