cost_values:
  wind_capex: 5000.0
  wind_opex: 100
  wind_lifetime: 20
  solar_capex: 1000.0
  solar_opex: 10
  solar_lifetime: 20
  carbon_price: 1.0
timeseries_values:
  load_level: 257298.61017075583
  wind_year: 2011
  solar_year: 2012
  price_year: 2023
  carbon_year: 2023
storage_values:
  CAES:
    cost: 73.5552
    lifetime: 25.3605
    annual_cost: 2.9003844561424263
    efficiency: 0.646242
    discharge_ratio: 0.1
    depth_of_discharge: 0.4
  Li-ion:
    cost: 206.071
    lifetime: 19.4069
    annual_cost: 10.618439833255183
    efficiency: 0.940541
    discharge_ratio: 2
    depth_of_discharge: 0.9
  Pb-acid:
    cost: 86.9776
    lifetime: 18.1608
    annual_cost: 4.789304435927933
    efficiency: 0.741078
    discharge_ratio: 5
    depth_of_discharge: 0.5
  VRBF:
    cost: 276.825
    lifetime: 23.5027
    annual_cost: 11.778433967161218
    efficiency: 0.715927
    discharge_ratio: 0.5
    depth_of_discharge: 1.0
