cost_values:
  wind_capex: 5000.0
  wind_opex: 100
  wind_lifetime: 20
  solar_capex: 1000.0
  solar_opex: 10
  solar_lifetime: 20
  carbon_price: 1.0
timeseries_values:
  load_level: 257298.61017075583
  wind_year: 2011
  solar_year: 2012
  price_year: 2023
  carbon_year: 2023
storage_values:
  CAES:
    cost: 68.5202
    lifetime: 24.1834
    annual_cost: 2.8333567653845204
    efficiency: 0.641447
    discharge_ratio: 0.1
    depth_of_discharge: 0.4
  Li-ion:
    cost: 196.54
    lifetime: 18.6071
    annual_cost: 10.562634693208507
    efficiency: 0.914156
    discharge_ratio: 2
    depth_of_discharge: 0.9
  Pb-acid:
    cost: 71.2172
    lifetime: 17.6733
    annual_cost: 4.029649244906158
    efficiency: 0.713984
    discharge_ratio: 5
    depth_of_discharge: 0.5
  VRBF:
    cost: 238.96
    lifetime: 24.7469
    annual_cost: 9.65615895324263
    efficiency: 0.697468
    discharge_ratio: 0.5
    depth_of_discharge: 1.0
