cost_values:
  wind_capex: 5000.0
  wind_opex: 100
  wind_lifetime: 20
  solar_capex: 1000.0
  solar_opex: 10
  solar_lifetime: 20
  carbon_price: 1.0
timeseries_values:
  load_level: 257298.61017075583
  wind_year: 2011
  solar_year: 2012
  price_year: 2023
  carbon_year: 2023
storage_values:
  CAES:
    cost: 67.3561
    lifetime: 24.9716
    annual_cost: 2.6973081420493683
    efficiency: 0.648427
    discharge_ratio: 0.1
    depth_of_discharge: 0.4
  Li-ion:
    cost: 199.003
    lifetime: 18.6225
    annual_cost: 10.686159216002148
    efficiency: 0.934041
    discharge_ratio: 2
    depth_of_discharge: 0.9
  Pb-acid:
    cost: 74.7432
    lifetime: 16.0252
    annual_cost: 4.664104036143074
    efficiency: 0.720456
    discharge_ratio: 5
    depth_of_discharge: 0.5
  VRBF:
    cost: 241.31
    lifetime: 21.283
    annual_cost: 11.33815721467838
    efficiency: 0.700122
    discharge_ratio: 0.5
    depth_of_discharge: 1.0
