cost_values:
  wind_capex: 5000.0
  wind_opex: 100
  wind_lifetime: 20
  solar_capex: 1000.0
  solar_opex: 10
  solar_lifetime: 20
  carbon_price: 1.0
timeseries_values:
  load_level: 257298.61017075583
  wind_year: 2011
  solar_year: 2012
  price_year: 2023
  carbon_year: 2023
storage_values:
  CAES:
    cost: 70.3969
    lifetime: 24.4952
    annual_cost: 2.87390590809628
    efficiency: 0.641265
    discharge_ratio: 0.1
    depth_of_discharge: 0.4
  Li-ion:
    cost: 201.971
    lifetime: 18.5993
    annual_cost: 10.859064588452254
    efficiency: 0.933404
    discharge_ratio: 2
    depth_of_discharge: 0.9
  Pb-acid:
    cost: 68.7563
    lifetime: 16.0974
    annual_cost: 4.2712674096437935
    efficiency: 0.744673
    discharge_ratio: 5
    depth_of_discharge: 0.5
  VRBF:
    cost: 260.113
    lifetime: 25.8909
    annual_cost: 10.046502825317004
    efficiency: 0.720983
    discharge_ratio: 0.5
    depth_of_discharge: 1.0
