cost_values:
  wind_capex: 5000.0
  wind_opex: 100
  wind_lifetime: 20
  solar_capex: 1000.0
  solar_opex: 10
  solar_lifetime: 20
  carbon_price: 1.0
timeseries_values:
  load_level: 257298.61017075583
  wind_year: 2011
  solar_year: 2012
  price_year: 2023
  carbon_year: 2023
storage_values:
  CAES:
    cost: 65.5429
    lifetime: 24.4276
    annual_cost: 2.6831493883967314
    efficiency: 0.646283
    discharge_ratio: 0.1
    depth_of_discharge: 0.4
  Li-ion:
    cost: 192.247
    lifetime: 20.5247
    annual_cost: 9.366616808041044
    efficiency: 0.924879
    discharge_ratio: 2
    depth_of_discharge: 0.9
  Pb-acid:
    cost: 66.6834
    lifetime: 15.8969
    annual_cost: 4.194742371154125
    efficiency: 0.71357
    discharge_ratio: 5
    depth_of_discharge: 0.5
  VRBF:
    cost: 225.318
    lifetime: 26.0073
    annual_cost: 8.663644438292327
    efficiency: 0.713841
    discharge_ratio: 0.5
    depth_of_discharge: 1.0
