cost_values:
  wind_capex: 5000.0
  wind_opex: 100
  wind_lifetime: 20
  solar_capex: 1000.0
  solar_opex: 10
  solar_lifetime: 20
  carbon_price: 1.0
timeseries_values:
  load_level: 257298.61017075583
  wind_year: 2011
  solar_year: 2012
  price_year: 2023
  carbon_year: 2023
storage_values:
  CAES:
    cost: 76.0117
    lifetime: 24.7234
    annual_cost: 3.0744840919938197
    efficiency: 0.646693
    discharge_ratio: 0.1
    depth_of_discharge: 0.4
  Li-ion:
    cost: 201.751
    lifetime: 22.7324
    annual_cost: 8.875041790572048
    efficiency: 0.925059
    discharge_ratio: 2
    depth_of_discharge: 0.9
  Pb-acid:
    cost: 54.4722
    lifetime: 16.6461
    annual_cost: 3.272370104709211
    efficiency: 0.741594
    discharge_ratio: 5
    depth_of_discharge: 0.5
  VRBF:
    cost: 244.778
    lifetime: 22.9141
    annual_cost: 10.682418249025709
    efficiency: 0.731963
    discharge_ratio: 0.5
    depth_of_discharge: 1.0
