cost_values:
  wind_capex: 5000.0
  wind_opex: 100
  wind_lifetime: 20
  solar_capex: 1000.0
  solar_opex: 10
  solar_lifetime: 20
  carbon_price: 1.0
timeseries_values:
  load_level: 257298.61017075583
  wind_year: 2011
  solar_year: 2012
  price_year: 2023
  carbon_year: 2023
storage_values:
  CAES:
    cost: 71.9548
    lifetime: 26.1593
    annual_cost: 2.7506393519704275
    efficiency: 0.636897
    discharge_ratio: 0.1
    depth_of_discharge: 0.4
  Li-ion:
    cost: 213.883
    lifetime: 21.9154
    annual_cost: 9.759484198326291
    efficiency: 0.919319
    discharge_ratio: 2
    depth_of_discharge: 0.9
  Pb-acid:
    cost: 69.8742
    lifetime: 17.0509
    annual_cost: 4.097977232873339
    efficiency: 0.736736
    discharge_ratio: 5
    depth_of_discharge: 0.5
  VRBF:
    cost: 255.69
    lifetime: 23.9274
    annual_cost: 10.686075378018506
    efficiency: 0.735544
    discharge_ratio: 0.5
    depth_of_discharge: 1.0
