cost_values:
  wind_capex: 5000.0
  wind_opex: 100
  wind_lifetime: 20
  solar_capex: 1000.0
  solar_opex: 10
  solar_lifetime: 20
  carbon_price: 1.0
timeseries_values:
  load_level: 257298.61017075583
  wind_year: 2011
  solar_year: 2012
  price_year: 2023
  carbon_year: 2023
storage_values:
  CAES:
    cost: 72.7647
    lifetime: 24.9927
    annual_cost: 2.9114381399368616
    efficiency: 0.644346
    discharge_ratio: 0.1
    depth_of_discharge: 0.4
  Li-ion:
    cost: 193.632
    lifetime: 20.3356
    annual_cost: 9.521823796691518
    efficiency: 0.950351
    discharge_ratio: 2
    depth_of_discharge: 0.9
  Pb-acid:
    cost: 85.2684
    lifetime: 16.8958
    annual_cost: 5.0467216704743185
    efficiency: 0.726449
    discharge_ratio: 5
    depth_of_discharge: 0.5
  VRBF:
    cost: 243.162
    lifetime: 23.5111
    annual_cost: 10.342433999259924
    efficiency: 0.730539
    discharge_ratio: 0.5
    depth_of_discharge: 1.0
