cost_values:
  wind_capex: 5000.0
  wind_opex: 100
  wind_lifetime: 20
  solar_capex: 1000.0
  solar_opex: 10
  solar_lifetime: 20
  carbon_price: 1.0
timeseries_values:
  load_level: 257298.61017075583
  wind_year: 2011
  solar_year: 2012
  price_year: 2023
  carbon_year: 2023
storage_values:
  CAES:
    cost: 71.173
    lifetime: 24.5038
    annual_cost: 2.904569903443548
    efficiency: 0.641169
    discharge_ratio: 0.1
    depth_of_discharge: 0.4
  Li-ion:
    cost: 183.519
    lifetime: 19.1336
    annual_cost: 9.5914516870845
    efficiency: 0.927503
    discharge_ratio: 2
    depth_of_discharge: 0.9
  Pb-acid:
    cost: 83.8516
    lifetime: 15.8461
    annual_cost: 5.291623806488663
    efficiency: 0.726122
    discharge_ratio: 5
    depth_of_discharge: 0.5
  VRBF:
    cost: 218.954
    lifetime: 26.2654
    annual_cost: 8.33621418291745
    efficiency: 0.732076
    discharge_ratio: 0.5
    depth_of_discharge: 1.0
