cost_values:
  wind_capex: 5000.0
  wind_opex: 100
  wind_lifetime: 20
  solar_capex: 1000.0
  solar_opex: 10
  solar_lifetime: 20
  carbon_price: 1.0
timeseries_values:
  load_level: 257298.61017075583
  wind_year: 2011
  solar_year: 2012
  price_year: 2023
  carbon_year: 2023
storage_values:
  CAES:
    cost: 69.2083
    lifetime: 25.2169
    annual_cost: 2.7445205397967234
    efficiency: 0.648682
    discharge_ratio: 0.1
    depth_of_discharge: 0.4
  Li-ion:
    cost: 202.9
    lifetime: 21.2691
    annual_cost: 9.539660822507768
    efficiency: 0.918629
    discharge_ratio: 2
    depth_of_discharge: 0.9
  Pb-acid:
    cost: 91.9753
    lifetime: 14.6965
    annual_cost: 6.25831320382404
    efficiency: 0.73094
    discharge_ratio: 5
    depth_of_discharge: 0.5
  VRBF:
    cost: 204.352
    lifetime: 26.5654
    annual_cost: 7.692411934320583
    efficiency: 0.71743
    discharge_ratio: 0.5
    depth_of_discharge: 1.0
