cost_values:
  wind_capex: 5000.0
  wind_opex: 100
  wind_lifetime: 20
  solar_capex: 1000.0
  solar_opex: 10
  solar_lifetime: 20
  carbon_price: 1.0
timeseries_values:
  load_level: 257298.61017075583
  wind_year: 2011
  solar_year: 2012
  price_year: 2023
  carbon_year: 2023
storage_values:
  CAES:
    cost: 73.7895
    lifetime: 25.9394
    annual_cost: 2.8446880035775695
    efficiency: 0.638838
    discharge_ratio: 0.1
    depth_of_discharge: 0.4
  Li-ion:
    cost: 207.544
    lifetime: 21.1039
    annual_cost: 9.834390799804776
    efficiency: 0.943863
    discharge_ratio: 2
    depth_of_discharge: 0.9
  Pb-acid:
    cost: 78.7212
    lifetime: 15.5907
    annual_cost: 5.049240893609651
    efficiency: 0.734785
    discharge_ratio: 5
    depth_of_discharge: 0.5
  VRBF:
    cost: 217.546
    lifetime: 25.2859
    annual_cost: 8.603450935106126
    efficiency: 0.724357
    discharge_ratio: 0.5
    depth_of_discharge: 1.0
