cost_values:
  wind_capex: 5000.0
  wind_opex: 100
  wind_lifetime: 20
  solar_capex: 1000.0
  solar_opex: 10
  solar_lifetime: 20
  carbon_price: 1.0
timeseries_values:
  load_level: 257298.61017075583
  wind_year: 2011
  solar_year: 2012
  price_year: 2023
  carbon_year: 2023
storage_values:
  CAES:
    cost: 65.3706
    lifetime: 26.3341
    annual_cost: 2.4823555769895305
    efficiency: 0.642672
    discharge_ratio: 0.1
    depth_of_discharge: 0.4
  Li-ion:
    cost: 201.308
    lifetime: 18.2159
    annual_cost: 11.051224479712777
    efficiency: 0.936854
    discharge_ratio: 2
    depth_of_discharge: 0.9
  Pb-acid:
    cost: 74.828
    lifetime: 15.7796
    annual_cost: 4.742072042383837
    efficiency: 0.725722
    discharge_ratio: 5
    depth_of_discharge: 0.5
  VRBF:
    cost: 240.306
    lifetime: 24.4567
    annual_cost: 9.825773714360482
    efficiency: 0.726815
    discharge_ratio: 0.5
    depth_of_discharge: 1.0
