cost_values:
  wind_capex: 5000.0
  wind_opex: 100
  wind_lifetime: 20
  solar_capex: 1000.0
  solar_opex: 10
  solar_lifetime: 20
  carbon_price: 1.0
timeseries_values:
  load_level: 257298.61017075583
  wind_year: 2011
  solar_year: 2012
  price_year: 2023
  carbon_year: 2023
storage_values:
  CAES:
    cost: 67.619
    lifetime: 25.0669
    annual_cost: 2.697541379269076
    efficiency: 0.64197
    discharge_ratio: 0.1
    depth_of_discharge: 0.4
  Li-ion:
    cost: 192.055
    lifetime: 20.0016
    annual_cost: 9.601981841452684
    efficiency: 0.939217
    discharge_ratio: 2
    depth_of_discharge: 0.9
  Pb-acid:
    cost: 70.9102
    lifetime: 16.0636
    annual_cost: 4.414340496526308
    efficiency: 0.736942
    discharge_ratio: 5
    depth_of_discharge: 0.5
  VRBF:
    cost: 254.956
    lifetime: 26.0525
    annual_cost: 9.786239324441032
    efficiency: 0.746805
    discharge_ratio: 0.5
    depth_of_discharge: 1.0
