cost_values:
  wind_capex: 5000.0
  wind_opex: 100
  wind_lifetime: 20
  solar_capex: 1000.0
  solar_opex: 10
  solar_lifetime: 20
  carbon_price: 1.0
timeseries_values:
  load_level: 257298.61017075583
  wind_year: 2011
  solar_year: 2012
  price_year: 2023
  carbon_year: 2023
storage_values:
  CAES:
    cost: 73.0134
    lifetime: 25.077
    annual_cost: 2.9115683694221794
    efficiency: 0.644791
    discharge_ratio: 0.1
    depth_of_discharge: 0.4
  Li-ion:
    cost: 193.352
    lifetime: 19.3282
    annual_cost: 10.003621651266027
    efficiency: 0.928565
    discharge_ratio: 2
    depth_of_discharge: 0.9
  Pb-acid:
    cost: 81.0022
    lifetime: 17.3217
    annual_cost: 4.676342391335724
    efficiency: 0.743147
    discharge_ratio: 5
    depth_of_discharge: 0.5
  VRBF:
    cost: 257.464
    lifetime: 25.0391
    annual_cost: 10.282478204088804
    efficiency: 0.718272
    discharge_ratio: 0.5
    depth_of_discharge: 1.0
