cost_values:
  wind_capex: 5000.0
  wind_opex: 100
  wind_lifetime: 20
  solar_capex: 1000.0
  solar_opex: 10
  solar_lifetime: 20
  carbon_price: 1.0
timeseries_values:
  load_level: 257298.61017075583
  wind_year: 2011
  solar_year: 2012
  price_year: 2023
  carbon_year: 2023
storage_values:
  CAES:
    cost: 72.5734
    lifetime: 24.8394
    annual_cost: 2.9217050331328456
    efficiency: 0.649732
    discharge_ratio: 0.1
    depth_of_discharge: 0.4
  Li-ion:
    cost: 187.565
    lifetime: 21.2399
    annual_cost: 8.830785455675404
    efficiency: 0.935911
    discharge_ratio: 2
    depth_of_discharge: 0.9
  Pb-acid:
    cost: 77.05
    lifetime: 15.2767
    annual_cost: 5.043628532340099
    efficiency: 0.731174
    discharge_ratio: 5
    depth_of_discharge: 0.5
  VRBF:
    cost: 252.61
    lifetime: 25.7678
    annual_cost: 9.803320423163793
    efficiency: 0.724974
    discharge_ratio: 0.5
    depth_of_discharge: 1.0
