cost_values:
  wind_capex: 5000.0
  wind_opex: 100
  wind_lifetime: 20
  solar_capex: 1000.0
  solar_opex: 10
  solar_lifetime: 20
  carbon_price: 1.0
timeseries_values:
  load_level: 257298.61017075583
  wind_year: 2011
  solar_year: 2012
  price_year: 2023
  carbon_year: 2023
storage_values:
  CAES:
    cost: 66.2281
    lifetime: 25.6895
    annual_cost: 2.5780221491270754
    efficiency: 0.642253
    discharge_ratio: 0.1
    depth_of_discharge: 0.4
  Li-ion:
    cost: 199.247
    lifetime: 20.0154
    annual_cost: 9.954684892632674
    efficiency: 0.912701
    discharge_ratio: 2
    depth_of_discharge: 0.9
  Pb-acid:
    cost: 85.5105
    lifetime: 18.0047
    annual_cost: 4.749343227046271
    efficiency: 0.720682
    discharge_ratio: 5
    depth_of_discharge: 0.5
  VRBF:
    cost: 267.793
    lifetime: 25.6913
    annual_cost: 10.423489663816156
    efficiency: 0.709177
    discharge_ratio: 0.5
    depth_of_discharge: 1.0
