cost_values:
  wind_capex: 5000.0
  wind_opex: 100
  wind_lifetime: 20
  solar_capex: 1000.0
  solar_opex: 10
  solar_lifetime: 20
  carbon_price: 1.0
timeseries_values:
  load_level: 257298.61017075583
  wind_year: 2011
  solar_year: 2012
  price_year: 2023
  carbon_year: 2023
storage_values:
  CAES:
    cost: 65.3546
    lifetime: 24.8506
    annual_cost: 2.6299002840977685
    efficiency: 0.638756
    discharge_ratio: 0.1
    depth_of_discharge: 0.4
  Li-ion:
    cost: 186.985
    lifetime: 19.8148
    annual_cost: 9.436633223651008
    efficiency: 0.934644
    discharge_ratio: 2
    depth_of_discharge: 0.9
  Pb-acid:
    cost: 57.9914
    lifetime: 15.3495
    annual_cost: 3.778064432066191
    efficiency: 0.742003
    discharge_ratio: 5
    depth_of_discharge: 0.5
  VRBF:
    cost: 224.657
    lifetime: 24.9287
    annual_cost: 9.011982173157847
    efficiency: 0.707771
    discharge_ratio: 0.5
    depth_of_discharge: 1.0
