cost_values:
  wind_capex: 5000.0
  wind_opex: 100
  wind_lifetime: 20
  solar_capex: 1000.0
  solar_opex: 10
  solar_lifetime: 20
  carbon_price: 1.0
timeseries_values:
  load_level: 257298.61017075583
  wind_year: 2011
  solar_year: 2012
  price_year: 2023
  carbon_year: 2023
storage_values:
  CAES:
    cost: 65.9307
    lifetime: 26.088
    annual_cost: 2.5272424103035878
    efficiency: 0.634959
    discharge_ratio: 0.1
    depth_of_discharge: 0.4
  Li-ion:
    cost: 209.458
    lifetime: 20.1495
    annual_cost: 10.3951959105685
    efficiency: 0.921955
    discharge_ratio: 2
    depth_of_discharge: 0.9
  Pb-acid:
    cost: 70.8157
    lifetime: 17.8982
    annual_cost: 3.9565822261456467
    efficiency: 0.726254
    discharge_ratio: 5
    depth_of_discharge: 0.5
  VRBF:
    cost: 247.748
    lifetime: 25.7213
    annual_cost: 9.6320170442396
    efficiency: 0.713094
    discharge_ratio: 0.5
    depth_of_discharge: 1.0
