cost_values:
  wind_capex: 5000.0
  wind_opex: 100
  wind_lifetime: 20
  solar_capex: 1000.0
  solar_opex: 10
  solar_lifetime: 20
  carbon_price: 1.0
timeseries_values:
  load_level: 257298.61017075583
  wind_year: 2011
  solar_year: 2012
  price_year: 2023
  carbon_year: 2023
storage_values:
  CAES:
    cost: 71.9972
    lifetime: 25.9264
    annual_cost: 2.776984078005431
    efficiency: 0.635359
    discharge_ratio: 0.1
    depth_of_discharge: 0.4
  Li-ion:
    cost: 222.628
    lifetime: 20.272
    annual_cost: 10.982044198895029
    efficiency: 0.947752
    discharge_ratio: 2
    depth_of_discharge: 0.9
  Pb-acid:
    cost: 67.3711
    lifetime: 16.8034
    annual_cost: 4.009373103062475
    efficiency: 0.723357
    discharge_ratio: 5
    depth_of_discharge: 0.5
  VRBF:
    cost: 231.354
    lifetime: 24.2143
    annual_cost: 9.554436841040213
    efficiency: 0.713141
    discharge_ratio: 0.5
    depth_of_discharge: 1.0
