cost_values:
  wind_capex: 5000.0
  wind_opex: 100
  wind_lifetime: 20
  solar_capex: 1000.0
  solar_opex: 10
  solar_lifetime: 20
  carbon_price: 1.0
timeseries_values:
  load_level: 257298.61017075583
  wind_year: 2011
  solar_year: 2012
  price_year: 2023
  carbon_year: 2023
storage_values:
  CAES:
    cost: 66.8599
    lifetime: 24.6786
    annual_cost: 2.7092258069744637
    efficiency: 0.643805
    discharge_ratio: 0.1
    depth_of_discharge: 0.4
  Li-ion:
    cost: 178.762
    lifetime: 20.6754
    annual_cost: 8.646120510364975
    efficiency: 0.940291
    discharge_ratio: 2
    depth_of_discharge: 0.9
  Pb-acid:
    cost: 86.5731
    lifetime: 16.151
    annual_cost: 5.360231564609002
    efficiency: 0.708988
    discharge_ratio: 5
    depth_of_discharge: 0.5
  VRBF:
    cost: 235.355
    lifetime: 25.6104
    annual_cost: 9.189821322587699
    efficiency: 0.70913
    discharge_ratio: 0.5
    depth_of_discharge: 1.0
