cost_values:
  wind_capex: 5000.0
  wind_opex: 100
  wind_lifetime: 20
  solar_capex: 1000.0
  solar_opex: 10
  solar_lifetime: 20
  carbon_price: 1.0
timeseries_values:
  load_level: 257298.61017075583
  wind_year: 2011
  solar_year: 2012
  price_year: 2023
  carbon_year: 2023
storage_values:
  CAES:
    cost: 74.9408
    lifetime: 25.3397
    annual_cost: 2.957446220752416
    efficiency: 0.647498
    discharge_ratio: 0.1
    depth_of_discharge: 0.4
  Li-ion:
    cost: 189.508
    lifetime: 21.4792
    annual_cost: 8.822861186636375
    efficiency: 0.925616
    discharge_ratio: 2
    depth_of_discharge: 0.9
  Pb-acid:
    cost: 76.8156
    lifetime: 18.3219
    annual_cost: 4.192556448839913
    efficiency: 0.729195
    discharge_ratio: 5
    depth_of_discharge: 0.5
  VRBF:
    cost: 247.154
    lifetime: 23.6291
    annual_cost: 10.459729740023953
    efficiency: 0.71817
    discharge_ratio: 0.5
    depth_of_discharge: 1.0
