cost_values:
  wind_capex: 5000.0
  wind_opex: 100
  wind_lifetime: 20
  solar_capex: 1000.0
  solar_opex: 10
  solar_lifetime: 20
  carbon_price: 1.0
timeseries_values:
  load_level: 257298.61017075583
  wind_year: 2011
  solar_year: 2012
  price_year: 2023
  carbon_year: 2023
storage_values:
  CAES:
    cost: 64.0508
    lifetime: 24.9855
    annual_cost: 2.5635188409277383
    efficiency: 0.636374
    discharge_ratio: 0.1
    depth_of_discharge: 0.4
  Li-ion:
    cost: 203.261
    lifetime: 20.1789
    annual_cost: 10.072947484748921
    efficiency: 0.917308
    discharge_ratio: 2
    depth_of_discharge: 0.9
  Pb-acid:
    cost: 72.1601
    lifetime: 16.1583
    annual_cost: 4.465822518458006
    efficiency: 0.732119
    discharge_ratio: 5
    depth_of_discharge: 0.5
  VRBF:
    cost: 247.97
    lifetime: 23.3775
    annual_cost: 10.607207785263608
    efficiency: 0.713809
    discharge_ratio: 0.5
    depth_of_discharge: 1.0
