cost_values:
  wind_capex: 5000.0
  wind_opex: 100
  wind_lifetime: 20
  solar_capex: 1000.0
  solar_opex: 10
  solar_lifetime: 20
  carbon_price: 1.0
timeseries_values:
  load_level: 257298.61017075583
  wind_year: 2011
  solar_year: 2012
  price_year: 2023
  carbon_year: 2023
storage_values:
  CAES:
    cost: 68.7193
    lifetime: 25.1862
    annual_cost: 2.7284505006710025
    efficiency: 0.642174
    discharge_ratio: 0.1
    depth_of_discharge: 0.4
  Li-ion:
    cost: 198.925
    lifetime: 20.0669
    annual_cost: 9.913090711569799
    efficiency: 0.935744
    discharge_ratio: 2
    depth_of_discharge: 0.9
  Pb-acid:
    cost: 85.3051
    lifetime: 16.4263
    annual_cost: 5.193202364500831
    efficiency: 0.736153
    discharge_ratio: 5
    depth_of_discharge: 0.5
  VRBF:
    cost: 278.93
    lifetime: 25.3738
    annual_cost: 10.992835129148965
    efficiency: 0.704879
    discharge_ratio: 0.5
    depth_of_discharge: 1.0
