cost_values:
  wind_capex: 5000.0
  wind_opex: 100
  wind_lifetime: 20
  solar_capex: 1000.0
  solar_opex: 10
  solar_lifetime: 20
  carbon_price: 1.0
timeseries_values:
  load_level: 257298.61017075583
  wind_year: 2011
  solar_year: 2012
  price_year: 2023
  carbon_year: 2023
storage_values:
  CAES:
    cost: 68.5605
    lifetime: 25.738
    annual_cost: 2.663785064884607
    efficiency: 0.646402
    discharge_ratio: 0.1
    depth_of_discharge: 0.4
  Li-ion:
    cost: 196.895
    lifetime: 19.2157
    annual_cost: 10.246569211634238
    efficiency: 0.927263
    discharge_ratio: 2
    depth_of_discharge: 0.9
  Pb-acid:
    cost: 77.3198
    lifetime: 18.546
    annual_cost: 4.16908228189367
    efficiency: 0.714133
    discharge_ratio: 5
    depth_of_discharge: 0.5
  VRBF:
    cost: 255.325
    lifetime: 25.0759
    annual_cost: 10.182087183311465
    efficiency: 0.69791
    discharge_ratio: 0.5
    depth_of_discharge: 1.0
