cost_values:
  wind_capex: 5000.0
  wind_opex: 100
  wind_lifetime: 20
  solar_capex: 1000.0
  solar_opex: 10
  solar_lifetime: 20
  carbon_price: 1.0
timeseries_values:
  load_level: 257298.61017075583
  wind_year: 2011
  solar_year: 2012
  price_year: 2023
  carbon_year: 2023
storage_values:
  CAES:
    cost: 77.0369
    lifetime: 24.8849
    annual_cost: 3.095728735096384
    efficiency: 0.643698
    discharge_ratio: 0.1
    depth_of_discharge: 0.4
  Li-ion:
    cost: 209.896
    lifetime: 19.4926
    annual_cost: 10.767983747678606
    efficiency: 0.91949
    discharge_ratio: 2
    depth_of_discharge: 0.9
  Pb-acid:
    cost: 97.6763
    lifetime: 16.5755
    annual_cost: 5.892811679888992
    efficiency: 0.721292
    discharge_ratio: 5
    depth_of_discharge: 0.5
  VRBF:
    cost: 263.405
    lifetime: 25.1948
    annual_cost: 10.454736691698285
    efficiency: 0.726949
    discharge_ratio: 0.5
    depth_of_discharge: 1.0
