cost_values:
  wind_capex: 5000.0
  wind_opex: 100
  wind_lifetime: 20
  solar_capex: 1000.0
  solar_opex: 10
  solar_lifetime: 20
  carbon_price: 1.0
timeseries_values:
  load_level: 257298.61017075583
  wind_year: 2011
  solar_year: 2012
  price_year: 2023
  carbon_year: 2023
storage_values:
  CAES:
    cost: 60.0297
    lifetime: 24.9722
    annual_cost: 2.403861093536012
    efficiency: 0.637438
    discharge_ratio: 0.1
    depth_of_discharge: 0.4
  Li-ion:
    cost: 176.189
    lifetime: 18.6566
    annual_cost: 9.443789329245414
    efficiency: 0.93133
    discharge_ratio: 2
    depth_of_discharge: 0.9
  Pb-acid:
    cost: 53.2583
    lifetime: 16.5273
    annual_cost: 3.22244407737501
    efficiency: 0.738926
    discharge_ratio: 5
    depth_of_discharge: 0.5
  VRBF:
    cost: 250.975
    lifetime: 25.2849
    annual_cost: 9.925884618883206
    efficiency: 0.731428
    discharge_ratio: 0.5
    depth_of_discharge: 1.0
