cost_values:
  wind_capex: 5000.0
  wind_opex: 100
  wind_lifetime: 20
  solar_capex: 1000.0
  solar_opex: 10
  solar_lifetime: 20
  carbon_price: 1.0
timeseries_values:
  load_level: 257298.61017075583
  wind_year: 2011
  solar_year: 2012
  price_year: 2023
  carbon_year: 2023
storage_values:
  CAES:
    cost: 66.3721
    lifetime: 25.085
    annual_cost: 2.645887980865059
    efficiency: 0.643524
    discharge_ratio: 0.1
    depth_of_discharge: 0.4
  Li-ion:
    cost: 195.846
    lifetime: 21.4602
    annual_cost: 9.126010009226382
    efficiency: 0.91212
    discharge_ratio: 2
    depth_of_discharge: 0.9
  Pb-acid:
    cost: 73.204
    lifetime: 15.7991
    annual_cost: 4.633428486432772
    efficiency: 0.723668
    discharge_ratio: 5
    depth_of_discharge: 0.5
  VRBF:
    cost: 269.888
    lifetime: 23.8986
    annual_cost: 11.293046454604035
    efficiency: 0.709363
    discharge_ratio: 0.5
    depth_of_discharge: 1.0
