cost_values:
  wind_capex: 5000.0
  wind_opex: 100
  wind_lifetime: 20
  solar_capex: 1000.0
  solar_opex: 10
  solar_lifetime: 20
  carbon_price: 1.0
timeseries_values:
  load_level: 257298.61017075583
  wind_year: 2011
  solar_year: 2012
  price_year: 2023
  carbon_year: 2023
storage_values:
  CAES:
    cost: 79.1167
    lifetime: 25.5878
    annual_cost: 3.091969610517512
    efficiency: 0.64259
    discharge_ratio: 0.1
    depth_of_discharge: 0.4
  Li-ion:
    cost: 215.643
    lifetime: 21.3372
    annual_cost: 10.106433833867612
    efficiency: 0.927497
    discharge_ratio: 2
    depth_of_discharge: 0.9
  Pb-acid:
    cost: 71.0113
    lifetime: 15.5063
    annual_cost: 4.579512843166971
    efficiency: 0.724937
    discharge_ratio: 5
    depth_of_discharge: 0.5
  VRBF:
    cost: 267.244
    lifetime: 25.8729
    annual_cost: 10.329108835886197
    efficiency: 0.698386
    discharge_ratio: 0.5
    depth_of_discharge: 1.0
