cost_values:
  wind_capex: 5000.0
  wind_opex: 100
  wind_lifetime: 20
  solar_capex: 1000.0
  solar_opex: 10
  solar_lifetime: 20
  carbon_price: 1.0
timeseries_values:
  load_level: 257298.61017075583
  wind_year: 2011
  solar_year: 2012
  price_year: 2023
  carbon_year: 2023
storage_values:
  CAES:
    cost: 61.5591
    lifetime: 24.873
    annual_cost: 2.4749366783258955
    efficiency: 0.649136
    discharge_ratio: 0.1
    depth_of_discharge: 0.4
  Li-ion:
    cost: 217.51
    lifetime: 21.3476
    annual_cost: 10.188967378065918
    efficiency: 0.920006
    discharge_ratio: 2
    depth_of_discharge: 0.9
  Pb-acid:
    cost: 85.0936
    lifetime: 15.9761
    annual_cost: 5.3263061698411995
    efficiency: 0.72551
    discharge_ratio: 5
    depth_of_discharge: 0.5
  VRBF:
    cost: 234.488
    lifetime: 27.0002
    annual_cost: 8.684676409804371
    efficiency: 0.720031
    discharge_ratio: 0.5
    depth_of_discharge: 1.0
