cost_values:
  wind_capex: 5000.0
  wind_opex: 100
  wind_lifetime: 20
  solar_capex: 1000.0
  solar_opex: 10
  solar_lifetime: 20
  carbon_price: 1.0
timeseries_values:
  load_level: 257298.61017075583
  wind_year: 2011
  solar_year: 2012
  price_year: 2023
  carbon_year: 2023
storage_values:
  CAES:
    cost: 63.741
    lifetime: 26.3078
    annual_cost: 2.422893590494074
    efficiency: 0.643815
    discharge_ratio: 0.1
    depth_of_discharge: 0.4
  Li-ion:
    cost: 195.099
    lifetime: 20.5266
    annual_cost: 9.504691473502675
    efficiency: 0.935755
    discharge_ratio: 2
    depth_of_discharge: 0.9
  Pb-acid:
    cost: 56.947
    lifetime: 15.9427
    annual_cost: 3.5719796521291878
    efficiency: 0.732156
    discharge_ratio: 5
    depth_of_discharge: 0.5
  VRBF:
    cost: 265.669
    lifetime: 25.121
    annual_cost: 10.575574220771466
    efficiency: 0.725225
    discharge_ratio: 0.5
    depth_of_discharge: 1.0
