cost_values:
  wind_capex: 5000.0
  wind_opex: 100
  wind_lifetime: 20
  solar_capex: 1000.0
  solar_opex: 10
  solar_lifetime: 20
  carbon_price: 1.0
timeseries_values:
  load_level: 257298.61017075583
  wind_year: 2011
  solar_year: 2012
  price_year: 2023
  carbon_year: 2023
storage_values:
  CAES:
    cost: 64.3603
    lifetime: 24.0469
    annual_cost: 2.676448939364325
    efficiency: 0.648309
    discharge_ratio: 0.1
    depth_of_discharge: 0.4
  Li-ion:
    cost: 246.807
    lifetime: 20.1951
    annual_cost: 12.221132849057444
    efficiency: 0.927037
    discharge_ratio: 2
    depth_of_discharge: 0.9
  Pb-acid:
    cost: 88.535
    lifetime: 15.9185
    annual_cost: 5.561767754499481
    efficiency: 0.732982
    discharge_ratio: 5
    depth_of_discharge: 0.5
  VRBF:
    cost: 257.258
    lifetime: 23.5558
    annual_cost: 10.921216855296784
    efficiency: 0.742758
    discharge_ratio: 0.5
    depth_of_discharge: 1.0
