cost_values:
  wind_capex: 5000.0
  wind_opex: 100
  wind_lifetime: 20
  solar_capex: 1000.0
  solar_opex: 10
  solar_lifetime: 20
  carbon_price: 1.0
timeseries_values:
  load_level: 257298.61017075583
  wind_year: 2011
  solar_year: 2012
  price_year: 2023
  carbon_year: 2023
storage_values:
  CAES:
    cost: 71.1066
    lifetime: 24.7506
    annual_cost: 2.8729242927444183
    efficiency: 0.643768
    discharge_ratio: 0.1
    depth_of_discharge: 0.4
  Li-ion:
    cost: 188.189
    lifetime: 20.7283
    annual_cost: 9.07884389940323
    efficiency: 0.930481
    discharge_ratio: 2
    depth_of_discharge: 0.9
  Pb-acid:
    cost: 93.2803
    lifetime: 17.3438
    annual_cost: 5.378308098571247
    efficiency: 0.733577
    discharge_ratio: 5
    depth_of_discharge: 0.5
  VRBF:
    cost: 248.435
    lifetime: 26.502
    annual_cost: 9.37419817372274
    efficiency: 0.742738
    discharge_ratio: 0.5
    depth_of_discharge: 1.0
