cost_values:
  wind_capex: 5000.0
  wind_opex: 100
  wind_lifetime: 20
  solar_capex: 1000.0
  solar_opex: 10
  solar_lifetime: 20
  carbon_price: 1.0
timeseries_values:
  load_level: 257298.61017075583
  wind_year: 2011
  solar_year: 2012
  price_year: 2023
  carbon_year: 2023
storage_values:
  CAES:
    cost: 67.4165
    lifetime: 25.4287
    annual_cost: 2.6511972692272905
    efficiency: 0.642237
    discharge_ratio: 0.1
    depth_of_discharge: 0.4
  Li-ion:
    cost: 207.338
    lifetime: 19.3784
    annual_cost: 10.699438550138298
    efficiency: 0.935621
    discharge_ratio: 2
    depth_of_discharge: 0.9
  Pb-acid:
    cost: 81.2986
    lifetime: 16.568
    annual_cost: 4.906965234186383
    efficiency: 0.730104
    discharge_ratio: 5
    depth_of_discharge: 0.5
  VRBF:
    cost: 230.33
    lifetime: 25.6332
    annual_cost: 8.9856124089072
    efficiency: 0.727694
    discharge_ratio: 0.5
    depth_of_discharge: 1.0
