cost_values:
  wind_capex: 5000.0
  wind_opex: 100
  wind_lifetime: 20
  solar_capex: 1000.0
  solar_opex: 10
  solar_lifetime: 20
  carbon_price: 1.0
timeseries_values:
  load_level: 257298.61017075583
  wind_year: 2011
  solar_year: 2012
  price_year: 2023
  carbon_year: 2023
storage_values:
  CAES:
    cost: 69.23
    lifetime: 24.9485
    annual_cost: 2.7749163276349282
    efficiency: 0.648743
    discharge_ratio: 0.1
    depth_of_discharge: 0.4
  Li-ion:
    cost: 209.986
    lifetime: 21.5155
    annual_cost: 9.759754595524157
    efficiency: 0.943586
    discharge_ratio: 2
    depth_of_discharge: 0.9
  Pb-acid:
    cost: 77.5725
    lifetime: 16.5236
    annual_cost: 4.694648865864583
    efficiency: 0.734711
    discharge_ratio: 5
    depth_of_discharge: 0.5
  VRBF:
    cost: 235.076
    lifetime: 23.8232
    annual_cost: 9.867524094160315
    efficiency: 0.718006
    discharge_ratio: 0.5
    depth_of_discharge: 1.0
