cost_values:
  wind_capex: 5000.0
  wind_opex: 100
  wind_lifetime: 20
  solar_capex: 1000.0
  solar_opex: 10
  solar_lifetime: 20
  carbon_price: 1.0
timeseries_values:
  load_level: 257298.61017075583
  wind_year: 2011
  solar_year: 2012
  price_year: 2023
  carbon_year: 2023
storage_values:
  CAES:
    cost: 66.4795
    lifetime: 24.8371
    annual_cost: 2.676620861533754
    efficiency: 0.637801
    discharge_ratio: 0.1
    depth_of_discharge: 0.4
  Li-ion:
    cost: 194.256
    lifetime: 20.4791
    annual_cost: 9.485573096473967
    efficiency: 0.928157
    discharge_ratio: 2
    depth_of_discharge: 0.9
  Pb-acid:
    cost: 89.9444
    lifetime: 17.4697
    annual_cost: 5.148594423487524
    efficiency: 0.716612
    discharge_ratio: 5
    depth_of_discharge: 0.5
  VRBF:
    cost: 209.796
    lifetime: 26.1024
    annual_cost: 8.03742184626701
    efficiency: 0.729912
    discharge_ratio: 0.5
    depth_of_discharge: 1.0
