cost_values:
  wind_capex: 5000.0
  wind_opex: 100
  wind_lifetime: 20
  solar_capex: 1000.0
  solar_opex: 10
  solar_lifetime: 20
  carbon_price: 1.0
timeseries_values:
  load_level: 257298.61017075583
  wind_year: 2011
  solar_year: 2012
  price_year: 2023
  carbon_year: 2023
storage_values:
  CAES:
    cost: 61.8369
    lifetime: 24.0649
    annual_cost: 2.56958890334055
    efficiency: 0.642964
    discharge_ratio: 0.1
    depth_of_discharge: 0.4
  Li-ion:
    cost: 196.011
    lifetime: 18.0742
    annual_cost: 10.844795343638998
    efficiency: 0.926145
    discharge_ratio: 2
    depth_of_discharge: 0.9
  Pb-acid:
    cost: 63.5438
    lifetime: 16.3311
    annual_cost: 3.8909687651168627
    efficiency: 0.716123
    discharge_ratio: 5
    depth_of_discharge: 0.5
  VRBF:
    cost: 257.285
    lifetime: 22.8365
    annual_cost: 11.266393711820989
    efficiency: 0.73125
    discharge_ratio: 0.5
    depth_of_discharge: 1.0
