cost_values:
  wind_capex: 5000.0
  wind_opex: 100
  wind_lifetime: 20
  solar_capex: 1000.0
  solar_opex: 10
  solar_lifetime: 20
  carbon_price: 1.0
timeseries_values:
  load_level: 257298.61017075583
  wind_year: 2011
  solar_year: 2012
  price_year: 2023
  carbon_year: 2023
storage_values:
  CAES:
    cost: 69.3258
    lifetime: 25.3742
    annual_cost: 2.732137367877608
    efficiency: 0.646623
    discharge_ratio: 0.1
    depth_of_discharge: 0.4
  Li-ion:
    cost: 189.124
    lifetime: 18.6935
    annual_cost: 10.117099526573407
    efficiency: 0.912533
    discharge_ratio: 2
    depth_of_discharge: 0.9
  Pb-acid:
    cost: 75.2412
    lifetime: 16.936
    annual_cost: 4.4426783183750596
    efficiency: 0.726628
    discharge_ratio: 5
    depth_of_discharge: 0.5
  VRBF:
    cost: 259.984
    lifetime: 22.871
    annual_cost: 11.367408508591666
    efficiency: 0.719446
    discharge_ratio: 0.5
    depth_of_discharge: 1.0
