cost_values:
  wind_capex: 5000.0
  wind_opex: 100
  wind_lifetime: 20
  solar_capex: 1000.0
  solar_opex: 10
  solar_lifetime: 20
  carbon_price: 1.0
timeseries_values:
  load_level: 257298.61017075583
  wind_year: 2011
  solar_year: 2012
  price_year: 2023
  carbon_year: 2023
storage_values:
  CAES:
    cost: 77.9797
    lifetime: 25.6998
    annual_cost: 3.034253184849687
    efficiency: 0.647322
    discharge_ratio: 0.1
    depth_of_discharge: 0.4
  Li-ion:
    cost: 208.048
    lifetime: 20.3029
    annual_cost: 10.247206064158322
    efficiency: 0.925978
    discharge_ratio: 2
    depth_of_discharge: 0.9
  Pb-acid:
    cost: 60.0738
    lifetime: 16.6967
    annual_cost: 3.597944504003785
    efficiency: 0.716316
    discharge_ratio: 5
    depth_of_discharge: 0.5
  VRBF:
    cost: 233.873
    lifetime: 22.9457
    annual_cost: 10.192454359640369
    efficiency: 0.719824
    discharge_ratio: 0.5
    depth_of_discharge: 1.0
