cost_values:
  wind_capex: 5000.0
  wind_opex: 100
  wind_lifetime: 20
  solar_capex: 1000.0
  solar_opex: 10
  solar_lifetime: 20
  carbon_price: 1.0
timeseries_values:
  load_level: 257298.61017075583
  wind_year: 2011
  solar_year: 2012
  price_year: 2023
  carbon_year: 2023
storage_values:
  CAES:
    cost: 71.0167
    lifetime: 25.1854
    annual_cost: 2.8197566844282798
    efficiency: 0.646026
    discharge_ratio: 0.1
    depth_of_discharge: 0.4
  Li-ion:
    cost: 206.523
    lifetime: 21.8082
    annual_cost: 9.46997001128016
    efficiency: 0.916549
    discharge_ratio: 2
    depth_of_discharge: 0.9
  Pb-acid:
    cost: 71.0109
    lifetime: 17.0478
    annual_cost: 4.165399641009397
    efficiency: 0.737386
    discharge_ratio: 5
    depth_of_discharge: 0.5
  VRBF:
    cost: 233.202
    lifetime: 23.2727
    annual_cost: 10.020410180168179
    efficiency: 0.732623
    discharge_ratio: 0.5
    depth_of_discharge: 1.0
