cost_values:
  wind_capex: 5000.0
  wind_opex: 100
  wind_lifetime: 20
  solar_capex: 1000.0
  solar_opex: 10
  solar_lifetime: 20
  carbon_price: 1.0
timeseries_values:
  load_level: 257298.61017075583
  wind_year: 2011
  solar_year: 2012
  price_year: 2023
  carbon_year: 2023
storage_values:
  CAES:
    cost: 82.696
    lifetime: 25.3488
    annual_cost: 3.2623240547876033
    efficiency: 0.633891
    discharge_ratio: 0.1
    depth_of_discharge: 0.4
  Li-ion:
    cost: 194.077
    lifetime: 19.1093
    annual_cost: 10.156154333230416
    efficiency: 0.941955
    discharge_ratio: 2
    depth_of_discharge: 0.9
  Pb-acid:
    cost: 96.667
    lifetime: 16.7446
    annual_cost: 5.773025333540366
    efficiency: 0.733806
    discharge_ratio: 5
    depth_of_discharge: 0.5
  VRBF:
    cost: 258.447
    lifetime: 24.5623
    annual_cost: 10.52210094331557
    efficiency: 0.701935
    discharge_ratio: 0.5
    depth_of_discharge: 1.0
