cost_values:
  wind_capex: 5000.0
  wind_opex: 100
  wind_lifetime: 20
  solar_capex: 1000.0
  solar_opex: 10
  solar_lifetime: 20
  carbon_price: 1.0
timeseries_values:
  load_level: 257298.61017075583
  wind_year: 2011
  solar_year: 2012
  price_year: 2023
  carbon_year: 2023
storage_values:
  CAES:
    cost: 63.6816
    lifetime: 25.7532
    annual_cost: 2.472764549648199
    efficiency: 0.649622
    discharge_ratio: 0.1
    depth_of_discharge: 0.4
  Li-ion:
    cost: 199.711
    lifetime: 20.1051
    annual_cost: 9.933350244465336
    efficiency: 0.933799
    discharge_ratio: 2
    depth_of_discharge: 0.9
  Pb-acid:
    cost: 77.7281
    lifetime: 16.78
    annual_cost: 4.632187127532776
    efficiency: 0.719567
    discharge_ratio: 5
    depth_of_discharge: 0.5
  VRBF:
    cost: 226.639
    lifetime: 27.1084
    annual_cost: 8.360471293030942
    efficiency: 0.711526
    discharge_ratio: 0.5
    depth_of_discharge: 1.0
