cost_values:
  wind_capex: 5000.0
  wind_opex: 100
  wind_lifetime: 20
  solar_capex: 1000.0
  solar_opex: 10
  solar_lifetime: 20
  carbon_price: 1.0
timeseries_values:
  load_level: 257298.61017075583
  wind_year: 2011
  solar_year: 2012
  price_year: 2023
  carbon_year: 2023
storage_values:
  CAES:
    cost: 63.3403
    lifetime: 25.8076
    annual_cost: 2.454327407430369
    efficiency: 0.640756
    discharge_ratio: 0.1
    depth_of_discharge: 0.4
  Li-ion:
    cost: 196.473
    lifetime: 18.3315
    annual_cost: 10.717780868995993
    efficiency: 0.926975
    discharge_ratio: 2
    depth_of_discharge: 0.9
  Pb-acid:
    cost: 58.5665
    lifetime: 16.2386
    annual_cost: 3.6066224920867556
    efficiency: 0.73657
    discharge_ratio: 5
    depth_of_discharge: 0.5
  VRBF:
    cost: 234.562
    lifetime: 24.0677
    annual_cost: 9.745925036459655
    efficiency: 0.716166
    discharge_ratio: 0.5
    depth_of_discharge: 1.0
