cost_values:
  wind_capex: 5000.0
  wind_opex: 100
  wind_lifetime: 20
  solar_capex: 1000.0
  solar_opex: 10
  solar_lifetime: 20
  carbon_price: 1.0
timeseries_values:
  load_level: 257298.61017075583
  wind_year: 2011
  solar_year: 2012
  price_year: 2023
  carbon_year: 2023
storage_values:
  CAES:
    cost: 72.2916
    lifetime: 26.6218
    annual_cost: 2.7155038352027288
    efficiency: 0.641871
    discharge_ratio: 0.1
    depth_of_discharge: 0.4
  Li-ion:
    cost: 176.926
    lifetime: 22.1344
    annual_cost: 7.99325936099465
    efficiency: 0.918021
    discharge_ratio: 2
    depth_of_discharge: 0.9
  Pb-acid:
    cost: 80.6416
    lifetime: 16.8655
    annual_cost: 4.78145326257745
    efficiency: 0.724707
    discharge_ratio: 5
    depth_of_discharge: 0.5
  VRBF:
    cost: 251.753
    lifetime: 23.4979
    annual_cost: 10.71385102498521
    efficiency: 0.72678
    discharge_ratio: 0.5
    depth_of_discharge: 1.0
