cost_values:
  wind_capex: 5000.0
  wind_opex: 100
  wind_lifetime: 20
  solar_capex: 1000.0
  solar_opex: 10
  solar_lifetime: 20
  carbon_price: 1.0
timeseries_values:
  load_level: 257298.61017075583
  wind_year: 2011
  solar_year: 2012
  price_year: 2023
  carbon_year: 2023
storage_values:
  CAES:
    cost: 66.8147
    lifetime: 24.7853
    annual_cost: 2.6957390065885827
    efficiency: 0.639391
    discharge_ratio: 0.1
    depth_of_discharge: 0.4
  Li-ion:
    cost: 197.865
    lifetime: 19.1693
    annual_cost: 10.32197315499262
    efficiency: 0.915957
    discharge_ratio: 2
    depth_of_discharge: 0.9
  Pb-acid:
    cost: 61.3843
    lifetime: 16.4381
    annual_cost: 3.7342697757040053
    efficiency: 0.713919
    discharge_ratio: 5
    depth_of_discharge: 0.5
  VRBF:
    cost: 231.2
    lifetime: 25.4309
    annual_cost: 9.091302313327487
    efficiency: 0.708557
    discharge_ratio: 0.5
    depth_of_discharge: 1.0
