cost_values:
  wind_capex: 5000.0
  wind_opex: 100
  wind_lifetime: 20
  solar_capex: 1000.0
  solar_opex: 10
  solar_lifetime: 20
  carbon_price: 1.0
timeseries_values:
  load_level: 257298.61017075583
  wind_year: 2011
  solar_year: 2012
  price_year: 2023
  carbon_year: 2023
storage_values:
  CAES:
    cost: 66.0178
    lifetime: 25.6069
    annual_cost: 2.5781254271309684
    efficiency: 0.648016
    discharge_ratio: 0.1
    depth_of_discharge: 0.4
  Li-ion:
    cost: 213.524
    lifetime: 18.3851
    annual_cost: 11.613970008321955
    efficiency: 0.943649
    discharge_ratio: 2
    depth_of_discharge: 0.9
  Pb-acid:
    cost: 77.9894
    lifetime: 16.5996
    annual_cost: 4.698269837827418
    efficiency: 0.732923
    discharge_ratio: 5
    depth_of_discharge: 0.5
  VRBF:
    cost: 227.644
    lifetime: 25.5816
    annual_cost: 8.898739719173156
    efficiency: 0.709598
    discharge_ratio: 0.5
    depth_of_discharge: 1.0
