cost_values:
  wind_capex: 5000.0
  wind_opex: 100
  wind_lifetime: 20
  solar_capex: 1000.0
  solar_opex: 10
  solar_lifetime: 20
  carbon_price: 1.0
timeseries_values:
  load_level: 257298.61017075583
  wind_year: 2011
  solar_year: 2012
  price_year: 2023
  carbon_year: 2023
storage_values:
  CAES:
    cost: 62.0449
    lifetime: 25.0756
    annual_cost: 2.474313675445453
    efficiency: 0.648443
    discharge_ratio: 0.1
    depth_of_discharge: 0.4
  Li-ion:
    cost: 201.544
    lifetime: 21.1325
    annual_cost: 9.537158405299895
    efficiency: 0.920076
    discharge_ratio: 2
    depth_of_discharge: 0.9
  Pb-acid:
    cost: 65.5526
    lifetime: 14.8411
    annual_cost: 4.416963702151458
    efficiency: 0.743249
    discharge_ratio: 5
    depth_of_discharge: 0.5
  VRBF:
    cost: 252.93
    lifetime: 24.8781
    annual_cost: 10.166773186055206
    efficiency: 0.720518
    discharge_ratio: 0.5
    depth_of_discharge: 1.0
