cost_values:
  wind_capex: 5000.0
  wind_opex: 100
  wind_lifetime: 20
  solar_capex: 1000.0
  solar_opex: 10
  solar_lifetime: 20
  carbon_price: 1.0
timeseries_values:
  load_level: 257298.61017075583
  wind_year: 2011
  solar_year: 2012
  price_year: 2023
  carbon_year: 2023
storage_values:
  CAES:
    cost: 69.4209
    lifetime: 24.4706
    annual_cost: 2.836910414946916
    efficiency: 0.641486
    discharge_ratio: 0.1
    depth_of_discharge: 0.4
  Li-ion:
    cost: 199.436
    lifetime: 19.1619
    annual_cost: 10.407944932391883
    efficiency: 0.931907
    discharge_ratio: 2
    depth_of_discharge: 0.9
  Pb-acid:
    cost: 63.87
    lifetime: 15.9964
    annual_cost: 3.992773374009152
    efficiency: 0.741322
    discharge_ratio: 5
    depth_of_discharge: 0.5
  VRBF:
    cost: 228.127
    lifetime: 24.179
    annual_cost: 9.43492286695066
    efficiency: 0.740582
    discharge_ratio: 0.5
    depth_of_discharge: 1.0
