cost_values:
  wind_capex: 5000.0
  wind_opex: 100
  wind_lifetime: 20
  solar_capex: 1000.0
  solar_opex: 10
  solar_lifetime: 20
  carbon_price: 1.0
timeseries_values:
  load_level: 257298.61017075583
  wind_year: 2011
  solar_year: 2012
  price_year: 2023
  carbon_year: 2023
storage_values:
  CAES:
    cost: 68.6232
    lifetime: 24.6173
    annual_cost: 2.7876005898291036
    efficiency: 0.648639
    discharge_ratio: 0.1
    depth_of_discharge: 0.4
  Li-ion:
    cost: 210.642
    lifetime: 22.8078
    annual_cost: 9.23552468892221
    efficiency: 0.913919
    discharge_ratio: 2
    depth_of_discharge: 0.9
  Pb-acid:
    cost: 95.4567
    lifetime: 16.8602
    annual_cost: 5.661658817807618
    efficiency: 0.730968
    discharge_ratio: 5
    depth_of_discharge: 0.5
  VRBF:
    cost: 237.615
    lifetime: 27.0764
    annual_cost: 8.775723508295046
    efficiency: 0.70786
    discharge_ratio: 0.5
    depth_of_discharge: 1.0
