cost_values:
  wind_capex: 5000.0
  wind_opex: 100
  wind_lifetime: 20
  solar_capex: 1000.0
  solar_opex: 10
  solar_lifetime: 20
  carbon_price: 1.0
timeseries_values:
  load_level: 257298.61017075583
  wind_year: 2011
  solar_year: 2012
  price_year: 2023
  carbon_year: 2023
storage_values:
  CAES:
    cost: 72.626
    lifetime: 24.6992
    annual_cost: 2.9404191228865715
    efficiency: 0.635315
    discharge_ratio: 0.1
    depth_of_discharge: 0.4
  Li-ion:
    cost: 193.006
    lifetime: 19.1699
    annual_cost: 10.068179802711544
    efficiency: 0.933604
    discharge_ratio: 2
    depth_of_discharge: 0.9
  Pb-acid:
    cost: 61.56
    lifetime: 15.7615
    annual_cost: 3.9057196332836344
    efficiency: 0.731988
    discharge_ratio: 5
    depth_of_discharge: 0.5
  VRBF:
    cost: 263.506
    lifetime: 26.4315
    annual_cost: 9.969392580822124
    efficiency: 0.73246
    discharge_ratio: 0.5
    depth_of_discharge: 1.0
