cost_values:
  wind_capex: 5000.0
  wind_opex: 100
  wind_lifetime: 20
  solar_capex: 1000.0
  solar_opex: 10
  solar_lifetime: 20
  carbon_price: 1.0
timeseries_values:
  load_level: 257298.61017075583
  wind_year: 2011
  solar_year: 2012
  price_year: 2023
  carbon_year: 2023
storage_values:
  CAES:
    cost: 73.9309
    lifetime: 24.819
    annual_cost: 2.978802530319513
    efficiency: 0.647971
    discharge_ratio: 0.1
    depth_of_discharge: 0.4
  Li-ion:
    cost: 209.176
    lifetime: 19.8728
    annual_cost: 10.525743730123585
    efficiency: 0.930897
    discharge_ratio: 2
    depth_of_discharge: 0.9
  Pb-acid:
    cost: 78.3877
    lifetime: 15.7655
    annual_cost: 4.972103644032856
    efficiency: 0.718037
    discharge_ratio: 5
    depth_of_discharge: 0.5
  VRBF:
    cost: 264.033
    lifetime: 26.5006
    annual_cost: 9.963283850176978
    efficiency: 0.745071
    discharge_ratio: 0.5
    depth_of_discharge: 1.0
