cost_values:
  wind_capex: 5000.0
  wind_opex: 100
  wind_lifetime: 20
  solar_capex: 1000.0
  solar_opex: 10
  solar_lifetime: 20
  carbon_price: 1.0
timeseries_values:
  load_level: 257298.61017075583
  wind_year: 2011
  solar_year: 2012
  price_year: 2023
  carbon_year: 2023
storage_values:
  CAES:
    cost: 74.8605
    lifetime: 26.3793
    annual_cost: 2.837850132490248
    efficiency: 0.646395
    discharge_ratio: 0.1
    depth_of_discharge: 0.4
  Li-ion:
    cost: 204.431
    lifetime: 18.85
    annual_cost: 10.845145888594164
    efficiency: 0.924244
    discharge_ratio: 2
    depth_of_discharge: 0.9
  Pb-acid:
    cost: 71.7429
    lifetime: 15.8915
    annual_cost: 4.514545511751566
    efficiency: 0.733921
    discharge_ratio: 5
    depth_of_discharge: 0.5
  VRBF:
    cost: 277.479
    lifetime: 23.5784
    annual_cost: 11.768355783259254
    efficiency: 0.720965
    discharge_ratio: 0.5
    depth_of_discharge: 1.0
