cost_values:
  wind_capex: 5000.0
  wind_opex: 100
  wind_lifetime: 20
  solar_capex: 1000.0
  solar_opex: 10
  solar_lifetime: 20
  carbon_price: 1.0
timeseries_values:
  load_level: 257298.61017075583
  wind_year: 2011
  solar_year: 2012
  price_year: 2023
  carbon_year: 2023
storage_values:
  CAES:
    cost: 75.0777
    lifetime: 24.6864
    annual_cost: 3.0412575345129302
    efficiency: 0.638012
    discharge_ratio: 0.1
    depth_of_discharge: 0.4
  Li-ion:
    cost: 205.566
    lifetime: 18.9026
    annual_cost: 10.875011903124438
    efficiency: 0.921008
    discharge_ratio: 2
    depth_of_discharge: 0.9
  Pb-acid:
    cost: 74.39
    lifetime: 17.1429
    annual_cost: 4.339405818152121
    efficiency: 0.721968
    discharge_ratio: 5
    depth_of_discharge: 0.5
  VRBF:
    cost: 255.786
    lifetime: 26.146
    annual_cost: 9.78298783752773
    efficiency: 0.719017
    discharge_ratio: 0.5
    depth_of_discharge: 1.0
