cost_values:
  wind_capex: 5000.0
  wind_opex: 100
  wind_lifetime: 20
  solar_capex: 1000.0
  solar_opex: 10
  solar_lifetime: 20
  carbon_price: 1.0
timeseries_values:
  load_level: 257298.61017075583
  wind_year: 2011
  solar_year: 2012
  price_year: 2023
  carbon_year: 2023
storage_values:
  CAES:
    cost: 69.6172
    lifetime: 25.6838
    annual_cost: 2.71054906205468
    efficiency: 0.644331
    discharge_ratio: 0.1
    depth_of_discharge: 0.4
  Li-ion:
    cost: 181.814
    lifetime: 21.6788
    annual_cost: 8.386718822075023
    efficiency: 0.937383
    discharge_ratio: 2
    depth_of_discharge: 0.9
  Pb-acid:
    cost: 87.1817
    lifetime: 15.2682
    annual_cost: 5.710018207778258
    efficiency: 0.743262
    discharge_ratio: 5
    depth_of_discharge: 0.5
  VRBF:
    cost: 260.188
    lifetime: 25.628
    annual_cost: 10.15248946464804
    efficiency: 0.72622
    discharge_ratio: 0.5
    depth_of_discharge: 1.0
