cost_values:
  wind_capex: 5000.0
  wind_opex: 100
  wind_lifetime: 20
  solar_capex: 1000.0
  solar_opex: 10
  solar_lifetime: 20
  carbon_price: 1.0
timeseries_values:
  load_level: 257298.61017075583
  wind_year: 2011
  solar_year: 2012
  price_year: 2023
  carbon_year: 2023
storage_values:
  CAES:
    cost: 71.446
    lifetime: 24.9782
    annual_cost: 2.860334211432369
    efficiency: 0.647029
    discharge_ratio: 0.1
    depth_of_discharge: 0.4
  Li-ion:
    cost: 190.986
    lifetime: 18.2049
    annual_cost: 10.490911787485787
    efficiency: 0.927283
    discharge_ratio: 2
    depth_of_discharge: 0.9
  Pb-acid:
    cost: 68.4338
    lifetime: 17.7513
    annual_cost: 3.8551430036110035
    efficiency: 0.732575
    discharge_ratio: 5
    depth_of_discharge: 0.5
  VRBF:
    cost: 286.131
    lifetime: 25.0826
    annual_cost: 11.407549456595408
    efficiency: 0.705156
    discharge_ratio: 0.5
    depth_of_discharge: 1.0
