cost_values:
  wind_capex: 5000.0
  wind_opex: 100
  wind_lifetime: 20
  solar_capex: 1000.0
  solar_opex: 10
  solar_lifetime: 20
  carbon_price: 1.0
timeseries_values:
  load_level: 257298.61017075583
  wind_year: 2011
  solar_year: 2012
  price_year: 2023
  carbon_year: 2023
storage_values:
  CAES:
    cost: 69.3867
    lifetime: 24.8693
    annual_cost: 2.7900544044263413
    efficiency: 0.645272
    discharge_ratio: 0.1
    depth_of_discharge: 0.4
  Li-ion:
    cost: 204.923
    lifetime: 20.4002
    annual_cost: 10.045146616209644
    efficiency: 0.934649
    discharge_ratio: 2
    depth_of_discharge: 0.9
  Pb-acid:
    cost: 89.0785
    lifetime: 17.7665
    annual_cost: 5.013846283736245
    efficiency: 0.741538
    discharge_ratio: 5
    depth_of_discharge: 0.5
  VRBF:
    cost: 227.028
    lifetime: 23.0166
    annual_cost: 9.863663616694037
    efficiency: 0.733736
    discharge_ratio: 0.5
    depth_of_discharge: 1.0
