cost_values:
  wind_capex: 5000.0
  wind_opex: 100
  wind_lifetime: 20
  solar_capex: 1000.0
  solar_opex: 10
  solar_lifetime: 20
  carbon_price: 1.0
timeseries_values:
  load_level: 257298.61017075583
  wind_year: 2011
  solar_year: 2012
  price_year: 2023
  carbon_year: 2023
storage_values:
  CAES:
    cost: 67.0129
    lifetime: 24.9773
    annual_cost: 2.6829521205254374
    efficiency: 0.64544
    discharge_ratio: 0.1
    depth_of_discharge: 0.4
  Li-ion:
    cost: 216.511
    lifetime: 21.5939
    annual_cost: 10.02648896216061
    efficiency: 0.926698
    discharge_ratio: 2
    depth_of_discharge: 0.9
  Pb-acid:
    cost: 64.7007
    lifetime: 17.8749
    annual_cost: 3.6196398301528956
    efficiency: 0.721323
    discharge_ratio: 5
    depth_of_discharge: 0.5
  VRBF:
    cost: 239.439
    lifetime: 23.1549
    annual_cost: 10.340748610445305
    efficiency: 0.709793
    discharge_ratio: 0.5
    depth_of_discharge: 1.0
