cost_values:
  wind_capex: 5000.0
  wind_opex: 100
  wind_lifetime: 20
  solar_capex: 1000.0
  solar_opex: 10
  solar_lifetime: 20
  carbon_price: 1.0
timeseries_values:
  load_level: 257298.61017075583
  wind_year: 2011
  solar_year: 2012
  price_year: 2023
  carbon_year: 2023
storage_values:
  CAES:
    cost: 60.7008
    lifetime: 24.1538
    annual_cost: 2.513095247952703
    efficiency: 0.642398
    discharge_ratio: 0.1
    depth_of_discharge: 0.4
  Li-ion:
    cost: 199.881
    lifetime: 18.6927
    annual_cost: 10.692997801280715
    efficiency: 0.925681
    discharge_ratio: 2
    depth_of_discharge: 0.9
  Pb-acid:
    cost: 84.9437
    lifetime: 17.1
    annual_cost: 4.96746783625731
    efficiency: 0.727695
    discharge_ratio: 5
    depth_of_discharge: 0.5
  VRBF:
    cost: 245.835
    lifetime: 22.6911
    annual_cost: 10.833983367928395
    efficiency: 0.720995
    discharge_ratio: 0.5
    depth_of_discharge: 1.0
