cost_values:
  wind_capex: 5000.0
  wind_opex: 100
  wind_lifetime: 20
  solar_capex: 1000.0
  solar_opex: 10
  solar_lifetime: 20
  carbon_price: 1.0
timeseries_values:
  load_level: 257298.61017075583
  wind_year: 2011
  solar_year: 2012
  price_year: 2023
  carbon_year: 2023
storage_values:
  CAES:
    cost: 63.5286
    lifetime: 25.0274
    annual_cost: 2.5383619552969945
    efficiency: 0.641845
    discharge_ratio: 0.1
    depth_of_discharge: 0.4
  Li-ion:
    cost: 195.127
    lifetime: 20.2033
    annual_cost: 9.65817465463563
    efficiency: 0.938093
    discharge_ratio: 2
    depth_of_discharge: 0.9
  Pb-acid:
    cost: 77.8877
    lifetime: 16.5491
    annual_cost: 4.706461378564393
    efficiency: 0.719037
    discharge_ratio: 5
    depth_of_discharge: 0.5
  VRBF:
    cost: 256.35
    lifetime: 23.7443
    annual_cost: 10.796275316602301
    efficiency: 0.734
    discharge_ratio: 0.5
    depth_of_discharge: 1.0
