cost_values:
  wind_capex: 5000.0
  wind_opex: 100
  wind_lifetime: 20
  solar_capex: 1000.0
  solar_opex: 10
  solar_lifetime: 20
  carbon_price: 1.0
timeseries_values:
  load_level: 257298.61017075583
  wind_year: 2011
  solar_year: 2012
  price_year: 2023
  carbon_year: 2023
storage_values:
  CAES:
    cost: 74.9888
    lifetime: 25.1386
    annual_cost: 2.983014169444599
    efficiency: 0.644458
    discharge_ratio: 0.1
    depth_of_discharge: 0.4
  Li-ion:
    cost: 219.204
    lifetime: 21.5534
    annual_cost: 10.170274759434706
    efficiency: 0.93791
    discharge_ratio: 2
    depth_of_discharge: 0.9
  Pb-acid:
    cost: 72.9308
    lifetime: 14.9589
    annual_cost: 4.8754119621095136
    efficiency: 0.725943
    discharge_ratio: 5
    depth_of_discharge: 0.5
  VRBF:
    cost: 266.105
    lifetime: 24.8064
    annual_cost: 10.727271994324045
    efficiency: 0.717528
    discharge_ratio: 0.5
    depth_of_discharge: 1.0
