cost_values:
  wind_capex: 5000.0
  wind_opex: 100
  wind_lifetime: 20
  solar_capex: 1000.0
  solar_opex: 10
  solar_lifetime: 20
  carbon_price: 1.0
timeseries_values:
  load_level: 257298.61017075583
  wind_year: 2011
  solar_year: 2012
  price_year: 2023
  carbon_year: 2023
storage_values:
  CAES:
    cost: 68.2895
    lifetime: 26.1964
    annual_cost: 2.6068276557084182
    efficiency: 0.643411
    discharge_ratio: 0.1
    depth_of_discharge: 0.4
  Li-ion:
    cost: 206.881
    lifetime: 19.5059
    annual_cost: 10.606073034312695
    efficiency: 0.928443
    discharge_ratio: 2
    depth_of_discharge: 0.9
  Pb-acid:
    cost: 91.216
    lifetime: 17.2704
    annual_cost: 5.281637947007597
    efficiency: 0.720293
    discharge_ratio: 5
    depth_of_discharge: 0.5
  VRBF:
    cost: 261.76
    lifetime: 26.4057
    annual_cost: 9.913011205913875
    efficiency: 0.743831
    discharge_ratio: 0.5
    depth_of_discharge: 1.0
