cost_values:
  wind_capex: 5000.0
  wind_opex: 100
  wind_lifetime: 20
  solar_capex: 1000.0
  solar_opex: 10
  solar_lifetime: 20
  carbon_price: 1.0
timeseries_values:
  load_level: 257298.61017075583
  wind_year: 2011
  solar_year: 2012
  price_year: 2023
  carbon_year: 2023
storage_values:
  CAES:
    cost: 71.3793
    lifetime: 25.4527
    annual_cost: 2.8043901039968255
    efficiency: 0.646952
    discharge_ratio: 0.1
    depth_of_discharge: 0.4
  Li-ion:
    cost: 201.361
    lifetime: 22.2515
    annual_cost: 9.049322517583084
    efficiency: 0.927768
    discharge_ratio: 2
    depth_of_discharge: 0.9
  Pb-acid:
    cost: 96.9001
    lifetime: 16.3452
    annual_cost: 5.928352054425765
    efficiency: 0.739064
    discharge_ratio: 5
    depth_of_discharge: 0.5
  VRBF:
    cost: 228.101
    lifetime: 25.2644
    annual_cost: 9.02855401276104
    efficiency: 0.72707
    discharge_ratio: 0.5
    depth_of_discharge: 1.0
