cost_values:
  wind_capex: 5000.0
  wind_opex: 100
  wind_lifetime: 20
  solar_capex: 1000.0
  solar_opex: 10
  solar_lifetime: 20
  carbon_price: 1.0
timeseries_values:
  load_level: 257298.61017075583
  wind_year: 2011
  solar_year: 2012
  price_year: 2023
  carbon_year: 2023
storage_values:
  CAES:
    cost: 70.0902
    lifetime: 25.3931
    annual_cost: 2.7602065127928452
    efficiency: 0.648344
    discharge_ratio: 0.1
    depth_of_discharge: 0.4
  Li-ion:
    cost: 204.187
    lifetime: 21.2141
    annual_cost: 9.625060690766992
    efficiency: 0.929922
    discharge_ratio: 2
    depth_of_discharge: 0.9
  Pb-acid:
    cost: 65.4605
    lifetime: 17.4373
    annual_cost: 3.7540502256656705
    efficiency: 0.719154
    discharge_ratio: 5
    depth_of_discharge: 0.5
  VRBF:
    cost: 234.896
    lifetime: 24.9331
    annual_cost: 9.421050731758184
    efficiency: 0.723009
    discharge_ratio: 0.5
    depth_of_discharge: 1.0
