cost_values:
  wind_capex: 5000.0
  wind_opex: 100
  wind_lifetime: 20
  solar_capex: 1000.0
  solar_opex: 10
  solar_lifetime: 20
  carbon_price: 1.0
timeseries_values:
  load_level: 257298.61017075583
  wind_year: 2011
  solar_year: 2012
  price_year: 2023
  carbon_year: 2023
storage_values:
  CAES:
    cost: 63.7609
    lifetime: 25.0866
    annual_cost: 2.541631787488141
    efficiency: 0.628637
    discharge_ratio: 0.1
    depth_of_discharge: 0.4
  Li-ion:
    cost: 211.417
    lifetime: 20.1384
    annual_cost: 10.49820243912128
    efficiency: 0.928766
    discharge_ratio: 2
    depth_of_discharge: 0.9
  Pb-acid:
    cost: 92.0382
    lifetime: 16.7886
    annual_cost: 5.482184339373147
    efficiency: 0.713271
    discharge_ratio: 5
    depth_of_discharge: 0.5
  VRBF:
    cost: 249.802
    lifetime: 25.7523
    annual_cost: 9.70018211965533
    efficiency: 0.743019
    discharge_ratio: 0.5
    depth_of_discharge: 1.0
