cost_values:
  wind_capex: 5000.0
  wind_opex: 100
  wind_lifetime: 20
  solar_capex: 1000.0
  solar_opex: 10
  solar_lifetime: 20
  carbon_price: 1.0
timeseries_values:
  load_level: 257298.61017075583
  wind_year: 2011
  solar_year: 2012
  price_year: 2023
  carbon_year: 2023
storage_values:
  CAES:
    cost: 66.1068
    lifetime: 25.4618
    annual_cost: 2.5963129079640876
    efficiency: 0.639626
    discharge_ratio: 0.1
    depth_of_discharge: 0.4
  Li-ion:
    cost: 232.163
    lifetime: 22.247
    annual_cost: 10.435699195397133
    efficiency: 0.928462
    discharge_ratio: 2
    depth_of_discharge: 0.9
  Pb-acid:
    cost: 71.5908
    lifetime: 16.7149
    annual_cost: 4.283052845066378
    efficiency: 0.717169
    discharge_ratio: 5
    depth_of_discharge: 0.5
  VRBF:
    cost: 289.166
    lifetime: 24.5735
    annual_cost: 11.767391702443689
    efficiency: 0.726782
    discharge_ratio: 0.5
    depth_of_discharge: 1.0
