cost_values:
  wind_capex: 5000.0
  wind_opex: 100
  wind_lifetime: 20
  solar_capex: 1000.0
  solar_opex: 10
  solar_lifetime: 20
  carbon_price: 1.0
timeseries_values:
  load_level: 257298.61017075583
  wind_year: 2011
  solar_year: 2012
  price_year: 2023
  carbon_year: 2023
storage_values:
  CAES:
    cost: 64.2017
    lifetime: 24.4397
    annual_cost: 2.6269430475824174
    efficiency: 0.637151
    discharge_ratio: 0.1
    depth_of_discharge: 0.4
  Li-ion:
    cost: 206.838
    lifetime: 19.3572
    annual_cost: 10.685326390180398
    efficiency: 0.928802
    discharge_ratio: 2
    depth_of_discharge: 0.9
  Pb-acid:
    cost: 83.379
    lifetime: 18.0224
    annual_cost: 4.626409357244318
    efficiency: 0.723581
    discharge_ratio: 5
    depth_of_discharge: 0.5
  VRBF:
    cost: 228.501
    lifetime: 23.5614
    annual_cost: 9.698107922279661
    efficiency: 0.736383
    discharge_ratio: 0.5
    depth_of_discharge: 1.0
