cost_values:
  wind_capex: 5000.0
  wind_opex: 100
  wind_lifetime: 20
  solar_capex: 1000.0
  solar_opex: 10
  solar_lifetime: 20
  carbon_price: 1.0
timeseries_values:
  load_level: 257298.61017075583
  wind_year: 2011
  solar_year: 2012
  price_year: 2023
  carbon_year: 2023
storage_values:
  CAES:
    cost: 73.4642
    lifetime: 24.9741
    annual_cost: 2.9416155136721645
    efficiency: 0.646524
    discharge_ratio: 0.1
    depth_of_discharge: 0.4
  Li-ion:
    cost: 192.236
    lifetime: 20.0235
    annual_cost: 9.600519389717082
    efficiency: 0.931912
    discharge_ratio: 2
    depth_of_discharge: 0.9
  Pb-acid:
    cost: 100.744
    lifetime: 15.2239
    annual_cost: 6.617489605160307
    efficiency: 0.725195
    discharge_ratio: 5
    depth_of_discharge: 0.5
  VRBF:
    cost: 272.344
    lifetime: 23.5346
    annual_cost: 11.572068358926856
    efficiency: 0.728456
    discharge_ratio: 0.5
    depth_of_discharge: 1.0
