cost_values:
  wind_capex: 5000.0
  wind_opex: 100
  wind_lifetime: 20
  solar_capex: 1000.0
  solar_opex: 10
  solar_lifetime: 20
  carbon_price: 1.0
timeseries_values:
  load_level: 257298.61017075583
  wind_year: 2011
  solar_year: 2012
  price_year: 2023
  carbon_year: 2023
storage_values:
  CAES:
    cost: 64.2386
    lifetime: 25.2455
    annual_cost: 2.54455645560595
    efficiency: 0.639745
    discharge_ratio: 0.1
    depth_of_discharge: 0.4
  Li-ion:
    cost: 198.948
    lifetime: 20.2326
    annual_cost: 9.833041724741259
    efficiency: 0.920257
    discharge_ratio: 2
    depth_of_discharge: 0.9
  Pb-acid:
    cost: 97.4845
    lifetime: 16.5273
    annual_cost: 5.8983923568883
    efficiency: 0.716402
    discharge_ratio: 5
    depth_of_discharge: 0.5
  VRBF:
    cost: 212.926
    lifetime: 26.0243
    annual_cost: 8.18181468857952
    efficiency: 0.720634
    discharge_ratio: 0.5
    depth_of_discharge: 1.0
