cost_values:
  wind_capex: 5000.0
  wind_opex: 100
  wind_lifetime: 20
  solar_capex: 1000.0
  solar_opex: 10
  solar_lifetime: 20
  carbon_price: 1.0
timeseries_values:
  load_level: 257298.61017075583
  wind_year: 2011
  solar_year: 2012
  price_year: 2023
  carbon_year: 2023
storage_values:
  CAES:
    cost: 69.4772
    lifetime: 25.3646
    annual_cost: 2.739140376745543
    efficiency: 0.643754
    discharge_ratio: 0.1
    depth_of_discharge: 0.4
  Li-ion:
    cost: 206.988
    lifetime: 21.232
    annual_cost: 9.748869630746045
    efficiency: 0.927337
    discharge_ratio: 2
    depth_of_discharge: 0.9
  Pb-acid:
    cost: 82.7859
    lifetime: 16.4769
    annual_cost: 5.024361378657392
    efficiency: 0.710493
    discharge_ratio: 5
    depth_of_discharge: 0.5
  VRBF:
    cost: 235.947
    lifetime: 25.0989
    annual_cost: 9.400690866930423
    efficiency: 0.705868
    discharge_ratio: 0.5
    depth_of_discharge: 1.0
