cost_values:
  wind_capex: 5000.0
  wind_opex: 100
  wind_lifetime: 20
  solar_capex: 1000.0
  solar_opex: 10
  solar_lifetime: 20
  carbon_price: 1.0
timeseries_values:
  load_level: 257298.61017075583
  wind_year: 2011
  solar_year: 2012
  price_year: 2023
  carbon_year: 2023
storage_values:
  CAES:
    cost: 73.4408
    lifetime: 25.7925
    annual_cost: 2.8473703596006588
    efficiency: 0.643974
    discharge_ratio: 0.1
    depth_of_discharge: 0.4
  Li-ion:
    cost: 201.421
    lifetime: 19.2007
    annual_cost: 10.49029462467514
    efficiency: 0.921223
    discharge_ratio: 2
    depth_of_discharge: 0.9
  Pb-acid:
    cost: 83.3654
    lifetime: 18.5934
    annual_cost: 4.483601708132993
    efficiency: 0.724529
    discharge_ratio: 5
    depth_of_discharge: 0.5
  VRBF:
    cost: 255.588
    lifetime: 25.8028
    annual_cost: 9.905436619281627
    efficiency: 0.714014
    discharge_ratio: 0.5
    depth_of_discharge: 1.0
