cost_values:
  wind_capex: 5000.0
  wind_opex: 100
  wind_lifetime: 20
  solar_capex: 1000.0
  solar_opex: 10
  solar_lifetime: 20
  carbon_price: 1.0
timeseries_values:
  load_level: 257298.61017075583
  wind_year: 2011
  solar_year: 2012
  price_year: 2023
  carbon_year: 2023
storage_values:
  CAES:
    cost: 67.2884
    lifetime: 25.1165
    annual_cost: 2.6790516194533476
    efficiency: 0.64314
    discharge_ratio: 0.1
    depth_of_discharge: 0.4
  Li-ion:
    cost: 212.469
    lifetime: 21.1532
    annual_cost: 10.0442958984929
    efficiency: 0.938085
    discharge_ratio: 2
    depth_of_discharge: 0.9
  Pb-acid:
    cost: 62.1035
    lifetime: 17.4244
    annual_cost: 3.56416863708363
    efficiency: 0.739352
    discharge_ratio: 5
    depth_of_discharge: 0.5
  VRBF:
    cost: 240.913
    lifetime: 24.5529
    annual_cost: 9.811997768084423
    efficiency: 0.731287
    discharge_ratio: 0.5
    depth_of_discharge: 1.0
