cost_values:
  wind_capex: 5000.0
  wind_opex: 100
  wind_lifetime: 20
  solar_capex: 1000.0
  solar_opex: 10
  solar_lifetime: 20
  carbon_price: 1.0
timeseries_values:
  load_level: 257298.61017075583
  wind_year: 2011
  solar_year: 2012
  price_year: 2023
  carbon_year: 2023
storage_values:
  CAES:
    cost: 76.1622
    lifetime: 24.6215
    annual_cost: 3.093320878094348
    efficiency: 0.643666
    discharge_ratio: 0.1
    depth_of_discharge: 0.4
  Li-ion:
    cost: 204.441
    lifetime: 20.6251
    annual_cost: 9.912242849731637
    efficiency: 0.926429
    discharge_ratio: 2
    depth_of_discharge: 0.9
  Pb-acid:
    cost: 57.8045
    lifetime: 17.8505
    annual_cost: 3.2382566314669057
    efficiency: 0.736266
    discharge_ratio: 5
    depth_of_discharge: 0.5
  VRBF:
    cost: 219.098
    lifetime: 26.3711
    annual_cost: 8.308261695568255
    efficiency: 0.728328
    discharge_ratio: 0.5
    depth_of_discharge: 1.0
