cost_values:
  wind_capex: 5000.0
  wind_opex: 100
  wind_lifetime: 20
  solar_capex: 1000.0
  solar_opex: 10
  solar_lifetime: 20
  carbon_price: 1.0
timeseries_values:
  load_level: 257298.61017075583
  wind_year: 2011
  solar_year: 2012
  price_year: 2023
  carbon_year: 2023
storage_values:
  CAES:
    cost: 67.045
    lifetime: 24.9146
    annual_cost: 2.690992430141363
    efficiency: 0.648886
    discharge_ratio: 0.1
    depth_of_discharge: 0.4
  Li-ion:
    cost: 239.835
    lifetime: 21.116
    annual_cost: 11.357974995264255
    efficiency: 0.936681
    discharge_ratio: 2
    depth_of_discharge: 0.9
  Pb-acid:
    cost: 72.8243
    lifetime: 16.7853
    annual_cost: 4.33857601591869
    efficiency: 0.727408
    discharge_ratio: 5
    depth_of_discharge: 0.5
  VRBF:
    cost: 273.968
    lifetime: 24.8123
    annual_cost: 11.041620486613494
    efficiency: 0.732179
    discharge_ratio: 0.5
    depth_of_discharge: 1.0
