cost_values:
  wind_capex: 5000.0
  wind_opex: 100
  wind_lifetime: 20
  solar_capex: 1000.0
  solar_opex: 10
  solar_lifetime: 20
  carbon_price: 1.0
timeseries_values:
  load_level: 257298.61017075583
  wind_year: 2011
  solar_year: 2012
  price_year: 2023
  carbon_year: 2023
storage_values:
  CAES:
    cost: 61.364
    lifetime: 24.2379
    annual_cost: 2.531737485508233
    efficiency: 0.645419
    discharge_ratio: 0.1
    depth_of_discharge: 0.4
  Li-ion:
    cost: 215.709
    lifetime: 20.733
    annual_cost: 10.404138330198235
    efficiency: 0.917487
    discharge_ratio: 2
    depth_of_discharge: 0.9
  Pb-acid:
    cost: 67.5045
    lifetime: 16.129
    annual_cost: 4.18528737057474
    efficiency: 0.723133
    discharge_ratio: 5
    depth_of_discharge: 0.5
  VRBF:
    cost: 255.215
    lifetime: 24.1049
    annual_cost: 10.587681342797522
    efficiency: 0.724077
    discharge_ratio: 0.5
    depth_of_discharge: 1.0
