cost_values:
  wind_capex: 5000.0
  wind_opex: 100
  wind_lifetime: 20
  solar_capex: 1000.0
  solar_opex: 10
  solar_lifetime: 20
  carbon_price: 1.0
timeseries_values:
  load_level: 257298.61017075583
  wind_year: 2011
  solar_year: 2012
  price_year: 2023
  carbon_year: 2023
storage_values:
  CAES:
    cost: 67.9914
    lifetime: 25.4516
    annual_cost: 2.6713998334092945
    efficiency: 0.635369
    discharge_ratio: 0.1
    depth_of_discharge: 0.4
  Li-ion:
    cost: 189.155
    lifetime: 22.3303
    annual_cost: 8.470777374240381
    efficiency: 0.901824
    discharge_ratio: 2
    depth_of_discharge: 0.9
  Pb-acid:
    cost: 71.3216
    lifetime: 16.6337
    annual_cost: 4.287777223347782
    efficiency: 0.742921
    discharge_ratio: 5
    depth_of_discharge: 0.5
  VRBF:
    cost: 243.896
    lifetime: 25.4691
    annual_cost: 9.576153063908814
    efficiency: 0.698545
    discharge_ratio: 0.5
    depth_of_discharge: 1.0
