cost_values:
  wind_capex: 5000.0
  wind_opex: 100
  wind_lifetime: 20
  solar_capex: 1000.0
  solar_opex: 10
  solar_lifetime: 20
  carbon_price: 1.0
timeseries_values:
  load_level: 257298.61017075583
  wind_year: 2011
  solar_year: 2012
  price_year: 2023
  carbon_year: 2023
storage_values:
  CAES:
    cost: 69.598
    lifetime: 25.5219
    annual_cost: 2.726991329015473
    efficiency: 0.648112
    discharge_ratio: 0.1
    depth_of_discharge: 0.4
  Li-ion:
    cost: 222.864
    lifetime: 22.6937
    annual_cost: 9.820522876393008
    efficiency: 0.947981
    discharge_ratio: 2
    depth_of_discharge: 0.9
  Pb-acid:
    cost: 80.8628
    lifetime: 17.2732
    annual_cost: 4.681402403723688
    efficiency: 0.727191
    discharge_ratio: 5
    depth_of_discharge: 0.5
  VRBF:
    cost: 269.184
    lifetime: 27.2049
    annual_cost: 9.894688089278036
    efficiency: 0.730535
    discharge_ratio: 0.5
    depth_of_discharge: 1.0
