cost_values:
  wind_capex: 5000.0
  wind_opex: 100
  wind_lifetime: 20
  solar_capex: 1000.0
  solar_opex: 10
  solar_lifetime: 20
  carbon_price: 1.0
timeseries_values:
  load_level: 257298.61017075583
  wind_year: 2011
  solar_year: 2012
  price_year: 2023
  carbon_year: 2023
storage_values:
  CAES:
    cost: 73.5379
    lifetime: 26.2262
    annual_cost: 2.803986090245632
    efficiency: 0.648564
    discharge_ratio: 0.1
    depth_of_discharge: 0.4
  Li-ion:
    cost: 202.612
    lifetime: 16.6545
    annual_cost: 12.165600888648715
    efficiency: 0.930824
    discharge_ratio: 2
    depth_of_discharge: 0.9
  Pb-acid:
    cost: 63.0788
    lifetime: 16.1351
    annual_cost: 3.90941487812285
    efficiency: 0.720524
    discharge_ratio: 5
    depth_of_discharge: 0.5
  VRBF:
    cost: 248.673
    lifetime: 24.7298
    annual_cost: 10.055600934904447
    efficiency: 0.72797
    discharge_ratio: 0.5
    depth_of_discharge: 1.0
