cost_values:
  wind_capex: 5000.0
  wind_opex: 100
  wind_lifetime: 20
  solar_capex: 1000.0
  solar_opex: 10
  solar_lifetime: 20
  carbon_price: 1.0
timeseries_values:
  load_level: 257298.61017075583
  wind_year: 2011
  solar_year: 2012
  price_year: 2023
  carbon_year: 2023
storage_values:
  CAES:
    cost: 60.2867
    lifetime: 24.7669
    annual_cost: 2.4341641465019848
    efficiency: 0.647134
    discharge_ratio: 0.1
    depth_of_discharge: 0.4
  Li-ion:
    cost: 192.598
    lifetime: 18.9023
    annual_cost: 10.189130423281823
    efficiency: 0.925199
    discharge_ratio: 2
    depth_of_discharge: 0.9
  Pb-acid:
    cost: 75.7621
    lifetime: 18.2849
    annual_cost: 4.143424355615836
    efficiency: 0.730709
    discharge_ratio: 5
    depth_of_discharge: 0.5
  VRBF:
    cost: 248.829
    lifetime: 25.7563
    annual_cost: 9.660898498619755
    efficiency: 0.723322
    discharge_ratio: 0.5
    depth_of_discharge: 1.0
