cost_values:
  wind_capex: 5000.0
  wind_opex: 100
  wind_lifetime: 20
  solar_capex: 1000.0
  solar_opex: 10
  solar_lifetime: 20
  carbon_price: 1.0
timeseries_values:
  load_level: 257298.61017075583
  wind_year: 2011
  solar_year: 2012
  price_year: 2023
  carbon_year: 2023
storage_values:
  CAES:
    cost: 63.1294
    lifetime: 25.3416
    annual_cost: 2.491137102629668
    efficiency: 0.649763
    discharge_ratio: 0.1
    depth_of_discharge: 0.4
  Li-ion:
    cost: 207.915
    lifetime: 21.3199
    annual_cost: 9.752156436005796
    efficiency: 0.933039
    discharge_ratio: 2
    depth_of_discharge: 0.9
  Pb-acid:
    cost: 75.9599
    lifetime: 17.9701
    annual_cost: 4.2270159876684055
    efficiency: 0.731756
    discharge_ratio: 5
    depth_of_discharge: 0.5
  VRBF:
    cost: 225.918
    lifetime: 26.0361
    annual_cost: 8.677106018182446
    efficiency: 0.741855
    discharge_ratio: 0.5
    depth_of_discharge: 1.0
