cost_values:
  wind_capex: 5000.0
  wind_opex: 100
  wind_lifetime: 20
  solar_capex: 1000.0
  solar_opex: 10
  solar_lifetime: 20
  carbon_price: 1.0
timeseries_values:
  load_level: 257298.61017075583
  wind_year: 2011
  solar_year: 2012
  price_year: 2023
  carbon_year: 2023
storage_values:
  CAES:
    cost: 70.2754
    lifetime: 25.0736
    annual_cost: 2.8027646608384917
    efficiency: 0.644107
    discharge_ratio: 0.1
    depth_of_discharge: 0.4
  Li-ion:
    cost: 198.623
    lifetime: 21.8802
    annual_cost: 9.07775066041444
    efficiency: 0.924638
    discharge_ratio: 2
    depth_of_discharge: 0.9
  Pb-acid:
    cost: 79.6336
    lifetime: 16.2877
    annual_cost: 4.889186318510287
    efficiency: 0.721022
    discharge_ratio: 5
    depth_of_discharge: 0.5
  VRBF:
    cost: 245.01
    lifetime: 23.5906
    annual_cost: 10.385916424338507
    efficiency: 0.745912
    discharge_ratio: 0.5
    depth_of_discharge: 1.0
