cost_values:
  wind_capex: 5000.0
  wind_opex: 100
  wind_lifetime: 20
  solar_capex: 1000.0
  solar_opex: 10
  solar_lifetime: 20
  carbon_price: 1.0
timeseries_values:
  load_level: 257298.61017075583
  wind_year: 2011
  solar_year: 2012
  price_year: 2023
  carbon_year: 2023
storage_values:
  CAES:
    cost: 69.1573
    lifetime: 25.2543
    annual_cost: 2.7384366226741585
    efficiency: 0.63664
    discharge_ratio: 0.1
    depth_of_discharge: 0.4
  Li-ion:
    cost: 200.836
    lifetime: 21.3073
    annual_cost: 9.425689787068281
    efficiency: 0.92024
    discharge_ratio: 2
    depth_of_discharge: 0.9
  Pb-acid:
    cost: 89.6771
    lifetime: 15.0316
    annual_cost: 5.965905159796695
    efficiency: 0.727904
    discharge_ratio: 5
    depth_of_discharge: 0.5
  VRBF:
    cost: 248.236
    lifetime: 25.3313
    annual_cost: 9.799576018601494
    efficiency: 0.721345
    discharge_ratio: 0.5
    depth_of_discharge: 1.0
