cost_values:
  wind_capex: 5000.0
  wind_opex: 100
  wind_lifetime: 20
  solar_capex: 1000.0
  solar_opex: 10
  solar_lifetime: 20
  carbon_price: 1.0
timeseries_values:
  load_level: 257298.61017075583
  wind_year: 2011
  solar_year: 2012
  price_year: 2023
  carbon_year: 2023
storage_values:
  CAES:
    cost: 69.0633
    lifetime: 25.0877
    annual_cost: 2.7528749147988854
    efficiency: 0.638274
    discharge_ratio: 0.1
    depth_of_discharge: 0.4
  Li-ion:
    cost: 211.569
    lifetime: 19.3597
    annual_cost: 10.928320170250572
    efficiency: 0.914338
    discharge_ratio: 2
    depth_of_discharge: 0.9
  Pb-acid:
    cost: 102.652
    lifetime: 15.9844
    annual_cost: 6.422011461174645
    efficiency: 0.722097
    discharge_ratio: 5
    depth_of_discharge: 0.5
  VRBF:
    cost: 233.416
    lifetime: 26.8255
    annual_cost: 8.70127304244096
    efficiency: 0.717529
    discharge_ratio: 0.5
    depth_of_discharge: 1.0
