cost_values:
  wind_capex: 5000.0
  wind_opex: 100
  wind_lifetime: 20
  solar_capex: 1000.0
  solar_opex: 10
  solar_lifetime: 20
  carbon_price: 1.0
timeseries_values:
  load_level: 257298.61017075583
  wind_year: 2011
  solar_year: 2012
  price_year: 2023
  carbon_year: 2023
storage_values:
  CAES:
    cost: 63.4628
    lifetime: 25.7892
    annual_cost: 2.460828563894964
    efficiency: 0.633764
    discharge_ratio: 0.1
    depth_of_discharge: 0.4
  Li-ion:
    cost: 206.932
    lifetime: 20.6084
    annual_cost: 10.041148269637624
    efficiency: 0.935393
    discharge_ratio: 2
    depth_of_discharge: 0.9
  Pb-acid:
    cost: 72.604
    lifetime: 16.8477
    annual_cost: 4.3094309609026755
    efficiency: 0.726936
    discharge_ratio: 5
    depth_of_discharge: 0.5
  VRBF:
    cost: 257.306
    lifetime: 26.4332
    annual_cost: 9.734197902637591
    efficiency: 0.750763
    discharge_ratio: 0.5
    depth_of_discharge: 1.0
