cost_values:
  wind_capex: 5000.0
  wind_opex: 100
  wind_lifetime: 20
  solar_capex: 1000.0
  solar_opex: 10
  solar_lifetime: 20
  carbon_price: 1.0
timeseries_values:
  load_level: 257298.61017075583
  wind_year: 2011
  solar_year: 2012
  price_year: 2023
  carbon_year: 2023
storage_values:
  CAES:
    cost: 73.8977
    lifetime: 25.8727
    annual_cost: 2.856203643222393
    efficiency: 0.639803
    discharge_ratio: 0.1
    depth_of_discharge: 0.4
  Li-ion:
    cost: 202.056
    lifetime: 19.8074
    annual_cost: 10.201035976453245
    efficiency: 0.933523
    discharge_ratio: 2
    depth_of_discharge: 0.9
  Pb-acid:
    cost: 79.2623
    lifetime: 16.0171
    annual_cost: 4.948604928482684
    efficiency: 0.738052
    discharge_ratio: 5
    depth_of_discharge: 0.5
  VRBF:
    cost: 263.011
    lifetime: 26.2382
    annual_cost: 10.023972681052818
    efficiency: 0.722894
    discharge_ratio: 0.5
    depth_of_discharge: 1.0
