cost_values:
  wind_capex: 5000.0
  wind_opex: 100
  wind_lifetime: 20
  solar_capex: 1000.0
  solar_opex: 10
  solar_lifetime: 20
  carbon_price: 1.0
timeseries_values:
  load_level: 257298.61017075583
  wind_year: 2011
  solar_year: 2012
  price_year: 2023
  carbon_year: 2023
storage_values:
  CAES:
    cost: 73.3393
    lifetime: 25.7407
    annual_cost: 2.8491571713278967
    efficiency: 0.646244
    discharge_ratio: 0.1
    depth_of_discharge: 0.4
  Li-ion:
    cost: 182.888
    lifetime: 19.0722
    annual_cost: 9.589245079225261
    efficiency: 0.920155
    discharge_ratio: 2
    depth_of_discharge: 0.9
  Pb-acid:
    cost: 79.9165
    lifetime: 15.7422
    annual_cost: 5.076577606687756
    efficiency: 0.723464
    discharge_ratio: 5
    depth_of_discharge: 0.5
  VRBF:
    cost: 251.847
    lifetime: 23.8336
    annual_cost: 10.566888762083781
    efficiency: 0.736661
    discharge_ratio: 0.5
    depth_of_discharge: 1.0
