cost_values:
  wind_capex: 5000.0
  wind_opex: 100
  wind_lifetime: 20
  solar_capex: 1000.0
  solar_opex: 10
  solar_lifetime: 20
  carbon_price: 1.0
timeseries_values:
  load_level: 257298.61017075583
  wind_year: 2011
  solar_year: 2012
  price_year: 2023
  carbon_year: 2023
storage_values:
  CAES:
    cost: 70.3907
    lifetime: 25.7691
    annual_cost: 2.731593264801642
    efficiency: 0.646204
    discharge_ratio: 0.1
    depth_of_discharge: 0.4
  Li-ion:
    cost: 208.263
    lifetime: 19.4101
    annual_cost: 10.72962014621254
    efficiency: 0.929393
    discharge_ratio: 2
    depth_of_discharge: 0.9
  Pb-acid:
    cost: 73.3647
    lifetime: 16.5216
    annual_cost: 4.440532393957002
    efficiency: 0.719001
    discharge_ratio: 5
    depth_of_discharge: 0.5
  VRBF:
    cost: 278.113
    lifetime: 24.1821
    annual_cost: 11.500779502193772
    efficiency: 0.743265
    discharge_ratio: 0.5
    depth_of_discharge: 1.0
