cost_values:
  wind_capex: 5000.0
  wind_opex: 100
  wind_lifetime: 20
  solar_capex: 1000.0
  solar_opex: 10
  solar_lifetime: 20
  carbon_price: 1.0
timeseries_values:
  load_level: 257298.61017075583
  wind_year: 2011
  solar_year: 2012
  price_year: 2023
  carbon_year: 2023
storage_values:
  CAES:
    cost: 72.2916
    lifetime: 24.7843
    annual_cost: 2.9168304128016525
    efficiency: 0.642175
    discharge_ratio: 0.1
    depth_of_discharge: 0.4
  Li-ion:
    cost: 214.759
    lifetime: 21.1886
    annual_cost: 10.135591780485731
    efficiency: 0.926347
    discharge_ratio: 2
    depth_of_discharge: 0.9
  Pb-acid:
    cost: 87.3969
    lifetime: 14.8404
    annual_cost: 5.889120239346648
    efficiency: 0.724398
    discharge_ratio: 5
    depth_of_discharge: 0.5
  VRBF:
    cost: 255.986
    lifetime: 26.1433
    annual_cost: 9.791648338197549
    efficiency: 0.721731
    discharge_ratio: 0.5
    depth_of_discharge: 1.0
