cost_values:
  wind_capex: 5000.0
  wind_opex: 100
  wind_lifetime: 20
  solar_capex: 1000.0
  solar_opex: 10
  solar_lifetime: 20
  carbon_price: 1.0
timeseries_values:
  load_level: 257298.61017075583
  wind_year: 2011
  solar_year: 2012
  price_year: 2023
  carbon_year: 2023
storage_values:
  CAES:
    cost: 64.1119
    lifetime: 25.2898
    annual_cost: 2.535089245466552
    efficiency: 0.647575
    discharge_ratio: 0.1
    depth_of_discharge: 0.4
  Li-ion:
    cost: 203.416
    lifetime: 20.5153
    annual_cost: 9.915331484306835
    efficiency: 0.92361
    discharge_ratio: 2
    depth_of_discharge: 0.9
  Pb-acid:
    cost: 59.1019
    lifetime: 17.2572
    annual_cost: 3.424767633219757
    efficiency: 0.712981
    discharge_ratio: 5
    depth_of_discharge: 0.5
  VRBF:
    cost: 263.936
    lifetime: 25.4129
    annual_cost: 10.385906370386692
    efficiency: 0.70877
    discharge_ratio: 0.5
    depth_of_discharge: 1.0
