cost_values:
  wind_capex: 5000.0
  wind_opex: 100
  wind_lifetime: 20
  solar_capex: 1000.0
  solar_opex: 10
  solar_lifetime: 20
  carbon_price: 1.0
timeseries_values:
  load_level: 244651.25050980353
  wind_year: 2015
  solar_year: 2010
  price_year: 2023
  carbon_year: 2023
storage_values:
  CAES:
    cost: 47.7125
    lifetime: 29.6273
    annual_cost: 1.6104234945472586
    efficiency: 0.586127
    discharge_ratio: 0.1
    depth_of_discharge: 0.4
  Li-ion:
    cost: 240.257
    lifetime: 18.9918
    annual_cost: 12.65056498067587
    efficiency: 0.933803
    discharge_ratio: 2
    depth_of_discharge: 0.9
  Pb-acid:
    cost: 153.161
    lifetime: 6.11511
    annual_cost: 25.046319690079166
    efficiency: 0.659655
    discharge_ratio: 5
    depth_of_discharge: 0.5
  VRBF:
    cost: 159.629
    lifetime: 11.9232
    annual_cost: 13.38810050993022
    efficiency: 0.699138
    discharge_ratio: 0.5
    depth_of_discharge: 1.0
