cost_values:
  wind_capex: 5000.0
  wind_opex: 100
  wind_lifetime: 20
  solar_capex: 1000.0
  solar_opex: 10
  solar_lifetime: 20
  carbon_price: 1.0
timeseries_values:
  load_level: 244651.25050980353
  wind_year: 2015
  solar_year: 2010
  price_year: 2023
  carbon_year: 2023
storage_values:
  CAES:
    cost: 54.4483
    lifetime: 28.9389
    annual_cost: 1.8814916945702844
    efficiency: 0.588161
    discharge_ratio: 0.1
    depth_of_discharge: 0.4
  Li-ion:
    cost: 260.254
    lifetime: 16.1584
    annual_cost: 16.106421427864145
    efficiency: 0.94741
    discharge_ratio: 2
    depth_of_discharge: 0.9
  Pb-acid:
    cost: 164.465
    lifetime: 7.56146
    annual_cost: 21.750429149926074
    efficiency: 0.6527
    discharge_ratio: 5
    depth_of_discharge: 0.5
  VRBF:
    cost: 219.1
    lifetime: 15.3684
    annual_cost: 14.256526378803258
    efficiency: 0.679494
    discharge_ratio: 0.5
    depth_of_discharge: 1.0
