cost_values:
  wind_capex: 5000.0
  wind_opex: 100
  wind_lifetime: 20
  solar_capex: 1000.0
  solar_opex: 10
  solar_lifetime: 20
  carbon_price: 1.0
timeseries_values:
  load_level: 244651.25050980353
  wind_year: 2015
  solar_year: 2010
  price_year: 2023
  carbon_year: 2023
storage_values:
  CAES:
    cost: 40.6014
    lifetime: 29.3343
    annual_cost: 1.3840930242071567
    efficiency: 0.59648
    discharge_ratio: 0.1
    depth_of_discharge: 0.4
  Li-ion:
    cost: 227.024
    lifetime: 16.2303
    annual_cost: 13.987665046240673
    efficiency: 0.946668
    discharge_ratio: 2
    depth_of_discharge: 0.9
  Pb-acid:
    cost: 155.862
    lifetime: 5.46282
    annual_cost: 28.53141783913803
    efficiency: 0.657584
    discharge_ratio: 5
    depth_of_discharge: 0.5
  VRBF:
    cost: 149.517
    lifetime: 13.925
    annual_cost: 10.737307001795331
    efficiency: 0.714918
    discharge_ratio: 0.5
    depth_of_discharge: 1.0
