cost_values:
  wind_capex: 5000.0
  wind_opex: 100
  wind_lifetime: 20
  solar_capex: 1000.0
  solar_opex: 10
  solar_lifetime: 20
  carbon_price: 1.0
timeseries_values:
  load_level: 244651.25050980353
  wind_year: 2015
  solar_year: 2010
  price_year: 2023
  carbon_year: 2023
storage_values:
  CAES:
    cost: 49.3057
    lifetime: 29.8367
    annual_cost: 1.6525185426002205
    efficiency: 0.586496
    discharge_ratio: 0.1
    depth_of_discharge: 0.4
  Li-ion:
    cost: 227.326
    lifetime: 15.389
    annual_cost: 14.771979985704075
    efficiency: 0.948703
    discharge_ratio: 2
    depth_of_discharge: 0.9
  Pb-acid:
    cost: 176.249
    lifetime: 6.6192
    annual_cost: 26.62693376843123
    efficiency: 0.656645
    discharge_ratio: 5
    depth_of_discharge: 0.5
  VRBF:
    cost: 160.832
    lifetime: 11.399
    annual_cost: 14.109307834020528
    efficiency: 0.721686
    discharge_ratio: 0.5
    depth_of_discharge: 1.0
