cost_values:
  wind_capex: 5000.0
  wind_opex: 100
  wind_lifetime: 20
  solar_capex: 1000.0
  solar_opex: 10
  solar_lifetime: 20
  carbon_price: 1.0
timeseries_values:
  load_level: 244651.25050980353
  wind_year: 2015
  solar_year: 2010
  price_year: 2023
  carbon_year: 2023
storage_values:
  CAES:
    cost: 41.0404
    lifetime: 29.8853
    annual_cost: 1.373263778513182
    efficiency: 0.598252
    discharge_ratio: 0.1
    depth_of_discharge: 0.4
  Li-ion:
    cost: 242.15
    lifetime: 18.8009
    annual_cost: 12.879702567430284
    efficiency: 0.962499
    discharge_ratio: 2
    depth_of_discharge: 0.9
  Pb-acid:
    cost: 166.094
    lifetime: 7.25244
    annual_cost: 22.901809597873267
    efficiency: 0.658513
    discharge_ratio: 5
    depth_of_discharge: 0.5
  VRBF:
    cost: 164.172
    lifetime: 15.2746
    annual_cost: 10.748039228523169
    efficiency: 0.696663
    discharge_ratio: 0.5
    depth_of_discharge: 1.0
