cost_values:
  wind_capex: 5000.0
  wind_opex: 100
  wind_lifetime: 20
  solar_capex: 1000.0
  solar_opex: 10
  solar_lifetime: 20
  carbon_price: 1.0
timeseries_values:
  load_level: 244651.25050980353
  wind_year: 2015
  solar_year: 2010
  price_year: 2023
  carbon_year: 2023
storage_values:
  CAES:
    cost: 49.848
    lifetime: 28.7
    annual_cost: 1.736864111498258
    efficiency: 0.598903
    discharge_ratio: 0.1
    depth_of_discharge: 0.4
  Li-ion:
    cost: 251.518
    lifetime: 16.9699
    annual_cost: 14.821419100878614
    efficiency: 0.961396
    discharge_ratio: 2
    depth_of_discharge: 0.9
  Pb-acid:
    cost: 175.801
    lifetime: 7.36457
    annual_cost: 23.871183246272356
    efficiency: 0.661381
    discharge_ratio: 5
    depth_of_discharge: 0.5
  VRBF:
    cost: 157.95
    lifetime: 10.1584
    annual_cost: 15.548708458024883
    efficiency: 0.678026
    discharge_ratio: 0.5
    depth_of_discharge: 1.0
