cost_values:
  wind_capex: 5000.0
  wind_opex: 100
  wind_lifetime: 20
  solar_capex: 1000.0
  solar_opex: 10
  solar_lifetime: 20
  carbon_price: 1.0
timeseries_values:
  load_level: 244651.25050980353
  wind_year: 2015
  solar_year: 2010
  price_year: 2023
  carbon_year: 2023
storage_values:
  CAES:
    cost: 51.4112
    lifetime: 29.739
    annual_cost: 1.7287467635091966
    efficiency: 0.602356
    discharge_ratio: 0.1
    depth_of_discharge: 0.4
  Li-ion:
    cost: 257.159
    lifetime: 15.868
    annual_cost: 16.20613813965213
    efficiency: 0.953879
    discharge_ratio: 2
    depth_of_discharge: 0.9
  Pb-acid:
    cost: 162.308
    lifetime: 8.15588
    annual_cost: 19.900734194225514
    efficiency: 0.650617
    discharge_ratio: 5
    depth_of_discharge: 0.5
  VRBF:
    cost: 171.521
    lifetime: 10.5108
    annual_cost: 16.31854854054877
    efficiency: 0.720743
    discharge_ratio: 0.5
    depth_of_discharge: 1.0
