cost_values:
  wind_capex: 5000.0
  wind_opex: 100
  wind_lifetime: 20
  solar_capex: 1000.0
  solar_opex: 10
  solar_lifetime: 20
  carbon_price: 1.0
timeseries_values:
  load_level: 244651.25050980353
  wind_year: 2015
  solar_year: 2010
  price_year: 2023
  carbon_year: 2023
storage_values:
  CAES:
    cost: 51.9162
    lifetime: 29.7951
    annual_cost: 1.7424408711499542
    efficiency: 0.59132
    discharge_ratio: 0.1
    depth_of_discharge: 0.4
  Li-ion:
    cost: 235.554
    lifetime: 15.2467
    annual_cost: 15.449507106455822
    efficiency: 0.955038
    discharge_ratio: 2
    depth_of_discharge: 0.9
  Pb-acid:
    cost: 157.784
    lifetime: 6.98206
    annual_cost: 22.598488125281076
    efficiency: 0.656262
    discharge_ratio: 5
    depth_of_discharge: 0.5
  VRBF:
    cost: 164.306
    lifetime: 14.6657
    annual_cost: 11.20342022542395
    efficiency: 0.688951
    discharge_ratio: 0.5
    depth_of_discharge: 1.0
