cost_values:
  wind_capex: 5000.0
  wind_opex: 100
  wind_lifetime: 20
  solar_capex: 1000.0
  solar_opex: 10
  solar_lifetime: 20
  carbon_price: 1.0
timeseries_values:
  load_level: 244651.25050980353
  wind_year: 2015
  solar_year: 2010
  price_year: 2023
  carbon_year: 2023
storage_values:
  CAES:
    cost: 48.6597
    lifetime: 29.9061
    annual_cost: 1.6270827690671803
    efficiency: 0.589428
    discharge_ratio: 0.1
    depth_of_discharge: 0.4
  Li-ion:
    cost: 260.348
    lifetime: 19.2228
    annual_cost: 13.543708512807708
    efficiency: 0.938695
    discharge_ratio: 2
    depth_of_discharge: 0.9
  Pb-acid:
    cost: 159.331
    lifetime: 6.06679
    annual_cost: 26.262817733925186
    efficiency: 0.658083
    discharge_ratio: 5
    depth_of_discharge: 0.5
  VRBF:
    cost: 198.729
    lifetime: 10.0596
    annual_cost: 19.755159250864846
    efficiency: 0.687278
    discharge_ratio: 0.5
    depth_of_discharge: 1.0
