cost_values:
  wind_capex: 5000.0
  wind_opex: 100
  wind_lifetime: 20
  solar_capex: 1000.0
  solar_opex: 10
  solar_lifetime: 20
  carbon_price: 1.0
timeseries_values:
  load_level: 244651.25050980353
  wind_year: 2015
  solar_year: 2010
  price_year: 2023
  carbon_year: 2023
storage_values:
  CAES:
    cost: 48.9182
    lifetime: 28.9826
    annual_cost: 1.6878471910732644
    efficiency: 0.590492
    discharge_ratio: 0.1
    depth_of_discharge: 0.4
  Li-ion:
    cost: 252.498
    lifetime: 18.3688
    annual_cost: 13.746025869953398
    efficiency: 0.950273
    discharge_ratio: 2
    depth_of_discharge: 0.9
  Pb-acid:
    cost: 176.58
    lifetime: 6.70479
    annual_cost: 26.336395323343464
    efficiency: 0.653805
    discharge_ratio: 5
    depth_of_discharge: 0.5
  VRBF:
    cost: 183.656
    lifetime: 13.2676
    annual_cost: 13.842443245198831
    efficiency: 0.679139
    discharge_ratio: 0.5
    depth_of_discharge: 1.0
