cost_values:
  wind_capex: 5000.0
  wind_opex: 100
  wind_lifetime: 20
  solar_capex: 1000.0
  solar_opex: 10
  solar_lifetime: 20
  carbon_price: 1.0
timeseries_values:
  load_level: 244651.25050980353
  wind_year: 2015
  solar_year: 2010
  price_year: 2023
  carbon_year: 2023
storage_values:
  CAES:
    cost: 49.0238
    lifetime: 29.6419
    annual_cost: 1.6538683417729634
    efficiency: 0.592115
    discharge_ratio: 0.1
    depth_of_discharge: 0.4
  Li-ion:
    cost: 234.702
    lifetime: 18.4056
    annual_cost: 12.75166253748859
    efficiency: 0.944015
    discharge_ratio: 2
    depth_of_discharge: 0.9
  Pb-acid:
    cost: 181.159
    lifetime: 6.77322
    annual_cost: 26.746362882056093
    efficiency: 0.653052
    discharge_ratio: 5
    depth_of_discharge: 0.5
  VRBF:
    cost: 169.525
    lifetime: 11.8874
    annual_cost: 14.26089809377997
    efficiency: 0.682481
    discharge_ratio: 0.5
    depth_of_discharge: 1.0
