cost_values:
  wind_capex: 5000.0
  wind_opex: 100
  wind_lifetime: 20
  solar_capex: 1000.0
  solar_opex: 10
  solar_lifetime: 20
  carbon_price: 1.0
timeseries_values:
  load_level: 244651.25050980353
  wind_year: 2015
  solar_year: 2010
  price_year: 2023
  carbon_year: 2023
storage_values:
  CAES:
    cost: 52.9572
    lifetime: 29.7837
    annual_cost: 1.7780598112390336
    efficiency: 0.581239
    discharge_ratio: 0.1
    depth_of_discharge: 0.4
  Li-ion:
    cost: 244.176
    lifetime: 18.247
    annual_cost: 13.381706581903874
    efficiency: 0.943336
    discharge_ratio: 2
    depth_of_discharge: 0.9
  Pb-acid:
    cost: 141.758
    lifetime: 6.06913
    annual_cost: 23.357219239001306
    efficiency: 0.661987
    discharge_ratio: 5
    depth_of_discharge: 0.5
  VRBF:
    cost: 182.748
    lifetime: 11.4377
    annual_cost: 15.977687821852296
    efficiency: 0.712053
    discharge_ratio: 0.5
    depth_of_discharge: 1.0
