cost_values:
  wind_capex: 5000.0
  wind_opex: 100
  wind_lifetime: 20
  solar_capex: 1000.0
  solar_opex: 10
  solar_lifetime: 20
  carbon_price: 1.0
timeseries_values:
  load_level: 244651.25050980353
  wind_year: 2015
  solar_year: 2010
  price_year: 2023
  carbon_year: 2023
storage_values:
  CAES:
    cost: 49.9328
    lifetime: 28.7434
    annual_cost: 1.7371918423011892
    efficiency: 0.599087
    discharge_ratio: 0.1
    depth_of_discharge: 0.4
  Li-ion:
    cost: 252.263
    lifetime: 19.7649
    annual_cost: 12.763181194946597
    efficiency: 0.953925
    discharge_ratio: 2
    depth_of_discharge: 0.9
  Pb-acid:
    cost: 180.338
    lifetime: 7.17717
    annual_cost: 25.12661675841592
    efficiency: 0.654673
    discharge_ratio: 5
    depth_of_discharge: 0.5
  VRBF:
    cost: 164.579
    lifetime: 14.0988
    annual_cost: 11.673262972735268
    efficiency: 0.695463
    discharge_ratio: 0.5
    depth_of_discharge: 1.0
