cost_values:
  wind_capex: 5000.0
  wind_opex: 100
  wind_lifetime: 20
  solar_capex: 1000.0
  solar_opex: 10
  solar_lifetime: 20
  carbon_price: 1.0
timeseries_values:
  load_level: 244651.25050980353
  wind_year: 2015
  solar_year: 2010
  price_year: 2023
  carbon_year: 2023
storage_values:
  CAES:
    cost: 51.4864
    lifetime: 29.4824
    annual_cost: 1.7463435812552577
    efficiency: 0.596237
    discharge_ratio: 0.1
    depth_of_discharge: 0.4
  Li-ion:
    cost: 231.492
    lifetime: 15.7951
    annual_cost: 14.655937600901545
    efficiency: 0.947331
    discharge_ratio: 2
    depth_of_discharge: 0.9
  Pb-acid:
    cost: 161.09
    lifetime: 8.31958
    annual_cost: 19.362756292985942
    efficiency: 0.650154
    discharge_ratio: 5
    depth_of_discharge: 0.5
  VRBF:
    cost: 157.096
    lifetime: 12.8739
    annual_cost: 12.202673626484593
    efficiency: 0.684723
    discharge_ratio: 0.5
    depth_of_discharge: 1.0
