cost_values:
  wind_capex: 5000.0
  wind_opex: 100
  wind_lifetime: 20
  solar_capex: 1000.0
  solar_opex: 10
  solar_lifetime: 20
  carbon_price: 1.0
timeseries_values:
  load_level: 244651.25050980353
  wind_year: 2015
  solar_year: 2010
  price_year: 2023
  carbon_year: 2023
storage_values:
  CAES:
    cost: 50.4942
    lifetime: 29.3744
    annual_cost: 1.7189866005773733
    efficiency: 0.59831
    discharge_ratio: 0.1
    depth_of_discharge: 0.4
  Li-ion:
    cost: 253.72
    lifetime: 17.4536
    annual_cost: 14.536829078241738
    efficiency: 0.941067
    discharge_ratio: 2
    depth_of_discharge: 0.9
  Pb-acid:
    cost: 157.77
    lifetime: 7.53141
    annual_cost: 20.948268650890075
    efficiency: 0.658113
    discharge_ratio: 5
    depth_of_discharge: 0.5
  VRBF:
    cost: 188.308
    lifetime: 14.873
    annual_cost: 12.661063672426545
    efficiency: 0.681686
    discharge_ratio: 0.5
    depth_of_discharge: 1.0
