cost_values:
  wind_capex: 5000.0
  wind_opex: 100
  wind_lifetime: 20
  solar_capex: 1000.0
  solar_opex: 10
  solar_lifetime: 20
  carbon_price: 1.0
timeseries_values:
  load_level: 244651.25050980353
  wind_year: 2015
  solar_year: 2010
  price_year: 2023
  carbon_year: 2023
storage_values:
  CAES:
    cost: 49.4152
    lifetime: 29.1645
    annual_cost: 1.694361295410516
    efficiency: 0.598647
    discharge_ratio: 0.1
    depth_of_discharge: 0.4
  Li-ion:
    cost: 234.303
    lifetime: 16.8984
    annual_cost: 13.865395540406194
    efficiency: 0.953893
    discharge_ratio: 2
    depth_of_discharge: 0.9
  Pb-acid:
    cost: 187.189
    lifetime: 5.91296
    annual_cost: 31.6574101634376
    efficiency: 0.654762
    discharge_ratio: 5
    depth_of_discharge: 0.5
  VRBF:
    cost: 168.379
    lifetime: 11.3116
    annual_cost: 14.885515753739522
    efficiency: 0.693607
    discharge_ratio: 0.5
    depth_of_discharge: 1.0
