cost_values:
  wind_capex: 5000.0
  wind_opex: 100
  wind_lifetime: 20
  solar_capex: 1000.0
  solar_opex: 10
  solar_lifetime: 20
  carbon_price: 1.0
timeseries_values:
  load_level: 244651.25050980353
  wind_year: 2015
  solar_year: 2010
  price_year: 2023
  carbon_year: 2023
storage_values:
  CAES:
    cost: 44.5632
    lifetime: 29.1288
    annual_cost: 1.5298673477795173
    efficiency: 0.586443
    discharge_ratio: 0.1
    depth_of_discharge: 0.4
  Li-ion:
    cost: 262.133
    lifetime: 18.9433
    annual_cost: 13.837768498624841
    efficiency: 0.938563
    discharge_ratio: 2
    depth_of_discharge: 0.9
  Pb-acid:
    cost: 143.101
    lifetime: 6.34457
    annual_cost: 22.554877635521397
    efficiency: 0.654866
    discharge_ratio: 5
    depth_of_discharge: 0.5
  VRBF:
    cost: 203.008
    lifetime: 12.1688
    annual_cost: 16.68266386167905
    efficiency: 0.697599
    discharge_ratio: 0.5
    depth_of_discharge: 1.0
