cost_values:
  wind_capex: 5000.0
  wind_opex: 100
  wind_lifetime: 20
  solar_capex: 1000.0
  solar_opex: 10
  solar_lifetime: 20
  carbon_price: 1.0
timeseries_values:
  load_level: 244651.25050980353
  wind_year: 2015
  solar_year: 2010
  price_year: 2023
  carbon_year: 2023
storage_values:
  CAES:
    cost: 40.7829
    lifetime: 29.8679
    annual_cost: 1.3654424984682552
    efficiency: 0.598135
    discharge_ratio: 0.1
    depth_of_discharge: 0.4
  Li-ion:
    cost: 235.097
    lifetime: 18.4419
    annual_cost: 12.747981498652525
    efficiency: 0.955492
    discharge_ratio: 2
    depth_of_discharge: 0.9
  Pb-acid:
    cost: 201.492
    lifetime: 7.46287
    annual_cost: 26.99926435808208
    efficiency: 0.655108
    discharge_ratio: 5
    depth_of_discharge: 0.5
  VRBF:
    cost: 158.296
    lifetime: 14.5855
    annual_cost: 10.852970415823934
    efficiency: 0.696572
    discharge_ratio: 0.5
    depth_of_discharge: 1.0
