cost_values:
  wind_capex: 5000.0
  wind_opex: 100
  wind_lifetime: 20
  solar_capex: 1000.0
  solar_opex: 10
  solar_lifetime: 20
  carbon_price: 1.0
timeseries_values:
  load_level: 244651.25050980353
  wind_year: 2015
  solar_year: 2010
  price_year: 2023
  carbon_year: 2023
storage_values:
  CAES:
    cost: 49.6433
    lifetime: 28.913
    annual_cost: 1.716988897727666
    efficiency: 0.589946
    discharge_ratio: 0.1
    depth_of_discharge: 0.4
  Li-ion:
    cost: 253.627
    lifetime: 19.3585
    annual_cost: 13.101583283828809
    efficiency: 0.957916
    discharge_ratio: 2
    depth_of_discharge: 0.9
  Pb-acid:
    cost: 145.111
    lifetime: 8.48831
    annual_cost: 17.095393547125397
    efficiency: 0.650663
    discharge_ratio: 5
    depth_of_discharge: 0.5
  VRBF:
    cost: 176.78
    lifetime: 12.2061
    annual_cost: 14.482922473189635
    efficiency: 0.714195
    discharge_ratio: 0.5
    depth_of_discharge: 1.0
