cost_values:
  wind_capex: 5000.0
  wind_opex: 100
  wind_lifetime: 20
  solar_capex: 1000.0
  solar_opex: 10
  solar_lifetime: 20
  carbon_price: 1.0
timeseries_values:
  load_level: 244651.25050980353
  wind_year: 2015
  solar_year: 2010
  price_year: 2023
  carbon_year: 2023
storage_values:
  CAES:
    cost: 45.7426
    lifetime: 28.1085
    annual_cost: 1.6273582724087021
    efficiency: 0.588738
    discharge_ratio: 0.1
    depth_of_discharge: 0.4
  Li-ion:
    cost: 234.346
    lifetime: 15.3926
    annual_cost: 15.224588438600367
    efficiency: 0.961993
    discharge_ratio: 2
    depth_of_discharge: 0.9
  Pb-acid:
    cost: 160.768
    lifetime: 6.74641
    annual_cost: 23.830155593863996
    efficiency: 0.652569
    discharge_ratio: 5
    depth_of_discharge: 0.5
  VRBF:
    cost: 174.486
    lifetime: 12.0829
    annual_cost: 14.440738564417481
    efficiency: 0.695538
    discharge_ratio: 0.5
    depth_of_discharge: 1.0
