cost_values:
  wind_capex: 5000.0
  wind_opex: 100
  wind_lifetime: 20
  solar_capex: 1000.0
  solar_opex: 10
  solar_lifetime: 20
  carbon_price: 1.0
timeseries_values:
  load_level: 244651.25050980353
  wind_year: 2015
  solar_year: 2010
  price_year: 2023
  carbon_year: 2023
storage_values:
  CAES:
    cost: 48.5313
    lifetime: 29.4383
    annual_cost: 1.648576853962355
    efficiency: 0.585691
    discharge_ratio: 0.1
    depth_of_discharge: 0.4
  Li-ion:
    cost: 239.039
    lifetime: 16.8744
    annual_cost: 14.165777746171713
    efficiency: 0.948034
    discharge_ratio: 2
    depth_of_discharge: 0.9
  Pb-acid:
    cost: 172.616
    lifetime: 5.92169
    annual_cost: 29.149786631856788
    efficiency: 0.655104
    discharge_ratio: 5
    depth_of_discharge: 0.5
  VRBF:
    cost: 154.958
    lifetime: 12.3604
    annual_cost: 12.536649299375425
    efficiency: 0.681349
    discharge_ratio: 0.5
    depth_of_discharge: 1.0
