cost_values:
  wind_capex: 5000.0
  wind_opex: 100
  wind_lifetime: 20
  solar_capex: 1000.0
  solar_opex: 10
  solar_lifetime: 20
  carbon_price: 1.0
timeseries_values:
  load_level: 244651.25050980353
  wind_year: 2015
  solar_year: 2010
  price_year: 2023
  carbon_year: 2023
storage_values:
  CAES:
    cost: 48.2686
    lifetime: 29.4594
    annual_cost: 1.6384787198653061
    efficiency: 0.606346
    discharge_ratio: 0.1
    depth_of_discharge: 0.4
  Li-ion:
    cost: 251.185
    lifetime: 16.7192
    annual_cost: 15.023745155270587
    efficiency: 0.952173
    discharge_ratio: 2
    depth_of_discharge: 0.9
  Pb-acid:
    cost: 152.69
    lifetime: 7.4908
    annual_cost: 20.383670635980135
    efficiency: 0.662957
    discharge_ratio: 5
    depth_of_discharge: 0.5
  VRBF:
    cost: 165.829
    lifetime: 11.2213
    annual_cost: 14.778056018464886
    efficiency: 0.679082
    discharge_ratio: 0.5
    depth_of_discharge: 1.0
