cost_values:
  wind_capex: 5000.0
  wind_opex: 100
  wind_lifetime: 20
  solar_capex: 1000.0
  solar_opex: 10
  solar_lifetime: 20
  carbon_price: 1.0
timeseries_values:
  load_level: 244651.25050980353
  wind_year: 2015
  solar_year: 2010
  price_year: 2023
  carbon_year: 2023
storage_values:
  CAES:
    cost: 48.4487
    lifetime: 29.9835
    annual_cost: 1.6158453816265614
    efficiency: 0.586113
    discharge_ratio: 0.1
    depth_of_discharge: 0.4
  Li-ion:
    cost: 250.159
    lifetime: 18.8922
    annual_cost: 13.241390626819534
    efficiency: 0.953246
    discharge_ratio: 2
    depth_of_discharge: 0.9
  Pb-acid:
    cost: 153.135
    lifetime: 7.91676
    annual_cost: 19.3431403756082
    efficiency: 0.667472
    discharge_ratio: 5
    depth_of_discharge: 0.5
  VRBF:
    cost: 190.69
    lifetime: 12.2659
    annual_cost: 15.54635208178772
    efficiency: 0.674446
    discharge_ratio: 0.5
    depth_of_discharge: 1.0
