cost_values:
  wind_capex: 5000.0
  wind_opex: 100
  wind_lifetime: 20
  solar_capex: 1000.0
  solar_opex: 10
  solar_lifetime: 20
  carbon_price: 1.0
timeseries_values:
  load_level: 244651.25050980353
  wind_year: 2015
  solar_year: 2010
  price_year: 2023
  carbon_year: 2023
storage_values:
  CAES:
    cost: 49.9147
    lifetime: 28.7273
    annual_cost: 1.737535375757555
    efficiency: 0.588532
    discharge_ratio: 0.1
    depth_of_discharge: 0.4
  Li-ion:
    cost: 222.707
    lifetime: 16.5127
    annual_cost: 13.487013026337305
    efficiency: 0.954738
    discharge_ratio: 2
    depth_of_discharge: 0.9
  Pb-acid:
    cost: 159.723
    lifetime: 6.58165
    annual_cost: 24.267926735696978
    efficiency: 0.653374
    discharge_ratio: 5
    depth_of_discharge: 0.5
  VRBF:
    cost: 171.907
    lifetime: 12.5608
    annual_cost: 13.685991338131329
    efficiency: 0.725618
    discharge_ratio: 0.5
    depth_of_discharge: 1.0
