cost_values:
  wind_capex: 5000.0
  wind_opex: 100
  wind_lifetime: 20
  solar_capex: 1000.0
  solar_opex: 10
  solar_lifetime: 20
  carbon_price: 1.0
timeseries_values:
  load_level: 244651.25050980353
  wind_year: 2015
  solar_year: 2010
  price_year: 2023
  carbon_year: 2023
storage_values:
  CAES:
    cost: 43.9457
    lifetime: 29.0806
    annual_cost: 1.5111689579994911
    efficiency: 0.594044
    discharge_ratio: 0.1
    depth_of_discharge: 0.4
  Li-ion:
    cost: 253.321
    lifetime: 17.1876
    annual_cost: 14.73859061183644
    efficiency: 0.949994
    discharge_ratio: 2
    depth_of_discharge: 0.9
  Pb-acid:
    cost: 165.001
    lifetime: 6.7366
    annual_cost: 24.493216162455838
    efficiency: 0.655121
    discharge_ratio: 5
    depth_of_discharge: 0.5
  VRBF:
    cost: 166.299
    lifetime: 11.7783
    annual_cost: 14.119100379511476
    efficiency: 0.715709
    discharge_ratio: 0.5
    depth_of_discharge: 1.0
