cost_values:
  wind_capex: 5000.0
  wind_opex: 100
  wind_lifetime: 20
  solar_capex: 1000.0
  solar_opex: 10
  solar_lifetime: 20
  carbon_price: 1.0
timeseries_values:
  load_level: 244651.25050980353
  wind_year: 2015
  solar_year: 2010
  price_year: 2023
  carbon_year: 2023
storage_values:
  CAES:
    cost: 48.8535
    lifetime: 28.7885
    annual_cost: 1.6969796967539121
    efficiency: 0.575711
    discharge_ratio: 0.1
    depth_of_discharge: 0.4
  Li-ion:
    cost: 242.738
    lifetime: 17.7105
    annual_cost: 13.705880692244714
    efficiency: 0.958557
    discharge_ratio: 2
    depth_of_discharge: 0.9
  Pb-acid:
    cost: 162.706
    lifetime: 7.26908
    annual_cost: 22.383300225062868
    efficiency: 0.654708
    discharge_ratio: 5
    depth_of_discharge: 0.5
  VRBF:
    cost: 180.35
    lifetime: 14.4936
    annual_cost: 12.44342330407904
    efficiency: 0.691714
    discharge_ratio: 0.5
    depth_of_discharge: 1.0
