cost_values:
  wind_capex: 5000.0
  wind_opex: 100
  wind_lifetime: 20
  solar_capex: 1000.0
  solar_opex: 10
  solar_lifetime: 20
  carbon_price: 1.0
timeseries_values:
  load_level: 244651.25050980353
  wind_year: 2015
  solar_year: 2010
  price_year: 2023
  carbon_year: 2023
storage_values:
  CAES:
    cost: 49.1935
    lifetime: 28.3533
    annual_cost: 1.735018498728543
    efficiency: 0.58871
    discharge_ratio: 0.1
    depth_of_discharge: 0.4
  Li-ion:
    cost: 239.521
    lifetime: 15.6579
    annual_cost: 15.297134353904418
    efficiency: 0.971296
    discharge_ratio: 2
    depth_of_discharge: 0.9
  Pb-acid:
    cost: 154.404
    lifetime: 8.45334
    annual_cost: 18.2654430083257
    efficiency: 0.652189
    discharge_ratio: 5
    depth_of_discharge: 0.5
  VRBF:
    cost: 185.754
    lifetime: 11.8033
    annual_cost: 15.737463251802462
    efficiency: 0.67489
    discharge_ratio: 0.5
    depth_of_discharge: 1.0
