cost_values:
  wind_capex: 5000.0
  wind_opex: 100
  wind_lifetime: 20
  solar_capex: 1000.0
  solar_opex: 10
  solar_lifetime: 20
  carbon_price: 1.0
timeseries_values:
  load_level: 244651.25050980353
  wind_year: 2015
  solar_year: 2010
  price_year: 2023
  carbon_year: 2023
storage_values:
  CAES:
    cost: 47.7453
    lifetime: 28.3949
    annual_cost: 1.6814744901373133
    efficiency: 0.597498
    discharge_ratio: 0.1
    depth_of_discharge: 0.4
  Li-ion:
    cost: 248.371
    lifetime: 17.2663
    annual_cost: 14.384726316582013
    efficiency: 0.939382
    discharge_ratio: 2
    depth_of_discharge: 0.9
  Pb-acid:
    cost: 124.055
    lifetime: 8.20295
    annual_cost: 15.123217866743063
    efficiency: 0.65435
    discharge_ratio: 5
    depth_of_discharge: 0.5
  VRBF:
    cost: 174.878
    lifetime: 10.9233
    annual_cost: 16.00963078923036
    efficiency: 0.702326
    discharge_ratio: 0.5
    depth_of_discharge: 1.0
