cost_values:
  wind_capex: 5000.0
  wind_opex: 100
  wind_lifetime: 20
  solar_capex: 1000.0
  solar_opex: 10
  solar_lifetime: 20
  carbon_price: 1.0
timeseries_values:
  load_level: 244651.25050980353
  wind_year: 2015
  solar_year: 2010
  price_year: 2023
  carbon_year: 2023
storage_values:
  CAES:
    cost: 50.8638
    lifetime: 28.7902
    annual_cost: 1.7667053372328083
    efficiency: 0.585584
    discharge_ratio: 0.1
    depth_of_discharge: 0.4
  Li-ion:
    cost: 244.414
    lifetime: 17.3383
    annual_cost: 14.09676842597025
    efficiency: 0.929817
    discharge_ratio: 2
    depth_of_discharge: 0.9
  Pb-acid:
    cost: 165.929
    lifetime: 7.89725
    annual_cost: 21.010984836493716
    efficiency: 0.651395
    discharge_ratio: 5
    depth_of_discharge: 0.5
  VRBF:
    cost: 183.186
    lifetime: 14.3071
    annual_cost: 12.803852632608985
    efficiency: 0.696041
    discharge_ratio: 0.5
    depth_of_discharge: 1.0
