cost_values:
  wind_capex: 5000.0
  wind_opex: 100
  wind_lifetime: 20
  solar_capex: 1000.0
  solar_opex: 10
  solar_lifetime: 20
  carbon_price: 1.0
timeseries_values:
  load_level: 244651.25050980353
  wind_year: 2015
  solar_year: 2010
  price_year: 2023
  carbon_year: 2023
storage_values:
  CAES:
    cost: 52.7629
    lifetime: 28.7955
    annual_cost: 1.8323314406764946
    efficiency: 0.59458
    discharge_ratio: 0.1
    depth_of_discharge: 0.4
  Li-ion:
    cost: 271.117
    lifetime: 16.4514
    annual_cost: 16.479874053272063
    efficiency: 0.954194
    discharge_ratio: 2
    depth_of_discharge: 0.9
  Pb-acid:
    cost: 143.873
    lifetime: 6.31211
    annual_cost: 22.793170587965037
    efficiency: 0.65449
    discharge_ratio: 5
    depth_of_discharge: 0.5
  VRBF:
    cost: 190.314
    lifetime: 11.2929
    annual_cost: 16.852535664001277
    efficiency: 0.689248
    discharge_ratio: 0.5
    depth_of_discharge: 1.0
