cost_values:
  wind_capex: 5000.0
  wind_opex: 100
  wind_lifetime: 20
  solar_capex: 1000.0
  solar_opex: 10
  solar_lifetime: 20
  carbon_price: 1.0
timeseries_values:
  load_level: 244651.25050980353
  wind_year: 2015
  solar_year: 2010
  price_year: 2023
  carbon_year: 2023
storage_values:
  CAES:
    cost: 46.7221
    lifetime: 29.5475
    annual_cost: 1.5812539131906251
    efficiency: 0.596168
    discharge_ratio: 0.1
    depth_of_discharge: 0.4
  Li-ion:
    cost: 232.25
    lifetime: 16.4033
    annual_cost: 14.158736351831642
    efficiency: 0.951456
    discharge_ratio: 2
    depth_of_discharge: 0.9
  Pb-acid:
    cost: 162.263
    lifetime: 8.0869
    annual_cost: 20.064919808579308
    efficiency: 0.657664
    discharge_ratio: 5
    depth_of_discharge: 0.5
  VRBF:
    cost: 188.378
    lifetime: 11.3531
    annual_cost: 16.592648703878236
    efficiency: 0.68806
    discharge_ratio: 0.5
    depth_of_discharge: 1.0
