cost_values:
  wind_capex: 5000.0
  wind_opex: 100
  wind_lifetime: 20
  solar_capex: 1000.0
  solar_opex: 10
  solar_lifetime: 20
  carbon_price: 1.0
timeseries_values:
  load_level: 244651.25050980353
  wind_year: 2015
  solar_year: 2010
  price_year: 2023
  carbon_year: 2023
storage_values:
  CAES:
    cost: 50.8417
    lifetime: 29.7482
    annual_cost: 1.7090681116840682
    efficiency: 0.593872
    discharge_ratio: 0.1
    depth_of_discharge: 0.4
  Li-ion:
    cost: 265.84
    lifetime: 19.453
    annual_cost: 13.665758494833701
    efficiency: 0.952958
    discharge_ratio: 2
    depth_of_discharge: 0.9
  Pb-acid:
    cost: 176.04
    lifetime: 6.66579
    annual_cost: 26.409472845679204
    efficiency: 0.65276
    discharge_ratio: 5
    depth_of_discharge: 0.5
  VRBF:
    cost: 146.626
    lifetime: 11.1866
    annual_cost: 13.10728907800404
    efficiency: 0.688539
    discharge_ratio: 0.5
    depth_of_discharge: 1.0
