cost_values:
  wind_capex: 5000.0
  wind_opex: 100
  wind_lifetime: 20
  solar_capex: 1000.0
  solar_opex: 10
  solar_lifetime: 20
  carbon_price: 1.0
timeseries_values:
  load_level: 244651.25050980353
  wind_year: 2015
  solar_year: 2010
  price_year: 2023
  carbon_year: 2023
storage_values:
  CAES:
    cost: 46.4735
    lifetime: 28.8908
    annual_cost: 1.6085916623977183
    efficiency: 0.588018
    discharge_ratio: 0.1
    depth_of_discharge: 0.4
  Li-ion:
    cost: 244.86
    lifetime: 17.307
    annual_cost: 14.148032587970187
    efficiency: 0.951807
    discharge_ratio: 2
    depth_of_discharge: 0.9
  Pb-acid:
    cost: 158.786
    lifetime: 7.38575
    annual_cost: 21.498967606539622
    efficiency: 0.655547
    discharge_ratio: 5
    depth_of_discharge: 0.5
  VRBF:
    cost: 174.171
    lifetime: 12.9138
    annual_cost: 13.487199739813223
    efficiency: 0.703238
    discharge_ratio: 0.5
    depth_of_discharge: 1.0
