cost_values:
  wind_capex: 5000.0
  wind_opex: 100
  wind_lifetime: 20
  solar_capex: 1000.0
  solar_opex: 10
  solar_lifetime: 20
  carbon_price: 1.0
timeseries_values:
  load_level: 244651.25050980353
  wind_year: 2015
  solar_year: 2010
  price_year: 2023
  carbon_year: 2023
storage_values:
  CAES:
    cost: 45.058
    lifetime: 29.2547
    annual_cost: 1.5401969598047494
    efficiency: 0.589285
    discharge_ratio: 0.1
    depth_of_discharge: 0.4
  Li-ion:
    cost: 259.658
    lifetime: 19.0615
    annual_cost: 13.62211788159379
    efficiency: 0.960906
    discharge_ratio: 2
    depth_of_discharge: 0.9
  Pb-acid:
    cost: 146.506
    lifetime: 7.07433
    annual_cost: 20.70952302196816
    efficiency: 0.650244
    discharge_ratio: 5
    depth_of_discharge: 0.5
  VRBF:
    cost: 224.817
    lifetime: 12.7449
    annual_cost: 17.63976178706777
    efficiency: 0.694653
    discharge_ratio: 0.5
    depth_of_discharge: 1.0
