cost_values:
  wind_capex: 5000.0
  wind_opex: 100
  wind_lifetime: 20
  solar_capex: 1000.0
  solar_opex: 10
  solar_lifetime: 20
  carbon_price: 1.0
timeseries_values:
  load_level: 244651.25050980353
  wind_year: 2015
  solar_year: 2010
  price_year: 2023
  carbon_year: 2023
storage_values:
  CAES:
    cost: 46.2737
    lifetime: 28.5385
    annual_cost: 1.621448219072481
    efficiency: 0.582934
    discharge_ratio: 0.1
    depth_of_discharge: 0.4
  Li-ion:
    cost: 253.703
    lifetime: 15.7467
    annual_cost: 16.111502727555614
    efficiency: 0.950564
    discharge_ratio: 2
    depth_of_discharge: 0.9
  Pb-acid:
    cost: 164.868
    lifetime: 6.04711
    annual_cost: 27.263932688507403
    efficiency: 0.654135
    discharge_ratio: 5
    depth_of_discharge: 0.5
  VRBF:
    cost: 147.715
    lifetime: 14.484
    annual_cost: 10.198494890914112
    efficiency: 0.716459
    discharge_ratio: 0.5
    depth_of_discharge: 1.0
