cost_values:
  wind_capex: 5000.0
  wind_opex: 100
  wind_lifetime: 20
  solar_capex: 1000.0
  solar_opex: 10
  solar_lifetime: 20
  carbon_price: 1.0
timeseries_values:
  load_level: 244651.25050980353
  wind_year: 2015
  solar_year: 2010
  price_year: 2023
  carbon_year: 2023
storage_values:
  CAES:
    cost: 48.6846
    lifetime: 29.7175
    annual_cost: 1.6382468242617987
    efficiency: 0.593276
    discharge_ratio: 0.1
    depth_of_discharge: 0.4
  Li-ion:
    cost: 256.361
    lifetime: 18.0028
    annual_cost: 14.240062656920033
    efficiency: 0.946062
    discharge_ratio: 2
    depth_of_discharge: 0.9
  Pb-acid:
    cost: 153.53
    lifetime: 6.10194
    annual_cost: 25.160850483616688
    efficiency: 0.655024
    discharge_ratio: 5
    depth_of_discharge: 0.5
  VRBF:
    cost: 169.454
    lifetime: 13.369
    annual_cost: 12.675143989827212
    efficiency: 0.696252
    discharge_ratio: 0.5
    depth_of_discharge: 1.0
