cost_values:
  wind_capex: 5000.0
  wind_opex: 100
  wind_lifetime: 20
  solar_capex: 1000.0
  solar_opex: 10
  solar_lifetime: 20
  carbon_price: 1.0
timeseries_values:
  load_level: 244651.25050980353
  wind_year: 2015
  solar_year: 2010
  price_year: 2023
  carbon_year: 2023
storage_values:
  CAES:
    cost: 48.5307
    lifetime: 29.5201
    annual_cost: 1.6439883333728547
    efficiency: 0.589958
    discharge_ratio: 0.1
    depth_of_discharge: 0.4
  Li-ion:
    cost: 249.704
    lifetime: 17.148
    annual_cost: 14.561698157219501
    efficiency: 0.949176
    discharge_ratio: 2
    depth_of_discharge: 0.9
  Pb-acid:
    cost: 136.786
    lifetime: 5.94824
    annual_cost: 22.9960458892042
    efficiency: 0.651937
    discharge_ratio: 5
    depth_of_discharge: 0.5
  VRBF:
    cost: 166.133
    lifetime: 13.133
    annual_cost: 12.650041879235514
    efficiency: 0.67764
    discharge_ratio: 0.5
    depth_of_discharge: 1.0
