cost_values:
  wind_capex: 5000.0
  wind_opex: 100
  wind_lifetime: 20
  solar_capex: 1000.0
  solar_opex: 10
  solar_lifetime: 20
  carbon_price: 1.0
timeseries_values:
  load_level: 244651.25050980353
  wind_year: 2015
  solar_year: 2010
  price_year: 2023
  carbon_year: 2023
storage_values:
  CAES:
    cost: 44.0128
    lifetime: 29.959
    annual_cost: 1.4691011048432858
    efficiency: 0.593529
    discharge_ratio: 0.1
    depth_of_discharge: 0.4
  Li-ion:
    cost: 248.704
    lifetime: 15.7933
    annual_cost: 15.747437204384138
    efficiency: 0.956883
    discharge_ratio: 2
    depth_of_discharge: 0.9
  Pb-acid:
    cost: 137.951
    lifetime: 6.67902
    annual_cost: 20.65437743860626
    efficiency: 0.651028
    discharge_ratio: 5
    depth_of_discharge: 0.5
  VRBF:
    cost: 171.959
    lifetime: 11.8001
    annual_cost: 14.57267311293972
    efficiency: 0.696507
    discharge_ratio: 0.5
    depth_of_discharge: 1.0
