cost_values:
  wind_capex: 5000.0
  wind_opex: 100
  wind_lifetime: 20
  solar_capex: 1000.0
  solar_opex: 10
  solar_lifetime: 20
  carbon_price: 1.0
timeseries_values:
  load_level: 244651.25050980353
  wind_year: 2015
  solar_year: 2010
  price_year: 2023
  carbon_year: 2023
storage_values:
  CAES:
    cost: 50.0545
    lifetime: 29.3093
    annual_cost: 1.7078026428471509
    efficiency: 0.582402
    discharge_ratio: 0.1
    depth_of_discharge: 0.4
  Li-ion:
    cost: 239.711
    lifetime: 16.2885
    annual_cost: 14.716579181631214
    efficiency: 0.960779
    discharge_ratio: 2
    depth_of_discharge: 0.9
  Pb-acid:
    cost: 159.522
    lifetime: 7.17243
    annual_cost: 22.24099782082223
    efficiency: 0.651234
    discharge_ratio: 5
    depth_of_discharge: 0.5
  VRBF:
    cost: 147.732
    lifetime: 12.3302
    annual_cost: 11.981314171708489
    efficiency: 0.725232
    discharge_ratio: 0.5
    depth_of_discharge: 1.0
