cost_values:
  wind_capex: 5000.0
  wind_opex: 100
  wind_lifetime: 20
  solar_capex: 1000.0
  solar_opex: 10
  solar_lifetime: 20
  carbon_price: 1.0
timeseries_values:
  load_level: 273732.75153830554
  wind_year: 2011
  solar_year: 2019
  price_year: 2023
  carbon_year: 2023
storage_values:
  CAES:
    cost: 50.3847
    lifetime: 25.6501
    annual_cost: 1.9643081313523145
    efficiency: 0.585383
    discharge_ratio: 0.1
    depth_of_discharge: 0.4
  Li-ion:
    cost: 234.419
    lifetime: 17.9424
    annual_cost: 13.065086053147851
    efficiency: 0.935445
    discharge_ratio: 2
    depth_of_discharge: 0.9
  Pb-acid:
    cost: 175.065
    lifetime: 9.53574
    annual_cost: 18.358826897545445
    efficiency: 0.747975
    discharge_ratio: 5
    depth_of_discharge: 0.5
  VRBF:
    cost: 210.969
    lifetime: 18.7254
    annual_cost: 11.266461597616072
    efficiency: 0.742409
    discharge_ratio: 0.5
    depth_of_discharge: 1.0
