cost_values:
  wind_capex: 5000.0
  wind_opex: 100
  wind_lifetime: 20
  solar_capex: 1000.0
  solar_opex: 10
  solar_lifetime: 20
  carbon_price: 1.0
timeseries_values:
  load_level: 273732.75153830554
  wind_year: 2011
  solar_year: 2019
  price_year: 2023
  carbon_year: 2023
storage_values:
  CAES:
    cost: 45.1995
    lifetime: 25.6291
    annual_cost: 1.7636007507091547
    efficiency: 0.575914
    discharge_ratio: 0.1
    depth_of_discharge: 0.4
  Li-ion:
    cost: 234.402
    lifetime: 18.7459
    annual_cost: 12.504174246101813
    efficiency: 0.925821
    discharge_ratio: 2
    depth_of_discharge: 0.9
  Pb-acid:
    cost: 164.482
    lifetime: 7.79479
    annual_cost: 21.101530637772154
    efficiency: 0.722879
    discharge_ratio: 5
    depth_of_discharge: 0.5
  VRBF:
    cost: 241.851
    lifetime: 18.7799
    annual_cost: 12.878183589901969
    efficiency: 0.728276
    discharge_ratio: 0.5
    depth_of_discharge: 1.0
