cost_values:
  wind_capex: 5000.0
  wind_opex: 100
  wind_lifetime: 20
  solar_capex: 1000.0
  solar_opex: 10
  solar_lifetime: 20
  carbon_price: 1.0
timeseries_values:
  load_level: 273732.75153830554
  wind_year: 2011
  solar_year: 2019
  price_year: 2023
  carbon_year: 2023
storage_values:
  CAES:
    cost: 38.5066
    lifetime: 25.0045
    annual_cost: 1.5399868023755723
    efficiency: 0.56729
    discharge_ratio: 0.1
    depth_of_discharge: 0.4
  Li-ion:
    cost: 227.077
    lifetime: 18.2464
    annual_cost: 12.445030252542967
    efficiency: 0.923966
    discharge_ratio: 2
    depth_of_discharge: 0.9
  Pb-acid:
    cost: 196.68
    lifetime: 9.07526
    annual_cost: 21.67210636389481
    efficiency: 0.734676
    discharge_ratio: 5
    depth_of_discharge: 0.5
  VRBF:
    cost: 221.02
    lifetime: 19.2101
    annual_cost: 11.505406010379957
    efficiency: 0.753396
    discharge_ratio: 0.5
    depth_of_discharge: 1.0
