cost_values:
  wind_capex: 5000.0
  wind_opex: 100
  wind_lifetime: 20
  solar_capex: 1000.0
  solar_opex: 10
  solar_lifetime: 20
  carbon_price: 1.0
timeseries_values:
  load_level: 273732.75153830554
  wind_year: 2011
  solar_year: 2019
  price_year: 2023
  carbon_year: 2023
storage_values:
  CAES:
    cost: 44.4602
    lifetime: 24.7658
    annual_cost: 1.7952256741151105
    efficiency: 0.583971
    discharge_ratio: 0.1
    depth_of_discharge: 0.4
  Li-ion:
    cost: 255.736
    lifetime: 16.0452
    annual_cost: 15.93847381148256
    efficiency: 0.897742
    discharge_ratio: 2
    depth_of_discharge: 0.9
  Pb-acid:
    cost: 179.142
    lifetime: 7.143
    annual_cost: 25.07937841243175
    efficiency: 0.72485
    discharge_ratio: 5
    depth_of_discharge: 0.5
  VRBF:
    cost: 188.033
    lifetime: 20.2665
    annual_cost: 9.27802037845706
    efficiency: 0.763585
    discharge_ratio: 0.5
    depth_of_discharge: 1.0
