cost_values:
  wind_capex: 5000.0
  wind_opex: 100
  wind_lifetime: 20
  solar_capex: 1000.0
  solar_opex: 10
  solar_lifetime: 20
  carbon_price: 1.0
timeseries_values:
  load_level: 273732.75153830554
  wind_year: 2011
  solar_year: 2019
  price_year: 2023
  carbon_year: 2023
storage_values:
  CAES:
    cost: 45.3076
    lifetime: 25.6838
    annual_cost: 1.7640536057748464
    efficiency: 0.573529
    discharge_ratio: 0.1
    depth_of_discharge: 0.4
  Li-ion:
    cost: 228.777
    lifetime: 15.2158
    annual_cost: 15.035489425465634
    efficiency: 0.919336
    discharge_ratio: 2
    depth_of_discharge: 0.9
  Pb-acid:
    cost: 177.04
    lifetime: 7.789
    annual_cost: 22.729490306842983
    efficiency: 0.740511
    discharge_ratio: 5
    depth_of_discharge: 0.5
  VRBF:
    cost: 214.272
    lifetime: 19.6668
    annual_cost: 10.895112575507962
    efficiency: 0.752393
    discharge_ratio: 0.5
    depth_of_discharge: 1.0
