cost_values:
  wind_capex: 5000.0
  wind_opex: 100
  wind_lifetime: 20
  solar_capex: 1000.0
  solar_opex: 10
  solar_lifetime: 20
  carbon_price: 1.0
timeseries_values:
  load_level: 273732.75153830554
  wind_year: 2011
  solar_year: 2019
  price_year: 2023
  carbon_year: 2023
storage_values:
  CAES:
    cost: 51.4492
    lifetime: 24.9942
    annual_cost: 2.058445559369774
    efficiency: 0.575535
    discharge_ratio: 0.1
    depth_of_discharge: 0.4
  Li-ion:
    cost: 241.34
    lifetime: 17.8614
    annual_cost: 13.511818782402276
    efficiency: 0.936973
    discharge_ratio: 2
    depth_of_discharge: 0.9
  Pb-acid:
    cost: 171.326
    lifetime: 8.08406
    annual_cost: 21.193063881267584
    efficiency: 0.725082
    discharge_ratio: 5
    depth_of_discharge: 0.5
  VRBF:
    cost: 179.333
    lifetime: 19.6558
    annual_cost: 9.12366833199361
    efficiency: 0.743564
    discharge_ratio: 0.5
    depth_of_discharge: 1.0
