cost_values:
  wind_capex: 5000.0
  wind_opex: 100
  wind_lifetime: 20
  solar_capex: 1000.0
  solar_opex: 10
  solar_lifetime: 20
  carbon_price: 1.0
timeseries_values:
  load_level: 273732.75153830554
  wind_year: 2011
  solar_year: 2019
  price_year: 2023
  carbon_year: 2023
storage_values:
  CAES:
    cost: 41.4309
    lifetime: 24.7887
    annual_cost: 1.671362354621259
    efficiency: 0.590744
    discharge_ratio: 0.1
    depth_of_discharge: 0.4
  Li-ion:
    cost: 240.209
    lifetime: 17.2181
    annual_cost: 13.950958584280496
    efficiency: 0.91598
    discharge_ratio: 2
    depth_of_discharge: 0.9
  Pb-acid:
    cost: 174.236
    lifetime: 9.71478
    annual_cost: 17.935146241088322
    efficiency: 0.719517
    discharge_ratio: 5
    depth_of_discharge: 0.5
  VRBF:
    cost: 220.433
    lifetime: 19.0342
    annual_cost: 11.580891237877085
    efficiency: 0.735037
    discharge_ratio: 0.5
    depth_of_discharge: 1.0
