cost_values:
  wind_capex: 5000.0
  wind_opex: 100
  wind_lifetime: 20
  solar_capex: 1000.0
  solar_opex: 10
  solar_lifetime: 20
  carbon_price: 1.0
timeseries_values:
  load_level: 273732.75153830554
  wind_year: 2011
  solar_year: 2019
  price_year: 2023
  carbon_year: 2023
storage_values:
  CAES:
    cost: 45.6124
    lifetime: 24.7076
    annual_cost: 1.8460878434166006
    efficiency: 0.572446
    discharge_ratio: 0.1
    depth_of_discharge: 0.4
  Li-ion:
    cost: 246.603
    lifetime: 15.2101
    annual_cost: 16.213108395079587
    efficiency: 0.921602
    discharge_ratio: 2
    depth_of_discharge: 0.9
  Pb-acid:
    cost: 172.204
    lifetime: 9.00619
    annual_cost: 19.12062703540565
    efficiency: 0.749779
    discharge_ratio: 5
    depth_of_discharge: 0.5
  VRBF:
    cost: 200.64
    lifetime: 19.074
    annual_cost: 10.51903114186851
    efficiency: 0.72861
    discharge_ratio: 0.5
    depth_of_discharge: 1.0
