cost_values:
  wind_capex: 5000.0
  wind_opex: 100
  wind_lifetime: 20
  solar_capex: 1000.0
  solar_opex: 10
  solar_lifetime: 20
  carbon_price: 1.0
timeseries_values:
  load_level: 273732.75153830554
  wind_year: 2011
  solar_year: 2019
  price_year: 2023
  carbon_year: 2023
storage_values:
  CAES:
    cost: 42.4508
    lifetime: 25.2593
    annual_cost: 1.6806008084151185
    efficiency: 0.576938
    discharge_ratio: 0.1
    depth_of_discharge: 0.4
  Li-ion:
    cost: 233.489
    lifetime: 17.4924
    annual_cost: 13.348025428185956
    efficiency: 0.92748
    discharge_ratio: 2
    depth_of_discharge: 0.9
  Pb-acid:
    cost: 194.999
    lifetime: 7.7123
    annual_cost: 25.284156477315456
    efficiency: 0.730149
    discharge_ratio: 5
    depth_of_discharge: 0.5
  VRBF:
    cost: 202.805
    lifetime: 19.9806
    annual_cost: 10.150095592724943
    efficiency: 0.754093
    discharge_ratio: 0.5
    depth_of_discharge: 1.0
