cost_values:
  wind_capex: 5000.0
  wind_opex: 100
  wind_lifetime: 20
  solar_capex: 1000.0
  solar_opex: 10
  solar_lifetime: 20
  carbon_price: 1.0
timeseries_values:
  load_level: 273732.75153830554
  wind_year: 2011
  solar_year: 2019
  price_year: 2023
  carbon_year: 2023
storage_values:
  CAES:
    cost: 42.8499
    lifetime: 25.2808
    annual_cost: 1.694958229169963
    efficiency: 0.577337
    discharge_ratio: 0.1
    depth_of_discharge: 0.4
  Li-ion:
    cost: 208.824
    lifetime: 16.5908
    annual_cost: 12.586734816886466
    efficiency: 0.917979
    discharge_ratio: 2
    depth_of_discharge: 0.9
  Pb-acid:
    cost: 160.219
    lifetime: 7.41523
    annual_cost: 21.606747194625115
    efficiency: 0.743313
    discharge_ratio: 5
    depth_of_discharge: 0.5
  VRBF:
    cost: 177.945
    lifetime: 20.2726
    annual_cost: 8.77761115989069
    efficiency: 0.739831
    discharge_ratio: 0.5
    depth_of_discharge: 1.0
