cost_values:
  wind_capex: 5000.0
  wind_opex: 100
  wind_lifetime: 20
  solar_capex: 1000.0
  solar_opex: 10
  solar_lifetime: 20
  carbon_price: 1.0
timeseries_values:
  load_level: 273732.75153830554
  wind_year: 2011
  solar_year: 2019
  price_year: 2023
  carbon_year: 2023
storage_values:
  CAES:
    cost: 52.9126
    lifetime: 25.1428
    annual_cost: 2.104483192007254
    efficiency: 0.573085
    discharge_ratio: 0.1
    depth_of_discharge: 0.4
  Li-ion:
    cost: 241.655
    lifetime: 18.1079
    annual_cost: 13.34528023680272
    efficiency: 0.932504
    discharge_ratio: 2
    depth_of_discharge: 0.9
  Pb-acid:
    cost: 177.817
    lifetime: 9.48008
    annual_cost: 18.756909224394732
    efficiency: 0.734527
    discharge_ratio: 5
    depth_of_discharge: 0.5
  VRBF:
    cost: 224.974
    lifetime: 18.6904
    annual_cost: 12.036874545221075
    efficiency: 0.749048
    discharge_ratio: 0.5
    depth_of_discharge: 1.0
