cost_values:
  wind_capex: 5000.0
  wind_opex: 100
  wind_lifetime: 20
  solar_capex: 1000.0
  solar_opex: 10
  solar_lifetime: 20
  carbon_price: 1.0
timeseries_values:
  load_level: 273732.75153830554
  wind_year: 2011
  solar_year: 2019
  price_year: 2023
  carbon_year: 2023
storage_values:
  CAES:
    cost: 42.8878
    lifetime: 26.704
    annual_cost: 1.606044038346315
    efficiency: 0.583971
    discharge_ratio: 0.1
    depth_of_discharge: 0.4
  Li-ion:
    cost: 248.171
    lifetime: 16.2674
    annual_cost: 15.25572617627894
    efficiency: 0.933524
    discharge_ratio: 2
    depth_of_discharge: 0.9
  Pb-acid:
    cost: 176.198
    lifetime: 9.27337
    annual_cost: 19.000428107581172
    efficiency: 0.746847
    discharge_ratio: 5
    depth_of_discharge: 0.5
  VRBF:
    cost: 205.133
    lifetime: 20.554
    annual_cost: 9.980198501508223
    efficiency: 0.738244
    discharge_ratio: 0.5
    depth_of_discharge: 1.0
