cost_values:
  wind_capex: 5000.0
  wind_opex: 100
  wind_lifetime: 20
  solar_capex: 1000.0
  solar_opex: 10
  solar_lifetime: 20
  carbon_price: 1.0
timeseries_values:
  load_level: 273732.75153830554
  wind_year: 2011
  solar_year: 2019
  price_year: 2023
  carbon_year: 2023
storage_values:
  CAES:
    cost: 42.8023
    lifetime: 25.6924
    annual_cost: 1.6659517989755728
    efficiency: 0.581284
    discharge_ratio: 0.1
    depth_of_discharge: 0.4
  Li-ion:
    cost: 218.85
    lifetime: 17.6264
    annual_cost: 12.416035038351563
    efficiency: 0.932581
    discharge_ratio: 2
    depth_of_discharge: 0.9
  Pb-acid:
    cost: 200.541
    lifetime: 8.75243
    annual_cost: 22.91260826993189
    efficiency: 0.763105
    discharge_ratio: 5
    depth_of_discharge: 0.5
  VRBF:
    cost: 222.203
    lifetime: 20.4228
    annual_cost: 10.880143760894686
    efficiency: 0.739364
    discharge_ratio: 0.5
    depth_of_discharge: 1.0
