cost_values:
  wind_capex: 5000.0
  wind_opex: 100
  wind_lifetime: 20
  solar_capex: 1000.0
  solar_opex: 10
  solar_lifetime: 20
  carbon_price: 1.0
timeseries_values:
  load_level: 273732.75153830554
  wind_year: 2011
  solar_year: 2019
  price_year: 2023
  carbon_year: 2023
storage_values:
  CAES:
    cost: 54.599
    lifetime: 25.1961
    annual_cost: 2.1669623473474067
    efficiency: 0.578447
    discharge_ratio: 0.1
    depth_of_discharge: 0.4
  Li-ion:
    cost: 234.467
    lifetime: 18.2769
    annual_cost: 12.828597847556205
    efficiency: 0.923841
    discharge_ratio: 2
    depth_of_discharge: 0.9
  Pb-acid:
    cost: 185.713
    lifetime: 8.94568
    annual_cost: 20.760076372058915
    efficiency: 0.751926
    discharge_ratio: 5
    depth_of_discharge: 0.5
  VRBF:
    cost: 215.066
    lifetime: 18.6571
    annual_cost: 11.527300598699691
    efficiency: 0.735839
    discharge_ratio: 0.5
    depth_of_discharge: 1.0
