cost_values:
  wind_capex: 5000.0
  wind_opex: 100
  wind_lifetime: 20
  solar_capex: 1000.0
  solar_opex: 10
  solar_lifetime: 20
  carbon_price: 1.0
timeseries_values:
  load_level: 273732.75153830554
  wind_year: 2011
  solar_year: 2019
  price_year: 2023
  carbon_year: 2023
storage_values:
  CAES:
    cost: 41.6943
    lifetime: 25.3473
    annual_cost: 1.64492076079109
    efficiency: 0.595257
    discharge_ratio: 0.1
    depth_of_discharge: 0.4
  Li-ion:
    cost: 219.486
    lifetime: 16.3572
    annual_cost: 13.41831120240628
    efficiency: 0.927488
    discharge_ratio: 2
    depth_of_discharge: 0.9
  Pb-acid:
    cost: 190.073
    lifetime: 7.82788
    annual_cost: 24.281542384400375
    efficiency: 0.758458
    discharge_ratio: 5
    depth_of_discharge: 0.5
  VRBF:
    cost: 210.435
    lifetime: 18.4002
    annual_cost: 11.43656047216878
    efficiency: 0.741711
    discharge_ratio: 0.5
    depth_of_discharge: 1.0
