cost_values:
  wind_capex: 5000.0
  wind_opex: 100
  wind_lifetime: 20
  solar_capex: 1000.0
  solar_opex: 10
  solar_lifetime: 20
  carbon_price: 1.0
timeseries_values:
  load_level: 273732.75153830554
  wind_year: 2011
  solar_year: 2019
  price_year: 2023
  carbon_year: 2023
storage_values:
  CAES:
    cost: 41.6861
    lifetime: 25.0251
    annual_cost: 1.6657715653483904
    efficiency: 0.583998
    discharge_ratio: 0.1
    depth_of_discharge: 0.4
  Li-ion:
    cost: 224.386
    lifetime: 15.5289
    annual_cost: 14.449574664013548
    efficiency: 0.91074
    discharge_ratio: 2
    depth_of_discharge: 0.9
  Pb-acid:
    cost: 177.541
    lifetime: 8.9652
    annual_cost: 19.80335073394905
    efficiency: 0.729072
    discharge_ratio: 5
    depth_of_discharge: 0.5
  VRBF:
    cost: 193.955
    lifetime: 19.7308
    annual_cost: 9.830062643177166
    efficiency: 0.746527
    discharge_ratio: 0.5
    depth_of_discharge: 1.0
