cost_values:
  wind_capex: 5000.0
  wind_opex: 100
  wind_lifetime: 20
  solar_capex: 1000.0
  solar_opex: 10
  solar_lifetime: 20
  carbon_price: 1.0
timeseries_values:
  load_level: 273732.75153830554
  wind_year: 2011
  solar_year: 2019
  price_year: 2023
  carbon_year: 2023
storage_values:
  CAES:
    cost: 44.1464
    lifetime: 24.4064
    annual_cost: 1.8088042480660809
    efficiency: 0.58098
    discharge_ratio: 0.1
    depth_of_discharge: 0.4
  Li-ion:
    cost: 200.316
    lifetime: 15.4954
    annual_cost: 12.927449436606993
    efficiency: 0.920974
    discharge_ratio: 2
    depth_of_discharge: 0.9
  Pb-acid:
    cost: 170.5
    lifetime: 7.26214
    annual_cost: 23.477927993676797
    efficiency: 0.74604
    discharge_ratio: 5
    depth_of_discharge: 0.5
  VRBF:
    cost: 204.749
    lifetime: 18.9897
    annual_cost: 10.782108195495454
    efficiency: 0.728744
    discharge_ratio: 0.5
    depth_of_discharge: 1.0
