cost_values:
  wind_capex: 5000.0
  wind_opex: 100
  wind_lifetime: 20
  solar_capex: 1000.0
  solar_opex: 10
  solar_lifetime: 20
  carbon_price: 1.0
timeseries_values:
  load_level: 273732.75153830554
  wind_year: 2011
  solar_year: 2019
  price_year: 2023
  carbon_year: 2023
storage_values:
  CAES:
    cost: 45.5779
    lifetime: 24.8862
    annual_cost: 1.8314527730227999
    efficiency: 0.572424
    discharge_ratio: 0.1
    depth_of_discharge: 0.4
  Li-ion:
    cost: 239.539
    lifetime: 18.3292
    annual_cost: 13.06871003644458
    efficiency: 0.941135
    discharge_ratio: 2
    depth_of_discharge: 0.9
  Pb-acid:
    cost: 192.132
    lifetime: 9.69839
    annual_cost: 19.8107108499452
    efficiency: 0.734088
    discharge_ratio: 5
    depth_of_discharge: 0.5
  VRBF:
    cost: 232.316
    lifetime: 18.094
    annual_cost: 12.839394274345086
    efficiency: 0.752837
    discharge_ratio: 0.5
    depth_of_discharge: 1.0
