cost_values:
  wind_capex: 5000.0
  wind_opex: 100
  wind_lifetime: 20
  solar_capex: 1000.0
  solar_opex: 10
  solar_lifetime: 20
  carbon_price: 1.0
timeseries_values:
  load_level: 273732.75153830554
  wind_year: 2011
  solar_year: 2019
  price_year: 2023
  carbon_year: 2023
storage_values:
  CAES:
    cost: 50.8679
    lifetime: 24.2521
    annual_cost: 2.0974637247908428
    efficiency: 0.574327
    discharge_ratio: 0.1
    depth_of_discharge: 0.4
  Li-ion:
    cost: 248.558
    lifetime: 17.1929
    annual_cost: 14.457014232619278
    efficiency: 0.926162
    discharge_ratio: 2
    depth_of_discharge: 0.9
  Pb-acid:
    cost: 181.208
    lifetime: 8.16535
    annual_cost: 22.19231263816003
    efficiency: 0.728763
    discharge_ratio: 5
    depth_of_discharge: 0.5
  VRBF:
    cost: 178.534
    lifetime: 17.0881
    annual_cost: 10.447855525190043
    efficiency: 0.744555
    discharge_ratio: 0.5
    depth_of_discharge: 1.0
