cost_values:
  wind_capex: 5000.0
  wind_opex: 100
  wind_lifetime: 20
  solar_capex: 1000.0
  solar_opex: 10
  solar_lifetime: 20
  carbon_price: 1.0
timeseries_values:
  load_level: 273732.75153830554
  wind_year: 2011
  solar_year: 2019
  price_year: 2023
  carbon_year: 2023
storage_values:
  CAES:
    cost: 44.2242
    lifetime: 23.2931
    annual_cost: 1.8985965801031208
    efficiency: 0.576087
    discharge_ratio: 0.1
    depth_of_discharge: 0.4
  Li-ion:
    cost: 224.565
    lifetime: 16.5435
    annual_cost: 13.574213437301658
    efficiency: 0.907691
    discharge_ratio: 2
    depth_of_discharge: 0.9
  Pb-acid:
    cost: 153.909
    lifetime: 8.42354
    annual_cost: 18.2712968656883
    efficiency: 0.743885
    discharge_ratio: 5
    depth_of_discharge: 0.5
  VRBF:
    cost: 184.837
    lifetime: 19.1814
    annual_cost: 9.636262212351548
    efficiency: 0.730034
    discharge_ratio: 0.5
    depth_of_discharge: 1.0
