cost_values:
  wind_capex: 5000.0
  wind_opex: 100
  wind_lifetime: 20
  solar_capex: 1000.0
  solar_opex: 10
  solar_lifetime: 20
  carbon_price: 1.0
timeseries_values:
  load_level: 273732.75153830554
  wind_year: 2011
  solar_year: 2019
  price_year: 2023
  carbon_year: 2023
storage_values:
  CAES:
    cost: 41.2314
    lifetime: 24.7466
    annual_cost: 1.6661440359483726
    efficiency: 0.579204
    discharge_ratio: 0.1
    depth_of_discharge: 0.4
  Li-ion:
    cost: 246.882
    lifetime: 16.0272
    annual_cost: 15.4039383048817
    efficiency: 0.91316
    discharge_ratio: 2
    depth_of_discharge: 0.9
  Pb-acid:
    cost: 167.922
    lifetime: 5.01325
    annual_cost: 33.495636563107766
    efficiency: 0.75492
    discharge_ratio: 5
    depth_of_discharge: 0.5
  VRBF:
    cost: 203.643
    lifetime: 20.7268
    annual_cost: 9.825105660304533
    efficiency: 0.738177
    discharge_ratio: 0.5
    depth_of_discharge: 1.0
