cost_values:
  wind_capex: 5000.0
  wind_opex: 100
  wind_lifetime: 20
  solar_capex: 1000.0
  solar_opex: 10
  solar_lifetime: 20
  carbon_price: 1.0
timeseries_values:
  load_level: 273732.75153830554
  wind_year: 2011
  solar_year: 2019
  price_year: 2023
  carbon_year: 2023
storage_values:
  CAES:
    cost: 42.6163
    lifetime: 24.9958
    annual_cost: 1.7049384296561825
    efficiency: 0.583912
    discharge_ratio: 0.1
    depth_of_discharge: 0.4
  Li-ion:
    cost: 260.289
    lifetime: 16.6762
    annual_cost: 15.608411988342667
    efficiency: 0.926312
    discharge_ratio: 2
    depth_of_discharge: 0.9
  Pb-acid:
    cost: 182.931
    lifetime: 8.75952
    annual_cost: 20.88367855772919
    efficiency: 0.725051
    discharge_ratio: 5
    depth_of_discharge: 0.5
  VRBF:
    cost: 198.458
    lifetime: 20.621
    annual_cost: 9.624072547403133
    efficiency: 0.746314
    discharge_ratio: 0.5
    depth_of_discharge: 1.0
