cost_values:
  wind_capex: 5000.0
  wind_opex: 100
  wind_lifetime: 20
  solar_capex: 1000.0
  solar_opex: 10
  solar_lifetime: 20
  carbon_price: 1.0
timeseries_values:
  load_level: 273732.75153830554
  wind_year: 2011
  solar_year: 2019
  price_year: 2023
  carbon_year: 2023
storage_values:
  CAES:
    cost: 38.3973
    lifetime: 25.5266
    annual_cost: 1.5042073758354033
    efficiency: 0.58011
    discharge_ratio: 0.1
    depth_of_discharge: 0.4
  Li-ion:
    cost: 234.701
    lifetime: 15.276
    annual_cost: 15.364035087719298
    efficiency: 0.923961
    discharge_ratio: 2
    depth_of_discharge: 0.9
  Pb-acid:
    cost: 182.692
    lifetime: 7.52702
    annual_cost: 24.27149124088949
    efficiency: 0.75515
    discharge_ratio: 5
    depth_of_discharge: 0.5
  VRBF:
    cost: 224.364
    lifetime: 18.8503
    annual_cost: 11.902410041219502
    efficiency: 0.744789
    discharge_ratio: 0.5
    depth_of_discharge: 1.0
