cost_values:
  wind_capex: 5000.0
  wind_opex: 100
  wind_lifetime: 20
  solar_capex: 1000.0
  solar_opex: 10
  solar_lifetime: 20
  carbon_price: 1.0
timeseries_values:
  load_level: 273732.75153830554
  wind_year: 2011
  solar_year: 2019
  price_year: 2023
  carbon_year: 2023
storage_values:
  CAES:
    cost: 48.6218
    lifetime: 25.2663
    annual_cost: 1.9243735727035616
    efficiency: 0.589681
    discharge_ratio: 0.1
    depth_of_discharge: 0.4
  Li-ion:
    cost: 223.064
    lifetime: 15.7633
    annual_cost: 14.150844049152145
    efficiency: 0.931396
    discharge_ratio: 2
    depth_of_discharge: 0.9
  Pb-acid:
    cost: 189.238
    lifetime: 7.59541
    annual_cost: 24.914784060373304
    efficiency: 0.742747
    discharge_ratio: 5
    depth_of_discharge: 0.5
  VRBF:
    cost: 215.583
    lifetime: 20.3822
    annual_cost: 10.577023088773537
    efficiency: 0.746368
    discharge_ratio: 0.5
    depth_of_discharge: 1.0
