cost_values:
  wind_capex: 5000.0
  wind_opex: 100
  wind_lifetime: 20
  solar_capex: 1000.0
  solar_opex: 10
  solar_lifetime: 20
  carbon_price: 1.0
timeseries_values:
  load_level: 273732.75153830554
  wind_year: 2011
  solar_year: 2019
  price_year: 2023
  carbon_year: 2023
storage_values:
  CAES:
    cost: 44.7083
    lifetime: 24.1731
    annual_cost: 1.8495062693655344
    efficiency: 0.568321
    discharge_ratio: 0.1
    depth_of_discharge: 0.4
  Li-ion:
    cost: 223.55
    lifetime: 18.1198
    annual_cost: 12.337332641640636
    efficiency: 0.922602
    discharge_ratio: 2
    depth_of_discharge: 0.9
  Pb-acid:
    cost: 171.377
    lifetime: 8.53673
    annual_cost: 20.075251296456607
    efficiency: 0.732622
    discharge_ratio: 5
    depth_of_discharge: 0.5
  VRBF:
    cost: 194.683
    lifetime: 19.1635
    annual_cost: 10.159052365173377
    efficiency: 0.735777
    discharge_ratio: 0.5
    depth_of_discharge: 1.0
