cost_values:
  wind_capex: 5000.0
  wind_opex: 100
  wind_lifetime: 20
  solar_capex: 1000.0
  solar_opex: 10
  solar_lifetime: 20
  carbon_price: 1.0
timeseries_values:
  load_level: 273732.75153830554
  wind_year: 2011
  solar_year: 2019
  price_year: 2023
  carbon_year: 2023
storage_values:
  CAES:
    cost: 51.4842
    lifetime: 25.2499
    annual_cost: 2.038986293015022
    efficiency: 0.573358
    discharge_ratio: 0.1
    depth_of_discharge: 0.4
  Li-ion:
    cost: 224.718
    lifetime: 16.0184
    annual_cost: 14.028741946761224
    efficiency: 0.912654
    discharge_ratio: 2
    depth_of_discharge: 0.9
  Pb-acid:
    cost: 181.275
    lifetime: 7.11046
    annual_cost: 25.494131181386297
    efficiency: 0.747698
    discharge_ratio: 5
    depth_of_discharge: 0.5
  VRBF:
    cost: 203.132
    lifetime: 18.5179
    annual_cost: 10.969494381112328
    efficiency: 0.747641
    discharge_ratio: 0.5
    depth_of_discharge: 1.0
