cost_values:
  wind_capex: 5000.0
  wind_opex: 100
  wind_lifetime: 20
  solar_capex: 1000.0
  solar_opex: 10
  solar_lifetime: 20
  carbon_price: 1.0
timeseries_values:
  load_level: 273732.75153830554
  wind_year: 2011
  solar_year: 2019
  price_year: 2023
  carbon_year: 2023
storage_values:
  CAES:
    cost: 44.3985
    lifetime: 24.5845
    annual_cost: 1.805954971628465
    efficiency: 0.583042
    discharge_ratio: 0.1
    depth_of_discharge: 0.4
  Li-ion:
    cost: 236.699
    lifetime: 20.339
    annual_cost: 11.63769113525739
    efficiency: 0.921936
    discharge_ratio: 2
    depth_of_discharge: 0.9
  Pb-acid:
    cost: 177.847
    lifetime: 9.41919
    annual_cost: 18.88134754686974
    efficiency: 0.7449
    discharge_ratio: 5
    depth_of_discharge: 0.5
  VRBF:
    cost: 197.952
    lifetime: 20.0707
    annual_cost: 9.862735230958561
    efficiency: 0.748774
    discharge_ratio: 0.5
    depth_of_discharge: 1.0
