cost_values:
  wind_capex: 5000.0
  wind_opex: 100
  wind_lifetime: 20
  solar_capex: 1000.0
  solar_opex: 10
  solar_lifetime: 20
  carbon_price: 1.0
timeseries_values:
  load_level: 273732.75153830554
  wind_year: 2011
  solar_year: 2019
  price_year: 2023
  carbon_year: 2023
storage_values:
  CAES:
    cost: 46.8943
    lifetime: 25.8136
    annual_cost: 1.8166509126971828
    efficiency: 0.585115
    discharge_ratio: 0.1
    depth_of_discharge: 0.4
  Li-ion:
    cost: 237.696
    lifetime: 18.2405
    annual_cost: 13.03122173186042
    efficiency: 0.925985
    discharge_ratio: 2
    depth_of_discharge: 0.9
  Pb-acid:
    cost: 172.524
    lifetime: 8.87269
    annual_cost: 19.44438496104338
    efficiency: 0.726227
    discharge_ratio: 5
    depth_of_discharge: 0.5
  VRBF:
    cost: 244.264
    lifetime: 19.3989
    annual_cost: 12.591641794122348
    efficiency: 0.747426
    discharge_ratio: 0.5
    depth_of_discharge: 1.0
