cost_values:
  wind_capex: 5000.0
  wind_opex: 100
  wind_lifetime: 20
  solar_capex: 1000.0
  solar_opex: 10
  solar_lifetime: 20
  carbon_price: 1.0
timeseries_values:
  load_level: 273732.75153830554
  wind_year: 2011
  solar_year: 2019
  price_year: 2023
  carbon_year: 2023
storage_values:
  CAES:
    cost: 48.3182
    lifetime: 24.7669
    annual_cost: 1.9509183628148858
    efficiency: 0.57871
    discharge_ratio: 0.1
    depth_of_discharge: 0.4
  Li-ion:
    cost: 235.36
    lifetime: 18.4712
    annual_cost: 12.741998354194639
    efficiency: 0.918602
    discharge_ratio: 2
    depth_of_discharge: 0.9
  Pb-acid:
    cost: 179.921
    lifetime: 9.13119
    annual_cost: 19.704003530755575
    efficiency: 0.736477
    discharge_ratio: 5
    depth_of_discharge: 0.5
  VRBF:
    cost: 230.775
    lifetime: 18.8946
    annual_cost: 12.213807119494458
    efficiency: 0.737332
    discharge_ratio: 0.5
    depth_of_discharge: 1.0
