cost_values:
  wind_capex: 5000.0
  wind_opex: 100
  wind_lifetime: 20
  solar_capex: 1000.0
  solar_opex: 10
  solar_lifetime: 20
  carbon_price: 1.0
timeseries_values:
  load_level: 273732.75153830554
  wind_year: 2011
  solar_year: 2019
  price_year: 2023
  carbon_year: 2023
storage_values:
  CAES:
    cost: 40.7688
    lifetime: 24.8367
    annual_cost: 1.6414741088791989
    efficiency: 0.585142
    discharge_ratio: 0.1
    depth_of_discharge: 0.4
  Li-ion:
    cost: 228.711
    lifetime: 17.6136
    annual_cost: 12.984909388200027
    efficiency: 0.934043
    discharge_ratio: 2
    depth_of_discharge: 0.9
  Pb-acid:
    cost: 166.435
    lifetime: 8.17028
    annual_cost: 20.370782886265832
    efficiency: 0.734696
    discharge_ratio: 5
    depth_of_discharge: 0.5
  VRBF:
    cost: 207.469
    lifetime: 20.5451
    annual_cost: 10.098222933935585
    efficiency: 0.744849
    discharge_ratio: 0.5
    depth_of_discharge: 1.0
