cost_values:
  wind_capex: 5000.0
  wind_opex: 100
  wind_lifetime: 20
  solar_capex: 1000.0
  solar_opex: 10
  solar_lifetime: 20
  carbon_price: 1.0
timeseries_values:
  load_level: 273732.75153830554
  wind_year: 2011
  solar_year: 2019
  price_year: 2023
  carbon_year: 2023
storage_values:
  CAES:
    cost: 44.6891
    lifetime: 24.7047
    annual_cost: 1.8089310940833123
    efficiency: 0.588227
    discharge_ratio: 0.1
    depth_of_discharge: 0.4
  Li-ion:
    cost: 217.61
    lifetime: 15.6182
    annual_cost: 13.933103686724463
    efficiency: 0.93676
    discharge_ratio: 2
    depth_of_discharge: 0.9
  Pb-acid:
    cost: 194.074
    lifetime: 9.4721
    annual_cost: 20.489015107526317
    efficiency: 0.730626
    discharge_ratio: 5
    depth_of_discharge: 0.5
  VRBF:
    cost: 210.857
    lifetime: 19.6332
    annual_cost: 10.739818267017094
    efficiency: 0.73673
    discharge_ratio: 0.5
    depth_of_discharge: 1.0
