cost_values:
  wind_capex: 5000.0
  wind_opex: 100
  wind_lifetime: 20
  solar_capex: 1000.0
  solar_opex: 10
  solar_lifetime: 20
  carbon_price: 1.0
timeseries_values:
  load_level: 273732.75153830554
  wind_year: 2011
  solar_year: 2019
  price_year: 2023
  carbon_year: 2023
storage_values:
  CAES:
    cost: 47.4969
    lifetime: 24.7949
    annual_cost: 1.9155915127707714
    efficiency: 0.576741
    discharge_ratio: 0.1
    depth_of_discharge: 0.4
  Li-ion:
    cost: 251.044
    lifetime: 16.7323
    annual_cost: 15.00355599648584
    efficiency: 0.931305
    discharge_ratio: 2
    depth_of_discharge: 0.9
  Pb-acid:
    cost: 185.124
    lifetime: 6.56237
    annual_cost: 28.20993025385646
    efficiency: 0.735198
    discharge_ratio: 5
    depth_of_discharge: 0.5
  VRBF:
    cost: 221.027
    lifetime: 18.9995
    annual_cost: 11.633306139635252
    efficiency: 0.758259
    discharge_ratio: 0.5
    depth_of_discharge: 1.0
