cost_values:
  wind_capex: 5000.0
  wind_opex: 100
  wind_lifetime: 20
  solar_capex: 1000.0
  solar_opex: 10
  solar_lifetime: 20
  carbon_price: 1.0
timeseries_values:
  load_level: 273732.75153830554
  wind_year: 2011
  solar_year: 2019
  price_year: 2023
  carbon_year: 2023
storage_values:
  CAES:
    cost: 52.5043
    lifetime: 25.9474
    annual_cost: 2.023489829424143
    efficiency: 0.581041
    discharge_ratio: 0.1
    depth_of_discharge: 0.4
  Li-ion:
    cost: 212.748
    lifetime: 17.6448
    annual_cost: 12.057263329706203
    efficiency: 0.912992
    discharge_ratio: 2
    depth_of_discharge: 0.9
  Pb-acid:
    cost: 169.887
    lifetime: 9.8851
    annual_cost: 17.186169082760923
    efficiency: 0.738422
    discharge_ratio: 5
    depth_of_discharge: 0.5
  VRBF:
    cost: 183.984
    lifetime: 20.2531
    annual_cost: 9.084238956011673
    efficiency: 0.747613
    discharge_ratio: 0.5
    depth_of_discharge: 1.0
