cost_values:
  wind_capex: 5000.0
  wind_opex: 100
  wind_lifetime: 20
  solar_capex: 1000.0
  solar_opex: 10
  solar_lifetime: 20
  carbon_price: 1.0
timeseries_values:
  load_level: 273732.75153830554
  wind_year: 2011
  solar_year: 2019
  price_year: 2023
  carbon_year: 2023
storage_values:
  CAES:
    cost: 47.5446
    lifetime: 25.0774
    annual_cost: 1.8959142494835988
    efficiency: 0.565618
    discharge_ratio: 0.1
    depth_of_discharge: 0.4
  Li-ion:
    cost: 250.982
    lifetime: 14.6576
    annual_cost: 17.12299421460539
    efficiency: 0.91862
    discharge_ratio: 2
    depth_of_discharge: 0.9
  Pb-acid:
    cost: 177.215
    lifetime: 9.02524
    annual_cost: 19.635488917746233
    efficiency: 0.744334
    discharge_ratio: 5
    depth_of_discharge: 0.5
  VRBF:
    cost: 217.568
    lifetime: 19.1186
    annual_cost: 11.379912755118053
    efficiency: 0.739868
    discharge_ratio: 0.5
    depth_of_discharge: 1.0
