cost_values:
  wind_capex: 5000.0
  wind_opex: 100
  wind_lifetime: 20
  solar_capex: 1000.0
  solar_opex: 10
  solar_lifetime: 20
  carbon_price: 1.0
timeseries_values:
  load_level: 273732.75153830554
  wind_year: 2011
  solar_year: 2019
  price_year: 2023
  carbon_year: 2023
storage_values:
  CAES:
    cost: 51.639
    lifetime: 25.3132
    annual_cost: 2.0400028443657856
    efficiency: 0.577908
    discharge_ratio: 0.1
    depth_of_discharge: 0.4
  Li-ion:
    cost: 245.168
    lifetime: 19.1322
    annual_cost: 12.814417578741597
    efficiency: 0.925038
    discharge_ratio: 2
    depth_of_discharge: 0.9
  Pb-acid:
    cost: 166.497
    lifetime: 7.8891
    annual_cost: 21.104688747765906
    efficiency: 0.740076
    discharge_ratio: 5
    depth_of_discharge: 0.5
  VRBF:
    cost: 210.344
    lifetime: 19.6808
    annual_cost: 10.687776919637413
    efficiency: 0.723731
    discharge_ratio: 0.5
    depth_of_discharge: 1.0
