cost_values:
  wind_capex: 5000.0
  wind_opex: 100
  wind_lifetime: 20
  solar_capex: 1000.0
  solar_opex: 10
  solar_lifetime: 20
  carbon_price: 1.0
timeseries_values:
  load_level: 273732.75153830554
  wind_year: 2011
  solar_year: 2019
  price_year: 2023
  carbon_year: 2023
storage_values:
  CAES:
    cost: 45.1042
    lifetime: 25.1784
    annual_cost: 1.7913846789311474
    efficiency: 0.584916
    discharge_ratio: 0.1
    depth_of_discharge: 0.4
  Li-ion:
    cost: 230.516
    lifetime: 16.6565
    annual_cost: 13.839402035241497
    efficiency: 0.939624
    discharge_ratio: 2
    depth_of_discharge: 0.9
  Pb-acid:
    cost: 180.817
    lifetime: 9.22772
    annual_cost: 19.59498120879264
    efficiency: 0.733346
    discharge_ratio: 5
    depth_of_discharge: 0.5
  VRBF:
    cost: 218.568
    lifetime: 18.9832
    annual_cost: 11.513759534746514
    efficiency: 0.737176
    discharge_ratio: 0.5
    depth_of_discharge: 1.0
