cost_values:
  wind_capex: 5000.0
  wind_opex: 100
  wind_lifetime: 20
  solar_capex: 1000.0
  solar_opex: 10
  solar_lifetime: 20
  carbon_price: 1.0
timeseries_values:
  load_level: 269681.1214960883
  wind_year: 2014
  solar_year: 2015
  price_year: 2023
  carbon_year: 2023
storage_values:
  CAES:
    cost: 70.756
    lifetime: 28.2458
    annual_cost: 2.5050095943467703
    efficiency: 0.611057
    discharge_ratio: 0.1
    depth_of_discharge: 0.4
  Li-ion:
    cost: 269.631
    lifetime: 29.8279
    annual_cost: 9.039556924892466
    efficiency: 0.953679
    discharge_ratio: 2
    depth_of_discharge: 0.9
  Pb-acid:
    cost: 67.7936
    lifetime: 10.8791
    annual_cost: 6.2315448888235245
    efficiency: 0.736987
    discharge_ratio: 5
    depth_of_discharge: 0.5
  VRBF:
    cost: 258.34
    lifetime: 22.4337
    annual_cost: 11.51571073875464
    efficiency: 0.703903
    discharge_ratio: 0.5
    depth_of_discharge: 1.0
