cost_values:
  wind_capex: 5000.0
  wind_opex: 100
  wind_lifetime: 20
  solar_capex: 1000.0
  solar_opex: 10
  solar_lifetime: 20
  carbon_price: 1.0
timeseries_values:
  load_level: 269681.1214960883
  wind_year: 2014
  solar_year: 2015
  price_year: 2023
  carbon_year: 2023
storage_values:
  CAES:
    cost: 72.9222
    lifetime: 28.2026
    annual_cost: 2.5856552232772865
    efficiency: 0.604323
    discharge_ratio: 0.1
    depth_of_discharge: 0.4
  Li-ion:
    cost: 266.662
    lifetime: 27.6416
    annual_cost: 9.647126070849733
    efficiency: 0.920767
    discharge_ratio: 2
    depth_of_discharge: 0.9
  Pb-acid:
    cost: 94.3087
    lifetime: 14.1743
    annual_cost: 6.653499643721383
    efficiency: 0.748889
    discharge_ratio: 5
    depth_of_discharge: 0.5
  VRBF:
    cost: 223.216
    lifetime: 23.6954
    annual_cost: 9.420225022578222
    efficiency: 0.695755
    discharge_ratio: 0.5
    depth_of_discharge: 1.0
