cost_values:
  wind_capex: 5000.0
  wind_opex: 100
  wind_lifetime: 20
  solar_capex: 1000.0
  solar_opex: 10
  solar_lifetime: 20
  carbon_price: 1.0
timeseries_values:
  load_level: 269681.1214960883
  wind_year: 2014
  solar_year: 2015
  price_year: 2023
  carbon_year: 2023
storage_values:
  CAES:
    cost: 73.7046
    lifetime: 27.6404
    annual_cost: 2.6665533060303033
    efficiency: 0.610696
    discharge_ratio: 0.1
    depth_of_discharge: 0.4
  Li-ion:
    cost: 274.954
    lifetime: 25.8982
    annual_cost: 10.616722397695593
    efficiency: 0.951167
    discharge_ratio: 2
    depth_of_discharge: 0.9
  Pb-acid:
    cost: 94.5444
    lifetime: 11.6894
    annual_cost: 8.088045579756018
    efficiency: 0.740658
    discharge_ratio: 5
    depth_of_discharge: 0.5
  VRBF:
    cost: 222.841
    lifetime: 23.14
    annual_cost: 9.630121002592913
    efficiency: 0.71881
    discharge_ratio: 0.5
    depth_of_discharge: 1.0
