cost_values:
  wind_capex: 5000.0
  wind_opex: 100
  wind_lifetime: 20
  solar_capex: 1000.0
  solar_opex: 10
  solar_lifetime: 20
  carbon_price: 1.0
timeseries_values:
  load_level: 269681.1214960883
  wind_year: 2014
  solar_year: 2015
  price_year: 2023
  carbon_year: 2023
storage_values:
  CAES:
    cost: 73.6538
    lifetime: 28.2973
    annual_cost: 2.6028561028790733
    efficiency: 0.619804
    discharge_ratio: 0.1
    depth_of_discharge: 0.4
  Li-ion:
    cost: 257.749
    lifetime: 26.6367
    annual_cost: 9.676461423524687
    efficiency: 0.95456
    discharge_ratio: 2
    depth_of_discharge: 0.9
  Pb-acid:
    cost: 56.7115
    lifetime: 10.9391
    annual_cost: 5.184293040560924
    efficiency: 0.745224
    discharge_ratio: 5
    depth_of_discharge: 0.5
  VRBF:
    cost: 204.325
    lifetime: 24.8469
    annual_cost: 8.223359855756653
    efficiency: 0.698652
    discharge_ratio: 0.5
    depth_of_discharge: 1.0
