cost_values:
  wind_capex: 5000.0
  wind_opex: 100
  wind_lifetime: 20
  solar_capex: 1000.0
  solar_opex: 10
  solar_lifetime: 20
  carbon_price: 1.0
timeseries_values:
  load_level: 269681.1214960883
  wind_year: 2014
  solar_year: 2015
  price_year: 2023
  carbon_year: 2023
storage_values:
  CAES:
    cost: 76.9612
    lifetime: 28.4576
    annual_cost: 2.704416394917351
    efficiency: 0.613552
    discharge_ratio: 0.1
    depth_of_discharge: 0.4
  Li-ion:
    cost: 251.311
    lifetime: 27.4375
    annual_cost: 9.159398633257403
    efficiency: 0.94447
    discharge_ratio: 2
    depth_of_discharge: 0.9
  Pb-acid:
    cost: 70.5075
    lifetime: 12.3256
    annual_cost: 5.720411176737846
    efficiency: 0.753296
    discharge_ratio: 5
    depth_of_discharge: 0.5
  VRBF:
    cost: 184.355
    lifetime: 24.2144
    annual_cost: 7.613444892295493
    efficiency: 0.706995
    discharge_ratio: 0.5
    depth_of_discharge: 1.0
