cost_values:
  wind_capex: 5000.0
  wind_opex: 100
  wind_lifetime: 20
  solar_capex: 1000.0
  solar_opex: 10
  solar_lifetime: 20
  carbon_price: 1.0
timeseries_values:
  load_level: 269681.1214960883
  wind_year: 2014
  solar_year: 2015
  price_year: 2023
  carbon_year: 2023
storage_values:
  CAES:
    cost: 73.2385
    lifetime: 26.8671
    annual_cost: 2.725954792292432
    efficiency: 0.607569
    discharge_ratio: 0.1
    depth_of_discharge: 0.4
  Li-ion:
    cost: 252.11
    lifetime: 25.1869
    annual_cost: 10.009568466147085
    efficiency: 0.947829
    discharge_ratio: 2
    depth_of_discharge: 0.9
  Pb-acid:
    cost: 95.6405
    lifetime: 11.2338
    annual_cost: 8.513637415656323
    efficiency: 0.743587
    discharge_ratio: 5
    depth_of_discharge: 0.5
  VRBF:
    cost: 231.0
    lifetime: 21.5951
    annual_cost: 10.696871049451033
    efficiency: 0.699748
    discharge_ratio: 0.5
    depth_of_discharge: 1.0
