cost_values:
  wind_capex: 5000.0
  wind_opex: 100
  wind_lifetime: 20
  solar_capex: 1000.0
  solar_opex: 10
  solar_lifetime: 20
  carbon_price: 1.0
timeseries_values:
  load_level: 269681.1214960883
  wind_year: 2014
  solar_year: 2015
  price_year: 2023
  carbon_year: 2023
storage_values:
  CAES:
    cost: 78.5777
    lifetime: 28.2921
    annual_cost: 2.7773724820709664
    efficiency: 0.604266
    discharge_ratio: 0.1
    depth_of_discharge: 0.4
  Li-ion:
    cost: 250.73
    lifetime: 25.3462
    annual_cost: 9.892212639370005
    efficiency: 0.934951
    discharge_ratio: 2
    depth_of_discharge: 0.9
  Pb-acid:
    cost: 76.4185
    lifetime: 12.4127
    annual_cost: 6.156476834210124
    efficiency: 0.743578
    discharge_ratio: 5
    depth_of_discharge: 0.5
  VRBF:
    cost: 247.494
    lifetime: 22.7179
    annual_cost: 10.89422877994885
    efficiency: 0.684714
    discharge_ratio: 0.5
    depth_of_discharge: 1.0
