cost_values:
  wind_capex: 5000.0
  wind_opex: 100
  wind_lifetime: 20
  solar_capex: 1000.0
  solar_opex: 10
  solar_lifetime: 20
  carbon_price: 1.0
timeseries_values:
  load_level: 269681.1214960883
  wind_year: 2014
  solar_year: 2015
  price_year: 2023
  carbon_year: 2023
storage_values:
  CAES:
    cost: 79.7875
    lifetime: 27.917
    annual_cost: 2.8580255758140196
    efficiency: 0.595217
    discharge_ratio: 0.1
    depth_of_discharge: 0.4
  Li-ion:
    cost: 257.514
    lifetime: 27.6149
    annual_cost: 9.32518314388247
    efficiency: 0.931771
    discharge_ratio: 2
    depth_of_discharge: 0.9
  Pb-acid:
    cost: 85.849
    lifetime: 10.7808
    annual_cost: 7.963138171564263
    efficiency: 0.740194
    discharge_ratio: 5
    depth_of_discharge: 0.5
  VRBF:
    cost: 210.306
    lifetime: 22.7327
    annual_cost: 9.251254800353676
    efficiency: 0.708379
    discharge_ratio: 0.5
    depth_of_discharge: 1.0
