cost_values:
  wind_capex: 5000.0
  wind_opex: 100
  wind_lifetime: 20
  solar_capex: 1000.0
  solar_opex: 10
  solar_lifetime: 20
  carbon_price: 1.0
timeseries_values:
  load_level: 269681.1214960883
  wind_year: 2014
  solar_year: 2015
  price_year: 2023
  carbon_year: 2023
storage_values:
  CAES:
    cost: 73.3442
    lifetime: 27.0954
    annual_cost: 2.706887515962119
    efficiency: 0.604574
    discharge_ratio: 0.1
    depth_of_discharge: 0.4
  Li-ion:
    cost: 275.748
    lifetime: 25.4106
    annual_cost: 10.85169181365257
    efficiency: 0.921196
    discharge_ratio: 2
    depth_of_discharge: 0.9
  Pb-acid:
    cost: 103.408
    lifetime: 11.2769
    annual_cost: 9.169895982051806
    efficiency: 0.74397
    discharge_ratio: 5
    depth_of_discharge: 0.5
  VRBF:
    cost: 215.136
    lifetime: 23.1399
    annual_cost: 9.297187974018902
    efficiency: 0.696135
    discharge_ratio: 0.5
    depth_of_discharge: 1.0
