cost_values:
  wind_capex: 5000.0
  wind_opex: 100
  wind_lifetime: 20
  solar_capex: 1000.0
  solar_opex: 10
  solar_lifetime: 20
  carbon_price: 1.0
timeseries_values:
  load_level: 269681.1214960883
  wind_year: 2014
  solar_year: 2015
  price_year: 2023
  carbon_year: 2023
storage_values:
  CAES:
    cost: 74.4886
    lifetime: 27.5481
    annual_cost: 2.703946914669251
    efficiency: 0.589941
    discharge_ratio: 0.1
    depth_of_discharge: 0.4
  Li-ion:
    cost: 274.396
    lifetime: 25.444
    annual_cost: 10.784310642980664
    efficiency: 0.944632
    discharge_ratio: 2
    depth_of_discharge: 0.9
  Pb-acid:
    cost: 78.4656
    lifetime: 11.5754
    annual_cost: 6.778651277709625
    efficiency: 0.75131
    discharge_ratio: 5
    depth_of_discharge: 0.5
  VRBF:
    cost: 213.681
    lifetime: 22.5032
    annual_cost: 9.49558285043905
    efficiency: 0.709972
    discharge_ratio: 0.5
    depth_of_discharge: 1.0
