cost_values:
  wind_capex: 5000.0
  wind_opex: 100
  wind_lifetime: 20
  solar_capex: 1000.0
  solar_opex: 10
  solar_lifetime: 20
  carbon_price: 1.0
timeseries_values:
  load_level: 269681.1214960883
  wind_year: 2014
  solar_year: 2015
  price_year: 2023
  carbon_year: 2023
storage_values:
  CAES:
    cost: 75.4187
    lifetime: 28.3791
    annual_cost: 2.6575437557921147
    efficiency: 0.596733
    discharge_ratio: 0.1
    depth_of_discharge: 0.4
  Li-ion:
    cost: 250.386
    lifetime: 26.1296
    annual_cost: 9.58246586247015
    efficiency: 0.948557
    discharge_ratio: 2
    depth_of_discharge: 0.9
  Pb-acid:
    cost: 96.1831
    lifetime: 12.52
    annual_cost: 7.682356230031949
    efficiency: 0.732646
    discharge_ratio: 5
    depth_of_discharge: 0.5
  VRBF:
    cost: 231.262
    lifetime: 22.4362
    annual_cost: 10.307538709763685
    efficiency: 0.713161
    discharge_ratio: 0.5
    depth_of_discharge: 1.0
