cost_values:
  wind_capex: 5000.0
  wind_opex: 100
  wind_lifetime: 20
  solar_capex: 1000.0
  solar_opex: 10
  solar_lifetime: 20
  carbon_price: 1.0
timeseries_values:
  load_level: 269681.1214960883
  wind_year: 2014
  solar_year: 2015
  price_year: 2023
  carbon_year: 2023
storage_values:
  CAES:
    cost: 74.2492
    lifetime: 27.3197
    annual_cost: 2.7177897268271614
    efficiency: 0.595869
    discharge_ratio: 0.1
    depth_of_discharge: 0.4
  Li-ion:
    cost: 270.253
    lifetime: 26.0819
    annual_cost: 10.361706777497037
    efficiency: 0.940665
    discharge_ratio: 2
    depth_of_discharge: 0.9
  Pb-acid:
    cost: 78.5003
    lifetime: 12.2723
    annual_cost: 6.396543435215893
    efficiency: 0.757874
    discharge_ratio: 5
    depth_of_discharge: 0.5
  VRBF:
    cost: 223.227
    lifetime: 26.0565
    annual_cost: 8.567037015715849
    efficiency: 0.689696
    discharge_ratio: 0.5
    depth_of_discharge: 1.0
