cost_values:
  wind_capex: 5000.0
  wind_opex: 100
  wind_lifetime: 20
  solar_capex: 1000.0
  solar_opex: 10
  solar_lifetime: 20
  carbon_price: 1.0
timeseries_values:
  load_level: 269681.1214960883
  wind_year: 2014
  solar_year: 2015
  price_year: 2023
  carbon_year: 2023
storage_values:
  CAES:
    cost: 76.5562
    lifetime: 28.8014
    annual_cost: 2.6580721770469493
    efficiency: 0.601367
    discharge_ratio: 0.1
    depth_of_discharge: 0.4
  Li-ion:
    cost: 251.76
    lifetime: 28.0871
    annual_cost: 8.963545542259613
    efficiency: 0.938749
    discharge_ratio: 2
    depth_of_discharge: 0.9
  Pb-acid:
    cost: 101.643
    lifetime: 12.5323
    annual_cost: 8.110482513185929
    efficiency: 0.743279
    discharge_ratio: 5
    depth_of_discharge: 0.5
  VRBF:
    cost: 224.627
    lifetime: 21.365
    annual_cost: 10.513784226538732
    efficiency: 0.691147
    discharge_ratio: 0.5
    depth_of_discharge: 1.0
