cost_values:
  wind_capex: 5000.0
  wind_opex: 100
  wind_lifetime: 20
  solar_capex: 1000.0
  solar_opex: 10
  solar_lifetime: 20
  carbon_price: 1.0
timeseries_values:
  load_level: 269681.1214960883
  wind_year: 2014
  solar_year: 2015
  price_year: 2023
  carbon_year: 2023
storage_values:
  CAES:
    cost: 76.6443
    lifetime: 27.3236
    annual_cost: 2.8050586306343237
    efficiency: 0.604035
    discharge_ratio: 0.1
    depth_of_discharge: 0.4
  Li-ion:
    cost: 271.0
    lifetime: 27.5674
    annual_cost: 9.830451910590044
    efficiency: 0.944464
    discharge_ratio: 2
    depth_of_discharge: 0.9
  Pb-acid:
    cost: 83.6681
    lifetime: 12.2588
    annual_cost: 6.825146017554736
    efficiency: 0.738934
    discharge_ratio: 5
    depth_of_discharge: 0.5
  VRBF:
    cost: 213.97
    lifetime: 24.1642
    annual_cost: 8.854834838314531
    efficiency: 0.712635
    discharge_ratio: 0.5
    depth_of_discharge: 1.0
