cost_values:
  wind_capex: 5000.0
  wind_opex: 100
  wind_lifetime: 20
  solar_capex: 1000.0
  solar_opex: 10
  solar_lifetime: 20
  carbon_price: 1.0
timeseries_values:
  load_level: 269681.1214960883
  wind_year: 2014
  solar_year: 2015
  price_year: 2023
  carbon_year: 2023
storage_values:
  CAES:
    cost: 76.2306
    lifetime: 27.7485
    annual_cost: 2.7471971457916644
    efficiency: 0.607453
    discharge_ratio: 0.1
    depth_of_discharge: 0.4
  Li-ion:
    cost: 266.452
    lifetime: 28.2914
    annual_cost: 9.418127063347873
    efficiency: 0.944833
    discharge_ratio: 2
    depth_of_discharge: 0.9
  Pb-acid:
    cost: 74.6115
    lifetime: 10.931
    annual_cost: 6.825679260817859
    efficiency: 0.748068
    discharge_ratio: 5
    depth_of_discharge: 0.5
  VRBF:
    cost: 248.616
    lifetime: 24.513
    annual_cost: 10.142210255782645
    efficiency: 0.724088
    discharge_ratio: 0.5
    depth_of_discharge: 1.0
