cost_values:
  wind_capex: 5000.0
  wind_opex: 100
  wind_lifetime: 20
  solar_capex: 1000.0
  solar_opex: 10
  solar_lifetime: 20
  carbon_price: 1.0
timeseries_values:
  load_level: 269681.1214960883
  wind_year: 2014
  solar_year: 2015
  price_year: 2023
  carbon_year: 2023
storage_values:
  CAES:
    cost: 74.6713
    lifetime: 27.1557
    annual_cost: 2.749746830315551
    efficiency: 0.603681
    discharge_ratio: 0.1
    depth_of_discharge: 0.4
  Li-ion:
    cost: 255.252
    lifetime: 25.5788
    annual_cost: 9.979045146762163
    efficiency: 0.932559
    discharge_ratio: 2
    depth_of_discharge: 0.9
  Pb-acid:
    cost: 91.021
    lifetime: 11.4205
    annual_cost: 7.969966288691388
    efficiency: 0.732122
    discharge_ratio: 5
    depth_of_discharge: 0.5
  VRBF:
    cost: 223.951
    lifetime: 22.7231
    annual_cost: 9.85565349798223
    efficiency: 0.705067
    discharge_ratio: 0.5
    depth_of_discharge: 1.0
