cost_values:
  wind_capex: 5000.0
  wind_opex: 100
  wind_lifetime: 20
  solar_capex: 1000.0
  solar_opex: 10
  solar_lifetime: 20
  carbon_price: 1.0
timeseries_values:
  load_level: 269681.1214960883
  wind_year: 2014
  solar_year: 2015
  price_year: 2023
  carbon_year: 2023
storage_values:
  CAES:
    cost: 67.0334
    lifetime: 29.0489
    annual_cost: 2.307605451497303
    efficiency: 0.607486
    discharge_ratio: 0.1
    depth_of_discharge: 0.4
  Li-ion:
    cost: 287.628
    lifetime: 26.8905
    annual_cost: 10.69626819880627
    efficiency: 0.934097
    discharge_ratio: 2
    depth_of_discharge: 0.9
  Pb-acid:
    cost: 85.4028
    lifetime: 13.549
    annual_cost: 6.303254852756661
    efficiency: 0.741078
    discharge_ratio: 5
    depth_of_discharge: 0.5
  VRBF:
    cost: 199.768
    lifetime: 23.9985
    annual_cost: 8.324186928349688
    efficiency: 0.70877
    discharge_ratio: 0.5
    depth_of_discharge: 1.0
