cost_values:
  wind_capex: 5000.0
  wind_opex: 100
  wind_lifetime: 20
  solar_capex: 1000.0
  solar_opex: 10
  solar_lifetime: 20
  carbon_price: 1.0
timeseries_values:
  load_level: 269681.1214960883
  wind_year: 2014
  solar_year: 2015
  price_year: 2023
  carbon_year: 2023
storage_values:
  CAES:
    cost: 77.653
    lifetime: 28.334
    annual_cost: 2.7406296322439476
    efficiency: 0.606685
    discharge_ratio: 0.1
    depth_of_discharge: 0.4
  Li-ion:
    cost: 255.149
    lifetime: 26.3493
    annual_cost: 9.683331245991354
    efficiency: 0.947737
    discharge_ratio: 2
    depth_of_discharge: 0.9
  Pb-acid:
    cost: 82.4124
    lifetime: 12.6412
    annual_cost: 6.519349428851692
    efficiency: 0.768615
    discharge_ratio: 5
    depth_of_discharge: 0.5
  VRBF:
    cost: 212.596
    lifetime: 20.106
    annual_cost: 10.57375907689247
    efficiency: 0.696485
    discharge_ratio: 0.5
    depth_of_discharge: 1.0
