cost_values:
  wind_capex: 5000.0
  wind_opex: 100
  wind_lifetime: 20
  solar_capex: 1000.0
  solar_opex: 10
  solar_lifetime: 20
  carbon_price: 1.0
timeseries_values:
  load_level: 269681.1214960883
  wind_year: 2014
  solar_year: 2015
  price_year: 2023
  carbon_year: 2023
storage_values:
  CAES:
    cost: 73.0309
    lifetime: 27.2641
    annual_cost: 2.678647012004798
    efficiency: 0.608279
    discharge_ratio: 0.1
    depth_of_discharge: 0.4
  Li-ion:
    cost: 248.764
    lifetime: 27.507
    annual_cost: 9.043661613407496
    efficiency: 0.925578
    discharge_ratio: 2
    depth_of_discharge: 0.9
  Pb-acid:
    cost: 92.2299
    lifetime: 10.5853
    annual_cost: 8.713017108631782
    efficiency: 0.741844
    discharge_ratio: 5
    depth_of_discharge: 0.5
  VRBF:
    cost: 222.678
    lifetime: 23.3287
    annual_cost: 9.545238268741935
    efficiency: 0.67482
    discharge_ratio: 0.5
    depth_of_discharge: 1.0
