cost_values:
  wind_capex: 5000.0
  wind_opex: 100
  wind_lifetime: 20
  solar_capex: 1000.0
  solar_opex: 10
  solar_lifetime: 20
  carbon_price: 1.0
timeseries_values:
  load_level: 269681.1214960883
  wind_year: 2014
  solar_year: 2015
  price_year: 2023
  carbon_year: 2023
storage_values:
  CAES:
    cost: 66.8176
    lifetime: 28.1123
    annual_cost: 2.376810150716946
    efficiency: 0.606431
    discharge_ratio: 0.1
    depth_of_discharge: 0.4
  Li-ion:
    cost: 267.67
    lifetime: 25.7812
    annual_cost: 10.382371650660172
    efficiency: 0.938072
    discharge_ratio: 2
    depth_of_discharge: 0.9
  Pb-acid:
    cost: 87.0636
    lifetime: 12.8762
    annual_cost: 6.761591152669265
    efficiency: 0.750793
    discharge_ratio: 5
    depth_of_discharge: 0.5
  VRBF:
    cost: 228.101
    lifetime: 23.6779
    annual_cost: 9.63349790310796
    efficiency: 0.714966
    discharge_ratio: 0.5
    depth_of_discharge: 1.0
