cost_values:
  wind_capex: 5000.0
  wind_opex: 100
  wind_lifetime: 20
  solar_capex: 1000.0
  solar_opex: 10
  solar_lifetime: 20
  carbon_price: 1.0
timeseries_values:
  load_level: 269681.1214960883
  wind_year: 2014
  solar_year: 2015
  price_year: 2023
  carbon_year: 2023
storage_values:
  CAES:
    cost: 77.4869
    lifetime: 27.9849
    annual_cost: 2.768882504493495
    efficiency: 0.607976
    discharge_ratio: 0.1
    depth_of_discharge: 0.4
  Li-ion:
    cost: 266.957
    lifetime: 27.6583
    annual_cost: 9.65196704063518
    efficiency: 0.94512
    discharge_ratio: 2
    depth_of_discharge: 0.9
  Pb-acid:
    cost: 69.6006
    lifetime: 10.6634
    annual_cost: 6.527055160642948
    efficiency: 0.745616
    discharge_ratio: 5
    depth_of_discharge: 0.5
  VRBF:
    cost: 237.982
    lifetime: 21.9902
    annual_cost: 10.822184427608661
    efficiency: 0.705778
    discharge_ratio: 0.5
    depth_of_discharge: 1.0
