cost_values:
  wind_capex: 5000.0
  wind_opex: 100
  wind_lifetime: 20
  solar_capex: 1000.0
  solar_opex: 10
  solar_lifetime: 20
  carbon_price: 1.0
timeseries_values:
  load_level: 269681.1214960883
  wind_year: 2014
  solar_year: 2015
  price_year: 2023
  carbon_year: 2023
storage_values:
  CAES:
    cost: 74.7467
    lifetime: 28.0981
    annual_cost: 2.66020478252978
    efficiency: 0.598756
    discharge_ratio: 0.1
    depth_of_discharge: 0.4
  Li-ion:
    cost: 284.138
    lifetime: 29.6886
    annual_cost: 9.570609594255032
    efficiency: 0.951934
    discharge_ratio: 2
    depth_of_discharge: 0.9
  Pb-acid:
    cost: 66.0028
    lifetime: 12.3739
    annual_cost: 5.3340337322913545
    efficiency: 0.745341
    discharge_ratio: 5
    depth_of_discharge: 0.5
  VRBF:
    cost: 199.195
    lifetime: 22.5606
    annual_cost: 8.829330780209746
    efficiency: 0.697769
    discharge_ratio: 0.5
    depth_of_discharge: 1.0
