cost_values:
  wind_capex: 5000.0
  wind_opex: 100
  wind_lifetime: 20
  solar_capex: 1000.0
  solar_opex: 10
  solar_lifetime: 20
  carbon_price: 1.0
timeseries_values:
  load_level: 269681.1214960883
  wind_year: 2014
  solar_year: 2015
  price_year: 2023
  carbon_year: 2023
storage_values:
  CAES:
    cost: 69.5876
    lifetime: 27.5091
    annual_cost: 2.5296211071972547
    efficiency: 0.605296
    discharge_ratio: 0.1
    depth_of_discharge: 0.4
  Li-ion:
    cost: 266.391
    lifetime: 27.3736
    annual_cost: 9.731675775199463
    efficiency: 0.953767
    discharge_ratio: 2
    depth_of_discharge: 0.9
  Pb-acid:
    cost: 66.7455
    lifetime: 12.1423
    annual_cost: 5.4969404478558435
    efficiency: 0.758003
    discharge_ratio: 5
    depth_of_discharge: 0.5
  VRBF:
    cost: 209.078
    lifetime: 24.4195
    annual_cost: 8.5619279674031
    efficiency: 0.699473
    discharge_ratio: 0.5
    depth_of_discharge: 1.0
