cost_values:
  wind_capex: 5000.0
  wind_opex: 100
  wind_lifetime: 20
  solar_capex: 1000.0
  solar_opex: 10
  solar_lifetime: 20
  carbon_price: 1.0
timeseries_values:
  load_level: 269681.1214960883
  wind_year: 2014
  solar_year: 2015
  price_year: 2023
  carbon_year: 2023
storage_values:
  CAES:
    cost: 74.6342
    lifetime: 27.6637
    annual_cost: 2.6979109808160158
    efficiency: 0.611949
    discharge_ratio: 0.1
    depth_of_discharge: 0.4
  Li-ion:
    cost: 281.874
    lifetime: 25.8863
    annual_cost: 10.88892580245149
    efficiency: 0.954608
    discharge_ratio: 2
    depth_of_discharge: 0.9
  Pb-acid:
    cost: 64.3051
    lifetime: 12.0985
    annual_cost: 5.315129974790263
    efficiency: 0.740886
    discharge_ratio: 5
    depth_of_discharge: 0.5
  VRBF:
    cost: 222.969
    lifetime: 23.2819
    annual_cost: 9.576924563716878
    efficiency: 0.688735
    discharge_ratio: 0.5
    depth_of_discharge: 1.0
