cost_values:
  wind_capex: 5000.0
  wind_opex: 100
  wind_lifetime: 20
  solar_capex: 1000.0
  solar_opex: 10
  solar_lifetime: 20
  carbon_price: 1.0
timeseries_values:
  load_level: 269681.1214960883
  wind_year: 2014
  solar_year: 2015
  price_year: 2023
  carbon_year: 2023
storage_values:
  CAES:
    cost: 73.8126
    lifetime: 29.5268
    annual_cost: 2.499850982835932
    efficiency: 0.598924
    discharge_ratio: 0.1
    depth_of_discharge: 0.4
  Li-ion:
    cost: 248.225
    lifetime: 26.7181
    annual_cost: 9.290518412611675
    efficiency: 0.94478
    discharge_ratio: 2
    depth_of_discharge: 0.9
  Pb-acid:
    cost: 74.6286
    lifetime: 11.2678
    annual_cost: 6.623174000248497
    efficiency: 0.743022
    discharge_ratio: 5
    depth_of_discharge: 0.5
  VRBF:
    cost: 231.935
    lifetime: 22.6712
    annual_cost: 10.230380394509334
    efficiency: 0.683155
    discharge_ratio: 0.5
    depth_of_discharge: 1.0
