cost_values:
  wind_capex: 5000.0
  wind_opex: 100
  wind_lifetime: 20
  solar_capex: 1000.0
  solar_opex: 10
  solar_lifetime: 20
  carbon_price: 1.0
timeseries_values:
  load_level: 269681.1214960883
  wind_year: 2014
  solar_year: 2015
  price_year: 2023
  carbon_year: 2023
storage_values:
  CAES:
    cost: 67.866
    lifetime: 27.5796
    annual_cost: 2.460731845276944
    efficiency: 0.593223
    discharge_ratio: 0.1
    depth_of_discharge: 0.4
  Li-ion:
    cost: 279.312
    lifetime: 28.8613
    annual_cost: 9.677734544182002
    efficiency: 0.932483
    discharge_ratio: 2
    depth_of_discharge: 0.9
  Pb-acid:
    cost: 86.2873
    lifetime: 10.9639
    annual_cost: 7.870128330247448
    efficiency: 0.737341
    discharge_ratio: 5
    depth_of_discharge: 0.5
  VRBF:
    cost: 221.488
    lifetime: 21.1939
    annual_cost: 10.450554168888218
    efficiency: 0.697934
    discharge_ratio: 0.5
    depth_of_discharge: 1.0
