cost_values:
  wind_capex: 5000.0
  wind_opex: 100
  wind_lifetime: 20
  solar_capex: 1000.0
  solar_opex: 10
  solar_lifetime: 20
  carbon_price: 1.0
timeseries_values:
  load_level: 269681.1214960883
  wind_year: 2014
  solar_year: 2015
  price_year: 2023
  carbon_year: 2023
storage_values:
  CAES:
    cost: 74.4723
    lifetime: 27.3304
    annual_cost: 2.7248887685507714
    efficiency: 0.5967
    discharge_ratio: 0.1
    depth_of_discharge: 0.4
  Li-ion:
    cost: 259.54
    lifetime: 26.8252
    annual_cost: 9.675230753172391
    efficiency: 0.942549
    discharge_ratio: 2
    depth_of_discharge: 0.9
  Pb-acid:
    cost: 93.9424
    lifetime: 11.8763
    annual_cost: 7.910073002534459
    efficiency: 0.748998
    discharge_ratio: 5
    depth_of_discharge: 0.5
  VRBF:
    cost: 211.191
    lifetime: 22.5749
    annual_cost: 9.355124496675511
    efficiency: 0.681536
    discharge_ratio: 0.5
    depth_of_discharge: 1.0
