cost_values:
  wind_capex: 5000.0
  wind_opex: 100
  wind_lifetime: 20
  solar_capex: 1000.0
  solar_opex: 10
  solar_lifetime: 20
  carbon_price: 1.0
timeseries_values:
  load_level: 269681.1214960883
  wind_year: 2014
  solar_year: 2015
  price_year: 2023
  carbon_year: 2023
storage_values:
  CAES:
    cost: 75.7138
    lifetime: 27.1399
    annual_cost: 2.7897597264544087
    efficiency: 0.592243
    discharge_ratio: 0.1
    depth_of_discharge: 0.4
  Li-ion:
    cost: 258.057
    lifetime: 25.7295
    annual_cost: 10.029615810645367
    efficiency: 0.944454
    discharge_ratio: 2
    depth_of_discharge: 0.9
  Pb-acid:
    cost: 94.4227
    lifetime: 11.4984
    annual_cost: 8.211812078202184
    efficiency: 0.730953
    discharge_ratio: 5
    depth_of_discharge: 0.5
  VRBF:
    cost: 218.149
    lifetime: 23.3018
    annual_cost: 9.361894789243749
    efficiency: 0.69971
    discharge_ratio: 0.5
    depth_of_discharge: 1.0
