cost_values:
  wind_capex: 5000.0
  wind_opex: 100
  wind_lifetime: 20
  solar_capex: 1000.0
  solar_opex: 10
  solar_lifetime: 20
  carbon_price: 1.0
timeseries_values:
  load_level: 269681.1214960883
  wind_year: 2014
  solar_year: 2015
  price_year: 2023
  carbon_year: 2023
storage_values:
  CAES:
    cost: 72.1255
    lifetime: 26.7196
    annual_cost: 2.6993480441323974
    efficiency: 0.604435
    discharge_ratio: 0.1
    depth_of_discharge: 0.4
  Li-ion:
    cost: 279.921
    lifetime: 28.2961
    annual_cost: 9.892564699728938
    efficiency: 0.936483
    discharge_ratio: 2
    depth_of_discharge: 0.9
  Pb-acid:
    cost: 73.6748
    lifetime: 10.1956
    annual_cost: 7.226136764878968
    efficiency: 0.735227
    discharge_ratio: 5
    depth_of_discharge: 0.5
  VRBF:
    cost: 207.502
    lifetime: 25.3688
    annual_cost: 8.179417236920942
    efficiency: 0.686008
    discharge_ratio: 0.5
    depth_of_discharge: 1.0
