cost_values:
  wind_capex: 5000.0
  wind_opex: 100
  wind_lifetime: 20
  solar_capex: 1000.0
  solar_opex: 10
  solar_lifetime: 20
  carbon_price: 1.0
timeseries_values:
  load_level: 269681.1214960883
  wind_year: 2014
  solar_year: 2015
  price_year: 2023
  carbon_year: 2023
storage_values:
  CAES:
    cost: 74.1559
    lifetime: 27.8932
    annual_cost: 2.658565528515911
    efficiency: 0.607874
    discharge_ratio: 0.1
    depth_of_discharge: 0.4
  Li-ion:
    cost: 270.944
    lifetime: 28.6021
    annual_cost: 9.472870873117708
    efficiency: 0.92306
    discharge_ratio: 2
    depth_of_discharge: 0.9
  Pb-acid:
    cost: 87.6583
    lifetime: 10.5868
    annual_cost: 8.279961839271545
    efficiency: 0.735968
    discharge_ratio: 5
    depth_of_discharge: 0.5
  VRBF:
    cost: 199.786
    lifetime: 22.0438
    annual_cost: 9.063137934475908
    efficiency: 0.704635
    discharge_ratio: 0.5
    depth_of_discharge: 1.0
