cost_values:
  wind_capex: 5000.0
  wind_opex: 100
  wind_lifetime: 20
  solar_capex: 1000.0
  solar_opex: 10
  solar_lifetime: 20
  carbon_price: 1.0
timeseries_values:
  load_level: 269681.1214960883
  wind_year: 2014
  solar_year: 2015
  price_year: 2023
  carbon_year: 2023
storage_values:
  CAES:
    cost: 72.9597
    lifetime: 26.1912
    annual_cost: 2.785657014569779
    efficiency: 0.603877
    discharge_ratio: 0.1
    depth_of_discharge: 0.4
  Li-ion:
    cost: 260.891
    lifetime: 27.2413
    annual_cost: 9.577039274924472
    efficiency: 0.929912
    discharge_ratio: 2
    depth_of_discharge: 0.9
  Pb-acid:
    cost: 58.2878
    lifetime: 12.6844
    annual_cost: 4.5952350919239375
    efficiency: 0.742267
    discharge_ratio: 5
    depth_of_discharge: 0.5
  VRBF:
    cost: 236.134
    lifetime: 25.1629
    annual_cost: 9.384212471535474
    efficiency: 0.679604
    discharge_ratio: 0.5
    depth_of_discharge: 1.0
