cost_values:
  wind_capex: 5000.0
  wind_opex: 100
  wind_lifetime: 20
  solar_capex: 1000.0
  solar_opex: 10
  solar_lifetime: 20
  carbon_price: 1.0
timeseries_values:
  load_level: 269681.1214960883
  wind_year: 2014
  solar_year: 2015
  price_year: 2023
  carbon_year: 2023
storage_values:
  CAES:
    cost: 69.0501
    lifetime: 27.4325
    annual_cost: 2.5170910416476806
    efficiency: 0.613588
    discharge_ratio: 0.1
    depth_of_discharge: 0.4
  Li-ion:
    cost: 276.982
    lifetime: 25.7686
    annual_cost: 10.748818329284479
    efficiency: 0.932768
    discharge_ratio: 2
    depth_of_discharge: 0.9
  Pb-acid:
    cost: 108.484
    lifetime: 11.7268
    annual_cost: 9.250946549783402
    efficiency: 0.738642
    discharge_ratio: 5
    depth_of_discharge: 0.5
  VRBF:
    cost: 219.552
    lifetime: 21.5528
    annual_cost: 10.186704279722356
    efficiency: 0.681575
    discharge_ratio: 0.5
    depth_of_discharge: 1.0
