cost_values:
  wind_capex: 5000.0
  wind_opex: 100
  wind_lifetime: 20
  solar_capex: 1000.0
  solar_opex: 10
  solar_lifetime: 20
  carbon_price: 1.0
timeseries_values:
  load_level: 269681.1214960883
  wind_year: 2014
  solar_year: 2015
  price_year: 2023
  carbon_year: 2023
storage_values:
  CAES:
    cost: 77.5857
    lifetime: 27.318
    annual_cost: 2.8400944432242476
    efficiency: 0.597101
    discharge_ratio: 0.1
    depth_of_discharge: 0.4
  Li-ion:
    cost: 260.162
    lifetime: 26.4266
    annual_cost: 9.844701929116873
    efficiency: 0.944299
    discharge_ratio: 2
    depth_of_discharge: 0.9
  Pb-acid:
    cost: 84.2056
    lifetime: 11.1668
    annual_cost: 7.5407099616721
    efficiency: 0.752494
    discharge_ratio: 5
    depth_of_discharge: 0.5
  VRBF:
    cost: 228.745
    lifetime: 22.3632
    annual_cost: 10.228634542462618
    efficiency: 0.703666
    discharge_ratio: 0.5
    depth_of_discharge: 1.0
