cost_values:
  wind_capex: 5000.0
  wind_opex: 100
  wind_lifetime: 20
  solar_capex: 1000.0
  solar_opex: 10
  solar_lifetime: 20
  carbon_price: 1.0
timeseries_values:
  load_level: 269681.1214960883
  wind_year: 2014
  solar_year: 2015
  price_year: 2023
  carbon_year: 2023
storage_values:
  CAES:
    cost: 72.2999
    lifetime: 28.6423
    annual_cost: 2.524235134748257
    efficiency: 0.608023
    discharge_ratio: 0.1
    depth_of_discharge: 0.4
  Li-ion:
    cost: 245.08
    lifetime: 27.1695
    annual_cost: 9.020408914407701
    efficiency: 0.94484
    discharge_ratio: 2
    depth_of_discharge: 0.9
  Pb-acid:
    cost: 70.3731
    lifetime: 12.2252
    annual_cost: 5.756396623368125
    efficiency: 0.74951
    discharge_ratio: 5
    depth_of_discharge: 0.5
  VRBF:
    cost: 202.533
    lifetime: 21.7816
    annual_cost: 9.298352738090864
    efficiency: 0.695478
    discharge_ratio: 0.5
    depth_of_discharge: 1.0
