cost_values:
  wind_capex: 5000.0
  wind_opex: 100
  wind_lifetime: 20
  solar_capex: 1000.0
  solar_opex: 10
  solar_lifetime: 20
  carbon_price: 1.0
timeseries_values:
  load_level: 269681.1214960883
  wind_year: 2014
  solar_year: 2015
  price_year: 2023
  carbon_year: 2023
storage_values:
  CAES:
    cost: 79.9843
    lifetime: 28.8579
    annual_cost: 2.7716604465328385
    efficiency: 0.608311
    discharge_ratio: 0.1
    depth_of_discharge: 0.4
  Li-ion:
    cost: 251.323
    lifetime: 27.1146
    annual_cost: 9.268917852374736
    efficiency: 0.947448
    discharge_ratio: 2
    depth_of_discharge: 0.9
  Pb-acid:
    cost: 108.164
    lifetime: 11.1164
    annual_cost: 9.730128458853585
    efficiency: 0.742211
    discharge_ratio: 5
    depth_of_discharge: 0.5
  VRBF:
    cost: 188.035
    lifetime: 22.2648
    annual_cost: 8.445393625812942
    efficiency: 0.696083
    discharge_ratio: 0.5
    depth_of_discharge: 1.0
