cost_values:
  wind_capex: 5000.0
  wind_opex: 100
  wind_lifetime: 20
  solar_capex: 1000.0
  solar_opex: 10
  solar_lifetime: 20
  carbon_price: 1.0
timeseries_values:
  load_level: 269681.1214960883
  wind_year: 2014
  solar_year: 2015
  price_year: 2023
  carbon_year: 2023
storage_values:
  CAES:
    cost: 79.1285
    lifetime: 29.0608
    annual_cost: 2.7228603479601388
    efficiency: 0.604028
    discharge_ratio: 0.1
    depth_of_discharge: 0.4
  Li-ion:
    cost: 260.679
    lifetime: 26.9428
    annual_cost: 9.675275027094436
    efficiency: 0.941561
    discharge_ratio: 2
    depth_of_discharge: 0.9
  Pb-acid:
    cost: 68.7207
    lifetime: 10.9074
    annual_cost: 6.300374057978986
    efficiency: 0.749335
    discharge_ratio: 5
    depth_of_discharge: 0.5
  VRBF:
    cost: 213.242
    lifetime: 20.621
    annual_cost: 10.34101159012657
    efficiency: 0.693866
    discharge_ratio: 0.5
    depth_of_discharge: 1.0
