cost_values:
  wind_capex: 5000.0
  wind_opex: 100
  wind_lifetime: 20
  solar_capex: 1000.0
  solar_opex: 10
  solar_lifetime: 20
  carbon_price: 1.0
timeseries_values:
  load_level: 269681.1214960883
  wind_year: 2014
  solar_year: 2015
  price_year: 2023
  carbon_year: 2023
storage_values:
  CAES:
    cost: 74.233
    lifetime: 27.5521
    annual_cost: 2.6942773872046053
    efficiency: 0.612878
    discharge_ratio: 0.1
    depth_of_discharge: 0.4
  Li-ion:
    cost: 287.43
    lifetime: 26.545
    annual_cost: 10.828027877189678
    efficiency: 0.941546
    discharge_ratio: 2
    depth_of_discharge: 0.9
  Pb-acid:
    cost: 72.7528
    lifetime: 12.3851
    annual_cost: 5.8742198286650895
    efficiency: 0.741204
    discharge_ratio: 5
    depth_of_discharge: 0.5
  VRBF:
    cost: 175.946
    lifetime: 21.4129
    annual_cost: 8.216822569572548
    efficiency: 0.69956
    discharge_ratio: 0.5
    depth_of_discharge: 1.0
