cost_values:
  wind_capex: 5000.0
  wind_opex: 100
  wind_lifetime: 20
  solar_capex: 1000.0
  solar_opex: 10
  solar_lifetime: 20
  carbon_price: 1.0
timeseries_values:
  load_level: 269681.1214960883
  wind_year: 2014
  solar_year: 2015
  price_year: 2023
  carbon_year: 2023
storage_values:
  CAES:
    cost: 74.9573
    lifetime: 28.3494
    annual_cost: 2.6440524314447575
    efficiency: 0.607609
    discharge_ratio: 0.1
    depth_of_discharge: 0.4
  Li-ion:
    cost: 256.985
    lifetime: 27.0097
    annual_cost: 9.514544774655032
    efficiency: 0.931055
    discharge_ratio: 2
    depth_of_discharge: 0.9
  Pb-acid:
    cost: 92.0923
    lifetime: 11.6607
    annual_cost: 7.897664805714922
    efficiency: 0.740885
    discharge_ratio: 5
    depth_of_discharge: 0.5
  VRBF:
    cost: 234.489
    lifetime: 23.3605
    annual_cost: 10.037841655786478
    efficiency: 0.692347
    discharge_ratio: 0.5
    depth_of_discharge: 1.0
