cost_values:
  wind_capex: 5000.0
  wind_opex: 100
  wind_lifetime: 20
  solar_capex: 1000.0
  solar_opex: 10
  solar_lifetime: 20
  carbon_price: 1.0
timeseries_values:
  load_level: 269681.1214960883
  wind_year: 2014
  solar_year: 2015
  price_year: 2023
  carbon_year: 2023
storage_values:
  CAES:
    cost: 74.4523
    lifetime: 27.3613
    annual_cost: 2.7210805042158084
    efficiency: 0.602144
    discharge_ratio: 0.1
    depth_of_discharge: 0.4
  Li-ion:
    cost: 278.064
    lifetime: 26.6757
    annual_cost: 10.423868914405247
    efficiency: 0.941246
    discharge_ratio: 2
    depth_of_discharge: 0.9
  Pb-acid:
    cost: 80.2735
    lifetime: 10.6263
    annual_cost: 7.554228659081712
    efficiency: 0.739871
    discharge_ratio: 5
    depth_of_discharge: 0.5
  VRBF:
    cost: 247.435
    lifetime: 21.434
    annual_cost: 11.544042175982083
    efficiency: 0.707391
    discharge_ratio: 0.5
    depth_of_discharge: 1.0
