cost_values:
  wind_capex: 5000.0
  wind_opex: 100
  wind_lifetime: 20
  solar_capex: 1000.0
  solar_opex: 10
  solar_lifetime: 20
  carbon_price: 1.0
timeseries_values:
  load_level: 269681.1214960883
  wind_year: 2014
  solar_year: 2015
  price_year: 2023
  carbon_year: 2023
storage_values:
  CAES:
    cost: 79.5158
    lifetime: 27.9531
    annual_cost: 2.844614729672201
    efficiency: 0.611474
    discharge_ratio: 0.1
    depth_of_discharge: 0.4
  Li-ion:
    cost: 265.33
    lifetime: 26.6675
    annual_cost: 9.94956407612262
    efficiency: 0.94451
    discharge_ratio: 2
    depth_of_discharge: 0.9
  Pb-acid:
    cost: 91.0395
    lifetime: 11.458
    annual_cost: 7.9454965962646185
    efficiency: 0.74007
    discharge_ratio: 5
    depth_of_discharge: 0.5
  VRBF:
    cost: 220.029
    lifetime: 21.1518
    annual_cost: 10.40237710265793
    efficiency: 0.708032
    discharge_ratio: 0.5
    depth_of_discharge: 1.0
