cost_values:
  wind_capex: 5000.0
  wind_opex: 100
  wind_lifetime: 20
  solar_capex: 1000.0
  solar_opex: 10
  solar_lifetime: 20
  carbon_price: 1.0
timeseries_values:
  load_level: 269681.1214960883
  wind_year: 2014
  solar_year: 2015
  price_year: 2023
  carbon_year: 2023
storage_values:
  CAES:
    cost: 74.2357
    lifetime: 28.2321
    annual_cost: 2.62947850142214
    efficiency: 0.608214
    discharge_ratio: 0.1
    depth_of_discharge: 0.4
  Li-ion:
    cost: 262.832
    lifetime: 28.4579
    annual_cost: 9.235818524908725
    efficiency: 0.941978
    discharge_ratio: 2
    depth_of_discharge: 0.9
  Pb-acid:
    cost: 83.956
    lifetime: 12.2722
    annual_cost: 6.841153175469762
    efficiency: 0.741933
    discharge_ratio: 5
    depth_of_discharge: 0.5
  VRBF:
    cost: 210.269
    lifetime: 22.2306
    annual_cost: 9.45853913074771
    efficiency: 0.719857
    discharge_ratio: 0.5
    depth_of_discharge: 1.0
