cost_values:
  wind_capex: 5000.0
  wind_opex: 100
  wind_lifetime: 20
  solar_capex: 1000.0
  solar_opex: 10
  solar_lifetime: 20
  carbon_price: 1.0
timeseries_values:
  load_level: 226322.87609349302
  wind_year: 2011
  solar_year: 2016
  price_year: 2023
  carbon_year: 2023
storage_values:
  CAES:
    cost: 57.3713
    lifetime: 22.0669
    annual_cost: 2.5998803638027996
    efficiency: 0.584812
    discharge_ratio: 0.1
    depth_of_discharge: 0.4
  Li-ion:
    cost: 154.277
    lifetime: 23.672
    annual_cost: 6.5172777965528885
    efficiency: 0.872299
    discharge_ratio: 2
    depth_of_discharge: 0.9
  Pb-acid:
    cost: 97.5145
    lifetime: 15.8507
    annual_cost: 6.152062684928741
    efficiency: 0.714328
    discharge_ratio: 5
    depth_of_discharge: 0.5
  VRBF:
    cost: 295.14
    lifetime: 15.468
    annual_cost: 19.080682699767262
    efficiency: 0.705186
    discharge_ratio: 0.5
    depth_of_discharge: 1.0
