cost_values:
  wind_capex: 5000.0
  wind_opex: 100
  wind_lifetime: 20
  solar_capex: 1000.0
  solar_opex: 10
  solar_lifetime: 20
  carbon_price: 1.0
timeseries_values:
  load_level: 226322.87609349302
  wind_year: 2011
  solar_year: 2016
  price_year: 2023
  carbon_year: 2023
storage_values:
  CAES:
    cost: 56.4145
    lifetime: 20.6726
    annual_cost: 2.7289503981115097
    efficiency: 0.582997
    discharge_ratio: 0.1
    depth_of_discharge: 0.4
  Li-ion:
    cost: 157.769
    lifetime: 22.8547
    annual_cost: 6.903131522181433
    efficiency: 0.862568
    discharge_ratio: 2
    depth_of_discharge: 0.9
  Pb-acid:
    cost: 70.6056
    lifetime: 16.0589
    annual_cost: 4.396664777786772
    efficiency: 0.717834
    discharge_ratio: 5
    depth_of_discharge: 0.5
  VRBF:
    cost: 288.658
    lifetime: 12.4852
    annual_cost: 23.120014096690483
    efficiency: 0.703285
    discharge_ratio: 0.5
    depth_of_discharge: 1.0
