cost_values:
  wind_capex: 5000.0
  wind_opex: 100
  wind_lifetime: 20
  solar_capex: 1000.0
  solar_opex: 10
  solar_lifetime: 20
  carbon_price: 1.0
timeseries_values:
  load_level: 226322.87609349302
  wind_year: 2011
  solar_year: 2016
  price_year: 2023
  carbon_year: 2023
storage_values:
  CAES:
    cost: 55.284
    lifetime: 22.0884
    annual_cost: 2.502852175802684
    efficiency: 0.587096
    discharge_ratio: 0.1
    depth_of_discharge: 0.4
  Li-ion:
    cost: 180.912
    lifetime: 21.6537
    annual_cost: 8.354784632649386
    efficiency: 0.858885
    discharge_ratio: 2
    depth_of_discharge: 0.9
  Pb-acid:
    cost: 59.4319
    lifetime: 14.3314
    annual_cost: 4.146970986784264
    efficiency: 0.710871
    discharge_ratio: 5
    depth_of_discharge: 0.5
  VRBF:
    cost: 286.883
    lifetime: 15.1245
    annual_cost: 18.96809811894608
    efficiency: 0.711529
    discharge_ratio: 0.5
    depth_of_discharge: 1.0
