cost_values:
  wind_capex: 5000.0
  wind_opex: 100
  wind_lifetime: 20
  solar_capex: 1000.0
  solar_opex: 10
  solar_lifetime: 20
  carbon_price: 1.0
timeseries_values:
  load_level: 226322.87609349302
  wind_year: 2011
  solar_year: 2016
  price_year: 2023
  carbon_year: 2023
storage_values:
  CAES:
    cost: 56.8317
    lifetime: 21.3578
    annual_cost: 2.660934178613902
    efficiency: 0.589602
    discharge_ratio: 0.1
    depth_of_discharge: 0.4
  Li-ion:
    cost: 172.883
    lifetime: 25.5296
    annual_cost: 6.771864815743295
    efficiency: 0.852942
    discharge_ratio: 2
    depth_of_discharge: 0.9
  Pb-acid:
    cost: 57.7535
    lifetime: 14.1463
    annual_cost: 4.082586966203177
    efficiency: 0.705736
    discharge_ratio: 5
    depth_of_discharge: 0.5
  VRBF:
    cost: 288.985
    lifetime: 14.7555
    annual_cost: 19.584900545559286
    efficiency: 0.69892
    discharge_ratio: 0.5
    depth_of_discharge: 1.0
