cost_values:
  wind_capex: 5000.0
  wind_opex: 100
  wind_lifetime: 20
  solar_capex: 1000.0
  solar_opex: 10
  solar_lifetime: 20
  carbon_price: 1.0
timeseries_values:
  load_level: 226322.87609349302
  wind_year: 2011
  solar_year: 2016
  price_year: 2023
  carbon_year: 2023
storage_values:
  CAES:
    cost: 55.0754
    lifetime: 21.338
    annual_cost: 2.581094760521136
    efficiency: 0.587573
    discharge_ratio: 0.1
    depth_of_discharge: 0.4
  Li-ion:
    cost: 162.387
    lifetime: 20.4909
    annual_cost: 7.9248349267235705
    efficiency: 0.859832
    discharge_ratio: 2
    depth_of_discharge: 0.9
  Pb-acid:
    cost: 88.6663
    lifetime: 14.7704
    annual_cost: 6.002972160537291
    efficiency: 0.729412
    discharge_ratio: 5
    depth_of_discharge: 0.5
  VRBF:
    cost: 232.657
    lifetime: 15.7114
    annual_cost: 14.808164772076328
    efficiency: 0.699319
    discharge_ratio: 0.5
    depth_of_discharge: 1.0
