cost_values:
  wind_capex: 5000.0
  wind_opex: 100
  wind_lifetime: 20
  solar_capex: 1000.0
  solar_opex: 10
  solar_lifetime: 20
  carbon_price: 1.0
timeseries_values:
  load_level: 226322.87609349302
  wind_year: 2011
  solar_year: 2016
  price_year: 2023
  carbon_year: 2023
storage_values:
  CAES:
    cost: 56.2841
    lifetime: 21.2134
    annual_cost: 2.6532333336476004
    efficiency: 0.587131
    discharge_ratio: 0.1
    depth_of_discharge: 0.4
  Li-ion:
    cost: 169.139
    lifetime: 22.1299
    annual_cost: 7.643007876221764
    efficiency: 0.859235
    discharge_ratio: 2
    depth_of_discharge: 0.9
  Pb-acid:
    cost: 88.7118
    lifetime: 15.135
    annual_cost: 5.861367690782953
    efficiency: 0.723368
    discharge_ratio: 5
    depth_of_discharge: 0.5
  VRBF:
    cost: 239.606
    lifetime: 14.9415
    annual_cost: 16.03627480507312
    efficiency: 0.724891
    discharge_ratio: 0.5
    depth_of_discharge: 1.0
