cost_values:
  wind_capex: 5000.0
  wind_opex: 100
  wind_lifetime: 20
  solar_capex: 1000.0
  solar_opex: 10
  solar_lifetime: 20
  carbon_price: 1.0
timeseries_values:
  load_level: 226322.87609349302
  wind_year: 2011
  solar_year: 2016
  price_year: 2023
  carbon_year: 2023
storage_values:
  CAES:
    cost: 53.4623
    lifetime: 20.891
    annual_cost: 2.559106792398641
    efficiency: 0.583404
    discharge_ratio: 0.1
    depth_of_discharge: 0.4
  Li-ion:
    cost: 177.626
    lifetime: 21.4831
    annual_cost: 8.268173587610727
    efficiency: 0.862252
    discharge_ratio: 2
    depth_of_discharge: 0.9
  Pb-acid:
    cost: 103.351
    lifetime: 14.6767
    annual_cost: 7.041841830929296
    efficiency: 0.707433
    discharge_ratio: 5
    depth_of_discharge: 0.5
  VRBF:
    cost: 238.356
    lifetime: 14.2173
    annual_cost: 16.765208583908336
    efficiency: 0.713729
    discharge_ratio: 0.5
    depth_of_discharge: 1.0
