cost_values:
  wind_capex: 5000.0
  wind_opex: 100
  wind_lifetime: 20
  solar_capex: 1000.0
  solar_opex: 10
  solar_lifetime: 20
  carbon_price: 1.0
timeseries_values:
  load_level: 226322.87609349302
  wind_year: 2011
  solar_year: 2016
  price_year: 2023
  carbon_year: 2023
storage_values:
  CAES:
    cost: 65.9943
    lifetime: 22.6405
    annual_cost: 2.914878204986639
    efficiency: 0.585601
    discharge_ratio: 0.1
    depth_of_discharge: 0.4
  Li-ion:
    cost: 183.362
    lifetime: 20.6422
    annual_cost: 8.882871011810757
    efficiency: 0.862073
    discharge_ratio: 2
    depth_of_discharge: 0.9
  Pb-acid:
    cost: 79.7946
    lifetime: 13.7454
    annual_cost: 5.805185734864027
    efficiency: 0.715303
    discharge_ratio: 5
    depth_of_discharge: 0.5
  VRBF:
    cost: 280.235
    lifetime: 15.1955
    annual_cost: 18.44197295251884
    efficiency: 0.705306
    discharge_ratio: 0.5
    depth_of_discharge: 1.0
