cost_values:
  wind_capex: 5000.0
  wind_opex: 100
  wind_lifetime: 20
  solar_capex: 1000.0
  solar_opex: 10
  solar_lifetime: 20
  carbon_price: 1.0
timeseries_values:
  load_level: 226322.87609349302
  wind_year: 2011
  solar_year: 2016
  price_year: 2023
  carbon_year: 2023
storage_values:
  CAES:
    cost: 56.9756
    lifetime: 22.1219
    annual_cost: 2.57552922669391
    efficiency: 0.586785
    discharge_ratio: 0.1
    depth_of_discharge: 0.4
  Li-ion:
    cost: 160.974
    lifetime: 24.5513
    annual_cost: 6.556638548671557
    efficiency: 0.856278
    discharge_ratio: 2
    depth_of_discharge: 0.9
  Pb-acid:
    cost: 75.2796
    lifetime: 13.9934
    annual_cost: 5.379650406620264
    efficiency: 0.726553
    discharge_ratio: 5
    depth_of_discharge: 0.5
  VRBF:
    cost: 261.17
    lifetime: 14.48
    annual_cost: 18.036602209944753
    efficiency: 0.693453
    discharge_ratio: 0.5
    depth_of_discharge: 1.0
