cost_values:
  wind_capex: 5000.0
  wind_opex: 100
  wind_lifetime: 20
  solar_capex: 1000.0
  solar_opex: 10
  solar_lifetime: 20
  carbon_price: 1.0
timeseries_values:
  load_level: 226322.87609349302
  wind_year: 2011
  solar_year: 2016
  price_year: 2023
  carbon_year: 2023
storage_values:
  CAES:
    cost: 59.378
    lifetime: 22.0139
    annual_cost: 2.6972957994721516
    efficiency: 0.585713
    discharge_ratio: 0.1
    depth_of_discharge: 0.4
  Li-ion:
    cost: 181.218
    lifetime: 22.7929
    annual_cost: 7.950633749983547
    efficiency: 0.859226
    discharge_ratio: 2
    depth_of_discharge: 0.9
  Pb-acid:
    cost: 75.4832
    lifetime: 15.7523
    annual_cost: 4.791884359744291
    efficiency: 0.722507
    discharge_ratio: 5
    depth_of_discharge: 0.5
  VRBF:
    cost: 249.643
    lifetime: 14.3828
    annual_cost: 17.357051478154464
    efficiency: 0.68938
    discharge_ratio: 0.5
    depth_of_discharge: 1.0
