cost_values:
  wind_capex: 5000.0
  wind_opex: 100
  wind_lifetime: 20
  solar_capex: 1000.0
  solar_opex: 10
  solar_lifetime: 20
  carbon_price: 1.0
timeseries_values:
  load_level: 226322.87609349302
  wind_year: 2011
  solar_year: 2016
  price_year: 2023
  carbon_year: 2023
storage_values:
  CAES:
    cost: 59.0944
    lifetime: 22.1944
    annual_cost: 2.662581552103233
    efficiency: 0.585081
    discharge_ratio: 0.1
    depth_of_discharge: 0.4
  Li-ion:
    cost: 158.681
    lifetime: 20.9914
    annual_cost: 7.559333822422517
    efficiency: 0.863677
    discharge_ratio: 2
    depth_of_discharge: 0.9
  Pb-acid:
    cost: 84.5399
    lifetime: 14.509
    annual_cost: 5.826721345371838
    efficiency: 0.720274
    discharge_ratio: 5
    depth_of_discharge: 0.5
  VRBF:
    cost: 272.522
    lifetime: 15.2522
    annual_cost: 17.86771744404086
    efficiency: 0.701313
    discharge_ratio: 0.5
    depth_of_discharge: 1.0
