cost_values:
  wind_capex: 5000.0
  wind_opex: 100
  wind_lifetime: 20
  solar_capex: 1000.0
  solar_opex: 10
  solar_lifetime: 20
  carbon_price: 1.0
timeseries_values:
  load_level: 226322.87609349302
  wind_year: 2011
  solar_year: 2016
  price_year: 2023
  carbon_year: 2023
storage_values:
  CAES:
    cost: 59.2045
    lifetime: 21.7067
    annual_cost: 2.7274758484707484
    efficiency: 0.570852
    discharge_ratio: 0.1
    depth_of_discharge: 0.4
  Li-ion:
    cost: 164.269
    lifetime: 22.9566
    annual_cost: 7.15563280276696
    efficiency: 0.864064
    discharge_ratio: 2
    depth_of_discharge: 0.9
  Pb-acid:
    cost: 67.7662
    lifetime: 14.8731
    annual_cost: 4.55629290463992
    efficiency: 0.719719
    discharge_ratio: 5
    depth_of_discharge: 0.5
  VRBF:
    cost: 282.674
    lifetime: 14.9297
    annual_cost: 18.93366912931941
    efficiency: 0.712859
    discharge_ratio: 0.5
    depth_of_discharge: 1.0
