cost_values:
  wind_capex: 5000.0
  wind_opex: 100
  wind_lifetime: 20
  solar_capex: 1000.0
  solar_opex: 10
  solar_lifetime: 20
  carbon_price: 1.0
timeseries_values:
  load_level: 226322.87609349302
  wind_year: 2011
  solar_year: 2016
  price_year: 2023
  carbon_year: 2023
storage_values:
  CAES:
    cost: 48.3662
    lifetime: 21.0621
    annual_cost: 2.2963617113203334
    efficiency: 0.578214
    discharge_ratio: 0.1
    depth_of_discharge: 0.4
  Li-ion:
    cost: 162.282
    lifetime: 21.0525
    annual_cost: 7.708443177769862
    efficiency: 0.86502
    discharge_ratio: 2
    depth_of_discharge: 0.9
  Pb-acid:
    cost: 92.6578
    lifetime: 13.2961
    annual_cost: 6.9687953610457205
    efficiency: 0.7248
    discharge_ratio: 5
    depth_of_discharge: 0.5
  VRBF:
    cost: 244.316
    lifetime: 13.4411
    annual_cost: 18.17678612613551
    efficiency: 0.708993
    discharge_ratio: 0.5
    depth_of_discharge: 1.0
