cost_values:
  wind_capex: 5000.0
  wind_opex: 100
  wind_lifetime: 20
  solar_capex: 1000.0
  solar_opex: 10
  solar_lifetime: 20
  carbon_price: 1.0
timeseries_values:
  load_level: 226322.87609349302
  wind_year: 2011
  solar_year: 2016
  price_year: 2023
  carbon_year: 2023
storage_values:
  CAES:
    cost: 58.9009
    lifetime: 21.1393
    annual_cost: 2.786322158255004
    efficiency: 0.581907
    discharge_ratio: 0.1
    depth_of_discharge: 0.4
  Li-ion:
    cost: 167.958
    lifetime: 22.9395
    annual_cost: 7.32178120708821
    efficiency: 0.865906
    discharge_ratio: 2
    depth_of_discharge: 0.9
  Pb-acid:
    cost: 67.5523
    lifetime: 12.702
    annual_cost: 5.3182412218548265
    efficiency: 0.723699
    discharge_ratio: 5
    depth_of_discharge: 0.5
  VRBF:
    cost: 267.283
    lifetime: 13.5354
    annual_cost: 19.746959823869265
    efficiency: 0.690741
    discharge_ratio: 0.5
    depth_of_discharge: 1.0
