cost_values:
  wind_capex: 5000.0
  wind_opex: 100
  wind_lifetime: 20
  solar_capex: 1000.0
  solar_opex: 10
  solar_lifetime: 20
  carbon_price: 1.0
timeseries_values:
  load_level: 226322.87609349302
  wind_year: 2011
  solar_year: 2016
  price_year: 2023
  carbon_year: 2023
storage_values:
  CAES:
    cost: 55.3364
    lifetime: 20.694
    annual_cost: 2.6740311201314393
    efficiency: 0.585412
    discharge_ratio: 0.1
    depth_of_discharge: 0.4
  Li-ion:
    cost: 145.983
    lifetime: 22.0049
    annual_cost: 6.634113311126159
    efficiency: 0.861764
    discharge_ratio: 2
    depth_of_discharge: 0.9
  Pb-acid:
    cost: 69.0205
    lifetime: 14.1409
    annual_cost: 4.88091281318728
    efficiency: 0.704603
    discharge_ratio: 5
    depth_of_discharge: 0.5
  VRBF:
    cost: 278.277
    lifetime: 15.2535
    annual_cost: 18.243485101779918
    efficiency: 0.674553
    discharge_ratio: 0.5
    depth_of_discharge: 1.0
