cost_values:
  wind_capex: 5000.0
  wind_opex: 100
  wind_lifetime: 20
  solar_capex: 1000.0
  solar_opex: 10
  solar_lifetime: 20
  carbon_price: 1.0
timeseries_values:
  load_level: 226322.87609349302
  wind_year: 2011
  solar_year: 2016
  price_year: 2023
  carbon_year: 2023
storage_values:
  CAES:
    cost: 59.4162
    lifetime: 22.2157
    annual_cost: 2.6745139698501514
    efficiency: 0.586482
    discharge_ratio: 0.1
    depth_of_discharge: 0.4
  Li-ion:
    cost: 180.79
    lifetime: 23.9518
    annual_cost: 7.548075718735126
    efficiency: 0.85459
    discharge_ratio: 2
    depth_of_discharge: 0.9
  Pb-acid:
    cost: 81.613
    lifetime: 13.2922
    annual_cost: 6.139916642843171
    efficiency: 0.728498
    discharge_ratio: 5
    depth_of_discharge: 0.5
  VRBF:
    cost: 261.044
    lifetime: 15.0439
    annual_cost: 17.352149376159105
    efficiency: 0.700526
    discharge_ratio: 0.5
    depth_of_discharge: 1.0
