cost_values:
  wind_capex: 5000.0
  wind_opex: 100
  wind_lifetime: 20
  solar_capex: 1000.0
  solar_opex: 10
  solar_lifetime: 20
  carbon_price: 1.0
timeseries_values:
  load_level: 226322.87609349302
  wind_year: 2011
  solar_year: 2016
  price_year: 2023
  carbon_year: 2023
storage_values:
  CAES:
    cost: 59.7805
    lifetime: 21.9134
    annual_cost: 2.728033988335904
    efficiency: 0.579512
    discharge_ratio: 0.1
    depth_of_discharge: 0.4
  Li-ion:
    cost: 168.601
    lifetime: 22.2381
    annual_cost: 7.581627926846268
    efficiency: 0.858053
    discharge_ratio: 2
    depth_of_discharge: 0.9
  Pb-acid:
    cost: 80.4513
    lifetime: 14.5955
    annual_cost: 5.51206193689836
    efficiency: 0.717741
    discharge_ratio: 5
    depth_of_discharge: 0.5
  VRBF:
    cost: 275.987
    lifetime: 15.2227
    annual_cost: 18.129963804055787
    efficiency: 0.71672
    discharge_ratio: 0.5
    depth_of_discharge: 1.0
