cost_values:
  wind_capex: 5000.0
  wind_opex: 100
  wind_lifetime: 20
  solar_capex: 1000.0
  solar_opex: 10
  solar_lifetime: 20
  carbon_price: 1.0
timeseries_values:
  load_level: 226322.87609349302
  wind_year: 2011
  solar_year: 2016
  price_year: 2023
  carbon_year: 2023
storage_values:
  CAES:
    cost: 55.4889
    lifetime: 21.4537
    annual_cost: 2.5864489575224785
    efficiency: 0.574992
    discharge_ratio: 0.1
    depth_of_discharge: 0.4
  Li-ion:
    cost: 199.053
    lifetime: 21.8222
    annual_cost: 9.121582608536261
    efficiency: 0.86474
    discharge_ratio: 2
    depth_of_discharge: 0.9
  Pb-acid:
    cost: 59.9476
    lifetime: 14.4906
    annual_cost: 4.1369991580748895
    efficiency: 0.71445
    discharge_ratio: 5
    depth_of_discharge: 0.5
  VRBF:
    cost: 253.05
    lifetime: 13.7361
    annual_cost: 18.422259593334353
    efficiency: 0.696564
    discharge_ratio: 0.5
    depth_of_discharge: 1.0
