cost_values:
  wind_capex: 5000.0
  wind_opex: 100
  wind_lifetime: 20
  solar_capex: 1000.0
  solar_opex: 10
  solar_lifetime: 20
  carbon_price: 1.0
timeseries_values:
  load_level: 226322.87609349302
  wind_year: 2011
  solar_year: 2016
  price_year: 2023
  carbon_year: 2023
storage_values:
  CAES:
    cost: 49.5386
    lifetime: 20.5612
    annual_cost: 2.4093243585004767
    efficiency: 0.583288
    discharge_ratio: 0.1
    depth_of_discharge: 0.4
  Li-ion:
    cost: 167.934
    lifetime: 21.2719
    annual_cost: 7.894640347124611
    efficiency: 0.854642
    discharge_ratio: 2
    depth_of_discharge: 0.9
  Pb-acid:
    cost: 72.3616
    lifetime: 14.8026
    annual_cost: 4.888438517557726
    efficiency: 0.733308
    discharge_ratio: 5
    depth_of_discharge: 0.5
  VRBF:
    cost: 278.639
    lifetime: 14.736
    annual_cost: 18.908726927252985
    efficiency: 0.700154
    discharge_ratio: 0.5
    depth_of_discharge: 1.0
