cost_values:
  wind_capex: 5000.0
  wind_opex: 100
  wind_lifetime: 20
  solar_capex: 1000.0
  solar_opex: 10
  solar_lifetime: 20
  carbon_price: 1.0
timeseries_values:
  load_level: 226322.87609349302
  wind_year: 2011
  solar_year: 2016
  price_year: 2023
  carbon_year: 2023
storage_values:
  CAES:
    cost: 50.1977
    lifetime: 20.653
    annual_cost: 2.4305282525541085
    efficiency: 0.588653
    discharge_ratio: 0.1
    depth_of_discharge: 0.4
  Li-ion:
    cost: 184.06
    lifetime: 23.4404
    annual_cost: 7.8522550809713145
    efficiency: 0.871043
    discharge_ratio: 2
    depth_of_discharge: 0.9
  Pb-acid:
    cost: 63.8442
    lifetime: 15.3698
    annual_cost: 4.1538731798722175
    efficiency: 0.719615
    discharge_ratio: 5
    depth_of_discharge: 0.5
  VRBF:
    cost: 269.01
    lifetime: 15.4234
    annual_cost: 17.441679525915166
    efficiency: 0.696265
    discharge_ratio: 0.5
    depth_of_discharge: 1.0
