cost_values:
  wind_capex: 5000.0
  wind_opex: 100
  wind_lifetime: 20
  solar_capex: 1000.0
  solar_opex: 10
  solar_lifetime: 20
  carbon_price: 1.0
timeseries_values:
  load_level: 226322.87609349302
  wind_year: 2011
  solar_year: 2016
  price_year: 2023
  carbon_year: 2023
storage_values:
  CAES:
    cost: 60.1056
    lifetime: 21.1454
    annual_cost: 2.8424905653239003
    efficiency: 0.587063
    discharge_ratio: 0.1
    depth_of_discharge: 0.4
  Li-ion:
    cost: 170.76
    lifetime: 23.0031
    annual_cost: 7.423347287974229
    efficiency: 0.868157
    discharge_ratio: 2
    depth_of_discharge: 0.9
  Pb-acid:
    cost: 60.5971
    lifetime: 14.8963
    annual_cost: 4.067929620107006
    efficiency: 0.717904
    discharge_ratio: 5
    depth_of_discharge: 0.5
  VRBF:
    cost: 240.125
    lifetime: 14.6799
    annual_cost: 16.357400254770127
    efficiency: 0.696647
    discharge_ratio: 0.5
    depth_of_discharge: 1.0
