cost_values:
  wind_capex: 5000.0
  wind_opex: 100
  wind_lifetime: 20
  solar_capex: 1000.0
  solar_opex: 10
  solar_lifetime: 20
  carbon_price: 1.0
timeseries_values:
  load_level: 226322.87609349302
  wind_year: 2011
  solar_year: 2016
  price_year: 2023
  carbon_year: 2023
storage_values:
  CAES:
    cost: 54.1737
    lifetime: 21.5211
    annual_cost: 2.517236572480031
    efficiency: 0.583329
    discharge_ratio: 0.1
    depth_of_discharge: 0.4
  Li-ion:
    cost: 185.903
    lifetime: 22.5682
    annual_cost: 8.237387119929812
    efficiency: 0.855526
    discharge_ratio: 2
    depth_of_discharge: 0.9
  Pb-acid:
    cost: 85.295
    lifetime: 14.421
    annual_cost: 5.9146383745926085
    efficiency: 0.718169
    discharge_ratio: 5
    depth_of_discharge: 0.5
  VRBF:
    cost: 315.694
    lifetime: 12.5864
    annual_cost: 25.08215216424077
    efficiency: 0.697036
    discharge_ratio: 0.5
    depth_of_discharge: 1.0
