cost_values:
  wind_capex: 5000.0
  wind_opex: 100
  wind_lifetime: 20
  solar_capex: 1000.0
  solar_opex: 10
  solar_lifetime: 20
  carbon_price: 1.0
timeseries_values:
  load_level: 226322.87609349302
  wind_year: 2011
  solar_year: 2016
  price_year: 2023
  carbon_year: 2023
storage_values:
  CAES:
    cost: 61.4003
    lifetime: 21.9167
    annual_cost: 2.8015303398778104
    efficiency: 0.588199
    discharge_ratio: 0.1
    depth_of_discharge: 0.4
  Li-ion:
    cost: 172.297
    lifetime: 21.286
    annual_cost: 8.094381283472705
    efficiency: 0.86883
    discharge_ratio: 2
    depth_of_discharge: 0.9
  Pb-acid:
    cost: 89.3373
    lifetime: 15.5382
    annual_cost: 5.749526972236167
    efficiency: 0.72481
    discharge_ratio: 5
    depth_of_discharge: 0.5
  VRBF:
    cost: 283.955
    lifetime: 16.6245
    annual_cost: 17.080513699660138
    efficiency: 0.708868
    discharge_ratio: 0.5
    depth_of_discharge: 1.0
