cost_values:
  wind_capex: 5000.0
  wind_opex: 100
  wind_lifetime: 20
  solar_capex: 1000.0
  solar_opex: 10
  solar_lifetime: 20
  carbon_price: 1.0
timeseries_values:
  load_level: 226322.87609349302
  wind_year: 2011
  solar_year: 2016
  price_year: 2023
  carbon_year: 2023
storage_values:
  CAES:
    cost: 52.2945
    lifetime: 21.6547
    annual_cost: 2.414926089948141
    efficiency: 0.591113
    discharge_ratio: 0.1
    depth_of_discharge: 0.4
  Li-ion:
    cost: 151.268
    lifetime: 23.2302
    annual_cost: 6.511695981954524
    efficiency: 0.8578
    discharge_ratio: 2
    depth_of_discharge: 0.9
  Pb-acid:
    cost: 83.6962
    lifetime: 14.8412
    annual_cost: 5.63944964019082
    efficiency: 0.71981
    discharge_ratio: 5
    depth_of_discharge: 0.5
  VRBF:
    cost: 277.312
    lifetime: 14.2283
    annual_cost: 19.4901709972379
    efficiency: 0.702246
    discharge_ratio: 0.5
    depth_of_discharge: 1.0
