cost_values:
  wind_capex: 5000.0
  wind_opex: 100
  wind_lifetime: 20
  solar_capex: 1000.0
  solar_opex: 10
  solar_lifetime: 20
  carbon_price: 1.0
timeseries_values:
  load_level: 226322.87609349302
  wind_year: 2011
  solar_year: 2016
  price_year: 2023
  carbon_year: 2023
storage_values:
  CAES:
    cost: 56.9074
    lifetime: 20.9384
    annual_cost: 2.7178485462117448
    efficiency: 0.580034
    discharge_ratio: 0.1
    depth_of_discharge: 0.4
  Li-ion:
    cost: 173.411
    lifetime: 22.3665
    annual_cost: 7.753157624125366
    efficiency: 0.862967
    discharge_ratio: 2
    depth_of_discharge: 0.9
  Pb-acid:
    cost: 68.5849
    lifetime: 15.4202
    annual_cost: 4.447730898431927
    efficiency: 0.732237
    discharge_ratio: 5
    depth_of_discharge: 0.5
  VRBF:
    cost: 267.378
    lifetime: 15.4971
    annual_cost: 17.253421607913737
    efficiency: 0.699202
    discharge_ratio: 0.5
    depth_of_discharge: 1.0
