cost_values:
  wind_capex: 5000.0
  wind_opex: 100
  wind_lifetime: 20
  solar_capex: 1000.0
  solar_opex: 10
  solar_lifetime: 20
  carbon_price: 1.0
timeseries_values:
  load_level: 226322.87609349302
  wind_year: 2011
  solar_year: 2016
  price_year: 2023
  carbon_year: 2023
storage_values:
  CAES:
    cost: 52.521
    lifetime: 20.8296
    annual_cost: 2.5214598456043325
    efficiency: 0.583192
    discharge_ratio: 0.1
    depth_of_discharge: 0.4
  Li-ion:
    cost: 182.661
    lifetime: 19.8364
    annual_cost: 9.208374503438124
    efficiency: 0.853727
    discharge_ratio: 2
    depth_of_discharge: 0.9
  Pb-acid:
    cost: 90.1491
    lifetime: 14.6892
    annual_cost: 6.137100727064783
    efficiency: 0.684463
    discharge_ratio: 5
    depth_of_discharge: 0.5
  VRBF:
    cost: 275.007
    lifetime: 14.0308
    annual_cost: 19.60023662228811
    efficiency: 0.701804
    discharge_ratio: 0.5
    depth_of_discharge: 1.0
