cost_values:
  wind_capex: 5000.0
  wind_opex: 100
  wind_lifetime: 20
  solar_capex: 1000.0
  solar_opex: 10
  solar_lifetime: 20
  carbon_price: 1.0
timeseries_values:
  load_level: 226322.87609349302
  wind_year: 2011
  solar_year: 2016
  price_year: 2023
  carbon_year: 2023
storage_values:
  CAES:
    cost: 50.2485
    lifetime: 21.9964
    annual_cost: 2.284396537615246
    efficiency: 0.588214
    discharge_ratio: 0.1
    depth_of_discharge: 0.4
  Li-ion:
    cost: 172.259
    lifetime: 20.9729
    annual_cost: 8.213408732221104
    efficiency: 0.864451
    discharge_ratio: 2
    depth_of_discharge: 0.9
  Pb-acid:
    cost: 56.4654
    lifetime: 14.1671
    annual_cost: 3.985671026533306
    efficiency: 0.708822
    discharge_ratio: 5
    depth_of_discharge: 0.5
  VRBF:
    cost: 286.954
    lifetime: 15.7596
    annual_cost: 18.208203253889693
    efficiency: 0.719543
    discharge_ratio: 0.5
    depth_of_discharge: 1.0
