cost_values:
  wind_capex: 5000.0
  wind_opex: 100
  wind_lifetime: 20
  solar_capex: 1000.0
  solar_opex: 10
  solar_lifetime: 20
  carbon_price: 1.0
timeseries_values:
  load_level: 226322.87609349302
  wind_year: 2011
  solar_year: 2016
  price_year: 2023
  carbon_year: 2023
storage_values:
  CAES:
    cost: 49.8475
    lifetime: 22.1718
    annual_cost: 2.248238753732218
    efficiency: 0.575283
    discharge_ratio: 0.1
    depth_of_discharge: 0.4
  Li-ion:
    cost: 185.481
    lifetime: 20.9556
    annual_cost: 8.851142415392545
    efficiency: 0.850913
    discharge_ratio: 2
    depth_of_discharge: 0.9
  Pb-acid:
    cost: 79.7103
    lifetime: 14.4616
    annual_cost: 5.511858992089396
    efficiency: 0.721173
    discharge_ratio: 5
    depth_of_discharge: 0.5
  VRBF:
    cost: 252.526
    lifetime: 14.252
    annual_cost: 17.71863598091496
    efficiency: 0.702073
    discharge_ratio: 0.5
    depth_of_discharge: 1.0
