cost_values:
  wind_capex: 5000.0
  wind_opex: 100
  wind_lifetime: 20
  solar_capex: 1000.0
  solar_opex: 10
  solar_lifetime: 20
  carbon_price: 1.0
timeseries_values:
  load_level: 226322.87609349302
  wind_year: 2011
  solar_year: 2016
  price_year: 2023
  carbon_year: 2023
storage_values:
  CAES:
    cost: 54.2617
    lifetime: 20.9483
    annual_cost: 2.5902674680045634
    efficiency: 0.579819
    discharge_ratio: 0.1
    depth_of_discharge: 0.4
  Li-ion:
    cost: 167.516
    lifetime: 20.2842
    annual_cost: 8.258447461571075
    efficiency: 0.858099
    discharge_ratio: 2
    depth_of_discharge: 0.9
  Pb-acid:
    cost: 76.2126
    lifetime: 15.4313
    annual_cost: 4.938832113950218
    efficiency: 0.715285
    discharge_ratio: 5
    depth_of_discharge: 0.5
  VRBF:
    cost: 261.984
    lifetime: 13.2042
    annual_cost: 19.840959694642613
    efficiency: 0.702418
    discharge_ratio: 0.5
    depth_of_discharge: 1.0
