cost_values:
  wind_capex: 5000.0
  wind_opex: 100
  wind_lifetime: 20
  solar_capex: 1000.0
  solar_opex: 10
  solar_lifetime: 20
  carbon_price: 1.0
timeseries_values:
  load_level: 226322.87609349302
  wind_year: 2011
  solar_year: 2016
  price_year: 2023
  carbon_year: 2023
storage_values:
  CAES:
    cost: 54.9734
    lifetime: 22.6801
    annual_cost: 2.4238605649886904
    efficiency: 0.58106
    discharge_ratio: 0.1
    depth_of_discharge: 0.4
  Li-ion:
    cost: 171.639
    lifetime: 21.5611
    annual_cost: 7.960586426481024
    efficiency: 0.871621
    discharge_ratio: 2
    depth_of_discharge: 0.9
  Pb-acid:
    cost: 58.1594
    lifetime: 14.851
    annual_cost: 3.9161941956770585
    efficiency: 0.718361
    discharge_ratio: 5
    depth_of_discharge: 0.5
  VRBF:
    cost: 252.185
    lifetime: 15.5197
    annual_cost: 16.249347603368623
    efficiency: 0.691195
    discharge_ratio: 0.5
    depth_of_discharge: 1.0
