cost_values:
  wind_capex: 5000.0
  wind_opex: 100
  wind_lifetime: 20
  solar_capex: 1000.0
  solar_opex: 10
  solar_lifetime: 20
  carbon_price: 1.0
timeseries_values:
  load_level: 226322.87609349302
  wind_year: 2011
  solar_year: 2016
  price_year: 2023
  carbon_year: 2023
storage_values:
  CAES:
    cost: 52.6126
    lifetime: 20.9461
    annual_cost: 2.511808880889521
    efficiency: 0.584455
    discharge_ratio: 0.1
    depth_of_discharge: 0.4
  Li-ion:
    cost: 178.169
    lifetime: 21.2974
    annual_cost: 8.365762956980666
    efficiency: 0.857118
    discharge_ratio: 2
    depth_of_discharge: 0.9
  Pb-acid:
    cost: 89.366
    lifetime: 13.6525
    annual_cost: 6.545760849661234
    efficiency: 0.722508
    discharge_ratio: 5
    depth_of_discharge: 0.5
  VRBF:
    cost: 280.731
    lifetime: 16.0431
    annual_cost: 17.4985507788395
    efficiency: 0.720121
    discharge_ratio: 0.5
    depth_of_discharge: 1.0
