cost_values:
  wind_capex: 5000.0
  wind_opex: 100
  wind_lifetime: 20
  solar_capex: 1000.0
  solar_opex: 10
  solar_lifetime: 20
  carbon_price: 1.0
timeseries_values:
  load_level: 226322.87609349302
  wind_year: 2011
  solar_year: 2016
  price_year: 2023
  carbon_year: 2023
storage_values:
  CAES:
    cost: 60.5707
    lifetime: 21.3249
    annual_cost: 2.840374398004211
    efficiency: 0.581908
    discharge_ratio: 0.1
    depth_of_discharge: 0.4
  Li-ion:
    cost: 178.884
    lifetime: 21.3721
    annual_cost: 8.369977681182476
    efficiency: 0.85588
    discharge_ratio: 2
    depth_of_discharge: 0.9
  Pb-acid:
    cost: 51.419
    lifetime: 15.17
    annual_cost: 3.3895187870797625
    efficiency: 0.711056
    discharge_ratio: 5
    depth_of_discharge: 0.5
  VRBF:
    cost: 300.599
    lifetime: 11.4958
    annual_cost: 26.14859339932845
    efficiency: 0.700486
    discharge_ratio: 0.5
    depth_of_discharge: 1.0
