cost_values:
  wind_capex: 5000.0
  wind_opex: 100
  wind_lifetime: 20
  solar_capex: 1000.0
  solar_opex: 10
  solar_lifetime: 20
  carbon_price: 1.0
timeseries_values:
  load_level: 226322.87609349302
  wind_year: 2011
  solar_year: 2016
  price_year: 2023
  carbon_year: 2023
storage_values:
  CAES:
    cost: 57.5466
    lifetime: 22.1495
    annual_cost: 2.5980992798934515
    efficiency: 0.586232
    discharge_ratio: 0.1
    depth_of_discharge: 0.4
  Li-ion:
    cost: 175.997
    lifetime: 20.424
    annual_cost: 8.617166079122601
    efficiency: 0.86845
    discharge_ratio: 2
    depth_of_discharge: 0.9
  Pb-acid:
    cost: 83.5436
    lifetime: 13.869
    annual_cost: 6.023765231811955
    efficiency: 0.721466
    discharge_ratio: 5
    depth_of_discharge: 0.5
  VRBF:
    cost: 283.029
    lifetime: 16.1328
    annual_cost: 17.543699791728653
    efficiency: 0.693607
    discharge_ratio: 0.5
    depth_of_discharge: 1.0
