cost_values:
  wind_capex: 5000.0
  wind_opex: 100
  wind_lifetime: 20
  solar_capex: 1000.0
  solar_opex: 10
  solar_lifetime: 20
  carbon_price: 1.0
timeseries_values:
  load_level: 226322.87609349302
  wind_year: 2011
  solar_year: 2016
  price_year: 2023
  carbon_year: 2023
storage_values:
  CAES:
    cost: 58.8358
    lifetime: 21.8576
    annual_cost: 2.6917776883097866
    efficiency: 0.587744
    discharge_ratio: 0.1
    depth_of_discharge: 0.4
  Li-ion:
    cost: 173.317
    lifetime: 22.1488
    annual_cost: 7.825119193816369
    efficiency: 0.863846
    discharge_ratio: 2
    depth_of_discharge: 0.9
  Pb-acid:
    cost: 54.4274
    lifetime: 14.2548
    annual_cost: 3.8181805426943907
    efficiency: 0.725107
    discharge_ratio: 5
    depth_of_discharge: 0.5
  VRBF:
    cost: 290.785
    lifetime: 15.7543
    annual_cost: 18.45750049192919
    efficiency: 0.690963
    discharge_ratio: 0.5
    depth_of_discharge: 1.0
