cost_values:
  wind_capex: 5000.0
  wind_opex: 100
  wind_lifetime: 20
  solar_capex: 1000.0
  solar_opex: 10
  solar_lifetime: 20
  carbon_price: 1.0
timeseries_values:
  load_level: 226322.87609349302
  wind_year: 2011
  solar_year: 2016
  price_year: 2023
  carbon_year: 2023
storage_values:
  CAES:
    cost: 62.3077
    lifetime: 22.0204
    annual_cost: 2.829544422444642
    efficiency: 0.587835
    discharge_ratio: 0.1
    depth_of_discharge: 0.4
  Li-ion:
    cost: 183.294
    lifetime: 23.243
    annual_cost: 7.885987178935594
    efficiency: 0.87156
    discharge_ratio: 2
    depth_of_discharge: 0.9
  Pb-acid:
    cost: 97.3805
    lifetime: 16.1451
    annual_cost: 6.031582337675208
    efficiency: 0.720066
    discharge_ratio: 5
    depth_of_discharge: 0.5
  VRBF:
    cost: 277.892
    lifetime: 15.1895
    annual_cost: 18.295006418907796
    efficiency: 0.707687
    discharge_ratio: 0.5
    depth_of_discharge: 1.0
