cost_values:
  wind_capex: 5000.0
  wind_opex: 100
  wind_lifetime: 20
  solar_capex: 1000.0
  solar_opex: 10
  solar_lifetime: 20
  carbon_price: 1.0
timeseries_values:
  load_level: 226322.87609349302
  wind_year: 2011
  solar_year: 2016
  price_year: 2023
  carbon_year: 2023
storage_values:
  CAES:
    cost: 50.596
    lifetime: 21.7439
    annual_cost: 2.3269054769383595
    efficiency: 0.573776
    discharge_ratio: 0.1
    depth_of_discharge: 0.4
  Li-ion:
    cost: 172.906
    lifetime: 21.7567
    annual_cost: 7.9472530301010735
    efficiency: 0.868506
    discharge_ratio: 2
    depth_of_discharge: 0.9
  Pb-acid:
    cost: 54.1881
    lifetime: 15.1052
    annual_cost: 3.5873805047268488
    efficiency: 0.720241
    discharge_ratio: 5
    depth_of_discharge: 0.5
  VRBF:
    cost: 306.359
    lifetime: 12.8595
    annual_cost: 23.82355457055095
    efficiency: 0.693291
    discharge_ratio: 0.5
    depth_of_discharge: 1.0
