cost_values:
  wind_capex: 5000.0
  wind_opex: 100
  wind_lifetime: 20
  solar_capex: 1000.0
  solar_opex: 10
  solar_lifetime: 20
  carbon_price: 1.0
timeseries_values:
  load_level: 226322.87609349302
  wind_year: 2011
  solar_year: 2016
  price_year: 2023
  carbon_year: 2023
storage_values:
  CAES:
    cost: 57.5902
    lifetime: 22.1719
    annual_cost: 2.597440904929212
    efficiency: 0.595898
    discharge_ratio: 0.1
    depth_of_discharge: 0.4
  Li-ion:
    cost: 168.453
    lifetime: 20.8111
    annual_cost: 8.094382324817046
    efficiency: 0.872308
    discharge_ratio: 2
    depth_of_discharge: 0.9
  Pb-acid:
    cost: 55.8929
    lifetime: 16.1064
    annual_cost: 3.470229225649431
    efficiency: 0.716476
    discharge_ratio: 5
    depth_of_discharge: 0.5
  VRBF:
    cost: 255.055
    lifetime: 14.2076
    annual_cost: 17.95201159942566
    efficiency: 0.688944
    discharge_ratio: 0.5
    depth_of_discharge: 1.0
