cost_values:
  wind_capex: 5000.0
  wind_opex: 100
  wind_lifetime: 20
  solar_capex: 1000.0
  solar_opex: 10
  solar_lifetime: 20
  carbon_price: 1.0
timeseries_values:
  load_level: 226322.87609349302
  wind_year: 2011
  solar_year: 2016
  price_year: 2023
  carbon_year: 2023
storage_values:
  CAES:
    cost: 68.2352
    lifetime: 21.1235
    annual_cost: 3.2302980093261064
    efficiency: 0.57917
    discharge_ratio: 0.1
    depth_of_discharge: 0.4
  Li-ion:
    cost: 180.001
    lifetime: 22.9494
    annual_cost: 7.843385883726808
    efficiency: 0.854342
    discharge_ratio: 2
    depth_of_discharge: 0.9
  Pb-acid:
    cost: 77.197
    lifetime: 14.6979
    annual_cost: 5.252246919627974
    efficiency: 0.710573
    discharge_ratio: 5
    depth_of_discharge: 0.5
  VRBF:
    cost: 287.86
    lifetime: 12.8804
    annual_cost: 22.34868482345269
    efficiency: 0.69362
    discharge_ratio: 0.5
    depth_of_discharge: 1.0
