cost_values:
  wind_capex: 5000.0
  wind_opex: 100
  wind_lifetime: 20
  solar_capex: 1000.0
  solar_opex: 10
  solar_lifetime: 20
  carbon_price: 1.0
timeseries_values:
  load_level: 226322.87609349302
  wind_year: 2011
  solar_year: 2016
  price_year: 2023
  carbon_year: 2023
storage_values:
  CAES:
    cost: 60.2765
    lifetime: 20.4153
    annual_cost: 2.952516005152998
    efficiency: 0.592517
    discharge_ratio: 0.1
    depth_of_discharge: 0.4
  Li-ion:
    cost: 186.023
    lifetime: 21.0952
    annual_cost: 8.81826197428799
    efficiency: 0.864248
    discharge_ratio: 2
    depth_of_discharge: 0.9
  Pb-acid:
    cost: 88.1351
    lifetime: 15.3462
    annual_cost: 5.74312207582333
    efficiency: 0.72668
    discharge_ratio: 5
    depth_of_discharge: 0.5
  VRBF:
    cost: 276.951
    lifetime: 16.2524
    annual_cost: 17.04062169279614
    efficiency: 0.690413
    discharge_ratio: 0.5
    depth_of_discharge: 1.0
