cost_values:
  wind_capex: 5000.0
  wind_opex: 100
  wind_lifetime: 20
  solar_capex: 1000.0
  solar_opex: 10
  solar_lifetime: 20
  carbon_price: 1.0
timeseries_values:
  load_level: 226322.87609349302
  wind_year: 2011
  solar_year: 2016
  price_year: 2023
  carbon_year: 2023
storage_values:
  CAES:
    cost: 57.2204
    lifetime: 21.8328
    annual_cost: 2.6208457000476346
    efficiency: 0.576089
    discharge_ratio: 0.1
    depth_of_discharge: 0.4
  Li-ion:
    cost: 142.906
    lifetime: 23.2133
    annual_cost: 6.156212171470666
    efficiency: 0.856176
    discharge_ratio: 2
    depth_of_discharge: 0.9
  Pb-acid:
    cost: 62.272
    lifetime: 14.8229
    annual_cost: 4.201067267538741
    efficiency: 0.712229
    discharge_ratio: 5
    depth_of_discharge: 0.5
  VRBF:
    cost: 293.962
    lifetime: 14.8911
    annual_cost: 19.740784764053696
    efficiency: 0.702677
    discharge_ratio: 0.5
    depth_of_discharge: 1.0
