cost_values:
  wind_capex: 5000.0
  wind_opex: 100
  wind_lifetime: 20
  solar_capex: 1000.0
  solar_opex: 10
  solar_lifetime: 20
  carbon_price: 1.0
timeseries_values:
  load_level: 226322.87609349302
  wind_year: 2011
  solar_year: 2016
  price_year: 2023
  carbon_year: 2023
storage_values:
  CAES:
    cost: 55.3832
    lifetime: 20.6046
    annual_cost: 2.6879046426526116
    efficiency: 0.582573
    discharge_ratio: 0.1
    depth_of_discharge: 0.4
  Li-ion:
    cost: 176.197
    lifetime: 22.0508
    annual_cost: 7.9905037458958414
    efficiency: 0.873039
    discharge_ratio: 2
    depth_of_discharge: 0.9
  Pb-acid:
    cost: 72.5078
    lifetime: 14.4393
    annual_cost: 5.0215592168595435
    efficiency: 0.708197
    discharge_ratio: 5
    depth_of_discharge: 0.5
  VRBF:
    cost: 262.549
    lifetime: 14.0365
    annual_cost: 18.704734086132582
    efficiency: 0.710991
    discharge_ratio: 0.5
    depth_of_discharge: 1.0
