cost_values:
  wind_capex: 5000.0
  wind_opex: 100
  wind_lifetime: 20
  solar_capex: 1000.0
  solar_opex: 10
  solar_lifetime: 20
  carbon_price: 1.0
timeseries_values:
  load_level: 226322.87609349302
  wind_year: 2011
  solar_year: 2016
  price_year: 2023
  carbon_year: 2023
storage_values:
  CAES:
    cost: 59.0273
    lifetime: 21.1073
    annual_cost: 2.7965348481331103
    efficiency: 0.587416
    discharge_ratio: 0.1
    depth_of_discharge: 0.4
  Li-ion:
    cost: 177.462
    lifetime: 23.7126
    annual_cost: 7.483869335290099
    efficiency: 0.852857
    discharge_ratio: 2
    depth_of_discharge: 0.9
  Pb-acid:
    cost: 76.985
    lifetime: 14.8037
    annual_cost: 5.20038909191621
    efficiency: 0.718716
    discharge_ratio: 5
    depth_of_discharge: 0.5
  VRBF:
    cost: 238.965
    lifetime: 13.8623
    annual_cost: 17.23848134869394
    efficiency: 0.684318
    discharge_ratio: 0.5
    depth_of_discharge: 1.0
