cost_values:
  wind_capex: 5000.0
  wind_opex: 100
  wind_lifetime: 20
  solar_capex: 1000.0
  solar_opex: 10
  solar_lifetime: 20
  carbon_price: 1.0
timeseries_values:
  load_level: 249183.83600752553
  wind_year: 2013
  solar_year: 2011
  price_year: 2023
  carbon_year: 2023
storage_values:
  CAES:
    cost: 26.6044
    lifetime: 25.8721
    annual_cost: 1.028304621580776
    efficiency: 0.600992
    discharge_ratio: 0.1
    depth_of_discharge: 0.4
  Li-ion:
    cost: 225.895
    lifetime: 21.6355
    annual_cost: 10.440941970372767
    efficiency: 0.961402
    discharge_ratio: 2
    depth_of_discharge: 0.9
  Pb-acid:
    cost: 227.11
    lifetime: 11.8866
    annual_cost: 19.106388706610808
    efficiency: 0.72108
    discharge_ratio: 5
    depth_of_discharge: 0.5
  VRBF:
    cost: 315.373
    lifetime: 15.4762
    annual_cost: 20.377935152039907
    efficiency: 0.749881
    discharge_ratio: 0.5
    depth_of_discharge: 1.0
