cost_values:
  wind_capex: 5000.0
  wind_opex: 100
  wind_lifetime: 20
  solar_capex: 1000.0
  solar_opex: 10
  solar_lifetime: 20
  carbon_price: 1.0
timeseries_values:
  load_level: 249183.83600752553
  wind_year: 2013
  solar_year: 2011
  price_year: 2023
  carbon_year: 2023
storage_values:
  CAES:
    cost: 27.3678
    lifetime: 25.4676
    annual_cost: 1.0746124487584223
    efficiency: 0.605957
    discharge_ratio: 0.1
    depth_of_discharge: 0.4
  Li-ion:
    cost: 227.638
    lifetime: 22.7371
    annual_cost: 10.011742922360371
    efficiency: 0.957203
    discharge_ratio: 2
    depth_of_discharge: 0.9
  Pb-acid:
    cost: 213.33
    lifetime: 11.0372
    annual_cost: 19.32827166310296
    efficiency: 0.69682
    discharge_ratio: 5
    depth_of_discharge: 0.5
  VRBF:
    cost: 317.38
    lifetime: 16.2713
    annual_cost: 19.50550970113021
    efficiency: 0.760598
    discharge_ratio: 0.5
    depth_of_discharge: 1.0
