cost_values:
  wind_capex: 5000.0
  wind_opex: 100
  wind_lifetime: 20
  solar_capex: 1000.0
  solar_opex: 10
  solar_lifetime: 20
  carbon_price: 1.0
timeseries_values:
  load_level: 249183.83600752553
  wind_year: 2013
  solar_year: 2011
  price_year: 2023
  carbon_year: 2023
storage_values:
  CAES:
    cost: 25.5078
    lifetime: 24.0756
    annual_cost: 1.05948761401585
    efficiency: 0.587486
    discharge_ratio: 0.1
    depth_of_discharge: 0.4
  Li-ion:
    cost: 266.35
    lifetime: 23.3332
    annual_cost: 11.415065228944165
    efficiency: 0.956318
    discharge_ratio: 2
    depth_of_discharge: 0.9
  Pb-acid:
    cost: 218.45
    lifetime: 10.511
    annual_cost: 20.782989249357815
    efficiency: 0.705622
    discharge_ratio: 5
    depth_of_discharge: 0.5
  VRBF:
    cost: 281.734
    lifetime: 12.5403
    annual_cost: 22.46628868527866
    efficiency: 0.77523
    discharge_ratio: 0.5
    depth_of_discharge: 1.0
