cost_values:
  wind_capex: 5000.0
  wind_opex: 100
  wind_lifetime: 20
  solar_capex: 1000.0
  solar_opex: 10
  solar_lifetime: 20
  carbon_price: 1.0
timeseries_values:
  load_level: 249183.83600752553
  wind_year: 2013
  solar_year: 2011
  price_year: 2023
  carbon_year: 2023
storage_values:
  CAES:
    cost: 26.0525
    lifetime: 25.9361
    annual_cost: 1.0044879530846966
    efficiency: 0.599883
    discharge_ratio: 0.1
    depth_of_discharge: 0.4
  Li-ion:
    cost: 227.369
    lifetime: 23.0791
    annual_cost: 9.851727320389443
    efficiency: 0.960108
    discharge_ratio: 2
    depth_of_discharge: 0.9
  Pb-acid:
    cost: 239.731
    lifetime: 12.4321
    annual_cost: 19.28322648627344
    efficiency: 0.724192
    discharge_ratio: 5
    depth_of_discharge: 0.5
  VRBF:
    cost: 274.949
    lifetime: 14.0126
    annual_cost: 19.621554886316602
    efficiency: 0.756405
    discharge_ratio: 0.5
    depth_of_discharge: 1.0
