cost_values:
  wind_capex: 5000.0
  wind_opex: 100
  wind_lifetime: 20
  solar_capex: 1000.0
  solar_opex: 10
  solar_lifetime: 20
  carbon_price: 1.0
timeseries_values:
  load_level: 249183.83600752553
  wind_year: 2013
  solar_year: 2011
  price_year: 2023
  carbon_year: 2023
storage_values:
  CAES:
    cost: 28.4734
    lifetime: 25.6432
    annual_cost: 1.110368440756224
    efficiency: 0.598696
    discharge_ratio: 0.1
    depth_of_discharge: 0.4
  Li-ion:
    cost: 225.122
    lifetime: 19.2879
    annual_cost: 11.671669803348214
    efficiency: 0.939619
    discharge_ratio: 2
    depth_of_discharge: 0.9
  Pb-acid:
    cost: 196.974
    lifetime: 10.6473
    annual_cost: 18.499901383449323
    efficiency: 0.694071
    discharge_ratio: 5
    depth_of_discharge: 0.5
  VRBF:
    cost: 284.438
    lifetime: 15.237
    annual_cost: 18.667585482706567
    efficiency: 0.739354
    discharge_ratio: 0.5
    depth_of_discharge: 1.0
