cost_values:
  wind_capex: 5000.0
  wind_opex: 100
  wind_lifetime: 20
  solar_capex: 1000.0
  solar_opex: 10
  solar_lifetime: 20
  carbon_price: 1.0
timeseries_values:
  load_level: 249183.83600752553
  wind_year: 2013
  solar_year: 2011
  price_year: 2023
  carbon_year: 2023
storage_values:
  CAES:
    cost: 26.9266
    lifetime: 25.0364
    annual_cost: 1.0754980748030867
    efficiency: 0.603438
    discharge_ratio: 0.1
    depth_of_discharge: 0.4
  Li-ion:
    cost: 207.874
    lifetime: 21.7617
    annual_cost: 9.552286815827808
    efficiency: 0.956581
    discharge_ratio: 2
    depth_of_discharge: 0.9
  Pb-acid:
    cost: 223.688
    lifetime: 10.0567
    annual_cost: 22.242683981823063
    efficiency: 0.703465
    discharge_ratio: 5
    depth_of_discharge: 0.5
  VRBF:
    cost: 308.326
    lifetime: 16.8588
    annual_cost: 18.28872754881724
    efficiency: 0.773113
    discharge_ratio: 0.5
    depth_of_discharge: 1.0
