cost_values:
  wind_capex: 5000.0
  wind_opex: 100
  wind_lifetime: 20
  solar_capex: 1000.0
  solar_opex: 10
  solar_lifetime: 20
  carbon_price: 1.0
timeseries_values:
  load_level: 249183.83600752553
  wind_year: 2013
  solar_year: 2011
  price_year: 2023
  carbon_year: 2023
storage_values:
  CAES:
    cost: 24.6406
    lifetime: 24.9276
    annual_cost: 0.9884866573597136
    efficiency: 0.593943
    discharge_ratio: 0.1
    depth_of_discharge: 0.4
  Li-ion:
    cost: 217.393
    lifetime: 20.8774
    annual_cost: 10.412838763447555
    efficiency: 0.949075
    discharge_ratio: 2
    depth_of_discharge: 0.9
  Pb-acid:
    cost: 212.622
    lifetime: 11.8012
    annual_cost: 18.016981323933162
    efficiency: 0.699681
    discharge_ratio: 5
    depth_of_discharge: 0.5
  VRBF:
    cost: 281.293
    lifetime: 14.994
    annual_cost: 18.760370814992665
    efficiency: 0.755727
    discharge_ratio: 0.5
    depth_of_discharge: 1.0
