cost_values:
  wind_capex: 5000.0
  wind_opex: 100
  wind_lifetime: 20
  solar_capex: 1000.0
  solar_opex: 10
  solar_lifetime: 20
  carbon_price: 1.0
timeseries_values:
  load_level: 249183.83600752553
  wind_year: 2013
  solar_year: 2011
  price_year: 2023
  carbon_year: 2023
storage_values:
  CAES:
    cost: 31.075
    lifetime: 24.8029
    annual_cost: 1.2528776876897458
    efficiency: 0.60087
    discharge_ratio: 0.1
    depth_of_discharge: 0.4
  Li-ion:
    cost: 223.295
    lifetime: 21.7725
    annual_cost: 10.25582730508669
    efficiency: 0.959837
    discharge_ratio: 2
    depth_of_discharge: 0.9
  Pb-acid:
    cost: 234.411
    lifetime: 11.072
    annual_cost: 21.171513728323703
    efficiency: 0.704644
    discharge_ratio: 5
    depth_of_discharge: 0.5
  VRBF:
    cost: 294.325
    lifetime: 17.7594
    annual_cost: 16.572913499329932
    efficiency: 0.760098
    discharge_ratio: 0.5
    depth_of_discharge: 1.0
