cost_values:
  wind_capex: 5000.0
  wind_opex: 100
  wind_lifetime: 20
  solar_capex: 1000.0
  solar_opex: 10
  solar_lifetime: 20
  carbon_price: 1.0
timeseries_values:
  load_level: 249183.83600752553
  wind_year: 2013
  solar_year: 2011
  price_year: 2023
  carbon_year: 2023
storage_values:
  CAES:
    cost: 24.7615
    lifetime: 24.8446
    annual_cost: 0.9966552087777626
    efficiency: 0.596895
    discharge_ratio: 0.1
    depth_of_discharge: 0.4
  Li-ion:
    cost: 227.195
    lifetime: 20.7947
    annual_cost: 10.925620470600682
    efficiency: 0.968753
    discharge_ratio: 2
    depth_of_discharge: 0.9
  Pb-acid:
    cost: 233.386
    lifetime: 12.7292
    annual_cost: 18.33469503189517
    efficiency: 0.688004
    discharge_ratio: 5
    depth_of_discharge: 0.5
  VRBF:
    cost: 280.508
    lifetime: 17.0059
    annual_cost: 16.49474594111455
    efficiency: 0.767654
    discharge_ratio: 0.5
    depth_of_discharge: 1.0
