cost_values:
  wind_capex: 5000.0
  wind_opex: 100
  wind_lifetime: 20
  solar_capex: 1000.0
  solar_opex: 10
  solar_lifetime: 20
  carbon_price: 1.0
timeseries_values:
  load_level: 249183.83600752553
  wind_year: 2013
  solar_year: 2011
  price_year: 2023
  carbon_year: 2023
storage_values:
  CAES:
    cost: 22.4626
    lifetime: 25.0944
    annual_cost: 0.895124011731701
    efficiency: 0.596715
    discharge_ratio: 0.1
    depth_of_discharge: 0.4
  Li-ion:
    cost: 220.895
    lifetime: 23.269
    annual_cost: 9.493102410933002
    efficiency: 0.976021
    discharge_ratio: 2
    depth_of_discharge: 0.9
  Pb-acid:
    cost: 212.619
    lifetime: 12.3968
    annual_cost: 17.15111964377904
    efficiency: 0.726703
    discharge_ratio: 5
    depth_of_discharge: 0.5
  VRBF:
    cost: 300.807
    lifetime: 15.7907
    annual_cost: 19.04963047869949
    efficiency: 0.751993
    discharge_ratio: 0.5
    depth_of_discharge: 1.0
