cost_values:
  wind_capex: 5000.0
  wind_opex: 100
  wind_lifetime: 20
  solar_capex: 1000.0
  solar_opex: 10
  solar_lifetime: 20
  carbon_price: 1.0
timeseries_values:
  load_level: 249183.83600752553
  wind_year: 2013
  solar_year: 2011
  price_year: 2023
  carbon_year: 2023
storage_values:
  CAES:
    cost: 24.2962
    lifetime: 25.4078
    annual_cost: 0.9562496556175661
    efficiency: 0.607258
    discharge_ratio: 0.1
    depth_of_discharge: 0.4
  Li-ion:
    cost: 249.633
    lifetime: 23.6465
    annual_cost: 10.55686888122978
    efficiency: 0.960005
    discharge_ratio: 2
    depth_of_discharge: 0.9
  Pb-acid:
    cost: 221.325
    lifetime: 13.7225
    annual_cost: 16.128620878119875
    efficiency: 0.706734
    discharge_ratio: 5
    depth_of_discharge: 0.5
  VRBF:
    cost: 287.475
    lifetime: 16.6787
    annual_cost: 17.236055567879994
    efficiency: 0.748059
    discharge_ratio: 0.5
    depth_of_discharge: 1.0
