cost_values:
  wind_capex: 5000.0
  wind_opex: 100
  wind_lifetime: 20
  solar_capex: 1000.0
  solar_opex: 10
  solar_lifetime: 20
  carbon_price: 1.0
timeseries_values:
  load_level: 249183.83600752553
  wind_year: 2013
  solar_year: 2011
  price_year: 2023
  carbon_year: 2023
storage_values:
  CAES:
    cost: 20.1667
    lifetime: 25.5263
    annual_cost: 0.7900361587852528
    efficiency: 0.594168
    discharge_ratio: 0.1
    depth_of_discharge: 0.4
  Li-ion:
    cost: 231.31
    lifetime: 22.7543
    annual_cost: 10.165551126600247
    efficiency: 0.953612
    discharge_ratio: 2
    depth_of_discharge: 0.9
  Pb-acid:
    cost: 221.859
    lifetime: 11.2347
    annual_cost: 19.747656813266044
    efficiency: 0.693409
    discharge_ratio: 5
    depth_of_discharge: 0.5
  VRBF:
    cost: 290.37
    lifetime: 17.7852
    annual_cost: 16.326496187841578
    efficiency: 0.75761
    discharge_ratio: 0.5
    depth_of_discharge: 1.0
