cost_values:
  wind_capex: 5000.0
  wind_opex: 100
  wind_lifetime: 20
  solar_capex: 1000.0
  solar_opex: 10
  solar_lifetime: 20
  carbon_price: 1.0
timeseries_values:
  load_level: 249183.83600752553
  wind_year: 2013
  solar_year: 2011
  price_year: 2023
  carbon_year: 2023
storage_values:
  CAES:
    cost: 23.1034
    lifetime: 25.0961
    annual_cost: 0.9205972242699065
    efficiency: 0.602325
    discharge_ratio: 0.1
    depth_of_discharge: 0.4
  Li-ion:
    cost: 228.501
    lifetime: 20.4917
    annual_cost: 11.150905000561202
    efficiency: 0.965231
    discharge_ratio: 2
    depth_of_discharge: 0.9
  Pb-acid:
    cost: 218.887
    lifetime: 12.1267
    annual_cost: 18.05000536007323
    efficiency: 0.701859
    discharge_ratio: 5
    depth_of_discharge: 0.5
  VRBF:
    cost: 248.119
    lifetime: 15.3817
    annual_cost: 16.130791785043264
    efficiency: 0.752152
    discharge_ratio: 0.5
    depth_of_discharge: 1.0
