cost_values:
  wind_capex: 5000.0
  wind_opex: 100
  wind_lifetime: 20
  solar_capex: 1000.0
  solar_opex: 10
  solar_lifetime: 20
  carbon_price: 1.0
timeseries_values:
  load_level: 249183.83600752553
  wind_year: 2013
  solar_year: 2011
  price_year: 2023
  carbon_year: 2023
storage_values:
  CAES:
    cost: 22.9139
    lifetime: 25.2985
    annual_cost: 0.9057414471213708
    efficiency: 0.597931
    discharge_ratio: 0.1
    depth_of_discharge: 0.4
  Li-ion:
    cost: 227.936
    lifetime: 23.1384
    annual_cost: 9.850983646233102
    efficiency: 0.964969
    discharge_ratio: 2
    depth_of_discharge: 0.9
  Pb-acid:
    cost: 218.504
    lifetime: 10.5527
    annual_cost: 20.705980459977066
    efficiency: 0.70932
    discharge_ratio: 5
    depth_of_discharge: 0.5
  VRBF:
    cost: 256.605
    lifetime: 14.9388
    annual_cost: 17.17708249658607
    efficiency: 0.758609
    discharge_ratio: 0.5
    depth_of_discharge: 1.0
