cost_values:
  wind_capex: 5000.0
  wind_opex: 100
  wind_lifetime: 20
  solar_capex: 1000.0
  solar_opex: 10
  solar_lifetime: 20
  carbon_price: 1.0
timeseries_values:
  load_level: 249183.83600752553
  wind_year: 2013
  solar_year: 2011
  price_year: 2023
  carbon_year: 2023
storage_values:
  CAES:
    cost: 25.9926
    lifetime: 26.5882
    annual_cost: 0.9775990853085202
    efficiency: 0.602414
    discharge_ratio: 0.1
    depth_of_discharge: 0.4
  Li-ion:
    cost: 231.637
    lifetime: 19.2723
    annual_cost: 12.019167406069851
    efficiency: 0.947556
    discharge_ratio: 2
    depth_of_discharge: 0.9
  Pb-acid:
    cost: 219.076
    lifetime: 11.3084
    annual_cost: 19.372855576385692
    efficiency: 0.714584
    discharge_ratio: 5
    depth_of_discharge: 0.5
  VRBF:
    cost: 278.1
    lifetime: 15.2656
    annual_cost: 18.217430038780005
    efficiency: 0.758539
    discharge_ratio: 0.5
    depth_of_discharge: 1.0
