cost_values:
  wind_capex: 5000.0
  wind_opex: 100
  wind_lifetime: 20
  solar_capex: 1000.0
  solar_opex: 10
  solar_lifetime: 20
  carbon_price: 1.0
timeseries_values:
  load_level: 249183.83600752553
  wind_year: 2013
  solar_year: 2011
  price_year: 2023
  carbon_year: 2023
storage_values:
  CAES:
    cost: 23.4419
    lifetime: 25.4287
    annual_cost: 0.9218678107807321
    efficiency: 0.60523
    discharge_ratio: 0.1
    depth_of_discharge: 0.4
  Li-ion:
    cost: 225.51
    lifetime: 23.4535
    annual_cost: 9.615196026179461
    efficiency: 0.956909
    discharge_ratio: 2
    depth_of_discharge: 0.9
  Pb-acid:
    cost: 240.644
    lifetime: 11.7089
    annual_cost: 20.55222950063627
    efficiency: 0.704163
    discharge_ratio: 5
    depth_of_discharge: 0.5
  VRBF:
    cost: 291.137
    lifetime: 15.5779
    annual_cost: 18.689104436413125
    efficiency: 0.734032
    discharge_ratio: 0.5
    depth_of_discharge: 1.0
