cost_values:
  wind_capex: 5000.0
  wind_opex: 100
  wind_lifetime: 20
  solar_capex: 1000.0
  solar_opex: 10
  solar_lifetime: 20
  carbon_price: 1.0
timeseries_values:
  load_level: 249183.83600752553
  wind_year: 2013
  solar_year: 2011
  price_year: 2023
  carbon_year: 2023
storage_values:
  CAES:
    cost: 23.6271
    lifetime: 24.8755
    annual_cost: 0.949814074088963
    efficiency: 0.605724
    discharge_ratio: 0.1
    depth_of_discharge: 0.4
  Li-ion:
    cost: 224.337
    lifetime: 20.6619
    annual_cost: 10.857520363567726
    efficiency: 0.955754
    discharge_ratio: 2
    depth_of_discharge: 0.9
  Pb-acid:
    cost: 224.414
    lifetime: 10.7889
    annual_cost: 20.800452316732937
    efficiency: 0.716704
    discharge_ratio: 5
    depth_of_discharge: 0.5
  VRBF:
    cost: 314.929
    lifetime: 17.7556
    annual_cost: 17.736883011556916
    efficiency: 0.749437
    discharge_ratio: 0.5
    depth_of_discharge: 1.0
