cost_values:
  wind_capex: 5000.0
  wind_opex: 100
  wind_lifetime: 20
  solar_capex: 1000.0
  solar_opex: 10
  solar_lifetime: 20
  carbon_price: 1.0
timeseries_values:
  load_level: 249183.83600752553
  wind_year: 2013
  solar_year: 2011
  price_year: 2023
  carbon_year: 2023
storage_values:
  CAES:
    cost: 22.8971
    lifetime: 26.4089
    annual_cost: 0.8670221023972978
    efficiency: 0.60292
    discharge_ratio: 0.1
    depth_of_discharge: 0.4
  Li-ion:
    cost: 224.853
    lifetime: 20.1844
    annual_cost: 11.139939755454709
    efficiency: 0.96633
    discharge_ratio: 2
    depth_of_discharge: 0.9
  Pb-acid:
    cost: 238.91
    lifetime: 9.12804
    annual_cost: 26.173198189315556
    efficiency: 0.70721
    discharge_ratio: 5
    depth_of_discharge: 0.5
  VRBF:
    cost: 304.185
    lifetime: 14.6629
    annual_cost: 20.745214111805986
    efficiency: 0.761176
    discharge_ratio: 0.5
    depth_of_discharge: 1.0
