cost_values:
  wind_capex: 5000.0
  wind_opex: 100
  wind_lifetime: 20
  solar_capex: 1000.0
  solar_opex: 10
  solar_lifetime: 20
  carbon_price: 1.0
timeseries_values:
  load_level: 249183.83600752553
  wind_year: 2013
  solar_year: 2011
  price_year: 2023
  carbon_year: 2023
storage_values:
  CAES:
    cost: 23.937
    lifetime: 25.1928
    annual_cost: 0.9501524245022388
    efficiency: 0.603307
    discharge_ratio: 0.1
    depth_of_discharge: 0.4
  Li-ion:
    cost: 205.865
    lifetime: 19.2531
    annual_cost: 10.692563794921337
    efficiency: 0.949177
    discharge_ratio: 2
    depth_of_discharge: 0.9
  Pb-acid:
    cost: 229.737
    lifetime: 11.565
    annual_cost: 19.86485084306096
    efficiency: 0.714019
    discharge_ratio: 5
    depth_of_discharge: 0.5
  VRBF:
    cost: 279.333
    lifetime: 17.3094
    annual_cost: 16.137647752088462
    efficiency: 0.771929
    discharge_ratio: 0.5
    depth_of_discharge: 1.0
