cost_values:
  wind_capex: 5000.0
  wind_opex: 100
  wind_lifetime: 20
  solar_capex: 1000.0
  solar_opex: 10
  solar_lifetime: 20
  carbon_price: 1.0
timeseries_values:
  load_level: 249183.83600752553
  wind_year: 2013
  solar_year: 2011
  price_year: 2023
  carbon_year: 2023
storage_values:
  CAES:
    cost: 20.1212
    lifetime: 26.0112
    annual_cost: 0.773559082241496
    efficiency: 0.602027
    discharge_ratio: 0.1
    depth_of_discharge: 0.4
  Li-ion:
    cost: 235.314
    lifetime: 20.3925
    annual_cost: 11.539242368517838
    efficiency: 0.967343
    discharge_ratio: 2
    depth_of_discharge: 0.9
  Pb-acid:
    cost: 210.871
    lifetime: 10.2572
    annual_cost: 20.558339507857898
    efficiency: 0.70136
    discharge_ratio: 5
    depth_of_discharge: 0.5
  VRBF:
    cost: 313.878
    lifetime: 15.7254
    annual_cost: 19.95993742607501
    efficiency: 0.76911
    discharge_ratio: 0.5
    depth_of_discharge: 1.0
