cost_values:
  wind_capex: 5000.0
  wind_opex: 100
  wind_lifetime: 20
  solar_capex: 1000.0
  solar_opex: 10
  solar_lifetime: 20
  carbon_price: 1.0
timeseries_values:
  load_level: 249183.83600752553
  wind_year: 2013
  solar_year: 2011
  price_year: 2023
  carbon_year: 2023
storage_values:
  CAES:
    cost: 24.2248
    lifetime: 26.1947
    annual_cost: 0.9247977644332631
    efficiency: 0.599012
    discharge_ratio: 0.1
    depth_of_discharge: 0.4
  Li-ion:
    cost: 233.025
    lifetime: 21.8648
    annual_cost: 10.65754088763675
    efficiency: 0.947876
    discharge_ratio: 2
    depth_of_discharge: 0.9
  Pb-acid:
    cost: 219.8
    lifetime: 11.1165
    annual_cost: 19.772410380965233
    efficiency: 0.694585
    discharge_ratio: 5
    depth_of_discharge: 0.5
  VRBF:
    cost: 314.166
    lifetime: 14.445
    annual_cost: 21.749117341640705
    efficiency: 0.753348
    discharge_ratio: 0.5
    depth_of_discharge: 1.0
