cost_values:
  wind_capex: 5000.0
  wind_opex: 100
  wind_lifetime: 20
  solar_capex: 1000.0
  solar_opex: 10
  solar_lifetime: 20
  carbon_price: 1.0
timeseries_values:
  load_level: 249183.83600752553
  wind_year: 2013
  solar_year: 2011
  price_year: 2023
  carbon_year: 2023
storage_values:
  CAES:
    cost: 24.5007
    lifetime: 25.8494
    annual_cost: 0.94782470773016
    efficiency: 0.599714
    discharge_ratio: 0.1
    depth_of_discharge: 0.4
  Li-ion:
    cost: 236.512
    lifetime: 22.0874
    annual_cost: 10.708005469181526
    efficiency: 0.975755
    discharge_ratio: 2
    depth_of_discharge: 0.9
  Pb-acid:
    cost: 243.221
    lifetime: 12.5475
    annual_cost: 19.384020721259215
    efficiency: 0.714091
    discharge_ratio: 5
    depth_of_discharge: 0.5
  VRBF:
    cost: 272.711
    lifetime: 14.5513
    annual_cost: 18.7413495701415
    efficiency: 0.754567
    discharge_ratio: 0.5
    depth_of_discharge: 1.0
