cost_values:
  wind_capex: 5000.0
  wind_opex: 100
  wind_lifetime: 20
  solar_capex: 1000.0
  solar_opex: 10
  solar_lifetime: 20
  carbon_price: 1.0
timeseries_values:
  load_level: 249183.83600752553
  wind_year: 2013
  solar_year: 2011
  price_year: 2023
  carbon_year: 2023
storage_values:
  CAES:
    cost: 21.9051
    lifetime: 25.118
    annual_cost: 0.872087745839637
    efficiency: 0.60044
    discharge_ratio: 0.1
    depth_of_discharge: 0.4
  Li-ion:
    cost: 235.41
    lifetime: 20.9222
    annual_cost: 11.251684813260555
    efficiency: 0.947422
    discharge_ratio: 2
    depth_of_discharge: 0.9
  Pb-acid:
    cost: 247.58
    lifetime: 11.8104
    annual_cost: 20.96288017340649
    efficiency: 0.72888
    discharge_ratio: 5
    depth_of_discharge: 0.5
  VRBF:
    cost: 289.906
    lifetime: 15.4736
    annual_cost: 18.73552373074139
    efficiency: 0.740474
    discharge_ratio: 0.5
    depth_of_discharge: 1.0
