cost_values:
  wind_capex: 5000.0
  wind_opex: 100
  wind_lifetime: 20
  solar_capex: 1000.0
  solar_opex: 10
  solar_lifetime: 20
  carbon_price: 1.0
timeseries_values:
  load_level: 249183.83600752553
  wind_year: 2013
  solar_year: 2011
  price_year: 2023
  carbon_year: 2023
storage_values:
  CAES:
    cost: 25.5293
    lifetime: 24.7042
    annual_cost: 1.0333991790869568
    efficiency: 0.5985
    discharge_ratio: 0.1
    depth_of_discharge: 0.4
  Li-ion:
    cost: 199.219
    lifetime: 21.8347
    annual_cost: 9.123963232835806
    efficiency: 0.961444
    discharge_ratio: 2
    depth_of_discharge: 0.9
  Pb-acid:
    cost: 221.435
    lifetime: 12.8479
    annual_cost: 17.23511235299154
    efficiency: 0.693096
    discharge_ratio: 5
    depth_of_discharge: 0.5
  VRBF:
    cost: 282.939
    lifetime: 15.516
    annual_cost: 18.235305491105958
    efficiency: 0.754198
    discharge_ratio: 0.5
    depth_of_discharge: 1.0
