cost_values:
  wind_capex: 5000.0
  wind_opex: 100
  wind_lifetime: 20
  solar_capex: 1000.0
  solar_opex: 10
  solar_lifetime: 20
  carbon_price: 1.0
timeseries_values:
  load_level: 249183.83600752553
  wind_year: 2013
  solar_year: 2011
  price_year: 2023
  carbon_year: 2023
storage_values:
  CAES:
    cost: 22.3997
    lifetime: 25.302
    annual_cost: 0.8852936526756778
    efficiency: 0.592279
    discharge_ratio: 0.1
    depth_of_discharge: 0.4
  Li-ion:
    cost: 234.719
    lifetime: 19.9254
    annual_cost: 11.779888985917472
    efficiency: 0.969518
    discharge_ratio: 2
    depth_of_discharge: 0.9
  Pb-acid:
    cost: 229.566
    lifetime: 12.866
    annual_cost: 17.84284159801026
    efficiency: 0.705952
    discharge_ratio: 5
    depth_of_discharge: 0.5
  VRBF:
    cost: 301.93
    lifetime: 15.4708
    annual_cost: 19.516120691884066
    efficiency: 0.746034
    discharge_ratio: 0.5
    depth_of_discharge: 1.0
