cost_values:
  wind_capex: 5000.0
  wind_opex: 100
  wind_lifetime: 20
  solar_capex: 1000.0
  solar_opex: 10
  solar_lifetime: 20
  carbon_price: 1.0
timeseries_values:
  load_level: 249183.83600752553
  wind_year: 2013
  solar_year: 2011
  price_year: 2023
  carbon_year: 2023
storage_values:
  CAES:
    cost: 27.9663
    lifetime: 24.8284
    annual_cost: 1.1263834963187318
    efficiency: 0.598203
    discharge_ratio: 0.1
    depth_of_discharge: 0.4
  Li-ion:
    cost: 237.91
    lifetime: 22.3631
    annual_cost: 10.638507183708878
    efficiency: 0.963915
    discharge_ratio: 2
    depth_of_discharge: 0.9
  Pb-acid:
    cost: 213.04
    lifetime: 12.7553
    annual_cost: 16.702076783768316
    efficiency: 0.718666
    discharge_ratio: 5
    depth_of_discharge: 0.5
  VRBF:
    cost: 266.923
    lifetime: 15.1429
    annual_cost: 17.62694067846978
    efficiency: 0.758716
    discharge_ratio: 0.5
    depth_of_discharge: 1.0
