cost_values:
  wind_capex: 5000.0
  wind_opex: 100
  wind_lifetime: 20
  solar_capex: 1000.0
  solar_opex: 10
  solar_lifetime: 20
  carbon_price: 1.0
timeseries_values:
  load_level: 249183.83600752553
  wind_year: 2013
  solar_year: 2011
  price_year: 2023
  carbon_year: 2023
storage_values:
  CAES:
    cost: 27.2212
    lifetime: 24.8169
    annual_cost: 1.0968815605494642
    efficiency: 0.612343
    discharge_ratio: 0.1
    depth_of_discharge: 0.4
  Li-ion:
    cost: 223.372
    lifetime: 20.2992
    annual_cost: 11.003980452431625
    efficiency: 0.964138
    discharge_ratio: 2
    depth_of_discharge: 0.9
  Pb-acid:
    cost: 231.596
    lifetime: 13.6012
    annual_cost: 17.02761521042261
    efficiency: 0.713704
    discharge_ratio: 5
    depth_of_discharge: 0.5
  VRBF:
    cost: 292.663
    lifetime: 16.6092
    annual_cost: 17.62053560677215
    efficiency: 0.737794
    discharge_ratio: 0.5
    depth_of_discharge: 1.0
