cost_values:
  wind_capex: 5000.0
  wind_opex: 100
  wind_lifetime: 20
  solar_capex: 1000.0
  solar_opex: 10
  solar_lifetime: 20
  carbon_price: 1.0
timeseries_values:
  load_level: 249183.83600752553
  wind_year: 2013
  solar_year: 2011
  price_year: 2023
  carbon_year: 2023
storage_values:
  CAES:
    cost: 21.0394
    lifetime: 26.3866
    annual_cost: 0.7973516860830876
    efficiency: 0.595017
    discharge_ratio: 0.1
    depth_of_discharge: 0.4
  Li-ion:
    cost: 218.085
    lifetime: 22.0098
    annual_cost: 9.908540740942673
    efficiency: 0.964827
    discharge_ratio: 2
    depth_of_discharge: 0.9
  Pb-acid:
    cost: 217.905
    lifetime: 10.8119
    annual_cost: 20.15418196616691
    efficiency: 0.703578
    discharge_ratio: 5
    depth_of_discharge: 0.5
  VRBF:
    cost: 275.172
    lifetime: 14.566
    annual_cost: 18.891390910339148
    efficiency: 0.758822
    discharge_ratio: 0.5
    depth_of_discharge: 1.0
