cost_values:
  wind_capex: 5000.0
  wind_opex: 100
  wind_lifetime: 20
  solar_capex: 1000.0
  solar_opex: 10
  solar_lifetime: 20
  carbon_price: 1.0
timeseries_values:
  load_level: 249183.83600752553
  wind_year: 2013
  solar_year: 2011
  price_year: 2023
  carbon_year: 2023
storage_values:
  CAES:
    cost: 25.4754
    lifetime: 25.8498
    annual_cost: 0.9855163289464522
    efficiency: 0.592895
    discharge_ratio: 0.1
    depth_of_discharge: 0.4
  Li-ion:
    cost: 227.77
    lifetime: 21.6974
    annual_cost: 10.497571137555653
    efficiency: 0.96567
    discharge_ratio: 2
    depth_of_discharge: 0.9
  Pb-acid:
    cost: 214.151
    lifetime: 11.8972
    annual_cost: 18.000117674747
    efficiency: 0.712854
    discharge_ratio: 5
    depth_of_discharge: 0.5
  VRBF:
    cost: 271.06
    lifetime: 14.7489
    annual_cost: 18.378319739099187
    efficiency: 0.770735
    discharge_ratio: 0.5
    depth_of_discharge: 1.0
