cost_values:
  wind_capex: 5000.0
  wind_opex: 100
  wind_lifetime: 20
  solar_capex: 1000.0
  solar_opex: 10
  solar_lifetime: 20
  carbon_price: 1.0
timeseries_values:
  load_level: 249183.83600752553
  wind_year: 2013
  solar_year: 2011
  price_year: 2023
  carbon_year: 2023
storage_values:
  CAES:
    cost: 22.4649
    lifetime: 24.75
    annual_cost: 0.9076727272727273
    efficiency: 0.597726
    discharge_ratio: 0.1
    depth_of_discharge: 0.4
  Li-ion:
    cost: 203.737
    lifetime: 20.02
    annual_cost: 10.176673326673326
    efficiency: 0.958927
    discharge_ratio: 2
    depth_of_discharge: 0.9
  Pb-acid:
    cost: 226.331
    lifetime: 11.7901
    annual_cost: 19.19669892536959
    efficiency: 0.720861
    discharge_ratio: 5
    depth_of_discharge: 0.5
  VRBF:
    cost: 319.539
    lifetime: 15.4242
    annual_cost: 20.71673085151904
    efficiency: 0.773854
    discharge_ratio: 0.5
    depth_of_discharge: 1.0
