cost_values:
  wind_capex: 5000.0
  wind_opex: 100
  wind_lifetime: 20
  solar_capex: 1000.0
  solar_opex: 10
  solar_lifetime: 20
  carbon_price: 1.0
timeseries_values:
  load_level: 249183.83600752553
  wind_year: 2013
  solar_year: 2011
  price_year: 2023
  carbon_year: 2023
storage_values:
  CAES:
    cost: 27.9416
    lifetime: 26.3056
    annual_cost: 1.0621920807736758
    efficiency: 0.601397
    discharge_ratio: 0.1
    depth_of_discharge: 0.4
  Li-ion:
    cost: 215.619
    lifetime: 20.612
    annual_cost: 10.460848049679798
    efficiency: 0.971421
    discharge_ratio: 2
    depth_of_discharge: 0.9
  Pb-acid:
    cost: 222.704
    lifetime: 11.7963
    annual_cost: 18.879140069343777
    efficiency: 0.693996
    discharge_ratio: 5
    depth_of_discharge: 0.5
  VRBF:
    cost: 302.322
    lifetime: 17.7784
    annual_cost: 17.005017324393645
    efficiency: 0.718243
    discharge_ratio: 0.5
    depth_of_discharge: 1.0
