cost_values:
  wind_capex: 5000.0
  wind_opex: 100
  wind_lifetime: 20
  solar_capex: 1000.0
  solar_opex: 10
  solar_lifetime: 20
  carbon_price: 1.0
timeseries_values:
  load_level: 249183.83600752553
  wind_year: 2013
  solar_year: 2011
  price_year: 2023
  carbon_year: 2023
storage_values:
  CAES:
    cost: 27.7703
    lifetime: 24.7661
    annual_cost: 1.121302910026205
    efficiency: 0.597796
    discharge_ratio: 0.1
    depth_of_discharge: 0.4
  Li-ion:
    cost: 219.719
    lifetime: 21.5689
    annual_cost: 10.186843093528182
    efficiency: 0.961377
    discharge_ratio: 2
    depth_of_discharge: 0.9
  Pb-acid:
    cost: 222.238
    lifetime: 10.5688
    annual_cost: 21.02774203315419
    efficiency: 0.711434
    discharge_ratio: 5
    depth_of_discharge: 0.5
  VRBF:
    cost: 292.415
    lifetime: 16.2754
    annual_cost: 17.966685918625657
    efficiency: 0.762513
    discharge_ratio: 0.5
    depth_of_discharge: 1.0
