cost_values:
  wind_capex: 5000.0
  wind_opex: 100
  wind_lifetime: 20
  solar_capex: 1000.0
  solar_opex: 10
  solar_lifetime: 20
  carbon_price: 1.0
timeseries_values:
  load_level: 249183.83600752553
  wind_year: 2013
  solar_year: 2011
  price_year: 2023
  carbon_year: 2023
storage_values:
  CAES:
    cost: 27.39
    lifetime: 24.7579
    annual_cost: 1.1063135403245026
    efficiency: 0.588467
    discharge_ratio: 0.1
    depth_of_discharge: 0.4
  Li-ion:
    cost: 220.001
    lifetime: 21.0863
    annual_cost: 10.433361945908006
    efficiency: 0.964083
    discharge_ratio: 2
    depth_of_discharge: 0.9
  Pb-acid:
    cost: 204.425
    lifetime: 11.8627
    annual_cost: 17.2325861734681
    efficiency: 0.708018
    discharge_ratio: 5
    depth_of_discharge: 0.5
  VRBF:
    cost: 278.002
    lifetime: 16.5927
    annual_cost: 16.754476366112808
    efficiency: 0.744177
    discharge_ratio: 0.5
    depth_of_discharge: 1.0
