cost_values:
  wind_capex: 5000.0
  wind_opex: 100
  wind_lifetime: 20
  solar_capex: 1000.0
  solar_opex: 10
  solar_lifetime: 20
  carbon_price: 1.0
timeseries_values:
  load_level: 249183.83600752553
  wind_year: 2013
  solar_year: 2011
  price_year: 2023
  carbon_year: 2023
storage_values:
  CAES:
    cost: 29.9689
    lifetime: 25.739
    annual_cost: 1.1643381638758306
    efficiency: 0.594318
    discharge_ratio: 0.1
    depth_of_discharge: 0.4
  Li-ion:
    cost: 228.909
    lifetime: 20.5674
    annual_cost: 11.129700399661601
    efficiency: 0.969723
    discharge_ratio: 2
    depth_of_discharge: 0.9
  Pb-acid:
    cost: 229.376
    lifetime: 11.532
    annual_cost: 19.890391952826917
    efficiency: 0.697457
    discharge_ratio: 5
    depth_of_discharge: 0.5
  VRBF:
    cost: 285.757
    lifetime: 14.7933
    annual_cost: 19.316650105115155
    efficiency: 0.769525
    discharge_ratio: 0.5
    depth_of_discharge: 1.0
