cost_values:
  wind_capex: 5000.0
  wind_opex: 100
  wind_lifetime: 20
  solar_capex: 1000.0
  solar_opex: 10
  solar_lifetime: 20
  carbon_price: 1.0
timeseries_values:
  load_level: 249183.83600752553
  wind_year: 2013
  solar_year: 2011
  price_year: 2023
  carbon_year: 2023
storage_values:
  CAES:
    cost: 25.2396
    lifetime: 24.8651
    annual_cost: 1.0150612706162452
    efficiency: 0.602896
    discharge_ratio: 0.1
    depth_of_discharge: 0.4
  Li-ion:
    cost: 225.478
    lifetime: 21.2006
    annual_cost: 10.635453713574144
    efficiency: 0.941562
    discharge_ratio: 2
    depth_of_discharge: 0.9
  Pb-acid:
    cost: 227.442
    lifetime: 10.8554
    annual_cost: 20.951968605486673
    efficiency: 0.70662
    discharge_ratio: 5
    depth_of_discharge: 0.5
  VRBF:
    cost: 262.78
    lifetime: 16.533
    annual_cost: 15.89427206193673
    efficiency: 0.755456
    discharge_ratio: 0.5
    depth_of_discharge: 1.0
