cost_values:
  wind_capex: 5000.0
  wind_opex: 100
  wind_lifetime: 20
  solar_capex: 1000.0
  solar_opex: 10
  solar_lifetime: 20
  carbon_price: 1.0
timeseries_values:
  load_level: 249183.83600752553
  wind_year: 2013
  solar_year: 2011
  price_year: 2023
  carbon_year: 2023
storage_values:
  CAES:
    cost: 21.0299
    lifetime: 23.4276
    annual_cost: 0.897654902764261
    efficiency: 0.594727
    discharge_ratio: 0.1
    depth_of_discharge: 0.4
  Li-ion:
    cost: 206.609
    lifetime: 21.5111
    annual_cost: 9.604762192542456
    efficiency: 0.946819
    discharge_ratio: 2
    depth_of_discharge: 0.9
  Pb-acid:
    cost: 213.692
    lifetime: 11.2481
    annual_cost: 18.998053004507426
    efficiency: 0.714605
    discharge_ratio: 5
    depth_of_discharge: 0.5
  VRBF:
    cost: 304.081
    lifetime: 15.267
    annual_cost: 19.917534551647346
    efficiency: 0.755583
    discharge_ratio: 0.5
    depth_of_discharge: 1.0
