cost_values:
  wind_capex: 5000.0
  wind_opex: 100
  wind_lifetime: 20
  solar_capex: 1000.0
  solar_opex: 10
  solar_lifetime: 20
  carbon_price: 1.0
timeseries_values:
  load_level: 249183.83600752553
  wind_year: 2013
  solar_year: 2011
  price_year: 2023
  carbon_year: 2023
storage_values:
  CAES:
    cost: 21.7244
    lifetime: 24.7368
    annual_cost: 0.8782219203777368
    efficiency: 0.59602
    discharge_ratio: 0.1
    depth_of_discharge: 0.4
  Li-ion:
    cost: 212.937
    lifetime: 23.0354
    annual_cost: 9.243902862550684
    efficiency: 0.956648
    discharge_ratio: 2
    depth_of_discharge: 0.9
  Pb-acid:
    cost: 230.222
    lifetime: 10.584
    annual_cost: 21.75188964474679
    efficiency: 0.709141
    discharge_ratio: 5
    depth_of_discharge: 0.5
  VRBF:
    cost: 306.711
    lifetime: 16.0771
    annual_cost: 19.077507759483986
    efficiency: 0.720077
    discharge_ratio: 0.5
    depth_of_discharge: 1.0
