cost_values:
  wind_capex: 5000.0
  wind_opex: 100
  wind_lifetime: 20
  solar_capex: 1000.0
  solar_opex: 10
  solar_lifetime: 20
  carbon_price: 1.0
timeseries_values:
  load_level: 249183.83600752553
  wind_year: 2013
  solar_year: 2011
  price_year: 2023
  carbon_year: 2023
storage_values:
  CAES:
    cost: 20.2402
    lifetime: 24.5891
    annual_cost: 0.8231370810643742
    efficiency: 0.610143
    discharge_ratio: 0.1
    depth_of_discharge: 0.4
  Li-ion:
    cost: 213.98
    lifetime: 21.0941
    annual_cost: 10.144068720637524
    efficiency: 0.963426
    discharge_ratio: 2
    depth_of_discharge: 0.9
  Pb-acid:
    cost: 216.452
    lifetime: 9.96358
    annual_cost: 21.724319973342915
    efficiency: 0.676144
    discharge_ratio: 5
    depth_of_discharge: 0.5
  VRBF:
    cost: 278.33
    lifetime: 14.0748
    annual_cost: 19.775058970642565
    efficiency: 0.753512
    discharge_ratio: 0.5
    depth_of_discharge: 1.0
