cost_values:
  wind_capex: 5000.0
  wind_opex: 100
  wind_lifetime: 20
  solar_capex: 1000.0
  solar_opex: 10
  solar_lifetime: 20
  carbon_price: 1.0
timeseries_values:
  load_level: 249183.83600752553
  wind_year: 2013
  solar_year: 2011
  price_year: 2023
  carbon_year: 2023
storage_values:
  CAES:
    cost: 30.8355
    lifetime: 24.7378
    annual_cost: 1.2464932209008077
    efficiency: 0.601937
    discharge_ratio: 0.1
    depth_of_discharge: 0.4
  Li-ion:
    cost: 224.446
    lifetime: 20.989
    annual_cost: 10.693506122254513
    efficiency: 0.960931
    discharge_ratio: 2
    depth_of_discharge: 0.9
  Pb-acid:
    cost: 233.107
    lifetime: 11.698
    annual_cost: 19.927081552402118
    efficiency: 0.700771
    discharge_ratio: 5
    depth_of_discharge: 0.5
  VRBF:
    cost: 282.28
    lifetime: 17.0812
    annual_cost: 16.52577102311313
    efficiency: 0.762629
    discharge_ratio: 0.5
    depth_of_discharge: 1.0
