cost_values:
  wind_capex: 5000.0
  wind_opex: 100
  wind_lifetime: 20
  solar_capex: 1000.0
  solar_opex: 10
  solar_lifetime: 20
  carbon_price: 1.0
timeseries_values:
  load_level: 249183.83600752553
  wind_year: 2013
  solar_year: 2011
  price_year: 2023
  carbon_year: 2023
storage_values:
  CAES:
    cost: 24.572
    lifetime: 24.9823
    annual_cost: 0.9835763720714266
    efficiency: 0.602791
    discharge_ratio: 0.1
    depth_of_discharge: 0.4
  Li-ion:
    cost: 221.675
    lifetime: 20.6209
    annual_cost: 10.750015760708797
    efficiency: 0.959572
    discharge_ratio: 2
    depth_of_discharge: 0.9
  Pb-acid:
    cost: 201.793
    lifetime: 10.2397
    annual_cost: 19.706925007568582
    efficiency: 0.69875
    discharge_ratio: 5
    depth_of_discharge: 0.5
  VRBF:
    cost: 288.406
    lifetime: 13.0985
    annual_cost: 22.018246364087492
    efficiency: 0.747734
    discharge_ratio: 0.5
    depth_of_discharge: 1.0
