cost_values:
  wind_capex: 5000.0
  wind_opex: 100
  wind_lifetime: 20
  solar_capex: 1000.0
  solar_opex: 10
  solar_lifetime: 20
  carbon_price: 1.0
timeseries_values:
  load_level: 276076.88456654234
  wind_year: 2017
  solar_year: 2010
  price_year: 2023
  carbon_year: 2023
storage_values:
  CAES:
    cost: 56.5091
    lifetime: 28.9993
    annual_cost: 1.9486366912304778
    efficiency: 0.602939
    discharge_ratio: 0.1
    depth_of_discharge: 0.4
  Li-ion:
    cost: 279.941
    lifetime: 14.883
    annual_cost: 18.809447020090033
    efficiency: 0.940673
    discharge_ratio: 2
    depth_of_discharge: 0.9
  Pb-acid:
    cost: 173.646
    lifetime: 15.1431
    annual_cost: 11.467004774451729
    efficiency: 0.687982
    discharge_ratio: 5
    depth_of_discharge: 0.5
  VRBF:
    cost: 170.266
    lifetime: 12.5767
    annual_cost: 13.538209546224365
    efficiency: 0.784049
    discharge_ratio: 0.5
    depth_of_discharge: 1.0
