cost_values:
  wind_capex: 5000.0
  wind_opex: 100
  wind_lifetime: 20
  solar_capex: 1000.0
  solar_opex: 10
  solar_lifetime: 20
  carbon_price: 1.0
timeseries_values:
  load_level: 276076.88456654234
  wind_year: 2017
  solar_year: 2010
  price_year: 2023
  carbon_year: 2023
storage_values:
  CAES:
    cost: 51.6808
    lifetime: 29.1162
    annual_cost: 1.7749843729607573
    efficiency: 0.600774
    discharge_ratio: 0.1
    depth_of_discharge: 0.4
  Li-ion:
    cost: 272.866
    lifetime: 16.0611
    annual_cost: 16.989247311827956
    efficiency: 0.939306
    discharge_ratio: 2
    depth_of_discharge: 0.9
  Pb-acid:
    cost: 171.397
    lifetime: 16.057
    annual_cost: 10.674285358410662
    efficiency: 0.683942
    discharge_ratio: 5
    depth_of_discharge: 0.5
  VRBF:
    cost: 191.044
    lifetime: 14.7166
    annual_cost: 12.981531060163354
    efficiency: 0.75837
    discharge_ratio: 0.5
    depth_of_discharge: 1.0
