cost_values:
  wind_capex: 5000.0
  wind_opex: 100
  wind_lifetime: 20
  solar_capex: 1000.0
  solar_opex: 10
  solar_lifetime: 20
  carbon_price: 1.0
timeseries_values:
  load_level: 276076.88456654234
  wind_year: 2017
  solar_year: 2010
  price_year: 2023
  carbon_year: 2023
storage_values:
  CAES:
    cost: 48.549
    lifetime: 29.0794
    annual_cost: 1.6695323837493208
    efficiency: 0.599065
    discharge_ratio: 0.1
    depth_of_discharge: 0.4
  Li-ion:
    cost: 271.899
    lifetime: 15.4019
    annual_cost: 17.65360117907531
    efficiency: 0.94091
    discharge_ratio: 2
    depth_of_discharge: 0.9
  Pb-acid:
    cost: 151.356
    lifetime: 14.1975
    annual_cost: 10.660750132065504
    efficiency: 0.685259
    discharge_ratio: 5
    depth_of_discharge: 0.5
  VRBF:
    cost: 159.498
    lifetime: 12.5796
    annual_cost: 12.679099494419537
    efficiency: 0.783172
    discharge_ratio: 0.5
    depth_of_discharge: 1.0
