cost_values:
  wind_capex: 5000.0
  wind_opex: 100
  wind_lifetime: 20
  solar_capex: 1000.0
  solar_opex: 10
  solar_lifetime: 20
  carbon_price: 1.0
timeseries_values:
  load_level: 276076.88456654234
  wind_year: 2017
  solar_year: 2010
  price_year: 2023
  carbon_year: 2023
storage_values:
  CAES:
    cost: 49.5813
    lifetime: 29.4629
    annual_cost: 1.682838417127981
    efficiency: 0.607513
    discharge_ratio: 0.1
    depth_of_discharge: 0.4
  Li-ion:
    cost: 292.433
    lifetime: 16.8013
    annual_cost: 17.40537934564587
    efficiency: 0.934168
    discharge_ratio: 2
    depth_of_discharge: 0.9
  Pb-acid:
    cost: 171.802
    lifetime: 13.8957
    annual_cost: 12.363680850910713
    efficiency: 0.684862
    discharge_ratio: 5
    depth_of_discharge: 0.5
  VRBF:
    cost: 162.163
    lifetime: 13.4682
    annual_cost: 12.04043598996154
    efficiency: 0.767606
    discharge_ratio: 0.5
    depth_of_discharge: 1.0
