cost_values:
  wind_capex: 5000.0
  wind_opex: 100
  wind_lifetime: 20
  solar_capex: 1000.0
  solar_opex: 10
  solar_lifetime: 20
  carbon_price: 1.0
timeseries_values:
  load_level: 276076.88456654234
  wind_year: 2017
  solar_year: 2010
  price_year: 2023
  carbon_year: 2023
storage_values:
  CAES:
    cost: 54.0804
    lifetime: 29.0385
    annual_cost: 1.8623689240146701
    efficiency: 0.591174
    discharge_ratio: 0.1
    depth_of_discharge: 0.4
  Li-ion:
    cost: 249.68
    lifetime: 16.3901
    annual_cost: 15.233586128211542
    efficiency: 0.950814
    discharge_ratio: 2
    depth_of_discharge: 0.9
  Pb-acid:
    cost: 171.577
    lifetime: 14.2706
    annual_cost: 12.023110450857006
    efficiency: 0.689261
    discharge_ratio: 5
    depth_of_discharge: 0.5
  VRBF:
    cost: 175.459
    lifetime: 12.1515
    annual_cost: 14.439287330782207
    efficiency: 0.793493
    discharge_ratio: 0.5
    depth_of_discharge: 1.0
