cost_values:
  wind_capex: 5000.0
  wind_opex: 100
  wind_lifetime: 20
  solar_capex: 1000.0
  solar_opex: 10
  solar_lifetime: 20
  carbon_price: 1.0
timeseries_values:
  load_level: 276076.88456654234
  wind_year: 2017
  solar_year: 2010
  price_year: 2023
  carbon_year: 2023
storage_values:
  CAES:
    cost: 58.673
    lifetime: 28.2424
    annual_cost: 2.077479251055151
    efficiency: 0.613367
    discharge_ratio: 0.1
    depth_of_discharge: 0.4
  Li-ion:
    cost: 262.866
    lifetime: 14.2361
    annual_cost: 18.46474807004727
    efficiency: 0.93137
    discharge_ratio: 2
    depth_of_discharge: 0.9
  Pb-acid:
    cost: 157.975
    lifetime: 15.8108
    annual_cost: 9.991588028436258
    efficiency: 0.697445
    discharge_ratio: 5
    depth_of_discharge: 0.5
  VRBF:
    cost: 159.013
    lifetime: 12.3959
    annual_cost: 12.827870505570392
    efficiency: 0.776476
    discharge_ratio: 0.5
    depth_of_discharge: 1.0
