cost_values:
  wind_capex: 5000.0
  wind_opex: 100
  wind_lifetime: 20
  solar_capex: 1000.0
  solar_opex: 10
  solar_lifetime: 20
  carbon_price: 1.0
timeseries_values:
  load_level: 276076.88456654234
  wind_year: 2017
  solar_year: 2010
  price_year: 2023
  carbon_year: 2023
storage_values:
  CAES:
    cost: 51.2937
    lifetime: 28.8188
    annual_cost: 1.7798693908143297
    efficiency: 0.607524
    discharge_ratio: 0.1
    depth_of_discharge: 0.4
  Li-ion:
    cost: 274.107
    lifetime: 15.8772
    annual_cost: 17.264190159473966
    efficiency: 0.944584
    discharge_ratio: 2
    depth_of_discharge: 0.9
  Pb-acid:
    cost: 159.009
    lifetime: 14.2407
    annual_cost: 11.165813478270028
    efficiency: 0.676027
    discharge_ratio: 5
    depth_of_discharge: 0.5
  VRBF:
    cost: 132.878
    lifetime: 14.2574
    annual_cost: 9.319932105432967
    efficiency: 0.767804
    discharge_ratio: 0.5
    depth_of_discharge: 1.0
