cost_values:
  wind_capex: 5000.0
  wind_opex: 100
  wind_lifetime: 20
  solar_capex: 1000.0
  solar_opex: 10
  solar_lifetime: 20
  carbon_price: 1.0
timeseries_values:
  load_level: 276076.88456654234
  wind_year: 2017
  solar_year: 2010
  price_year: 2023
  carbon_year: 2023
storage_values:
  CAES:
    cost: 54.5168
    lifetime: 29.2729
    annual_cost: 1.8623641661741748
    efficiency: 0.593639
    discharge_ratio: 0.1
    depth_of_discharge: 0.4
  Li-ion:
    cost: 261.329
    lifetime: 17.0127
    annual_cost: 15.360818682513653
    efficiency: 0.948944
    discharge_ratio: 2
    depth_of_discharge: 0.9
  Pb-acid:
    cost: 178.622
    lifetime: 13.5127
    annual_cost: 13.218823773191147
    efficiency: 0.689855
    discharge_ratio: 5
    depth_of_discharge: 0.5
  VRBF:
    cost: 169.821
    lifetime: 14.2352
    annual_cost: 11.92965325390581
    efficiency: 0.768711
    discharge_ratio: 0.5
    depth_of_discharge: 1.0
