cost_values:
  wind_capex: 5000.0
  wind_opex: 100
  wind_lifetime: 20
  solar_capex: 1000.0
  solar_opex: 10
  solar_lifetime: 20
  carbon_price: 1.0
timeseries_values:
  load_level: 276076.88456654234
  wind_year: 2017
  solar_year: 2010
  price_year: 2023
  carbon_year: 2023
storage_values:
  CAES:
    cost: 53.3708
    lifetime: 29.3793
    annual_cost: 1.8166123767414473
    efficiency: 0.604941
    discharge_ratio: 0.1
    depth_of_discharge: 0.4
  Li-ion:
    cost: 241.958
    lifetime: 16.6731
    annual_cost: 14.511878414931834
    efficiency: 0.938525
    discharge_ratio: 2
    depth_of_discharge: 0.9
  Pb-acid:
    cost: 177.1
    lifetime: 15.6593
    annual_cost: 11.309573224856795
    efficiency: 0.709317
    discharge_ratio: 5
    depth_of_discharge: 0.5
  VRBF:
    cost: 152.125
    lifetime: 14.02
    annual_cost: 10.850570613409415
    efficiency: 0.782355
    discharge_ratio: 0.5
    depth_of_discharge: 1.0
