cost_values:
  wind_capex: 5000.0
  wind_opex: 100
  wind_lifetime: 20
  solar_capex: 1000.0
  solar_opex: 10
  solar_lifetime: 20
  carbon_price: 1.0
timeseries_values:
  load_level: 276076.88456654234
  wind_year: 2017
  solar_year: 2010
  price_year: 2023
  carbon_year: 2023
storage_values:
  CAES:
    cost: 56.6553
    lifetime: 29.101
    annual_cost: 1.9468506236899075
    efficiency: 0.602953
    discharge_ratio: 0.1
    depth_of_discharge: 0.4
  Li-ion:
    cost: 286.554
    lifetime: 16.1286
    annual_cost: 17.766824150887242
    efficiency: 0.956244
    discharge_ratio: 2
    depth_of_discharge: 0.9
  Pb-acid:
    cost: 153.417
    lifetime: 16.2757
    annual_cost: 9.426138353496317
    efficiency: 0.688754
    discharge_ratio: 5
    depth_of_discharge: 0.5
  VRBF:
    cost: 182.94
    lifetime: 13.3191
    annual_cost: 13.735162285740026
    efficiency: 0.794544
    discharge_ratio: 0.5
    depth_of_discharge: 1.0
