cost_values:
  wind_capex: 5000.0
  wind_opex: 100
  wind_lifetime: 20
  solar_capex: 1000.0
  solar_opex: 10
  solar_lifetime: 20
  carbon_price: 1.0
timeseries_values:
  load_level: 276076.88456654234
  wind_year: 2017
  solar_year: 2010
  price_year: 2023
  carbon_year: 2023
storage_values:
  CAES:
    cost: 47.1528
    lifetime: 28.7362
    annual_cost: 1.6408850161120816
    efficiency: 0.586616
    discharge_ratio: 0.1
    depth_of_discharge: 0.4
  Li-ion:
    cost: 267.61
    lifetime: 17.4659
    annual_cost: 15.321855730308773
    efficiency: 0.956249
    discharge_ratio: 2
    depth_of_discharge: 0.9
  Pb-acid:
    cost: 155.968
    lifetime: 14.945
    annual_cost: 10.436132485781197
    efficiency: 0.696931
    discharge_ratio: 5
    depth_of_discharge: 0.5
  VRBF:
    cost: 152.372
    lifetime: 12.7597
    annual_cost: 11.94166007037783
    efficiency: 0.763278
    discharge_ratio: 0.5
    depth_of_discharge: 1.0
