cost_values:
  wind_capex: 5000.0
  wind_opex: 100
  wind_lifetime: 20
  solar_capex: 1000.0
  solar_opex: 10
  solar_lifetime: 20
  carbon_price: 1.0
timeseries_values:
  load_level: 276076.88456654234
  wind_year: 2017
  solar_year: 2010
  price_year: 2023
  carbon_year: 2023
storage_values:
  CAES:
    cost: 54.354
    lifetime: 28.8659
    annual_cost: 1.8829830353462043
    efficiency: 0.601816
    discharge_ratio: 0.1
    depth_of_discharge: 0.4
  Li-ion:
    cost: 268.125
    lifetime: 14.4639
    annual_cost: 18.537531371206935
    efficiency: 0.941711
    discharge_ratio: 2
    depth_of_discharge: 0.9
  Pb-acid:
    cost: 153.63
    lifetime: 15.744
    annual_cost: 9.758003048780488
    efficiency: 0.671009
    discharge_ratio: 5
    depth_of_discharge: 0.5
  VRBF:
    cost: 204.014
    lifetime: 14.4802
    annual_cost: 14.08917003908786
    efficiency: 0.753994
    discharge_ratio: 0.5
    depth_of_discharge: 1.0
