cost_values:
  wind_capex: 5000.0
  wind_opex: 100
  wind_lifetime: 20
  solar_capex: 1000.0
  solar_opex: 10
  solar_lifetime: 20
  carbon_price: 1.0
timeseries_values:
  load_level: 276076.88456654234
  wind_year: 2017
  solar_year: 2010
  price_year: 2023
  carbon_year: 2023
storage_values:
  CAES:
    cost: 56.5807
    lifetime: 29.7598
    annual_cost: 1.901245976115431
    efficiency: 0.607536
    discharge_ratio: 0.1
    depth_of_discharge: 0.4
  Li-ion:
    cost: 289.656
    lifetime: 16.194
    annual_cost: 17.886624675805855
    efficiency: 0.93441
    discharge_ratio: 2
    depth_of_discharge: 0.9
  Pb-acid:
    cost: 173.104
    lifetime: 15.9903
    annual_cost: 10.825562997567276
    efficiency: 0.685613
    discharge_ratio: 5
    depth_of_discharge: 0.5
  VRBF:
    cost: 172.757
    lifetime: 13.8832
    annual_cost: 12.443600898928201
    efficiency: 0.782939
    discharge_ratio: 0.5
    depth_of_discharge: 1.0
