cost_values:
  wind_capex: 5000.0
  wind_opex: 100
  wind_lifetime: 20
  solar_capex: 1000.0
  solar_opex: 10
  solar_lifetime: 20
  carbon_price: 1.0
timeseries_values:
  load_level: 276076.88456654234
  wind_year: 2017
  solar_year: 2010
  price_year: 2023
  carbon_year: 2023
storage_values:
  CAES:
    cost: 55.8907
    lifetime: 28.7492
    annual_cost: 1.944078443921918
    efficiency: 0.61264
    discharge_ratio: 0.1
    depth_of_discharge: 0.4
  Li-ion:
    cost: 257.809
    lifetime: 14.2451
    annual_cost: 18.098082849541246
    efficiency: 0.93846
    discharge_ratio: 2
    depth_of_discharge: 0.9
  Pb-acid:
    cost: 194.252
    lifetime: 14.5393
    annual_cost: 13.3604781523182
    efficiency: 0.686155
    discharge_ratio: 5
    depth_of_discharge: 0.5
  VRBF:
    cost: 192.205
    lifetime: 12.5733
    annual_cost: 15.286758448458242
    efficiency: 0.770498
    discharge_ratio: 0.5
    depth_of_discharge: 1.0
