cost_values:
  wind_capex: 5000.0
  wind_opex: 100
  wind_lifetime: 20
  solar_capex: 1000.0
  solar_opex: 10
  solar_lifetime: 20
  carbon_price: 1.0
timeseries_values:
  load_level: 276076.88456654234
  wind_year: 2017
  solar_year: 2010
  price_year: 2023
  carbon_year: 2023
storage_values:
  CAES:
    cost: 52.6139
    lifetime: 29.1669
    annual_cost: 1.803890711731449
    efficiency: 0.597385
    discharge_ratio: 0.1
    depth_of_discharge: 0.4
  Li-ion:
    cost: 242.93
    lifetime: 16.4432
    annual_cost: 14.773888294249295
    efficiency: 0.923679
    discharge_ratio: 2
    depth_of_discharge: 0.9
  Pb-acid:
    cost: 162.349
    lifetime: 14.4348
    annual_cost: 11.247055726438884
    efficiency: 0.677869
    discharge_ratio: 5
    depth_of_discharge: 0.5
  VRBF:
    cost: 159.472
    lifetime: 11.0568
    annual_cost: 14.422979523912886
    efficiency: 0.779485
    discharge_ratio: 0.5
    depth_of_discharge: 1.0
