cost_values:
  wind_capex: 5000.0
  wind_opex: 100
  wind_lifetime: 20
  solar_capex: 1000.0
  solar_opex: 10
  solar_lifetime: 20
  carbon_price: 1.0
timeseries_values:
  load_level: 276076.88456654234
  wind_year: 2017
  solar_year: 2010
  price_year: 2023
  carbon_year: 2023
storage_values:
  CAES:
    cost: 56.9964
    lifetime: 29.3688
    annual_cost: 1.9407125929557898
    efficiency: 0.60807
    discharge_ratio: 0.1
    depth_of_discharge: 0.4
  Li-ion:
    cost: 255.683
    lifetime: 16.357
    annual_cost: 15.631411628049154
    efficiency: 0.933466
    discharge_ratio: 2
    depth_of_discharge: 0.9
  Pb-acid:
    cost: 157.019
    lifetime: 14.2334
    annual_cost: 11.031728188626753
    efficiency: 0.687594
    discharge_ratio: 5
    depth_of_discharge: 0.5
  VRBF:
    cost: 169.655
    lifetime: 13.5412
    annual_cost: 12.528800992526511
    efficiency: 0.776111
    discharge_ratio: 0.5
    depth_of_discharge: 1.0
