cost_values:
  wind_capex: 5000.0
  wind_opex: 100
  wind_lifetime: 20
  solar_capex: 1000.0
  solar_opex: 10
  solar_lifetime: 20
  carbon_price: 1.0
timeseries_values:
  load_level: 276076.88456654234
  wind_year: 2017
  solar_year: 2010
  price_year: 2023
  carbon_year: 2023
storage_values:
  CAES:
    cost: 52.6913
    lifetime: 29.8574
    annual_cost: 1.764765183840522
    efficiency: 0.600999
    discharge_ratio: 0.1
    depth_of_discharge: 0.4
  Li-ion:
    cost: 252.191
    lifetime: 15.5854
    annual_cost: 16.181233718736767
    efficiency: 0.93167
    discharge_ratio: 2
    depth_of_discharge: 0.9
  Pb-acid:
    cost: 165.797
    lifetime: 14.1043
    annual_cost: 11.755067603496805
    efficiency: 0.690007
    discharge_ratio: 5
    depth_of_discharge: 0.5
  VRBF:
    cost: 163.703
    lifetime: 15.503
    annual_cost: 10.559440108366124
    efficiency: 0.783055
    discharge_ratio: 0.5
    depth_of_discharge: 1.0
