cost_values:
  wind_capex: 5000.0
  wind_opex: 100
  wind_lifetime: 20
  solar_capex: 1000.0
  solar_opex: 10
  solar_lifetime: 20
  carbon_price: 1.0
timeseries_values:
  load_level: 276076.88456654234
  wind_year: 2017
  solar_year: 2010
  price_year: 2023
  carbon_year: 2023
storage_values:
  CAES:
    cost: 51.4574
    lifetime: 28.3203
    annual_cost: 1.8169793399081224
    efficiency: 0.609126
    discharge_ratio: 0.1
    depth_of_discharge: 0.4
  Li-ion:
    cost: 272.299
    lifetime: 12.975
    annual_cost: 20.986435452793835
    efficiency: 0.936314
    discharge_ratio: 2
    depth_of_discharge: 0.9
  Pb-acid:
    cost: 170.405
    lifetime: 14.8722
    annual_cost: 11.457955110878014
    efficiency: 0.678093
    discharge_ratio: 5
    depth_of_discharge: 0.5
  VRBF:
    cost: 190.282
    lifetime: 12.6706
    annual_cost: 15.017599797957477
    efficiency: 0.75483
    discharge_ratio: 0.5
    depth_of_discharge: 1.0
