cost_values:
  wind_capex: 5000.0
  wind_opex: 100
  wind_lifetime: 20
  solar_capex: 1000.0
  solar_opex: 10
  solar_lifetime: 20
  carbon_price: 1.0
timeseries_values:
  load_level: 276076.88456654234
  wind_year: 2017
  solar_year: 2010
  price_year: 2023
  carbon_year: 2023
storage_values:
  CAES:
    cost: 60.2356
    lifetime: 29.612
    annual_cost: 2.0341618262866406
    efficiency: 0.602946
    discharge_ratio: 0.1
    depth_of_discharge: 0.4
  Li-ion:
    cost: 275.449
    lifetime: 16.2468
    annual_cost: 16.95404633527833
    efficiency: 0.958232
    discharge_ratio: 2
    depth_of_discharge: 0.9
  Pb-acid:
    cost: 165.96
    lifetime: 14.9638
    annual_cost: 11.090765714591214
    efficiency: 0.668033
    discharge_ratio: 5
    depth_of_discharge: 0.5
  VRBF:
    cost: 164.831
    lifetime: 13.478
    annual_cost: 12.22963347677697
    efficiency: 0.790608
    discharge_ratio: 0.5
    depth_of_discharge: 1.0
