cost_values:
  wind_capex: 5000.0
  wind_opex: 100
  wind_lifetime: 20
  solar_capex: 1000.0
  solar_opex: 10
  solar_lifetime: 20
  carbon_price: 1.0
timeseries_values:
  load_level: 276076.88456654234
  wind_year: 2017
  solar_year: 2010
  price_year: 2023
  carbon_year: 2023
storage_values:
  CAES:
    cost: 54.4965
    lifetime: 29.3525
    annual_cost: 1.8566220935184397
    efficiency: 0.607258
    discharge_ratio: 0.1
    depth_of_discharge: 0.4
  Li-ion:
    cost: 255.653
    lifetime: 16.2847
    annual_cost: 15.6989689708745
    efficiency: 0.944393
    discharge_ratio: 2
    depth_of_discharge: 0.9
  Pb-acid:
    cost: 161.247
    lifetime: 15.5909
    annual_cost: 10.34237920838438
    efficiency: 0.707063
    discharge_ratio: 5
    depth_of_discharge: 0.5
  VRBF:
    cost: 180.46
    lifetime: 14.5165
    annual_cost: 12.431371198291599
    efficiency: 0.761649
    discharge_ratio: 0.5
    depth_of_discharge: 1.0
