cost_values:
  wind_capex: 5000.0
  wind_opex: 100
  wind_lifetime: 20
  solar_capex: 1000.0
  solar_opex: 10
  solar_lifetime: 20
  carbon_price: 1.0
timeseries_values:
  load_level: 276076.88456654234
  wind_year: 2017
  solar_year: 2010
  price_year: 2023
  carbon_year: 2023
storage_values:
  CAES:
    cost: 46.3583
    lifetime: 29.189
    annual_cost: 1.588211312480729
    efficiency: 0.598855
    discharge_ratio: 0.1
    depth_of_discharge: 0.4
  Li-ion:
    cost: 265.502
    lifetime: 13.7782
    annual_cost: 19.26971592806027
    efficiency: 0.938826
    discharge_ratio: 2
    depth_of_discharge: 0.9
  Pb-acid:
    cost: 173.345
    lifetime: 14.6912
    annual_cost: 11.799240361576999
    efficiency: 0.689683
    discharge_ratio: 5
    depth_of_discharge: 0.5
  VRBF:
    cost: 203.535
    lifetime: 13.3983
    annual_cost: 15.191106334385704
    efficiency: 0.793263
    discharge_ratio: 0.5
    depth_of_discharge: 1.0
