cost_values:
  wind_capex: 5000.0
  wind_opex: 100
  wind_lifetime: 20
  solar_capex: 1000.0
  solar_opex: 10
  solar_lifetime: 20
  carbon_price: 1.0
timeseries_values:
  load_level: 276076.88456654234
  wind_year: 2017
  solar_year: 2010
  price_year: 2023
  carbon_year: 2023
storage_values:
  CAES:
    cost: 54.3648
    lifetime: 27.898
    annual_cost: 1.9486988314574523
    efficiency: 0.610028
    discharge_ratio: 0.1
    depth_of_discharge: 0.4
  Li-ion:
    cost: 261.182
    lifetime: 12.2773
    annual_cost: 21.27356992172546
    efficiency: 0.944857
    discharge_ratio: 2
    depth_of_discharge: 0.9
  Pb-acid:
    cost: 149.936
    lifetime: 15.8518
    annual_cost: 9.458610378632079
    efficiency: 0.683427
    discharge_ratio: 5
    depth_of_discharge: 0.5
  VRBF:
    cost: 171.616
    lifetime: 12.8152
    annual_cost: 13.391597477994882
    efficiency: 0.783
    discharge_ratio: 0.5
    depth_of_discharge: 1.0
