cost_values:
  wind_capex: 5000.0
  wind_opex: 100
  wind_lifetime: 20
  solar_capex: 1000.0
  solar_opex: 10
  solar_lifetime: 20
  carbon_price: 1.0
timeseries_values:
  load_level: 276076.88456654234
  wind_year: 2017
  solar_year: 2010
  price_year: 2023
  carbon_year: 2023
storage_values:
  CAES:
    cost: 47.8987
    lifetime: 28.8377
    annual_cost: 1.6609750430859602
    efficiency: 0.610849
    discharge_ratio: 0.1
    depth_of_discharge: 0.4
  Li-ion:
    cost: 278.419
    lifetime: 16.2177
    annual_cost: 17.16760083119061
    efficiency: 0.940749
    discharge_ratio: 2
    depth_of_discharge: 0.9
  Pb-acid:
    cost: 198.582
    lifetime: 14.5194
    annual_cost: 13.677011446753998
    efficiency: 0.68561
    discharge_ratio: 5
    depth_of_discharge: 0.5
  VRBF:
    cost: 160.936
    lifetime: 11.8041
    annual_cost: 13.633906862869681
    efficiency: 0.780036
    discharge_ratio: 0.5
    depth_of_discharge: 1.0
