cost_values:
  wind_capex: 5000.0
  wind_opex: 100
  wind_lifetime: 20
  solar_capex: 1000.0
  solar_opex: 10
  solar_lifetime: 20
  carbon_price: 1.0
timeseries_values:
  load_level: 276076.88456654234
  wind_year: 2017
  solar_year: 2010
  price_year: 2023
  carbon_year: 2023
storage_values:
  CAES:
    cost: 56.3993
    lifetime: 28.7406
    annual_cost: 1.9623563878276722
    efficiency: 0.594453
    discharge_ratio: 0.1
    depth_of_discharge: 0.4
  Li-ion:
    cost: 283.399
    lifetime: 15.8604
    annual_cost: 17.868338755642984
    efficiency: 0.941994
    discharge_ratio: 2
    depth_of_discharge: 0.9
  Pb-acid:
    cost: 155.081
    lifetime: 13.4984
    annual_cost: 11.48884312214781
    efficiency: 0.681724
    discharge_ratio: 5
    depth_of_discharge: 0.5
  VRBF:
    cost: 183.46
    lifetime: 14.156
    annual_cost: 12.95987567109353
    efficiency: 0.778176
    discharge_ratio: 0.5
    depth_of_discharge: 1.0
