cost_values:
  wind_capex: 5000.0
  wind_opex: 100
  wind_lifetime: 20
  solar_capex: 1000.0
  solar_opex: 10
  solar_lifetime: 20
  carbon_price: 1.0
timeseries_values:
  load_level: 276076.88456654234
  wind_year: 2017
  solar_year: 2010
  price_year: 2023
  carbon_year: 2023
storage_values:
  CAES:
    cost: 55.0985
    lifetime: 29.1196
    annual_cost: 1.8921448096814517
    efficiency: 0.600294
    discharge_ratio: 0.1
    depth_of_discharge: 0.4
  Li-ion:
    cost: 262.434
    lifetime: 16.7209
    annual_cost: 15.694968572265848
    efficiency: 0.926755
    discharge_ratio: 2
    depth_of_discharge: 0.9
  Pb-acid:
    cost: 178.6
    lifetime: 14.0493
    annual_cost: 12.712377129109635
    efficiency: 0.695114
    discharge_ratio: 5
    depth_of_discharge: 0.5
  VRBF:
    cost: 164.363
    lifetime: 12.5921
    annual_cost: 13.052866479777002
    efficiency: 0.754477
    discharge_ratio: 0.5
    depth_of_discharge: 1.0
