cost_values:
  wind_capex: 5000.0
  wind_opex: 100
  wind_lifetime: 20
  solar_capex: 1000.0
  solar_opex: 10
  solar_lifetime: 20
  carbon_price: 1.0
timeseries_values:
  load_level: 276076.88456654234
  wind_year: 2017
  solar_year: 2010
  price_year: 2023
  carbon_year: 2023
storage_values:
  CAES:
    cost: 48.3556
    lifetime: 29.3315
    annual_cost: 1.6485894004738935
    efficiency: 0.596132
    discharge_ratio: 0.1
    depth_of_discharge: 0.4
  Li-ion:
    cost: 243.215
    lifetime: 14.914
    annual_cost: 16.307831567654553
    efficiency: 0.944228
    discharge_ratio: 2
    depth_of_discharge: 0.9
  Pb-acid:
    cost: 160.212
    lifetime: 14.8199
    annual_cost: 10.810599261803384
    efficiency: 0.703266
    discharge_ratio: 5
    depth_of_discharge: 0.5
  VRBF:
    cost: 176.667
    lifetime: 13.5925
    annual_cost: 12.997388265587642
    efficiency: 0.74914
    discharge_ratio: 0.5
    depth_of_discharge: 1.0
