cost_values:
  wind_capex: 5000.0
  wind_opex: 100
  wind_lifetime: 20
  solar_capex: 1000.0
  solar_opex: 10
  solar_lifetime: 20
  carbon_price: 1.0
timeseries_values:
  load_level: 276076.88456654234
  wind_year: 2017
  solar_year: 2010
  price_year: 2023
  carbon_year: 2023
storage_values:
  CAES:
    cost: 47.8094
    lifetime: 29.1515
    annual_cost: 1.6400322453390048
    efficiency: 0.602809
    discharge_ratio: 0.1
    depth_of_discharge: 0.4
  Li-ion:
    cost: 290.414
    lifetime: 16.4001
    annual_cost: 17.708062755714906
    efficiency: 0.951014
    discharge_ratio: 2
    depth_of_discharge: 0.9
  Pb-acid:
    cost: 166.21
    lifetime: 14.2468
    annual_cost: 11.666479490131117
    efficiency: 0.703761
    discharge_ratio: 5
    depth_of_discharge: 0.5
  VRBF:
    cost: 182.086
    lifetime: 13.949
    annual_cost: 13.053695605419744
    efficiency: 0.78076
    discharge_ratio: 0.5
    depth_of_discharge: 1.0
