cost_values:
  wind_capex: 5000.0
  wind_opex: 100
  wind_lifetime: 20
  solar_capex: 1000.0
  solar_opex: 10
  solar_lifetime: 20
  carbon_price: 1.0
timeseries_values:
  load_level: 276076.88456654234
  wind_year: 2017
  solar_year: 2010
  price_year: 2023
  carbon_year: 2023
storage_values:
  CAES:
    cost: 50.2027
    lifetime: 29.2755
    annual_cost: 1.7148366381445235
    efficiency: 0.599281
    discharge_ratio: 0.1
    depth_of_discharge: 0.4
  Li-ion:
    cost: 275.181
    lifetime: 14.8429
    annual_cost: 18.539571108071872
    efficiency: 0.947411
    discharge_ratio: 2
    depth_of_discharge: 0.9
  Pb-acid:
    cost: 160.19
    lifetime: 14.1264
    annual_cost: 11.339761014837467
    efficiency: 0.683134
    discharge_ratio: 5
    depth_of_discharge: 0.5
  VRBF:
    cost: 179.157
    lifetime: 12.4493
    annual_cost: 14.39092961050019
    efficiency: 0.764989
    discharge_ratio: 0.5
    depth_of_discharge: 1.0
