cost_values:
  wind_capex: 5000.0
  wind_opex: 100
  wind_lifetime: 20
  solar_capex: 1000.0
  solar_opex: 10
  solar_lifetime: 20
  carbon_price: 1.0
timeseries_values:
  load_level: 276076.88456654234
  wind_year: 2017
  solar_year: 2010
  price_year: 2023
  carbon_year: 2023
storage_values:
  CAES:
    cost: 51.9282
    lifetime: 27.4618
    annual_cost: 1.8909248483347776
    efficiency: 0.596281
    discharge_ratio: 0.1
    depth_of_discharge: 0.4
  Li-ion:
    cost: 263.72
    lifetime: 15.5513
    annual_cost: 16.958067814266332
    efficiency: 0.948042
    discharge_ratio: 2
    depth_of_discharge: 0.9
  Pb-acid:
    cost: 155.004
    lifetime: 15.1628
    annual_cost: 10.222650170153269
    efficiency: 0.684897
    discharge_ratio: 5
    depth_of_discharge: 0.5
  VRBF:
    cost: 167.839
    lifetime: 11.4824
    annual_cost: 14.61706611858148
    efficiency: 0.770042
    discharge_ratio: 0.5
    depth_of_discharge: 1.0
