cost_values:
  wind_capex: 5000.0
  wind_opex: 100
  wind_lifetime: 20
  solar_capex: 1000.0
  solar_opex: 10
  solar_lifetime: 20
  carbon_price: 1.0
timeseries_values:
  load_level: 276076.88456654234
  wind_year: 2017
  solar_year: 2010
  price_year: 2023
  carbon_year: 2023
storage_values:
  CAES:
    cost: 47.9553
    lifetime: 28.5038
    annual_cost: 1.6824177828921059
    efficiency: 0.597084
    discharge_ratio: 0.1
    depth_of_discharge: 0.4
  Li-ion:
    cost: 288.422
    lifetime: 16.9753
    annual_cost: 16.99068646798584
    efficiency: 0.942692
    discharge_ratio: 2
    depth_of_discharge: 0.9
  Pb-acid:
    cost: 181.125
    lifetime: 15.3659
    annual_cost: 11.787464450504038
    efficiency: 0.683191
    discharge_ratio: 5
    depth_of_discharge: 0.5
  VRBF:
    cost: 173.233
    lifetime: 12.2992
    annual_cost: 14.084899830883309
    efficiency: 0.780107
    discharge_ratio: 0.5
    depth_of_discharge: 1.0
