cost_values:
  wind_capex: 5000.0
  wind_opex: 100
  wind_lifetime: 20
  solar_capex: 1000.0
  solar_opex: 10
  solar_lifetime: 20
  carbon_price: 1.0
timeseries_values:
  load_level: 276076.88456654234
  wind_year: 2017
  solar_year: 2010
  price_year: 2023
  carbon_year: 2023
storage_values:
  CAES:
    cost: 49.0256
    lifetime: 28.3245
    annual_cost: 1.7308549135907076
    efficiency: 0.596282
    discharge_ratio: 0.1
    depth_of_discharge: 0.4
  Li-ion:
    cost: 267.864
    lifetime: 17.5031
    annual_cost: 15.303803326267918
    efficiency: 0.944621
    discharge_ratio: 2
    depth_of_discharge: 0.9
  Pb-acid:
    cost: 156.242
    lifetime: 15.6572
    annual_cost: 9.978923434586005
    efficiency: 0.695915
    discharge_ratio: 5
    depth_of_discharge: 0.5
  VRBF:
    cost: 134.498
    lifetime: 15.4221
    annual_cost: 8.721120988711005
    efficiency: 0.801769
    discharge_ratio: 0.5
    depth_of_discharge: 1.0
