cost_values:
  wind_capex: 5000.0
  wind_opex: 100
  wind_lifetime: 20
  solar_capex: 1000.0
  solar_opex: 10
  solar_lifetime: 20
  carbon_price: 1.0
timeseries_values:
  load_level: 276076.88456654234
  wind_year: 2017
  solar_year: 2010
  price_year: 2023
  carbon_year: 2023
storage_values:
  CAES:
    cost: 57.0933
    lifetime: 28.9811
    annual_cost: 1.9700183912963964
    efficiency: 0.61085
    discharge_ratio: 0.1
    depth_of_discharge: 0.4
  Li-ion:
    cost: 272.512
    lifetime: 15.1375
    annual_cost: 18.00244426094137
    efficiency: 0.931515
    discharge_ratio: 2
    depth_of_discharge: 0.9
  Pb-acid:
    cost: 180.234
    lifetime: 15.6592
    annual_cost: 11.509783386124452
    efficiency: 0.673146
    discharge_ratio: 5
    depth_of_discharge: 0.5
  VRBF:
    cost: 151.468
    lifetime: 14.6482
    annual_cost: 10.340383118744965
    efficiency: 0.778947
    discharge_ratio: 0.5
    depth_of_discharge: 1.0
