cost_values:
  wind_capex: 5000.0
  wind_opex: 100
  wind_lifetime: 20
  solar_capex: 1000.0
  solar_opex: 10
  solar_lifetime: 20
  carbon_price: 1.0
timeseries_values:
  load_level: 276076.88456654234
  wind_year: 2017
  solar_year: 2010
  price_year: 2023
  carbon_year: 2023
storage_values:
  CAES:
    cost: 49.8311
    lifetime: 28.1718
    annual_cost: 1.7688291128007438
    efficiency: 0.601561
    discharge_ratio: 0.1
    depth_of_discharge: 0.4
  Li-ion:
    cost: 258.043
    lifetime: 15.8014
    annual_cost: 16.33038844659334
    efficiency: 0.945519
    discharge_ratio: 2
    depth_of_discharge: 0.9
  Pb-acid:
    cost: 162.233
    lifetime: 16.378
    annual_cost: 9.905544022469167
    efficiency: 0.708163
    discharge_ratio: 5
    depth_of_discharge: 0.5
  VRBF:
    cost: 143.603
    lifetime: 14.9136
    annual_cost: 9.628996352322712
    efficiency: 0.784249
    discharge_ratio: 0.5
    depth_of_discharge: 1.0
