cost_values:
  wind_capex: 5000.0
  wind_opex: 100
  wind_lifetime: 20
  solar_capex: 1000.0
  solar_opex: 10
  solar_lifetime: 20
  carbon_price: 1.0
timeseries_values:
  load_level: 276076.88456654234
  wind_year: 2017
  solar_year: 2010
  price_year: 2023
  carbon_year: 2023
storage_values:
  CAES:
    cost: 54.4483
    lifetime: 28.1079
    annual_cost: 1.9371173228878715
    efficiency: 0.611602
    discharge_ratio: 0.1
    depth_of_discharge: 0.4
  Li-ion:
    cost: 255.195
    lifetime: 15.0639
    annual_cost: 16.94083205544381
    efficiency: 0.949828
    discharge_ratio: 2
    depth_of_discharge: 0.9
  Pb-acid:
    cost: 177.716
    lifetime: 12.891
    annual_cost: 13.786052284539602
    efficiency: 0.691749
    discharge_ratio: 5
    depth_of_discharge: 0.5
  VRBF:
    cost: 176.694
    lifetime: 11.3095
    annual_cost: 15.623502365268136
    efficiency: 0.772006
    discharge_ratio: 0.5
    depth_of_discharge: 1.0
