cost_values:
  wind_capex: 5000.0
  wind_opex: 100
  wind_lifetime: 20
  solar_capex: 1000.0
  solar_opex: 10
  solar_lifetime: 20
  carbon_price: 1.0
timeseries_values:
  load_level: 276076.88456654234
  wind_year: 2017
  solar_year: 2010
  price_year: 2023
  carbon_year: 2023
storage_values:
  CAES:
    cost: 54.6333
    lifetime: 29.9438
    annual_cost: 1.8245279490245059
    efficiency: 0.598088
    discharge_ratio: 0.1
    depth_of_discharge: 0.4
  Li-ion:
    cost: 271.82
    lifetime: 13.9456
    annual_cost: 19.491452501147315
    efficiency: 0.946594
    discharge_ratio: 2
    depth_of_discharge: 0.9
  Pb-acid:
    cost: 153.703
    lifetime: 13.839
    annual_cost: 11.106510586025001
    efficiency: 0.69528
    discharge_ratio: 5
    depth_of_discharge: 0.5
  VRBF:
    cost: 171.262
    lifetime: 13.8415
    annual_cost: 12.373080952208937
    efficiency: 0.759985
    discharge_ratio: 0.5
    depth_of_discharge: 1.0
