cost_values:
  wind_capex: 5000.0
  wind_opex: 100
  wind_lifetime: 20
  solar_capex: 1000.0
  solar_opex: 10
  solar_lifetime: 20
  carbon_price: 1.0
timeseries_values:
  load_level: 276076.88456654234
  wind_year: 2017
  solar_year: 2010
  price_year: 2023
  carbon_year: 2023
storage_values:
  CAES:
    cost: 52.7013
    lifetime: 28.9751
    annual_cost: 1.8188479073411308
    efficiency: 0.599275
    discharge_ratio: 0.1
    depth_of_discharge: 0.4
  Li-ion:
    cost: 266.149
    lifetime: 16.031
    annual_cost: 16.602145842430293
    efficiency: 0.925723
    discharge_ratio: 2
    depth_of_discharge: 0.9
  Pb-acid:
    cost: 173.691
    lifetime: 14.8442
    annual_cost: 11.700933698009997
    efficiency: 0.696463
    discharge_ratio: 5
    depth_of_discharge: 0.5
  VRBF:
    cost: 165.381
    lifetime: 13.8551
    annual_cost: 11.936471046762565
    efficiency: 0.78888
    discharge_ratio: 0.5
    depth_of_discharge: 1.0
