cost_values:
  wind_capex: 5000.0
  wind_opex: 100
  wind_lifetime: 20
  solar_capex: 1000.0
  solar_opex: 10
  solar_lifetime: 20
  carbon_price: 1.0
timeseries_values:
  load_level: 276076.88456654234
  wind_year: 2017
  solar_year: 2010
  price_year: 2023
  carbon_year: 2023
storage_values:
  CAES:
    cost: 56.0685
    lifetime: 28.9521
    annual_cost: 1.9365952728817597
    efficiency: 0.605886
    discharge_ratio: 0.1
    depth_of_discharge: 0.4
  Li-ion:
    cost: 252.942
    lifetime: 14.57
    annual_cost: 17.360466712422788
    efficiency: 0.949158
    discharge_ratio: 2
    depth_of_discharge: 0.9
  Pb-acid:
    cost: 168.455
    lifetime: 15.9573
    annual_cost: 10.556610454149512
    efficiency: 0.680595
    discharge_ratio: 5
    depth_of_discharge: 0.5
  VRBF:
    cost: 161.621
    lifetime: 13.3524
    annual_cost: 12.10426589976334
    efficiency: 0.787065
    discharge_ratio: 0.5
    depth_of_discharge: 1.0
