cost_values:
  wind_capex: 5000.0
  wind_opex: 100
  wind_lifetime: 20
  solar_capex: 1000.0
  solar_opex: 10
  solar_lifetime: 20
  carbon_price: 1.0
timeseries_values:
  load_level: 276076.88456654234
  wind_year: 2017
  solar_year: 2010
  price_year: 2023
  carbon_year: 2023
storage_values:
  CAES:
    cost: 55.4656
    lifetime: 28.1992
    annual_cost: 1.9669210474056003
    efficiency: 0.60092
    discharge_ratio: 0.1
    depth_of_discharge: 0.4
  Li-ion:
    cost: 289.818
    lifetime: 16.023
    annual_cost: 18.087624040441863
    efficiency: 0.950729
    discharge_ratio: 2
    depth_of_discharge: 0.9
  Pb-acid:
    cost: 181.083
    lifetime: 13.2368
    annual_cost: 13.680270155928925
    efficiency: 0.678223
    discharge_ratio: 5
    depth_of_discharge: 0.5
  VRBF:
    cost: 189.32
    lifetime: 14.7252
    annual_cost: 12.856871213973324
    efficiency: 0.779871
    discharge_ratio: 0.5
    depth_of_discharge: 1.0
