cost_values:
  wind_capex: 5000.0
  wind_opex: 100
  wind_lifetime: 20
  solar_capex: 1000.0
  solar_opex: 10
  solar_lifetime: 20
  carbon_price: 1.0
timeseries_values:
  load_level: 276076.88456654234
  wind_year: 2017
  solar_year: 2010
  price_year: 2023
  carbon_year: 2023
storage_values:
  CAES:
    cost: 52.7329
    lifetime: 29.1251
    annual_cost: 1.8105654572859835
    efficiency: 0.609453
    discharge_ratio: 0.1
    depth_of_discharge: 0.4
  Li-ion:
    cost: 263.406
    lifetime: 15.6854
    annual_cost: 16.793068713580784
    efficiency: 0.949756
    discharge_ratio: 2
    depth_of_discharge: 0.9
  Pb-acid:
    cost: 152.989
    lifetime: 15.1359
    annual_cost: 10.107690986330512
    efficiency: 0.698412
    discharge_ratio: 5
    depth_of_discharge: 0.5
  VRBF:
    cost: 160.21
    lifetime: 12.4827
    annual_cost: 12.834563035240775
    efficiency: 0.778236
    discharge_ratio: 0.5
    depth_of_discharge: 1.0
