cost_values:
  wind_capex: 5000.0
  wind_opex: 100
  wind_lifetime: 20
  solar_capex: 1000.0
  solar_opex: 10
  solar_lifetime: 20
  carbon_price: 1.0
timeseries_values:
  load_level: 251811.87570603524
  wind_year: 2019
  solar_year: 2016
  price_year: 2023
  carbon_year: 2023
storage_values:
  CAES:
    cost: 51.6413
    lifetime: 25.2679
    annual_cost: 2.043751162542198
    efficiency: 0.614931
    discharge_ratio: 0.1
    depth_of_discharge: 0.4
  Li-ion:
    cost: 227.659
    lifetime: 22.478
    annual_cost: 10.12808079010588
    efficiency: 0.947679
    discharge_ratio: 2
    depth_of_discharge: 0.9
  Pb-acid:
    cost: 152.121
    lifetime: 12.785
    annual_cost: 11.898396558466954
    efficiency: 0.766978
    discharge_ratio: 5
    depth_of_discharge: 0.5
  VRBF:
    cost: 251.557
    lifetime: 22.0392
    annual_cost: 11.414071291153943
    efficiency: 0.833831
    discharge_ratio: 0.5
    depth_of_discharge: 1.0
