cost_values:
  wind_capex: 5000.0
  wind_opex: 100
  wind_lifetime: 20
  solar_capex: 1000.0
  solar_opex: 10
  solar_lifetime: 20
  carbon_price: 1.0
timeseries_values:
  load_level: 251811.87570603524
  wind_year: 2019
  solar_year: 2016
  price_year: 2023
  carbon_year: 2023
storage_values:
  CAES:
    cost: 53.3944
    lifetime: 25.0325
    annual_cost: 2.133003095975232
    efficiency: 0.615595
    discharge_ratio: 0.1
    depth_of_discharge: 0.4
  Li-ion:
    cost: 208.889
    lifetime: 21.1487
    annual_cost: 9.8771555698459
    efficiency: 0.946131
    discharge_ratio: 2
    depth_of_discharge: 0.9
  Pb-acid:
    cost: 184.098
    lifetime: 11.5129
    annual_cost: 15.990584474806523
    efficiency: 0.774638
    discharge_ratio: 5
    depth_of_discharge: 0.5
  VRBF:
    cost: 223.831
    lifetime: 19.1517
    annual_cost: 11.687265360255223
    efficiency: 0.844202
    discharge_ratio: 0.5
    depth_of_discharge: 1.0
