cost_values:
  wind_capex: 5000.0
  wind_opex: 100
  wind_lifetime: 20
  solar_capex: 1000.0
  solar_opex: 10
  solar_lifetime: 20
  carbon_price: 1.0
timeseries_values:
  load_level: 251811.87570603524
  wind_year: 2019
  solar_year: 2016
  price_year: 2023
  carbon_year: 2023
storage_values:
  CAES:
    cost: 47.3768
    lifetime: 25.5438
    annual_cost: 1.8547279574691315
    efficiency: 0.616154
    discharge_ratio: 0.1
    depth_of_discharge: 0.4
  Li-ion:
    cost: 197.677
    lifetime: 20.3679
    annual_cost: 9.705320627065136
    efficiency: 0.933707
    discharge_ratio: 2
    depth_of_discharge: 0.9
  Pb-acid:
    cost: 158.553
    lifetime: 12.3224
    annual_cost: 12.867055119132637
    efficiency: 0.780023
    discharge_ratio: 5
    depth_of_discharge: 0.5
  VRBF:
    cost: 252.761
    lifetime: 20.5594
    annual_cost: 12.294181736821113
    efficiency: 0.844849
    discharge_ratio: 0.5
    depth_of_discharge: 1.0
