cost_values:
  wind_capex: 5000.0
  wind_opex: 100
  wind_lifetime: 20
  solar_capex: 1000.0
  solar_opex: 10
  solar_lifetime: 20
  carbon_price: 1.0
timeseries_values:
  load_level: 251811.87570603524
  wind_year: 2019
  solar_year: 2016
  price_year: 2023
  carbon_year: 2023
storage_values:
  CAES:
    cost: 47.4264
    lifetime: 25.2881
    annual_cost: 1.8754433903693832
    efficiency: 0.612198
    discharge_ratio: 0.1
    depth_of_discharge: 0.4
  Li-ion:
    cost: 229.699
    lifetime: 22.508
    annual_cost: 10.205215923227298
    efficiency: 0.94663
    discharge_ratio: 2
    depth_of_discharge: 0.9
  Pb-acid:
    cost: 143.638
    lifetime: 9.59524
    annual_cost: 14.969714149932674
    efficiency: 0.78603
    discharge_ratio: 5
    depth_of_discharge: 0.5
  VRBF:
    cost: 276.107
    lifetime: 19.3745
    annual_cost: 14.251051640042323
    efficiency: 0.845041
    discharge_ratio: 0.5
    depth_of_discharge: 1.0
