cost_values:
  wind_capex: 5000.0
  wind_opex: 100
  wind_lifetime: 20
  solar_capex: 1000.0
  solar_opex: 10
  solar_lifetime: 20
  carbon_price: 1.0
timeseries_values:
  load_level: 251811.87570603524
  wind_year: 2019
  solar_year: 2016
  price_year: 2023
  carbon_year: 2023
storage_values:
  CAES:
    cost: 41.1771
    lifetime: 25.7388
    annual_cost: 1.599806517786377
    efficiency: 0.62435
    discharge_ratio: 0.1
    depth_of_discharge: 0.4
  Li-ion:
    cost: 236.535
    lifetime: 21.7122
    annual_cost: 10.894105618039628
    efficiency: 0.93687
    discharge_ratio: 2
    depth_of_discharge: 0.9
  Pb-acid:
    cost: 161.095
    lifetime: 10.413
    annual_cost: 15.470565639104965
    efficiency: 0.767872
    discharge_ratio: 5
    depth_of_discharge: 0.5
  VRBF:
    cost: 270.065
    lifetime: 18.2199
    annual_cost: 14.822529212564286
    efficiency: 0.84798
    discharge_ratio: 0.5
    depth_of_discharge: 1.0
