cost_values:
  wind_capex: 5000.0
  wind_opex: 100
  wind_lifetime: 20
  solar_capex: 1000.0
  solar_opex: 10
  solar_lifetime: 20
  carbon_price: 1.0
timeseries_values:
  load_level: 251811.87570603524
  wind_year: 2019
  solar_year: 2016
  price_year: 2023
  carbon_year: 2023
storage_values:
  CAES:
    cost: 49.0263
    lifetime: 25.217
    annual_cost: 1.9441765475671176
    efficiency: 0.612637
    discharge_ratio: 0.1
    depth_of_discharge: 0.4
  Li-ion:
    cost: 219.227
    lifetime: 22.5919
    annual_cost: 9.703787640703084
    efficiency: 0.958568
    discharge_ratio: 2
    depth_of_discharge: 0.9
  Pb-acid:
    cost: 161.45
    lifetime: 10.7764
    annual_cost: 14.98181210793957
    efficiency: 0.77429
    discharge_ratio: 5
    depth_of_discharge: 0.5
  VRBF:
    cost: 260.226
    lifetime: 20.6476
    annual_cost: 12.603208121040701
    efficiency: 0.83335
    discharge_ratio: 0.5
    depth_of_discharge: 1.0
