cost_values:
  wind_capex: 5000.0
  wind_opex: 100
  wind_lifetime: 20
  solar_capex: 1000.0
  solar_opex: 10
  solar_lifetime: 20
  carbon_price: 1.0
timeseries_values:
  load_level: 251811.87570603524
  wind_year: 2019
  solar_year: 2016
  price_year: 2023
  carbon_year: 2023
storage_values:
  CAES:
    cost: 38.4089
    lifetime: 25.2431
    annual_cost: 1.5215603471839831
    efficiency: 0.624453
    discharge_ratio: 0.1
    depth_of_discharge: 0.4
  Li-ion:
    cost: 216.183
    lifetime: 23.1262
    annual_cost: 9.34796897025884
    efficiency: 0.95386
    discharge_ratio: 2
    depth_of_discharge: 0.9
  Pb-acid:
    cost: 142.225
    lifetime: 11.0629
    annual_cost: 12.85603232425494
    efficiency: 0.769139
    discharge_ratio: 5
    depth_of_discharge: 0.5
  VRBF:
    cost: 242.754
    lifetime: 19.3866
    annual_cost: 12.521741821670638
    efficiency: 0.823826
    discharge_ratio: 0.5
    depth_of_discharge: 1.0
