cost_values:
  wind_capex: 5000.0
  wind_opex: 100
  wind_lifetime: 20
  solar_capex: 1000.0
  solar_opex: 10
  solar_lifetime: 20
  carbon_price: 1.0
timeseries_values:
  load_level: 251811.87570603524
  wind_year: 2019
  solar_year: 2016
  price_year: 2023
  carbon_year: 2023
storage_values:
  CAES:
    cost: 43.5081
    lifetime: 23.8141
    annual_cost: 1.8269890527040702
    efficiency: 0.610044
    discharge_ratio: 0.1
    depth_of_discharge: 0.4
  Li-ion:
    cost: 238.98
    lifetime: 22.479
    annual_cost: 10.631255838782863
    efficiency: 0.94148
    discharge_ratio: 2
    depth_of_discharge: 0.9
  Pb-acid:
    cost: 149.817
    lifetime: 11.8041
    annual_cost: 12.691946018756196
    efficiency: 0.772332
    discharge_ratio: 5
    depth_of_discharge: 0.5
  VRBF:
    cost: 265.401
    lifetime: 19.8353
    annual_cost: 13.380236245481541
    efficiency: 0.841655
    discharge_ratio: 0.5
    depth_of_discharge: 1.0
