cost_values:
  wind_capex: 5000.0
  wind_opex: 100
  wind_lifetime: 20
  solar_capex: 1000.0
  solar_opex: 10
  solar_lifetime: 20
  carbon_price: 1.0
timeseries_values:
  load_level: 251811.87570603524
  wind_year: 2019
  solar_year: 2016
  price_year: 2023
  carbon_year: 2023
storage_values:
  CAES:
    cost: 44.4816
    lifetime: 25.0197
    annual_cost: 1.7778630439213898
    efficiency: 0.601481
    discharge_ratio: 0.1
    depth_of_discharge: 0.4
  Li-ion:
    cost: 224.081
    lifetime: 20.0737
    annual_cost: 11.162914659479817
    efficiency: 0.948086
    discharge_ratio: 2
    depth_of_discharge: 0.9
  Pb-acid:
    cost: 155.372
    lifetime: 11.8702
    annual_cost: 13.089248706845716
    efficiency: 0.769099
    discharge_ratio: 5
    depth_of_discharge: 0.5
  VRBF:
    cost: 283.375
    lifetime: 22.4031
    annual_cost: 12.64891912279997
    efficiency: 0.84908
    discharge_ratio: 0.5
    depth_of_discharge: 1.0
