cost_values:
  wind_capex: 5000.0
  wind_opex: 100
  wind_lifetime: 20
  solar_capex: 1000.0
  solar_opex: 10
  solar_lifetime: 20
  carbon_price: 1.0
timeseries_values:
  load_level: 251811.87570603524
  wind_year: 2019
  solar_year: 2016
  price_year: 2023
  carbon_year: 2023
storage_values:
  CAES:
    cost: 47.3754
    lifetime: 25.328
    annual_cost: 1.8704753632343651
    efficiency: 0.609647
    discharge_ratio: 0.1
    depth_of_discharge: 0.4
  Li-ion:
    cost: 224.399
    lifetime: 20.5676
    annual_cost: 10.910315253116552
    efficiency: 0.958799
    discharge_ratio: 2
    depth_of_discharge: 0.9
  Pb-acid:
    cost: 156.512
    lifetime: 10.0794
    annual_cost: 15.527908407246464
    efficiency: 0.773412
    discharge_ratio: 5
    depth_of_discharge: 0.5
  VRBF:
    cost: 231.306
    lifetime: 19.1217
    annual_cost: 12.096518614976702
    efficiency: 0.828397
    discharge_ratio: 0.5
    depth_of_discharge: 1.0
