cost_values:
  wind_capex: 5000.0
  wind_opex: 100
  wind_lifetime: 20
  solar_capex: 1000.0
  solar_opex: 10
  solar_lifetime: 20
  carbon_price: 1.0
timeseries_values:
  load_level: 251811.87570603524
  wind_year: 2019
  solar_year: 2016
  price_year: 2023
  carbon_year: 2023
storage_values:
  CAES:
    cost: 45.6312
    lifetime: 25.3447
    annual_cost: 1.8004237572352406
    efficiency: 0.621511
    discharge_ratio: 0.1
    depth_of_discharge: 0.4
  Li-ion:
    cost: 231.874
    lifetime: 21.7573
    annual_cost: 10.657296631475413
    efficiency: 0.936518
    discharge_ratio: 2
    depth_of_discharge: 0.9
  Pb-acid:
    cost: 171.824
    lifetime: 10.4995
    annual_cost: 16.364969760464785
    efficiency: 0.764605
    discharge_ratio: 5
    depth_of_discharge: 0.5
  VRBF:
    cost: 226.909
    lifetime: 19.1487
    annual_cost: 11.849838370228786
    efficiency: 0.835999
    discharge_ratio: 0.5
    depth_of_discharge: 1.0
