cost_values:
  wind_capex: 5000.0
  wind_opex: 100
  wind_lifetime: 20
  solar_capex: 1000.0
  solar_opex: 10
  solar_lifetime: 20
  carbon_price: 1.0
timeseries_values:
  load_level: 251811.87570603524
  wind_year: 2019
  solar_year: 2016
  price_year: 2023
  carbon_year: 2023
storage_values:
  CAES:
    cost: 51.115
    lifetime: 24.1392
    annual_cost: 2.1175101080400345
    efficiency: 0.617723
    discharge_ratio: 0.1
    depth_of_discharge: 0.4
  Li-ion:
    cost: 232.313
    lifetime: 22.6646
    annual_cost: 10.25003750341943
    efficiency: 0.937178
    discharge_ratio: 2
    depth_of_discharge: 0.9
  Pb-acid:
    cost: 142.121
    lifetime: 11.6383
    annual_cost: 12.211491369014377
    efficiency: 0.76941
    discharge_ratio: 5
    depth_of_discharge: 0.5
  VRBF:
    cost: 251.021
    lifetime: 20.1118
    annual_cost: 12.48127964677453
    efficiency: 0.847851
    discharge_ratio: 0.5
    depth_of_discharge: 1.0
