cost_values:
  wind_capex: 5000.0
  wind_opex: 100
  wind_lifetime: 20
  solar_capex: 1000.0
  solar_opex: 10
  solar_lifetime: 20
  carbon_price: 1.0
timeseries_values:
  load_level: 251811.87570603524
  wind_year: 2019
  solar_year: 2016
  price_year: 2023
  carbon_year: 2023
storage_values:
  CAES:
    cost: 53.0241
    lifetime: 24.7708
    annual_cost: 2.1405889192113294
    efficiency: 0.62387
    discharge_ratio: 0.1
    depth_of_discharge: 0.4
  Li-ion:
    cost: 218.11
    lifetime: 22.8837
    annual_cost: 9.531238392392838
    efficiency: 0.943415
    discharge_ratio: 2
    depth_of_discharge: 0.9
  Pb-acid:
    cost: 148.086
    lifetime: 10.4145
    annual_cost: 14.219213596428057
    efficiency: 0.770497
    discharge_ratio: 5
    depth_of_discharge: 0.5
  VRBF:
    cost: 234.098
    lifetime: 20.0643
    annual_cost: 11.667389343261416
    efficiency: 0.836179
    discharge_ratio: 0.5
    depth_of_discharge: 1.0
