cost_values:
  wind_capex: 5000.0
  wind_opex: 100
  wind_lifetime: 20
  solar_capex: 1000.0
  solar_opex: 10
  solar_lifetime: 20
  carbon_price: 1.0
timeseries_values:
  load_level: 251811.87570603524
  wind_year: 2019
  solar_year: 2016
  price_year: 2023
  carbon_year: 2023
storage_values:
  CAES:
    cost: 40.9013
    lifetime: 25.0263
    annual_cost: 1.6343326820185164
    efficiency: 0.61859
    discharge_ratio: 0.1
    depth_of_discharge: 0.4
  Li-ion:
    cost: 206.392
    lifetime: 22.1081
    annual_cost: 9.335582885910593
    efficiency: 0.95421
    discharge_ratio: 2
    depth_of_discharge: 0.9
  Pb-acid:
    cost: 161.113
    lifetime: 11.289
    annual_cost: 14.271680396846488
    efficiency: 0.773781
    discharge_ratio: 5
    depth_of_discharge: 0.5
  VRBF:
    cost: 236.831
    lifetime: 19.0328
    annual_cost: 12.443308393930476
    efficiency: 0.846937
    discharge_ratio: 0.5
    depth_of_discharge: 1.0
