cost_values:
  wind_capex: 5000.0
  wind_opex: 100
  wind_lifetime: 20
  solar_capex: 1000.0
  solar_opex: 10
  solar_lifetime: 20
  carbon_price: 1.0
timeseries_values:
  load_level: 251811.87570603524
  wind_year: 2019
  solar_year: 2016
  price_year: 2023
  carbon_year: 2023
storage_values:
  CAES:
    cost: 50.5496
    lifetime: 24.5514
    annual_cost: 2.0589294296862906
    efficiency: 0.610063
    discharge_ratio: 0.1
    depth_of_discharge: 0.4
  Li-ion:
    cost: 217.569
    lifetime: 21.1979
    annual_cost: 10.263705367041075
    efficiency: 0.941775
    discharge_ratio: 2
    depth_of_discharge: 0.9
  Pb-acid:
    cost: 193.584
    lifetime: 10.7177
    annual_cost: 18.062084215829888
    efficiency: 0.781242
    discharge_ratio: 5
    depth_of_discharge: 0.5
  VRBF:
    cost: 276.895
    lifetime: 21.1602
    annual_cost: 13.085651364353833
    efficiency: 0.836954
    discharge_ratio: 0.5
    depth_of_discharge: 1.0
