cost_values:
  wind_capex: 5000.0
  wind_opex: 100
  wind_lifetime: 20
  solar_capex: 1000.0
  solar_opex: 10
  solar_lifetime: 20
  carbon_price: 1.0
timeseries_values:
  load_level: 251811.87570603524
  wind_year: 2019
  solar_year: 2016
  price_year: 2023
  carbon_year: 2023
storage_values:
  CAES:
    cost: 48.706
    lifetime: 25.3967
    annual_cost: 1.9178082191780823
    efficiency: 0.606421
    discharge_ratio: 0.1
    depth_of_discharge: 0.4
  Li-ion:
    cost: 228.162
    lifetime: 23.05
    annual_cost: 9.898568329718005
    efficiency: 0.941762
    discharge_ratio: 2
    depth_of_discharge: 0.9
  Pb-acid:
    cost: 160.606
    lifetime: 11.5344
    annual_cost: 13.924087945623526
    efficiency: 0.773583
    discharge_ratio: 5
    depth_of_discharge: 0.5
  VRBF:
    cost: 251.857
    lifetime: 20.4205
    annual_cost: 12.333537376655812
    efficiency: 0.838477
    discharge_ratio: 0.5
    depth_of_discharge: 1.0
