cost_values:
  wind_capex: 5000.0
  wind_opex: 100
  wind_lifetime: 20
  solar_capex: 1000.0
  solar_opex: 10
  solar_lifetime: 20
  carbon_price: 1.0
timeseries_values:
  load_level: 251811.87570603524
  wind_year: 2019
  solar_year: 2016
  price_year: 2023
  carbon_year: 2023
storage_values:
  CAES:
    cost: 50.0519
    lifetime: 24.6663
    annual_cost: 2.0291612442887668
    efficiency: 0.61819
    discharge_ratio: 0.1
    depth_of_discharge: 0.4
  Li-ion:
    cost: 216.775
    lifetime: 22.9061
    annual_cost: 9.463636323948643
    efficiency: 0.944175
    discharge_ratio: 2
    depth_of_discharge: 0.9
  Pb-acid:
    cost: 155.109
    lifetime: 9.73656
    annual_cost: 15.93057506963445
    efficiency: 0.776833
    discharge_ratio: 5
    depth_of_discharge: 0.5
  VRBF:
    cost: 263.415
    lifetime: 20.6505
    annual_cost: 12.755865475412218
    efficiency: 0.832269
    discharge_ratio: 0.5
    depth_of_discharge: 1.0
