cost_values:
  wind_capex: 5000.0
  wind_opex: 100
  wind_lifetime: 20
  solar_capex: 1000.0
  solar_opex: 10
  solar_lifetime: 20
  carbon_price: 1.0
timeseries_values:
  load_level: 251811.87570603524
  wind_year: 2019
  solar_year: 2016
  price_year: 2023
  carbon_year: 2023
storage_values:
  CAES:
    cost: 51.7312
    lifetime: 25.0398
    annual_cost: 2.065958993282694
    efficiency: 0.604669
    discharge_ratio: 0.1
    depth_of_discharge: 0.4
  Li-ion:
    cost: 216.129
    lifetime: 24.0788
    annual_cost: 8.975904114822997
    efficiency: 0.949977
    discharge_ratio: 2
    depth_of_discharge: 0.9
  Pb-acid:
    cost: 150.384
    lifetime: 11.7355
    annual_cost: 12.814451876784116
    efficiency: 0.773249
    discharge_ratio: 5
    depth_of_discharge: 0.5
  VRBF:
    cost: 262.015
    lifetime: 20.31
    annual_cost: 12.90078778926637
    efficiency: 0.845391
    discharge_ratio: 0.5
    depth_of_discharge: 1.0
