cost_values:
  wind_capex: 5000.0
  wind_opex: 100
  wind_lifetime: 20
  solar_capex: 1000.0
  solar_opex: 10
  solar_lifetime: 20
  carbon_price: 1.0
timeseries_values:
  load_level: 251811.87570603524
  wind_year: 2019
  solar_year: 2016
  price_year: 2023
  carbon_year: 2023
storage_values:
  CAES:
    cost: 43.3763
    lifetime: 25.7282
    annual_cost: 1.6859438281729775
    efficiency: 0.619286
    discharge_ratio: 0.1
    depth_of_discharge: 0.4
  Li-ion:
    cost: 227.678
    lifetime: 23.4275
    annual_cost: 9.718407854017714
    efficiency: 0.943097
    discharge_ratio: 2
    depth_of_discharge: 0.9
  Pb-acid:
    cost: 158.929
    lifetime: 10.045
    annual_cost: 15.821702339472374
    efficiency: 0.782024
    discharge_ratio: 5
    depth_of_discharge: 0.5
  VRBF:
    cost: 255.224
    lifetime: 19.3098
    annual_cost: 13.217330060383846
    efficiency: 0.833803
    discharge_ratio: 0.5
    depth_of_discharge: 1.0
