cost_values:
  wind_capex: 5000.0
  wind_opex: 100
  wind_lifetime: 20
  solar_capex: 1000.0
  solar_opex: 10
  solar_lifetime: 20
  carbon_price: 1.0
timeseries_values:
  load_level: 251811.87570603524
  wind_year: 2019
  solar_year: 2016
  price_year: 2023
  carbon_year: 2023
storage_values:
  CAES:
    cost: 51.6658
    lifetime: 25.3638
    annual_cost: 2.0369897255143155
    efficiency: 0.610668
    discharge_ratio: 0.1
    depth_of_discharge: 0.4
  Li-ion:
    cost: 211.554
    lifetime: 21.4224
    annual_cost: 9.8753641048622
    efficiency: 0.95537
    discharge_ratio: 2
    depth_of_discharge: 0.9
  Pb-acid:
    cost: 157.463
    lifetime: 11.591
    annual_cost: 13.584936588732639
    efficiency: 0.776306
    discharge_ratio: 5
    depth_of_discharge: 0.5
  VRBF:
    cost: 272.009
    lifetime: 20.4859
    annual_cost: 13.27786428714384
    efficiency: 0.847562
    discharge_ratio: 0.5
    depth_of_discharge: 1.0
