cost_values:
  wind_capex: 5000.0
  wind_opex: 100
  wind_lifetime: 20
  solar_capex: 1000.0
  solar_opex: 10
  solar_lifetime: 20
  carbon_price: 1.0
timeseries_values:
  load_level: 251811.87570603524
  wind_year: 2019
  solar_year: 2016
  price_year: 2023
  carbon_year: 2023
storage_values:
  CAES:
    cost: 39.8205
    lifetime: 24.9228
    annual_cost: 1.5977538639318216
    efficiency: 0.608475
    discharge_ratio: 0.1
    depth_of_discharge: 0.4
  Li-ion:
    cost: 198.401
    lifetime: 23.9642
    annual_cost: 8.279057928076046
    efficiency: 0.93641
    discharge_ratio: 2
    depth_of_discharge: 0.9
  Pb-acid:
    cost: 134.294
    lifetime: 11.5064
    annual_cost: 11.671243829520964
    efficiency: 0.758862
    discharge_ratio: 5
    depth_of_discharge: 0.5
  VRBF:
    cost: 253.834
    lifetime: 20.2847
    annual_cost: 12.513569340438853
    efficiency: 0.834499
    discharge_ratio: 0.5
    depth_of_discharge: 1.0
