cost_values:
  wind_capex: 5000.0
  wind_opex: 100
  wind_lifetime: 20
  solar_capex: 1000.0
  solar_opex: 10
  solar_lifetime: 20
  carbon_price: 1.0
timeseries_values:
  load_level: 251811.87570603524
  wind_year: 2019
  solar_year: 2016
  price_year: 2023
  carbon_year: 2023
storage_values:
  CAES:
    cost: 43.4089
    lifetime: 24.332
    annual_cost: 1.7840251520631267
    efficiency: 0.614229
    discharge_ratio: 0.1
    depth_of_discharge: 0.4
  Li-ion:
    cost: 221.306
    lifetime: 20.8601
    annual_cost: 10.609057482945913
    efficiency: 0.95285
    discharge_ratio: 2
    depth_of_discharge: 0.9
  Pb-acid:
    cost: 163.835
    lifetime: 10.5582
    annual_cost: 15.517323028546535
    efficiency: 0.767516
    discharge_ratio: 5
    depth_of_discharge: 0.5
  VRBF:
    cost: 250.625
    lifetime: 18.8987
    annual_cost: 13.261494176848142
    efficiency: 0.842333
    discharge_ratio: 0.5
    depth_of_discharge: 1.0
