cost_values:
  wind_capex: 5000.0
  wind_opex: 100
  wind_lifetime: 20
  solar_capex: 1000.0
  solar_opex: 10
  solar_lifetime: 20
  carbon_price: 1.0
timeseries_values:
  load_level: 251811.87570603524
  wind_year: 2019
  solar_year: 2016
  price_year: 2023
  carbon_year: 2023
storage_values:
  CAES:
    cost: 51.2257
    lifetime: 25.3766
    annual_cost: 2.0186195156167495
    efficiency: 0.620659
    discharge_ratio: 0.1
    depth_of_discharge: 0.4
  Li-ion:
    cost: 217.936
    lifetime: 18.6976
    annual_cost: 11.65582748588054
    efficiency: 0.952685
    discharge_ratio: 2
    depth_of_discharge: 0.9
  Pb-acid:
    cost: 167.322
    lifetime: 10.9144
    annual_cost: 15.330389210584181
    efficiency: 0.77496
    discharge_ratio: 5
    depth_of_discharge: 0.5
  VRBF:
    cost: 264.023
    lifetime: 20.3437
    annual_cost: 12.978120990773558
    efficiency: 0.837419
    discharge_ratio: 0.5
    depth_of_discharge: 1.0
