cost_values:
  wind_capex: 5000.0
  wind_opex: 100
  wind_lifetime: 20
  solar_capex: 1000.0
  solar_opex: 10
  solar_lifetime: 20
  carbon_price: 1.0
timeseries_values:
  load_level: 251811.87570603524
  wind_year: 2019
  solar_year: 2016
  price_year: 2023
  carbon_year: 2023
storage_values:
  CAES:
    cost: 38.3457
    lifetime: 24.3469
    annual_cost: 1.574972583778633
    efficiency: 0.619767
    discharge_ratio: 0.1
    depth_of_discharge: 0.4
  Li-ion:
    cost: 206.104
    lifetime: 21.8739
    annual_cost: 9.422370953510805
    efficiency: 0.953727
    discharge_ratio: 2
    depth_of_discharge: 0.9
  Pb-acid:
    cost: 156.918
    lifetime: 10.1328
    annual_cost: 15.486144007579348
    efficiency: 0.770037
    discharge_ratio: 5
    depth_of_discharge: 0.5
  VRBF:
    cost: 269.673
    lifetime: 20.6051
    annual_cost: 13.087682175772018
    efficiency: 0.817671
    discharge_ratio: 0.5
    depth_of_discharge: 1.0
