cost_values:
  wind_capex: 5000.0
  wind_opex: 100
  wind_lifetime: 20
  solar_capex: 1000.0
  solar_opex: 10
  solar_lifetime: 20
  carbon_price: 1.0
timeseries_values:
  load_level: 251811.87570603524
  wind_year: 2019
  solar_year: 2016
  price_year: 2023
  carbon_year: 2023
storage_values:
  CAES:
    cost: 46.4337
    lifetime: 24.0501
    annual_cost: 1.9307071488268241
    efficiency: 0.616635
    discharge_ratio: 0.1
    depth_of_discharge: 0.4
  Li-ion:
    cost: 206.508
    lifetime: 22.0812
    annual_cost: 9.352209119069617
    efficiency: 0.938374
    discharge_ratio: 2
    depth_of_discharge: 0.9
  Pb-acid:
    cost: 156.736
    lifetime: 12.8342
    annual_cost: 12.212370073709309
    efficiency: 0.755021
    discharge_ratio: 5
    depth_of_discharge: 0.5
  VRBF:
    cost: 247.38
    lifetime: 23.1312
    annual_cost: 10.694646192156048
    efficiency: 0.828431
    discharge_ratio: 0.5
    depth_of_discharge: 1.0
