cost_values:
  wind_capex: 5000.0
  wind_opex: 100
  wind_lifetime: 20
  solar_capex: 1000.0
  solar_opex: 10
  solar_lifetime: 20
  carbon_price: 1.0
timeseries_values:
  load_level: 251811.87570603524
  wind_year: 2019
  solar_year: 2016
  price_year: 2023
  carbon_year: 2023
storage_values:
  CAES:
    cost: 48.3995
    lifetime: 24.8773
    annual_cost: 1.9455286546369581
    efficiency: 0.617653
    discharge_ratio: 0.1
    depth_of_discharge: 0.4
  Li-ion:
    cost: 207.98
    lifetime: 22.6806
    annual_cost: 9.169951412220135
    efficiency: 0.936906
    discharge_ratio: 2
    depth_of_discharge: 0.9
  Pb-acid:
    cost: 162.827
    lifetime: 10.4174
    annual_cost: 15.630291627469425
    efficiency: 0.782241
    discharge_ratio: 5
    depth_of_discharge: 0.5
  VRBF:
    cost: 231.087
    lifetime: 20.526
    annual_cost: 11.258257819351067
    efficiency: 0.820915
    discharge_ratio: 0.5
    depth_of_discharge: 1.0
