cost_values:
  wind_capex: 5000.0
  wind_opex: 100
  wind_lifetime: 20
  solar_capex: 1000.0
  solar_opex: 10
  solar_lifetime: 20
  carbon_price: 1.0
timeseries_values:
  load_level: 251811.87570603524
  wind_year: 2019
  solar_year: 2016
  price_year: 2023
  carbon_year: 2023
storage_values:
  CAES:
    cost: 44.4449
    lifetime: 24.6192
    annual_cost: 1.8052942418925066
    efficiency: 0.617101
    discharge_ratio: 0.1
    depth_of_discharge: 0.4
  Li-ion:
    cost: 224.758
    lifetime: 22.0467
    annual_cost: 10.194632303247198
    efficiency: 0.950846
    discharge_ratio: 2
    depth_of_discharge: 0.9
  Pb-acid:
    cost: 155.437
    lifetime: 12.3359
    annual_cost: 12.60037775922308
    efficiency: 0.773735
    discharge_ratio: 5
    depth_of_discharge: 0.5
  VRBF:
    cost: 249.883
    lifetime: 20.2136
    annual_cost: 12.362122531365022
    efficiency: 0.841749
    discharge_ratio: 0.5
    depth_of_discharge: 1.0
