cost_values:
  wind_capex: 5000.0
  wind_opex: 100
  wind_lifetime: 20
  solar_capex: 1000.0
  solar_opex: 10
  solar_lifetime: 20
  carbon_price: 1.0
timeseries_values:
  load_level: 251811.87570603524
  wind_year: 2019
  solar_year: 2016
  price_year: 2023
  carbon_year: 2023
storage_values:
  CAES:
    cost: 53.344
    lifetime: 24.1699
    annual_cost: 2.2070426439497064
    efficiency: 0.628991
    discharge_ratio: 0.1
    depth_of_discharge: 0.4
  Li-ion:
    cost: 203.056
    lifetime: 22.7338
    annual_cost: 8.931898758676509
    efficiency: 0.944728
    discharge_ratio: 2
    depth_of_discharge: 0.9
  Pb-acid:
    cost: 153.021
    lifetime: 10.7459
    annual_cost: 14.239942675811237
    efficiency: 0.756127
    discharge_ratio: 5
    depth_of_discharge: 0.5
  VRBF:
    cost: 235.239
    lifetime: 19.5641
    annual_cost: 12.024013371430325
    efficiency: 0.844137
    discharge_ratio: 0.5
    depth_of_discharge: 1.0
