cost_values:
  wind_capex: 5000.0
  wind_opex: 100
  wind_lifetime: 20
  solar_capex: 1000.0
  solar_opex: 10
  solar_lifetime: 20
  carbon_price: 1.0
timeseries_values:
  load_level: 251811.87570603524
  wind_year: 2019
  solar_year: 2016
  price_year: 2023
  carbon_year: 2023
storage_values:
  CAES:
    cost: 50.5227
    lifetime: 24.9952
    annual_cost: 2.021296088849059
    efficiency: 0.610663
    discharge_ratio: 0.1
    depth_of_discharge: 0.4
  Li-ion:
    cost: 218.302
    lifetime: 21.9584
    annual_cost: 9.941616875546487
    efficiency: 0.933809
    discharge_ratio: 2
    depth_of_discharge: 0.9
  Pb-acid:
    cost: 161.125
    lifetime: 11.422
    annual_cost: 14.106548765540184
    efficiency: 0.772855
    discharge_ratio: 5
    depth_of_discharge: 0.5
  VRBF:
    cost: 260.869
    lifetime: 20.8587
    annual_cost: 12.50648410495381
    efficiency: 0.836651
    discharge_ratio: 0.5
    depth_of_discharge: 1.0
