cost_values:
  wind_capex: 5000.0
  wind_opex: 100
  wind_lifetime: 20
  solar_capex: 1000.0
  solar_opex: 10
  solar_lifetime: 20
  carbon_price: 1.0
timeseries_values:
  load_level: 251811.87570603524
  wind_year: 2019
  solar_year: 2016
  price_year: 2023
  carbon_year: 2023
storage_values:
  CAES:
    cost: 46.3602
    lifetime: 24.9174
    annual_cost: 1.8605552746273688
    efficiency: 0.612137
    discharge_ratio: 0.1
    depth_of_discharge: 0.4
  Li-ion:
    cost: 213.322
    lifetime: 20.8174
    annual_cost: 10.24729312978566
    efficiency: 0.932042
    discharge_ratio: 2
    depth_of_discharge: 0.9
  Pb-acid:
    cost: 163.754
    lifetime: 12.2221
    annual_cost: 13.39818852733982
    efficiency: 0.777334
    discharge_ratio: 5
    depth_of_discharge: 0.5
  VRBF:
    cost: 256.391
    lifetime: 20.8468
    annual_cost: 12.298818044016349
    efficiency: 0.843351
    discharge_ratio: 0.5
    depth_of_discharge: 1.0
