cost_values:
  wind_capex: 5000.0
  wind_opex: 100
  wind_lifetime: 20
  solar_capex: 1000.0
  solar_opex: 10
  solar_lifetime: 20
  carbon_price: 1.0
timeseries_values:
  load_level: 251811.87570603524
  wind_year: 2019
  solar_year: 2016
  price_year: 2023
  carbon_year: 2023
storage_values:
  CAES:
    cost: 47.6551
    lifetime: 24.4495
    annual_cost: 1.9491237039612261
    efficiency: 0.615291
    discharge_ratio: 0.1
    depth_of_discharge: 0.4
  Li-ion:
    cost: 232.111
    lifetime: 21.1999
    annual_cost: 10.948683720206228
    efficiency: 0.94655
    discharge_ratio: 2
    depth_of_discharge: 0.9
  Pb-acid:
    cost: 163.833
    lifetime: 10.4305
    annual_cost: 15.707108959302046
    efficiency: 0.778088
    discharge_ratio: 5
    depth_of_discharge: 0.5
  VRBF:
    cost: 237.966
    lifetime: 16.5211
    annual_cost: 14.40376246133732
    efficiency: 0.828708
    discharge_ratio: 0.5
    depth_of_discharge: 1.0
