cost_values:
  wind_capex: 5000.0
  wind_opex: 100
  wind_lifetime: 20
  solar_capex: 1000.0
  solar_opex: 10
  solar_lifetime: 20
  carbon_price: 1.0
timeseries_values:
  load_level: 251811.87570603524
  wind_year: 2019
  solar_year: 2016
  price_year: 2023
  carbon_year: 2023
storage_values:
  CAES:
    cost: 53.3052
    lifetime: 25.5535
    annual_cost: 2.0860234410159078
    efficiency: 0.617736
    discharge_ratio: 0.1
    depth_of_discharge: 0.4
  Li-ion:
    cost: 206.666
    lifetime: 22.0816
    annual_cost: 9.359194985870587
    efficiency: 0.942666
    discharge_ratio: 2
    depth_of_discharge: 0.9
  Pb-acid:
    cost: 150.683
    lifetime: 11.3969
    annual_cost: 13.221402311154787
    efficiency: 0.761847
    discharge_ratio: 5
    depth_of_discharge: 0.5
  VRBF:
    cost: 241.211
    lifetime: 19.8954
    annual_cost: 12.123958301919037
    efficiency: 0.839753
    discharge_ratio: 0.5
    depth_of_discharge: 1.0
