cost_values:
  wind_capex: 5000.0
  wind_opex: 100
  wind_lifetime: 20
  solar_capex: 1000.0
  solar_opex: 10
  solar_lifetime: 20
  carbon_price: 1.0
timeseries_values:
  load_level: 251811.87570603524
  wind_year: 2019
  solar_year: 2016
  price_year: 2023
  carbon_year: 2023
storage_values:
  CAES:
    cost: 48.5916
    lifetime: 24.3912
    annual_cost: 1.9921775066417395
    efficiency: 0.621779
    discharge_ratio: 0.1
    depth_of_discharge: 0.4
  Li-ion:
    cost: 210.018
    lifetime: 23.6393
    annual_cost: 8.884273222980376
    efficiency: 0.9519
    discharge_ratio: 2
    depth_of_discharge: 0.9
  Pb-acid:
    cost: 147.503
    lifetime: 10.193
    annual_cost: 14.471009516334739
    efficiency: 0.756235
    discharge_ratio: 5
    depth_of_discharge: 0.5
  VRBF:
    cost: 261.82
    lifetime: 20.5239
    annual_cost: 12.756834714649749
    efficiency: 0.828421
    discharge_ratio: 0.5
    depth_of_discharge: 1.0
