cost_values:
  wind_capex: 5000.0
  wind_opex: 100
  wind_lifetime: 20
  solar_capex: 1000.0
  solar_opex: 10
  solar_lifetime: 20
  carbon_price: 1.0
timeseries_values:
  load_level: 251811.87570603524
  wind_year: 2019
  solar_year: 2016
  price_year: 2023
  carbon_year: 2023
storage_values:
  CAES:
    cost: 48.6383
    lifetime: 23.4141
    annual_cost: 2.0773081177581028
    efficiency: 0.61077
    discharge_ratio: 0.1
    depth_of_discharge: 0.4
  Li-ion:
    cost: 184.496
    lifetime: 23.1834
    annual_cost: 7.958107956555122
    efficiency: 0.950718
    discharge_ratio: 2
    depth_of_discharge: 0.9
  Pb-acid:
    cost: 164.864
    lifetime: 11.8971
    annual_cost: 13.857494683578352
    efficiency: 0.75848
    discharge_ratio: 5
    depth_of_discharge: 0.5
  VRBF:
    cost: 296.634
    lifetime: 21.6141
    annual_cost: 13.724096770163921
    efficiency: 0.847356
    discharge_ratio: 0.5
    depth_of_discharge: 1.0
