cost_values:
  wind_capex: 5000.0
  wind_opex: 100
  wind_lifetime: 20
  solar_capex: 1000.0
  solar_opex: 10
  solar_lifetime: 20
  carbon_price: 1.0
timeseries_values:
  load_level: 251811.87570603524
  wind_year: 2019
  solar_year: 2016
  price_year: 2023
  carbon_year: 2023
storage_values:
  CAES:
    cost: 45.3687
    lifetime: 25.3828
    annual_cost: 1.7873796429077957
    efficiency: 0.611744
    discharge_ratio: 0.1
    depth_of_discharge: 0.4
  Li-ion:
    cost: 247.278
    lifetime: 24.0939
    annual_cost: 10.263095638315091
    efficiency: 0.952802
    discharge_ratio: 2
    depth_of_discharge: 0.9
  Pb-acid:
    cost: 146.697
    lifetime: 10.9606
    annual_cost: 13.38403007134646
    efficiency: 0.778643
    discharge_ratio: 5
    depth_of_discharge: 0.5
  VRBF:
    cost: 257.253
    lifetime: 19.6758
    annual_cost: 13.074589089134877
    efficiency: 0.835067
    discharge_ratio: 0.5
    depth_of_discharge: 1.0
