cost_values:
  wind_capex: 5000.0
  wind_opex: 100
  wind_lifetime: 20
  solar_capex: 1000.0
  solar_opex: 10
  solar_lifetime: 20
  carbon_price: 1.0
timeseries_values:
  load_level: 251811.87570603524
  wind_year: 2019
  solar_year: 2016
  price_year: 2023
  carbon_year: 2023
storage_values:
  CAES:
    cost: 51.6589
    lifetime: 26.002
    annual_cost: 1.9867279440043075
    efficiency: 0.618475
    discharge_ratio: 0.1
    depth_of_discharge: 0.4
  Li-ion:
    cost: 219.427
    lifetime: 23.5619
    annual_cost: 9.312788866772204
    efficiency: 0.956753
    discharge_ratio: 2
    depth_of_discharge: 0.9
  Pb-acid:
    cost: 206.774
    lifetime: 11.4931
    annual_cost: 17.991142511593914
    efficiency: 0.764545
    discharge_ratio: 5
    depth_of_discharge: 0.5
  VRBF:
    cost: 256.564
    lifetime: 19.9792
    annual_cost: 12.841555217426125
    efficiency: 0.834457
    discharge_ratio: 0.5
    depth_of_discharge: 1.0
