cost_values:
  wind_capex: 5000.0
  wind_opex: 100
  wind_lifetime: 20
  solar_capex: 1000.0
  solar_opex: 10
  solar_lifetime: 20
  carbon_price: 1.0
timeseries_values:
  load_level: 251811.87570603524
  wind_year: 2019
  solar_year: 2016
  price_year: 2023
  carbon_year: 2023
storage_values:
  CAES:
    cost: 46.623
    lifetime: 24.731
    annual_cost: 1.8852048036876792
    efficiency: 0.618663
    discharge_ratio: 0.1
    depth_of_discharge: 0.4
  Li-ion:
    cost: 213.666
    lifetime: 22.0342
    annual_cost: 9.697016456236215
    efficiency: 0.934741
    discharge_ratio: 2
    depth_of_discharge: 0.9
  Pb-acid:
    cost: 152.179
    lifetime: 11.8107
    annual_cost: 12.884841711329557
    efficiency: 0.774796
    discharge_ratio: 5
    depth_of_discharge: 0.5
  VRBF:
    cost: 267.588
    lifetime: 19.4873
    annual_cost: 13.731404555787616
    efficiency: 0.838944
    discharge_ratio: 0.5
    depth_of_discharge: 1.0
