cost_values:
  wind_capex: 5000.0
  wind_opex: 100
  wind_lifetime: 20
  solar_capex: 1000.0
  solar_opex: 10
  solar_lifetime: 20
  carbon_price: 1.0
timeseries_values:
  load_level: 251811.87570603524
  wind_year: 2019
  solar_year: 2016
  price_year: 2023
  carbon_year: 2023
storage_values:
  CAES:
    cost: 43.9565
    lifetime: 25.5687
    annual_cost: 1.7191527140605505
    efficiency: 0.617229
    discharge_ratio: 0.1
    depth_of_discharge: 0.4
  Li-ion:
    cost: 220.71
    lifetime: 23.002
    annual_cost: 9.59525258673159
    efficiency: 0.94207
    discharge_ratio: 2
    depth_of_discharge: 0.9
  Pb-acid:
    cost: 160.544
    lifetime: 11.5156
    annual_cost: 13.94143596512557
    efficiency: 0.771847
    discharge_ratio: 5
    depth_of_discharge: 0.5
  VRBF:
    cost: 284.981
    lifetime: 19.2849
    annual_cost: 14.777416527957106
    efficiency: 0.826396
    discharge_ratio: 0.5
    depth_of_discharge: 1.0
