cost_values:
  wind_capex: 5000.0
  wind_opex: 100
  wind_lifetime: 20
  solar_capex: 1000.0
  solar_opex: 10
  solar_lifetime: 20
  carbon_price: 1.0
timeseries_values:
  load_level: 251811.87570603524
  wind_year: 2019
  solar_year: 2016
  price_year: 2023
  carbon_year: 2023
storage_values:
  CAES:
    cost: 45.3635
    lifetime: 24.9458
    annual_cost: 1.8184824699949493
    efficiency: 0.612613
    discharge_ratio: 0.1
    depth_of_discharge: 0.4
  Li-ion:
    cost: 222.693
    lifetime: 24.6897
    annual_cost: 9.019672170986283
    efficiency: 0.948245
    discharge_ratio: 2
    depth_of_discharge: 0.9
  Pb-acid:
    cost: 165.857
    lifetime: 12.2193
    annual_cost: 13.573363449624773
    efficiency: 0.785147
    discharge_ratio: 5
    depth_of_discharge: 0.5
  VRBF:
    cost: 287.535
    lifetime: 20.4174
    annual_cost: 14.082841106115373
    efficiency: 0.827944
    discharge_ratio: 0.5
    depth_of_discharge: 1.0
