cost_values:
  wind_capex: 5000.0
  wind_opex: 100
  wind_lifetime: 20
  solar_capex: 1000.0
  solar_opex: 10
  solar_lifetime: 20
  carbon_price: 1.0
timeseries_values:
  load_level: 251811.87570603524
  wind_year: 2019
  solar_year: 2016
  price_year: 2023
  carbon_year: 2023
storage_values:
  CAES:
    cost: 44.7866
    lifetime: 24.9226
    annual_cost: 1.7970275974416794
    efficiency: 0.620457
    discharge_ratio: 0.1
    depth_of_discharge: 0.4
  Li-ion:
    cost: 204.505
    lifetime: 21.7844
    annual_cost: 9.38768109289216
    efficiency: 0.941973
    discharge_ratio: 2
    depth_of_discharge: 0.9
  Pb-acid:
    cost: 185.533
    lifetime: 11.3221
    annual_cost: 16.386801035143655
    efficiency: 0.762908
    discharge_ratio: 5
    depth_of_discharge: 0.5
  VRBF:
    cost: 269.573
    lifetime: 20.1754
    annual_cost: 13.361469908898956
    efficiency: 0.839432
    discharge_ratio: 0.5
    depth_of_discharge: 1.0
