cost_values:
  wind_capex: 5000.0
  wind_opex: 100
  wind_lifetime: 20
  solar_capex: 1000.0
  solar_opex: 10
  solar_lifetime: 20
  carbon_price: 1.0
timeseries_values:
  load_level: 251811.87570603524
  wind_year: 2019
  solar_year: 2016
  price_year: 2023
  carbon_year: 2023
storage_values:
  CAES:
    cost: 49.8665
    lifetime: 24.0199
    annual_cost: 2.0760494423373954
    efficiency: 0.610871
    discharge_ratio: 0.1
    depth_of_discharge: 0.4
  Li-ion:
    cost: 180.847
    lifetime: 23.0655
    annual_cost: 7.840584422622531
    efficiency: 0.932971
    discharge_ratio: 2
    depth_of_discharge: 0.9
  Pb-acid:
    cost: 155.498
    lifetime: 10.2102
    annual_cost: 15.229672288495816
    efficiency: 0.770872
    discharge_ratio: 5
    depth_of_discharge: 0.5
  VRBF:
    cost: 265.687
    lifetime: 21.768
    annual_cost: 12.205393237780228
    efficiency: 0.831102
    discharge_ratio: 0.5
    depth_of_discharge: 1.0
