cost_values:
  wind_capex: 5000.0
  wind_opex: 100
  wind_lifetime: 20
  solar_capex: 1000.0
  solar_opex: 10
  solar_lifetime: 20
  carbon_price: 1.0
timeseries_values:
  load_level: 251811.87570603524
  wind_year: 2019
  solar_year: 2016
  price_year: 2023
  carbon_year: 2023
storage_values:
  CAES:
    cost: 46.2852
    lifetime: 24.9556
    annual_cost: 1.85470195066438
    efficiency: 0.621019
    discharge_ratio: 0.1
    depth_of_discharge: 0.4
  Li-ion:
    cost: 211.553
    lifetime: 20.3354
    annual_cost: 10.403188528379083
    efficiency: 0.930123
    discharge_ratio: 2
    depth_of_discharge: 0.9
  Pb-acid:
    cost: 164.142
    lifetime: 11.5617
    annual_cost: 14.197047147045849
    efficiency: 0.784839
    discharge_ratio: 5
    depth_of_discharge: 0.5
  VRBF:
    cost: 249.809
    lifetime: 21.2903
    annual_cost: 11.733465474887625
    efficiency: 0.846132
    discharge_ratio: 0.5
    depth_of_discharge: 1.0
