cost_values:
  wind_capex: 5000.0
  wind_opex: 100
  wind_lifetime: 20
  solar_capex: 1000.0
  solar_opex: 10
  solar_lifetime: 20
  carbon_price: 1.0
timeseries_values:
  load_level: 251811.87570603524
  wind_year: 2019
  solar_year: 2016
  price_year: 2023
  carbon_year: 2023
storage_values:
  CAES:
    cost: 43.9465
    lifetime: 23.7878
    annual_cost: 1.84743860298136
    efficiency: 0.620397
    discharge_ratio: 0.1
    depth_of_discharge: 0.4
  Li-ion:
    cost: 208.401
    lifetime: 24.2911
    annual_cost: 8.579315057778363
    efficiency: 0.960076
    discharge_ratio: 2
    depth_of_discharge: 0.9
  Pb-acid:
    cost: 149.868
    lifetime: 10.0758
    annual_cost: 14.87405466563449
    efficiency: 0.764032
    discharge_ratio: 5
    depth_of_discharge: 0.5
  VRBF:
    cost: 282.026
    lifetime: 22.5386
    annual_cost: 12.513022104301067
    efficiency: 0.83684
    discharge_ratio: 0.5
    depth_of_discharge: 1.0
