cost_values:
  wind_capex: 5000.0
  wind_opex: 100
  wind_lifetime: 20
  solar_capex: 1000.0
  solar_opex: 10
  solar_lifetime: 20
  carbon_price: 1.0
timeseries_values:
  load_level: 251811.87570603524
  wind_year: 2019
  solar_year: 2016
  price_year: 2023
  carbon_year: 2023
storage_values:
  CAES:
    cost: 51.1889
    lifetime: 25.1622
    annual_cost: 2.034357091192344
    efficiency: 0.619315
    discharge_ratio: 0.1
    depth_of_discharge: 0.4
  Li-ion:
    cost: 215.854
    lifetime: 22.6097
    annual_cost: 9.546964356006493
    efficiency: 0.955064
    discharge_ratio: 2
    depth_of_discharge: 0.9
  Pb-acid:
    cost: 157.177
    lifetime: 11.9302
    annual_cost: 13.174716266282209
    efficiency: 0.779051
    discharge_ratio: 5
    depth_of_discharge: 0.5
  VRBF:
    cost: 238.684
    lifetime: 21.48
    annual_cost: 11.111918063314711
    efficiency: 0.826094
    discharge_ratio: 0.5
    depth_of_discharge: 1.0
