cost_values:
  wind_capex: 5000.0
  wind_opex: 100
  wind_lifetime: 20
  solar_capex: 1000.0
  solar_opex: 10
  solar_lifetime: 20
  carbon_price: 1.0
timeseries_values:
  load_level: 251811.87570603524
  wind_year: 2019
  solar_year: 2016
  price_year: 2023
  carbon_year: 2023
storage_values:
  CAES:
    cost: 45.3273
    lifetime: 24.9247
    annual_cost: 1.8185695314286632
    efficiency: 0.621224
    discharge_ratio: 0.1
    depth_of_discharge: 0.4
  Li-ion:
    cost: 226.26
    lifetime: 23.3473
    annual_cost: 9.691056353411314
    efficiency: 0.956188
    discharge_ratio: 2
    depth_of_discharge: 0.9
  Pb-acid:
    cost: 174.77
    lifetime: 9.72573
    annual_cost: 17.969859331895908
    efficiency: 0.755353
    discharge_ratio: 5
    depth_of_discharge: 0.5
  VRBF:
    cost: 274.262
    lifetime: 22.1922
    annual_cost: 12.35848631501158
    efficiency: 0.816402
    discharge_ratio: 0.5
    depth_of_discharge: 1.0
