cost_values:
  wind_capex: 5000.0
  wind_opex: 100
  wind_lifetime: 20
  solar_capex: 1000.0
  solar_opex: 10
  solar_lifetime: 20
  carbon_price: 1.0
timeseries_values:
  load_level: 251811.87570603524
  wind_year: 2019
  solar_year: 2016
  price_year: 2023
  carbon_year: 2023
storage_values:
  CAES:
    cost: 49.056
    lifetime: 25.1003
    annual_cost: 1.954398951406955
    efficiency: 0.613498
    discharge_ratio: 0.1
    depth_of_discharge: 0.4
  Li-ion:
    cost: 188.428
    lifetime: 24.8036
    annual_cost: 7.596800464448709
    efficiency: 0.966144
    discharge_ratio: 2
    depth_of_discharge: 0.9
  Pb-acid:
    cost: 168.854
    lifetime: 10.7435
    annual_cost: 15.716852050076794
    efficiency: 0.764349
    discharge_ratio: 5
    depth_of_discharge: 0.5
  VRBF:
    cost: 265.628
    lifetime: 19.8988
    annual_cost: 13.348945665065228
    efficiency: 0.837556
    discharge_ratio: 0.5
    depth_of_discharge: 1.0
