cost_values:
  wind_capex: 5000.0
  wind_opex: 100
  wind_lifetime: 20
  solar_capex: 1000.0
  solar_opex: 10
  solar_lifetime: 20
  carbon_price: 1.0
timeseries_values:
  load_level: 251811.87570603524
  wind_year: 2019
  solar_year: 2016
  price_year: 2023
  carbon_year: 2023
storage_values:
  CAES:
    cost: 47.54
    lifetime: 25.9615
    annual_cost: 1.8311730832193824
    efficiency: 0.61217
    discharge_ratio: 0.1
    depth_of_discharge: 0.4
  Li-ion:
    cost: 208.956
    lifetime: 22.6893
    annual_cost: 9.209451150983062
    efficiency: 0.945549
    discharge_ratio: 2
    depth_of_discharge: 0.9
  Pb-acid:
    cost: 154.149
    lifetime: 11.5965
    annual_cost: 13.292717630319492
    efficiency: 0.777853
    discharge_ratio: 5
    depth_of_discharge: 0.5
  VRBF:
    cost: 267.725
    lifetime: 19.5697
    annual_cost: 13.680587847539819
    efficiency: 0.825596
    discharge_ratio: 0.5
    depth_of_discharge: 1.0
