cost_values:
  wind_capex: 5000.0
  wind_opex: 100
  wind_lifetime: 20
  solar_capex: 1000.0
  solar_opex: 10
  solar_lifetime: 20
  carbon_price: 1.0
timeseries_values:
  load_level: 251811.87570603524
  wind_year: 2019
  solar_year: 2016
  price_year: 2023
  carbon_year: 2023
storage_values:
  CAES:
    cost: 44.8848
    lifetime: 25.0001
    annual_cost: 1.7953848184607262
    efficiency: 0.620615
    discharge_ratio: 0.1
    depth_of_discharge: 0.4
  Li-ion:
    cost: 223.891
    lifetime: 21.6793
    annual_cost: 10.327409095312117
    efficiency: 0.931076
    discharge_ratio: 2
    depth_of_discharge: 0.9
  Pb-acid:
    cost: 157.702
    lifetime: 10.7114
    annual_cost: 14.722818679164256
    efficiency: 0.76927
    discharge_ratio: 5
    depth_of_discharge: 0.5
  VRBF:
    cost: 212.288
    lifetime: 21.9769
    annual_cost: 9.6595971224331
    efficiency: 0.825503
    discharge_ratio: 0.5
    depth_of_discharge: 1.0
