cost_values:
  wind_capex: 5000.0
  wind_opex: 100
  wind_lifetime: 20
  solar_capex: 1000.0
  solar_opex: 10
  solar_lifetime: 20
  carbon_price: 1.0
timeseries_values:
  load_level: 251811.87570603524
  wind_year: 2019
  solar_year: 2016
  price_year: 2023
  carbon_year: 2023
storage_values:
  CAES:
    cost: 52.8374
    lifetime: 24.181
    annual_cost: 2.1850791944088335
    efficiency: 0.603292
    discharge_ratio: 0.1
    depth_of_discharge: 0.4
  Li-ion:
    cost: 197.693
    lifetime: 21.1437
    annual_cost: 9.349971859229937
    efficiency: 0.947344
    discharge_ratio: 2
    depth_of_discharge: 0.9
  Pb-acid:
    cost: 177.615
    lifetime: 11.2064
    annual_cost: 15.84942532838378
    efficiency: 0.761097
    discharge_ratio: 5
    depth_of_discharge: 0.5
  VRBF:
    cost: 278.857
    lifetime: 19.0635
    annual_cost: 14.627796574605922
    efficiency: 0.834788
    discharge_ratio: 0.5
    depth_of_discharge: 1.0
