cost_values:
  wind_capex: 5000.0
  wind_opex: 100
  wind_lifetime: 20
  solar_capex: 1000.0
  solar_opex: 10
  solar_lifetime: 20
  carbon_price: 1.0
timeseries_values:
  load_level: 251811.87570603524
  wind_year: 2019
  solar_year: 2016
  price_year: 2023
  carbon_year: 2023
storage_values:
  CAES:
    cost: 50.1383
    lifetime: 25.713
    annual_cost: 1.9499202737914674
    efficiency: 0.631976
    discharge_ratio: 0.1
    depth_of_discharge: 0.4
  Li-ion:
    cost: 212.915
    lifetime: 25.1557
    annual_cost: 8.463886912310132
    efficiency: 0.948557
    discharge_ratio: 2
    depth_of_discharge: 0.9
  Pb-acid:
    cost: 136.376
    lifetime: 10.5839
    annual_cost: 12.885231341943896
    efficiency: 0.794621
    discharge_ratio: 5
    depth_of_discharge: 0.5
  VRBF:
    cost: 251.827
    lifetime: 19.5501
    annual_cost: 12.881110582554564
    efficiency: 0.822713
    discharge_ratio: 0.5
    depth_of_discharge: 1.0
