cost_values:
  wind_capex: 5000.0
  wind_opex: 100
  wind_lifetime: 20
  solar_capex: 1000.0
  solar_opex: 10
  solar_lifetime: 20
  carbon_price: 1.0
timeseries_values:
  load_level: 251811.87570603524
  wind_year: 2019
  solar_year: 2016
  price_year: 2023
  carbon_year: 2023
storage_values:
  CAES:
    cost: 51.8404
    lifetime: 25.6926
    annual_cost: 2.01771716369694
    efficiency: 0.622961
    discharge_ratio: 0.1
    depth_of_discharge: 0.4
  Li-ion:
    cost: 222.502
    lifetime: 23.1795
    annual_cost: 9.599085398735951
    efficiency: 0.951929
    discharge_ratio: 2
    depth_of_discharge: 0.9
  Pb-acid:
    cost: 153.203
    lifetime: 12.2823
    annual_cost: 12.473478094493704
    efficiency: 0.76892
    discharge_ratio: 5
    depth_of_discharge: 0.5
  VRBF:
    cost: 229.908
    lifetime: 19.854
    annual_cost: 11.579933514656997
    efficiency: 0.832883
    discharge_ratio: 0.5
    depth_of_discharge: 1.0
