cost_values:
  wind_capex: 5000.0
  wind_opex: 100
  wind_lifetime: 20
  solar_capex: 1000.0
  solar_opex: 10
  solar_lifetime: 20
  carbon_price: 1.0
timeseries_values:
  load_level: 251811.87570603524
  wind_year: 2019
  solar_year: 2016
  price_year: 2023
  carbon_year: 2023
storage_values:
  CAES:
    cost: 49.6649
    lifetime: 24.5801
    annual_cost: 2.020532870085964
    efficiency: 0.617831
    discharge_ratio: 0.1
    depth_of_discharge: 0.4
  Li-ion:
    cost: 209.752
    lifetime: 24.42
    annual_cost: 8.589352989352989
    efficiency: 0.94091
    discharge_ratio: 2
    depth_of_discharge: 0.9
  Pb-acid:
    cost: 152.878
    lifetime: 12.2616
    annual_cost: 12.468030273373785
    efficiency: 0.775318
    discharge_ratio: 5
    depth_of_discharge: 0.5
  VRBF:
    cost: 262.51
    lifetime: 22.0587
    annual_cost: 11.9005199762452
    efficiency: 0.830839
    discharge_ratio: 0.5
    depth_of_discharge: 1.0
