cost_values:
  wind_capex: 5000.0
  wind_opex: 100
  wind_lifetime: 20
  solar_capex: 1000.0
  solar_opex: 10
  solar_lifetime: 20
  carbon_price: 1.0
timeseries_values:
  load_level: 251811.87570603524
  wind_year: 2019
  solar_year: 2016
  price_year: 2023
  carbon_year: 2023
storage_values:
  CAES:
    cost: 45.4372
    lifetime: 25.3162
    annual_cost: 1.7947875273540264
    efficiency: 0.615803
    discharge_ratio: 0.1
    depth_of_discharge: 0.4
  Li-ion:
    cost: 202.367
    lifetime: 22.2584
    annual_cost: 9.091713690112496
    efficiency: 0.947476
    discharge_ratio: 2
    depth_of_discharge: 0.9
  Pb-acid:
    cost: 145.871
    lifetime: 10.3424
    annual_cost: 14.104173112623764
    efficiency: 0.760156
    discharge_ratio: 5
    depth_of_discharge: 0.5
  VRBF:
    cost: 223.253
    lifetime: 20.9205
    annual_cost: 10.671494467149445
    efficiency: 0.837633
    discharge_ratio: 0.5
    depth_of_discharge: 1.0
