cost_values:
  wind_capex: 5000.0
  wind_opex: 100
  wind_lifetime: 20
  solar_capex: 1000.0
  solar_opex: 10
  solar_lifetime: 20
  carbon_price: 1.0
timeseries_values:
  load_level: 251811.87570603524
  wind_year: 2019
  solar_year: 2016
  price_year: 2023
  carbon_year: 2023
storage_values:
  CAES:
    cost: 46.2872
    lifetime: 25.0025
    annual_cost: 1.8513028697130285
    efficiency: 0.613834
    discharge_ratio: 0.1
    depth_of_discharge: 0.4
  Li-ion:
    cost: 209.101
    lifetime: 22.7591
    annual_cost: 9.187577716166281
    efficiency: 0.932711
    discharge_ratio: 2
    depth_of_discharge: 0.9
  Pb-acid:
    cost: 165.939
    lifetime: 12.3502
    annual_cost: 13.436138686013182
    efficiency: 0.781531
    discharge_ratio: 5
    depth_of_discharge: 0.5
  VRBF:
    cost: 259.654
    lifetime: 20.872
    annual_cost: 12.440302798006899
    efficiency: 0.822258
    discharge_ratio: 0.5
    depth_of_discharge: 1.0
