cost_values:
  wind_capex: 5000.0
  wind_opex: 100
  wind_lifetime: 20
  solar_capex: 1000.0
  solar_opex: 10
  solar_lifetime: 20
  carbon_price: 1.0
timeseries_values:
  load_level: 251811.87570603524
  wind_year: 2019
  solar_year: 2016
  price_year: 2023
  carbon_year: 2023
storage_values:
  CAES:
    cost: 47.7642
    lifetime: 24.9791
    annual_cost: 1.9121665712535683
    efficiency: 0.619437
    discharge_ratio: 0.1
    depth_of_discharge: 0.4
  Li-ion:
    cost: 218.471
    lifetime: 22.8051
    annual_cost: 9.579918526996154
    efficiency: 0.952264
    discharge_ratio: 2
    depth_of_discharge: 0.9
  Pb-acid:
    cost: 150.402
    lifetime: 11.4421
    annual_cost: 13.144615061920451
    efficiency: 0.787824
    discharge_ratio: 5
    depth_of_discharge: 0.5
  VRBF:
    cost: 243.962
    lifetime: 19.4262
    annual_cost: 12.558400510650563
    efficiency: 0.817372
    discharge_ratio: 0.5
    depth_of_discharge: 1.0
