cost_values:
  wind_capex: 5000.0
  wind_opex: 100
  wind_lifetime: 20
  solar_capex: 1000.0
  solar_opex: 10
  solar_lifetime: 20
  carbon_price: 1.0
timeseries_values:
  load_level: 251811.87570603524
  wind_year: 2019
  solar_year: 2016
  price_year: 2023
  carbon_year: 2023
storage_values:
  CAES:
    cost: 49.4534
    lifetime: 24.7329
    annual_cost: 1.9994986435072313
    efficiency: 0.618567
    discharge_ratio: 0.1
    depth_of_discharge: 0.4
  Li-ion:
    cost: 202.439
    lifetime: 23.5653
    annual_cost: 8.590554756357864
    efficiency: 0.953298
    discharge_ratio: 2
    depth_of_discharge: 0.9
  Pb-acid:
    cost: 165.357
    lifetime: 10.8993
    annual_cost: 15.17134127879772
    efficiency: 0.773727
    discharge_ratio: 5
    depth_of_discharge: 0.5
  VRBF:
    cost: 241.151
    lifetime: 19.7335
    annual_cost: 12.220386652139764
    efficiency: 0.835455
    discharge_ratio: 0.5
    depth_of_discharge: 1.0
