cost_values:
  wind_capex: 5000.0
  wind_opex: 100
  wind_lifetime: 20
  solar_capex: 1000.0
  solar_opex: 10
  solar_lifetime: 20
  carbon_price: 1.0
timeseries_values:
  load_level: 251811.87570603524
  wind_year: 2019
  solar_year: 2016
  price_year: 2023
  carbon_year: 2023
storage_values:
  CAES:
    cost: 37.3232
    lifetime: 24.8958
    annual_cost: 1.4991765679351536
    efficiency: 0.61143
    discharge_ratio: 0.1
    depth_of_discharge: 0.4
  Li-ion:
    cost: 222.603
    lifetime: 21.5259
    annual_cost: 10.341170404024918
    efficiency: 0.946479
    discharge_ratio: 2
    depth_of_discharge: 0.9
  Pb-acid:
    cost: 160.263
    lifetime: 11.652
    annual_cost: 13.75411946446962
    efficiency: 0.762522
    discharge_ratio: 5
    depth_of_discharge: 0.5
  VRBF:
    cost: 288.575
    lifetime: 20.1294
    annual_cost: 14.33599610519936
    efficiency: 0.836213
    discharge_ratio: 0.5
    depth_of_discharge: 1.0
