cost_values:
  wind_capex: 5000.0
  wind_opex: 100
  wind_lifetime: 20
  solar_capex: 1000.0
  solar_opex: 10
  solar_lifetime: 20
  carbon_price: 1.0
timeseries_values:
  load_level: 251811.87570603524
  wind_year: 2019
  solar_year: 2016
  price_year: 2023
  carbon_year: 2023
storage_values:
  CAES:
    cost: 51.2098
    lifetime: 26.0622
    annual_cost: 1.964907030104903
    efficiency: 0.617117
    discharge_ratio: 0.1
    depth_of_discharge: 0.4
  Li-ion:
    cost: 208.873
    lifetime: 21.6154
    annual_cost: 9.663156823375925
    efficiency: 0.95133
    discharge_ratio: 2
    depth_of_discharge: 0.9
  Pb-acid:
    cost: 148.164
    lifetime: 10.8843
    annual_cost: 13.612634712383892
    efficiency: 0.780784
    discharge_ratio: 5
    depth_of_discharge: 0.5
  VRBF:
    cost: 236.693
    lifetime: 19.3017
    annual_cost: 12.262805866840745
    efficiency: 0.844496
    discharge_ratio: 0.5
    depth_of_discharge: 1.0
