cost_values:
  wind_capex: 5000.0
  wind_opex: 100
  wind_lifetime: 20
  solar_capex: 1000.0
  solar_opex: 10
  solar_lifetime: 20
  carbon_price: 1.0
timeseries_values:
  load_level: 251811.87570603524
  wind_year: 2019
  solar_year: 2016
  price_year: 2023
  carbon_year: 2023
storage_values:
  CAES:
    cost: 43.0311
    lifetime: 26.0319
    annual_cost: 1.6530141864404828
    efficiency: 0.626047
    discharge_ratio: 0.1
    depth_of_discharge: 0.4
  Li-ion:
    cost: 219.351
    lifetime: 24.7514
    annual_cost: 8.86216537246378
    efficiency: 0.941502
    discharge_ratio: 2
    depth_of_discharge: 0.9
  Pb-acid:
    cost: 159.075
    lifetime: 11.9418
    annual_cost: 13.320856152338841
    efficiency: 0.766517
    discharge_ratio: 5
    depth_of_discharge: 0.5
  VRBF:
    cost: 227.538
    lifetime: 18.5803
    annual_cost: 12.246196240103766
    efficiency: 0.846795
    discharge_ratio: 0.5
    depth_of_discharge: 1.0
