cost_values:
  wind_capex: 5000.0
  wind_opex: 100
  wind_lifetime: 20
  solar_capex: 1000.0
  solar_opex: 10
  solar_lifetime: 20
  carbon_price: 1.0
timeseries_values:
  load_level: 251811.87570603524
  wind_year: 2019
  solar_year: 2016
  price_year: 2023
  carbon_year: 2023
storage_values:
  CAES:
    cost: 51.0096
    lifetime: 25.6935
    annual_cost: 1.9853114600969115
    efficiency: 0.616025
    discharge_ratio: 0.1
    depth_of_discharge: 0.4
  Li-ion:
    cost: 218.943
    lifetime: 22.1793
    annual_cost: 9.871501805737783
    efficiency: 0.938838
    discharge_ratio: 2
    depth_of_discharge: 0.9
  Pb-acid:
    cost: 153.677
    lifetime: 10.7786
    annual_cost: 14.257603028222587
    efficiency: 0.782711
    discharge_ratio: 5
    depth_of_discharge: 0.5
  VRBF:
    cost: 284.041
    lifetime: 21.4493
    annual_cost: 13.242436816119872
    efficiency: 0.83182
    discharge_ratio: 0.5
    depth_of_discharge: 1.0
