cost_values:
  wind_capex: 5000.0
  wind_opex: 100
  wind_lifetime: 20
  solar_capex: 1000.0
  solar_opex: 10
  solar_lifetime: 20
  carbon_price: 1.0
timeseries_values:
  load_level: 251811.87570603524
  wind_year: 2019
  solar_year: 2016
  price_year: 2023
  carbon_year: 2023
storage_values:
  CAES:
    cost: 44.5227
    lifetime: 25.4176
    annual_cost: 1.7516484640564018
    efficiency: 0.614191
    discharge_ratio: 0.1
    depth_of_discharge: 0.4
  Li-ion:
    cost: 220.418
    lifetime: 21.8203
    annual_cost: 10.10151097830919
    efficiency: 0.936362
    discharge_ratio: 2
    depth_of_discharge: 0.9
  Pb-acid:
    cost: 178.067
    lifetime: 11.3421
    annual_cost: 15.69964997663572
    efficiency: 0.782529
    discharge_ratio: 5
    depth_of_discharge: 0.5
  VRBF:
    cost: 242.712
    lifetime: 18.7859
    annual_cost: 12.919902692977178
    efficiency: 0.826119
    discharge_ratio: 0.5
    depth_of_discharge: 1.0
