cost_values:
  wind_capex: 5000.0
  wind_opex: 100
  wind_lifetime: 20
  solar_capex: 1000.0
  solar_opex: 10
  solar_lifetime: 20
  carbon_price: 1.0
timeseries_values:
  load_level: 251811.87570603524
  wind_year: 2019
  solar_year: 2016
  price_year: 2023
  carbon_year: 2023
storage_values:
  CAES:
    cost: 41.136
    lifetime: 25.2297
    annual_cost: 1.6304593395878668
    efficiency: 0.616778
    discharge_ratio: 0.1
    depth_of_discharge: 0.4
  Li-ion:
    cost: 208.149
    lifetime: 20.6368
    annual_cost: 10.086302139866646
    efficiency: 0.931111
    discharge_ratio: 2
    depth_of_discharge: 0.9
  Pb-acid:
    cost: 177.578
    lifetime: 12.0769
    annual_cost: 14.70393892472406
    efficiency: 0.77623
    discharge_ratio: 5
    depth_of_discharge: 0.5
  VRBF:
    cost: 245.603
    lifetime: 20.6891
    annual_cost: 11.871130208660599
    efficiency: 0.83694
    discharge_ratio: 0.5
    depth_of_discharge: 1.0
