cost_values:
  wind_capex: 5000.0
  wind_opex: 100
  wind_lifetime: 20
  solar_capex: 1000.0
  solar_opex: 10
  solar_lifetime: 20
  carbon_price: 1.0
timeseries_values:
  load_level: 251811.87570603524
  wind_year: 2019
  solar_year: 2016
  price_year: 2023
  carbon_year: 2023
storage_values:
  CAES:
    cost: 42.27
    lifetime: 25.3312
    annual_cost: 1.6686931531076303
    efficiency: 0.621764
    discharge_ratio: 0.1
    depth_of_discharge: 0.4
  Li-ion:
    cost: 209.794
    lifetime: 20.2107
    annual_cost: 10.380343085593276
    efficiency: 0.935415
    discharge_ratio: 2
    depth_of_discharge: 0.9
  Pb-acid:
    cost: 163.768
    lifetime: 11.6476
    annual_cost: 14.06023558501322
    efficiency: 0.763261
    discharge_ratio: 5
    depth_of_discharge: 0.5
  VRBF:
    cost: 258.249
    lifetime: 20.525
    annual_cost: 12.582168087697932
    efficiency: 0.849752
    discharge_ratio: 0.5
    depth_of_discharge: 1.0
