cost_values:
  wind_capex: 5000.0
  wind_opex: 100
  wind_lifetime: 20
  solar_capex: 1000.0
  solar_opex: 10
  solar_lifetime: 20
  carbon_price: 1.0
timeseries_values:
  load_level: 251811.87570603524
  wind_year: 2019
  solar_year: 2016
  price_year: 2023
  carbon_year: 2023
storage_values:
  CAES:
    cost: 38.9514
    lifetime: 25.0743
    annual_cost: 1.5534391787607231
    efficiency: 0.611115
    discharge_ratio: 0.1
    depth_of_discharge: 0.4
  Li-ion:
    cost: 174.011
    lifetime: 20.8315
    annual_cost: 8.353263087151669
    efficiency: 0.94673
    discharge_ratio: 2
    depth_of_discharge: 0.9
  Pb-acid:
    cost: 155.829
    lifetime: 12.3269
    annual_cost: 12.641377799771233
    efficiency: 0.783956
    discharge_ratio: 5
    depth_of_discharge: 0.5
  VRBF:
    cost: 264.045
    lifetime: 22.2834
    annual_cost: 11.849403591911468
    efficiency: 0.830932
    discharge_ratio: 0.5
    depth_of_discharge: 1.0
