cost_values:
  wind_capex: 5000.0
  wind_opex: 100
  wind_lifetime: 20
  solar_capex: 1000.0
  solar_opex: 10
  solar_lifetime: 20
  carbon_price: 1.0
timeseries_values:
  load_level: 251811.87570603524
  wind_year: 2019
  solar_year: 2016
  price_year: 2023
  carbon_year: 2023
storage_values:
  CAES:
    cost: 42.1954
    lifetime: 25.3645
    annual_cost: 1.6635612765873564
    efficiency: 0.612753
    discharge_ratio: 0.1
    depth_of_discharge: 0.4
  Li-ion:
    cost: 209.724
    lifetime: 22.4967
    annual_cost: 9.322433956980356
    efficiency: 0.962737
    discharge_ratio: 2
    depth_of_discharge: 0.9
  Pb-acid:
    cost: 155.403
    lifetime: 10.8304
    annual_cost: 14.348777515142562
    efficiency: 0.763044
    discharge_ratio: 5
    depth_of_discharge: 0.5
  VRBF:
    cost: 247.25
    lifetime: 19.2726
    annual_cost: 12.829094154395358
    efficiency: 0.848449
    discharge_ratio: 0.5
    depth_of_discharge: 1.0
