cost_values:
  wind_capex: 5000.0
  wind_opex: 100
  wind_lifetime: 20
  solar_capex: 1000.0
  solar_opex: 10
  solar_lifetime: 20
  carbon_price: 1.0
timeseries_values:
  load_level: 251811.87570603524
  wind_year: 2019
  solar_year: 2016
  price_year: 2023
  carbon_year: 2023
storage_values:
  CAES:
    cost: 50.1285
    lifetime: 24.5582
    annual_cost: 2.041212303833343
    efficiency: 0.628561
    discharge_ratio: 0.1
    depth_of_discharge: 0.4
  Li-ion:
    cost: 201.655
    lifetime: 23.7068
    annual_cost: 8.506209188924696
    efficiency: 0.945167
    discharge_ratio: 2
    depth_of_discharge: 0.9
  Pb-acid:
    cost: 138.213
    lifetime: 10.1456
    annual_cost: 13.622949850181358
    efficiency: 0.78177
    discharge_ratio: 5
    depth_of_discharge: 0.5
  VRBF:
    cost: 268.113
    lifetime: 21.0189
    annual_cost: 12.755805489345304
    efficiency: 0.843301
    discharge_ratio: 0.5
    depth_of_discharge: 1.0
