cost_values:
  wind_capex: 5000.0
  wind_opex: 100
  wind_lifetime: 20
  solar_capex: 1000.0
  solar_opex: 10
  solar_lifetime: 20
  carbon_price: 1.0
timeseries_values:
  load_level: 251811.87570603524
  wind_year: 2019
  solar_year: 2016
  price_year: 2023
  carbon_year: 2023
storage_values:
  CAES:
    cost: 47.2533
    lifetime: 26.3303
    annual_cost: 1.7946358377990377
    efficiency: 0.613747
    discharge_ratio: 0.1
    depth_of_discharge: 0.4
  Li-ion:
    cost: 220.226
    lifetime: 23.9985
    annual_cost: 9.176656874387982
    efficiency: 0.949795
    discharge_ratio: 2
    depth_of_discharge: 0.9
  Pb-acid:
    cost: 149.23
    lifetime: 12.7391
    annual_cost: 11.714328327746857
    efficiency: 0.774752
    discharge_ratio: 5
    depth_of_discharge: 0.5
  VRBF:
    cost: 236.77
    lifetime: 20.1166
    annual_cost: 11.769881590328387
    efficiency: 0.83287
    discharge_ratio: 0.5
    depth_of_discharge: 1.0
