cost_values:
  wind_capex: 5000.0
  wind_opex: 100
  wind_lifetime: 20
  solar_capex: 1000.0
  solar_opex: 10
  solar_lifetime: 20
  carbon_price: 1.0
timeseries_values:
  load_level: 251811.87570603524
  wind_year: 2019
  solar_year: 2016
  price_year: 2023
  carbon_year: 2023
storage_values:
  CAES:
    cost: 39.5269
    lifetime: 25.1193
    annual_cost: 1.573566938569148
    efficiency: 0.615076
    discharge_ratio: 0.1
    depth_of_discharge: 0.4
  Li-ion:
    cost: 212.09
    lifetime: 20.6103
    annual_cost: 10.290485825048641
    efficiency: 0.944967
    discharge_ratio: 2
    depth_of_discharge: 0.9
  Pb-acid:
    cost: 174.642
    lifetime: 11.3625
    annual_cost: 15.370033003300328
    efficiency: 0.75859
    discharge_ratio: 5
    depth_of_discharge: 0.5
  VRBF:
    cost: 271.998
    lifetime: 22.82
    annual_cost: 11.919281332164767
    efficiency: 0.845501
    discharge_ratio: 0.5
    depth_of_discharge: 1.0
