cost_values:
  wind_capex: 5000.0
  wind_opex: 100
  wind_lifetime: 20
  solar_capex: 1000.0
  solar_opex: 10
  solar_lifetime: 20
  carbon_price: 1.0
timeseries_values:
  load_level: 251811.87570603524
  wind_year: 2019
  solar_year: 2016
  price_year: 2023
  carbon_year: 2023
storage_values:
  CAES:
    cost: 36.8487
    lifetime: 25.09
    annual_cost: 1.4686608210442407
    efficiency: 0.62371
    discharge_ratio: 0.1
    depth_of_discharge: 0.4
  Li-ion:
    cost: 225.787
    lifetime: 20.1239
    annual_cost: 11.21984307216792
    efficiency: 0.936455
    discharge_ratio: 2
    depth_of_discharge: 0.9
  Pb-acid:
    cost: 190.28
    lifetime: 10.0623
    annual_cost: 18.910189519294793
    efficiency: 0.770696
    discharge_ratio: 5
    depth_of_discharge: 0.5
  VRBF:
    cost: 263.857
    lifetime: 21.6666
    annual_cost: 12.17805285554725
    efficiency: 0.838855
    discharge_ratio: 0.5
    depth_of_discharge: 1.0
