cost_values:
  wind_capex: 5000.0
  wind_opex: 100
  wind_lifetime: 20
  solar_capex: 1000.0
  solar_opex: 10
  solar_lifetime: 20
  carbon_price: 1.0
timeseries_values:
  load_level: 251811.87570603524
  wind_year: 2019
  solar_year: 2016
  price_year: 2023
  carbon_year: 2023
storage_values:
  CAES:
    cost: 47.7613
    lifetime: 25.2048
    annual_cost: 1.894928743731353
    efficiency: 0.629078
    discharge_ratio: 0.1
    depth_of_discharge: 0.4
  Li-ion:
    cost: 206.129
    lifetime: 22.0687
    annual_cost: 9.340332688377657
    efficiency: 0.944837
    discharge_ratio: 2
    depth_of_discharge: 0.9
  Pb-acid:
    cost: 180.365
    lifetime: 12.0022
    annual_cost: 15.027661595374182
    efficiency: 0.766361
    discharge_ratio: 5
    depth_of_discharge: 0.5
  VRBF:
    cost: 232.239
    lifetime: 20.8878
    annual_cost: 11.118404044466148
    efficiency: 0.842206
    discharge_ratio: 0.5
    depth_of_discharge: 1.0
