cost_values:
  wind_capex: 5000.0
  wind_opex: 100
  wind_lifetime: 20
  solar_capex: 1000.0
  solar_opex: 10
  solar_lifetime: 20
  carbon_price: 1.0
timeseries_values:
  load_level: 251811.87570603524
  wind_year: 2019
  solar_year: 2016
  price_year: 2023
  carbon_year: 2023
storage_values:
  CAES:
    cost: 45.9899
    lifetime: 26.5601
    annual_cost: 1.731540920403161
    efficiency: 0.623201
    discharge_ratio: 0.1
    depth_of_discharge: 0.4
  Li-ion:
    cost: 207.799
    lifetime: 21.9578
    annual_cost: 9.463561923325653
    efficiency: 0.943454
    discharge_ratio: 2
    depth_of_discharge: 0.9
  Pb-acid:
    cost: 148.823
    lifetime: 11.2597
    annual_cost: 13.2173148485306
    efficiency: 0.759237
    discharge_ratio: 5
    depth_of_discharge: 0.5
  VRBF:
    cost: 233.111
    lifetime: 17.0397
    annual_cost: 13.680463857931771
    efficiency: 0.835331
    discharge_ratio: 0.5
    depth_of_discharge: 1.0
