cost_values:
  wind_capex: 5000.0
  wind_opex: 100
  wind_lifetime: 20
  solar_capex: 1000.0
  solar_opex: 10
  solar_lifetime: 20
  carbon_price: 1.0
timeseries_values:
  load_level: 251811.87570603524
  wind_year: 2019
  solar_year: 2016
  price_year: 2023
  carbon_year: 2023
storage_values:
  CAES:
    cost: 32.8289
    lifetime: 24.9516
    annual_cost: 1.3157032013979062
    efficiency: 0.610757
    discharge_ratio: 0.1
    depth_of_discharge: 0.4
  Li-ion:
    cost: 228.458
    lifetime: 22.8529
    annual_cost: 9.996893173295293
    efficiency: 0.936203
    discharge_ratio: 2
    depth_of_discharge: 0.9
  Pb-acid:
    cost: 132.464
    lifetime: 10.5037
    annual_cost: 12.61117510972324
    efficiency: 0.758657
    discharge_ratio: 5
    depth_of_discharge: 0.5
  VRBF:
    cost: 249.318
    lifetime: 20.3266
    annual_cost: 12.265602707781923
    efficiency: 0.842911
    discharge_ratio: 0.5
    depth_of_discharge: 1.0
