cost_values:
  wind_capex: 5000.0
  wind_opex: 100
  wind_lifetime: 20
  solar_capex: 1000.0
  solar_opex: 10
  solar_lifetime: 20
  carbon_price: 1.0
timeseries_values:
  load_level: 251811.87570603524
  wind_year: 2019
  solar_year: 2016
  price_year: 2023
  carbon_year: 2023
storage_values:
  CAES:
    cost: 40.7821
    lifetime: 24.7276
    annual_cost: 1.6492542745757777
    efficiency: 0.619187
    discharge_ratio: 0.1
    depth_of_discharge: 0.4
  Li-ion:
    cost: 203.807
    lifetime: 23.4762
    annual_cost: 8.681430555200587
    efficiency: 0.935654
    discharge_ratio: 2
    depth_of_discharge: 0.9
  Pb-acid:
    cost: 156.331
    lifetime: 11.5612
    annual_cost: 13.52203923468152
    efficiency: 0.777944
    discharge_ratio: 5
    depth_of_discharge: 0.5
  VRBF:
    cost: 218.862
    lifetime: 18.9849
    annual_cost: 11.52821452838835
    efficiency: 0.839343
    discharge_ratio: 0.5
    depth_of_discharge: 1.0
