cost_values:
  wind_capex: 5000.0
  wind_opex: 100
  wind_lifetime: 20
  solar_capex: 1000.0
  solar_opex: 10
  solar_lifetime: 20
  carbon_price: 1.0
timeseries_values:
  load_level: 251811.87570603524
  wind_year: 2019
  solar_year: 2016
  price_year: 2023
  carbon_year: 2023
storage_values:
  CAES:
    cost: 51.7443
    lifetime: 24.9248
    annual_cost: 2.0760166581075876
    efficiency: 0.610119
    discharge_ratio: 0.1
    depth_of_discharge: 0.4
  Li-ion:
    cost: 219.534
    lifetime: 20.9192
    annual_cost: 10.494378370109755
    efficiency: 0.936568
    discharge_ratio: 2
    depth_of_discharge: 0.9
  Pb-acid:
    cost: 161.707
    lifetime: 11.0985
    annual_cost: 14.570167139703564
    efficiency: 0.764864
    discharge_ratio: 5
    depth_of_discharge: 0.5
  VRBF:
    cost: 252.58
    lifetime: 20.239
    annual_cost: 12.479865606008202
    efficiency: 0.817159
    discharge_ratio: 0.5
    depth_of_discharge: 1.0
