cost_values:
  wind_capex: 5000.0
  wind_opex: 100
  wind_lifetime: 20
  solar_capex: 1000.0
  solar_opex: 10
  solar_lifetime: 20
  carbon_price: 1.0
timeseries_values:
  load_level: 251811.87570603524
  wind_year: 2019
  solar_year: 2016
  price_year: 2023
  carbon_year: 2023
storage_values:
  CAES:
    cost: 46.9349
    lifetime: 25.0477
    annual_cost: 1.873820750008983
    efficiency: 0.609091
    discharge_ratio: 0.1
    depth_of_discharge: 0.4
  Li-ion:
    cost: 221.347
    lifetime: 22.2023
    annual_cost: 9.969552703999135
    efficiency: 0.9595
    discharge_ratio: 2
    depth_of_discharge: 0.9
  Pb-acid:
    cost: 168.233
    lifetime: 10.8029
    annual_cost: 15.572948004702443
    efficiency: 0.768968
    discharge_ratio: 5
    depth_of_discharge: 0.5
  VRBF:
    cost: 271.664
    lifetime: 17.2836
    annual_cost: 15.718021708440371
    efficiency: 0.834214
    discharge_ratio: 0.5
    depth_of_discharge: 1.0
