cost_values:
  wind_capex: 5000.0
  wind_opex: 100
  wind_lifetime: 20
  solar_capex: 1000.0
  solar_opex: 10
  solar_lifetime: 20
  carbon_price: 1.0
timeseries_values:
  load_level: 251811.87570603524
  wind_year: 2019
  solar_year: 2016
  price_year: 2023
  carbon_year: 2023
storage_values:
  CAES:
    cost: 44.7394
    lifetime: 25.6754
    annual_cost: 1.7425006036906925
    efficiency: 0.607748
    discharge_ratio: 0.1
    depth_of_discharge: 0.4
  Li-ion:
    cost: 207.755
    lifetime: 20.3315
    annual_cost: 10.218380345768882
    efficiency: 0.941422
    discharge_ratio: 2
    depth_of_discharge: 0.9
  Pb-acid:
    cost: 156.015
    lifetime: 10.7464
    annual_cost: 14.517885059182609
    efficiency: 0.76224
    discharge_ratio: 5
    depth_of_discharge: 0.5
  VRBF:
    cost: 239.481
    lifetime: 20.6117
    annual_cost: 11.618692296123076
    efficiency: 0.844828
    discharge_ratio: 0.5
    depth_of_discharge: 1.0
