cost_values:
  wind_capex: 5000.0
  wind_opex: 100
  wind_lifetime: 20
  solar_capex: 1000.0
  solar_opex: 10
  solar_lifetime: 20
  carbon_price: 1.0
timeseries_values:
  load_level: 251811.87570603524
  wind_year: 2019
  solar_year: 2016
  price_year: 2023
  carbon_year: 2023
storage_values:
  CAES:
    cost: 47.6967
    lifetime: 24.3174
    annual_cost: 1.9614226849909941
    efficiency: 0.616057
    discharge_ratio: 0.1
    depth_of_discharge: 0.4
  Li-ion:
    cost: 218.532
    lifetime: 22.8599
    annual_cost: 9.559621870611858
    efficiency: 0.933607
    discharge_ratio: 2
    depth_of_discharge: 0.9
  Pb-acid:
    cost: 149.587
    lifetime: 10.7928
    annual_cost: 13.8598880735305
    efficiency: 0.758849
    discharge_ratio: 5
    depth_of_discharge: 0.5
  VRBF:
    cost: 287.803
    lifetime: 22.1916
    annual_cost: 12.96900629066854
    efficiency: 0.833658
    discharge_ratio: 0.5
    depth_of_discharge: 1.0
