cost_values:
  wind_capex: 5000.0
  wind_opex: 100
  wind_lifetime: 20
  solar_capex: 1000.0
  solar_opex: 10
  solar_lifetime: 20
  carbon_price: 1.0
timeseries_values:
  load_level: 251811.87570603524
  wind_year: 2019
  solar_year: 2016
  price_year: 2023
  carbon_year: 2023
storage_values:
  CAES:
    cost: 43.5888
    lifetime: 23.7833
    annual_cost: 1.832748188855205
    efficiency: 0.625642
    discharge_ratio: 0.1
    depth_of_discharge: 0.4
  Li-ion:
    cost: 218.683
    lifetime: 22.5471
    annual_cost: 9.698941327266034
    efficiency: 0.951335
    discharge_ratio: 2
    depth_of_discharge: 0.9
  Pb-acid:
    cost: 143.971
    lifetime: 10.5143
    annual_cost: 13.692875417288835
    efficiency: 0.769131
    discharge_ratio: 5
    depth_of_discharge: 0.5
  VRBF:
    cost: 246.921
    lifetime: 21.3152
    annual_cost: 11.584268503227742
    efficiency: 0.837472
    discharge_ratio: 0.5
    depth_of_discharge: 1.0
