cost_values:
  wind_capex: 5000.0
  wind_opex: 100
  wind_lifetime: 20
  solar_capex: 1000.0
  solar_opex: 10
  solar_lifetime: 20
  carbon_price: 1.0
timeseries_values:
  load_level: 251811.87570603524
  wind_year: 2019
  solar_year: 2016
  price_year: 2023
  carbon_year: 2023
storage_values:
  CAES:
    cost: 48.0137
    lifetime: 25.583
    annual_cost: 1.8767814564359147
    efficiency: 0.612729
    discharge_ratio: 0.1
    depth_of_discharge: 0.4
  Li-ion:
    cost: 226.758
    lifetime: 22.3055
    annual_cost: 10.166012866781736
    efficiency: 0.950457
    discharge_ratio: 2
    depth_of_discharge: 0.9
  Pb-acid:
    cost: 165.495
    lifetime: 12.1976
    annual_cost: 13.567833016331083
    efficiency: 0.784495
    discharge_ratio: 5
    depth_of_discharge: 0.5
  VRBF:
    cost: 261.904
    lifetime: 20.7066
    annual_cost: 12.648334347502727
    efficiency: 0.847029
    discharge_ratio: 0.5
    depth_of_discharge: 1.0
