cost_values:
  wind_capex: 5000.0
  wind_opex: 100
  wind_lifetime: 20
  solar_capex: 1000.0
  solar_opex: 10
  solar_lifetime: 20
  carbon_price: 1.0
timeseries_values:
  load_level: 251811.87570603524
  wind_year: 2019
  solar_year: 2016
  price_year: 2023
  carbon_year: 2023
storage_values:
  CAES:
    cost: 48.7888
    lifetime: 23.8682
    annual_cost: 2.0440921393318305
    efficiency: 0.616949
    discharge_ratio: 0.1
    depth_of_discharge: 0.4
  Li-ion:
    cost: 200.933
    lifetime: 23.46
    annual_cost: 8.564919011082694
    efficiency: 0.942414
    discharge_ratio: 2
    depth_of_discharge: 0.9
  Pb-acid:
    cost: 171.92
    lifetime: 11.2745
    annual_cost: 15.248569781365026
    efficiency: 0.77007
    discharge_ratio: 5
    depth_of_discharge: 0.5
  VRBF:
    cost: 233.323
    lifetime: 21.0647
    annual_cost: 11.076492900444821
    efficiency: 0.829823
    discharge_ratio: 0.5
    depth_of_discharge: 1.0
