cost_values:
  wind_capex: 5000.0
  wind_opex: 100
  wind_lifetime: 20
  solar_capex: 1000.0
  solar_opex: 10
  solar_lifetime: 20
  carbon_price: 1.0
timeseries_values:
  load_level: 245060.03140897164
  wind_year: 2018
  solar_year: 2013
  price_year: 2023
  carbon_year: 2023
storage_values:
  CAES:
    cost: 36.3048
    lifetime: 27.0674
    annual_cost: 1.341274004891493
    efficiency: 0.628761
    discharge_ratio: 0.1
    depth_of_discharge: 0.4
  Li-ion:
    cost: 291.457
    lifetime: 19.5642
    annual_cost: 14.897465779331636
    efficiency: 0.912724
    discharge_ratio: 2
    depth_of_discharge: 0.9
  Pb-acid:
    cost: 196.284
    lifetime: 10.2972
    annual_cost: 19.061880899662043
    efficiency: 0.791325
    discharge_ratio: 5
    depth_of_discharge: 0.5
  VRBF:
    cost: 339.462
    lifetime: 20.2985
    annual_cost: 16.723501736581518
    efficiency: 0.775568
    discharge_ratio: 0.5
    depth_of_discharge: 1.0
