cost_values:
  wind_capex: 5000.0
  wind_opex: 100
  wind_lifetime: 20
  solar_capex: 1000.0
  solar_opex: 10
  solar_lifetime: 20
  carbon_price: 1.0
timeseries_values:
  load_level: 245060.03140897164
  wind_year: 2018
  solar_year: 2013
  price_year: 2023
  carbon_year: 2023
storage_values:
  CAES:
    cost: 43.1488
    lifetime: 26.2824
    annual_cost: 1.6417374364593798
    efficiency: 0.611202
    discharge_ratio: 0.1
    depth_of_discharge: 0.4
  Li-ion:
    cost: 297.803
    lifetime: 20.6622
    annual_cost: 14.412937634908191
    efficiency: 0.909382
    discharge_ratio: 2
    depth_of_discharge: 0.9
  Pb-acid:
    cost: 187.92
    lifetime: 9.28756
    annual_cost: 20.233516660996
    efficiency: 0.781026
    discharge_ratio: 5
    depth_of_discharge: 0.5
  VRBF:
    cost: 315.005
    lifetime: 22.1158
    annual_cost: 14.243436818925835
    efficiency: 0.791135
    discharge_ratio: 0.5
    depth_of_discharge: 1.0
