cost_values:
  wind_capex: 5000.0
  wind_opex: 100
  wind_lifetime: 20
  solar_capex: 1000.0
  solar_opex: 10
  solar_lifetime: 20
  carbon_price: 1.0
timeseries_values:
  load_level: 245060.03140897164
  wind_year: 2018
  solar_year: 2013
  price_year: 2023
  carbon_year: 2023
storage_values:
  CAES:
    cost: 34.821
    lifetime: 26.1864
    annual_cost: 1.3297360461919163
    efficiency: 0.620463
    discharge_ratio: 0.1
    depth_of_discharge: 0.4
  Li-ion:
    cost: 284.461
    lifetime: 21.3726
    annual_cost: 13.309611371569208
    efficiency: 0.899663
    discharge_ratio: 2
    depth_of_discharge: 0.9
  Pb-acid:
    cost: 203.354
    lifetime: 9.85235
    annual_cost: 20.64015184194634
    efficiency: 0.791038
    discharge_ratio: 5
    depth_of_discharge: 0.5
  VRBF:
    cost: 332.335
    lifetime: 20.4005
    annual_cost: 16.290532094801595
    efficiency: 0.798771
    discharge_ratio: 0.5
    depth_of_discharge: 1.0
