cost_values:
  wind_capex: 5000.0
  wind_opex: 100
  wind_lifetime: 20
  solar_capex: 1000.0
  solar_opex: 10
  solar_lifetime: 20
  carbon_price: 1.0
timeseries_values:
  load_level: 245060.03140897164
  wind_year: 2018
  solar_year: 2013
  price_year: 2023
  carbon_year: 2023
storage_values:
  CAES:
    cost: 31.4861
    lifetime: 25.7084
    annual_cost: 1.2247397737704409
    efficiency: 0.622924
    discharge_ratio: 0.1
    depth_of_discharge: 0.4
  Li-ion:
    cost: 295.381
    lifetime: 20.7131
    annual_cost: 14.260588709560615
    efficiency: 0.916757
    discharge_ratio: 2
    depth_of_discharge: 0.9
  Pb-acid:
    cost: 202.944
    lifetime: 10.1782
    annual_cost: 19.939085496453202
    efficiency: 0.785274
    discharge_ratio: 5
    depth_of_discharge: 0.5
  VRBF:
    cost: 352.889
    lifetime: 21.4857
    annual_cost: 16.42436597364759
    efficiency: 0.798105
    discharge_ratio: 0.5
    depth_of_discharge: 1.0
