cost_values:
  wind_capex: 5000.0
  wind_opex: 100
  wind_lifetime: 20
  solar_capex: 1000.0
  solar_opex: 10
  solar_lifetime: 20
  carbon_price: 1.0
timeseries_values:
  load_level: 245060.03140897164
  wind_year: 2018
  solar_year: 2013
  price_year: 2023
  carbon_year: 2023
storage_values:
  CAES:
    cost: 38.1334
    lifetime: 26.1568
    annual_cost: 1.45787711034989
    efficiency: 0.607573
    discharge_ratio: 0.1
    depth_of_discharge: 0.4
  Li-ion:
    cost: 280.5
    lifetime: 17.7074
    annual_cost: 15.840834905180886
    efficiency: 0.919043
    discharge_ratio: 2
    depth_of_discharge: 0.9
  Pb-acid:
    cost: 214.404
    lifetime: 10.9625
    annual_cost: 19.55794754846066
    efficiency: 0.789674
    discharge_ratio: 5
    depth_of_discharge: 0.5
  VRBF:
    cost: 332.413
    lifetime: 18.3067
    annual_cost: 18.157996798986165
    efficiency: 0.765439
    discharge_ratio: 0.5
    depth_of_discharge: 1.0
