cost_values:
  wind_capex: 5000.0
  wind_opex: 100
  wind_lifetime: 20
  solar_capex: 1000.0
  solar_opex: 10
  solar_lifetime: 20
  carbon_price: 1.0
timeseries_values:
  load_level: 245060.03140897164
  wind_year: 2018
  solar_year: 2013
  price_year: 2023
  carbon_year: 2023
storage_values:
  CAES:
    cost: 35.4762
    lifetime: 26.1693
    annual_cost: 1.3556419162912268
    efficiency: 0.607759
    discharge_ratio: 0.1
    depth_of_discharge: 0.4
  Li-ion:
    cost: 290.204
    lifetime: 18.6402
    annual_cost: 15.56871707385114
    efficiency: 0.91041
    discharge_ratio: 2
    depth_of_discharge: 0.9
  Pb-acid:
    cost: 185.706
    lifetime: 9.42018
    annual_cost: 19.71363604517111
    efficiency: 0.776867
    discharge_ratio: 5
    depth_of_discharge: 0.5
  VRBF:
    cost: 311.786
    lifetime: 22.0132
    annual_cost: 14.163592753438845
    efficiency: 0.794285
    discharge_ratio: 0.5
    depth_of_discharge: 1.0
