cost_values:
  wind_capex: 5000.0
  wind_opex: 100
  wind_lifetime: 20
  solar_capex: 1000.0
  solar_opex: 10
  solar_lifetime: 20
  carbon_price: 1.0
timeseries_values:
  load_level: 245060.03140897164
  wind_year: 2018
  solar_year: 2013
  price_year: 2023
  carbon_year: 2023
storage_values:
  CAES:
    cost: 34.0895
    lifetime: 25.8839
    annual_cost: 1.3170155965677506
    efficiency: 0.602641
    discharge_ratio: 0.1
    depth_of_discharge: 0.4
  Li-ion:
    cost: 288.417
    lifetime: 19.3588
    annual_cost: 14.89849577453148
    efficiency: 0.905599
    discharge_ratio: 2
    depth_of_discharge: 0.9
  Pb-acid:
    cost: 197.671
    lifetime: 10.5812
    annual_cost: 18.681340490681585
    efficiency: 0.78344
    discharge_ratio: 5
    depth_of_discharge: 0.5
  VRBF:
    cost: 306.058
    lifetime: 19.6445
    annual_cost: 15.5798315050014
    efficiency: 0.785185
    discharge_ratio: 0.5
    depth_of_discharge: 1.0
