cost_values:
  wind_capex: 5000.0
  wind_opex: 100
  wind_lifetime: 20
  solar_capex: 1000.0
  solar_opex: 10
  solar_lifetime: 20
  carbon_price: 1.0
timeseries_values:
  load_level: 245060.03140897164
  wind_year: 2018
  solar_year: 2013
  price_year: 2023
  carbon_year: 2023
storage_values:
  CAES:
    cost: 42.8344
    lifetime: 26.7966
    annual_cost: 1.5985013024040364
    efficiency: 0.613893
    discharge_ratio: 0.1
    depth_of_discharge: 0.4
  Li-ion:
    cost: 299.876
    lifetime: 17.2487
    annual_cost: 17.385426148057533
    efficiency: 0.906239
    discharge_ratio: 2
    depth_of_discharge: 0.9
  Pb-acid:
    cost: 186.817
    lifetime: 8.89812
    annual_cost: 20.99510907922123
    efficiency: 0.796754
    discharge_ratio: 5
    depth_of_discharge: 0.5
  VRBF:
    cost: 311.149
    lifetime: 22.3707
    annual_cost: 13.908773529661566
    efficiency: 0.774605
    discharge_ratio: 0.5
    depth_of_discharge: 1.0
