cost_values:
  wind_capex: 5000.0
  wind_opex: 100
  wind_lifetime: 20
  solar_capex: 1000.0
  solar_opex: 10
  solar_lifetime: 20
  carbon_price: 1.0
timeseries_values:
  load_level: 245060.03140897164
  wind_year: 2018
  solar_year: 2013
  price_year: 2023
  carbon_year: 2023
storage_values:
  CAES:
    cost: 32.2585
    lifetime: 26.7574
    annual_cost: 1.2055917241585505
    efficiency: 0.608475
    discharge_ratio: 0.1
    depth_of_discharge: 0.4
  Li-ion:
    cost: 273.937
    lifetime: 18.8231
    annual_cost: 14.553235120676192
    efficiency: 0.898612
    discharge_ratio: 2
    depth_of_discharge: 0.9
  Pb-acid:
    cost: 181.562
    lifetime: 10.2648
    annual_cost: 17.687826358039125
    efficiency: 0.795404
    discharge_ratio: 5
    depth_of_discharge: 0.5
  VRBF:
    cost: 324.025
    lifetime: 20.8999
    annual_cost: 15.503662696950704
    efficiency: 0.776887
    discharge_ratio: 0.5
    depth_of_discharge: 1.0
