cost_values:
  wind_capex: 5000.0
  wind_opex: 100
  wind_lifetime: 20
  solar_capex: 1000.0
  solar_opex: 10
  solar_lifetime: 20
  carbon_price: 1.0
timeseries_values:
  load_level: 245060.03140897164
  wind_year: 2018
  solar_year: 2013
  price_year: 2023
  carbon_year: 2023
storage_values:
  CAES:
    cost: 34.4127
    lifetime: 26.6765
    annual_cost: 1.2900005622926545
    efficiency: 0.608404
    discharge_ratio: 0.1
    depth_of_discharge: 0.4
  Li-ion:
    cost: 295.294
    lifetime: 19.9254
    annual_cost: 14.819978519879148
    efficiency: 0.907641
    discharge_ratio: 2
    depth_of_discharge: 0.9
  Pb-acid:
    cost: 205.1
    lifetime: 11.0005
    annual_cost: 18.644607063315302
    efficiency: 0.776753
    discharge_ratio: 5
    depth_of_discharge: 0.5
  VRBF:
    cost: 317.739
    lifetime: 19.6599
    annual_cost: 16.161781087391084
    efficiency: 0.776638
    discharge_ratio: 0.5
    depth_of_discharge: 1.0
