cost_values:
  wind_capex: 5000.0
  wind_opex: 100
  wind_lifetime: 20
  solar_capex: 1000.0
  solar_opex: 10
  solar_lifetime: 20
  carbon_price: 1.0
timeseries_values:
  load_level: 245060.03140897164
  wind_year: 2018
  solar_year: 2013
  price_year: 2023
  carbon_year: 2023
storage_values:
  CAES:
    cost: 36.4108
    lifetime: 25.698
    annual_cost: 1.4168729083975407
    efficiency: 0.614067
    discharge_ratio: 0.1
    depth_of_discharge: 0.4
  Li-ion:
    cost: 284.952
    lifetime: 20.247
    annual_cost: 14.073788709438436
    efficiency: 0.911155
    discharge_ratio: 2
    depth_of_discharge: 0.9
  Pb-acid:
    cost: 211.762
    lifetime: 10.4253
    annual_cost: 20.3123171515448
    efficiency: 0.784176
    discharge_ratio: 5
    depth_of_discharge: 0.5
  VRBF:
    cost: 309.817
    lifetime: 20.4693
    annual_cost: 15.135691010440025
    efficiency: 0.780987
    discharge_ratio: 0.5
    depth_of_discharge: 1.0
