cost_values:
  wind_capex: 5000.0
  wind_opex: 100
  wind_lifetime: 20
  solar_capex: 1000.0
  solar_opex: 10
  solar_lifetime: 20
  carbon_price: 1.0
timeseries_values:
  load_level: 245060.03140897164
  wind_year: 2018
  solar_year: 2013
  price_year: 2023
  carbon_year: 2023
storage_values:
  CAES:
    cost: 38.3385
    lifetime: 27.2566
    annual_cost: 1.4065767557215503
    efficiency: 0.61054
    discharge_ratio: 0.1
    depth_of_discharge: 0.4
  Li-ion:
    cost: 293.88
    lifetime: 20.8182
    annual_cost: 14.116494221402426
    efficiency: 0.920215
    discharge_ratio: 2
    depth_of_discharge: 0.9
  Pb-acid:
    cost: 196.901
    lifetime: 11.1811
    annual_cost: 17.610163579612024
    efficiency: 0.790884
    discharge_ratio: 5
    depth_of_discharge: 0.5
  VRBF:
    cost: 318.308
    lifetime: 19.3303
    annual_cost: 16.466790479195872
    efficiency: 0.774842
    discharge_ratio: 0.5
    depth_of_discharge: 1.0
