cost_values:
  wind_capex: 5000.0
  wind_opex: 100
  wind_lifetime: 20
  solar_capex: 1000.0
  solar_opex: 10
  solar_lifetime: 20
  carbon_price: 1.0
timeseries_values:
  load_level: 245060.03140897164
  wind_year: 2018
  solar_year: 2013
  price_year: 2023
  carbon_year: 2023
storage_values:
  CAES:
    cost: 40.0376
    lifetime: 26.927
    annual_cost: 1.4868941954172392
    efficiency: 0.615021
    discharge_ratio: 0.1
    depth_of_discharge: 0.4
  Li-ion:
    cost: 284.849
    lifetime: 20.5088
    annual_cost: 13.889111015759088
    efficiency: 0.919307
    discharge_ratio: 2
    depth_of_discharge: 0.9
  Pb-acid:
    cost: 209.475
    lifetime: 12.3765
    annual_cost: 16.92522118531087
    efficiency: 0.785298
    discharge_ratio: 5
    depth_of_discharge: 0.5
  VRBF:
    cost: 312.781
    lifetime: 19.3411
    annual_cost: 16.171830971351163
    efficiency: 0.79038
    discharge_ratio: 0.5
    depth_of_discharge: 1.0
