cost_values:
  wind_capex: 5000.0
  wind_opex: 100
  wind_lifetime: 20
  solar_capex: 1000.0
  solar_opex: 10
  solar_lifetime: 20
  carbon_price: 1.0
timeseries_values:
  load_level: 245060.03140897164
  wind_year: 2018
  solar_year: 2013
  price_year: 2023
  carbon_year: 2023
storage_values:
  CAES:
    cost: 41.1441
    lifetime: 25.2134
    annual_cost: 1.6318346593478072
    efficiency: 0.616197
    discharge_ratio: 0.1
    depth_of_discharge: 0.4
  Li-ion:
    cost: 296.442
    lifetime: 19.3485
    annual_cost: 15.321187688968136
    efficiency: 0.894236
    discharge_ratio: 2
    depth_of_discharge: 0.9
  Pb-acid:
    cost: 192.557
    lifetime: 10.9497
    annual_cost: 17.58559595240052
    efficiency: 0.77723
    discharge_ratio: 5
    depth_of_discharge: 0.5
  VRBF:
    cost: 310.531
    lifetime: 19.8607
    annual_cost: 15.635450915627343
    efficiency: 0.764888
    discharge_ratio: 0.5
    depth_of_discharge: 1.0
