cost_values:
  wind_capex: 5000.0
  wind_opex: 100
  wind_lifetime: 20
  solar_capex: 1000.0
  solar_opex: 10
  solar_lifetime: 20
  carbon_price: 1.0
timeseries_values:
  load_level: 245060.03140897164
  wind_year: 2018
  solar_year: 2013
  price_year: 2023
  carbon_year: 2023
storage_values:
  CAES:
    cost: 39.2671
    lifetime: 26.5773
    annual_cost: 1.4774676133392028
    efficiency: 0.611186
    discharge_ratio: 0.1
    depth_of_discharge: 0.4
  Li-ion:
    cost: 289.01
    lifetime: 17.8788
    annual_cost: 16.164955142403294
    efficiency: 0.905342
    discharge_ratio: 2
    depth_of_discharge: 0.9
  Pb-acid:
    cost: 189.708
    lifetime: 10.1528
    annual_cost: 18.685288787329604
    efficiency: 0.768503
    discharge_ratio: 5
    depth_of_discharge: 0.5
  VRBF:
    cost: 318.511
    lifetime: 19.931
    annual_cost: 15.980683357583665
    efficiency: 0.795738
    discharge_ratio: 0.5
    depth_of_discharge: 1.0
