cost_values:
  wind_capex: 5000.0
  wind_opex: 100
  wind_lifetime: 20
  solar_capex: 1000.0
  solar_opex: 10
  solar_lifetime: 20
  carbon_price: 1.0
timeseries_values:
  load_level: 245060.03140897164
  wind_year: 2018
  solar_year: 2013
  price_year: 2023
  carbon_year: 2023
storage_values:
  CAES:
    cost: 38.213
    lifetime: 25.0614
    annual_cost: 1.5247751522261328
    efficiency: 0.610659
    discharge_ratio: 0.1
    depth_of_discharge: 0.4
  Li-ion:
    cost: 289.75
    lifetime: 20.3985
    annual_cost: 14.20447581930044
    efficiency: 0.93003
    discharge_ratio: 2
    depth_of_discharge: 0.9
  Pb-acid:
    cost: 166.731
    lifetime: 10.2643
    annual_cost: 16.243776974562316
    efficiency: 0.767404
    discharge_ratio: 5
    depth_of_discharge: 0.5
  VRBF:
    cost: 303.819
    lifetime: 19.6134
    annual_cost: 15.490379026583868
    efficiency: 0.787678
    discharge_ratio: 0.5
    depth_of_discharge: 1.0
