cost_values:
  wind_capex: 5000.0
  wind_opex: 100
  wind_lifetime: 20
  solar_capex: 1000.0
  solar_opex: 10
  solar_lifetime: 20
  carbon_price: 1.0
timeseries_values:
  load_level: 245060.03140897164
  wind_year: 2018
  solar_year: 2013
  price_year: 2023
  carbon_year: 2023
storage_values:
  CAES:
    cost: 41.3666
    lifetime: 26.9629
    annual_cost: 1.5342044067960048
    efficiency: 0.601066
    discharge_ratio: 0.1
    depth_of_discharge: 0.4
  Li-ion:
    cost: 285.03
    lifetime: 19.2503
    annual_cost: 14.806522495753311
    efficiency: 0.906832
    discharge_ratio: 2
    depth_of_discharge: 0.9
  Pb-acid:
    cost: 198.607
    lifetime: 10.008
    annual_cost: 19.84482414068745
    efficiency: 0.782715
    discharge_ratio: 5
    depth_of_discharge: 0.5
  VRBF:
    cost: 325.029
    lifetime: 21.5418
    annual_cost: 15.08829345737125
    efficiency: 0.793798
    discharge_ratio: 0.5
    depth_of_discharge: 1.0
