cost_values:
  wind_capex: 5000.0
  wind_opex: 100
  wind_lifetime: 20
  solar_capex: 1000.0
  solar_opex: 10
  solar_lifetime: 20
  carbon_price: 1.0
timeseries_values:
  load_level: 245060.03140897164
  wind_year: 2018
  solar_year: 2013
  price_year: 2023
  carbon_year: 2023
storage_values:
  CAES:
    cost: 36.8258
    lifetime: 26.7751
    annual_cost: 1.375374881886529
    efficiency: 0.617505
    discharge_ratio: 0.1
    depth_of_discharge: 0.4
  Li-ion:
    cost: 295.659
    lifetime: 18.4735
    annual_cost: 16.004492922294094
    efficiency: 0.911237
    discharge_ratio: 2
    depth_of_discharge: 0.9
  Pb-acid:
    cost: 198.088
    lifetime: 10.5897
    annual_cost: 18.705723486028877
    efficiency: 0.778197
    discharge_ratio: 5
    depth_of_discharge: 0.5
  VRBF:
    cost: 308.237
    lifetime: 19.5557
    annual_cost: 15.762002894296803
    efficiency: 0.778205
    discharge_ratio: 0.5
    depth_of_discharge: 1.0
