cost_values:
  wind_capex: 5000.0
  wind_opex: 100
  wind_lifetime: 20
  solar_capex: 1000.0
  solar_opex: 10
  solar_lifetime: 20
  carbon_price: 1.0
timeseries_values:
  load_level: 245060.03140897164
  wind_year: 2018
  solar_year: 2013
  price_year: 2023
  carbon_year: 2023
storage_values:
  CAES:
    cost: 34.1901
    lifetime: 26.4118
    annual_cost: 1.2945009427604328
    efficiency: 0.611147
    discharge_ratio: 0.1
    depth_of_discharge: 0.4
  Li-ion:
    cost: 264.181
    lifetime: 19.3105
    annual_cost: 13.680691851583333
    efficiency: 0.903837
    discharge_ratio: 2
    depth_of_discharge: 0.9
  Pb-acid:
    cost: 196.213
    lifetime: 10.9794
    annual_cost: 17.87101298795927
    efficiency: 0.773209
    discharge_ratio: 5
    depth_of_discharge: 0.5
  VRBF:
    cost: 311.877
    lifetime: 19.2751
    annual_cost: 16.180305160543917
    efficiency: 0.791603
    discharge_ratio: 0.5
    depth_of_discharge: 1.0
