cost_values:
  wind_capex: 5000.0
  wind_opex: 100
  wind_lifetime: 20
  solar_capex: 1000.0
  solar_opex: 10
  solar_lifetime: 20
  carbon_price: 1.0
timeseries_values:
  load_level: 245060.03140897164
  wind_year: 2018
  solar_year: 2013
  price_year: 2023
  carbon_year: 2023
storage_values:
  CAES:
    cost: 41.1189
    lifetime: 25.5691
    annual_cost: 1.6081481162809796
    efficiency: 0.622206
    discharge_ratio: 0.1
    depth_of_discharge: 0.4
  Li-ion:
    cost: 294.905
    lifetime: 21.5726
    annual_cost: 13.670350351835197
    efficiency: 0.919471
    discharge_ratio: 2
    depth_of_discharge: 0.9
  Pb-acid:
    cost: 190.813
    lifetime: 10.6373
    annual_cost: 17.938104594210937
    efficiency: 0.790109
    discharge_ratio: 5
    depth_of_discharge: 0.5
  VRBF:
    cost: 286.807
    lifetime: 19.5696
    annual_cost: 14.655741558335377
    efficiency: 0.785991
    discharge_ratio: 0.5
    depth_of_discharge: 1.0
