cost_values:
  wind_capex: 5000.0
  wind_opex: 100
  wind_lifetime: 20
  solar_capex: 1000.0
  solar_opex: 10
  solar_lifetime: 20
  carbon_price: 1.0
timeseries_values:
  load_level: 245060.03140897164
  wind_year: 2018
  solar_year: 2013
  price_year: 2023
  carbon_year: 2023
storage_values:
  CAES:
    cost: 38.9545
    lifetime: 26.2304
    annual_cost: 1.485089819446139
    efficiency: 0.607248
    discharge_ratio: 0.1
    depth_of_discharge: 0.4
  Li-ion:
    cost: 265.398
    lifetime: 21.781
    annual_cost: 12.18483999816354
    efficiency: 0.925166
    discharge_ratio: 2
    depth_of_discharge: 0.9
  Pb-acid:
    cost: 181.953
    lifetime: 9.59937
    annual_cost: 18.954681400966937
    efficiency: 0.781787
    discharge_ratio: 5
    depth_of_discharge: 0.5
  VRBF:
    cost: 303.58
    lifetime: 19.5618
    annual_cost: 15.519021766913063
    efficiency: 0.778205
    discharge_ratio: 0.5
    depth_of_discharge: 1.0
