cost_values:
  wind_capex: 5000.0
  wind_opex: 100
  wind_lifetime: 20
  solar_capex: 1000.0
  solar_opex: 10
  solar_lifetime: 20
  carbon_price: 1.0
timeseries_values:
  load_level: 245060.03140897164
  wind_year: 2018
  solar_year: 2013
  price_year: 2023
  carbon_year: 2023
storage_values:
  CAES:
    cost: 35.7927
    lifetime: 27.6201
    annual_cost: 1.2958932082070667
    efficiency: 0.618444
    discharge_ratio: 0.1
    depth_of_discharge: 0.4
  Li-ion:
    cost: 285.195
    lifetime: 18.6735
    annual_cost: 15.27271266768415
    efficiency: 0.914413
    discharge_ratio: 2
    depth_of_discharge: 0.9
  Pb-acid:
    cost: 220.174
    lifetime: 9.88002
    annual_cost: 22.284772702889267
    efficiency: 0.769941
    discharge_ratio: 5
    depth_of_discharge: 0.5
  VRBF:
    cost: 344.054
    lifetime: 21.1188
    annual_cost: 16.291361251586263
    efficiency: 0.794095
    discharge_ratio: 0.5
    depth_of_discharge: 1.0
