cost_values:
  wind_capex: 5000.0
  wind_opex: 100
  wind_lifetime: 20
  solar_capex: 1000.0
  solar_opex: 10
  solar_lifetime: 20
  carbon_price: 1.0
timeseries_values:
  load_level: 245060.03140897164
  wind_year: 2018
  solar_year: 2013
  price_year: 2023
  carbon_year: 2023
storage_values:
  CAES:
    cost: 36.3644
    lifetime: 27.0196
    annual_cost: 1.345852640305556
    efficiency: 0.605753
    discharge_ratio: 0.1
    depth_of_discharge: 0.4
  Li-ion:
    cost: 285.681
    lifetime: 16.3932
    annual_cost: 17.426798916623966
    efficiency: 0.900522
    discharge_ratio: 2
    depth_of_discharge: 0.9
  Pb-acid:
    cost: 175.123
    lifetime: 10.3251
    annual_cost: 16.96090110507404
    efficiency: 0.776564
    discharge_ratio: 5
    depth_of_discharge: 0.5
  VRBF:
    cost: 326.121
    lifetime: 18.4801
    annual_cost: 17.647144766532648
    efficiency: 0.764087
    discharge_ratio: 0.5
    depth_of_discharge: 1.0
