cost_values:
  wind_capex: 5000.0
  wind_opex: 100
  wind_lifetime: 20
  solar_capex: 1000.0
  solar_opex: 10
  solar_lifetime: 20
  carbon_price: 1.0
timeseries_values:
  load_level: 245060.03140897164
  wind_year: 2018
  solar_year: 2013
  price_year: 2023
  carbon_year: 2023
storage_values:
  CAES:
    cost: 35.9433
    lifetime: 26.2686
    annual_cost: 1.3682990338274594
    efficiency: 0.607804
    discharge_ratio: 0.1
    depth_of_discharge: 0.4
  Li-ion:
    cost: 286.804
    lifetime: 19.7085
    annual_cost: 14.552299769135143
    efficiency: 0.917608
    discharge_ratio: 2
    depth_of_discharge: 0.9
  Pb-acid:
    cost: 196.276
    lifetime: 11.355
    annual_cost: 17.285424922941434
    efficiency: 0.784053
    discharge_ratio: 5
    depth_of_discharge: 0.5
  VRBF:
    cost: 323.661
    lifetime: 20.9798
    annual_cost: 15.427268134109953
    efficiency: 0.796957
    discharge_ratio: 0.5
    depth_of_discharge: 1.0
