cost_values:
  wind_capex: 5000.0
  wind_opex: 100
  wind_lifetime: 20
  solar_capex: 1000.0
  solar_opex: 10
  solar_lifetime: 20
  carbon_price: 1.0
timeseries_values:
  load_level: 245060.03140897164
  wind_year: 2018
  solar_year: 2013
  price_year: 2023
  carbon_year: 2023
storage_values:
  CAES:
    cost: 41.7699
    lifetime: 27.0776
    annual_cost: 1.5425997872780453
    efficiency: 0.605367
    discharge_ratio: 0.1
    depth_of_discharge: 0.4
  Li-ion:
    cost: 281.225
    lifetime: 18.9885
    annual_cost: 14.810279906259053
    efficiency: 0.906293
    discharge_ratio: 2
    depth_of_discharge: 0.9
  Pb-acid:
    cost: 200.897
    lifetime: 12.0794
    annual_cost: 16.63137241915989
    efficiency: 0.787604
    discharge_ratio: 5
    depth_of_discharge: 0.5
  VRBF:
    cost: 283.727
    lifetime: 19.2689
    annual_cost: 14.724608047164082
    efficiency: 0.80171
    discharge_ratio: 0.5
    depth_of_discharge: 1.0
