cost_values:
  wind_capex: 5000.0
  wind_opex: 100
  wind_lifetime: 20
  solar_capex: 1000.0
  solar_opex: 10
  solar_lifetime: 20
  carbon_price: 1.0
timeseries_values:
  load_level: 245060.03140897164
  wind_year: 2018
  solar_year: 2013
  price_year: 2023
  carbon_year: 2023
storage_values:
  CAES:
    cost: 42.5213
    lifetime: 26.729
    annual_cost: 1.5908301844438624
    efficiency: 0.609284
    discharge_ratio: 0.1
    depth_of_discharge: 0.4
  Li-ion:
    cost: 295.82
    lifetime: 19.7602
    annual_cost: 14.970496250037954
    efficiency: 0.909878
    discharge_ratio: 2
    depth_of_discharge: 0.9
  Pb-acid:
    cost: 194.562
    lifetime: 10.855
    annual_cost: 17.923721787194843
    efficiency: 0.789224
    discharge_ratio: 5
    depth_of_discharge: 0.5
  VRBF:
    cost: 304.559
    lifetime: 19.18
    annual_cost: 15.878988529718459
    efficiency: 0.782195
    discharge_ratio: 0.5
    depth_of_discharge: 1.0
