cost_values:
  wind_capex: 5000.0
  wind_opex: 100
  wind_lifetime: 20
  solar_capex: 1000.0
  solar_opex: 10
  solar_lifetime: 20
  carbon_price: 1.0
timeseries_values:
  load_level: 245060.03140897164
  wind_year: 2018
  solar_year: 2013
  price_year: 2023
  carbon_year: 2023
storage_values:
  CAES:
    cost: 45.0394
    lifetime: 26.1266
    annual_cost: 1.7238905942602558
    efficiency: 0.607319
    discharge_ratio: 0.1
    depth_of_discharge: 0.4
  Li-ion:
    cost: 287.882
    lifetime: 20.3809
    annual_cost: 14.125087704664661
    efficiency: 0.907127
    discharge_ratio: 2
    depth_of_discharge: 0.9
  Pb-acid:
    cost: 208.115
    lifetime: 9.53865
    annual_cost: 21.81807698154351
    efficiency: 0.797526
    discharge_ratio: 5
    depth_of_discharge: 0.5
  VRBF:
    cost: 316.959
    lifetime: 21.5007
    annual_cost: 14.741799104215213
    efficiency: 0.79103
    discharge_ratio: 0.5
    depth_of_discharge: 1.0
