cost_values:
  wind_capex: 5000.0
  wind_opex: 100
  wind_lifetime: 20
  solar_capex: 1000.0
  solar_opex: 10
  solar_lifetime: 20
  carbon_price: 1.0
timeseries_values:
  load_level: 245060.03140897164
  wind_year: 2018
  solar_year: 2013
  price_year: 2023
  carbon_year: 2023
storage_values:
  CAES:
    cost: 35.5894
    lifetime: 25.7779
    annual_cost: 1.3806167298344705
    efficiency: 0.616468
    discharge_ratio: 0.1
    depth_of_discharge: 0.4
  Li-ion:
    cost: 281.321
    lifetime: 20.0452
    annual_cost: 14.034332408756212
    efficiency: 0.929024
    discharge_ratio: 2
    depth_of_discharge: 0.9
  Pb-acid:
    cost: 166.057
    lifetime: 8.7579
    annual_cost: 18.960823941812535
    efficiency: 0.797807
    discharge_ratio: 5
    depth_of_discharge: 0.5
  VRBF:
    cost: 318.907
    lifetime: 21.577
    annual_cost: 14.779950873615421
    efficiency: 0.771998
    discharge_ratio: 0.5
    depth_of_discharge: 1.0
