cost_values:
  wind_capex: 5000.0
  wind_opex: 100
  wind_lifetime: 20
  solar_capex: 1000.0
  solar_opex: 10
  solar_lifetime: 20
  carbon_price: 1.0
timeseries_values:
  load_level: 245060.03140897164
  wind_year: 2018
  solar_year: 2013
  price_year: 2023
  carbon_year: 2023
storage_values:
  CAES:
    cost: 46.1033
    lifetime: 26.9583
    annual_cost: 1.7101708935652469
    efficiency: 0.611753
    discharge_ratio: 0.1
    depth_of_discharge: 0.4
  Li-ion:
    cost: 289.579
    lifetime: 20.1043
    annual_cost: 14.403834005660482
    efficiency: 0.911847
    discharge_ratio: 2
    depth_of_discharge: 0.9
  Pb-acid:
    cost: 154.508
    lifetime: 10.296
    annual_cost: 15.006604506604509
    efficiency: 0.780319
    discharge_ratio: 5
    depth_of_discharge: 0.5
  VRBF:
    cost: 350.873
    lifetime: 18.2195
    annual_cost: 19.258102582397978
    efficiency: 0.804402
    discharge_ratio: 0.5
    depth_of_discharge: 1.0
