cost_values:
  wind_capex: 5000.0
  wind_opex: 100
  wind_lifetime: 20
  solar_capex: 1000.0
  solar_opex: 10
  solar_lifetime: 20
  carbon_price: 1.0
timeseries_values:
  load_level: 245060.03140897164
  wind_year: 2018
  solar_year: 2013
  price_year: 2023
  carbon_year: 2023
storage_values:
  CAES:
    cost: 45.029
    lifetime: 26.1501
    annual_cost: 1.7219437019361306
    efficiency: 0.620042
    discharge_ratio: 0.1
    depth_of_discharge: 0.4
  Li-ion:
    cost: 288.904
    lifetime: 18.534
    annual_cost: 15.587784612064315
    efficiency: 0.913553
    discharge_ratio: 2
    depth_of_discharge: 0.9
  Pb-acid:
    cost: 174.55
    lifetime: 11.4332
    annual_cost: 15.266941888535145
    efficiency: 0.785329
    discharge_ratio: 5
    depth_of_discharge: 0.5
  VRBF:
    cost: 307.273
    lifetime: 19.1723
    annual_cost: 16.026924260521692
    efficiency: 0.794256
    discharge_ratio: 0.5
    depth_of_discharge: 1.0
