cost_values:
  wind_capex: 5000.0
  wind_opex: 100
  wind_lifetime: 20
  solar_capex: 1000.0
  solar_opex: 10
  solar_lifetime: 20
  carbon_price: 1.0
timeseries_values:
  load_level: 245060.03140897164
  wind_year: 2018
  solar_year: 2013
  price_year: 2023
  carbon_year: 2023
storage_values:
  CAES:
    cost: 41.9179
    lifetime: 25.6259
    annual_cost: 1.6357630366152993
    efficiency: 0.609102
    discharge_ratio: 0.1
    depth_of_discharge: 0.4
  Li-ion:
    cost: 268.388
    lifetime: 19.4143
    annual_cost: 13.824242954935277
    efficiency: 0.91716
    discharge_ratio: 2
    depth_of_discharge: 0.9
  Pb-acid:
    cost: 199.252
    lifetime: 10.4407
    annual_cost: 19.084161023686153
    efficiency: 0.779908
    discharge_ratio: 5
    depth_of_discharge: 0.5
  VRBF:
    cost: 316.033
    lifetime: 20.7132
    annual_cost: 15.257565224108298
    efficiency: 0.778866
    discharge_ratio: 0.5
    depth_of_discharge: 1.0
