cost_values:
  wind_capex: 5000.0
  wind_opex: 100
  wind_lifetime: 20
  solar_capex: 1000.0
  solar_opex: 10
  solar_lifetime: 20
  carbon_price: 1.0
timeseries_values:
  load_level: 245060.03140897164
  wind_year: 2018
  solar_year: 2013
  price_year: 2023
  carbon_year: 2023
storage_values:
  CAES:
    cost: 41.9006
    lifetime: 26.3718
    annual_cost: 1.588841110580241
    efficiency: 0.618053
    discharge_ratio: 0.1
    depth_of_discharge: 0.4
  Li-ion:
    cost: 287.482
    lifetime: 21.8715
    annual_cost: 13.144137347689917
    efficiency: 0.910141
    discharge_ratio: 2
    depth_of_discharge: 0.9
  Pb-acid:
    cost: 199.085
    lifetime: 10.0519
    annual_cost: 19.80570837354132
    efficiency: 0.777381
    discharge_ratio: 5
    depth_of_discharge: 0.5
  VRBF:
    cost: 305.039
    lifetime: 19.1121
    annual_cost: 15.960517159286523
    efficiency: 0.801776
    discharge_ratio: 0.5
    depth_of_discharge: 1.0
