cost_values:
  wind_capex: 5000.0
  wind_opex: 100
  wind_lifetime: 20
  solar_capex: 1000.0
  solar_opex: 10
  solar_lifetime: 20
  carbon_price: 1.0
timeseries_values:
  load_level: 245060.03140897164
  wind_year: 2018
  solar_year: 2013
  price_year: 2023
  carbon_year: 2023
storage_values:
  CAES:
    cost: 45.4776
    lifetime: 25.3604
    annual_cost: 1.7932524723584804
    efficiency: 0.603654
    discharge_ratio: 0.1
    depth_of_discharge: 0.4
  Li-ion:
    cost: 281.228
    lifetime: 18.4101
    annual_cost: 15.27574537889528
    efficiency: 0.923804
    discharge_ratio: 2
    depth_of_discharge: 0.9
  Pb-acid:
    cost: 182.571
    lifetime: 10.868
    annual_cost: 16.798951048951047
    efficiency: 0.79016
    discharge_ratio: 5
    depth_of_discharge: 0.5
  VRBF:
    cost: 298.589
    lifetime: 22.2207
    annual_cost: 13.437425463644258
    efficiency: 0.802191
    discharge_ratio: 0.5
    depth_of_discharge: 1.0
