cost_values:
  wind_capex: 5000.0
  wind_opex: 100
  wind_lifetime: 20
  solar_capex: 1000.0
  solar_opex: 10
  solar_lifetime: 20
  carbon_price: 1.0
timeseries_values:
  load_level: 245060.03140897164
  wind_year: 2018
  solar_year: 2013
  price_year: 2023
  carbon_year: 2023
storage_values:
  CAES:
    cost: 46.1128
    lifetime: 26.2858
    annual_cost: 1.7542855838513571
    efficiency: 0.616667
    discharge_ratio: 0.1
    depth_of_discharge: 0.4
  Li-ion:
    cost: 287.47
    lifetime: 18.5197
    annual_cost: 15.522389671538956
    efficiency: 0.905171
    discharge_ratio: 2
    depth_of_discharge: 0.9
  Pb-acid:
    cost: 207.356
    lifetime: 9.6727
    annual_cost: 21.437240894476204
    efficiency: 0.781392
    discharge_ratio: 5
    depth_of_discharge: 0.5
  VRBF:
    cost: 302.832
    lifetime: 21.8649
    annual_cost: 13.850143380486534
    efficiency: 0.791933
    discharge_ratio: 0.5
    depth_of_discharge: 1.0
