cost_values:
  wind_capex: 5000.0
  wind_opex: 100
  wind_lifetime: 20
  solar_capex: 1000.0
  solar_opex: 10
  solar_lifetime: 20
  carbon_price: 1.0
timeseries_values:
  load_level: 245060.03140897164
  wind_year: 2018
  solar_year: 2013
  price_year: 2023
  carbon_year: 2023
storage_values:
  CAES:
    cost: 40.4596
    lifetime: 26.4181
    annual_cost: 1.5315105931160835
    efficiency: 0.621876
    discharge_ratio: 0.1
    depth_of_discharge: 0.4
  Li-ion:
    cost: 287.096
    lifetime: 18.6172
    annual_cost: 15.421008529746686
    efficiency: 0.908834
    discharge_ratio: 2
    depth_of_discharge: 0.9
  Pb-acid:
    cost: 184.268
    lifetime: 10.598
    annual_cost: 17.38705416116248
    efficiency: 0.7821
    discharge_ratio: 5
    depth_of_discharge: 0.5
  VRBF:
    cost: 285.716
    lifetime: 20.7535
    annual_cost: 13.767123617703039
    efficiency: 0.786177
    discharge_ratio: 0.5
    depth_of_discharge: 1.0
