cost_values:
  wind_capex: 5000.0
  wind_opex: 100
  wind_lifetime: 20
  solar_capex: 1000.0
  solar_opex: 10
  solar_lifetime: 20
  carbon_price: 1.0
timeseries_values:
  load_level: 245060.03140897164
  wind_year: 2018
  solar_year: 2013
  price_year: 2023
  carbon_year: 2023
storage_values:
  CAES:
    cost: 38.1844
    lifetime: 26.0039
    annual_cost: 1.4684105076546208
    efficiency: 0.608305
    discharge_ratio: 0.1
    depth_of_discharge: 0.4
  Li-ion:
    cost: 285.872
    lifetime: 21.2348
    annual_cost: 13.462429596699758
    efficiency: 0.925628
    discharge_ratio: 2
    depth_of_discharge: 0.9
  Pb-acid:
    cost: 199.979
    lifetime: 9.79353
    annual_cost: 20.419501446363057
    efficiency: 0.773223
    discharge_ratio: 5
    depth_of_discharge: 0.5
  VRBF:
    cost: 350.915
    lifetime: 20.7502
    annual_cost: 16.911403263583004
    efficiency: 0.77518
    discharge_ratio: 0.5
    depth_of_discharge: 1.0
