cost_values:
  wind_capex: 5000.0
  wind_opex: 100
  wind_lifetime: 20
  solar_capex: 1000.0
  solar_opex: 10
  solar_lifetime: 20
  carbon_price: 1.0
timeseries_values:
  load_level: 245060.03140897164
  wind_year: 2018
  solar_year: 2013
  price_year: 2023
  carbon_year: 2023
storage_values:
  CAES:
    cost: 39.0959
    lifetime: 26.3436
    annual_cost: 1.4840758286642677
    efficiency: 0.61054
    discharge_ratio: 0.1
    depth_of_discharge: 0.4
  Li-ion:
    cost: 281.947
    lifetime: 18.5689
    annual_cost: 15.183828875162234
    efficiency: 0.923254
    discharge_ratio: 2
    depth_of_discharge: 0.9
  Pb-acid:
    cost: 175.824
    lifetime: 12.2982
    annual_cost: 14.296726350197591
    efficiency: 0.790624
    discharge_ratio: 5
    depth_of_discharge: 0.5
  VRBF:
    cost: 317.681
    lifetime: 20.3303
    annual_cost: 15.625986827543123
    efficiency: 0.779561
    discharge_ratio: 0.5
    depth_of_discharge: 1.0
