cost_values:
  wind_capex: 5000.0
  wind_opex: 100
  wind_lifetime: 20
  solar_capex: 1000.0
  solar_opex: 10
  solar_lifetime: 20
  carbon_price: 1.0
timeseries_values:
  load_level: 245060.03140897164
  wind_year: 2018
  solar_year: 2013
  price_year: 2023
  carbon_year: 2023
storage_values:
  CAES:
    cost: 35.1693
    lifetime: 26.2082
    annual_cost: 1.3419197045199593
    efficiency: 0.617175
    discharge_ratio: 0.1
    depth_of_discharge: 0.4
  Li-ion:
    cost: 283.95
    lifetime: 19.4638
    annual_cost: 14.588620927054327
    efficiency: 0.896989
    discharge_ratio: 2
    depth_of_discharge: 0.9
  Pb-acid:
    cost: 196.732
    lifetime: 10.6094
    annual_cost: 18.54317869059513
    efficiency: 0.790004
    discharge_ratio: 5
    depth_of_discharge: 0.5
  VRBF:
    cost: 286.663
    lifetime: 20.2659
    annual_cost: 14.14509101495616
    efficiency: 0.802458
    discharge_ratio: 0.5
    depth_of_discharge: 1.0
