cost_values:
  wind_capex: 5000.0
  wind_opex: 100
  wind_lifetime: 20
  solar_capex: 1000.0
  solar_opex: 10
  solar_lifetime: 20
  carbon_price: 1.0
timeseries_values:
  load_level: 245060.03140897164
  wind_year: 2018
  solar_year: 2013
  price_year: 2023
  carbon_year: 2023
storage_values:
  CAES:
    cost: 41.7335
    lifetime: 27.1979
    annual_cost: 1.534438320605635
    efficiency: 0.611059
    discharge_ratio: 0.1
    depth_of_discharge: 0.4
  Li-ion:
    cost: 286.15
    lifetime: 19.1019
    annual_cost: 14.980185217177347
    efficiency: 0.901904
    discharge_ratio: 2
    depth_of_discharge: 0.9
  Pb-acid:
    cost: 167.789
    lifetime: 9.82973
    annual_cost: 17.06954311054322
    efficiency: 0.778634
    discharge_ratio: 5
    depth_of_discharge: 0.5
  VRBF:
    cost: 328.045
    lifetime: 17.1898
    annual_cost: 19.08370079931122
    efficiency: 0.803212
    discharge_ratio: 0.5
    depth_of_discharge: 1.0
