cost_values:
  wind_capex: 5000.0
  wind_opex: 100
  wind_lifetime: 20
  solar_capex: 1000.0
  solar_opex: 10
  solar_lifetime: 20
  carbon_price: 1.0
timeseries_values:
  load_level: 245060.03140897164
  wind_year: 2018
  solar_year: 2013
  price_year: 2023
  carbon_year: 2023
storage_values:
  CAES:
    cost: 34.5354
    lifetime: 26.0478
    annual_cost: 1.3258470964918345
    efficiency: 0.601803
    discharge_ratio: 0.1
    depth_of_discharge: 0.4
  Li-ion:
    cost: 274.991
    lifetime: 19.9126
    annual_cost: 13.809899259765173
    efficiency: 0.936071
    discharge_ratio: 2
    depth_of_discharge: 0.9
  Pb-acid:
    cost: 182.776
    lifetime: 10.4696
    annual_cost: 17.457782532283947
    efficiency: 0.762521
    discharge_ratio: 5
    depth_of_discharge: 0.5
  VRBF:
    cost: 293.344
    lifetime: 21.0521
    annual_cost: 13.934191838343919
    efficiency: 0.785305
    discharge_ratio: 0.5
    depth_of_discharge: 1.0
