cost_values:
  wind_capex: 5000.0
  wind_opex: 100
  wind_lifetime: 20
  solar_capex: 1000.0
  solar_opex: 10
  solar_lifetime: 20
  carbon_price: 1.0
timeseries_values:
  load_level: 245060.03140897164
  wind_year: 2018
  solar_year: 2013
  price_year: 2023
  carbon_year: 2023
storage_values:
  CAES:
    cost: 39.3249
    lifetime: 26.4354
    annual_cost: 1.4875848294332599
    efficiency: 0.599996
    discharge_ratio: 0.1
    depth_of_discharge: 0.4
  Li-ion:
    cost: 296.393
    lifetime: 21.0308
    annual_cost: 14.093282233676321
    efficiency: 0.910137
    discharge_ratio: 2
    depth_of_discharge: 0.9
  Pb-acid:
    cost: 191.761
    lifetime: 11.1306
    annual_cost: 17.228271611593264
    efficiency: 0.7746
    discharge_ratio: 5
    depth_of_discharge: 0.5
  VRBF:
    cost: 310.509
    lifetime: 18.8391
    annual_cost: 16.482156790929505
    efficiency: 0.796848
    discharge_ratio: 0.5
    depth_of_discharge: 1.0
