cost_values:
  wind_capex: 5000.0
  wind_opex: 100
  wind_lifetime: 20
  solar_capex: 1000.0
  solar_opex: 10
  solar_lifetime: 20
  carbon_price: 1.0
timeseries_values:
  load_level: 267740.4946146318
  wind_year: 2017
  solar_year: 2013
  price_year: 2023
  carbon_year: 2023
storage_values:
  CAES:
    cost: 75.81
    lifetime: 24.9678
    annual_cost: 3.0363107682695314
    efficiency: 0.586233
    discharge_ratio: 0.1
    depth_of_discharge: 0.4
  Li-ion:
    cost: 143.009
    lifetime: 14.2494
    annual_cost: 10.03614187264025
    efficiency: 0.906822
    discharge_ratio: 2
    depth_of_discharge: 0.9
  Pb-acid:
    cost: 129.756
    lifetime: 12.7338
    annual_cost: 10.189888328699995
    efficiency: 0.711991
    discharge_ratio: 5
    depth_of_discharge: 0.5
  VRBF:
    cost: 172.169
    lifetime: 20.5664
    annual_cost: 8.371372724443752
    efficiency: 0.775309
    discharge_ratio: 0.5
    depth_of_discharge: 1.0
