cost_values:
  wind_capex: 5000.0
  wind_opex: 100
  wind_lifetime: 20
  solar_capex: 1000.0
  solar_opex: 10
  solar_lifetime: 20
  carbon_price: 1.0
timeseries_values:
  load_level: 267740.4946146318
  wind_year: 2017
  solar_year: 2013
  price_year: 2023
  carbon_year: 2023
storage_values:
  CAES:
    cost: 71.1122
    lifetime: 24.4361
    annual_cost: 2.910128866717684
    efficiency: 0.57572
    discharge_ratio: 0.1
    depth_of_discharge: 0.4
  Li-ion:
    cost: 140.062
    lifetime: 16.5948
    annual_cost: 8.440113770578737
    efficiency: 0.917216
    discharge_ratio: 2
    depth_of_discharge: 0.9
  Pb-acid:
    cost: 148.133
    lifetime: 14.2977
    annual_cost: 10.360617441966191
    efficiency: 0.729258
    discharge_ratio: 5
    depth_of_discharge: 0.5
  VRBF:
    cost: 170.145
    lifetime: 22.3864
    annual_cost: 7.600373441017762
    efficiency: 0.761673
    discharge_ratio: 0.5
    depth_of_discharge: 1.0
