cost_values:
  wind_capex: 5000.0
  wind_opex: 100
  wind_lifetime: 20
  solar_capex: 1000.0
  solar_opex: 10
  solar_lifetime: 20
  carbon_price: 1.0
timeseries_values:
  load_level: 267740.4946146318
  wind_year: 2017
  solar_year: 2013
  price_year: 2023
  carbon_year: 2023
storage_values:
  CAES:
    cost: 69.4322
    lifetime: 25.0468
    annual_cost: 2.77209863136209
    efficiency: 0.58073
    discharge_ratio: 0.1
    depth_of_discharge: 0.4
  Li-ion:
    cost: 141.582
    lifetime: 13.9332
    annual_cost: 10.161484798897597
    efficiency: 0.918633
    discharge_ratio: 2
    depth_of_discharge: 0.9
  Pb-acid:
    cost: 145.899
    lifetime: 14.6911
    annual_cost: 9.931114756553287
    efficiency: 0.712779
    discharge_ratio: 5
    depth_of_discharge: 0.5
  VRBF:
    cost: 203.074
    lifetime: 19.6913
    annual_cost: 10.312879291870015
    efficiency: 0.783593
    discharge_ratio: 0.5
    depth_of_discharge: 1.0
