cost_values:
  wind_capex: 5000.0
  wind_opex: 100
  wind_lifetime: 20
  solar_capex: 1000.0
  solar_opex: 10
  solar_lifetime: 20
  carbon_price: 1.0
timeseries_values:
  load_level: 267740.4946146318
  wind_year: 2017
  solar_year: 2013
  price_year: 2023
  carbon_year: 2023
storage_values:
  CAES:
    cost: 65.7911
    lifetime: 24.9792
    annual_cost: 2.633835351012042
    efficiency: 0.580581
    discharge_ratio: 0.1
    depth_of_discharge: 0.4
  Li-ion:
    cost: 144.993
    lifetime: 16.5683
    annual_cost: 8.751229758031904
    efficiency: 0.91295
    discharge_ratio: 2
    depth_of_discharge: 0.9
  Pb-acid:
    cost: 152.674
    lifetime: 13.0814
    annual_cost: 11.67107496139557
    efficiency: 0.699259
    discharge_ratio: 5
    depth_of_discharge: 0.5
  VRBF:
    cost: 201.956
    lifetime: 19.1921
    annual_cost: 10.522871389790591
    efficiency: 0.769827
    discharge_ratio: 0.5
    depth_of_discharge: 1.0
