cost_values:
  wind_capex: 5000.0
  wind_opex: 100
  wind_lifetime: 20
  solar_capex: 1000.0
  solar_opex: 10
  solar_lifetime: 20
  carbon_price: 1.0
timeseries_values:
  load_level: 267740.4946146318
  wind_year: 2017
  solar_year: 2013
  price_year: 2023
  carbon_year: 2023
storage_values:
  CAES:
    cost: 67.2058
    lifetime: 25.1171
    annual_cost: 2.675699025763324
    efficiency: 0.585168
    discharge_ratio: 0.1
    depth_of_discharge: 0.4
  Li-ion:
    cost: 157.555
    lifetime: 11.595
    annual_cost: 13.58818456231134
    efficiency: 0.903313
    discharge_ratio: 2
    depth_of_discharge: 0.9
  Pb-acid:
    cost: 158.428
    lifetime: 12.8914
    annual_cost: 12.28943326558791
    efficiency: 0.736346
    discharge_ratio: 5
    depth_of_discharge: 0.5
  VRBF:
    cost: 196.965
    lifetime: 19.5815
    annual_cost: 10.058728902280215
    efficiency: 0.76225
    discharge_ratio: 0.5
    depth_of_discharge: 1.0
