cost_values:
  wind_capex: 5000.0
  wind_opex: 100
  wind_lifetime: 20
  solar_capex: 1000.0
  solar_opex: 10
  solar_lifetime: 20
  carbon_price: 1.0
timeseries_values:
  load_level: 267740.4946146318
  wind_year: 2017
  solar_year: 2013
  price_year: 2023
  carbon_year: 2023
storage_values:
  CAES:
    cost: 67.2029
    lifetime: 24.2332
    annual_cost: 2.773174818018256
    efficiency: 0.585597
    discharge_ratio: 0.1
    depth_of_discharge: 0.4
  Li-ion:
    cost: 147.316
    lifetime: 14.805
    annual_cost: 9.950422154677474
    efficiency: 0.929363
    discharge_ratio: 2
    depth_of_discharge: 0.9
  Pb-acid:
    cost: 141.765
    lifetime: 15.3678
    annual_cost: 9.22480771483231
    efficiency: 0.71498
    discharge_ratio: 5
    depth_of_discharge: 0.5
  VRBF:
    cost: 193.935
    lifetime: 18.3949
    annual_cost: 10.542867860113402
    efficiency: 0.750574
    discharge_ratio: 0.5
    depth_of_discharge: 1.0
