cost_values:
  wind_capex: 5000.0
  wind_opex: 100
  wind_lifetime: 20
  solar_capex: 1000.0
  solar_opex: 10
  solar_lifetime: 20
  carbon_price: 1.0
timeseries_values:
  load_level: 267740.4946146318
  wind_year: 2017
  solar_year: 2013
  price_year: 2023
  carbon_year: 2023
storage_values:
  CAES:
    cost: 72.7707
    lifetime: 25.394
    annual_cost: 2.8656651177443493
    efficiency: 0.588823
    discharge_ratio: 0.1
    depth_of_discharge: 0.4
  Li-ion:
    cost: 131.695
    lifetime: 13.6723
    annual_cost: 9.632249146083687
    efficiency: 0.908728
    discharge_ratio: 2
    depth_of_discharge: 0.9
  Pb-acid:
    cost: 117.205
    lifetime: 12.5048
    annual_cost: 9.372800844475721
    efficiency: 0.704523
    discharge_ratio: 5
    depth_of_discharge: 0.5
  VRBF:
    cost: 181.176
    lifetime: 19.3227
    annual_cost: 9.376329394960331
    efficiency: 0.781144
    discharge_ratio: 0.5
    depth_of_discharge: 1.0
