cost_values:
  wind_capex: 5000.0
  wind_opex: 100
  wind_lifetime: 20
  solar_capex: 1000.0
  solar_opex: 10
  solar_lifetime: 20
  carbon_price: 1.0
timeseries_values:
  load_level: 267740.4946146318
  wind_year: 2017
  solar_year: 2013
  price_year: 2023
  carbon_year: 2023
storage_values:
  CAES:
    cost: 66.1817
    lifetime: 24.9216
    annual_cost: 2.655595948895737
    efficiency: 0.584032
    discharge_ratio: 0.1
    depth_of_discharge: 0.4
  Li-ion:
    cost: 153.041
    lifetime: 14.1997
    annual_cost: 10.777762910484023
    efficiency: 0.893937
    discharge_ratio: 2
    depth_of_discharge: 0.9
  Pb-acid:
    cost: 159.615
    lifetime: 14.0319
    annual_cost: 11.375152331473286
    efficiency: 0.695511
    discharge_ratio: 5
    depth_of_discharge: 0.5
  VRBF:
    cost: 161.373
    lifetime: 19.3343
    annual_cost: 8.346461987245466
    efficiency: 0.740614
    discharge_ratio: 0.5
    depth_of_discharge: 1.0
