cost_values:
  wind_capex: 5000.0
  wind_opex: 100
  wind_lifetime: 20
  solar_capex: 1000.0
  solar_opex: 10
  solar_lifetime: 20
  carbon_price: 1.0
timeseries_values:
  load_level: 267740.4946146318
  wind_year: 2017
  solar_year: 2013
  price_year: 2023
  carbon_year: 2023
storage_values:
  CAES:
    cost: 67.8542
    lifetime: 24.3521
    annual_cost: 2.786379819399559
    efficiency: 0.589009
    discharge_ratio: 0.1
    depth_of_discharge: 0.4
  Li-ion:
    cost: 149.433
    lifetime: 14.8667
    annual_cost: 10.051524548151237
    efficiency: 0.902208
    discharge_ratio: 2
    depth_of_discharge: 0.9
  Pb-acid:
    cost: 145.212
    lifetime: 14.2114
    annual_cost: 10.217994004813038
    efficiency: 0.714068
    discharge_ratio: 5
    depth_of_discharge: 0.5
  VRBF:
    cost: 167.003
    lifetime: 21.7544
    annual_cost: 7.676745853712352
    efficiency: 0.781972
    discharge_ratio: 0.5
    depth_of_discharge: 1.0
