cost_values:
  wind_capex: 5000.0
  wind_opex: 100
  wind_lifetime: 20
  solar_capex: 1000.0
  solar_opex: 10
  solar_lifetime: 20
  carbon_price: 1.0
timeseries_values:
  load_level: 267740.4946146318
  wind_year: 2017
  solar_year: 2013
  price_year: 2023
  carbon_year: 2023
storage_values:
  CAES:
    cost: 71.2958
    lifetime: 23.4923
    annual_cost: 3.034858230143494
    efficiency: 0.590473
    discharge_ratio: 0.1
    depth_of_discharge: 0.4
  Li-ion:
    cost: 161.252
    lifetime: 15.0516
    annual_cost: 10.71327965133275
    efficiency: 0.912126
    discharge_ratio: 2
    depth_of_discharge: 0.9
  Pb-acid:
    cost: 124.381
    lifetime: 13.5953
    annual_cost: 9.148823490470972
    efficiency: 0.717297
    discharge_ratio: 5
    depth_of_discharge: 0.5
  VRBF:
    cost: 153.915
    lifetime: 20.7777
    annual_cost: 7.407701526155446
    efficiency: 0.754526
    discharge_ratio: 0.5
    depth_of_discharge: 1.0
