cost_values:
  wind_capex: 5000.0
  wind_opex: 100
  wind_lifetime: 20
  solar_capex: 1000.0
  solar_opex: 10
  solar_lifetime: 20
  carbon_price: 1.0
timeseries_values:
  load_level: 267740.4946146318
  wind_year: 2017
  solar_year: 2013
  price_year: 2023
  carbon_year: 2023
storage_values:
  CAES:
    cost: 73.743
    lifetime: 24.9445
    annual_cost: 2.956282948144881
    efficiency: 0.58252
    discharge_ratio: 0.1
    depth_of_discharge: 0.4
  Li-ion:
    cost: 152.24
    lifetime: 13.395
    annual_cost: 11.365434863755134
    efficiency: 0.906707
    discharge_ratio: 2
    depth_of_discharge: 0.9
  Pb-acid:
    cost: 130.77
    lifetime: 13.91
    annual_cost: 9.401150251617542
    efficiency: 0.716101
    discharge_ratio: 5
    depth_of_discharge: 0.5
  VRBF:
    cost: 200.931
    lifetime: 20.4791
    annual_cost: 9.811515154474563
    efficiency: 0.771741
    discharge_ratio: 0.5
    depth_of_discharge: 1.0
