cost_values:
  wind_capex: 5000.0
  wind_opex: 100
  wind_lifetime: 20
  solar_capex: 1000.0
  solar_opex: 10
  solar_lifetime: 20
  carbon_price: 1.0
timeseries_values:
  load_level: 267740.4946146318
  wind_year: 2017
  solar_year: 2013
  price_year: 2023
  carbon_year: 2023
storage_values:
  CAES:
    cost: 74.3865
    lifetime: 24.4415
    annual_cost: 3.0434506883783725
    efficiency: 0.586336
    discharge_ratio: 0.1
    depth_of_discharge: 0.4
  Li-ion:
    cost: 148.741
    lifetime: 16.0525
    annual_cost: 9.265908736956861
    efficiency: 0.90724
    discharge_ratio: 2
    depth_of_discharge: 0.9
  Pb-acid:
    cost: 141.817
    lifetime: 11.9908
    annual_cost: 11.827150815625313
    efficiency: 0.719347
    discharge_ratio: 5
    depth_of_discharge: 0.5
  VRBF:
    cost: 198.198
    lifetime: 19.938
    annual_cost: 9.940716220282878
    efficiency: 0.748065
    discharge_ratio: 0.5
    depth_of_discharge: 1.0
