cost_values:
  wind_capex: 5000.0
  wind_opex: 100
  wind_lifetime: 20
  solar_capex: 1000.0
  solar_opex: 10
  solar_lifetime: 20
  carbon_price: 1.0
timeseries_values:
  load_level: 267740.4946146318
  wind_year: 2017
  solar_year: 2013
  price_year: 2023
  carbon_year: 2023
storage_values:
  CAES:
    cost: 67.103
    lifetime: 24.4961
    annual_cost: 2.739334016435269
    efficiency: 0.589312
    discharge_ratio: 0.1
    depth_of_discharge: 0.4
  Li-ion:
    cost: 130.451
    lifetime: 14.2178
    annual_cost: 9.175188847782357
    efficiency: 0.898282
    discharge_ratio: 2
    depth_of_discharge: 0.9
  Pb-acid:
    cost: 122.759
    lifetime: 12.7672
    annual_cost: 9.615185788583243
    efficiency: 0.694062
    discharge_ratio: 5
    depth_of_discharge: 0.5
  VRBF:
    cost: 210.609
    lifetime: 20.7769
    annual_cost: 10.13669026659415
    efficiency: 0.770728
    discharge_ratio: 0.5
    depth_of_discharge: 1.0
