cost_values:
  wind_capex: 5000.0
  wind_opex: 100
  wind_lifetime: 20
  solar_capex: 1000.0
  solar_opex: 10
  solar_lifetime: 20
  carbon_price: 1.0
timeseries_values:
  load_level: 267740.4946146318
  wind_year: 2017
  solar_year: 2013
  price_year: 2023
  carbon_year: 2023
storage_values:
  CAES:
    cost: 71.095
    lifetime: 26.2993
    annual_cost: 2.7033038902176103
    efficiency: 0.583437
    discharge_ratio: 0.1
    depth_of_discharge: 0.4
  Li-ion:
    cost: 160.042
    lifetime: 15.3545
    annual_cost: 10.42313328340226
    efficiency: 0.903193
    discharge_ratio: 2
    depth_of_discharge: 0.9
  Pb-acid:
    cost: 137.426
    lifetime: 13.1628
    annual_cost: 10.440483787643965
    efficiency: 0.705461
    discharge_ratio: 5
    depth_of_discharge: 0.5
  VRBF:
    cost: 195.033
    lifetime: 19.6768
    annual_cost: 9.911825093511139
    efficiency: 0.78751
    discharge_ratio: 0.5
    depth_of_discharge: 1.0
