cost_values:
  wind_capex: 5000.0
  wind_opex: 100
  wind_lifetime: 20
  solar_capex: 1000.0
  solar_opex: 10
  solar_lifetime: 20
  carbon_price: 1.0
timeseries_values:
  load_level: 267740.4946146318
  wind_year: 2017
  solar_year: 2013
  price_year: 2023
  carbon_year: 2023
storage_values:
  CAES:
    cost: 71.1621
    lifetime: 25.0999
    annual_cost: 2.835154721731959
    efficiency: 0.572153
    discharge_ratio: 0.1
    depth_of_discharge: 0.4
  Li-ion:
    cost: 144.212
    lifetime: 14.6788
    annual_cost: 9.824508815434504
    efficiency: 0.906656
    discharge_ratio: 2
    depth_of_discharge: 0.9
  Pb-acid:
    cost: 138.41
    lifetime: 12.8433
    annual_cost: 10.776825270763744
    efficiency: 0.722602
    discharge_ratio: 5
    depth_of_discharge: 0.5
  VRBF:
    cost: 190.742
    lifetime: 19.0789
    annual_cost: 9.997536545607975
    efficiency: 0.749674
    discharge_ratio: 0.5
    depth_of_discharge: 1.0
