cost_values:
  wind_capex: 5000.0
  wind_opex: 100
  wind_lifetime: 20
  solar_capex: 1000.0
  solar_opex: 10
  solar_lifetime: 20
  carbon_price: 1.0
timeseries_values:
  load_level: 267740.4946146318
  wind_year: 2017
  solar_year: 2013
  price_year: 2023
  carbon_year: 2023
storage_values:
  CAES:
    cost: 67.8996
    lifetime: 24.282
    annual_cost: 2.7962935507783544
    efficiency: 0.581637
    discharge_ratio: 0.1
    depth_of_discharge: 0.4
  Li-ion:
    cost: 155.427
    lifetime: 16.5972
    annual_cost: 9.364651868989949
    efficiency: 0.909718
    discharge_ratio: 2
    depth_of_discharge: 0.9
  Pb-acid:
    cost: 141.381
    lifetime: 14.649
    annual_cost: 9.651238992422691
    efficiency: 0.700626
    discharge_ratio: 5
    depth_of_discharge: 0.5
  VRBF:
    cost: 182.399
    lifetime: 18.2549
    annual_cost: 9.991783028118478
    efficiency: 0.75752
    discharge_ratio: 0.5
    depth_of_discharge: 1.0
