cost_values:
  wind_capex: 5000.0
  wind_opex: 100
  wind_lifetime: 20
  solar_capex: 1000.0
  solar_opex: 10
  solar_lifetime: 20
  carbon_price: 1.0
timeseries_values:
  load_level: 267740.4946146318
  wind_year: 2017
  solar_year: 2013
  price_year: 2023
  carbon_year: 2023
storage_values:
  CAES:
    cost: 71.056
    lifetime: 26.1225
    annual_cost: 2.7201071872906497
    efficiency: 0.589528
    discharge_ratio: 0.1
    depth_of_discharge: 0.4
  Li-ion:
    cost: 158.675
    lifetime: 15.3076
    annual_cost: 10.365766024719747
    efficiency: 0.907673
    discharge_ratio: 2
    depth_of_discharge: 0.9
  Pb-acid:
    cost: 118.093
    lifetime: 13.9871
    annual_cost: 8.442993901523547
    efficiency: 0.711035
    discharge_ratio: 5
    depth_of_discharge: 0.5
  VRBF:
    cost: 175.941
    lifetime: 20.4574
    annual_cost: 8.60035977201404
    efficiency: 0.760863
    discharge_ratio: 0.5
    depth_of_discharge: 1.0
