cost_values:
  wind_capex: 5000.0
  wind_opex: 100
  wind_lifetime: 20
  solar_capex: 1000.0
  solar_opex: 10
  solar_lifetime: 20
  carbon_price: 1.0
timeseries_values:
  load_level: 267740.4946146318
  wind_year: 2017
  solar_year: 2013
  price_year: 2023
  carbon_year: 2023
storage_values:
  CAES:
    cost: 68.2033
    lifetime: 24.5257
    annual_cost: 2.780891065290695
    efficiency: 0.580746
    discharge_ratio: 0.1
    depth_of_discharge: 0.4
  Li-ion:
    cost: 164.965
    lifetime: 16.2937
    annual_cost: 10.12446528412822
    efficiency: 0.909845
    discharge_ratio: 2
    depth_of_discharge: 0.9
  Pb-acid:
    cost: 128.355
    lifetime: 12.3734
    annual_cost: 10.373462427465368
    efficiency: 0.705211
    discharge_ratio: 5
    depth_of_discharge: 0.5
  VRBF:
    cost: 168.354
    lifetime: 20.6379
    annual_cost: 8.157516026339891
    efficiency: 0.751964
    discharge_ratio: 0.5
    depth_of_discharge: 1.0
