cost_values:
  wind_capex: 5000.0
  wind_opex: 100
  wind_lifetime: 20
  solar_capex: 1000.0
  solar_opex: 10
  solar_lifetime: 20
  carbon_price: 1.0
timeseries_values:
  load_level: 267740.4946146318
  wind_year: 2017
  solar_year: 2013
  price_year: 2023
  carbon_year: 2023
storage_values:
  CAES:
    cost: 72.8181
    lifetime: 26.6388
    annual_cost: 2.73353529438263
    efficiency: 0.595915
    discharge_ratio: 0.1
    depth_of_discharge: 0.4
  Li-ion:
    cost: 147.446
    lifetime: 13.2359
    annual_cost: 11.139854486661276
    efficiency: 0.902246
    discharge_ratio: 2
    depth_of_discharge: 0.9
  Pb-acid:
    cost: 123.534
    lifetime: 13.0751
    annual_cost: 9.448034814265283
    efficiency: 0.699698
    discharge_ratio: 5
    depth_of_discharge: 0.5
  VRBF:
    cost: 170.223
    lifetime: 20.6697
    annual_cost: 8.23538803175663
    efficiency: 0.756645
    discharge_ratio: 0.5
    depth_of_discharge: 1.0
