cost_values:
  wind_capex: 5000.0
  wind_opex: 100
  wind_lifetime: 20
  solar_capex: 1000.0
  solar_opex: 10
  solar_lifetime: 20
  carbon_price: 1.0
timeseries_values:
  load_level: 267740.4946146318
  wind_year: 2017
  solar_year: 2013
  price_year: 2023
  carbon_year: 2023
storage_values:
  CAES:
    cost: 70.0162
    lifetime: 24.0725
    annual_cost: 2.908555405545747
    efficiency: 0.58774
    discharge_ratio: 0.1
    depth_of_discharge: 0.4
  Li-ion:
    cost: 155.277
    lifetime: 15.6158
    annual_cost: 9.943582781541771
    efficiency: 0.88437
    discharge_ratio: 2
    depth_of_discharge: 0.9
  Pb-acid:
    cost: 146.009
    lifetime: 13.7202
    annual_cost: 10.64190026384455
    efficiency: 0.715204
    discharge_ratio: 5
    depth_of_discharge: 0.5
  VRBF:
    cost: 198.659
    lifetime: 19.5366
    annual_cost: 10.168555429296807
    efficiency: 0.750818
    discharge_ratio: 0.5
    depth_of_discharge: 1.0
