cost_values:
  wind_capex: 5000.0
  wind_opex: 100
  wind_lifetime: 20
  solar_capex: 1000.0
  solar_opex: 10
  solar_lifetime: 20
  carbon_price: 1.0
timeseries_values:
  load_level: 267740.4946146318
  wind_year: 2017
  solar_year: 2013
  price_year: 2023
  carbon_year: 2023
storage_values:
  CAES:
    cost: 69.4742
    lifetime: 25.4676
    annual_cost: 2.7279445255933026
    efficiency: 0.593197
    discharge_ratio: 0.1
    depth_of_discharge: 0.4
  Li-ion:
    cost: 126.401
    lifetime: 14.6914
    annual_cost: 8.603740964101448
    efficiency: 0.900665
    discharge_ratio: 2
    depth_of_discharge: 0.9
  Pb-acid:
    cost: 138.56
    lifetime: 12.3717
    annual_cost: 11.199754277908452
    efficiency: 0.684117
    discharge_ratio: 5
    depth_of_discharge: 0.5
  VRBF:
    cost: 179.787
    lifetime: 19.2144
    annual_cost: 9.356888583562329
    efficiency: 0.780829
    discharge_ratio: 0.5
    depth_of_discharge: 1.0
