cost_values:
  wind_capex: 5000.0
  wind_opex: 100
  wind_lifetime: 20
  solar_capex: 1000.0
  solar_opex: 10
  solar_lifetime: 20
  carbon_price: 1.0
timeseries_values:
  load_level: 267740.4946146318
  wind_year: 2017
  solar_year: 2013
  price_year: 2023
  carbon_year: 2023
storage_values:
  CAES:
    cost: 74.1314
    lifetime: 25.3258
    annual_cost: 2.9271099037345314
    efficiency: 0.572219
    discharge_ratio: 0.1
    depth_of_discharge: 0.4
  Li-ion:
    cost: 147.394
    lifetime: 13.322
    annual_cost: 11.063954361207028
    efficiency: 0.912327
    discharge_ratio: 2
    depth_of_discharge: 0.9
  Pb-acid:
    cost: 145.5
    lifetime: 12.9065
    annual_cost: 11.273389377445474
    efficiency: 0.714068
    discharge_ratio: 5
    depth_of_discharge: 0.5
  VRBF:
    cost: 187.101
    lifetime: 18.1803
    annual_cost: 10.291414333096814
    efficiency: 0.780603
    discharge_ratio: 0.5
    depth_of_discharge: 1.0
