cost_values:
  wind_capex: 5000.0
  wind_opex: 100
  wind_lifetime: 20
  solar_capex: 1000.0
  solar_opex: 10
  solar_lifetime: 20
  carbon_price: 1.0
timeseries_values:
  load_level: 267740.4946146318
  wind_year: 2017
  solar_year: 2013
  price_year: 2023
  carbon_year: 2023
storage_values:
  CAES:
    cost: 70.1686
    lifetime: 24.5129
    annual_cost: 2.8625172868163293
    efficiency: 0.582125
    discharge_ratio: 0.1
    depth_of_discharge: 0.4
  Li-ion:
    cost: 157.086
    lifetime: 15.9213
    annual_cost: 9.866405381470107
    efficiency: 0.910269
    discharge_ratio: 2
    depth_of_discharge: 0.9
  Pb-acid:
    cost: 147.91
    lifetime: 14.385
    annual_cost: 10.282238442822385
    efficiency: 0.724196
    discharge_ratio: 5
    depth_of_discharge: 0.5
  VRBF:
    cost: 134.717
    lifetime: 18.8
    annual_cost: 7.165797872340426
    efficiency: 0.767409
    discharge_ratio: 0.5
    depth_of_discharge: 1.0
