cost_values:
  wind_capex: 5000.0
  wind_opex: 100
  wind_lifetime: 20
  solar_capex: 1000.0
  solar_opex: 10
  solar_lifetime: 20
  carbon_price: 1.0
timeseries_values:
  load_level: 267740.4946146318
  wind_year: 2017
  solar_year: 2013
  price_year: 2023
  carbon_year: 2023
storage_values:
  CAES:
    cost: 72.7759
    lifetime: 24.7475
    annual_cost: 2.9407374482270936
    efficiency: 0.585271
    discharge_ratio: 0.1
    depth_of_discharge: 0.4
  Li-ion:
    cost: 149.941
    lifetime: 14.7275
    annual_cost: 10.18102189781022
    efficiency: 0.904099
    discharge_ratio: 2
    depth_of_discharge: 0.9
  Pb-acid:
    cost: 143.794
    lifetime: 13.164
    annual_cost: 10.923275600121544
    efficiency: 0.70492
    discharge_ratio: 5
    depth_of_discharge: 0.5
  VRBF:
    cost: 193.709
    lifetime: 19.8239
    annual_cost: 9.771487951412185
    efficiency: 0.743042
    discharge_ratio: 0.5
    depth_of_discharge: 1.0
