cost_values:
  wind_capex: 5000.0
  wind_opex: 100
  wind_lifetime: 20
  solar_capex: 1000.0
  solar_opex: 10
  solar_lifetime: 20
  carbon_price: 1.0
timeseries_values:
  load_level: 267740.4946146318
  wind_year: 2017
  solar_year: 2013
  price_year: 2023
  carbon_year: 2023
storage_values:
  CAES:
    cost: 67.2759
    lifetime: 25.2199
    annual_cost: 2.667572036368106
    efficiency: 0.592901
    discharge_ratio: 0.1
    depth_of_discharge: 0.4
  Li-ion:
    cost: 172.642
    lifetime: 14.7407
    annual_cost: 11.71192684200886
    efficiency: 0.907548
    discharge_ratio: 2
    depth_of_discharge: 0.9
  Pb-acid:
    cost: 156.266
    lifetime: 13.0123
    annual_cost: 12.00909908317515
    efficiency: 0.718905
    discharge_ratio: 5
    depth_of_discharge: 0.5
  VRBF:
    cost: 178.339
    lifetime: 22.0755
    annual_cost: 8.078593916332585
    efficiency: 0.74302
    discharge_ratio: 0.5
    depth_of_discharge: 1.0
