cost_values:
  wind_capex: 5000.0
  wind_opex: 100
  wind_lifetime: 20
  solar_capex: 1000.0
  solar_opex: 10
  solar_lifetime: 20
  carbon_price: 1.0
timeseries_values:
  load_level: 267740.4946146318
  wind_year: 2017
  solar_year: 2013
  price_year: 2023
  carbon_year: 2023
storage_values:
  CAES:
    cost: 65.9726
    lifetime: 24.7037
    annual_cost: 2.6705554228718773
    efficiency: 0.573535
    discharge_ratio: 0.1
    depth_of_discharge: 0.4
  Li-ion:
    cost: 143.894
    lifetime: 14.2941
    annual_cost: 10.066670864202713
    efficiency: 0.915413
    discharge_ratio: 2
    depth_of_discharge: 0.9
  Pb-acid:
    cost: 147.315
    lifetime: 13.2645
    annual_cost: 11.105959516001358
    efficiency: 0.713366
    discharge_ratio: 5
    depth_of_discharge: 0.5
  VRBF:
    cost: 160.964
    lifetime: 20.781
    annual_cost: 7.745729271931091
    efficiency: 0.76328
    discharge_ratio: 0.5
    depth_of_discharge: 1.0
