cost_values:
  wind_capex: 5000.0
  wind_opex: 100
  wind_lifetime: 20
  solar_capex: 1000.0
  solar_opex: 10
  solar_lifetime: 20
  carbon_price: 1.0
timeseries_values:
  load_level: 267740.4946146318
  wind_year: 2017
  solar_year: 2013
  price_year: 2023
  carbon_year: 2023
storage_values:
  CAES:
    cost: 64.1169
    lifetime: 24.0684
    annual_cost: 2.663945256020342
    efficiency: 0.573718
    discharge_ratio: 0.1
    depth_of_discharge: 0.4
  Li-ion:
    cost: 134.422
    lifetime: 15.0852
    annual_cost: 8.91085302150452
    efficiency: 0.915008
    discharge_ratio: 2
    depth_of_discharge: 0.9
  Pb-acid:
    cost: 147.254
    lifetime: 13.4608
    annual_cost: 10.9394686794247
    efficiency: 0.70873
    discharge_ratio: 5
    depth_of_discharge: 0.5
  VRBF:
    cost: 168.601
    lifetime: 19.8967
    annual_cost: 8.47381726617982
    efficiency: 0.78176
    discharge_ratio: 0.5
    depth_of_discharge: 1.0
