cost_values:
  wind_capex: 5000.0
  wind_opex: 100
  wind_lifetime: 20
  solar_capex: 1000.0
  solar_opex: 10
  solar_lifetime: 20
  carbon_price: 1.0
timeseries_values:
  load_level: 267740.4946146318
  wind_year: 2017
  solar_year: 2013
  price_year: 2023
  carbon_year: 2023
storage_values:
  CAES:
    cost: 69.8597
    lifetime: 24.8478
    annual_cost: 2.811504439024783
    efficiency: 0.587699
    discharge_ratio: 0.1
    depth_of_discharge: 0.4
  Li-ion:
    cost: 152.092
    lifetime: 14.3972
    annual_cost: 10.563998555274638
    efficiency: 0.916587
    discharge_ratio: 2
    depth_of_discharge: 0.9
  Pb-acid:
    cost: 136.714
    lifetime: 13.6272
    annual_cost: 10.032435129740518
    efficiency: 0.707643
    discharge_ratio: 5
    depth_of_discharge: 0.5
  VRBF:
    cost: 213.244
    lifetime: 21.5599
    annual_cost: 9.890769437706112
    efficiency: 0.750172
    discharge_ratio: 0.5
    depth_of_discharge: 1.0
