cost_values:
  wind_capex: 5000.0
  wind_opex: 100
  wind_lifetime: 20
  solar_capex: 1000.0
  solar_opex: 10
  solar_lifetime: 20
  carbon_price: 1.0
timeseries_values:
  load_level: 267740.4946146318
  wind_year: 2017
  solar_year: 2013
  price_year: 2023
  carbon_year: 2023
storage_values:
  CAES:
    cost: 70.4105
    lifetime: 25.1373
    annual_cost: 2.801036706408405
    efficiency: 0.579075
    discharge_ratio: 0.1
    depth_of_discharge: 0.4
  Li-ion:
    cost: 144.098
    lifetime: 15.9673
    annual_cost: 9.02456896281776
    efficiency: 0.910398
    discharge_ratio: 2
    depth_of_discharge: 0.9
  Pb-acid:
    cost: 133.816
    lifetime: 13.8688
    annual_cost: 9.648707891093679
    efficiency: 0.714191
    discharge_ratio: 5
    depth_of_discharge: 0.5
  VRBF:
    cost: 185.196
    lifetime: 20.4844
    annual_cost: 9.040831071449492
    efficiency: 0.759414
    discharge_ratio: 0.5
    depth_of_discharge: 1.0
