cost_values:
  wind_capex: 5000.0
  wind_opex: 100
  wind_lifetime: 20
  solar_capex: 1000.0
  solar_opex: 10
  solar_lifetime: 20
  carbon_price: 1.0
timeseries_values:
  load_level: 267740.4946146318
  wind_year: 2017
  solar_year: 2013
  price_year: 2023
  carbon_year: 2023
storage_values:
  CAES:
    cost: 63.4366
    lifetime: 25.3823
    annual_cost: 2.4992455372444575
    efficiency: 0.575498
    discharge_ratio: 0.1
    depth_of_discharge: 0.4
  Li-ion:
    cost: 155.365
    lifetime: 14.1556
    annual_cost: 10.975514990533782
    efficiency: 0.910563
    discharge_ratio: 2
    depth_of_discharge: 0.9
  Pb-acid:
    cost: 138.748
    lifetime: 15.4058
    annual_cost: 9.00621843721196
    efficiency: 0.711692
    discharge_ratio: 5
    depth_of_discharge: 0.5
  VRBF:
    cost: 187.859
    lifetime: 20.3496
    annual_cost: 9.231581947556709
    efficiency: 0.78552
    discharge_ratio: 0.5
    depth_of_discharge: 1.0
