cost_values:
  wind_capex: 5000.0
  wind_opex: 100
  wind_lifetime: 20
  solar_capex: 1000.0
  solar_opex: 10
  solar_lifetime: 20
  carbon_price: 1.0
timeseries_values:
  load_level: 267740.4946146318
  wind_year: 2017
  solar_year: 2013
  price_year: 2023
  carbon_year: 2023
storage_values:
  CAES:
    cost: 71.9992
    lifetime: 24.3254
    annual_cost: 2.959836220576024
    efficiency: 0.584646
    discharge_ratio: 0.1
    depth_of_discharge: 0.4
  Li-ion:
    cost: 141.79
    lifetime: 14.0775
    annual_cost: 10.072100870182915
    efficiency: 0.90628
    discharge_ratio: 2
    depth_of_discharge: 0.9
  Pb-acid:
    cost: 141.173
    lifetime: 12.5204
    annual_cost: 11.275438484393469
    efficiency: 0.714877
    discharge_ratio: 5
    depth_of_discharge: 0.5
  VRBF:
    cost: 195.299
    lifetime: 17.6759
    annual_cost: 11.048885771021562
    efficiency: 0.768535
    discharge_ratio: 0.5
    depth_of_discharge: 1.0
