cost_values:
  wind_capex: 5000.0
  wind_opex: 100
  wind_lifetime: 20
  solar_capex: 1000.0
  solar_opex: 10
  solar_lifetime: 20
  carbon_price: 1.0
timeseries_values:
  load_level: 267740.4946146318
  wind_year: 2017
  solar_year: 2013
  price_year: 2023
  carbon_year: 2023
storage_values:
  CAES:
    cost: 68.1341
    lifetime: 24.0885
    annual_cost: 2.8284907736056626
    efficiency: 0.566326
    discharge_ratio: 0.1
    depth_of_discharge: 0.4
  Li-ion:
    cost: 156.779
    lifetime: 13.578
    annual_cost: 11.546545883046104
    efficiency: 0.90843
    discharge_ratio: 2
    depth_of_discharge: 0.9
  Pb-acid:
    cost: 130.394
    lifetime: 13.2461
    annual_cost: 9.843954069499702
    efficiency: 0.722075
    discharge_ratio: 5
    depth_of_discharge: 0.5
  VRBF:
    cost: 205.787
    lifetime: 19.3629
    annual_cost: 10.62790181222854
    efficiency: 0.769777
    discharge_ratio: 0.5
    depth_of_discharge: 1.0
