cost_values:
  wind_capex: 5000.0
  wind_opex: 100
  wind_lifetime: 20
  solar_capex: 1000.0
  solar_opex: 10
  solar_lifetime: 20
  carbon_price: 1.0
timeseries_values:
  load_level: 267740.4946146318
  wind_year: 2017
  solar_year: 2013
  price_year: 2023
  carbon_year: 2023
storage_values:
  CAES:
    cost: 72.8157
    lifetime: 25.7279
    annual_cost: 2.830223220705926
    efficiency: 0.589334
    discharge_ratio: 0.1
    depth_of_discharge: 0.4
  Li-ion:
    cost: 130.357
    lifetime: 14.8132
    annual_cost: 8.800056706180973
    efficiency: 0.897406
    discharge_ratio: 2
    depth_of_discharge: 0.9
  Pb-acid:
    cost: 145.534
    lifetime: 12.7448
    annual_cost: 11.419088569455777
    efficiency: 0.714287
    discharge_ratio: 5
    depth_of_discharge: 0.5
  VRBF:
    cost: 217.394
    lifetime: 20.4339
    annual_cost: 10.638889296707921
    efficiency: 0.766025
    discharge_ratio: 0.5
    depth_of_discharge: 1.0
