cost_values:
  wind_capex: 5000.0
  wind_opex: 100
  wind_lifetime: 20
  solar_capex: 1000.0
  solar_opex: 10
  solar_lifetime: 20
  carbon_price: 1.0
timeseries_values:
  load_level: 267740.4946146318
  wind_year: 2017
  solar_year: 2013
  price_year: 2023
  carbon_year: 2023
storage_values:
  CAES:
    cost: 71.4129
    lifetime: 24.3337
    annual_cost: 2.9347324903323373
    efficiency: 0.58607
    discharge_ratio: 0.1
    depth_of_discharge: 0.4
  Li-ion:
    cost: 160.684
    lifetime: 15.5136
    annual_cost: 10.357621699669966
    efficiency: 0.91234
    discharge_ratio: 2
    depth_of_discharge: 0.9
  Pb-acid:
    cost: 162.144
    lifetime: 12.4
    annual_cost: 13.076129032258065
    efficiency: 0.732588
    discharge_ratio: 5
    depth_of_discharge: 0.5
  VRBF:
    cost: 203.211
    lifetime: 18.8786
    annual_cost: 10.764092676363715
    efficiency: 0.76849
    discharge_ratio: 0.5
    depth_of_discharge: 1.0
