cost_values:
  wind_capex: 5000.0
  wind_opex: 100
  wind_lifetime: 20
  solar_capex: 1000.0
  solar_opex: 10
  solar_lifetime: 20
  carbon_price: 1.0
timeseries_values:
  load_level: 267740.4946146318
  wind_year: 2017
  solar_year: 2013
  price_year: 2023
  carbon_year: 2023
storage_values:
  CAES:
    cost: 61.9393
    lifetime: 25.9776
    annual_cost: 2.3843349655087462
    efficiency: 0.589556
    discharge_ratio: 0.1
    depth_of_discharge: 0.4
  Li-ion:
    cost: 170.186
    lifetime: 13.9706
    annual_cost: 12.181724478547808
    efficiency: 0.912874
    discharge_ratio: 2
    depth_of_discharge: 0.9
  Pb-acid:
    cost: 138.258
    lifetime: 11.7938
    annual_cost: 11.722939171429058
    efficiency: 0.699032
    discharge_ratio: 5
    depth_of_discharge: 0.5
  VRBF:
    cost: 168.165
    lifetime: 21.6978
    annual_cost: 7.750324917733594
    efficiency: 0.754735
    discharge_ratio: 0.5
    depth_of_discharge: 1.0
