cost_values:
  wind_capex: 5000.0
  wind_opex: 100
  wind_lifetime: 20
  solar_capex: 1000.0
  solar_opex: 10
  solar_lifetime: 20
  carbon_price: 1.0
timeseries_values:
  load_level: 267740.4946146318
  wind_year: 2017
  solar_year: 2013
  price_year: 2023
  carbon_year: 2023
storage_values:
  CAES:
    cost: 68.356
    lifetime: 25.2512
    annual_cost: 2.707039665441642
    efficiency: 0.591416
    discharge_ratio: 0.1
    depth_of_discharge: 0.4
  Li-ion:
    cost: 147.105
    lifetime: 14.1856
    annual_cost: 10.37002312203925
    efficiency: 0.899637
    discharge_ratio: 2
    depth_of_discharge: 0.9
  Pb-acid:
    cost: 134.155
    lifetime: 11.959
    annual_cost: 11.217911196588345
    efficiency: 0.725105
    discharge_ratio: 5
    depth_of_discharge: 0.5
  VRBF:
    cost: 224.463
    lifetime: 20.9004
    annual_cost: 10.739650915771946
    efficiency: 0.778915
    discharge_ratio: 0.5
    depth_of_discharge: 1.0
