cost_values:
  wind_capex: 5000.0
  wind_opex: 100
  wind_lifetime: 20
  solar_capex: 1000.0
  solar_opex: 10
  solar_lifetime: 20
  carbon_price: 1.0
timeseries_values:
  load_level: 267740.4946146318
  wind_year: 2017
  solar_year: 2013
  price_year: 2023
  carbon_year: 2023
storage_values:
  CAES:
    cost: 69.662
    lifetime: 24.6423
    annual_cost: 2.826927681263519
    efficiency: 0.591797
    discharge_ratio: 0.1
    depth_of_discharge: 0.4
  Li-ion:
    cost: 140.976
    lifetime: 13.6172
    annual_cost: 10.352789119642804
    efficiency: 0.910217
    discharge_ratio: 2
    depth_of_discharge: 0.9
  Pb-acid:
    cost: 126.265
    lifetime: 12.2988
    annual_cost: 10.266448759228542
    efficiency: 0.714246
    discharge_ratio: 5
    depth_of_discharge: 0.5
  VRBF:
    cost: 181.995
    lifetime: 20.0048
    annual_cost: 9.097566584019836
    efficiency: 0.764701
    discharge_ratio: 0.5
    depth_of_discharge: 1.0
