cost_values:
  wind_capex: 5000.0
  wind_opex: 100
  wind_lifetime: 20
  solar_capex: 1000.0
  solar_opex: 10
  solar_lifetime: 20
  carbon_price: 1.0
timeseries_values:
  load_level: 267740.4946146318
  wind_year: 2017
  solar_year: 2013
  price_year: 2023
  carbon_year: 2023
storage_values:
  CAES:
    cost: 65.0583
    lifetime: 24.317
    annual_cost: 2.6754246000740225
    efficiency: 0.593896
    discharge_ratio: 0.1
    depth_of_discharge: 0.4
  Li-ion:
    cost: 142.823
    lifetime: 13.483
    annual_cost: 10.592820588889714
    efficiency: 0.898203
    discharge_ratio: 2
    depth_of_discharge: 0.9
  Pb-acid:
    cost: 143.048
    lifetime: 14.0273
    annual_cost: 10.19782852010009
    efficiency: 0.743085
    discharge_ratio: 5
    depth_of_discharge: 0.5
  VRBF:
    cost: 198.915
    lifetime: 19.8867
    annual_cost: 10.00241367346015
    efficiency: 0.776473
    discharge_ratio: 0.5
    depth_of_discharge: 1.0
