cost_values:
  wind_capex: 5000.0
  wind_opex: 100
  wind_lifetime: 20
  solar_capex: 1000.0
  solar_opex: 10
  solar_lifetime: 20
  carbon_price: 1.0
timeseries_values:
  load_level: 267740.4946146318
  wind_year: 2017
  solar_year: 2013
  price_year: 2023
  carbon_year: 2023
storage_values:
  CAES:
    cost: 72.101
    lifetime: 24.3034
    annual_cost: 2.966704247142375
    efficiency: 0.586173
    discharge_ratio: 0.1
    depth_of_discharge: 0.4
  Li-ion:
    cost: 160.39
    lifetime: 15.3243
    annual_cost: 10.466383456340584
    efficiency: 0.89925
    discharge_ratio: 2
    depth_of_discharge: 0.9
  Pb-acid:
    cost: 121.889
    lifetime: 11.3647
    annual_cost: 10.725228118648095
    efficiency: 0.709274
    discharge_ratio: 5
    depth_of_discharge: 0.5
  VRBF:
    cost: 184.415
    lifetime: 20.7818
    annual_cost: 8.873870405835875
    efficiency: 0.767629
    discharge_ratio: 0.5
    depth_of_discharge: 1.0
