cost_values:
  wind_capex: 5000.0
  wind_opex: 100
  wind_lifetime: 20
  solar_capex: 1000.0
  solar_opex: 10
  solar_lifetime: 20
  carbon_price: 1.0
timeseries_values:
  load_level: 267740.4946146318
  wind_year: 2017
  solar_year: 2013
  price_year: 2023
  carbon_year: 2023
storage_values:
  CAES:
    cost: 73.6723
    lifetime: 24.2515
    annual_cost: 3.037845081747521
    efficiency: 0.587687
    discharge_ratio: 0.1
    depth_of_discharge: 0.4
  Li-ion:
    cost: 168.064
    lifetime: 14.0761
    annual_cost: 11.939670789494249
    efficiency: 0.909651
    discharge_ratio: 2
    depth_of_discharge: 0.9
  Pb-acid:
    cost: 145.11
    lifetime: 14.2574
    annual_cost: 10.177872543380982
    efficiency: 0.724495
    discharge_ratio: 5
    depth_of_discharge: 0.5
  VRBF:
    cost: 159.546
    lifetime: 19.893
    annual_cost: 8.020208113406726
    efficiency: 0.754001
    discharge_ratio: 0.5
    depth_of_discharge: 1.0
