cost_values:
  wind_capex: 5000.0
  wind_opex: 100
  wind_lifetime: 20
  solar_capex: 1000.0
  solar_opex: 10
  solar_lifetime: 20
  carbon_price: 1.0
timeseries_values:
  load_level: 267740.4946146318
  wind_year: 2017
  solar_year: 2013
  price_year: 2023
  carbon_year: 2023
storage_values:
  CAES:
    cost: 60.1555
    lifetime: 25.3238
    annual_cost: 2.3754531310466835
    efficiency: 0.583643
    discharge_ratio: 0.1
    depth_of_discharge: 0.4
  Li-ion:
    cost: 150.09
    lifetime: 16.3558
    annual_cost: 9.176561219873074
    efficiency: 0.919818
    discharge_ratio: 2
    depth_of_discharge: 0.9
  Pb-acid:
    cost: 141.394
    lifetime: 13.5091
    annual_cost: 10.466574383193551
    efficiency: 0.726207
    discharge_ratio: 5
    depth_of_discharge: 0.5
  VRBF:
    cost: 197.394
    lifetime: 19.6873
    annual_cost: 10.026463760901699
    efficiency: 0.763342
    discharge_ratio: 0.5
    depth_of_discharge: 1.0
