cost_values:
  wind_capex: 5000.0
  wind_opex: 100
  wind_lifetime: 20
  solar_capex: 1000.0
  solar_opex: 10
  solar_lifetime: 20
  carbon_price: 1.0
timeseries_values:
  load_level: 267740.4946146318
  wind_year: 2017
  solar_year: 2013
  price_year: 2023
  carbon_year: 2023
storage_values:
  CAES:
    cost: 58.9769
    lifetime: 23.9719
    annual_cost: 2.4602513776546706
    efficiency: 0.585641
    discharge_ratio: 0.1
    depth_of_discharge: 0.4
  Li-ion:
    cost: 151.96
    lifetime: 15.8363
    annual_cost: 9.595675757594893
    efficiency: 0.902569
    discharge_ratio: 2
    depth_of_discharge: 0.9
  Pb-acid:
    cost: 132.331
    lifetime: 14.5904
    annual_cost: 9.069730781883978
    efficiency: 0.711109
    discharge_ratio: 5
    depth_of_discharge: 0.5
  VRBF:
    cost: 177.81
    lifetime: 21.6119
    annual_cost: 8.227411750008098
    efficiency: 0.756578
    discharge_ratio: 0.5
    depth_of_discharge: 1.0
