cost_values:
  wind_capex: 5000.0
  wind_opex: 100
  wind_lifetime: 20
  solar_capex: 1000.0
  solar_opex: 10
  solar_lifetime: 20
  carbon_price: 1.0
timeseries_values:
  load_level: 267740.4946146318
  wind_year: 2017
  solar_year: 2013
  price_year: 2023
  carbon_year: 2023
storage_values:
  CAES:
    cost: 67.6631
    lifetime: 25.3524
    annual_cost: 2.668903141319954
    efficiency: 0.589896
    discharge_ratio: 0.1
    depth_of_discharge: 0.4
  Li-ion:
    cost: 169.26
    lifetime: 15.6229
    annual_cost: 10.834096102516177
    efficiency: 0.901381
    discharge_ratio: 2
    depth_of_discharge: 0.9
  Pb-acid:
    cost: 141.786
    lifetime: 12.4879
    annual_cost: 11.353870546689196
    efficiency: 0.704615
    discharge_ratio: 5
    depth_of_discharge: 0.5
  VRBF:
    cost: 185.292
    lifetime: 21.5379
    annual_cost: 8.60306715139359
    efficiency: 0.780269
    discharge_ratio: 0.5
    depth_of_discharge: 1.0
