cost_values:
  wind_capex: 5000.0
  wind_opex: 100
  wind_lifetime: 20
  solar_capex: 1000.0
  solar_opex: 10
  solar_lifetime: 20
  carbon_price: 1.0
timeseries_values:
  load_level: 267740.4946146318
  wind_year: 2017
  solar_year: 2013
  price_year: 2023
  carbon_year: 2023
storage_values:
  CAES:
    cost: 66.268
    lifetime: 24.9491
    annual_cost: 2.656127876356261
    efficiency: 0.586908
    discharge_ratio: 0.1
    depth_of_discharge: 0.4
  Li-ion:
    cost: 130.242
    lifetime: 15.4511
    annual_cost: 8.429302768087709
    efficiency: 0.91647
    discharge_ratio: 2
    depth_of_discharge: 0.9
  Pb-acid:
    cost: 131.381
    lifetime: 12.1838
    annual_cost: 10.783253172245113
    efficiency: 0.705572
    discharge_ratio: 5
    depth_of_discharge: 0.5
  VRBF:
    cost: 174.595
    lifetime: 18.0519
    annual_cost: 9.671835097690549
    efficiency: 0.770413
    discharge_ratio: 0.5
    depth_of_discharge: 1.0
