cost_values:
  wind_capex: 5000.0
  wind_opex: 100
  wind_lifetime: 20
  solar_capex: 1000.0
  solar_opex: 10
  solar_lifetime: 20
  carbon_price: 1.0
timeseries_values:
  load_level: 249183.83600752553
  wind_year: 2013
  solar_year: 2011
  price_year: 2023
  carbon_year: 2023
storage_values:
  CAES:
    cost: 30.1126
    lifetime: 24.3102
    annual_cost: 1.2386817056215087
    efficiency: 0.60264
    discharge_ratio: 0.1
    depth_of_discharge: 0.4
  Li-ion:
    cost: 223.304
    lifetime: 22.7871
    annual_cost: 9.799579586695982
    efficiency: 0.951043
    discharge_ratio: 2
    depth_of_discharge: 0.9
  Pb-acid:
    cost: 212.713
    lifetime: 10.7067
    annual_cost: 19.867279367125256
    efficiency: 0.70391
    discharge_ratio: 5
    depth_of_discharge: 0.5
  VRBF:
    cost: 303.396
    lifetime: 14.2988
    annual_cost: 21.218284051808546
    efficiency: 0.744519
    discharge_ratio: 0.5
    depth_of_discharge: 1.0
