cost_values:
  wind_capex: 5000.0
  wind_opex: 100
  wind_lifetime: 20
  solar_capex: 1000.0
  solar_opex: 10
  solar_lifetime: 20
  carbon_price: 1.0
timeseries_values:
  load_level: 249183.83600752553
  wind_year: 2013
  solar_year: 2011
  price_year: 2023
  carbon_year: 2023
storage_values:
  CAES:
    cost: 22.0508
    lifetime: 25.1933
    annual_cost: 0.875264455232145
    efficiency: 0.598087
    discharge_ratio: 0.1
    depth_of_discharge: 0.4
  Li-ion:
    cost: 200.77
    lifetime: 21.1545
    annual_cost: 9.49065210711669
    efficiency: 0.953413
    discharge_ratio: 2
    depth_of_discharge: 0.9
  Pb-acid:
    cost: 219.216
    lifetime: 11.8463
    annual_cost: 18.505018444577633
    efficiency: 0.710915
    discharge_ratio: 5
    depth_of_discharge: 0.5
  VRBF:
    cost: 297.778
    lifetime: 16.4681
    annual_cost: 18.082110261657387
    efficiency: 0.755064
    discharge_ratio: 0.5
    depth_of_discharge: 1.0
