cost_values:
  wind_capex: 5000.0
  wind_opex: 100
  wind_lifetime: 20
  solar_capex: 1000.0
  solar_opex: 10
  solar_lifetime: 20
  carbon_price: 1.0
timeseries_values:
  load_level: 249183.83600752553
  wind_year: 2013
  solar_year: 2011
  price_year: 2023
  carbon_year: 2023
storage_values:
  CAES:
    cost: 36.5871
    lifetime: 25.239
    annual_cost: 1.449625579460359
    efficiency: 0.600075
    discharge_ratio: 0.1
    depth_of_discharge: 0.4
  Li-ion:
    cost: 224.729
    lifetime: 23.6082
    annual_cost: 9.519107767640058
    efficiency: 0.955749
    discharge_ratio: 2
    depth_of_discharge: 0.9
  Pb-acid:
    cost: 226.775
    lifetime: 12.2234
    annual_cost: 18.552530392525814
    efficiency: 0.7136
    discharge_ratio: 5
    depth_of_discharge: 0.5
  VRBF:
    cost: 294.955
    lifetime: 16.1854
    annual_cost: 18.223522433798358
    efficiency: 0.792795
    discharge_ratio: 0.5
    depth_of_discharge: 1.0
