cost_values:
  wind_capex: 5000.0
  wind_opex: 100
  wind_lifetime: 20
  solar_capex: 1000.0
  solar_opex: 10
  solar_lifetime: 20
  carbon_price: 1.0
timeseries_values:
  load_level: 249183.83600752553
  wind_year: 2013
  solar_year: 2011
  price_year: 2023
  carbon_year: 2023
storage_values:
  CAES:
    cost: 31.8544
    lifetime: 25.3916
    annual_cost: 1.25452511854314
    efficiency: 0.601414
    discharge_ratio: 0.1
    depth_of_discharge: 0.4
  Li-ion:
    cost: 222.184
    lifetime: 22.3649
    annual_cost: 9.934495571185206
    efficiency: 0.95152
    discharge_ratio: 2
    depth_of_discharge: 0.9
  Pb-acid:
    cost: 229.26
    lifetime: 11.8843
    annual_cost: 19.29099736627315
    efficiency: 0.689779
    discharge_ratio: 5
    depth_of_discharge: 0.5
  VRBF:
    cost: 275.677
    lifetime: 13.5612
    annual_cost: 20.328363271686875
    efficiency: 0.74725
    discharge_ratio: 0.5
    depth_of_discharge: 1.0
