cost_values:
  wind_capex: 5000.0
  wind_opex: 100
  wind_lifetime: 20
  solar_capex: 1000.0
  solar_opex: 10
  solar_lifetime: 20
  carbon_price: 1.0
timeseries_values:
  load_level: 249183.83600752553
  wind_year: 2013
  solar_year: 2011
  price_year: 2023
  carbon_year: 2023
storage_values:
  CAES:
    cost: 27.1993
    lifetime: 24.8826
    annual_cost: 1.0931052221230901
    efficiency: 0.607798
    discharge_ratio: 0.1
    depth_of_discharge: 0.4
  Li-ion:
    cost: 223.655
    lifetime: 23.1648
    annual_cost: 9.654950614725792
    efficiency: 0.967309
    discharge_ratio: 2
    depth_of_discharge: 0.9
  Pb-acid:
    cost: 241.832
    lifetime: 11.4457
    annual_cost: 21.128633460600923
    efficiency: 0.695758
    discharge_ratio: 5
    depth_of_discharge: 0.5
  VRBF:
    cost: 295.806
    lifetime: 15.1475
    annual_cost: 19.528371018319852
    efficiency: 0.764023
    discharge_ratio: 0.5
    depth_of_discharge: 1.0
