cost_values:
  wind_capex: 5000.0
  wind_opex: 100
  wind_lifetime: 20
  solar_capex: 1000.0
  solar_opex: 10
  solar_lifetime: 20
  carbon_price: 1.0
timeseries_values:
  load_level: 249183.83600752553
  wind_year: 2013
  solar_year: 2011
  price_year: 2023
  carbon_year: 2023
storage_values:
  CAES:
    cost: 29.6605
    lifetime: 25.4576
    annual_cost: 1.1650941172773552
    efficiency: 0.597767
    discharge_ratio: 0.1
    depth_of_discharge: 0.4
  Li-ion:
    cost: 234.254
    lifetime: 20.6854
    annual_cost: 11.32460576058476
    efficiency: 0.961592
    discharge_ratio: 2
    depth_of_discharge: 0.9
  Pb-acid:
    cost: 226.321
    lifetime: 13.4304
    annual_cost: 16.85139683106981
    efficiency: 0.706917
    discharge_ratio: 5
    depth_of_discharge: 0.5
  VRBF:
    cost: 278.674
    lifetime: 14.1204
    annual_cost: 19.735559899152996
    efficiency: 0.757789
    discharge_ratio: 0.5
    depth_of_discharge: 1.0
