cost_values:
  wind_capex: 5000.0
  wind_opex: 100
  wind_lifetime: 20
  solar_capex: 1000.0
  solar_opex: 10
  solar_lifetime: 20
  carbon_price: 1.0
timeseries_values:
  load_level: 249183.83600752553
  wind_year: 2013
  solar_year: 2011
  price_year: 2023
  carbon_year: 2023
storage_values:
  CAES:
    cost: 31.4961
    lifetime: 24.9727
    annual_cost: 1.2612212536089409
    efficiency: 0.589838
    discharge_ratio: 0.1
    depth_of_discharge: 0.4
  Li-ion:
    cost: 217.278
    lifetime: 22.5313
    annual_cost: 9.64338498000559
    efficiency: 0.961788
    discharge_ratio: 2
    depth_of_discharge: 0.9
  Pb-acid:
    cost: 235.703
    lifetime: 10.8699
    annual_cost: 21.68400813254952
    efficiency: 0.688199
    discharge_ratio: 5
    depth_of_discharge: 0.5
  VRBF:
    cost: 300.792
    lifetime: 14.5413
    annual_cost: 20.68535825545171
    efficiency: 0.764301
    discharge_ratio: 0.5
    depth_of_discharge: 1.0
