cost_values:
  wind_capex: 5000.0
  wind_opex: 100
  wind_lifetime: 20
  solar_capex: 1000.0
  solar_opex: 10
  solar_lifetime: 20
  carbon_price: 1.0
timeseries_values:
  load_level: 249183.83600752553
  wind_year: 2013
  solar_year: 2011
  price_year: 2023
  carbon_year: 2023
storage_values:
  CAES:
    cost: 21.8065
    lifetime: 25.296
    annual_cost: 0.8620532890575585
    efficiency: 0.60086
    discharge_ratio: 0.1
    depth_of_discharge: 0.4
  Li-ion:
    cost: 215.77
    lifetime: 20.6958
    annual_cost: 10.42578687463157
    efficiency: 0.958268
    discharge_ratio: 2
    depth_of_discharge: 0.9
  Pb-acid:
    cost: 219.07
    lifetime: 12.0103
    annual_cost: 18.240177181252758
    efficiency: 0.696425
    discharge_ratio: 5
    depth_of_discharge: 0.5
  VRBF:
    cost: 278.823
    lifetime: 16.1201
    annual_cost: 17.29660485977134
    efficiency: 0.752536
    discharge_ratio: 0.5
    depth_of_discharge: 1.0
