cost_values:
  wind_capex: 5000.0
  wind_opex: 100
  wind_lifetime: 20
  solar_capex: 1000.0
  solar_opex: 10
  solar_lifetime: 20
  carbon_price: 1.0
timeseries_values:
  load_level: 249183.83600752553
  wind_year: 2013
  solar_year: 2011
  price_year: 2023
  carbon_year: 2023
storage_values:
  CAES:
    cost: 29.1128
    lifetime: 24.6275
    annual_cost: 1.1821256725205562
    efficiency: 0.597868
    discharge_ratio: 0.1
    depth_of_discharge: 0.4
  Li-ion:
    cost: 237.807
    lifetime: 20.076
    annual_cost: 11.845337716676628
    efficiency: 0.9475
    discharge_ratio: 2
    depth_of_discharge: 0.9
  Pb-acid:
    cost: 243.788
    lifetime: 12.4862
    annual_cost: 19.524595153048967
    efficiency: 0.723393
    discharge_ratio: 5
    depth_of_discharge: 0.5
  VRBF:
    cost: 265.32
    lifetime: 13.8031
    annual_cost: 19.221769022900652
    efficiency: 0.761205
    discharge_ratio: 0.5
    depth_of_discharge: 1.0
