cost_values:
  wind_capex: 5000.0
  wind_opex: 100
  wind_lifetime: 20
  solar_capex: 1000.0
  solar_opex: 10
  solar_lifetime: 20
  carbon_price: 1.0
timeseries_values:
  load_level: 249183.83600752553
  wind_year: 2013
  solar_year: 2011
  price_year: 2023
  carbon_year: 2023
storage_values:
  CAES:
    cost: 26.8936
    lifetime: 25.4678
    annual_cost: 1.0559844195415387
    efficiency: 0.597851
    discharge_ratio: 0.1
    depth_of_discharge: 0.4
  Li-ion:
    cost: 225.935
    lifetime: 22.2027
    annual_cost: 10.176014628851446
    efficiency: 0.954464
    discharge_ratio: 2
    depth_of_discharge: 0.9
  Pb-acid:
    cost: 248.75
    lifetime: 9.7524
    annual_cost: 25.506541979410198
    efficiency: 0.698883
    discharge_ratio: 5
    depth_of_discharge: 0.5
  VRBF:
    cost: 277.619
    lifetime: 15.3534
    annual_cost: 18.08192322221788
    efficiency: 0.759488
    discharge_ratio: 0.5
    depth_of_discharge: 1.0
