cost_values:
  wind_capex: 5000.0
  wind_opex: 100
  wind_lifetime: 20
  solar_capex: 1000.0
  solar_opex: 10
  solar_lifetime: 20
  carbon_price: 1.0
timeseries_values:
  load_level: 249183.83600752553
  wind_year: 2013
  solar_year: 2011
  price_year: 2023
  carbon_year: 2023
storage_values:
  CAES:
    cost: 32.5029
    lifetime: 25.2291
    annual_cost: 1.2883099278214443
    efficiency: 0.598287
    discharge_ratio: 0.1
    depth_of_discharge: 0.4
  Li-ion:
    cost: 235.559
    lifetime: 21.1593
    annual_cost: 11.132646165043266
    efficiency: 0.943521
    discharge_ratio: 2
    depth_of_discharge: 0.9
  Pb-acid:
    cost: 227.682
    lifetime: 12.0084
    annual_cost: 18.960227840511642
    efficiency: 0.712189
    discharge_ratio: 5
    depth_of_discharge: 0.5
  VRBF:
    cost: 303.967
    lifetime: 14.5187
    annual_cost: 20.936240848009806
    efficiency: 0.752698
    discharge_ratio: 0.5
    depth_of_discharge: 1.0
