cost_values:
  wind_capex: 5000.0
  wind_opex: 100
  wind_lifetime: 20
  solar_capex: 1000.0
  solar_opex: 10
  solar_lifetime: 20
  carbon_price: 1.0
timeseries_values:
  load_level: 249183.83600752553
  wind_year: 2013
  solar_year: 2011
  price_year: 2023
  carbon_year: 2023
storage_values:
  CAES:
    cost: 29.3567
    lifetime: 25.1756
    annual_cost: 1.1660774718378113
    efficiency: 0.594768
    discharge_ratio: 0.1
    depth_of_discharge: 0.4
  Li-ion:
    cost: 218.975
    lifetime: 22.4038
    annual_cost: 9.77401155161178
    efficiency: 0.968665
    discharge_ratio: 2
    depth_of_discharge: 0.9
  Pb-acid:
    cost: 225.1
    lifetime: 11.8369
    annual_cost: 19.016803386021678
    efficiency: 0.709782
    discharge_ratio: 5
    depth_of_discharge: 0.5
  VRBF:
    cost: 284.773
    lifetime: 14.5795
    annual_cost: 19.53242566617511
    efficiency: 0.731406
    discharge_ratio: 0.5
    depth_of_discharge: 1.0
