cost_values:
  wind_capex: 5000.0
  wind_opex: 100
  wind_lifetime: 20
  solar_capex: 1000.0
  solar_opex: 10
  solar_lifetime: 20
  carbon_price: 1.0
timeseries_values:
  load_level: 249183.83600752553
  wind_year: 2013
  solar_year: 2011
  price_year: 2023
  carbon_year: 2023
storage_values:
  CAES:
    cost: 29.8383
    lifetime: 25.4773
    annual_cost: 1.171171984472452
    efficiency: 0.59473
    discharge_ratio: 0.1
    depth_of_discharge: 0.4
  Li-ion:
    cost: 248.519
    lifetime: 20.6253
    annual_cost: 12.049230799067166
    efficiency: 0.955087
    discharge_ratio: 2
    depth_of_discharge: 0.9
  Pb-acid:
    cost: 219.995
    lifetime: 10.7266
    annual_cost: 20.509294650681486
    efficiency: 0.710678
    discharge_ratio: 5
    depth_of_discharge: 0.5
  VRBF:
    cost: 289.619
    lifetime: 15.2935
    annual_cost: 18.937391702357214
    efficiency: 0.746677
    discharge_ratio: 0.5
    depth_of_discharge: 1.0
