cost_values:
  wind_capex: 5000.0
  wind_opex: 100
  wind_lifetime: 20
  solar_capex: 1000.0
  solar_opex: 10
  solar_lifetime: 20
  carbon_price: 1.0
timeseries_values:
  load_level: 249183.83600752553
  wind_year: 2013
  solar_year: 2011
  price_year: 2023
  carbon_year: 2023
storage_values:
  CAES:
    cost: 27.2204
    lifetime: 24.0566
    annual_cost: 1.1315148441591913
    efficiency: 0.595991
    discharge_ratio: 0.1
    depth_of_discharge: 0.4
  Li-ion:
    cost: 219.806
    lifetime: 20.4674
    annual_cost: 10.739322043835562
    efficiency: 0.958324
    discharge_ratio: 2
    depth_of_discharge: 0.9
  Pb-acid:
    cost: 208.479
    lifetime: 12.5731
    annual_cost: 16.58135225203013
    efficiency: 0.714355
    discharge_ratio: 5
    depth_of_discharge: 0.5
  VRBF:
    cost: 280.972
    lifetime: 13.8692
    annual_cost: 20.25870273699997
    efficiency: 0.759894
    discharge_ratio: 0.5
    depth_of_discharge: 1.0
