cost_values:
  wind_capex: 5000.0
  wind_opex: 100
  wind_lifetime: 20
  solar_capex: 1000.0
  solar_opex: 10
  solar_lifetime: 20
  carbon_price: 1.0
timeseries_values:
  load_level: 249183.83600752553
  wind_year: 2013
  solar_year: 2011
  price_year: 2023
  carbon_year: 2023
storage_values:
  CAES:
    cost: 31.0689
    lifetime: 25.0598
    annual_cost: 1.2397904213122213
    efficiency: 0.596215
    discharge_ratio: 0.1
    depth_of_discharge: 0.4
  Li-ion:
    cost: 216.292
    lifetime: 19.7518
    annual_cost: 10.950495651029273
    efficiency: 0.95259
    discharge_ratio: 2
    depth_of_discharge: 0.9
  Pb-acid:
    cost: 228.538
    lifetime: 11.1984
    annual_cost: 20.408094013430492
    efficiency: 0.709021
    discharge_ratio: 5
    depth_of_discharge: 0.5
  VRBF:
    cost: 280.612
    lifetime: 14.3744
    annual_cost: 19.521649599287624
    efficiency: 0.770979
    discharge_ratio: 0.5
    depth_of_discharge: 1.0
