cost_values:
  wind_capex: 5000.0
  wind_opex: 100
  wind_lifetime: 20
  solar_capex: 1000.0
  solar_opex: 10
  solar_lifetime: 20
  carbon_price: 1.0
timeseries_values:
  load_level: 249183.83600752553
  wind_year: 2013
  solar_year: 2011
  price_year: 2023
  carbon_year: 2023
storage_values:
  CAES:
    cost: 29.4772
    lifetime: 25.4523
    annual_cost: 1.1581350211965127
    efficiency: 0.600226
    discharge_ratio: 0.1
    depth_of_discharge: 0.4
  Li-ion:
    cost: 230.696
    lifetime: 25.9563
    annual_cost: 8.887861521095072
    efficiency: 0.966547
    discharge_ratio: 2
    depth_of_discharge: 0.9
  Pb-acid:
    cost: 208.356
    lifetime: 12.0005
    annual_cost: 17.362276571809506
    efficiency: 0.705206
    discharge_ratio: 5
    depth_of_discharge: 0.5
  VRBF:
    cost: 263.732
    lifetime: 14.8446
    annual_cost: 17.76619107284804
    efficiency: 0.733597
    discharge_ratio: 0.5
    depth_of_discharge: 1.0
