cost_values:
  wind_capex: 5000.0
  wind_opex: 100
  wind_lifetime: 20
  solar_capex: 1000.0
  solar_opex: 10
  solar_lifetime: 20
  carbon_price: 1.0
timeseries_values:
  load_level: 249183.83600752553
  wind_year: 2013
  solar_year: 2011
  price_year: 2023
  carbon_year: 2023
storage_values:
  CAES:
    cost: 22.0757
    lifetime: 24.0608
    annual_cost: 0.9174965088442613
    efficiency: 0.600909
    discharge_ratio: 0.1
    depth_of_discharge: 0.4
  Li-ion:
    cost: 216.702
    lifetime: 23.1409
    annual_cost: 9.364458599276606
    efficiency: 0.961595
    discharge_ratio: 2
    depth_of_discharge: 0.9
  Pb-acid:
    cost: 226.403
    lifetime: 11.85
    annual_cost: 19.10573839662447
    efficiency: 0.698808
    discharge_ratio: 5
    depth_of_discharge: 0.5
  VRBF:
    cost: 298.836
    lifetime: 14.0934
    annual_cost: 21.203967814721786
    efficiency: 0.751485
    discharge_ratio: 0.5
    depth_of_discharge: 1.0
