cost_values:
  wind_capex: 5000.0
  wind_opex: 100
  wind_lifetime: 20
  solar_capex: 1000.0
  solar_opex: 10
  solar_lifetime: 20
  carbon_price: 1.0
timeseries_values:
  load_level: 249183.83600752553
  wind_year: 2013
  solar_year: 2011
  price_year: 2023
  carbon_year: 2023
storage_values:
  CAES:
    cost: 22.9727
    lifetime: 25.5317
    annual_cost: 0.8997716564114414
    efficiency: 0.597144
    discharge_ratio: 0.1
    depth_of_discharge: 0.4
  Li-ion:
    cost: 198.638
    lifetime: 22.42
    annual_cost: 8.859857270294379
    efficiency: 0.977182
    discharge_ratio: 2
    depth_of_discharge: 0.9
  Pb-acid:
    cost: 234.14
    lifetime: 10.7725
    annual_cost: 21.73497331167324
    efficiency: 0.708114
    discharge_ratio: 5
    depth_of_discharge: 0.5
  VRBF:
    cost: 240.787
    lifetime: 15.1664
    annual_cost: 15.87634507859479
    efficiency: 0.760806
    discharge_ratio: 0.5
    depth_of_discharge: 1.0
