cost_values:
  wind_capex: 5000.0
  wind_opex: 100
  wind_lifetime: 20
  solar_capex: 1000.0
  solar_opex: 10
  solar_lifetime: 20
  carbon_price: 1.0
timeseries_values:
  load_level: 249183.83600752553
  wind_year: 2013
  solar_year: 2011
  price_year: 2023
  carbon_year: 2023
storage_values:
  CAES:
    cost: 23.3491
    lifetime: 24.8144
    annual_cost: 0.9409496099039267
    efficiency: 0.599519
    discharge_ratio: 0.1
    depth_of_discharge: 0.4
  Li-ion:
    cost: 263.142
    lifetime: 21.958
    annual_cost: 11.983878313143274
    efficiency: 0.9605
    discharge_ratio: 2
    depth_of_discharge: 0.9
  Pb-acid:
    cost: 213.671
    lifetime: 12.9951
    annual_cost: 16.442428299897653
    efficiency: 0.698799
    discharge_ratio: 5
    depth_of_discharge: 0.5
  VRBF:
    cost: 266.979
    lifetime: 17.9961
    annual_cost: 14.835380999216497
    efficiency: 0.760259
    discharge_ratio: 0.5
    depth_of_discharge: 1.0
