cost_values:
  wind_capex: 5000.0
  wind_opex: 100
  wind_lifetime: 20
  solar_capex: 1000.0
  solar_opex: 10
  solar_lifetime: 20
  carbon_price: 1.0
timeseries_values:
  load_level: 249183.83600752553
  wind_year: 2013
  solar_year: 2011
  price_year: 2023
  carbon_year: 2023
storage_values:
  CAES:
    cost: 30.4211
    lifetime: 25.6205
    annual_cost: 1.1873733924006167
    efficiency: 0.602397
    discharge_ratio: 0.1
    depth_of_discharge: 0.4
  Li-ion:
    cost: 224.493
    lifetime: 20.9344
    annual_cost: 10.723641470498318
    efficiency: 0.96029
    discharge_ratio: 2
    depth_of_discharge: 0.9
  Pb-acid:
    cost: 225.963
    lifetime: 12.4956
    annual_cost: 18.083405358686257
    efficiency: 0.705904
    discharge_ratio: 5
    depth_of_discharge: 0.5
  VRBF:
    cost: 271.218
    lifetime: 13.1448
    annual_cost: 20.633102063173272
    efficiency: 0.72958
    discharge_ratio: 0.5
    depth_of_discharge: 1.0
