cost_values:
  wind_capex: 5000.0
  wind_opex: 100
  wind_lifetime: 20
  solar_capex: 1000.0
  solar_opex: 10
  solar_lifetime: 20
  carbon_price: 1.0
timeseries_values:
  load_level: 249183.83600752553
  wind_year: 2013
  solar_year: 2011
  price_year: 2023
  carbon_year: 2023
storage_values:
  CAES:
    cost: 33.5936
    lifetime: 24.9323
    annual_cost: 1.3473927395386707
    efficiency: 0.589135
    discharge_ratio: 0.1
    depth_of_discharge: 0.4
  Li-ion:
    cost: 252.232
    lifetime: 23.6523
    annual_cost: 10.66416373883301
    efficiency: 0.961929
    discharge_ratio: 2
    depth_of_discharge: 0.9
  Pb-acid:
    cost: 233.308
    lifetime: 12.667
    annual_cost: 18.41856793242283
    efficiency: 0.709545
    discharge_ratio: 5
    depth_of_discharge: 0.5
  VRBF:
    cost: 276.721
    lifetime: 15.9255
    annual_cost: 17.375969357320024
    efficiency: 0.767756
    discharge_ratio: 0.5
    depth_of_discharge: 1.0
