cost_values:
  wind_capex: 5000.0
  wind_opex: 100
  wind_lifetime: 20
  solar_capex: 1000.0
  solar_opex: 10
  solar_lifetime: 20
  carbon_price: 1.0
timeseries_values:
  load_level: 249183.83600752553
  wind_year: 2013
  solar_year: 2011
  price_year: 2023
  carbon_year: 2023
storage_values:
  CAES:
    cost: 35.934
    lifetime: 24.4249
    annual_cost: 1.47120356685186
    efficiency: 0.590457
    discharge_ratio: 0.1
    depth_of_discharge: 0.4
  Li-ion:
    cost: 224.075
    lifetime: 22.7937
    annual_cost: 9.830567218134835
    efficiency: 0.957368
    discharge_ratio: 2
    depth_of_discharge: 0.9
  Pb-acid:
    cost: 201.86
    lifetime: 12.0318
    annual_cost: 16.777207067936637
    efficiency: 0.71919
    discharge_ratio: 5
    depth_of_discharge: 0.5
  VRBF:
    cost: 300.933
    lifetime: 15.57
    annual_cost: 19.327745664739883
    efficiency: 0.734649
    discharge_ratio: 0.5
    depth_of_discharge: 1.0
