cost_values:
  wind_capex: 5000.0
  wind_opex: 100
  wind_lifetime: 20
  solar_capex: 1000.0
  solar_opex: 10
  solar_lifetime: 20
  carbon_price: 1.0
timeseries_values:
  load_level: 249183.83600752553
  wind_year: 2013
  solar_year: 2011
  price_year: 2023
  carbon_year: 2023
storage_values:
  CAES:
    cost: 24.7536
    lifetime: 24.924
    annual_cost: 0.9931632161771786
    efficiency: 0.606599
    discharge_ratio: 0.1
    depth_of_discharge: 0.4
  Li-ion:
    cost: 220.836
    lifetime: 20.9704
    annual_cost: 10.530843474611833
    efficiency: 0.954695
    discharge_ratio: 2
    depth_of_discharge: 0.9
  Pb-acid:
    cost: 225.902
    lifetime: 11.5963
    annual_cost: 19.480523960228695
    efficiency: 0.694658
    discharge_ratio: 5
    depth_of_discharge: 0.5
  VRBF:
    cost: 268.057
    lifetime: 16.3169
    annual_cost: 16.428181823753288
    efficiency: 0.749348
    discharge_ratio: 0.5
    depth_of_discharge: 1.0
