cost_values:
  wind_capex: 5000.0
  wind_opex: 100
  wind_lifetime: 20
  solar_capex: 1000.0
  solar_opex: 10
  solar_lifetime: 20
  carbon_price: 1.0
timeseries_values:
  load_level: 249183.83600752553
  wind_year: 2013
  solar_year: 2011
  price_year: 2023
  carbon_year: 2023
storage_values:
  CAES:
    cost: 31.195
    lifetime: 25.8813
    annual_cost: 1.2053103978548219
    efficiency: 0.591077
    discharge_ratio: 0.1
    depth_of_discharge: 0.4
  Li-ion:
    cost: 224.756
    lifetime: 19.9145
    annual_cost: 11.286047854578323
    efficiency: 0.95475
    discharge_ratio: 2
    depth_of_discharge: 0.9
  Pb-acid:
    cost: 234.912
    lifetime: 11.0736
    annual_cost: 21.2136974425661
    efficiency: 0.700974
    discharge_ratio: 5
    depth_of_discharge: 0.5
  VRBF:
    cost: 311.798
    lifetime: 16.9263
    annual_cost: 18.42091892498656
    efficiency: 0.775048
    discharge_ratio: 0.5
    depth_of_discharge: 1.0
