cost_values:
  wind_capex: 5000.0
  wind_opex: 100
  wind_lifetime: 20
  solar_capex: 1000.0
  solar_opex: 10
  solar_lifetime: 20
  carbon_price: 1.0
timeseries_values:
  load_level: 249183.83600752553
  wind_year: 2013
  solar_year: 2011
  price_year: 2023
  carbon_year: 2023
storage_values:
  CAES:
    cost: 23.8142
    lifetime: 25.5421
    annual_cost: 0.9323509030189373
    efficiency: 0.597515
    discharge_ratio: 0.1
    depth_of_discharge: 0.4
  Li-ion:
    cost: 233.379
    lifetime: 20.5386
    annual_cost: 11.362945867780667
    efficiency: 0.938384
    discharge_ratio: 2
    depth_of_discharge: 0.9
  Pb-acid:
    cost: 214.339
    lifetime: 11.3352
    annual_cost: 18.90915025760463
    efficiency: 0.705081
    discharge_ratio: 5
    depth_of_discharge: 0.5
  VRBF:
    cost: 260.113
    lifetime: 13.3161
    annual_cost: 19.533722336119432
    efficiency: 0.737757
    discharge_ratio: 0.5
    depth_of_discharge: 1.0
