cost_values:
  wind_capex: 5000.0
  wind_opex: 100
  wind_lifetime: 20
  solar_capex: 1000.0
  solar_opex: 10
  solar_lifetime: 20
  carbon_price: 1.0
timeseries_values:
  load_level: 249183.83600752553
  wind_year: 2013
  solar_year: 2011
  price_year: 2023
  carbon_year: 2023
storage_values:
  CAES:
    cost: 24.3877
    lifetime: 26.1475
    annual_cost: 0.9326971985849507
    efficiency: 0.596897
    discharge_ratio: 0.1
    depth_of_discharge: 0.4
  Li-ion:
    cost: 240.51
    lifetime: 21.2543
    annual_cost: 11.315827856010312
    efficiency: 0.950337
    discharge_ratio: 2
    depth_of_discharge: 0.9
  Pb-acid:
    cost: 240.571
    lifetime: 13.2564
    annual_cost: 18.14753628436076
    efficiency: 0.705292
    discharge_ratio: 5
    depth_of_discharge: 0.5
  VRBF:
    cost: 284.75
    lifetime: 14.3611
    annual_cost: 19.827868338776277
    efficiency: 0.763184
    discharge_ratio: 0.5
    depth_of_discharge: 1.0
