cost_values:
  wind_capex: 5000.0
  wind_opex: 100
  wind_lifetime: 20
  solar_capex: 1000.0
  solar_opex: 10
  solar_lifetime: 20
  carbon_price: 1.0
timeseries_values:
  load_level: 249183.83600752553
  wind_year: 2013
  solar_year: 2011
  price_year: 2023
  carbon_year: 2023
storage_values:
  CAES:
    cost: 22.3507
    lifetime: 25.2488
    annual_cost: 0.8852183074047084
    efficiency: 0.599765
    discharge_ratio: 0.1
    depth_of_discharge: 0.4
  Li-ion:
    cost: 219.608
    lifetime: 22.2447
    annual_cost: 9.872374093604318
    efficiency: 0.958157
    discharge_ratio: 2
    depth_of_discharge: 0.9
  Pb-acid:
    cost: 225.872
    lifetime: 11.5791
    annual_cost: 19.506870136711836
    efficiency: 0.69156
    discharge_ratio: 5
    depth_of_discharge: 0.5
  VRBF:
    cost: 280.568
    lifetime: 16.9788
    annual_cost: 16.524607157160695
    efficiency: 0.754972
    discharge_ratio: 0.5
    depth_of_discharge: 1.0
