cost_values:
  wind_capex: 5000.0
  wind_opex: 100
  wind_lifetime: 20
  solar_capex: 1000.0
  solar_opex: 10
  solar_lifetime: 20
  carbon_price: 1.0
timeseries_values:
  load_level: 249183.83600752553
  wind_year: 2013
  solar_year: 2011
  price_year: 2023
  carbon_year: 2023
storage_values:
  CAES:
    cost: 24.4765
    lifetime: 25.2859
    annual_cost: 0.9679900656096876
    efficiency: 0.60013
    discharge_ratio: 0.1
    depth_of_discharge: 0.4
  Li-ion:
    cost: 234.458
    lifetime: 19.3232
    annual_cost: 12.1334975573404
    efficiency: 0.959269
    discharge_ratio: 2
    depth_of_discharge: 0.9
  Pb-acid:
    cost: 231.086
    lifetime: 12.668
    annual_cost: 18.241711398800128
    efficiency: 0.702573
    discharge_ratio: 5
    depth_of_discharge: 0.5
  VRBF:
    cost: 300.537
    lifetime: 14.8248
    annual_cost: 20.272583778533267
    efficiency: 0.736397
    discharge_ratio: 0.5
    depth_of_discharge: 1.0
