cost_values:
  wind_capex: 5000.0
  wind_opex: 100
  wind_lifetime: 20
  solar_capex: 1000.0
  solar_opex: 10
  solar_lifetime: 20
  carbon_price: 1.0
timeseries_values:
  load_level: 249183.83600752553
  wind_year: 2013
  solar_year: 2011
  price_year: 2023
  carbon_year: 2023
storage_values:
  CAES:
    cost: 31.2926
    lifetime: 25.9995
    annual_cost: 1.2035846843208522
    efficiency: 0.601171
    discharge_ratio: 0.1
    depth_of_discharge: 0.4
  Li-ion:
    cost: 238.541
    lifetime: 21.0992
    annual_cost: 11.305689315234702
    efficiency: 0.960021
    discharge_ratio: 2
    depth_of_discharge: 0.9
  Pb-acid:
    cost: 224.453
    lifetime: 11.0836
    annual_cost: 20.250911256270523
    efficiency: 0.706962
    discharge_ratio: 5
    depth_of_discharge: 0.5
  VRBF:
    cost: 301.251
    lifetime: 13.8118
    annual_cost: 21.811132509882853
    efficiency: 0.750369
    discharge_ratio: 0.5
    depth_of_discharge: 1.0
