cost_values:
  wind_capex: 5000.0
  wind_opex: 100
  wind_lifetime: 20
  solar_capex: 1000.0
  solar_opex: 10
  solar_lifetime: 20
  carbon_price: 1.0
timeseries_values:
  load_level: 249183.83600752553
  wind_year: 2013
  solar_year: 2011
  price_year: 2023
  carbon_year: 2023
storage_values:
  CAES:
    cost: 33.8225
    lifetime: 26.0466
    annual_cost: 1.29853800496034
    efficiency: 0.598795
    discharge_ratio: 0.1
    depth_of_discharge: 0.4
  Li-ion:
    cost: 214.089
    lifetime: 16.8531
    annual_cost: 12.703241540132082
    efficiency: 0.955785
    discharge_ratio: 2
    depth_of_discharge: 0.9
  Pb-acid:
    cost: 213.327
    lifetime: 10.7787
    annual_cost: 19.791533301789638
    efficiency: 0.703903
    discharge_ratio: 5
    depth_of_discharge: 0.5
  VRBF:
    cost: 289.128
    lifetime: 14.9941
    annual_cost: 19.28278456192769
    efficiency: 0.747325
    discharge_ratio: 0.5
    depth_of_discharge: 1.0
