cost_values:
  wind_capex: 5000.0
  wind_opex: 100
  wind_lifetime: 20
  solar_capex: 1000.0
  solar_opex: 10
  solar_lifetime: 20
  carbon_price: 1.0
timeseries_values:
  load_level: 249183.83600752553
  wind_year: 2013
  solar_year: 2011
  price_year: 2023
  carbon_year: 2023
storage_values:
  CAES:
    cost: 23.7649
    lifetime: 25.4777
    annual_cost: 0.93277258151246
    efficiency: 0.603835
    discharge_ratio: 0.1
    depth_of_discharge: 0.4
  Li-ion:
    cost: 202.815
    lifetime: 23.514
    annual_cost: 8.625287063026283
    efficiency: 0.955033
    discharge_ratio: 2
    depth_of_discharge: 0.9
  Pb-acid:
    cost: 235.476
    lifetime: 10.1616
    annual_cost: 23.17312234293812
    efficiency: 0.725351
    discharge_ratio: 5
    depth_of_discharge: 0.5
  VRBF:
    cost: 279.238
    lifetime: 15.1646
    annual_cost: 18.413805837278925
    efficiency: 0.757466
    discharge_ratio: 0.5
    depth_of_discharge: 1.0
