cost_values:
  wind_capex: 5000.0
  wind_opex: 100
  wind_lifetime: 20
  solar_capex: 1000.0
  solar_opex: 10
  solar_lifetime: 20
  carbon_price: 1.0
timeseries_values:
  load_level: 249183.83600752553
  wind_year: 2013
  solar_year: 2011
  price_year: 2023
  carbon_year: 2023
storage_values:
  CAES:
    cost: 32.7417
    lifetime: 25.9759
    annual_cost: 1.260464507485785
    efficiency: 0.593941
    discharge_ratio: 0.1
    depth_of_discharge: 0.4
  Li-ion:
    cost: 234.832
    lifetime: 21.6283
    annual_cost: 10.85762635066094
    efficiency: 0.955342
    discharge_ratio: 2
    depth_of_discharge: 0.9
  Pb-acid:
    cost: 207.923
    lifetime: 11.9121
    annual_cost: 17.454772877998
    efficiency: 0.688548
    discharge_ratio: 5
    depth_of_discharge: 0.5
  VRBF:
    cost: 275.852
    lifetime: 16.301
    annual_cost: 16.92239739893258
    efficiency: 0.758974
    discharge_ratio: 0.5
    depth_of_discharge: 1.0
