cost_values:
  wind_capex: 5000.0
  wind_opex: 100
  wind_lifetime: 20
  solar_capex: 1000.0
  solar_opex: 10
  solar_lifetime: 20
  carbon_price: 1.0
timeseries_values:
  load_level: 249183.83600752553
  wind_year: 2013
  solar_year: 2011
  price_year: 2023
  carbon_year: 2023
storage_values:
  CAES:
    cost: 34.1471
    lifetime: 24.7928
    annual_cost: 1.3772990545642285
    efficiency: 0.595172
    discharge_ratio: 0.1
    depth_of_discharge: 0.4
  Li-ion:
    cost: 226.615
    lifetime: 19.6173
    annual_cost: 11.551793569961209
    efficiency: 0.961885
    discharge_ratio: 2
    depth_of_discharge: 0.9
  Pb-acid:
    cost: 215.97
    lifetime: 10.7275
    annual_cost: 20.13237007690515
    efficiency: 0.700996
    discharge_ratio: 5
    depth_of_discharge: 0.5
  VRBF:
    cost: 266.425
    lifetime: 14.8844
    annual_cost: 17.899613017656073
    efficiency: 0.754889
    discharge_ratio: 0.5
    depth_of_discharge: 1.0
