cost_values:
  wind_capex: 5000.0
  wind_opex: 100
  wind_lifetime: 20
  solar_capex: 1000.0
  solar_opex: 10
  solar_lifetime: 20
  carbon_price: 1.0
timeseries_values:
  load_level: 249183.83600752553
  wind_year: 2013
  solar_year: 2011
  price_year: 2023
  carbon_year: 2023
storage_values:
  CAES:
    cost: 22.8817
    lifetime: 25.6307
    annual_cost: 0.8927458087371783
    efficiency: 0.603087
    discharge_ratio: 0.1
    depth_of_discharge: 0.4
  Li-ion:
    cost: 237.305
    lifetime: 21.6114
    annual_cost: 10.980547303737843
    efficiency: 0.966123
    discharge_ratio: 2
    depth_of_discharge: 0.9
  Pb-acid:
    cost: 215.714
    lifetime: 11.4264
    annual_cost: 18.878561926766086
    efficiency: 0.696632
    discharge_ratio: 5
    depth_of_discharge: 0.5
  VRBF:
    cost: 288.85
    lifetime: 14.1596
    annual_cost: 20.399587558970595
    efficiency: 0.746124
    discharge_ratio: 0.5
    depth_of_discharge: 1.0
