cost_values:
  wind_capex: 5000.0
  wind_opex: 100
  wind_lifetime: 20
  solar_capex: 1000.0
  solar_opex: 10
  solar_lifetime: 20
  carbon_price: 1.0
timeseries_values:
  load_level: 249183.83600752553
  wind_year: 2013
  solar_year: 2011
  price_year: 2023
  carbon_year: 2023
storage_values:
  CAES:
    cost: 24.5824
    lifetime: 25.1056
    annual_cost: 0.9791600280415526
    efficiency: 0.596325
    discharge_ratio: 0.1
    depth_of_discharge: 0.4
  Li-ion:
    cost: 229.733
    lifetime: 20.813
    annual_cost: 11.037957046076972
    efficiency: 0.958781
    discharge_ratio: 2
    depth_of_discharge: 0.9
  Pb-acid:
    cost: 203.609
    lifetime: 12.0956
    annual_cost: 16.833311286748902
    efficiency: 0.695269
    discharge_ratio: 5
    depth_of_discharge: 0.5
  VRBF:
    cost: 287.235
    lifetime: 16.6865
    annual_cost: 17.21361579720133
    efficiency: 0.744216
    discharge_ratio: 0.5
    depth_of_discharge: 1.0
