cost_values:
  wind_capex: 5000.0
  wind_opex: 100
  wind_lifetime: 20
  solar_capex: 1000.0
  solar_opex: 10
  solar_lifetime: 20
  carbon_price: 1.0
timeseries_values:
  load_level: 249183.83600752553
  wind_year: 2013
  solar_year: 2011
  price_year: 2023
  carbon_year: 2023
storage_values:
  CAES:
    cost: 28.1905
    lifetime: 26.2358
    annual_cost: 1.0745050655973898
    efficiency: 0.601106
    discharge_ratio: 0.1
    depth_of_discharge: 0.4
  Li-ion:
    cost: 221.801
    lifetime: 20.6012
    annual_cost: 10.766411665339882
    efficiency: 0.943142
    discharge_ratio: 2
    depth_of_discharge: 0.9
  Pb-acid:
    cost: 223.35
    lifetime: 12.286
    annual_cost: 18.17922839003744
    efficiency: 0.704491
    discharge_ratio: 5
    depth_of_discharge: 0.5
  VRBF:
    cost: 280.083
    lifetime: 16.3029
    annual_cost: 17.179949579522663
    efficiency: 0.734701
    discharge_ratio: 0.5
    depth_of_discharge: 1.0
