cost_values:
  wind_capex: 5000.0
  wind_opex: 100
  wind_lifetime: 20
  solar_capex: 1000.0
  solar_opex: 10
  solar_lifetime: 20
  carbon_price: 1.0
timeseries_values:
  load_level: 249183.83600752553
  wind_year: 2013
  solar_year: 2011
  price_year: 2023
  carbon_year: 2023
storage_values:
  CAES:
    cost: 23.2092
    lifetime: 24.6917
    annual_cost: 0.9399595815597953
    efficiency: 0.593708
    discharge_ratio: 0.1
    depth_of_discharge: 0.4
  Li-ion:
    cost: 223.449
    lifetime: 21.7026
    annual_cost: 10.295955323325316
    efficiency: 0.976678
    discharge_ratio: 2
    depth_of_discharge: 0.9
  Pb-acid:
    cost: 239.613
    lifetime: 10.9261
    annual_cost: 21.93033195742305
    efficiency: 0.691078
    discharge_ratio: 5
    depth_of_discharge: 0.5
  VRBF:
    cost: 349.259
    lifetime: 15.8795
    annual_cost: 21.99433231524922
    efficiency: 0.774834
    discharge_ratio: 0.5
    depth_of_discharge: 1.0
