cost_values:
  wind_capex: 5000.0
  wind_opex: 100
  wind_lifetime: 20
  solar_capex: 1000.0
  solar_opex: 10
  solar_lifetime: 20
  carbon_price: 1.0
timeseries_values:
  load_level: 249183.83600752553
  wind_year: 2013
  solar_year: 2011
  price_year: 2023
  carbon_year: 2023
storage_values:
  CAES:
    cost: 28.5023
    lifetime: 25.5307
    annual_cost: 1.11639320504334
    efficiency: 0.6036
    discharge_ratio: 0.1
    depth_of_discharge: 0.4
  Li-ion:
    cost: 228.703
    lifetime: 22.4585
    annual_cost: 10.183360420330832
    efficiency: 0.961074
    discharge_ratio: 2
    depth_of_discharge: 0.9
  Pb-acid:
    cost: 207.329
    lifetime: 11.5121
    annual_cost: 18.009659401846754
    efficiency: 0.7042
    discharge_ratio: 5
    depth_of_discharge: 0.5
  VRBF:
    cost: 311.989
    lifetime: 15.085
    annual_cost: 20.68206827974809
    efficiency: 0.73678
    discharge_ratio: 0.5
    depth_of_discharge: 1.0
