cost_values:
  wind_capex: 5000.0
  wind_opex: 100
  wind_lifetime: 20
  solar_capex: 1000.0
  solar_opex: 10
  solar_lifetime: 20
  carbon_price: 1.0
timeseries_values:
  load_level: 249183.83600752553
  wind_year: 2013
  solar_year: 2011
  price_year: 2023
  carbon_year: 2023
storage_values:
  CAES:
    cost: 31.0529
    lifetime: 24.825
    annual_cost: 1.250872104733132
    efficiency: 0.59681
    discharge_ratio: 0.1
    depth_of_discharge: 0.4
  Li-ion:
    cost: 227.652
    lifetime: 21.0352
    annual_cost: 10.822430972845515
    efficiency: 0.953377
    discharge_ratio: 2
    depth_of_discharge: 0.9
  Pb-acid:
    cost: 217.54
    lifetime: 11.5794
    annual_cost: 18.78681106102216
    efficiency: 0.69631
    discharge_ratio: 5
    depth_of_discharge: 0.5
  VRBF:
    cost: 271.106
    lifetime: 17.1535
    annual_cost: 15.804704579240386
    efficiency: 0.750339
    discharge_ratio: 0.5
    depth_of_discharge: 1.0
