cost_values:
  wind_capex: 5000.0
  wind_opex: 100
  wind_lifetime: 20
  solar_capex: 1000.0
  solar_opex: 10
  solar_lifetime: 20
  carbon_price: 1.0
timeseries_values:
  load_level: 249183.83600752553
  wind_year: 2013
  solar_year: 2011
  price_year: 2023
  carbon_year: 2023
storage_values:
  CAES:
    cost: 28.1523
    lifetime: 25.6789
    annual_cost: 1.0963203252475768
    efficiency: 0.596687
    discharge_ratio: 0.1
    depth_of_discharge: 0.4
  Li-ion:
    cost: 244.688
    lifetime: 20.8019
    annual_cost: 11.762771669895537
    efficiency: 0.938693
    discharge_ratio: 2
    depth_of_discharge: 0.9
  Pb-acid:
    cost: 232.285
    lifetime: 11.3678
    annual_cost: 20.433593131476623
    efficiency: 0.706399
    discharge_ratio: 5
    depth_of_discharge: 0.5
  VRBF:
    cost: 262.351
    lifetime: 15.7849
    annual_cost: 16.620377702741226
    efficiency: 0.738182
    discharge_ratio: 0.5
    depth_of_discharge: 1.0
