cost_values:
  wind_capex: 5000.0
  wind_opex: 100
  wind_lifetime: 20
  solar_capex: 1000.0
  solar_opex: 10
  solar_lifetime: 20
  carbon_price: 1.0
timeseries_values:
  load_level: 249183.83600752553
  wind_year: 2013
  solar_year: 2011
  price_year: 2023
  carbon_year: 2023
storage_values:
  CAES:
    cost: 29.8796
    lifetime: 23.8035
    annual_cost: 1.2552607809775873
    efficiency: 0.600266
    discharge_ratio: 0.1
    depth_of_discharge: 0.4
  Li-ion:
    cost: 246.306
    lifetime: 21.0828
    annual_cost: 11.68279355683306
    efficiency: 0.950903
    discharge_ratio: 2
    depth_of_discharge: 0.9
  Pb-acid:
    cost: 205.723
    lifetime: 11.6393
    annual_cost: 17.67486017200347
    efficiency: 0.702875
    discharge_ratio: 5
    depth_of_discharge: 0.5
  VRBF:
    cost: 264.05
    lifetime: 15.559
    annual_cost: 16.970885018317375
    efficiency: 0.766108
    discharge_ratio: 0.5
    depth_of_discharge: 1.0
