cost_values:
  wind_capex: 5000.0
  wind_opex: 100
  wind_lifetime: 20
  solar_capex: 1000.0
  solar_opex: 10
  solar_lifetime: 20
  carbon_price: 1.0
timeseries_values:
  load_level: 249183.83600752553
  wind_year: 2013
  solar_year: 2011
  price_year: 2023
  carbon_year: 2023
storage_values:
  CAES:
    cost: 28.0779
    lifetime: 24.987
    annual_cost: 1.1237003241685677
    efficiency: 0.598463
    discharge_ratio: 0.1
    depth_of_discharge: 0.4
  Li-ion:
    cost: 238.75
    lifetime: 20.3631
    annual_cost: 11.724639175764004
    efficiency: 0.940817
    discharge_ratio: 2
    depth_of_discharge: 0.9
  Pb-acid:
    cost: 233.003
    lifetime: 9.85529
    annual_cost: 23.64242959872312
    efficiency: 0.716806
    discharge_ratio: 5
    depth_of_discharge: 0.5
  VRBF:
    cost: 278.136
    lifetime: 15.1091
    annual_cost: 18.40850877947727
    efficiency: 0.759665
    discharge_ratio: 0.5
    depth_of_discharge: 1.0
