cost_values:
  wind_capex: 5000.0
  wind_opex: 100
  wind_lifetime: 20
  solar_capex: 1000.0
  solar_opex: 10
  solar_lifetime: 20
  carbon_price: 1.0
timeseries_values:
  load_level: 249183.83600752553
  wind_year: 2013
  solar_year: 2011
  price_year: 2023
  carbon_year: 2023
storage_values:
  CAES:
    cost: 25.9111
    lifetime: 24.2986
    annual_cost: 1.0663618480077042
    efficiency: 0.598479
    discharge_ratio: 0.1
    depth_of_discharge: 0.4
  Li-ion:
    cost: 226.795
    lifetime: 22.1097
    annual_cost: 10.257714939596648
    efficiency: 0.964826
    discharge_ratio: 2
    depth_of_discharge: 0.9
  Pb-acid:
    cost: 231.173
    lifetime: 12.5233
    annual_cost: 18.459431619461323
    efficiency: 0.702739
    discharge_ratio: 5
    depth_of_discharge: 0.5
  VRBF:
    cost: 271.513
    lifetime: 16.0669
    annual_cost: 16.898903957826338
    efficiency: 0.730675
    discharge_ratio: 0.5
    depth_of_discharge: 1.0
