cost_values:
  wind_capex: 5000.0
  wind_opex: 100
  wind_lifetime: 20
  solar_capex: 1000.0
  solar_opex: 10
  solar_lifetime: 20
  carbon_price: 1.0
timeseries_values:
  load_level: 249183.83600752553
  wind_year: 2013
  solar_year: 2011
  price_year: 2023
  carbon_year: 2023
storage_values:
  CAES:
    cost: 28.1669
    lifetime: 25.5271
    annual_cost: 1.103411668383796
    efficiency: 0.599592
    discharge_ratio: 0.1
    depth_of_discharge: 0.4
  Li-ion:
    cost: 230.526
    lifetime: 20.8385
    annual_cost: 11.062504498884277
    efficiency: 0.962611
    discharge_ratio: 2
    depth_of_discharge: 0.9
  Pb-acid:
    cost: 225.357
    lifetime: 11.6946
    annual_cost: 19.270175978656816
    efficiency: 0.704934
    discharge_ratio: 5
    depth_of_discharge: 0.5
  VRBF:
    cost: 278.213
    lifetime: 15.1852
    annual_cost: 18.321326027974607
    efficiency: 0.744754
    discharge_ratio: 0.5
    depth_of_discharge: 1.0
