cost_values:
  wind_capex: 5000.0
  wind_opex: 100
  wind_lifetime: 20
  solar_capex: 1000.0
  solar_opex: 10
  solar_lifetime: 20
  carbon_price: 1.0
timeseries_values:
  load_level: 249183.83600752553
  wind_year: 2013
  solar_year: 2011
  price_year: 2023
  carbon_year: 2023
storage_values:
  CAES:
    cost: 26.0797
    lifetime: 25.96
    annual_cost: 1.00461093990755
    efficiency: 0.614579
    discharge_ratio: 0.1
    depth_of_discharge: 0.4
  Li-ion:
    cost: 232.735
    lifetime: 22.8418
    annual_cost: 10.188995613305432
    efficiency: 0.972789
    discharge_ratio: 2
    depth_of_discharge: 0.9
  Pb-acid:
    cost: 230.222
    lifetime: 11.7481
    annual_cost: 19.596530502804708
    efficiency: 0.695976
    discharge_ratio: 5
    depth_of_discharge: 0.5
  VRBF:
    cost: 294.836
    lifetime: 16.6466
    annual_cost: 17.7114846274915
    efficiency: 0.753
    discharge_ratio: 0.5
    depth_of_discharge: 1.0
