cost_values:
  wind_capex: 5000.0
  wind_opex: 100
  wind_lifetime: 20
  solar_capex: 1000.0
  solar_opex: 10
  solar_lifetime: 20
  carbon_price: 1.0
timeseries_values:
  load_level: 249183.83600752553
  wind_year: 2013
  solar_year: 2011
  price_year: 2023
  carbon_year: 2023
storage_values:
  CAES:
    cost: 24.5475
    lifetime: 25.6918
    annual_cost: 0.9554604971235958
    efficiency: 0.591979
    discharge_ratio: 0.1
    depth_of_discharge: 0.4
  Li-ion:
    cost: 221.998
    lifetime: 22.09
    annual_cost: 10.049705749207787
    efficiency: 0.964498
    discharge_ratio: 2
    depth_of_discharge: 0.9
  Pb-acid:
    cost: 234.967
    lifetime: 11.9521
    annual_cost: 19.65905573079208
    efficiency: 0.701094
    discharge_ratio: 5
    depth_of_discharge: 0.5
  VRBF:
    cost: 278.851
    lifetime: 15.0615
    annual_cost: 18.514158616339675
    efficiency: 0.774411
    discharge_ratio: 0.5
    depth_of_discharge: 1.0
