cost_values:
  wind_capex: 5000.0
  wind_opex: 100
  wind_lifetime: 20
  solar_capex: 1000.0
  solar_opex: 10
  solar_lifetime: 20
  carbon_price: 1.0
timeseries_values:
  load_level: 249183.83600752553
  wind_year: 2013
  solar_year: 2011
  price_year: 2023
  carbon_year: 2023
storage_values:
  CAES:
    cost: 28.3672
    lifetime: 26.2656
    annual_cost: 1.0800134015594542
    efficiency: 0.598423
    discharge_ratio: 0.1
    depth_of_discharge: 0.4
  Li-ion:
    cost: 210.916
    lifetime: 23.3364
    annual_cost: 9.038069282322894
    efficiency: 0.965145
    discharge_ratio: 2
    depth_of_discharge: 0.9
  Pb-acid:
    cost: 206.263
    lifetime: 10.3937
    annual_cost: 19.84500226098502
    efficiency: 0.696184
    discharge_ratio: 5
    depth_of_discharge: 0.5
  VRBF:
    cost: 267.847
    lifetime: 17.4678
    annual_cost: 15.333756969967595
    efficiency: 0.725476
    discharge_ratio: 0.5
    depth_of_discharge: 1.0
