cost_values:
  wind_capex: 5000.0
  wind_opex: 100
  wind_lifetime: 20
  solar_capex: 1000.0
  solar_opex: 10
  solar_lifetime: 20
  carbon_price: 1.0
timeseries_values:
  load_level: 249183.83600752553
  wind_year: 2013
  solar_year: 2011
  price_year: 2023
  carbon_year: 2023
storage_values:
  CAES:
    cost: 28.7998
    lifetime: 25.3388
    annual_cost: 1.1365889465957346
    efficiency: 0.593336
    discharge_ratio: 0.1
    depth_of_discharge: 0.4
  Li-ion:
    cost: 221.192
    lifetime: 23.1969
    annual_cost: 9.535412059370003
    efficiency: 0.939827
    discharge_ratio: 2
    depth_of_discharge: 0.9
  Pb-acid:
    cost: 214.675
    lifetime: 13.1178
    annual_cost: 16.365167939745994
    efficiency: 0.713883
    discharge_ratio: 5
    depth_of_discharge: 0.5
  VRBF:
    cost: 294.027
    lifetime: 16.003
    annual_cost: 18.373242517028057
    efficiency: 0.769395
    discharge_ratio: 0.5
    depth_of_discharge: 1.0
