cost_values:
  wind_capex: 5000.0
  wind_opex: 100
  wind_lifetime: 20
  solar_capex: 1000.0
  solar_opex: 10
  solar_lifetime: 20
  carbon_price: 1.0
timeseries_values:
  load_level: 249183.83600752553
  wind_year: 2013
  solar_year: 2011
  price_year: 2023
  carbon_year: 2023
storage_values:
  CAES:
    cost: 29.4368
    lifetime: 25.5856
    annual_cost: 1.150522168719905
    efficiency: 0.593725
    discharge_ratio: 0.1
    depth_of_discharge: 0.4
  Li-ion:
    cost: 231.315
    lifetime: 19.2544
    annual_cost: 12.013617666611268
    efficiency: 0.953904
    discharge_ratio: 2
    depth_of_discharge: 0.9
  Pb-acid:
    cost: 217.451
    lifetime: 11.418
    annual_cost: 19.04457873533018
    efficiency: 0.710787
    discharge_ratio: 5
    depth_of_discharge: 0.5
  VRBF:
    cost: 296.357
    lifetime: 16.446
    annual_cost: 18.02000486440472
    efficiency: 0.739468
    discharge_ratio: 0.5
    depth_of_discharge: 1.0
