cost_values:
  wind_capex: 5000.0
  wind_opex: 100
  wind_lifetime: 20
  solar_capex: 1000.0
  solar_opex: 10
  solar_lifetime: 20
  carbon_price: 1.0
timeseries_values:
  load_level: 249183.83600752553
  wind_year: 2013
  solar_year: 2011
  price_year: 2023
  carbon_year: 2023
storage_values:
  CAES:
    cost: 32.6183
    lifetime: 26.2146
    annual_cost: 1.244279905091056
    efficiency: 0.602385
    discharge_ratio: 0.1
    depth_of_discharge: 0.4
  Li-ion:
    cost: 212.533
    lifetime: 21.643
    annual_cost: 9.819941782562491
    efficiency: 0.950273
    discharge_ratio: 2
    depth_of_discharge: 0.9
  Pb-acid:
    cost: 216.951
    lifetime: 12.3878
    annual_cost: 17.513279194045754
    efficiency: 0.70325
    discharge_ratio: 5
    depth_of_discharge: 0.5
  VRBF:
    cost: 283.37
    lifetime: 15.5808
    annual_cost: 18.18712774697063
    efficiency: 0.746878
    discharge_ratio: 0.5
    depth_of_discharge: 1.0
