cost_values:
  wind_capex: 5000.0
  wind_opex: 100
  wind_lifetime: 20
  solar_capex: 1000.0
  solar_opex: 10
  solar_lifetime: 20
  carbon_price: 1.0
timeseries_values:
  load_level: 249183.83600752553
  wind_year: 2013
  solar_year: 2011
  price_year: 2023
  carbon_year: 2023
storage_values:
  CAES:
    cost: 20.6771
    lifetime: 24.6801
    annual_cost: 0.837804546983197
    efficiency: 0.606144
    discharge_ratio: 0.1
    depth_of_discharge: 0.4
  Li-ion:
    cost: 222.644
    lifetime: 20.8555
    annual_cost: 10.67555321138309
    efficiency: 0.948453
    discharge_ratio: 2
    depth_of_discharge: 0.9
  Pb-acid:
    cost: 217.442
    lifetime: 11.0499
    annual_cost: 19.678187132915234
    efficiency: 0.705018
    discharge_ratio: 5
    depth_of_discharge: 0.5
  VRBF:
    cost: 296.422
    lifetime: 13.0674
    annual_cost: 22.684084056507036
    efficiency: 0.747486
    discharge_ratio: 0.5
    depth_of_discharge: 1.0
