cost_values:
  wind_capex: 5000.0
  wind_opex: 100
  wind_lifetime: 20
  solar_capex: 1000.0
  solar_opex: 10
  solar_lifetime: 20
  carbon_price: 1.0
timeseries_values:
  load_level: 249183.83600752553
  wind_year: 2013
  solar_year: 2011
  price_year: 2023
  carbon_year: 2023
storage_values:
  CAES:
    cost: 29.7727
    lifetime: 25.6873
    annual_cost: 1.1590435740618905
    efficiency: 0.610802
    discharge_ratio: 0.1
    depth_of_discharge: 0.4
  Li-ion:
    cost: 236.855
    lifetime: 17.9309
    annual_cost: 13.20932022374783
    efficiency: 0.955938
    discharge_ratio: 2
    depth_of_discharge: 0.9
  Pb-acid:
    cost: 211.828
    lifetime: 13.8188
    annual_cost: 15.328972124931253
    efficiency: 0.69816
    discharge_ratio: 5
    depth_of_discharge: 0.5
  VRBF:
    cost: 293.374
    lifetime: 14.7545
    annual_cost: 19.883696499373073
    efficiency: 0.763194
    discharge_ratio: 0.5
    depth_of_discharge: 1.0
