cost_values:
  wind_capex: 5000.0
  wind_opex: 100
  wind_lifetime: 20
  solar_capex: 1000.0
  solar_opex: 10
  solar_lifetime: 20
  carbon_price: 1.0
timeseries_values:
  load_level: 249183.83600752553
  wind_year: 2013
  solar_year: 2011
  price_year: 2023
  carbon_year: 2023
storage_values:
  CAES:
    cost: 25.0022
    lifetime: 25.3254
    annual_cost: 0.9872381087761694
    efficiency: 0.603466
    discharge_ratio: 0.1
    depth_of_discharge: 0.4
  Li-ion:
    cost: 224.231
    lifetime: 21.5412
    annual_cost: 10.409401518949734
    efficiency: 0.973
    discharge_ratio: 2
    depth_of_discharge: 0.9
  Pb-acid:
    cost: 226.74
    lifetime: 9.92682
    annual_cost: 22.841151547021102
    efficiency: 0.712324
    discharge_ratio: 5
    depth_of_discharge: 0.5
  VRBF:
    cost: 280.429
    lifetime: 16.6789
    annual_cost: 16.81339896515957
    efficiency: 0.746314
    discharge_ratio: 0.5
    depth_of_discharge: 1.0
