cost_values:
  wind_capex: 5000.0
  wind_opex: 100
  wind_lifetime: 20
  solar_capex: 1000.0
  solar_opex: 10
  solar_lifetime: 20
  carbon_price: 1.0
timeseries_values:
  load_level: 249183.83600752553
  wind_year: 2013
  solar_year: 2011
  price_year: 2023
  carbon_year: 2023
storage_values:
  CAES:
    cost: 25.5938
    lifetime: 24.6042
    annual_cost: 1.0402207753147839
    efficiency: 0.598376
    discharge_ratio: 0.1
    depth_of_discharge: 0.4
  Li-ion:
    cost: 210.348
    lifetime: 22.0769
    annual_cost: 9.527968147701898
    efficiency: 0.953377
    discharge_ratio: 2
    depth_of_discharge: 0.9
  Pb-acid:
    cost: 221.433
    lifetime: 11.2853
    annual_cost: 19.621365847607063
    efficiency: 0.716136
    discharge_ratio: 5
    depth_of_discharge: 0.5
  VRBF:
    cost: 290.726
    lifetime: 13.8737
    annual_cost: 20.955188594246668
    efficiency: 0.773851
    discharge_ratio: 0.5
    depth_of_discharge: 1.0
