cost_values:
  wind_capex: 5000.0
  wind_opex: 100
  wind_lifetime: 20
  solar_capex: 1000.0
  solar_opex: 10
  solar_lifetime: 20
  carbon_price: 1.0
timeseries_values:
  load_level: 249183.83600752553
  wind_year: 2013
  solar_year: 2011
  price_year: 2023
  carbon_year: 2023
storage_values:
  CAES:
    cost: 24.3026
    lifetime: 25.2686
    annual_cost: 0.9617707352207879
    efficiency: 0.586603
    discharge_ratio: 0.1
    depth_of_discharge: 0.4
  Li-ion:
    cost: 239.711
    lifetime: 20.1613
    annual_cost: 11.889659892963252
    efficiency: 0.966383
    discharge_ratio: 2
    depth_of_discharge: 0.9
  Pb-acid:
    cost: 206.403
    lifetime: 11.9204
    annual_cost: 17.315106875608198
    efficiency: 0.69754
    discharge_ratio: 5
    depth_of_discharge: 0.5
  VRBF:
    cost: 282.175
    lifetime: 15.8522
    annual_cost: 17.80036840312386
    efficiency: 0.763214
    discharge_ratio: 0.5
    depth_of_discharge: 1.0
