cost_values:
  wind_capex: 5000.0
  wind_opex: 100
  wind_lifetime: 20
  solar_capex: 1000.0
  solar_opex: 10
  solar_lifetime: 20
  carbon_price: 1.0
timeseries_values:
  load_level: 249183.83600752553
  wind_year: 2013
  solar_year: 2011
  price_year: 2023
  carbon_year: 2023
storage_values:
  CAES:
    cost: 21.7402
    lifetime: 25.049
    annual_cost: 0.8679069024711566
    efficiency: 0.599531
    discharge_ratio: 0.1
    depth_of_discharge: 0.4
  Li-ion:
    cost: 240.692
    lifetime: 21.7121
    annual_cost: 11.0856158547538
    efficiency: 0.951768
    discharge_ratio: 2
    depth_of_discharge: 0.9
  Pb-acid:
    cost: 224.438
    lifetime: 12.0132
    annual_cost: 18.68261578929844
    efficiency: 0.699801
    discharge_ratio: 5
    depth_of_discharge: 0.5
  VRBF:
    cost: 276.676
    lifetime: 17.3577
    annual_cost: 15.939669426248868
    efficiency: 0.746086
    discharge_ratio: 0.5
    depth_of_discharge: 1.0
