cost_values:
  wind_capex: 5000.0
  wind_opex: 100
  wind_lifetime: 20
  solar_capex: 1000.0
  solar_opex: 10
  solar_lifetime: 20
  carbon_price: 1.0
timeseries_values:
  load_level: 249183.83600752553
  wind_year: 2013
  solar_year: 2011
  price_year: 2023
  carbon_year: 2023
storage_values:
  CAES:
    cost: 20.816
    lifetime: 25.0801
    annual_cost: 0.8299807417035816
    efficiency: 0.59942
    discharge_ratio: 0.1
    depth_of_discharge: 0.4
  Li-ion:
    cost: 225.612
    lifetime: 20.8288
    annual_cost: 10.831732985097556
    efficiency: 0.963458
    discharge_ratio: 2
    depth_of_discharge: 0.9
  Pb-acid:
    cost: 205.588
    lifetime: 11.5149
    annual_cost: 17.854084707639664
    efficiency: 0.712535
    discharge_ratio: 5
    depth_of_discharge: 0.5
  VRBF:
    cost: 285.87
    lifetime: 14.4177
    annual_cost: 19.82771177094821
    efficiency: 0.737674
    discharge_ratio: 0.5
    depth_of_discharge: 1.0
