cost_values:
  wind_capex: 5000.0
  wind_opex: 100
  wind_lifetime: 20
  solar_capex: 1000.0
  solar_opex: 10
  solar_lifetime: 20
  carbon_price: 1.0
timeseries_values:
  load_level: 249183.83600752553
  wind_year: 2013
  solar_year: 2011
  price_year: 2023
  carbon_year: 2023
storage_values:
  CAES:
    cost: 22.4153
    lifetime: 25.3919
    annual_cost: 0.8827736404128875
    efficiency: 0.60699
    discharge_ratio: 0.1
    depth_of_discharge: 0.4
  Li-ion:
    cost: 220.9
    lifetime: 23.2961
    annual_cost: 9.482273856997523
    efficiency: 0.944801
    discharge_ratio: 2
    depth_of_discharge: 0.9
  Pb-acid:
    cost: 234.849
    lifetime: 11.3824
    annual_cost: 20.632643379252176
    efficiency: 0.712943
    discharge_ratio: 5
    depth_of_discharge: 0.5
  VRBF:
    cost: 284.861
    lifetime: 17.5302
    annual_cost: 16.249729039029788
    efficiency: 0.765463
    discharge_ratio: 0.5
    depth_of_discharge: 1.0
