cost_values:
  wind_capex: 5000.0
  wind_opex: 100
  wind_lifetime: 20
  solar_capex: 1000.0
  solar_opex: 10
  solar_lifetime: 20
  carbon_price: 1.0
timeseries_values:
  load_level: 249183.83600752553
  wind_year: 2013
  solar_year: 2011
  price_year: 2023
  carbon_year: 2023
storage_values:
  CAES:
    cost: 25.4437
    lifetime: 24.7887
    annual_cost: 1.0264233299850336
    efficiency: 0.598947
    discharge_ratio: 0.1
    depth_of_discharge: 0.4
  Li-ion:
    cost: 228.24
    lifetime: 20.2207
    annual_cost: 11.287443065769237
    efficiency: 0.952204
    discharge_ratio: 2
    depth_of_discharge: 0.9
  Pb-acid:
    cost: 214.555
    lifetime: 12.1358
    annual_cost: 17.67951020946291
    efficiency: 0.690065
    discharge_ratio: 5
    depth_of_discharge: 0.5
  VRBF:
    cost: 261.181
    lifetime: 15.3409
    annual_cost: 17.025141940824852
    efficiency: 0.751525
    discharge_ratio: 0.5
    depth_of_discharge: 1.0
