cost_values:
  wind_capex: 5000.0
  wind_opex: 100
  wind_lifetime: 20
  solar_capex: 1000.0
  solar_opex: 10
  solar_lifetime: 20
  carbon_price: 1.0
timeseries_values:
  load_level: 249183.83600752553
  wind_year: 2013
  solar_year: 2011
  price_year: 2023
  carbon_year: 2023
storage_values:
  CAES:
    cost: 28.9359
    lifetime: 26.6648
    annual_cost: 1.085172212054844
    efficiency: 0.596995
    discharge_ratio: 0.1
    depth_of_discharge: 0.4
  Li-ion:
    cost: 202.908
    lifetime: 22.6596
    annual_cost: 8.954615262405337
    efficiency: 0.969411
    discharge_ratio: 2
    depth_of_discharge: 0.9
  Pb-acid:
    cost: 221.094
    lifetime: 11.3896
    annual_cost: 19.411919645992835
    efficiency: 0.700842
    discharge_ratio: 5
    depth_of_discharge: 0.5
  VRBF:
    cost: 287.45
    lifetime: 15.2433
    annual_cost: 18.85746524702656
    efficiency: 0.754689
    discharge_ratio: 0.5
    depth_of_discharge: 1.0
