cost_values:
  wind_capex: 5000.0
  wind_opex: 100
  wind_lifetime: 20
  solar_capex: 1000.0
  solar_opex: 10
  solar_lifetime: 20
  carbon_price: 1.0
timeseries_values:
  load_level: 249183.83600752553
  wind_year: 2013
  solar_year: 2011
  price_year: 2023
  carbon_year: 2023
storage_values:
  CAES:
    cost: 29.2361
    lifetime: 24.2351
    annual_cost: 1.2063535945797625
    efficiency: 0.601843
    discharge_ratio: 0.1
    depth_of_discharge: 0.4
  Li-ion:
    cost: 224.673
    lifetime: 21.1396
    annual_cost: 10.628062971863232
    efficiency: 0.956247
    discharge_ratio: 2
    depth_of_discharge: 0.9
  Pb-acid:
    cost: 240.247
    lifetime: 11.4819
    annual_cost: 20.923975997003982
    efficiency: 0.715501
    discharge_ratio: 5
    depth_of_discharge: 0.5
  VRBF:
    cost: 276.441
    lifetime: 17.1866
    annual_cost: 16.08468225245249
    efficiency: 0.76351
    discharge_ratio: 0.5
    depth_of_discharge: 1.0
