cost_values:
  wind_capex: 5000.0
  wind_opex: 100
  wind_lifetime: 20
  solar_capex: 1000.0
  solar_opex: 10
  solar_lifetime: 20
  carbon_price: 1.0
timeseries_values:
  load_level: 249183.83600752553
  wind_year: 2013
  solar_year: 2011
  price_year: 2023
  carbon_year: 2023
storage_values:
  CAES:
    cost: 26.9771
    lifetime: 25.8131
    annual_cost: 1.0450933828172517
    efficiency: 0.599863
    discharge_ratio: 0.1
    depth_of_discharge: 0.4
  Li-ion:
    cost: 221.184
    lifetime: 20.0014
    annual_cost: 11.058425910186287
    efficiency: 0.963411
    discharge_ratio: 2
    depth_of_discharge: 0.9
  Pb-acid:
    cost: 212.251
    lifetime: 12.0184
    annual_cost: 17.660503894029155
    efficiency: 0.705819
    discharge_ratio: 5
    depth_of_discharge: 0.5
  VRBF:
    cost: 316.921
    lifetime: 17.7993
    annual_cost: 17.80525076828864
    efficiency: 0.755047
    discharge_ratio: 0.5
    depth_of_discharge: 1.0
