cost_values:
  wind_capex: 5000.0
  wind_opex: 100
  wind_lifetime: 20
  solar_capex: 1000.0
  solar_opex: 10
  solar_lifetime: 20
  carbon_price: 1.0
timeseries_values:
  load_level: 249183.83600752553
  wind_year: 2013
  solar_year: 2011
  price_year: 2023
  carbon_year: 2023
storage_values:
  CAES:
    cost: 32.2773
    lifetime: 24.986
    annual_cost: 1.2918154166333145
    efficiency: 0.60001
    discharge_ratio: 0.1
    depth_of_discharge: 0.4
  Li-ion:
    cost: 225.845
    lifetime: 23.1549
    annual_cost: 9.7536590527275
    efficiency: 0.96521
    discharge_ratio: 2
    depth_of_discharge: 0.9
  Pb-acid:
    cost: 224.422
    lifetime: 12.0205
    annual_cost: 18.66993885445697
    efficiency: 0.706861
    discharge_ratio: 5
    depth_of_discharge: 0.5
  VRBF:
    cost: 296.54
    lifetime: 14.8709
    annual_cost: 19.94095851629693
    efficiency: 0.745719
    discharge_ratio: 0.5
    depth_of_discharge: 1.0
