cost_values:
  wind_capex: 5000.0
  wind_opex: 100
  wind_lifetime: 20
  solar_capex: 1000.0
  solar_opex: 10
  solar_lifetime: 20
  carbon_price: 1.0
timeseries_values:
  load_level: 249183.83600752553
  wind_year: 2013
  solar_year: 2011
  price_year: 2023
  carbon_year: 2023
storage_values:
  CAES:
    cost: 22.9558
    lifetime: 25.3996
    annual_cost: 0.9037858863919117
    efficiency: 0.599873
    discharge_ratio: 0.1
    depth_of_discharge: 0.4
  Li-ion:
    cost: 227.297
    lifetime: 19.5586
    annual_cost: 11.621332815232174
    efficiency: 0.958255
    discharge_ratio: 2
    depth_of_discharge: 0.9
  Pb-acid:
    cost: 241.52
    lifetime: 12.0763
    annual_cost: 19.999503159080184
    efficiency: 0.713995
    discharge_ratio: 5
    depth_of_discharge: 0.5
  VRBF:
    cost: 289.444
    lifetime: 16.5424
    annual_cost: 17.497098365412516
    efficiency: 0.745123
    discharge_ratio: 0.5
    depth_of_discharge: 1.0
