cost_values:
  wind_capex: 5000.0
  wind_opex: 100
  wind_lifetime: 20
  solar_capex: 1000.0
  solar_opex: 10
  solar_lifetime: 20
  carbon_price: 1.0
timeseries_values:
  load_level: 249183.83600752553
  wind_year: 2013
  solar_year: 2011
  price_year: 2023
  carbon_year: 2023
storage_values:
  CAES:
    cost: 32.1406
    lifetime: 26.1372
    annual_cost: 1.2296879543332875
    efficiency: 0.599634
    discharge_ratio: 0.1
    depth_of_discharge: 0.4
  Li-ion:
    cost: 233.582
    lifetime: 21.5036
    annual_cost: 10.862460239215759
    efficiency: 0.960093
    discharge_ratio: 2
    depth_of_discharge: 0.9
  Pb-acid:
    cost: 207.667
    lifetime: 9.23304
    annual_cost: 22.491725368892585
    efficiency: 0.705535
    discharge_ratio: 5
    depth_of_discharge: 0.5
  VRBF:
    cost: 275.095
    lifetime: 15.3675
    annual_cost: 17.901089962583377
    efficiency: 0.75738
    discharge_ratio: 0.5
    depth_of_discharge: 1.0
