cost_values:
  wind_capex: 5000.0
  wind_opex: 100
  wind_lifetime: 20
  solar_capex: 1000.0
  solar_opex: 10
  solar_lifetime: 20
  carbon_price: 1.0
timeseries_values:
  load_level: 249183.83600752553
  wind_year: 2013
  solar_year: 2011
  price_year: 2023
  carbon_year: 2023
storage_values:
  CAES:
    cost: 21.4838
    lifetime: 25.2738
    annual_cost: 0.8500423363324865
    efficiency: 0.591914
    discharge_ratio: 0.1
    depth_of_discharge: 0.4
  Li-ion:
    cost: 225.651
    lifetime: 20.3382
    annual_cost: 11.094934654984216
    efficiency: 0.942851
    discharge_ratio: 2
    depth_of_discharge: 0.9
  Pb-acid:
    cost: 226.836
    lifetime: 12.5723
    annual_cost: 18.04252205244864
    efficiency: 0.719524
    discharge_ratio: 5
    depth_of_discharge: 0.5
  VRBF:
    cost: 286.736
    lifetime: 15.0757
    annual_cost: 19.019747010089084
    efficiency: 0.763969
    discharge_ratio: 0.5
    depth_of_discharge: 1.0
