cost_values:
  wind_capex: 5000.0
  wind_opex: 100
  wind_lifetime: 20
  solar_capex: 1000.0
  solar_opex: 10
  solar_lifetime: 20
  carbon_price: 1.0
timeseries_values:
  load_level: 249183.83600752553
  wind_year: 2013
  solar_year: 2011
  price_year: 2023
  carbon_year: 2023
storage_values:
  CAES:
    cost: 23.9176
    lifetime: 25.4503
    annual_cost: 0.9397767413350727
    efficiency: 0.601323
    discharge_ratio: 0.1
    depth_of_discharge: 0.4
  Li-ion:
    cost: 220.168
    lifetime: 21.809
    annual_cost: 10.095281764409188
    efficiency: 0.948937
    discharge_ratio: 2
    depth_of_discharge: 0.9
  Pb-acid:
    cost: 244.544
    lifetime: 12.2092
    annual_cost: 20.029485961406156
    efficiency: 0.714278
    discharge_ratio: 5
    depth_of_discharge: 0.5
  VRBF:
    cost: 276.301
    lifetime: 14.2198
    annual_cost: 19.430723357571836
    efficiency: 0.770163
    discharge_ratio: 0.5
    depth_of_discharge: 1.0
