cost_values:
  wind_capex: 5000.0
  wind_opex: 100
  wind_lifetime: 20
  solar_capex: 1000.0
  solar_opex: 10
  solar_lifetime: 20
  carbon_price: 1.0
timeseries_values:
  load_level: 249183.83600752553
  wind_year: 2013
  solar_year: 2011
  price_year: 2023
  carbon_year: 2023
storage_values:
  CAES:
    cost: 23.1118
    lifetime: 25.4914
    annual_cost: 0.9066508704896553
    efficiency: 0.600548
    discharge_ratio: 0.1
    depth_of_discharge: 0.4
  Li-ion:
    cost: 244.44
    lifetime: 22.0997
    annual_cost: 11.060783630547022
    efficiency: 0.979363
    discharge_ratio: 2
    depth_of_discharge: 0.9
  Pb-acid:
    cost: 223.129
    lifetime: 10.9435
    annual_cost: 20.389180792251107
    efficiency: 0.7203
    discharge_ratio: 5
    depth_of_discharge: 0.5
  VRBF:
    cost: 236.102
    lifetime: 13.7466
    annual_cost: 17.17530152910538
    efficiency: 0.765945
    discharge_ratio: 0.5
    depth_of_discharge: 1.0
