cost_values:
  wind_capex: 5000.0
  wind_opex: 100
  wind_lifetime: 20
  solar_capex: 1000.0
  solar_opex: 10
  solar_lifetime: 20
  carbon_price: 1.0
timeseries_values:
  load_level: 249183.83600752553
  wind_year: 2013
  solar_year: 2011
  price_year: 2023
  carbon_year: 2023
storage_values:
  CAES:
    cost: 30.2531
    lifetime: 25.3672
    annual_cost: 1.192606988552146
    efficiency: 0.607634
    discharge_ratio: 0.1
    depth_of_discharge: 0.4
  Li-ion:
    cost: 215.998
    lifetime: 20.0793
    annual_cost: 10.757247513608542
    efficiency: 0.966684
    discharge_ratio: 2
    depth_of_discharge: 0.9
  Pb-acid:
    cost: 232.101
    lifetime: 13.4473
    annual_cost: 17.260044767351065
    efficiency: 0.717623
    discharge_ratio: 5
    depth_of_discharge: 0.5
  VRBF:
    cost: 271.941
    lifetime: 15.3021
    annual_cost: 17.77148234556041
    efficiency: 0.746349
    discharge_ratio: 0.5
    depth_of_discharge: 1.0
