cost_values:
  wind_capex: 5000.0
  wind_opex: 100
  wind_lifetime: 20
  solar_capex: 1000.0
  solar_opex: 10
  solar_lifetime: 20
  carbon_price: 1.0
timeseries_values:
  load_level: 249183.83600752553
  wind_year: 2013
  solar_year: 2011
  price_year: 2023
  carbon_year: 2023
storage_values:
  CAES:
    cost: 29.5814
    lifetime: 25.6799
    annual_cost: 1.1519281617140253
    efficiency: 0.60258
    discharge_ratio: 0.1
    depth_of_discharge: 0.4
  Li-ion:
    cost: 219.438
    lifetime: 21.2436
    annual_cost: 10.329605151669208
    efficiency: 0.965941
    discharge_ratio: 2
    depth_of_discharge: 0.9
  Pb-acid:
    cost: 222.796
    lifetime: 12.0408
    annual_cost: 18.503421699554846
    efficiency: 0.713228
    discharge_ratio: 5
    depth_of_discharge: 0.5
  VRBF:
    cost: 323.697
    lifetime: 14.9088
    annual_cost: 21.71180779137154
    efficiency: 0.767879
    discharge_ratio: 0.5
    depth_of_discharge: 1.0
