cost_values:
  wind_capex: 5000.0
  wind_opex: 100
  wind_lifetime: 20
  solar_capex: 1000.0
  solar_opex: 10
  solar_lifetime: 20
  carbon_price: 1.0
timeseries_values:
  load_level: 249183.83600752553
  wind_year: 2013
  solar_year: 2011
  price_year: 2023
  carbon_year: 2023
storage_values:
  CAES:
    cost: 27.1926
    lifetime: 26.2867
    annual_cost: 1.0344622946204733
    efficiency: 0.601135
    discharge_ratio: 0.1
    depth_of_discharge: 0.4
  Li-ion:
    cost: 244.404
    lifetime: 21.0069
    annual_cost: 11.634462962169572
    efficiency: 0.948386
    discharge_ratio: 2
    depth_of_discharge: 0.9
  Pb-acid:
    cost: 233.512
    lifetime: 11.9875
    annual_cost: 19.479624608967672
    efficiency: 0.714037
    discharge_ratio: 5
    depth_of_discharge: 0.5
  VRBF:
    cost: 306.943
    lifetime: 14.9896
    annual_cost: 20.477064097774456
    efficiency: 0.751041
    discharge_ratio: 0.5
    depth_of_discharge: 1.0
