cost_values:
  wind_capex: 5000.0
  wind_opex: 100
  wind_lifetime: 20
  solar_capex: 1000.0
  solar_opex: 10
  solar_lifetime: 20
  carbon_price: 1.0
timeseries_values:
  load_level: 249183.83600752553
  wind_year: 2013
  solar_year: 2011
  price_year: 2023
  carbon_year: 2023
storage_values:
  CAES:
    cost: 31.7375
    lifetime: 26.2646
    annual_cost: 1.2083755320850118
    efficiency: 0.599513
    discharge_ratio: 0.1
    depth_of_discharge: 0.4
  Li-ion:
    cost: 222.562
    lifetime: 18.5367
    annual_cost: 12.006559959431831
    efficiency: 0.95873
    discharge_ratio: 2
    depth_of_discharge: 0.9
  Pb-acid:
    cost: 237.77
    lifetime: 11.4413
    annual_cost: 20.78172934893762
    efficiency: 0.697735
    discharge_ratio: 5
    depth_of_discharge: 0.5
  VRBF:
    cost: 264.866
    lifetime: 14.8588
    annual_cost: 17.825530998465553
    efficiency: 0.754617
    discharge_ratio: 0.5
    depth_of_discharge: 1.0
