cost_values:
  wind_capex: 5000.0
  wind_opex: 100
  wind_lifetime: 20
  solar_capex: 1000.0
  solar_opex: 10
  solar_lifetime: 20
  carbon_price: 1.0
timeseries_values:
  load_level: 249183.83600752553
  wind_year: 2013
  solar_year: 2011
  price_year: 2023
  carbon_year: 2023
storage_values:
  CAES:
    cost: 29.4042
    lifetime: 25.0973
    annual_cost: 1.1716081012698576
    efficiency: 0.612123
    discharge_ratio: 0.1
    depth_of_discharge: 0.4
  Li-ion:
    cost: 214.404
    lifetime: 22.2522
    annual_cost: 9.635182139294093
    efficiency: 0.96482
    discharge_ratio: 2
    depth_of_discharge: 0.9
  Pb-acid:
    cost: 229.362
    lifetime: 12.0979
    annual_cost: 18.958827565114607
    efficiency: 0.707245
    discharge_ratio: 5
    depth_of_discharge: 0.5
  VRBF:
    cost: 281.334
    lifetime: 15.8888
    annual_cost: 17.706434721313126
    efficiency: 0.729721
    discharge_ratio: 0.5
    depth_of_discharge: 1.0
