cost_values:
  wind_capex: 5000.0
  wind_opex: 100
  wind_lifetime: 20
  solar_capex: 1000.0
  solar_opex: 10
  solar_lifetime: 20
  carbon_price: 1.0
timeseries_values:
  load_level: 249183.83600752553
  wind_year: 2013
  solar_year: 2011
  price_year: 2023
  carbon_year: 2023
storage_values:
  CAES:
    cost: 24.0003
    lifetime: 23.8254
    annual_cost: 1.0073409050844897
    efficiency: 0.593211
    discharge_ratio: 0.1
    depth_of_discharge: 0.4
  Li-ion:
    cost: 227.628
    lifetime: 21.1497
    annual_cost: 10.762705853983745
    efficiency: 0.960349
    discharge_ratio: 2
    depth_of_discharge: 0.9
  Pb-acid:
    cost: 239.398
    lifetime: 10.8205
    annual_cost: 22.1244859294857
    efficiency: 0.720724
    discharge_ratio: 5
    depth_of_discharge: 0.5
  VRBF:
    cost: 262.607
    lifetime: 15.8283
    annual_cost: 16.590979448203534
    efficiency: 0.776093
    discharge_ratio: 0.5
    depth_of_discharge: 1.0
