cost_values:
  wind_capex: 5000.0
  wind_opex: 100
  wind_lifetime: 20
  solar_capex: 1000.0
  solar_opex: 10
  solar_lifetime: 20
  carbon_price: 1.0
timeseries_values:
  load_level: 249183.83600752553
  wind_year: 2013
  solar_year: 2011
  price_year: 2023
  carbon_year: 2023
storage_values:
  CAES:
    cost: 23.4639
    lifetime: 25.7815
    annual_cost: 0.9101060838197932
    efficiency: 0.597126
    discharge_ratio: 0.1
    depth_of_discharge: 0.4
  Li-ion:
    cost: 230.133
    lifetime: 21.0379
    annual_cost: 10.93897204568897
    efficiency: 0.964885
    discharge_ratio: 2
    depth_of_discharge: 0.9
  Pb-acid:
    cost: 213.103
    lifetime: 10.1611
    annual_cost: 20.972434086860677
    efficiency: 0.708256
    discharge_ratio: 5
    depth_of_discharge: 0.5
  VRBF:
    cost: 292.455
    lifetime: 15.5113
    annual_cost: 18.85431910929451
    efficiency: 0.767807
    discharge_ratio: 0.5
    depth_of_discharge: 1.0
