cost_values:
  wind_capex: 5000.0
  wind_opex: 100
  wind_lifetime: 20
  solar_capex: 1000.0
  solar_opex: 10
  solar_lifetime: 20
  carbon_price: 1.0
timeseries_values:
  load_level: 249183.83600752553
  wind_year: 2013
  solar_year: 2011
  price_year: 2023
  carbon_year: 2023
storage_values:
  CAES:
    cost: 30.2117
    lifetime: 26.4296
    annual_cost: 1.1431009171534945
    efficiency: 0.598802
    discharge_ratio: 0.1
    depth_of_discharge: 0.4
  Li-ion:
    cost: 225.068
    lifetime: 22.8551
    annual_cost: 9.847605129708468
    efficiency: 0.962096
    discharge_ratio: 2
    depth_of_discharge: 0.9
  Pb-acid:
    cost: 226.693
    lifetime: 12.726
    annual_cost: 17.813374194562314
    efficiency: 0.683573
    discharge_ratio: 5
    depth_of_discharge: 0.5
  VRBF:
    cost: 288.174
    lifetime: 14.9353
    annual_cost: 19.294825011884594
    efficiency: 0.767109
    discharge_ratio: 0.5
    depth_of_discharge: 1.0
