cost_values:
  wind_capex: 5000.0
  wind_opex: 100
  wind_lifetime: 20
  solar_capex: 1000.0
  solar_opex: 10
  solar_lifetime: 20
  carbon_price: 1.0
timeseries_values:
  load_level: 249183.83600752553
  wind_year: 2013
  solar_year: 2011
  price_year: 2023
  carbon_year: 2023
storage_values:
  CAES:
    cost: 30.3716
    lifetime: 25.6937
    annual_cost: 1.1820640857486466
    efficiency: 0.595773
    discharge_ratio: 0.1
    depth_of_discharge: 0.4
  Li-ion:
    cost: 240.442
    lifetime: 21.7833
    annual_cost: 11.037905184246648
    efficiency: 0.974387
    discharge_ratio: 2
    depth_of_discharge: 0.9
  Pb-acid:
    cost: 219.609
    lifetime: 13.5701
    annual_cost: 16.183300049373255
    efficiency: 0.707711
    discharge_ratio: 5
    depth_of_discharge: 0.5
  VRBF:
    cost: 302.745
    lifetime: 16.1803
    annual_cost: 18.710716117748127
    efficiency: 0.748261
    discharge_ratio: 0.5
    depth_of_discharge: 1.0
