cost_values:
  wind_capex: 5000.0
  wind_opex: 100
  wind_lifetime: 20
  solar_capex: 1000.0
  solar_opex: 10
  solar_lifetime: 20
  carbon_price: 1.0
timeseries_values:
  load_level: 249183.83600752553
  wind_year: 2013
  solar_year: 2011
  price_year: 2023
  carbon_year: 2023
storage_values:
  CAES:
    cost: 30.7427
    lifetime: 25.994
    annual_cost: 1.1826844656459183
    efficiency: 0.593759
    discharge_ratio: 0.1
    depth_of_discharge: 0.4
  Li-ion:
    cost: 219.354
    lifetime: 23.172
    annual_cost: 9.466338684619368
    efficiency: 0.9649
    discharge_ratio: 2
    depth_of_discharge: 0.9
  Pb-acid:
    cost: 233.901
    lifetime: 11.2994
    annual_cost: 20.70030267093828
    efficiency: 0.720248
    discharge_ratio: 5
    depth_of_discharge: 0.5
  VRBF:
    cost: 273.761
    lifetime: 17.1873
    annual_cost: 15.928098072413935
    efficiency: 0.764738
    discharge_ratio: 0.5
    depth_of_discharge: 1.0
