cost_values:
  wind_capex: 5000.0
  wind_opex: 100
  wind_lifetime: 20
  solar_capex: 1000.0
  solar_opex: 10
  solar_lifetime: 20
  carbon_price: 1.0
timeseries_values:
  load_level: 249183.83600752553
  wind_year: 2013
  solar_year: 2011
  price_year: 2023
  carbon_year: 2023
storage_values:
  CAES:
    cost: 32.8756
    lifetime: 26.0275
    annual_cost: 1.2631101719335318
    efficiency: 0.606693
    discharge_ratio: 0.1
    depth_of_discharge: 0.4
  Li-ion:
    cost: 218.425
    lifetime: 19.9461
    annual_cost: 10.950762304410386
    efficiency: 0.954632
    discharge_ratio: 2
    depth_of_discharge: 0.9
  Pb-acid:
    cost: 207.07
    lifetime: 10.773
    annual_cost: 19.221201151025713
    efficiency: 0.720447
    discharge_ratio: 5
    depth_of_discharge: 0.5
  VRBF:
    cost: 310.323
    lifetime: 15.5797
    annual_cost: 19.91841948176152
    efficiency: 0.773508
    discharge_ratio: 0.5
    depth_of_discharge: 1.0
