cost_values:
  wind_capex: 5000.0
  wind_opex: 100
  wind_lifetime: 20
  solar_capex: 1000.0
  solar_opex: 10
  solar_lifetime: 20
  carbon_price: 1.0
timeseries_values:
  load_level: 249183.83600752553
  wind_year: 2013
  solar_year: 2011
  price_year: 2023
  carbon_year: 2023
storage_values:
  CAES:
    cost: 31.5771
    lifetime: 24.9735
    annual_cost: 1.264424289747132
    efficiency: 0.599469
    discharge_ratio: 0.1
    depth_of_discharge: 0.4
  Li-ion:
    cost: 247.963
    lifetime: 21.4567
    annual_cost: 11.5564369171401
    efficiency: 0.965452
    discharge_ratio: 2
    depth_of_discharge: 0.9
  Pb-acid:
    cost: 220.72
    lifetime: 11.4093
    annual_cost: 19.345621554346017
    efficiency: 0.700744
    discharge_ratio: 5
    depth_of_discharge: 0.5
  VRBF:
    cost: 319.474
    lifetime: 13.5897
    annual_cost: 23.508539555692913
    efficiency: 0.765274
    discharge_ratio: 0.5
    depth_of_discharge: 1.0
