cost_values:
  wind_capex: 5000.0
  wind_opex: 100
  wind_lifetime: 20
  solar_capex: 1000.0
  solar_opex: 10
  solar_lifetime: 20
  carbon_price: 1.0
timeseries_values:
  load_level: 249183.83600752553
  wind_year: 2013
  solar_year: 2011
  price_year: 2023
  carbon_year: 2023
storage_values:
  CAES:
    cost: 29.3003
    lifetime: 25.8189
    annual_cost: 1.1348392069375535
    efficiency: 0.597362
    discharge_ratio: 0.1
    depth_of_discharge: 0.4
  Li-ion:
    cost: 230.404
    lifetime: 22.9707
    annual_cost: 10.030343002172332
    efficiency: 0.943377
    discharge_ratio: 2
    depth_of_discharge: 0.9
  Pb-acid:
    cost: 224.189
    lifetime: 12.4229
    annual_cost: 18.046430382599876
    efficiency: 0.713428
    discharge_ratio: 5
    depth_of_discharge: 0.5
  VRBF:
    cost: 291.473
    lifetime: 16.2547
    annual_cost: 17.93161362559752
    efficiency: 0.772098
    discharge_ratio: 0.5
    depth_of_discharge: 1.0
