cost_values:
  wind_capex: 5000.0
  wind_opex: 100
  wind_lifetime: 20
  solar_capex: 1000.0
  solar_opex: 10
  solar_lifetime: 20
  carbon_price: 1.0
timeseries_values:
  load_level: 249183.83600752553
  wind_year: 2013
  solar_year: 2011
  price_year: 2023
  carbon_year: 2023
storage_values:
  CAES:
    cost: 23.9807
    lifetime: 25.7544
    annual_cost: 0.9311302146429348
    efficiency: 0.605162
    discharge_ratio: 0.1
    depth_of_discharge: 0.4
  Li-ion:
    cost: 237.42
    lifetime: 21.7182
    annual_cost: 10.931845180539824
    efficiency: 0.960313
    discharge_ratio: 2
    depth_of_discharge: 0.9
  Pb-acid:
    cost: 223.422
    lifetime: 11.1358
    annual_cost: 20.063399127139498
    efficiency: 0.704531
    discharge_ratio: 5
    depth_of_discharge: 0.5
  VRBF:
    cost: 271.384
    lifetime: 16.3957
    annual_cost: 16.552144769665215
    efficiency: 0.751264
    discharge_ratio: 0.5
    depth_of_discharge: 1.0
