cost_values:
  wind_capex: 5000.0
  wind_opex: 100
  wind_lifetime: 20
  solar_capex: 1000.0
  solar_opex: 10
  solar_lifetime: 20
  carbon_price: 1.0
timeseries_values:
  load_level: 249183.83600752553
  wind_year: 2013
  solar_year: 2011
  price_year: 2023
  carbon_year: 2023
storage_values:
  CAES:
    cost: 31.3119
    lifetime: 25.9834
    annual_cost: 1.2050732390680203
    efficiency: 0.587091
    discharge_ratio: 0.1
    depth_of_discharge: 0.4
  Li-ion:
    cost: 219.209
    lifetime: 21.7001
    annual_cost: 10.101750683176576
    efficiency: 0.959117
    discharge_ratio: 2
    depth_of_discharge: 0.9
  Pb-acid:
    cost: 217.025
    lifetime: 12.8446
    annual_cost: 16.89620540927705
    efficiency: 0.732536
    discharge_ratio: 5
    depth_of_discharge: 0.5
  VRBF:
    cost: 285.176
    lifetime: 14.1032
    annual_cost: 20.220659141187816
    efficiency: 0.751043
    discharge_ratio: 0.5
    depth_of_discharge: 1.0
