cost_values:
  wind_capex: 5000.0
  wind_opex: 100
  wind_lifetime: 20
  solar_capex: 1000.0
  solar_opex: 10
  solar_lifetime: 20
  carbon_price: 1.0
timeseries_values:
  load_level: 249183.83600752553
  wind_year: 2013
  solar_year: 2011
  price_year: 2023
  carbon_year: 2023
storage_values:
  CAES:
    cost: 36.0714
    lifetime: 24.3942
    annual_cost: 1.4786875568782742
    efficiency: 0.593825
    discharge_ratio: 0.1
    depth_of_discharge: 0.4
  Li-ion:
    cost: 216.371
    lifetime: 22.8853
    annual_cost: 9.45458438386213
    efficiency: 0.958337
    discharge_ratio: 2
    depth_of_discharge: 0.9
  Pb-acid:
    cost: 229.982
    lifetime: 11.8029
    annual_cost: 19.48521126163909
    efficiency: 0.692308
    discharge_ratio: 5
    depth_of_discharge: 0.5
  VRBF:
    cost: 305.619
    lifetime: 14.9441
    annual_cost: 20.4508133644716
    efficiency: 0.759705
    discharge_ratio: 0.5
    depth_of_discharge: 1.0
