cost_values:
  wind_capex: 5000.0
  wind_opex: 100
  wind_lifetime: 20
  solar_capex: 1000.0
  solar_opex: 10
  solar_lifetime: 20
  carbon_price: 1.0
timeseries_values:
  load_level: 249183.83600752553
  wind_year: 2013
  solar_year: 2011
  price_year: 2023
  carbon_year: 2023
storage_values:
  CAES:
    cost: 34.8209
    lifetime: 25.6146
    annual_cost: 1.3594161142473433
    efficiency: 0.596413
    discharge_ratio: 0.1
    depth_of_discharge: 0.4
  Li-ion:
    cost: 250.074
    lifetime: 21.2184
    annual_cost: 11.785714285714286
    efficiency: 0.954826
    discharge_ratio: 2
    depth_of_discharge: 0.9
  Pb-acid:
    cost: 211.418
    lifetime: 12.7834
    annual_cost: 16.538479590719213
    efficiency: 0.706171
    discharge_ratio: 5
    depth_of_discharge: 0.5
  VRBF:
    cost: 276.292
    lifetime: 15.6765
    annual_cost: 17.624597327209514
    efficiency: 0.75286
    discharge_ratio: 0.5
    depth_of_discharge: 1.0
