cost_values:
  wind_capex: 5000.0
  wind_opex: 100
  wind_lifetime: 20
  solar_capex: 1000.0
  solar_opex: 10
  solar_lifetime: 20
  carbon_price: 1.0
timeseries_values:
  load_level: 249183.83600752553
  wind_year: 2013
  solar_year: 2011
  price_year: 2023
  carbon_year: 2023
storage_values:
  CAES:
    cost: 27.7784
    lifetime: 24.752
    annual_cost: 1.1222689075630252
    efficiency: 0.603627
    discharge_ratio: 0.1
    depth_of_discharge: 0.4
  Li-ion:
    cost: 238.612
    lifetime: 21.0342
    annual_cost: 11.344001673465119
    efficiency: 0.968532
    discharge_ratio: 2
    depth_of_discharge: 0.9
  Pb-acid:
    cost: 200.99
    lifetime: 11.8573
    annual_cost: 16.95073920707075
    efficiency: 0.710092
    discharge_ratio: 5
    depth_of_discharge: 0.5
  VRBF:
    cost: 302.226
    lifetime: 14.2799
    annual_cost: 21.164433924607316
    efficiency: 0.740098
    discharge_ratio: 0.5
    depth_of_discharge: 1.0
