cost_values:
  wind_capex: 5000.0
  wind_opex: 100
  wind_lifetime: 20
  solar_capex: 1000.0
  solar_opex: 10
  solar_lifetime: 20
  carbon_price: 1.0
timeseries_values:
  load_level: 249183.83600752553
  wind_year: 2013
  solar_year: 2011
  price_year: 2023
  carbon_year: 2023
storage_values:
  CAES:
    cost: 27.2738
    lifetime: 24.3238
    annual_cost: 1.1212803920440064
    efficiency: 0.598831
    discharge_ratio: 0.1
    depth_of_discharge: 0.4
  Li-ion:
    cost: 234.793
    lifetime: 21.4758
    annual_cost: 10.93291053185446
    efficiency: 0.961486
    discharge_ratio: 2
    depth_of_discharge: 0.9
  Pb-acid:
    cost: 213.99
    lifetime: 10.9705
    annual_cost: 19.50594776901691
    efficiency: 0.702704
    discharge_ratio: 5
    depth_of_discharge: 0.5
  VRBF:
    cost: 275.006
    lifetime: 15.9948
    annual_cost: 17.193462875434516
    efficiency: 0.729752
    discharge_ratio: 0.5
    depth_of_discharge: 1.0
