cost_values:
  wind_capex: 5000.0
  wind_opex: 100
  wind_lifetime: 20
  solar_capex: 1000.0
  solar_opex: 10
  solar_lifetime: 20
  carbon_price: 1.0
timeseries_values:
  load_level: 249183.83600752553
  wind_year: 2013
  solar_year: 2011
  price_year: 2023
  carbon_year: 2023
storage_values:
  CAES:
    cost: 29.1921
    lifetime: 25.2052
    annual_cost: 1.158177677622078
    efficiency: 0.594046
    discharge_ratio: 0.1
    depth_of_discharge: 0.4
  Li-ion:
    cost: 215.75
    lifetime: 23.8059
    annual_cost: 9.06287937024015
    efficiency: 0.950522
    discharge_ratio: 2
    depth_of_discharge: 0.9
  Pb-acid:
    cost: 231.773
    lifetime: 12.6013
    annual_cost: 18.392784871402156
    efficiency: 0.699848
    discharge_ratio: 5
    depth_of_discharge: 0.5
  VRBF:
    cost: 287.249
    lifetime: 15.307
    annual_cost: 18.765858757431243
    efficiency: 0.753876
    discharge_ratio: 0.5
    depth_of_discharge: 1.0
