cost_values:
  wind_capex: 5000.0
  wind_opex: 100
  wind_lifetime: 20
  solar_capex: 1000.0
  solar_opex: 10
  solar_lifetime: 20
  carbon_price: 1.0
timeseries_values:
  load_level: 249183.83600752553
  wind_year: 2013
  solar_year: 2011
  price_year: 2023
  carbon_year: 2023
storage_values:
  CAES:
    cost: 26.9543
    lifetime: 24.2448
    annual_cost: 1.1117559229195537
    efficiency: 0.591851
    discharge_ratio: 0.1
    depth_of_discharge: 0.4
  Li-ion:
    cost: 219.789
    lifetime: 22.1504
    annual_cost: 9.922574761629585
    efficiency: 0.968172
    discharge_ratio: 2
    depth_of_discharge: 0.9
  Pb-acid:
    cost: 215.436
    lifetime: 11.4545
    annual_cost: 18.80797939674364
    efficiency: 0.697835
    discharge_ratio: 5
    depth_of_discharge: 0.5
  VRBF:
    cost: 290.537
    lifetime: 16.2148
    annual_cost: 17.918013173150452
    efficiency: 0.771095
    discharge_ratio: 0.5
    depth_of_discharge: 1.0
