cost_values:
  wind_capex: 5000.0
  wind_opex: 100
  wind_lifetime: 20
  solar_capex: 1000.0
  solar_opex: 10
  solar_lifetime: 20
  carbon_price: 1.0
timeseries_values:
  load_level: 249183.83600752553
  wind_year: 2013
  solar_year: 2011
  price_year: 2023
  carbon_year: 2023
storage_values:
  CAES:
    cost: 24.712
    lifetime: 25.231
    annual_cost: 0.9794300661884189
    efficiency: 0.607432
    discharge_ratio: 0.1
    depth_of_discharge: 0.4
  Li-ion:
    cost: 237.057
    lifetime: 21.9694
    annual_cost: 10.790326545103644
    efficiency: 0.971003
    discharge_ratio: 2
    depth_of_discharge: 0.9
  Pb-acid:
    cost: 237.449
    lifetime: 12.0312
    annual_cost: 19.73610279938826
    efficiency: 0.716269
    discharge_ratio: 5
    depth_of_discharge: 0.5
  VRBF:
    cost: 270.011
    lifetime: 16.7657
    annual_cost: 16.104964302116823
    efficiency: 0.760427
    discharge_ratio: 0.5
    depth_of_discharge: 1.0
