cost_values:
  wind_capex: 5000.0
  wind_opex: 100
  wind_lifetime: 20
  solar_capex: 1000.0
  solar_opex: 10
  solar_lifetime: 20
  carbon_price: 1.0
timeseries_values:
  load_level: 249183.83600752553
  wind_year: 2013
  solar_year: 2011
  price_year: 2023
  carbon_year: 2023
storage_values:
  CAES:
    cost: 26.5181
    lifetime: 25.0162
    annual_cost: 1.0600370959618166
    efficiency: 0.597901
    discharge_ratio: 0.1
    depth_of_discharge: 0.4
  Li-ion:
    cost: 224.349
    lifetime: 23.3269
    annual_cost: 9.617608855012882
    efficiency: 0.943339
    discharge_ratio: 2
    depth_of_discharge: 0.9
  Pb-acid:
    cost: 215.169
    lifetime: 11.6676
    annual_cost: 18.44158181631184
    efficiency: 0.714865
    discharge_ratio: 5
    depth_of_discharge: 0.5
  VRBF:
    cost: 298.44
    lifetime: 15.7755
    annual_cost: 18.91794237900542
    efficiency: 0.744595
    discharge_ratio: 0.5
    depth_of_discharge: 1.0
