cost_values:
  wind_capex: 5000.0
  wind_opex: 100
  wind_lifetime: 20
  solar_capex: 1000.0
  solar_opex: 10
  solar_lifetime: 20
  carbon_price: 1.0
timeseries_values:
  load_level: 249183.83600752553
  wind_year: 2013
  solar_year: 2011
  price_year: 2023
  carbon_year: 2023
storage_values:
  CAES:
    cost: 30.6434
    lifetime: 25.6438
    annual_cost: 1.1949633049704023
    efficiency: 0.595596
    discharge_ratio: 0.1
    depth_of_discharge: 0.4
  Li-ion:
    cost: 242.87
    lifetime: 23.0042
    annual_cost: 10.557637301014598
    efficiency: 0.963957
    discharge_ratio: 2
    depth_of_discharge: 0.9
  Pb-acid:
    cost: 209.382
    lifetime: 11.1056
    annual_cost: 18.853731450799597
    efficiency: 0.718425
    discharge_ratio: 5
    depth_of_discharge: 0.5
  VRBF:
    cost: 310.253
    lifetime: 15.1826
    annual_cost: 20.434774017625436
    efficiency: 0.759839
    discharge_ratio: 0.5
    depth_of_discharge: 1.0
