cost_values:
  wind_capex: 5000.0
  wind_opex: 100
  wind_lifetime: 20
  solar_capex: 1000.0
  solar_opex: 10
  solar_lifetime: 20
  carbon_price: 1.0
timeseries_values:
  load_level: 249183.83600752553
  wind_year: 2013
  solar_year: 2011
  price_year: 2023
  carbon_year: 2023
storage_values:
  CAES:
    cost: 27.944
    lifetime: 24.7269
    annual_cost: 1.130105269969143
    efficiency: 0.604508
    discharge_ratio: 0.1
    depth_of_discharge: 0.4
  Li-ion:
    cost: 237.146
    lifetime: 19.7712
    annual_cost: 11.994517277656389
    efficiency: 0.962464
    discharge_ratio: 2
    depth_of_discharge: 0.9
  Pb-acid:
    cost: 225.57
    lifetime: 11.5525
    annual_cost: 19.52564380004328
    efficiency: 0.691015
    discharge_ratio: 5
    depth_of_discharge: 0.5
  VRBF:
    cost: 290.215
    lifetime: 15.7061
    annual_cost: 18.477852554103183
    efficiency: 0.73323
    discharge_ratio: 0.5
    depth_of_discharge: 1.0
