cost_values:
  wind_capex: 5000.0
  wind_opex: 100
  wind_lifetime: 20
  solar_capex: 1000.0
  solar_opex: 10
  solar_lifetime: 20
  carbon_price: 1.0
timeseries_values:
  load_level: 287281.42926931585
  wind_year: 2018
  solar_year: 2017
  price_year: 2023
  carbon_year: 2023
storage_values:
  CAES:
    cost: 56.8711
    lifetime: 23.9565
    annual_cost: 2.3739319182685286
    efficiency: 0.560876
    discharge_ratio: 0.1
    depth_of_discharge: 0.4
  Li-ion:
    cost: 144.991
    lifetime: 21.7902
    annual_cost: 6.6539545300180825
    efficiency: 0.855267
    discharge_ratio: 2
    depth_of_discharge: 0.9
  Pb-acid:
    cost: 195.251
    lifetime: 7.45422
    annual_cost: 26.193350880440878
    efficiency: 0.715974
    discharge_ratio: 5
    depth_of_discharge: 0.5
  VRBF:
    cost: 311.244
    lifetime: 26.7465
    annual_cost: 11.636812293197242
    efficiency: 0.657634
    discharge_ratio: 0.5
    depth_of_discharge: 1.0
