cost_values:
  wind_capex: 5000.0
  wind_opex: 100
  wind_lifetime: 20
  solar_capex: 1000.0
  solar_opex: 10
  solar_lifetime: 20
  carbon_price: 1.0
timeseries_values:
  load_level: 287281.42926931585
  wind_year: 2018
  solar_year: 2017
  price_year: 2023
  carbon_year: 2023
storage_values:
  CAES:
    cost: 52.7265
    lifetime: 25.3548
    annual_cost: 2.079547068010791
    efficiency: 0.572925
    discharge_ratio: 0.1
    depth_of_discharge: 0.4
  Li-ion:
    cost: 151.605
    lifetime: 23.9719
    annual_cost: 6.324279677455687
    efficiency: 0.867731
    discharge_ratio: 2
    depth_of_discharge: 0.9
  Pb-acid:
    cost: 157.359
    lifetime: 7.73664
    annual_cost: 20.33944968358357
    efficiency: 0.696313
    discharge_ratio: 5
    depth_of_discharge: 0.5
  VRBF:
    cost: 291.642
    lifetime: 27.3323
    annual_cost: 10.670232655136962
    efficiency: 0.668592
    discharge_ratio: 0.5
    depth_of_discharge: 1.0
