cost_values:
  wind_capex: 5000.0
  wind_opex: 100
  wind_lifetime: 20
  solar_capex: 1000.0
  solar_opex: 10
  solar_lifetime: 20
  carbon_price: 1.0
timeseries_values:
  load_level: 287281.42926931585
  wind_year: 2018
  solar_year: 2017
  price_year: 2023
  carbon_year: 2023
storage_values:
  CAES:
    cost: 58.3522
    lifetime: 24.7518
    annual_cost: 2.3574931924142892
    efficiency: 0.571465
    discharge_ratio: 0.1
    depth_of_discharge: 0.4
  Li-ion:
    cost: 139.307
    lifetime: 23.6971
    annual_cost: 5.878651818154964
    efficiency: 0.861612
    discharge_ratio: 2
    depth_of_discharge: 0.9
  Pb-acid:
    cost: 184.467
    lifetime: 7.76634
    annual_cost: 23.752114895819656
    efficiency: 0.71098
    discharge_ratio: 5
    depth_of_discharge: 0.5
  VRBF:
    cost: 341.533
    lifetime: 27.0605
    annual_cost: 12.62108978030709
    efficiency: 0.678624
    discharge_ratio: 0.5
    depth_of_discharge: 1.0
