cost_values:
  wind_capex: 5000.0
  wind_opex: 100
  wind_lifetime: 20
  solar_capex: 1000.0
  solar_opex: 10
  solar_lifetime: 20
  carbon_price: 1.0
timeseries_values:
  load_level: 287281.42926931585
  wind_year: 2018
  solar_year: 2017
  price_year: 2023
  carbon_year: 2023
storage_values:
  CAES:
    cost: 58.648
    lifetime: 25.147
    annual_cost: 2.332206625044737
    efficiency: 0.570512
    discharge_ratio: 0.1
    depth_of_discharge: 0.4
  Li-ion:
    cost: 170.207
    lifetime: 23.0729
    annual_cost: 7.376922710192477
    efficiency: 0.86588
    discharge_ratio: 2
    depth_of_discharge: 0.9
  Pb-acid:
    cost: 167.936
    lifetime: 7.31185
    annual_cost: 22.96764840635407
    efficiency: 0.7057
    discharge_ratio: 5
    depth_of_discharge: 0.5
  VRBF:
    cost: 318.585
    lifetime: 25.9192
    annual_cost: 12.291467329238555
    efficiency: 0.667315
    discharge_ratio: 0.5
    depth_of_discharge: 1.0
