cost_values:
  wind_capex: 5000.0
  wind_opex: 100
  wind_lifetime: 20
  solar_capex: 1000.0
  solar_opex: 10
  solar_lifetime: 20
  carbon_price: 1.0
timeseries_values:
  load_level: 287281.42926931585
  wind_year: 2018
  solar_year: 2017
  price_year: 2023
  carbon_year: 2023
storage_values:
  CAES:
    cost: 57.7474
    lifetime: 25.1059
    annual_cost: 2.300152553782179
    efficiency: 0.572243
    discharge_ratio: 0.1
    depth_of_discharge: 0.4
  Li-ion:
    cost: 165.432
    lifetime: 23.1786
    annual_cost: 7.137273174393622
    efficiency: 0.855507
    discharge_ratio: 2
    depth_of_discharge: 0.9
  Pb-acid:
    cost: 183.671
    lifetime: 8.22383
    annual_cost: 22.333997662889434
    efficiency: 0.704604
    discharge_ratio: 5
    depth_of_discharge: 0.5
  VRBF:
    cost: 308.375
    lifetime: 26.0907
    annual_cost: 11.81934559057442
    efficiency: 0.681898
    discharge_ratio: 0.5
    depth_of_discharge: 1.0
