cost_values:
  wind_capex: 5000.0
  wind_opex: 100
  wind_lifetime: 20
  solar_capex: 1000.0
  solar_opex: 10
  solar_lifetime: 20
  carbon_price: 1.0
timeseries_values:
  load_level: 287281.42926931585
  wind_year: 2018
  solar_year: 2017
  price_year: 2023
  carbon_year: 2023
storage_values:
  CAES:
    cost: 58.6543
    lifetime: 26.3574
    annual_cost: 2.2253446849841034
    efficiency: 0.575901
    discharge_ratio: 0.1
    depth_of_discharge: 0.4
  Li-ion:
    cost: 169.016
    lifetime: 20.8999
    annual_cost: 8.086928645591605
    efficiency: 0.85047
    discharge_ratio: 2
    depth_of_discharge: 0.9
  Pb-acid:
    cost: 162.072
    lifetime: 7.22191
    annual_cost: 22.441708633865556
    efficiency: 0.71307
    discharge_ratio: 5
    depth_of_discharge: 0.5
  VRBF:
    cost: 284.796
    lifetime: 27.2785
    annual_cost: 10.440310134354894
    efficiency: 0.67699
    discharge_ratio: 0.5
    depth_of_discharge: 1.0
