cost_values:
  wind_capex: 5000.0
  wind_opex: 100
  wind_lifetime: 20
  solar_capex: 1000.0
  solar_opex: 10
  solar_lifetime: 20
  carbon_price: 1.0
timeseries_values:
  load_level: 287281.42926931585
  wind_year: 2018
  solar_year: 2017
  price_year: 2023
  carbon_year: 2023
storage_values:
  CAES:
    cost: 55.546
    lifetime: 26.3642
    annual_cost: 2.1068721979047345
    efficiency: 0.582898
    discharge_ratio: 0.1
    depth_of_discharge: 0.4
  Li-ion:
    cost: 158.188
    lifetime: 22.3845
    annual_cost: 7.06685429649981
    efficiency: 0.860687
    discharge_ratio: 2
    depth_of_discharge: 0.9
  Pb-acid:
    cost: 153.903
    lifetime: 8.46075
    annual_cost: 18.190231362467863
    efficiency: 0.69091
    discharge_ratio: 5
    depth_of_discharge: 0.5
  VRBF:
    cost: 273.717
    lifetime: 25.7974
    annual_cost: 10.610255297045438
    efficiency: 0.67479
    discharge_ratio: 0.5
    depth_of_discharge: 1.0
