cost_values:
  wind_capex: 5000.0
  wind_opex: 100
  wind_lifetime: 20
  solar_capex: 1000.0
  solar_opex: 10
  solar_lifetime: 20
  carbon_price: 1.0
timeseries_values:
  load_level: 287281.42926931585
  wind_year: 2018
  solar_year: 2017
  price_year: 2023
  carbon_year: 2023
storage_values:
  CAES:
    cost: 56.3425
    lifetime: 26.1508
    annual_cost: 2.1545229973844013
    efficiency: 0.570431
    discharge_ratio: 0.1
    depth_of_discharge: 0.4
  Li-ion:
    cost: 142.58
    lifetime: 20.3114
    annual_cost: 7.019703220851346
    efficiency: 0.858353
    discharge_ratio: 2
    depth_of_discharge: 0.9
  Pb-acid:
    cost: 143.133
    lifetime: 9.42985
    annual_cost: 15.178714401607662
    efficiency: 0.719641
    discharge_ratio: 5
    depth_of_discharge: 0.5
  VRBF:
    cost: 288.863
    lifetime: 26.953
    annual_cost: 10.717285645382704
    efficiency: 0.677884
    discharge_ratio: 0.5
    depth_of_discharge: 1.0
