cost_values:
  wind_capex: 5000.0
  wind_opex: 100
  wind_lifetime: 20
  solar_capex: 1000.0
  solar_opex: 10
  solar_lifetime: 20
  carbon_price: 1.0
timeseries_values:
  load_level: 287281.42926931585
  wind_year: 2018
  solar_year: 2017
  price_year: 2023
  carbon_year: 2023
storage_values:
  CAES:
    cost: 54.5559
    lifetime: 26.5397
    annual_cost: 2.0556336356477276
    efficiency: 0.588878
    discharge_ratio: 0.1
    depth_of_discharge: 0.4
  Li-ion:
    cost: 164.79
    lifetime: 21.8673
    annual_cost: 7.535909783100794
    efficiency: 0.854091
    discharge_ratio: 2
    depth_of_discharge: 0.9
  Pb-acid:
    cost: 172.48
    lifetime: 8.50521
    annual_cost: 20.279334666633744
    efficiency: 0.681955
    discharge_ratio: 5
    depth_of_discharge: 0.5
  VRBF:
    cost: 302.794
    lifetime: 26.5638
    annual_cost: 11.398745661388807
    efficiency: 0.660792
    discharge_ratio: 0.5
    depth_of_discharge: 1.0
