cost_values:
  wind_capex: 5000.0
  wind_opex: 100
  wind_lifetime: 20
  solar_capex: 1000.0
  solar_opex: 10
  solar_lifetime: 20
  carbon_price: 1.0
timeseries_values:
  load_level: 287281.42926931585
  wind_year: 2018
  solar_year: 2017
  price_year: 2023
  carbon_year: 2023
storage_values:
  CAES:
    cost: 57.0464
    lifetime: 25.8001
    annual_cost: 2.2110922050689723
    efficiency: 0.557031
    discharge_ratio: 0.1
    depth_of_discharge: 0.4
  Li-ion:
    cost: 126.499
    lifetime: 22.562
    annual_cost: 5.6067281269391005
    efficiency: 0.864054
    discharge_ratio: 2
    depth_of_discharge: 0.9
  Pb-acid:
    cost: 164.872
    lifetime: 8.36763
    annual_cost: 19.703548077532112
    efficiency: 0.706939
    discharge_ratio: 5
    depth_of_discharge: 0.5
  VRBF:
    cost: 302.044
    lifetime: 24.2817
    annual_cost: 12.439162002660439
    efficiency: 0.67866
    discharge_ratio: 0.5
    depth_of_discharge: 1.0
