cost_values:
  wind_capex: 5000.0
  wind_opex: 100
  wind_lifetime: 20
  solar_capex: 1000.0
  solar_opex: 10
  solar_lifetime: 20
  carbon_price: 1.0
timeseries_values:
  load_level: 287281.42926931585
  wind_year: 2018
  solar_year: 2017
  price_year: 2023
  carbon_year: 2023
storage_values:
  CAES:
    cost: 60.4462
    lifetime: 25.6798
    annual_cost: 2.353842319644234
    efficiency: 0.56921
    discharge_ratio: 0.1
    depth_of_discharge: 0.4
  Li-ion:
    cost: 167.573
    lifetime: 22.9787
    annual_cost: 7.292536131286801
    efficiency: 0.871607
    discharge_ratio: 2
    depth_of_discharge: 0.9
  Pb-acid:
    cost: 157.537
    lifetime: 7.7385
    annual_cost: 20.357562835174775
    efficiency: 0.708463
    discharge_ratio: 5
    depth_of_discharge: 0.5
  VRBF:
    cost: 321.571
    lifetime: 27.4776
    annual_cost: 11.70302355373104
    efficiency: 0.687436
    discharge_ratio: 0.5
    depth_of_discharge: 1.0
