cost_values:
  wind_capex: 5000.0
  wind_opex: 100
  wind_lifetime: 20
  solar_capex: 1000.0
  solar_opex: 10
  solar_lifetime: 20
  carbon_price: 1.0
timeseries_values:
  load_level: 287281.42926931585
  wind_year: 2018
  solar_year: 2017
  price_year: 2023
  carbon_year: 2023
storage_values:
  CAES:
    cost: 60.1273
    lifetime: 25.0536
    annual_cost: 2.399946514672542
    efficiency: 0.57898
    discharge_ratio: 0.1
    depth_of_discharge: 0.4
  Li-ion:
    cost: 146.688
    lifetime: 23.1135
    annual_cost: 6.346420922837303
    efficiency: 0.854663
    discharge_ratio: 2
    depth_of_discharge: 0.9
  Pb-acid:
    cost: 164.165
    lifetime: 8.69099
    annual_cost: 18.889102392247604
    efficiency: 0.71276
    discharge_ratio: 5
    depth_of_discharge: 0.5
  VRBF:
    cost: 307.402
    lifetime: 26.3563
    annual_cost: 11.66332148290921
    efficiency: 0.686434
    discharge_ratio: 0.5
    depth_of_discharge: 1.0
