cost_values:
  wind_capex: 5000.0
  wind_opex: 100
  wind_lifetime: 20
  solar_capex: 1000.0
  solar_opex: 10
  solar_lifetime: 20
  carbon_price: 1.0
timeseries_values:
  load_level: 287281.42926931585
  wind_year: 2018
  solar_year: 2017
  price_year: 2023
  carbon_year: 2023
storage_values:
  CAES:
    cost: 57.3976
    lifetime: 25.4774
    annual_cost: 2.252882947239514
    efficiency: 0.575871
    discharge_ratio: 0.1
    depth_of_discharge: 0.4
  Li-ion:
    cost: 135.669
    lifetime: 19.4448
    annual_cost: 6.9771352752406814
    efficiency: 0.860081
    discharge_ratio: 2
    depth_of_discharge: 0.9
  Pb-acid:
    cost: 179.802
    lifetime: 8.02381
    annual_cost: 22.408556533616824
    efficiency: 0.718806
    discharge_ratio: 5
    depth_of_discharge: 0.5
  VRBF:
    cost: 294.094
    lifetime: 25.3744
    annual_cost: 11.5901853836938
    efficiency: 0.655539
    discharge_ratio: 0.5
    depth_of_discharge: 1.0
