cost_values:
  wind_capex: 5000.0
  wind_opex: 100
  wind_lifetime: 20
  solar_capex: 1000.0
  solar_opex: 10
  solar_lifetime: 20
  carbon_price: 1.0
timeseries_values:
  load_level: 287281.42926931585
  wind_year: 2018
  solar_year: 2017
  price_year: 2023
  carbon_year: 2023
storage_values:
  CAES:
    cost: 61.9673
    lifetime: 25.1148
    annual_cost: 2.467361874273337
    efficiency: 0.570633
    discharge_ratio: 0.1
    depth_of_discharge: 0.4
  Li-ion:
    cost: 170.466
    lifetime: 22.099
    annual_cost: 7.713742703289742
    efficiency: 0.852324
    discharge_ratio: 2
    depth_of_discharge: 0.9
  Pb-acid:
    cost: 138.713
    lifetime: 8.99776
    annual_cost: 15.416392524361619
    efficiency: 0.708511
    discharge_ratio: 5
    depth_of_discharge: 0.5
  VRBF:
    cost: 299.494
    lifetime: 28.1911
    annual_cost: 10.623707482148623
    efficiency: 0.682558
    discharge_ratio: 0.5
    depth_of_discharge: 1.0
