cost_values:
  wind_capex: 5000.0
  wind_opex: 100
  wind_lifetime: 20
  solar_capex: 1000.0
  solar_opex: 10
  solar_lifetime: 20
  carbon_price: 1.0
timeseries_values:
  load_level: 287281.42926931585
  wind_year: 2018
  solar_year: 2017
  price_year: 2023
  carbon_year: 2023
storage_values:
  CAES:
    cost: 50.7887
    lifetime: 25.0143
    annual_cost: 2.0303866188540156
    efficiency: 0.576434
    discharge_ratio: 0.1
    depth_of_discharge: 0.4
  Li-ion:
    cost: 146.261
    lifetime: 19.6056
    annual_cost: 7.460164442812258
    efficiency: 0.859952
    discharge_ratio: 2
    depth_of_discharge: 0.9
  Pb-acid:
    cost: 175.302
    lifetime: 9.77928
    annual_cost: 17.925859572483862
    efficiency: 0.721574
    discharge_ratio: 5
    depth_of_discharge: 0.5
  VRBF:
    cost: 311.51
    lifetime: 26.2314
    annual_cost: 11.875462232286496
    efficiency: 0.693762
    discharge_ratio: 0.5
    depth_of_discharge: 1.0
