cost_values:
  wind_capex: 5000.0
  wind_opex: 100
  wind_lifetime: 20
  solar_capex: 1000.0
  solar_opex: 10
  solar_lifetime: 20
  carbon_price: 1.0
timeseries_values:
  load_level: 287281.42926931585
  wind_year: 2018
  solar_year: 2017
  price_year: 2023
  carbon_year: 2023
storage_values:
  CAES:
    cost: 69.6223
    lifetime: 25.1434
    annual_cost: 2.769008964579174
    efficiency: 0.5689
    discharge_ratio: 0.1
    depth_of_discharge: 0.4
  Li-ion:
    cost: 162.451
    lifetime: 20.1743
    annual_cost: 8.052373564386373
    efficiency: 0.859826
    discharge_ratio: 2
    depth_of_discharge: 0.9
  Pb-acid:
    cost: 178.088
    lifetime: 8.01866
    annual_cost: 22.209197047885805
    efficiency: 0.697757
    discharge_ratio: 5
    depth_of_discharge: 0.5
  VRBF:
    cost: 298.463
    lifetime: 27.2616
    annual_cost: 10.948110162279544
    efficiency: 0.6614
    discharge_ratio: 0.5
    depth_of_discharge: 1.0
