cost_values:
  wind_capex: 5000.0
  wind_opex: 100
  wind_lifetime: 20
  solar_capex: 1000.0
  solar_opex: 10
  solar_lifetime: 20
  carbon_price: 1.0
timeseries_values:
  load_level: 287281.42926931585
  wind_year: 2018
  solar_year: 2017
  price_year: 2023
  carbon_year: 2023
storage_values:
  CAES:
    cost: 58.6504
    lifetime: 25.9352
    annual_cost: 2.2614207717696413
    efficiency: 0.573876
    discharge_ratio: 0.1
    depth_of_discharge: 0.4
  Li-ion:
    cost: 140.373
    lifetime: 22.5208
    annual_cost: 6.2330379027388005
    efficiency: 0.857525
    discharge_ratio: 2
    depth_of_discharge: 0.9
  Pb-acid:
    cost: 180.761
    lifetime: 7.83383
    annual_cost: 23.07440932468537
    efficiency: 0.711944
    discharge_ratio: 5
    depth_of_discharge: 0.5
  VRBF:
    cost: 313.674
    lifetime: 25.0894
    annual_cost: 12.502251947037394
    efficiency: 0.662815
    discharge_ratio: 0.5
    depth_of_discharge: 1.0
