cost_values:
  wind_capex: 5000.0
  wind_opex: 100
  wind_lifetime: 20
  solar_capex: 1000.0
  solar_opex: 10
  solar_lifetime: 20
  carbon_price: 1.0
timeseries_values:
  load_level: 287281.42926931585
  wind_year: 2018
  solar_year: 2017
  price_year: 2023
  carbon_year: 2023
storage_values:
  CAES:
    cost: 62.1967
    lifetime: 25.8185
    annual_cost: 2.408997424327517
    efficiency: 0.572993
    discharge_ratio: 0.1
    depth_of_discharge: 0.4
  Li-ion:
    cost: 132.313
    lifetime: 20.0625
    annual_cost: 6.595040498442367
    efficiency: 0.856062
    discharge_ratio: 2
    depth_of_discharge: 0.9
  Pb-acid:
    cost: 170.728
    lifetime: 7.21496
    annual_cost: 23.66305565103618
    efficiency: 0.704341
    discharge_ratio: 5
    depth_of_discharge: 0.5
  VRBF:
    cost: 304.225
    lifetime: 28.8486
    annual_cost: 10.545572402126966
    efficiency: 0.674835
    discharge_ratio: 0.5
    depth_of_discharge: 1.0
