cost_values:
  wind_capex: 5000.0
  wind_opex: 100
  wind_lifetime: 20
  solar_capex: 1000.0
  solar_opex: 10
  solar_lifetime: 20
  carbon_price: 1.0
timeseries_values:
  load_level: 287281.42926931585
  wind_year: 2018
  solar_year: 2017
  price_year: 2023
  carbon_year: 2023
storage_values:
  CAES:
    cost: 62.6415
    lifetime: 25.5028
    annual_cost: 2.456259704816726
    efficiency: 0.572284
    discharge_ratio: 0.1
    depth_of_discharge: 0.4
  Li-ion:
    cost: 167.5
    lifetime: 20.0449
    annual_cost: 8.35624024065972
    efficiency: 0.85994
    discharge_ratio: 2
    depth_of_discharge: 0.9
  Pb-acid:
    cost: 182.998
    lifetime: 9.5323
    annual_cost: 19.19767527249457
    efficiency: 0.70457
    discharge_ratio: 5
    depth_of_discharge: 0.5
  VRBF:
    cost: 292.096
    lifetime: 27.3503
    annual_cost: 10.679809727864045
    efficiency: 0.687399
    discharge_ratio: 0.5
    depth_of_discharge: 1.0
