cost_values:
  wind_capex: 5000.0
  wind_opex: 100
  wind_lifetime: 20
  solar_capex: 1000.0
  solar_opex: 10
  solar_lifetime: 20
  carbon_price: 1.0
timeseries_values:
  load_level: 287281.42926931585
  wind_year: 2018
  solar_year: 2017
  price_year: 2023
  carbon_year: 2023
storage_values:
  CAES:
    cost: 68.9889
    lifetime: 26.0623
    annual_cost: 2.647076428404247
    efficiency: 0.572522
    discharge_ratio: 0.1
    depth_of_discharge: 0.4
  Li-ion:
    cost: 133.429
    lifetime: 22.2445
    annual_cost: 5.998291712558161
    efficiency: 0.850476
    discharge_ratio: 2
    depth_of_discharge: 0.9
  Pb-acid:
    cost: 169.089
    lifetime: 8.94183
    annual_cost: 18.90988757334908
    efficiency: 0.710133
    discharge_ratio: 5
    depth_of_discharge: 0.5
  VRBF:
    cost: 302.205
    lifetime: 27.3606
    annual_cost: 11.045262165303392
    efficiency: 0.66069
    discharge_ratio: 0.5
    depth_of_discharge: 1.0
