cost_values:
  wind_capex: 5000.0
  wind_opex: 100
  wind_lifetime: 20
  solar_capex: 1000.0
  solar_opex: 10
  solar_lifetime: 20
  carbon_price: 1.0
timeseries_values:
  load_level: 287281.42926931585
  wind_year: 2018
  solar_year: 2017
  price_year: 2023
  carbon_year: 2023
storage_values:
  CAES:
    cost: 58.0283
    lifetime: 25.1739
    annual_cost: 2.3050977401197272
    efficiency: 0.578703
    discharge_ratio: 0.1
    depth_of_discharge: 0.4
  Li-ion:
    cost: 149.871
    lifetime: 19.7543
    annual_cost: 7.586753263846353
    efficiency: 0.865691
    discharge_ratio: 2
    depth_of_discharge: 0.9
  Pb-acid:
    cost: 176.836
    lifetime: 7.99372
    annual_cost: 22.12186566454667
    efficiency: 0.706983
    discharge_ratio: 5
    depth_of_discharge: 0.5
  VRBF:
    cost: 317.22
    lifetime: 25.4132
    annual_cost: 12.482489414949713
    efficiency: 0.67602
    discharge_ratio: 0.5
    depth_of_discharge: 1.0
