cost_values:
  wind_capex: 5000.0
  wind_opex: 100
  wind_lifetime: 20
  solar_capex: 1000.0
  solar_opex: 10
  solar_lifetime: 20
  carbon_price: 1.0
timeseries_values:
  load_level: 287281.42926931585
  wind_year: 2018
  solar_year: 2017
  price_year: 2023
  carbon_year: 2023
storage_values:
  CAES:
    cost: 59.5129
    lifetime: 25.3383
    annual_cost: 2.3487329457777357
    efficiency: 0.575975
    discharge_ratio: 0.1
    depth_of_discharge: 0.4
  Li-ion:
    cost: 134.917
    lifetime: 21.4738
    annual_cost: 6.282865631606889
    efficiency: 0.860337
    discharge_ratio: 2
    depth_of_discharge: 0.9
  Pb-acid:
    cost: 171.201
    lifetime: 9.42001
    annual_cost: 18.17418452846653
    efficiency: 0.712679
    discharge_ratio: 5
    depth_of_discharge: 0.5
  VRBF:
    cost: 282.803
    lifetime: 26.4949
    annual_cost: 10.673865536386247
    efficiency: 0.680079
    discharge_ratio: 0.5
    depth_of_discharge: 1.0
