cost_values:
  wind_capex: 5000.0
  wind_opex: 100
  wind_lifetime: 20
  solar_capex: 1000.0
  solar_opex: 10
  solar_lifetime: 20
  carbon_price: 1.0
timeseries_values:
  load_level: 287281.42926931585
  wind_year: 2018
  solar_year: 2017
  price_year: 2023
  carbon_year: 2023
storage_values:
  CAES:
    cost: 59.7514
    lifetime: 25.0746
    annual_cost: 2.3829452912509073
    efficiency: 0.564726
    discharge_ratio: 0.1
    depth_of_discharge: 0.4
  Li-ion:
    cost: 139.833
    lifetime: 20.8327
    annual_cost: 6.712188050516736
    efficiency: 0.856937
    discharge_ratio: 2
    depth_of_discharge: 0.9
  Pb-acid:
    cost: 158.467
    lifetime: 8.62561
    annual_cost: 18.37168617639796
    efficiency: 0.706353
    discharge_ratio: 5
    depth_of_discharge: 0.5
  VRBF:
    cost: 321.566
    lifetime: 25.5704
    annual_cost: 12.575712542627413
    efficiency: 0.667015
    discharge_ratio: 0.5
    depth_of_discharge: 1.0
