cost_values:
  wind_capex: 5000.0
  wind_opex: 100
  wind_lifetime: 20
  solar_capex: 1000.0
  solar_opex: 10
  solar_lifetime: 20
  carbon_price: 1.0
timeseries_values:
  load_level: 287281.42926931585
  wind_year: 2018
  solar_year: 2017
  price_year: 2023
  carbon_year: 2023
storage_values:
  CAES:
    cost: 58.0641
    lifetime: 24.8135
    annual_cost: 2.3400205533278258
    efficiency: 0.573363
    discharge_ratio: 0.1
    depth_of_discharge: 0.4
  Li-ion:
    cost: 131.508
    lifetime: 21.8136
    annual_cost: 6.028716030366377
    efficiency: 0.870311
    discharge_ratio: 2
    depth_of_discharge: 0.9
  Pb-acid:
    cost: 167.411
    lifetime: 9.2488
    annual_cost: 18.100834702880377
    efficiency: 0.711856
    discharge_ratio: 5
    depth_of_discharge: 0.5
  VRBF:
    cost: 287.04
    lifetime: 24.5428
    annual_cost: 11.695487067490262
    efficiency: 0.659589
    discharge_ratio: 0.5
    depth_of_discharge: 1.0
