cost_values:
  wind_capex: 5000.0
  wind_opex: 100
  wind_lifetime: 20
  solar_capex: 1000.0
  solar_opex: 10
  solar_lifetime: 20
  carbon_price: 1.0
timeseries_values:
  load_level: 287281.42926931585
  wind_year: 2018
  solar_year: 2017
  price_year: 2023
  carbon_year: 2023
storage_values:
  CAES:
    cost: 59.4495
    lifetime: 24.6751
    annual_cost: 2.40929114775624
    efficiency: 0.570131
    discharge_ratio: 0.1
    depth_of_discharge: 0.4
  Li-ion:
    cost: 145.481
    lifetime: 22.1564
    annual_cost: 6.566093769745987
    efficiency: 0.862017
    discharge_ratio: 2
    depth_of_discharge: 0.9
  Pb-acid:
    cost: 178.718
    lifetime: 8.97791
    annual_cost: 19.90641474463433
    efficiency: 0.720514
    discharge_ratio: 5
    depth_of_discharge: 0.5
  VRBF:
    cost: 312.42
    lifetime: 26.8515
    annual_cost: 11.635104184123792
    efficiency: 0.678061
    discharge_ratio: 0.5
    depth_of_discharge: 1.0
