cost_values:
  wind_capex: 5000.0
  wind_opex: 100
  wind_lifetime: 20
  solar_capex: 1000.0
  solar_opex: 10
  solar_lifetime: 20
  carbon_price: 1.0
timeseries_values:
  load_level: 287281.42926931585
  wind_year: 2018
  solar_year: 2017
  price_year: 2023
  carbon_year: 2023
storage_values:
  CAES:
    cost: 66.278
    lifetime: 25.611
    annual_cost: 2.5878723985787357
    efficiency: 0.570503
    discharge_ratio: 0.1
    depth_of_discharge: 0.4
  Li-ion:
    cost: 160.987
    lifetime: 21.6269
    annual_cost: 7.44383152462905
    efficiency: 0.864102
    discharge_ratio: 2
    depth_of_discharge: 0.9
  Pb-acid:
    cost: 168.628
    lifetime: 7.91702
    annual_cost: 21.29942832025181
    efficiency: 0.690419
    discharge_ratio: 5
    depth_of_discharge: 0.5
  VRBF:
    cost: 298.444
    lifetime: 28.893
    annual_cost: 10.32928390959748
    efficiency: 0.652044
    discharge_ratio: 0.5
    depth_of_discharge: 1.0
