cost_values:
  wind_capex: 5000.0
  wind_opex: 100
  wind_lifetime: 20
  solar_capex: 1000.0
  solar_opex: 10
  solar_lifetime: 20
  carbon_price: 1.0
timeseries_values:
  load_level: 287281.42926931585
  wind_year: 2018
  solar_year: 2017
  price_year: 2023
  carbon_year: 2023
storage_values:
  CAES:
    cost: 59.5468
    lifetime: 25.5053
    annual_cost: 2.3346833795328816
    efficiency: 0.571639
    discharge_ratio: 0.1
    depth_of_discharge: 0.4
  Li-ion:
    cost: 136.731
    lifetime: 22.4714
    annual_cost: 6.084667621955019
    efficiency: 0.858028
    discharge_ratio: 2
    depth_of_discharge: 0.9
  Pb-acid:
    cost: 183.775
    lifetime: 8.16343
    annual_cost: 22.511983320736505
    efficiency: 0.696985
    discharge_ratio: 5
    depth_of_discharge: 0.5
  VRBF:
    cost: 309.656
    lifetime: 26.8328
    annual_cost: 11.54020452580424
    efficiency: 0.670698
    discharge_ratio: 0.5
    depth_of_discharge: 1.0
