cost_values:
  wind_capex: 5000.0
  wind_opex: 100
  wind_lifetime: 20
  solar_capex: 1000.0
  solar_opex: 10
  solar_lifetime: 20
  carbon_price: 1.0
timeseries_values:
  load_level: 287281.42926931585
  wind_year: 2018
  solar_year: 2017
  price_year: 2023
  carbon_year: 2023
storage_values:
  CAES:
    cost: 59.333
    lifetime: 25.4546
    annual_cost: 2.330934290855091
    efficiency: 0.573207
    discharge_ratio: 0.1
    depth_of_discharge: 0.4
  Li-ion:
    cost: 153.684
    lifetime: 20.1245
    annual_cost: 7.636661780416905
    efficiency: 0.860036
    discharge_ratio: 2
    depth_of_discharge: 0.9
  Pb-acid:
    cost: 171.409
    lifetime: 8.23268
    annual_cost: 20.82055904031251
    efficiency: 0.714919
    discharge_ratio: 5
    depth_of_discharge: 0.5
  VRBF:
    cost: 286.452
    lifetime: 26.292
    annual_cost: 10.895025102692834
    efficiency: 0.658608
    discharge_ratio: 0.5
    depth_of_discharge: 1.0
