cost_values:
  wind_capex: 5000.0
  wind_opex: 100
  wind_lifetime: 20
  solar_capex: 1000.0
  solar_opex: 10
  solar_lifetime: 20
  carbon_price: 1.0
timeseries_values:
  load_level: 287281.42926931585
  wind_year: 2018
  solar_year: 2017
  price_year: 2023
  carbon_year: 2023
storage_values:
  CAES:
    cost: 61.1235
    lifetime: 25.8925
    annual_cost: 2.360664285024621
    efficiency: 0.568753
    discharge_ratio: 0.1
    depth_of_discharge: 0.4
  Li-ion:
    cost: 148.081
    lifetime: 21.9467
    annual_cost: 6.747301416613887
    efficiency: 0.858185
    discharge_ratio: 2
    depth_of_discharge: 0.9
  Pb-acid:
    cost: 198.02
    lifetime: 7.20282
    annual_cost: 27.492010073832194
    efficiency: 0.696333
    discharge_ratio: 5
    depth_of_discharge: 0.5
  VRBF:
    cost: 279.266
    lifetime: 25.1148
    annual_cost: 11.119578893720039
    efficiency: 0.659347
    discharge_ratio: 0.5
    depth_of_discharge: 1.0
