cost_values:
  wind_capex: 5000.0
  wind_opex: 100
  wind_lifetime: 20
  solar_capex: 1000.0
  solar_opex: 10
  solar_lifetime: 20
  carbon_price: 1.0
timeseries_values:
  load_level: 287281.42926931585
  wind_year: 2018
  solar_year: 2017
  price_year: 2023
  carbon_year: 2023
storage_values:
  CAES:
    cost: 57.1921
    lifetime: 26.0319
    annual_cost: 2.197000603106189
    efficiency: 0.578626
    discharge_ratio: 0.1
    depth_of_discharge: 0.4
  Li-ion:
    cost: 135.698
    lifetime: 20.9648
    annual_cost: 6.472658933068763
    efficiency: 0.858187
    discharge_ratio: 2
    depth_of_discharge: 0.9
  Pb-acid:
    cost: 159.498
    lifetime: 8.68422
    annual_cost: 18.366416327545824
    efficiency: 0.72212
    discharge_ratio: 5
    depth_of_discharge: 0.5
  VRBF:
    cost: 294.416
    lifetime: 25.6839
    annual_cost: 11.463056623020647
    efficiency: 0.671516
    discharge_ratio: 0.5
    depth_of_discharge: 1.0
