cost_values:
  wind_capex: 5000.0
  wind_opex: 100
  wind_lifetime: 20
  solar_capex: 1000.0
  solar_opex: 10
  solar_lifetime: 20
  carbon_price: 1.0
timeseries_values:
  load_level: 287281.42926931585
  wind_year: 2018
  solar_year: 2017
  price_year: 2023
  carbon_year: 2023
storage_values:
  CAES:
    cost: 54.8193
    lifetime: 26.5094
    annual_cost: 2.0679193040959056
    efficiency: 0.579154
    discharge_ratio: 0.1
    depth_of_discharge: 0.4
  Li-ion:
    cost: 144.757
    lifetime: 21.0885
    annual_cost: 6.864262512743913
    efficiency: 0.862065
    discharge_ratio: 2
    depth_of_discharge: 0.9
  Pb-acid:
    cost: 181.385
    lifetime: 10.0867
    annual_cost: 17.98259093657985
    efficiency: 0.700589
    discharge_ratio: 5
    depth_of_discharge: 0.5
  VRBF:
    cost: 294.304
    lifetime: 26.1933
    annual_cost: 11.23585038922167
    efficiency: 0.664117
    discharge_ratio: 0.5
    depth_of_discharge: 1.0
