cost_values:
  wind_capex: 5000.0
  wind_opex: 100
  wind_lifetime: 20
  solar_capex: 1000.0
  solar_opex: 10
  solar_lifetime: 20
  carbon_price: 1.0
timeseries_values:
  load_level: 287281.42926931585
  wind_year: 2018
  solar_year: 2017
  price_year: 2023
  carbon_year: 2023
storage_values:
  CAES:
    cost: 60.758
    lifetime: 25.3949
    annual_cost: 2.392527633501215
    efficiency: 0.571354
    discharge_ratio: 0.1
    depth_of_discharge: 0.4
  Li-ion:
    cost: 152.882
    lifetime: 22.942
    annual_cost: 6.663847964432046
    efficiency: 0.853202
    discharge_ratio: 2
    depth_of_discharge: 0.9
  Pb-acid:
    cost: 166.159
    lifetime: 7.21419
    annual_cost: 23.032246170394735
    efficiency: 0.703272
    discharge_ratio: 5
    depth_of_discharge: 0.5
  VRBF:
    cost: 292.896
    lifetime: 27.8798
    annual_cost: 10.505670772387177
    efficiency: 0.675191
    discharge_ratio: 0.5
    depth_of_discharge: 1.0
