cost_values:
  wind_capex: 5000.0
  wind_opex: 100
  wind_lifetime: 20
  solar_capex: 1000.0
  solar_opex: 10
  solar_lifetime: 20
  carbon_price: 1.0
timeseries_values:
  load_level: 287281.42926931585
  wind_year: 2018
  solar_year: 2017
  price_year: 2023
  carbon_year: 2023
storage_values:
  CAES:
    cost: 61.6534
    lifetime: 25.0221
    annual_cost: 2.4639578612506545
    efficiency: 0.56994
    discharge_ratio: 0.1
    depth_of_discharge: 0.4
  Li-ion:
    cost: 165.183
    lifetime: 22.6621
    annual_cost: 7.288953803928145
    efficiency: 0.859338
    discharge_ratio: 2
    depth_of_discharge: 0.9
  Pb-acid:
    cost: 168.101
    lifetime: 8.48501
    annual_cost: 19.8115264448716
    efficiency: 0.694575
    discharge_ratio: 5
    depth_of_discharge: 0.5
  VRBF:
    cost: 311.217
    lifetime: 24.7005
    annual_cost: 12.599623489403047
    efficiency: 0.677497
    discharge_ratio: 0.5
    depth_of_discharge: 1.0
