cost_values:
  wind_capex: 5000.0
  wind_opex: 100
  wind_lifetime: 20
  solar_capex: 1000.0
  solar_opex: 10
  solar_lifetime: 20
  carbon_price: 1.0
timeseries_values:
  load_level: 287281.42926931585
  wind_year: 2018
  solar_year: 2017
  price_year: 2023
  carbon_year: 2023
storage_values:
  CAES:
    cost: 60.7073
    lifetime: 26.2705
    annual_cost: 2.310854380388649
    efficiency: 0.577977
    discharge_ratio: 0.1
    depth_of_discharge: 0.4
  Li-ion:
    cost: 148.42
    lifetime: 21.6788
    annual_cost: 6.846319907005922
    efficiency: 0.866211
    discharge_ratio: 2
    depth_of_discharge: 0.9
  Pb-acid:
    cost: 174.546
    lifetime: 7.58911
    annual_cost: 22.999534859818873
    efficiency: 0.703436
    discharge_ratio: 5
    depth_of_discharge: 0.5
  VRBF:
    cost: 290.86
    lifetime: 25.2906
    annual_cost: 11.500715680924928
    efficiency: 0.673047
    discharge_ratio: 0.5
    depth_of_discharge: 1.0
