cost_values:
  wind_capex: 5000.0
  wind_opex: 100
  wind_lifetime: 20
  solar_capex: 1000.0
  solar_opex: 10
  solar_lifetime: 20
  carbon_price: 1.0
timeseries_values:
  load_level: 287281.42926931585
  wind_year: 2018
  solar_year: 2017
  price_year: 2023
  carbon_year: 2023
storage_values:
  CAES:
    cost: 59.4075
    lifetime: 25.9017
    annual_cost: 2.2935753251717066
    efficiency: 0.569912
    discharge_ratio: 0.1
    depth_of_discharge: 0.4
  Li-ion:
    cost: 176.051
    lifetime: 21.7128
    annual_cost: 8.108166611399726
    efficiency: 0.858809
    discharge_ratio: 2
    depth_of_discharge: 0.9
  Pb-acid:
    cost: 178.847
    lifetime: 9.11689
    annual_cost: 19.617106271985296
    efficiency: 0.728609
    discharge_ratio: 5
    depth_of_discharge: 0.5
  VRBF:
    cost: 310.987
    lifetime: 26.9448
    annual_cost: 11.541633265045576
    efficiency: 0.6506
    discharge_ratio: 0.5
    depth_of_discharge: 1.0
