cost_values:
  wind_capex: 5000.0
  wind_opex: 100
  wind_lifetime: 20
  solar_capex: 1000.0
  solar_opex: 10
  solar_lifetime: 20
  carbon_price: 1.0
timeseries_values:
  load_level: 287281.42926931585
  wind_year: 2018
  solar_year: 2017
  price_year: 2023
  carbon_year: 2023
storage_values:
  CAES:
    cost: 64.4384
    lifetime: 25.8319
    annual_cost: 2.4945280834936647
    efficiency: 0.573209
    discharge_ratio: 0.1
    depth_of_discharge: 0.4
  Li-ion:
    cost: 159.843
    lifetime: 22.8057
    annual_cost: 7.008905668319761
    efficiency: 0.862248
    discharge_ratio: 2
    depth_of_discharge: 0.9
  Pb-acid:
    cost: 177.892
    lifetime: 7.74336
    annual_cost: 22.97348954459046
    efficiency: 0.707475
    discharge_ratio: 5
    depth_of_discharge: 0.5
  VRBF:
    cost: 290.767
    lifetime: 25.9632
    annual_cost: 11.199197325445246
    efficiency: 0.660379
    discharge_ratio: 0.5
    depth_of_discharge: 1.0
