cost_values:
  wind_capex: 5000.0
  wind_opex: 100
  wind_lifetime: 20
  solar_capex: 1000.0
  solar_opex: 10
  solar_lifetime: 20
  carbon_price: 1.0
timeseries_values:
  load_level: 287281.42926931585
  wind_year: 2018
  solar_year: 2017
  price_year: 2023
  carbon_year: 2023
storage_values:
  CAES:
    cost: 64.5212
    lifetime: 24.542
    annual_cost: 2.6290114905060706
    efficiency: 0.567782
    discharge_ratio: 0.1
    depth_of_discharge: 0.4
  Li-ion:
    cost: 146.185
    lifetime: 21.4357
    annual_cost: 6.81969798047183
    efficiency: 0.855167
    discharge_ratio: 2
    depth_of_discharge: 0.9
  Pb-acid:
    cost: 173.073
    lifetime: 7.60061
    annual_cost: 22.770935490704037
    efficiency: 0.691914
    discharge_ratio: 5
    depth_of_discharge: 0.5
  VRBF:
    cost: 284.275
    lifetime: 26.3889
    annual_cost: 10.772521779990829
    efficiency: 0.672983
    discharge_ratio: 0.5
    depth_of_discharge: 1.0
