cost_values:
  wind_capex: 5000.0
  wind_opex: 100
  wind_lifetime: 20
  solar_capex: 1000.0
  solar_opex: 10
  solar_lifetime: 20
  carbon_price: 1.0
timeseries_values:
  load_level: 287281.42926931585
  wind_year: 2018
  solar_year: 2017
  price_year: 2023
  carbon_year: 2023
storage_values:
  CAES:
    cost: 59.2259
    lifetime: 25.0694
    annual_cost: 2.362477761733428
    efficiency: 0.574887
    discharge_ratio: 0.1
    depth_of_discharge: 0.4
  Li-ion:
    cost: 122.217
    lifetime: 20.6646
    annual_cost: 5.91431723817543
    efficiency: 0.865455
    discharge_ratio: 2
    depth_of_discharge: 0.9
  Pb-acid:
    cost: 171.56
    lifetime: 7.1721
    annual_cost: 23.920469597467964
    efficiency: 0.708331
    discharge_ratio: 5
    depth_of_discharge: 0.5
  VRBF:
    cost: 293.026
    lifetime: 28.5187
    annual_cost: 10.27487227678681
    efficiency: 0.664362
    discharge_ratio: 0.5
    depth_of_discharge: 1.0
