cost_values:
  wind_capex: 5000.0
  wind_opex: 100
  wind_lifetime: 20
  solar_capex: 1000.0
  solar_opex: 10
  solar_lifetime: 20
  carbon_price: 1.0
timeseries_values:
  load_level: 287281.42926931585
  wind_year: 2018
  solar_year: 2017
  price_year: 2023
  carbon_year: 2023
storage_values:
  CAES:
    cost: 61.6249
    lifetime: 25.2121
    annual_cost: 2.444258907429369
    efficiency: 0.574978
    discharge_ratio: 0.1
    depth_of_discharge: 0.4
  Li-ion:
    cost: 136.985
    lifetime: 22.6885
    annual_cost: 6.037640214205434
    efficiency: 0.852506
    discharge_ratio: 2
    depth_of_discharge: 0.9
  Pb-acid:
    cost: 179.245
    lifetime: 8.37423
    annual_cost: 21.40435598257989
    efficiency: 0.714846
    discharge_ratio: 5
    depth_of_discharge: 0.5
  VRBF:
    cost: 295.499
    lifetime: 26.9273
    annual_cost: 10.973955799504592
    efficiency: 0.693039
    discharge_ratio: 0.5
    depth_of_discharge: 1.0
