cost_values:
  wind_capex: 5000.0
  wind_opex: 100
  wind_lifetime: 20
  solar_capex: 1000.0
  solar_opex: 10
  solar_lifetime: 20
  carbon_price: 1.0
timeseries_values:
  load_level: 287281.42926931585
  wind_year: 2018
  solar_year: 2017
  price_year: 2023
  carbon_year: 2023
storage_values:
  CAES:
    cost: 55.3613
    lifetime: 24.8721
    annual_cost: 2.2258393943414507
    efficiency: 0.578665
    discharge_ratio: 0.1
    depth_of_discharge: 0.4
  Li-ion:
    cost: 151.195
    lifetime: 22.6044
    annual_cost: 6.688742014828971
    efficiency: 0.856737
    discharge_ratio: 2
    depth_of_discharge: 0.9
  Pb-acid:
    cost: 177.105
    lifetime: 8.38005
    annual_cost: 21.134122111443247
    efficiency: 0.696941
    discharge_ratio: 5
    depth_of_discharge: 0.5
  VRBF:
    cost: 301.546
    lifetime: 24.1449
    annual_cost: 12.489014243173507
    efficiency: 0.651337
    discharge_ratio: 0.5
    depth_of_discharge: 1.0
