cost_values:
  wind_capex: 5000.0
  wind_opex: 100
  wind_lifetime: 20
  solar_capex: 1000.0
  solar_opex: 10
  solar_lifetime: 20
  carbon_price: 1.0
timeseries_values:
  load_level: 287281.42926931585
  wind_year: 2018
  solar_year: 2017
  price_year: 2023
  carbon_year: 2023
storage_values:
  CAES:
    cost: 60.6012
    lifetime: 25.3647
    annual_cost: 2.3891944316313616
    efficiency: 0.577407
    discharge_ratio: 0.1
    depth_of_discharge: 0.4
  Li-ion:
    cost: 154.48
    lifetime: 22.4524
    annual_cost: 6.880333505549517
    efficiency: 0.872326
    discharge_ratio: 2
    depth_of_discharge: 0.9
  Pb-acid:
    cost: 184.35
    lifetime: 7.87991
    annual_cost: 23.394937251821403
    efficiency: 0.706884
    discharge_ratio: 5
    depth_of_discharge: 0.5
  VRBF:
    cost: 276.33
    lifetime: 25.2656
    annual_cost: 10.93700525615857
    efficiency: 0.669113
    discharge_ratio: 0.5
    depth_of_discharge: 1.0
