cost_values:
  wind_capex: 5000.0
  wind_opex: 100
  wind_lifetime: 20
  solar_capex: 1000.0
  solar_opex: 10
  solar_lifetime: 20
  carbon_price: 1.0
timeseries_values:
  load_level: 287281.42926931585
  wind_year: 2018
  solar_year: 2017
  price_year: 2023
  carbon_year: 2023
storage_values:
  CAES:
    cost: 54.4407
    lifetime: 24.9453
    annual_cost: 2.182403097978377
    efficiency: 0.575808
    discharge_ratio: 0.1
    depth_of_discharge: 0.4
  Li-ion:
    cost: 131.328
    lifetime: 20.9612
    annual_cost: 6.265290155143789
    efficiency: 0.863374
    discharge_ratio: 2
    depth_of_discharge: 0.9
  Pb-acid:
    cost: 173.996
    lifetime: 8.41223
    annual_cost: 20.683695048756398
    efficiency: 0.704806
    discharge_ratio: 5
    depth_of_discharge: 0.5
  VRBF:
    cost: 341.717
    lifetime: 26.929
    annual_cost: 12.689554012402986
    efficiency: 0.673999
    discharge_ratio: 0.5
    depth_of_discharge: 1.0
