cost_values:
  wind_capex: 5000.0
  wind_opex: 100
  wind_lifetime: 20
  solar_capex: 1000.0
  solar_opex: 10
  solar_lifetime: 20
  carbon_price: 1.0
timeseries_values:
  load_level: 252050.47366953324
  wind_year: 2018
  solar_year: 2010
  price_year: 2023
  carbon_year: 2023
storage_values:
  CAES:
    cost: 63.0357
    lifetime: 25.0841
    annual_cost: 2.5129743542722283
    efficiency: 0.592605
    discharge_ratio: 0.1
    depth_of_discharge: 0.4
  Li-ion:
    cost: 265.907
    lifetime: 15.488
    annual_cost: 17.168582128099175
    efficiency: 0.919954
    discharge_ratio: 2
    depth_of_discharge: 0.9
  Pb-acid:
    cost: 186.058
    lifetime: 6.96306
    annual_cost: 26.720723360131895
    efficiency: 0.729953
    discharge_ratio: 5
    depth_of_discharge: 0.5
  VRBF:
    cost: 346.194
    lifetime: 14.3254
    annual_cost: 24.166445614084076
    efficiency: 0.820346
    discharge_ratio: 0.5
    depth_of_discharge: 1.0
