cost_values:
  wind_capex: 5000.0
  wind_opex: 100
  wind_lifetime: 20
  solar_capex: 1000.0
  solar_opex: 10
  solar_lifetime: 20
  carbon_price: 1.0
timeseries_values:
  load_level: 252050.47366953324
  wind_year: 2018
  solar_year: 2010
  price_year: 2023
  carbon_year: 2023
storage_values:
  CAES:
    cost: 64.9272
    lifetime: 24.6338
    annual_cost: 2.635695670176749
    efficiency: 0.585773
    discharge_ratio: 0.1
    depth_of_discharge: 0.4
  Li-ion:
    cost: 281.416
    lifetime: 16.8507
    annual_cost: 16.7005524993027
    efficiency: 0.912022
    discharge_ratio: 2
    depth_of_discharge: 0.9
  Pb-acid:
    cost: 180.168
    lifetime: 6.76593
    annual_cost: 26.628711795717663
    efficiency: 0.739215
    discharge_ratio: 5
    depth_of_discharge: 0.5
  VRBF:
    cost: 357.639
    lifetime: 14.324
    annual_cost: 24.967816252443452
    efficiency: 0.811566
    discharge_ratio: 0.5
    depth_of_discharge: 1.0
