cost_values:
  wind_capex: 5000.0
  wind_opex: 100
  wind_lifetime: 20
  solar_capex: 1000.0
  solar_opex: 10
  solar_lifetime: 20
  carbon_price: 1.0
timeseries_values:
  load_level: 252050.47366953324
  wind_year: 2018
  solar_year: 2010
  price_year: 2023
  carbon_year: 2023
storage_values:
  CAES:
    cost: 61.4147
    lifetime: 23.1954
    annual_cost: 2.647710321874165
    efficiency: 0.59573
    discharge_ratio: 0.1
    depth_of_discharge: 0.4
  Li-ion:
    cost: 269.353
    lifetime: 14.8407
    annual_cost: 18.149615584170558
    efficiency: 0.915699
    discharge_ratio: 2
    depth_of_discharge: 0.9
  Pb-acid:
    cost: 172.825
    lifetime: 7.47581
    annual_cost: 23.117896254720222
    efficiency: 0.737622
    discharge_ratio: 5
    depth_of_discharge: 0.5
  VRBF:
    cost: 349.299
    lifetime: 17.5371
    annual_cost: 19.917717296474333
    efficiency: 0.794189
    discharge_ratio: 0.5
    depth_of_discharge: 1.0
