cost_values:
  wind_capex: 5000.0
  wind_opex: 100
  wind_lifetime: 20
  solar_capex: 1000.0
  solar_opex: 10
  solar_lifetime: 20
  carbon_price: 1.0
timeseries_values:
  load_level: 252050.47366953324
  wind_year: 2018
  solar_year: 2010
  price_year: 2023
  carbon_year: 2023
storage_values:
  CAES:
    cost: 69.6621
    lifetime: 25.3542
    annual_cost: 2.7475566178384647
    efficiency: 0.593956
    discharge_ratio: 0.1
    depth_of_discharge: 0.4
  Li-ion:
    cost: 262.034
    lifetime: 16.0573
    annual_cost: 16.318683713949415
    efficiency: 0.935202
    discharge_ratio: 2
    depth_of_discharge: 0.9
  Pb-acid:
    cost: 187.606
    lifetime: 7.17102
    annual_cost: 26.161689689890697
    efficiency: 0.744535
    discharge_ratio: 5
    depth_of_discharge: 0.5
  VRBF:
    cost: 344.263
    lifetime: 16.378
    annual_cost: 21.019843692758577
    efficiency: 0.796256
    discharge_ratio: 0.5
    depth_of_discharge: 1.0
