cost_values:
  wind_capex: 5000.0
  wind_opex: 100
  wind_lifetime: 20
  solar_capex: 1000.0
  solar_opex: 10
  solar_lifetime: 20
  carbon_price: 1.0
timeseries_values:
  load_level: 252050.47366953324
  wind_year: 2018
  solar_year: 2010
  price_year: 2023
  carbon_year: 2023
storage_values:
  CAES:
    cost: 70.0221
    lifetime: 24.9142
    annual_cost: 2.810529738061025
    efficiency: 0.594972
    discharge_ratio: 0.1
    depth_of_discharge: 0.4
  Li-ion:
    cost: 287.851
    lifetime: 15.0974
    annual_cost: 19.066263065163536
    efficiency: 0.920197
    discharge_ratio: 2
    depth_of_discharge: 0.9
  Pb-acid:
    cost: 178.935
    lifetime: 7.97056
    annual_cost: 22.44948911996146
    efficiency: 0.733216
    discharge_ratio: 5
    depth_of_discharge: 0.5
  VRBF:
    cost: 378.076
    lifetime: 13.8644
    annual_cost: 27.269553677043366
    efficiency: 0.775912
    discharge_ratio: 0.5
    depth_of_discharge: 1.0
