cost_values:
  wind_capex: 5000.0
  wind_opex: 100
  wind_lifetime: 20
  solar_capex: 1000.0
  solar_opex: 10
  solar_lifetime: 20
  carbon_price: 1.0
timeseries_values:
  load_level: 252050.47366953324
  wind_year: 2018
  solar_year: 2010
  price_year: 2023
  carbon_year: 2023
storage_values:
  CAES:
    cost: 64.6132
    lifetime: 24.8783
    annual_cost: 2.5971710285670646
    efficiency: 0.596313
    discharge_ratio: 0.1
    depth_of_discharge: 0.4
  Li-ion:
    cost: 286.928
    lifetime: 14.3264
    annual_cost: 20.027920482465937
    efficiency: 0.907902
    discharge_ratio: 2
    depth_of_discharge: 0.9
  Pb-acid:
    cost: 159.705
    lifetime: 6.31466
    annual_cost: 25.291147900282837
    efficiency: 0.730535
    discharge_ratio: 5
    depth_of_discharge: 0.5
  VRBF:
    cost: 328.453
    lifetime: 14.8125
    annual_cost: 22.174042194092824
    efficiency: 0.807782
    discharge_ratio: 0.5
    depth_of_discharge: 1.0
