cost_values:
  wind_capex: 5000.0
  wind_opex: 100
  wind_lifetime: 20
  solar_capex: 1000.0
  solar_opex: 10
  solar_lifetime: 20
  carbon_price: 1.0
timeseries_values:
  load_level: 252050.47366953324
  wind_year: 2018
  solar_year: 2010
  price_year: 2023
  carbon_year: 2023
storage_values:
  CAES:
    cost: 63.1114
    lifetime: 24.1123
    annual_cost: 2.617394441840886
    efficiency: 0.58557
    discharge_ratio: 0.1
    depth_of_discharge: 0.4
  Li-ion:
    cost: 268.457
    lifetime: 16.6395
    annual_cost: 16.133717960275245
    efficiency: 0.911709
    discharge_ratio: 2
    depth_of_discharge: 0.9
  Pb-acid:
    cost: 192.996
    lifetime: 6.56015
    annual_cost: 29.419449250398237
    efficiency: 0.742848
    discharge_ratio: 5
    depth_of_discharge: 0.5
  VRBF:
    cost: 346.437
    lifetime: 14.306
    annual_cost: 24.216202991751715
    efficiency: 0.799773
    discharge_ratio: 0.5
    depth_of_discharge: 1.0
