cost_values:
  wind_capex: 5000.0
  wind_opex: 100
  wind_lifetime: 20
  solar_capex: 1000.0
  solar_opex: 10
  solar_lifetime: 20
  carbon_price: 1.0
timeseries_values:
  load_level: 252050.47366953324
  wind_year: 2018
  solar_year: 2010
  price_year: 2023
  carbon_year: 2023
storage_values:
  CAES:
    cost: 62.5863
    lifetime: 24.3736
    annual_cost: 2.567790560278334
    efficiency: 0.583365
    discharge_ratio: 0.1
    depth_of_discharge: 0.4
  Li-ion:
    cost: 280.467
    lifetime: 15.2248
    annual_cost: 18.42171982554779
    efficiency: 0.903535
    discharge_ratio: 2
    depth_of_discharge: 0.9
  Pb-acid:
    cost: 179.891
    lifetime: 6.64463
    annual_cost: 27.07314026514644
    efficiency: 0.735574
    discharge_ratio: 5
    depth_of_discharge: 0.5
  VRBF:
    cost: 355.579
    lifetime: 15.5163
    annual_cost: 22.916481377648022
    efficiency: 0.772576
    discharge_ratio: 0.5
    depth_of_discharge: 1.0
