cost_values:
  wind_capex: 5000.0
  wind_opex: 100
  wind_lifetime: 20
  solar_capex: 1000.0
  solar_opex: 10
  solar_lifetime: 20
  carbon_price: 1.0
timeseries_values:
  load_level: 252050.47366953324
  wind_year: 2018
  solar_year: 2010
  price_year: 2023
  carbon_year: 2023
storage_values:
  CAES:
    cost: 68.0454
    lifetime: 24.7155
    annual_cost: 2.7531468107058323
    efficiency: 0.581759
    discharge_ratio: 0.1
    depth_of_discharge: 0.4
  Li-ion:
    cost: 294.603
    lifetime: 14.6584
    annual_cost: 20.097896086885335
    efficiency: 0.907667
    discharge_ratio: 2
    depth_of_discharge: 0.9
  Pb-acid:
    cost: 171.037
    lifetime: 6.06903
    annual_cost: 28.18193352150179
    efficiency: 0.743492
    discharge_ratio: 5
    depth_of_discharge: 0.5
  VRBF:
    cost: 361.178
    lifetime: 15.5452
    annual_cost: 23.23405295525307
    efficiency: 0.790808
    discharge_ratio: 0.5
    depth_of_discharge: 1.0
