cost_values:
  wind_capex: 5000.0
  wind_opex: 100
  wind_lifetime: 20
  solar_capex: 1000.0
  solar_opex: 10
  solar_lifetime: 20
  carbon_price: 1.0
timeseries_values:
  load_level: 252050.47366953324
  wind_year: 2018
  solar_year: 2010
  price_year: 2023
  carbon_year: 2023
storage_values:
  CAES:
    cost: 64.9113
    lifetime: 24.339
    annual_cost: 2.6669665968199188
    efficiency: 0.594378
    discharge_ratio: 0.1
    depth_of_discharge: 0.4
  Li-ion:
    cost: 261.074
    lifetime: 15.4522
    annual_cost: 16.895587683307234
    efficiency: 0.915657
    discharge_ratio: 2
    depth_of_discharge: 0.9
  Pb-acid:
    cost: 183.262
    lifetime: 6.08406
    annual_cost: 30.12166217953143
    efficiency: 0.726925
    discharge_ratio: 5
    depth_of_discharge: 0.5
  VRBF:
    cost: 364.814
    lifetime: 13.4423
    annual_cost: 27.13925444306406
    efficiency: 0.812148
    discharge_ratio: 0.5
    depth_of_discharge: 1.0
