cost_values:
  wind_capex: 5000.0
  wind_opex: 100
  wind_lifetime: 20
  solar_capex: 1000.0
  solar_opex: 10
  solar_lifetime: 20
  carbon_price: 1.0
timeseries_values:
  load_level: 252050.47366953324
  wind_year: 2018
  solar_year: 2010
  price_year: 2023
  carbon_year: 2023
storage_values:
  CAES:
    cost: 69.4296
    lifetime: 24.3938
    annual_cost: 2.8461986242405857
    efficiency: 0.587941
    discharge_ratio: 0.1
    depth_of_discharge: 0.4
  Li-ion:
    cost: 285.748
    lifetime: 15.4396
    annual_cost: 18.507474286898624
    efficiency: 0.924009
    discharge_ratio: 2
    depth_of_discharge: 0.9
  Pb-acid:
    cost: 171.443
    lifetime: 7.27311
    annual_cost: 23.57217201444774
    efficiency: 0.742654
    discharge_ratio: 5
    depth_of_discharge: 0.5
  VRBF:
    cost: 341.677
    lifetime: 13.6427
    annual_cost: 25.044675907261762
    efficiency: 0.791151
    discharge_ratio: 0.5
    depth_of_discharge: 1.0
