cost_values:
  wind_capex: 5000.0
  wind_opex: 100
  wind_lifetime: 20
  solar_capex: 1000.0
  solar_opex: 10
  solar_lifetime: 20
  carbon_price: 1.0
timeseries_values:
  load_level: 252050.47366953324
  wind_year: 2018
  solar_year: 2010
  price_year: 2023
  carbon_year: 2023
storage_values:
  CAES:
    cost: 68.8905
    lifetime: 23.6567
    annual_cost: 2.91209255728821
    efficiency: 0.603915
    discharge_ratio: 0.1
    depth_of_discharge: 0.4
  Li-ion:
    cost: 263.22
    lifetime: 15.7902
    annual_cost: 16.66983318767337
    efficiency: 0.924811
    discharge_ratio: 2
    depth_of_discharge: 0.9
  Pb-acid:
    cost: 204.487
    lifetime: 7.74878
    annual_cost: 26.389573584486847
    efficiency: 0.730834
    discharge_ratio: 5
    depth_of_discharge: 0.5
  VRBF:
    cost: 364.726
    lifetime: 15.6606
    annual_cost: 23.28940142778693
    efficiency: 0.7936
    discharge_ratio: 0.5
    depth_of_discharge: 1.0
