cost_values:
  wind_capex: 5000.0
  wind_opex: 100
  wind_lifetime: 20
  solar_capex: 1000.0
  solar_opex: 10
  solar_lifetime: 20
  carbon_price: 1.0
timeseries_values:
  load_level: 252050.47366953324
  wind_year: 2018
  solar_year: 2010
  price_year: 2023
  carbon_year: 2023
storage_values:
  CAES:
    cost: 62.6054
    lifetime: 24.7753
    annual_cost: 2.5269280291257825
    efficiency: 0.597675
    discharge_ratio: 0.1
    depth_of_discharge: 0.4
  Li-ion:
    cost: 288.18
    lifetime: 14.6142
    annual_cost: 19.71917723857618
    efficiency: 0.912883
    discharge_ratio: 2
    depth_of_discharge: 0.9
  Pb-acid:
    cost: 172.428
    lifetime: 7.47647
    annual_cost: 23.062755551751028
    efficiency: 0.744359
    discharge_ratio: 5
    depth_of_discharge: 0.5
  VRBF:
    cost: 354.241
    lifetime: 16.343
    annual_cost: 21.675396194089213
    efficiency: 0.795722
    discharge_ratio: 0.5
    depth_of_discharge: 1.0
