cost_values:
  wind_capex: 5000.0
  wind_opex: 100
  wind_lifetime: 20
  solar_capex: 1000.0
  solar_opex: 10
  solar_lifetime: 20
  carbon_price: 1.0
timeseries_values:
  load_level: 252050.47366953324
  wind_year: 2018
  solar_year: 2010
  price_year: 2023
  carbon_year: 2023
storage_values:
  CAES:
    cost: 68.4077
    lifetime: 23.6969
    annual_cost: 2.8867784393739266
    efficiency: 0.587699
    discharge_ratio: 0.1
    depth_of_discharge: 0.4
  Li-ion:
    cost: 289.257
    lifetime: 14.8301
    annual_cost: 19.504723501527298
    efficiency: 0.919689
    discharge_ratio: 2
    depth_of_discharge: 0.9
  Pb-acid:
    cost: 188.222
    lifetime: 9.08439
    annual_cost: 20.71927779410615
    efficiency: 0.729624
    discharge_ratio: 5
    depth_of_discharge: 0.5
  VRBF:
    cost: 308.454
    lifetime: 17.9945
    annual_cost: 17.14157103559421
    efficiency: 0.789282
    discharge_ratio: 0.5
    depth_of_discharge: 1.0
