cost_values:
  wind_capex: 5000.0
  wind_opex: 100
  wind_lifetime: 20
  solar_capex: 1000.0
  solar_opex: 10
  solar_lifetime: 20
  carbon_price: 1.0
timeseries_values:
  load_level: 252050.47366953324
  wind_year: 2018
  solar_year: 2010
  price_year: 2023
  carbon_year: 2023
storage_values:
  CAES:
    cost: 64.5868
    lifetime: 25.3275
    annual_cost: 2.5500661336491954
    efficiency: 0.58382
    discharge_ratio: 0.1
    depth_of_discharge: 0.4
  Li-ion:
    cost: 285.118
    lifetime: 16.0186
    annual_cost: 17.79918344924026
    efficiency: 0.940812
    discharge_ratio: 2
    depth_of_discharge: 0.9
  Pb-acid:
    cost: 198.095
    lifetime: 7.96538
    annual_cost: 24.869497751519702
    efficiency: 0.735415
    discharge_ratio: 5
    depth_of_discharge: 0.5
  VRBF:
    cost: 360.515
    lifetime: 15.382
    annual_cost: 23.437459368092576
    efficiency: 0.792467
    discharge_ratio: 0.5
    depth_of_discharge: 1.0
