cost_values:
  wind_capex: 5000.0
  wind_opex: 100
  wind_lifetime: 20
  solar_capex: 1000.0
  solar_opex: 10
  solar_lifetime: 20
  carbon_price: 1.0
timeseries_values:
  load_level: 252050.47366953324
  wind_year: 2018
  solar_year: 2010
  price_year: 2023
  carbon_year: 2023
storage_values:
  CAES:
    cost: 59.7156
    lifetime: 24.4451
    annual_cost: 2.4428453964189143
    efficiency: 0.592862
    discharge_ratio: 0.1
    depth_of_discharge: 0.4
  Li-ion:
    cost: 294.699
    lifetime: 15.3859
    annual_cost: 19.153835654722833
    efficiency: 0.918572
    discharge_ratio: 2
    depth_of_discharge: 0.9
  Pb-acid:
    cost: 197.12
    lifetime: 6.91569
    annual_cost: 28.503301912029027
    efficiency: 0.755861
    discharge_ratio: 5
    depth_of_discharge: 0.5
  VRBF:
    cost: 385.805
    lifetime: 14.9563
    annual_cost: 25.795484177236347
    efficiency: 0.798425
    discharge_ratio: 0.5
    depth_of_discharge: 1.0
