cost_values:
  wind_capex: 5000.0
  wind_opex: 100
  wind_lifetime: 20
  solar_capex: 1000.0
  solar_opex: 10
  solar_lifetime: 20
  carbon_price: 1.0
timeseries_values:
  load_level: 252050.47366953324
  wind_year: 2018
  solar_year: 2010
  price_year: 2023
  carbon_year: 2023
storage_values:
  CAES:
    cost: 66.3417
    lifetime: 24.2689
    annual_cost: 2.733609681526563
    efficiency: 0.590578
    discharge_ratio: 0.1
    depth_of_discharge: 0.4
  Li-ion:
    cost: 268.72
    lifetime: 14.3774
    annual_cost: 18.690444725750137
    efficiency: 0.925357
    discharge_ratio: 2
    depth_of_discharge: 0.9
  Pb-acid:
    cost: 172.476
    lifetime: 7.22526
    annual_cost: 23.871251691980635
    efficiency: 0.735785
    discharge_ratio: 5
    depth_of_discharge: 0.5
  VRBF:
    cost: 371.24
    lifetime: 14.6548
    annual_cost: 25.33231432704643
    efficiency: 0.78174
    discharge_ratio: 0.5
    depth_of_discharge: 1.0
