cost_values:
  wind_capex: 5000.0
  wind_opex: 100
  wind_lifetime: 20
  solar_capex: 1000.0
  solar_opex: 10
  solar_lifetime: 20
  carbon_price: 1.0
timeseries_values:
  load_level: 252050.47366953324
  wind_year: 2018
  solar_year: 2010
  price_year: 2023
  carbon_year: 2023
storage_values:
  CAES:
    cost: 63.0077
    lifetime: 25.1272
    annual_cost: 2.5075495876977936
    efficiency: 0.589464
    discharge_ratio: 0.1
    depth_of_discharge: 0.4
  Li-ion:
    cost: 273.229
    lifetime: 16.0347
    annual_cost: 17.039857309460107
    efficiency: 0.923173
    discharge_ratio: 2
    depth_of_discharge: 0.9
  Pb-acid:
    cost: 181.037
    lifetime: 6.31057
    annual_cost: 28.687899825213886
    efficiency: 0.734407
    discharge_ratio: 5
    depth_of_discharge: 0.5
  VRBF:
    cost: 364.567
    lifetime: 15.1567
    annual_cost: 24.05319099804047
    efficiency: 0.783591
    discharge_ratio: 0.5
    depth_of_discharge: 1.0
