cost_values:
  wind_capex: 5000.0
  wind_opex: 100
  wind_lifetime: 20
  solar_capex: 1000.0
  solar_opex: 10
  solar_lifetime: 20
  carbon_price: 1.0
timeseries_values:
  load_level: 252050.47366953324
  wind_year: 2018
  solar_year: 2010
  price_year: 2023
  carbon_year: 2023
storage_values:
  CAES:
    cost: 58.1826
    lifetime: 25.7492
    annual_cost: 2.2595886474142888
    efficiency: 0.58338
    discharge_ratio: 0.1
    depth_of_discharge: 0.4
  Li-ion:
    cost: 270.187
    lifetime: 14.9439
    annual_cost: 18.080086189013578
    efficiency: 0.91682
    discharge_ratio: 2
    depth_of_discharge: 0.9
  Pb-acid:
    cost: 199.667
    lifetime: 8.53061
    annual_cost: 23.405946350847127
    efficiency: 0.73691
    discharge_ratio: 5
    depth_of_discharge: 0.5
  VRBF:
    cost: 360.641
    lifetime: 16.1095
    annual_cost: 22.386852478351283
    efficiency: 0.796609
    discharge_ratio: 0.5
    depth_of_discharge: 1.0
