cost_values:
  wind_capex: 5000.0
  wind_opex: 100
  wind_lifetime: 20
  solar_capex: 1000.0
  solar_opex: 10
  solar_lifetime: 20
  carbon_price: 1.0
timeseries_values:
  load_level: 252050.47366953324
  wind_year: 2018
  solar_year: 2010
  price_year: 2023
  carbon_year: 2023
storage_values:
  CAES:
    cost: 64.6645
    lifetime: 24.6576
    annual_cost: 2.6224977288949454
    efficiency: 0.591371
    discharge_ratio: 0.1
    depth_of_discharge: 0.4
  Li-ion:
    cost: 271.332
    lifetime: 15.5919
    annual_cost: 17.402112635406844
    efficiency: 0.912887
    discharge_ratio: 2
    depth_of_discharge: 0.9
  Pb-acid:
    cost: 147.659
    lifetime: 6.76534
    annual_cost: 21.825806241814895
    efficiency: 0.748838
    discharge_ratio: 5
    depth_of_discharge: 0.5
  VRBF:
    cost: 334.874
    lifetime: 14.69
    annual_cost: 22.796051735874748
    efficiency: 0.808531
    discharge_ratio: 0.5
    depth_of_discharge: 1.0
