cost_values:
  wind_capex: 5000.0
  wind_opex: 100
  wind_lifetime: 20
  solar_capex: 1000.0
  solar_opex: 10
  solar_lifetime: 20
  carbon_price: 1.0
timeseries_values:
  load_level: 252050.47366953324
  wind_year: 2018
  solar_year: 2010
  price_year: 2023
  carbon_year: 2023
storage_values:
  CAES:
    cost: 65.9884
    lifetime: 24.3767
    annual_cost: 2.7070276124331842
    efficiency: 0.589785
    discharge_ratio: 0.1
    depth_of_discharge: 0.4
  Li-ion:
    cost: 281.791
    lifetime: 15.9812
    annual_cost: 17.632655870648012
    efficiency: 0.925346
    discharge_ratio: 2
    depth_of_discharge: 0.9
  Pb-acid:
    cost: 192.235
    lifetime: 6.76692
    annual_cost: 28.408049747891216
    efficiency: 0.734329
    discharge_ratio: 5
    depth_of_discharge: 0.5
  VRBF:
    cost: 359.677
    lifetime: 15.4994
    annual_cost: 23.20586603352388
    efficiency: 0.784139
    discharge_ratio: 0.5
    depth_of_discharge: 1.0
