cost_values:
  wind_capex: 5000.0
  wind_opex: 100
  wind_lifetime: 20
  solar_capex: 1000.0
  solar_opex: 10
  solar_lifetime: 20
  carbon_price: 1.0
timeseries_values:
  load_level: 252050.47366953324
  wind_year: 2018
  solar_year: 2010
  price_year: 2023
  carbon_year: 2023
storage_values:
  CAES:
    cost: 59.592
    lifetime: 25.2686
    annual_cost: 2.3583419738331366
    efficiency: 0.584988
    discharge_ratio: 0.1
    depth_of_discharge: 0.4
  Li-ion:
    cost: 289.251
    lifetime: 15.6329
    annual_cost: 18.50270903031427
    efficiency: 0.919143
    discharge_ratio: 2
    depth_of_discharge: 0.9
  Pb-acid:
    cost: 183.827
    lifetime: 7.18442
    annual_cost: 25.586894975516465
    efficiency: 0.738892
    discharge_ratio: 5
    depth_of_discharge: 0.5
  VRBF:
    cost: 372.25
    lifetime: 15.8991
    annual_cost: 23.413274965249606
    efficiency: 0.80618
    discharge_ratio: 0.5
    depth_of_discharge: 1.0
