cost_values:
  wind_capex: 5000.0
  wind_opex: 100
  wind_lifetime: 20
  solar_capex: 1000.0
  solar_opex: 10
  solar_lifetime: 20
  carbon_price: 1.0
timeseries_values:
  load_level: 252050.47366953324
  wind_year: 2018
  solar_year: 2010
  price_year: 2023
  carbon_year: 2023
storage_values:
  CAES:
    cost: 63.9284
    lifetime: 23.7634
    annual_cost: 2.690204263699639
    efficiency: 0.591491
    discharge_ratio: 0.1
    depth_of_discharge: 0.4
  Li-ion:
    cost: 273.047
    lifetime: 18.1393
    annual_cost: 15.052785939920506
    efficiency: 0.914257
    discharge_ratio: 2
    depth_of_discharge: 0.9
  Pb-acid:
    cost: 181.048
    lifetime: 7.39606
    annual_cost: 24.478979348463913
    efficiency: 0.74312
    discharge_ratio: 5
    depth_of_discharge: 0.5
  VRBF:
    cost: 353.728
    lifetime: 15.0877
    annual_cost: 23.44479277822332
    efficiency: 0.80186
    discharge_ratio: 0.5
    depth_of_discharge: 1.0
