cost_values:
  wind_capex: 5000.0
  wind_opex: 100
  wind_lifetime: 20
  solar_capex: 1000.0
  solar_opex: 10
  solar_lifetime: 20
  carbon_price: 1.0
timeseries_values:
  load_level: 252050.47366953324
  wind_year: 2018
  solar_year: 2010
  price_year: 2023
  carbon_year: 2023
storage_values:
  CAES:
    cost: 66.0902
    lifetime: 24.2855
    annual_cost: 2.7213851886928415
    efficiency: 0.582309
    discharge_ratio: 0.1
    depth_of_discharge: 0.4
  Li-ion:
    cost: 294.568
    lifetime: 14.9982
    annual_cost: 19.640223493485884
    efficiency: 0.917009
    discharge_ratio: 2
    depth_of_discharge: 0.9
  Pb-acid:
    cost: 176.588
    lifetime: 8.96503
    annual_cost: 19.697424325406605
    efficiency: 0.751822
    discharge_ratio: 5
    depth_of_discharge: 0.5
  VRBF:
    cost: 331.276
    lifetime: 16.4983
    annual_cost: 20.079402120218447
    efficiency: 0.781271
    discharge_ratio: 0.5
    depth_of_discharge: 1.0
