cost_values:
  wind_capex: 5000.0
  wind_opex: 100
  wind_lifetime: 20
  solar_capex: 1000.0
  solar_opex: 10
  solar_lifetime: 20
  carbon_price: 1.0
timeseries_values:
  load_level: 252050.47366953324
  wind_year: 2018
  solar_year: 2010
  price_year: 2023
  carbon_year: 2023
storage_values:
  CAES:
    cost: 58.2143
    lifetime: 24.9952
    annual_cost: 2.329019171680963
    efficiency: 0.587559
    discharge_ratio: 0.1
    depth_of_discharge: 0.4
  Li-ion:
    cost: 294.147
    lifetime: 13.6082
    annual_cost: 21.615423053747005
    efficiency: 0.927033
    discharge_ratio: 2
    depth_of_discharge: 0.9
  Pb-acid:
    cost: 187.801
    lifetime: 7.45714
    annual_cost: 25.184051794655858
    efficiency: 0.737217
    discharge_ratio: 5
    depth_of_discharge: 0.5
  VRBF:
    cost: 360.336
    lifetime: 14.8793
    annual_cost: 24.217268285470418
    efficiency: 0.8128
    discharge_ratio: 0.5
    depth_of_discharge: 1.0
