cost_values:
  wind_capex: 5000.0
  wind_opex: 100
  wind_lifetime: 20
  solar_capex: 1000.0
  solar_opex: 10
  solar_lifetime: 20
  carbon_price: 1.0
timeseries_values:
  load_level: 252050.47366953324
  wind_year: 2018
  solar_year: 2010
  price_year: 2023
  carbon_year: 2023
storage_values:
  CAES:
    cost: 69.3401
    lifetime: 22.4291
    annual_cost: 3.091523957715647
    efficiency: 0.594105
    discharge_ratio: 0.1
    depth_of_discharge: 0.4
  Li-ion:
    cost: 283.858
    lifetime: 16.5496
    annual_cost: 17.151955334267896
    efficiency: 0.926979
    discharge_ratio: 2
    depth_of_discharge: 0.9
  Pb-acid:
    cost: 195.137
    lifetime: 7.54889
    annual_cost: 25.84976069329398
    efficiency: 0.725314
    discharge_ratio: 5
    depth_of_discharge: 0.5
  VRBF:
    cost: 359.571
    lifetime: 15.0994
    annual_cost: 23.813595242195056
    efficiency: 0.793853
    discharge_ratio: 0.5
    depth_of_discharge: 1.0
