cost_values:
  wind_capex: 5000.0
  wind_opex: 100
  wind_lifetime: 20
  solar_capex: 1000.0
  solar_opex: 10
  solar_lifetime: 20
  carbon_price: 1.0
timeseries_values:
  load_level: 252050.47366953324
  wind_year: 2018
  solar_year: 2010
  price_year: 2023
  carbon_year: 2023
storage_values:
  CAES:
    cost: 66.3134
    lifetime: 24.8213
    annual_cost: 2.671632831479415
    efficiency: 0.580182
    discharge_ratio: 0.1
    depth_of_discharge: 0.4
  Li-ion:
    cost: 283.12
    lifetime: 13.5966
    annual_cost: 20.82285277201653
    efficiency: 0.912503
    discharge_ratio: 2
    depth_of_discharge: 0.9
  Pb-acid:
    cost: 185.375
    lifetime: 9.25677
    annual_cost: 20.02588375858966
    efficiency: 0.730354
    discharge_ratio: 5
    depth_of_discharge: 0.5
  VRBF:
    cost: 340.007
    lifetime: 15.8595
    annual_cost: 21.438696049686307
    efficiency: 0.805191
    discharge_ratio: 0.5
    depth_of_discharge: 1.0
