cost_values:
  wind_capex: 5000.0
  wind_opex: 100
  wind_lifetime: 20
  solar_capex: 1000.0
  solar_opex: 10
  solar_lifetime: 20
  carbon_price: 1.0
timeseries_values:
  load_level: 252050.47366953324
  wind_year: 2018
  solar_year: 2010
  price_year: 2023
  carbon_year: 2023
storage_values:
  CAES:
    cost: 69.7347
    lifetime: 24.7788
    annual_cost: 2.8142888275461284
    efficiency: 0.591019
    discharge_ratio: 0.1
    depth_of_discharge: 0.4
  Li-ion:
    cost: 273.974
    lifetime: 13.3339
    annual_cost: 20.547176744988338
    efficiency: 0.909791
    discharge_ratio: 2
    depth_of_discharge: 0.9
  Pb-acid:
    cost: 156.957
    lifetime: 6.20045
    annual_cost: 25.313807868783716
    efficiency: 0.743345
    discharge_ratio: 5
    depth_of_discharge: 0.5
  VRBF:
    cost: 367.365
    lifetime: 15.1808
    annual_cost: 24.199317559021924
    efficiency: 0.800522
    discharge_ratio: 0.5
    depth_of_discharge: 1.0
