cost_values:
  wind_capex: 5000.0
  wind_opex: 100
  wind_lifetime: 20
  solar_capex: 1000.0
  solar_opex: 10
  solar_lifetime: 20
  carbon_price: 1.0
timeseries_values:
  load_level: 252050.47366953324
  wind_year: 2018
  solar_year: 2010
  price_year: 2023
  carbon_year: 2023
storage_values:
  CAES:
    cost: 64.2496
    lifetime: 24.3199
    annual_cost: 2.6418529681454284
    efficiency: 0.589244
    discharge_ratio: 0.1
    depth_of_discharge: 0.4
  Li-ion:
    cost: 271.617
    lifetime: 14.4819
    annual_cost: 18.755619083131357
    efficiency: 0.928865
    discharge_ratio: 2
    depth_of_discharge: 0.9
  Pb-acid:
    cost: 181.529
    lifetime: 5.54819
    annual_cost: 32.71859831764954
    efficiency: 0.744589
    discharge_ratio: 5
    depth_of_discharge: 0.5
  VRBF:
    cost: 354.995
    lifetime: 14.5757
    annual_cost: 24.35526252598503
    efficiency: 0.773901
    discharge_ratio: 0.5
    depth_of_discharge: 1.0
