cost_values:
  wind_capex: 5000.0
  wind_opex: 100
  wind_lifetime: 20
  solar_capex: 1000.0
  solar_opex: 10
  solar_lifetime: 20
  carbon_price: 1.0
timeseries_values:
  load_level: 252050.47366953324
  wind_year: 2018
  solar_year: 2010
  price_year: 2023
  carbon_year: 2023
storage_values:
  CAES:
    cost: 62.4527
    lifetime: 24.8192
    annual_cost: 2.5163059244455908
    efficiency: 0.589711
    discharge_ratio: 0.1
    depth_of_discharge: 0.4
  Li-ion:
    cost: 279.241
    lifetime: 14.7137
    annual_cost: 18.978299136179206
    efficiency: 0.924019
    discharge_ratio: 2
    depth_of_discharge: 0.9
  Pb-acid:
    cost: 191.612
    lifetime: 8.30345
    annual_cost: 23.076191221721093
    efficiency: 0.738016
    discharge_ratio: 5
    depth_of_discharge: 0.5
  VRBF:
    cost: 365.118
    lifetime: 16.3743
    annual_cost: 22.29823564976823
    efficiency: 0.78349
    discharge_ratio: 0.5
    depth_of_discharge: 1.0
