cost_values:
  wind_capex: 5000.0
  wind_opex: 100
  wind_lifetime: 20
  solar_capex: 1000.0
  solar_opex: 10
  solar_lifetime: 20
  carbon_price: 1.0
timeseries_values:
  load_level: 252050.47366953324
  wind_year: 2018
  solar_year: 2010
  price_year: 2023
  carbon_year: 2023
storage_values:
  CAES:
    cost: 67.9707
    lifetime: 23.7554
    annual_cost: 2.8612736472549396
    efficiency: 0.592613
    discharge_ratio: 0.1
    depth_of_discharge: 0.4
  Li-ion:
    cost: 258.374
    lifetime: 16.3404
    annual_cost: 15.811975227044629
    efficiency: 0.929401
    discharge_ratio: 2
    depth_of_discharge: 0.9
  Pb-acid:
    cost: 192.551
    lifetime: 7.49298
    annual_cost: 25.69751954496075
    efficiency: 0.742694
    discharge_ratio: 5
    depth_of_discharge: 0.5
  VRBF:
    cost: 361.879
    lifetime: 17.2519
    annual_cost: 20.976182333540077
    efficiency: 0.792192
    discharge_ratio: 0.5
    depth_of_discharge: 1.0
