cost_values:
  wind_capex: 5000.0
  wind_opex: 100
  wind_lifetime: 20
  solar_capex: 1000.0
  solar_opex: 10
  solar_lifetime: 20
  carbon_price: 1.0
timeseries_values:
  load_level: 252050.47366953324
  wind_year: 2018
  solar_year: 2010
  price_year: 2023
  carbon_year: 2023
storage_values:
  CAES:
    cost: 62.6494
    lifetime: 23.8277
    annual_cost: 2.629267617101105
    efficiency: 0.599283
    discharge_ratio: 0.1
    depth_of_discharge: 0.4
  Li-ion:
    cost: 288.089
    lifetime: 13.281
    annual_cost: 21.69181537534824
    efficiency: 0.920203
    discharge_ratio: 2
    depth_of_discharge: 0.9
  Pb-acid:
    cost: 179.643
    lifetime: 6.07185
    annual_cost: 29.586205192816028
    efficiency: 0.749355
    discharge_ratio: 5
    depth_of_discharge: 0.5
  VRBF:
    cost: 350.726
    lifetime: 15.7265
    annual_cost: 22.30159285282803
    efficiency: 0.771109
    discharge_ratio: 0.5
    depth_of_discharge: 1.0
