cost_values:
  wind_capex: 5000.0
  wind_opex: 100
  wind_lifetime: 20
  solar_capex: 1000.0
  solar_opex: 10
  solar_lifetime: 20
  carbon_price: 1.0
timeseries_values:
  load_level: 252050.47366953324
  wind_year: 2018
  solar_year: 2010
  price_year: 2023
  carbon_year: 2023
storage_values:
  CAES:
    cost: 59.9214
    lifetime: 24.5097
    annual_cost: 2.4448034859667804
    efficiency: 0.602323
    discharge_ratio: 0.1
    depth_of_discharge: 0.4
  Li-ion:
    cost: 282.075
    lifetime: 15.0141
    annual_cost: 18.787339900493535
    efficiency: 0.931259
    discharge_ratio: 2
    depth_of_discharge: 0.9
  Pb-acid:
    cost: 184.041
    lifetime: 7.99239
    annual_cost: 23.027029461775513
    efficiency: 0.744486
    discharge_ratio: 5
    depth_of_discharge: 0.5
  VRBF:
    cost: 370.474
    lifetime: 16.6198
    annual_cost: 22.291122636854833
    efficiency: 0.778112
    discharge_ratio: 0.5
    depth_of_discharge: 1.0
