cost_values:
  wind_capex: 5000.0
  wind_opex: 100
  wind_lifetime: 20
  solar_capex: 1000.0
  solar_opex: 10
  solar_lifetime: 20
  carbon_price: 1.0
timeseries_values:
  load_level: 252050.47366953324
  wind_year: 2018
  solar_year: 2010
  price_year: 2023
  carbon_year: 2023
storage_values:
  CAES:
    cost: 60.4824
    lifetime: 24.4633
    annual_cost: 2.472372901448292
    efficiency: 0.593664
    discharge_ratio: 0.1
    depth_of_discharge: 0.4
  Li-ion:
    cost: 296.757
    lifetime: 16.3379
    annual_cost: 18.163717491232042
    efficiency: 0.924542
    discharge_ratio: 2
    depth_of_discharge: 0.9
  Pb-acid:
    cost: 181.713
    lifetime: 8.77877
    annual_cost: 20.699141223656618
    efficiency: 0.741309
    discharge_ratio: 5
    depth_of_discharge: 0.5
  VRBF:
    cost: 399.645
    lifetime: 16.1556
    annual_cost: 24.737242813637376
    efficiency: 0.806865
    discharge_ratio: 0.5
    depth_of_discharge: 1.0
