cost_values:
  wind_capex: 5000.0
  wind_opex: 100
  wind_lifetime: 20
  solar_capex: 1000.0
  solar_opex: 10
  solar_lifetime: 20
  carbon_price: 1.0
timeseries_values:
  load_level: 252050.47366953324
  wind_year: 2018
  solar_year: 2010
  price_year: 2023
  carbon_year: 2023
storage_values:
  CAES:
    cost: 64.7851
    lifetime: 24.6027
    annual_cost: 2.6332516349831523
    efficiency: 0.603359
    discharge_ratio: 0.1
    depth_of_discharge: 0.4
  Li-ion:
    cost: 282.568
    lifetime: 17.7153
    annual_cost: 15.950506059733677
    efficiency: 0.923962
    discharge_ratio: 2
    depth_of_discharge: 0.9
  Pb-acid:
    cost: 182.407
    lifetime: 7.01133
    annual_cost: 26.01603404774843
    efficiency: 0.745834
    discharge_ratio: 5
    depth_of_discharge: 0.5
  VRBF:
    cost: 347.463
    lifetime: 16.251
    annual_cost: 21.381022706294996
    efficiency: 0.794271
    discharge_ratio: 0.5
    depth_of_discharge: 1.0
