cost_values:
  wind_capex: 5000.0
  wind_opex: 100
  wind_lifetime: 20
  solar_capex: 1000.0
  solar_opex: 10
  solar_lifetime: 20
  carbon_price: 1.0
timeseries_values:
  load_level: 252050.47366953324
  wind_year: 2018
  solar_year: 2010
  price_year: 2023
  carbon_year: 2023
storage_values:
  CAES:
    cost: 62.1779
    lifetime: 23.8827
    annual_cost: 2.6034702943971997
    efficiency: 0.59319
    discharge_ratio: 0.1
    depth_of_discharge: 0.4
  Li-ion:
    cost: 263.859
    lifetime: 15.4407
    annual_cost: 17.088538732052303
    efficiency: 0.920038
    discharge_ratio: 2
    depth_of_discharge: 0.9
  Pb-acid:
    cost: 176.315
    lifetime: 8.43668
    annual_cost: 20.89862362920011
    efficiency: 0.738636
    discharge_ratio: 5
    depth_of_discharge: 0.5
  VRBF:
    cost: 353.602
    lifetime: 15.5786
    annual_cost: 22.697931778208567
    efficiency: 0.795313
    discharge_ratio: 0.5
    depth_of_discharge: 1.0
