cost_values:
  wind_capex: 5000.0
  wind_opex: 100
  wind_lifetime: 20
  solar_capex: 1000.0
  solar_opex: 10
  solar_lifetime: 20
  carbon_price: 1.0
timeseries_values:
  load_level: 252050.47366953324
  wind_year: 2018
  solar_year: 2010
  price_year: 2023
  carbon_year: 2023
storage_values:
  CAES:
    cost: 74.4299
    lifetime: 24.7555
    annual_cost: 3.006600553412373
    efficiency: 0.594234
    discharge_ratio: 0.1
    depth_of_discharge: 0.4
  Li-ion:
    cost: 289.66
    lifetime: 15.7642
    annual_cost: 18.37454485479758
    efficiency: 0.912836
    discharge_ratio: 2
    depth_of_discharge: 0.9
  Pb-acid:
    cost: 196.647
    lifetime: 7.56844
    annual_cost: 25.98250101738271
    efficiency: 0.738414
    discharge_ratio: 5
    depth_of_discharge: 0.5
  VRBF:
    cost: 356.775
    lifetime: 16.1974
    annual_cost: 22.026683294849793
    efficiency: 0.778042
    discharge_ratio: 0.5
    depth_of_discharge: 1.0
