cost_values:
  wind_capex: 5000.0
  wind_opex: 100
  wind_lifetime: 20
  solar_capex: 1000.0
  solar_opex: 10
  solar_lifetime: 20
  carbon_price: 1.0
timeseries_values:
  load_level: 252050.47366953324
  wind_year: 2018
  solar_year: 2010
  price_year: 2023
  carbon_year: 2023
storage_values:
  CAES:
    cost: 56.2008
    lifetime: 24.3139
    annual_cost: 2.3114679257544037
    efficiency: 0.594628
    discharge_ratio: 0.1
    depth_of_discharge: 0.4
  Li-ion:
    cost: 271.402
    lifetime: 15.9596
    annual_cost: 17.00556404922429
    efficiency: 0.924573
    discharge_ratio: 2
    depth_of_discharge: 0.9
  Pb-acid:
    cost: 188.245
    lifetime: 6.09849
    annual_cost: 30.867477031199527
    efficiency: 0.73344
    discharge_ratio: 5
    depth_of_discharge: 0.5
  VRBF:
    cost: 365.556
    lifetime: 16.6923
    annual_cost: 21.899678294782625
    efficiency: 0.7793
    discharge_ratio: 0.5
    depth_of_discharge: 1.0
