cost_values:
  wind_capex: 5000.0
  wind_opex: 100
  wind_lifetime: 20
  solar_capex: 1000.0
  solar_opex: 10
  solar_lifetime: 20
  carbon_price: 1.0
timeseries_values:
  load_level: 252050.47366953324
  wind_year: 2018
  solar_year: 2010
  price_year: 2023
  carbon_year: 2023
storage_values:
  CAES:
    cost: 67.2683
    lifetime: 24.6314
    annual_cost: 2.730997832035532
    efficiency: 0.593985
    discharge_ratio: 0.1
    depth_of_discharge: 0.4
  Li-ion:
    cost: 295.758
    lifetime: 15.904
    annual_cost: 18.596453722334005
    efficiency: 0.924503
    discharge_ratio: 2
    depth_of_discharge: 0.9
  Pb-acid:
    cost: 198.161
    lifetime: 5.52403
    annual_cost: 35.87254232869844
    efficiency: 0.7303
    discharge_ratio: 5
    depth_of_discharge: 0.5
  VRBF:
    cost: 358.049
    lifetime: 15.0733
    annual_cost: 23.753856156249793
    efficiency: 0.765452
    discharge_ratio: 0.5
    depth_of_discharge: 1.0
