cost_values:
  wind_capex: 5000.0
  wind_opex: 100
  wind_lifetime: 20
  solar_capex: 1000.0
  solar_opex: 10
  solar_lifetime: 20
  carbon_price: 1.0
timeseries_values:
  load_level: 252050.47366953324
  wind_year: 2018
  solar_year: 2010
  price_year: 2023
  carbon_year: 2023
storage_values:
  CAES:
    cost: 67.2437
    lifetime: 24.3606
    annual_cost: 2.7603466252883755
    efficiency: 0.595944
    discharge_ratio: 0.1
    depth_of_discharge: 0.4
  Li-ion:
    cost: 284.156
    lifetime: 16.5857
    annual_cost: 17.132590122816644
    efficiency: 0.900694
    discharge_ratio: 2
    depth_of_discharge: 0.9
  Pb-acid:
    cost: 187.847
    lifetime: 7.48154
    annual_cost: 25.108065986414562
    efficiency: 0.724427
    discharge_ratio: 5
    depth_of_discharge: 0.5
  VRBF:
    cost: 369.227
    lifetime: 16.9913
    annual_cost: 21.73035612342787
    efficiency: 0.775578
    discharge_ratio: 0.5
    depth_of_discharge: 1.0
