cost_values:
  wind_capex: 5000.0
  wind_opex: 100
  wind_lifetime: 20
  solar_capex: 1000.0
  solar_opex: 10
  solar_lifetime: 20
  carbon_price: 1.0
timeseries_values:
  load_level: 252050.47366953324
  wind_year: 2018
  solar_year: 2010
  price_year: 2023
  carbon_year: 2023
storage_values:
  CAES:
    cost: 66.7476
    lifetime: 23.7958
    annual_cost: 2.8050160112288727
    efficiency: 0.584961
    discharge_ratio: 0.1
    depth_of_discharge: 0.4
  Li-ion:
    cost: 273.159
    lifetime: 17.3227
    annual_cost: 15.768846657853567
    efficiency: 0.918841
    discharge_ratio: 2
    depth_of_discharge: 0.9
  Pb-acid:
    cost: 196.952
    lifetime: 8.28193
    annual_cost: 23.780930290403326
    efficiency: 0.740965
    discharge_ratio: 5
    depth_of_discharge: 0.5
  VRBF:
    cost: 339.692
    lifetime: 15.4633
    annual_cost: 21.967626573887852
    efficiency: 0.8087
    discharge_ratio: 0.5
    depth_of_discharge: 1.0
