cost_values:
  wind_capex: 5000.0
  wind_opex: 100
  wind_lifetime: 20
  solar_capex: 1000.0
  solar_opex: 10
  solar_lifetime: 20
  carbon_price: 1.0
timeseries_values:
  load_level: 266250.122375751
  wind_year: 2015
  solar_year: 2013
  price_year: 2023
  carbon_year: 2023
storage_values:
  CAES:
    cost: 40.4228
    lifetime: 25.9261
    annual_cost: 1.5591546742471871
    efficiency: 0.646497
    discharge_ratio: 0.1
    depth_of_discharge: 0.4
  Li-ion:
    cost: 161.538
    lifetime: 24.1357
    annual_cost: 6.692907187278596
    efficiency: 0.93129
    discharge_ratio: 2
    depth_of_discharge: 0.9
  Pb-acid:
    cost: 137.389
    lifetime: 6.08685
    annual_cost: 22.571445000287508
    efficiency: 0.659337
    discharge_ratio: 5
    depth_of_discharge: 0.5
  VRBF:
    cost: 324.589
    lifetime: 27.0439
    annual_cost: 12.002299964132392
    efficiency: 0.74353
    discharge_ratio: 0.5
    depth_of_discharge: 1.0
