cost_values:
  wind_capex: 5000.0
  wind_opex: 100
  wind_lifetime: 20
  solar_capex: 1000.0
  solar_opex: 10
  solar_lifetime: 20
  carbon_price: 1.0
timeseries_values:
  load_level: 266250.122375751
  wind_year: 2015
  solar_year: 2013
  price_year: 2023
  carbon_year: 2023
storage_values:
  CAES:
    cost: 47.121
    lifetime: 24.3875
    annual_cost: 1.9321783700666326
    efficiency: 0.628589
    discharge_ratio: 0.1
    depth_of_discharge: 0.4
  Li-ion:
    cost: 156.321
    lifetime: 22.426
    annual_cost: 6.970525283153483
    efficiency: 0.927996
    discharge_ratio: 2
    depth_of_discharge: 0.9
  Pb-acid:
    cost: 125.003
    lifetime: 6.45182
    annual_cost: 19.374843067537533
    efficiency: 0.675925
    discharge_ratio: 5
    depth_of_discharge: 0.5
  VRBF:
    cost: 332.225
    lifetime: 26.5088
    annual_cost: 12.53263067358764
    efficiency: 0.75171
    discharge_ratio: 0.5
    depth_of_discharge: 1.0
