cost_values:
  wind_capex: 5000.0
  wind_opex: 100
  wind_lifetime: 20
  solar_capex: 1000.0
  solar_opex: 10
  solar_lifetime: 20
  carbon_price: 1.0
timeseries_values:
  load_level: 266250.122375751
  wind_year: 2015
  solar_year: 2013
  price_year: 2023
  carbon_year: 2023
storage_values:
  CAES:
    cost: 43.7144
    lifetime: 25.1722
    annual_cost: 1.7366142013808883
    efficiency: 0.637197
    discharge_ratio: 0.1
    depth_of_discharge: 0.4
  Li-ion:
    cost: 152.526
    lifetime: 25.5909
    annual_cost: 5.9601655275898855
    efficiency: 0.934054
    discharge_ratio: 2
    depth_of_discharge: 0.9
  Pb-acid:
    cost: 140.531
    lifetime: 6.51069
    annual_cost: 21.584655389828114
    efficiency: 0.662163
    discharge_ratio: 5
    depth_of_discharge: 0.5
  VRBF:
    cost: 348.109
    lifetime: 27.3588
    annual_cost: 12.723840226910538
    efficiency: 0.751158
    discharge_ratio: 0.5
    depth_of_discharge: 1.0
