cost_values:
  wind_capex: 5000.0
  wind_opex: 100
  wind_lifetime: 20
  solar_capex: 1000.0
  solar_opex: 10
  solar_lifetime: 20
  carbon_price: 1.0
timeseries_values:
  load_level: 266250.122375751
  wind_year: 2015
  solar_year: 2013
  price_year: 2023
  carbon_year: 2023
storage_values:
  CAES:
    cost: 39.6938
    lifetime: 26.1297
    annual_cost: 1.5191066104853865
    efficiency: 0.638627
    discharge_ratio: 0.1
    depth_of_discharge: 0.4
  Li-ion:
    cost: 146.127
    lifetime: 24.5661
    annual_cost: 5.948319024997864
    efficiency: 0.927489
    discharge_ratio: 2
    depth_of_discharge: 0.9
  Pb-acid:
    cost: 134.464
    lifetime: 6.22799
    annual_cost: 21.59027230294204
    efficiency: 0.652688
    discharge_ratio: 5
    depth_of_discharge: 0.5
  VRBF:
    cost: 329.961
    lifetime: 28.2914
    annual_cost: 11.662943509334992
    efficiency: 0.74807
    discharge_ratio: 0.5
    depth_of_discharge: 1.0
