cost_values:
  wind_capex: 5000.0
  wind_opex: 100
  wind_lifetime: 20
  solar_capex: 1000.0
  solar_opex: 10
  solar_lifetime: 20
  carbon_price: 1.0
timeseries_values:
  load_level: 266250.122375751
  wind_year: 2015
  solar_year: 2013
  price_year: 2023
  carbon_year: 2023
storage_values:
  CAES:
    cost: 39.3266
    lifetime: 25.4805
    annual_cost: 1.5433998547909185
    efficiency: 0.637843
    discharge_ratio: 0.1
    depth_of_discharge: 0.4
  Li-ion:
    cost: 154.847
    lifetime: 23.2552
    annual_cost: 6.658596786955177
    efficiency: 0.935621
    discharge_ratio: 2
    depth_of_discharge: 0.9
  Pb-acid:
    cost: 142.338
    lifetime: 6.69316
    annual_cost: 21.266188168219497
    efficiency: 0.675755
    discharge_ratio: 5
    depth_of_discharge: 0.5
  VRBF:
    cost: 320.939
    lifetime: 28.0911
    annual_cost: 11.42493529979246
    efficiency: 0.738298
    discharge_ratio: 0.5
    depth_of_discharge: 1.0
