cost_values:
  wind_capex: 5000.0
  wind_opex: 100
  wind_lifetime: 20
  solar_capex: 1000.0
  solar_opex: 10
  solar_lifetime: 20
  carbon_price: 1.0
timeseries_values:
  load_level: 266250.122375751
  wind_year: 2015
  solar_year: 2013
  price_year: 2023
  carbon_year: 2023
storage_values:
  CAES:
    cost: 35.7187
    lifetime: 26.0258
    annual_cost: 1.372434276756142
    efficiency: 0.645086
    discharge_ratio: 0.1
    depth_of_discharge: 0.4
  Li-ion:
    cost: 154.454
    lifetime: 22.5964
    annual_cost: 6.835336602290631
    efficiency: 0.937791
    discharge_ratio: 2
    depth_of_discharge: 0.9
  Pb-acid:
    cost: 125.979
    lifetime: 8.0683
    annual_cost: 15.614069878413048
    efficiency: 0.664128
    discharge_ratio: 5
    depth_of_discharge: 0.5
  VRBF:
    cost: 313.1
    lifetime: 25.4957
    annual_cost: 12.280502202332158
    efficiency: 0.766554
    discharge_ratio: 0.5
    depth_of_discharge: 1.0
