cost_values:
  wind_capex: 5000.0
  wind_opex: 100
  wind_lifetime: 20
  solar_capex: 1000.0
  solar_opex: 10
  solar_lifetime: 20
  carbon_price: 1.0
timeseries_values:
  load_level: 266250.122375751
  wind_year: 2015
  solar_year: 2013
  price_year: 2023
  carbon_year: 2023
storage_values:
  CAES:
    cost: 40.1477
    lifetime: 26.2312
    annual_cost: 1.5305323431638658
    efficiency: 0.646151
    discharge_ratio: 0.1
    depth_of_discharge: 0.4
  Li-ion:
    cost: 159.892
    lifetime: 20.6192
    annual_cost: 7.75452005897416
    efficiency: 0.940912
    discharge_ratio: 2
    depth_of_discharge: 0.9
  Pb-acid:
    cost: 158.124
    lifetime: 6.16656
    annual_cost: 25.64217327002413
    efficiency: 0.666703
    discharge_ratio: 5
    depth_of_discharge: 0.5
  VRBF:
    cost: 330.606
    lifetime: 27.0973
    annual_cost: 12.200698962627273
    efficiency: 0.751561
    discharge_ratio: 0.5
    depth_of_discharge: 1.0
