cost_values:
  wind_capex: 5000.0
  wind_opex: 100
  wind_lifetime: 20
  solar_capex: 1000.0
  solar_opex: 10
  solar_lifetime: 20
  carbon_price: 1.0
timeseries_values:
  load_level: 266250.122375751
  wind_year: 2015
  solar_year: 2013
  price_year: 2023
  carbon_year: 2023
storage_values:
  CAES:
    cost: 44.3563
    lifetime: 24.9432
    annual_cost: 1.7782922800602967
    efficiency: 0.642103
    discharge_ratio: 0.1
    depth_of_discharge: 0.4
  Li-ion:
    cost: 151.498
    lifetime: 21.3887
    annual_cost: 7.083085928551057
    efficiency: 0.936559
    discharge_ratio: 2
    depth_of_discharge: 0.9
  Pb-acid:
    cost: 124.332
    lifetime: 5.83179
    annual_cost: 21.319697725741154
    efficiency: 0.673347
    discharge_ratio: 5
    depth_of_discharge: 0.5
  VRBF:
    cost: 302.027
    lifetime: 28.6293
    annual_cost: 10.549576832126528
    efficiency: 0.743225
    discharge_ratio: 0.5
    depth_of_discharge: 1.0
