cost_values:
  wind_capex: 5000.0
  wind_opex: 100
  wind_lifetime: 20
  solar_capex: 1000.0
  solar_opex: 10
  solar_lifetime: 20
  carbon_price: 1.0
timeseries_values:
  load_level: 266250.122375751
  wind_year: 2015
  solar_year: 2013
  price_year: 2023
  carbon_year: 2023
storage_values:
  CAES:
    cost: 50.1272
    lifetime: 26.1192
    annual_cost: 1.9191705718398726
    efficiency: 0.646037
    discharge_ratio: 0.1
    depth_of_discharge: 0.4
  Li-ion:
    cost: 146.469
    lifetime: 22.5418
    annual_cost: 6.4976621210373615
    efficiency: 0.94245
    discharge_ratio: 2
    depth_of_discharge: 0.9
  Pb-acid:
    cost: 140.856
    lifetime: 5.82891
    annual_cost: 24.165066882144348
    efficiency: 0.660117
    discharge_ratio: 5
    depth_of_discharge: 0.5
  VRBF:
    cost: 287.663
    lifetime: 28.7298
    annual_cost: 10.012704578521257
    efficiency: 0.742851
    discharge_ratio: 0.5
    depth_of_discharge: 1.0
