cost_values:
  wind_capex: 5000.0
  wind_opex: 100
  wind_lifetime: 20
  solar_capex: 1000.0
  solar_opex: 10
  solar_lifetime: 20
  carbon_price: 1.0
timeseries_values:
  load_level: 266250.122375751
  wind_year: 2015
  solar_year: 2013
  price_year: 2023
  carbon_year: 2023
storage_values:
  CAES:
    cost: 43.7495
    lifetime: 25.938
    annual_cost: 1.686695196237181
    efficiency: 0.642075
    discharge_ratio: 0.1
    depth_of_discharge: 0.4
  Li-ion:
    cost: 127.577
    lifetime: 21.9222
    annual_cost: 5.819534535767396
    efficiency: 0.935799
    discharge_ratio: 2
    depth_of_discharge: 0.9
  Pb-acid:
    cost: 126.222
    lifetime: 6.76886
    annual_cost: 18.647453190049728
    efficiency: 0.660546
    discharge_ratio: 5
    depth_of_discharge: 0.5
  VRBF:
    cost: 278.831
    lifetime: 27.0683
    annual_cost: 10.301016317980812
    efficiency: 0.768671
    discharge_ratio: 0.5
    depth_of_discharge: 1.0
