cost_values:
  wind_capex: 5000.0
  wind_opex: 100
  wind_lifetime: 20
  solar_capex: 1000.0
  solar_opex: 10
  solar_lifetime: 20
  carbon_price: 1.0
timeseries_values:
  load_level: 266250.122375751
  wind_year: 2015
  solar_year: 2013
  price_year: 2023
  carbon_year: 2023
storage_values:
  CAES:
    cost: 42.3175
    lifetime: 25.6781
    annual_cost: 1.6479996572955165
    efficiency: 0.639196
    discharge_ratio: 0.1
    depth_of_discharge: 0.4
  Li-ion:
    cost: 154.641
    lifetime: 23.8914
    annual_cost: 6.472663803711796
    efficiency: 0.937681
    discharge_ratio: 2
    depth_of_discharge: 0.9
  Pb-acid:
    cost: 131.243
    lifetime: 5.8444
    annual_cost: 22.456197385531446
    efficiency: 0.674109
    discharge_ratio: 5
    depth_of_discharge: 0.5
  VRBF:
    cost: 335.666
    lifetime: 29.1751
    annual_cost: 11.505221918690939
    efficiency: 0.750631
    discharge_ratio: 0.5
    depth_of_discharge: 1.0
