cost_values:
  wind_capex: 5000.0
  wind_opex: 100
  wind_lifetime: 20
  solar_capex: 1000.0
  solar_opex: 10
  solar_lifetime: 20
  carbon_price: 1.0
timeseries_values:
  load_level: 266250.122375751
  wind_year: 2015
  solar_year: 2013
  price_year: 2023
  carbon_year: 2023
storage_values:
  CAES:
    cost: 42.2073
    lifetime: 26.5126
    annual_cost: 1.5919713645587381
    efficiency: 0.645093
    discharge_ratio: 0.1
    depth_of_discharge: 0.4
  Li-ion:
    cost: 160.673
    lifetime: 23.5892
    annual_cost: 6.811294999406508
    efficiency: 0.925483
    discharge_ratio: 2
    depth_of_discharge: 0.9
  Pb-acid:
    cost: 148.642
    lifetime: 5.61865
    annual_cost: 26.45510932341399
    efficiency: 0.668551
    discharge_ratio: 5
    depth_of_discharge: 0.5
  VRBF:
    cost: 338.117
    lifetime: 27.632
    annual_cost: 12.236428778228142
    efficiency: 0.774276
    discharge_ratio: 0.5
    depth_of_discharge: 1.0
