cost_values:
  wind_capex: 5000.0
  wind_opex: 100
  wind_lifetime: 20
  solar_capex: 1000.0
  solar_opex: 10
  solar_lifetime: 20
  carbon_price: 1.0
timeseries_values:
  load_level: 266250.122375751
  wind_year: 2015
  solar_year: 2013
  price_year: 2023
  carbon_year: 2023
storage_values:
  CAES:
    cost: 47.0192
    lifetime: 26.0339
    annual_cost: 1.8060759240835986
    efficiency: 0.648968
    discharge_ratio: 0.1
    depth_of_discharge: 0.4
  Li-ion:
    cost: 157.469
    lifetime: 21.9082
    annual_cost: 7.187674021599218
    efficiency: 0.933436
    discharge_ratio: 2
    depth_of_discharge: 0.9
  Pb-acid:
    cost: 112.483
    lifetime: 6.82189
    annual_cost: 16.48853909986822
    efficiency: 0.666137
    discharge_ratio: 5
    depth_of_discharge: 0.5
  VRBF:
    cost: 311.532
    lifetime: 27.9561
    annual_cost: 11.143614452659705
    efficiency: 0.761488
    discharge_ratio: 0.5
    depth_of_discharge: 1.0
