cost_values:
  wind_capex: 5000.0
  wind_opex: 100
  wind_lifetime: 20
  solar_capex: 1000.0
  solar_opex: 10
  solar_lifetime: 20
  carbon_price: 1.0
timeseries_values:
  load_level: 266250.122375751
  wind_year: 2015
  solar_year: 2013
  price_year: 2023
  carbon_year: 2023
storage_values:
  CAES:
    cost: 35.2239
    lifetime: 25.911
    annual_cost: 1.3594187796688664
    efficiency: 0.646513
    discharge_ratio: 0.1
    depth_of_discharge: 0.4
  Li-ion:
    cost: 140.047
    lifetime: 20.9675
    annual_cost: 6.679241683557887
    efficiency: 0.942507
    discharge_ratio: 2
    depth_of_discharge: 0.9
  Pb-acid:
    cost: 133.325
    lifetime: 6.06453
    annual_cost: 21.984391205913727
    efficiency: 0.656931
    discharge_ratio: 5
    depth_of_discharge: 0.5
  VRBF:
    cost: 313.535
    lifetime: 27.1049
    annual_cost: 11.567465661190413
    efficiency: 0.771881
    discharge_ratio: 0.5
    depth_of_discharge: 1.0
