cost_values:
  wind_capex: 5000.0
  wind_opex: 100
  wind_lifetime: 20
  solar_capex: 1000.0
  solar_opex: 10
  solar_lifetime: 20
  carbon_price: 1.0
timeseries_values:
  load_level: 266250.122375751
  wind_year: 2015
  solar_year: 2013
  price_year: 2023
  carbon_year: 2023
storage_values:
  CAES:
    cost: 40.6788
    lifetime: 24.5319
    annual_cost: 1.658200139410319
    efficiency: 0.63851
    discharge_ratio: 0.1
    depth_of_discharge: 0.4
  Li-ion:
    cost: 134.779
    lifetime: 22.8357
    annual_cost: 5.902118174612559
    efficiency: 0.927506
    discharge_ratio: 2
    depth_of_discharge: 0.9
  Pb-acid:
    cost: 159.969
    lifetime: 5.67282
    annual_cost: 28.199202513035846
    efficiency: 0.670542
    discharge_ratio: 5
    depth_of_discharge: 0.5
  VRBF:
    cost: 322.368
    lifetime: 25.9804
    annual_cost: 12.408123046604363
    efficiency: 0.75983
    discharge_ratio: 0.5
    depth_of_discharge: 1.0
