cost_values:
  wind_capex: 5000.0
  wind_opex: 100
  wind_lifetime: 20
  solar_capex: 1000.0
  solar_opex: 10
  solar_lifetime: 20
  carbon_price: 1.0
timeseries_values:
  load_level: 266250.122375751
  wind_year: 2015
  solar_year: 2013
  price_year: 2023
  carbon_year: 2023
storage_values:
  CAES:
    cost: 43.0643
    lifetime: 25.9063
    annual_cost: 1.6623099400531918
    efficiency: 0.641256
    discharge_ratio: 0.1
    depth_of_discharge: 0.4
  Li-ion:
    cost: 170.547
    lifetime: 23.7504
    annual_cost: 7.1808053759094586
    efficiency: 0.937823
    discharge_ratio: 2
    depth_of_discharge: 0.9
  Pb-acid:
    cost: 124.623
    lifetime: 6.26776
    annual_cost: 19.883179955837495
    efficiency: 0.665571
    discharge_ratio: 5
    depth_of_discharge: 0.5
  VRBF:
    cost: 288.498
    lifetime: 26.6583
    annual_cost: 10.822070424595717
    efficiency: 0.769082
    discharge_ratio: 0.5
    depth_of_discharge: 1.0
