cost_values:
  wind_capex: 5000.0
  wind_opex: 100
  wind_lifetime: 20
  solar_capex: 1000.0
  solar_opex: 10
  solar_lifetime: 20
  carbon_price: 1.0
timeseries_values:
  load_level: 266250.122375751
  wind_year: 2015
  solar_year: 2013
  price_year: 2023
  carbon_year: 2023
storage_values:
  CAES:
    cost: 39.7832
    lifetime: 25.5366
    annual_cost: 1.5578894606173102
    efficiency: 0.64077
    discharge_ratio: 0.1
    depth_of_discharge: 0.4
  Li-ion:
    cost: 154.012
    lifetime: 20.5705
    annual_cost: 7.487032400768091
    efficiency: 0.93396
    discharge_ratio: 2
    depth_of_discharge: 0.9
  Pb-acid:
    cost: 128.696
    lifetime: 6.61489
    annual_cost: 19.45550114967898
    efficiency: 0.665787
    discharge_ratio: 5
    depth_of_discharge: 0.5
  VRBF:
    cost: 344.538
    lifetime: 26.7249
    annual_cost: 12.89202204685518
    efficiency: 0.745586
    discharge_ratio: 0.5
    depth_of_discharge: 1.0
