cost_values:
  wind_capex: 5000.0
  wind_opex: 100
  wind_lifetime: 20
  solar_capex: 1000.0
  solar_opex: 10
  solar_lifetime: 20
  carbon_price: 1.0
timeseries_values:
  load_level: 266250.122375751
  wind_year: 2015
  solar_year: 2013
  price_year: 2023
  carbon_year: 2023
storage_values:
  CAES:
    cost: 45.8464
    lifetime: 25.9089
    annual_cost: 1.7695232140307
    efficiency: 0.644485
    discharge_ratio: 0.1
    depth_of_discharge: 0.4
  Li-ion:
    cost: 155.338
    lifetime: 21.9617
    annual_cost: 7.073131861376851
    efficiency: 0.938663
    discharge_ratio: 2
    depth_of_discharge: 0.9
  Pb-acid:
    cost: 126.526
    lifetime: 6.38219
    annual_cost: 19.82485635808398
    efficiency: 0.674002
    discharge_ratio: 5
    depth_of_discharge: 0.5
  VRBF:
    cost: 338.516
    lifetime: 25.8879
    annual_cost: 13.076224800003091
    efficiency: 0.761233
    discharge_ratio: 0.5
    depth_of_discharge: 1.0
