cost_values:
  wind_capex: 5000.0
  wind_opex: 100
  wind_lifetime: 20
  solar_capex: 1000.0
  solar_opex: 10
  solar_lifetime: 20
  carbon_price: 1.0
timeseries_values:
  load_level: 266250.122375751
  wind_year: 2015
  solar_year: 2013
  price_year: 2023
  carbon_year: 2023
storage_values:
  CAES:
    cost: 40.069
    lifetime: 26.2167
    annual_cost: 1.5283769505696752
    efficiency: 0.647686
    discharge_ratio: 0.1
    depth_of_discharge: 0.4
  Li-ion:
    cost: 135.145
    lifetime: 21.3047
    annual_cost: 6.343435955446451
    efficiency: 0.939461
    discharge_ratio: 2
    depth_of_discharge: 0.9
  Pb-acid:
    cost: 148.808
    lifetime: 7.06886
    annual_cost: 21.05120203257668
    efficiency: 0.665186
    discharge_ratio: 5
    depth_of_discharge: 0.5
  VRBF:
    cost: 289.368
    lifetime: 27.8667
    annual_cost: 10.384006717695312
    efficiency: 0.755543
    discharge_ratio: 0.5
    depth_of_discharge: 1.0
