cost_values:
  wind_capex: 5000.0
  wind_opex: 100
  wind_lifetime: 20
  solar_capex: 1000.0
  solar_opex: 10
  solar_lifetime: 20
  carbon_price: 1.0
timeseries_values:
  load_level: 266250.122375751
  wind_year: 2015
  solar_year: 2013
  price_year: 2023
  carbon_year: 2023
storage_values:
  CAES:
    cost: 38.1329
    lifetime: 24.8545
    annual_cost: 1.53424530769076
    efficiency: 0.643088
    discharge_ratio: 0.1
    depth_of_discharge: 0.4
  Li-ion:
    cost: 160.035
    lifetime: 23.9987
    annual_cost: 6.66848620966969
    efficiency: 0.934503
    discharge_ratio: 2
    depth_of_discharge: 0.9
  Pb-acid:
    cost: 136.121
    lifetime: 8.17395
    annual_cost: 16.65302577089412
    efficiency: 0.668286
    discharge_ratio: 5
    depth_of_discharge: 0.5
  VRBF:
    cost: 317.458
    lifetime: 26.4961
    annual_cost: 11.981310457010656
    efficiency: 0.757357
    discharge_ratio: 0.5
    depth_of_discharge: 1.0
