cost_values:
  wind_capex: 5000.0
  wind_opex: 100
  wind_lifetime: 20
  solar_capex: 1000.0
  solar_opex: 10
  solar_lifetime: 20
  carbon_price: 1.0
timeseries_values:
  load_level: 266250.122375751
  wind_year: 2015
  solar_year: 2013
  price_year: 2023
  carbon_year: 2023
storage_values:
  CAES:
    cost: 36.5181
    lifetime: 26.1747
    annual_cost: 1.3951678529266809
    efficiency: 0.649069
    discharge_ratio: 0.1
    depth_of_discharge: 0.4
  Li-ion:
    cost: 134.07
    lifetime: 23.6549
    annual_cost: 5.667747485721773
    efficiency: 0.934326
    discharge_ratio: 2
    depth_of_discharge: 0.9
  Pb-acid:
    cost: 150.785
    lifetime: 6.04762
    annual_cost: 24.932948829456876
    efficiency: 0.669252
    discharge_ratio: 5
    depth_of_discharge: 0.5
  VRBF:
    cost: 298.424
    lifetime: 26.7898
    annual_cost: 11.139463527163322
    efficiency: 0.757079
    discharge_ratio: 0.5
    depth_of_discharge: 1.0
