cost_values:
  wind_capex: 5000.0
  wind_opex: 100
  wind_lifetime: 20
  solar_capex: 1000.0
  solar_opex: 10
  solar_lifetime: 20
  carbon_price: 1.0
timeseries_values:
  load_level: 266250.122375751
  wind_year: 2015
  solar_year: 2013
  price_year: 2023
  carbon_year: 2023
storage_values:
  CAES:
    cost: 36.856
    lifetime: 26.9419
    annual_cost: 1.3679807289018222
    efficiency: 0.647932
    discharge_ratio: 0.1
    depth_of_discharge: 0.4
  Li-ion:
    cost: 135.873
    lifetime: 23.9723
    annual_cost: 5.667916720548299
    efficiency: 0.932879
    discharge_ratio: 2
    depth_of_discharge: 0.9
  Pb-acid:
    cost: 119.644
    lifetime: 5.2789
    annual_cost: 22.66457027032147
    efficiency: 0.659682
    discharge_ratio: 5
    depth_of_discharge: 0.5
  VRBF:
    cost: 308.039
    lifetime: 28.7435
    annual_cost: 10.716822933880703
    efficiency: 0.777679
    discharge_ratio: 0.5
    depth_of_discharge: 1.0
