cost_values:
  wind_capex: 5000.0
  wind_opex: 100
  wind_lifetime: 20
  solar_capex: 1000.0
  solar_opex: 10
  solar_lifetime: 20
  carbon_price: 1.0
timeseries_values:
  load_level: 266250.122375751
  wind_year: 2015
  solar_year: 2013
  price_year: 2023
  carbon_year: 2023
storage_values:
  CAES:
    cost: 42.1969
    lifetime: 25.2435
    annual_cost: 1.6715946679343197
    efficiency: 0.645017
    discharge_ratio: 0.1
    depth_of_discharge: 0.4
  Li-ion:
    cost: 154.5
    lifetime: 23.4328
    annual_cost: 6.593322180874671
    efficiency: 0.941364
    discharge_ratio: 2
    depth_of_discharge: 0.9
  Pb-acid:
    cost: 136.005
    lifetime: 7.42578
    annual_cost: 18.315247691151637
    efficiency: 0.660994
    discharge_ratio: 5
    depth_of_discharge: 0.5
  VRBF:
    cost: 351.842
    lifetime: 26.4267
    annual_cost: 13.313883307412578
    efficiency: 0.776846
    discharge_ratio: 0.5
    depth_of_discharge: 1.0
