cost_values:
  wind_capex: 5000.0
  wind_opex: 100
  wind_lifetime: 20
  solar_capex: 1000.0
  solar_opex: 10
  solar_lifetime: 20
  carbon_price: 1.0
timeseries_values:
  load_level: 266250.122375751
  wind_year: 2015
  solar_year: 2013
  price_year: 2023
  carbon_year: 2023
storage_values:
  CAES:
    cost: 44.5815
    lifetime: 25.025
    annual_cost: 1.7814785214785216
    efficiency: 0.645005
    discharge_ratio: 0.1
    depth_of_discharge: 0.4
  Li-ion:
    cost: 135.551
    lifetime: 25.1559
    annual_cost: 5.388437702487289
    efficiency: 0.937905
    discharge_ratio: 2
    depth_of_discharge: 0.9
  Pb-acid:
    cost: 132.563
    lifetime: 7.4681
    annual_cost: 17.750565739612483
    efficiency: 0.658697
    discharge_ratio: 5
    depth_of_discharge: 0.5
  VRBF:
    cost: 287.424
    lifetime: 25.4041
    annual_cost: 11.314079223432437
    efficiency: 0.742979
    discharge_ratio: 0.5
    depth_of_discharge: 1.0
