cost_values:
  wind_capex: 5000.0
  wind_opex: 100
  wind_lifetime: 20
  solar_capex: 1000.0
  solar_opex: 10
  solar_lifetime: 20
  carbon_price: 1.0
timeseries_values:
  load_level: 266250.122375751
  wind_year: 2015
  solar_year: 2013
  price_year: 2023
  carbon_year: 2023
storage_values:
  CAES:
    cost: 45.038
    lifetime: 25.5605
    annual_cost: 1.762015610023278
    efficiency: 0.643737
    discharge_ratio: 0.1
    depth_of_discharge: 0.4
  Li-ion:
    cost: 154.211
    lifetime: 25.4997
    annual_cost: 6.0475613438589475
    efficiency: 0.922449
    discharge_ratio: 2
    depth_of_discharge: 0.9
  Pb-acid:
    cost: 138.109
    lifetime: 7.26945
    annual_cost: 18.99854872101741
    efficiency: 0.659421
    discharge_ratio: 5
    depth_of_discharge: 0.5
  VRBF:
    cost: 338.657
    lifetime: 27.0605
    annual_cost: 12.514809408547512
    efficiency: 0.754819
    discharge_ratio: 0.5
    depth_of_discharge: 1.0
