cost_values:
  wind_capex: 5000.0
  wind_opex: 100
  wind_lifetime: 20
  solar_capex: 1000.0
  solar_opex: 10
  solar_lifetime: 20
  carbon_price: 1.0
timeseries_values:
  load_level: 266250.122375751
  wind_year: 2015
  solar_year: 2013
  price_year: 2023
  carbon_year: 2023
storage_values:
  CAES:
    cost: 44.7118
    lifetime: 26.1503
    annual_cost: 1.7098006523825728
    efficiency: 0.646577
    discharge_ratio: 0.1
    depth_of_discharge: 0.4
  Li-ion:
    cost: 155.092
    lifetime: 21.0623
    annual_cost: 7.3634883179899635
    efficiency: 0.924459
    discharge_ratio: 2
    depth_of_discharge: 0.9
  Pb-acid:
    cost: 132.161
    lifetime: 6.58492
    annual_cost: 20.07025142294819
    efficiency: 0.672335
    discharge_ratio: 5
    depth_of_discharge: 0.5
  VRBF:
    cost: 333.904
    lifetime: 25.3525
    annual_cost: 13.170456562469186
    efficiency: 0.757016
    discharge_ratio: 0.5
    depth_of_discharge: 1.0
