cost_values:
  wind_capex: 5000.0
  wind_opex: 100
  wind_lifetime: 20
  solar_capex: 1000.0
  solar_opex: 10
  solar_lifetime: 20
  carbon_price: 1.0
timeseries_values:
  load_level: 266250.122375751
  wind_year: 2015
  solar_year: 2013
  price_year: 2023
  carbon_year: 2023
storage_values:
  CAES:
    cost: 43.3332
    lifetime: 26.1032
    annual_cost: 1.6600723282969136
    efficiency: 0.637833
    discharge_ratio: 0.1
    depth_of_discharge: 0.4
  Li-ion:
    cost: 119.832
    lifetime: 22.9891
    annual_cost: 5.212557255394947
    efficiency: 0.9378
    discharge_ratio: 2
    depth_of_discharge: 0.9
  Pb-acid:
    cost: 143.623
    lifetime: 6.59585
    annual_cost: 21.77475230637446
    efficiency: 0.66897
    discharge_ratio: 5
    depth_of_discharge: 0.5
  VRBF:
    cost: 342.497
    lifetime: 27.279
    annual_cost: 12.55533560614392
    efficiency: 0.764894
    discharge_ratio: 0.5
    depth_of_discharge: 1.0
