cost_values:
  wind_capex: 5000.0
  wind_opex: 100
  wind_lifetime: 20
  solar_capex: 1000.0
  solar_opex: 10
  solar_lifetime: 20
  carbon_price: 1.0
timeseries_values:
  load_level: 266250.122375751
  wind_year: 2015
  solar_year: 2013
  price_year: 2023
  carbon_year: 2023
storage_values:
  CAES:
    cost: 42.4164
    lifetime: 27.1588
    annual_cost: 1.5617921263089682
    efficiency: 0.64188
    discharge_ratio: 0.1
    depth_of_discharge: 0.4
  Li-ion:
    cost: 149.175
    lifetime: 23.8646
    annual_cost: 6.250890440233652
    efficiency: 0.940552
    discharge_ratio: 2
    depth_of_discharge: 0.9
  Pb-acid:
    cost: 141.131
    lifetime: 6.60203
    annual_cost: 21.376909829249488
    efficiency: 0.666324
    discharge_ratio: 5
    depth_of_discharge: 0.5
  VRBF:
    cost: 328.085
    lifetime: 24.7888
    annual_cost: 13.235211063060737
    efficiency: 0.746558
    discharge_ratio: 0.5
    depth_of_discharge: 1.0
