cost_values:
  wind_capex: 5000.0
  wind_opex: 100
  wind_lifetime: 20
  solar_capex: 1000.0
  solar_opex: 10
  solar_lifetime: 20
  carbon_price: 1.0
timeseries_values:
  load_level: 266250.122375751
  wind_year: 2015
  solar_year: 2013
  price_year: 2023
  carbon_year: 2023
storage_values:
  CAES:
    cost: 46.1051
    lifetime: 26.2439
    annual_cost: 1.7567930071368967
    efficiency: 0.646294
    discharge_ratio: 0.1
    depth_of_discharge: 0.4
  Li-ion:
    cost: 151.192
    lifetime: 23.7488
    annual_cost: 6.366300613083609
    efficiency: 0.928738
    discharge_ratio: 2
    depth_of_discharge: 0.9
  Pb-acid:
    cost: 153.508
    lifetime: 7.37712
    annual_cost: 20.808662459062617
    efficiency: 0.665141
    discharge_ratio: 5
    depth_of_discharge: 0.5
  VRBF:
    cost: 332.217
    lifetime: 24.5976
    annual_cost: 13.50607376329398
    efficiency: 0.738735
    discharge_ratio: 0.5
    depth_of_discharge: 1.0
