cost_values:
  wind_capex: 5000.0
  wind_opex: 100
  wind_lifetime: 20
  solar_capex: 1000.0
  solar_opex: 10
  solar_lifetime: 20
  carbon_price: 1.0
timeseries_values:
  load_level: 266250.122375751
  wind_year: 2015
  solar_year: 2013
  price_year: 2023
  carbon_year: 2023
storage_values:
  CAES:
    cost: 37.687
    lifetime: 25.1921
    annual_cost: 1.4959848523942028
    efficiency: 0.638715
    discharge_ratio: 0.1
    depth_of_discharge: 0.4
  Li-ion:
    cost: 124.57
    lifetime: 21.8623
    annual_cost: 5.69793663063813
    efficiency: 0.938699
    discharge_ratio: 2
    depth_of_discharge: 0.9
  Pb-acid:
    cost: 144.833
    lifetime: 7.18453
    annual_cost: 20.159008313696233
    efficiency: 0.666241
    discharge_ratio: 5
    depth_of_discharge: 0.5
  VRBF:
    cost: 308.997
    lifetime: 26.8623
    annual_cost: 11.502998626327605
    efficiency: 0.759892
    discharge_ratio: 0.5
    depth_of_discharge: 1.0
