cost_values:
  wind_capex: 5000.0
  wind_opex: 100
  wind_lifetime: 20
  solar_capex: 1000.0
  solar_opex: 10
  solar_lifetime: 20
  carbon_price: 1.0
timeseries_values:
  load_level: 266250.122375751
  wind_year: 2015
  solar_year: 2013
  price_year: 2023
  carbon_year: 2023
storage_values:
  CAES:
    cost: 43.5301
    lifetime: 25.8423
    annual_cost: 1.684451461363733
    efficiency: 0.638022
    discharge_ratio: 0.1
    depth_of_discharge: 0.4
  Li-ion:
    cost: 153.346
    lifetime: 24.3647
    annual_cost: 6.293777473147628
    efficiency: 0.936563
    discharge_ratio: 2
    depth_of_discharge: 0.9
  Pb-acid:
    cost: 137.036
    lifetime: 5.24574
    annual_cost: 26.123292423947817
    efficiency: 0.661735
    discharge_ratio: 5
    depth_of_discharge: 0.5
  VRBF:
    cost: 327.859
    lifetime: 26.1187
    annual_cost: 12.552653845712076
    efficiency: 0.76075
    discharge_ratio: 0.5
    depth_of_discharge: 1.0
