cost_values:
  wind_capex: 5000.0
  wind_opex: 100
  wind_lifetime: 20
  solar_capex: 1000.0
  solar_opex: 10
  solar_lifetime: 20
  carbon_price: 1.0
timeseries_values:
  load_level: 266250.122375751
  wind_year: 2015
  solar_year: 2013
  price_year: 2023
  carbon_year: 2023
storage_values:
  CAES:
    cost: 37.6294
    lifetime: 26.1227
    annual_cost: 1.4404866265738228
    efficiency: 0.632515
    discharge_ratio: 0.1
    depth_of_discharge: 0.4
  Li-ion:
    cost: 153.923
    lifetime: 22.869
    annual_cost: 6.730639730639731
    efficiency: 0.937932
    discharge_ratio: 2
    depth_of_discharge: 0.9
  Pb-acid:
    cost: 134.702
    lifetime: 5.84803
    annual_cost: 23.033739566999486
    efficiency: 0.66283
    discharge_ratio: 5
    depth_of_discharge: 0.5
  VRBF:
    cost: 370.023
    lifetime: 28.2758
    annual_cost: 13.08620799411511
    efficiency: 0.755732
    discharge_ratio: 0.5
    depth_of_discharge: 1.0
