cost_values:
  wind_capex: 5000.0
  wind_opex: 100
  wind_lifetime: 20
  solar_capex: 1000.0
  solar_opex: 10
  solar_lifetime: 20
  carbon_price: 1.0
timeseries_values:
  load_level: 266250.122375751
  wind_year: 2015
  solar_year: 2013
  price_year: 2023
  carbon_year: 2023
storage_values:
  CAES:
    cost: 45.311
    lifetime: 27.2305
    annual_cost: 1.6639797286131361
    efficiency: 0.639357
    discharge_ratio: 0.1
    depth_of_discharge: 0.4
  Li-ion:
    cost: 156.003
    lifetime: 23.1318
    annual_cost: 6.744092547921044
    efficiency: 0.938424
    discharge_ratio: 2
    depth_of_discharge: 0.9
  Pb-acid:
    cost: 141.013
    lifetime: 6.34671
    annual_cost: 22.218283173486736
    efficiency: 0.668125
    discharge_ratio: 5
    depth_of_discharge: 0.5
  VRBF:
    cost: 305.074
    lifetime: 26.7074
    annual_cost: 11.422826632319133
    efficiency: 0.749893
    discharge_ratio: 0.5
    depth_of_discharge: 1.0
