cost_values:
  wind_capex: 5000.0
  wind_opex: 100
  wind_lifetime: 20
  solar_capex: 1000.0
  solar_opex: 10
  solar_lifetime: 20
  carbon_price: 1.0
timeseries_values:
  load_level: 266250.122375751
  wind_year: 2015
  solar_year: 2013
  price_year: 2023
  carbon_year: 2023
storage_values:
  CAES:
    cost: 48.2255
    lifetime: 26.8775
    annual_cost: 1.7942703004371685
    efficiency: 0.637905
    discharge_ratio: 0.1
    depth_of_discharge: 0.4
  Li-ion:
    cost: 147.845
    lifetime: 23.1009
    annual_cost: 6.399967100848885
    efficiency: 0.930118
    discharge_ratio: 2
    depth_of_discharge: 0.9
  Pb-acid:
    cost: 134.139
    lifetime: 6.25643
    annual_cost: 21.44018234040819
    efficiency: 0.67464
    discharge_ratio: 5
    depth_of_discharge: 0.5
  VRBF:
    cost: 297.131
    lifetime: 26.5323
    annual_cost: 11.198840658367347
    efficiency: 0.75498
    discharge_ratio: 0.5
    depth_of_discharge: 1.0
