cost_values:
  wind_capex: 5000.0
  wind_opex: 100
  wind_lifetime: 20
  solar_capex: 1000.0
  solar_opex: 10
  solar_lifetime: 20
  carbon_price: 1.0
timeseries_values:
  load_level: 266250.122375751
  wind_year: 2015
  solar_year: 2013
  price_year: 2023
  carbon_year: 2023
storage_values:
  CAES:
    cost: 42.0944
    lifetime: 27.5168
    annual_cost: 1.529770903593441
    efficiency: 0.644426
    discharge_ratio: 0.1
    depth_of_discharge: 0.4
  Li-ion:
    cost: 150.804
    lifetime: 24.1132
    annual_cost: 6.254001957434102
    efficiency: 0.933748
    discharge_ratio: 2
    depth_of_discharge: 0.9
  Pb-acid:
    cost: 134.051
    lifetime: 6.14222
    annual_cost: 21.824519473415148
    efficiency: 0.665909
    discharge_ratio: 5
    depth_of_discharge: 0.5
  VRBF:
    cost: 312.473
    lifetime: 25.7235
    annual_cost: 12.147374968414097
    efficiency: 0.775209
    discharge_ratio: 0.5
    depth_of_discharge: 1.0
