cost_values:
  wind_capex: 5000.0
  wind_opex: 100
  wind_lifetime: 20
  solar_capex: 1000.0
  solar_opex: 10
  solar_lifetime: 20
  carbon_price: 1.0
timeseries_values:
  load_level: 266250.122375751
  wind_year: 2015
  solar_year: 2013
  price_year: 2023
  carbon_year: 2023
storage_values:
  CAES:
    cost: 39.5719
    lifetime: 25.4224
    annual_cost: 1.5565760903769903
    efficiency: 0.637208
    discharge_ratio: 0.1
    depth_of_discharge: 0.4
  Li-ion:
    cost: 117.003
    lifetime: 22.8203
    annual_cost: 5.127145567762036
    efficiency: 0.936615
    discharge_ratio: 2
    depth_of_discharge: 0.9
  Pb-acid:
    cost: 122.89
    lifetime: 7.01284
    annual_cost: 17.523571049674597
    efficiency: 0.660455
    discharge_ratio: 5
    depth_of_discharge: 0.5
  VRBF:
    cost: 330.802
    lifetime: 26.7821
    annual_cost: 12.351607976969694
    efficiency: 0.75558
    discharge_ratio: 0.5
    depth_of_discharge: 1.0
