cost_values:
  wind_capex: 5000.0
  wind_opex: 100
  wind_lifetime: 20
  solar_capex: 1000.0
  solar_opex: 10
  solar_lifetime: 20
  carbon_price: 1.0
timeseries_values:
  load_level: 266250.122375751
  wind_year: 2015
  solar_year: 2013
  price_year: 2023
  carbon_year: 2023
storage_values:
  CAES:
    cost: 43.8366
    lifetime: 26.2828
    annual_cost: 1.6678816564445187
    efficiency: 0.633409
    discharge_ratio: 0.1
    depth_of_discharge: 0.4
  Li-ion:
    cost: 166.658
    lifetime: 22.3783
    annual_cost: 7.4473038613299485
    efficiency: 0.938816
    discharge_ratio: 2
    depth_of_discharge: 0.9
  Pb-acid:
    cost: 140.006
    lifetime: 8.5447
    annual_cost: 16.385127622970963
    efficiency: 0.650307
    discharge_ratio: 5
    depth_of_discharge: 0.5
  VRBF:
    cost: 342.956
    lifetime: 27.4158
    annual_cost: 12.50942886948402
    efficiency: 0.734512
    discharge_ratio: 0.5
    depth_of_discharge: 1.0
