cost_values:
  wind_capex: 5000.0
  wind_opex: 100
  wind_lifetime: 20
  solar_capex: 1000.0
  solar_opex: 10
  solar_lifetime: 20
  carbon_price: 1.0
timeseries_values:
  load_level: 266250.122375751
  wind_year: 2015
  solar_year: 2013
  price_year: 2023
  carbon_year: 2023
storage_values:
  CAES:
    cost: 31.9346
    lifetime: 26.4194
    annual_cost: 1.2087556871087155
    efficiency: 0.639186
    discharge_ratio: 0.1
    depth_of_discharge: 0.4
  Li-ion:
    cost: 158.466
    lifetime: 24.3016
    annual_cost: 6.520805214471475
    efficiency: 0.937668
    discharge_ratio: 2
    depth_of_discharge: 0.9
  Pb-acid:
    cost: 136.368
    lifetime: 5.96694
    annual_cost: 22.85392512745226
    efficiency: 0.671382
    discharge_ratio: 5
    depth_of_discharge: 0.5
  VRBF:
    cost: 300.771
    lifetime: 29.9091
    annual_cost: 10.056170195692951
    efficiency: 0.743196
    discharge_ratio: 0.5
    depth_of_discharge: 1.0
