cost_values:
  wind_capex: 5000.0
  wind_opex: 100
  wind_lifetime: 20
  solar_capex: 1000.0
  solar_opex: 10
  solar_lifetime: 20
  carbon_price: 1.0
timeseries_values:
  load_level: 266250.122375751
  wind_year: 2015
  solar_year: 2013
  price_year: 2023
  carbon_year: 2023
storage_values:
  CAES:
    cost: 40.0993
    lifetime: 26.4689
    annual_cost: 1.514959065167045
    efficiency: 0.640542
    discharge_ratio: 0.1
    depth_of_discharge: 0.4
  Li-ion:
    cost: 145.464
    lifetime: 22.4928
    annual_cost: 6.467136150234742
    efficiency: 0.93112
    discharge_ratio: 2
    depth_of_discharge: 0.9
  Pb-acid:
    cost: 151.134
    lifetime: 7.33469
    annual_cost: 20.605369824764235
    efficiency: 0.664864
    discharge_ratio: 5
    depth_of_discharge: 0.5
  VRBF:
    cost: 341.615
    lifetime: 26.972
    annual_cost: 12.665542043600771
    efficiency: 0.75601
    discharge_ratio: 0.5
    depth_of_discharge: 1.0
