cost_values:
  wind_capex: 5000.0
  wind_opex: 100
  wind_lifetime: 20
  solar_capex: 1000.0
  solar_opex: 10
  solar_lifetime: 20
  carbon_price: 1.0
timeseries_values:
  load_level: 266250.122375751
  wind_year: 2015
  solar_year: 2013
  price_year: 2023
  carbon_year: 2023
storage_values:
  CAES:
    cost: 44.269
    lifetime: 26.0155
    annual_cost: 1.7016394072764314
    efficiency: 0.626219
    discharge_ratio: 0.1
    depth_of_discharge: 0.4
  Li-ion:
    cost: 147.705
    lifetime: 25.1646
    annual_cost: 5.869554850861926
    efficiency: 0.934579
    discharge_ratio: 2
    depth_of_discharge: 0.9
  Pb-acid:
    cost: 141.191
    lifetime: 6.62004
    annual_cost: 21.32781675035196
    efficiency: 0.670584
    discharge_ratio: 5
    depth_of_discharge: 0.5
  VRBF:
    cost: 319.387
    lifetime: 28.0704
    annual_cost: 11.378070850433197
    efficiency: 0.774102
    discharge_ratio: 0.5
    depth_of_discharge: 1.0
