cost_values:
  wind_capex: 5000.0
  wind_opex: 100
  wind_lifetime: 20
  solar_capex: 1000.0
  solar_opex: 10
  solar_lifetime: 20
  carbon_price: 1.0
timeseries_values:
  load_level: 255439.71381292492
  wind_year: 2012
  solar_year: 2014
  price_year: 2023
  carbon_year: 2023
storage_values:
  CAES:
    cost: 27.7284
    lifetime: 29.1046
    annual_cost: 0.9527153783250757
    efficiency: 0.56196
    discharge_ratio: 0.1
    depth_of_discharge: 0.4
  Li-ion:
    cost: 288.251
    lifetime: 19.754
    annual_cost: 14.592031993520298
    efficiency: 0.874221
    discharge_ratio: 2
    depth_of_discharge: 0.9
  Pb-acid:
    cost: 121.172
    lifetime: 16.0019
    annual_cost: 7.572350783344478
    efficiency: 0.739969
    discharge_ratio: 5
    depth_of_discharge: 0.5
  VRBF:
    cost: 343.962
    lifetime: 21.0055
    annual_cost: 16.374854204851108
    efficiency: 0.755577
    discharge_ratio: 0.5
    depth_of_discharge: 1.0
