cost_values:
  wind_capex: 5000.0
  wind_opex: 100
  wind_lifetime: 20
  solar_capex: 1000.0
  solar_opex: 10
  solar_lifetime: 20
  carbon_price: 1.0
timeseries_values:
  load_level: 255439.71381292492
  wind_year: 2012
  solar_year: 2014
  price_year: 2023
  carbon_year: 2023
storage_values:
  CAES:
    cost: 32.6234
    lifetime: 28.2531
    annual_cost: 1.1546839107920899
    efficiency: 0.567958
    discharge_ratio: 0.1
    depth_of_discharge: 0.4
  Li-ion:
    cost: 267.418
    lifetime: 22.6884
    annual_cost: 11.786551718058567
    efficiency: 0.904607
    discharge_ratio: 2
    depth_of_discharge: 0.9
  Pb-acid:
    cost: 143.262
    lifetime: 16.1175
    annual_cost: 8.888599348534202
    efficiency: 0.744647
    discharge_ratio: 5
    depth_of_discharge: 0.5
  VRBF:
    cost: 342.456
    lifetime: 17.5644
    annual_cost: 19.497164719546358
    efficiency: 0.785848
    discharge_ratio: 0.5
    depth_of_discharge: 1.0
