cost_values:
  wind_capex: 5000.0
  wind_opex: 100
  wind_lifetime: 20
  solar_capex: 1000.0
  solar_opex: 10
  solar_lifetime: 20
  carbon_price: 1.0
timeseries_values:
  load_level: 255439.71381292492
  wind_year: 2012
  solar_year: 2014
  price_year: 2023
  carbon_year: 2023
storage_values:
  CAES:
    cost: 28.1041
    lifetime: 29.0567
    annual_cost: 0.9672158228566905
    efficiency: 0.56306
    discharge_ratio: 0.1
    depth_of_discharge: 0.4
  Li-ion:
    cost: 278.239
    lifetime: 20.2913
    annual_cost: 13.712231350381689
    efficiency: 0.883301
    discharge_ratio: 2
    depth_of_discharge: 0.9
  Pb-acid:
    cost: 170.489
    lifetime: 15.98
    annual_cost: 10.668898623279098
    efficiency: 0.744134
    discharge_ratio: 5
    depth_of_discharge: 0.5
  VRBF:
    cost: 315.307
    lifetime: 18.8008
    annual_cost: 16.770935279349818
    efficiency: 0.769408
    discharge_ratio: 0.5
    depth_of_discharge: 1.0
