cost_values:
  wind_capex: 5000.0
  wind_opex: 100
  wind_lifetime: 20
  solar_capex: 1000.0
  solar_opex: 10
  solar_lifetime: 20
  carbon_price: 1.0
timeseries_values:
  load_level: 255439.71381292492
  wind_year: 2012
  solar_year: 2014
  price_year: 2023
  carbon_year: 2023
storage_values:
  CAES:
    cost: 40.9499
    lifetime: 28.5693
    annual_cost: 1.4333532848197192
    efficiency: 0.578638
    discharge_ratio: 0.1
    depth_of_discharge: 0.4
  Li-ion:
    cost: 267.498
    lifetime: 20.1444
    annual_cost: 13.279025436349555
    efficiency: 0.887246
    discharge_ratio: 2
    depth_of_discharge: 0.9
  Pb-acid:
    cost: 172.764
    lifetime: 16.1066
    annual_cost: 10.726286118733936
    efficiency: 0.740438
    discharge_ratio: 5
    depth_of_discharge: 0.5
  VRBF:
    cost: 313.046
    lifetime: 21.5477
    annual_cost: 14.528047076950209
    efficiency: 0.77801
    discharge_ratio: 0.5
    depth_of_discharge: 1.0
