cost_values:
  wind_capex: 5000.0
  wind_opex: 100
  wind_lifetime: 20
  solar_capex: 1000.0
  solar_opex: 10
  solar_lifetime: 20
  carbon_price: 1.0
timeseries_values:
  load_level: 255439.71381292492
  wind_year: 2012
  solar_year: 2014
  price_year: 2023
  carbon_year: 2023
storage_values:
  CAES:
    cost: 28.2121
    lifetime: 27.7835
    annual_cost: 1.0154264221570357
    efficiency: 0.574445
    discharge_ratio: 0.1
    depth_of_discharge: 0.4
  Li-ion:
    cost: 293.3
    lifetime: 18.5512
    annual_cost: 15.810297986114104
    efficiency: 0.877944
    discharge_ratio: 2
    depth_of_discharge: 0.9
  Pb-acid:
    cost: 148.665
    lifetime: 16.445
    annual_cost: 9.040133779264213
    efficiency: 0.734954
    discharge_ratio: 5
    depth_of_discharge: 0.5
  VRBF:
    cost: 355.686
    lifetime: 17.3605
    annual_cost: 20.488234785864464
    efficiency: 0.768
    discharge_ratio: 0.5
    depth_of_discharge: 1.0
