cost_values:
  wind_capex: 5000.0
  wind_opex: 100
  wind_lifetime: 20
  solar_capex: 1000.0
  solar_opex: 10
  solar_lifetime: 20
  carbon_price: 1.0
timeseries_values:
  load_level: 255439.71381292492
  wind_year: 2012
  solar_year: 2014
  price_year: 2023
  carbon_year: 2023
storage_values:
  CAES:
    cost: 32.6392
    lifetime: 28.3349
    annual_cost: 1.1519080709654879
    efficiency: 0.563443
    discharge_ratio: 0.1
    depth_of_discharge: 0.4
  Li-ion:
    cost: 279.198
    lifetime: 16.7707
    annual_cost: 16.647963412379923
    efficiency: 0.884342
    discharge_ratio: 2
    depth_of_discharge: 0.9
  Pb-acid:
    cost: 179.152
    lifetime: 16.4028
    annual_cost: 10.922037700880336
    efficiency: 0.75204
    discharge_ratio: 5
    depth_of_discharge: 0.5
  VRBF:
    cost: 333.653
    lifetime: 20.2242
    annual_cost: 16.497710663462584
    efficiency: 0.74689
    discharge_ratio: 0.5
    depth_of_discharge: 1.0
