cost_values:
  wind_capex: 5000.0
  wind_opex: 100
  wind_lifetime: 20
  solar_capex: 1000.0
  solar_opex: 10
  solar_lifetime: 20
  carbon_price: 1.0
timeseries_values:
  load_level: 255439.71381292492
  wind_year: 2012
  solar_year: 2014
  price_year: 2023
  carbon_year: 2023
storage_values:
  CAES:
    cost: 35.4338
    lifetime: 28.1011
    annual_cost: 1.2609399632042873
    efficiency: 0.57024
    discharge_ratio: 0.1
    depth_of_discharge: 0.4
  Li-ion:
    cost: 264.476
    lifetime: 19.5038
    annual_cost: 13.560229288651444
    efficiency: 0.872964
    discharge_ratio: 2
    depth_of_discharge: 0.9
  Pb-acid:
    cost: 162.247
    lifetime: 17.3404
    annual_cost: 9.35658923669581
    efficiency: 0.762505
    discharge_ratio: 5
    depth_of_discharge: 0.5
  VRBF:
    cost: 335.455
    lifetime: 20.6433
    annual_cost: 16.25006660756759
    efficiency: 0.770258
    discharge_ratio: 0.5
    depth_of_discharge: 1.0
