cost_values:
  wind_capex: 5000.0
  wind_opex: 100
  wind_lifetime: 20
  solar_capex: 1000.0
  solar_opex: 10
  solar_lifetime: 20
  carbon_price: 1.0
timeseries_values:
  load_level: 255439.71381292492
  wind_year: 2012
  solar_year: 2014
  price_year: 2023
  carbon_year: 2023
storage_values:
  CAES:
    cost: 39.8663
    lifetime: 29.1024
    annual_cost: 1.369862966628182
    efficiency: 0.56952
    discharge_ratio: 0.1
    depth_of_discharge: 0.4
  Li-ion:
    cost: 254.253
    lifetime: 18.6273
    annual_cost: 13.64948221159266
    efficiency: 0.881314
    discharge_ratio: 2
    depth_of_discharge: 0.9
  Pb-acid:
    cost: 151.549
    lifetime: 16.4192
    annual_cost: 9.229986844669655
    efficiency: 0.740647
    discharge_ratio: 5
    depth_of_discharge: 0.5
  VRBF:
    cost: 332.725
    lifetime: 19.4488
    annual_cost: 17.10773929496936
    efficiency: 0.740209
    discharge_ratio: 0.5
    depth_of_discharge: 1.0
