cost_values:
  wind_capex: 5000.0
  wind_opex: 100
  wind_lifetime: 20
  solar_capex: 1000.0
  solar_opex: 10
  solar_lifetime: 20
  carbon_price: 1.0
timeseries_values:
  load_level: 255439.71381292492
  wind_year: 2012
  solar_year: 2014
  price_year: 2023
  carbon_year: 2023
storage_values:
  CAES:
    cost: 31.5894
    lifetime: 27.3591
    annual_cost: 1.1546213142976194
    efficiency: 0.568628
    discharge_ratio: 0.1
    depth_of_discharge: 0.4
  Li-ion:
    cost: 269.669
    lifetime: 19.0497
    annual_cost: 14.156075948702602
    efficiency: 0.874399
    discharge_ratio: 2
    depth_of_discharge: 0.9
  Pb-acid:
    cost: 153.714
    lifetime: 16.7813
    annual_cost: 9.159838629903522
    efficiency: 0.752495
    discharge_ratio: 5
    depth_of_discharge: 0.5
  VRBF:
    cost: 339.977
    lifetime: 21.5194
    annual_cost: 15.798628214541296
    efficiency: 0.741503
    discharge_ratio: 0.5
    depth_of_discharge: 1.0
