cost_values:
  wind_capex: 5000.0
  wind_opex: 100
  wind_lifetime: 20
  solar_capex: 1000.0
  solar_opex: 10
  solar_lifetime: 20
  carbon_price: 1.0
timeseries_values:
  load_level: 255439.71381292492
  wind_year: 2012
  solar_year: 2014
  price_year: 2023
  carbon_year: 2023
storage_values:
  CAES:
    cost: 37.6826
    lifetime: 27.9034
    annual_cost: 1.3504662514245576
    efficiency: 0.582593
    discharge_ratio: 0.1
    depth_of_discharge: 0.4
  Li-ion:
    cost: 289.622
    lifetime: 16.683
    annual_cost: 17.360306899238747
    efficiency: 0.887415
    discharge_ratio: 2
    depth_of_discharge: 0.9
  Pb-acid:
    cost: 145.934
    lifetime: 16.9938
    annual_cost: 8.58748484741494
    efficiency: 0.757042
    discharge_ratio: 5
    depth_of_discharge: 0.5
  VRBF:
    cost: 335.723
    lifetime: 20.6292
    annual_cost: 16.274164776142555
    efficiency: 0.763466
    discharge_ratio: 0.5
    depth_of_discharge: 1.0
