cost_values:
  wind_capex: 5000.0
  wind_opex: 100
  wind_lifetime: 20
  solar_capex: 1000.0
  solar_opex: 10
  solar_lifetime: 20
  carbon_price: 1.0
timeseries_values:
  load_level: 255439.71381292492
  wind_year: 2012
  solar_year: 2014
  price_year: 2023
  carbon_year: 2023
storage_values:
  CAES:
    cost: 33.3343
    lifetime: 29.0874
    annual_cost: 1.146004799328919
    efficiency: 0.568952
    discharge_ratio: 0.1
    depth_of_discharge: 0.4
  Li-ion:
    cost: 266.765
    lifetime: 19.592
    annual_cost: 13.616016741527154
    efficiency: 0.878594
    discharge_ratio: 2
    depth_of_discharge: 0.9
  Pb-acid:
    cost: 145.356
    lifetime: 16.5881
    annual_cost: 8.762667213243228
    efficiency: 0.745844
    discharge_ratio: 5
    depth_of_discharge: 0.5
  VRBF:
    cost: 309.97
    lifetime: 23.5631
    annual_cost: 13.15489048554732
    efficiency: 0.762189
    discharge_ratio: 0.5
    depth_of_discharge: 1.0
