cost_values:
  wind_capex: 5000.0
  wind_opex: 100
  wind_lifetime: 20
  solar_capex: 1000.0
  solar_opex: 10
  solar_lifetime: 20
  carbon_price: 1.0
timeseries_values:
  load_level: 255439.71381292492
  wind_year: 2012
  solar_year: 2014
  price_year: 2023
  carbon_year: 2023
storage_values:
  CAES:
    cost: 31.0765
    lifetime: 28.7525
    annual_cost: 1.0808277541083384
    efficiency: 0.57951
    discharge_ratio: 0.1
    depth_of_discharge: 0.4
  Li-ion:
    cost: 291.233
    lifetime: 18.4809
    annual_cost: 15.758594007867584
    efficiency: 0.873587
    discharge_ratio: 2
    depth_of_discharge: 0.9
  Pb-acid:
    cost: 178.001
    lifetime: 15.525
    annual_cost: 11.465442834138486
    efficiency: 0.744803
    discharge_ratio: 5
    depth_of_discharge: 0.5
  VRBF:
    cost: 337.099
    lifetime: 18.9023
    annual_cost: 17.83375568052565
    efficiency: 0.751419
    discharge_ratio: 0.5
    depth_of_discharge: 1.0
