cost_values:
  wind_capex: 5000.0
  wind_opex: 100
  wind_lifetime: 20
  solar_capex: 1000.0
  solar_opex: 10
  solar_lifetime: 20
  carbon_price: 1.0
timeseries_values:
  load_level: 255439.71381292492
  wind_year: 2012
  solar_year: 2014
  price_year: 2023
  carbon_year: 2023
storage_values:
  CAES:
    cost: 30.2299
    lifetime: 28.2939
    annual_cost: 1.0684246427675224
    efficiency: 0.568164
    discharge_ratio: 0.1
    depth_of_discharge: 0.4
  Li-ion:
    cost: 278.516
    lifetime: 19.3223
    annual_cost: 14.414226049693879
    efficiency: 0.889306
    discharge_ratio: 2
    depth_of_discharge: 0.9
  Pb-acid:
    cost: 142.162
    lifetime: 16.4709
    annual_cost: 8.631100911304179
    efficiency: 0.746489
    discharge_ratio: 5
    depth_of_discharge: 0.5
  VRBF:
    cost: 317.392
    lifetime: 22.4098
    annual_cost: 14.163089362689536
    efficiency: 0.764374
    discharge_ratio: 0.5
    depth_of_discharge: 1.0
