cost_values:
  wind_capex: 5000.0
  wind_opex: 100
  wind_lifetime: 20
  solar_capex: 1000.0
  solar_opex: 10
  solar_lifetime: 20
  carbon_price: 1.0
timeseries_values:
  load_level: 255439.71381292492
  wind_year: 2012
  solar_year: 2014
  price_year: 2023
  carbon_year: 2023
storage_values:
  CAES:
    cost: 39.4581
    lifetime: 28.3922
    annual_cost: 1.3897514105986857
    efficiency: 0.564709
    discharge_ratio: 0.1
    depth_of_discharge: 0.4
  Li-ion:
    cost: 276.748
    lifetime: 21.0984
    annual_cost: 13.117013612406627
    efficiency: 0.867946
    discharge_ratio: 2
    depth_of_discharge: 0.9
  Pb-acid:
    cost: 153.298
    lifetime: 16.0404
    annual_cost: 9.556993591182264
    efficiency: 0.735725
    discharge_ratio: 5
    depth_of_discharge: 0.5
  VRBF:
    cost: 321.173
    lifetime: 20.7749
    annual_cost: 15.459665269146905
    efficiency: 0.781416
    discharge_ratio: 0.5
    depth_of_discharge: 1.0
