cost_values:
  wind_capex: 5000.0
  wind_opex: 100
  wind_lifetime: 20
  solar_capex: 1000.0
  solar_opex: 10
  solar_lifetime: 20
  carbon_price: 1.0
timeseries_values:
  load_level: 255439.71381292492
  wind_year: 2012
  solar_year: 2014
  price_year: 2023
  carbon_year: 2023
storage_values:
  CAES:
    cost: 39.5319
    lifetime: 28.3847
    annual_cost: 1.392718612491941
    efficiency: 0.56717
    discharge_ratio: 0.1
    depth_of_discharge: 0.4
  Li-ion:
    cost: 240.874
    lifetime: 19.2077
    annual_cost: 12.540491573691801
    efficiency: 0.891053
    discharge_ratio: 2
    depth_of_discharge: 0.9
  Pb-acid:
    cost: 155.137
    lifetime: 15.1297
    annual_cost: 10.253805429056756
    efficiency: 0.75993
    discharge_ratio: 5
    depth_of_discharge: 0.5
  VRBF:
    cost: 304.336
    lifetime: 19.5481
    annual_cost: 15.568571881666248
    efficiency: 0.764915
    discharge_ratio: 0.5
    depth_of_discharge: 1.0
