cost_values:
  wind_capex: 5000.0
  wind_opex: 100
  wind_lifetime: 20
  solar_capex: 1000.0
  solar_opex: 10
  solar_lifetime: 20
  carbon_price: 1.0
timeseries_values:
  load_level: 255439.71381292492
  wind_year: 2012
  solar_year: 2014
  price_year: 2023
  carbon_year: 2023
storage_values:
  CAES:
    cost: 39.5748
    lifetime: 28.285
    annual_cost: 1.3991444228389607
    efficiency: 0.57326
    discharge_ratio: 0.1
    depth_of_discharge: 0.4
  Li-ion:
    cost: 293.781
    lifetime: 18.8438
    annual_cost: 15.590326791836041
    efficiency: 0.899899
    discharge_ratio: 2
    depth_of_discharge: 0.9
  Pb-acid:
    cost: 137.499
    lifetime: 17.0069
    annual_cost: 8.084894954400859
    efficiency: 0.746944
    discharge_ratio: 5
    depth_of_discharge: 0.5
  VRBF:
    cost: 311.603
    lifetime: 22.9363
    annual_cost: 13.585582678984842
    efficiency: 0.766298
    discharge_ratio: 0.5
    depth_of_discharge: 1.0
