cost_values:
  wind_capex: 5000.0
  wind_opex: 100
  wind_lifetime: 20
  solar_capex: 1000.0
  solar_opex: 10
  solar_lifetime: 20
  carbon_price: 1.0
timeseries_values:
  load_level: 255439.71381292492
  wind_year: 2012
  solar_year: 2014
  price_year: 2023
  carbon_year: 2023
storage_values:
  CAES:
    cost: 34.9889
    lifetime: 28.4228
    annual_cost: 1.2310152412851656
    efficiency: 0.57257
    discharge_ratio: 0.1
    depth_of_discharge: 0.4
  Li-ion:
    cost: 289.51
    lifetime: 19.1727
    annual_cost: 15.10011631121334
    efficiency: 0.880819
    discharge_ratio: 2
    depth_of_discharge: 0.9
  Pb-acid:
    cost: 167.725
    lifetime: 16.3516
    annual_cost: 10.257406003082266
    efficiency: 0.735155
    discharge_ratio: 5
    depth_of_discharge: 0.5
  VRBF:
    cost: 341.648
    lifetime: 18.7236
    annual_cost: 18.24691832767203
    efficiency: 0.778689
    discharge_ratio: 0.5
    depth_of_discharge: 1.0
