cost_values:
  wind_capex: 5000.0
  wind_opex: 100
  wind_lifetime: 20
  solar_capex: 1000.0
  solar_opex: 10
  solar_lifetime: 20
  carbon_price: 1.0
timeseries_values:
  load_level: 255439.71381292492
  wind_year: 2012
  solar_year: 2014
  price_year: 2023
  carbon_year: 2023
storage_values:
  CAES:
    cost: 28.3739
    lifetime: 28.0628
    annual_cost: 1.0110858503071682
    efficiency: 0.564238
    discharge_ratio: 0.1
    depth_of_discharge: 0.4
  Li-ion:
    cost: 278.967
    lifetime: 21.0819
    annual_cost: 13.232535966872055
    efficiency: 0.887314
    discharge_ratio: 2
    depth_of_discharge: 0.9
  Pb-acid:
    cost: 166.656
    lifetime: 16.2185
    annual_cost: 10.275672842741315
    efficiency: 0.756811
    discharge_ratio: 5
    depth_of_discharge: 0.5
  VRBF:
    cost: 316.767
    lifetime: 20.8246
    annual_cost: 15.211192531909376
    efficiency: 0.758466
    discharge_ratio: 0.5
    depth_of_discharge: 1.0
