cost_values:
  wind_capex: 5000.0
  wind_opex: 100
  wind_lifetime: 20
  solar_capex: 1000.0
  solar_opex: 10
  solar_lifetime: 20
  carbon_price: 1.0
timeseries_values:
  load_level: 255439.71381292492
  wind_year: 2012
  solar_year: 2014
  price_year: 2023
  carbon_year: 2023
storage_values:
  CAES:
    cost: 36.0383
    lifetime: 28.3993
    annual_cost: 1.2689855031638104
    efficiency: 0.580598
    discharge_ratio: 0.1
    depth_of_discharge: 0.4
  Li-ion:
    cost: 277.845
    lifetime: 18.4626
    annual_cost: 15.049072178349748
    efficiency: 0.879274
    discharge_ratio: 2
    depth_of_discharge: 0.9
  Pb-acid:
    cost: 159.127
    lifetime: 15.2225
    annual_cost: 10.45340778452948
    efficiency: 0.750114
    discharge_ratio: 5
    depth_of_discharge: 0.5
  VRBF:
    cost: 336.879
    lifetime: 21.4292
    annual_cost: 15.720558863606668
    efficiency: 0.749021
    discharge_ratio: 0.5
    depth_of_discharge: 1.0
