cost_values:
  wind_capex: 5000.0
  wind_opex: 100
  wind_lifetime: 20
  solar_capex: 1000.0
  solar_opex: 10
  solar_lifetime: 20
  carbon_price: 1.0
timeseries_values:
  load_level: 255439.71381292492
  wind_year: 2012
  solar_year: 2014
  price_year: 2023
  carbon_year: 2023
storage_values:
  CAES:
    cost: 37.236
    lifetime: 28.6615
    annual_cost: 1.2991643842785616
    efficiency: 0.581504
    discharge_ratio: 0.1
    depth_of_discharge: 0.4
  Li-ion:
    cost: 273.334
    lifetime: 20.7164
    annual_cost: 13.194087775868395
    efficiency: 0.900525
    discharge_ratio: 2
    depth_of_discharge: 0.9
  Pb-acid:
    cost: 149.453
    lifetime: 16.2175
    annual_cost: 9.215538769847386
    efficiency: 0.751703
    discharge_ratio: 5
    depth_of_discharge: 0.5
  VRBF:
    cost: 323.721
    lifetime: 20.2554
    annual_cost: 15.981960366124587
    efficiency: 0.77871
    discharge_ratio: 0.5
    depth_of_discharge: 1.0
