cost_values:
  wind_capex: 5000.0
  wind_opex: 100
  wind_lifetime: 20
  solar_capex: 1000.0
  solar_opex: 10
  solar_lifetime: 20
  carbon_price: 1.0
timeseries_values:
  load_level: 255439.71381292492
  wind_year: 2012
  solar_year: 2014
  price_year: 2023
  carbon_year: 2023
storage_values:
  CAES:
    cost: 35.5677
    lifetime: 29.1603
    annual_cost: 1.2197302496887894
    efficiency: 0.574804
    discharge_ratio: 0.1
    depth_of_discharge: 0.4
  Li-ion:
    cost: 280.765
    lifetime: 18.4159
    annual_cost: 15.245793037538213
    efficiency: 0.902508
    discharge_ratio: 2
    depth_of_discharge: 0.9
  Pb-acid:
    cost: 149.804
    lifetime: 17.0868
    annual_cost: 8.767235526839432
    efficiency: 0.757949
    discharge_ratio: 5
    depth_of_discharge: 0.5
  VRBF:
    cost: 320.42
    lifetime: 20.5794
    annual_cost: 15.569938870909745
    efficiency: 0.752746
    discharge_ratio: 0.5
    depth_of_discharge: 1.0
