cost_values:
  wind_capex: 5000.0
  wind_opex: 100
  wind_lifetime: 20
  solar_capex: 1000.0
  solar_opex: 10
  solar_lifetime: 20
  carbon_price: 1.0
timeseries_values:
  load_level: 255439.71381292492
  wind_year: 2012
  solar_year: 2014
  price_year: 2023
  carbon_year: 2023
storage_values:
  CAES:
    cost: 40.8272
    lifetime: 26.55
    annual_cost: 1.5377476459510357
    efficiency: 0.580218
    discharge_ratio: 0.1
    depth_of_discharge: 0.4
  Li-ion:
    cost: 277.644
    lifetime: 18.2242
    annual_cost: 15.234907430778856
    efficiency: 0.885939
    discharge_ratio: 2
    depth_of_discharge: 0.9
  Pb-acid:
    cost: 169.873
    lifetime: 17.6944
    annual_cost: 9.600382041775928
    efficiency: 0.745669
    discharge_ratio: 5
    depth_of_discharge: 0.5
  VRBF:
    cost: 314.417
    lifetime: 19.4132
    annual_cost: 16.196041868419425
    efficiency: 0.754368
    discharge_ratio: 0.5
    depth_of_discharge: 1.0
