cost_values:
  wind_capex: 5000.0
  wind_opex: 100
  wind_lifetime: 20
  solar_capex: 1000.0
  solar_opex: 10
  solar_lifetime: 20
  carbon_price: 1.0
timeseries_values:
  load_level: 255439.71381292492
  wind_year: 2012
  solar_year: 2014
  price_year: 2023
  carbon_year: 2023
storage_values:
  CAES:
    cost: 35.3367
    lifetime: 27.7604
    annual_cost: 1.2729175372112793
    efficiency: 0.569789
    discharge_ratio: 0.1
    depth_of_discharge: 0.4
  Li-ion:
    cost: 291.094
    lifetime: 21.1462
    annual_cost: 13.76578297755625
    efficiency: 0.885873
    discharge_ratio: 2
    depth_of_discharge: 0.9
  Pb-acid:
    cost: 144.675
    lifetime: 17.4795
    annual_cost: 8.276838582339312
    efficiency: 0.748953
    discharge_ratio: 5
    depth_of_discharge: 0.5
  VRBF:
    cost: 356.69
    lifetime: 18.7905
    annual_cost: 18.982464543253236
    efficiency: 0.754789
    discharge_ratio: 0.5
    depth_of_discharge: 1.0
