cost_values:
  wind_capex: 5000.0
  wind_opex: 100
  wind_lifetime: 20
  solar_capex: 1000.0
  solar_opex: 10
  solar_lifetime: 20
  carbon_price: 1.0
timeseries_values:
  load_level: 255439.71381292492
  wind_year: 2012
  solar_year: 2014
  price_year: 2023
  carbon_year: 2023
storage_values:
  CAES:
    cost: 32.8545
    lifetime: 27.3489
    annual_cost: 1.2013097418908987
    efficiency: 0.577316
    discharge_ratio: 0.1
    depth_of_discharge: 0.4
  Li-ion:
    cost: 289.722
    lifetime: 19.527
    annual_cost: 14.836994930096788
    efficiency: 0.894759
    discharge_ratio: 2
    depth_of_discharge: 0.9
  Pb-acid:
    cost: 138.575
    lifetime: 16.3839
    annual_cost: 8.457998400869146
    efficiency: 0.754652
    discharge_ratio: 5
    depth_of_discharge: 0.5
  VRBF:
    cost: 292.048
    lifetime: 20.2829
    annual_cost: 14.398729964650025
    efficiency: 0.757973
    discharge_ratio: 0.5
    depth_of_discharge: 1.0
