cost_values:
  wind_capex: 5000.0
  wind_opex: 100
  wind_lifetime: 20
  solar_capex: 1000.0
  solar_opex: 10
  solar_lifetime: 20
  carbon_price: 1.0
timeseries_values:
  load_level: 255439.71381292492
  wind_year: 2012
  solar_year: 2014
  price_year: 2023
  carbon_year: 2023
storage_values:
  CAES:
    cost: 32.9727
    lifetime: 28.1111
    annual_cost: 1.172942360846783
    efficiency: 0.575088
    discharge_ratio: 0.1
    depth_of_discharge: 0.4
  Li-ion:
    cost: 285.195
    lifetime: 19.9724
    annual_cost: 14.279455648795336
    efficiency: 0.889945
    discharge_ratio: 2
    depth_of_discharge: 0.9
  Pb-acid:
    cost: 170.332
    lifetime: 18.2715
    annual_cost: 9.32227786443368
    efficiency: 0.744616
    discharge_ratio: 5
    depth_of_discharge: 0.5
  VRBF:
    cost: 332.174
    lifetime: 19.4609
    annual_cost: 17.068789213242965
    efficiency: 0.749796
    discharge_ratio: 0.5
    depth_of_discharge: 1.0
