cost_values:
  wind_capex: 5000.0
  wind_opex: 100
  wind_lifetime: 20
  solar_capex: 1000.0
  solar_opex: 10
  solar_lifetime: 20
  carbon_price: 1.0
timeseries_values:
  load_level: 255439.71381292492
  wind_year: 2012
  solar_year: 2014
  price_year: 2023
  carbon_year: 2023
storage_values:
  CAES:
    cost: 33.0101
    lifetime: 28.2239
    annual_cost: 1.1695796824676958
    efficiency: 0.568672
    discharge_ratio: 0.1
    depth_of_discharge: 0.4
  Li-ion:
    cost: 272.691
    lifetime: 18.2294
    annual_cost: 14.958857669478974
    efficiency: 0.879828
    discharge_ratio: 2
    depth_of_discharge: 0.9
  Pb-acid:
    cost: 152.97
    lifetime: 18.7673
    annual_cost: 8.150879455222649
    efficiency: 0.740425
    discharge_ratio: 5
    depth_of_discharge: 0.5
  VRBF:
    cost: 313.062
    lifetime: 17.1781
    annual_cost: 18.224483499339275
    efficiency: 0.743978
    discharge_ratio: 0.5
    depth_of_discharge: 1.0
