cost_values:
  wind_capex: 5000.0
  wind_opex: 100
  wind_lifetime: 20
  solar_capex: 1000.0
  solar_opex: 10
  solar_lifetime: 20
  carbon_price: 1.0
timeseries_values:
  load_level: 255439.71381292492
  wind_year: 2012
  solar_year: 2014
  price_year: 2023
  carbon_year: 2023
storage_values:
  CAES:
    cost: 44.9985
    lifetime: 27.8217
    annual_cost: 1.6173885851691305
    efficiency: 0.566338
    discharge_ratio: 0.1
    depth_of_discharge: 0.4
  Li-ion:
    cost: 278.644
    lifetime: 21.5933
    annual_cost: 12.904187873090265
    efficiency: 0.883519
    discharge_ratio: 2
    depth_of_discharge: 0.9
  Pb-acid:
    cost: 153.476
    lifetime: 16.211
    annual_cost: 9.467398679908705
    efficiency: 0.75113
    discharge_ratio: 5
    depth_of_discharge: 0.5
  VRBF:
    cost: 338.599
    lifetime: 18.8998
    annual_cost: 17.91548058709616
    efficiency: 0.756335
    discharge_ratio: 0.5
    depth_of_discharge: 1.0
