cost_values:
  wind_capex: 5000.0
  wind_opex: 100
  wind_lifetime: 20
  solar_capex: 1000.0
  solar_opex: 10
  solar_lifetime: 20
  carbon_price: 1.0
timeseries_values:
  load_level: 255439.71381292492
  wind_year: 2012
  solar_year: 2014
  price_year: 2023
  carbon_year: 2023
storage_values:
  CAES:
    cost: 39.274
    lifetime: 27.1992
    annual_cost: 1.4439395276331657
    efficiency: 0.572388
    discharge_ratio: 0.1
    depth_of_discharge: 0.4
  Li-ion:
    cost: 280.209
    lifetime: 18.9193
    annual_cost: 14.810748812059643
    efficiency: 0.879605
    discharge_ratio: 2
    depth_of_discharge: 0.9
  Pb-acid:
    cost: 166.835
    lifetime: 17.0239
    annual_cost: 9.80004581793831
    efficiency: 0.748698
    discharge_ratio: 5
    depth_of_discharge: 0.5
  VRBF:
    cost: 310.157
    lifetime: 20.4687
    annual_cost: 15.152745411286501
    efficiency: 0.767152
    discharge_ratio: 0.5
    depth_of_discharge: 1.0
