cost_values:
  wind_capex: 5000.0
  wind_opex: 100
  wind_lifetime: 20
  solar_capex: 1000.0
  solar_opex: 10
  solar_lifetime: 20
  carbon_price: 1.0
timeseries_values:
  load_level: 255439.71381292492
  wind_year: 2012
  solar_year: 2014
  price_year: 2023
  carbon_year: 2023
storage_values:
  CAES:
    cost: 32.8397
    lifetime: 26.8707
    annual_cost: 1.222137867640218
    efficiency: 0.571573
    discharge_ratio: 0.1
    depth_of_discharge: 0.4
  Li-ion:
    cost: 284.314
    lifetime: 20.6965
    annual_cost: 13.737298577054093
    efficiency: 0.882062
    discharge_ratio: 2
    depth_of_discharge: 0.9
  Pb-acid:
    cost: 128.123
    lifetime: 17.5862
    annual_cost: 7.2854283472268015
    efficiency: 0.74268
    discharge_ratio: 5
    depth_of_discharge: 0.5
  VRBF:
    cost: 347.114
    lifetime: 20.4592
    annual_cost: 16.966157034488152
    efficiency: 0.755079
    discharge_ratio: 0.5
    depth_of_discharge: 1.0
