cost_values:
  wind_capex: 5000.0
  wind_opex: 100
  wind_lifetime: 20
  solar_capex: 1000.0
  solar_opex: 10
  solar_lifetime: 20
  carbon_price: 1.0
timeseries_values:
  load_level: 255439.71381292492
  wind_year: 2012
  solar_year: 2014
  price_year: 2023
  carbon_year: 2023
storage_values:
  CAES:
    cost: 32.416
    lifetime: 29.206
    annual_cost: 1.109908922824077
    efficiency: 0.570161
    discharge_ratio: 0.1
    depth_of_discharge: 0.4
  Li-ion:
    cost: 269.315
    lifetime: 20.1297
    annual_cost: 13.37898726756981
    efficiency: 0.886532
    discharge_ratio: 2
    depth_of_discharge: 0.9
  Pb-acid:
    cost: 122.947
    lifetime: 16.8528
    annual_cost: 7.295345580556347
    efficiency: 0.73929
    discharge_ratio: 5
    depth_of_discharge: 0.5
  VRBF:
    cost: 270.14
    lifetime: 20.0271
    annual_cost: 13.488722780632243
    efficiency: 0.752452
    discharge_ratio: 0.5
    depth_of_discharge: 1.0
