cost_values:
  wind_capex: 5000.0
  wind_opex: 100
  wind_lifetime: 20
  solar_capex: 1000.0
  solar_opex: 10
  solar_lifetime: 20
  carbon_price: 1.0
timeseries_values:
  load_level: 255439.71381292492
  wind_year: 2012
  solar_year: 2014
  price_year: 2023
  carbon_year: 2023
storage_values:
  CAES:
    cost: 33.9796
    lifetime: 27.5951
    annual_cost: 1.2313635391790572
    efficiency: 0.581061
    discharge_ratio: 0.1
    depth_of_discharge: 0.4
  Li-ion:
    cost: 272.374
    lifetime: 18.6137
    annual_cost: 14.632985381734958
    efficiency: 0.882562
    discharge_ratio: 2
    depth_of_discharge: 0.9
  Pb-acid:
    cost: 149.997
    lifetime: 18.1146
    annual_cost: 8.28044781557418
    efficiency: 0.7676
    discharge_ratio: 5
    depth_of_discharge: 0.5
  VRBF:
    cost: 307.874
    lifetime: 19.3774
    annual_cost: 15.888302868289863
    efficiency: 0.772895
    discharge_ratio: 0.5
    depth_of_discharge: 1.0
