cost_values:
  wind_capex: 5000.0
  wind_opex: 100
  wind_lifetime: 20
  solar_capex: 1000.0
  solar_opex: 10
  solar_lifetime: 20
  carbon_price: 1.0
timeseries_values:
  load_level: 255439.71381292492
  wind_year: 2012
  solar_year: 2014
  price_year: 2023
  carbon_year: 2023
storage_values:
  CAES:
    cost: 35.7245
    lifetime: 27.3913
    annual_cost: 1.3042279847980927
    efficiency: 0.577961
    discharge_ratio: 0.1
    depth_of_discharge: 0.4
  Li-ion:
    cost: 272.932
    lifetime: 18.5258
    annual_cost: 14.73253516717227
    efficiency: 0.881213
    discharge_ratio: 2
    depth_of_discharge: 0.9
  Pb-acid:
    cost: 150.673
    lifetime: 15.605
    annual_cost: 9.65543095161807
    efficiency: 0.750743
    discharge_ratio: 5
    depth_of_discharge: 0.5
  VRBF:
    cost: 347.849
    lifetime: 20.6238
    annual_cost: 16.866387377689854
    efficiency: 0.762251
    discharge_ratio: 0.5
    depth_of_discharge: 1.0
