cost_values:
  wind_capex: 5000.0
  wind_opex: 100
  wind_lifetime: 20
  solar_capex: 1000.0
  solar_opex: 10
  solar_lifetime: 20
  carbon_price: 1.0
timeseries_values:
  load_level: 255439.71381292492
  wind_year: 2012
  solar_year: 2014
  price_year: 2023
  carbon_year: 2023
storage_values:
  CAES:
    cost: 38.2653
    lifetime: 28.2557
    annual_cost: 1.3542506467721558
    efficiency: 0.569653
    discharge_ratio: 0.1
    depth_of_discharge: 0.4
  Li-ion:
    cost: 282.138
    lifetime: 21.2477
    annual_cost: 13.27851955741092
    efficiency: 0.873938
    discharge_ratio: 2
    depth_of_discharge: 0.9
  Pb-acid:
    cost: 136.942
    lifetime: 16.6815
    annual_cost: 8.20921379971825
    efficiency: 0.743219
    discharge_ratio: 5
    depth_of_discharge: 0.5
  VRBF:
    cost: 327.259
    lifetime: 20.9054
    annual_cost: 15.654280712160494
    efficiency: 0.745338
    discharge_ratio: 0.5
    depth_of_discharge: 1.0
