cost_values:
  wind_capex: 5000.0
  wind_opex: 100
  wind_lifetime: 20
  solar_capex: 1000.0
  solar_opex: 10
  solar_lifetime: 20
  carbon_price: 1.0
timeseries_values:
  load_level: 255439.71381292492
  wind_year: 2012
  solar_year: 2014
  price_year: 2023
  carbon_year: 2023
storage_values:
  CAES:
    cost: 40.6181
    lifetime: 28.1774
    annual_cost: 1.441513411457409
    efficiency: 0.58242
    discharge_ratio: 0.1
    depth_of_discharge: 0.4
  Li-ion:
    cost: 288.575
    lifetime: 20.0452
    annual_cost: 14.39621455510546
    efficiency: 0.872993
    discharge_ratio: 2
    depth_of_discharge: 0.9
  Pb-acid:
    cost: 154.447
    lifetime: 17.2851
    annual_cost: 8.935267947538632
    efficiency: 0.76168
    discharge_ratio: 5
    depth_of_discharge: 0.5
  VRBF:
    cost: 336.565
    lifetime: 22.3878
    annual_cost: 15.033411054234897
    efficiency: 0.787463
    discharge_ratio: 0.5
    depth_of_discharge: 1.0
