cost_values:
  wind_capex: 5000.0
  wind_opex: 100
  wind_lifetime: 20
  solar_capex: 1000.0
  solar_opex: 10
  solar_lifetime: 20
  carbon_price: 1.0
timeseries_values:
  load_level: 255439.71381292492
  wind_year: 2012
  solar_year: 2014
  price_year: 2023
  carbon_year: 2023
storage_values:
  CAES:
    cost: 31.1157
    lifetime: 27.7005
    annual_cost: 1.12329019331781
    efficiency: 0.577504
    discharge_ratio: 0.1
    depth_of_discharge: 0.4
  Li-ion:
    cost: 294.724
    lifetime: 20.569
    annual_cost: 14.328552676357626
    efficiency: 0.884178
    discharge_ratio: 2
    depth_of_discharge: 0.9
  Pb-acid:
    cost: 173.011
    lifetime: 15.4086
    annual_cost: 11.228210220266604
    efficiency: 0.755913
    discharge_ratio: 5
    depth_of_discharge: 0.5
  VRBF:
    cost: 319.537
    lifetime: 20.1937
    annual_cost: 15.823598449021228
    efficiency: 0.770024
    discharge_ratio: 0.5
    depth_of_discharge: 1.0
