cost_values:
  wind_capex: 5000.0
  wind_opex: 100
  wind_lifetime: 20
  solar_capex: 1000.0
  solar_opex: 10
  solar_lifetime: 20
  carbon_price: 1.0
timeseries_values:
  load_level: 255439.71381292492
  wind_year: 2012
  solar_year: 2014
  price_year: 2023
  carbon_year: 2023
storage_values:
  CAES:
    cost: 35.0538
    lifetime: 27.8365
    annual_cost: 1.2592746932983674
    efficiency: 0.572541
    discharge_ratio: 0.1
    depth_of_discharge: 0.4
  Li-ion:
    cost: 279.065
    lifetime: 19.7049
    annual_cost: 14.162213459596344
    efficiency: 0.886988
    discharge_ratio: 2
    depth_of_discharge: 0.9
  Pb-acid:
    cost: 152.439
    lifetime: 16.8067
    annual_cost: 9.070132744679205
    efficiency: 0.746417
    discharge_ratio: 5
    depth_of_discharge: 0.5
  VRBF:
    cost: 312.962
    lifetime: 17.5308
    annual_cost: 17.852123120450862
    efficiency: 0.760633
    discharge_ratio: 0.5
    depth_of_discharge: 1.0
