cost_values:
  wind_capex: 5000.0
  wind_opex: 100
  wind_lifetime: 20
  solar_capex: 1000.0
  solar_opex: 10
  solar_lifetime: 20
  carbon_price: 1.0
timeseries_values:
  load_level: 255439.71381292492
  wind_year: 2012
  solar_year: 2014
  price_year: 2023
  carbon_year: 2023
storage_values:
  CAES:
    cost: 30.2934
    lifetime: 28.798
    annual_cost: 1.0519272171678589
    efficiency: 0.570772
    discharge_ratio: 0.1
    depth_of_discharge: 0.4
  Li-ion:
    cost: 296.406
    lifetime: 19.6436
    annual_cost: 15.089189354293511
    efficiency: 0.897111
    discharge_ratio: 2
    depth_of_discharge: 0.9
  Pb-acid:
    cost: 158.82
    lifetime: 17.1186
    annual_cost: 9.277627843398408
    efficiency: 0.736949
    discharge_ratio: 5
    depth_of_discharge: 0.5
  VRBF:
    cost: 333.129
    lifetime: 22.0553
    annual_cost: 15.104260653901784
    efficiency: 0.76589
    discharge_ratio: 0.5
    depth_of_discharge: 1.0
