cost_values:
  wind_capex: 5000.0
  wind_opex: 100
  wind_lifetime: 20
  solar_capex: 1000.0
  solar_opex: 10
  solar_lifetime: 20
  carbon_price: 1.0
timeseries_values:
  load_level: 255439.71381292492
  wind_year: 2012
  solar_year: 2014
  price_year: 2023
  carbon_year: 2023
storage_values:
  CAES:
    cost: 28.4077
    lifetime: 27.2793
    annual_cost: 1.041364697774503
    efficiency: 0.571986
    discharge_ratio: 0.1
    depth_of_discharge: 0.4
  Li-ion:
    cost: 274.07
    lifetime: 18.2909
    annual_cost: 14.983953769360719
    efficiency: 0.873694
    discharge_ratio: 2
    depth_of_discharge: 0.9
  Pb-acid:
    cost: 141.172
    lifetime: 14.8512
    annual_cost: 9.505763843999137
    efficiency: 0.747158
    discharge_ratio: 5
    depth_of_discharge: 0.5
  VRBF:
    cost: 349.09
    lifetime: 22.179
    annual_cost: 15.739663645791063
    efficiency: 0.757727
    discharge_ratio: 0.5
    depth_of_discharge: 1.0
