cost_values:
  wind_capex: 5000.0
  wind_opex: 100
  wind_lifetime: 20
  solar_capex: 1000.0
  solar_opex: 10
  solar_lifetime: 20
  carbon_price: 1.0
timeseries_values:
  load_level: 255439.71381292492
  wind_year: 2012
  solar_year: 2014
  price_year: 2023
  carbon_year: 2023
storage_values:
  CAES:
    cost: 35.2399
    lifetime: 27.3629
    annual_cost: 1.287871534084472
    efficiency: 0.571174
    discharge_ratio: 0.1
    depth_of_discharge: 0.4
  Li-ion:
    cost: 268.348
    lifetime: 17.6209
    annual_cost: 15.228961063282808
    efficiency: 0.868248
    discharge_ratio: 2
    depth_of_discharge: 0.9
  Pb-acid:
    cost: 144.217
    lifetime: 17.882
    annual_cost: 8.064925623532044
    efficiency: 0.739535
    discharge_ratio: 5
    depth_of_discharge: 0.5
  VRBF:
    cost: 323.866
    lifetime: 18.9783
    annual_cost: 17.06506905254949
    efficiency: 0.760577
    discharge_ratio: 0.5
    depth_of_discharge: 1.0
