cost_values:
  wind_capex: 5000.0
  wind_opex: 100
  wind_lifetime: 20
  solar_capex: 1000.0
  solar_opex: 10
  solar_lifetime: 20
  carbon_price: 1.0
timeseries_values:
  load_level: 255439.71381292492
  wind_year: 2012
  solar_year: 2014
  price_year: 2023
  carbon_year: 2023
storage_values:
  CAES:
    cost: 42.6232
    lifetime: 27.7401
    annual_cost: 1.5365193348257575
    efficiency: 0.567644
    discharge_ratio: 0.1
    depth_of_discharge: 0.4
  Li-ion:
    cost: 279.898
    lifetime: 19.5041
    annual_cost: 14.350726257556104
    efficiency: 0.887517
    discharge_ratio: 2
    depth_of_discharge: 0.9
  Pb-acid:
    cost: 144.04
    lifetime: 16.9087
    annual_cost: 8.518691561148994
    efficiency: 0.743529
    discharge_ratio: 5
    depth_of_discharge: 0.5
  VRBF:
    cost: 317.292
    lifetime: 20.8538
    annual_cost: 15.215068716492917
    efficiency: 0.761456
    discharge_ratio: 0.5
    depth_of_discharge: 1.0
