cost_values:
  wind_capex: 5000.0
  wind_opex: 100
  wind_lifetime: 20
  solar_capex: 1000.0
  solar_opex: 10
  solar_lifetime: 20
  carbon_price: 1.0
timeseries_values:
  load_level: 255439.71381292492
  wind_year: 2012
  solar_year: 2014
  price_year: 2023
  carbon_year: 2023
storage_values:
  CAES:
    cost: 38.1177
    lifetime: 29.2609
    annual_cost: 1.302683786213001
    efficiency: 0.576019
    discharge_ratio: 0.1
    depth_of_discharge: 0.4
  Li-ion:
    cost: 278.188
    lifetime: 18.1287
    annual_cost: 15.34517091683353
    efficiency: 0.87655
    discharge_ratio: 2
    depth_of_discharge: 0.9
  Pb-acid:
    cost: 138.557
    lifetime: 16.6604
    annual_cost: 8.316547021680151
    efficiency: 0.737796
    discharge_ratio: 5
    depth_of_discharge: 0.5
  VRBF:
    cost: 321.797
    lifetime: 19.6111
    annual_cost: 16.40892147814248
    efficiency: 0.754976
    discharge_ratio: 0.5
    depth_of_discharge: 1.0
