cost_values:
  wind_capex: 5000.0
  wind_opex: 100
  wind_lifetime: 20
  solar_capex: 1000.0
  solar_opex: 10
  solar_lifetime: 20
  carbon_price: 1.0
timeseries_values:
  load_level: 255439.71381292492
  wind_year: 2012
  solar_year: 2014
  price_year: 2023
  carbon_year: 2023
storage_values:
  CAES:
    cost: 25.7411
    lifetime: 28.1883
    annual_cost: 0.9131838386848443
    efficiency: 0.559982
    discharge_ratio: 0.1
    depth_of_discharge: 0.4
  Li-ion:
    cost: 276.288
    lifetime: 17.6119
    annual_cost: 15.6875748783493
    efficiency: 0.877584
    discharge_ratio: 2
    depth_of_discharge: 0.9
  Pb-acid:
    cost: 142.852
    lifetime: 15.601
    annual_cost: 9.15659252612012
    efficiency: 0.736918
    discharge_ratio: 5
    depth_of_discharge: 0.5
  VRBF:
    cost: 303.351
    lifetime: 20.506
    annual_cost: 14.79328001560519
    efficiency: 0.74857
    discharge_ratio: 0.5
    depth_of_discharge: 1.0
