cost_values:
  wind_capex: 5000.0
  wind_opex: 100
  wind_lifetime: 20
  solar_capex: 1000.0
  solar_opex: 10
  solar_lifetime: 20
  carbon_price: 1.0
timeseries_values:
  load_level: 255439.71381292492
  wind_year: 2012
  solar_year: 2014
  price_year: 2023
  carbon_year: 2023
storage_values:
  CAES:
    cost: 26.0637
    lifetime: 28.8131
    annual_cost: 0.9045781259218898
    efficiency: 0.576217
    discharge_ratio: 0.1
    depth_of_discharge: 0.4
  Li-ion:
    cost: 279.845
    lifetime: 17.5164
    annual_cost: 15.976170902696902
    efficiency: 0.88212
    discharge_ratio: 2
    depth_of_discharge: 0.9
  Pb-acid:
    cost: 153.309
    lifetime: 17.2724
    annual_cost: 8.875952386466269
    efficiency: 0.759103
    discharge_ratio: 5
    depth_of_discharge: 0.5
  VRBF:
    cost: 331.916
    lifetime: 21.23
    annual_cost: 15.634291097503532
    efficiency: 0.782959
    discharge_ratio: 0.5
    depth_of_discharge: 1.0
