cost_values:
  wind_capex: 5000.0
  wind_opex: 100
  wind_lifetime: 20
  solar_capex: 1000.0
  solar_opex: 10
  solar_lifetime: 20
  carbon_price: 1.0
timeseries_values:
  load_level: 255439.71381292492
  wind_year: 2012
  solar_year: 2014
  price_year: 2023
  carbon_year: 2023
storage_values:
  CAES:
    cost: 42.2566
    lifetime: 27.9363
    annual_cost: 1.512605463142936
    efficiency: 0.578485
    discharge_ratio: 0.1
    depth_of_discharge: 0.4
  Li-ion:
    cost: 276.433
    lifetime: 17.9307
    annual_cost: 15.416743350789426
    efficiency: 0.894502
    discharge_ratio: 2
    depth_of_discharge: 0.9
  Pb-acid:
    cost: 151.48
    lifetime: 16.6433
    annual_cost: 9.101560387663504
    efficiency: 0.736955
    discharge_ratio: 5
    depth_of_discharge: 0.5
  VRBF:
    cost: 322.464
    lifetime: 22.5426
    annual_cost: 14.304649862926192
    efficiency: 0.763284
    discharge_ratio: 0.5
    depth_of_discharge: 1.0
