cost_values:
  wind_capex: 5000.0
  wind_opex: 100
  wind_lifetime: 20
  solar_capex: 1000.0
  solar_opex: 10
  solar_lifetime: 20
  carbon_price: 1.0
timeseries_values:
  load_level: 255439.71381292492
  wind_year: 2012
  solar_year: 2014
  price_year: 2023
  carbon_year: 2023
storage_values:
  CAES:
    cost: 38.3552
    lifetime: 28.1414
    annual_cost: 1.3629456956654609
    efficiency: 0.572773
    discharge_ratio: 0.1
    depth_of_discharge: 0.4
  Li-ion:
    cost: 273.996
    lifetime: 19.6802
    annual_cost: 13.922419487606833
    efficiency: 0.87492
    discharge_ratio: 2
    depth_of_discharge: 0.9
  Pb-acid:
    cost: 151.095
    lifetime: 14.9064
    annual_cost: 10.136250201255837
    efficiency: 0.739448
    discharge_ratio: 5
    depth_of_discharge: 0.5
  VRBF:
    cost: 348.679
    lifetime: 18.7729
    annual_cost: 18.573528863414815
    efficiency: 0.767142
    discharge_ratio: 0.5
    depth_of_discharge: 1.0
