cost_values:
  wind_capex: 5000.0
  wind_opex: 100
  wind_lifetime: 20
  solar_capex: 1000.0
  solar_opex: 10
  solar_lifetime: 20
  carbon_price: 1.0
timeseries_values:
  load_level: 255439.71381292492
  wind_year: 2012
  solar_year: 2014
  price_year: 2023
  carbon_year: 2023
storage_values:
  CAES:
    cost: 32.2497
    lifetime: 27.7633
    annual_cost: 1.1615946231175687
    efficiency: 0.571964
    discharge_ratio: 0.1
    depth_of_discharge: 0.4
  Li-ion:
    cost: 274.043
    lifetime: 19.859
    annual_cost: 13.79943602396898
    efficiency: 0.888668
    discharge_ratio: 2
    depth_of_discharge: 0.9
  Pb-acid:
    cost: 133.081
    lifetime: 14.8741
    annual_cost: 8.947163189705595
    efficiency: 0.725628
    discharge_ratio: 5
    depth_of_discharge: 0.5
  VRBF:
    cost: 325.109
    lifetime: 19.9243
    annual_cost: 16.317210642281033
    efficiency: 0.780694
    discharge_ratio: 0.5
    depth_of_discharge: 1.0
