cost_values:
  wind_capex: 5000.0
  wind_opex: 100
  wind_lifetime: 20
  solar_capex: 1000.0
  solar_opex: 10
  solar_lifetime: 20
  carbon_price: 1.0
timeseries_values:
  load_level: 255439.71381292492
  wind_year: 2012
  solar_year: 2014
  price_year: 2023
  carbon_year: 2023
storage_values:
  CAES:
    cost: 25.7715
    lifetime: 27.0264
    annual_cost: 0.9535676227688482
    efficiency: 0.576849
    discharge_ratio: 0.1
    depth_of_discharge: 0.4
  Li-ion:
    cost: 284.376
    lifetime: 18.0253
    annual_cost: 15.77649193078617
    efficiency: 0.900826
    discharge_ratio: 2
    depth_of_discharge: 0.9
  Pb-acid:
    cost: 167.391
    lifetime: 17.4892
    annual_cost: 9.57110674015964
    efficiency: 0.737664
    discharge_ratio: 5
    depth_of_discharge: 0.5
  VRBF:
    cost: 332.686
    lifetime: 23.6945
    annual_cost: 14.040642343159803
    efficiency: 0.765162
    discharge_ratio: 0.5
    depth_of_discharge: 1.0
