cost_values:
  wind_capex: 5000.0
  wind_opex: 100
  wind_lifetime: 20
  solar_capex: 1000.0
  solar_opex: 10
  solar_lifetime: 20
  carbon_price: 1.0
timeseries_values:
  load_level: 255439.71381292492
  wind_year: 2012
  solar_year: 2014
  price_year: 2023
  carbon_year: 2023
storage_values:
  CAES:
    cost: 31.6976
    lifetime: 28.6714
    annual_cost: 1.1055476886374576
    efficiency: 0.580572
    discharge_ratio: 0.1
    depth_of_discharge: 0.4
  Li-ion:
    cost: 282.557
    lifetime: 17.5319
    annual_cost: 16.116735778780395
    efficiency: 0.875697
    discharge_ratio: 2
    depth_of_discharge: 0.9
  Pb-acid:
    cost: 180.912
    lifetime: 18.0165
    annual_cost: 10.041461993172925
    efficiency: 0.752191
    discharge_ratio: 5
    depth_of_discharge: 0.5
  VRBF:
    cost: 294.48
    lifetime: 19.8994
    annual_cost: 14.798436133752777
    efficiency: 0.769064
    discharge_ratio: 0.5
    depth_of_discharge: 1.0
