cost_values:
  wind_capex: 5000.0
  wind_opex: 100
  wind_lifetime: 20
  solar_capex: 1000.0
  solar_opex: 10
  solar_lifetime: 20
  carbon_price: 1.0
timeseries_values:
  load_level: 255439.71381292492
  wind_year: 2012
  solar_year: 2014
  price_year: 2023
  carbon_year: 2023
storage_values:
  CAES:
    cost: 38.0773
    lifetime: 27.8934
    annual_cost: 1.3651007048262314
    efficiency: 0.564812
    discharge_ratio: 0.1
    depth_of_discharge: 0.4
  Li-ion:
    cost: 265.31
    lifetime: 18.9141
    annual_cost: 14.027101474561306
    efficiency: 0.875253
    discharge_ratio: 2
    depth_of_discharge: 0.9
  Pb-acid:
    cost: 132.839
    lifetime: 15.5816
    annual_cost: 8.52537608461262
    efficiency: 0.747897
    discharge_ratio: 5
    depth_of_discharge: 0.5
  VRBF:
    cost: 305.545
    lifetime: 22.328
    annual_cost: 13.68438731637406
    efficiency: 0.762341
    discharge_ratio: 0.5
    depth_of_discharge: 1.0
