cost_values:
  wind_capex: 5000.0
  wind_opex: 100
  wind_lifetime: 20
  solar_capex: 1000.0
  solar_opex: 10
  solar_lifetime: 20
  carbon_price: 1.0
timeseries_values:
  load_level: 255439.71381292492
  wind_year: 2012
  solar_year: 2014
  price_year: 2023
  carbon_year: 2023
storage_values:
  CAES:
    cost: 37.5395
    lifetime: 28.7423
    annual_cost: 1.3060715391600533
    efficiency: 0.574497
    discharge_ratio: 0.1
    depth_of_discharge: 0.4
  Li-ion:
    cost: 295.341
    lifetime: 17.9861
    annual_cost: 16.420513618850112
    efficiency: 0.883838
    discharge_ratio: 2
    depth_of_discharge: 0.9
  Pb-acid:
    cost: 158.789
    lifetime: 17.8647
    annual_cost: 8.888422419632011
    efficiency: 0.754813
    discharge_ratio: 5
    depth_of_discharge: 0.5
  VRBF:
    cost: 338.796
    lifetime: 20.1339
    annual_cost: 16.827142282419203
    efficiency: 0.739684
    discharge_ratio: 0.5
    depth_of_discharge: 1.0
