cost_values:
  wind_capex: 5000.0
  wind_opex: 100
  wind_lifetime: 20
  solar_capex: 1000.0
  solar_opex: 10
  solar_lifetime: 20
  carbon_price: 1.0
timeseries_values:
  load_level: 255439.71381292492
  wind_year: 2012
  solar_year: 2014
  price_year: 2023
  carbon_year: 2023
storage_values:
  CAES:
    cost: 32.958
    lifetime: 28.0159
    annual_cost: 1.1764033994981422
    efficiency: 0.577076
    discharge_ratio: 0.1
    depth_of_discharge: 0.4
  Li-ion:
    cost: 273.174
    lifetime: 21.0863
    annual_cost: 12.955046641658326
    efficiency: 0.895388
    discharge_ratio: 2
    depth_of_discharge: 0.9
  Pb-acid:
    cost: 135.084
    lifetime: 16.463
    annual_cost: 8.205308874445727
    efficiency: 0.740774
    discharge_ratio: 5
    depth_of_discharge: 0.5
  VRBF:
    cost: 330.567
    lifetime: 22.5755
    annual_cost: 14.642732165400544
    efficiency: 0.750239
    discharge_ratio: 0.5
    depth_of_discharge: 1.0
