cost_values:
  wind_capex: 5000.0
  wind_opex: 100
  wind_lifetime: 20
  solar_capex: 1000.0
  solar_opex: 10
  solar_lifetime: 20
  carbon_price: 1.0
timeseries_values:
  load_level: 255439.71381292492
  wind_year: 2012
  solar_year: 2014
  price_year: 2023
  carbon_year: 2023
storage_values:
  CAES:
    cost: 28.6625
    lifetime: 27.886
    annual_cost: 1.0278455138779317
    efficiency: 0.567455
    discharge_ratio: 0.1
    depth_of_discharge: 0.4
  Li-ion:
    cost: 283.264
    lifetime: 20.1172
    annual_cost: 14.080687173165252
    efficiency: 0.894464
    discharge_ratio: 2
    depth_of_discharge: 0.9
  Pb-acid:
    cost: 155.442
    lifetime: 17.9848
    annual_cost: 8.642965170588498
    efficiency: 0.759558
    discharge_ratio: 5
    depth_of_discharge: 0.5
  VRBF:
    cost: 326.331
    lifetime: 18.4366
    annual_cost: 17.700172482995782
    efficiency: 0.757118
    discharge_ratio: 0.5
    depth_of_discharge: 1.0
