cost_values:
  wind_capex: 5000.0
  wind_opex: 100
  wind_lifetime: 20
  solar_capex: 1000.0
  solar_opex: 10
  solar_lifetime: 20
  carbon_price: 1.0
timeseries_values:
  load_level: 255439.71381292492
  wind_year: 2012
  solar_year: 2014
  price_year: 2023
  carbon_year: 2023
storage_values:
  CAES:
    cost: 34.4814
    lifetime: 27.2613
    annual_cost: 1.2648479712999747
    efficiency: 0.572318
    discharge_ratio: 0.1
    depth_of_discharge: 0.4
  Li-ion:
    cost: 267.271
    lifetime: 17.9368
    annual_cost: 14.90070692654208
    efficiency: 0.880904
    discharge_ratio: 2
    depth_of_discharge: 0.9
  Pb-acid:
    cost: 151.202
    lifetime: 17.5568
    annual_cost: 8.612161669552538
    efficiency: 0.736396
    discharge_ratio: 5
    depth_of_discharge: 0.5
  VRBF:
    cost: 330.163
    lifetime: 20.4956
    annual_cost: 16.10896973008841
    efficiency: 0.748328
    discharge_ratio: 0.5
    depth_of_discharge: 1.0
