cost_values:
  wind_capex: 5000.0
  wind_opex: 100
  wind_lifetime: 20
  solar_capex: 1000.0
  solar_opex: 10
  solar_lifetime: 20
  carbon_price: 1.0
timeseries_values:
  load_level: 255439.71381292492
  wind_year: 2012
  solar_year: 2014
  price_year: 2023
  carbon_year: 2023
storage_values:
  CAES:
    cost: 36.9929
    lifetime: 27.3979
    annual_cost: 1.3502093226123169
    efficiency: 0.580339
    discharge_ratio: 0.1
    depth_of_discharge: 0.4
  Li-ion:
    cost: 274.256
    lifetime: 19.6723
    annual_cost: 13.94122700446821
    efficiency: 0.87067
    discharge_ratio: 2
    depth_of_discharge: 0.9
  Pb-acid:
    cost: 148.06
    lifetime: 18.2466
    annual_cost: 8.114388434009623
    efficiency: 0.754935
    discharge_ratio: 5
    depth_of_discharge: 0.5
  VRBF:
    cost: 364.05
    lifetime: 20.1497
    annual_cost: 18.06726651017137
    efficiency: 0.771254
    discharge_ratio: 0.5
    depth_of_discharge: 1.0
