cost_values:
  wind_capex: 5000.0
  wind_opex: 100
  wind_lifetime: 20
  solar_capex: 1000.0
  solar_opex: 10
  solar_lifetime: 20
  carbon_price: 1.0
timeseries_values:
  load_level: 255439.71381292492
  wind_year: 2012
  solar_year: 2014
  price_year: 2023
  carbon_year: 2023
storage_values:
  CAES:
    cost: 38.5469
    lifetime: 28.7752
    annual_cost: 1.3395875615113013
    efficiency: 0.573868
    discharge_ratio: 0.1
    depth_of_discharge: 0.4
  Li-ion:
    cost: 273.332
    lifetime: 19.073
    annual_cost: 14.330834163477165
    efficiency: 0.86317
    discharge_ratio: 2
    depth_of_discharge: 0.9
  Pb-acid:
    cost: 143.45
    lifetime: 15.4061
    annual_cost: 9.311246843782657
    efficiency: 0.752309
    discharge_ratio: 5
    depth_of_discharge: 0.5
  VRBF:
    cost: 312.676
    lifetime: 18.4737
    annual_cost: 16.925467015270357
    efficiency: 0.750127
    discharge_ratio: 0.5
    depth_of_discharge: 1.0
