cost_values:
  wind_capex: 5000.0
  wind_opex: 100
  wind_lifetime: 20
  solar_capex: 1000.0
  solar_opex: 10
  solar_lifetime: 20
  carbon_price: 1.0
timeseries_values:
  load_level: 255439.71381292492
  wind_year: 2012
  solar_year: 2014
  price_year: 2023
  carbon_year: 2023
storage_values:
  CAES:
    cost: 37.875
    lifetime: 27.6949
    annual_cost: 1.367580312620735
    efficiency: 0.581545
    discharge_ratio: 0.1
    depth_of_discharge: 0.4
  Li-ion:
    cost: 285.549
    lifetime: 19.7499
    annual_cost: 14.45825042152112
    efficiency: 0.885387
    discharge_ratio: 2
    depth_of_discharge: 0.9
  Pb-acid:
    cost: 170.414
    lifetime: 16.2406
    annual_cost: 10.493085230841224
    efficiency: 0.748415
    discharge_ratio: 5
    depth_of_discharge: 0.5
  VRBF:
    cost: 315.337
    lifetime: 21.1505
    annual_cost: 14.909198364104867
    efficiency: 0.749226
    discharge_ratio: 0.5
    depth_of_discharge: 1.0
