cost_values:
  wind_capex: 5000.0
  wind_opex: 100
  wind_lifetime: 20
  solar_capex: 1000.0
  solar_opex: 10
  solar_lifetime: 20
  carbon_price: 1.0
timeseries_values:
  load_level: 255439.71381292492
  wind_year: 2012
  solar_year: 2014
  price_year: 2023
  carbon_year: 2023
storage_values:
  CAES:
    cost: 31.0507
    lifetime: 28.7652
    annual_cost: 1.0794536453770527
    efficiency: 0.577973
    discharge_ratio: 0.1
    depth_of_discharge: 0.4
  Li-ion:
    cost: 263.814
    lifetime: 21.1323
    annual_cost: 12.483922715464006
    efficiency: 0.871078
    discharge_ratio: 2
    depth_of_discharge: 0.9
  Pb-acid:
    cost: 168.811
    lifetime: 17.8598
    annual_cost: 9.452009540980303
    efficiency: 0.740071
    discharge_ratio: 5
    depth_of_discharge: 0.5
  VRBF:
    cost: 313.559
    lifetime: 21.6904
    annual_cost: 14.456118835982739
    efficiency: 0.77372
    discharge_ratio: 0.5
    depth_of_discharge: 1.0
