cost_values:
  wind_capex: 5000.0
  wind_opex: 100
  wind_lifetime: 20
  solar_capex: 1000.0
  solar_opex: 10
  solar_lifetime: 20
  carbon_price: 1.0
timeseries_values:
  load_level: 255439.71381292492
  wind_year: 2012
  solar_year: 2014
  price_year: 2023
  carbon_year: 2023
storage_values:
  CAES:
    cost: 36.9235
    lifetime: 28.3804
    annual_cost: 1.301021127256839
    efficiency: 0.564434
    discharge_ratio: 0.1
    depth_of_discharge: 0.4
  Li-ion:
    cost: 279.112
    lifetime: 17.7056
    annual_cost: 15.764052051328393
    efficiency: 0.885905
    discharge_ratio: 2
    depth_of_discharge: 0.9
  Pb-acid:
    cost: 141.226
    lifetime: 16.1867
    annual_cost: 8.724817288267529
    efficiency: 0.757427
    discharge_ratio: 5
    depth_of_discharge: 0.5
  VRBF:
    cost: 312.042
    lifetime: 19.5662
    annual_cost: 15.948012388711145
    efficiency: 0.763732
    discharge_ratio: 0.5
    depth_of_discharge: 1.0
