cost_values:
  wind_capex: 5000.0
  wind_opex: 100
  wind_lifetime: 20
  solar_capex: 1000.0
  solar_opex: 10
  solar_lifetime: 20
  carbon_price: 1.0
timeseries_values:
  load_level: 255439.71381292492
  wind_year: 2012
  solar_year: 2014
  price_year: 2023
  carbon_year: 2023
storage_values:
  CAES:
    cost: 35.9464
    lifetime: 28.6969
    annual_cost: 1.2526231056316186
    efficiency: 0.582589
    discharge_ratio: 0.1
    depth_of_discharge: 0.4
  Li-ion:
    cost: 293.215
    lifetime: 18.7953
    annual_cost: 15.600442663857452
    efficiency: 0.888468
    discharge_ratio: 2
    depth_of_discharge: 0.9
  Pb-acid:
    cost: 130.171
    lifetime: 15.8348
    annual_cost: 8.220564831889256
    efficiency: 0.756997
    discharge_ratio: 5
    depth_of_discharge: 0.5
  VRBF:
    cost: 332.976
    lifetime: 23.3453
    annual_cost: 14.263085074940136
    efficiency: 0.75465
    discharge_ratio: 0.5
    depth_of_discharge: 1.0
