cost_values:
  wind_capex: 5000.0
  wind_opex: 100
  wind_lifetime: 20
  solar_capex: 1000.0
  solar_opex: 10
  solar_lifetime: 20
  carbon_price: 1.0
timeseries_values:
  load_level: 255439.71381292492
  wind_year: 2012
  solar_year: 2014
  price_year: 2023
  carbon_year: 2023
storage_values:
  CAES:
    cost: 35.5848
    lifetime: 27.6781
    annual_cost: 1.2856662848967235
    efficiency: 0.569521
    discharge_ratio: 0.1
    depth_of_discharge: 0.4
  Li-ion:
    cost: 277.766
    lifetime: 19.4685
    annual_cost: 14.267457688060201
    efficiency: 0.875828
    discharge_ratio: 2
    depth_of_discharge: 0.9
  Pb-acid:
    cost: 160.196
    lifetime: 17.5023
    annual_cost: 9.152854196305627
    efficiency: 0.747645
    discharge_ratio: 5
    depth_of_discharge: 0.5
  VRBF:
    cost: 325.548
    lifetime: 16.7569
    annual_cost: 19.42769844064236
    efficiency: 0.775407
    discharge_ratio: 0.5
    depth_of_discharge: 1.0
