cost_values:
  wind_capex: 5000.0
  wind_opex: 100
  wind_lifetime: 20
  solar_capex: 1000.0
  solar_opex: 10
  solar_lifetime: 20
  carbon_price: 1.0
timeseries_values:
  load_level: 255439.71381292492
  wind_year: 2012
  solar_year: 2014
  price_year: 2023
  carbon_year: 2023
storage_values:
  CAES:
    cost: 38.6276
    lifetime: 29.1727
    annual_cost: 1.3241009574019547
    efficiency: 0.57683
    discharge_ratio: 0.1
    depth_of_discharge: 0.4
  Li-ion:
    cost: 268.508
    lifetime: 20.8101
    annual_cost: 12.90277317264213
    efficiency: 0.895095
    discharge_ratio: 2
    depth_of_discharge: 0.9
  Pb-acid:
    cost: 153.768
    lifetime: 16.2286
    annual_cost: 9.475124163513797
    efficiency: 0.749256
    discharge_ratio: 5
    depth_of_discharge: 0.5
  VRBF:
    cost: 335.189
    lifetime: 19.1354
    annual_cost: 17.51669680278437
    efficiency: 0.749963
    discharge_ratio: 0.5
    depth_of_discharge: 1.0
