cost_values:
  wind_capex: 5000.0
  wind_opex: 100
  wind_lifetime: 20
  solar_capex: 1000.0
  solar_opex: 10
  solar_lifetime: 20
  carbon_price: 1.0
timeseries_values:
  load_level: 255439.71381292492
  wind_year: 2012
  solar_year: 2014
  price_year: 2023
  carbon_year: 2023
storage_values:
  CAES:
    cost: 26.1474
    lifetime: 28.148
    annual_cost: 0.928925678556203
    efficiency: 0.569558
    discharge_ratio: 0.1
    depth_of_discharge: 0.4
  Li-ion:
    cost: 281.046
    lifetime: 20.0837
    annual_cost: 13.993736213944642
    efficiency: 0.881071
    discharge_ratio: 2
    depth_of_discharge: 0.9
  Pb-acid:
    cost: 168.154
    lifetime: 16.6508
    annual_cost: 10.098854109111874
    efficiency: 0.722195
    discharge_ratio: 5
    depth_of_discharge: 0.5
  VRBF:
    cost: 335.383
    lifetime: 20.146
    annual_cost: 16.64762235679539
    efficiency: 0.777797
    discharge_ratio: 0.5
    depth_of_discharge: 1.0
