cost_values:
  wind_capex: 5000.0
  wind_opex: 100
  wind_lifetime: 20
  solar_capex: 1000.0
  solar_opex: 10
  solar_lifetime: 20
  carbon_price: 1.0
timeseries_values:
  load_level: 255439.71381292492
  wind_year: 2012
  solar_year: 2014
  price_year: 2023
  carbon_year: 2023
storage_values:
  CAES:
    cost: 33.0063
    lifetime: 29.0035
    annual_cost: 1.1380109297153793
    efficiency: 0.575183
    discharge_ratio: 0.1
    depth_of_discharge: 0.4
  Li-ion:
    cost: 275.208
    lifetime: 18.8537
    annual_cost: 14.597028699936883
    efficiency: 0.888959
    discharge_ratio: 2
    depth_of_discharge: 0.9
  Pb-acid:
    cost: 153.188
    lifetime: 17.1205
    annual_cost: 8.947635875120469
    efficiency: 0.752036
    discharge_ratio: 5
    depth_of_discharge: 0.5
  VRBF:
    cost: 310.769
    lifetime: 18.1204
    annual_cost: 17.150228471777666
    efficiency: 0.753481
    discharge_ratio: 0.5
    depth_of_discharge: 1.0
