cost_values:
  wind_capex: 5000.0
  wind_opex: 100
  wind_lifetime: 20
  solar_capex: 1000.0
  solar_opex: 10
  solar_lifetime: 20
  carbon_price: 1.0
timeseries_values:
  load_level: 255439.71381292492
  wind_year: 2012
  solar_year: 2014
  price_year: 2023
  carbon_year: 2023
storage_values:
  CAES:
    cost: 33.5518
    lifetime: 27.5269
    annual_cost: 1.2188731749670323
    efficiency: 0.566707
    discharge_ratio: 0.1
    depth_of_discharge: 0.4
  Li-ion:
    cost: 298.927
    lifetime: 20.5001
    annual_cost: 14.581733747640257
    efficiency: 0.879378
    discharge_ratio: 2
    depth_of_discharge: 0.9
  Pb-acid:
    cost: 144.121
    lifetime: 15.0213
    annual_cost: 9.594442558233975
    efficiency: 0.740536
    discharge_ratio: 5
    depth_of_discharge: 0.5
  VRBF:
    cost: 306.242
    lifetime: 19.9288
    annual_cost: 15.366805828750353
    efficiency: 0.761431
    discharge_ratio: 0.5
    depth_of_discharge: 1.0
