cost_values:
  wind_capex: 5000.0
  wind_opex: 100
  wind_lifetime: 20
  solar_capex: 1000.0
  solar_opex: 10
  solar_lifetime: 20
  carbon_price: 1.0
timeseries_values:
  load_level: 255439.71381292492
  wind_year: 2012
  solar_year: 2014
  price_year: 2023
  carbon_year: 2023
storage_values:
  CAES:
    cost: 37.2884
    lifetime: 28.4818
    annual_cost: 1.3092009634222557
    efficiency: 0.580331
    discharge_ratio: 0.1
    depth_of_discharge: 0.4
  Li-ion:
    cost: 264.41
    lifetime: 21.1987
    annual_cost: 12.47293466108771
    efficiency: 0.878295
    discharge_ratio: 2
    depth_of_discharge: 0.9
  Pb-acid:
    cost: 150.43
    lifetime: 15.1796
    annual_cost: 9.910010803973755
    efficiency: 0.759986
    discharge_ratio: 5
    depth_of_discharge: 0.5
  VRBF:
    cost: 324.961
    lifetime: 21.7899
    annual_cost: 14.913377298656718
    efficiency: 0.78574
    discharge_ratio: 0.5
    depth_of_discharge: 1.0
