cost_values:
  wind_capex: 5000.0
  wind_opex: 100
  wind_lifetime: 20
  solar_capex: 1000.0
  solar_opex: 10
  solar_lifetime: 20
  carbon_price: 1.0
timeseries_values:
  load_level: 255439.71381292492
  wind_year: 2012
  solar_year: 2014
  price_year: 2023
  carbon_year: 2023
storage_values:
  CAES:
    cost: 30.419
    lifetime: 28.5285
    annual_cost: 1.0662670662670664
    efficiency: 0.567001
    discharge_ratio: 0.1
    depth_of_discharge: 0.4
  Li-ion:
    cost: 274.386
    lifetime: 17.7921
    annual_cost: 15.421788321783264
    efficiency: 0.881766
    discharge_ratio: 2
    depth_of_discharge: 0.9
  Pb-acid:
    cost: 144.272
    lifetime: 17.8925
    annual_cost: 8.063266731870895
    efficiency: 0.756047
    discharge_ratio: 5
    depth_of_discharge: 0.5
  VRBF:
    cost: 322.994
    lifetime: 19.5593
    annual_cost: 16.513576661741475
    efficiency: 0.763749
    discharge_ratio: 0.5
    depth_of_discharge: 1.0
