cost_values:
  wind_capex: 5000.0
  wind_opex: 100
  wind_lifetime: 20
  solar_capex: 1000.0
  solar_opex: 10
  solar_lifetime: 20
  carbon_price: 1.0
timeseries_values:
  load_level: 255439.71381292492
  wind_year: 2012
  solar_year: 2014
  price_year: 2023
  carbon_year: 2023
storage_values:
  CAES:
    cost: 27.5101
    lifetime: 28.8058
    annual_cost: 0.9550194752445688
    efficiency: 0.561821
    discharge_ratio: 0.1
    depth_of_discharge: 0.4
  Li-ion:
    cost: 277.517
    lifetime: 19.7383
    annual_cost: 14.05982278109057
    efficiency: 0.876523
    discharge_ratio: 2
    depth_of_discharge: 0.9
  Pb-acid:
    cost: 182.369
    lifetime: 15.7407
    annual_cost: 11.58582528095955
    efficiency: 0.752012
    discharge_ratio: 5
    depth_of_discharge: 0.5
  VRBF:
    cost: 324.804
    lifetime: 19.5003
    annual_cost: 16.656359132936416
    efficiency: 0.753548
    discharge_ratio: 0.5
    depth_of_discharge: 1.0
