cost_values:
  wind_capex: 5000.0
  wind_opex: 100
  wind_lifetime: 20
  solar_capex: 1000.0
  solar_opex: 10
  solar_lifetime: 20
  carbon_price: 1.0
timeseries_values:
  load_level: 255439.71381292492
  wind_year: 2012
  solar_year: 2014
  price_year: 2023
  carbon_year: 2023
storage_values:
  CAES:
    cost: 36.4468
    lifetime: 27.451
    annual_cost: 1.3277039087829223
    efficiency: 0.570668
    discharge_ratio: 0.1
    depth_of_discharge: 0.4
  Li-ion:
    cost: 299.466
    lifetime: 18.4865
    annual_cost: 16.199172369026048
    efficiency: 0.890648
    discharge_ratio: 2
    depth_of_discharge: 0.9
  Pb-acid:
    cost: 145.684
    lifetime: 16.4645
    annual_cost: 8.848370737040298
    efficiency: 0.761332
    discharge_ratio: 5
    depth_of_discharge: 0.5
  VRBF:
    cost: 311.513
    lifetime: 19.9064
    annual_cost: 15.64888679017803
    efficiency: 0.782996
    discharge_ratio: 0.5
    depth_of_discharge: 1.0
