cost_values:
  wind_capex: 5000.0
  wind_opex: 100
  wind_lifetime: 20
  solar_capex: 1000.0
  solar_opex: 10
  solar_lifetime: 20
  carbon_price: 1.0
timeseries_values:
  load_level: 255439.71381292492
  wind_year: 2012
  solar_year: 2014
  price_year: 2023
  carbon_year: 2023
storage_values:
  CAES:
    cost: 38.2047
    lifetime: 28.5855
    annual_cost: 1.3365062706616992
    efficiency: 0.572472
    discharge_ratio: 0.1
    depth_of_discharge: 0.4
  Li-ion:
    cost: 251.433
    lifetime: 19.1975
    annual_cost: 13.097174111212396
    efficiency: 0.880803
    discharge_ratio: 2
    depth_of_discharge: 0.9
  Pb-acid:
    cost: 173.244
    lifetime: 15.7043
    annual_cost: 11.03162828015257
    efficiency: 0.76152
    discharge_ratio: 5
    depth_of_discharge: 0.5
  VRBF:
    cost: 351.781
    lifetime: 19.0979
    annual_cost: 18.419878625398606
    efficiency: 0.752891
    discharge_ratio: 0.5
    depth_of_discharge: 1.0
