cost_values:
  wind_capex: 5000.0
  wind_opex: 100
  wind_lifetime: 20
  solar_capex: 1000.0
  solar_opex: 10
  solar_lifetime: 20
  carbon_price: 1.0
timeseries_values:
  load_level: 255439.71381292492
  wind_year: 2012
  solar_year: 2014
  price_year: 2023
  carbon_year: 2023
storage_values:
  CAES:
    cost: 30.822
    lifetime: 28.4033
    annual_cost: 1.0851555981171201
    efficiency: 0.570042
    discharge_ratio: 0.1
    depth_of_discharge: 0.4
  Li-ion:
    cost: 281.29
    lifetime: 18.3574
    annual_cost: 15.322976020569364
    efficiency: 0.873789
    discharge_ratio: 2
    depth_of_discharge: 0.9
  Pb-acid:
    cost: 158.022
    lifetime: 15.7304
    annual_cost: 10.045644103137873
    efficiency: 0.749246
    discharge_ratio: 5
    depth_of_discharge: 0.5
  VRBF:
    cost: 314.163
    lifetime: 18.7481
    annual_cost: 16.75705804854892
    efficiency: 0.756356
    discharge_ratio: 0.5
    depth_of_discharge: 1.0
