cost_values:
  wind_capex: 5000.0
  wind_opex: 100
  wind_lifetime: 20
  solar_capex: 1000.0
  solar_opex: 10
  solar_lifetime: 20
  carbon_price: 1.0
timeseries_values:
  load_level: 255439.71381292492
  wind_year: 2012
  solar_year: 2014
  price_year: 2023
  carbon_year: 2023
storage_values:
  CAES:
    cost: 36.2695
    lifetime: 27.6198
    annual_cost: 1.3131702619135548
    efficiency: 0.570241
    discharge_ratio: 0.1
    depth_of_discharge: 0.4
  Li-ion:
    cost: 288.189
    lifetime: 19.4334
    annual_cost: 14.829571768192906
    efficiency: 0.874948
    discharge_ratio: 2
    depth_of_discharge: 0.9
  Pb-acid:
    cost: 144.536
    lifetime: 17.3162
    annual_cost: 8.346865940564328
    efficiency: 0.734264
    discharge_ratio: 5
    depth_of_discharge: 0.5
  VRBF:
    cost: 324.787
    lifetime: 20.486
    annual_cost: 15.85409547983989
    efficiency: 0.741058
    discharge_ratio: 0.5
    depth_of_discharge: 1.0
