cost_values:
  wind_capex: 5000.0
  wind_opex: 100
  wind_lifetime: 20
  solar_capex: 1000.0
  solar_opex: 10
  solar_lifetime: 20
  carbon_price: 1.0
timeseries_values:
  load_level: 255439.71381292492
  wind_year: 2012
  solar_year: 2014
  price_year: 2023
  carbon_year: 2023
storage_values:
  CAES:
    cost: 29.6506
    lifetime: 29.1922
    annual_cost: 1.0157028247271531
    efficiency: 0.583649
    discharge_ratio: 0.1
    depth_of_discharge: 0.4
  Li-ion:
    cost: 268.012
    lifetime: 20.3839
    annual_cost: 13.148219918661296
    efficiency: 0.866447
    discharge_ratio: 2
    depth_of_discharge: 0.9
  Pb-acid:
    cost: 152.386
    lifetime: 16.1977
    annual_cost: 9.407878896386523
    efficiency: 0.743636
    discharge_ratio: 5
    depth_of_discharge: 0.5
  VRBF:
    cost: 324.385
    lifetime: 19.8525
    annual_cost: 16.339755698274775
    efficiency: 0.763137
    discharge_ratio: 0.5
    depth_of_discharge: 1.0
