cost_values:
  wind_capex: 5000.0
  wind_opex: 100
  wind_lifetime: 20
  solar_capex: 1000.0
  solar_opex: 10
  solar_lifetime: 20
  carbon_price: 1.0
timeseries_values:
  load_level: 255439.71381292492
  wind_year: 2012
  solar_year: 2014
  price_year: 2023
  carbon_year: 2023
storage_values:
  CAES:
    cost: 28.185
    lifetime: 28.4628
    annual_cost: 0.9902398920696487
    efficiency: 0.568642
    discharge_ratio: 0.1
    depth_of_discharge: 0.4
  Li-ion:
    cost: 295.706
    lifetime: 17.7008
    annual_cost: 16.705798607972522
    efficiency: 0.89576
    discharge_ratio: 2
    depth_of_discharge: 0.9
  Pb-acid:
    cost: 146.035
    lifetime: 17.8568
    annual_cost: 8.17811701984678
    efficiency: 0.745763
    discharge_ratio: 5
    depth_of_discharge: 0.5
  VRBF:
    cost: 343.385
    lifetime: 19.0903
    annual_cost: 17.987407217277884
    efficiency: 0.775878
    discharge_ratio: 0.5
    depth_of_discharge: 1.0
