cost_values:
  wind_capex: 5000.0
  wind_opex: 100
  wind_lifetime: 20
  solar_capex: 1000.0
  solar_opex: 10
  solar_lifetime: 20
  carbon_price: 1.0
timeseries_values:
  load_level: 255439.71381292492
  wind_year: 2012
  solar_year: 2014
  price_year: 2023
  carbon_year: 2023
storage_values:
  CAES:
    cost: 32.6171
    lifetime: 28.4866
    annual_cost: 1.1449979990592067
    efficiency: 0.569759
    discharge_ratio: 0.1
    depth_of_discharge: 0.4
  Li-ion:
    cost: 278.543
    lifetime: 19.8195
    annual_cost: 14.053987234794015
    efficiency: 0.870725
    discharge_ratio: 2
    depth_of_discharge: 0.9
  Pb-acid:
    cost: 144.867
    lifetime: 16.419
    annual_cost: 8.823131737621049
    efficiency: 0.74374
    discharge_ratio: 5
    depth_of_discharge: 0.5
  VRBF:
    cost: 349.538
    lifetime: 20.3732
    annual_cost: 17.15675495258477
    efficiency: 0.744094
    discharge_ratio: 0.5
    depth_of_discharge: 1.0
