cost_values:
  wind_capex: 5000.0
  wind_opex: 100
  wind_lifetime: 20
  solar_capex: 1000.0
  solar_opex: 10
  solar_lifetime: 20
  carbon_price: 1.0
timeseries_values:
  load_level: 255439.71381292492
  wind_year: 2012
  solar_year: 2014
  price_year: 2023
  carbon_year: 2023
storage_values:
  CAES:
    cost: 26.0201
    lifetime: 28.526
    annual_cost: 0.912153824581084
    efficiency: 0.575636
    discharge_ratio: 0.1
    depth_of_discharge: 0.4
  Li-ion:
    cost: 285.492
    lifetime: 21.3317
    annual_cost: 13.383462171322492
    efficiency: 0.886332
    discharge_ratio: 2
    depth_of_discharge: 0.9
  Pb-acid:
    cost: 147.885
    lifetime: 16.3539
    annual_cost: 9.042797130959588
    efficiency: 0.754195
    discharge_ratio: 5
    depth_of_discharge: 0.5
  VRBF:
    cost: 319.328
    lifetime: 21.6304
    annual_cost: 14.762926251941709
    efficiency: 0.764041
    discharge_ratio: 0.5
    depth_of_discharge: 1.0
