cost_values:
  wind_capex: 5000.0
  wind_opex: 100
  wind_lifetime: 20
  solar_capex: 1000.0
  solar_opex: 10
  solar_lifetime: 20
  carbon_price: 1.0
timeseries_values:
  load_level: 255439.71381292492
  wind_year: 2012
  solar_year: 2014
  price_year: 2023
  carbon_year: 2023
storage_values:
  CAES:
    cost: 39.0199
    lifetime: 27.6282
    annual_cost: 1.4123214686443561
    efficiency: 0.57329
    discharge_ratio: 0.1
    depth_of_discharge: 0.4
  Li-ion:
    cost: 270.27
    lifetime: 21.5315
    annual_cost: 12.552307084968533
    efficiency: 0.886306
    discharge_ratio: 2
    depth_of_discharge: 0.9
  Pb-acid:
    cost: 176.268
    lifetime: 14.7424
    annual_cost: 11.956533535923594
    efficiency: 0.738721
    discharge_ratio: 5
    depth_of_discharge: 0.5
  VRBF:
    cost: 348.596
    lifetime: 19.2357
    annual_cost: 18.122345430631587
    efficiency: 0.75101
    discharge_ratio: 0.5
    depth_of_discharge: 1.0
