cost_values:
  wind_capex: 5000.0
  wind_opex: 100
  wind_lifetime: 20
  solar_capex: 1000.0
  solar_opex: 10
  solar_lifetime: 20
  carbon_price: 1.0
timeseries_values:
  load_level: 255439.71381292492
  wind_year: 2012
  solar_year: 2014
  price_year: 2023
  carbon_year: 2023
storage_values:
  CAES:
    cost: 34.3129
    lifetime: 27.9657
    annual_cost: 1.226963744873184
    efficiency: 0.577846
    discharge_ratio: 0.1
    depth_of_discharge: 0.4
  Li-ion:
    cost: 279.432
    lifetime: 21.1451
    annual_cost: 13.214976519382743
    efficiency: 0.873435
    discharge_ratio: 2
    depth_of_discharge: 0.9
  Pb-acid:
    cost: 165.537
    lifetime: 16.7668
    annual_cost: 9.87290359520004
    efficiency: 0.743388
    discharge_ratio: 5
    depth_of_discharge: 0.5
  VRBF:
    cost: 338.699
    lifetime: 20.148
    annual_cost: 16.810551915822913
    efficiency: 0.76874
    discharge_ratio: 0.5
    depth_of_discharge: 1.0
