cost_values:
  wind_capex: 5000.0
  wind_opex: 100
  wind_lifetime: 20
  solar_capex: 1000.0
  solar_opex: 10
  solar_lifetime: 20
  carbon_price: 1.0
timeseries_values:
  load_level: 255439.71381292492
  wind_year: 2012
  solar_year: 2014
  price_year: 2023
  carbon_year: 2023
storage_values:
  CAES:
    cost: 37.1987
    lifetime: 28.9736
    annual_cost: 1.2838825689593285
    efficiency: 0.574444
    discharge_ratio: 0.1
    depth_of_discharge: 0.4
  Li-ion:
    cost: 269.355
    lifetime: 18.9181
    annual_cost: 14.237952014208616
    efficiency: 0.886013
    discharge_ratio: 2
    depth_of_discharge: 0.9
  Pb-acid:
    cost: 145.775
    lifetime: 18.185
    annual_cost: 8.016222161121805
    efficiency: 0.748354
    discharge_ratio: 5
    depth_of_discharge: 0.5
  VRBF:
    cost: 337.486
    lifetime: 18.7285
    annual_cost: 18.01991617054222
    efficiency: 0.75249
    discharge_ratio: 0.5
    depth_of_discharge: 1.0
