cost_values:
  wind_capex: 5000.0
  wind_opex: 100
  wind_lifetime: 20
  solar_capex: 1000.0
  solar_opex: 10
  solar_lifetime: 20
  carbon_price: 1.0
timeseries_values:
  load_level: 255439.71381292492
  wind_year: 2012
  solar_year: 2014
  price_year: 2023
  carbon_year: 2023
storage_values:
  CAES:
    cost: 31.8876
    lifetime: 27.394
    annual_cost: 1.1640359202745127
    efficiency: 0.559658
    discharge_ratio: 0.1
    depth_of_discharge: 0.4
  Li-ion:
    cost: 292.062
    lifetime: 19.675
    annual_cost: 14.844320203303685
    efficiency: 0.874075
    discharge_ratio: 2
    depth_of_discharge: 0.9
  Pb-acid:
    cost: 140.483
    lifetime: 17.0404
    annual_cost: 8.244113987934554
    efficiency: 0.749811
    discharge_ratio: 5
    depth_of_discharge: 0.5
  VRBF:
    cost: 318.249
    lifetime: 20.6699
    annual_cost: 15.396736317060075
    efficiency: 0.75415
    discharge_ratio: 0.5
    depth_of_discharge: 1.0
