cost_values:
  wind_capex: 5000.0
  wind_opex: 100
  wind_lifetime: 20
  solar_capex: 1000.0
  solar_opex: 10
  solar_lifetime: 20
  carbon_price: 1.0
timeseries_values:
  load_level: 255439.71381292492
  wind_year: 2012
  solar_year: 2014
  price_year: 2023
  carbon_year: 2023
storage_values:
  CAES:
    cost: 27.4742
    lifetime: 28.1901
    annual_cost: 0.974604559756794
    efficiency: 0.572589
    discharge_ratio: 0.1
    depth_of_discharge: 0.4
  Li-ion:
    cost: 281.501
    lifetime: 19.5555
    annual_cost: 14.394978394824985
    efficiency: 0.888665
    discharge_ratio: 2
    depth_of_discharge: 0.9
  Pb-acid:
    cost: 143.009
    lifetime: 15.6639
    annual_cost: 9.129846334565466
    efficiency: 0.743661
    discharge_ratio: 5
    depth_of_discharge: 0.5
  VRBF:
    cost: 314.997
    lifetime: 19.7217
    annual_cost: 15.972101796498276
    efficiency: 0.778345
    discharge_ratio: 0.5
    depth_of_discharge: 1.0
