cost_values:
  wind_capex: 5000.0
  wind_opex: 100
  wind_lifetime: 20
  solar_capex: 1000.0
  solar_opex: 10
  solar_lifetime: 20
  carbon_price: 1.0
timeseries_values:
  load_level: 255439.71381292492
  wind_year: 2012
  solar_year: 2014
  price_year: 2023
  carbon_year: 2023
storage_values:
  CAES:
    cost: 40.8895
    lifetime: 27.1991
    annual_cost: 1.5033401840502074
    efficiency: 0.577399
    discharge_ratio: 0.1
    depth_of_discharge: 0.4
  Li-ion:
    cost: 284.273
    lifetime: 21.2863
    annual_cost: 13.354739903130183
    efficiency: 0.898384
    discharge_ratio: 2
    depth_of_discharge: 0.9
  Pb-acid:
    cost: 131.442
    lifetime: 16.9139
    annual_cost: 7.771241404998255
    efficiency: 0.756347
    discharge_ratio: 5
    depth_of_discharge: 0.5
  VRBF:
    cost: 324.253
    lifetime: 18.6965
    annual_cost: 17.342978632364346
    efficiency: 0.750586
    discharge_ratio: 0.5
    depth_of_discharge: 1.0
