cost_values:
  wind_capex: 5000.0
  wind_opex: 100
  wind_lifetime: 20
  solar_capex: 1000.0
  solar_opex: 10
  solar_lifetime: 20
  carbon_price: 1.0
timeseries_values:
  load_level: 255439.71381292492
  wind_year: 2012
  solar_year: 2014
  price_year: 2023
  carbon_year: 2023
storage_values:
  CAES:
    cost: 35.8751
    lifetime: 28.2966
    annual_cost: 1.2678236961331044
    efficiency: 0.577514
    discharge_ratio: 0.1
    depth_of_discharge: 0.4
  Li-ion:
    cost: 286.382
    lifetime: 16.5825
    annual_cost: 17.270134177596866
    efficiency: 0.883873
    discharge_ratio: 2
    depth_of_discharge: 0.9
  Pb-acid:
    cost: 150.75
    lifetime: 17.5743
    annual_cost: 8.57786654375992
    efficiency: 0.738228
    discharge_ratio: 5
    depth_of_discharge: 0.5
  VRBF:
    cost: 336.455
    lifetime: 19.0291
    annual_cost: 17.68107792801551
    efficiency: 0.743295
    discharge_ratio: 0.5
    depth_of_discharge: 1.0
