cost_values:
  wind_capex: 5000.0
  wind_opex: 100
  wind_lifetime: 20
  solar_capex: 1000.0
  solar_opex: 10
  solar_lifetime: 20
  carbon_price: 1.0
timeseries_values:
  load_level: 255439.71381292492
  wind_year: 2012
  solar_year: 2014
  price_year: 2023
  carbon_year: 2023
storage_values:
  CAES:
    cost: 43.0043
    lifetime: 27.9832
    annual_cost: 1.536789931101518
    efficiency: 0.584686
    discharge_ratio: 0.1
    depth_of_discharge: 0.4
  Li-ion:
    cost: 291.986
    lifetime: 22.2491
    annual_cost: 13.123497130220999
    efficiency: 0.879313
    discharge_ratio: 2
    depth_of_discharge: 0.9
  Pb-acid:
    cost: 144.043
    lifetime: 15.0717
    annual_cost: 9.557183330347605
    efficiency: 0.758472
    discharge_ratio: 5
    depth_of_discharge: 0.5
  VRBF:
    cost: 328.837
    lifetime: 20.5416
    annual_cost: 16.00834404330724
    efficiency: 0.752125
    discharge_ratio: 0.5
    depth_of_discharge: 1.0
