cost_values:
  wind_capex: 5000.0
  wind_opex: 100
  wind_lifetime: 20
  solar_capex: 1000.0
  solar_opex: 10
  solar_lifetime: 20
  carbon_price: 1.0
timeseries_values:
  load_level: 255439.71381292492
  wind_year: 2012
  solar_year: 2014
  price_year: 2023
  carbon_year: 2023
storage_values:
  CAES:
    cost: 42.428
    lifetime: 27.8173
    annual_cost: 1.5252378915279339
    efficiency: 0.565136
    discharge_ratio: 0.1
    depth_of_discharge: 0.4
  Li-ion:
    cost: 283.002
    lifetime: 18.8645
    annual_cost: 15.001828831932997
    efficiency: 0.884951
    discharge_ratio: 2
    depth_of_discharge: 0.9
  Pb-acid:
    cost: 134.457
    lifetime: 15.133
    annual_cost: 8.88501949382145
    efficiency: 0.756875
    discharge_ratio: 5
    depth_of_discharge: 0.5
  VRBF:
    cost: 316.164
    lifetime: 20.9218
    annual_cost: 15.11170167002839
    efficiency: 0.771002
    discharge_ratio: 0.5
    depth_of_discharge: 1.0
