cost_values:
  wind_capex: 5000.0
  wind_opex: 100
  wind_lifetime: 20
  solar_capex: 1000.0
  solar_opex: 10
  solar_lifetime: 20
  carbon_price: 1.0
timeseries_values:
  load_level: 255439.71381292492
  wind_year: 2012
  solar_year: 2014
  price_year: 2023
  carbon_year: 2023
storage_values:
  CAES:
    cost: 30.2469
    lifetime: 27.2657
    annual_cost: 1.1093388396410142
    efficiency: 0.579346
    discharge_ratio: 0.1
    depth_of_discharge: 0.4
  Li-ion:
    cost: 283.627
    lifetime: 19.7896
    annual_cost: 14.33212394388972
    efficiency: 0.877142
    discharge_ratio: 2
    depth_of_discharge: 0.9
  Pb-acid:
    cost: 161.387
    lifetime: 16.431
    annual_cost: 9.822104558456575
    efficiency: 0.742795
    discharge_ratio: 5
    depth_of_discharge: 0.5
  VRBF:
    cost: 323.82
    lifetime: 20.3845
    annual_cost: 15.885599352449166
    efficiency: 0.786552
    discharge_ratio: 0.5
    depth_of_discharge: 1.0
