cost_values:
  wind_capex: 5000.0
  wind_opex: 100
  wind_lifetime: 20
  solar_capex: 1000.0
  solar_opex: 10
  solar_lifetime: 20
  carbon_price: 1.0
timeseries_values:
  load_level: 249582.81453812067
  wind_year: 2014
  solar_year: 2014
  price_year: 2023
  carbon_year: 2023
storage_values:
  CAES:
    cost: 54.0383
    lifetime: 23.9359
    annual_cost: 2.2576255749731575
    efficiency: 0.602143
    discharge_ratio: 0.1
    depth_of_discharge: 0.4
  Li-ion:
    cost: 226.344
    lifetime: 27.3415
    annual_cost: 8.27840462300898
    efficiency: 0.938455
    discharge_ratio: 2
    depth_of_discharge: 0.9
  Pb-acid:
    cost: 109.724
    lifetime: 12.9515
    annual_cost: 8.4719144500637
    efficiency: 0.663538
    discharge_ratio: 5
    depth_of_discharge: 0.5
  VRBF:
    cost: 250.144
    lifetime: 19.1515
    annual_cost: 13.06132678902436
    efficiency: 0.816973
    discharge_ratio: 0.5
    depth_of_discharge: 1.0
