cost_values:
  wind_capex: 5000.0
  wind_opex: 100
  wind_lifetime: 20
  solar_capex: 1000.0
  solar_opex: 10
  solar_lifetime: 20
  carbon_price: 1.0
timeseries_values:
  load_level: 249582.81453812067
  wind_year: 2014
  solar_year: 2014
  price_year: 2023
  carbon_year: 2023
storage_values:
  CAES:
    cost: 50.3506
    lifetime: 24.4353
    annual_cost: 2.060568112525731
    efficiency: 0.595079
    discharge_ratio: 0.1
    depth_of_discharge: 0.4
  Li-ion:
    cost: 235.781
    lifetime: 26.6648
    annual_cost: 8.842406468452792
    efficiency: 0.945517
    discharge_ratio: 2
    depth_of_discharge: 0.9
  Pb-acid:
    cost: 104.069
    lifetime: 12.6692
    annual_cost: 8.214330818046918
    efficiency: 0.664744
    discharge_ratio: 5
    depth_of_discharge: 0.5
  VRBF:
    cost: 267.071
    lifetime: 18.6937
    annual_cost: 14.286684818949702
    efficiency: 0.817772
    discharge_ratio: 0.5
    depth_of_discharge: 1.0
