cost_values:
  wind_capex: 5000.0
  wind_opex: 100
  wind_lifetime: 20
  solar_capex: 1000.0
  solar_opex: 10
  solar_lifetime: 20
  carbon_price: 1.0
timeseries_values:
  load_level: 249582.81453812067
  wind_year: 2014
  solar_year: 2014
  price_year: 2023
  carbon_year: 2023
storage_values:
  CAES:
    cost: 45.9235
    lifetime: 23.7099
    annual_cost: 1.9368913407479573
    efficiency: 0.594971
    discharge_ratio: 0.1
    depth_of_discharge: 0.4
  Li-ion:
    cost: 230.695
    lifetime: 25.1741
    annual_cost: 9.163982029149006
    efficiency: 0.936623
    discharge_ratio: 2
    depth_of_discharge: 0.9
  Pb-acid:
    cost: 101.891
    lifetime: 13.71
    annual_cost: 7.431874544128373
    efficiency: 0.669301
    discharge_ratio: 5
    depth_of_discharge: 0.5
  VRBF:
    cost: 259.581
    lifetime: 19.4355
    annual_cost: 13.35602377093463
    efficiency: 0.815148
    discharge_ratio: 0.5
    depth_of_discharge: 1.0
