cost_values:
  wind_capex: 5000.0
  wind_opex: 100
  wind_lifetime: 20
  solar_capex: 1000.0
  solar_opex: 10
  solar_lifetime: 20
  carbon_price: 1.0
timeseries_values:
  load_level: 249582.81453812067
  wind_year: 2014
  solar_year: 2014
  price_year: 2023
  carbon_year: 2023
storage_values:
  CAES:
    cost: 49.2321
    lifetime: 24.5627
    annual_cost: 2.004343984985364
    efficiency: 0.586341
    discharge_ratio: 0.1
    depth_of_discharge: 0.4
  Li-ion:
    cost: 204.019
    lifetime: 26.5926
    annual_cost: 7.672021539826869
    efficiency: 0.948965
    discharge_ratio: 2
    depth_of_discharge: 0.9
  Pb-acid:
    cost: 85.4228
    lifetime: 13.1421
    annual_cost: 6.499935322360962
    efficiency: 0.666669
    discharge_ratio: 5
    depth_of_discharge: 0.5
  VRBF:
    cost: 269.341
    lifetime: 20.1911
    annual_cost: 13.339590215490984
    efficiency: 0.796607
    discharge_ratio: 0.5
    depth_of_discharge: 1.0
