cost_values:
  wind_capex: 5000.0
  wind_opex: 100
  wind_lifetime: 20
  solar_capex: 1000.0
  solar_opex: 10
  solar_lifetime: 20
  carbon_price: 1.0
timeseries_values:
  load_level: 249582.81453812067
  wind_year: 2014
  solar_year: 2014
  price_year: 2023
  carbon_year: 2023
storage_values:
  CAES:
    cost: 45.5101
    lifetime: 23.9682
    annual_cost: 1.8987700369656462
    efficiency: 0.591357
    discharge_ratio: 0.1
    depth_of_discharge: 0.4
  Li-ion:
    cost: 220.48
    lifetime: 27.3023
    annual_cost: 8.075510121857866
    efficiency: 0.939556
    discharge_ratio: 2
    depth_of_discharge: 0.9
  Pb-acid:
    cost: 96.4917
    lifetime: 13.7413
    annual_cost: 7.022021206144978
    efficiency: 0.658999
    discharge_ratio: 5
    depth_of_discharge: 0.5
  VRBF:
    cost: 277.131
    lifetime: 20.2648
    annual_cost: 13.675486557972443
    efficiency: 0.815203
    discharge_ratio: 0.5
    depth_of_discharge: 1.0
