cost_values:
  wind_capex: 5000.0
  wind_opex: 100
  wind_lifetime: 20
  solar_capex: 1000.0
  solar_opex: 10
  solar_lifetime: 20
  carbon_price: 1.0
timeseries_values:
  load_level: 249582.81453812067
  wind_year: 2014
  solar_year: 2014
  price_year: 2023
  carbon_year: 2023
storage_values:
  CAES:
    cost: 49.7049
    lifetime: 24.5515
    annual_cost: 2.0245158136977373
    efficiency: 0.593514
    discharge_ratio: 0.1
    depth_of_discharge: 0.4
  Li-ion:
    cost: 219.398
    lifetime: 26.7616
    annual_cost: 8.198239268205189
    efficiency: 0.933426
    discharge_ratio: 2
    depth_of_discharge: 0.9
  Pb-acid:
    cost: 91.1987
    lifetime: 11.7938
    annual_cost: 7.732766368770032
    efficiency: 0.68515
    discharge_ratio: 5
    depth_of_discharge: 0.5
  VRBF:
    cost: 250.989
    lifetime: 19.7177
    annual_cost: 12.72912155068796
    efficiency: 0.820479
    discharge_ratio: 0.5
    depth_of_discharge: 1.0
