cost_values:
  wind_capex: 5000.0
  wind_opex: 100
  wind_lifetime: 20
  solar_capex: 1000.0
  solar_opex: 10
  solar_lifetime: 20
  carbon_price: 1.0
timeseries_values:
  load_level: 249582.81453812067
  wind_year: 2014
  solar_year: 2014
  price_year: 2023
  carbon_year: 2023
storage_values:
  CAES:
    cost: 51.6287
    lifetime: 24.4024
    annual_cost: 2.115722224043537
    efficiency: 0.595772
    discharge_ratio: 0.1
    depth_of_discharge: 0.4
  Li-ion:
    cost: 239.584
    lifetime: 24.3441
    annual_cost: 9.841563253519332
    efficiency: 0.945217
    discharge_ratio: 2
    depth_of_discharge: 0.9
  Pb-acid:
    cost: 105.178
    lifetime: 12.8103
    annual_cost: 8.210424424096235
    efficiency: 0.686686
    discharge_ratio: 5
    depth_of_discharge: 0.5
  VRBF:
    cost: 235.826
    lifetime: 18.3369
    annual_cost: 12.860734366223298
    efficiency: 0.795129
    discharge_ratio: 0.5
    depth_of_discharge: 1.0
