cost_values:
  wind_capex: 5000.0
  wind_opex: 100
  wind_lifetime: 20
  solar_capex: 1000.0
  solar_opex: 10
  solar_lifetime: 20
  carbon_price: 1.0
timeseries_values:
  load_level: 249582.81453812067
  wind_year: 2014
  solar_year: 2014
  price_year: 2023
  carbon_year: 2023
storage_values:
  CAES:
    cost: 51.226
    lifetime: 24.9741
    annual_cost: 2.051165006947197
    efficiency: 0.606967
    discharge_ratio: 0.1
    depth_of_discharge: 0.4
  Li-ion:
    cost: 220.266
    lifetime: 25.3108
    annual_cost: 8.7024511275819
    efficiency: 0.956015
    discharge_ratio: 2
    depth_of_discharge: 0.9
  Pb-acid:
    cost: 89.8601
    lifetime: 12.9613
    annual_cost: 6.9329542561317155
    efficiency: 0.680155
    discharge_ratio: 5
    depth_of_discharge: 0.5
  VRBF:
    cost: 283.957
    lifetime: 19.5766
    annual_cost: 14.504919138154737
    efficiency: 0.813059
    discharge_ratio: 0.5
    depth_of_discharge: 1.0
