cost_values:
  wind_capex: 5000.0
  wind_opex: 100
  wind_lifetime: 20
  solar_capex: 1000.0
  solar_opex: 10
  solar_lifetime: 20
  carbon_price: 1.0
timeseries_values:
  load_level: 249582.81453812067
  wind_year: 2014
  solar_year: 2014
  price_year: 2023
  carbon_year: 2023
storage_values:
  CAES:
    cost: 49.2861
    lifetime: 25.2294
    annual_cost: 1.9535185141144855
    efficiency: 0.593955
    discharge_ratio: 0.1
    depth_of_discharge: 0.4
  Li-ion:
    cost: 224.887
    lifetime: 26.7511
    annual_cost: 8.406644960394152
    efficiency: 0.961219
    discharge_ratio: 2
    depth_of_discharge: 0.9
  Pb-acid:
    cost: 92.1648
    lifetime: 13.0488
    annual_cost: 7.0630862608055915
    efficiency: 0.687974
    discharge_ratio: 5
    depth_of_discharge: 0.5
  VRBF:
    cost: 291.162
    lifetime: 17.0631
    annual_cost: 17.063839513335793
    efficiency: 0.800916
    discharge_ratio: 0.5
    depth_of_discharge: 1.0
