cost_values:
  wind_capex: 5000.0
  wind_opex: 100
  wind_lifetime: 20
  solar_capex: 1000.0
  solar_opex: 10
  solar_lifetime: 20
  carbon_price: 1.0
timeseries_values:
  load_level: 249582.81453812067
  wind_year: 2014
  solar_year: 2014
  price_year: 2023
  carbon_year: 2023
storage_values:
  CAES:
    cost: 46.1133
    lifetime: 23.4826
    annual_cost: 1.9637220750683484
    efficiency: 0.609614
    discharge_ratio: 0.1
    depth_of_discharge: 0.4
  Li-ion:
    cost: 224.659
    lifetime: 23.274
    annual_cost: 9.652788519377847
    efficiency: 0.933322
    discharge_ratio: 2
    depth_of_discharge: 0.9
  Pb-acid:
    cost: 55.235
    lifetime: 12.5956
    annual_cost: 4.3852615198958365
    efficiency: 0.650377
    discharge_ratio: 5
    depth_of_discharge: 0.5
  VRBF:
    cost: 268.514
    lifetime: 17.2748
    annual_cost: 15.543682126565866
    efficiency: 0.790578
    discharge_ratio: 0.5
    depth_of_discharge: 1.0
