cost_values:
  wind_capex: 5000.0
  wind_opex: 100
  wind_lifetime: 20
  solar_capex: 1000.0
  solar_opex: 10
  solar_lifetime: 20
  carbon_price: 1.0
timeseries_values:
  load_level: 249582.81453812067
  wind_year: 2014
  solar_year: 2014
  price_year: 2023
  carbon_year: 2023
storage_values:
  CAES:
    cost: 51.0349
    lifetime: 25.5284
    annual_cost: 1.999142131900158
    efficiency: 0.593123
    discharge_ratio: 0.1
    depth_of_discharge: 0.4
  Li-ion:
    cost: 223.225
    lifetime: 25.5687
    annual_cost: 8.730400841654053
    efficiency: 0.941104
    discharge_ratio: 2
    depth_of_discharge: 0.9
  Pb-acid:
    cost: 103.388
    lifetime: 13.5233
    annual_cost: 7.64517536400139
    efficiency: 0.670321
    discharge_ratio: 5
    depth_of_discharge: 0.5
  VRBF:
    cost: 237.491
    lifetime: 19.8236
    annual_cost: 11.98021550071632
    efficiency: 0.794298
    discharge_ratio: 0.5
    depth_of_discharge: 1.0
