cost_values:
  wind_capex: 5000.0
  wind_opex: 100
  wind_lifetime: 20
  solar_capex: 1000.0
  solar_opex: 10
  solar_lifetime: 20
  carbon_price: 1.0
timeseries_values:
  load_level: 249582.81453812067
  wind_year: 2014
  solar_year: 2014
  price_year: 2023
  carbon_year: 2023
storage_values:
  CAES:
    cost: 50.2374
    lifetime: 25.8105
    annual_cost: 1.946393909455454
    efficiency: 0.602098
    discharge_ratio: 0.1
    depth_of_discharge: 0.4
  Li-ion:
    cost: 223.457
    lifetime: 23.7453
    annual_cost: 9.410578093348999
    efficiency: 0.944396
    discharge_ratio: 2
    depth_of_discharge: 0.9
  Pb-acid:
    cost: 105.025
    lifetime: 13.0826
    annual_cost: 8.027838503049853
    efficiency: 0.67376
    discharge_ratio: 5
    depth_of_discharge: 0.5
  VRBF:
    cost: 267.676
    lifetime: 20.1251
    annual_cost: 13.300604717492087
    efficiency: 0.818612
    discharge_ratio: 0.5
    depth_of_discharge: 1.0
