cost_values:
  wind_capex: 5000.0
  wind_opex: 100
  wind_lifetime: 20
  solar_capex: 1000.0
  solar_opex: 10
  solar_lifetime: 20
  carbon_price: 1.0
timeseries_values:
  load_level: 249582.81453812067
  wind_year: 2014
  solar_year: 2014
  price_year: 2023
  carbon_year: 2023
storage_values:
  CAES:
    cost: 48.2398
    lifetime: 25.5157
    annual_cost: 1.8905928506762504
    efficiency: 0.600372
    discharge_ratio: 0.1
    depth_of_discharge: 0.4
  Li-ion:
    cost: 229.851
    lifetime: 27.7043
    annual_cost: 8.296582119021235
    efficiency: 0.954267
    discharge_ratio: 2
    depth_of_discharge: 0.9
  Pb-acid:
    cost: 93.3409
    lifetime: 12.742
    annual_cost: 7.325451263537906
    efficiency: 0.684976
    discharge_ratio: 5
    depth_of_discharge: 0.5
  VRBF:
    cost: 256.937
    lifetime: 17.1569
    annual_cost: 14.975724052713487
    efficiency: 0.815559
    discharge_ratio: 0.5
    depth_of_discharge: 1.0
