cost_values:
  wind_capex: 5000.0
  wind_opex: 100
  wind_lifetime: 20
  solar_capex: 1000.0
  solar_opex: 10
  solar_lifetime: 20
  carbon_price: 1.0
timeseries_values:
  load_level: 249582.81453812067
  wind_year: 2014
  solar_year: 2014
  price_year: 2023
  carbon_year: 2023
storage_values:
  CAES:
    cost: 51.7483
    lifetime: 24.8153
    annual_cost: 2.0853384806953774
    efficiency: 0.593011
    discharge_ratio: 0.1
    depth_of_discharge: 0.4
  Li-ion:
    cost: 222.407
    lifetime: 25.0429
    annual_cost: 8.88104013512812
    efficiency: 0.946459
    discharge_ratio: 2
    depth_of_discharge: 0.9
  Pb-acid:
    cost: 79.1893
    lifetime: 12.6157
    annual_cost: 6.277043683664006
    efficiency: 0.675599
    discharge_ratio: 5
    depth_of_discharge: 0.5
  VRBF:
    cost: 284.671
    lifetime: 18.6101
    annual_cost: 15.29658626229843
    efficiency: 0.826318
    discharge_ratio: 0.5
    depth_of_discharge: 1.0
