cost_values:
  wind_capex: 5000.0
  wind_opex: 100
  wind_lifetime: 20
  solar_capex: 1000.0
  solar_opex: 10
  solar_lifetime: 20
  carbon_price: 1.0
timeseries_values:
  load_level: 249582.81453812067
  wind_year: 2014
  solar_year: 2014
  price_year: 2023
  carbon_year: 2023
storage_values:
  CAES:
    cost: 44.968
    lifetime: 24.3824
    annual_cost: 1.8442811208084522
    efficiency: 0.601632
    discharge_ratio: 0.1
    depth_of_discharge: 0.4
  Li-ion:
    cost: 238.643
    lifetime: 25.6187
    annual_cost: 9.31518773395996
    efficiency: 0.94998
    discharge_ratio: 2
    depth_of_discharge: 0.9
  Pb-acid:
    cost: 112.092
    lifetime: 13.8664
    annual_cost: 8.083713148329775
    efficiency: 0.668663
    discharge_ratio: 5
    depth_of_discharge: 0.5
  VRBF:
    cost: 275.123
    lifetime: 17.4303
    annual_cost: 15.784180421450005
    efficiency: 0.801144
    discharge_ratio: 0.5
    depth_of_discharge: 1.0
