cost_values:
  wind_capex: 5000.0
  wind_opex: 100
  wind_lifetime: 20
  solar_capex: 1000.0
  solar_opex: 10
  solar_lifetime: 20
  carbon_price: 1.0
timeseries_values:
  load_level: 249582.81453812067
  wind_year: 2014
  solar_year: 2014
  price_year: 2023
  carbon_year: 2023
storage_values:
  CAES:
    cost: 48.2891
    lifetime: 24.4593
    annual_cost: 1.9742633681258253
    efficiency: 0.593385
    discharge_ratio: 0.1
    depth_of_discharge: 0.4
  Li-ion:
    cost: 244.385
    lifetime: 26.026
    annual_cost: 9.390033043879198
    efficiency: 0.97132
    discharge_ratio: 2
    depth_of_discharge: 0.9
  Pb-acid:
    cost: 113.403
    lifetime: 13.4021
    annual_cost: 8.461584378567538
    efficiency: 0.655887
    discharge_ratio: 5
    depth_of_discharge: 0.5
  VRBF:
    cost: 246.87
    lifetime: 18.935
    annual_cost: 13.037760760496436
    efficiency: 0.835408
    discharge_ratio: 0.5
    depth_of_discharge: 1.0
