cost_values:
  wind_capex: 5000.0
  wind_opex: 100
  wind_lifetime: 20
  solar_capex: 1000.0
  solar_opex: 10
  solar_lifetime: 20
  carbon_price: 1.0
timeseries_values:
  load_level: 249582.81453812067
  wind_year: 2014
  solar_year: 2014
  price_year: 2023
  carbon_year: 2023
storage_values:
  CAES:
    cost: 49.0382
    lifetime: 24.337
    annual_cost: 2.0149648683075156
    efficiency: 0.599165
    discharge_ratio: 0.1
    depth_of_discharge: 0.4
  Li-ion:
    cost: 235.101
    lifetime: 26.1093
    annual_cost: 9.004492652043524
    efficiency: 0.950456
    discharge_ratio: 2
    depth_of_discharge: 0.9
  Pb-acid:
    cost: 86.0318
    lifetime: 14.0665
    annual_cost: 6.116077204706217
    efficiency: 0.677074
    discharge_ratio: 5
    depth_of_discharge: 0.5
  VRBF:
    cost: 287.919
    lifetime: 18.7049
    annual_cost: 15.392704585429486
    efficiency: 0.795685
    discharge_ratio: 0.5
    depth_of_discharge: 1.0
