cost_values:
  wind_capex: 5000.0
  wind_opex: 100
  wind_lifetime: 20
  solar_capex: 1000.0
  solar_opex: 10
  solar_lifetime: 20
  carbon_price: 1.0
timeseries_values:
  load_level: 249582.81453812067
  wind_year: 2014
  solar_year: 2014
  price_year: 2023
  carbon_year: 2023
storage_values:
  CAES:
    cost: 54.4281
    lifetime: 24.0997
    annual_cost: 2.2584554994460513
    efficiency: 0.601307
    discharge_ratio: 0.1
    depth_of_discharge: 0.4
  Li-ion:
    cost: 229.782
    lifetime: 25.9266
    annual_cost: 8.862789567471246
    efficiency: 0.95441
    discharge_ratio: 2
    depth_of_discharge: 0.9
  Pb-acid:
    cost: 85.7833
    lifetime: 13.2181
    annual_cost: 6.489835906824733
    efficiency: 0.663331
    discharge_ratio: 5
    depth_of_discharge: 0.5
  VRBF:
    cost: 267.781
    lifetime: 20.2912
    annual_cost: 13.19690309099511
    efficiency: 0.805331
    discharge_ratio: 0.5
    depth_of_discharge: 1.0
