cost_values:
  wind_capex: 5000.0
  wind_opex: 100
  wind_lifetime: 20
  solar_capex: 1000.0
  solar_opex: 10
  solar_lifetime: 20
  carbon_price: 1.0
timeseries_values:
  load_level: 249582.81453812067
  wind_year: 2014
  solar_year: 2014
  price_year: 2023
  carbon_year: 2023
storage_values:
  CAES:
    cost: 55.1123
    lifetime: 23.9354
    annual_cost: 2.3025435129557055
    efficiency: 0.592297
    discharge_ratio: 0.1
    depth_of_discharge: 0.4
  Li-ion:
    cost: 232.034
    lifetime: 24.2343
    annual_cost: 9.574611191575576
    efficiency: 0.950661
    discharge_ratio: 2
    depth_of_discharge: 0.9
  Pb-acid:
    cost: 91.8583
    lifetime: 13.8602
    annual_cost: 6.627487337845053
    efficiency: 0.676862
    discharge_ratio: 5
    depth_of_discharge: 0.5
  VRBF:
    cost: 281.761
    lifetime: 19.1838
    annual_cost: 14.68744461472701
    efficiency: 0.794718
    discharge_ratio: 0.5
    depth_of_discharge: 1.0
