cost_values:
  wind_capex: 5000.0
  wind_opex: 100
  wind_lifetime: 20
  solar_capex: 1000.0
  solar_opex: 10
  solar_lifetime: 20
  carbon_price: 1.0
timeseries_values:
  load_level: 249582.81453812067
  wind_year: 2014
  solar_year: 2014
  price_year: 2023
  carbon_year: 2023
storage_values:
  CAES:
    cost: 51.9537
    lifetime: 24.3197
    annual_cost: 2.1362804639859867
    efficiency: 0.607289
    discharge_ratio: 0.1
    depth_of_discharge: 0.4
  Li-ion:
    cost: 224.915
    lifetime: 23.9476
    annual_cost: 9.391964121665636
    efficiency: 0.947646
    discharge_ratio: 2
    depth_of_discharge: 0.9
  Pb-acid:
    cost: 86.272
    lifetime: 14.0992
    annual_cost: 6.118928733545166
    efficiency: 0.667688
    discharge_ratio: 5
    depth_of_discharge: 0.5
  VRBF:
    cost: 279.402
    lifetime: 20.8086
    annual_cost: 13.427236815547419
    efficiency: 0.807521
    discharge_ratio: 0.5
    depth_of_discharge: 1.0
