cost_values:
  wind_capex: 5000.0
  wind_opex: 100
  wind_lifetime: 20
  solar_capex: 1000.0
  solar_opex: 10
  solar_lifetime: 20
  carbon_price: 1.0
timeseries_values:
  load_level: 249582.81453812067
  wind_year: 2014
  solar_year: 2014
  price_year: 2023
  carbon_year: 2023
storage_values:
  CAES:
    cost: 51.871
    lifetime: 25.5059
    annual_cost: 2.0336863235565104
    efficiency: 0.598854
    discharge_ratio: 0.1
    depth_of_discharge: 0.4
  Li-ion:
    cost: 224.509
    lifetime: 26.4067
    annual_cost: 8.50197109067017
    efficiency: 0.95178
    discharge_ratio: 2
    depth_of_discharge: 0.9
  Pb-acid:
    cost: 100.829
    lifetime: 12.1627
    annual_cost: 8.290017841433235
    efficiency: 0.668947
    discharge_ratio: 5
    depth_of_discharge: 0.5
  VRBF:
    cost: 254.337
    lifetime: 18.952
    annual_cost: 13.420061207260446
    efficiency: 0.809085
    discharge_ratio: 0.5
    depth_of_discharge: 1.0
