cost_values:
  wind_capex: 5000.0
  wind_opex: 100
  wind_lifetime: 20
  solar_capex: 1000.0
  solar_opex: 10
  solar_lifetime: 20
  carbon_price: 1.0
timeseries_values:
  load_level: 249582.81453812067
  wind_year: 2014
  solar_year: 2014
  price_year: 2023
  carbon_year: 2023
storage_values:
  CAES:
    cost: 48.9033
    lifetime: 24.449
    annual_cost: 2.000216777782322
    efficiency: 0.6037
    discharge_ratio: 0.1
    depth_of_discharge: 0.4
  Li-ion:
    cost: 220.521
    lifetime: 26.4309
    annual_cost: 8.343302725219345
    efficiency: 0.950889
    discharge_ratio: 2
    depth_of_discharge: 0.9
  Pb-acid:
    cost: 107.775
    lifetime: 12.5123
    annual_cost: 8.613524292096578
    efficiency: 0.66026
    discharge_ratio: 5
    depth_of_discharge: 0.5
  VRBF:
    cost: 262.046
    lifetime: 17.6433
    annual_cost: 14.852436902393542
    efficiency: 0.806104
    discharge_ratio: 0.5
    depth_of_discharge: 1.0
