cost_values:
  wind_capex: 5000.0
  wind_opex: 100
  wind_lifetime: 20
  solar_capex: 1000.0
  solar_opex: 10
  solar_lifetime: 20
  carbon_price: 1.0
timeseries_values:
  load_level: 249582.81453812067
  wind_year: 2014
  solar_year: 2014
  price_year: 2023
  carbon_year: 2023
storage_values:
  CAES:
    cost: 51.0328
    lifetime: 24.5492
    annual_cost: 2.07879686507096
    efficiency: 0.592536
    discharge_ratio: 0.1
    depth_of_discharge: 0.4
  Li-ion:
    cost: 242.393
    lifetime: 27.1132
    annual_cost: 8.94003658734491
    efficiency: 0.930268
    discharge_ratio: 2
    depth_of_discharge: 0.9
  Pb-acid:
    cost: 101.462
    lifetime: 14.2853
    annual_cost: 7.102545973833242
    efficiency: 0.68164
    discharge_ratio: 5
    depth_of_discharge: 0.5
  VRBF:
    cost: 291.463
    lifetime: 20.4963
    annual_cost: 14.220273903094705
    efficiency: 0.787141
    discharge_ratio: 0.5
    depth_of_discharge: 1.0
