cost_values:
  wind_capex: 5000.0
  wind_opex: 100
  wind_lifetime: 20
  solar_capex: 1000.0
  solar_opex: 10
  solar_lifetime: 20
  carbon_price: 1.0
timeseries_values:
  load_level: 249582.81453812067
  wind_year: 2014
  solar_year: 2014
  price_year: 2023
  carbon_year: 2023
storage_values:
  CAES:
    cost: 43.826
    lifetime: 24.9857
    annual_cost: 1.754043312774907
    efficiency: 0.59487
    discharge_ratio: 0.1
    depth_of_discharge: 0.4
  Li-ion:
    cost: 238.312
    lifetime: 26.6524
    annual_cost: 8.94148369377617
    efficiency: 0.957611
    discharge_ratio: 2
    depth_of_discharge: 0.9
  Pb-acid:
    cost: 97.1312
    lifetime: 14.3192
    annual_cost: 6.783283982345383
    efficiency: 0.681694
    discharge_ratio: 5
    depth_of_discharge: 0.5
  VRBF:
    cost: 258.208
    lifetime: 20.2592
    annual_cost: 12.745221923866689
    efficiency: 0.821457
    discharge_ratio: 0.5
    depth_of_discharge: 1.0
