cost_values:
  wind_capex: 5000.0
  wind_opex: 100
  wind_lifetime: 20
  solar_capex: 1000.0
  solar_opex: 10
  solar_lifetime: 20
  carbon_price: 1.0
timeseries_values:
  load_level: 249582.81453812067
  wind_year: 2014
  solar_year: 2014
  price_year: 2023
  carbon_year: 2023
storage_values:
  CAES:
    cost: 57.8016
    lifetime: 25.4881
    annual_cost: 2.267787712697298
    efficiency: 0.596795
    discharge_ratio: 0.1
    depth_of_discharge: 0.4
  Li-ion:
    cost: 213.59
    lifetime: 25.6601
    annual_cost: 8.323817911855372
    efficiency: 0.960368
    discharge_ratio: 2
    depth_of_discharge: 0.9
  Pb-acid:
    cost: 93.3042
    lifetime: 11.7475
    annual_cost: 7.942472866567354
    efficiency: 0.665651
    discharge_ratio: 5
    depth_of_discharge: 0.5
  VRBF:
    cost: 267.338
    lifetime: 19.9623
    annual_cost: 13.392144191801547
    efficiency: 0.795458
    discharge_ratio: 0.5
    depth_of_discharge: 1.0
