cost_values:
  wind_capex: 5000.0
  wind_opex: 100
  wind_lifetime: 20
  solar_capex: 1000.0
  solar_opex: 10
  solar_lifetime: 20
  carbon_price: 1.0
timeseries_values:
  load_level: 249582.81453812067
  wind_year: 2014
  solar_year: 2014
  price_year: 2023
  carbon_year: 2023
storage_values:
  CAES:
    cost: 50.811
    lifetime: 25.5312
    annual_cost: 1.9901532242902802
    efficiency: 0.599795
    discharge_ratio: 0.1
    depth_of_discharge: 0.4
  Li-ion:
    cost: 244.81
    lifetime: 24.6672
    annual_cost: 9.924515145618473
    efficiency: 0.942235
    discharge_ratio: 2
    depth_of_discharge: 0.9
  Pb-acid:
    cost: 76.0447
    lifetime: 11.8576
    annual_cost: 6.413161179328027
    efficiency: 0.658722
    discharge_ratio: 5
    depth_of_discharge: 0.5
  VRBF:
    cost: 272.728
    lifetime: 18.6906
    annual_cost: 14.591719901982815
    efficiency: 0.79044
    discharge_ratio: 0.5
    depth_of_discharge: 1.0
