cost_values:
  wind_capex: 5000.0
  wind_opex: 100
  wind_lifetime: 20
  solar_capex: 1000.0
  solar_opex: 10
  solar_lifetime: 20
  carbon_price: 1.0
timeseries_values:
  load_level: 249582.81453812067
  wind_year: 2014
  solar_year: 2014
  price_year: 2023
  carbon_year: 2023
storage_values:
  CAES:
    cost: 53.1234
    lifetime: 24.2765
    annual_cost: 2.1882643708936627
    efficiency: 0.602745
    discharge_ratio: 0.1
    depth_of_discharge: 0.4
  Li-ion:
    cost: 254.884
    lifetime: 27.4533
    annual_cost: 9.284275478722048
    efficiency: 0.953081
    discharge_ratio: 2
    depth_of_discharge: 0.9
  Pb-acid:
    cost: 105.65
    lifetime: 13.7715
    annual_cost: 7.671640707257743
    efficiency: 0.676667
    discharge_ratio: 5
    depth_of_discharge: 0.5
  VRBF:
    cost: 259.166
    lifetime: 19.2443
    annual_cost: 13.467156508680493
    efficiency: 0.796662
    discharge_ratio: 0.5
    depth_of_discharge: 1.0
