cost_values:
  wind_capex: 5000.0
  wind_opex: 100
  wind_lifetime: 20
  solar_capex: 1000.0
  solar_opex: 10
  solar_lifetime: 20
  carbon_price: 1.0
timeseries_values:
  load_level: 249582.81453812067
  wind_year: 2014
  solar_year: 2014
  price_year: 2023
  carbon_year: 2023
storage_values:
  CAES:
    cost: 48.8171
    lifetime: 24.7257
    annual_cost: 1.9743465301285708
    efficiency: 0.59809
    discharge_ratio: 0.1
    depth_of_discharge: 0.4
  Li-ion:
    cost: 224.302
    lifetime: 28.1574
    annual_cost: 7.966005384019831
    efficiency: 0.949925
    discharge_ratio: 2
    depth_of_discharge: 0.9
  Pb-acid:
    cost: 98.7117
    lifetime: 11.2356
    annual_cost: 8.785618925558047
    efficiency: 0.670824
    discharge_ratio: 5
    depth_of_discharge: 0.5
  VRBF:
    cost: 297.449
    lifetime: 18.2805
    annual_cost: 16.27138207379448
    efficiency: 0.805381
    discharge_ratio: 0.5
    depth_of_discharge: 1.0
