cost_values:
  wind_capex: 5000.0
  wind_opex: 100
  wind_lifetime: 20
  solar_capex: 1000.0
  solar_opex: 10
  solar_lifetime: 20
  carbon_price: 1.0
timeseries_values:
  load_level: 249582.81453812067
  wind_year: 2014
  solar_year: 2014
  price_year: 2023
  carbon_year: 2023
storage_values:
  CAES:
    cost: 50.4639
    lifetime: 26.2314
    annual_cost: 1.923797433610101
    efficiency: 0.613052
    discharge_ratio: 0.1
    depth_of_discharge: 0.4
  Li-ion:
    cost: 233.985
    lifetime: 26.4694
    annual_cost: 8.839830143486441
    efficiency: 0.949343
    discharge_ratio: 2
    depth_of_discharge: 0.9
  Pb-acid:
    cost: 99.6676
    lifetime: 13.7976
    annual_cost: 7.223546123963588
    efficiency: 0.672769
    discharge_ratio: 5
    depth_of_discharge: 0.5
  VRBF:
    cost: 286.085
    lifetime: 19.1263
    annual_cost: 14.957676079534462
    efficiency: 0.808775
    discharge_ratio: 0.5
    depth_of_discharge: 1.0
