cost_values:
  wind_capex: 5000.0
  wind_opex: 100
  wind_lifetime: 20
  solar_capex: 1000.0
  solar_opex: 10
  solar_lifetime: 20
  carbon_price: 1.0
timeseries_values:
  load_level: 249582.81453812067
  wind_year: 2014
  solar_year: 2014
  price_year: 2023
  carbon_year: 2023
storage_values:
  CAES:
    cost: 46.3849
    lifetime: 24.3564
    annual_cost: 1.904423478018098
    efficiency: 0.606776
    discharge_ratio: 0.1
    depth_of_discharge: 0.4
  Li-ion:
    cost: 238.086
    lifetime: 26.9264
    annual_cost: 8.842102917582745
    efficiency: 0.952964
    discharge_ratio: 2
    depth_of_discharge: 0.9
  Pb-acid:
    cost: 82.8575
    lifetime: 12.6391
    annual_cost: 6.555648740812242
    efficiency: 0.662112
    discharge_ratio: 5
    depth_of_discharge: 0.5
  VRBF:
    cost: 287.032
    lifetime: 19.9277
    annual_cost: 14.403669264390771
    efficiency: 0.815183
    discharge_ratio: 0.5
    depth_of_discharge: 1.0
