cost_values:
  wind_capex: 5000.0
  wind_opex: 100
  wind_lifetime: 20
  solar_capex: 1000.0
  solar_opex: 10
  solar_lifetime: 20
  carbon_price: 1.0
timeseries_values:
  load_level: 249582.81453812067
  wind_year: 2014
  solar_year: 2014
  price_year: 2023
  carbon_year: 2023
storage_values:
  CAES:
    cost: 51.9668
    lifetime: 24.7294
    annual_cost: 2.1014177456792322
    efficiency: 0.595583
    discharge_ratio: 0.1
    depth_of_discharge: 0.4
  Li-ion:
    cost: 234.33
    lifetime: 25.8857
    annual_cost: 9.052488439563158
    efficiency: 0.950883
    discharge_ratio: 2
    depth_of_discharge: 0.9
  Pb-acid:
    cost: 96.3391
    lifetime: 13.0337
    annual_cost: 7.391538856963104
    efficiency: 0.677181
    discharge_ratio: 5
    depth_of_discharge: 0.5
  VRBF:
    cost: 259.037
    lifetime: 19.2919
    annual_cost: 13.427241484768219
    efficiency: 0.792259
    discharge_ratio: 0.5
    depth_of_discharge: 1.0
