cost_values:
  wind_capex: 5000.0
  wind_opex: 100
  wind_lifetime: 20
  solar_capex: 1000.0
  solar_opex: 10
  solar_lifetime: 20
  carbon_price: 1.0
timeseries_values:
  load_level: 249582.81453812067
  wind_year: 2014
  solar_year: 2014
  price_year: 2023
  carbon_year: 2023
storage_values:
  CAES:
    cost: 58.5155
    lifetime: 24.731
    annual_cost: 2.3660790101492055
    efficiency: 0.599977
    discharge_ratio: 0.1
    depth_of_discharge: 0.4
  Li-ion:
    cost: 250.948
    lifetime: 25.7238
    annual_cost: 9.755479361525124
    efficiency: 0.926439
    discharge_ratio: 2
    depth_of_discharge: 0.9
  Pb-acid:
    cost: 85.6812
    lifetime: 12.3269
    annual_cost: 6.950749985803406
    efficiency: 0.669608
    discharge_ratio: 5
    depth_of_discharge: 0.5
  VRBF:
    cost: 273.64
    lifetime: 17.3526
    annual_cost: 15.769394788100918
    efficiency: 0.818448
    discharge_ratio: 0.5
    depth_of_discharge: 1.0
