cost_values:
  wind_capex: 5000.0
  wind_opex: 100
  wind_lifetime: 20
  solar_capex: 1000.0
  solar_opex: 10
  solar_lifetime: 20
  carbon_price: 1.0
timeseries_values:
  load_level: 249582.81453812067
  wind_year: 2014
  solar_year: 2014
  price_year: 2023
  carbon_year: 2023
storage_values:
  CAES:
    cost: 53.5638
    lifetime: 24.1042
    annual_cost: 2.222177047983339
    efficiency: 0.602653
    discharge_ratio: 0.1
    depth_of_discharge: 0.4
  Li-ion:
    cost: 244.827
    lifetime: 24.3537
    annual_cost: 10.052969363998079
    efficiency: 0.942991
    discharge_ratio: 2
    depth_of_discharge: 0.9
  Pb-acid:
    cost: 114.938
    lifetime: 14.3482
    annual_cost: 8.010621541378013
    efficiency: 0.664038
    discharge_ratio: 5
    depth_of_discharge: 0.5
  VRBF:
    cost: 295.519
    lifetime: 19.0857
    annual_cost: 15.48379152978408
    efficiency: 0.801962
    discharge_ratio: 0.5
    depth_of_discharge: 1.0
