cost_values:
  wind_capex: 5000.0
  wind_opex: 100
  wind_lifetime: 20
  solar_capex: 1000.0
  solar_opex: 10
  solar_lifetime: 20
  carbon_price: 1.0
timeseries_values:
  load_level: 249582.81453812067
  wind_year: 2014
  solar_year: 2014
  price_year: 2023
  carbon_year: 2023
storage_values:
  CAES:
    cost: 53.3012
    lifetime: 24.1359
    annual_cost: 2.208378390696017
    efficiency: 0.604878
    discharge_ratio: 0.1
    depth_of_discharge: 0.4
  Li-ion:
    cost: 227.202
    lifetime: 25.6527
    annual_cost: 8.856845478253751
    efficiency: 0.942104
    discharge_ratio: 2
    depth_of_discharge: 0.9
  Pb-acid:
    cost: 109.159
    lifetime: 13.1744
    annual_cost: 8.285690429924703
    efficiency: 0.657787
    discharge_ratio: 5
    depth_of_discharge: 0.5
  VRBF:
    cost: 255.276
    lifetime: 19.9404
    annual_cost: 12.801949810435097
    efficiency: 0.794945
    discharge_ratio: 0.5
    depth_of_discharge: 1.0
