cost_values:
  wind_capex: 5000.0
  wind_opex: 100
  wind_lifetime: 20
  solar_capex: 1000.0
  solar_opex: 10
  solar_lifetime: 20
  carbon_price: 1.0
timeseries_values:
  load_level: 249582.81453812067
  wind_year: 2014
  solar_year: 2014
  price_year: 2023
  carbon_year: 2023
storage_values:
  CAES:
    cost: 53.1919
    lifetime: 24.1506
    annual_cost: 2.2025084262916863
    efficiency: 0.601708
    discharge_ratio: 0.1
    depth_of_discharge: 0.4
  Li-ion:
    cost: 222.743
    lifetime: 24.473
    annual_cost: 9.101581334531934
    efficiency: 0.927216
    discharge_ratio: 2
    depth_of_discharge: 0.9
  Pb-acid:
    cost: 108.586
    lifetime: 12.136
    annual_cost: 8.947429136453527
    efficiency: 0.678315
    discharge_ratio: 5
    depth_of_discharge: 0.5
  VRBF:
    cost: 274.296
    lifetime: 19.3752
    annual_cost: 14.157066765762417
    efficiency: 0.788452
    discharge_ratio: 0.5
    depth_of_discharge: 1.0
