cost_values:
  wind_capex: 5000.0
  wind_opex: 100
  wind_lifetime: 20
  solar_capex: 1000.0
  solar_opex: 10
  solar_lifetime: 20
  carbon_price: 1.0
timeseries_values:
  load_level: 249582.81453812067
  wind_year: 2014
  solar_year: 2014
  price_year: 2023
  carbon_year: 2023
storage_values:
  CAES:
    cost: 49.1712
    lifetime: 23.3254
    annual_cost: 2.108053881176743
    efficiency: 0.602585
    discharge_ratio: 0.1
    depth_of_discharge: 0.4
  Li-ion:
    cost: 233.979
    lifetime: 26.2894
    annual_cost: 8.900127047403137
    efficiency: 0.965346
    discharge_ratio: 2
    depth_of_discharge: 0.9
  Pb-acid:
    cost: 86.2204
    lifetime: 15.2225
    annual_cost: 5.664010510757103
    efficiency: 0.660263
    discharge_ratio: 5
    depth_of_discharge: 0.5
  VRBF:
    cost: 289.682
    lifetime: 20.0361
    annual_cost: 14.458003304036215
    efficiency: 0.821569
    discharge_ratio: 0.5
    depth_of_discharge: 1.0
