cost_values:
  wind_capex: 5000.0
  wind_opex: 100
  wind_lifetime: 20
  solar_capex: 1000.0
  solar_opex: 10
  solar_lifetime: 20
  carbon_price: 1.0
timeseries_values:
  load_level: 249582.81453812067
  wind_year: 2014
  solar_year: 2014
  price_year: 2023
  carbon_year: 2023
storage_values:
  CAES:
    cost: 52.5991
    lifetime: 24.9717
    annual_cost: 2.1063483863733747
    efficiency: 0.599811
    discharge_ratio: 0.1
    depth_of_discharge: 0.4
  Li-ion:
    cost: 245.891
    lifetime: 25.165
    annual_cost: 9.771150407311742
    efficiency: 0.95062
    discharge_ratio: 2
    depth_of_discharge: 0.9
  Pb-acid:
    cost: 86.0746
    lifetime: 12.5067
    annual_cost: 6.882279098403256
    efficiency: 0.670877
    discharge_ratio: 5
    depth_of_discharge: 0.5
  VRBF:
    cost: 248.479
    lifetime: 17.6977
    annual_cost: 14.040186012871729
    efficiency: 0.764172
    discharge_ratio: 0.5
    depth_of_discharge: 1.0
