cost_values:
  wind_capex: 5000.0
  wind_opex: 100
  wind_lifetime: 20
  solar_capex: 1000.0
  solar_opex: 10
  solar_lifetime: 20
  carbon_price: 1.0
timeseries_values:
  load_level: 249582.81453812067
  wind_year: 2014
  solar_year: 2014
  price_year: 2023
  carbon_year: 2023
storage_values:
  CAES:
    cost: 50.3423
    lifetime: 24.2836
    annual_cost: 2.0730987168294654
    efficiency: 0.604234
    discharge_ratio: 0.1
    depth_of_discharge: 0.4
  Li-ion:
    cost: 212.929
    lifetime: 25.8641
    annual_cost: 8.232608132507993
    efficiency: 0.953491
    discharge_ratio: 2
    depth_of_discharge: 0.9
  Pb-acid:
    cost: 91.5695
    lifetime: 11.8672
    annual_cost: 7.71618410408521
    efficiency: 0.655464
    discharge_ratio: 5
    depth_of_discharge: 0.5
  VRBF:
    cost: 279.33
    lifetime: 16.9769
    annual_cost: 16.453533919620188
    efficiency: 0.784646
    discharge_ratio: 0.5
    depth_of_discharge: 1.0
