cost_values:
  wind_capex: 5000.0
  wind_opex: 100
  wind_lifetime: 20
  solar_capex: 1000.0
  solar_opex: 10
  solar_lifetime: 20
  carbon_price: 1.0
timeseries_values:
  load_level: 249582.81453812067
  wind_year: 2014
  solar_year: 2014
  price_year: 2023
  carbon_year: 2023
storage_values:
  CAES:
    cost: 49.6243
    lifetime: 25.1777
    annual_cost: 1.970962399266017
    efficiency: 0.6078
    discharge_ratio: 0.1
    depth_of_discharge: 0.4
  Li-ion:
    cost: 239.413
    lifetime: 25.9997
    annual_cost: 9.208298557291046
    efficiency: 0.972969
    discharge_ratio: 2
    depth_of_discharge: 0.9
  Pb-acid:
    cost: 90.6575
    lifetime: 12.8919
    annual_cost: 7.032128700967274
    efficiency: 0.664136
    discharge_ratio: 5
    depth_of_discharge: 0.5
  VRBF:
    cost: 276.243
    lifetime: 17.469
    annual_cost: 15.81332646402198
    efficiency: 0.80694
    discharge_ratio: 0.5
    depth_of_discharge: 1.0
