cost_values:
  wind_capex: 5000.0
  wind_opex: 100
  wind_lifetime: 20
  solar_capex: 1000.0
  solar_opex: 10
  solar_lifetime: 20
  carbon_price: 1.0
timeseries_values:
  load_level: 249582.81453812067
  wind_year: 2014
  solar_year: 2014
  price_year: 2023
  carbon_year: 2023
storage_values:
  CAES:
    cost: 50.3668
    lifetime: 24.2889
    annual_cost: 2.07365504407363
    efficiency: 0.591045
    discharge_ratio: 0.1
    depth_of_discharge: 0.4
  Li-ion:
    cost: 225.52
    lifetime: 25.2055
    annual_cost: 8.947253575608498
    efficiency: 0.958942
    discharge_ratio: 2
    depth_of_discharge: 0.9
  Pb-acid:
    cost: 117.199
    lifetime: 12.3509
    annual_cost: 9.489106057048474
    efficiency: 0.664026
    discharge_ratio: 5
    depth_of_discharge: 0.5
  VRBF:
    cost: 264.206
    lifetime: 18.23
    annual_cost: 14.492923752057049
    efficiency: 0.807063
    discharge_ratio: 0.5
    depth_of_discharge: 1.0
