cost_values:
  wind_capex: 5000.0
  wind_opex: 100
  wind_lifetime: 20
  solar_capex: 1000.0
  solar_opex: 10
  solar_lifetime: 20
  carbon_price: 1.0
timeseries_values:
  load_level: 229807.5926200441
  wind_year: 2011
  solar_year: 2012
  price_year: 2023
  carbon_year: 2023
storage_values:
  CAES:
    cost: 61.1667
    lifetime: 24.729
    annual_cost: 2.473480528933641
    efficiency: 0.617305
    discharge_ratio: 0.1
    depth_of_discharge: 0.4
  Li-ion:
    cost: 176.768
    lifetime: 22.7317
    annual_cost: 7.776277181205101
    efficiency: 0.897798
    discharge_ratio: 2
    depth_of_discharge: 0.9
  Pb-acid:
    cost: 93.0933
    lifetime: 11.4498
    annual_cost: 8.130561232510612
    efficiency: 0.745643
    discharge_ratio: 5
    depth_of_discharge: 0.5
  VRBF:
    cost: 237.495
    lifetime: 28.4415
    annual_cost: 8.350297980064342
    efficiency: 0.677123
    discharge_ratio: 0.5
    depth_of_discharge: 1.0
