cost_values:
  wind_capex: 5000.0
  wind_opex: 100
  wind_lifetime: 20
  solar_capex: 1000.0
  solar_opex: 10
  solar_lifetime: 20
  carbon_price: 1.0
timeseries_values:
  load_level: 229807.5926200441
  wind_year: 2011
  solar_year: 2012
  price_year: 2023
  carbon_year: 2023
storage_values:
  CAES:
    cost: 51.3379
    lifetime: 24.1232
    annual_cost: 2.1281546395171453
    efficiency: 0.607127
    discharge_ratio: 0.1
    depth_of_discharge: 0.4
  Li-ion:
    cost: 167.635
    lifetime: 21.6216
    annual_cost: 7.753126503126502
    efficiency: 0.893017
    discharge_ratio: 2
    depth_of_discharge: 0.9
  Pb-acid:
    cost: 93.533
    lifetime: 10.9075
    annual_cost: 8.575108870043548
    efficiency: 0.738071
    discharge_ratio: 5
    depth_of_discharge: 0.5
  VRBF:
    cost: 231.536
    lifetime: 26.9121
    annual_cost: 8.603416307162949
    efficiency: 0.690245
    discharge_ratio: 0.5
    depth_of_discharge: 1.0
