cost_values:
  wind_capex: 5000.0
  wind_opex: 100
  wind_lifetime: 20
  solar_capex: 1000.0
  solar_opex: 10
  solar_lifetime: 20
  carbon_price: 1.0
timeseries_values:
  load_level: 229807.5926200441
  wind_year: 2011
  solar_year: 2012
  price_year: 2023
  carbon_year: 2023
storage_values:
  CAES:
    cost: 53.84
    lifetime: 24.8512
    annual_cost: 2.1664949781097094
    efficiency: 0.607023
    discharge_ratio: 0.1
    depth_of_discharge: 0.4
  Li-ion:
    cost: 194.077
    lifetime: 20.0721
    annual_cost: 9.668993279228381
    efficiency: 0.896289
    discharge_ratio: 2
    depth_of_discharge: 0.9
  Pb-acid:
    cost: 117.969
    lifetime: 10.5969
    annual_cost: 11.132406647227018
    efficiency: 0.754731
    discharge_ratio: 5
    depth_of_discharge: 0.5
  VRBF:
    cost: 253.035
    lifetime: 27.0917
    annual_cost: 9.339945444545746
    efficiency: 0.668007
    discharge_ratio: 0.5
    depth_of_discharge: 1.0
