cost_values:
  wind_capex: 5000.0
  wind_opex: 100
  wind_lifetime: 20
  solar_capex: 1000.0
  solar_opex: 10
  solar_lifetime: 20
  carbon_price: 1.0
timeseries_values:
  load_level: 229807.5926200441
  wind_year: 2011
  solar_year: 2012
  price_year: 2023
  carbon_year: 2023
storage_values:
  CAES:
    cost: 53.8893
    lifetime: 23.8231
    annual_cost: 2.2620607729472653
    efficiency: 0.604756
    discharge_ratio: 0.1
    depth_of_discharge: 0.4
  Li-ion:
    cost: 173.804
    lifetime: 19.2333
    annual_cost: 9.036618780968425
    efficiency: 0.902994
    discharge_ratio: 2
    depth_of_discharge: 0.9
  Pb-acid:
    cost: 95.7429
    lifetime: 9.85513
    annual_cost: 9.715031663712198
    efficiency: 0.759177
    discharge_ratio: 5
    depth_of_discharge: 0.5
  VRBF:
    cost: 237.386
    lifetime: 24.0121
    annual_cost: 9.88609909170793
    efficiency: 0.683413
    discharge_ratio: 0.5
    depth_of_discharge: 1.0
