cost_values:
  wind_capex: 5000.0
  wind_opex: 100
  wind_lifetime: 20
  solar_capex: 1000.0
  solar_opex: 10
  solar_lifetime: 20
  carbon_price: 1.0
timeseries_values:
  load_level: 229807.5926200441
  wind_year: 2011
  solar_year: 2012
  price_year: 2023
  carbon_year: 2023
storage_values:
  CAES:
    cost: 50.825
    lifetime: 23.708
    annual_cost: 2.143791125358529
    efficiency: 0.608046
    discharge_ratio: 0.1
    depth_of_discharge: 0.4
  Li-ion:
    cost: 195.516
    lifetime: 21.4072
    annual_cost: 9.13318883366344
    efficiency: 0.901832
    discharge_ratio: 2
    depth_of_discharge: 0.9
  Pb-acid:
    cost: 106.263
    lifetime: 10.8525
    annual_cost: 9.791568762957844
    efficiency: 0.755591
    discharge_ratio: 5
    depth_of_discharge: 0.5
  VRBF:
    cost: 187.07
    lifetime: 27.3399
    annual_cost: 6.842380550038588
    efficiency: 0.670218
    discharge_ratio: 0.5
    depth_of_discharge: 1.0
