cost_values:
  wind_capex: 5000.0
  wind_opex: 100
  wind_lifetime: 20
  solar_capex: 1000.0
  solar_opex: 10
  solar_lifetime: 20
  carbon_price: 1.0
timeseries_values:
  load_level: 229807.5926200441
  wind_year: 2011
  solar_year: 2012
  price_year: 2023
  carbon_year: 2023
storage_values:
  CAES:
    cost: 50.5257
    lifetime: 24.1679
    annual_cost: 2.0906119273912918
    efficiency: 0.628471
    discharge_ratio: 0.1
    depth_of_discharge: 0.4
  Li-ion:
    cost: 201.906
    lifetime: 20.5591
    annual_cost: 9.820760636409181
    efficiency: 0.905877
    discharge_ratio: 2
    depth_of_discharge: 0.9
  Pb-acid:
    cost: 104.459
    lifetime: 9.37883
    annual_cost: 11.137743193980485
    efficiency: 0.752775
    discharge_ratio: 5
    depth_of_discharge: 0.5
  VRBF:
    cost: 230.226
    lifetime: 26.1199
    annual_cost: 8.81419913552502
    efficiency: 0.683588
    discharge_ratio: 0.5
    depth_of_discharge: 1.0
