cost_values:
  wind_capex: 5000.0
  wind_opex: 100
  wind_lifetime: 20
  solar_capex: 1000.0
  solar_opex: 10
  solar_lifetime: 20
  carbon_price: 1.0
timeseries_values:
  load_level: 229807.5926200441
  wind_year: 2011
  solar_year: 2012
  price_year: 2023
  carbon_year: 2023
storage_values:
  CAES:
    cost: 43.3309
    lifetime: 24.4646
    annual_cost: 1.7711673193103503
    efficiency: 0.613123
    discharge_ratio: 0.1
    depth_of_discharge: 0.4
  Li-ion:
    cost: 181.575
    lifetime: 22.9141
    annual_cost: 7.9241602332188465
    efficiency: 0.886193
    discharge_ratio: 2
    depth_of_discharge: 0.9
  Pb-acid:
    cost: 86.3121
    lifetime: 10.8962
    annual_cost: 7.921302839522035
    efficiency: 0.748572
    discharge_ratio: 5
    depth_of_discharge: 0.5
  VRBF:
    cost: 232.227
    lifetime: 27.8753
    annual_cost: 8.330923792748418
    efficiency: 0.679581
    discharge_ratio: 0.5
    depth_of_discharge: 1.0
