cost_values:
  wind_capex: 5000.0
  wind_opex: 100
  wind_lifetime: 20
  solar_capex: 1000.0
  solar_opex: 10
  solar_lifetime: 20
  carbon_price: 1.0
timeseries_values:
  load_level: 229807.5926200441
  wind_year: 2011
  solar_year: 2012
  price_year: 2023
  carbon_year: 2023
storage_values:
  CAES:
    cost: 49.0045
    lifetime: 23.8818
    annual_cost: 2.0519600700114733
    efficiency: 0.613856
    discharge_ratio: 0.1
    depth_of_discharge: 0.4
  Li-ion:
    cost: 191.933
    lifetime: 23.0321
    annual_cost: 8.333282679390937
    efficiency: 0.885895
    discharge_ratio: 2
    depth_of_discharge: 0.9
  Pb-acid:
    cost: 100.882
    lifetime: 12.6797
    annual_cost: 7.956181928594526
    efficiency: 0.734755
    discharge_ratio: 5
    depth_of_discharge: 0.5
  VRBF:
    cost: 242.854
    lifetime: 25.2098
    annual_cost: 9.633317202040477
    efficiency: 0.705701
    discharge_ratio: 0.5
    depth_of_discharge: 1.0
