cost_values:
  wind_capex: 5000.0
  wind_opex: 100
  wind_lifetime: 20
  solar_capex: 1000.0
  solar_opex: 10
  solar_lifetime: 20
  carbon_price: 1.0
timeseries_values:
  load_level: 229807.5926200441
  wind_year: 2011
  solar_year: 2012
  price_year: 2023
  carbon_year: 2023
storage_values:
  CAES:
    cost: 50.2623
    lifetime: 23.497
    annual_cost: 2.1390943524705284
    efficiency: 0.615723
    discharge_ratio: 0.1
    depth_of_discharge: 0.4
  Li-ion:
    cost: 181.54
    lifetime: 20.2724
    annual_cost: 8.955032457923087
    efficiency: 0.893426
    discharge_ratio: 2
    depth_of_discharge: 0.9
  Pb-acid:
    cost: 95.3418
    lifetime: 11.3923
    annual_cost: 8.36896851382074
    efficiency: 0.738358
    discharge_ratio: 5
    depth_of_discharge: 0.5
  VRBF:
    cost: 236.096
    lifetime: 23.5858
    annual_cost: 10.010090817356206
    efficiency: 0.67748
    discharge_ratio: 0.5
    depth_of_discharge: 1.0
