cost_values:
  wind_capex: 5000.0
  wind_opex: 100
  wind_lifetime: 20
  solar_capex: 1000.0
  solar_opex: 10
  solar_lifetime: 20
  carbon_price: 1.0
timeseries_values:
  load_level: 229807.5926200441
  wind_year: 2011
  solar_year: 2012
  price_year: 2023
  carbon_year: 2023
storage_values:
  CAES:
    cost: 44.7523
    lifetime: 24.43
    annual_cost: 1.8318583708555054
    efficiency: 0.61271
    discharge_ratio: 0.1
    depth_of_discharge: 0.4
  Li-ion:
    cost: 187.118
    lifetime: 21.187
    annual_cost: 8.831736442157926
    efficiency: 0.905471
    discharge_ratio: 2
    depth_of_discharge: 0.9
  Pb-acid:
    cost: 113.462
    lifetime: 10.0015
    annual_cost: 11.344498325251212
    efficiency: 0.767505
    discharge_ratio: 5
    depth_of_discharge: 0.5
  VRBF:
    cost: 252.633
    lifetime: 27.1157
    annual_cost: 9.316853335890277
    efficiency: 0.674149
    discharge_ratio: 0.5
    depth_of_discharge: 1.0
