cost_values:
  wind_capex: 5000.0
  wind_opex: 100
  wind_lifetime: 20
  solar_capex: 1000.0
  solar_opex: 10
  solar_lifetime: 20
  carbon_price: 1.0
timeseries_values:
  load_level: 229807.5926200441
  wind_year: 2011
  solar_year: 2012
  price_year: 2023
  carbon_year: 2023
storage_values:
  CAES:
    cost: 51.7412
    lifetime: 23.5244
    annual_cost: 2.199469487000731
    efficiency: 0.615896
    discharge_ratio: 0.1
    depth_of_discharge: 0.4
  Li-ion:
    cost: 182.19
    lifetime: 20.5019
    annual_cost: 8.886493446948819
    efficiency: 0.896983
    discharge_ratio: 2
    depth_of_discharge: 0.9
  Pb-acid:
    cost: 113.547
    lifetime: 11.1646
    annual_cost: 10.170270318685846
    efficiency: 0.752589
    discharge_ratio: 5
    depth_of_discharge: 0.5
  VRBF:
    cost: 234.723
    lifetime: 26.1855
    annual_cost: 8.963854041358767
    efficiency: 0.681188
    discharge_ratio: 0.5
    depth_of_discharge: 1.0
