cost_values:
  wind_capex: 5000.0
  wind_opex: 100
  wind_lifetime: 20
  solar_capex: 1000.0
  solar_opex: 10
  solar_lifetime: 20
  carbon_price: 1.0
timeseries_values:
  load_level: 229807.5926200441
  wind_year: 2011
  solar_year: 2012
  price_year: 2023
  carbon_year: 2023
storage_values:
  CAES:
    cost: 51.6335
    lifetime: 25.1136
    annual_cost: 2.055997547145769
    efficiency: 0.613356
    discharge_ratio: 0.1
    depth_of_discharge: 0.4
  Li-ion:
    cost: 183.151
    lifetime: 21.0376
    annual_cost: 8.705888504392137
    efficiency: 0.90878
    discharge_ratio: 2
    depth_of_discharge: 0.9
  Pb-acid:
    cost: 109.353
    lifetime: 11.9628
    annual_cost: 9.141087370849634
    efficiency: 0.75415
    discharge_ratio: 5
    depth_of_discharge: 0.5
  VRBF:
    cost: 216.43
    lifetime: 25.5848
    annual_cost: 8.45931959601013
    efficiency: 0.656898
    discharge_ratio: 0.5
    depth_of_discharge: 1.0
