cost_values:
  wind_capex: 5000.0
  wind_opex: 100
  wind_lifetime: 20
  solar_capex: 1000.0
  solar_opex: 10
  solar_lifetime: 20
  carbon_price: 1.0
timeseries_values:
  load_level: 229807.5926200441
  wind_year: 2011
  solar_year: 2012
  price_year: 2023
  carbon_year: 2023
storage_values:
  CAES:
    cost: 58.2952
    lifetime: 24.7125
    annual_cost: 2.358935761254426
    efficiency: 0.615817
    discharge_ratio: 0.1
    depth_of_discharge: 0.4
  Li-ion:
    cost: 181.274
    lifetime: 20.7345
    annual_cost: 8.742627022595192
    efficiency: 0.878453
    discharge_ratio: 2
    depth_of_discharge: 0.9
  Pb-acid:
    cost: 110.53
    lifetime: 10.6825
    annual_cost: 10.346828925813247
    efficiency: 0.743121
    discharge_ratio: 5
    depth_of_discharge: 0.5
  VRBF:
    cost: 221.036
    lifetime: 27.9966
    annual_cost: 7.89510154804512
    efficiency: 0.661127
    discharge_ratio: 0.5
    depth_of_discharge: 1.0
