cost_values:
  wind_capex: 5000.0
  wind_opex: 100
  wind_lifetime: 20
  solar_capex: 1000.0
  solar_opex: 10
  solar_lifetime: 20
  carbon_price: 1.0
timeseries_values:
  load_level: 229807.5926200441
  wind_year: 2011
  solar_year: 2012
  price_year: 2023
  carbon_year: 2023
storage_values:
  CAES:
    cost: 57.5642
    lifetime: 24.0397
    annual_cost: 2.3945473529203776
    efficiency: 0.618954
    discharge_ratio: 0.1
    depth_of_discharge: 0.4
  Li-ion:
    cost: 197.71
    lifetime: 20.1366
    annual_cost: 9.818440054428255
    efficiency: 0.903079
    discharge_ratio: 2
    depth_of_discharge: 0.9
  Pb-acid:
    cost: 105.314
    lifetime: 11.4427
    annual_cost: 9.203597053143051
    efficiency: 0.730153
    discharge_ratio: 5
    depth_of_discharge: 0.5
  VRBF:
    cost: 234.367
    lifetime: 25.465
    annual_cost: 9.203494993127823
    efficiency: 0.659968
    discharge_ratio: 0.5
    depth_of_discharge: 1.0
