cost_values:
  wind_capex: 5000.0
  wind_opex: 100
  wind_lifetime: 20
  solar_capex: 1000.0
  solar_opex: 10
  solar_lifetime: 20
  carbon_price: 1.0
timeseries_values:
  load_level: 229807.5926200441
  wind_year: 2011
  solar_year: 2012
  price_year: 2023
  carbon_year: 2023
storage_values:
  CAES:
    cost: 48.2103
    lifetime: 23.326
    annual_cost: 2.06680528165995
    efficiency: 0.618232
    discharge_ratio: 0.1
    depth_of_discharge: 0.4
  Li-ion:
    cost: 159.009
    lifetime: 22.9506
    annual_cost: 6.928315599592167
    efficiency: 0.905554
    discharge_ratio: 2
    depth_of_discharge: 0.9
  Pb-acid:
    cost: 93.5119
    lifetime: 8.77224
    annual_cost: 10.659979663119111
    efficiency: 0.744843
    discharge_ratio: 5
    depth_of_discharge: 0.5
  VRBF:
    cost: 213.951
    lifetime: 27.6279
    annual_cost: 7.74401963232819
    efficiency: 0.663283
    discharge_ratio: 0.5
    depth_of_discharge: 1.0
