cost_values:
  wind_capex: 5000.0
  wind_opex: 100
  wind_lifetime: 20
  solar_capex: 1000.0
  solar_opex: 10
  solar_lifetime: 20
  carbon_price: 1.0
timeseries_values:
  load_level: 229807.5926200441
  wind_year: 2011
  solar_year: 2012
  price_year: 2023
  carbon_year: 2023
storage_values:
  CAES:
    cost: 58.5047
    lifetime: 23.1379
    annual_cost: 2.528522467466797
    efficiency: 0.61205
    discharge_ratio: 0.1
    depth_of_discharge: 0.4
  Li-ion:
    cost: 188.139
    lifetime: 22.2556
    annual_cost: 8.453557756250113
    efficiency: 0.899333
    discharge_ratio: 2
    depth_of_discharge: 0.9
  Pb-acid:
    cost: 115.43
    lifetime: 12.4089
    annual_cost: 9.302194392734249
    efficiency: 0.747018
    discharge_ratio: 5
    depth_of_discharge: 0.5
  VRBF:
    cost: 225.88
    lifetime: 25.7407
    annual_cost: 8.775208133422945
    efficiency: 0.675692
    discharge_ratio: 0.5
    depth_of_discharge: 1.0
