cost_values:
  wind_capex: 5000.0
  wind_opex: 100
  wind_lifetime: 20
  solar_capex: 1000.0
  solar_opex: 10
  solar_lifetime: 20
  carbon_price: 1.0
timeseries_values:
  load_level: 229807.5926200441
  wind_year: 2011
  solar_year: 2012
  price_year: 2023
  carbon_year: 2023
storage_values:
  CAES:
    cost: 47.1597
    lifetime: 24.0123
    annual_cost: 1.963980959758124
    efficiency: 0.603603
    discharge_ratio: 0.1
    depth_of_discharge: 0.4
  Li-ion:
    cost: 191.747
    lifetime: 20.6815
    annual_cost: 9.27142615380896
    efficiency: 0.910551
    discharge_ratio: 2
    depth_of_discharge: 0.9
  Pb-acid:
    cost: 113.291
    lifetime: 9.74495
    annual_cost: 11.625611214013412
    efficiency: 0.737454
    discharge_ratio: 5
    depth_of_discharge: 0.5
  VRBF:
    cost: 230.155
    lifetime: 27.1803
    annual_cost: 8.467713748560538
    efficiency: 0.656124
    discharge_ratio: 0.5
    depth_of_discharge: 1.0
