cost_values:
  wind_capex: 5000.0
  wind_opex: 100
  wind_lifetime: 20
  solar_capex: 1000.0
  solar_opex: 10
  solar_lifetime: 20
  carbon_price: 1.0
timeseries_values:
  load_level: 229807.5926200441
  wind_year: 2011
  solar_year: 2012
  price_year: 2023
  carbon_year: 2023
storage_values:
  CAES:
    cost: 50.4089
    lifetime: 23.6218
    annual_cost: 2.1339991025239398
    efficiency: 0.609359
    discharge_ratio: 0.1
    depth_of_discharge: 0.4
  Li-ion:
    cost: 177.742
    lifetime: 21.3411
    annual_cost: 8.32862411028485
    efficiency: 0.891172
    discharge_ratio: 2
    depth_of_discharge: 0.9
  Pb-acid:
    cost: 96.5803
    lifetime: 11.3493
    annual_cost: 8.509802366665786
    efficiency: 0.735717
    discharge_ratio: 5
    depth_of_discharge: 0.5
  VRBF:
    cost: 261.356
    lifetime: 25.806
    annual_cost: 10.127722235139114
    efficiency: 0.660244
    discharge_ratio: 0.5
    depth_of_discharge: 1.0
