cost_values:
  wind_capex: 5000.0
  wind_opex: 100
  wind_lifetime: 20
  solar_capex: 1000.0
  solar_opex: 10
  solar_lifetime: 20
  carbon_price: 1.0
timeseries_values:
  load_level: 229807.5926200441
  wind_year: 2011
  solar_year: 2012
  price_year: 2023
  carbon_year: 2023
storage_values:
  CAES:
    cost: 56.1017
    lifetime: 23.8502
    annual_cost: 2.3522528112971797
    efficiency: 0.611149
    discharge_ratio: 0.1
    depth_of_discharge: 0.4
  Li-ion:
    cost: 195.866
    lifetime: 18.6447
    annual_cost: 10.50518377876823
    efficiency: 0.899812
    discharge_ratio: 2
    depth_of_discharge: 0.9
  Pb-acid:
    cost: 107.637
    lifetime: 11.3056
    annual_cost: 9.520680016982734
    efficiency: 0.757794
    discharge_ratio: 5
    depth_of_discharge: 0.5
  VRBF:
    cost: 231.698
    lifetime: 25.2385
    annual_cost: 9.180339560591953
    efficiency: 0.672072
    discharge_ratio: 0.5
    depth_of_discharge: 1.0
