cost_values:
  wind_capex: 5000.0
  wind_opex: 100
  wind_lifetime: 20
  solar_capex: 1000.0
  solar_opex: 10
  solar_lifetime: 20
  carbon_price: 1.0
timeseries_values:
  load_level: 229807.5926200441
  wind_year: 2011
  solar_year: 2012
  price_year: 2023
  carbon_year: 2023
storage_values:
  CAES:
    cost: 60.2759
    lifetime: 24.114
    annual_cost: 2.499622625860496
    efficiency: 0.610584
    discharge_ratio: 0.1
    depth_of_discharge: 0.4
  Li-ion:
    cost: 187.687
    lifetime: 20.9689
    annual_cost: 8.950731798043769
    efficiency: 0.891585
    discharge_ratio: 2
    depth_of_discharge: 0.9
  Pb-acid:
    cost: 103.474
    lifetime: 11.3195
    annual_cost: 9.14121648482707
    efficiency: 0.737864
    discharge_ratio: 5
    depth_of_discharge: 0.5
  VRBF:
    cost: 205.636
    lifetime: 26.355
    annual_cost: 7.8025422121039645
    efficiency: 0.668409
    discharge_ratio: 0.5
    depth_of_discharge: 1.0
