cost_values:
  wind_capex: 5000.0
  wind_opex: 100
  wind_lifetime: 20
  solar_capex: 1000.0
  solar_opex: 10
  solar_lifetime: 20
  carbon_price: 1.0
timeseries_values:
  load_level: 229807.5926200441
  wind_year: 2011
  solar_year: 2012
  price_year: 2023
  carbon_year: 2023
storage_values:
  CAES:
    cost: 55.3981
    lifetime: 24.5519
    annual_cost: 2.2563671243366095
    efficiency: 0.61095
    discharge_ratio: 0.1
    depth_of_discharge: 0.4
  Li-ion:
    cost: 180.362
    lifetime: 20.2389
    annual_cost: 8.911650336727785
    efficiency: 0.887994
    discharge_ratio: 2
    depth_of_discharge: 0.9
  Pb-acid:
    cost: 106.237
    lifetime: 9.96645
    annual_cost: 10.65946249667635
    efficiency: 0.745643
    discharge_ratio: 5
    depth_of_discharge: 0.5
  VRBF:
    cost: 255.433
    lifetime: 27.4054
    annual_cost: 9.320535368941886
    efficiency: 0.686873
    discharge_ratio: 0.5
    depth_of_discharge: 1.0
