cost_values:
  wind_capex: 5000.0
  wind_opex: 100
  wind_lifetime: 20
  solar_capex: 1000.0
  solar_opex: 10
  solar_lifetime: 20
  carbon_price: 1.0
timeseries_values:
  load_level: 229807.5926200441
  wind_year: 2011
  solar_year: 2012
  price_year: 2023
  carbon_year: 2023
storage_values:
  CAES:
    cost: 54.1499
    lifetime: 24.0857
    annual_cost: 2.2482178221932516
    efficiency: 0.600349
    discharge_ratio: 0.1
    depth_of_discharge: 0.4
  Li-ion:
    cost: 181.81
    lifetime: 22.2349
    annual_cost: 8.176785144075305
    efficiency: 0.89341
    discharge_ratio: 2
    depth_of_discharge: 0.9
  Pb-acid:
    cost: 88.5775
    lifetime: 11.6883
    annual_cost: 7.578304800527023
    efficiency: 0.749028
    discharge_ratio: 5
    depth_of_discharge: 0.5
  VRBF:
    cost: 221.337
    lifetime: 25.9814
    annual_cost: 8.519055940018628
    efficiency: 0.674076
    discharge_ratio: 0.5
    depth_of_discharge: 1.0
