cost_values:
  wind_capex: 5000.0
  wind_opex: 100
  wind_lifetime: 20
  solar_capex: 1000.0
  solar_opex: 10
  solar_lifetime: 20
  carbon_price: 1.0
timeseries_values:
  load_level: 229807.5926200441
  wind_year: 2011
  solar_year: 2012
  price_year: 2023
  carbon_year: 2023
storage_values:
  CAES:
    cost: 51.761
    lifetime: 24.2713
    annual_cost: 2.132601055567687
    efficiency: 0.629103
    discharge_ratio: 0.1
    depth_of_discharge: 0.4
  Li-ion:
    cost: 189.729
    lifetime: 22.3218
    annual_cost: 8.499717764696396
    efficiency: 0.897157
    discharge_ratio: 2
    depth_of_discharge: 0.9
  Pb-acid:
    cost: 97.8706
    lifetime: 10.4486
    annual_cost: 9.366862546178435
    efficiency: 0.747196
    discharge_ratio: 5
    depth_of_discharge: 0.5
  VRBF:
    cost: 213.23
    lifetime: 26.2737
    annual_cost: 8.115720283020663
    efficiency: 0.680883
    discharge_ratio: 0.5
    depth_of_discharge: 1.0
