cost_values:
  wind_capex: 5000.0
  wind_opex: 100
  wind_lifetime: 20
  solar_capex: 1000.0
  solar_opex: 10
  solar_lifetime: 20
  carbon_price: 1.0
timeseries_values:
  load_level: 229807.5926200441
  wind_year: 2011
  solar_year: 2012
  price_year: 2023
  carbon_year: 2023
storage_values:
  CAES:
    cost: 54.4324
    lifetime: 22.9506
    annual_cost: 2.3717201293212375
    efficiency: 0.612797
    discharge_ratio: 0.1
    depth_of_discharge: 0.4
  Li-ion:
    cost: 194.743
    lifetime: 21.8711
    annual_cost: 8.904124621075301
    efficiency: 0.890163
    discharge_ratio: 2
    depth_of_discharge: 0.9
  Pb-acid:
    cost: 105.898
    lifetime: 9.85242
    annual_cost: 10.748425259986886
    efficiency: 0.731956
    discharge_ratio: 5
    depth_of_discharge: 0.5
  VRBF:
    cost: 209.731
    lifetime: 27.2547
    annual_cost: 7.695223209207953
    efficiency: 0.674662
    discharge_ratio: 0.5
    depth_of_discharge: 1.0
