cost_values:
  wind_capex: 5000.0
  wind_opex: 100
  wind_lifetime: 20
  solar_capex: 1000.0
  solar_opex: 10
  solar_lifetime: 20
  carbon_price: 1.0
timeseries_values:
  load_level: 229807.5926200441
  wind_year: 2011
  solar_year: 2012
  price_year: 2023
  carbon_year: 2023
storage_values:
  CAES:
    cost: 59.1863
    lifetime: 23.9099
    annual_cost: 2.475388855662299
    efficiency: 0.609558
    discharge_ratio: 0.1
    depth_of_discharge: 0.4
  Li-ion:
    cost: 158.727
    lifetime: 21.5288
    annual_cost: 7.372775073390064
    efficiency: 0.892816
    discharge_ratio: 2
    depth_of_discharge: 0.9
  Pb-acid:
    cost: 125.291
    lifetime: 10.4661
    annual_cost: 11.971125825283533
    efficiency: 0.755097
    discharge_ratio: 5
    depth_of_discharge: 0.5
  VRBF:
    cost: 245.382
    lifetime: 24.8473
    annual_cost: 9.875600165812784
    efficiency: 0.666597
    discharge_ratio: 0.5
    depth_of_discharge: 1.0
