cost_values:
  wind_capex: 5000.0
  wind_opex: 100
  wind_lifetime: 20
  solar_capex: 1000.0
  solar_opex: 10
  solar_lifetime: 20
  carbon_price: 1.0
timeseries_values:
  load_level: 229807.5926200441
  wind_year: 2011
  solar_year: 2012
  price_year: 2023
  carbon_year: 2023
storage_values:
  CAES:
    cost: 52.5284
    lifetime: 24.3512
    annual_cost: 2.1571175137159564
    efficiency: 0.609544
    discharge_ratio: 0.1
    depth_of_discharge: 0.4
  Li-ion:
    cost: 188.323
    lifetime: 22.8047
    annual_cost: 8.258078378579855
    efficiency: 0.901939
    discharge_ratio: 2
    depth_of_discharge: 0.9
  Pb-acid:
    cost: 84.9854
    lifetime: 10.9229
    annual_cost: 7.7804795429785125
    efficiency: 0.749959
    discharge_ratio: 5
    depth_of_discharge: 0.5
  VRBF:
    cost: 190.012
    lifetime: 26.0139
    annual_cost: 7.304248882328294
    efficiency: 0.675331
    discharge_ratio: 0.5
    depth_of_discharge: 1.0
