cost_values:
  wind_capex: 5000.0
  wind_opex: 100
  wind_lifetime: 20
  solar_capex: 1000.0
  solar_opex: 10
  solar_lifetime: 20
  carbon_price: 1.0
timeseries_values:
  load_level: 229807.5926200441
  wind_year: 2011
  solar_year: 2012
  price_year: 2023
  carbon_year: 2023
storage_values:
  CAES:
    cost: 41.4651
    lifetime: 24.8118
    annual_cost: 1.6711846782579256
    efficiency: 0.609047
    discharge_ratio: 0.1
    depth_of_discharge: 0.4
  Li-ion:
    cost: 175.167
    lifetime: 23.7639
    annual_cost: 7.371138575738831
    efficiency: 0.890934
    discharge_ratio: 2
    depth_of_discharge: 0.9
  Pb-acid:
    cost: 110.268
    lifetime: 11.6133
    annual_cost: 9.494975588334064
    efficiency: 0.733304
    discharge_ratio: 5
    depth_of_discharge: 0.5
  VRBF:
    cost: 214.107
    lifetime: 25.4585
    annual_cost: 8.410039868806097
    efficiency: 0.682599
    discharge_ratio: 0.5
    depth_of_discharge: 1.0
