cost_values:
  wind_capex: 5000.0
  wind_opex: 100
  wind_lifetime: 20
  solar_capex: 1000.0
  solar_opex: 10
  solar_lifetime: 20
  carbon_price: 1.0
timeseries_values:
  load_level: 229807.5926200441
  wind_year: 2011
  solar_year: 2012
  price_year: 2023
  carbon_year: 2023
storage_values:
  CAES:
    cost: 51.0489
    lifetime: 23.4116
    annual_cost: 2.18049599343915
    efficiency: 0.618676
    discharge_ratio: 0.1
    depth_of_discharge: 0.4
  Li-ion:
    cost: 168.013
    lifetime: 22.9037
    annual_cost: 7.335626994765038
    efficiency: 0.888898
    discharge_ratio: 2
    depth_of_discharge: 0.9
  Pb-acid:
    cost: 100.388
    lifetime: 10.2391
    annual_cost: 9.80437733785196
    efficiency: 0.745333
    discharge_ratio: 5
    depth_of_discharge: 0.5
  VRBF:
    cost: 211.19
    lifetime: 24.3282
    annual_cost: 8.68087240321931
    efficiency: 0.672114
    discharge_ratio: 0.5
    depth_of_discharge: 1.0
