cost_values:
  wind_capex: 5000.0
  wind_opex: 100
  wind_lifetime: 20
  solar_capex: 1000.0
  solar_opex: 10
  solar_lifetime: 20
  carbon_price: 1.0
timeseries_values:
  load_level: 229807.5926200441
  wind_year: 2011
  solar_year: 2012
  price_year: 2023
  carbon_year: 2023
storage_values:
  CAES:
    cost: 57.9582
    lifetime: 24.5346
    annual_cost: 2.362304663617911
    efficiency: 0.610518
    discharge_ratio: 0.1
    depth_of_discharge: 0.4
  Li-ion:
    cost: 179.929
    lifetime: 21.4353
    annual_cost: 8.394050934673178
    efficiency: 0.891156
    discharge_ratio: 2
    depth_of_discharge: 0.9
  Pb-acid:
    cost: 101.097
    lifetime: 12.0994
    annual_cost: 8.355538291154934
    efficiency: 0.744893
    discharge_ratio: 5
    depth_of_discharge: 0.5
  VRBF:
    cost: 212.258
    lifetime: 26.2802
    annual_cost: 8.076726965548207
    efficiency: 0.695533
    discharge_ratio: 0.5
    depth_of_discharge: 1.0
