cost_values:
  wind_capex: 5000.0
  wind_opex: 100
  wind_lifetime: 20
  solar_capex: 1000.0
  solar_opex: 10
  solar_lifetime: 20
  carbon_price: 1.0
timeseries_values:
  load_level: 229807.5926200441
  wind_year: 2011
  solar_year: 2012
  price_year: 2023
  carbon_year: 2023
storage_values:
  CAES:
    cost: 49.7186
    lifetime: 24.8669
    annual_cost: 1.999388745682011
    efficiency: 0.616654
    discharge_ratio: 0.1
    depth_of_discharge: 0.4
  Li-ion:
    cost: 198.12
    lifetime: 22.5988
    annual_cost: 8.76683717719525
    efficiency: 0.894509
    discharge_ratio: 2
    depth_of_discharge: 0.9
  Pb-acid:
    cost: 77.1141
    lifetime: 11.0141
    annual_cost: 7.0013982077518815
    efficiency: 0.752502
    discharge_ratio: 5
    depth_of_discharge: 0.5
  VRBF:
    cost: 224.573
    lifetime: 25.9498
    annual_cost: 8.654132209111438
    efficiency: 0.671175
    discharge_ratio: 0.5
    depth_of_discharge: 1.0
