cost_values:
  wind_capex: 5000.0
  wind_opex: 100
  wind_lifetime: 20
  solar_capex: 1000.0
  solar_opex: 10
  solar_lifetime: 20
  carbon_price: 1.0
timeseries_values:
  load_level: 229807.5926200441
  wind_year: 2011
  solar_year: 2012
  price_year: 2023
  carbon_year: 2023
storage_values:
  CAES:
    cost: 52.9481
    lifetime: 24.3845
    annual_cost: 2.1713834608050195
    efficiency: 0.613112
    discharge_ratio: 0.1
    depth_of_discharge: 0.4
  Li-ion:
    cost: 178.682
    lifetime: 20.1567
    annual_cost: 8.864645502488006
    efficiency: 0.890132
    discharge_ratio: 2
    depth_of_discharge: 0.9
  Pb-acid:
    cost: 90.5135
    lifetime: 11.3725
    annual_cost: 7.958979995603428
    efficiency: 0.738813
    discharge_ratio: 5
    depth_of_discharge: 0.5
  VRBF:
    cost: 218.21
    lifetime: 27.2282
    annual_cost: 8.014117716191302
    efficiency: 0.654522
    discharge_ratio: 0.5
    depth_of_discharge: 1.0
