cost_values:
  wind_capex: 5000.0
  wind_opex: 100
  wind_lifetime: 20
  solar_capex: 1000.0
  solar_opex: 10
  solar_lifetime: 20
  carbon_price: 1.0
timeseries_values:
  load_level: 229807.5926200441
  wind_year: 2011
  solar_year: 2012
  price_year: 2023
  carbon_year: 2023
storage_values:
  CAES:
    cost: 50.116
    lifetime: 23.4745
    annual_cost: 2.1349123517007818
    efficiency: 0.613072
    discharge_ratio: 0.1
    depth_of_discharge: 0.4
  Li-ion:
    cost: 170.081
    lifetime: 23.7723
    annual_cost: 7.154587482069466
    efficiency: 0.889782
    discharge_ratio: 2
    depth_of_discharge: 0.9
  Pb-acid:
    cost: 124.414
    lifetime: 9.84167
    annual_cost: 12.641553720049544
    efficiency: 0.755247
    discharge_ratio: 5
    depth_of_discharge: 0.5
  VRBF:
    cost: 203.189
    lifetime: 25.0172
    annual_cost: 8.121972083206753
    efficiency: 0.683885
    discharge_ratio: 0.5
    depth_of_discharge: 1.0
