cost_values:
  wind_capex: 5000.0
  wind_opex: 100
  wind_lifetime: 20
  solar_capex: 1000.0
  solar_opex: 10
  solar_lifetime: 20
  carbon_price: 1.0
timeseries_values:
  load_level: 229807.5926200441
  wind_year: 2011
  solar_year: 2012
  price_year: 2023
  carbon_year: 2023
storage_values:
  CAES:
    cost: 51.3505
    lifetime: 25.1818
    annual_cost: 2.0391910030259948
    efficiency: 0.612386
    discharge_ratio: 0.1
    depth_of_discharge: 0.4
  Li-ion:
    cost: 190.704
    lifetime: 22.4982
    annual_cost: 8.476411446249033
    efficiency: 0.880528
    discharge_ratio: 2
    depth_of_discharge: 0.9
  Pb-acid:
    cost: 109.259
    lifetime: 11.8533
    annual_cost: 9.217601849274041
    efficiency: 0.751418
    discharge_ratio: 5
    depth_of_discharge: 0.5
  VRBF:
    cost: 215.219
    lifetime: 24.4522
    annual_cost: 8.801621122025828
    efficiency: 0.684121
    discharge_ratio: 0.5
    depth_of_discharge: 1.0
