cost_values:
  wind_capex: 5000.0
  wind_opex: 100
  wind_lifetime: 20
  solar_capex: 1000.0
  solar_opex: 10
  solar_lifetime: 20
  carbon_price: 1.0
timeseries_values:
  load_level: 229807.5926200441
  wind_year: 2011
  solar_year: 2012
  price_year: 2023
  carbon_year: 2023
storage_values:
  CAES:
    cost: 51.8868
    lifetime: 24.2499
    annual_cost: 2.1396706790543467
    efficiency: 0.599426
    discharge_ratio: 0.1
    depth_of_discharge: 0.4
  Li-ion:
    cost: 164.234
    lifetime: 20.8423
    annual_cost: 7.879840516641638
    efficiency: 0.90653
    discharge_ratio: 2
    depth_of_discharge: 0.9
  Pb-acid:
    cost: 83.1822
    lifetime: 10.5059
    annual_cost: 7.917665311872375
    efficiency: 0.749173
    discharge_ratio: 5
    depth_of_discharge: 0.5
  VRBF:
    cost: 237.666
    lifetime: 24.6787
    annual_cost: 9.630410029701727
    efficiency: 0.676418
    discharge_ratio: 0.5
    depth_of_discharge: 1.0
