cost_values:
  wind_capex: 5000.0
  wind_opex: 100
  wind_lifetime: 20
  solar_capex: 1000.0
  solar_opex: 10
  solar_lifetime: 20
  carbon_price: 1.0
timeseries_values:
  load_level: 229807.5926200441
  wind_year: 2011
  solar_year: 2012
  price_year: 2023
  carbon_year: 2023
storage_values:
  CAES:
    cost: 55.5365
    lifetime: 24.6998
    annual_cost: 2.2484595016963698
    efficiency: 0.612521
    discharge_ratio: 0.1
    depth_of_discharge: 0.4
  Li-ion:
    cost: 173.774
    lifetime: 21.5927
    annual_cost: 8.0478124551353
    efficiency: 0.913746
    discharge_ratio: 2
    depth_of_discharge: 0.9
  Pb-acid:
    cost: 132.054
    lifetime: 9.8258
    annual_cost: 13.439516375256979
    efficiency: 0.73981
    discharge_ratio: 5
    depth_of_discharge: 0.5
  VRBF:
    cost: 233.192
    lifetime: 26.3278
    annual_cost: 8.857253549480017
    efficiency: 0.676076
    discharge_ratio: 0.5
    depth_of_discharge: 1.0
