cost_values:
  wind_capex: 5000.0
  wind_opex: 100
  wind_lifetime: 20
  solar_capex: 1000.0
  solar_opex: 10
  solar_lifetime: 20
  carbon_price: 1.0
timeseries_values:
  load_level: 229807.5926200441
  wind_year: 2011
  solar_year: 2012
  price_year: 2023
  carbon_year: 2023
storage_values:
  CAES:
    cost: 54.3017
    lifetime: 24.7165
    annual_cost: 2.1969817733093278
    efficiency: 0.609326
    discharge_ratio: 0.1
    depth_of_discharge: 0.4
  Li-ion:
    cost: 185.974
    lifetime: 21.1576
    annual_cost: 8.789938367300639
    efficiency: 0.900367
    discharge_ratio: 2
    depth_of_discharge: 0.9
  Pb-acid:
    cost: 89.0534
    lifetime: 10.6816
    annual_cost: 8.33708433193529
    efficiency: 0.734173
    discharge_ratio: 5
    depth_of_discharge: 0.5
  VRBF:
    cost: 231.739
    lifetime: 26.6182
    annual_cost: 8.706035719920957
    efficiency: 0.678194
    discharge_ratio: 0.5
    depth_of_discharge: 1.0
