cost_values:
  wind_capex: 5000.0
  wind_opex: 100
  wind_lifetime: 20
  solar_capex: 1000.0
  solar_opex: 10
  solar_lifetime: 20
  carbon_price: 1.0
timeseries_values:
  load_level: 229807.5926200441
  wind_year: 2011
  solar_year: 2012
  price_year: 2023
  carbon_year: 2023
storage_values:
  CAES:
    cost: 50.8484
    lifetime: 24.2116
    annual_cost: 2.100166862165243
    efficiency: 0.611629
    discharge_ratio: 0.1
    depth_of_discharge: 0.4
  Li-ion:
    cost: 185.829
    lifetime: 20.0637
    annual_cost: 9.261950687061708
    efficiency: 0.887524
    discharge_ratio: 2
    depth_of_discharge: 0.9
  Pb-acid:
    cost: 114.579
    lifetime: 11.1437
    annual_cost: 10.281953031757853
    efficiency: 0.743843
    discharge_ratio: 5
    depth_of_discharge: 0.5
  VRBF:
    cost: 203.336
    lifetime: 25.4336
    annual_cost: 7.994778560644188
    efficiency: 0.681673
    discharge_ratio: 0.5
    depth_of_discharge: 1.0
