cost_values:
  wind_capex: 5000.0
  wind_opex: 100
  wind_lifetime: 20
  solar_capex: 1000.0
  solar_opex: 10
  solar_lifetime: 20
  carbon_price: 1.0
timeseries_values:
  load_level: 229807.5926200441
  wind_year: 2011
  solar_year: 2012
  price_year: 2023
  carbon_year: 2023
storage_values:
  CAES:
    cost: 49.6462
    lifetime: 25.3806
    annual_cost: 1.9560688084600049
    efficiency: 0.611075
    discharge_ratio: 0.1
    depth_of_discharge: 0.4
  Li-ion:
    cost: 192.941
    lifetime: 25.4356
    annual_cost: 7.585470757520954
    efficiency: 0.879438
    discharge_ratio: 2
    depth_of_discharge: 0.9
  Pb-acid:
    cost: 101.535
    lifetime: 10.8731
    annual_cost: 9.338183222815939
    efficiency: 0.758994
    discharge_ratio: 5
    depth_of_discharge: 0.5
  VRBF:
    cost: 188.091
    lifetime: 26.4158
    annual_cost: 7.120397640805882
    efficiency: 0.668057
    discharge_ratio: 0.5
    depth_of_discharge: 1.0
