cost_values:
  wind_capex: 5000.0
  wind_opex: 100
  wind_lifetime: 20
  solar_capex: 1000.0
  solar_opex: 10
  solar_lifetime: 20
  carbon_price: 1.0
timeseries_values:
  load_level: 229807.5926200441
  wind_year: 2011
  solar_year: 2012
  price_year: 2023
  carbon_year: 2023
storage_values:
  CAES:
    cost: 54.216
    lifetime: 23.0751
    annual_cost: 2.3495456141035143
    efficiency: 0.608471
    discharge_ratio: 0.1
    depth_of_discharge: 0.4
  Li-ion:
    cost: 181.987
    lifetime: 22.8019
    annual_cost: 7.981220863173682
    efficiency: 0.897878
    discharge_ratio: 2
    depth_of_discharge: 0.9
  Pb-acid:
    cost: 88.0105
    lifetime: 10.5199
    annual_cost: 8.36609663589958
    efficiency: 0.756859
    discharge_ratio: 5
    depth_of_discharge: 0.5
  VRBF:
    cost: 234.72
    lifetime: 28.0984
    annual_cost: 8.353500555191754
    efficiency: 0.663422
    discharge_ratio: 0.5
    depth_of_discharge: 1.0
