cost_values:
  wind_capex: 5000.0
  wind_opex: 100
  wind_lifetime: 20
  solar_capex: 1000.0
  solar_opex: 10
  solar_lifetime: 20
  carbon_price: 1.0
timeseries_values:
  load_level: 229807.5926200441
  wind_year: 2011
  solar_year: 2012
  price_year: 2023
  carbon_year: 2023
storage_values:
  CAES:
    cost: 50.7369
    lifetime: 24.2906
    annual_cost: 2.088746263986892
    efficiency: 0.615063
    discharge_ratio: 0.1
    depth_of_discharge: 0.4
  Li-ion:
    cost: 188.045
    lifetime: 21.1371
    annual_cost: 8.896442747585997
    efficiency: 0.89031
    discharge_ratio: 2
    depth_of_discharge: 0.9
  Pb-acid:
    cost: 107.133
    lifetime: 11.497
    annual_cost: 9.318343915804123
    efficiency: 0.739112
    discharge_ratio: 5
    depth_of_discharge: 0.5
  VRBF:
    cost: 229.644
    lifetime: 25.6231
    annual_cost: 8.962381600977244
    efficiency: 0.670171
    discharge_ratio: 0.5
    depth_of_discharge: 1.0
