cost_values:
  wind_capex: 5000.0
  wind_opex: 100
  wind_lifetime: 20
  solar_capex: 1000.0
  solar_opex: 10
  solar_lifetime: 20
  carbon_price: 1.0
timeseries_values:
  load_level: 229807.5926200441
  wind_year: 2011
  solar_year: 2012
  price_year: 2023
  carbon_year: 2023
storage_values:
  CAES:
    cost: 57.9392
    lifetime: 24.3777
    annual_cost: 2.376729552008598
    efficiency: 0.60357
    discharge_ratio: 0.1
    depth_of_discharge: 0.4
  Li-ion:
    cost: 187.932
    lifetime: 22.7721
    annual_cost: 8.252730314727232
    efficiency: 0.902931
    discharge_ratio: 2
    depth_of_discharge: 0.9
  Pb-acid:
    cost: 87.8994
    lifetime: 10.1673
    annual_cost: 8.645304063025582
    efficiency: 0.747195
    discharge_ratio: 5
    depth_of_discharge: 0.5
  VRBF:
    cost: 231.681
    lifetime: 25.1774
    annual_cost: 9.201943012384124
    efficiency: 0.665755
    discharge_ratio: 0.5
    depth_of_discharge: 1.0
