cost_values:
  wind_capex: 5000.0
  wind_opex: 100
  wind_lifetime: 20
  solar_capex: 1000.0
  solar_opex: 10
  solar_lifetime: 20
  carbon_price: 1.0
timeseries_values:
  load_level: 229807.5926200441
  wind_year: 2011
  solar_year: 2012
  price_year: 2023
  carbon_year: 2023
storage_values:
  CAES:
    cost: 51.4282
    lifetime: 24.3554
    annual_cost: 2.1115727928919252
    efficiency: 0.607082
    discharge_ratio: 0.1
    depth_of_discharge: 0.4
  Li-ion:
    cost: 172.878
    lifetime: 20.2717
    annual_cost: 8.528046488454347
    efficiency: 0.889144
    discharge_ratio: 2
    depth_of_discharge: 0.9
  Pb-acid:
    cost: 84.0973
    lifetime: 10.1011
    annual_cost: 8.325558602528437
    efficiency: 0.767929
    discharge_ratio: 5
    depth_of_discharge: 0.5
  VRBF:
    cost: 209.093
    lifetime: 26.441
    annual_cost: 7.907908172913278
    efficiency: 0.675174
    discharge_ratio: 0.5
    depth_of_discharge: 1.0
