cost_values:
  wind_capex: 5000.0
  wind_opex: 100
  wind_lifetime: 20
  solar_capex: 1000.0
  solar_opex: 10
  solar_lifetime: 20
  carbon_price: 1.0
timeseries_values:
  load_level: 229807.5926200441
  wind_year: 2011
  solar_year: 2012
  price_year: 2023
  carbon_year: 2023
storage_values:
  CAES:
    cost: 48.4382
    lifetime: 23.5968
    annual_cost: 2.0527444399240573
    efficiency: 0.613348
    discharge_ratio: 0.1
    depth_of_discharge: 0.4
  Li-ion:
    cost: 176.255
    lifetime: 22.0683
    annual_cost: 7.986795539302982
    efficiency: 0.901538
    discharge_ratio: 2
    depth_of_discharge: 0.9
  Pb-acid:
    cost: 113.972
    lifetime: 10.7667
    annual_cost: 10.585601902161294
    efficiency: 0.75498
    discharge_ratio: 5
    depth_of_discharge: 0.5
  VRBF:
    cost: 221.233
    lifetime: 28.7603
    annual_cost: 7.6923050176806225
    efficiency: 0.66295
    discharge_ratio: 0.5
    depth_of_discharge: 1.0
