cost_values:
  wind_capex: 5000.0
  wind_opex: 100
  wind_lifetime: 20
  solar_capex: 1000.0
  solar_opex: 10
  solar_lifetime: 20
  carbon_price: 1.0
timeseries_values:
  load_level: 229807.5926200441
  wind_year: 2011
  solar_year: 2012
  price_year: 2023
  carbon_year: 2023
storage_values:
  CAES:
    cost: 49.0213
    lifetime: 24.6789
    annual_cost: 1.986364870395358
    efficiency: 0.615198
    discharge_ratio: 0.1
    depth_of_discharge: 0.4
  Li-ion:
    cost: 192.31
    lifetime: 23.595
    annual_cost: 8.15045560500106
    efficiency: 0.890266
    discharge_ratio: 2
    depth_of_discharge: 0.9
  Pb-acid:
    cost: 121.764
    lifetime: 11.9699
    annual_cost: 10.172516061119975
    efficiency: 0.745451
    discharge_ratio: 5
    depth_of_discharge: 0.5
  VRBF:
    cost: 216.143
    lifetime: 25.5235
    annual_cost: 8.468391874155191
    efficiency: 0.686459
    discharge_ratio: 0.5
    depth_of_discharge: 1.0
