cost_values:
  wind_capex: 5000.0
  wind_opex: 100
  wind_lifetime: 20
  solar_capex: 1000.0
  solar_opex: 10
  solar_lifetime: 20
  carbon_price: 1.0
timeseries_values:
  load_level: 229807.5926200441
  wind_year: 2011
  solar_year: 2012
  price_year: 2023
  carbon_year: 2023
storage_values:
  CAES:
    cost: 43.1412
    lifetime: 24.3741
    annual_cost: 1.7699607370118282
    efficiency: 0.613907
    discharge_ratio: 0.1
    depth_of_discharge: 0.4
  Li-ion:
    cost: 194.119
    lifetime: 22.8486
    annual_cost: 8.495881585742671
    efficiency: 0.891857
    discharge_ratio: 2
    depth_of_discharge: 0.9
  Pb-acid:
    cost: 102.423
    lifetime: 10.7593
    annual_cost: 9.51948546838549
    efficiency: 0.760202
    discharge_ratio: 5
    depth_of_discharge: 0.5
  VRBF:
    cost: 247.789
    lifetime: 25.9674
    annual_cost: 9.542310743470658
    efficiency: 0.679555
    discharge_ratio: 0.5
    depth_of_discharge: 1.0
