cost_values:
  wind_capex: 5000.0
  wind_opex: 100
  wind_lifetime: 20
  solar_capex: 1000.0
  solar_opex: 10
  solar_lifetime: 20
  carbon_price: 1.0
timeseries_values:
  load_level: 229807.5926200441
  wind_year: 2011
  solar_year: 2012
  price_year: 2023
  carbon_year: 2023
storage_values:
  CAES:
    cost: 51.9312
    lifetime: 23.7577
    annual_cost: 2.1858681606384454
    efficiency: 0.624415
    discharge_ratio: 0.1
    depth_of_discharge: 0.4
  Li-ion:
    cost: 187.745
    lifetime: 21.3249
    annual_cost: 8.804027217009224
    efficiency: 0.888163
    discharge_ratio: 2
    depth_of_discharge: 0.9
  Pb-acid:
    cost: 103.842
    lifetime: 11.0897
    annual_cost: 9.36382408901954
    efficiency: 0.755016
    discharge_ratio: 5
    depth_of_discharge: 0.5
  VRBF:
    cost: 247.004
    lifetime: 26.2109
    annual_cost: 9.423713035416563
    efficiency: 0.668778
    discharge_ratio: 0.5
    depth_of_discharge: 1.0
