cost_values:
  wind_capex: 5000.0
  wind_opex: 100
  wind_lifetime: 20
  solar_capex: 1000.0
  solar_opex: 10
  solar_lifetime: 20
  carbon_price: 1.0
timeseries_values:
  load_level: 229807.5926200441
  wind_year: 2011
  solar_year: 2012
  price_year: 2023
  carbon_year: 2023
storage_values:
  CAES:
    cost: 56.7501
    lifetime: 24.7695
    annual_cost: 2.291128202022649
    efficiency: 0.61542
    discharge_ratio: 0.1
    depth_of_discharge: 0.4
  Li-ion:
    cost: 181.832
    lifetime: 21.1731
    annual_cost: 8.587878015028503
    efficiency: 0.898562
    discharge_ratio: 2
    depth_of_discharge: 0.9
  Pb-acid:
    cost: 111.564
    lifetime: 10.8025
    annual_cost: 10.327609349687572
    efficiency: 0.751066
    discharge_ratio: 5
    depth_of_discharge: 0.5
  VRBF:
    cost: 226.804
    lifetime: 26.0473
    annual_cost: 8.707390017391438
    efficiency: 0.690045
    discharge_ratio: 0.5
    depth_of_discharge: 1.0
