cost_values:
  wind_capex: 5000.0
  wind_opex: 100
  wind_lifetime: 20
  solar_capex: 1000.0
  solar_opex: 10
  solar_lifetime: 20
  carbon_price: 1.0
timeseries_values:
  load_level: 229807.5926200441
  wind_year: 2011
  solar_year: 2012
  price_year: 2023
  carbon_year: 2023
storage_values:
  CAES:
    cost: 53.258
    lifetime: 24.0642
    annual_cost: 2.2131631219820314
    efficiency: 0.610691
    discharge_ratio: 0.1
    depth_of_discharge: 0.4
  Li-ion:
    cost: 171.739
    lifetime: 24.8477
    annual_cost: 6.911665868470724
    efficiency: 0.895281
    discharge_ratio: 2
    depth_of_discharge: 0.9
  Pb-acid:
    cost: 86.2384
    lifetime: 9.99664
    annual_cost: 8.62673858416428
    efficiency: 0.742832
    discharge_ratio: 5
    depth_of_discharge: 0.5
  VRBF:
    cost: 214.157
    lifetime: 25.5992
    annual_cost: 8.365769242788838
    efficiency: 0.685284
    discharge_ratio: 0.5
    depth_of_discharge: 1.0
