cost_values:
  wind_capex: 5000.0
  wind_opex: 100
  wind_lifetime: 20
  solar_capex: 1000.0
  solar_opex: 10
  solar_lifetime: 20
  carbon_price: 1.0
timeseries_values:
  load_level: 229807.5926200441
  wind_year: 2011
  solar_year: 2012
  price_year: 2023
  carbon_year: 2023
storage_values:
  CAES:
    cost: 54.5831
    lifetime: 23.935
    annual_cost: 2.2804721119699187
    efficiency: 0.610955
    discharge_ratio: 0.1
    depth_of_discharge: 0.4
  Li-ion:
    cost: 178.297
    lifetime: 23.3266
    annual_cost: 7.643505697358381
    efficiency: 0.895032
    discharge_ratio: 2
    depth_of_discharge: 0.9
  Pb-acid:
    cost: 113.967
    lifetime: 9.24196
    annual_cost: 12.331475141636622
    efficiency: 0.747692
    discharge_ratio: 5
    depth_of_discharge: 0.5
  VRBF:
    cost: 182.884
    lifetime: 24.2539
    annual_cost: 7.540395565249299
    efficiency: 0.678543
    discharge_ratio: 0.5
    depth_of_discharge: 1.0
