cost_values:
  wind_capex: 5000.0
  wind_opex: 100
  wind_lifetime: 20
  solar_capex: 1000.0
  solar_opex: 10
  solar_lifetime: 20
  carbon_price: 1.0
timeseries_values:
  load_level: 229807.5926200441
  wind_year: 2011
  solar_year: 2012
  price_year: 2023
  carbon_year: 2023
storage_values:
  CAES:
    cost: 56.5873
    lifetime: 23.4097
    annual_cost: 2.417258657735896
    efficiency: 0.612662
    discharge_ratio: 0.1
    depth_of_discharge: 0.4
  Li-ion:
    cost: 170.382
    lifetime: 21.5734
    annual_cost: 7.897781527251152
    efficiency: 0.88956
    discharge_ratio: 2
    depth_of_discharge: 0.9
  Pb-acid:
    cost: 103.249
    lifetime: 11.0322
    annual_cost: 9.35887674262613
    efficiency: 0.745609
    discharge_ratio: 5
    depth_of_discharge: 0.5
  VRBF:
    cost: 257.035
    lifetime: 25.6693
    annual_cost: 10.013323308387841
    efficiency: 0.669166
    discharge_ratio: 0.5
    depth_of_discharge: 1.0
