cost_values:
  wind_capex: 5000.0
  wind_opex: 100
  wind_lifetime: 20
  solar_capex: 1000.0
  solar_opex: 10
  solar_lifetime: 20
  carbon_price: 1.0
timeseries_values:
  load_level: 229807.5926200441
  wind_year: 2011
  solar_year: 2012
  price_year: 2023
  carbon_year: 2023
storage_values:
  CAES:
    cost: 47.7598
    lifetime: 24.2141
    annual_cost: 1.9723962484668025
    efficiency: 0.614457
    discharge_ratio: 0.1
    depth_of_discharge: 0.4
  Li-ion:
    cost: 194.611
    lifetime: 20.4141
    annual_cost: 9.533165802068178
    efficiency: 0.888463
    discharge_ratio: 2
    depth_of_discharge: 0.9
  Pb-acid:
    cost: 93.7196
    lifetime: 10.5742
    annual_cost: 8.863044012785839
    efficiency: 0.740188
    discharge_ratio: 5
    depth_of_discharge: 0.5
  VRBF:
    cost: 232.883
    lifetime: 23.7377
    annual_cost: 9.81068090000295
    efficiency: 0.669931
    discharge_ratio: 0.5
    depth_of_discharge: 1.0
