cost_values:
  wind_capex: 5000.0
  wind_opex: 100
  wind_lifetime: 20
  solar_capex: 1000.0
  solar_opex: 10
  solar_lifetime: 20
  carbon_price: 1.0
timeseries_values:
  load_level: 229807.5926200441
  wind_year: 2011
  solar_year: 2012
  price_year: 2023
  carbon_year: 2023
storage_values:
  CAES:
    cost: 48.6755
    lifetime: 24.8437
    annual_cost: 1.959269351988633
    efficiency: 0.610257
    discharge_ratio: 0.1
    depth_of_discharge: 0.4
  Li-ion:
    cost: 187.947
    lifetime: 23.2063
    annual_cost: 8.098964505328295
    efficiency: 0.898996
    discharge_ratio: 2
    depth_of_discharge: 0.9
  Pb-acid:
    cost: 90.3874
    lifetime: 11.0245
    annual_cost: 8.198775454669146
    efficiency: 0.738836
    discharge_ratio: 5
    depth_of_discharge: 0.5
  VRBF:
    cost: 240.04
    lifetime: 26.3902
    annual_cost: 9.095800713901372
    efficiency: 0.692051
    discharge_ratio: 0.5
    depth_of_discharge: 1.0
