cost_values:
  wind_capex: 5000.0
  wind_opex: 100
  wind_lifetime: 20
  solar_capex: 1000.0
  solar_opex: 10
  solar_lifetime: 20
  carbon_price: 1.0
timeseries_values:
  load_level: 229807.5926200441
  wind_year: 2011
  solar_year: 2012
  price_year: 2023
  carbon_year: 2023
storage_values:
  CAES:
    cost: 60.493
    lifetime: 23.4781
    annual_cost: 2.5765713579889344
    efficiency: 0.620821
    discharge_ratio: 0.1
    depth_of_discharge: 0.4
  Li-ion:
    cost: 182.372
    lifetime: 22.428
    annual_cost: 8.131442839308008
    efficiency: 0.885579
    discharge_ratio: 2
    depth_of_discharge: 0.9
  Pb-acid:
    cost: 100.869
    lifetime: 10.4203
    annual_cost: 9.68004759939733
    efficiency: 0.749478
    discharge_ratio: 5
    depth_of_discharge: 0.5
  VRBF:
    cost: 232.463
    lifetime: 25.3843
    annual_cost: 9.157747111403506
    efficiency: 0.676424
    discharge_ratio: 0.5
    depth_of_discharge: 1.0
