cost_values:
  wind_capex: 5000.0
  wind_opex: 100
  wind_lifetime: 20
  solar_capex: 1000.0
  solar_opex: 10
  solar_lifetime: 20
  carbon_price: 1.0
timeseries_values:
  load_level: 229807.5926200441
  wind_year: 2011
  solar_year: 2012
  price_year: 2023
  carbon_year: 2023
storage_values:
  CAES:
    cost: 57.1436
    lifetime: 24.3844
    annual_cost: 2.34344909040206
    efficiency: 0.600869
    discharge_ratio: 0.1
    depth_of_discharge: 0.4
  Li-ion:
    cost: 186.33
    lifetime: 22.0958
    annual_cost: 8.43282433765693
    efficiency: 0.895595
    discharge_ratio: 2
    depth_of_discharge: 0.9
  Pb-acid:
    cost: 97.5745
    lifetime: 11.8479
    annual_cost: 8.23559449353894
    efficiency: 0.748285
    discharge_ratio: 5
    depth_of_discharge: 0.5
  VRBF:
    cost: 231.967
    lifetime: 26.7344
    annual_cost: 8.67672362200012
    efficiency: 0.674081
    discharge_ratio: 0.5
    depth_of_discharge: 1.0
