cost_values:
  wind_capex: 5000.0
  wind_opex: 100
  wind_lifetime: 20
  solar_capex: 1000.0
  solar_opex: 10
  solar_lifetime: 20
  carbon_price: 1.0
timeseries_values:
  load_level: 229807.5926200441
  wind_year: 2011
  solar_year: 2012
  price_year: 2023
  carbon_year: 2023
storage_values:
  CAES:
    cost: 51.3126
    lifetime: 24.7901
    annual_cost: 2.0698827354468117
    efficiency: 0.621225
    discharge_ratio: 0.1
    depth_of_discharge: 0.4
  Li-ion:
    cost: 187.696
    lifetime: 21.1512
    annual_cost: 8.87401187639472
    efficiency: 0.88953
    discharge_ratio: 2
    depth_of_discharge: 0.9
  Pb-acid:
    cost: 107.066
    lifetime: 11.4788
    annual_cost: 9.327281597379518
    efficiency: 0.762626
    discharge_ratio: 5
    depth_of_discharge: 0.5
  VRBF:
    cost: 196.67
    lifetime: 24.2112
    annual_cost: 8.123100052868093
    efficiency: 0.682298
    discharge_ratio: 0.5
    depth_of_discharge: 1.0
