cost_values:
  wind_capex: 5000.0
  wind_opex: 100
  wind_lifetime: 20
  solar_capex: 1000.0
  solar_opex: 10
  solar_lifetime: 20
  carbon_price: 1.0
timeseries_values:
  load_level: 229807.5926200441
  wind_year: 2011
  solar_year: 2012
  price_year: 2023
  carbon_year: 2023
storage_values:
  CAES:
    cost: 52.9093
    lifetime: 24.2096
    annual_cost: 2.1854677483312406
    efficiency: 0.609787
    discharge_ratio: 0.1
    depth_of_discharge: 0.4
  Li-ion:
    cost: 182.925
    lifetime: 20.3889
    annual_cost: 8.971793475861867
    efficiency: 0.894511
    discharge_ratio: 2
    depth_of_discharge: 0.9
  Pb-acid:
    cost: 91.9283
    lifetime: 10.8477
    annual_cost: 8.47445080523982
    efficiency: 0.754986
    discharge_ratio: 5
    depth_of_discharge: 0.5
  VRBF:
    cost: 244.272
    lifetime: 25.0979
    annual_cost: 9.732766486439104
    efficiency: 0.662754
    discharge_ratio: 0.5
    depth_of_discharge: 1.0
