cost_values:
  wind_capex: 5000.0
  wind_opex: 100
  wind_lifetime: 20
  solar_capex: 1000.0
  solar_opex: 10
  solar_lifetime: 20
  carbon_price: 1.0
timeseries_values:
  load_level: 229807.5926200441
  wind_year: 2011
  solar_year: 2012
  price_year: 2023
  carbon_year: 2023
storage_values:
  CAES:
    cost: 58.7658
    lifetime: 24.0264
    annual_cost: 2.4458845270202776
    efficiency: 0.620907
    discharge_ratio: 0.1
    depth_of_discharge: 0.4
  Li-ion:
    cost: 191.822
    lifetime: 21.4721
    annual_cost: 8.933546322902743
    efficiency: 0.877679
    discharge_ratio: 2
    depth_of_discharge: 0.9
  Pb-acid:
    cost: 108.813
    lifetime: 10.2707
    annual_cost: 10.5945067035353
    efficiency: 0.741098
    discharge_ratio: 5
    depth_of_discharge: 0.5
  VRBF:
    cost: 209.285
    lifetime: 24.8036
    annual_cost: 8.437686464868003
    efficiency: 0.697053
    discharge_ratio: 0.5
    depth_of_discharge: 1.0
