cost_values:
  wind_capex: 5000.0
  wind_opex: 100
  wind_lifetime: 20
  solar_capex: 1000.0
  solar_opex: 10
  solar_lifetime: 20
  carbon_price: 1.0
timeseries_values:
  load_level: 229807.5926200441
  wind_year: 2011
  solar_year: 2012
  price_year: 2023
  carbon_year: 2023
storage_values:
  CAES:
    cost: 50.9189
    lifetime: 23.8759
    annual_cost: 2.1326484027827224
    efficiency: 0.605029
    discharge_ratio: 0.1
    depth_of_discharge: 0.4
  Li-ion:
    cost: 186.383
    lifetime: 22.1516
    annual_cost: 8.41397461131476
    efficiency: 0.895574
    discharge_ratio: 2
    depth_of_discharge: 0.9
  Pb-acid:
    cost: 111.149
    lifetime: 9.91191
    annual_cost: 11.213681318736752
    efficiency: 0.749436
    discharge_ratio: 5
    depth_of_discharge: 0.5
  VRBF:
    cost: 269.957
    lifetime: 26.1221
    annual_cost: 10.33442946776867
    efficiency: 0.676839
    discharge_ratio: 0.5
    depth_of_discharge: 1.0
