cost_values:
  wind_capex: 5000.0
  wind_opex: 100
  wind_lifetime: 20
  solar_capex: 1000.0
  solar_opex: 10
  solar_lifetime: 20
  carbon_price: 1.0
timeseries_values:
  load_level: 229807.5926200441
  wind_year: 2011
  solar_year: 2012
  price_year: 2023
  carbon_year: 2023
storage_values:
  CAES:
    cost: 60.2628
    lifetime: 24.2054
    annual_cost: 2.4896428069769554
    efficiency: 0.613356
    discharge_ratio: 0.1
    depth_of_discharge: 0.4
  Li-ion:
    cost: 174.496
    lifetime: 23.5448
    annual_cost: 7.411233053582958
    efficiency: 0.878647
    discharge_ratio: 2
    depth_of_discharge: 0.9
  Pb-acid:
    cost: 112.857
    lifetime: 9.89291
    annual_cost: 11.407866846054397
    efficiency: 0.738616
    discharge_ratio: 5
    depth_of_discharge: 0.5
  VRBF:
    cost: 214.909
    lifetime: 25.2217
    annual_cost: 8.520797567174299
    efficiency: 0.691578
    discharge_ratio: 0.5
    depth_of_discharge: 1.0
