cost_values:
  wind_capex: 5000.0
  wind_opex: 100
  wind_lifetime: 20
  solar_capex: 1000.0
  solar_opex: 10
  solar_lifetime: 20
  carbon_price: 1.0
timeseries_values:
  load_level: 229807.5926200441
  wind_year: 2011
  solar_year: 2012
  price_year: 2023
  carbon_year: 2023
storage_values:
  CAES:
    cost: 61.8367
    lifetime: 23.8103
    annual_cost: 2.597056735950408
    efficiency: 0.61401
    discharge_ratio: 0.1
    depth_of_discharge: 0.4
  Li-ion:
    cost: 184.764
    lifetime: 22.7095
    annual_cost: 8.135978335058017
    efficiency: 0.889738
    discharge_ratio: 2
    depth_of_discharge: 0.9
  Pb-acid:
    cost: 97.1703
    lifetime: 8.86927
    annual_cost: 10.955839657604288
    efficiency: 0.732289
    discharge_ratio: 5
    depth_of_discharge: 0.5
  VRBF:
    cost: 214.98
    lifetime: 25.7524
    annual_cost: 8.34795980180488
    efficiency: 0.668646
    discharge_ratio: 0.5
    depth_of_discharge: 1.0
