cost_values:
  wind_capex: 5000.0
  wind_opex: 100
  wind_lifetime: 20
  solar_capex: 1000.0
  solar_opex: 10
  solar_lifetime: 20
  carbon_price: 1.0
timeseries_values:
  load_level: 229807.5926200441
  wind_year: 2011
  solar_year: 2012
  price_year: 2023
  carbon_year: 2023
storage_values:
  CAES:
    cost: 52.7858
    lifetime: 23.5161
    annual_cost: 2.2446664200271305
    efficiency: 0.612717
    discharge_ratio: 0.1
    depth_of_discharge: 0.4
  Li-ion:
    cost: 194.683
    lifetime: 22.1536
    annual_cost: 8.787871948577205
    efficiency: 0.903776
    discharge_ratio: 2
    depth_of_discharge: 0.9
  Pb-acid:
    cost: 103.416
    lifetime: 11.3073
    annual_cost: 9.145949961529277
    efficiency: 0.752581
    discharge_ratio: 5
    depth_of_discharge: 0.5
  VRBF:
    cost: 214.202
    lifetime: 25.7616
    annual_cost: 8.314778585181044
    efficiency: 0.677532
    discharge_ratio: 0.5
    depth_of_discharge: 1.0
