cost_values:
  wind_capex: 5000.0
  wind_opex: 100
  wind_lifetime: 20
  solar_capex: 1000.0
  solar_opex: 10
  solar_lifetime: 20
  carbon_price: 1.0
timeseries_values:
  load_level: 229807.5926200441
  wind_year: 2011
  solar_year: 2012
  price_year: 2023
  carbon_year: 2023
storage_values:
  CAES:
    cost: 51.4849
    lifetime: 24.7456
    annual_cost: 2.080567858528385
    efficiency: 0.602748
    discharge_ratio: 0.1
    depth_of_discharge: 0.4
  Li-ion:
    cost: 191.37
    lifetime: 22.6024
    annual_cost: 8.466799985842211
    efficiency: 0.898885
    discharge_ratio: 2
    depth_of_discharge: 0.9
  Pb-acid:
    cost: 105.613
    lifetime: 11.0865
    annual_cost: 9.526270689577414
    efficiency: 0.731642
    discharge_ratio: 5
    depth_of_discharge: 0.5
  VRBF:
    cost: 217.466
    lifetime: 25.5828
    annual_cost: 8.500476882905703
    efficiency: 0.676457
    discharge_ratio: 0.5
    depth_of_discharge: 1.0
