cost_values:
  wind_capex: 5000.0
  wind_opex: 100
  wind_lifetime: 20
  solar_capex: 1000.0
  solar_opex: 10
  solar_lifetime: 20
  carbon_price: 1.0
timeseries_values:
  load_level: 229807.5926200441
  wind_year: 2011
  solar_year: 2012
  price_year: 2023
  carbon_year: 2023
storage_values:
  CAES:
    cost: 54.3147
    lifetime: 25.0835
    annual_cost: 2.16535571192218
    efficiency: 0.610278
    discharge_ratio: 0.1
    depth_of_discharge: 0.4
  Li-ion:
    cost: 164.875
    lifetime: 22.7462
    annual_cost: 7.248463479614177
    efficiency: 0.900595
    discharge_ratio: 2
    depth_of_discharge: 0.9
  Pb-acid:
    cost: 77.8352
    lifetime: 11.843
    annual_cost: 6.572253651946298
    efficiency: 0.743794
    discharge_ratio: 5
    depth_of_discharge: 0.5
  VRBF:
    cost: 241.526
    lifetime: 25.1128
    annual_cost: 9.617645184925616
    efficiency: 0.660196
    discharge_ratio: 0.5
    depth_of_discharge: 1.0
