cost_values:
  wind_capex: 5000.0
  wind_opex: 100
  wind_lifetime: 20
  solar_capex: 1000.0
  solar_opex: 10
  solar_lifetime: 20
  carbon_price: 1.0
timeseries_values:
  load_level: 229807.5926200441
  wind_year: 2011
  solar_year: 2012
  price_year: 2023
  carbon_year: 2023
storage_values:
  CAES:
    cost: 51.6465
    lifetime: 24.4303
    annual_cost: 2.1140346209420273
    efficiency: 0.608238
    discharge_ratio: 0.1
    depth_of_discharge: 0.4
  Li-ion:
    cost: 179.402
    lifetime: 21.8823
    annual_cost: 8.198498329700259
    efficiency: 0.887727
    discharge_ratio: 2
    depth_of_discharge: 0.9
  Pb-acid:
    cost: 113.562
    lifetime: 10.7812
    annual_cost: 10.533335806774756
    efficiency: 0.752788
    discharge_ratio: 5
    depth_of_discharge: 0.5
  VRBF:
    cost: 255.792
    lifetime: 26.6248
    annual_cost: 9.607283434992938
    efficiency: 0.667842
    discharge_ratio: 0.5
    depth_of_discharge: 1.0
