cost_values:
  wind_capex: 5000.0
  wind_opex: 100
  wind_lifetime: 20
  solar_capex: 1000.0
  solar_opex: 10
  solar_lifetime: 20
  carbon_price: 1.0
timeseries_values:
  load_level: 229807.5926200441
  wind_year: 2011
  solar_year: 2012
  price_year: 2023
  carbon_year: 2023
storage_values:
  CAES:
    cost: 55.5672
    lifetime: 25.7733
    annual_cost: 2.155998649765455
    efficiency: 0.608588
    discharge_ratio: 0.1
    depth_of_discharge: 0.4
  Li-ion:
    cost: 200.484
    lifetime: 22.0428
    annual_cost: 9.095214764004574
    efficiency: 0.900312
    discharge_ratio: 2
    depth_of_discharge: 0.9
  Pb-acid:
    cost: 101.17
    lifetime: 10.9094
    annual_cost: 9.273653913139128
    efficiency: 0.743898
    discharge_ratio: 5
    depth_of_discharge: 0.5
  VRBF:
    cost: 209.13
    lifetime: 27.71
    annual_cost: 7.547094911584265
    efficiency: 0.6751
    discharge_ratio: 0.5
    depth_of_discharge: 1.0
