cost_values:
  wind_capex: 5000.0
  wind_opex: 100
  wind_lifetime: 20
  solar_capex: 1000.0
  solar_opex: 10
  solar_lifetime: 20
  carbon_price: 1.0
timeseries_values:
  load_level: 229807.5926200441
  wind_year: 2011
  solar_year: 2012
  price_year: 2023
  carbon_year: 2023
storage_values:
  CAES:
    cost: 46.8606
    lifetime: 24.2155
    annual_cost: 1.9351489748301707
    efficiency: 0.621051
    discharge_ratio: 0.1
    depth_of_discharge: 0.4
  Li-ion:
    cost: 194.42
    lifetime: 21.4355
    annual_cost: 9.070000699773738
    efficiency: 0.882539
    discharge_ratio: 2
    depth_of_discharge: 0.9
  Pb-acid:
    cost: 92.4895
    lifetime: 9.87333
    annual_cost: 9.36760950965885
    efficiency: 0.740927
    discharge_ratio: 5
    depth_of_discharge: 0.5
  VRBF:
    cost: 236.591
    lifetime: 25.156
    annual_cost: 9.404953092701543
    efficiency: 0.672477
    discharge_ratio: 0.5
    depth_of_discharge: 1.0
