cost_values:
  wind_capex: 5000.0
  wind_opex: 100
  wind_lifetime: 20
  solar_capex: 1000.0
  solar_opex: 10
  solar_lifetime: 20
  carbon_price: 1.0
timeseries_values:
  load_level: 229807.5926200441
  wind_year: 2011
  solar_year: 2012
  price_year: 2023
  carbon_year: 2023
storage_values:
  CAES:
    cost: 50.9693
    lifetime: 23.3192
    annual_cost: 2.1857224947682594
    efficiency: 0.609296
    discharge_ratio: 0.1
    depth_of_discharge: 0.4
  Li-ion:
    cost: 181.716
    lifetime: 23.8325
    annual_cost: 7.624714150844436
    efficiency: 0.899141
    discharge_ratio: 2
    depth_of_discharge: 0.9
  Pb-acid:
    cost: 98.2046
    lifetime: 11.1473
    annual_cost: 8.809720739551281
    efficiency: 0.749258
    discharge_ratio: 5
    depth_of_discharge: 0.5
  VRBF:
    cost: 241.373
    lifetime: 25.8349
    annual_cost: 9.34290436579975
    efficiency: 0.679406
    discharge_ratio: 0.5
    depth_of_discharge: 1.0
