cost_values:
  wind_capex: 5000.0
  wind_opex: 100
  wind_lifetime: 20
  solar_capex: 1000.0
  solar_opex: 10
  solar_lifetime: 20
  carbon_price: 1.0
timeseries_values:
  load_level: 229807.5926200441
  wind_year: 2011
  solar_year: 2012
  price_year: 2023
  carbon_year: 2023
storage_values:
  CAES:
    cost: 53.8611
    lifetime: 25.1369
    annual_cost: 2.14271051720777
    efficiency: 0.606527
    discharge_ratio: 0.1
    depth_of_discharge: 0.4
  Li-ion:
    cost: 191.885
    lifetime: 20.4501
    annual_cost: 9.383083701302194
    efficiency: 0.912123
    discharge_ratio: 2
    depth_of_discharge: 0.9
  Pb-acid:
    cost: 115.304
    lifetime: 11.2129
    annual_cost: 10.283156007812432
    efficiency: 0.754765
    discharge_ratio: 5
    depth_of_discharge: 0.5
  VRBF:
    cost: 230.454
    lifetime: 25.5248
    annual_cost: 9.028630978499342
    efficiency: 0.686328
    discharge_ratio: 0.5
    depth_of_discharge: 1.0
