cost_values:
  wind_capex: 5000.0
  wind_opex: 100
  wind_lifetime: 20
  solar_capex: 1000.0
  solar_opex: 10
  solar_lifetime: 20
  carbon_price: 1.0
timeseries_values:
  load_level: 229807.5926200441
  wind_year: 2011
  solar_year: 2012
  price_year: 2023
  carbon_year: 2023
storage_values:
  CAES:
    cost: 52.0914
    lifetime: 23.7527
    annual_cost: 2.1930727875146823
    efficiency: 0.610877
    discharge_ratio: 0.1
    depth_of_discharge: 0.4
  Li-ion:
    cost: 183.782
    lifetime: 22.9791
    annual_cost: 7.997789295490251
    efficiency: 0.883658
    discharge_ratio: 2
    depth_of_discharge: 0.9
  Pb-acid:
    cost: 82.4231
    lifetime: 9.96092
    annual_cost: 8.274647321733335
    efficiency: 0.73656
    discharge_ratio: 5
    depth_of_discharge: 0.5
  VRBF:
    cost: 214.115
    lifetime: 23.8451
    annual_cost: 8.979412961153445
    efficiency: 0.692934
    discharge_ratio: 0.5
    depth_of_discharge: 1.0
