cost_values:
  wind_capex: 5000.0
  wind_opex: 100
  wind_lifetime: 20
  solar_capex: 1000.0
  solar_opex: 10
  solar_lifetime: 20
  carbon_price: 1.0
timeseries_values:
  load_level: 229807.5926200441
  wind_year: 2011
  solar_year: 2012
  price_year: 2023
  carbon_year: 2023
storage_values:
  CAES:
    cost: 47.0231
    lifetime: 23.6862
    annual_cost: 1.9852530165243898
    efficiency: 0.611743
    discharge_ratio: 0.1
    depth_of_discharge: 0.4
  Li-ion:
    cost: 176.749
    lifetime: 21.3706
    annual_cost: 8.27066156308199
    efficiency: 0.891369
    discharge_ratio: 2
    depth_of_discharge: 0.9
  Pb-acid:
    cost: 105.463
    lifetime: 11.43
    annual_cost: 9.226859142607173
    efficiency: 0.76242
    discharge_ratio: 5
    depth_of_discharge: 0.5
  VRBF:
    cost: 237.304
    lifetime: 26.3785
    annual_cost: 8.99611425971909
    efficiency: 0.678871
    discharge_ratio: 0.5
    depth_of_discharge: 1.0
