cost_values:
  wind_capex: 5000.0
  wind_opex: 100
  wind_lifetime: 20
  solar_capex: 1000.0
  solar_opex: 10
  solar_lifetime: 20
  carbon_price: 1.0
timeseries_values:
  load_level: 229807.5926200441
  wind_year: 2011
  solar_year: 2012
  price_year: 2023
  carbon_year: 2023
storage_values:
  CAES:
    cost: 53.5697
    lifetime: 25.0071
    annual_cost: 2.142179620987639
    efficiency: 0.611426
    discharge_ratio: 0.1
    depth_of_discharge: 0.4
  Li-ion:
    cost: 195.878
    lifetime: 19.6196
    annual_cost: 9.983791718485596
    efficiency: 0.897005
    discharge_ratio: 2
    depth_of_discharge: 0.9
  Pb-acid:
    cost: 104.909
    lifetime: 9.83762
    annual_cost: 10.664063055901734
    efficiency: 0.745603
    discharge_ratio: 5
    depth_of_discharge: 0.5
  VRBF:
    cost: 239.468
    lifetime: 25.9895
    annual_cost: 9.214028742376728
    efficiency: 0.667173
    discharge_ratio: 0.5
    depth_of_discharge: 1.0
