cost_values:
  wind_capex: 5000.0
  wind_opex: 100
  wind_lifetime: 20
  solar_capex: 1000.0
  solar_opex: 10
  solar_lifetime: 20
  carbon_price: 1.0
timeseries_values:
  load_level: 229807.5926200441
  wind_year: 2011
  solar_year: 2012
  price_year: 2023
  carbon_year: 2023
storage_values:
  CAES:
    cost: 54.5573
    lifetime: 23.8461
    annual_cost: 2.2878919404011557
    efficiency: 0.60935
    discharge_ratio: 0.1
    depth_of_discharge: 0.4
  Li-ion:
    cost: 174.72
    lifetime: 20.4587
    annual_cost: 8.5401320709527
    efficiency: 0.897328
    discharge_ratio: 2
    depth_of_discharge: 0.9
  Pb-acid:
    cost: 103.046
    lifetime: 9.44293
    annual_cost: 10.91250279309494
    efficiency: 0.744483
    discharge_ratio: 5
    depth_of_discharge: 0.5
  VRBF:
    cost: 213.523
    lifetime: 27.1101
    annual_cost: 7.876142102021018
    efficiency: 0.66728
    discharge_ratio: 0.5
    depth_of_discharge: 1.0
