cost_values:
  wind_capex: 5000.0
  wind_opex: 100
  wind_lifetime: 20
  solar_capex: 1000.0
  solar_opex: 10
  solar_lifetime: 20
  carbon_price: 1.0
timeseries_values:
  load_level: 229807.5926200441
  wind_year: 2011
  solar_year: 2012
  price_year: 2023
  carbon_year: 2023
storage_values:
  CAES:
    cost: 49.4215
    lifetime: 25.5182
    annual_cost: 1.936715755813498
    efficiency: 0.600423
    discharge_ratio: 0.1
    depth_of_discharge: 0.4
  Li-ion:
    cost: 167.241
    lifetime: 18.3514
    annual_cost: 9.113255664417974
    efficiency: 0.903792
    discharge_ratio: 2
    depth_of_discharge: 0.9
  Pb-acid:
    cost: 78.3047
    lifetime: 10.399
    annual_cost: 7.530022117511299
    efficiency: 0.755583
    discharge_ratio: 5
    depth_of_discharge: 0.5
  VRBF:
    cost: 208.282
    lifetime: 28.1246
    annual_cost: 7.405687547556232
    efficiency: 0.699201
    discharge_ratio: 0.5
    depth_of_discharge: 1.0
