cost_values:
  wind_capex: 5000.0
  wind_opex: 100
  wind_lifetime: 20
  solar_capex: 1000.0
  solar_opex: 10
  solar_lifetime: 20
  carbon_price: 1.0
timeseries_values:
  load_level: 229807.5926200441
  wind_year: 2011
  solar_year: 2012
  price_year: 2023
  carbon_year: 2023
storage_values:
  CAES:
    cost: 45.7173
    lifetime: 22.7082
    annual_cost: 2.0132507200042276
    efficiency: 0.609477
    discharge_ratio: 0.1
    depth_of_discharge: 0.4
  Li-ion:
    cost: 198.318
    lifetime: 22.0976
    annual_cost: 8.9746397798856
    efficiency: 0.90082
    discharge_ratio: 2
    depth_of_discharge: 0.9
  Pb-acid:
    cost: 111.557
    lifetime: 9.92975
    annual_cost: 11.23462322817795
    efficiency: 0.738069
    discharge_ratio: 5
    depth_of_discharge: 0.5
  VRBF:
    cost: 215.412
    lifetime: 27.1108
    annual_cost: 7.945615769361288
    efficiency: 0.661823
    discharge_ratio: 0.5
    depth_of_discharge: 1.0
