cost_values:
  wind_capex: 5000.0
  wind_opex: 100
  wind_lifetime: 20
  solar_capex: 1000.0
  solar_opex: 10
  solar_lifetime: 20
  carbon_price: 1.0
timeseries_values:
  load_level: 229807.5926200441
  wind_year: 2011
  solar_year: 2012
  price_year: 2023
  carbon_year: 2023
storage_values:
  CAES:
    cost: 52.005
    lifetime: 24.3772
    annual_cost: 2.1333459133944834
    efficiency: 0.60382
    discharge_ratio: 0.1
    depth_of_discharge: 0.4
  Li-ion:
    cost: 182.958
    lifetime: 20.5505
    annual_cost: 8.902849079097832
    efficiency: 0.895657
    discharge_ratio: 2
    depth_of_discharge: 0.9
  Pb-acid:
    cost: 90.606
    lifetime: 10.1045
    annual_cost: 8.966895937453609
    efficiency: 0.741863
    discharge_ratio: 5
    depth_of_discharge: 0.5
  VRBF:
    cost: 249.321
    lifetime: 26.1162
    annual_cost: 9.546603257748064
    efficiency: 0.671926
    discharge_ratio: 0.5
    depth_of_discharge: 1.0
