cost_values:
  wind_capex: 5000.0
  wind_opex: 100
  wind_lifetime: 20
  solar_capex: 1000.0
  solar_opex: 10
  solar_lifetime: 20
  carbon_price: 1.0
timeseries_values:
  load_level: 229807.5926200441
  wind_year: 2011
  solar_year: 2012
  price_year: 2023
  carbon_year: 2023
storage_values:
  CAES:
    cost: 51.6218
    lifetime: 23.7372
    annual_cost: 2.1747215341320794
    efficiency: 0.626321
    discharge_ratio: 0.1
    depth_of_discharge: 0.4
  Li-ion:
    cost: 199.981
    lifetime: 21.6301
    annual_cost: 9.245495859935923
    efficiency: 0.898377
    discharge_ratio: 2
    depth_of_discharge: 0.9
  Pb-acid:
    cost: 111.31
    lifetime: 10.1788
    annual_cost: 10.935473729712736
    efficiency: 0.752965
    discharge_ratio: 5
    depth_of_discharge: 0.5
  VRBF:
    cost: 211.093
    lifetime: 26.9156
    annual_cost: 7.842775193568041
    efficiency: 0.679477
    discharge_ratio: 0.5
    depth_of_discharge: 1.0
