cost_values:
  wind_capex: 5000.0
  wind_opex: 100
  wind_lifetime: 20
  solar_capex: 1000.0
  solar_opex: 10
  solar_lifetime: 20
  carbon_price: 1.0
timeseries_values:
  load_level: 229807.5926200441
  wind_year: 2011
  solar_year: 2012
  price_year: 2023
  carbon_year: 2023
storage_values:
  CAES:
    cost: 49.4391
    lifetime: 23.9336
    annual_cost: 2.0656775411973127
    efficiency: 0.607253
    discharge_ratio: 0.1
    depth_of_discharge: 0.4
  Li-ion:
    cost: 179.861
    lifetime: 21.0626
    annual_cost: 8.539354115826155
    efficiency: 0.900601
    discharge_ratio: 2
    depth_of_discharge: 0.9
  Pb-acid:
    cost: 88.7788
    lifetime: 11.3305
    annual_cost: 7.835382375005516
    efficiency: 0.749378
    discharge_ratio: 5
    depth_of_discharge: 0.5
  VRBF:
    cost: 227.311
    lifetime: 23.3663
    annual_cost: 9.728155506006514
    efficiency: 0.669841
    discharge_ratio: 0.5
    depth_of_discharge: 1.0
