cost_values:
  wind_capex: 5000.0
  wind_opex: 100
  wind_lifetime: 20
  solar_capex: 1000.0
  solar_opex: 10
  solar_lifetime: 20
  carbon_price: 1.0
timeseries_values:
  load_level: 229807.5926200441
  wind_year: 2011
  solar_year: 2012
  price_year: 2023
  carbon_year: 2023
storage_values:
  CAES:
    cost: 54.8409
    lifetime: 23.9382
    annual_cost: 2.290936661904404
    efficiency: 0.609245
    discharge_ratio: 0.1
    depth_of_discharge: 0.4
  Li-ion:
    cost: 200.732
    lifetime: 20.9353
    annual_cost: 9.588207477322989
    efficiency: 0.899521
    discharge_ratio: 2
    depth_of_discharge: 0.9
  Pb-acid:
    cost: 111.352
    lifetime: 11.481
    annual_cost: 9.698806724152949
    efficiency: 0.735605
    discharge_ratio: 5
    depth_of_discharge: 0.5
  VRBF:
    cost: 203.687
    lifetime: 25.1456
    annual_cost: 8.10030383049122
    efficiency: 0.668036
    discharge_ratio: 0.5
    depth_of_discharge: 1.0
