cost_values:
  wind_capex: 5000.0
  wind_opex: 100
  wind_lifetime: 20
  solar_capex: 1000.0
  solar_opex: 10
  solar_lifetime: 20
  carbon_price: 1.0
timeseries_values:
  load_level: 229807.5926200441
  wind_year: 2011
  solar_year: 2012
  price_year: 2023
  carbon_year: 2023
storage_values:
  CAES:
    cost: 57.5999
    lifetime: 24.8523
    annual_cost: 2.3176889060569845
    efficiency: 0.614521
    discharge_ratio: 0.1
    depth_of_discharge: 0.4
  Li-ion:
    cost: 176.012
    lifetime: 21.7676
    annual_cost: 8.085962623348463
    efficiency: 0.898427
    discharge_ratio: 2
    depth_of_discharge: 0.9
  Pb-acid:
    cost: 81.4721
    lifetime: 10.5862
    annual_cost: 7.696066577242069
    efficiency: 0.745362
    discharge_ratio: 5
    depth_of_discharge: 0.5
  VRBF:
    cost: 216.581
    lifetime: 25.4884
    annual_cost: 8.497237959228512
    efficiency: 0.685505
    discharge_ratio: 0.5
    depth_of_discharge: 1.0
