cost_values:
  wind_capex: 5000.0
  wind_opex: 100
  wind_lifetime: 20
  solar_capex: 1000.0
  solar_opex: 10
  solar_lifetime: 20
  carbon_price: 1.0
timeseries_values:
  load_level: 229807.5926200441
  wind_year: 2011
  solar_year: 2012
  price_year: 2023
  carbon_year: 2023
storage_values:
  CAES:
    cost: 50.7426
    lifetime: 23.9246
    annual_cost: 2.1209382810997885
    efficiency: 0.611052
    discharge_ratio: 0.1
    depth_of_discharge: 0.4
  Li-ion:
    cost: 174.41
    lifetime: 23.3918
    annual_cost: 7.45603160081738
    efficiency: 0.894326
    discharge_ratio: 2
    depth_of_discharge: 0.9
  Pb-acid:
    cost: 89.8798
    lifetime: 11.782
    annual_cost: 7.62856900356476
    efficiency: 0.744492
    discharge_ratio: 5
    depth_of_discharge: 0.5
  VRBF:
    cost: 245.748
    lifetime: 26.3543
    annual_cost: 9.324778119699632
    efficiency: 0.669865
    discharge_ratio: 0.5
    depth_of_discharge: 1.0
