cost_values:
  wind_capex: 5000.0
  wind_opex: 100
  wind_lifetime: 20
  solar_capex: 1000.0
  solar_opex: 10
  solar_lifetime: 20
  carbon_price: 1.0
timeseries_values:
  load_level: 229807.5926200441
  wind_year: 2011
  solar_year: 2012
  price_year: 2023
  carbon_year: 2023
storage_values:
  CAES:
    cost: 48.7559
    lifetime: 23.5965
    annual_cost: 2.0662343991693684
    efficiency: 0.611265
    discharge_ratio: 0.1
    depth_of_discharge: 0.4
  Li-ion:
    cost: 186.223
    lifetime: 20.6175
    annual_cost: 9.032278404268219
    efficiency: 0.889722
    discharge_ratio: 2
    depth_of_discharge: 0.9
  Pb-acid:
    cost: 114.253
    lifetime: 12.6225
    annual_cost: 9.05153495741731
    efficiency: 0.74753
    discharge_ratio: 5
    depth_of_discharge: 0.5
  VRBF:
    cost: 249.148
    lifetime: 27.2099
    annual_cost: 9.156520237119578
    efficiency: 0.661121
    discharge_ratio: 0.5
    depth_of_discharge: 1.0
