cost_values:
  wind_capex: 5000.0
  wind_opex: 100
  wind_lifetime: 20
  solar_capex: 1000.0
  solar_opex: 10
  solar_lifetime: 20
  carbon_price: 1.0
timeseries_values:
  load_level: 229807.5926200441
  wind_year: 2011
  solar_year: 2012
  price_year: 2023
  carbon_year: 2023
storage_values:
  CAES:
    cost: 48.7866
    lifetime: 24.0752
    annual_cost: 2.026425533328903
    efficiency: 0.607991
    discharge_ratio: 0.1
    depth_of_discharge: 0.4
  Li-ion:
    cost: 197.566
    lifetime: 21.8347
    annual_cost: 9.048258047969515
    efficiency: 0.890606
    discharge_ratio: 2
    depth_of_discharge: 0.9
  Pb-acid:
    cost: 95.0737
    lifetime: 10.4862
    annual_cost: 9.06655413781923
    efficiency: 0.753377
    discharge_ratio: 5
    depth_of_discharge: 0.5
  VRBF:
    cost: 205.94
    lifetime: 27.0872
    annual_cost: 7.602853008062849
    efficiency: 0.689288
    discharge_ratio: 0.5
    depth_of_discharge: 1.0
