cost_values:
  wind_capex: 5000.0
  wind_opex: 100
  wind_lifetime: 20
  solar_capex: 1000.0
  solar_opex: 10
  solar_lifetime: 20
  carbon_price: 1.0
timeseries_values:
  load_level: 229807.5926200441
  wind_year: 2011
  solar_year: 2012
  price_year: 2023
  carbon_year: 2023
storage_values:
  CAES:
    cost: 55.1091
    lifetime: 24.2503
    annual_cost: 2.2725120926339057
    efficiency: 0.623519
    discharge_ratio: 0.1
    depth_of_discharge: 0.4
  Li-ion:
    cost: 191.303
    lifetime: 20.0289
    annual_cost: 9.551348301704037
    efficiency: 0.896044
    discharge_ratio: 2
    depth_of_discharge: 0.9
  Pb-acid:
    cost: 108.257
    lifetime: 10.9602
    annual_cost: 9.877283261254357
    efficiency: 0.743588
    discharge_ratio: 5
    depth_of_discharge: 0.5
  VRBF:
    cost: 224.688
    lifetime: 24.8715
    annual_cost: 9.033954526265001
    efficiency: 0.66402
    discharge_ratio: 0.5
    depth_of_discharge: 1.0
