cost_values:
  wind_capex: 5000.0
  wind_opex: 100
  wind_lifetime: 20
  solar_capex: 1000.0
  solar_opex: 10
  solar_lifetime: 20
  carbon_price: 1.0
timeseries_values:
  load_level: 229807.5926200441
  wind_year: 2011
  solar_year: 2012
  price_year: 2023
  carbon_year: 2023
storage_values:
  CAES:
    cost: 56.2137
    lifetime: 24.4709
    annual_cost: 2.2971652043856174
    efficiency: 0.620335
    discharge_ratio: 0.1
    depth_of_discharge: 0.4
  Li-ion:
    cost: 179.71
    lifetime: 19.8682
    annual_cost: 9.04510725682246
    efficiency: 0.895545
    discharge_ratio: 2
    depth_of_discharge: 0.9
  Pb-acid:
    cost: 107.926
    lifetime: 11.2574
    annual_cost: 9.587116030344484
    efficiency: 0.724508
    discharge_ratio: 5
    depth_of_discharge: 0.5
  VRBF:
    cost: 221.043
    lifetime: 26.3561
    annual_cost: 8.386787119490364
    efficiency: 0.689502
    discharge_ratio: 0.5
    depth_of_discharge: 1.0
