cost_values:
  wind_capex: 5000.0
  wind_opex: 100
  wind_lifetime: 20
  solar_capex: 1000.0
  solar_opex: 10
  solar_lifetime: 20
  carbon_price: 1.0
timeseries_values:
  load_level: 229807.5926200441
  wind_year: 2011
  solar_year: 2012
  price_year: 2023
  carbon_year: 2023
storage_values:
  CAES:
    cost: 59.7716
    lifetime: 23.7693
    annual_cost: 2.51465545893232
    efficiency: 0.621524
    discharge_ratio: 0.1
    depth_of_discharge: 0.4
  Li-ion:
    cost: 185.495
    lifetime: 22.0475
    annual_cost: 8.41342555845334
    efficiency: 0.898027
    discharge_ratio: 2
    depth_of_discharge: 0.9
  Pb-acid:
    cost: 98.8167
    lifetime: 11.4577
    annual_cost: 8.624479607600128
    efficiency: 0.732853
    discharge_ratio: 5
    depth_of_discharge: 0.5
  VRBF:
    cost: 226.713
    lifetime: 26.7666
    annual_cost: 8.469996189280671
    efficiency: 0.67414
    discharge_ratio: 0.5
    depth_of_discharge: 1.0
