cost_values:
  wind_capex: 5000.0
  wind_opex: 100
  wind_lifetime: 20
  solar_capex: 1000.0
  solar_opex: 10
  solar_lifetime: 20
  carbon_price: 1.0
timeseries_values:
  load_level: 229807.5926200441
  wind_year: 2011
  solar_year: 2012
  price_year: 2023
  carbon_year: 2023
storage_values:
  CAES:
    cost: 56.6041
    lifetime: 24.584
    annual_cost: 2.30247722095672
    efficiency: 0.618807
    discharge_ratio: 0.1
    depth_of_discharge: 0.4
  Li-ion:
    cost: 200.277
    lifetime: 23.2169
    annual_cost: 8.626345463864684
    efficiency: 0.902311
    discharge_ratio: 2
    depth_of_discharge: 0.9
  Pb-acid:
    cost: 97.7126
    lifetime: 9.34337
    annual_cost: 10.45796109968887
    efficiency: 0.762828
    discharge_ratio: 5
    depth_of_discharge: 0.5
  VRBF:
    cost: 231.044
    lifetime: 28.5944
    annual_cost: 8.080043644909493
    efficiency: 0.681099
    discharge_ratio: 0.5
    depth_of_discharge: 1.0
