cost_values:
  wind_capex: 5000.0
  wind_opex: 100
  wind_lifetime: 20
  solar_capex: 1000.0
  solar_opex: 10
  solar_lifetime: 20
  carbon_price: 1.0
timeseries_values:
  load_level: 229807.5926200441
  wind_year: 2011
  solar_year: 2012
  price_year: 2023
  carbon_year: 2023
storage_values:
  CAES:
    cost: 56.6323
    lifetime: 24.5427
    annual_cost: 2.307500804719937
    efficiency: 0.609517
    discharge_ratio: 0.1
    depth_of_discharge: 0.4
  Li-ion:
    cost: 193.775
    lifetime: 21.327
    annual_cost: 9.085900501711444
    efficiency: 0.888733
    discharge_ratio: 2
    depth_of_discharge: 0.9
  Pb-acid:
    cost: 114.617
    lifetime: 10.0982
    annual_cost: 11.350240636945198
    efficiency: 0.750333
    discharge_ratio: 5
    depth_of_discharge: 0.5
  VRBF:
    cost: 192.092
    lifetime: 26.6625
    annual_cost: 7.204575714955462
    efficiency: 0.699848
    discharge_ratio: 0.5
    depth_of_discharge: 1.0
