cost_values:
  wind_capex: 5000.0
  wind_opex: 100
  wind_lifetime: 20
  solar_capex: 1000.0
  solar_opex: 10
  solar_lifetime: 20
  carbon_price: 1.0
timeseries_values:
  load_level: 276076.88456654234
  wind_year: 2017
  solar_year: 2010
  price_year: 2023
  carbon_year: 2023
storage_values:
  CAES:
    cost: 48.5111
    lifetime: 28.8838
    annual_cost: 1.6795262396222104
    efficiency: 0.605093
    discharge_ratio: 0.1
    depth_of_discharge: 0.4
  Li-ion:
    cost: 277.512
    lifetime: 16.1829
    annual_cost: 17.14847153476818
    efficiency: 0.958224
    discharge_ratio: 2
    depth_of_discharge: 0.9
  Pb-acid:
    cost: 176.313
    lifetime: 15.3753
    annual_cost: 11.467288443152329
    efficiency: 0.680847
    discharge_ratio: 5
    depth_of_discharge: 0.5
  VRBF:
    cost: 154.358
    lifetime: 12.5195
    annual_cost: 12.329406126442748
    efficiency: 0.76798
    discharge_ratio: 0.5
    depth_of_discharge: 1.0
