cost_values:
  wind_capex: 5000.0
  wind_opex: 100
  wind_lifetime: 20
  solar_capex: 1000.0
  solar_opex: 10
  solar_lifetime: 20
  carbon_price: 1.0
timeseries_values:
  load_level: 276076.88456654234
  wind_year: 2017
  solar_year: 2010
  price_year: 2023
  carbon_year: 2023
storage_values:
  CAES:
    cost: 53.6442
    lifetime: 29.2815
    annual_cost: 1.8320168024179089
    efficiency: 0.592946
    discharge_ratio: 0.1
    depth_of_discharge: 0.4
  Li-ion:
    cost: 264.203
    lifetime: 16.3896
    annual_cost: 16.120161565871037
    efficiency: 0.947267
    discharge_ratio: 2
    depth_of_discharge: 0.9
  Pb-acid:
    cost: 174.061
    lifetime: 16.1228
    annual_cost: 10.795953556454213
    efficiency: 0.681128
    discharge_ratio: 5
    depth_of_discharge: 0.5
  VRBF:
    cost: 175.978
    lifetime: 10.0363
    annual_cost: 17.53415103175473
    efficiency: 0.77465
    discharge_ratio: 0.5
    depth_of_discharge: 1.0
