cost_values:
  wind_capex: 5000.0
  wind_opex: 100
  wind_lifetime: 20
  solar_capex: 1000.0
  solar_opex: 10
  solar_lifetime: 20
  carbon_price: 1.0
timeseries_values:
  load_level: 276076.88456654234
  wind_year: 2017
  solar_year: 2010
  price_year: 2023
  carbon_year: 2023
storage_values:
  CAES:
    cost: 60.7163
    lifetime: 29.6636
    annual_cost: 2.0468284361978992
    efficiency: 0.598545
    discharge_ratio: 0.1
    depth_of_discharge: 0.4
  Li-ion:
    cost: 292.702
    lifetime: 14.6421
    annual_cost: 19.990438529992282
    efficiency: 0.93828
    discharge_ratio: 2
    depth_of_discharge: 0.9
  Pb-acid:
    cost: 148.065
    lifetime: 15.9735
    annual_cost: 9.269414968541648
    efficiency: 0.699813
    discharge_ratio: 5
    depth_of_discharge: 0.5
  VRBF:
    cost: 164.362
    lifetime: 13.3189
    annual_cost: 12.340508600560106
    efficiency: 0.759323
    discharge_ratio: 0.5
    depth_of_discharge: 1.0
