cost_values:
  wind_capex: 5000.0
  wind_opex: 100
  wind_lifetime: 20
  solar_capex: 1000.0
  solar_opex: 10
  solar_lifetime: 20
  carbon_price: 1.0
timeseries_values:
  load_level: 276076.88456654234
  wind_year: 2017
  solar_year: 2010
  price_year: 2023
  carbon_year: 2023
storage_values:
  CAES:
    cost: 55.3055
    lifetime: 29.4138
    annual_cost: 1.8802568862234734
    efficiency: 0.59147
    discharge_ratio: 0.1
    depth_of_discharge: 0.4
  Li-ion:
    cost: 258.175
    lifetime: 15.8976
    annual_cost: 16.239872685185187
    efficiency: 0.94101
    discharge_ratio: 2
    depth_of_discharge: 0.9
  Pb-acid:
    cost: 161.603
    lifetime: 15.264
    annual_cost: 10.587198637316563
    efficiency: 0.703723
    discharge_ratio: 5
    depth_of_discharge: 0.5
  VRBF:
    cost: 157.754
    lifetime: 11.1359
    annual_cost: 14.166255084905576
    efficiency: 0.785703
    discharge_ratio: 0.5
    depth_of_discharge: 1.0
