cost_values:
  wind_capex: 5000.0
  wind_opex: 100
  wind_lifetime: 20
  solar_capex: 1000.0
  solar_opex: 10
  solar_lifetime: 20
  carbon_price: 1.0
timeseries_values:
  load_level: 276076.88456654234
  wind_year: 2017
  solar_year: 2010
  price_year: 2023
  carbon_year: 2023
storage_values:
  CAES:
    cost: 53.0904
    lifetime: 29.0219
    annual_cost: 1.8293219947694674
    efficiency: 0.593493
    discharge_ratio: 0.1
    depth_of_discharge: 0.4
  Li-ion:
    cost: 281.074
    lifetime: 14.246
    annual_cost: 19.73002948195985
    efficiency: 0.954735
    discharge_ratio: 2
    depth_of_discharge: 0.9
  Pb-acid:
    cost: 164.67
    lifetime: 14.5315
    annual_cost: 11.331934074252485
    efficiency: 0.689923
    discharge_ratio: 5
    depth_of_discharge: 0.5
  VRBF:
    cost: 190.049
    lifetime: 12.4089
    annual_cost: 15.315539652991
    efficiency: 0.771439
    discharge_ratio: 0.5
    depth_of_discharge: 1.0
