cost_values:
  wind_capex: 5000.0
  wind_opex: 100
  wind_lifetime: 20
  solar_capex: 1000.0
  solar_opex: 10
  solar_lifetime: 20
  carbon_price: 1.0
timeseries_values:
  load_level: 276076.88456654234
  wind_year: 2017
  solar_year: 2010
  price_year: 2023
  carbon_year: 2023
storage_values:
  CAES:
    cost: 50.2644
    lifetime: 27.3807
    annual_cost: 1.8357602252681633
    efficiency: 0.599035
    discharge_ratio: 0.1
    depth_of_discharge: 0.4
  Li-ion:
    cost: 286.573
    lifetime: 15.1582
    annual_cost: 18.905476903590134
    efficiency: 0.954561
    discharge_ratio: 2
    depth_of_discharge: 0.9
  Pb-acid:
    cost: 170.652
    lifetime: 13.6743
    annual_cost: 12.479761304052126
    efficiency: 0.695687
    discharge_ratio: 5
    depth_of_discharge: 0.5
  VRBF:
    cost: 158.365
    lifetime: 14.4066
    annual_cost: 10.99253120097733
    efficiency: 0.762969
    discharge_ratio: 0.5
    depth_of_discharge: 1.0
