cost_values:
  wind_capex: 5000.0
  wind_opex: 100
  wind_lifetime: 20
  solar_capex: 1000.0
  solar_opex: 10
  solar_lifetime: 20
  carbon_price: 1.0
timeseries_values:
  load_level: 276076.88456654234
  wind_year: 2017
  solar_year: 2010
  price_year: 2023
  carbon_year: 2023
storage_values:
  CAES:
    cost: 55.857
    lifetime: 28.5077
    annual_cost: 1.9593653644453954
    efficiency: 0.608103
    discharge_ratio: 0.1
    depth_of_discharge: 0.4
  Li-ion:
    cost: 282.195
    lifetime: 15.7663
    annual_cost: 17.898619206789164
    efficiency: 0.947725
    discharge_ratio: 2
    depth_of_discharge: 0.9
  Pb-acid:
    cost: 183.257
    lifetime: 15.8766
    annual_cost: 11.542584684378268
    efficiency: 0.691417
    discharge_ratio: 5
    depth_of_discharge: 0.5
  VRBF:
    cost: 153.705
    lifetime: 11.9955
    annual_cost: 12.813555083156185
    efficiency: 0.771315
    discharge_ratio: 0.5
    depth_of_discharge: 1.0
