cost_values:
  wind_capex: 5000.0
  wind_opex: 100
  wind_lifetime: 20
  solar_capex: 1000.0
  solar_opex: 10
  solar_lifetime: 20
  carbon_price: 1.0
timeseries_values:
  load_level: 276076.88456654234
  wind_year: 2017
  solar_year: 2010
  price_year: 2023
  carbon_year: 2023
storage_values:
  CAES:
    cost: 56.2067
    lifetime: 28.6172
    annual_cost: 1.964088030974379
    efficiency: 0.604264
    discharge_ratio: 0.1
    depth_of_discharge: 0.4
  Li-ion:
    cost: 285.754
    lifetime: 14.2632
    annual_cost: 20.034354142127995
    efficiency: 0.933804
    discharge_ratio: 2
    depth_of_discharge: 0.9
  Pb-acid:
    cost: 157.552
    lifetime: 13.8794
    annual_cost: 11.35149934435206
    efficiency: 0.677956
    discharge_ratio: 5
    depth_of_discharge: 0.5
  VRBF:
    cost: 161.085
    lifetime: 12.5041
    annual_cost: 12.882574515558899
    efficiency: 0.768678
    discharge_ratio: 0.5
    depth_of_discharge: 1.0
