cost_values:
  wind_capex: 5000.0
  wind_opex: 100
  wind_lifetime: 20
  solar_capex: 1000.0
  solar_opex: 10
  solar_lifetime: 20
  carbon_price: 1.0
timeseries_values:
  load_level: 276076.88456654234
  wind_year: 2017
  solar_year: 2010
  price_year: 2023
  carbon_year: 2023
storage_values:
  CAES:
    cost: 49.1698
    lifetime: 28.4097
    annual_cost: 1.730739852937553
    efficiency: 0.606273
    discharge_ratio: 0.1
    depth_of_discharge: 0.4
  Li-ion:
    cost: 258.939
    lifetime: 15.6726
    annual_cost: 16.521764097852305
    efficiency: 0.938774
    discharge_ratio: 2
    depth_of_discharge: 0.9
  Pb-acid:
    cost: 169.435
    lifetime: 15.5842
    annual_cost: 10.872229565842328
    efficiency: 0.68219
    discharge_ratio: 5
    depth_of_discharge: 0.5
  VRBF:
    cost: 163.476
    lifetime: 12.9404
    annual_cost: 12.63299434329696
    efficiency: 0.787617
    discharge_ratio: 0.5
    depth_of_discharge: 1.0
