cost_values:
  wind_capex: 5000.0
  wind_opex: 100
  wind_lifetime: 20
  solar_capex: 1000.0
  solar_opex: 10
  solar_lifetime: 20
  carbon_price: 1.0
timeseries_values:
  load_level: 276076.88456654234
  wind_year: 2017
  solar_year: 2010
  price_year: 2023
  carbon_year: 2023
storage_values:
  CAES:
    cost: 57.0809
    lifetime: 29.5488
    annual_cost: 1.9317501895170024
    efficiency: 0.604966
    discharge_ratio: 0.1
    depth_of_discharge: 0.4
  Li-ion:
    cost: 284.286
    lifetime: 17.6783
    annual_cost: 16.08107114371857
    efficiency: 0.937554
    discharge_ratio: 2
    depth_of_discharge: 0.9
  Pb-acid:
    cost: 149.528
    lifetime: 15.5305
    annual_cost: 9.62802227874183
    efficiency: 0.6874
    discharge_ratio: 5
    depth_of_discharge: 0.5
  VRBF:
    cost: 182.703
    lifetime: 12.436
    annual_cost: 14.691460276616276
    efficiency: 0.760499
    discharge_ratio: 0.5
    depth_of_discharge: 1.0
