cost_values:
  wind_capex: 5000.0
  wind_opex: 100
  wind_lifetime: 20
  solar_capex: 1000.0
  solar_opex: 10
  solar_lifetime: 20
  carbon_price: 1.0
timeseries_values:
  load_level: 276076.88456654234
  wind_year: 2017
  solar_year: 2010
  price_year: 2023
  carbon_year: 2023
storage_values:
  CAES:
    cost: 49.9221
    lifetime: 29.034
    annual_cost: 1.7194358338499691
    efficiency: 0.603211
    discharge_ratio: 0.1
    depth_of_discharge: 0.4
  Li-ion:
    cost: 279.088
    lifetime: 15.4544
    annual_cost: 18.058805259343618
    efficiency: 0.928388
    discharge_ratio: 2
    depth_of_discharge: 0.9
  Pb-acid:
    cost: 170.02
    lifetime: 14.2888
    annual_cost: 11.898829852751806
    efficiency: 0.690617
    discharge_ratio: 5
    depth_of_discharge: 0.5
  VRBF:
    cost: 156.985
    lifetime: 11.582
    annual_cost: 13.554222068727336
    efficiency: 0.767729
    discharge_ratio: 0.5
    depth_of_discharge: 1.0
