cost_values:
  wind_capex: 5000.0
  wind_opex: 100
  wind_lifetime: 20
  solar_capex: 1000.0
  solar_opex: 10
  solar_lifetime: 20
  carbon_price: 1.0
timeseries_values:
  load_level: 276076.88456654234
  wind_year: 2017
  solar_year: 2010
  price_year: 2023
  carbon_year: 2023
storage_values:
  CAES:
    cost: 53.2118
    lifetime: 28.7196
    annual_cost: 1.852804356606638
    efficiency: 0.606424
    discharge_ratio: 0.1
    depth_of_discharge: 0.4
  Li-ion:
    cost: 295.522
    lifetime: 15.8827
    annual_cost: 18.606534153512943
    efficiency: 0.944025
    discharge_ratio: 2
    depth_of_discharge: 0.9
  Pb-acid:
    cost: 184.359
    lifetime: 13.8788
    annual_cost: 13.283497132316915
    efficiency: 0.688641
    discharge_ratio: 5
    depth_of_discharge: 0.5
  VRBF:
    cost: 181.328
    lifetime: 12.2432
    annual_cost: 14.810507056978569
    efficiency: 0.785577
    discharge_ratio: 0.5
    depth_of_discharge: 1.0
