cost_values:
  wind_capex: 5000.0
  wind_opex: 100
  wind_lifetime: 20
  solar_capex: 1000.0
  solar_opex: 10
  solar_lifetime: 20
  carbon_price: 1.0
timeseries_values:
  load_level: 276076.88456654234
  wind_year: 2017
  solar_year: 2010
  price_year: 2023
  carbon_year: 2023
storage_values:
  CAES:
    cost: 49.6886
    lifetime: 29.6698
    annual_cost: 1.674719748700699
    efficiency: 0.615195
    discharge_ratio: 0.1
    depth_of_discharge: 0.4
  Li-ion:
    cost: 276.337
    lifetime: 14.3956
    annual_cost: 19.195934868987745
    efficiency: 0.938004
    discharge_ratio: 2
    depth_of_discharge: 0.9
  Pb-acid:
    cost: 154.613
    lifetime: 14.0929
    annual_cost: 10.970985389806215
    efficiency: 0.675289
    discharge_ratio: 5
    depth_of_discharge: 0.5
  VRBF:
    cost: 178.836
    lifetime: 14.0695
    annual_cost: 12.710899463378231
    efficiency: 0.773851
    discharge_ratio: 0.5
    depth_of_discharge: 1.0
