cost_values:
  wind_capex: 5000.0
  wind_opex: 100
  wind_lifetime: 20
  solar_capex: 1000.0
  solar_opex: 10
  solar_lifetime: 20
  carbon_price: 1.0
timeseries_values:
  load_level: 276076.88456654234
  wind_year: 2017
  solar_year: 2010
  price_year: 2023
  carbon_year: 2023
storage_values:
  CAES:
    cost: 45.9846
    lifetime: 29.4203
    annual_cost: 1.5630228107803115
    efficiency: 0.599626
    discharge_ratio: 0.1
    depth_of_discharge: 0.4
  Li-ion:
    cost: 262.636
    lifetime: 16.5113
    annual_cost: 15.906439832114978
    efficiency: 0.927894
    discharge_ratio: 2
    depth_of_discharge: 0.9
  Pb-acid:
    cost: 164.793
    lifetime: 16.1213
    annual_cost: 10.222066458660281
    efficiency: 0.695673
    discharge_ratio: 5
    depth_of_discharge: 0.5
  VRBF:
    cost: 197.257
    lifetime: 13.896
    annual_cost: 14.195236039147956
    efficiency: 0.781957
    discharge_ratio: 0.5
    depth_of_discharge: 1.0
