cost_values:
  wind_capex: 5000.0
  wind_opex: 100
  wind_lifetime: 20
  solar_capex: 1000.0
  solar_opex: 10
  solar_lifetime: 20
  carbon_price: 1.0
timeseries_values:
  load_level: 276076.88456654234
  wind_year: 2017
  solar_year: 2010
  price_year: 2023
  carbon_year: 2023
storage_values:
  CAES:
    cost: 52.6778
    lifetime: 29.365
    annual_cost: 1.7938974970202621
    efficiency: 0.600655
    discharge_ratio: 0.1
    depth_of_discharge: 0.4
  Li-ion:
    cost: 279.462
    lifetime: 16.8023
    annual_cost: 16.63236580706213
    efficiency: 0.941301
    discharge_ratio: 2
    depth_of_discharge: 0.9
  Pb-acid:
    cost: 147.593
    lifetime: 16.0384
    annual_cost: 9.202476556264964
    efficiency: 0.685296
    discharge_ratio: 5
    depth_of_discharge: 0.5
  VRBF:
    cost: 183.578
    lifetime: 11.3711
    annual_cost: 16.144260449736613
    efficiency: 0.772909
    discharge_ratio: 0.5
    depth_of_discharge: 1.0
