cost_values:
  wind_capex: 5000.0
  wind_opex: 100
  wind_lifetime: 20
  solar_capex: 1000.0
  solar_opex: 10
  solar_lifetime: 20
  carbon_price: 1.0
timeseries_values:
  load_level: 276076.88456654234
  wind_year: 2017
  solar_year: 2010
  price_year: 2023
  carbon_year: 2023
storage_values:
  CAES:
    cost: 55.65
    lifetime: 28.1604
    annual_cost: 1.9761793156347212
    efficiency: 0.609166
    discharge_ratio: 0.1
    depth_of_discharge: 0.4
  Li-ion:
    cost: 278.612
    lifetime: 17.5383
    annual_cost: 15.885918247492633
    efficiency: 0.940141
    discharge_ratio: 2
    depth_of_discharge: 0.9
  Pb-acid:
    cost: 174.032
    lifetime: 13.924
    annual_cost: 12.49870726802643
    efficiency: 0.69442
    discharge_ratio: 5
    depth_of_discharge: 0.5
  VRBF:
    cost: 158.997
    lifetime: 13.649
    annual_cost: 11.648985273646423
    efficiency: 0.774863
    discharge_ratio: 0.5
    depth_of_discharge: 1.0
