cost_values:
  wind_capex: 5000.0
  wind_opex: 100
  wind_lifetime: 20
  solar_capex: 1000.0
  solar_opex: 10
  solar_lifetime: 20
  carbon_price: 1.0
timeseries_values:
  load_level: 276076.88456654234
  wind_year: 2017
  solar_year: 2010
  price_year: 2023
  carbon_year: 2023
storage_values:
  CAES:
    cost: 55.5195
    lifetime: 29.1496
    annual_cost: 1.904640200894695
    efficiency: 0.608858
    discharge_ratio: 0.1
    depth_of_discharge: 0.4
  Li-ion:
    cost: 291.555
    lifetime: 15.837
    annual_cost: 18.40973669255541
    efficiency: 0.960842
    discharge_ratio: 2
    depth_of_discharge: 0.9
  Pb-acid:
    cost: 155.873
    lifetime: 13.7008
    annual_cost: 11.376926894779867
    efficiency: 0.692476
    discharge_ratio: 5
    depth_of_discharge: 0.5
  VRBF:
    cost: 161.994
    lifetime: 11.5963
    annual_cost: 13.969455774686754
    efficiency: 0.769249
    discharge_ratio: 0.5
    depth_of_discharge: 1.0
