cost_values:
  wind_capex: 5000.0
  wind_opex: 100
  wind_lifetime: 20
  solar_capex: 1000.0
  solar_opex: 10
  solar_lifetime: 20
  carbon_price: 1.0
timeseries_values:
  load_level: 276076.88456654234
  wind_year: 2017
  solar_year: 2010
  price_year: 2023
  carbon_year: 2023
storage_values:
  CAES:
    cost: 59.0028
    lifetime: 28.4534
    annual_cost: 2.0736643072532632
    efficiency: 0.594277
    discharge_ratio: 0.1
    depth_of_discharge: 0.4
  Li-ion:
    cost: 265.526
    lifetime: 15.6922
    annual_cost: 16.92089063356317
    efficiency: 0.950803
    discharge_ratio: 2
    depth_of_discharge: 0.9
  Pb-acid:
    cost: 159.294
    lifetime: 16.7515
    annual_cost: 9.509237978688477
    efficiency: 0.683273
    discharge_ratio: 5
    depth_of_discharge: 0.5
  VRBF:
    cost: 186.452
    lifetime: 13.8327
    annual_cost: 13.479074945599917
    efficiency: 0.76709
    discharge_ratio: 0.5
    depth_of_discharge: 1.0
