cost_values:
  wind_capex: 5000.0
  wind_opex: 100
  wind_lifetime: 20
  solar_capex: 1000.0
  solar_opex: 10
  solar_lifetime: 20
  carbon_price: 1.0
timeseries_values:
  load_level: 276076.88456654234
  wind_year: 2017
  solar_year: 2010
  price_year: 2023
  carbon_year: 2023
storage_values:
  CAES:
    cost: 64.1716
    lifetime: 29.5827
    annual_cost: 2.169227284865817
    efficiency: 0.599597
    discharge_ratio: 0.1
    depth_of_discharge: 0.4
  Li-ion:
    cost: 278.957
    lifetime: 16.6642
    annual_cost: 16.739897504830715
    efficiency: 0.947005
    discharge_ratio: 2
    depth_of_discharge: 0.9
  Pb-acid:
    cost: 171.158
    lifetime: 14.8283
    annual_cost: 11.542658295286714
    efficiency: 0.679062
    discharge_ratio: 5
    depth_of_discharge: 0.5
  VRBF:
    cost: 149.994
    lifetime: 11.8121
    annual_cost: 12.698334758425682
    efficiency: 0.765365
    discharge_ratio: 0.5
    depth_of_discharge: 1.0
