cost_values:
  wind_capex: 5000.0
  wind_opex: 100
  wind_lifetime: 20
  solar_capex: 1000.0
  solar_opex: 10
  solar_lifetime: 20
  carbon_price: 1.0
timeseries_values:
  load_level: 276076.88456654234
  wind_year: 2017
  solar_year: 2010
  price_year: 2023
  carbon_year: 2023
storage_values:
  CAES:
    cost: 59.0951
    lifetime: 27.8389
    annual_cost: 2.1227526949699884
    efficiency: 0.601662
    discharge_ratio: 0.1
    depth_of_discharge: 0.4
  Li-ion:
    cost: 257.231
    lifetime: 16.6826
    annual_cost: 15.419119321928235
    efficiency: 0.931621
    discharge_ratio: 2
    depth_of_discharge: 0.9
  Pb-acid:
    cost: 171.795
    lifetime: 15.316
    annual_cost: 11.21670148863933
    efficiency: 0.684885
    discharge_ratio: 5
    depth_of_discharge: 0.5
  VRBF:
    cost: 164.561
    lifetime: 11.0446
    annual_cost: 14.899679481375513
    efficiency: 0.777484
    discharge_ratio: 0.5
    depth_of_discharge: 1.0
