cost_values:
  wind_capex: 5000.0
  wind_opex: 100
  wind_lifetime: 20
  solar_capex: 1000.0
  solar_opex: 10
  solar_lifetime: 20
  carbon_price: 1.0
timeseries_values:
  load_level: 276076.88456654234
  wind_year: 2017
  solar_year: 2010
  price_year: 2023
  carbon_year: 2023
storage_values:
  CAES:
    cost: 55.2879
    lifetime: 28.0352
    annual_cost: 1.9720886599703231
    efficiency: 0.60581
    discharge_ratio: 0.1
    depth_of_discharge: 0.4
  Li-ion:
    cost: 268.967
    lifetime: 16.6237
    annual_cost: 16.179731347413632
    efficiency: 0.94088
    discharge_ratio: 2
    depth_of_discharge: 0.9
  Pb-acid:
    cost: 178.495
    lifetime: 15.2542
    annual_cost: 11.701367492231647
    efficiency: 0.673241
    discharge_ratio: 5
    depth_of_discharge: 0.5
  VRBF:
    cost: 183.64
    lifetime: 12.1563
    annual_cost: 15.10657025575216
    efficiency: 0.776655
    discharge_ratio: 0.5
    depth_of_discharge: 1.0
