cost_values:
  wind_capex: 5000.0
  wind_opex: 100
  wind_lifetime: 20
  solar_capex: 1000.0
  solar_opex: 10
  solar_lifetime: 20
  carbon_price: 1.0
timeseries_values:
  load_level: 276076.88456654234
  wind_year: 2017
  solar_year: 2010
  price_year: 2023
  carbon_year: 2023
storage_values:
  CAES:
    cost: 47.5712
    lifetime: 28.3886
    annual_cost: 1.6757148996428142
    efficiency: 0.603516
    discharge_ratio: 0.1
    depth_of_discharge: 0.4
  Li-ion:
    cost: 259.422
    lifetime: 14.3536
    annual_cost: 18.073653996210012
    efficiency: 0.941252
    discharge_ratio: 2
    depth_of_discharge: 0.9
  Pb-acid:
    cost: 164.579
    lifetime: 16.0078
    annual_cost: 10.281175426979349
    efficiency: 0.689298
    discharge_ratio: 5
    depth_of_discharge: 0.5
  VRBF:
    cost: 160.195
    lifetime: 12.2225
    annual_cost: 13.106565759869094
    efficiency: 0.771297
    discharge_ratio: 0.5
    depth_of_discharge: 1.0
