cost_values:
  wind_capex: 5000.0
  wind_opex: 100
  wind_lifetime: 20
  solar_capex: 1000.0
  solar_opex: 10
  solar_lifetime: 20
  carbon_price: 1.0
timeseries_values:
  load_level: 276076.88456654234
  wind_year: 2017
  solar_year: 2010
  price_year: 2023
  carbon_year: 2023
storage_values:
  CAES:
    cost: 62.0957
    lifetime: 29.2932
    annual_cost: 2.1197991342700697
    efficiency: 0.596823
    discharge_ratio: 0.1
    depth_of_discharge: 0.4
  Li-ion:
    cost: 263.474
    lifetime: 16.2506
    annual_cost: 16.213185974671706
    efficiency: 0.948794
    discharge_ratio: 2
    depth_of_discharge: 0.9
  Pb-acid:
    cost: 165.436
    lifetime: 13.9642
    annual_cost: 11.847152002979048
    efficiency: 0.682502
    discharge_ratio: 5
    depth_of_discharge: 0.5
  VRBF:
    cost: 168.553
    lifetime: 13.9436
    annual_cost: 12.088198169769644
    efficiency: 0.792198
    discharge_ratio: 0.5
    depth_of_discharge: 1.0
