cost_values:
  wind_capex: 5000.0
  wind_opex: 100
  wind_lifetime: 20
  solar_capex: 1000.0
  solar_opex: 10
  solar_lifetime: 20
  carbon_price: 1.0
timeseries_values:
  load_level: 276076.88456654234
  wind_year: 2017
  solar_year: 2010
  price_year: 2023
  carbon_year: 2023
storage_values:
  CAES:
    cost: 60.6079
    lifetime: 28.9463
    annual_cost: 2.0938047349747637
    efficiency: 0.615608
    discharge_ratio: 0.1
    depth_of_discharge: 0.4
  Li-ion:
    cost: 270.055
    lifetime: 16.4276
    annual_cost: 16.439102486060044
    efficiency: 0.946707
    discharge_ratio: 2
    depth_of_discharge: 0.9
  Pb-acid:
    cost: 160.972
    lifetime: 14.2961
    annual_cost: 11.259854086079422
    efficiency: 0.690694
    discharge_ratio: 5
    depth_of_discharge: 0.5
  VRBF:
    cost: 176.858
    lifetime: 14.4887
    annual_cost: 12.206616190548496
    efficiency: 0.776466
    discharge_ratio: 0.5
    depth_of_discharge: 1.0
