cost_values:
  wind_capex: 5000.0
  wind_opex: 100
  wind_lifetime: 20
  solar_capex: 1000.0
  solar_opex: 10
  solar_lifetime: 20
  carbon_price: 1.0
timeseries_values:
  load_level: 276076.88456654234
  wind_year: 2017
  solar_year: 2010
  price_year: 2023
  carbon_year: 2023
storage_values:
  CAES:
    cost: 51.361
    lifetime: 29.0587
    annual_cost: 1.7674913192950819
    efficiency: 0.59679
    discharge_ratio: 0.1
    depth_of_discharge: 0.4
  Li-ion:
    cost: 282.414
    lifetime: 14.8096
    annual_cost: 19.069657519446846
    efficiency: 0.930154
    discharge_ratio: 2
    depth_of_discharge: 0.9
  Pb-acid:
    cost: 169.863
    lifetime: 13.442
    annual_cost: 12.63673560482071
    efficiency: 0.698395
    discharge_ratio: 5
    depth_of_discharge: 0.5
  VRBF:
    cost: 200.762
    lifetime: 14.0822
    annual_cost: 14.256437204414082
    efficiency: 0.782784
    discharge_ratio: 0.5
    depth_of_discharge: 1.0
