cost_values:
  wind_capex: 5000.0
  wind_opex: 100
  wind_lifetime: 20
  solar_capex: 1000.0
  solar_opex: 10
  solar_lifetime: 20
  carbon_price: 1.0
timeseries_values:
  load_level: 276076.88456654234
  wind_year: 2017
  solar_year: 2010
  price_year: 2023
  carbon_year: 2023
storage_values:
  CAES:
    cost: 60.3876
    lifetime: 27.8926
    annual_cost: 2.165004338068161
    efficiency: 0.607735
    discharge_ratio: 0.1
    depth_of_discharge: 0.4
  Li-ion:
    cost: 253.843
    lifetime: 16.7565
    annual_cost: 15.148927281950288
    efficiency: 0.949556
    discharge_ratio: 2
    depth_of_discharge: 0.9
  Pb-acid:
    cost: 182.276
    lifetime: 16.5545
    annual_cost: 11.01066175360174
    efficiency: 0.681925
    discharge_ratio: 5
    depth_of_discharge: 0.5
  VRBF:
    cost: 125.291
    lifetime: 14.6451
    annual_cost: 8.55514813828516
    efficiency: 0.779656
    discharge_ratio: 0.5
    depth_of_discharge: 1.0
