cost_values:
  wind_capex: 5000.0
  wind_opex: 100
  wind_lifetime: 20
  solar_capex: 1000.0
  solar_opex: 10
  solar_lifetime: 20
  carbon_price: 1.0
timeseries_values:
  load_level: 276076.88456654234
  wind_year: 2017
  solar_year: 2010
  price_year: 2023
  carbon_year: 2023
storage_values:
  CAES:
    cost: 57.1108
    lifetime: 29.6844
    annual_cost: 1.9239331096468177
    efficiency: 0.593869
    discharge_ratio: 0.1
    depth_of_discharge: 0.4
  Li-ion:
    cost: 286.916
    lifetime: 16.4826
    annual_cost: 17.407205173941
    efficiency: 0.949006
    discharge_ratio: 2
    depth_of_discharge: 0.9
  Pb-acid:
    cost: 167.62
    lifetime: 14.483
    annual_cost: 11.57356901194504
    efficiency: 0.666106
    discharge_ratio: 5
    depth_of_discharge: 0.5
  VRBF:
    cost: 182.136
    lifetime: 13.4181
    annual_cost: 13.573903905918124
    efficiency: 0.781693
    discharge_ratio: 0.5
    depth_of_discharge: 1.0
