cost_values:
  wind_capex: 5000.0
  wind_opex: 100
  wind_lifetime: 20
  solar_capex: 1000.0
  solar_opex: 10
  solar_lifetime: 20
  carbon_price: 1.0
timeseries_values:
  load_level: 276076.88456654234
  wind_year: 2017
  solar_year: 2010
  price_year: 2023
  carbon_year: 2023
storage_values:
  CAES:
    cost: 52.5501
    lifetime: 28.5607
    annual_cost: 1.8399443991218702
    efficiency: 0.59946
    discharge_ratio: 0.1
    depth_of_discharge: 0.4
  Li-ion:
    cost: 274.199
    lifetime: 13.5671
    annual_cost: 20.21058295435281
    efficiency: 0.944565
    discharge_ratio: 2
    depth_of_discharge: 0.9
  Pb-acid:
    cost: 161.587
    lifetime: 14.5322
    annual_cost: 11.119238656225486
    efficiency: 0.69268
    discharge_ratio: 5
    depth_of_discharge: 0.5
  VRBF:
    cost: 184.56
    lifetime: 11.79
    annual_cost: 15.653944020356235
    efficiency: 0.777138
    discharge_ratio: 0.5
    depth_of_discharge: 1.0
