cost_values:
  wind_capex: 5000.0
  wind_opex: 100
  wind_lifetime: 20
  solar_capex: 1000.0
  solar_opex: 10
  solar_lifetime: 20
  carbon_price: 1.0
timeseries_values:
  load_level: 276076.88456654234
  wind_year: 2017
  solar_year: 2010
  price_year: 2023
  carbon_year: 2023
storage_values:
  CAES:
    cost: 56.3904
    lifetime: 28.899
    annual_cost: 1.951292432264092
    efficiency: 0.597843
    discharge_ratio: 0.1
    depth_of_discharge: 0.4
  Li-ion:
    cost: 271.56
    lifetime: 14.8238
    annual_cost: 18.319189411621853
    efficiency: 0.938447
    discharge_ratio: 2
    depth_of_discharge: 0.9
  Pb-acid:
    cost: 152.729
    lifetime: 14.4666
    annual_cost: 10.557352798860826
    efficiency: 0.692239
    discharge_ratio: 5
    depth_of_discharge: 0.5
  VRBF:
    cost: 170.74
    lifetime: 13.5991
    annual_cost: 12.555242626350275
    efficiency: 0.766176
    discharge_ratio: 0.5
    depth_of_discharge: 1.0
