cost_values:
  wind_capex: 5000.0
  wind_opex: 100
  wind_lifetime: 20
  solar_capex: 1000.0
  solar_opex: 10
  solar_lifetime: 20
  carbon_price: 1.0
timeseries_values:
  load_level: 276076.88456654234
  wind_year: 2017
  solar_year: 2010
  price_year: 2023
  carbon_year: 2023
storage_values:
  CAES:
    cost: 61.2086
    lifetime: 28.3567
    annual_cost: 2.158523382481036
    efficiency: 0.594407
    discharge_ratio: 0.1
    depth_of_discharge: 0.4
  Li-ion:
    cost: 286.821
    lifetime: 15.6408
    annual_cost: 18.338000613779347
    efficiency: 0.936321
    discharge_ratio: 2
    depth_of_discharge: 0.9
  Pb-acid:
    cost: 181.946
    lifetime: 14.7561
    annual_cost: 12.330222755335082
    efficiency: 0.696139
    discharge_ratio: 5
    depth_of_discharge: 0.5
  VRBF:
    cost: 174.45
    lifetime: 12.2049
    annual_cost: 14.293439520192708
    efficiency: 0.775357
    discharge_ratio: 0.5
    depth_of_discharge: 1.0
