cost_values:
  wind_capex: 5000.0
  wind_opex: 100
  wind_lifetime: 20
  solar_capex: 1000.0
  solar_opex: 10
  solar_lifetime: 20
  carbon_price: 1.0
timeseries_values:
  load_level: 276076.88456654234
  wind_year: 2017
  solar_year: 2010
  price_year: 2023
  carbon_year: 2023
storage_values:
  CAES:
    cost: 58.4697
    lifetime: 28.583
    annual_cost: 2.045611027533849
    efficiency: 0.594846
    discharge_ratio: 0.1
    depth_of_discharge: 0.4
  Li-ion:
    cost: 265.713
    lifetime: 14.9754
    annual_cost: 17.74329901037702
    efficiency: 0.945485
    discharge_ratio: 2
    depth_of_discharge: 0.9
  Pb-acid:
    cost: 184.708
    lifetime: 13.8592
    annual_cost: 13.327464788732394
    efficiency: 0.676332
    discharge_ratio: 5
    depth_of_discharge: 0.5
  VRBF:
    cost: 184.096
    lifetime: 13.9083
    annual_cost: 13.236412789485415
    efficiency: 0.771343
    discharge_ratio: 0.5
    depth_of_discharge: 1.0
