cost_values:
  wind_capex: 5000.0
  wind_opex: 100
  wind_lifetime: 20
  solar_capex: 1000.0
  solar_opex: 10
  solar_lifetime: 20
  carbon_price: 1.0
timeseries_values:
  load_level: 276076.88456654234
  wind_year: 2017
  solar_year: 2010
  price_year: 2023
  carbon_year: 2023
storage_values:
  CAES:
    cost: 56.0042
    lifetime: 29.944
    annual_cost: 1.8702978893935345
    efficiency: 0.590912
    discharge_ratio: 0.1
    depth_of_discharge: 0.4
  Li-ion:
    cost: 267.058
    lifetime: 15.7686
    annual_cost: 16.936062808365993
    efficiency: 0.937712
    discharge_ratio: 2
    depth_of_discharge: 0.9
  Pb-acid:
    cost: 161.763
    lifetime: 15.3462
    annual_cost: 10.54091566641905
    efficiency: 0.677385
    discharge_ratio: 5
    depth_of_discharge: 0.5
  VRBF:
    cost: 169.317
    lifetime: 11.579
    annual_cost: 14.622765351066587
    efficiency: 0.783341
    discharge_ratio: 0.5
    depth_of_discharge: 1.0
