cost_values:
  wind_capex: 5000.0
  wind_opex: 100
  wind_lifetime: 20
  solar_capex: 1000.0
  solar_opex: 10
  solar_lifetime: 20
  carbon_price: 1.0
timeseries_values:
  load_level: 276076.88456654234
  wind_year: 2017
  solar_year: 2010
  price_year: 2023
  carbon_year: 2023
storage_values:
  CAES:
    cost: 48.932
    lifetime: 27.8847
    annual_cost: 1.7547974337181322
    efficiency: 0.602002
    discharge_ratio: 0.1
    depth_of_discharge: 0.4
  Li-ion:
    cost: 269.206
    lifetime: 13.9838
    annual_cost: 19.25127647706632
    efficiency: 0.932995
    discharge_ratio: 2
    depth_of_discharge: 0.9
  Pb-acid:
    cost: 142.343
    lifetime: 15.9117
    annual_cost: 8.945807173337858
    efficiency: 0.7033
    discharge_ratio: 5
    depth_of_discharge: 0.5
  VRBF:
    cost: 166.604
    lifetime: 11.3021
    annual_cost: 14.740977340494247
    efficiency: 0.757879
    discharge_ratio: 0.5
    depth_of_discharge: 1.0
