cost_values:
  wind_capex: 5000.0
  wind_opex: 100
  wind_lifetime: 20
  solar_capex: 1000.0
  solar_opex: 10
  solar_lifetime: 20
  carbon_price: 1.0
timeseries_values:
  load_level: 276076.88456654234
  wind_year: 2017
  solar_year: 2010
  price_year: 2023
  carbon_year: 2023
storage_values:
  CAES:
    cost: 52.726
    lifetime: 29.2331
    annual_cost: 1.8036403939370098
    efficiency: 0.598231
    discharge_ratio: 0.1
    depth_of_discharge: 0.4
  Li-ion:
    cost: 259.355
    lifetime: 15.5841
    annual_cost: 16.642282839560835
    efficiency: 0.932268
    discharge_ratio: 2
    depth_of_discharge: 0.9
  Pb-acid:
    cost: 156.503
    lifetime: 13.6507
    annual_cost: 11.464833305251744
    efficiency: 0.70087
    discharge_ratio: 5
    depth_of_discharge: 0.5
  VRBF:
    cost: 183.017
    lifetime: 14.0827
    annual_cost: 12.995874370681758
    efficiency: 0.759451
    discharge_ratio: 0.5
    depth_of_discharge: 1.0
