cost_values:
  wind_capex: 5000.0
  wind_opex: 100
  wind_lifetime: 20
  solar_capex: 1000.0
  solar_opex: 10
  solar_lifetime: 20
  carbon_price: 1.0
timeseries_values:
  load_level: 276076.88456654234
  wind_year: 2017
  solar_year: 2010
  price_year: 2023
  carbon_year: 2023
storage_values:
  CAES:
    cost: 56.8698
    lifetime: 28.967
    annual_cost: 1.963261642558774
    efficiency: 0.607564
    discharge_ratio: 0.1
    depth_of_discharge: 0.4
  Li-ion:
    cost: 290.159
    lifetime: 17.0715
    annual_cost: 16.996690390416777
    efficiency: 0.943748
    discharge_ratio: 2
    depth_of_discharge: 0.9
  Pb-acid:
    cost: 182.804
    lifetime: 14.3582
    annual_cost: 12.731679458427937
    efficiency: 0.676415
    discharge_ratio: 5
    depth_of_discharge: 0.5
  VRBF:
    cost: 181.55
    lifetime: 12.8618
    annual_cost: 14.11544262855899
    efficiency: 0.766008
    discharge_ratio: 0.5
    depth_of_discharge: 1.0
