cost_values:
  wind_capex: 5000.0
  wind_opex: 100
  wind_lifetime: 20
  solar_capex: 1000.0
  solar_opex: 10
  solar_lifetime: 20
  carbon_price: 1.0
timeseries_values:
  load_level: 276076.88456654234
  wind_year: 2017
  solar_year: 2010
  price_year: 2023
  carbon_year: 2023
storage_values:
  CAES:
    cost: 57.1573
    lifetime: 29.6838
    annual_cost: 1.9255385092205175
    efficiency: 0.588843
    discharge_ratio: 0.1
    depth_of_discharge: 0.4
  Li-ion:
    cost: 262.406
    lifetime: 15.5303
    annual_cost: 16.896389638319928
    efficiency: 0.93984
    discharge_ratio: 2
    depth_of_discharge: 0.9
  Pb-acid:
    cost: 165.079
    lifetime: 15.1304
    annual_cost: 10.910418759583356
    efficiency: 0.691357
    discharge_ratio: 5
    depth_of_discharge: 0.5
  VRBF:
    cost: 162.982
    lifetime: 12.4813
    annual_cost: 13.05809490998534
    efficiency: 0.783045
    discharge_ratio: 0.5
    depth_of_discharge: 1.0
