cost_values:
  wind_capex: 5000.0
  wind_opex: 100
  wind_lifetime: 20
  solar_capex: 1000.0
  solar_opex: 10
  solar_lifetime: 20
  carbon_price: 1.0
timeseries_values:
  load_level: 276076.88456654234
  wind_year: 2017
  solar_year: 2010
  price_year: 2023
  carbon_year: 2023
storage_values:
  CAES:
    cost: 61.2139
    lifetime: 29.2956
    annual_cost: 2.0895253894782835
    efficiency: 0.607826
    discharge_ratio: 0.1
    depth_of_discharge: 0.4
  Li-ion:
    cost: 267.085
    lifetime: 15.9812
    annual_cost: 16.712449628313266
    efficiency: 0.938908
    discharge_ratio: 2
    depth_of_discharge: 0.9
  Pb-acid:
    cost: 191.21
    lifetime: 15.1586
    annual_cost: 12.613961711503702
    efficiency: 0.690054
    discharge_ratio: 5
    depth_of_discharge: 0.5
  VRBF:
    cost: 166.888
    lifetime: 13.2877
    annual_cost: 12.559585180279507
    efficiency: 0.771773
    discharge_ratio: 0.5
    depth_of_discharge: 1.0
