cost_values:
  wind_capex: 5000.0
  wind_opex: 100
  wind_lifetime: 20
  solar_capex: 1000.0
  solar_opex: 10
  solar_lifetime: 20
  carbon_price: 1.0
timeseries_values:
  load_level: 276076.88456654234
  wind_year: 2017
  solar_year: 2010
  price_year: 2023
  carbon_year: 2023
storage_values:
  CAES:
    cost: 57.6019
    lifetime: 28.5339
    annual_cost: 2.018718086206232
    efficiency: 0.607221
    discharge_ratio: 0.1
    depth_of_discharge: 0.4
  Li-ion:
    cost: 281.66
    lifetime: 14.0551
    annual_cost: 20.039700891491346
    efficiency: 0.9462
    discharge_ratio: 2
    depth_of_discharge: 0.9
  Pb-acid:
    cost: 154.092
    lifetime: 13.9863
    annual_cost: 11.017352695137385
    efficiency: 0.677571
    discharge_ratio: 5
    depth_of_discharge: 0.5
  VRBF:
    cost: 160.305
    lifetime: 13.7071
    annual_cost: 11.695033960502222
    efficiency: 0.786697
    discharge_ratio: 0.5
    depth_of_discharge: 1.0
