cost_values:
  wind_capex: 5000.0
  wind_opex: 100
  wind_lifetime: 20
  solar_capex: 1000.0
  solar_opex: 10
  solar_lifetime: 20
  carbon_price: 1.0
timeseries_values:
  load_level: 276076.88456654234
  wind_year: 2017
  solar_year: 2010
  price_year: 2023
  carbon_year: 2023
storage_values:
  CAES:
    cost: 48.2766
    lifetime: 29.5287
    annual_cost: 1.6349043472960205
    efficiency: 0.596473
    discharge_ratio: 0.1
    depth_of_discharge: 0.4
  Li-ion:
    cost: 263.828
    lifetime: 14.6018
    annual_cost: 18.06818337465244
    efficiency: 0.93567
    discharge_ratio: 2
    depth_of_discharge: 0.9
  Pb-acid:
    cost: 167.798
    lifetime: 14.1961
    annual_cost: 11.82000690330443
    efficiency: 0.687527
    discharge_ratio: 5
    depth_of_discharge: 0.5
  VRBF:
    cost: 169.845
    lifetime: 12.5476
    annual_cost: 13.536054703688356
    efficiency: 0.785838
    discharge_ratio: 0.5
    depth_of_discharge: 1.0
