cost_values:
  wind_capex: 5000.0
  wind_opex: 100
  wind_lifetime: 20
  solar_capex: 1000.0
  solar_opex: 10
  solar_lifetime: 20
  carbon_price: 1.0
timeseries_values:
  load_level: 276076.88456654234
  wind_year: 2017
  solar_year: 2010
  price_year: 2023
  carbon_year: 2023
storage_values:
  CAES:
    cost: 61.8902
    lifetime: 29.2879
    annual_cost: 2.113166188084499
    efficiency: 0.594426
    discharge_ratio: 0.1
    depth_of_discharge: 0.4
  Li-ion:
    cost: 274.37
    lifetime: 16.3358
    annual_cost: 16.795626782894015
    efficiency: 0.944996
    discharge_ratio: 2
    depth_of_discharge: 0.9
  Pb-acid:
    cost: 139.771
    lifetime: 13.799
    annual_cost: 10.12906732371911
    efficiency: 0.672601
    discharge_ratio: 5
    depth_of_discharge: 0.5
  VRBF:
    cost: 202.522
    lifetime: 13.4516
    annual_cost: 15.055606767968124
    efficiency: 0.786253
    discharge_ratio: 0.5
    depth_of_discharge: 1.0
