cost_values:
  wind_capex: 5000.0
  wind_opex: 100
  wind_lifetime: 20
  solar_capex: 1000.0
  solar_opex: 10
  solar_lifetime: 20
  carbon_price: 1.0
timeseries_values:
  load_level: 276076.88456654234
  wind_year: 2017
  solar_year: 2010
  price_year: 2023
  carbon_year: 2023
storage_values:
  CAES:
    cost: 62.5367
    lifetime: 28.7662
    annual_cost: 2.1739645834347257
    efficiency: 0.618123
    discharge_ratio: 0.1
    depth_of_discharge: 0.4
  Li-ion:
    cost: 254.635
    lifetime: 15.8602
    annual_cost: 16.054967780986367
    efficiency: 0.951298
    discharge_ratio: 2
    depth_of_discharge: 0.9
  Pb-acid:
    cost: 143.785
    lifetime: 14.9199
    annual_cost: 9.637128935180531
    efficiency: 0.700206
    discharge_ratio: 5
    depth_of_discharge: 0.5
  VRBF:
    cost: 189.294
    lifetime: 12.0416
    annual_cost: 15.720003986181238
    efficiency: 0.764457
    discharge_ratio: 0.5
    depth_of_discharge: 1.0
