cost_values:
  wind_capex: 5000.0
  wind_opex: 100
  wind_lifetime: 20
  solar_capex: 1000.0
  solar_opex: 10
  solar_lifetime: 20
  carbon_price: 1.0
timeseries_values:
  load_level: 276076.88456654234
  wind_year: 2017
  solar_year: 2010
  price_year: 2023
  carbon_year: 2023
storage_values:
  CAES:
    cost: 58.3953
    lifetime: 29.3605
    annual_cost: 1.9889068646651114
    efficiency: 0.597234
    discharge_ratio: 0.1
    depth_of_discharge: 0.4
  Li-ion:
    cost: 287.164
    lifetime: 17.3203
    annual_cost: 16.579620445373347
    efficiency: 0.94096
    discharge_ratio: 2
    depth_of_discharge: 0.9
  Pb-acid:
    cost: 161.302
    lifetime: 16.0062
    annual_cost: 10.0774699803826
    efficiency: 0.696261
    discharge_ratio: 5
    depth_of_discharge: 0.5
  VRBF:
    cost: 162.583
    lifetime: 14.5705
    annual_cost: 11.158367935211558
    efficiency: 0.774637
    discharge_ratio: 0.5
    depth_of_discharge: 1.0
