cost_values:
  wind_capex: 5000.0
  wind_opex: 100
  wind_lifetime: 20
  solar_capex: 1000.0
  solar_opex: 10
  solar_lifetime: 20
  carbon_price: 1.0
timeseries_values:
  load_level: 276076.88456654234
  wind_year: 2017
  solar_year: 2010
  price_year: 2023
  carbon_year: 2023
storage_values:
  CAES:
    cost: 55.686
    lifetime: 28.4171
    annual_cost: 1.9595947510477845
    efficiency: 0.616
    discharge_ratio: 0.1
    depth_of_discharge: 0.4
  Li-ion:
    cost: 263.207
    lifetime: 14.7088
    annual_cost: 17.894525726095942
    efficiency: 0.942778
    discharge_ratio: 2
    depth_of_discharge: 0.9
  Pb-acid:
    cost: 162.071
    lifetime: 15.1843
    annual_cost: 10.673590484908754
    efficiency: 0.687418
    discharge_ratio: 5
    depth_of_discharge: 0.5
  VRBF:
    cost: 184.752
    lifetime: 12.7018
    annual_cost: 14.545340030546852
    efficiency: 0.765956
    discharge_ratio: 0.5
    depth_of_discharge: 1.0
