cost_values:
  wind_capex: 5000.0
  wind_opex: 100
  wind_lifetime: 20
  solar_capex: 1000.0
  solar_opex: 10
  solar_lifetime: 20
  carbon_price: 1.0
timeseries_values:
  load_level: 276076.88456654234
  wind_year: 2017
  solar_year: 2010
  price_year: 2023
  carbon_year: 2023
storage_values:
  CAES:
    cost: 57.9634
    lifetime: 29.999
    annual_cost: 1.9321777392579753
    efficiency: 0.602052
    discharge_ratio: 0.1
    depth_of_discharge: 0.4
  Li-ion:
    cost: 269.495
    lifetime: 17.6075
    annual_cost: 15.305693596478772
    efficiency: 0.933315
    discharge_ratio: 2
    depth_of_discharge: 0.9
  Pb-acid:
    cost: 164.889
    lifetime: 14.1438
    annual_cost: 11.658040979086243
    efficiency: 0.681696
    discharge_ratio: 5
    depth_of_discharge: 0.5
  VRBF:
    cost: 165.145
    lifetime: 15.2756
    annual_cost: 10.811031972557544
    efficiency: 0.767657
    discharge_ratio: 0.5
    depth_of_discharge: 1.0
