cost_values:
  wind_capex: 5000.0
  wind_opex: 100
  wind_lifetime: 20
  solar_capex: 1000.0
  solar_opex: 10
  solar_lifetime: 20
  carbon_price: 1.0
timeseries_values:
  load_level: 276076.88456654234
  wind_year: 2017
  solar_year: 2010
  price_year: 2023
  carbon_year: 2023
storage_values:
  CAES:
    cost: 53.4996
    lifetime: 29.2014
    annual_cost: 1.8320902422486594
    efficiency: 0.607403
    discharge_ratio: 0.1
    depth_of_discharge: 0.4
  Li-ion:
    cost: 256.31
    lifetime: 18.3341
    annual_cost: 13.97996083800132
    efficiency: 0.947822
    discharge_ratio: 2
    depth_of_discharge: 0.9
  Pb-acid:
    cost: 167.691
    lifetime: 12.517
    annual_cost: 13.397059998402174
    efficiency: 0.683897
    discharge_ratio: 5
    depth_of_discharge: 0.5
  VRBF:
    cost: 242.872
    lifetime: 13.9149
    annual_cost: 17.45409596906913
    efficiency: 0.785757
    discharge_ratio: 0.5
    depth_of_discharge: 1.0
