cost_values:
  wind_capex: 5000.0
  wind_opex: 100
  wind_lifetime: 20
  solar_capex: 1000.0
  solar_opex: 10
  solar_lifetime: 20
  carbon_price: 1.0
timeseries_values:
  load_level: 276076.88456654234
  wind_year: 2017
  solar_year: 2010
  price_year: 2023
  carbon_year: 2023
storage_values:
  CAES:
    cost: 55.6603
    lifetime: 28.605
    annual_cost: 1.9458241566159762
    efficiency: 0.60616
    discharge_ratio: 0.1
    depth_of_discharge: 0.4
  Li-ion:
    cost: 281.307
    lifetime: 16.1495
    annual_cost: 17.418929378618536
    efficiency: 0.948482
    discharge_ratio: 2
    depth_of_discharge: 0.9
  Pb-acid:
    cost: 146.535
    lifetime: 14.9984
    annual_cost: 9.770042137828035
    efficiency: 0.693363
    discharge_ratio: 5
    depth_of_discharge: 0.5
  VRBF:
    cost: 194.296
    lifetime: 13.3714
    annual_cost: 14.530714809219678
    efficiency: 0.78042
    discharge_ratio: 0.5
    depth_of_discharge: 1.0
