cost_values:
  wind_capex: 5000.0
  wind_opex: 100
  wind_lifetime: 20
  solar_capex: 1000.0
  solar_opex: 10
  solar_lifetime: 20
  carbon_price: 1.0
timeseries_values:
  load_level: 276076.88456654234
  wind_year: 2017
  solar_year: 2010
  price_year: 2023
  carbon_year: 2023
storage_values:
  CAES:
    cost: 54.6509
    lifetime: 28.7696
    annual_cost: 1.899605833935821
    efficiency: 0.609152
    discharge_ratio: 0.1
    depth_of_discharge: 0.4
  Li-ion:
    cost: 285.668
    lifetime: 14.3337
    annual_cost: 19.929815748899447
    efficiency: 0.940784
    discharge_ratio: 2
    depth_of_discharge: 0.9
  Pb-acid:
    cost: 169.331
    lifetime: 15.3319
    annual_cost: 11.044358494380996
    efficiency: 0.679554
    discharge_ratio: 5
    depth_of_discharge: 0.5
  VRBF:
    cost: 156.904
    lifetime: 12.4969
    annual_cost: 12.555433747569397
    efficiency: 0.765701
    discharge_ratio: 0.5
    depth_of_discharge: 1.0
