cost_values:
  wind_capex: 5000.0
  wind_opex: 100
  wind_lifetime: 20
  solar_capex: 1000.0
  solar_opex: 10
  solar_lifetime: 20
  carbon_price: 1.0
timeseries_values:
  load_level: 276076.88456654234
  wind_year: 2017
  solar_year: 2010
  price_year: 2023
  carbon_year: 2023
storage_values:
  CAES:
    cost: 60.0043
    lifetime: 28.122
    annual_cost: 2.1337138183628475
    efficiency: 0.600101
    discharge_ratio: 0.1
    depth_of_discharge: 0.4
  Li-ion:
    cost: 253.317
    lifetime: 15.6641
    annual_cost: 16.171819638536526
    efficiency: 0.944529
    discharge_ratio: 2
    depth_of_discharge: 0.9
  Pb-acid:
    cost: 173.429
    lifetime: 14.7246
    annual_cost: 11.778180731564865
    efficiency: 0.684359
    discharge_ratio: 5
    depth_of_discharge: 0.5
  VRBF:
    cost: 169.19
    lifetime: 11.2992
    annual_cost: 14.973626451430189
    efficiency: 0.761691
    discharge_ratio: 0.5
    depth_of_discharge: 1.0
