cost_values:
  wind_capex: 5000.0
  wind_opex: 100
  wind_lifetime: 20
  solar_capex: 1000.0
  solar_opex: 10
  solar_lifetime: 20
  carbon_price: 1.0
timeseries_values:
  load_level: 276076.88456654234
  wind_year: 2017
  solar_year: 2010
  price_year: 2023
  carbon_year: 2023
storage_values:
  CAES:
    cost: 60.4736
    lifetime: 29.4029
    annual_cost: 2.0567222961000446
    efficiency: 0.598023
    discharge_ratio: 0.1
    depth_of_discharge: 0.4
  Li-ion:
    cost: 272.904
    lifetime: 15.7854
    annual_cost: 17.288380402143755
    efficiency: 0.932463
    discharge_ratio: 2
    depth_of_discharge: 0.9
  Pb-acid:
    cost: 165.827
    lifetime: 16.8454
    annual_cost: 9.844052382252722
    efficiency: 0.697298
    discharge_ratio: 5
    depth_of_discharge: 0.5
  VRBF:
    cost: 143.616
    lifetime: 12.8099
    annual_cost: 11.211328737929259
    efficiency: 0.785993
    discharge_ratio: 0.5
    depth_of_discharge: 1.0
