cost_values:
  wind_capex: 5000.0
  wind_opex: 100
  wind_lifetime: 20
  solar_capex: 1000.0
  solar_opex: 10
  solar_lifetime: 20
  carbon_price: 1.0
timeseries_values:
  load_level: 276076.88456654234
  wind_year: 2017
  solar_year: 2010
  price_year: 2023
  carbon_year: 2023
storage_values:
  CAES:
    cost: 59.9244
    lifetime: 29.7819
    annual_cost: 2.0121080253442525
    efficiency: 0.59467
    discharge_ratio: 0.1
    depth_of_discharge: 0.4
  Li-ion:
    cost: 258.817
    lifetime: 15.2003
    annual_cost: 17.02709814937863
    efficiency: 0.943532
    discharge_ratio: 2
    depth_of_discharge: 0.9
  Pb-acid:
    cost: 189.857
    lifetime: 14.8618
    annual_cost: 12.774832119931636
    efficiency: 0.676074
    discharge_ratio: 5
    depth_of_discharge: 0.5
  VRBF:
    cost: 188.7
    lifetime: 13.6029
    annual_cost: 13.872041991046027
    efficiency: 0.79071
    discharge_ratio: 0.5
    depth_of_discharge: 1.0
