cost_values:
  wind_capex: 5000.0
  wind_opex: 100
  wind_lifetime: 20
  solar_capex: 1000.0
  solar_opex: 10
  solar_lifetime: 20
  carbon_price: 1.0
timeseries_values:
  load_level: 276076.88456654234
  wind_year: 2017
  solar_year: 2010
  price_year: 2023
  carbon_year: 2023
storage_values:
  CAES:
    cost: 51.5485
    lifetime: 27.7359
    annual_cost: 1.8585479468847232
    efficiency: 0.606254
    discharge_ratio: 0.1
    depth_of_discharge: 0.4
  Li-ion:
    cost: 281.853
    lifetime: 17.1752
    annual_cost: 16.410463924728678
    efficiency: 0.947723
    discharge_ratio: 2
    depth_of_discharge: 0.9
  Pb-acid:
    cost: 163.182
    lifetime: 15.6533
    annual_cost: 10.42476666262066
    efficiency: 0.687954
    discharge_ratio: 5
    depth_of_discharge: 0.5
  VRBF:
    cost: 155.961
    lifetime: 15.4352
    annual_cost: 10.104242251477144
    efficiency: 0.790984
    discharge_ratio: 0.5
    depth_of_discharge: 1.0
