cost_values:
  wind_capex: 5000.0
  wind_opex: 100
  wind_lifetime: 20
  solar_capex: 1000.0
  solar_opex: 10
  solar_lifetime: 20
  carbon_price: 1.0
timeseries_values:
  load_level: 276076.88456654234
  wind_year: 2017
  solar_year: 2010
  price_year: 2023
  carbon_year: 2023
storage_values:
  CAES:
    cost: 53.213
    lifetime: 28.6275
    annual_cost: 1.8588070910837482
    efficiency: 0.59974
    discharge_ratio: 0.1
    depth_of_discharge: 0.4
  Li-ion:
    cost: 260.685
    lifetime: 15.7574
    annual_cost: 16.543655679236423
    efficiency: 0.953911
    discharge_ratio: 2
    depth_of_discharge: 0.9
  Pb-acid:
    cost: 145.228
    lifetime: 15.368
    annual_cost: 9.45002602811036
    efficiency: 0.677081
    discharge_ratio: 5
    depth_of_discharge: 0.5
  VRBF:
    cost: 173.831
    lifetime: 14.3081
    annual_cost: 12.149132309670746
    efficiency: 0.782948
    discharge_ratio: 0.5
    depth_of_discharge: 1.0
