cost_values:
  wind_capex: 5000.0
  wind_opex: 100
  wind_lifetime: 20
  solar_capex: 1000.0
  solar_opex: 10
  solar_lifetime: 20
  carbon_price: 1.0
timeseries_values:
  load_level: 276076.88456654234
  wind_year: 2017
  solar_year: 2010
  price_year: 2023
  carbon_year: 2023
storage_values:
  CAES:
    cost: 52.7544
    lifetime: 28.8513
    annual_cost: 1.8284929968493622
    efficiency: 0.598343
    discharge_ratio: 0.1
    depth_of_discharge: 0.4
  Li-ion:
    cost: 286.751
    lifetime: 17.4915
    annual_cost: 16.393734099419717
    efficiency: 0.948552
    discharge_ratio: 2
    depth_of_discharge: 0.9
  Pb-acid:
    cost: 154.923
    lifetime: 14.5595
    annual_cost: 10.640681342079056
    efficiency: 0.677738
    discharge_ratio: 5
    depth_of_discharge: 0.5
  VRBF:
    cost: 171.958
    lifetime: 13.7178
    annual_cost: 12.53539197247372
    efficiency: 0.762326
    discharge_ratio: 0.5
    depth_of_discharge: 1.0
