cost_values:
  wind_capex: 5000.0
  wind_opex: 100
  wind_lifetime: 20
  solar_capex: 1000.0
  solar_opex: 10
  solar_lifetime: 20
  carbon_price: 1.0
timeseries_values:
  load_level: 276076.88456654234
  wind_year: 2017
  solar_year: 2010
  price_year: 2023
  carbon_year: 2023
storage_values:
  CAES:
    cost: 55.6201
    lifetime: 29.2982
    annual_cost: 1.898413554416312
    efficiency: 0.60291
    discharge_ratio: 0.1
    depth_of_discharge: 0.4
  Li-ion:
    cost: 255.427
    lifetime: 15.6901
    annual_cost: 16.27950108667249
    efficiency: 0.933323
    discharge_ratio: 2
    depth_of_discharge: 0.9
  Pb-acid:
    cost: 150.947
    lifetime: 15.3911
    annual_cost: 9.807421171976012
    efficiency: 0.697709
    discharge_ratio: 5
    depth_of_discharge: 0.5
  VRBF:
    cost: 204.43
    lifetime: 11.8765
    annual_cost: 17.21298362312129
    efficiency: 0.766673
    discharge_ratio: 0.5
    depth_of_discharge: 1.0
