cost_values:
  wind_capex: 5000.0
  wind_opex: 100
  wind_lifetime: 20
  solar_capex: 1000.0
  solar_opex: 10
  solar_lifetime: 20
  carbon_price: 1.0
timeseries_values:
  load_level: 276076.88456654234
  wind_year: 2017
  solar_year: 2010
  price_year: 2023
  carbon_year: 2023
storage_values:
  CAES:
    cost: 55.6608
    lifetime: 28.1749
    annual_cost: 1.9755456097448438
    efficiency: 0.599622
    discharge_ratio: 0.1
    depth_of_discharge: 0.4
  Li-ion:
    cost: 257.269
    lifetime: 15.5645
    annual_cost: 16.52921712872241
    efficiency: 0.943549
    discharge_ratio: 2
    depth_of_discharge: 0.9
  Pb-acid:
    cost: 159.375
    lifetime: 14.7421
    annual_cost: 10.810874977106382
    efficiency: 0.686324
    discharge_ratio: 5
    depth_of_discharge: 0.5
  VRBF:
    cost: 177.53
    lifetime: 14.1475
    annual_cost: 12.548506803322141
    efficiency: 0.763746
    discharge_ratio: 0.5
    depth_of_discharge: 1.0
