cost_values:
  wind_capex: 5000.0
  wind_opex: 100
  wind_lifetime: 20
  solar_capex: 1000.0
  solar_opex: 10
  solar_lifetime: 20
  carbon_price: 1.0
timeseries_values:
  load_level: 276076.88456654234
  wind_year: 2017
  solar_year: 2010
  price_year: 2023
  carbon_year: 2023
storage_values:
  CAES:
    cost: 54.2589
    lifetime: 29.1806
    annual_cost: 1.8594168728538825
    efficiency: 0.597728
    discharge_ratio: 0.1
    depth_of_discharge: 0.4
  Li-ion:
    cost: 293.048
    lifetime: 17.09
    annual_cost: 17.14733762434172
    efficiency: 0.925458
    discharge_ratio: 2
    depth_of_discharge: 0.9
  Pb-acid:
    cost: 139.802
    lifetime: 14.0277
    annual_cost: 9.966138426114046
    efficiency: 0.66914
    discharge_ratio: 5
    depth_of_discharge: 0.5
  VRBF:
    cost: 155.514
    lifetime: 11.9845
    annual_cost: 12.976261003796571
    efficiency: 0.766323
    discharge_ratio: 0.5
    depth_of_discharge: 1.0
