cost_values:
  wind_capex: 5000.0
  wind_opex: 100
  wind_lifetime: 20
  solar_capex: 1000.0
  solar_opex: 10
  solar_lifetime: 20
  carbon_price: 1.0
timeseries_values:
  load_level: 276076.88456654234
  wind_year: 2017
  solar_year: 2010
  price_year: 2023
  carbon_year: 2023
storage_values:
  CAES:
    cost: 56.7044
    lifetime: 28.8234
    annual_cost: 1.967304342999091
    efficiency: 0.610655
    discharge_ratio: 0.1
    depth_of_discharge: 0.4
  Li-ion:
    cost: 269.325
    lifetime: 14.1678
    annual_cost: 19.009655698132384
    efficiency: 0.952132
    discharge_ratio: 2
    depth_of_discharge: 0.9
  Pb-acid:
    cost: 145.435
    lifetime: 14.4291
    annual_cost: 10.07928422424129
    efficiency: 0.700124
    discharge_ratio: 5
    depth_of_discharge: 0.5
  VRBF:
    cost: 182.838
    lifetime: 13.3787
    annual_cost: 13.666350243297181
    efficiency: 0.774836
    discharge_ratio: 0.5
    depth_of_discharge: 1.0
