cost_values:
  wind_capex: 5000.0
  wind_opex: 100
  wind_lifetime: 20
  solar_capex: 1000.0
  solar_opex: 10
  solar_lifetime: 20
  carbon_price: 1.0
timeseries_values:
  load_level: 276076.88456654234
  wind_year: 2017
  solar_year: 2010
  price_year: 2023
  carbon_year: 2023
storage_values:
  CAES:
    cost: 58.8123
    lifetime: 28.2125
    annual_cost: 2.0846185201595038
    efficiency: 0.598147
    discharge_ratio: 0.1
    depth_of_discharge: 0.4
  Li-ion:
    cost: 275.791
    lifetime: 15.9317
    annual_cost: 17.310833118876204
    efficiency: 0.953951
    discharge_ratio: 2
    depth_of_discharge: 0.9
  Pb-acid:
    cost: 169.534
    lifetime: 15.9467
    annual_cost: 10.63129048643293
    efficiency: 0.701717
    discharge_ratio: 5
    depth_of_discharge: 0.5
  VRBF:
    cost: 184.411
    lifetime: 12.7917
    annual_cost: 14.416457546690431
    efficiency: 0.780108
    discharge_ratio: 0.5
    depth_of_discharge: 1.0
