cost_values:
  wind_capex: 5000.0
  wind_opex: 100
  wind_lifetime: 20
  solar_capex: 1000.0
  solar_opex: 10
  solar_lifetime: 20
  carbon_price: 1.0
timeseries_values:
  load_level: 276076.88456654234
  wind_year: 2017
  solar_year: 2010
  price_year: 2023
  carbon_year: 2023
storage_values:
  CAES:
    cost: 61.9403
    lifetime: 28.2397
    annual_cost: 2.19337670017741
    efficiency: 0.603691
    discharge_ratio: 0.1
    depth_of_discharge: 0.4
  Li-ion:
    cost: 259.363
    lifetime: 17.1283
    annual_cost: 15.142366726411845
    efficiency: 0.939985
    discharge_ratio: 2
    depth_of_discharge: 0.9
  Pb-acid:
    cost: 145.048
    lifetime: 15.2961
    annual_cost: 9.482678591274901
    efficiency: 0.679712
    discharge_ratio: 5
    depth_of_discharge: 0.5
  VRBF:
    cost: 195.67
    lifetime: 12.474
    annual_cost: 15.686227352894019
    efficiency: 0.780706
    discharge_ratio: 0.5
    depth_of_discharge: 1.0
