cost_values:
  wind_capex: 5000.0
  wind_opex: 100
  wind_lifetime: 20
  solar_capex: 1000.0
  solar_opex: 10
  solar_lifetime: 20
  carbon_price: 1.0
timeseries_values:
  load_level: 276076.88456654234
  wind_year: 2017
  solar_year: 2010
  price_year: 2023
  carbon_year: 2023
storage_values:
  CAES:
    cost: 46.4661
    lifetime: 28.3098
    annual_cost: 1.6413432804187948
    efficiency: 0.587138
    discharge_ratio: 0.1
    depth_of_discharge: 0.4
  Li-ion:
    cost: 269.339
    lifetime: 13.8003
    annual_cost: 19.516894560263182
    efficiency: 0.959948
    discharge_ratio: 2
    depth_of_discharge: 0.9
  Pb-acid:
    cost: 160.495
    lifetime: 14.4494
    annual_cost: 11.107381621382203
    efficiency: 0.67464
    discharge_ratio: 5
    depth_of_discharge: 0.5
  VRBF:
    cost: 156.357
    lifetime: 12.2541
    annual_cost: 12.759566186011213
    efficiency: 0.761838
    discharge_ratio: 0.5
    depth_of_discharge: 1.0
