cost_values:
  wind_capex: 5000.0
  wind_opex: 100
  wind_lifetime: 20
  solar_capex: 1000.0
  solar_opex: 10
  solar_lifetime: 20
  carbon_price: 1.0
timeseries_values:
  load_level: 276076.88456654234
  wind_year: 2017
  solar_year: 2010
  price_year: 2023
  carbon_year: 2023
storage_values:
  CAES:
    cost: 58.9979
    lifetime: 27.8621
    annual_cost: 2.1174965275409963
    efficiency: 0.596095
    discharge_ratio: 0.1
    depth_of_discharge: 0.4
  Li-ion:
    cost: 264.762
    lifetime: 14.2198
    annual_cost: 18.619249215882082
    efficiency: 0.942806
    discharge_ratio: 2
    depth_of_discharge: 0.9
  Pb-acid:
    cost: 170.808
    lifetime: 13.2049
    annual_cost: 12.935198297601646
    efficiency: 0.679132
    discharge_ratio: 5
    depth_of_discharge: 0.5
  VRBF:
    cost: 191.115
    lifetime: 13.3464
    annual_cost: 14.319591800035967
    efficiency: 0.763333
    discharge_ratio: 0.5
    depth_of_discharge: 1.0
