cost_values:
  wind_capex: 5000.0
  wind_opex: 100
  wind_lifetime: 20
  solar_capex: 1000.0
  solar_opex: 10
  solar_lifetime: 20
  carbon_price: 1.0
timeseries_values:
  load_level: 276076.88456654234
  wind_year: 2017
  solar_year: 2010
  price_year: 2023
  carbon_year: 2023
storage_values:
  CAES:
    cost: 55.7251
    lifetime: 29.011
    annual_cost: 1.9208265830202336
    efficiency: 0.608711
    discharge_ratio: 0.1
    depth_of_discharge: 0.4
  Li-ion:
    cost: 253.648
    lifetime: 15.9895
    annual_cost: 15.863410363050752
    efficiency: 0.936423
    discharge_ratio: 2
    depth_of_discharge: 0.9
  Pb-acid:
    cost: 149.314
    lifetime: 15.0924
    annual_cost: 9.893323792107285
    efficiency: 0.690463
    discharge_ratio: 5
    depth_of_discharge: 0.5
  VRBF:
    cost: 197.788
    lifetime: 13.5265
    annual_cost: 14.622260008132185
    efficiency: 0.780113
    discharge_ratio: 0.5
    depth_of_discharge: 1.0
