cost_values:
  wind_capex: 5000.0
  wind_opex: 100
  wind_lifetime: 20
  solar_capex: 1000.0
  solar_opex: 10
  solar_lifetime: 20
  carbon_price: 1.0
timeseries_values:
  load_level: 276076.88456654234
  wind_year: 2017
  solar_year: 2010
  price_year: 2023
  carbon_year: 2023
storage_values:
  CAES:
    cost: 59.2448
    lifetime: 28.5846
    annual_cost: 2.0726125256256864
    efficiency: 0.597391
    discharge_ratio: 0.1
    depth_of_discharge: 0.4
  Li-ion:
    cost: 286.505
    lifetime: 16.8136
    annual_cost: 17.04007470143217
    efficiency: 0.948829
    discharge_ratio: 2
    depth_of_discharge: 0.9
  Pb-acid:
    cost: 175.659
    lifetime: 14.5839
    annual_cost: 12.044720548001562
    efficiency: 0.65486
    discharge_ratio: 5
    depth_of_discharge: 0.5
  VRBF:
    cost: 155.404
    lifetime: 12.8244
    annual_cost: 12.117837871557343
    efficiency: 0.780534
    discharge_ratio: 0.5
    depth_of_discharge: 1.0
