cost_values:
  wind_capex: 5000.0
  wind_opex: 100
  wind_lifetime: 20
  solar_capex: 1000.0
  solar_opex: 10
  solar_lifetime: 20
  carbon_price: 1.0
timeseries_values:
  load_level: 276076.88456654234
  wind_year: 2017
  solar_year: 2010
  price_year: 2023
  carbon_year: 2023
storage_values:
  CAES:
    cost: 50.7753
    lifetime: 29.3453
    annual_cost: 1.7302702647442691
    efficiency: 0.598481
    discharge_ratio: 0.1
    depth_of_discharge: 0.4
  Li-ion:
    cost: 259.164
    lifetime: 18.1405
    annual_cost: 14.28648603952482
    efficiency: 0.944968
    discharge_ratio: 2
    depth_of_discharge: 0.9
  Pb-acid:
    cost: 168.786
    lifetime: 13.8965
    annual_cost: 12.145936027057173
    efficiency: 0.679286
    discharge_ratio: 5
    depth_of_discharge: 0.5
  VRBF:
    cost: 188.554
    lifetime: 11.9221
    annual_cost: 15.815502302446717
    efficiency: 0.779374
    discharge_ratio: 0.5
    depth_of_discharge: 1.0
