cost_values:
  wind_capex: 5000.0
  wind_opex: 100
  wind_lifetime: 20
  solar_capex: 1000.0
  solar_opex: 10
  solar_lifetime: 20
  carbon_price: 1.0
timeseries_values:
  load_level: 276076.88456654234
  wind_year: 2017
  solar_year: 2010
  price_year: 2023
  carbon_year: 2023
storage_values:
  CAES:
    cost: 58.7305
    lifetime: 29.5372
    annual_cost: 1.9883570548325502
    efficiency: 0.611379
    discharge_ratio: 0.1
    depth_of_discharge: 0.4
  Li-ion:
    cost: 285.433
    lifetime: 15.1042
    annual_cost: 18.89759139841898
    efficiency: 0.940793
    discharge_ratio: 2
    depth_of_discharge: 0.9
  Pb-acid:
    cost: 156.163
    lifetime: 15.4449
    annual_cost: 10.110975143898633
    efficiency: 0.680305
    discharge_ratio: 5
    depth_of_discharge: 0.5
  VRBF:
    cost: 160.744
    lifetime: 12.6892
    annual_cost: 12.66778047473442
    efficiency: 0.780769
    discharge_ratio: 0.5
    depth_of_discharge: 1.0
