cost_values:
  wind_capex: 5000.0
  wind_opex: 100
  wind_lifetime: 20
  solar_capex: 1000.0
  solar_opex: 10
  solar_lifetime: 20
  carbon_price: 1.0
timeseries_values:
  load_level: 276076.88456654234
  wind_year: 2017
  solar_year: 2010
  price_year: 2023
  carbon_year: 2023
storage_values:
  CAES:
    cost: 58.0532
    lifetime: 27.4042
    annual_cost: 2.1184052079608233
    efficiency: 0.602093
    discharge_ratio: 0.1
    depth_of_discharge: 0.4
  Li-ion:
    cost: 270.533
    lifetime: 15.0464
    annual_cost: 17.979915461505744
    efficiency: 0.947735
    discharge_ratio: 2
    depth_of_discharge: 0.9
  Pb-acid:
    cost: 177.047
    lifetime: 14.8638
    annual_cost: 11.911287826800685
    efficiency: 0.678253
    discharge_ratio: 5
    depth_of_discharge: 0.5
  VRBF:
    cost: 164.472
    lifetime: 13.849
    annual_cost: 11.876092136616363
    efficiency: 0.729022
    discharge_ratio: 0.5
    depth_of_discharge: 1.0
