cost_values:
  wind_capex: 5000.0
  wind_opex: 100
  wind_lifetime: 20
  solar_capex: 1000.0
  solar_opex: 10
  solar_lifetime: 20
  carbon_price: 1.0
timeseries_values:
  load_level: 276076.88456654234
  wind_year: 2017
  solar_year: 2010
  price_year: 2023
  carbon_year: 2023
storage_values:
  CAES:
    cost: 58.1479
    lifetime: 29.1723
    annual_cost: 1.993257302303898
    efficiency: 0.591333
    discharge_ratio: 0.1
    depth_of_discharge: 0.4
  Li-ion:
    cost: 283.156
    lifetime: 14.5172
    annual_cost: 19.504863196759704
    efficiency: 0.959732
    discharge_ratio: 2
    depth_of_discharge: 0.9
  Pb-acid:
    cost: 172.038
    lifetime: 13.3304
    annual_cost: 12.905689251635362
    efficiency: 0.69997
    discharge_ratio: 5
    depth_of_discharge: 0.5
  VRBF:
    cost: 197.87
    lifetime: 12.9636
    annual_cost: 15.263507050510661
    efficiency: 0.780052
    discharge_ratio: 0.5
    depth_of_discharge: 1.0
