cost_values:
  wind_capex: 5000.0
  wind_opex: 100
  wind_lifetime: 20
  solar_capex: 1000.0
  solar_opex: 10
  solar_lifetime: 20
  carbon_price: 1.0
timeseries_values:
  load_level: 276076.88456654234
  wind_year: 2017
  solar_year: 2010
  price_year: 2023
  carbon_year: 2023
storage_values:
  CAES:
    cost: 60.0152
    lifetime: 28.6863
    annual_cost: 2.092120629011061
    efficiency: 0.603403
    discharge_ratio: 0.1
    depth_of_discharge: 0.4
  Li-ion:
    cost: 259.46
    lifetime: 16.9714
    annual_cost: 15.28807287554356
    efficiency: 0.958045
    discharge_ratio: 2
    depth_of_discharge: 0.9
  Pb-acid:
    cost: 168.496
    lifetime: 13.7149
    annual_cost: 12.285616373433275
    efficiency: 0.678999
    discharge_ratio: 5
    depth_of_discharge: 0.5
  VRBF:
    cost: 155.694
    lifetime: 13.1972
    annual_cost: 11.797502500530415
    efficiency: 0.759326
    discharge_ratio: 0.5
    depth_of_discharge: 1.0
