cost_values:
  wind_capex: 5000.0
  wind_opex: 100
  wind_lifetime: 20
  solar_capex: 1000.0
  solar_opex: 10
  solar_lifetime: 20
  carbon_price: 1.0
timeseries_values:
  load_level: 276076.88456654234
  wind_year: 2017
  solar_year: 2010
  price_year: 2023
  carbon_year: 2023
storage_values:
  CAES:
    cost: 58.3476
    lifetime: 28.5348
    annual_cost: 2.0447874174691956
    efficiency: 0.600243
    discharge_ratio: 0.1
    depth_of_discharge: 0.4
  Li-ion:
    cost: 284.679
    lifetime: 15.8673
    annual_cost: 17.941237639674046
    efficiency: 0.93797
    discharge_ratio: 2
    depth_of_discharge: 0.9
  Pb-acid:
    cost: 169.454
    lifetime: 12.3691
    annual_cost: 13.699784139508939
    efficiency: 0.690971
    discharge_ratio: 5
    depth_of_discharge: 0.5
  VRBF:
    cost: 184.246
    lifetime: 13.3833
    annual_cost: 13.76685869703287
    efficiency: 0.775215
    discharge_ratio: 0.5
    depth_of_discharge: 1.0
