cost_values:
  wind_capex: 5000.0
  wind_opex: 100
  wind_lifetime: 20
  solar_capex: 1000.0
  solar_opex: 10
  solar_lifetime: 20
  carbon_price: 1.0
timeseries_values:
  load_level: 276076.88456654234
  wind_year: 2017
  solar_year: 2010
  price_year: 2023
  carbon_year: 2023
storage_values:
  CAES:
    cost: 51.8354
    lifetime: 28.3549
    annual_cost: 1.82809320434916
    efficiency: 0.601352
    discharge_ratio: 0.1
    depth_of_discharge: 0.4
  Li-ion:
    cost: 277.243
    lifetime: 15.0459
    annual_cost: 18.426481632870086
    efficiency: 0.944176
    discharge_ratio: 2
    depth_of_discharge: 0.9
  Pb-acid:
    cost: 172.977
    lifetime: 14.679
    annual_cost: 11.783977110157368
    efficiency: 0.684375
    discharge_ratio: 5
    depth_of_discharge: 0.5
  VRBF:
    cost: 156.907
    lifetime: 14.5708
    annual_cost: 10.768591978477504
    efficiency: 0.760902
    discharge_ratio: 0.5
    depth_of_discharge: 1.0
