cost_values:
  wind_capex: 5000.0
  wind_opex: 100
  wind_lifetime: 20
  solar_capex: 1000.0
  solar_opex: 10
  solar_lifetime: 20
  carbon_price: 1.0
timeseries_values:
  load_level: 276076.88456654234
  wind_year: 2017
  solar_year: 2010
  price_year: 2023
  carbon_year: 2023
storage_values:
  CAES:
    cost: 55.0485
    lifetime: 29.1394
    annual_cost: 1.8891432218920088
    efficiency: 0.606382
    discharge_ratio: 0.1
    depth_of_discharge: 0.4
  Li-ion:
    cost: 273.425
    lifetime: 13.8433
    annual_cost: 19.75143210072743
    efficiency: 0.952523
    discharge_ratio: 2
    depth_of_discharge: 0.9
  Pb-acid:
    cost: 162.892
    lifetime: 13.1474
    annual_cost: 12.38967400398558
    efficiency: 0.703684
    discharge_ratio: 5
    depth_of_discharge: 0.5
  VRBF:
    cost: 190.778
    lifetime: 13.8831
    annual_cost: 13.741743558715271
    efficiency: 0.778784
    discharge_ratio: 0.5
    depth_of_discharge: 1.0
