cost_values:
  wind_capex: 5000.0
  wind_opex: 100
  wind_lifetime: 20
  solar_capex: 1000.0
  solar_opex: 10
  solar_lifetime: 20
  carbon_price: 1.0
timeseries_values:
  load_level: 276076.88456654234
  wind_year: 2017
  solar_year: 2010
  price_year: 2023
  carbon_year: 2023
storage_values:
  CAES:
    cost: 49.5714
    lifetime: 28.7039
    annual_cost: 1.726991802507673
    efficiency: 0.607876
    discharge_ratio: 0.1
    depth_of_discharge: 0.4
  Li-ion:
    cost: 285.207
    lifetime: 12.78
    annual_cost: 22.316666666666666
    efficiency: 0.931612
    discharge_ratio: 2
    depth_of_discharge: 0.9
  Pb-acid:
    cost: 194.406
    lifetime: 14.5617
    annual_cost: 13.350501658460207
    efficiency: 0.689805
    discharge_ratio: 5
    depth_of_discharge: 0.5
  VRBF:
    cost: 191.184
    lifetime: 13.9104
    annual_cost: 13.743961352657005
    efficiency: 0.772073
    discharge_ratio: 0.5
    depth_of_discharge: 1.0
