cost_values:
  wind_capex: 5000.0
  wind_opex: 100
  wind_lifetime: 20
  solar_capex: 1000.0
  solar_opex: 10
  solar_lifetime: 20
  carbon_price: 1.0
timeseries_values:
  load_level: 276076.88456654234
  wind_year: 2017
  solar_year: 2010
  price_year: 2023
  carbon_year: 2023
storage_values:
  CAES:
    cost: 60.1909
    lifetime: 28.5705
    annual_cost: 2.106749969374005
    efficiency: 0.609441
    discharge_ratio: 0.1
    depth_of_discharge: 0.4
  Li-ion:
    cost: 298.586
    lifetime: 15.4477
    annual_cost: 19.328832123876047
    efficiency: 0.958319
    discharge_ratio: 2
    depth_of_discharge: 0.9
  Pb-acid:
    cost: 188.546
    lifetime: 14.7948
    annual_cost: 12.7440722415984
    efficiency: 0.689472
    discharge_ratio: 5
    depth_of_discharge: 0.5
  VRBF:
    cost: 188.001
    lifetime: 13.0795
    annual_cost: 14.373714591536375
    efficiency: 0.737934
    discharge_ratio: 0.5
    depth_of_discharge: 1.0
