cost_values:
  wind_capex: 5000.0
  wind_opex: 100
  wind_lifetime: 20
  solar_capex: 1000.0
  solar_opex: 10
  solar_lifetime: 20
  carbon_price: 1.0
timeseries_values:
  load_level: 276076.88456654234
  wind_year: 2017
  solar_year: 2010
  price_year: 2023
  carbon_year: 2023
storage_values:
  CAES:
    cost: 54.1471
    lifetime: 28.9561
    annual_cost: 1.8699721302247196
    efficiency: 0.605852
    discharge_ratio: 0.1
    depth_of_discharge: 0.4
  Li-ion:
    cost: 270.818
    lifetime: 14.9652
    annual_cost: 18.09651725336113
    efficiency: 0.947148
    discharge_ratio: 2
    depth_of_discharge: 0.9
  Pb-acid:
    cost: 174.543
    lifetime: 14.9475
    annual_cost: 11.677069744104365
    efficiency: 0.703644
    discharge_ratio: 5
    depth_of_discharge: 0.5
  VRBF:
    cost: 171.383
    lifetime: 12.3218
    annual_cost: 13.908925643980588
    efficiency: 0.762636
    discharge_ratio: 0.5
    depth_of_discharge: 1.0
