cost_values:
  wind_capex: 5000.0
  wind_opex: 100
  wind_lifetime: 20
  solar_capex: 1000.0
  solar_opex: 10
  solar_lifetime: 20
  carbon_price: 1.0
timeseries_values:
  load_level: 276076.88456654234
  wind_year: 2017
  solar_year: 2010
  price_year: 2023
  carbon_year: 2023
storage_values:
  CAES:
    cost: 56.9357
    lifetime: 29.1926
    annual_cost: 1.950347005748032
    efficiency: 0.603463
    discharge_ratio: 0.1
    depth_of_discharge: 0.4
  Li-ion:
    cost: 273.287
    lifetime: 15.6846
    annual_cost: 17.4239062519924
    efficiency: 0.940169
    discharge_ratio: 2
    depth_of_discharge: 0.9
  Pb-acid:
    cost: 162.874
    lifetime: 14.4768
    annual_cost: 11.250690760389036
    efficiency: 0.697944
    discharge_ratio: 5
    depth_of_discharge: 0.5
  VRBF:
    cost: 165.519
    lifetime: 12.652
    annual_cost: 13.082437559279166
    efficiency: 0.763931
    discharge_ratio: 0.5
    depth_of_discharge: 1.0
