cost_values:
  wind_capex: 5000.0
  wind_opex: 100
  wind_lifetime: 20
  solar_capex: 1000.0
  solar_opex: 10
  solar_lifetime: 20
  carbon_price: 1.0
timeseries_values:
  load_level: 276076.88456654234
  wind_year: 2017
  solar_year: 2010
  price_year: 2023
  carbon_year: 2023
storage_values:
  CAES:
    cost: 52.8937
    lifetime: 28.9993
    annual_cost: 1.823964716389706
    efficiency: 0.61496
    discharge_ratio: 0.1
    depth_of_discharge: 0.4
  Li-ion:
    cost: 268.209
    lifetime: 14.41
    annual_cost: 18.612699514226232
    efficiency: 0.946069
    discharge_ratio: 2
    depth_of_discharge: 0.9
  Pb-acid:
    cost: 143.672
    lifetime: 16.144
    annual_cost: 8.899405351833499
    efficiency: 0.692352
    discharge_ratio: 5
    depth_of_discharge: 0.5
  VRBF:
    cost: 198.331
    lifetime: 13.8151
    annual_cost: 14.35610310457398
    efficiency: 0.76133
    discharge_ratio: 0.5
    depth_of_discharge: 1.0
