cost_values:
  wind_capex: 5000.0
  wind_opex: 100
  wind_lifetime: 20
  solar_capex: 1000.0
  solar_opex: 10
  solar_lifetime: 20
  carbon_price: 1.0
timeseries_values:
  load_level: 276076.88456654234
  wind_year: 2017
  solar_year: 2010
  price_year: 2023
  carbon_year: 2023
storage_values:
  CAES:
    cost: 62.9886
    lifetime: 29.5227
    annual_cost: 2.1335650194596023
    efficiency: 0.598816
    discharge_ratio: 0.1
    depth_of_discharge: 0.4
  Li-ion:
    cost: 256.28
    lifetime: 15.3968
    annual_cost: 16.645017146420034
    efficiency: 0.940967
    discharge_ratio: 2
    depth_of_discharge: 0.9
  Pb-acid:
    cost: 137.194
    lifetime: 15.4286
    annual_cost: 8.892187236690303
    efficiency: 0.685638
    discharge_ratio: 5
    depth_of_discharge: 0.5
  VRBF:
    cost: 132.98
    lifetime: 11.2738
    annual_cost: 11.795490429136581
    efficiency: 0.765585
    discharge_ratio: 0.5
    depth_of_discharge: 1.0
