cost_values:
  wind_capex: 5000.0
  wind_opex: 100
  wind_lifetime: 20
  solar_capex: 1000.0
  solar_opex: 10
  solar_lifetime: 20
  carbon_price: 1.0
timeseries_values:
  load_level: 276076.88456654234
  wind_year: 2017
  solar_year: 2010
  price_year: 2023
  carbon_year: 2023
storage_values:
  CAES:
    cost: 49.6611
    lifetime: 28.605
    annual_cost: 1.7360985841636076
    efficiency: 0.594243
    discharge_ratio: 0.1
    depth_of_discharge: 0.4
  Li-ion:
    cost: 269.27
    lifetime: 16.353
    annual_cost: 16.46609184859047
    efficiency: 0.927591
    discharge_ratio: 2
    depth_of_discharge: 0.9
  Pb-acid:
    cost: 132.489
    lifetime: 15.4486
    annual_cost: 8.576116929689421
    efficiency: 0.684875
    discharge_ratio: 5
    depth_of_discharge: 0.5
  VRBF:
    cost: 157.715
    lifetime: 12.7862
    annual_cost: 12.334782812719965
    efficiency: 0.792044
    discharge_ratio: 0.5
    depth_of_discharge: 1.0
