cost_values:
  wind_capex: 5000.0
  wind_opex: 100
  wind_lifetime: 20
  solar_capex: 1000.0
  solar_opex: 10
  solar_lifetime: 20
  carbon_price: 1.0
timeseries_values:
  load_level: 237360.06695273507
  wind_year: 2017
  solar_year: 2011
  price_year: 2023
  carbon_year: 2023
storage_values:
  CAES:
    cost: 46.9658
    lifetime: 27.4555
    annual_cost: 1.710615359399756
    efficiency: 0.62674
    discharge_ratio: 0.1
    depth_of_discharge: 0.4
  Li-ion:
    cost: 128.583
    lifetime: 24.7721
    annual_cost: 5.190637854683294
    efficiency: 0.916623
    discharge_ratio: 2
    depth_of_discharge: 0.9
  Pb-acid:
    cost: 171.24
    lifetime: 14.7998
    annual_cost: 11.570426627386858
    efficiency: 0.696573
    discharge_ratio: 5
    depth_of_discharge: 0.5
  VRBF:
    cost: 240.052
    lifetime: 20.7749
    annual_cost: 11.55490519809963
    efficiency: 0.785153
    discharge_ratio: 0.5
    depth_of_discharge: 1.0
