cost_values:
  wind_capex: 5000.0
  wind_opex: 100
  wind_lifetime: 20
  solar_capex: 1000.0
  solar_opex: 10
  solar_lifetime: 20
  carbon_price: 1.0
timeseries_values:
  load_level: 237360.06695273507
  wind_year: 2017
  solar_year: 2011
  price_year: 2023
  carbon_year: 2023
storage_values:
  CAES:
    cost: 54.5932
    lifetime: 27.5188
    annual_cost: 1.9838510400162799
    efficiency: 0.627652
    discharge_ratio: 0.1
    depth_of_discharge: 0.4
  Li-ion:
    cost: 127.436
    lifetime: 20.7701
    annual_cost: 6.135550623251694
    efficiency: 0.912726
    discharge_ratio: 2
    depth_of_discharge: 0.9
  Pb-acid:
    cost: 192.073
    lifetime: 14.9957
    annual_cost: 12.808538447688338
    efficiency: 0.707575
    discharge_ratio: 5
    depth_of_discharge: 0.5
  VRBF:
    cost: 237.067
    lifetime: 20.7204
    annual_cost: 11.441236655663017
    efficiency: 0.780857
    discharge_ratio: 0.5
    depth_of_discharge: 1.0
