cost_values:
  wind_capex: 5000.0
  wind_opex: 100
  wind_lifetime: 20
  solar_capex: 1000.0
  solar_opex: 10
  solar_lifetime: 20
  carbon_price: 1.0
timeseries_values:
  load_level: 237360.06695273507
  wind_year: 2017
  solar_year: 2011
  price_year: 2023
  carbon_year: 2023
storage_values:
  CAES:
    cost: 51.2612
    lifetime: 27.2883
    annual_cost: 1.8785047071455534
    efficiency: 0.628383
    discharge_ratio: 0.1
    depth_of_discharge: 0.4
  Li-ion:
    cost: 131.224
    lifetime: 22.6243
    annual_cost: 5.8001352528034005
    efficiency: 0.923378
    discharge_ratio: 2
    depth_of_discharge: 0.9
  Pb-acid:
    cost: 171.846
    lifetime: 14.1689
    annual_cost: 12.128393876730021
    efficiency: 0.715982
    discharge_ratio: 5
    depth_of_discharge: 0.5
  VRBF:
    cost: 240.722
    lifetime: 21.0992
    annual_cost: 11.409058163342687
    efficiency: 0.807914
    discharge_ratio: 0.5
    depth_of_discharge: 1.0
