cost_values:
  wind_capex: 5000.0
  wind_opex: 100
  wind_lifetime: 20
  solar_capex: 1000.0
  solar_opex: 10
  solar_lifetime: 20
  carbon_price: 1.0
timeseries_values:
  load_level: 237360.06695273507
  wind_year: 2017
  solar_year: 2011
  price_year: 2023
  carbon_year: 2023
storage_values:
  CAES:
    cost: 50.7775
    lifetime: 26.924
    annual_cost: 1.8859567671965534
    efficiency: 0.632861
    discharge_ratio: 0.1
    depth_of_discharge: 0.4
  Li-ion:
    cost: 123.467
    lifetime: 22.122
    annual_cost: 5.5811861495344
    efficiency: 0.921772
    discharge_ratio: 2
    depth_of_discharge: 0.9
  Pb-acid:
    cost: 173.321
    lifetime: 15.5668
    annual_cost: 11.134015982732482
    efficiency: 0.705981
    discharge_ratio: 5
    depth_of_discharge: 0.5
  VRBF:
    cost: 253.003
    lifetime: 22.7646
    annual_cost: 11.113878565843457
    efficiency: 0.795798
    discharge_ratio: 0.5
    depth_of_discharge: 1.0
