cost_values:
  wind_capex: 5000.0
  wind_opex: 100
  wind_lifetime: 20
  solar_capex: 1000.0
  solar_opex: 10
  solar_lifetime: 20
  carbon_price: 1.0
timeseries_values:
  load_level: 237360.06695273507
  wind_year: 2017
  solar_year: 2011
  price_year: 2023
  carbon_year: 2023
storage_values:
  CAES:
    cost: 44.7485
    lifetime: 27.3931
    annual_cost: 1.6335683073474707
    efficiency: 0.625247
    discharge_ratio: 0.1
    depth_of_discharge: 0.4
  Li-ion:
    cost: 127.962
    lifetime: 20.8886
    annual_cost: 6.125925145773293
    efficiency: 0.913823
    discharge_ratio: 2
    depth_of_discharge: 0.9
  Pb-acid:
    cost: 163.685
    lifetime: 15.1406
    annual_cost: 10.810998243134355
    efficiency: 0.701001
    discharge_ratio: 5
    depth_of_discharge: 0.5
  VRBF:
    cost: 257.784
    lifetime: 22.9705
    annual_cost: 11.222393940053546
    efficiency: 0.779177
    discharge_ratio: 0.5
    depth_of_discharge: 1.0
