cost_values:
  wind_capex: 5000.0
  wind_opex: 100
  wind_lifetime: 20
  solar_capex: 1000.0
  solar_opex: 10
  solar_lifetime: 20
  carbon_price: 1.0
timeseries_values:
  load_level: 237360.06695273507
  wind_year: 2017
  solar_year: 2011
  price_year: 2023
  carbon_year: 2023
storage_values:
  CAES:
    cost: 49.8216
    lifetime: 27.0083
    annual_cost: 1.8446773769544917
    efficiency: 0.638995
    discharge_ratio: 0.1
    depth_of_discharge: 0.4
  Li-ion:
    cost: 158.808
    lifetime: 24.496
    annual_cost: 6.483017635532332
    efficiency: 0.921318
    discharge_ratio: 2
    depth_of_discharge: 0.9
  Pb-acid:
    cost: 172.409
    lifetime: 15.0025
    annual_cost: 11.4920179970005
    efficiency: 0.700321
    discharge_ratio: 5
    depth_of_discharge: 0.5
  VRBF:
    cost: 257.062
    lifetime: 19.2438
    annual_cost: 13.358172502312433
    efficiency: 0.807929
    discharge_ratio: 0.5
    depth_of_discharge: 1.0
