cost_values:
  wind_capex: 5000.0
  wind_opex: 100
  wind_lifetime: 20
  solar_capex: 1000.0
  solar_opex: 10
  solar_lifetime: 20
  carbon_price: 1.0
timeseries_values:
  load_level: 237360.06695273507
  wind_year: 2017
  solar_year: 2011
  price_year: 2023
  carbon_year: 2023
storage_values:
  CAES:
    cost: 44.2834
    lifetime: 26.081
    annual_cost: 1.6979180246156207
    efficiency: 0.627982
    discharge_ratio: 0.1
    depth_of_discharge: 0.4
  Li-ion:
    cost: 136.914
    lifetime: 23.6358
    annual_cost: 5.792653517122331
    efficiency: 0.92739
    discharge_ratio: 2
    depth_of_discharge: 0.9
  Pb-acid:
    cost: 181.596
    lifetime: 13.8613
    annual_cost: 13.100935698671842
    efficiency: 0.700917
    discharge_ratio: 5
    depth_of_discharge: 0.5
  VRBF:
    cost: 261.494
    lifetime: 21.9779
    annual_cost: 11.89804303413884
    efficiency: 0.790964
    discharge_ratio: 0.5
    depth_of_discharge: 1.0
