cost_values:
  wind_capex: 5000.0
  wind_opex: 100
  wind_lifetime: 20
  solar_capex: 1000.0
  solar_opex: 10
  solar_lifetime: 20
  carbon_price: 1.0
timeseries_values:
  load_level: 237360.06695273507
  wind_year: 2017
  solar_year: 2011
  price_year: 2023
  carbon_year: 2023
storage_values:
  CAES:
    cost: 52.6922
    lifetime: 27.2578
    annual_cost: 1.9331053863481278
    efficiency: 0.636461
    discharge_ratio: 0.1
    depth_of_discharge: 0.4
  Li-ion:
    cost: 152.075
    lifetime: 20.6102
    annual_cost: 7.378628057951888
    efficiency: 0.909921
    discharge_ratio: 2
    depth_of_discharge: 0.9
  Pb-acid:
    cost: 165.838
    lifetime: 14.1289
    annual_cost: 11.737502565663286
    efficiency: 0.708835
    discharge_ratio: 5
    depth_of_discharge: 0.5
  VRBF:
    cost: 228.504
    lifetime: 19.1808
    annual_cost: 11.913163163163162
    efficiency: 0.794335
    discharge_ratio: 0.5
    depth_of_discharge: 1.0
