cost_values:
  wind_capex: 5000.0
  wind_opex: 100
  wind_lifetime: 20
  solar_capex: 1000.0
  solar_opex: 10
  solar_lifetime: 20
  carbon_price: 1.0
timeseries_values:
  load_level: 237360.06695273507
  wind_year: 2017
  solar_year: 2011
  price_year: 2023
  carbon_year: 2023
storage_values:
  CAES:
    cost: 48.2089
    lifetime: 25.9156
    annual_cost: 1.8602270447143805
    efficiency: 0.629883
    discharge_ratio: 0.1
    depth_of_discharge: 0.4
  Li-ion:
    cost: 146.084
    lifetime: 21.361
    annual_cost: 6.838818407377932
    efficiency: 0.914275
    discharge_ratio: 2
    depth_of_discharge: 0.9
  Pb-acid:
    cost: 186.507
    lifetime: 13.6062
    annual_cost: 13.707500992194735
    efficiency: 0.682389
    discharge_ratio: 5
    depth_of_discharge: 0.5
  VRBF:
    cost: 230.202
    lifetime: 19.213
    annual_cost: 11.981574975277155
    efficiency: 0.76338
    discharge_ratio: 0.5
    depth_of_discharge: 1.0
