cost_values:
  wind_capex: 5000.0
  wind_opex: 100
  wind_lifetime: 20
  solar_capex: 1000.0
  solar_opex: 10
  solar_lifetime: 20
  carbon_price: 1.0
timeseries_values:
  load_level: 237360.06695273507
  wind_year: 2017
  solar_year: 2011
  price_year: 2023
  carbon_year: 2023
storage_values:
  CAES:
    cost: 51.208
    lifetime: 27.8867
    annual_cost: 1.8362875492618345
    efficiency: 0.628939
    discharge_ratio: 0.1
    depth_of_discharge: 0.4
  Li-ion:
    cost: 130.815
    lifetime: 23.1775
    annual_cost: 5.644051342897207
    efficiency: 0.932757
    discharge_ratio: 2
    depth_of_discharge: 0.9
  Pb-acid:
    cost: 175.941
    lifetime: 15.7706
    annual_cost: 11.156265455975042
    efficiency: 0.711153
    discharge_ratio: 5
    depth_of_discharge: 0.5
  VRBF:
    cost: 247.308
    lifetime: 20.6236
    annual_cost: 11.991504877906864
    efficiency: 0.777447
    discharge_ratio: 0.5
    depth_of_discharge: 1.0
