cost_values:
  wind_capex: 5000.0
  wind_opex: 100
  wind_lifetime: 20
  solar_capex: 1000.0
  solar_opex: 10
  solar_lifetime: 20
  carbon_price: 1.0
timeseries_values:
  load_level: 237360.06695273507
  wind_year: 2017
  solar_year: 2011
  price_year: 2023
  carbon_year: 2023
storage_values:
  CAES:
    cost: 46.5769
    lifetime: 27.8864
    annual_cost: 1.6702371048252913
    efficiency: 0.627988
    discharge_ratio: 0.1
    depth_of_discharge: 0.4
  Li-ion:
    cost: 127.902
    lifetime: 20.8024
    annual_cost: 6.148425181709803
    efficiency: 0.916115
    discharge_ratio: 2
    depth_of_discharge: 0.9
  Pb-acid:
    cost: 184.78
    lifetime: 15.4461
    annual_cost: 11.96289030888056
    efficiency: 0.703216
    discharge_ratio: 5
    depth_of_discharge: 0.5
  VRBF:
    cost: 249.961
    lifetime: 20.7192
    annual_cost: 12.064220626279008
    efficiency: 0.805731
    discharge_ratio: 0.5
    depth_of_discharge: 1.0
