cost_values:
  wind_capex: 5000.0
  wind_opex: 100
  wind_lifetime: 20
  solar_capex: 1000.0
  solar_opex: 10
  solar_lifetime: 20
  carbon_price: 1.0
timeseries_values:
  load_level: 237360.06695273507
  wind_year: 2017
  solar_year: 2011
  price_year: 2023
  carbon_year: 2023
storage_values:
  CAES:
    cost: 49.8145
    lifetime: 27.7892
    annual_cost: 1.7925848890936047
    efficiency: 0.624953
    discharge_ratio: 0.1
    depth_of_discharge: 0.4
  Li-ion:
    cost: 128.768
    lifetime: 21.0958
    annual_cost: 6.103963822182615
    efficiency: 0.917239
    discharge_ratio: 2
    depth_of_discharge: 0.9
  Pb-acid:
    cost: 186.437
    lifetime: 13.7537
    annual_cost: 13.55540690868639
    efficiency: 0.710951
    discharge_ratio: 5
    depth_of_discharge: 0.5
  VRBF:
    cost: 255.009
    lifetime: 18.9114
    annual_cost: 13.484406231162156
    efficiency: 0.7884
    discharge_ratio: 0.5
    depth_of_discharge: 1.0
