cost_values:
  wind_capex: 5000.0
  wind_opex: 100
  wind_lifetime: 20
  solar_capex: 1000.0
  solar_opex: 10
  solar_lifetime: 20
  carbon_price: 1.0
timeseries_values:
  load_level: 237360.06695273507
  wind_year: 2017
  solar_year: 2011
  price_year: 2023
  carbon_year: 2023
storage_values:
  CAES:
    cost: 47.3464
    lifetime: 26.5057
    annual_cost: 1.7862723866941828
    efficiency: 0.638393
    discharge_ratio: 0.1
    depth_of_discharge: 0.4
  Li-ion:
    cost: 140.827
    lifetime: 21.4958
    annual_cost: 6.55137282631956
    efficiency: 0.926885
    discharge_ratio: 2
    depth_of_discharge: 0.9
  Pb-acid:
    cost: 170.569
    lifetime: 15.8373
    annual_cost: 10.770080758715183
    efficiency: 0.71914
    discharge_ratio: 5
    depth_of_discharge: 0.5
  VRBF:
    cost: 228.772
    lifetime: 22.9108
    annual_cost: 9.985334427431605
    efficiency: 0.804584
    discharge_ratio: 0.5
    depth_of_discharge: 1.0
