cost_values:
  wind_capex: 5000.0
  wind_opex: 100
  wind_lifetime: 20
  solar_capex: 1000.0
  solar_opex: 10
  solar_lifetime: 20
  carbon_price: 1.0
timeseries_values:
  load_level: 237360.06695273507
  wind_year: 2017
  solar_year: 2011
  price_year: 2023
  carbon_year: 2023
storage_values:
  CAES:
    cost: 46.0001
    lifetime: 27.5152
    annual_cost: 1.67180685584695
    efficiency: 0.618463
    discharge_ratio: 0.1
    depth_of_discharge: 0.4
  Li-ion:
    cost: 152.468
    lifetime: 21.546
    annual_cost: 7.076394690429778
    efficiency: 0.904754
    discharge_ratio: 2
    depth_of_discharge: 0.9
  Pb-acid:
    cost: 204.89
    lifetime: 14.2689
    annual_cost: 14.359200779317256
    efficiency: 0.713476
    discharge_ratio: 5
    depth_of_discharge: 0.5
  VRBF:
    cost: 240.375
    lifetime: 22.4767
    annual_cost: 10.694407986937584
    efficiency: 0.787467
    discharge_ratio: 0.5
    depth_of_discharge: 1.0
