cost_values:
  wind_capex: 5000.0
  wind_opex: 100
  wind_lifetime: 20
  solar_capex: 1000.0
  solar_opex: 10
  solar_lifetime: 20
  carbon_price: 1.0
timeseries_values:
  load_level: 237360.06695273507
  wind_year: 2017
  solar_year: 2011
  price_year: 2023
  carbon_year: 2023
storage_values:
  CAES:
    cost: 50.3577
    lifetime: 28.4146
    annual_cost: 1.772247365790826
    efficiency: 0.628837
    discharge_ratio: 0.1
    depth_of_discharge: 0.4
  Li-ion:
    cost: 148.028
    lifetime: 21.4251
    annual_cost: 6.909092606335559
    efficiency: 0.918197
    discharge_ratio: 2
    depth_of_discharge: 0.9
  Pb-acid:
    cost: 173.916
    lifetime: 15.8485
    annual_cost: 10.973656812947597
    efficiency: 0.698656
    discharge_ratio: 5
    depth_of_discharge: 0.5
  VRBF:
    cost: 261.253
    lifetime: 20.9793
    annual_cost: 12.452894043175892
    efficiency: 0.781327
    discharge_ratio: 0.5
    depth_of_discharge: 1.0
