cost_values:
  wind_capex: 5000.0
  wind_opex: 100
  wind_lifetime: 20
  solar_capex: 1000.0
  solar_opex: 10
  solar_lifetime: 20
  carbon_price: 1.0
timeseries_values:
  load_level: 237360.06695273507
  wind_year: 2017
  solar_year: 2011
  price_year: 2023
  carbon_year: 2023
storage_values:
  CAES:
    cost: 45.4006
    lifetime: 27.5027
    annual_cost: 1.6507688336054276
    efficiency: 0.629033
    discharge_ratio: 0.1
    depth_of_discharge: 0.4
  Li-ion:
    cost: 161.339
    lifetime: 21.0044
    annual_cost: 7.681200129496677
    efficiency: 0.916932
    discharge_ratio: 2
    depth_of_discharge: 0.9
  Pb-acid:
    cost: 193.556
    lifetime: 14.3926
    annual_cost: 13.448299820741216
    efficiency: 0.703501
    discharge_ratio: 5
    depth_of_discharge: 0.5
  VRBF:
    cost: 219.335
    lifetime: 20.6752
    annual_cost: 10.608603544342982
    efficiency: 0.788315
    discharge_ratio: 0.5
    depth_of_discharge: 1.0
