cost_values:
  wind_capex: 5000.0
  wind_opex: 100
  wind_lifetime: 20
  solar_capex: 1000.0
  solar_opex: 10
  solar_lifetime: 20
  carbon_price: 1.0
timeseries_values:
  load_level: 237360.06695273507
  wind_year: 2017
  solar_year: 2011
  price_year: 2023
  carbon_year: 2023
storage_values:
  CAES:
    cost: 53.4304
    lifetime: 28.0637
    annual_cost: 1.9038972052865444
    efficiency: 0.619322
    discharge_ratio: 0.1
    depth_of_discharge: 0.4
  Li-ion:
    cost: 135.605
    lifetime: 22.1309
    annual_cost: 6.127405573203077
    efficiency: 0.906189
    discharge_ratio: 2
    depth_of_discharge: 0.9
  Pb-acid:
    cost: 176.488
    lifetime: 16.67
    annual_cost: 10.587162567486502
    efficiency: 0.713457
    discharge_ratio: 5
    depth_of_discharge: 0.5
  VRBF:
    cost: 279.54
    lifetime: 22.2692
    annual_cost: 12.552763458049682
    efficiency: 0.794584
    discharge_ratio: 0.5
    depth_of_discharge: 1.0
