cost_values:
  wind_capex: 5000.0
  wind_opex: 100
  wind_lifetime: 20
  solar_capex: 1000.0
  solar_opex: 10
  solar_lifetime: 20
  carbon_price: 1.0
timeseries_values:
  load_level: 237360.06695273507
  wind_year: 2017
  solar_year: 2011
  price_year: 2023
  carbon_year: 2023
storage_values:
  CAES:
    cost: 55.293
    lifetime: 27.3791
    annual_cost: 2.019533147546851
    efficiency: 0.638336
    discharge_ratio: 0.1
    depth_of_discharge: 0.4
  Li-ion:
    cost: 149.554
    lifetime: 20.6221
    annual_cost: 7.252122722710102
    efficiency: 0.93004
    discharge_ratio: 2
    depth_of_discharge: 0.9
  Pb-acid:
    cost: 169.861
    lifetime: 15.6148
    annual_cost: 10.878205292414888
    efficiency: 0.704274
    discharge_ratio: 5
    depth_of_discharge: 0.5
  VRBF:
    cost: 273.471
    lifetime: 20.8657
    annual_cost: 13.106246136003106
    efficiency: 0.787778
    discharge_ratio: 0.5
    depth_of_discharge: 1.0
