cost_values:
  wind_capex: 5000.0
  wind_opex: 100
  wind_lifetime: 20
  solar_capex: 1000.0
  solar_opex: 10
  solar_lifetime: 20
  carbon_price: 1.0
timeseries_values:
  load_level: 237360.06695273507
  wind_year: 2017
  solar_year: 2011
  price_year: 2023
  carbon_year: 2023
storage_values:
  CAES:
    cost: 47.5759
    lifetime: 26.2461
    annual_cost: 1.8126845512285634
    efficiency: 0.64018
    discharge_ratio: 0.1
    depth_of_discharge: 0.4
  Li-ion:
    cost: 134.905
    lifetime: 22.9645
    annual_cost: 5.874501948659888
    efficiency: 0.929495
    discharge_ratio: 2
    depth_of_discharge: 0.9
  Pb-acid:
    cost: 181.358
    lifetime: 13.9312
    annual_cost: 13.018117606523486
    efficiency: 0.715989
    discharge_ratio: 5
    depth_of_discharge: 0.5
  VRBF:
    cost: 256.711
    lifetime: 20.6488
    annual_cost: 12.43224787881136
    efficiency: 0.80226
    discharge_ratio: 0.5
    depth_of_discharge: 1.0
