cost_values:
  wind_capex: 5000.0
  wind_opex: 100
  wind_lifetime: 20
  solar_capex: 1000.0
  solar_opex: 10
  solar_lifetime: 20
  carbon_price: 1.0
timeseries_values:
  load_level: 237360.06695273507
  wind_year: 2017
  solar_year: 2011
  price_year: 2023
  carbon_year: 2023
storage_values:
  CAES:
    cost: 48.0165
    lifetime: 27.2483
    annual_cost: 1.762183328868223
    efficiency: 0.628035
    discharge_ratio: 0.1
    depth_of_discharge: 0.4
  Li-ion:
    cost: 131.884
    lifetime: 22.5288
    annual_cost: 5.854017968111927
    efficiency: 0.921471
    discharge_ratio: 2
    depth_of_discharge: 0.9
  Pb-acid:
    cost: 201.991
    lifetime: 13.9375
    annual_cost: 14.492627802690585
    efficiency: 0.726224
    discharge_ratio: 5
    depth_of_discharge: 0.5
  VRBF:
    cost: 244.326
    lifetime: 21.7434
    annual_cost: 11.236789094621816
    efficiency: 0.78978
    discharge_ratio: 0.5
    depth_of_discharge: 1.0
