cost_values:
  wind_capex: 5000.0
  wind_opex: 100
  wind_lifetime: 20
  solar_capex: 1000.0
  solar_opex: 10
  solar_lifetime: 20
  carbon_price: 1.0
timeseries_values:
  load_level: 237360.06695273507
  wind_year: 2017
  solar_year: 2011
  price_year: 2023
  carbon_year: 2023
storage_values:
  CAES:
    cost: 44.9429
    lifetime: 27.3673
    annual_cost: 1.6422116905942494
    efficiency: 0.623791
    discharge_ratio: 0.1
    depth_of_discharge: 0.4
  Li-ion:
    cost: 135.02
    lifetime: 21.9446
    annual_cost: 6.152766512034852
    efficiency: 0.926309
    discharge_ratio: 2
    depth_of_discharge: 0.9
  Pb-acid:
    cost: 180.99
    lifetime: 14.6396
    annual_cost: 12.363042706084867
    efficiency: 0.712901
    discharge_ratio: 5
    depth_of_discharge: 0.5
  VRBF:
    cost: 254.795
    lifetime: 20.7228
    annual_cost: 12.295394444766151
    efficiency: 0.797379
    discharge_ratio: 0.5
    depth_of_discharge: 1.0
