cost_values:
  wind_capex: 5000.0
  wind_opex: 100
  wind_lifetime: 20
  solar_capex: 1000.0
  solar_opex: 10
  solar_lifetime: 20
  carbon_price: 1.0
timeseries_values:
  load_level: 237360.06695273507
  wind_year: 2017
  solar_year: 2011
  price_year: 2023
  carbon_year: 2023
storage_values:
  CAES:
    cost: 46.5888
    lifetime: 28.1374
    annual_cost: 1.65576066018893
    efficiency: 0.628627
    discharge_ratio: 0.1
    depth_of_discharge: 0.4
  Li-ion:
    cost: 164.209
    lifetime: 21.6488
    annual_cost: 7.585131739403569
    efficiency: 0.91332
    discharge_ratio: 2
    depth_of_discharge: 0.9
  Pb-acid:
    cost: 172.288
    lifetime: 14.5071
    annual_cost: 11.876115832936977
    efficiency: 0.739242
    discharge_ratio: 5
    depth_of_discharge: 0.5
  VRBF:
    cost: 227.207
    lifetime: 19.5051
    annual_cost: 11.648594470164214
    efficiency: 0.802972
    discharge_ratio: 0.5
    depth_of_discharge: 1.0
