cost_values:
  wind_capex: 5000.0
  wind_opex: 100
  wind_lifetime: 20
  solar_capex: 1000.0
  solar_opex: 10
  solar_lifetime: 20
  carbon_price: 1.0
timeseries_values:
  load_level: 237360.06695273507
  wind_year: 2017
  solar_year: 2011
  price_year: 2023
  carbon_year: 2023
storage_values:
  CAES:
    cost: 57.653
    lifetime: 26.997
    annual_cost: 2.1355335778049414
    efficiency: 0.631216
    discharge_ratio: 0.1
    depth_of_discharge: 0.4
  Li-ion:
    cost: 128.397
    lifetime: 19.9526
    annual_cost: 6.435101189819872
    efficiency: 0.934572
    discharge_ratio: 2
    depth_of_discharge: 0.9
  Pb-acid:
    cost: 178.817
    lifetime: 13.7053
    annual_cost: 13.047288275338738
    efficiency: 0.699934
    discharge_ratio: 5
    depth_of_discharge: 0.5
  VRBF:
    cost: 272.307
    lifetime: 21.4727
    annual_cost: 12.68154447274912
    efficiency: 0.806993
    discharge_ratio: 0.5
    depth_of_discharge: 1.0
