cost_values:
  wind_capex: 5000.0
  wind_opex: 100
  wind_lifetime: 20
  solar_capex: 1000.0
  solar_opex: 10
  solar_lifetime: 20
  carbon_price: 1.0
timeseries_values:
  load_level: 237360.06695273507
  wind_year: 2017
  solar_year: 2011
  price_year: 2023
  carbon_year: 2023
storage_values:
  CAES:
    cost: 49.46
    lifetime: 27.8529
    annual_cost: 1.7757576410355833
    efficiency: 0.626697
    discharge_ratio: 0.1
    depth_of_discharge: 0.4
  Li-ion:
    cost: 124.897
    lifetime: 19.4302
    annual_cost: 6.427983242581137
    efficiency: 0.924353
    discharge_ratio: 2
    depth_of_discharge: 0.9
  Pb-acid:
    cost: 165.715
    lifetime: 14.638
    annual_cost: 11.32087716901216
    efficiency: 0.701639
    discharge_ratio: 5
    depth_of_discharge: 0.5
  VRBF:
    cost: 248.661
    lifetime: 20.7458
    annual_cost: 11.986088750494076
    efficiency: 0.768334
    discharge_ratio: 0.5
    depth_of_discharge: 1.0
