cost_values:
  wind_capex: 5000.0
  wind_opex: 100
  wind_lifetime: 20
  solar_capex: 1000.0
  solar_opex: 10
  solar_lifetime: 20
  carbon_price: 1.0
timeseries_values:
  load_level: 237360.06695273507
  wind_year: 2017
  solar_year: 2011
  price_year: 2023
  carbon_year: 2023
storage_values:
  CAES:
    cost: 52.2925
    lifetime: 28.2301
    annual_cost: 1.8523667999759121
    efficiency: 0.633298
    discharge_ratio: 0.1
    depth_of_discharge: 0.4
  Li-ion:
    cost: 145.63
    lifetime: 22.0253
    annual_cost: 6.611941721565653
    efficiency: 0.916554
    discharge_ratio: 2
    depth_of_discharge: 0.9
  Pb-acid:
    cost: 180.836
    lifetime: 15.0175
    annual_cost: 12.041684701181955
    efficiency: 0.720124
    discharge_ratio: 5
    depth_of_discharge: 0.5
  VRBF:
    cost: 264.394
    lifetime: 20.7722
    annual_cost: 12.728261811459546
    efficiency: 0.782266
    discharge_ratio: 0.5
    depth_of_discharge: 1.0
