cost_values:
  wind_capex: 5000.0
  wind_opex: 100
  wind_lifetime: 20
  solar_capex: 1000.0
  solar_opex: 10
  solar_lifetime: 20
  carbon_price: 1.0
timeseries_values:
  load_level: 237360.06695273507
  wind_year: 2017
  solar_year: 2011
  price_year: 2023
  carbon_year: 2023
storage_values:
  CAES:
    cost: 53.4879
    lifetime: 28.1175
    annual_cost: 1.902299279807949
    efficiency: 0.625515
    discharge_ratio: 0.1
    depth_of_discharge: 0.4
  Li-ion:
    cost: 125.878
    lifetime: 22.5099
    annual_cost: 5.592117246189455
    efficiency: 0.911351
    discharge_ratio: 2
    depth_of_discharge: 0.9
  Pb-acid:
    cost: 191.387
    lifetime: 15.0189
    annual_cost: 12.743077056242468
    efficiency: 0.71915
    discharge_ratio: 5
    depth_of_discharge: 0.5
  VRBF:
    cost: 251.246
    lifetime: 21.2208
    annual_cost: 11.839610193772149
    efficiency: 0.811834
    discharge_ratio: 0.5
    depth_of_discharge: 1.0
