cost_values:
  wind_capex: 5000.0
  wind_opex: 100
  wind_lifetime: 20
  solar_capex: 1000.0
  solar_opex: 10
  solar_lifetime: 20
  carbon_price: 1.0
timeseries_values:
  load_level: 237360.06695273507
  wind_year: 2017
  solar_year: 2011
  price_year: 2023
  carbon_year: 2023
storage_values:
  CAES:
    cost: 43.829
    lifetime: 28.1995
    annual_cost: 1.5542474157343216
    efficiency: 0.637133
    discharge_ratio: 0.1
    depth_of_discharge: 0.4
  Li-ion:
    cost: 132.705
    lifetime: 19.2649
    annual_cost: 6.88843440661514
    efficiency: 0.920925
    discharge_ratio: 2
    depth_of_discharge: 0.9
  Pb-acid:
    cost: 183.909
    lifetime: 15.0709
    annual_cost: 12.202920860731608
    efficiency: 0.706571
    discharge_ratio: 5
    depth_of_discharge: 0.5
  VRBF:
    cost: 280.966
    lifetime: 21.1405
    annual_cost: 13.290414134008184
    efficiency: 0.796901
    discharge_ratio: 0.5
    depth_of_discharge: 1.0
