cost_values:
  wind_capex: 5000.0
  wind_opex: 100
  wind_lifetime: 20
  solar_capex: 1000.0
  solar_opex: 10
  solar_lifetime: 20
  carbon_price: 1.0
timeseries_values:
  load_level: 237360.06695273507
  wind_year: 2017
  solar_year: 2011
  price_year: 2023
  carbon_year: 2023
storage_values:
  CAES:
    cost: 44.7113
    lifetime: 27.3688
    annual_cost: 1.6336594954839088
    efficiency: 0.637481
    discharge_ratio: 0.1
    depth_of_discharge: 0.4
  Li-ion:
    cost: 137.119
    lifetime: 23.0458
    annual_cost: 5.949847694590772
    efficiency: 0.925632
    discharge_ratio: 2
    depth_of_discharge: 0.9
  Pb-acid:
    cost: 164.777
    lifetime: 13.7005
    annual_cost: 12.027079303675048
    efficiency: 0.698239
    discharge_ratio: 5
    depth_of_discharge: 0.5
  VRBF:
    cost: 270.464
    lifetime: 21.272
    annual_cost: 12.714554343738248
    efficiency: 0.813465
    discharge_ratio: 0.5
    depth_of_discharge: 1.0
