cost_values:
  wind_capex: 5000.0
  wind_opex: 100
  wind_lifetime: 20
  solar_capex: 1000.0
  solar_opex: 10
  solar_lifetime: 20
  carbon_price: 1.0
timeseries_values:
  load_level: 237360.06695273507
  wind_year: 2017
  solar_year: 2011
  price_year: 2023
  carbon_year: 2023
storage_values:
  CAES:
    cost: 56.2498
    lifetime: 27.7242
    annual_cost: 2.028906154190202
    efficiency: 0.622159
    discharge_ratio: 0.1
    depth_of_discharge: 0.4
  Li-ion:
    cost: 143.943
    lifetime: 22.8584
    annual_cost: 6.2971599062051595
    efficiency: 0.92764
    discharge_ratio: 2
    depth_of_discharge: 0.9
  Pb-acid:
    cost: 170.083
    lifetime: 13.2364
    annual_cost: 12.849641896588196
    efficiency: 0.703797
    discharge_ratio: 5
    depth_of_discharge: 0.5
  VRBF:
    cost: 268.238
    lifetime: 19.0056
    annual_cost: 14.113629667045501
    efficiency: 0.774204
    discharge_ratio: 0.5
    depth_of_discharge: 1.0
