cost_values:
  wind_capex: 5000.0
  wind_opex: 100
  wind_lifetime: 20
  solar_capex: 1000.0
  solar_opex: 10
  solar_lifetime: 20
  carbon_price: 1.0
timeseries_values:
  load_level: 237360.06695273507
  wind_year: 2017
  solar_year: 2011
  price_year: 2023
  carbon_year: 2023
storage_values:
  CAES:
    cost: 57.9951
    lifetime: 28.2063
    annual_cost: 2.0561044872953915
    efficiency: 0.635128
    discharge_ratio: 0.1
    depth_of_discharge: 0.4
  Li-ion:
    cost: 135.849
    lifetime: 22.6403
    annual_cost: 6.000318016987407
    efficiency: 0.912172
    discharge_ratio: 2
    depth_of_discharge: 0.9
  Pb-acid:
    cost: 158.874
    lifetime: 15.4016
    annual_cost: 10.315421774361106
    efficiency: 0.717141
    discharge_ratio: 5
    depth_of_discharge: 0.5
  VRBF:
    cost: 248.787
    lifetime: 21.0681
    annual_cost: 11.808706053227391
    efficiency: 0.81554
    discharge_ratio: 0.5
    depth_of_discharge: 1.0
