cost_values:
  wind_capex: 5000.0
  wind_opex: 100
  wind_lifetime: 20
  solar_capex: 1000.0
  solar_opex: 10
  solar_lifetime: 20
  carbon_price: 1.0
timeseries_values:
  load_level: 237360.06695273507
  wind_year: 2017
  solar_year: 2011
  price_year: 2023
  carbon_year: 2023
storage_values:
  CAES:
    cost: 49.172
    lifetime: 27.0625
    annual_cost: 1.8169792147806003
    efficiency: 0.626696
    discharge_ratio: 0.1
    depth_of_discharge: 0.4
  Li-ion:
    cost: 148.042
    lifetime: 20.4141
    annual_cost: 7.251948408208052
    efficiency: 0.908826
    discharge_ratio: 2
    depth_of_discharge: 0.9
  Pb-acid:
    cost: 157.23
    lifetime: 14.3211
    annual_cost: 10.97890525169156
    efficiency: 0.720779
    discharge_ratio: 5
    depth_of_discharge: 0.5
  VRBF:
    cost: 250.583
    lifetime: 20.5209
    annual_cost: 12.211111598419173
    efficiency: 0.80251
    discharge_ratio: 0.5
    depth_of_discharge: 1.0
