cost_values:
  wind_capex: 5000.0
  wind_opex: 100
  wind_lifetime: 20
  solar_capex: 1000.0
  solar_opex: 10
  solar_lifetime: 20
  carbon_price: 1.0
timeseries_values:
  load_level: 237360.06695273507
  wind_year: 2017
  solar_year: 2011
  price_year: 2023
  carbon_year: 2023
storage_values:
  CAES:
    cost: 43.5299
    lifetime: 28.0043
    annual_cost: 1.5544005741975337
    efficiency: 0.626126
    discharge_ratio: 0.1
    depth_of_discharge: 0.4
  Li-ion:
    cost: 115.462
    lifetime: 20.3815
    annual_cost: 5.665039373942056
    efficiency: 0.916062
    discharge_ratio: 2
    depth_of_discharge: 0.9
  Pb-acid:
    cost: 165.228
    lifetime: 17.7837
    annual_cost: 9.29097994230672
    efficiency: 0.707034
    discharge_ratio: 5
    depth_of_discharge: 0.5
  VRBF:
    cost: 256.711
    lifetime: 20.622
    annual_cost: 12.448404616429057
    efficiency: 0.769026
    discharge_ratio: 0.5
    depth_of_discharge: 1.0
