cost_values:
  wind_capex: 5000.0
  wind_opex: 100
  wind_lifetime: 20
  solar_capex: 1000.0
  solar_opex: 10
  solar_lifetime: 20
  carbon_price: 1.0
timeseries_values:
  load_level: 237360.06695273507
  wind_year: 2017
  solar_year: 2011
  price_year: 2023
  carbon_year: 2023
storage_values:
  CAES:
    cost: 50.0991
    lifetime: 28.3027
    annual_cost: 1.7701173386284699
    efficiency: 0.627008
    discharge_ratio: 0.1
    depth_of_discharge: 0.4
  Li-ion:
    cost: 139.84
    lifetime: 20.0021
    annual_cost: 6.9912659170787075
    efficiency: 0.921986
    discharge_ratio: 2
    depth_of_discharge: 0.9
  Pb-acid:
    cost: 177.969
    lifetime: 14.4429
    annual_cost: 12.322248301933822
    efficiency: 0.715541
    discharge_ratio: 5
    depth_of_discharge: 0.5
  VRBF:
    cost: 284.296
    lifetime: 22.455
    annual_cost: 12.660699176130038
    efficiency: 0.796238
    discharge_ratio: 0.5
    depth_of_discharge: 1.0
