cost_values:
  wind_capex: 5000.0
  wind_opex: 100
  wind_lifetime: 20
  solar_capex: 1000.0
  solar_opex: 10
  solar_lifetime: 20
  carbon_price: 1.0
timeseries_values:
  load_level: 237360.06695273507
  wind_year: 2017
  solar_year: 2011
  price_year: 2023
  carbon_year: 2023
storage_values:
  CAES:
    cost: 51.1431
    lifetime: 26.9317
    annual_cost: 1.8989926369297148
    efficiency: 0.627431
    discharge_ratio: 0.1
    depth_of_discharge: 0.4
  Li-ion:
    cost: 137.274
    lifetime: 21.8262
    annual_cost: 6.289413640487121
    efficiency: 0.91178
    discharge_ratio: 2
    depth_of_discharge: 0.9
  Pb-acid:
    cost: 180.386
    lifetime: 14.4515
    annual_cost: 12.482164481195724
    efficiency: 0.720683
    discharge_ratio: 5
    depth_of_discharge: 0.5
  VRBF:
    cost: 254.763
    lifetime: 18.0553
    annual_cost: 14.110150482129901
    efficiency: 0.78566
    discharge_ratio: 0.5
    depth_of_discharge: 1.0
