cost_values:
  wind_capex: 5000.0
  wind_opex: 100
  wind_lifetime: 20
  solar_capex: 1000.0
  solar_opex: 10
  solar_lifetime: 20
  carbon_price: 1.0
timeseries_values:
  load_level: 237360.06695273507
  wind_year: 2017
  solar_year: 2011
  price_year: 2023
  carbon_year: 2023
storage_values:
  CAES:
    cost: 51.92
    lifetime: 27.8227
    annual_cost: 1.8661021396198068
    efficiency: 0.632466
    discharge_ratio: 0.1
    depth_of_discharge: 0.4
  Li-ion:
    cost: 141.76
    lifetime: 22.1273
    annual_cost: 6.406565645153271
    efficiency: 0.916455
    discharge_ratio: 2
    depth_of_discharge: 0.9
  Pb-acid:
    cost: 179.727
    lifetime: 14.6413
    annual_cost: 12.275344402477923
    efficiency: 0.691605
    discharge_ratio: 5
    depth_of_discharge: 0.5
  VRBF:
    cost: 262.267
    lifetime: 20.5996
    annual_cost: 12.731654983591914
    efficiency: 0.803425
    discharge_ratio: 0.5
    depth_of_discharge: 1.0
