cost_values:
  wind_capex: 5000.0
  wind_opex: 100
  wind_lifetime: 20
  solar_capex: 1000.0
  solar_opex: 10
  solar_lifetime: 20
  carbon_price: 1.0
timeseries_values:
  load_level: 237360.06695273507
  wind_year: 2017
  solar_year: 2011
  price_year: 2023
  carbon_year: 2023
storage_values:
  CAES:
    cost: 45.8531
    lifetime: 28.0448
    annual_cost: 1.6349947227293473
    efficiency: 0.630187
    discharge_ratio: 0.1
    depth_of_discharge: 0.4
  Li-ion:
    cost: 125.819
    lifetime: 20.4516
    annual_cost: 6.152037004439751
    efficiency: 0.932459
    discharge_ratio: 2
    depth_of_discharge: 0.9
  Pb-acid:
    cost: 180.073
    lifetime: 15.0844
    annual_cost: 11.937697223621756
    efficiency: 0.716236
    discharge_ratio: 5
    depth_of_discharge: 0.5
  VRBF:
    cost: 237.011
    lifetime: 21.1807
    annual_cost: 11.18995122918506
    efficiency: 0.802936
    discharge_ratio: 0.5
    depth_of_discharge: 1.0
