cost_values:
  wind_capex: 5000.0
  wind_opex: 100
  wind_lifetime: 20
  solar_capex: 1000.0
  solar_opex: 10
  solar_lifetime: 20
  carbon_price: 1.0
timeseries_values:
  load_level: 237360.06695273507
  wind_year: 2017
  solar_year: 2011
  price_year: 2023
  carbon_year: 2023
storage_values:
  CAES:
    cost: 53.2811
    lifetime: 27.7707
    annual_cost: 1.918608461435974
    efficiency: 0.637613
    discharge_ratio: 0.1
    depth_of_discharge: 0.4
  Li-ion:
    cost: 113.425
    lifetime: 22.7046
    annual_cost: 4.995683694053188
    efficiency: 0.92256
    discharge_ratio: 2
    depth_of_discharge: 0.9
  Pb-acid:
    cost: 180.814
    lifetime: 14.5278
    annual_cost: 12.446068916146974
    efficiency: 0.726981
    discharge_ratio: 5
    depth_of_discharge: 0.5
  VRBF:
    cost: 263.478
    lifetime: 20.7501
    annual_cost: 12.697673746150622
    efficiency: 0.776055
    discharge_ratio: 0.5
    depth_of_discharge: 1.0
