cost_values:
  wind_capex: 5000.0
  wind_opex: 100
  wind_lifetime: 20
  solar_capex: 1000.0
  solar_opex: 10
  solar_lifetime: 20
  carbon_price: 1.0
timeseries_values:
  load_level: 237360.06695273507
  wind_year: 2017
  solar_year: 2011
  price_year: 2023
  carbon_year: 2023
storage_values:
  CAES:
    cost: 45.0145
    lifetime: 28.4492
    annual_cost: 1.5822764787762045
    efficiency: 0.62792
    discharge_ratio: 0.1
    depth_of_discharge: 0.4
  Li-ion:
    cost: 124.342
    lifetime: 21.2904
    annual_cost: 5.840284823206703
    efficiency: 0.921613
    discharge_ratio: 2
    depth_of_discharge: 0.9
  Pb-acid:
    cost: 187.136
    lifetime: 14.0732
    annual_cost: 13.297331097404996
    efficiency: 0.715929
    discharge_ratio: 5
    depth_of_discharge: 0.5
  VRBF:
    cost: 252.524
    lifetime: 21.8887
    annual_cost: 11.536728997153782
    efficiency: 0.783784
    discharge_ratio: 0.5
    depth_of_discharge: 1.0
