cost_values:
  wind_capex: 5000.0
  wind_opex: 100
  wind_lifetime: 20
  solar_capex: 1000.0
  solar_opex: 10
  solar_lifetime: 20
  carbon_price: 1.0
timeseries_values:
  load_level: 237360.06695273507
  wind_year: 2017
  solar_year: 2011
  price_year: 2023
  carbon_year: 2023
storage_values:
  CAES:
    cost: 49.8986
    lifetime: 27.0496
    annual_cost: 1.844707500295753
    efficiency: 0.633898
    discharge_ratio: 0.1
    depth_of_discharge: 0.4
  Li-ion:
    cost: 147.511
    lifetime: 20.9598
    annual_cost: 7.037805704252903
    efficiency: 0.923392
    discharge_ratio: 2
    depth_of_discharge: 0.9
  Pb-acid:
    cost: 166.46
    lifetime: 14.3261
    annual_cost: 11.619352091636943
    efficiency: 0.711365
    discharge_ratio: 5
    depth_of_discharge: 0.5
  VRBF:
    cost: 267.796
    lifetime: 23.7505
    annual_cost: 11.275383676133135
    efficiency: 0.788347
    discharge_ratio: 0.5
    depth_of_discharge: 1.0
