cost_values:
  wind_capex: 5000.0
  wind_opex: 100
  wind_lifetime: 20
  solar_capex: 1000.0
  solar_opex: 10
  solar_lifetime: 20
  carbon_price: 1.0
timeseries_values:
  load_level: 237360.06695273507
  wind_year: 2017
  solar_year: 2011
  price_year: 2023
  carbon_year: 2023
storage_values:
  CAES:
    cost: 49.2233
    lifetime: 27.3501
    annual_cost: 1.7997484469892249
    efficiency: 0.632332
    discharge_ratio: 0.1
    depth_of_discharge: 0.4
  Li-ion:
    cost: 156.717
    lifetime: 22.2877
    annual_cost: 7.031546548096036
    efficiency: 0.94013
    discharge_ratio: 2
    depth_of_discharge: 0.9
  Pb-acid:
    cost: 188.769
    lifetime: 15.2332
    annual_cost: 12.391946537825277
    efficiency: 0.708295
    discharge_ratio: 5
    depth_of_discharge: 0.5
  VRBF:
    cost: 212.532
    lifetime: 22.7081
    annual_cost: 9.35930350843972
    efficiency: 0.788064
    discharge_ratio: 0.5
    depth_of_discharge: 1.0
