cost_values:
  wind_capex: 5000.0
  wind_opex: 100
  wind_lifetime: 20
  solar_capex: 1000.0
  solar_opex: 10
  solar_lifetime: 20
  carbon_price: 1.0
timeseries_values:
  load_level: 237360.06695273507
  wind_year: 2017
  solar_year: 2011
  price_year: 2023
  carbon_year: 2023
storage_values:
  CAES:
    cost: 51.5009
    lifetime: 27.963
    annual_cost: 1.8417516003290062
    efficiency: 0.634635
    discharge_ratio: 0.1
    depth_of_discharge: 0.4
  Li-ion:
    cost: 126.783
    lifetime: 22.4649
    annual_cost: 5.643604022274749
    efficiency: 0.924067
    discharge_ratio: 2
    depth_of_discharge: 0.9
  Pb-acid:
    cost: 193.385
    lifetime: 15.2128
    annual_cost: 12.711992532604123
    efficiency: 0.695847
    discharge_ratio: 5
    depth_of_discharge: 0.5
  VRBF:
    cost: 261.513
    lifetime: 20.6919
    annual_cost: 12.638423731025183
    efficiency: 0.778463
    discharge_ratio: 0.5
    depth_of_discharge: 1.0
