cost_values:
  wind_capex: 5000.0
  wind_opex: 100
  wind_lifetime: 20
  solar_capex: 1000.0
  solar_opex: 10
  solar_lifetime: 20
  carbon_price: 1.0
timeseries_values:
  load_level: 237360.06695273507
  wind_year: 2017
  solar_year: 2011
  price_year: 2023
  carbon_year: 2023
storage_values:
  CAES:
    cost: 47.0022
    lifetime: 26.6537
    annual_cost: 1.763439972686719
    efficiency: 0.628228
    discharge_ratio: 0.1
    depth_of_discharge: 0.4
  Li-ion:
    cost: 141.578
    lifetime: 22.7162
    annual_cost: 6.232468458633046
    efficiency: 0.933262
    discharge_ratio: 2
    depth_of_discharge: 0.9
  Pb-acid:
    cost: 195.547
    lifetime: 16.9842
    annual_cost: 11.513465456129813
    efficiency: 0.702784
    discharge_ratio: 5
    depth_of_discharge: 0.5
  VRBF:
    cost: 250.017
    lifetime: 21.3693
    annual_cost: 11.699821706841123
    efficiency: 0.824344
    discharge_ratio: 0.5
    depth_of_discharge: 1.0
