cost_values:
  wind_capex: 5000.0
  wind_opex: 100
  wind_lifetime: 20
  solar_capex: 1000.0
  solar_opex: 10
  solar_lifetime: 20
  carbon_price: 1.0
timeseries_values:
  load_level: 237360.06695273507
  wind_year: 2017
  solar_year: 2011
  price_year: 2023
  carbon_year: 2023
storage_values:
  CAES:
    cost: 53.1286
    lifetime: 27.5002
    annual_cost: 1.931935040472433
    efficiency: 0.62913
    discharge_ratio: 0.1
    depth_of_discharge: 0.4
  Li-ion:
    cost: 127.333
    lifetime: 22.4947
    annual_cost: 5.660577824998777
    efficiency: 0.91551
    discharge_ratio: 2
    depth_of_discharge: 0.9
  Pb-acid:
    cost: 177.047
    lifetime: 15.6746
    annual_cost: 11.295152667372692
    efficiency: 0.709891
    discharge_ratio: 5
    depth_of_discharge: 0.5
  VRBF:
    cost: 263.264
    lifetime: 20.4787
    annual_cost: 12.855503523172858
    efficiency: 0.80201
    discharge_ratio: 0.5
    depth_of_discharge: 1.0
