cost_values:
  wind_capex: 5000.0
  wind_opex: 100
  wind_lifetime: 20
  solar_capex: 1000.0
  solar_opex: 10
  solar_lifetime: 20
  carbon_price: 1.0
timeseries_values:
  load_level: 237360.06695273507
  wind_year: 2017
  solar_year: 2011
  price_year: 2023
  carbon_year: 2023
storage_values:
  CAES:
    cost: 48.3942
    lifetime: 26.5387
    annual_cost: 1.8235331798467898
    efficiency: 0.625549
    discharge_ratio: 0.1
    depth_of_discharge: 0.4
  Li-ion:
    cost: 145.657
    lifetime: 23.5219
    annual_cost: 6.192399423515958
    efficiency: 0.911845
    discharge_ratio: 2
    depth_of_discharge: 0.9
  Pb-acid:
    cost: 192.559
    lifetime: 14.2198
    annual_cost: 13.541610993122267
    efficiency: 0.707983
    discharge_ratio: 5
    depth_of_discharge: 0.5
  VRBF:
    cost: 242.255
    lifetime: 22.4806
    annual_cost: 10.776180351058246
    efficiency: 0.803409
    discharge_ratio: 0.5
    depth_of_discharge: 1.0
