cost_values:
  wind_capex: 5000.0
  wind_opex: 100
  wind_lifetime: 20
  solar_capex: 1000.0
  solar_opex: 10
  solar_lifetime: 20
  carbon_price: 1.0
timeseries_values:
  load_level: 237360.06695273507
  wind_year: 2017
  solar_year: 2011
  price_year: 2023
  carbon_year: 2023
storage_values:
  CAES:
    cost: 54.1198
    lifetime: 26.2375
    annual_cost: 2.062688899475941
    efficiency: 0.620086
    discharge_ratio: 0.1
    depth_of_discharge: 0.4
  Li-ion:
    cost: 135.219
    lifetime: 18.5319
    annual_cost: 7.296553510433361
    efficiency: 0.924257
    discharge_ratio: 2
    depth_of_discharge: 0.9
  Pb-acid:
    cost: 199.358
    lifetime: 13.6005
    annual_cost: 14.658137568471748
    efficiency: 0.706268
    discharge_ratio: 5
    depth_of_discharge: 0.5
  VRBF:
    cost: 264.829
    lifetime: 21.8338
    annual_cost: 12.129313266586669
    efficiency: 0.791494
    discharge_ratio: 0.5
    depth_of_discharge: 1.0
