cost_values:
  wind_capex: 5000.0
  wind_opex: 100
  wind_lifetime: 20
  solar_capex: 1000.0
  solar_opex: 10
  solar_lifetime: 20
  carbon_price: 1.0
timeseries_values:
  load_level: 237360.06695273507
  wind_year: 2017
  solar_year: 2011
  price_year: 2023
  carbon_year: 2023
storage_values:
  CAES:
    cost: 50.3129
    lifetime: 27.5437
    annual_cost: 1.8266572755294312
    efficiency: 0.622861
    discharge_ratio: 0.1
    depth_of_discharge: 0.4
  Li-ion:
    cost: 144.724
    lifetime: 23.6678
    annual_cost: 6.1148057698645415
    efficiency: 0.900427
    discharge_ratio: 2
    depth_of_discharge: 0.9
  Pb-acid:
    cost: 166.646
    lifetime: 14.8574
    annual_cost: 11.216363562938334
    efficiency: 0.725601
    discharge_ratio: 5
    depth_of_discharge: 0.5
  VRBF:
    cost: 249.783
    lifetime: 20.9377
    annual_cost: 11.929820371865103
    efficiency: 0.814896
    discharge_ratio: 0.5
    depth_of_discharge: 1.0
