cost_values:
  wind_capex: 5000.0
  wind_opex: 100
  wind_lifetime: 20
  solar_capex: 1000.0
  solar_opex: 10
  solar_lifetime: 20
  carbon_price: 1.0
timeseries_values:
  load_level: 237360.06695273507
  wind_year: 2017
  solar_year: 2011
  price_year: 2023
  carbon_year: 2023
storage_values:
  CAES:
    cost: 46.0747
    lifetime: 28.4043
    annual_cost: 1.622102991448478
    efficiency: 0.609573
    discharge_ratio: 0.1
    depth_of_discharge: 0.4
  Li-ion:
    cost: 153.811
    lifetime: 21.5244
    annual_cost: 7.145890245488841
    efficiency: 0.905374
    discharge_ratio: 2
    depth_of_discharge: 0.9
  Pb-acid:
    cost: 173.42
    lifetime: 14.8431
    annual_cost: 11.68354319515465
    efficiency: 0.712528
    discharge_ratio: 5
    depth_of_discharge: 0.5
  VRBF:
    cost: 229.675
    lifetime: 20.3109
    annual_cost: 11.307967642989725
    efficiency: 0.800373
    discharge_ratio: 0.5
    depth_of_discharge: 1.0
