cost_values:
  wind_capex: 5000.0
  wind_opex: 100
  wind_lifetime: 20
  solar_capex: 1000.0
  solar_opex: 10
  solar_lifetime: 20
  carbon_price: 1.0
timeseries_values:
  load_level: 237360.06695273507
  wind_year: 2017
  solar_year: 2011
  price_year: 2023
  carbon_year: 2023
storage_values:
  CAES:
    cost: 52.6096
    lifetime: 27.1179
    annual_cost: 1.9400322296343007
    efficiency: 0.629173
    discharge_ratio: 0.1
    depth_of_discharge: 0.4
  Li-ion:
    cost: 129.229
    lifetime: 20.8524
    annual_cost: 6.197320212541483
    efficiency: 0.918827
    discharge_ratio: 2
    depth_of_discharge: 0.9
  Pb-acid:
    cost: 191.461
    lifetime: 15.5381
    annual_cost: 12.322034225548814
    efficiency: 0.709255
    discharge_ratio: 5
    depth_of_discharge: 0.5
  VRBF:
    cost: 251.483
    lifetime: 21.2159
    annual_cost: 11.853515523734558
    efficiency: 0.790937
    discharge_ratio: 0.5
    depth_of_discharge: 1.0
