cost_values:
  wind_capex: 5000.0
  wind_opex: 100
  wind_lifetime: 20
  solar_capex: 1000.0
  solar_opex: 10
  solar_lifetime: 20
  carbon_price: 1.0
timeseries_values:
  load_level: 237360.06695273507
  wind_year: 2017
  solar_year: 2011
  price_year: 2023
  carbon_year: 2023
storage_values:
  CAES:
    cost: 47.9436
    lifetime: 26.9362
    annual_cost: 1.7798947141764616
    efficiency: 0.627117
    discharge_ratio: 0.1
    depth_of_discharge: 0.4
  Li-ion:
    cost: 145.05
    lifetime: 20.8882
    annual_cost: 6.944111986671901
    efficiency: 0.923205
    discharge_ratio: 2
    depth_of_discharge: 0.9
  Pb-acid:
    cost: 169.104
    lifetime: 14.1105
    annual_cost: 11.984267035186564
    efficiency: 0.72195
    discharge_ratio: 5
    depth_of_discharge: 0.5
  VRBF:
    cost: 232.244
    lifetime: 19.7811
    annual_cost: 11.740701983206193
    efficiency: 0.756921
    discharge_ratio: 0.5
    depth_of_discharge: 1.0
