cost_values:
  wind_capex: 5000.0
  wind_opex: 100
  wind_lifetime: 20
  solar_capex: 1000.0
  solar_opex: 10
  solar_lifetime: 20
  carbon_price: 1.0
timeseries_values:
  load_level: 237360.06695273507
  wind_year: 2017
  solar_year: 2011
  price_year: 2023
  carbon_year: 2023
storage_values:
  CAES:
    cost: 45.2839
    lifetime: 27.1243
    annual_cost: 1.6694956183201042
    efficiency: 0.630615
    discharge_ratio: 0.1
    depth_of_discharge: 0.4
  Li-ion:
    cost: 125.895
    lifetime: 20.9441
    annual_cost: 6.011000711417536
    efficiency: 0.90692
    discharge_ratio: 2
    depth_of_discharge: 0.9
  Pb-acid:
    cost: 182.378
    lifetime: 14.1714
    annual_cost: 12.869441269034816
    efficiency: 0.698952
    discharge_ratio: 5
    depth_of_discharge: 0.5
  VRBF:
    cost: 262.595
    lifetime: 21.1553
    annual_cost: 12.412728725189433
    efficiency: 0.812594
    discharge_ratio: 0.5
    depth_of_discharge: 1.0
