cost_values:
  wind_capex: 5000.0
  wind_opex: 100
  wind_lifetime: 20
  solar_capex: 1000.0
  solar_opex: 10
  solar_lifetime: 20
  carbon_price: 1.0
timeseries_values:
  load_level: 237360.06695273507
  wind_year: 2017
  solar_year: 2011
  price_year: 2023
  carbon_year: 2023
storage_values:
  CAES:
    cost: 43.3925
    lifetime: 27.9656
    annual_cost: 1.55163844151386
    efficiency: 0.633041
    discharge_ratio: 0.1
    depth_of_discharge: 0.4
  Li-ion:
    cost: 151.61
    lifetime: 22.2646
    annual_cost: 6.809464351481725
    efficiency: 0.917759
    discharge_ratio: 2
    depth_of_discharge: 0.9
  Pb-acid:
    cost: 176.491
    lifetime: 14.9242
    annual_cost: 11.825826509963683
    efficiency: 0.696598
    discharge_ratio: 5
    depth_of_discharge: 0.5
  VRBF:
    cost: 290.939
    lifetime: 23.4305
    annual_cost: 12.417105908964812
    efficiency: 0.785026
    discharge_ratio: 0.5
    depth_of_discharge: 1.0
