cost_values:
  wind_capex: 5000.0
  wind_opex: 100
  wind_lifetime: 20
  solar_capex: 1000.0
  solar_opex: 10
  solar_lifetime: 20
  carbon_price: 1.0
timeseries_values:
  load_level: 237360.06695273507
  wind_year: 2017
  solar_year: 2011
  price_year: 2023
  carbon_year: 2023
storage_values:
  CAES:
    cost: 45.2631
    lifetime: 27.023
    annual_cost: 1.674984272656626
    efficiency: 0.624633
    discharge_ratio: 0.1
    depth_of_discharge: 0.4
  Li-ion:
    cost: 135.164
    lifetime: 21.1669
    annual_cost: 6.385630394625571
    efficiency: 0.904914
    discharge_ratio: 2
    depth_of_discharge: 0.9
  Pb-acid:
    cost: 190.11
    lifetime: 14.9214
    annual_cost: 12.740761590735454
    efficiency: 0.708864
    discharge_ratio: 5
    depth_of_discharge: 0.5
  VRBF:
    cost: 247.478
    lifetime: 20.724
    annual_cost: 11.941613588110403
    efficiency: 0.797674
    discharge_ratio: 0.5
    depth_of_discharge: 1.0
