cost_values:
  wind_capex: 5000.0
  wind_opex: 100
  wind_lifetime: 20
  solar_capex: 1000.0
  solar_opex: 10
  solar_lifetime: 20
  carbon_price: 1.0
timeseries_values:
  load_level: 237360.06695273507
  wind_year: 2017
  solar_year: 2011
  price_year: 2023
  carbon_year: 2023
storage_values:
  CAES:
    cost: 54.2509
    lifetime: 26.7349
    annual_cost: 2.0292164923003266
    efficiency: 0.62463
    discharge_ratio: 0.1
    depth_of_discharge: 0.4
  Li-ion:
    cost: 117.256
    lifetime: 21.0574
    annual_cost: 5.5683987576813845
    efficiency: 0.894594
    discharge_ratio: 2
    depth_of_discharge: 0.9
  Pb-acid:
    cost: 186.446
    lifetime: 14.5546
    annual_cost: 12.810108144504142
    efficiency: 0.706718
    discharge_ratio: 5
    depth_of_discharge: 0.5
  VRBF:
    cost: 248.17
    lifetime: 21.6082
    annual_cost: 11.484991808665228
    efficiency: 0.796997
    discharge_ratio: 0.5
    depth_of_discharge: 1.0
