cost_values:
  wind_capex: 5000.0
  wind_opex: 100
  wind_lifetime: 20
  solar_capex: 1000.0
  solar_opex: 10
  solar_lifetime: 20
  carbon_price: 1.0
timeseries_values:
  load_level: 237360.06695273507
  wind_year: 2017
  solar_year: 2011
  price_year: 2023
  carbon_year: 2023
storage_values:
  CAES:
    cost: 47.644
    lifetime: 28.2777
    annual_cost: 1.6848612157282947
    efficiency: 0.624272
    discharge_ratio: 0.1
    depth_of_discharge: 0.4
  Li-ion:
    cost: 131.231
    lifetime: 20.5421
    annual_cost: 6.388392618086757
    efficiency: 0.927822
    discharge_ratio: 2
    depth_of_discharge: 0.9
  Pb-acid:
    cost: 190.817
    lifetime: 15.5964
    annual_cost: 12.234682362596498
    efficiency: 0.704739
    discharge_ratio: 5
    depth_of_discharge: 0.5
  VRBF:
    cost: 250.608
    lifetime: 20.6683
    annual_cost: 12.125235263664647
    efficiency: 0.803225
    discharge_ratio: 0.5
    depth_of_discharge: 1.0
