cost_values:
  wind_capex: 5000.0
  wind_opex: 100
  wind_lifetime: 20
  solar_capex: 1000.0
  solar_opex: 10
  solar_lifetime: 20
  carbon_price: 1.0
timeseries_values:
  load_level: 237360.06695273507
  wind_year: 2017
  solar_year: 2011
  price_year: 2023
  carbon_year: 2023
storage_values:
  CAES:
    cost: 45.5021
    lifetime: 27.0467
    annual_cost: 1.6823531151674695
    efficiency: 0.626113
    discharge_ratio: 0.1
    depth_of_discharge: 0.4
  Li-ion:
    cost: 137.812
    lifetime: 23.3034
    annual_cost: 5.91381515143713
    efficiency: 0.927253
    discharge_ratio: 2
    depth_of_discharge: 0.9
  Pb-acid:
    cost: 165.822
    lifetime: 14.8121
    annual_cost: 11.195036490436873
    efficiency: 0.716015
    discharge_ratio: 5
    depth_of_discharge: 0.5
  VRBF:
    cost: 253.138
    lifetime: 20.7768
    annual_cost: 12.183685649378152
    efficiency: 0.823601
    discharge_ratio: 0.5
    depth_of_discharge: 1.0
