cost_values:
  wind_capex: 5000.0
  wind_opex: 100
  wind_lifetime: 20
  solar_capex: 1000.0
  solar_opex: 10
  solar_lifetime: 20
  carbon_price: 1.0
timeseries_values:
  load_level: 237360.06695273507
  wind_year: 2017
  solar_year: 2011
  price_year: 2023
  carbon_year: 2023
storage_values:
  CAES:
    cost: 46.9456
    lifetime: 27.6171
    annual_cost: 1.6998743532087004
    efficiency: 0.63925
    discharge_ratio: 0.1
    depth_of_discharge: 0.4
  Li-ion:
    cost: 141.708
    lifetime: 20.8663
    annual_cost: 6.791237545707673
    efficiency: 0.922768
    discharge_ratio: 2
    depth_of_discharge: 0.9
  Pb-acid:
    cost: 185.249
    lifetime: 15.752
    annual_cost: 11.760347892331131
    efficiency: 0.698004
    discharge_ratio: 5
    depth_of_discharge: 0.5
  VRBF:
    cost: 270.147
    lifetime: 20.5918
    annual_cost: 13.119154226439651
    efficiency: 0.800741
    discharge_ratio: 0.5
    depth_of_discharge: 1.0
