cost_values:
  wind_capex: 5000.0
  wind_opex: 100
  wind_lifetime: 20
  solar_capex: 1000.0
  solar_opex: 10
  solar_lifetime: 20
  carbon_price: 1.0
timeseries_values:
  load_level: 237360.06695273507
  wind_year: 2017
  solar_year: 2011
  price_year: 2023
  carbon_year: 2023
storage_values:
  CAES:
    cost: 47.263
    lifetime: 27.6495
    annual_cost: 1.709361832944538
    efficiency: 0.622239
    discharge_ratio: 0.1
    depth_of_discharge: 0.4
  Li-ion:
    cost: 147.44
    lifetime: 22.1958
    annual_cost: 6.642698168121897
    efficiency: 0.924062
    discharge_ratio: 2
    depth_of_discharge: 0.9
  Pb-acid:
    cost: 199.228
    lifetime: 15.1175
    annual_cost: 13.178634033404995
    efficiency: 0.717778
    discharge_ratio: 5
    depth_of_discharge: 0.5
  VRBF:
    cost: 248.096
    lifetime: 22.9382
    annual_cost: 10.815844312108187
    efficiency: 0.815692
    discharge_ratio: 0.5
    depth_of_discharge: 1.0
