cost_values:
  wind_capex: 5000.0
  wind_opex: 100
  wind_lifetime: 20
  solar_capex: 1000.0
  solar_opex: 10
  solar_lifetime: 20
  carbon_price: 1.0
timeseries_values:
  load_level: 237360.06695273507
  wind_year: 2017
  solar_year: 2011
  price_year: 2023
  carbon_year: 2023
storage_values:
  CAES:
    cost: 60.5749
    lifetime: 26.8852
    annual_cost: 2.253094639429872
    efficiency: 0.630299
    discharge_ratio: 0.1
    depth_of_discharge: 0.4
  Li-ion:
    cost: 131.048
    lifetime: 19.4241
    annual_cost: 6.7466703734021145
    efficiency: 0.91818
    discharge_ratio: 2
    depth_of_discharge: 0.9
  Pb-acid:
    cost: 170.093
    lifetime: 15.0949
    annual_cost: 11.268242916481725
    efficiency: 0.706146
    discharge_ratio: 5
    depth_of_discharge: 0.5
  VRBF:
    cost: 223.801
    lifetime: 22.4485
    annual_cost: 9.969530258146424
    efficiency: 0.780377
    discharge_ratio: 0.5
    depth_of_discharge: 1.0
