cost_values:
  wind_capex: 5000.0
  wind_opex: 100
  wind_lifetime: 20
  solar_capex: 1000.0
  solar_opex: 10
  solar_lifetime: 20
  carbon_price: 1.0
timeseries_values:
  load_level: 237360.06695273507
  wind_year: 2017
  solar_year: 2011
  price_year: 2023
  carbon_year: 2023
storage_values:
  CAES:
    cost: 46.5534
    lifetime: 26.713
    annual_cost: 1.742724516153184
    efficiency: 0.63385
    discharge_ratio: 0.1
    depth_of_discharge: 0.4
  Li-ion:
    cost: 140.744
    lifetime: 21.8301
    annual_cost: 6.447244859162349
    efficiency: 0.910503
    discharge_ratio: 2
    depth_of_discharge: 0.9
  Pb-acid:
    cost: 192.438
    lifetime: 14.6192
    annual_cost: 13.163374192842289
    efficiency: 0.702438
    discharge_ratio: 5
    depth_of_discharge: 0.5
  VRBF:
    cost: 247.478
    lifetime: 21.9789
    annual_cost: 11.259799171023118
    efficiency: 0.798189
    discharge_ratio: 0.5
    depth_of_discharge: 1.0
