cost_values:
  wind_capex: 5000.0
  wind_opex: 100
  wind_lifetime: 20
  solar_capex: 1000.0
  solar_opex: 10
  solar_lifetime: 20
  carbon_price: 1.0
timeseries_values:
  load_level: 237360.06695273507
  wind_year: 2017
  solar_year: 2011
  price_year: 2023
  carbon_year: 2023
storage_values:
  CAES:
    cost: 49.3938
    lifetime: 28.0585
    annual_cost: 1.7603863356915017
    efficiency: 0.624937
    discharge_ratio: 0.1
    depth_of_discharge: 0.4
  Li-ion:
    cost: 109.568
    lifetime: 21.2041
    annual_cost: 5.167302549978542
    efficiency: 0.906934
    discharge_ratio: 2
    depth_of_discharge: 0.9
  Pb-acid:
    cost: 196.354
    lifetime: 15.3919
    annual_cost: 12.756969574906282
    efficiency: 0.724234
    discharge_ratio: 5
    depth_of_discharge: 0.5
  VRBF:
    cost: 254.723
    lifetime: 22.0366
    annual_cost: 11.559088062586788
    efficiency: 0.813418
    discharge_ratio: 0.5
    depth_of_discharge: 1.0
