cost_values:
  wind_capex: 5000.0
  wind_opex: 100
  wind_lifetime: 20
  solar_capex: 1000.0
  solar_opex: 10
  solar_lifetime: 20
  carbon_price: 1.0
timeseries_values:
  load_level: 237360.06695273507
  wind_year: 2017
  solar_year: 2011
  price_year: 2023
  carbon_year: 2023
storage_values:
  CAES:
    cost: 47.347
    lifetime: 28.2284
    annual_cost: 1.6772824531323065
    efficiency: 0.63729
    discharge_ratio: 0.1
    depth_of_discharge: 0.4
  Li-ion:
    cost: 151.872
    lifetime: 21.6962
    annual_cost: 6.999935472571234
    efficiency: 0.91174
    discharge_ratio: 2
    depth_of_discharge: 0.9
  Pb-acid:
    cost: 164.128
    lifetime: 14.6221
    annual_cost: 11.224653093604886
    efficiency: 0.696611
    discharge_ratio: 5
    depth_of_discharge: 0.5
  VRBF:
    cost: 250.144
    lifetime: 22.4584
    annual_cost: 11.138104228262032
    efficiency: 0.798298
    discharge_ratio: 0.5
    depth_of_discharge: 1.0
