cost_values:
  wind_capex: 5000.0
  wind_opex: 100
  wind_lifetime: 20
  solar_capex: 1000.0
  solar_opex: 10
  solar_lifetime: 20
  carbon_price: 1.0
timeseries_values:
  load_level: 237360.06695273507
  wind_year: 2017
  solar_year: 2011
  price_year: 2023
  carbon_year: 2023
storage_values:
  CAES:
    cost: 57.9568
    lifetime: 27.5484
    annual_cost: 2.1038172815844116
    efficiency: 0.624951
    discharge_ratio: 0.1
    depth_of_discharge: 0.4
  Li-ion:
    cost: 127.891
    lifetime: 22.4696
    annual_cost: 5.691734610317941
    efficiency: 0.92435
    discharge_ratio: 2
    depth_of_discharge: 0.9
  Pb-acid:
    cost: 184.188
    lifetime: 13.9002
    annual_cost: 13.250744593602969
    efficiency: 0.722932
    discharge_ratio: 5
    depth_of_discharge: 0.5
  VRBF:
    cost: 257.398
    lifetime: 20.2838
    annual_cost: 12.689831293939006
    efficiency: 0.799132
    discharge_ratio: 0.5
    depth_of_discharge: 1.0
