cost_values:
  wind_capex: 5000.0
  wind_opex: 100
  wind_lifetime: 20
  solar_capex: 1000.0
  solar_opex: 10
  solar_lifetime: 20
  carbon_price: 1.0
timeseries_values:
  load_level: 237360.06695273507
  wind_year: 2017
  solar_year: 2011
  price_year: 2023
  carbon_year: 2023
storage_values:
  CAES:
    cost: 52.3026
    lifetime: 27.2461
    annual_cost: 1.919636204814634
    efficiency: 0.631871
    discharge_ratio: 0.1
    depth_of_discharge: 0.4
  Li-ion:
    cost: 127.419
    lifetime: 21.8129
    annual_cost: 5.84145161807921
    efficiency: 0.931143
    discharge_ratio: 2
    depth_of_discharge: 0.9
  Pb-acid:
    cost: 164.103
    lifetime: 12.5486
    annual_cost: 13.077395087898251
    efficiency: 0.712821
    discharge_ratio: 5
    depth_of_discharge: 0.5
  VRBF:
    cost: 240.19
    lifetime: 21.2097
    annual_cost: 11.324535471977443
    efficiency: 0.803032
    discharge_ratio: 0.5
    depth_of_discharge: 1.0
