cost_values:
  wind_capex: 5000.0
  wind_opex: 100
  wind_lifetime: 20
  solar_capex: 1000.0
  solar_opex: 10
  solar_lifetime: 20
  carbon_price: 1.0
timeseries_values:
  load_level: 237360.06695273507
  wind_year: 2017
  solar_year: 2011
  price_year: 2023
  carbon_year: 2023
storage_values:
  CAES:
    cost: 39.3179
    lifetime: 26.7656
    annual_cost: 1.468971366231282
    efficiency: 0.63871
    discharge_ratio: 0.1
    depth_of_discharge: 0.4
  Li-ion:
    cost: 141.866
    lifetime: 20.8701
    annual_cost: 6.797571645559916
    efficiency: 0.926677
    discharge_ratio: 2
    depth_of_discharge: 0.9
  Pb-acid:
    cost: 173.0
    lifetime: 14.6135
    annual_cost: 11.83836863174462
    efficiency: 0.705204
    discharge_ratio: 5
    depth_of_discharge: 0.5
  VRBF:
    cost: 244.896
    lifetime: 20.5276
    annual_cost: 11.930084374208382
    efficiency: 0.816427
    discharge_ratio: 0.5
    depth_of_discharge: 1.0
