cost_values:
  wind_capex: 5000.0
  wind_opex: 100
  wind_lifetime: 20
  solar_capex: 1000.0
  solar_opex: 10
  solar_lifetime: 20
  carbon_price: 1.0
timeseries_values:
  load_level: 237360.06695273507
  wind_year: 2017
  solar_year: 2011
  price_year: 2023
  carbon_year: 2023
storage_values:
  CAES:
    cost: 51.0242
    lifetime: 26.6367
    annual_cost: 1.9155601106743703
    efficiency: 0.624329
    discharge_ratio: 0.1
    depth_of_discharge: 0.4
  Li-ion:
    cost: 114.277
    lifetime: 22.2887
    annual_cost: 5.127127198984239
    efficiency: 0.937163
    discharge_ratio: 2
    depth_of_discharge: 0.9
  Pb-acid:
    cost: 172.003
    lifetime: 15.7414
    annual_cost: 10.926791772015195
    efficiency: 0.68897
    discharge_ratio: 5
    depth_of_discharge: 0.5
  VRBF:
    cost: 223.678
    lifetime: 21.9937
    annual_cost: 10.170094163328589
    efficiency: 0.792169
    discharge_ratio: 0.5
    depth_of_discharge: 1.0
