cost_values:
  wind_capex: 5000.0
  wind_opex: 100
  wind_lifetime: 20
  solar_capex: 1000.0
  solar_opex: 10
  solar_lifetime: 20
  carbon_price: 1.0
timeseries_values:
  load_level: 237360.06695273507
  wind_year: 2017
  solar_year: 2011
  price_year: 2023
  carbon_year: 2023
storage_values:
  CAES:
    cost: 54.2257
    lifetime: 27.5875
    annual_cost: 1.9655894879927505
    efficiency: 0.624892
    discharge_ratio: 0.1
    depth_of_discharge: 0.4
  Li-ion:
    cost: 124.037
    lifetime: 21.2756
    annual_cost: 5.830011844554325
    efficiency: 0.926062
    discharge_ratio: 2
    depth_of_discharge: 0.9
  Pb-acid:
    cost: 174.071
    lifetime: 15.1037
    annual_cost: 11.525056774167918
    efficiency: 0.706561
    discharge_ratio: 5
    depth_of_discharge: 0.5
  VRBF:
    cost: 226.945
    lifetime: 17.134
    annual_cost: 13.245301739231936
    efficiency: 0.789465
    discharge_ratio: 0.5
    depth_of_discharge: 1.0
