cost_values:
  wind_capex: 5000.0
  wind_opex: 100
  wind_lifetime: 20
  solar_capex: 1000.0
  solar_opex: 10
  solar_lifetime: 20
  carbon_price: 1.0
timeseries_values:
  load_level: 237360.06695273507
  wind_year: 2017
  solar_year: 2011
  price_year: 2023
  carbon_year: 2023
storage_values:
  CAES:
    cost: 48.1586
    lifetime: 28.1731
    annual_cost: 1.7093823540895392
    efficiency: 0.616707
    discharge_ratio: 0.1
    depth_of_discharge: 0.4
  Li-ion:
    cost: 135.126
    lifetime: 24.1107
    annual_cost: 5.60439970635444
    efficiency: 0.925594
    discharge_ratio: 2
    depth_of_discharge: 0.9
  Pb-acid:
    cost: 175.908
    lifetime: 14.2587
    annual_cost: 12.336889057207179
    efficiency: 0.710865
    discharge_ratio: 5
    depth_of_discharge: 0.5
  VRBF:
    cost: 222.953
    lifetime: 20.9198
    annual_cost: 10.657511066071379
    efficiency: 0.78506
    discharge_ratio: 0.5
    depth_of_discharge: 1.0
