cost_values:
  wind_capex: 5000.0
  wind_opex: 100
  wind_lifetime: 20
  solar_capex: 1000.0
  solar_opex: 10
  solar_lifetime: 20
  carbon_price: 1.0
timeseries_values:
  load_level: 237360.06695273507
  wind_year: 2017
  solar_year: 2011
  price_year: 2023
  carbon_year: 2023
storage_values:
  CAES:
    cost: 48.3828
    lifetime: 27.62
    annual_cost: 1.7517306299782767
    efficiency: 0.624898
    discharge_ratio: 0.1
    depth_of_discharge: 0.4
  Li-ion:
    cost: 165.834
    lifetime: 22.3491
    annual_cost: 7.420164570385385
    efficiency: 0.936445
    discharge_ratio: 2
    depth_of_discharge: 0.9
  Pb-acid:
    cost: 166.976
    lifetime: 14.3939
    annual_cost: 11.600469643390603
    efficiency: 0.708897
    discharge_ratio: 5
    depth_of_discharge: 0.5
  VRBF:
    cost: 208.238
    lifetime: 20.5957
    annual_cost: 10.110751273324043
    efficiency: 0.805689
    discharge_ratio: 0.5
    depth_of_discharge: 1.0
