cost_values:
  wind_capex: 5000.0
  wind_opex: 100
  wind_lifetime: 20
  solar_capex: 1000.0
  solar_opex: 10
  solar_lifetime: 20
  carbon_price: 1.0
timeseries_values:
  load_level: 237360.06695273507
  wind_year: 2017
  solar_year: 2011
  price_year: 2023
  carbon_year: 2023
storage_values:
  CAES:
    cost: 51.7022
    lifetime: 27.5504
    annual_cost: 1.8766406295371392
    efficiency: 0.632437
    discharge_ratio: 0.1
    depth_of_discharge: 0.4
  Li-ion:
    cost: 113.305
    lifetime: 20.6252
    annual_cost: 5.493522487054672
    efficiency: 0.916844
    discharge_ratio: 2
    depth_of_discharge: 0.9
  Pb-acid:
    cost: 181.359
    lifetime: 14.7491
    annual_cost: 12.29627570495827
    efficiency: 0.717261
    discharge_ratio: 5
    depth_of_discharge: 0.5
  VRBF:
    cost: 242.363
    lifetime: 21.6595
    annual_cost: 11.189685819155565
    efficiency: 0.806515
    discharge_ratio: 0.5
    depth_of_discharge: 1.0
