cost_values:
  wind_capex: 5000.0
  wind_opex: 100
  wind_lifetime: 20
  solar_capex: 1000.0
  solar_opex: 10
  solar_lifetime: 20
  carbon_price: 1.0
timeseries_values:
  load_level: 237360.06695273507
  wind_year: 2017
  solar_year: 2011
  price_year: 2023
  carbon_year: 2023
storage_values:
  CAES:
    cost: 53.8403
    lifetime: 27.0106
    annual_cost: 1.9933026293381118
    efficiency: 0.635731
    discharge_ratio: 0.1
    depth_of_discharge: 0.4
  Li-ion:
    cost: 109.061
    lifetime: 22.4077
    annual_cost: 4.8671215698175185
    efficiency: 0.91194
    discharge_ratio: 2
    depth_of_discharge: 0.9
  Pb-acid:
    cost: 180.86
    lifetime: 15.9242
    annual_cost: 11.3575564235566
    efficiency: 0.710172
    discharge_ratio: 5
    depth_of_discharge: 0.5
  VRBF:
    cost: 233.532
    lifetime: 22.5897
    annual_cost: 10.337985896227043
    efficiency: 0.802383
    discharge_ratio: 0.5
    depth_of_discharge: 1.0
