cost_values:
  wind_capex: 5000.0
  wind_opex: 100
  wind_lifetime: 20
  solar_capex: 1000.0
  solar_opex: 10
  solar_lifetime: 20
  carbon_price: 1.0
timeseries_values:
  load_level: 237360.06695273507
  wind_year: 2017
  solar_year: 2011
  price_year: 2023
  carbon_year: 2023
storage_values:
  CAES:
    cost: 47.3017
    lifetime: 28.2064
    annual_cost: 1.6769846559646038
    efficiency: 0.631299
    discharge_ratio: 0.1
    depth_of_discharge: 0.4
  Li-ion:
    cost: 145.473
    lifetime: 23.0423
    annual_cost: 6.3133020575203
    efficiency: 0.914776
    discharge_ratio: 2
    depth_of_discharge: 0.9
  Pb-acid:
    cost: 171.615
    lifetime: 13.4253
    annual_cost: 12.78295457084758
    efficiency: 0.700419
    discharge_ratio: 5
    depth_of_discharge: 0.5
  VRBF:
    cost: 256.956
    lifetime: 20.152
    annual_cost: 12.750893211591901
    efficiency: 0.796355
    discharge_ratio: 0.5
    depth_of_discharge: 1.0
