cost_values:
  wind_capex: 5000.0
  wind_opex: 100
  wind_lifetime: 20
  solar_capex: 1000.0
  solar_opex: 10
  solar_lifetime: 20
  carbon_price: 1.0
timeseries_values:
  load_level: 237360.06695273507
  wind_year: 2017
  solar_year: 2011
  price_year: 2023
  carbon_year: 2023
storage_values:
  CAES:
    cost: 56.8214
    lifetime: 27.5278
    annual_cost: 2.064146063252421
    efficiency: 0.630553
    discharge_ratio: 0.1
    depth_of_discharge: 0.4
  Li-ion:
    cost: 134.191
    lifetime: 20.6707
    annual_cost: 6.491845946194372
    efficiency: 0.930465
    discharge_ratio: 2
    depth_of_discharge: 0.9
  Pb-acid:
    cost: 185.561
    lifetime: 15.1416
    annual_cost: 12.255045701907328
    efficiency: 0.71329
    discharge_ratio: 5
    depth_of_discharge: 0.5
  VRBF:
    cost: 244.386
    lifetime: 21.7864
    annual_cost: 11.217364961627437
    efficiency: 0.793601
    discharge_ratio: 0.5
    depth_of_discharge: 1.0
