cost_values:
  wind_capex: 5000.0
  wind_opex: 100
  wind_lifetime: 20
  solar_capex: 1000.0
  solar_opex: 10
  solar_lifetime: 20
  carbon_price: 1.0
timeseries_values:
  load_level: 237360.06695273507
  wind_year: 2017
  solar_year: 2011
  price_year: 2023
  carbon_year: 2023
storage_values:
  CAES:
    cost: 53.5142
    lifetime: 27.117
    annual_cost: 1.973455765755799
    efficiency: 0.629505
    discharge_ratio: 0.1
    depth_of_discharge: 0.4
  Li-ion:
    cost: 140.361
    lifetime: 22.3003
    annual_cost: 6.294130572234454
    efficiency: 0.925536
    discharge_ratio: 2
    depth_of_discharge: 0.9
  Pb-acid:
    cost: 163.003
    lifetime: 14.0669
    annual_cost: 11.587698782247687
    efficiency: 0.700232
    discharge_ratio: 5
    depth_of_discharge: 0.5
  VRBF:
    cost: 284.944
    lifetime: 19.6269
    annual_cost: 14.518033922830403
    efficiency: 0.80949
    discharge_ratio: 0.5
    depth_of_discharge: 1.0
