cost_values:
  wind_capex: 5000.0
  wind_opex: 100
  wind_lifetime: 20
  solar_capex: 1000.0
  solar_opex: 10
  solar_lifetime: 20
  carbon_price: 1.0
timeseries_values:
  load_level: 237360.06695273507
  wind_year: 2017
  solar_year: 2011
  price_year: 2023
  carbon_year: 2023
storage_values:
  CAES:
    cost: 53.812
    lifetime: 26.9922
    annual_cost: 1.99361296967272
    efficiency: 0.624974
    discharge_ratio: 0.1
    depth_of_discharge: 0.4
  Li-ion:
    cost: 131.525
    lifetime: 21.7844
    annual_cost: 6.037577348928591
    efficiency: 0.914605
    discharge_ratio: 2
    depth_of_discharge: 0.9
  Pb-acid:
    cost: 172.223
    lifetime: 13.2528
    annual_cost: 12.995216105275867
    efficiency: 0.712994
    discharge_ratio: 5
    depth_of_discharge: 0.5
  VRBF:
    cost: 264.965
    lifetime: 20.6061
    annual_cost: 12.858571005673076
    efficiency: 0.799139
    discharge_ratio: 0.5
    depth_of_discharge: 1.0
