cost_values:
  wind_capex: 5000.0
  wind_opex: 100
  wind_lifetime: 20
  solar_capex: 1000.0
  solar_opex: 10
  solar_lifetime: 20
  carbon_price: 1.0
timeseries_values:
  load_level: 237360.06695273507
  wind_year: 2017
  solar_year: 2011
  price_year: 2023
  carbon_year: 2023
storage_values:
  CAES:
    cost: 45.5998
    lifetime: 27.3367
    annual_cost: 1.6680799072309387
    efficiency: 0.629831
    discharge_ratio: 0.1
    depth_of_discharge: 0.4
  Li-ion:
    cost: 141.43
    lifetime: 21.1205
    annual_cost: 6.696337681399588
    efficiency: 0.907999
    discharge_ratio: 2
    depth_of_discharge: 0.9
  Pb-acid:
    cost: 163.491
    lifetime: 14.5487
    annual_cost: 11.237498883061718
    efficiency: 0.712143
    discharge_ratio: 5
    depth_of_discharge: 0.5
  VRBF:
    cost: 245.563
    lifetime: 20.1313
    annual_cost: 12.198069672599384
    efficiency: 0.791875
    discharge_ratio: 0.5
    depth_of_discharge: 1.0
