cost_values:
  wind_capex: 5000.0
  wind_opex: 100
  wind_lifetime: 20
  solar_capex: 1000.0
  solar_opex: 10
  solar_lifetime: 20
  carbon_price: 1.0
timeseries_values:
  load_level: 237360.06695273507
  wind_year: 2017
  solar_year: 2011
  price_year: 2023
  carbon_year: 2023
storage_values:
  CAES:
    cost: 51.1746
    lifetime: 26.5043
    annual_cost: 1.9308036809121538
    efficiency: 0.617536
    discharge_ratio: 0.1
    depth_of_discharge: 0.4
  Li-ion:
    cost: 140.021
    lifetime: 22.7746
    annual_cost: 6.148121152512009
    efficiency: 0.934875
    discharge_ratio: 2
    depth_of_discharge: 0.9
  Pb-acid:
    cost: 171.004
    lifetime: 14.4861
    annual_cost: 11.804695535720448
    efficiency: 0.710222
    discharge_ratio: 5
    depth_of_discharge: 0.5
  VRBF:
    cost: 278.278
    lifetime: 22.4886
    annual_cost: 12.374180695997083
    efficiency: 0.797687
    discharge_ratio: 0.5
    depth_of_discharge: 1.0
