cost_values:
  wind_capex: 5000.0
  wind_opex: 100
  wind_lifetime: 20
  solar_capex: 1000.0
  solar_opex: 10
  solar_lifetime: 20
  carbon_price: 1.0
timeseries_values:
  load_level: 237360.06695273507
  wind_year: 2017
  solar_year: 2011
  price_year: 2023
  carbon_year: 2023
storage_values:
  CAES:
    cost: 50.4104
    lifetime: 28.5623
    annual_cost: 1.7649278944622808
    efficiency: 0.626024
    discharge_ratio: 0.1
    depth_of_discharge: 0.4
  Li-ion:
    cost: 142.109
    lifetime: 21.4758
    annual_cost: 6.617169092653127
    efficiency: 0.916612
    discharge_ratio: 2
    depth_of_discharge: 0.9
  Pb-acid:
    cost: 180.0
    lifetime: 12.8023
    annual_cost: 14.05997359849402
    efficiency: 0.706717
    discharge_ratio: 5
    depth_of_discharge: 0.5
  VRBF:
    cost: 200.214
    lifetime: 20.2865
    annual_cost: 9.869321962881719
    efficiency: 0.803299
    discharge_ratio: 0.5
    depth_of_discharge: 1.0
