cost_values:
  wind_capex: 5000.0
  wind_opex: 100
  wind_lifetime: 20
  solar_capex: 1000.0
  solar_opex: 10
  solar_lifetime: 20
  carbon_price: 1.0
timeseries_values:
  load_level: 237360.06695273507
  wind_year: 2017
  solar_year: 2011
  price_year: 2023
  carbon_year: 2023
storage_values:
  CAES:
    cost: 50.1623
    lifetime: 27.8298
    annual_cost: 1.8024671395410676
    efficiency: 0.627145
    discharge_ratio: 0.1
    depth_of_discharge: 0.4
  Li-ion:
    cost: 119.872
    lifetime: 25.2319
    annual_cost: 4.750811472778507
    efficiency: 0.913813
    discharge_ratio: 2
    depth_of_discharge: 0.9
  Pb-acid:
    cost: 161.362
    lifetime: 15.5586
    annual_cost: 10.371241628424151
    efficiency: 0.710075
    discharge_ratio: 5
    depth_of_discharge: 0.5
  VRBF:
    cost: 246.786
    lifetime: 21.2718
    annual_cost: 11.60155699094576
    efficiency: 0.797155
    discharge_ratio: 0.5
    depth_of_discharge: 1.0
