cost_values:
  wind_capex: 5000.0
  wind_opex: 100
  wind_lifetime: 20
  solar_capex: 1000.0
  solar_opex: 10
  solar_lifetime: 20
  carbon_price: 1.0
timeseries_values:
  load_level: 237360.06695273507
  wind_year: 2017
  solar_year: 2011
  price_year: 2023
  carbon_year: 2023
storage_values:
  CAES:
    cost: 52.5405
    lifetime: 27.0778
    annual_cost: 1.940353352192571
    efficiency: 0.619594
    discharge_ratio: 0.1
    depth_of_discharge: 0.4
  Li-ion:
    cost: 138.327
    lifetime: 22.0821
    annual_cost: 6.264214001385738
    efficiency: 0.915353
    discharge_ratio: 2
    depth_of_discharge: 0.9
  Pb-acid:
    cost: 173.656
    lifetime: 15.1169
    annual_cost: 11.487540434877522
    efficiency: 0.71267
    discharge_ratio: 5
    depth_of_discharge: 0.5
  VRBF:
    cost: 268.726
    lifetime: 21.1633
    annual_cost: 12.697736175360175
    efficiency: 0.782221
    discharge_ratio: 0.5
    depth_of_discharge: 1.0
