cost_values:
  wind_capex: 5000.0
  wind_opex: 100
  wind_lifetime: 20
  solar_capex: 1000.0
  solar_opex: 10
  solar_lifetime: 20
  carbon_price: 1.0
timeseries_values:
  load_level: 237360.06695273507
  wind_year: 2017
  solar_year: 2011
  price_year: 2023
  carbon_year: 2023
storage_values:
  CAES:
    cost: 47.6943
    lifetime: 26.856
    annual_cost: 1.775927167113494
    efficiency: 0.623326
    discharge_ratio: 0.1
    depth_of_discharge: 0.4
  Li-ion:
    cost: 126.987
    lifetime: 22.8836
    annual_cost: 5.549257983883654
    efficiency: 0.914424
    discharge_ratio: 2
    depth_of_discharge: 0.9
  Pb-acid:
    cost: 182.14
    lifetime: 14.3243
    annual_cost: 12.715455554547168
    efficiency: 0.711994
    discharge_ratio: 5
    depth_of_discharge: 0.5
  VRBF:
    cost: 256.502
    lifetime: 20.735
    annual_cost: 12.370484687726067
    efficiency: 0.772608
    discharge_ratio: 0.5
    depth_of_discharge: 1.0
