cost_values:
  wind_capex: 5000.0
  wind_opex: 100
  wind_lifetime: 20
  solar_capex: 1000.0
  solar_opex: 10
  solar_lifetime: 20
  carbon_price: 1.0
timeseries_values:
  load_level: 237360.06695273507
  wind_year: 2017
  solar_year: 2011
  price_year: 2023
  carbon_year: 2023
storage_values:
  CAES:
    cost: 45.5915
    lifetime: 28.1818
    annual_cost: 1.617763946944482
    efficiency: 0.64361
    discharge_ratio: 0.1
    depth_of_discharge: 0.4
  Li-ion:
    cost: 141.962
    lifetime: 21.3428
    annual_cost: 6.6515171392694485
    efficiency: 0.930763
    discharge_ratio: 2
    depth_of_discharge: 0.9
  Pb-acid:
    cost: 177.992
    lifetime: 15.6614
    annual_cost: 11.365012067886651
    efficiency: 0.719383
    discharge_ratio: 5
    depth_of_discharge: 0.5
  VRBF:
    cost: 261.339
    lifetime: 21.647
    annual_cost: 12.07275834988682
    efficiency: 0.790871
    discharge_ratio: 0.5
    depth_of_discharge: 1.0
