cost_values:
  wind_capex: 5000.0
  wind_opex: 100
  wind_lifetime: 20
  solar_capex: 1000.0
  solar_opex: 10
  solar_lifetime: 20
  carbon_price: 1.0
timeseries_values:
  load_level: 237360.06695273507
  wind_year: 2017
  solar_year: 2011
  price_year: 2023
  carbon_year: 2023
storage_values:
  CAES:
    cost: 44.5454
    lifetime: 27.2082
    annual_cost: 1.6372049602693306
    efficiency: 0.62517
    discharge_ratio: 0.1
    depth_of_discharge: 0.4
  Li-ion:
    cost: 159.029
    lifetime: 19.2765
    annual_cost: 8.249889762145617
    efficiency: 0.933609
    discharge_ratio: 2
    depth_of_discharge: 0.9
  Pb-acid:
    cost: 176.947
    lifetime: 13.0008
    annual_cost: 13.61047012491539
    efficiency: 0.707477
    discharge_ratio: 5
    depth_of_discharge: 0.5
  VRBF:
    cost: 279.663
    lifetime: 22.4212
    annual_cost: 12.473150411217956
    efficiency: 0.821063
    discharge_ratio: 0.5
    depth_of_discharge: 1.0
