cost_values:
  wind_capex: 5000.0
  wind_opex: 100
  wind_lifetime: 20
  solar_capex: 1000.0
  solar_opex: 10
  solar_lifetime: 20
  carbon_price: 1.0
timeseries_values:
  load_level: 237360.06695273507
  wind_year: 2017
  solar_year: 2011
  price_year: 2023
  carbon_year: 2023
storage_values:
  CAES:
    cost: 44.62
    lifetime: 27.3464
    annual_cost: 1.631659011789486
    efficiency: 0.625127
    discharge_ratio: 0.1
    depth_of_discharge: 0.4
  Li-ion:
    cost: 135.571
    lifetime: 23.3465
    annual_cost: 5.806908958516266
    efficiency: 0.935471
    discharge_ratio: 2
    depth_of_discharge: 0.9
  Pb-acid:
    cost: 165.189
    lifetime: 13.4817
    annual_cost: 12.252831616190836
    efficiency: 0.712235
    discharge_ratio: 5
    depth_of_discharge: 0.5
  VRBF:
    cost: 243.942
    lifetime: 21.9482
    annual_cost: 11.114442186603002
    efficiency: 0.797525
    discharge_ratio: 0.5
    depth_of_discharge: 1.0
