cost_values:
  wind_capex: 5000.0
  wind_opex: 100
  wind_lifetime: 20
  solar_capex: 1000.0
  solar_opex: 10
  solar_lifetime: 20
  carbon_price: 1.0
timeseries_values:
  load_level: 237360.06695273507
  wind_year: 2017
  solar_year: 2011
  price_year: 2023
  carbon_year: 2023
storage_values:
  CAES:
    cost: 48.327
    lifetime: 27.7029
    annual_cost: 1.744474405206675
    efficiency: 0.634879
    discharge_ratio: 0.1
    depth_of_discharge: 0.4
  Li-ion:
    cost: 131.03
    lifetime: 20.8923
    annual_cost: 6.271688612551036
    efficiency: 0.925954
    discharge_ratio: 2
    depth_of_discharge: 0.9
  Pb-acid:
    cost: 195.235
    lifetime: 15.012
    annual_cost: 13.005262456701306
    efficiency: 0.699573
    discharge_ratio: 5
    depth_of_discharge: 0.5
  VRBF:
    cost: 232.547
    lifetime: 19.8895
    annual_cost: 11.691948012770556
    efficiency: 0.794942
    discharge_ratio: 0.5
    depth_of_discharge: 1.0
