cost_values:
  wind_capex: 5000.0
  wind_opex: 100
  wind_lifetime: 20
  solar_capex: 1000.0
  solar_opex: 10
  solar_lifetime: 20
  carbon_price: 1.0
timeseries_values:
  load_level: 237360.06695273507
  wind_year: 2017
  solar_year: 2011
  price_year: 2023
  carbon_year: 2023
storage_values:
  CAES:
    cost: 51.6009
    lifetime: 27.1224
    annual_cost: 1.9025196885231397
    efficiency: 0.621544
    discharge_ratio: 0.1
    depth_of_discharge: 0.4
  Li-ion:
    cost: 147.925
    lifetime: 21.0436
    annual_cost: 7.029453135395085
    efficiency: 0.923225
    discharge_ratio: 2
    depth_of_discharge: 0.9
  Pb-acid:
    cost: 158.32
    lifetime: 15.5733
    annual_cost: 10.166117650080587
    efficiency: 0.702811
    discharge_ratio: 5
    depth_of_discharge: 0.5
  VRBF:
    cost: 224.747
    lifetime: 21.8204
    annual_cost: 10.299857014536856
    efficiency: 0.784549
    discharge_ratio: 0.5
    depth_of_discharge: 1.0
