cost_values:
  wind_capex: 5000.0
  wind_opex: 100
  wind_lifetime: 20
  solar_capex: 1000.0
  solar_opex: 10
  solar_lifetime: 20
  carbon_price: 1.0
timeseries_values:
  load_level: 237360.06695273507
  wind_year: 2017
  solar_year: 2011
  price_year: 2023
  carbon_year: 2023
storage_values:
  CAES:
    cost: 46.0619
    lifetime: 27.0787
    annual_cost: 1.701038085284744
    efficiency: 0.638676
    discharge_ratio: 0.1
    depth_of_discharge: 0.4
  Li-ion:
    cost: 144.209
    lifetime: 22.9421
    annual_cost: 6.285780290383182
    efficiency: 0.916758
    discharge_ratio: 2
    depth_of_discharge: 0.9
  Pb-acid:
    cost: 171.06
    lifetime: 13.3505
    annual_cost: 12.813003258304933
    efficiency: 0.72007
    discharge_ratio: 5
    depth_of_discharge: 0.5
  VRBF:
    cost: 249.493
    lifetime: 20.7333
    annual_cost: 12.033443783671677
    efficiency: 0.796444
    discharge_ratio: 0.5
    depth_of_discharge: 1.0
