cost_values:
  wind_capex: 5000.0
  wind_opex: 100
  wind_lifetime: 20
  solar_capex: 1000.0
  solar_opex: 10
  solar_lifetime: 20
  carbon_price: 1.0
timeseries_values:
  load_level: 273732.75153830554
  wind_year: 2011
  solar_year: 2019
  price_year: 2023
  carbon_year: 2023
storage_values:
  CAES:
    cost: 45.0453
    lifetime: 25.8198
    annual_cost: 1.7446029791090556
    efficiency: 0.575064
    discharge_ratio: 0.1
    depth_of_discharge: 0.4
  Li-ion:
    cost: 234.614
    lifetime: 16.5934
    annual_cost: 14.138995022117228
    efficiency: 0.928952
    discharge_ratio: 2
    depth_of_discharge: 0.9
  Pb-acid:
    cost: 172.512
    lifetime: 7.9953
    annual_cost: 21.576676297324678
    efficiency: 0.745645
    discharge_ratio: 5
    depth_of_discharge: 0.5
  VRBF:
    cost: 197.04
    lifetime: 20.1164
    annual_cost: 9.794993139925634
    efficiency: 0.730223
    discharge_ratio: 0.5
    depth_of_discharge: 1.0
