cost_values:
  wind_capex: 5000.0
  wind_opex: 100
  wind_lifetime: 20
  solar_capex: 1000.0
  solar_opex: 10
  solar_lifetime: 20
  carbon_price: 1.0
timeseries_values:
  load_level: 273732.75153830554
  wind_year: 2011
  solar_year: 2019
  price_year: 2023
  carbon_year: 2023
storage_values:
  CAES:
    cost: 48.0989
    lifetime: 24.763
    annual_cost: 1.942369664418689
    efficiency: 0.580296
    discharge_ratio: 0.1
    depth_of_discharge: 0.4
  Li-ion:
    cost: 233.0
    lifetime: 16.6887
    annual_cost: 13.961542840365036
    efficiency: 0.912986
    discharge_ratio: 2
    depth_of_discharge: 0.9
  Pb-acid:
    cost: 171.121
    lifetime: 8.42456
    annual_cost: 20.312158735886506
    efficiency: 0.737265
    discharge_ratio: 5
    depth_of_discharge: 0.5
  VRBF:
    cost: 237.219
    lifetime: 20.1077
    annual_cost: 11.797420888515344
    efficiency: 0.745028
    discharge_ratio: 0.5
    depth_of_discharge: 1.0
