cost_values:
  wind_capex: 5000.0
  wind_opex: 100
  wind_lifetime: 20
  solar_capex: 1000.0
  solar_opex: 10
  solar_lifetime: 20
  carbon_price: 1.0
timeseries_values:
  load_level: 273732.75153830554
  wind_year: 2011
  solar_year: 2019
  price_year: 2023
  carbon_year: 2023
storage_values:
  CAES:
    cost: 42.2016
    lifetime: 24.8473
    annual_cost: 1.6984380596684547
    efficiency: 0.568583
    discharge_ratio: 0.1
    depth_of_discharge: 0.4
  Li-ion:
    cost: 263.623
    lifetime: 16.0727
    annual_cost: 16.401911315460374
    efficiency: 0.912183
    discharge_ratio: 2
    depth_of_discharge: 0.9
  Pb-acid:
    cost: 197.44
    lifetime: 7.54669
    annual_cost: 26.16246327860294
    efficiency: 0.724741
    discharge_ratio: 5
    depth_of_discharge: 0.5
  VRBF:
    cost: 176.611
    lifetime: 22.0177
    annual_cost: 8.021319211361767
    efficiency: 0.72104
    discharge_ratio: 0.5
    depth_of_discharge: 1.0
