cost_values:
  wind_capex: 5000.0
  wind_opex: 100
  wind_lifetime: 20
  solar_capex: 1000.0
  solar_opex: 10
  solar_lifetime: 20
  carbon_price: 1.0
timeseries_values:
  load_level: 273732.75153830554
  wind_year: 2011
  solar_year: 2019
  price_year: 2023
  carbon_year: 2023
storage_values:
  CAES:
    cost: 46.341
    lifetime: 26.7116
    annual_cost: 1.7348642537324608
    efficiency: 0.580297
    discharge_ratio: 0.1
    depth_of_discharge: 0.4
  Li-ion:
    cost: 239.522
    lifetime: 18.6976
    annual_cost: 12.810307205202806
    efficiency: 0.909327
    discharge_ratio: 2
    depth_of_discharge: 0.9
  Pb-acid:
    cost: 188.113
    lifetime: 7.80811
    annual_cost: 24.09200177763889
    efficiency: 0.739992
    discharge_ratio: 5
    depth_of_discharge: 0.5
  VRBF:
    cost: 191.792
    lifetime: 19.8138
    annual_cost: 9.679718176220614
    efficiency: 0.759734
    discharge_ratio: 0.5
    depth_of_discharge: 1.0
