cost_values:
  wind_capex: 5000.0
  wind_opex: 100
  wind_lifetime: 20
  solar_capex: 1000.0
  solar_opex: 10
  solar_lifetime: 20
  carbon_price: 1.0
timeseries_values:
  load_level: 273732.75153830554
  wind_year: 2011
  solar_year: 2019
  price_year: 2023
  carbon_year: 2023
storage_values:
  CAES:
    cost: 41.5274
    lifetime: 25.7445
    annual_cost: 1.6130591000019423
    efficiency: 0.581654
    discharge_ratio: 0.1
    depth_of_discharge: 0.4
  Li-ion:
    cost: 239.911
    lifetime: 14.6227
    annual_cost: 16.40675114718896
    efficiency: 0.911406
    discharge_ratio: 2
    depth_of_discharge: 0.9
  Pb-acid:
    cost: 189.586
    lifetime: 9.06274
    annual_cost: 20.919280482503087
    efficiency: 0.739933
    discharge_ratio: 5
    depth_of_discharge: 0.5
  VRBF:
    cost: 216.978
    lifetime: 21.574
    annual_cost: 10.05738388801335
    efficiency: 0.737983
    discharge_ratio: 0.5
    depth_of_discharge: 1.0
