cost_values:
  wind_capex: 5000.0
  wind_opex: 100
  wind_lifetime: 20
  solar_capex: 1000.0
  solar_opex: 10
  solar_lifetime: 20
  carbon_price: 1.0
timeseries_values:
  load_level: 273732.75153830554
  wind_year: 2011
  solar_year: 2019
  price_year: 2023
  carbon_year: 2023
storage_values:
  CAES:
    cost: 48.8953
    lifetime: 25.1981
    annual_cost: 1.9404359852528563
    efficiency: 0.586501
    discharge_ratio: 0.1
    depth_of_discharge: 0.4
  Li-ion:
    cost: 237.715
    lifetime: 14.6521
    annual_cost: 16.22395424546652
    efficiency: 0.942005
    discharge_ratio: 2
    depth_of_discharge: 0.9
  Pb-acid:
    cost: 202.992
    lifetime: 7.60829
    annual_cost: 26.6803710163519
    efficiency: 0.740836
    discharge_ratio: 5
    depth_of_discharge: 0.5
  VRBF:
    cost: 206.153
    lifetime: 19.0786
    annual_cost: 10.805457423500675
    efficiency: 0.762368
    discharge_ratio: 0.5
    depth_of_discharge: 1.0
