cost_values:
  wind_capex: 5000.0
  wind_opex: 100
  wind_lifetime: 20
  solar_capex: 1000.0
  solar_opex: 10
  solar_lifetime: 20
  carbon_price: 1.0
timeseries_values:
  load_level: 273732.75153830554
  wind_year: 2011
  solar_year: 2019
  price_year: 2023
  carbon_year: 2023
storage_values:
  CAES:
    cost: 52.2621
    lifetime: 26.0152
    annual_cost: 2.008906331683016
    efficiency: 0.579373
    discharge_ratio: 0.1
    depth_of_discharge: 0.4
  Li-ion:
    cost: 216.875
    lifetime: 17.1439
    annual_cost: 12.650272108446737
    efficiency: 0.916539
    discharge_ratio: 2
    depth_of_discharge: 0.9
  Pb-acid:
    cost: 182.577
    lifetime: 9.20709
    annual_cost: 19.83004402042339
    efficiency: 0.727317
    discharge_ratio: 5
    depth_of_discharge: 0.5
  VRBF:
    cost: 197.704
    lifetime: 19.3228
    annual_cost: 10.231643447119465
    efficiency: 0.742255
    discharge_ratio: 0.5
    depth_of_discharge: 1.0
