cost_values:
  wind_capex: 5000.0
  wind_opex: 100
  wind_lifetime: 20
  solar_capex: 1000.0
  solar_opex: 10
  solar_lifetime: 20
  carbon_price: 1.0
timeseries_values:
  load_level: 273732.75153830554
  wind_year: 2011
  solar_year: 2019
  price_year: 2023
  carbon_year: 2023
storage_values:
  CAES:
    cost: 43.1048
    lifetime: 25.647
    annual_cost: 1.6806955979256832
    efficiency: 0.571742
    discharge_ratio: 0.1
    depth_of_discharge: 0.4
  Li-ion:
    cost: 247.742
    lifetime: 15.8405
    annual_cost: 15.639784097724187
    efficiency: 0.91365
    discharge_ratio: 2
    depth_of_discharge: 0.9
  Pb-acid:
    cost: 180.054
    lifetime: 8.88815
    annual_cost: 20.25775892621074
    efficiency: 0.730688
    discharge_ratio: 5
    depth_of_discharge: 0.5
  VRBF:
    cost: 241.663
    lifetime: 18.6903
    annual_cost: 12.929862013985865
    efficiency: 0.73798
    discharge_ratio: 0.5
    depth_of_discharge: 1.0
