cost_values:
  wind_capex: 5000.0
  wind_opex: 100
  wind_lifetime: 20
  solar_capex: 1000.0
  solar_opex: 10
  solar_lifetime: 20
  carbon_price: 1.0
timeseries_values:
  load_level: 273732.75153830554
  wind_year: 2011
  solar_year: 2019
  price_year: 2023
  carbon_year: 2023
storage_values:
  CAES:
    cost: 47.8944
    lifetime: 26.1204
    annual_cost: 1.8336013231037809
    efficiency: 0.585499
    discharge_ratio: 0.1
    depth_of_discharge: 0.4
  Li-ion:
    cost: 214.372
    lifetime: 18.7691
    annual_cost: 11.421538592686916
    efficiency: 0.923962
    discharge_ratio: 2
    depth_of_discharge: 0.9
  Pb-acid:
    cost: 167.939
    lifetime: 7.07954
    annual_cost: 23.72173898304127
    efficiency: 0.730761
    discharge_ratio: 5
    depth_of_discharge: 0.5
  VRBF:
    cost: 209.072
    lifetime: 19.6313
    annual_cost: 10.649931486962148
    efficiency: 0.761055
    discharge_ratio: 0.5
    depth_of_discharge: 1.0
