cost_values:
  wind_capex: 5000.0
  wind_opex: 100
  wind_lifetime: 20
  solar_capex: 1000.0
  solar_opex: 10
  solar_lifetime: 20
  carbon_price: 1.0
timeseries_values:
  load_level: 273732.75153830554
  wind_year: 2011
  solar_year: 2019
  price_year: 2023
  carbon_year: 2023
storage_values:
  CAES:
    cost: 45.7461
    lifetime: 24.5154
    annual_cost: 1.8660148314936733
    efficiency: 0.566123
    discharge_ratio: 0.1
    depth_of_discharge: 0.4
  Li-ion:
    cost: 248.435
    lifetime: 13.5039
    annual_cost: 18.3972778234436
    efficiency: 0.917917
    discharge_ratio: 2
    depth_of_discharge: 0.9
  Pb-acid:
    cost: 193.538
    lifetime: 6.34489
    annual_cost: 30.50297168272421
    efficiency: 0.751673
    discharge_ratio: 5
    depth_of_discharge: 0.5
  VRBF:
    cost: 184.98
    lifetime: 16.3724
    annual_cost: 11.298282475385404
    efficiency: 0.750077
    discharge_ratio: 0.5
    depth_of_discharge: 1.0
