cost_values:
  wind_capex: 5000.0
  wind_opex: 100
  wind_lifetime: 20
  solar_capex: 1000.0
  solar_opex: 10
  solar_lifetime: 20
  carbon_price: 1.0
timeseries_values:
  load_level: 273732.75153830554
  wind_year: 2011
  solar_year: 2019
  price_year: 2023
  carbon_year: 2023
storage_values:
  CAES:
    cost: 49.882
    lifetime: 25.7092
    annual_cost: 1.9402392917710392
    efficiency: 0.582995
    discharge_ratio: 0.1
    depth_of_discharge: 0.4
  Li-ion:
    cost: 242.475
    lifetime: 16.5655
    annual_cost: 14.63734870664936
    efficiency: 0.912077
    discharge_ratio: 2
    depth_of_discharge: 0.9
  Pb-acid:
    cost: 183.24
    lifetime: 7.04441
    annual_cost: 26.012114570276292
    efficiency: 0.731564
    discharge_ratio: 5
    depth_of_discharge: 0.5
  VRBF:
    cost: 214.682
    lifetime: 17.8979
    annual_cost: 11.994815034166018
    efficiency: 0.744641
    discharge_ratio: 0.5
    depth_of_discharge: 1.0
