cost_values:
  wind_capex: 5000.0
  wind_opex: 100
  wind_lifetime: 20
  solar_capex: 1000.0
  solar_opex: 10
  solar_lifetime: 20
  carbon_price: 1.0
timeseries_values:
  load_level: 273732.75153830554
  wind_year: 2011
  solar_year: 2019
  price_year: 2023
  carbon_year: 2023
storage_values:
  CAES:
    cost: 47.6719
    lifetime: 25.2311
    annual_cost: 1.889410291267523
    efficiency: 0.58432
    discharge_ratio: 0.1
    depth_of_discharge: 0.4
  Li-ion:
    cost: 246.889
    lifetime: 16.996
    annual_cost: 14.526300305954344
    efficiency: 0.926932
    discharge_ratio: 2
    depth_of_discharge: 0.9
  Pb-acid:
    cost: 178.212
    lifetime: 8.60094
    annual_cost: 20.72006083056038
    efficiency: 0.733926
    discharge_ratio: 5
    depth_of_discharge: 0.5
  VRBF:
    cost: 200.596
    lifetime: 18.4438
    annual_cost: 10.876066754139602
    efficiency: 0.749692
    discharge_ratio: 0.5
    depth_of_discharge: 1.0
