cost_values:
  wind_capex: 5000.0
  wind_opex: 100
  wind_lifetime: 20
  solar_capex: 1000.0
  solar_opex: 10
  solar_lifetime: 20
  carbon_price: 1.0
timeseries_values:
  load_level: 273732.75153830554
  wind_year: 2011
  solar_year: 2019
  price_year: 2023
  carbon_year: 2023
storage_values:
  CAES:
    cost: 45.127
    lifetime: 25.0508
    annual_cost: 1.801419515544414
    efficiency: 0.571747
    discharge_ratio: 0.1
    depth_of_discharge: 0.4
  Li-ion:
    cost: 229.126
    lifetime: 15.3618
    annual_cost: 14.915309403845903
    efficiency: 0.922259
    discharge_ratio: 2
    depth_of_discharge: 0.9
  Pb-acid:
    cost: 153.306
    lifetime: 8.38457
    annual_cost: 18.284300804930965
    efficiency: 0.744037
    discharge_ratio: 5
    depth_of_discharge: 0.5
  VRBF:
    cost: 221.318
    lifetime: 20.8605
    annual_cost: 10.60942930418734
    efficiency: 0.761314
    discharge_ratio: 0.5
    depth_of_discharge: 1.0
