cost_values:
  wind_capex: 5000.0
  wind_opex: 100
  wind_lifetime: 20
  solar_capex: 1000.0
  solar_opex: 10
  solar_lifetime: 20
  carbon_price: 1.0
timeseries_values:
  load_level: 273732.75153830554
  wind_year: 2011
  solar_year: 2019
  price_year: 2023
  carbon_year: 2023
storage_values:
  CAES:
    cost: 43.6657
    lifetime: 25.7975
    annual_cost: 1.692633007074329
    efficiency: 0.57261
    discharge_ratio: 0.1
    depth_of_discharge: 0.4
  Li-ion:
    cost: 233.05
    lifetime: 14.2756
    annual_cost: 16.325058141163943
    efficiency: 0.925147
    discharge_ratio: 2
    depth_of_discharge: 0.9
  Pb-acid:
    cost: 161.435
    lifetime: 7.60064
    annual_cost: 21.239658765577634
    efficiency: 0.72997
    discharge_ratio: 5
    depth_of_discharge: 0.5
  VRBF:
    cost: 235.795
    lifetime: 20.1921
    annual_cost: 11.677586778987822
    efficiency: 0.720476
    discharge_ratio: 0.5
    depth_of_discharge: 1.0
