cost_values:
  wind_capex: 5000.0
  wind_opex: 100
  wind_lifetime: 20
  solar_capex: 1000.0
  solar_opex: 10
  solar_lifetime: 20
  carbon_price: 1.0
timeseries_values:
  load_level: 273732.75153830554
  wind_year: 2011
  solar_year: 2019
  price_year: 2023
  carbon_year: 2023
storage_values:
  CAES:
    cost: 44.4548
    lifetime: 25.7862
    annual_cost: 1.7239763904724232
    efficiency: 0.57703
    discharge_ratio: 0.1
    depth_of_discharge: 0.4
  Li-ion:
    cost: 256.875
    lifetime: 17.0734
    annual_cost: 15.045333676947767
    efficiency: 0.924005
    discharge_ratio: 2
    depth_of_discharge: 0.9
  Pb-acid:
    cost: 177.694
    lifetime: 9.34848
    annual_cost: 19.007795919764494
    efficiency: 0.740928
    discharge_ratio: 5
    depth_of_discharge: 0.5
  VRBF:
    cost: 215.156
    lifetime: 20.9696
    annual_cost: 10.260376926598505
    efficiency: 0.749149
    discharge_ratio: 0.5
    depth_of_discharge: 1.0
