cost_values:
  wind_capex: 5000.0
  wind_opex: 100
  wind_lifetime: 20
  solar_capex: 1000.0
  solar_opex: 10
  solar_lifetime: 20
  carbon_price: 1.0
timeseries_values:
  load_level: 273732.75153830554
  wind_year: 2011
  solar_year: 2019
  price_year: 2023
  carbon_year: 2023
storage_values:
  CAES:
    cost: 51.4494
    lifetime: 24.9584
    annual_cost: 2.061406179883326
    efficiency: 0.570283
    discharge_ratio: 0.1
    depth_of_discharge: 0.4
  Li-ion:
    cost: 225.24
    lifetime: 16.2987
    annual_cost: 13.81950707725156
    efficiency: 0.917164
    discharge_ratio: 2
    depth_of_discharge: 0.9
  Pb-acid:
    cost: 180.186
    lifetime: 8.25631
    annual_cost: 21.82403519247703
    efficiency: 0.727279
    discharge_ratio: 5
    depth_of_discharge: 0.5
  VRBF:
    cost: 205.664
    lifetime: 20.9472
    annual_cost: 9.818209593644974
    efficiency: 0.761915
    discharge_ratio: 0.5
    depth_of_discharge: 1.0
