cost_values:
  wind_capex: 5000.0
  wind_opex: 100
  wind_lifetime: 20
  solar_capex: 1000.0
  solar_opex: 10
  solar_lifetime: 20
  carbon_price: 1.0
timeseries_values:
  load_level: 273732.75153830554
  wind_year: 2011
  solar_year: 2019
  price_year: 2023
  carbon_year: 2023
storage_values:
  CAES:
    cost: 44.474
    lifetime: 24.824
    annual_cost: 1.7915726716081208
    efficiency: 0.579765
    discharge_ratio: 0.1
    depth_of_discharge: 0.4
  Li-ion:
    cost: 243.457
    lifetime: 17.9002
    annual_cost: 13.600797756449648
    efficiency: 0.923823
    discharge_ratio: 2
    depth_of_discharge: 0.9
  Pb-acid:
    cost: 177.737
    lifetime: 7.81042
    annual_cost: 22.75639466251495
    efficiency: 0.719194
    discharge_ratio: 5
    depth_of_discharge: 0.5
  VRBF:
    cost: 200.133
    lifetime: 18.7279
    annual_cost: 10.686355651194207
    efficiency: 0.73115
    discharge_ratio: 0.5
    depth_of_discharge: 1.0
