cost_values:
  wind_capex: 5000.0
  wind_opex: 100
  wind_lifetime: 20
  solar_capex: 1000.0
  solar_opex: 10
  solar_lifetime: 20
  carbon_price: 1.0
timeseries_values:
  load_level: 273732.75153830554
  wind_year: 2011
  solar_year: 2019
  price_year: 2023
  carbon_year: 2023
storage_values:
  CAES:
    cost: 49.848
    lifetime: 25.8771
    annual_cost: 1.9263364132766037
    efficiency: 0.566052
    discharge_ratio: 0.1
    depth_of_discharge: 0.4
  Li-ion:
    cost: 231.362
    lifetime: 15.7719
    annual_cost: 14.669253545863212
    efficiency: 0.93648
    discharge_ratio: 2
    depth_of_discharge: 0.9
  Pb-acid:
    cost: 189.92
    lifetime: 7.14635
    annual_cost: 26.57580443163293
    efficiency: 0.737702
    discharge_ratio: 5
    depth_of_discharge: 0.5
  VRBF:
    cost: 215.855
    lifetime: 18.547
    annual_cost: 11.638270340216746
    efficiency: 0.730698
    discharge_ratio: 0.5
    depth_of_discharge: 1.0
