cost_values:
  wind_capex: 5000.0
  wind_opex: 100
  wind_lifetime: 20
  solar_capex: 1000.0
  solar_opex: 10
  solar_lifetime: 20
  carbon_price: 1.0
timeseries_values:
  load_level: 273732.75153830554
  wind_year: 2011
  solar_year: 2019
  price_year: 2023
  carbon_year: 2023
storage_values:
  CAES:
    cost: 49.8832
    lifetime: 24.5868
    annual_cost: 2.028861014853499
    efficiency: 0.586905
    discharge_ratio: 0.1
    depth_of_discharge: 0.4
  Li-ion:
    cost: 232.279
    lifetime: 16.4008
    annual_cost: 14.162662796936734
    efficiency: 0.927457
    discharge_ratio: 2
    depth_of_discharge: 0.9
  Pb-acid:
    cost: 188.222
    lifetime: 8.62243
    annual_cost: 21.82934509181287
    efficiency: 0.739265
    discharge_ratio: 5
    depth_of_discharge: 0.5
  VRBF:
    cost: 220.664
    lifetime: 17.913
    annual_cost: 12.318651258862278
    efficiency: 0.755821
    discharge_ratio: 0.5
    depth_of_discharge: 1.0
