cost_values:
  wind_capex: 5000.0
  wind_opex: 100
  wind_lifetime: 20
  solar_capex: 1000.0
  solar_opex: 10
  solar_lifetime: 20
  carbon_price: 1.0
timeseries_values:
  load_level: 273732.75153830554
  wind_year: 2011
  solar_year: 2019
  price_year: 2023
  carbon_year: 2023
storage_values:
  CAES:
    cost: 49.9136
    lifetime: 26.0562
    annual_cost: 1.9156131745995195
    efficiency: 0.571568
    discharge_ratio: 0.1
    depth_of_discharge: 0.4
  Li-ion:
    cost: 262.519
    lifetime: 15.5677
    annual_cost: 16.863056199695524
    efficiency: 0.929155
    discharge_ratio: 2
    depth_of_discharge: 0.9
  Pb-acid:
    cost: 204.28
    lifetime: 7.68036
    annual_cost: 26.597711565603696
    efficiency: 0.753536
    discharge_ratio: 5
    depth_of_discharge: 0.5
  VRBF:
    cost: 196.636
    lifetime: 19.9905
    annual_cost: 9.836472324354068
    efficiency: 0.741758
    discharge_ratio: 0.5
    depth_of_discharge: 1.0
