cost_values:
  wind_capex: 5000.0
  wind_opex: 100
  wind_lifetime: 20
  solar_capex: 1000.0
  solar_opex: 10
  solar_lifetime: 20
  carbon_price: 1.0
timeseries_values:
  load_level: 273732.75153830554
  wind_year: 2011
  solar_year: 2019
  price_year: 2023
  carbon_year: 2023
storage_values:
  CAES:
    cost: 47.3361
    lifetime: 23.6448
    annual_cost: 2.0019666057653267
    efficiency: 0.575183
    discharge_ratio: 0.1
    depth_of_discharge: 0.4
  Li-ion:
    cost: 217.475
    lifetime: 17.0626
    annual_cost: 12.745712845639
    efficiency: 0.919138
    discharge_ratio: 2
    depth_of_discharge: 0.9
  Pb-acid:
    cost: 160.699
    lifetime: 7.22809
    annual_cost: 22.232567663103257
    efficiency: 0.734222
    discharge_ratio: 5
    depth_of_discharge: 0.5
  VRBF:
    cost: 222.24
    lifetime: 20.3303
    annual_cost: 10.931466825378868
    efficiency: 0.757641
    discharge_ratio: 0.5
    depth_of_discharge: 1.0
