cost_values:
  wind_capex: 5000.0
  wind_opex: 100
  wind_lifetime: 20
  solar_capex: 1000.0
  solar_opex: 10
  solar_lifetime: 20
  carbon_price: 1.0
timeseries_values:
  load_level: 273732.75153830554
  wind_year: 2011
  solar_year: 2019
  price_year: 2023
  carbon_year: 2023
storage_values:
  CAES:
    cost: 51.7597
    lifetime: 25.8035
    annual_cost: 2.0059178018485864
    efficiency: 0.5731
    discharge_ratio: 0.1
    depth_of_discharge: 0.4
  Li-ion:
    cost: 250.978
    lifetime: 15.6109
    annual_cost: 16.077099975017454
    efficiency: 0.924628
    discharge_ratio: 2
    depth_of_discharge: 0.9
  Pb-acid:
    cost: 181.876
    lifetime: 8.24458
    annual_cost: 22.060068554128897
    efficiency: 0.744741
    discharge_ratio: 5
    depth_of_discharge: 0.5
  VRBF:
    cost: 190.927
    lifetime: 18.6156
    annual_cost: 10.256290423086012
    efficiency: 0.735689
    discharge_ratio: 0.5
    depth_of_discharge: 1.0
