cost_values:
  wind_capex: 5000.0
  wind_opex: 100
  wind_lifetime: 20
  solar_capex: 1000.0
  solar_opex: 10
  solar_lifetime: 20
  carbon_price: 1.0
timeseries_values:
  load_level: 273732.75153830554
  wind_year: 2011
  solar_year: 2019
  price_year: 2023
  carbon_year: 2023
storage_values:
  CAES:
    cost: 42.1968
    lifetime: 24.4286
    annual_cost: 1.727352365669748
    efficiency: 0.57936
    discharge_ratio: 0.1
    depth_of_discharge: 0.4
  Li-ion:
    cost: 220.264
    lifetime: 16.6458
    annual_cost: 13.23240697353086
    efficiency: 0.918505
    discharge_ratio: 2
    depth_of_discharge: 0.9
  Pb-acid:
    cost: 157.693
    lifetime: 7.44886
    annual_cost: 21.170085086845507
    efficiency: 0.748059
    discharge_ratio: 5
    depth_of_discharge: 0.5
  VRBF:
    cost: 221.089
    lifetime: 18.1005
    annual_cost: 12.214524460650258
    efficiency: 0.742136
    discharge_ratio: 0.5
    depth_of_discharge: 1.0
