cost_values:
  wind_capex: 5000.0
  wind_opex: 100
  wind_lifetime: 20
  solar_capex: 1000.0
  solar_opex: 10
  solar_lifetime: 20
  carbon_price: 1.0
timeseries_values:
  load_level: 273732.75153830554
  wind_year: 2011
  solar_year: 2019
  price_year: 2023
  carbon_year: 2023
storage_values:
  CAES:
    cost: 44.3383
    lifetime: 25.5697
    annual_cost: 1.7340172156888816
    efficiency: 0.578487
    discharge_ratio: 0.1
    depth_of_discharge: 0.4
  Li-ion:
    cost: 228.638
    lifetime: 17.0896
    annual_cost: 13.378780076771838
    efficiency: 0.922567
    discharge_ratio: 2
    depth_of_discharge: 0.9
  Pb-acid:
    cost: 171.044
    lifetime: 9.60809
    annual_cost: 17.802081371011305
    efficiency: 0.712796
    discharge_ratio: 5
    depth_of_discharge: 0.5
  VRBF:
    cost: 199.654
    lifetime: 21.698
    annual_cost: 9.201493225182045
    efficiency: 0.737555
    discharge_ratio: 0.5
    depth_of_discharge: 1.0
