cost_values:
  wind_capex: 5000.0
  wind_opex: 100
  wind_lifetime: 20
  solar_capex: 1000.0
  solar_opex: 10
  solar_lifetime: 20
  carbon_price: 1.0
timeseries_values:
  load_level: 273732.75153830554
  wind_year: 2011
  solar_year: 2019
  price_year: 2023
  carbon_year: 2023
storage_values:
  CAES:
    cost: 47.057
    lifetime: 25.6249
    annual_cost: 1.83637789806009
    efficiency: 0.581253
    discharge_ratio: 0.1
    depth_of_discharge: 0.4
  Li-ion:
    cost: 240.006
    lifetime: 16.8373
    annual_cost: 14.254423215123566
    efficiency: 0.925457
    discharge_ratio: 2
    depth_of_discharge: 0.9
  Pb-acid:
    cost: 164.714
    lifetime: 8.69619
    annual_cost: 18.940938502953593
    efficiency: 0.74548
    discharge_ratio: 5
    depth_of_discharge: 0.5
  VRBF:
    cost: 212.737
    lifetime: 16.4868
    annual_cost: 12.903474294587186
    efficiency: 0.743335
    discharge_ratio: 0.5
    depth_of_discharge: 1.0
