cost_values:
  wind_capex: 5000.0
  wind_opex: 100
  wind_lifetime: 20
  solar_capex: 1000.0
  solar_opex: 10
  solar_lifetime: 20
  carbon_price: 1.0
timeseries_values:
  load_level: 273732.75153830554
  wind_year: 2011
  solar_year: 2019
  price_year: 2023
  carbon_year: 2023
storage_values:
  CAES:
    cost: 41.1527
    lifetime: 25.8291
    annual_cost: 1.5932688324409292
    efficiency: 0.585443
    discharge_ratio: 0.1
    depth_of_discharge: 0.4
  Li-ion:
    cost: 237.359
    lifetime: 18.1322
    annual_cost: 13.090468889599718
    efficiency: 0.925519
    discharge_ratio: 2
    depth_of_discharge: 0.9
  Pb-acid:
    cost: 175.7
    lifetime: 8.72556
    annual_cost: 20.136243404434786
    efficiency: 0.761307
    discharge_ratio: 5
    depth_of_discharge: 0.5
  VRBF:
    cost: 227.824
    lifetime: 19.833
    annual_cost: 11.487117430545053
    efficiency: 0.746002
    discharge_ratio: 0.5
    depth_of_discharge: 1.0
