cost_values:
  wind_capex: 5000.0
  wind_opex: 100
  wind_lifetime: 20
  solar_capex: 1000.0
  solar_opex: 10
  solar_lifetime: 20
  carbon_price: 1.0
timeseries_values:
  load_level: 273732.75153830554
  wind_year: 2011
  solar_year: 2019
  price_year: 2023
  carbon_year: 2023
storage_values:
  CAES:
    cost: 52.9664
    lifetime: 24.6373
    annual_cost: 2.149845965264051
    efficiency: 0.578795
    discharge_ratio: 0.1
    depth_of_discharge: 0.4
  Li-ion:
    cost: 236.889
    lifetime: 15.48
    annual_cost: 15.302906976744186
    efficiency: 0.938502
    discharge_ratio: 2
    depth_of_discharge: 0.9
  Pb-acid:
    cost: 160.689
    lifetime: 7.04044
    annual_cost: 22.823715563231843
    efficiency: 0.743846
    discharge_ratio: 5
    depth_of_discharge: 0.5
  VRBF:
    cost: 190.57
    lifetime: 22.0536
    annual_cost: 8.641219574128487
    efficiency: 0.752973
    discharge_ratio: 0.5
    depth_of_discharge: 1.0
