cost_values:
  wind_capex: 5000.0
  wind_opex: 100
  wind_lifetime: 20
  solar_capex: 1000.0
  solar_opex: 10
  solar_lifetime: 20
  carbon_price: 1.0
timeseries_values:
  load_level: 273732.75153830554
  wind_year: 2011
  solar_year: 2019
  price_year: 2023
  carbon_year: 2023
storage_values:
  CAES:
    cost: 44.3543
    lifetime: 25.4716
    annual_cost: 1.7413236702837671
    efficiency: 0.582555
    discharge_ratio: 0.1
    depth_of_discharge: 0.4
  Li-ion:
    cost: 244.537
    lifetime: 15.9291
    annual_cost: 15.351589229774438
    efficiency: 0.926985
    discharge_ratio: 2
    depth_of_discharge: 0.9
  Pb-acid:
    cost: 179.86
    lifetime: 7.34346
    annual_cost: 24.492541662921838
    efficiency: 0.734973
    discharge_ratio: 5
    depth_of_discharge: 0.5
  VRBF:
    cost: 204.593
    lifetime: 18.596
    annual_cost: 11.001989675198967
    efficiency: 0.739578
    discharge_ratio: 0.5
    depth_of_discharge: 1.0
