cost_values:
  wind_capex: 5000.0
  wind_opex: 100
  wind_lifetime: 20
  solar_capex: 1000.0
  solar_opex: 10
  solar_lifetime: 20
  carbon_price: 1.0
timeseries_values:
  load_level: 273732.75153830554
  wind_year: 2011
  solar_year: 2019
  price_year: 2023
  carbon_year: 2023
storage_values:
  CAES:
    cost: 40.1971
    lifetime: 25.5298
    annual_cost: 1.5745168391448423
    efficiency: 0.581033
    discharge_ratio: 0.1
    depth_of_discharge: 0.4
  Li-ion:
    cost: 246.367
    lifetime: 14.5406
    annual_cost: 16.94338610511258
    efficiency: 0.940745
    discharge_ratio: 2
    depth_of_discharge: 0.9
  Pb-acid:
    cost: 161.896
    lifetime: 6.64316
    annual_cost: 24.370329782814203
    efficiency: 0.732743
    discharge_ratio: 5
    depth_of_discharge: 0.5
  VRBF:
    cost: 218.461
    lifetime: 18.6938
    annual_cost: 11.686281012956169
    efficiency: 0.738161
    discharge_ratio: 0.5
    depth_of_discharge: 1.0
