cost_values:
  wind_capex: 5000.0
  wind_opex: 100
  wind_lifetime: 20
  solar_capex: 1000.0
  solar_opex: 10
  solar_lifetime: 20
  carbon_price: 1.0
timeseries_values:
  load_level: 273732.75153830554
  wind_year: 2011
  solar_year: 2019
  price_year: 2023
  carbon_year: 2023
storage_values:
  CAES:
    cost: 49.7203
    lifetime: 25.4075
    annual_cost: 1.9569142969595594
    efficiency: 0.568144
    discharge_ratio: 0.1
    depth_of_discharge: 0.4
  Li-ion:
    cost: 222.38
    lifetime: 16.5893
    annual_cost: 13.4050261313015
    efficiency: 0.912601
    discharge_ratio: 2
    depth_of_discharge: 0.9
  Pb-acid:
    cost: 162.402
    lifetime: 10.2514
    annual_cost: 15.841933784653802
    efficiency: 0.748174
    discharge_ratio: 5
    depth_of_discharge: 0.5
  VRBF:
    cost: 160.267
    lifetime: 19.6449
    annual_cost: 8.158198820049988
    efficiency: 0.730455
    discharge_ratio: 0.5
    depth_of_discharge: 1.0
