cost_values:
  wind_capex: 5000.0
  wind_opex: 100
  wind_lifetime: 20
  solar_capex: 1000.0
  solar_opex: 10
  solar_lifetime: 20
  carbon_price: 1.0
timeseries_values:
  load_level: 273732.75153830554
  wind_year: 2011
  solar_year: 2019
  price_year: 2023
  carbon_year: 2023
storage_values:
  CAES:
    cost: 49.2591
    lifetime: 24.5447
    annual_cost: 2.00691391624261
    efficiency: 0.56757
    discharge_ratio: 0.1
    depth_of_discharge: 0.4
  Li-ion:
    cost: 247.86
    lifetime: 19.0742
    annual_cost: 12.994516152708895
    efficiency: 0.930111
    discharge_ratio: 2
    depth_of_discharge: 0.9
  Pb-acid:
    cost: 184.116
    lifetime: 8.82027
    annual_cost: 20.87419092612811
    efficiency: 0.728609
    discharge_ratio: 5
    depth_of_discharge: 0.5
  VRBF:
    cost: 199.017
    lifetime: 18.7645
    annual_cost: 10.606037997282101
    efficiency: 0.72711
    discharge_ratio: 0.5
    depth_of_discharge: 1.0
