cost_values:
  wind_capex: 5000.0
  wind_opex: 100
  wind_lifetime: 20
  solar_capex: 1000.0
  solar_opex: 10
  solar_lifetime: 20
  carbon_price: 1.0
timeseries_values:
  load_level: 273732.75153830554
  wind_year: 2011
  solar_year: 2019
  price_year: 2023
  carbon_year: 2023
storage_values:
  CAES:
    cost: 42.99
    lifetime: 24.8375
    annual_cost: 1.7308505284348266
    efficiency: 0.577904
    discharge_ratio: 0.1
    depth_of_discharge: 0.4
  Li-ion:
    cost: 242.974
    lifetime: 19.2163
    annual_cost: 12.644161467087836
    efficiency: 0.930834
    discharge_ratio: 2
    depth_of_discharge: 0.9
  Pb-acid:
    cost: 177.75
    lifetime: 7.82993
    annual_cost: 22.701352374797732
    efficiency: 0.733557
    discharge_ratio: 5
    depth_of_discharge: 0.5
  VRBF:
    cost: 176.078
    lifetime: 19.0433
    annual_cost: 9.246191573939392
    efficiency: 0.752319
    discharge_ratio: 0.5
    depth_of_discharge: 1.0
