cost_values:
  wind_capex: 5000.0
  wind_opex: 100
  wind_lifetime: 20
  solar_capex: 1000.0
  solar_opex: 10
  solar_lifetime: 20
  carbon_price: 1.0
timeseries_values:
  load_level: 273732.75153830554
  wind_year: 2011
  solar_year: 2019
  price_year: 2023
  carbon_year: 2023
storage_values:
  CAES:
    cost: 46.3194
    lifetime: 24.5111
    annual_cost: 1.8897315909934684
    efficiency: 0.590797
    discharge_ratio: 0.1
    depth_of_discharge: 0.4
  Li-ion:
    cost: 227.132
    lifetime: 15.3635
    annual_cost: 14.783870862759137
    efficiency: 0.930306
    discharge_ratio: 2
    depth_of_discharge: 0.9
  Pb-acid:
    cost: 189.459
    lifetime: 8.16117
    annual_cost: 23.214686129562306
    efficiency: 0.728661
    discharge_ratio: 5
    depth_of_discharge: 0.5
  VRBF:
    cost: 226.02
    lifetime: 17.5744
    annual_cost: 12.860752002913328
    efficiency: 0.737616
    discharge_ratio: 0.5
    depth_of_discharge: 1.0
