cost_values:
  wind_capex: 5000.0
  wind_opex: 100
  wind_lifetime: 20
  solar_capex: 1000.0
  solar_opex: 10
  solar_lifetime: 20
  carbon_price: 1.0
timeseries_values:
  load_level: 273732.75153830554
  wind_year: 2011
  solar_year: 2019
  price_year: 2023
  carbon_year: 2023
storage_values:
  CAES:
    cost: 49.1861
    lifetime: 26.076
    annual_cost: 1.8862593956128242
    efficiency: 0.597089
    discharge_ratio: 0.1
    depth_of_discharge: 0.4
  Li-ion:
    cost: 225.835
    lifetime: 18.0572
    annual_cost: 12.506645548590035
    efficiency: 0.926295
    discharge_ratio: 2
    depth_of_discharge: 0.9
  Pb-acid:
    cost: 187.993
    lifetime: 8.03997
    annual_cost: 23.38230117774071
    efficiency: 0.730741
    discharge_ratio: 5
    depth_of_discharge: 0.5
  VRBF:
    cost: 208.374
    lifetime: 19.4596
    annual_cost: 10.708030997553907
    efficiency: 0.732828
    discharge_ratio: 0.5
    depth_of_discharge: 1.0
