cost_values:
  wind_capex: 5000.0
  wind_opex: 100
  wind_lifetime: 20
  solar_capex: 1000.0
  solar_opex: 10
  solar_lifetime: 20
  carbon_price: 1.0
timeseries_values:
  load_level: 273732.75153830554
  wind_year: 2011
  solar_year: 2019
  price_year: 2023
  carbon_year: 2023
storage_values:
  CAES:
    cost: 46.8712
    lifetime: 24.9635
    annual_cost: 1.8775892803493102
    efficiency: 0.581985
    discharge_ratio: 0.1
    depth_of_discharge: 0.4
  Li-ion:
    cost: 228.858
    lifetime: 15.4318
    annual_cost: 14.830285514327556
    efficiency: 0.922094
    discharge_ratio: 2
    depth_of_discharge: 0.9
  Pb-acid:
    cost: 178.323
    lifetime: 7.58362
    annual_cost: 23.514231989472048
    efficiency: 0.752567
    discharge_ratio: 5
    depth_of_discharge: 0.5
  VRBF:
    cost: 207.876
    lifetime: 17.0861
    annual_cost: 12.166380859294984
    efficiency: 0.740725
    discharge_ratio: 0.5
    depth_of_discharge: 1.0
