cost_values:
  wind_capex: 5000.0
  wind_opex: 100
  wind_lifetime: 20
  solar_capex: 1000.0
  solar_opex: 10
  solar_lifetime: 20
  carbon_price: 1.0
timeseries_values:
  load_level: 273732.75153830554
  wind_year: 2011
  solar_year: 2019
  price_year: 2023
  carbon_year: 2023
storage_values:
  CAES:
    cost: 46.4963
    lifetime: 25.4054
    annual_cost: 1.8301739000369999
    efficiency: 0.58164
    discharge_ratio: 0.1
    depth_of_discharge: 0.4
  Li-ion:
    cost: 232.873
    lifetime: 16.9651
    annual_cost: 13.726591649916593
    efficiency: 0.908027
    discharge_ratio: 2
    depth_of_discharge: 0.9
  Pb-acid:
    cost: 193.433
    lifetime: 9.54162
    annual_cost: 20.272553298077266
    efficiency: 0.722139
    discharge_ratio: 5
    depth_of_discharge: 0.5
  VRBF:
    cost: 177.331
    lifetime: 17.6219
    annual_cost: 10.063103297601279
    efficiency: 0.738593
    discharge_ratio: 0.5
    depth_of_discharge: 1.0
