cost_values:
  wind_capex: 5000.0
  wind_opex: 100
  wind_lifetime: 20
  solar_capex: 1000.0
  solar_opex: 10
  solar_lifetime: 20
  carbon_price: 1.0
timeseries_values:
  load_level: 273732.75153830554
  wind_year: 2011
  solar_year: 2019
  price_year: 2023
  carbon_year: 2023
storage_values:
  CAES:
    cost: 44.7741
    lifetime: 25.1865
    annual_cost: 1.7777023405395747
    efficiency: 0.5746
    discharge_ratio: 0.1
    depth_of_discharge: 0.4
  Li-ion:
    cost: 244.333
    lifetime: 17.56
    annual_cost: 13.914179954441915
    efficiency: 0.928153
    discharge_ratio: 2
    depth_of_discharge: 0.9
  Pb-acid:
    cost: 182.386
    lifetime: 8.44734
    annual_cost: 21.590938686024238
    efficiency: 0.734471
    discharge_ratio: 5
    depth_of_discharge: 0.5
  VRBF:
    cost: 167.645
    lifetime: 19.789
    annual_cost: 8.471625650613978
    efficiency: 0.734431
    discharge_ratio: 0.5
    depth_of_discharge: 1.0
