cost_values:
  wind_capex: 5000.0
  wind_opex: 100
  wind_lifetime: 20
  solar_capex: 1000.0
  solar_opex: 10
  solar_lifetime: 20
  carbon_price: 1.0
timeseries_values:
  load_level: 273732.75153830554
  wind_year: 2011
  solar_year: 2019
  price_year: 2023
  carbon_year: 2023
storage_values:
  CAES:
    cost: 41.5146
    lifetime: 25.0357
    annual_cost: 1.6582160674556734
    efficiency: 0.583626
    discharge_ratio: 0.1
    depth_of_discharge: 0.4
  Li-ion:
    cost: 241.629
    lifetime: 15.7277
    annual_cost: 15.363276257812648
    efficiency: 0.92855
    discharge_ratio: 2
    depth_of_discharge: 0.9
  Pb-acid:
    cost: 166.988
    lifetime: 9.04891
    annual_cost: 18.453935335858134
    efficiency: 0.739923
    discharge_ratio: 5
    depth_of_discharge: 0.5
  VRBF:
    cost: 219.098
    lifetime: 20.3703
    annual_cost: 10.755757156251995
    efficiency: 0.743252
    discharge_ratio: 0.5
    depth_of_discharge: 1.0
