cost_values:
  wind_capex: 5000.0
  wind_opex: 100
  wind_lifetime: 20
  solar_capex: 1000.0
  solar_opex: 10
  solar_lifetime: 20
  carbon_price: 1.0
timeseries_values:
  load_level: 273732.75153830554
  wind_year: 2011
  solar_year: 2019
  price_year: 2023
  carbon_year: 2023
storage_values:
  CAES:
    cost: 52.5541
    lifetime: 24.9826
    annual_cost: 2.103628125175122
    efficiency: 0.577305
    discharge_ratio: 0.1
    depth_of_discharge: 0.4
  Li-ion:
    cost: 231.394
    lifetime: 17.1954
    annual_cost: 13.456738430045245
    efficiency: 0.922656
    discharge_ratio: 2
    depth_of_discharge: 0.9
  Pb-acid:
    cost: 202.843
    lifetime: 8.38143
    annual_cost: 24.20147874527378
    efficiency: 0.736696
    discharge_ratio: 5
    depth_of_discharge: 0.5
  VRBF:
    cost: 237.909
    lifetime: 19.9436
    annual_cost: 11.929090033895585
    efficiency: 0.744597
    discharge_ratio: 0.5
    depth_of_discharge: 1.0
