cost_values:
  wind_capex: 5000.0
  wind_opex: 100
  wind_lifetime: 20
  solar_capex: 1000.0
  solar_opex: 10
  solar_lifetime: 20
  carbon_price: 1.0
timeseries_values:
  load_level: 273732.75153830554
  wind_year: 2011
  solar_year: 2019
  price_year: 2023
  carbon_year: 2023
storage_values:
  CAES:
    cost: 52.2936
    lifetime: 25.1658
    annual_cost: 2.0779629497174734
    efficiency: 0.579945
    discharge_ratio: 0.1
    depth_of_discharge: 0.4
  Li-ion:
    cost: 234.723
    lifetime: 15.3929
    annual_cost: 15.24878353006906
    efficiency: 0.92429
    discharge_ratio: 2
    depth_of_discharge: 0.9
  Pb-acid:
    cost: 172.181
    lifetime: 6.77273
    annual_cost: 25.422687749253257
    efficiency: 0.738402
    discharge_ratio: 5
    depth_of_discharge: 0.5
  VRBF:
    cost: 195.251
    lifetime: 19.8166
    annual_cost: 9.852901103115569
    efficiency: 0.728255
    discharge_ratio: 0.5
    depth_of_discharge: 1.0
