cost_values:
  wind_capex: 5000.0
  wind_opex: 100
  wind_lifetime: 20
  solar_capex: 1000.0
  solar_opex: 10
  solar_lifetime: 20
  carbon_price: 1.0
timeseries_values:
  load_level: 273732.75153830554
  wind_year: 2011
  solar_year: 2019
  price_year: 2023
  carbon_year: 2023
storage_values:
  CAES:
    cost: 50.1567
    lifetime: 24.6554
    annual_cost: 2.0343089140715622
    efficiency: 0.568992
    discharge_ratio: 0.1
    depth_of_discharge: 0.4
  Li-ion:
    cost: 241.164
    lifetime: 17.0123
    annual_cost: 14.175860994692075
    efficiency: 0.915999
    discharge_ratio: 2
    depth_of_discharge: 0.9
  Pb-acid:
    cost: 168.648
    lifetime: 7.60609
    annual_cost: 22.172758933959496
    efficiency: 0.745579
    discharge_ratio: 5
    depth_of_discharge: 0.5
  VRBF:
    cost: 208.664
    lifetime: 18.8537
    annual_cost: 11.067535815251118
    efficiency: 0.75183
    discharge_ratio: 0.5
    depth_of_discharge: 1.0
