cost_values:
  wind_capex: 5000.0
  wind_opex: 100
  wind_lifetime: 20
  solar_capex: 1000.0
  solar_opex: 10
  solar_lifetime: 20
  carbon_price: 1.0
timeseries_values:
  load_level: 273732.75153830554
  wind_year: 2011
  solar_year: 2019
  price_year: 2023
  carbon_year: 2023
storage_values:
  CAES:
    cost: 40.832
    lifetime: 26.1158
    annual_cost: 1.5634979590898996
    efficiency: 0.582496
    discharge_ratio: 0.1
    depth_of_discharge: 0.4
  Li-ion:
    cost: 240.898
    lifetime: 14.9017
    annual_cost: 16.165806585825777
    efficiency: 0.930443
    discharge_ratio: 2
    depth_of_discharge: 0.9
  Pb-acid:
    cost: 164.381
    lifetime: 5.67656
    annual_cost: 28.957854757106414
    efficiency: 0.727079
    discharge_ratio: 5
    depth_of_discharge: 0.5
  VRBF:
    cost: 212.282
    lifetime: 18.9168
    annual_cost: 11.221876850207225
    efficiency: 0.732143
    discharge_ratio: 0.5
    depth_of_discharge: 1.0
