cost_values:
  wind_capex: 5000.0
  wind_opex: 100
  wind_lifetime: 20
  solar_capex: 1000.0
  solar_opex: 10
  solar_lifetime: 20
  carbon_price: 1.0
timeseries_values:
  load_level: 273732.75153830554
  wind_year: 2011
  solar_year: 2019
  price_year: 2023
  carbon_year: 2023
storage_values:
  CAES:
    cost: 41.5825
    lifetime: 24.4411
    annual_cost: 1.7013350462949706
    efficiency: 0.570579
    discharge_ratio: 0.1
    depth_of_discharge: 0.4
  Li-ion:
    cost: 229.485
    lifetime: 16.4191
    annual_cost: 13.976710051099026
    efficiency: 0.91401
    discharge_ratio: 2
    depth_of_discharge: 0.9
  Pb-acid:
    cost: 178.012
    lifetime: 8.8247
    annual_cost: 20.172017179054247
    efficiency: 0.738037
    discharge_ratio: 5
    depth_of_discharge: 0.5
  VRBF:
    cost: 213.095
    lifetime: 19.8073
    annual_cost: 10.75840725389124
    efficiency: 0.740139
    discharge_ratio: 0.5
    depth_of_discharge: 1.0
