cost_values:
  wind_capex: 5000.0
  wind_opex: 100
  wind_lifetime: 20
  solar_capex: 1000.0
  solar_opex: 10
  solar_lifetime: 20
  carbon_price: 1.0
timeseries_values:
  load_level: 273732.75153830554
  wind_year: 2011
  solar_year: 2019
  price_year: 2023
  carbon_year: 2023
storage_values:
  CAES:
    cost: 47.7353
    lifetime: 25.7641
    annual_cost: 1.8527835243614177
    efficiency: 0.576137
    discharge_ratio: 0.1
    depth_of_discharge: 0.4
  Li-ion:
    cost: 217.699
    lifetime: 18.8198
    annual_cost: 11.567551196080723
    efficiency: 0.924691
    discharge_ratio: 2
    depth_of_discharge: 0.9
  Pb-acid:
    cost: 186.332
    lifetime: 8.51204
    annual_cost: 21.890404650354085
    efficiency: 0.719537
    discharge_ratio: 5
    depth_of_discharge: 0.5
  VRBF:
    cost: 244.215
    lifetime: 19.083
    annual_cost: 12.797516113818583
    efficiency: 0.730005
    discharge_ratio: 0.5
    depth_of_discharge: 1.0
