cost_values:
  wind_capex: 5000.0
  wind_opex: 100
  wind_lifetime: 20
  solar_capex: 1000.0
  solar_opex: 10
  solar_lifetime: 20
  carbon_price: 1.0
timeseries_values:
  load_level: 266250.122375751
  wind_year: 2015
  solar_year: 2013
  price_year: 2023
  carbon_year: 2023
storage_values:
  CAES:
    cost: 42.0494
    lifetime: 25.3868
    annual_cost: 1.656348968755416
    efficiency: 0.644354
    discharge_ratio: 0.1
    depth_of_discharge: 0.4
  Li-ion:
    cost: 164.535
    lifetime: 24.7147
    annual_cost: 6.657373951534916
    efficiency: 0.942122
    discharge_ratio: 2
    depth_of_discharge: 0.9
  Pb-acid:
    cost: 117.942
    lifetime: 7.55797
    annual_cost: 15.604983877946061
    efficiency: 0.666208
    discharge_ratio: 5
    depth_of_discharge: 0.5
  VRBF:
    cost: 304.306
    lifetime: 24.3677
    annual_cost: 12.488088740422773
    efficiency: 0.754911
    discharge_ratio: 0.5
    depth_of_discharge: 1.0
