cost_values:
  wind_capex: 5000.0
  wind_opex: 100
  wind_lifetime: 20
  solar_capex: 1000.0
  solar_opex: 10
  solar_lifetime: 20
  carbon_price: 1.0
timeseries_values:
  load_level: 266250.122375751
  wind_year: 2015
  solar_year: 2013
  price_year: 2023
  carbon_year: 2023
storage_values:
  CAES:
    cost: 35.0007
    lifetime: 25.7262
    annual_cost: 1.360507964643049
    efficiency: 0.648928
    discharge_ratio: 0.1
    depth_of_discharge: 0.4
  Li-ion:
    cost: 139.549
    lifetime: 21.3888
    annual_cost: 6.524395945541592
    efficiency: 0.94433
    discharge_ratio: 2
    depth_of_discharge: 0.9
  Pb-acid:
    cost: 156.357
    lifetime: 5.84715
    annual_cost: 26.74071983786973
    efficiency: 0.66343
    discharge_ratio: 5
    depth_of_discharge: 0.5
  VRBF:
    cost: 321.537
    lifetime: 26.4926
    annual_cost: 12.136860859258812
    efficiency: 0.766528
    discharge_ratio: 0.5
    depth_of_discharge: 1.0
