cost_values:
  wind_capex: 5000.0
  wind_opex: 100
  wind_lifetime: 20
  solar_capex: 1000.0
  solar_opex: 10
  solar_lifetime: 20
  carbon_price: 1.0
timeseries_values:
  load_level: 266250.122375751
  wind_year: 2015
  solar_year: 2013
  price_year: 2023
  carbon_year: 2023
storage_values:
  CAES:
    cost: 43.1174
    lifetime: 26.0269
    annual_cost: 1.6566475454241574
    efficiency: 0.645088
    discharge_ratio: 0.1
    depth_of_discharge: 0.4
  Li-ion:
    cost: 156.969
    lifetime: 23.0136
    annual_cost: 6.820706017311503
    efficiency: 0.932338
    discharge_ratio: 2
    depth_of_discharge: 0.9
  Pb-acid:
    cost: 137.049
    lifetime: 6.80258
    annual_cost: 20.146620840916242
    efficiency: 0.674154
    discharge_ratio: 5
    depth_of_discharge: 0.5
  VRBF:
    cost: 341.847
    lifetime: 25.0967
    annual_cost: 13.62119322460722
    efficiency: 0.74858
    discharge_ratio: 0.5
    depth_of_discharge: 1.0
