cost_values:
  wind_capex: 5000.0
  wind_opex: 100
  wind_lifetime: 20
  solar_capex: 1000.0
  solar_opex: 10
  solar_lifetime: 20
  carbon_price: 1.0
timeseries_values:
  load_level: 266250.122375751
  wind_year: 2015
  solar_year: 2013
  price_year: 2023
  carbon_year: 2023
storage_values:
  CAES:
    cost: 49.1239
    lifetime: 25.6534
    annual_cost: 1.9149079654158903
    efficiency: 0.63937
    discharge_ratio: 0.1
    depth_of_discharge: 0.4
  Li-ion:
    cost: 151.608
    lifetime: 22.9873
    annual_cost: 6.5952939231662695
    efficiency: 0.925285
    discharge_ratio: 2
    depth_of_discharge: 0.9
  Pb-acid:
    cost: 129.522
    lifetime: 7.06833
    annual_cost: 18.324271786970897
    efficiency: 0.673207
    discharge_ratio: 5
    depth_of_discharge: 0.5
  VRBF:
    cost: 319.523
    lifetime: 28.6466
    annual_cost: 11.15395893404453
    efficiency: 0.75269
    discharge_ratio: 0.5
    depth_of_discharge: 1.0
