cost_values:
  wind_capex: 5000.0
  wind_opex: 100
  wind_lifetime: 20
  solar_capex: 1000.0
  solar_opex: 10
  solar_lifetime: 20
  carbon_price: 1.0
timeseries_values:
  load_level: 266250.122375751
  wind_year: 2015
  solar_year: 2013
  price_year: 2023
  carbon_year: 2023
storage_values:
  CAES:
    cost: 41.0176
    lifetime: 25.0832
    annual_cost: 1.6352618485679657
    efficiency: 0.647584
    discharge_ratio: 0.1
    depth_of_discharge: 0.4
  Li-ion:
    cost: 138.719
    lifetime: 22.3072
    annual_cost: 6.218575168555443
    efficiency: 0.949397
    discharge_ratio: 2
    depth_of_discharge: 0.9
  Pb-acid:
    cost: 135.454
    lifetime: 6.94133
    annual_cost: 19.5141276959891
    efficiency: 0.663833
    discharge_ratio: 5
    depth_of_discharge: 0.5
  VRBF:
    cost: 331.199
    lifetime: 26.7505
    annual_cost: 12.381039606736323
    efficiency: 0.74685
    discharge_ratio: 0.5
    depth_of_discharge: 1.0
