cost_values:
  wind_capex: 5000.0
  wind_opex: 100
  wind_lifetime: 20
  solar_capex: 1000.0
  solar_opex: 10
  solar_lifetime: 20
  carbon_price: 1.0
timeseries_values:
  load_level: 266250.122375751
  wind_year: 2015
  solar_year: 2013
  price_year: 2023
  carbon_year: 2023
storage_values:
  CAES:
    cost: 41.3282
    lifetime: 26.831
    annual_cost: 1.5403153069210989
    efficiency: 0.638652
    discharge_ratio: 0.1
    depth_of_discharge: 0.4
  Li-ion:
    cost: 135.916
    lifetime: 22.2498
    annual_cost: 6.108639178779135
    efficiency: 0.922888
    discharge_ratio: 2
    depth_of_discharge: 0.9
  Pb-acid:
    cost: 150.596
    lifetime: 8.3868
    annual_cost: 17.956312300281397
    efficiency: 0.666204
    discharge_ratio: 5
    depth_of_discharge: 0.5
  VRBF:
    cost: 326.858
    lifetime: 28.6465
    annual_cost: 11.410050093379645
    efficiency: 0.749051
    discharge_ratio: 0.5
    depth_of_discharge: 1.0
