cost_values:
  wind_capex: 5000.0
  wind_opex: 100
  wind_lifetime: 20
  solar_capex: 1000.0
  solar_opex: 10
  solar_lifetime: 20
  carbon_price: 1.0
timeseries_values:
  load_level: 266250.122375751
  wind_year: 2015
  solar_year: 2013
  price_year: 2023
  carbon_year: 2023
storage_values:
  CAES:
    cost: 38.7971
    lifetime: 25.6302
    annual_cost: 1.5137259951151376
    efficiency: 0.646986
    discharge_ratio: 0.1
    depth_of_discharge: 0.4
  Li-ion:
    cost: 149.703
    lifetime: 23.889
    annual_cost: 6.266608062288083
    efficiency: 0.934109
    discharge_ratio: 2
    depth_of_discharge: 0.9
  Pb-acid:
    cost: 139.541
    lifetime: 6.55637
    annual_cost: 21.283271078355856
    efficiency: 0.659652
    discharge_ratio: 5
    depth_of_discharge: 0.5
  VRBF:
    cost: 325.536
    lifetime: 28.2247
    annual_cost: 11.533727550691417
    efficiency: 0.751343
    discharge_ratio: 0.5
    depth_of_discharge: 1.0
