cost_values:
  wind_capex: 5000.0
  wind_opex: 100
  wind_lifetime: 20
  solar_capex: 1000.0
  solar_opex: 10
  solar_lifetime: 20
  carbon_price: 1.0
timeseries_values:
  load_level: 266250.122375751
  wind_year: 2015
  solar_year: 2013
  price_year: 2023
  carbon_year: 2023
storage_values:
  CAES:
    cost: 42.2914
    lifetime: 24.2906
    annual_cost: 1.7410603278634533
    efficiency: 0.635646
    discharge_ratio: 0.1
    depth_of_discharge: 0.4
  Li-ion:
    cost: 155.099
    lifetime: 24.1549
    annual_cost: 6.421016025733908
    efficiency: 0.924747
    discharge_ratio: 2
    depth_of_discharge: 0.9
  Pb-acid:
    cost: 138.921
    lifetime: 6.55202
    annual_cost: 21.202774106306148
    efficiency: 0.679418
    discharge_ratio: 5
    depth_of_discharge: 0.5
  VRBF:
    cost: 317.887
    lifetime: 25.2319
    annual_cost: 12.598615244987496
    efficiency: 0.762395
    discharge_ratio: 0.5
    depth_of_discharge: 1.0
