cost_values:
  wind_capex: 5000.0
  wind_opex: 100
  wind_lifetime: 20
  solar_capex: 1000.0
  solar_opex: 10
  solar_lifetime: 20
  carbon_price: 1.0
timeseries_values:
  load_level: 266250.122375751
  wind_year: 2015
  solar_year: 2013
  price_year: 2023
  carbon_year: 2023
storage_values:
  CAES:
    cost: 40.7058
    lifetime: 25.5507
    annual_cost: 1.5931383484601207
    efficiency: 0.649365
    discharge_ratio: 0.1
    depth_of_discharge: 0.4
  Li-ion:
    cost: 160.971
    lifetime: 23.0238
    annual_cost: 6.991504443228311
    efficiency: 0.93087
    discharge_ratio: 2
    depth_of_discharge: 0.9
  Pb-acid:
    cost: 163.822
    lifetime: 6.63436
    annual_cost: 24.69296209430902
    efficiency: 0.665021
    discharge_ratio: 5
    depth_of_discharge: 0.5
  VRBF:
    cost: 341.342
    lifetime: 27.8524
    annual_cost: 12.255389122660883
    efficiency: 0.743526
    discharge_ratio: 0.5
    depth_of_discharge: 1.0
