cost_values:
  wind_capex: 5000.0
  wind_opex: 100
  wind_lifetime: 20
  solar_capex: 1000.0
  solar_opex: 10
  solar_lifetime: 20
  carbon_price: 1.0
timeseries_values:
  load_level: 266250.122375751
  wind_year: 2015
  solar_year: 2013
  price_year: 2023
  carbon_year: 2023
storage_values:
  CAES:
    cost: 37.3413
    lifetime: 24.9958
    annual_cost: 1.4939029756999176
    efficiency: 0.645287
    discharge_ratio: 0.1
    depth_of_discharge: 0.4
  Li-ion:
    cost: 140.501
    lifetime: 24.1232
    annual_cost: 5.824310207600981
    efficiency: 0.931421
    discharge_ratio: 2
    depth_of_discharge: 0.9
  Pb-acid:
    cost: 120.985
    lifetime: 5.73399
    annual_cost: 21.099618241399096
    efficiency: 0.666887
    discharge_ratio: 5
    depth_of_discharge: 0.5
  VRBF:
    cost: 302.134
    lifetime: 25.024
    annual_cost: 12.073769181585678
    efficiency: 0.753682
    discharge_ratio: 0.5
    depth_of_discharge: 1.0
