cost_values:
  wind_capex: 5000.0
  wind_opex: 100
  wind_lifetime: 20
  solar_capex: 1000.0
  solar_opex: 10
  solar_lifetime: 20
  carbon_price: 1.0
timeseries_values:
  load_level: 266250.122375751
  wind_year: 2015
  solar_year: 2013
  price_year: 2023
  carbon_year: 2023
storage_values:
  CAES:
    cost: 37.2634
    lifetime: 26.5803
    annual_cost: 1.4019179617987756
    efficiency: 0.646139
    discharge_ratio: 0.1
    depth_of_discharge: 0.4
  Li-ion:
    cost: 163.533
    lifetime: 20.6152
    annual_cost: 7.932641934106871
    efficiency: 0.93133
    discharge_ratio: 2
    depth_of_discharge: 0.9
  Pb-acid:
    cost: 125.52
    lifetime: 7.85869
    annual_cost: 15.972127670133316
    efficiency: 0.655886
    discharge_ratio: 5
    depth_of_discharge: 0.5
  VRBF:
    cost: 329.994
    lifetime: 26.52
    annual_cost: 12.443212669683259
    efficiency: 0.770083
    discharge_ratio: 0.5
    depth_of_discharge: 1.0
