cost_values:
  wind_capex: 5000.0
  wind_opex: 100
  wind_lifetime: 20
  solar_capex: 1000.0
  solar_opex: 10
  solar_lifetime: 20
  carbon_price: 1.0
timeseries_values:
  load_level: 266250.122375751
  wind_year: 2015
  solar_year: 2013
  price_year: 2023
  carbon_year: 2023
storage_values:
  CAES:
    cost: 42.6828
    lifetime: 26.2432
    annual_cost: 1.6264327521034019
    efficiency: 0.642009
    discharge_ratio: 0.1
    depth_of_discharge: 0.4
  Li-ion:
    cost: 146.774
    lifetime: 23.424
    annual_cost: 6.265966530054645
    efficiency: 0.941437
    discharge_ratio: 2
    depth_of_discharge: 0.9
  Pb-acid:
    cost: 149.944
    lifetime: 5.18319
    annual_cost: 28.928902857120807
    efficiency: 0.665531
    discharge_ratio: 5
    depth_of_discharge: 0.5
  VRBF:
    cost: 330.47
    lifetime: 27.2939
    annual_cost: 12.107833618500838
    efficiency: 0.749401
    discharge_ratio: 0.5
    depth_of_discharge: 1.0
