cost_values:
  wind_capex: 5000.0
  wind_opex: 100
  wind_lifetime: 20
  solar_capex: 1000.0
  solar_opex: 10
  solar_lifetime: 20
  carbon_price: 1.0
timeseries_values:
  load_level: 266250.122375751
  wind_year: 2015
  solar_year: 2013
  price_year: 2023
  carbon_year: 2023
storage_values:
  CAES:
    cost: 39.2519
    lifetime: 25.6036
    annual_cost: 1.5330617569404301
    efficiency: 0.636845
    discharge_ratio: 0.1
    depth_of_discharge: 0.4
  Li-ion:
    cost: 171.389
    lifetime: 22.234
    annual_cost: 7.708419537645048
    efficiency: 0.930764
    discharge_ratio: 2
    depth_of_discharge: 0.9
  Pb-acid:
    cost: 127.396
    lifetime: 7.31784
    annual_cost: 17.408962207427326
    efficiency: 0.664295
    discharge_ratio: 5
    depth_of_discharge: 0.5
  VRBF:
    cost: 298.676
    lifetime: 25.3455
    annual_cost: 11.784182596516146
    efficiency: 0.733615
    discharge_ratio: 0.5
    depth_of_discharge: 1.0
