cost_values:
  wind_capex: 5000.0
  wind_opex: 100
  wind_lifetime: 20
  solar_capex: 1000.0
  solar_opex: 10
  solar_lifetime: 20
  carbon_price: 1.0
timeseries_values:
  load_level: 266250.122375751
  wind_year: 2015
  solar_year: 2013
  price_year: 2023
  carbon_year: 2023
storage_values:
  CAES:
    cost: 41.889
    lifetime: 26.9534
    annual_cost: 1.5541267520980657
    efficiency: 0.640367
    discharge_ratio: 0.1
    depth_of_discharge: 0.4
  Li-ion:
    cost: 150.401
    lifetime: 22.6369
    annual_cost: 6.64406345391816
    efficiency: 0.954072
    discharge_ratio: 2
    depth_of_discharge: 0.9
  Pb-acid:
    cost: 134.472
    lifetime: 5.23687
    annual_cost: 25.677933574826188
    efficiency: 0.668207
    discharge_ratio: 5
    depth_of_discharge: 0.5
  VRBF:
    cost: 311.578
    lifetime: 28.21
    annual_cost: 11.044948599787308
    efficiency: 0.76039
    discharge_ratio: 0.5
    depth_of_discharge: 1.0
