cost_values:
  wind_capex: 5000.0
  wind_opex: 100
  wind_lifetime: 20
  solar_capex: 1000.0
  solar_opex: 10
  solar_lifetime: 20
  carbon_price: 1.0
timeseries_values:
  load_level: 266250.122375751
  wind_year: 2015
  solar_year: 2013
  price_year: 2023
  carbon_year: 2023
storage_values:
  CAES:
    cost: 38.9933
    lifetime: 25.9404
    annual_cost: 1.503188077284853
    efficiency: 0.630917
    discharge_ratio: 0.1
    depth_of_discharge: 0.4
  Li-ion:
    cost: 154.984
    lifetime: 24.9529
    annual_cost: 6.211061640130005
    efficiency: 0.933796
    discharge_ratio: 2
    depth_of_discharge: 0.9
  Pb-acid:
    cost: 124.412
    lifetime: 6.63374
    annual_cost: 18.754428120487084
    efficiency: 0.656332
    discharge_ratio: 5
    depth_of_discharge: 0.5
  VRBF:
    cost: 304.775
    lifetime: 29.6267
    annual_cost: 10.287173394269358
    efficiency: 0.735471
    discharge_ratio: 0.5
    depth_of_discharge: 1.0
