cost_values:
  wind_capex: 5000.0
  wind_opex: 100
  wind_lifetime: 20
  solar_capex: 1000.0
  solar_opex: 10
  solar_lifetime: 20
  carbon_price: 1.0
timeseries_values:
  load_level: 266250.122375751
  wind_year: 2015
  solar_year: 2013
  price_year: 2023
  carbon_year: 2023
storage_values:
  CAES:
    cost: 41.9232
    lifetime: 25.8099
    annual_cost: 1.6243069519835414
    efficiency: 0.642422
    discharge_ratio: 0.1
    depth_of_discharge: 0.4
  Li-ion:
    cost: 149.118
    lifetime: 22.9188
    annual_cost: 6.5063615896120215
    efficiency: 0.930414
    discharge_ratio: 2
    depth_of_discharge: 0.9
  Pb-acid:
    cost: 140.367
    lifetime: 5.64301
    annual_cost: 24.874490741643196
    efficiency: 0.664742
    discharge_ratio: 5
    depth_of_discharge: 0.5
  VRBF:
    cost: 308.081
    lifetime: 25.5874
    annual_cost: 12.040340167426157
    efficiency: 0.760629
    discharge_ratio: 0.5
    depth_of_discharge: 1.0
