cost_values:
  wind_capex: 5000.0
  wind_opex: 100
  wind_lifetime: 20
  solar_capex: 1000.0
  solar_opex: 10
  solar_lifetime: 20
  carbon_price: 1.0
timeseries_values:
  load_level: 266250.122375751
  wind_year: 2015
  solar_year: 2013
  price_year: 2023
  carbon_year: 2023
storage_values:
  CAES:
    cost: 44.5875
    lifetime: 25.7226
    annual_cost: 1.7333978680226727
    efficiency: 0.643726
    discharge_ratio: 0.1
    depth_of_discharge: 0.4
  Li-ion:
    cost: 140.993
    lifetime: 22.6898
    annual_cost: 6.213937540216308
    efficiency: 0.939246
    discharge_ratio: 2
    depth_of_discharge: 0.9
  Pb-acid:
    cost: 130.042
    lifetime: 5.76297
    annual_cost: 22.565100980917826
    efficiency: 0.668668
    discharge_ratio: 5
    depth_of_discharge: 0.5
  VRBF:
    cost: 346.107
    lifetime: 25.1006
    annual_cost: 13.788793893373068
    efficiency: 0.76568
    discharge_ratio: 0.5
    depth_of_discharge: 1.0
