cost_values:
  wind_capex: 5000.0
  wind_opex: 100
  wind_lifetime: 20
  solar_capex: 1000.0
  solar_opex: 10
  solar_lifetime: 20
  carbon_price: 1.0
timeseries_values:
  load_level: 266250.122375751
  wind_year: 2015
  solar_year: 2013
  price_year: 2023
  carbon_year: 2023
storage_values:
  CAES:
    cost: 39.6083
    lifetime: 25.2373
    annual_cost: 1.5694349237041996
    efficiency: 0.641692
    discharge_ratio: 0.1
    depth_of_discharge: 0.4
  Li-ion:
    cost: 141.483
    lifetime: 22.343
    annual_cost: 6.332318847066196
    efficiency: 0.943791
    discharge_ratio: 2
    depth_of_discharge: 0.9
  Pb-acid:
    cost: 129.465
    lifetime: 5.85056
    annual_cost: 22.128650932560305
    efficiency: 0.67766
    discharge_ratio: 5
    depth_of_discharge: 0.5
  VRBF:
    cost: 334.098
    lifetime: 26.9929
    annual_cost: 12.377254759584929
    efficiency: 0.774303
    discharge_ratio: 0.5
    depth_of_discharge: 1.0
