cost_values:
  wind_capex: 5000.0
  wind_opex: 100
  wind_lifetime: 20
  solar_capex: 1000.0
  solar_opex: 10
  solar_lifetime: 20
  carbon_price: 1.0
timeseries_values:
  load_level: 266250.122375751
  wind_year: 2015
  solar_year: 2013
  price_year: 2023
  carbon_year: 2023
storage_values:
  CAES:
    cost: 42.1106
    lifetime: 26.3997
    annual_cost: 1.5951166111736117
    efficiency: 0.647774
    discharge_ratio: 0.1
    depth_of_discharge: 0.4
  Li-ion:
    cost: 138.063
    lifetime: 23.6779
    annual_cost: 5.830880272321447
    efficiency: 0.924224
    discharge_ratio: 2
    depth_of_discharge: 0.9
  Pb-acid:
    cost: 131.469
    lifetime: 5.08578
    annual_cost: 25.850312046529737
    efficiency: 0.666719
    discharge_ratio: 5
    depth_of_discharge: 0.5
  VRBF:
    cost: 335.258
    lifetime: 27.7924
    annual_cost: 12.062938069400266
    efficiency: 0.753192
    discharge_ratio: 0.5
    depth_of_discharge: 1.0
