cost_values:
  wind_capex: 5000.0
  wind_opex: 100
  wind_lifetime: 20
  solar_capex: 1000.0
  solar_opex: 10
  solar_lifetime: 20
  carbon_price: 1.0
timeseries_values:
  load_level: 266250.122375751
  wind_year: 2015
  solar_year: 2013
  price_year: 2023
  carbon_year: 2023
storage_values:
  CAES:
    cost: 39.4108
    lifetime: 25.5962
    annual_cost: 1.5397129261374736
    efficiency: 0.649511
    discharge_ratio: 0.1
    depth_of_discharge: 0.4
  Li-ion:
    cost: 145.471
    lifetime: 24.2623
    annual_cost: 5.995762973831829
    efficiency: 0.941156
    discharge_ratio: 2
    depth_of_discharge: 0.9
  Pb-acid:
    cost: 144.747
    lifetime: 5.05933
    annual_cost: 28.609914751558016
    efficiency: 0.660155
    discharge_ratio: 5
    depth_of_discharge: 0.5
  VRBF:
    cost: 311.382
    lifetime: 26.295
    annual_cost: 11.841871078151739
    efficiency: 0.756458
    discharge_ratio: 0.5
    depth_of_discharge: 1.0
