cost_values:
  wind_capex: 5000.0
  wind_opex: 100
  wind_lifetime: 20
  solar_capex: 1000.0
  solar_opex: 10
  solar_lifetime: 20
  carbon_price: 1.0
timeseries_values:
  load_level: 266250.122375751
  wind_year: 2015
  solar_year: 2013
  price_year: 2023
  carbon_year: 2023
storage_values:
  CAES:
    cost: 35.7376
    lifetime: 26.6402
    annual_cost: 1.3414914302445178
    efficiency: 0.639232
    discharge_ratio: 0.1
    depth_of_discharge: 0.4
  Li-ion:
    cost: 135.022
    lifetime: 25.3576
    annual_cost: 5.324715272738744
    efficiency: 0.933082
    discharge_ratio: 2
    depth_of_discharge: 0.9
  Pb-acid:
    cost: 146.179
    lifetime: 6.00528
    annual_cost: 24.34174593024805
    efficiency: 0.657939
    discharge_ratio: 5
    depth_of_discharge: 0.5
  VRBF:
    cost: 296.864
    lifetime: 26.2731
    annual_cost: 11.299161499784951
    efficiency: 0.74185
    discharge_ratio: 0.5
    depth_of_discharge: 1.0
