cost_values:
  wind_capex: 5000.0
  wind_opex: 100
  wind_lifetime: 20
  solar_capex: 1000.0
  solar_opex: 10
  solar_lifetime: 20
  carbon_price: 1.0
timeseries_values:
  load_level: 266250.122375751
  wind_year: 2015
  solar_year: 2013
  price_year: 2023
  carbon_year: 2023
storage_values:
  CAES:
    cost: 39.3601
    lifetime: 25.465
    annual_cost: 1.5456548203416456
    efficiency: 0.630033
    discharge_ratio: 0.1
    depth_of_discharge: 0.4
  Li-ion:
    cost: 148.246
    lifetime: 22.8147
    annual_cost: 6.497828154654675
    efficiency: 0.931455
    discharge_ratio: 2
    depth_of_discharge: 0.9
  Pb-acid:
    cost: 145.608
    lifetime: 5.711
    annual_cost: 25.496060234634914
    efficiency: 0.655201
    discharge_ratio: 5
    depth_of_discharge: 0.5
  VRBF:
    cost: 299.785
    lifetime: 27.4272
    annual_cost: 10.930207968731771
    efficiency: 0.738095
    discharge_ratio: 0.5
    depth_of_discharge: 1.0
