cost_values:
  wind_capex: 5000.0
  wind_opex: 100
  wind_lifetime: 20
  solar_capex: 1000.0
  solar_opex: 10
  solar_lifetime: 20
  carbon_price: 1.0
timeseries_values:
  load_level: 266250.122375751
  wind_year: 2015
  solar_year: 2013
  price_year: 2023
  carbon_year: 2023
storage_values:
  CAES:
    cost: 33.2598
    lifetime: 26.5408
    annual_cost: 1.2531574029418857
    efficiency: 0.642225
    discharge_ratio: 0.1
    depth_of_discharge: 0.4
  Li-ion:
    cost: 135.656
    lifetime: 24.5138
    annual_cost: 5.533862559048373
    efficiency: 0.93492
    discharge_ratio: 2
    depth_of_discharge: 0.9
  Pb-acid:
    cost: 119.186
    lifetime: 7.23228
    annual_cost: 16.479727001720068
    efficiency: 0.661626
    discharge_ratio: 5
    depth_of_discharge: 0.5
  VRBF:
    cost: 286.753
    lifetime: 28.4577
    annual_cost: 10.076464366410496
    efficiency: 0.764599
    discharge_ratio: 0.5
    depth_of_discharge: 1.0
