cost_values:
  wind_capex: 5000.0
  wind_opex: 100
  wind_lifetime: 20
  solar_capex: 1000.0
  solar_opex: 10
  solar_lifetime: 20
  carbon_price: 1.0
timeseries_values:
  load_level: 266250.122375751
  wind_year: 2015
  solar_year: 2013
  price_year: 2023
  carbon_year: 2023
storage_values:
  CAES:
    cost: 43.1889
    lifetime: 26.1744
    annual_cost: 1.6500435540069687
    efficiency: 0.647925
    discharge_ratio: 0.1
    depth_of_discharge: 0.4
  Li-ion:
    cost: 162.538
    lifetime: 23.1101
    annual_cost: 7.033201933353816
    efficiency: 0.928284
    discharge_ratio: 2
    depth_of_discharge: 0.9
  Pb-acid:
    cost: 122.46
    lifetime: 5.8745
    annual_cost: 20.846029449314834
    efficiency: 0.656237
    discharge_ratio: 5
    depth_of_discharge: 0.5
  VRBF:
    cost: 327.386
    lifetime: 27.1917
    annual_cost: 12.039923947381002
    efficiency: 0.764003
    discharge_ratio: 0.5
    depth_of_discharge: 1.0
