cost_values:
  wind_capex: 5000.0
  wind_opex: 100
  wind_lifetime: 20
  solar_capex: 1000.0
  solar_opex: 10
  solar_lifetime: 20
  carbon_price: 1.0
timeseries_values:
  load_level: 266250.122375751
  wind_year: 2015
  solar_year: 2013
  price_year: 2023
  carbon_year: 2023
storage_values:
  CAES:
    cost: 42.8218
    lifetime: 26.6752
    annual_cost: 1.6053038027831095
    efficiency: 0.643177
    discharge_ratio: 0.1
    depth_of_discharge: 0.4
  Li-ion:
    cost: 146.751
    lifetime: 21.5043
    annual_cost: 6.824263054365871
    efficiency: 0.938453
    discharge_ratio: 2
    depth_of_discharge: 0.9
  Pb-acid:
    cost: 136.434
    lifetime: 7.72257
    annual_cost: 17.666916583468975
    efficiency: 0.654237
    discharge_ratio: 5
    depth_of_discharge: 0.5
  VRBF:
    cost: 326.021
    lifetime: 25.2753
    annual_cost: 12.898798431670444
    efficiency: 0.752375
    discharge_ratio: 0.5
    depth_of_discharge: 1.0
