cost_values:
  wind_capex: 5000.0
  wind_opex: 100
  wind_lifetime: 20
  solar_capex: 1000.0
  solar_opex: 10
  solar_lifetime: 20
  carbon_price: 1.0
timeseries_values:
  load_level: 266250.122375751
  wind_year: 2015
  solar_year: 2013
  price_year: 2023
  carbon_year: 2023
storage_values:
  CAES:
    cost: 41.8208
    lifetime: 25.1775
    annual_cost: 1.6610386257571244
    efficiency: 0.631993
    discharge_ratio: 0.1
    depth_of_discharge: 0.4
  Li-ion:
    cost: 158.216
    lifetime: 24.0614
    annual_cost: 6.575510984398249
    efficiency: 0.920487
    discharge_ratio: 2
    depth_of_discharge: 0.9
  Pb-acid:
    cost: 152.798
    lifetime: 7.64263
    annual_cost: 19.99285586244526
    efficiency: 0.662234
    discharge_ratio: 5
    depth_of_discharge: 0.5
  VRBF:
    cost: 315.227
    lifetime: 27.6594
    annual_cost: 11.39674034866989
    efficiency: 0.771668
    discharge_ratio: 0.5
    depth_of_discharge: 1.0
