cost_values:
  wind_capex: 5000.0
  wind_opex: 100
  wind_lifetime: 20
  solar_capex: 1000.0
  solar_opex: 10
  solar_lifetime: 20
  carbon_price: 1.0
timeseries_values:
  load_level: 266250.122375751
  wind_year: 2015
  solar_year: 2013
  price_year: 2023
  carbon_year: 2023
storage_values:
  CAES:
    cost: 34.9043
    lifetime: 26.3364
    annual_cost: 1.3253254051426921
    efficiency: 0.634681
    discharge_ratio: 0.1
    depth_of_discharge: 0.4
  Li-ion:
    cost: 142.977
    lifetime: 24.0778
    annual_cost: 5.938125576256967
    efficiency: 0.939443
    discharge_ratio: 2
    depth_of_discharge: 0.9
  Pb-acid:
    cost: 121.096
    lifetime: 5.22561
    annual_cost: 23.173562512319137
    efficiency: 0.667613
    discharge_ratio: 5
    depth_of_discharge: 0.5
  VRBF:
    cost: 319.281
    lifetime: 27.3016
    annual_cost: 11.694589328097987
    efficiency: 0.730153
    discharge_ratio: 0.5
    depth_of_discharge: 1.0
