cost_values:
  wind_capex: 5000.0
  wind_opex: 100
  wind_lifetime: 20
  solar_capex: 1000.0
  solar_opex: 10
  solar_lifetime: 20
  carbon_price: 1.0
timeseries_values:
  load_level: 266250.122375751
  wind_year: 2015
  solar_year: 2013
  price_year: 2023
  carbon_year: 2023
storage_values:
  CAES:
    cost: 38.3802
    lifetime: 25.4242
    annual_cost: 1.5095932222056152
    efficiency: 0.64201
    discharge_ratio: 0.1
    depth_of_discharge: 0.4
  Li-ion:
    cost: 154.86
    lifetime: 23.1278
    annual_cost: 6.6958379093558404
    efficiency: 0.934254
    discharge_ratio: 2
    depth_of_discharge: 0.9
  Pb-acid:
    cost: 143.4
    lifetime: 6.71516
    annual_cost: 21.35466615836406
    efficiency: 0.672617
    discharge_ratio: 5
    depth_of_discharge: 0.5
  VRBF:
    cost: 328.426
    lifetime: 26.6006
    annual_cost: 12.346563611347111
    efficiency: 0.766839
    discharge_ratio: 0.5
    depth_of_discharge: 1.0
