cost_values:
  wind_capex: 5000.0
  wind_opex: 100
  wind_lifetime: 20
  solar_capex: 1000.0
  solar_opex: 10
  solar_lifetime: 20
  carbon_price: 1.0
timeseries_values:
  load_level: 266250.122375751
  wind_year: 2015
  solar_year: 2013
  price_year: 2023
  carbon_year: 2023
storage_values:
  CAES:
    cost: 40.4588
    lifetime: 26.5071
    annual_cost: 1.5263382263619933
    efficiency: 0.649331
    discharge_ratio: 0.1
    depth_of_discharge: 0.4
  Li-ion:
    cost: 148.112
    lifetime: 23.5922
    annual_cost: 6.2780071379523745
    efficiency: 0.930744
    discharge_ratio: 2
    depth_of_discharge: 0.9
  Pb-acid:
    cost: 145.793
    lifetime: 7.805
    annual_cost: 18.679436258808458
    efficiency: 0.665035
    discharge_ratio: 5
    depth_of_discharge: 0.5
  VRBF:
    cost: 308.809
    lifetime: 27.4934
    annual_cost: 11.232113889151579
    efficiency: 0.756114
    discharge_ratio: 0.5
    depth_of_discharge: 1.0
