cost_values:
  wind_capex: 5000.0
  wind_opex: 100
  wind_lifetime: 20
  solar_capex: 1000.0
  solar_opex: 10
  solar_lifetime: 20
  carbon_price: 1.0
timeseries_values:
  load_level: 266250.122375751
  wind_year: 2015
  solar_year: 2013
  price_year: 2023
  carbon_year: 2023
storage_values:
  CAES:
    cost: 41.3043
    lifetime: 27.2289
    annual_cost: 1.5169287044280158
    efficiency: 0.649998
    discharge_ratio: 0.1
    depth_of_discharge: 0.4
  Li-ion:
    cost: 151.546
    lifetime: 22.9911
    annual_cost: 6.591507148418301
    efficiency: 0.929999
    discharge_ratio: 2
    depth_of_discharge: 0.9
  Pb-acid:
    cost: 143.106
    lifetime: 7.20559
    annual_cost: 19.86041392863041
    efficiency: 0.658742
    discharge_ratio: 5
    depth_of_discharge: 0.5
  VRBF:
    cost: 304.851
    lifetime: 26.6029
    annual_cost: 11.459314586003781
    efficiency: 0.752699
    discharge_ratio: 0.5
    depth_of_discharge: 1.0
