cost_values:
  wind_capex: 5000.0
  wind_opex: 100
  wind_lifetime: 20
  solar_capex: 1000.0
  solar_opex: 10
  solar_lifetime: 20
  carbon_price: 1.0
timeseries_values:
  load_level: 266250.122375751
  wind_year: 2015
  solar_year: 2013
  price_year: 2023
  carbon_year: 2023
storage_values:
  CAES:
    cost: 46.6952
    lifetime: 27.6488
    annual_cost: 1.6888689563380688
    efficiency: 0.63542
    discharge_ratio: 0.1
    depth_of_discharge: 0.4
  Li-ion:
    cost: 146.272
    lifetime: 24.8543
    annual_cost: 5.885178822175639
    efficiency: 0.934279
    discharge_ratio: 2
    depth_of_discharge: 0.9
  Pb-acid:
    cost: 126.838
    lifetime: 5.86237
    annual_cost: 21.635959518078863
    efficiency: 0.676035
    discharge_ratio: 5
    depth_of_discharge: 0.5
  VRBF:
    cost: 343.464
    lifetime: 26.7815
    annual_cost: 12.82467374866979
    efficiency: 0.763979
    discharge_ratio: 0.5
    depth_of_discharge: 1.0
