cost_values:
  wind_capex: 5000.0
  wind_opex: 100
  wind_lifetime: 20
  solar_capex: 1000.0
  solar_opex: 10
  solar_lifetime: 20
  carbon_price: 1.0
timeseries_values:
  load_level: 266250.122375751
  wind_year: 2015
  solar_year: 2013
  price_year: 2023
  carbon_year: 2023
storage_values:
  CAES:
    cost: 41.4111
    lifetime: 26.0149
    annual_cost: 1.5918223787137369
    efficiency: 0.647919
    discharge_ratio: 0.1
    depth_of_discharge: 0.4
  Li-ion:
    cost: 158.595
    lifetime: 25.7923
    annual_cost: 6.148928168484392
    efficiency: 0.937436
    discharge_ratio: 2
    depth_of_discharge: 0.9
  Pb-acid:
    cost: 144.031
    lifetime: 7.18479
    annual_cost: 20.046654112367936
    efficiency: 0.660542
    discharge_ratio: 5
    depth_of_discharge: 0.5
  VRBF:
    cost: 315.443
    lifetime: 27.4718
    annual_cost: 11.482429254726664
    efficiency: 0.763472
    discharge_ratio: 0.5
    depth_of_discharge: 1.0
