cost_values:
  wind_capex: 5000.0
  wind_opex: 100
  wind_lifetime: 20
  solar_capex: 1000.0
  solar_opex: 10
  solar_lifetime: 20
  carbon_price: 1.0
timeseries_values:
  load_level: 266250.122375751
  wind_year: 2015
  solar_year: 2013
  price_year: 2023
  carbon_year: 2023
storage_values:
  CAES:
    cost: 38.9504
    lifetime: 26.4404
    annual_cost: 1.4731395894161965
    efficiency: 0.643156
    discharge_ratio: 0.1
    depth_of_discharge: 0.4
  Li-ion:
    cost: 144.963
    lifetime: 25.0959
    annual_cost: 5.776361875844261
    efficiency: 0.939494
    discharge_ratio: 2
    depth_of_discharge: 0.9
  Pb-acid:
    cost: 110.141
    lifetime: 6.08392
    annual_cost: 18.10362397927652
    efficiency: 0.663201
    discharge_ratio: 5
    depth_of_discharge: 0.5
  VRBF:
    cost: 322.1
    lifetime: 28.0347
    annual_cost: 11.489332862488274
    efficiency: 0.751792
    discharge_ratio: 0.5
    depth_of_discharge: 1.0
