cost_values:
  wind_capex: 5000.0
  wind_opex: 100
  wind_lifetime: 20
  solar_capex: 1000.0
  solar_opex: 10
  solar_lifetime: 20
  carbon_price: 1.0
timeseries_values:
  load_level: 266250.122375751
  wind_year: 2015
  solar_year: 2013
  price_year: 2023
  carbon_year: 2023
storage_values:
  CAES:
    cost: 44.1139
    lifetime: 24.8332
    annual_cost: 1.7764081954802442
    efficiency: 0.638738
    discharge_ratio: 0.1
    depth_of_discharge: 0.4
  Li-ion:
    cost: 141.979
    lifetime: 22.6075
    annual_cost: 6.280172509123079
    efficiency: 0.936837
    discharge_ratio: 2
    depth_of_discharge: 0.9
  Pb-acid:
    cost: 154.826
    lifetime: 8.47978
    annual_cost: 18.2582567000559
    efficiency: 0.670855
    discharge_ratio: 5
    depth_of_discharge: 0.5
  VRBF:
    cost: 335.359
    lifetime: 26.2037
    annual_cost: 12.798154459103102
    efficiency: 0.747268
    discharge_ratio: 0.5
    depth_of_discharge: 1.0
