cost_values:
  wind_capex: 5000.0
  wind_opex: 100
  wind_lifetime: 20
  solar_capex: 1000.0
  solar_opex: 10
  solar_lifetime: 20
  carbon_price: 1.0
timeseries_values:
  load_level: 266250.122375751
  wind_year: 2015
  solar_year: 2013
  price_year: 2023
  carbon_year: 2023
storage_values:
  CAES:
    cost: 40.8831
    lifetime: 25.6172
    annual_cost: 1.5959238324250893
    efficiency: 0.636253
    discharge_ratio: 0.1
    depth_of_discharge: 0.4
  Li-ion:
    cost: 145.05
    lifetime: 24.6956
    annual_cost: 5.873515929963233
    efficiency: 0.93865
    discharge_ratio: 2
    depth_of_discharge: 0.9
  Pb-acid:
    cost: 127.085
    lifetime: 5.90937
    annual_cost: 21.505676578044696
    efficiency: 0.651101
    discharge_ratio: 5
    depth_of_discharge: 0.5
  VRBF:
    cost: 321.15
    lifetime: 25.5355
    annual_cost: 12.576609034481407
    efficiency: 0.762335
    discharge_ratio: 0.5
    depth_of_discharge: 1.0
