cost_values:
  wind_capex: 5000.0
  wind_opex: 100
  wind_lifetime: 20
  solar_capex: 1000.0
  solar_opex: 10
  solar_lifetime: 20
  carbon_price: 1.0
timeseries_values:
  load_level: 266250.122375751
  wind_year: 2015
  solar_year: 2013
  price_year: 2023
  carbon_year: 2023
storage_values:
  CAES:
    cost: 37.3026
    lifetime: 26.0057
    annual_cost: 1.4344009197983518
    efficiency: 0.646903
    discharge_ratio: 0.1
    depth_of_discharge: 0.4
  Li-ion:
    cost: 165.739
    lifetime: 22.1811
    annual_cost: 7.472082087903666
    efficiency: 0.943558
    discharge_ratio: 2
    depth_of_discharge: 0.9
  Pb-acid:
    cost: 119.241
    lifetime: 5.60723
    annual_cost: 21.26558033110823
    efficiency: 0.673156
    discharge_ratio: 5
    depth_of_discharge: 0.5
  VRBF:
    cost: 344.118
    lifetime: 26.0948
    annual_cost: 13.187225041004337
    efficiency: 0.77435
    discharge_ratio: 0.5
    depth_of_discharge: 1.0
