cost_values:
  wind_capex: 5000.0
  wind_opex: 100
  wind_lifetime: 20
  solar_capex: 1000.0
  solar_opex: 10
  solar_lifetime: 20
  carbon_price: 1.0
timeseries_values:
  load_level: 266250.122375751
  wind_year: 2015
  solar_year: 2013
  price_year: 2023
  carbon_year: 2023
storage_values:
  CAES:
    cost: 37.5023
    lifetime: 25.83
    annual_cost: 1.4518892760356175
    efficiency: 0.638524
    discharge_ratio: 0.1
    depth_of_discharge: 0.4
  Li-ion:
    cost: 153.157
    lifetime: 24.4858
    annual_cost: 6.254931429644937
    efficiency: 0.938726
    discharge_ratio: 2
    depth_of_discharge: 0.9
  Pb-acid:
    cost: 139.718
    lifetime: 6.66271
    annual_cost: 20.97014578152133
    efficiency: 0.66017
    discharge_ratio: 5
    depth_of_discharge: 0.5
  VRBF:
    cost: 341.805
    lifetime: 27.4379
    annual_cost: 12.45740381005835
    efficiency: 0.756525
    discharge_ratio: 0.5
    depth_of_discharge: 1.0
