cost_values:
  wind_capex: 5000.0
  wind_opex: 100
  wind_lifetime: 20
  solar_capex: 1000.0
  solar_opex: 10
  solar_lifetime: 20
  carbon_price: 1.0
timeseries_values:
  load_level: 266250.122375751
  wind_year: 2015
  solar_year: 2013
  price_year: 2023
  carbon_year: 2023
storage_values:
  CAES:
    cost: 37.1869
    lifetime: 25.8153
    annual_cost: 1.4404984640891254
    efficiency: 0.639796
    discharge_ratio: 0.1
    depth_of_discharge: 0.4
  Li-ion:
    cost: 150.753
    lifetime: 23.7588
    annual_cost: 6.345143694125965
    efficiency: 0.94
    discharge_ratio: 2
    depth_of_discharge: 0.9
  Pb-acid:
    cost: 127.118
    lifetime: 6.87982
    annual_cost: 18.476936896604855
    efficiency: 0.675789
    discharge_ratio: 5
    depth_of_discharge: 0.5
  VRBF:
    cost: 310.625
    lifetime: 28.5956
    annual_cost: 10.862685168347577
    efficiency: 0.765376
    discharge_ratio: 0.5
    depth_of_discharge: 1.0
