cost_values:
  wind_capex: 5000.0
  wind_opex: 100
  wind_lifetime: 20
  solar_capex: 1000.0
  solar_opex: 10
  solar_lifetime: 20
  carbon_price: 1.0
timeseries_values:
  load_level: 266250.122375751
  wind_year: 2015
  solar_year: 2013
  price_year: 2023
  carbon_year: 2023
storage_values:
  CAES:
    cost: 45.6815
    lifetime: 26.5858
    annual_cost: 1.718266894357138
    efficiency: 0.648665
    discharge_ratio: 0.1
    depth_of_discharge: 0.4
  Li-ion:
    cost: 147.396
    lifetime: 23.0307
    annual_cost: 6.3999791582539824
    efficiency: 0.948509
    discharge_ratio: 2
    depth_of_discharge: 0.9
  Pb-acid:
    cost: 144.499
    lifetime: 7.00754
    annual_cost: 20.620503058134524
    efficiency: 0.655876
    discharge_ratio: 5
    depth_of_discharge: 0.5
  VRBF:
    cost: 321.309
    lifetime: 26.6568
    annual_cost: 12.053547312505628
    efficiency: 0.765662
    discharge_ratio: 0.5
    depth_of_discharge: 1.0
