cost_values:
  wind_capex: 5000.0
  wind_opex: 100
  wind_lifetime: 20
  solar_capex: 1000.0
  solar_opex: 10
  solar_lifetime: 20
  carbon_price: 1.0
timeseries_values:
  load_level: 266250.122375751
  wind_year: 2015
  solar_year: 2013
  price_year: 2023
  carbon_year: 2023
storage_values:
  CAES:
    cost: 37.3763
    lifetime: 25.276
    annual_cost: 1.4787268555151132
    efficiency: 0.642189
    discharge_ratio: 0.1
    depth_of_discharge: 0.4
  Li-ion:
    cost: 160.891
    lifetime: 24.1107
    annual_cost: 6.67301239698557
    efficiency: 0.942621
    discharge_ratio: 2
    depth_of_discharge: 0.9
  Pb-acid:
    cost: 126.701
    lifetime: 6.91624
    annual_cost: 18.319346928388835
    efficiency: 0.664277
    discharge_ratio: 5
    depth_of_discharge: 0.5
  VRBF:
    cost: 334.604
    lifetime: 27.5618
    annual_cost: 12.140135985313005
    efficiency: 0.757858
    discharge_ratio: 0.5
    depth_of_discharge: 1.0
