cost_values:
  wind_capex: 5000.0
  wind_opex: 100
  wind_lifetime: 20
  solar_capex: 1000.0
  solar_opex: 10
  solar_lifetime: 20
  carbon_price: 1.0
timeseries_values:
  load_level: 266250.122375751
  wind_year: 2015
  solar_year: 2013
  price_year: 2023
  carbon_year: 2023
storage_values:
  CAES:
    cost: 35.3998
    lifetime: 25.4296
    annual_cost: 1.3920706578160882
    efficiency: 0.641605
    discharge_ratio: 0.1
    depth_of_discharge: 0.4
  Li-ion:
    cost: 151.173
    lifetime: 23.4963
    annual_cost: 6.4339066150840765
    efficiency: 0.940645
    discharge_ratio: 2
    depth_of_discharge: 0.9
  Pb-acid:
    cost: 146.104
    lifetime: 5.79281
    annual_cost: 25.221610928029747
    efficiency: 0.660526
    discharge_ratio: 5
    depth_of_discharge: 0.5
  VRBF:
    cost: 336.612
    lifetime: 29.4732
    annual_cost: 11.420951915638616
    efficiency: 0.752557
    discharge_ratio: 0.5
    depth_of_discharge: 1.0
