cost_values:
  wind_capex: 5000.0
  wind_opex: 100
  wind_lifetime: 20
  solar_capex: 1000.0
  solar_opex: 10
  solar_lifetime: 20
  carbon_price: 1.0
timeseries_values:
  load_level: 266250.122375751
  wind_year: 2015
  solar_year: 2013
  price_year: 2023
  carbon_year: 2023
storage_values:
  CAES:
    cost: 34.455
    lifetime: 26.994
    annual_cost: 1.2763947543898644
    efficiency: 0.647788
    discharge_ratio: 0.1
    depth_of_discharge: 0.4
  Li-ion:
    cost: 141.668
    lifetime: 22.178
    annual_cost: 6.387771665614573
    efficiency: 0.937847
    discharge_ratio: 2
    depth_of_discharge: 0.9
  Pb-acid:
    cost: 152.423
    lifetime: 8.60266
    annual_cost: 17.71812439408276
    efficiency: 0.656557
    discharge_ratio: 5
    depth_of_discharge: 0.5
  VRBF:
    cost: 323.239
    lifetime: 26.1979
    annual_cost: 12.338355364361265
    efficiency: 0.763912
    discharge_ratio: 0.5
    depth_of_discharge: 1.0
