cost_values:
  wind_capex: 5000.0
  wind_opex: 100
  wind_lifetime: 20
  solar_capex: 1000.0
  solar_opex: 10
  solar_lifetime: 20
  carbon_price: 1.0
timeseries_values:
  load_level: 266250.122375751
  wind_year: 2015
  solar_year: 2013
  price_year: 2023
  carbon_year: 2023
storage_values:
  CAES:
    cost: 43.0277
    lifetime: 26.4311
    annual_cost: 1.6279193828482357
    efficiency: 0.646042
    discharge_ratio: 0.1
    depth_of_discharge: 0.4
  Li-ion:
    cost: 160.896
    lifetime: 23.8416
    annual_cost: 6.748540366418361
    efficiency: 0.933264
    discharge_ratio: 2
    depth_of_discharge: 0.9
  Pb-acid:
    cost: 140.115
    lifetime: 6.50827
    annual_cost: 21.52876263584639
    efficiency: 0.665532
    discharge_ratio: 5
    depth_of_discharge: 0.5
  VRBF:
    cost: 336.7
    lifetime: 26.6584
    annual_cost: 12.63016535125889
    efficiency: 0.755798
    discharge_ratio: 0.5
    depth_of_discharge: 1.0
