cost_values:
  wind_capex: 5000.0
  wind_opex: 100
  wind_lifetime: 20
  solar_capex: 1000.0
  solar_opex: 10
  solar_lifetime: 20
  carbon_price: 1.0
timeseries_values:
  load_level: 258100.9459334124
  wind_year: 2018
  solar_year: 2018
  price_year: 2023
  carbon_year: 2023
storage_values:
  CAES:
    cost: 41.4591
    lifetime: 26.5787
    annual_cost: 1.5598618442587484
    efficiency: 0.622273
    discharge_ratio: 0.1
    depth_of_discharge: 0.4
  Li-ion:
    cost: 229.21
    lifetime: 20.8355
    annual_cost: 11.000935902666123
    efficiency: 0.93196
    discharge_ratio: 2
    depth_of_discharge: 0.9
  Pb-acid:
    cost: 79.5173
    lifetime: 10.6186
    annual_cost: 7.488491891586461
    efficiency: 0.760561
    discharge_ratio: 5
    depth_of_discharge: 0.5
  VRBF:
    cost: 266.862
    lifetime: 11.8803
    annual_cost: 22.462564076664734
    efficiency: 0.682953
    discharge_ratio: 0.5
    depth_of_discharge: 1.0
