cost_values:
  wind_capex: 5000.0
  wind_opex: 100
  wind_lifetime: 20
  solar_capex: 1000.0
  solar_opex: 10
  solar_lifetime: 20
  carbon_price: 1.0
timeseries_values:
  load_level: 258100.9459334124
  wind_year: 2018
  solar_year: 2018
  price_year: 2023
  carbon_year: 2023
storage_values:
  CAES:
    cost: 43.2097
    lifetime: 25.4298
    annual_cost: 1.6991757701594192
    efficiency: 0.619956
    discharge_ratio: 0.1
    depth_of_discharge: 0.4
  Li-ion:
    cost: 246.639
    lifetime: 23.7018
    annual_cost: 10.405918537832571
    efficiency: 0.927647
    discharge_ratio: 2
    depth_of_discharge: 0.9
  Pb-acid:
    cost: 101.554
    lifetime: 9.42076
    annual_cost: 10.779809696882205
    efficiency: 0.742046
    discharge_ratio: 5
    depth_of_discharge: 0.5
  VRBF:
    cost: 227.701
    lifetime: 14.198
    annual_cost: 16.037540498661784
    efficiency: 0.684139
    discharge_ratio: 0.5
    depth_of_discharge: 1.0
