cost_values:
  wind_capex: 5000.0
  wind_opex: 100
  wind_lifetime: 20
  solar_capex: 1000.0
  solar_opex: 10
  solar_lifetime: 20
  carbon_price: 1.0
timeseries_values:
  load_level: 258100.9459334124
  wind_year: 2018
  solar_year: 2018
  price_year: 2023
  carbon_year: 2023
storage_values:
  CAES:
    cost: 45.5536
    lifetime: 26.4704
    annual_cost: 1.720926015473888
    efficiency: 0.624546
    discharge_ratio: 0.1
    depth_of_discharge: 0.4
  Li-ion:
    cost: 249.729
    lifetime: 22.184
    annual_cost: 11.257167327803822
    efficiency: 0.931288
    discharge_ratio: 2
    depth_of_discharge: 0.9
  Pb-acid:
    cost: 82.092
    lifetime: 9.46202
    annual_cost: 8.675948687489562
    efficiency: 0.754579
    discharge_ratio: 5
    depth_of_discharge: 0.5
  VRBF:
    cost: 228.986
    lifetime: 12.6977
    annual_cost: 18.03365963914725
    efficiency: 0.692916
    discharge_ratio: 0.5
    depth_of_discharge: 1.0
