cost_values:
  wind_capex: 5000.0
  wind_opex: 100
  wind_lifetime: 20
  solar_capex: 1000.0
  solar_opex: 10
  solar_lifetime: 20
  carbon_price: 1.0
timeseries_values:
  load_level: 258100.9459334124
  wind_year: 2018
  solar_year: 2018
  price_year: 2023
  carbon_year: 2023
storage_values:
  CAES:
    cost: 44.6667
    lifetime: 26.9479
    annual_cost: 1.6575206231283328
    efficiency: 0.61865
    discharge_ratio: 0.1
    depth_of_discharge: 0.4
  Li-ion:
    cost: 254.101
    lifetime: 23.032
    annual_cost: 11.032519972212574
    efficiency: 0.92593
    discharge_ratio: 2
    depth_of_discharge: 0.9
  Pb-acid:
    cost: 89.1995
    lifetime: 10.1281
    annual_cost: 8.807130656292887
    efficiency: 0.764454
    discharge_ratio: 5
    depth_of_discharge: 0.5
  VRBF:
    cost: 214.982
    lifetime: 14.1118
    annual_cost: 15.234201164982496
    efficiency: 0.68087
    discharge_ratio: 0.5
    depth_of_discharge: 1.0
