cost_values:
  wind_capex: 5000.0
  wind_opex: 100
  wind_lifetime: 20
  solar_capex: 1000.0
  solar_opex: 10
  solar_lifetime: 20
  carbon_price: 1.0
timeseries_values:
  load_level: 258100.9459334124
  wind_year: 2018
  solar_year: 2018
  price_year: 2023
  carbon_year: 2023
storage_values:
  CAES:
    cost: 50.7
    lifetime: 27.3605
    annual_cost: 1.8530363114709163
    efficiency: 0.630798
    discharge_ratio: 0.1
    depth_of_discharge: 0.4
  Li-ion:
    cost: 250.433
    lifetime: 22.3763
    annual_cost: 11.19188605801674
    efficiency: 0.925829
    discharge_ratio: 2
    depth_of_discharge: 0.9
  Pb-acid:
    cost: 104.7
    lifetime: 9.85499
    annual_cost: 10.62405948661541
    efficiency: 0.761757
    discharge_ratio: 5
    depth_of_discharge: 0.5
  VRBF:
    cost: 223.657
    lifetime: 12.772
    annual_cost: 17.51150955214532
    efficiency: 0.670164
    discharge_ratio: 0.5
    depth_of_discharge: 1.0
