cost_values:
  wind_capex: 5000.0
  wind_opex: 100
  wind_lifetime: 20
  solar_capex: 1000.0
  solar_opex: 10
  solar_lifetime: 20
  carbon_price: 1.0
timeseries_values:
  load_level: 258100.9459334124
  wind_year: 2018
  solar_year: 2018
  price_year: 2023
  carbon_year: 2023
storage_values:
  CAES:
    cost: 45.4155
    lifetime: 27.4518
    annual_cost: 1.6543723908814725
    efficiency: 0.627178
    discharge_ratio: 0.1
    depth_of_discharge: 0.4
  Li-ion:
    cost: 262.784
    lifetime: 24.1406
    annual_cost: 10.88556208213549
    efficiency: 0.926011
    discharge_ratio: 2
    depth_of_discharge: 0.9
  Pb-acid:
    cost: 90.9256
    lifetime: 10.5442
    annual_cost: 8.62328104550369
    efficiency: 0.767107
    discharge_ratio: 5
    depth_of_discharge: 0.5
  VRBF:
    cost: 242.221
    lifetime: 12.7557
    annual_cost: 18.989236184607666
    efficiency: 0.691725
    discharge_ratio: 0.5
    depth_of_discharge: 1.0
