cost_values:
  wind_capex: 5000.0
  wind_opex: 100
  wind_lifetime: 20
  solar_capex: 1000.0
  solar_opex: 10
  solar_lifetime: 20
  carbon_price: 1.0
timeseries_values:
  load_level: 258100.9459334124
  wind_year: 2018
  solar_year: 2018
  price_year: 2023
  carbon_year: 2023
storage_values:
  CAES:
    cost: 44.7602
    lifetime: 26.8748
    annual_cost: 1.665508208433179
    efficiency: 0.612495
    discharge_ratio: 0.1
    depth_of_discharge: 0.4
  Li-ion:
    cost: 239.725
    lifetime: 24.7288
    annual_cost: 9.694162272330239
    efficiency: 0.919855
    discharge_ratio: 2
    depth_of_discharge: 0.9
  Pb-acid:
    cost: 102.323
    lifetime: 11.2106
    annual_cost: 9.127343763937702
    efficiency: 0.75892
    discharge_ratio: 5
    depth_of_discharge: 0.5
  VRBF:
    cost: 238.98
    lifetime: 14.8813
    annual_cost: 16.059080859871113
    efficiency: 0.701147
    discharge_ratio: 0.5
    depth_of_discharge: 1.0
