cost_values:
  wind_capex: 5000.0
  wind_opex: 100
  wind_lifetime: 20
  solar_capex: 1000.0
  solar_opex: 10
  solar_lifetime: 20
  carbon_price: 1.0
timeseries_values:
  load_level: 258100.9459334124
  wind_year: 2018
  solar_year: 2018
  price_year: 2023
  carbon_year: 2023
storage_values:
  CAES:
    cost: 46.2677
    lifetime: 26.363
    annual_cost: 1.7550240867883018
    efficiency: 0.618753
    discharge_ratio: 0.1
    depth_of_discharge: 0.4
  Li-ion:
    cost: 220.681
    lifetime: 22.2956
    annual_cost: 9.897961929708105
    efficiency: 0.937441
    discharge_ratio: 2
    depth_of_discharge: 0.9
  Pb-acid:
    cost: 95.6814
    lifetime: 9.7438
    annual_cost: 9.819721258646524
    efficiency: 0.743988
    discharge_ratio: 5
    depth_of_discharge: 0.5
  VRBF:
    cost: 264.643
    lifetime: 12.3898
    annual_cost: 21.359747534262052
    efficiency: 0.69826
    discharge_ratio: 0.5
    depth_of_discharge: 1.0
