cost_values:
  wind_capex: 5000.0
  wind_opex: 100
  wind_lifetime: 20
  solar_capex: 1000.0
  solar_opex: 10
  solar_lifetime: 20
  carbon_price: 1.0
timeseries_values:
  load_level: 258100.9459334124
  wind_year: 2018
  solar_year: 2018
  price_year: 2023
  carbon_year: 2023
storage_values:
  CAES:
    cost: 43.1685
    lifetime: 25.6009
    annual_cost: 1.6862102504208838
    efficiency: 0.626903
    discharge_ratio: 0.1
    depth_of_discharge: 0.4
  Li-ion:
    cost: 258.245
    lifetime: 21.9816
    annual_cost: 11.748234887360338
    efficiency: 0.934491
    discharge_ratio: 2
    depth_of_discharge: 0.9
  Pb-acid:
    cost: 100.012
    lifetime: 8.87568
    annual_cost: 11.268094388260957
    efficiency: 0.753741
    discharge_ratio: 5
    depth_of_discharge: 0.5
  VRBF:
    cost: 224.115
    lifetime: 14.6297
    annual_cost: 15.31917947736454
    efficiency: 0.679866
    discharge_ratio: 0.5
    depth_of_discharge: 1.0
