cost_values:
  wind_capex: 5000.0
  wind_opex: 100
  wind_lifetime: 20
  solar_capex: 1000.0
  solar_opex: 10
  solar_lifetime: 20
  carbon_price: 1.0
timeseries_values:
  load_level: 258100.9459334124
  wind_year: 2018
  solar_year: 2018
  price_year: 2023
  carbon_year: 2023
storage_values:
  CAES:
    cost: 47.8574
    lifetime: 26.853
    annual_cost: 1.7821993818195359
    efficiency: 0.616414
    discharge_ratio: 0.1
    depth_of_discharge: 0.4
  Li-ion:
    cost: 244.744
    lifetime: 22.4907
    annual_cost: 10.88200900816782
    efficiency: 0.927776
    discharge_ratio: 2
    depth_of_discharge: 0.9
  Pb-acid:
    cost: 93.3303
    lifetime: 10.2891
    annual_cost: 9.070793363851065
    efficiency: 0.738092
    discharge_ratio: 5
    depth_of_discharge: 0.5
  VRBF:
    cost: 243.614
    lifetime: 12.9536
    annual_cost: 18.80666378458498
    efficiency: 0.682749
    discharge_ratio: 0.5
    depth_of_discharge: 1.0
