cost_values:
  wind_capex: 5000.0
  wind_opex: 100
  wind_lifetime: 20
  solar_capex: 1000.0
  solar_opex: 10
  solar_lifetime: 20
  carbon_price: 1.0
timeseries_values:
  load_level: 258100.9459334124
  wind_year: 2018
  solar_year: 2018
  price_year: 2023
  carbon_year: 2023
storage_values:
  CAES:
    cost: 44.4102
    lifetime: 27.895
    annual_cost: 1.5920487542570354
    efficiency: 0.617067
    discharge_ratio: 0.1
    depth_of_discharge: 0.4
  Li-ion:
    cost: 256.502
    lifetime: 22.535
    annual_cost: 11.38238295984025
    efficiency: 0.915943
    discharge_ratio: 2
    depth_of_discharge: 0.9
  Pb-acid:
    cost: 58.5415
    lifetime: 9.14263
    annual_cost: 6.403135640401066
    efficiency: 0.754316
    discharge_ratio: 5
    depth_of_discharge: 0.5
  VRBF:
    cost: 269.726
    lifetime: 14.9834
    annual_cost: 18.00165516504932
    efficiency: 0.692594
    discharge_ratio: 0.5
    depth_of_discharge: 1.0
