cost_values:
  wind_capex: 5000.0
  wind_opex: 100
  wind_lifetime: 20
  solar_capex: 1000.0
  solar_opex: 10
  solar_lifetime: 20
  carbon_price: 1.0
timeseries_values:
  load_level: 258100.9459334124
  wind_year: 2018
  solar_year: 2018
  price_year: 2023
  carbon_year: 2023
storage_values:
  CAES:
    cost: 44.791
    lifetime: 26.7883
    annual_cost: 1.6720359261319306
    efficiency: 0.622932
    discharge_ratio: 0.1
    depth_of_discharge: 0.4
  Li-ion:
    cost: 240.31
    lifetime: 21.0766
    annual_cost: 11.40174411432584
    efficiency: 0.923888
    discharge_ratio: 2
    depth_of_discharge: 0.9
  Pb-acid:
    cost: 93.4522
    lifetime: 9.28141
    annual_cost: 10.068750329960643
    efficiency: 0.759489
    discharge_ratio: 5
    depth_of_discharge: 0.5
  VRBF:
    cost: 267.619
    lifetime: 13.6098
    annual_cost: 19.66369821746095
    efficiency: 0.684033
    discharge_ratio: 0.5
    depth_of_discharge: 1.0
