cost_values:
  wind_capex: 5000.0
  wind_opex: 100
  wind_lifetime: 20
  solar_capex: 1000.0
  solar_opex: 10
  solar_lifetime: 20
  carbon_price: 1.0
timeseries_values:
  load_level: 258100.9459334124
  wind_year: 2018
  solar_year: 2018
  price_year: 2023
  carbon_year: 2023
storage_values:
  CAES:
    cost: 42.8981
    lifetime: 25.4453
    annual_cost: 1.6858948410904961
    efficiency: 0.614242
    discharge_ratio: 0.1
    depth_of_discharge: 0.4
  Li-ion:
    cost: 255.403
    lifetime: 21.4154
    annual_cost: 11.926137265705986
    efficiency: 0.920647
    discharge_ratio: 2
    depth_of_discharge: 0.9
  Pb-acid:
    cost: 83.6409
    lifetime: 10.7613
    annual_cost: 7.7723788018176245
    efficiency: 0.749624
    discharge_ratio: 5
    depth_of_discharge: 0.5
  VRBF:
    cost: 271.369
    lifetime: 13.7523
    annual_cost: 19.732626542469262
    efficiency: 0.674523
    discharge_ratio: 0.5
    depth_of_discharge: 1.0
