cost_values:
  wind_capex: 5000.0
  wind_opex: 100
  wind_lifetime: 20
  solar_capex: 1000.0
  solar_opex: 10
  solar_lifetime: 20
  carbon_price: 1.0
timeseries_values:
  load_level: 258100.9459334124
  wind_year: 2018
  solar_year: 2018
  price_year: 2023
  carbon_year: 2023
storage_values:
  CAES:
    cost: 46.9575
    lifetime: 25.9077
    annual_cost: 1.8124920390463068
    efficiency: 0.612861
    discharge_ratio: 0.1
    depth_of_discharge: 0.4
  Li-ion:
    cost: 204.118
    lifetime: 23.5058
    annual_cost: 8.683729122174102
    efficiency: 0.928618
    discharge_ratio: 2
    depth_of_discharge: 0.9
  Pb-acid:
    cost: 102.076
    lifetime: 9.60225
    annual_cost: 10.630425160769612
    efficiency: 0.756115
    discharge_ratio: 5
    depth_of_discharge: 0.5
  VRBF:
    cost: 236.539
    lifetime: 14.8629
    annual_cost: 15.914727273950575
    efficiency: 0.702184
    discharge_ratio: 0.5
    depth_of_discharge: 1.0
