cost_values:
  wind_capex: 5000.0
  wind_opex: 100
  wind_lifetime: 20
  solar_capex: 1000.0
  solar_opex: 10
  solar_lifetime: 20
  carbon_price: 1.0
timeseries_values:
  load_level: 258100.9459334124
  wind_year: 2018
  solar_year: 2018
  price_year: 2023
  carbon_year: 2023
storage_values:
  CAES:
    cost: 44.7993
    lifetime: 26.6308
    annual_cost: 1.6822363579013775
    efficiency: 0.619055
    discharge_ratio: 0.1
    depth_of_discharge: 0.4
  Li-ion:
    cost: 255.056
    lifetime: 23.7744
    annual_cost: 10.72817820849317
    efficiency: 0.922612
    discharge_ratio: 2
    depth_of_discharge: 0.9
  Pb-acid:
    cost: 100.308
    lifetime: 10.3492
    annual_cost: 9.692343369535811
    efficiency: 0.763542
    discharge_ratio: 5
    depth_of_discharge: 0.5
  VRBF:
    cost: 233.336
    lifetime: 14.3963
    annual_cost: 16.208053458180228
    efficiency: 0.678078
    discharge_ratio: 0.5
    depth_of_discharge: 1.0
