cost_values:
  wind_capex: 5000.0
  wind_opex: 100
  wind_lifetime: 20
  solar_capex: 1000.0
  solar_opex: 10
  solar_lifetime: 20
  carbon_price: 1.0
timeseries_values:
  load_level: 258100.9459334124
  wind_year: 2018
  solar_year: 2018
  price_year: 2023
  carbon_year: 2023
storage_values:
  CAES:
    cost: 47.8654
    lifetime: 26.9631
    annual_cost: 1.7752187248498874
    efficiency: 0.624601
    discharge_ratio: 0.1
    depth_of_discharge: 0.4
  Li-ion:
    cost: 255.143
    lifetime: 23.7538
    annual_cost: 10.741144574762776
    efficiency: 0.934235
    discharge_ratio: 2
    depth_of_discharge: 0.9
  Pb-acid:
    cost: 71.5377
    lifetime: 8.7322
    annual_cost: 8.19240283090172
    efficiency: 0.755066
    discharge_ratio: 5
    depth_of_discharge: 0.5
  VRBF:
    cost: 223.009
    lifetime: 14.8084
    annual_cost: 15.059628319062153
    efficiency: 0.687971
    discharge_ratio: 0.5
    depth_of_discharge: 1.0
