cost_values:
  wind_capex: 5000.0
  wind_opex: 100
  wind_lifetime: 20
  solar_capex: 1000.0
  solar_opex: 10
  solar_lifetime: 20
  carbon_price: 1.0
timeseries_values:
  load_level: 258100.9459334124
  wind_year: 2018
  solar_year: 2018
  price_year: 2023
  carbon_year: 2023
storage_values:
  CAES:
    cost: 47.4876
    lifetime: 27.5649
    annual_cost: 1.7227561137533602
    efficiency: 0.624688
    discharge_ratio: 0.1
    depth_of_discharge: 0.4
  Li-ion:
    cost: 248.655
    lifetime: 21.5242
    annual_cost: 11.552345731780973
    efficiency: 0.934991
    discharge_ratio: 2
    depth_of_discharge: 0.9
  Pb-acid:
    cost: 75.4441
    lifetime: 11.8666
    annual_cost: 6.357684593733673
    efficiency: 0.770433
    discharge_ratio: 5
    depth_of_discharge: 0.5
  VRBF:
    cost: 250.205
    lifetime: 15.6014
    annual_cost: 16.037342802569
    efficiency: 0.663168
    discharge_ratio: 0.5
    depth_of_discharge: 1.0
