cost_values:
  wind_capex: 5000.0
  wind_opex: 100
  wind_lifetime: 20
  solar_capex: 1000.0
  solar_opex: 10
  solar_lifetime: 20
  carbon_price: 1.0
timeseries_values:
  load_level: 258100.9459334124
  wind_year: 2018
  solar_year: 2018
  price_year: 2023
  carbon_year: 2023
storage_values:
  CAES:
    cost: 46.0167
    lifetime: 27.0546
    annual_cost: 1.7008826595107671
    efficiency: 0.616217
    discharge_ratio: 0.1
    depth_of_discharge: 0.4
  Li-ion:
    cost: 251.394
    lifetime: 21.607
    annual_cost: 11.634840560929328
    efficiency: 0.938101
    discharge_ratio: 2
    depth_of_discharge: 0.9
  Pb-acid:
    cost: 87.5247
    lifetime: 11.9175
    annual_cost: 7.344216488357457
    efficiency: 0.760379
    discharge_ratio: 5
    depth_of_discharge: 0.5
  VRBF:
    cost: 229.315
    lifetime: 13.3075
    annual_cost: 17.232012023295134
    efficiency: 0.66334
    discharge_ratio: 0.5
    depth_of_discharge: 1.0
