cost_values:
  wind_capex: 5000.0
  wind_opex: 100
  wind_lifetime: 20
  solar_capex: 1000.0
  solar_opex: 10
  solar_lifetime: 20
  carbon_price: 1.0
timeseries_values:
  load_level: 258100.9459334124
  wind_year: 2018
  solar_year: 2018
  price_year: 2023
  carbon_year: 2023
storage_values:
  CAES:
    cost: 47.6015
    lifetime: 27.0443
    annual_cost: 1.7601306005331994
    efficiency: 0.624721
    discharge_ratio: 0.1
    depth_of_discharge: 0.4
  Li-ion:
    cost: 232.463
    lifetime: 24.2458
    annual_cost: 9.587763653911193
    efficiency: 0.944917
    discharge_ratio: 2
    depth_of_discharge: 0.9
  Pb-acid:
    cost: 102.043
    lifetime: 10.2739
    annual_cost: 9.932255521272351
    efficiency: 0.763837
    discharge_ratio: 5
    depth_of_discharge: 0.5
  VRBF:
    cost: 265.219
    lifetime: 14.5515
    annual_cost: 18.22623097275195
    efficiency: 0.708503
    discharge_ratio: 0.5
    depth_of_discharge: 1.0
