cost_values:
  wind_capex: 5000.0
  wind_opex: 100
  wind_lifetime: 20
  solar_capex: 1000.0
  solar_opex: 10
  solar_lifetime: 20
  carbon_price: 1.0
timeseries_values:
  load_level: 258100.9459334124
  wind_year: 2018
  solar_year: 2018
  price_year: 2023
  carbon_year: 2023
storage_values:
  CAES:
    cost: 45.098
    lifetime: 27.5585
    annual_cost: 1.6364461055572692
    efficiency: 0.619497
    discharge_ratio: 0.1
    depth_of_discharge: 0.4
  Li-ion:
    cost: 229.295
    lifetime: 22.9734
    annual_cost: 9.980890943438933
    efficiency: 0.929974
    discharge_ratio: 2
    depth_of_discharge: 0.9
  Pb-acid:
    cost: 94.728
    lifetime: 9.6827
    annual_cost: 9.783221622068224
    efficiency: 0.756703
    discharge_ratio: 5
    depth_of_discharge: 0.5
  VRBF:
    cost: 243.023
    lifetime: 15.7236
    annual_cost: 15.45593884352184
    efficiency: 0.672285
    discharge_ratio: 0.5
    depth_of_discharge: 1.0
