cost_values:
  wind_capex: 5000.0
  wind_opex: 100
  wind_lifetime: 20
  solar_capex: 1000.0
  solar_opex: 10
  solar_lifetime: 20
  carbon_price: 1.0
timeseries_values:
  load_level: 258100.9459334124
  wind_year: 2018
  solar_year: 2018
  price_year: 2023
  carbon_year: 2023
storage_values:
  CAES:
    cost: 50.1243
    lifetime: 26.1688
    annual_cost: 1.9154221821405641
    efficiency: 0.622967
    discharge_ratio: 0.1
    depth_of_discharge: 0.4
  Li-ion:
    cost: 271.89
    lifetime: 23.0195
    annual_cost: 11.811290427680879
    efficiency: 0.913812
    discharge_ratio: 2
    depth_of_discharge: 0.9
  Pb-acid:
    cost: 87.9646
    lifetime: 9.87419
    annual_cost: 8.908538320611616
    efficiency: 0.779218
    discharge_ratio: 5
    depth_of_discharge: 0.5
  VRBF:
    cost: 204.114
    lifetime: 13.6483
    annual_cost: 14.955269154400181
    efficiency: 0.681193
    discharge_ratio: 0.5
    depth_of_discharge: 1.0
