cost_values:
  wind_capex: 5000.0
  wind_opex: 100
  wind_lifetime: 20
  solar_capex: 1000.0
  solar_opex: 10
  solar_lifetime: 20
  carbon_price: 1.0
timeseries_values:
  load_level: 258100.9459334124
  wind_year: 2018
  solar_year: 2018
  price_year: 2023
  carbon_year: 2023
storage_values:
  CAES:
    cost: 48.5063
    lifetime: 25.8879
    annual_cost: 1.8737054763036016
    efficiency: 0.620191
    discharge_ratio: 0.1
    depth_of_discharge: 0.4
  Li-ion:
    cost: 238.952
    lifetime: 20.2761
    annual_cost: 11.784909326744295
    efficiency: 0.94663
    discharge_ratio: 2
    depth_of_discharge: 0.9
  Pb-acid:
    cost: 76.4422
    lifetime: 8.30441
    annual_cost: 9.205012758281443
    efficiency: 0.765599
    discharge_ratio: 5
    depth_of_discharge: 0.5
  VRBF:
    cost: 217.178
    lifetime: 12.8504
    annual_cost: 16.90048558799726
    efficiency: 0.677949
    discharge_ratio: 0.5
    depth_of_discharge: 1.0
