cost_values:
  wind_capex: 5000.0
  wind_opex: 100
  wind_lifetime: 20
  solar_capex: 1000.0
  solar_opex: 10
  solar_lifetime: 20
  carbon_price: 1.0
timeseries_values:
  load_level: 258100.9459334124
  wind_year: 2018
  solar_year: 2018
  price_year: 2023
  carbon_year: 2023
storage_values:
  CAES:
    cost: 46.9021
    lifetime: 26.3089
    annual_cost: 1.7827465230397317
    efficiency: 0.618586
    discharge_ratio: 0.1
    depth_of_discharge: 0.4
  Li-ion:
    cost: 254.634
    lifetime: 22.8575
    annual_cost: 11.140063436508804
    efficiency: 0.921643
    discharge_ratio: 2
    depth_of_discharge: 0.9
  Pb-acid:
    cost: 79.5558
    lifetime: 10.7843
    annual_cost: 7.377001752547685
    efficiency: 0.754658
    discharge_ratio: 5
    depth_of_discharge: 0.5
  VRBF:
    cost: 207.63
    lifetime: 14.6089
    annual_cost: 14.212569050373402
    efficiency: 0.688118
    discharge_ratio: 0.5
    depth_of_discharge: 1.0
