cost_values:
  wind_capex: 5000.0
  wind_opex: 100
  wind_lifetime: 20
  solar_capex: 1000.0
  solar_opex: 10
  solar_lifetime: 20
  carbon_price: 1.0
timeseries_values:
  load_level: 258100.9459334124
  wind_year: 2018
  solar_year: 2018
  price_year: 2023
  carbon_year: 2023
storage_values:
  CAES:
    cost: 49.2844
    lifetime: 26.3574
    annual_cost: 1.8698505922435444
    efficiency: 0.623005
    discharge_ratio: 0.1
    depth_of_discharge: 0.4
  Li-ion:
    cost: 225.391
    lifetime: 24.6669
    annual_cost: 9.13738653823545
    efficiency: 0.921
    discharge_ratio: 2
    depth_of_discharge: 0.9
  Pb-acid:
    cost: 92.4815
    lifetime: 9.62672
    annual_cost: 9.60675079362441
    efficiency: 0.742172
    discharge_ratio: 5
    depth_of_discharge: 0.5
  VRBF:
    cost: 259.295
    lifetime: 13.2748
    annual_cost: 19.53287431825715
    efficiency: 0.68171
    discharge_ratio: 0.5
    depth_of_discharge: 1.0
