cost_values:
  wind_capex: 5000.0
  wind_opex: 100
  wind_lifetime: 20
  solar_capex: 1000.0
  solar_opex: 10
  solar_lifetime: 20
  carbon_price: 1.0
timeseries_values:
  load_level: 258100.9459334124
  wind_year: 2018
  solar_year: 2018
  price_year: 2023
  carbon_year: 2023
storage_values:
  CAES:
    cost: 50.506
    lifetime: 26.7157
    annual_cost: 1.8904988452482998
    efficiency: 0.615827
    discharge_ratio: 0.1
    depth_of_discharge: 0.4
  Li-ion:
    cost: 247.868
    lifetime: 22.8006
    annual_cost: 10.871117426734385
    efficiency: 0.935424
    discharge_ratio: 2
    depth_of_discharge: 0.9
  Pb-acid:
    cost: 94.0324
    lifetime: 9.5792
    annual_cost: 9.81631033906798
    efficiency: 0.757769
    discharge_ratio: 5
    depth_of_discharge: 0.5
  VRBF:
    cost: 232.114
    lifetime: 12.9088
    annual_cost: 17.981067178978684
    efficiency: 0.690022
    discharge_ratio: 0.5
    depth_of_discharge: 1.0
