cost_values:
  wind_capex: 5000.0
  wind_opex: 100
  wind_lifetime: 20
  solar_capex: 1000.0
  solar_opex: 10
  solar_lifetime: 20
  carbon_price: 1.0
timeseries_values:
  load_level: 258100.9459334124
  wind_year: 2018
  solar_year: 2018
  price_year: 2023
  carbon_year: 2023
storage_values:
  CAES:
    cost: 49.7105
    lifetime: 27.5945
    annual_cost: 1.8014640598670026
    efficiency: 0.619485
    discharge_ratio: 0.1
    depth_of_discharge: 0.4
  Li-ion:
    cost: 246.352
    lifetime: 21.4472
    annual_cost: 11.48644112051923
    efficiency: 0.937564
    discharge_ratio: 2
    depth_of_discharge: 0.9
  Pb-acid:
    cost: 84.968
    lifetime: 8.86707
    annual_cost: 9.582421250762653
    efficiency: 0.760118
    discharge_ratio: 5
    depth_of_discharge: 0.5
  VRBF:
    cost: 229.152
    lifetime: 13.1135
    annual_cost: 17.474511000114386
    efficiency: 0.695813
    discharge_ratio: 0.5
    depth_of_discharge: 1.0
