cost_values:
  wind_capex: 5000.0
  wind_opex: 100
  wind_lifetime: 20
  solar_capex: 1000.0
  solar_opex: 10
  solar_lifetime: 20
  carbon_price: 1.0
timeseries_values:
  load_level: 258100.9459334124
  wind_year: 2018
  solar_year: 2018
  price_year: 2023
  carbon_year: 2023
storage_values:
  CAES:
    cost: 44.4463
    lifetime: 27.3084
    annual_cost: 1.6275688066675456
    efficiency: 0.617146
    discharge_ratio: 0.1
    depth_of_discharge: 0.4
  Li-ion:
    cost: 222.583
    lifetime: 22.5121
    annual_cost: 9.88726062872855
    efficiency: 0.928527
    discharge_ratio: 2
    depth_of_discharge: 0.9
  Pb-acid:
    cost: 71.2201
    lifetime: 10.4412
    annual_cost: 6.821064628586752
    efficiency: 0.7645
    discharge_ratio: 5
    depth_of_discharge: 0.5
  VRBF:
    cost: 231.385
    lifetime: 14.8867
    annual_cost: 15.54306864516649
    efficiency: 0.675696
    discharge_ratio: 0.5
    depth_of_discharge: 1.0
