cost_values:
  wind_capex: 5000.0
  wind_opex: 100
  wind_lifetime: 20
  solar_capex: 1000.0
  solar_opex: 10
  solar_lifetime: 20
  carbon_price: 1.0
timeseries_values:
  load_level: 258100.9459334124
  wind_year: 2018
  solar_year: 2018
  price_year: 2023
  carbon_year: 2023
storage_values:
  CAES:
    cost: 45.5629
    lifetime: 26.2038
    annual_cost: 1.7387897938466939
    efficiency: 0.633723
    discharge_ratio: 0.1
    depth_of_discharge: 0.4
  Li-ion:
    cost: 239.238
    lifetime: 22.5191
    annual_cost: 10.623781589850394
    efficiency: 0.917816
    discharge_ratio: 2
    depth_of_discharge: 0.9
  Pb-acid:
    cost: 78.1781
    lifetime: 11.2217
    annual_cost: 6.9666895390181525
    efficiency: 0.761214
    discharge_ratio: 5
    depth_of_discharge: 0.5
  VRBF:
    cost: 258.066
    lifetime: 11.8779
    annual_cost: 21.7265678276463
    efficiency: 0.671217
    discharge_ratio: 0.5
    depth_of_discharge: 1.0
