cost_values:
  wind_capex: 5000.0
  wind_opex: 100
  wind_lifetime: 20
  solar_capex: 1000.0
  solar_opex: 10
  solar_lifetime: 20
  carbon_price: 1.0
timeseries_values:
  load_level: 258100.9459334124
  wind_year: 2018
  solar_year: 2018
  price_year: 2023
  carbon_year: 2023
storage_values:
  CAES:
    cost: 45.895
    lifetime: 27.0656
    annual_cost: 1.6956949042326792
    efficiency: 0.62511
    discharge_ratio: 0.1
    depth_of_discharge: 0.4
  Li-ion:
    cost: 229.523
    lifetime: 23.034
    annual_cost: 9.964530693757055
    efficiency: 0.922431
    discharge_ratio: 2
    depth_of_discharge: 0.9
  Pb-acid:
    cost: 100.283
    lifetime: 11.8465
    annual_cost: 8.465200692187565
    efficiency: 0.759311
    discharge_ratio: 5
    depth_of_discharge: 0.5
  VRBF:
    cost: 258.747
    lifetime: 11.9473
    annual_cost: 21.65736191440744
    efficiency: 0.690659
    discharge_ratio: 0.5
    depth_of_discharge: 1.0
