cost_values:
  wind_capex: 5000.0
  wind_opex: 100
  wind_lifetime: 20
  solar_capex: 1000.0
  solar_opex: 10
  solar_lifetime: 20
  carbon_price: 1.0
timeseries_values:
  load_level: 258100.9459334124
  wind_year: 2018
  solar_year: 2018
  price_year: 2023
  carbon_year: 2023
storage_values:
  CAES:
    cost: 48.9984
    lifetime: 26.7771
    annual_cost: 1.8298620836461004
    efficiency: 0.623772
    discharge_ratio: 0.1
    depth_of_discharge: 0.4
  Li-ion:
    cost: 253.667
    lifetime: 22.6968
    annual_cost: 11.176333227591554
    efficiency: 0.954072
    discharge_ratio: 2
    depth_of_discharge: 0.9
  Pb-acid:
    cost: 102.422
    lifetime: 9.70367
    annual_cost: 10.554975591709114
    efficiency: 0.746258
    discharge_ratio: 5
    depth_of_discharge: 0.5
  VRBF:
    cost: 227.122
    lifetime: 12.8914
    annual_cost: 17.61810199047427
    efficiency: 0.678071
    discharge_ratio: 0.5
    depth_of_discharge: 1.0
