cost_values:
  wind_capex: 5000.0
  wind_opex: 100
  wind_lifetime: 20
  solar_capex: 1000.0
  solar_opex: 10
  solar_lifetime: 20
  carbon_price: 1.0
timeseries_values:
  load_level: 258100.9459334124
  wind_year: 2018
  solar_year: 2018
  price_year: 2023
  carbon_year: 2023
storage_values:
  CAES:
    cost: 44.5291
    lifetime: 26.6117
    annual_cost: 1.6732903196714228
    efficiency: 0.624728
    discharge_ratio: 0.1
    depth_of_discharge: 0.4
  Li-ion:
    cost: 215.603
    lifetime: 24.6414
    annual_cost: 8.74962461548451
    efficiency: 0.922416
    discharge_ratio: 2
    depth_of_discharge: 0.9
  Pb-acid:
    cost: 89.9349
    lifetime: 8.74305
    annual_cost: 10.286444661759912
    efficiency: 0.758095
    discharge_ratio: 5
    depth_of_discharge: 0.5
  VRBF:
    cost: 178.23
    lifetime: 15.193
    annual_cost: 11.731060356743237
    efficiency: 0.7
    discharge_ratio: 0.5
    depth_of_discharge: 1.0
