cost_values:
  wind_capex: 5000.0
  wind_opex: 100
  wind_lifetime: 20
  solar_capex: 1000.0
  solar_opex: 10
  solar_lifetime: 20
  carbon_price: 1.0
timeseries_values:
  load_level: 258100.9459334124
  wind_year: 2018
  solar_year: 2018
  price_year: 2023
  carbon_year: 2023
storage_values:
  CAES:
    cost: 48.5857
    lifetime: 26.7073
    annual_cost: 1.8191917565609403
    efficiency: 0.613329
    discharge_ratio: 0.1
    depth_of_discharge: 0.4
  Li-ion:
    cost: 247.209
    lifetime: 22.1548
    annual_cost: 11.15825915828624
    efficiency: 0.928652
    discharge_ratio: 2
    depth_of_discharge: 0.9
  Pb-acid:
    cost: 76.7435
    lifetime: 9.07787
    annual_cost: 8.45391044374947
    efficiency: 0.763358
    discharge_ratio: 5
    depth_of_discharge: 0.5
  VRBF:
    cost: 207.994
    lifetime: 13.1017
    annual_cost: 15.875344420953008
    efficiency: 0.688875
    discharge_ratio: 0.5
    depth_of_discharge: 1.0
