cost_values:
  wind_capex: 5000.0
  wind_opex: 100
  wind_lifetime: 20
  solar_capex: 1000.0
  solar_opex: 10
  solar_lifetime: 20
  carbon_price: 1.0
timeseries_values:
  load_level: 258100.9459334124
  wind_year: 2018
  solar_year: 2018
  price_year: 2023
  carbon_year: 2023
storage_values:
  CAES:
    cost: 46.6164
    lifetime: 25.6683
    annual_cost: 1.8161078061266231
    efficiency: 0.623503
    discharge_ratio: 0.1
    depth_of_discharge: 0.4
  Li-ion:
    cost: 235.093
    lifetime: 23.059
    annual_cost: 10.195281668762739
    efficiency: 0.948115
    discharge_ratio: 2
    depth_of_discharge: 0.9
  Pb-acid:
    cost: 81.8378
    lifetime: 9.91439
    annual_cost: 8.254446314901875
    efficiency: 0.748488
    discharge_ratio: 5
    depth_of_discharge: 0.5
  VRBF:
    cost: 235.222
    lifetime: 14.1575
    annual_cost: 16.614656542468655
    efficiency: 0.683457
    discharge_ratio: 0.5
    depth_of_discharge: 1.0
