cost_values:
  wind_capex: 5000.0
  wind_opex: 100
  wind_lifetime: 20
  solar_capex: 1000.0
  solar_opex: 10
  solar_lifetime: 20
  carbon_price: 1.0
timeseries_values:
  load_level: 258100.9459334124
  wind_year: 2018
  solar_year: 2018
  price_year: 2023
  carbon_year: 2023
storage_values:
  CAES:
    cost: 44.2252
    lifetime: 27.0889
    annual_cost: 1.6325949004942986
    efficiency: 0.623039
    discharge_ratio: 0.1
    depth_of_discharge: 0.4
  Li-ion:
    cost: 238.909
    lifetime: 22.9952
    annual_cost: 10.389516072919566
    efficiency: 0.933221
    discharge_ratio: 2
    depth_of_discharge: 0.9
  Pb-acid:
    cost: 93.7982
    lifetime: 9.5703
    annual_cost: 9.800967576773978
    efficiency: 0.750821
    discharge_ratio: 5
    depth_of_discharge: 0.5
  VRBF:
    cost: 282.047
    lifetime: 14.0018
    annual_cost: 20.14362439114971
    efficiency: 0.685808
    discharge_ratio: 0.5
    depth_of_discharge: 1.0
