cost_values:
  wind_capex: 5000.0
  wind_opex: 100
  wind_lifetime: 20
  solar_capex: 1000.0
  solar_opex: 10
  solar_lifetime: 20
  carbon_price: 1.0
timeseries_values:
  load_level: 258100.9459334124
  wind_year: 2018
  solar_year: 2018
  price_year: 2023
  carbon_year: 2023
storage_values:
  CAES:
    cost: 51.1774
    lifetime: 27.7783
    annual_cost: 1.8423517637868407
    efficiency: 0.615344
    discharge_ratio: 0.1
    depth_of_discharge: 0.4
  Li-ion:
    cost: 235.435
    lifetime: 20.7972
    annual_cost: 11.320514300001923
    efficiency: 0.936569
    discharge_ratio: 2
    depth_of_discharge: 0.9
  Pb-acid:
    cost: 79.9358
    lifetime: 11.3988
    annual_cost: 7.012650454433801
    efficiency: 0.768011
    discharge_ratio: 5
    depth_of_discharge: 0.5
  VRBF:
    cost: 250.336
    lifetime: 14.1173
    annual_cost: 17.732569258994285
    efficiency: 0.682333
    discharge_ratio: 0.5
    depth_of_discharge: 1.0
