cost_values:
  wind_capex: 5000.0
  wind_opex: 100
  wind_lifetime: 20
  solar_capex: 1000.0
  solar_opex: 10
  solar_lifetime: 20
  carbon_price: 1.0
timeseries_values:
  load_level: 258100.9459334124
  wind_year: 2018
  solar_year: 2018
  price_year: 2023
  carbon_year: 2023
storage_values:
  CAES:
    cost: 45.3371
    lifetime: 26.9753
    annual_cost: 1.6806893713878992
    efficiency: 0.62506
    discharge_ratio: 0.1
    depth_of_discharge: 0.4
  Li-ion:
    cost: 240.019
    lifetime: 23.7541
    annual_cost: 10.104318833380342
    efficiency: 0.939701
    discharge_ratio: 2
    depth_of_discharge: 0.9
  Pb-acid:
    cost: 93.0048
    lifetime: 10.9396
    annual_cost: 8.50166368057333
    efficiency: 0.746726
    discharge_ratio: 5
    depth_of_discharge: 0.5
  VRBF:
    cost: 235.617
    lifetime: 14.7709
    annual_cost: 15.951431530915517
    efficiency: 0.701325
    discharge_ratio: 0.5
    depth_of_discharge: 1.0
