cost_values:
  wind_capex: 5000.0
  wind_opex: 100
  wind_lifetime: 20
  solar_capex: 1000.0
  solar_opex: 10
  solar_lifetime: 20
  carbon_price: 1.0
timeseries_values:
  load_level: 258100.9459334124
  wind_year: 2018
  solar_year: 2018
  price_year: 2023
  carbon_year: 2023
storage_values:
  CAES:
    cost: 45.4684
    lifetime: 27.4501
    annual_cost: 1.6564019803206547
    efficiency: 0.616292
    discharge_ratio: 0.1
    depth_of_discharge: 0.4
  Li-ion:
    cost: 237.035
    lifetime: 24.0752
    annual_cost: 9.845608759221108
    efficiency: 0.921687
    discharge_ratio: 2
    depth_of_discharge: 0.9
  Pb-acid:
    cost: 83.2657
    lifetime: 10.2221
    annual_cost: 8.145655002396769
    efficiency: 0.750235
    discharge_ratio: 5
    depth_of_discharge: 0.5
  VRBF:
    cost: 264.102
    lifetime: 13.6803
    annual_cost: 19.305278393017694
    efficiency: 0.683474
    discharge_ratio: 0.5
    depth_of_discharge: 1.0
