cost_values:
  wind_capex: 5000.0
  wind_opex: 100
  wind_lifetime: 20
  solar_capex: 1000.0
  solar_opex: 10
  solar_lifetime: 20
  carbon_price: 1.0
timeseries_values:
  load_level: 258100.9459334124
  wind_year: 2018
  solar_year: 2018
  price_year: 2023
  carbon_year: 2023
storage_values:
  CAES:
    cost: 44.5204
    lifetime: 26.6172
    annual_cost: 1.6726177058443412
    efficiency: 0.623908
    discharge_ratio: 0.1
    depth_of_discharge: 0.4
  Li-ion:
    cost: 244.546
    lifetime: 24.258
    annual_cost: 10.08104542831231
    efficiency: 0.930397
    discharge_ratio: 2
    depth_of_discharge: 0.9
  Pb-acid:
    cost: 87.7888
    lifetime: 10.5965
    annual_cost: 8.284697777568065
    efficiency: 0.76342
    discharge_ratio: 5
    depth_of_discharge: 0.5
  VRBF:
    cost: 272.656
    lifetime: 14.3969
    annual_cost: 18.93852148726462
    efficiency: 0.684176
    discharge_ratio: 0.5
    depth_of_discharge: 1.0
