cost_values:
  wind_capex: 5000.0
  wind_opex: 100
  wind_lifetime: 20
  solar_capex: 1000.0
  solar_opex: 10
  solar_lifetime: 20
  carbon_price: 1.0
timeseries_values:
  load_level: 258100.9459334124
  wind_year: 2018
  solar_year: 2018
  price_year: 2023
  carbon_year: 2023
storage_values:
  CAES:
    cost: 44.7528
    lifetime: 26.8357
    annual_cost: 1.6676591257168623
    efficiency: 0.61646
    discharge_ratio: 0.1
    depth_of_discharge: 0.4
  Li-ion:
    cost: 237.584
    lifetime: 23.288
    annual_cost: 10.201992442459636
    efficiency: 0.918565
    discharge_ratio: 2
    depth_of_discharge: 0.9
  Pb-acid:
    cost: 94.4445
    lifetime: 8.48724
    annual_cost: 11.127822472323158
    efficiency: 0.761831
    discharge_ratio: 5
    depth_of_discharge: 0.5
  VRBF:
    cost: 228.119
    lifetime: 14.897
    annual_cost: 15.313083171108277
    efficiency: 0.683409
    discharge_ratio: 0.5
    depth_of_discharge: 1.0
