cost_values:
  wind_capex: 5000.0
  wind_opex: 100
  wind_lifetime: 20
  solar_capex: 1000.0
  solar_opex: 10
  solar_lifetime: 20
  carbon_price: 1.0
timeseries_values:
  load_level: 258100.9459334124
  wind_year: 2018
  solar_year: 2018
  price_year: 2023
  carbon_year: 2023
storage_values:
  CAES:
    cost: 41.848
    lifetime: 26.5304
    annual_cost: 1.5773603111901817
    efficiency: 0.620015
    discharge_ratio: 0.1
    depth_of_discharge: 0.4
  Li-ion:
    cost: 252.534
    lifetime: 21.5781
    annual_cost: 11.703254688781682
    efficiency: 0.926286
    discharge_ratio: 2
    depth_of_discharge: 0.9
  Pb-acid:
    cost: 99.0556
    lifetime: 11.668
    annual_cost: 8.489509770311965
    efficiency: 0.765132
    discharge_ratio: 5
    depth_of_discharge: 0.5
  VRBF:
    cost: 236.437
    lifetime: 12.6548
    annual_cost: 18.68358251414483
    efficiency: 0.677874
    discharge_ratio: 0.5
    depth_of_discharge: 1.0
