cost_values:
  wind_capex: 5000.0
  wind_opex: 100
  wind_lifetime: 20
  solar_capex: 1000.0
  solar_opex: 10
  solar_lifetime: 20
  carbon_price: 1.0
timeseries_values:
  load_level: 264995.4296290285
  wind_year: 2017
  solar_year: 2018
  price_year: 2023
  carbon_year: 2023
storage_values:
  CAES:
    cost: 65.1822
    lifetime: 24.1166
    annual_cost: 2.7027939261753313
    efficiency: 0.580837
    discharge_ratio: 0.1
    depth_of_discharge: 0.4
  Li-ion:
    cost: 275.226
    lifetime: 25.9186
    annual_cost: 10.618860586605757
    efficiency: 0.891767
    discharge_ratio: 2
    depth_of_discharge: 0.9
  Pb-acid:
    cost: 220.269
    lifetime: 18.1322
    annual_cost: 12.147946746671666
    efficiency: 0.730316
    discharge_ratio: 5
    depth_of_discharge: 0.5
  VRBF:
    cost: 292.579
    lifetime: 18.1788
    annual_cost: 16.094516689770504
    efficiency: 0.668036
    discharge_ratio: 0.5
    depth_of_discharge: 1.0
