cost_values:
  wind_capex: 5000.0
  wind_opex: 100
  wind_lifetime: 20
  solar_capex: 1000.0
  solar_opex: 10
  solar_lifetime: 20
  carbon_price: 1.0
timeseries_values:
  load_level: 264995.4296290285
  wind_year: 2017
  solar_year: 2018
  price_year: 2023
  carbon_year: 2023
storage_values:
  CAES:
    cost: 64.7864
    lifetime: 22.3205
    annual_cost: 2.9025514661409915
    efficiency: 0.574317
    discharge_ratio: 0.1
    depth_of_discharge: 0.4
  Li-ion:
    cost: 284.598
    lifetime: 24.4716
    annual_cost: 11.629725886333548
    efficiency: 0.889851
    discharge_ratio: 2
    depth_of_discharge: 0.9
  Pb-acid:
    cost: 241.962
    lifetime: 15.7205
    annual_cost: 15.39149518145097
    efficiency: 0.721071
    discharge_ratio: 5
    depth_of_discharge: 0.5
  VRBF:
    cost: 243.213
    lifetime: 17.7225
    annual_cost: 13.723402454506981
    efficiency: 0.662306
    discharge_ratio: 0.5
    depth_of_discharge: 1.0
