cost_values:
  wind_capex: 5000.0
  wind_opex: 100
  wind_lifetime: 20
  solar_capex: 1000.0
  solar_opex: 10
  solar_lifetime: 20
  carbon_price: 1.0
timeseries_values:
  load_level: 264995.4296290285
  wind_year: 2017
  solar_year: 2018
  price_year: 2023
  carbon_year: 2023
storage_values:
  CAES:
    cost: 69.5118
    lifetime: 23.4873
    annual_cost: 2.9595483516623875
    efficiency: 0.579613
    discharge_ratio: 0.1
    depth_of_discharge: 0.4
  Li-ion:
    cost: 286.5
    lifetime: 26.3694
    annual_cost: 10.86486609479169
    efficiency: 0.901514
    discharge_ratio: 2
    depth_of_discharge: 0.9
  Pb-acid:
    cost: 245.127
    lifetime: 16.0474
    annual_cost: 15.275184765133293
    efficiency: 0.718807
    discharge_ratio: 5
    depth_of_discharge: 0.5
  VRBF:
    cost: 244.461
    lifetime: 17.2983
    annual_cost: 14.132082343351659
    efficiency: 0.664462
    discharge_ratio: 0.5
    depth_of_discharge: 1.0
