cost_values:
  wind_capex: 5000.0
  wind_opex: 100
  wind_lifetime: 20
  solar_capex: 1000.0
  solar_opex: 10
  solar_lifetime: 20
  carbon_price: 1.0
timeseries_values:
  load_level: 264995.4296290285
  wind_year: 2017
  solar_year: 2018
  price_year: 2023
  carbon_year: 2023
storage_values:
  CAES:
    cost: 63.7733
    lifetime: 23.1271
    annual_cost: 2.757513912250131
    efficiency: 0.563569
    discharge_ratio: 0.1
    depth_of_discharge: 0.4
  Li-ion:
    cost: 299.837
    lifetime: 27.7398
    annual_cost: 10.808909941672255
    efficiency: 0.896911
    discharge_ratio: 2
    depth_of_discharge: 0.9
  Pb-acid:
    cost: 219.809
    lifetime: 15.9763
    annual_cost: 13.758442192497636
    efficiency: 0.731156
    discharge_ratio: 5
    depth_of_discharge: 0.5
  VRBF:
    cost: 270.863
    lifetime: 19.2056
    annual_cost: 14.103334444120465
    efficiency: 0.650441
    discharge_ratio: 0.5
    depth_of_discharge: 1.0
