cost_values:
  wind_capex: 5000.0
  wind_opex: 100
  wind_lifetime: 20
  solar_capex: 1000.0
  solar_opex: 10
  solar_lifetime: 20
  carbon_price: 1.0
timeseries_values:
  load_level: 264995.4296290285
  wind_year: 2017
  solar_year: 2018
  price_year: 2023
  carbon_year: 2023
storage_values:
  CAES:
    cost: 73.7704
    lifetime: 23.3094
    annual_cost: 3.1648347876822225
    efficiency: 0.584502
    discharge_ratio: 0.1
    depth_of_discharge: 0.4
  Li-ion:
    cost: 294.21
    lifetime: 27.359
    annual_cost: 10.753682517635877
    efficiency: 0.882524
    discharge_ratio: 2
    depth_of_discharge: 0.9
  Pb-acid:
    cost: 247.728
    lifetime: 16.4922
    annual_cost: 15.0209189798814
    efficiency: 0.727874
    discharge_ratio: 5
    depth_of_discharge: 0.5
  VRBF:
    cost: 278.834
    lifetime: 20.3382
    annual_cost: 13.709866163180616
    efficiency: 0.657839
    discharge_ratio: 0.5
    depth_of_discharge: 1.0
