cost_values:
  wind_capex: 5000.0
  wind_opex: 100
  wind_lifetime: 20
  solar_capex: 1000.0
  solar_opex: 10
  solar_lifetime: 20
  carbon_price: 1.0
timeseries_values:
  load_level: 264995.4296290285
  wind_year: 2017
  solar_year: 2018
  price_year: 2023
  carbon_year: 2023
storage_values:
  CAES:
    cost: 69.6162
    lifetime: 23.3988
    annual_cost: 2.975203856608031
    efficiency: 0.570454
    discharge_ratio: 0.1
    depth_of_discharge: 0.4
  Li-ion:
    cost: 273.303
    lifetime: 24.8966
    annual_cost: 10.977523035273894
    efficiency: 0.88138
    discharge_ratio: 2
    depth_of_discharge: 0.9
  Pb-acid:
    cost: 223.621
    lifetime: 16.3211
    annual_cost: 13.70134365943472
    efficiency: 0.739788
    discharge_ratio: 5
    depth_of_discharge: 0.5
  VRBF:
    cost: 276.575
    lifetime: 19.2464
    annual_cost: 14.370219885277246
    efficiency: 0.652069
    discharge_ratio: 0.5
    depth_of_discharge: 1.0
