cost_values:
  wind_capex: 5000.0
  wind_opex: 100
  wind_lifetime: 20
  solar_capex: 1000.0
  solar_opex: 10
  solar_lifetime: 20
  carbon_price: 1.0
timeseries_values:
  load_level: 264995.4296290285
  wind_year: 2017
  solar_year: 2018
  price_year: 2023
  carbon_year: 2023
storage_values:
  CAES:
    cost: 66.8793
    lifetime: 23.5681
    annual_cost: 2.837704354614924
    efficiency: 0.572484
    discharge_ratio: 0.1
    depth_of_discharge: 0.4
  Li-ion:
    cost: 295.569
    lifetime: 25.891
    annual_cost: 11.415897416090536
    efficiency: 0.885453
    discharge_ratio: 2
    depth_of_discharge: 0.9
  Pb-acid:
    cost: 243.665
    lifetime: 16.1189
    annual_cost: 15.116726327478922
    efficiency: 0.73418
    discharge_ratio: 5
    depth_of_discharge: 0.5
  VRBF:
    cost: 248.773
    lifetime: 17.7191
    annual_cost: 14.039821435625962
    efficiency: 0.664047
    discharge_ratio: 0.5
    depth_of_discharge: 1.0
