cost_values:
  wind_capex: 5000.0
  wind_opex: 100
  wind_lifetime: 20
  solar_capex: 1000.0
  solar_opex: 10
  solar_lifetime: 20
  carbon_price: 1.0
timeseries_values:
  load_level: 264995.4296290285
  wind_year: 2017
  solar_year: 2018
  price_year: 2023
  carbon_year: 2023
storage_values:
  CAES:
    cost: 70.2016
    lifetime: 23.265
    annual_cost: 3.0174768966258325
    efficiency: 0.585793
    discharge_ratio: 0.1
    depth_of_discharge: 0.4
  Li-ion:
    cost: 291.957
    lifetime: 27.114
    annual_cost: 10.767758353618056
    efficiency: 0.889376
    discharge_ratio: 2
    depth_of_discharge: 0.9
  Pb-acid:
    cost: 233.665
    lifetime: 15.4275
    annual_cost: 15.146005509641872
    efficiency: 0.730779
    discharge_ratio: 5
    depth_of_discharge: 0.5
  VRBF:
    cost: 261.513
    lifetime: 17.6605
    annual_cost: 14.807791398884516
    efficiency: 0.68744
    discharge_ratio: 0.5
    depth_of_discharge: 1.0
