cost_values:
  wind_capex: 5000.0
  wind_opex: 100
  wind_lifetime: 20
  solar_capex: 1000.0
  solar_opex: 10
  solar_lifetime: 20
  carbon_price: 1.0
timeseries_values:
  load_level: 264995.4296290285
  wind_year: 2017
  solar_year: 2018
  price_year: 2023
  carbon_year: 2023
storage_values:
  CAES:
    cost: 66.6921
    lifetime: 23.3935
    annual_cost: 2.8508816551606215
    efficiency: 0.577898
    discharge_ratio: 0.1
    depth_of_discharge: 0.4
  Li-ion:
    cost: 270.856
    lifetime: 25.026
    annual_cost: 10.8229840965396
    efficiency: 0.886639
    discharge_ratio: 2
    depth_of_discharge: 0.9
  Pb-acid:
    cost: 220.862
    lifetime: 15.2399
    annual_cost: 14.492352312023044
    efficiency: 0.720236
    discharge_ratio: 5
    depth_of_discharge: 0.5
  VRBF:
    cost: 245.463
    lifetime: 18.0476
    annual_cost: 13.600866597220683
    efficiency: 0.659117
    discharge_ratio: 0.5
    depth_of_discharge: 1.0
