cost_values:
  wind_capex: 5000.0
  wind_opex: 100
  wind_lifetime: 20
  solar_capex: 1000.0
  solar_opex: 10
  solar_lifetime: 20
  carbon_price: 1.0
timeseries_values:
  load_level: 264995.4296290285
  wind_year: 2017
  solar_year: 2018
  price_year: 2023
  carbon_year: 2023
storage_values:
  CAES:
    cost: 59.8408
    lifetime: 23.989
    annual_cost: 2.4945099837425486
    efficiency: 0.578292
    discharge_ratio: 0.1
    depth_of_discharge: 0.4
  Li-ion:
    cost: 296.986
    lifetime: 25.9016
    annual_cost: 11.465932606479909
    efficiency: 0.882275
    discharge_ratio: 2
    depth_of_discharge: 0.9
  Pb-acid:
    cost: 222.181
    lifetime: 17.6198
    annual_cost: 12.60973450322932
    efficiency: 0.727379
    discharge_ratio: 5
    depth_of_discharge: 0.5
  VRBF:
    cost: 272.849
    lifetime: 19.9856
    annual_cost: 13.652279641341764
    efficiency: 0.658343
    discharge_ratio: 0.5
    depth_of_discharge: 1.0
