cost_values:
  wind_capex: 5000.0
  wind_opex: 100
  wind_lifetime: 20
  solar_capex: 1000.0
  solar_opex: 10
  solar_lifetime: 20
  carbon_price: 1.0
timeseries_values:
  load_level: 264995.4296290285
  wind_year: 2017
  solar_year: 2018
  price_year: 2023
  carbon_year: 2023
storage_values:
  CAES:
    cost: 69.9058
    lifetime: 22.8596
    annual_cost: 3.0580500096239653
    efficiency: 0.576239
    discharge_ratio: 0.1
    depth_of_discharge: 0.4
  Li-ion:
    cost: 288.94
    lifetime: 25.6882
    annual_cost: 11.247965992167611
    efficiency: 0.904342
    discharge_ratio: 2
    depth_of_discharge: 0.9
  Pb-acid:
    cost: 239.257
    lifetime: 16.1492
    annual_cost: 14.815408812820449
    efficiency: 0.723682
    discharge_ratio: 5
    depth_of_discharge: 0.5
  VRBF:
    cost: 249.582
    lifetime: 16.7268
    annual_cost: 14.921084726307482
    efficiency: 0.677661
    discharge_ratio: 0.5
    depth_of_discharge: 1.0
