cost_values:
  wind_capex: 5000.0
  wind_opex: 100
  wind_lifetime: 20
  solar_capex: 1000.0
  solar_opex: 10
  solar_lifetime: 20
  carbon_price: 1.0
timeseries_values:
  load_level: 264995.4296290285
  wind_year: 2017
  solar_year: 2018
  price_year: 2023
  carbon_year: 2023
storage_values:
  CAES:
    cost: 68.7177
    lifetime: 23.8907
    annual_cost: 2.87633681725525
    efficiency: 0.584566
    discharge_ratio: 0.1
    depth_of_discharge: 0.4
  Li-ion:
    cost: 299.939
    lifetime: 24.9825
    annual_cost: 12.005964174922445
    efficiency: 0.893575
    discharge_ratio: 2
    depth_of_discharge: 0.9
  Pb-acid:
    cost: 228.826
    lifetime: 17.0478
    annual_cost: 13.422611715294643
    efficiency: 0.728445
    discharge_ratio: 5
    depth_of_discharge: 0.5
  VRBF:
    cost: 257.14
    lifetime: 19.7983
    annual_cost: 12.98798381679235
    efficiency: 0.664138
    discharge_ratio: 0.5
    depth_of_discharge: 1.0
