cost_values:
  wind_capex: 5000.0
  wind_opex: 100
  wind_lifetime: 20
  solar_capex: 1000.0
  solar_opex: 10
  solar_lifetime: 20
  carbon_price: 1.0
timeseries_values:
  load_level: 264995.4296290285
  wind_year: 2017
  solar_year: 2018
  price_year: 2023
  carbon_year: 2023
storage_values:
  CAES:
    cost: 67.4872
    lifetime: 22.9199
    annual_cost: 2.94448056056091
    efficiency: 0.566472
    discharge_ratio: 0.1
    depth_of_discharge: 0.4
  Li-ion:
    cost: 282.465
    lifetime: 25.9364
    annual_cost: 10.890678737218735
    efficiency: 0.895165
    discharge_ratio: 2
    depth_of_discharge: 0.9
  Pb-acid:
    cost: 215.831
    lifetime: 15.986
    annual_cost: 13.501251094707868
    efficiency: 0.742076
    discharge_ratio: 5
    depth_of_discharge: 0.5
  VRBF:
    cost: 271.069
    lifetime: 17.5282
    annual_cost: 15.464736824089185
    efficiency: 0.660103
    discharge_ratio: 0.5
    depth_of_discharge: 1.0
