cost_values:
  wind_capex: 5000.0
  wind_opex: 100
  wind_lifetime: 20
  solar_capex: 1000.0
  solar_opex: 10
  solar_lifetime: 20
  carbon_price: 1.0
timeseries_values:
  load_level: 264995.4296290285
  wind_year: 2017
  solar_year: 2018
  price_year: 2023
  carbon_year: 2023
storage_values:
  CAES:
    cost: 64.09
    lifetime: 22.8876
    annual_cost: 2.800206225204915
    efficiency: 0.581811
    discharge_ratio: 0.1
    depth_of_discharge: 0.4
  Li-ion:
    cost: 293.937
    lifetime: 26.3249
    annual_cost: 11.165740420666365
    efficiency: 0.873286
    discharge_ratio: 2
    depth_of_discharge: 0.9
  Pb-acid:
    cost: 242.954
    lifetime: 16.6513
    annual_cost: 14.590692618594344
    efficiency: 0.731552
    discharge_ratio: 5
    depth_of_discharge: 0.5
  VRBF:
    cost: 266.106
    lifetime: 17.7414
    annual_cost: 14.99915451993642
    efficiency: 0.658948
    discharge_ratio: 0.5
    depth_of_discharge: 1.0
