cost_values:
  wind_capex: 5000.0
  wind_opex: 100
  wind_lifetime: 20
  solar_capex: 1000.0
  solar_opex: 10
  solar_lifetime: 20
  carbon_price: 1.0
timeseries_values:
  load_level: 264995.4296290285
  wind_year: 2017
  solar_year: 2018
  price_year: 2023
  carbon_year: 2023
storage_values:
  CAES:
    cost: 72.4625
    lifetime: 22.377
    annual_cost: 3.2382580328015376
    efficiency: 0.575067
    discharge_ratio: 0.1
    depth_of_discharge: 0.4
  Li-ion:
    cost: 270.972
    lifetime: 23.1835
    annual_cost: 11.688140272176332
    efficiency: 0.896582
    discharge_ratio: 2
    depth_of_discharge: 0.9
  Pb-acid:
    cost: 239.675
    lifetime: 16.4831
    annual_cost: 14.540650727108371
    efficiency: 0.737878
    discharge_ratio: 5
    depth_of_discharge: 0.5
  VRBF:
    cost: 263.741
    lifetime: 18.3384
    annual_cost: 14.381898093617764
    efficiency: 0.66486
    discharge_ratio: 0.5
    depth_of_discharge: 1.0
