cost_values:
  wind_capex: 5000.0
  wind_opex: 100
  wind_lifetime: 20
  solar_capex: 1000.0
  solar_opex: 10
  solar_lifetime: 20
  carbon_price: 1.0
timeseries_values:
  load_level: 264995.4296290285
  wind_year: 2017
  solar_year: 2018
  price_year: 2023
  carbon_year: 2023
storage_values:
  CAES:
    cost: 71.2848
    lifetime: 23.0434
    annual_cost: 3.0935018269873376
    efficiency: 0.564599
    discharge_ratio: 0.1
    depth_of_discharge: 0.4
  Li-ion:
    cost: 267.72
    lifetime: 27.0071
    annual_cost: 9.912948817162894
    efficiency: 0.904609
    discharge_ratio: 2
    depth_of_discharge: 0.9
  Pb-acid:
    cost: 247.27
    lifetime: 16.9749
    annual_cost: 14.56680157173238
    efficiency: 0.72344
    discharge_ratio: 5
    depth_of_discharge: 0.5
  VRBF:
    cost: 261.103
    lifetime: 18.9132
    annual_cost: 13.805331725990314
    efficiency: 0.652587
    discharge_ratio: 0.5
    depth_of_discharge: 1.0
