cost_values:
  wind_capex: 5000.0
  wind_opex: 100
  wind_lifetime: 20
  solar_capex: 1000.0
  solar_opex: 10
  solar_lifetime: 20
  carbon_price: 1.0
timeseries_values:
  load_level: 264995.4296290285
  wind_year: 2017
  solar_year: 2018
  price_year: 2023
  carbon_year: 2023
storage_values:
  CAES:
    cost: 71.3733
    lifetime: 23.6441
    annual_cost: 3.0186515874996296
    efficiency: 0.577907
    discharge_ratio: 0.1
    depth_of_discharge: 0.4
  Li-ion:
    cost: 292.527
    lifetime: 26.9558
    annual_cost: 10.852098620705005
    efficiency: 0.896189
    discharge_ratio: 2
    depth_of_discharge: 0.9
  Pb-acid:
    cost: 234.367
    lifetime: 16.3204
    annual_cost: 14.360371069336535
    efficiency: 0.731407
    discharge_ratio: 5
    depth_of_discharge: 0.5
  VRBF:
    cost: 302.895
    lifetime: 17.2586
    annual_cost: 17.550380679777035
    efficiency: 0.652827
    discharge_ratio: 0.5
    depth_of_discharge: 1.0
