cost_values:
  wind_capex: 5000.0
  wind_opex: 100
  wind_lifetime: 20
  solar_capex: 1000.0
  solar_opex: 10
  solar_lifetime: 20
  carbon_price: 1.0
timeseries_values:
  load_level: 264995.4296290285
  wind_year: 2017
  solar_year: 2018
  price_year: 2023
  carbon_year: 2023
storage_values:
  CAES:
    cost: 65.3964
    lifetime: 22.0668
    annual_cost: 2.9635651748327803
    efficiency: 0.579311
    discharge_ratio: 0.1
    depth_of_discharge: 0.4
  Li-ion:
    cost: 299.662
    lifetime: 26.4194
    annual_cost: 11.342498315631694
    efficiency: 0.88552
    discharge_ratio: 2
    depth_of_discharge: 0.9
  Pb-acid:
    cost: 222.839
    lifetime: 15.3654
    annual_cost: 14.502648808361645
    efficiency: 0.728247
    discharge_ratio: 5
    depth_of_discharge: 0.5
  VRBF:
    cost: 285.998
    lifetime: 18.1997
    annual_cost: 15.714434853321757
    efficiency: 0.664098
    discharge_ratio: 0.5
    depth_of_discharge: 1.0
