cost_values:
  wind_capex: 5000.0
  wind_opex: 100
  wind_lifetime: 20
  solar_capex: 1000.0
  solar_opex: 10
  solar_lifetime: 20
  carbon_price: 1.0
timeseries_values:
  load_level: 264995.4296290285
  wind_year: 2017
  solar_year: 2018
  price_year: 2023
  carbon_year: 2023
storage_values:
  CAES:
    cost: 66.9431
    lifetime: 23.036
    annual_cost: 2.9060210105921165
    efficiency: 0.582718
    discharge_ratio: 0.1
    depth_of_discharge: 0.4
  Li-ion:
    cost: 299.794
    lifetime: 25.4936
    annual_cost: 11.759578874697963
    efficiency: 0.892365
    discharge_ratio: 2
    depth_of_discharge: 0.9
  Pb-acid:
    cost: 220.902
    lifetime: 16.3706
    annual_cost: 13.493824294772335
    efficiency: 0.717096
    discharge_ratio: 5
    depth_of_discharge: 0.5
  VRBF:
    cost: 248.224
    lifetime: 18.5103
    annual_cost: 13.41004737902681
    efficiency: 0.679101
    discharge_ratio: 0.5
    depth_of_discharge: 1.0
