cost_values:
  wind_capex: 5000.0
  wind_opex: 100
  wind_lifetime: 20
  solar_capex: 1000.0
  solar_opex: 10
  solar_lifetime: 20
  carbon_price: 1.0
timeseries_values:
  load_level: 264995.4296290285
  wind_year: 2017
  solar_year: 2018
  price_year: 2023
  carbon_year: 2023
storage_values:
  CAES:
    cost: 68.4406
    lifetime: 24.1714
    annual_cost: 2.831470249964835
    efficiency: 0.571343
    discharge_ratio: 0.1
    depth_of_discharge: 0.4
  Li-ion:
    cost: 269.829
    lifetime: 29.457
    annual_cost: 9.160097769630308
    efficiency: 0.888048
    discharge_ratio: 2
    depth_of_discharge: 0.9
  Pb-acid:
    cost: 240.567
    lifetime: 14.7277
    annual_cost: 16.334322399288414
    efficiency: 0.721676
    discharge_ratio: 5
    depth_of_discharge: 0.5
  VRBF:
    cost: 263.068
    lifetime: 16.6392
    annual_cost: 15.810135102649166
    efficiency: 0.676209
    discharge_ratio: 0.5
    depth_of_discharge: 1.0
