cost_values:
  wind_capex: 5000.0
  wind_opex: 100
  wind_lifetime: 20
  solar_capex: 1000.0
  solar_opex: 10
  solar_lifetime: 20
  carbon_price: 1.0
timeseries_values:
  load_level: 264995.4296290285
  wind_year: 2017
  solar_year: 2018
  price_year: 2023
  carbon_year: 2023
storage_values:
  CAES:
    cost: 67.7638
    lifetime: 23.4938
    annual_cost: 2.884326928806749
    efficiency: 0.580246
    discharge_ratio: 0.1
    depth_of_discharge: 0.4
  Li-ion:
    cost: 282.464
    lifetime: 25.0832
    annual_cost: 11.261083115391974
    efficiency: 0.893286
    discharge_ratio: 2
    depth_of_discharge: 0.9
  Pb-acid:
    cost: 218.972
    lifetime: 16.8199
    annual_cost: 13.018626745700034
    efficiency: 0.713536
    discharge_ratio: 5
    depth_of_discharge: 0.5
  VRBF:
    cost: 276.479
    lifetime: 18.5721
    annual_cost: 14.886792554423032
    efficiency: 0.666699
    discharge_ratio: 0.5
    depth_of_discharge: 1.0
