cost_values:
  wind_capex: 5000.0
  wind_opex: 100
  wind_lifetime: 20
  solar_capex: 1000.0
  solar_opex: 10
  solar_lifetime: 20
  carbon_price: 1.0
timeseries_values:
  load_level: 264995.4296290285
  wind_year: 2017
  solar_year: 2018
  price_year: 2023
  carbon_year: 2023
storage_values:
  CAES:
    cost: 67.2206
    lifetime: 22.6103
    annual_cost: 2.9730078769410406
    efficiency: 0.581623
    discharge_ratio: 0.1
    depth_of_discharge: 0.4
  Li-ion:
    cost: 270.652
    lifetime: 27.0979
    annual_cost: 9.987932644227044
    efficiency: 0.898434
    discharge_ratio: 2
    depth_of_discharge: 0.9
  Pb-acid:
    cost: 243.277
    lifetime: 16.4107
    annual_cost: 14.824291468371246
    efficiency: 0.721001
    discharge_ratio: 5
    depth_of_discharge: 0.5
  VRBF:
    cost: 272.753
    lifetime: 17.6611
    annual_cost: 15.443715283872464
    efficiency: 0.667036
    discharge_ratio: 0.5
    depth_of_discharge: 1.0
