cost_values:
  wind_capex: 5000.0
  wind_opex: 100
  wind_lifetime: 20
  solar_capex: 1000.0
  solar_opex: 10
  solar_lifetime: 20
  carbon_price: 1.0
timeseries_values:
  load_level: 264995.4296290285
  wind_year: 2017
  solar_year: 2018
  price_year: 2023
  carbon_year: 2023
storage_values:
  CAES:
    cost: 66.0015
    lifetime: 23.6204
    annual_cost: 2.794258352949145
    efficiency: 0.580984
    discharge_ratio: 0.1
    depth_of_discharge: 0.4
  Li-ion:
    cost: 257.387
    lifetime: 24.6983
    annual_cost: 10.421243567371034
    efficiency: 0.884154
    discharge_ratio: 2
    depth_of_discharge: 0.9
  Pb-acid:
    cost: 240.081
    lifetime: 16.8766
    annual_cost: 14.225673417631514
    efficiency: 0.73264
    discharge_ratio: 5
    depth_of_discharge: 0.5
  VRBF:
    cost: 236.534
    lifetime: 18.7782
    annual_cost: 12.596201978890416
    efficiency: 0.661578
    discharge_ratio: 0.5
    depth_of_discharge: 1.0
