cost_values:
  wind_capex: 5000.0
  wind_opex: 100
  wind_lifetime: 20
  solar_capex: 1000.0
  solar_opex: 10
  solar_lifetime: 20
  carbon_price: 1.0
timeseries_values:
  load_level: 264995.4296290285
  wind_year: 2017
  solar_year: 2018
  price_year: 2023
  carbon_year: 2023
storage_values:
  CAES:
    cost: 74.1276
    lifetime: 22.6193
    annual_cost: 3.277183644056182
    efficiency: 0.57321
    discharge_ratio: 0.1
    depth_of_discharge: 0.4
  Li-ion:
    cost: 276.849
    lifetime: 26.0664
    annual_cost: 10.620914280452997
    efficiency: 0.889346
    discharge_ratio: 2
    depth_of_discharge: 0.9
  Pb-acid:
    cost: 213.51
    lifetime: 16.1988
    annual_cost: 13.180605970812653
    efficiency: 0.732662
    discharge_ratio: 5
    depth_of_discharge: 0.5
  VRBF:
    cost: 247.056
    lifetime: 18.3508
    annual_cost: 13.462955293502192
    efficiency: 0.661809
    discharge_ratio: 0.5
    depth_of_discharge: 1.0
