cost_values:
  wind_capex: 5000.0
  wind_opex: 100
  wind_lifetime: 20
  solar_capex: 1000.0
  solar_opex: 10
  solar_lifetime: 20
  carbon_price: 1.0
timeseries_values:
  load_level: 264995.4296290285
  wind_year: 2017
  solar_year: 2018
  price_year: 2023
  carbon_year: 2023
storage_values:
  CAES:
    cost: 68.2753
    lifetime: 22.7395
    annual_cost: 3.0024978561533895
    efficiency: 0.576853
    discharge_ratio: 0.1
    depth_of_discharge: 0.4
  Li-ion:
    cost: 278.462
    lifetime: 25.3116
    annual_cost: 11.001359060667836
    efficiency: 0.886716
    discharge_ratio: 2
    depth_of_discharge: 0.9
  Pb-acid:
    cost: 248.129
    lifetime: 15.5649
    annual_cost: 15.941573668960288
    efficiency: 0.720684
    discharge_ratio: 5
    depth_of_discharge: 0.5
  VRBF:
    cost: 272.481
    lifetime: 19.1857
    annual_cost: 14.202296502082278
    efficiency: 0.6572
    discharge_ratio: 0.5
    depth_of_discharge: 1.0
