cost_values:
  wind_capex: 5000.0
  wind_opex: 100
  wind_lifetime: 20
  solar_capex: 1000.0
  solar_opex: 10
  solar_lifetime: 20
  carbon_price: 1.0
timeseries_values:
  load_level: 264995.4296290285
  wind_year: 2017
  solar_year: 2018
  price_year: 2023
  carbon_year: 2023
storage_values:
  CAES:
    cost: 68.4002
    lifetime: 24.3568
    annual_cost: 2.8082588845825396
    efficiency: 0.583644
    discharge_ratio: 0.1
    depth_of_discharge: 0.4
  Li-ion:
    cost: 291.116
    lifetime: 25.9357
    annual_cost: 11.224528352810989
    efficiency: 0.904064
    discharge_ratio: 2
    depth_of_discharge: 0.9
  Pb-acid:
    cost: 241.915
    lifetime: 16.4655
    annual_cost: 14.69223527982752
    efficiency: 0.73427
    discharge_ratio: 5
    depth_of_discharge: 0.5
  VRBF:
    cost: 296.235
    lifetime: 19.4621
    annual_cost: 15.221122078295766
    efficiency: 0.678972
    discharge_ratio: 0.5
    depth_of_discharge: 1.0
