cost_values:
  wind_capex: 5000.0
  wind_opex: 100
  wind_lifetime: 20
  solar_capex: 1000.0
  solar_opex: 10
  solar_lifetime: 20
  carbon_price: 1.0
timeseries_values:
  load_level: 264995.4296290285
  wind_year: 2017
  solar_year: 2018
  price_year: 2023
  carbon_year: 2023
storage_values:
  CAES:
    cost: 73.493
    lifetime: 23.8705
    annual_cost: 3.07882113906286
    efficiency: 0.573833
    discharge_ratio: 0.1
    depth_of_discharge: 0.4
  Li-ion:
    cost: 289.585
    lifetime: 24.8067
    annual_cost: 11.673660744879408
    efficiency: 0.893753
    discharge_ratio: 2
    depth_of_discharge: 0.9
  Pb-acid:
    cost: 242.129
    lifetime: 16.668
    annual_cost: 14.526577873770098
    efficiency: 0.718185
    discharge_ratio: 5
    depth_of_discharge: 0.5
  VRBF:
    cost: 235.889
    lifetime: 19.2877
    annual_cost: 12.230022242154327
    efficiency: 0.675453
    discharge_ratio: 0.5
    depth_of_discharge: 1.0
