cost_values:
  wind_capex: 5000.0
  wind_opex: 100
  wind_lifetime: 20
  solar_capex: 1000.0
  solar_opex: 10
  solar_lifetime: 20
  carbon_price: 1.0
timeseries_values:
  load_level: 264995.4296290285
  wind_year: 2017
  solar_year: 2018
  price_year: 2023
  carbon_year: 2023
storage_values:
  CAES:
    cost: 68.4877
    lifetime: 23.057
    annual_cost: 2.970364748232641
    efficiency: 0.570085
    discharge_ratio: 0.1
    depth_of_discharge: 0.4
  Li-ion:
    cost: 278.711
    lifetime: 26.3049
    annual_cost: 10.595402377503811
    efficiency: 0.888525
    discharge_ratio: 2
    depth_of_discharge: 0.9
  Pb-acid:
    cost: 246.002
    lifetime: 16.9782
    annual_cost: 14.489286261205546
    efficiency: 0.711902
    discharge_ratio: 5
    depth_of_discharge: 0.5
  VRBF:
    cost: 223.525
    lifetime: 18.6485
    annual_cost: 11.986218730729014
    efficiency: 0.661266
    discharge_ratio: 0.5
    depth_of_discharge: 1.0
