cost_values:
  wind_capex: 5000.0
  wind_opex: 100
  wind_lifetime: 20
  solar_capex: 1000.0
  solar_opex: 10
  solar_lifetime: 20
  carbon_price: 1.0
timeseries_values:
  load_level: 264995.4296290285
  wind_year: 2017
  solar_year: 2018
  price_year: 2023
  carbon_year: 2023
storage_values:
  CAES:
    cost: 69.4276
    lifetime: 23.8215
    annual_cost: 2.9144932099154124
    efficiency: 0.566738
    discharge_ratio: 0.1
    depth_of_discharge: 0.4
  Li-ion:
    cost: 280.071
    lifetime: 25.7687
    annual_cost: 10.868650727432895
    efficiency: 0.879041
    discharge_ratio: 2
    depth_of_discharge: 0.9
  Pb-acid:
    cost: 232.877
    lifetime: 16.2474
    annual_cost: 14.333185617391091
    efficiency: 0.741314
    discharge_ratio: 5
    depth_of_discharge: 0.5
  VRBF:
    cost: 280.628
    lifetime: 15.6028
    annual_cost: 17.98574614812726
    efficiency: 0.66232
    discharge_ratio: 0.5
    depth_of_discharge: 1.0
