cost_values:
  wind_capex: 5000.0
  wind_opex: 100
  wind_lifetime: 20
  solar_capex: 1000.0
  solar_opex: 10
  solar_lifetime: 20
  carbon_price: 1.0
timeseries_values:
  load_level: 264995.4296290285
  wind_year: 2017
  solar_year: 2018
  price_year: 2023
  carbon_year: 2023
storage_values:
  CAES:
    cost: 62.4507
    lifetime: 23.8479
    annual_cost: 2.6187085655340723
    efficiency: 0.570418
    discharge_ratio: 0.1
    depth_of_discharge: 0.4
  Li-ion:
    cost: 285.085
    lifetime: 27.871
    annual_cost: 10.228732374152344
    efficiency: 0.895565
    discharge_ratio: 2
    depth_of_discharge: 0.9
  Pb-acid:
    cost: 231.33
    lifetime: 17.0864
    annual_cost: 13.53883790617099
    efficiency: 0.729671
    discharge_ratio: 5
    depth_of_discharge: 0.5
  VRBF:
    cost: 249.73
    lifetime: 18.1082
    annual_cost: 13.790989717365612
    efficiency: 0.658327
    discharge_ratio: 0.5
    depth_of_discharge: 1.0
