cost_values:
  wind_capex: 5000.0
  wind_opex: 100
  wind_lifetime: 20
  solar_capex: 1000.0
  solar_opex: 10
  solar_lifetime: 20
  carbon_price: 1.0
timeseries_values:
  load_level: 264995.4296290285
  wind_year: 2017
  solar_year: 2018
  price_year: 2023
  carbon_year: 2023
storage_values:
  CAES:
    cost: 69.5672
    lifetime: 23.3641
    annual_cost: 2.977525348718761
    efficiency: 0.574253
    discharge_ratio: 0.1
    depth_of_discharge: 0.4
  Li-ion:
    cost: 282.472
    lifetime: 27.0373
    annual_cost: 10.44749290794569
    efficiency: 0.887001
    discharge_ratio: 2
    depth_of_discharge: 0.9
  Pb-acid:
    cost: 210.695
    lifetime: 17.2556
    annual_cost: 12.210238994877024
    efficiency: 0.722797
    discharge_ratio: 5
    depth_of_discharge: 0.5
  VRBF:
    cost: 261.686
    lifetime: 17.7359
    annual_cost: 14.754593789996559
    efficiency: 0.651905
    discharge_ratio: 0.5
    depth_of_discharge: 1.0
