cost_values:
  wind_capex: 5000.0
  wind_opex: 100
  wind_lifetime: 20
  solar_capex: 1000.0
  solar_opex: 10
  solar_lifetime: 20
  carbon_price: 1.0
timeseries_values:
  load_level: 264995.4296290285
  wind_year: 2017
  solar_year: 2018
  price_year: 2023
  carbon_year: 2023
storage_values:
  CAES:
    cost: 65.8865
    lifetime: 23.2404
    annual_cost: 2.8349985370303434
    efficiency: 0.579194
    discharge_ratio: 0.1
    depth_of_discharge: 0.4
  Li-ion:
    cost: 283.099
    lifetime: 24.6065
    annual_cost: 11.505049478796252
    efficiency: 0.888195
    discharge_ratio: 2
    depth_of_discharge: 0.9
  Pb-acid:
    cost: 230.479
    lifetime: 15.9047
    annual_cost: 14.491251013851253
    efficiency: 0.733363
    discharge_ratio: 5
    depth_of_discharge: 0.5
  VRBF:
    cost: 276.79
    lifetime: 18.8271
    annual_cost: 14.701680025070244
    efficiency: 0.653329
    discharge_ratio: 0.5
    depth_of_discharge: 1.0
