cost_values:
  wind_capex: 5000.0
  wind_opex: 100
  wind_lifetime: 20
  solar_capex: 1000.0
  solar_opex: 10
  solar_lifetime: 20
  carbon_price: 1.0
timeseries_values:
  load_level: 264995.4296290285
  wind_year: 2017
  solar_year: 2018
  price_year: 2023
  carbon_year: 2023
storage_values:
  CAES:
    cost: 71.5752
    lifetime: 22.6743
    annual_cost: 3.156666357947103
    efficiency: 0.575833
    discharge_ratio: 0.1
    depth_of_discharge: 0.4
  Li-ion:
    cost: 296.286
    lifetime: 26.1715
    annual_cost: 11.320940717956555
    efficiency: 0.904813
    discharge_ratio: 2
    depth_of_discharge: 0.9
  Pb-acid:
    cost: 209.594
    lifetime: 15.6574
    annual_cost: 13.386258254882675
    efficiency: 0.738997
    discharge_ratio: 5
    depth_of_discharge: 0.5
  VRBF:
    cost: 235.619
    lifetime: 18.4032
    annual_cost: 12.803153799339247
    efficiency: 0.66432
    discharge_ratio: 0.5
    depth_of_discharge: 1.0
