cost_values:
  wind_capex: 5000.0
  wind_opex: 100
  wind_lifetime: 20
  solar_capex: 1000.0
  solar_opex: 10
  solar_lifetime: 20
  carbon_price: 1.0
timeseries_values:
  load_level: 264995.4296290285
  wind_year: 2017
  solar_year: 2018
  price_year: 2023
  carbon_year: 2023
storage_values:
  CAES:
    cost: 68.5324
    lifetime: 23.2191
    annual_cost: 2.9515528164313
    efficiency: 0.572993
    discharge_ratio: 0.1
    depth_of_discharge: 0.4
  Li-ion:
    cost: 292.121
    lifetime: 23.3032
    annual_cost: 12.535660338494283
    efficiency: 0.883962
    discharge_ratio: 2
    depth_of_discharge: 0.9
  Pb-acid:
    cost: 240.769
    lifetime: 16.0903
    annual_cost: 14.963611616936914
    efficiency: 0.740072
    discharge_ratio: 5
    depth_of_discharge: 0.5
  VRBF:
    cost: 242.169
    lifetime: 20.7957
    annual_cost: 11.645147794976847
    efficiency: 0.663262
    discharge_ratio: 0.5
    depth_of_discharge: 1.0
