cost_values:
  wind_capex: 5000.0
  wind_opex: 100
  wind_lifetime: 20
  solar_capex: 1000.0
  solar_opex: 10
  solar_lifetime: 20
  carbon_price: 1.0
timeseries_values:
  load_level: 264995.4296290285
  wind_year: 2017
  solar_year: 2018
  price_year: 2023
  carbon_year: 2023
storage_values:
  CAES:
    cost: 65.2049
    lifetime: 23.998
    annual_cost: 2.717097258104842
    efficiency: 0.570423
    discharge_ratio: 0.1
    depth_of_discharge: 0.4
  Li-ion:
    cost: 285.293
    lifetime: 28.9761
    annual_cost: 9.845803955673814
    efficiency: 0.885101
    discharge_ratio: 2
    depth_of_discharge: 0.9
  Pb-acid:
    cost: 236.936
    lifetime: 15.179
    annual_cost: 15.609460438764081
    efficiency: 0.714417
    discharge_ratio: 5
    depth_of_discharge: 0.5
  VRBF:
    cost: 286.41
    lifetime: 20.0002
    annual_cost: 14.320356796432037
    efficiency: 0.662446
    discharge_ratio: 0.5
    depth_of_discharge: 1.0
