cost_values:
  wind_capex: 5000.0
  wind_opex: 100
  wind_lifetime: 20
  solar_capex: 1000.0
  solar_opex: 10
  solar_lifetime: 20
  carbon_price: 1.0
timeseries_values:
  load_level: 264995.4296290285
  wind_year: 2017
  solar_year: 2018
  price_year: 2023
  carbon_year: 2023
storage_values:
  CAES:
    cost: 75.1293
    lifetime: 23.2491
    annual_cost: 3.231492831980593
    efficiency: 0.57384
    discharge_ratio: 0.1
    depth_of_discharge: 0.4
  Li-ion:
    cost: 282.563
    lifetime: 29.6325
    annual_cost: 9.535577490930566
    efficiency: 0.88851
    discharge_ratio: 2
    depth_of_discharge: 0.9
  Pb-acid:
    cost: 222.155
    lifetime: 14.9644
    annual_cost: 14.845566811900245
    efficiency: 0.698256
    discharge_ratio: 5
    depth_of_discharge: 0.5
  VRBF:
    cost: 246.375
    lifetime: 15.9371
    annual_cost: 15.459211525308872
    efficiency: 0.660067
    discharge_ratio: 0.5
    depth_of_discharge: 1.0
