cost_values:
  wind_capex: 5000.0
  wind_opex: 100
  wind_lifetime: 20
  solar_capex: 1000.0
  solar_opex: 10
  solar_lifetime: 20
  carbon_price: 1.0
timeseries_values:
  load_level: 264995.4296290285
  wind_year: 2017
  solar_year: 2018
  price_year: 2023
  carbon_year: 2023
storage_values:
  CAES:
    cost: 65.9369
    lifetime: 22.4761
    annual_cost: 2.9336450718763487
    efficiency: 0.57999
    discharge_ratio: 0.1
    depth_of_discharge: 0.4
  Li-ion:
    cost: 261.006
    lifetime: 26.1982
    annual_cost: 9.962745532135795
    efficiency: 0.894479
    discharge_ratio: 2
    depth_of_discharge: 0.9
  Pb-acid:
    cost: 224.153
    lifetime: 15.5658
    annual_cost: 14.40035205386167
    efficiency: 0.72527
    discharge_ratio: 5
    depth_of_discharge: 0.5
  VRBF:
    cost: 299.198
    lifetime: 18.6536
    annual_cost: 16.039692070163397
    efficiency: 0.683396
    discharge_ratio: 0.5
    depth_of_discharge: 1.0
