cost_values:
  wind_capex: 5000.0
  wind_opex: 100
  wind_lifetime: 20
  solar_capex: 1000.0
  solar_opex: 10
  solar_lifetime: 20
  carbon_price: 1.0
timeseries_values:
  load_level: 234654.57078171597
  wind_year: 2011
  solar_year: 2010
  price_year: 2023
  carbon_year: 2023
storage_values:
  CAES:
    cost: 53.4776
    lifetime: 23.2283
    annual_cost: 2.302260604521209
    efficiency: 0.585519
    discharge_ratio: 0.1
    depth_of_discharge: 0.4
  Li-ion:
    cost: 150.866
    lifetime: 21.5168
    annual_cost: 7.0115444675788225
    efficiency: 0.881077
    discharge_ratio: 2
    depth_of_discharge: 0.9
  Pb-acid:
    cost: 91.7465
    lifetime: 8.19279
    annual_cost: 11.19844399771018
    efficiency: 0.71057
    discharge_ratio: 5
    depth_of_discharge: 0.5
  VRBF:
    cost: 315.594
    lifetime: 21.9809
    annual_cost: 14.357646866142879
    efficiency: 0.734313
    discharge_ratio: 0.5
    depth_of_discharge: 1.0
