cost_values:
  wind_capex: 5000.0
  wind_opex: 100
  wind_lifetime: 20
  solar_capex: 1000.0
  solar_opex: 10
  solar_lifetime: 20
  carbon_price: 1.0
timeseries_values:
  load_level: 234654.57078171597
  wind_year: 2011
  solar_year: 2010
  price_year: 2023
  carbon_year: 2023
storage_values:
  CAES:
    cost: 49.9078
    lifetime: 22.7999
    annual_cost: 2.1889481971412157
    efficiency: 0.583781
    discharge_ratio: 0.1
    depth_of_discharge: 0.4
  Li-ion:
    cost: 120.41
    lifetime: 24.5651
    annual_cost: 4.901669441606181
    efficiency: 0.889963
    discharge_ratio: 2
    depth_of_discharge: 0.9
  Pb-acid:
    cost: 144.92
    lifetime: 8.54935
    annual_cost: 16.950996274570578
    efficiency: 0.718048
    discharge_ratio: 5
    depth_of_discharge: 0.5
  VRBF:
    cost: 282.051
    lifetime: 20.7353
    annual_cost: 13.6024557156154
    efficiency: 0.718296
    discharge_ratio: 0.5
    depth_of_discharge: 1.0
