cost_values:
  wind_capex: 5000.0
  wind_opex: 100
  wind_lifetime: 20
  solar_capex: 1000.0
  solar_opex: 10
  solar_lifetime: 20
  carbon_price: 1.0
timeseries_values:
  load_level: 234654.57078171597
  wind_year: 2011
  solar_year: 2010
  price_year: 2023
  carbon_year: 2023
storage_values:
  CAES:
    cost: 48.2495
    lifetime: 22.8
    annual_cost: 2.116206140350877
    efficiency: 0.581976
    discharge_ratio: 0.1
    depth_of_discharge: 0.4
  Li-ion:
    cost: 146.658
    lifetime: 21.9137
    annual_cost: 6.6925256802821975
    efficiency: 0.887833
    discharge_ratio: 2
    depth_of_discharge: 0.9
  Pb-acid:
    cost: 131.536
    lifetime: 7.96823
    annual_cost: 16.507555630296817
    efficiency: 0.702103
    discharge_ratio: 5
    depth_of_discharge: 0.5
  VRBF:
    cost: 286.353
    lifetime: 20.432
    annual_cost: 14.014927564604543
    efficiency: 0.719101
    discharge_ratio: 0.5
    depth_of_discharge: 1.0
