cost_values:
  wind_capex: 5000.0
  wind_opex: 100
  wind_lifetime: 20
  solar_capex: 1000.0
  solar_opex: 10
  solar_lifetime: 20
  carbon_price: 1.0
timeseries_values:
  load_level: 234654.57078171597
  wind_year: 2011
  solar_year: 2010
  price_year: 2023
  carbon_year: 2023
storage_values:
  CAES:
    cost: 49.9065
    lifetime: 22.4172
    annual_cost: 2.226259300893956
    efficiency: 0.591126
    discharge_ratio: 0.1
    depth_of_discharge: 0.4
  Li-ion:
    cost: 131.532
    lifetime: 24.9035
    annual_cost: 5.2816672355291425
    efficiency: 0.891021
    discharge_ratio: 2
    depth_of_discharge: 0.9
  Pb-acid:
    cost: 151.899
    lifetime: 7.0884
    annual_cost: 21.429236499068903
    efficiency: 0.732517
    discharge_ratio: 5
    depth_of_discharge: 0.5
  VRBF:
    cost: 321.23
    lifetime: 20.4472
    annual_cost: 15.710219492155407
    efficiency: 0.747983
    discharge_ratio: 0.5
    depth_of_discharge: 1.0
