cost_values:
  wind_capex: 5000.0
  wind_opex: 100
  wind_lifetime: 20
  solar_capex: 1000.0
  solar_opex: 10
  solar_lifetime: 20
  carbon_price: 1.0
timeseries_values:
  load_level: 234654.57078171597
  wind_year: 2011
  solar_year: 2010
  price_year: 2023
  carbon_year: 2023
storage_values:
  CAES:
    cost: 53.8365
    lifetime: 22.7369
    annual_cost: 2.367802998649772
    efficiency: 0.584946
    discharge_ratio: 0.1
    depth_of_discharge: 0.4
  Li-ion:
    cost: 149.698
    lifetime: 25.0645
    annual_cost: 5.9725109218217005
    efficiency: 0.892692
    discharge_ratio: 2
    depth_of_discharge: 0.9
  Pb-acid:
    cost: 159.475
    lifetime: 8.19071
    annual_cost: 19.470229076600198
    efficiency: 0.727459
    discharge_ratio: 5
    depth_of_discharge: 0.5
  VRBF:
    cost: 314.119
    lifetime: 23.4593
    annual_cost: 13.389956222052664
    efficiency: 0.72513
    discharge_ratio: 0.5
    depth_of_discharge: 1.0
