cost_values:
  wind_capex: 5000.0
  wind_opex: 100
  wind_lifetime: 20
  solar_capex: 1000.0
  solar_opex: 10
  solar_lifetime: 20
  carbon_price: 1.0
timeseries_values:
  load_level: 234654.57078171597
  wind_year: 2011
  solar_year: 2010
  price_year: 2023
  carbon_year: 2023
storage_values:
  CAES:
    cost: 52.9444
    lifetime: 21.9797
    annual_cost: 2.408786289166822
    efficiency: 0.601922
    discharge_ratio: 0.1
    depth_of_discharge: 0.4
  Li-ion:
    cost: 131.96
    lifetime: 25.6447
    annual_cost: 5.145702620814437
    efficiency: 0.865257
    discharge_ratio: 2
    depth_of_discharge: 0.9
  Pb-acid:
    cost: 158.636
    lifetime: 8.80796
    annual_cost: 18.010526841629616
    efficiency: 0.714711
    discharge_ratio: 5
    depth_of_discharge: 0.5
  VRBF:
    cost: 311.746
    lifetime: 20.7086
    annual_cost: 15.05393894324097
    efficiency: 0.719205
    discharge_ratio: 0.5
    depth_of_discharge: 1.0
