cost_values:
  wind_capex: 5000.0
  wind_opex: 100
  wind_lifetime: 20
  solar_capex: 1000.0
  solar_opex: 10
  solar_lifetime: 20
  carbon_price: 1.0
timeseries_values:
  load_level: 234654.57078171597
  wind_year: 2011
  solar_year: 2010
  price_year: 2023
  carbon_year: 2023
storage_values:
  CAES:
    cost: 53.2177
    lifetime: 24.2201
    annual_cost: 2.197253520836
    efficiency: 0.593045
    discharge_ratio: 0.1
    depth_of_discharge: 0.4
  Li-ion:
    cost: 129.497
    lifetime: 25.7317
    annual_cost: 5.032586265190408
    efficiency: 0.888144
    discharge_ratio: 2
    depth_of_discharge: 0.9
  Pb-acid:
    cost: 143.647
    lifetime: 6.86744
    annual_cost: 20.917110306023787
    efficiency: 0.716099
    discharge_ratio: 5
    depth_of_discharge: 0.5
  VRBF:
    cost: 279.752
    lifetime: 21.6074
    annual_cost: 12.947045919453522
    efficiency: 0.713561
    discharge_ratio: 0.5
    depth_of_discharge: 1.0
