cost_values:
  wind_capex: 5000.0
  wind_opex: 100
  wind_lifetime: 20
  solar_capex: 1000.0
  solar_opex: 10
  solar_lifetime: 20
  carbon_price: 1.0
timeseries_values:
  load_level: 234654.57078171597
  wind_year: 2011
  solar_year: 2010
  price_year: 2023
  carbon_year: 2023
storage_values:
  CAES:
    cost: 52.4813
    lifetime: 23.0174
    annual_cost: 2.2800707291005935
    efficiency: 0.592875
    discharge_ratio: 0.1
    depth_of_discharge: 0.4
  Li-ion:
    cost: 149.349
    lifetime: 22.3672
    annual_cost: 6.677143316999892
    efficiency: 0.872842
    discharge_ratio: 2
    depth_of_discharge: 0.9
  Pb-acid:
    cost: 147.766
    lifetime: 7.98413
    annual_cost: 18.507464182071182
    efficiency: 0.704051
    discharge_ratio: 5
    depth_of_discharge: 0.5
  VRBF:
    cost: 298.321
    lifetime: 21.4071
    annual_cost: 13.935610148035
    efficiency: 0.719375
    discharge_ratio: 0.5
    depth_of_discharge: 1.0
