cost_values:
  wind_capex: 5000.0
  wind_opex: 100
  wind_lifetime: 20
  solar_capex: 1000.0
  solar_opex: 10
  solar_lifetime: 20
  carbon_price: 1.0
timeseries_values:
  load_level: 234654.57078171597
  wind_year: 2011
  solar_year: 2010
  price_year: 2023
  carbon_year: 2023
storage_values:
  CAES:
    cost: 52.0121
    lifetime: 23.4503
    annual_cost: 2.2179716250964807
    efficiency: 0.592737
    discharge_ratio: 0.1
    depth_of_discharge: 0.4
  Li-ion:
    cost: 159.588
    lifetime: 22.129
    annual_cost: 7.21171313660807
    efficiency: 0.893774
    discharge_ratio: 2
    depth_of_discharge: 0.9
  Pb-acid:
    cost: 147.992
    lifetime: 9.29272
    annual_cost: 15.92558475882196
    efficiency: 0.699443
    discharge_ratio: 5
    depth_of_discharge: 0.5
  VRBF:
    cost: 307.152
    lifetime: 21.4662
    annual_cost: 14.308634038628169
    efficiency: 0.699781
    discharge_ratio: 0.5
    depth_of_discharge: 1.0
