cost_values:
  wind_capex: 5000.0
  wind_opex: 100
  wind_lifetime: 20
  solar_capex: 1000.0
  solar_opex: 10
  solar_lifetime: 20
  carbon_price: 1.0
timeseries_values:
  load_level: 234654.57078171597
  wind_year: 2011
  solar_year: 2010
  price_year: 2023
  carbon_year: 2023
storage_values:
  CAES:
    cost: 50.3221
    lifetime: 23.0225
    annual_cost: 2.185779129112824
    efficiency: 0.586262
    discharge_ratio: 0.1
    depth_of_discharge: 0.4
  Li-ion:
    cost: 115.517
    lifetime: 25.1667
    annual_cost: 4.590073390631271
    efficiency: 0.880989
    discharge_ratio: 2
    depth_of_discharge: 0.9
  Pb-acid:
    cost: 169.747
    lifetime: 7.50463
    annual_cost: 22.618969889255037
    efficiency: 0.704308
    discharge_ratio: 5
    depth_of_discharge: 0.5
  VRBF:
    cost: 307.452
    lifetime: 18.8136
    annual_cost: 16.342007909172086
    efficiency: 0.703155
    discharge_ratio: 0.5
    depth_of_discharge: 1.0
