cost_values:
  wind_capex: 5000.0
  wind_opex: 100
  wind_lifetime: 20
  solar_capex: 1000.0
  solar_opex: 10
  solar_lifetime: 20
  carbon_price: 1.0
timeseries_values:
  load_level: 234654.57078171597
  wind_year: 2011
  solar_year: 2010
  price_year: 2023
  carbon_year: 2023
storage_values:
  CAES:
    cost: 46.8596
    lifetime: 23.645
    annual_cost: 1.9817974201733983
    efficiency: 0.596197
    discharge_ratio: 0.1
    depth_of_discharge: 0.4
  Li-ion:
    cost: 138.822
    lifetime: 21.5266
    annual_cost: 6.448858621426515
    efficiency: 0.902566
    discharge_ratio: 2
    depth_of_discharge: 0.9
  Pb-acid:
    cost: 147.336
    lifetime: 7.64749
    annual_cost: 19.265929082614036
    efficiency: 0.732165
    discharge_ratio: 5
    depth_of_discharge: 0.5
  VRBF:
    cost: 307.784
    lifetime: 21.2464
    annual_cost: 14.486407108969047
    efficiency: 0.718606
    discharge_ratio: 0.5
    depth_of_discharge: 1.0
