cost_values:
  wind_capex: 5000.0
  wind_opex: 100
  wind_lifetime: 20
  solar_capex: 1000.0
  solar_opex: 10
  solar_lifetime: 20
  carbon_price: 1.0
timeseries_values:
  load_level: 234654.57078171597
  wind_year: 2011
  solar_year: 2010
  price_year: 2023
  carbon_year: 2023
storage_values:
  CAES:
    cost: 44.3206
    lifetime: 21.5882
    annual_cost: 2.053001176568681
    efficiency: 0.58805
    discharge_ratio: 0.1
    depth_of_discharge: 0.4
  Li-ion:
    cost: 125.85
    lifetime: 22.6539
    annual_cost: 5.555334843007164
    efficiency: 0.904479
    discharge_ratio: 2
    depth_of_discharge: 0.9
  Pb-acid:
    cost: 123.838
    lifetime: 7.48061
    annual_cost: 16.55453231755164
    efficiency: 0.726047
    discharge_ratio: 5
    depth_of_discharge: 0.5
  VRBF:
    cost: 307.481
    lifetime: 20.4945
    annual_cost: 15.00309839225158
    efficiency: 0.721593
    discharge_ratio: 0.5
    depth_of_discharge: 1.0
