cost_values:
  wind_capex: 5000.0
  wind_opex: 100
  wind_lifetime: 20
  solar_capex: 1000.0
  solar_opex: 10
  solar_lifetime: 20
  carbon_price: 1.0
timeseries_values:
  load_level: 234654.57078171597
  wind_year: 2011
  solar_year: 2010
  price_year: 2023
  carbon_year: 2023
storage_values:
  CAES:
    cost: 55.6861
    lifetime: 22.5323
    annual_cost: 2.4713899601904825
    efficiency: 0.596503
    discharge_ratio: 0.1
    depth_of_discharge: 0.4
  Li-ion:
    cost: 151.401
    lifetime: 23.9043
    annual_cost: 6.333630351024712
    efficiency: 0.901845
    discharge_ratio: 2
    depth_of_discharge: 0.9
  Pb-acid:
    cost: 139.349
    lifetime: 7.69283
    annual_cost: 18.11414004989061
    efficiency: 0.708754
    discharge_ratio: 5
    depth_of_discharge: 0.5
  VRBF:
    cost: 317.086
    lifetime: 21.6982
    annual_cost: 14.613470241771207
    efficiency: 0.715687
    discharge_ratio: 0.5
    depth_of_discharge: 1.0
