cost_values:
  wind_capex: 5000.0
  wind_opex: 100
  wind_lifetime: 20
  solar_capex: 1000.0
  solar_opex: 10
  solar_lifetime: 20
  carbon_price: 1.0
timeseries_values:
  load_level: 234654.57078171597
  wind_year: 2011
  solar_year: 2010
  price_year: 2023
  carbon_year: 2023
storage_values:
  CAES:
    cost: 51.1654
    lifetime: 22.5146
    annual_cost: 2.272543149778366
    efficiency: 0.58637
    discharge_ratio: 0.1
    depth_of_discharge: 0.4
  Li-ion:
    cost: 142.945
    lifetime: 20.5787
    annual_cost: 6.946259967830815
    efficiency: 0.884816
    discharge_ratio: 2
    depth_of_discharge: 0.9
  Pb-acid:
    cost: 156.736
    lifetime: 9.4154
    annual_cost: 16.646770185016038
    efficiency: 0.699845
    discharge_ratio: 5
    depth_of_discharge: 0.5
  VRBF:
    cost: 309.351
    lifetime: 20.3652
    annual_cost: 15.190177361381178
    efficiency: 0.708749
    discharge_ratio: 0.5
    depth_of_discharge: 1.0
