cost_values:
  wind_capex: 5000.0
  wind_opex: 100
  wind_lifetime: 20
  solar_capex: 1000.0
  solar_opex: 10
  solar_lifetime: 20
  carbon_price: 1.0
timeseries_values:
  load_level: 234654.57078171597
  wind_year: 2011
  solar_year: 2010
  price_year: 2023
  carbon_year: 2023
storage_values:
  CAES:
    cost: 46.5533
    lifetime: 21.9374
    annual_cost: 2.122097422666314
    efficiency: 0.595471
    discharge_ratio: 0.1
    depth_of_discharge: 0.4
  Li-ion:
    cost: 133.773
    lifetime: 21.6578
    annual_cost: 6.176666143375596
    efficiency: 0.884674
    discharge_ratio: 2
    depth_of_discharge: 0.9
  Pb-acid:
    cost: 134.019
    lifetime: 6.20139
    annual_cost: 21.611122667659995
    efficiency: 0.697645
    discharge_ratio: 5
    depth_of_discharge: 0.5
  VRBF:
    cost: 312.961
    lifetime: 20.4608
    annual_cost: 15.295638489208635
    efficiency: 0.71204
    discharge_ratio: 0.5
    depth_of_discharge: 1.0
