cost_values:
  wind_capex: 5000.0
  wind_opex: 100
  wind_lifetime: 20
  solar_capex: 1000.0
  solar_opex: 10
  solar_lifetime: 20
  carbon_price: 1.0
timeseries_values:
  load_level: 234654.57078171597
  wind_year: 2011
  solar_year: 2010
  price_year: 2023
  carbon_year: 2023
storage_values:
  CAES:
    cost: 48.558
    lifetime: 23.0572
    annual_cost: 2.1059799108304564
    efficiency: 0.588039
    discharge_ratio: 0.1
    depth_of_discharge: 0.4
  Li-ion:
    cost: 144.749
    lifetime: 25.4408
    annual_cost: 5.689640262884815
    efficiency: 0.886109
    discharge_ratio: 2
    depth_of_discharge: 0.9
  Pb-acid:
    cost: 129.161
    lifetime: 8.23214
    annual_cost: 15.689844924891949
    efficiency: 0.72485
    discharge_ratio: 5
    depth_of_discharge: 0.5
  VRBF:
    cost: 300.13
    lifetime: 21.7275
    annual_cost: 13.813370153031872
    efficiency: 0.707522
    discharge_ratio: 0.5
    depth_of_discharge: 1.0
