cost_values:
  wind_capex: 5000.0
  wind_opex: 100
  wind_lifetime: 20
  solar_capex: 1000.0
  solar_opex: 10
  solar_lifetime: 20
  carbon_price: 1.0
timeseries_values:
  load_level: 234654.57078171597
  wind_year: 2011
  solar_year: 2010
  price_year: 2023
  carbon_year: 2023
storage_values:
  CAES:
    cost: 48.6509
    lifetime: 23.296
    annual_cost: 2.0883799793956044
    efficiency: 0.594695
    discharge_ratio: 0.1
    depth_of_discharge: 0.4
  Li-ion:
    cost: 151.189
    lifetime: 22.6078
    annual_cost: 6.687470695954493
    efficiency: 0.881147
    discharge_ratio: 2
    depth_of_discharge: 0.9
  Pb-acid:
    cost: 149.258
    lifetime: 6.69509
    annual_cost: 22.293651018881
    efficiency: 0.724473
    discharge_ratio: 5
    depth_of_discharge: 0.5
  VRBF:
    cost: 319.391
    lifetime: 21.2072
    annual_cost: 15.060498321324834
    efficiency: 0.7332
    discharge_ratio: 0.5
    depth_of_discharge: 1.0
