cost_values:
  wind_capex: 5000.0
  wind_opex: 100
  wind_lifetime: 20
  solar_capex: 1000.0
  solar_opex: 10
  solar_lifetime: 20
  carbon_price: 1.0
timeseries_values:
  load_level: 234654.57078171597
  wind_year: 2011
  solar_year: 2010
  price_year: 2023
  carbon_year: 2023
storage_values:
  CAES:
    cost: 49.6061
    lifetime: 23.0471
    annual_cost: 2.1523792581279206
    efficiency: 0.585295
    discharge_ratio: 0.1
    depth_of_discharge: 0.4
  Li-ion:
    cost: 128.067
    lifetime: 21.742
    annual_cost: 5.890304479808665
    efficiency: 0.907138
    discharge_ratio: 2
    depth_of_discharge: 0.9
  Pb-acid:
    cost: 140.002
    lifetime: 7.11354
    annual_cost: 19.681058938306386
    efficiency: 0.717591
    discharge_ratio: 5
    depth_of_discharge: 0.5
  VRBF:
    cost: 316.484
    lifetime: 20.6963
    annual_cost: 15.291815445272825
    efficiency: 0.712015
    discharge_ratio: 0.5
    depth_of_discharge: 1.0
