cost_values:
  wind_capex: 5000.0
  wind_opex: 100
  wind_lifetime: 20
  solar_capex: 1000.0
  solar_opex: 10
  solar_lifetime: 20
  carbon_price: 1.0
timeseries_values:
  load_level: 234654.57078171597
  wind_year: 2011
  solar_year: 2010
  price_year: 2023
  carbon_year: 2023
storage_values:
  CAES:
    cost: 52.0884
    lifetime: 22.4208
    annual_cost: 2.3232177263969174
    efficiency: 0.587365
    discharge_ratio: 0.1
    depth_of_discharge: 0.4
  Li-ion:
    cost: 129.788
    lifetime: 23.3038
    annual_cost: 5.569392116307212
    efficiency: 0.877231
    discharge_ratio: 2
    depth_of_discharge: 0.9
  Pb-acid:
    cost: 155.118
    lifetime: 8.33702
    annual_cost: 18.605928737126693
    efficiency: 0.73008
    discharge_ratio: 5
    depth_of_discharge: 0.5
  VRBF:
    cost: 307.463
    lifetime: 19.2439
    annual_cost: 15.977166790515437
    efficiency: 0.691522
    discharge_ratio: 0.5
    depth_of_discharge: 1.0
