cost_values:
  wind_capex: 5000.0
  wind_opex: 100
  wind_lifetime: 20
  solar_capex: 1000.0
  solar_opex: 10
  solar_lifetime: 20
  carbon_price: 1.0
timeseries_values:
  load_level: 234654.57078171597
  wind_year: 2011
  solar_year: 2010
  price_year: 2023
  carbon_year: 2023
storage_values:
  CAES:
    cost: 52.5621
    lifetime: 22.8413
    annual_cost: 2.3011868851597765
    efficiency: 0.589383
    discharge_ratio: 0.1
    depth_of_discharge: 0.4
  Li-ion:
    cost: 157.608
    lifetime: 23.6946
    annual_cost: 6.651642146311818
    efficiency: 0.899199
    discharge_ratio: 2
    depth_of_discharge: 0.9
  Pb-acid:
    cost: 129.863
    lifetime: 6.90362
    annual_cost: 18.81085575393779
    efficiency: 0.717615
    discharge_ratio: 5
    depth_of_discharge: 0.5
  VRBF:
    cost: 295.743
    lifetime: 20.0193
    annual_cost: 14.77289415713836
    efficiency: 0.724925
    discharge_ratio: 0.5
    depth_of_discharge: 1.0
