cost_values:
  wind_capex: 5000.0
  wind_opex: 100
  wind_lifetime: 20
  solar_capex: 1000.0
  solar_opex: 10
  solar_lifetime: 20
  carbon_price: 1.0
timeseries_values:
  load_level: 234654.57078171597
  wind_year: 2011
  solar_year: 2010
  price_year: 2023
  carbon_year: 2023
storage_values:
  CAES:
    cost: 49.2549
    lifetime: 22.2228
    annual_cost: 2.2164128732652952
    efficiency: 0.594521
    discharge_ratio: 0.1
    depth_of_discharge: 0.4
  Li-ion:
    cost: 126.728
    lifetime: 25.0554
    annual_cost: 5.057911667744278
    efficiency: 0.883913
    discharge_ratio: 2
    depth_of_discharge: 0.9
  Pb-acid:
    cost: 148.365
    lifetime: 7.82249
    annual_cost: 18.966467199063214
    efficiency: 0.724096
    discharge_ratio: 5
    depth_of_discharge: 0.5
  VRBF:
    cost: 272.894
    lifetime: 17.7122
    annual_cost: 15.407120515802667
    efficiency: 0.720654
    discharge_ratio: 0.5
    depth_of_discharge: 1.0
