cost_values:
  wind_capex: 5000.0
  wind_opex: 100
  wind_lifetime: 20
  solar_capex: 1000.0
  solar_opex: 10
  solar_lifetime: 20
  carbon_price: 1.0
timeseries_values:
  load_level: 234654.57078171597
  wind_year: 2011
  solar_year: 2010
  price_year: 2023
  carbon_year: 2023
storage_values:
  CAES:
    cost: 49.1446
    lifetime: 23.7595
    annual_cost: 2.0684189482101893
    efficiency: 0.586567
    discharge_ratio: 0.1
    depth_of_discharge: 0.4
  Li-ion:
    cost: 129.15
    lifetime: 23.8433
    annual_cost: 5.416615988558631
    efficiency: 0.887483
    discharge_ratio: 2
    depth_of_discharge: 0.9
  Pb-acid:
    cost: 130.538
    lifetime: 7.56493
    annual_cost: 17.25567850594784
    efficiency: 0.732657
    discharge_ratio: 5
    depth_of_discharge: 0.5
  VRBF:
    cost: 331.771
    lifetime: 19.5368
    annual_cost: 16.981849637606977
    efficiency: 0.717094
    discharge_ratio: 0.5
    depth_of_discharge: 1.0
