cost_values:
  wind_capex: 5000.0
  wind_opex: 100
  wind_lifetime: 20
  solar_capex: 1000.0
  solar_opex: 10
  solar_lifetime: 20
  carbon_price: 1.0
timeseries_values:
  load_level: 234654.57078171597
  wind_year: 2011
  solar_year: 2010
  price_year: 2023
  carbon_year: 2023
storage_values:
  CAES:
    cost: 44.9134
    lifetime: 22.6831
    annual_cost: 1.980038001860416
    efficiency: 0.589283
    discharge_ratio: 0.1
    depth_of_discharge: 0.4
  Li-ion:
    cost: 140.855
    lifetime: 23.3267
    annual_cost: 6.038359476479742
    efficiency: 0.872662
    discharge_ratio: 2
    depth_of_discharge: 0.9
  Pb-acid:
    cost: 136.701
    lifetime: 8.00134
    annual_cost: 17.08476330214689
    efficiency: 0.717023
    discharge_ratio: 5
    depth_of_discharge: 0.5
  VRBF:
    cost: 317.611
    lifetime: 18.5703
    annual_cost: 17.103170115722417
    efficiency: 0.728532
    discharge_ratio: 0.5
    depth_of_discharge: 1.0
