cost_values:
  wind_capex: 5000.0
  wind_opex: 100
  wind_lifetime: 20
  solar_capex: 1000.0
  solar_opex: 10
  solar_lifetime: 20
  carbon_price: 1.0
timeseries_values:
  load_level: 234654.57078171597
  wind_year: 2011
  solar_year: 2010
  price_year: 2023
  carbon_year: 2023
storage_values:
  CAES:
    cost: 55.5396
    lifetime: 23.5733
    annual_cost: 2.356038399375565
    efficiency: 0.593106
    discharge_ratio: 0.1
    depth_of_discharge: 0.4
  Li-ion:
    cost: 136.499
    lifetime: 21.6328
    annual_cost: 6.309816574830812
    efficiency: 0.881205
    discharge_ratio: 2
    depth_of_discharge: 0.9
  Pb-acid:
    cost: 128.623
    lifetime: 7.54736
    annual_cost: 17.042118038625425
    efficiency: 0.717107
    discharge_ratio: 5
    depth_of_discharge: 0.5
  VRBF:
    cost: 327.05
    lifetime: 19.4674
    annual_cost: 16.799880826407225
    efficiency: 0.724772
    discharge_ratio: 0.5
    depth_of_discharge: 1.0
