cost_values:
  wind_capex: 5000.0
  wind_opex: 100
  wind_lifetime: 20
  solar_capex: 1000.0
  solar_opex: 10
  solar_lifetime: 20
  carbon_price: 1.0
timeseries_values:
  load_level: 234654.57078171597
  wind_year: 2011
  solar_year: 2010
  price_year: 2023
  carbon_year: 2023
storage_values:
  CAES:
    cost: 52.5204
    lifetime: 22.6375
    annual_cost: 2.3200618442849255
    efficiency: 0.586205
    discharge_ratio: 0.1
    depth_of_discharge: 0.4
  Li-ion:
    cost: 163.099
    lifetime: 23.9927
    annual_cost: 6.797859348885286
    efficiency: 0.884014
    discharge_ratio: 2
    depth_of_discharge: 0.9
  Pb-acid:
    cost: 140.545
    lifetime: 8.19638
    annual_cost: 17.14720400957496
    efficiency: 0.708713
    discharge_ratio: 5
    depth_of_discharge: 0.5
  VRBF:
    cost: 311.166
    lifetime: 18.8724
    annual_cost: 16.48788707318624
    efficiency: 0.720645
    discharge_ratio: 0.5
    depth_of_discharge: 1.0
