cost_values:
  wind_capex: 5000.0
  wind_opex: 100
  wind_lifetime: 20
  solar_capex: 1000.0
  solar_opex: 10
  solar_lifetime: 20
  carbon_price: 1.0
timeseries_values:
  load_level: 234654.57078171597
  wind_year: 2011
  solar_year: 2010
  price_year: 2023
  carbon_year: 2023
storage_values:
  CAES:
    cost: 50.1524
    lifetime: 22.8124
    annual_cost: 2.1984710069961952
    efficiency: 0.591423
    discharge_ratio: 0.1
    depth_of_discharge: 0.4
  Li-ion:
    cost: 127.757
    lifetime: 25.6182
    annual_cost: 4.98696239392307
    efficiency: 0.871559
    discharge_ratio: 2
    depth_of_discharge: 0.9
  Pb-acid:
    cost: 130.756
    lifetime: 7.14163
    annual_cost: 18.3089854837061
    efficiency: 0.712686
    discharge_ratio: 5
    depth_of_discharge: 0.5
  VRBF:
    cost: 292.405
    lifetime: 21.7728
    annual_cost: 13.429829879482655
    efficiency: 0.702606
    discharge_ratio: 0.5
    depth_of_discharge: 1.0
