cost_values:
  wind_capex: 5000.0
  wind_opex: 100
  wind_lifetime: 20
  solar_capex: 1000.0
  solar_opex: 10
  solar_lifetime: 20
  carbon_price: 1.0
timeseries_values:
  load_level: 234654.57078171597
  wind_year: 2011
  solar_year: 2010
  price_year: 2023
  carbon_year: 2023
storage_values:
  CAES:
    cost: 55.2568
    lifetime: 22.5531
    annual_cost: 2.4500755993632803
    efficiency: 0.595249
    discharge_ratio: 0.1
    depth_of_discharge: 0.4
  Li-ion:
    cost: 152.636
    lifetime: 22.8484
    annual_cost: 6.680380245443882
    efficiency: 0.89328
    discharge_ratio: 2
    depth_of_discharge: 0.9
  Pb-acid:
    cost: 135.051
    lifetime: 7.25206
    annual_cost: 18.622432798404866
    efficiency: 0.704819
    discharge_ratio: 5
    depth_of_discharge: 0.5
  VRBF:
    cost: 294.733
    lifetime: 18.9492
    annual_cost: 15.553849239018005
    efficiency: 0.709058
    discharge_ratio: 0.5
    depth_of_discharge: 1.0
