cost_values:
  wind_capex: 5000.0
  wind_opex: 100
  wind_lifetime: 20
  solar_capex: 1000.0
  solar_opex: 10
  solar_lifetime: 20
  carbon_price: 1.0
timeseries_values:
  load_level: 234654.57078171597
  wind_year: 2011
  solar_year: 2010
  price_year: 2023
  carbon_year: 2023
storage_values:
  CAES:
    cost: 47.0523
    lifetime: 22.7908
    annual_cost: 2.0645304245572773
    efficiency: 0.587301
    discharge_ratio: 0.1
    depth_of_discharge: 0.4
  Li-ion:
    cost: 139.54
    lifetime: 21.6846
    annual_cost: 6.434981507613698
    efficiency: 0.901867
    discharge_ratio: 2
    depth_of_discharge: 0.9
  Pb-acid:
    cost: 126.339
    lifetime: 8.00978
    annual_cost: 15.773092394547668
    efficiency: 0.706482
    discharge_ratio: 5
    depth_of_discharge: 0.5
  VRBF:
    cost: 307.571
    lifetime: 20.6113
    annual_cost: 14.922445454677774
    efficiency: 0.696925
    discharge_ratio: 0.5
    depth_of_discharge: 1.0
