cost_values:
  wind_capex: 5000.0
  wind_opex: 100
  wind_lifetime: 20
  solar_capex: 1000.0
  solar_opex: 10
  solar_lifetime: 20
  carbon_price: 1.0
timeseries_values:
  load_level: 234654.57078171597
  wind_year: 2011
  solar_year: 2010
  price_year: 2023
  carbon_year: 2023
storage_values:
  CAES:
    cost: 56.1609
    lifetime: 22.8032
    annual_cost: 2.4628517050238563
    efficiency: 0.591189
    discharge_ratio: 0.1
    depth_of_discharge: 0.4
  Li-ion:
    cost: 134.363
    lifetime: 23.9383
    annual_cost: 5.612888133242544
    efficiency: 0.900926
    discharge_ratio: 2
    depth_of_discharge: 0.9
  Pb-acid:
    cost: 152.56
    lifetime: 6.41039
    annual_cost: 23.79886403167358
    efficiency: 0.726145
    discharge_ratio: 5
    depth_of_discharge: 0.5
  VRBF:
    cost: 299.73
    lifetime: 20.2225
    annual_cost: 14.821609593274818
    efficiency: 0.723452
    discharge_ratio: 0.5
    depth_of_discharge: 1.0
