cost_values:
  wind_capex: 5000.0
  wind_opex: 100
  wind_lifetime: 20
  solar_capex: 1000.0
  solar_opex: 10
  solar_lifetime: 20
  carbon_price: 1.0
timeseries_values:
  load_level: 234654.57078171597
  wind_year: 2011
  solar_year: 2010
  price_year: 2023
  carbon_year: 2023
storage_values:
  CAES:
    cost: 52.4858
    lifetime: 23.0476
    annual_cost: 2.277278328329197
    efficiency: 0.577648
    discharge_ratio: 0.1
    depth_of_discharge: 0.4
  Li-ion:
    cost: 137.519
    lifetime: 21.6534
    annual_cost: 6.350919486085326
    efficiency: 0.894989
    discharge_ratio: 2
    depth_of_discharge: 0.9
  Pb-acid:
    cost: 139.762
    lifetime: 7.18923
    annual_cost: 19.44046858982116
    efficiency: 0.71853
    discharge_ratio: 5
    depth_of_discharge: 0.5
  VRBF:
    cost: 292.62
    lifetime: 20.3367
    annual_cost: 14.38876513888684
    efficiency: 0.739687
    discharge_ratio: 0.5
    depth_of_discharge: 1.0
