cost_values:
  wind_capex: 5000.0
  wind_opex: 100
  wind_lifetime: 20
  solar_capex: 1000.0
  solar_opex: 10
  solar_lifetime: 20
  carbon_price: 1.0
timeseries_values:
  load_level: 234654.57078171597
  wind_year: 2011
  solar_year: 2010
  price_year: 2023
  carbon_year: 2023
storage_values:
  CAES:
    cost: 43.9716
    lifetime: 22.6798
    annual_cost: 1.9388001657862945
    efficiency: 0.59131
    discharge_ratio: 0.1
    depth_of_discharge: 0.4
  Li-ion:
    cost: 133.109
    lifetime: 23.2608
    annual_cost: 5.722460104553584
    efficiency: 0.893296
    discharge_ratio: 2
    depth_of_discharge: 0.9
  Pb-acid:
    cost: 136.683
    lifetime: 7.8548
    annual_cost: 17.401206905331772
    efficiency: 0.696837
    discharge_ratio: 5
    depth_of_discharge: 0.5
  VRBF:
    cost: 314.791
    lifetime: 21.182
    annual_cost: 14.861250118024738
    efficiency: 0.712819
    discharge_ratio: 0.5
    depth_of_discharge: 1.0
