cost_values:
  wind_capex: 5000.0
  wind_opex: 100
  wind_lifetime: 20
  solar_capex: 1000.0
  solar_opex: 10
  solar_lifetime: 20
  carbon_price: 1.0
timeseries_values:
  load_level: 234654.57078171597
  wind_year: 2011
  solar_year: 2010
  price_year: 2023
  carbon_year: 2023
storage_values:
  CAES:
    cost: 49.1248
    lifetime: 23.4125
    annual_cost: 2.0982295782167646
    efficiency: 0.590866
    discharge_ratio: 0.1
    depth_of_discharge: 0.4
  Li-ion:
    cost: 152.193
    lifetime: 26.03
    annual_cost: 5.846830580099885
    efficiency: 0.893527
    discharge_ratio: 2
    depth_of_discharge: 0.9
  Pb-acid:
    cost: 146.888
    lifetime: 7.86839
    annual_cost: 18.668113807271883
    efficiency: 0.712921
    discharge_ratio: 5
    depth_of_discharge: 0.5
  VRBF:
    cost: 312.895
    lifetime: 20.5148
    annual_cost: 15.252159416616294
    efficiency: 0.731869
    discharge_ratio: 0.5
    depth_of_discharge: 1.0
