cost_values:
  wind_capex: 5000.0
  wind_opex: 100
  wind_lifetime: 20
  solar_capex: 1000.0
  solar_opex: 10
  solar_lifetime: 20
  carbon_price: 1.0
timeseries_values:
  load_level: 234654.57078171597
  wind_year: 2011
  solar_year: 2010
  price_year: 2023
  carbon_year: 2023
storage_values:
  CAES:
    cost: 53.5821
    lifetime: 22.8606
    annual_cost: 2.34386236581717
    efficiency: 0.593564
    discharge_ratio: 0.1
    depth_of_discharge: 0.4
  Li-ion:
    cost: 137.614
    lifetime: 25.0724
    annual_cost: 5.488664826661988
    efficiency: 0.906748
    discharge_ratio: 2
    depth_of_discharge: 0.9
  Pb-acid:
    cost: 139.342
    lifetime: 7.04722
    annual_cost: 19.77261955778307
    efficiency: 0.718659
    discharge_ratio: 5
    depth_of_discharge: 0.5
  VRBF:
    cost: 315.438
    lifetime: 21.3488
    annual_cost: 14.775444053061529
    efficiency: 0.713159
    discharge_ratio: 0.5
    depth_of_discharge: 1.0
