cost_values:
  wind_capex: 5000.0
  wind_opex: 100
  wind_lifetime: 20
  solar_capex: 1000.0
  solar_opex: 10
  solar_lifetime: 20
  carbon_price: 1.0
timeseries_values:
  load_level: 234654.57078171597
  wind_year: 2011
  solar_year: 2010
  price_year: 2023
  carbon_year: 2023
storage_values:
  CAES:
    cost: 52.0285
    lifetime: 21.8664
    annual_cost: 2.3793811509896465
    efficiency: 0.588596
    discharge_ratio: 0.1
    depth_of_discharge: 0.4
  Li-ion:
    cost: 133.295
    lifetime: 24.8167
    annual_cost: 5.37118150277837
    efficiency: 0.87952
    discharge_ratio: 2
    depth_of_discharge: 0.9
  Pb-acid:
    cost: 136.206
    lifetime: 8.23938
    annual_cost: 16.531098213700542
    efficiency: 0.715474
    discharge_ratio: 5
    depth_of_discharge: 0.5
  VRBF:
    cost: 303.086
    lifetime: 21.6769
    annual_cost: 13.981980818290438
    efficiency: 0.722913
    discharge_ratio: 0.5
    depth_of_discharge: 1.0
