cost_values:
  wind_capex: 5000.0
  wind_opex: 100
  wind_lifetime: 20
  solar_capex: 1000.0
  solar_opex: 10
  solar_lifetime: 20
  carbon_price: 1.0
timeseries_values:
  load_level: 234654.57078171597
  wind_year: 2011
  solar_year: 2010
  price_year: 2023
  carbon_year: 2023
storage_values:
  CAES:
    cost: 49.156
    lifetime: 22.0835
    annual_cost: 2.2259152761111234
    efficiency: 0.584618
    discharge_ratio: 0.1
    depth_of_discharge: 0.4
  Li-ion:
    cost: 131.142
    lifetime: 24.3337
    annual_cost: 5.389316051401965
    efficiency: 0.891641
    discharge_ratio: 2
    depth_of_discharge: 0.9
  Pb-acid:
    cost: 153.073
    lifetime: 7.58103
    annual_cost: 20.191583465571302
    efficiency: 0.726298
    discharge_ratio: 5
    depth_of_discharge: 0.5
  VRBF:
    cost: 296.124
    lifetime: 22.2577
    annual_cost: 13.304339621793808
    efficiency: 0.7078
    discharge_ratio: 0.5
    depth_of_discharge: 1.0
