cost_values:
  wind_capex: 5000.0
  wind_opex: 100
  wind_lifetime: 20
  solar_capex: 1000.0
  solar_opex: 10
  solar_lifetime: 20
  carbon_price: 1.0
timeseries_values:
  load_level: 234654.57078171597
  wind_year: 2011
  solar_year: 2010
  price_year: 2023
  carbon_year: 2023
storage_values:
  CAES:
    cost: 44.5205
    lifetime: 21.941
    annual_cost: 2.029100770247482
    efficiency: 0.589848
    discharge_ratio: 0.1
    depth_of_discharge: 0.4
  Li-ion:
    cost: 132.98
    lifetime: 24.1238
    annual_cost: 5.512398544176291
    efficiency: 0.891144
    discharge_ratio: 2
    depth_of_discharge: 0.9
  Pb-acid:
    cost: 133.274
    lifetime: 8.69373
    annual_cost: 15.32989867410191
    efficiency: 0.69898
    discharge_ratio: 5
    depth_of_discharge: 0.5
  VRBF:
    cost: 304.018
    lifetime: 18.7091
    annual_cost: 16.24973943161349
    efficiency: 0.704488
    discharge_ratio: 0.5
    depth_of_discharge: 1.0
