cost_values:
  wind_capex: 5000.0
  wind_opex: 100
  wind_lifetime: 20
  solar_capex: 1000.0
  solar_opex: 10
  solar_lifetime: 20
  carbon_price: 1.0
timeseries_values:
  load_level: 234654.57078171597
  wind_year: 2011
  solar_year: 2010
  price_year: 2023
  carbon_year: 2023
storage_values:
  CAES:
    cost: 45.8297
    lifetime: 23.2645
    annual_cost: 1.9699413269143975
    efficiency: 0.585389
    discharge_ratio: 0.1
    depth_of_discharge: 0.4
  Li-ion:
    cost: 134.811
    lifetime: 22.8349
    annual_cost: 5.903726313668989
    efficiency: 0.888391
    discharge_ratio: 2
    depth_of_discharge: 0.9
  Pb-acid:
    cost: 136.751
    lifetime: 7.10972
    annual_cost: 19.234372099041874
    efficiency: 0.702595
    discharge_ratio: 5
    depth_of_discharge: 0.5
  VRBF:
    cost: 313.038
    lifetime: 22.3465
    annual_cost: 14.008368200836822
    efficiency: 0.711336
    discharge_ratio: 0.5
    depth_of_discharge: 1.0
