cost_values:
  wind_capex: 5000.0
  wind_opex: 100
  wind_lifetime: 20
  solar_capex: 1000.0
  solar_opex: 10
  solar_lifetime: 20
  carbon_price: 1.0
timeseries_values:
  load_level: 234654.57078171597
  wind_year: 2011
  solar_year: 2010
  price_year: 2023
  carbon_year: 2023
storage_values:
  CAES:
    cost: 53.2092
    lifetime: 22.0384
    annual_cost: 2.414385799332075
    efficiency: 0.587743
    discharge_ratio: 0.1
    depth_of_discharge: 0.4
  Li-ion:
    cost: 128.296
    lifetime: 24.856
    annual_cost: 5.161570646926295
    efficiency: 0.882587
    discharge_ratio: 2
    depth_of_discharge: 0.9
  Pb-acid:
    cost: 124.489
    lifetime: 6.52671
    annual_cost: 19.073775301798303
    efficiency: 0.723169
    discharge_ratio: 5
    depth_of_discharge: 0.5
  VRBF:
    cost: 299.442
    lifetime: 22.7708
    annual_cost: 13.150262617035853
    efficiency: 0.70191
    discharge_ratio: 0.5
    depth_of_discharge: 1.0
