cost_values:
  wind_capex: 5000.0
  wind_opex: 100
  wind_lifetime: 20
  solar_capex: 1000.0
  solar_opex: 10
  solar_lifetime: 20
  carbon_price: 1.0
timeseries_values:
  load_level: 234654.57078171597
  wind_year: 2011
  solar_year: 2010
  price_year: 2023
  carbon_year: 2023
storage_values:
  CAES:
    cost: 53.9821
    lifetime: 22.5473
    annual_cost: 2.394171364198818
    efficiency: 0.587302
    discharge_ratio: 0.1
    depth_of_discharge: 0.4
  Li-ion:
    cost: 128.022
    lifetime: 22.9723
    annual_cost: 5.572885605707743
    efficiency: 0.881548
    discharge_ratio: 2
    depth_of_discharge: 0.9
  Pb-acid:
    cost: 142.345
    lifetime: 6.33898
    annual_cost: 22.455505459868938
    efficiency: 0.717803
    discharge_ratio: 5
    depth_of_discharge: 0.5
  VRBF:
    cost: 315.094
    lifetime: 20.0427
    annual_cost: 15.721135375972299
    efficiency: 0.720196
    discharge_ratio: 0.5
    depth_of_discharge: 1.0
