cost_values:
  wind_capex: 5000.0
  wind_opex: 100
  wind_lifetime: 20
  solar_capex: 1000.0
  solar_opex: 10
  solar_lifetime: 20
  carbon_price: 1.0
timeseries_values:
  load_level: 234654.57078171597
  wind_year: 2011
  solar_year: 2010
  price_year: 2023
  carbon_year: 2023
storage_values:
  CAES:
    cost: 49.71
    lifetime: 22.7685
    annual_cost: 2.1832795309308914
    efficiency: 0.594212
    discharge_ratio: 0.1
    depth_of_discharge: 0.4
  Li-ion:
    cost: 136.106
    lifetime: 23.5032
    annual_cost: 5.790956125123388
    efficiency: 0.886214
    discharge_ratio: 2
    depth_of_discharge: 0.9
  Pb-acid:
    cost: 111.983
    lifetime: 8.21711
    annual_cost: 13.628027372153957
    efficiency: 0.722722
    discharge_ratio: 5
    depth_of_discharge: 0.5
  VRBF:
    cost: 307.667
    lifetime: 21.7426
    annual_cost: 14.150423592394652
    efficiency: 0.749246
    discharge_ratio: 0.5
    depth_of_discharge: 1.0
