cost_values:
  wind_capex: 5000.0
  wind_opex: 100
  wind_lifetime: 20
  solar_capex: 1000.0
  solar_opex: 10
  solar_lifetime: 20
  carbon_price: 1.0
timeseries_values:
  load_level: 274182.9201170437
  wind_year: 2018
  solar_year: 2011
  price_year: 2023
  carbon_year: 2023
storage_values:
  CAES:
    cost: 47.982
    lifetime: 22.4261
    annual_cost: 2.139560601263706
    efficiency: 0.64525
    discharge_ratio: 0.1
    depth_of_discharge: 0.4
  Li-ion:
    cost: 240.413
    lifetime: 15.0596
    annual_cost: 15.964102632208029
    efficiency: 0.929237
    discharge_ratio: 2
    depth_of_discharge: 0.9
  Pb-acid:
    cost: 221.09
    lifetime: 8.2442
    annual_cost: 26.817641493413554
    efficiency: 0.744314
    discharge_ratio: 5
    depth_of_discharge: 0.5
  VRBF:
    cost: 365.293
    lifetime: 14.5076
    annual_cost: 25.17942319887507
    efficiency: 0.758493
    discharge_ratio: 0.5
    depth_of_discharge: 1.0
