cost_values:
  wind_capex: 5000.0
  wind_opex: 100
  wind_lifetime: 20
  solar_capex: 1000.0
  solar_opex: 10
  solar_lifetime: 20
  carbon_price: 1.0
timeseries_values:
  load_level: 274182.9201170437
  wind_year: 2018
  solar_year: 2011
  price_year: 2023
  carbon_year: 2023
storage_values:
  CAES:
    cost: 55.7534
    lifetime: 22.6483
    annual_cost: 2.461703527417069
    efficiency: 0.638718
    discharge_ratio: 0.1
    depth_of_discharge: 0.4
  Li-ion:
    cost: 244.809
    lifetime: 16.542
    annual_cost: 14.799238302502719
    efficiency: 0.929443
    discharge_ratio: 2
    depth_of_discharge: 0.9
  Pb-acid:
    cost: 208.814
    lifetime: 8.30129
    annual_cost: 25.154403713157834
    efficiency: 0.711144
    discharge_ratio: 5
    depth_of_discharge: 0.5
  VRBF:
    cost: 379.682
    lifetime: 13.6115
    annual_cost: 27.894207104286817
    efficiency: 0.777882
    discharge_ratio: 0.5
    depth_of_discharge: 1.0
