cost_values:
  wind_capex: 5000.0
  wind_opex: 100
  wind_lifetime: 20
  solar_capex: 1000.0
  solar_opex: 10
  solar_lifetime: 20
  carbon_price: 1.0
timeseries_values:
  load_level: 274182.9201170437
  wind_year: 2018
  solar_year: 2011
  price_year: 2023
  carbon_year: 2023
storage_values:
  CAES:
    cost: 49.5791
    lifetime: 23.6666
    annual_cost: 2.094897450415353
    efficiency: 0.641476
    discharge_ratio: 0.1
    depth_of_discharge: 0.4
  Li-ion:
    cost: 232.584
    lifetime: 16.0949
    annual_cost: 14.45078875917216
    efficiency: 0.939577
    discharge_ratio: 2
    depth_of_discharge: 0.9
  Pb-acid:
    cost: 229.458
    lifetime: 8.97298
    annual_cost: 25.57210647967565
    efficiency: 0.733065
    discharge_ratio: 5
    depth_of_discharge: 0.5
  VRBF:
    cost: 381.85
    lifetime: 15.8202
    annual_cost: 24.136862997939346
    efficiency: 0.756422
    discharge_ratio: 0.5
    depth_of_discharge: 1.0
