cost_values:
  wind_capex: 5000.0
  wind_opex: 100
  wind_lifetime: 20
  solar_capex: 1000.0
  solar_opex: 10
  solar_lifetime: 20
  carbon_price: 1.0
timeseries_values:
  load_level: 274182.9201170437
  wind_year: 2018
  solar_year: 2011
  price_year: 2023
  carbon_year: 2023
storage_values:
  CAES:
    cost: 54.2279
    lifetime: 23.4608
    annual_cost: 2.311425867830594
    efficiency: 0.637194
    discharge_ratio: 0.1
    depth_of_discharge: 0.4
  Li-ion:
    cost: 231.861
    lifetime: 15.7617
    annual_cost: 14.71040560345648
    efficiency: 0.935885
    discharge_ratio: 2
    depth_of_discharge: 0.9
  Pb-acid:
    cost: 233.402
    lifetime: 9.9941
    annual_cost: 23.353978847520036
    efficiency: 0.73549
    discharge_ratio: 5
    depth_of_discharge: 0.5
  VRBF:
    cost: 393.187
    lifetime: 12.18
    annual_cost: 32.28136288998358
    efficiency: 0.774509
    discharge_ratio: 0.5
    depth_of_discharge: 1.0
