cost_values:
  wind_capex: 5000.0
  wind_opex: 100
  wind_lifetime: 20
  solar_capex: 1000.0
  solar_opex: 10
  solar_lifetime: 20
  carbon_price: 1.0
timeseries_values:
  load_level: 274182.9201170437
  wind_year: 2018
  solar_year: 2011
  price_year: 2023
  carbon_year: 2023
storage_values:
  CAES:
    cost: 55.5515
    lifetime: 22.2183
    annual_cost: 2.500258795677437
    efficiency: 0.647137
    discharge_ratio: 0.1
    depth_of_discharge: 0.4
  Li-ion:
    cost: 231.648
    lifetime: 15.3649
    annual_cost: 15.0764404584475
    efficiency: 0.940022
    discharge_ratio: 2
    depth_of_discharge: 0.9
  Pb-acid:
    cost: 232.839
    lifetime: 11.8919
    annual_cost: 19.57962983207057
    efficiency: 0.742897
    discharge_ratio: 5
    depth_of_discharge: 0.5
  VRBF:
    cost: 364.551
    lifetime: 16.7024
    annual_cost: 21.82626448893572
    efficiency: 0.78648
    discharge_ratio: 0.5
    depth_of_discharge: 1.0
