cost_values:
  wind_capex: 5000.0
  wind_opex: 100
  wind_lifetime: 20
  solar_capex: 1000.0
  solar_opex: 10
  solar_lifetime: 20
  carbon_price: 1.0
timeseries_values:
  load_level: 274182.9201170437
  wind_year: 2018
  solar_year: 2011
  price_year: 2023
  carbon_year: 2023
storage_values:
  CAES:
    cost: 54.3033
    lifetime: 24.4725
    annual_cost: 2.218951884768618
    efficiency: 0.644569
    discharge_ratio: 0.1
    depth_of_discharge: 0.4
  Li-ion:
    cost: 238.682
    lifetime: 19.6217
    annual_cost: 12.16418557005764
    efficiency: 0.94014
    discharge_ratio: 2
    depth_of_discharge: 0.9
  Pb-acid:
    cost: 209.613
    lifetime: 9.66364
    annual_cost: 21.69089494227848
    efficiency: 0.749592
    discharge_ratio: 5
    depth_of_discharge: 0.5
  VRBF:
    cost: 362.448
    lifetime: 12.8525
    annual_cost: 28.200583544057576
    efficiency: 0.778204
    discharge_ratio: 0.5
    depth_of_discharge: 1.0
