cost_values:
  wind_capex: 5000.0
  wind_opex: 100
  wind_lifetime: 20
  solar_capex: 1000.0
  solar_opex: 10
  solar_lifetime: 20
  carbon_price: 1.0
timeseries_values:
  load_level: 274182.9201170437
  wind_year: 2018
  solar_year: 2011
  price_year: 2023
  carbon_year: 2023
storage_values:
  CAES:
    cost: 50.9103
    lifetime: 22.4834
    annual_cost: 2.2643505875445884
    efficiency: 0.649049
    discharge_ratio: 0.1
    depth_of_discharge: 0.4
  Li-ion:
    cost: 232.409
    lifetime: 12.7851
    annual_cost: 18.17811358534544
    efficiency: 0.938182
    discharge_ratio: 2
    depth_of_discharge: 0.9
  Pb-acid:
    cost: 213.831
    lifetime: 9.2377
    annual_cost: 23.147644976563427
    efficiency: 0.74931
    discharge_ratio: 5
    depth_of_discharge: 0.5
  VRBF:
    cost: 359.345
    lifetime: 13.7605
    annual_cost: 26.114240034882453
    efficiency: 0.779764
    discharge_ratio: 0.5
    depth_of_discharge: 1.0
