cost_values:
  wind_capex: 5000.0
  wind_opex: 100
  wind_lifetime: 20
  solar_capex: 1000.0
  solar_opex: 10
  solar_lifetime: 20
  carbon_price: 1.0
timeseries_values:
  load_level: 274182.9201170437
  wind_year: 2018
  solar_year: 2011
  price_year: 2023
  carbon_year: 2023
storage_values:
  CAES:
    cost: 49.1855
    lifetime: 23.0131
    annual_cost: 2.1372826781268057
    efficiency: 0.639391
    discharge_ratio: 0.1
    depth_of_discharge: 0.4
  Li-ion:
    cost: 237.028
    lifetime: 17.6069
    annual_cost: 13.462222196979592
    efficiency: 0.936548
    discharge_ratio: 2
    depth_of_discharge: 0.9
  Pb-acid:
    cost: 208.711
    lifetime: 9.11891
    annual_cost: 22.887713553483916
    efficiency: 0.738581
    discharge_ratio: 5
    depth_of_discharge: 0.5
  VRBF:
    cost: 367.159
    lifetime: 16.5534
    annual_cost: 22.18027716360385
    efficiency: 0.776057
    discharge_ratio: 0.5
    depth_of_discharge: 1.0
