cost_values:
  wind_capex: 5000.0
  wind_opex: 100
  wind_lifetime: 20
  solar_capex: 1000.0
  solar_opex: 10
  solar_lifetime: 20
  carbon_price: 1.0
timeseries_values:
  load_level: 274182.9201170437
  wind_year: 2018
  solar_year: 2011
  price_year: 2023
  carbon_year: 2023
storage_values:
  CAES:
    cost: 53.1587
    lifetime: 21.555
    annual_cost: 2.4661888192994668
    efficiency: 0.649928
    discharge_ratio: 0.1
    depth_of_discharge: 0.4
  Li-ion:
    cost: 255.62
    lifetime: 16.3714
    annual_cost: 15.61381433475451
    efficiency: 0.939058
    discharge_ratio: 2
    depth_of_discharge: 0.9
  Pb-acid:
    cost: 214.012
    lifetime: 6.89983
    annual_cost: 31.016996070917692
    efficiency: 0.741606
    discharge_ratio: 5
    depth_of_discharge: 0.5
  VRBF:
    cost: 385.231
    lifetime: 12.0426
    annual_cost: 31.989022304153586
    efficiency: 0.774227
    discharge_ratio: 0.5
    depth_of_discharge: 1.0
