cost_values:
  wind_capex: 5000.0
  wind_opex: 100
  wind_lifetime: 20
  solar_capex: 1000.0
  solar_opex: 10
  solar_lifetime: 20
  carbon_price: 1.0
timeseries_values:
  load_level: 274182.9201170437
  wind_year: 2018
  solar_year: 2011
  price_year: 2023
  carbon_year: 2023
storage_values:
  CAES:
    cost: 47.9724
    lifetime: 22.7735
    annual_cost: 2.106500977012756
    efficiency: 0.635049
    discharge_ratio: 0.1
    depth_of_discharge: 0.4
  Li-ion:
    cost: 243.608
    lifetime: 15.2446
    annual_cost: 15.979953557325217
    efficiency: 0.923322
    discharge_ratio: 2
    depth_of_discharge: 0.9
  Pb-acid:
    cost: 224.157
    lifetime: 8.54528
    annual_cost: 26.231674093768724
    efficiency: 0.722605
    discharge_ratio: 5
    depth_of_discharge: 0.5
  VRBF:
    cost: 360.976
    lifetime: 11.6396
    annual_cost: 31.012749579023335
    efficiency: 0.778704
    discharge_ratio: 0.5
    depth_of_discharge: 1.0
