cost_values:
  wind_capex: 5000.0
  wind_opex: 100
  wind_lifetime: 20
  solar_capex: 1000.0
  solar_opex: 10
  solar_lifetime: 20
  carbon_price: 1.0
timeseries_values:
  load_level: 274182.9201170437
  wind_year: 2018
  solar_year: 2011
  price_year: 2023
  carbon_year: 2023
storage_values:
  CAES:
    cost: 51.6327
    lifetime: 23.2342
    annual_cost: 2.2222714791126874
    efficiency: 0.644195
    discharge_ratio: 0.1
    depth_of_discharge: 0.4
  Li-ion:
    cost: 236.082
    lifetime: 15.7427
    annual_cost: 14.996283991945473
    efficiency: 0.934557
    discharge_ratio: 2
    depth_of_discharge: 0.9
  Pb-acid:
    cost: 230.445
    lifetime: 8.57498
    annual_cost: 26.87411515828608
    efficiency: 0.725533
    discharge_ratio: 5
    depth_of_discharge: 0.5
  VRBF:
    cost: 388.467
    lifetime: 16.3226
    annual_cost: 23.79933343952556
    efficiency: 0.734979
    discharge_ratio: 0.5
    depth_of_discharge: 1.0
