cost_values:
  wind_capex: 5000.0
  wind_opex: 100
  wind_lifetime: 20
  solar_capex: 1000.0
  solar_opex: 10
  solar_lifetime: 20
  carbon_price: 1.0
timeseries_values:
  load_level: 274182.9201170437
  wind_year: 2018
  solar_year: 2011
  price_year: 2023
  carbon_year: 2023
storage_values:
  CAES:
    cost: 47.7422
    lifetime: 22.5636
    annual_cost: 2.115894626743959
    efficiency: 0.639857
    discharge_ratio: 0.1
    depth_of_discharge: 0.4
  Li-ion:
    cost: 251.274
    lifetime: 16.7622
    annual_cost: 14.990514371621863
    efficiency: 0.927296
    discharge_ratio: 2
    depth_of_discharge: 0.9
  Pb-acid:
    cost: 221.219
    lifetime: 7.97211
    annual_cost: 27.749115353400793
    efficiency: 0.738091
    discharge_ratio: 5
    depth_of_discharge: 0.5
  VRBF:
    cost: 327.859
    lifetime: 11.4345
    annual_cost: 28.67278849097031
    efficiency: 0.768589
    discharge_ratio: 0.5
    depth_of_discharge: 1.0
