cost_values:
  wind_capex: 5000.0
  wind_opex: 100
  wind_lifetime: 20
  solar_capex: 1000.0
  solar_opex: 10
  solar_lifetime: 20
  carbon_price: 1.0
timeseries_values:
  load_level: 274182.9201170437
  wind_year: 2018
  solar_year: 2011
  price_year: 2023
  carbon_year: 2023
storage_values:
  CAES:
    cost: 49.7737
    lifetime: 23.8733
    annual_cost: 2.0849107580435047
    efficiency: 0.639263
    discharge_ratio: 0.1
    depth_of_discharge: 0.4
  Li-ion:
    cost: 243.776
    lifetime: 14.5143
    annual_cost: 16.79557402010431
    efficiency: 0.94612
    discharge_ratio: 2
    depth_of_discharge: 0.9
  Pb-acid:
    cost: 219.512
    lifetime: 8.79574
    annual_cost: 24.956626730667345
    efficiency: 0.727573
    discharge_ratio: 5
    depth_of_discharge: 0.5
  VRBF:
    cost: 370.812
    lifetime: 12.6344
    annual_cost: 29.34939530171595
    efficiency: 0.75499
    discharge_ratio: 0.5
    depth_of_discharge: 1.0
