cost_values:
  wind_capex: 5000.0
  wind_opex: 100
  wind_lifetime: 20
  solar_capex: 1000.0
  solar_opex: 10
  solar_lifetime: 20
  carbon_price: 1.0
timeseries_values:
  load_level: 274182.9201170437
  wind_year: 2018
  solar_year: 2011
  price_year: 2023
  carbon_year: 2023
storage_values:
  CAES:
    cost: 55.2198
    lifetime: 22.6042
    annual_cost: 2.442899992036878
    efficiency: 0.645983
    discharge_ratio: 0.1
    depth_of_discharge: 0.4
  Li-ion:
    cost: 245.601
    lifetime: 17.0611
    annual_cost: 14.395378961497208
    efficiency: 0.939509
    discharge_ratio: 2
    depth_of_discharge: 0.9
  Pb-acid:
    cost: 220.034
    lifetime: 8.68824
    annual_cost: 25.32549745402981
    efficiency: 0.746116
    discharge_ratio: 5
    depth_of_discharge: 0.5
  VRBF:
    cost: 386.525
    lifetime: 13.1546
    annual_cost: 29.383257567694947
    efficiency: 0.775863
    discharge_ratio: 0.5
    depth_of_discharge: 1.0
