cost_values:
  wind_capex: 5000.0
  wind_opex: 100
  wind_lifetime: 20
  solar_capex: 1000.0
  solar_opex: 10
  solar_lifetime: 20
  carbon_price: 1.0
timeseries_values:
  load_level: 274182.9201170437
  wind_year: 2018
  solar_year: 2011
  price_year: 2023
  carbon_year: 2023
storage_values:
  CAES:
    cost: 50.4014
    lifetime: 22.5275
    annual_cost: 2.237327710575963
    efficiency: 0.643589
    discharge_ratio: 0.1
    depth_of_discharge: 0.4
  Li-ion:
    cost: 236.585
    lifetime: 16.4655
    annual_cost: 14.368528134584436
    efficiency: 0.93755
    discharge_ratio: 2
    depth_of_discharge: 0.9
  Pb-acid:
    cost: 219.385
    lifetime: 7.72892
    annual_cost: 28.384948996755046
    efficiency: 0.748869
    discharge_ratio: 5
    depth_of_discharge: 0.5
  VRBF:
    cost: 368.753
    lifetime: 13.0005
    annual_cost: 28.36452444136764
    efficiency: 0.779659
    discharge_ratio: 0.5
    depth_of_discharge: 1.0
