cost_values:
  wind_capex: 5000.0
  wind_opex: 100
  wind_lifetime: 20
  solar_capex: 1000.0
  solar_opex: 10
  solar_lifetime: 20
  carbon_price: 1.0
timeseries_values:
  load_level: 274182.9201170437
  wind_year: 2018
  solar_year: 2011
  price_year: 2023
  carbon_year: 2023
storage_values:
  CAES:
    cost: 55.6167
    lifetime: 22.2312
    annual_cost: 2.501740796718126
    efficiency: 0.64581
    discharge_ratio: 0.1
    depth_of_discharge: 0.4
  Li-ion:
    cost: 232.516
    lifetime: 12.4028
    annual_cost: 18.747057116135068
    efficiency: 0.935571
    discharge_ratio: 2
    depth_of_discharge: 0.9
  Pb-acid:
    cost: 233.014
    lifetime: 8.92767
    annual_cost: 26.100203076502602
    efficiency: 0.738907
    discharge_ratio: 5
    depth_of_discharge: 0.5
  VRBF:
    cost: 371.669
    lifetime: 13.5602
    annual_cost: 27.4088140292916
    efficiency: 0.765917
    discharge_ratio: 0.5
    depth_of_discharge: 1.0
