cost_values:
  wind_capex: 5000.0
  wind_opex: 100
  wind_lifetime: 20
  solar_capex: 1000.0
  solar_opex: 10
  solar_lifetime: 20
  carbon_price: 1.0
timeseries_values:
  load_level: 274182.9201170437
  wind_year: 2018
  solar_year: 2011
  price_year: 2023
  carbon_year: 2023
storage_values:
  CAES:
    cost: 55.7157
    lifetime: 21.7193
    annual_cost: 2.5652622322082204
    efficiency: 0.648129
    discharge_ratio: 0.1
    depth_of_discharge: 0.4
  Li-ion:
    cost: 243.093
    lifetime: 16.4777
    annual_cost: 14.752847788222871
    efficiency: 0.93657
    discharge_ratio: 2
    depth_of_discharge: 0.9
  Pb-acid:
    cost: 231.378
    lifetime: 9.14076
    annual_cost: 25.312774867735286
    efficiency: 0.728041
    discharge_ratio: 5
    depth_of_discharge: 0.5
  VRBF:
    cost: 364.008
    lifetime: 12.9391
    annual_cost: 28.132404881328686
    efficiency: 0.765626
    discharge_ratio: 0.5
    depth_of_discharge: 1.0
