cost_values:
  wind_capex: 5000.0
  wind_opex: 100
  wind_lifetime: 20
  solar_capex: 1000.0
  solar_opex: 10
  solar_lifetime: 20
  carbon_price: 1.0
timeseries_values:
  load_level: 274182.9201170437
  wind_year: 2018
  solar_year: 2011
  price_year: 2023
  carbon_year: 2023
storage_values:
  CAES:
    cost: 50.0226
    lifetime: 23.3605
    annual_cost: 2.1413325913400825
    efficiency: 0.64378
    discharge_ratio: 0.1
    depth_of_discharge: 0.4
  Li-ion:
    cost: 277.618
    lifetime: 15.0284
    annual_cost: 18.472891325756567
    efficiency: 0.950723
    discharge_ratio: 2
    depth_of_discharge: 0.9
  Pb-acid:
    cost: 232.141
    lifetime: 9.36393
    annual_cost: 24.790979855680252
    efficiency: 0.744396
    discharge_ratio: 5
    depth_of_discharge: 0.5
  VRBF:
    cost: 383.671
    lifetime: 13.1411
    annual_cost: 29.19626210895587
    efficiency: 0.761485
    discharge_ratio: 0.5
    depth_of_discharge: 1.0
