cost_values:
  wind_capex: 5000.0
  wind_opex: 100
  wind_lifetime: 20
  solar_capex: 1000.0
  solar_opex: 10
  solar_lifetime: 20
  carbon_price: 1.0
timeseries_values:
  load_level: 274182.9201170437
  wind_year: 2018
  solar_year: 2011
  price_year: 2023
  carbon_year: 2023
storage_values:
  CAES:
    cost: 53.0452
    lifetime: 23.5951
    annual_cost: 2.248144741916754
    efficiency: 0.637518
    discharge_ratio: 0.1
    depth_of_discharge: 0.4
  Li-ion:
    cost: 245.502
    lifetime: 14.9142
    annual_cost: 16.460956672164784
    efficiency: 0.938412
    discharge_ratio: 2
    depth_of_discharge: 0.9
  Pb-acid:
    cost: 237.857
    lifetime: 8.62841
    annual_cost: 27.566724344346177
    efficiency: 0.727905
    discharge_ratio: 5
    depth_of_discharge: 0.5
  VRBF:
    cost: 383.252
    lifetime: 14.3938
    annual_cost: 26.626186274646027
    efficiency: 0.748227
    discharge_ratio: 0.5
    depth_of_discharge: 1.0
