cost_values:
  wind_capex: 5000.0
  wind_opex: 100
  wind_lifetime: 20
  solar_capex: 1000.0
  solar_opex: 10
  solar_lifetime: 20
  carbon_price: 1.0
timeseries_values:
  load_level: 274182.9201170437
  wind_year: 2018
  solar_year: 2011
  price_year: 2023
  carbon_year: 2023
storage_values:
  CAES:
    cost: 54.332
    lifetime: 21.6372
    annual_cost: 2.511045791507219
    efficiency: 0.639247
    discharge_ratio: 0.1
    depth_of_discharge: 0.4
  Li-ion:
    cost: 238.196
    lifetime: 15.7402
    annual_cost: 15.132971626790003
    efficiency: 0.9344
    discharge_ratio: 2
    depth_of_discharge: 0.9
  Pb-acid:
    cost: 239.14
    lifetime: 8.53345
    annual_cost: 28.023835611622495
    efficiency: 0.733337
    discharge_ratio: 5
    depth_of_discharge: 0.5
  VRBF:
    cost: 331.677
    lifetime: 12.3058
    annual_cost: 26.952900258414733
    efficiency: 0.780518
    discharge_ratio: 0.5
    depth_of_discharge: 1.0
