cost_values:
  wind_capex: 5000.0
  wind_opex: 100
  wind_lifetime: 20
  solar_capex: 1000.0
  solar_opex: 10
  solar_lifetime: 20
  carbon_price: 1.0
timeseries_values:
  load_level: 274182.9201170437
  wind_year: 2018
  solar_year: 2011
  price_year: 2023
  carbon_year: 2023
storage_values:
  CAES:
    cost: 47.6171
    lifetime: 22.8915
    annual_cost: 2.0801214424568073
    efficiency: 0.640362
    discharge_ratio: 0.1
    depth_of_discharge: 0.4
  Li-ion:
    cost: 248.709
    lifetime: 14.4244
    annual_cost: 17.242242311638613
    efficiency: 0.921258
    discharge_ratio: 2
    depth_of_discharge: 0.9
  Pb-acid:
    cost: 248.739
    lifetime: 9.91103
    annual_cost: 25.097189696731824
    efficiency: 0.726509
    discharge_ratio: 5
    depth_of_discharge: 0.5
  VRBF:
    cost: 369.818
    lifetime: 13.8438
    annual_cost: 26.713619093023592
    efficiency: 0.742471
    discharge_ratio: 0.5
    depth_of_discharge: 1.0
