cost_values:
  wind_capex: 5000.0
  wind_opex: 100
  wind_lifetime: 20
  solar_capex: 1000.0
  solar_opex: 10
  solar_lifetime: 20
  carbon_price: 1.0
timeseries_values:
  load_level: 274182.9201170437
  wind_year: 2018
  solar_year: 2011
  price_year: 2023
  carbon_year: 2023
storage_values:
  CAES:
    cost: 48.4063
    lifetime: 22.5085
    annual_cost: 2.150578670280116
    efficiency: 0.644746
    discharge_ratio: 0.1
    depth_of_discharge: 0.4
  Li-ion:
    cost: 243.912
    lifetime: 17.6679
    annual_cost: 13.805375851119829
    efficiency: 0.938453
    discharge_ratio: 2
    depth_of_discharge: 0.9
  Pb-acid:
    cost: 231.373
    lifetime: 9.53041
    annual_cost: 24.27733958979729
    efficiency: 0.717227
    discharge_ratio: 5
    depth_of_discharge: 0.5
  VRBF:
    cost: 340.301
    lifetime: 14.5754
    annual_cost: 23.347626823277576
    efficiency: 0.773224
    discharge_ratio: 0.5
    depth_of_discharge: 1.0
