cost_values:
  wind_capex: 5000.0
  wind_opex: 100
  wind_lifetime: 20
  solar_capex: 1000.0
  solar_opex: 10
  solar_lifetime: 20
  carbon_price: 1.0
timeseries_values:
  load_level: 274182.9201170437
  wind_year: 2018
  solar_year: 2011
  price_year: 2023
  carbon_year: 2023
storage_values:
  CAES:
    cost: 50.648
    lifetime: 22.9278
    annual_cost: 2.209021362712515
    efficiency: 0.624516
    discharge_ratio: 0.1
    depth_of_discharge: 0.4
  Li-ion:
    cost: 236.597
    lifetime: 17.4111
    annual_cost: 13.58885998012762
    efficiency: 0.937053
    discharge_ratio: 2
    depth_of_discharge: 0.9
  Pb-acid:
    cost: 230.125
    lifetime: 9.36852
    annual_cost: 24.563645058130845
    efficiency: 0.733676
    discharge_ratio: 5
    depth_of_discharge: 0.5
  VRBF:
    cost: 376.743
    lifetime: 13.9608
    annual_cost: 26.985774454186004
    efficiency: 0.790186
    discharge_ratio: 0.5
    depth_of_discharge: 1.0
