cost_values:
  wind_capex: 5000.0
  wind_opex: 100
  wind_lifetime: 20
  solar_capex: 1000.0
  solar_opex: 10
  solar_lifetime: 20
  carbon_price: 1.0
timeseries_values:
  load_level: 274182.9201170437
  wind_year: 2018
  solar_year: 2011
  price_year: 2023
  carbon_year: 2023
storage_values:
  CAES:
    cost: 53.2692
    lifetime: 22.2711
    annual_cost: 2.391853119064617
    efficiency: 0.641347
    discharge_ratio: 0.1
    depth_of_discharge: 0.4
  Li-ion:
    cost: 247.113
    lifetime: 16.1831
    annual_cost: 15.269818514376109
    efficiency: 0.941468
    discharge_ratio: 2
    depth_of_discharge: 0.9
  Pb-acid:
    cost: 206.493
    lifetime: 9.54204
    annual_cost: 21.640341059144586
    efficiency: 0.740622
    discharge_ratio: 5
    depth_of_discharge: 0.5
  VRBF:
    cost: 386.446
    lifetime: 13.6227
    annual_cost: 28.367797866795865
    efficiency: 0.772102
    discharge_ratio: 0.5
    depth_of_discharge: 1.0
