cost_values:
  wind_capex: 5000.0
  wind_opex: 100
  wind_lifetime: 20
  solar_capex: 1000.0
  solar_opex: 10
  solar_lifetime: 20
  carbon_price: 1.0
timeseries_values:
  load_level: 274182.9201170437
  wind_year: 2018
  solar_year: 2011
  price_year: 2023
  carbon_year: 2023
storage_values:
  CAES:
    cost: 58.3136
    lifetime: 21.5955
    annual_cost: 2.700266259174365
    efficiency: 0.641406
    discharge_ratio: 0.1
    depth_of_discharge: 0.4
  Li-ion:
    cost: 239.921
    lifetime: 17.5389
    annual_cost: 13.679364156246969
    efficiency: 0.929136
    discharge_ratio: 2
    depth_of_discharge: 0.9
  Pb-acid:
    cost: 240.017
    lifetime: 10.4667
    annual_cost: 22.93148747933924
    efficiency: 0.728183
    discharge_ratio: 5
    depth_of_discharge: 0.5
  VRBF:
    cost: 362.694
    lifetime: 14.2272
    annual_cost: 25.49299932523617
    efficiency: 0.784224
    discharge_ratio: 0.5
    depth_of_discharge: 1.0
