cost_values:
  wind_capex: 5000.0
  wind_opex: 100
  wind_lifetime: 20
  solar_capex: 1000.0
  solar_opex: 10
  solar_lifetime: 20
  carbon_price: 1.0
timeseries_values:
  load_level: 274182.9201170437
  wind_year: 2018
  solar_year: 2011
  price_year: 2023
  carbon_year: 2023
storage_values:
  CAES:
    cost: 46.8215
    lifetime: 23.7781
    annual_cost: 1.9691018205828053
    efficiency: 0.645274
    discharge_ratio: 0.1
    depth_of_discharge: 0.4
  Li-ion:
    cost: 224.179
    lifetime: 17.1679
    annual_cost: 13.058032723862558
    efficiency: 0.934754
    discharge_ratio: 2
    depth_of_discharge: 0.9
  Pb-acid:
    cost: 237.621
    lifetime: 9.3767
    annual_cost: 25.341644715091665
    efficiency: 0.722722
    discharge_ratio: 5
    depth_of_discharge: 0.5
  VRBF:
    cost: 397.811
    lifetime: 15.1467
    annual_cost: 26.263872658730946
    efficiency: 0.784161
    discharge_ratio: 0.5
    depth_of_discharge: 1.0
