cost_values:
  wind_capex: 5000.0
  wind_opex: 100
  wind_lifetime: 20
  solar_capex: 1000.0
  solar_opex: 10
  solar_lifetime: 20
  carbon_price: 1.0
timeseries_values:
  load_level: 274182.9201170437
  wind_year: 2018
  solar_year: 2011
  price_year: 2023
  carbon_year: 2023
storage_values:
  CAES:
    cost: 48.393
    lifetime: 23.5325
    annual_cost: 2.05643259322214
    efficiency: 0.630317
    discharge_ratio: 0.1
    depth_of_discharge: 0.4
  Li-ion:
    cost: 231.871
    lifetime: 15.541
    annual_cost: 14.919953670934946
    efficiency: 0.943208
    discharge_ratio: 2
    depth_of_discharge: 0.9
  Pb-acid:
    cost: 213.808
    lifetime: 9.74529
    annual_cost: 21.939624167161774
    efficiency: 0.713567
    discharge_ratio: 5
    depth_of_discharge: 0.5
  VRBF:
    cost: 360.8
    lifetime: 15.2645
    annual_cost: 23.636542304038784
    efficiency: 0.765384
    discharge_ratio: 0.5
    depth_of_discharge: 1.0
