cost_values:
  wind_capex: 5000.0
  wind_opex: 100
  wind_lifetime: 20
  solar_capex: 1000.0
  solar_opex: 10
  solar_lifetime: 20
  carbon_price: 1.0
timeseries_values:
  load_level: 274182.9201170437
  wind_year: 2018
  solar_year: 2011
  price_year: 2023
  carbon_year: 2023
storage_values:
  CAES:
    cost: 52.5042
    lifetime: 23.8512
    annual_cost: 2.2013232038639567
    efficiency: 0.644341
    discharge_ratio: 0.1
    depth_of_discharge: 0.4
  Li-ion:
    cost: 248.151
    lifetime: 15.2209
    annual_cost: 16.303306637583848
    efficiency: 0.932081
    discharge_ratio: 2
    depth_of_discharge: 0.9
  Pb-acid:
    cost: 237.954
    lifetime: 9.17373
    annual_cost: 25.938631287382556
    efficiency: 0.73038
    discharge_ratio: 5
    depth_of_discharge: 0.5
  VRBF:
    cost: 355.912
    lifetime: 16.4422
    annual_cost: 21.646251718139908
    efficiency: 0.782012
    discharge_ratio: 0.5
    depth_of_discharge: 1.0
