cost_values:
  wind_capex: 5000.0
  wind_opex: 100
  wind_lifetime: 20
  solar_capex: 1000.0
  solar_opex: 10
  solar_lifetime: 20
  carbon_price: 1.0
timeseries_values:
  load_level: 274182.9201170437
  wind_year: 2018
  solar_year: 2011
  price_year: 2023
  carbon_year: 2023
storage_values:
  CAES:
    cost: 46.8191
    lifetime: 22.3443
    annual_cost: 2.095348701906079
    efficiency: 0.644964
    discharge_ratio: 0.1
    depth_of_discharge: 0.4
  Li-ion:
    cost: 247.901
    lifetime: 15.929
    annual_cost: 15.562872747818444
    efficiency: 0.942116
    discharge_ratio: 2
    depth_of_discharge: 0.9
  Pb-acid:
    cost: 228.768
    lifetime: 10.1657
    annual_cost: 22.50391020785583
    efficiency: 0.746948
    discharge_ratio: 5
    depth_of_discharge: 0.5
  VRBF:
    cost: 313.259
    lifetime: 13.2808
    annual_cost: 23.587359195229205
    efficiency: 0.76424
    discharge_ratio: 0.5
    depth_of_discharge: 1.0
