cost_values:
  wind_capex: 5000.0
  wind_opex: 100
  wind_lifetime: 20
  solar_capex: 1000.0
  solar_opex: 10
  solar_lifetime: 20
  carbon_price: 1.0
timeseries_values:
  load_level: 274182.9201170437
  wind_year: 2018
  solar_year: 2011
  price_year: 2023
  carbon_year: 2023
storage_values:
  CAES:
    cost: 50.1398
    lifetime: 22.5006
    annual_cost: 2.2283761321920306
    efficiency: 0.648608
    discharge_ratio: 0.1
    depth_of_discharge: 0.4
  Li-ion:
    cost: 244.663
    lifetime: 15.9725
    annual_cost: 15.317764908436375
    efficiency: 0.949621
    discharge_ratio: 2
    depth_of_discharge: 0.9
  Pb-acid:
    cost: 211.017
    lifetime: 7.18481
    annual_cost: 29.3698789529577
    efficiency: 0.724289
    discharge_ratio: 5
    depth_of_discharge: 0.5
  VRBF:
    cost: 377.36
    lifetime: 14.515
    annual_cost: 25.99793317258009
    efficiency: 0.784982
    discharge_ratio: 0.5
    depth_of_discharge: 1.0
