cost_values:
  wind_capex: 5000.0
  wind_opex: 100
  wind_lifetime: 20
  solar_capex: 1000.0
  solar_opex: 10
  solar_lifetime: 20
  carbon_price: 1.0
timeseries_values:
  load_level: 274182.9201170437
  wind_year: 2018
  solar_year: 2011
  price_year: 2023
  carbon_year: 2023
storage_values:
  CAES:
    cost: 46.0232
    lifetime: 23.1759
    annual_cost: 1.9858214783460408
    efficiency: 0.643739
    discharge_ratio: 0.1
    depth_of_discharge: 0.4
  Li-ion:
    cost: 231.858
    lifetime: 17.343
    annual_cost: 13.368967306694344
    efficiency: 0.920729
    discharge_ratio: 2
    depth_of_discharge: 0.9
  Pb-acid:
    cost: 229.974
    lifetime: 9.98349
    annual_cost: 23.03543149740221
    efficiency: 0.736418
    discharge_ratio: 5
    depth_of_discharge: 0.5
  VRBF:
    cost: 375.866
    lifetime: 14.3338
    annual_cost: 26.222355551214612
    efficiency: 0.770762
    discharge_ratio: 0.5
    depth_of_discharge: 1.0
