cost_values:
  wind_capex: 5000.0
  wind_opex: 100
  wind_lifetime: 20
  solar_capex: 1000.0
  solar_opex: 10
  solar_lifetime: 20
  carbon_price: 1.0
timeseries_values:
  load_level: 274182.9201170437
  wind_year: 2018
  solar_year: 2011
  price_year: 2023
  carbon_year: 2023
storage_values:
  CAES:
    cost: 47.0128
    lifetime: 23.4953
    annual_cost: 2.000944869825029
    efficiency: 0.646397
    discharge_ratio: 0.1
    depth_of_discharge: 0.4
  Li-ion:
    cost: 257.393
    lifetime: 13.2245
    annual_cost: 19.46334454988846
    efficiency: 0.943438
    discharge_ratio: 2
    depth_of_discharge: 0.9
  Pb-acid:
    cost: 232.249
    lifetime: 9.18029
    annual_cost: 25.298656142670875
    efficiency: 0.732452
    discharge_ratio: 5
    depth_of_discharge: 0.5
  VRBF:
    cost: 374.341
    lifetime: 14.2398
    annual_cost: 26.28836079158415
    efficiency: 0.764279
    discharge_ratio: 0.5
    depth_of_discharge: 1.0
