cost_values:
  wind_capex: 5000.0
  wind_opex: 100
  wind_lifetime: 20
  solar_capex: 1000.0
  solar_opex: 10
  solar_lifetime: 20
  carbon_price: 1.0
timeseries_values:
  load_level: 274182.9201170437
  wind_year: 2018
  solar_year: 2011
  price_year: 2023
  carbon_year: 2023
storage_values:
  CAES:
    cost: 56.4108
    lifetime: 23.3099
    annual_cost: 2.4200361219910853
    efficiency: 0.648101
    discharge_ratio: 0.1
    depth_of_discharge: 0.4
  Li-ion:
    cost: 261.757
    lifetime: 16.9878
    annual_cost: 15.40852847337501
    efficiency: 0.938763
    discharge_ratio: 2
    depth_of_discharge: 0.9
  Pb-acid:
    cost: 224.57
    lifetime: 8.62274
    annual_cost: 26.04392571270849
    efficiency: 0.734557
    discharge_ratio: 5
    depth_of_discharge: 0.5
  VRBF:
    cost: 393.889
    lifetime: 13.2234
    annual_cost: 29.78727104980565
    efficiency: 0.766249
    discharge_ratio: 0.5
    depth_of_discharge: 1.0
