cost_values:
  wind_capex: 5000.0
  wind_opex: 100
  wind_lifetime: 20
  solar_capex: 1000.0
  solar_opex: 10
  solar_lifetime: 20
  carbon_price: 1.0
timeseries_values:
  load_level: 274182.9201170437
  wind_year: 2018
  solar_year: 2011
  price_year: 2023
  carbon_year: 2023
storage_values:
  CAES:
    cost: 54.5677
    lifetime: 23.4134
    annual_cost: 2.3306183638429276
    efficiency: 0.6454
    discharge_ratio: 0.1
    depth_of_discharge: 0.4
  Li-ion:
    cost: 226.249
    lifetime: 15.4545
    annual_cost: 14.639684234365395
    efficiency: 0.921449
    discharge_ratio: 2
    depth_of_discharge: 0.9
  Pb-acid:
    cost: 228.614
    lifetime: 8.05355
    annual_cost: 28.386736283998985
    efficiency: 0.749973
    discharge_ratio: 5
    depth_of_discharge: 0.5
  VRBF:
    cost: 351.771
    lifetime: 12.7573
    annual_cost: 27.574094831978552
    efficiency: 0.758948
    discharge_ratio: 0.5
    depth_of_discharge: 1.0
