cost_values:
  wind_capex: 5000.0
  wind_opex: 100
  wind_lifetime: 20
  solar_capex: 1000.0
  solar_opex: 10
  solar_lifetime: 20
  carbon_price: 1.0
timeseries_values:
  load_level: 274182.9201170437
  wind_year: 2018
  solar_year: 2011
  price_year: 2023
  carbon_year: 2023
storage_values:
  CAES:
    cost: 49.9633
    lifetime: 22.9428
    annual_cost: 2.1777333193856023
    efficiency: 0.639688
    discharge_ratio: 0.1
    depth_of_discharge: 0.4
  Li-ion:
    cost: 222.463
    lifetime: 16.4557
    annual_cost: 13.518902264868707
    efficiency: 0.935415
    discharge_ratio: 2
    depth_of_discharge: 0.9
  Pb-acid:
    cost: 233.525
    lifetime: 9.25763
    annual_cost: 25.22513861539076
    efficiency: 0.739122
    discharge_ratio: 5
    depth_of_discharge: 0.5
  VRBF:
    cost: 372.672
    lifetime: 15.857
    annual_cost: 23.50204956801413
    efficiency: 0.75529
    discharge_ratio: 0.5
    depth_of_discharge: 1.0
