cost_values:
  wind_capex: 5000.0
  wind_opex: 100
  wind_lifetime: 20
  solar_capex: 1000.0
  solar_opex: 10
  solar_lifetime: 20
  carbon_price: 1.0
timeseries_values:
  load_level: 274182.9201170437
  wind_year: 2018
  solar_year: 2011
  price_year: 2023
  carbon_year: 2023
storage_values:
  CAES:
    cost: 55.5341
    lifetime: 22.5873
    annual_cost: 2.4586426885904915
    efficiency: 0.647989
    discharge_ratio: 0.1
    depth_of_discharge: 0.4
  Li-ion:
    cost: 243.331
    lifetime: 17.1901
    annual_cost: 14.1552986893619
    efficiency: 0.929787
    discharge_ratio: 2
    depth_of_discharge: 0.9
  Pb-acid:
    cost: 210.604
    lifetime: 9.52276
    annual_cost: 22.115857167459854
    efficiency: 0.727231
    discharge_ratio: 5
    depth_of_discharge: 0.5
  VRBF:
    cost: 357.816
    lifetime: 13.8704
    annual_cost: 25.797093090321834
    efficiency: 0.751975
    discharge_ratio: 0.5
    depth_of_discharge: 1.0
