cost_values:
  wind_capex: 5000.0
  wind_opex: 100
  wind_lifetime: 20
  solar_capex: 1000.0
  solar_opex: 10
  solar_lifetime: 20
  carbon_price: 1.0
timeseries_values:
  load_level: 274182.9201170437
  wind_year: 2018
  solar_year: 2011
  price_year: 2023
  carbon_year: 2023
storage_values:
  CAES:
    cost: 55.4415
    lifetime: 23.0358
    annual_cost: 2.406753835334566
    efficiency: 0.636819
    discharge_ratio: 0.1
    depth_of_discharge: 0.4
  Li-ion:
    cost: 233.69
    lifetime: 16.3527
    annual_cost: 14.290606444195761
    efficiency: 0.942809
    discharge_ratio: 2
    depth_of_discharge: 0.9
  Pb-acid:
    cost: 217.754
    lifetime: 9.14604
    annual_cost: 23.80855539665254
    efficiency: 0.74008
    discharge_ratio: 5
    depth_of_discharge: 0.5
  VRBF:
    cost: 346.429
    lifetime: 13.8006
    annual_cost: 25.102459313363187
    efficiency: 0.796698
    discharge_ratio: 0.5
    depth_of_discharge: 1.0
