cost_values:
  wind_capex: 5000.0
  wind_opex: 100
  wind_lifetime: 20
  solar_capex: 1000.0
  solar_opex: 10
  solar_lifetime: 20
  carbon_price: 1.0
timeseries_values:
  load_level: 274182.9201170437
  wind_year: 2018
  solar_year: 2011
  price_year: 2023
  carbon_year: 2023
storage_values:
  CAES:
    cost: 53.4906
    lifetime: 22.7145
    annual_cost: 2.3549098593409497
    efficiency: 0.645469
    discharge_ratio: 0.1
    depth_of_discharge: 0.4
  Li-ion:
    cost: 245.588
    lifetime: 13.6553
    annual_cost: 17.984811758071956
    efficiency: 0.928571
    discharge_ratio: 2
    depth_of_discharge: 0.9
  Pb-acid:
    cost: 239.291
    lifetime: 8.38139
    annual_cost: 28.550276266824476
    efficiency: 0.728336
    discharge_ratio: 5
    depth_of_discharge: 0.5
  VRBF:
    cost: 373.513
    lifetime: 13.0147
    annual_cost: 28.699316926244936
    efficiency: 0.776119
    discharge_ratio: 0.5
    depth_of_discharge: 1.0
