cost_values:
  wind_capex: 5000.0
  wind_opex: 100
  wind_lifetime: 20
  solar_capex: 1000.0
  solar_opex: 10
  solar_lifetime: 20
  carbon_price: 1.0
timeseries_values:
  load_level: 274182.9201170437
  wind_year: 2018
  solar_year: 2011
  price_year: 2023
  carbon_year: 2023
storage_values:
  CAES:
    cost: 52.9472
    lifetime: 22.9591
    annual_cost: 2.306153115758022
    efficiency: 0.63726
    discharge_ratio: 0.1
    depth_of_discharge: 0.4
  Li-ion:
    cost: 240.893
    lifetime: 15.591
    annual_cost: 15.450772881790778
    efficiency: 0.924219
    discharge_ratio: 2
    depth_of_discharge: 0.9
  Pb-acid:
    cost: 219.632
    lifetime: 10.465
    annual_cost: 20.987290969899668
    efficiency: 0.729662
    discharge_ratio: 5
    depth_of_discharge: 0.5
  VRBF:
    cost: 397.808
    lifetime: 14.8938
    annual_cost: 26.709637567309887
    efficiency: 0.757615
    discharge_ratio: 0.5
    depth_of_discharge: 1.0
