cost_values:
  wind_capex: 5000.0
  wind_opex: 100
  wind_lifetime: 20
  solar_capex: 1000.0
  solar_opex: 10
  solar_lifetime: 20
  carbon_price: 1.0
timeseries_values:
  load_level: 274182.9201170437
  wind_year: 2018
  solar_year: 2011
  price_year: 2023
  carbon_year: 2023
storage_values:
  CAES:
    cost: 47.9293
    lifetime: 22.7802
    annual_cost: 2.103989429416774
    efficiency: 0.6392
    discharge_ratio: 0.1
    depth_of_discharge: 0.4
  Li-ion:
    cost: 233.107
    lifetime: 15.8034
    annual_cost: 14.750433451029526
    efficiency: 0.935675
    discharge_ratio: 2
    depth_of_discharge: 0.9
  Pb-acid:
    cost: 246.858
    lifetime: 8.81359
    annual_cost: 28.008790969400668
    efficiency: 0.726412
    discharge_ratio: 5
    depth_of_discharge: 0.5
  VRBF:
    cost: 385.852
    lifetime: 14.4902
    annual_cost: 26.628479938165103
    efficiency: 0.783813
    discharge_ratio: 0.5
    depth_of_discharge: 1.0
