cost_values:
  wind_capex: 5000.0
  wind_opex: 100
  wind_lifetime: 20
  solar_capex: 1000.0
  solar_opex: 10
  solar_lifetime: 20
  carbon_price: 1.0
timeseries_values:
  load_level: 274182.9201170437
  wind_year: 2018
  solar_year: 2011
  price_year: 2023
  carbon_year: 2023
storage_values:
  CAES:
    cost: 51.0137
    lifetime: 22.1007
    annual_cost: 2.3082391055486933
    efficiency: 0.638676
    discharge_ratio: 0.1
    depth_of_discharge: 0.4
  Li-ion:
    cost: 244.329
    lifetime: 15.3427
    annual_cost: 15.924772041426868
    efficiency: 0.94754
    discharge_ratio: 2
    depth_of_discharge: 0.9
  Pb-acid:
    cost: 230.382
    lifetime: 8.39647
    annual_cost: 27.437959047075733
    efficiency: 0.733824
    discharge_ratio: 5
    depth_of_discharge: 0.5
  VRBF:
    cost: 369.932
    lifetime: 14.664
    annual_cost: 25.227223131478453
    efficiency: 0.777702
    discharge_ratio: 0.5
    depth_of_discharge: 1.0
