cost_values:
  wind_capex: 5000.0
  wind_opex: 100
  wind_lifetime: 20
  solar_capex: 1000.0
  solar_opex: 10
  solar_lifetime: 20
  carbon_price: 1.0
timeseries_values:
  load_level: 274182.9201170437
  wind_year: 2018
  solar_year: 2011
  price_year: 2023
  carbon_year: 2023
storage_values:
  CAES:
    cost: 54.0901
    lifetime: 23.4912
    annual_cost: 2.3025686214412207
    efficiency: 0.633655
    discharge_ratio: 0.1
    depth_of_discharge: 0.4
  Li-ion:
    cost: 242.208
    lifetime: 17.01
    annual_cost: 14.239153439153437
    efficiency: 0.930619
    discharge_ratio: 2
    depth_of_discharge: 0.9
  Pb-acid:
    cost: 246.756
    lifetime: 8.16408
    annual_cost: 30.22459358556016
    efficiency: 0.745861
    discharge_ratio: 5
    depth_of_discharge: 0.5
  VRBF:
    cost: 358.633
    lifetime: 15.8653
    annual_cost: 22.60486722595854
    efficiency: 0.788655
    discharge_ratio: 0.5
    depth_of_discharge: 1.0
