cost_values:
  wind_capex: 5000.0
  wind_opex: 100
  wind_lifetime: 20
  solar_capex: 1000.0
  solar_opex: 10
  solar_lifetime: 20
  carbon_price: 1.0
timeseries_values:
  load_level: 274182.9201170437
  wind_year: 2018
  solar_year: 2011
  price_year: 2023
  carbon_year: 2023
storage_values:
  CAES:
    cost: 50.4803
    lifetime: 23.2785
    annual_cost: 2.168537491676869
    efficiency: 0.642736
    discharge_ratio: 0.1
    depth_of_discharge: 0.4
  Li-ion:
    cost: 246.546
    lifetime: 17.0435
    annual_cost: 14.465690732537329
    efficiency: 0.916781
    discharge_ratio: 2
    depth_of_discharge: 0.9
  Pb-acid:
    cost: 201.467
    lifetime: 9.06439
    annual_cost: 22.226206065714297
    efficiency: 0.744113
    discharge_ratio: 5
    depth_of_discharge: 0.5
  VRBF:
    cost: 361.084
    lifetime: 13.1676
    annual_cost: 27.42215741668945
    efficiency: 0.782097
    discharge_ratio: 0.5
    depth_of_discharge: 1.0
