cost_values:
  wind_capex: 5000.0
  wind_opex: 100
  wind_lifetime: 20
  solar_capex: 1000.0
  solar_opex: 10
  solar_lifetime: 20
  carbon_price: 1.0
timeseries_values:
  load_level: 256395.95015124776
  wind_year: 2010
  solar_year: 2014
  price_year: 2023
  carbon_year: 2023
storage_values:
  CAES:
    cost: 37.5533
    lifetime: 21.5587
    annual_cost: 1.7419092987981648
    efficiency: 0.581989
    discharge_ratio: 0.1
    depth_of_discharge: 0.4
  Li-ion:
    cost: 141.229
    lifetime: 15.2818
    annual_cost: 9.241646926409194
    efficiency: 0.910315
    discharge_ratio: 2
    depth_of_discharge: 0.9
  Pb-acid:
    cost: 97.2082
    lifetime: 16.2368
    annual_cost: 5.986906286953095
    efficiency: 0.680348
    discharge_ratio: 5
    depth_of_discharge: 0.5
  VRBF:
    cost: 234.064
    lifetime: 20.8729
    annual_cost: 11.213774798901925
    efficiency: 0.835895
    discharge_ratio: 0.5
    depth_of_discharge: 1.0
