cost_values:
  wind_capex: 5000.0
  wind_opex: 100
  wind_lifetime: 20
  solar_capex: 1000.0
  solar_opex: 10
  solar_lifetime: 20
  carbon_price: 1.0
timeseries_values:
  load_level: 256395.95015124776
  wind_year: 2010
  solar_year: 2014
  price_year: 2023
  carbon_year: 2023
storage_values:
  CAES:
    cost: 33.7922
    lifetime: 22.9063
    annual_cost: 1.4752360704260399
    efficiency: 0.573999
    discharge_ratio: 0.1
    depth_of_discharge: 0.4
  Li-ion:
    cost: 138.784
    lifetime: 15.8613
    annual_cost: 8.749850264480212
    efficiency: 0.911743
    discharge_ratio: 2
    depth_of_discharge: 0.9
  Pb-acid:
    cost: 86.3159
    lifetime: 17.0176
    annual_cost: 5.07215471041745
    efficiency: 0.676294
    discharge_ratio: 5
    depth_of_discharge: 0.5
  VRBF:
    cost: 255.413
    lifetime: 20.4358
    annual_cost: 12.498311786179157
    efficiency: 0.832128
    discharge_ratio: 0.5
    depth_of_discharge: 1.0
