cost_values:
  wind_capex: 5000.0
  wind_opex: 100
  wind_lifetime: 20
  solar_capex: 1000.0
  solar_opex: 10
  solar_lifetime: 20
  carbon_price: 1.0
timeseries_values:
  load_level: 256395.95015124776
  wind_year: 2010
  solar_year: 2014
  price_year: 2023
  carbon_year: 2023
storage_values:
  CAES:
    cost: 29.3104
    lifetime: 22.4768
    annual_cost: 1.3040290432801822
    efficiency: 0.588982
    discharge_ratio: 0.1
    depth_of_discharge: 0.4
  Li-ion:
    cost: 169.268
    lifetime: 16.823
    annual_cost: 10.061701242346787
    efficiency: 0.916861
    discharge_ratio: 2
    depth_of_discharge: 0.9
  Pb-acid:
    cost: 101.383
    lifetime: 16.3967
    annual_cost: 6.183134411192496
    efficiency: 0.688464
    discharge_ratio: 5
    depth_of_discharge: 0.5
  VRBF:
    cost: 262.939
    lifetime: 23.0583
    annual_cost: 11.403225736502693
    efficiency: 0.821402
    discharge_ratio: 0.5
    depth_of_discharge: 1.0
