cost_values:
  wind_capex: 5000.0
  wind_opex: 100
  wind_lifetime: 20
  solar_capex: 1000.0
  solar_opex: 10
  solar_lifetime: 20
  carbon_price: 1.0
timeseries_values:
  load_level: 256395.95015124776
  wind_year: 2010
  solar_year: 2014
  price_year: 2023
  carbon_year: 2023
storage_values:
  CAES:
    cost: 40.0986
    lifetime: 23.1233
    annual_cost: 1.7341209948407017
    efficiency: 0.584384
    discharge_ratio: 0.1
    depth_of_discharge: 0.4
  Li-ion:
    cost: 153.094
    lifetime: 16.9692
    annual_cost: 9.021874926337128
    efficiency: 0.909197
    discharge_ratio: 2
    depth_of_discharge: 0.9
  Pb-acid:
    cost: 89.2028
    lifetime: 15.158
    annual_cost: 5.884866077318907
    efficiency: 0.681337
    discharge_ratio: 5
    depth_of_discharge: 0.5
  VRBF:
    cost: 234.444
    lifetime: 22.7716
    annual_cost: 10.295455743118621
    efficiency: 0.818445
    discharge_ratio: 0.5
    depth_of_discharge: 1.0
