cost_values:
  wind_capex: 5000.0
  wind_opex: 100
  wind_lifetime: 20
  solar_capex: 1000.0
  solar_opex: 10
  solar_lifetime: 20
  carbon_price: 1.0
timeseries_values:
  load_level: 256395.95015124776
  wind_year: 2010
  solar_year: 2014
  price_year: 2023
  carbon_year: 2023
storage_values:
  CAES:
    cost: 33.7802
    lifetime: 23.1619
    annual_cost: 1.4584382110275929
    efficiency: 0.590089
    discharge_ratio: 0.1
    depth_of_discharge: 0.4
  Li-ion:
    cost: 141.6
    lifetime: 17.1463
    annual_cost: 8.25834144975884
    efficiency: 0.917394
    discharge_ratio: 2
    depth_of_discharge: 0.9
  Pb-acid:
    cost: 83.209
    lifetime: 18.006
    annual_cost: 4.621181828279463
    efficiency: 0.677168
    discharge_ratio: 5
    depth_of_discharge: 0.5
  VRBF:
    cost: 247.897
    lifetime: 21.5745
    annual_cost: 11.490277874342395
    efficiency: 0.836013
    discharge_ratio: 0.5
    depth_of_discharge: 1.0
