cost_values:
  wind_capex: 5000.0
  wind_opex: 100
  wind_lifetime: 20
  solar_capex: 1000.0
  solar_opex: 10
  solar_lifetime: 20
  carbon_price: 1.0
timeseries_values:
  load_level: 256395.95015124776
  wind_year: 2010
  solar_year: 2014
  price_year: 2023
  carbon_year: 2023
storage_values:
  CAES:
    cost: 35.9014
    lifetime: 22.4476
    annual_cost: 1.599342468682621
    efficiency: 0.581297
    discharge_ratio: 0.1
    depth_of_discharge: 0.4
  Li-ion:
    cost: 166.695
    lifetime: 18.5041
    annual_cost: 9.008544052399197
    efficiency: 0.915563
    discharge_ratio: 2
    depth_of_discharge: 0.9
  Pb-acid:
    cost: 93.3815
    lifetime: 16.0904
    annual_cost: 5.803553671754587
    efficiency: 0.689095
    discharge_ratio: 5
    depth_of_discharge: 0.5
  VRBF:
    cost: 201.109
    lifetime: 23.3557
    annual_cost: 8.610703168819605
    efficiency: 0.845513
    discharge_ratio: 0.5
    depth_of_discharge: 1.0
