cost_values:
  wind_capex: 5000.0
  wind_opex: 100
  wind_lifetime: 20
  solar_capex: 1000.0
  solar_opex: 10
  solar_lifetime: 20
  carbon_price: 1.0
timeseries_values:
  load_level: 256395.95015124776
  wind_year: 2010
  solar_year: 2014
  price_year: 2023
  carbon_year: 2023
storage_values:
  CAES:
    cost: 31.0824
    lifetime: 22.6269
    annual_cost: 1.373692375004972
    efficiency: 0.584744
    discharge_ratio: 0.1
    depth_of_discharge: 0.4
  Li-ion:
    cost: 166.297
    lifetime: 17.0653
    annual_cost: 9.744745184672992
    efficiency: 0.919316
    discharge_ratio: 2
    depth_of_discharge: 0.9
  Pb-acid:
    cost: 110.34
    lifetime: 15.5471
    annual_cost: 7.097143518726965
    efficiency: 0.682662
    discharge_ratio: 5
    depth_of_discharge: 0.5
  VRBF:
    cost: 259.869
    lifetime: 22.1703
    annual_cost: 11.721492266681102
    efficiency: 0.80717
    discharge_ratio: 0.5
    depth_of_discharge: 1.0
