cost_values:
  wind_capex: 5000.0
  wind_opex: 100
  wind_lifetime: 20
  solar_capex: 1000.0
  solar_opex: 10
  solar_lifetime: 20
  carbon_price: 1.0
timeseries_values:
  load_level: 256395.95015124776
  wind_year: 2010
  solar_year: 2014
  price_year: 2023
  carbon_year: 2023
storage_values:
  CAES:
    cost: 36.2952
    lifetime: 23.8315
    annual_cost: 1.522992677758429
    efficiency: 0.584997
    discharge_ratio: 0.1
    depth_of_discharge: 0.4
  Li-ion:
    cost: 151.142
    lifetime: 19.145
    annual_cost: 7.894593888743797
    efficiency: 0.91993
    discharge_ratio: 2
    depth_of_discharge: 0.9
  Pb-acid:
    cost: 77.9781
    lifetime: 16.2569
    annual_cost: 4.796615590918317
    efficiency: 0.674814
    discharge_ratio: 5
    depth_of_discharge: 0.5
  VRBF:
    cost: 228.108
    lifetime: 18.8826
    annual_cost: 12.080327920943091
    efficiency: 0.845644
    discharge_ratio: 0.5
    depth_of_discharge: 1.0
