cost_values:
  wind_capex: 5000.0
  wind_opex: 100
  wind_lifetime: 20
  solar_capex: 1000.0
  solar_opex: 10
  solar_lifetime: 20
  carbon_price: 1.0
timeseries_values:
  load_level: 256395.95015124776
  wind_year: 2010
  solar_year: 2014
  price_year: 2023
  carbon_year: 2023
storage_values:
  CAES:
    cost: 30.6675
    lifetime: 22.8682
    annual_cost: 1.341054389938867
    efficiency: 0.597929
    discharge_ratio: 0.1
    depth_of_discharge: 0.4
  Li-ion:
    cost: 129.298
    lifetime: 18.4038
    annual_cost: 7.025614275312707
    efficiency: 0.907965
    discharge_ratio: 2
    depth_of_discharge: 0.9
  Pb-acid:
    cost: 87.7293
    lifetime: 15.5834
    annual_cost: 5.629663616412336
    efficiency: 0.670417
    discharge_ratio: 5
    depth_of_discharge: 0.5
  VRBF:
    cost: 219.266
    lifetime: 19.9468
    annual_cost: 10.992540156817133
    efficiency: 0.840447
    discharge_ratio: 0.5
    depth_of_discharge: 1.0
