cost_values:
  wind_capex: 5000.0
  wind_opex: 100
  wind_lifetime: 20
  solar_capex: 1000.0
  solar_opex: 10
  solar_lifetime: 20
  carbon_price: 1.0
timeseries_values:
  load_level: 256395.95015124776
  wind_year: 2010
  solar_year: 2014
  price_year: 2023
  carbon_year: 2023
storage_values:
  CAES:
    cost: 39.3675
    lifetime: 23.136
    annual_cost: 1.7015689834024896
    efficiency: 0.594225
    discharge_ratio: 0.1
    depth_of_discharge: 0.4
  Li-ion:
    cost: 174.789
    lifetime: 16.7594
    annual_cost: 10.429311311860806
    efficiency: 0.907388
    discharge_ratio: 2
    depth_of_discharge: 0.9
  Pb-acid:
    cost: 96.2682
    lifetime: 16.783
    annual_cost: 5.7360543407019
    efficiency: 0.685931
    discharge_ratio: 5
    depth_of_discharge: 0.5
  VRBF:
    cost: 248.688
    lifetime: 20.3399
    annual_cost: 12.226608783720666
    efficiency: 0.847456
    discharge_ratio: 0.5
    depth_of_discharge: 1.0
