cost_values:
  wind_capex: 5000.0
  wind_opex: 100
  wind_lifetime: 20
  solar_capex: 1000.0
  solar_opex: 10
  solar_lifetime: 20
  carbon_price: 1.0
timeseries_values:
  load_level: 256395.95015124776
  wind_year: 2010
  solar_year: 2014
  price_year: 2023
  carbon_year: 2023
storage_values:
  CAES:
    cost: 35.6487
    lifetime: 22.7191
    annual_cost: 1.5691070508955018
    efficiency: 0.586398
    discharge_ratio: 0.1
    depth_of_discharge: 0.4
  Li-ion:
    cost: 132.726
    lifetime: 16.6219
    annual_cost: 7.985007730764834
    efficiency: 0.899376
    discharge_ratio: 2
    depth_of_discharge: 0.9
  Pb-acid:
    cost: 94.5891
    lifetime: 16.9709
    annual_cost: 5.573605406902404
    efficiency: 0.677455
    discharge_ratio: 5
    depth_of_discharge: 0.5
  VRBF:
    cost: 295.48
    lifetime: 20.7847
    annual_cost: 14.216226358812012
    efficiency: 0.829542
    discharge_ratio: 0.5
    depth_of_discharge: 1.0
