cost_values:
  wind_capex: 5000.0
  wind_opex: 100
  wind_lifetime: 20
  solar_capex: 1000.0
  solar_opex: 10
  solar_lifetime: 20
  carbon_price: 1.0
timeseries_values:
  load_level: 256395.95015124776
  wind_year: 2010
  solar_year: 2014
  price_year: 2023
  carbon_year: 2023
storage_values:
  CAES:
    cost: 37.4817
    lifetime: 23.206
    annual_cost: 1.6151728001378953
    efficiency: 0.58699
    discharge_ratio: 0.1
    depth_of_discharge: 0.4
  Li-ion:
    cost: 160.854
    lifetime: 18.1019
    annual_cost: 8.886028538440717
    efficiency: 0.907954
    discharge_ratio: 2
    depth_of_discharge: 0.9
  Pb-acid:
    cost: 99.5247
    lifetime: 14.831
    annual_cost: 6.710585934866159
    efficiency: 0.683353
    discharge_ratio: 5
    depth_of_discharge: 0.5
  VRBF:
    cost: 228.075
    lifetime: 22.5743
    annual_cost: 10.103303313945503
    efficiency: 0.82567
    discharge_ratio: 0.5
    depth_of_discharge: 1.0
