cost_values:
  wind_capex: 5000.0
  wind_opex: 100
  wind_lifetime: 20
  solar_capex: 1000.0
  solar_opex: 10
  solar_lifetime: 20
  carbon_price: 1.0
timeseries_values:
  load_level: 256395.95015124776
  wind_year: 2010
  solar_year: 2014
  price_year: 2023
  carbon_year: 2023
storage_values:
  CAES:
    cost: 36.5828
    lifetime: 22.2779
    annual_cost: 1.6421116891628027
    efficiency: 0.593938
    discharge_ratio: 0.1
    depth_of_discharge: 0.4
  Li-ion:
    cost: 155.634
    lifetime: 16.2528
    annual_cost: 9.575826934435911
    efficiency: 0.903227
    discharge_ratio: 2
    depth_of_discharge: 0.9
  Pb-acid:
    cost: 92.3693
    lifetime: 16.6368
    annual_cost: 5.552107376418541
    efficiency: 0.69705
    discharge_ratio: 5
    depth_of_discharge: 0.5
  VRBF:
    cost: 292.273
    lifetime: 21.2749
    annual_cost: 13.737925912695244
    efficiency: 0.817621
    discharge_ratio: 0.5
    depth_of_discharge: 1.0
