cost_values:
  wind_capex: 5000.0
  wind_opex: 100
  wind_lifetime: 20
  solar_capex: 1000.0
  solar_opex: 10
  solar_lifetime: 20
  carbon_price: 1.0
timeseries_values:
  load_level: 256395.95015124776
  wind_year: 2010
  solar_year: 2014
  price_year: 2023
  carbon_year: 2023
storage_values:
  CAES:
    cost: 29.1705
    lifetime: 23.5411
    annual_cost: 1.2391307118189039
    efficiency: 0.580298
    discharge_ratio: 0.1
    depth_of_discharge: 0.4
  Li-ion:
    cost: 161.512
    lifetime: 17.5622
    annual_cost: 9.196569905820455
    efficiency: 0.92344
    discharge_ratio: 2
    depth_of_discharge: 0.9
  Pb-acid:
    cost: 104.752
    lifetime: 16.4038
    annual_cost: 6.385837427913044
    efficiency: 0.671783
    discharge_ratio: 5
    depth_of_discharge: 0.5
  VRBF:
    cost: 251.52
    lifetime: 20.6437
    annual_cost: 12.183862389009724
    efficiency: 0.840543
    discharge_ratio: 0.5
    depth_of_discharge: 1.0
