cost_values:
  wind_capex: 5000.0
  wind_opex: 100
  wind_lifetime: 20
  solar_capex: 1000.0
  solar_opex: 10
  solar_lifetime: 20
  carbon_price: 1.0
timeseries_values:
  load_level: 256395.95015124776
  wind_year: 2010
  solar_year: 2014
  price_year: 2023
  carbon_year: 2023
storage_values:
  CAES:
    cost: 31.7093
    lifetime: 22.5379
    annual_cost: 1.4069323228872255
    efficiency: 0.589118
    discharge_ratio: 0.1
    depth_of_discharge: 0.4
  Li-ion:
    cost: 165.595
    lifetime: 18.1049
    annual_cost: 9.146418925263326
    efficiency: 0.93155
    discharge_ratio: 2
    depth_of_discharge: 0.9
  Pb-acid:
    cost: 104.55
    lifetime: 16.3524
    annual_cost: 6.393556909077566
    efficiency: 0.693489
    discharge_ratio: 5
    depth_of_discharge: 0.5
  VRBF:
    cost: 241.337
    lifetime: 22.8423
    annual_cost: 10.565354627161012
    efficiency: 0.816713
    discharge_ratio: 0.5
    depth_of_discharge: 1.0
