cost_values:
  wind_capex: 5000.0
  wind_opex: 100
  wind_lifetime: 20
  solar_capex: 1000.0
  solar_opex: 10
  solar_lifetime: 20
  carbon_price: 1.0
timeseries_values:
  load_level: 256395.95015124776
  wind_year: 2010
  solar_year: 2014
  price_year: 2023
  carbon_year: 2023
storage_values:
  CAES:
    cost: 37.4948
    lifetime: 23.1637
    annual_cost: 1.6186878607476354
    efficiency: 0.585978
    discharge_ratio: 0.1
    depth_of_discharge: 0.4
  Li-ion:
    cost: 125.315
    lifetime: 16.8745
    annual_cost: 7.426294112418145
    efficiency: 0.936971
    discharge_ratio: 2
    depth_of_discharge: 0.9
  Pb-acid:
    cost: 99.2385
    lifetime: 15.5273
    annual_cost: 6.391227064589465
    efficiency: 0.672984
    discharge_ratio: 5
    depth_of_discharge: 0.5
  VRBF:
    cost: 244.087
    lifetime: 22.6631
    annual_cost: 10.770238846406713
    efficiency: 0.841897
    discharge_ratio: 0.5
    depth_of_discharge: 1.0
