cost_values:
  wind_capex: 5000.0
  wind_opex: 100
  wind_lifetime: 20
  solar_capex: 1000.0
  solar_opex: 10
  solar_lifetime: 20
  carbon_price: 1.0
timeseries_values:
  load_level: 256395.95015124776
  wind_year: 2010
  solar_year: 2014
  price_year: 2023
  carbon_year: 2023
storage_values:
  CAES:
    cost: 32.1205
    lifetime: 22.0952
    annual_cost: 1.4537320322966074
    efficiency: 0.585563
    discharge_ratio: 0.1
    depth_of_discharge: 0.4
  Li-ion:
    cost: 136.435
    lifetime: 16.0983
    annual_cost: 8.475118490772319
    efficiency: 0.906007
    discharge_ratio: 2
    depth_of_discharge: 0.9
  Pb-acid:
    cost: 104.792
    lifetime: 16.5398
    annual_cost: 6.335747711580551
    efficiency: 0.684348
    discharge_ratio: 5
    depth_of_discharge: 0.5
  VRBF:
    cost: 234.374
    lifetime: 22.9984
    annual_cost: 10.190882844023932
    efficiency: 0.808483
    discharge_ratio: 0.5
    depth_of_discharge: 1.0
