cost_values:
  wind_capex: 5000.0
  wind_opex: 100
  wind_lifetime: 20
  solar_capex: 1000.0
  solar_opex: 10
  solar_lifetime: 20
  carbon_price: 1.0
timeseries_values:
  load_level: 256395.95015124776
  wind_year: 2010
  solar_year: 2014
  price_year: 2023
  carbon_year: 2023
storage_values:
  CAES:
    cost: 31.1885
    lifetime: 23.1683
    annual_cost: 1.3461712771329792
    efficiency: 0.59578
    discharge_ratio: 0.1
    depth_of_discharge: 0.4
  Li-ion:
    cost: 174.499
    lifetime: 17.133
    annual_cost: 10.18496468802895
    efficiency: 0.906588
    discharge_ratio: 2
    depth_of_discharge: 0.9
  Pb-acid:
    cost: 82.9707
    lifetime: 15.4283
    annual_cost: 5.377825165442725
    efficiency: 0.686509
    discharge_ratio: 5
    depth_of_discharge: 0.5
  VRBF:
    cost: 253.149
    lifetime: 19.5759
    annual_cost: 12.9316659770432
    efficiency: 0.83083
    discharge_ratio: 0.5
    depth_of_discharge: 1.0
