cost_values:
  wind_capex: 5000.0
  wind_opex: 100
  wind_lifetime: 20
  solar_capex: 1000.0
  solar_opex: 10
  solar_lifetime: 20
  carbon_price: 1.0
timeseries_values:
  load_level: 256395.95015124776
  wind_year: 2010
  solar_year: 2014
  price_year: 2023
  carbon_year: 2023
storage_values:
  CAES:
    cost: 30.3496
    lifetime: 23.0296
    annual_cost: 1.3178518081078265
    efficiency: 0.590319
    discharge_ratio: 0.1
    depth_of_discharge: 0.4
  Li-ion:
    cost: 169.007
    lifetime: 16.1616
    annual_cost: 10.457318582318583
    efficiency: 0.920024
    discharge_ratio: 2
    depth_of_discharge: 0.9
  Pb-acid:
    cost: 77.6506
    lifetime: 14.8651
    annual_cost: 5.223685007164432
    efficiency: 0.675497
    discharge_ratio: 5
    depth_of_discharge: 0.5
  VRBF:
    cost: 252.528
    lifetime: 19.1247
    annual_cost: 13.204285557420508
    efficiency: 0.819113
    discharge_ratio: 0.5
    depth_of_discharge: 1.0
