cost_values:
  wind_capex: 5000.0
  wind_opex: 100
  wind_lifetime: 20
  solar_capex: 1000.0
  solar_opex: 10
  solar_lifetime: 20
  carbon_price: 1.0
timeseries_values:
  load_level: 256395.95015124776
  wind_year: 2010
  solar_year: 2014
  price_year: 2023
  carbon_year: 2023
storage_values:
  CAES:
    cost: 36.3812
    lifetime: 23.4512
    annual_cost: 1.5513577130381389
    efficiency: 0.586624
    discharge_ratio: 0.1
    depth_of_discharge: 0.4
  Li-ion:
    cost: 133.98
    lifetime: 18.6614
    annual_cost: 7.179525651880351
    efficiency: 0.924557
    discharge_ratio: 2
    depth_of_discharge: 0.9
  Pb-acid:
    cost: 114.751
    lifetime: 16.1863
    annual_cost: 7.089390410408803
    efficiency: 0.681064
    discharge_ratio: 5
    depth_of_discharge: 0.5
  VRBF:
    cost: 238.833
    lifetime: 20.2686
    annual_cost: 11.783398952073652
    efficiency: 0.832943
    discharge_ratio: 0.5
    depth_of_discharge: 1.0
