cost_values:
  wind_capex: 5000.0
  wind_opex: 100
  wind_lifetime: 20
  solar_capex: 1000.0
  solar_opex: 10
  solar_lifetime: 20
  carbon_price: 1.0
timeseries_values:
  load_level: 256395.95015124776
  wind_year: 2010
  solar_year: 2014
  price_year: 2023
  carbon_year: 2023
storage_values:
  CAES:
    cost: 43.4746
    lifetime: 22.0244
    annual_cost: 1.9739289152031385
    efficiency: 0.575359
    discharge_ratio: 0.1
    depth_of_discharge: 0.4
  Li-ion:
    cost: 161.477
    lifetime: 17.2229
    annual_cost: 9.375714891220412
    efficiency: 0.916121
    discharge_ratio: 2
    depth_of_discharge: 0.9
  Pb-acid:
    cost: 96.438
    lifetime: 16.5695
    annual_cost: 5.820211834998038
    efficiency: 0.684443
    discharge_ratio: 5
    depth_of_discharge: 0.5
  VRBF:
    cost: 225.217
    lifetime: 20.2558
    annual_cost: 11.118642561636667
    efficiency: 0.838773
    discharge_ratio: 0.5
    depth_of_discharge: 1.0
