cost_values:
  wind_capex: 5000.0
  wind_opex: 100
  wind_lifetime: 20
  solar_capex: 1000.0
  solar_opex: 10
  solar_lifetime: 20
  carbon_price: 1.0
timeseries_values:
  load_level: 256395.95015124776
  wind_year: 2010
  solar_year: 2014
  price_year: 2023
  carbon_year: 2023
storage_values:
  CAES:
    cost: 34.3718
    lifetime: 23.1125
    annual_cost: 1.4871519740400216
    efficiency: 0.589982
    discharge_ratio: 0.1
    depth_of_discharge: 0.4
  Li-ion:
    cost: 155.226
    lifetime: 17.1403
    annual_cost: 9.056200883298425
    efficiency: 0.918534
    discharge_ratio: 2
    depth_of_discharge: 0.9
  Pb-acid:
    cost: 79.7901
    lifetime: 15.4597
    annual_cost: 5.161167422395001
    efficiency: 0.692779
    discharge_ratio: 5
    depth_of_discharge: 0.5
  VRBF:
    cost: 276.599
    lifetime: 22.8666
    annual_cost: 12.096201446651449
    efficiency: 0.847141
    discharge_ratio: 0.5
    depth_of_discharge: 1.0
