cost_values:
  wind_capex: 5000.0
  wind_opex: 100
  wind_lifetime: 20
  solar_capex: 1000.0
  solar_opex: 10
  solar_lifetime: 20
  carbon_price: 1.0
timeseries_values:
  load_level: 256395.95015124776
  wind_year: 2010
  solar_year: 2014
  price_year: 2023
  carbon_year: 2023
storage_values:
  CAES:
    cost: 30.2624
    lifetime: 22.5755
    annual_cost: 1.3404974419171225
    efficiency: 0.58678
    discharge_ratio: 0.1
    depth_of_discharge: 0.4
  Li-ion:
    cost: 150.122
    lifetime: 15.3719
    annual_cost: 9.766001600322667
    efficiency: 0.919494
    discharge_ratio: 2
    depth_of_discharge: 0.9
  Pb-acid:
    cost: 97.5731
    lifetime: 17.0196
    annual_cost: 5.732984323955909
    efficiency: 0.670316
    discharge_ratio: 5
    depth_of_discharge: 0.5
  VRBF:
    cost: 232.824
    lifetime: 19.7322
    annual_cost: 11.79919116976313
    efficiency: 0.835588
    discharge_ratio: 0.5
    depth_of_discharge: 1.0
