cost_values:
  wind_capex: 5000.0
  wind_opex: 100
  wind_lifetime: 20
  solar_capex: 1000.0
  solar_opex: 10
  solar_lifetime: 20
  carbon_price: 1.0
timeseries_values:
  load_level: 256395.95015124776
  wind_year: 2010
  solar_year: 2014
  price_year: 2023
  carbon_year: 2023
storage_values:
  CAES:
    cost: 39.659
    lifetime: 23.7149
    annual_cost: 1.6723241506394713
    efficiency: 0.592583
    discharge_ratio: 0.1
    depth_of_discharge: 0.4
  Li-ion:
    cost: 153.554
    lifetime: 14.3716
    annual_cost: 10.684544518355645
    efficiency: 0.908167
    discharge_ratio: 2
    depth_of_discharge: 0.9
  Pb-acid:
    cost: 97.612
    lifetime: 16.308
    annual_cost: 5.985528574932548
    efficiency: 0.680704
    discharge_ratio: 5
    depth_of_discharge: 0.5
  VRBF:
    cost: 261.071
    lifetime: 21.6175
    annual_cost: 12.076835896842837
    efficiency: 0.842737
    discharge_ratio: 0.5
    depth_of_discharge: 1.0
