cost_values:
  wind_capex: 5000.0
  wind_opex: 100
  wind_lifetime: 20
  solar_capex: 1000.0
  solar_opex: 10
  solar_lifetime: 20
  carbon_price: 1.0
timeseries_values:
  load_level: 256395.95015124776
  wind_year: 2010
  solar_year: 2014
  price_year: 2023
  carbon_year: 2023
storage_values:
  CAES:
    cost: 34.4714
    lifetime: 21.4508
    annual_cost: 1.6069983403882373
    efficiency: 0.583065
    discharge_ratio: 0.1
    depth_of_discharge: 0.4
  Li-ion:
    cost: 148.549
    lifetime: 16.9266
    annual_cost: 8.776068436661822
    efficiency: 0.91657
    discharge_ratio: 2
    depth_of_discharge: 0.9
  Pb-acid:
    cost: 95.0547
    lifetime: 16.0255
    annual_cost: 5.9314654768961965
    efficiency: 0.68434
    discharge_ratio: 5
    depth_of_discharge: 0.5
  VRBF:
    cost: 261.598
    lifetime: 20.3484
    annual_cost: 12.855949362112009
    efficiency: 0.843426
    discharge_ratio: 0.5
    depth_of_discharge: 1.0
