cost_values:
  wind_capex: 5000.0
  wind_opex: 100
  wind_lifetime: 20
  solar_capex: 1000.0
  solar_opex: 10
  solar_lifetime: 20
  carbon_price: 1.0
timeseries_values:
  load_level: 256395.95015124776
  wind_year: 2010
  solar_year: 2014
  price_year: 2023
  carbon_year: 2023
storage_values:
  CAES:
    cost: 37.0837
    lifetime: 21.9387
    annual_cost: 1.6903326085866528
    efficiency: 0.596427
    discharge_ratio: 0.1
    depth_of_discharge: 0.4
  Li-ion:
    cost: 168.021
    lifetime: 17.4298
    annual_cost: 9.639869648532972
    efficiency: 0.924478
    discharge_ratio: 2
    depth_of_discharge: 0.9
  Pb-acid:
    cost: 87.1533
    lifetime: 17.3893
    annual_cost: 5.011892370595712
    efficiency: 0.704388
    discharge_ratio: 5
    depth_of_discharge: 0.5
  VRBF:
    cost: 231.642
    lifetime: 20.6288
    annual_cost: 11.229058403785
    efficiency: 0.826911
    discharge_ratio: 0.5
    depth_of_discharge: 1.0
