cost_values:
  wind_capex: 5000.0
  wind_opex: 100
  wind_lifetime: 20
  solar_capex: 1000.0
  solar_opex: 10
  solar_lifetime: 20
  carbon_price: 1.0
timeseries_values:
  load_level: 256395.95015124776
  wind_year: 2010
  solar_year: 2014
  price_year: 2023
  carbon_year: 2023
storage_values:
  CAES:
    cost: 36.5097
    lifetime: 21.9395
    annual_cost: 1.664108115499442
    efficiency: 0.587633
    discharge_ratio: 0.1
    depth_of_discharge: 0.4
  Li-ion:
    cost: 174.983
    lifetime: 15.9404
    annual_cost: 10.977328046974982
    efficiency: 0.912352
    discharge_ratio: 2
    depth_of_discharge: 0.9
  Pb-acid:
    cost: 93.5028
    lifetime: 15.7262
    annual_cost: 5.945670282712924
    efficiency: 0.681358
    discharge_ratio: 5
    depth_of_discharge: 0.5
  VRBF:
    cost: 279.35
    lifetime: 20.6155
    annual_cost: 13.550483859232132
    efficiency: 0.83878
    discharge_ratio: 0.5
    depth_of_discharge: 1.0
