cost_values:
  wind_capex: 5000.0
  wind_opex: 100
  wind_lifetime: 20
  solar_capex: 1000.0
  solar_opex: 10
  solar_lifetime: 20
  carbon_price: 1.0
timeseries_values:
  load_level: 256395.95015124776
  wind_year: 2010
  solar_year: 2014
  price_year: 2023
  carbon_year: 2023
storage_values:
  CAES:
    cost: 29.535
    lifetime: 23.3296
    annual_cost: 1.2659882724093
    efficiency: 0.582423
    discharge_ratio: 0.1
    depth_of_discharge: 0.4
  Li-ion:
    cost: 170.955
    lifetime: 20.4418
    annual_cost: 8.36301108512949
    efficiency: 0.922244
    discharge_ratio: 2
    depth_of_discharge: 0.9
  Pb-acid:
    cost: 98.7605
    lifetime: 17.6668
    annual_cost: 5.590174791133652
    efficiency: 0.687521
    discharge_ratio: 5
    depth_of_discharge: 0.5
  VRBF:
    cost: 268.167
    lifetime: 21.731
    annual_cost: 12.340297271179418
    efficiency: 0.849063
    discharge_ratio: 0.5
    depth_of_discharge: 1.0
