cost_values:
  wind_capex: 5000.0
  wind_opex: 100
  wind_lifetime: 20
  solar_capex: 1000.0
  solar_opex: 10
  solar_lifetime: 20
  carbon_price: 1.0
timeseries_values:
  load_level: 256395.95015124776
  wind_year: 2010
  solar_year: 2014
  price_year: 2023
  carbon_year: 2023
storage_values:
  CAES:
    cost: 35.4015
    lifetime: 22.3867
    annual_cost: 1.5813630414487172
    efficiency: 0.587059
    discharge_ratio: 0.1
    depth_of_discharge: 0.4
  Li-ion:
    cost: 124.818
    lifetime: 17.9768
    annual_cost: 6.943282452939344
    efficiency: 0.90687
    discharge_ratio: 2
    depth_of_discharge: 0.9
  Pb-acid:
    cost: 109.312
    lifetime: 14.6393
    annual_cost: 7.467023696488219
    efficiency: 0.677132
    discharge_ratio: 5
    depth_of_discharge: 0.5
  VRBF:
    cost: 244.363
    lifetime: 21.8936
    annual_cost: 11.161389629846166
    efficiency: 0.846985
    discharge_ratio: 0.5
    depth_of_discharge: 1.0
