cost_values:
  wind_capex: 5000.0
  wind_opex: 100
  wind_lifetime: 20
  solar_capex: 1000.0
  solar_opex: 10
  solar_lifetime: 20
  carbon_price: 1.0
timeseries_values:
  load_level: 256395.95015124776
  wind_year: 2010
  solar_year: 2014
  price_year: 2023
  carbon_year: 2023
storage_values:
  CAES:
    cost: 39.1811
    lifetime: 23.2219
    annual_cost: 1.687247813486407
    efficiency: 0.575857
    discharge_ratio: 0.1
    depth_of_discharge: 0.4
  Li-ion:
    cost: 139.28
    lifetime: 17.1508
    annual_cost: 8.120903981155397
    efficiency: 0.928388
    discharge_ratio: 2
    depth_of_discharge: 0.9
  Pb-acid:
    cost: 80.9638
    lifetime: 16.9664
    annual_cost: 4.772008204451151
    efficiency: 0.672459
    discharge_ratio: 5
    depth_of_discharge: 0.5
  VRBF:
    cost: 242.586
    lifetime: 21.1966
    annual_cost: 11.444571299170622
    efficiency: 0.84255
    discharge_ratio: 0.5
    depth_of_discharge: 1.0
