cost_values:
  wind_capex: 5000.0
  wind_opex: 100
  wind_lifetime: 20
  solar_capex: 1000.0
  solar_opex: 10
  solar_lifetime: 20
  carbon_price: 1.0
timeseries_values:
  load_level: 256395.95015124776
  wind_year: 2010
  solar_year: 2014
  price_year: 2023
  carbon_year: 2023
storage_values:
  CAES:
    cost: 34.4655
    lifetime: 22.7497
    annual_cost: 1.514987010817725
    efficiency: 0.580078
    discharge_ratio: 0.1
    depth_of_discharge: 0.4
  Li-ion:
    cost: 175.391
    lifetime: 17.8226
    annual_cost: 9.840932299440036
    efficiency: 0.906558
    discharge_ratio: 2
    depth_of_discharge: 0.9
  Pb-acid:
    cost: 83.5954
    lifetime: 16.5328
    annual_cost: 5.0563364947256355
    efficiency: 0.674257
    discharge_ratio: 5
    depth_of_discharge: 0.5
  VRBF:
    cost: 248.49
    lifetime: 18.8942
    annual_cost: 13.151655005239702
    efficiency: 0.837374
    discharge_ratio: 0.5
    depth_of_discharge: 1.0
