cost_values:
  wind_capex: 5000.0
  wind_opex: 100
  wind_lifetime: 20
  solar_capex: 1000.0
  solar_opex: 10
  solar_lifetime: 20
  carbon_price: 1.0
timeseries_values:
  load_level: 256395.95015124776
  wind_year: 2010
  solar_year: 2014
  price_year: 2023
  carbon_year: 2023
storage_values:
  CAES:
    cost: 33.3167
    lifetime: 22.0568
    annual_cost: 1.510495629465743
    efficiency: 0.590887
    discharge_ratio: 0.1
    depth_of_discharge: 0.4
  Li-ion:
    cost: 162.607
    lifetime: 18.0665
    annual_cost: 9.000470484045055
    efficiency: 0.910553
    discharge_ratio: 2
    depth_of_discharge: 0.9
  Pb-acid:
    cost: 91.4274
    lifetime: 16.6484
    annual_cost: 5.491662862497297
    efficiency: 0.682175
    discharge_ratio: 5
    depth_of_discharge: 0.5
  VRBF:
    cost: 249.032
    lifetime: 22.5166
    annual_cost: 11.059929118961122
    efficiency: 0.814556
    discharge_ratio: 0.5
    depth_of_discharge: 1.0
