cost_values:
  wind_capex: 5000.0
  wind_opex: 100
  wind_lifetime: 20
  solar_capex: 1000.0
  solar_opex: 10
  solar_lifetime: 20
  carbon_price: 1.0
timeseries_values:
  load_level: 256395.95015124776
  wind_year: 2010
  solar_year: 2014
  price_year: 2023
  carbon_year: 2023
storage_values:
  CAES:
    cost: 31.8824
    lifetime: 23.0472
    annual_cost: 1.383352424589538
    efficiency: 0.579227
    discharge_ratio: 0.1
    depth_of_discharge: 0.4
  Li-ion:
    cost: 156.063
    lifetime: 18.2274
    annual_cost: 8.562000065834951
    efficiency: 0.904503
    discharge_ratio: 2
    depth_of_discharge: 0.9
  Pb-acid:
    cost: 101.847
    lifetime: 16.4733
    annual_cost: 6.182549944455574
    efficiency: 0.677982
    discharge_ratio: 5
    depth_of_discharge: 0.5
  VRBF:
    cost: 233.06
    lifetime: 19.8314
    annual_cost: 11.752069949675768
    efficiency: 0.838725
    discharge_ratio: 0.5
    depth_of_discharge: 1.0
