cost_values:
  wind_capex: 5000.0
  wind_opex: 100
  wind_lifetime: 20
  solar_capex: 1000.0
  solar_opex: 10
  solar_lifetime: 20
  carbon_price: 1.0
timeseries_values:
  load_level: 256395.95015124776
  wind_year: 2010
  solar_year: 2014
  price_year: 2023
  carbon_year: 2023
storage_values:
  CAES:
    cost: 31.1441
    lifetime: 23.0663
    annual_cost: 1.3501992083689194
    efficiency: 0.587182
    discharge_ratio: 0.1
    depth_of_discharge: 0.4
  Li-ion:
    cost: 152.323
    lifetime: 17.0728
    annual_cost: 8.921969448479453
    efficiency: 0.917849
    discharge_ratio: 2
    depth_of_discharge: 0.9
  Pb-acid:
    cost: 99.033
    lifetime: 16.5629
    annual_cost: 5.979206539917527
    efficiency: 0.681242
    discharge_ratio: 5
    depth_of_discharge: 0.5
  VRBF:
    cost: 263.655
    lifetime: 18.7635
    annual_cost: 14.051482932288751
    efficiency: 0.827989
    discharge_ratio: 0.5
    depth_of_discharge: 1.0
