cost_values:
  wind_capex: 5000.0
  wind_opex: 100
  wind_lifetime: 20
  solar_capex: 1000.0
  solar_opex: 10
  solar_lifetime: 20
  carbon_price: 1.0
timeseries_values:
  load_level: 256395.95015124776
  wind_year: 2010
  solar_year: 2014
  price_year: 2023
  carbon_year: 2023
storage_values:
  CAES:
    cost: 35.2337
    lifetime: 22.8106
    annual_cost: 1.54461960667409
    efficiency: 0.600296
    discharge_ratio: 0.1
    depth_of_discharge: 0.4
  Li-ion:
    cost: 141.75
    lifetime: 19.3439
    annual_cost: 7.327891480001447
    efficiency: 0.91525
    discharge_ratio: 2
    depth_of_discharge: 0.9
  Pb-acid:
    cost: 95.9419
    lifetime: 15.6246
    annual_cost: 6.140438795233159
    efficiency: 0.658312
    discharge_ratio: 5
    depth_of_discharge: 0.5
  VRBF:
    cost: 264.463
    lifetime: 19.2062
    annual_cost: 13.769668128000335
    efficiency: 0.834978
    discharge_ratio: 0.5
    depth_of_discharge: 1.0
