cost_values:
  wind_capex: 5000.0
  wind_opex: 100
  wind_lifetime: 20
  solar_capex: 1000.0
  solar_opex: 10
  solar_lifetime: 20
  carbon_price: 1.0
timeseries_values:
  load_level: 256395.95015124776
  wind_year: 2010
  solar_year: 2014
  price_year: 2023
  carbon_year: 2023
storage_values:
  CAES:
    cost: 37.9694
    lifetime: 21.9233
    annual_cost: 1.7319199208148408
    efficiency: 0.579379
    discharge_ratio: 0.1
    depth_of_discharge: 0.4
  Li-ion:
    cost: 157.837
    lifetime: 16.4967
    annual_cost: 9.567792346348057
    efficiency: 0.918442
    discharge_ratio: 2
    depth_of_discharge: 0.9
  Pb-acid:
    cost: 92.8721
    lifetime: 18.4984
    annual_cost: 5.020547723046318
    efficiency: 0.674868
    discharge_ratio: 5
    depth_of_discharge: 0.5
  VRBF:
    cost: 224.345
    lifetime: 20.3174
    annual_cost: 11.042013249726836
    efficiency: 0.84538
    discharge_ratio: 0.5
    depth_of_discharge: 1.0
