cost_values:
  wind_capex: 5000.0
  wind_opex: 100
  wind_lifetime: 20
  solar_capex: 1000.0
  solar_opex: 10
  solar_lifetime: 20
  carbon_price: 1.0
timeseries_values:
  load_level: 256395.95015124776
  wind_year: 2010
  solar_year: 2014
  price_year: 2023
  carbon_year: 2023
storage_values:
  CAES:
    cost: 33.7168
    lifetime: 22.1333
    annual_cost: 1.5233516917947165
    efficiency: 0.592919
    discharge_ratio: 0.1
    depth_of_discharge: 0.4
  Li-ion:
    cost: 174.643
    lifetime: 17.5748
    annual_cost: 9.937125884789586
    efficiency: 0.918874
    discharge_ratio: 2
    depth_of_discharge: 0.9
  Pb-acid:
    cost: 97.5711
    lifetime: 16.703
    annual_cost: 5.841531461414117
    efficiency: 0.679119
    discharge_ratio: 5
    depth_of_discharge: 0.5
  VRBF:
    cost: 275.423
    lifetime: 19.5573
    annual_cost: 14.082874425406368
    efficiency: 0.820926
    discharge_ratio: 0.5
    depth_of_discharge: 1.0
