cost_values:
  wind_capex: 5000.0
  wind_opex: 100
  wind_lifetime: 20
  solar_capex: 1000.0
  solar_opex: 10
  solar_lifetime: 20
  carbon_price: 1.0
timeseries_values:
  load_level: 256395.95015124776
  wind_year: 2010
  solar_year: 2014
  price_year: 2023
  carbon_year: 2023
storage_values:
  CAES:
    cost: 35.4152
    lifetime: 23.8433
    annual_cost: 1.4853313090050455
    efficiency: 0.595402
    discharge_ratio: 0.1
    depth_of_discharge: 0.4
  Li-ion:
    cost: 136.875
    lifetime: 18.3892
    annual_cost: 7.443227546603442
    efficiency: 0.905908
    discharge_ratio: 2
    depth_of_discharge: 0.9
  Pb-acid:
    cost: 94.1241
    lifetime: 14.7683
    annual_cost: 6.373387593697311
    efficiency: 0.686806
    discharge_ratio: 5
    depth_of_discharge: 0.5
  VRBF:
    cost: 248.455
    lifetime: 21.5192
    annual_cost: 11.54573590096286
    efficiency: 0.839252
    discharge_ratio: 0.5
    depth_of_discharge: 1.0
