cost_values:
  wind_capex: 5000.0
  wind_opex: 100
  wind_lifetime: 20
  solar_capex: 1000.0
  solar_opex: 10
  solar_lifetime: 20
  carbon_price: 1.0
timeseries_values:
  load_level: 256395.95015124776
  wind_year: 2010
  solar_year: 2014
  price_year: 2023
  carbon_year: 2023
storage_values:
  CAES:
    cost: 32.3381
    lifetime: 22.8669
    annual_cost: 1.4141881934149358
    efficiency: 0.585729
    discharge_ratio: 0.1
    depth_of_discharge: 0.4
  Li-ion:
    cost: 138.382
    lifetime: 15.7173
    annual_cost: 8.804438421357359
    efficiency: 0.908928
    discharge_ratio: 2
    depth_of_discharge: 0.9
  Pb-acid:
    cost: 80.7058
    lifetime: 17.2394
    annual_cost: 4.68147383319605
    efficiency: 0.67679
    discharge_ratio: 5
    depth_of_discharge: 0.5
  VRBF:
    cost: 277.176
    lifetime: 21.7155
    annual_cost: 12.763970435863785
    efficiency: 0.829091
    discharge_ratio: 0.5
    depth_of_discharge: 1.0
