cost_values:
  wind_capex: 5000.0
  wind_opex: 100
  wind_lifetime: 20
  solar_capex: 1000.0
  solar_opex: 10
  solar_lifetime: 20
  carbon_price: 1.0
timeseries_values:
  load_level: 256395.95015124776
  wind_year: 2010
  solar_year: 2014
  price_year: 2023
  carbon_year: 2023
storage_values:
  CAES:
    cost: 33.7904
    lifetime: 22.7033
    annual_cost: 1.488347508952443
    efficiency: 0.58526
    discharge_ratio: 0.1
    depth_of_discharge: 0.4
  Li-ion:
    cost: 160.446
    lifetime: 17.6462
    annual_cost: 9.092382495948137
    efficiency: 0.912558
    discharge_ratio: 2
    depth_of_discharge: 0.9
  Pb-acid:
    cost: 129.579
    lifetime: 16.1851
    annual_cost: 8.006067308821077
    efficiency: 0.664823
    discharge_ratio: 5
    depth_of_discharge: 0.5
  VRBF:
    cost: 255.02
    lifetime: 20.9412
    annual_cost: 12.177907665272288
    efficiency: 0.822887
    discharge_ratio: 0.5
    depth_of_discharge: 1.0
