cost_values:
  wind_capex: 5000.0
  wind_opex: 100
  wind_lifetime: 20
  solar_capex: 1000.0
  solar_opex: 10
  solar_lifetime: 20
  carbon_price: 1.0
timeseries_values:
  load_level: 249183.83600752553
  wind_year: 2013
  solar_year: 2011
  price_year: 2023
  carbon_year: 2023
storage_values:
  CAES:
    cost: 22.0336
    lifetime: 25.8308
    annual_cost: 0.8529971971444942
    efficiency: 0.601782
    discharge_ratio: 0.1
    depth_of_discharge: 0.4
  Li-ion:
    cost: 237.975
    lifetime: 21.9134
    annual_cost: 10.85979355097794
    efficiency: 0.957351
    discharge_ratio: 2
    depth_of_discharge: 0.9
  Pb-acid:
    cost: 216.181
    lifetime: 12.8324
    annual_cost: 16.846497927121973
    efficiency: 0.708704
    discharge_ratio: 5
    depth_of_discharge: 0.5
  VRBF:
    cost: 315.359
    lifetime: 14.0945
    annual_cost: 22.37461421121714
    efficiency: 0.773242
    discharge_ratio: 0.5
    depth_of_discharge: 1.0
