cost_values:
  wind_capex: 5000.0
  wind_opex: 100
  wind_lifetime: 20
  solar_capex: 1000.0
  solar_opex: 10
  solar_lifetime: 20
  carbon_price: 1.0
timeseries_values:
  load_level: 249183.83600752553
  wind_year: 2013
  solar_year: 2011
  price_year: 2023
  carbon_year: 2023
storage_values:
  CAES:
    cost: 28.4624
    lifetime: 25.8366
    annual_cost: 1.1016310195613974
    efficiency: 0.604741
    discharge_ratio: 0.1
    depth_of_discharge: 0.4
  Li-ion:
    cost: 235.97
    lifetime: 23.0833
    annual_cost: 10.222541837605542
    efficiency: 0.965968
    discharge_ratio: 2
    depth_of_discharge: 0.9
  Pb-acid:
    cost: 213.218
    lifetime: 12.2745
    annual_cost: 17.37080940160495
    efficiency: 0.691323
    discharge_ratio: 5
    depth_of_discharge: 0.5
  VRBF:
    cost: 271.295
    lifetime: 16.2865
    annual_cost: 16.657661253185154
    efficiency: 0.775245
    discharge_ratio: 0.5
    depth_of_discharge: 1.0
