cost_values:
  wind_capex: 5000.0
  wind_opex: 100
  wind_lifetime: 20
  solar_capex: 1000.0
  solar_opex: 10
  solar_lifetime: 20
  carbon_price: 1.0
timeseries_values:
  load_level: 249183.83600752553
  wind_year: 2013
  solar_year: 2011
  price_year: 2023
  carbon_year: 2023
storage_values:
  CAES:
    cost: 25.1644
    lifetime: 25.4048
    annual_cost: 0.9905372213125079
    efficiency: 0.59665
    discharge_ratio: 0.1
    depth_of_discharge: 0.4
  Li-ion:
    cost: 223.084
    lifetime: 21.4471
    annual_cost: 10.4015927561302
    efficiency: 0.954975
    discharge_ratio: 2
    depth_of_discharge: 0.9
  Pb-acid:
    cost: 213.863
    lifetime: 12.1051
    annual_cost: 17.66718160114332
    efficiency: 0.707703
    discharge_ratio: 5
    depth_of_discharge: 0.5
  VRBF:
    cost: 298.071
    lifetime: 13.5658
    annual_cost: 21.97223901281163
    efficiency: 0.76499
    discharge_ratio: 0.5
    depth_of_discharge: 1.0
