cost_values:
  wind_capex: 5000.0
  wind_opex: 100
  wind_lifetime: 20
  solar_capex: 1000.0
  solar_opex: 10
  solar_lifetime: 20
  carbon_price: 1.0
timeseries_values:
  load_level: 249183.83600752553
  wind_year: 2013
  solar_year: 2011
  price_year: 2023
  carbon_year: 2023
storage_values:
  CAES:
    cost: 27.8477
    lifetime: 25.0106
    annual_cost: 1.1134359031770529
    efficiency: 0.599514
    discharge_ratio: 0.1
    depth_of_discharge: 0.4
  Li-ion:
    cost: 225.314
    lifetime: 22.6436
    annual_cost: 9.950449575155893
    efficiency: 0.950968
    discharge_ratio: 2
    depth_of_discharge: 0.9
  Pb-acid:
    cost: 224.665
    lifetime: 11.5164
    annual_cost: 19.508266472161438
    efficiency: 0.699202
    discharge_ratio: 5
    depth_of_discharge: 0.5
  VRBF:
    cost: 275.369
    lifetime: 14.5326
    annual_cost: 18.948364367009347
    efficiency: 0.75425
    discharge_ratio: 0.5
    depth_of_discharge: 1.0
