cost_values:
  wind_capex: 5000.0
  wind_opex: 100
  wind_lifetime: 20
  solar_capex: 1000.0
  solar_opex: 10
  solar_lifetime: 20
  carbon_price: 1.0
timeseries_values:
  load_level: 249183.83600752553
  wind_year: 2013
  solar_year: 2011
  price_year: 2023
  carbon_year: 2023
storage_values:
  CAES:
    cost: 24.6136
    lifetime: 25.1275
    annual_cost: 0.979548303651378
    efficiency: 0.603924
    discharge_ratio: 0.1
    depth_of_discharge: 0.4
  Li-ion:
    cost: 234.75
    lifetime: 21.6854
    annual_cost: 10.825255701993045
    efficiency: 0.964864
    discharge_ratio: 2
    depth_of_discharge: 0.9
  Pb-acid:
    cost: 245.366
    lifetime: 9.76843
    annual_cost: 25.11826363090077
    efficiency: 0.70242
    discharge_ratio: 5
    depth_of_discharge: 0.5
  VRBF:
    cost: 307.19
    lifetime: 16.645
    annual_cost: 18.455392009612495
    efficiency: 0.754042
    discharge_ratio: 0.5
    depth_of_discharge: 1.0
