cost_values:
  wind_capex: 5000.0
  wind_opex: 100
  wind_lifetime: 20
  solar_capex: 1000.0
  solar_opex: 10
  solar_lifetime: 20
  carbon_price: 1.0
timeseries_values:
  load_level: 249183.83600752553
  wind_year: 2013
  solar_year: 2011
  price_year: 2023
  carbon_year: 2023
storage_values:
  CAES:
    cost: 23.1577
    lifetime: 26.451
    annual_cost: 0.8754943102340176
    efficiency: 0.601097
    discharge_ratio: 0.1
    depth_of_discharge: 0.4
  Li-ion:
    cost: 229.158
    lifetime: 22.0606
    annual_cost: 10.387659447159187
    efficiency: 0.951337
    discharge_ratio: 2
    depth_of_discharge: 0.9
  Pb-acid:
    cost: 226.752
    lifetime: 10.9464
    annual_cost: 20.71475553606665
    efficiency: 0.711236
    discharge_ratio: 5
    depth_of_discharge: 0.5
  VRBF:
    cost: 287.534
    lifetime: 13.8695
    annual_cost: 20.731389019070622
    efficiency: 0.764185
    discharge_ratio: 0.5
    depth_of_discharge: 1.0
