cost_values:
  wind_capex: 5000.0
  wind_opex: 100
  wind_lifetime: 20
  solar_capex: 1000.0
  solar_opex: 10
  solar_lifetime: 20
  carbon_price: 1.0
timeseries_values:
  load_level: 249183.83600752553
  wind_year: 2013
  solar_year: 2011
  price_year: 2023
  carbon_year: 2023
storage_values:
  CAES:
    cost: 25.4816
    lifetime: 23.739
    annual_cost: 1.0734066304393615
    efficiency: 0.602767
    discharge_ratio: 0.1
    depth_of_discharge: 0.4
  Li-ion:
    cost: 223.03
    lifetime: 20.5852
    annual_cost: 10.834483026640498
    efficiency: 0.95667
    discharge_ratio: 2
    depth_of_discharge: 0.9
  Pb-acid:
    cost: 233.604
    lifetime: 10.8438
    annual_cost: 21.54263265644885
    efficiency: 0.696248
    discharge_ratio: 5
    depth_of_discharge: 0.5
  VRBF:
    cost: 256.295
    lifetime: 12.0434
    annual_cost: 21.28095056213362
    efficiency: 0.750707
    discharge_ratio: 0.5
    depth_of_discharge: 1.0
