cost_values:
  wind_capex: 5000.0
  wind_opex: 100
  wind_lifetime: 20
  solar_capex: 1000.0
  solar_opex: 10
  solar_lifetime: 20
  carbon_price: 1.0
timeseries_values:
  load_level: 249183.83600752553
  wind_year: 2013
  solar_year: 2011
  price_year: 2023
  carbon_year: 2023
storage_values:
  CAES:
    cost: 21.6417
    lifetime: 25.4918
    annual_cost: 0.8489671188382146
    efficiency: 0.609814
    discharge_ratio: 0.1
    depth_of_discharge: 0.4
  Li-ion:
    cost: 227.268
    lifetime: 21.2005
    annual_cost: 10.719935850569561
    efficiency: 0.958339
    discharge_ratio: 2
    depth_of_discharge: 0.9
  Pb-acid:
    cost: 233.07
    lifetime: 12.1806
    annual_cost: 19.13452539283779
    efficiency: 0.693541
    discharge_ratio: 5
    depth_of_discharge: 0.5
  VRBF:
    cost: 276.527
    lifetime: 13.5451
    annual_cost: 20.415279326103168
    efficiency: 0.761653
    discharge_ratio: 0.5
    depth_of_discharge: 1.0
