cost_values:
  wind_capex: 5000.0
  wind_opex: 100
  wind_lifetime: 20
  solar_capex: 1000.0
  solar_opex: 10
  solar_lifetime: 20
  carbon_price: 1.0
timeseries_values:
  load_level: 249183.83600752553
  wind_year: 2013
  solar_year: 2011
  price_year: 2023
  carbon_year: 2023
storage_values:
  CAES:
    cost: 23.7364
    lifetime: 25.1268
    annual_cost: 0.9446646608402184
    efficiency: 0.60625
    discharge_ratio: 0.1
    depth_of_discharge: 0.4
  Li-ion:
    cost: 210.285
    lifetime: 20.3565
    annual_cost: 10.330115687863827
    efficiency: 0.956975
    discharge_ratio: 2
    depth_of_discharge: 0.9
  Pb-acid:
    cost: 210.042
    lifetime: 11.8963
    annual_cost: 17.656077940199893
    efficiency: 0.688778
    discharge_ratio: 5
    depth_of_discharge: 0.5
  VRBF:
    cost: 285.986
    lifetime: 17.653
    annual_cost: 16.200419192205292
    efficiency: 0.738116
    discharge_ratio: 0.5
    depth_of_discharge: 1.0
