cost_values:
  wind_capex: 5000.0
  wind_opex: 100
  wind_lifetime: 20
  solar_capex: 1000.0
  solar_opex: 10
  solar_lifetime: 20
  carbon_price: 1.0
timeseries_values:
  load_level: 249183.83600752553
  wind_year: 2013
  solar_year: 2011
  price_year: 2023
  carbon_year: 2023
storage_values:
  CAES:
    cost: 21.1622
    lifetime: 26.2912
    annual_cost: 0.8049157132424537
    efficiency: 0.605756
    discharge_ratio: 0.1
    depth_of_discharge: 0.4
  Li-ion:
    cost: 228.303
    lifetime: 21.7115
    annual_cost: 10.515302950049513
    efficiency: 0.968489
    discharge_ratio: 2
    depth_of_discharge: 0.9
  Pb-acid:
    cost: 232.787
    lifetime: 9.71394
    annual_cost: 23.964220491376313
    efficiency: 0.698314
    discharge_ratio: 5
    depth_of_discharge: 0.5
  VRBF:
    cost: 261.093
    lifetime: 13.4028
    annual_cost: 19.480481690393056
    efficiency: 0.745505
    discharge_ratio: 0.5
    depth_of_discharge: 1.0
