cost_values:
  wind_capex: 5000.0
  wind_opex: 100
  wind_lifetime: 20
  solar_capex: 1000.0
  solar_opex: 10
  solar_lifetime: 20
  carbon_price: 1.0
timeseries_values:
  load_level: 249183.83600752553
  wind_year: 2013
  solar_year: 2011
  price_year: 2023
  carbon_year: 2023
storage_values:
  CAES:
    cost: 23.0816
    lifetime: 25.0877
    annual_cost: 0.920036511916198
    efficiency: 0.602236
    discharge_ratio: 0.1
    depth_of_discharge: 0.4
  Li-ion:
    cost: 219.199
    lifetime: 22.3206
    annual_cost: 9.820479736207808
    efficiency: 0.954598
    discharge_ratio: 2
    depth_of_discharge: 0.9
  Pb-acid:
    cost: 225.043
    lifetime: 11.1335
    annual_cost: 20.213140521848477
    efficiency: 0.700888
    discharge_ratio: 5
    depth_of_discharge: 0.5
  VRBF:
    cost: 295.178
    lifetime: 15.8444
    annual_cost: 18.629799803085
    efficiency: 0.734049
    discharge_ratio: 0.5
    depth_of_discharge: 1.0
