cost_values:
  wind_capex: 5000.0
  wind_opex: 100
  wind_lifetime: 20
  solar_capex: 1000.0
  solar_opex: 10
  solar_lifetime: 20
  carbon_price: 1.0
timeseries_values:
  load_level: 249183.83600752553
  wind_year: 2013
  solar_year: 2011
  price_year: 2023
  carbon_year: 2023
storage_values:
  CAES:
    cost: 33.6753
    lifetime: 24.7234
    annual_cost: 1.3620820760898582
    efficiency: 0.608427
    discharge_ratio: 0.1
    depth_of_discharge: 0.4
  Li-ion:
    cost: 219.793
    lifetime: 21.8598
    annual_cost: 10.054666556876093
    efficiency: 0.941484
    discharge_ratio: 2
    depth_of_discharge: 0.9
  Pb-acid:
    cost: 217.861
    lifetime: 11.9909
    annual_cost: 18.168861386551466
    efficiency: 0.696941
    discharge_ratio: 5
    depth_of_discharge: 0.5
  VRBF:
    cost: 269.264
    lifetime: 17.5489
    annual_cost: 15.343639772293422
    efficiency: 0.760458
    discharge_ratio: 0.5
    depth_of_discharge: 1.0
