cost_values:
  wind_capex: 5000.0
  wind_opex: 100
  wind_lifetime: 20
  solar_capex: 1000.0
  solar_opex: 10
  solar_lifetime: 20
  carbon_price: 1.0
timeseries_values:
  load_level: 249183.83600752553
  wind_year: 2013
  solar_year: 2011
  price_year: 2023
  carbon_year: 2023
storage_values:
  CAES:
    cost: 32.5158
    lifetime: 25.5498
    annual_cost: 1.272644012868985
    efficiency: 0.596988
    discharge_ratio: 0.1
    depth_of_discharge: 0.4
  Li-ion:
    cost: 229.672
    lifetime: 20.4352
    annual_cost: 11.239038521766364
    efficiency: 0.961574
    discharge_ratio: 2
    depth_of_discharge: 0.9
  Pb-acid:
    cost: 215.861
    lifetime: 11.6559
    annual_cost: 18.519462246587562
    efficiency: 0.725532
    discharge_ratio: 5
    depth_of_discharge: 0.5
  VRBF:
    cost: 286.866
    lifetime: 16.8893
    annual_cost: 16.98507338966091
    efficiency: 0.753436
    discharge_ratio: 0.5
    depth_of_discharge: 1.0
