cost_values:
  wind_capex: 5000.0
  wind_opex: 100
  wind_lifetime: 20
  solar_capex: 1000.0
  solar_opex: 10
  solar_lifetime: 20
  carbon_price: 1.0
timeseries_values:
  load_level: 249183.83600752553
  wind_year: 2013
  solar_year: 2011
  price_year: 2023
  carbon_year: 2023
storage_values:
  CAES:
    cost: 24.1284
    lifetime: 25.6365
    annual_cost: 0.9411737171610789
    efficiency: 0.608255
    discharge_ratio: 0.1
    depth_of_discharge: 0.4
  Li-ion:
    cost: 225.167
    lifetime: 19.3274
    annual_cost: 11.65014435464677
    efficiency: 0.957354
    discharge_ratio: 2
    depth_of_discharge: 0.9
  Pb-acid:
    cost: 215.884
    lifetime: 11.6249
    annual_cost: 18.5708264157111
    efficiency: 0.69729
    discharge_ratio: 5
    depth_of_discharge: 0.5
  VRBF:
    cost: 269.483
    lifetime: 17.0728
    annual_cost: 15.78434703153554
    efficiency: 0.765256
    discharge_ratio: 0.5
    depth_of_discharge: 1.0
