cost_values:
  wind_capex: 5000.0
  wind_opex: 100
  wind_lifetime: 20
  solar_capex: 1000.0
  solar_opex: 10
  solar_lifetime: 20
  carbon_price: 1.0
timeseries_values:
  load_level: 249183.83600752553
  wind_year: 2013
  solar_year: 2011
  price_year: 2023
  carbon_year: 2023
storage_values:
  CAES:
    cost: 24.6318
    lifetime: 24.5872
    annual_cost: 1.0018139519750113
    efficiency: 0.61495
    discharge_ratio: 0.1
    depth_of_discharge: 0.4
  Li-ion:
    cost: 228.709
    lifetime: 22.0951
    annual_cost: 10.351118573801433
    efficiency: 0.9626
    discharge_ratio: 2
    depth_of_discharge: 0.9
  Pb-acid:
    cost: 210.514
    lifetime: 11.9325
    annual_cost: 17.6420699769537
    efficiency: 0.715003
    discharge_ratio: 5
    depth_of_discharge: 0.5
  VRBF:
    cost: 285.868
    lifetime: 15.6148
    annual_cost: 18.307503138048517
    efficiency: 0.763632
    discharge_ratio: 0.5
    depth_of_discharge: 1.0
