cost_values:
  wind_capex: 5000.0
  wind_opex: 100
  wind_lifetime: 20
  solar_capex: 1000.0
  solar_opex: 10
  solar_lifetime: 20
  carbon_price: 1.0
timeseries_values:
  load_level: 249183.83600752553
  wind_year: 2013
  solar_year: 2011
  price_year: 2023
  carbon_year: 2023
storage_values:
  CAES:
    cost: 22.5784
    lifetime: 25.1705
    annual_cost: 0.8970183349556027
    efficiency: 0.594093
    discharge_ratio: 0.1
    depth_of_discharge: 0.4
  Li-ion:
    cost: 226.505
    lifetime: 21.1541
    annual_cost: 10.707380602341862
    efficiency: 0.962533
    discharge_ratio: 2
    depth_of_discharge: 0.9
  Pb-acid:
    cost: 232.31
    lifetime: 11.4263
    annual_cost: 20.331165819206568
    efficiency: 0.700391
    discharge_ratio: 5
    depth_of_discharge: 0.5
  VRBF:
    cost: 285.097
    lifetime: 14.9286
    annual_cost: 19.097370148573876
    efficiency: 0.737414
    discharge_ratio: 0.5
    depth_of_discharge: 1.0
