cost_values:
  wind_capex: 5000.0
  wind_opex: 100
  wind_lifetime: 20
  solar_capex: 1000.0
  solar_opex: 10
  solar_lifetime: 20
  carbon_price: 1.0
timeseries_values:
  load_level: 249183.83600752553
  wind_year: 2013
  solar_year: 2011
  price_year: 2023
  carbon_year: 2023
storage_values:
  CAES:
    cost: 26.5599
    lifetime: 24.6143
    annual_cost: 1.0790434828534632
    efficiency: 0.590657
    discharge_ratio: 0.1
    depth_of_discharge: 0.4
  Li-ion:
    cost: 211.996
    lifetime: 20.4134
    annual_cost: 10.385139173288135
    efficiency: 0.961849
    discharge_ratio: 2
    depth_of_discharge: 0.9
  Pb-acid:
    cost: 232.961
    lifetime: 11.8802
    annual_cost: 19.609181663608357
    efficiency: 0.706508
    discharge_ratio: 5
    depth_of_discharge: 0.5
  VRBF:
    cost: 281.61
    lifetime: 12.4097
    annual_cost: 22.69273229812163
    efficiency: 0.764807
    discharge_ratio: 0.5
    depth_of_discharge: 1.0
