cost_values:
  wind_capex: 5000.0
  wind_opex: 100
  wind_lifetime: 20
  solar_capex: 1000.0
  solar_opex: 10
  solar_lifetime: 20
  carbon_price: 1.0
timeseries_values:
  load_level: 249183.83600752553
  wind_year: 2013
  solar_year: 2011
  price_year: 2023
  carbon_year: 2023
storage_values:
  CAES:
    cost: 21.941
    lifetime: 24.144
    annual_cost: 0.9087557985420809
    efficiency: 0.610114
    discharge_ratio: 0.1
    depth_of_discharge: 0.4
  Li-ion:
    cost: 209.273
    lifetime: 22.1281
    annual_cost: 9.45734157022067
    efficiency: 0.947262
    discharge_ratio: 2
    depth_of_discharge: 0.9
  Pb-acid:
    cost: 224.957
    lifetime: 11.5155
    annual_cost: 19.535148278407366
    efficiency: 0.690122
    discharge_ratio: 5
    depth_of_discharge: 0.5
  VRBF:
    cost: 298.934
    lifetime: 16.379
    annual_cost: 18.251053177849684
    efficiency: 0.742094
    discharge_ratio: 0.5
    depth_of_discharge: 1.0
