cost_values:
  wind_capex: 5000.0
  wind_opex: 100
  wind_lifetime: 20
  solar_capex: 1000.0
  solar_opex: 10
  solar_lifetime: 20
  carbon_price: 1.0
timeseries_values:
  load_level: 249183.83600752553
  wind_year: 2013
  solar_year: 2011
  price_year: 2023
  carbon_year: 2023
storage_values:
  CAES:
    cost: 22.6958
    lifetime: 25.5364
    annual_cost: 0.8887627073510752
    efficiency: 0.604772
    discharge_ratio: 0.1
    depth_of_discharge: 0.4
  Li-ion:
    cost: 243.13
    lifetime: 21.7456
    annual_cost: 11.180652637774998
    efficiency: 0.96221
    discharge_ratio: 2
    depth_of_discharge: 0.9
  Pb-acid:
    cost: 219.602
    lifetime: 11.2905
    annual_cost: 19.450157211815245
    efficiency: 0.693915
    discharge_ratio: 5
    depth_of_discharge: 0.5
  VRBF:
    cost: 297.339
    lifetime: 18.4501
    annual_cost: 16.11584761058206
    efficiency: 0.751567
    discharge_ratio: 0.5
    depth_of_discharge: 1.0
