cost_values:
  wind_capex: 5000.0
  wind_opex: 100
  wind_lifetime: 20
  solar_capex: 1000.0
  solar_opex: 10
  solar_lifetime: 20
  carbon_price: 1.0
timeseries_values:
  load_level: 249183.83600752553
  wind_year: 2013
  solar_year: 2011
  price_year: 2023
  carbon_year: 2023
storage_values:
  CAES:
    cost: 21.1145
    lifetime: 25.7915
    annual_cost: 0.8186611868251168
    efficiency: 0.602581
    discharge_ratio: 0.1
    depth_of_discharge: 0.4
  Li-ion:
    cost: 239.485
    lifetime: 20.005
    annual_cost: 11.971257185703575
    efficiency: 0.957711
    discharge_ratio: 2
    depth_of_discharge: 0.9
  Pb-acid:
    cost: 223.758
    lifetime: 12.2994
    annual_cost: 18.192594760720034
    efficiency: 0.71487
    discharge_ratio: 5
    depth_of_discharge: 0.5
  VRBF:
    cost: 275.974
    lifetime: 16.7984
    annual_cost: 16.428588436993998
    efficiency: 0.737227
    discharge_ratio: 0.5
    depth_of_discharge: 1.0
