cost_values:
  wind_capex: 5000.0
  wind_opex: 100
  wind_lifetime: 20
  solar_capex: 1000.0
  solar_opex: 10
  solar_lifetime: 20
  carbon_price: 1.0
timeseries_values:
  load_level: 249183.83600752553
  wind_year: 2013
  solar_year: 2011
  price_year: 2023
  carbon_year: 2023
storage_values:
  CAES:
    cost: 28.7883
    lifetime: 25.332
    annual_cost: 1.1364400757934627
    efficiency: 0.601946
    discharge_ratio: 0.1
    depth_of_discharge: 0.4
  Li-ion:
    cost: 234.437
    lifetime: 21.4871
    annual_cost: 10.910592867348315
    efficiency: 0.95865
    discharge_ratio: 2
    depth_of_discharge: 0.9
  Pb-acid:
    cost: 206.921
    lifetime: 11.5876
    annual_cost: 17.857105871793987
    efficiency: 0.688064
    discharge_ratio: 5
    depth_of_discharge: 0.5
  VRBF:
    cost: 295.381
    lifetime: 14.6183
    annual_cost: 20.206248332569448
    efficiency: 0.755591
    discharge_ratio: 0.5
    depth_of_discharge: 1.0
