cost_values:
  wind_capex: 5000.0
  wind_opex: 100
  wind_lifetime: 20
  solar_capex: 1000.0
  solar_opex: 10
  solar_lifetime: 20
  carbon_price: 1.0
timeseries_values:
  load_level: 249183.83600752553
  wind_year: 2013
  solar_year: 2011
  price_year: 2023
  carbon_year: 2023
storage_values:
  CAES:
    cost: 24.8911
    lifetime: 24.7214
    annual_cost: 1.0068644979653256
    efficiency: 0.597187
    discharge_ratio: 0.1
    depth_of_discharge: 0.4
  Li-ion:
    cost: 228.342
    lifetime: 23.807
    annual_cost: 9.591380686352755
    efficiency: 0.977717
    discharge_ratio: 2
    depth_of_discharge: 0.9
  Pb-acid:
    cost: 239.403
    lifetime: 10.4171
    annual_cost: 22.981731959950466
    efficiency: 0.696046
    discharge_ratio: 5
    depth_of_discharge: 0.5
  VRBF:
    cost: 269.349
    lifetime: 16.6585
    annual_cost: 16.168862742743944
    efficiency: 0.789923
    discharge_ratio: 0.5
    depth_of_discharge: 1.0
