cost_values:
  wind_capex: 5000.0
  wind_opex: 100
  wind_lifetime: 20
  solar_capex: 1000.0
  solar_opex: 10
  solar_lifetime: 20
  carbon_price: 1.0
timeseries_values:
  load_level: 249183.83600752553
  wind_year: 2013
  solar_year: 2011
  price_year: 2023
  carbon_year: 2023
storage_values:
  CAES:
    cost: 28.3816
    lifetime: 25.1834
    annual_cost: 1.1269963547416155
    efficiency: 0.590606
    discharge_ratio: 0.1
    depth_of_discharge: 0.4
  Li-ion:
    cost: 226.977
    lifetime: 20.4786
    annual_cost: 11.0836189973924
    efficiency: 0.96616
    discharge_ratio: 2
    depth_of_discharge: 0.9
  Pb-acid:
    cost: 216.393
    lifetime: 11.462
    annual_cost: 18.879165939626592
    efficiency: 0.712654
    discharge_ratio: 5
    depth_of_discharge: 0.5
  VRBF:
    cost: 295.762
    lifetime: 17.3005
    annual_cost: 17.09557527239097
    efficiency: 0.76841
    discharge_ratio: 0.5
    depth_of_discharge: 1.0
