cost_values:
  wind_capex: 5000.0
  wind_opex: 100
  wind_lifetime: 20
  solar_capex: 1000.0
  solar_opex: 10
  solar_lifetime: 20
  carbon_price: 1.0
timeseries_values:
  load_level: 249183.83600752553
  wind_year: 2013
  solar_year: 2011
  price_year: 2023
  carbon_year: 2023
storage_values:
  CAES:
    cost: 22.5879
    lifetime: 25.5175
    annual_cost: 0.885192514940727
    efficiency: 0.611057
    discharge_ratio: 0.1
    depth_of_discharge: 0.4
  Li-ion:
    cost: 235.114
    lifetime: 21.6825
    annual_cost: 10.843491294823014
    efficiency: 0.951706
    discharge_ratio: 2
    depth_of_discharge: 0.9
  Pb-acid:
    cost: 224.151
    lifetime: 11.2328
    annual_cost: 19.955042375899154
    efficiency: 0.706378
    discharge_ratio: 5
    depth_of_discharge: 0.5
  VRBF:
    cost: 311.939
    lifetime: 15.5909
    annual_cost: 20.007760937469936
    efficiency: 0.750169
    discharge_ratio: 0.5
    depth_of_discharge: 1.0
