cost_values:
  wind_capex: 5000.0
  wind_opex: 100
  wind_lifetime: 20
  solar_capex: 1000.0
  solar_opex: 10
  solar_lifetime: 20
  carbon_price: 1.0
timeseries_values:
  load_level: 249183.83600752553
  wind_year: 2013
  solar_year: 2011
  price_year: 2023
  carbon_year: 2023
storage_values:
  CAES:
    cost: 21.9823
    lifetime: 25.9522
    annual_cost: 0.8470303095691308
    efficiency: 0.598576
    discharge_ratio: 0.1
    depth_of_discharge: 0.4
  Li-ion:
    cost: 194.369
    lifetime: 23.3738
    annual_cost: 8.315678238027193
    efficiency: 0.948293
    discharge_ratio: 2
    depth_of_discharge: 0.9
  Pb-acid:
    cost: 248.409
    lifetime: 10.3061
    annual_cost: 24.103103986959177
    efficiency: 0.702634
    discharge_ratio: 5
    depth_of_discharge: 0.5
  VRBF:
    cost: 266.065
    lifetime: 14.7696
    annual_cost: 18.014367349149605
    efficiency: 0.773177
    discharge_ratio: 0.5
    depth_of_discharge: 1.0
