cost_values:
  wind_capex: 5000.0
  wind_opex: 100
  wind_lifetime: 20
  solar_capex: 1000.0
  solar_opex: 10
  solar_lifetime: 20
  carbon_price: 1.0
timeseries_values:
  load_level: 249183.83600752553
  wind_year: 2013
  solar_year: 2011
  price_year: 2023
  carbon_year: 2023
storage_values:
  CAES:
    cost: 30.9164
    lifetime: 24.4476
    annual_cost: 1.2645985700027813
    efficiency: 0.59348
    discharge_ratio: 0.1
    depth_of_discharge: 0.4
  Li-ion:
    cost: 217.311
    lifetime: 23.2754
    annual_cost: 9.336509791453638
    efficiency: 0.970999
    discharge_ratio: 2
    depth_of_discharge: 0.9
  Pb-acid:
    cost: 239.817
    lifetime: 11.6933
    annual_cost: 20.508923913694165
    efficiency: 0.707701
    discharge_ratio: 5
    depth_of_discharge: 0.5
  VRBF:
    cost: 273.567
    lifetime: 16.5468
    annual_cost: 16.53292479512655
    efficiency: 0.745919
    discharge_ratio: 0.5
    depth_of_discharge: 1.0
