cost_values:
  wind_capex: 5000.0
  wind_opex: 100
  wind_lifetime: 20
  solar_capex: 1000.0
  solar_opex: 10
  solar_lifetime: 20
  carbon_price: 1.0
timeseries_values:
  load_level: 249183.83600752553
  wind_year: 2013
  solar_year: 2011
  price_year: 2023
  carbon_year: 2023
storage_values:
  CAES:
    cost: 23.9751
    lifetime: 25.8439
    annual_cost: 0.927688932397974
    efficiency: 0.58998
    discharge_ratio: 0.1
    depth_of_discharge: 0.4
  Li-ion:
    cost: 213.041
    lifetime: 20.451
    annual_cost: 10.417143415969878
    efficiency: 0.962274
    discharge_ratio: 2
    depth_of_discharge: 0.9
  Pb-acid:
    cost: 211.568
    lifetime: 11.4225
    annual_cost: 18.522039833661633
    efficiency: 0.713139
    discharge_ratio: 5
    depth_of_discharge: 0.5
  VRBF:
    cost: 287.173
    lifetime: 15.9634
    annual_cost: 17.98946339752183
    efficiency: 0.755971
    discharge_ratio: 0.5
    depth_of_discharge: 1.0
