cost_values:
  wind_capex: 5000.0
  wind_opex: 100
  wind_lifetime: 20
  solar_capex: 1000.0
  solar_opex: 10
  solar_lifetime: 20
  carbon_price: 1.0
timeseries_values:
  load_level: 249183.83600752553
  wind_year: 2013
  solar_year: 2011
  price_year: 2023
  carbon_year: 2023
storage_values:
  CAES:
    cost: 26.984
    lifetime: 25.7924
    annual_cost: 1.0461996557125355
    efficiency: 0.597593
    discharge_ratio: 0.1
    depth_of_discharge: 0.4
  Li-ion:
    cost: 215.057
    lifetime: 21.2369
    annual_cost: 10.126572145652144
    efficiency: 0.957833
    discharge_ratio: 2
    depth_of_discharge: 0.9
  Pb-acid:
    cost: 210.437
    lifetime: 11.14
    annual_cost: 18.890215439856373
    efficiency: 0.707873
    discharge_ratio: 5
    depth_of_discharge: 0.5
  VRBF:
    cost: 266.111
    lifetime: 13.6324
    annual_cost: 19.520480619700123
    efficiency: 0.749049
    discharge_ratio: 0.5
    depth_of_discharge: 1.0
