cost_values:
  wind_capex: 5000.0
  wind_opex: 100
  wind_lifetime: 20
  solar_capex: 1000.0
  solar_opex: 10
  solar_lifetime: 20
  carbon_price: 1.0
timeseries_values:
  load_level: 249183.83600752553
  wind_year: 2013
  solar_year: 2011
  price_year: 2023
  carbon_year: 2023
storage_values:
  CAES:
    cost: 24.7137
    lifetime: 24.9735
    annual_cost: 0.9895969727911585
    efficiency: 0.595223
    discharge_ratio: 0.1
    depth_of_discharge: 0.4
  Li-ion:
    cost: 211.864
    lifetime: 18.4834
    annual_cost: 11.462393282621163
    efficiency: 0.961713
    discharge_ratio: 2
    depth_of_discharge: 0.9
  Pb-acid:
    cost: 198.714
    lifetime: 10.1324
    annual_cost: 19.61174055505112
    efficiency: 0.717511
    discharge_ratio: 5
    depth_of_discharge: 0.5
  VRBF:
    cost: 273.319
    lifetime: 16.785
    annual_cost: 16.283526958593985
    efficiency: 0.734689
    discharge_ratio: 0.5
    depth_of_discharge: 1.0
