cost_values:
  wind_capex: 5000.0
  wind_opex: 100
  wind_lifetime: 20
  solar_capex: 1000.0
  solar_opex: 10
  solar_lifetime: 20
  carbon_price: 1.0
timeseries_values:
  load_level: 249183.83600752553
  wind_year: 2013
  solar_year: 2011
  price_year: 2023
  carbon_year: 2023
storage_values:
  CAES:
    cost: 27.8526
    lifetime: 25.4362
    annual_cost: 1.094998466752109
    efficiency: 0.58752
    discharge_ratio: 0.1
    depth_of_discharge: 0.4
  Li-ion:
    cost: 223.702
    lifetime: 23.0509
    annual_cost: 9.704696996646552
    efficiency: 0.956727
    discharge_ratio: 2
    depth_of_discharge: 0.9
  Pb-acid:
    cost: 236.992
    lifetime: 11.7258
    annual_cost: 20.211158300499754
    efficiency: 0.710565
    discharge_ratio: 5
    depth_of_discharge: 0.5
  VRBF:
    cost: 292.729
    lifetime: 13.3447
    annual_cost: 21.935974581669125
    efficiency: 0.761485
    discharge_ratio: 0.5
    depth_of_discharge: 1.0
