cost_values:
  wind_capex: 5000.0
  wind_opex: 100
  wind_lifetime: 20
  solar_capex: 1000.0
  solar_opex: 10
  solar_lifetime: 20
  carbon_price: 1.0
timeseries_values:
  load_level: 249183.83600752553
  wind_year: 2013
  solar_year: 2011
  price_year: 2023
  carbon_year: 2023
storage_values:
  CAES:
    cost: 20.9086
    lifetime: 25.0261
    annual_cost: 0.8354717674747564
    efficiency: 0.600583
    discharge_ratio: 0.1
    depth_of_discharge: 0.4
  Li-ion:
    cost: 239.785
    lifetime: 20.7724
    annual_cost: 11.543442259921818
    efficiency: 0.95271
    discharge_ratio: 2
    depth_of_discharge: 0.9
  Pb-acid:
    cost: 232.576
    lifetime: 12.2116
    annual_cost: 19.04549772347604
    efficiency: 0.699755
    discharge_ratio: 5
    depth_of_discharge: 0.5
  VRBF:
    cost: 283.449
    lifetime: 16.2272
    annual_cost: 17.467523663971605
    efficiency: 0.761807
    discharge_ratio: 0.5
    depth_of_discharge: 1.0
