cost_values:
  wind_capex: 5000.0
  wind_opex: 100
  wind_lifetime: 20
  solar_capex: 1000.0
  solar_opex: 10
  solar_lifetime: 20
  carbon_price: 1.0
timeseries_values:
  load_level: 249183.83600752553
  wind_year: 2013
  solar_year: 2011
  price_year: 2023
  carbon_year: 2023
storage_values:
  CAES:
    cost: 20.0396
    lifetime: 25.9346
    annual_cost: 0.772697477501099
    efficiency: 0.595664
    discharge_ratio: 0.1
    depth_of_discharge: 0.4
  Li-ion:
    cost: 228.305
    lifetime: 22.0391
    annual_cost: 10.359089073510262
    efficiency: 0.973476
    discharge_ratio: 2
    depth_of_discharge: 0.9
  Pb-acid:
    cost: 208.03
    lifetime: 11.2101
    annual_cost: 18.55737236955959
    efficiency: 0.715124
    discharge_ratio: 5
    depth_of_discharge: 0.5
  VRBF:
    cost: 290.09
    lifetime: 15.6053
    annual_cost: 18.589197259905287
    efficiency: 0.753772
    discharge_ratio: 0.5
    depth_of_discharge: 1.0
