cost_values:
  wind_capex: 5000.0
  wind_opex: 100
  wind_lifetime: 20
  solar_capex: 1000.0
  solar_opex: 10
  solar_lifetime: 20
  carbon_price: 1.0
timeseries_values:
  load_level: 249183.83600752553
  wind_year: 2013
  solar_year: 2011
  price_year: 2023
  carbon_year: 2023
storage_values:
  CAES:
    cost: 27.4281
    lifetime: 24.6084
    annual_cost: 1.1145828253767007
    efficiency: 0.607918
    discharge_ratio: 0.1
    depth_of_discharge: 0.4
  Li-ion:
    cost: 224.171
    lifetime: 20.6667
    annual_cost: 10.846966375860685
    efficiency: 0.976625
    discharge_ratio: 2
    depth_of_discharge: 0.9
  Pb-acid:
    cost: 204.755
    lifetime: 12.5311
    annual_cost: 16.339746710185057
    efficiency: 0.702521
    discharge_ratio: 5
    depth_of_discharge: 0.5
  VRBF:
    cost: 259.383
    lifetime: 16.2083
    annual_cost: 16.00309717860602
    efficiency: 0.756649
    discharge_ratio: 0.5
    depth_of_discharge: 1.0
