cost_values:
  wind_capex: 5000.0
  wind_opex: 100
  wind_lifetime: 20
  solar_capex: 1000.0
  solar_opex: 10
  solar_lifetime: 20
  carbon_price: 1.0
timeseries_values:
  load_level: 249183.83600752553
  wind_year: 2013
  solar_year: 2011
  price_year: 2023
  carbon_year: 2023
storage_values:
  CAES:
    cost: 25.0751
    lifetime: 24.9485
    annual_cost: 1.0050744533739504
    efficiency: 0.591668
    discharge_ratio: 0.1
    depth_of_discharge: 0.4
  Li-ion:
    cost: 235.164
    lifetime: 20.3082
    annual_cost: 11.579755960646438
    efficiency: 0.950029
    discharge_ratio: 2
    depth_of_discharge: 0.9
  Pb-acid:
    cost: 227.762
    lifetime: 11.7898
    annual_cost: 19.31856350404587
    efficiency: 0.703739
    discharge_ratio: 5
    depth_of_discharge: 0.5
  VRBF:
    cost: 263.618
    lifetime: 14.6058
    annual_cost: 18.048857303263087
    efficiency: 0.752151
    discharge_ratio: 0.5
    depth_of_discharge: 1.0
