cost_values:
  wind_capex: 5000.0
  wind_opex: 100
  wind_lifetime: 20
  solar_capex: 1000.0
  solar_opex: 10
  solar_lifetime: 20
  carbon_price: 1.0
timeseries_values:
  load_level: 249183.83600752553
  wind_year: 2013
  solar_year: 2011
  price_year: 2023
  carbon_year: 2023
storage_values:
  CAES:
    cost: 30.1603
    lifetime: 25.0076
    annual_cost: 1.2060453622098881
    efficiency: 0.605187
    discharge_ratio: 0.1
    depth_of_discharge: 0.4
  Li-ion:
    cost: 218.925
    lifetime: 20.7958
    annual_cost: 10.527366102770753
    efficiency: 0.966098
    discharge_ratio: 2
    depth_of_discharge: 0.9
  Pb-acid:
    cost: 229.103
    lifetime: 12.2223
    annual_cost: 18.744671624816934
    efficiency: 0.708836
    discharge_ratio: 5
    depth_of_discharge: 0.5
  VRBF:
    cost: 269.0
    lifetime: 14.8141
    annual_cost: 18.158376141648834
    efficiency: 0.761886
    discharge_ratio: 0.5
    depth_of_discharge: 1.0
