cost_values:
  wind_capex: 5000.0
  wind_opex: 100
  wind_lifetime: 20
  solar_capex: 1000.0
  solar_opex: 10
  solar_lifetime: 20
  carbon_price: 1.0
timeseries_values:
  load_level: 249183.83600752553
  wind_year: 2013
  solar_year: 2011
  price_year: 2023
  carbon_year: 2023
storage_values:
  CAES:
    cost: 27.7494
    lifetime: 25.5457
    annual_cost: 1.0862650074180782
    efficiency: 0.602338
    discharge_ratio: 0.1
    depth_of_discharge: 0.4
  Li-ion:
    cost: 222.994
    lifetime: 21.3989
    annual_cost: 10.420816023253531
    efficiency: 0.96298
    discharge_ratio: 2
    depth_of_discharge: 0.9
  Pb-acid:
    cost: 233.583
    lifetime: 12.6139
    annual_cost: 18.51790485099771
    efficiency: 0.718874
    discharge_ratio: 5
    depth_of_discharge: 0.5
  VRBF:
    cost: 251.041
    lifetime: 15.6602
    annual_cost: 16.030510466022147
    efficiency: 0.76922
    discharge_ratio: 0.5
    depth_of_discharge: 1.0
