cost_values:
  wind_capex: 5000.0
  wind_opex: 100
  wind_lifetime: 20
  solar_capex: 1000.0
  solar_opex: 10
  solar_lifetime: 20
  carbon_price: 1.0
timeseries_values:
  load_level: 249183.83600752553
  wind_year: 2013
  solar_year: 2011
  price_year: 2023
  carbon_year: 2023
storage_values:
  CAES:
    cost: 24.3371
    lifetime: 25.6887
    annual_cost: 0.9473854262769232
    efficiency: 0.598141
    discharge_ratio: 0.1
    depth_of_discharge: 0.4
  Li-ion:
    cost: 223.809
    lifetime: 23.3593
    annual_cost: 9.581151832460732
    efficiency: 0.959401
    discharge_ratio: 2
    depth_of_discharge: 0.9
  Pb-acid:
    cost: 231.215
    lifetime: 12.3366
    annual_cost: 18.74219801241833
    efficiency: 0.7044
    discharge_ratio: 5
    depth_of_discharge: 0.5
  VRBF:
    cost: 270.249
    lifetime: 15.1932
    annual_cost: 17.787497038148647
    efficiency: 0.75405
    discharge_ratio: 0.5
    depth_of_discharge: 1.0
