cost_values:
  wind_capex: 5000.0
  wind_opex: 100
  wind_lifetime: 20
  solar_capex: 1000.0
  solar_opex: 10
  solar_lifetime: 20
  carbon_price: 1.0
timeseries_values:
  load_level: 249183.83600752553
  wind_year: 2013
  solar_year: 2011
  price_year: 2023
  carbon_year: 2023
storage_values:
  CAES:
    cost: 22.2932
    lifetime: 25.269
    annual_cost: 0.8822351497882781
    efficiency: 0.593613
    discharge_ratio: 0.1
    depth_of_discharge: 0.4
  Li-ion:
    cost: 231.677
    lifetime: 22.3159
    annual_cost: 10.381700939688741
    efficiency: 0.968128
    discharge_ratio: 2
    depth_of_discharge: 0.9
  Pb-acid:
    cost: 222.136
    lifetime: 13.2574
    annual_cost: 16.755623274548554
    efficiency: 0.69013
    discharge_ratio: 5
    depth_of_discharge: 0.5
  VRBF:
    cost: 289.975
    lifetime: 14.5567
    annual_cost: 19.920380305975947
    efficiency: 0.749967
    discharge_ratio: 0.5
    depth_of_discharge: 1.0
