cost_values:
  wind_capex: 5000.0
  wind_opex: 100
  wind_lifetime: 20
  solar_capex: 1000.0
  solar_opex: 10
  solar_lifetime: 20
  carbon_price: 1.0
timeseries_values:
  load_level: 249183.83600752553
  wind_year: 2013
  solar_year: 2011
  price_year: 2023
  carbon_year: 2023
storage_values:
  CAES:
    cost: 25.2135
    lifetime: 26.8674
    annual_cost: 0.9384421268898367
    efficiency: 0.580353
    discharge_ratio: 0.1
    depth_of_discharge: 0.4
  Li-ion:
    cost: 238.563
    lifetime: 22.1346
    annual_cost: 10.777831991542653
    efficiency: 0.957518
    discharge_ratio: 2
    depth_of_discharge: 0.9
  Pb-acid:
    cost: 233.473
    lifetime: 10.3642
    annual_cost: 22.526871345593484
    efficiency: 0.701229
    discharge_ratio: 5
    depth_of_discharge: 0.5
  VRBF:
    cost: 281.116
    lifetime: 16.0285
    annual_cost: 17.538509529899862
    efficiency: 0.761759
    discharge_ratio: 0.5
    depth_of_discharge: 1.0
