cost_values:
  wind_capex: 5000.0
  wind_opex: 100
  wind_lifetime: 20
  solar_capex: 1000.0
  solar_opex: 10
  solar_lifetime: 20
  carbon_price: 1.0
timeseries_values:
  load_level: 249183.83600752553
  wind_year: 2013
  solar_year: 2011
  price_year: 2023
  carbon_year: 2023
storage_values:
  CAES:
    cost: 27.0995
    lifetime: 25.1859
    annual_cost: 1.0759790200072261
    efficiency: 0.604562
    discharge_ratio: 0.1
    depth_of_discharge: 0.4
  Li-ion:
    cost: 213.42
    lifetime: 19.9537
    annual_cost: 10.695760685988061
    efficiency: 0.949896
    discharge_ratio: 2
    depth_of_discharge: 0.9
  Pb-acid:
    cost: 216.785
    lifetime: 12.0066
    annual_cost: 18.055486149284558
    efficiency: 0.697619
    discharge_ratio: 5
    depth_of_discharge: 0.5
  VRBF:
    cost: 252.671
    lifetime: 17.3213
    annual_cost: 14.587300029443517
    efficiency: 0.744979
    discharge_ratio: 0.5
    depth_of_discharge: 1.0
