cost_values:
  wind_capex: 5000.0
  wind_opex: 100
  wind_lifetime: 20
  solar_capex: 1000.0
  solar_opex: 10
  solar_lifetime: 20
  carbon_price: 1.0
timeseries_values:
  load_level: 249183.83600752553
  wind_year: 2013
  solar_year: 2011
  price_year: 2023
  carbon_year: 2023
storage_values:
  CAES:
    cost: 20.8408
    lifetime: 25.0346
    annual_cost: 0.8324798478905195
    efficiency: 0.598559
    discharge_ratio: 0.1
    depth_of_discharge: 0.4
  Li-ion:
    cost: 209.414
    lifetime: 23.6747
    annual_cost: 8.845476394632243
    efficiency: 0.953969
    discharge_ratio: 2
    depth_of_discharge: 0.9
  Pb-acid:
    cost: 249.641
    lifetime: 10.7725
    annual_cost: 23.173915061499184
    efficiency: 0.710597
    discharge_ratio: 5
    depth_of_discharge: 0.5
  VRBF:
    cost: 289.26
    lifetime: 17.9371
    annual_cost: 16.126352643403894
    efficiency: 0.752401
    discharge_ratio: 0.5
    depth_of_discharge: 1.0
