cost_values:
  wind_capex: 5000.0
  wind_opex: 100
  wind_lifetime: 20
  solar_capex: 1000.0
  solar_opex: 10
  solar_lifetime: 20
  carbon_price: 1.0
timeseries_values:
  load_level: 272220.5735139393
  wind_year: 2014
  solar_year: 2016
  price_year: 2023
  carbon_year: 2023
storage_values:
  CAES:
    cost: 23.8927
    lifetime: 21.9081
    annual_cost: 1.0905874996006044
    efficiency: 0.586297
    discharge_ratio: 0.1
    depth_of_discharge: 0.4
  Li-ion:
    cost: 227.892
    lifetime: 20.3999
    annual_cost: 11.171231231525645
    efficiency: 0.932942
    discharge_ratio: 2
    depth_of_discharge: 0.9
  Pb-acid:
    cost: 245.798
    lifetime: 11.5154
    annual_cost: 21.34515518349341
    efficiency: 0.703404
    discharge_ratio: 5
    depth_of_discharge: 0.5
  VRBF:
    cost: 299.569
    lifetime: 16.9766
    annual_cost: 17.645995075574614
    efficiency: 0.723931
    discharge_ratio: 0.5
    depth_of_discharge: 1.0
