cost_values:
  wind_capex: 5000.0
  wind_opex: 100
  wind_lifetime: 20
  solar_capex: 1000.0
  solar_opex: 10
  solar_lifetime: 20
  carbon_price: 1.0
timeseries_values:
  load_level: 272220.5735139393
  wind_year: 2014
  solar_year: 2016
  price_year: 2023
  carbon_year: 2023
storage_values:
  CAES:
    cost: 32.3106
    lifetime: 21.5943
    annual_cost: 1.4962559564329476
    efficiency: 0.581768
    discharge_ratio: 0.1
    depth_of_discharge: 0.4
  Li-ion:
    cost: 237.151
    lifetime: 20.7893
    annual_cost: 11.407358593122424
    efficiency: 0.936347
    discharge_ratio: 2
    depth_of_discharge: 0.9
  Pb-acid:
    cost: 233.1
    lifetime: 11.988
    annual_cost: 19.444444444444446
    efficiency: 0.678564
    discharge_ratio: 5
    depth_of_discharge: 0.5
  VRBF:
    cost: 303.023
    lifetime: 16.8461
    annual_cost: 17.987724161675406
    efficiency: 0.713126
    discharge_ratio: 0.5
    depth_of_discharge: 1.0
