cost_values:
  wind_capex: 5000.0
  wind_opex: 100
  wind_lifetime: 20
  solar_capex: 1000.0
  solar_opex: 10
  solar_lifetime: 20
  carbon_price: 1.0
timeseries_values:
  load_level: 272220.5735139393
  wind_year: 2014
  solar_year: 2016
  price_year: 2023
  carbon_year: 2023
storage_values:
  CAES:
    cost: 28.3836
    lifetime: 22.413
    annual_cost: 1.2663900414937759
    efficiency: 0.592313
    discharge_ratio: 0.1
    depth_of_discharge: 0.4
  Li-ion:
    cost: 229.139
    lifetime: 21.5353
    annual_cost: 10.640158251800534
    efficiency: 0.92576
    discharge_ratio: 2
    depth_of_discharge: 0.9
  Pb-acid:
    cost: 223.854
    lifetime: 11.6623
    annual_cost: 19.194670005059038
    efficiency: 0.683821
    discharge_ratio: 5
    depth_of_discharge: 0.5
  VRBF:
    cost: 298.937
    lifetime: 15.5132
    annual_cost: 19.269847613645155
    efficiency: 0.697079
    discharge_ratio: 0.5
    depth_of_discharge: 1.0
