cost_values:
  wind_capex: 5000.0
  wind_opex: 100
  wind_lifetime: 20
  solar_capex: 1000.0
  solar_opex: 10
  solar_lifetime: 20
  carbon_price: 1.0
timeseries_values:
  load_level: 272220.5735139393
  wind_year: 2014
  solar_year: 2016
  price_year: 2023
  carbon_year: 2023
storage_values:
  CAES:
    cost: 31.1615
    lifetime: 22.2986
    annual_cost: 1.3974644148063107
    efficiency: 0.592499
    discharge_ratio: 0.1
    depth_of_discharge: 0.4
  Li-ion:
    cost: 226.547
    lifetime: 17.7002
    annual_cost: 12.799120913887979
    efficiency: 0.929236
    discharge_ratio: 2
    depth_of_discharge: 0.9
  Pb-acid:
    cost: 249.346
    lifetime: 11.2823
    annual_cost: 22.100635508717197
    efficiency: 0.689054
    discharge_ratio: 5
    depth_of_discharge: 0.5
  VRBF:
    cost: 297.766
    lifetime: 17.1897
    annual_cost: 17.32235001192575
    efficiency: 0.726288
    discharge_ratio: 0.5
    depth_of_discharge: 1.0
