cost_values:
  wind_capex: 5000.0
  wind_opex: 100
  wind_lifetime: 20
  solar_capex: 1000.0
  solar_opex: 10
  solar_lifetime: 20
  carbon_price: 1.0
timeseries_values:
  load_level: 272220.5735139393
  wind_year: 2014
  solar_year: 2016
  price_year: 2023
  carbon_year: 2023
storage_values:
  CAES:
    cost: 33.4482
    lifetime: 21.9176
    annual_cost: 1.526088622841917
    efficiency: 0.59923
    discharge_ratio: 0.1
    depth_of_discharge: 0.4
  Li-ion:
    cost: 225.151
    lifetime: 18.7029
    annual_cost: 12.038293526672335
    efficiency: 0.94014
    discharge_ratio: 2
    depth_of_discharge: 0.9
  Pb-acid:
    cost: 222.664
    lifetime: 11.4847
    annual_cost: 19.387881268121934
    efficiency: 0.692147
    discharge_ratio: 5
    depth_of_discharge: 0.5
  VRBF:
    cost: 296.626
    lifetime: 14.2312
    annual_cost: 20.843358255101467
    efficiency: 0.716477
    discharge_ratio: 0.5
    depth_of_discharge: 1.0
