cost_values:
  wind_capex: 5000.0
  wind_opex: 100
  wind_lifetime: 20
  solar_capex: 1000.0
  solar_opex: 10
  solar_lifetime: 20
  carbon_price: 1.0
timeseries_values:
  load_level: 272220.5735139393
  wind_year: 2014
  solar_year: 2016
  price_year: 2023
  carbon_year: 2023
storage_values:
  CAES:
    cost: 28.9428
    lifetime: 20.9145
    annual_cost: 1.3838628702574767
    efficiency: 0.602384
    discharge_ratio: 0.1
    depth_of_discharge: 0.4
  Li-ion:
    cost: 224.658
    lifetime: 20.1942
    annual_cost: 11.124877440057046
    efficiency: 0.948176
    discharge_ratio: 2
    depth_of_discharge: 0.9
  Pb-acid:
    cost: 229.086
    lifetime: 12.4528
    annual_cost: 18.396344597199025
    efficiency: 0.694467
    discharge_ratio: 5
    depth_of_discharge: 0.5
  VRBF:
    cost: 270.599
    lifetime: 17.7514
    annual_cost: 15.243811755692509
    efficiency: 0.697148
    discharge_ratio: 0.5
    depth_of_discharge: 1.0
