cost_values:
  wind_capex: 5000.0
  wind_opex: 100
  wind_lifetime: 20
  solar_capex: 1000.0
  solar_opex: 10
  solar_lifetime: 20
  carbon_price: 1.0
timeseries_values:
  load_level: 272220.5735139393
  wind_year: 2014
  solar_year: 2016
  price_year: 2023
  carbon_year: 2023
storage_values:
  CAES:
    cost: 28.099
    lifetime: 21.6736
    annual_cost: 1.296462055219253
    efficiency: 0.585594
    discharge_ratio: 0.1
    depth_of_discharge: 0.4
  Li-ion:
    cost: 231.139
    lifetime: 18.8679
    annual_cost: 12.250382925497805
    efficiency: 0.925958
    discharge_ratio: 2
    depth_of_discharge: 0.9
  Pb-acid:
    cost: 246.987
    lifetime: 11.5751
    annual_cost: 21.337785418700484
    efficiency: 0.701395
    discharge_ratio: 5
    depth_of_discharge: 0.5
  VRBF:
    cost: 257.054
    lifetime: 16.9383
    annual_cost: 15.175903130774632
    efficiency: 0.718998
    discharge_ratio: 0.5
    depth_of_discharge: 1.0
