cost_values:
  wind_capex: 5000.0
  wind_opex: 100
  wind_lifetime: 20
  solar_capex: 1000.0
  solar_opex: 10
  solar_lifetime: 20
  carbon_price: 1.0
timeseries_values:
  load_level: 272220.5735139393
  wind_year: 2014
  solar_year: 2016
  price_year: 2023
  carbon_year: 2023
storage_values:
  CAES:
    cost: 35.0932
    lifetime: 21.6536
    annual_cost: 1.6206635386263717
    efficiency: 0.589848
    discharge_ratio: 0.1
    depth_of_discharge: 0.4
  Li-ion:
    cost: 254.728
    lifetime: 19.439
    annual_cost: 13.103966253408098
    efficiency: 0.963265
    discharge_ratio: 2
    depth_of_discharge: 0.9
  Pb-acid:
    cost: 242.993
    lifetime: 11.8853
    annual_cost: 20.444835216612116
    efficiency: 0.69165
    discharge_ratio: 5
    depth_of_discharge: 0.5
  VRBF:
    cost: 290.01
    lifetime: 15.3939
    annual_cost: 18.839280494221736
    efficiency: 0.726491
    discharge_ratio: 0.5
    depth_of_discharge: 1.0
