cost_values:
  wind_capex: 5000.0
  wind_opex: 100
  wind_lifetime: 20
  solar_capex: 1000.0
  solar_opex: 10
  solar_lifetime: 20
  carbon_price: 1.0
timeseries_values:
  load_level: 272220.5735139393
  wind_year: 2014
  solar_year: 2016
  price_year: 2023
  carbon_year: 2023
storage_values:
  CAES:
    cost: 26.3201
    lifetime: 21.2297
    annual_cost: 1.2397772931317916
    efficiency: 0.590115
    discharge_ratio: 0.1
    depth_of_discharge: 0.4
  Li-ion:
    cost: 224.24
    lifetime: 20.0529
    annual_cost: 11.182422492507317
    efficiency: 0.924522
    discharge_ratio: 2
    depth_of_discharge: 0.9
  Pb-acid:
    cost: 236.56
    lifetime: 10.7511
    annual_cost: 22.003329891825025
    efficiency: 0.681926
    discharge_ratio: 5
    depth_of_discharge: 0.5
  VRBF:
    cost: 287.485
    lifetime: 16.6203
    annual_cost: 17.297220868456044
    efficiency: 0.726561
    discharge_ratio: 0.5
    depth_of_discharge: 1.0
