cost_values:
  wind_capex: 5000.0
  wind_opex: 100
  wind_lifetime: 20
  solar_capex: 1000.0
  solar_opex: 10
  solar_lifetime: 20
  carbon_price: 1.0
timeseries_values:
  load_level: 272220.5735139393
  wind_year: 2014
  solar_year: 2016
  price_year: 2023
  carbon_year: 2023
storage_values:
  CAES:
    cost: 31.0535
    lifetime: 21.8972
    annual_cost: 1.4181493524286208
    efficiency: 0.579269
    discharge_ratio: 0.1
    depth_of_discharge: 0.4
  Li-ion:
    cost: 222.084
    lifetime: 21.7616
    annual_cost: 10.205315785603998
    efficiency: 0.949836
    discharge_ratio: 2
    depth_of_discharge: 0.9
  Pb-acid:
    cost: 226.39
    lifetime: 12.1308
    annual_cost: 18.662413031292246
    efficiency: 0.702298
    discharge_ratio: 5
    depth_of_discharge: 0.5
  VRBF:
    cost: 303.542
    lifetime: 15.2595
    annual_cost: 19.892001703856614
    efficiency: 0.723108
    discharge_ratio: 0.5
    depth_of_discharge: 1.0
