cost_values:
  wind_capex: 5000.0
  wind_opex: 100
  wind_lifetime: 20
  solar_capex: 1000.0
  solar_opex: 10
  solar_lifetime: 20
  carbon_price: 1.0
timeseries_values:
  load_level: 272220.5735139393
  wind_year: 2014
  solar_year: 2016
  price_year: 2023
  carbon_year: 2023
storage_values:
  CAES:
    cost: 32.3779
    lifetime: 21.4158
    annual_cost: 1.5118697410323216
    efficiency: 0.603857
    discharge_ratio: 0.1
    depth_of_discharge: 0.4
  Li-ion:
    cost: 210.044
    lifetime: 20.3818
    annual_cost: 10.305468604343092
    efficiency: 0.933133
    discharge_ratio: 2
    depth_of_discharge: 0.9
  Pb-acid:
    cost: 241.467
    lifetime: 10.5959
    annual_cost: 22.788720165346973
    efficiency: 0.704837
    discharge_ratio: 5
    depth_of_discharge: 0.5
  VRBF:
    cost: 297.84
    lifetime: 15.9665
    annual_cost: 18.654056931700747
    efficiency: 0.721389
    discharge_ratio: 0.5
    depth_of_discharge: 1.0
