cost_values:
  wind_capex: 5000.0
  wind_opex: 100
  wind_lifetime: 20
  solar_capex: 1000.0
  solar_opex: 10
  solar_lifetime: 20
  carbon_price: 1.0
timeseries_values:
  load_level: 272220.5735139393
  wind_year: 2014
  solar_year: 2016
  price_year: 2023
  carbon_year: 2023
storage_values:
  CAES:
    cost: 27.41
    lifetime: 21.5413
    annual_cost: 1.2724394535148762
    efficiency: 0.590536
    discharge_ratio: 0.1
    depth_of_discharge: 0.4
  Li-ion:
    cost: 218.737
    lifetime: 20.8826
    annual_cost: 10.474605652552842
    efficiency: 0.947706
    discharge_ratio: 2
    depth_of_discharge: 0.9
  Pb-acid:
    cost: 239.1
    lifetime: 10.2299
    annual_cost: 23.372662489369397
    efficiency: 0.704811
    discharge_ratio: 5
    depth_of_discharge: 0.5
  VRBF:
    cost: 313.122
    lifetime: 16.2985
    annual_cost: 19.211706598766757
    efficiency: 0.72824
    discharge_ratio: 0.5
    depth_of_discharge: 1.0
