cost_values:
  wind_capex: 5000.0
  wind_opex: 100
  wind_lifetime: 20
  solar_capex: 1000.0
  solar_opex: 10
  solar_lifetime: 20
  carbon_price: 1.0
timeseries_values:
  load_level: 272220.5735139393
  wind_year: 2014
  solar_year: 2016
  price_year: 2023
  carbon_year: 2023
storage_values:
  CAES:
    cost: 33.3777
    lifetime: 22.7194
    annual_cost: 1.469127705837302
    efficiency: 0.597785
    discharge_ratio: 0.1
    depth_of_discharge: 0.4
  Li-ion:
    cost: 225.928
    lifetime: 20.229
    annual_cost: 11.16852044095111
    efficiency: 0.918525
    discharge_ratio: 2
    depth_of_discharge: 0.9
  Pb-acid:
    cost: 249.109
    lifetime: 12.8166
    annual_cost: 19.436433999656696
    efficiency: 0.691208
    discharge_ratio: 5
    depth_of_discharge: 0.5
  VRBF:
    cost: 280.802
    lifetime: 17.6552
    annual_cost: 15.90477593003761
    efficiency: 0.720113
    discharge_ratio: 0.5
    depth_of_discharge: 1.0
