cost_values:
  wind_capex: 5000.0
  wind_opex: 100
  wind_lifetime: 20
  solar_capex: 1000.0
  solar_opex: 10
  solar_lifetime: 20
  carbon_price: 1.0
timeseries_values:
  load_level: 272220.5735139393
  wind_year: 2014
  solar_year: 2016
  price_year: 2023
  carbon_year: 2023
storage_values:
  CAES:
    cost: 29.8711
    lifetime: 21.8761
    annual_cost: 1.3654673364996501
    efficiency: 0.593494
    discharge_ratio: 0.1
    depth_of_discharge: 0.4
  Li-ion:
    cost: 222.091
    lifetime: 20.2298
    annual_cost: 10.97840809103402
    efficiency: 0.932002
    discharge_ratio: 2
    depth_of_discharge: 0.9
  Pb-acid:
    cost: 240.038
    lifetime: 11.3296
    annual_cost: 21.18680271148143
    efficiency: 0.691907
    discharge_ratio: 5
    depth_of_discharge: 0.5
  VRBF:
    cost: 272.847
    lifetime: 15.0643
    annual_cost: 18.11215921084949
    efficiency: 0.716537
    discharge_ratio: 0.5
    depth_of_discharge: 1.0
