cost_values:
  wind_capex: 5000.0
  wind_opex: 100
  wind_lifetime: 20
  solar_capex: 1000.0
  solar_opex: 10
  solar_lifetime: 20
  carbon_price: 1.0
timeseries_values:
  load_level: 272220.5735139393
  wind_year: 2014
  solar_year: 2016
  price_year: 2023
  carbon_year: 2023
storage_values:
  CAES:
    cost: 26.9131
    lifetime: 21.4932
    annual_cost: 1.2521681275938434
    efficiency: 0.586011
    discharge_ratio: 0.1
    depth_of_discharge: 0.4
  Li-ion:
    cost: 235.342
    lifetime: 18.9127
    annual_cost: 12.44359610209013
    efficiency: 0.949084
    discharge_ratio: 2
    depth_of_discharge: 0.9
  Pb-acid:
    cost: 240.465
    lifetime: 12.0334
    annual_cost: 19.98313028736683
    efficiency: 0.682426
    discharge_ratio: 5
    depth_of_discharge: 0.5
  VRBF:
    cost: 336.213
    lifetime: 15.6409
    annual_cost: 21.495757916743923
    efficiency: 0.728125
    discharge_ratio: 0.5
    depth_of_discharge: 1.0
