cost_values:
  wind_capex: 5000.0
  wind_opex: 100
  wind_lifetime: 20
  solar_capex: 1000.0
  solar_opex: 10
  solar_lifetime: 20
  carbon_price: 1.0
timeseries_values:
  load_level: 272220.5735139393
  wind_year: 2014
  solar_year: 2016
  price_year: 2023
  carbon_year: 2023
storage_values:
  CAES:
    cost: 28.6451
    lifetime: 20.4606
    annual_cost: 1.4000127073497355
    efficiency: 0.600281
    discharge_ratio: 0.1
    depth_of_discharge: 0.4
  Li-ion:
    cost: 223.756
    lifetime: 19.9214
    annual_cost: 11.23194153021374
    efficiency: 0.943707
    discharge_ratio: 2
    depth_of_discharge: 0.9
  Pb-acid:
    cost: 229.224
    lifetime: 12.9508
    annual_cost: 17.69960156901504
    efficiency: 0.691602
    discharge_ratio: 5
    depth_of_discharge: 0.5
  VRBF:
    cost: 304.596
    lifetime: 16.3287
    annual_cost: 18.654026346249243
    efficiency: 0.72947
    discharge_ratio: 0.5
    depth_of_discharge: 1.0
