cost_values:
  wind_capex: 5000.0
  wind_opex: 100
  wind_lifetime: 20
  solar_capex: 1000.0
  solar_opex: 10
  solar_lifetime: 20
  carbon_price: 1.0
timeseries_values:
  load_level: 272220.5735139393
  wind_year: 2014
  solar_year: 2016
  price_year: 2023
  carbon_year: 2023
storage_values:
  CAES:
    cost: 26.216
    lifetime: 22.025
    annual_cost: 1.190283768444949
    efficiency: 0.592275
    discharge_ratio: 0.1
    depth_of_discharge: 0.4
  Li-ion:
    cost: 231.306
    lifetime: 19.3644
    annual_cost: 11.944909214847867
    efficiency: 0.923535
    discharge_ratio: 2
    depth_of_discharge: 0.9
  Pb-acid:
    cost: 242.293
    lifetime: 12.9043
    annual_cost: 18.77614438597987
    efficiency: 0.676255
    discharge_ratio: 5
    depth_of_discharge: 0.5
  VRBF:
    cost: 312.685
    lifetime: 18.5438
    annual_cost: 16.861970038503433
    efficiency: 0.725097
    discharge_ratio: 0.5
    depth_of_discharge: 1.0
