cost_values:
  wind_capex: 5000.0
  wind_opex: 100
  wind_lifetime: 20
  solar_capex: 1000.0
  solar_opex: 10
  solar_lifetime: 20
  carbon_price: 1.0
timeseries_values:
  load_level: 272220.5735139393
  wind_year: 2014
  solar_year: 2016
  price_year: 2023
  carbon_year: 2023
storage_values:
  CAES:
    cost: 29.7785
    lifetime: 20.4289
    annual_cost: 1.4576653662213825
    efficiency: 0.59188
    discharge_ratio: 0.1
    depth_of_discharge: 0.4
  Li-ion:
    cost: 245.325
    lifetime: 21.8387
    annual_cost: 11.233498330944608
    efficiency: 0.931877
    discharge_ratio: 2
    depth_of_discharge: 0.9
  Pb-acid:
    cost: 246.175
    lifetime: 12.0306
    annual_cost: 20.46240420261666
    efficiency: 0.682889
    discharge_ratio: 5
    depth_of_discharge: 0.5
  VRBF:
    cost: 294.377
    lifetime: 16.2689
    annual_cost: 18.094462440607543
    efficiency: 0.716474
    discharge_ratio: 0.5
    depth_of_discharge: 1.0
