cost_values:
  wind_capex: 5000.0
  wind_opex: 100
  wind_lifetime: 20
  solar_capex: 1000.0
  solar_opex: 10
  solar_lifetime: 20
  carbon_price: 1.0
timeseries_values:
  load_level: 272220.5735139393
  wind_year: 2014
  solar_year: 2016
  price_year: 2023
  carbon_year: 2023
storage_values:
  CAES:
    cost: 26.6551
    lifetime: 21.5313
    annual_cost: 1.2379698392572673
    efficiency: 0.570227
    discharge_ratio: 0.1
    depth_of_discharge: 0.4
  Li-ion:
    cost: 246.451
    lifetime: 21.0241
    annual_cost: 11.722309159488397
    efficiency: 0.928747
    discharge_ratio: 2
    depth_of_discharge: 0.9
  Pb-acid:
    cost: 247.179
    lifetime: 12.0198
    annual_cost: 20.564318873858134
    efficiency: 0.70526
    discharge_ratio: 5
    depth_of_discharge: 0.5
  VRBF:
    cost: 262.585
    lifetime: 15.3824
    annual_cost: 17.070483149573537
    efficiency: 0.695247
    discharge_ratio: 0.5
    depth_of_discharge: 1.0
