cost_values:
  wind_capex: 5000.0
  wind_opex: 100
  wind_lifetime: 20
  solar_capex: 1000.0
  solar_opex: 10
  solar_lifetime: 20
  carbon_price: 1.0
timeseries_values:
  load_level: 272220.5735139393
  wind_year: 2014
  solar_year: 2016
  price_year: 2023
  carbon_year: 2023
storage_values:
  CAES:
    cost: 34.1347
    lifetime: 21.6009
    annual_cost: 1.580244341670949
    efficiency: 0.595675
    discharge_ratio: 0.1
    depth_of_discharge: 0.4
  Li-ion:
    cost: 210.614
    lifetime: 21.2932
    annual_cost: 9.891138955159395
    efficiency: 0.932867
    discharge_ratio: 2
    depth_of_discharge: 0.9
  Pb-acid:
    cost: 230.799
    lifetime: 12.1157
    annual_cost: 19.049580296639895
    efficiency: 0.699319
    discharge_ratio: 5
    depth_of_discharge: 0.5
  VRBF:
    cost: 315.369
    lifetime: 15.6979
    annual_cost: 20.089884634250442
    efficiency: 0.707441
    discharge_ratio: 0.5
    depth_of_discharge: 1.0
