cost_values:
  wind_capex: 5000.0
  wind_opex: 100
  wind_lifetime: 20
  solar_capex: 1000.0
  solar_opex: 10
  solar_lifetime: 20
  carbon_price: 1.0
timeseries_values:
  load_level: 272220.5735139393
  wind_year: 2014
  solar_year: 2016
  price_year: 2023
  carbon_year: 2023
storage_values:
  CAES:
    cost: 34.5086
    lifetime: 20.2449
    annual_cost: 1.7045576910728133
    efficiency: 0.595832
    discharge_ratio: 0.1
    depth_of_discharge: 0.4
  Li-ion:
    cost: 212.671
    lifetime: 20.6091
    annual_cost: 10.319276436137434
    efficiency: 0.943415
    discharge_ratio: 2
    depth_of_discharge: 0.9
  Pb-acid:
    cost: 238.749
    lifetime: 11.9083
    annual_cost: 20.048957449845904
    efficiency: 0.689369
    discharge_ratio: 5
    depth_of_discharge: 0.5
  VRBF:
    cost: 298.266
    lifetime: 14.8717
    annual_cost: 20.055945184477903
    efficiency: 0.722374
    discharge_ratio: 0.5
    depth_of_discharge: 1.0
