cost_values:
  wind_capex: 5000.0
  wind_opex: 100
  wind_lifetime: 20
  solar_capex: 1000.0
  solar_opex: 10
  solar_lifetime: 20
  carbon_price: 1.0
timeseries_values:
  load_level: 272220.5735139393
  wind_year: 2014
  solar_year: 2016
  price_year: 2023
  carbon_year: 2023
storage_values:
  CAES:
    cost: 28.0019
    lifetime: 20.9102
    annual_cost: 1.3391502711595298
    efficiency: 0.594913
    discharge_ratio: 0.1
    depth_of_discharge: 0.4
  Li-ion:
    cost: 231.515
    lifetime: 18.5938
    annual_cost: 12.451193408555538
    efficiency: 0.945212
    discharge_ratio: 2
    depth_of_discharge: 0.9
  Pb-acid:
    cost: 246.975
    lifetime: 12.1394
    annual_cost: 20.344909962601115
    efficiency: 0.676666
    discharge_ratio: 5
    depth_of_discharge: 0.5
  VRBF:
    cost: 299.497
    lifetime: 17.5162
    annual_cost: 17.098286157956633
    efficiency: 0.706466
    discharge_ratio: 0.5
    depth_of_discharge: 1.0
