cost_values:
  wind_capex: 5000.0
  wind_opex: 100
  wind_lifetime: 20
  solar_capex: 1000.0
  solar_opex: 10
  solar_lifetime: 20
  carbon_price: 1.0
timeseries_values:
  load_level: 272220.5735139393
  wind_year: 2014
  solar_year: 2016
  price_year: 2023
  carbon_year: 2023
storage_values:
  CAES:
    cost: 32.372
    lifetime: 22.6096
    annual_cost: 1.43178119029085
    efficiency: 0.589192
    discharge_ratio: 0.1
    depth_of_discharge: 0.4
  Li-ion:
    cost: 221.593
    lifetime: 20.2451
    annual_cost: 10.945512741354698
    efficiency: 0.935315
    discharge_ratio: 2
    depth_of_discharge: 0.9
  Pb-acid:
    cost: 233.747
    lifetime: 13.0387
    annual_cost: 17.92717065351607
    efficiency: 0.676294
    discharge_ratio: 5
    depth_of_discharge: 0.5
  VRBF:
    cost: 322.594
    lifetime: 17.9367
    annual_cost: 17.985136619333545
    efficiency: 0.705963
    discharge_ratio: 0.5
    depth_of_discharge: 1.0
