cost_values:
  wind_capex: 5000.0
  wind_opex: 100
  wind_lifetime: 20
  solar_capex: 1000.0
  solar_opex: 10
  solar_lifetime: 20
  carbon_price: 1.0
timeseries_values:
  load_level: 272220.5735139393
  wind_year: 2014
  solar_year: 2016
  price_year: 2023
  carbon_year: 2023
storage_values:
  CAES:
    cost: 26.4598
    lifetime: 21.9025
    annual_cost: 1.2080721378838033
    efficiency: 0.583122
    discharge_ratio: 0.1
    depth_of_discharge: 0.4
  Li-ion:
    cost: 229.72
    lifetime: 21.5321
    annual_cost: 10.6687225119705
    efficiency: 0.93084
    discharge_ratio: 2
    depth_of_discharge: 0.9
  Pb-acid:
    cost: 223.824
    lifetime: 11.5821
    annual_cost: 19.324992876939415
    efficiency: 0.682014
    discharge_ratio: 5
    depth_of_discharge: 0.5
  VRBF:
    cost: 280.649
    lifetime: 16.7448
    annual_cost: 16.760367397639865
    efficiency: 0.74724
    discharge_ratio: 0.5
    depth_of_discharge: 1.0
