cost_values:
  wind_capex: 5000.0
  wind_opex: 100
  wind_lifetime: 20
  solar_capex: 1000.0
  solar_opex: 10
  solar_lifetime: 20
  carbon_price: 1.0
timeseries_values:
  load_level: 272220.5735139393
  wind_year: 2014
  solar_year: 2016
  price_year: 2023
  carbon_year: 2023
storage_values:
  CAES:
    cost: 29.7689
    lifetime: 21.578
    annual_cost: 1.3795949578274167
    efficiency: 0.591997
    discharge_ratio: 0.1
    depth_of_discharge: 0.4
  Li-ion:
    cost: 226.045
    lifetime: 20.7448
    annual_cost: 10.896465620300026
    efficiency: 0.942915
    discharge_ratio: 2
    depth_of_discharge: 0.9
  Pb-acid:
    cost: 232.101
    lifetime: 10.8314
    annual_cost: 21.42853186107059
    efficiency: 0.703502
    discharge_ratio: 5
    depth_of_discharge: 0.5
  VRBF:
    cost: 299.568
    lifetime: 15.2109
    annual_cost: 19.694298167761275
    efficiency: 0.68931
    discharge_ratio: 0.5
    depth_of_discharge: 1.0
