cost_values:
  wind_capex: 5000.0
  wind_opex: 100
  wind_lifetime: 20
  solar_capex: 1000.0
  solar_opex: 10
  solar_lifetime: 20
  carbon_price: 1.0
timeseries_values:
  load_level: 272220.5735139393
  wind_year: 2014
  solar_year: 2016
  price_year: 2023
  carbon_year: 2023
storage_values:
  CAES:
    cost: 30.9136
    lifetime: 20.9021
    annual_cost: 1.4789710124819992
    efficiency: 0.595381
    discharge_ratio: 0.1
    depth_of_discharge: 0.4
  Li-ion:
    cost: 230.083
    lifetime: 19.3967
    annual_cost: 11.86196621074719
    efficiency: 0.931836
    discharge_ratio: 2
    depth_of_discharge: 0.9
  Pb-acid:
    cost: 220.448
    lifetime: 12.5389
    annual_cost: 17.581127531123144
    efficiency: 0.715043
    discharge_ratio: 5
    depth_of_discharge: 0.5
  VRBF:
    cost: 275.262
    lifetime: 17.5256
    annual_cost: 15.706281097366139
    efficiency: 0.723524
    discharge_ratio: 0.5
    depth_of_discharge: 1.0
