cost_values:
  wind_capex: 5000.0
  wind_opex: 100
  wind_lifetime: 20
  solar_capex: 1000.0
  solar_opex: 10
  solar_lifetime: 20
  carbon_price: 1.0
timeseries_values:
  load_level: 272220.5735139393
  wind_year: 2014
  solar_year: 2016
  price_year: 2023
  carbon_year: 2023
storage_values:
  CAES:
    cost: 32.9512
    lifetime: 21.5987
    annual_cost: 1.525610337659211
    efficiency: 0.599691
    discharge_ratio: 0.1
    depth_of_discharge: 0.4
  Li-ion:
    cost: 206.063
    lifetime: 19.884
    annual_cost: 10.363256889961777
    efficiency: 0.935095
    discharge_ratio: 2
    depth_of_discharge: 0.9
  Pb-acid:
    cost: 249.788
    lifetime: 11.3187
    annual_cost: 22.068612119766406
    efficiency: 0.688046
    discharge_ratio: 5
    depth_of_discharge: 0.5
  VRBF:
    cost: 304.527
    lifetime: 16.167
    annual_cost: 18.836333271478935
    efficiency: 0.72632
    discharge_ratio: 0.5
    depth_of_discharge: 1.0
