cost_values:
  wind_capex: 5000.0
  wind_opex: 100
  wind_lifetime: 20
  solar_capex: 1000.0
  solar_opex: 10
  solar_lifetime: 20
  carbon_price: 1.0
timeseries_values:
  load_level: 272220.5735139393
  wind_year: 2014
  solar_year: 2016
  price_year: 2023
  carbon_year: 2023
storage_values:
  CAES:
    cost: 35.3107
    lifetime: 22.1569
    annual_cost: 1.5936660814464116
    efficiency: 0.586782
    discharge_ratio: 0.1
    depth_of_discharge: 0.4
  Li-ion:
    cost: 217.084
    lifetime: 20.6403
    annual_cost: 10.517482788525362
    efficiency: 0.939343
    discharge_ratio: 2
    depth_of_discharge: 0.9
  Pb-acid:
    cost: 229.552
    lifetime: 11.5231
    annual_cost: 19.92102819553766
    efficiency: 0.702173
    discharge_ratio: 5
    depth_of_discharge: 0.5
  VRBF:
    cost: 265.446
    lifetime: 17.0092
    annual_cost: 15.606024974719565
    efficiency: 0.717989
    discharge_ratio: 0.5
    depth_of_discharge: 1.0
