cost_values:
  wind_capex: 5000.0
  wind_opex: 100
  wind_lifetime: 20
  solar_capex: 1000.0
  solar_opex: 10
  solar_lifetime: 20
  carbon_price: 1.0
timeseries_values:
  load_level: 272220.5735139393
  wind_year: 2014
  solar_year: 2016
  price_year: 2023
  carbon_year: 2023
storage_values:
  CAES:
    cost: 31.1978
    lifetime: 22.413
    annual_cost: 1.391951099808147
    efficiency: 0.58465
    discharge_ratio: 0.1
    depth_of_discharge: 0.4
  Li-ion:
    cost: 255.556
    lifetime: 20.0402
    annual_cost: 12.752168142034511
    efficiency: 0.93579
    discharge_ratio: 2
    depth_of_discharge: 0.9
  Pb-acid:
    cost: 237.006
    lifetime: 12.0889
    annual_cost: 19.605257715755776
    efficiency: 0.681894
    discharge_ratio: 5
    depth_of_discharge: 0.5
  VRBF:
    cost: 315.353
    lifetime: 15.2232
    annual_cost: 20.715289820799832
    efficiency: 0.713533
    discharge_ratio: 0.5
    depth_of_discharge: 1.0
