cost_values:
  wind_capex: 5000.0
  wind_opex: 100
  wind_lifetime: 20
  solar_capex: 1000.0
  solar_opex: 10
  solar_lifetime: 20
  carbon_price: 1.0
timeseries_values:
  load_level: 272220.5735139393
  wind_year: 2014
  solar_year: 2016
  price_year: 2023
  carbon_year: 2023
storage_values:
  CAES:
    cost: 24.1447
    lifetime: 22.2396
    annual_cost: 1.085662511915682
    efficiency: 0.591321
    discharge_ratio: 0.1
    depth_of_discharge: 0.4
  Li-ion:
    cost: 235.793
    lifetime: 20.7055
    annual_cost: 11.387940402308566
    efficiency: 0.95164
    discharge_ratio: 2
    depth_of_discharge: 0.9
  Pb-acid:
    cost: 236.942
    lifetime: 9.51107
    annual_cost: 24.91223384960893
    efficiency: 0.686392
    discharge_ratio: 5
    depth_of_discharge: 0.5
  VRBF:
    cost: 292.215
    lifetime: 16.1614
    annual_cost: 18.081044958976324
    efficiency: 0.717767
    discharge_ratio: 0.5
    depth_of_discharge: 1.0
