cost_values:
  wind_capex: 5000.0
  wind_opex: 100
  wind_lifetime: 20
  solar_capex: 1000.0
  solar_opex: 10
  solar_lifetime: 20
  carbon_price: 1.0
timeseries_values:
  load_level: 272220.5735139393
  wind_year: 2014
  solar_year: 2016
  price_year: 2023
  carbon_year: 2023
storage_values:
  CAES:
    cost: 30.0631
    lifetime: 20.5452
    annual_cost: 1.463266359052236
    efficiency: 0.590944
    discharge_ratio: 0.1
    depth_of_discharge: 0.4
  Li-ion:
    cost: 241.375
    lifetime: 21.319
    annual_cost: 11.322060134152634
    efficiency: 0.940536
    discharge_ratio: 2
    depth_of_discharge: 0.9
  Pb-acid:
    cost: 236.779
    lifetime: 13.1223
    annual_cost: 18.044016673906253
    efficiency: 0.678942
    discharge_ratio: 5
    depth_of_discharge: 0.5
  VRBF:
    cost: 301.564
    lifetime: 15.4535
    annual_cost: 19.514284789853434
    efficiency: 0.718145
    discharge_ratio: 0.5
    depth_of_discharge: 1.0
