cost_values:
  wind_capex: 5000.0
  wind_opex: 100
  wind_lifetime: 20
  solar_capex: 1000.0
  solar_opex: 10
  solar_lifetime: 20
  carbon_price: 1.0
timeseries_values:
  load_level: 272220.5735139393
  wind_year: 2014
  solar_year: 2016
  price_year: 2023
  carbon_year: 2023
storage_values:
  CAES:
    cost: 29.4188
    lifetime: 20.3316
    annual_cost: 1.446949576029432
    efficiency: 0.585851
    discharge_ratio: 0.1
    depth_of_discharge: 0.4
  Li-ion:
    cost: 214.604
    lifetime: 20.3355
    annual_cost: 10.553170563792383
    efficiency: 0.939387
    discharge_ratio: 2
    depth_of_discharge: 0.9
  Pb-acid:
    cost: 228.655
    lifetime: 11.1758
    annual_cost: 20.459832853129083
    efficiency: 0.702571
    discharge_ratio: 5
    depth_of_discharge: 0.5
  VRBF:
    cost: 288.377
    lifetime: 14.9609
    annual_cost: 19.275377818179386
    efficiency: 0.698278
    discharge_ratio: 0.5
    depth_of_discharge: 1.0
