cost_values:
  wind_capex: 5000.0
  wind_opex: 100
  wind_lifetime: 20
  solar_capex: 1000.0
  solar_opex: 10
  solar_lifetime: 20
  carbon_price: 1.0
timeseries_values:
  load_level: 272220.5735139393
  wind_year: 2014
  solar_year: 2016
  price_year: 2023
  carbon_year: 2023
storage_values:
  CAES:
    cost: 33.2259
    lifetime: 22.0902
    annual_cost: 1.5041013662166935
    efficiency: 0.590311
    discharge_ratio: 0.1
    depth_of_discharge: 0.4
  Li-ion:
    cost: 206.108
    lifetime: 17.5202
    annual_cost: 11.764020958664856
    efficiency: 0.947752
    discharge_ratio: 2
    depth_of_discharge: 0.9
  Pb-acid:
    cost: 239.103
    lifetime: 11.1088
    annual_cost: 21.523746939363388
    efficiency: 0.689134
    discharge_ratio: 5
    depth_of_discharge: 0.5
  VRBF:
    cost: 277.364
    lifetime: 16.5804
    annual_cost: 16.72842633470845
    efficiency: 0.722452
    discharge_ratio: 0.5
    depth_of_discharge: 1.0
