cost_values:
  wind_capex: 5000.0
  wind_opex: 100
  wind_lifetime: 20
  solar_capex: 1000.0
  solar_opex: 10
  solar_lifetime: 20
  carbon_price: 1.0
timeseries_values:
  load_level: 272220.5735139393
  wind_year: 2014
  solar_year: 2016
  price_year: 2023
  carbon_year: 2023
storage_values:
  CAES:
    cost: 28.0468
    lifetime: 22.344
    annual_cost: 1.2552273540995345
    efficiency: 0.592847
    discharge_ratio: 0.1
    depth_of_discharge: 0.4
  Li-ion:
    cost: 266.49
    lifetime: 21.8928
    annual_cost: 12.1724950668713
    efficiency: 0.940739
    discharge_ratio: 2
    depth_of_discharge: 0.9
  Pb-acid:
    cost: 249.386
    lifetime: 10.782
    annual_cost: 23.12984603969579
    efficiency: 0.69156
    discharge_ratio: 5
    depth_of_discharge: 0.5
  VRBF:
    cost: 294.645
    lifetime: 17.6424
    annual_cost: 16.700959053190044
    efficiency: 0.723406
    discharge_ratio: 0.5
    depth_of_discharge: 1.0
