cost_values:
  wind_capex: 5000.0
  wind_opex: 100
  wind_lifetime: 20
  solar_capex: 1000.0
  solar_opex: 10
  solar_lifetime: 20
  carbon_price: 1.0
timeseries_values:
  load_level: 272220.5735139393
  wind_year: 2014
  solar_year: 2016
  price_year: 2023
  carbon_year: 2023
storage_values:
  CAES:
    cost: 32.1682
    lifetime: 20.7019
    annual_cost: 1.5538766973079767
    efficiency: 0.585874
    discharge_ratio: 0.1
    depth_of_discharge: 0.4
  Li-ion:
    cost: 225.413
    lifetime: 19.3652
    annual_cost: 11.640106996054778
    efficiency: 0.943962
    discharge_ratio: 2
    depth_of_discharge: 0.9
  Pb-acid:
    cost: 248.451
    lifetime: 12.572
    annual_cost: 19.76224944320713
    efficiency: 0.689396
    discharge_ratio: 5
    depth_of_discharge: 0.5
  VRBF:
    cost: 293.632
    lifetime: 15.4926
    annual_cost: 18.953048552212024
    efficiency: 0.699718
    discharge_ratio: 0.5
    depth_of_discharge: 1.0
