cost_values:
  wind_capex: 5000.0
  wind_opex: 100
  wind_lifetime: 20
  solar_capex: 1000.0
  solar_opex: 10
  solar_lifetime: 20
  carbon_price: 1.0
timeseries_values:
  load_level: 272220.5735139393
  wind_year: 2014
  solar_year: 2016
  price_year: 2023
  carbon_year: 2023
storage_values:
  CAES:
    cost: 36.4913
    lifetime: 22.3649
    annual_cost: 1.6316326028732524
    efficiency: 0.589816
    discharge_ratio: 0.1
    depth_of_discharge: 0.4
  Li-ion:
    cost: 255.49
    lifetime: 20.4421
    annual_cost: 12.498226698822528
    efficiency: 0.931445
    discharge_ratio: 2
    depth_of_discharge: 0.9
  Pb-acid:
    cost: 245.433
    lifetime: 10.1837
    annual_cost: 24.100572483478498
    efficiency: 0.684753
    discharge_ratio: 5
    depth_of_discharge: 0.5
  VRBF:
    cost: 296.92
    lifetime: 16.6324
    annual_cost: 17.851903513624013
    efficiency: 0.733372
    discharge_ratio: 0.5
    depth_of_discharge: 1.0
