cost_values:
  wind_capex: 5000.0
  wind_opex: 100
  wind_lifetime: 20
  solar_capex: 1000.0
  solar_opex: 10
  solar_lifetime: 20
  carbon_price: 1.0
timeseries_values:
  load_level: 272220.5735139393
  wind_year: 2014
  solar_year: 2016
  price_year: 2023
  carbon_year: 2023
storage_values:
  CAES:
    cost: 29.9597
    lifetime: 21.8808
    annual_cost: 1.369223245950788
    efficiency: 0.603287
    discharge_ratio: 0.1
    depth_of_discharge: 0.4
  Li-ion:
    cost: 233.925
    lifetime: 20.9859
    annual_cost: 11.146769974125485
    efficiency: 0.958268
    discharge_ratio: 2
    depth_of_discharge: 0.9
  Pb-acid:
    cost: 229.127
    lifetime: 11.9411
    annual_cost: 19.188098248905042
    efficiency: 0.678783
    discharge_ratio: 5
    depth_of_discharge: 0.5
  VRBF:
    cost: 274.536
    lifetime: 16.2899
    annual_cost: 16.853142131013698
    efficiency: 0.699811
    discharge_ratio: 0.5
    depth_of_discharge: 1.0
