cost_values:
  wind_capex: 5000.0
  wind_opex: 100
  wind_lifetime: 20
  solar_capex: 1000.0
  solar_opex: 10
  solar_lifetime: 20
  carbon_price: 1.0
timeseries_values:
  load_level: 272220.5735139393
  wind_year: 2014
  solar_year: 2016
  price_year: 2023
  carbon_year: 2023
storage_values:
  CAES:
    cost: 30.7879
    lifetime: 21.7867
    annual_cost: 1.4131511426696104
    efficiency: 0.600073
    discharge_ratio: 0.1
    depth_of_discharge: 0.4
  Li-ion:
    cost: 250.222
    lifetime: 20.2981
    annual_cost: 12.327360688931476
    efficiency: 0.936968
    discharge_ratio: 2
    depth_of_discharge: 0.9
  Pb-acid:
    cost: 246.286
    lifetime: 11.0048
    annual_cost: 22.379870601919162
    efficiency: 0.696249
    discharge_ratio: 5
    depth_of_discharge: 0.5
  VRBF:
    cost: 300.856
    lifetime: 15.4365
    annual_cost: 19.48991027758883
    efficiency: 0.71548
    discharge_ratio: 0.5
    depth_of_discharge: 1.0
