cost_values:
  wind_capex: 5000.0
  wind_opex: 100
  wind_lifetime: 20
  solar_capex: 1000.0
  solar_opex: 10
  solar_lifetime: 20
  carbon_price: 1.0
timeseries_values:
  load_level: 272220.5735139393
  wind_year: 2014
  solar_year: 2016
  price_year: 2023
  carbon_year: 2023
storage_values:
  CAES:
    cost: 30.2334
    lifetime: 21.8651
    annual_cost: 1.3827240671206624
    efficiency: 0.594609
    discharge_ratio: 0.1
    depth_of_discharge: 0.4
  Li-ion:
    cost: 206.092
    lifetime: 18.6435
    annual_cost: 11.05436211011881
    efficiency: 0.927419
    discharge_ratio: 2
    depth_of_discharge: 0.9
  Pb-acid:
    cost: 249.273
    lifetime: 11.83
    annual_cost: 21.07125950972105
    efficiency: 0.703074
    discharge_ratio: 5
    depth_of_discharge: 0.5
  VRBF:
    cost: 283.506
    lifetime: 16.1272
    annual_cost: 17.579369016320253
    efficiency: 0.727335
    discharge_ratio: 0.5
    depth_of_discharge: 1.0
