cost_values:
  wind_capex: 5000.0
  wind_opex: 100
  wind_lifetime: 20
  solar_capex: 1000.0
  solar_opex: 10
  solar_lifetime: 20
  carbon_price: 1.0
timeseries_values:
  load_level: 272220.5735139393
  wind_year: 2014
  solar_year: 2016
  price_year: 2023
  carbon_year: 2023
storage_values:
  CAES:
    cost: 24.2573
    lifetime: 21.7313
    annual_cost: 1.1162378688803707
    efficiency: 0.597329
    discharge_ratio: 0.1
    depth_of_discharge: 0.4
  Li-ion:
    cost: 216.984
    lifetime: 20.4642
    annual_cost: 10.603102002521476
    efficiency: 0.945257
    discharge_ratio: 2
    depth_of_discharge: 0.9
  Pb-acid:
    cost: 229.127
    lifetime: 10.9507
    annual_cost: 20.923502607139273
    efficiency: 0.67942
    discharge_ratio: 5
    depth_of_discharge: 0.5
  VRBF:
    cost: 284.666
    lifetime: 14.5293
    annual_cost: 19.592547473037243
    efficiency: 0.697495
    discharge_ratio: 0.5
    depth_of_discharge: 1.0
