cost_values:
  wind_capex: 5000.0
  wind_opex: 100
  wind_lifetime: 20
  solar_capex: 1000.0
  solar_opex: 10
  solar_lifetime: 20
  carbon_price: 1.0
timeseries_values:
  load_level: 272220.5735139393
  wind_year: 2014
  solar_year: 2016
  price_year: 2023
  carbon_year: 2023
storage_values:
  CAES:
    cost: 28.6809
    lifetime: 21.3359
    annual_cost: 1.344255456765358
    efficiency: 0.584869
    discharge_ratio: 0.1
    depth_of_discharge: 0.4
  Li-ion:
    cost: 228.144
    lifetime: 19.832
    annual_cost: 11.503832190399354
    efficiency: 0.92379
    discharge_ratio: 2
    depth_of_discharge: 0.9
  Pb-acid:
    cost: 247.183
    lifetime: 12.0404
    annual_cost: 20.529467459552837
    efficiency: 0.678873
    discharge_ratio: 5
    depth_of_discharge: 0.5
  VRBF:
    cost: 332.377
    lifetime: 16.898
    annual_cost: 19.669605870517223
    efficiency: 0.741905
    discharge_ratio: 0.5
    depth_of_discharge: 1.0
