cost_values:
  wind_capex: 5000.0
  wind_opex: 100
  wind_lifetime: 20
  solar_capex: 1000.0
  solar_opex: 10
  solar_lifetime: 20
  carbon_price: 1.0
timeseries_values:
  load_level: 272220.5735139393
  wind_year: 2014
  solar_year: 2016
  price_year: 2023
  carbon_year: 2023
storage_values:
  CAES:
    cost: 31.1525
    lifetime: 21.0355
    annual_cost: 1.4809488721447077
    efficiency: 0.584595
    discharge_ratio: 0.1
    depth_of_discharge: 0.4
  Li-ion:
    cost: 227.668
    lifetime: 19.6556
    annual_cost: 11.582856793992553
    efficiency: 0.943836
    discharge_ratio: 2
    depth_of_discharge: 0.9
  Pb-acid:
    cost: 234.308
    lifetime: 12.9519
    annual_cost: 18.090627629923024
    efficiency: 0.683982
    discharge_ratio: 5
    depth_of_discharge: 0.5
  VRBF:
    cost: 323.584
    lifetime: 17.2486
    annual_cost: 18.76001530559002
    efficiency: 0.711253
    discharge_ratio: 0.5
    depth_of_discharge: 1.0
