cost_values:
  wind_capex: 5000.0
  wind_opex: 100
  wind_lifetime: 20
  solar_capex: 1000.0
  solar_opex: 10
  solar_lifetime: 20
  carbon_price: 1.0
timeseries_values:
  load_level: 272220.5735139393
  wind_year: 2014
  solar_year: 2016
  price_year: 2023
  carbon_year: 2023
storage_values:
  CAES:
    cost: 21.6772
    lifetime: 20.7995
    annual_cost: 1.0421981297627347
    efficiency: 0.594082
    discharge_ratio: 0.1
    depth_of_discharge: 0.4
  Li-ion:
    cost: 219.667
    lifetime: 19.3936
    annual_cost: 11.326777906113357
    efficiency: 0.934512
    discharge_ratio: 2
    depth_of_discharge: 0.9
  Pb-acid:
    cost: 246.581
    lifetime: 12.4824
    annual_cost: 19.754294046016792
    efficiency: 0.684277
    discharge_ratio: 5
    depth_of_discharge: 0.5
  VRBF:
    cost: 321.587
    lifetime: 15.2974
    annual_cost: 21.022330592126767
    efficiency: 0.723107
    discharge_ratio: 0.5
    depth_of_discharge: 1.0
