cost_values:
  wind_capex: 5000.0
  wind_opex: 100
  wind_lifetime: 20
  solar_capex: 1000.0
  solar_opex: 10
  solar_lifetime: 20
  carbon_price: 1.0
timeseries_values:
  load_level: 272220.5735139393
  wind_year: 2014
  solar_year: 2016
  price_year: 2023
  carbon_year: 2023
storage_values:
  CAES:
    cost: 29.5068
    lifetime: 22.1304
    annual_cost: 1.3333152586487365
    efficiency: 0.587249
    discharge_ratio: 0.1
    depth_of_discharge: 0.4
  Li-ion:
    cost: 213.361
    lifetime: 19.9062
    annual_cost: 10.718318915714702
    efficiency: 0.928318
    discharge_ratio: 2
    depth_of_discharge: 0.9
  Pb-acid:
    cost: 241.345
    lifetime: 11.0494
    annual_cost: 21.8423624812207
    efficiency: 0.684796
    discharge_ratio: 5
    depth_of_discharge: 0.5
  VRBF:
    cost: 269.459
    lifetime: 16.504
    annual_cost: 16.326890450799805
    efficiency: 0.723596
    discharge_ratio: 0.5
    depth_of_discharge: 1.0
