cost_values:
  wind_capex: 5000.0
  wind_opex: 100
  wind_lifetime: 20
  solar_capex: 1000.0
  solar_opex: 10
  solar_lifetime: 20
  carbon_price: 1.0
timeseries_values:
  load_level: 252142.46085170782
  wind_year: 2010
  solar_year: 2018
  price_year: 2023
  carbon_year: 2023
storage_values:
  CAES:
    cost: 44.9847
    lifetime: 24.5756
    annual_cost: 1.8304619215807547
    efficiency: 0.567003
    discharge_ratio: 0.1
    depth_of_discharge: 0.4
  Li-ion:
    cost: 228.406
    lifetime: 21.0194
    annual_cost: 10.86643767186504
    efficiency: 0.861212
    discharge_ratio: 2
    depth_of_discharge: 0.9
  Pb-acid:
    cost: 125.211
    lifetime: 10.2508
    annual_cost: 12.214753970421821
    efficiency: 0.727776
    discharge_ratio: 5
    depth_of_discharge: 0.5
  VRBF:
    cost: 214.319
    lifetime: 21.6916
    annual_cost: 9.880276235962308
    efficiency: 0.721847
    discharge_ratio: 0.5
    depth_of_discharge: 1.0
