cost_values:
  wind_capex: 5000.0
  wind_opex: 100
  wind_lifetime: 20
  solar_capex: 1000.0
  solar_opex: 10
  solar_lifetime: 20
  carbon_price: 1.0
timeseries_values:
  load_level: 252142.46085170782
  wind_year: 2010
  solar_year: 2018
  price_year: 2023
  carbon_year: 2023
storage_values:
  CAES:
    cost: 44.4762
    lifetime: 24.3451
    annual_cost: 1.8269056196113387
    efficiency: 0.565726
    discharge_ratio: 0.1
    depth_of_discharge: 0.4
  Li-ion:
    cost: 254.791
    lifetime: 24.0969
    annual_cost: 10.573600753623909
    efficiency: 0.860298
    discharge_ratio: 2
    depth_of_discharge: 0.9
  Pb-acid:
    cost: 149.896
    lifetime: 11.2352
    annual_cost: 13.341640558245512
    efficiency: 0.731034
    discharge_ratio: 5
    depth_of_discharge: 0.5
  VRBF:
    cost: 185.937
    lifetime: 25.3326
    annual_cost: 7.339830889841549
    efficiency: 0.73378
    discharge_ratio: 0.5
    depth_of_discharge: 1.0
