cost_values:
  wind_capex: 5000.0
  wind_opex: 100
  wind_lifetime: 20
  solar_capex: 1000.0
  solar_opex: 10
  solar_lifetime: 20
  carbon_price: 1.0
timeseries_values:
  load_level: 252142.46085170782
  wind_year: 2010
  solar_year: 2018
  price_year: 2023
  carbon_year: 2023
storage_values:
  CAES:
    cost: 50.774
    lifetime: 24.4622
    annual_cost: 2.075610533803174
    efficiency: 0.558372
    discharge_ratio: 0.1
    depth_of_discharge: 0.4
  Li-ion:
    cost: 228.071
    lifetime: 23.1521
    annual_cost: 9.850985439765722
    efficiency: 0.870204
    discharge_ratio: 2
    depth_of_discharge: 0.9
  Pb-acid:
    cost: 145.415
    lifetime: 11.6747
    annual_cost: 12.455566310055076
    efficiency: 0.729424
    discharge_ratio: 5
    depth_of_discharge: 0.5
  VRBF:
    cost: 196.503
    lifetime: 23.9584
    annual_cost: 8.201841525310538
    efficiency: 0.725698
    discharge_ratio: 0.5
    depth_of_discharge: 1.0
