cost_values:
  wind_capex: 5000.0
  wind_opex: 100
  wind_lifetime: 20
  solar_capex: 1000.0
  solar_opex: 10
  solar_lifetime: 20
  carbon_price: 1.0
timeseries_values:
  load_level: 252142.46085170782
  wind_year: 2010
  solar_year: 2018
  price_year: 2023
  carbon_year: 2023
storage_values:
  CAES:
    cost: 59.3334
    lifetime: 23.6264
    annual_cost: 2.5113178478312395
    efficiency: 0.554251
    discharge_ratio: 0.1
    depth_of_discharge: 0.4
  Li-ion:
    cost: 232.898
    lifetime: 20.062
    annual_cost: 11.608912371647891
    efficiency: 0.857482
    discharge_ratio: 2
    depth_of_discharge: 0.9
  Pb-acid:
    cost: 145.116
    lifetime: 10.3793
    annual_cost: 13.981289682348521
    efficiency: 0.73056
    discharge_ratio: 5
    depth_of_discharge: 0.5
  VRBF:
    cost: 240.305
    lifetime: 25.6834
    annual_cost: 9.356432559552085
    efficiency: 0.7306
    discharge_ratio: 0.5
    depth_of_discharge: 1.0
