cost_values:
  wind_capex: 5000.0
  wind_opex: 100
  wind_lifetime: 20
  solar_capex: 1000.0
  solar_opex: 10
  solar_lifetime: 20
  carbon_price: 1.0
timeseries_values:
  load_level: 252142.46085170782
  wind_year: 2010
  solar_year: 2018
  price_year: 2023
  carbon_year: 2023
storage_values:
  CAES:
    cost: 40.5157
    lifetime: 25.1026
    annual_cost: 1.6140041270625356
    efficiency: 0.56142
    discharge_ratio: 0.1
    depth_of_discharge: 0.4
  Li-ion:
    cost: 222.488
    lifetime: 19.9587
    annual_cost: 11.147419421104582
    efficiency: 0.85308
    discharge_ratio: 2
    depth_of_discharge: 0.9
  Pb-acid:
    cost: 155.636
    lifetime: 12.6744
    annual_cost: 12.2795556397147
    efficiency: 0.745812
    discharge_ratio: 5
    depth_of_discharge: 0.5
  VRBF:
    cost: 186.58
    lifetime: 23.7576
    annual_cost: 7.853486884197057
    efficiency: 0.738352
    discharge_ratio: 0.5
    depth_of_discharge: 1.0
