cost_values:
  wind_capex: 5000.0
  wind_opex: 100
  wind_lifetime: 20
  solar_capex: 1000.0
  solar_opex: 10
  solar_lifetime: 20
  carbon_price: 1.0
timeseries_values:
  load_level: 252142.46085170782
  wind_year: 2010
  solar_year: 2018
  price_year: 2023
  carbon_year: 2023
storage_values:
  CAES:
    cost: 42.8724
    lifetime: 23.6898
    annual_cost: 1.809740901147329
    efficiency: 0.567423
    discharge_ratio: 0.1
    depth_of_discharge: 0.4
  Li-ion:
    cost: 229.5
    lifetime: 23.8196
    annual_cost: 9.634922500797662
    efficiency: 0.856554
    discharge_ratio: 2
    depth_of_discharge: 0.9
  Pb-acid:
    cost: 155.602
    lifetime: 9.9477
    annual_cost: 15.642007700272426
    efficiency: 0.713966
    discharge_ratio: 5
    depth_of_discharge: 0.5
  VRBF:
    cost: 159.179
    lifetime: 25.5928
    annual_cost: 6.219678972210934
    efficiency: 0.741379
    discharge_ratio: 0.5
    depth_of_discharge: 1.0
