cost_values:
  wind_capex: 5000.0
  wind_opex: 100
  wind_lifetime: 20
  solar_capex: 1000.0
  solar_opex: 10
  solar_lifetime: 20
  carbon_price: 1.0
timeseries_values:
  load_level: 252142.46085170782
  wind_year: 2010
  solar_year: 2018
  price_year: 2023
  carbon_year: 2023
storage_values:
  CAES:
    cost: 47.3739
    lifetime: 24.6612
    annual_cost: 1.9209892462653884
    efficiency: 0.552883
    discharge_ratio: 0.1
    depth_of_discharge: 0.4
  Li-ion:
    cost: 242.475
    lifetime: 23.9527
    annual_cost: 10.123075895410539
    efficiency: 0.859225
    discharge_ratio: 2
    depth_of_discharge: 0.9
  Pb-acid:
    cost: 159.396
    lifetime: 11.5986
    annual_cost: 13.742693083648026
    efficiency: 0.723544
    discharge_ratio: 5
    depth_of_discharge: 0.5
  VRBF:
    cost: 214.233
    lifetime: 23.1115
    annual_cost: 9.269541137528936
    efficiency: 0.755629
    discharge_ratio: 0.5
    depth_of_discharge: 1.0
