cost_values:
  wind_capex: 5000.0
  wind_opex: 100
  wind_lifetime: 20
  solar_capex: 1000.0
  solar_opex: 10
  solar_lifetime: 20
  carbon_price: 1.0
timeseries_values:
  load_level: 252142.46085170782
  wind_year: 2010
  solar_year: 2018
  price_year: 2023
  carbon_year: 2023
storage_values:
  CAES:
    cost: 47.7127
    lifetime: 23.5586
    annual_cost: 2.0252773933934956
    efficiency: 0.559561
    discharge_ratio: 0.1
    depth_of_discharge: 0.4
  Li-ion:
    cost: 243.46
    lifetime: 21.3466
    annual_cost: 11.405094956573882
    efficiency: 0.86724
    discharge_ratio: 2
    depth_of_discharge: 0.9
  Pb-acid:
    cost: 148.414
    lifetime: 10.0783
    annual_cost: 14.726094678666042
    efficiency: 0.747157
    discharge_ratio: 5
    depth_of_discharge: 0.5
  VRBF:
    cost: 197.043
    lifetime: 22.9301
    annual_cost: 8.59320282074653
    efficiency: 0.710108
    discharge_ratio: 0.5
    depth_of_discharge: 1.0
