cost_values:
  wind_capex: 5000.0
  wind_opex: 100
  wind_lifetime: 20
  solar_capex: 1000.0
  solar_opex: 10
  solar_lifetime: 20
  carbon_price: 1.0
timeseries_values:
  load_level: 252142.46085170782
  wind_year: 2010
  solar_year: 2018
  price_year: 2023
  carbon_year: 2023
storage_values:
  CAES:
    cost: 53.8595
    lifetime: 24.2027
    annual_cost: 2.2253508906031145
    efficiency: 0.574963
    discharge_ratio: 0.1
    depth_of_discharge: 0.4
  Li-ion:
    cost: 227.971
    lifetime: 23.8309
    annual_cost: 9.566193471501286
    efficiency: 0.853069
    discharge_ratio: 2
    depth_of_discharge: 0.9
  Pb-acid:
    cost: 145.692
    lifetime: 10.6361
    annual_cost: 13.697877981590997
    efficiency: 0.733651
    discharge_ratio: 5
    depth_of_discharge: 0.5
  VRBF:
    cost: 167.607
    lifetime: 24.8694
    annual_cost: 6.739487080508577
    efficiency: 0.731995
    discharge_ratio: 0.5
    depth_of_discharge: 1.0
