cost_values:
  wind_capex: 5000.0
  wind_opex: 100
  wind_lifetime: 20
  solar_capex: 1000.0
  solar_opex: 10
  solar_lifetime: 20
  carbon_price: 1.0
timeseries_values:
  load_level: 252142.46085170782
  wind_year: 2010
  solar_year: 2018
  price_year: 2023
  carbon_year: 2023
storage_values:
  CAES:
    cost: 54.4274
    lifetime: 23.1517
    annual_cost: 2.3509029574502085
    efficiency: 0.552935
    discharge_ratio: 0.1
    depth_of_discharge: 0.4
  Li-ion:
    cost: 247.817
    lifetime: 21.505
    annual_cost: 11.523692164612882
    efficiency: 0.861891
    discharge_ratio: 2
    depth_of_discharge: 0.9
  Pb-acid:
    cost: 142.975
    lifetime: 10.6338
    annual_cost: 13.445334687505875
    efficiency: 0.735879
    discharge_ratio: 5
    depth_of_discharge: 0.5
  VRBF:
    cost: 207.801
    lifetime: 22.5088
    annual_cost: 9.231989266420245
    efficiency: 0.726818
    discharge_ratio: 0.5
    depth_of_discharge: 1.0
