cost_values:
  wind_capex: 5000.0
  wind_opex: 100
  wind_lifetime: 20
  solar_capex: 1000.0
  solar_opex: 10
  solar_lifetime: 20
  carbon_price: 1.0
timeseries_values:
  load_level: 252142.46085170782
  wind_year: 2010
  solar_year: 2018
  price_year: 2023
  carbon_year: 2023
storage_values:
  CAES:
    cost: 49.016
    lifetime: 24.043
    annual_cost: 2.0386806970843905
    efficiency: 0.551604
    discharge_ratio: 0.1
    depth_of_discharge: 0.4
  Li-ion:
    cost: 240.318
    lifetime: 21.9098
    annual_cost: 10.968516371669299
    efficiency: 0.853808
    discharge_ratio: 2
    depth_of_discharge: 0.9
  Pb-acid:
    cost: 146.544
    lifetime: 11.6094
    annual_cost: 12.622874567161094
    efficiency: 0.712801
    discharge_ratio: 5
    depth_of_discharge: 0.5
  VRBF:
    cost: 177.277
    lifetime: 24.7182
    annual_cost: 7.171921903698489
    efficiency: 0.721437
    discharge_ratio: 0.5
    depth_of_discharge: 1.0
