cost_values:
  wind_capex: 5000.0
  wind_opex: 100
  wind_lifetime: 20
  solar_capex: 1000.0
  solar_opex: 10
  solar_lifetime: 20
  carbon_price: 1.0
timeseries_values:
  load_level: 252142.46085170782
  wind_year: 2010
  solar_year: 2018
  price_year: 2023
  carbon_year: 2023
storage_values:
  CAES:
    cost: 49.6063
    lifetime: 24.2612
    annual_cost: 2.0446762732263863
    efficiency: 0.562754
    discharge_ratio: 0.1
    depth_of_discharge: 0.4
  Li-ion:
    cost: 242.271
    lifetime: 22.9727
    annual_cost: 10.54603942940969
    efficiency: 0.855524
    discharge_ratio: 2
    depth_of_discharge: 0.9
  Pb-acid:
    cost: 133.927
    lifetime: 9.26295
    annual_cost: 14.458352900533846
    efficiency: 0.736491
    discharge_ratio: 5
    depth_of_discharge: 0.5
  VRBF:
    cost: 166.364
    lifetime: 25.3152
    annual_cost: 6.571703956516243
    efficiency: 0.726586
    discharge_ratio: 0.5
    depth_of_discharge: 1.0
