cost_values:
  wind_capex: 5000.0
  wind_opex: 100
  wind_lifetime: 20
  solar_capex: 1000.0
  solar_opex: 10
  solar_lifetime: 20
  carbon_price: 1.0
timeseries_values:
  load_level: 252142.46085170782
  wind_year: 2010
  solar_year: 2018
  price_year: 2023
  carbon_year: 2023
storage_values:
  CAES:
    cost: 47.3622
    lifetime: 23.4158
    annual_cost: 2.0226599133918124
    efficiency: 0.566872
    discharge_ratio: 0.1
    depth_of_discharge: 0.4
  Li-ion:
    cost: 265.502
    lifetime: 19.9456
    annual_cost: 13.311306754371893
    efficiency: 0.853421
    discharge_ratio: 2
    depth_of_discharge: 0.9
  Pb-acid:
    cost: 147.717
    lifetime: 10.0793
    annual_cost: 14.655482027521755
    efficiency: 0.728444
    discharge_ratio: 5
    depth_of_discharge: 0.5
  VRBF:
    cost: 212.443
    lifetime: 24.7697
    annual_cost: 8.576728825944603
    efficiency: 0.721598
    discharge_ratio: 0.5
    depth_of_discharge: 1.0
