cost_values:
  wind_capex: 5000.0
  wind_opex: 100
  wind_lifetime: 20
  solar_capex: 1000.0
  solar_opex: 10
  solar_lifetime: 20
  carbon_price: 1.0
timeseries_values:
  load_level: 252142.46085170782
  wind_year: 2010
  solar_year: 2018
  price_year: 2023
  carbon_year: 2023
storage_values:
  CAES:
    cost: 55.534
    lifetime: 24.0151
    annual_cost: 2.312461742820142
    efficiency: 0.555763
    discharge_ratio: 0.1
    depth_of_discharge: 0.4
  Li-ion:
    cost: 227.986
    lifetime: 20.0039
    annual_cost: 11.397077569873874
    efficiency: 0.862513
    discharge_ratio: 2
    depth_of_discharge: 0.9
  Pb-acid:
    cost: 143.83
    lifetime: 10.7227
    annual_cost: 13.41359918677199
    efficiency: 0.721849
    discharge_ratio: 5
    depth_of_discharge: 0.5
  VRBF:
    cost: 179.35
    lifetime: 23.6635
    annual_cost: 7.579183130137131
    efficiency: 0.716177
    discharge_ratio: 0.5
    depth_of_discharge: 1.0
