cost_values:
  wind_capex: 5000.0
  wind_opex: 100
  wind_lifetime: 20
  solar_capex: 1000.0
  solar_opex: 10
  solar_lifetime: 20
  carbon_price: 1.0
timeseries_values:
  load_level: 252142.46085170782
  wind_year: 2010
  solar_year: 2018
  price_year: 2023
  carbon_year: 2023
storage_values:
  CAES:
    cost: 51.2517
    lifetime: 22.812
    annual_cost: 2.2466991057338244
    efficiency: 0.561079
    discharge_ratio: 0.1
    depth_of_discharge: 0.4
  Li-ion:
    cost: 224.367
    lifetime: 17.981
    annual_cost: 12.478004560369277
    efficiency: 0.867686
    discharge_ratio: 2
    depth_of_discharge: 0.9
  Pb-acid:
    cost: 163.666
    lifetime: 9.50232
    annual_cost: 17.2237937682587
    efficiency: 0.729929
    discharge_ratio: 5
    depth_of_discharge: 0.5
  VRBF:
    cost: 203.605
    lifetime: 24.2866
    annual_cost: 8.383429545510692
    efficiency: 0.727311
    discharge_ratio: 0.5
    depth_of_discharge: 1.0
