cost_values:
  wind_capex: 5000.0
  wind_opex: 100
  wind_lifetime: 20
  solar_capex: 1000.0
  solar_opex: 10
  solar_lifetime: 20
  carbon_price: 1.0
timeseries_values:
  load_level: 252142.46085170782
  wind_year: 2010
  solar_year: 2018
  price_year: 2023
  carbon_year: 2023
storage_values:
  CAES:
    cost: 55.6865
    lifetime: 24.0888
    annual_cost: 2.311717478662283
    efficiency: 0.579685
    discharge_ratio: 0.1
    depth_of_discharge: 0.4
  Li-ion:
    cost: 247.509
    lifetime: 21.2684
    annual_cost: 11.637405728686689
    efficiency: 0.856966
    discharge_ratio: 2
    depth_of_discharge: 0.9
  Pb-acid:
    cost: 159.401
    lifetime: 10.528
    annual_cost: 15.140672492401215
    efficiency: 0.736278
    discharge_ratio: 5
    depth_of_discharge: 0.5
  VRBF:
    cost: 162.72
    lifetime: 24.4327
    annual_cost: 6.659927064958027
    efficiency: 0.737378
    discharge_ratio: 0.5
    depth_of_discharge: 1.0
