cost_values:
  wind_capex: 5000.0
  wind_opex: 100
  wind_lifetime: 20
  solar_capex: 1000.0
  solar_opex: 10
  solar_lifetime: 20
  carbon_price: 1.0
timeseries_values:
  load_level: 252142.46085170782
  wind_year: 2010
  solar_year: 2018
  price_year: 2023
  carbon_year: 2023
storage_values:
  CAES:
    cost: 59.2686
    lifetime: 23.31
    annual_cost: 2.542625482625483
    efficiency: 0.558615
    discharge_ratio: 0.1
    depth_of_discharge: 0.4
  Li-ion:
    cost: 242.202
    lifetime: 24.6327
    annual_cost: 9.832539672873862
    efficiency: 0.858923
    discharge_ratio: 2
    depth_of_discharge: 0.9
  Pb-acid:
    cost: 157.842
    lifetime: 9.09361
    annual_cost: 17.35746309771367
    efficiency: 0.729001
    discharge_ratio: 5
    depth_of_discharge: 0.5
  VRBF:
    cost: 198.809
    lifetime: 23.9282
    annual_cost: 8.308564789662407
    efficiency: 0.746786
    discharge_ratio: 0.5
    depth_of_discharge: 1.0
