cost_values:
  wind_capex: 5000.0
  wind_opex: 100
  wind_lifetime: 20
  solar_capex: 1000.0
  solar_opex: 10
  solar_lifetime: 20
  carbon_price: 1.0
timeseries_values:
  load_level: 252142.46085170782
  wind_year: 2010
  solar_year: 2018
  price_year: 2023
  carbon_year: 2023
storage_values:
  CAES:
    cost: 40.8274
    lifetime: 23.3814
    annual_cost: 1.7461486480706887
    efficiency: 0.56944
    discharge_ratio: 0.1
    depth_of_discharge: 0.4
  Li-ion:
    cost: 231.742
    lifetime: 22.049
    annual_cost: 10.510317928250714
    efficiency: 0.85856
    discharge_ratio: 2
    depth_of_discharge: 0.9
  Pb-acid:
    cost: 146.368
    lifetime: 11.5299
    annual_cost: 12.694646094068466
    efficiency: 0.731411
    discharge_ratio: 5
    depth_of_discharge: 0.5
  VRBF:
    cost: 188.74
    lifetime: 23.8371
    annual_cost: 7.917909477243457
    efficiency: 0.737067
    discharge_ratio: 0.5
    depth_of_discharge: 1.0
