cost_values:
  wind_capex: 5000.0
  wind_opex: 100
  wind_lifetime: 20
  solar_capex: 1000.0
  solar_opex: 10
  solar_lifetime: 20
  carbon_price: 1.0
timeseries_values:
  load_level: 252142.46085170782
  wind_year: 2010
  solar_year: 2018
  price_year: 2023
  carbon_year: 2023
storage_values:
  CAES:
    cost: 44.0752
    lifetime: 24.6121
    annual_cost: 1.7907939590689133
    efficiency: 0.556473
    discharge_ratio: 0.1
    depth_of_discharge: 0.4
  Li-ion:
    cost: 245.033
    lifetime: 21.0165
    annual_cost: 11.659077391573287
    efficiency: 0.852925
    discharge_ratio: 2
    depth_of_discharge: 0.9
  Pb-acid:
    cost: 135.812
    lifetime: 9.89922
    annual_cost: 13.719464765910852
    efficiency: 0.752039
    discharge_ratio: 5
    depth_of_discharge: 0.5
  VRBF:
    cost: 188.112
    lifetime: 21.7463
    annual_cost: 8.65029913134648
    efficiency: 0.721677
    discharge_ratio: 0.5
    depth_of_discharge: 1.0
