cost_values:
  wind_capex: 5000.0
  wind_opex: 100
  wind_lifetime: 20
  solar_capex: 1000.0
  solar_opex: 10
  solar_lifetime: 20
  carbon_price: 1.0
timeseries_values:
  load_level: 252142.46085170782
  wind_year: 2010
  solar_year: 2018
  price_year: 2023
  carbon_year: 2023
storage_values:
  CAES:
    cost: 55.8375
    lifetime: 23.2339
    annual_cost: 2.4032771080188864
    efficiency: 0.562393
    discharge_ratio: 0.1
    depth_of_discharge: 0.4
  Li-ion:
    cost: 239.601
    lifetime: 23.2754
    annual_cost: 10.29417324729113
    efficiency: 0.858994
    discharge_ratio: 2
    depth_of_discharge: 0.9
  Pb-acid:
    cost: 135.595
    lifetime: 9.70248
    annual_cost: 13.975292914801164
    efficiency: 0.714365
    discharge_ratio: 5
    depth_of_discharge: 0.5
  VRBF:
    cost: 194.539
    lifetime: 24.8106
    annual_cost: 7.840963136723819
    efficiency: 0.732974
    discharge_ratio: 0.5
    depth_of_discharge: 1.0
