cost_values:
  wind_capex: 5000.0
  wind_opex: 100
  wind_lifetime: 20
  solar_capex: 1000.0
  solar_opex: 10
  solar_lifetime: 20
  carbon_price: 1.0
timeseries_values:
  load_level: 252142.46085170782
  wind_year: 2010
  solar_year: 2018
  price_year: 2023
  carbon_year: 2023
storage_values:
  CAES:
    cost: 44.5982
    lifetime: 24.0635
    annual_cost: 1.8533546657801232
    efficiency: 0.570485
    discharge_ratio: 0.1
    depth_of_discharge: 0.4
  Li-ion:
    cost: 220.428
    lifetime: 22.2693
    annual_cost: 9.898290471635839
    efficiency: 0.861052
    discharge_ratio: 2
    depth_of_discharge: 0.9
  Pb-acid:
    cost: 153.416
    lifetime: 11.001
    annual_cost: 13.94564130533588
    efficiency: 0.714376
    discharge_ratio: 5
    depth_of_discharge: 0.5
  VRBF:
    cost: 193.223
    lifetime: 24.5044
    annual_cost: 7.885236937039879
    efficiency: 0.755799
    discharge_ratio: 0.5
    depth_of_discharge: 1.0
