cost_values:
  wind_capex: 5000.0
  wind_opex: 100
  wind_lifetime: 20
  solar_capex: 1000.0
  solar_opex: 10
  solar_lifetime: 20
  carbon_price: 1.0
timeseries_values:
  load_level: 252142.46085170782
  wind_year: 2010
  solar_year: 2018
  price_year: 2023
  carbon_year: 2023
storage_values:
  CAES:
    cost: 46.7548
    lifetime: 24.2397
    annual_cost: 1.9288522547721303
    efficiency: 0.560349
    discharge_ratio: 0.1
    depth_of_discharge: 0.4
  Li-ion:
    cost: 222.668
    lifetime: 21.2796
    annual_cost: 10.463918494708548
    efficiency: 0.853288
    discharge_ratio: 2
    depth_of_discharge: 0.9
  Pb-acid:
    cost: 137.602
    lifetime: 11.9544
    annual_cost: 11.510573512681523
    efficiency: 0.730477
    discharge_ratio: 5
    depth_of_discharge: 0.5
  VRBF:
    cost: 171.749
    lifetime: 24.6023
    annual_cost: 6.981013970238555
    efficiency: 0.740012
    discharge_ratio: 0.5
    depth_of_discharge: 1.0
