cost_values:
  wind_capex: 5000.0
  wind_opex: 100
  wind_lifetime: 20
  solar_capex: 1000.0
  solar_opex: 10
  solar_lifetime: 20
  carbon_price: 1.0
timeseries_values:
  load_level: 252142.46085170782
  wind_year: 2010
  solar_year: 2018
  price_year: 2023
  carbon_year: 2023
storage_values:
  CAES:
    cost: 46.7445
    lifetime: 23.7685
    annual_cost: 1.9666575509603048
    efficiency: 0.575566
    discharge_ratio: 0.1
    depth_of_discharge: 0.4
  Li-ion:
    cost: 237.15
    lifetime: 23.0552
    annual_cost: 10.286182726673376
    efficiency: 0.850181
    discharge_ratio: 2
    depth_of_discharge: 0.9
  Pb-acid:
    cost: 134.945
    lifetime: 10.7769
    annual_cost: 12.521689910827789
    efficiency: 0.73951
    discharge_ratio: 5
    depth_of_discharge: 0.5
  VRBF:
    cost: 186.36
    lifetime: 23.62
    annual_cost: 7.889923793395428
    efficiency: 0.730435
    discharge_ratio: 0.5
    depth_of_discharge: 1.0
