cost_values:
  wind_capex: 5000.0
  wind_opex: 100
  wind_lifetime: 20
  solar_capex: 1000.0
  solar_opex: 10
  solar_lifetime: 20
  carbon_price: 1.0
timeseries_values:
  load_level: 252142.46085170782
  wind_year: 2010
  solar_year: 2018
  price_year: 2023
  carbon_year: 2023
storage_values:
  CAES:
    cost: 45.1915
    lifetime: 24.2401
    annual_cost: 1.864328117458261
    efficiency: 0.564154
    discharge_ratio: 0.1
    depth_of_discharge: 0.4
  Li-ion:
    cost: 246.076
    lifetime: 21.284
    annual_cost: 11.56154858109378
    efficiency: 0.866064
    discharge_ratio: 2
    depth_of_discharge: 0.9
  Pb-acid:
    cost: 138.662
    lifetime: 10.6125
    annual_cost: 13.065912838633686
    efficiency: 0.740191
    discharge_ratio: 5
    depth_of_discharge: 0.5
  VRBF:
    cost: 204.881
    lifetime: 25.3943
    annual_cost: 8.067991635918297
    efficiency: 0.756502
    discharge_ratio: 0.5
    depth_of_discharge: 1.0
