cost_values:
  wind_capex: 5000.0
  wind_opex: 100
  wind_lifetime: 20
  solar_capex: 1000.0
  solar_opex: 10
  solar_lifetime: 20
  carbon_price: 1.0
timeseries_values:
  load_level: 252142.46085170782
  wind_year: 2010
  solar_year: 2018
  price_year: 2023
  carbon_year: 2023
storage_values:
  CAES:
    cost: 39.4857
    lifetime: 23.8984
    annual_cost: 1.652231948582332
    efficiency: 0.5581
    discharge_ratio: 0.1
    depth_of_discharge: 0.4
  Li-ion:
    cost: 217.355
    lifetime: 20.5125
    annual_cost: 10.596221815965874
    efficiency: 0.858269
    discharge_ratio: 2
    depth_of_discharge: 0.9
  Pb-acid:
    cost: 149.851
    lifetime: 13.2092
    annual_cost: 11.344441752717803
    efficiency: 0.732178
    discharge_ratio: 5
    depth_of_discharge: 0.5
  VRBF:
    cost: 170.485
    lifetime: 26.0978
    annual_cost: 6.532542972970902
    efficiency: 0.747514
    discharge_ratio: 0.5
    depth_of_discharge: 1.0
