cost_values:
  wind_capex: 5000.0
  wind_opex: 100
  wind_lifetime: 20
  solar_capex: 1000.0
  solar_opex: 10
  solar_lifetime: 20
  carbon_price: 1.0
timeseries_values:
  load_level: 252142.46085170782
  wind_year: 2010
  solar_year: 2018
  price_year: 2023
  carbon_year: 2023
storage_values:
  CAES:
    cost: 46.0625
    lifetime: 24.4128
    annual_cost: 1.8868175711102373
    efficiency: 0.561864
    discharge_ratio: 0.1
    depth_of_discharge: 0.4
  Li-ion:
    cost: 253.329
    lifetime: 22.8668
    annual_cost: 11.078463099340528
    efficiency: 0.8562
    discharge_ratio: 2
    depth_of_discharge: 0.9
  Pb-acid:
    cost: 136.191
    lifetime: 10.055
    annual_cost: 13.544604674291397
    efficiency: 0.725203
    discharge_ratio: 5
    depth_of_discharge: 0.5
  VRBF:
    cost: 178.626
    lifetime: 24.4728
    annual_cost: 7.29896047857213
    efficiency: 0.720452
    discharge_ratio: 0.5
    depth_of_discharge: 1.0
