cost_values:
  wind_capex: 5000.0
  wind_opex: 100
  wind_lifetime: 20
  solar_capex: 1000.0
  solar_opex: 10
  solar_lifetime: 20
  carbon_price: 1.0
timeseries_values:
  load_level: 252142.46085170782
  wind_year: 2010
  solar_year: 2018
  price_year: 2023
  carbon_year: 2023
storage_values:
  CAES:
    cost: 55.1466
    lifetime: 23.4272
    annual_cost: 2.3539560852342576
    efficiency: 0.554932
    discharge_ratio: 0.1
    depth_of_discharge: 0.4
  Li-ion:
    cost: 225.331
    lifetime: 21.8427
    annual_cost: 10.31607814052292
    efficiency: 0.850801
    discharge_ratio: 2
    depth_of_discharge: 0.9
  Pb-acid:
    cost: 128.787
    lifetime: 9.84505
    annual_cost: 13.081396234655994
    efficiency: 0.736315
    discharge_ratio: 5
    depth_of_discharge: 0.5
  VRBF:
    cost: 186.124
    lifetime: 24.1759
    annual_cost: 7.698741308493169
    efficiency: 0.747684
    discharge_ratio: 0.5
    depth_of_discharge: 1.0
