cost_values:
  wind_capex: 5000.0
  wind_opex: 100
  wind_lifetime: 20
  solar_capex: 1000.0
  solar_opex: 10
  solar_lifetime: 20
  carbon_price: 1.0
timeseries_values:
  load_level: 252142.46085170782
  wind_year: 2010
  solar_year: 2018
  price_year: 2023
  carbon_year: 2023
storage_values:
  CAES:
    cost: 46.9047
    lifetime: 23.9136
    annual_cost: 1.9614236250501806
    efficiency: 0.559088
    discharge_ratio: 0.1
    depth_of_discharge: 0.4
  Li-ion:
    cost: 225.058
    lifetime: 23.6695
    annual_cost: 9.508354633600202
    efficiency: 0.864637
    discharge_ratio: 2
    depth_of_discharge: 0.9
  Pb-acid:
    cost: 132.395
    lifetime: 9.19274
    annual_cost: 14.402126025537545
    efficiency: 0.718548
    discharge_ratio: 5
    depth_of_discharge: 0.5
  VRBF:
    cost: 207.219
    lifetime: 22.7698
    annual_cost: 9.100606944285852
    efficiency: 0.732479
    discharge_ratio: 0.5
    depth_of_discharge: 1.0
