cost_values:
  wind_capex: 5000.0
  wind_opex: 100
  wind_lifetime: 20
  solar_capex: 1000.0
  solar_opex: 10
  solar_lifetime: 20
  carbon_price: 1.0
timeseries_values:
  load_level: 252142.46085170782
  wind_year: 2010
  solar_year: 2018
  price_year: 2023
  carbon_year: 2023
storage_values:
  CAES:
    cost: 48.5996
    lifetime: 25.0562
    annual_cost: 1.9396237258642572
    efficiency: 0.553277
    discharge_ratio: 0.1
    depth_of_discharge: 0.4
  Li-ion:
    cost: 238.713
    lifetime: 21.7177
    annual_cost: 10.991633552355912
    efficiency: 0.873322
    discharge_ratio: 2
    depth_of_discharge: 0.9
  Pb-acid:
    cost: 123.207
    lifetime: 10.3931
    annual_cost: 11.854692055305923
    efficiency: 0.730907
    discharge_ratio: 5
    depth_of_discharge: 0.5
  VRBF:
    cost: 203.123
    lifetime: 21.9658
    annual_cost: 9.247238889546475
    efficiency: 0.711872
    discharge_ratio: 0.5
    depth_of_discharge: 1.0
