cost_values:
  wind_capex: 5000.0
  wind_opex: 100
  wind_lifetime: 20
  solar_capex: 1000.0
  solar_opex: 10
  solar_lifetime: 20
  carbon_price: 1.0
timeseries_values:
  load_level: 252142.46085170782
  wind_year: 2010
  solar_year: 2018
  price_year: 2023
  carbon_year: 2023
storage_values:
  CAES:
    cost: 50.5953
    lifetime: 24.4771
    annual_cost: 2.067046341274089
    efficiency: 0.564404
    discharge_ratio: 0.1
    depth_of_discharge: 0.4
  Li-ion:
    cost: 245.078
    lifetime: 22.1002
    annual_cost: 11.089401905865104
    efficiency: 0.858811
    discharge_ratio: 2
    depth_of_discharge: 0.9
  Pb-acid:
    cost: 116.176
    lifetime: 10.8627
    annual_cost: 10.694946928480029
    efficiency: 0.72709
    discharge_ratio: 5
    depth_of_discharge: 0.5
  VRBF:
    cost: 174.504
    lifetime: 22.9323
    annual_cost: 7.609528917727396
    efficiency: 0.715366
    discharge_ratio: 0.5
    depth_of_discharge: 1.0
