cost_values:
  wind_capex: 5000.0
  wind_opex: 100
  wind_lifetime: 20
  solar_capex: 1000.0
  solar_opex: 10
  solar_lifetime: 20
  carbon_price: 1.0
timeseries_values:
  load_level: 252142.46085170782
  wind_year: 2010
  solar_year: 2018
  price_year: 2023
  carbon_year: 2023
storage_values:
  CAES:
    cost: 46.5738
    lifetime: 23.8998
    annual_cost: 1.9487108678733713
    efficiency: 0.568887
    discharge_ratio: 0.1
    depth_of_discharge: 0.4
  Li-ion:
    cost: 224.059
    lifetime: 23.5879
    annual_cost: 9.498895620212057
    efficiency: 0.86353
    discharge_ratio: 2
    depth_of_discharge: 0.9
  Pb-acid:
    cost: 140.843
    lifetime: 10.4124
    annual_cost: 13.526468441473627
    efficiency: 0.730877
    discharge_ratio: 5
    depth_of_discharge: 0.5
  VRBF:
    cost: 209.959
    lifetime: 23.7867
    annual_cost: 8.826739312304776
    efficiency: 0.733248
    discharge_ratio: 0.5
    depth_of_discharge: 1.0
