cost_values:
  wind_capex: 5000.0
  wind_opex: 100
  wind_lifetime: 20
  solar_capex: 1000.0
  solar_opex: 10
  solar_lifetime: 20
  carbon_price: 1.0
timeseries_values:
  load_level: 252142.46085170782
  wind_year: 2010
  solar_year: 2018
  price_year: 2023
  carbon_year: 2023
storage_values:
  CAES:
    cost: 55.8158
    lifetime: 23.193
    annual_cost: 2.406579571422412
    efficiency: 0.558961
    discharge_ratio: 0.1
    depth_of_discharge: 0.4
  Li-ion:
    cost: 239.589
    lifetime: 23.5524
    annual_cost: 10.17259387578336
    efficiency: 0.873087
    discharge_ratio: 2
    depth_of_discharge: 0.9
  Pb-acid:
    cost: 150.865
    lifetime: 10.7336
    annual_cost: 14.055396139226357
    efficiency: 0.717472
    discharge_ratio: 5
    depth_of_discharge: 0.5
  VRBF:
    cost: 199.23
    lifetime: 20.9496
    annual_cost: 9.509966777408637
    efficiency: 0.743735
    discharge_ratio: 0.5
    depth_of_discharge: 1.0
