cost_values:
  wind_capex: 5000.0
  wind_opex: 100
  wind_lifetime: 20
  solar_capex: 1000.0
  solar_opex: 10
  solar_lifetime: 20
  carbon_price: 1.0
timeseries_values:
  load_level: 252142.46085170782
  wind_year: 2010
  solar_year: 2018
  price_year: 2023
  carbon_year: 2023
storage_values:
  CAES:
    cost: 46.3449
    lifetime: 23.3824
    annual_cost: 1.9820420487204051
    efficiency: 0.561508
    discharge_ratio: 0.1
    depth_of_discharge: 0.4
  Li-ion:
    cost: 241.837
    lifetime: 24.4481
    annual_cost: 9.891852536597936
    efficiency: 0.867022
    discharge_ratio: 2
    depth_of_discharge: 0.9
  Pb-acid:
    cost: 142.699
    lifetime: 8.84531
    annual_cost: 16.132730226526828
    efficiency: 0.738167
    discharge_ratio: 5
    depth_of_discharge: 0.5
  VRBF:
    cost: 199.288
    lifetime: 26.428
    annual_cost: 7.540790071136674
    efficiency: 0.717118
    discharge_ratio: 0.5
    depth_of_discharge: 1.0
