cost_values:
  wind_capex: 5000.0
  wind_opex: 100
  wind_lifetime: 20
  solar_capex: 1000.0
  solar_opex: 10
  solar_lifetime: 20
  carbon_price: 1.0
timeseries_values:
  load_level: 252142.46085170782
  wind_year: 2010
  solar_year: 2018
  price_year: 2023
  carbon_year: 2023
storage_values:
  CAES:
    cost: 50.8793
    lifetime: 24.0208
    annual_cost: 2.1181351162325983
    efficiency: 0.55948
    discharge_ratio: 0.1
    depth_of_discharge: 0.4
  Li-ion:
    cost: 223.5
    lifetime: 23.1805
    annual_cost: 9.64172472552361
    efficiency: 0.851762
    discharge_ratio: 2
    depth_of_discharge: 0.9
  Pb-acid:
    cost: 131.237
    lifetime: 9.26702
    annual_cost: 14.161726207561868
    efficiency: 0.751322
    discharge_ratio: 5
    depth_of_discharge: 0.5
  VRBF:
    cost: 207.881
    lifetime: 24.2292
    annual_cost: 8.57977151536163
    efficiency: 0.750244
    discharge_ratio: 0.5
    depth_of_discharge: 1.0
